event_key,entry_ts_norm,source_stage,source_file,family,candidate_name,net_x1,net_x4,net_x6,label_win_x4,label_win_x6,label_strong_win_x4,label_bad_loss_x4,sample_weight_abs_net_x4,prior_day_range,asia_range,asia_eff,london_range,london_eff,h1_range,h1_atr20,h1_atr20_pct_rank_250,direction_num,prior_day_aligned,london_aligned,entry_hour,dow,month,year
2022-05-02 13:01:00+00:00|-1.0|S23B_B_pb0.1_eff0.60_h180_tp0.6_sl0.65,2022-05-02 13:01:00+00:00,STAGE25C,data/reports/stage25c_deduped_filter_validation/stage25c_enriched_canonical_trades.csv,london_oneway_continuation,S23B_B_pb0.1_eff0.60_h180_tp0.6_sl0.65,2.52723,1.47723,0.7772300000000003,1,1,1,0,1.47723,3.710000000000037,15.569999999999936,0.6056518946692423,11.819999999999936,0.6607445008460227,4.489999999999782,,,-1.0,0.0,1.0,13,0,5.0,2022
2022-05-09 13:01:00+00:00|-1.0|S23B_B_pb0.1_eff0.60_h180_tp0.6_sl0.65,2022-05-09 13:01:00+00:00,STAGE25C,data/reports/stage25c_deduped_filter_validation/stage25c_enriched_canonical_trades.csv,london_oneway_continuation,S23B_B_pb0.1_eff0.60_h180_tp0.6_sl0.65,2.45543,1.40543,0.7054300000000002,1,1,1,0,1.40543,5.370000000000118,11.849999999999907,0.5544303797468535,13.889999999999873,0.8135349172066441,5.029999999999973,4.75,0.1391304347826087,-1.0,1.0,1.0,13,0,5.0,2022
2022-05-10 13:01:00+00:00|-1.0|S23B_B_pb0.1_eff0.60_h180_tp0.6_sl0.65,2022-05-10 13:01:00+00:00,STAGE25C,data/reports/stage25c_deduped_filter_validation/stage25c_enriched_canonical_trades.csv,london_oneway_continuation,S23B_B_pb0.1_eff0.60_h180_tp0.6_sl0.65,-3.03729,-4.087289999999999,-4.78729,0,0,0,1,4.087289999999999,34.0,12.160000000000082,0.9555921052631612,7.910000000000082,0.8520859671302072,6.560000000000173,4.665000000000032,0.10071942446043165,-1.0,1.0,1.0,13,1,5.0,2022
2022-05-25 13:01:00+00:00|-1.0|S23B_B_pb0.1_eff0.60_h180_tp0.6_sl0.65,2022-05-25 13:01:00+00:00,STAGE25C,data/reports/stage25c_deduped_filter_validation/stage25c_enriched_canonical_trades.csv,london_oneway_continuation,S23B_B_pb0.1_eff0.60_h180_tp0.6_sl0.65,1.68314,0.63314,-0.0668599999999997,1,0,1,0,0.63314,20.420000000000076,8.389999999999873,0.4362336114421823,8.199999999999818,0.6987804878048958,3.740000000000009,3.5694999999999824,0.016,-1.0,0.0,1.0,13,2,5.0,2022
2022-06-02 13:01:00+00:00|1.0|S23B_B_pb0.1_eff0.60_h180_tp0.6_sl0.65,2022-06-02 13:01:00+00:00,STAGE25C,data/reports/stage25c_deduped_filter_validation/stage25c_enriched_canonical_trades.csv,london_oneway_continuation,S23B_B_pb0.1_eff0.60_h180_tp0.6_sl0.65,1.291,0.2410000000000001,-0.4589999999999996,1,0,1,0,0.2410000000000001,21.49000000000001,4.849999999999909,0.4659793814433058,10.8599999999999,0.8508287292817767,2.869999999999891,3.276499999999976,0.032,1.0,1.0,1.0,13,3,6.0,2022
2022-06-30 13:01:00+00:00|-1.0|S23B_B_pb0.1_eff0.60_h180_tp0.6_sl0.65,2022-06-30 13:01:00+00:00,STAGE25C,data/reports/stage25c_deduped_filter_validation/stage25c_enriched_canonical_trades.csv,london_oneway_continuation,S23B_B_pb0.1_eff0.60_h180_tp0.6_sl0.65,1.3385699999999998,0.28857,-0.4114299999999997,1,0,1,0,0.28857,20.939999999999827,4.75,0.2168421052631521,6.769999999999982,0.6469719350074034,5.080000000000155,2.8190000000000284,0.036,-1.0,1.0,1.0,13,3,6.0,2022
2022-07-04 13:01:00+00:00|-1.0|S23B_B_pb0.1_eff0.60_h180_tp0.6_sl0.65,2022-07-04 13:01:00+00:00,STAGE25C,data/reports/stage25c_deduped_filter_validation/stage25c_enriched_canonical_trades.csv,london_oneway_continuation,S23B_B_pb0.1_eff0.60_h180_tp0.6_sl0.65,-2.68071,-3.73071,-4.43071,0,0,0,1,3.73071,2.3299999999999272,8.740000000000009,0.1681922196796368,8.240000000000009,0.6844660194174871,3.509999999999991,4.424000000000012,0.624,-1.0,1.0,1.0,13,0,7.0,2022
2022-07-05 13:01:00+00:00|-1.0|S23B_B_pb0.1_eff0.60_h180_tp0.6_sl0.65,2022-07-05 13:01:00+00:00,STAGE25C,data/reports/stage25c_deduped_filter_validation/stage25c_enriched_canonical_trades.csv,london_oneway_continuation,S23B_B_pb0.1_eff0.60_h180_tp0.6_sl0.65,1.492,0.4420000000000001,-0.2579999999999995,1,0,1,0,0.4420000000000001,10.349999999999907,5.660000000000082,0.3021201413427582,11.75,0.6289361702127745,4.990000000000009,2.788499999999999,0.064,-1.0,1.0,1.0,13,1,7.0,2022
2022-07-06 13:01:00+00:00|-1.0|S23B_B_pb0.1_eff0.60_h180_tp0.6_sl0.65,2022-07-06 13:01:00+00:00,STAGE25C,data/reports/stage25c_deduped_filter_validation/stage25c_enriched_canonical_trades.csv,london_oneway_continuation,S23B_B_pb0.1_eff0.60_h180_tp0.6_sl0.65,2.10229,1.0522900000000002,0.3522900000000004,1,1,1,0,1.0522900000000002,48.25,7.059999999999945,0.1713881019830093,8.720000000000027,0.6135321100917569,3.6800000000000637,4.74899999999999,0.7,-1.0,1.0,1.0,13,2,7.0,2022
2022-07-14 13:01:00+00:00|-1.0|S23B_B_pb0.1_eff0.60_h180_tp0.6_sl0.65,2022-07-14 13:01:00+00:00,STAGE25C,data/reports/stage25c_deduped_filter_validation/stage25c_enriched_canonical_trades.csv,london_oneway_continuation,S23B_B_pb0.1_eff0.60_h180_tp0.6_sl0.65,2.467,1.4170000000000005,0.7170000000000005,1,1,1,0,1.4170000000000005,38.04999999999996,10.920000000000073,0.212454212454226,20.029999999999973,0.7688467299051365,5.120000000000118,5.5450000000000275,0.784,-1.0,0.0,1.0,13,3,7.0,2022
2022-07-21 13:01:00+00:00|-1.0|S23B_B_pb0.1_eff0.60_h180_tp0.6_sl0.65,2022-07-21 13:01:00+00:00,STAGE25C,data/reports/stage25c_deduped_filter_validation/stage25c_enriched_canonical_trades.csv,london_oneway_continuation,S23B_B_pb0.1_eff0.60_h180_tp0.6_sl0.65,1.90343,0.8534299999999999,0.1534300000000001,1,1,1,0,0.8534299999999999,21.980000000000015,7.3400000000001455,0.5953678474114175,11.529999999999973,0.6131830008673184,4.2199999999998,3.8129999999999766,0.292,-1.0,1.0,1.0,13,3,7.0,2022
2022-08-05 13:01:00+00:00|-1.0|S23B_B_pb0.1_eff0.60_h180_tp0.6_sl0.65,2022-08-05 13:01:00+00:00,STAGE25C,data/reports/stage25c_deduped_filter_validation/stage25c_enriched_canonical_trades.csv,london_oneway_continuation,S23B_B_pb0.1_eff0.60_h180_tp0.6_sl0.65,1.5442900000000002,0.4942900000000001,-0.2057099999999996,1,0,1,0,0.4942900000000001,31.680000000000064,6.100000000000136,0.1918032786885322,7.569999999999936,0.7384412153236414,2.730000000000018,3.4200000000000386,0.088,-1.0,0.0,1.0,13,4,8.0,2022
2022-08-11 13:01:00+00:00|1.0|S23B_B_pb0.1_eff0.60_h180_tp0.6_sl0.65,2022-08-11 13:01:00+00:00,STAGE25C,data/reports/stage25c_deduped_filter_validation/stage25c_enriched_canonical_trades.csv,london_oneway_continuation,S23B_B_pb0.1_eff0.60_h180_tp0.6_sl0.65,1.3891399999999998,0.33914,-0.3608599999999997,1,0,1,0,0.33914,20.269999999999985,8.3900000000001,0.6376638855780506,6.789999999999964,0.6465390279823117,2.560000000000173,3.3920000000000186,0.12,1.0,0.0,1.0,13,3,8.0,2022
2022-08-15 13:01:00+00:00|-1.0|S23B_B_pb0.1_eff0.60_h180_tp0.6_sl0.65,2022-08-15 13:01:00+00:00,STAGE25C,data/reports/stage25c_deduped_filter_validation/stage25c_enriched_canonical_trades.csv,london_oneway_continuation,S23B_B_pb0.1_eff0.60_h180_tp0.6_sl0.65,1.82157,0.7715700000000001,0.0715700000000003,1,1,1,0,0.7715700000000001,2.5799999999999272,8.339999999999918,0.5851318944844313,17.659999999999854,0.8969422423556086,6.709999999999809,3.6345000000000027,0.24,-1.0,1.0,1.0,13,0,8.0,2022
2022-08-18 13:01:00+00:00|1.0|S23B_B_pb0.1_eff0.60_h180_tp0.6_sl0.65,2022-08-18 13:01:00+00:00,STAGE25C,data/reports/stage25c_deduped_filter_validation/stage25c_enriched_canonical_trades.csv,london_oneway_continuation,S23B_B_pb0.1_eff0.60_h180_tp0.6_sl0.65,1.2215699999999998,0.17157,-0.5284299999999997,1,0,1,0,0.17157,22.449999999999815,5.760000000000218,0.0329861111111193,8.139999999999873,0.7960687960688108,3.6799999999998363,3.254999999999984,0.184,1.0,0.0,1.0,13,3,8.0,2022
2022-08-22 13:01:00+00:00|-1.0|S23B_B_pb0.1_eff0.60_h180_tp0.6_sl0.65,2022-08-22 13:01:00+00:00,STAGE25C,data/reports/stage25c_deduped_filter_validation/stage25c_enriched_canonical_trades.csv,london_oneway_continuation,S23B_B_pb0.1_eff0.60_h180_tp0.6_sl0.65,1.582,0.532,-0.1679999999999997,1,0,1,0,0.532,3.1100000000001278,4.170000000000073,0.1726618705036006,14.790000000000193,0.6112237998647632,6.769999999999982,3.265499999999997,0.232,-1.0,0.0,1.0,13,0,8.0,2022
2022-08-26 13:01:00+00:00|-1.0|S23B_B_pb0.1_eff0.60_h180_tp0.6_sl0.65,2022-08-26 13:01:00+00:00,STAGE25C,data/reports/stage25c_deduped_filter_validation/stage25c_enriched_canonical_trades.csv,london_oneway_continuation,S23B_B_pb0.1_eff0.60_h180_tp0.6_sl0.65,1.3119999999999998,0.262,-0.4379999999999997,1,0,1,0,0.262,15.519999999999982,6.579999999999927,0.0364741641337403,9.5,0.804210526315776,3.2200000000000273,2.849499999999955,0.044,-1.0,0.0,1.0,13,4,8.0,2022
2022-09-13 13:01:00+00:00|1.0|S23B_B_pb0.1_eff0.60_h180_tp0.6_sl0.65,2022-09-13 13:01:00+00:00,STAGE25C,data/reports/stage25c_deduped_filter_validation/stage25c_enriched_canonical_trades.csv,london_oneway_continuation,S23B_B_pb0.1_eff0.60_h180_tp0.6_sl0.65,-2.24521,-3.29521,-3.99521,0,0,0,1,3.29521,23.170000000000076,6.830000000000155,0.5710102489019038,8.160000000000082,0.6580882352940977,3.130000000000109,3.321000000000015,0.164,1.0,1.0,1.0,13,1,9.0,2022
2022-09-20 13:01:00+00:00|-1.0|S23B_B_pb0.1_eff0.60_h180_tp0.6_sl0.65,2022-09-20 13:01:00+00:00,STAGE25C,data/reports/stage25c_deduped_filter_validation/stage25c_enriched_canonical_trades.csv,london_oneway_continuation,S23B_B_pb0.1_eff0.60_h180_tp0.6_sl0.65,-2.39564,-3.44564,-4.14564,0,0,0,1,3.44564,20.230000000000015,6.029999999999973,0.2338308457711212,10.629999999999882,0.8701787394167547,3.6799999999998363,3.3575000000000044,0.092,-1.0,1.0,1.0,13,1,9.0,2022
2022-09-21 13:01:00+00:00|1.0|S23B_B_pb0.1_eff0.60_h180_tp0.6_sl0.65,2022-09-21 13:01:00+00:00,STAGE25C,data/reports/stage25c_deduped_filter_validation/stage25c_enriched_canonical_trades.csv,london_oneway_continuation,S23B_B_pb0.1_eff0.60_h180_tp0.6_sl0.65,1.58243,0.5324300000000002,-0.1675699999999995,1,0,1,0,0.5324300000000002,19.49000000000001,4.599999999999909,0.3130434782608381,14.440000000000056,0.6606648199445934,3.990000000000009,3.2250000000000227,0.048,1.0,0.0,1.0,13,2,9.0,2022
2022-10-10 13:01:00+00:00|-1.0|S23B_B_pb0.1_eff0.60_h180_tp0.6_sl0.65,2022-10-10 13:01:00+00:00,STAGE25C,data/reports/stage25c_deduped_filter_validation/stage25c_enriched_canonical_trades.csv,london_oneway_continuation,S23B_B_pb0.1_eff0.60_h180_tp0.6_sl0.65,2.24671,1.19671,0.4967100000000002,1,1,1,0,1.19671,4.789999999999964,12.700000000000044,0.6787401574803039,11.519999999999982,0.7282986111111209,6.5,4.689999999999964,0.344,-1.0,0.0,1.0,13,0,10.0,2022
2022-10-17 13:01:00+00:00|1.0|S23B_B_pb0.1_eff0.60_h180_tp0.6_sl0.65,2022-10-17 13:01:00+00:00,STAGE25C,data/reports/stage25c_deduped_filter_validation/stage25c_enriched_canonical_trades.csv,london_oneway_continuation,S23B_B_pb0.1_eff0.60_h180_tp0.6_sl0.65,2.07743,1.0274300000000005,0.3274300000000005,1,1,1,0,1.0274300000000005,4.039999999999964,9.529999999999973,0.4952780692549885,9.61999999999989,0.7079002079002102,3.3799999999998818,4.3639999999999874,0.228,1.0,1.0,1.0,13,0,10.0,2022
2022-10-19 13:01:00+00:00|-1.0|S23B_B_pb0.1_eff0.60_h180_tp0.6_sl0.65,2022-10-19 13:01:00+00:00,STAGE25C,data/reports/stage25c_deduped_filter_validation/stage25c_enriched_canonical_trades.csv,london_oneway_continuation,S23B_B_pb0.1_eff0.60_h180_tp0.6_sl0.65,2.08129,1.0312900000000005,0.3312900000000005,1,1,1,0,1.0312900000000005,15.049999999999956,5.379999999999882,0.6189591078067338,11.819999999999936,0.6142131979695457,3.0499999999999545,3.871999999999969,0.1,-1.0,0.0,1.0,13,2,10.0,2022
2022-11-01 13:01:00+00:00|1.0|S23B_B_pb0.1_eff0.60_h180_tp0.6_sl0.65,2022-11-01 13:01:00+00:00,STAGE25C,data/reports/stage25c_deduped_filter_validation/stage25c_enriched_canonical_trades.csv,london_oneway_continuation,S23B_B_pb0.1_eff0.60_h180_tp0.6_sl0.65,2.04143,0.9914300000000004,0.2914300000000005,1,1,1,0,0.9914300000000004,13.779999999999973,9.440000000000056,0.5889830508474484,15.150000000000093,0.8686468646864538,2.990000000000009,3.5405000000000313,0.048,1.0,0.0,1.0,13,1,11.0,2022
2022-11-02 13:01:00+00:00|1.0|S23B_B_pb0.1_eff0.60_h180_tp0.6_sl0.65,2022-11-02 13:01:00+00:00,STAGE25C,data/reports/stage25c_deduped_filter_validation/stage25c_enriched_canonical_trades.csv,london_oneway_continuation,S23B_B_pb0.1_eff0.60_h180_tp0.6_sl0.65,1.42471,0.3747100000000001,-0.3252899999999996,1,0,1,0,0.3747100000000001,26.399999999999864,7.350000000000136,0.3129251700680152,7.3599999999999,0.6983695652174144,2.589999999999918,3.285499999999968,0.004,1.0,1.0,1.0,13,2,11.0,2022
2022-11-28 13:01:00+00:00|1.0|S23B_B_pb0.1_eff0.60_h180_tp0.6_sl0.65,2022-11-28 13:01:00+00:00,STAGE25C,data/reports/stage25c_deduped_filter_validation/stage25c_enriched_canonical_trades.csv,london_oneway_continuation,S23B_B_pb0.1_eff0.60_h180_tp0.6_sl0.65,-3.19746,-4.24746,-4.94746,0,0,0,1,4.24746,5.539999999999964,9.789999999999964,0.0623084780388051,15.220000000000027,0.6005256241787177,3.259999999999991,4.301499999999976,0.632,1.0,0.0,1.0,13,0,11.0,2022
2022-12-23 13:01:00+00:00|1.0|S23B_B_pb0.1_eff0.60_h180_tp0.6_sl0.65,2022-12-23 13:01:00+00:00,STAGE25C,data/reports/stage25c_deduped_filter_validation/stage25c_enriched_canonical_trades.csv,london_oneway_continuation,S23B_B_pb0.1_eff0.60_h180_tp0.6_sl0.65,-2.00425,-3.05425,-3.75425,0,0,0,0,3.05425,35.58999999999992,4.270000000000209,0.3325526932084316,4.830000000000155,0.780538302277404,2.2799999999999727,3.41850000000004,0.24,1.0,0.0,1.0,13,4,12.0,2022
2023-01-26 13:01:00+00:00|-1.0|S23B_B_pb0.1_eff0.60_h180_tp0.6_sl0.65,2023-01-26 13:01:00+00:00,STAGE25C,data/reports/stage25c_deduped_filter_validation/stage25c_enriched_canonical_trades.csv,london_oneway_continuation,S23B_B_pb0.1_eff0.60_h180_tp0.6_sl0.65,2.09714,1.0471400000000002,0.3471400000000004,1,1,1,0,1.0471400000000002,28.65999999999985,6.610000000000127,0.2632375189107376,15.129999999999882,0.6549900859220198,2.0299999999999727,4.674000000000001,0.468,-1.0,0.0,1.0,13,3,1.0,2023
2023-01-27 13:01:00+00:00|1.0|S23B_B_pb0.1_eff0.60_h180_tp0.6_sl0.65,2023-01-27 13:01:00+00:00,STAGE25C,data/reports/stage25c_deduped_filter_validation/stage25c_enriched_canonical_trades.csv,london_oneway_continuation,S23B_B_pb0.1_eff0.60_h180_tp0.6_sl0.65,1.91414,0.8641399999999999,0.1641400000000001,1,1,1,0,0.8641399999999999,30.470000000000027,15.069999999999936,0.6084936960849444,7.829999999999927,0.8735632183908023,3.990000000000009,4.602999999999975,0.368,1.0,0.0,1.0,13,4,1.0,2023
2023-02-15 13:01:00+00:00|-1.0|S23B_B_pb0.1_eff0.60_h180_tp0.6_sl0.65,2023-02-15 13:01:00+00:00,STAGE25C,data/reports/stage25c_deduped_filter_validation/stage25c_enriched_canonical_trades.csv,london_oneway_continuation,S23B_B_pb0.1_eff0.60_h180_tp0.6_sl0.65,2.15543,1.10543,0.4054300000000004,1,1,1,0,1.10543,27.169999999999845,13.559999999999944,0.5243362831858355,16.019999999999982,0.7771535580524381,3.9500000000000455,5.293000000000006,0.48,-1.0,0.0,1.0,13,2,2.0,2023
2023-03-01 13:01:00+00:00|1.0|S23B_B_pb0.1_eff0.60_h180_tp0.6_sl0.65,2023-03-01 13:01:00+00:00,STAGE25C,data/reports/stage25c_deduped_filter_validation/stage25c_enriched_canonical_trades.csv,london_oneway_continuation,S23B_B_pb0.1_eff0.60_h180_tp0.6_sl0.65,1.89657,0.8465700000000003,0.1465700000000005,1,1,1,0,0.8465700000000003,26.559999999999945,8.710000000000036,0.5051664753157373,8.179999999999836,0.6002444987775003,4.190000000000055,3.8149999999999524,0.38,1.0,1.0,1.0,13,2,3.0,2023
2023-03-03 13:01:00+00:00|1.0|S23B_B_pb0.1_eff0.60_h180_tp0.6_sl0.65,2023-03-03 13:01:00+00:00,STAGE25C,data/reports/stage25c_deduped_filter_validation/stage25c_enriched_canonical_trades.csv,london_oneway_continuation,S23B_B_pb0.1_eff0.60_h180_tp0.6_sl0.65,1.282,0.2319999999999999,-0.4679999999999997,1,0,1,0,0.2319999999999999,8.949999999999818,6.009999999999991,0.0981697171381275,9.990000000000007,0.8508508508508501,2.650000000000091,2.942999999999995,0.076,1.0,1.0,1.0,13,4,3.0,2023
2023-03-16 13:01:00+00:00|1.0|S23B_B_pb0.1_eff0.60_h180_tp0.6_sl0.65,2023-03-16 13:01:00+00:00,STAGE25C,data/reports/stage25c_deduped_filter_validation/stage25c_enriched_canonical_trades.csv,london_oneway_continuation,S23B_B_pb0.1_eff0.60_h180_tp0.6_sl0.65,2.95686,1.90686,1.2068600000000005,1,1,1,0,1.90686,51.57999999999993,16.930000000000064,0.2445363260484397,10.720000000000027,0.868470149253724,4.350000000000136,6.749499999999989,0.788,1.0,1.0,1.0,13,3,3.0,2023
2023-03-21 13:01:00+00:00|-1.0|S23B_B_pb0.1_eff0.60_h180_tp0.6_sl0.65,2023-03-21 13:01:00+00:00,STAGE25C,data/reports/stage25c_deduped_filter_validation/stage25c_enriched_canonical_trades.csv,london_oneway_continuation,S23B_B_pb0.1_eff0.60_h180_tp0.6_sl0.65,2.67443,1.6244300000000005,0.9244300000000004,1,1,1,0,1.6244300000000005,43.950000000000045,9.779999999999973,0.3374233128834318,20.310000000000173,0.6233382570162357,5.069999999999936,5.340999999999974,0.44,-1.0,1.0,1.0,13,1,3.0,2023
2023-03-27 13:01:00+00:00|-1.0|S23B_B_pb0.1_eff0.60_h180_tp0.6_sl0.65,2023-03-27 13:01:00+00:00,STAGE25C,data/reports/stage25c_deduped_filter_validation/stage25c_enriched_canonical_trades.csv,london_oneway_continuation,S23B_B_pb0.1_eff0.60_h180_tp0.6_sl0.65,3.09229,2.04229,1.3422900000000002,1,1,1,0,2.04229,10.569999999999936,10.569999999999936,0.0747398297067141,19.519999999999985,0.9508196721311456,12.740000000000009,6.0490000000000235,0.288,-1.0,1.0,1.0,13,0,3.0,2023
2023-03-30 13:01:00+00:00|1.0|S23B_B_pb0.1_eff0.60_h180_tp0.6_sl0.65,2023-03-30 13:01:00+00:00,STAGE25C,data/reports/stage25c_deduped_filter_validation/stage25c_enriched_canonical_trades.csv,london_oneway_continuation,S23B_B_pb0.1_eff0.60_h180_tp0.6_sl0.65,1.71957,0.6695700000000002,-0.0304299999999995,1,0,1,0,0.6695700000000002,15.759999999999993,9.539999999999964,0.4947589098532542,12.559999999999944,0.6162420382165639,1.6600000000000819,4.042999999999973,0.048,1.0,0.0,1.0,13,3,3.0,2023
2023-04-03 13:01:00+00:00|1.0|S23B_B_pb0.1_eff0.60_h180_tp0.6_sl0.65,2023-04-03 13:01:00+00:00,STAGE25C,data/reports/stage25c_deduped_filter_validation/stage25c_enriched_canonical_trades.csv,london_oneway_continuation,S23B_B_pb0.1_eff0.60_h180_tp0.6_sl0.65,3.166,2.116,1.4160000000000004,1,1,1,0,2.116,12.190000000000056,22.549999999999955,0.4736141906873652,16.539999999999964,0.8657799274486074,3.9400000000000546,6.254499999999996,0.552,1.0,0.0,1.0,13,0,4.0,2023
2023-04-13 13:01:00+00:00|1.0|S23B_B_pb0.1_eff0.60_h180_tp0.6_sl0.65,2023-04-13 13:01:00+00:00,STAGE25C,data/reports/stage25c_deduped_filter_validation/stage25c_enriched_canonical_trades.csv,london_oneway_continuation,S23B_B_pb0.1_eff0.60_h180_tp0.6_sl0.65,1.72643,0.6764300000000003,-0.0235699999999994,1,0,1,0,0.6764300000000003,27.13000000000011,6.1400000000001,0.3697068403908705,13.950000000000044,0.6566308243727635,2.9199999999998454,4.161999999999978,0.308,1.0,1.0,1.0,13,3,4.0,2023
2023-04-26 13:01:00+00:00|1.0|S23B_B_pb0.1_eff0.60_h180_tp0.6_sl0.65,2023-04-26 13:01:00+00:00,STAGE25C,data/reports/stage25c_deduped_filter_validation/stage25c_enriched_canonical_trades.csv,london_oneway_continuation,S23B_B_pb0.1_eff0.60_h180_tp0.6_sl0.65,-2.66121,-3.71121,-4.41121,0,0,0,1,3.71121,27.71000000000004,9.230000000000018,0.3781148429035755,6.069999999999936,0.7726523887973812,3.119999999999891,4.515499999999986,0.262,1.0,1.0,1.0,13,2,4.0,2023
2023-05-30 13:01:00+00:00|1.0|S23B_B_pb0.1_eff0.60_h180_tp0.6_sl0.65,2023-05-30 13:01:00+00:00,STAGE25C,data/reports/stage25c_deduped_filter_validation/stage25c_enriched_canonical_trades.csv,london_oneway_continuation,S23B_B_pb0.1_eff0.60_h180_tp0.6_sl0.65,2.20129,1.15129,0.4512900000000002,1,1,1,0,1.15129,9.490000000000007,7.379999999999882,0.4878048780488068,21.039999999999964,0.6416349809885943,10.600000000000136,3.56099999999999,0.18,1.0,0.0,1.0,13,1,5.0,2023
2023-06-12 13:01:00+00:00|1.0|S23B_B_pb0.1_eff0.60_h180_tp0.6_sl0.65,2023-06-12 13:01:00+00:00,STAGE25C,data/reports/stage25c_deduped_filter_validation/stage25c_enriched_canonical_trades.csv,london_oneway_continuation,S23B_B_pb0.1_eff0.60_h180_tp0.6_sl0.65,-2.30604,-3.35604,-4.056039999999999,0,0,0,1,3.35604,1.740000000000009,6.239999999999782,0.068910256410269,9.049999999999956,0.7502762430939224,1.9400000000000546,3.109499999999957,0.148,1.0,0.0,1.0,13,0,6.0,2023
2023-06-27 13:01:00+00:00|-1.0|S23B_B_pb0.1_eff0.60_h180_tp0.6_sl0.65,2023-06-27 13:01:00+00:00,STAGE25C,data/reports/stage25c_deduped_filter_validation/stage25c_enriched_canonical_trades.csv,london_oneway_continuation,S23B_B_pb0.1_eff0.60_h180_tp0.6_sl0.65,1.42557,0.3755700000000002,-0.3244299999999995,1,0,1,0,0.3755700000000002,11.819999999999936,9.349999999999907,0.4064171122994643,5.9500000000000455,0.724369747899145,1.9800000000000182,3.00150000000001,0.12,-1.0,1.0,1.0,13,1,6.0,2023
2023-07-04 13:01:00+00:00|1.0|S23B_B_pb0.1_eff0.60_h180_tp0.6_sl0.65,2023-07-04 13:01:00+00:00,STAGE25C,data/reports/stage25c_deduped_filter_validation/stage25c_enriched_canonical_trades.csv,london_oneway_continuation,S23B_B_pb0.1_eff0.60_h180_tp0.6_sl0.65,-1.66207,-2.71207,-3.41207,0,0,0,0,2.71207,20.950000000000045,3.6399999999998727,0.4807692307692476,7.9099999999998545,0.8609355246523765,2.1099999999999,2.3639999999999874,0.004,1.0,1.0,1.0,13,1,7.0,2023
2023-07-17 13:01:00+00:00|1.0|S23B_B_pb0.1_eff0.60_h180_tp0.6_sl0.65,2023-07-17 13:01:00+00:00,STAGE25C,data/reports/stage25c_deduped_filter_validation/stage25c_enriched_canonical_trades.csv,london_oneway_continuation,S23B_B_pb0.1_eff0.60_h180_tp0.6_sl0.65,-2.57254,-3.62254,-4.32254,0,0,0,1,3.62254,2.8300000000001546,4.990000000000009,0.1923847695390851,8.600000000000136,0.7697674418604666,4.940000000000055,3.5169999999999844,0.536,1.0,0.0,1.0,13,0,7.0,2023
2023-08-09 13:01:00+00:00|-1.0|S23B_B_pb0.1_eff0.60_h180_tp0.6_sl0.65,2023-08-09 13:01:00+00:00,STAGE25C,data/reports/stage25c_deduped_filter_validation/stage25c_enriched_canonical_trades.csv,london_oneway_continuation,S23B_B_pb0.1_eff0.60_h180_tp0.6_sl0.65,1.00771,-0.0422899999999999,-0.7422899999999997,0,0,0,0,0.0422899999999999,15.22999999999979,6.5900000000001455,0.7799696509863409,6.440000000000055,0.6024844720497012,2.4700000000000273,2.55300000000002,0.028,-1.0,1.0,1.0,13,2,8.0,2023
2023-08-22 13:01:00+00:00|1.0|S23B_B_pb0.1_eff0.60_h180_tp0.6_sl0.65,2023-08-22 13:01:00+00:00,STAGE25C,data/reports/stage25c_deduped_filter_validation/stage25c_enriched_canonical_trades.csv,london_oneway_continuation,S23B_B_pb0.1_eff0.60_h180_tp0.6_sl0.65,1.3038600000000002,0.2538600000000002,-0.4461399999999995,1,0,1,0,0.2538600000000002,14.160000000000082,3.6100000000001273,0.2576177285318645,9.980000000000018,0.6863727454909716,4.329999999999927,2.81700000000003,0.224,1.0,1.0,1.0,13,1,8.0,2023
2023-09-27 13:01:00+00:00|-1.0|S23B_B_pb0.1_eff0.60_h180_tp0.6_sl0.65,2023-09-27 13:01:00+00:00,STAGE25C,data/reports/stage25c_deduped_filter_validation/stage25c_enriched_canonical_trades.csv,london_oneway_continuation,S23B_B_pb0.1_eff0.60_h180_tp0.6_sl0.65,1.0767099999999998,0.02671,-0.6732899999999997,1,0,0,0,0.02671,17.690000000000055,4.459999999999809,0.2399103139013922,5.339999999999918,0.8220973782771424,2.0499999999999545,2.484999999999991,0.426,-1.0,1.0,1.0,13,2,9.0,2023
2023-10-17 13:01:00+00:00|1.0|S23B_B_pb0.1_eff0.60_h180_tp0.6_sl0.65,2023-10-17 13:01:00+00:00,STAGE25C,data/reports/stage25c_deduped_filter_validation/stage25c_enriched_canonical_trades.csv,london_oneway_continuation,S23B_B_pb0.1_eff0.60_h180_tp0.6_sl0.65,1.52971,0.4797100000000001,-0.2202899999999996,1,0,1,0,0.4797100000000001,22.09999999999991,9.3599999999999,0.2243589743589913,9.639999999999873,0.6390041493775868,4.919999999999845,3.052499999999975,0.132,1.0,0.0,1.0,13,1,10.0,2023
2023-10-24 13:01:00+00:00|-1.0|S23B_B_pb0.1_eff0.60_h180_tp0.6_sl0.65,2023-10-24 13:01:00+00:00,STAGE25C,data/reports/stage25c_deduped_filter_validation/stage25c_enriched_canonical_trades.csv,london_oneway_continuation,S23B_B_pb0.1_eff0.60_h180_tp0.6_sl0.65,1.94029,0.8902900000000002,0.1902900000000005,1,1,1,0,0.8902900000000002,21.069999999999936,9.460000000000036,0.4069767441860353,14.259999999999993,0.7180925666199169,7.629999999999882,4.0440000000000165,0.432,-1.0,1.0,1.0,13,1,10.0,2023
2023-11-20 13:01:00+00:00|-1.0|S23B_B_pb0.1_eff0.60_h180_tp0.6_sl0.65,2023-11-20 13:01:00+00:00,STAGE25C,data/reports/stage25c_deduped_filter_validation/stage25c_enriched_canonical_trades.csv,london_oneway_continuation,S23B_B_pb0.1_eff0.60_h180_tp0.6_sl0.65,1.97286,0.92286,0.2228600000000002,1,1,1,0,0.92286,4.460000000000036,11.800000000000182,0.5805084745762545,8.240000000000009,0.6638349514563132,4.470000000000027,3.6175000000000184,0.38,-1.0,1.0,1.0,13,0,11.0,2023
2023-11-30 13:01:00+00:00|-1.0|S23B_B_pb0.1_eff0.60_h180_tp0.6_sl0.65,2023-11-30 13:01:00+00:00,STAGE25C,data/reports/stage25c_deduped_filter_validation/stage25c_enriched_canonical_trades.csv,london_oneway_continuation,S23B_B_pb0.1_eff0.60_h180_tp0.6_sl0.65,-2.52054,-3.57054,-4.27054,0,0,0,1,3.57054,16.749999999999773,4.540000000000191,0.0,10.160000000000082,0.6102362204724405,3.759999999999991,3.731000000000063,0.448,-1.0,0.0,1.0,13,3,11.0,2023
2023-12-22 13:01:00+00:00|1.0|S23B_B_pb0.1_eff0.60_h180_tp0.6_sl0.65,2023-12-22 13:01:00+00:00,STAGE25C,data/reports/stage25c_deduped_filter_validation/stage25c_enriched_canonical_trades.csv,london_oneway_continuation,S23B_B_pb0.1_eff0.60_h180_tp0.6_sl0.65,2.09071,1.0407100000000002,0.3407100000000005,1,1,1,0,1.0407100000000002,21.38000000000011,8.6099999999999,0.3716608594657207,10.230000000000018,0.6021505376344377,3.7600000000002183,4.050499999999966,0.436,1.0,1.0,1.0,13,4,12.0,2023
2024-01-03 13:01:00+00:00|-1.0|S23B_B_pb0.1_eff0.60_h180_tp0.6_sl0.65,2024-01-03 13:01:00+00:00,STAGE25C,data/reports/stage25c_deduped_filter_validation/stage25c_enriched_canonical_trades.csv,london_oneway_continuation,S23B_B_pb0.1_eff0.60_h180_tp0.6_sl0.65,1.7452899999999998,0.69529,-0.0047099999999997,1,0,1,0,0.69529,22.88000000000011,7.050000000000182,0.7333333333333247,13.200000000000273,0.7446969696969488,4.5,4.033500000000004,0.54,-1.0,1.0,1.0,13,2,1.0,2024
2024-01-08 13:01:00+00:00|-1.0|S23B_B_pb0.1_eff0.60_h180_tp0.6_sl0.65,2024-01-08 13:01:00+00:00,STAGE25C,data/reports/stage25c_deduped_filter_validation/stage25c_enriched_canonical_trades.csv,london_oneway_continuation,S23B_B_pb0.1_eff0.60_h180_tp0.6_sl0.65,2.30243,1.25243,0.5524300000000002,1,1,1,0,1.25243,2.4299999999998363,11.529999999999973,0.7380745880312238,9.460000000000036,0.8879492600422655,2.519999999999982,4.4464999999999915,0.644,-1.0,0.0,1.0,13,0,1.0,2024
2024-01-16 13:01:00+00:00|-1.0|S23B_B_pb0.1_eff0.60_h180_tp0.6_sl0.65,2024-01-16 13:01:00+00:00,STAGE25C,data/reports/stage25c_deduped_filter_validation/stage25c_enriched_canonical_trades.csv,london_oneway_continuation,S23B_B_pb0.1_eff0.60_h180_tp0.6_sl0.65,1.52629,0.4762900000000001,-0.2237099999999996,1,0,1,0,0.4762900000000001,12.740000000000007,7.170000000000073,0.656903765690375,12.409999999999854,0.6970185334407891,3.1700000000000728,2.9890000000000554,0.068,-1.0,0.0,1.0,13,1,1.0,2024
2024-02-13 13:01:00+00:00|1.0|S23B_B_pb0.1_eff0.60_h180_tp0.6_sl0.65,2024-02-13 13:01:00+00:00,STAGE25C,data/reports/stage25c_deduped_filter_validation/stage25c_enriched_canonical_trades.csv,london_oneway_continuation,S23B_B_pb0.1_eff0.60_h180_tp0.6_sl0.65,0.8144300000000001,-0.2355699999999998,-0.9355699999999996,0,0,0,0,0.2355699999999998,15.639999999999873,4.409999999999855,0.040816326530628,9.190000000000056,0.8476605005440606,1.9500000000000455,2.382499999999993,0.028,1.0,0.0,1.0,13,1,2.0,2024
2024-03-18 13:01:00+00:00|1.0|S23B_B_pb0.1_eff0.60_h180_tp0.6_sl0.65,2024-03-18 13:01:00+00:00,STAGE25C,data/reports/stage25c_deduped_filter_validation/stage25c_enriched_canonical_trades.csv,london_oneway_continuation,S23B_B_pb0.1_eff0.60_h180_tp0.6_sl0.65,1.82286,0.7728600000000001,0.0728600000000003,1,1,1,0,0.7728600000000001,5.369999999999891,11.419999999999618,0.6444833625219242,12.349999999999907,0.8858299595141441,3.8899999999998727,3.7884999999999764,0.128,1.0,1.0,1.0,13,0,3.0,2024
2024-04-03 13:01:00+00:00|-1.0|S23B_B_pb0.1_eff0.60_h180_tp0.6_sl0.65,2024-04-03 13:01:00+00:00,STAGE25C,data/reports/stage25c_deduped_filter_validation/stage25c_enriched_canonical_trades.csv,london_oneway_continuation,S23B_B_pb0.1_eff0.60_h180_tp0.6_sl0.65,3.19814,2.14814,1.4481400000000004,1,1,1,0,2.14814,35.35999999999967,11.590000000000146,0.2812769628990662,19.360000000000127,0.6714876033057807,5.150000000000091,7.227500000000032,0.736,-1.0,0.0,1.0,13,2,4.0,2024
2024-04-05 13:01:00+00:00|1.0|S23B_B_pb0.1_eff0.60_h180_tp0.6_sl0.65,2024-04-05 13:01:00+00:00,STAGE25C,data/reports/stage25c_deduped_filter_validation/stage25c_enriched_canonical_trades.csv,london_oneway_continuation,S23B_B_pb0.1_eff0.60_h180_tp0.6_sl0.65,3.643,2.593,1.893,1,1,1,0,2.593,25.519999999999985,25.579999999999927,0.5136825645035327,16.9699999999998,0.8461991750147494,6.940000000000055,7.961500000000001,0.856,1.0,0.0,1.0,13,4,4.0,2024
2024-05-02 13:01:00+00:00|-1.0|S23B_B_pb0.1_eff0.60_h180_tp0.6_sl0.65,2024-05-02 13:01:00+00:00,STAGE25C,data/reports/stage25c_deduped_filter_validation/stage25c_enriched_canonical_trades.csv,london_oneway_continuation,S23B_B_pb0.1_eff0.60_h180_tp0.6_sl0.65,3.217,2.1670000000000003,1.4670000000000003,1,1,1,0,2.1670000000000003,46.82999999999993,9.070000000000164,0.1422271223814708,22.340000000000146,0.8012533572068028,6.7400000000002365,8.24950000000008,0.76,-1.0,0.0,1.0,13,3,5.0,2024
2024-05-10 13:01:00+00:00|1.0|S23B_B_pb0.1_eff0.60_h180_tp0.6_sl0.65,2024-05-10 13:01:00+00:00,STAGE25C,data/reports/stage25c_deduped_filter_validation/stage25c_enriched_canonical_trades.csv,london_oneway_continuation,S23B_B_pb0.1_eff0.60_h180_tp0.6_sl0.65,2.899,1.849,1.1490000000000005,1,1,1,0,1.849,40.63999999999987,10.659999999999854,0.6716697936210086,24.079999999999927,0.7936046511627984,5.8400000000001455,5.9384999999999994,0.4,1.0,1.0,1.0,13,4,5.0,2024
2024-05-29 13:01:00+00:00|-1.0|S23B_B_pb0.1_eff0.60_h180_tp0.6_sl0.65,2024-05-29 13:01:00+00:00,STAGE25C,data/reports/stage25c_deduped_filter_validation/stage25c_enriched_canonical_trades.csv,london_oneway_continuation,S23B_B_pb0.1_eff0.60_h180_tp0.6_sl0.65,2.38,1.33,0.6300000000000003,1,1,1,0,1.33,24.059999999999945,7.930000000000291,0.1286254728877609,20.700000000000276,0.6120772946859638,5.320000000000164,5.17150000000006,0.272,-1.0,0.0,1.0,13,2,5.0,2024
2024-06-07 13:01:00+00:00|-1.0|S23B_B_pb0.1_eff0.60_h180_tp0.6_sl0.65,2024-06-07 13:01:00+00:00,STAGE25C,data/reports/stage25c_deduped_filter_validation/stage25c_enriched_canonical_trades.csv,london_oneway_continuation,S23B_B_pb0.1_eff0.60_h180_tp0.6_sl0.65,4.67671,3.62671,2.92671,1,1,1,0,3.62671,25.20999999999958,12.600000000000364,0.2492063492063319,50.42000000000007,0.8131693772312563,10.519999999999982,7.641499999999996,0.988,-1.0,0.0,1.0,13,4,6.0,2024
2024-06-14 13:01:00+00:00|1.0|S23B_B_pb0.1_eff0.60_h180_tp0.6_sl0.65,2024-06-14 13:01:00+00:00,STAGE25C,data/reports/stage25c_deduped_filter_validation/stage25c_enriched_canonical_trades.csv,london_oneway_continuation,S23B_B_pb0.1_eff0.60_h180_tp0.6_sl0.65,2.49014,1.44014,0.7401400000000002,1,1,1,0,1.44014,31.15999999999985,7.050000000000182,0.3588652482269049,19.139999999999876,0.8949843260188204,7.5300000000002,5.026000000000022,0.196,1.0,0.0,1.0,13,4,6.0,2024
2024-06-25 13:01:00+00:00|1.0|S23B_B_pb0.1_eff0.60_h180_tp0.6_sl0.65,2024-06-25 13:01:00+00:00,STAGE25C,data/reports/stage25c_deduped_filter_validation/stage25c_enriched_canonical_trades.csv,london_oneway_continuation,S23B_B_pb0.1_eff0.60_h180_tp0.6_sl0.65,2.23857,1.18857,0.4885700000000001,1,1,1,0,1.18857,17.15000000000009,11.150000000000093,0.6852017937219969,11.319999999999707,0.7915194346289989,4.769999999999982,4.180999999999949,0.152,1.0,1.0,1.0,13,1,6.0,2024
2024-06-27 13:01:00+00:00|1.0|S23B_B_pb0.1_eff0.60_h180_tp0.6_sl0.65,2024-06-27 13:01:00+00:00,STAGE25C,data/reports/stage25c_deduped_filter_validation/stage25c_enriched_canonical_trades.csv,london_oneway_continuation,S23B_B_pb0.1_eff0.60_h180_tp0.6_sl0.65,1.60729,0.5572900000000001,-0.1427099999999996,1,0,1,0,0.5572900000000001,30.350000000000364,3.3899999999998727,0.2212389380531056,17.429999999999836,0.7917383820998457,6.599999999999909,3.5849999999999453,0.072,1.0,0.0,1.0,13,3,6.0,2024
2024-06-28 13:01:00+00:00|1.0|S23B_B_pb0.1_eff0.60_h180_tp0.6_sl0.65,2024-06-28 13:01:00+00:00,STAGE25C,data/reports/stage25c_deduped_filter_validation/stage25c_enriched_canonical_trades.csv,london_oneway_continuation,S23B_B_pb0.1_eff0.60_h180_tp0.6_sl0.65,2.137,1.0870000000000002,0.3870000000000004,1,1,1,0,1.0870000000000002,34.58999999999969,9.269999999999982,0.5587918015102316,12.099999999999907,0.7033057851239527,3.0700000000001637,4.011000000000058,0.132,1.0,1.0,1.0,13,4,6.0,2024
2024-07-19 13:01:00+00:00|-1.0|S23B_B_pb0.1_eff0.60_h180_tp0.6_sl0.65,2024-07-19 13:01:00+00:00,STAGE25C,data/reports/stage25c_deduped_filter_validation/stage25c_enriched_canonical_trades.csv,london_oneway_continuation,S23B_B_pb0.1_eff0.60_h180_tp0.6_sl0.65,3.77586,2.7258600000000004,2.0258600000000007,1,1,1,0,2.7258600000000004,34.84999999999991,24.67999999999984,0.6288492706645091,16.5,0.7678787878787923,6.269999999999982,7.066999999999939,0.872,-1.0,1.0,1.0,13,4,7.0,2024
2024-08-07 13:01:00+00:00|1.0|S23B_B_pb0.1_eff0.60_h180_tp0.6_sl0.65,2024-08-07 13:01:00+00:00,STAGE25C,data/reports/stage25c_deduped_filter_validation/stage25c_enriched_canonical_trades.csv,london_oneway_continuation,S23B_B_pb0.1_eff0.60_h180_tp0.6_sl0.65,3.30143,2.25143,1.5514300000000003,1,1,1,0,2.25143,36.63000000000011,11.710000000000036,0.2271562766865795,11.829999999999927,0.7007607776838558,3.930000000000291,6.822499999999991,0.396,1.0,0.0,1.0,13,2,8.0,2024
2024-08-16 13:01:00+00:00|1.0|S23B_B_pb0.1_eff0.60_h180_tp0.6_sl0.65,2024-08-16 13:01:00+00:00,STAGE25C,data/reports/stage25c_deduped_filter_validation/stage25c_enriched_canonical_trades.csv,london_oneway_continuation,S23B_B_pb0.1_eff0.60_h180_tp0.6_sl0.65,2.19957,1.1495700000000002,0.4495700000000004,1,1,1,0,1.1495700000000002,37.90000000000009,9.2199999999998,0.2603036876355903,13.390000000000327,0.8110530246452473,3.0700000000001637,4.9780000000000655,0.04,1.0,1.0,1.0,13,4,8.0,2024
2024-09-05 13:01:00+00:00|1.0|S23B_B_pb0.1_eff0.60_h180_tp0.6_sl0.65,2024-09-05 13:01:00+00:00,STAGE25C,data/reports/stage25c_deduped_filter_validation/stage25c_enriched_canonical_trades.csv,london_oneway_continuation,S23B_B_pb0.1_eff0.60_h180_tp0.6_sl0.65,2.128,1.0780000000000003,0.3780000000000005,1,1,1,0,1.0780000000000003,28.620000000000346,4.880000000000109,0.0881147540983251,23.40999999999985,0.8821016659547296,2.519999999999982,4.613000000000056,0.132,1.0,1.0,1.0,13,3,9.0,2024
2024-09-20 13:01:00+00:00|1.0|S23B_B_pb0.1_eff0.60_h180_tp0.6_sl0.65,2024-09-20 13:01:00+00:00,STAGE25C,data/reports/stage25c_deduped_filter_validation/stage25c_enriched_canonical_trades.csv,london_oneway_continuation,S23B_B_pb0.1_eff0.60_h180_tp0.6_sl0.65,2.61186,1.5618600000000002,0.8618600000000005,1,1,1,0,1.5618600000000002,43.78999999999997,8.75,0.411428571428561,21.419999999999614,0.6984126984127126,8.039999999999964,5.049000000000047,0.416,1.0,1.0,1.0,13,4,9.0,2024
2024-10-01 13:01:00+00:00|1.0|S23B_B_pb0.1_eff0.60_h180_tp0.6_sl0.65,2024-10-01 13:01:00+00:00,STAGE25C,data/reports/stage25c_deduped_filter_validation/stage25c_enriched_canonical_trades.csv,london_oneway_continuation,S23B_B_pb0.1_eff0.60_h180_tp0.6_sl0.65,1.89829,0.84829,0.1482900000000002,1,1,1,0,0.84829,41.48000000000002,7.730000000000018,0.3842173350582468,11.840000000000146,0.9045608108108028,3.9400000000000546,4.787000000000035,0.108,1.0,0.0,1.0,13,1,10.0,2024
2024-10-11 13:01:00+00:00|-1.0|S23B_B_pb0.1_eff0.60_h180_tp0.6_sl0.65,2024-10-11 13:01:00+00:00,STAGE25C,data/reports/stage25c_deduped_filter_validation/stage25c_enriched_canonical_trades.csv,london_oneway_continuation,S23B_B_pb0.1_eff0.60_h180_tp0.6_sl0.65,-3.75182,-4.801819999999999,-5.50182,0,0,0,1,4.801819999999999,25.800000000000185,17.980000000000018,0.9566184649610568,10.989999999999782,0.6960873521383296,5.529999999999745,6.082500000000005,0.34,-1.0,0.0,1.0,13,4,10.0,2024
2024-10-24 13:01:00+00:00|1.0|S23B_B_pb0.1_eff0.60_h180_tp0.6_sl0.65,2024-10-24 13:01:00+00:00,STAGE25C,data/reports/stage25c_deduped_filter_validation/stage25c_enriched_canonical_trades.csv,london_oneway_continuation,S23B_B_pb0.1_eff0.60_h180_tp0.6_sl0.65,2.22871,1.17871,0.4787100000000004,1,1,1,0,1.17871,49.92000000000007,12.279999999999744,0.3957654723127221,16.420000000000073,0.8361753958587063,3.230000000000018,5.922000000000049,0.54,1.0,0.0,1.0,13,3,10.0,2024
2024-11-21 13:01:00+00:00|1.0|S23B_B_pb0.1_eff0.60_h180_tp0.6_sl0.65,2024-11-21 13:01:00+00:00,STAGE25C,data/reports/stage25c_deduped_filter_validation/stage25c_enriched_canonical_trades.csv,london_oneway_continuation,S23B_B_pb0.1_eff0.60_h180_tp0.6_sl0.65,2.97057,1.92057,1.2205700000000004,1,1,1,0,1.92057,36.64000000000033,11.610000000000127,0.418604651162797,17.059999999999945,0.759671746776089,5.239999999999782,5.6704999999999925,0.084,1.0,1.0,1.0,13,3,11.0,2024
2024-11-28 13:01:00+00:00|1.0|S23B_B_pb0.1_eff0.60_h180_tp0.6_sl0.65,2024-11-28 13:01:00+00:00,STAGE25C,data/reports/stage25c_deduped_filter_validation/stage25c_enriched_canonical_trades.csv,london_oneway_continuation,S23B_B_pb0.1_eff0.60_h180_tp0.6_sl0.65,-4.149249999999999,-5.199249999999999,-5.899249999999999,0,0,0,1,5.199249999999999,31.329999999999927,17.48999999999978,0.3339050886220822,19.41000000000031,0.8377125193199126,4.7400000000002365,6.230499999999961,0.248,1.0,1.0,1.0,13,3,11.0,2024
2025-01-10 13:01:00+00:00|1.0|S23B_B_pb0.1_eff0.60_h180_tp0.6_sl0.65,2025-01-10 13:01:00+00:00,STAGE25C,data/reports/stage25c_deduped_filter_validation/stage25c_enriched_canonical_trades.csv,london_oneway_continuation,S23B_B_pb0.1_eff0.60_h180_tp0.6_sl0.65,-2.60086,-3.65086,-4.350859999999999,0,0,0,1,3.65086,22.809999999999945,6.349999999999909,0.2913385826771552,11.099999999999907,0.827027027027019,4.360000000000127,3.888499999999931,0.008,1.0,1.0,1.0,13,4,1.0,2025
2025-01-14 13:01:00+00:00|-1.0|S23B_B_pb0.1_eff0.60_h180_tp0.6_sl0.65,2025-01-14 13:01:00+00:00,STAGE25C,data/reports/stage25c_deduped_filter_validation/stage25c_enriched_canonical_trades.csv,london_oneway_continuation,S23B_B_pb0.1_eff0.60_h180_tp0.6_sl0.65,-3.62229,-4.67229,-5.37229,0,0,0,1,4.67229,36.73000000000002,12.5300000000002,0.4333599361532123,10.629999999999654,0.644402634054575,4.190000000000055,5.336000000000013,0.32,-1.0,1.0,1.0,13,1,1.0,2025
2025-02-03 13:01:00+00:00|1.0|S23B_B_pb0.1_eff0.60_h180_tp0.6_sl0.65,2025-02-03 13:01:00+00:00,STAGE25C,data/reports/stage25c_deduped_filter_validation/stage25c_enriched_canonical_trades.csv,london_oneway_continuation,S23B_B_pb0.1_eff0.60_h180_tp0.6_sl0.65,4.68271,3.63271,2.93271,1,1,1,0,3.63271,20.699999999999815,31.9699999999998,0.375664685642785,20.809999999999945,0.8279673234022136,7.130000000000109,9.304999999999973,0.984,1.0,0.0,1.0,13,0,2.0,2025
2025-03-04 13:01:00+00:00|1.0|S23B_B_pb0.1_eff0.60_h180_tp0.6_sl0.65,2025-03-04 13:01:00+00:00,STAGE25C,data/reports/stage25c_deduped_filter_validation/stage25c_enriched_canonical_trades.csv,london_oneway_continuation,S23B_B_pb0.1_eff0.60_h180_tp0.6_sl0.65,4.48643,3.43643,2.7364300000000004,1,1,1,0,3.43643,39.940000000000055,11.83999999999969,0.0337837837837539,36.98000000000002,0.6311519740400252,5.980000000000018,8.387000000000011,0.664,1.0,1.0,1.0,13,1,3.0,2025
2025-03-07 13:01:00+00:00|1.0|S23B_B_pb0.1_eff0.60_h180_tp0.6_sl0.65,2025-03-07 13:01:00+00:00,STAGE25C,data/reports/stage25c_deduped_filter_validation/stage25c_enriched_canonical_trades.csv,london_oneway_continuation,S23B_B_pb0.1_eff0.60_h180_tp0.6_sl0.65,3.38929,2.33929,1.6392900000000004,1,1,1,0,2.33929,35.41000000000031,18.309999999999945,0.1982523211359978,16.63000000000011,0.6806975345760454,4.809999999999945,7.198499999999944,0.136,1.0,0.0,1.0,13,4,3.0,2025
2025-03-17 13:01:00+00:00|1.0|S23B_B_pb0.1_eff0.60_h180_tp0.6_sl0.65,2025-03-17 13:01:00+00:00,STAGE25C,data/reports/stage25c_deduped_filter_validation/stage25c_enriched_canonical_trades.csv,london_oneway_continuation,S23B_B_pb0.1_eff0.60_h180_tp0.6_sl0.65,-3.84932,-4.89932,-5.59932,0,0,0,1,4.89932,10.909999999999854,11.659999999999854,0.1449399656946891,17.420000000000073,0.9466130884041168,4.769999999999982,5.485999999999967,0.024,1.0,1.0,1.0,13,0,3.0,2025
2025-03-20 13:01:00+00:00|-1.0|S23B_B_pb0.1_eff0.60_h180_tp0.6_sl0.65,2025-03-20 13:01:00+00:00,STAGE25C,data/reports/stage25c_deduped_filter_validation/stage25c_enriched_canonical_trades.csv,london_oneway_continuation,S23B_B_pb0.1_eff0.60_h180_tp0.6_sl0.65,3.74543,2.6954300000000004,1.9954300000000007,1,1,1,0,2.6954300000000004,29.17999999999984,12.38000000000011,0.4491114701130773,28.14999999999964,0.6600355239786916,16.08999999999969,7.208000000000015,0.528,-1.0,0.0,1.0,13,3,3.0,2025
2025-04-30 13:01:00+00:00|-1.0|S23B_B_pb0.1_eff0.60_h180_tp0.6_sl0.65,2025-04-30 13:01:00+00:00,STAGE25C,data/reports/stage25c_deduped_filter_validation/stage25c_enriched_canonical_trades.csv,london_oneway_continuation,S23B_B_pb0.1_eff0.60_h180_tp0.6_sl0.65,6.17286,5.122859999999999,4.42286,1,1,1,0,5.122859999999999,48.690000000000055,24.269999999999985,0.5937371240214201,39.57999999999993,0.7271349166245528,11.799999999999727,11.332499999999936,0.14,-1.0,1.0,1.0,13,2,4.0,2025
2025-05-05 13:01:00+00:00|1.0|S23B_B_pb0.1_eff0.60_h180_tp0.6_sl0.65,2025-05-05 13:01:00+00:00,STAGE25C,data/reports/stage25c_deduped_filter_validation/stage25c_enriched_canonical_trades.csv,london_oneway_continuation,S23B_B_pb0.1_eff0.60_h180_tp0.6_sl0.65,7.32957,6.27957,5.57957,1,1,1,0,6.27957,7.070000000000164,34.75,0.4330935251798483,55.36000000000013,0.9750722543352582,26.809999999999945,13.4650000000001,0.28,1.0,1.0,1.0,13,0,5.0,2025
2025-06-05 13:01:00+00:00|1.0|S23B_B_pb0.1_eff0.60_h180_tp0.6_sl0.65,2025-06-05 13:01:00+00:00,STAGE25C,data/reports/stage25c_deduped_filter_validation/stage25c_enriched_canonical_trades.csv,london_oneway_continuation,S23B_B_pb0.1_eff0.60_h180_tp0.6_sl0.65,4.86571,3.81571,3.11571,1,1,1,0,3.81571,40.88999999999987,15.769999999999982,0.2441344324667034,30.279999999999745,0.6647952443857423,17.199999999999818,9.147000000000002,0.148,1.0,1.0,1.0,13,3,6.0,2025
2025-07-01 13:01:00+00:00|1.0|S23B_B_pb0.1_eff0.60_h180_tp0.6_sl0.65,2025-07-01 13:01:00+00:00,STAGE25C,data/reports/stage25c_deduped_filter_validation/stage25c_enriched_canonical_trades.csv,london_oneway_continuation,S23B_B_pb0.1_eff0.60_h180_tp0.6_sl0.65,3.89714,2.84714,2.1471400000000003,1,1,1,0,2.84714,63.93000000000029,20.279999999999745,0.4817554240631215,29.08999999999969,0.8446201443795108,9.88000000000011,7.409500000000071,0.072,1.0,1.0,1.0,13,1,7.0,2025
2025-07-14 13:01:00+00:00|1.0|S23B_B_pb0.1_eff0.60_h180_tp0.6_sl0.65,2025-07-14 13:01:00+00:00,STAGE25C,data/reports/stage25c_deduped_filter_validation/stage25c_enriched_canonical_trades.csv,london_oneway_continuation,S23B_B_pb0.1_eff0.60_h180_tp0.6_sl0.65,-5.544429999999999,-6.594429999999999,-7.294429999999999,0,0,0,1,6.594429999999999,11.590000000000146,20.139999999999876,0.6156901688182805,21.2199999999998,0.6291234684260363,6.230000000000018,7.844500000000039,0.504,1.0,1.0,1.0,13,0,7.0,2025
2025-07-15 13:01:00+00:00|1.0|S23B_B_pb0.1_eff0.60_h180_tp0.6_sl0.65,2025-07-15 13:01:00+00:00,STAGE25C,data/reports/stage25c_deduped_filter_validation/stage25c_enriched_canonical_trades.csv,london_oneway_continuation,S23B_B_pb0.1_eff0.60_h180_tp0.6_sl0.65,3.01343,1.96343,1.2634300000000005,1,1,1,0,1.96343,34.059999999999945,17.06999999999971,0.7158758055067641,9.0,0.6077777777777555,6.110000000000127,5.974000000000046,0.04,1.0,0.0,1.0,13,1,7.0,2025
2025-07-21 13:01:00+00:00|1.0|S23B_B_pb0.1_eff0.60_h180_tp0.6_sl0.65,2025-07-21 13:01:00+00:00,STAGE25C,data/reports/stage25c_deduped_filter_validation/stage25c_enriched_canonical_trades.csv,london_oneway_continuation,S23B_B_pb0.1_eff0.60_h180_tp0.6_sl0.65,3.20886,2.15886,1.4588600000000005,1,1,1,0,2.15886,5.199999999999818,13.569999999999707,0.257184966838604,20.029999999999745,0.7393909136295623,3.5900000000001455,5.412499999999886,0.004,1.0,0.0,1.0,13,0,7.0,2025
2025-08-05 13:01:00+00:00|-1.0|S23B_B_pb0.1_eff0.60_h180_tp0.6_sl0.65,2025-08-05 13:01:00+00:00,STAGE25C,data/reports/stage25c_deduped_filter_validation/stage25c_enriched_canonical_trades.csv,london_oneway_continuation,S23B_B_pb0.1_eff0.60_h180_tp0.6_sl0.65,3.23329,2.18329,1.4832900000000002,1,1,1,0,2.18329,40.25999999999976,10.429999999999836,0.2550335570470135,16.519999999999982,0.7481840193704686,7.330000000000382,5.739000000000033,0.016,-1.0,0.0,1.0,13,1,8.0,2025
2025-09-08 13:01:00+00:00|1.0|S23B_B_pb0.1_eff0.60_h180_tp0.6_sl0.65,2025-09-08 13:01:00+00:00,STAGE25C,data/reports/stage25c_deduped_filter_validation/stage25c_enriched_canonical_trades.csv,london_oneway_continuation,S23B_B_pb0.1_eff0.60_h180_tp0.6_sl0.65,5.509860000000001,4.459860000000001,3.7598600000000006,1,1,1,0,4.459860000000001,18.25,18.559999999999945,0.468211206896556,37.67999999999984,0.8017515923566924,6.2599999999997635,9.490000000000032,0.636,1.0,1.0,1.0,13,0,9.0,2025
2025-10-21 13:01:00+00:00|-1.0|S23B_B_pb0.1_eff0.60_h180_tp0.6_sl0.65,2025-10-21 13:01:00+00:00,STAGE25C,data/reports/stage25c_deduped_filter_validation/stage25c_enriched_canonical_trades.csv,london_oneway_continuation,S23B_B_pb0.1_eff0.60_h180_tp0.6_sl0.65,15.46386,14.41386,13.71386,1,1,1,0,14.41386,162.71999999999937,42.36000000000058,0.4952785646836467,102.25,0.796479217603908,23.349999999999454,24.80199999999986,0.836,-1.0,0.0,1.0,13,1,10.0,2025
2025-11-14 13:01:00+00:00|-1.0|S23B_B_pb0.1_eff0.60_h180_tp0.6_sl0.65,2025-11-14 13:01:00+00:00,STAGE25C,data/reports/stage25c_deduped_filter_validation/stage25c_enriched_canonical_trades.csv,london_oneway_continuation,S23B_B_pb0.1_eff0.60_h180_tp0.6_sl0.65,10.70929,9.65929,8.959290000000001,1,1,1,0,9.65929,100.11999999999988,41.19999999999982,0.4191747572815438,44.849999999999454,0.7906354515050271,11.11999999999989,18.576999999999863,0.792,-1.0,1.0,1.0,13,4,11.0,2025
2025-12-12 13:01:00+00:00|1.0|S23B_B_pb0.1_eff0.60_h180_tp0.6_sl0.65,2025-12-12 13:01:00+00:00,STAGE25C,data/reports/stage25c_deduped_filter_validation/stage25c_enriched_canonical_trades.csv,london_oneway_continuation,S23B_B_pb0.1_eff0.60_h180_tp0.6_sl0.65,6.36057,5.31057,4.61057,1,1,1,0,5.31057,81.61000000000058,18.800000000000185,0.5281914893616642,64.73999999999978,0.9800741427247596,16.06999999999971,13.740999999999985,0.576,1.0,1.0,1.0,13,4,12.0,2025
2026-03-03 13:01:00+00:00|-1.0|S23B_B_pb0.1_eff0.60_h180_tp0.6_sl0.65,2026-03-03 13:01:00+00:00,STAGE25C,data/reports/stage25c_deduped_filter_validation/stage25c_enriched_canonical_trades.csv,london_oneway_continuation,S23B_B_pb0.1_eff0.60_h180_tp0.6_sl0.65,28.28371,27.23371,26.53371,1,1,1,0,27.23371,158.2599999999993,50.46000000000004,0.2964724534284587,140.09999999999943,0.804354032833697,49.88000000000011,34.52399999999993,0.972,-1.0,1.0,1.0,13,1,3.0,2026
2026-03-06 13:01:00+00:00|-1.0|S23B_B_pb0.1_eff0.60_h180_tp0.6_sl0.65,2026-03-06 13:01:00+00:00,STAGE25C,data/reports/stage25c_deduped_filter_validation/stage25c_enriched_canonical_trades.csv,london_oneway_continuation,S23B_B_pb0.1_eff0.60_h180_tp0.6_sl0.65,13.41529,12.36529,11.66529,1,1,1,0,12.36529,143.6899999999996,76.73999999999978,0.5422204847537111,54.25,0.6733640552995345,16.86999999999989,26.763000000000012,0.572,-1.0,1.0,1.0,13,4,3.0,2026
2026-05-04 13:01:00+00:00|-1.0|S23B_B_pb0.1_eff0.60_h180_tp0.6_sl0.65,2026-05-04 13:01:00+00:00,STAGE25C,data/reports/stage25c_deduped_filter_validation/stage25c_enriched_canonical_trades.csv,london_oneway_continuation,S23B_B_pb0.1_eff0.60_h180_tp0.6_sl0.65,10.36257,9.31257,8.61257,1,1,1,0,9.31257,16.889999999999418,38.17999999999938,0.099790466212665,42.73999999999978,0.933317735142736,11.859999999999673,16.141499999999816,0.296,-1.0,1.0,1.0,13,0,5.0,2026
2026-05-20 13:01:00+00:00|1.0|S23B_B_pb0.1_eff0.60_h180_tp0.6_sl0.65,2026-05-20 13:01:00+00:00,STAGE25C,data/reports/stage25c_deduped_filter_validation/stage25c_enriched_canonical_trades.csv,london_oneway_continuation,S23B_B_pb0.1_eff0.60_h180_tp0.6_sl0.65,10.66,9.61,8.91,1,1,1,0,9.61,124.22000000000024,55.14000000000033,0.3741385564018858,34.54999999999927,0.6208393632416865,18.210000000000036,18.370500000000085,0.32,1.0,0.0,1.0,13,2,5.0,2026
2022-05-02 13:01:00+00:00|-1.0|S23B_B_pb0.1_eff0.60_h180_tp0.6_sl0.65,2022-05-02 13:01:00+00:00,STAGE27B,data/reports/stage27b_db_first_lineage_gate_discovery/stage27b_enriched_lineage_trades.csv,london_oneway_continuation,S23B_B_pb0.1_eff0.60_h180_tp0.6_sl0.65,2.52723,1.47723,0.7772300000000003,1,1,1,0,1.47723,3.710000000000037,15.569999999999936,0.6056518946692423,11.819999999999936,0.6607445008460227,4.489999999999782,,,-1.0,0.0,1.0,13,0,5.0,2022
2022-05-09 13:01:00+00:00|-1.0|S23B_B_pb0.1_eff0.60_h180_tp0.6_sl0.65,2022-05-09 13:01:00+00:00,STAGE27B,data/reports/stage27b_db_first_lineage_gate_discovery/stage27b_enriched_lineage_trades.csv,london_oneway_continuation,S23B_B_pb0.1_eff0.60_h180_tp0.6_sl0.65,2.45543,1.40543,0.7054300000000002,1,1,1,0,1.40543,5.370000000000118,11.849999999999907,0.5544303797468535,13.889999999999873,0.8135349172066441,5.029999999999973,4.75,0.1391304347826087,-1.0,1.0,1.0,13,0,5.0,2022
2022-05-10 13:01:00+00:00|-1.0|S23B_B_pb0.1_eff0.60_h180_tp0.6_sl0.65,2022-05-10 13:01:00+00:00,STAGE27B,data/reports/stage27b_db_first_lineage_gate_discovery/stage27b_enriched_lineage_trades.csv,london_oneway_continuation,S23B_B_pb0.1_eff0.60_h180_tp0.6_sl0.65,-3.03729,-4.087289999999999,-4.78729,0,0,0,1,4.087289999999999,34.0,12.160000000000082,0.9555921052631612,7.910000000000082,0.8520859671302072,6.560000000000173,4.665000000000032,0.10071942446043165,-1.0,1.0,0.0,13,1,5.0,2022
2022-05-25 13:01:00+00:00|-1.0|S23B_B_pb0.1_eff0.60_h180_tp0.6_sl0.65,2022-05-25 13:01:00+00:00,STAGE27B,data/reports/stage27b_db_first_lineage_gate_discovery/stage27b_enriched_lineage_trades.csv,london_oneway_continuation,S23B_B_pb0.1_eff0.60_h180_tp0.6_sl0.65,1.68314,0.63314,-0.0668599999999997,1,0,1,0,0.63314,20.42000000000008,8.389999999999873,0.4362336114421823,8.199999999999818,0.6987804878048958,3.740000000000009,3.5694999999999824,0.016,-1.0,0.0,1.0,13,2,5.0,2022
2022-06-02 13:01:00+00:00|1.0|S23B_B_pb0.1_eff0.60_h180_tp0.6_sl0.65,2022-06-02 13:01:00+00:00,STAGE27B,data/reports/stage27b_db_first_lineage_gate_discovery/stage27b_enriched_lineage_trades.csv,london_oneway_continuation,S23B_B_pb0.1_eff0.60_h180_tp0.6_sl0.65,1.291,0.2410000000000001,-0.4589999999999996,1,0,1,0,0.2410000000000001,21.49000000000001,4.849999999999909,0.4659793814433058,10.8599999999999,0.8508287292817767,2.869999999999891,3.276499999999976,0.032,1.0,1.0,1.0,13,3,6.0,2022
2022-06-30 13:01:00+00:00|-1.0|S23B_B_pb0.1_eff0.60_h180_tp0.6_sl0.65,2022-06-30 13:01:00+00:00,STAGE27B,data/reports/stage27b_db_first_lineage_gate_discovery/stage27b_enriched_lineage_trades.csv,london_oneway_continuation,S23B_B_pb0.1_eff0.60_h180_tp0.6_sl0.65,1.3385699999999998,0.28857,-0.4114299999999997,1,0,1,0,0.28857,20.939999999999827,4.75,0.2168421052631521,6.769999999999982,0.6469719350074034,5.080000000000155,2.8190000000000284,0.036,-1.0,1.0,1.0,13,3,6.0,2022
2022-07-04 13:01:00+00:00|-1.0|S23B_B_pb0.1_eff0.60_h180_tp0.6_sl0.65,2022-07-04 13:01:00+00:00,STAGE27B,data/reports/stage27b_db_first_lineage_gate_discovery/stage27b_enriched_lineage_trades.csv,london_oneway_continuation,S23B_B_pb0.1_eff0.60_h180_tp0.6_sl0.65,-2.68071,-3.73071,-4.43071,0,0,0,1,3.73071,2.3299999999999272,8.740000000000009,0.1681922196796368,8.240000000000009,0.6844660194174871,3.509999999999991,4.424000000000012,0.624,-1.0,1.0,1.0,13,0,7.0,2022
2022-07-05 13:01:00+00:00|-1.0|S23B_B_pb0.1_eff0.60_h180_tp0.6_sl0.65,2022-07-05 13:01:00+00:00,STAGE27B,data/reports/stage27b_db_first_lineage_gate_discovery/stage27b_enriched_lineage_trades.csv,london_oneway_continuation,S23B_B_pb0.1_eff0.60_h180_tp0.6_sl0.65,1.492,0.4420000000000001,-0.2579999999999995,1,0,1,0,0.4420000000000001,10.349999999999907,5.660000000000082,0.3021201413427582,11.75,0.6289361702127745,4.990000000000009,2.788499999999999,0.064,-1.0,1.0,1.0,13,1,7.0,2022
2022-07-06 13:01:00+00:00|-1.0|S23B_B_pb0.1_eff0.60_h180_tp0.6_sl0.65,2022-07-06 13:01:00+00:00,STAGE27B,data/reports/stage27b_db_first_lineage_gate_discovery/stage27b_enriched_lineage_trades.csv,london_oneway_continuation,S23B_B_pb0.1_eff0.60_h180_tp0.6_sl0.65,2.10229,1.0522900000000002,0.3522900000000004,1,1,1,0,1.0522900000000002,48.25,7.059999999999945,0.1713881019830093,8.720000000000027,0.6135321100917569,3.6800000000000637,4.74899999999999,0.7,-1.0,1.0,1.0,13,2,7.0,2022
2022-07-14 13:01:00+00:00|-1.0|S23B_B_pb0.1_eff0.60_h180_tp0.6_sl0.65,2022-07-14 13:01:00+00:00,STAGE27B,data/reports/stage27b_db_first_lineage_gate_discovery/stage27b_enriched_lineage_trades.csv,london_oneway_continuation,S23B_B_pb0.1_eff0.60_h180_tp0.6_sl0.65,2.467,1.4170000000000005,0.7170000000000005,1,1,1,0,1.4170000000000005,38.04999999999996,10.920000000000073,0.212454212454226,20.029999999999973,0.7688467299051365,5.120000000000118,5.5450000000000275,0.784,-1.0,0.0,1.0,13,3,7.0,2022
2022-07-21 13:01:00+00:00|-1.0|S23B_B_pb0.1_eff0.60_h180_tp0.6_sl0.65,2022-07-21 13:01:00+00:00,STAGE27B,data/reports/stage27b_db_first_lineage_gate_discovery/stage27b_enriched_lineage_trades.csv,london_oneway_continuation,S23B_B_pb0.1_eff0.60_h180_tp0.6_sl0.65,1.90343,0.8534299999999999,0.1534300000000001,1,1,1,0,0.8534299999999999,21.98000000000001,7.3400000000001455,0.5953678474114175,11.529999999999973,0.6131830008673184,4.2199999999998,3.8129999999999766,0.292,-1.0,1.0,1.0,13,3,7.0,2022
2022-08-05 13:01:00+00:00|-1.0|S23B_B_pb0.1_eff0.60_h180_tp0.6_sl0.65,2022-08-05 13:01:00+00:00,STAGE27B,data/reports/stage27b_db_first_lineage_gate_discovery/stage27b_enriched_lineage_trades.csv,london_oneway_continuation,S23B_B_pb0.1_eff0.60_h180_tp0.6_sl0.65,1.5442900000000002,0.4942900000000001,-0.2057099999999996,1,0,1,0,0.4942900000000001,31.680000000000064,6.100000000000136,0.1918032786885322,7.569999999999936,0.7384412153236414,2.730000000000018,3.4200000000000386,0.088,-1.0,0.0,1.0,13,4,8.0,2022
2022-08-11 13:01:00+00:00|1.0|S23B_B_pb0.1_eff0.60_h180_tp0.6_sl0.65,2022-08-11 13:01:00+00:00,STAGE27B,data/reports/stage27b_db_first_lineage_gate_discovery/stage27b_enriched_lineage_trades.csv,london_oneway_continuation,S23B_B_pb0.1_eff0.60_h180_tp0.6_sl0.65,1.3891399999999998,0.33914,-0.3608599999999997,1,0,1,0,0.33914,20.269999999999985,8.3900000000001,0.6376638855780506,6.789999999999964,0.6465390279823117,2.560000000000173,3.3920000000000186,0.12,1.0,0.0,1.0,13,3,8.0,2022
2022-08-15 13:01:00+00:00|-1.0|S23B_B_pb0.1_eff0.60_h180_tp0.6_sl0.65,2022-08-15 13:01:00+00:00,STAGE27B,data/reports/stage27b_db_first_lineage_gate_discovery/stage27b_enriched_lineage_trades.csv,london_oneway_continuation,S23B_B_pb0.1_eff0.60_h180_tp0.6_sl0.65,1.82157,0.7715700000000001,0.0715700000000003,1,1,1,0,0.7715700000000001,2.5799999999999272,8.339999999999918,0.5851318944844313,17.659999999999854,0.8969422423556086,6.709999999999809,3.6345000000000027,0.24,-1.0,1.0,1.0,13,0,8.0,2022
2022-08-18 13:01:00+00:00|1.0|S23B_B_pb0.1_eff0.60_h180_tp0.6_sl0.65,2022-08-18 13:01:00+00:00,STAGE27B,data/reports/stage27b_db_first_lineage_gate_discovery/stage27b_enriched_lineage_trades.csv,london_oneway_continuation,S23B_B_pb0.1_eff0.60_h180_tp0.6_sl0.65,1.2215699999999998,0.17157,-0.5284299999999997,1,0,1,0,0.17157,22.44999999999981,5.760000000000218,0.0329861111111193,8.139999999999873,0.7960687960688108,3.6799999999998363,3.254999999999984,0.184,1.0,0.0,1.0,13,3,8.0,2022
2022-08-22 13:01:00+00:00|-1.0|S23B_B_pb0.1_eff0.60_h180_tp0.6_sl0.65,2022-08-22 13:01:00+00:00,STAGE27B,data/reports/stage27b_db_first_lineage_gate_discovery/stage27b_enriched_lineage_trades.csv,london_oneway_continuation,S23B_B_pb0.1_eff0.60_h180_tp0.6_sl0.65,1.582,0.532,-0.1679999999999997,1,0,1,0,0.532,3.110000000000128,4.170000000000073,0.1726618705036006,14.790000000000193,0.6112237998647632,6.769999999999982,3.265499999999997,0.232,-1.0,0.0,1.0,13,0,8.0,2022
2022-08-26 13:01:00+00:00|-1.0|S23B_B_pb0.1_eff0.60_h180_tp0.6_sl0.65,2022-08-26 13:01:00+00:00,STAGE27B,data/reports/stage27b_db_first_lineage_gate_discovery/stage27b_enriched_lineage_trades.csv,london_oneway_continuation,S23B_B_pb0.1_eff0.60_h180_tp0.6_sl0.65,1.3119999999999998,0.262,-0.4379999999999997,1,0,1,0,0.262,15.519999999999982,6.579999999999927,0.0364741641337403,9.5,0.804210526315776,3.2200000000000273,2.849499999999955,0.044,-1.0,0.0,1.0,13,4,8.0,2022
2022-09-13 13:01:00+00:00|1.0|S23B_B_pb0.1_eff0.60_h180_tp0.6_sl0.65,2022-09-13 13:01:00+00:00,STAGE27B,data/reports/stage27b_db_first_lineage_gate_discovery/stage27b_enriched_lineage_trades.csv,london_oneway_continuation,S23B_B_pb0.1_eff0.60_h180_tp0.6_sl0.65,-2.24521,-3.29521,-3.99521,0,0,0,1,3.29521,23.17000000000008,6.830000000000155,0.5710102489019038,8.160000000000082,0.6580882352940977,3.130000000000109,3.321000000000015,0.164,1.0,1.0,1.0,13,1,9.0,2022
2022-09-20 13:01:00+00:00|-1.0|S23B_B_pb0.1_eff0.60_h180_tp0.6_sl0.65,2022-09-20 13:01:00+00:00,STAGE27B,data/reports/stage27b_db_first_lineage_gate_discovery/stage27b_enriched_lineage_trades.csv,london_oneway_continuation,S23B_B_pb0.1_eff0.60_h180_tp0.6_sl0.65,-2.39564,-3.44564,-4.14564,0,0,0,1,3.44564,20.23000000000001,6.029999999999973,0.2338308457711212,10.629999999999882,0.8701787394167547,3.6799999999998363,3.3575000000000044,0.092,-1.0,1.0,1.0,13,1,9.0,2022
2022-09-21 13:01:00+00:00|1.0|S23B_B_pb0.1_eff0.60_h180_tp0.6_sl0.65,2022-09-21 13:01:00+00:00,STAGE27B,data/reports/stage27b_db_first_lineage_gate_discovery/stage27b_enriched_lineage_trades.csv,london_oneway_continuation,S23B_B_pb0.1_eff0.60_h180_tp0.6_sl0.65,1.58243,0.5324300000000002,-0.1675699999999995,1,0,1,0,0.5324300000000002,19.49000000000001,4.599999999999909,0.3130434782608381,14.440000000000056,0.6606648199445934,3.990000000000009,3.2250000000000227,0.048,1.0,0.0,1.0,13,2,9.0,2022
2022-10-10 13:01:00+00:00|-1.0|S23B_B_pb0.1_eff0.60_h180_tp0.6_sl0.65,2022-10-10 13:01:00+00:00,STAGE27B,data/reports/stage27b_db_first_lineage_gate_discovery/stage27b_enriched_lineage_trades.csv,london_oneway_continuation,S23B_B_pb0.1_eff0.60_h180_tp0.6_sl0.65,2.24671,1.19671,0.4967100000000002,1,1,1,0,1.19671,4.789999999999964,12.700000000000044,0.6787401574803039,11.519999999999982,0.7282986111111209,6.5,4.689999999999964,0.344,-1.0,0.0,1.0,13,0,10.0,2022
2022-10-17 13:01:00+00:00|1.0|S23B_B_pb0.1_eff0.60_h180_tp0.6_sl0.65,2022-10-17 13:01:00+00:00,STAGE27B,data/reports/stage27b_db_first_lineage_gate_discovery/stage27b_enriched_lineage_trades.csv,london_oneway_continuation,S23B_B_pb0.1_eff0.60_h180_tp0.6_sl0.65,2.07743,1.0274300000000005,0.3274300000000005,1,1,1,0,1.0274300000000005,4.039999999999964,9.529999999999973,0.4952780692549885,9.61999999999989,0.7079002079002102,3.3799999999998818,4.3639999999999874,0.228,1.0,1.0,1.0,13,0,10.0,2022
2022-10-19 13:01:00+00:00|-1.0|S23B_B_pb0.1_eff0.60_h180_tp0.6_sl0.65,2022-10-19 13:01:00+00:00,STAGE27B,data/reports/stage27b_db_first_lineage_gate_discovery/stage27b_enriched_lineage_trades.csv,london_oneway_continuation,S23B_B_pb0.1_eff0.60_h180_tp0.6_sl0.65,2.08129,1.0312900000000005,0.3312900000000005,1,1,1,0,1.0312900000000005,15.049999999999956,5.379999999999882,0.6189591078067338,11.819999999999936,0.6142131979695457,3.0499999999999545,3.871999999999969,0.1,-1.0,0.0,1.0,13,2,10.0,2022
2022-11-01 13:01:00+00:00|1.0|S23B_B_pb0.1_eff0.60_h180_tp0.6_sl0.65,2022-11-01 13:01:00+00:00,STAGE27B,data/reports/stage27b_db_first_lineage_gate_discovery/stage27b_enriched_lineage_trades.csv,london_oneway_continuation,S23B_B_pb0.1_eff0.60_h180_tp0.6_sl0.65,2.04143,0.9914300000000004,0.2914300000000005,1,1,1,0,0.9914300000000004,13.779999999999973,9.440000000000056,0.5889830508474484,15.150000000000093,0.8686468646864538,2.990000000000009,3.5405000000000313,0.048,1.0,0.0,1.0,13,1,11.0,2022
2022-11-02 13:01:00+00:00|1.0|S23B_B_pb0.1_eff0.60_h180_tp0.6_sl0.65,2022-11-02 13:01:00+00:00,STAGE27B,data/reports/stage27b_db_first_lineage_gate_discovery/stage27b_enriched_lineage_trades.csv,london_oneway_continuation,S23B_B_pb0.1_eff0.60_h180_tp0.6_sl0.65,1.42471,0.3747100000000001,-0.3252899999999996,1,0,1,0,0.3747100000000001,26.399999999999864,7.350000000000136,0.3129251700680152,7.3599999999999,0.6983695652174144,2.589999999999918,3.285499999999968,0.004,1.0,1.0,1.0,13,2,11.0,2022
2022-11-28 13:01:00+00:00|1.0|S23B_B_pb0.1_eff0.60_h180_tp0.6_sl0.65,2022-11-28 13:01:00+00:00,STAGE27B,data/reports/stage27b_db_first_lineage_gate_discovery/stage27b_enriched_lineage_trades.csv,london_oneway_continuation,S23B_B_pb0.1_eff0.60_h180_tp0.6_sl0.65,-3.19746,-4.24746,-4.94746,0,0,0,1,4.24746,5.539999999999964,9.789999999999964,0.0623084780388051,15.220000000000027,0.6005256241787177,3.259999999999991,4.301499999999976,0.632,1.0,0.0,1.0,13,0,11.0,2022
2022-12-23 13:01:00+00:00|1.0|S23B_B_pb0.1_eff0.60_h180_tp0.6_sl0.65,2022-12-23 13:01:00+00:00,STAGE27B,data/reports/stage27b_db_first_lineage_gate_discovery/stage27b_enriched_lineage_trades.csv,london_oneway_continuation,S23B_B_pb0.1_eff0.60_h180_tp0.6_sl0.65,-2.00425,-3.05425,-3.75425,0,0,0,0,3.05425,35.58999999999992,4.270000000000209,0.3325526932084316,4.830000000000155,0.780538302277404,2.2799999999999727,3.41850000000004,0.24,1.0,0.0,1.0,13,4,12.0,2022
2023-01-26 13:01:00+00:00|-1.0|S23B_B_pb0.1_eff0.60_h180_tp0.6_sl0.65,2023-01-26 13:01:00+00:00,STAGE27B,data/reports/stage27b_db_first_lineage_gate_discovery/stage27b_enriched_lineage_trades.csv,london_oneway_continuation,S23B_B_pb0.1_eff0.60_h180_tp0.6_sl0.65,2.09714,1.0471400000000002,0.3471400000000004,1,1,1,0,1.0471400000000002,28.65999999999985,6.610000000000127,0.2632375189107376,15.129999999999882,0.6549900859220198,2.0299999999999727,4.674000000000001,0.468,-1.0,0.0,1.0,13,3,1.0,2023
2023-01-27 13:01:00+00:00|1.0|S23B_B_pb0.1_eff0.60_h180_tp0.6_sl0.65,2023-01-27 13:01:00+00:00,STAGE27B,data/reports/stage27b_db_first_lineage_gate_discovery/stage27b_enriched_lineage_trades.csv,london_oneway_continuation,S23B_B_pb0.1_eff0.60_h180_tp0.6_sl0.65,1.91414,0.8641399999999999,0.1641400000000001,1,1,1,0,0.8641399999999999,30.470000000000027,15.069999999999936,0.6084936960849444,7.829999999999927,0.8735632183908023,3.990000000000009,4.602999999999975,0.368,1.0,0.0,1.0,13,4,1.0,2023
2023-02-15 13:01:00+00:00|-1.0|S23B_B_pb0.1_eff0.60_h180_tp0.6_sl0.65,2023-02-15 13:01:00+00:00,STAGE27B,data/reports/stage27b_db_first_lineage_gate_discovery/stage27b_enriched_lineage_trades.csv,london_oneway_continuation,S23B_B_pb0.1_eff0.60_h180_tp0.6_sl0.65,2.15543,1.10543,0.4054300000000004,1,1,1,0,1.10543,27.169999999999845,13.559999999999944,0.5243362831858355,16.019999999999982,0.7771535580524381,3.9500000000000455,5.293000000000006,0.48,-1.0,0.0,1.0,13,2,2.0,2023
2023-03-01 13:01:00+00:00|1.0|S23B_B_pb0.1_eff0.60_h180_tp0.6_sl0.65,2023-03-01 13:01:00+00:00,STAGE27B,data/reports/stage27b_db_first_lineage_gate_discovery/stage27b_enriched_lineage_trades.csv,london_oneway_continuation,S23B_B_pb0.1_eff0.60_h180_tp0.6_sl0.65,1.89657,0.8465700000000003,0.1465700000000005,1,1,1,0,0.8465700000000003,26.559999999999945,8.710000000000036,0.5051664753157373,8.179999999999836,0.6002444987775003,4.190000000000055,3.8149999999999524,0.38,1.0,1.0,1.0,13,2,3.0,2023
2023-03-03 13:01:00+00:00|1.0|S23B_B_pb0.1_eff0.60_h180_tp0.6_sl0.65,2023-03-03 13:01:00+00:00,STAGE27B,data/reports/stage27b_db_first_lineage_gate_discovery/stage27b_enriched_lineage_trades.csv,london_oneway_continuation,S23B_B_pb0.1_eff0.60_h180_tp0.6_sl0.65,1.282,0.2319999999999999,-0.4679999999999997,1,0,1,0,0.2319999999999999,8.949999999999818,6.009999999999991,0.0981697171381275,9.990000000000007,0.8508508508508501,2.650000000000091,2.942999999999995,0.076,1.0,1.0,1.0,13,4,3.0,2023
2023-03-16 13:01:00+00:00|1.0|S23B_B_pb0.1_eff0.60_h180_tp0.6_sl0.65,2023-03-16 13:01:00+00:00,STAGE27B,data/reports/stage27b_db_first_lineage_gate_discovery/stage27b_enriched_lineage_trades.csv,london_oneway_continuation,S23B_B_pb0.1_eff0.60_h180_tp0.6_sl0.65,2.95686,1.90686,1.2068600000000005,1,1,1,0,1.90686,51.57999999999993,16.930000000000064,0.2445363260484397,10.720000000000027,0.868470149253724,4.350000000000136,6.749499999999989,0.788,1.0,1.0,1.0,13,3,3.0,2023
2023-03-21 13:01:00+00:00|-1.0|S23B_B_pb0.1_eff0.60_h180_tp0.6_sl0.65,2023-03-21 13:01:00+00:00,STAGE27B,data/reports/stage27b_db_first_lineage_gate_discovery/stage27b_enriched_lineage_trades.csv,london_oneway_continuation,S23B_B_pb0.1_eff0.60_h180_tp0.6_sl0.65,2.67443,1.6244300000000005,0.9244300000000004,1,1,1,0,1.6244300000000005,43.950000000000045,9.779999999999973,0.3374233128834318,20.310000000000173,0.6233382570162357,5.069999999999936,5.340999999999974,0.44,-1.0,1.0,1.0,13,1,3.0,2023
2023-03-27 13:01:00+00:00|-1.0|S23B_B_pb0.1_eff0.60_h180_tp0.6_sl0.65,2023-03-27 13:01:00+00:00,STAGE27B,data/reports/stage27b_db_first_lineage_gate_discovery/stage27b_enriched_lineage_trades.csv,london_oneway_continuation,S23B_B_pb0.1_eff0.60_h180_tp0.6_sl0.65,3.09229,2.04229,1.3422900000000002,1,1,1,0,2.04229,10.569999999999936,10.569999999999936,0.0747398297067141,19.519999999999985,0.9508196721311456,12.740000000000009,6.0490000000000235,0.288,-1.0,1.0,1.0,13,0,3.0,2023
2023-03-30 13:01:00+00:00|1.0|S23B_B_pb0.1_eff0.60_h180_tp0.6_sl0.65,2023-03-30 13:01:00+00:00,STAGE27B,data/reports/stage27b_db_first_lineage_gate_discovery/stage27b_enriched_lineage_trades.csv,london_oneway_continuation,S23B_B_pb0.1_eff0.60_h180_tp0.6_sl0.65,1.71957,0.6695700000000002,-0.0304299999999995,1,0,1,0,0.6695700000000002,15.759999999999993,9.539999999999964,0.4947589098532542,12.559999999999944,0.6162420382165639,1.6600000000000819,4.042999999999973,0.048,1.0,0.0,1.0,13,3,3.0,2023
2023-04-03 13:01:00+00:00|1.0|S23B_B_pb0.1_eff0.60_h180_tp0.6_sl0.65,2023-04-03 13:01:00+00:00,STAGE27B,data/reports/stage27b_db_first_lineage_gate_discovery/stage27b_enriched_lineage_trades.csv,london_oneway_continuation,S23B_B_pb0.1_eff0.60_h180_tp0.6_sl0.65,3.166,2.116,1.4160000000000004,1,1,1,0,2.116,12.190000000000056,22.549999999999955,0.4736141906873652,16.539999999999964,0.8657799274486074,3.9400000000000546,6.254499999999996,0.552,1.0,0.0,1.0,13,0,4.0,2023
2023-04-13 13:01:00+00:00|1.0|S23B_B_pb0.1_eff0.60_h180_tp0.6_sl0.65,2023-04-13 13:01:00+00:00,STAGE27B,data/reports/stage27b_db_first_lineage_gate_discovery/stage27b_enriched_lineage_trades.csv,london_oneway_continuation,S23B_B_pb0.1_eff0.60_h180_tp0.6_sl0.65,1.72643,0.6764300000000003,-0.0235699999999994,1,0,1,0,0.6764300000000003,27.13000000000011,6.1400000000001,0.3697068403908705,13.950000000000044,0.6566308243727635,2.9199999999998454,4.161999999999978,0.308,1.0,1.0,1.0,13,3,4.0,2023
2023-04-26 13:01:00+00:00|1.0|S23B_B_pb0.1_eff0.60_h180_tp0.6_sl0.65,2023-04-26 13:01:00+00:00,STAGE27B,data/reports/stage27b_db_first_lineage_gate_discovery/stage27b_enriched_lineage_trades.csv,london_oneway_continuation,S23B_B_pb0.1_eff0.60_h180_tp0.6_sl0.65,-2.66121,-3.71121,-4.41121,0,0,0,1,3.71121,27.71000000000004,9.230000000000018,0.3781148429035755,6.069999999999936,0.7726523887973812,3.119999999999891,4.515499999999986,0.262,1.0,1.0,1.0,13,2,4.0,2023
2023-05-30 13:01:00+00:00|1.0|S23B_B_pb0.1_eff0.60_h180_tp0.6_sl0.65,2023-05-30 13:01:00+00:00,STAGE27B,data/reports/stage27b_db_first_lineage_gate_discovery/stage27b_enriched_lineage_trades.csv,london_oneway_continuation,S23B_B_pb0.1_eff0.60_h180_tp0.6_sl0.65,2.20129,1.15129,0.4512900000000002,1,1,1,0,1.15129,9.490000000000007,7.379999999999882,0.4878048780488068,21.039999999999964,0.6416349809885943,10.600000000000136,3.56099999999999,0.18,1.0,0.0,1.0,13,1,5.0,2023
2023-06-12 13:01:00+00:00|1.0|S23B_B_pb0.1_eff0.60_h180_tp0.6_sl0.65,2023-06-12 13:01:00+00:00,STAGE27B,data/reports/stage27b_db_first_lineage_gate_discovery/stage27b_enriched_lineage_trades.csv,london_oneway_continuation,S23B_B_pb0.1_eff0.60_h180_tp0.6_sl0.65,-2.30604,-3.35604,-4.056039999999999,0,0,0,1,3.35604,1.740000000000009,6.239999999999782,0.068910256410269,9.049999999999956,0.7502762430939224,1.9400000000000546,3.109499999999957,0.148,1.0,0.0,1.0,13,0,6.0,2023
2023-06-27 13:01:00+00:00|-1.0|S23B_B_pb0.1_eff0.60_h180_tp0.6_sl0.65,2023-06-27 13:01:00+00:00,STAGE27B,data/reports/stage27b_db_first_lineage_gate_discovery/stage27b_enriched_lineage_trades.csv,london_oneway_continuation,S23B_B_pb0.1_eff0.60_h180_tp0.6_sl0.65,1.42557,0.3755700000000002,-0.3244299999999995,1,0,1,0,0.3755700000000002,11.819999999999936,9.349999999999907,0.4064171122994643,5.9500000000000455,0.724369747899145,1.9800000000000182,3.00150000000001,0.12,-1.0,1.0,1.0,13,1,6.0,2023
2023-07-04 13:01:00+00:00|1.0|S23B_B_pb0.1_eff0.60_h180_tp0.6_sl0.65,2023-07-04 13:01:00+00:00,STAGE27B,data/reports/stage27b_db_first_lineage_gate_discovery/stage27b_enriched_lineage_trades.csv,london_oneway_continuation,S23B_B_pb0.1_eff0.60_h180_tp0.6_sl0.65,-1.66207,-2.71207,-3.41207,0,0,0,0,2.71207,20.950000000000045,3.6399999999998727,0.4807692307692476,7.9099999999998545,0.8609355246523765,2.1099999999999,2.3639999999999874,0.004,1.0,1.0,1.0,13,1,7.0,2023
2023-07-17 13:01:00+00:00|1.0|S23B_B_pb0.1_eff0.60_h180_tp0.6_sl0.65,2023-07-17 13:01:00+00:00,STAGE27B,data/reports/stage27b_db_first_lineage_gate_discovery/stage27b_enriched_lineage_trades.csv,london_oneway_continuation,S23B_B_pb0.1_eff0.60_h180_tp0.6_sl0.65,-2.57254,-3.62254,-4.32254,0,0,0,1,3.62254,2.8300000000001546,4.990000000000009,0.1923847695390851,8.600000000000136,0.7697674418604666,4.940000000000055,3.5169999999999844,0.536,1.0,0.0,1.0,13,0,7.0,2023
2023-08-09 13:01:00+00:00|-1.0|S23B_B_pb0.1_eff0.60_h180_tp0.6_sl0.65,2023-08-09 13:01:00+00:00,STAGE27B,data/reports/stage27b_db_first_lineage_gate_discovery/stage27b_enriched_lineage_trades.csv,london_oneway_continuation,S23B_B_pb0.1_eff0.60_h180_tp0.6_sl0.65,1.00771,-0.0422899999999999,-0.7422899999999997,0,0,0,0,0.0422899999999999,15.22999999999979,6.5900000000001455,0.7799696509863409,6.440000000000055,0.6024844720497012,2.4700000000000273,2.55300000000002,0.028,-1.0,1.0,1.0,13,2,8.0,2023
2023-08-22 13:01:00+00:00|1.0|S23B_B_pb0.1_eff0.60_h180_tp0.6_sl0.65,2023-08-22 13:01:00+00:00,STAGE27B,data/reports/stage27b_db_first_lineage_gate_discovery/stage27b_enriched_lineage_trades.csv,london_oneway_continuation,S23B_B_pb0.1_eff0.60_h180_tp0.6_sl0.65,1.3038600000000002,0.2538600000000002,-0.4461399999999995,1,0,1,0,0.2538600000000002,14.160000000000082,3.6100000000001273,0.2576177285318645,9.980000000000018,0.6863727454909716,4.329999999999927,2.81700000000003,0.224,1.0,1.0,1.0,13,1,8.0,2023
2023-09-27 13:01:00+00:00|-1.0|S23B_B_pb0.1_eff0.60_h180_tp0.6_sl0.65,2023-09-27 13:01:00+00:00,STAGE27B,data/reports/stage27b_db_first_lineage_gate_discovery/stage27b_enriched_lineage_trades.csv,london_oneway_continuation,S23B_B_pb0.1_eff0.60_h180_tp0.6_sl0.65,1.0767099999999998,0.02671,-0.6732899999999997,1,0,0,0,0.02671,17.690000000000055,4.459999999999809,0.2399103139013922,5.339999999999918,0.8220973782771424,2.0499999999999545,2.484999999999991,0.426,-1.0,1.0,1.0,13,2,9.0,2023
2023-10-17 13:01:00+00:00|1.0|S23B_B_pb0.1_eff0.60_h180_tp0.6_sl0.65,2023-10-17 13:01:00+00:00,STAGE27B,data/reports/stage27b_db_first_lineage_gate_discovery/stage27b_enriched_lineage_trades.csv,london_oneway_continuation,S23B_B_pb0.1_eff0.60_h180_tp0.6_sl0.65,1.52971,0.4797100000000001,-0.2202899999999996,1,0,1,0,0.4797100000000001,22.09999999999991,9.3599999999999,0.2243589743589913,9.639999999999873,0.6390041493775868,4.919999999999845,3.052499999999975,0.132,1.0,0.0,1.0,13,1,10.0,2023
2023-10-24 13:01:00+00:00|-1.0|S23B_B_pb0.1_eff0.60_h180_tp0.6_sl0.65,2023-10-24 13:01:00+00:00,STAGE27B,data/reports/stage27b_db_first_lineage_gate_discovery/stage27b_enriched_lineage_trades.csv,london_oneway_continuation,S23B_B_pb0.1_eff0.60_h180_tp0.6_sl0.65,1.94029,0.8902900000000002,0.1902900000000005,1,1,1,0,0.8902900000000002,21.069999999999936,9.460000000000036,0.4069767441860353,14.259999999999993,0.7180925666199169,7.629999999999882,4.0440000000000165,0.432,-1.0,1.0,1.0,13,1,10.0,2023
2023-11-20 13:01:00+00:00|-1.0|S23B_B_pb0.1_eff0.60_h180_tp0.6_sl0.65,2023-11-20 13:01:00+00:00,STAGE27B,data/reports/stage27b_db_first_lineage_gate_discovery/stage27b_enriched_lineage_trades.csv,london_oneway_continuation,S23B_B_pb0.1_eff0.60_h180_tp0.6_sl0.65,1.97286,0.92286,0.2228600000000002,1,1,1,0,0.92286,4.460000000000036,11.800000000000182,0.5805084745762545,8.240000000000009,0.6638349514563132,4.470000000000027,3.6175000000000184,0.38,-1.0,1.0,1.0,13,0,11.0,2023
2023-11-30 13:01:00+00:00|-1.0|S23B_B_pb0.1_eff0.60_h180_tp0.6_sl0.65,2023-11-30 13:01:00+00:00,STAGE27B,data/reports/stage27b_db_first_lineage_gate_discovery/stage27b_enriched_lineage_trades.csv,london_oneway_continuation,S23B_B_pb0.1_eff0.60_h180_tp0.6_sl0.65,-2.52054,-3.57054,-4.27054,0,0,0,1,3.57054,16.749999999999773,4.540000000000191,0.0,10.160000000000082,0.6102362204724405,3.759999999999991,3.731000000000063,0.448,-1.0,0.0,1.0,13,3,11.0,2023
2023-12-22 13:01:00+00:00|1.0|S23B_B_pb0.1_eff0.60_h180_tp0.6_sl0.65,2023-12-22 13:01:00+00:00,STAGE27B,data/reports/stage27b_db_first_lineage_gate_discovery/stage27b_enriched_lineage_trades.csv,london_oneway_continuation,S23B_B_pb0.1_eff0.60_h180_tp0.6_sl0.65,2.09071,1.0407100000000002,0.3407100000000005,1,1,1,0,1.0407100000000002,21.38000000000011,8.6099999999999,0.3716608594657207,10.230000000000018,0.6021505376344377,3.7600000000002183,4.050499999999966,0.436,1.0,1.0,1.0,13,4,12.0,2023
2024-01-03 13:01:00+00:00|-1.0|S23B_B_pb0.1_eff0.60_h180_tp0.6_sl0.65,2024-01-03 13:01:00+00:00,STAGE27B,data/reports/stage27b_db_first_lineage_gate_discovery/stage27b_enriched_lineage_trades.csv,london_oneway_continuation,S23B_B_pb0.1_eff0.60_h180_tp0.6_sl0.65,1.7452899999999998,0.69529,-0.0047099999999997,1,0,1,0,0.69529,22.88000000000011,7.050000000000182,0.7333333333333247,13.200000000000273,0.7446969696969488,4.5,4.033500000000004,0.54,-1.0,1.0,1.0,13,2,1.0,2024
2024-01-08 13:01:00+00:00|-1.0|S23B_B_pb0.1_eff0.60_h180_tp0.6_sl0.65,2024-01-08 13:01:00+00:00,STAGE27B,data/reports/stage27b_db_first_lineage_gate_discovery/stage27b_enriched_lineage_trades.csv,london_oneway_continuation,S23B_B_pb0.1_eff0.60_h180_tp0.6_sl0.65,2.30243,1.25243,0.5524300000000002,1,1,1,0,1.25243,2.4299999999998363,11.529999999999973,0.7380745880312238,9.460000000000036,0.8879492600422655,2.519999999999982,4.4464999999999915,0.644,-1.0,0.0,1.0,13,0,1.0,2024
2024-01-16 13:01:00+00:00|-1.0|S23B_B_pb0.1_eff0.60_h180_tp0.6_sl0.65,2024-01-16 13:01:00+00:00,STAGE27B,data/reports/stage27b_db_first_lineage_gate_discovery/stage27b_enriched_lineage_trades.csv,london_oneway_continuation,S23B_B_pb0.1_eff0.60_h180_tp0.6_sl0.65,1.52629,0.4762900000000001,-0.2237099999999996,1,0,1,0,0.4762900000000001,12.740000000000007,7.170000000000073,0.656903765690375,12.409999999999854,0.6970185334407891,3.1700000000000728,2.9890000000000554,0.068,-1.0,0.0,1.0,13,1,1.0,2024
2024-02-13 13:01:00+00:00|1.0|S23B_B_pb0.1_eff0.60_h180_tp0.6_sl0.65,2024-02-13 13:01:00+00:00,STAGE27B,data/reports/stage27b_db_first_lineage_gate_discovery/stage27b_enriched_lineage_trades.csv,london_oneway_continuation,S23B_B_pb0.1_eff0.60_h180_tp0.6_sl0.65,0.8144300000000001,-0.2355699999999998,-0.9355699999999996,0,0,0,0,0.2355699999999998,15.639999999999873,4.409999999999855,0.040816326530628,9.190000000000056,0.8476605005440606,1.9500000000000455,2.382499999999993,0.028,1.0,0.0,1.0,13,1,2.0,2024
2024-03-18 13:01:00+00:00|1.0|S23B_B_pb0.1_eff0.60_h180_tp0.6_sl0.65,2024-03-18 13:01:00+00:00,STAGE27B,data/reports/stage27b_db_first_lineage_gate_discovery/stage27b_enriched_lineage_trades.csv,london_oneway_continuation,S23B_B_pb0.1_eff0.60_h180_tp0.6_sl0.65,1.82286,0.7728600000000001,0.0728600000000003,1,1,1,0,0.7728600000000001,5.369999999999891,11.419999999999618,0.6444833625219242,12.349999999999907,0.8858299595141441,3.8899999999998727,3.7884999999999764,0.128,1.0,1.0,1.0,13,0,3.0,2024
2024-04-03 13:01:00+00:00|-1.0|S23B_B_pb0.1_eff0.60_h180_tp0.6_sl0.65,2024-04-03 13:01:00+00:00,STAGE27B,data/reports/stage27b_db_first_lineage_gate_discovery/stage27b_enriched_lineage_trades.csv,london_oneway_continuation,S23B_B_pb0.1_eff0.60_h180_tp0.6_sl0.65,3.19814,2.14814,1.4481400000000004,1,1,1,0,2.14814,35.35999999999967,11.590000000000146,0.2812769628990662,19.360000000000127,0.6714876033057807,5.150000000000091,7.227500000000032,0.736,-1.0,0.0,1.0,13,2,4.0,2024
2024-04-05 13:01:00+00:00|1.0|S23B_B_pb0.1_eff0.60_h180_tp0.6_sl0.65,2024-04-05 13:01:00+00:00,STAGE27B,data/reports/stage27b_db_first_lineage_gate_discovery/stage27b_enriched_lineage_trades.csv,london_oneway_continuation,S23B_B_pb0.1_eff0.60_h180_tp0.6_sl0.65,3.643,2.593,1.893,1,1,1,0,2.593,25.519999999999985,25.579999999999927,0.5136825645035327,16.9699999999998,0.8461991750147494,6.940000000000055,7.961500000000001,0.856,1.0,0.0,1.0,13,4,4.0,2024
2024-05-02 13:01:00+00:00|-1.0|S23B_B_pb0.1_eff0.60_h180_tp0.6_sl0.65,2024-05-02 13:01:00+00:00,STAGE27B,data/reports/stage27b_db_first_lineage_gate_discovery/stage27b_enriched_lineage_trades.csv,london_oneway_continuation,S23B_B_pb0.1_eff0.60_h180_tp0.6_sl0.65,3.217,2.1670000000000003,1.4670000000000003,1,1,1,0,2.1670000000000003,46.82999999999993,9.070000000000164,0.1422271223814708,22.340000000000146,0.8012533572068028,6.7400000000002365,8.24950000000008,0.76,-1.0,0.0,1.0,13,3,5.0,2024
2024-05-10 13:01:00+00:00|1.0|S23B_B_pb0.1_eff0.60_h180_tp0.6_sl0.65,2024-05-10 13:01:00+00:00,STAGE27B,data/reports/stage27b_db_first_lineage_gate_discovery/stage27b_enriched_lineage_trades.csv,london_oneway_continuation,S23B_B_pb0.1_eff0.60_h180_tp0.6_sl0.65,2.899,1.849,1.1490000000000005,1,1,1,0,1.849,40.63999999999987,10.659999999999854,0.6716697936210086,24.079999999999927,0.7936046511627984,5.8400000000001455,5.9384999999999994,0.4,1.0,1.0,1.0,13,4,5.0,2024
2024-05-29 13:01:00+00:00|-1.0|S23B_B_pb0.1_eff0.60_h180_tp0.6_sl0.65,2024-05-29 13:01:00+00:00,STAGE27B,data/reports/stage27b_db_first_lineage_gate_discovery/stage27b_enriched_lineage_trades.csv,london_oneway_continuation,S23B_B_pb0.1_eff0.60_h180_tp0.6_sl0.65,2.38,1.33,0.6300000000000003,1,1,1,0,1.33,24.059999999999945,7.930000000000291,0.1286254728877609,20.70000000000028,0.6120772946859638,5.320000000000164,5.17150000000006,0.272,-1.0,0.0,1.0,13,2,5.0,2024
2024-06-07 13:01:00+00:00|-1.0|S23B_B_pb0.1_eff0.60_h180_tp0.6_sl0.65,2024-06-07 13:01:00+00:00,STAGE27B,data/reports/stage27b_db_first_lineage_gate_discovery/stage27b_enriched_lineage_trades.csv,london_oneway_continuation,S23B_B_pb0.1_eff0.60_h180_tp0.6_sl0.65,4.67671,3.62671,2.92671,1,1,1,0,3.62671,25.20999999999958,12.600000000000364,0.2492063492063319,50.42000000000007,0.8131693772312563,10.519999999999982,7.641499999999996,0.988,-1.0,0.0,1.0,13,4,6.0,2024
2024-06-14 13:01:00+00:00|1.0|S23B_B_pb0.1_eff0.60_h180_tp0.6_sl0.65,2024-06-14 13:01:00+00:00,STAGE27B,data/reports/stage27b_db_first_lineage_gate_discovery/stage27b_enriched_lineage_trades.csv,london_oneway_continuation,S23B_B_pb0.1_eff0.60_h180_tp0.6_sl0.65,2.49014,1.44014,0.7401400000000002,1,1,1,0,1.44014,31.15999999999985,7.050000000000182,0.3588652482269049,19.13999999999988,0.8949843260188204,7.5300000000002,5.026000000000022,0.196,1.0,0.0,1.0,13,4,6.0,2024
2024-06-25 13:01:00+00:00|1.0|S23B_B_pb0.1_eff0.60_h180_tp0.6_sl0.65,2024-06-25 13:01:00+00:00,STAGE27B,data/reports/stage27b_db_first_lineage_gate_discovery/stage27b_enriched_lineage_trades.csv,london_oneway_continuation,S23B_B_pb0.1_eff0.60_h180_tp0.6_sl0.65,2.23857,1.18857,0.4885700000000001,1,1,1,0,1.18857,17.15000000000009,11.150000000000093,0.6852017937219969,11.319999999999707,0.7915194346289989,4.769999999999982,4.180999999999949,0.152,1.0,1.0,1.0,13,1,6.0,2024
2024-06-27 13:01:00+00:00|1.0|S23B_B_pb0.1_eff0.60_h180_tp0.6_sl0.65,2024-06-27 13:01:00+00:00,STAGE27B,data/reports/stage27b_db_first_lineage_gate_discovery/stage27b_enriched_lineage_trades.csv,london_oneway_continuation,S23B_B_pb0.1_eff0.60_h180_tp0.6_sl0.65,1.60729,0.5572900000000001,-0.1427099999999996,1,0,1,0,0.5572900000000001,30.350000000000364,3.3899999999998727,0.2212389380531056,17.429999999999836,0.7917383820998457,6.599999999999909,3.5849999999999453,0.072,1.0,0.0,1.0,13,3,6.0,2024
2024-06-28 13:01:00+00:00|1.0|S23B_B_pb0.1_eff0.60_h180_tp0.6_sl0.65,2024-06-28 13:01:00+00:00,STAGE27B,data/reports/stage27b_db_first_lineage_gate_discovery/stage27b_enriched_lineage_trades.csv,london_oneway_continuation,S23B_B_pb0.1_eff0.60_h180_tp0.6_sl0.65,2.137,1.0870000000000002,0.3870000000000004,1,1,1,0,1.0870000000000002,34.58999999999969,9.269999999999982,0.5587918015102316,12.099999999999907,0.7033057851239527,3.0700000000001637,4.011000000000058,0.132,1.0,1.0,1.0,13,4,6.0,2024
2024-07-19 13:01:00+00:00|-1.0|S23B_B_pb0.1_eff0.60_h180_tp0.6_sl0.65,2024-07-19 13:01:00+00:00,STAGE27B,data/reports/stage27b_db_first_lineage_gate_discovery/stage27b_enriched_lineage_trades.csv,london_oneway_continuation,S23B_B_pb0.1_eff0.60_h180_tp0.6_sl0.65,3.77586,2.7258600000000004,2.0258600000000007,1,1,1,0,2.7258600000000004,34.84999999999991,24.67999999999984,0.6288492706645091,16.5,0.7678787878787923,6.269999999999982,7.066999999999939,0.872,-1.0,1.0,1.0,13,4,7.0,2024
2024-08-07 13:01:00+00:00|1.0|S23B_B_pb0.1_eff0.60_h180_tp0.6_sl0.65,2024-08-07 13:01:00+00:00,STAGE27B,data/reports/stage27b_db_first_lineage_gate_discovery/stage27b_enriched_lineage_trades.csv,london_oneway_continuation,S23B_B_pb0.1_eff0.60_h180_tp0.6_sl0.65,3.30143,2.25143,1.5514300000000003,1,1,1,0,2.25143,36.63000000000011,11.710000000000036,0.2271562766865795,11.829999999999927,0.7007607776838558,3.930000000000291,6.822499999999991,0.396,1.0,0.0,1.0,13,2,8.0,2024
2024-08-16 13:01:00+00:00|1.0|S23B_B_pb0.1_eff0.60_h180_tp0.6_sl0.65,2024-08-16 13:01:00+00:00,STAGE27B,data/reports/stage27b_db_first_lineage_gate_discovery/stage27b_enriched_lineage_trades.csv,london_oneway_continuation,S23B_B_pb0.1_eff0.60_h180_tp0.6_sl0.65,2.19957,1.1495700000000002,0.4495700000000004,1,1,1,0,1.1495700000000002,37.90000000000009,9.2199999999998,0.2603036876355903,13.390000000000327,0.8110530246452473,3.0700000000001637,4.9780000000000655,0.04,1.0,1.0,1.0,13,4,8.0,2024
2024-09-05 13:01:00+00:00|1.0|S23B_B_pb0.1_eff0.60_h180_tp0.6_sl0.65,2024-09-05 13:01:00+00:00,STAGE27B,data/reports/stage27b_db_first_lineage_gate_discovery/stage27b_enriched_lineage_trades.csv,london_oneway_continuation,S23B_B_pb0.1_eff0.60_h180_tp0.6_sl0.65,2.128,1.0780000000000003,0.3780000000000005,1,1,1,0,1.0780000000000003,28.620000000000346,4.880000000000109,0.0881147540983251,23.40999999999985,0.8821016659547296,2.519999999999982,4.613000000000056,0.132,1.0,1.0,1.0,13,3,9.0,2024
2024-09-20 13:01:00+00:00|1.0|S23B_B_pb0.1_eff0.60_h180_tp0.6_sl0.65,2024-09-20 13:01:00+00:00,STAGE27B,data/reports/stage27b_db_first_lineage_gate_discovery/stage27b_enriched_lineage_trades.csv,london_oneway_continuation,S23B_B_pb0.1_eff0.60_h180_tp0.6_sl0.65,2.61186,1.5618600000000002,0.8618600000000005,1,1,1,0,1.5618600000000002,43.78999999999997,8.75,0.411428571428561,21.41999999999961,0.6984126984127126,8.039999999999964,5.049000000000047,0.416,1.0,1.0,1.0,13,4,9.0,2024
2024-10-01 13:01:00+00:00|1.0|S23B_B_pb0.1_eff0.60_h180_tp0.6_sl0.65,2024-10-01 13:01:00+00:00,STAGE27B,data/reports/stage27b_db_first_lineage_gate_discovery/stage27b_enriched_lineage_trades.csv,london_oneway_continuation,S23B_B_pb0.1_eff0.60_h180_tp0.6_sl0.65,1.89829,0.84829,0.1482900000000002,1,1,1,0,0.84829,41.48000000000002,7.730000000000018,0.3842173350582468,11.840000000000146,0.9045608108108028,3.9400000000000546,4.787000000000035,0.108,1.0,0.0,1.0,13,1,10.0,2024
2024-10-11 13:01:00+00:00|-1.0|S23B_B_pb0.1_eff0.60_h180_tp0.6_sl0.65,2024-10-11 13:01:00+00:00,STAGE27B,data/reports/stage27b_db_first_lineage_gate_discovery/stage27b_enriched_lineage_trades.csv,london_oneway_continuation,S23B_B_pb0.1_eff0.60_h180_tp0.6_sl0.65,-3.75182,-4.801819999999999,-5.50182,0,0,0,1,4.801819999999999,25.800000000000185,17.980000000000018,0.9566184649610568,10.989999999999782,0.6960873521383296,5.529999999999745,6.082500000000005,0.34,-1.0,0.0,1.0,13,4,10.0,2024
2024-10-24 13:01:00+00:00|1.0|S23B_B_pb0.1_eff0.60_h180_tp0.6_sl0.65,2024-10-24 13:01:00+00:00,STAGE27B,data/reports/stage27b_db_first_lineage_gate_discovery/stage27b_enriched_lineage_trades.csv,london_oneway_continuation,S23B_B_pb0.1_eff0.60_h180_tp0.6_sl0.65,2.22871,1.17871,0.4787100000000004,1,1,1,0,1.17871,49.92000000000007,12.279999999999744,0.3957654723127221,16.420000000000073,0.8361753958587063,3.230000000000018,5.922000000000049,0.54,1.0,0.0,1.0,13,3,10.0,2024
2024-11-21 13:01:00+00:00|1.0|S23B_B_pb0.1_eff0.60_h180_tp0.6_sl0.65,2024-11-21 13:01:00+00:00,STAGE27B,data/reports/stage27b_db_first_lineage_gate_discovery/stage27b_enriched_lineage_trades.csv,london_oneway_continuation,S23B_B_pb0.1_eff0.60_h180_tp0.6_sl0.65,2.97057,1.92057,1.2205700000000004,1,1,1,0,1.92057,36.64000000000033,11.610000000000127,0.418604651162797,17.059999999999945,0.759671746776089,5.239999999999782,5.6704999999999925,0.084,1.0,1.0,1.0,13,3,11.0,2024
2024-11-28 13:01:00+00:00|1.0|S23B_B_pb0.1_eff0.60_h180_tp0.6_sl0.65,2024-11-28 13:01:00+00:00,STAGE27B,data/reports/stage27b_db_first_lineage_gate_discovery/stage27b_enriched_lineage_trades.csv,london_oneway_continuation,S23B_B_pb0.1_eff0.60_h180_tp0.6_sl0.65,-4.149249999999999,-5.199249999999999,-5.899249999999999,0,0,0,1,5.199249999999999,31.329999999999927,17.48999999999978,0.3339050886220822,19.41000000000031,0.8377125193199126,4.7400000000002365,6.230499999999961,0.248,1.0,1.0,1.0,13,3,11.0,2024
2025-01-10 13:01:00+00:00|1.0|S23B_B_pb0.1_eff0.60_h180_tp0.6_sl0.65,2025-01-10 13:01:00+00:00,STAGE27B,data/reports/stage27b_db_first_lineage_gate_discovery/stage27b_enriched_lineage_trades.csv,london_oneway_continuation,S23B_B_pb0.1_eff0.60_h180_tp0.6_sl0.65,-2.60086,-3.65086,-4.350859999999999,0,0,0,1,3.65086,22.809999999999945,6.349999999999909,0.2913385826771552,11.099999999999907,0.827027027027019,4.360000000000127,3.888499999999931,0.008,1.0,1.0,1.0,13,4,1.0,2025
2025-01-14 13:01:00+00:00|-1.0|S23B_B_pb0.1_eff0.60_h180_tp0.6_sl0.65,2025-01-14 13:01:00+00:00,STAGE27B,data/reports/stage27b_db_first_lineage_gate_discovery/stage27b_enriched_lineage_trades.csv,london_oneway_continuation,S23B_B_pb0.1_eff0.60_h180_tp0.6_sl0.65,-3.62229,-4.67229,-5.37229,0,0,0,1,4.67229,36.73000000000002,12.5300000000002,0.4333599361532123,10.629999999999654,0.644402634054575,4.190000000000055,5.336000000000013,0.32,-1.0,1.0,1.0,13,1,1.0,2025
2025-02-03 13:01:00+00:00|1.0|S23B_B_pb0.1_eff0.60_h180_tp0.6_sl0.65,2025-02-03 13:01:00+00:00,STAGE27B,data/reports/stage27b_db_first_lineage_gate_discovery/stage27b_enriched_lineage_trades.csv,london_oneway_continuation,S23B_B_pb0.1_eff0.60_h180_tp0.6_sl0.65,4.68271,3.63271,2.93271,1,1,1,0,3.63271,20.69999999999981,31.9699999999998,0.375664685642785,20.809999999999945,0.8279673234022136,7.130000000000109,9.304999999999973,0.984,1.0,0.0,1.0,13,0,2.0,2025
2025-03-04 13:01:00+00:00|1.0|S23B_B_pb0.1_eff0.60_h180_tp0.6_sl0.65,2025-03-04 13:01:00+00:00,STAGE27B,data/reports/stage27b_db_first_lineage_gate_discovery/stage27b_enriched_lineage_trades.csv,london_oneway_continuation,S23B_B_pb0.1_eff0.60_h180_tp0.6_sl0.65,4.48643,3.43643,2.7364300000000004,1,1,1,0,3.43643,39.940000000000055,11.83999999999969,0.0337837837837539,36.98000000000002,0.6311519740400252,5.980000000000018,8.387000000000011,0.664,1.0,1.0,1.0,13,1,3.0,2025
2025-03-07 13:01:00+00:00|1.0|S23B_B_pb0.1_eff0.60_h180_tp0.6_sl0.65,2025-03-07 13:01:00+00:00,STAGE27B,data/reports/stage27b_db_first_lineage_gate_discovery/stage27b_enriched_lineage_trades.csv,london_oneway_continuation,S23B_B_pb0.1_eff0.60_h180_tp0.6_sl0.65,3.38929,2.33929,1.6392900000000004,1,1,1,0,2.33929,35.41000000000031,18.309999999999945,0.1982523211359978,16.63000000000011,0.6806975345760454,4.809999999999945,7.198499999999944,0.136,1.0,0.0,1.0,13,4,3.0,2025
2025-03-17 13:01:00+00:00|1.0|S23B_B_pb0.1_eff0.60_h180_tp0.6_sl0.65,2025-03-17 13:01:00+00:00,STAGE27B,data/reports/stage27b_db_first_lineage_gate_discovery/stage27b_enriched_lineage_trades.csv,london_oneway_continuation,S23B_B_pb0.1_eff0.60_h180_tp0.6_sl0.65,-3.84932,-4.89932,-5.59932,0,0,0,1,4.89932,10.909999999999854,11.659999999999854,0.1449399656946891,17.420000000000073,0.9466130884041168,4.769999999999982,5.485999999999967,0.024,1.0,1.0,1.0,13,0,3.0,2025
2025-03-20 13:01:00+00:00|-1.0|S23B_B_pb0.1_eff0.60_h180_tp0.6_sl0.65,2025-03-20 13:01:00+00:00,STAGE27B,data/reports/stage27b_db_first_lineage_gate_discovery/stage27b_enriched_lineage_trades.csv,london_oneway_continuation,S23B_B_pb0.1_eff0.60_h180_tp0.6_sl0.65,3.74543,2.6954300000000004,1.9954300000000007,1,1,1,0,2.6954300000000004,29.17999999999984,12.38000000000011,0.4491114701130773,28.14999999999964,0.6600355239786916,16.08999999999969,7.208000000000015,0.528,-1.0,0.0,1.0,13,3,3.0,2025
2025-04-30 13:01:00+00:00|-1.0|S23B_B_pb0.1_eff0.60_h180_tp0.6_sl0.65,2025-04-30 13:01:00+00:00,STAGE27B,data/reports/stage27b_db_first_lineage_gate_discovery/stage27b_enriched_lineage_trades.csv,london_oneway_continuation,S23B_B_pb0.1_eff0.60_h180_tp0.6_sl0.65,6.17286,5.122859999999999,4.42286,1,1,1,0,5.122859999999999,48.690000000000055,24.269999999999985,0.5937371240214201,39.57999999999993,0.7271349166245528,11.799999999999727,11.332499999999936,0.14,-1.0,1.0,1.0,13,2,4.0,2025
2025-05-05 13:01:00+00:00|1.0|S23B_B_pb0.1_eff0.60_h180_tp0.6_sl0.65,2025-05-05 13:01:00+00:00,STAGE27B,data/reports/stage27b_db_first_lineage_gate_discovery/stage27b_enriched_lineage_trades.csv,london_oneway_continuation,S23B_B_pb0.1_eff0.60_h180_tp0.6_sl0.65,7.32957,6.27957,5.57957,1,1,1,0,6.27957,7.070000000000164,34.75,0.4330935251798483,55.36000000000013,0.9750722543352582,26.809999999999945,13.4650000000001,0.28,1.0,1.0,1.0,13,0,5.0,2025
2025-06-05 13:01:00+00:00|1.0|S23B_B_pb0.1_eff0.60_h180_tp0.6_sl0.65,2025-06-05 13:01:00+00:00,STAGE27B,data/reports/stage27b_db_first_lineage_gate_discovery/stage27b_enriched_lineage_trades.csv,london_oneway_continuation,S23B_B_pb0.1_eff0.60_h180_tp0.6_sl0.65,4.86571,3.81571,3.11571,1,1,1,0,3.81571,40.88999999999987,15.769999999999982,0.2441344324667034,30.279999999999745,0.6647952443857423,17.199999999999818,9.147000000000002,0.148,1.0,1.0,1.0,13,3,6.0,2025
2025-07-01 13:01:00+00:00|1.0|S23B_B_pb0.1_eff0.60_h180_tp0.6_sl0.65,2025-07-01 13:01:00+00:00,STAGE27B,data/reports/stage27b_db_first_lineage_gate_discovery/stage27b_enriched_lineage_trades.csv,london_oneway_continuation,S23B_B_pb0.1_eff0.60_h180_tp0.6_sl0.65,3.89714,2.84714,2.1471400000000003,1,1,1,0,2.84714,63.93000000000029,20.279999999999745,0.4817554240631215,29.08999999999969,0.8446201443795108,9.88000000000011,7.409500000000071,0.072,1.0,1.0,1.0,13,1,7.0,2025
2025-07-14 13:01:00+00:00|1.0|S23B_B_pb0.1_eff0.60_h180_tp0.6_sl0.65,2025-07-14 13:01:00+00:00,STAGE27B,data/reports/stage27b_db_first_lineage_gate_discovery/stage27b_enriched_lineage_trades.csv,london_oneway_continuation,S23B_B_pb0.1_eff0.60_h180_tp0.6_sl0.65,-5.544429999999999,-6.594429999999999,-7.294429999999999,0,0,0,1,6.594429999999999,11.590000000000146,20.13999999999988,0.6156901688182805,21.2199999999998,0.6291234684260363,6.230000000000018,7.844500000000039,0.504,1.0,1.0,1.0,13,0,7.0,2025
2025-07-15 13:01:00+00:00|1.0|S23B_B_pb0.1_eff0.60_h180_tp0.6_sl0.65,2025-07-15 13:01:00+00:00,STAGE27B,data/reports/stage27b_db_first_lineage_gate_discovery/stage27b_enriched_lineage_trades.csv,london_oneway_continuation,S23B_B_pb0.1_eff0.60_h180_tp0.6_sl0.65,3.01343,1.96343,1.2634300000000005,1,1,1,0,1.96343,34.059999999999945,17.06999999999971,0.7158758055067641,9.0,0.6077777777777555,6.110000000000127,5.974000000000046,0.04,1.0,0.0,1.0,13,1,7.0,2025
2025-07-21 13:01:00+00:00|1.0|S23B_B_pb0.1_eff0.60_h180_tp0.6_sl0.65,2025-07-21 13:01:00+00:00,STAGE27B,data/reports/stage27b_db_first_lineage_gate_discovery/stage27b_enriched_lineage_trades.csv,london_oneway_continuation,S23B_B_pb0.1_eff0.60_h180_tp0.6_sl0.65,3.20886,2.15886,1.4588600000000005,1,1,1,0,2.15886,5.199999999999818,13.569999999999707,0.257184966838604,20.029999999999745,0.7393909136295623,3.5900000000001455,5.412499999999886,0.004,1.0,0.0,1.0,13,0,7.0,2025
2025-08-05 13:01:00+00:00|-1.0|S23B_B_pb0.1_eff0.60_h180_tp0.6_sl0.65,2025-08-05 13:01:00+00:00,STAGE27B,data/reports/stage27b_db_first_lineage_gate_discovery/stage27b_enriched_lineage_trades.csv,london_oneway_continuation,S23B_B_pb0.1_eff0.60_h180_tp0.6_sl0.65,3.23329,2.18329,1.4832900000000002,1,1,1,0,2.18329,40.25999999999976,10.429999999999836,0.2550335570470135,16.519999999999982,0.7481840193704686,7.330000000000382,5.739000000000033,0.016,-1.0,0.0,1.0,13,1,8.0,2025
2025-09-08 13:01:00+00:00|1.0|S23B_B_pb0.1_eff0.60_h180_tp0.6_sl0.65,2025-09-08 13:01:00+00:00,STAGE27B,data/reports/stage27b_db_first_lineage_gate_discovery/stage27b_enriched_lineage_trades.csv,london_oneway_continuation,S23B_B_pb0.1_eff0.60_h180_tp0.6_sl0.65,5.509860000000001,4.459860000000001,3.7598600000000006,1,1,1,0,4.459860000000001,18.25,18.559999999999945,0.468211206896556,37.67999999999984,0.8017515923566924,6.2599999999997635,9.490000000000032,0.636,1.0,1.0,1.0,13,0,9.0,2025
2025-10-21 13:01:00+00:00|-1.0|S23B_B_pb0.1_eff0.60_h180_tp0.6_sl0.65,2025-10-21 13:01:00+00:00,STAGE27B,data/reports/stage27b_db_first_lineage_gate_discovery/stage27b_enriched_lineage_trades.csv,london_oneway_continuation,S23B_B_pb0.1_eff0.60_h180_tp0.6_sl0.65,15.46386,14.41386,13.71386,1,1,1,0,14.41386,162.71999999999937,42.36000000000058,0.4952785646836467,102.25,0.796479217603908,23.349999999999454,24.80199999999986,0.836,-1.0,0.0,1.0,13,1,10.0,2025
2025-11-14 13:01:00+00:00|-1.0|S23B_B_pb0.1_eff0.60_h180_tp0.6_sl0.65,2025-11-14 13:01:00+00:00,STAGE27B,data/reports/stage27b_db_first_lineage_gate_discovery/stage27b_enriched_lineage_trades.csv,london_oneway_continuation,S23B_B_pb0.1_eff0.60_h180_tp0.6_sl0.65,10.70929,9.65929,8.959290000000001,1,1,1,0,9.65929,100.11999999999988,41.19999999999982,0.4191747572815438,44.849999999999454,0.7906354515050271,11.11999999999989,18.576999999999863,0.792,-1.0,1.0,1.0,13,4,11.0,2025
2025-12-12 13:01:00+00:00|1.0|S23B_B_pb0.1_eff0.60_h180_tp0.6_sl0.65,2025-12-12 13:01:00+00:00,STAGE27B,data/reports/stage27b_db_first_lineage_gate_discovery/stage27b_enriched_lineage_trades.csv,london_oneway_continuation,S23B_B_pb0.1_eff0.60_h180_tp0.6_sl0.65,6.36057,5.31057,4.61057,1,1,1,0,5.31057,81.61000000000058,18.800000000000185,0.5281914893616642,64.73999999999978,0.9800741427247596,16.06999999999971,13.740999999999985,0.576,1.0,1.0,1.0,13,4,12.0,2025
2026-03-03 13:01:00+00:00|-1.0|S23B_B_pb0.1_eff0.60_h180_tp0.6_sl0.65,2026-03-03 13:01:00+00:00,STAGE27B,data/reports/stage27b_db_first_lineage_gate_discovery/stage27b_enriched_lineage_trades.csv,london_oneway_continuation,S23B_B_pb0.1_eff0.60_h180_tp0.6_sl0.65,28.28371,27.23371,26.53371,1,1,1,0,27.23371,158.2599999999993,50.46000000000004,0.2964724534284587,140.09999999999943,0.804354032833697,49.88000000000011,34.52399999999993,0.972,-1.0,1.0,1.0,13,1,3.0,2026
2026-03-06 13:01:00+00:00|-1.0|S23B_B_pb0.1_eff0.60_h180_tp0.6_sl0.65,2026-03-06 13:01:00+00:00,STAGE27B,data/reports/stage27b_db_first_lineage_gate_discovery/stage27b_enriched_lineage_trades.csv,london_oneway_continuation,S23B_B_pb0.1_eff0.60_h180_tp0.6_sl0.65,13.41529,12.36529,11.66529,1,1,1,0,12.36529,143.6899999999996,76.73999999999978,0.5422204847537111,54.25,0.6733640552995345,16.86999999999989,26.763000000000012,0.572,-1.0,1.0,1.0,13,4,3.0,2026
2026-05-04 13:01:00+00:00|-1.0|S23B_B_pb0.1_eff0.60_h180_tp0.6_sl0.65,2026-05-04 13:01:00+00:00,STAGE27B,data/reports/stage27b_db_first_lineage_gate_discovery/stage27b_enriched_lineage_trades.csv,london_oneway_continuation,S23B_B_pb0.1_eff0.60_h180_tp0.6_sl0.65,10.36257,9.31257,8.61257,1,1,1,0,9.31257,16.889999999999418,38.17999999999938,0.099790466212665,42.73999999999978,0.933317735142736,11.859999999999673,16.141499999999816,0.296,-1.0,1.0,1.0,13,0,5.0,2026
2026-05-20 13:01:00+00:00|1.0|S23B_B_pb0.1_eff0.60_h180_tp0.6_sl0.65,2026-05-20 13:01:00+00:00,STAGE27B,data/reports/stage27b_db_first_lineage_gate_discovery/stage27b_enriched_lineage_trades.csv,london_oneway_continuation,S23B_B_pb0.1_eff0.60_h180_tp0.6_sl0.65,10.66,9.61,8.91,1,1,1,0,9.61,124.22000000000024,55.14000000000033,0.3741385564018858,34.54999999999927,0.6208393632416865,18.210000000000036,18.370500000000085,0.32,1.0,0.0,1.0,13,2,5.0,2026
2022-05-02 13:01:00+00:00|-1.0|S23B_B_pb0.1_eff0.60_h180_tp0.6_sl0.65,2022-05-02 13:01:00+00:00,STAGE27C,data/reports/stage27c_db_first_h1_atr_gate_validation/stage27c_enriched_h1_atr_trades.csv,london_oneway_continuation,S23B_B_pb0.1_eff0.60_h180_tp0.6_sl0.65,2.52723,1.47723,0.7772300000000003,1,1,1,0,1.47723,3.710000000000037,15.569999999999936,0.6056518946692423,11.819999999999936,0.6607445008460227,4.489999999999782,,,-1.0,0.0,1.0,13,0,5.0,2022
2022-05-09 13:01:00+00:00|-1.0|S23B_B_pb0.1_eff0.60_h180_tp0.6_sl0.65,2022-05-09 13:01:00+00:00,STAGE27C,data/reports/stage27c_db_first_h1_atr_gate_validation/stage27c_enriched_h1_atr_trades.csv,london_oneway_continuation,S23B_B_pb0.1_eff0.60_h180_tp0.6_sl0.65,2.45543,1.40543,0.7054300000000002,1,1,1,0,1.40543,5.370000000000118,11.849999999999907,0.5544303797468535,13.889999999999873,0.8135349172066441,5.029999999999973,4.75,0.1391304347826087,-1.0,1.0,1.0,13,0,5.0,2022
2022-05-10 13:01:00+00:00|-1.0|S23B_B_pb0.1_eff0.60_h180_tp0.6_sl0.65,2022-05-10 13:01:00+00:00,STAGE27C,data/reports/stage27c_db_first_h1_atr_gate_validation/stage27c_enriched_h1_atr_trades.csv,london_oneway_continuation,S23B_B_pb0.1_eff0.60_h180_tp0.6_sl0.65,-3.03729,-4.087289999999999,-4.78729,0,0,0,1,4.087289999999999,34.0,12.160000000000082,0.9555921052631612,7.910000000000082,0.8520859671302072,6.560000000000173,4.665000000000032,0.10071942446043165,-1.0,1.0,1.0,13,1,5.0,2022
2022-05-25 13:01:00+00:00|-1.0|S23B_B_pb0.1_eff0.60_h180_tp0.6_sl0.65,2022-05-25 13:01:00+00:00,STAGE27C,data/reports/stage27c_db_first_h1_atr_gate_validation/stage27c_enriched_h1_atr_trades.csv,london_oneway_continuation,S23B_B_pb0.1_eff0.60_h180_tp0.6_sl0.65,1.68314,0.63314,-0.0668599999999997,1,0,1,0,0.63314,20.42000000000008,8.389999999999873,0.4362336114421823,8.199999999999818,0.6987804878048958,3.740000000000009,3.5694999999999824,0.016,-1.0,0.0,1.0,13,2,5.0,2022
2022-06-02 13:01:00+00:00|1.0|S23B_B_pb0.1_eff0.60_h180_tp0.6_sl0.65,2022-06-02 13:01:00+00:00,STAGE27C,data/reports/stage27c_db_first_h1_atr_gate_validation/stage27c_enriched_h1_atr_trades.csv,london_oneway_continuation,S23B_B_pb0.1_eff0.60_h180_tp0.6_sl0.65,1.291,0.2410000000000001,-0.4589999999999996,1,0,1,0,0.2410000000000001,21.49000000000001,4.849999999999909,0.4659793814433058,10.8599999999999,0.8508287292817767,2.869999999999891,3.276499999999976,0.032,1.0,1.0,1.0,13,3,6.0,2022
2022-06-30 13:01:00+00:00|-1.0|S23B_B_pb0.1_eff0.60_h180_tp0.6_sl0.65,2022-06-30 13:01:00+00:00,STAGE27C,data/reports/stage27c_db_first_h1_atr_gate_validation/stage27c_enriched_h1_atr_trades.csv,london_oneway_continuation,S23B_B_pb0.1_eff0.60_h180_tp0.6_sl0.65,1.3385699999999998,0.28857,-0.4114299999999997,1,0,1,0,0.28857,20.939999999999827,4.75,0.2168421052631521,6.769999999999982,0.6469719350074034,5.080000000000155,2.8190000000000284,0.036,-1.0,1.0,1.0,13,3,6.0,2022
2022-07-04 13:01:00+00:00|-1.0|S23B_B_pb0.1_eff0.60_h180_tp0.6_sl0.65,2022-07-04 13:01:00+00:00,STAGE27C,data/reports/stage27c_db_first_h1_atr_gate_validation/stage27c_enriched_h1_atr_trades.csv,london_oneway_continuation,S23B_B_pb0.1_eff0.60_h180_tp0.6_sl0.65,-2.68071,-3.73071,-4.43071,0,0,0,1,3.73071,2.3299999999999272,8.740000000000009,0.1681922196796368,8.240000000000009,0.6844660194174871,3.509999999999991,4.424000000000012,0.624,-1.0,1.0,1.0,13,0,7.0,2022
2022-07-05 13:01:00+00:00|-1.0|S23B_B_pb0.1_eff0.60_h180_tp0.6_sl0.65,2022-07-05 13:01:00+00:00,STAGE27C,data/reports/stage27c_db_first_h1_atr_gate_validation/stage27c_enriched_h1_atr_trades.csv,london_oneway_continuation,S23B_B_pb0.1_eff0.60_h180_tp0.6_sl0.65,1.492,0.4420000000000001,-0.2579999999999995,1,0,1,0,0.4420000000000001,10.349999999999907,5.660000000000082,0.3021201413427582,11.75,0.6289361702127745,4.990000000000009,2.788499999999999,0.064,-1.0,1.0,1.0,13,1,7.0,2022
2022-07-06 13:01:00+00:00|-1.0|S23B_B_pb0.1_eff0.60_h180_tp0.6_sl0.65,2022-07-06 13:01:00+00:00,STAGE27C,data/reports/stage27c_db_first_h1_atr_gate_validation/stage27c_enriched_h1_atr_trades.csv,london_oneway_continuation,S23B_B_pb0.1_eff0.60_h180_tp0.6_sl0.65,2.10229,1.0522900000000002,0.3522900000000004,1,1,1,0,1.0522900000000002,48.25,7.059999999999945,0.1713881019830093,8.720000000000027,0.6135321100917569,3.6800000000000637,4.74899999999999,0.7,-1.0,1.0,1.0,13,2,7.0,2022
2022-07-14 13:01:00+00:00|-1.0|S23B_B_pb0.1_eff0.60_h180_tp0.6_sl0.65,2022-07-14 13:01:00+00:00,STAGE27C,data/reports/stage27c_db_first_h1_atr_gate_validation/stage27c_enriched_h1_atr_trades.csv,london_oneway_continuation,S23B_B_pb0.1_eff0.60_h180_tp0.6_sl0.65,2.467,1.4170000000000005,0.7170000000000005,1,1,1,0,1.4170000000000005,38.04999999999996,10.920000000000073,0.212454212454226,20.029999999999973,0.7688467299051365,5.120000000000118,5.5450000000000275,0.784,-1.0,0.0,1.0,13,3,7.0,2022
2022-07-21 13:01:00+00:00|-1.0|S23B_B_pb0.1_eff0.60_h180_tp0.6_sl0.65,2022-07-21 13:01:00+00:00,STAGE27C,data/reports/stage27c_db_first_h1_atr_gate_validation/stage27c_enriched_h1_atr_trades.csv,london_oneway_continuation,S23B_B_pb0.1_eff0.60_h180_tp0.6_sl0.65,1.90343,0.8534299999999999,0.1534300000000001,1,1,1,0,0.8534299999999999,21.98000000000001,7.3400000000001455,0.5953678474114175,11.529999999999973,0.6131830008673184,4.2199999999998,3.8129999999999766,0.292,-1.0,1.0,1.0,13,3,7.0,2022
2022-08-05 13:01:00+00:00|-1.0|S23B_B_pb0.1_eff0.60_h180_tp0.6_sl0.65,2022-08-05 13:01:00+00:00,STAGE27C,data/reports/stage27c_db_first_h1_atr_gate_validation/stage27c_enriched_h1_atr_trades.csv,london_oneway_continuation,S23B_B_pb0.1_eff0.60_h180_tp0.6_sl0.65,1.5442900000000002,0.4942900000000001,-0.2057099999999996,1,0,1,0,0.4942900000000001,31.680000000000064,6.100000000000136,0.1918032786885322,7.569999999999936,0.7384412153236414,2.730000000000018,3.4200000000000386,0.088,-1.0,0.0,1.0,13,4,8.0,2022
2022-08-11 13:01:00+00:00|1.0|S23B_B_pb0.1_eff0.60_h180_tp0.6_sl0.65,2022-08-11 13:01:00+00:00,STAGE27C,data/reports/stage27c_db_first_h1_atr_gate_validation/stage27c_enriched_h1_atr_trades.csv,london_oneway_continuation,S23B_B_pb0.1_eff0.60_h180_tp0.6_sl0.65,1.3891399999999998,0.33914,-0.3608599999999997,1,0,1,0,0.33914,20.269999999999985,8.3900000000001,0.6376638855780506,6.789999999999964,0.6465390279823117,2.560000000000173,3.3920000000000186,0.12,1.0,0.0,1.0,13,3,8.0,2022
2022-08-15 13:01:00+00:00|-1.0|S23B_B_pb0.1_eff0.60_h180_tp0.6_sl0.65,2022-08-15 13:01:00+00:00,STAGE27C,data/reports/stage27c_db_first_h1_atr_gate_validation/stage27c_enriched_h1_atr_trades.csv,london_oneway_continuation,S23B_B_pb0.1_eff0.60_h180_tp0.6_sl0.65,1.82157,0.7715700000000001,0.0715700000000003,1,1,1,0,0.7715700000000001,2.5799999999999272,8.339999999999918,0.5851318944844313,17.659999999999854,0.8969422423556086,6.709999999999809,3.6345000000000027,0.24,-1.0,1.0,1.0,13,0,8.0,2022
2022-08-18 13:01:00+00:00|1.0|S23B_B_pb0.1_eff0.60_h180_tp0.6_sl0.65,2022-08-18 13:01:00+00:00,STAGE27C,data/reports/stage27c_db_first_h1_atr_gate_validation/stage27c_enriched_h1_atr_trades.csv,london_oneway_continuation,S23B_B_pb0.1_eff0.60_h180_tp0.6_sl0.65,1.2215699999999998,0.17157,-0.5284299999999997,1,0,1,0,0.17157,22.44999999999981,5.760000000000218,0.0329861111111193,8.139999999999873,0.7960687960688108,3.6799999999998363,3.254999999999984,0.184,1.0,0.0,1.0,13,3,8.0,2022
2022-08-22 13:01:00+00:00|-1.0|S23B_B_pb0.1_eff0.60_h180_tp0.6_sl0.65,2022-08-22 13:01:00+00:00,STAGE27C,data/reports/stage27c_db_first_h1_atr_gate_validation/stage27c_enriched_h1_atr_trades.csv,london_oneway_continuation,S23B_B_pb0.1_eff0.60_h180_tp0.6_sl0.65,1.582,0.532,-0.1679999999999997,1,0,1,0,0.532,3.110000000000128,4.170000000000073,0.1726618705036006,14.790000000000193,0.6112237998647632,6.769999999999982,3.265499999999997,0.232,-1.0,0.0,1.0,13,0,8.0,2022
2022-08-26 13:01:00+00:00|-1.0|S23B_B_pb0.1_eff0.60_h180_tp0.6_sl0.65,2022-08-26 13:01:00+00:00,STAGE27C,data/reports/stage27c_db_first_h1_atr_gate_validation/stage27c_enriched_h1_atr_trades.csv,london_oneway_continuation,S23B_B_pb0.1_eff0.60_h180_tp0.6_sl0.65,1.3119999999999998,0.262,-0.4379999999999997,1,0,1,0,0.262,15.519999999999982,6.579999999999927,0.0364741641337403,9.5,0.804210526315776,3.2200000000000273,2.849499999999955,0.044,-1.0,0.0,1.0,13,4,8.0,2022
2022-09-13 13:01:00+00:00|1.0|S23B_B_pb0.1_eff0.60_h180_tp0.6_sl0.65,2022-09-13 13:01:00+00:00,STAGE27C,data/reports/stage27c_db_first_h1_atr_gate_validation/stage27c_enriched_h1_atr_trades.csv,london_oneway_continuation,S23B_B_pb0.1_eff0.60_h180_tp0.6_sl0.65,-2.24521,-3.29521,-3.99521,0,0,0,1,3.29521,23.17000000000008,6.830000000000155,0.5710102489019038,8.160000000000082,0.6580882352940977,3.130000000000109,3.321000000000015,0.164,1.0,1.0,1.0,13,1,9.0,2022
2022-09-20 13:01:00+00:00|-1.0|S23B_B_pb0.1_eff0.60_h180_tp0.6_sl0.65,2022-09-20 13:01:00+00:00,STAGE27C,data/reports/stage27c_db_first_h1_atr_gate_validation/stage27c_enriched_h1_atr_trades.csv,london_oneway_continuation,S23B_B_pb0.1_eff0.60_h180_tp0.6_sl0.65,-2.39564,-3.44564,-4.14564,0,0,0,1,3.44564,20.23000000000001,6.029999999999973,0.2338308457711212,10.629999999999882,0.8701787394167547,3.6799999999998363,3.3575000000000044,0.092,-1.0,1.0,1.0,13,1,9.0,2022
2022-09-21 13:01:00+00:00|1.0|S23B_B_pb0.1_eff0.60_h180_tp0.6_sl0.65,2022-09-21 13:01:00+00:00,STAGE27C,data/reports/stage27c_db_first_h1_atr_gate_validation/stage27c_enriched_h1_atr_trades.csv,london_oneway_continuation,S23B_B_pb0.1_eff0.60_h180_tp0.6_sl0.65,1.58243,0.5324300000000002,-0.1675699999999995,1,0,1,0,0.5324300000000002,19.49000000000001,4.599999999999909,0.3130434782608381,14.440000000000056,0.6606648199445934,3.990000000000009,3.2250000000000227,0.048,1.0,0.0,1.0,13,2,9.0,2022
2022-10-10 13:01:00+00:00|-1.0|S23B_B_pb0.1_eff0.60_h180_tp0.6_sl0.65,2022-10-10 13:01:00+00:00,STAGE27C,data/reports/stage27c_db_first_h1_atr_gate_validation/stage27c_enriched_h1_atr_trades.csv,london_oneway_continuation,S23B_B_pb0.1_eff0.60_h180_tp0.6_sl0.65,2.24671,1.19671,0.4967100000000002,1,1,1,0,1.19671,4.789999999999964,12.700000000000044,0.6787401574803039,11.519999999999982,0.7282986111111209,6.5,4.689999999999964,0.344,-1.0,0.0,1.0,13,0,10.0,2022
2022-10-17 13:01:00+00:00|1.0|S23B_B_pb0.1_eff0.60_h180_tp0.6_sl0.65,2022-10-17 13:01:00+00:00,STAGE27C,data/reports/stage27c_db_first_h1_atr_gate_validation/stage27c_enriched_h1_atr_trades.csv,london_oneway_continuation,S23B_B_pb0.1_eff0.60_h180_tp0.6_sl0.65,2.07743,1.0274300000000005,0.3274300000000005,1,1,1,0,1.0274300000000005,4.039999999999964,9.529999999999973,0.4952780692549885,9.61999999999989,0.7079002079002102,3.3799999999998818,4.3639999999999874,0.228,1.0,1.0,1.0,13,0,10.0,2022
2022-10-19 13:01:00+00:00|-1.0|S23B_B_pb0.1_eff0.60_h180_tp0.6_sl0.65,2022-10-19 13:01:00+00:00,STAGE27C,data/reports/stage27c_db_first_h1_atr_gate_validation/stage27c_enriched_h1_atr_trades.csv,london_oneway_continuation,S23B_B_pb0.1_eff0.60_h180_tp0.6_sl0.65,2.08129,1.0312900000000005,0.3312900000000005,1,1,1,0,1.0312900000000005,15.049999999999956,5.379999999999882,0.6189591078067338,11.819999999999936,0.6142131979695457,3.0499999999999545,3.871999999999969,0.1,-1.0,0.0,1.0,13,2,10.0,2022
2022-11-01 13:01:00+00:00|1.0|S23B_B_pb0.1_eff0.60_h180_tp0.6_sl0.65,2022-11-01 13:01:00+00:00,STAGE27C,data/reports/stage27c_db_first_h1_atr_gate_validation/stage27c_enriched_h1_atr_trades.csv,london_oneway_continuation,S23B_B_pb0.1_eff0.60_h180_tp0.6_sl0.65,2.04143,0.9914300000000004,0.2914300000000005,1,1,1,0,0.9914300000000004,13.779999999999973,9.440000000000056,0.5889830508474484,15.150000000000093,0.8686468646864538,2.990000000000009,3.5405000000000313,0.048,1.0,0.0,1.0,13,1,11.0,2022
2022-11-02 13:01:00+00:00|1.0|S23B_B_pb0.1_eff0.60_h180_tp0.6_sl0.65,2022-11-02 13:01:00+00:00,STAGE27C,data/reports/stage27c_db_first_h1_atr_gate_validation/stage27c_enriched_h1_atr_trades.csv,london_oneway_continuation,S23B_B_pb0.1_eff0.60_h180_tp0.6_sl0.65,1.42471,0.3747100000000001,-0.3252899999999996,1,0,1,0,0.3747100000000001,26.399999999999864,7.350000000000136,0.3129251700680152,7.3599999999999,0.6983695652174144,2.589999999999918,3.285499999999968,0.004,1.0,1.0,1.0,13,2,11.0,2022
2022-11-28 13:01:00+00:00|1.0|S23B_B_pb0.1_eff0.60_h180_tp0.6_sl0.65,2022-11-28 13:01:00+00:00,STAGE27C,data/reports/stage27c_db_first_h1_atr_gate_validation/stage27c_enriched_h1_atr_trades.csv,london_oneway_continuation,S23B_B_pb0.1_eff0.60_h180_tp0.6_sl0.65,-3.19746,-4.24746,-4.94746,0,0,0,1,4.24746,5.539999999999964,9.789999999999964,0.0623084780388051,15.220000000000027,0.6005256241787177,3.259999999999991,4.301499999999976,0.632,1.0,0.0,1.0,13,0,11.0,2022
2022-12-23 13:01:00+00:00|1.0|S23B_B_pb0.1_eff0.60_h180_tp0.6_sl0.65,2022-12-23 13:01:00+00:00,STAGE27C,data/reports/stage27c_db_first_h1_atr_gate_validation/stage27c_enriched_h1_atr_trades.csv,london_oneway_continuation,S23B_B_pb0.1_eff0.60_h180_tp0.6_sl0.65,-2.00425,-3.05425,-3.75425,0,0,0,0,3.05425,35.58999999999992,4.270000000000209,0.3325526932084316,4.830000000000155,0.780538302277404,2.2799999999999727,3.41850000000004,0.24,1.0,0.0,1.0,13,4,12.0,2022
2023-01-26 13:01:00+00:00|-1.0|S23B_B_pb0.1_eff0.60_h180_tp0.6_sl0.65,2023-01-26 13:01:00+00:00,STAGE27C,data/reports/stage27c_db_first_h1_atr_gate_validation/stage27c_enriched_h1_atr_trades.csv,london_oneway_continuation,S23B_B_pb0.1_eff0.60_h180_tp0.6_sl0.65,2.09714,1.0471400000000002,0.3471400000000004,1,1,1,0,1.0471400000000002,28.65999999999985,6.610000000000127,0.2632375189107376,15.129999999999882,0.6549900859220198,2.0299999999999727,4.674000000000001,0.468,-1.0,0.0,1.0,13,3,1.0,2023
2023-01-27 13:01:00+00:00|1.0|S23B_B_pb0.1_eff0.60_h180_tp0.6_sl0.65,2023-01-27 13:01:00+00:00,STAGE27C,data/reports/stage27c_db_first_h1_atr_gate_validation/stage27c_enriched_h1_atr_trades.csv,london_oneway_continuation,S23B_B_pb0.1_eff0.60_h180_tp0.6_sl0.65,1.91414,0.8641399999999999,0.1641400000000001,1,1,1,0,0.8641399999999999,30.470000000000027,15.069999999999936,0.6084936960849444,7.829999999999927,0.8735632183908023,3.990000000000009,4.602999999999975,0.368,1.0,0.0,1.0,13,4,1.0,2023
2023-02-15 13:01:00+00:00|-1.0|S23B_B_pb0.1_eff0.60_h180_tp0.6_sl0.65,2023-02-15 13:01:00+00:00,STAGE27C,data/reports/stage27c_db_first_h1_atr_gate_validation/stage27c_enriched_h1_atr_trades.csv,london_oneway_continuation,S23B_B_pb0.1_eff0.60_h180_tp0.6_sl0.65,2.15543,1.10543,0.4054300000000004,1,1,1,0,1.10543,27.169999999999845,13.559999999999944,0.5243362831858355,16.019999999999982,0.7771535580524381,3.9500000000000455,5.293000000000006,0.48,-1.0,0.0,1.0,13,2,2.0,2023
2023-03-01 13:01:00+00:00|1.0|S23B_B_pb0.1_eff0.60_h180_tp0.6_sl0.65,2023-03-01 13:01:00+00:00,STAGE27C,data/reports/stage27c_db_first_h1_atr_gate_validation/stage27c_enriched_h1_atr_trades.csv,london_oneway_continuation,S23B_B_pb0.1_eff0.60_h180_tp0.6_sl0.65,1.89657,0.8465700000000003,0.1465700000000005,1,1,1,0,0.8465700000000003,26.559999999999945,8.710000000000036,0.5051664753157373,8.179999999999836,0.6002444987775003,4.190000000000055,3.8149999999999524,0.38,1.0,1.0,1.0,13,2,3.0,2023
2023-03-03 13:01:00+00:00|1.0|S23B_B_pb0.1_eff0.60_h180_tp0.6_sl0.65,2023-03-03 13:01:00+00:00,STAGE27C,data/reports/stage27c_db_first_h1_atr_gate_validation/stage27c_enriched_h1_atr_trades.csv,london_oneway_continuation,S23B_B_pb0.1_eff0.60_h180_tp0.6_sl0.65,1.282,0.2319999999999999,-0.4679999999999997,1,0,1,0,0.2319999999999999,8.949999999999818,6.009999999999991,0.0981697171381275,9.990000000000007,0.8508508508508501,2.650000000000091,2.942999999999995,0.076,1.0,1.0,1.0,13,4,3.0,2023
2023-03-16 13:01:00+00:00|1.0|S23B_B_pb0.1_eff0.60_h180_tp0.6_sl0.65,2023-03-16 13:01:00+00:00,STAGE27C,data/reports/stage27c_db_first_h1_atr_gate_validation/stage27c_enriched_h1_atr_trades.csv,london_oneway_continuation,S23B_B_pb0.1_eff0.60_h180_tp0.6_sl0.65,2.95686,1.90686,1.2068600000000005,1,1,1,0,1.90686,51.57999999999993,16.930000000000064,0.2445363260484397,10.720000000000027,0.868470149253724,4.350000000000136,6.749499999999989,0.788,1.0,1.0,1.0,13,3,3.0,2023
2023-03-21 13:01:00+00:00|-1.0|S23B_B_pb0.1_eff0.60_h180_tp0.6_sl0.65,2023-03-21 13:01:00+00:00,STAGE27C,data/reports/stage27c_db_first_h1_atr_gate_validation/stage27c_enriched_h1_atr_trades.csv,london_oneway_continuation,S23B_B_pb0.1_eff0.60_h180_tp0.6_sl0.65,2.67443,1.6244300000000005,0.9244300000000004,1,1,1,0,1.6244300000000005,43.950000000000045,9.779999999999973,0.3374233128834318,20.310000000000173,0.6233382570162357,5.069999999999936,5.340999999999974,0.44,-1.0,1.0,1.0,13,1,3.0,2023
2023-03-27 13:01:00+00:00|-1.0|S23B_B_pb0.1_eff0.60_h180_tp0.6_sl0.65,2023-03-27 13:01:00+00:00,STAGE27C,data/reports/stage27c_db_first_h1_atr_gate_validation/stage27c_enriched_h1_atr_trades.csv,london_oneway_continuation,S23B_B_pb0.1_eff0.60_h180_tp0.6_sl0.65,3.09229,2.04229,1.3422900000000002,1,1,1,0,2.04229,10.569999999999936,10.569999999999936,0.0747398297067141,19.519999999999985,0.9508196721311456,12.740000000000009,6.0490000000000235,0.288,-1.0,1.0,1.0,13,0,3.0,2023
2023-03-30 13:01:00+00:00|1.0|S23B_B_pb0.1_eff0.60_h180_tp0.6_sl0.65,2023-03-30 13:01:00+00:00,STAGE27C,data/reports/stage27c_db_first_h1_atr_gate_validation/stage27c_enriched_h1_atr_trades.csv,london_oneway_continuation,S23B_B_pb0.1_eff0.60_h180_tp0.6_sl0.65,1.71957,0.6695700000000002,-0.0304299999999995,1,0,1,0,0.6695700000000002,15.759999999999993,9.539999999999964,0.4947589098532542,12.559999999999944,0.6162420382165639,1.6600000000000819,4.042999999999973,0.048,1.0,0.0,1.0,13,3,3.0,2023
2023-04-03 13:01:00+00:00|1.0|S23B_B_pb0.1_eff0.60_h180_tp0.6_sl0.65,2023-04-03 13:01:00+00:00,STAGE27C,data/reports/stage27c_db_first_h1_atr_gate_validation/stage27c_enriched_h1_atr_trades.csv,london_oneway_continuation,S23B_B_pb0.1_eff0.60_h180_tp0.6_sl0.65,3.166,2.116,1.4160000000000004,1,1,1,0,2.116,12.190000000000056,22.549999999999955,0.4736141906873652,16.539999999999964,0.8657799274486074,3.9400000000000546,6.254499999999996,0.552,1.0,0.0,1.0,13,0,4.0,2023
2023-04-13 13:01:00+00:00|1.0|S23B_B_pb0.1_eff0.60_h180_tp0.6_sl0.65,2023-04-13 13:01:00+00:00,STAGE27C,data/reports/stage27c_db_first_h1_atr_gate_validation/stage27c_enriched_h1_atr_trades.csv,london_oneway_continuation,S23B_B_pb0.1_eff0.60_h180_tp0.6_sl0.65,1.72643,0.6764300000000003,-0.0235699999999994,1,0,1,0,0.6764300000000003,27.13000000000011,6.1400000000001,0.3697068403908705,13.950000000000044,0.6566308243727635,2.9199999999998454,4.161999999999978,0.308,1.0,1.0,1.0,13,3,4.0,2023
2023-04-26 13:01:00+00:00|1.0|S23B_B_pb0.1_eff0.60_h180_tp0.6_sl0.65,2023-04-26 13:01:00+00:00,STAGE27C,data/reports/stage27c_db_first_h1_atr_gate_validation/stage27c_enriched_h1_atr_trades.csv,london_oneway_continuation,S23B_B_pb0.1_eff0.60_h180_tp0.6_sl0.65,-2.66121,-3.71121,-4.41121,0,0,0,1,3.71121,27.71000000000004,9.230000000000018,0.3781148429035755,6.069999999999936,0.7726523887973812,3.119999999999891,4.515499999999986,0.262,1.0,1.0,1.0,13,2,4.0,2023
2023-05-30 13:01:00+00:00|1.0|S23B_B_pb0.1_eff0.60_h180_tp0.6_sl0.65,2023-05-30 13:01:00+00:00,STAGE27C,data/reports/stage27c_db_first_h1_atr_gate_validation/stage27c_enriched_h1_atr_trades.csv,london_oneway_continuation,S23B_B_pb0.1_eff0.60_h180_tp0.6_sl0.65,2.20129,1.15129,0.4512900000000002,1,1,1,0,1.15129,9.490000000000007,7.379999999999882,0.4878048780488068,21.039999999999964,0.6416349809885943,10.600000000000136,3.56099999999999,0.18,1.0,0.0,1.0,13,1,5.0,2023
2023-06-12 13:01:00+00:00|1.0|S23B_B_pb0.1_eff0.60_h180_tp0.6_sl0.65,2023-06-12 13:01:00+00:00,STAGE27C,data/reports/stage27c_db_first_h1_atr_gate_validation/stage27c_enriched_h1_atr_trades.csv,london_oneway_continuation,S23B_B_pb0.1_eff0.60_h180_tp0.6_sl0.65,-2.30604,-3.35604,-4.056039999999999,0,0,0,1,3.35604,1.740000000000009,6.239999999999782,0.068910256410269,9.049999999999956,0.7502762430939224,1.9400000000000546,3.109499999999957,0.148,1.0,0.0,1.0,13,0,6.0,2023
2023-06-27 13:01:00+00:00|-1.0|S23B_B_pb0.1_eff0.60_h180_tp0.6_sl0.65,2023-06-27 13:01:00+00:00,STAGE27C,data/reports/stage27c_db_first_h1_atr_gate_validation/stage27c_enriched_h1_atr_trades.csv,london_oneway_continuation,S23B_B_pb0.1_eff0.60_h180_tp0.6_sl0.65,1.42557,0.3755700000000002,-0.3244299999999995,1,0,1,0,0.3755700000000002,11.819999999999936,9.349999999999907,0.4064171122994643,5.9500000000000455,0.724369747899145,1.9800000000000182,3.00150000000001,0.12,-1.0,1.0,1.0,13,1,6.0,2023
2023-07-04 13:01:00+00:00|1.0|S23B_B_pb0.1_eff0.60_h180_tp0.6_sl0.65,2023-07-04 13:01:00+00:00,STAGE27C,data/reports/stage27c_db_first_h1_atr_gate_validation/stage27c_enriched_h1_atr_trades.csv,london_oneway_continuation,S23B_B_pb0.1_eff0.60_h180_tp0.6_sl0.65,-1.66207,-2.71207,-3.41207,0,0,0,0,2.71207,20.950000000000045,3.6399999999998727,0.4807692307692476,7.9099999999998545,0.8609355246523765,2.1099999999999,2.3639999999999874,0.004,1.0,1.0,1.0,13,1,7.0,2023
2023-07-17 13:01:00+00:00|1.0|S23B_B_pb0.1_eff0.60_h180_tp0.6_sl0.65,2023-07-17 13:01:00+00:00,STAGE27C,data/reports/stage27c_db_first_h1_atr_gate_validation/stage27c_enriched_h1_atr_trades.csv,london_oneway_continuation,S23B_B_pb0.1_eff0.60_h180_tp0.6_sl0.65,-2.57254,-3.62254,-4.32254,0,0,0,1,3.62254,2.8300000000001546,4.990000000000009,0.1923847695390851,8.600000000000136,0.7697674418604666,4.940000000000055,3.5169999999999844,0.536,1.0,0.0,1.0,13,0,7.0,2023
2023-08-09 13:01:00+00:00|-1.0|S23B_B_pb0.1_eff0.60_h180_tp0.6_sl0.65,2023-08-09 13:01:00+00:00,STAGE27C,data/reports/stage27c_db_first_h1_atr_gate_validation/stage27c_enriched_h1_atr_trades.csv,london_oneway_continuation,S23B_B_pb0.1_eff0.60_h180_tp0.6_sl0.65,1.00771,-0.0422899999999999,-0.7422899999999997,0,0,0,0,0.0422899999999999,15.22999999999979,6.5900000000001455,0.7799696509863409,6.440000000000055,0.6024844720497012,2.4700000000000273,2.55300000000002,0.028,-1.0,1.0,1.0,13,2,8.0,2023
2023-08-22 13:01:00+00:00|1.0|S23B_B_pb0.1_eff0.60_h180_tp0.6_sl0.65,2023-08-22 13:01:00+00:00,STAGE27C,data/reports/stage27c_db_first_h1_atr_gate_validation/stage27c_enriched_h1_atr_trades.csv,london_oneway_continuation,S23B_B_pb0.1_eff0.60_h180_tp0.6_sl0.65,1.3038600000000002,0.2538600000000002,-0.4461399999999995,1,0,1,0,0.2538600000000002,14.160000000000082,3.6100000000001273,0.2576177285318645,9.980000000000018,0.6863727454909716,4.329999999999927,2.81700000000003,0.224,1.0,1.0,1.0,13,1,8.0,2023
2023-09-27 13:01:00+00:00|-1.0|S23B_B_pb0.1_eff0.60_h180_tp0.6_sl0.65,2023-09-27 13:01:00+00:00,STAGE27C,data/reports/stage27c_db_first_h1_atr_gate_validation/stage27c_enriched_h1_atr_trades.csv,london_oneway_continuation,S23B_B_pb0.1_eff0.60_h180_tp0.6_sl0.65,1.0767099999999998,0.02671,-0.6732899999999997,1,0,0,0,0.02671,17.690000000000055,4.459999999999809,0.2399103139013922,5.339999999999918,0.8220973782771424,2.0499999999999545,2.484999999999991,0.426,-1.0,1.0,1.0,13,2,9.0,2023
2023-10-17 13:01:00+00:00|1.0|S23B_B_pb0.1_eff0.60_h180_tp0.6_sl0.65,2023-10-17 13:01:00+00:00,STAGE27C,data/reports/stage27c_db_first_h1_atr_gate_validation/stage27c_enriched_h1_atr_trades.csv,london_oneway_continuation,S23B_B_pb0.1_eff0.60_h180_tp0.6_sl0.65,1.52971,0.4797100000000001,-0.2202899999999996,1,0,1,0,0.4797100000000001,22.09999999999991,9.3599999999999,0.2243589743589913,9.639999999999873,0.6390041493775868,4.919999999999845,3.052499999999975,0.132,1.0,0.0,1.0,13,1,10.0,2023
2023-10-24 13:01:00+00:00|-1.0|S23B_B_pb0.1_eff0.60_h180_tp0.6_sl0.65,2023-10-24 13:01:00+00:00,STAGE27C,data/reports/stage27c_db_first_h1_atr_gate_validation/stage27c_enriched_h1_atr_trades.csv,london_oneway_continuation,S23B_B_pb0.1_eff0.60_h180_tp0.6_sl0.65,1.94029,0.8902900000000002,0.1902900000000005,1,1,1,0,0.8902900000000002,21.069999999999936,9.460000000000036,0.4069767441860353,14.259999999999993,0.7180925666199169,7.629999999999882,4.0440000000000165,0.432,-1.0,1.0,1.0,13,1,10.0,2023
2023-11-20 13:01:00+00:00|-1.0|S23B_B_pb0.1_eff0.60_h180_tp0.6_sl0.65,2023-11-20 13:01:00+00:00,STAGE27C,data/reports/stage27c_db_first_h1_atr_gate_validation/stage27c_enriched_h1_atr_trades.csv,london_oneway_continuation,S23B_B_pb0.1_eff0.60_h180_tp0.6_sl0.65,1.97286,0.92286,0.2228600000000002,1,1,1,0,0.92286,4.460000000000036,11.800000000000182,0.5805084745762545,8.240000000000009,0.6638349514563132,4.470000000000027,3.6175000000000184,0.38,-1.0,1.0,1.0,13,0,11.0,2023
2023-11-30 13:01:00+00:00|-1.0|S23B_B_pb0.1_eff0.60_h180_tp0.6_sl0.65,2023-11-30 13:01:00+00:00,STAGE27C,data/reports/stage27c_db_first_h1_atr_gate_validation/stage27c_enriched_h1_atr_trades.csv,london_oneway_continuation,S23B_B_pb0.1_eff0.60_h180_tp0.6_sl0.65,-2.52054,-3.57054,-4.27054,0,0,0,1,3.57054,16.749999999999773,4.540000000000191,0.0,10.160000000000082,0.6102362204724405,3.759999999999991,3.731000000000063,0.448,-1.0,0.0,1.0,13,3,11.0,2023
2023-12-22 13:01:00+00:00|1.0|S23B_B_pb0.1_eff0.60_h180_tp0.6_sl0.65,2023-12-22 13:01:00+00:00,STAGE27C,data/reports/stage27c_db_first_h1_atr_gate_validation/stage27c_enriched_h1_atr_trades.csv,london_oneway_continuation,S23B_B_pb0.1_eff0.60_h180_tp0.6_sl0.65,2.09071,1.0407100000000002,0.3407100000000005,1,1,1,0,1.0407100000000002,21.38000000000011,8.6099999999999,0.3716608594657207,10.230000000000018,0.6021505376344377,3.7600000000002183,4.050499999999966,0.436,1.0,1.0,1.0,13,4,12.0,2023
2024-01-03 13:01:00+00:00|-1.0|S23B_B_pb0.1_eff0.60_h180_tp0.6_sl0.65,2024-01-03 13:01:00+00:00,STAGE27C,data/reports/stage27c_db_first_h1_atr_gate_validation/stage27c_enriched_h1_atr_trades.csv,london_oneway_continuation,S23B_B_pb0.1_eff0.60_h180_tp0.6_sl0.65,1.7452899999999998,0.69529,-0.0047099999999997,1,0,1,0,0.69529,22.88000000000011,7.050000000000182,0.7333333333333247,13.200000000000273,0.7446969696969488,4.5,4.033500000000004,0.54,-1.0,1.0,1.0,13,2,1.0,2024
2024-01-08 13:01:00+00:00|-1.0|S23B_B_pb0.1_eff0.60_h180_tp0.6_sl0.65,2024-01-08 13:01:00+00:00,STAGE27C,data/reports/stage27c_db_first_h1_atr_gate_validation/stage27c_enriched_h1_atr_trades.csv,london_oneway_continuation,S23B_B_pb0.1_eff0.60_h180_tp0.6_sl0.65,2.30243,1.25243,0.5524300000000002,1,1,1,0,1.25243,2.4299999999998363,11.529999999999973,0.7380745880312238,9.460000000000036,0.8879492600422655,2.519999999999982,4.4464999999999915,0.644,-1.0,0.0,1.0,13,0,1.0,2024
2024-01-16 13:01:00+00:00|-1.0|S23B_B_pb0.1_eff0.60_h180_tp0.6_sl0.65,2024-01-16 13:01:00+00:00,STAGE27C,data/reports/stage27c_db_first_h1_atr_gate_validation/stage27c_enriched_h1_atr_trades.csv,london_oneway_continuation,S23B_B_pb0.1_eff0.60_h180_tp0.6_sl0.65,1.52629,0.4762900000000001,-0.2237099999999996,1,0,1,0,0.4762900000000001,12.740000000000007,7.170000000000073,0.656903765690375,12.409999999999854,0.6970185334407891,3.1700000000000728,2.9890000000000554,0.068,-1.0,0.0,1.0,13,1,1.0,2024
2024-02-13 13:01:00+00:00|1.0|S23B_B_pb0.1_eff0.60_h180_tp0.6_sl0.65,2024-02-13 13:01:00+00:00,STAGE27C,data/reports/stage27c_db_first_h1_atr_gate_validation/stage27c_enriched_h1_atr_trades.csv,london_oneway_continuation,S23B_B_pb0.1_eff0.60_h180_tp0.6_sl0.65,0.8144300000000001,-0.2355699999999998,-0.9355699999999996,0,0,0,0,0.2355699999999998,15.639999999999873,4.409999999999855,0.040816326530628,9.190000000000056,0.8476605005440606,1.9500000000000455,2.382499999999993,0.028,1.0,0.0,1.0,13,1,2.0,2024
2024-03-18 13:01:00+00:00|1.0|S23B_B_pb0.1_eff0.60_h180_tp0.6_sl0.65,2024-03-18 13:01:00+00:00,STAGE27C,data/reports/stage27c_db_first_h1_atr_gate_validation/stage27c_enriched_h1_atr_trades.csv,london_oneway_continuation,S23B_B_pb0.1_eff0.60_h180_tp0.6_sl0.65,1.82286,0.7728600000000001,0.0728600000000003,1,1,1,0,0.7728600000000001,5.369999999999891,11.419999999999618,0.6444833625219242,12.349999999999907,0.8858299595141441,3.8899999999998727,3.7884999999999764,0.128,1.0,1.0,1.0,13,0,3.0,2024
2024-04-03 13:01:00+00:00|-1.0|S23B_B_pb0.1_eff0.60_h180_tp0.6_sl0.65,2024-04-03 13:01:00+00:00,STAGE27C,data/reports/stage27c_db_first_h1_atr_gate_validation/stage27c_enriched_h1_atr_trades.csv,london_oneway_continuation,S23B_B_pb0.1_eff0.60_h180_tp0.6_sl0.65,3.19814,2.14814,1.4481400000000004,1,1,1,0,2.14814,35.35999999999967,11.590000000000146,0.2812769628990662,19.360000000000127,0.6714876033057807,5.150000000000091,7.227500000000032,0.736,-1.0,0.0,1.0,13,2,4.0,2024
2024-04-05 13:01:00+00:00|1.0|S23B_B_pb0.1_eff0.60_h180_tp0.6_sl0.65,2024-04-05 13:01:00+00:00,STAGE27C,data/reports/stage27c_db_first_h1_atr_gate_validation/stage27c_enriched_h1_atr_trades.csv,london_oneway_continuation,S23B_B_pb0.1_eff0.60_h180_tp0.6_sl0.65,3.643,2.593,1.893,1,1,1,0,2.593,25.519999999999985,25.579999999999927,0.5136825645035327,16.9699999999998,0.8461991750147494,6.940000000000055,7.961500000000001,0.856,1.0,0.0,1.0,13,4,4.0,2024
2024-05-02 13:01:00+00:00|-1.0|S23B_B_pb0.1_eff0.60_h180_tp0.6_sl0.65,2024-05-02 13:01:00+00:00,STAGE27C,data/reports/stage27c_db_first_h1_atr_gate_validation/stage27c_enriched_h1_atr_trades.csv,london_oneway_continuation,S23B_B_pb0.1_eff0.60_h180_tp0.6_sl0.65,3.217,2.1670000000000003,1.4670000000000003,1,1,1,0,2.1670000000000003,46.82999999999993,9.070000000000164,0.1422271223814708,22.340000000000146,0.8012533572068028,6.7400000000002365,8.24950000000008,0.76,-1.0,0.0,1.0,13,3,5.0,2024
2024-05-10 13:01:00+00:00|1.0|S23B_B_pb0.1_eff0.60_h180_tp0.6_sl0.65,2024-05-10 13:01:00+00:00,STAGE27C,data/reports/stage27c_db_first_h1_atr_gate_validation/stage27c_enriched_h1_atr_trades.csv,london_oneway_continuation,S23B_B_pb0.1_eff0.60_h180_tp0.6_sl0.65,2.899,1.849,1.1490000000000005,1,1,1,0,1.849,40.63999999999987,10.659999999999854,0.6716697936210086,24.079999999999927,0.7936046511627984,5.8400000000001455,5.9384999999999994,0.4,1.0,1.0,1.0,13,4,5.0,2024
2024-05-29 13:01:00+00:00|-1.0|S23B_B_pb0.1_eff0.60_h180_tp0.6_sl0.65,2024-05-29 13:01:00+00:00,STAGE27C,data/reports/stage27c_db_first_h1_atr_gate_validation/stage27c_enriched_h1_atr_trades.csv,london_oneway_continuation,S23B_B_pb0.1_eff0.60_h180_tp0.6_sl0.65,2.38,1.33,0.6300000000000003,1,1,1,0,1.33,24.059999999999945,7.930000000000291,0.1286254728877609,20.70000000000028,0.6120772946859638,5.320000000000164,5.17150000000006,0.272,-1.0,0.0,1.0,13,2,5.0,2024
2024-06-07 13:01:00+00:00|-1.0|S23B_B_pb0.1_eff0.60_h180_tp0.6_sl0.65,2024-06-07 13:01:00+00:00,STAGE27C,data/reports/stage27c_db_first_h1_atr_gate_validation/stage27c_enriched_h1_atr_trades.csv,london_oneway_continuation,S23B_B_pb0.1_eff0.60_h180_tp0.6_sl0.65,4.67671,3.62671,2.92671,1,1,1,0,3.62671,25.20999999999958,12.600000000000364,0.2492063492063319,50.42000000000007,0.8131693772312563,10.519999999999982,7.641499999999996,0.988,-1.0,0.0,1.0,13,4,6.0,2024
2024-06-14 13:01:00+00:00|1.0|S23B_B_pb0.1_eff0.60_h180_tp0.6_sl0.65,2024-06-14 13:01:00+00:00,STAGE27C,data/reports/stage27c_db_first_h1_atr_gate_validation/stage27c_enriched_h1_atr_trades.csv,london_oneway_continuation,S23B_B_pb0.1_eff0.60_h180_tp0.6_sl0.65,2.49014,1.44014,0.7401400000000002,1,1,1,0,1.44014,31.15999999999985,7.050000000000182,0.3588652482269049,19.13999999999988,0.8949843260188204,7.5300000000002,5.026000000000022,0.196,1.0,0.0,1.0,13,4,6.0,2024
2024-06-25 13:01:00+00:00|1.0|S23B_B_pb0.1_eff0.60_h180_tp0.6_sl0.65,2024-06-25 13:01:00+00:00,STAGE27C,data/reports/stage27c_db_first_h1_atr_gate_validation/stage27c_enriched_h1_atr_trades.csv,london_oneway_continuation,S23B_B_pb0.1_eff0.60_h180_tp0.6_sl0.65,2.23857,1.18857,0.4885700000000001,1,1,1,0,1.18857,17.15000000000009,11.150000000000093,0.6852017937219969,11.319999999999707,0.7915194346289989,4.769999999999982,4.180999999999949,0.152,1.0,1.0,1.0,13,1,6.0,2024
2024-06-27 13:01:00+00:00|1.0|S23B_B_pb0.1_eff0.60_h180_tp0.6_sl0.65,2024-06-27 13:01:00+00:00,STAGE27C,data/reports/stage27c_db_first_h1_atr_gate_validation/stage27c_enriched_h1_atr_trades.csv,london_oneway_continuation,S23B_B_pb0.1_eff0.60_h180_tp0.6_sl0.65,1.60729,0.5572900000000001,-0.1427099999999996,1,0,1,0,0.5572900000000001,30.350000000000364,3.3899999999998727,0.2212389380531056,17.429999999999836,0.7917383820998457,6.599999999999909,3.5849999999999453,0.072,1.0,0.0,1.0,13,3,6.0,2024
2024-06-28 13:01:00+00:00|1.0|S23B_B_pb0.1_eff0.60_h180_tp0.6_sl0.65,2024-06-28 13:01:00+00:00,STAGE27C,data/reports/stage27c_db_first_h1_atr_gate_validation/stage27c_enriched_h1_atr_trades.csv,london_oneway_continuation,S23B_B_pb0.1_eff0.60_h180_tp0.6_sl0.65,2.137,1.0870000000000002,0.3870000000000004,1,1,1,0,1.0870000000000002,34.58999999999969,9.269999999999982,0.5587918015102316,12.099999999999907,0.7033057851239527,3.0700000000001637,4.011000000000058,0.132,1.0,1.0,1.0,13,4,6.0,2024
2024-07-19 13:01:00+00:00|-1.0|S23B_B_pb0.1_eff0.60_h180_tp0.6_sl0.65,2024-07-19 13:01:00+00:00,STAGE27C,data/reports/stage27c_db_first_h1_atr_gate_validation/stage27c_enriched_h1_atr_trades.csv,london_oneway_continuation,S23B_B_pb0.1_eff0.60_h180_tp0.6_sl0.65,3.77586,2.7258600000000004,2.0258600000000007,1,1,1,0,2.7258600000000004,34.84999999999991,24.67999999999984,0.6288492706645091,16.5,0.7678787878787923,6.269999999999982,7.066999999999939,0.872,-1.0,1.0,1.0,13,4,7.0,2024
2024-08-07 13:01:00+00:00|1.0|S23B_B_pb0.1_eff0.60_h180_tp0.6_sl0.65,2024-08-07 13:01:00+00:00,STAGE27C,data/reports/stage27c_db_first_h1_atr_gate_validation/stage27c_enriched_h1_atr_trades.csv,london_oneway_continuation,S23B_B_pb0.1_eff0.60_h180_tp0.6_sl0.65,3.30143,2.25143,1.5514300000000003,1,1,1,0,2.25143,36.63000000000011,11.710000000000036,0.2271562766865795,11.829999999999927,0.7007607776838558,3.930000000000291,6.822499999999991,0.396,1.0,0.0,1.0,13,2,8.0,2024
2024-08-16 13:01:00+00:00|1.0|S23B_B_pb0.1_eff0.60_h180_tp0.6_sl0.65,2024-08-16 13:01:00+00:00,STAGE27C,data/reports/stage27c_db_first_h1_atr_gate_validation/stage27c_enriched_h1_atr_trades.csv,london_oneway_continuation,S23B_B_pb0.1_eff0.60_h180_tp0.6_sl0.65,2.19957,1.1495700000000002,0.4495700000000004,1,1,1,0,1.1495700000000002,37.90000000000009,9.2199999999998,0.2603036876355903,13.390000000000327,0.8110530246452473,3.0700000000001637,4.9780000000000655,0.04,1.0,1.0,1.0,13,4,8.0,2024
2024-09-05 13:01:00+00:00|1.0|S23B_B_pb0.1_eff0.60_h180_tp0.6_sl0.65,2024-09-05 13:01:00+00:00,STAGE27C,data/reports/stage27c_db_first_h1_atr_gate_validation/stage27c_enriched_h1_atr_trades.csv,london_oneway_continuation,S23B_B_pb0.1_eff0.60_h180_tp0.6_sl0.65,2.128,1.0780000000000003,0.3780000000000005,1,1,1,0,1.0780000000000003,28.620000000000346,4.880000000000109,0.0881147540983251,23.40999999999985,0.8821016659547296,2.519999999999982,4.613000000000056,0.132,1.0,1.0,1.0,13,3,9.0,2024
2024-09-20 13:01:00+00:00|1.0|S23B_B_pb0.1_eff0.60_h180_tp0.6_sl0.65,2024-09-20 13:01:00+00:00,STAGE27C,data/reports/stage27c_db_first_h1_atr_gate_validation/stage27c_enriched_h1_atr_trades.csv,london_oneway_continuation,S23B_B_pb0.1_eff0.60_h180_tp0.6_sl0.65,2.61186,1.5618600000000002,0.8618600000000005,1,1,1,0,1.5618600000000002,43.78999999999997,8.75,0.411428571428561,21.41999999999961,0.6984126984127126,8.039999999999964,5.049000000000047,0.416,1.0,1.0,1.0,13,4,9.0,2024
2024-10-01 13:01:00+00:00|1.0|S23B_B_pb0.1_eff0.60_h180_tp0.6_sl0.65,2024-10-01 13:01:00+00:00,STAGE27C,data/reports/stage27c_db_first_h1_atr_gate_validation/stage27c_enriched_h1_atr_trades.csv,london_oneway_continuation,S23B_B_pb0.1_eff0.60_h180_tp0.6_sl0.65,1.89829,0.84829,0.1482900000000002,1,1,1,0,0.84829,41.48000000000002,7.730000000000018,0.3842173350582468,11.840000000000146,0.9045608108108028,3.9400000000000546,4.787000000000035,0.108,1.0,0.0,1.0,13,1,10.0,2024
2024-10-11 13:01:00+00:00|-1.0|S23B_B_pb0.1_eff0.60_h180_tp0.6_sl0.65,2024-10-11 13:01:00+00:00,STAGE27C,data/reports/stage27c_db_first_h1_atr_gate_validation/stage27c_enriched_h1_atr_trades.csv,london_oneway_continuation,S23B_B_pb0.1_eff0.60_h180_tp0.6_sl0.65,-3.75182,-4.801819999999999,-5.50182,0,0,0,1,4.801819999999999,25.800000000000185,17.980000000000018,0.9566184649610568,10.989999999999782,0.6960873521383296,5.529999999999745,6.082500000000005,0.34,-1.0,0.0,1.0,13,4,10.0,2024
2024-10-24 13:01:00+00:00|1.0|S23B_B_pb0.1_eff0.60_h180_tp0.6_sl0.65,2024-10-24 13:01:00+00:00,STAGE27C,data/reports/stage27c_db_first_h1_atr_gate_validation/stage27c_enriched_h1_atr_trades.csv,london_oneway_continuation,S23B_B_pb0.1_eff0.60_h180_tp0.6_sl0.65,2.22871,1.17871,0.4787100000000004,1,1,1,0,1.17871,49.92000000000007,12.279999999999744,0.3957654723127221,16.420000000000073,0.8361753958587063,3.230000000000018,5.922000000000049,0.54,1.0,0.0,1.0,13,3,10.0,2024
2024-11-21 13:01:00+00:00|1.0|S23B_B_pb0.1_eff0.60_h180_tp0.6_sl0.65,2024-11-21 13:01:00+00:00,STAGE27C,data/reports/stage27c_db_first_h1_atr_gate_validation/stage27c_enriched_h1_atr_trades.csv,london_oneway_continuation,S23B_B_pb0.1_eff0.60_h180_tp0.6_sl0.65,2.97057,1.92057,1.2205700000000004,1,1,1,0,1.92057,36.64000000000033,11.610000000000127,0.418604651162797,17.059999999999945,0.759671746776089,5.239999999999782,5.6704999999999925,0.084,1.0,1.0,1.0,13,3,11.0,2024
2024-11-28 13:01:00+00:00|1.0|S23B_B_pb0.1_eff0.60_h180_tp0.6_sl0.65,2024-11-28 13:01:00+00:00,STAGE27C,data/reports/stage27c_db_first_h1_atr_gate_validation/stage27c_enriched_h1_atr_trades.csv,london_oneway_continuation,S23B_B_pb0.1_eff0.60_h180_tp0.6_sl0.65,-4.149249999999999,-5.199249999999999,-5.899249999999999,0,0,0,1,5.199249999999999,31.329999999999927,17.48999999999978,0.3339050886220822,19.41000000000031,0.8377125193199126,4.7400000000002365,6.230499999999961,0.248,1.0,1.0,1.0,13,3,11.0,2024
2025-01-10 13:01:00+00:00|1.0|S23B_B_pb0.1_eff0.60_h180_tp0.6_sl0.65,2025-01-10 13:01:00+00:00,STAGE27C,data/reports/stage27c_db_first_h1_atr_gate_validation/stage27c_enriched_h1_atr_trades.csv,london_oneway_continuation,S23B_B_pb0.1_eff0.60_h180_tp0.6_sl0.65,-2.60086,-3.65086,-4.350859999999999,0,0,0,1,3.65086,22.809999999999945,6.349999999999909,0.2913385826771552,11.099999999999907,0.827027027027019,4.360000000000127,3.888499999999931,0.008,1.0,1.0,1.0,13,4,1.0,2025
2025-01-14 13:01:00+00:00|-1.0|S23B_B_pb0.1_eff0.60_h180_tp0.6_sl0.65,2025-01-14 13:01:00+00:00,STAGE27C,data/reports/stage27c_db_first_h1_atr_gate_validation/stage27c_enriched_h1_atr_trades.csv,london_oneway_continuation,S23B_B_pb0.1_eff0.60_h180_tp0.6_sl0.65,-3.62229,-4.67229,-5.37229,0,0,0,1,4.67229,36.73000000000002,12.5300000000002,0.4333599361532123,10.629999999999654,0.644402634054575,4.190000000000055,5.336000000000013,0.32,-1.0,1.0,1.0,13,1,1.0,2025
2025-02-03 13:01:00+00:00|1.0|S23B_B_pb0.1_eff0.60_h180_tp0.6_sl0.65,2025-02-03 13:01:00+00:00,STAGE27C,data/reports/stage27c_db_first_h1_atr_gate_validation/stage27c_enriched_h1_atr_trades.csv,london_oneway_continuation,S23B_B_pb0.1_eff0.60_h180_tp0.6_sl0.65,4.68271,3.63271,2.93271,1,1,1,0,3.63271,20.69999999999981,31.9699999999998,0.375664685642785,20.809999999999945,0.8279673234022136,7.130000000000109,9.304999999999973,0.984,1.0,0.0,1.0,13,0,2.0,2025
2025-03-04 13:01:00+00:00|1.0|S23B_B_pb0.1_eff0.60_h180_tp0.6_sl0.65,2025-03-04 13:01:00+00:00,STAGE27C,data/reports/stage27c_db_first_h1_atr_gate_validation/stage27c_enriched_h1_atr_trades.csv,london_oneway_continuation,S23B_B_pb0.1_eff0.60_h180_tp0.6_sl0.65,4.48643,3.43643,2.7364300000000004,1,1,1,0,3.43643,39.940000000000055,11.83999999999969,0.0337837837837539,36.98000000000002,0.6311519740400252,5.980000000000018,8.387000000000011,0.664,1.0,1.0,1.0,13,1,3.0,2025
2025-03-07 13:01:00+00:00|1.0|S23B_B_pb0.1_eff0.60_h180_tp0.6_sl0.65,2025-03-07 13:01:00+00:00,STAGE27C,data/reports/stage27c_db_first_h1_atr_gate_validation/stage27c_enriched_h1_atr_trades.csv,london_oneway_continuation,S23B_B_pb0.1_eff0.60_h180_tp0.6_sl0.65,3.38929,2.33929,1.6392900000000004,1,1,1,0,2.33929,35.41000000000031,18.309999999999945,0.1982523211359978,16.63000000000011,0.6806975345760454,4.809999999999945,7.198499999999944,0.136,1.0,0.0,1.0,13,4,3.0,2025
2025-03-17 13:01:00+00:00|1.0|S23B_B_pb0.1_eff0.60_h180_tp0.6_sl0.65,2025-03-17 13:01:00+00:00,STAGE27C,data/reports/stage27c_db_first_h1_atr_gate_validation/stage27c_enriched_h1_atr_trades.csv,london_oneway_continuation,S23B_B_pb0.1_eff0.60_h180_tp0.6_sl0.65,-3.84932,-4.89932,-5.59932,0,0,0,1,4.89932,10.909999999999854,11.659999999999854,0.1449399656946891,17.420000000000073,0.9466130884041168,4.769999999999982,5.485999999999967,0.024,1.0,1.0,1.0,13,0,3.0,2025
2025-03-20 13:01:00+00:00|-1.0|S23B_B_pb0.1_eff0.60_h180_tp0.6_sl0.65,2025-03-20 13:01:00+00:00,STAGE27C,data/reports/stage27c_db_first_h1_atr_gate_validation/stage27c_enriched_h1_atr_trades.csv,london_oneway_continuation,S23B_B_pb0.1_eff0.60_h180_tp0.6_sl0.65,3.74543,2.6954300000000004,1.9954300000000007,1,1,1,0,2.6954300000000004,29.17999999999984,12.38000000000011,0.4491114701130773,28.14999999999964,0.6600355239786916,16.08999999999969,7.208000000000015,0.528,-1.0,0.0,1.0,13,3,3.0,2025
2025-04-30 13:01:00+00:00|-1.0|S23B_B_pb0.1_eff0.60_h180_tp0.6_sl0.65,2025-04-30 13:01:00+00:00,STAGE27C,data/reports/stage27c_db_first_h1_atr_gate_validation/stage27c_enriched_h1_atr_trades.csv,london_oneway_continuation,S23B_B_pb0.1_eff0.60_h180_tp0.6_sl0.65,6.17286,5.122859999999999,4.42286,1,1,1,0,5.122859999999999,48.690000000000055,24.269999999999985,0.5937371240214201,39.57999999999993,0.7271349166245528,11.799999999999727,11.332499999999936,0.14,-1.0,1.0,1.0,13,2,4.0,2025
2025-05-05 13:01:00+00:00|1.0|S23B_B_pb0.1_eff0.60_h180_tp0.6_sl0.65,2025-05-05 13:01:00+00:00,STAGE27C,data/reports/stage27c_db_first_h1_atr_gate_validation/stage27c_enriched_h1_atr_trades.csv,london_oneway_continuation,S23B_B_pb0.1_eff0.60_h180_tp0.6_sl0.65,7.32957,6.27957,5.57957,1,1,1,0,6.27957,7.070000000000164,34.75,0.4330935251798483,55.36000000000013,0.9750722543352582,26.809999999999945,13.4650000000001,0.28,1.0,1.0,1.0,13,0,5.0,2025
2025-06-05 13:01:00+00:00|1.0|S23B_B_pb0.1_eff0.60_h180_tp0.6_sl0.65,2025-06-05 13:01:00+00:00,STAGE27C,data/reports/stage27c_db_first_h1_atr_gate_validation/stage27c_enriched_h1_atr_trades.csv,london_oneway_continuation,S23B_B_pb0.1_eff0.60_h180_tp0.6_sl0.65,4.86571,3.81571,3.11571,1,1,1,0,3.81571,40.88999999999987,15.769999999999982,0.2441344324667034,30.279999999999745,0.6647952443857423,17.199999999999818,9.147000000000002,0.148,1.0,1.0,1.0,13,3,6.0,2025
2025-07-01 13:01:00+00:00|1.0|S23B_B_pb0.1_eff0.60_h180_tp0.6_sl0.65,2025-07-01 13:01:00+00:00,STAGE27C,data/reports/stage27c_db_first_h1_atr_gate_validation/stage27c_enriched_h1_atr_trades.csv,london_oneway_continuation,S23B_B_pb0.1_eff0.60_h180_tp0.6_sl0.65,3.89714,2.84714,2.1471400000000003,1,1,1,0,2.84714,63.93000000000029,20.279999999999745,0.4817554240631215,29.08999999999969,0.8446201443795108,9.88000000000011,7.409500000000071,0.072,1.0,1.0,1.0,13,1,7.0,2025
2025-07-14 13:01:00+00:00|1.0|S23B_B_pb0.1_eff0.60_h180_tp0.6_sl0.65,2025-07-14 13:01:00+00:00,STAGE27C,data/reports/stage27c_db_first_h1_atr_gate_validation/stage27c_enriched_h1_atr_trades.csv,london_oneway_continuation,S23B_B_pb0.1_eff0.60_h180_tp0.6_sl0.65,-5.544429999999999,-6.594429999999999,-7.294429999999999,0,0,0,1,6.594429999999999,11.590000000000146,20.13999999999988,0.6156901688182805,21.2199999999998,0.6291234684260363,6.230000000000018,7.844500000000039,0.504,1.0,1.0,1.0,13,0,7.0,2025
2025-07-15 13:01:00+00:00|1.0|S23B_B_pb0.1_eff0.60_h180_tp0.6_sl0.65,2025-07-15 13:01:00+00:00,STAGE27C,data/reports/stage27c_db_first_h1_atr_gate_validation/stage27c_enriched_h1_atr_trades.csv,london_oneway_continuation,S23B_B_pb0.1_eff0.60_h180_tp0.6_sl0.65,3.01343,1.96343,1.2634300000000005,1,1,1,0,1.96343,34.059999999999945,17.06999999999971,0.7158758055067641,9.0,0.6077777777777555,6.110000000000127,5.974000000000046,0.04,1.0,0.0,1.0,13,1,7.0,2025
2025-07-21 13:01:00+00:00|1.0|S23B_B_pb0.1_eff0.60_h180_tp0.6_sl0.65,2025-07-21 13:01:00+00:00,STAGE27C,data/reports/stage27c_db_first_h1_atr_gate_validation/stage27c_enriched_h1_atr_trades.csv,london_oneway_continuation,S23B_B_pb0.1_eff0.60_h180_tp0.6_sl0.65,3.20886,2.15886,1.4588600000000005,1,1,1,0,2.15886,5.199999999999818,13.569999999999707,0.257184966838604,20.029999999999745,0.7393909136295623,3.5900000000001455,5.412499999999886,0.004,1.0,0.0,1.0,13,0,7.0,2025
2025-08-05 13:01:00+00:00|-1.0|S23B_B_pb0.1_eff0.60_h180_tp0.6_sl0.65,2025-08-05 13:01:00+00:00,STAGE27C,data/reports/stage27c_db_first_h1_atr_gate_validation/stage27c_enriched_h1_atr_trades.csv,london_oneway_continuation,S23B_B_pb0.1_eff0.60_h180_tp0.6_sl0.65,3.23329,2.18329,1.4832900000000002,1,1,1,0,2.18329,40.25999999999976,10.429999999999836,0.2550335570470135,16.519999999999982,0.7481840193704686,7.330000000000382,5.739000000000033,0.016,-1.0,0.0,1.0,13,1,8.0,2025
2025-09-08 13:01:00+00:00|1.0|S23B_B_pb0.1_eff0.60_h180_tp0.6_sl0.65,2025-09-08 13:01:00+00:00,STAGE27C,data/reports/stage27c_db_first_h1_atr_gate_validation/stage27c_enriched_h1_atr_trades.csv,london_oneway_continuation,S23B_B_pb0.1_eff0.60_h180_tp0.6_sl0.65,5.509860000000001,4.459860000000001,3.7598600000000006,1,1,1,0,4.459860000000001,18.25,18.559999999999945,0.468211206896556,37.67999999999984,0.8017515923566924,6.2599999999997635,9.490000000000032,0.636,1.0,1.0,1.0,13,0,9.0,2025
2025-10-21 13:01:00+00:00|-1.0|S23B_B_pb0.1_eff0.60_h180_tp0.6_sl0.65,2025-10-21 13:01:00+00:00,STAGE27C,data/reports/stage27c_db_first_h1_atr_gate_validation/stage27c_enriched_h1_atr_trades.csv,london_oneway_continuation,S23B_B_pb0.1_eff0.60_h180_tp0.6_sl0.65,15.46386,14.41386,13.71386,1,1,1,0,14.41386,162.71999999999937,42.36000000000058,0.4952785646836467,102.25,0.796479217603908,23.349999999999454,24.80199999999986,0.836,-1.0,0.0,1.0,13,1,10.0,2025
2025-11-14 13:01:00+00:00|-1.0|S23B_B_pb0.1_eff0.60_h180_tp0.6_sl0.65,2025-11-14 13:01:00+00:00,STAGE27C,data/reports/stage27c_db_first_h1_atr_gate_validation/stage27c_enriched_h1_atr_trades.csv,london_oneway_continuation,S23B_B_pb0.1_eff0.60_h180_tp0.6_sl0.65,10.70929,9.65929,8.959290000000001,1,1,1,0,9.65929,100.11999999999988,41.19999999999982,0.4191747572815438,44.849999999999454,0.7906354515050271,11.11999999999989,18.576999999999863,0.792,-1.0,1.0,1.0,13,4,11.0,2025
2025-12-12 13:01:00+00:00|1.0|S23B_B_pb0.1_eff0.60_h180_tp0.6_sl0.65,2025-12-12 13:01:00+00:00,STAGE27C,data/reports/stage27c_db_first_h1_atr_gate_validation/stage27c_enriched_h1_atr_trades.csv,london_oneway_continuation,S23B_B_pb0.1_eff0.60_h180_tp0.6_sl0.65,6.36057,5.31057,4.61057,1,1,1,0,5.31057,81.61000000000058,18.800000000000185,0.5281914893616642,64.73999999999978,0.9800741427247596,16.06999999999971,13.740999999999985,0.576,1.0,1.0,1.0,13,4,12.0,2025
2026-03-03 13:01:00+00:00|-1.0|S23B_B_pb0.1_eff0.60_h180_tp0.6_sl0.65,2026-03-03 13:01:00+00:00,STAGE27C,data/reports/stage27c_db_first_h1_atr_gate_validation/stage27c_enriched_h1_atr_trades.csv,london_oneway_continuation,S23B_B_pb0.1_eff0.60_h180_tp0.6_sl0.65,28.28371,27.23371,26.53371,1,1,1,0,27.23371,158.2599999999993,50.46000000000004,0.2964724534284587,140.09999999999943,0.804354032833697,49.88000000000011,34.52399999999993,0.972,-1.0,1.0,1.0,13,1,3.0,2026
2026-03-06 13:01:00+00:00|-1.0|S23B_B_pb0.1_eff0.60_h180_tp0.6_sl0.65,2026-03-06 13:01:00+00:00,STAGE27C,data/reports/stage27c_db_first_h1_atr_gate_validation/stage27c_enriched_h1_atr_trades.csv,london_oneway_continuation,S23B_B_pb0.1_eff0.60_h180_tp0.6_sl0.65,13.41529,12.36529,11.66529,1,1,1,0,12.36529,143.6899999999996,76.73999999999978,0.5422204847537111,54.25,0.6733640552995345,16.86999999999989,26.763000000000012,0.572,-1.0,1.0,1.0,13,4,3.0,2026
2026-05-04 13:01:00+00:00|-1.0|S23B_B_pb0.1_eff0.60_h180_tp0.6_sl0.65,2026-05-04 13:01:00+00:00,STAGE27C,data/reports/stage27c_db_first_h1_atr_gate_validation/stage27c_enriched_h1_atr_trades.csv,london_oneway_continuation,S23B_B_pb0.1_eff0.60_h180_tp0.6_sl0.65,10.36257,9.31257,8.61257,1,1,1,0,9.31257,16.889999999999418,38.17999999999938,0.099790466212665,42.73999999999978,0.933317735142736,11.859999999999673,16.141499999999816,0.296,-1.0,1.0,1.0,13,0,5.0,2026
2026-05-20 13:01:00+00:00|1.0|S23B_B_pb0.1_eff0.60_h180_tp0.6_sl0.65,2026-05-20 13:01:00+00:00,STAGE27C,data/reports/stage27c_db_first_h1_atr_gate_validation/stage27c_enriched_h1_atr_trades.csv,london_oneway_continuation,S23B_B_pb0.1_eff0.60_h180_tp0.6_sl0.65,10.66,9.61,8.91,1,1,1,0,9.61,124.22000000000024,55.14000000000033,0.3741385564018858,34.54999999999927,0.6208393632416865,18.210000000000036,18.370500000000085,0.32,1.0,0.0,1.0,13,2,5.0,2026
2022-07-25 09:00:00+00:00|1.0|sess_comp_exp_follow_london_h9_q0.3_tp06_sl065,2022-07-25 09:00:00+00:00,STAGE28A,data/reports/stage28a_discovery_factory_batch_runner/stage28a_exact_trades.csv,session_compression_expansion_v1,sess_comp_exp_follow_london_h9_q0.3_tp06_sl065,0.5638000000000375,-0.4861999999999624,-1.1861999999999622,0,0,0,0,0.4861999999999624,1.5700000000001637,8.950000000000045,0.13854748603351988,12.480000000000018,0.5993589743589749,3.150000000000091,4.619999999999993,0.552,1.0,,,9,0,7.0,2022
2022-07-26 09:00:00+00:00|-1.0|sess_comp_exp_follow_london_h9_q0.3_tp06_sl065,2022-07-26 09:00:00+00:00,STAGE28A,data/reports/stage28a_discovery_factory_batch_runner/stage28a_exact_trades.csv,session_compression_expansion_v1,sess_comp_exp_follow_london_h9_q0.3_tp06_sl065,-1.4550000000000185,-2.505000000000018,-3.205000000000018,0,0,0,0,2.505000000000018,21.460000000000036,10.149999999999864,0.5320197044335137,8.980000000000018,0.4432071269487762,2.349999999999909,3.4800000000000066,0.16,-1.0,,,9,1,7.0,2022
2022-08-02 09:00:00+00:00|-1.0|sess_comp_exp_follow_london_h9_q0.3_tp06_sl065,2022-08-02 09:00:00+00:00,STAGE28A,data/reports/stage28a_discovery_factory_batch_runner/stage28a_exact_trades.csv,session_compression_expansion_v1,sess_comp_exp_follow_london_h9_q0.3_tp06_sl065,0.612099999999964,-0.4379000000000359,-1.1379000000000357,0,0,0,0,0.4379000000000359,16.699999999999818,9.649999999999864,0.30880829015544664,7.150000000000091,0.008391608391600653,3.290000000000191,4.108000000000027,0.504,-1.0,,,9,1,8.0,2022
2022-08-03 09:00:00+00:00|-1.0|sess_comp_exp_follow_london_h9_q0.3_tp06_sl065,2022-08-03 09:00:00+00:00,STAGE28A,data/reports/stage28a_discovery_factory_batch_runner/stage28a_exact_trades.csv,session_compression_expansion_v1,sess_comp_exp_follow_london_h9_q0.3_tp06_sl065,-1.5947500000000674,-2.644750000000067,-3.344750000000067,0,0,0,0,2.644750000000067,28.529999999999973,14.2800000000002,0.6435574229691825,6.519999999999982,0.4647239263803652,3.5799999999999272,5.808500000000015,0.944,-1.0,,,9,2,8.0,2022
2022-08-10 09:00:00+00:00|1.0|sess_comp_exp_follow_london_h9_q0.3_tp06_sl065,2022-08-10 09:00:00+00:00,STAGE28A,data/reports/stage28a_discovery_factory_batch_runner/stage28a_exact_trades.csv,session_compression_expansion_v1,sess_comp_exp_follow_london_h9_q0.3_tp06_sl065,-1.0675999999999477,-2.1175999999999475,-2.8175999999999477,0,0,0,0,2.1175999999999475,17.15000000000009,4.0,0.5999999999999659,7.539999999999964,0.3859416445623168,2.2000000000000455,3.2119999999999775,0.06,1.0,,,9,2,8.0,2022
2022-08-11 09:00:00+00:00|1.0|sess_comp_exp_follow_london_h9_q0.3_tp06_sl065,2022-08-11 09:00:00+00:00,STAGE28A,data/reports/stage28a_discovery_factory_batch_runner/stage28a_exact_trades.csv,session_compression_expansion_v1,sess_comp_exp_follow_london_h9_q0.3_tp06_sl065,0.5661999999998898,-0.4838000000001101,-1.18380000000011,0,0,0,0,0.4838000000001101,20.269999999999982,8.3900000000001,0.6376638855780506,6.789999999999964,0.6465390279823117,3.2199999999998,4.590499999999997,0.6,1.0,,,9,3,8.0,2022
2022-08-18 09:00:00+00:00|1.0|sess_comp_exp_follow_london_h9_q0.3_tp06_sl065,2022-08-18 09:00:00+00:00,STAGE28A,data/reports/stage28a_discovery_factory_batch_runner/stage28a_exact_trades.csv,session_compression_expansion_v1,sess_comp_exp_follow_london_h9_q0.3_tp06_sl065,-1.153724999999986,-2.2037249999999857,-2.903724999999985,0,0,0,0,2.2037249999999857,22.449999999999818,5.760000000000218,0.032986111111119334,8.139999999999873,0.7960687960688108,2.519999999999982,3.961000000000001,0.56,1.0,,,9,3,8.0,2022
2022-08-19 09:00:00+00:00|-1.0|sess_comp_exp_follow_london_h9_q0.3_tp06_sl065,2022-08-19 09:00:00+00:00,STAGE28A,data/reports/stage28a_discovery_factory_batch_runner/stage28a_exact_trades.csv,session_compression_expansion_v1,sess_comp_exp_follow_london_h9_q0.3_tp06_sl065,0.5715999999998985,-0.4784000000001014,-1.1784000000001011,0,0,0,0,0.4784000000001014,17.089999999999918,5.740000000000009,0.548780487804893,5.559999999999945,0.13129496402878155,4.680000000000064,3.467500000000018,0.388,-1.0,,,9,4,8.0,2022
2022-08-29 09:00:00+00:00|-1.0|sess_comp_exp_follow_london_h9_q0.3_tp06_sl065,2022-08-29 09:00:00+00:00,STAGE28A,data/reports/stage28a_discovery_factory_batch_runner/stage28a_exact_trades.csv,session_compression_expansion_v1,sess_comp_exp_follow_london_h9_q0.3_tp06_sl065,-1.5424249999999575,-2.5924249999999573,-3.292424999999957,0,0,0,0,2.5924249999999573,3.8599999999999,15.049999999999955,0.7495016611295685,5.519999999999982,0.24456521739132986,3.75,5.152999999999963,1.0,-1.0,,,9,0,8.0,2022
2022-09-02 09:00:00+00:00|1.0|sess_comp_exp_follow_london_h9_q0.3_tp06_sl065,2022-09-02 09:00:00+00:00,STAGE28A,data/reports/stage28a_discovery_factory_batch_runner/stage28a_exact_trades.csv,session_compression_expansion_v1,sess_comp_exp_follow_london_h9_q0.3_tp06_sl065,0.3382000000000517,-0.7117999999999483,-1.411799999999948,0,0,0,0,0.7117999999999483,22.61999999999989,5.330000000000155,0.7448405253283137,8.539999999999964,0.8723653395784368,2.8099999999999454,4.123500000000012,0.748,1.0,,,9,4,9.0,2022
2022-09-05 09:00:00+00:00|-1.0|sess_comp_exp_follow_london_h9_q0.3_tp06_sl065,2022-09-05 09:00:00+00:00,STAGE28A,data/reports/stage28a_discovery_factory_batch_runner/stage28a_exact_trades.csv,session_compression_expansion_v1,sess_comp_exp_follow_london_h9_q0.3_tp06_sl065,0.5187999999999647,-0.5312000000000352,-1.231200000000035,0,0,0,0,0.5312000000000352,1.9400000000000546,5.160000000000082,0.354651162790722,6.2999999999999545,0.3365079365079216,2.900000000000091,3.90150000000001,0.586,-1.0,,,9,0,9.0,2022
2022-09-13 09:00:00+00:00|1.0|sess_comp_exp_follow_london_h9_q0.3_tp06_sl065,2022-09-13 09:00:00+00:00,STAGE28A,data/reports/stage28a_discovery_factory_batch_runner/stage28a_exact_trades.csv,session_compression_expansion_v1,sess_comp_exp_follow_london_h9_q0.3_tp06_sl065,-1.3594500000000154,-2.409450000000015,-3.109450000000015,0,0,0,0,2.409450000000015,23.170000000000073,6.830000000000155,0.5710102489019038,8.160000000000082,0.6580882352940977,2.9400000000000546,3.811000000000013,0.364,1.0,,,9,1,9.0,2022
2022-10-03 09:00:00+00:00|-1.0|sess_comp_exp_follow_london_h9_q0.3_tp06_sl065,2022-10-03 09:00:00+00:00,STAGE28A,data/reports/stage28a_discovery_factory_batch_runner/stage28a_exact_trades.csv,session_compression_expansion_v1,sess_comp_exp_follow_london_h9_q0.3_tp06_sl065,0.6478000000000975,-0.4021999999999024,-1.102199999999902,0,0,0,0,0.4021999999999024,4.540000000000191,8.75,0.07314285714286857,8.669999999999845,0.26758938869665255,5.580000000000155,4.38450000000006,0.332,-1.0,,,9,0,10.0,2022
2022-10-07 09:00:00+00:00|1.0|sess_comp_exp_follow_london_h9_q0.3_tp06_sl065,2022-10-07 09:00:00+00:00,STAGE28A,data/reports/stage28a_discovery_factory_batch_runner/stage28a_exact_trades.csv,session_compression_expansion_v1,sess_comp_exp_follow_london_h9_q0.3_tp06_sl065,0.6427000000000135,-0.4072999999999864,-1.1072999999999862,0,0,0,0,0.4072999999999864,18.649999999999864,4.269999999999982,0.4637002341920437,6.3900000000001,0.45539906103283395,4.269999999999982,3.7460000000000035,0.008,1.0,,,9,4,10.0,2022
2022-11-02 09:00:00+00:00|1.0|sess_comp_exp_follow_london_h9_q0.3_tp06_sl065,2022-11-02 09:00:00+00:00,STAGE28A,data/reports/stage28a_discovery_factory_batch_runner/stage28a_exact_trades.csv,session_compression_expansion_v1,sess_comp_exp_follow_london_h9_q0.3_tp06_sl065,0.5518000000000939,-0.498199999999906,-1.1981999999999058,0,0,0,0,0.498199999999906,26.399999999999864,7.350000000000136,0.31292517006801523,7.3599999999999,0.6983695652174144,2.7799999999999727,3.7914999999999623,0.204,1.0,,,9,2,11.0,2022
2022-11-08 09:00:00+00:00|1.0|sess_comp_exp_follow_london_h9_q0.3_tp06_sl065,2022-11-08 09:00:00+00:00,STAGE28A,data/reports/stage28a_discovery_factory_batch_runner/stage28a_exact_trades.csv,session_compression_expansion_v1,sess_comp_exp_follow_london_h9_q0.3_tp06_sl065,0.4710999999998876,-0.5789000000001123,-1.278900000000112,0,0,0,0,0.5789000000001123,14.930000000000064,7.279999999999973,0.5508241758241766,7.3599999999999,0.04347826086955716,3.3099999999999454,3.0909999999999855,0.016,1.0,,,9,1,11.0,2022
2022-11-18 09:00:00+00:00|1.0|sess_comp_exp_follow_london_h9_q0.3_tp06_sl065,2022-11-18 09:00:00+00:00,STAGE28A,data/reports/stage28a_discovery_factory_batch_runner/stage28a_exact_trades.csv,session_compression_expansion_v1,sess_comp_exp_follow_london_h9_q0.3_tp06_sl065,-1.3113500000000389,-2.3613500000000385,-3.061350000000038,0,0,0,0,2.3613500000000385,20.269999999999982,6.349999999999909,0.3889763779527658,6.980000000000018,0.37392550143264947,1.8800000000001091,3.674500000000023,0.096,1.0,,,9,4,11.0,2022
2022-11-24 09:00:00+00:00|1.0|sess_comp_exp_follow_london_h9_q0.3_tp06_sl065,2022-11-24 09:00:00+00:00,STAGE28A,data/reports/stage28a_discovery_factory_batch_runner/stage28a_exact_trades.csv,session_compression_expansion_v1,sess_comp_exp_follow_london_h9_q0.3_tp06_sl065,-1.1589250000000448,-2.2089250000000447,-2.9089250000000444,0,0,0,0,2.2089250000000447,27.230000000000018,7.830000000000155,0.43550446998720144,6.160000000000082,0.07142857142857933,3.1099999999999,4.258500000000003,0.456,1.0,,,9,3,11.0,2022
2022-11-29 09:00:00+00:00|1.0|sess_comp_exp_follow_london_h9_q0.3_tp06_sl065,2022-11-29 09:00:00+00:00,STAGE28A,data/reports/stage28a_discovery_factory_batch_runner/stage28a_exact_trades.csv,session_compression_expansion_v1,sess_comp_exp_follow_london_h9_q0.3_tp06_sl065,0.6528999999999542,-0.3971000000000457,-1.0971000000000457,0,0,0,0,0.3971000000000457,24.059999999999945,14.629999999999882,0.8523581681476505,7.559999999999945,0.19312169312169933,3.2000000000000455,3.9324999999999593,0.416,1.0,,,9,1,11.0,2022
2022-12-02 09:00:00+00:00|1.0|sess_comp_exp_follow_london_h9_q0.3_tp06_sl065,2022-12-02 09:00:00+00:00,STAGE28A,data/reports/stage28a_discovery_factory_batch_runner/stage28a_exact_trades.csv,session_compression_expansion_v1,sess_comp_exp_follow_london_h9_q0.3_tp06_sl065,0.508600000000024,-0.5413999999999759,-1.2413999999999756,0,0,0,0,0.5413999999999759,35.86999999999989,8.8599999999999,0.5575620767494481,6.7000000000000455,0.41641791044775295,3.3599999999999,4.386000000000024,0.732,1.0,,,9,4,12.0,2022
2022-12-06 09:00:00+00:00|-1.0|sess_comp_exp_follow_london_h9_q0.3_tp06_sl065,2022-12-06 09:00:00+00:00,STAGE28A,data/reports/stage28a_discovery_factory_batch_runner/stage28a_exact_trades.csv,session_compression_expansion_v1,sess_comp_exp_follow_london_h9_q0.3_tp06_sl065,0.9208000000000084,-0.1291999999999915,-0.8291999999999913,0,0,0,0,0.1291999999999915,44.12999999999988,8.799999999999955,0.35454545454544395,7.7800000000002,0.16709511568125301,4.180000000000064,4.616000000000031,0.704,-1.0,,,9,1,12.0,2022
2022-12-07 09:00:00+00:00|1.0|sess_comp_exp_follow_london_h9_q0.3_tp06_sl065,2022-12-07 09:00:00+00:00,STAGE28A,data/reports/stage28a_discovery_factory_batch_runner/stage28a_exact_trades.csv,session_compression_expansion_v1,sess_comp_exp_follow_london_h9_q0.3_tp06_sl065,0.6963999999999487,-0.3536000000000512,-1.053600000000051,0,0,0,0,0.3536000000000512,13.570000000000164,6.420000000000073,0.015576323987524598,6.230000000000018,0.2616372391653093,3.509999999999991,3.316499999999985,0.192,1.0,,,9,2,12.0,2022
2022-12-08 09:00:00+00:00|-1.0|sess_comp_exp_follow_london_h9_q0.3_tp06_sl065,2022-12-08 09:00:00+00:00,STAGE28A,data/reports/stage28a_discovery_factory_batch_runner/stage28a_exact_trades.csv,session_compression_expansion_v1,sess_comp_exp_follow_london_h9_q0.3_tp06_sl065,-1.2434249999999794,-2.293424999999979,-2.993424999999979,0,0,0,0,2.293424999999979,21.769999999999982,6.779999999999973,0.5176991150442485,5.3900000000001,0.03710575139143124,3.269999999999982,4.332000000000005,0.544,-1.0,,,9,3,12.0,2022
2022-12-12 09:00:00+00:00|1.0|sess_comp_exp_follow_london_h9_q0.3_tp06_sl065,2022-12-12 09:00:00+00:00,STAGE28A,data/reports/stage28a_discovery_factory_batch_runner/stage28a_exact_trades.csv,session_compression_expansion_v1,sess_comp_exp_follow_london_h9_q0.3_tp06_sl065,-1.2925000000001092,-2.342500000000109,-3.042500000000109,0,0,0,0,2.342500000000109,2.3400000000001455,10.309999999999945,0.7332686711930151,7.329999999999927,0.6889495225102326,3.4700000000000273,4.614000000000021,0.66,1.0,,,9,0,12.0,2022
2022-12-13 09:00:00+00:00|1.0|sess_comp_exp_follow_london_h9_q0.3_tp06_sl065,2022-12-13 09:00:00+00:00,STAGE28A,data/reports/stage28a_discovery_factory_batch_runner/stage28a_exact_trades.csv,session_compression_expansion_v1,sess_comp_exp_follow_london_h9_q0.3_tp06_sl065,-1.2014999999999874,-2.251499999999987,-2.951499999999987,0,0,0,0,2.251499999999987,19.5,6.0900000000001455,0.08702791461411495,6.180000000000064,0.7508090614886448,2.0699999999999363,3.405000000000041,0.116,1.0,,,9,1,12.0,2022
2022-12-14 09:00:00+00:00|-1.0|sess_comp_exp_follow_london_h9_q0.3_tp06_sl065,2022-12-14 09:00:00+00:00,STAGE28A,data/reports/stage28a_discovery_factory_batch_runner/stage28a_exact_trades.csv,session_compression_expansion_v1,sess_comp_exp_follow_london_h9_q0.3_tp06_sl065,-1.1572999999999412,-2.207299999999941,-2.9072999999999407,0,0,0,0,2.207299999999941,44.50999999999999,4.470000000000027,0.1342281879194419,6.720000000000027,0.029761904761877574,3.7000000000000455,5.6720000000000255,0.924,-1.0,,,9,2,12.0,2022
2022-12-21 09:00:00+00:00|-1.0|sess_comp_exp_follow_london_h9_q0.3_tp06_sl065,2022-12-21 09:00:00+00:00,STAGE28A,data/reports/stage28a_discovery_factory_batch_runner/stage28a_exact_trades.csv,session_compression_expansion_v1,sess_comp_exp_follow_london_h9_q0.3_tp06_sl065,-1.2772249999999077,-2.3272249999999075,-3.0272249999999072,0,0,0,0,2.3272249999999075,36.52999999999997,6.380000000000109,0.49999999999996436,5.369999999999891,0.1787709497206808,2.230000000000018,4.145000000000005,0.524,-1.0,,,9,2,12.0,2022
2022-12-22 09:00:00+00:00|-1.0|sess_comp_exp_follow_london_h9_q0.3_tp06_sl065,2022-12-22 09:00:00+00:00,STAGE28A,data/reports/stage28a_discovery_factory_batch_runner/stage28a_exact_trades.csv,session_compression_expansion_v1,sess_comp_exp_follow_london_h9_q0.3_tp06_sl065,-1.2018249999999626,-2.2518249999999624,-2.951824999999962,0,0,0,0,2.2518249999999624,11.930000000000064,6.889999999999873,0.7735849056603811,6.740000000000009,0.827893175074172,5.599999999999909,3.214499999999987,0.136,-1.0,,,9,3,12.0,2022
2022-12-23 09:00:00+00:00|1.0|sess_comp_exp_follow_london_h9_q0.3_tp06_sl065,2022-12-23 09:00:00+00:00,STAGE28A,data/reports/stage28a_discovery_factory_batch_runner/stage28a_exact_trades.csv,session_compression_expansion_v1,sess_comp_exp_follow_london_h9_q0.3_tp06_sl065,-1.2317249999999604,-2.2817249999999603,-2.98172499999996,0,0,0,0,2.2817249999999603,35.58999999999992,4.270000000000209,0.33255269320843167,4.830000000000155,0.780538302277404,1.8500000000001364,4.35650000000004,0.6,1.0,,,9,4,12.0,2022
2022-12-27 09:00:00+00:00|1.0|sess_comp_exp_follow_london_h9_q0.3_tp06_sl065,2022-12-27 09:00:00+00:00,STAGE28A,data/reports/stage28a_discovery_factory_batch_runner/stage28a_exact_trades.csv,session_compression_expansion_v1,sess_comp_exp_follow_london_h9_q0.3_tp06_sl065,0.3934000000000651,-0.6565999999999348,-1.3565999999999343,0,0,0,0,0.6565999999999348,4.339999999999918,6.7999999999999545,0.47205882352938683,6.039999999999964,0.6026490066225367,2.410000000000082,3.556999999999971,0.368,1.0,,,9,1,12.0,2022
2022-12-29 09:00:00+00:00|-1.0|sess_comp_exp_follow_london_h9_q0.3_tp06_sl065,2022-12-29 09:00:00+00:00,STAGE28A,data/reports/stage28a_discovery_factory_batch_runner/stage28a_exact_trades.csv,session_compression_expansion_v1,sess_comp_exp_follow_london_h9_q0.3_tp06_sl065,-1.1631499999999506,-2.2131499999999504,-2.91314999999995,0,0,0,0,2.2131499999999504,17.580000000000155,5.630000000000109,0.5772646536411966,7.6099999999999,0.4809461235216692,2.849999999999909,3.4069999999999823,0.248,-1.0,,,9,3,12.0,2022
2023-01-06 09:00:00+00:00|-1.0|sess_comp_exp_follow_london_h9_q0.3_tp06_sl065,2023-01-06 09:00:00+00:00,STAGE28A,data/reports/stage28a_discovery_factory_batch_runner/stage28a_exact_trades.csv,session_compression_expansion_v1,sess_comp_exp_follow_london_h9_q0.3_tp06_sl065,-1.3532750000000306,-2.4032750000000305,-3.10327500000003,0,0,0,0,2.4032750000000305,33.99000000000001,10.930000000000064,0.4858188472095073,7.370000000000118,0.18724559023067666,2.810000000000173,4.749000000000012,0.644,-1.0,,,9,4,1.0,2023
2023-01-10 09:00:00+00:00|1.0|sess_comp_exp_follow_london_h9_q0.3_tp06_sl065,2023-01-10 09:00:00+00:00,STAGE28A,data/reports/stage28a_discovery_factory_batch_runner/stage28a_exact_trades.csv,session_compression_expansion_v1,sess_comp_exp_follow_london_h9_q0.3_tp06_sl065,0.5602000000000317,-0.4897999999999682,-1.189799999999968,0,0,0,0,0.4897999999999682,15.169999999999845,8.11999999999989,0.10467980295568323,6.699999999999818,0.5716417910447807,2.75,4.315999999999974,0.436,1.0,,,9,1,1.0,2023
2023-01-12 09:00:00+00:00|-1.0|sess_comp_exp_follow_london_h9_q0.3_tp06_sl065,2023-01-12 09:00:00+00:00,STAGE28A,data/reports/stage28a_discovery_factory_batch_runner/stage28a_exact_trades.csv,session_compression_expansion_v1,sess_comp_exp_follow_london_h9_q0.3_tp06_sl065,-1.1768000000000485,-2.2268000000000483,-2.926800000000048,0,0,0,0,2.2268000000000483,19.480000000000018,10.3599999999999,0.7268339768339812,5.509999999999991,0.032667876588033384,2.3599999999999,3.7234999999999787,0.2,-1.0,,,9,3,1.0,2023
2023-01-27 09:00:00+00:00|1.0|sess_comp_exp_follow_london_h9_q0.3_tp06_sl065,2023-01-27 09:00:00+00:00,STAGE28A,data/reports/stage28a_discovery_factory_batch_runner/stage28a_exact_trades.csv,session_compression_expansion_v1,sess_comp_exp_follow_london_h9_q0.3_tp06_sl065,-1.5456749999999375,-2.5956749999999373,-3.295674999999937,0,0,0,0,2.5956749999999373,30.470000000000027,15.069999999999936,0.6084936960849444,7.829999999999927,0.8735632183908023,3.6099999999999,5.332499999999982,0.768,1.0,,,9,4,1.0,2023
2023-02-01 09:00:00+00:00|-1.0|sess_comp_exp_follow_london_h9_q0.3_tp06_sl065,2023-02-01 09:00:00+00:00,STAGE28A,data/reports/stage28a_discovery_factory_batch_runner/stage28a_exact_trades.csv,session_compression_expansion_v1,sess_comp_exp_follow_london_h9_q0.3_tp06_sl065,-1.203125000000091,-2.253125000000091,-2.9531250000000906,0,0,0,0,2.253125000000091,30.279999999999973,4.25,0.3764705882353262,5.929999999999836,0.11973018549747994,2.4199999999998454,4.104999999999961,0.108,-1.0,,,9,2,2.0,2023
2023-02-07 09:00:00+00:00|1.0|sess_comp_exp_follow_london_h9_q0.3_tp06_sl065,2023-02-07 09:00:00+00:00,STAGE28A,data/reports/stage28a_discovery_factory_batch_runner/stage28a_exact_trades.csv,session_compression_expansion_v1,sess_comp_exp_follow_london_h9_q0.3_tp06_sl065,0.6553000000000339,-0.3946999999999661,-1.0946999999999658,0,0,0,0,0.3946999999999661,21.3900000000001,8.75,0.5234285714285631,6.900000000000091,0.17536231884054973,3.6599999999998545,3.9954999999999927,0.116,1.0,,,9,1,2.0,2023
2023-02-14 09:00:00+00:00|1.0|sess_comp_exp_follow_london_h9_q0.3_tp06_sl065,2023-02-14 09:00:00+00:00,STAGE28A,data/reports/stage28a_discovery_factory_batch_runner/stage28a_exact_trades.csv,session_compression_expansion_v1,sess_comp_exp_follow_london_h9_q0.3_tp06_sl065,0.4863999999999123,-0.5636000000000876,-1.263600000000087,0,0,0,0,0.5636000000000876,16.13000000000011,6.519999999999982,0.5920245398773218,7.099999999999909,0.12394366197181592,6.220000000000027,3.5785000000000196,0.052,1.0,,,9,1,2.0,2023
2023-02-20 09:00:00+00:00|1.0|sess_comp_exp_follow_london_h9_q0.3_tp06_sl065,2023-02-20 09:00:00+00:00,STAGE28A,data/reports/stage28a_discovery_factory_batch_runner/stage28a_exact_trades.csv,session_compression_expansion_v1,sess_comp_exp_follow_london_h9_q0.3_tp06_sl065,-1.2603250000000572,-2.310325000000057,-3.0103250000000568,0,0,0,0,2.310325000000057,3.3700000000001182,7.559999999999945,0.5052910052910006,6.3599999999999,0.1289308176100549,2.4400000000000546,3.9350000000000023,0.068,1.0,,,9,0,2.0,2023
2023-02-24 09:00:00+00:00|-1.0|sess_comp_exp_follow_london_h9_q0.3_tp06_sl065,2023-02-24 09:00:00+00:00,STAGE28A,data/reports/stage28a_discovery_factory_batch_runner/stage28a_exact_trades.csv,session_compression_expansion_v1,sess_comp_exp_follow_london_h9_q0.3_tp06_sl065,0.4144000000000233,-0.6355999999999766,-1.3355999999999764,0,0,0,0,0.6355999999999766,16.320000000000164,6.779999999999973,0.3554572271386566,6.529999999999973,0.4992343032159272,2.509999999999991,3.7500000000000115,0.192,-1.0,,,9,4,2.0,2023
2023-02-27 09:00:00+00:00|-1.0|sess_comp_exp_follow_london_h9_q0.3_tp06_sl065,2023-02-27 09:00:00+00:00,STAGE28A,data/reports/stage28a_discovery_factory_batch_runner/stage28a_exact_trades.csv,session_compression_expansion_v1,sess_comp_exp_follow_london_h9_q0.3_tp06_sl065,-1.4667000000000372,-2.516700000000037,-3.2167000000000368,0,0,0,0,2.516700000000037,3.119999999999891,7.599999999999909,0.32763157894737355,6.600000000000136,0.20151515151513633,3.9500000000000455,3.8214999999999693,0.26,-1.0,,,9,0,2.0,2023
2023-03-02 09:00:00+00:00|-1.0|sess_comp_exp_follow_london_h9_q0.3_tp06_sl065,2023-03-02 09:00:00+00:00,STAGE28A,data/reports/stage28a_discovery_factory_batch_runner/stage28a_exact_trades.csv,session_compression_expansion_v1,sess_comp_exp_follow_london_h9_q0.3_tp06_sl065,-1.2691000000000714,-2.319100000000071,-3.019100000000071,0,0,0,0,2.319100000000071,21.450000000000045,7.440000000000055,0.29301075268817844,5.220000000000027,0.5363984674329387,1.8400000000001455,3.876999999999998,0.436,-1.0,,,9,3,3.0,2023
2023-03-08 09:00:00+00:00|1.0|sess_comp_exp_follow_london_h9_q0.3_tp06_sl065,2023-03-08 09:00:00+00:00,STAGE28A,data/reports/stage28a_discovery_factory_batch_runner/stage28a_exact_trades.csv,session_compression_expansion_v1,sess_comp_exp_follow_london_h9_q0.3_tp06_sl065,-1.1264250000000176,-2.1764250000000174,-2.876425000000017,0,0,0,0,2.1764250000000174,38.899999999999864,5.070000000000164,0.4773175542406301,4.800000000000182,0.5312499999999704,2.490000000000009,3.797500000000048,0.584,1.0,,,9,2,3.0,2023
2023-03-09 09:00:00+00:00|1.0|sess_comp_exp_follow_london_h9_q0.3_tp06_sl065,2023-03-09 09:00:00+00:00,STAGE28A,data/reports/stage28a_discovery_factory_batch_runner/stage28a_exact_trades.csv,session_compression_expansion_v1,sess_comp_exp_follow_london_h9_q0.3_tp06_sl065,-0.9895999999999732,-2.039599999999973,-2.7395999999999727,0,0,0,0,2.039599999999973,14.860000000000127,4.480000000000018,0.20535714285715825,6.339999999999918,0.5883280757097896,2.5,3.039499999999987,0.12,1.0,,,9,3,3.0,2023
2023-03-17 09:00:00+00:00|1.0|sess_comp_exp_follow_london_h9_q0.3_tp06_sl065,2023-03-17 09:00:00+00:00,STAGE28A,data/reports/stage28a_discovery_factory_batch_runner/stage28a_exact_trades.csv,session_compression_expansion_v1,sess_comp_exp_follow_london_h9_q0.3_tp06_sl065,0.9778000000000248,-0.0721999999999751,-0.7721999999999749,0,0,0,0,0.0721999999999751,25.8599999999999,12.769999999999982,0.8300704776820792,6.980000000000018,0.04154727793695743,6.339999999999918,5.279999999999973,0.616,1.0,,,9,4,3.0,2023
2023-04-04 09:00:00+00:00|1.0|sess_comp_exp_follow_london_h9_q0.3_tp06_sl065,2023-04-04 09:00:00+00:00,STAGE28A,data/reports/stage28a_discovery_factory_batch_runner/stage28a_exact_trades.csv,session_compression_expansion_v1,sess_comp_exp_follow_london_h9_q0.3_tp06_sl065,0.6019000000000233,-0.4480999999999766,-1.1480999999999764,0,0,0,0,0.4480999999999766,40.72000000000003,7.680000000000064,0.7552083333333508,7.259999999999991,0.6680440771350059,2.759999999999991,4.584500000000025,0.3,1.0,,,9,1,4.0,2023
2023-04-05 09:00:00+00:00|1.0|sess_comp_exp_follow_london_h9_q0.3_tp06_sl065,2023-04-05 09:00:00+00:00,STAGE28A,data/reports/stage28a_discovery_factory_batch_runner/stage28a_exact_trades.csv,session_compression_expansion_v1,sess_comp_exp_follow_london_h9_q0.3_tp06_sl065,0.429399999999896,-0.620600000000104,-1.3206000000001037,0,0,0,0,0.620600000000104,48.01999999999998,5.910000000000082,0.4027072758037354,6.6099999999999,0.22541603630862808,2.0,5.0905000000000316,0.436,1.0,,,9,2,4.0,2023
2023-04-26 09:00:00+00:00|1.0|sess_comp_exp_follow_london_h9_q0.3_tp06_sl065,2023-04-26 09:00:00+00:00,STAGE28A,data/reports/stage28a_discovery_factory_batch_runner/stage28a_exact_trades.csv,session_compression_expansion_v1,sess_comp_exp_follow_london_h9_q0.3_tp06_sl065,-1.559974999999986,-2.6099749999999857,-3.309974999999985,0,0,0,0,2.6099749999999857,27.710000000000036,9.230000000000018,0.37811484290357555,6.069999999999936,0.7726523887973812,2.8099999999999454,5.815499999999986,0.7,1.0,,,9,2,4.0,2023
2023-04-27 09:00:00+00:00|-1.0|sess_comp_exp_follow_london_h9_q0.3_tp06_sl065,2023-04-27 09:00:00+00:00,STAGE28A,data/reports/stage28a_discovery_factory_batch_runner/stage28a_exact_trades.csv,session_compression_expansion_v1,sess_comp_exp_follow_london_h9_q0.3_tp06_sl065,-1.8527999999999796,-2.902799999999979,-3.602799999999979,0,0,0,0,2.902799999999979,25.920000000000073,11.960000000000036,0.8127090301003342,6.400000000000091,0.44687499999997804,5.100000000000136,5.088500000000044,0.504,-1.0,,,9,3,4.0,2023
2023-05-02 09:00:00+00:00|-1.0|sess_comp_exp_follow_london_h9_q0.3_tp06_sl065,2023-05-02 09:00:00+00:00,STAGE28A,data/reports/stage28a_discovery_factory_batch_runner/stage28a_exact_trades.csv,session_compression_expansion_v1,sess_comp_exp_follow_london_h9_q0.3_tp06_sl065,0.4020999999999276,-0.6479000000000723,-1.347900000000072,0,0,0,0,0.6479000000000723,28.960000000000036,4.459999999999809,0.12556053811658507,7.899999999999864,0.25949367088607467,2.9600000000000364,4.308999999999981,0.2,-1.0,,,9,1,5.0,2023
2023-05-03 09:00:00+00:00|-1.0|sess_comp_exp_follow_london_h9_q0.3_tp06_sl065,2023-05-03 09:00:00+00:00,STAGE28A,data/reports/stage28a_discovery_factory_batch_runner/stage28a_exact_trades.csv,session_compression_expansion_v1,sess_comp_exp_follow_london_h9_q0.3_tp06_sl065,-1.1254500000000918,-2.175450000000092,-2.8754500000000918,0,0,0,0,2.175450000000092,40.909999999999854,4.5300000000002,0.6247240618101109,6.770000000000209,0.20531757754798075,1.9600000000000364,4.580499999999972,0.332,-1.0,,,9,2,5.0,2023
2023-05-08 09:00:00+00:00|-1.0|sess_comp_exp_follow_london_h9_q0.3_tp06_sl065,2023-05-08 09:00:00+00:00,STAGE28A,data/reports/stage28a_discovery_factory_batch_runner/stage28a_exact_trades.csv,session_compression_expansion_v1,sess_comp_exp_follow_london_h9_q0.3_tp06_sl065,0.627100000000064,-0.4228999999999359,-1.1228999999999356,0,0,0,0,0.4228999999999359,3.8199999999999363,9.689999999999827,0.8926728586171329,4.629999999999882,0.12526997840176446,4.569999999999936,6.000999999999976,0.764,-1.0,,,9,0,5.0,2023
2023-05-09 09:00:00+00:00|1.0|sess_comp_exp_follow_london_h9_q0.3_tp06_sl065,2023-05-09 09:00:00+00:00,STAGE28A,data/reports/stage28a_discovery_factory_batch_runner/stage28a_exact_trades.csv,session_compression_expansion_v1,sess_comp_exp_follow_london_h9_q0.3_tp06_sl065,0.5622999999999593,-0.4877000000000406,-1.1877000000000404,0,0,0,0,0.4877000000000406,15.129999999999882,5.400000000000091,0.4944444444444075,7.330000000000155,0.46248294679400115,3.3700000000001182,3.441500000000019,0.076,1.0,,,9,1,5.0,2023
2023-05-10 09:00:00+00:00|-1.0|sess_comp_exp_follow_london_h9_q0.3_tp06_sl065,2023-05-10 09:00:00+00:00,STAGE28A,data/reports/stage28a_discovery_factory_batch_runner/stage28a_exact_trades.csv,session_compression_expansion_v1,sess_comp_exp_follow_london_h9_q0.3_tp06_sl065,0.3990999999999985,-0.6509000000000014,-1.350900000000001,0,0,0,0,0.6509000000000014,18.029999999999973,7.679999999999836,0.5572916666667046,6.680000000000064,0.39371257485027794,3.7999999999999545,3.3315000000000055,0.068,-1.0,,,9,2,5.0,2023
2023-05-12 09:00:00+00:00|-1.0|sess_comp_exp_follow_london_h9_q0.3_tp06_sl065,2023-05-12 09:00:00+00:00,STAGE28A,data/reports/stage28a_discovery_factory_batch_runner/stage28a_exact_trades.csv,session_compression_expansion_v1,sess_comp_exp_follow_london_h9_q0.3_tp06_sl065,-1.5970250000001216,-2.6470250000001214,-3.347025000000121,0,0,0,0,2.6470250000001214,30.1400000000001,8.960000000000036,0.4832589285714185,11.710000000000036,0.7532023911186941,3.910000000000082,5.611500000000012,0.704,-1.0,,,9,4,5.0,2023
2023-05-15 09:00:00+00:00|1.0|sess_comp_exp_follow_london_h9_q0.3_tp06_sl065,2023-05-15 09:00:00+00:00,STAGE28A,data/reports/stage28a_discovery_factory_batch_runner/stage28a_exact_trades.csv,session_compression_expansion_v1,sess_comp_exp_follow_london_h9_q0.3_tp06_sl065,-1.4576000000000475,-2.507600000000048,-3.2076000000000477,0,0,0,0,2.507600000000048,4.789999999999964,11.710000000000036,0.2613151152860748,7.720000000000027,0.3121761658031183,5.980000000000018,4.789999999999987,0.464,1.0,,,9,0,5.0,2023
2023-05-17 09:00:00+00:00|-1.0|sess_comp_exp_follow_london_h9_q0.3_tp06_sl065,2023-05-17 09:00:00+00:00,STAGE28A,data/reports/stage28a_discovery_factory_batch_runner/stage28a_exact_trades.csv,session_compression_expansion_v1,sess_comp_exp_follow_london_h9_q0.3_tp06_sl065,-1.2512250000000678,-2.301225000000068,-3.0012250000000678,0,0,0,0,2.301225000000068,32.789999999999964,5.0,0.25599999999999457,8.180000000000064,0.892420537897298,4.060000000000173,4.21400000000001,0.4,-1.0,,,9,2,5.0,2023
2023-06-02 09:00:00+00:00|-1.0|sess_comp_exp_follow_london_h9_q0.3_tp06_sl065,2023-06-02 09:00:00+00:00,STAGE28A,data/reports/stage28a_discovery_factory_batch_runner/stage28a_exact_trades.csv,session_compression_expansion_v1,sess_comp_exp_follow_london_h9_q0.3_tp06_sl065,-1.5255249999998797,-2.5755249999998795,-3.2755249999998792,0,0,0,0,2.5755249999998795,29.720000000000027,9.389999999999873,0.55271565495209,7.849999999999909,0.2496815286624279,3.689999999999827,4.025999999999977,0.28,-1.0,,,9,4,6.0,2023
2023-06-06 09:00:00+00:00|1.0|sess_comp_exp_follow_london_h9_q0.3_tp06_sl065,2023-06-06 09:00:00+00:00,STAGE28A,data/reports/stage28a_discovery_factory_batch_runner/stage28a_exact_trades.csv,session_compression_expansion_v1,sess_comp_exp_follow_london_h9_q0.3_tp06_sl065,0.6625000000000455,-0.3874999999999544,-1.0874999999999542,0,0,0,0,0.3874999999999544,25.87000000000012,5.519999999999982,0.5851449275362371,6.670000000000073,0.4692653673163531,4.889999999999873,3.7049999999999614,0.172,1.0,,,9,1,6.0,2023
2023-06-08 09:00:00+00:00|1.0|sess_comp_exp_follow_london_h9_q0.3_tp06_sl065,2023-06-08 09:00:00+00:00,STAGE28A,data/reports/stage28a_discovery_factory_batch_runner/stage28a_exact_trades.csv,session_compression_expansion_v1,sess_comp_exp_follow_london_h9_q0.3_tp06_sl065,0.4144000000000233,-0.6355999999999766,-1.3355999999999764,0,0,0,0,0.6355999999999766,30.329999999999927,7.440000000000055,0.5349462365591383,6.319999999999936,0.011075949367078645,2.1100000000001273,4.6650000000000205,0.692,1.0,,,9,3,6.0,2023
2023-06-09 09:00:00+00:00|-1.0|sess_comp_exp_follow_london_h9_q0.3_tp06_sl065,2023-06-09 09:00:00+00:00,STAGE28A,data/reports/stage28a_discovery_factory_batch_runner/stage28a_exact_trades.csv,session_compression_expansion_v1,sess_comp_exp_follow_london_h9_q0.3_tp06_sl065,-1.0575250000000325,-2.1075250000000323,-2.807525000000032,0,0,0,0,2.1075250000000323,30.90000000000009,3.25,0.7046153846153734,5.440000000000055,0.34191176470590234,2.7000000000000455,3.384000000000037,0.176,-1.0,,,9,4,6.0,2023
2023-06-13 09:00:00+00:00|1.0|sess_comp_exp_follow_london_h9_q0.3_tp06_sl065,2023-06-13 09:00:00+00:00,STAGE28A,data/reports/stage28a_discovery_factory_batch_runner/stage28a_exact_trades.csv,session_compression_expansion_v1,sess_comp_exp_follow_london_h9_q0.3_tp06_sl065,-1.2265249999999015,-2.2765249999999013,-2.976524999999901,0,0,0,0,2.2765249999999013,17.7800000000002,6.210000000000036,0.6070853462157745,7.149999999999864,0.1706293706293777,3.199999999999818,3.753999999999985,0.416,1.0,,,9,1,6.0,2023
2023-06-14 09:00:00+00:00|1.0|sess_comp_exp_follow_london_h9_q0.3_tp06_sl065,2023-06-14 09:00:00+00:00,STAGE28A,data/reports/stage28a_discovery_factory_batch_runner/stage28a_exact_trades.csv,session_compression_expansion_v1,sess_comp_exp_follow_london_h9_q0.3_tp06_sl065,-1.1894749999999932,-2.239474999999993,-2.9394749999999927,0,0,0,0,2.239474999999993,30.730000000000018,7.240000000000009,0.7223756906077364,7.639999999999873,0.2683246073298414,3.1799999999998363,4.843000000000018,0.872,1.0,,,9,2,6.0,2023
2023-06-19 09:00:00+00:00|1.0|sess_comp_exp_follow_london_h9_q0.3_tp06_sl065,2023-06-19 09:00:00+00:00,STAGE28A,data/reports/stage28a_discovery_factory_batch_runner/stage28a_exact_trades.csv,session_compression_expansion_v1,sess_comp_exp_follow_london_h9_q0.3_tp06_sl065,-1.1784249999999248,-2.2284249999999246,-2.9284249999999243,0,0,0,0,2.2284249999999246,3.0699999999999363,4.7199999999998,0.5127118644068168,8.539999999999964,0.6217798594847738,3.269999999999982,3.74849999999999,0.38,1.0,,,9,0,6.0,2023
2023-06-21 09:00:00+00:00|-1.0|sess_comp_exp_follow_london_h9_q0.3_tp06_sl065,2023-06-21 09:00:00+00:00,STAGE28A,data/reports/stage28a_discovery_factory_batch_runner/stage28a_exact_trades.csv,session_compression_expansion_v1,sess_comp_exp_follow_london_h9_q0.3_tp06_sl065,-1.3425499999999375,-2.3925499999999373,-3.092549999999937,0,0,0,0,2.3925499999999373,26.99000000000001,4.149999999999864,0.10843373493977355,6.149999999999864,0.6065040650406668,2.490000000000009,3.704999999999984,0.42,-1.0,,,9,2,6.0,2023
2023-06-27 09:00:00+00:00|-1.0|sess_comp_exp_follow_london_h9_q0.3_tp06_sl065,2023-06-27 09:00:00+00:00,STAGE28A,data/reports/stage28a_discovery_factory_batch_runner/stage28a_exact_trades.csv,session_compression_expansion_v1,sess_comp_exp_follow_london_h9_q0.3_tp06_sl065,0.5559999999999491,-0.4940000000000508,-1.1940000000000506,0,0,0,0,0.4940000000000508,11.819999999999936,9.349999999999909,0.4064171122994643,5.9500000000000455,0.724369747899145,4.429999999999836,3.3079999999999927,0.192,-1.0,,,9,1,6.0,2023
2023-06-29 09:00:00+00:00|1.0|sess_comp_exp_follow_london_h9_q0.3_tp06_sl065,2023-06-29 09:00:00+00:00,STAGE28A,data/reports/stage28a_discovery_factory_batch_runner/stage28a_exact_trades.csv,session_compression_expansion_v1,sess_comp_exp_follow_london_h9_q0.3_tp06_sl065,-1.4296499999999015,-2.4796499999999013,-3.179649999999901,0,0,0,0,2.4796499999999013,14.339999999999918,10.029999999999973,0.4386839481555437,5.619999999999891,0.03914590747331522,2.410000000000082,3.2885000000000106,0.204,1.0,,,9,3,6.0,2023
2023-07-04 09:00:00+00:00|1.0|sess_comp_exp_follow_london_h9_q0.3_tp06_sl065,2023-07-04 09:00:00+00:00,STAGE28A,data/reports/stage28a_discovery_factory_batch_runner/stage28a_exact_trades.csv,session_compression_expansion_v1,sess_comp_exp_follow_london_h9_q0.3_tp06_sl065,-0.9925249999999778,-2.0425249999999777,-2.742524999999977,0,0,0,0,2.0425249999999777,20.950000000000045,3.6399999999998727,0.4807692307692476,7.9099999999998545,0.8609355246523765,1.4100000000000819,2.928500000000008,0.092,1.0,,,9,1,7.0,2023
2023-07-05 09:00:00+00:00|1.0|sess_comp_exp_follow_london_h9_q0.3_tp06_sl065,2023-07-05 09:00:00+00:00,STAGE28A,data/reports/stage28a_discovery_factory_batch_runner/stage28a_exact_trades.csv,session_compression_expansion_v1,sess_comp_exp_follow_london_h9_q0.3_tp06_sl065,0.2625999999999294,-0.7874000000000705,-1.4874000000000702,0,0,0,0,0.7874000000000705,10.940000000000055,3.9700000000000273,0.42821158690177175,8.25,0.5624242424242546,1.4700000000000273,2.0480000000000134,0.016,1.0,,,9,2,7.0,2023
2023-07-06 09:00:00+00:00|-1.0|sess_comp_exp_follow_london_h9_q0.3_tp06_sl065,2023-07-06 09:00:00+00:00,STAGE28A,data/reports/stage28a_discovery_factory_batch_runner/stage28a_exact_trades.csv,session_compression_expansion_v1,sess_comp_exp_follow_london_h9_q0.3_tp06_sl065,-1.1254500000000918,-2.175450000000092,-2.8754500000000918,0,0,0,0,2.175450000000092,20.289999999999964,5.2000000000000455,0.3557692307692102,5.379999999999882,0.15055762081783702,3.3899999999998727,3.3749999999999774,0.348,-1.0,,,9,3,7.0,2023
2023-07-07 09:00:00+00:00|1.0|sess_comp_exp_follow_london_h9_q0.3_tp06_sl065,2023-07-07 09:00:00+00:00,STAGE28A,data/reports/stage28a_discovery_factory_batch_runner/stage28a_exact_trades.csv,session_compression_expansion_v1,sess_comp_exp_follow_london_h9_q0.3_tp06_sl065,-1.02795000000001,-2.0779500000000097,-2.777950000000009,0,0,0,0,2.0779500000000097,24.910000000000082,2.8099999999999454,0.049822064056895154,6.5499999999999545,0.7709923664122121,2.6100000000001273,4.284500000000003,0.884,1.0,,,9,4,7.0,2023
2023-07-10 09:00:00+00:00|1.0|sess_comp_exp_follow_london_h9_q0.3_tp06_sl065,2023-07-10 09:00:00+00:00,STAGE28A,data/reports/stage28a_discovery_factory_batch_runner/stage28a_exact_trades.csv,session_compression_expansion_v1,sess_comp_exp_follow_london_h9_q0.3_tp06_sl065,-1.166724999999906,-2.2167249999999057,-2.9167249999999054,0,0,0,0,2.2167249999999057,4.289999999999964,5.559999999999945,0.3992805755395772,6.920000000000073,0.0765895953757178,2.0,4.427999999999986,0.924,1.0,,,9,0,7.0,2023
2023-07-12 09:00:00+00:00|-1.0|sess_comp_exp_follow_london_h9_q0.3_tp06_sl065,2023-07-12 09:00:00+00:00,STAGE28A,data/reports/stage28a_discovery_factory_batch_runner/stage28a_exact_trades.csv,session_compression_expansion_v1,sess_comp_exp_follow_london_h9_q0.3_tp06_sl065,-1.3422249999999625,-2.392224999999962,-3.092224999999962,0,0,0,0,2.392224999999962,14.170000000000073,8.88000000000011,0.5833333333333334,6.5,0.4799999999999832,2.380000000000109,2.724000000000001,0.14,-1.0,,,9,2,7.0,2023
2023-07-17 09:00:00+00:00|1.0|sess_comp_exp_follow_london_h9_q0.3_tp06_sl065,2023-07-17 09:00:00+00:00,STAGE28A,data/reports/stage28a_discovery_factory_batch_runner/stage28a_exact_trades.csv,session_compression_expansion_v1,sess_comp_exp_follow_london_h9_q0.3_tp06_sl065,-1.3090749999999844,-2.3590749999999843,-3.059074999999984,0,0,0,0,2.3590749999999843,2.8300000000001546,4.990000000000009,0.1923847695390851,8.600000000000136,0.7697674418604666,3.380000000000109,3.526999999999964,0.544,1.0,,,9,0,7.0,2023
2023-07-18 09:00:00+00:00|1.0|sess_comp_exp_follow_london_h9_q0.3_tp06_sl065,2023-07-18 09:00:00+00:00,STAGE28A,data/reports/stage28a_discovery_factory_batch_runner/stage28a_exact_trades.csv,session_compression_expansion_v1,sess_comp_exp_follow_london_h9_q0.3_tp06_sl065,-1.321424999999954,-2.3714249999999537,-3.071424999999953,0,0,0,0,2.3714249999999537,14.089999999999918,6.839999999999918,0.7046783625730986,6.329999999999927,0.513428120063197,2.7100000000000364,2.929500000000007,0.208,1.0,,,9,1,7.0,2023
2023-07-25 09:00:00+00:00|1.0|sess_comp_exp_follow_london_h9_q0.3_tp06_sl065,2023-07-25 09:00:00+00:00,STAGE28A,data/reports/stage28a_discovery_factory_batch_runner/stage28a_exact_trades.csv,session_compression_expansion_v1,sess_comp_exp_follow_london_h9_q0.3_tp06_sl065,0.4558000000000902,-0.5941999999999097,-1.2941999999999094,0,0,0,0,0.5941999999999097,14.429999999999836,10.349999999999909,0.6434782608695568,4.730000000000018,0.12262156448201375,2.770000000000209,3.1345000000000143,0.188,1.0,,,9,1,7.0,2023
2023-07-31 09:00:00+00:00|-1.0|sess_comp_exp_follow_london_h9_q0.3_tp06_sl065,2023-07-31 09:00:00+00:00,STAGE28A,data/reports/stage28a_discovery_factory_batch_runner/stage28a_exact_trades.csv,session_compression_expansion_v1,sess_comp_exp_follow_london_h9_q0.3_tp06_sl065,0.4777000000000498,-0.5722999999999501,-1.2722999999999498,0,0,0,0,0.5722999999999501,2.269999999999982,6.829999999999927,0.806734992679363,6.0499999999999545,0.3884297520661036,2.2000000000000455,3.3920000000000528,0.304,-1.0,,,9,0,7.0,2023
2023-08-02 09:00:00+00:00|1.0|sess_comp_exp_follow_london_h9_q0.3_tp06_sl065,2023-08-02 09:00:00+00:00,STAGE28A,data/reports/stage28a_discovery_factory_batch_runner/stage28a_exact_trades.csv,session_compression_expansion_v1,sess_comp_exp_follow_london_h9_q0.3_tp06_sl065,0.5631999999999607,-0.4868000000000392,-1.186800000000039,0,0,0,0,0.4868000000000392,24.850000000000136,8.789999999999964,0.2104664391353975,6.620000000000118,0.055891238670711725,3.6399999999998727,3.894000000000028,0.688,1.0,,,9,2,8.0,2023
2023-08-04 09:00:00+00:00|-1.0|sess_comp_exp_follow_london_h9_q0.3_tp06_sl065,2023-08-04 09:00:00+00:00,STAGE28A,data/reports/stage28a_discovery_factory_batch_runner/stage28a_exact_trades.csv,session_compression_expansion_v1,sess_comp_exp_follow_london_h9_q0.3_tp06_sl065,-1.4033250000000863,-2.453325000000086,-3.153325000000086,0,0,0,0,2.453325000000086,9.400000000000091,4.379999999999882,0.052511415525119724,5.3599999999999,0.3264925373134389,3.259999999999991,3.449000000000024,0.308,-1.0,,,9,4,8.0,2023
2023-08-07 09:00:00+00:00|-1.0|sess_comp_exp_follow_london_h9_q0.3_tp06_sl065,2023-08-07 09:00:00+00:00,STAGE28A,data/reports/stage28a_discovery_factory_batch_runner/stage28a_exact_trades.csv,session_compression_expansion_v1,sess_comp_exp_follow_london_h9_q0.3_tp06_sl065,0.4782999999998992,-0.5717000000001007,-1.2717000000001004,0,0,0,0,0.5717000000001007,4.6400000000001,8.450000000000045,0.5254437869822521,5.220000000000027,0.9501915708812281,2.759999999999991,4.065499999999974,0.828,-1.0,,,9,0,8.0,2023
2023-08-08 09:00:00+00:00|1.0|sess_comp_exp_follow_london_h9_q0.3_tp06_sl065,2023-08-08 09:00:00+00:00,STAGE28A,data/reports/stage28a_discovery_factory_batch_runner/stage28a_exact_trades.csv,session_compression_expansion_v1,sess_comp_exp_follow_london_h9_q0.3_tp06_sl065,0.4971999999999298,-0.5528000000000701,-1.25280000000007,0,0,0,0,0.5528000000000701,15.170000000000073,6.919999999999845,0.42774566473986636,5.420000000000073,0.3487084870848427,2.2799999999999727,2.986500000000001,0.104,1.0,,,9,1,8.0,2023
2023-08-09 09:00:00+00:00|-1.0|sess_comp_exp_follow_london_h9_q0.3_tp06_sl065,2023-08-09 09:00:00+00:00,STAGE28A,data/reports/stage28a_discovery_factory_batch_runner/stage28a_exact_trades.csv,session_compression_expansion_v1,sess_comp_exp_follow_london_h9_q0.3_tp06_sl065,-1.192399999999998,-2.2423999999999977,-2.942399999999997,0,0,0,0,2.2423999999999977,15.22999999999979,6.5900000000001455,0.7799696509863409,6.440000000000055,0.6024844720497012,2.0299999999999727,3.1059999999999945,0.184,-1.0,,,9,2,8.0,2023
2023-08-10 09:00:00+00:00|1.0|sess_comp_exp_follow_london_h9_q0.3_tp06_sl065,2023-08-10 09:00:00+00:00,STAGE28A,data/reports/stage28a_discovery_factory_batch_runner/stage28a_exact_trades.csv,session_compression_expansion_v1,sess_comp_exp_follow_london_h9_q0.3_tp06_sl065,0.4200999999999567,-0.6299000000000432,-1.329900000000043,0,0,0,0,0.6299000000000432,18.330000000000155,4.660000000000082,0.5021459227467547,6.099999999999909,0.377049180327867,3.400000000000091,2.7920000000000074,0.084,1.0,,,9,3,8.0,2023
2023-08-11 09:00:00+00:00|1.0|sess_comp_exp_follow_london_h9_q0.3_tp06_sl065,2023-08-11 09:00:00+00:00,STAGE28A,data/reports/stage28a_discovery_factory_batch_runner/stage28a_exact_trades.csv,session_compression_expansion_v1,sess_comp_exp_follow_london_h9_q0.3_tp06_sl065,-1.0487500000000185,-2.098750000000018,-2.798750000000018,0,0,0,0,2.098750000000018,17.99000000000001,5.129999999999882,0.3781676413255554,7.240000000000009,0.46685082872926487,3.1900000000000546,3.6939999999999826,0.616,1.0,,,9,4,8.0,2023
2023-08-14 09:00:00+00:00|1.0|sess_comp_exp_follow_london_h9_q0.3_tp06_sl065,2023-08-14 09:00:00+00:00,STAGE28A,data/reports/stage28a_discovery_factory_batch_runner/stage28a_exact_trades.csv,session_compression_expansion_v1,sess_comp_exp_follow_london_h9_q0.3_tp06_sl065,-1.0780000000000656,-2.1280000000000654,-2.828000000000065,0,0,0,0,2.1280000000000654,2.990000000000009,5.099999999999909,0.18235294117648632,5.559999999999945,0.24280575539566948,2.6800000000000637,2.929999999999984,0.184,1.0,,,9,0,8.0,2023
2023-08-15 09:00:00+00:00|-1.0|sess_comp_exp_follow_london_h9_q0.3_tp06_sl065,2023-08-15 09:00:00+00:00,STAGE28A,data/reports/stage28a_discovery_factory_batch_runner/stage28a_exact_trades.csv,session_compression_expansion_v1,sess_comp_exp_follow_london_h9_q0.3_tp06_sl065,-1.211249999999927,-2.261249999999927,-2.961249999999927,0,0,0,0,2.261249999999927,13.519999999999982,4.5,0.015555555555541408,4.460000000000036,0.5874439461883625,3.339999999999918,3.2225000000000024,0.44,-1.0,,,9,1,8.0,2023
2023-08-16 09:00:00+00:00|1.0|sess_comp_exp_follow_london_h9_q0.3_tp06_sl065,2023-08-16 09:00:00+00:00,STAGE28A,data/reports/stage28a_discovery_factory_batch_runner/stage28a_exact_trades.csv,session_compression_expansion_v1,sess_comp_exp_follow_london_h9_q0.3_tp06_sl065,-1.0448500000000878,-2.094850000000088,-2.7948500000000878,0,0,0,0,2.094850000000088,15.230000000000018,5.009999999999991,0.5209580838323616,4.4500000000000455,0.45168539325842033,2.019999999999982,3.3050000000000184,0.5,1.0,,,9,2,8.0,2023
2023-08-17 09:00:00+00:00|1.0|sess_comp_exp_follow_london_h9_q0.3_tp06_sl065,2023-08-17 09:00:00+00:00,STAGE28A,data/reports/stage28a_discovery_factory_batch_runner/stage28a_exact_trades.csv,session_compression_expansion_v1,sess_comp_exp_follow_london_h9_q0.3_tp06_sl065,-1.0783250000000408,-2.1283250000000407,-2.8283250000000404,0,0,0,0,2.1283250000000407,15.420000000000073,5.419999999999845,0.30442804428046827,5.570000000000164,0.45960502692995875,1.8400000000001455,2.958500000000015,0.28,1.0,,,9,3,8.0,2023
2023-08-18 09:00:00+00:00|-1.0|sess_comp_exp_follow_london_h9_q0.3_tp06_sl065,2023-08-18 09:00:00+00:00,STAGE28A,data/reports/stage28a_discovery_factory_batch_runner/stage28a_exact_trades.csv,session_compression_expansion_v1,sess_comp_exp_follow_london_h9_q0.3_tp06_sl065,0.3621999999999389,-0.687800000000061,-1.3878000000000608,0,0,0,0,0.687800000000061,18.539999999999964,6.210000000000036,0.4541062801932238,2.9199999999998454,0.04452054794516735,2.449999999999818,3.275999999999988,0.604,-1.0,,,9,4,8.0,2023
2023-08-21 09:00:00+00:00|-1.0|sess_comp_exp_follow_london_h9_q0.3_tp06_sl065,2023-08-21 09:00:00+00:00,STAGE28A,data/reports/stage28a_discovery_factory_batch_runner/stage28a_exact_trades.csv,session_compression_expansion_v1,sess_comp_exp_follow_london_h9_q0.3_tp06_sl065,0.7510000000001128,-0.2989999999998871,-0.9989999999998868,0,0,0,0,0.2989999999998871,2.060000000000173,8.830000000000155,0.15288788221971833,6.619999999999891,0.32326283987917453,6.259999999999991,3.448000000000036,0.832,-1.0,,,9,0,8.0,2023
2023-08-23 09:00:00+00:00|1.0|sess_comp_exp_follow_london_h9_q0.3_tp06_sl065,2023-08-23 09:00:00+00:00,STAGE28A,data/reports/stage28a_discovery_factory_batch_runner/stage28a_exact_trades.csv,session_compression_expansion_v1,sess_comp_exp_follow_london_h9_q0.3_tp06_sl065,-1.0728000000000066,-2.1228000000000065,-2.822800000000006,0,0,0,0,2.1228000000000065,15.450000000000045,5.879999999999882,0.6309523809523998,4.910000000000082,0.25050916496944964,1.6000000000001364,2.634500000000037,0.1,1.0,,,9,2,8.0,2023
2023-08-24 09:00:00+00:00|-1.0|sess_comp_exp_follow_london_h9_q0.3_tp06_sl065,2023-08-24 09:00:00+00:00,STAGE28A,data/reports/stage28a_discovery_factory_batch_runner/stage28a_exact_trades.csv,session_compression_expansion_v1,sess_comp_exp_follow_london_h9_q0.3_tp06_sl065,0.3912999999999101,-0.6587000000000898,-1.3587000000000895,0,0,0,0,0.6587000000000898,23.429999999999836,6.710000000000036,0.5722801788375744,3.6400000000001,0.36263736263739765,2.099999999999909,3.086999999999944,0.5,-1.0,,,9,3,8.0,2023
2023-08-25 09:00:00+00:00|1.0|sess_comp_exp_follow_london_h9_q0.3_tp06_sl065,2023-08-25 09:00:00+00:00,STAGE28A,data/reports/stage28a_discovery_factory_batch_runner/stage28a_exact_trades.csv,session_compression_expansion_v1,sess_comp_exp_follow_london_h9_q0.3_tp06_sl065,-0.9918750000000272,-2.041875000000027,-2.741875000000027,0,0,0,0,2.041875000000027,11.639999999999873,4.470000000000027,0.7919463087248192,5.199999999999818,0.5307692307692475,1.6400000000001,2.552000000000021,0.092,1.0,,,9,4,8.0,2023
2023-08-28 09:00:00+00:00|-1.0|sess_comp_exp_follow_london_h9_q0.3_tp06_sl065,2023-08-28 09:00:00+00:00,STAGE28A,data/reports/stage28a_discovery_factory_batch_runner/stage28a_exact_trades.csv,session_compression_expansion_v1,sess_comp_exp_follow_london_h9_q0.3_tp06_sl065,0.2889999999998963,-0.7610000000001036,-1.461000000000103,0,0,0,0,0.7610000000001036,1.490000000000009,3.0700000000001637,0.4364820846905038,4.259999999999991,0.5023474178403468,2.4700000000000273,3.339000000000033,0.788,-1.0,,,9,0,8.0,2023
2023-08-29 09:00:00+00:00|-1.0|sess_comp_exp_follow_london_h9_q0.3_tp06_sl065,2023-08-29 09:00:00+00:00,STAGE28A,data/reports/stage28a_discovery_factory_batch_runner/stage28a_exact_trades.csv,session_compression_expansion_v1,sess_comp_exp_follow_london_h9_q0.3_tp06_sl065,0.2589999999999236,-0.7910000000000763,-1.491000000000076,0,0,0,0,0.7910000000000763,13.430000000000064,6.25,0.7584000000000014,3.9300000000000637,0.2646310432569839,2.3199999999999363,2.4760000000000444,0.14,-1.0,,,9,1,8.0,2023
2023-08-30 09:00:00+00:00|-1.0|sess_comp_exp_follow_london_h9_q0.3_tp06_sl065,2023-08-30 09:00:00+00:00,STAGE28A,data/reports/stage28a_discovery_factory_batch_runner/stage28a_exact_trades.csv,session_compression_expansion_v1,sess_comp_exp_follow_london_h9_q0.3_tp06_sl065,-0.9317500000000564,-1.9817500000000563,-2.681750000000056,0,0,0,0,1.9817500000000563,23.829999999999927,2.2799999999999727,0.17543859649127005,3.75,0.3466666666666545,1.6299999999998818,2.9215000000000146,0.424,-1.0,,,9,2,8.0,2023
2023-08-31 09:00:00+00:00|-1.0|sess_comp_exp_follow_london_h9_q0.3_tp06_sl065,2023-08-31 09:00:00+00:00,STAGE28A,data/reports/stage28a_discovery_factory_batch_runner/stage28a_exact_trades.csv,session_compression_expansion_v1,sess_comp_exp_follow_london_h9_q0.3_tp06_sl065,-0.9005499999999301,-1.95054999999993,-2.65054999999993,0,0,0,0,1.95054999999993,14.009999999999991,6.100000000000136,0.08360655737704582,3.089999999999918,0.11650485436890275,1.4600000000000364,2.373000000000013,0.144,-1.0,,,9,3,8.0,2023
2023-09-01 09:00:00+00:00|1.0|sess_comp_exp_follow_london_h9_q0.3_tp06_sl065,2023-09-01 09:00:00+00:00,STAGE28A,data/reports/stage28a_discovery_factory_batch_runner/stage28a_exact_trades.csv,session_compression_expansion_v1,sess_comp_exp_follow_london_h9_q0.3_tp06_sl065,-0.9297999999999774,-1.9797999999999771,-2.679799999999977,0,0,0,0,1.9797999999999771,8.789999999999964,5.3900000000001,0.20222634508351117,6.300000000000182,0.8380952380952096,1.5,2.4930000000000176,0.312,1.0,,,9,4,9.0,2023
2023-09-04 09:00:00+00:00|-1.0|sess_comp_exp_follow_london_h9_q0.3_tp06_sl065,2023-09-04 09:00:00+00:00,STAGE28A,data/reports/stage28a_discovery_factory_batch_runner/stage28a_exact_trades.csv,session_compression_expansion_v1,sess_comp_exp_follow_london_h9_q0.3_tp06_sl065,0.2145999999999276,-0.8354000000000723,-1.535400000000072,0,0,0,0,0.8354000000000723,1.0,6.720000000000027,0.8005952380952173,5.430000000000064,0.7219152854511601,1.7300000000000182,3.0734999999999673,0.624,-1.0,,,9,0,9.0,2023
2023-09-05 09:00:00+00:00|-1.0|sess_comp_exp_follow_london_h9_q0.3_tp06_sl065,2023-09-05 09:00:00+00:00,STAGE28A,data/reports/stage28a_discovery_factory_batch_runner/stage28a_exact_trades.csv,session_compression_expansion_v1,sess_comp_exp_follow_london_h9_q0.3_tp06_sl065,-1.043224999999984,-2.093224999999984,-2.793224999999984,0,0,0,0,2.093224999999984,9.470000000000027,3.8600000000001273,0.3056994818652914,8.319999999999936,0.7439903846153696,2.4299999999998363,1.723500000000024,0.028,-1.0,,,9,1,9.0,2023
2023-09-06 09:00:00+00:00|-1.0|sess_comp_exp_follow_london_h9_q0.3_tp06_sl065,2023-09-06 09:00:00+00:00,STAGE28A,data/reports/stage28a_discovery_factory_batch_runner/stage28a_exact_trades.csv,session_compression_expansion_v1,sess_comp_exp_follow_london_h9_q0.3_tp06_sl065,-0.859275000000116,-1.909275000000116,-2.609275000000116,0,0,0,0,1.909275000000116,13.569999999999936,2.7200000000000273,0.05882352941179421,5.8599999999999,0.2030716723549616,1.3299999999999272,2.222000000000014,0.24,-1.0,,,9,2,9.0,2023
2023-09-07 09:00:00+00:00|-1.0|sess_comp_exp_follow_london_h9_q0.3_tp06_sl065,2023-09-07 09:00:00+00:00,STAGE28A,data/reports/stage28a_discovery_factory_batch_runner/stage28a_exact_trades.csv,session_compression_expansion_v1,sess_comp_exp_follow_london_h9_q0.3_tp06_sl065,0.2931999999999789,-0.756800000000021,-1.4568000000000207,0,0,0,0,0.756800000000021,13.889999999999873,4.419999999999845,0.5769230769230869,3.400000000000091,0.03529411764709266,1.9800000000000182,2.932000000000005,0.688,-1.0,,,9,3,9.0,2023
2023-09-08 09:00:00+00:00|-1.0|sess_comp_exp_follow_london_h9_q0.3_tp06_sl065,2023-09-08 09:00:00+00:00,STAGE28A,data/reports/stage28a_discovery_factory_batch_runner/stage28a_exact_trades.csv,session_compression_expansion_v1,sess_comp_exp_follow_london_h9_q0.3_tp06_sl065,0.2244999999999436,-0.8255000000000563,-1.525500000000056,0,0,0,0,0.8255000000000563,7.3599999999999,8.149999999999864,0.6343558282208506,3.8600000000001273,0.07512953367874457,1.6199999999998909,2.6144999999999867,0.58,-1.0,,,9,4,9.0,2023
2023-09-12 09:00:00+00:00|-1.0|sess_comp_exp_follow_london_h9_q0.3_tp06_sl065,2023-09-12 09:00:00+00:00,STAGE28A,data/reports/stage28a_discovery_factory_batch_runner/stage28a_exact_trades.csv,session_compression_expansion_v1,sess_comp_exp_follow_london_h9_q0.3_tp06_sl065,-1.0669499999999972,-2.116949999999997,-2.8169499999999967,0,0,0,0,2.116949999999997,14.0,4.029999999999973,0.2853598014888018,5.920000000000073,0.7854729729729403,2.4500000000000455,2.2895000000000207,0.252,-1.0,,,9,1,9.0,2023
2023-09-13 09:00:00+00:00|1.0|sess_comp_exp_follow_london_h9_q0.3_tp06_sl065,2023-09-13 09:00:00+00:00,STAGE28A,data/reports/stage28a_discovery_factory_batch_runner/stage28a_exact_trades.csv,session_compression_expansion_v1,sess_comp_exp_follow_london_h9_q0.3_tp06_sl065,-1.1283750000000965,-2.1783750000000963,-2.878375000000096,0,0,0,0,2.1783750000000963,16.910000000000082,5.6400000000001,0.6790780141843722,4.369999999999891,0.3729977116705148,3.3500000000001364,2.696000000000049,0.656,1.0,,,9,2,9.0,2023
2023-09-14 09:00:00+00:00|-1.0|sess_comp_exp_follow_london_h9_q0.3_tp06_sl065,2023-09-14 09:00:00+00:00,STAGE28A,data/reports/stage28a_discovery_factory_batch_runner/stage28a_exact_trades.csv,session_compression_expansion_v1,sess_comp_exp_follow_london_h9_q0.3_tp06_sl065,0.3384999999999764,-0.7115000000000236,-1.4115000000000233,0,0,0,0,0.7115000000000236,10.190000000000055,5.3599999999999,0.15671641791043542,5.760000000000218,0.5711805555555276,3.2800000000002,2.8815000000000053,0.784,-1.0,,,9,3,9.0,2023
2023-09-15 09:00:00+00:00|1.0|sess_comp_exp_follow_london_h9_q0.3_tp06_sl065,2023-09-15 09:00:00+00:00,STAGE28A,data/reports/stage28a_discovery_factory_batch_runner/stage28a_exact_trades.csv,session_compression_expansion_v1,sess_comp_exp_follow_london_h9_q0.3_tp06_sl065,-1.052974999999924,-2.102974999999924,-2.802974999999924,0,0,0,0,2.102974999999924,11.819999999999936,6.240000000000009,0.8461538461538406,4.680000000000064,0.521367521367526,1.3500000000001364,3.077000000000021,0.852,1.0,,,9,4,9.0,2023
2023-09-18 09:00:00+00:00|-1.0|sess_comp_exp_follow_london_h9_q0.3_tp06_sl065,2023-09-18 09:00:00+00:00,STAGE28A,data/reports/stage28a_discovery_factory_batch_runner/stage28a_exact_trades.csv,session_compression_expansion_v1,sess_comp_exp_follow_london_h9_q0.3_tp06_sl065,-1.0308750000000146,-2.0808750000000145,-2.780875000000014,0,0,0,0,2.0808750000000145,1.2699999999999818,6.9500000000000455,0.7381294964028886,5.480000000000018,0.3357664233576897,2.849999999999909,2.839500000000021,0.668,-1.0,,,9,0,9.0,2023
2023-09-19 09:00:00+00:00|1.0|sess_comp_exp_follow_london_h9_q0.3_tp06_sl065,2023-09-19 09:00:00+00:00,STAGE28A,data/reports/stage28a_discovery_factory_batch_runner/stage28a_exact_trades.csv,session_compression_expansion_v1,sess_comp_exp_follow_london_h9_q0.3_tp06_sl065,0.0705999999999221,-0.9794000000000778,-1.6794000000000775,0,0,0,0,0.9794000000000778,11.730000000000018,2.8200000000001637,0.4893617021275892,5.589999999999918,0.5348837209302013,1.5,2.1135000000000104,0.16,1.0,,,9,1,9.0,2023
2023-09-20 09:00:00+00:00|-1.0|sess_comp_exp_follow_london_h9_q0.3_tp06_sl065,2023-09-20 09:00:00+00:00,STAGE28A,data/reports/stage28a_discovery_factory_batch_runner/stage28a_exact_trades.csv,session_compression_expansion_v1,sess_comp_exp_follow_london_h9_q0.3_tp06_sl065,0.1419999999999618,-0.908000000000038,-1.6080000000000378,0,0,0,0,0.908000000000038,7.619999999999891,3.9199999999998454,0.30357142857145447,4.3900000000001,0.27107061503417484,2.0299999999999727,1.9400000000000204,0.056,-1.0,,,9,2,9.0,2023
2023-09-22 09:00:00+00:00|1.0|sess_comp_exp_follow_london_h9_q0.3_tp06_sl065,2023-09-22 09:00:00+00:00,STAGE28A,data/reports/stage28a_discovery_factory_batch_runner/stage28a_exact_trades.csv,session_compression_expansion_v1,sess_comp_exp_follow_london_h9_q0.3_tp06_sl065,-1.013000000000011,-2.063000000000011,-2.7630000000000106,0,0,0,0,2.063000000000011,17.580000000000155,6.259999999999991,0.5782747603834063,5.400000000000091,0.30740740740737527,1.400000000000091,2.877000000000032,0.672,1.0,,,9,4,9.0,2023
2023-09-25 09:00:00+00:00|-1.0|sess_comp_exp_follow_london_h9_q0.3_tp06_sl065,2023-09-25 09:00:00+00:00,STAGE28A,data/reports/stage28a_discovery_factory_batch_runner/stage28a_exact_trades.csv,session_compression_expansion_v1,sess_comp_exp_follow_london_h9_q0.3_tp06_sl065,0.1282000000000153,-0.9217999999999846,-1.6217999999999844,0,0,0,0,0.9217999999999846,2.0,3.769999999999982,0.5384615384615338,6.2999999999999545,0.13015873015872098,1.8600000000001273,2.013500000000022,0.1,-1.0,,,9,0,9.0,2023
2023-09-26 09:00:00+00:00|1.0|sess_comp_exp_follow_london_h9_q0.3_tp06_sl065,2023-09-26 09:00:00+00:00,STAGE28A,data/reports/stage28a_discovery_factory_batch_runner/stage28a_exact_trades.csv,session_compression_expansion_v1,sess_comp_exp_follow_london_h9_q0.3_tp06_sl065,-0.8602500000000418,-1.9102500000000415,-2.610250000000041,0,0,0,0,1.9102500000000415,12.0,3.730000000000018,0.7774798927613538,5.860000000000127,0.10238907849831456,1.6199999999998909,2.2755000000000223,0.344,1.0,,,9,1,9.0,2023
2023-09-27 09:00:00+00:00|-1.0|sess_comp_exp_follow_london_h9_q0.3_tp06_sl065,2023-09-27 09:00:00+00:00,STAGE28A,data/reports/stage28a_discovery_factory_batch_runner/stage28a_exact_trades.csv,session_compression_expansion_v1,sess_comp_exp_follow_london_h9_q0.3_tp06_sl065,0.4639000000001033,-0.5860999999998966,-1.2860999999998963,0,0,0,0,0.5860999999998966,17.690000000000055,4.459999999999809,0.23991031390139228,5.339999999999918,0.8220973782771424,2.7799999999999727,2.8924999999999725,0.728,-1.0,,,9,2,9.0,2023
2023-09-28 09:00:00+00:00|-1.0|sess_comp_exp_follow_london_h9_q0.3_tp06_sl065,2023-09-28 09:00:00+00:00,STAGE28A,data/reports/stage28a_discovery_factory_batch_runner/stage28a_exact_trades.csv,session_compression_expansion_v1,sess_comp_exp_follow_london_h9_q0.3_tp06_sl065,-1.0383499999999004,-2.0883499999999,-2.7883499999999,0,0,0,0,2.0883499999999,31.470000000000027,4.350000000000136,0.537931034482723,4.5499999999999545,0.27472527472527747,2.650000000000091,3.277000000000021,0.84,-1.0,,,9,3,9.0,2023
2023-10-06 09:00:00+00:00|-1.0|sess_comp_exp_follow_london_h9_q0.3_tp06_sl065,2023-10-06 09:00:00+00:00,STAGE28A,data/reports/stage28a_discovery_factory_batch_runner/stage28a_exact_trades.csv,session_compression_expansion_v1,sess_comp_exp_follow_london_h9_q0.3_tp06_sl065,-0.9200500000000374,-1.9700500000000372,-2.670050000000037,0,0,0,0,1.9700500000000372,16.13000000000011,4.75,0.5810526315789455,5.929999999999836,0.5801011804384738,2.160000000000082,3.2285000000000195,0.416,-1.0,,,9,4,10.0,2023
2023-10-12 09:00:00+00:00|1.0|sess_comp_exp_follow_london_h9_q0.3_tp06_sl065,2023-10-12 09:00:00+00:00,STAGE28A,data/reports/stage28a_discovery_factory_batch_runner/stage28a_exact_trades.csv,session_compression_expansion_v1,sess_comp_exp_follow_london_h9_q0.3_tp06_sl065,0.3777999999998883,-0.6722000000001116,-1.372200000000111,0,0,0,0,0.6722000000001116,18.6400000000001,5.0499999999999545,0.6079207920792008,5.900000000000091,0.5610169491525244,1.6599999999998545,3.03599999999999,0.1,1.0,,,9,3,10.0,2023
2023-10-18 09:00:00+00:00|1.0|sess_comp_exp_follow_london_h9_q0.3_tp06_sl065,2023-10-18 09:00:00+00:00,STAGE28A,data/reports/stage28a_discovery_factory_batch_runner/stage28a_exact_trades.csv,session_compression_expansion_v1,sess_comp_exp_follow_london_h9_q0.3_tp06_sl065,-1.8560499999999596,-2.906049999999959,-3.606049999999959,0,0,0,0,2.906049999999959,19.200000000000045,19.519999999999982,0.6444672131147626,11.029999999999973,0.630099728014491,3.199999999999818,4.73549999999999,0.84,1.0,,,9,2,10.0,2023
2023-10-27 09:00:00+00:00|-1.0|sess_comp_exp_follow_london_h9_q0.3_tp06_sl065,2023-10-27 09:00:00+00:00,STAGE28A,data/reports/stage28a_discovery_factory_batch_runner/stage28a_exact_trades.csv,session_compression_expansion_v1,sess_comp_exp_follow_london_h9_q0.3_tp06_sl065,-1.376025000000118,-2.426025000000118,-3.126025000000117,0,0,0,0,2.426025000000118,21.6400000000001,5.900000000000091,0.44406779661014417,4.7000000000000455,0.42340425531914677,3.259999999999991,4.3755,0.316,-1.0,,,9,4,10.0,2023
2023-11-02 09:00:00+00:00|1.0|sess_comp_exp_follow_london_h9_q0.3_tp06_sl065,2023-11-02 09:00:00+00:00,STAGE28A,data/reports/stage28a_discovery_factory_batch_runner/stage28a_exact_trades.csv,session_compression_expansion_v1,sess_comp_exp_follow_london_h9_q0.3_tp06_sl065,0.4189000000000306,-0.6310999999999694,-1.331099999999969,0,0,0,0,0.6310999999999694,22.200000000000045,6.960000000000036,0.5574712643678289,5.899999999999864,0.4915254237288018,1.8399999999999181,4.443500000000006,0.32,1.0,,,9,3,11.0,2023
2023-11-03 09:00:00+00:00|1.0|sess_comp_exp_follow_london_h9_q0.3_tp06_sl065,2023-11-03 09:00:00+00:00,STAGE28A,data/reports/stage28a_discovery_factory_batch_runner/stage28a_exact_trades.csv,session_compression_expansion_v1,sess_comp_exp_follow_london_h9_q0.3_tp06_sl065,-0.998050000000012,-2.048050000000012,-2.748050000000012,0,0,0,0,2.048050000000012,12.200000000000045,4.599999999999909,0.09565217391305723,5.789999999999964,0.44559585492227005,2.3999999999998636,3.1675000000000066,0.016,1.0,,,9,4,11.0,2023
2023-11-06 09:00:00+00:00|1.0|sess_comp_exp_follow_london_h9_q0.3_tp06_sl065,2023-11-06 09:00:00+00:00,STAGE28A,data/reports/stage28a_discovery_factory_batch_runner/stage28a_exact_trades.csv,session_compression_expansion_v1,sess_comp_exp_follow_london_h9_q0.3_tp06_sl065,0.7057000000001153,-0.3442999999998846,-1.0442999999998843,0,0,0,0,0.3442999999998846,5.789999999999964,11.179999999999836,0.42397137745975655,6.1099999999999,0.5908346972176692,1.75,5.477499999999964,0.812,1.0,,,9,0,11.0,2023
2023-11-08 09:00:00+00:00|-1.0|sess_comp_exp_follow_london_h9_q0.3_tp06_sl065,2023-11-08 09:00:00+00:00,STAGE28A,data/reports/stage28a_discovery_factory_batch_runner/stage28a_exact_trades.csv,session_compression_expansion_v1,sess_comp_exp_follow_london_h9_q0.3_tp06_sl065,-1.0776750000000903,-2.12767500000009,-2.82767500000009,0,0,0,0,2.12767500000009,21.62999999999988,3.6900000000000546,0.3685636856368854,9.5,0.5821052631578919,4.009999999999991,3.5959999999999694,0.244,-1.0,,,9,2,11.0,2023
2023-11-09 09:00:00+00:00|-1.0|sess_comp_exp_follow_london_h9_q0.3_tp06_sl065,2023-11-09 09:00:00+00:00,STAGE28A,data/reports/stage28a_discovery_factory_batch_runner/stage28a_exact_trades.csv,session_compression_expansion_v1,sess_comp_exp_follow_london_h9_q0.3_tp06_sl065,-1.1316250000000765,-2.1816250000000763,-2.881625000000076,0,0,0,0,2.1816250000000763,23.529999999999973,6.889999999999873,0.18867924528301575,5.990000000000009,0.40066777963273575,1.3399999999999181,3.623000000000002,0.308,-1.0,,,9,3,11.0,2023
2023-11-10 09:00:00+00:00|-1.0|sess_comp_exp_follow_london_h9_q0.3_tp06_sl065,2023-11-10 09:00:00+00:00,STAGE28A,data/reports/stage28a_discovery_factory_batch_runner/stage28a_exact_trades.csv,session_compression_expansion_v1,sess_comp_exp_follow_london_h9_q0.3_tp06_sl065,-1.166724999999906,-2.2167249999999057,-2.9167249999999054,0,0,0,0,2.2167249999999057,21.11999999999989,4.360000000000127,0.300458715596309,6.629999999999882,0.5505279034691035,2.5299999999999727,4.033999999999992,0.568,-1.0,,,9,4,11.0,2023
2023-11-13 09:00:00+00:00|1.0|sess_comp_exp_follow_london_h9_q0.3_tp06_sl065,2023-11-13 09:00:00+00:00,STAGE28A,data/reports/stage28a_discovery_factory_batch_runner/stage28a_exact_trades.csv,session_compression_expansion_v1,sess_comp_exp_follow_london_h9_q0.3_tp06_sl065,0.4540000000000873,-0.5959999999999126,-1.2959999999999123,0,0,0,0,0.5959999999999126,23.48999999999978,24.25999999999999,0.19167353668589718,5.509999999999991,0.6950998185117847,1.5,5.742499999999995,0.956,1.0,,,9,0,11.0,2023
2023-11-14 09:00:00+00:00|1.0|sess_comp_exp_follow_london_h9_q0.3_tp06_sl065,2023-11-14 09:00:00+00:00,STAGE28A,data/reports/stage28a_discovery_factory_batch_runner/stage28a_exact_trades.csv,session_compression_expansion_v1,sess_comp_exp_follow_london_h9_q0.3_tp06_sl065,-1.0315249999999652,-2.081524999999965,-2.7815249999999647,0,0,0,0,2.081524999999965,31.539999999999964,4.509999999999991,0.38802660753880347,4.4500000000000455,0.4898876404493964,1.7799999999999727,2.7705000000000153,0.024,1.0,,,9,1,11.0,2023
2023-11-24 09:00:00+00:00|1.0|sess_comp_exp_follow_london_h9_q0.3_tp06_sl065,2023-11-24 09:00:00+00:00,STAGE28A,data/reports/stage28a_discovery_factory_batch_runner/stage28a_exact_trades.csv,session_compression_expansion_v1,sess_comp_exp_follow_london_h9_q0.3_tp06_sl065,0.3876999999999043,-0.6623000000000956,-1.362300000000095,0,0,0,0,0.6623000000000956,9.38000000000011,3.4400000000000546,0.11627906976740036,4.259999999999991,0.47652582159623874,1.6599999999998545,1.9665000000000077,0.004,1.0,,,9,4,11.0,2023
2023-11-28 09:00:00+00:00|1.0|sess_comp_exp_follow_london_h9_q0.3_tp06_sl065,2023-11-28 09:00:00+00:00,STAGE28A,data/reports/stage28a_discovery_factory_batch_runner/stage28a_exact_trades.csv,session_compression_expansion_v1,sess_comp_exp_follow_london_h9_q0.3_tp06_sl065,-1.276249999999982,-2.3262499999999817,-3.026249999999981,0,0,0,0,2.3262499999999817,17.639999999999873,4.9500000000000455,0.02626262626264807,4.529999999999973,0.09713024282556951,2.4400000000000546,3.1460000000000035,0.252,1.0,,,9,1,11.0,2023
2023-12-08 09:00:00+00:00|-1.0|sess_comp_exp_follow_london_h9_q0.3_tp06_sl065,2023-12-08 09:00:00+00:00,STAGE28A,data/reports/stage28a_discovery_factory_batch_runner/stage28a_exact_trades.csv,session_compression_expansion_v1,sess_comp_exp_follow_london_h9_q0.3_tp06_sl065,0.5025999999999385,-0.5474000000000614,-1.2474000000000611,0,0,0,0,0.5474000000000614,19.700000000000045,7.100000000000136,0.48309859154929546,5.870000000000118,0.2913117546848385,2.2899999999999636,4.563999999999998,0.572,-1.0,,,9,4,12.0,2023
2023-12-20 09:00:00+00:00|-1.0|sess_comp_exp_follow_london_h9_q0.3_tp06_sl065,2023-12-20 09:00:00+00:00,STAGE28A,data/reports/stage28a_discovery_factory_batch_runner/stage28a_exact_trades.csv,session_compression_expansion_v1,sess_comp_exp_follow_london_h9_q0.3_tp06_sl065,0.3078999999999269,-0.742100000000073,-1.4421000000000728,0,0,0,0,0.742100000000073,25.289999999999964,4.960000000000036,0.09072580645162141,7.820000000000164,0.5843989769820768,1.8599999999999,3.431000000000006,0.06,-1.0,,,9,2,12.0,2023
2023-12-21 09:00:00+00:00|-1.0|sess_comp_exp_follow_london_h9_q0.3_tp06_sl065,2023-12-21 09:00:00+00:00,STAGE28A,data/reports/stage28a_discovery_factory_batch_runner/stage28a_exact_trades.csv,session_compression_expansion_v1,sess_comp_exp_follow_london_h9_q0.3_tp06_sl065,-1.1833000000000085,-2.2333000000000083,-2.933300000000008,0,0,0,0,2.2333000000000083,15.990000000000009,6.440000000000055,0.6413043478260632,5.120000000000118,0.4316406249999971,2.740000000000009,3.6809999999999947,0.192,-1.0,,,9,3,12.0,2023
2023-12-26 09:00:00+00:00|-1.0|sess_comp_exp_follow_london_h9_q0.3_tp06_sl065,2023-12-26 09:00:00+00:00,STAGE28A,data/reports/stage28a_discovery_factory_batch_runner/stage28a_exact_trades.csv,session_compression_expansion_v1,sess_comp_exp_follow_london_h9_q0.3_tp06_sl065,0.3432999999999083,-0.7067000000000916,-1.406700000000091,0,0,0,0,0.7067000000000916,4.400000000000091,11.75,0.775319148936181,4.380000000000109,0.0410958904109205,2.849999999999909,4.731000000000018,0.624,-1.0,,,9,1,12.0,2023
2023-12-27 09:00:00+00:00|1.0|sess_comp_exp_follow_london_h9_q0.3_tp06_sl065,2023-12-27 09:00:00+00:00,STAGE28A,data/reports/stage28a_discovery_factory_batch_runner/stage28a_exact_trades.csv,session_compression_expansion_v1,sess_comp_exp_follow_london_h9_q0.3_tp06_sl065,0.3286000000001877,-0.7213999999998122,-1.421399999999812,0,0,0,0,0.7213999999998122,15.650000000000091,4.559999999999945,0.07894736842108149,7.7199999999998,0.1411917098445821,3.050000000000182,3.2015000000000327,0.108,1.0,,,9,2,12.0,2023
2024-01-11 09:00:00+00:00|-1.0|sess_comp_exp_follow_london_h9_q0.3_tp06_sl065,2024-01-11 09:00:00+00:00,STAGE28A,data/reports/stage28a_discovery_factory_batch_runner/stage28a_exact_trades.csv,session_compression_expansion_v1,sess_comp_exp_follow_london_h9_q0.3_tp06_sl065,0.4960000000000036,-0.5539999999999963,-1.253999999999996,0,0,0,0,0.5539999999999963,20.089999999999918,7.5,0.7093333333333248,5.479999999999791,0.03832116788321978,2.9200000000000728,3.3739999999999783,0.112,-1.0,,,9,3,1.0,2024
2024-01-15 09:00:00+00:00|1.0|sess_comp_exp_follow_london_h9_q0.3_tp06_sl065,2024-01-15 09:00:00+00:00,STAGE28A,data/reports/stage28a_discovery_factory_batch_runner/stage28a_exact_trades.csv,session_compression_expansion_v1,sess_comp_exp_follow_london_h9_q0.3_tp06_sl065,-1.4195749999999865,-2.469574999999986,-3.169574999999986,0,0,0,0,2.469574999999986,2.5499999999999545,12.220000000000027,0.5327332242226026,6.449999999999818,0.2,3.119999999999891,4.921000000000038,0.656,1.0,,,9,0,1.0,2024
2024-01-25 09:00:00+00:00|1.0|sess_comp_exp_follow_london_h9_q0.3_tp06_sl065,2024-01-25 09:00:00+00:00,STAGE28A,data/reports/stage28a_discovery_factory_batch_runner/stage28a_exact_trades.csv,session_compression_expansion_v1,sess_comp_exp_follow_london_h9_q0.3_tp06_sl065,-1.0692250000000514,-2.119225000000051,-2.819225000000051,0,0,0,0,2.119225000000051,25.52000000000021,3.400000000000091,0.18823529411767145,7.019999999999982,0.5270655270655349,2.0599999999999454,3.8460000000000263,0.408,1.0,,,9,3,1.0,2024
2024-01-26 09:00:00+00:00|-1.0|sess_comp_exp_follow_london_h9_q0.3_tp06_sl065,2024-01-26 09:00:00+00:00,STAGE28A,data/reports/stage28a_discovery_factory_batch_runner/stage28a_exact_trades.csv,session_compression_expansion_v1,sess_comp_exp_follow_london_h9_q0.3_tp06_sl065,-1.0370499999999994,-2.087049999999999,-2.787049999999999,0,0,0,0,2.087049999999999,15.400000000000091,4.779999999999973,0.10460251046025164,5.669999999999845,0.41975308641978376,1.8699999999998909,4.063499999999976,0.522,-1.0,,,9,4,1.0,2024
2024-02-02 09:00:00+00:00|-1.0|sess_comp_exp_follow_london_h9_q0.3_tp06_sl065,2024-02-02 09:00:00+00:00,STAGE28A,data/reports/stage28a_discovery_factory_batch_runner/stage28a_exact_trades.csv,session_compression_expansion_v1,sess_comp_exp_follow_london_h9_q0.3_tp06_sl065,0.368199999999797,-0.6818000000002029,-1.3818000000002026,0,0,0,0,0.6818000000002029,35.590000000000146,4.920000000000073,0.052845528455235706,4.200000000000273,0.10000000000001083,2.649999999999636,5.1584999999999805,0.904,-1.0,,,9,4,2.0,2024
2024-02-07 09:00:00+00:00|-1.0|sess_comp_exp_follow_london_h9_q0.3_tp06_sl065,2024-02-07 09:00:00+00:00,STAGE28A,data/reports/stage28a_discovery_factory_batch_runner/stage28a_exact_trades.csv,session_compression_expansion_v1,sess_comp_exp_follow_london_h9_q0.3_tp06_sl065,0.133600000000024,-0.916399999999976,-1.6163999999999756,0,0,0,0,0.916399999999976,16.189999999999827,2.230000000000018,0.004484304932731311,4.889999999999873,0.40286298568508766,1.8299999999999272,3.0614999999999895,0.052,-1.0,,,9,2,2.0,2024
2024-02-09 09:00:00+00:00|-1.0|sess_comp_exp_follow_london_h9_q0.3_tp06_sl065,2024-02-09 09:00:00+00:00,STAGE28A,data/reports/stage28a_discovery_factory_batch_runner/stage28a_exact_trades.csv,session_compression_expansion_v1,sess_comp_exp_follow_london_h9_q0.3_tp06_sl065,-0.8924250000000938,-1.9424250000000935,-2.642425000000093,0,0,0,0,1.9424250000000935,18.6400000000001,3.1599999999998545,0.49367088607595483,4.460000000000036,0.022421524663656555,2.0299999999999727,3.594999999999982,0.328,-1.0,,,9,4,2.0,2024
2024-02-15 09:00:00+00:00|1.0|sess_comp_exp_follow_london_h9_q0.3_tp06_sl065,2024-02-15 09:00:00+00:00,STAGE28A,data/reports/stage28a_discovery_factory_batch_runner/stage28a_exact_trades.csv,session_compression_expansion_v1,sess_comp_exp_follow_london_h9_q0.3_tp06_sl065,-0.9587250000000496,-2.0087250000000494,-2.708725000000049,0,0,0,0,2.0087250000000494,11.839999999999918,4.119999999999891,0.41262135922332294,6.5,0.6123076923076951,1.8799999999998818,3.029499999999973,0.184,1.0,,,9,3,2.0,2024
2024-02-16 09:00:00+00:00|1.0|sess_comp_exp_follow_london_h9_q0.3_tp06_sl065,2024-02-16 09:00:00+00:00,STAGE28A,data/reports/stage28a_discovery_factory_batch_runner/stage28a_exact_trades.csv,session_compression_expansion_v1,sess_comp_exp_follow_london_h9_q0.3_tp06_sl065,-0.8667500000000018,-1.9167500000000015,-2.616750000000001,0,0,0,0,1.9167500000000015,18.230000000000018,3.2799999999999727,0.06097560975611193,4.819999999999936,0.7406639004149344,1.9600000000000364,2.888000000000011,0.14,1.0,,,9,4,2.0,2024
2024-02-19 09:00:00+00:00|1.0|sess_comp_exp_follow_london_h9_q0.3_tp06_sl065,2024-02-19 09:00:00+00:00,STAGE28A,data/reports/stage28a_discovery_factory_batch_runner/stage28a_exact_trades.csv,session_compression_expansion_v1,sess_comp_exp_follow_london_h9_q0.3_tp06_sl065,-1.1959749999999532,-2.245974999999953,-2.9459749999999527,0,0,0,0,2.245974999999953,3.8799999999998818,10.86999999999989,0.48850045998160063,4.650000000000091,0.027956989247285853,2.0900000000001455,4.76999999999997,0.952,1.0,,,9,0,2.0,2024
2024-02-26 09:00:00+00:00|1.0|sess_comp_exp_follow_london_h9_q0.3_tp06_sl065,2024-02-26 09:00:00+00:00,STAGE28A,data/reports/stage28a_discovery_factory_batch_runner/stage28a_exact_trades.csv,session_compression_expansion_v1,sess_comp_exp_follow_london_h9_q0.3_tp06_sl065,-0.9707500000000436,-2.020750000000044,-2.7207500000000437,0,0,0,0,2.020750000000044,2.7999999999999545,5.069999999999936,0.36489151873765924,5.349999999999909,0.007476635514012018,2.009999999999991,3.4314999999999487,0.784,1.0,,,9,0,2.0,2024
2024-02-29 09:00:00+00:00|-1.0|sess_comp_exp_follow_london_h9_q0.3_tp06_sl065,2024-02-29 09:00:00+00:00,STAGE28A,data/reports/stage28a_discovery_factory_batch_runner/stage28a_exact_trades.csv,session_compression_expansion_v1,sess_comp_exp_follow_london_h9_q0.3_tp06_sl065,-0.8719500000000607,-1.9219500000000609,-2.6219500000000604,0,0,0,0,1.9219500000000609,13.420000000000073,3.1299999999998818,0.1629392971246039,7.2999999999999545,0.5931506849315318,1.5900000000001455,2.5559999999999605,0.236,-1.0,,,9,3,2.0,2024
2024-03-12 09:00:00+00:00|-1.0|sess_comp_exp_follow_london_h9_q0.3_tp06_sl065,2024-03-12 09:00:00+00:00,STAGE28A,data/reports/stage28a_discovery_factory_batch_runner/stage28a_exact_trades.csv,session_compression_expansion_v1,sess_comp_exp_follow_london_h9_q0.3_tp06_sl065,0.6064000000000306,-0.4435999999999693,-1.143599999999969,0,0,0,0,0.4435999999999693,14.239999999999782,7.929999999999836,0.5056746532156748,5.539999999999964,0.30685920577622455,3.5100000000002183,4.267999999999915,0.412,-1.0,,,9,1,3.0,2024
2024-03-13 09:00:00+00:00|-1.0|sess_comp_exp_follow_london_h9_q0.3_tp06_sl065,2024-03-13 09:00:00+00:00,STAGE28A,data/reports/stage28a_discovery_factory_batch_runner/stage28a_exact_trades.csv,session_compression_expansion_v1,sess_comp_exp_follow_london_h9_q0.3_tp06_sl065,0.520600000000195,-0.5293999999998049,-1.2293999999998046,0,0,0,0,0.5293999999998049,34.179999999999836,5.730000000000018,0.41884816753928156,6.049999999999727,0.6694214876033661,3.1099999999996726,6.182499999999959,0.892,-1.0,,,9,2,3.0,2024
2024-03-14 09:00:00+00:00|-1.0|sess_comp_exp_follow_london_h9_q0.3_tp06_sl065,2024-03-14 09:00:00+00:00,STAGE28A,data/reports/stage28a_discovery_factory_batch_runner/stage28a_exact_trades.csv,session_compression_expansion_v1,sess_comp_exp_follow_london_h9_q0.3_tp06_sl065,-1.2105999999999768,-2.2605999999999766,-2.9605999999999764,0,0,0,0,2.2605999999999766,24.059999999999945,5.920000000000073,0.44087837837839444,4.599999999999909,0.2434782608695463,2.7400000000002365,3.678500000000008,0.196,-1.0,,,9,3,3.0,2024
2024-06-12 09:00:00+00:00|-1.0|sess_comp_exp_follow_london_h9_q0.3_tp06_sl065,2024-06-12 09:00:00+00:00,STAGE28A,data/reports/stage28a_discovery_factory_batch_runner/stage28a_exact_trades.csv,session_compression_expansion_v1,sess_comp_exp_follow_london_h9_q0.3_tp06_sl065,-1.6266000000001442,-2.676600000000144,-3.376600000000144,0,0,0,0,2.676600000000144,22.36999999999989,6.8400000000001455,0.42690058479532317,6.910000000000309,0.00289435600578595,3.0399999999999636,4.5479999999999565,0.06,-1.0,,,9,2,6.0,2024
2024-07-05 09:00:00+00:00|1.0|sess_comp_exp_follow_london_h9_q0.3_tp06_sl065,2024-07-05 09:00:00+00:00,STAGE28A,data/reports/stage28a_discovery_factory_batch_runner/stage28a_exact_trades.csv,session_compression_expansion_v1,sess_comp_exp_follow_london_h9_q0.3_tp06_sl065,-1.5456749999999375,-2.5956749999999373,-3.295674999999937,0,0,0,0,2.5956749999999373,12.179999999999836,8.960000000000036,0.49218750000003253,6.680000000000291,0.08532934131731798,2.3400000000001455,2.9059999999999944,0.004,1.0,,,9,4,7.0,2024
2024-07-11 09:00:00+00:00|1.0|sess_comp_exp_follow_london_h9_q0.3_tp06_sl065,2024-07-11 09:00:00+00:00,STAGE28A,data/reports/stage28a_discovery_factory_batch_runner/stage28a_exact_trades.csv,session_compression_expansion_v1,sess_comp_exp_follow_london_h9_q0.3_tp06_sl065,0.5685999999999695,-0.4814000000000304,-1.1814000000000302,0,0,0,0,0.4814000000000304,23.670000000000073,9.08999999999969,0.6567656765677071,6.099999999999909,0.8606557377049309,1.7900000000004184,4.209500000000025,0.232,1.0,,,9,3,7.0,2024
2024-07-30 09:00:00+00:00|1.0|sess_comp_exp_follow_london_h9_q0.3_tp06_sl065,2024-07-30 09:00:00+00:00,STAGE28A,data/reports/stage28a_discovery_factory_batch_runner/stage28a_exact_trades.csv,session_compression_expansion_v1,sess_comp_exp_follow_london_h9_q0.3_tp06_sl065,1.08730000000005,0.0373000000000502,-0.6626999999999494,1,0,0,0,0.0373000000000502,33.460000000000036,9.460000000000036,0.18181818181820805,6.4099999999998545,0.5397815912636684,3.7899999999999636,5.608000000000038,0.264,1.0,,,9,1,7.0,2024
2024-08-13 09:00:00+00:00|-1.0|sess_comp_exp_follow_london_h9_q0.3_tp06_sl065,2024-08-13 09:00:00+00:00,STAGE28A,data/reports/stage28a_discovery_factory_batch_runner/stage28a_exact_trades.csv,session_compression_expansion_v1,sess_comp_exp_follow_london_h9_q0.3_tp06_sl065,-2.1667499999999564,-3.2167499999999563,-3.916749999999956,0,0,0,1,3.2167499999999563,50.149999999999636,16.190000000000055,0.6331068560840003,7.660000000000309,0.3694516971279129,5.8400000000001455,6.060000000000036,0.34,-1.0,,,9,1,8.0,2024
2024-08-29 09:00:00+00:00|1.0|sess_comp_exp_follow_london_h9_q0.3_tp06_sl065,2024-08-29 09:00:00+00:00,STAGE28A,data/reports/stage28a_discovery_factory_batch_runner/stage28a_exact_trades.csv,session_compression_expansion_v1,sess_comp_exp_follow_london_h9_q0.3_tp06_sl065,-1.6776249999998982,-2.727624999999898,-3.427624999999898,0,0,0,0,2.727624999999898,35.45000000000027,12.860000000000127,0.7449455676516199,10.539999999999964,0.5910815939278975,6.129999999999654,5.296499999999992,0.276,1.0,,,9,3,8.0,2024
2024-09-06 09:00:00+00:00|-1.0|sess_comp_exp_follow_london_h9_q0.3_tp06_sl065,2024-09-06 09:00:00+00:00,STAGE28A,data/reports/stage28a_discovery_factory_batch_runner/stage28a_exact_trades.csv,session_compression_expansion_v1,sess_comp_exp_follow_london_h9_q0.3_tp06_sl065,-1.335400000000027,-2.385400000000027,-3.0854000000000266,0,0,0,0,2.385400000000027,29.690000000000055,5.369999999999891,0.3873370577281135,6.360000000000127,0.14622641509431095,3.380000000000109,4.252999999999952,0.1,-1.0,,,9,4,9.0,2024
2024-09-10 09:00:00+00:00|-1.0|sess_comp_exp_follow_london_h9_q0.3_tp06_sl065,2024-09-10 09:00:00+00:00,STAGE28A,data/reports/stage28a_discovery_factory_batch_runner/stage28a_exact_trades.csv,session_compression_expansion_v1,sess_comp_exp_follow_london_h9_q0.3_tp06_sl065,0.5856999999999971,-0.4643000000000028,-1.1643000000000026,0,0,0,0,0.4643000000000028,21.75,6.220000000000255,0.7202572347266616,7.599999999999909,0.4552631578947471,4.1899999999996,4.343499999999972,0.104,-1.0,,,9,1,9.0,2024
2024-09-12 09:00:00+00:00|1.0|sess_comp_exp_follow_london_h9_q0.3_tp06_sl065,2024-09-12 09:00:00+00:00,STAGE28A,data/reports/stage28a_discovery_factory_batch_runner/stage28a_exact_trades.csv,session_compression_expansion_v1,sess_comp_exp_follow_london_h9_q0.3_tp06_sl065,0.5725000000001274,-0.4774999999998726,-1.1774999999998723,0,0,0,0,0.4774999999998726,28.09999999999991,5.139999999999873,0.5992217898832691,7.850000000000364,0.36687898089171667,2.7100000000000364,4.923499999999922,0.384,1.0,,,9,3,9.0,2024
2024-09-13 09:00:00+00:00|1.0|sess_comp_exp_follow_london_h9_q0.3_tp06_sl065,2024-09-13 09:00:00+00:00,STAGE28A,data/reports/stage28a_discovery_factory_batch_runner/stage28a_exact_trades.csv,session_compression_expansion_v1,sess_comp_exp_follow_london_h9_q0.3_tp06_sl065,0.9931000000000496,-0.0568999999999504,-0.7568999999999502,0,0,0,0,0.0568999999999504,49.059999999999945,13.38000000000011,0.7825112107623104,9.980000000000018,0.0621242484970285,4.350000000000364,7.297500000000059,0.92,1.0,,,9,4,9.0,2024
2024-10-10 09:00:00+00:00|1.0|sess_comp_exp_follow_london_h9_q0.3_tp06_sl065,2024-10-10 09:00:00+00:00,STAGE28A,data/reports/stage28a_discovery_factory_batch_runner/stage28a_exact_trades.csv,session_compression_expansion_v1,sess_comp_exp_follow_london_h9_q0.3_tp06_sl065,-1.860925000000043,-2.910925000000043,-3.6109250000000426,0,0,0,0,2.910925000000043,19.230000000000018,10.960000000000036,0.2636861313868903,8.2199999999998,0.6630170316301643,2.9700000000002547,5.227000000000021,0.108,1.0,,,9,3,10.0,2024
2024-10-11 09:00:00+00:00|-1.0|sess_comp_exp_follow_london_h9_q0.3_tp06_sl065,2024-10-11 09:00:00+00:00,STAGE28A,data/reports/stage28a_discovery_factory_batch_runner/stage28a_exact_trades.csv,session_compression_expansion_v1,sess_comp_exp_follow_london_h9_q0.3_tp06_sl065,-1.8482500000000983,-2.898250000000098,-3.598250000000098,0,0,0,0,2.898250000000098,25.800000000000182,17.980000000000018,0.9566184649610567,10.989999999999782,0.6960873521383296,2.8400000000001455,6.532500000000004,0.464,-1.0,,,9,4,10.0,2024
2024-10-17 09:00:00+00:00|1.0|sess_comp_exp_follow_london_h9_q0.3_tp06_sl065,2024-10-17 09:00:00+00:00,STAGE28A,data/reports/stage28a_discovery_factory_batch_runner/stage28a_exact_trades.csv,session_compression_expansion_v1,sess_comp_exp_follow_london_h9_q0.3_tp06_sl065,1.3641999999998915,0.3141999999998917,-0.385800000000108,1,0,1,0,0.3141999999998917,26.559999999999945,11.63000000000011,0.2579535683576932,9.230000000000018,0.2979414951245931,6.2800000000002,5.429999999999995,0.188,1.0,,,9,3,10.0,2024
2024-10-22 09:00:00+00:00|1.0|sess_comp_exp_follow_london_h9_q0.3_tp06_sl065,2024-10-22 09:00:00+00:00,STAGE28A,data/reports/stage28a_discovery_factory_batch_runner/stage28a_exact_trades.csv,session_compression_expansion_v1,sess_comp_exp_follow_london_h9_q0.3_tp06_sl065,-1.9057749999998124,-2.955774999999812,-3.655774999999812,0,0,0,0,2.955774999999812,26.529999999999745,14.860000000000127,0.6917900403768581,9.539999999999964,0.06918238993709193,6.110000000000127,5.894500000000039,0.46,1.0,,,9,1,10.0,2024
2024-12-10 09:00:00+00:00|-1.0|sess_comp_exp_follow_london_h9_q0.3_tp06_sl065,2024-12-10 09:00:00+00:00,STAGE28A,data/reports/stage28a_discovery_factory_batch_runner/stage28a_exact_trades.csv,session_compression_expansion_v1,sess_comp_exp_follow_london_h9_q0.3_tp06_sl065,1.353399999999874,0.3033999999998742,-0.3966000000001255,1,0,1,0,0.3033999999998742,48.84999999999991,15.91000000000031,0.6140791954745598,15.539999999999964,0.3301158301158379,5.190000000000055,5.983500000000004,0.24,-1.0,,,9,1,12.0,2024
2024-12-12 09:00:00+00:00|1.0|sess_comp_exp_follow_london_h9_q0.3_tp06_sl065,2024-12-12 09:00:00+00:00,STAGE28A,data/reports/stage28a_discovery_factory_batch_runner/stage28a_exact_trades.csv,session_compression_expansion_v1,sess_comp_exp_follow_london_h9_q0.3_tp06_sl065,-2.088749999999982,-3.1387499999999817,-3.8387499999999815,0,0,0,1,3.1387499999999817,46.590000000000146,26.139999999999873,0.2895944912012319,10.640000000000327,0.09586466165413068,8.540000000000418,7.4284999999999854,0.676,1.0,,,9,3,12.0,2024
2024-12-18 09:00:00+00:00|1.0|sess_comp_exp_follow_london_h9_q0.3_tp06_sl065,2024-12-18 09:00:00+00:00,STAGE28A,data/reports/stage28a_discovery_factory_batch_runner/stage28a_exact_trades.csv,session_compression_expansion_v1,sess_comp_exp_follow_london_h9_q0.3_tp06_sl065,-1.6789249999997993,-2.728924999999799,-3.428924999999799,0,0,0,0,2.728924999999799,25.659999999999854,9.079999999999927,0.2444933920704645,7.559999999999945,0.42857142857146296,3.450000000000273,5.075999999999999,0.06,1.0,,,9,2,12.0,2024
2024-12-23 09:00:00+00:00|1.0|sess_comp_exp_follow_london_h9_q0.3_tp06_sl065,2024-12-23 09:00:00+00:00,STAGE28A,data/reports/stage28a_discovery_factory_batch_runner/stage28a_exact_trades.csv,session_compression_expansion_v1,sess_comp_exp_follow_london_h9_q0.3_tp06_sl065,-1.90252500000006,-2.95252500000006,-3.6525250000000593,0,0,0,0,2.95252500000006,3.1600000000003092,10.0,0.1069999999999709,14.389999999999873,0.44336344683809353,8.429999999999836,6.50750000000005,0.472,1.0,,,9,0,12.0,2024
2024-12-24 09:00:00+00:00|-1.0|sess_comp_exp_follow_london_h9_q0.3_tp06_sl065,2024-12-24 09:00:00+00:00,STAGE28A,data/reports/stage28a_discovery_factory_batch_runner/stage28a_exact_trades.csv,session_compression_expansion_v1,sess_comp_exp_follow_london_h9_q0.3_tp06_sl065,-1.5469749999998386,-2.5969749999998384,-3.296974999999838,0,0,0,0,2.5969749999998384,25.279999999999745,8.889999999999873,0.5129358830146243,8.309999999999945,0.5571600481347941,3.3899999999998727,4.464499999999975,0.032,-1.0,,,9,1,12.0,2024
2024-12-26 09:00:00+00:00|1.0|sess_comp_exp_follow_london_h9_q0.3_tp06_sl065,2024-12-26 09:00:00+00:00,STAGE28A,data/reports/stage28a_discovery_factory_batch_runner/stage28a_exact_trades.csv,session_compression_expansion_v1,sess_comp_exp_follow_london_h9_q0.3_tp06_sl065,-1.563224999999966,-2.6132249999999657,-3.313224999999965,0,0,0,0,2.6132249999999657,7.519999999999982,16.299999999999727,0.5539877300613713,6.049999999999727,0.2264462809917277,2.849999999999909,4.491999999999985,0.096,1.0,,,9,3,12.0,2024
2025-01-02 09:00:00+00:00|1.0|sess_comp_exp_follow_london_h9_q0.3_tp06_sl065,2025-01-02 09:00:00+00:00,STAGE28A,data/reports/stage28a_discovery_factory_batch_runner/stage28a_exact_trades.csv,session_compression_expansion_v1,sess_comp_exp_follow_london_h9_q0.3_tp06_sl065,0.8281000000000859,-0.221899999999914,-0.9218999999999138,0,0,0,0,0.221899999999914,4.2800000000002,14.769999999999982,0.6899119837508508,15.090000000000146,0.5765407554671792,4.260000000000218,5.379500000000098,0.48,1.0,,,9,3,1.0,2025
2025-01-07 09:00:00+00:00|1.0|sess_comp_exp_follow_london_h9_q0.3_tp06_sl065,2025-01-07 09:00:00+00:00,STAGE28A,data/reports/stage28a_discovery_factory_batch_runner/stage28a_exact_trades.csv,session_compression_expansion_v1,sess_comp_exp_follow_london_h9_q0.3_tp06_sl065,0.94300000000012,-0.1069999999998798,-0.8069999999998796,0,0,0,0,0.1069999999998798,35.13000000000011,8.300000000000182,0.4325301204819358,9.7800000000002,0.575664621676891,6.920000000000073,7.3035000000000085,0.944,1.0,,,9,1,1.0,2025
2025-01-08 09:00:00+00:00|1.0|sess_comp_exp_follow_london_h9_q0.3_tp06_sl065,2025-01-08 09:00:00+00:00,STAGE28A,data/reports/stage28a_discovery_factory_batch_runner/stage28a_exact_trades.csv,session_compression_expansion_v1,sess_comp_exp_follow_london_h9_q0.3_tp06_sl065,-1.5346249999998691,-2.584624999999869,-3.2846249999998687,0,0,0,0,2.584624999999869,31.429999999999836,6.260000000000218,0.4536741214056856,8.420000000000073,0.7304038004750639,4.079999999999927,5.576999999999998,0.6,1.0,,,9,2,1.0,2025
2025-01-09 09:00:00+00:00|1.0|sess_comp_exp_follow_london_h9_q0.3_tp06_sl065,2025-01-09 09:00:00+00:00,STAGE28A,data/reports/stage28a_discovery_factory_batch_runner/stage28a_exact_trades.csv,session_compression_expansion_v1,sess_comp_exp_follow_london_h9_q0.3_tp06_sl065,-1.7283250000001318,-2.778325000000132,-3.478325000000132,0,0,0,0,2.778325000000132,24.700000000000273,7.650000000000091,0.44836601307192814,10.929999999999836,0.7758462946020261,8.539999999999964,6.2830000000000155,0.844,1.0,,,9,3,1.0,2025
2025-01-13 09:00:00+00:00|-1.0|sess_comp_exp_follow_london_h9_q0.3_tp06_sl065,2025-01-13 09:00:00+00:00,STAGE28A,data/reports/stage28a_discovery_factory_batch_runner/stage28a_exact_trades.csv,session_compression_expansion_v1,sess_comp_exp_follow_london_h9_q0.3_tp06_sl065,1.091499999999905,0.0414999999999055,-0.6585000000000942,1,0,0,0,0.0414999999999055,5.670000000000073,13.900000000000091,0.39999999999999347,14.190000000000055,0.45031712473571867,4.650000000000091,7.6840000000000375,0.964,-1.0,,,9,0,1.0,2025
2025-01-24 09:00:00+00:00|1.0|sess_comp_exp_follow_london_h9_q0.3_tp06_sl065,2025-01-24 09:00:00+00:00,STAGE28A,data/reports/stage28a_discovery_factory_batch_runner/stage28a_exact_trades.csv,session_compression_expansion_v1,sess_comp_exp_follow_london_h9_q0.3_tp06_sl065,1.3857999999999264,0.3357999999999266,-0.3642000000000731,1,0,1,0,0.3357999999999266,23.25,23.940000000000055,0.7263993316624826,8.300000000000182,0.44578313253014357,5.150000000000091,6.332500000000027,0.76,1.0,,,9,4,1.0,2025
2025-01-29 09:00:00+00:00|1.0|sess_comp_exp_follow_london_h9_q0.3_tp06_sl065,2025-01-29 09:00:00+00:00,STAGE28A,data/reports/stage28a_discovery_factory_batch_runner/stage28a_exact_trades.csv,session_compression_expansion_v1,sess_comp_exp_follow_london_h9_q0.3_tp06_sl065,-1.349699999999848,-2.399699999999848,-3.099699999999848,0,0,0,0,2.399699999999848,30.639999999999873,4.730000000000018,0.061310782241006875,8.909999999999854,0.48260381593717755,2.9400000000000546,3.4265000000000327,0.004,1.0,,,9,2,1.0,2025
2025-01-31 09:00:00+00:00|-1.0|sess_comp_exp_follow_london_h9_q0.3_tp06_sl065,2025-01-31 09:00:00+00:00,STAGE28A,data/reports/stage28a_discovery_factory_batch_runner/stage28a_exact_trades.csv,session_compression_expansion_v1,sess_comp_exp_follow_london_h9_q0.3_tp06_sl065,0.7843000000001666,-0.2656999999998333,-0.965699999999833,0,0,0,0,0.2656999999998333,40.40000000000009,7.369999999999891,0.03799185888734728,10.140000000000327,0.16074950690331377,4.050000000000182,5.248999999999978,0.324,-1.0,,,9,4,1.0,2025
2025-02-18 09:00:00+00:00|1.0|sess_comp_exp_follow_london_h9_q0.3_tp06_sl065,2025-02-18 09:00:00+00:00,STAGE28A,data/reports/stage28a_discovery_factory_batch_runner/stage28a_exact_trades.csv,session_compression_expansion_v1,sess_comp_exp_follow_london_h9_q0.3_tp06_sl065,-2.429349999999977,-3.4793499999999766,-4.179349999999976,0,0,0,1,3.4793499999999766,28.340000000000146,19.059999999999945,0.600734522560328,8.389999999999873,0.07866507747322041,4.420000000000073,4.941000000000008,0.012,1.0,,,9,1,2.0,2025
2025-06-25 09:00:00+00:00|-1.0|sess_comp_exp_follow_london_h9_q0.3_tp06_sl065,2025-06-25 09:00:00+00:00,STAGE28A,data/reports/stage28a_discovery_factory_batch_runner/stage28a_exact_trades.csv,session_compression_expansion_v1,sess_comp_exp_follow_london_h9_q0.3_tp06_sl065,-2.205424999999741,-3.255424999999741,-3.9554249999997406,0,0,0,1,3.255424999999741,74.55999999999995,14.210000000000036,0.4693877551020447,15.5,0.19935483870965748,6.949999999999818,8.185499999999957,0.02,-1.0,,,9,2,6.0,2025
2025-07-04 09:00:00+00:00|1.0|sess_comp_exp_follow_london_h9_q0.3_tp06_sl065,2025-07-04 09:00:00+00:00,STAGE28A,data/reports/stage28a_discovery_factory_batch_runner/stage28a_exact_trades.csv,session_compression_expansion_v1,sess_comp_exp_follow_london_h9_q0.3_tp06_sl065,-2.2655500000001667,-3.3155500000001665,-4.015550000000166,0,0,0,1,3.3155500000001665,54.36999999999989,15.200000000000273,0.6059210526315705,12.009999999999764,0.32556203164029407,3.7599999999997635,8.636500000000023,0.436,1.0,,,9,4,7.0,2025
2025-07-07 09:00:00+00:00|-1.0|sess_comp_exp_follow_london_h9_q0.3_tp06_sl065,2025-07-07 09:00:00+00:00,STAGE28A,data/reports/stage28a_discovery_factory_batch_runner/stage28a_exact_trades.csv,session_compression_expansion_v1,sess_comp_exp_follow_london_h9_q0.3_tp06_sl065,2.494000000000051,1.444000000000051,0.7440000000000513,1,1,1,0,1.444000000000051,10.329999999999927,36.67000000000007,0.6152167984728634,14.470000000000255,0.13407049067032245,8.08999999999969,7.668999999999937,0.348,-1.0,,,9,0,7.0,2025
2025-07-11 09:00:00+00:00|-1.0|sess_comp_exp_follow_london_h9_q0.3_tp06_sl065,2025-07-11 09:00:00+00:00,STAGE28A,data/reports/stage28a_discovery_factory_batch_runner/stage28a_exact_trades.csv,session_compression_expansion_v1,sess_comp_exp_follow_london_h9_q0.3_tp06_sl065,1.592199999999957,0.5421999999999572,-0.1578000000000425,1,0,1,0,0.5421999999999572,20.15000000000009,14.420000000000073,0.7302357836338521,14.16000000000031,0.4067796610169557,9.690000000000055,7.157499999999982,0.18,-1.0,,,9,4,7.0,2025
2025-07-15 09:00:00+00:00|1.0|sess_comp_exp_follow_london_h9_q0.3_tp06_sl065,2025-07-15 09:00:00+00:00,STAGE28A,data/reports/stage28a_discovery_factory_batch_runner/stage28a_exact_trades.csv,session_compression_expansion_v1,sess_comp_exp_follow_london_h9_q0.3_tp06_sl065,-2.2493000000000394,-3.299300000000039,-3.999300000000039,0,0,0,1,3.299300000000039,34.059999999999945,17.06999999999971,0.7158758055067641,9.0,0.6077777777777555,4.980000000000018,6.637500000000022,0.084,1.0,,,9,1,7.0,2025
2025-07-16 09:00:00+00:00|1.0|sess_comp_exp_follow_london_h9_q0.3_tp06_sl065,2025-07-16 09:00:00+00:00,STAGE28A,data/reports/stage28a_discovery_factory_batch_runner/stage28a_exact_trades.csv,session_compression_expansion_v1,sess_comp_exp_follow_london_h9_q0.3_tp06_sl065,-2.216149999999834,-3.266149999999834,-3.9661499999998338,0,0,0,1,3.266149999999834,46.159999999999854,11.390000000000327,0.678665496049148,10.139999999999873,0.5601577909270574,4.1599999999998545,8.091499999999929,0.612,1.0,,,9,2,7.0,2025
2025-07-22 09:00:00+00:00|-1.0|sess_comp_exp_follow_london_h9_q0.3_tp06_sl065,2025-07-22 09:00:00+00:00,STAGE28A,data/reports/stage28a_discovery_factory_batch_runner/stage28a_exact_trades.csv,session_compression_expansion_v1,sess_comp_exp_follow_london_h9_q0.3_tp06_sl065,1.493199999999797,0.4431999999997971,-0.2568000000002026,1,0,1,0,0.4431999999997971,56.7199999999998,17.450000000000273,0.38739255014327295,9.409999999999854,0.6992561105207257,7.260000000000218,7.286999999999966,0.4,-1.0,,,9,1,7.0,2025
2025-07-23 09:00:00+00:00|1.0|sess_comp_exp_follow_london_h9_q0.3_tp06_sl065,2025-07-23 09:00:00+00:00,STAGE28A,data/reports/stage28a_discovery_factory_batch_runner/stage28a_exact_trades.csv,session_compression_expansion_v1,sess_comp_exp_follow_london_h9_q0.3_tp06_sl065,-2.608749999999964,-3.658749999999964,-4.358749999999963,0,0,0,1,3.658749999999964,50.26999999999998,19.579999999999927,0.24463738508682234,17.449999999999818,0.462464183381077,7.319999999999709,7.81149999999991,0.608,1.0,,,9,2,7.0,2025
2025-07-28 09:00:00+00:00|-1.0|sess_comp_exp_follow_london_h9_q0.3_tp06_sl065,2025-07-28 09:00:00+00:00,STAGE28A,data/reports/stage28a_discovery_factory_batch_runner/stage28a_exact_trades.csv,session_compression_expansion_v1,sess_comp_exp_follow_london_h9_q0.3_tp06_sl065,-2.605174999999781,-3.655174999999781,-4.355174999999781,0,0,0,1,3.655174999999781,18.269999999999982,26.029999999999745,0.5220898962735412,12.829999999999927,0.4263445050662378,6.079999999999927,8.36999999999989,0.76,-1.0,,,9,0,7.0,2025
2025-07-30 09:00:00+00:00|1.0|sess_comp_exp_follow_london_h9_q0.3_tp06_sl065,2025-07-30 09:00:00+00:00,STAGE28A,data/reports/stage28a_discovery_factory_batch_runner/stage28a_exact_trades.csv,session_compression_expansion_v1,sess_comp_exp_follow_london_h9_q0.3_tp06_sl065,1.7533000000002177,0.7033000000002176,0.0033000000002179,1,1,1,0,0.7033000000002176,26.38000000000011,11.730000000000018,0.06308610400684019,10.860000000000127,0.2651933701657528,6.349999999999909,6.908500000000094,0.256,1.0,,,9,2,7.0,2025
2025-08-04 09:00:00+00:00|-1.0|sess_comp_exp_follow_london_h9_q0.3_tp06_sl065,2025-08-04 09:00:00+00:00,STAGE28A,data/reports/stage28a_discovery_factory_batch_runner/stage28a_exact_trades.csv,session_compression_expansion_v1,sess_comp_exp_follow_london_h9_q0.3_tp06_sl065,1.468000000000211,0.4180000000002111,-0.2819999999997886,1,0,1,0,0.4180000000002111,11.5300000000002,24.079999999999927,0.04734219269104364,10.960000000000036,0.21350364963504906,5.480000000000018,10.408500000000027,0.968,-1.0,,,9,0,8.0,2025
2025-08-05 09:00:00+00:00|-1.0|sess_comp_exp_follow_london_h9_q0.3_tp06_sl065,2025-08-05 09:00:00+00:00,STAGE28A,data/reports/stage28a_discovery_factory_batch_runner/stage28a_exact_trades.csv,session_compression_expansion_v1,sess_comp_exp_follow_london_h9_q0.3_tp06_sl065,-2.0828999999999724,-3.1328999999999723,-3.832899999999972,0,0,0,1,3.1328999999999723,40.25999999999976,10.429999999999836,0.2550335570470135,16.519999999999982,0.7481840193704686,6.350000000000364,6.431999999999971,0.068,-1.0,,,9,1,8.0,2025
2025-08-06 09:00:00+00:00|-1.0|sess_comp_exp_follow_london_h9_q0.3_tp06_sl065,2025-08-06 09:00:00+00:00,STAGE28A,data/reports/stage28a_discovery_factory_batch_runner/stage28a_exact_trades.csv,session_compression_expansion_v1,sess_comp_exp_follow_london_h9_q0.3_tp06_sl065,1.4037999999999555,0.3537999999999557,-0.346200000000044,1,0,1,0,0.3537999999999557,40.220000000000255,12.699999999999818,0.4,20.40000000000009,0.7725490196078504,4.3400000000001455,6.965499999999997,0.176,-1.0,,,9,2,8.0,2025
2025-08-15 09:00:00+00:00|-1.0|sess_comp_exp_follow_london_h9_q0.3_tp06_sl065,2025-08-15 09:00:00+00:00,STAGE28A,data/reports/stage28a_discovery_factory_batch_runner/stage28a_exact_trades.csv,session_compression_expansion_v1,sess_comp_exp_follow_london_h9_q0.3_tp06_sl065,-2.069250000000102,-3.1192500000001018,-3.8192500000001015,0,0,0,1,3.1192500000001018,45.40000000000009,12.629999999999654,0.795724465558231,10.309999999999945,0.07468477206595402,6.679999999999836,6.755499999999915,0.132,-1.0,,,9,4,8.0,2025
2025-08-18 09:00:00+00:00|1.0|sess_comp_exp_follow_london_h9_q0.3_tp06_sl065,2025-08-18 09:00:00+00:00,STAGE28A,data/reports/stage28a_discovery_factory_batch_runner/stage28a_exact_trades.csv,session_compression_expansion_v1,sess_comp_exp_follow_london_h9_q0.3_tp06_sl065,-2.5418000000000576,-3.5918000000000574,-4.291800000000057,0,0,0,1,3.5918000000000574,6.019999999999982,28.190000000000055,0.4522880454061715,13.799999999999727,0.07608695652172086,11.739999999999782,7.9680000000000515,0.484,1.0,,,9,0,8.0,2025
2025-08-19 09:00:00+00:00|1.0|sess_comp_exp_follow_london_h9_q0.3_tp06_sl065,2025-08-19 09:00:00+00:00,STAGE28A,data/reports/stage28a_discovery_factory_batch_runner/stage28a_exact_trades.csv,session_compression_expansion_v1,sess_comp_exp_follow_london_h9_q0.3_tp06_sl065,-2.2785500000000867,-3.3285500000000865,-4.028550000000086,0,0,0,1,3.3285500000000865,34.79999999999973,15.579999999999927,0.21694480102696564,7.289999999999964,0.20301783264746578,4.809999999999945,5.101499999999987,0.008,1.0,,,9,1,8.0,2025
2025-08-20 09:00:00+00:00|1.0|sess_comp_exp_follow_london_h9_q0.3_tp06_sl065,2025-08-20 09:00:00+00:00,STAGE28A,data/reports/stage28a_discovery_factory_batch_runner/stage28a_exact_trades.csv,session_compression_expansion_v1,sess_comp_exp_follow_london_h9_q0.3_tp06_sl065,-2.133274999999776,-3.183274999999776,-3.883274999999776,0,0,0,1,3.183274999999776,30.36999999999989,7.0300000000002,0.09246088193457645,10.38000000000011,0.8333333333333334,6.040000000000418,5.717500000000018,0.108,1.0,,,9,2,8.0,2025
2025-08-21 09:00:00+00:00|-1.0|sess_comp_exp_follow_london_h9_q0.3_tp06_sl065,2025-08-21 09:00:00+00:00,STAGE28A,data/reports/stage28a_discovery_factory_batch_runner/stage28a_exact_trades.csv,session_compression_expansion_v1,sess_comp_exp_follow_london_h9_q0.3_tp06_sl065,-1.7669999999999164,-2.816999999999916,-3.516999999999916,0,0,0,0,2.816999999999916,38.88999999999987,12.33999999999969,0.793354943273923,7.849999999999909,0.09044585987261715,3.630000000000109,5.371000000000026,0.072,-1.0,,,9,3,8.0,2025
2025-08-22 09:00:00+00:00|-1.0|sess_comp_exp_follow_london_h9_q0.3_tp06_sl065,2025-08-22 09:00:00+00:00,STAGE28A,data/reports/stage28a_discovery_factory_batch_runner/stage28a_exact_trades.csv,session_compression_expansion_v1,sess_comp_exp_follow_london_h9_q0.3_tp06_sl065,0.9552999999999884,-0.0947000000000115,-0.7947000000000113,0,0,0,0,0.0947000000000115,26.9699999999998,9.139999999999873,0.7647702407002553,9.659999999999854,0.1946169772256871,4.050000000000182,5.872000000000048,0.252,-1.0,,,9,4,8.0,2025
2025-08-25 09:00:00+00:00|-1.0|sess_comp_exp_follow_london_h9_q0.3_tp06_sl065,2025-08-25 09:00:00+00:00,STAGE28A,data/reports/stage28a_discovery_factory_batch_runner/stage28a_exact_trades.csv,session_compression_expansion_v1,sess_comp_exp_follow_london_h9_q0.3_tp06_sl065,0.9507999999999812,-0.0992000000000188,-0.7992000000000186,0,0,0,0,0.0992000000000188,6.210000000000036,12.260000000000218,0.0016313213703084382,8.019999999999982,0.02369077306733853,3.0,7.627000000000043,0.68,-1.0,,,9,0,8.0,2025
2025-08-26 09:00:00+00:00|1.0|sess_comp_exp_follow_london_h9_q0.3_tp06_sl065,2025-08-26 09:00:00+00:00,STAGE28A,data/reports/stage28a_discovery_factory_batch_runner/stage28a_exact_trades.csv,session_compression_expansion_v1,sess_comp_exp_follow_london_h9_q0.3_tp06_sl065,-2.3591499999998637,-3.409149999999863,-4.109149999999863,0,0,0,1,3.409149999999863,16.389999999999873,35.129999999999654,0.22687161969826014,12.58999999999969,0.030182684670346602,6.5300000000002,7.733000000000016,0.788,1.0,,,9,1,8.0,2025
2025-08-27 09:00:00+00:00|1.0|sess_comp_exp_follow_london_h9_q0.3_tp06_sl065,2025-08-27 09:00:00+00:00,STAGE28A,data/reports/stage28a_discovery_factory_batch_runner/stage28a_exact_trades.csv,session_compression_expansion_v1,sess_comp_exp_follow_london_h9_q0.3_tp06_sl065,-1.9759749999999257,-3.0259749999999257,-3.725974999999925,0,0,0,0,3.0259749999999257,42.19999999999982,13.800000000000182,0.7543478260869689,11.629999999999654,0.21066208082548113,4.789999999999964,6.10450000000003,0.4,1.0,,,9,2,8.0,2025
2025-08-28 09:00:00+00:00|1.0|sess_comp_exp_follow_london_h9_q0.3_tp06_sl065,2025-08-28 09:00:00+00:00,STAGE28A,data/reports/stage28a_discovery_factory_batch_runner/stage28a_exact_trades.csv,session_compression_expansion_v1,sess_comp_exp_follow_london_h9_q0.3_tp06_sl065,1.049499999999989,-0.0005000000000108,-0.7005000000000106,0,0,0,0,0.0005000000000108,25.049999999999727,15.08999999999969,0.3770709078860286,13.86999999999989,0.6560922855083227,3.0799999999999272,5.5294999999999845,0.256,1.0,,,9,3,8.0,2025
2025-08-29 09:00:00+00:00|-1.0|sess_comp_exp_follow_london_h9_q0.3_tp06_sl065,2025-08-29 09:00:00+00:00,STAGE28A,data/reports/stage28a_discovery_factory_batch_runner/stage28a_exact_trades.csv,session_compression_expansion_v1,sess_comp_exp_follow_london_h9_q0.3_tp06_sl065,0.9625,-0.0874999999999999,-0.7874999999999996,0,0,0,0,0.0874999999999999,38.56999999999971,10.489999999999782,0.5633937082936108,8.269999999999982,0.44740024183800253,3.8600000000001273,5.973499999999921,0.484,-1.0,,,9,4,8.0,2025
2025-09-03 09:00:00+00:00|1.0|sess_comp_exp_follow_london_h9_q0.3_tp06_sl065,2025-09-03 09:00:00+00:00,STAGE28A,data/reports/stage28a_discovery_factory_batch_runner/stage28a_exact_trades.csv,session_compression_expansion_v1,sess_comp_exp_follow_london_h9_q0.3_tp06_sl065,2.2755999999998493,1.2255999999998497,0.5255999999998497,1,1,1,0,1.2255999999998497,70.11000000000013,20.48999999999978,0.07369448511467934,14.86999999999989,0.24277067921991619,11.039999999999964,11.042000000000007,0.96,1.0,,,9,2,9.0,2025
2025-09-10 09:00:00+00:00|1.0|sess_comp_exp_follow_london_h9_q0.3_tp06_sl065,2025-09-10 09:00:00+00:00,STAGE28A,data/reports/stage28a_discovery_factory_batch_runner/stage28a_exact_trades.csv,session_compression_expansion_v1,sess_comp_exp_follow_london_h9_q0.3_tp06_sl065,-2.9714500000000954,-4.021450000000096,-4.721450000000095,0,0,0,1,4.021450000000096,48.75999999999976,21.710000000000036,0.044679871027167126,19.68000000000029,0.9563008130081243,5.429999999999836,11.112000000000013,0.82,1.0,,,9,2,9.0,2025
2025-09-15 09:00:00+00:00|-1.0|sess_comp_exp_follow_london_h9_q0.3_tp06_sl065,2025-09-15 09:00:00+00:00,STAGE28A,data/reports/stage28a_discovery_factory_batch_runner/stage28a_exact_trades.csv,session_compression_expansion_v1,sess_comp_exp_follow_london_h9_q0.3_tp06_sl065,1.5984999999999672,0.5484999999999673,-0.1515000000000324,1,0,1,0,0.5484999999999673,6.779999999999745,19.769999999999982,0.2063732928679783,13.239999999999782,0.3904833836857782,3.9299999999998363,6.329499999999962,0.012,-1.0,,,9,0,9.0,2025
2025-12-05 09:00:00+00:00|1.0|sess_comp_exp_follow_london_h9_q0.3_tp06_sl065,2025-12-05 09:00:00+00:00,STAGE28A,data/reports/stage28a_discovery_factory_batch_runner/stage28a_exact_trades.csv,session_compression_expansion_v1,sess_comp_exp_follow_london_h9_q0.3_tp06_sl065,2.5273000000001047,1.4773000000001049,0.7773000000001051,1,1,1,0,1.4773000000001049,44.17000000000007,22.579999999999927,0.47387068201952004,16.470000000000255,0.37279902853674757,10.760000000000218,10.202999999999975,0.096,1.0,,,9,4,12.0,2025
2025-12-08 09:00:00+00:00|-1.0|sess_comp_exp_follow_london_h9_q0.3_tp06_sl065,2025-12-08 09:00:00+00:00,STAGE28A,data/reports/stage28a_discovery_factory_batch_runner/stage28a_exact_trades.csv,session_compression_expansion_v1,sess_comp_exp_follow_london_h9_q0.3_tp06_sl065,2.3751999999998588,1.325199999999859,0.6251999999998592,1,1,1,0,1.325199999999859,15.210000000000036,19.06999999999971,0.39066596748819776,17.710000000000036,0.29587803500850823,6.8100000000004,13.956500000000187,0.472,-1.0,,,9,0,12.0,2025
2025-12-11 09:00:00+00:00|1.0|sess_comp_exp_follow_london_h9_q0.3_tp06_sl065,2025-12-11 09:00:00+00:00,STAGE28A,data/reports/stage28a_discovery_factory_batch_runner/stage28a_exact_trades.csv,session_compression_expansion_v1,sess_comp_exp_follow_london_h9_q0.3_tp06_sl065,3.151000000000204,2.101000000000204,1.401000000000204,1,1,1,0,2.101000000000204,56.650000000000546,39.13999999999942,0.4757281553398101,21.590000000000146,0.1491431218156662,11.170000000000073,13.791500000000042,0.68,1.0,,,9,3,12.0,2025
2025-12-18 09:00:00+00:00|-1.0|sess_comp_exp_follow_london_h9_q0.3_tp06_sl065,2025-12-18 09:00:00+00:00,STAGE28A,data/reports/stage28a_discovery_factory_batch_runner/stage28a_exact_trades.csv,session_compression_expansion_v1,sess_comp_exp_follow_london_h9_q0.3_tp06_sl065,-2.8892250000004425,-3.9392250000004414,-4.639225000000442,0,0,0,1,3.9392250000004414,47.26000000000022,18.51000000000022,0.390059427336584,16.73999999999978,0.3912783751493045,5.380000000000109,11.88150000000005,0.344,-1.0,,,9,3,12.0,2025
2025-12-19 09:00:00+00:00|1.0|sess_comp_exp_follow_london_h9_q0.3_tp06_sl065,2025-12-19 09:00:00+00:00,STAGE28A,data/reports/stage28a_discovery_factory_batch_runner/stage28a_exact_trades.csv,session_compression_expansion_v1,sess_comp_exp_follow_london_h9_q0.3_tp06_sl065,-3.420600000000013,-4.4706000000000135,-5.170600000000013,0,0,0,1,4.4706000000000135,65.72000000000025,27.599999999999454,0.44818840579710634,15.989999999999782,0.3089430894308735,7.720000000000255,15.361499999999888,0.912,1.0,,,9,4,12.0,2025
2025-12-26 09:00:00+00:00|1.0|sess_comp_exp_follow_london_h9_q0.3_tp06_sl065,2025-12-26 09:00:00+00:00,STAGE28A,data/reports/stage28a_discovery_factory_batch_runner/stage28a_exact_trades.csv,session_compression_expansion_v1,sess_comp_exp_follow_london_h9_q0.3_tp06_sl065,-4.740100000000529,-5.79010000000053,-6.490100000000529,0,0,0,1,5.79010000000053,30.289999999999964,61.48999999999978,0.22767929744674012,17.50999999999931,0.311250713877786,11.340000000000146,19.028999999999904,0.952,1.0,,,9,4,12.0,2025
2026-01-19 09:00:00+00:00|1.0|sess_comp_exp_follow_london_h9_q0.3_tp06_sl065,2026-01-19 09:00:00+00:00,STAGE28A,data/reports/stage28a_discovery_factory_batch_runner/stage28a_exact_trades.csv,session_compression_expansion_v1,sess_comp_exp_follow_london_h9_q0.3_tp06_sl065,3.329500000000189,2.2795000000001893,1.5795000000001895,1,1,1,0,2.2795000000001893,70.75,70.75,0.13371024734982384,17.730000000000473,0.0383530738860842,12.3100000000004,25.277000000000044,0.972,1.0,,,9,0,1.0,2026
2026-04-20 09:00:00+00:00|1.0|sess_comp_exp_follow_london_h9_q0.3_tp06_sl065,2026-04-20 09:00:00+00:00,STAGE28A,data/reports/stage28a_discovery_factory_batch_runner/stage28a_exact_trades.csv,session_compression_expansion_v1,sess_comp_exp_follow_london_h9_q0.3_tp06_sl065,-5.481099999999605,-6.531099999999606,-7.231099999999605,0,0,0,1,6.531099999999606,36.82000000000062,77.25,0.15093851132685895,26.13000000000011,0.027171833141983674,16.350000000000364,26.591000000000076,0.764,1.0,,,9,0,4.0,2026
2026-04-21 09:00:00+00:00|-1.0|sess_comp_exp_follow_london_h9_q0.3_tp06_sl065,2026-04-21 09:00:00+00:00,STAGE28A,data/reports/stage28a_discovery_factory_batch_runner/stage28a_exact_trades.csv,session_compression_expansion_v1,sess_comp_exp_follow_london_h9_q0.3_tp06_sl065,3.795400000000336,2.745400000000336,2.0454000000003365,1,1,1,0,2.745400000000336,90.67000000000007,40.399999999999636,0.7566831683168312,25.050000000000182,0.5417165668662519,13.679999999999382,15.084999999999946,0.064,-1.0,,,9,1,4.0,2026
2026-04-22 09:00:00+00:00|-1.0|sess_comp_exp_follow_london_h9_q0.3_tp06_sl065,2026-04-22 09:00:00+00:00,STAGE28A,data/reports/stage28a_discovery_factory_batch_runner/stage28a_exact_trades.csv,session_compression_expansion_v1,sess_comp_exp_follow_london_h9_q0.3_tp06_sl065,-4.726449999999749,-5.77644999999975,-6.476449999999749,0,0,0,1,5.77644999999975,164.42000000000007,49.36000000000058,0.7803889789302891,19.909999999999854,0.14364640883980928,19.67999999999938,24.95149999999999,0.816,-1.0,,,9,2,4.0,2026
2026-04-27 09:00:00+00:00|-1.0|sess_comp_exp_follow_london_h9_q0.3_tp06_sl065,2026-04-27 09:00:00+00:00,STAGE28A,data/reports/stage28a_discovery_factory_batch_runner/stage28a_exact_trades.csv,session_compression_expansion_v1,sess_comp_exp_follow_london_h9_q0.3_tp06_sl065,3.816400000000067,2.766400000000067,2.0664000000000677,1,1,1,0,2.766400000000067,19.25,57.220000000000255,0.6957357567284206,30.449999999999818,0.671592775041049,16.75,18.116500000000087,0.444,-1.0,,,9,0,4.0,2026
2026-05-13 09:00:00+00:00|1.0|sess_comp_exp_follow_london_h9_q0.3_tp06_sl065,2026-05-13 09:00:00+00:00,STAGE28A,data/reports/stage28a_discovery_factory_batch_runner/stage28a_exact_trades.csv,session_compression_expansion_v1,sess_comp_exp_follow_london_h9_q0.3_tp06_sl065,-5.159025000000474,-6.209025000000475,-6.909025000000474,0,0,0,1,6.209025000000475,134.8199999999997,38.69000000000051,0.5420005169294386,29.390000000000327,0.16570261993874913,13.460000000000036,17.222000000000026,0.22,1.0,,,9,2,5.0,2026
2026-05-19 09:00:00+00:00|-1.0|sess_comp_exp_follow_london_h9_q0.3_tp06_sl065,2026-05-19 09:00:00+00:00,STAGE28A,data/reports/stage28a_discovery_factory_batch_runner/stage28a_exact_trades.csv,session_compression_expansion_v1,sess_comp_exp_follow_london_h9_q0.3_tp06_sl065,5.178400000000147,4.128400000000147,3.4284000000001478,1,1,1,0,4.128400000000147,103.57999999999993,45.600000000000364,0.634210526315786,28.25999999999931,0.11075725406936256,15.489999999999782,19.042999999999893,0.488,-1.0,,,9,1,5.0,2026
2026-05-21 09:00:00+00:00|1.0|sess_comp_exp_follow_london_h9_q0.3_tp06_sl065,2026-05-21 09:00:00+00:00,STAGE28A,data/reports/stage28a_discovery_factory_batch_runner/stage28a_exact_trades.csv,session_compression_expansion_v1,sess_comp_exp_follow_london_h9_q0.3_tp06_sl065,4.748500000000059,3.6985000000000574,2.9985000000000586,1,1,1,0,3.6985000000000574,98.85000000000036,43.460000000000036,0.26346065347445485,31.13000000000011,0.08833922261484067,21.610000000000582,18.68649999999993,0.392,1.0,,,9,3,5.0,2026
2026-05-22 09:00:00+00:00|-1.0|sess_comp_exp_follow_london_h9_q0.3_tp06_sl065,2026-05-22 09:00:00+00:00,STAGE28A,data/reports/stage28a_discovery_factory_batch_runner/stage28a_exact_trades.csv,session_compression_expansion_v1,sess_comp_exp_follow_london_h9_q0.3_tp06_sl065,4.0399000000001255,2.989900000000125,2.289900000000125,1,1,1,0,2.989900000000125,81.88999999999942,27.229999999999563,0.5233198677928839,28.420000000000073,0.09570724841661674,26.829999999999927,17.29299999999994,0.204,-1.0,,,9,4,5.0,2026
2026-05-25 09:00:00+00:00|-1.0|sess_comp_exp_follow_london_h9_q0.3_tp06_sl065,2026-05-25 09:00:00+00:00,STAGE28A,data/reports/stage28a_discovery_factory_batch_runner/stage28a_exact_trades.csv,session_compression_expansion_v1,sess_comp_exp_follow_london_h9_q0.3_tp06_sl065,-4.583124999999745,-5.633124999999746,-6.333124999999745,0,0,0,1,5.633124999999746,23.219999999999345,37.50999999999931,0.1343641695547869,18.550000000000182,0.42318059299188016,13.829999999999927,15.089999999999918,0.044,-1.0,,,9,0,5.0,2026
2026-05-26 09:00:00+00:00|-1.0|sess_comp_exp_follow_london_h9_q0.3_tp06_sl065,2026-05-26 09:00:00+00:00,STAGE28A,data/reports/stage28a_discovery_factory_batch_runner/stage28a_exact_trades.csv,session_compression_expansion_v1,sess_comp_exp_follow_london_h9_q0.3_tp06_sl065,-4.328974999999991,-5.378974999999992,-6.078974999999991,0,0,0,1,5.378974999999992,37.50999999999931,52.36999999999989,0.6265037235058329,30.970000000000255,0.6293186955117733,11.94000000000051,13.159499999999934,0.076,-1.0,,,9,1,5.0,2026
2026-05-28 09:00:00+00:00|1.0|sess_comp_exp_follow_london_h9_q0.3_tp06_sl065,2026-05-28 09:00:00+00:00,STAGE28A,data/reports/stage28a_discovery_factory_batch_runner/stage28a_exact_trades.csv,session_compression_expansion_v1,sess_comp_exp_follow_london_h9_q0.3_tp06_sl065,6.650500000000102,5.6005000000001015,4.900500000000102,1,1,1,0,5.6005000000001015,126.31999999999971,97.43000000000029,0.8483013445550589,32.26000000000022,0.5855548667079755,28.549999999999272,22.367999999999803,0.876,1.0,,,9,3,5.0,2026
2026-05-29 09:00:00+00:00|1.0|sess_comp_exp_follow_london_h9_q0.3_tp06_sl065,2026-05-29 09:00:00+00:00,STAGE28A,data/reports/stage28a_discovery_factory_batch_runner/stage28a_exact_trades.csv,session_compression_expansion_v1,sess_comp_exp_follow_london_h9_q0.3_tp06_sl065,3.937000000000262,2.887000000000262,2.1870000000002623,1,1,1,0,2.887000000000262,149.91000000000076,31.609999999999673,0.3144574501739862,38.23000000000047,0.7737379021710583,12.970000000000255,18.526000000000067,0.472,1.0,,,9,4,5.0,2026
2026-06-04 09:00:00+00:00|-1.0|sess_comp_exp_follow_london_h9_q0.3_tp06_sl065,2026-06-04 09:00:00+00:00,STAGE28A,data/reports/stage28a_discovery_factory_batch_runner/stage28a_exact_trades.csv,session_compression_expansion_v1,sess_comp_exp_follow_london_h9_q0.3_tp06_sl065,4.763800000000083,3.713800000000083,3.0138000000000837,1,1,1,0,3.713800000000083,70.15000000000055,52.960000000000036,0.2736027190332283,25.360000000000582,0.2602523659305719,15.300000000000182,19.105499999999893,0.828,-1.0,,,9,3,6.0,2026
2026-06-09 09:00:00+00:00|-1.0|sess_comp_exp_follow_london_h9_q0.3_tp06_sl065,2026-06-09 09:00:00+00:00,STAGE28A,data/reports/stage28a_discovery_factory_batch_runner/stage28a_exact_trades.csv,session_compression_expansion_v1,sess_comp_exp_follow_london_h9_q0.3_tp06_sl065,-5.422275000000445,-6.472275000000446,-7.172275000000445,0,0,0,1,6.472275000000446,84.51999999999953,29.149999999999636,0.2957118353344768,30.11999999999989,0.13313413014609007,20.789999999999964,15.9074999999998,0.232,-1.0,,,9,1,6.0,2026
2022-07-22 12:00:00+00:00|1.0|vol_trans_follow_h1_low_to_high_h12_tp06_sl065,2022-07-22 12:00:00+00:00,STAGE28A,data/reports/stage28a_discovery_factory_batch_runner/stage28a_exact_trades.csv,volatility_transition_v1,vol_trans_follow_h1_low_to_high_h12_tp06_sl065,0.8655999999999949,-0.184400000000005,-0.8844000000000047,0,0,0,0,0.184400000000005,39.34999999999991,6.4500000000000455,0.5581395348837029,12.649999999999864,0.8426877470355887,3.75,4.2940000000000165,0.46,1.0,,,12,4,7.0,2022
2022-07-25 12:00:00+00:00|1.0|vol_trans_follow_h1_low_to_high_h12_tp06_sl065,2022-07-25 12:00:00+00:00,STAGE28A,data/reports/stage28a_discovery_factory_batch_runner/stage28a_exact_trades.csv,volatility_transition_v1,vol_trans_follow_h1_low_to_high_h12_tp06_sl065,-1.4735249999999724,-2.5235249999999723,-3.223524999999972,0,0,0,0,2.5235249999999723,1.5700000000001637,8.950000000000045,0.13854748603351988,12.480000000000018,0.5993589743589749,4.970000000000027,4.344500000000005,0.436,1.0,,,12,0,7.0,2022
2022-07-28 12:00:00+00:00|1.0|vol_trans_follow_h1_low_to_high_h12_tp06_sl065,2022-07-28 12:00:00+00:00,STAGE28A,data/reports/stage28a_discovery_factory_batch_runner/stage28a_exact_trades.csv,volatility_transition_v1,vol_trans_follow_h1_low_to_high_h12_tp06_sl065,0.9483999999999014,-0.1016000000000985,-0.8016000000000982,0,0,0,0,0.1016000000000985,28.660000000000082,7.730000000000018,0.18111254851230113,13.089999999999918,0.32773109243697407,5.169999999999845,4.837999999999999,0.736,1.0,,,12,3,7.0,2022
2022-07-29 12:00:00+00:00|-1.0|vol_trans_follow_h1_low_to_high_h12_tp06_sl065,2022-07-29 12:00:00+00:00,STAGE28A,data/reports/stage28a_discovery_factory_batch_runner/stage28a_exact_trades.csv,volatility_transition_v1,vol_trans_follow_h1_low_to_high_h12_tp06_sl065,-1.7410000000000765,-2.7910000000000763,-3.491000000000076,0,0,0,0,2.7910000000000763,23.1400000000001,11.269999999999982,0.6752440106477295,11.579999999999927,0.22625215889465758,4.569999999999936,4.194999999999982,0.512,-1.0,,,12,4,7.0,2022
2022-08-01 12:00:00+00:00|1.0|vol_trans_follow_h1_low_to_high_h12_tp06_sl065,2022-08-01 12:00:00+00:00,STAGE28A,data/reports/stage28a_discovery_factory_batch_runner/stage28a_exact_trades.csv,volatility_transition_v1,vol_trans_follow_h1_low_to_high_h12_tp06_sl065,0.7984000000000379,-0.2515999999999621,-0.9515999999999618,0,0,0,0,0.2515999999999621,2.3300000000001546,5.310000000000173,0.20527306967982725,15.36999999999989,0.7391021470396865,4.8900000000001,4.195000000000027,0.532,1.0,,,12,0,8.0,2022
2022-08-02 12:00:00+00:00|1.0|vol_trans_follow_h1_low_to_high_h12_tp06_sl065,2022-08-02 12:00:00+00:00,STAGE28A,data/reports/stage28a_discovery_factory_batch_runner/stage28a_exact_trades.csv,volatility_transition_v1,vol_trans_follow_h1_low_to_high_h12_tp06_sl065,0.8245000000000801,-0.2254999999999198,-0.9254999999999196,0,0,0,0,0.2254999999999198,16.699999999999818,9.649999999999864,0.30880829015544664,7.150000000000091,0.008391608391600653,3.8199999999999363,4.048500000000024,0.48,1.0,,,12,1,8.0,2022
2022-08-03 12:00:00+00:00|-1.0|vol_trans_follow_h1_low_to_high_h12_tp06_sl065,2022-08-03 12:00:00+00:00,STAGE28A,data/reports/stage28a_discovery_factory_batch_runner/stage28a_exact_trades.csv,volatility_transition_v1,vol_trans_follow_h1_low_to_high_h12_tp06_sl065,0.868599999999924,-0.1814000000000759,-0.8814000000000757,0,0,0,0,0.1814000000000759,28.529999999999973,14.2800000000002,0.6435574229691825,6.519999999999982,0.4647239263803652,4.230000000000018,5.412500000000011,0.888,-1.0,,,12,2,8.0,2022
2022-08-04 12:00:00+00:00|1.0|vol_trans_follow_h1_low_to_high_h12_tp06_sl065,2022-08-04 12:00:00+00:00,STAGE28A,data/reports/stage28a_discovery_factory_batch_runner/stage28a_exact_trades.csv,volatility_transition_v1,vol_trans_follow_h1_low_to_high_h12_tp06_sl065,-1.5297500000000128,-2.5797500000000126,-3.2797500000000124,0,0,0,0,2.5797500000000126,18.460000000000036,8.320000000000164,0.889423076923043,11.079999999999927,0.8086642599278064,4.1400000000001,3.7015000000000327,0.156,1.0,,,12,3,8.0,2022
2022-08-05 12:00:00+00:00|-1.0|vol_trans_follow_h1_low_to_high_h12_tp06_sl065,2022-08-05 12:00:00+00:00,STAGE28A,data/reports/stage28a_discovery_factory_batch_runner/stage28a_exact_trades.csv,volatility_transition_v1,vol_trans_follow_h1_low_to_high_h12_tp06_sl065,0.8013999999999669,-0.248600000000033,-0.9486000000000328,0,0,0,0,0.248600000000033,31.680000000000064,6.100000000000136,0.19180327868853222,7.569999999999936,0.7384412153236414,5.240000000000009,3.774500000000046,0.192,-1.0,,,12,4,8.0,2022
2022-08-11 12:00:00+00:00|1.0|vol_trans_follow_h1_low_to_high_h12_tp06_sl065,2022-08-11 12:00:00+00:00,STAGE28A,data/reports/stage28a_discovery_factory_batch_runner/stage28a_exact_trades.csv,volatility_transition_v1,vol_trans_follow_h1_low_to_high_h12_tp06_sl065,-1.543400000000111,-2.5934000000001105,-3.2934000000001102,0,0,0,0,2.5934000000001105,20.269999999999982,8.3900000000001,0.6376638855780506,6.789999999999964,0.6465390279823117,4.180000000000064,3.6825000000000045,0.208,1.0,,,12,3,8.0,2022
2022-08-12 12:00:00+00:00|-1.0|vol_trans_follow_h1_low_to_high_h12_tp06_sl065,2022-08-12 12:00:00+00:00,STAGE28A,data/reports/stage28a_discovery_factory_batch_runner/stage28a_exact_trades.csv,volatility_transition_v1,vol_trans_follow_h1_low_to_high_h12_tp06_sl065,-1.432249999999931,-2.482249999999931,-3.1822499999999305,0,0,0,0,2.482249999999931,15.679999999999836,5.190000000000055,0.6358381502890019,8.059999999999945,0.440446650124095,3.689999999999827,3.7510000000000105,0.256,-1.0,,,12,4,8.0,2022
2022-08-29 12:00:00+00:00|1.0|vol_trans_follow_h1_low_to_high_h12_tp06_sl065,2022-08-29 12:00:00+00:00,STAGE28A,data/reports/stage28a_discovery_factory_batch_runner/stage28a_exact_trades.csv,volatility_transition_v1,vol_trans_follow_h1_low_to_high_h12_tp06_sl065,-1.4725500000000469,-2.5225500000000465,-3.222550000000046,0,0,0,0,2.5225500000000465,3.8599999999999,15.049999999999955,0.7495016611295685,5.519999999999982,0.24456521739132986,2.8599999999999,4.907999999999982,0.972,1.0,,,12,0,8.0,2022
2022-08-30 12:00:00+00:00|1.0|vol_trans_follow_h1_low_to_high_h12_tp06_sl065,2022-08-30 12:00:00+00:00,STAGE28A,data/reports/stage28a_discovery_factory_batch_runner/stage28a_exact_trades.csv,volatility_transition_v1,vol_trans_follow_h1_low_to_high_h12_tp06_sl065,-1.670799999999963,-2.720799999999963,-3.4207999999999625,0,0,0,0,2.720799999999963,25.179999999999836,6.619999999999891,0.38670694864051586,8.840000000000146,0.07352941176468925,6.4500000000000455,3.446499999999992,0.452,1.0,,,12,1,8.0,2022
2022-09-01 12:00:00+00:00|-1.0|vol_trans_follow_h1_low_to_high_h12_tp06_sl065,2022-09-01 12:00:00+00:00,STAGE28A,data/reports/stage28a_discovery_factory_batch_runner/stage28a_exact_trades.csv,volatility_transition_v1,vol_trans_follow_h1_low_to_high_h12_tp06_sl065,0.8469999999998891,-0.2030000000001108,-0.9030000000001106,0,0,0,0,0.2030000000001108,16.909999999999854,9.11999999999989,0.7225877192982453,8.200000000000045,0.14878048780488054,4.5900000000001455,4.0764999999999985,0.788,-1.0,,,12,3,9.0,2022
2022-09-02 12:00:00+00:00|1.0|vol_trans_follow_h1_low_to_high_h12_tp06_sl065,2022-09-02 12:00:00+00:00,STAGE28A,data/reports/stage28a_discovery_factory_batch_runner/stage28a_exact_trades.csv,volatility_transition_v1,vol_trans_follow_h1_low_to_high_h12_tp06_sl065,0.4518999999999323,-0.5981000000000676,-1.298100000000067,0,0,0,0,0.5981000000000676,22.61999999999989,5.330000000000155,0.7448405253283137,8.539999999999964,0.8723653395784368,2.519999999999982,3.678000000000009,0.488,1.0,,,12,4,9.0,2022
2022-09-05 12:00:00+00:00|1.0|vol_trans_follow_h1_low_to_high_h12_tp06_sl065,2022-09-05 12:00:00+00:00,STAGE28A,data/reports/stage28a_discovery_factory_batch_runner/stage28a_exact_trades.csv,volatility_transition_v1,vol_trans_follow_h1_low_to_high_h12_tp06_sl065,0.7231000000000677,-0.3268999999999322,-1.026899999999932,0,0,0,0,0.3268999999999322,1.9400000000000546,5.160000000000082,0.354651162790722,6.2999999999999545,0.3365079365079216,3.380000000000109,3.6535000000000197,0.424,1.0,,,12,0,9.0,2022
2022-09-06 12:00:00+00:00|-1.0|vol_trans_follow_h1_low_to_high_h12_tp06_sl065,2022-09-06 12:00:00+00:00,STAGE28A,data/reports/stage28a_discovery_factory_batch_runner/stage28a_exact_trades.csv,volatility_transition_v1,vol_trans_follow_h1_low_to_high_h12_tp06_sl065,-1.6188000000000555,-2.668800000000056,-3.3688000000000557,0,0,0,0,2.668800000000056,8.049999999999955,16.909999999999854,0.2950916617386193,9.699999999999818,0.6608247422680621,3.3199999999999363,3.561999999999989,0.416,-1.0,,,12,1,9.0,2022
2022-09-07 12:00:00+00:00|1.0|vol_trans_follow_h1_low_to_high_h12_tp06_sl065,2022-09-07 12:00:00+00:00,STAGE28A,data/reports/stage28a_discovery_factory_batch_runner/stage28a_exact_trades.csv,volatility_transition_v1,vol_trans_follow_h1_low_to_high_h12_tp06_sl065,0.9480999999999769,-0.1019000000000232,-0.8019000000000229,0,0,0,0,0.1019000000000232,26.909999999999854,11.450000000000045,0.618340611353703,15.829999999999927,0.8597599494630425,3.730000000000018,4.347000000000014,0.776,1.0,,,12,2,9.0,2022
2022-09-08 12:00:00+00:00|1.0|vol_trans_follow_h1_low_to_high_h12_tp06_sl065,2022-09-08 12:00:00+00:00,STAGE28A,data/reports/stage28a_discovery_factory_batch_runner/stage28a_exact_trades.csv,volatility_transition_v1,vol_trans_follow_h1_low_to_high_h12_tp06_sl065,0.7680999999999131,-0.2819000000000868,-0.9819000000000866,0,0,0,0,0.2819000000000868,28.09999999999991,5.789999999999964,0.6269430051813699,8.8900000000001,0.6850393700787488,3.3299999999999272,3.8310000000000173,0.464,1.0,,,12,3,9.0,2022
2022-09-09 12:00:00+00:00|1.0|vol_trans_follow_h1_low_to_high_h12_tp06_sl065,2022-09-09 12:00:00+00:00,STAGE28A,data/reports/stage28a_discovery_factory_batch_runner/stage28a_exact_trades.csv,volatility_transition_v1,vol_trans_follow_h1_low_to_high_h12_tp06_sl065,0.8994999999998982,-0.1505000000001017,-0.8505000000001015,0,0,0,0,0.1505000000001017,24.13000000000011,12.230000000000018,0.821749795584623,11.269999999999982,0.7080745341614935,2.6200000000001182,3.667999999999995,0.324,1.0,,,12,4,9.0,2022
2022-09-12 12:00:00+00:00|1.0|vol_trans_follow_h1_low_to_high_h12_tp06_sl065,2022-09-12 12:00:00+00:00,STAGE28A,data/reports/stage28a_discovery_factory_batch_runner/stage28a_exact_trades.csv,volatility_transition_v1,vol_trans_follow_h1_low_to_high_h12_tp06_sl065,-1.8082749999999577,-2.8582749999999577,-3.558274999999957,0,0,0,0,2.8582749999999577,3.480000000000018,7.889999999999873,0.7553865652725137,15.549999999999955,0.7491961414790931,3.9200000000000728,3.933499999999981,0.444,1.0,,,12,0,9.0,2022
2022-09-13 12:00:00+00:00|1.0|vol_trans_follow_h1_low_to_high_h12_tp06_sl065,2022-09-13 12:00:00+00:00,STAGE28A,data/reports/stage28a_discovery_factory_batch_runner/stage28a_exact_trades.csv,volatility_transition_v1,vol_trans_follow_h1_low_to_high_h12_tp06_sl065,0.6541000000001077,-0.3958999999998922,-1.095899999999892,0,0,0,0,0.3958999999998922,23.170000000000073,6.830000000000155,0.5710102489019038,8.160000000000082,0.6580882352940977,4.1400000000001,3.6080000000000156,0.256,1.0,,,12,1,9.0,2022
2022-09-14 12:00:00+00:00|1.0|vol_trans_follow_h1_low_to_high_h12_tp06_sl065,2022-09-14 12:00:00+00:00,STAGE28A,data/reports/stage28a_discovery_factory_batch_runner/stage28a_exact_trades.csv,volatility_transition_v1,vol_trans_follow_h1_low_to_high_h12_tp06_sl065,-1.735150000000067,-2.785150000000067,-3.4851500000000666,0,0,0,0,2.785150000000067,34.73000000000002,6.289999999999964,0.25119236883941753,7.259999999999991,0.6170798898071658,3.0800000000001546,4.040500000000042,0.484,1.0,,,12,2,9.0,2022
2022-09-16 12:00:00+00:00|1.0|vol_trans_follow_h1_low_to_high_h12_tp06_sl065,2022-09-16 12:00:00+00:00,STAGE28A,data/reports/stage28a_discovery_factory_batch_runner/stage28a_exact_trades.csv,volatility_transition_v1,vol_trans_follow_h1_low_to_high_h12_tp06_sl065,-1.6561749999999391,-2.706174999999939,-3.406174999999939,0,0,0,0,2.706174999999939,37.899999999999864,6.4500000000000455,0.26976744186046464,12.11999999999989,0.3902640264026453,5.889999999999873,5.428999999999985,0.944,1.0,,,12,4,9.0,2022
2022-09-19 12:00:00+00:00|-1.0|vol_trans_follow_h1_low_to_high_h12_tp06_sl065,2022-09-19 12:00:00+00:00,STAGE28A,data/reports/stage28a_discovery_factory_batch_runner/stage28a_exact_trades.csv,volatility_transition_v1,vol_trans_follow_h1_low_to_high_h12_tp06_sl065,0.916900000000078,-0.133099999999922,-0.8330999999999218,0,0,0,0,0.133099999999922,4.819999999999936,11.710000000000036,0.7856532877882166,10.049999999999955,0.5353233830845677,5.810000000000173,4.7430000000000065,0.752,-1.0,,,12,0,9.0,2022
2022-09-21 12:00:00+00:00|1.0|vol_trans_follow_h1_low_to_high_h12_tp06_sl065,2022-09-21 12:00:00+00:00,STAGE28A,data/reports/stage28a_discovery_factory_batch_runner/stage28a_exact_trades.csv,volatility_transition_v1,vol_trans_follow_h1_low_to_high_h12_tp06_sl065,-1.7926750000000085,-2.8426750000000083,-3.542675000000008,0,0,0,0,2.8426750000000083,19.49000000000001,4.599999999999909,0.31304347826083817,14.440000000000055,0.6606648199445934,2.730000000000018,3.4695000000000276,0.14,1.0,,,12,2,9.0,2022
2022-09-22 12:00:00+00:00|1.0|vol_trans_follow_h1_low_to_high_h12_tp06_sl065,2022-09-22 12:00:00+00:00,STAGE28A,data/reports/stage28a_discovery_factory_batch_runner/stage28a_exact_trades.csv,volatility_transition_v1,vol_trans_follow_h1_low_to_high_h12_tp06_sl065,-2.5769000000001143,-3.626900000000114,-4.326900000000114,0,0,0,1,3.626900000000114,34.13999999999987,16.600000000000136,0.6379518072289055,22.539999999999964,0.2666370896184561,20.180000000000064,7.443499999999983,1.0,1.0,,,12,3,9.0,2022
2022-09-23 12:00:00+00:00|-1.0|vol_trans_follow_h1_low_to_high_h12_tp06_sl065,2022-09-23 12:00:00+00:00,STAGE28A,data/reports/stage28a_discovery_factory_batch_runner/stage28a_exact_trades.csv,volatility_transition_v1,vol_trans_follow_h1_low_to_high_h12_tp06_sl065,0.8860000000001037,-0.1639999999998962,-0.863999999999896,0,0,0,0,0.1639999999998962,29.309999999999945,7.279999999999973,0.2967032967033091,21.38000000000011,0.5673526660430225,7.470000000000027,3.96400000000001,0.412,-1.0,,,12,4,9.0,2022
2022-09-26 12:00:00+00:00|1.0|vol_trans_follow_h1_low_to_high_h12_tp06_sl065,2022-09-26 12:00:00+00:00,STAGE28A,data/reports/stage28a_discovery_factory_batch_runner/stage28a_exact_trades.csv,volatility_transition_v1,vol_trans_follow_h1_low_to_high_h12_tp06_sl065,-2.618824999999879,-3.668824999999879,-4.368824999999879,0,0,0,1,3.668824999999879,5.389999999999873,19.279999999999973,0.29253112033195583,15.199999999999818,0.22434210526316598,4.809999999999945,6.820499999999981,0.944,1.0,,,12,0,9.0,2022
2022-09-27 12:00:00+00:00|-1.0|vol_trans_follow_h1_low_to_high_h12_tp06_sl065,2022-09-27 12:00:00+00:00,STAGE28A,data/reports/stage28a_discovery_factory_batch_runner/stage28a_exact_trades.csv,volatility_transition_v1,vol_trans_follow_h1_low_to_high_h12_tp06_sl065,-1.852475000000004,-2.902475000000004,-3.602475000000004,0,0,0,0,2.902475000000004,28.61999999999989,10.209999999999809,0.36924583741430483,9.63000000000011,0.1921079958463256,4.270000000000209,4.857499999999971,0.48,-1.0,,,12,1,9.0,2022
2022-09-28 12:00:00+00:00|-1.0|vol_trans_follow_h1_low_to_high_h12_tp06_sl065,2022-09-28 12:00:00+00:00,STAGE28A,data/reports/stage28a_discovery_factory_batch_runner/stage28a_exact_trades.csv,volatility_transition_v1,vol_trans_follow_h1_low_to_high_h12_tp06_sl065,-2.100450000000001,-3.1504500000000006,-3.85045,0,0,0,1,3.1504500000000006,19.6099999999999,7.720000000000027,0.6968911917098268,10.920000000000073,0.7225274725274768,5.779999999999973,4.15250000000002,0.348,-1.0,,,12,2,9.0,2022
2022-09-29 12:00:00+00:00|-1.0|vol_trans_follow_h1_low_to_high_h12_tp06_sl065,2022-09-29 12:00:00+00:00,STAGE28A,data/reports/stage28a_discovery_factory_batch_runner/stage28a_exact_trades.csv,volatility_transition_v1,vol_trans_follow_h1_low_to_high_h12_tp06_sl065,1.180899999999974,0.1308999999999742,-0.5691000000000255,1,0,0,0,0.1308999999999742,47.98000000000002,7.710000000000036,0.4137483787289286,13.070000000000164,0.5057383320581345,4.529999999999973,5.277500000000009,0.52,-1.0,,,12,3,9.0,2022
2022-09-30 12:00:00+00:00|-1.0|vol_trans_follow_h1_low_to_high_h12_tp06_sl065,2022-09-30 12:00:00+00:00,STAGE28A,data/reports/stage28a_discovery_factory_batch_runner/stage28a_exact_trades.csv,volatility_transition_v1,vol_trans_follow_h1_low_to_high_h12_tp06_sl065,-2.0055499999999484,-3.0555499999999483,-3.755549999999948,0,0,0,0,3.0555499999999483,23.40000000000009,5.970000000000027,0.15577889447237175,12.980000000000018,0.41063174114022705,4.539999999999964,4.628499999999974,0.388,-1.0,,,12,4,9.0,2022
2022-10-03 12:00:00+00:00|-1.0|vol_trans_follow_h1_low_to_high_h12_tp06_sl065,2022-10-03 12:00:00+00:00,STAGE28A,data/reports/stage28a_discovery_factory_batch_runner/stage28a_exact_trades.csv,volatility_transition_v1,vol_trans_follow_h1_low_to_high_h12_tp06_sl065,1.0668999999999411,0.0168999999999415,-0.6831000000000582,1,0,0,0,0.0168999999999415,4.540000000000191,8.75,0.07314285714286857,8.669999999999845,0.26758938869665255,4.569999999999936,4.359000000000037,0.312,-1.0,,,12,0,10.0,2022
2022-10-04 12:00:00+00:00|1.0|vol_trans_follow_h1_low_to_high_h12_tp06_sl065,2022-10-04 12:00:00+00:00,STAGE28A,data/reports/stage28a_discovery_factory_batch_runner/stage28a_exact_trades.csv,volatility_transition_v1,vol_trans_follow_h1_low_to_high_h12_tp06_sl065,1.3099000000001069,0.259900000000107,-0.4400999999998927,1,0,1,0,0.259900000000107,41.819999999999936,7.339999999999918,0.08446866485012232,13.170000000000073,0.6522399392558748,4.259999999999991,5.775000000000011,0.648,1.0,,,12,1,10.0,2022
2022-10-05 12:00:00+00:00|-1.0|vol_trans_follow_h1_low_to_high_h12_tp06_sl065,2022-10-05 12:00:00+00:00,STAGE28A,data/reports/stage28a_discovery_factory_batch_runner/stage28a_exact_trades.csv,volatility_transition_v1,vol_trans_follow_h1_low_to_high_h12_tp06_sl065,1.395100000000093,0.3451000000000932,-0.3548999999999065,1,0,1,0,0.3451000000000932,34.200000000000045,8.230000000000018,0.7095990279465255,21.699999999999818,0.5949308755760456,6.6599999999998545,5.135999999999967,0.452,-1.0,,,12,2,10.0,2022
2022-10-06 12:00:00+00:00|-1.0|vol_trans_follow_h1_low_to_high_h12_tp06_sl065,2022-10-06 12:00:00+00:00,STAGE28A,data/reports/stage28a_discovery_factory_batch_runner/stage28a_exact_trades.csv,volatility_transition_v1,vol_trans_follow_h1_low_to_high_h12_tp06_sl065,1.2552999999999428,0.2052999999999429,-0.4947000000000567,1,0,1,0,0.2052999999999429,27.309999999999945,9.439999999999827,0.6430084745762762,12.129999999999882,0.6158285243198763,10.789999999999964,4.537500000000023,0.2,-1.0,,,12,3,10.0,2022
2022-10-07 12:00:00+00:00|1.0|vol_trans_follow_h1_low_to_high_h12_tp06_sl065,2022-10-07 12:00:00+00:00,STAGE28A,data/reports/stage28a_discovery_factory_batch_runner/stage28a_exact_trades.csv,volatility_transition_v1,vol_trans_follow_h1_low_to_high_h12_tp06_sl065,-1.7462000000001354,-2.7962000000001352,-3.496200000000135,0,0,0,0,2.7962000000001352,18.649999999999864,4.269999999999982,0.4637002341920437,6.3900000000001,0.45539906103283395,4.350000000000136,3.736000000000024,0.008,1.0,,,12,4,10.0,2022
2022-10-10 12:00:00+00:00|-1.0|vol_trans_follow_h1_low_to_high_h12_tp06_sl065,2022-10-10 12:00:00+00:00,STAGE28A,data/reports/stage28a_discovery_factory_batch_runner/stage28a_exact_trades.csv,volatility_transition_v1,vol_trans_follow_h1_low_to_high_h12_tp06_sl065,1.2178000000000335,0.1678000000000339,-0.5321999999999658,1,0,1,0,0.1678000000000339,4.789999999999964,12.700000000000045,0.6787401574803039,11.519999999999982,0.7282986111111209,3.75,4.814499999999964,0.388,-1.0,,,12,0,10.0,2022
2022-10-11 12:00:00+00:00|1.0|vol_trans_follow_h1_low_to_high_h12_tp06_sl065,2022-10-11 12:00:00+00:00,STAGE28A,data/reports/stage28a_discovery_factory_batch_runner/stage28a_exact_trades.csv,volatility_transition_v1,vol_trans_follow_h1_low_to_high_h12_tp06_sl065,1.1536000000000055,0.1036000000000059,-0.5963999999999938,1,0,0,0,0.1036000000000059,34.23000000000002,12.269999999999982,0.37734311328444303,7.810000000000173,0.20102432778487855,5.519999999999982,4.212000000000001,0.116,1.0,,,12,1,10.0,2022
2022-10-12 12:00:00+00:00|1.0|vol_trans_follow_h1_low_to_high_h12_tp06_sl065,2022-10-12 12:00:00+00:00,STAGE28A,data/reports/stage28a_discovery_factory_batch_runner/stage28a_exact_trades.csv,volatility_transition_v1,vol_trans_follow_h1_low_to_high_h12_tp06_sl065,1.1427999999999885,0.0927999999999884,-0.6072000000000113,1,0,0,0,0.0927999999999884,22.8900000000001,5.490000000000009,0.14207650273223524,10.549999999999955,0.45118483412322385,4.5499999999999545,5.20250000000002,0.612,1.0,,,12,2,10.0,2022
2022-10-14 12:00:00+00:00|-1.0|vol_trans_follow_h1_low_to_high_h12_tp06_sl065,2022-10-14 12:00:00+00:00,STAGE28A,data/reports/stage28a_discovery_factory_batch_runner/stage28a_exact_trades.csv,volatility_transition_v1,vol_trans_follow_h1_low_to_high_h12_tp06_sl065,-1.9230000000000929,-2.9730000000000927,-3.673000000000093,0,0,0,0,2.9730000000000927,40.01999999999998,11.259999999999991,0.3028419182948565,21.539999999999964,0.7000928505106861,6.710000000000036,5.804999999999995,0.844,-1.0,,,12,4,10.0,2022
2022-10-17 12:00:00+00:00|-1.0|vol_trans_follow_h1_low_to_high_h12_tp06_sl065,2022-10-17 12:00:00+00:00,STAGE28A,data/reports/stage28a_discovery_factory_batch_runner/stage28a_exact_trades.csv,volatility_transition_v1,vol_trans_follow_h1_low_to_high_h12_tp06_sl065,-1.8069750000000568,-2.8569750000000567,-3.5569750000000564,0,0,0,0,2.8569750000000567,4.039999999999964,9.529999999999973,0.4952780692549885,9.61999999999989,0.7079002079002102,4.2000000000000455,4.9164999999999965,0.456,-1.0,,,12,0,10.0,2022
2022-10-18 12:00:00+00:00|-1.0|vol_trans_follow_h1_low_to_high_h12_tp06_sl065,2022-10-18 12:00:00+00:00,STAGE28A,data/reports/stage28a_discovery_factory_batch_runner/stage28a_exact_trades.csv,volatility_transition_v1,vol_trans_follow_h1_low_to_high_h12_tp06_sl065,1.2040000000000872,0.1540000000000874,-0.5459999999999123,1,0,1,0,0.1540000000000874,25.279999999999973,4.639999999999873,0.4008620689655067,12.230000000000018,0.039247751430909035,7.810000000000173,4.216499999999996,0.148,-1.0,,,12,1,10.0,2022
2022-10-19 12:00:00+00:00|-1.0|vol_trans_follow_h1_low_to_high_h12_tp06_sl065,2022-10-19 12:00:00+00:00,STAGE28A,data/reports/stage28a_discovery_factory_batch_runner/stage28a_exact_trades.csv,volatility_transition_v1,vol_trans_follow_h1_low_to_high_h12_tp06_sl065,1.1763999999999668,0.1263999999999669,-0.5736000000000328,1,0,0,0,0.1263999999999669,15.049999999999955,5.379999999999882,0.6189591078067338,11.819999999999936,0.6142131979695457,5.620000000000118,3.9754999999999656,0.12,-1.0,,,12,2,10.0,2022
2022-10-20 12:00:00+00:00|-1.0|vol_trans_follow_h1_low_to_high_h12_tp06_sl065,2022-10-20 12:00:00+00:00,STAGE28A,data/reports/stage28a_discovery_factory_batch_runner/stage28a_exact_trades.csv,volatility_transition_v1,vol_trans_follow_h1_low_to_high_h12_tp06_sl065,1.224100000000044,0.1741000000000441,-0.5258999999999556,1,0,1,0,0.1741000000000441,26.74000000000001,7.850000000000136,0.21910828025477674,10.799999999999955,0.7990740740740876,4.6400000000001,3.7145000000000095,0.068,-1.0,,,12,3,10.0,2022
2022-10-21 12:00:00+00:00|-1.0|vol_trans_follow_h1_low_to_high_h12_tp06_sl065,2022-10-21 12:00:00+00:00,STAGE28A,data/reports/stage28a_discovery_factory_batch_runner/stage28a_exact_trades.csv,volatility_transition_v1,vol_trans_follow_h1_low_to_high_h12_tp06_sl065,1.1101000000000112,0.0601000000000113,-0.6398999999999884,1,0,0,0,0.0601000000000113,23.12000000000012,7.769999999999982,0.653796653796646,10.059999999999945,0.37872763419482763,4.519999999999982,4.306999999999993,0.36,-1.0,,,12,4,10.0,2022
2022-10-24 12:00:00+00:00|-1.0|vol_trans_follow_h1_low_to_high_h12_tp06_sl065,2022-10-24 12:00:00+00:00,STAGE28A,data/reports/stage28a_discovery_factory_batch_runner/stage28a_exact_trades.csv,volatility_transition_v1,vol_trans_follow_h1_low_to_high_h12_tp06_sl065,1.1673999999999525,0.1173999999999524,-0.5826000000000473,1,0,0,0,0.1173999999999524,5.759999999999991,18.470000000000027,0.2793719545208363,14.289999999999964,0.33519944016794795,5.680000000000064,7.034000000000003,0.936,-1.0,,,12,0,10.0,2022
2022-10-25 12:00:00+00:00|-1.0|vol_trans_follow_h1_low_to_high_h12_tp06_sl065,2022-10-25 12:00:00+00:00,STAGE28A,data/reports/stage28a_discovery_factory_batch_runner/stage28a_exact_trades.csv,volatility_transition_v1,vol_trans_follow_h1_low_to_high_h12_tp06_sl065,0.8248000000000048,-0.2251999999999951,-0.9251999999999948,0,0,0,0,0.2251999999999951,26.539999999999964,7.680000000000064,0.032552083333333065,13.129999999999882,0.885757806549902,5.470000000000027,3.9075000000000273,0.132,-1.0,,,12,1,10.0,2022
2022-10-26 12:00:00+00:00|1.0|vol_trans_follow_h1_low_to_high_h12_tp06_sl065,2022-10-26 12:00:00+00:00,STAGE28A,data/reports/stage28a_discovery_factory_batch_runner/stage28a_exact_trades.csv,volatility_transition_v1,vol_trans_follow_h1_low_to_high_h12_tp06_sl065,1.1028999999999995,0.0528999999999997,-0.6471,1,0,0,0,0.0528999999999997,24.060000000000173,7.880000000000109,0.5862944162436329,19.779999999999973,0.6400404448938257,4.240000000000009,4.604000000000019,0.496,1.0,,,12,2,10.0,2022
2022-10-27 12:00:00+00:00|1.0|vol_trans_follow_h1_low_to_high_h12_tp06_sl065,2022-10-27 12:00:00+00:00,STAGE28A,data/reports/stage28a_discovery_factory_batch_runner/stage28a_exact_trades.csv,volatility_transition_v1,vol_trans_follow_h1_low_to_high_h12_tp06_sl065,1.1256999999999606,0.0756999999999608,-0.6243000000000389,1,0,0,0,0.0756999999999608,25.180000000000064,8.439999999999827,0.06398104265402543,10.589999999999918,0.20774315391879722,4.339999999999918,3.9824999999999706,0.192,1.0,,,12,3,10.0,2022
2022-10-28 12:00:00+00:00|-1.0|vol_trans_follow_h1_low_to_high_h12_tp06_sl065,2022-10-28 12:00:00+00:00,STAGE28A,data/reports/stage28a_discovery_factory_batch_runner/stage28a_exact_trades.csv,volatility_transition_v1,vol_trans_follow_h1_low_to_high_h12_tp06_sl065,-1.7978750000000674,-2.847875000000067,-3.547875000000067,0,0,0,0,2.847875000000067,15.939999999999827,6.419999999999845,0.39408099688474046,18.899999999999864,0.7962962962962996,5.850000000000136,4.247500000000002,0.332,-1.0,,,12,4,10.0,2022
2022-11-03 12:00:00+00:00|-1.0|vol_trans_follow_h1_low_to_high_h12_tp06_sl065,2022-11-03 12:00:00+00:00,STAGE28A,data/reports/stage28a_discovery_factory_batch_runner/stage28a_exact_trades.csv,volatility_transition_v1,vol_trans_follow_h1_low_to_high_h12_tp06_sl065,-1.9249499999999444,-2.9749499999999443,-3.674949999999944,0,0,0,0,2.9749499999999443,37.6099999999999,9.11999999999989,0.2971491228070251,18.699999999999818,0.8711229946524129,8.149999999999864,5.466499999999963,0.892,-1.0,,,12,3,11.0,2022
2022-11-04 12:00:00+00:00|-1.0|vol_trans_follow_h1_low_to_high_h12_tp06_sl065,2022-11-04 12:00:00+00:00,STAGE28A,data/reports/stage28a_discovery_factory_batch_runner/stage28a_exact_trades.csv,volatility_transition_v1,vol_trans_follow_h1_low_to_high_h12_tp06_sl065,-1.9613499999999024,-3.011349999999902,-3.711349999999902,0,0,0,0,3.011349999999902,24.37999999999988,18.419999999999845,0.9799131378935997,8.700000000000045,0.3218390804597632,8.700000000000045,4.2875,0.4,-1.0,,,12,4,11.0,2022
2022-11-07 12:00:00+00:00|1.0|vol_trans_follow_h1_low_to_high_h12_tp06_sl065,2022-11-07 12:00:00+00:00,STAGE28A,data/reports/stage28a_discovery_factory_batch_runner/stage28a_exact_trades.csv,volatility_transition_v1,vol_trans_follow_h1_low_to_high_h12_tp06_sl065,-1.810550000000012,-2.860550000000012,-3.560550000000012,0,0,0,0,2.860550000000012,7.900000000000091,9.809999999999945,0.019367991845061737,13.5,0.4274074074074229,5.6099999999999,4.887500000000012,0.728,1.0,,,12,0,11.0,2022
2022-11-09 12:00:00+00:00|-1.0|vol_trans_follow_h1_low_to_high_h12_tp06_sl065,2022-11-09 12:00:00+00:00,STAGE28A,data/reports/stage28a_discovery_factory_batch_runner/stage28a_exact_trades.csv,volatility_transition_v1,vol_trans_follow_h1_low_to_high_h12_tp06_sl065,-1.8540999999998804,-2.90409999999988,-3.60409999999988,0,0,0,0,2.90409999999988,52.25,6.430000000000064,0.4790046656298793,11.860000000000127,0.023608768971329654,6.779999999999973,5.480000000000007,0.888,-1.0,,,12,2,11.0,2022
2022-11-10 12:00:00+00:00|-1.0|vol_trans_follow_h1_low_to_high_h12_tp06_sl065,2022-11-10 12:00:00+00:00,STAGE28A,data/reports/stage28a_discovery_factory_batch_runner/stage28a_exact_trades.csv,volatility_transition_v1,vol_trans_follow_h1_low_to_high_h12_tp06_sl065,1.0059999999999945,-0.0440000000000053,-0.7440000000000051,0,0,0,0,0.0440000000000053,20.180000000000064,6.259999999999991,0.522364217252394,8.540000000000191,0.18032786885245072,4.190000000000055,4.199999999999989,0.376,-1.0,,,12,3,11.0,2022
2022-11-11 12:00:00+00:00|-1.0|vol_trans_follow_h1_low_to_high_h12_tp06_sl065,2022-11-11 12:00:00+00:00,STAGE28A,data/reports/stage28a_discovery_factory_batch_runner/stage28a_exact_trades.csv,volatility_transition_v1,vol_trans_follow_h1_low_to_high_h12_tp06_sl065,1.7409999999998944,0.6909999999998946,-0.0090000000001051,1,0,1,0,0.6909999999998946,53.33999999999992,7.350000000000136,0.11020408163264359,14.100000000000136,0.3702127659574452,5.129999999999882,5.887000000000012,0.924,-1.0,,,12,4,11.0,2022
2022-11-14 12:00:00+00:00|-1.0|vol_trans_follow_h1_low_to_high_h12_tp06_sl065,2022-11-14 12:00:00+00:00,STAGE28A,data/reports/stage28a_discovery_factory_batch_runner/stage28a_exact_trades.csv,volatility_transition_v1,vol_trans_follow_h1_low_to_high_h12_tp06_sl065,-2.042275000000109,-3.0922750000001087,-3.792275000000109,0,0,0,1,3.0922750000001087,5.449999999999818,7.4099999999998545,0.29689608636975184,11.839999999999918,0.317567567567569,5.070000000000164,4.508499999999993,0.476,-1.0,,,12,0,11.0,2022
2022-11-15 12:00:00+00:00|-1.0|vol_trans_follow_h1_low_to_high_h12_tp06_sl065,2022-11-15 12:00:00+00:00,STAGE28A,data/reports/stage28a_discovery_factory_batch_runner/stage28a_exact_trades.csv,volatility_transition_v1,vol_trans_follow_h1_low_to_high_h12_tp06_sl065,1.2691000000001167,0.2191000000001168,-0.4808999999998828,1,0,1,0,0.2191000000001168,21.77000000000021,5.259999999999991,0.26615969581750826,15.680000000000064,0.36926020408162885,6.019999999999982,4.5020000000000095,0.46,-1.0,,,12,1,11.0,2022
2022-11-16 12:00:00+00:00|1.0|vol_trans_follow_h1_low_to_high_h12_tp06_sl065,2022-11-16 12:00:00+00:00,STAGE28A,data/reports/stage28a_discovery_factory_batch_runner/stage28a_exact_trades.csv,volatility_transition_v1,vol_trans_follow_h1_low_to_high_h12_tp06_sl065,1.0039000000000668,-0.0460999999999329,-0.7460999999999327,0,0,0,0,0.0460999999999329,19.36999999999989,11.1099999999999,0.8019801980198166,14.039999999999964,0.7343304843304823,4.510000000000218,5.401500000000022,0.668,1.0,,,12,2,11.0,2022
2022-11-17 12:00:00+00:00|-1.0|vol_trans_follow_h1_low_to_high_h12_tp06_sl065,2022-11-17 12:00:00+00:00,STAGE28A,data/reports/stage28a_discovery_factory_batch_runner/stage28a_exact_trades.csv,volatility_transition_v1,vol_trans_follow_h1_low_to_high_h12_tp06_sl065,-1.706224999999995,-2.756224999999995,-3.4562249999999946,0,0,0,0,2.756224999999995,14.7199999999998,12.6099999999999,0.9103885804916819,9.519999999999982,0.012605042016819166,5.039999999999964,3.9125000000000227,0.112,-1.0,,,12,3,11.0,2022
2022-11-21 12:00:00+00:00|-1.0|vol_trans_follow_h1_low_to_high_h12_tp06_sl065,2022-11-21 12:00:00+00:00,STAGE28A,data/reports/stage28a_discovery_factory_batch_runner/stage28a_exact_trades.csv,volatility_transition_v1,vol_trans_follow_h1_low_to_high_h12_tp06_sl065,0.9703000000000884,-0.0796999999999115,-0.7796999999999112,0,0,0,0,0.0796999999999115,3.1299999999998818,9.099999999999909,0.6912087912087941,10.190000000000055,0.4249263984298461,5.980000000000018,4.150500000000011,0.272,-1.0,,,12,0,11.0,2022
2022-11-22 12:00:00+00:00|1.0|vol_trans_follow_h1_low_to_high_h12_tp06_sl065,2022-11-22 12:00:00+00:00,STAGE28A,data/reports/stage28a_discovery_factory_batch_runner/stage28a_exact_trades.csv,volatility_transition_v1,vol_trans_follow_h1_low_to_high_h12_tp06_sl065,0.7921000000000277,-0.2578999999999722,-0.957899999999972,0,0,0,0,0.2578999999999722,20.470000000000027,8.220000000000027,0.8004866180048547,8.079999999999927,0.11386138613862389,4.579999999999927,3.7014999999999985,0.152,1.0,,,12,1,11.0,2022
2022-11-24 12:00:00+00:00|1.0|vol_trans_follow_h1_low_to_high_h12_tp06_sl065,2022-11-24 12:00:00+00:00,STAGE28A,data/reports/stage28a_discovery_factory_batch_runner/stage28a_exact_trades.csv,volatility_transition_v1,vol_trans_follow_h1_low_to_high_h12_tp06_sl065,-1.4416749999998957,-2.4916749999998955,-3.1916749999998952,0,0,0,0,2.4916749999998955,27.230000000000018,7.830000000000155,0.43550446998720144,6.160000000000082,0.07142857142857933,2.5799999999999272,3.7930000000000064,0.204,1.0,,,12,3,11.0,2022
2022-11-28 12:00:00+00:00|1.0|vol_trans_follow_h1_low_to_high_h12_tp06_sl065,2022-11-28 12:00:00+00:00,STAGE28A,data/reports/stage28a_discovery_factory_batch_runner/stage28a_exact_trades.csv,volatility_transition_v1,vol_trans_follow_h1_low_to_high_h12_tp06_sl065,0.9802000000001044,-0.0697999999998955,-0.7697999999998952,0,0,0,0,0.0697999999998955,5.539999999999964,9.789999999999964,0.06230847803880513,15.220000000000027,0.6005256241787177,3.8300000000001546,4.240499999999974,0.604,1.0,,,12,0,11.0,2022
2022-11-29 12:00:00+00:00|-1.0|vol_trans_follow_h1_low_to_high_h12_tp06_sl065,2022-11-29 12:00:00+00:00,STAGE28A,data/reports/stage28a_discovery_factory_batch_runner/stage28a_exact_trades.csv,volatility_transition_v1,vol_trans_follow_h1_low_to_high_h12_tp06_sl065,-1.6422000000000936,-2.6922000000000934,-3.392200000000093,0,0,0,0,2.6922000000000934,24.059999999999945,14.629999999999882,0.8523581681476505,7.559999999999945,0.19312169312169933,5.570000000000164,3.8889999999999647,0.388,-1.0,,,12,1,11.0,2022
2022-12-02 12:00:00+00:00|-1.0|vol_trans_follow_h1_low_to_high_h12_tp06_sl065,2022-12-02 12:00:00+00:00,STAGE28A,data/reports/stage28a_discovery_factory_batch_runner/stage28a_exact_trades.csv,volatility_transition_v1,vol_trans_follow_h1_low_to_high_h12_tp06_sl065,0.7047999999998865,-0.3452000000001134,-1.0452000000001131,0,0,0,0,0.3452000000001134,35.86999999999989,8.8599999999999,0.5575620767494481,6.7000000000000455,0.41641791044775295,2.7000000000000455,4.061000000000012,0.572,-1.0,,,12,4,12.0,2022
2022-12-05 12:00:00+00:00|-1.0|vol_trans_follow_h1_low_to_high_h12_tp06_sl065,2022-12-05 12:00:00+00:00,STAGE28A,data/reports/stage28a_discovery_factory_batch_runner/stage28a_exact_trades.csv,volatility_transition_v1,vol_trans_follow_h1_low_to_high_h12_tp06_sl065,0.957399999999916,-0.0926000000000839,-0.7926000000000837,0,0,0,0,0.0926000000000839,4.920000000000073,15.589999999999918,0.6215522771007124,16.15000000000009,0.8476780185758359,3.9600000000000364,4.4284999999999854,0.696,-1.0,,,12,0,12.0,2022
2022-12-06 12:00:00+00:00|-1.0|vol_trans_follow_h1_low_to_high_h12_tp06_sl065,2022-12-06 12:00:00+00:00,STAGE28A,data/reports/stage28a_discovery_factory_batch_runner/stage28a_exact_trades.csv,volatility_transition_v1,vol_trans_follow_h1_low_to_high_h12_tp06_sl065,1.0039000000000668,-0.0460999999999329,-0.7460999999999327,0,0,0,0,0.0460999999999329,44.12999999999988,8.799999999999955,0.35454545454544395,7.7800000000002,0.16709511568125301,3.3500000000001364,4.536500000000046,0.656,-1.0,,,12,1,12.0,2022
2022-12-08 12:00:00+00:00|1.0|vol_trans_follow_h1_low_to_high_h12_tp06_sl065,2022-12-08 12:00:00+00:00,STAGE28A,data/reports/stage28a_discovery_factory_batch_runner/stage28a_exact_trades.csv,volatility_transition_v1,vol_trans_follow_h1_low_to_high_h12_tp06_sl065,-1.378949999999895,-2.428949999999895,-3.128949999999895,0,0,0,0,2.428949999999895,21.769999999999982,6.779999999999973,0.5176991150442485,5.3900000000001,0.03710575139143124,3.400000000000091,4.118499999999995,0.452,1.0,,,12,3,12.0,2022
2022-12-12 12:00:00+00:00|1.0|vol_trans_follow_h1_low_to_high_h12_tp06_sl065,2022-12-12 12:00:00+00:00,STAGE28A,data/reports/stage28a_discovery_factory_batch_runner/stage28a_exact_trades.csv,volatility_transition_v1,vol_trans_follow_h1_low_to_high_h12_tp06_sl065,-1.4641000000000075,-2.514100000000008,-3.2141000000000077,0,0,0,0,2.514100000000008,2.3400000000001455,10.309999999999945,0.7332686711930151,7.329999999999927,0.6889495225102326,2.8099999999999454,3.919000000000017,0.34,1.0,,,12,0,12.0,2022
2022-12-14 12:00:00+00:00|-1.0|vol_trans_follow_h1_low_to_high_h12_tp06_sl065,2022-12-14 12:00:00+00:00,STAGE28A,data/reports/stage28a_discovery_factory_batch_runner/stage28a_exact_trades.csv,volatility_transition_v1,vol_trans_follow_h1_low_to_high_h12_tp06_sl065,-1.5294250000000376,-2.5794250000000374,-3.279425000000037,0,0,0,0,2.5794250000000374,44.50999999999999,4.470000000000027,0.1342281879194419,6.720000000000027,0.029761904761877574,2.5399999999999636,4.634000000000026,0.624,-1.0,,,12,2,12.0,2022
2022-12-15 12:00:00+00:00|-1.0|vol_trans_follow_h1_low_to_high_h12_tp06_sl065,2022-12-15 12:00:00+00:00,STAGE28A,data/reports/stage28a_discovery_factory_batch_runner/stage28a_exact_trades.csv,volatility_transition_v1,vol_trans_follow_h1_low_to_high_h12_tp06_sl065,-2.457300000000123,-3.507300000000123,-4.207300000000123,0,0,0,1,3.507300000000123,19.310000000000173,19.110000000000127,0.8707482993197154,22.519999999999982,0.6039076376554139,6.0900000000001455,5.397000000000048,0.876,-1.0,,,12,3,12.0,2022
2022-12-16 12:00:00+00:00|1.0|vol_trans_follow_h1_low_to_high_h12_tp06_sl065,2022-12-16 12:00:00+00:00,STAGE28A,data/reports/stage28a_discovery_factory_batch_runner/stage28a_exact_trades.csv,volatility_transition_v1,vol_trans_follow_h1_low_to_high_h12_tp06_sl065,1.0303000000000335,-0.019699999999966,-0.7196999999999658,0,0,0,0,0.019699999999966,34.799999999999955,8.639999999999873,0.2685185185185414,10.599999999999909,0.1849056603773635,4.580000000000155,4.216499999999985,0.468,1.0,,,12,4,12.0,2022
2022-12-19 12:00:00+00:00|-1.0|vol_trans_follow_h1_low_to_high_h12_tp06_sl065,2022-12-19 12:00:00+00:00,STAGE28A,data/reports/stage28a_discovery_factory_batch_runner/stage28a_exact_trades.csv,volatility_transition_v1,vol_trans_follow_h1_low_to_high_h12_tp06_sl065,0.7170999999999822,-0.3329000000000177,-1.0329000000000177,0,0,0,0,0.3329000000000177,2.3400000000001455,5.970000000000027,0.32160804020101574,8.4699999999998,0.3471074380165436,3.2799999999999727,3.939500000000021,0.396,-1.0,,,12,0,12.0,2022
2022-12-20 12:00:00+00:00|1.0|vol_trans_follow_h1_low_to_high_h12_tp06_sl065,2022-12-20 12:00:00+00:00,STAGE28A,data/reports/stage28a_discovery_factory_batch_runner/stage28a_exact_trades.csv,volatility_transition_v1,vol_trans_follow_h1_low_to_high_h12_tp06_sl065,-2.054300000000103,-3.104300000000103,-3.804300000000103,0,0,0,1,3.104300000000103,15.0,11.589999999999918,0.2683347713546289,20.910000000000082,0.7723577235772371,6.100000000000136,4.336500000000001,0.612,1.0,,,12,1,12.0,2022
2022-12-23 12:00:00+00:00|1.0|vol_trans_follow_h1_low_to_high_h12_tp06_sl065,2022-12-23 12:00:00+00:00,STAGE28A,data/reports/stage28a_discovery_factory_batch_runner/stage28a_exact_trades.csv,volatility_transition_v1,vol_trans_follow_h1_low_to_high_h12_tp06_sl065,0.636699999999928,-0.4133000000000719,-1.1133000000000717,0,0,0,0,0.4133000000000719,35.58999999999992,4.270000000000209,0.33255269320843167,4.830000000000155,0.780538302277404,3.240000000000009,3.861500000000035,0.44,1.0,,,12,4,12.0,2022
2022-12-28 12:00:00+00:00|-1.0|vol_trans_follow_h1_low_to_high_h12_tp06_sl065,2022-12-28 12:00:00+00:00,STAGE28A,data/reports/stage28a_discovery_factory_batch_runner/stage28a_exact_trades.csv,volatility_transition_v1,vol_trans_follow_h1_low_to_high_h12_tp06_sl065,0.9483999999999014,-0.1016000000000985,-0.8016000000000982,0,0,0,0,0.1016000000000985,33.58999999999992,4.990000000000009,0.11422845691381468,12.950000000000045,0.7158301158301119,3.8400000000001455,5.321499999999981,0.852,-1.0,,,12,2,12.0,2022
2023-01-03 12:00:00+00:00|1.0|vol_trans_follow_h1_low_to_high_h12_tp06_sl065,2023-01-03 12:00:00+00:00,STAGE28A,data/reports/stage28a_discovery_factory_batch_runner/stage28a_exact_trades.csv,volatility_transition_v1,vol_trans_follow_h1_low_to_high_h12_tp06_sl065,-2.404975000000013,-3.454975000000013,-4.154975000000013,0,0,0,1,3.454975000000013,6.660000000000082,19.40000000000009,0.5649484536082466,16.24000000000001,0.3663793103448302,7.210000000000036,5.280999999999994,0.96,1.0,,,12,1,1.0,2023
2023-01-04 12:00:00+00:00|1.0|vol_trans_follow_h1_low_to_high_h12_tp06_sl065,2023-01-04 12:00:00+00:00,STAGE28A,data/reports/stage28a_discovery_factory_batch_runner/stage28a_exact_trades.csv,volatility_transition_v1,vol_trans_follow_h1_low_to_high_h12_tp06_sl065,-2.071524999999929,-3.1215249999999286,-3.821524999999928,0,0,0,1,3.1215249999999286,26.210000000000036,12.019999999999982,0.8460898502495914,20.410000000000082,0.5982361587457122,3.410000000000082,5.186500000000012,0.872,1.0,,,12,2,1.0,2023
2023-01-05 12:00:00+00:00|1.0|vol_trans_follow_h1_low_to_high_h12_tp06_sl065,2023-01-05 12:00:00+00:00,STAGE28A,data/reports/stage28a_discovery_factory_batch_runner/stage28a_exact_trades.csv,volatility_transition_v1,vol_trans_follow_h1_low_to_high_h12_tp06_sl065,1.2297999999999774,0.1797999999999775,-0.5202000000000222,1,0,1,0,0.1797999999999775,29.940000000000055,8.690000000000055,0.3107019562715798,11.779999999999973,0.25806451612902975,5.790000000000191,4.898000000000013,0.712,1.0,,,12,3,1.0,2023
2023-01-06 12:00:00+00:00|-1.0|vol_trans_follow_h1_low_to_high_h12_tp06_sl065,2023-01-06 12:00:00+00:00,STAGE28A,data/reports/stage28a_discovery_factory_batch_runner/stage28a_exact_trades.csv,volatility_transition_v1,vol_trans_follow_h1_low_to_high_h12_tp06_sl065,0.7515999999999622,-0.2984000000000377,-0.9984000000000376,0,0,0,0,0.2984000000000377,33.99000000000001,10.930000000000064,0.4858188472095073,7.370000000000118,0.18724559023067666,4.150000000000091,4.134499999999991,0.504,-1.0,,,12,4,1.0,2023
2023-01-09 12:00:00+00:00|-1.0|vol_trans_follow_h1_low_to_high_h12_tp06_sl065,2023-01-09 12:00:00+00:00,STAGE28A,data/reports/stage28a_discovery_factory_batch_runner/stage28a_exact_trades.csv,volatility_transition_v1,vol_trans_follow_h1_low_to_high_h12_tp06_sl065,-1.8755500000000669,-2.9255500000000665,-3.625550000000066,0,0,0,0,2.9255500000000665,3.5799999999999272,13.239999999999782,0.554380664652571,9.680000000000064,0.556818181818165,3.4200000000000728,5.210499999999979,0.748,-1.0,,,12,0,1.0,2023
2023-01-10 12:00:00+00:00|1.0|vol_trans_follow_h1_low_to_high_h12_tp06_sl065,2023-01-10 12:00:00+00:00,STAGE28A,data/reports/stage28a_discovery_factory_batch_runner/stage28a_exact_trades.csv,volatility_transition_v1,vol_trans_follow_h1_low_to_high_h12_tp06_sl065,0.7867000000000189,-0.263299999999981,-0.9632999999999808,0,0,0,0,0.263299999999981,15.169999999999845,8.11999999999989,0.10467980295568323,6.699999999999818,0.5716417910447807,2.8099999999999454,4.252999999999952,0.428,1.0,,,12,1,1.0,2023
2023-01-11 12:00:00+00:00|1.0|vol_trans_follow_h1_low_to_high_h12_tp06_sl065,2023-01-11 12:00:00+00:00,STAGE28A,data/reports/stage28a_discovery_factory_batch_runner/stage28a_exact_trades.csv,volatility_transition_v1,vol_trans_follow_h1_low_to_high_h12_tp06_sl065,0.9543999999999868,-0.095600000000013,-0.7956000000000127,0,0,0,0,0.095600000000013,12.879999999999882,6.419999999999845,0.09813084112151468,9.120000000000118,0.7565789473683963,3.3300000000001546,3.859999999999991,0.296,1.0,,,12,2,1.0,2023
2023-01-13 12:00:00+00:00|-1.0|vol_trans_follow_h1_low_to_high_h12_tp06_sl065,2023-01-13 12:00:00+00:00,STAGE28A,data/reports/stage28a_discovery_factory_batch_runner/stage28a_exact_trades.csv,volatility_transition_v1,vol_trans_follow_h1_low_to_high_h12_tp06_sl065,-2.050399999999945,-3.100399999999945,-3.8003999999999447,0,0,0,1,3.100399999999945,32.710000000000036,6.089999999999918,0.33004926108374677,17.37999999999988,0.575949367088611,5.769999999999982,5.647999999999991,0.836,-1.0,,,12,4,1.0,2023
2023-01-16 12:00:00+00:00|1.0|vol_trans_follow_h1_low_to_high_h12_tp06_sl065,2023-01-16 12:00:00+00:00,STAGE28A,data/reports/stage28a_discovery_factory_batch_runner/stage28a_exact_trades.csv,volatility_transition_v1,vol_trans_follow_h1_low_to_high_h12_tp06_sl065,1.001799999999912,-0.0482000000000879,-0.7482000000000877,0,0,0,0,0.0482000000000879,3.589999999999918,12.11999999999989,0.44389438943895687,11.519999999999982,0.5833333333333366,6.339999999999918,5.479500000000007,0.716,1.0,,,12,0,1.0,2023
2023-01-18 12:00:00+00:00|1.0|vol_trans_follow_h1_low_to_high_h12_tp06_sl065,2023-01-18 12:00:00+00:00,STAGE28A,data/reports/stage28a_discovery_factory_batch_runner/stage28a_exact_trades.csv,volatility_transition_v1,vol_trans_follow_h1_low_to_high_h12_tp06_sl065,1.1853999999999814,0.1353999999999815,-0.5646000000000182,1,0,0,0,0.1353999999999815,15.2800000000002,13.089999999999918,0.7097020626432408,19.339999999999918,0.7699069286453032,5.720000000000027,4.669499999999971,0.508,1.0,,,12,2,1.0,2023
2023-01-19 12:00:00+00:00|-1.0|vol_trans_follow_h1_low_to_high_h12_tp06_sl065,2023-01-19 12:00:00+00:00,STAGE28A,data/reports/stage28a_discovery_factory_batch_runner/stage28a_exact_trades.csv,volatility_transition_v1,vol_trans_follow_h1_low_to_high_h12_tp06_sl065,0.9354999999999564,-0.1145000000000435,-0.8145000000000433,0,0,0,0,0.1145000000000435,29.269999999999982,9.970000000000027,0.29388164493481,10.379999999999882,0.023121387283238135,3.0799999999999272,4.738999999999964,0.552,-1.0,,,12,3,1.0,2023
2023-01-20 12:00:00+00:00|1.0|vol_trans_follow_h1_low_to_high_h12_tp06_sl065,2023-01-20 12:00:00+00:00,STAGE28A,data/reports/stage28a_discovery_factory_batch_runner/stage28a_exact_trades.csv,volatility_transition_v1,vol_trans_follow_h1_low_to_high_h12_tp06_sl065,1.2367000000000643,0.1867000000000644,-0.5132999999999353,1,0,1,0,0.1867000000000644,34.190000000000055,11.160000000000082,0.7168458781361955,14.289999999999964,0.4380685794261726,5.960000000000036,4.759500000000014,0.636,1.0,,,12,4,1.0,2023
2023-01-23 12:00:00+00:00|1.0|vol_trans_follow_h1_low_to_high_h12_tp06_sl065,2023-01-23 12:00:00+00:00,STAGE28A,data/reports/stage28a_discovery_factory_batch_runner/stage28a_exact_trades.csv,volatility_transition_v1,vol_trans_follow_h1_low_to_high_h12_tp06_sl065,-1.9668749999999364,-3.016874999999936,-3.716874999999936,0,0,0,0,3.016874999999936,4.019999999999982,11.819999999999936,0.19204737732656463,10.940000000000055,0.28519195612430304,3.9299999999998363,4.377499999999986,0.404,1.0,,,12,0,1.0,2023
2023-01-24 12:00:00+00:00|-1.0|vol_trans_follow_h1_low_to_high_h12_tp06_sl065,2023-01-24 12:00:00+00:00,STAGE28A,data/reports/stage28a_discovery_factory_batch_runner/stage28a_exact_trades.csv,volatility_transition_v1,vol_trans_follow_h1_low_to_high_h12_tp06_sl065,-1.6714499999999135,-2.7214499999999133,-3.421449999999913,0,0,0,0,2.7214499999999133,24.169999999999845,6.519999999999982,0.21012269938648692,9.960000000000036,0.5672690763052051,4.269999999999982,4.543999999999983,0.524,-1.0,,,12,1,1.0,2023
2023-01-25 12:00:00+00:00|-1.0|vol_trans_follow_h1_low_to_high_h12_tp06_sl065,2023-01-25 12:00:00+00:00,STAGE28A,data/reports/stage28a_discovery_factory_batch_runner/stage28a_exact_trades.csv,volatility_transition_v1,vol_trans_follow_h1_low_to_high_h12_tp06_sl065,-1.936324999999988,-2.986324999999988,-3.686324999999988,0,0,0,0,2.986324999999988,25.36999999999989,11.950000000000045,0.7104602510460232,11.019999999999982,0.2676950998184957,3.5900000000001455,5.007999999999981,0.74,-1.0,,,12,2,1.0,2023
2023-01-26 12:00:00+00:00|-1.0|vol_trans_follow_h1_low_to_high_h12_tp06_sl065,2023-01-26 12:00:00+00:00,STAGE28A,data/reports/stage28a_discovery_factory_batch_runner/stage28a_exact_trades.csv,volatility_transition_v1,vol_trans_follow_h1_low_to_high_h12_tp06_sl065,1.215399999999954,0.1653999999999542,-0.5346000000000455,1,0,1,0,0.1653999999999542,28.659999999999854,6.610000000000127,0.2632375189107376,15.129999999999882,0.6549900859220198,9.509999999999991,5.132500000000005,0.74,-1.0,,,12,3,1.0,2023
2023-01-27 12:00:00+00:00|-1.0|vol_trans_follow_h1_low_to_high_h12_tp06_sl065,2023-01-27 12:00:00+00:00,STAGE28A,data/reports/stage28a_discovery_factory_batch_runner/stage28a_exact_trades.csv,volatility_transition_v1,vol_trans_follow_h1_low_to_high_h12_tp06_sl065,0.7488999999999578,-0.3011000000000421,-1.0011000000000418,0,0,0,0,0.3011000000000421,30.470000000000027,15.069999999999936,0.6084936960849444,7.829999999999927,0.8735632183908023,3.6700000000000728,5.045999999999981,0.668,-1.0,,,12,4,1.0,2023
2023-01-30 12:00:00+00:00|1.0|vol_trans_follow_h1_low_to_high_h12_tp06_sl065,2023-01-30 12:00:00+00:00,STAGE28A,data/reports/stage28a_discovery_factory_batch_runner/stage28a_exact_trades.csv,volatility_transition_v1,vol_trans_follow_h1_low_to_high_h12_tp06_sl065,-1.730924999999934,-2.7809249999999337,-3.480924999999933,0,0,0,0,2.7809249999999337,3.4500000000000455,10.049999999999955,0.44975124378109477,13.11999999999989,0.21570121951219137,3.4199999999998454,4.8629999999999995,0.62,1.0,,,12,0,1.0,2023
2023-01-31 12:00:00+00:00|-1.0|vol_trans_follow_h1_low_to_high_h12_tp06_sl065,2023-01-31 12:00:00+00:00,STAGE28A,data/reports/stage28a_discovery_factory_batch_runner/stage28a_exact_trades.csv,volatility_transition_v1,vol_trans_follow_h1_low_to_high_h12_tp06_sl065,-2.06242499999994,-3.112424999999939,-3.812424999999939,0,0,0,1,3.112424999999939,13.839999999999918,8.539999999999964,0.2412177985948424,19.180000000000064,0.7987486965589214,4.8599999999999,3.763000000000011,0.076,-1.0,,,12,1,1.0,2023
2023-02-02 12:00:00+00:00|-1.0|vol_trans_follow_h1_low_to_high_h12_tp06_sl065,2023-02-02 12:00:00+00:00,STAGE28A,data/reports/stage28a_discovery_factory_batch_runner/stage28a_exact_trades.csv,volatility_transition_v1,vol_trans_follow_h1_low_to_high_h12_tp06_sl065,1.0992999999999935,0.0492999999999939,-0.6507000000000058,1,0,0,0,0.0492999999999939,33.47000000000003,7.100000000000136,0.0408450704225293,8.519999999999982,0.08098591549296433,3.8299999999999272,6.222000000000025,0.976,-1.0,,,12,3,2.0,2023
2023-02-03 12:00:00+00:00|1.0|vol_trans_follow_h1_low_to_high_h12_tp06_sl065,2023-02-03 12:00:00+00:00,STAGE28A,data/reports/stage28a_discovery_factory_batch_runner/stage28a_exact_trades.csv,volatility_transition_v1,vol_trans_follow_h1_low_to_high_h12_tp06_sl065,1.1209000000000289,0.0709000000000288,-0.6290999999999709,1,0,0,0,0.0709000000000288,48.44999999999982,7.269999999999982,0.13480055020633022,8.599999999999909,0.490697674418613,5.889999999999873,5.812999999999977,0.86,1.0,,,12,4,2.0,2023
2023-02-06 12:00:00+00:00|-1.0|vol_trans_follow_h1_low_to_high_h12_tp06_sl065,2023-02-06 12:00:00+00:00,STAGE28A,data/reports/stage28a_discovery_factory_batch_runner/stage28a_exact_trades.csv,volatility_transition_v1,vol_trans_follow_h1_low_to_high_h12_tp06_sl065,1.2282999999998991,0.1782999999998993,-0.5217000000001004,1,0,1,0,0.1782999999998993,10.089999999999918,18.769999999999982,0.6904635055940357,11.180000000000064,0.549194991055462,8.549999999999955,6.329499999999996,0.88,-1.0,,,12,0,2.0,2023
2023-02-07 12:00:00+00:00|1.0|vol_trans_follow_h1_low_to_high_h12_tp06_sl065,2023-02-07 12:00:00+00:00,STAGE28A,data/reports/stage28a_discovery_factory_batch_runner/stage28a_exact_trades.csv,volatility_transition_v1,vol_trans_follow_h1_low_to_high_h12_tp06_sl065,-1.9386000000000423,-2.988600000000042,-3.688600000000042,0,0,0,0,2.988600000000042,21.3900000000001,8.75,0.5234285714285631,6.900000000000091,0.17536231884054973,6.900000000000091,4.219999999999982,0.184,1.0,,,12,1,2.0,2023
2023-02-08 12:00:00+00:00|1.0|vol_trans_follow_h1_low_to_high_h12_tp06_sl065,2023-02-08 12:00:00+00:00,STAGE28A,data/reports/stage28a_discovery_factory_batch_runner/stage28a_exact_trades.csv,volatility_transition_v1,vol_trans_follow_h1_low_to_high_h12_tp06_sl065,1.3075000000000272,0.2575000000000274,-0.4424999999999723,1,0,1,0,0.2575000000000274,19.3599999999999,7.039999999999964,0.6022727272727316,13.2199999999998,0.2798789712556809,3.4500000000000455,6.265499999999963,0.828,1.0,,,12,2,2.0,2023
2023-02-09 12:00:00+00:00|-1.0|vol_trans_follow_h1_low_to_high_h12_tp06_sl065,2023-02-09 12:00:00+00:00,STAGE28A,data/reports/stage28a_discovery_factory_batch_runner/stage28a_exact_trades.csv,volatility_transition_v1,vol_trans_follow_h1_low_to_high_h12_tp06_sl065,-1.835249999999951,-2.885249999999951,-3.5852499999999505,0,0,0,0,2.885249999999951,17.3599999999999,8.25,0.5478787878787856,9.329999999999927,0.663451232583052,5.5499999999999545,3.9744999999999893,0.108,-1.0,,,12,3,2.0,2023
2023-02-10 12:00:00+00:00|-1.0|vol_trans_follow_h1_low_to_high_h12_tp06_sl065,2023-02-10 12:00:00+00:00,STAGE28A,data/reports/stage28a_discovery_factory_batch_runner/stage28a_exact_trades.csv,volatility_transition_v1,vol_trans_follow_h1_low_to_high_h12_tp06_sl065,-2.457299999999896,-3.5072999999998955,-4.207299999999895,0,0,0,1,3.5072999999998955,31.269999999999982,11.579999999999927,0.7236614853195107,19.3599999999999,0.46177685950413744,8.650000000000091,6.1884999999999994,0.788,-1.0,,,12,4,2.0,2023
2023-02-13 12:00:00+00:00|-1.0|vol_trans_follow_h1_low_to_high_h12_tp06_sl065,2023-02-13 12:00:00+00:00,STAGE28A,data/reports/stage28a_discovery_factory_batch_runner/stage28a_exact_trades.csv,volatility_transition_v1,vol_trans_follow_h1_low_to_high_h12_tp06_sl065,-1.9860500000000685,-3.0360500000000683,-3.736050000000068,0,0,0,0,3.0360500000000683,2.6800000000000637,7.569999999999936,0.647291941875843,12.6400000000001,0.06170886075949102,7.830000000000155,4.361999999999989,0.244,-1.0,,,12,0,2.0,2023
2023-02-15 12:00:00+00:00|1.0|vol_trans_follow_h1_low_to_high_h12_tp06_sl065,2023-02-15 12:00:00+00:00,STAGE28A,data/reports/stage28a_discovery_factory_batch_runner/stage28a_exact_trades.csv,volatility_transition_v1,vol_trans_follow_h1_low_to_high_h12_tp06_sl065,-2.217124999999988,-3.267124999999987,-3.967124999999987,0,0,0,1,3.267124999999987,27.169999999999845,13.559999999999945,0.5243362831858355,16.019999999999982,0.7771535580524381,4.990000000000009,6.240499999999997,0.74,1.0,,,12,2,2.0,2023
2023-02-16 12:00:00+00:00|-1.0|vol_trans_follow_h1_low_to_high_h12_tp06_sl065,2023-02-16 12:00:00+00:00,STAGE28A,data/reports/stage28a_discovery_factory_batch_runner/stage28a_exact_trades.csv,volatility_transition_v1,vol_trans_follow_h1_low_to_high_h12_tp06_sl065,-1.944450000000052,-2.994450000000052,-3.6944500000000513,0,0,0,0,2.994450000000052,29.50999999999999,8.169999999999845,0.3659730722154303,10.549999999999955,0.1184834123222754,5.279999999999973,4.282499999999982,0.224,-1.0,,,12,3,2.0,2023
2023-02-17 12:00:00+00:00|1.0|vol_trans_follow_h1_low_to_high_h12_tp06_sl065,2023-02-17 12:00:00+00:00,STAGE28A,data/reports/stage28a_discovery_factory_batch_runner/stage28a_exact_trades.csv,volatility_transition_v1,vol_trans_follow_h1_low_to_high_h12_tp06_sl065,1.170399999999881,0.1203999999998814,-0.5796000000001182,1,0,0,0,0.1203999999998814,17.670000000000073,12.660000000000082,0.5979462875197383,9.319999999999936,0.3508583690987129,8.709999999999809,5.139499999999998,0.496,1.0,,,12,4,2.0,2023
2023-02-20 12:00:00+00:00|1.0|vol_trans_follow_h1_low_to_high_h12_tp06_sl065,2023-02-20 12:00:00+00:00,STAGE28A,data/reports/stage28a_discovery_factory_batch_runner/stage28a_exact_trades.csv,volatility_transition_v1,vol_trans_follow_h1_low_to_high_h12_tp06_sl065,-1.5485999999999422,-2.598599999999942,-3.298599999999942,0,0,0,0,2.598599999999942,3.3700000000001182,7.559999999999945,0.5052910052910006,6.3599999999999,0.1289308176100549,2.5499999999999545,3.93599999999999,0.072,1.0,,,12,0,2.0,2023
2023-02-22 12:00:00+00:00|-1.0|vol_trans_follow_h1_low_to_high_h12_tp06_sl065,2023-02-22 12:00:00+00:00,STAGE28A,data/reports/stage28a_discovery_factory_batch_runner/stage28a_exact_trades.csv,volatility_transition_v1,vol_trans_follow_h1_low_to_high_h12_tp06_sl065,0.7369000000000142,-0.3130999999999857,-1.0130999999999857,0,0,0,0,0.3130999999999857,13.599999999999909,4.370000000000118,0.21967963386727926,9.069999999999936,0.34399117971335613,3.259999999999991,3.8975000000000137,0.188,-1.0,,,12,2,2.0,2023
2023-02-23 12:00:00+00:00|-1.0|vol_trans_follow_h1_low_to_high_h12_tp06_sl065,2023-02-23 12:00:00+00:00,STAGE28A,data/reports/stage28a_discovery_factory_batch_runner/stage28a_exact_trades.csv,volatility_transition_v1,vol_trans_follow_h1_low_to_high_h12_tp06_sl065,0.7398999999999433,-0.3101000000000566,-1.0101000000000564,0,0,0,0,0.3101000000000566,22.430000000000064,7.279999999999973,0.6565934065934053,9.3900000000001,0.3588924387646278,1.75,3.859000000000003,0.212,-1.0,,,12,3,2.0,2023
2023-02-24 12:00:00+00:00|-1.0|vol_trans_follow_h1_low_to_high_h12_tp06_sl065,2023-02-24 12:00:00+00:00,STAGE28A,data/reports/stage28a_discovery_factory_batch_runner/stage28a_exact_trades.csv,volatility_transition_v1,vol_trans_follow_h1_low_to_high_h12_tp06_sl065,-1.64057499999999,-2.6905749999999897,-3.390574999999989,0,0,0,0,2.6905749999999897,16.320000000000164,6.779999999999973,0.3554572271386566,6.529999999999973,0.4992343032159272,3.9700000000000273,3.582000000000005,0.144,-1.0,,,12,4,2.0,2023
2023-03-01 12:00:00+00:00|-1.0|vol_trans_follow_h1_low_to_high_h12_tp06_sl065,2023-03-01 12:00:00+00:00,STAGE28A,data/reports/stage28a_discovery_factory_batch_runner/stage28a_exact_trades.csv,volatility_transition_v1,vol_trans_follow_h1_low_to_high_h12_tp06_sl065,-1.7338499999999386,-2.7838499999999384,-3.483849999999938,0,0,0,0,2.7838499999999384,26.559999999999945,8.710000000000036,0.5051664753157373,8.179999999999836,0.6002444987775003,7.559999999999945,3.9029999999999405,0.436,-1.0,,,12,2,3.0,2023
2023-03-06 12:00:00+00:00|-1.0|vol_trans_follow_h1_low_to_high_h12_tp06_sl065,2023-03-06 12:00:00+00:00,STAGE28A,data/reports/stage28a_discovery_factory_batch_runner/stage28a_exact_trades.csv,volatility_transition_v1,vol_trans_follow_h1_low_to_high_h12_tp06_sl065,0.7074999999998909,-0.342500000000109,-1.0425000000001088,0,0,0,0,0.342500000000109,3.290000000000191,5.690000000000055,0.2882249560632837,8.38000000000011,0.46062052505967505,4.4500000000000455,3.7245000000000346,0.5,-1.0,,,12,0,3.0,2023
2023-03-10 12:00:00+00:00|-1.0|vol_trans_follow_h1_low_to_high_h12_tp06_sl065,2023-03-10 12:00:00+00:00,STAGE28A,data/reports/stage28a_discovery_factory_batch_runner/stage28a_exact_trades.csv,volatility_transition_v1,vol_trans_follow_h1_low_to_high_h12_tp06_sl065,0.9636999999999262,-0.0863000000000737,-0.7863000000000735,0,0,0,0,0.0863000000000737,23.679999999999836,7.129999999999882,0.25385694249649027,8.730000000000018,0.345933562428405,5.330000000000155,4.087000000000023,0.888,-1.0,,,12,4,3.0,2023
2023-03-13 12:00:00+00:00|1.0|vol_trans_follow_h1_low_to_high_h12_tp06_sl065,2023-03-13 12:00:00+00:00,STAGE28A,data/reports/stage28a_discovery_factory_batch_runner/stage28a_exact_trades.csv,volatility_transition_v1,vol_trans_follow_h1_low_to_high_h12_tp06_sl065,1.9252000000000409,0.8752000000000408,0.1752000000000411,1,1,1,0,0.8752000000000408,22.169999999999845,22.169999999999845,0.43031123139377675,22.269999999999982,0.11899416255052057,9.490000000000009,9.716499999999963,0.972,1.0,,,12,0,3.0,2023
2023-03-14 12:00:00+00:00|-1.0|vol_trans_follow_h1_low_to_high_h12_tp06_sl065,2023-03-14 12:00:00+00:00,STAGE28A,data/reports/stage28a_discovery_factory_batch_runner/stage28a_exact_trades.csv,volatility_transition_v1,vol_trans_follow_h1_low_to_high_h12_tp06_sl065,-2.515475000000015,-3.565475000000015,-4.265475000000015,0,0,0,1,3.565475000000015,43.12999999999988,12.549999999999955,0.7274900398406307,12.61999999999989,0.03328050713152528,4.119999999999891,5.82700000000001,0.836,-1.0,,,12,1,3.0,2023
2023-03-15 12:00:00+00:00|1.0|vol_trans_follow_h1_low_to_high_h12_tp06_sl065,2023-03-15 12:00:00+00:00,STAGE28A,data/reports/stage28a_discovery_factory_batch_runner/stage28a_exact_trades.csv,volatility_transition_v1,vol_trans_follow_h1_low_to_high_h12_tp06_sl065,-2.5931500000000143,-3.643150000000014,-4.343150000000014,0,0,0,1,3.643150000000014,18.75,5.6599999999998545,0.24558303886924177,24.029999999999973,0.28381190178942756,11.990000000000009,4.520500000000004,0.696,1.0,,,12,2,3.0,2023
2023-03-16 12:00:00+00:00|1.0|vol_trans_follow_h1_low_to_high_h12_tp06_sl065,2023-03-16 12:00:00+00:00,STAGE28A,data/reports/stage28a_discovery_factory_batch_runner/stage28a_exact_trades.csv,volatility_transition_v1,vol_trans_follow_h1_low_to_high_h12_tp06_sl065,-2.523925000000054,-3.5739250000000538,-4.2739250000000535,0,0,0,1,3.5739250000000538,51.57999999999993,16.930000000000064,0.24453632604843972,10.720000000000027,0.868470149253724,4.470000000000027,7.001999999999976,0.804,1.0,,,12,3,3.0,2023
2023-03-17 12:00:00+00:00|1.0|vol_trans_follow_h1_low_to_high_h12_tp06_sl065,2023-03-17 12:00:00+00:00,STAGE28A,data/reports/stage28a_discovery_factory_batch_runner/stage28a_exact_trades.csv,volatility_transition_v1,vol_trans_follow_h1_low_to_high_h12_tp06_sl065,1.161400000000094,0.1114000000000943,-0.5885999999999054,1,0,0,0,0.1114000000000943,25.8599999999999,12.769999999999982,0.8300704776820792,6.980000000000018,0.04154727793695743,4.809999999999945,4.847999999999968,0.572,1.0,,,12,4,3.0,2023
2023-03-20 12:00:00+00:00|-1.0|vol_trans_follow_h1_low_to_high_h12_tp06_sl065,2023-03-20 12:00:00+00:00,STAGE28A,data/reports/stage28a_discovery_factory_batch_runner/stage28a_exact_trades.csv,volatility_transition_v1,vol_trans_follow_h1_low_to_high_h12_tp06_sl065,3.663400000000047,2.613400000000047,1.9134000000000475,1,1,1,0,2.613400000000047,15.549999999999955,22.420000000000073,0.4214986619090105,35.87000000000012,0.16085865625871099,15.449999999999818,10.298499999999967,0.98,-1.0,,,12,0,3.0,2023
2023-03-21 12:00:00+00:00|1.0|vol_trans_follow_h1_low_to_high_h12_tp06_sl065,2023-03-21 12:00:00+00:00,STAGE28A,data/reports/stage28a_discovery_factory_batch_runner/stage28a_exact_trades.csv,volatility_transition_v1,vol_trans_follow_h1_low_to_high_h12_tp06_sl065,1.6635999999999966,0.6135999999999968,-0.0864000000000029,1,0,1,0,0.6135999999999968,43.950000000000045,9.779999999999973,0.33742331288343186,20.310000000000173,0.6233382570162357,4.379999999999882,5.707499999999982,0.488,1.0,,,12,1,3.0,2023
2023-03-22 12:00:00+00:00|1.0|vol_trans_follow_h1_low_to_high_h12_tp06_sl065,2023-03-22 12:00:00+00:00,STAGE28A,data/reports/stage28a_discovery_factory_batch_runner/stage28a_exact_trades.csv,volatility_transition_v1,vol_trans_follow_h1_low_to_high_h12_tp06_sl065,-2.1495250000001307,-3.1995250000001305,-3.89952500000013,0,0,0,1,3.1995250000001305,49.75,8.330000000000155,0.03121248499399593,11.389999999999873,0.2906057945566271,3.740000000000009,5.030500000000063,0.3,1.0,,,12,2,3.0,2023
2023-03-23 12:00:00+00:00|1.0|vol_trans_follow_h1_low_to_high_h12_tp06_sl065,2023-03-23 12:00:00+00:00,STAGE28A,data/reports/stage28a_discovery_factory_batch_runner/stage28a_exact_trades.csv,volatility_transition_v1,vol_trans_follow_h1_low_to_high_h12_tp06_sl065,1.679500000000098,0.6295000000000983,-0.0704999999999014,1,0,1,0,0.6295000000000983,44.49000000000001,13.700000000000045,0.5751824817518143,9.3599999999999,0.01816239316240113,3.9299999999998363,7.823000000000002,0.704,1.0,,,12,3,3.0,2023
2023-03-24 12:00:00+00:00|1.0|vol_trans_follow_h1_low_to_high_h12_tp06_sl065,2023-03-24 12:00:00+00:00,STAGE28A,data/reports/stage28a_discovery_factory_batch_runner/stage28a_exact_trades.csv,volatility_transition_v1,vol_trans_follow_h1_low_to_high_h12_tp06_sl065,-2.4956499999999324,-3.545649999999932,-4.245649999999932,0,0,0,1,3.545649999999932,38.76999999999998,5.119999999999891,0.011718750000034,19.029999999999973,0.026799789805569713,9.509999999999991,6.3104999999999905,0.432,1.0,,,12,4,3.0,2023
2023-03-27 12:00:00+00:00|-1.0|vol_trans_follow_h1_low_to_high_h12_tp06_sl065,2023-03-27 12:00:00+00:00,STAGE28A,data/reports/stage28a_discovery_factory_batch_runner/stage28a_exact_trades.csv,volatility_transition_v1,vol_trans_follow_h1_low_to_high_h12_tp06_sl065,1.1682999999999537,0.1182999999999538,-0.5817000000000458,1,0,0,0,0.1182999999999538,10.569999999999936,10.569999999999936,0.07473982970671413,19.519999999999982,0.9508196721311456,4.849999999999909,6.034500000000025,0.284,-1.0,,,12,0,3.0,2023
2023-03-28 12:00:00+00:00|-1.0|vol_trans_follow_h1_low_to_high_h12_tp06_sl065,2023-03-28 12:00:00+00:00,STAGE28A,data/reports/stage28a_discovery_factory_batch_runner/stage28a_exact_trades.csv,volatility_transition_v1,vol_trans_follow_h1_low_to_high_h12_tp06_sl065,1.2360999999999875,0.1860999999999877,-0.513900000000012,1,0,1,0,0.1860999999999877,35.899999999999864,8.460000000000036,0.280141843971644,11.63000000000011,0.5081685296646431,6.1599999999998545,4.2409999999999854,0.004,-1.0,,,12,1,3.0,2023
2023-03-29 12:00:00+00:00|1.0|vol_trans_follow_h1_low_to_high_h12_tp06_sl065,2023-03-29 12:00:00+00:00,STAGE28A,data/reports/stage28a_discovery_factory_batch_runner/stage28a_exact_trades.csv,volatility_transition_v1,vol_trans_follow_h1_low_to_high_h12_tp06_sl065,-1.7575749999999517,-2.8075749999999515,-3.5075749999999517,0,0,0,0,2.8075749999999515,26.100000000000136,8.519999999999982,0.7500000000000133,10.220000000000027,0.07827788649705993,3.7000000000000455,4.035500000000002,0.02,1.0,,,12,2,3.0,2023
2023-03-30 12:00:00+00:00|1.0|vol_trans_follow_h1_low_to_high_h12_tp06_sl065,2023-03-30 12:00:00+00:00,STAGE28A,data/reports/stage28a_discovery_factory_batch_runner/stage28a_exact_trades.csv,volatility_transition_v1,vol_trans_follow_h1_low_to_high_h12_tp06_sl065,0.9897999999999684,-0.0602000000000315,-0.7602000000000313,0,0,0,0,0.0602000000000315,15.759999999999991,9.539999999999964,0.4947589098532542,12.559999999999945,0.6162420382165639,3.619999999999891,4.312999999999965,0.088,1.0,,,12,3,3.0,2023
2023-03-31 12:00:00+00:00|-1.0|vol_trans_follow_h1_low_to_high_h12_tp06_sl065,2023-03-31 12:00:00+00:00,STAGE28A,data/reports/stage28a_discovery_factory_batch_runner/stage28a_exact_trades.csv,volatility_transition_v1,vol_trans_follow_h1_low_to_high_h12_tp06_sl065,1.0657000000000152,0.0157000000000153,-0.6842999999999844,1,0,0,0,0.0157000000000153,28.910000000000082,5.970000000000027,0.3417085427135983,11.840000000000146,0.22972972972972922,5.520000000000209,4.092499999999961,0.096,-1.0,,,12,4,3.0,2023
2023-04-03 12:00:00+00:00|1.0|vol_trans_follow_h1_low_to_high_h12_tp06_sl065,2023-04-03 12:00:00+00:00,STAGE28A,data/reports/stage28a_discovery_factory_batch_runner/stage28a_exact_trades.csv,volatility_transition_v1,vol_trans_follow_h1_low_to_high_h12_tp06_sl065,1.1319999999999708,0.0819999999999709,-0.6180000000000287,1,0,0,0,0.0819999999999709,12.190000000000055,22.549999999999955,0.4736141906873652,16.539999999999964,0.8657799274486074,5.230000000000018,6.5159999999999965,0.64,1.0,,,12,0,4.0,2023
2023-04-04 12:00:00+00:00|-1.0|vol_trans_follow_h1_low_to_high_h12_tp06_sl065,2023-04-04 12:00:00+00:00,STAGE28A,data/reports/stage28a_discovery_factory_batch_runner/stage28a_exact_trades.csv,volatility_transition_v1,vol_trans_follow_h1_low_to_high_h12_tp06_sl065,0.8985999999998967,-0.1514000000001032,-0.851400000000103,0,0,0,0,0.1514000000001032,40.72000000000003,7.680000000000064,0.7552083333333508,7.259999999999991,0.6680440771350059,3.9700000000000273,4.396500000000015,0.216,-1.0,,,12,1,4.0,2023
2023-04-05 12:00:00+00:00|-1.0|vol_trans_follow_h1_low_to_high_h12_tp06_sl065,2023-04-05 12:00:00+00:00,STAGE28A,data/reports/stage28a_discovery_factory_batch_runner/stage28a_exact_trades.csv,volatility_transition_v1,vol_trans_follow_h1_low_to_high_h12_tp06_sl065,-1.6509749999998804,-2.70097499999988,-3.40097499999988,0,0,0,0,2.70097499999988,48.01999999999998,5.910000000000082,0.4027072758037354,6.6099999999999,0.22541603630862808,4.899999999999864,5.217000000000041,0.468,-1.0,,,12,2,4.0,2023
2023-04-06 12:00:00+00:00|1.0|vol_trans_follow_h1_low_to_high_h12_tp06_sl065,2023-04-06 12:00:00+00:00,STAGE28A,data/reports/stage28a_discovery_factory_batch_runner/stage28a_exact_trades.csv,volatility_transition_v1,vol_trans_follow_h1_low_to_high_h12_tp06_sl065,-1.7133749999999055,-2.7633749999999053,-3.463374999999905,0,0,0,0,2.7633749999999053,22.069999999999936,13.549999999999955,0.6664206642066423,9.879999999999882,0.8289473684210681,4.819999999999936,4.825000000000012,0.408,1.0,,,12,3,4.0,2023
2023-04-10 12:00:00+00:00|-1.0|vol_trans_follow_h1_low_to_high_h12_tp06_sl065,2023-04-10 12:00:00+00:00,STAGE28A,data/reports/stage28a_discovery_factory_batch_runner/stage28a_exact_trades.csv,volatility_transition_v1,vol_trans_follow_h1_low_to_high_h12_tp06_sl065,0.7006000000000313,-0.3493999999999686,-1.0493999999999684,0,0,0,0,0.3493999999999686,17.029999999999973,17.65000000000009,0.8271954674220869,12.220000000000027,0.786415711947617,3.410000000000082,5.5490000000000235,0.632,-1.0,,,12,0,4.0,2023
2023-04-11 12:00:00+00:00|1.0|vol_trans_follow_h1_low_to_high_h12_tp06_sl065,2023-04-11 12:00:00+00:00,STAGE28A,data/reports/stage28a_discovery_factory_batch_runner/stage28a_exact_trades.csv,volatility_transition_v1,vol_trans_follow_h1_low_to_high_h12_tp06_sl065,0.8949999999998909,-0.155000000000109,-0.8550000000001088,0,0,0,0,0.155000000000109,24.860000000000127,9.349999999999909,0.6588235294117799,10.100000000000136,0.6920792079207836,6.210000000000036,3.82199999999998,0.096,1.0,,,12,1,4.0,2023
2023-04-12 12:00:00+00:00|-1.0|vol_trans_follow_h1_low_to_high_h12_tp06_sl065,2023-04-12 12:00:00+00:00,STAGE28A,data/reports/stage28a_discovery_factory_batch_runner/stage28a_exact_trades.csv,volatility_transition_v1,vol_trans_follow_h1_low_to_high_h12_tp06_sl065,0.9108999999999924,-0.1391000000000075,-0.8391000000000073,0,0,0,0,0.1391000000000075,18.610000000000127,16.36999999999989,0.8173488087965912,12.539999999999964,0.4976076555023945,4.709999999999809,4.030999999999961,0.232,-1.0,,,12,2,4.0,2023
2023-04-13 12:00:00+00:00|1.0|vol_trans_follow_h1_low_to_high_h12_tp06_sl065,2023-04-13 12:00:00+00:00,STAGE28A,data/reports/stage28a_discovery_factory_batch_runner/stage28a_exact_trades.csv,volatility_transition_v1,vol_trans_follow_h1_low_to_high_h12_tp06_sl065,-1.717925000000014,-2.7679250000000137,-3.467925000000013,0,0,0,0,2.7679250000000137,27.13000000000011,6.1400000000001,0.3697068403908705,13.950000000000045,0.6566308243727635,4.710000000000036,5.147999999999991,0.656,1.0,,,12,3,4.0,2023
2023-04-14 12:00:00+00:00|-1.0|vol_trans_follow_h1_low_to_high_h12_tp06_sl065,2023-04-14 12:00:00+00:00,STAGE28A,data/reports/stage28a_discovery_factory_batch_runner/stage28a_exact_trades.csv,volatility_transition_v1,vol_trans_follow_h1_low_to_high_h12_tp06_sl065,-1.9632999999999807,-3.013299999999981,-3.7132999999999807,0,0,0,0,3.013299999999981,35.00999999999999,8.809999999999945,0.5595913734392842,14.690000000000055,0.43567052416610397,7.529999999999973,4.707000000000027,0.436,-1.0,,,12,4,4.0,2023
2023-04-17 12:00:00+00:00|-1.0|vol_trans_follow_h1_low_to_high_h12_tp06_sl065,2023-04-17 12:00:00+00:00,STAGE28A,data/reports/stage28a_discovery_factory_batch_runner/stage28a_exact_trades.csv,volatility_transition_v1,vol_trans_follow_h1_low_to_high_h12_tp06_sl065,1.1281000000000403,0.0781000000000404,-0.6218999999999593,1,0,0,0,0.0781000000000404,7.0,10.759999999999991,0.30669144981412244,11.329999999999927,0.5216240070608907,4.430000000000064,6.118000000000018,0.788,-1.0,,,12,0,4.0,2023
2023-04-18 12:00:00+00:00|1.0|vol_trans_follow_h1_low_to_high_h12_tp06_sl065,2023-04-18 12:00:00+00:00,STAGE28A,data/reports/stage28a_discovery_factory_batch_runner/stage28a_exact_trades.csv,volatility_transition_v1,vol_trans_follow_h1_low_to_high_h12_tp06_sl065,-1.6795749999999772,-2.729574999999977,-3.4295749999999767,0,0,0,0,2.729574999999977,33.8900000000001,8.5,0.6588235294117808,8.699999999999818,0.10919540229885809,3.2100000000000364,4.388999999999965,0.228,1.0,,,12,1,4.0,2023
2023-04-19 12:00:00+00:00|-1.0|vol_trans_follow_h1_low_to_high_h12_tp06_sl065,2023-04-19 12:00:00+00:00,STAGE28A,data/reports/stage28a_discovery_factory_batch_runner/stage28a_exact_trades.csv,volatility_transition_v1,vol_trans_follow_h1_low_to_high_h12_tp06_sl065,1.7985999999999875,0.7485999999999877,0.0485999999999879,1,1,1,0,0.7485999999999877,20.6099999999999,6.189999999999827,0.34087237479809146,31.710000000000036,0.9274676758120481,14.740000000000009,5.0615000000000006,0.536,-1.0,,,12,2,4.0,2023
2023-04-20 12:00:00+00:00|-1.0|vol_trans_follow_h1_low_to_high_h12_tp06_sl065,2023-04-20 12:00:00+00:00,STAGE28A,data/reports/stage28a_discovery_factory_batch_runner/stage28a_exact_trades.csv,volatility_transition_v1,vol_trans_follow_h1_low_to_high_h12_tp06_sl065,-1.7877999999999248,-2.8377999999999246,-3.5377999999999243,0,0,0,0,2.8377999999999246,38.95999999999981,8.179999999999836,0.20904645476773479,9.779999999999973,0.6932515337423304,4.539999999999964,4.351500000000021,0.276,-1.0,,,12,3,4.0,2023
2023-04-21 12:00:00+00:00|1.0|vol_trans_follow_h1_low_to_high_h12_tp06_sl065,2023-04-21 12:00:00+00:00,STAGE28A,data/reports/stage28a_discovery_factory_batch_runner/stage28a_exact_trades.csv,volatility_transition_v1,vol_trans_follow_h1_low_to_high_h12_tp06_sl065,1.5858999999999468,0.535899999999947,-0.1641000000000527,1,0,1,0,0.535899999999947,21.839999999999918,4.940000000000055,0.5161943319837907,20.37999999999988,0.7850834151128603,5.490000000000009,4.761000000000036,0.404,1.0,,,12,4,4.0,2023
2023-04-24 12:00:00+00:00|1.0|vol_trans_follow_h1_low_to_high_h12_tp06_sl065,2023-04-24 12:00:00+00:00,STAGE28A,data/reports/stage28a_discovery_factory_batch_runner/stage28a_exact_trades.csv,volatility_transition_v1,vol_trans_follow_h1_low_to_high_h12_tp06_sl065,0.9850000000000364,-0.0649999999999635,-0.7649999999999633,0,0,0,0,0.0649999999999635,3.790000000000191,6.7999999999999545,0.4735294117647131,10.459999999999809,0.22179732313575323,4.410000000000082,5.368000000000018,0.588,1.0,,,12,0,4.0,2023
2023-04-25 12:00:00+00:00|-1.0|vol_trans_follow_h1_low_to_high_h12_tp06_sl065,2023-04-25 12:00:00+00:00,STAGE28A,data/reports/stage28a_discovery_factory_batch_runner/stage28a_exact_trades.csv,volatility_transition_v1,vol_trans_follow_h1_low_to_high_h12_tp06_sl065,1.1673999999999525,0.1173999999999524,-0.5826000000000473,1,0,0,0,0.1173999999999524,18.579999999999927,12.269999999999982,0.013039934800332689,10.289999999999964,0.4528668610301359,4.139999999999873,4.977499999999987,0.528,-1.0,,,12,1,4.0,2023
2023-04-26 12:00:00+00:00|-1.0|vol_trans_follow_h1_low_to_high_h12_tp06_sl065,2023-04-26 12:00:00+00:00,STAGE28A,data/reports/stage28a_discovery_factory_batch_runner/stage28a_exact_trades.csv,volatility_transition_v1,vol_trans_follow_h1_low_to_high_h12_tp06_sl065,0.8040999999999713,-0.2459000000000286,-0.9459000000000284,0,0,0,0,0.2459000000000286,27.710000000000036,9.230000000000018,0.37811484290357555,6.069999999999936,0.7726523887973812,2.9300000000000637,4.840999999999985,0.404,-1.0,,,12,2,4.0,2023
2023-04-27 12:00:00+00:00|-1.0|vol_trans_follow_h1_low_to_high_h12_tp06_sl065,2023-04-27 12:00:00+00:00,STAGE28A,data/reports/stage28a_discovery_factory_batch_runner/stage28a_exact_trades.csv,volatility_transition_v1,vol_trans_follow_h1_low_to_high_h12_tp06_sl065,1.0251999999999497,-0.0248000000000501,-0.7248000000000498,0,0,0,0,0.0248000000000501,25.920000000000073,11.960000000000036,0.8127090301003342,6.400000000000091,0.44687499999997804,2.349999999999909,4.818500000000029,0.368,-1.0,,,12,3,4.0,2023
2023-04-28 12:00:00+00:00|1.0|vol_trans_follow_h1_low_to_high_h12_tp06_sl065,2023-04-28 12:00:00+00:00,STAGE28A,data/reports/stage28a_discovery_factory_batch_runner/stage28a_exact_trades.csv,volatility_transition_v1,vol_trans_follow_h1_low_to_high_h12_tp06_sl065,0.9999999999999092,-0.0500000000000908,-0.7500000000000906,0,0,0,0,0.0500000000000908,29.029999999999973,6.509999999999991,0.32872503840243866,10.569999999999936,0.5619678334909993,3.9300000000000637,4.277499999999998,0.144,1.0,,,12,4,4.0,2023
2023-05-01 12:00:00+00:00|-1.0|vol_trans_follow_h1_low_to_high_h12_tp06_sl065,2023-05-01 12:00:00+00:00,STAGE28A,data/reports/stage28a_discovery_factory_batch_runner/stage28a_exact_trades.csv,volatility_transition_v1,vol_trans_follow_h1_low_to_high_h12_tp06_sl065,0.6631000000001223,-0.3868999999998777,-1.0868999999998774,0,0,0,0,0.3868999999998777,3.2999999999999545,11.25,0.5164444444444396,9.319999999999936,0.14377682403432696,4.180000000000064,4.103000000000032,0.096,-1.0,,,12,0,5.0,2023
2023-05-03 12:00:00+00:00|1.0|vol_trans_follow_h1_low_to_high_h12_tp06_sl065,2023-05-03 12:00:00+00:00,STAGE28A,data/reports/stage28a_discovery_factory_batch_runner/stage28a_exact_trades.csv,volatility_transition_v1,vol_trans_follow_h1_low_to_high_h12_tp06_sl065,0.6255999999999858,-0.4244000000000141,-1.1244000000000138,0,0,0,0,0.4244000000000141,40.909999999999854,4.5300000000002,0.6247240618101109,6.770000000000209,0.20531757754798075,2.4300000000000637,4.608499999999992,0.342,1.0,,,12,2,5.0,2023
2023-05-04 12:00:00+00:00|-1.0|vol_trans_follow_h1_low_to_high_h12_tp06_sl065,2023-05-04 12:00:00+00:00,STAGE28A,data/reports/stage28a_discovery_factory_batch_runner/stage28a_exact_trades.csv,volatility_transition_v1,vol_trans_follow_h1_low_to_high_h12_tp06_sl065,-2.1095499999999903,-3.15954999999999,-3.85954999999999,0,0,0,1,3.15954999999999,50.37000000000012,39.94999999999982,0.3902377972465636,14.970000000000027,0.2077488309953169,4.420000000000073,9.32650000000002,0.996,-1.0,,,12,3,5.0,2023
2023-05-05 12:00:00+00:00|-1.0|vol_trans_follow_h1_low_to_high_h12_tp06_sl065,2023-05-05 12:00:00+00:00,STAGE28A,data/reports/stage28a_discovery_factory_batch_runner/stage28a_exact_trades.csv,volatility_transition_v1,vol_trans_follow_h1_low_to_high_h12_tp06_sl065,0.8649999999999182,-0.1850000000000817,-0.8850000000000815,0,0,0,0,0.1850000000000817,47.87999999999988,7.529999999999973,0.10092961487380694,13.800000000000182,0.8630434782608641,2.790000000000191,5.518000000000006,0.684,-1.0,,,12,4,5.0,2023
2023-05-08 12:00:00+00:00|1.0|vol_trans_follow_h1_low_to_high_h12_tp06_sl065,2023-05-08 12:00:00+00:00,STAGE28A,data/reports/stage28a_discovery_factory_batch_runner/stage28a_exact_trades.csv,volatility_transition_v1,vol_trans_follow_h1_low_to_high_h12_tp06_sl065,0.5820999999999913,-0.4679000000000086,-1.1679000000000084,0,0,0,0,0.4679000000000086,3.8199999999999363,9.689999999999827,0.8926728586171329,4.629999999999882,0.12526997840176446,3.099999999999909,4.463499999999977,0.24,1.0,,,12,0,5.0,2023
2023-05-11 12:00:00+00:00|-1.0|vol_trans_follow_h1_low_to_high_h12_tp06_sl065,2023-05-11 12:00:00+00:00,STAGE28A,data/reports/stage28a_discovery_factory_batch_runner/stage28a_exact_trades.csv,volatility_transition_v1,vol_trans_follow_h1_low_to_high_h12_tp06_sl065,-1.8612500000000185,-2.911250000000018,-3.611250000000018,0,0,0,0,2.911250000000018,26.679999999999836,7.099999999999909,0.10563380281690277,11.410000000000082,0.47414548641542886,3.7200000000000273,4.563499999999976,0.408,-1.0,,,12,3,5.0,2023
2023-05-12 12:00:00+00:00|-1.0|vol_trans_follow_h1_low_to_high_h12_tp06_sl065,2023-05-12 12:00:00+00:00,STAGE28A,data/reports/stage28a_discovery_factory_batch_runner/stage28a_exact_trades.csv,volatility_transition_v1,vol_trans_follow_h1_low_to_high_h12_tp06_sl065,0.9165999999999258,-0.1334000000000741,-0.8334000000000739,0,0,0,0,0.1334000000000741,30.1400000000001,8.960000000000036,0.4832589285714185,11.710000000000036,0.7532023911186941,4.220000000000027,5.039500000000009,0.552,-1.0,,,12,4,5.0,2023
2023-05-15 12:00:00+00:00|-1.0|vol_trans_follow_h1_low_to_high_h12_tp06_sl065,2023-05-15 12:00:00+00:00,STAGE28A,data/reports/stage28a_discovery_factory_batch_runner/stage28a_exact_trades.csv,volatility_transition_v1,vol_trans_follow_h1_low_to_high_h12_tp06_sl065,0.7986999999999626,-0.2513000000000374,-0.9513000000000372,0,0,0,0,0.2513000000000374,4.789999999999964,11.710000000000036,0.2613151152860748,7.720000000000027,0.3121761658031183,3.8299999999999272,4.288499999999999,0.328,-1.0,,,12,0,5.0,2023
2023-05-19 12:00:00+00:00|-1.0|vol_trans_follow_h1_low_to_high_h12_tp06_sl065,2023-05-19 12:00:00+00:00,STAGE28A,data/reports/stage28a_discovery_factory_batch_runner/stage28a_exact_trades.csv,volatility_transition_v1,vol_trans_follow_h1_low_to_high_h12_tp06_sl065,-1.702975000000015,-2.752975000000015,-3.4529750000000146,0,0,0,0,2.752975000000015,33.97999999999979,9.659999999999854,0.4906832298136729,8.100000000000136,0.5469135802469123,2.9400000000000546,4.0184999999999835,0.464,-1.0,,,12,4,5.0,2023
2023-05-22 12:00:00+00:00|1.0|vol_trans_follow_h1_low_to_high_h12_tp06_sl065,2023-05-22 12:00:00+00:00,STAGE28A,data/reports/stage28a_discovery_factory_batch_runner/stage28a_exact_trades.csv,volatility_transition_v1,vol_trans_follow_h1_low_to_high_h12_tp06_sl065,-1.6886749999999666,-2.7386749999999664,-3.438674999999966,0,0,0,0,2.7386749999999664,4.360000000000127,6.099999999999909,0.3639344262295181,11.349999999999909,0.16123348017620634,5.620000000000118,5.354000000000019,0.812,1.0,,,12,0,5.0,2023
2023-05-23 12:00:00+00:00|1.0|vol_trans_follow_h1_low_to_high_h12_tp06_sl065,2023-05-23 12:00:00+00:00,STAGE28A,data/reports/stage28a_discovery_factory_batch_runner/stage28a_exact_trades.csv,volatility_transition_v1,vol_trans_follow_h1_low_to_high_h12_tp06_sl065,1.03779999999997,-0.0122000000000297,-0.7122000000000295,0,0,0,0,0.0122000000000297,13.670000000000073,12.319999999999936,0.6915584415584437,10.339999999999918,0.5483558994197406,6.449999999999818,4.186499999999978,0.512,1.0,,,12,1,5.0,2023
2023-05-24 12:00:00+00:00|1.0|vol_trans_follow_h1_low_to_high_h12_tp06_sl065,2023-05-24 12:00:00+00:00,STAGE28A,data/reports/stage28a_discovery_factory_batch_runner/stage28a_exact_trades.csv,volatility_transition_v1,vol_trans_follow_h1_low_to_high_h12_tp06_sl065,1.101399999999921,0.0513999999999215,-0.6486000000000782,1,0,0,0,0.0513999999999215,23.449999999999818,4.529999999999973,0.0883002207505223,9.820000000000164,0.036659877800396534,4.1599999999998545,4.439499999999998,0.568,1.0,,,12,2,5.0,2023
2023-05-25 12:00:00+00:00|1.0|vol_trans_follow_h1_low_to_high_h12_tp06_sl065,2023-05-25 12:00:00+00:00,STAGE28A,data/reports/stage28a_discovery_factory_batch_runner/stage28a_exact_trades.csv,volatility_transition_v1,vol_trans_follow_h1_low_to_high_h12_tp06_sl065,0.7594000000000506,-0.2905999999999493,-0.9905999999999492,0,0,0,0,0.2905999999999493,28.560000000000173,6.789999999999964,0.5729013254786629,9.850000000000136,0.39187817258884,5.5499999999999545,4.723500000000001,0.632,1.0,,,12,3,5.0,2023
2023-05-26 12:00:00+00:00|-1.0|vol_trans_follow_h1_low_to_high_h12_tp06_sl065,2023-05-26 12:00:00+00:00,STAGE28A,data/reports/stage28a_discovery_factory_batch_runner/stage28a_exact_trades.csv,volatility_transition_v1,vol_trans_follow_h1_low_to_high_h12_tp06_sl065,-1.739699999999948,-2.789699999999948,-3.489699999999948,0,0,0,0,2.789699999999948,25.910000000000082,12.120000000000118,0.5140264026402606,10.289999999999964,0.5053449951409197,5.3400000000001455,4.305500000000018,0.48,-1.0,,,12,4,5.0,2023
2023-06-01 12:00:00+00:00|1.0|vol_trans_follow_h1_low_to_high_h12_tp06_sl065,2023-06-01 12:00:00+00:00,STAGE28A,data/reports/stage28a_discovery_factory_batch_runner/stage28a_exact_trades.csv,volatility_transition_v1,vol_trans_follow_h1_low_to_high_h12_tp06_sl065,-1.494974999999931,-2.544974999999931,-3.244974999999931,0,0,0,0,2.544974999999931,21.13000000000011,5.470000000000027,0.40036563071298786,12.440000000000055,0.31511254019291224,3.4200000000000728,4.338000000000022,0.484,1.0,,,12,3,6.0,2023
2023-06-05 12:00:00+00:00|1.0|vol_trans_follow_h1_low_to_high_h12_tp06_sl065,2023-06-05 12:00:00+00:00,STAGE28A,data/reports/stage28a_discovery_factory_batch_runner/stage28a_exact_trades.csv,volatility_transition_v1,vol_trans_follow_h1_low_to_high_h12_tp06_sl065,-1.6135999999999968,-2.6635999999999966,-3.3635999999999964,0,0,0,0,2.6635999999999966,3.5399999999999636,6.1099999999999,0.2929623567921429,8.799999999999955,0.2590909090909073,5.25,4.456000000000029,0.512,1.0,,,12,0,6.0,2023
2023-06-08 12:00:00+00:00|1.0|vol_trans_follow_h1_low_to_high_h12_tp06_sl065,2023-06-08 12:00:00+00:00,STAGE28A,data/reports/stage28a_discovery_factory_batch_runner/stage28a_exact_trades.csv,volatility_transition_v1,vol_trans_follow_h1_low_to_high_h12_tp06_sl065,0.7317999999999302,-0.3182000000000697,-1.0182000000000695,0,0,0,0,0.3182000000000697,30.329999999999927,7.440000000000055,0.5349462365591383,6.319999999999936,0.011075949367078645,2.3799999999998818,4.5735000000000126,0.656,1.0,,,12,3,6.0,2023
2023-06-14 12:00:00+00:00|1.0|vol_trans_follow_h1_low_to_high_h12_tp06_sl065,2023-06-14 12:00:00+00:00,STAGE28A,data/reports/stage28a_discovery_factory_batch_runner/stage28a_exact_trades.csv,volatility_transition_v1,vol_trans_follow_h1_low_to_high_h12_tp06_sl065,0.6916000000000168,-0.3583999999999832,-1.058399999999983,0,0,0,0,0.3583999999999832,30.730000000000018,7.240000000000009,0.7223756906077364,7.639999999999873,0.2683246073298414,2.5100000000002183,4.04100000000002,0.568,1.0,,,12,2,6.0,2023
2023-06-15 12:00:00+00:00|-1.0|vol_trans_follow_h1_low_to_high_h12_tp06_sl065,2023-06-15 12:00:00+00:00,STAGE28A,data/reports/stage28a_discovery_factory_batch_runner/stage28a_exact_trades.csv,volatility_transition_v1,vol_trans_follow_h1_low_to_high_h12_tp06_sl065,1.1409999999999854,0.0909999999999855,-0.6090000000000142,1,0,0,0,0.0909999999999855,20.580000000000155,12.930000000000064,0.713070378963649,10.7800000000002,0.09090909090909091,3.8099999999999454,5.0829999999999815,0.948,-1.0,,,12,3,6.0,2023
2023-06-16 12:00:00+00:00|1.0|vol_trans_follow_h1_low_to_high_h12_tp06_sl065,2023-06-16 12:00:00+00:00,STAGE28A,data/reports/stage28a_discovery_factory_batch_runner/stage28a_exact_trades.csv,volatility_transition_v1,vol_trans_follow_h1_low_to_high_h12_tp06_sl065,0.8398000000001048,-0.2101999999998951,-0.9101999999998948,0,0,0,0,0.2101999999998951,35.600000000000136,6.8900000000001,0.27576197387519064,10.069999999999936,0.7636544190665445,4.029999999999973,4.221000000000027,0.6,1.0,,,12,4,6.0,2023
2023-06-26 12:00:00+00:00|1.0|vol_trans_follow_h1_low_to_high_h12_tp06_sl065,2023-06-26 12:00:00+00:00,STAGE28A,data/reports/stage28a_discovery_factory_batch_runner/stage28a_exact_trades.csv,volatility_transition_v1,vol_trans_follow_h1_low_to_high_h12_tp06_sl065,-1.4940000000000055,-2.5440000000000054,-3.244000000000005,0,0,0,0,2.5440000000000054,3.490000000000009,5.870000000000118,0.12776831345825979,11.200000000000045,0.3928571428571494,4.430000000000064,3.8724999999999907,0.448,1.0,,,12,0,6.0,2023
2023-07-10 12:00:00+00:00|1.0|vol_trans_follow_h1_low_to_high_h12_tp06_sl065,2023-07-10 12:00:00+00:00,STAGE28A,data/reports/stage28a_discovery_factory_batch_runner/stage28a_exact_trades.csv,volatility_transition_v1,vol_trans_follow_h1_low_to_high_h12_tp06_sl065,0.5020000000000892,-0.5479999999999108,-1.2479999999999103,0,0,0,0,0.5479999999999108,4.289999999999964,5.559999999999945,0.3992805755395772,6.920000000000073,0.0765895953757178,2.9400000000000546,4.028499999999997,0.76,1.0,,,12,0,7.0,2023
2023-07-13 12:00:00+00:00|-1.0|vol_trans_follow_h1_low_to_high_h12_tp06_sl065,2023-07-13 12:00:00+00:00,STAGE28A,data/reports/stage28a_discovery_factory_batch_runner/stage28a_exact_trades.csv,volatility_transition_v1,vol_trans_follow_h1_low_to_high_h12_tp06_sl065,0.8574999999999818,-0.1925000000000181,-0.8925000000000178,0,0,0,0,0.1925000000000181,27.560000000000173,6.690000000000055,0.38415545590432215,8.11999999999989,0.035714285714281716,2.589999999999918,3.8634999999999993,0.708,-1.0,,,12,3,7.0,2023
2023-07-19 12:00:00+00:00|-1.0|vol_trans_follow_h1_low_to_high_h12_tp06_sl065,2023-07-19 12:00:00+00:00,STAGE28A,data/reports/stage28a_discovery_factory_batch_runner/stage28a_exact_trades.csv,volatility_transition_v1,vol_trans_follow_h1_low_to_high_h12_tp06_sl065,0.7026999999999589,-0.347300000000041,-1.0473000000000408,0,0,0,0,0.347300000000041,30.559999999999945,4.790000000000191,0.6847599164926601,7.9500000000000455,0.21509433962264485,1.9099999999998545,3.7074999999999934,0.612,-1.0,,,12,2,7.0,2023
2023-07-27 12:00:00+00:00|-1.0|vol_trans_follow_h1_low_to_high_h12_tp06_sl065,2023-07-27 12:00:00+00:00,STAGE28A,data/reports/stage28a_discovery_factory_batch_runner/stage28a_exact_trades.csv,volatility_transition_v1,vol_trans_follow_h1_low_to_high_h12_tp06_sl065,0.8097999999999047,-0.2402000000000952,-0.940200000000095,0,0,0,0,0.2402000000000952,16.339999999999918,11.230000000000018,0.40783615316118854,8.529999999999973,0.30480656506449527,5.329999999999927,4.56949999999996,0.996,-1.0,,,12,3,7.0,2023
2023-07-28 12:00:00+00:00|-1.0|vol_trans_follow_h1_low_to_high_h12_tp06_sl065,2023-07-28 12:00:00+00:00,STAGE28A,data/reports/stage28a_discovery_factory_batch_runner/stage28a_exact_trades.csv,volatility_transition_v1,vol_trans_follow_h1_low_to_high_h12_tp06_sl065,-1.715974999999935,-2.765974999999935,-3.4659749999999345,0,0,0,0,2.765974999999935,39.559999999999945,9.389999999999873,0.7816826411075873,8.8900000000001,0.2598425196850303,2.6100000000001273,4.498500000000002,0.904,-1.0,,,12,4,7.0,2023
2023-08-02 12:00:00+00:00|1.0|vol_trans_follow_h1_low_to_high_h12_tp06_sl065,2023-08-02 12:00:00+00:00,STAGE28A,data/reports/stage28a_discovery_factory_batch_runner/stage28a_exact_trades.csv,volatility_transition_v1,vol_trans_follow_h1_low_to_high_h12_tp06_sl065,-1.4270500000000994,-2.4770500000000992,-3.177050000000099,0,0,0,0,2.4770500000000992,24.850000000000136,8.789999999999964,0.2104664391353975,6.620000000000118,0.055891238670711725,3.519999999999982,3.4915000000000305,0.36,1.0,,,12,2,8.0,2023
2023-09-21 12:00:00+00:00|-1.0|vol_trans_follow_h1_low_to_high_h12_tp06_sl065,2023-09-21 12:00:00+00:00,STAGE28A,data/reports/stage28a_discovery_factory_batch_runner/stage28a_exact_trades.csv,volatility_transition_v1,vol_trans_follow_h1_low_to_high_h12_tp06_sl065,-1.1296749999999975,-2.1796749999999974,-2.879674999999997,0,0,0,0,2.1796749999999974,19.519999999999982,7.350000000000136,0.3823129251700535,8.040000000000191,0.4440298507462785,4.559999999999945,3.8875000000000113,1.0,-1.0,,,12,3,9.0,2023
2023-09-28 12:00:00+00:00|-1.0|vol_trans_follow_h1_low_to_high_h12_tp06_sl065,2023-09-28 12:00:00+00:00,STAGE28A,data/reports/stage28a_discovery_factory_batch_runner/stage28a_exact_trades.csv,volatility_transition_v1,vol_trans_follow_h1_low_to_high_h12_tp06_sl065,-1.1862250000000132,-2.236225000000013,-2.9362250000000127,0,0,0,0,2.236225000000013,31.470000000000027,4.350000000000136,0.537931034482723,4.5499999999999545,0.27472527472527747,2.5499999999999545,3.367000000000007,0.864,-1.0,,,12,3,9.0,2023
2023-09-29 12:00:00+00:00|-1.0|vol_trans_follow_h1_low_to_high_h12_tp06_sl065,2023-09-29 12:00:00+00:00,STAGE28A,data/reports/stage28a_discovery_factory_batch_runner/stage28a_exact_trades.csv,volatility_transition_v1,vol_trans_follow_h1_low_to_high_h12_tp06_sl065,0.4914999999999964,-0.5585000000000035,-1.2585000000000033,0,0,0,0,0.5585000000000035,21.920000000000073,4.319999999999936,0.23379629629635026,10.939999999999827,0.9396709323583304,2.439999999999827,3.824499999999978,0.94,-1.0,,,12,4,9.0,2023
2023-10-02 12:00:00+00:00|-1.0|vol_trans_follow_h1_low_to_high_h12_tp06_sl065,2023-10-02 12:00:00+00:00,STAGE28A,data/reports/stage28a_discovery_factory_batch_runner/stage28a_exact_trades.csv,volatility_transition_v1,vol_trans_follow_h1_low_to_high_h12_tp06_sl065,-1.6230249999999615,-2.6730249999999613,-3.373024999999961,0,0,0,0,2.6730249999999613,5.180000000000064,6.080000000000155,0.4917763157894627,15.189999999999827,0.6036866359447122,3.730000000000018,4.725500000000011,0.992,-1.0,,,12,0,10.0,2023
2023-10-03 12:00:00+00:00|1.0|vol_trans_follow_h1_low_to_high_h12_tp06_sl065,2023-10-03 12:00:00+00:00,STAGE28A,data/reports/stage28a_discovery_factory_batch_runner/stage28a_exact_trades.csv,volatility_transition_v1,vol_trans_follow_h1_low_to_high_h12_tp06_sl065,0.8331999999999425,-0.2168000000000574,-0.9168000000000572,0,0,0,0,0.2168000000000574,21.720000000000027,14.25,0.5361403508772,11.009999999999991,0.5376930063578635,5.1400000000001,4.457500000000027,0.884,1.0,,,12,1,10.0,2023
2023-10-04 12:00:00+00:00|-1.0|vol_trans_follow_h1_low_to_high_h12_tp06_sl065,2023-10-04 12:00:00+00:00,STAGE28A,data/reports/stage28a_discovery_factory_batch_runner/stage28a_exact_trades.csv,volatility_transition_v1,vol_trans_follow_h1_low_to_high_h12_tp06_sl065,-1.498224999999911,-2.548224999999911,-3.248224999999911,0,0,0,0,2.548224999999911,18.170000000000073,5.2999999999999545,0.34905660377361364,7.849999999999909,0.1770700636942823,3.3600000000001273,4.197500000000036,0.78,-1.0,,,12,2,10.0,2023
2023-10-05 12:00:00+00:00|-1.0|vol_trans_follow_h1_low_to_high_h12_tp06_sl065,2023-10-05 12:00:00+00:00,STAGE28A,data/reports/stage28a_discovery_factory_batch_runner/stage28a_exact_trades.csv,volatility_transition_v1,vol_trans_follow_h1_low_to_high_h12_tp06_sl065,0.4572999999999411,-0.5927000000000588,-1.2927000000000586,0,0,0,0,0.5927000000000588,13.930000000000064,7.940000000000055,0.7607052896725629,9.490000000000009,0.6649104320337134,2.7100000000000364,3.573500000000024,0.524,-1.0,,,12,3,10.0,2023
2023-10-09 12:00:00+00:00|1.0|vol_trans_follow_h1_low_to_high_h12_tp06_sl065,2023-10-09 12:00:00+00:00,STAGE28A,data/reports/stage28a_discovery_factory_batch_runner/stage28a_exact_trades.csv,volatility_transition_v1,vol_trans_follow_h1_low_to_high_h12_tp06_sl065,0.7191999999999098,-0.3308000000000901,-1.03080000000009,0,0,0,0,0.3308000000000901,9.849999999999909,9.849999999999909,0.15532994923857735,6.470000000000027,0.006182380216377658,2.0499999999999545,5.518500000000006,0.968,1.0,,,12,0,10.0,2023
2023-10-10 12:00:00+00:00|1.0|vol_trans_follow_h1_low_to_high_h12_tp06_sl065,2023-10-10 12:00:00+00:00,STAGE28A,data/reports/stage28a_discovery_factory_batch_runner/stage28a_exact_trades.csv,volatility_transition_v1,vol_trans_follow_h1_low_to_high_h12_tp06_sl065,0.7087000000000444,-0.3412999999999555,-1.0412999999999553,0,0,0,0,0.3412999999999555,19.25999999999999,5.050000000000182,0.20792079207919142,7.339999999999918,0.5640326975477038,4.379999999999882,3.4924999999999953,0.364,1.0,,,12,1,10.0,2023
2023-10-16 12:00:00+00:00|1.0|vol_trans_follow_h1_low_to_high_h12_tp06_sl065,2023-10-16 12:00:00+00:00,STAGE28A,data/reports/stage28a_discovery_factory_batch_runner/stage28a_exact_trades.csv,volatility_transition_v1,vol_trans_follow_h1_low_to_high_h12_tp06_sl065,-1.7475000000000365,-2.7975000000000363,-3.497500000000036,0,0,0,0,2.7975000000000363,9.159999999999854,12.269999999999982,0.35207823960881585,12.190000000000055,0.31501230516816253,3.6299999999998818,5.090999999999974,0.884,1.0,,,12,0,10.0,2023
2023-10-18 12:00:00+00:00|-1.0|vol_trans_follow_h1_low_to_high_h12_tp06_sl065,2023-10-18 12:00:00+00:00,STAGE28A,data/reports/stage28a_discovery_factory_batch_runner/stage28a_exact_trades.csv,volatility_transition_v1,vol_trans_follow_h1_low_to_high_h12_tp06_sl065,-1.5326750000000176,-2.5826750000000174,-3.282675000000017,0,0,0,0,2.5826750000000174,19.200000000000045,19.519999999999982,0.6444672131147626,11.029999999999973,0.630099728014491,2.509999999999991,4.400499999999999,0.772,-1.0,,,12,2,10.0,2023
2023-10-19 12:00:00+00:00|1.0|vol_trans_follow_h1_low_to_high_h12_tp06_sl065,2023-10-19 12:00:00+00:00,STAGE28A,data/reports/stage28a_discovery_factory_batch_runner/stage28a_exact_trades.csv,volatility_transition_v1,vol_trans_follow_h1_low_to_high_h12_tp06_sl065,-1.7709000000000743,-2.820900000000074,-3.520900000000074,0,0,0,0,2.820900000000074,39.38999999999987,8.089999999999918,0.41532756489492384,9.13000000000011,0.4841182913472092,6.4500000000000455,5.571500000000003,0.892,1.0,,,12,3,10.0,2023
2023-10-20 12:00:00+00:00|1.0|vol_trans_follow_h1_low_to_high_h12_tp06_sl065,2023-10-20 12:00:00+00:00,STAGE28A,data/reports/stage28a_discovery_factory_batch_runner/stage28a_exact_trades.csv,volatility_transition_v1,vol_trans_follow_h1_low_to_high_h12_tp06_sl065,-1.7413250000000515,-2.791325000000052,-3.4913250000000517,0,0,0,0,2.791325000000052,32.50999999999999,10.069999999999936,0.5233366434955328,11.190000000000055,0.4387846291331395,5.089999999999918,5.863999999999999,0.92,1.0,,,12,4,10.0,2023
2023-10-23 12:00:00+00:00|1.0|vol_trans_follow_h1_low_to_high_h12_tp06_sl065,2023-10-23 12:00:00+00:00,STAGE28A,data/reports/stage28a_discovery_factory_batch_runner/stage28a_exact_trades.csv,volatility_transition_v1,vol_trans_follow_h1_low_to_high_h12_tp06_sl065,0.7957000000000335,-0.2542999999999664,-0.9542999999999662,0,0,0,0,0.2542999999999664,16.730000000000018,16.730000000000018,0.16198445905559075,10.169999999999845,0.40019665683384714,2.8900000000001,7.0005,0.96,1.0,,,12,0,10.0,2023
2023-10-24 12:00:00+00:00|-1.0|vol_trans_follow_h1_low_to_high_h12_tp06_sl065,2023-10-24 12:00:00+00:00,STAGE28A,data/reports/stage28a_discovery_factory_batch_runner/stage28a_exact_trades.csv,volatility_transition_v1,vol_trans_follow_h1_low_to_high_h12_tp06_sl065,-1.5329999999999928,-2.5829999999999926,-3.2829999999999924,0,0,0,0,2.5829999999999926,21.069999999999936,9.460000000000036,0.40697674418603536,14.259999999999991,0.7180925666199169,5.990000000000009,4.156000000000029,0.476,-1.0,,,12,1,10.0,2023
2023-10-25 12:00:00+00:00|1.0|vol_trans_follow_h1_low_to_high_h12_tp06_sl065,2023-10-25 12:00:00+00:00,STAGE28A,data/reports/stage28a_discovery_factory_batch_runner/stage28a_exact_trades.csv,volatility_transition_v1,vol_trans_follow_h1_low_to_high_h12_tp06_sl065,-1.6285499999999955,-2.6785499999999955,-3.3785499999999957,0,0,0,0,2.6785499999999955,27.230000000000018,7.0900000000001455,0.3808180535966135,7.660000000000082,0.4856396866840715,4.290000000000191,4.138500000000033,0.38,1.0,,,12,2,10.0,2023
2023-10-26 12:00:00+00:00|1.0|vol_trans_follow_h1_low_to_high_h12_tp06_sl065,2023-10-26 12:00:00+00:00,STAGE28A,data/reports/stage28a_discovery_factory_batch_runner/stage28a_exact_trades.csv,volatility_transition_v1,vol_trans_follow_h1_low_to_high_h12_tp06_sl065,0.8040999999999713,-0.2459000000000286,-0.9459000000000284,0,0,0,0,0.2459000000000286,24.13000000000011,7.869999999999891,0.6569250317661902,9.559999999999945,0.3650627615062792,4.789999999999964,5.618000000000029,0.732,1.0,,,12,3,10.0,2023
2023-10-27 12:00:00+00:00|-1.0|vol_trans_follow_h1_low_to_high_h12_tp06_sl065,2023-10-27 12:00:00+00:00,STAGE28A,data/reports/stage28a_discovery_factory_batch_runner/stage28a_exact_trades.csv,volatility_transition_v1,vol_trans_follow_h1_low_to_high_h12_tp06_sl065,0.6805000000000746,-0.3694999999999253,-1.069499999999925,0,0,0,0,0.3694999999999253,21.6400000000001,5.900000000000091,0.44406779661014417,4.7000000000000455,0.42340425531914677,1.9800000000000182,3.6904999999999974,0.092,-1.0,,,12,4,10.0,2023
2023-10-30 12:00:00+00:00|1.0|vol_trans_follow_h1_low_to_high_h12_tp06_sl065,2023-10-30 12:00:00+00:00,STAGE28A,data/reports/stage28a_discovery_factory_batch_runner/stage28a_exact_trades.csv,volatility_transition_v1,vol_trans_follow_h1_low_to_high_h12_tp06_sl065,-1.8258249999999865,-2.875824999999986,-3.575824999999986,0,0,0,0,2.875824999999986,9.659999999999854,9.809999999999945,0.11213047910294752,11.6099999999999,0.6089577950043064,5.509999999999991,5.33249999999997,0.612,1.0,,,12,0,10.0,2023
2023-10-31 12:00:00+00:00|1.0|vol_trans_follow_h1_low_to_high_h12_tp06_sl065,2023-10-31 12:00:00+00:00,STAGE28A,data/reports/stage28a_discovery_factory_batch_runner/stage28a_exact_trades.csv,volatility_transition_v1,vol_trans_follow_h1_low_to_high_h12_tp06_sl065,-1.3594500000000154,-2.409450000000015,-3.109450000000015,0,0,0,0,2.409450000000015,15.75,6.7000000000000455,0.38656716417908965,7.740000000000009,0.9470284237725993,2.3099999999999454,3.2185000000000175,0.024,1.0,,,12,1,10.0,2023
2023-11-01 12:00:00+00:00|1.0|vol_trans_follow_h1_low_to_high_h12_tp06_sl065,2023-11-01 12:00:00+00:00,STAGE28A,data/reports/stage28a_discovery_factory_batch_runner/stage28a_exact_trades.csv,volatility_transition_v1,vol_trans_follow_h1_low_to_high_h12_tp06_sl065,-1.5807749999999945,-2.630774999999994,-3.330774999999994,0,0,0,0,2.630774999999994,29.070000000000164,10.86999999999989,0.525298988040487,7.8599999999999,0.7175572519084188,3.2200000000000273,4.235000000000047,0.216,1.0,,,12,2,11.0,2023
2023-11-02 12:00:00+00:00|1.0|vol_trans_follow_h1_low_to_high_h12_tp06_sl065,2023-11-02 12:00:00+00:00,STAGE28A,data/reports/stage28a_discovery_factory_batch_runner/stage28a_exact_trades.csv,volatility_transition_v1,vol_trans_follow_h1_low_to_high_h12_tp06_sl065,0.5613999999999578,-0.4886000000000421,-1.1886000000000418,0,0,0,0,0.4886000000000421,22.200000000000045,6.960000000000036,0.5574712643678289,5.899999999999864,0.4915254237288018,2.9700000000000273,4.216999999999996,0.228,1.0,,,12,3,11.0,2023
2023-11-06 12:00:00+00:00|1.0|vol_trans_follow_h1_low_to_high_h12_tp06_sl065,2023-11-06 12:00:00+00:00,STAGE28A,data/reports/stage28a_discovery_factory_batch_runner/stage28a_exact_trades.csv,volatility_transition_v1,vol_trans_follow_h1_low_to_high_h12_tp06_sl065,-1.370825000000059,-2.420825000000059,-3.1208250000000586,0,0,0,0,2.420825000000059,5.789999999999964,11.179999999999836,0.42397137745975655,6.1099999999999,0.5908346972176692,1.8199999999999363,4.17249999999998,0.316,1.0,,,12,0,11.0,2023
2023-11-09 12:00:00+00:00|-1.0|vol_trans_follow_h1_low_to_high_h12_tp06_sl065,2023-11-09 12:00:00+00:00,STAGE28A,data/reports/stage28a_discovery_factory_batch_runner/stage28a_exact_trades.csv,volatility_transition_v1,vol_trans_follow_h1_low_to_high_h12_tp06_sl065,0.5523999999999433,-0.4976000000000566,-1.1976000000000564,0,0,0,0,0.4976000000000566,23.529999999999973,6.889999999999873,0.18867924528301575,5.990000000000009,0.40066777963273575,3.2799999999999727,3.6514999999999986,0.328,-1.0,,,12,3,11.0,2023
2023-11-10 12:00:00+00:00|-1.0|vol_trans_follow_h1_low_to_high_h12_tp06_sl065,2023-11-10 12:00:00+00:00,STAGE28A,data/reports/stage28a_discovery_factory_batch_runner/stage28a_exact_trades.csv,volatility_transition_v1,vol_trans_follow_h1_low_to_high_h12_tp06_sl065,0.5865999999999986,-0.4634000000000013,-1.163400000000001,0,0,0,0,0.4634000000000013,21.11999999999989,4.360000000000127,0.300458715596309,6.629999999999882,0.5505279034691035,1.7999999999999545,3.744999999999982,0.408,-1.0,,,12,4,11.0,2023
2023-11-13 12:00:00+00:00|1.0|vol_trans_follow_h1_low_to_high_h12_tp06_sl065,2023-11-13 12:00:00+00:00,STAGE28A,data/reports/stage28a_discovery_factory_batch_runner/stage28a_exact_trades.csv,volatility_transition_v1,vol_trans_follow_h1_low_to_high_h12_tp06_sl065,0.6199000000000524,-0.4300999999999475,-1.1300999999999473,0,0,0,0,0.4300999999999475,23.48999999999978,24.25999999999999,0.19167353668589718,5.509999999999991,0.6950998185117847,4.470000000000027,5.431999999999983,0.908,1.0,,,12,0,11.0,2023
2023-11-15 12:00:00+00:00|-1.0|vol_trans_follow_h1_low_to_high_h12_tp06_sl065,2023-11-15 12:00:00+00:00,STAGE28A,data/reports/stage28a_discovery_factory_batch_runner/stage28a_exact_trades.csv,volatility_transition_v1,vol_trans_follow_h1_low_to_high_h12_tp06_sl065,0.6147999999999684,-0.4352000000000315,-1.1352000000000313,0,0,0,0,0.4352000000000315,33.81000000000017,6.400000000000091,0.7859374999999845,8.25,0.6848484848484683,2.1900000000000546,3.2765000000000213,0.2,-1.0,,,12,2,11.0,2023
2023-11-16 12:00:00+00:00|-1.0|vol_trans_follow_h1_low_to_high_h12_tp06_sl065,2023-11-16 12:00:00+00:00,STAGE28A,data/reports/stage28a_discovery_factory_batch_runner/stage28a_exact_trades.csv,volatility_transition_v1,vol_trans_follow_h1_low_to_high_h12_tp06_sl065,0.4761999999999716,-0.5738000000000283,-1.273800000000028,0,0,0,0,0.5738000000000283,19.699999999999818,6.079999999999927,0.35526315789475454,6.4500000000000455,0.3968992248061903,2.6800000000000637,3.267999999999995,0.22,-1.0,,,12,3,11.0,2023
2023-11-17 12:00:00+00:00|1.0|vol_trans_follow_h1_low_to_high_h12_tp06_sl065,2023-11-17 12:00:00+00:00,STAGE28A,data/reports/stage28a_discovery_factory_batch_runner/stage28a_exact_trades.csv,volatility_transition_v1,vol_trans_follow_h1_low_to_high_h12_tp06_sl065,-1.4988750000000892,-2.548875000000089,-3.2488750000000888,0,0,0,0,2.548875000000089,31.529999999999973,6.4099999999998545,0.5351014040561843,10.810000000000173,0.5383903792784314,4.160000000000082,3.644999999999982,0.404,1.0,,,12,4,11.0,2023
2023-11-20 12:00:00+00:00|1.0|vol_trans_follow_h1_low_to_high_h12_tp06_sl065,2023-11-20 12:00:00+00:00,STAGE28A,data/reports/stage28a_discovery_factory_batch_runner/stage28a_exact_trades.csv,volatility_transition_v1,vol_trans_follow_h1_low_to_high_h12_tp06_sl065,0.8187999999999193,-0.2312000000000806,-0.9312000000000804,0,0,0,0,0.2312000000000806,4.460000000000036,11.800000000000182,0.5805084745762545,8.240000000000009,0.6638349514563132,4.289999999999964,3.6120000000000116,0.372,1.0,,,12,0,11.0,2023
2023-11-21 12:00:00+00:00|-1.0|vol_trans_follow_h1_low_to_high_h12_tp06_sl065,2023-11-21 12:00:00+00:00,STAGE28A,data/reports/stage28a_discovery_factory_batch_runner/stage28a_exact_trades.csv,volatility_transition_v1,vol_trans_follow_h1_low_to_high_h12_tp06_sl065,0.8202999999999975,-0.2297000000000024,-0.9297000000000022,0,0,0,0,0.2297000000000024,19.700000000000045,17.019999999999982,0.6404230317273722,10.009999999999991,0.3466533466533497,4.360000000000127,4.28349999999997,0.86,-1.0,,,12,1,11.0,2023
2023-11-22 12:00:00+00:00|1.0|vol_trans_follow_h1_low_to_high_h12_tp06_sl065,2023-11-22 12:00:00+00:00,STAGE28A,data/reports/stage28a_discovery_factory_batch_runner/stage28a_exact_trades.csv,volatility_transition_v1,vol_trans_follow_h1_low_to_high_h12_tp06_sl065,0.89350000000004,-0.1564999999999599,-0.8564999999999596,0,0,0,0,0.1564999999999599,30.34999999999991,4.8599999999999,0.0041152263374449015,9.639999999999873,0.19502074688795712,4.5,3.6965000000000146,0.376,1.0,,,12,2,11.0,2023
2023-11-23 12:00:00+00:00|-1.0|vol_trans_follow_h1_low_to_high_h12_tp06_sl065,2023-11-23 12:00:00+00:00,STAGE28A,data/reports/stage28a_discovery_factory_batch_runner/stage28a_exact_trades.csv,volatility_transition_v1,vol_trans_follow_h1_low_to_high_h12_tp06_sl065,0.6228999999999815,-0.4271000000000184,-1.1271000000000182,0,0,0,0,0.4271000000000184,19.419999999999845,9.160000000000082,0.5262008733624586,6.319999999999936,0.2547468354430607,3.2100000000000364,3.581500000000017,0.248,-1.0,,,12,3,11.0,2023
2023-11-27 12:00:00+00:00|-1.0|vol_trans_follow_h1_low_to_high_h12_tp06_sl065,2023-11-27 12:00:00+00:00,STAGE28A,data/reports/stage28a_discovery_factory_batch_runner/stage28a_exact_trades.csv,volatility_transition_v1,vol_trans_follow_h1_low_to_high_h12_tp06_sl065,-1.476125000000002,-2.5261250000000017,-3.226125000000001,0,0,0,0,2.5261250000000017,3.6499999999998636,17.639999999999873,0.6031746031746132,6.789999999999964,0.22091310751104684,2.4700000000000273,3.718999999999994,0.474,-1.0,,,12,0,11.0,2023
2023-11-28 12:00:00+00:00|1.0|vol_trans_follow_h1_low_to_high_h12_tp06_sl065,2023-11-28 12:00:00+00:00,STAGE28A,data/reports/stage28a_discovery_factory_batch_runner/stage28a_exact_trades.csv,volatility_transition_v1,vol_trans_follow_h1_low_to_high_h12_tp06_sl065,-1.291849999999931,-2.341849999999931,-3.041849999999931,0,0,0,0,2.341849999999931,17.639999999999873,4.9500000000000455,0.02626262626264807,4.529999999999973,0.09713024282556951,2.25,3.0129999999999884,0.228,1.0,,,12,1,11.0,2023
2023-11-29 12:00:00+00:00|-1.0|vol_trans_follow_h1_low_to_high_h12_tp06_sl065,2023-11-29 12:00:00+00:00,STAGE28A,data/reports/stage28a_discovery_factory_batch_runner/stage28a_exact_trades.csv,volatility_transition_v1,vol_trans_follow_h1_low_to_high_h12_tp06_sl065,-1.681525000000056,-2.731525000000056,-3.431525000000056,0,0,0,0,2.731525000000056,32.87999999999988,11.659999999999854,0.15694682675814323,13.519999999999754,0.6531065088757462,7.970000000000027,4.814499999999953,0.976,-1.0,,,12,2,11.0,2023
2023-11-30 12:00:00+00:00|-1.0|vol_trans_follow_h1_low_to_high_h12_tp06_sl065,2023-11-30 12:00:00+00:00,STAGE28A,data/reports/stage28a_discovery_factory_batch_runner/stage28a_exact_trades.csv,volatility_transition_v1,vol_trans_follow_h1_low_to_high_h12_tp06_sl065,-1.5609499999999117,-2.6109499999999115,-3.3109499999999112,0,0,0,0,2.6109499999999115,16.749999999999773,4.540000000000191,0.0,10.160000000000082,0.6102362204724405,3.5,3.9705000000000723,0.62,-1.0,,,12,3,11.0,2023
2023-12-01 12:00:00+00:00|1.0|vol_trans_follow_h1_low_to_high_h12_tp06_sl065,2023-12-01 12:00:00+00:00,STAGE28A,data/reports/stage28a_discovery_factory_batch_runner/stage28a_exact_trades.csv,volatility_transition_v1,vol_trans_follow_h1_low_to_high_h12_tp06_sl065,0.6999999999999545,-0.3500000000000454,-1.0500000000000451,0,0,0,0,0.3500000000000454,16.060000000000173,6.800000000000182,0.0073529411764971415,10.539999999999964,0.34345351043642347,4.889999999999873,3.6529999999999747,0.344,1.0,,,12,4,12.0,2023
2023-12-04 12:00:00+00:00|1.0|vol_trans_follow_h1_low_to_high_h12_tp06_sl065,2023-12-04 12:00:00+00:00,STAGE28A,data/reports/stage28a_discovery_factory_batch_runner/stage28a_exact_trades.csv,volatility_transition_v1,vol_trans_follow_h1_low_to_high_h12_tp06_sl065,2.6211999999999533,1.5711999999999535,0.8711999999999538,1,1,1,0,1.5711999999999535,78.03999999999996,78.03999999999996,0.4173500768836517,32.70000000000027,0.5186544342507613,7.899999999999636,17.999500000000022,0.996,1.0,,,12,0,12.0,2023
2023-12-05 12:00:00+00:00|-1.0|vol_trans_follow_h1_low_to_high_h12_tp06_sl065,2023-12-05 12:00:00+00:00,STAGE28A,data/reports/stage28a_discovery_factory_batch_runner/stage28a_exact_trades.csv,volatility_transition_v1,vol_trans_follow_h1_low_to_high_h12_tp06_sl065,-2.081275000000096,-3.131275000000096,-3.831275000000096,0,0,0,1,3.131275000000096,129.52999999999975,12.779999999999973,0.13145539906103812,16.480000000000018,0.41868932038835455,5.920000000000073,7.391000000000008,0.856,-1.0,,,12,1,12.0,2023
2023-12-06 12:00:00+00:00|-1.0|vol_trans_follow_h1_low_to_high_h12_tp06_sl065,2023-12-06 12:00:00+00:00,STAGE28A,data/reports/stage28a_discovery_factory_batch_runner/stage28a_exact_trades.csv,volatility_transition_v1,vol_trans_follow_h1_low_to_high_h12_tp06_sl065,1.2775000000000545,0.2275000000000546,-0.4724999999999451,1,0,1,0,0.2275000000000546,31.279999999999973,6.980000000000018,0.43696275071632473,15.710000000000036,0.05919796308084414,7.569999999999936,5.647999999999991,0.796,-1.0,,,12,2,12.0,2023
2023-12-07 12:00:00+00:00|1.0|vol_trans_follow_h1_low_to_high_h12_tp06_sl065,2023-12-07 12:00:00+00:00,STAGE28A,data/reports/stage28a_discovery_factory_batch_runner/stage28a_exact_trades.csv,volatility_transition_v1,vol_trans_follow_h1_low_to_high_h12_tp06_sl065,-1.6214000000000852,-2.671400000000085,-3.3714000000000848,0,0,0,0,2.671400000000085,18.700000000000045,4.740000000000009,0.21940928270041385,9.889999999999873,0.765419615773512,3.5699999999999363,3.9929999999999835,0.42,1.0,,,12,3,12.0,2023
2023-12-08 12:00:00+00:00|1.0|vol_trans_follow_h1_low_to_high_h12_tp06_sl065,2023-12-08 12:00:00+00:00,STAGE28A,data/reports/stage28a_discovery_factory_batch_runner/stage28a_exact_trades.csv,volatility_transition_v1,vol_trans_follow_h1_low_to_high_h12_tp06_sl065,-1.6057999999999084,-2.655799999999908,-3.355799999999908,0,0,0,0,2.655799999999908,19.700000000000045,7.100000000000136,0.48309859154929546,5.870000000000118,0.2913117546848385,2.4600000000000364,4.139499999999987,0.428,1.0,,,12,4,12.0,2023
2023-12-11 12:00:00+00:00|-1.0|vol_trans_follow_h1_low_to_high_h12_tp06_sl065,2023-12-11 12:00:00+00:00,STAGE28A,data/reports/stage28a_discovery_factory_batch_runner/stage28a_exact_trades.csv,volatility_transition_v1,vol_trans_follow_h1_low_to_high_h12_tp06_sl065,1.052499999999918,0.0024999999999182,-0.6975000000000815,1,0,0,0,0.0024999999999182,3.209999999999809,13.190000000000055,0.7907505686125696,9.36999999999989,0.39274279615796226,5.149999999999864,4.63299999999997,0.536,-1.0,,,12,0,12.0,2023
2023-12-12 12:00:00+00:00|1.0|vol_trans_follow_h1_low_to_high_h12_tp06_sl065,2023-12-12 12:00:00+00:00,STAGE28A,data/reports/stage28a_discovery_factory_batch_runner/stage28a_exact_trades.csv,volatility_transition_v1,vol_trans_follow_h1_low_to_high_h12_tp06_sl065,0.6370000000000801,-0.4129999999999199,-1.1129999999999196,0,0,0,0,0.4129999999999199,31.789999999999964,7.870000000000118,0.3354510800508047,6.4500000000000455,0.0945736434108718,3.369999999999891,4.124999999999977,0.276,1.0,,,12,1,12.0,2023
2023-12-13 12:00:00+00:00|1.0|vol_trans_follow_h1_low_to_high_h12_tp06_sl065,2023-12-13 12:00:00+00:00,STAGE28A,data/reports/stage28a_discovery_factory_batch_runner/stage28a_exact_trades.csv,volatility_transition_v1,vol_trans_follow_h1_low_to_high_h12_tp06_sl065,-1.5521749999998975,-2.6021749999998973,-3.302174999999897,0,0,0,0,2.6021749999998973,19.50999999999999,5.1099999999999,0.8297455968689026,10.309999999999945,0.48205625606208086,3.1400000000001,3.40799999999997,0.012,1.0,,,12,2,12.0,2023
2023-12-14 12:00:00+00:00|1.0|vol_trans_follow_h1_low_to_high_h12_tp06_sl065,2023-12-14 12:00:00+00:00,STAGE28A,data/reports/stage28a_discovery_factory_batch_runner/stage28a_exact_trades.csv,volatility_transition_v1,vol_trans_follow_h1_low_to_high_h12_tp06_sl065,1.457199999999966,0.4071999999999662,-0.2928000000000335,1,0,1,0,0.4071999999999662,60.16000000000008,14.930000000000064,0.10783657066308729,11.049999999999955,0.25610859728506236,4.059999999999945,7.282999999999992,0.848,1.0,,,12,3,12.0,2023
2023-12-15 12:00:00+00:00|1.0|vol_trans_follow_h1_low_to_high_h12_tp06_sl065,2023-12-15 12:00:00+00:00,STAGE28A,data/reports/stage28a_discovery_factory_batch_runner/stage28a_exact_trades.csv,volatility_transition_v1,vol_trans_follow_h1_low_to_high_h12_tp06_sl065,0.824199999999928,-0.2258000000000719,-0.9258000000000716,0,0,0,0,0.2258000000000719,23.610000000000127,7.410000000000082,0.14170040485832258,10.200000000000045,0.5862745098039207,4.180000000000064,4.432000000000028,0.324,1.0,,,12,4,12.0,2023
2023-12-18 12:00:00+00:00|-1.0|vol_trans_follow_h1_low_to_high_h12_tp06_sl065,2023-12-18 12:00:00+00:00,STAGE28A,data/reports/stage28a_discovery_factory_batch_runner/stage28a_exact_trades.csv,volatility_transition_v1,vol_trans_follow_h1_low_to_high_h12_tp06_sl065,0.7945000000001073,-0.2554999999998926,-0.9554999999998924,0,0,0,0,0.2554999999998926,4.940000000000055,8.149999999999864,0.6920245398772966,8.159999999999854,0.45833333333334264,5.369999999999891,4.3124999999999885,0.276,-1.0,,,12,0,12.0,2023
2023-12-19 12:00:00+00:00|-1.0|vol_trans_follow_h1_low_to_high_h12_tp06_sl065,2023-12-19 12:00:00+00:00,STAGE28A,data/reports/stage28a_discovery_factory_batch_runner/stage28a_exact_trades.csv,volatility_transition_v1,vol_trans_follow_h1_low_to_high_h12_tp06_sl065,0.5575000000000273,-0.4924999999999726,-1.1924999999999724,0,0,0,0,0.4924999999999726,17.769999999999982,7.649999999999864,0.4575163398692892,6.039999999999964,0.2533112582781427,1.7699999999999818,3.741000000000008,0.116,-1.0,,,12,1,12.0,2023
2023-12-20 12:00:00+00:00|-1.0|vol_trans_follow_h1_low_to_high_h12_tp06_sl065,2023-12-20 12:00:00+00:00,STAGE28A,data/reports/stage28a_discovery_factory_batch_runner/stage28a_exact_trades.csv,volatility_transition_v1,vol_trans_follow_h1_low_to_high_h12_tp06_sl065,-1.281775000000016,-2.331775000000016,-3.031775000000016,0,0,0,0,2.331775000000016,25.289999999999964,4.960000000000036,0.09072580645162141,7.820000000000164,0.5843989769820768,2.880000000000109,3.3455000000000155,0.048,-1.0,,,12,2,12.0,2023
2023-12-21 12:00:00+00:00|-1.0|vol_trans_follow_h1_low_to_high_h12_tp06_sl065,2023-12-21 12:00:00+00:00,STAGE28A,data/reports/stage28a_discovery_factory_batch_runner/stage28a_exact_trades.csv,volatility_transition_v1,vol_trans_follow_h1_low_to_high_h12_tp06_sl065,0.4885000000000673,-0.5614999999999326,-1.2614999999999323,0,0,0,0,0.5614999999999326,15.990000000000009,6.440000000000055,0.6413043478260632,5.120000000000118,0.4316406249999971,2.3599999999999,3.3784999999999856,0.092,-1.0,,,12,3,12.0,2023
2023-12-22 12:00:00+00:00|1.0|vol_trans_follow_h1_low_to_high_h12_tp06_sl065,2023-12-22 12:00:00+00:00,STAGE28A,data/reports/stage28a_discovery_factory_batch_runner/stage28a_exact_trades.csv,volatility_transition_v1,vol_trans_follow_h1_low_to_high_h12_tp06_sl065,-1.2164499999999865,-2.266449999999986,-2.966449999999986,0,0,0,0,2.266449999999986,21.38000000000011,8.6099999999999,0.3716608594657207,10.230000000000018,0.6021505376344377,3.0799999999999272,4.3089999999999575,0.552,1.0,,,12,4,12.0,2023
2023-12-26 12:00:00+00:00|1.0|vol_trans_follow_h1_low_to_high_h12_tp06_sl065,2023-12-26 12:00:00+00:00,STAGE28A,data/reports/stage28a_discovery_factory_batch_runner/stage28a_exact_trades.csv,volatility_transition_v1,vol_trans_follow_h1_low_to_high_h12_tp06_sl065,0.4162000000000262,-0.6337999999999737,-1.3337999999999737,0,0,0,0,0.6337999999999737,4.400000000000091,11.75,0.775319148936181,4.380000000000109,0.0410958904109205,2.4200000000000728,3.904000000000019,0.372,1.0,,,12,1,12.0,2023
2023-12-28 12:00:00+00:00|-1.0|vol_trans_follow_h1_low_to_high_h12_tp06_sl065,2023-12-28 12:00:00+00:00,STAGE28A,data/reports/stage28a_discovery_factory_batch_runner/stage28a_exact_trades.csv,volatility_transition_v1,vol_trans_follow_h1_low_to_high_h12_tp06_sl065,1.0801000000000385,0.0301000000000386,-0.6698999999999611,1,0,0,0,0.0301000000000386,22.899999999999636,11.019999999999982,0.6379310344827779,14.870000000000346,0.6348352387356984,5.430000000000291,4.330500000000029,0.656,-1.0,,,12,3,12.0,2023
2023-12-29 12:00:00+00:00|-1.0|vol_trans_follow_h1_low_to_high_h12_tp06_sl065,2023-12-29 12:00:00+00:00,STAGE28A,data/reports/stage28a_discovery_factory_batch_runner/stage28a_exact_trades.csv,volatility_transition_v1,vol_trans_follow_h1_low_to_high_h12_tp06_sl065,0.6058000000001812,-0.4441999999998187,-1.1441999999998185,0,0,0,0,0.4441999999998187,23.909999999999854,5.570000000000164,0.5727109515259436,12.900000000000091,0.4031007751937815,4.3400000000001455,3.5379999999999656,0.216,-1.0,,,12,4,12.0,2023
2024-01-02 12:00:00+00:00|1.0|vol_trans_follow_h1_low_to_high_h12_tp06_sl065,2024-01-02 12:00:00+00:00,STAGE28A,data/reports/stage28a_discovery_factory_batch_runner/stage28a_exact_trades.csv,volatility_transition_v1,vol_trans_follow_h1_low_to_high_h12_tp06_sl065,0.9187000000000808,-0.1312999999999191,-0.8312999999999189,0,0,0,0,0.1312999999999191,3.199999999999818,8.299999999999727,0.7060240963855807,9.350000000000364,0.6844919786096088,5.559999999999945,3.8299999999999956,0.412,1.0,,,12,1,1.0,2024
2024-01-03 12:00:00+00:00|-1.0|vol_trans_follow_h1_low_to_high_h12_tp06_sl065,2024-01-03 12:00:00+00:00,STAGE28A,data/reports/stage28a_discovery_factory_batch_runner/stage28a_exact_trades.csv,volatility_transition_v1,vol_trans_follow_h1_low_to_high_h12_tp06_sl065,-1.6740500000001703,-2.72405000000017,-3.42405000000017,0,0,0,0,2.72405000000017,22.88000000000011,7.050000000000182,0.7333333333333247,13.200000000000273,0.7446969696969488,6.230000000000018,4.221500000000015,0.65,-1.0,,,12,2,1.0,2024
2024-01-04 12:00:00+00:00|1.0|vol_trans_follow_h1_low_to_high_h12_tp06_sl065,2024-01-04 12:00:00+00:00,STAGE28A,data/reports/stage28a_discovery_factory_batch_runner/stage28a_exact_trades.csv,volatility_transition_v1,vol_trans_follow_h1_low_to_high_h12_tp06_sl065,-1.741650000000027,-2.791650000000027,-3.4916500000000266,0,0,0,0,2.791650000000027,35.47000000000003,6.850000000000136,0.0029197080291943666,8.8299999999997,0.578708946772401,4.649999999999864,4.589499999999987,0.748,1.0,,,12,3,1.0,2024
2024-01-05 12:00:00+00:00|-1.0|vol_trans_follow_h1_low_to_high_h12_tp06_sl065,2024-01-05 12:00:00+00:00,STAGE28A,data/reports/stage28a_discovery_factory_batch_runner/stage28a_exact_trades.csv,volatility_transition_v1,vol_trans_follow_h1_low_to_high_h12_tp06_sl065,-1.4835999999998877,-2.5335999999998875,-3.2335999999998872,0,0,0,0,2.5335999999998875,14.779999999999745,5.630000000000109,0.05150976909413108,9.599999999999909,0.47187500000000165,5.259999999999991,3.2075000000000045,0.104,-1.0,,,12,4,1.0,2024
2024-01-08 12:00:00+00:00|1.0|vol_trans_follow_h1_low_to_high_h12_tp06_sl065,2024-01-08 12:00:00+00:00,STAGE28A,data/reports/stage28a_discovery_factory_batch_runner/stage28a_exact_trades.csv,volatility_transition_v1,vol_trans_follow_h1_low_to_high_h12_tp06_sl065,-1.9603749999999764,-3.0103749999999763,-3.710374999999976,0,0,0,0,3.0103749999999763,2.4299999999998363,11.529999999999973,0.7380745880312238,9.460000000000036,0.8879492600422655,4.980000000000018,5.1754999999999995,0.848,1.0,,,12,0,1.0,2024
2024-01-09 12:00:00+00:00|1.0|vol_trans_follow_h1_low_to_high_h12_tp06_sl065,2024-01-09 12:00:00+00:00,STAGE28A,data/reports/stage28a_discovery_factory_batch_runner/stage28a_exact_trades.csv,volatility_transition_v1,vol_trans_follow_h1_low_to_high_h12_tp06_sl065,1.105600000000004,0.055600000000004,-0.6443999999999956,1,0,0,0,0.055600000000004,30.019999999999982,7.939999999999827,0.2783375314861281,8.319999999999936,0.3100961538461748,3.8199999999999363,4.342999999999972,0.544,1.0,,,12,1,1.0,2024
2024-01-10 12:00:00+00:00|1.0|vol_trans_follow_h1_low_to_high_h12_tp06_sl065,2024-01-10 12:00:00+00:00,STAGE28A,data/reports/stage28a_discovery_factory_batch_runner/stage28a_exact_trades.csv,volatility_transition_v1,vol_trans_follow_h1_low_to_high_h12_tp06_sl065,-1.844674999999916,-2.8946749999999155,-3.5946749999999152,0,0,0,0,2.8946749999999155,15.940000000000055,5.619999999999891,0.18149466192170846,16.539999999999964,0.30290205562273287,1.5600000000001728,3.7875000000000227,0.288,1.0,,,12,2,1.0,2024
2024-01-11 12:00:00+00:00|1.0|vol_trans_follow_h1_low_to_high_h12_tp06_sl065,2024-01-11 12:00:00+00:00,STAGE28A,data/reports/stage28a_discovery_factory_batch_runner/stage28a_exact_trades.csv,volatility_transition_v1,vol_trans_follow_h1_low_to_high_h12_tp06_sl065,0.6490000000000237,-0.4009999999999762,-1.100999999999976,0,0,0,0,0.4009999999999762,20.089999999999918,7.5,0.7093333333333248,5.479999999999791,0.03832116788321978,2.2899999999999636,3.2264999999999646,0.056,1.0,,,12,3,1.0,2024
2024-01-12 12:00:00+00:00|-1.0|vol_trans_follow_h1_low_to_high_h12_tp06_sl065,2024-01-12 12:00:00+00:00,STAGE28A,data/reports/stage28a_discovery_factory_batch_runner/stage28a_exact_trades.csv,volatility_transition_v1,vol_trans_follow_h1_low_to_high_h12_tp06_sl065,-1.519349999999895,-2.5693499999998948,-3.2693499999998945,0,0,0,0,2.5693499999998948,26.470000000000027,6.9500000000000455,0.08345323741006093,12.599999999999909,0.8976190476190498,2.2799999999999727,5.168999999999994,0.788,-1.0,,,12,4,1.0,2024
2024-01-15 12:00:00+00:00|-1.0|vol_trans_follow_h1_low_to_high_h12_tp06_sl065,2024-01-15 12:00:00+00:00,STAGE28A,data/reports/stage28a_discovery_factory_batch_runner/stage28a_exact_trades.csv,volatility_transition_v1,vol_trans_follow_h1_low_to_high_h12_tp06_sl065,0.7062999999997374,-0.3437000000002626,-1.0437000000002623,0,0,0,0,0.3437000000002626,2.5499999999999545,12.220000000000027,0.5327332242226026,6.449999999999818,0.2,4.019999999999982,4.045500000000016,0.384,-1.0,,,12,0,1.0,2024
2024-01-17 12:00:00+00:00|1.0|vol_trans_follow_h1_low_to_high_h12_tp06_sl065,2024-01-17 12:00:00+00:00,STAGE28A,data/reports/stage28a_discovery_factory_batch_runner/stage28a_exact_trades.csv,volatility_transition_v1,vol_trans_follow_h1_low_to_high_h12_tp06_sl065,0.9442000000000462,-0.1057999999999537,-0.8057999999999534,0,0,0,0,0.1057999999999537,31.430000000000064,9.559999999999945,0.28765690376569203,10.870000000000118,0.06439742410301845,5.2999999999999545,4.817499999999984,0.624,1.0,,,12,2,1.0,2024
2024-01-18 12:00:00+00:00|1.0|vol_trans_follow_h1_low_to_high_h12_tp06_sl065,2024-01-18 12:00:00+00:00,STAGE28A,data/reports/stage28a_discovery_factory_batch_runner/stage28a_exact_trades.csv,volatility_transition_v1,vol_trans_follow_h1_low_to_high_h12_tp06_sl065,-1.6483750000000783,-2.698375000000078,-3.398375000000078,0,0,0,0,2.698375000000078,31.1400000000001,5.559999999999945,0.28057553956833825,8.209999999999809,0.4214372716199622,4.839999999999918,4.046000000000015,0.388,1.0,,,12,3,1.0,2024
2024-01-19 12:00:00+00:00|1.0|vol_trans_follow_h1_low_to_high_h12_tp06_sl065,2024-01-19 12:00:00+00:00,STAGE28A,data/reports/stage28a_discovery_factory_batch_runner/stage28a_exact_trades.csv,volatility_transition_v1,vol_trans_follow_h1_low_to_high_h12_tp06_sl065,-1.4156750000000555,-2.465675000000056,-3.1656750000000557,0,0,0,0,2.465675000000056,18.389999999999873,4.880000000000109,0.594262295081926,10.550000000000182,0.8890995260663241,3.240000000000009,3.1815000000000166,0.108,1.0,,,12,4,1.0,2024
2024-01-22 12:00:00+00:00|-1.0|vol_trans_follow_h1_low_to_high_h12_tp06_sl065,2024-01-22 12:00:00+00:00,STAGE28A,data/reports/stage28a_discovery_factory_batch_runner/stage28a_exact_trades.csv,volatility_transition_v1,vol_trans_follow_h1_low_to_high_h12_tp06_sl065,1.1380000000000563,0.0880000000000564,-0.6119999999999433,1,0,0,0,0.0880000000000564,2.8199999999999363,7.399999999999864,0.2851351351351269,7.079999999999927,0.3644067796610425,3.3700000000001182,3.7404999999999746,0.3,-1.0,,,12,0,1.0,2024
2024-01-23 12:00:00+00:00|-1.0|vol_trans_follow_h1_low_to_high_h12_tp06_sl065,2024-01-23 12:00:00+00:00,STAGE28A,data/reports/stage28a_discovery_factory_batch_runner/stage28a_exact_trades.csv,volatility_transition_v1,vol_trans_follow_h1_low_to_high_h12_tp06_sl065,1.2111999999998715,0.1611999999998716,-0.5388000000001281,1,0,1,0,0.1611999999998716,15.519999999999982,8.38000000000011,0.8210023866348201,13.160000000000082,0.19452887537995114,3.509999999999991,3.8144999999999754,0.368,-1.0,,,12,1,1.0,2024
2024-01-24 12:00:00+00:00|-1.0|vol_trans_follow_h1_low_to_high_h12_tp06_sl065,2024-01-24 12:00:00+00:00,STAGE28A,data/reports/stage28a_discovery_factory_batch_runner/stage28a_exact_trades.csv,volatility_transition_v1,vol_trans_follow_h1_low_to_high_h12_tp06_sl065,0.9264999999999418,-0.1235000000000581,-0.8235000000000579,0,0,0,0,0.1235000000000581,18.340000000000146,5.8599999999999,0.8447098976109437,11.279999999999973,0.7402482269503483,4.189999999999827,3.3179999999999836,0.156,-1.0,,,12,2,1.0,2024
2024-01-25 12:00:00+00:00|1.0|vol_trans_follow_h1_low_to_high_h12_tp06_sl065,2024-01-25 12:00:00+00:00,STAGE28A,data/reports/stage28a_discovery_factory_batch_runner/stage28a_exact_trades.csv,volatility_transition_v1,vol_trans_follow_h1_low_to_high_h12_tp06_sl065,-1.3909750000001169,-2.4409750000001167,-3.1409750000001164,0,0,0,0,2.4409750000001167,25.52000000000021,3.400000000000091,0.18823529411767145,7.019999999999982,0.5270655270655349,5.1400000000001,3.9275000000000206,0.472,1.0,,,12,3,1.0,2024
2024-01-26 12:00:00+00:00|1.0|vol_trans_follow_h1_low_to_high_h12_tp06_sl065,2024-01-26 12:00:00+00:00,STAGE28A,data/reports/stage28a_discovery_factory_batch_runner/stage28a_exact_trades.csv,volatility_transition_v1,vol_trans_follow_h1_low_to_high_h12_tp06_sl065,-1.3081000000000589,-2.3581000000000585,-3.058100000000058,0,0,0,0,2.3581000000000585,15.400000000000091,4.779999999999973,0.10460251046025164,5.669999999999845,0.41975308641978376,4.240000000000009,3.4959999999999694,0.24,1.0,,,12,4,1.0,2024
2024-01-29 12:00:00+00:00|-1.0|vol_trans_follow_h1_low_to_high_h12_tp06_sl065,2024-01-29 12:00:00+00:00,STAGE28A,data/reports/stage28a_discovery_factory_batch_runner/stage28a_exact_trades.csv,volatility_transition_v1,vol_trans_follow_h1_low_to_high_h12_tp06_sl065,0.6361000000000786,-0.4138999999999213,-1.113899999999921,0,0,0,0,0.4138999999999213,7.220000000000027,9.13000000000011,0.4928806133625352,9.209999999999809,0.1400651465798035,4.120000000000118,3.4339999999999917,0.26,-1.0,,,12,0,1.0,2024
2024-01-30 12:00:00+00:00|-1.0|vol_trans_follow_h1_low_to_high_h12_tp06_sl065,2024-01-30 12:00:00+00:00,STAGE28A,data/reports/stage28a_discovery_factory_batch_runner/stage28a_exact_trades.csv,volatility_transition_v1,vol_trans_follow_h1_low_to_high_h12_tp06_sl065,0.6451000000000932,-0.4048999999999068,-1.1048999999999063,0,0,0,0,0.4048999999999068,18.460000000000036,4.819999999999936,0.13278008298757438,8.829999999999927,0.43488108720271235,3.660000000000082,4.23050000000004,0.664,-1.0,,,12,1,1.0,2024
2024-01-31 12:00:00+00:00|-1.0|vol_trans_follow_h1_low_to_high_h12_tp06_sl065,2024-01-31 12:00:00+00:00,STAGE28A,data/reports/stage28a_discovery_factory_batch_runner/stage28a_exact_trades.csv,volatility_transition_v1,vol_trans_follow_h1_low_to_high_h12_tp06_sl065,-1.2671499999999924,-2.3171499999999923,-3.017149999999992,0,0,0,0,2.3171499999999923,19.54000000000019,5.800000000000182,0.32931034482759,7.150000000000091,0.3356643356643441,1.8599999999999,3.8415000000000417,0.392,-1.0,,,12,2,1.0,2024
2024-02-01 12:00:00+00:00|-1.0|vol_trans_follow_h1_low_to_high_h12_tp06_sl065,2024-02-01 12:00:00+00:00,STAGE28A,data/reports/stage28a_discovery_factory_batch_runner/stage28a_exact_trades.csv,volatility_transition_v1,vol_trans_follow_h1_low_to_high_h12_tp06_sl065,-1.5076500000001034,-2.5576500000001032,-3.257650000000103,0,0,0,0,2.5576500000001032,25.1400000000001,10.269999999999754,0.559883154819877,15.329999999999927,0.8962818003913943,2.480000000000018,5.124999999999955,0.964,-1.0,,,12,3,2.0,2024
2024-02-02 12:00:00+00:00|-1.0|vol_trans_follow_h1_low_to_high_h12_tp06_sl065,2024-02-02 12:00:00+00:00,STAGE28A,data/reports/stage28a_discovery_factory_batch_runner/stage28a_exact_trades.csv,volatility_transition_v1,vol_trans_follow_h1_low_to_high_h12_tp06_sl065,-1.3253249999998844,-2.375324999999884,-3.075324999999884,0,0,0,0,2.375324999999884,35.590000000000146,4.920000000000073,0.052845528455235706,4.200000000000273,0.10000000000001083,2.2400000000002365,4.528999999999985,0.8,-1.0,,,12,4,2.0,2024
2024-02-05 12:00:00+00:00|-1.0|vol_trans_follow_h1_low_to_high_h12_tp06_sl065,2024-02-05 12:00:00+00:00,STAGE28A,data/reports/stage28a_discovery_factory_batch_runner/stage28a_exact_trades.csv,volatility_transition_v1,vol_trans_follow_h1_low_to_high_h12_tp06_sl065,-1.7000500000000105,-2.75005000000001,-3.45005000000001,0,0,0,0,2.75005000000001,3.3900000000001,11.839999999999918,0.6173986486486484,11.329999999999927,0.6548984995586843,3.589999999999918,4.149499999999989,0.524,-1.0,,,12,0,2.0,2024
2024-02-06 12:00:00+00:00|-1.0|vol_trans_follow_h1_low_to_high_h12_tp06_sl065,2024-02-06 12:00:00+00:00,STAGE28A,data/reports/stage28a_discovery_factory_batch_runner/stage28a_exact_trades.csv,volatility_transition_v1,vol_trans_follow_h1_low_to_high_h12_tp06_sl065,0.6192999999999756,-0.4307000000000243,-1.130700000000024,0,0,0,0,0.4307000000000243,27.329999999999927,5.100000000000136,0.24705882352940337,6.990000000000009,0.34477825464947803,2.490000000000009,3.2870000000000346,0.092,-1.0,,,12,1,2.0,2024
2024-02-08 12:00:00+00:00|1.0|vol_trans_follow_h1_low_to_high_h12_tp06_sl065,2024-02-08 12:00:00+00:00,STAGE28A,data/reports/stage28a_discovery_factory_batch_runner/stage28a_exact_trades.csv,volatility_transition_v1,vol_trans_follow_h1_low_to_high_h12_tp06_sl065,0.5836000000000695,-0.4663999999999304,-1.1663999999999302,0,0,0,0,0.4663999999999304,13.970000000000027,7.0,0.6028571428571468,9.599999999999909,0.41041666666665255,6.25,3.4754999999999994,0.284,1.0,,,12,3,2.0,2024
2024-02-09 12:00:00+00:00|-1.0|vol_trans_follow_h1_low_to_high_h12_tp06_sl065,2024-02-09 12:00:00+00:00,STAGE28A,data/reports/stage28a_discovery_factory_batch_runner/stage28a_exact_trades.csv,volatility_transition_v1,vol_trans_follow_h1_low_to_high_h12_tp06_sl065,-1.1299999999999728,-2.1799999999999726,-2.8799999999999724,0,0,0,0,2.1799999999999726,18.6400000000001,3.1599999999998545,0.49367088607595483,4.460000000000036,0.022421524663656555,2.3899999999998727,3.0269999999999753,0.076,-1.0,,,12,4,2.0,2024
2024-02-14 12:00:00+00:00|1.0|vol_trans_follow_h1_low_to_high_h12_tp06_sl065,2024-02-14 12:00:00+00:00,STAGE28A,data/reports/stage28a_discovery_factory_batch_runner/stage28a_exact_trades.csv,volatility_transition_v1,vol_trans_follow_h1_low_to_high_h12_tp06_sl065,0.5719000000000506,-0.4780999999999493,-1.178099999999949,0,0,0,0,0.4780999999999493,39.86999999999989,4.75,0.19578947368422392,7.1400000000001,0.06162464985991891,3.0499999999999545,3.4069999999999823,0.432,1.0,,,12,2,2.0,2024
2024-02-19 12:00:00+00:00|-1.0|vol_trans_follow_h1_low_to_high_h12_tp06_sl065,2024-02-19 12:00:00+00:00,STAGE28A,data/reports/stage28a_discovery_factory_batch_runner/stage28a_exact_trades.csv,volatility_transition_v1,vol_trans_follow_h1_low_to_high_h12_tp06_sl065,0.350800000000072,-0.6991999999999279,-1.3991999999999276,0,0,0,0,0.6991999999999279,3.8799999999998818,10.86999999999989,0.48850045998160063,4.650000000000091,0.027956989247285853,1.4300000000000637,4.016999999999996,0.752,-1.0,,,12,0,2.0,2024
2024-02-23 12:00:00+00:00|-1.0|vol_trans_follow_h1_low_to_high_h12_tp06_sl065,2024-02-23 12:00:00+00:00,STAGE28A,data/reports/stage28a_discovery_factory_batch_runner/stage28a_exact_trades.csv,volatility_transition_v1,vol_trans_follow_h1_low_to_high_h12_tp06_sl065,0.6438999999999396,-0.4061000000000603,-1.10610000000006,0,0,0,0,0.4061000000000603,15.36999999999989,4.559999999999945,0.2763157894736855,10.110000000000127,0.2908011869435994,3.8400000000001455,3.2055000000000065,0.688,-1.0,,,12,4,2.0,2024
2024-02-26 12:00:00+00:00|-1.0|vol_trans_follow_h1_low_to_high_h12_tp06_sl065,2024-02-26 12:00:00+00:00,STAGE28A,data/reports/stage28a_discovery_factory_batch_runner/stage28a_exact_trades.csv,volatility_transition_v1,vol_trans_follow_h1_low_to_high_h12_tp06_sl065,0.5440000000000055,-0.5059999999999945,-1.2059999999999942,0,0,0,0,0.5059999999999945,2.7999999999999545,5.069999999999936,0.36489151873765924,5.349999999999909,0.007476635514012018,2.1000000000001364,3.104499999999939,0.544,-1.0,,,12,0,2.0,2024
2024-03-04 12:00:00+00:00|1.0|vol_trans_follow_h1_low_to_high_h12_tp06_sl065,2024-03-04 12:00:00+00:00,STAGE28A,data/reports/stage28a_discovery_factory_batch_runner/stage28a_exact_trades.csv,volatility_transition_v1,vol_trans_follow_h1_low_to_high_h12_tp06_sl065,0.5862999999998465,-0.4637000000001534,-1.1637000000001532,0,0,0,0,0.4637000000001534,4.239999999999782,6.610000000000127,0.4175491679274077,7.710000000000036,0.41115434500649256,3.0299999999997453,4.631000000000006,0.896,1.0,,,12,0,3.0,2024
2024-03-05 12:00:00+00:00|1.0|vol_trans_follow_h1_low_to_high_h12_tp06_sl065,2024-03-05 12:00:00+00:00,STAGE28A,data/reports/stage28a_discovery_factory_batch_runner/stage28a_exact_trades.csv,volatility_transition_v1,vol_trans_follow_h1_low_to_high_h12_tp06_sl065,-1.9720750000002227,-3.0220750000002226,-3.7220750000002223,0,0,0,0,3.0220750000002226,40.370000000000346,6.349999999999909,0.22204724409446847,13.2800000000002,0.5813253012047954,6.25,5.13900000000001,0.94,1.0,,,12,1,3.0,2024
2024-03-06 12:00:00+00:00|1.0|vol_trans_follow_h1_low_to_high_h12_tp06_sl065,2024-03-06 12:00:00+00:00,STAGE28A,data/reports/stage28a_discovery_factory_batch_runner/stage28a_exact_trades.csv,volatility_transition_v1,vol_trans_follow_h1_low_to_high_h12_tp06_sl065,0.8710000000000037,-0.1789999999999962,-0.878999999999996,0,0,0,0,0.1789999999999962,31.329999999999927,4.799999999999727,0.38333333333338543,7.150000000000091,0.07412587412590117,5.110000000000127,4.169499999999948,0.76,1.0,,,12,2,3.0,2024
2024-03-07 12:00:00+00:00|1.0|vol_trans_follow_h1_low_to_high_h12_tp06_sl065,2024-03-07 12:00:00+00:00,STAGE28A,data/reports/stage28a_discovery_factory_batch_runner/stage28a_exact_trades.csv,volatility_transition_v1,vol_trans_follow_h1_low_to_high_h12_tp06_sl065,-1.8430500000000396,-2.893050000000039,-3.593050000000039,0,0,0,0,2.893050000000039,28.549999999999727,17.11999999999989,0.6407710280374022,8.299999999999727,0.07108433734936268,3.4699999999998,6.352999999999975,0.976,1.0,,,12,3,3.0,2024
2024-03-08 12:00:00+00:00|1.0|vol_trans_follow_h1_low_to_high_h12_tp06_sl065,2024-03-08 12:00:00+00:00,STAGE28A,data/reports/stage28a_discovery_factory_batch_runner/stage28a_exact_trades.csv,volatility_transition_v1,vol_trans_follow_h1_low_to_high_h12_tp06_sl065,-1.8261499999999613,-2.8761499999999613,-3.576149999999961,0,0,0,0,2.8761499999999613,20.460000000000036,9.510000000000218,0.4437434279705739,14.920000000000073,0.724530831099219,6.440000000000055,4.703000000000043,0.628,1.0,,,12,4,3.0,2024
2024-03-11 12:00:00+00:00|1.0|vol_trans_follow_h1_low_to_high_h12_tp06_sl065,2024-03-11 12:00:00+00:00,STAGE28A,data/reports/stage28a_discovery_factory_batch_runner/stage28a_exact_trades.csv,volatility_transition_v1,vol_trans_follow_h1_low_to_high_h12_tp06_sl065,-1.7617999999998577,-2.8117999999998573,-3.511799999999857,0,0,0,0,2.8117999999998573,6.599999999999909,12.099999999999909,0.08595041322313814,7.160000000000309,0.40502793296088907,5.580000000000382,5.976000000000044,0.856,1.0,,,12,0,3.0,2024
2024-03-12 12:00:00+00:00|-1.0|vol_trans_follow_h1_low_to_high_h12_tp06_sl065,2024-03-12 12:00:00+00:00,STAGE28A,data/reports/stage28a_discovery_factory_batch_runner/stage28a_exact_trades.csv,volatility_transition_v1,vol_trans_follow_h1_low_to_high_h12_tp06_sl065,-1.4988749999998618,-2.5488749999998617,-3.2488749999998614,0,0,0,0,2.5488749999998617,14.239999999999782,7.929999999999836,0.5056746532156748,5.539999999999964,0.30685920577622455,2.7400000000002365,3.7759999999999083,0.372,-1.0,,,12,1,3.0,2024
2024-03-13 12:00:00+00:00|1.0|vol_trans_follow_h1_low_to_high_h12_tp06_sl065,2024-03-13 12:00:00+00:00,STAGE28A,data/reports/stage28a_discovery_factory_batch_runner/stage28a_exact_trades.csv,volatility_transition_v1,vol_trans_follow_h1_low_to_high_h12_tp06_sl065,-1.3653000000000248,-2.4153000000000246,-3.1153000000000244,0,0,0,0,2.4153000000000246,34.179999999999836,5.730000000000018,0.41884816753928156,6.049999999999727,0.6694214876033661,2.6899999999996,4.567999999999938,0.364,1.0,,,12,2,3.0,2024
2024-03-14 12:00:00+00:00|1.0|vol_trans_follow_h1_low_to_high_h12_tp06_sl065,2024-03-14 12:00:00+00:00,STAGE28A,data/reports/stage28a_discovery_factory_batch_runner/stage28a_exact_trades.csv,volatility_transition_v1,vol_trans_follow_h1_low_to_high_h12_tp06_sl065,-1.3818750000001274,-2.4318750000001272,-3.131875000000127,0,0,0,0,2.4318750000001272,24.059999999999945,5.920000000000073,0.44087837837839444,4.599999999999909,0.2434782608695463,4.109999999999673,3.210500000000002,0.096,1.0,,,12,3,3.0,2024
2024-03-15 12:00:00+00:00|1.0|vol_trans_follow_h1_low_to_high_h12_tp06_sl065,2024-03-15 12:00:00+00:00,STAGE28A,data/reports/stage28a_discovery_factory_batch_runner/stage28a_exact_trades.csv,volatility_transition_v1,vol_trans_follow_h1_low_to_high_h12_tp06_sl065,0.952599999999984,-0.0974000000000159,-0.7974000000000157,0,0,0,0,0.0974000000000159,24.159999999999854,5.289999999999964,0.43100189035920905,9.289999999999964,0.511302475780411,5.25,3.510499999999979,0.096,1.0,,,12,4,3.0,2024
2024-03-18 12:00:00+00:00|1.0|vol_trans_follow_h1_low_to_high_h12_tp06_sl065,2024-03-18 12:00:00+00:00,STAGE28A,data/reports/stage28a_discovery_factory_batch_runner/stage28a_exact_trades.csv,volatility_transition_v1,vol_trans_follow_h1_low_to_high_h12_tp06_sl065,0.7267000000000735,-0.3232999999999264,-1.0232999999999262,0,0,0,0,0.3232999999999264,5.369999999999891,11.419999999999618,0.6444833625219242,12.349999999999909,0.8858299595141441,2.549999999999727,3.899000000000001,0.18,1.0,,,12,0,3.0,2024
2024-03-19 12:00:00+00:00|1.0|vol_trans_follow_h1_low_to_high_h12_tp06_sl065,2024-03-19 12:00:00+00:00,STAGE28A,data/reports/stage28a_discovery_factory_batch_runner/stage28a_exact_trades.csv,volatility_transition_v1,vol_trans_follow_h1_low_to_high_h12_tp06_sl065,-1.930475000000206,-2.980475000000206,-3.6804750000002056,0,0,0,0,2.980475000000206,17.559999999999945,4.1599999999998545,0.16105769230771544,13.179999999999836,0.4613050075872536,2.880000000000109,3.1899999999999182,0.036,1.0,,,12,1,3.0,2024
2024-03-21 12:00:00+00:00|1.0|vol_trans_follow_h1_low_to_high_h12_tp06_sl065,2024-03-21 12:00:00+00:00,STAGE28A,data/reports/stage28a_discovery_factory_batch_runner/stage28a_exact_trades.csv,volatility_transition_v1,vol_trans_follow_h1_low_to_high_h12_tp06_sl065,-2.338025000000107,-3.388025000000107,-4.088025000000107,0,0,0,1,3.388025000000107,56.710000000000036,36.17000000000007,0.017694221730712507,14.86999999999989,0.2958977807666525,6.110000000000127,8.917499999999995,0.996,1.0,,,12,3,3.0,2024
2024-03-22 12:00:00+00:00|-1.0|vol_trans_follow_h1_low_to_high_h12_tp06_sl065,2024-03-22 12:00:00+00:00,STAGE28A,data/reports/stage28a_discovery_factory_batch_runner/stage28a_exact_trades.csv,volatility_transition_v1,vol_trans_follow_h1_low_to_high_h12_tp06_sl065,-2.162199999999848,-3.212199999999848,-3.912199999999848,0,0,0,1,3.212199999999848,56.07999999999993,14.199999999999818,0.53169014084509,13.659999999999854,0.46998535871157693,4.480000000000018,5.3659999999999854,0.692,-1.0,,,12,4,3.0,2024
2024-03-25 12:00:00+00:00|1.0|vol_trans_follow_h1_low_to_high_h12_tp06_sl065,2024-03-25 12:00:00+00:00,STAGE28A,data/reports/stage28a_discovery_factory_batch_runner/stage28a_exact_trades.csv,volatility_transition_v1,vol_trans_follow_h1_low_to_high_h12_tp06_sl065,-1.984425000000192,-3.034425000000192,-3.734425000000192,0,0,0,0,3.034425000000192,4.119999999999891,14.300000000000182,0.2930069930069931,7.529999999999745,0.13014608233732422,4.440000000000055,5.0654999999999974,0.632,1.0,,,12,0,3.0,2024
2024-03-26 12:00:00+00:00|1.0|vol_trans_follow_h1_low_to_high_h12_tp06_sl065,2024-03-26 12:00:00+00:00,STAGE28A,data/reports/stage28a_discovery_factory_batch_runner/stage28a_exact_trades.csv,volatility_transition_v1,vol_trans_follow_h1_low_to_high_h12_tp06_sl065,1.2187000000002626,0.1687000000002627,-0.531299999999737,1,0,1,0,0.1687000000002627,17.779999999999745,6.839999999999691,0.09941520467834314,30.460000000000036,0.8365068942875898,16.730000000000018,3.8649999999999407,0.352,1.0,,,12,1,3.0,2024
2024-03-27 12:00:00+00:00|1.0|vol_trans_follow_h1_low_to_high_h12_tp06_sl065,2024-03-27 12:00:00+00:00,STAGE28A,data/reports/stage28a_discovery_factory_batch_runner/stage28a_exact_trades.csv,volatility_transition_v1,vol_trans_follow_h1_low_to_high_h12_tp06_sl065,-2.26944999999987,-3.3194499999998697,-4.019449999999869,0,0,0,1,3.3194499999998697,32.460000000000036,8.480000000000018,0.12264150943395771,18.800000000000182,0.8202127659574427,17.440000000000055,4.741500000000019,0.616,1.0,,,12,2,3.0,2024
2024-03-28 12:00:00+00:00|1.0|vol_trans_follow_h1_low_to_high_h12_tp06_sl065,2024-03-28 12:00:00+00:00,STAGE28A,data/reports/stage28a_discovery_factory_batch_runner/stage28a_exact_trades.csv,volatility_transition_v1,vol_trans_follow_h1_low_to_high_h12_tp06_sl065,1.0588000000001556,0.0088000000001557,-0.6911999999998439,1,0,0,0,0.0088000000001557,24.330000000000382,9.559999999999945,0.5041841004184301,22.920000000000073,0.7273123909249374,5.389999999999873,4.084999999999991,0.436,1.0,,,12,3,3.0,2024
2024-04-01 12:00:00+00:00|-1.0|vol_trans_follow_h1_low_to_high_h12_tp06_sl065,2024-04-01 12:00:00+00:00,STAGE28A,data/reports/stage28a_discovery_factory_batch_runner/stage28a_exact_trades.csv,volatility_transition_v1,vol_trans_follow_h1_low_to_high_h12_tp06_sl065,1.0233999999999468,-0.026600000000053,-0.7266000000000528,0,0,0,0,0.026600000000053,9.899999999999636,30.36999999999989,0.9045110306223363,16.300000000000182,0.7785276073619299,4.389999999999873,8.163499999999932,0.892,-1.0,,,12,0,4.0,2024
2024-04-02 12:00:00+00:00|1.0|vol_trans_follow_h1_low_to_high_h12_tp06_sl065,2024-04-02 12:00:00+00:00,STAGE28A,data/reports/stage28a_discovery_factory_batch_runner/stage28a_exact_trades.csv,volatility_transition_v1,vol_trans_follow_h1_low_to_high_h12_tp06_sl065,1.207900000000245,0.1579000000002453,-0.5420999999997544,1,0,1,0,0.1579000000002453,37.11999999999989,9.169999999999618,0.22246455834242623,16.440000000000055,0.5675182481751762,6.690000000000055,6.795500000000061,0.76,1.0,,,12,1,4.0,2024
2024-04-03 12:00:00+00:00|1.0|vol_trans_follow_h1_low_to_high_h12_tp06_sl065,2024-04-03 12:00:00+00:00,STAGE28A,data/reports/stage28a_discovery_factory_batch_runner/stage28a_exact_trades.csv,volatility_transition_v1,vol_trans_follow_h1_low_to_high_h12_tp06_sl065,-2.378650000000198,-3.428650000000198,-4.1286500000001976,0,0,0,1,3.428650000000198,35.35999999999967,11.590000000000146,0.28127696289906623,19.360000000000127,0.6714876033057807,8.320000000000164,7.582500000000027,0.796,1.0,,,12,2,4.0,2024
2024-04-04 12:00:00+00:00|-1.0|vol_trans_follow_h1_low_to_high_h12_tp06_sl065,2024-04-04 12:00:00+00:00,STAGE28A,data/reports/stage28a_discovery_factory_batch_runner/stage28a_exact_trades.csv,volatility_transition_v1,vol_trans_follow_h1_low_to_high_h12_tp06_sl065,-1.7878000000001522,-2.837800000000152,-3.537800000000152,0,0,0,0,2.837800000000152,36.26999999999998,8.36999999999989,0.30943847072881475,9.809999999999945,0.5983690112130865,3.4600000000000364,5.653499999999963,0.424,-1.0,,,12,3,4.0,2024
2024-04-05 12:00:00+00:00|-1.0|vol_trans_follow_h1_low_to_high_h12_tp06_sl065,2024-04-05 12:00:00+00:00,STAGE28A,data/reports/stage28a_discovery_factory_batch_runner/stage28a_exact_trades.csv,volatility_transition_v1,vol_trans_follow_h1_low_to_high_h12_tp06_sl065,-2.43357500000011,-3.48357500000011,-4.1835750000001095,0,0,0,1,3.48357500000011,25.519999999999982,25.579999999999927,0.5136825645035327,16.9699999999998,0.8461991750147494,6.929999999999836,7.922000000000002,0.848,-1.0,,,12,4,4.0,2024
2024-04-08 12:00:00+00:00|-1.0|vol_trans_follow_h1_low_to_high_h12_tp06_sl065,2024-04-08 12:00:00+00:00,STAGE28A,data/reports/stage28a_discovery_factory_batch_runner/stage28a_exact_trades.csv,volatility_transition_v1,vol_trans_follow_h1_low_to_high_h12_tp06_sl065,-3.154749999999785,-4.204749999999786,-4.904749999999785,0,0,0,1,4.204749999999786,24.11999999999989,51.0300000000002,0.7460317460317463,13.789999999999964,0.5823060188542583,8.11999999999989,12.261000000000013,0.976,-1.0,,,12,0,4.0,2024
2024-04-09 12:00:00+00:00|1.0|vol_trans_follow_h1_low_to_high_h12_tp06_sl065,2024-04-09 12:00:00+00:00,STAGE28A,data/reports/stage28a_discovery_factory_batch_runner/stage28a_exact_trades.csv,volatility_transition_v1,vol_trans_follow_h1_low_to_high_h12_tp06_sl065,-2.3656499999998237,-3.415649999999823,-4.115649999999823,0,0,0,1,3.415649999999823,51.0300000000002,11.669999999999618,0.43958868894603914,22.269999999999982,0.8630444544230027,7.940000000000055,5.778500000000031,0.348,1.0,,,12,1,4.0,2024
2024-04-10 12:00:00+00:00|1.0|vol_trans_follow_h1_low_to_high_h12_tp06_sl065,2024-04-10 12:00:00+00:00,STAGE28A,data/reports/stage28a_discovery_factory_batch_runner/stage28a_exact_trades.csv,volatility_transition_v1,vol_trans_follow_h1_low_to_high_h12_tp06_sl065,1.1928999999999177,0.1428999999999178,-0.5571000000000819,1,0,0,0,0.1428999999999178,28.559999999999945,10.890000000000327,0.09641873278238296,14.990000000000236,0.24016010673784569,3.480000000000018,6.5955000000000386,0.452,1.0,,,12,2,4.0,2024
2024-04-11 12:00:00+00:00|-1.0|vol_trans_follow_h1_low_to_high_h12_tp06_sl065,2024-04-11 12:00:00+00:00,STAGE28A,data/reports/stage28a_discovery_factory_batch_runner/stage28a_exact_trades.csv,volatility_transition_v1,vol_trans_follow_h1_low_to_high_h12_tp06_sl065,1.7494000000000596,0.6994000000000598,-0.0005999999999399,1,0,1,0,0.6994000000000598,40.75,13.490000000000236,0.5937731653076074,20.360000000000127,0.6512770137524625,12.13000000000011,8.541499999999996,0.76,-1.0,,,12,3,4.0,2024
2024-04-12 12:00:00+00:00|-1.0|vol_trans_follow_h1_low_to_high_h12_tp06_sl065,2024-04-12 12:00:00+00:00,STAGE28A,data/reports/stage28a_discovery_factory_batch_runner/stage28a_exact_trades.csv,volatility_transition_v1,vol_trans_follow_h1_low_to_high_h12_tp06_sl065,1.849000000000069,0.7990000000000692,0.0990000000000694,1,1,1,0,0.7990000000000692,52.0300000000002,23.449999999999818,0.4366737739872009,17.809999999999945,0.7810218978102388,6.480000000000018,8.066000000000008,0.676,-1.0,,,12,4,4.0,2024
2024-04-15 12:00:00+00:00|-1.0|vol_trans_follow_h1_low_to_high_h12_tp06_sl065,2024-04-15 12:00:00+00:00,STAGE28A,data/reports/stage28a_discovery_factory_batch_runner/stage28a_exact_trades.csv,volatility_transition_v1,vol_trans_follow_h1_low_to_high_h12_tp06_sl065,-3.12127500000006,-4.17127500000006,-4.871275000000059,0,0,0,1,4.17127500000006,26.509999999999764,26.509999999999764,0.06563560920406629,17.799999999999727,0.500561797752834,11.360000000000127,16.56899999999996,0.988,-1.0,,,12,0,4.0,2024
2024-04-16 12:00:00+00:00|1.0|vol_trans_follow_h1_low_to_high_h12_tp06_sl065,2024-04-16 12:00:00+00:00,STAGE28A,data/reports/stage28a_discovery_factory_batch_runner/stage28a_exact_trades.csv,volatility_transition_v1,vol_trans_follow_h1_low_to_high_h12_tp06_sl065,-2.831374999999844,-3.881374999999844,-4.581374999999843,0,0,0,1,3.881374999999844,63.18000000000029,12.900000000000091,0.28062015503874926,25.980000000000018,0.6023864511162463,6.730000000000018,10.956000000000017,0.832,1.0,,,12,1,4.0,2024
2024-04-17 12:00:00+00:00|1.0|vol_trans_follow_h1_low_to_high_h12_tp06_sl065,2024-04-17 12:00:00+00:00,STAGE28A,data/reports/stage28a_discovery_factory_batch_runner/stage28a_exact_trades.csv,volatility_transition_v1,vol_trans_follow_h1_low_to_high_h12_tp06_sl065,-2.4719249999999198,-3.521924999999919,-4.221924999999919,0,0,0,1,3.521924999999919,35.210000000000036,6.400000000000091,0.5015624999999986,21.559999999999945,0.4809833024118911,10.970000000000255,8.76600000000003,0.58,1.0,,,12,2,4.0,2024
2024-04-18 12:00:00+00:00|1.0|vol_trans_follow_h1_low_to_high_h12_tp06_sl065,2024-04-18 12:00:00+00:00,STAGE28A,data/reports/stage28a_discovery_factory_batch_runner/stage28a_exact_trades.csv,volatility_transition_v1,vol_trans_follow_h1_low_to_high_h12_tp06_sl065,-1.842725000000064,-2.892725000000064,-3.592725000000064,0,0,0,0,2.892725000000064,41.0,12.240000000000236,0.7802287581699344,7.890000000000327,0.6387832699619461,3.480000000000018,7.691000000000031,0.344,1.0,,,12,3,4.0,2024
2024-04-19 12:00:00+00:00|-1.0|vol_trans_follow_h1_low_to_high_h12_tp06_sl065,2024-04-19 12:00:00+00:00,STAGE28A,data/reports/stage28a_discovery_factory_batch_runner/stage28a_exact_trades.csv,volatility_transition_v1,vol_trans_follow_h1_low_to_high_h12_tp06_sl065,2.5111000000000785,1.461100000000079,0.7611000000000789,1,1,1,0,1.461100000000079,29.889999999999873,44.15000000000009,0.27859569648924476,15.840000000000146,0.6502525252525021,8.340000000000146,10.41699999999994,0.76,-1.0,,,12,4,4.0,2024
2024-04-22 12:00:00+00:00|-1.0|vol_trans_follow_h1_low_to_high_h12_tp06_sl065,2024-04-22 12:00:00+00:00,STAGE28A,data/reports/stage28a_discovery_factory_batch_runner/stage28a_exact_trades.csv,volatility_transition_v1,vol_trans_follow_h1_low_to_high_h12_tp06_sl065,-2.850225000000228,-3.900225000000228,-4.600225000000227,0,0,0,1,3.900225000000228,6.799999999999727,26.84999999999991,0.5314711359404108,21.490000000000236,0.3922754769660399,5.049999999999727,7.738999999999919,0.296,-1.0,,,12,0,4.0,2024
2024-04-23 12:00:00+00:00|-1.0|vol_trans_follow_h1_low_to_high_h12_tp06_sl065,2024-04-23 12:00:00+00:00,STAGE28A,data/reports/stage28a_discovery_factory_batch_runner/stage28a_exact_trades.csv,volatility_transition_v1,vol_trans_follow_h1_low_to_high_h12_tp06_sl065,-3.16775000000016,-4.21775000000016,-4.91775000000016,0,0,0,1,4.21775000000016,63.82999999999993,38.82999999999993,0.7180015451970168,23.220000000000255,0.30146425495262374,7.7599999999997635,9.364500000000021,0.688,-1.0,,,12,1,4.0,2024
2024-04-24 12:00:00+00:00|-1.0|vol_trans_follow_h1_low_to_high_h12_tp06_sl065,2024-04-24 12:00:00+00:00,STAGE28A,data/reports/stage28a_discovery_factory_batch_runner/stage28a_exact_trades.csv,volatility_transition_v1,vol_trans_follow_h1_low_to_high_h12_tp06_sl065,1.3200999999998202,0.2700999999998204,-0.4299000000001793,1,0,1,0,0.2700999999998204,42.88000000000011,12.400000000000091,0.5016129032258233,19.4399999999996,0.6682098765432124,5.800000000000182,6.7515000000001235,0.088,-1.0,,,12,2,4.0,2024
2024-04-25 12:00:00+00:00|1.0|vol_trans_follow_h1_low_to_high_h12_tp06_sl065,2024-04-25 12:00:00+00:00,STAGE28A,data/reports/stage28a_discovery_factory_batch_runner/stage28a_exact_trades.csv,volatility_transition_v1,vol_trans_follow_h1_low_to_high_h12_tp06_sl065,-2.0335000000000947,-3.0835000000000945,-3.7835000000000942,0,0,0,1,3.0835000000000945,25.480000000000018,17.029999999999745,0.28185554903113647,16.4699999999998,0.7109896782028038,3.8400000000001455,6.487999999999943,0.076,1.0,,,12,3,4.0,2024
2024-04-26 12:00:00+00:00|1.0|vol_trans_follow_h1_low_to_high_h12_tp06_sl065,2024-04-26 12:00:00+00:00,STAGE28A,data/reports/stage28a_discovery_factory_batch_runner/stage28a_exact_trades.csv,volatility_transition_v1,vol_trans_follow_h1_low_to_high_h12_tp06_sl065,-2.601600000000053,-3.651600000000053,-4.351600000000053,0,0,0,1,3.651600000000053,39.539999999999964,10.019999999999982,0.2195608782434952,19.110000000000127,0.7791732077446483,6.079999999999927,6.870000000000073,0.184,1.0,,,12,4,4.0,2024
2024-04-29 12:00:00+00:00|1.0|vol_trans_follow_h1_low_to_high_h12_tp06_sl065,2024-04-29 12:00:00+00:00,STAGE28A,data/reports/stage28a_discovery_factory_batch_runner/stage28a_exact_trades.csv,volatility_transition_v1,vol_trans_follow_h1_low_to_high_h12_tp06_sl065,1.3371999999998478,0.287199999999848,-0.4128000000001517,1,0,1,0,0.287199999999848,4.539999999999964,17.149999999999636,0.35801749271137046,16.929999999999836,0.8665091553455263,5.0300000000002,6.31700000000003,0.104,1.0,,,12,0,4.0,2024
2024-04-30 12:00:00+00:00|-1.0|vol_trans_follow_h1_low_to_high_h12_tp06_sl065,2024-04-30 12:00:00+00:00,STAGE28A,data/reports/stage28a_discovery_factory_batch_runner/stage28a_exact_trades.csv,volatility_transition_v1,vol_trans_follow_h1_low_to_high_h12_tp06_sl065,1.284399999999914,0.2343999999999142,-0.4656000000000855,1,0,1,0,0.2343999999999142,26.919999999999618,9.320000000000164,0.6115879828326366,18.879999999999654,0.7733050847457721,7.699999999999818,5.457500000000027,0.04,-1.0,,,12,1,4.0,2024
2024-05-01 12:00:00+00:00|1.0|vol_trans_follow_h1_low_to_high_h12_tp06_sl065,2024-05-01 12:00:00+00:00,STAGE28A,data/reports/stage28a_discovery_factory_batch_runner/stage28a_exact_trades.csv,volatility_transition_v1,vol_trans_follow_h1_low_to_high_h12_tp06_sl065,-1.8352500000001783,-2.885250000000178,-3.585250000000178,0,0,0,0,2.885250000000178,51.51000000000022,10.38000000000011,0.6984585741811102,11.5,0.6782608695652332,3.0299999999997453,5.853000000000042,0.116,1.0,,,12,2,5.0,2024
2024-05-02 12:00:00+00:00|-1.0|vol_trans_follow_h1_low_to_high_h12_tp06_sl065,2024-05-02 12:00:00+00:00,STAGE28A,data/reports/stage28a_discovery_factory_batch_runner/stage28a_exact_trades.csv,volatility_transition_v1,vol_trans_follow_h1_low_to_high_h12_tp06_sl065,1.446100000000024,0.3961000000000241,-0.3038999999999756,1,0,1,0,0.3961000000000241,46.82999999999993,9.070000000000164,0.1422271223814708,22.340000000000146,0.8012533572068028,7.880000000000109,8.326000000000068,0.764,-1.0,,,12,3,5.0,2024
2024-05-03 12:00:00+00:00|1.0|vol_trans_follow_h1_low_to_high_h12_tp06_sl065,2024-05-03 12:00:00+00:00,STAGE28A,data/reports/stage28a_discovery_factory_batch_runner/stage28a_exact_trades.csv,volatility_transition_v1,vol_trans_follow_h1_low_to_high_h12_tp06_sl065,1.1350000000001272,0.0850000000001274,-0.6149999999998723,1,0,0,0,0.0850000000001274,41.09999999999991,6.440000000000055,0.2096273291925307,10.970000000000255,0.08477666362810113,4.2800000000002,5.552499999999964,0.1,1.0,,,12,4,5.0,2024
2024-05-06 12:00:00+00:00|-1.0|vol_trans_follow_h1_low_to_high_h12_tp06_sl065,2024-05-06 12:00:00+00:00,STAGE28A,data/reports/stage28a_discovery_factory_batch_runner/stage28a_exact_trades.csv,volatility_transition_v1,vol_trans_follow_h1_low_to_high_h12_tp06_sl065,1.260700000000179,0.210700000000179,-0.4892999999998206,1,0,1,0,0.210700000000179,5.210000000000036,23.519999999999982,0.32312925170067663,16.170000000000073,0.741496598639439,5.730000000000018,7.30799999999997,0.62,-1.0,,,12,0,5.0,2024
2024-05-07 12:00:00+00:00|-1.0|vol_trans_follow_h1_low_to_high_h12_tp06_sl065,2024-05-07 12:00:00+00:00,STAGE28A,data/reports/stage28a_discovery_factory_batch_runner/stage28a_exact_trades.csv,volatility_transition_v1,vol_trans_follow_h1_low_to_high_h12_tp06_sl065,-2.029599999999937,-3.0795999999999366,-3.779599999999936,0,0,0,1,3.0795999999999366,40.370000000000346,10.279999999999745,0.17217898832685075,13.360000000000127,0.8345808383233181,8.140000000000327,5.450499999999988,0.096,-1.0,,,12,1,5.0,2024
2024-05-08 12:00:00+00:00|1.0|vol_trans_follow_h1_low_to_high_h12_tp06_sl065,2024-05-08 12:00:00+00:00,STAGE28A,data/reports/stage28a_discovery_factory_batch_runner/stage28a_exact_trades.csv,volatility_transition_v1,vol_trans_follow_h1_low_to_high_h12_tp06_sl065,1.0567000000000006,0.0067000000000008,-0.6932999999999989,1,0,0,0,0.0067000000000008,20.179999999999836,11.240000000000236,0.22775800711742808,17.86999999999989,0.35926133184108067,5.5099999999997635,5.075999999999999,0.088,1.0,,,12,2,5.0,2024
2024-05-09 12:00:00+00:00|1.0|vol_trans_follow_h1_low_to_high_h12_tp06_sl065,2024-05-09 12:00:00+00:00,STAGE28A,data/reports/stage28a_discovery_factory_batch_runner/stage28a_exact_trades.csv,volatility_transition_v1,vol_trans_follow_h1_low_to_high_h12_tp06_sl065,-1.9389250000000176,-2.9889250000000174,-3.688925000000017,0,0,0,0,2.9889250000000174,17.86999999999989,4.970000000000255,0.5010060362173258,13.08999999999969,0.35752482811305936,4.349999999999909,4.386499999999955,0.012,1.0,,,12,3,5.0,2024
2024-05-10 12:00:00+00:00|1.0|vol_trans_follow_h1_low_to_high_h12_tp06_sl065,2024-05-10 12:00:00+00:00,STAGE28A,data/reports/stage28a_discovery_factory_batch_runner/stage28a_exact_trades.csv,volatility_transition_v1,vol_trans_follow_h1_low_to_high_h12_tp06_sl065,-2.3584999999999128,-3.4084999999999126,-4.108499999999912,0,0,0,1,3.4084999999999126,40.63999999999987,10.659999999999854,0.6716697936210086,24.079999999999927,0.7936046511627984,6.269999999999982,6.375499999999988,0.516,1.0,,,12,4,5.0,2024
2024-05-13 12:00:00+00:00|-1.0|vol_trans_follow_h1_low_to_high_h12_tp06_sl065,2024-05-13 12:00:00+00:00,STAGE28A,data/reports/stage28a_discovery_factory_batch_runner/stage28a_exact_trades.csv,volatility_transition_v1,vol_trans_follow_h1_low_to_high_h12_tp06_sl065,1.1851000000000569,0.1351000000000568,-0.5648999999999429,1,0,0,0,0.1351000000000568,3.4299999999998363,9.710000000000036,0.4582904222451345,18.139999999999873,0.9404630650496177,8.860000000000127,5.507500000000027,0.276,-1.0,,,12,0,5.0,2024
2024-05-14 12:00:00+00:00|1.0|vol_trans_follow_h1_low_to_high_h12_tp06_sl065,2024-05-14 12:00:00+00:00,STAGE28A,data/reports/stage28a_discovery_factory_batch_runner/stage28a_exact_trades.csv,volatility_transition_v1,vol_trans_follow_h1_low_to_high_h12_tp06_sl065,-1.9103249999999208,-2.9603249999999206,-3.66032499999992,0,0,0,0,2.9603249999999206,32.95000000000027,9.570000000000164,0.5862068965517274,12.2800000000002,0.2394136807817595,6.179999999999836,4.448000000000002,0.044,1.0,,,12,1,5.0,2024
2024-05-15 12:00:00+00:00|1.0|vol_trans_follow_h1_low_to_high_h12_tp06_sl065,2024-05-15 12:00:00+00:00,STAGE28A,data/reports/stage28a_discovery_factory_batch_runner/stage28a_exact_trades.csv,volatility_transition_v1,vol_trans_follow_h1_low_to_high_h12_tp06_sl065,-1.9665500000001883,-3.0165500000001884,-3.716550000000188,0,0,0,0,3.0165500000001884,24.920000000000073,6.110000000000127,0.46808510638298984,18.5300000000002,0.47706422018348893,11.789999999999964,4.770500000000015,0.14,1.0,,,12,2,5.0,2024
2024-05-16 12:00:00+00:00|-1.0|vol_trans_follow_h1_low_to_high_h12_tp06_sl065,2024-05-16 12:00:00+00:00,STAGE28A,data/reports/stage28a_discovery_factory_batch_runner/stage28a_exact_trades.csv,volatility_transition_v1,vol_trans_follow_h1_low_to_high_h12_tp06_sl065,1.011699999999928,-0.0383000000000719,-0.7383000000000717,0,0,0,0,0.0383000000000719,38.40000000000009,13.050000000000182,0.029885057471289042,10.909999999999854,0.31072410632446545,5.929999999999836,7.16700000000003,0.78,-1.0,,,12,3,5.0,2024
2024-05-17 12:00:00+00:00|1.0|vol_trans_follow_h1_low_to_high_h12_tp06_sl065,2024-05-17 12:00:00+00:00,STAGE28A,data/reports/stage28a_discovery_factory_batch_runner/stage28a_exact_trades.csv,volatility_transition_v1,vol_trans_follow_h1_low_to_high_h12_tp06_sl065,0.9979000000002088,-0.052099999999791,-0.7520999999997908,0,0,0,0,0.052099999999791,26.550000000000182,7.2599999999997635,0.07300275482090395,11.360000000000127,0.42517605633805705,4.210000000000036,4.415999999999963,0.056,1.0,,,12,4,5.0,2024
2024-05-20 12:00:00+00:00|-1.0|vol_trans_follow_h1_low_to_high_h12_tp06_sl065,2024-05-20 12:00:00+00:00,STAGE28A,data/reports/stage28a_discovery_factory_batch_runner/stage28a_exact_trades.csv,volatility_transition_v1,vol_trans_follow_h1_low_to_high_h12_tp06_sl065,2.6143000000000938,1.564300000000094,0.8643000000000942,1,1,1,0,1.564300000000094,8.409999999999854,24.050000000000182,0.8261954261954154,18.210000000000036,0.220757825370674,6.6599999999998545,9.177499999999919,0.972,-1.0,,,12,0,5.0,2024
2024-05-21 12:00:00+00:00|-1.0|vol_trans_follow_h1_low_to_high_h12_tp06_sl065,2024-05-21 12:00:00+00:00,STAGE28A,data/reports/stage28a_discovery_factory_batch_runner/stage28a_exact_trades.csv,volatility_transition_v1,vol_trans_follow_h1_low_to_high_h12_tp06_sl065,-2.766374999999789,-3.816374999999789,-4.516374999999789,0,0,0,1,3.816374999999789,42.86999999999989,26.63000000000011,0.5005632745024361,13.569999999999709,0.19012527634491064,5.589999999999691,7.734499999999957,0.82,-1.0,,,12,1,5.0,2024
2024-05-22 12:00:00+00:00|-1.0|vol_trans_follow_h1_low_to_high_h12_tp06_sl065,2024-05-22 12:00:00+00:00,STAGE28A,data/reports/stage28a_discovery_factory_batch_runner/stage28a_exact_trades.csv,volatility_transition_v1,vol_trans_follow_h1_low_to_high_h12_tp06_sl065,-2.4160250000000816,-3.4660250000000814,-4.166025000000081,0,0,0,1,3.4660250000000814,27.610000000000127,13.980000000000018,0.5615164520744172,7.930000000000291,0.3947036569987382,6.869999999999891,5.452499999999941,0.404,-1.0,,,12,2,5.0,2024
2024-05-23 12:00:00+00:00|1.0|vol_trans_follow_h1_low_to_high_h12_tp06_sl065,2024-05-23 12:00:00+00:00,STAGE28A,data/reports/stage28a_discovery_factory_batch_runner/stage28a_exact_trades.csv,volatility_transition_v1,vol_trans_follow_h1_low_to_high_h12_tp06_sl065,-2.941875000000073,-3.9918750000000727,-4.691875000000072,0,0,0,1,3.9918750000000727,51.76999999999998,16.980000000000018,0.47820965842166563,19.029999999999745,0.44245927482922676,6.710000000000036,8.287500000000046,0.868,1.0,,,12,3,5.0,2024
2024-05-24 12:00:00+00:00|1.0|vol_trans_follow_h1_low_to_high_h12_tp06_sl065,2024-05-24 12:00:00+00:00,STAGE28A,data/reports/stage28a_discovery_factory_batch_runner/stage28a_exact_trades.csv,volatility_transition_v1,vol_trans_follow_h1_low_to_high_h12_tp06_sl065,-2.087775000000056,-3.137775000000056,-3.837775000000056,0,0,0,1,3.137775000000056,56.809999999999945,9.710000000000036,0.028836251287353145,12.7199999999998,0.5463836477987721,4.940000000000055,7.2794999999999614,0.632,1.0,,,12,4,5.0,2024
2024-05-27 12:00:00+00:00|1.0|vol_trans_follow_h1_low_to_high_h12_tp06_sl065,2024-05-27 12:00:00+00:00,STAGE28A,data/reports/stage28a_discovery_factory_batch_runner/stage28a_exact_trades.csv,volatility_transition_v1,vol_trans_follow_h1_low_to_high_h12_tp06_sl065,-1.771875,-2.821875,-3.521875,0,0,0,0,2.821875,8.329999999999927,15.260000000000218,0.38401048492791895,7.970000000000255,0.34755332496861896,7.920000000000073,4.976000000000044,0.176,1.0,,,12,0,5.0,2024
2024-05-28 12:00:00+00:00|1.0|vol_trans_follow_h1_low_to_high_h12_tp06_sl065,2024-05-28 12:00:00+00:00,STAGE28A,data/reports/stage28a_discovery_factory_batch_runner/stage28a_exact_trades.csv,volatility_transition_v1,vol_trans_follow_h1_low_to_high_h12_tp06_sl065,1.1566000000001622,0.1066000000001623,-0.5933999999998374,1,0,0,0,0.1066000000001623,26.420000000000073,7.220000000000255,0.17313019390581108,13.699999999999818,0.5335766423357695,4.7599999999997635,4.3940000000000055,0.08,1.0,,,12,1,5.0,2024
2024-05-29 12:00:00+00:00|-1.0|vol_trans_follow_h1_low_to_high_h12_tp06_sl065,2024-05-29 12:00:00+00:00,STAGE28A,data/reports/stage28a_discovery_factory_batch_runner/stage28a_exact_trades.csv,volatility_transition_v1,vol_trans_follow_h1_low_to_high_h12_tp06_sl065,-2.103049999999803,-3.1530499999998027,-3.8530499999998025,0,0,0,1,3.1530499999998027,24.059999999999945,7.930000000000291,0.12862547288776097,20.700000000000273,0.6120772946859638,7.079999999999927,5.498000000000047,0.376,-1.0,,,12,2,5.0,2024
2024-05-30 12:00:00+00:00|1.0|vol_trans_follow_h1_low_to_high_h12_tp06_sl065,2024-05-30 12:00:00+00:00,STAGE28A,data/reports/stage28a_discovery_factory_batch_runner/stage28a_exact_trades.csv,volatility_transition_v1,vol_trans_follow_h1_low_to_high_h12_tp06_sl065,-2.418624999999884,-3.4686249999998835,-4.168624999999883,0,0,0,1,3.4686249999998835,28.059999999999945,11.800000000000182,0.2771186440677908,15.559999999999945,0.06876606683805704,3.880000000000109,5.5650000000001,0.432,1.0,,,12,3,5.0,2024
2024-05-31 12:00:00+00:00|1.0|vol_trans_follow_h1_low_to_high_h12_tp06_sl065,2024-05-31 12:00:00+00:00,STAGE28A,data/reports/stage28a_discovery_factory_batch_runner/stage28a_exact_trades.csv,volatility_transition_v1,vol_trans_follow_h1_low_to_high_h12_tp06_sl065,-1.7556249999998728,-2.8056249999998726,-3.5056249999998723,0,0,0,0,2.8056249999998726,29.38000000000011,10.739999999999782,0.036312849162000053,7.370000000000346,0.21709633649929905,4.140000000000327,4.827500000000077,0.144,1.0,,,12,4,5.0,2024
2024-06-03 12:00:00+00:00|-1.0|vol_trans_follow_h1_low_to_high_h12_tp06_sl065,2024-06-03 12:00:00+00:00,STAGE28A,data/reports/stage28a_discovery_factory_batch_runner/stage28a_exact_trades.csv,volatility_transition_v1,vol_trans_follow_h1_low_to_high_h12_tp06_sl065,1.6492000000002007,0.5992000000002009,-0.1007999999997988,1,0,1,0,0.5992000000002009,5.870000000000346,10.070000000000164,0.5004965243296804,14.090000000000146,0.4499645138396082,3.7799999999997453,6.207000000000017,0.536,-1.0,,,12,0,6.0,2024
2024-06-04 12:00:00+00:00|-1.0|vol_trans_follow_h1_low_to_high_h12_tp06_sl065,2024-06-04 12:00:00+00:00,STAGE28A,data/reports/stage28a_discovery_factory_batch_runner/stage28a_exact_trades.csv,volatility_transition_v1,vol_trans_follow_h1_low_to_high_h12_tp06_sl065,-2.174549999999817,-3.2245499999998173,-3.924549999999817,0,0,0,1,3.2245499999998173,40.159999999999854,9.600000000000364,0.5281249999999971,25.079999999999927,0.6399521531100569,7.690000000000055,5.350999999999976,0.272,-1.0,,,12,1,6.0,2024
2024-06-05 12:00:00+00:00|1.0|vol_trans_follow_h1_low_to_high_h12_tp06_sl065,2024-06-05 12:00:00+00:00,STAGE28A,data/reports/stage28a_discovery_factory_batch_runner/stage28a_exact_trades.csv,volatility_transition_v1,vol_trans_follow_h1_low_to_high_h12_tp06_sl065,-2.144974999999795,-3.1949749999997947,-3.8949749999997945,0,0,0,1,3.1949749999997947,37.41000000000031,12.010000000000218,0.7993338884262893,13.579999999999927,0.3645066273932139,3.7899999999999636,5.510499999999956,0.392,1.0,,,12,2,6.0,2024
2024-06-06 12:00:00+00:00|1.0|vol_trans_follow_h1_low_to_high_h12_tp06_sl065,2024-06-06 12:00:00+00:00,STAGE28A,data/reports/stage28a_discovery_factory_batch_runner/stage28a_exact_trades.csv,volatility_transition_v1,vol_trans_follow_h1_low_to_high_h12_tp06_sl065,-1.7517250000001696,-2.801725000000169,-3.501725000000169,0,0,0,0,2.801725000000169,31.670000000000073,20.389999999999873,0.564982834722906,12.929999999999836,0.5359628770301565,3.3799999999996544,5.780999999999972,0.596,1.0,,,12,3,6.0,2024
2024-06-07 12:00:00+00:00|-1.0|vol_trans_follow_h1_low_to_high_h12_tp06_sl065,2024-06-07 12:00:00+00:00,STAGE28A,data/reports/stage28a_discovery_factory_batch_runner/stage28a_exact_trades.csv,volatility_transition_v1,vol_trans_follow_h1_low_to_high_h12_tp06_sl065,2.8149999999999635,1.7649999999999637,1.064999999999964,1,1,1,0,1.7649999999999637,25.20999999999958,12.600000000000364,0.24920634920633192,50.42000000000007,0.8131693772312563,31.230000000000018,7.787999999999988,0.988,-1.0,,,12,4,6.0,2024
2024-06-10 12:00:00+00:00|-1.0|vol_trans_follow_h1_low_to_high_h12_tp06_sl065,2024-06-10 12:00:00+00:00,STAGE28A,data/reports/stage28a_discovery_factory_batch_runner/stage28a_exact_trades.csv,volatility_transition_v1,vol_trans_follow_h1_low_to_high_h12_tp06_sl065,1.4974000000001069,0.447400000000107,-0.2525999999998927,1,0,1,0,0.447400000000107,8.61999999999989,11.609999999999673,0.18518518518519825,9.740000000000236,0.0020533880903471587,5.0300000000002,7.204000000000019,0.896,-1.0,,,12,0,6.0,2024
2024-06-11 12:00:00+00:00|1.0|vol_trans_follow_h1_low_to_high_h12_tp06_sl065,2024-06-11 12:00:00+00:00,STAGE28A,data/reports/stage28a_discovery_factory_batch_runner/stage28a_exact_trades.csv,volatility_transition_v1,vol_trans_follow_h1_low_to_high_h12_tp06_sl065,1.01830000000009,-0.0316999999999096,-0.7316999999999094,0,0,0,0,0.0316999999999096,25.990000000000236,13.549999999999727,0.4479704797048181,9.990000000000236,0.2662662662662454,4.510000000000218,4.4694999999999485,0.076,1.0,,,12,1,6.0,2024
2024-06-12 12:00:00+00:00|-1.0|vol_trans_follow_h1_low_to_high_h12_tp06_sl065,2024-06-12 12:00:00+00:00,STAGE28A,data/reports/stage28a_discovery_factory_batch_runner/stage28a_exact_trades.csv,volatility_transition_v1,vol_trans_follow_h1_low_to_high_h12_tp06_sl065,0.787000000000171,-0.2629999999998289,-0.9629999999998288,0,0,0,0,0.2629999999998289,22.36999999999989,6.8400000000001455,0.42690058479532317,6.910000000000309,0.00289435600578595,4.920000000000073,4.254999999999972,0.024,-1.0,,,12,2,6.0,2024
2024-06-13 12:00:00+00:00|-1.0|vol_trans_follow_h1_low_to_high_h12_tp06_sl065,2024-06-13 12:00:00+00:00,STAGE28A,data/reports/stage28a_discovery_factory_batch_runner/stage28a_exact_trades.csv,volatility_transition_v1,vol_trans_follow_h1_low_to_high_h12_tp06_sl065,1.0921000000002097,0.0421000000002096,-0.6578999999997901,1,0,0,0,0.0421000000002096,31.039999999999964,16.460000000000036,0.4696233292831106,9.580000000000382,0.12526096033400524,3.25,6.782999999999947,0.8,-1.0,,,12,3,6.0,2024
2024-06-14 12:00:00+00:00|1.0|vol_trans_follow_h1_low_to_high_h12_tp06_sl065,2024-06-14 12:00:00+00:00,STAGE28A,data/reports/stage28a_discovery_factory_batch_runner/stage28a_exact_trades.csv,volatility_transition_v1,vol_trans_follow_h1_low_to_high_h12_tp06_sl065,-2.1105250000001434,-3.1605250000001432,-3.860525000000143,0,0,0,1,3.1605250000001432,31.159999999999854,7.050000000000182,0.35886524822690496,19.139999999999873,0.8949843260188204,6.880000000000109,5.467000000000008,0.336,1.0,,,12,4,6.0,2024
2024-06-17 12:00:00+00:00|1.0|vol_trans_follow_h1_low_to_high_h12_tp06_sl065,2024-06-17 12:00:00+00:00,STAGE28A,data/reports/stage28a_discovery_factory_batch_runner/stage28a_exact_trades.csv,volatility_transition_v1,vol_trans_follow_h1_low_to_high_h12_tp06_sl065,-2.0094500000001063,-3.059450000000106,-3.759450000000106,0,0,0,0,3.059450000000106,5.4099999999998545,11.420000000000073,0.39229422066549824,10.769999999999982,0.4001857010213512,5.8400000000001455,4.699999999999932,0.096,1.0,,,12,0,6.0,2024
2024-06-18 12:00:00+00:00|-1.0|vol_trans_follow_h1_low_to_high_h12_tp06_sl065,2024-06-18 12:00:00+00:00,STAGE28A,data/reports/stage28a_discovery_factory_batch_runner/stage28a_exact_trades.csv,volatility_transition_v1,vol_trans_follow_h1_low_to_high_h12_tp06_sl065,0.982600000000184,-0.0673999999998158,-0.7673999999998156,0,0,0,0,0.0673999999998158,23.170000000000073,6.5,0.5292307692307776,14.090000000000146,0.9488999290276939,4.639999999999873,4.691999999999984,0.14,-1.0,,,12,1,6.0,2024
2024-06-19 12:00:00+00:00|1.0|vol_trans_follow_h1_low_to_high_h12_tp06_sl065,2024-06-19 12:00:00+00:00,STAGE28A,data/reports/stage28a_discovery_factory_batch_runner/stage28a_exact_trades.csv,volatility_transition_v1,vol_trans_follow_h1_low_to_high_h12_tp06_sl065,0.6237999999997556,-0.4262000000002444,-1.126200000000244,0,0,0,0,0.4262000000002444,26.699999999999818,5.2199999999998,0.003831417624517735,8.190000000000055,0.020757020757029503,3.1799999999998363,3.9484999999999673,0.02,1.0,,,12,2,6.0,2024
2024-06-20 12:00:00+00:00|-1.0|vol_trans_follow_h1_low_to_high_h12_tp06_sl065,2024-06-20 12:00:00+00:00,STAGE28A,data/reports/stage28a_discovery_factory_batch_runner/stage28a_exact_trades.csv,volatility_transition_v1,vol_trans_follow_h1_low_to_high_h12_tp06_sl065,-2.0621000000001914,-3.1121000000001917,-3.812100000000191,0,0,0,1,3.1121000000001917,11.2800000000002,11.260000000000218,0.3152753108348235,14.260000000000218,0.03366058906030932,6.200000000000273,4.154000000000042,0.124,-1.0,,,12,3,6.0,2024
2024-06-21 12:00:00+00:00|1.0|vol_trans_follow_h1_low_to_high_h12_tp06_sl065,2024-06-21 12:00:00+00:00,STAGE28A,data/reports/stage28a_discovery_factory_batch_runner/stage28a_exact_trades.csv,volatility_transition_v1,vol_trans_follow_h1_low_to_high_h12_tp06_sl065,-1.8921249999999417,-2.9421249999999417,-3.642124999999941,0,0,0,0,2.9421249999999417,37.65000000000009,7.75,0.3496774193548434,13.009999999999764,0.13374327440432499,5.489999999999782,5.452500000000032,0.532,1.0,,,12,4,6.0,2024
2024-06-24 12:00:00+00:00|-1.0|vol_trans_follow_h1_low_to_high_h12_tp06_sl065,2024-06-24 12:00:00+00:00,STAGE28A,data/reports/stage28a_discovery_factory_batch_runner/stage28a_exact_trades.csv,volatility_transition_v1,vol_trans_follow_h1_low_to_high_h12_tp06_sl065,-1.9012250000001587,-2.9512250000001585,-3.6512250000001583,0,0,0,0,2.9512250000001585,4.9099999999998545,8.980000000000018,0.4376391982182437,11.960000000000036,0.033444816053519205,3.630000000000109,5.407500000000004,0.528,-1.0,,,12,0,6.0,2024
2024-06-25 12:00:00+00:00|1.0|vol_trans_follow_h1_low_to_high_h12_tp06_sl065,2024-06-25 12:00:00+00:00,STAGE28A,data/reports/stage28a_discovery_factory_batch_runner/stage28a_exact_trades.csv,volatility_transition_v1,vol_trans_follow_h1_low_to_high_h12_tp06_sl065,1.0111000000000785,-0.0388999999999213,-0.7388999999999211,0,0,0,0,0.0388999999999213,17.15000000000009,11.150000000000091,0.6852017937219969,11.319999999999709,0.7915194346289989,7.620000000000346,4.339999999999941,0.196,1.0,,,12,1,6.0,2024
2024-06-26 12:00:00+00:00|-1.0|vol_trans_follow_h1_low_to_high_h12_tp06_sl065,2024-06-26 12:00:00+00:00,STAGE28A,data/reports/stage28a_discovery_factory_batch_runner/stage28a_exact_trades.csv,volatility_transition_v1,vol_trans_follow_h1_low_to_high_h12_tp06_sl065,-2.0559250000002067,-3.1059250000002065,-3.8059250000002063,0,0,0,1,3.1059250000002065,21.789999999999964,13.350000000000364,0.2636704119850102,8.690000000000055,0.11047180667434181,5.120000000000346,5.569000000000051,0.596,-1.0,,,12,2,6.0,2024
2024-06-27 12:00:00+00:00|1.0|vol_trans_follow_h1_low_to_high_h12_tp06_sl065,2024-06-27 12:00:00+00:00,STAGE28A,data/reports/stage28a_discovery_factory_batch_runner/stage28a_exact_trades.csv,volatility_transition_v1,vol_trans_follow_h1_low_to_high_h12_tp06_sl065,-1.7923499999998058,-2.8423499999998056,-3.5423499999998054,0,0,0,0,2.8423499999998056,30.350000000000364,3.3899999999998727,0.22123893805310565,17.429999999999836,0.7917383820998457,6.349999999999909,4.153999999999951,0.136,1.0,,,12,3,6.0,2024
2024-06-28 12:00:00+00:00|1.0|vol_trans_follow_h1_low_to_high_h12_tp06_sl065,2024-06-28 12:00:00+00:00,STAGE28A,data/reports/stage28a_discovery_factory_batch_runner/stage28a_exact_trades.csv,volatility_transition_v1,vol_trans_follow_h1_low_to_high_h12_tp06_sl065,0.8571999999998298,-0.1928000000001701,-0.8928000000001699,0,0,0,0,0.1928000000001701,34.58999999999969,9.269999999999982,0.5587918015102316,12.099999999999909,0.7033057851239527,5.400000000000091,4.125000000000045,0.16,1.0,,,12,4,6.0,2024
2024-07-01 12:00:00+00:00|1.0|vol_trans_follow_h1_low_to_high_h12_tp06_sl065,2024-07-01 12:00:00+00:00,STAGE28A,data/reports/stage28a_discovery_factory_batch_runner/stage28a_exact_trades.csv,volatility_transition_v1,vol_trans_follow_h1_low_to_high_h12_tp06_sl065,-2.074450000000161,-3.1244500000001607,-3.82445000000016,0,0,0,1,3.1244500000001607,4.139999999999873,6.389999999999873,0.03442879499214465,10.980000000000018,0.24590163934424533,4.360000000000127,4.622499999999991,0.38,1.0,,,12,0,7.0,2024
2024-07-02 12:00:00+00:00|1.0|vol_trans_follow_h1_low_to_high_h12_tp06_sl065,2024-07-02 12:00:00+00:00,STAGE28A,data/reports/stage28a_discovery_factory_batch_runner/stage28a_exact_trades.csv,volatility_transition_v1,vol_trans_follow_h1_low_to_high_h12_tp06_sl065,-1.829400000000169,-2.8794000000001687,-3.5794000000001684,0,0,0,0,2.8794000000001687,20.0,8.61999999999989,0.6705336426913943,9.099999999999909,0.1329670329670383,4.010000000000218,4.347000000000048,0.256,1.0,,,12,1,7.0,2024
2024-07-03 12:00:00+00:00|-1.0|vol_trans_follow_h1_low_to_high_h12_tp06_sl065,2024-07-03 12:00:00+00:00,STAGE28A,data/reports/stage28a_discovery_factory_batch_runner/stage28a_exact_trades.csv,volatility_transition_v1,vol_trans_follow_h1_low_to_high_h12_tp06_sl065,1.1251000000001112,0.0751000000001114,-0.6248999999998883,1,0,0,0,0.0751000000001114,17.820000000000164,5.660000000000309,0.28798586572430485,15.799999999999727,0.9164556962025199,4.440000000000055,4.7125,0.412,-1.0,,,12,2,7.0,2024
2024-07-04 12:00:00+00:00|1.0|vol_trans_follow_h1_low_to_high_h12_tp06_sl065,2024-07-04 12:00:00+00:00,STAGE28A,data/reports/stage28a_discovery_factory_batch_runner/stage28a_exact_trades.csv,volatility_transition_v1,vol_trans_follow_h1_low_to_high_h12_tp06_sl065,0.952299999999832,-0.0977000000001679,-0.7977000000001677,0,0,0,0,0.0977000000001679,38.039999999999964,6.5900000000001455,0.12139605462824951,9.259999999999764,0.0377969762419409,4.089999999999691,4.4914999999999505,0.276,1.0,,,12,3,7.0,2024
2024-07-08 12:00:00+00:00|-1.0|vol_trans_follow_h1_low_to_high_h12_tp06_sl065,2024-07-08 12:00:00+00:00,STAGE28A,data/reports/stage28a_discovery_factory_batch_runner/stage28a_exact_trades.csv,volatility_transition_v1,vol_trans_follow_h1_low_to_high_h12_tp06_sl065,1.0464999999998326,-0.0035000000001672,-0.703500000000167,0,0,0,0,0.0035000000001672,5.289999999999964,10.420000000000073,0.22936660268716993,18.5,0.6929729729729818,6.820000000000164,5.284999999999991,0.664,-1.0,,,12,0,7.0,2024
2024-07-09 12:00:00+00:00|1.0|vol_trans_follow_h1_low_to_high_h12_tp06_sl065,2024-07-09 12:00:00+00:00,STAGE28A,data/reports/stage28a_discovery_factory_batch_runner/stage28a_exact_trades.csv,volatility_transition_v1,vol_trans_follow_h1_low_to_high_h12_tp06_sl065,-1.584350000000177,-2.6343500000001767,-3.3343500000001765,0,0,0,0,2.6343500000001767,40.36999999999989,9.490000000000236,0.8303477344573144,10.409999999999854,0.3170028818443586,3.7199999999998,5.04549999999997,0.528,1.0,,,12,1,7.0,2024
2024-07-10 12:00:00+00:00|1.0|vol_trans_follow_h1_low_to_high_h12_tp06_sl065,2024-07-10 12:00:00+00:00,STAGE28A,data/reports/stage28a_discovery_factory_batch_runner/stage28a_exact_trades.csv,volatility_transition_v1,vol_trans_follow_h1_low_to_high_h12_tp06_sl065,0.7479999999999564,-0.3020000000000435,-1.0020000000000433,0,0,0,0,0.3020000000000435,22.20999999999958,7.329999999999927,0.5184174624829767,8.309999999999945,0.4500601684716975,2.7399999999997817,4.854500000000007,0.428,1.0,,,12,2,7.0,2024
2024-07-11 12:00:00+00:00|1.0|vol_trans_follow_h1_low_to_high_h12_tp06_sl065,2024-07-11 12:00:00+00:00,STAGE28A,data/reports/stage28a_discovery_factory_batch_runner/stage28a_exact_trades.csv,volatility_transition_v1,vol_trans_follow_h1_low_to_high_h12_tp06_sl065,-1.8326499999999213,-2.8826499999999213,-3.582649999999921,0,0,0,0,2.8826499999999213,23.670000000000073,9.08999999999969,0.6567656765677071,6.099999999999909,0.8606557377049309,4.450000000000273,4.125500000000011,0.212,1.0,,,12,3,7.0,2024
2024-07-12 12:00:00+00:00|1.0|vol_trans_follow_h1_low_to_high_h12_tp06_sl065,2024-07-12 12:00:00+00:00,STAGE28A,data/reports/stage28a_discovery_factory_batch_runner/stage28a_exact_trades.csv,volatility_transition_v1,vol_trans_follow_h1_low_to_high_h12_tp06_sl065,-1.893099999999868,-2.9430999999998675,-3.6430999999998672,0,0,0,0,2.9430999999998675,53.38999999999987,9.550000000000182,0.5350785340313692,9.760000000000218,0.3893442622950453,4.380000000000109,5.974000000000023,0.86,1.0,,,12,4,7.0,2024
2024-07-15 12:00:00+00:00|1.0|vol_trans_follow_h1_low_to_high_h12_tp06_sl065,2024-07-15 12:00:00+00:00,STAGE28A,data/reports/stage28a_discovery_factory_batch_runner/stage28a_exact_trades.csv,volatility_transition_v1,vol_trans_follow_h1_low_to_high_h12_tp06_sl065,-1.830375000000095,-2.8803750000000945,-3.5803750000000942,0,0,0,0,2.8803750000000945,7.980000000000018,9.950000000000273,0.40703517587940413,12.690000000000055,0.06619385342790716,5.1599999999998545,4.639499999999998,0.3,1.0,,,12,0,7.0,2024
2024-07-16 12:00:00+00:00|-1.0|vol_trans_follow_h1_low_to_high_h12_tp06_sl065,2024-07-16 12:00:00+00:00,STAGE28A,data/reports/stage28a_discovery_factory_batch_runner/stage28a_exact_trades.csv,volatility_transition_v1,vol_trans_follow_h1_low_to_high_h12_tp06_sl065,1.3384000000000014,0.2884000000000015,-0.4115999999999982,1,0,1,0,0.2884000000000015,38.409999999999854,11.559999999999945,0.6643598615916845,18.269999999999982,0.75478927203065,4.890000000000327,5.369000000000005,0.652,-1.0,,,12,1,7.0,2024
2024-07-17 12:00:00+00:00|1.0|vol_trans_follow_h1_low_to_high_h12_tp06_sl065,2024-07-17 12:00:00+00:00,STAGE28A,data/reports/stage28a_discovery_factory_batch_runner/stage28a_exact_trades.csv,volatility_transition_v1,vol_trans_follow_h1_low_to_high_h12_tp06_sl065,1.797399999999834,0.7473999999998342,0.0473999999998344,1,1,1,0,0.7473999999998342,49.659999999999854,18.299999999999727,0.15191256830602412,17.019999999999982,0.18801410105759556,7.339999999999691,7.746000000000004,0.984,1.0,,,12,2,7.0,2024
2024-07-18 12:00:00+00:00|-1.0|vol_trans_follow_h1_low_to_high_h12_tp06_sl065,2024-07-18 12:00:00+00:00,STAGE28A,data/reports/stage28a_discovery_factory_batch_runner/stage28a_exact_trades.csv,volatility_transition_v1,vol_trans_follow_h1_low_to_high_h12_tp06_sl065,1.2195999999998093,0.1695999999998094,-0.5304000000001903,1,0,1,0,0.1695999999998094,32.25999999999976,11.519999999999982,0.7647569444444409,10.329999999999927,0.23523717328168958,8.079999999999927,6.480000000000018,0.78,-1.0,,,12,3,7.0,2024
2024-07-19 12:00:00+00:00|1.0|vol_trans_follow_h1_low_to_high_h12_tp06_sl065,2024-07-19 12:00:00+00:00,STAGE28A,data/reports/stage28a_discovery_factory_batch_runner/stage28a_exact_trades.csv,volatility_transition_v1,vol_trans_follow_h1_low_to_high_h12_tp06_sl065,2.0547999999997955,1.0047999999997956,0.3047999999997959,1,1,1,0,1.0047999999997956,34.84999999999991,24.679999999999836,0.6288492706645091,16.5,0.7678787878787923,5.299999999999727,7.181499999999938,0.908,1.0,,,12,4,7.0,2024
2024-07-22 12:00:00+00:00|-1.0|vol_trans_follow_h1_low_to_high_h12_tp06_sl065,2024-07-22 12:00:00+00:00,STAGE28A,data/reports/stage28a_discovery_factory_batch_runner/stage28a_exact_trades.csv,volatility_transition_v1,vol_trans_follow_h1_low_to_high_h12_tp06_sl065,1.3882000000002337,0.3382000000002336,-0.3617999999997661,1,0,1,0,0.3382000000002336,11.319999999999709,11.819999999999709,0.38494077834181845,8.450000000000273,0.2816568047337316,4.800000000000182,5.591500000000042,0.484,-1.0,,,12,0,7.0,2024
2024-07-23 12:00:00+00:00|1.0|vol_trans_follow_h1_low_to_high_h12_tp06_sl065,2024-07-23 12:00:00+00:00,STAGE28A,data/reports/stage28a_discovery_factory_batch_runner/stage28a_exact_trades.csv,volatility_transition_v1,vol_trans_follow_h1_low_to_high_h12_tp06_sl065,-2.507024999999976,-3.557024999999976,-4.257024999999976,0,0,0,1,3.557024999999976,28.23999999999978,9.199999999999818,0.34239130434784276,20.019999999999982,0.43806193806193755,11.009999999999764,5.577000000000021,0.476,1.0,,,12,1,7.0,2024
2024-07-24 12:00:00+00:00|-1.0|vol_trans_follow_h1_low_to_high_h12_tp06_sl065,2024-07-24 12:00:00+00:00,STAGE28A,data/reports/stage28a_discovery_factory_batch_runner/stage28a_exact_trades.csv,volatility_transition_v1,vol_trans_follow_h1_low_to_high_h12_tp06_sl065,1.128700000000117,0.0787000000001172,-0.6212999999998825,1,0,0,0,0.0787000000001172,23.950000000000273,13.399999999999636,0.53358208955226,9.379999999999654,0.32622601279323166,4.459999999999582,4.633999999999924,0.124,-1.0,,,12,2,7.0,2024
2024-07-25 12:00:00+00:00|1.0|vol_trans_follow_h1_low_to_high_h12_tp06_sl065,2024-07-25 12:00:00+00:00,STAGE28A,data/reports/stage28a_discovery_factory_batch_runner/stage28a_exact_trades.csv,volatility_transition_v1,vol_trans_follow_h1_low_to_high_h12_tp06_sl065,-2.94479999999985,-3.99479999999985,-4.69479999999985,0,0,0,1,3.99479999999985,35.4699999999998,34.38999999999987,0.6685082872928138,12.909999999999854,0.0859798605732099,5.5900000000001455,8.804499999999939,0.992,1.0,,,12,3,7.0,2024
2024-07-26 12:00:00+00:00|1.0|vol_trans_follow_h1_low_to_high_h12_tp06_sl065,2024-07-26 12:00:00+00:00,STAGE28A,data/reports/stage28a_discovery_factory_batch_runner/stage28a_exact_trades.csv,volatility_transition_v1,vol_trans_follow_h1_low_to_high_h12_tp06_sl065,-2.256124999999974,-3.3061249999999744,-4.006124999999974,0,0,0,1,3.3061249999999744,48.190000000000055,23.550000000000182,0.36390658174096147,10.0300000000002,0.19541375872382824,4.779999999999745,7.155000000000018,0.74,1.0,,,12,4,7.0,2024
2024-07-29 12:00:00+00:00|-1.0|vol_trans_follow_h1_low_to_high_h12_tp06_sl065,2024-07-29 12:00:00+00:00,STAGE28A,data/reports/stage28a_discovery_factory_batch_runner/stage28a_exact_trades.csv,volatility_transition_v1,vol_trans_follow_h1_low_to_high_h12_tp06_sl065,1.3510000000000215,0.3010000000000219,-0.3989999999999778,1,0,1,0,0.3010000000000219,16.730000000000018,16.730000000000018,0.06933652121938481,9.190000000000055,0.17954298150159156,5.75,6.686499999999978,0.596,-1.0,,,12,0,7.0,2024
2024-07-30 12:00:00+00:00|-1.0|vol_trans_follow_h1_low_to_high_h12_tp06_sl065,2024-07-30 12:00:00+00:00,STAGE28A,data/reports/stage28a_discovery_factory_batch_runner/stage28a_exact_trades.csv,volatility_transition_v1,vol_trans_follow_h1_low_to_high_h12_tp06_sl065,0.9075999999999111,-0.1424000000000886,-0.8424000000000884,0,0,0,0,0.1424000000000886,33.460000000000036,9.460000000000036,0.18181818181820805,6.4099999999998545,0.5397815912636684,2.9400000000000546,5.174500000000035,0.116,-1.0,,,12,1,7.0,2024
2024-07-31 12:00:00+00:00|1.0|vol_trans_follow_h1_low_to_high_h12_tp06_sl065,2024-07-31 12:00:00+00:00,STAGE28A,data/reports/stage28a_discovery_factory_batch_runner/stage28a_exact_trades.csv,volatility_transition_v1,vol_trans_follow_h1_low_to_high_h12_tp06_sl065,-2.349725000000126,-3.399725000000126,-4.0997250000001255,0,0,0,1,3.399725000000126,36.43000000000029,15.139999999999873,0.47159841479523995,10.990000000000236,0.4003639672429478,6.330000000000382,6.8365000000000915,0.664,1.0,,,12,2,7.0,2024
2024-08-01 12:00:00+00:00|-1.0|vol_trans_follow_h1_low_to_high_h12_tp06_sl065,2024-08-01 12:00:00+00:00,STAGE28A,data/reports/stage28a_discovery_factory_batch_runner/stage28a_exact_trades.csv,volatility_transition_v1,vol_trans_follow_h1_low_to_high_h12_tp06_sl065,1.3758999999999104,0.3258999999999106,-0.3741000000000891,1,0,1,0,0.3258999999999106,46.98999999999978,20.950000000000273,0.23293556085919073,18.829999999999927,0.5268189060010439,9.230000000000018,7.180000000000018,0.82,-1.0,,,12,3,8.0,2024
2024-08-02 12:00:00+00:00|1.0|vol_trans_follow_h1_low_to_high_h12_tp06_sl065,2024-08-02 12:00:00+00:00,STAGE28A,data/reports/stage28a_discovery_factory_batch_runner/stage28a_exact_trades.csv,volatility_transition_v1,vol_trans_follow_h1_low_to_high_h12_tp06_sl065,-2.547650000000067,-3.597650000000067,-4.297650000000067,0,0,0,1,3.597650000000067,32.190000000000055,24.539999999999964,0.3793806030970014,14.139999999999873,0.6605374823196768,4.380000000000109,7.541000000000031,0.816,1.0,,,12,4,8.0,2024
2024-08-05 12:00:00+00:00|-1.0|vol_trans_follow_h1_low_to_high_h12_tp06_sl065,2024-08-05 12:00:00+00:00,STAGE28A,data/reports/stage28a_discovery_factory_batch_runner/stage28a_exact_trades.csv,volatility_transition_v1,vol_trans_follow_h1_low_to_high_h12_tp06_sl065,3.575200000000132,2.525200000000132,1.825200000000132,1,1,1,0,2.525200000000132,9.230000000000018,38.48999999999978,0.24941543257990176,39.67000000000007,0.6765817998487547,11.070000000000164,14.914500000000066,0.992,-1.0,,,12,0,8.0,2024
2024-08-06 12:00:00+00:00|1.0|vol_trans_follow_h1_low_to_high_h12_tp06_sl065,2024-08-06 12:00:00+00:00,STAGE28A,data/reports/stage28a_discovery_factory_batch_runner/stage28a_exact_trades.csv,volatility_transition_v1,vol_trans_follow_h1_low_to_high_h12_tp06_sl065,2.5698999999998704,1.5198999999998706,0.8198999999998708,1,1,1,0,1.5198999999998706,94.65999999999985,13.960000000000036,0.005014326647576184,20.720000000000255,0.20945945945944197,7.2599999999997635,9.12300000000007,0.8,1.0,,,12,1,8.0,2024
2024-08-07 12:00:00+00:00|1.0|vol_trans_follow_h1_low_to_high_h12_tp06_sl065,2024-08-07 12:00:00+00:00,STAGE28A,data/reports/stage28a_discovery_factory_batch_runner/stage28a_exact_trades.csv,volatility_transition_v1,vol_trans_follow_h1_low_to_high_h12_tp06_sl065,-2.3139750000001187,-3.3639750000001185,-4.063975000000118,0,0,0,1,3.3639750000001185,36.63000000000011,11.710000000000036,0.22715627668657953,11.829999999999927,0.7007607776838558,5.289999999999964,7.1524999999999865,0.5,1.0,,,12,2,8.0,2024
2024-08-08 12:00:00+00:00|-1.0|vol_trans_follow_h1_low_to_high_h12_tp06_sl065,2024-08-08 12:00:00+00:00,STAGE28A,data/reports/stage28a_discovery_factory_batch_runner/stage28a_exact_trades.csv,volatility_transition_v1,vol_trans_follow_h1_low_to_high_h12_tp06_sl065,-2.60387499999988,-3.65387499999988,-4.35387499999988,0,0,0,1,3.65387499999988,28.01000000000022,14.150000000000091,0.7519434628975127,15.019999999999982,0.1291611185086589,5.230000000000018,5.8295000000000075,0.14,-1.0,,,12,3,8.0,2024
2024-08-09 12:00:00+00:00|1.0|vol_trans_follow_h1_low_to_high_h12_tp06_sl065,2024-08-09 12:00:00+00:00,STAGE28A,data/reports/stage28a_discovery_factory_batch_runner/stage28a_exact_trades.csv,volatility_transition_v1,vol_trans_follow_h1_low_to_high_h12_tp06_sl065,1.2526000000001658,0.2026000000001659,-0.4973999999998337,1,0,1,0,0.2026000000001659,47.190000000000055,9.679999999999836,0.4845041322314188,10.159999999999854,0.24606299212598778,4.4900000000002365,6.128500000000008,0.208,1.0,,,12,4,8.0,2024
2024-08-12 12:00:00+00:00|1.0|vol_trans_follow_h1_low_to_high_h12_tp06_sl065,2024-08-12 12:00:00+00:00,STAGE28A,data/reports/stage28a_discovery_factory_batch_runner/stage28a_exact_trades.csv,volatility_transition_v1,vol_trans_follow_h1_low_to_high_h12_tp06_sl065,1.137999999999829,0.0879999999998291,-0.6120000000001706,1,0,0,0,0.0879999999998291,6.519999999999982,9.389999999999873,0.19914802981894741,16.960000000000036,0.8384433962264283,4.190000000000055,4.987000000000012,0.032,1.0,,,12,0,8.0,2024
2024-08-13 12:00:00+00:00|-1.0|vol_trans_follow_h1_low_to_high_h12_tp06_sl065,2024-08-13 12:00:00+00:00,STAGE28A,data/reports/stage28a_discovery_factory_batch_runner/stage28a_exact_trades.csv,volatility_transition_v1,vol_trans_follow_h1_low_to_high_h12_tp06_sl065,-2.16512500000008,-3.21512500000008,-3.91512500000008,0,0,0,1,3.21512500000008,50.149999999999636,16.190000000000055,0.6331068560840003,7.660000000000309,0.3694516971279129,5.360000000000127,6.175000000000068,0.388,-1.0,,,12,1,8.0,2024
2024-08-14 12:00:00+00:00|1.0|vol_trans_follow_h1_low_to_high_h12_tp06_sl065,2024-08-14 12:00:00+00:00,STAGE28A,data/reports/stage28a_discovery_factory_batch_runner/stage28a_exact_trades.csv,volatility_transition_v1,vol_trans_follow_h1_low_to_high_h12_tp06_sl065,-2.048449999999866,-3.098449999999866,-3.7984499999998658,0,0,0,1,3.098449999999866,18.51000000000022,17.210000000000036,0.2719349215572505,19.289999999999964,0.6174183514774431,9.860000000000127,5.772500000000036,0.212,1.0,,,12,2,8.0,2024
2024-08-15 12:00:00+00:00|-1.0|vol_trans_follow_h1_low_to_high_h12_tp06_sl065,2024-08-15 12:00:00+00:00,STAGE28A,data/reports/stage28a_discovery_factory_batch_runner/stage28a_exact_trades.csv,volatility_transition_v1,vol_trans_follow_h1_low_to_high_h12_tp06_sl065,-1.771875,-2.821875,-3.521875,0,0,0,0,2.821875,41.86000000000013,7.900000000000091,0.7367088607595059,8.480000000000018,0.36320754716980197,3.649999999999636,5.4629999999999885,0.1,-1.0,,,12,3,8.0,2024
2024-08-16 12:00:00+00:00|1.0|vol_trans_follow_h1_low_to_high_h12_tp06_sl065,2024-08-16 12:00:00+00:00,STAGE28A,data/reports/stage28a_discovery_factory_batch_runner/stage28a_exact_trades.csv,volatility_transition_v1,vol_trans_follow_h1_low_to_high_h12_tp06_sl065,1.1065000000002327,0.0565000000002329,-0.6434999999997668,1,0,0,0,0.0565000000002329,37.90000000000009,9.2199999999998,0.26030368763559036,13.390000000000327,0.8110530246452473,4.860000000000127,5.788000000000056,0.236,1.0,,,12,4,8.0,2024
2024-08-19 12:00:00+00:00|1.0|vol_trans_follow_h1_low_to_high_h12_tp06_sl065,2024-08-19 12:00:00+00:00,STAGE28A,data/reports/stage28a_discovery_factory_batch_runner/stage28a_exact_trades.csv,volatility_transition_v1,vol_trans_follow_h1_low_to_high_h12_tp06_sl065,-2.1852749999999106,-3.2352749999999104,-3.93527499999991,0,0,0,1,3.2352749999999104,7.760000000000218,14.5,0.1165517241379348,8.319999999999709,0.3978365384615458,4.849999999999909,6.647000000000025,0.552,1.0,,,12,0,8.0,2024
2024-08-20 12:00:00+00:00|1.0|vol_trans_follow_h1_low_to_high_h12_tp06_sl065,2024-08-20 12:00:00+00:00,STAGE28A,data/reports/stage28a_discovery_factory_batch_runner/stage28a_exact_trades.csv,volatility_transition_v1,vol_trans_follow_h1_low_to_high_h12_tp06_sl065,-2.8694000000001325,-3.919400000000132,-4.619400000000132,0,0,0,1,3.919400000000132,23.800000000000182,9.5,0.2642105263157646,27.909999999999854,0.7115729129344404,8.679999999999836,5.376499999999988,0.148,1.0,,,12,1,8.0,2024
2024-08-21 12:00:00+00:00|-1.0|vol_trans_follow_h1_low_to_high_h12_tp06_sl065,2024-08-21 12:00:00+00:00,STAGE28A,data/reports/stage28a_discovery_factory_batch_runner/stage28a_exact_trades.csv,volatility_transition_v1,vol_trans_follow_h1_low_to_high_h12_tp06_sl065,-2.335099999999875,-3.3850999999998748,-4.0850999999998745,0,0,0,1,3.3850999999998748,34.36999999999989,9.070000000000164,0.2987872105843426,15.009999999999764,0.7854763491006096,5.470000000000255,6.460000000000082,0.596,-1.0,,,12,2,8.0,2024
2024-08-22 12:00:00+00:00|-1.0|vol_trans_follow_h1_low_to_high_h12_tp06_sl065,2024-08-22 12:00:00+00:00,STAGE28A,data/reports/stage28a_discovery_factory_batch_runner/stage28a_exact_trades.csv,volatility_transition_v1,vol_trans_follow_h1_low_to_high_h12_tp06_sl065,-2.292849999999908,-3.3428499999999075,-4.042849999999907,0,0,0,1,3.3428499999999075,26.590000000000146,14.809999999999945,0.7758271438217609,11.340000000000146,0.4276895943562876,5.0,6.161500000000023,0.504,-1.0,,,12,3,8.0,2024
2024-08-23 12:00:00+00:00|1.0|vol_trans_follow_h1_low_to_high_h12_tp06_sl065,2024-08-23 12:00:00+00:00,STAGE28A,data/reports/stage28a_discovery_factory_batch_runner/stage28a_exact_trades.csv,volatility_transition_v1,vol_trans_follow_h1_low_to_high_h12_tp06_sl065,-1.7696000000001733,-2.819600000000173,-3.519600000000173,0,0,0,0,2.819600000000173,44.07999999999993,10.150000000000091,0.8068965517241361,11.450000000000273,0.5152838427947157,7.0300000000002,5.575499999999988,0.272,1.0,,,12,4,8.0,2024
2024-08-26 12:00:00+00:00|1.0|vol_trans_follow_h1_low_to_high_h12_tp06_sl065,2024-08-26 12:00:00+00:00,STAGE28A,data/reports/stage28a_discovery_factory_batch_runner/stage28a_exact_trades.csv,volatility_transition_v1,vol_trans_follow_h1_low_to_high_h12_tp06_sl065,-1.8528000000002067,-2.9028000000002065,-3.6028000000002063,0,0,0,0,2.9028000000002065,3.9699999999998,7.550000000000182,0.3894039735099316,17.070000000000164,0.8904510837727081,5.039999999999964,5.440499999999974,0.22,1.0,,,12,0,8.0,2024
2024-08-27 12:00:00+00:00|1.0|vol_trans_follow_h1_low_to_high_h12_tp06_sl065,2024-08-27 12:00:00+00:00,STAGE28A,data/reports/stage28a_discovery_factory_batch_runner/stage28a_exact_trades.csv,volatility_transition_v1,vol_trans_follow_h1_low_to_high_h12_tp06_sl065,-2.414724999999726,-3.4647249999997256,-4.164724999999725,0,0,0,1,3.4647249999997256,18.050000000000182,11.989999999999782,0.6905754795662966,13.979999999999563,0.006437768240353958,9.009999999999764,5.43299999999997,0.276,1.0,,,12,1,8.0,2024
2024-08-28 12:00:00+00:00|-1.0|vol_trans_follow_h1_low_to_high_h12_tp06_sl065,2024-08-28 12:00:00+00:00,STAGE28A,data/reports/stage28a_discovery_factory_batch_runner/stage28a_exact_trades.csv,volatility_transition_v1,vol_trans_follow_h1_low_to_high_h12_tp06_sl065,-2.076724999999988,-3.1267249999999875,-3.8267249999999873,0,0,0,1,3.1267249999999875,22.4399999999996,15.88000000000011,0.6190176322418047,12.849999999999909,0.4513618677042621,3.7599999999997635,5.485499999999979,0.304,-1.0,,,12,2,8.0,2024
2024-08-29 12:00:00+00:00|-1.0|vol_trans_follow_h1_low_to_high_h12_tp06_sl065,2024-08-29 12:00:00+00:00,STAGE28A,data/reports/stage28a_discovery_factory_batch_runner/stage28a_exact_trades.csv,volatility_transition_v1,vol_trans_follow_h1_low_to_high_h12_tp06_sl065,1.224999999999818,0.1749999999998182,-0.5250000000001815,1,0,1,0,0.1749999999998182,35.45000000000027,12.860000000000127,0.7449455676516199,10.539999999999964,0.5910815939278975,4.980000000000018,4.961999999999989,0.148,-1.0,,,12,3,8.0,2024
2024-08-30 12:00:00+00:00|1.0|vol_trans_follow_h1_low_to_high_h12_tp06_sl065,2024-08-30 12:00:00+00:00,STAGE28A,data/reports/stage28a_discovery_factory_batch_runner/stage28a_exact_trades.csv,volatility_transition_v1,vol_trans_follow_h1_low_to_high_h12_tp06_sl065,-2.216475000000264,-3.266475000000264,-3.966475000000264,0,0,0,1,3.266475000000264,25.059999999999945,9.490000000000236,0.7766069546891157,14.860000000000127,0.7301480484522084,7.829999999999927,5.143500000000017,0.22,1.0,,,12,4,8.0,2024
2024-09-02 12:00:00+00:00|1.0|vol_trans_follow_h1_low_to_high_h12_tp06_sl065,2024-09-02 12:00:00+00:00,STAGE28A,data/reports/stage28a_discovery_factory_batch_runner/stage28a_exact_trades.csv,volatility_transition_v1,vol_trans_follow_h1_low_to_high_h12_tp06_sl065,1.3801000000002204,0.3301000000002205,-0.3698999999997792,1,0,1,0,0.3301000000002205,3.4899999999997817,14.970000000000255,0.4736138944555795,12.0,0.2233333333333197,10.010000000000218,5.512000000000012,0.4,1.0,,,12,0,9.0,2024
2024-09-04 12:00:00+00:00|-1.0|vol_trans_follow_h1_low_to_high_h12_tp06_sl065,2024-09-04 12:00:00+00:00,STAGE28A,data/reports/stage28a_discovery_factory_batch_runner/stage28a_exact_trades.csv,volatility_transition_v1,vol_trans_follow_h1_low_to_high_h12_tp06_sl065,1.4677000000000588,0.417700000000059,-0.2822999999999407,1,0,1,0,0.417700000000059,32.80000000000018,5.679999999999836,0.32922535211266635,24.890000000000327,0.5355564483728488,10.740000000000236,6.1079999999999925,0.7,-1.0,,,12,2,9.0,2024
2024-09-05 12:00:00+00:00|1.0|vol_trans_follow_h1_low_to_high_h12_tp06_sl065,2024-09-05 12:00:00+00:00,STAGE28A,data/reports/stage28a_discovery_factory_batch_runner/stage28a_exact_trades.csv,volatility_transition_v1,vol_trans_follow_h1_low_to_high_h12_tp06_sl065,-2.2031499999999142,-3.253149999999914,-3.953149999999914,0,0,0,1,3.253149999999914,28.620000000000346,4.880000000000109,0.08811475409832514,23.409999999999854,0.8821016659547296,10.679999999999836,4.888000000000057,0.232,1.0,,,12,3,9.0,2024
2024-09-09 12:00:00+00:00|-1.0|vol_trans_follow_h1_low_to_high_h12_tp06_sl065,2024-09-09 12:00:00+00:00,STAGE28A,data/reports/stage28a_discovery_factory_batch_runner/stage28a_exact_trades.csv,volatility_transition_v1,vol_trans_follow_h1_low_to_high_h12_tp06_sl065,1.6186000000001513,0.5686000000001514,-0.1313999999998483,1,0,1,0,0.5686000000001514,2.3200000000001637,5.6599999999998545,0.2473498233215772,13.860000000000127,0.20923520923521388,5.550000000000182,6.637499999999955,0.868,-1.0,,,12,0,9.0,2024
2024-09-11 12:00:00+00:00|1.0|vol_trans_follow_h1_low_to_high_h12_tp06_sl065,2024-09-11 12:00:00+00:00,STAGE28A,data/reports/stage28a_discovery_factory_batch_runner/stage28a_exact_trades.csv,volatility_transition_v1,vol_trans_follow_h1_low_to_high_h12_tp06_sl065,-2.077049999999963,-3.127049999999963,-3.8270499999999625,0,0,0,1,3.127049999999963,18.289999999999964,7.5300000000002,0.3917662682602576,10.460000000000036,0.35946462715107125,6.429999999999836,4.725500000000011,0.272,1.0,,,12,2,9.0,2024
2024-09-13 12:00:00+00:00|1.0|vol_trans_follow_h1_low_to_high_h12_tp06_sl065,2024-09-13 12:00:00+00:00,STAGE28A,data/reports/stage28a_discovery_factory_batch_runner/stage28a_exact_trades.csv,volatility_transition_v1,vol_trans_follow_h1_low_to_high_h12_tp06_sl065,1.3492000000000188,0.299200000000019,-0.4007999999999807,1,0,1,0,0.299200000000019,49.059999999999945,13.38000000000011,0.7825112107623104,9.980000000000018,0.0621242484970285,5.279999999999745,6.62950000000003,0.808,1.0,,,12,4,9.0,2024
2024-09-17 12:00:00+00:00|-1.0|vol_trans_follow_h1_low_to_high_h12_tp06_sl065,2024-09-17 12:00:00+00:00,STAGE28A,data/reports/stage28a_discovery_factory_batch_runner/stage28a_exact_trades.csv,volatility_transition_v1,vol_trans_follow_h1_low_to_high_h12_tp06_sl065,-2.0806250000001456,-3.130625000000145,-3.830625000000145,0,0,0,1,3.130625000000145,14.300000000000182,9.539999999999964,0.6006289308176143,15.289999999999964,0.23806409417919433,6.4900000000002365,4.568000000000097,0.22,-1.0,,,12,1,9.0,2024
2024-09-18 12:00:00+00:00|-1.0|vol_trans_follow_h1_low_to_high_h12_tp06_sl065,2024-09-18 12:00:00+00:00,STAGE28A,data/reports/stage28a_discovery_factory_batch_runner/stage28a_exact_trades.csv,volatility_transition_v1,vol_trans_follow_h1_low_to_high_h12_tp06_sl065,0.9552999999999884,-0.0947000000000115,-0.7947000000000113,0,0,0,0,0.0947000000000115,26.2199999999998,8.230000000000018,0.6342648845686255,10.759999999999764,0.369888475836441,3.6799999999998363,5.252999999999952,0.528,-1.0,,,12,2,9.0,2024
2024-09-19 12:00:00+00:00|1.0|vol_trans_follow_h1_low_to_high_h12_tp06_sl065,2024-09-19 12:00:00+00:00,STAGE28A,data/reports/stage28a_discovery_factory_batch_runner/stage28a_exact_trades.csv,volatility_transition_v1,vol_trans_follow_h1_low_to_high_h12_tp06_sl065,-2.410825000000022,-3.4608250000000225,-4.160825000000022,0,0,0,1,3.4608250000000225,53.19999999999982,15.420000000000073,0.30998702983136983,35.34999999999991,0.7932107496463943,5.230000000000018,9.154500000000008,0.996,1.0,,,12,3,9.0,2024
2024-09-20 12:00:00+00:00|1.0|vol_trans_follow_h1_low_to_high_h12_tp06_sl065,2024-09-20 12:00:00+00:00,STAGE28A,data/reports/stage28a_discovery_factory_batch_runner/stage28a_exact_trades.csv,volatility_transition_v1,vol_trans_follow_h1_low_to_high_h12_tp06_sl065,-2.130999999999949,-3.180999999999949,-3.8809999999999487,0,0,0,1,3.180999999999949,43.789999999999964,8.75,0.41142857142856104,21.419999999999618,0.6984126984127126,7.2599999999997635,5.284500000000048,0.492,1.0,,,12,4,9.0,2024
2024-09-23 12:00:00+00:00|1.0|vol_trans_follow_h1_low_to_high_h12_tp06_sl065,2024-09-23 12:00:00+00:00,STAGE28A,data/reports/stage28a_discovery_factory_batch_runner/stage28a_exact_trades.csv,volatility_transition_v1,vol_trans_follow_h1_low_to_high_h12_tp06_sl065,1.3284999999999854,0.2784999999999855,-0.4215000000000142,1,0,1,0,0.2784999999999855,3.6200000000003456,14.989999999999782,0.5376917945297209,17.51000000000022,0.39634494574528656,5.119999999999891,5.39549999999997,0.472,1.0,,,12,0,9.0,2024
2024-09-24 12:00:00+00:00|1.0|vol_trans_follow_h1_low_to_high_h12_tp06_sl065,2024-09-24 12:00:00+00:00,STAGE28A,data/reports/stage28a_discovery_factory_batch_runner/stage28a_exact_trades.csv,volatility_transition_v1,vol_trans_follow_h1_low_to_high_h12_tp06_sl065,1.6953999999999725,0.6453999999999724,-0.0546000000000272,1,0,1,0,0.6453999999999724,21.01000000000022,12.349999999999909,0.5344129554655837,17.549999999999727,0.1908831908832146,3.5700000000001637,4.837500000000023,0.312,1.0,,,12,1,9.0,2024
2024-09-25 12:00:00+00:00|-1.0|vol_trans_follow_h1_low_to_high_h12_tp06_sl065,2024-09-25 12:00:00+00:00,STAGE28A,data/reports/stage28a_discovery_factory_batch_runner/stage28a_exact_trades.csv,volatility_transition_v1,vol_trans_follow_h1_low_to_high_h12_tp06_sl065,-2.2466999999997825,-3.2966999999997824,-3.996699999999782,0,0,0,1,3.2966999999997824,41.76999999999998,15.13000000000011,0.15333773959019778,10.159999999999854,0.4498031496063218,3.9699999999998,6.605499999999961,0.74,-1.0,,,12,2,9.0,2024
2024-09-26 12:00:00+00:00|1.0|vol_trans_follow_h1_low_to_high_h12_tp06_sl065,2024-09-26 12:00:00+00:00,STAGE28A,data/reports/stage28a_discovery_factory_batch_runner/stage28a_exact_trades.csv,volatility_transition_v1,vol_trans_follow_h1_low_to_high_h12_tp06_sl065,1.1152000000000952,0.0652000000000954,-0.6347999999999043,1,0,0,0,0.0652000000000954,20.829999999999927,7.170000000000073,0.6094839609484382,12.570000000000164,0.49721559268098,5.890000000000327,5.310999999999899,0.412,1.0,,,12,3,9.0,2024
2024-09-27 12:00:00+00:00|-1.0|vol_trans_follow_h1_low_to_high_h12_tp06_sl065,2024-09-27 12:00:00+00:00,STAGE28A,data/reports/stage28a_discovery_factory_batch_runner/stage28a_exact_trades.csv,volatility_transition_v1,vol_trans_follow_h1_low_to_high_h12_tp06_sl065,-2.2190750000000663,-3.269075000000066,-3.969075000000066,0,0,0,1,3.269075000000066,30.809999999999945,7.579999999999927,0.14775725593666247,15.519999999999982,0.6359536082474457,3.5599999999999454,6.439000000000055,0.644,-1.0,,,12,4,9.0,2024
2024-09-30 12:00:00+00:00|1.0|vol_trans_follow_h1_low_to_high_h12_tp06_sl065,2024-09-30 12:00:00+00:00,STAGE28A,data/reports/stage28a_discovery_factory_batch_runner/stage28a_exact_trades.csv,volatility_transition_v1,vol_trans_follow_h1_low_to_high_h12_tp06_sl065,1.4551000000000385,0.4051000000000386,-0.2948999999999611,1,0,1,0,0.4051000000000386,6.25,18.659999999999854,0.487674169346194,12.220000000000255,0.3199672667757588,6.019999999999982,7.370499999999993,0.836,1.0,,,12,0,9.0,2024
2024-10-01 12:00:00+00:00|1.0|vol_trans_follow_h1_low_to_high_h12_tp06_sl065,2024-10-01 12:00:00+00:00,STAGE28A,data/reports/stage28a_discovery_factory_batch_runner/stage28a_exact_trades.csv,volatility_transition_v1,vol_trans_follow_h1_low_to_high_h12_tp06_sl065,-1.7530250000000709,-2.8030250000000705,-3.50302500000007,0,0,0,0,2.8030250000000705,41.48000000000002,7.730000000000018,0.3842173350582468,11.840000000000146,0.9045608108108028,4.349999999999909,5.171500000000037,0.232,1.0,,,12,1,10.0,2024
2024-10-02 12:00:00+00:00|-1.0|vol_trans_follow_h1_low_to_high_h12_tp06_sl065,2024-10-02 12:00:00+00:00,STAGE28A,data/reports/stage28a_discovery_factory_batch_runner/stage28a_exact_trades.csv,volatility_transition_v1,vol_trans_follow_h1_low_to_high_h12_tp06_sl065,1.588299999999799,0.5382999999997993,-0.1617000000002004,1,0,1,0,0.5382999999997993,41.01000000000022,7.730000000000018,0.862871927554988,12.019999999999982,0.20632279534109998,7.299999999999727,7.307000000000016,0.792,-1.0,,,12,2,10.0,2024
2024-10-03 12:00:00+00:00|-1.0|vol_trans_follow_h1_low_to_high_h12_tp06_sl065,2024-10-03 12:00:00+00:00,STAGE28A,data/reports/stage28a_discovery_factory_batch_runner/stage28a_exact_trades.csv,volatility_transition_v1,vol_trans_follow_h1_low_to_high_h12_tp06_sl065,1.3938999999999395,0.3438999999999397,-0.35610000000006,1,0,1,0,0.3438999999999397,22.240000000000236,9.679999999999836,0.3615702479338904,16.659999999999854,0.6818727490996535,5.599999999999909,5.699000000000001,0.328,-1.0,,,12,3,10.0,2024
2024-10-04 12:00:00+00:00|-1.0|vol_trans_follow_h1_low_to_high_h12_tp06_sl065,2024-10-04 12:00:00+00:00,STAGE28A,data/reports/stage28a_discovery_factory_batch_runner/stage28a_exact_trades.csv,volatility_transition_v1,vol_trans_follow_h1_low_to_high_h12_tp06_sl065,-1.7829250000000685,-2.8329250000000683,-3.532925000000068,0,0,0,0,2.8329250000000683,25.61999999999989,9.210000000000036,0.5570032573289999,11.019999999999982,0.33212341197820877,2.730000000000018,5.294999999999982,0.216,-1.0,,,12,4,10.0,2024
2024-10-07 12:00:00+00:00|1.0|vol_trans_follow_h1_low_to_high_h12_tp06_sl065,2024-10-07 12:00:00+00:00,STAGE28A,data/reports/stage28a_discovery_factory_batch_runner/stage28a_exact_trades.csv,volatility_transition_v1,vol_trans_follow_h1_low_to_high_h12_tp06_sl065,1.2355000000001382,0.1855000000001383,-0.5144999999998614,1,0,1,0,0.1855000000001383,2.680000000000291,8.609999999999673,0.3832752613240775,17.8100000000004,0.5081414935429522,5.269999999999982,6.675000000000023,0.612,1.0,,,12,0,10.0,2024
2024-10-08 12:00:00+00:00|1.0|vol_trans_follow_h1_low_to_high_h12_tp06_sl065,2024-10-08 12:00:00+00:00,STAGE28A,data/reports/stage28a_discovery_factory_batch_runner/stage28a_exact_trades.csv,volatility_transition_v1,vol_trans_follow_h1_low_to_high_h12_tp06_sl065,1.7568999999997683,0.7068999999997687,0.0068999999997689,1,1,1,0,0.7068999999997687,22.019999999999982,15.289999999999964,0.07586657946369244,17.820000000000164,0.08810325476992982,11.650000000000091,7.187499999999909,0.756,1.0,,,12,1,10.0,2024
2024-10-09 12:00:00+00:00|1.0|vol_trans_follow_h1_low_to_high_h12_tp06_sl065,2024-10-09 12:00:00+00:00,STAGE28A,data/reports/stage28a_discovery_factory_batch_runner/stage28a_exact_trades.csv,volatility_transition_v1,vol_trans_follow_h1_low_to_high_h12_tp06_sl065,-2.331525000000147,-3.381525000000147,-4.081525000000147,0,0,0,1,3.381525000000147,48.34999999999991,9.390000000000327,0.5175718849840211,15.210000000000036,0.05588428665351131,6.869999999999891,7.20300000000002,0.704,1.0,,,12,2,10.0,2024
2024-10-10 12:00:00+00:00|-1.0|vol_trans_follow_h1_low_to_high_h12_tp06_sl065,2024-10-10 12:00:00+00:00,STAGE28A,data/reports/stage28a_discovery_factory_batch_runner/stage28a_exact_trades.csv,volatility_transition_v1,vol_trans_follow_h1_low_to_high_h12_tp06_sl065,-1.8424000000000889,-2.8924000000000887,-3.5924000000000884,0,0,0,0,2.8924000000000887,19.230000000000018,10.960000000000036,0.2636861313868903,8.2199999999998,0.6630170316301643,3.769999999999982,5.151999999999998,0.088,-1.0,,,12,3,10.0,2024
2024-10-11 12:00:00+00:00|-1.0|vol_trans_follow_h1_low_to_high_h12_tp06_sl065,2024-10-11 12:00:00+00:00,STAGE28A,data/reports/stage28a_discovery_factory_batch_runner/stage28a_exact_trades.csv,volatility_transition_v1,vol_trans_follow_h1_low_to_high_h12_tp06_sl065,1.0858000000001993,0.0358000000001994,-0.6641999999998003,1,0,0,0,0.0358000000001994,25.800000000000182,17.980000000000018,0.9566184649610567,10.989999999999782,0.6960873521383296,7.139999999999873,6.407000000000016,0.424,-1.0,,,12,4,10.0,2024
2024-10-14 12:00:00+00:00|-1.0|vol_trans_follow_h1_low_to_high_h12_tp06_sl065,2024-10-14 12:00:00+00:00,STAGE28A,data/reports/stage28a_discovery_factory_batch_runner/stage28a_exact_trades.csv,volatility_transition_v1,vol_trans_follow_h1_low_to_high_h12_tp06_sl065,1.3306000000001403,0.2806000000001405,-0.4193999999998592,1,0,1,0,0.2806000000001405,11.429999999999836,14.259999999999764,0.3709677419354875,11.480000000000018,0.24912891986063787,3.5399999999999636,5.671999999999912,0.212,-1.0,,,12,0,10.0,2024
2024-10-15 12:00:00+00:00|1.0|vol_trans_follow_h1_low_to_high_h12_tp06_sl065,2024-10-15 12:00:00+00:00,STAGE28A,data/reports/stage28a_discovery_factory_batch_runner/stage28a_exact_trades.csv,volatility_transition_v1,vol_trans_follow_h1_low_to_high_h12_tp06_sl065,1.367799999999897,0.3177999999998975,-0.3822000000001022,1,0,1,0,0.3177999999998975,23.659999999999854,8.349999999999909,0.5185628742514939,17.829999999999927,0.448121144139081,5.940000000000055,5.407000000000016,0.152,1.0,,,12,1,10.0,2024
2024-10-16 12:00:00+00:00|1.0|vol_trans_follow_h1_low_to_high_h12_tp06_sl065,2024-10-16 12:00:00+00:00,STAGE28A,data/reports/stage28a_discovery_factory_batch_runner/stage28a_exact_trades.csv,volatility_transition_v1,vol_trans_follow_h1_low_to_high_h12_tp06_sl065,1.2951999999999315,0.2451999999999317,-0.454800000000068,1,0,1,0,0.2451999999999317,31.110000000000127,11.359999999999673,0.4383802816901551,17.08999999999969,0.7577530719719431,5.489999999999782,5.433999999999992,0.156,1.0,,,12,2,10.0,2024
2024-10-17 12:00:00+00:00|-1.0|vol_trans_follow_h1_low_to_high_h12_tp06_sl065,2024-10-17 12:00:00+00:00,STAGE28A,data/reports/stage28a_discovery_factory_batch_runner/stage28a_exact_trades.csv,volatility_transition_v1,vol_trans_follow_h1_low_to_high_h12_tp06_sl065,1.3230999999999766,0.2730999999999768,-0.4269000000000229,1,0,1,0,0.2730999999999768,26.559999999999945,11.63000000000011,0.2579535683576932,9.230000000000018,0.2979414951245931,3.8799999999996544,5.10349999999994,0.08,-1.0,,,12,3,10.0,2024
2024-10-18 12:00:00+00:00|1.0|vol_trans_follow_h1_low_to_high_h12_tp06_sl065,2024-10-18 12:00:00+00:00,STAGE28A,data/reports/stage28a_discovery_factory_batch_runner/stage28a_exact_trades.csv,volatility_transition_v1,vol_trans_follow_h1_low_to_high_h12_tp06_sl065,-2.2990249999998924,-3.349024999999892,-4.049024999999892,0,0,0,1,3.349024999999892,23.579999999999927,20.360000000000127,0.849214145383097,12.329999999999927,0.11678832116788833,4.550000000000182,5.847000000000025,0.376,1.0,,,12,4,10.0,2024
2024-10-21 12:00:00+00:00|1.0|vol_trans_follow_h1_low_to_high_h12_tp06_sl065,2024-10-21 12:00:00+00:00,STAGE28A,data/reports/stage28a_discovery_factory_batch_runner/stage28a_exact_trades.csv,volatility_transition_v1,vol_trans_follow_h1_low_to_high_h12_tp06_sl065,-1.9740250000000743,-3.024025000000074,-3.724025000000074,0,0,0,0,3.024025000000074,4.5300000000002,13.570000000000164,0.585851142225477,13.420000000000073,0.21833084947837708,3.700000000000273,4.958000000000084,0.064,1.0,,,12,0,10.0,2024
2024-10-22 12:00:00+00:00|1.0|vol_trans_follow_h1_low_to_high_h12_tp06_sl065,2024-10-22 12:00:00+00:00,STAGE28A,data/reports/stage28a_discovery_factory_batch_runner/stage28a_exact_trades.csv,volatility_transition_v1,vol_trans_follow_h1_low_to_high_h12_tp06_sl065,-2.0006749999998648,-3.0506749999998646,-3.750674999999864,0,0,0,0,3.0506749999998646,26.529999999999745,14.860000000000127,0.6917900403768581,9.539999999999964,0.06918238993709193,6.889999999999873,5.848999999999978,0.44,1.0,,,12,1,10.0,2024
2024-10-23 12:00:00+00:00|1.0|vol_trans_follow_h1_low_to_high_h12_tp06_sl065,2024-10-23 12:00:00+00:00,STAGE28A,data/reports/stage28a_discovery_factory_batch_runner/stage28a_exact_trades.csv,volatility_transition_v1,vol_trans_follow_h1_low_to_high_h12_tp06_sl065,1.0332999999999628,-0.016700000000037,-0.7167000000000368,0,0,0,0,0.016700000000037,30.76000000000022,10.180000000000291,0.1237721021611181,13.070000000000164,0.3458301453710731,3.7800000000002,5.046000000000004,0.084,1.0,,,12,2,10.0,2024
2024-10-24 12:00:00+00:00|1.0|vol_trans_follow_h1_low_to_high_h12_tp06_sl065,2024-10-24 12:00:00+00:00,STAGE28A,data/reports/stage28a_discovery_factory_batch_runner/stage28a_exact_trades.csv,volatility_transition_v1,vol_trans_follow_h1_low_to_high_h12_tp06_sl065,-1.9675250000001143,-3.017525000000114,-3.717525000000114,0,0,0,0,3.017525000000114,49.92000000000007,12.279999999999745,0.39576547231272213,16.420000000000073,0.8361753958587063,5.430000000000291,6.382000000000062,0.832,1.0,,,12,3,10.0,2024
2024-10-25 12:00:00+00:00|-1.0|vol_trans_follow_h1_low_to_high_h12_tp06_sl065,2024-10-25 12:00:00+00:00,STAGE28A,data/reports/stage28a_discovery_factory_batch_runner/stage28a_exact_trades.csv,volatility_transition_v1,vol_trans_follow_h1_low_to_high_h12_tp06_sl065,1.267000000000189,0.2170000000001892,-0.4829999999998104,1,0,1,0,0.2170000000001892,29.029999999999745,11.730000000000018,0.7357203751065725,15.730000000000018,0.3146853146853317,8.179999999999836,5.500499999999965,0.32,-1.0,,,12,4,10.0,2024
2024-10-28 12:00:00+00:00|-1.0|vol_trans_follow_h1_low_to_high_h12_tp06_sl065,2024-10-28 12:00:00+00:00,STAGE28A,data/reports/stage28a_discovery_factory_batch_runner/stage28a_exact_trades.csv,volatility_transition_v1,vol_trans_follow_h1_low_to_high_h12_tp06_sl065,1.9345000000002075,0.8845000000002075,0.1845000000002077,1,1,1,0,0.8845000000002075,10.010000000000218,15.480000000000018,0.062015503875941895,16.909999999999854,0.06386753400357134,5.550000000000182,5.944500000000085,0.608,-1.0,,,12,0,10.0,2024
2024-10-29 12:00:00+00:00|-1.0|vol_trans_follow_h1_low_to_high_h12_tp06_sl065,2024-10-29 12:00:00+00:00,STAGE28A,data/reports/stage28a_discovery_factory_batch_runner/stage28a_exact_trades.csv,volatility_transition_v1,vol_trans_follow_h1_low_to_high_h12_tp06_sl065,-2.2941499999998087,-3.344149999999809,-4.044149999999808,0,0,0,1,3.344149999999809,21.190000000000055,18.070000000000164,0.8096292197011609,10.590000000000146,0.47969782813974104,6.569999999999709,4.962500000000046,0.116,-1.0,,,12,1,10.0,2024
2024-10-30 12:00:00+00:00|1.0|vol_trans_follow_h1_low_to_high_h12_tp06_sl065,2024-10-30 12:00:00+00:00,STAGE28A,data/reports/stage28a_discovery_factory_batch_runner/stage28a_exact_trades.csv,volatility_transition_v1,vol_trans_follow_h1_low_to_high_h12_tp06_sl065,-2.1407500000001165,-3.1907500000001163,-3.890750000000116,0,0,0,1,3.1907500000001163,35.41000000000031,9.389999999999873,0.7518636847710374,11.7800000000002,0.0008488964346534898,4.349999999999909,5.357499999999982,0.276,1.0,,,12,2,10.0,2024
2024-11-01 12:00:00+00:00|-1.0|vol_trans_follow_h1_low_to_high_h12_tp06_sl065,2024-11-01 12:00:00+00:00,STAGE28A,data/reports/stage28a_discovery_factory_batch_runner/stage28a_exact_trades.csv,volatility_transition_v1,vol_trans_follow_h1_low_to_high_h12_tp06_sl065,1.4037999999999555,0.3537999999999557,-0.346200000000044,1,0,1,0,0.3537999999999557,58.65000000000009,9.6899999999996,0.9195046439629182,12.86999999999989,0.20512820512819696,7.410000000000309,5.929499999999985,0.552,-1.0,,,12,4,11.0,2024
2024-11-04 12:00:00+00:00|1.0|vol_trans_follow_h1_low_to_high_h12_tp06_sl065,2024-11-04 12:00:00+00:00,STAGE28A,data/reports/stage28a_discovery_factory_batch_runner/stage28a_exact_trades.csv,volatility_transition_v1,vol_trans_follow_h1_low_to_high_h12_tp06_sl065,-2.6084249999999884,-3.658424999999988,-4.358424999999988,0,0,0,1,3.658424999999988,10.75,12.879999999999654,0.19720496894410183,13.289999999999964,0.15876598946573953,11.550000000000182,6.89849999999999,0.912,1.0,,,12,0,11.0,2024
2024-11-05 12:00:00+00:00|-1.0|vol_trans_follow_h1_low_to_high_h12_tp06_sl065,2024-11-05 12:00:00+00:00,STAGE28A,data/reports/stage28a_discovery_factory_batch_runner/stage28a_exact_trades.csv,volatility_transition_v1,vol_trans_follow_h1_low_to_high_h12_tp06_sl065,1.4943999999999504,0.4443999999999506,-0.2556000000000491,1,0,1,0,0.4443999999999506,18.789999999999964,13.260000000000218,0.12141779788835944,13.2800000000002,0.2567771084337201,6.0,5.523500000000058,0.284,-1.0,,,12,1,11.0,2024
2024-11-06 12:00:00+00:00|1.0|vol_trans_follow_h1_low_to_high_h12_tp06_sl065,2024-11-06 12:00:00+00:00,STAGE28A,data/reports/stage28a_discovery_factory_batch_runner/stage28a_exact_trades.csv,volatility_transition_v1,vol_trans_follow_h1_low_to_high_h12_tp06_sl065,-6.076500000000214,-7.126500000000215,-7.826500000000214,0,0,0,1,7.126500000000215,25.340000000000146,18.98999999999978,0.20326487625066728,42.35999999999967,0.5153446647780948,12.099999999999909,11.119499999999903,1.0,1.0,,,12,2,11.0,2024
2024-11-07 12:00:00+00:00|1.0|vol_trans_follow_h1_low_to_high_h12_tp06_sl065,2024-11-07 12:00:00+00:00,STAGE28A,data/reports/stage28a_discovery_factory_batch_runner/stage28a_exact_trades.csv,volatility_transition_v1,vol_trans_follow_h1_low_to_high_h12_tp06_sl065,-2.969174999999814,-4.019174999999814,-4.719174999999813,0,0,0,1,4.019174999999814,97.4399999999996,20.88000000000011,0.45545977011492883,15.579999999999927,0.7676508344030868,8.5,8.787500000000023,0.892,1.0,,,12,3,11.0,2024
2024-11-08 12:00:00+00:00|1.0|vol_trans_follow_h1_low_to_high_h12_tp06_sl065,2024-11-08 12:00:00+00:00,STAGE28A,data/reports/stage28a_discovery_factory_batch_runner/stage28a_exact_trades.csv,volatility_transition_v1,vol_trans_follow_h1_low_to_high_h12_tp06_sl065,-2.8138249999998157,-3.863824999999815,-4.563824999999815,0,0,0,1,3.863824999999815,66.90999999999985,17.09999999999991,0.7777777777777659,16.240000000000236,0.3232758620689608,3.8400000000001455,7.3214999999999915,0.764,1.0,,,12,4,11.0,2024
2024-11-11 12:00:00+00:00|-1.0|vol_trans_follow_h1_low_to_high_h12_tp06_sl065,2024-11-11 12:00:00+00:00,STAGE28A,data/reports/stage28a_discovery_factory_batch_runner/stage28a_exact_trades.csv,volatility_transition_v1,vol_trans_follow_h1_low_to_high_h12_tp06_sl065,1.5853000000000974,0.5353000000000976,-0.1646999999999021,1,0,1,0,0.5353000000000976,4.230000000000018,19.7199999999998,0.6866125760649139,14.38000000000011,0.7183588317107304,6.989999999999782,5.531500000000006,0.172,-1.0,,,12,0,11.0,2024
2024-11-12 12:00:00+00:00|-1.0|vol_trans_follow_h1_low_to_high_h12_tp06_sl065,2024-11-12 12:00:00+00:00,STAGE28A,data/reports/stage28a_discovery_factory_batch_runner/stage28a_exact_trades.csv,volatility_transition_v1,vol_trans_follow_h1_low_to_high_h12_tp06_sl065,3.066999999999916,2.0169999999999164,1.316999999999917,1,1,1,0,2.0169999999999164,75.67999999999984,11.579999999999927,0.5397236614853229,28.460000000000036,0.7350667603654267,9.929999999999836,7.446499999999924,0.7,-1.0,,,12,1,11.0,2024
2024-11-13 12:00:00+00:00|1.0|vol_trans_follow_h1_low_to_high_h12_tp06_sl065,2024-11-13 12:00:00+00:00,STAGE28A,data/reports/stage28a_discovery_factory_batch_runner/stage28a_exact_trades.csv,volatility_transition_v1,vol_trans_follow_h1_low_to_high_h12_tp06_sl065,1.4113000000001192,0.3613000000001194,-0.3386999999998803,1,0,1,0,0.3613000000001194,37.48000000000002,15.940000000000055,0.4567126725219398,10.599999999999909,0.2584905660377604,4.230000000000018,5.9705000000000155,0.208,1.0,,,12,2,11.0,2024
2024-11-14 12:00:00+00:00|-1.0|vol_trans_follow_h1_low_to_high_h12_tp06_sl065,2024-11-14 12:00:00+00:00,STAGE28A,data/reports/stage28a_discovery_factory_batch_runner/stage28a_exact_trades.csv,volatility_transition_v1,vol_trans_follow_h1_low_to_high_h12_tp06_sl065,2.3890000000000327,1.3390000000000328,0.6390000000000331,1,1,1,0,1.3390000000000328,48.070000000000164,22.389999999999873,0.25949084412684137,28.460000000000036,0.6398453970484895,21.559999999999945,9.33449999999998,0.888,-1.0,,,12,3,11.0,2024
2024-11-15 12:00:00+00:00|-1.0|vol_trans_follow_h1_low_to_high_h12_tp06_sl065,2024-11-15 12:00:00+00:00,STAGE28A,data/reports/stage28a_discovery_factory_batch_runner/stage28a_exact_trades.csv,volatility_transition_v1,vol_trans_follow_h1_low_to_high_h12_tp06_sl065,-2.5414750000000823,-3.591475000000082,-4.291475000000082,0,0,0,1,3.591475000000082,44.54999999999973,8.599999999999909,0.02325581395346747,15.809999999999945,0.039848197343460554,4.9699999999998,6.790999999999917,0.336,-1.0,,,12,4,11.0,2024
2024-11-18 12:00:00+00:00|1.0|vol_trans_follow_h1_low_to_high_h12_tp06_sl065,2024-11-18 12:00:00+00:00,STAGE28A,data/reports/stage28a_discovery_factory_batch_runner/stage28a_exact_trades.csv,volatility_transition_v1,vol_trans_follow_h1_low_to_high_h12_tp06_sl065,1.7490999999999075,0.6990999999999077,-0.000900000000092,1,0,1,0,0.6990999999999077,13.230000000000018,34.88000000000011,0.5997706422018351,16.840000000000146,0.1057007125890576,13.460000000000036,8.27900000000002,0.728,1.0,,,12,0,11.0,2024
2024-11-20 12:00:00+00:00|-1.0|vol_trans_follow_h1_low_to_high_h12_tp06_sl065,2024-11-20 12:00:00+00:00,STAGE28A,data/reports/stage28a_discovery_factory_batch_runner/stage28a_exact_trades.csv,volatility_transition_v1,vol_trans_follow_h1_low_to_high_h12_tp06_sl065,1.5781000000000858,0.528100000000086,-0.1718999999999138,1,0,1,0,0.528100000000086,29.179999999999836,10.159999999999854,0.14763779527559268,19.740000000000236,0.5916919959472997,4.570000000000164,5.408500000000049,0.048,-1.0,,,12,2,11.0,2024
2024-11-21 12:00:00+00:00|-1.0|vol_trans_follow_h1_low_to_high_h12_tp06_sl065,2024-11-21 12:00:00+00:00,STAGE28A,data/reports/stage28a_discovery_factory_batch_runner/stage28a_exact_trades.csv,volatility_transition_v1,vol_trans_follow_h1_low_to_high_h12_tp06_sl065,1.459899999999743,0.4098999999997432,-0.2901000000002565,1,0,1,0,0.4098999999997432,36.64000000000033,11.610000000000127,0.41860465116279705,17.059999999999945,0.759671746776089,8.150000000000091,6.018000000000006,0.188,-1.0,,,12,3,11.0,2024
2024-11-22 12:00:00+00:00|1.0|vol_trans_follow_h1_low_to_high_h12_tp06_sl065,2024-11-22 12:00:00+00:00,STAGE28A,data/reports/stage28a_discovery_factory_batch_runner/stage28a_exact_trades.csv,volatility_transition_v1,vol_trans_follow_h1_low_to_high_h12_tp06_sl065,-2.9330999999998317,-3.983099999999831,-4.683099999999831,0,0,0,1,3.983099999999831,24.63000000000011,24.070000000000164,0.8109680099709308,25.440000000000055,0.7425314465408739,13.88000000000011,6.913499999999976,0.5,1.0,,,12,4,11.0,2024
2024-11-25 12:00:00+00:00|1.0|vol_trans_follow_h1_low_to_high_h12_tp06_sl065,2024-11-25 12:00:00+00:00,STAGE28A,data/reports/stage28a_discovery_factory_batch_runner/stage28a_exact_trades.csv,volatility_transition_v1,vol_trans_follow_h1_low_to_high_h12_tp06_sl065,2.4304000000001,1.3804000000000998,0.6804000000001,1,1,1,0,1.3804000000000998,16.51000000000022,62.039999999999964,0.7633784655061202,19.73999999999978,0.26443768996959766,5.349999999999909,10.994000000000028,0.976,1.0,,,12,0,11.0,2024
2024-11-26 12:00:00+00:00|1.0|vol_trans_follow_h1_low_to_high_h12_tp06_sl065,2024-11-26 12:00:00+00:00,STAGE28A,data/reports/stage28a_discovery_factory_batch_runner/stage28a_exact_trades.csv,volatility_transition_v1,vol_trans_follow_h1_low_to_high_h12_tp06_sl065,-3.004924999999821,-4.054924999999821,-4.754924999999821,0,0,0,1,4.054924999999821,111.38000000000011,27.059999999999945,0.588322246858836,22.259999999999764,0.22192273135669843,14.230000000000018,12.309500000000025,0.948,1.0,,,12,1,11.0,2024
2024-11-27 12:00:00+00:00|-1.0|vol_trans_follow_h1_low_to_high_h12_tp06_sl065,2024-11-27 12:00:00+00:00,STAGE28A,data/reports/stage28a_discovery_factory_batch_runner/stage28a_exact_trades.csv,volatility_transition_v1,vol_trans_follow_h1_low_to_high_h12_tp06_sl065,1.5660999999999148,0.516099999999915,-0.1839000000000847,1,0,1,0,0.516099999999915,36.76999999999998,13.510000000000218,0.4885270170244117,15.690000000000055,0.6201402166985331,5.869999999999891,6.533999999999992,0.344,-1.0,,,12,2,11.0,2024
2024-11-28 12:00:00+00:00|1.0|vol_trans_follow_h1_low_to_high_h12_tp06_sl065,2024-11-28 12:00:00+00:00,STAGE28A,data/reports/stage28a_discovery_factory_batch_runner/stage28a_exact_trades.csv,volatility_transition_v1,vol_trans_follow_h1_low_to_high_h12_tp06_sl065,1.456599999999889,0.4065999999998895,-0.2934000000001102,1,0,1,0,0.4065999999998895,31.329999999999927,17.48999999999978,0.33390508862208224,19.41000000000031,0.8377125193199126,5.210000000000036,6.377999999999952,0.288,1.0,,,12,3,11.0,2024
2024-11-29 12:00:00+00:00|1.0|vol_trans_follow_h1_low_to_high_h12_tp06_sl065,2024-11-29 12:00:00+00:00,STAGE28A,data/reports/stage28a_discovery_factory_batch_runner/stage28a_exact_trades.csv,volatility_transition_v1,vol_trans_follow_h1_low_to_high_h12_tp06_sl065,1.8202000000000225,0.7702000000000226,0.0702000000000229,1,1,1,0,0.7702000000000226,28.65000000000009,30.29000000000042,0.6956091119181206,11.809999999999945,0.2464013547840701,8.7800000000002,5.945500000000061,0.224,1.0,,,12,4,11.0,2024
2024-12-02 12:00:00+00:00|1.0|vol_trans_follow_h1_low_to_high_h12_tp06_sl065,2024-12-02 12:00:00+00:00,STAGE28A,data/reports/stage28a_discovery_factory_batch_runner/stage28a_exact_trades.csv,volatility_transition_v1,vol_trans_follow_h1_low_to_high_h12_tp06_sl065,-2.715350000000035,-3.765350000000035,-4.465350000000035,0,0,0,1,3.765350000000035,9.420000000000073,29.420000000000073,0.5849762066621343,15.789999999999964,0.45725142495248994,8.269999999999982,8.88050000000003,0.82,1.0,,,12,0,12.0,2024
2024-12-03 12:00:00+00:00|-1.0|vol_trans_follow_h1_low_to_high_h12_tp06_sl065,2024-12-03 12:00:00+00:00,STAGE28A,data/reports/stage28a_discovery_factory_batch_runner/stage28a_exact_trades.csv,volatility_transition_v1,vol_trans_follow_h1_low_to_high_h12_tp06_sl065,1.4967999999998027,0.4467999999998029,-0.2532000000001968,1,0,1,0,0.4467999999998029,30.550000000000182,11.13000000000011,0.21024258760104833,12.860000000000127,0.21228615863141456,4.110000000000127,5.669999999999936,0.148,-1.0,,,12,1,12.0,2024
2024-12-04 12:00:00+00:00|-1.0|vol_trans_follow_h1_low_to_high_h12_tp06_sl065,2024-12-04 12:00:00+00:00,STAGE28A,data/reports/stage28a_discovery_factory_batch_runner/stage28a_exact_trades.csv,volatility_transition_v1,vol_trans_follow_h1_low_to_high_h12_tp06_sl065,-2.089074999999957,-3.139074999999957,-3.8390749999999567,0,0,0,1,3.139074999999957,21.43000000000029,10.960000000000036,0.5136861313868696,14.930000000000291,0.282652377762905,4.119999999999891,5.569000000000028,0.096,-1.0,,,12,2,12.0,2024
2024-12-05 12:00:00+00:00|1.0|vol_trans_follow_h1_low_to_high_h12_tp06_sl065,2024-12-05 12:00:00+00:00,STAGE28A,data/reports/stage28a_discovery_factory_batch_runner/stage28a_exact_trades.csv,volatility_transition_v1,vol_trans_follow_h1_low_to_high_h12_tp06_sl065,-2.3945749999998958,-3.444574999999895,-4.144574999999895,0,0,0,1,3.444574999999895,24.800000000000182,6.940000000000055,0.5821325648414888,13.88000000000011,0.17939481268009813,4.309999999999945,5.563999999999941,0.088,1.0,,,12,3,12.0,2024
2024-12-06 12:00:00+00:00|-1.0|vol_trans_follow_h1_low_to_high_h12_tp06_sl065,2024-12-06 12:00:00+00:00,STAGE28A,data/reports/stage28a_discovery_factory_batch_runner/stage28a_exact_trades.csv,volatility_transition_v1,vol_trans_follow_h1_low_to_high_h12_tp06_sl065,-2.375724999999966,-3.4257249999999657,-4.125724999999965,0,0,0,1,3.4257249999999657,32.26999999999998,32.11999999999989,0.2624533001245288,12.33999999999969,0.6345218800648398,5.919999999999618,7.535999999999968,0.644,-1.0,,,12,4,12.0,2024
2024-12-09 12:00:00+00:00|1.0|vol_trans_follow_h1_low_to_high_h12_tp06_sl065,2024-12-09 12:00:00+00:00,STAGE28A,data/reports/stage28a_discovery_factory_batch_runner/stage28a_exact_trades.csv,volatility_transition_v1,vol_trans_follow_h1_low_to_high_h12_tp06_sl065,1.404399999999805,0.3543999999998051,-0.3456000000001946,1,0,1,0,0.3543999999998051,11.929999999999836,23.019999999999982,0.1776715899218136,22.470000000000255,0.9577214063195255,8.679999999999836,7.969499999999994,0.684,1.0,,,12,0,12.0,2024
2024-12-10 12:00:00+00:00|1.0|vol_trans_follow_h1_low_to_high_h12_tp06_sl065,2024-12-10 12:00:00+00:00,STAGE28A,data/reports/stage28a_discovery_factory_batch_runner/stage28a_exact_trades.csv,volatility_transition_v1,vol_trans_follow_h1_low_to_high_h12_tp06_sl065,1.377699999999913,0.3276999999999135,-0.3723000000000862,1,0,1,0,0.3276999999999135,48.84999999999991,15.91000000000031,0.6140791954745598,15.539999999999964,0.3301158301158379,5.300000000000182,5.652000000000021,0.132,1.0,,,12,1,12.0,2024
2024-12-11 12:00:00+00:00|1.0|vol_trans_follow_h1_low_to_high_h12_tp06_sl065,2024-12-11 12:00:00+00:00,STAGE28A,data/reports/stage28a_discovery_factory_batch_runner/stage28a_exact_trades.csv,volatility_transition_v1,vol_trans_follow_h1_low_to_high_h12_tp06_sl065,-3.682225000000108,-4.732225000000108,-5.432225000000107,0,0,0,1,4.732225000000108,38.01999999999998,21.779999999999745,0.5335169880624439,25.350000000000364,0.3932938856015823,9.799999999999727,7.875000000000023,0.84,1.0,,,12,2,12.0,2024
2024-12-12 12:00:00+00:00|-1.0|vol_trans_follow_h1_low_to_high_h12_tp06_sl065,2024-12-12 12:00:00+00:00,STAGE28A,data/reports/stage28a_discovery_factory_batch_runner/stage28a_exact_trades.csv,volatility_transition_v1,vol_trans_follow_h1_low_to_high_h12_tp06_sl065,1.5066999999998187,0.4566999999998189,-0.2433000000001808,1,0,1,0,0.4566999999998189,46.590000000000146,26.139999999999873,0.2895944912012319,10.640000000000327,0.09586466165413068,4.6599999999998545,7.132499999999982,0.624,-1.0,,,12,3,12.0,2024
2024-12-13 12:00:00+00:00|-1.0|vol_trans_follow_h1_low_to_high_h12_tp06_sl065,2024-12-13 12:00:00+00:00,STAGE28A,data/reports/stage28a_discovery_factory_batch_runner/stage28a_exact_trades.csv,volatility_transition_v1,vol_trans_follow_h1_low_to_high_h12_tp06_sl065,1.8247000000000295,0.7747000000000299,0.0747000000000301,1,1,1,0,0.7747000000000299,51.2199999999998,13.740000000000236,0.4832605531295312,25.5,0.8109803921568741,9.480000000000018,6.881000000000062,0.54,-1.0,,,12,4,12.0,2024
2024-12-16 12:00:00+00:00|1.0|vol_trans_follow_h1_low_to_high_h12_tp06_sl065,2024-12-16 12:00:00+00:00,STAGE28A,data/reports/stage28a_discovery_factory_batch_runner/stage28a_exact_trades.csv,volatility_transition_v1,vol_trans_follow_h1_low_to_high_h12_tp06_sl065,1.2360999999999875,0.1860999999999877,-0.513900000000012,1,0,1,0,0.1860999999999877,4.569999999999709,12.110000000000127,0.10982658959536856,12.450000000000273,0.48514056224898244,4.389999999999873,5.434999999999991,0.044,1.0,,,12,0,12.0,2024
2024-12-17 12:00:00+00:00|-1.0|vol_trans_follow_h1_low_to_high_h12_tp06_sl065,2024-12-17 12:00:00+00:00,STAGE28A,data/reports/stage28a_discovery_factory_batch_runner/stage28a_exact_trades.csv,volatility_transition_v1,vol_trans_follow_h1_low_to_high_h12_tp06_sl065,-2.7657249999998386,-3.8157249999998384,-4.515724999999838,0,0,0,1,3.8157249999998384,20.75,7.650000000000091,0.006535947712442001,19.0300000000002,0.7157120336311195,8.070000000000164,5.4200000000000275,0.112,-1.0,,,12,1,12.0,2024
2024-12-19 12:00:00+00:00|1.0|vol_trans_follow_h1_low_to_high_h12_tp06_sl065,2024-12-19 12:00:00+00:00,STAGE28A,data/reports/stage28a_discovery_factory_batch_runner/stage28a_exact_trades.csv,volatility_transition_v1,vol_trans_follow_h1_low_to_high_h12_tp06_sl065,-2.851850000000104,-3.901850000000104,-4.601850000000104,0,0,0,1,3.901850000000104,68.09999999999991,35.460000000000036,0.5930626057529661,23.2800000000002,0.4463058419243893,4.329999999999927,10.052000000000021,0.992,1.0,,,12,3,12.0,2024
2024-12-20 12:00:00+00:00|-1.0|vol_trans_follow_h1_low_to_high_h12_tp06_sl065,2024-12-20 12:00:00+00:00,STAGE28A,data/reports/stage28a_discovery_factory_batch_runner/stage28a_exact_trades.csv,volatility_transition_v1,vol_trans_follow_h1_low_to_high_h12_tp06_sl065,-2.1290500000000976,-3.1790500000000974,-3.879050000000097,0,0,0,1,3.1790500000000974,43.99000000000024,14.320000000000164,0.3058659217877136,11.180000000000291,0.5661896243291786,3.480000000000018,5.805500000000029,0.22,-1.0,,,12,4,12.0,2024
2024-12-23 12:00:00+00:00|-1.0|vol_trans_follow_h1_low_to_high_h12_tp06_sl065,2024-12-23 12:00:00+00:00,STAGE28A,data/reports/stage28a_discovery_factory_batch_runner/stage28a_exact_trades.csv,volatility_transition_v1,vol_trans_follow_h1_low_to_high_h12_tp06_sl065,1.2229000000001178,0.1729000000001179,-0.5270999999998818,1,0,1,0,0.1729000000001179,3.1600000000003092,10.0,0.1069999999999709,14.389999999999873,0.44336344683809353,4.690000000000055,5.874000000000047,0.248,-1.0,,,12,0,12.0,2024
2024-12-30 12:00:00+00:00|1.0|vol_trans_follow_h1_low_to_high_h12_tp06_sl065,2024-12-30 12:00:00+00:00,STAGE28A,data/reports/stage28a_discovery_factory_batch_runner/stage28a_exact_trades.csv,volatility_transition_v1,vol_trans_follow_h1_low_to_high_h12_tp06_sl065,-1.9860500000000685,-3.0360500000000683,-3.736050000000068,0,0,0,0,3.0360500000000683,7.4699999999998,9.489999999999782,0.2012644889357111,15.480000000000018,0.7558139534883594,6.230000000000018,5.448000000000024,0.46,1.0,,,12,0,12.0,2024
2025-01-03 12:00:00+00:00|1.0|vol_trans_follow_h1_low_to_high_h12_tp06_sl065,2025-01-03 12:00:00+00:00,STAGE28A,data/reports/stage28a_discovery_factory_batch_runner/stage28a_exact_trades.csv,volatility_transition_v1,vol_trans_follow_h1_low_to_high_h12_tp06_sl065,-2.118000000000029,-3.168000000000029,-3.8680000000000287,0,0,0,1,3.168000000000029,38.73000000000002,9.019999999999982,0.5000000000000252,13.019999999999982,0.40476190476190393,3.130000000000109,5.6760000000000215,0.56,1.0,,,12,4,1.0,2025
2025-01-06 12:00:00+00:00|1.0|vol_trans_follow_h1_low_to_high_h12_tp06_sl065,2025-01-06 12:00:00+00:00,STAGE28A,data/reports/stage28a_discovery_factory_batch_runner/stage28a_exact_trades.csv,volatility_transition_v1,vol_trans_follow_h1_low_to_high_h12_tp06_sl065,1.3306000000001403,0.2806000000001405,-0.4193999999998592,1,0,1,0,0.2806000000001405,3.5399999999999636,12.860000000000127,0.43001555209954473,11.090000000000146,0.15148782687103826,4.569999999999709,5.173500000000013,0.348,1.0,,,12,0,1.0,2025
2025-01-07 12:00:00+00:00|-1.0|vol_trans_follow_h1_low_to_high_h12_tp06_sl065,2025-01-07 12:00:00+00:00,STAGE28A,data/reports/stage28a_discovery_factory_batch_runner/stage28a_exact_trades.csv,volatility_transition_v1,vol_trans_follow_h1_low_to_high_h12_tp06_sl065,-2.1618749999998728,-3.2118749999998726,-3.911874999999872,0,0,0,1,3.2118749999998726,35.13000000000011,8.300000000000182,0.4325301204819358,9.7800000000002,0.575664621676891,4.029999999999745,5.464499999999975,0.52,-1.0,,,12,1,1.0,2025
2025-01-09 12:00:00+00:00|1.0|vol_trans_follow_h1_low_to_high_h12_tp06_sl065,2025-01-09 12:00:00+00:00,STAGE28A,data/reports/stage28a_discovery_factory_batch_runner/stage28a_exact_trades.csv,volatility_transition_v1,vol_trans_follow_h1_low_to_high_h12_tp06_sl065,1.258299999999872,0.208299999999872,-0.4917000000001277,1,0,1,0,0.208299999999872,24.700000000000273,7.650000000000091,0.44836601307192814,10.929999999999836,0.7758462946020261,4.130000000000109,5.973500000000035,0.728,1.0,,,12,3,1.0,2025
2025-01-13 12:00:00+00:00|-1.0|vol_trans_follow_h1_low_to_high_h12_tp06_sl065,2025-01-13 12:00:00+00:00,STAGE28A,data/reports/stage28a_discovery_factory_batch_runner/stage28a_exact_trades.csv,volatility_transition_v1,vol_trans_follow_h1_low_to_high_h12_tp06_sl065,-2.4004249999999048,-3.4504249999999046,-4.150424999999904,0,0,0,1,3.4504249999999046,5.670000000000073,13.900000000000091,0.39999999999999347,14.190000000000055,0.45031712473571867,5.360000000000127,6.6055000000000295,0.848,-1.0,,,12,0,1.0,2025
2025-01-14 12:00:00+00:00|-1.0|vol_trans_follow_h1_low_to_high_h12_tp06_sl065,2025-01-14 12:00:00+00:00,STAGE28A,data/reports/stage28a_discovery_factory_batch_runner/stage28a_exact_trades.csv,volatility_transition_v1,vol_trans_follow_h1_low_to_high_h12_tp06_sl065,-2.073149999999805,-3.123149999999805,-3.8231499999998046,0,0,0,1,3.123149999999805,36.73000000000002,12.5300000000002,0.4333599361532123,10.629999999999654,0.644402634054575,6.920000000000073,5.627000000000021,0.46,-1.0,,,12,1,1.0,2025
2025-01-16 12:00:00+00:00|1.0|vol_trans_follow_h1_low_to_high_h12_tp06_sl065,2025-01-16 12:00:00+00:00,STAGE28A,data/reports/stage28a_discovery_factory_batch_runner/stage28a_exact_trades.csv,volatility_transition_v1,vol_trans_follow_h1_low_to_high_h12_tp06_sl065,-2.326000000000113,-3.3760000000001127,-4.076000000000112,0,0,0,1,3.3760000000001127,28.210000000000036,9.349999999999909,0.27593582887700024,18.529999999999745,0.5553157042633624,8.599999999999909,5.731999999999971,0.544,1.0,,,12,3,1.0,2025
2025-01-20 12:00:00+00:00|-1.0|vol_trans_follow_h1_low_to_high_h12_tp06_sl065,2025-01-20 12:00:00+00:00,STAGE28A,data/reports/stage28a_discovery_factory_batch_runner/stage28a_exact_trades.csv,volatility_transition_v1,vol_trans_follow_h1_low_to_high_h12_tp06_sl065,-2.147575000000052,-3.197575000000052,-3.8975750000000513,0,0,0,1,3.197575000000052,11.990000000000236,17.269999999999982,0.5500868558193405,10.960000000000036,0.23448905109486318,5.929999999999836,5.955500000000006,0.644,-1.0,,,12,0,1.0,2025
2025-01-21 12:00:00+00:00|-1.0|vol_trans_follow_h1_low_to_high_h12_tp06_sl065,2025-01-21 12:00:00+00:00,STAGE28A,data/reports/stage28a_discovery_factory_batch_runner/stage28a_exact_trades.csv,volatility_transition_v1,vol_trans_follow_h1_low_to_high_h12_tp06_sl065,-2.55154999999977,-3.60154999999977,-4.30154999999977,0,0,0,1,3.60154999999977,24.550000000000182,25.09999999999991,0.6749003984063792,15.799999999999727,0.4974683544303964,7.029999999999745,7.044499999999994,0.944,-1.0,,,12,1,1.0,2025
2025-01-22 12:00:00+00:00|1.0|vol_trans_follow_h1_low_to_high_h12_tp06_sl065,2025-01-22 12:00:00+00:00,STAGE28A,data/reports/stage28a_discovery_factory_batch_runner/stage28a_exact_trades.csv,volatility_transition_v1,vol_trans_follow_h1_low_to_high_h12_tp06_sl065,1.880199999999968,0.8301999999999681,0.1301999999999683,1,1,1,0,0.8301999999999681,43.279999999999745,10.9699999999998,0.711030082041962,17.90000000000009,0.44525139664803126,9.569999999999709,6.274499999999944,0.764,1.0,,,12,2,1.0,2025
2025-01-24 12:00:00+00:00|-1.0|vol_trans_follow_h1_low_to_high_h12_tp06_sl065,2025-01-24 12:00:00+00:00,STAGE28A,data/reports/stage28a_discovery_factory_batch_runner/stage28a_exact_trades.csv,volatility_transition_v1,vol_trans_follow_h1_low_to_high_h12_tp06_sl065,1.3189000000001214,0.2689000000001216,-0.4310999999998781,1,0,1,0,0.2689000000001216,23.25,23.940000000000055,0.7263993316624826,8.300000000000182,0.44578313253014357,6.769999999999982,5.84699999999998,0.492,-1.0,,,12,4,1.0,2025
2025-01-27 12:00:00+00:00|1.0|vol_trans_follow_h1_low_to_high_h12_tp06_sl065,2025-01-27 12:00:00+00:00,STAGE28A,data/reports/stage28a_discovery_factory_batch_runner/stage28a_exact_trades.csv,volatility_transition_v1,vol_trans_follow_h1_low_to_high_h12_tp06_sl065,1.8454000000000632,0.7954000000000634,0.0954000000000636,1,1,1,0,0.7954000000000634,5.839999999999691,18.460000000000036,0.49620801733476905,23.769999999999982,0.4030290281867873,9.199999999999818,6.344999999999982,0.804,1.0,,,12,0,1.0,2025
2025-01-28 12:00:00+00:00|1.0|vol_trans_follow_h1_low_to_high_h12_tp06_sl065,2025-01-28 12:00:00+00:00,STAGE28A,data/reports/stage28a_discovery_factory_batch_runner/stage28a_exact_trades.csv,volatility_transition_v1,vol_trans_follow_h1_low_to_high_h12_tp06_sl065,-1.9477000000002591,-2.997700000000259,-3.6977000000002582,0,0,0,0,2.997700000000259,42.289999999999964,7.579999999999927,0.09366754617414817,10.570000000000164,0.07284768211920245,4.870000000000346,5.74249999999995,0.416,1.0,,,12,1,1.0,2025
2025-01-30 12:00:00+00:00|-1.0|vol_trans_follow_h1_low_to_high_h12_tp06_sl065,2025-01-30 12:00:00+00:00,STAGE28A,data/reports/stage28a_discovery_factory_batch_runner/stage28a_exact_trades.csv,volatility_transition_v1,vol_trans_follow_h1_low_to_high_h12_tp06_sl065,1.2676000000000385,0.2176000000000386,-0.4823999999999611,1,0,1,0,0.2176000000000386,21.470000000000255,5.330000000000382,0.035647279549726255,20.539999999999964,0.8695228821811177,5.129999999999654,5.309000000000014,0.328,-1.0,,,12,3,1.0,2025
2025-01-31 12:00:00+00:00|1.0|vol_trans_follow_h1_low_to_high_h12_tp06_sl065,2025-01-31 12:00:00+00:00,STAGE28A,data/reports/stage28a_discovery_factory_batch_runner/stage28a_exact_trades.csv,volatility_transition_v1,vol_trans_follow_h1_low_to_high_h12_tp06_sl065,1.2384999999998398,0.18849999999984,-0.5115000000001597,1,0,1,0,0.18849999999984,40.40000000000009,7.369999999999891,0.03799185888734728,10.140000000000327,0.16074950690331377,3.6700000000000728,5.485499999999979,0.412,1.0,,,12,4,1.0,2025
2025-02-03 12:00:00+00:00|-1.0|vol_trans_follow_h1_low_to_high_h12_tp06_sl065,2025-02-03 12:00:00+00:00,STAGE28A,data/reports/stage28a_discovery_factory_batch_runner/stage28a_exact_trades.csv,volatility_transition_v1,vol_trans_follow_h1_low_to_high_h12_tp06_sl065,1.7076999999998406,0.6576999999998407,-0.0423000000001589,1,0,1,0,0.6576999999998407,20.699999999999818,31.9699999999998,0.37566468564278505,20.809999999999945,0.8279673234022136,5.9699999999998,9.39249999999995,0.996,-1.0,,,12,0,2.0,2025
2025-02-04 12:00:00+00:00|1.0|vol_trans_follow_h1_low_to_high_h12_tp06_sl065,2025-02-04 12:00:00+00:00,STAGE28A,data/reports/stage28a_discovery_factory_batch_runner/stage28a_exact_trades.csv,volatility_transition_v1,vol_trans_follow_h1_low_to_high_h12_tp06_sl065,1.818700000000172,0.7687000000001718,0.068700000000172,1,1,1,0,0.7687000000001718,58.19999999999982,13.329999999999927,0.3885971492873458,14.659999999999854,0.29058663028651166,7.7599999999997635,7.638000000000057,0.856,1.0,,,12,1,2.0,2025
2025-02-05 12:00:00+00:00|1.0|vol_trans_follow_h1_low_to_high_h12_tp06_sl065,2025-02-05 12:00:00+00:00,STAGE28A,data/reports/stage28a_discovery_factory_batch_runner/stage28a_exact_trades.csv,volatility_transition_v1,vol_trans_follow_h1_low_to_high_h12_tp06_sl065,1.5388000000001738,0.488800000000174,-0.2111999999998257,1,0,1,0,0.488800000000174,38.25,18.450000000000273,0.7501355013550104,23.690000000000055,0.5293372731110145,6.710000000000036,6.692500000000064,0.7,1.0,,,12,2,2.0,2025
2025-02-06 12:00:00+00:00|1.0|vol_trans_follow_h1_low_to_high_h12_tp06_sl065,2025-02-06 12:00:00+00:00,STAGE28A,data/reports/stage28a_discovery_factory_batch_runner/stage28a_exact_trades.csv,volatility_transition_v1,vol_trans_follow_h1_low_to_high_h12_tp06_sl065,2.0293000000000574,0.9793000000000576,0.2793000000000578,1,1,1,0,0.9793000000000576,42.960000000000036,9.550000000000182,0.08167539267017647,22.480000000000018,0.4181494661921745,4.320000000000164,7.462000000000012,0.756,1.0,,,12,3,2.0,2025
2025-02-07 12:00:00+00:00|1.0|vol_trans_follow_h1_low_to_high_h12_tp06_sl065,2025-02-07 12:00:00+00:00,STAGE28A,data/reports/stage28a_discovery_factory_batch_runner/stage28a_exact_trades.csv,volatility_transition_v1,vol_trans_follow_h1_low_to_high_h12_tp06_sl065,1.3501000000000205,0.3001000000000204,-0.3998999999999792,1,0,1,0,0.3001000000000204,39.25,15.579999999999927,0.5353016688061736,11.7199999999998,0.09556313993173293,5.199999999999818,5.98599999999999,0.384,1.0,,,12,4,2.0,2025
2025-02-10 12:00:00+00:00|1.0|vol_trans_follow_h1_low_to_high_h12_tp06_sl065,2025-02-10 12:00:00+00:00,STAGE28A,data/reports/stage28a_discovery_factory_batch_runner/stage28a_exact_trades.csv,volatility_transition_v1,vol_trans_follow_h1_low_to_high_h12_tp06_sl065,-2.589575000000059,-3.639575000000059,-4.339575000000059,0,0,0,1,3.639575000000059,14.0,23.190000000000055,0.5066839154808095,30.40000000000009,0.7578947368421018,7.099999999999909,8.032499999999981,0.82,1.0,,,12,0,2.0,2025
2025-02-11 12:00:00+00:00|-1.0|vol_trans_follow_h1_low_to_high_h12_tp06_sl065,2025-02-11 12:00:00+00:00,STAGE28A,data/reports/stage28a_discovery_factory_batch_runner/stage28a_exact_trades.csv,volatility_transition_v1,vol_trans_follow_h1_low_to_high_h12_tp06_sl065,2.7027999999999337,1.652799999999934,0.952799999999934,1,1,1,0,1.652799999999934,62.570000000000164,38.029999999999745,0.0381277938469584,27.429999999999836,0.49362012395187915,9.309999999999945,10.76199999999999,0.996,-1.0,,,12,1,2.0,2025
2025-02-12 12:00:00+00:00|-1.0|vol_trans_follow_h1_low_to_high_h12_tp06_sl065,2025-02-12 12:00:00+00:00,STAGE28A,data/reports/stage28a_discovery_factory_batch_runner/stage28a_exact_trades.csv,volatility_transition_v1,vol_trans_follow_h1_low_to_high_h12_tp06_sl065,-2.756950000000052,-3.806950000000052,-4.506950000000051,0,0,0,1,3.806950000000052,60.9399999999996,17.070000000000164,0.7861745752782627,16.440000000000055,0.15815085158150247,6.949999999999818,7.326499999999987,0.488,-1.0,,,12,2,2.0,2025
2025-02-13 12:00:00+00:00|1.0|vol_trans_follow_h1_low_to_high_h12_tp06_sl065,2025-02-13 12:00:00+00:00,STAGE28A,data/reports/stage28a_discovery_factory_batch_runner/stage28a_exact_trades.csv,volatility_transition_v1,vol_trans_follow_h1_low_to_high_h12_tp06_sl065,-2.915224999999828,-3.965224999999828,-4.665224999999827,0,0,0,1,3.965224999999828,45.38000000000011,18.759999999999764,0.6780383795309147,13.460000000000036,0.05274888558692678,8.41000000000031,7.1009999999999085,0.336,1.0,,,12,3,2.0,2025
2025-02-14 12:00:00+00:00|1.0|vol_trans_follow_h1_low_to_high_h12_tp06_sl065,2025-02-14 12:00:00+00:00,STAGE28A,data/reports/stage28a_discovery_factory_batch_runner/stage28a_exact_trades.csv,volatility_transition_v1,vol_trans_follow_h1_low_to_high_h12_tp06_sl065,1.4871999999999388,0.4371999999999389,-0.2628000000000607,1,0,1,0,0.4371999999999389,31.13000000000011,10.860000000000127,0.24677716390425963,13.309999999999945,0.5416979714500425,4.639999999999873,5.945999999999958,0.084,1.0,,,12,4,2.0,2025
2025-02-17 12:00:00+00:00|1.0|vol_trans_follow_h1_low_to_high_h12_tp06_sl065,2025-02-17 12:00:00+00:00,STAGE28A,data/reports/stage28a_discovery_factory_batch_runner/stage28a_exact_trades.csv,volatility_transition_v1,vol_trans_follow_h1_low_to_high_h12_tp06_sl065,-2.95129999999981,-4.0012999999998105,-4.70129999999981,0,0,0,1,4.0012999999998105,15.88000000000011,26.809999999999945,0.7411413651622673,18.269999999999982,0.20634920634920556,6.2400000000002365,10.248499999999945,0.9,1.0,,,12,0,2.0,2025
2025-02-19 12:00:00+00:00|1.0|vol_trans_follow_h1_low_to_high_h12_tp06_sl065,2025-02-19 12:00:00+00:00,STAGE28A,data/reports/stage28a_discovery_factory_batch_runner/stage28a_exact_trades.csv,volatility_transition_v1,vol_trans_follow_h1_low_to_high_h12_tp06_sl065,1.4893000000000938,0.4393000000000939,-0.2606999999999058,1,0,1,0,0.4393000000000939,45.25,15.480000000000018,0.31330749354004545,19.0,0.8199999999999962,8.460000000000036,6.546499999999969,0.28,1.0,,,12,2,2.0,2025
2025-02-20 12:00:00+00:00|-1.0|vol_trans_follow_h1_low_to_high_h12_tp06_sl065,2025-02-20 12:00:00+00:00,STAGE28A,data/reports/stage28a_discovery_factory_batch_runner/stage28a_exact_trades.csv,volatility_transition_v1,vol_trans_follow_h1_low_to_high_h12_tp06_sl065,1.353700000000026,0.3037000000000263,-0.3962999999999734,1,0,1,0,0.3037000000000263,28.440000000000055,11.75,0.3948936170213045,15.509999999999764,0.7949709864603556,4.9699999999998,6.848999999999978,0.348,-1.0,,,12,3,2.0,2025
2025-02-21 12:00:00+00:00|1.0|vol_trans_follow_h1_low_to_high_h12_tp06_sl065,2025-02-21 12:00:00+00:00,STAGE28A,data/reports/stage28a_discovery_factory_batch_runner/stage28a_exact_trades.csv,volatility_transition_v1,vol_trans_follow_h1_low_to_high_h12_tp06_sl065,1.957600000000093,0.9076000000000932,0.2076000000000935,1,1,1,0,0.9076000000000932,30.779999999999745,23.40000000000009,0.5564102564102534,17.309999999999945,0.11900635470825835,6.549999999999727,8.665000000000031,0.764,1.0,,,12,4,2.0,2025
2025-02-24 12:00:00+00:00|-1.0|vol_trans_follow_h1_low_to_high_h12_tp06_sl065,2025-02-24 12:00:00+00:00,STAGE28A,data/reports/stage28a_discovery_factory_batch_runner/stage28a_exact_trades.csv,volatility_transition_v1,vol_trans_follow_h1_low_to_high_h12_tp06_sl065,1.7065000000001418,0.656500000000142,-0.0434999999998577,1,0,1,0,0.656500000000142,6.440000000000055,23.519999999999982,0.15348639455782867,14.259999999999764,0.15848527349227215,5.389999999999873,7.922500000000037,0.556,-1.0,,,12,0,2.0,2025
2025-02-25 12:00:00+00:00|-1.0|vol_trans_follow_h1_low_to_high_h12_tp06_sl065,2025-02-25 12:00:00+00:00,STAGE28A,data/reports/stage28a_discovery_factory_batch_runner/stage28a_exact_trades.csv,volatility_transition_v1,vol_trans_follow_h1_low_to_high_h12_tp06_sl065,1.6935999999999694,0.6435999999999695,-0.0564000000000302,1,0,1,0,0.6435999999999695,35.16000000000031,18.909999999999854,0.6959280803807486,12.91000000000031,0.05654531371030214,4.919999999999618,6.928999999999974,0.316,-1.0,,,12,1,2.0,2025
2025-02-26 12:00:00+00:00|-1.0|vol_trans_follow_h1_low_to_high_h12_tp06_sl065,2025-02-26 12:00:00+00:00,STAGE28A,data/reports/stage28a_discovery_factory_batch_runner/stage28a_exact_trades.csv,volatility_transition_v1,vol_trans_follow_h1_low_to_high_h12_tp06_sl065,2.1438999999999395,1.0938999999999397,0.3938999999999399,1,1,1,0,1.0938999999999397,65.84999999999991,17.43000000000029,0.20998278829602945,15.239999999999782,0.1496062992126137,6.6599999999998545,10.047000000000049,0.92,-1.0,,,12,2,2.0,2025
2025-02-27 12:00:00+00:00|1.0|vol_trans_follow_h1_low_to_high_h12_tp06_sl065,2025-02-27 12:00:00+00:00,STAGE28A,data/reports/stage28a_discovery_factory_batch_runner/stage28a_exact_trades.csv,volatility_transition_v1,vol_trans_follow_h1_low_to_high_h12_tp06_sl065,2.86120000000019,1.81120000000019,1.1112000000001905,1,1,1,0,1.81120000000019,39.42000000000007,24.509999999999764,0.8869849041207667,21.610000000000127,0.2512725590004537,16.390000000000327,7.817500000000064,0.608,1.0,,,12,3,2.0,2025
2025-02-28 12:00:00+00:00|1.0|vol_trans_follow_h1_low_to_high_h12_tp06_sl065,2025-02-28 12:00:00+00:00,STAGE28A,data/reports/stage28a_discovery_factory_batch_runner/stage28a_exact_trades.csv,volatility_transition_v1,vol_trans_follow_h1_low_to_high_h12_tp06_sl065,1.8099999999998544,0.7599999999998546,0.0599999999998548,1,1,1,0,0.7599999999998546,53.149999999999636,28.039999999999964,0.44721825962910056,15.940000000000055,0.04454203262233588,8.480000000000018,8.450999999999999,0.688,1.0,,,12,4,2.0,2025
2025-03-03 12:00:00+00:00|-1.0|vol_trans_follow_h1_low_to_high_h12_tp06_sl065,2025-03-03 12:00:00+00:00,STAGE28A,data/reports/stage28a_discovery_factory_batch_runner/stage28a_exact_trades.csv,volatility_transition_v1,vol_trans_follow_h1_low_to_high_h12_tp06_sl065,-2.6100499999998648,-3.6600499999998646,-4.360049999999864,0,0,0,1,3.6600499999998646,21.38000000000011,21.38000000000011,0.1585594013096284,14.730000000000018,0.30414120841819503,7.220000000000255,8.840499999999997,0.728,-1.0,,,12,0,3.0,2025
2025-03-04 12:00:00+00:00|1.0|vol_trans_follow_h1_low_to_high_h12_tp06_sl065,2025-03-04 12:00:00+00:00,STAGE28A,data/reports/stage28a_discovery_factory_batch_runner/stage28a_exact_trades.csv,volatility_transition_v1,vol_trans_follow_h1_low_to_high_h12_tp06_sl065,-3.3604750000000423,-4.4104750000000426,-5.110475000000042,0,0,0,1,4.4104750000000426,39.940000000000055,11.83999999999969,0.03378378378375394,36.98000000000002,0.6311519740400252,8.809999999999945,8.672000000000025,0.736,1.0,,,12,1,3.0,2025
2025-03-05 12:00:00+00:00|-1.0|vol_trans_follow_h1_low_to_high_h12_tp06_sl065,2025-03-05 12:00:00+00:00,STAGE28A,data/reports/stage28a_discovery_factory_batch_runner/stage28a_exact_trades.csv,volatility_transition_v1,vol_trans_follow_h1_low_to_high_h12_tp06_sl065,1.8502000000002223,0.8002000000002227,0.100200000000223,1,1,1,0,0.8002000000002227,45.84999999999991,16.070000000000164,0.24268823895457692,13.5,0.2125925925925845,9.329999999999927,8.136500000000137,0.552,-1.0,,,12,2,3.0,2025
2025-03-06 12:00:00+00:00|-1.0|vol_trans_follow_h1_low_to_high_h12_tp06_sl065,2025-03-06 12:00:00+00:00,STAGE28A,data/reports/stage28a_discovery_factory_batch_runner/stage28a_exact_trades.csv,volatility_transition_v1,vol_trans_follow_h1_low_to_high_h12_tp06_sl065,-3.2925500000002104,-4.342550000000211,-5.04255000000021,0,0,0,1,4.342550000000211,35.82999999999993,10.510000000000218,0.08658420551858138,31.970000000000255,0.5711604629339887,13.980000000000018,8.158000000000062,0.492,-1.0,,,12,3,3.0,2025
2025-03-07 12:00:00+00:00|-1.0|vol_trans_follow_h1_low_to_high_h12_tp06_sl065,2025-03-07 12:00:00+00:00,STAGE28A,data/reports/stage28a_discovery_factory_batch_runner/stage28a_exact_trades.csv,volatility_transition_v1,vol_trans_follow_h1_low_to_high_h12_tp06_sl065,1.2712000000000443,0.2212000000000444,-0.4787999999999552,1,0,1,0,0.2212000000000444,35.41000000000031,18.309999999999945,0.1982523211359978,16.63000000000011,0.6806975345760454,2.8200000000001637,7.621499999999946,0.228,-1.0,,,12,4,3.0,2025
2025-03-10 12:00:00+00:00|1.0|vol_trans_follow_h1_low_to_high_h12_tp06_sl065,2025-03-10 12:00:00+00:00,STAGE28A,data/reports/stage28a_discovery_factory_batch_runner/stage28a_exact_trades.csv,volatility_transition_v1,vol_trans_follow_h1_low_to_high_h12_tp06_sl065,-3.178799999999774,-4.228799999999774,-4.928799999999773,0,0,0,1,4.228799999999774,7.430000000000291,10.139999999999873,0.0009861932939071404,18.789999999999964,0.4326769558275503,18.75,7.062000000000012,0.096,1.0,,,12,0,3.0,2025
2025-03-11 12:00:00+00:00|1.0|vol_trans_follow_h1_low_to_high_h12_tp06_sl065,2025-03-11 12:00:00+00:00,STAGE28A,data/reports/stage28a_discovery_factory_batch_runner/stage28a_exact_trades.csv,volatility_transition_v1,vol_trans_follow_h1_low_to_high_h12_tp06_sl065,1.4470000000000254,0.3970000000000255,-0.3029999999999742,1,0,1,0,0.3970000000000255,38.289999999999964,20.169999999999618,0.4615765989092772,21.789999999999964,0.6608536025699915,3.75,7.462999999999897,0.216,1.0,,,12,1,3.0,2025
2025-03-12 12:00:00+00:00|-1.0|vol_trans_follow_h1_low_to_high_h12_tp06_sl065,2025-03-12 12:00:00+00:00,STAGE28A,data/reports/stage28a_discovery_factory_batch_runner/stage28a_exact_trades.csv,volatility_transition_v1,vol_trans_follow_h1_low_to_high_h12_tp06_sl065,1.7865999999998166,0.7365999999998167,0.036599999999817,1,1,1,0,0.7365999999998167,41.909999999999854,9.090000000000146,0.10121012101205756,16.450000000000273,0.043161094224925506,11.730000000000018,5.618999999999983,0.024,-1.0,,,12,2,3.0,2025
2025-03-13 12:00:00+00:00|1.0|vol_trans_follow_h1_low_to_high_h12_tp06_sl065,2025-03-13 12:00:00+00:00,STAGE28A,data/reports/stage28a_discovery_factory_batch_runner/stage28a_exact_trades.csv,volatility_transition_v1,vol_trans_follow_h1_low_to_high_h12_tp06_sl065,1.5772000000000843,0.5272000000000845,-0.1727999999999152,1,0,1,0,0.5272000000000845,34.40000000000009,14.309999999999945,0.8315863032844261,15.86999999999989,0.043478260869568956,7.820000000000164,5.791999999999985,0.048,1.0,,,12,3,3.0,2025
2025-03-14 12:00:00+00:00|1.0|vol_trans_follow_h1_low_to_high_h12_tp06_sl065,2025-03-14 12:00:00+00:00,STAGE28A,data/reports/stage28a_discovery_factory_batch_runner/stage28a_exact_trades.csv,volatility_transition_v1,vol_trans_follow_h1_low_to_high_h12_tp06_sl065,-2.5063750000000256,-3.5563750000000254,-4.256375000000025,0,0,0,1,3.5563750000000254,56.50999999999976,12.150000000000091,0.27160493827158044,24.0,0.32583333333334014,6.789999999999964,7.393499999999972,0.332,1.0,,,12,4,3.0,2025
2025-03-17 12:00:00+00:00|1.0|vol_trans_follow_h1_low_to_high_h12_tp06_sl065,2025-03-17 12:00:00+00:00,STAGE28A,data/reports/stage28a_discovery_factory_batch_runner/stage28a_exact_trades.csv,volatility_transition_v1,vol_trans_follow_h1_low_to_high_h12_tp06_sl065,-1.953874999999789,-3.003874999999789,-3.7038749999997886,0,0,0,0,3.003874999999789,10.909999999999854,11.659999999999854,0.14493996569468917,17.420000000000073,0.9466130884041167,9.199999999999818,5.64699999999998,0.044,1.0,,,12,0,3.0,2025
2025-03-18 12:00:00+00:00|-1.0|vol_trans_follow_h1_low_to_high_h12_tp06_sl065,2025-03-18 12:00:00+00:00,STAGE28A,data/reports/stage28a_discovery_factory_batch_runner/stage28a_exact_trades.csv,volatility_transition_v1,vol_trans_follow_h1_low_to_high_h12_tp06_sl065,2.0781999999998333,1.0281999999998337,0.3281999999998337,1,1,1,0,1.0281999999998337,20.670000000000073,17.58999999999969,0.8095508811824919,22.340000000000146,0.4185317815577372,10.389999999999873,6.042499999999995,0.184,-1.0,,,12,1,3.0,2025
2025-03-19 12:00:00+00:00|1.0|vol_trans_follow_h1_low_to_high_h12_tp06_sl065,2025-03-19 12:00:00+00:00,STAGE28A,data/reports/stage28a_discovery_factory_batch_runner/stage28a_exact_trades.csv,volatility_transition_v1,vol_trans_follow_h1_low_to_high_h12_tp06_sl065,2.1573999999999613,1.1073999999999615,0.4073999999999618,1,1,1,0,1.1073999999999615,38.73999999999978,11.580000000000382,0.2573402417961934,22.529999999999745,0.08521970705726119,8.319999999999709,5.871499999999992,0.168,1.0,,,12,2,3.0,2025
2025-03-20 12:00:00+00:00|-1.0|vol_trans_follow_h1_low_to_high_h12_tp06_sl065,2025-03-20 12:00:00+00:00,STAGE28A,data/reports/stage28a_discovery_factory_batch_runner/stage28a_exact_trades.csv,volatility_transition_v1,vol_trans_follow_h1_low_to_high_h12_tp06_sl065,-2.7202250000001187,-3.7702250000001194,-4.470225000000118,0,0,0,1,3.7702250000001194,29.179999999999836,12.38000000000011,0.4491114701130773,28.149999999999636,0.6600355239786916,5.620000000000346,6.7690000000000285,0.412,-1.0,,,12,3,3.0,2025
2025-03-24 12:00:00+00:00|-1.0|vol_trans_follow_h1_low_to_high_h12_tp06_sl065,2025-03-24 12:00:00+00:00,STAGE28A,data/reports/stage28a_discovery_factory_batch_runner/stage28a_exact_trades.csv,volatility_transition_v1,vol_trans_follow_h1_low_to_high_h12_tp06_sl065,1.535200000000168,0.4852000000001681,-0.2147999999998315,1,0,1,0,0.4852000000001681,5.869999999999891,12.66000000000031,0.09794628751976352,15.970000000000255,0.5453976205385033,8.33999999999969,6.266500000000019,0.34,-1.0,,,12,0,3.0,2025
2025-03-25 12:00:00+00:00|1.0|vol_trans_follow_h1_low_to_high_h12_tp06_sl065,2025-03-25 12:00:00+00:00,STAGE28A,data/reports/stage28a_discovery_factory_batch_runner/stage28a_exact_trades.csv,volatility_transition_v1,vol_trans_follow_h1_low_to_high_h12_tp06_sl065,-2.208024999999998,-3.2580249999999977,-3.9580249999999975,0,0,0,1,3.2580249999999977,30.789999999999964,8.889999999999873,0.4915635545556753,14.550000000000182,0.5862542955326212,4.4900000000002365,6.138500000000045,0.312,1.0,,,12,1,3.0,2025
2025-03-28 12:00:00+00:00|-1.0|vol_trans_follow_h1_low_to_high_h12_tp06_sl065,2025-03-28 12:00:00+00:00,STAGE28A,data/reports/stage28a_discovery_factory_batch_runner/stage28a_exact_trades.csv,volatility_transition_v1,vol_trans_follow_h1_low_to_high_h12_tp06_sl065,2.180799999999999,1.1307999999999994,0.4307999999999996,1,1,1,0,1.1307999999999994,42.07999999999993,23.289999999999964,0.7745813653928721,19.770000000000437,0.018715225088535025,6.460000000000036,7.060000000000059,0.624,-1.0,,,12,4,3.0,2025
2025-03-31 12:00:00+00:00|-1.0|vol_trans_follow_h1_low_to_high_h12_tp06_sl065,2025-03-31 12:00:00+00:00,STAGE28A,data/reports/stage28a_discovery_factory_batch_runner/stage28a_exact_trades.csv,volatility_transition_v1,vol_trans_follow_h1_low_to_high_h12_tp06_sl065,2.6260000000001127,1.5760000000001129,0.8760000000001131,1,1,1,0,1.5760000000001129,12.38000000000011,34.820000000000164,0.49109707064904734,22.2199999999998,0.3510351035103419,6.220000000000255,9.962000000000035,0.984,-1.0,,,12,0,3.0,2025
2025-04-01 12:00:00+00:00|1.0|vol_trans_follow_h1_low_to_high_h12_tp06_sl065,2025-04-01 12:00:00+00:00,STAGE28A,data/reports/stage28a_discovery_factory_batch_runner/stage28a_exact_trades.csv,volatility_transition_v1,vol_trans_follow_h1_low_to_high_h12_tp06_sl065,2.7969999999999344,1.7469999999999346,1.0469999999999349,1,1,1,0,1.7469999999999346,51.42000000000007,27.210000000000036,0.8515251745681582,24.809999999999945,0.5630794034663373,9.209999999999582,9.429499999999916,0.928,1.0,,,12,1,4.0,2025
2025-04-02 12:00:00+00:00|1.0|vol_trans_follow_h1_low_to_high_h12_tp06_sl065,2025-04-02 12:00:00+00:00,STAGE28A,data/reports/stage28a_discovery_factory_batch_runner/stage28a_exact_trades.csv,volatility_transition_v1,vol_trans_follow_h1_low_to_high_h12_tp06_sl065,-3.348450000000048,-4.398450000000048,-5.098450000000048,0,0,0,1,4.398450000000048,48.38000000000011,27.879999999999654,0.5068149210903976,24.329999999999927,0.23386765310316776,10.610000000000127,9.52900000000002,0.912,1.0,,,12,2,4.0,2025
2025-04-03 12:00:00+00:00|1.0|vol_trans_follow_h1_low_to_high_h12_tp06_sl065,2025-04-03 12:00:00+00:00,STAGE28A,data/reports/stage28a_discovery_factory_batch_runner/stage28a_exact_trades.csv,volatility_transition_v1,vol_trans_follow_h1_low_to_high_h12_tp06_sl065,-4.342624999999861,-5.392624999999862,-6.092624999999861,0,0,0,1,5.392624999999862,41.36000000000013,45.86000000000013,0.04513737461839737,33.409999999999854,0.7934750074827995,6.019999999999982,14.436999999999989,0.984,1.0,,,12,3,4.0,2025
2025-04-04 12:00:00+00:00|-1.0|vol_trans_follow_h1_low_to_high_h12_tp06_sl065,2025-04-04 12:00:00+00:00,STAGE28A,data/reports/stage28a_discovery_factory_batch_runner/stage28a_exact_trades.csv,volatility_transition_v1,vol_trans_follow_h1_low_to_high_h12_tp06_sl065,3.1836999999999533,2.133699999999953,1.4336999999999538,1,1,1,0,2.133699999999953,113.61000000000013,29.670000000000073,0.572295247724974,31.329999999999927,0.25247366741143723,15.539999999999964,14.595500000000039,0.9,-1.0,,,12,4,4.0,2025
2025-04-07 12:00:00+00:00|1.0|vol_trans_follow_h1_low_to_high_h12_tp06_sl065,2025-04-07 12:00:00+00:00,STAGE28A,data/reports/stage28a_discovery_factory_batch_runner/stage28a_exact_trades.csv,volatility_transition_v1,vol_trans_follow_h1_low_to_high_h12_tp06_sl065,-7.149324999999953,-8.199324999999954,-8.899324999999953,0,0,0,1,8.199324999999954,31.919999999999618,84.09999999999991,0.11319857312722939,31.210000000000036,0.19801345722524283,17.56999999999971,27.080999999999925,0.972,1.0,,,12,0,4.0,2025
2025-04-08 12:00:00+00:00|1.0|vol_trans_follow_h1_low_to_high_h12_tp06_sl065,2025-04-08 12:00:00+00:00,STAGE28A,data/reports/stage28a_discovery_factory_batch_runner/stage28a_exact_trades.csv,volatility_transition_v1,vol_trans_follow_h1_low_to_high_h12_tp06_sl065,3.0120999999998275,1.962099999999828,1.262099999999828,1,1,1,0,1.962099999999828,99.02999999999975,26.2800000000002,0.3047945205479339,24.710000000000036,0.4900849858356985,7.9699999999998,15.305000000000017,0.744,1.0,,,12,1,4.0,2025
2025-04-09 12:00:00+00:00|1.0|vol_trans_follow_h1_low_to_high_h12_tp06_sl065,2025-04-09 12:00:00+00:00,STAGE28A,data/reports/stage28a_discovery_factory_batch_runner/stage28a_exact_trades.csv,volatility_transition_v1,vol_trans_follow_h1_low_to_high_h12_tp06_sl065,4.4929000000001,3.4429000000001,2.7429000000001,1,1,1,0,3.4429000000001,47.98000000000002,41.13999999999987,0.5486144871171555,52.7800000000002,0.7663887836301566,12.900000000000091,15.397500000000036,0.74,1.0,,,12,2,4.0,2025
2025-04-10 12:00:00+00:00|-1.0|vol_trans_follow_h1_low_to_high_h12_tp06_sl065,2025-04-10 12:00:00+00:00,STAGE28A,data/reports/stage28a_discovery_factory_batch_runner/stage28a_exact_trades.csv,volatility_transition_v1,vol_trans_follow_h1_low_to_high_h12_tp06_sl065,-4.764475000000038,-5.814475000000039,-6.514475000000038,0,0,0,1,5.814475000000039,129.6500000000001,60.11999999999989,0.7538256819693986,29.460000000000036,0.30040733197557207,10.859999999999673,19.59300000000003,0.824,-1.0,,,12,3,4.0,2025
2025-04-11 12:00:00+00:00|1.0|vol_trans_follow_h1_low_to_high_h12_tp06_sl065,2025-04-11 12:00:00+00:00,STAGE28A,data/reports/stage28a_discovery_factory_batch_runner/stage28a_exact_trades.csv,volatility_transition_v1,vol_trans_follow_h1_low_to_high_h12_tp06_sl065,5.777500000000055,4.727500000000054,4.027500000000055,1,1,1,0,4.727500000000054,117.48000000000002,44.58999999999969,0.6503700381251447,42.960000000000036,0.23114525139664405,18.960000000000036,17.047000000000025,0.72,1.0,,,12,4,4.0,2025
2025-04-14 12:00:00+00:00|-1.0|vol_trans_follow_h1_low_to_high_h12_tp06_sl065,2025-04-14 12:00:00+00:00,STAGE28A,data/reports/stage28a_discovery_factory_batch_runner/stage28a_exact_trades.csv,volatility_transition_v1,vol_trans_follow_h1_low_to_high_h12_tp06_sl065,3.2773000000001047,2.227300000000105,1.5273000000001051,1,1,1,0,2.227300000000105,20.509999999999764,36.29999999999973,0.31129476584022775,21.460000000000036,0.39422180801491247,13.379999999999654,12.988500000000045,0.352,-1.0,,,12,0,4.0,2025
2025-04-15 12:00:00+00:00|1.0|vol_trans_follow_h1_low_to_high_h12_tp06_sl065,2025-04-15 12:00:00+00:00,STAGE28A,data/reports/stage28a_discovery_factory_batch_runner/stage28a_exact_trades.csv,volatility_transition_v1,vol_trans_follow_h1_low_to_high_h12_tp06_sl065,-3.1619000000001507,-4.211900000000151,-4.91190000000015,0,0,0,1,4.211900000000151,52.00999999999976,18.799999999999727,0.8563829787234118,15.259999999999764,0.38204456094364464,7.710000000000036,9.019999999999936,0.064,1.0,,,12,1,4.0,2025
2025-04-16 12:00:00+00:00|1.0|vol_trans_follow_h1_low_to_high_h12_tp06_sl065,2025-04-16 12:00:00+00:00,STAGE28A,data/reports/stage28a_discovery_factory_batch_runner/stage28a_exact_trades.csv,volatility_transition_v1,vol_trans_follow_h1_low_to_high_h12_tp06_sl065,-5.442099999999845,-6.492099999999846,-7.192099999999845,0,0,0,1,6.492099999999846,31.389999999999873,51.76000000000022,0.7735703245749574,48.39000000000033,0.4552593511056014,29.170000000000073,11.94849999999999,0.252,1.0,,,12,2,4.0,2025
2025-04-17 12:00:00+00:00|1.0|vol_trans_follow_h1_low_to_high_h12_tp06_sl065,2025-04-17 12:00:00+00:00,STAGE28A,data/reports/stage28a_discovery_factory_batch_runner/stage28a_exact_trades.csv,volatility_transition_v1,vol_trans_follow_h1_low_to_high_h12_tp06_sl065,3.2233000000000174,2.1733000000000176,1.4733000000000178,1,1,1,0,2.1733000000000176,121.34000000000015,36.90000000000009,0.17723577235772214,32.649999999999636,0.7038284839203759,12.059999999999945,13.138499999999976,0.276,1.0,,,12,3,4.0,2025
2025-04-21 12:00:00+00:00|1.0|vol_trans_follow_h1_low_to_high_h12_tp06_sl065,2025-04-21 12:00:00+00:00,STAGE28A,data/reports/stage28a_discovery_factory_batch_runner/stage28a_exact_trades.csv,volatility_transition_v1,vol_trans_follow_h1_low_to_high_h12_tp06_sl065,-3.5210250000001,-4.5710250000001,-5.271025000000099,0,0,0,1,4.5710250000001,24.230000000000018,56.29999999999973,0.6460035523978698,27.25,0.4565137614678919,10.440000000000055,13.979499999999984,0.364,1.0,,,12,0,4.0,2025
2025-04-22 12:00:00+00:00|-1.0|vol_trans_follow_h1_low_to_high_h12_tp06_sl065,2025-04-22 12:00:00+00:00,STAGE28A,data/reports/stage28a_discovery_factory_batch_runner/stage28a_exact_trades.csv,volatility_transition_v1,vol_trans_follow_h1_low_to_high_h12_tp06_sl065,5.889399999999933,4.839399999999932,4.139399999999933,1,1,1,0,4.839399999999932,102.19999999999982,82.3100000000004,0.6886162070222277,56.809999999999945,0.5835240274599564,29.48999999999978,19.012500000000045,0.852,-1.0,,,12,1,4.0,2025
2025-04-23 12:00:00+00:00|1.0|vol_trans_follow_h1_low_to_high_h12_tp06_sl065,2025-04-23 12:00:00+00:00,STAGE28A,data/reports/stage28a_discovery_factory_batch_runner/stage28a_exact_trades.csv,volatility_transition_v1,vol_trans_follow_h1_low_to_high_h12_tp06_sl065,-7.360899999999765,-8.410899999999765,-9.110899999999765,0,0,0,1,8.410899999999765,174.55999999999995,73.46000000000004,0.1497413558399128,57.48999999999978,0.37049921725517937,16.0,26.51699999999994,0.984,1.0,,,12,2,4.0,2025
2025-04-24 12:00:00+00:00|1.0|vol_trans_follow_h1_low_to_high_h12_tp06_sl065,2025-04-24 12:00:00+00:00,STAGE28A,data/reports/stage28a_discovery_factory_batch_runner/stage28a_exact_trades.csv,volatility_transition_v1,vol_trans_follow_h1_low_to_high_h12_tp06_sl065,4.405900000000111,3.3559000000001107,2.655900000000111,1,1,1,0,3.3559000000001107,126.44999999999982,79.0,0.23063291139240252,28.09999999999991,0.312455516014243,14.239999999999782,20.528500000000076,0.78,1.0,,,12,3,4.0,2025
2025-04-25 12:00:00+00:00|-1.0|vol_trans_follow_h1_low_to_high_h12_tp06_sl065,2025-04-25 12:00:00+00:00,STAGE28A,data/reports/stage28a_discovery_factory_batch_runner/stage28a_exact_trades.csv,volatility_transition_v1,vol_trans_follow_h1_low_to_high_h12_tp06_sl065,4.599399999999969,3.549399999999969,2.849399999999969,1,1,1,0,3.549399999999969,79.0,48.029999999999745,0.906516760358123,40.48999999999978,0.7698197085700232,15.950000000000273,17.335500000000003,0.708,-1.0,,,12,4,4.0,2025
2025-04-28 12:00:00+00:00|-1.0|vol_trans_follow_h1_low_to_high_h12_tp06_sl065,2025-04-28 12:00:00+00:00,STAGE28A,data/reports/stage28a_discovery_factory_batch_runner/stage28a_exact_trades.csv,volatility_transition_v1,vol_trans_follow_h1_low_to_high_h12_tp06_sl065,3.514900000000034,2.4649000000000343,1.7649000000000346,1,1,1,0,2.4649000000000343,21.850000000000364,62.68000000000029,0.3162093171665615,26.480000000000018,0.6182024169184245,9.220000000000255,15.984000000000083,0.54,-1.0,,,12,0,4.0,2025
2025-04-29 12:00:00+00:00|-1.0|vol_trans_follow_h1_low_to_high_h12_tp06_sl065,2025-04-29 12:00:00+00:00,STAGE28A,data/reports/stage28a_discovery_factory_batch_runner/stage28a_exact_trades.csv,volatility_transition_v1,vol_trans_follow_h1_low_to_high_h12_tp06_sl065,3.070900000000074,2.0209000000000743,1.3209000000000746,1,1,1,0,2.0209000000000743,84.68000000000029,40.26999999999998,0.5495406009436334,19.720000000000255,0.35699797160242763,13.13000000000011,13.893000000000029,0.352,-1.0,,,12,1,4.0,2025
2025-04-30 12:00:00+00:00|-1.0|vol_trans_follow_h1_low_to_high_h12_tp06_sl065,2025-04-30 12:00:00+00:00,STAGE28A,data/reports/stage28a_discovery_factory_batch_runner/stage28a_exact_trades.csv,volatility_transition_v1,vol_trans_follow_h1_low_to_high_h12_tp06_sl065,3.313300000000163,2.263300000000163,1.5633000000001631,1,1,1,0,2.263300000000163,48.690000000000055,24.269999999999982,0.5937371240214201,39.57999999999993,0.7271349166245528,27.36999999999989,11.81749999999995,0.18,-1.0,,,12,2,4.0,2025
2025-05-01 12:00:00+00:00|1.0|vol_trans_follow_h1_low_to_high_h12_tp06_sl065,2025-05-01 12:00:00+00:00,STAGE28A,data/reports/stage28a_discovery_factory_batch_runner/stage28a_exact_trades.csv,volatility_transition_v1,vol_trans_follow_h1_low_to_high_h12_tp06_sl065,3.0655000000000654,2.0155000000000656,1.3155000000000658,1,1,1,0,2.0155000000000656,60.86999999999989,61.15000000000009,0.7282093213409596,27.449999999999818,0.39744990892533266,6.630000000000109,14.77049999999997,0.48,1.0,,,12,3,5.0,2025
2025-05-02 12:00:00+00:00|-1.0|vol_trans_follow_h1_low_to_high_h12_tp06_sl065,2025-05-02 12:00:00+00:00,STAGE28A,data/reports/stage28a_discovery_factory_batch_runner/stage28a_exact_trades.csv,volatility_transition_v1,vol_trans_follow_h1_low_to_high_h12_tp06_sl065,2.8879000000000814,1.8379000000000816,1.1379000000000818,1,1,1,0,1.8379000000000816,88.20000000000027,31.109999999999673,0.5483767277402805,20.670000000000073,0.49443638122882266,6.319999999999709,11.187499999999977,0.028,-1.0,,,12,4,5.0,2025
2025-05-05 12:00:00+00:00|1.0|vol_trans_follow_h1_low_to_high_h12_tp06_sl065,2025-05-05 12:00:00+00:00,STAGE28A,data/reports/stage28a_discovery_factory_batch_runner/stage28a_exact_trades.csv,volatility_transition_v1,vol_trans_follow_h1_low_to_high_h12_tp06_sl065,-3.863249999999971,-4.913249999999971,-5.6132499999999705,0,0,0,1,4.913249999999971,7.070000000000164,34.75,0.4330935251798483,55.36000000000013,0.9750722543352582,19.800000000000182,13.237000000000103,0.228,1.0,,,12,0,5.0,2025
2025-05-06 12:00:00+00:00|1.0|vol_trans_follow_h1_low_to_high_h12_tp06_sl065,2025-05-06 12:00:00+00:00,STAGE28A,data/reports/stage28a_discovery_factory_batch_runner/stage28a_exact_trades.csv,volatility_transition_v1,vol_trans_follow_h1_low_to_high_h12_tp06_sl065,3.528400000000056,2.478400000000056,1.7784000000000564,1,1,1,0,2.478400000000056,100.18000000000029,63.51999999999998,0.4711901763224157,32.86999999999989,0.6905993306966807,14.449999999999818,14.066500000000042,0.424,1.0,,,12,1,5.0,2025
2025-05-07 12:00:00+00:00|-1.0|vol_trans_follow_h1_low_to_high_h12_tp06_sl065,2025-05-07 12:00:00+00:00,STAGE28A,data/reports/stage28a_discovery_factory_batch_runner/stage28a_exact_trades.csv,volatility_transition_v1,vol_trans_follow_h1_low_to_high_h12_tp06_sl065,3.1228000000000065,2.072800000000006,1.372800000000007,1,1,1,0,2.072800000000006,111.4699999999998,78.80000000000018,0.07398477157360296,27.629999999999654,0.20123054650742,10.269999999999982,19.203500000000055,0.844,-1.0,,,12,2,5.0,2025
2025-05-08 12:00:00+00:00|-1.0|vol_trans_follow_h1_low_to_high_h12_tp06_sl065,2025-05-08 12:00:00+00:00,STAGE28A,data/reports/stage28a_discovery_factory_batch_runner/stage28a_exact_trades.csv,volatility_transition_v1,vol_trans_follow_h1_low_to_high_h12_tp06_sl065,5.226399999999922,4.176399999999921,3.4763999999999218,1,1,1,0,4.176399999999921,78.80000000000018,50.23000000000002,0.5377264582918525,79.16000000000031,0.8227640222334494,7.080000000000382,16.309499999999957,0.672,-1.0,,,12,3,5.0,2025
2025-05-09 12:00:00+00:00|1.0|vol_trans_follow_h1_low_to_high_h12_tp06_sl065,2025-05-09 12:00:00+00:00,STAGE28A,data/reports/stage28a_discovery_factory_batch_runner/stage28a_exact_trades.csv,volatility_transition_v1,vol_trans_follow_h1_low_to_high_h12_tp06_sl065,-4.4726249999999705,-5.522624999999971,-6.2226249999999705,0,0,0,1,5.522624999999971,126.18000000000029,49.309999999999945,0.3214358142364617,24.079999999999927,0.7093023255813945,8.659999999999854,16.97199999999998,0.808,1.0,,,12,4,5.0,2025
2025-05-12 12:00:00+00:00|1.0|vol_trans_follow_h1_low_to_high_h12_tp06_sl065,2025-05-12 12:00:00+00:00,STAGE28A,data/reports/stage28a_discovery_factory_batch_runner/stage28a_exact_trades.csv,volatility_transition_v1,vol_trans_follow_h1_low_to_high_h12_tp06_sl065,-6.490875000000051,-7.540875000000051,-8.24087500000005,0,0,0,1,7.540875000000051,44.57999999999993,52.61999999999989,0.20600532117066073,70.42999999999984,0.9747266789720325,13.63000000000011,18.930000000000042,0.94,1.0,,,12,0,5.0,2025
2025-05-13 12:00:00+00:00|-1.0|vol_trans_follow_h1_low_to_high_h12_tp06_sl065,2025-05-13 12:00:00+00:00,STAGE28A,data/reports/stage28a_discovery_factory_batch_runner/stage28a_exact_trades.csv,volatility_transition_v1,vol_trans_follow_h1_low_to_high_h12_tp06_sl065,-4.147300000000177,-5.197300000000178,-5.897300000000177,0,0,0,1,5.197300000000178,103.59999999999991,27.399999999999636,0.1021897810219058,30.669999999999618,0.5441799804369176,10.659999999999854,12.40349999999994,0.18,-1.0,,,12,1,5.0,2025
2025-05-14 12:00:00+00:00|-1.0|vol_trans_follow_h1_low_to_high_h12_tp06_sl065,2025-05-14 12:00:00+00:00,STAGE28A,data/reports/stage28a_discovery_factory_batch_runner/stage28a_exact_trades.csv,volatility_transition_v1,vol_trans_follow_h1_low_to_high_h12_tp06_sl065,-4.140800000000217,-5.190800000000218,-5.890800000000217,0,0,0,1,5.190800000000218,49.629999999999654,30.800000000000182,0.849025974025972,22.360000000000127,0.1797853309481198,13.360000000000127,10.652999999999997,0.056,-1.0,,,12,2,5.0,2025
2025-05-15 12:00:00+00:00|1.0|vol_trans_follow_h1_low_to_high_h12_tp06_sl065,2025-05-15 12:00:00+00:00,STAGE28A,data/reports/stage28a_discovery_factory_batch_runner/stage28a_exact_trades.csv,volatility_transition_v1,vol_trans_follow_h1_low_to_high_h12_tp06_sl065,-6.365100000000075,-7.415100000000075,-8.115100000000075,0,0,0,1,7.415100000000075,88.99000000000024,44.320000000000164,0.7274368231046958,50.940000000000055,0.290341578327443,25.139999999999873,15.043000000000097,0.604,1.0,,,12,3,5.0,2025
2025-05-16 12:00:00+00:00|-1.0|vol_trans_follow_h1_low_to_high_h12_tp06_sl065,2025-05-16 12:00:00+00:00,STAGE28A,data/reports/stage28a_discovery_factory_batch_runner/stage28a_exact_trades.csv,volatility_transition_v1,vol_trans_follow_h1_low_to_high_h12_tp06_sl065,-5.043975000000136,-6.093975000000137,-6.793975000000136,0,0,0,1,6.093975000000137,131.69000000000005,45.57999999999993,0.8600263273365585,35.88000000000011,0.07413600891861333,13.659999999999854,13.450999999999931,0.4,-1.0,,,12,4,5.0,2025
2025-05-19 12:00:00+00:00|1.0|vol_trans_follow_h1_low_to_high_h12_tp06_sl065,2025-05-19 12:00:00+00:00,STAGE28A,data/reports/stage28a_discovery_factory_batch_runner/stage28a_exact_trades.csv,volatility_transition_v1,vol_trans_follow_h1_low_to_high_h12_tp06_sl065,3.043000000000029,1.9930000000000287,1.2930000000000297,1,1,1,0,1.9930000000000287,34.039999999999964,43.0,0.6297674418604634,40.88999999999987,0.7282954267547149,14.83999999999969,16.026999999999997,0.676,1.0,,,12,0,5.0,2025
2025-05-20 12:00:00+00:00|1.0|vol_trans_follow_h1_low_to_high_h12_tp06_sl065,2025-05-20 12:00:00+00:00,STAGE28A,data/reports/stage28a_discovery_factory_batch_runner/stage28a_exact_trades.csv,volatility_transition_v1,vol_trans_follow_h1_low_to_high_h12_tp06_sl065,3.030099999999857,1.9800999999998568,1.280099999999857,1,1,1,0,1.9800999999998568,43.039999999999964,28.140000000000327,0.5501066098080805,31.31999999999971,0.7962962962963054,17.4699999999998,10.606999999999994,0.076,1.0,,,12,1,5.0,2025
2025-05-21 12:00:00+00:00|-1.0|vol_trans_follow_h1_low_to_high_h12_tp06_sl065,2025-05-21 12:00:00+00:00,STAGE28A,data/reports/stage28a_discovery_factory_batch_runner/stage28a_exact_trades.csv,volatility_transition_v1,vol_trans_follow_h1_low_to_high_h12_tp06_sl065,-4.092699999999786,-5.142699999999786,-5.842699999999786,0,0,0,1,5.142699999999786,92.44000000000005,29.09999999999991,0.3731958762886497,22.159999999999854,0.26579422382673135,8.289999999999964,13.031999999999925,0.316,-1.0,,,12,2,5.0,2025
2025-05-22 12:00:00+00:00|-1.0|vol_trans_follow_h1_low_to_high_h12_tp06_sl065,2025-05-22 12:00:00+00:00,STAGE28A,data/reports/stage28a_discovery_factory_batch_runner/stage28a_exact_trades.csv,volatility_transition_v1,vol_trans_follow_h1_low_to_high_h12_tp06_sl065,2.6788000000000465,1.6288000000000469,0.9288000000000468,1,1,1,0,1.6288000000000469,39.2800000000002,29.789999999999964,0.5877811346089219,35.23999999999978,0.8688989784336004,19.639999999999873,10.45649999999996,0.092,-1.0,,,12,3,5.0,2025
2025-05-23 12:00:00+00:00|-1.0|vol_trans_follow_h1_low_to_high_h12_tp06_sl065,2025-05-23 12:00:00+00:00,STAGE28A,data/reports/stage28a_discovery_factory_batch_runner/stage28a_exact_trades.csv,volatility_transition_v1,vol_trans_follow_h1_low_to_high_h12_tp06_sl065,2.5743999999998777,1.524399999999878,0.8243999999998781,1,1,1,0,1.524399999999878,66.07000000000016,21.76000000000022,0.197150735294114,32.4399999999996,0.8187422934648666,6.820000000000164,11.759500000000026,0.24,-1.0,,,12,4,5.0,2025
2025-05-26 12:00:00+00:00|-1.0|vol_trans_follow_h1_low_to_high_h12_tp06_sl065,2025-05-26 12:00:00+00:00,STAGE28A,data/reports/stage28a_discovery_factory_batch_runner/stage28a_exact_trades.csv,volatility_transition_v1,vol_trans_follow_h1_low_to_high_h12_tp06_sl065,2.072199999999975,1.0221999999999754,0.3221999999999756,1,1,1,0,1.0221999999999754,14.840000000000146,25.259999999999764,0.1270783847981024,28.269999999999982,0.6742129465864859,8.539999999999964,9.921500000000037,0.028,-1.0,,,12,0,5.0,2025
2025-05-27 12:00:00+00:00|1.0|vol_trans_follow_h1_low_to_high_h12_tp06_sl065,2025-05-27 12:00:00+00:00,STAGE28A,data/reports/stage28a_discovery_factory_batch_runner/stage28a_exact_trades.csv,volatility_transition_v1,vol_trans_follow_h1_low_to_high_h12_tp06_sl065,-5.437550000000192,-6.487550000000192,-7.187550000000192,0,0,0,1,6.487550000000192,33.23999999999978,18.09999999999991,0.3596685082872816,48.90000000000009,0.9141104294478474,14.230000000000018,8.959500000000048,0.064,1.0,,,12,1,5.0,2025
2025-05-28 12:00:00+00:00|1.0|vol_trans_follow_h1_low_to_high_h12_tp06_sl065,2025-05-28 12:00:00+00:00,STAGE28A,data/reports/stage28a_discovery_factory_batch_runner/stage28a_exact_trades.csv,volatility_transition_v1,vol_trans_follow_h1_low_to_high_h12_tp06_sl065,2.7976000000002386,1.7476000000002387,1.047600000000239,1,1,1,0,1.7476000000002387,64.65999999999985,24.050000000000182,0.22910602910601754,31.070000000000164,0.8464757000321868,8.610000000000127,10.038500000000067,0.16,1.0,,,12,2,5.0,2025
2025-05-29 12:00:00+00:00|-1.0|vol_trans_follow_h1_low_to_high_h12_tp06_sl065,2025-05-29 12:00:00+00:00,STAGE28A,data/reports/stage28a_discovery_factory_batch_runner/stage28a_exact_trades.csv,volatility_transition_v1,vol_trans_follow_h1_low_to_high_h12_tp06_sl065,2.545599999999831,1.4955999999998313,0.7955999999998316,1,1,1,0,1.4955999999998313,48.7199999999998,49.67000000000007,0.2415945238574589,23.240000000000236,0.3222891566265129,11.070000000000164,14.460999999999967,0.792,-1.0,,,12,3,5.0,2025
2025-05-30 12:00:00+00:00|1.0|vol_trans_follow_h1_low_to_high_h12_tp06_sl065,2025-05-30 12:00:00+00:00,STAGE28A,data/reports/stage28a_discovery_factory_batch_runner/stage28a_exact_trades.csv,volatility_transition_v1,vol_trans_follow_h1_low_to_high_h12_tp06_sl065,-4.2470749999998585,-5.297074999999859,-5.9970749999998585,0,0,0,1,5.297074999999859,85.5,31.449999999999818,0.6311605723370437,17.59999999999991,0.06193181818182677,7.5900000000001455,9.810500000000024,0.144,1.0,,,12,4,5.0,2025
2025-06-02 12:00:00+00:00|-1.0|vol_trans_follow_h1_low_to_high_h12_tp06_sl065,2025-06-02 12:00:00+00:00,STAGE28A,data/reports/stage28a_discovery_factory_batch_runner/stage28a_exact_trades.csv,volatility_transition_v1,vol_trans_follow_h1_low_to_high_h12_tp06_sl065,-3.9610749999998007,-5.011074999999801,-5.7110749999998,0,0,0,1,5.011074999999801,19.170000000000073,20.759999999999764,0.2076107899807319,50.04999999999973,0.7880119880119933,6.299999999999727,10.888499999999954,0.388,-1.0,,,12,0,6.0,2025
2025-06-03 12:00:00+00:00|1.0|vol_trans_follow_h1_low_to_high_h12_tp06_sl065,2025-06-03 12:00:00+00:00,STAGE28A,data/reports/stage28a_discovery_factory_batch_runner/stage28a_exact_trades.csv,volatility_transition_v1,vol_trans_follow_h1_low_to_high_h12_tp06_sl065,2.836000000000149,1.7860000000001492,1.0860000000001495,1,1,1,0,1.7860000000001492,94.19000000000005,32.42000000000007,0.8932757557063532,16.5,0.27636363636363304,5.179999999999836,10.201500000000033,0.248,1.0,,,12,1,6.0,2025
2025-06-04 12:00:00+00:00|1.0|vol_trans_follow_h1_low_to_high_h12_tp06_sl065,2025-06-04 12:00:00+00:00,STAGE28A,data/reports/stage28a_discovery_factory_batch_runner/stage28a_exact_trades.csv,volatility_transition_v1,vol_trans_follow_h1_low_to_high_h12_tp06_sl065,2.567500000000018,1.5175000000000185,0.8175000000000185,1,1,1,0,1.5175000000000185,59.320000000000164,26.11999999999989,0.07465543644716027,17.25,0.2179710144927663,12.38000000000011,9.81999999999989,0.216,1.0,,,12,2,6.0,2025
2025-06-05 12:00:00+00:00|1.0|vol_trans_follow_h1_low_to_high_h12_tp06_sl065,2025-06-05 12:00:00+00:00,STAGE28A,data/reports/stage28a_discovery_factory_batch_runner/stage28a_exact_trades.csv,volatility_transition_v1,vol_trans_follow_h1_low_to_high_h12_tp06_sl065,-2.893450000000121,-3.9434500000001207,-4.64345000000012,0,0,0,1,3.9434500000001207,40.88999999999987,15.769999999999982,0.24413443246670347,30.279999999999745,0.6647952443857423,7.190000000000055,8.879500000000007,0.08,1.0,,,12,3,6.0,2025
2025-06-06 12:00:00+00:00|1.0|vol_trans_follow_h1_low_to_high_h12_tp06_sl065,2025-06-06 12:00:00+00:00,STAGE28A,data/reports/stage28a_discovery_factory_batch_runner/stage28a_exact_trades.csv,volatility_transition_v1,vol_trans_follow_h1_low_to_high_h12_tp06_sl065,2.3686000000001517,1.3186000000001514,0.6186000000001517,1,1,1,0,1.3186000000001514,64.22000000000025,18.7199999999998,0.5694444444444671,22.740000000000236,0.5721196130167143,9.269999999999982,10.873000000000047,0.54,1.0,,,12,4,6.0,2025
2025-06-09 12:00:00+00:00|-1.0|vol_trans_follow_h1_low_to_high_h12_tp06_sl065,2025-06-09 12:00:00+00:00,STAGE28A,data/reports/stage28a_discovery_factory_batch_runner/stage28a_exact_trades.csv,volatility_transition_v1,vol_trans_follow_h1_low_to_high_h12_tp06_sl065,1.8151000000001656,0.765100000000166,0.0651000000001662,1,1,1,0,0.765100000000166,11.909999999999854,27.629999999999654,0.1458559536735523,19.210000000000036,0.4122852680895397,5.849999999999909,10.457000000000061,0.488,-1.0,,,12,0,6.0,2025
2025-06-10 12:00:00+00:00|-1.0|vol_trans_follow_h1_low_to_high_h12_tp06_sl065,2025-06-10 12:00:00+00:00,STAGE28A,data/reports/stage28a_discovery_factory_batch_runner/stage28a_exact_trades.csv,volatility_transition_v1,vol_trans_follow_h1_low_to_high_h12_tp06_sl065,-3.692624999999771,-4.742624999999771,-5.4426249999997705,0,0,0,1,4.742624999999771,44.629999999999654,25.990000000000236,0.6167756829549673,31.990000000000236,0.6927164738980977,8.66000000000031,8.759499999999957,0.096,-1.0,,,12,1,6.0,2025
2025-06-11 12:00:00+00:00|-1.0|vol_trans_follow_h1_low_to_high_h12_tp06_sl065,2025-06-11 12:00:00+00:00,STAGE28A,data/reports/stage28a_discovery_factory_batch_runner/stage28a_exact_trades.csv,volatility_transition_v1,vol_trans_follow_h1_low_to_high_h12_tp06_sl065,2.145400000000245,1.0954000000002453,0.3954000000002455,1,1,1,0,1.0954000000002453,47.15000000000009,26.059999999999945,0.5721412125863349,17.140000000000327,0.3302217036172547,4.180000000000291,9.208999999999993,0.18,-1.0,,,12,2,6.0,2025
2025-06-12 12:00:00+00:00|1.0|vol_trans_follow_h1_low_to_high_h12_tp06_sl065,2025-06-12 12:00:00+00:00,STAGE28A,data/reports/stage28a_discovery_factory_batch_runner/stage28a_exact_trades.csv,volatility_transition_v1,vol_trans_follow_h1_low_to_high_h12_tp06_sl065,-4.205799999999817,-5.255799999999818,-5.955799999999817,0,0,0,1,5.255799999999818,54.10999999999967,21.41000000000031,0.20597851471274128,37.07999999999993,0.21467098166127432,14.6899999999996,12.784500000000026,0.916,1.0,,,12,3,6.0,2025
2025-06-13 12:00:00+00:00|1.0|vol_trans_follow_h1_low_to_high_h12_tp06_sl065,2025-06-13 12:00:00+00:00,STAGE28A,data/reports/stage28a_discovery_factory_batch_runner/stage28a_exact_trades.csv,volatility_transition_v1,vol_trans_follow_h1_low_to_high_h12_tp06_sl065,-4.258124999999927,-5.308124999999928,-6.008124999999927,0,0,0,1,5.308124999999928,60.320000000000164,64.65000000000009,0.6521268368136086,22.43000000000029,0.05840392331698299,11.7199999999998,12.736000000000013,0.916,1.0,,,12,4,6.0,2025
2025-06-16 12:00:00+00:00|1.0|vol_trans_follow_h1_low_to_high_h12_tp06_sl065,2025-06-16 12:00:00+00:00,STAGE28A,data/reports/stage28a_discovery_factory_batch_runner/stage28a_exact_trades.csv,volatility_transition_v1,vol_trans_follow_h1_low_to_high_h12_tp06_sl065,-4.002674999999817,-5.052674999999818,-5.752674999999817,0,0,0,1,5.052674999999818,20.269999999999982,23.529999999999745,0.7178070548236317,23.769999999999982,0.8199411022296927,8.63000000000011,10.975999999999999,0.52,1.0,,,12,0,6.0,2025
2025-06-17 12:00:00+00:00|-1.0|vol_trans_follow_h1_low_to_high_h12_tp06_sl065,2025-06-17 12:00:00+00:00,STAGE28A,data/reports/stage28a_discovery_factory_batch_runner/stage28a_exact_trades.csv,volatility_transition_v1,vol_trans_follow_h1_low_to_high_h12_tp06_sl065,2.4084999999999126,1.3584999999999128,0.658499999999913,1,1,1,0,1.3584999999999128,70.05999999999995,29.539999999999964,0.2599864590386019,20.360000000000127,0.10559921414538691,10.7800000000002,10.967500000000063,0.532,-1.0,,,12,1,6.0,2025
2025-06-18 12:00:00+00:00|-1.0|vol_trans_follow_h1_low_to_high_h12_tp06_sl065,2025-06-18 12:00:00+00:00,STAGE28A,data/reports/stage28a_discovery_factory_batch_runner/stage28a_exact_trades.csv,volatility_transition_v1,vol_trans_follow_h1_low_to_high_h12_tp06_sl065,-3.02995000000019,-4.07995000000019,-4.7799500000001895,0,0,0,1,4.07995000000019,37.070000000000164,25.65000000000009,0.08109161793372008,24.519999999999982,0.5236541598695006,5.839999999999691,9.612500000000022,0.272,-1.0,,,12,2,6.0,2025
2025-06-19 12:00:00+00:00|1.0|vol_trans_follow_h1_low_to_high_h12_tp06_sl065,2025-06-19 12:00:00+00:00,STAGE28A,data/reports/stage28a_discovery_factory_batch_runner/stage28a_exact_trades.csv,volatility_transition_v1,vol_trans_follow_h1_low_to_high_h12_tp06_sl065,-4.214900000000034,-5.2649000000000346,-5.964900000000034,0,0,0,1,5.2649000000000346,37.409999999999854,18.40000000000009,0.08641304347826835,27.670000000000073,0.11962414166967607,9.329999999999927,10.677999999999907,0.496,1.0,,,12,3,6.0,2025
2025-06-20 12:00:00+00:00|1.0|vol_trans_follow_h1_low_to_high_h12_tp06_sl065,2025-06-20 12:00:00+00:00,STAGE28A,data/reports/stage28a_discovery_factory_batch_runner/stage28a_exact_trades.csv,volatility_transition_v1,vol_trans_follow_h1_low_to_high_h12_tp06_sl065,-3.3461749999997665,-4.396174999999767,-5.096174999999766,0,0,0,1,4.396174999999767,40.36000000000013,25.590000000000146,0.3993747557639602,18.860000000000127,0.01590668080592392,5.730000000000018,8.52300000000007,0.084,1.0,,,12,4,6.0,2025
2025-06-23 12:00:00+00:00|1.0|vol_trans_follow_h1_low_to_high_h12_tp06_sl065,2025-06-23 12:00:00+00:00,STAGE28A,data/reports/stage28a_discovery_factory_batch_runner/stage28a_exact_trades.csv,volatility_transition_v1,vol_trans_follow_h1_low_to_high_h12_tp06_sl065,-3.209675000000152,-4.259675000000152,-4.959675000000152,0,0,0,1,4.259675000000152,23.81999999999971,44.409999999999854,0.3560009006980409,21.91000000000031,0.14696485623002073,4.639999999999873,9.675499999999989,0.392,1.0,,,12,0,6.0,2025
2025-06-24 12:00:00+00:00|-1.0|vol_trans_follow_h1_low_to_high_h12_tp06_sl065,2025-06-24 12:00:00+00:00,STAGE28A,data/reports/stage28a_discovery_factory_batch_runner/stage28a_exact_trades.csv,volatility_transition_v1,vol_trans_follow_h1_low_to_high_h12_tp06_sl065,3.261699999999928,2.211699999999928,1.5116999999999283,1,1,1,0,2.211699999999928,49.309999999999945,36.75,0.08408163265306519,37.289999999999964,0.9155269509251784,7.570000000000164,13.613500000000045,0.944,-1.0,,,12,1,6.0,2025
2025-06-25 12:00:00+00:00|-1.0|vol_trans_follow_h1_low_to_high_h12_tp06_sl065,2025-06-25 12:00:00+00:00,STAGE28A,data/reports/stage28a_discovery_factory_batch_runner/stage28a_exact_trades.csv,volatility_transition_v1,vol_trans_follow_h1_low_to_high_h12_tp06_sl065,-2.670174999999836,-3.720174999999836,-4.420174999999835,0,0,0,1,3.720174999999836,74.55999999999995,14.210000000000036,0.4693877551020447,15.5,0.19935483870965748,5.849999999999909,7.374499999999943,0.004,-1.0,,,12,2,6.0,2025
2025-06-26 12:00:00+00:00|1.0|vol_trans_follow_h1_low_to_high_h12_tp06_sl065,2025-06-26 12:00:00+00:00,STAGE28A,data/reports/stage28a_discovery_factory_batch_runner/stage28a_exact_trades.csv,volatility_transition_v1,vol_trans_follow_h1_low_to_high_h12_tp06_sl065,1.7137000000001534,0.6637000000001536,-0.0362999999998461,1,0,1,0,0.6637000000001536,25.09999999999991,13.859999999999673,0.3448773448773675,19.23999999999978,0.12577962577963098,5.779999999999745,7.549000000000047,0.076,1.0,,,12,3,6.0,2025
2025-06-27 12:00:00+00:00|1.0|vol_trans_follow_h1_low_to_high_h12_tp06_sl065,2025-06-27 12:00:00+00:00,STAGE28A,data/reports/stage28a_discovery_factory_batch_runner/stage28a_exact_trades.csv,volatility_transition_v1,vol_trans_follow_h1_low_to_high_h12_tp06_sl065,2.9199999999999817,1.869999999999982,1.1699999999999822,1,1,1,0,1.869999999999982,40.289999999999964,35.63000000000011,0.7605950042099305,19.050000000000182,0.6068241469816187,9.11999999999989,9.298000000000025,0.308,1.0,,,12,4,6.0,2025
2025-06-30 12:00:00+00:00|-1.0|vol_trans_follow_h1_low_to_high_h12_tp06_sl065,2025-06-30 12:00:00+00:00,STAGE28A,data/reports/stage28a_discovery_factory_batch_runner/stage28a_exact_trades.csv,volatility_transition_v1,vol_trans_follow_h1_low_to_high_h12_tp06_sl065,-3.0059000000002016,-4.055900000000202,-4.755900000000201,0,0,0,1,4.055900000000202,33.51999999999998,34.99000000000024,0.43498142326379396,19.809999999999945,0.4437152953054007,8.2199999999998,10.778500000000031,0.688,-1.0,,,12,0,6.0,2025
2025-07-01 12:00:00+00:00|1.0|vol_trans_follow_h1_low_to_high_h12_tp06_sl065,2025-07-01 12:00:00+00:00,STAGE28A,data/reports/stage28a_discovery_factory_batch_runner/stage28a_exact_trades.csv,volatility_transition_v1,vol_trans_follow_h1_low_to_high_h12_tp06_sl065,1.8117999999998573,0.7617999999998575,0.0617999999998577,1,1,1,0,0.7617999999998575,63.93000000000029,20.279999999999745,0.4817554240631215,29.08999999999969,0.8446201443795108,5.430000000000291,7.371000000000049,0.064,1.0,,,12,1,7.0,2025
2025-07-02 12:00:00+00:00|-1.0|vol_trans_follow_h1_low_to_high_h12_tp06_sl065,2025-07-02 12:00:00+00:00,STAGE28A,data/reports/stage28a_discovery_factory_batch_runner/stage28a_exact_trades.csv,volatility_transition_v1,vol_trans_follow_h1_low_to_high_h12_tp06_sl065,1.7647000000000843,0.7147000000000845,0.0147000000000847,1,1,1,0,0.7147000000000845,55.48999999999978,16.179999999999836,0.10074165636589157,16.269999999999982,0.10571604179472997,4.989999999999782,7.049499999999989,0.068,-1.0,,,12,2,7.0,2025
2025-07-03 12:00:00+00:00|1.0|vol_trans_follow_h1_low_to_high_h12_tp06_sl065,2025-07-03 12:00:00+00:00,STAGE28A,data/reports/stage28a_discovery_factory_batch_runner/stage28a_exact_trades.csv,volatility_transition_v1,vol_trans_follow_h1_low_to_high_h12_tp06_sl065,1.7760999999999512,0.7260999999999513,0.0260999999999516,1,1,1,0,0.7260999999999513,34.559999999999945,23.829999999999927,0.607217792698292,19.84999999999991,0.10277078085642181,6.609999999999673,7.583499999999935,0.224,1.0,,,12,3,7.0,2025
2025-07-04 12:00:00+00:00|-1.0|vol_trans_follow_h1_low_to_high_h12_tp06_sl065,2025-07-04 12:00:00+00:00,STAGE28A,data/reports/stage28a_discovery_factory_batch_runner/stage28a_exact_trades.csv,volatility_transition_v1,vol_trans_follow_h1_low_to_high_h12_tp06_sl065,-2.193074999999772,-3.2430749999997714,-3.943074999999771,0,0,0,1,3.2430749999997714,54.36999999999989,15.200000000000273,0.6059210526315705,12.009999999999764,0.32556203164029407,3.2899999999999636,6.361000000000035,0.02,-1.0,,,12,4,7.0,2025
2025-07-07 12:00:00+00:00|1.0|vol_trans_follow_h1_low_to_high_h12_tp06_sl065,2025-07-07 12:00:00+00:00,STAGE28A,data/reports/stage28a_discovery_factory_batch_runner/stage28a_exact_trades.csv,volatility_transition_v1,vol_trans_follow_h1_low_to_high_h12_tp06_sl065,-3.2519250000001194,-4.30192500000012,-5.001925000000119,0,0,0,1,4.30192500000012,10.329999999999927,36.67000000000007,0.6152167984728634,14.470000000000255,0.13407049067032245,11.470000000000255,8.189999999999964,0.468,1.0,,,12,0,7.0,2025
2025-07-08 12:00:00+00:00|-1.0|vol_trans_follow_h1_low_to_high_h12_tp06_sl065,2025-07-08 12:00:00+00:00,STAGE28A,data/reports/stage28a_discovery_factory_batch_runner/stage28a_exact_trades.csv,volatility_transition_v1,vol_trans_follow_h1_low_to_high_h12_tp06_sl065,-2.657824999999866,-3.707824999999866,-4.407824999999866,0,0,0,1,3.707824999999866,46.31999999999971,16.210000000000036,0.5077112893275756,18.2800000000002,0.5202407002188246,10.61999999999989,6.893499999999994,0.104,-1.0,,,12,1,7.0,2025
2025-07-09 12:00:00+00:00|-1.0|vol_trans_follow_h1_low_to_high_h12_tp06_sl065,2025-07-09 12:00:00+00:00,STAGE28A,data/reports/stage28a_discovery_factory_batch_runner/stage28a_exact_trades.csv,volatility_transition_v1,vol_trans_follow_h1_low_to_high_h12_tp06_sl065,2.1478000000000974,1.0978000000000976,0.3978000000000978,1,1,1,0,1.0978000000000976,58.720000000000255,23.039999999999964,0.36067708333333154,15.109999999999673,0.2766379880873545,9.909999999999854,8.819499999999948,0.692,-1.0,,,12,2,7.0,2025
2025-07-10 12:00:00+00:00|1.0|vol_trans_follow_h1_low_to_high_h12_tp06_sl065,2025-07-10 12:00:00+00:00,STAGE28A,data/reports/stage28a_discovery_factory_batch_runner/stage28a_exact_trades.csv,volatility_transition_v1,vol_trans_follow_h1_low_to_high_h12_tp06_sl065,1.562499999999909,0.5124999999999091,-0.1875000000000906,1,0,1,0,0.5124999999999091,37.20999999999958,12.9699999999998,0.29452582883575695,15.36999999999989,0.698113207547176,10.199999999999818,7.044999999999982,0.14,1.0,,,12,3,7.0,2025
2025-07-11 12:00:00+00:00|-1.0|vol_trans_follow_h1_low_to_high_h12_tp06_sl065,2025-07-11 12:00:00+00:00,STAGE28A,data/reports/stage28a_discovery_factory_batch_runner/stage28a_exact_trades.csv,volatility_transition_v1,vol_trans_follow_h1_low_to_high_h12_tp06_sl065,-3.1115249999998924,-4.161524999999893,-4.861524999999892,0,0,0,1,4.161524999999893,20.15000000000009,14.420000000000073,0.7302357836338521,14.16000000000031,0.4067796610169557,11.0300000000002,7.511500000000001,0.312,-1.0,,,12,4,7.0,2025
2025-07-14 12:00:00+00:00|-1.0|vol_trans_follow_h1_low_to_high_h12_tp06_sl065,2025-07-14 12:00:00+00:00,STAGE28A,data/reports/stage28a_discovery_factory_batch_runner/stage28a_exact_trades.csv,volatility_transition_v1,vol_trans_follow_h1_low_to_high_h12_tp06_sl065,2.1067000000001825,1.0567000000001827,0.356700000000183,1,1,1,0,1.0567000000001827,11.590000000000146,20.139999999999873,0.6156901688182805,21.2199999999998,0.6291234684260363,7.1599999999998545,8.205000000000018,0.632,-1.0,,,12,0,7.0,2025
2025-07-16 12:00:00+00:00|1.0|vol_trans_follow_h1_low_to_high_h12_tp06_sl065,2025-07-16 12:00:00+00:00,STAGE28A,data/reports/stage28a_discovery_factory_batch_runner/stage28a_exact_trades.csv,volatility_transition_v1,vol_trans_follow_h1_low_to_high_h12_tp06_sl065,1.2240999999998166,0.1740999999998167,-0.525900000000183,1,0,1,0,0.1740999999998167,46.159999999999854,11.390000000000327,0.678665496049148,10.139999999999873,0.5601577909270574,5.070000000000164,7.418499999999949,0.328,1.0,,,12,2,7.0,2025
2025-07-17 12:00:00+00:00|1.0|vol_trans_follow_h1_low_to_high_h12_tp06_sl065,2025-07-17 12:00:00+00:00,STAGE28A,data/reports/stage28a_discovery_factory_batch_runner/stage28a_exact_trades.csv,volatility_transition_v1,vol_trans_follow_h1_low_to_high_h12_tp06_sl065,1.915899999999874,0.8658999999998742,0.1658999999998744,1,1,1,0,0.8658999999998742,57.909999999999854,16.170000000000073,0.5009276437847787,20.009999999999764,0.7901049475262435,6.519999999999982,10.316500000000019,0.98,1.0,,,12,3,7.0,2025
2025-07-22 12:00:00+00:00|1.0|vol_trans_follow_h1_low_to_high_h12_tp06_sl065,2025-07-22 12:00:00+00:00,STAGE28A,data/reports/stage28a_discovery_factory_batch_runner/stage28a_exact_trades.csv,volatility_transition_v1,vol_trans_follow_h1_low_to_high_h12_tp06_sl065,1.1278000000001156,0.0778000000001157,-0.622199999999884,1,0,0,0,0.0778000000001157,56.7199999999998,17.450000000000273,0.38739255014327295,9.409999999999854,0.6992561105207257,3.8700000000003456,6.388499999999999,0.156,1.0,,,12,1,7.0,2025
2025-07-23 12:00:00+00:00|1.0|vol_trans_follow_h1_low_to_high_h12_tp06_sl065,2025-07-23 12:00:00+00:00,STAGE28A,data/reports/stage28a_discovery_factory_batch_runner/stage28a_exact_trades.csv,volatility_transition_v1,vol_trans_follow_h1_low_to_high_h12_tp06_sl065,1.7274999999998726,0.6774999999998728,-0.0225000000001269,1,0,1,0,0.6774999999998728,50.26999999999998,19.579999999999927,0.24463738508682234,17.449999999999818,0.462464183381077,8.109999999999673,7.749999999999932,0.588,1.0,,,12,2,7.0,2025
2025-07-24 12:00:00+00:00|1.0|vol_trans_follow_h1_low_to_high_h12_tp06_sl065,2025-07-24 12:00:00+00:00,STAGE28A,data/reports/stage28a_discovery_factory_batch_runner/stage28a_exact_trades.csv,volatility_transition_v1,vol_trans_follow_h1_low_to_high_h12_tp06_sl065,2.2704999999999926,1.2204999999999928,0.5204999999999931,1,1,1,0,1.2204999999999928,57.620000000000346,18.539999999999964,0.1564185544768121,23.389999999999873,0.8610517315092107,8.830000000000382,8.724999999999955,0.864,1.0,,,12,3,7.0,2025
2025-07-25 12:00:00+00:00|-1.0|vol_trans_follow_h1_low_to_high_h12_tp06_sl065,2025-07-25 12:00:00+00:00,STAGE28A,data/reports/stage28a_discovery_factory_batch_runner/stage28a_exact_trades.csv,volatility_transition_v1,vol_trans_follow_h1_low_to_high_h12_tp06_sl065,-2.729649999999856,-3.779649999999856,-4.479649999999856,0,0,0,1,3.779649999999856,41.970000000000255,14.789999999999964,0.6544962812711197,20.38000000000011,0.6506378802747641,10.789999999999964,6.8559999999999945,0.236,-1.0,,,12,4,7.0,2025
2025-07-28 12:00:00+00:00|1.0|vol_trans_follow_h1_low_to_high_h12_tp06_sl065,2025-07-28 12:00:00+00:00,STAGE28A,data/reports/stage28a_discovery_factory_batch_runner/stage28a_exact_trades.csv,volatility_transition_v1,vol_trans_follow_h1_low_to_high_h12_tp06_sl065,1.6651000000000749,0.615100000000075,-0.0848999999999247,1,0,1,0,0.615100000000075,18.269999999999982,26.029999999999745,0.5220898962735412,12.829999999999927,0.4263445050662378,6.440000000000055,8.323999999999888,0.724,1.0,,,12,0,7.0,2025
2025-07-29 12:00:00+00:00|1.0|vol_trans_follow_h1_low_to_high_h12_tp06_sl065,2025-07-29 12:00:00+00:00,STAGE28A,data/reports/stage28a_discovery_factory_batch_runner/stage28a_exact_trades.csv,volatility_transition_v1,vol_trans_follow_h1_low_to_high_h12_tp06_sl065,-3.164824999999928,-4.214824999999928,-4.914824999999928,0,0,0,1,4.214824999999928,43.44999999999982,13.079999999999927,0.1551987767583912,20.879999999999654,0.5727969348659117,13.2199999999998,7.941999999999939,0.64,1.0,,,12,1,7.0,2025
2025-07-30 12:00:00+00:00|1.0|vol_trans_follow_h1_low_to_high_h12_tp06_sl065,2025-07-30 12:00:00+00:00,STAGE28A,data/reports/stage28a_discovery_factory_batch_runner/stage28a_exact_trades.csv,volatility_transition_v1,vol_trans_follow_h1_low_to_high_h12_tp06_sl065,-2.473874999999771,-3.5238749999997707,-4.2238749999997705,0,0,0,1,3.5238749999997707,26.38000000000011,11.730000000000018,0.06308610400684019,10.860000000000127,0.2651933701657528,5.839999999999691,6.700500000000057,0.212,1.0,,,12,2,7.0,2025
2025-07-31 12:00:00+00:00|1.0|vol_trans_follow_h1_low_to_high_h12_tp06_sl065,2025-07-31 12:00:00+00:00,STAGE28A,data/reports/stage28a_discovery_factory_batch_runner/stage28a_exact_trades.csv,volatility_transition_v1,vol_trans_follow_h1_low_to_high_h12_tp06_sl065,-3.092674999999963,-4.142674999999963,-4.8426749999999625,0,0,0,1,4.142674999999963,65.80000000000018,24.590000000000146,0.6547376982513141,21.06999999999971,0.5495965828191783,11.170000000000073,9.422000000000072,0.916,1.0,,,12,3,7.0,2025
2025-08-01 12:00:00+00:00|1.0|vol_trans_follow_h1_low_to_high_h12_tp06_sl065,2025-08-01 12:00:00+00:00,STAGE28A,data/reports/stage28a_discovery_factory_batch_runner/stage28a_exact_trades.csv,volatility_transition_v1,vol_trans_follow_h1_low_to_high_h12_tp06_sl065,-2.518724999999995,-3.568724999999995,-4.2687249999999946,0,0,0,1,3.568724999999995,40.809999999999945,15.559999999999945,0.23136246786631887,15.069999999999709,0.20570670205709513,9.019999999999982,7.391499999999951,0.448,1.0,,,12,4,8.0,2025
2025-08-04 12:00:00+00:00|1.0|vol_trans_follow_h1_low_to_high_h12_tp06_sl065,2025-08-04 12:00:00+00:00,STAGE28A,data/reports/stage28a_discovery_factory_batch_runner/stage28a_exact_trades.csv,volatility_transition_v1,vol_trans_follow_h1_low_to_high_h12_tp06_sl065,1.777300000000105,0.7273000000001049,0.0273000000001051,1,1,1,0,0.7273000000001049,11.5300000000002,24.079999999999927,0.04734219269104364,10.960000000000036,0.21350364963504906,5.640000000000327,8.285000000000036,0.656,1.0,,,12,0,8.0,2025
2025-08-06 12:00:00+00:00|-1.0|vol_trans_follow_h1_low_to_high_h12_tp06_sl065,2025-08-06 12:00:00+00:00,STAGE28A,data/reports/stage28a_discovery_factory_batch_runner/stage28a_exact_trades.csv,volatility_transition_v1,vol_trans_follow_h1_low_to_high_h12_tp06_sl065,1.621599999999853,0.5715999999998531,-0.1284000000001466,1,0,1,0,0.5715999999998531,40.220000000000255,12.699999999999818,0.4,20.40000000000009,0.7725490196078504,9.740000000000236,6.628500000000008,0.096,-1.0,,,12,2,8.0,2025
2025-08-07 12:00:00+00:00|-1.0|vol_trans_follow_h1_low_to_high_h12_tp06_sl065,2025-08-07 12:00:00+00:00,STAGE28A,data/reports/stage28a_discovery_factory_batch_runner/stage28a_exact_trades.csv,volatility_transition_v1,vol_trans_follow_h1_low_to_high_h12_tp06_sl065,2.6730999999998857,1.623099999999886,0.923099999999886,1,1,1,0,1.623099999999886,27.139999999999873,18.960000000000036,0.3992616033755353,25.840000000000146,0.11803405572754296,23.980000000000018,8.107500000000005,0.624,-1.0,,,12,3,8.0,2025
2025-08-08 12:00:00+00:00|-1.0|vol_trans_follow_h1_low_to_high_h12_tp06_sl065,2025-08-08 12:00:00+00:00,STAGE28A,data/reports/stage28a_discovery_factory_batch_runner/stage28a_exact_trades.csv,volatility_transition_v1,vol_trans_follow_h1_low_to_high_h12_tp06_sl065,2.3926000000000385,1.3426000000000389,0.6426000000000389,1,1,1,0,1.3426000000000389,41.5,27.710000000000036,0.3471670876939689,15.539999999999964,0.30630630630632105,8.490000000000236,10.277999999999974,0.904,-1.0,,,12,4,8.0,2025
2025-08-11 12:00:00+00:00|1.0|vol_trans_follow_h1_low_to_high_h12_tp06_sl065,2025-08-11 12:00:00+00:00,STAGE28A,data/reports/stage28a_discovery_factory_batch_runner/stage28a_exact_trades.csv,volatility_transition_v1,vol_trans_follow_h1_low_to_high_h12_tp06_sl065,2.3448999999999613,1.2948999999999615,0.5948999999999618,1,1,1,0,1.2948999999999615,14.559999999999945,37.40000000000009,0.4558823529411681,27.259999999999764,0.9233308877476263,6.989999999999782,10.867999999999961,0.896,1.0,,,12,0,8.0,2025
2025-08-12 12:00:00+00:00|-1.0|vol_trans_follow_h1_low_to_high_h12_tp06_sl065,2025-08-12 12:00:00+00:00,STAGE28A,data/reports/stage28a_discovery_factory_batch_runner/stage28a_exact_trades.csv,volatility_transition_v1,vol_trans_follow_h1_low_to_high_h12_tp06_sl065,2.3992000000002007,1.349200000000201,0.6492000000002012,1,1,1,0,1.349200000000201,64.0300000000002,15.070000000000164,0.16323822163238286,15.83999999999969,0.24368686868688147,10.230000000000018,8.98599999999999,0.592,-1.0,,,12,1,8.0,2025
2025-08-13 12:00:00+00:00|1.0|vol_trans_follow_h1_low_to_high_h12_tp06_sl065,2025-08-13 12:00:00+00:00,STAGE28A,data/reports/stage28a_discovery_factory_batch_runner/stage28a_exact_trades.csv,volatility_transition_v1,vol_trans_follow_h1_low_to_high_h12_tp06_sl065,1.817199999999866,0.7671999999998662,0.0671999999998664,1,1,1,0,0.7671999999998662,28.0300000000002,11.659999999999854,0.07375643224701013,21.079999999999927,0.7191650853890115,10.559999999999945,7.5870000000000575,0.304,1.0,,,12,2,8.0,2025
2025-08-14 12:00:00+00:00|1.0|vol_trans_follow_h1_low_to_high_h12_tp06_sl065,2025-08-14 12:00:00+00:00,STAGE28A,data/reports/stage28a_discovery_factory_batch_runner/stage28a_exact_trades.csv,volatility_transition_v1,vol_trans_follow_h1_low_to_high_h12_tp06_sl065,-3.3039249999997997,-4.3539249999998,-5.053924999999799,0,0,0,1,4.3539249999998,28.230000000000018,19.61999999999989,0.1432212028542284,24.98999999999978,0.16966786714686968,8.769999999999982,7.435999999999967,0.32,1.0,,,12,3,8.0,2025
2025-08-18 12:00:00+00:00|-1.0|vol_trans_follow_h1_low_to_high_h12_tp06_sl065,2025-08-18 12:00:00+00:00,STAGE28A,data/reports/stage28a_discovery_factory_batch_runner/stage28a_exact_trades.csv,volatility_transition_v1,vol_trans_follow_h1_low_to_high_h12_tp06_sl065,1.7260000000000215,0.6760000000000219,-0.0239999999999778,1,0,1,0,0.6760000000000219,6.019999999999982,28.190000000000055,0.4522880454061715,13.799999999999727,0.07608695652172086,5.339999999999691,7.390500000000043,0.38,-1.0,,,12,0,8.0,2025
2025-08-25 12:00:00+00:00|-1.0|vol_trans_follow_h1_low_to_high_h12_tp06_sl065,2025-08-25 12:00:00+00:00,STAGE28A,data/reports/stage28a_discovery_factory_batch_runner/stage28a_exact_trades.csv,volatility_transition_v1,vol_trans_follow_h1_low_to_high_h12_tp06_sl065,-1.6799000000001798,-2.72990000000018,-3.42990000000018,0,0,0,0,2.72990000000018,6.210000000000036,12.260000000000218,0.0016313213703084382,8.019999999999982,0.02369077306733853,3.4899999999997817,6.99350000000004,0.512,-1.0,,,12,0,8.0,2025
2025-08-26 12:00:00+00:00|-1.0|vol_trans_follow_h1_low_to_high_h12_tp06_sl065,2025-08-26 12:00:00+00:00,STAGE28A,data/reports/stage28a_discovery_factory_batch_runner/stage28a_exact_trades.csv,volatility_transition_v1,vol_trans_follow_h1_low_to_high_h12_tp06_sl065,1.789599999999973,0.7395999999999732,0.0395999999999734,1,1,1,0,0.7395999999999732,16.389999999999873,35.129999999999654,0.22687161969826014,12.58999999999969,0.030182684670346602,4.389999999999873,8.015499999999998,0.816,-1.0,,,12,1,8.0,2025
2025-09-01 12:00:00+00:00|-1.0|vol_trans_follow_h1_low_to_high_h12_tp06_sl065,2025-09-01 12:00:00+00:00,STAGE28A,data/reports/stage28a_discovery_factory_batch_runner/stage28a_exact_trades.csv,volatility_transition_v1,vol_trans_follow_h1_low_to_high_h12_tp06_sl065,2.709099999999944,1.659099999999944,0.9590999999999444,1,1,1,0,1.659099999999944,10.070000000000164,48.98000000000002,0.49407921600653865,22.579999999999927,0.22630646589903206,5.260000000000218,10.667500000000041,0.988,-1.0,,,12,0,9.0,2025
2025-09-02 12:00:00+00:00|1.0|vol_trans_follow_h1_low_to_high_h12_tp06_sl065,2025-09-02 12:00:00+00:00,STAGE28A,data/reports/stage28a_discovery_factory_batch_runner/stage28a_exact_trades.csv,volatility_transition_v1,vol_trans_follow_h1_low_to_high_h12_tp06_sl065,2.6514999999998508,1.601499999999851,0.9014999999998512,1,1,1,0,1.601499999999851,52.74000000000024,34.159999999999854,0.5793325526932098,28.289999999999964,0.6564156945917191,11.11999999999989,8.394000000000005,0.884,1.0,,,12,1,9.0,2025
2025-09-03 12:00:00+00:00|1.0|vol_trans_follow_h1_low_to_high_h12_tp06_sl065,2025-09-03 12:00:00+00:00,STAGE28A,data/reports/stage28a_discovery_factory_batch_runner/stage28a_exact_trades.csv,volatility_transition_v1,vol_trans_follow_h1_low_to_high_h12_tp06_sl065,-2.8781749999999198,-3.928174999999919,-4.628174999999919,0,0,0,1,3.928174999999919,70.11000000000013,20.48999999999978,0.07369448511467934,14.86999999999989,0.24277067921991619,7.460000000000036,10.099500000000035,0.876,1.0,,,12,2,9.0,2025
2025-09-04 12:00:00+00:00|1.0|vol_trans_follow_h1_low_to_high_h12_tp06_sl065,2025-09-04 12:00:00+00:00,STAGE28A,data/reports/stage28a_discovery_factory_batch_runner/stage28a_exact_trades.csv,volatility_transition_v1,vol_trans_follow_h1_low_to_high_h12_tp06_sl065,-3.407600000000093,-4.4576000000000935,-5.157600000000093,0,0,0,1,4.4576000000000935,52.10999999999967,52.7800000000002,0.6220159151193596,20.90000000000009,0.44928229665073144,8.120000000000346,11.228000000000065,0.96,1.0,,,12,3,9.0,2025
2025-09-05 12:00:00+00:00|-1.0|vol_trans_follow_h1_low_to_high_h12_tp06_sl065,2025-09-05 12:00:00+00:00,STAGE28A,data/reports/stage28a_discovery_factory_batch_runner/stage28a_exact_trades.csv,volatility_transition_v1,vol_trans_follow_h1_low_to_high_h12_tp06_sl065,1.698699999999826,0.6486999999998262,-0.0513000000001735,1,0,1,0,0.6486999999998262,52.7800000000002,19.300000000000182,0.9113989637305453,16.36999999999989,0.3671350030543835,5.039999999999964,8.858999999999991,0.632,-1.0,,,12,4,9.0,2025
2025-09-08 12:00:00+00:00|1.0|vol_trans_follow_h1_low_to_high_h12_tp06_sl065,2025-09-08 12:00:00+00:00,STAGE28A,data/reports/stage28a_discovery_factory_batch_runner/stage28a_exact_trades.csv,volatility_transition_v1,vol_trans_follow_h1_low_to_high_h12_tp06_sl065,-3.309449999999833,-4.359449999999834,-5.059449999999833,0,0,0,1,4.359449999999834,18.25,18.559999999999945,0.46821120689655604,37.679999999999836,0.8017515923566924,10.159999999999854,10.40600000000004,0.74,1.0,,,12,0,9.0,2025
2025-09-09 12:00:00+00:00|1.0|vol_trans_follow_h1_low_to_high_h12_tp06_sl065,2025-09-09 12:00:00+00:00,STAGE28A,data/reports/stage28a_discovery_factory_batch_runner/stage28a_exact_trades.csv,volatility_transition_v1,vol_trans_follow_h1_low_to_high_h12_tp06_sl065,-4.17654999999977,-5.22654999999977,-5.92654999999977,0,0,0,1,5.22654999999977,67.81999999999971,26.2800000000002,0.6255707762556878,22.7199999999998,0.3371478873239602,8.980000000000018,9.348999999999979,0.564,1.0,,,12,1,9.0,2025
2025-09-10 12:00:00+00:00|1.0|vol_trans_follow_h1_low_to_high_h12_tp06_sl065,2025-09-10 12:00:00+00:00,STAGE28A,data/reports/stage28a_discovery_factory_batch_runner/stage28a_exact_trades.csv,volatility_transition_v1,vol_trans_follow_h1_low_to_high_h12_tp06_sl065,1.9138000000001736,0.863800000000174,0.1638000000001742,1,1,1,0,0.863800000000174,48.75999999999976,21.710000000000036,0.044679871027167126,19.68000000000029,0.9563008130081243,5.539999999999964,10.797500000000037,0.74,1.0,,,12,2,9.0,2025
2025-09-11 12:00:00+00:00|-1.0|vol_trans_follow_h1_low_to_high_h12_tp06_sl065,2025-09-11 12:00:00+00:00,STAGE28A,data/reports/stage28a_discovery_factory_batch_runner/stage28a_exact_trades.csv,volatility_transition_v1,vol_trans_follow_h1_low_to_high_h12_tp06_sl065,-3.439124999999968,-4.489124999999968,-5.189124999999967,0,0,0,1,4.489124999999968,38.68000000000029,19.309999999999945,0.40963231486275903,23.88000000000011,0.43467336683417346,6.25,8.191499999999996,0.268,-1.0,,,12,3,9.0,2025
2025-09-12 12:00:00+00:00|-1.0|vol_trans_follow_h1_low_to_high_h12_tp06_sl065,2025-09-12 12:00:00+00:00,STAGE28A,data/reports/stage28a_discovery_factory_batch_runner/stage28a_exact_trades.csv,volatility_transition_v1,vol_trans_follow_h1_low_to_high_h12_tp06_sl065,-2.746874999999909,-3.796874999999909,-4.496874999999909,0,0,0,1,3.796874999999909,36.26999999999998,22.779999999999745,0.7949956101843867,19.06999999999971,0.3455689564761296,11.549999999999727,7.400999999999954,0.1,-1.0,,,12,4,9.0,2025
2025-09-16 12:00:00+00:00|1.0|vol_trans_follow_h1_low_to_high_h12_tp06_sl065,2025-09-16 12:00:00+00:00,STAGE28A,data/reports/stage28a_discovery_factory_batch_runner/stage28a_exact_trades.csv,volatility_transition_v1,vol_trans_follow_h1_low_to_high_h12_tp06_sl065,1.8495999999999184,0.7995999999999186,0.0995999999999188,1,1,1,0,0.7995999999999186,58.88000000000011,14.720000000000255,0.1555706521739079,18.590000000000146,0.9214631522323816,11.090000000000146,8.402500000000009,0.272,1.0,,,12,1,9.0,2025
2025-09-17 12:00:00+00:00|-1.0|vol_trans_follow_h1_low_to_high_h12_tp06_sl065,2025-09-17 12:00:00+00:00,STAGE28A,data/reports/stage28a_discovery_factory_batch_runner/stage28a_exact_trades.csv,volatility_transition_v1,vol_trans_follow_h1_low_to_high_h12_tp06_sl065,2.2065999999998893,1.1565999999998895,0.4565999999998897,1,1,1,0,1.1565999999998895,28.450000000000273,21.039999999999964,0.4857414448669115,23.460000000000036,0.5920716112531906,5.449999999999818,7.278500000000008,0.14,-1.0,,,12,2,9.0,2025
2025-09-18 12:00:00+00:00|1.0|vol_trans_follow_h1_low_to_high_h12_tp06_sl065,2025-09-18 12:00:00+00:00,STAGE28A,data/reports/stage28a_discovery_factory_batch_runner/stage28a_exact_trades.csv,volatility_transition_v1,vol_trans_follow_h1_low_to_high_h12_tp06_sl065,3.098199999999815,2.0481999999998157,1.3481999999998155,1,1,1,0,2.0481999999998157,61.32999999999993,20.0,0.2259999999999991,39.059999999999945,0.33666154633895684,11.919999999999618,13.544000000000029,0.996,1.0,,,12,3,9.0,2025
2025-09-19 12:00:00+00:00|1.0|vol_trans_follow_h1_low_to_high_h12_tp06_sl065,2025-09-19 12:00:00+00:00,STAGE28A,data/reports/stage28a_discovery_factory_batch_runner/stage28a_exact_trades.csv,volatility_transition_v1,vol_trans_follow_h1_low_to_high_h12_tp06_sl065,2.103399999999874,1.0533999999998742,0.3533999999998745,1,1,1,0,1.0533999999998742,45.320000000000164,24.13000000000011,0.551181102362191,17.690000000000055,0.28886376483889836,7.010000000000218,9.244000000000096,0.572,1.0,,,12,4,9.0,2025
2025-09-22 12:00:00+00:00|1.0|vol_trans_follow_h1_low_to_high_h12_tp06_sl065,2025-09-22 12:00:00+00:00,STAGE28A,data/reports/stage28a_discovery_factory_batch_runner/stage28a_exact_trades.csv,volatility_transition_v1,vol_trans_follow_h1_low_to_high_h12_tp06_sl065,2.304399999999896,1.254399999999896,0.5543999999998963,1,1,1,0,1.254399999999896,8.700000000000273,13.7800000000002,0.5079825834542742,36.529999999999745,0.7601970982754074,10.539999999999964,8.703999999999997,0.46,1.0,,,12,0,9.0,2025
2025-09-23 12:00:00+00:00|1.0|vol_trans_follow_h1_low_to_high_h12_tp06_sl065,2025-09-23 12:00:00+00:00,STAGE28A,data/reports/stage28a_discovery_factory_batch_runner/stage28a_exact_trades.csv,volatility_transition_v1,vol_trans_follow_h1_low_to_high_h12_tp06_sl065,-3.6542749999999615,-4.704274999999962,-5.404274999999961,0,0,0,1,4.704274999999962,65.05000000000018,22.389999999999873,0.2880750334970904,48.059999999999945,0.7973366625052062,22.139999999999873,9.718999999999937,0.768,1.0,,,12,1,9.0,2025
2025-09-24 12:00:00+00:00|-1.0|vol_trans_follow_h1_low_to_high_h12_tp06_sl065,2025-09-24 12:00:00+00:00,STAGE28A,data/reports/stage28a_discovery_factory_batch_runner/stage28a_exact_trades.csv,volatility_transition_v1,vol_trans_follow_h1_low_to_high_h12_tp06_sl065,1.9999000000001612,0.9499000000001616,0.2499000000001618,1,1,1,0,0.9499000000001616,54.13000000000011,21.070000000000164,0.0014238253440790275,15.989999999999782,0.18886804252658054,10.640000000000327,11.160500000000024,0.836,-1.0,,,12,2,9.0,2025
2025-09-25 12:00:00+00:00|1.0|vol_trans_follow_h1_low_to_high_h12_tp06_sl065,2025-09-25 12:00:00+00:00,STAGE28A,data/reports/stage28a_discovery_factory_batch_runner/stage28a_exact_trades.csv,volatility_transition_v1,vol_trans_follow_h1_low_to_high_h12_tp06_sl065,-3.694900000000053,-4.744900000000053,-5.444900000000052,0,0,0,1,4.744900000000053,61.67000000000007,22.409999999999854,0.1976796073181758,29.980000000000018,0.6774516344229464,10.519999999999982,10.921500000000014,0.832,1.0,,,12,3,9.0,2025
2025-09-26 12:00:00+00:00|1.0|vol_trans_follow_h1_low_to_high_h12_tp06_sl065,2025-09-26 12:00:00+00:00,STAGE28A,data/reports/stage28a_discovery_factory_batch_runner/stage28a_exact_trades.csv,volatility_transition_v1,vol_trans_follow_h1_low_to_high_h12_tp06_sl065,2.245299999999952,1.195299999999952,0.4952999999999523,1,1,1,0,1.195299999999952,39.82999999999993,18.800000000000182,0.17819148936169557,15.920000000000073,0.3762562814070483,8.08999999999969,11.040499999999952,0.764,1.0,,,12,4,9.0,2025
2025-09-29 12:00:00+00:00|1.0|vol_trans_follow_h1_low_to_high_h12_tp06_sl065,2025-09-29 12:00:00+00:00,STAGE28A,data/reports/stage28a_discovery_factory_batch_runner/stage28a_exact_trades.csv,volatility_transition_v1,vol_trans_follow_h1_low_to_high_h12_tp06_sl065,-4.728400000000056,-5.778400000000056,-6.478400000000056,0,0,0,1,5.778400000000056,14.63000000000011,43.039999999999964,0.5534386617100309,27.38000000000011,0.4755295836376892,12.460000000000036,12.924499999999943,0.964,1.0,,,12,0,9.0,2025
2025-09-30 12:00:00+00:00|-1.0|vol_trans_follow_h1_low_to_high_h12_tp06_sl065,2025-09-30 12:00:00+00:00,STAGE28A,data/reports/stage28a_discovery_factory_batch_runner/stage28a_exact_trades.csv,volatility_transition_v1,vol_trans_follow_h1_low_to_high_h12_tp06_sl065,-6.107700000000113,-7.157700000000114,-7.857700000000113,0,0,0,1,7.157700000000114,77.67000000000007,41.659999999999854,0.817330772923675,78.48999999999978,0.8421454962415664,39.54999999999973,11.967499999999996,0.792,-1.0,,,12,1,9.0,2025
2025-10-01 12:00:00+00:00|1.0|vol_trans_follow_h1_low_to_high_h12_tp06_sl065,2025-10-01 12:00:00+00:00,STAGE28A,data/reports/stage28a_discovery_factory_batch_runner/stage28a_exact_trades.csv,volatility_transition_v1,vol_trans_follow_h1_low_to_high_h12_tp06_sl065,-4.159650000000147,-5.209650000000147,-5.909650000000147,0,0,0,1,5.209650000000147,78.48999999999978,21.0,0.0890476190476355,42.070000000000164,0.6467791775612058,16.31999999999971,12.329999999999995,0.744,1.0,,,12,2,10.0,2025
2025-10-02 12:00:00+00:00|1.0|vol_trans_follow_h1_low_to_high_h12_tp06_sl065,2025-10-02 12:00:00+00:00,STAGE28A,data/reports/stage28a_discovery_factory_batch_runner/stage28a_exact_trades.csv,volatility_transition_v1,vol_trans_follow_h1_low_to_high_h12_tp06_sl065,2.5741000000001804,1.5241000000001803,0.8241000000001808,1,1,1,0,1.5241000000001803,42.070000000000164,17.580000000000382,0.24857792946531573,17.940000000000055,0.696209587513921,14.039999999999964,11.076499999999987,0.52,1.0,,,12,3,10.0,2025
2025-10-03 12:00:00+00:00|1.0|vol_trans_follow_h1_low_to_high_h12_tp06_sl065,2025-10-03 12:00:00+00:00,STAGE28A,data/reports/stage28a_discovery_factory_batch_runner/stage28a_exact_trades.csv,volatility_transition_v1,vol_trans_follow_h1_low_to_high_h12_tp06_sl065,2.1579999999998107,1.107999999999811,0.4079999999998112,1,1,1,0,1.107999999999811,77.53999999999996,25.700000000000273,0.5634241245136135,24.0,0.8966666666666848,5.300000000000182,12.970000000000027,0.844,1.0,,,12,4,10.0,2025
2025-10-06 12:00:00+00:00|1.0|vol_trans_follow_h1_low_to_high_h12_tp06_sl065,2025-10-06 12:00:00+00:00,STAGE28A,data/reports/stage28a_discovery_factory_batch_runner/stage28a_exact_trades.csv,volatility_transition_v1,vol_trans_follow_h1_low_to_high_h12_tp06_sl065,-4.984175000000141,-6.0341750000001415,-6.734175000000141,0,0,0,1,6.0341750000001415,17.269999999999982,47.940000000000055,0.6191072173550229,27.0,0.47259259259260067,14.200000000000273,13.529500000000075,0.912,1.0,,,12,0,10.0,2025
2025-10-07 12:00:00+00:00|1.0|vol_trans_follow_h1_low_to_high_h12_tp06_sl065,2025-10-07 12:00:00+00:00,STAGE28A,data/reports/stage28a_discovery_factory_batch_runner/stage28a_exact_trades.csv,volatility_transition_v1,vol_trans_follow_h1_low_to_high_h12_tp06_sl065,-4.553875000000152,-5.603875000000153,-6.303875000000152,0,0,0,1,5.603875000000153,85.76000000000022,21.690000000000055,0.4568925772245405,35.98000000000002,0.5075041689827741,13.11999999999989,12.48399999999997,0.6,1.0,,,12,1,10.0,2025
2025-10-08 12:00:00+00:00|1.0|vol_trans_follow_h1_low_to_high_h12_tp06_sl065,2025-10-08 12:00:00+00:00,STAGE28A,data/reports/stage28a_discovery_factory_batch_runner/stage28a_exact_trades.csv,volatility_transition_v1,vol_trans_follow_h1_low_to_high_h12_tp06_sl065,-3.984799999999814,-5.034799999999814,-5.734799999999813,0,0,0,1,5.034799999999814,50.070000000000164,33.5,0.750447761194026,34.840000000000146,0.9916762342135357,7.190000000000055,11.744500000000084,0.388,1.0,,,12,2,10.0,2025
2025-10-09 12:00:00+00:00|1.0|vol_trans_follow_h1_low_to_high_h12_tp06_sl065,2025-10-09 12:00:00+00:00,STAGE28A,data/reports/stage28a_discovery_factory_batch_runner/stage28a_exact_trades.csv,volatility_transition_v1,vol_trans_follow_h1_low_to_high_h12_tp06_sl065,-3.86845000000003,-4.91845000000003,-5.6184500000000295,0,0,0,1,4.91845000000003,76.17000000000007,39.840000000000146,0.13453815261044447,20.940000000000055,0.5076408787010546,10.029999999999745,16.499500000000012,0.98,1.0,,,12,3,10.0,2025
2025-10-10 12:00:00+00:00|1.0|vol_trans_follow_h1_low_to_high_h12_tp06_sl065,2025-10-10 12:00:00+00:00,STAGE28A,data/reports/stage28a_discovery_factory_batch_runner/stage28a_exact_trades.csv,volatility_transition_v1,vol_trans_follow_h1_low_to_high_h12_tp06_sl065,-5.695275000000128,-6.745275000000129,-7.445275000000128,0,0,0,1,6.745275000000129,113.48000000000002,36.04999999999973,0.3722607489597829,59.940000000000055,0.5652318985652256,24.799999999999727,22.048000000000023,1.0,1.0,,,12,4,10.0,2025
2025-10-13 12:00:00+00:00|1.0|vol_trans_follow_h1_low_to_high_h12_tp06_sl065,2025-10-13 12:00:00+00:00,STAGE28A,data/reports/stage28a_discovery_factory_batch_runner/stage28a_exact_trades.csv,volatility_transition_v1,vol_trans_follow_h1_low_to_high_h12_tp06_sl065,-4.842799999999988,-5.892799999999989,-6.592799999999988,0,0,0,1,5.892799999999989,46.13000000000011,61.30000000000018,0.15595432300162998,28.690000000000055,0.882886023004527,10.11999999999989,22.6355,0.96,1.0,,,12,0,10.0,2025
2025-10-14 12:00:00+00:00|1.0|vol_trans_follow_h1_low_to_high_h12_tp06_sl065,2025-10-14 12:00:00+00:00,STAGE28A,data/reports/stage28a_discovery_factory_batch_runner/stage28a_exact_trades.csv,volatility_transition_v1,vol_trans_follow_h1_low_to_high_h12_tp06_sl065,-10.981075000000237,-12.031075000000238,-12.731075000000237,0,0,0,1,12.031075000000238,117.94000000000051,59.97999999999956,0.8072690896965726,89.0300000000002,0.4022239694485041,20.289999999999964,19.984999999999946,0.892,1.0,,,12,1,10.0,2025
2025-10-15 12:00:00+00:00|1.0|vol_trans_follow_h1_low_to_high_h12_tp06_sl065,2025-10-15 12:00:00+00:00,STAGE28A,data/reports/stage28a_discovery_factory_batch_runner/stage28a_exact_trades.csv,volatility_transition_v1,vol_trans_follow_h1_low_to_high_h12_tp06_sl065,4.2175000000001095,3.167500000000109,2.467500000000109,1,1,1,0,3.167500000000109,89.0300000000002,50.0600000000004,0.5687175389532566,53.57999999999993,0.10246360582308135,10.970000000000255,16.48350000000005,0.648,1.0,,,12,2,10.0,2025
2025-10-16 12:00:00+00:00|1.0|vol_trans_follow_h1_low_to_high_h12_tp06_sl065,2025-10-16 12:00:00+00:00,STAGE28A,data/reports/stage28a_discovery_factory_batch_runner/stage28a_exact_trades.csv,volatility_transition_v1,vol_trans_follow_h1_low_to_high_h12_tp06_sl065,4.35129999999972,3.3012999999997192,2.6012999999997195,1,1,1,0,3.3012999999997192,77.52000000000044,42.5,0.4825882352941014,37.970000000000255,0.15011851461679696,7.430000000000291,15.5525000000001,0.544,1.0,,,12,3,10.0,2025
2025-10-17 12:00:00+00:00|1.0|vol_trans_follow_h1_low_to_high_h12_tp06_sl065,2025-10-17 12:00:00+00:00,STAGE28A,data/reports/stage28a_discovery_factory_batch_runner/stage28a_exact_trades.csv,volatility_transition_v1,vol_trans_follow_h1_low_to_high_h12_tp06_sl065,-10.540700000000106,-11.590700000000108,-12.290700000000106,0,0,0,1,11.590700000000108,151.92999999999938,100.69999999999982,0.19721946375372104,66.96000000000004,0.39575866188769393,28.539999999999964,31.448500000000013,1.0,1.0,,,12,4,10.0,2025
2025-10-20 12:00:00+00:00|1.0|vol_trans_follow_h1_low_to_high_h12_tp06_sl065,2025-10-20 12:00:00+00:00,STAGE28A,data/reports/stage28a_discovery_factory_batch_runner/stage28a_exact_trades.csv,volatility_transition_v1,vol_trans_follow_h1_low_to_high_h12_tp06_sl065,5.823399999999674,4.773399999999674,4.073399999999674,1,1,1,0,4.773399999999674,35.11999999999989,55.51999999999953,0.16264409221903336,46.61000000000058,0.08496030894655819,13.779999999999745,28.580499999999983,0.892,1.0,,,12,0,10.0,2025
2025-10-21 12:00:00+00:00|-1.0|vol_trans_follow_h1_low_to_high_h12_tp06_sl065,2025-10-21 12:00:00+00:00,STAGE28A,data/reports/stage28a_discovery_factory_batch_runner/stage28a_exact_trades.csv,volatility_transition_v1,vol_trans_follow_h1_low_to_high_h12_tp06_sl065,-9.768174999999792,-10.818174999999792,-11.518174999999792,0,0,0,1,10.818174999999792,162.71999999999935,42.36000000000058,0.4952785646836467,102.25,0.796479217603908,57.029999999999745,24.918999999999915,0.84,-1.0,,,12,1,10.0,2025
2025-10-22 12:00:00+00:00|-1.0|vol_trans_follow_h1_low_to_high_h12_tp06_sl065,2025-10-22 12:00:00+00:00,STAGE28A,data/reports/stage28a_discovery_factory_batch_runner/stage28a_exact_trades.csv,volatility_transition_v1,vol_trans_follow_h1_low_to_high_h12_tp06_sl065,-12.23070000000016,-13.28070000000016,-13.98070000000016,0,0,0,1,13.28070000000016,295.0600000000004,138.77999999999975,0.038406110390545735,101.29000000000042,0.5831770164873084,75.79000000000042,40.98450000000005,0.992,-1.0,,,12,2,10.0,2025
2025-10-23 12:00:00+00:00|1.0|vol_trans_follow_h1_low_to_high_h12_tp06_sl065,2025-10-23 12:00:00+00:00,STAGE28A,data/reports/stage28a_discovery_factory_batch_runner/stage28a_exact_trades.csv,volatility_transition_v1,vol_trans_follow_h1_low_to_high_h12_tp06_sl065,-7.995300000000133,-9.045300000000134,-9.745300000000134,0,0,0,1,9.045300000000134,157.02000000000044,50.55000000000018,0.21444114737883493,57.909999999999854,0.5752029010533513,24.11999999999989,28.535500000000003,0.72,1.0,,,12,3,10.0,2025
2025-10-24 12:00:00+00:00|-1.0|vol_trans_follow_h1_low_to_high_h12_tp06_sl065,2025-10-24 12:00:00+00:00,STAGE28A,data/reports/stage28a_discovery_factory_batch_runner/stage28a_exact_trades.csv,volatility_transition_v1,vol_trans_follow_h1_low_to_high_h12_tp06_sl065,6.376000000000113,5.326000000000112,4.626000000000113,1,1,1,0,5.326000000000112,88.6899999999996,38.25,0.15895424836603494,75.71000000000004,0.8109893012812054,30.449999999999818,19.55200000000002,0.3,-1.0,,,12,4,10.0,2025
2025-10-27 12:00:00+00:00|-1.0|vol_trans_follow_h1_low_to_high_h12_tp06_sl065,2025-10-27 12:00:00+00:00,STAGE28A,data/reports/stage28a_discovery_factory_batch_runner/stage28a_exact_trades.csv,volatility_transition_v1,vol_trans_follow_h1_low_to_high_h12_tp06_sl065,5.7447999999998505,4.69479999999985,3.9947999999998505,1,1,1,0,4.69479999999985,47.210000000000036,55.55000000000018,0.6064806480648136,60.00999999999976,0.5222462922846237,20.179999999999836,22.792499999999997,0.472,-1.0,,,12,0,10.0,2025
2025-10-28 12:00:00+00:00|1.0|vol_trans_follow_h1_low_to_high_h12_tp06_sl065,2025-10-28 12:00:00+00:00,STAGE28A,data/reports/stage28a_discovery_factory_batch_runner/stage28a_exact_trades.csv,volatility_transition_v1,vol_trans_follow_h1_low_to_high_h12_tp06_sl065,7.160200000000168,6.110200000000168,5.410200000000168,1,1,1,0,6.110200000000168,137.97000000000025,55.86000000000013,0.19638381668457267,93.62000000000035,0.5054475539414653,24.269999999999982,23.873,0.56,1.0,,,12,1,10.0,2025
2025-10-29 12:00:00+00:00|1.0|vol_trans_follow_h1_low_to_high_h12_tp06_sl065,2025-10-29 12:00:00+00:00,STAGE28A,data/reports/stage28a_discovery_factory_batch_runner/stage28a_exact_trades.csv,volatility_transition_v1,vol_trans_follow_h1_low_to_high_h12_tp06_sl065,5.106099999999879,4.056099999999878,3.356099999999879,1,1,1,0,4.056099999999878,133.21000000000004,66.23999999999978,0.04649758454106186,79.11000000000013,0.9027935785614961,16.120000000000346,21.087500000000023,0.256,1.0,,,12,2,10.0,2025
2025-10-30 12:00:00+00:00|1.0|vol_trans_follow_h1_low_to_high_h12_tp06_sl065,2025-10-30 12:00:00+00:00,STAGE28A,data/reports/stage28a_discovery_factory_batch_runner/stage28a_exact_trades.csv,volatility_transition_v1,vol_trans_follow_h1_low_to_high_h12_tp06_sl065,-7.977750000000105,-9.027750000000106,-9.727750000000103,0,0,0,1,9.027750000000106,114.34000000000015,67.13000000000011,0.6272903321912715,64.69999999999982,0.1791344667697091,35.86000000000013,26.61099999999999,0.696,1.0,,,12,3,10.0,2025
2025-10-31 12:00:00+00:00|-1.0|vol_trans_follow_h1_low_to_high_h12_tp06_sl065,2025-10-31 12:00:00+00:00,STAGE28A,data/reports/stage28a_discovery_factory_batch_runner/stage28a_exact_trades.csv,volatility_transition_v1,vol_trans_follow_h1_low_to_high_h12_tp06_sl065,5.018800000000192,3.968800000000192,3.2688000000001924,1,1,1,0,3.968800000000192,127.87000000000035,56.88000000000011,0.31223628691983446,32.74000000000024,0.06047648136835687,15.300000000000182,19.309000000000015,0.028,-1.0,,,12,4,10.0,2025
2025-11-03 12:00:00+00:00|-1.0|vol_trans_follow_h1_low_to_high_h12_tp06_sl065,2025-11-03 12:00:00+00:00,STAGE28A,data/reports/stage28a_discovery_factory_batch_runner/stage28a_exact_trades.csv,volatility_transition_v1,vol_trans_follow_h1_low_to_high_h12_tp06_sl065,-5.622149999999783,-6.672149999999784,-7.372149999999783,0,0,0,1,6.672149999999784,21.11999999999989,53.05000000000018,0.45730442978322594,34.289999999999964,0.13648293963255456,32.54999999999973,19.83499999999997,0.108,-1.0,,,12,0,11.0,2025
2025-11-04 12:00:00+00:00|-1.0|vol_trans_follow_h1_low_to_high_h12_tp06_sl065,2025-11-04 12:00:00+00:00,STAGE28A,data/reports/stage28a_discovery_factory_batch_runner/stage28a_exact_trades.csv,volatility_transition_v1,vol_trans_follow_h1_low_to_high_h12_tp06_sl065,4.0179999999999385,2.9679999999999382,2.2679999999999385,1,1,1,0,2.9679999999999382,68.20000000000027,30.5,0.3872131147540966,33.81999999999971,0.24837374334712325,9.029999999999745,15.794500000000017,0.016,-1.0,,,12,1,11.0,2025
2025-11-05 12:00:00+00:00|-1.0|vol_trans_follow_h1_low_to_high_h12_tp06_sl065,2025-11-05 12:00:00+00:00,STAGE28A,data/reports/stage28a_discovery_factory_batch_runner/stage28a_exact_trades.csv,volatility_transition_v1,vol_trans_follow_h1_low_to_high_h12_tp06_sl065,-5.210050000000228,-6.260050000000229,-6.960050000000228,0,0,0,1,6.260050000000229,77.37999999999965,44.4399999999996,0.800405040504051,31.25,0.18431999999999243,17.36999999999989,16.875499999999967,0.112,-1.0,,,12,2,11.0,2025
2025-11-06 12:00:00+00:00|-1.0|vol_trans_follow_h1_low_to_high_h12_tp06_sl065,2025-11-06 12:00:00+00:00,STAGE28A,data/reports/stage28a_discovery_factory_batch_runner/stage28a_exact_trades.csv,volatility_transition_v1,vol_trans_follow_h1_low_to_high_h12_tp06_sl065,2.888499999999931,1.838499999999931,1.1384999999999312,1,1,1,0,1.838499999999931,61.58999999999969,25.949999999999818,0.5865125240847748,34.51999999999998,0.571552723059097,5.960000000000036,10.697000000000026,0.008,-1.0,,,12,3,11.0,2025
2025-11-07 12:00:00+00:00|-1.0|vol_trans_follow_h1_low_to_high_h12_tp06_sl065,2025-11-07 12:00:00+00:00,STAGE28A,data/reports/stage28a_discovery_factory_batch_runner/stage28a_exact_trades.csv,volatility_transition_v1,vol_trans_follow_h1_low_to_high_h12_tp06_sl065,2.700999999999931,1.650999999999931,0.9509999999999312,1,1,1,0,1.650999999999931,54.86000000000013,29.389999999999873,0.31813542021095437,22.179999999999836,0.42605951307483714,10.599999999999909,12.144000000000029,0.08,-1.0,,,12,4,11.0,2025
2025-11-10 12:00:00+00:00|-1.0|vol_trans_follow_h1_low_to_high_h12_tp06_sl065,2025-11-10 12:00:00+00:00,STAGE28A,data/reports/stage28a_discovery_factory_batch_runner/stage28a_exact_trades.csv,volatility_transition_v1,vol_trans_follow_h1_low_to_high_h12_tp06_sl065,3.6478000000000974,2.5978000000000976,1.8978000000000976,1,1,1,0,2.5978000000000976,14.260000000000218,58.99000000000024,0.7174097304627902,35.89000000000033,0.7419894120925011,14.320000000000164,14.20050000000001,0.252,-1.0,,,12,0,11.0,2025
2025-11-11 12:00:00+00:00|1.0|vol_trans_follow_h1_low_to_high_h12_tp06_sl065,2025-11-11 12:00:00+00:00,STAGE28A,data/reports/stage28a_discovery_factory_batch_runner/stage28a_exact_trades.csv,volatility_transition_v1,vol_trans_follow_h1_low_to_high_h12_tp06_sl065,-4.515850000000318,-5.565850000000319,-6.265850000000318,0,0,0,1,5.565850000000319,122.17999999999984,33.89000000000033,0.6878135143110113,21.980000000000473,0.06505914467699091,11.6899999999996,11.922499999999923,0.096,1.0,,,12,1,11.0,2025
2025-11-12 12:00:00+00:00|-1.0|vol_trans_follow_h1_low_to_high_h12_tp06_sl065,2025-11-12 12:00:00+00:00,STAGE28A,data/reports/stage28a_discovery_factory_batch_runner/stage28a_exact_trades.csv,volatility_transition_v1,vol_trans_follow_h1_low_to_high_h12_tp06_sl065,3.863800000000447,2.813800000000447,2.113800000000447,1,1,1,0,2.813800000000447,51.600000000000364,41.720000000000255,0.7739693192713271,34.56999999999971,0.5001446340757915,13.149999999999636,13.96550000000002,0.432,-1.0,,,12,2,11.0,2025
2025-11-13 12:00:00+00:00|1.0|vol_trans_follow_h1_low_to_high_h12_tp06_sl065,2025-11-13 12:00:00+00:00,STAGE28A,data/reports/stage28a_discovery_factory_batch_runner/stage28a_exact_trades.csv,volatility_transition_v1,vol_trans_follow_h1_low_to_high_h12_tp06_sl065,-5.184050000000388,-6.234050000000389,-6.934050000000388,0,0,0,1,6.234050000000389,112.90999999999985,39.74000000000069,0.4574735782586579,37.099999999999454,0.4256064690027007,14.320000000000618,18.53499999999999,0.76,1.0,,,12,3,11.0,2025
2025-11-14 12:00:00+00:00|-1.0|vol_trans_follow_h1_low_to_high_h12_tp06_sl065,2025-11-14 12:00:00+00:00,STAGE28A,data/reports/stage28a_discovery_factory_batch_runner/stage28a_exact_trades.csv,volatility_transition_v1,vol_trans_follow_h1_low_to_high_h12_tp06_sl065,5.435799999999654,4.385799999999653,3.685799999999654,1,1,1,0,4.385799999999653,100.11999999999989,41.19999999999982,0.4191747572815438,44.849999999999454,0.7906354515050271,13.909999999999854,20.407999999999856,0.948,-1.0,,,12,4,11.0,2025
2025-11-17 12:00:00+00:00|1.0|vol_trans_follow_h1_low_to_high_h12_tp06_sl065,2025-11-17 12:00:00+00:00,STAGE28A,data/reports/stage28a_discovery_factory_batch_runner/stage28a_exact_trades.csv,volatility_transition_v1,vol_trans_follow_h1_low_to_high_h12_tp06_sl065,-6.000125000000116,-7.050125000000117,-7.750125000000116,0,0,0,1,7.050125000000117,32.4699999999998,36.690000000000055,0.48460070863996113,46.059999999999945,0.18019973947025048,16.84999999999991,20.263499999999887,0.872,1.0,,,12,0,11.0,2025
2025-11-18 12:00:00+00:00|1.0|vol_trans_follow_h1_low_to_high_h12_tp06_sl065,2025-11-18 12:00:00+00:00,STAGE28A,data/reports/stage28a_discovery_factory_batch_runner/stage28a_exact_trades.csv,volatility_transition_v1,vol_trans_follow_h1_low_to_high_h12_tp06_sl065,5.348199999999816,4.298199999999815,3.5981999999998155,1,1,1,0,4.298199999999815,99.80999999999995,50.38999999999987,0.5225243103790433,52.279999999999745,0.644988523335883,16.9699999999998,20.479999999999997,0.844,1.0,,,12,1,11.0,2025
2025-11-19 12:00:00+00:00|1.0|vol_trans_follow_h1_low_to_high_h12_tp06_sl065,2025-11-19 12:00:00+00:00,STAGE28A,data/reports/stage28a_discovery_factory_batch_runner/stage28a_exact_trades.csv,volatility_transition_v1,vol_trans_follow_h1_low_to_high_h12_tp06_sl065,4.82529999999988,3.7752999999998793,3.07529999999988,1,1,1,0,3.7752999999998793,84.03999999999996,24.850000000000364,0.06156941649900111,44.95000000000027,0.7506117908787447,35.26999999999998,16.172000000000093,0.54,1.0,,,12,2,11.0,2025
2025-11-20 12:00:00+00:00|1.0|vol_trans_follow_h1_low_to_high_h12_tp06_sl065,2025-11-20 12:00:00+00:00,STAGE28A,data/reports/stage28a_discovery_factory_batch_runner/stage28a_exact_trades.csv,volatility_transition_v1,vol_trans_follow_h1_low_to_high_h12_tp06_sl065,6.372099999999955,5.3220999999999545,4.622099999999955,1,1,1,0,5.3220999999999545,76.84000000000015,69.11999999999944,0.4225983796296336,39.01000000000022,0.403229941040757,17.0,21.98049999999996,0.912,1.0,,,12,3,11.0,2025
2025-11-21 12:00:00+00:00|1.0|vol_trans_follow_h1_low_to_high_h12_tp06_sl065,2025-11-21 12:00:00+00:00,STAGE28A,data/reports/stage28a_discovery_factory_batch_runner/stage28a_exact_trades.csv,volatility_transition_v1,vol_trans_follow_h1_low_to_high_h12_tp06_sl065,6.4399000000002165,5.389900000000216,4.6899000000002165,1,1,1,0,5.389900000000216,71.87999999999965,40.929999999999836,0.6594185194234031,42.33000000000038,0.3534136546184716,23.34999999999991,20.206999999999994,0.704,1.0,,,12,4,11.0,2025
2025-11-24 12:00:00+00:00|1.0|vol_trans_follow_h1_low_to_high_h12_tp06_sl065,2025-11-24 12:00:00+00:00,STAGE28A,data/reports/stage28a_discovery_factory_batch_runner/stage28a_exact_trades.csv,volatility_transition_v1,vol_trans_follow_h1_low_to_high_h12_tp06_sl065,-4.9562249999999946,-6.006224999999995,-6.7062249999999946,0,0,0,1,6.006224999999995,12.110000000000127,37.090000000000146,0.8398490159072518,37.44999999999982,0.5321762349799837,11.110000000000127,17.043000000000028,0.344,1.0,,,12,0,11.0,2025
2025-11-25 12:00:00+00:00|1.0|vol_trans_follow_h1_low_to_high_h12_tp06_sl065,2025-11-25 12:00:00+00:00,STAGE28A,data/reports/stage28a_discovery_factory_batch_runner/stage28a_exact_trades.csv,volatility_transition_v1,vol_trans_follow_h1_low_to_high_h12_tp06_sl065,-5.735250000000269,-6.78525000000027,-7.485250000000269,0,0,0,1,6.78525000000027,104.51000000000022,33.219999999999345,0.08940397350991583,43.210000000000036,0.21939365887525006,17.539999999999964,16.304500000000008,0.296,1.0,,,12,1,11.0,2025
2025-11-26 12:00:00+00:00|1.0|vol_trans_follow_h1_low_to_high_h12_tp06_sl065,2025-11-26 12:00:00+00:00,STAGE28A,data/reports/stage28a_discovery_factory_batch_runner/stage28a_exact_trades.csv,volatility_transition_v1,vol_trans_follow_h1_low_to_high_h12_tp06_sl065,-4.47814999999955,-5.528149999999551,-6.22814999999955,0,0,0,1,5.528149999999551,50.42999999999938,39.88000000000011,0.7096288866599826,21.81999999999971,0.08340971585699969,7.980000000000473,14.019499999999743,0.068,1.0,,,12,2,11.0,2025
2025-11-27 12:00:00+00:00|-1.0|vol_trans_follow_h1_low_to_high_h12_tp06_sl065,2025-11-27 12:00:00+00:00,STAGE28A,data/reports/stage28a_discovery_factory_batch_runner/stage28a_exact_trades.csv,volatility_transition_v1,vol_trans_follow_h1_low_to_high_h12_tp06_sl065,-3.649074999999903,-4.699074999999903,-5.399074999999902,0,0,0,1,4.699074999999903,43.900000000000546,25.909999999999854,0.5461211887302441,22.269999999999527,0.26178715761113835,17.55999999999949,10.335499999999865,0.004,-1.0,,,12,3,11.0,2025
2025-11-28 12:00:00+00:00|-1.0|vol_trans_follow_h1_low_to_high_h12_tp06_sl065,2025-11-28 12:00:00+00:00,STAGE28A,data/reports/stage28a_discovery_factory_batch_runner/stage28a_exact_trades.csv,volatility_transition_v1,vol_trans_follow_h1_low_to_high_h12_tp06_sl065,4.737099999999737,3.6870999999997367,2.987099999999737,1,1,1,0,3.6870999999997367,25.909999999999854,34.81999999999971,0.7268811028144659,34.909999999999854,0.7023775422514933,9.289999999999964,10.125999999999976,0.088,-1.0,,,12,4,11.0,2025
2025-12-01 12:00:00+00:00|1.0|vol_trans_follow_h1_low_to_high_h12_tp06_sl065,2025-12-01 12:00:00+00:00,STAGE28A,data/reports/stage28a_discovery_factory_batch_runner/stage28a_exact_trades.csv,volatility_transition_v1,vol_trans_follow_h1_low_to_high_h12_tp06_sl065,-5.118724999999904,-6.168724999999904,-6.868724999999904,0,0,0,1,6.168724999999904,24.699999999999818,50.460000000000036,0.4783987316686546,46.55000000000018,0.2212674543501446,7.970000000000255,17.178500000000078,0.48,1.0,,,12,0,12.0,2025
2025-12-02 12:00:00+00:00|-1.0|vol_trans_follow_h1_low_to_high_h12_tp06_sl065,2025-12-02 12:00:00+00:00,STAGE28A,data/reports/stage28a_discovery_factory_batch_runner/stage28a_exact_trades.csv,volatility_transition_v1,vol_trans_follow_h1_low_to_high_h12_tp06_sl065,-5.077450000000317,-6.127450000000318,-6.827450000000317,0,0,0,1,6.127450000000318,58.76000000000022,36.529999999999745,0.24035039693404642,44.98999999999978,0.7317181595910254,31.909999999999854,14.91800000000003,0.336,-1.0,,,12,1,12.0,2025
2025-12-03 12:00:00+00:00|-1.0|vol_trans_follow_h1_low_to_high_h12_tp06_sl065,2025-12-03 12:00:00+00:00,STAGE28A,data/reports/stage28a_discovery_factory_batch_runner/stage28a_exact_trades.csv,volatility_transition_v1,vol_trans_follow_h1_low_to_high_h12_tp06_sl065,-3.8284749999998895,-4.87847499999989,-5.578474999999889,0,0,0,1,4.87847499999989,72.11999999999989,26.11999999999989,0.3575803981623348,29.220000000000255,0.7488021902806269,10.520000000000437,13.973000000000047,0.272,-1.0,,,12,2,12.0,2025
2025-12-04 12:00:00+00:00|1.0|vol_trans_follow_h1_low_to_high_h12_tp06_sl065,2025-12-04 12:00:00+00:00,STAGE28A,data/reports/stage28a_discovery_factory_batch_runner/stage28a_exact_trades.csv,volatility_transition_v1,vol_trans_follow_h1_low_to_high_h12_tp06_sl065,3.625900000000365,2.5759000000003653,1.8759000000003656,1,1,1,0,2.5759000000003653,46.89000000000033,29.470000000000255,0.34747200542923967,27.340000000000146,0.009509875640095717,18.710000000000036,14.691499999999996,0.412,1.0,,,12,3,12.0,2025
2025-12-05 12:00:00+00:00|1.0|vol_trans_follow_h1_low_to_high_h12_tp06_sl065,2025-12-05 12:00:00+00:00,STAGE28A,data/reports/stage28a_discovery_factory_batch_runner/stage28a_exact_trades.csv,volatility_transition_v1,vol_trans_follow_h1_low_to_high_h12_tp06_sl065,2.3904999999998835,1.3404999999998837,0.6404999999998839,1,1,1,0,1.3404999999998837,44.17000000000007,22.579999999999927,0.47387068201952004,16.470000000000255,0.37279902853674757,9.020000000000437,9.626500000000078,0.08,1.0,,,12,4,12.0,2025
2025-12-08 12:00:00+00:00|-1.0|vol_trans_follow_h1_low_to_high_h12_tp06_sl065,2025-12-08 12:00:00+00:00,STAGE28A,data/reports/stage28a_discovery_factory_batch_runner/stage28a_exact_trades.csv,volatility_transition_v1,vol_trans_follow_h1_low_to_high_h12_tp06_sl065,2.8584999999997307,1.8084999999997309,1.1084999999997311,1,1,1,0,1.8084999999997309,15.210000000000036,19.06999999999971,0.39066596748819776,17.710000000000036,0.29587803500850823,8.340000000000146,13.539500000000135,0.412,-1.0,,,12,0,12.0,2025
2025-12-09 12:00:00+00:00|1.0|vol_trans_follow_h1_low_to_high_h12_tp06_sl065,2025-12-09 12:00:00+00:00,STAGE28A,data/reports/stage28a_discovery_factory_batch_runner/stage28a_exact_trades.csv,volatility_transition_v1,vol_trans_follow_h1_low_to_high_h12_tp06_sl065,3.174699999999939,2.124699999999939,1.4246999999999392,1,1,1,0,2.124699999999939,42.48999999999978,14.079999999999927,0.5589488636363588,42.75,0.39836257309940926,21.979999999999563,10.933499999999867,0.216,1.0,,,12,1,12.0,2025
2025-12-10 12:00:00+00:00|-1.0|vol_trans_follow_h1_low_to_high_h12_tp06_sl065,2025-12-10 12:00:00+00:00,STAGE28A,data/reports/stage28a_discovery_factory_batch_runner/stage28a_exact_trades.csv,volatility_transition_v1,vol_trans_follow_h1_low_to_high_h12_tp06_sl065,2.259699999999975,1.2096999999999754,0.5096999999999756,1,1,1,0,1.2096999999999754,51.150000000000546,15.0,0.25533333333332847,26.73999999999978,0.5145848915482547,7.960000000000036,9.911000000000058,0.128,-1.0,,,12,2,12.0,2025
2025-12-11 12:00:00+00:00|1.0|vol_trans_follow_h1_low_to_high_h12_tp06_sl065,2025-12-11 12:00:00+00:00,STAGE28A,data/reports/stage28a_discovery_factory_batch_runner/stage28a_exact_trades.csv,volatility_transition_v1,vol_trans_follow_h1_low_to_high_h12_tp06_sl065,2.6373999999999795,1.5873999999999795,0.88739999999998,1,1,1,0,1.5873999999999795,56.650000000000546,39.13999999999942,0.4757281553398101,21.590000000000146,0.1491431218156662,11.079999999999927,13.86649999999995,0.68,1.0,,,12,3,12.0,2025
2025-12-12 12:00:00+00:00|1.0|vol_trans_follow_h1_low_to_high_h12_tp06_sl065,2025-12-12 12:00:00+00:00,STAGE28A,data/reports/stage28a_discovery_factory_batch_runner/stage28a_exact_trades.csv,volatility_transition_v1,vol_trans_follow_h1_low_to_high_h12_tp06_sl065,-4.139824999999837,-5.189824999999837,-5.889824999999837,0,0,0,1,5.189824999999837,81.61000000000058,18.800000000000182,0.5281914893616642,64.73999999999978,0.9800741427247597,13.279999999999745,14.255000000000019,0.688,1.0,,,12,4,12.0,2025
2025-12-15 12:00:00+00:00|-1.0|vol_trans_follow_h1_low_to_high_h12_tp06_sl065,2025-12-15 12:00:00+00:00,STAGE28A,data/reports/stage28a_discovery_factory_batch_runner/stage28a_exact_trades.csv,volatility_transition_v1,vol_trans_follow_h1_low_to_high_h12_tp06_sl065,-3.67865000000038,-4.72865000000038,-5.4286500000003794,0,0,0,1,4.72865000000038,13.710000000000036,35.11000000000058,0.6693249786385534,25.270000000000437,0.5385833003561673,7.880000000000109,16.033000000000037,0.82,-1.0,,,12,0,12.0,2025
2025-12-16 12:00:00+00:00|-1.0|vol_trans_follow_h1_low_to_high_h12_tp06_sl065,2025-12-16 12:00:00+00:00,STAGE28A,data/reports/stage28a_discovery_factory_batch_runner/stage28a_exact_trades.csv,volatility_transition_v1,vol_trans_follow_h1_low_to_high_h12_tp06_sl065,-4.359850000000369,-5.40985000000037,-6.109850000000369,0,0,0,1,5.40985000000037,64.84000000000015,37.07000000000062,0.4086862692203772,20.51000000000022,0.5724037055094908,9.350000000000364,14.063500000000158,0.676,-1.0,,,12,1,12.0,2025
2025-12-17 12:00:00+00:00|-1.0|vol_trans_follow_h1_low_to_high_h12_tp06_sl065,2025-12-17 12:00:00+00:00,STAGE28A,data/reports/stage28a_discovery_factory_batch_runner/stage28a_exact_trades.csv,volatility_transition_v1,vol_trans_follow_h1_low_to_high_h12_tp06_sl065,3.4945000000001527,2.444500000000153,1.7445000000001532,1,1,1,0,2.444500000000153,63.220000000000255,29.93000000000029,0.7327096558636541,35.470000000000255,0.33718635466591346,7.229999999999563,13.675000000000091,0.608,-1.0,,,12,2,12.0,2025
2025-12-18 12:00:00+00:00|-1.0|vol_trans_follow_h1_low_to_high_h12_tp06_sl065,2025-12-18 12:00:00+00:00,STAGE28A,data/reports/stage28a_discovery_factory_batch_runner/stage28a_exact_trades.csv,volatility_transition_v1,vol_trans_follow_h1_low_to_high_h12_tp06_sl065,2.1622000000001207,1.1122000000001209,0.4122000000001211,1,1,1,0,1.1122000000001209,47.26000000000022,18.51000000000022,0.390059427336584,16.73999999999978,0.3912783751493045,7.649999999999636,11.018499999999994,0.232,-1.0,,,12,3,12.0,2025
2025-12-19 12:00:00+00:00|1.0|vol_trans_follow_h1_low_to_high_h12_tp06_sl065,2025-12-19 12:00:00+00:00,STAGE28A,data/reports/stage28a_discovery_factory_batch_runner/stage28a_exact_trades.csv,volatility_transition_v1,vol_trans_follow_h1_low_to_high_h12_tp06_sl065,-3.13427499999998,-4.18427499999998,-4.884274999999979,0,0,0,1,4.18427499999998,65.72000000000025,27.599999999999454,0.44818840579710634,15.989999999999782,0.3089430894308735,9.13000000000011,14.62649999999985,0.828,1.0,,,12,4,12.0,2025
2025-12-22 12:00:00+00:00|1.0|vol_trans_follow_h1_low_to_high_h12_tp06_sl065,2025-12-22 12:00:00+00:00,STAGE28A,data/reports/stage28a_discovery_factory_batch_runner/stage28a_exact_trades.csv,volatility_transition_v1,vol_trans_follow_h1_low_to_high_h12_tp06_sl065,-4.321824999999626,-5.371824999999626,-6.071824999999626,0,0,0,1,5.371824999999626,18.1200000000008,62.840000000000146,0.6877784850413774,23.599999999999454,0.4338983050847851,6.739999999999782,12.025500000000012,0.376,1.0,,,12,0,12.0,2025
2025-12-23 12:00:00+00:00|-1.0|vol_trans_follow_h1_low_to_high_h12_tp06_sl065,2025-12-23 12:00:00+00:00,STAGE28A,data/reports/stage28a_discovery_factory_batch_runner/stage28a_exact_trades.csv,volatility_transition_v1,vol_trans_follow_h1_low_to_high_h12_tp06_sl065,3.064600000000064,2.014600000000064,1.3146000000000644,1,1,1,0,2.014600000000064,122.74000000000069,52.289999999999964,0.42991011665709655,23.69000000000051,0.08104685521313305,13.089999999999236,12.632499999999936,0.492,-1.0,,,12,1,12.0,2025
2025-12-24 12:00:00+00:00|1.0|vol_trans_follow_h1_low_to_high_h12_tp06_sl065,2025-12-24 12:00:00+00:00,STAGE28A,data/reports/stage28a_discovery_factory_batch_runner/stage28a_exact_trades.csv,volatility_transition_v1,vol_trans_follow_h1_low_to_high_h12_tp06_sl065,3.671499999999833,2.6214999999998327,1.921499999999833,1,1,1,0,2.6214999999998327,75.19000000000051,54.51000000000022,0.07228031553842569,22.300000000000182,0.43094170403585624,13.800000000000182,18.812499999999954,0.984,1.0,,,12,2,12.0,2025
2025-12-26 12:00:00+00:00|-1.0|vol_trans_follow_h1_low_to_high_h12_tp06_sl065,2025-12-26 12:00:00+00:00,STAGE28A,data/reports/stage28a_discovery_factory_batch_runner/stage28a_exact_trades.csv,volatility_transition_v1,vol_trans_follow_h1_low_to_high_h12_tp06_sl065,2.7432999999995444,1.6932999999995446,0.9932999999995448,1,1,1,0,1.6932999999995446,30.289999999999964,61.48999999999978,0.22767929744674012,17.50999999999931,0.311250713877786,8.420000000000073,18.053999999999906,0.9,-1.0,,,12,4,12.0,2025
2025-12-29 12:00:00+00:00|1.0|vol_trans_follow_h1_low_to_high_h12_tp06_sl065,2025-12-29 12:00:00+00:00,STAGE28A,data/reports/stage28a_discovery_factory_batch_runner/stage28a_exact_trades.csv,volatility_transition_v1,vol_trans_follow_h1_low_to_high_h12_tp06_sl065,-8.060949999999684,-9.110949999999685,-9.810949999999684,0,0,0,1,9.110949999999685,26.170000000000073,76.92000000000007,0.15665626625065224,71.97000000000025,0.7582325969153874,16.94000000000051,24.867500000000017,0.996,1.0,,,12,0,12.0,2025
2025-12-30 12:00:00+00:00|1.0|vol_trans_follow_h1_low_to_high_h12_tp06_sl065,2025-12-30 12:00:00+00:00,STAGE28A,data/reports/stage28a_discovery_factory_batch_runner/stage28a_exact_trades.csv,volatility_transition_v1,vol_trans_follow_h1_low_to_high_h12_tp06_sl065,-6.465200000000186,-7.515200000000187,-8.215200000000186,0,0,0,1,7.515200000000187,246.52999999999975,45.98999999999978,0.38704066101326956,41.36000000000058,0.5118471953578282,12.139999999999418,22.87300000000014,0.892,1.0,,,12,1,12.0,2025
2025-12-31 12:00:00+00:00|1.0|vol_trans_follow_h1_low_to_high_h12_tp06_sl065,2025-12-31 12:00:00+00:00,STAGE28A,data/reports/stage28a_discovery_factory_batch_runner/stage28a_exact_trades.csv,volatility_transition_v1,vol_trans_follow_h1_low_to_high_h12_tp06_sl065,-9.54945000000007,-10.59945000000007,-11.29945000000007,0,0,0,1,10.59945000000007,80.57999999999993,44.35999999999967,0.13841298467086255,68.73999999999978,0.3840558626709299,29.720000000000255,25.64899999999998,0.94,1.0,,,12,2,12.0,2025
2026-01-02 12:00:00+00:00|-1.0|vol_trans_follow_h1_low_to_high_h12_tp06_sl065,2026-01-02 12:00:00+00:00,STAGE28A,data/reports/stage28a_discovery_factory_batch_runner/stage28a_exact_trades.csv,volatility_transition_v1,vol_trans_follow_h1_low_to_high_h12_tp06_sl065,2.9851000000002386,1.9351000000002387,1.235100000000239,1,1,1,0,1.9351000000002387,26.88000000000011,54.08000000000084,0.4567307692307588,27.51000000000022,0.8269720101781105,8.229999999999563,15.509500000000026,0.492,-1.0,,,12,4,1.0,2026
2026-01-05 12:00:00+00:00|1.0|vol_trans_follow_h1_low_to_high_h12_tp06_sl065,2026-01-05 12:00:00+00:00,STAGE28A,data/reports/stage28a_discovery_factory_batch_runner/stage28a_exact_trades.csv,volatility_transition_v1,vol_trans_follow_h1_low_to_high_h12_tp06_sl065,3.676300000000447,2.626300000000447,1.926300000000447,1,1,1,0,2.626300000000447,30.640000000000327,74.94000000000051,0.425540432345866,38.8100000000004,0.8294254058232226,11.739999999999782,17.78100000000004,0.528,1.0,,,12,0,1.0,2026
2026-01-06 12:00:00+00:00|-1.0|vol_trans_follow_h1_low_to_high_h12_tp06_sl065,2026-01-06 12:00:00+00:00,STAGE28A,data/reports/stage28a_discovery_factory_batch_runner/stage28a_exact_trades.csv,volatility_transition_v1,vol_trans_follow_h1_low_to_high_h12_tp06_sl065,4.443099999999868,3.393099999999868,2.693099999999868,1,1,1,0,3.393099999999868,110.64000000000033,40.539999999999964,0.6625555007400024,32.960000000000036,0.46450242718447765,23.61999999999989,15.958499999999958,0.384,-1.0,,,12,1,1.0,2026
2026-01-07 12:00:00+00:00|-1.0|vol_trans_follow_h1_low_to_high_h12_tp06_sl065,2026-01-07 12:00:00+00:00,STAGE28A,data/reports/stage28a_discovery_factory_batch_runner/stage28a_exact_trades.csv,volatility_transition_v1,vol_trans_follow_h1_low_to_high_h12_tp06_sl065,4.2900999999996206,3.2400999999996203,2.540099999999621,1,1,1,0,3.2400999999996203,69.30999999999949,40.720000000000255,0.7094793713163101,33.11999999999989,0.011171497584537804,9.090000000000146,16.29350000000004,0.404,-1.0,,,12,2,1.0,2026
2026-01-08 12:00:00+00:00|1.0|vol_trans_follow_h1_low_to_high_h12_tp06_sl065,2026-01-08 12:00:00+00:00,STAGE28A,data/reports/stage28a_discovery_factory_batch_runner/stage28a_exact_trades.csv,volatility_transition_v1,vol_trans_follow_h1_low_to_high_h12_tp06_sl065,-5.313074999999662,-6.363074999999663,-7.063074999999662,0,0,0,1,6.363074999999663,76.98000000000047,36.0,0.8824999999999869,24.0,0.07875000000001364,9.3100000000004,15.073000000000047,0.132,1.0,,,12,3,1.0,2026
2026-01-09 12:00:00+00:00|1.0|vol_trans_follow_h1_low_to_high_h12_tp06_sl065,2026-01-09 12:00:00+00:00,STAGE28A,data/reports/stage28a_discovery_factory_batch_runner/stage28a_exact_trades.csv,volatility_transition_v1,vol_trans_follow_h1_low_to_high_h12_tp06_sl065,-3.6841749999999593,-4.73417499999996,-5.434174999999959,0,0,0,1,4.73417499999996,71.64000000000033,31.079999999999927,0.352960102960112,19.199999999999818,0.4234375000000097,9.089999999999236,13.585500000000138,0.004,1.0,,,12,4,1.0,2026
2026-01-12 12:00:00+00:00|-1.0|vol_trans_follow_h1_low_to_high_h12_tp06_sl065,2026-01-12 12:00:00+00:00,STAGE28A,data/reports/stage28a_discovery_factory_batch_runner/stage28a_exact_trades.csv,volatility_transition_v1,vol_trans_follow_h1_low_to_high_h12_tp06_sl065,3.838299999999799,2.7882999999997997,2.0882999999997995,1,1,1,0,2.7882999999997997,31.800000000000182,87.85999999999967,0.32540405190075405,33.039999999999964,0.7760290556900559,11.530000000000655,22.671000000000003,0.78,-1.0,,,12,0,1.0,2026
2026-01-13 12:00:00+00:00|-1.0|vol_trans_follow_h1_low_to_high_h12_tp06_sl065,2026-01-13 12:00:00+00:00,STAGE28A,data/reports/stage28a_discovery_factory_batch_runner/stage28a_exact_trades.csv,volatility_transition_v1,vol_trans_follow_h1_low_to_high_h12_tp06_sl065,-5.126200000000244,-6.176200000000245,-6.876200000000244,0,0,0,1,6.176200000000245,116.96000000000004,32.23000000000047,0.0896680111697265,28.42999999999938,0.3496306718255619,9.94000000000051,16.412000000000035,0.392,-1.0,,,12,1,1.0,2026
2026-01-14 12:00:00+00:00|-1.0|vol_trans_follow_h1_low_to_high_h12_tp06_sl065,2026-01-14 12:00:00+00:00,STAGE28A,data/reports/stage28a_discovery_factory_batch_runner/stage28a_exact_trades.csv,volatility_transition_v1,vol_trans_follow_h1_low_to_high_h12_tp06_sl065,-5.292925000000286,-6.342925000000287,-7.042925000000286,0,0,0,1,6.342925000000287,64.76999999999953,42.88000000000011,0.705457089552237,21.579999999999927,0.15848007414272866,12.399999999999636,17.014499999999998,0.504,-1.0,,,12,2,1.0,2026
2026-01-15 12:00:00+00:00|1.0|vol_trans_follow_h1_low_to_high_h12_tp06_sl065,2026-01-15 12:00:00+00:00,STAGE28A,data/reports/stage28a_discovery_factory_batch_runner/stage28a_exact_trades.csv,volatility_transition_v1,vol_trans_follow_h1_low_to_high_h12_tp06_sl065,4.079799999999887,3.0297999999998866,2.329799999999887,1,1,1,0,3.0297999999998866,55.220000000000255,51.470000000000255,0.4453079463765292,39.04999999999927,0.7062740076824697,12.36999999999989,18.05650000000005,0.728,1.0,,,12,3,1.0,2026
2026-01-16 12:00:00+00:00|-1.0|vol_trans_follow_h1_low_to_high_h12_tp06_sl065,2026-01-16 12:00:00+00:00,STAGE28A,data/reports/stage28a_discovery_factory_batch_runner/stage28a_exact_trades.csv,volatility_transition_v1,vol_trans_follow_h1_low_to_high_h12_tp06_sl065,4.04469999999983,2.99469999999983,2.29469999999983,1,1,1,0,2.99469999999983,51.470000000000255,29.23999999999978,0.3081395348837307,21.81999999999971,0.04353803849678418,9.350000000000364,13.811000000000103,0.036,-1.0,,,12,4,1.0,2026
2026-01-19 12:00:00+00:00|1.0|vol_trans_follow_h1_low_to_high_h12_tp06_sl065,2026-01-19 12:00:00+00:00,STAGE28A,data/reports/stage28a_discovery_factory_batch_runner/stage28a_exact_trades.csv,volatility_transition_v1,vol_trans_follow_h1_low_to_high_h12_tp06_sl065,-4.326050000000214,-5.376050000000214,-6.076050000000214,0,0,0,1,5.376050000000214,70.75,70.75,0.13371024734982384,17.730000000000473,0.0383530738860842,10.759999999999309,24.437500000000046,0.96,1.0,,,12,0,1.0,2026
2026-01-20 12:00:00+00:00|1.0|vol_trans_follow_h1_low_to_high_h12_tp06_sl065,2026-01-20 12:00:00+00:00,STAGE28A,data/reports/stage28a_discovery_factory_batch_runner/stage28a_exact_trades.csv,volatility_transition_v1,vol_trans_follow_h1_low_to_high_h12_tp06_sl065,-5.342325000000164,-6.392325000000165,-7.092325000000164,0,0,0,1,6.392325000000165,70.75,37.38999999999942,0.7983418026210438,43.05000000000018,0.726596980255529,16.0,11.848999999999933,0.056,1.0,,,12,1,1.0,2026
2026-01-21 12:00:00+00:00|1.0|vol_trans_follow_h1_low_to_high_h12_tp06_sl065,2026-01-21 12:00:00+00:00,STAGE28A,data/reports/stage28a_discovery_factory_batch_runner/stage28a_exact_trades.csv,volatility_transition_v1,vol_trans_follow_h1_low_to_high_h12_tp06_sl065,7.550499999999738,6.500499999999738,5.800499999999738,1,1,1,0,6.500499999999738,117.38999999999942,112.94999999999982,0.7990261177512187,55.72999999999956,0.06728871343979956,24.76000000000022,23.14899999999998,0.928,1.0,,,12,2,1.0,2026
2026-01-22 12:00:00+00:00|-1.0|vol_trans_follow_h1_low_to_high_h12_tp06_sl065,2026-01-22 12:00:00+00:00,STAGE28A,data/reports/stage28a_discovery_factory_batch_runner/stage28a_exact_trades.csv,volatility_transition_v1,vol_trans_follow_h1_low_to_high_h12_tp06_sl065,-5.702425000000039,-6.75242500000004,-7.452425000000039,0,0,0,1,6.75242500000004,132.3699999999999,62.81999999999971,0.306431072906719,44.42000000000007,0.716343989194049,23.800000000000182,32.16200000000008,0.968,-1.0,,,12,3,1.0,2026
2026-01-23 12:00:00+00:00|1.0|vol_trans_follow_h1_low_to_high_h12_tp06_sl065,2026-01-23 12:00:00+00:00,STAGE28A,data/reports/stage28a_discovery_factory_batch_runner/stage28a_exact_trades.csv,volatility_transition_v1,vol_trans_follow_h1_low_to_high_h12_tp06_sl065,6.250599999999759,5.200599999999758,4.500599999999759,1,1,1,0,5.200599999999758,187.47999999999956,36.32999999999993,0.07349298100743402,67.39999999999964,0.3921364985163269,21.67999999999938,23.0645,0.816,1.0,,,12,4,1.0,2026
2026-01-26 12:00:00+00:00|1.0|vol_trans_follow_h1_low_to_high_h12_tp06_sl065,2026-01-26 12:00:00+00:00,STAGE28A,data/reports/stage28a_discovery_factory_batch_runner/stage28a_exact_trades.csv,volatility_transition_v1,vol_trans_follow_h1_low_to_high_h12_tp06_sl065,-8.702174999999988,-9.752174999999989,-10.452174999999988,0,0,0,1,9.752174999999989,37.909999999999854,90.77999999999975,0.33718880810752,58.66999999999916,0.36475200272713226,22.899999999999636,26.066499999999998,0.892,1.0,,,12,0,1.0,2026
2026-01-27 12:00:00+00:00|1.0|vol_trans_follow_h1_low_to_high_h12_tp06_sl065,2026-01-27 12:00:00+00:00,STAGE28A,data/reports/stage28a_discovery_factory_batch_runner/stage28a_exact_trades.csv,volatility_transition_v1,vol_trans_follow_h1_low_to_high_h12_tp06_sl065,-6.849350000000049,-7.89935000000005,-8.59935000000005,0,0,0,1,7.89935000000005,120.89999999999964,66.71999999999935,0.3625599520383805,43.279999999999745,0.441543438077629,21.609999999999673,34.34849999999992,0.968,1.0,,,12,1,1.0,2026
2026-01-28 12:00:00+00:00|-1.0|vol_trans_follow_h1_low_to_high_h12_tp06_sl065,2026-01-28 12:00:00+00:00,STAGE28A,data/reports/stage28a_discovery_factory_batch_runner/stage28a_exact_trades.csv,volatility_transition_v1,vol_trans_follow_h1_low_to_high_h12_tp06_sl065,7.66720000000023,6.61720000000023,5.91720000000023,1,1,1,0,6.61720000000023,177.47999999999956,91.47000000000025,0.8015742866513557,70.05000000000018,0.3504639543183327,34.05999999999949,29.87600000000011,0.856,-1.0,,,12,2,1.0,2026
2026-01-29 12:00:00+00:00|1.0|vol_trans_follow_h1_low_to_high_h12_tp06_sl065,2026-01-29 12:00:00+00:00,STAGE28A,data/reports/stage28a_discovery_factory_batch_runner/stage28a_exact_trades.csv,volatility_transition_v1,vol_trans_follow_h1_low_to_high_h12_tp06_sl065,-15.4940249999996,-16.5440249999996,-17.244024999999603,0,0,0,1,16.5440249999996,367.5100000000002,177.09000000000015,0.2549551075724185,120.55000000000018,0.6137702198257957,31.409999999999854,58.22600000000007,0.996,1.0,,,12,3,1.0,2026
2026-01-30 12:00:00+00:00|-1.0|vol_trans_follow_h1_low_to_high_h12_tp06_sl065,2026-01-30 12:00:00+00:00,STAGE28A,data/reports/stage28a_discovery_factory_batch_runner/stage28a_exact_trades.csv,volatility_transition_v1,vol_trans_follow_h1_low_to_high_h12_tp06_sl065,30.254800000000067,29.20480000000007,28.504800000000067,1,1,1,0,29.20480000000007,494.8599999999997,338.6199999999999,0.661360817435473,297.4300000000003,0.3163433412903878,189.0699999999997,105.22049999999994,1.0,-1.0,,,12,4,1.0,2026
2026-02-02 12:00:00+00:00|1.0|vol_trans_follow_h1_low_to_high_h12_tp06_sl065,2026-02-02 12:00:00+00:00,STAGE28A,data/reports/stage28a_discovery_factory_batch_runner/stage28a_exact_trades.csv,volatility_transition_v1,vol_trans_follow_h1_low_to_high_h12_tp06_sl065,-38.54725000000017,-39.597250000000166,-40.29725000000017,0,0,0,1,39.597250000000166,168.01999999999953,300.52999999999975,0.20949655608425147,330.25,0.07887963663891047,126.42999999999938,134.20349999999976,1.0,1.0,,,12,0,2.0,2026
2026-02-03 12:00:00+00:00|1.0|vol_trans_follow_h1_low_to_high_h12_tp06_sl065,2026-02-03 12:00:00+00:00,STAGE28A,data/reports/stage28a_discovery_factory_batch_runner/stage28a_exact_trades.csv,volatility_transition_v1,vol_trans_follow_h1_low_to_high_h12_tp06_sl065,-15.992249999999876,-17.042249999999875,-17.742249999999878,0,0,0,1,17.042249999999875,481.1899999999996,189.4900000000007,0.18222597498548535,139.53999999999996,0.6661889064067655,41.55999999999949,70.76500000000006,0.732,1.0,,,12,1,2.0,2026
2026-02-04 12:00:00+00:00|-1.0|vol_trans_follow_h1_low_to_high_h12_tp06_sl065,2026-02-04 12:00:00+00:00,STAGE28A,data/reports/stage28a_discovery_factory_batch_runner/stage28a_exact_trades.csv,volatility_transition_v1,vol_trans_follow_h1_low_to_high_h12_tp06_sl065,9.783700000000318,8.733700000000317,8.033700000000318,1,1,1,0,8.733700000000317,327.28999999999996,170.6200000000008,0.7802133395850385,50.0,0.6368000000000029,43.42000000000007,47.084999999999994,0.576,-1.0,,,12,2,2.0,2026
2026-02-05 12:00:00+00:00|-1.0|vol_trans_follow_h1_low_to_high_h12_tp06_sl065,2026-02-05 12:00:00+00:00,STAGE28A,data/reports/stage28a_discovery_factory_batch_runner/stage28a_exact_trades.csv,volatility_transition_v1,vol_trans_follow_h1_low_to_high_h12_tp06_sl065,17.30229999999974,16.252299999999742,15.55229999999974,1,1,1,0,16.252299999999742,239.94999999999982,234.41000000000076,0.6337613583038263,116.44999999999982,0.11592958351223719,64.64999999999964,63.08100000000004,0.724,-1.0,,,12,3,2.0,2026
2026-02-06 12:00:00+00:00|1.0|vol_trans_follow_h1_low_to_high_h12_tp06_sl065,2026-02-06 12:00:00+00:00,STAGE28A,data/reports/stage28a_discovery_factory_batch_runner/stage28a_exact_trades.csv,volatility_transition_v1,vol_trans_follow_h1_low_to_high_h12_tp06_sl065,-15.782950000000346,-16.832950000000345,-17.532950000000348,0,0,0,1,16.832950000000345,320.3100000000004,191.01000000000022,0.5794461022983098,95.03999999999996,0.6758207070707027,33.98999999999978,63.07049999999985,0.696,1.0,,,12,4,2.0,2026
2026-02-09 12:00:00+00:00|-1.0|vol_trans_follow_h1_low_to_high_h12_tp06_sl065,2026-02-09 12:00:00+00:00,STAGE28A,data/reports/stage28a_discovery_factory_batch_runner/stage28a_exact_trades.csv,volatility_transition_v1,vol_trans_follow_h1_low_to_high_h12_tp06_sl065,8.523099999999795,7.473099999999794,6.773099999999795,1,1,1,0,7.473099999999794,81.67000000000007,81.67000000000007,0.2937431125260164,62.659999999999854,0.33482285349506097,37.92000000000007,36.01400000000003,0.276,-1.0,,,12,0,2.0,2026
2026-02-10 12:00:00+00:00|1.0|vol_trans_follow_h1_low_to_high_h12_tp06_sl065,2026-02-10 12:00:00+00:00,STAGE28A,data/reports/stage28a_discovery_factory_batch_runner/stage28a_exact_trades.csv,volatility_transition_v1,vol_trans_follow_h1_low_to_high_h12_tp06_sl065,7.230700000000434,6.180700000000433,5.480700000000434,1,1,1,0,6.180700000000433,121.23000000000047,87.30999999999949,0.0027488260222276097,51.73999999999978,0.304020100502523,22.4399999999996,29.527499999999918,0.096,1.0,,,12,1,2.0,2026
2026-02-11 12:00:00+00:00|1.0|vol_trans_follow_h1_low_to_high_h12_tp06_sl065,2026-02-11 12:00:00+00:00,STAGE28A,data/reports/stage28a_discovery_factory_batch_runner/stage28a_exact_trades.csv,volatility_transition_v1,vol_trans_follow_h1_low_to_high_h12_tp06_sl065,5.12440000000006,4.074400000000059,3.37440000000006,1,1,1,0,4.074400000000059,90.59999999999945,36.149999999999636,0.11009681881052595,57.410000000000764,0.814318063055206,24.81999999999971,23.562499999999908,0.004,1.0,,,12,2,2.0,2026
2026-02-12 12:00:00+00:00|1.0|vol_trans_follow_h1_low_to_high_h12_tp06_sl065,2026-02-12 12:00:00+00:00,STAGE28A,data/reports/stage28a_discovery_factory_batch_runner/stage28a_exact_trades.csv,volatility_transition_v1,vol_trans_follow_h1_low_to_high_h12_tp06_sl065,5.450500000000284,4.400500000000283,3.700500000000284,1,1,1,0,4.400500000000283,99.52999999999975,54.75999999999931,0.13951789627466077,33.48999999999978,0.22066288444312857,14.489999999999782,23.97549999999983,0.02,1.0,,,12,3,2.0,2026
2026-02-13 12:00:00+00:00|-1.0|vol_trans_follow_h1_low_to_high_h12_tp06_sl065,2026-02-13 12:00:00+00:00,STAGE28A,data/reports/stage28a_discovery_factory_batch_runner/stage28a_exact_trades.csv,volatility_transition_v1,vol_trans_follow_h1_low_to_high_h12_tp06_sl065,8.120500000000357,7.070500000000356,6.370500000000357,1,1,1,0,7.070500000000356,221.16999999999916,110.14999999999964,0.510939627780299,44.63000000000011,0.5969079094779152,21.289999999999964,39.90849999999987,0.428,-1.0,,,12,4,2.0,2026
2026-02-16 12:00:00+00:00|1.0|vol_trans_follow_h1_low_to_high_h12_tp06_sl065,2026-02-16 12:00:00+00:00,STAGE28A,data/reports/stage28a_discovery_factory_batch_runner/stage28a_exact_trades.csv,volatility_transition_v1,vol_trans_follow_h1_low_to_high_h12_tp06_sl065,4.435300000000462,3.3853000000004614,2.6853000000004617,1,1,1,0,3.3853000000004614,39.280000000000655,77.38000000000011,0.561643835616438,50.88000000000011,0.5548349056603676,9.390000000000327,25.427499999999963,0.068,1.0,,,12,0,2.0,2026
2026-02-17 12:00:00+00:00|1.0|vol_trans_follow_h1_low_to_high_h12_tp06_sl065,2026-02-17 12:00:00+00:00,STAGE28A,data/reports/stage28a_discovery_factory_batch_runner/stage28a_exact_trades.csv,volatility_transition_v1,vol_trans_follow_h1_low_to_high_h12_tp06_sl065,-10.164674999999624,-11.214674999999623,-11.914674999999624,0,0,0,1,11.214674999999623,84.22000000000025,77.25,0.4779288025889977,91.84000000000015,0.4317290940766603,18.979999999999563,24.981999999999925,0.144,1.0,,,12,1,2.0,2026
2026-02-18 12:00:00+00:00|1.0|vol_trans_follow_h1_low_to_high_h12_tp06_sl065,2026-02-18 12:00:00+00:00,STAGE28A,data/reports/stage28a_discovery_factory_batch_runner/stage28a_exact_trades.csv,volatility_transition_v1,vol_trans_follow_h1_low_to_high_h12_tp06_sl065,3.896500000000197,2.8465000000001965,2.146500000000197,1,1,1,0,2.8465000000001965,157.21000000000004,86.19999999999982,0.8678654292343452,32.5,0.6058461538461415,10.029999999999745,22.62999999999988,0.1,1.0,,,12,2,2.0,2026
2026-02-19 12:00:00+00:00|-1.0|vol_trans_follow_h1_low_to_high_h12_tp06_sl065,2026-02-19 12:00:00+00:00,STAGE28A,data/reports/stage28a_discovery_factory_batch_runner/stage28a_exact_trades.csv,volatility_transition_v1,vol_trans_follow_h1_low_to_high_h12_tp06_sl065,-5.364425000000301,-6.414425000000302,-7.114425000000301,0,0,0,1,6.414425000000302,156.84000000000015,28.07000000000062,0.2921268257926483,40.33000000000084,0.22737416315397677,27.38000000000011,17.839500000000044,0.024,-1.0,,,12,3,2.0,2026
2026-02-20 12:00:00+00:00|-1.0|vol_trans_follow_h1_low_to_high_h12_tp06_sl065,2026-02-20 12:00:00+00:00,STAGE28A,data/reports/stage28a_discovery_factory_batch_runner/stage28a_exact_trades.csv,volatility_transition_v1,vol_trans_follow_h1_low_to_high_h12_tp06_sl065,5.205999999999586,4.155999999999585,3.4559999999995856,1,1,1,0,4.155999999999585,61.32000000000062,32.899999999999636,0.36413373860181447,44.55999999999949,0.7773788150807858,15.099999999999454,19.792500000000018,0.192,-1.0,,,12,4,2.0,2026
2026-02-23 12:00:00+00:00|1.0|vol_trans_follow_h1_low_to_high_h12_tp06_sl065,2026-02-23 12:00:00+00:00,STAGE28A,data/reports/stage28a_discovery_factory_batch_runner/stage28a_exact_trades.csv,volatility_transition_v1,vol_trans_follow_h1_low_to_high_h12_tp06_sl065,5.066799999999967,4.016799999999966,3.316799999999967,1,1,1,0,4.016799999999966,72.84000000000015,77.53999999999996,0.0517152437451549,40.94999999999982,0.05225885225883828,10.239999999999782,29.003999999999998,0.576,1.0,,,12,0,2.0,2026
2026-02-24 12:00:00+00:00|-1.0|vol_trans_follow_h1_low_to_high_h12_tp06_sl065,2026-02-24 12:00:00+00:00,STAGE28A,data/reports/stage28a_discovery_factory_batch_runner/stage28a_exact_trades.csv,volatility_transition_v1,vol_trans_follow_h1_low_to_high_h12_tp06_sl065,-6.643625000000247,-7.693625000000248,-8.393625000000247,0,0,0,1,7.693625000000248,139.01000000000022,104.50999999999931,0.6400344464644605,29.329999999999927,0.16365496079100558,13.900000000000546,25.59649999999997,0.48,-1.0,,,12,1,2.0,2026
2026-02-25 12:00:00+00:00|1.0|vol_trans_follow_h1_low_to_high_h12_tp06_sl065,2026-02-25 12:00:00+00:00,STAGE28A,data/reports/stage28a_discovery_factory_batch_runner/stage28a_exact_trades.csv,volatility_transition_v1,vol_trans_follow_h1_low_to_high_h12_tp06_sl065,4.629999999999564,3.5799999999995635,2.879999999999564,1,1,1,0,3.5799999999995635,155.44999999999982,71.0,0.506197183098586,40.400000000000546,0.19306930693069496,17.82000000000062,23.193000000000076,0.38,1.0,,,12,2,2.0,2026
2026-02-26 12:00:00+00:00|1.0|vol_trans_follow_h1_low_to_high_h12_tp06_sl065,2026-02-26 12:00:00+00:00,STAGE28A,data/reports/stage28a_discovery_factory_batch_runner/stage28a_exact_trades.csv,volatility_transition_v1,vol_trans_follow_h1_low_to_high_h12_tp06_sl065,-5.718349999999736,-6.768349999999737,-7.468349999999736,0,0,0,1,6.768349999999737,94.65999999999985,43.400000000000546,0.6817972350230362,39.1899999999996,0.5435059964276703,15.889999999999418,21.97749999999987,0.368,1.0,,,12,3,2.0,2026
2026-02-27 12:00:00+00:00|-1.0|vol_trans_follow_h1_low_to_high_h12_tp06_sl065,2026-02-27 12:00:00+00:00,STAGE28A,data/reports/stage28a_discovery_factory_batch_runner/stage28a_exact_trades.csv,volatility_transition_v1,vol_trans_follow_h1_low_to_high_h12_tp06_sl065,3.796600000000035,2.746600000000035,2.0466000000000357,1,1,1,0,2.746600000000035,74.60999999999967,32.68000000000029,0.08353733170136012,31.48999999999978,0.1292473801206649,10.260000000000218,20.276500000000034,0.252,-1.0,,,12,4,2.0,2026
2026-03-02 12:00:00+00:00|-1.0|vol_trans_follow_h1_low_to_high_h12_tp06_sl065,2026-03-02 12:00:00+00:00,STAGE28A,data/reports/stage28a_discovery_factory_batch_runner/stage28a_exact_trades.csv,volatility_transition_v1,vol_trans_follow_h1_low_to_high_h12_tp06_sl065,7.416099999999824,6.366099999999824,5.666099999999824,1,1,1,0,6.366099999999824,87.94000000000051,89.74000000000069,0.3510140405616198,78.23999999999978,0.43366564417177245,16.51000000000022,33.927500000000144,0.988,-1.0,,,12,0,3.0,2026
2026-03-03 12:00:00+00:00|-1.0|vol_trans_follow_h1_low_to_high_h12_tp06_sl065,2026-03-03 12:00:00+00:00,STAGE28A,data/reports/stage28a_discovery_factory_batch_runner/stage28a_exact_trades.csv,volatility_transition_v1,vol_trans_follow_h1_low_to_high_h12_tp06_sl065,14.055700000000252,13.005700000000251,12.305700000000252,1,1,1,0,13.005700000000251,158.2599999999993,50.460000000000036,0.2964724534284587,140.09999999999945,0.804354032833697,77.1299999999992,36.42699999999995,0.98,-1.0,,,12,1,3.0,2026
2026-03-04 12:00:00+00:00|1.0|vol_trans_follow_h1_low_to_high_h12_tp06_sl065,2026-03-04 12:00:00+00:00,STAGE28A,data/reports/stage28a_discovery_factory_batch_runner/stage28a_exact_trades.csv,volatility_transition_v1,vol_trans_follow_h1_low_to_high_h12_tp06_sl065,-10.709375,-11.759375,-12.459375,0,0,0,1,11.759375,382.7999999999993,105.97000000000025,0.29508351420212753,79.67000000000007,0.4089368645663348,25.710000000000036,45.57199999999993,0.92,1.0,,,12,2,3.0,2026
2026-03-05 12:00:00+00:00|-1.0|vol_trans_follow_h1_low_to_high_h12_tp06_sl065,2026-03-05 12:00:00+00:00,STAGE28A,data/reports/stage28a_discovery_factory_batch_runner/stage28a_exact_trades.csv,volatility_transition_v1,vol_trans_follow_h1_low_to_high_h12_tp06_sl065,-9.868925000000308,-10.918925000000309,-11.618925000000308,0,0,0,1,10.918925000000309,121.39000000000033,50.22999999999956,0.11108899064304152,59.60999999999967,0.12028183190739997,26.48999999999978,25.649499999999897,0.572,-1.0,,,12,3,3.0,2026
2026-03-06 12:00:00+00:00|-1.0|vol_trans_follow_h1_low_to_high_h12_tp06_sl065,2026-03-06 12:00:00+00:00,STAGE28A,data/reports/stage28a_discovery_factory_batch_runner/stage28a_exact_trades.csv,volatility_transition_v1,vol_trans_follow_h1_low_to_high_h12_tp06_sl065,6.156100000000516,5.106100000000515,4.406100000000516,1,1,1,0,5.106100000000515,143.6899999999996,76.73999999999978,0.5422204847537111,54.25,0.6733640552995345,25.550000000000182,27.864000000000033,0.6,-1.0,,,12,4,3.0,2026
2026-03-09 12:00:00+00:00|1.0|vol_trans_follow_h1_low_to_high_h12_tp06_sl065,2026-03-09 12:00:00+00:00,STAGE28A,data/reports/stage28a_discovery_factory_batch_runner/stage28a_exact_trades.csv,volatility_transition_v1,vol_trans_follow_h1_low_to_high_h12_tp06_sl065,-10.31677499999987,-11.36677499999987,-12.06677499999987,0,0,0,1,11.36677499999987,147.64000000000033,176.90999999999985,0.08184952800859469,59.55000000000018,0.053064651553313934,37.210000000000036,43.01200000000017,0.88,1.0,,,12,0,3.0,2026
2026-03-10 12:00:00+00:00|-1.0|vol_trans_follow_h1_low_to_high_h12_tp06_sl065,2026-03-10 12:00:00+00:00,STAGE28A,data/reports/stage28a_discovery_factory_batch_runner/stage28a_exact_trades.csv,volatility_transition_v1,vol_trans_follow_h1_low_to_high_h12_tp06_sl065,4.865500000000248,3.815500000000248,3.115500000000248,1,1,1,0,3.815500000000248,176.90999999999985,69.05000000000018,0.35235336712526955,38.60999999999967,0.3504273504273468,8.910000000000764,23.33850000000002,0.264,-1.0,,,12,1,3.0,2026
2026-03-11 12:00:00+00:00|1.0|vol_trans_follow_h1_low_to_high_h12_tp06_sl065,2026-03-11 12:00:00+00:00,STAGE28A,data/reports/stage28a_discovery_factory_batch_runner/stage28a_exact_trades.csv,volatility_transition_v1,vol_trans_follow_h1_low_to_high_h12_tp06_sl065,-6.609175000000141,-7.659175000000141,-8.35917500000014,0,0,0,1,7.659175000000141,121.13000000000011,39.590000000000146,0.15584743622126926,35.25,0.5140425531914863,17.139999999999418,21.13899999999999,0.096,1.0,,,12,2,3.0,2026
2026-03-12 12:00:00+00:00|1.0|vol_trans_follow_h1_low_to_high_h12_tp06_sl065,2026-03-12 12:00:00+00:00,STAGE28A,data/reports/stage28a_discovery_factory_batch_runner/stage28a_exact_trades.csv,volatility_transition_v1,vol_trans_follow_h1_low_to_high_h12_tp06_sl065,-5.4303999999998265,-6.480399999999827,-7.1803999999998265,0,0,0,1,6.480399999999827,89.92000000000007,56.44999999999982,0.14508414526128655,54.350000000000364,0.7308187672493098,15.800000000000182,20.895500000000037,0.112,1.0,,,12,3,3.0,2026
2026-03-13 12:00:00+00:00|1.0|vol_trans_follow_h1_low_to_high_h12_tp06_sl065,2026-03-13 12:00:00+00:00,STAGE28A,data/reports/stage28a_discovery_factory_batch_runner/stage28a_exact_trades.csv,volatility_transition_v1,vol_trans_follow_h1_low_to_high_h12_tp06_sl065,-7.521124999999847,-8.571124999999848,-9.271124999999849,0,0,0,1,8.571124999999848,136.32999999999993,55.710000000000036,0.1202656614611347,49.1299999999992,0.19967433340117344,13.840000000000146,19.944500000000062,0.08,1.0,,,12,4,3.0,2026
2026-03-16 12:00:00+00:00|-1.0|vol_trans_follow_h1_low_to_high_h12_tp06_sl065,2026-03-16 12:00:00+00:00,STAGE28A,data/reports/stage28a_discovery_factory_batch_runner/stage28a_exact_trades.csv,volatility_transition_v1,vol_trans_follow_h1_low_to_high_h12_tp06_sl065,-7.492525000000205,-8.542525000000206,-9.242525000000205,0,0,0,1,8.542525000000206,62.539999999999964,62.710000000000036,0.2433423696380196,65.6899999999996,0.21205662962398336,18.6899999999996,29.076499999999896,0.536,-1.0,,,12,0,3.0,2026
2026-03-17 12:00:00+00:00|-1.0|vol_trans_follow_h1_low_to_high_h12_tp06_sl065,2026-03-17 12:00:00+00:00,STAGE28A,data/reports/stage28a_discovery_factory_batch_runner/stage28a_exact_trades.csv,volatility_transition_v1,vol_trans_follow_h1_low_to_high_h12_tp06_sl065,-6.3787500000004,-7.4287500000004,-8.1287500000004,0,0,0,1,7.4287500000004,69.77000000000044,46.720000000000255,0.5355308219178146,52.33000000000084,0.7177527231033611,15.970000000000255,19.564000000000078,0.036,-1.0,,,12,1,3.0,2026
2026-03-18 12:00:00+00:00|1.0|vol_trans_follow_h1_low_to_high_h12_tp06_sl065,2026-03-18 12:00:00+00:00,STAGE28A,data/reports/stage28a_discovery_factory_batch_runner/stage28a_exact_trades.csv,volatility_transition_v1,vol_trans_follow_h1_low_to_high_h12_tp06_sl065,-5.4466500000004086,-6.496650000000409,-7.1966500000004086,0,0,0,1,6.496650000000409,70.88000000000011,33.909999999999854,0.4624004718371999,57.25,0.3369432314410474,10.9399999999996,15.083499999999912,0.004,1.0,,,12,2,3.0,2026
2026-03-19 12:00:00+00:00|-1.0|vol_trans_follow_h1_low_to_high_h12_tp06_sl065,2026-03-19 12:00:00+00:00,STAGE28A,data/reports/stage28a_discovery_factory_batch_runner/stage28a_exact_trades.csv,volatility_transition_v1,vol_trans_follow_h1_low_to_high_h12_tp06_sl065,15.1483000000002,14.0983000000002,13.3983000000002,1,1,1,0,14.0983000000002,209.3699999999999,62.36999999999989,0.2081128747795494,187.1199999999999,0.911928174433516,38.11999999999989,31.954500000000007,0.888,-1.0,,,12,3,3.0,2026
2026-03-20 12:00:00+00:00|-1.0|vol_trans_follow_h1_low_to_high_h12_tp06_sl065,2026-03-20 12:00:00+00:00,STAGE28A,data/reports/stage28a_discovery_factory_batch_runner/stage28a_exact_trades.csv,volatility_transition_v1,vol_trans_follow_h1_low_to_high_h12_tp06_sl065,10.008100000000375,8.958100000000377,8.258100000000377,1,1,1,0,8.958100000000377,364.7399999999998,101.35999999999967,0.7723954222573028,96.74000000000069,0.788918751292124,40.42999999999938,38.84099999999999,0.84,-1.0,,,12,4,3.0,2026
2026-03-23 12:00:00+00:00|1.0|vol_trans_follow_h1_low_to_high_h12_tp06_sl065,2026-03-23 12:00:00+00:00,STAGE28A,data/reports/stage28a_discovery_factory_batch_runner/stage28a_exact_trades.csv,volatility_transition_v1,vol_trans_follow_h1_low_to_high_h12_tp06_sl065,30.014800000000285,28.964800000000288,28.264800000000285,1,1,1,0,28.964800000000288,86.35999999999967,216.32999999999993,0.4497758054823659,280.8600000000006,0.3504949084953336,84.53999999999996,75.84400000000005,1.0,1.0,,,12,0,3.0,2026
2026-03-24 12:00:00+00:00|1.0|vol_trans_follow_h1_low_to_high_h12_tp06_sl065,2026-03-24 12:00:00+00:00,STAGE28A,data/reports/stage28a_discovery_factory_batch_runner/stage28a_exact_trades.csv,volatility_transition_v1,vol_trans_follow_h1_low_to_high_h12_tp06_sl065,13.680099999999948,12.630099999999947,11.930099999999948,1,1,1,0,12.630099999999947,437.1700000000001,141.98999999999978,0.7553348827382221,121.75,0.8636550308008258,34.720000000000255,55.24600000000005,0.868,1.0,,,12,1,3.0,2026
2026-03-25 12:00:00+00:00|-1.0|vol_trans_follow_h1_low_to_high_h12_tp06_sl065,2026-03-25 12:00:00+00:00,STAGE28A,data/reports/stage28a_discovery_factory_batch_runner/stage28a_exact_trades.csv,volatility_transition_v1,vol_trans_follow_h1_low_to_high_h12_tp06_sl065,-9.891675000000395,-10.941675000000396,-11.641675000000395,0,0,0,1,10.941675000000396,245.17999999999938,146.3800000000001,0.1763902172427906,45.51999999999953,0.31480667838313,39.61999999999989,38.915000000000006,0.66,-1.0,,,12,2,3.0,2026
2026-03-26 12:00:00+00:00|-1.0|vol_trans_follow_h1_low_to_high_h12_tp06_sl065,2026-03-26 12:00:00+00:00,STAGE28A,data/reports/stage28a_discovery_factory_batch_runner/stage28a_exact_trades.csv,volatility_transition_v1,vol_trans_follow_h1_low_to_high_h12_tp06_sl065,-12.855350000000362,-13.905350000000364,-14.605350000000362,0,0,0,1,13.905350000000364,146.3800000000001,54.910000000000764,0.4028410125660095,109.26000000000022,0.7089511257550786,22.229999999999563,34.84450000000011,0.58,-1.0,,,12,3,3.0,2026
2026-03-27 12:00:00+00:00|1.0|vol_trans_follow_h1_low_to_high_h12_tp06_sl065,2026-03-27 12:00:00+00:00,STAGE28A,data/reports/stage28a_discovery_factory_batch_runner/stage28a_exact_trades.csv,volatility_transition_v1,vol_trans_follow_h1_low_to_high_h12_tp06_sl065,-8.124650000000292,-9.174650000000293,-9.874650000000292,0,0,0,1,9.174650000000293,192.66000000000076,73.67999999999938,0.5563246471226945,64.27999999999975,0.48397635345363715,17.469999999999345,33.119499999999924,0.46,1.0,,,12,4,3.0,2026
2026-03-30 12:00:00+00:00|1.0|vol_trans_follow_h1_low_to_high_h12_tp06_sl065,2026-03-30 12:00:00+00:00,STAGE28A,data/reports/stage28a_discovery_factory_batch_runner/stage28a_exact_trades.csv,volatility_transition_v1,vol_trans_follow_h1_low_to_high_h12_tp06_sl065,6.617499999999746,5.567499999999745,4.867499999999746,1,1,1,0,5.567499999999745,39.409999999999854,97.78999999999996,0.1155537376009836,64.01999999999953,0.5651358950328109,14.860000000000582,37.560499999999955,0.588,1.0,,,12,0,3.0,2026
2026-03-31 12:00:00+00:00|1.0|vol_trans_follow_h1_low_to_high_h12_tp06_sl065,2026-03-31 12:00:00+00:00,STAGE28A,data/reports/stage28a_discovery_factory_batch_runner/stage28a_exact_trades.csv,volatility_transition_v1,vol_trans_follow_h1_low_to_high_h12_tp06_sl065,-7.855224999999882,-8.905224999999882,-9.605224999999882,0,0,0,1,8.905224999999882,160.84999999999945,136.60000000000036,0.3423865300146369,37.849999999999454,0.04042272126815766,14.539999999999964,31.60749999999998,0.272,1.0,,,12,1,3.0,2026
2026-04-01 12:00:00+00:00|1.0|vol_trans_follow_h1_low_to_high_h12_tp06_sl065,2026-04-01 12:00:00+00:00,STAGE28A,data/reports/stage28a_discovery_factory_batch_runner/stage28a_exact_trades.csv,volatility_transition_v1,vol_trans_follow_h1_low_to_high_h12_tp06_sl065,8.466100000000006,7.416100000000005,6.716100000000006,1,1,1,0,7.416100000000005,204.27000000000044,62.159999999999854,0.011904761904773053,80.67000000000007,0.5141936283624697,30.13000000000011,30.119500000000063,0.196,1.0,,,12,2,4.0,2026
2026-04-02 12:00:00+00:00|-1.0|vol_trans_follow_h1_low_to_high_h12_tp06_sl065,2026-04-02 12:00:00+00:00,STAGE28A,data/reports/stage28a_discovery_factory_batch_runner/stage28a_exact_trades.csv,volatility_transition_v1,vol_trans_follow_h1_low_to_high_h12_tp06_sl065,12.005800000000272,10.955800000000272,10.255800000000272,1,1,1,0,10.955800000000272,131.1300000000001,150.57999999999993,0.6674193119936249,127.85000000000036,0.4268283144309703,31.18000000000029,39.66400000000003,0.664,-1.0,,,12,3,4.0,2026
2026-04-06 12:00:00+00:00|1.0|vol_trans_follow_h1_low_to_high_h12_tp06_sl065,2026-04-06 12:00:00+00:00,STAGE28A,data/reports/stage28a_discovery_factory_batch_runner/stage28a_exact_trades.csv,volatility_transition_v1,vol_trans_follow_h1_low_to_high_h12_tp06_sl065,-8.253999999999541,-9.303999999999542,-10.00399999999954,0,0,0,1,9.303999999999542,51.22999999999956,70.59000000000015,0.08358124380224584,66.5,0.7993984962405993,16.539999999999964,32.66799999999989,0.264,1.0,,,12,0,4.0,2026
2026-04-07 12:00:00+00:00|1.0|vol_trans_follow_h1_low_to_high_h12_tp06_sl065,2026-04-07 12:00:00+00:00,STAGE28A,data/reports/stage28a_discovery_factory_batch_runner/stage28a_exact_trades.csv,volatility_transition_v1,vol_trans_follow_h1_low_to_high_h12_tp06_sl065,7.495900000000256,6.445900000000256,5.7459000000002565,1,1,1,0,6.445900000000256,105.48999999999978,51.460000000000036,0.17061795569375532,71.22999999999956,0.3018391127334007,46.539999999999964,22.012999999999874,0.044,1.0,,,12,1,4.0,2026
2026-04-08 12:00:00+00:00|-1.0|vol_trans_follow_h1_low_to_high_h12_tp06_sl065,2026-04-08 12:00:00+00:00,STAGE28A,data/reports/stage28a_discovery_factory_batch_runner/stage28a_exact_trades.csv,volatility_transition_v1,vol_trans_follow_h1_low_to_high_h12_tp06_sl065,7.233999999999833,6.183999999999832,5.483999999999833,1,1,1,0,6.183999999999832,211.28000000000065,140.1299999999992,0.1491472204381693,66.96000000000004,0.2144563918757417,29.210000000000036,34.28150000000001,0.544,-1.0,,,12,2,4.0,2026
2026-04-09 12:00:00+00:00|1.0|vol_trans_follow_h1_low_to_high_h12_tp06_sl065,2026-04-09 12:00:00+00:00,STAGE28A,data/reports/stage28a_discovery_factory_batch_runner/stage28a_exact_trades.csv,volatility_transition_v1,vol_trans_follow_h1_low_to_high_h12_tp06_sl065,-8.147725000000355,-9.197725000000355,-9.897725000000356,0,0,0,1,9.197725000000355,154.54999999999927,33.960000000000036,0.176972909305071,29.56999999999971,0.5989178221170176,12.989999999999782,24.908000000000037,0.08,1.0,,,12,3,4.0,2026
2026-04-10 12:00:00+00:00|-1.0|vol_trans_follow_h1_low_to_high_h12_tp06_sl065,2026-04-10 12:00:00+00:00,STAGE28A,data/reports/stage28a_discovery_factory_batch_runner/stage28a_exact_trades.csv,volatility_transition_v1,vol_trans_follow_h1_low_to_high_h12_tp06_sl065,4.303599999999642,3.253599999999642,2.5535999999996424,1,1,1,0,3.253599999999642,102.13000000000011,41.600000000000364,0.05817307692307817,39.80999999999949,0.3765385581512176,22.329999999999927,19.503499999999985,0.012,-1.0,,,12,4,4.0,2026
2026-04-13 12:00:00+00:00|-1.0|vol_trans_follow_h1_low_to_high_h12_tp06_sl065,2026-04-13 12:00:00+00:00,STAGE28A,data/reports/stage28a_discovery_factory_batch_runner/stage28a_exact_trades.csv,volatility_transition_v1,vol_trans_follow_h1_low_to_high_h12_tp06_sl065,-5.691699999999946,-6.7416999999999465,-7.441699999999946,0,0,0,1,6.7416999999999465,49.659999999999854,83.46000000000004,0.7075245626647405,31.029999999999745,0.1111827263938368,18.13000000000011,23.236499999999932,0.232,-1.0,,,12,0,4.0,2026
2026-04-14 12:00:00+00:00|1.0|vol_trans_follow_h1_low_to_high_h12_tp06_sl065,2026-04-14 12:00:00+00:00,STAGE28A,data/reports/stage28a_discovery_factory_batch_runner/stage28a_exact_trades.csv,volatility_transition_v1,vol_trans_follow_h1_low_to_high_h12_tp06_sl065,-6.075524999999834,-7.1255249999998345,-7.825524999999834,0,0,0,1,7.1255249999998345,114.48000000000047,31.23999999999978,0.3117797695262436,37.72999999999956,0.2793532997614653,15.649999999999636,17.88549999999991,0.036,1.0,,,12,1,4.0,2026
2026-04-15 12:00:00+00:00|1.0|vol_trans_follow_h1_low_to_high_h12_tp06_sl065,2026-04-15 12:00:00+00:00,STAGE28A,data/reports/stage28a_discovery_factory_batch_runner/stage28a_exact_trades.csv,volatility_transition_v1,vol_trans_follow_h1_low_to_high_h12_tp06_sl065,5.045499999999629,3.995499999999629,3.2954999999996293,1,1,1,0,3.995499999999629,100.72999999999956,54.25,0.20552995391704398,44.31999999999971,0.5873194945848357,15.949999999999818,18.2,0.096,1.0,,,12,2,4.0,2026
2026-04-16 12:00:00+00:00|-1.0|vol_trans_follow_h1_low_to_high_h12_tp06_sl065,2026-04-16 12:00:00+00:00,STAGE28A,data/reports/stage28a_discovery_factory_batch_runner/stage28a_exact_trades.csv,volatility_transition_v1,vol_trans_follow_h1_low_to_high_h12_tp06_sl065,4.127799999999661,3.077799999999661,2.3777999999996613,1,1,1,0,3.077799999999661,85.13999999999942,46.51999999999953,0.3555460017196933,31.529999999999745,0.35172851252775883,15.0600000000004,16.012000000000036,0.016,-1.0,,,12,3,4.0,2026
2026-04-17 12:00:00+00:00|1.0|vol_trans_follow_h1_low_to_high_h12_tp06_sl065,2026-04-17 12:00:00+00:00,STAGE28A,data/reports/stage28a_discovery_factory_batch_runner/stage28a_exact_trades.csv,volatility_transition_v1,vol_trans_follow_h1_low_to_high_h12_tp06_sl065,3.920800000000236,2.870800000000236,2.170800000000236,1,1,1,0,2.870800000000236,65.03999999999996,33.399999999999636,0.042215568862271555,27.38000000000011,0.10336011687362731,15.989999999999782,15.80050000000001,0.072,1.0,,,12,4,4.0,2026
2026-04-20 12:00:00+00:00|1.0|vol_trans_follow_h1_low_to_high_h12_tp06_sl065,2026-04-20 12:00:00+00:00,STAGE28A,data/reports/stage28a_discovery_factory_batch_runner/stage28a_exact_trades.csv,volatility_transition_v1,vol_trans_follow_h1_low_to_high_h12_tp06_sl065,-5.310149999999885,-6.360149999999885,-7.060149999999885,0,0,0,1,6.360149999999885,36.82000000000062,77.25,0.15093851132685895,26.13000000000011,0.027171833141983674,10.090000000000146,21.986500000000024,0.6,1.0,,,12,0,4.0,2026
2026-04-21 12:00:00+00:00|1.0|vol_trans_follow_h1_low_to_high_h12_tp06_sl065,2026-04-21 12:00:00+00:00,STAGE28A,data/reports/stage28a_discovery_factory_batch_runner/stage28a_exact_trades.csv,volatility_transition_v1,vol_trans_follow_h1_low_to_high_h12_tp06_sl065,4.778200000000107,3.7282000000001054,3.0282000000001066,1,1,1,0,3.7282000000001054,90.67000000000007,40.399999999999636,0.7566831683168312,25.050000000000182,0.5417165668662519,18.039999999999964,14.880999999999949,0.044,1.0,,,12,1,4.0,2026
2026-04-22 12:00:00+00:00|-1.0|vol_trans_follow_h1_low_to_high_h12_tp06_sl065,2026-04-22 12:00:00+00:00,STAGE28A,data/reports/stage28a_discovery_factory_batch_runner/stage28a_exact_trades.csv,volatility_transition_v1,vol_trans_follow_h1_low_to_high_h12_tp06_sl065,3.1893999999996594,2.13939999999966,1.4393999999996598,1,1,1,0,2.13939999999966,164.42000000000007,49.36000000000058,0.7803889789302891,19.909999999999854,0.14364640883980928,10.279999999999745,23.436499999999977,0.748,-1.0,,,12,2,4.0,2026
2026-04-23 12:00:00+00:00|-1.0|vol_trans_follow_h1_low_to_high_h12_tp06_sl065,2026-04-23 12:00:00+00:00,STAGE28A,data/reports/stage28a_discovery_factory_batch_runner/stage28a_exact_trades.csv,volatility_transition_v1,vol_trans_follow_h1_low_to_high_h12_tp06_sl065,-5.614675000000352,-6.6646750000003525,-7.364675000000352,0,0,0,1,6.6646750000003525,56.470000000000255,59.63000000000011,0.37078651685392644,31.92999999999938,0.19417475728155145,22.75999999999931,18.103499999999894,0.428,-1.0,,,12,3,4.0,2026
2026-04-24 12:00:00+00:00|-1.0|vol_trans_follow_h1_low_to_high_h12_tp06_sl065,2026-04-24 12:00:00+00:00,STAGE28A,data/reports/stage28a_discovery_factory_batch_runner/stage28a_exact_trades.csv,volatility_transition_v1,vol_trans_follow_h1_low_to_high_h12_tp06_sl065,4.472500000000219,3.4225000000002184,2.722500000000218,1,1,1,0,3.4225000000002184,89.48000000000047,42.279999999999745,0.4973982970671682,39.52000000000044,0.2608805668016267,12.289999999999964,20.423999999999978,0.708,-1.0,,,12,4,4.0,2026
2026-04-27 12:00:00+00:00|-1.0|vol_trans_follow_h1_low_to_high_h12_tp06_sl065,2026-04-27 12:00:00+00:00,STAGE28A,data/reports/stage28a_discovery_factory_batch_runner/stage28a_exact_trades.csv,volatility_transition_v1,vol_trans_follow_h1_low_to_high_h12_tp06_sl065,2.959900000000198,1.909900000000198,1.2099000000001985,1,1,1,0,1.909900000000198,19.25,57.220000000000255,0.6957357567284206,30.449999999999818,0.671592775041049,9.30999999999949,14.895000000000072,0.096,-1.0,,,12,0,4.0,2026
2026-04-28 12:00:00+00:00|-1.0|vol_trans_follow_h1_low_to_high_h12_tp06_sl065,2026-04-28 12:00:00+00:00,STAGE28A,data/reports/stage28a_discovery_factory_batch_runner/stage28a_exact_trades.csv,volatility_transition_v1,vol_trans_follow_h1_low_to_high_h12_tp06_sl065,6.337299999999596,5.287299999999595,4.587299999999596,1,1,1,0,5.287299999999595,62.81999999999971,34.590000000000146,0.49031511997687094,66.61000000000058,0.9911424711004333,20.579999999999927,14.017499999999973,0.128,-1.0,,,12,1,4.0,2026
2026-04-29 12:00:00+00:00|1.0|vol_trans_follow_h1_low_to_high_h12_tp06_sl065,2026-04-29 12:00:00+00:00,STAGE28A,data/reports/stage28a_discovery_factory_batch_runner/stage28a_exact_trades.csv,volatility_transition_v1,vol_trans_follow_h1_low_to_high_h12_tp06_sl065,4.209100000000399,3.159100000000399,2.459100000000399,1,1,1,0,3.159100000000399,146.2599999999993,33.97999999999956,0.036492054149493754,55.970000000000255,0.707343219581902,19.329999999999927,14.940500000000203,0.208,1.0,,,12,2,4.0,2026
2026-04-30 12:00:00+00:00|1.0|vol_trans_follow_h1_low_to_high_h12_tp06_sl065,2026-04-30 12:00:00+00:00,STAGE28A,data/reports/stage28a_discovery_factory_batch_runner/stage28a_exact_trades.csv,volatility_transition_v1,vol_trans_follow_h1_low_to_high_h12_tp06_sl065,5.721399999999813,4.671399999999812,3.9713999999998126,1,1,1,0,4.671399999999812,99.84999999999945,43.11000000000058,0.09255393180235973,91.03999999999996,0.7621924428822534,32.399999999999636,21.205999999999722,0.848,1.0,,,12,3,4.0,2026
2026-05-01 12:00:00+00:00|-1.0|vol_trans_follow_h1_low_to_high_h12_tp06_sl065,2026-05-01 12:00:00+00:00,STAGE28A,data/reports/stage28a_discovery_factory_batch_runner/stage28a_exact_trades.csv,volatility_transition_v1,vol_trans_follow_h1_low_to_high_h12_tp06_sl065,-5.129774999999972,-6.179774999999973,-6.879774999999972,0,0,0,1,6.179774999999973,107.63000000000011,21.970000000000255,0.17023213472916424,68.44999999999982,0.9382030679327906,17.359999999999673,14.220500000000039,0.144,-1.0,,,12,4,5.0,2026
2026-05-04 12:00:00+00:00|-1.0|vol_trans_follow_h1_low_to_high_h12_tp06_sl065,2026-05-04 12:00:00+00:00,STAGE28A,data/reports/stage28a_discovery_factory_batch_runner/stage28a_exact_trades.csv,volatility_transition_v1,vol_trans_follow_h1_low_to_high_h12_tp06_sl065,4.502499999999964,3.452499999999964,2.752499999999964,1,1,1,0,3.452499999999964,16.889999999999418,38.17999999999938,0.09979046621266507,42.73999999999978,0.9333177351427359,7.489999999999782,17.278999999999815,0.348,-1.0,,,12,0,5.0,2026
2026-05-05 12:00:00+00:00|1.0|vol_trans_follow_h1_low_to_high_h12_tp06_sl065,2026-05-05 12:00:00+00:00,STAGE28A,data/reports/stage28a_discovery_factory_batch_runner/stage28a_exact_trades.csv,volatility_transition_v1,vol_trans_follow_h1_low_to_high_h12_tp06_sl065,-5.554874999999447,-6.604874999999447,-7.304874999999447,0,0,0,1,6.604874999999447,128.5099999999993,32.99000000000069,0.5216732343134185,32.52000000000044,0.6685116851168634,14.13000000000011,17.10599999999995,0.32,1.0,,,12,1,5.0,2026
2026-05-06 12:00:00+00:00|1.0|vol_trans_follow_h1_low_to_high_h12_tp06_sl065,2026-05-06 12:00:00+00:00,STAGE28A,data/reports/stage28a_discovery_factory_batch_runner/stage28a_exact_trades.csv,volatility_transition_v1,vol_trans_follow_h1_low_to_high_h12_tp06_sl065,5.44780000000028,4.397800000000279,3.69780000000028,1,1,1,0,4.397800000000279,72.96000000000004,105.18000000000029,0.6700893706027788,65.11000000000058,0.8944862540316274,30.789999999999964,18.20449999999987,0.5,1.0,,,12,2,5.0,2026
2026-05-07 12:00:00+00:00|-1.0|vol_trans_follow_h1_low_to_high_h12_tp06_sl065,2026-05-07 12:00:00+00:00,STAGE28A,data/reports/stage28a_discovery_factory_batch_runner/stage28a_exact_trades.csv,volatility_transition_v1,vol_trans_follow_h1_low_to_high_h12_tp06_sl065,5.65420000000031,4.60420000000031,3.9042000000003103,1,1,1,0,4.60420000000031,176.60000000000036,35.909999999999854,0.12252854358116552,61.06999999999971,0.48747339119043176,22.650000000000546,17.736999999999945,0.384,-1.0,,,12,3,5.0,2026
2026-05-08 12:00:00+00:00|1.0|vol_trans_follow_h1_low_to_high_h12_tp06_sl065,2026-05-08 12:00:00+00:00,STAGE28A,data/reports/stage28a_discovery_factory_batch_runner/stage28a_exact_trades.csv,volatility_transition_v1,vol_trans_follow_h1_low_to_high_h12_tp06_sl065,-6.380375000000276,-7.430375000000277,-8.130375000000276,0,0,0,1,7.430375000000277,80.0,50.93000000000029,0.6630669546436154,37.44000000000051,0.20619658119658518,16.780000000000655,23.060000000000127,0.992,1.0,,,12,4,5.0,2026
2026-05-11 12:00:00+00:00|-1.0|vol_trans_follow_h1_low_to_high_h12_tp06_sl065,2026-05-11 12:00:00+00:00,STAGE28A,data/reports/stage28a_discovery_factory_batch_runner/stage28a_exact_trades.csv,volatility_transition_v1,vol_trans_follow_h1_low_to_high_h12_tp06_sl065,4.488700000000245,3.438700000000245,2.738700000000245,1,1,1,0,3.438700000000245,22.93000000000029,35.22999999999956,0.3735452739142781,32.529999999999745,0.6889025514909324,14.470000000000255,18.375999999999976,0.476,-1.0,,,12,0,5.0,2026
2026-05-12 12:00:00+00:00|1.0|vol_trans_follow_h1_low_to_high_h12_tp06_sl065,2026-05-12 12:00:00+00:00,STAGE28A,data/reports/stage28a_discovery_factory_batch_runner/stage28a_exact_trades.csv,volatility_transition_v1,vol_trans_follow_h1_low_to_high_h12_tp06_sl065,4.606600000000436,3.556600000000435,2.8566000000004355,1,1,1,0,3.556600000000435,103.15999999999985,55.06999999999971,0.5616488106046932,43.150000000000546,0.48528389339511785,9.430000000000291,19.012000000000036,0.48,1.0,,,12,1,5.0,2026
2026-05-13 12:00:00+00:00|-1.0|vol_trans_follow_h1_low_to_high_h12_tp06_sl065,2026-05-13 12:00:00+00:00,STAGE28A,data/reports/stage28a_discovery_factory_batch_runner/stage28a_exact_trades.csv,volatility_transition_v1,vol_trans_follow_h1_low_to_high_h12_tp06_sl065,-5.005300000000352,-6.0553000000003525,-6.755300000000352,0,0,0,1,6.0553000000003525,134.8199999999997,38.69000000000051,0.5420005169294386,29.390000000000327,0.16570261993874913,9.789999999999964,15.846500000000015,0.116,-1.0,,,12,2,5.0,2026
2026-05-14 12:00:00+00:00|1.0|vol_trans_follow_h1_low_to_high_h12_tp06_sl065,2026-05-14 12:00:00+00:00,STAGE28A,data/reports/stage28a_discovery_factory_batch_runner/stage28a_exact_trades.csv,volatility_transition_v1,vol_trans_follow_h1_low_to_high_h12_tp06_sl065,5.57529999999988,4.525299999999879,3.82529999999988,1,1,1,0,4.525299999999879,57.02000000000044,32.970000000000255,0.7546254170457967,49.600000000000364,0.49818548387096484,14.63000000000011,17.600500000000057,0.34,1.0,,,12,3,5.0,2026
2026-05-15 12:00:00+00:00|-1.0|vol_trans_follow_h1_low_to_high_h12_tp06_sl065,2026-05-15 12:00:00+00:00,STAGE28A,data/reports/stage28a_discovery_factory_batch_runner/stage28a_exact_trades.csv,volatility_transition_v1,vol_trans_follow_h1_low_to_high_h12_tp06_sl065,-9.002149999999892,-10.052149999999893,-10.752149999999892,0,0,0,1,10.052149999999893,74.1200000000008,57.9399999999996,0.8066965826717312,89.64999999999964,0.7779141104294486,21.56999999999971,21.18699999999999,0.872,-1.0,,,12,4,5.0,2026
2026-05-18 12:00:00+00:00|1.0|vol_trans_follow_h1_low_to_high_h12_tp06_sl065,2026-05-18 12:00:00+00:00,STAGE28A,data/reports/stage28a_discovery_factory_batch_runner/stage28a_exact_trades.csv,volatility_transition_v1,vol_trans_follow_h1_low_to_high_h12_tp06_sl065,-7.549074999999538,-8.599074999999539,-9.299074999999538,0,0,0,1,8.599074999999539,26.420000000000073,74.32000000000062,0.06848762109795618,29.890000000000327,0.07862161257946933,14.38000000000011,24.050000000000182,0.936,1.0,,,12,0,5.0,2026
2026-05-19 12:00:00+00:00|-1.0|vol_trans_follow_h1_low_to_high_h12_tp06_sl065,2026-05-19 12:00:00+00:00,STAGE28A,data/reports/stage28a_discovery_factory_batch_runner/stage28a_exact_trades.csv,volatility_transition_v1,vol_trans_follow_h1_low_to_high_h12_tp06_sl065,-6.581549999999515,-7.631549999999516,-8.331549999999515,0,0,0,1,7.631549999999516,103.57999999999993,45.600000000000364,0.634210526315786,28.25999999999931,0.11075725406936256,22.69000000000051,18.02049999999995,0.324,-1.0,,,12,1,5.0,2026
2026-05-20 12:00:00+00:00|1.0|vol_trans_follow_h1_low_to_high_h12_tp06_sl065,2026-05-20 12:00:00+00:00,STAGE28A,data/reports/stage28a_discovery_factory_batch_runner/stage28a_exact_trades.csv,volatility_transition_v1,vol_trans_follow_h1_low_to_high_h12_tp06_sl065,5.272599999999693,4.222599999999693,3.5225999999996933,1,1,1,0,4.222599999999693,124.22000000000025,55.14000000000033,0.37413855640188587,34.54999999999927,0.6208393632416865,13.0600000000004,21.069000000000095,0.7,1.0,,,12,2,5.0,2026
2026-05-21 12:00:00+00:00|1.0|vol_trans_follow_h1_low_to_high_h12_tp06_sl065,2026-05-21 12:00:00+00:00,STAGE28A,data/reports/stage28a_discovery_factory_batch_runner/stage28a_exact_trades.csv,volatility_transition_v1,vol_trans_follow_h1_low_to_high_h12_tp06_sl065,-6.0111750000001845,-7.061175000000185,-7.761175000000184,0,0,0,1,7.061175000000185,98.85000000000036,43.460000000000036,0.26346065347445485,31.13000000000011,0.08833922261484067,18.38000000000011,19.53149999999996,0.512,1.0,,,12,3,5.0,2026
2026-05-22 12:00:00+00:00|-1.0|vol_trans_follow_h1_low_to_high_h12_tp06_sl065,2026-05-22 12:00:00+00:00,STAGE28A,data/reports/stage28a_discovery_factory_batch_runner/stage28a_exact_trades.csv,volatility_transition_v1,vol_trans_follow_h1_low_to_high_h12_tp06_sl065,-5.537649999999848,-6.587649999999849,-7.287649999999848,0,0,0,1,6.587649999999849,81.88999999999942,27.229999999999563,0.5233198677928839,28.420000000000073,0.09570724841661674,13.979999999999563,16.46399999999985,0.092,-1.0,,,12,4,5.0,2026
2026-05-27 12:00:00+00:00|1.0|vol_trans_follow_h1_low_to_high_h12_tp06_sl065,2026-05-27 12:00:00+00:00,STAGE28A,data/reports/stage28a_discovery_factory_batch_runner/stage28a_exact_trades.csv,volatility_transition_v1,vol_trans_follow_h1_low_to_high_h12_tp06_sl065,4.577200000000085,3.5272000000000845,2.8272000000000848,1,1,1,0,3.5272000000000845,97.72000000000025,31.00999999999931,0.44953240890035184,41.44000000000051,0.16674710424709868,16.709999999999127,15.934500000000025,0.228,1.0,,,12,2,5.0,2026
2026-05-28 12:00:00+00:00|-1.0|vol_trans_follow_h1_low_to_high_h12_tp06_sl065,2026-05-28 12:00:00+00:00,STAGE28A,data/reports/stage28a_discovery_factory_batch_runner/stage28a_exact_trades.csv,volatility_transition_v1,vol_trans_follow_h1_low_to_high_h12_tp06_sl065,-6.0907999999995805,-7.140799999999581,-7.8407999999995805,0,0,0,1,7.140799999999581,126.31999999999971,97.43000000000029,0.8483013445550589,32.26000000000022,0.5855548667079755,8.989999999999782,18.55799999999981,0.52,-1.0,,,12,3,5.0,2026
2026-05-29 12:00:00+00:00|-1.0|vol_trans_follow_h1_low_to_high_h12_tp06_sl065,2026-05-29 12:00:00+00:00,STAGE28A,data/reports/stage28a_discovery_factory_batch_runner/stage28a_exact_trades.csv,volatility_transition_v1,vol_trans_follow_h1_low_to_high_h12_tp06_sl065,4.570900000000075,3.5209000000000743,2.8209000000000746,1,1,1,0,3.5209000000000743,149.91000000000076,31.609999999999673,0.3144574501739862,38.23000000000047,0.7737379021710583,14.950000000000728,16.15900000000006,0.16,-1.0,,,12,4,5.0,2026
2026-06-01 12:00:00+00:00|-1.0|vol_trans_follow_h1_low_to_high_h12_tp06_sl065,2026-06-01 12:00:00+00:00,STAGE28A,data/reports/stage28a_discovery_factory_batch_runner/stage28a_exact_trades.csv,volatility_transition_v1,vol_trans_follow_h1_low_to_high_h12_tp06_sl065,-5.069325000000026,-6.1193250000000265,-6.819325000000026,0,0,0,1,6.1193250000000265,22.170000000000073,36.05999999999949,0.5268996117581882,35.95000000000073,0.56383866481224,13.729999999999563,17.2375,0.372,-1.0,,,12,0,6.0,2026
2026-06-02 12:00:00+00:00|-1.0|vol_trans_follow_h1_low_to_high_h12_tp06_sl065,2026-06-02 12:00:00+00:00,STAGE28A,data/reports/stage28a_discovery_factory_batch_runner/stage28a_exact_trades.csv,volatility_transition_v1,vol_trans_follow_h1_low_to_high_h12_tp06_sl065,3.836200000000099,2.786200000000099,2.0862000000000998,1,1,1,0,2.786200000000099,98.14999999999964,36.25,0.3817931034482799,43.899999999999636,0.6999999999999958,13.13000000000011,17.06349999999993,0.428,-1.0,,,12,1,6.0,2026
2026-06-04 12:00:00+00:00|1.0|vol_trans_follow_h1_low_to_high_h12_tp06_sl065,2026-06-04 12:00:00+00:00,STAGE28A,data/reports/stage28a_discovery_factory_batch_runner/stage28a_exact_trades.csv,volatility_transition_v1,vol_trans_follow_h1_low_to_high_h12_tp06_sl065,4.081900000000497,3.0319000000004963,2.331900000000497,1,1,1,0,3.0319000000004963,70.15000000000055,52.960000000000036,0.2736027190332283,25.360000000000582,0.2602523659305719,10.610000000000582,18.18199999999997,0.684,1.0,,,12,3,6.0,2026
2026-06-08 12:00:00+00:00|-1.0|vol_trans_follow_h1_low_to_high_h12_tp06_sl065,2026-06-08 12:00:00+00:00,STAGE28A,data/reports/stage28a_discovery_factory_batch_runner/stage28a_exact_trades.csv,volatility_transition_v1,vol_trans_follow_h1_low_to_high_h12_tp06_sl065,6.587200000000303,5.537200000000302,4.837200000000303,1,1,1,0,5.537200000000302,20.30999999999949,53.06999999999971,0.010363670623690887,52.9399999999996,0.42595391008688027,11.63000000000011,23.60150000000008,0.96,-1.0,,,12,0,6.0,2026
2026-06-10 12:00:00+00:00|-1.0|vol_trans_follow_h1_low_to_high_h12_tp06_sl065,2026-06-10 12:00:00+00:00,STAGE28A,data/reports/stage28a_discovery_factory_batch_runner/stage28a_exact_trades.csv,volatility_transition_v1,vol_trans_follow_h1_low_to_high_h12_tp06_sl065,-7.311500000000342,-8.361500000000342,-9.061500000000342,0,0,0,1,8.361500000000342,126.54999999999927,84.05999999999949,0.8455864858434494,60.32999999999993,0.2671970827117505,25.88000000000011,26.312000000000033,0.992,-1.0,,,12,2,6.0,2026
2026-06-11 12:00:00+00:00|-1.0|vol_trans_follow_h1_low_to_high_h12_tp06_sl065,2026-06-11 12:00:00+00:00,STAGE28A,data/reports/stage28a_discovery_factory_batch_runner/stage28a_exact_trades.csv,volatility_transition_v1,vol_trans_follow_h1_low_to_high_h12_tp06_sl065,5.783499999999913,4.733499999999912,4.033499999999913,1,1,1,0,4.733499999999912,190.30999999999995,94.00999999999976,0.021380704180408716,42.4399999999996,0.4429783223374153,28.029999999999745,32.94349999999999,0.98,-1.0,,,12,3,6.0,2026
2026-06-12 12:00:00+00:00|1.0|vol_trans_follow_h1_low_to_high_h12_tp06_sl065,2026-06-12 12:00:00+00:00,STAGE28A,data/reports/stage28a_discovery_factory_batch_runner/stage28a_exact_trades.csv,volatility_transition_v1,vol_trans_follow_h1_low_to_high_h12_tp06_sl065,-7.04695000000047,-8.09695000000047,-8.79695000000047,0,0,0,1,8.09695000000047,195.99000000000024,75.21000000000004,0.2955723972875888,57.599999999999454,0.4303819444444479,33.95000000000073,31.288500000000113,0.944,1.0,,,12,4,6.0,2026
2022-07-22 12:00:00+00:00|-1.0|liq_pdh_reclaim_fade_h12_tp06_sl065,2022-07-22 12:00:00+00:00,STAGE28A,data/reports/stage28a_discovery_factory_batch_runner/stage28a_exact_trades.csv,liquidity_sweep_regime_v1,liq_pdh_reclaim_fade_h12_tp06_sl065,0.8655999999999949,-0.184400000000005,-0.8844000000000047,0,0,0,0,0.184400000000005,39.34999999999991,6.4500000000000455,0.5581395348837029,12.649999999999864,0.8426877470355887,3.75,4.2940000000000165,0.46,-1.0,,,12,4,7.0,2022
2022-08-01 12:00:00+00:00|-1.0|liq_pdh_reclaim_fade_h12_tp06_sl065,2022-08-01 12:00:00+00:00,STAGE28A,data/reports/stage28a_discovery_factory_batch_runner/stage28a_exact_trades.csv,liquidity_sweep_regime_v1,liq_pdh_reclaim_fade_h12_tp06_sl065,-1.5941000000001169,-2.6441000000001167,-3.3441000000001164,0,0,0,0,2.6441000000001167,2.3300000000001546,5.310000000000173,0.20527306967982725,15.36999999999989,0.7391021470396865,4.8900000000001,4.195000000000027,0.532,-1.0,,,12,0,8.0,2022
2022-08-12 22:45:00+00:00|-1.0|liq_pdh_reclaim_fade_h12_tp06_sl065,2022-08-12 22:45:00+00:00,STAGE28A,data/reports/stage28a_discovery_factory_batch_runner/stage28a_exact_trades.csv,liquidity_sweep_regime_v1,liq_pdh_reclaim_fade_h12_tp06_sl065,-0.35,-1.4,-2.1,0,0,0,0,1.4,15.679999999999836,5.190000000000055,0.6358381502890019,8.059999999999945,0.440446650124095,3.6800000000000637,4.034999999999991,0.452,-1.0,,,12,4,8.0,2022
2022-09-05 12:00:00+00:00|-1.0|liq_pdh_reclaim_fade_h12_tp06_sl065,2022-09-05 12:00:00+00:00,STAGE28A,data/reports/stage28a_discovery_factory_batch_runner/stage28a_exact_trades.csv,liquidity_sweep_regime_v1,liq_pdh_reclaim_fade_h12_tp06_sl065,-1.5125249999999597,-2.5625249999999595,-3.2625249999999597,0,0,0,0,2.5625249999999595,1.9400000000000546,5.160000000000082,0.354651162790722,6.2999999999999545,0.3365079365079216,3.380000000000109,3.6535000000000197,0.424,-1.0,,,12,0,9.0,2022
2022-09-08 12:00:00+00:00|-1.0|liq_pdh_reclaim_fade_h12_tp06_sl065,2022-09-08 12:00:00+00:00,STAGE28A,data/reports/stage28a_discovery_factory_batch_runner/stage28a_exact_trades.csv,liquidity_sweep_regime_v1,liq_pdh_reclaim_fade_h12_tp06_sl065,-1.5612750000001143,-2.611275000000114,-3.311275000000114,0,0,0,0,2.611275000000114,28.09999999999991,5.789999999999964,0.6269430051813699,8.8900000000001,0.6850393700787488,3.3299999999999272,3.8310000000000173,0.464,-1.0,,,12,3,9.0,2022
2022-09-09 12:00:00+00:00|-1.0|liq_pdh_reclaim_fade_h12_tp06_sl065,2022-09-09 12:00:00+00:00,STAGE28A,data/reports/stage28a_discovery_factory_batch_runner/stage28a_exact_trades.csv,liquidity_sweep_regime_v1,liq_pdh_reclaim_fade_h12_tp06_sl065,-1.7036249999999655,-2.7536249999999654,-3.453624999999965,0,0,0,0,2.7536249999999654,24.13000000000011,12.230000000000018,0.821749795584623,11.269999999999982,0.7080745341614935,2.6200000000001182,3.667999999999995,0.324,-1.0,,,12,4,9.0,2022
2022-11-11 22:45:00+00:00|-1.0|liq_pdh_reclaim_fade_h12_tp06_sl065,2022-11-11 22:45:00+00:00,STAGE28A,data/reports/stage28a_discovery_factory_batch_runner/stage28a_exact_trades.csv,liquidity_sweep_regime_v1,liq_pdh_reclaim_fade_h12_tp06_sl065,-0.35,-1.4,-2.1,0,0,0,0,1.4,53.33999999999992,7.350000000000136,0.11020408163264359,14.100000000000136,0.3702127659574452,3.5699999999999363,6.103000000000032,0.96,-1.0,,,12,4,11.0,2022
2023-01-24 12:00:00+00:00|-1.0|liq_pdh_reclaim_fade_h12_tp06_sl065,2023-01-24 12:00:00+00:00,STAGE28A,data/reports/stage28a_discovery_factory_batch_runner/stage28a_exact_trades.csv,liquidity_sweep_regime_v1,liq_pdh_reclaim_fade_h12_tp06_sl065,-1.6714499999999135,-2.7214499999999133,-3.421449999999913,0,0,0,0,2.7214499999999133,24.169999999999845,6.519999999999982,0.21012269938648692,9.960000000000036,0.5672690763052051,4.269999999999982,4.543999999999983,0.524,-1.0,,,12,1,1.0,2023
2023-02-08 12:00:00+00:00|-1.0|liq_pdh_reclaim_fade_h12_tp06_sl065,2023-02-08 12:00:00+00:00,STAGE28A,data/reports/stage28a_discovery_factory_batch_runner/stage28a_exact_trades.csv,liquidity_sweep_regime_v1,liq_pdh_reclaim_fade_h12_tp06_sl065,-2.145624999999973,-3.1956249999999726,-3.895624999999973,0,0,0,1,3.1956249999999726,19.3599999999999,7.039999999999964,0.6022727272727316,13.2199999999998,0.2798789712556809,3.4500000000000455,6.265499999999963,0.828,-1.0,,,12,2,2.0,2023
2023-03-10 22:45:00+00:00|-1.0|liq_pdh_reclaim_fade_h12_tp06_sl065,2023-03-10 22:45:00+00:00,STAGE28A,data/reports/stage28a_discovery_factory_batch_runner/stage28a_exact_trades.csv,liquidity_sweep_regime_v1,liq_pdh_reclaim_fade_h12_tp06_sl065,1.4973999999998795,0.4473999999998796,-0.25260000000012,1,0,1,0,0.4473999999998796,23.679999999999836,7.129999999999882,0.25385694249649027,8.730000000000018,0.345933562428405,3.939999999999827,6.0380000000000225,1.0,-1.0,,,12,4,3.0,2023
2023-03-17 12:00:00+00:00|-1.0|liq_pdh_reclaim_fade_h12_tp06_sl065,2023-03-17 12:00:00+00:00,STAGE28A,data/reports/stage28a_discovery_factory_batch_runner/stage28a_exact_trades.csv,liquidity_sweep_regime_v1,liq_pdh_reclaim_fade_h12_tp06_sl065,-1.9873499999999693,-3.0373499999999694,-3.737349999999969,0,0,0,0,3.0373499999999694,25.8599999999999,12.769999999999982,0.8300704776820792,6.980000000000018,0.04154727793695743,4.809999999999945,4.847999999999968,0.572,-1.0,,,12,4,3.0,2023
2023-03-17 22:45:00+00:00|-1.0|liq_pdh_reclaim_fade_h12_tp06_sl065,2023-03-17 22:45:00+00:00,STAGE28A,data/reports/stage28a_discovery_factory_batch_runner/stage28a_exact_trades.csv,liquidity_sweep_regime_v1,liq_pdh_reclaim_fade_h12_tp06_sl065,2.6259999999998853,1.5759999999998855,0.8759999999998858,1,1,1,0,1.5759999999998855,25.8599999999999,12.769999999999982,0.8300704776820792,6.980000000000018,0.04154727793695743,10.960000000000036,7.446499999999958,0.816,-1.0,,,12,4,3.0,2023
2023-03-23 12:00:00+00:00|-1.0|liq_pdh_reclaim_fade_h12_tp06_sl065,2023-03-23 12:00:00+00:00,STAGE28A,data/reports/stage28a_discovery_factory_batch_runner/stage28a_exact_trades.csv,liquidity_sweep_regime_v1,liq_pdh_reclaim_fade_h12_tp06_sl065,-2.548624999999993,-3.5986249999999926,-4.298624999999992,0,0,0,1,3.5986249999999926,44.49000000000001,13.700000000000045,0.5751824817518143,9.3599999999999,0.01816239316240113,3.9299999999998363,7.823000000000002,0.704,-1.0,,,12,3,3.0,2023
2023-07-13 12:00:00+00:00|-1.0|liq_pdh_reclaim_fade_h12_tp06_sl065,2023-07-13 12:00:00+00:00,STAGE28A,data/reports/stage28a_discovery_factory_batch_runner/stage28a_exact_trades.csv,liquidity_sweep_regime_v1,liq_pdh_reclaim_fade_h12_tp06_sl065,0.8574999999999818,-0.1925000000000181,-0.8925000000000178,0,0,0,0,0.1925000000000181,27.560000000000173,6.690000000000055,0.38415545590432215,8.11999999999989,0.035714285714281716,2.589999999999918,3.8634999999999993,0.708,-1.0,,,12,3,7.0,2023
2023-07-17 12:00:00+00:00|-1.0|liq_pdh_reclaim_fade_h12_tp06_sl065,2023-07-17 12:00:00+00:00,STAGE28A,data/reports/stage28a_discovery_factory_batch_runner/stage28a_exact_trades.csv,liquidity_sweep_regime_v1,liq_pdh_reclaim_fade_h12_tp06_sl065,-1.4731999999999972,-2.523199999999997,-3.2231999999999967,0,0,0,0,2.523199999999997,2.8300000000001546,4.990000000000009,0.1923847695390851,8.600000000000136,0.7697674418604666,5.5,3.594999999999982,0.596,-1.0,,,12,0,7.0,2023
2023-07-20 12:00:00+00:00|-1.0|liq_pdh_reclaim_fade_h12_tp06_sl065,2023-07-20 12:00:00+00:00,STAGE28A,data/reports/stage28a_discovery_factory_batch_runner/stage28a_exact_trades.csv,liquidity_sweep_regime_v1,liq_pdh_reclaim_fade_h12_tp06_sl065,-1.6109999999999671,-2.660999999999967,-3.360999999999967,0,0,0,0,2.660999999999967,11.170000000000073,11.850000000000136,0.6607594936708915,7.610000000000127,0.5611038107753138,5.690000000000055,3.4020000000000437,0.356,-1.0,,,12,3,7.0,2023
2023-08-23 12:00:00+00:00|-1.0|liq_pdh_reclaim_fade_h12_tp06_sl065,2023-08-23 12:00:00+00:00,STAGE28A,data/reports/stage28a_discovery_factory_batch_runner/stage28a_exact_trades.csv,liquidity_sweep_regime_v1,liq_pdh_reclaim_fade_h12_tp06_sl065,0.5275000000000546,-0.5224999999999453,-1.222499999999945,0,0,0,0,0.5224999999999453,15.450000000000045,5.879999999999882,0.6309523809523998,4.910000000000082,0.25050916496944964,2.0,2.411000000000024,0.056,-1.0,,,12,2,8.0,2023
2023-11-20 12:00:00+00:00|-1.0|liq_pdh_reclaim_fade_h12_tp06_sl065,2023-11-20 12:00:00+00:00,STAGE28A,data/reports/stage28a_discovery_factory_batch_runner/stage28a_exact_trades.csv,liquidity_sweep_regime_v1,liq_pdh_reclaim_fade_h12_tp06_sl065,-1.6162000000000265,-2.666200000000026,-3.366200000000026,0,0,0,0,2.666200000000026,4.460000000000036,11.800000000000182,0.5805084745762545,8.240000000000009,0.6638349514563132,4.289999999999964,3.6120000000000116,0.372,-1.0,,,12,0,11.0,2023
2023-12-01 12:00:00+00:00|-1.0|liq_pdh_reclaim_fade_h12_tp06_sl065,2023-12-01 12:00:00+00:00,STAGE28A,data/reports/stage28a_discovery_factory_batch_runner/stage28a_exact_trades.csv,liquidity_sweep_regime_v1,liq_pdh_reclaim_fade_h12_tp06_sl065,-1.4875000000000456,-2.5375000000000454,-3.237500000000045,0,0,0,0,2.5375000000000454,16.060000000000173,6.800000000000182,0.0073529411764971415,10.539999999999964,0.34345351043642347,4.889999999999873,3.6529999999999747,0.344,-1.0,,,12,4,12.0,2023
2024-03-28 22:45:00+00:00|-1.0|liq_pdh_reclaim_fade_h12_tp06_sl065,2024-03-28 22:45:00+00:00,STAGE28A,data/reports/stage28a_discovery_factory_batch_runner/stage28a_exact_trades.csv,liquidity_sweep_regime_v1,liq_pdh_reclaim_fade_h12_tp06_sl065,1.7148999999998522,0.6648999999998524,-0.0351000000001473,1,0,1,0,0.6648999999998524,24.330000000000382,9.559999999999945,0.5041841004184301,22.920000000000073,0.7273123909249374,4.319999999999709,6.866000000000031,0.912,-1.0,,,12,3,3.0,2024
2024-08-08 12:00:00+00:00|-1.0|liq_pdh_reclaim_fade_h12_tp06_sl065,2024-08-08 12:00:00+00:00,STAGE28A,data/reports/stage28a_discovery_factory_batch_runner/stage28a_exact_trades.csv,liquidity_sweep_regime_v1,liq_pdh_reclaim_fade_h12_tp06_sl065,-2.60387499999988,-3.65387499999988,-4.35387499999988,0,0,0,1,3.65387499999988,28.01000000000022,14.150000000000091,0.7519434628975127,15.019999999999982,0.1291611185086589,5.230000000000018,5.8295000000000075,0.14,-1.0,,,12,3,8.0,2024
2024-09-02 12:00:00+00:00|-1.0|liq_pdh_reclaim_fade_h12_tp06_sl065,2024-09-02 12:00:00+00:00,STAGE28A,data/reports/stage28a_discovery_factory_batch_runner/stage28a_exact_trades.csv,liquidity_sweep_regime_v1,liq_pdh_reclaim_fade_h12_tp06_sl065,-2.224275000000125,-3.274275000000125,-3.974275000000125,0,0,0,1,3.274275000000125,3.4899999999997817,14.970000000000255,0.4736138944555795,12.0,0.2233333333333197,10.010000000000218,5.512000000000012,0.4,-1.0,,,12,0,9.0,2024
2024-10-07 12:00:00+00:00|-1.0|liq_pdh_reclaim_fade_h12_tp06_sl065,2024-10-07 12:00:00+00:00,STAGE28A,data/reports/stage28a_discovery_factory_batch_runner/stage28a_exact_trades.csv,liquidity_sweep_regime_v1,liq_pdh_reclaim_fade_h12_tp06_sl065,-2.067624999999771,-3.1176249999997707,-3.8176249999997705,0,0,0,1,3.1176249999997707,2.680000000000291,8.609999999999673,0.3832752613240775,17.8100000000004,0.5081414935429522,5.269999999999982,6.675000000000023,0.612,-1.0,,,12,0,10.0,2024
2024-10-18 23:45:00+00:00|-1.0|liq_pdh_reclaim_fade_h12_tp06_sl065,2024-10-18 23:45:00+00:00,STAGE28A,data/reports/stage28a_discovery_factory_batch_runner/stage28a_exact_trades.csv,liquidity_sweep_regime_v1,liq_pdh_reclaim_fade_h12_tp06_sl065,-0.35,-1.4,-2.1,0,0,0,0,1.4,23.579999999999927,20.360000000000127,0.849214145383097,12.329999999999927,0.11678832116788833,2.449999999999818,6.2260000000000675,0.608,-1.0,,,12,4,10.0,2024
2024-10-25 23:45:00+00:00|-1.0|liq_pdh_reclaim_fade_h12_tp06_sl065,2024-10-25 23:45:00+00:00,STAGE28A,data/reports/stage28a_discovery_factory_batch_runner/stage28a_exact_trades.csv,liquidity_sweep_regime_v1,liq_pdh_reclaim_fade_h12_tp06_sl065,-0.35,-1.4,-2.1,0,0,0,0,1.4,29.029999999999745,11.730000000000018,0.7357203751065725,15.730000000000018,0.3146853146853317,4.099999999999909,5.9585000000000035,0.632,-1.0,,,12,4,10.0,2024
2024-11-22 23:45:00+00:00|-1.0|liq_pdh_reclaim_fade_h12_tp06_sl065,2024-11-22 23:45:00+00:00,STAGE28A,data/reports/stage28a_discovery_factory_batch_runner/stage28a_exact_trades.csv,liquidity_sweep_regime_v1,liq_pdh_reclaim_fade_h12_tp06_sl065,1.1979999999997744,0.1479999999997745,-0.5520000000002252,1,0,0,0,0.1479999999997745,24.63000000000011,24.070000000000164,0.8109680099709308,25.440000000000055,0.7425314465408739,3.730000000000018,8.074500000000011,0.8,-1.0,,,12,4,11.0,2024
2025-04-07 12:00:00+00:00|-1.0|liq_pdh_reclaim_fade_h12_tp06_sl065,2025-04-07 12:00:00+00:00,STAGE28A,data/reports/stage28a_discovery_factory_batch_runner/stage28a_exact_trades.csv,liquidity_sweep_regime_v1,liq_pdh_reclaim_fade_h12_tp06_sl065,5.926299999999992,4.876299999999992,4.176299999999992,1,1,1,0,4.876299999999992,31.919999999999618,84.09999999999991,0.11319857312722939,31.210000000000036,0.19801345722524283,17.56999999999971,27.080999999999925,0.972,-1.0,,,12,0,4.0,2025
2025-05-19 12:00:00+00:00|-1.0|liq_pdh_reclaim_fade_h12_tp06_sl065,2025-05-19 12:00:00+00:00,STAGE28A,data/reports/stage28a_discovery_factory_batch_runner/stage28a_exact_trades.csv,liquidity_sweep_regime_v1,liq_pdh_reclaim_fade_h12_tp06_sl065,-4.02574999999988,-5.07574999999988,-5.77574999999988,0,0,0,1,5.07574999999988,34.039999999999964,43.0,0.6297674418604634,40.88999999999987,0.7282954267547149,14.83999999999969,16.026999999999997,0.676,-1.0,,,12,0,5.0,2025
2025-08-01 23:45:00+00:00|-1.0|liq_pdh_reclaim_fade_h12_tp06_sl065,2025-08-01 23:45:00+00:00,STAGE28A,data/reports/stage28a_discovery_factory_batch_runner/stage28a_exact_trades.csv,liquidity_sweep_regime_v1,liq_pdh_reclaim_fade_h12_tp06_sl065,-0.35,-1.4,-2.1,0,0,0,0,1.4,40.809999999999945,15.559999999999945,0.23136246786631887,15.069999999999709,0.20570670205709513,13.690000000000055,10.481999999999925,1.0,-1.0,,,12,4,8.0,2025
2025-09-03 12:00:00+00:00|-1.0|liq_pdh_reclaim_fade_h12_tp06_sl065,2025-09-03 12:00:00+00:00,STAGE28A,data/reports/stage28a_discovery_factory_batch_runner/stage28a_exact_trades.csv,liquidity_sweep_regime_v1,liq_pdh_reclaim_fade_h12_tp06_sl065,1.9837000000001352,0.9337000000001354,0.2337000000001357,1,1,1,0,0.9337000000001354,70.11000000000013,20.48999999999978,0.07369448511467934,14.86999999999989,0.24277067921991619,7.460000000000036,10.099500000000035,0.876,-1.0,,,12,2,9.0,2025
2025-11-03 12:00:00+00:00|-1.0|liq_pdh_reclaim_fade_h12_tp06_sl065,2025-11-03 12:00:00+00:00,STAGE28A,data/reports/stage28a_discovery_factory_batch_runner/stage28a_exact_trades.csv,liquidity_sweep_regime_v1,liq_pdh_reclaim_fade_h12_tp06_sl065,-5.622149999999783,-6.672149999999784,-7.372149999999783,0,0,0,1,6.672149999999784,21.11999999999989,53.05000000000018,0.45730442978322594,34.289999999999964,0.13648293963255456,32.54999999999973,19.83499999999997,0.108,-1.0,,,12,0,11.0,2025
2026-02-13 23:45:00+00:00|-1.0|liq_pdh_reclaim_fade_h12_tp06_sl065,2026-02-13 23:45:00+00:00,STAGE28A,data/reports/stage28a_discovery_factory_batch_runner/stage28a_exact_trades.csv,liquidity_sweep_regime_v1,liq_pdh_reclaim_fade_h12_tp06_sl065,-0.35,-1.4,-2.1,0,0,0,0,1.4,221.16999999999916,110.14999999999964,0.510939627780299,44.63000000000011,0.5969079094779152,12.61999999999989,29.988999999999987,0.188,-1.0,,,12,4,2.0,2026
2026-02-20 23:45:00+00:00|-1.0|liq_pdh_reclaim_fade_h12_tp06_sl065,2026-02-20 23:45:00+00:00,STAGE28A,data/reports/stage28a_discovery_factory_batch_runner/stage28a_exact_trades.csv,liquidity_sweep_regime_v1,liq_pdh_reclaim_fade_h12_tp06_sl065,-0.35,-1.4,-2.1,0,0,0,0,1.4,61.32000000000062,32.899999999999636,0.36413373860181447,44.55999999999949,0.7773788150807858,20.17999999999938,22.526999999999862,0.312,-1.0,,,12,4,2.0,2026
2026-02-27 23:45:00+00:00|-1.0|liq_pdh_reclaim_fade_h12_tp06_sl065,2026-02-27 23:45:00+00:00,STAGE28A,data/reports/stage28a_discovery_factory_batch_runner/stage28a_exact_trades.csv,liquidity_sweep_regime_v1,liq_pdh_reclaim_fade_h12_tp06_sl065,-0.35,-1.4,-2.1,0,0,0,0,1.4,74.60999999999967,32.68000000000029,0.08353733170136012,31.48999999999978,0.1292473801206649,16.730000000000473,18.952500000000146,0.152,-1.0,,,12,4,2.0,2026
2026-03-02 12:00:00+00:00|-1.0|liq_pdh_reclaim_fade_h12_tp06_sl065,2026-03-02 12:00:00+00:00,STAGE28A,data/reports/stage28a_discovery_factory_batch_runner/stage28a_exact_trades.csv,liquidity_sweep_regime_v1,liq_pdh_reclaim_fade_h12_tp06_sl065,7.416099999999824,6.366099999999824,5.666099999999824,1,1,1,0,6.366099999999824,87.94000000000051,89.74000000000069,0.3510140405616198,78.23999999999978,0.43366564417177245,16.51000000000022,33.927500000000144,0.988,-1.0,,,12,0,3.0,2026
2022-05-02 13:00:00+00:00|-1.0|handoff_align_follow_h13_tp06_sl065,2022-05-02 13:00:00+00:00,STAGE28A,data/reports/stage28a_discovery_factory_batch_runner/stage28a_exact_trades.csv,session_handoff_imbalance_v1,handoff_align_follow_h13_tp06_sl065,-1.957449999999972,-3.0074499999999715,-3.7074499999999713,0,0,0,0,3.0074499999999715,3.7100000000000364,15.569999999999936,0.6056518946692423,11.819999999999936,0.6607445008460227,4.489999999999782,,,-1.0,,,13,0,5.0,2022
2022-05-03 13:00:00+00:00|-1.0|handoff_align_follow_h13_tp06_sl065,2022-05-03 13:00:00+00:00,STAGE28A,data/reports/stage28a_discovery_factory_batch_runner/stage28a_exact_trades.csv,session_handoff_imbalance_v1,handoff_align_follow_h13_tp06_sl065,1.501599999999962,0.4515999999999622,-0.2484000000000374,1,0,1,0,0.4515999999999622,45.32999999999993,7.480000000000018,0.14705882352939925,14.160000000000082,0.34322033898305787,6.2000000000000455,5.05150000000001,,-1.0,,,13,1,5.0,2022
2022-05-09 13:00:00+00:00|-1.0|handoff_align_follow_h13_tp06_sl065,2022-05-09 13:00:00+00:00,STAGE28A,data/reports/stage28a_discovery_factory_batch_runner/stage28a_exact_trades.csv,session_handoff_imbalance_v1,handoff_align_follow_h13_tp06_sl065,1.2628000000001065,0.2128000000001066,-0.487199999999893,1,0,1,0,0.2128000000001066,5.370000000000118,11.849999999999909,0.5544303797468535,13.889999999999873,0.8135349172066441,5.029999999999973,4.75,0.1391304347826087,-1.0,,,13,0,5.0,2022
2022-05-16 13:00:00+00:00|-1.0|handoff_align_follow_h13_tp06_sl065,2022-05-16 13:00:00+00:00,STAGE28A,data/reports/stage28a_discovery_factory_batch_runner/stage28a_exact_trades.csv,session_handoff_imbalance_v1,handoff_align_follow_h13_tp06_sl065,2.24920000000011,1.19920000000011,0.4992000000001102,1,1,1,0,1.19920000000011,4.369999999999891,7.9500000000000455,0.04025157232703579,24.470000000000027,0.42296689824274203,8.909999999999854,6.056000000000006,0.7148936170212766,-1.0,,,13,0,5.0,2022
2022-05-23 13:00:00+00:00|1.0|handoff_align_follow_h13_tp06_sl065,2022-05-23 13:00:00+00:00,STAGE28A,data/reports/stage28a_discovery_factory_batch_runner/stage28a_exact_trades.csv,session_handoff_imbalance_v1,handoff_align_follow_h13_tp06_sl065,-2.0055499999999484,-3.0555499999999483,-3.755549999999948,0,0,0,0,3.0555499999999483,5.880000000000109,11.5,0.5826086956521779,13.299999999999955,0.7541353383458652,4.170000000000073,4.72000000000005,0.192,1.0,,,13,0,5.0,2022
2022-05-24 13:00:00+00:00|1.0|handoff_align_follow_h13_tp06_sl065,2022-05-24 13:00:00+00:00,STAGE28A,data/reports/stage28a_discovery_factory_batch_runner/stage28a_exact_trades.csv,session_handoff_imbalance_v1,handoff_align_follow_h13_tp06_sl065,0.9370000000000346,-0.1129999999999653,-0.8129999999999651,0,0,0,0,0.1129999999999653,21.809999999999945,6.680000000000064,0.3428143712574763,10.269999999999982,0.08081791626096943,3.240000000000009,3.6629999999999994,0.012,1.0,,,13,1,5.0,2022
2022-05-25 13:00:00+00:00|-1.0|handoff_align_follow_h13_tp06_sl065,2022-05-25 13:00:00+00:00,STAGE28A,data/reports/stage28a_discovery_factory_batch_runner/stage28a_exact_trades.csv,session_handoff_imbalance_v1,handoff_align_follow_h13_tp06_sl065,-1.7527000000000954,-2.8027000000000952,-3.502700000000095,0,0,0,0,2.8027000000000952,20.420000000000073,8.389999999999873,0.43623361144218237,8.199999999999818,0.6987804878048958,3.740000000000009,3.5694999999999824,0.016,-1.0,,,13,2,5.0,2022
2022-05-26 13:00:00+00:00|-1.0|handoff_align_follow_h13_tp06_sl065,2022-05-26 13:00:00+00:00,STAGE28A,data/reports/stage28a_discovery_factory_batch_runner/stage28a_exact_trades.csv,session_handoff_imbalance_v1,handoff_align_follow_h13_tp06_sl065,0.87849999999994,-0.1715000000000599,-0.8715000000000597,0,0,0,0,0.1715000000000599,26.61999999999989,5.4699999999998,0.4369287020110032,8.629999999999882,0.5758980301274734,4.259999999999991,3.927500000000009,0.108,-1.0,,,13,3,5.0,2022
2022-05-27 13:00:00+00:00|1.0|handoff_align_follow_h13_tp06_sl065,2022-05-27 13:00:00+00:00,STAGE28A,data/reports/stage28a_discovery_factory_batch_runner/stage28a_exact_trades.csv,session_handoff_imbalance_v1,handoff_align_follow_h13_tp06_sl065,-1.6607250000000475,-2.710725000000048,-3.4107250000000477,0,0,0,0,2.710725000000048,13.589999999999918,8.430000000000064,0.3760379596678317,8.480000000000018,0.4846698113207687,3.6400000000001,3.474000000000012,0.012,1.0,,,13,4,5.0,2022
2022-06-01 13:00:00+00:00|-1.0|handoff_align_follow_h13_tp06_sl065,2022-06-01 13:00:00+00:00,STAGE28A,data/reports/stage28a_discovery_factory_batch_runner/stage28a_exact_trades.csv,session_handoff_imbalance_v1,handoff_align_follow_h13_tp06_sl065,-1.9333999999999836,-2.983399999999983,-3.683399999999983,0,0,0,0,2.983399999999983,22.00999999999999,5.160000000000082,0.20155038759688898,8.710000000000036,0.5993111366245701,3.490000000000009,4.145000000000016,0.456,-1.0,,,13,2,6.0,2022
2022-06-03 13:00:00+00:00|-1.0|handoff_align_follow_h13_tp06_sl065,2022-06-03 13:00:00+00:00,STAGE28A,data/reports/stage28a_discovery_factory_batch_runner/stage28a_exact_trades.csv,session_handoff_imbalance_v1,handoff_align_follow_h13_tp06_sl065,0.5875,-0.4624999999999999,-1.1624999999999996,0,0,0,0,0.4624999999999999,26.3599999999999,6.25,0.09119999999998982,5.829999999999927,0.701543739279583,1.9700000000000273,2.7125,0.004,-1.0,,,13,4,6.0,2022
2022-06-10 13:00:00+00:00|-1.0|handoff_align_follow_h13_tp06_sl065,2022-06-10 13:00:00+00:00,STAGE28A,data/reports/stage28a_discovery_factory_batch_runner/stage28a_exact_trades.csv,session_handoff_imbalance_v1,handoff_align_follow_h13_tp06_sl065,-1.4390750000000936,-2.4890750000000934,-3.189075000000093,0,0,0,0,2.4890750000000934,15.290000000000191,3.7799999999999727,0.45767195767190566,5.2199999999998,0.3812260536398631,2.869999999999891,2.762499999999977,0.016,-1.0,,,13,4,6.0,2022
2022-06-13 13:00:00+00:00|-1.0|handoff_align_follow_h13_tp06_sl065,2022-06-13 13:00:00+00:00,STAGE28A,data/reports/stage28a_discovery_factory_batch_runner/stage28a_exact_trades.csv,session_handoff_imbalance_v1,handoff_align_follow_h13_tp06_sl065,1.301200000000017,0.2512000000000172,-0.4487999999999825,1,0,1,0,0.2512000000000172,3.7800000000002,18.88000000000011,0.6705508474576276,14.509999999999991,0.6140592694693375,4.730000000000018,6.589000000000044,0.936,-1.0,,,13,0,6.0,2022
2022-06-14 13:00:00+00:00|1.0|handoff_align_follow_h13_tp06_sl065,2022-06-14 13:00:00+00:00,STAGE28A,data/reports/stage28a_discovery_factory_batch_runner/stage28a_exact_trades.csv,session_handoff_imbalance_v1,handoff_align_follow_h13_tp06_sl065,1.3242999999999028,0.2742999999999029,-0.4257000000000968,1,0,1,0,0.2742999999999029,60.1400000000001,18.980000000000018,0.22760800842992265,9.910000000000082,0.14429868819374891,4.170000000000073,5.033500000000004,0.832,1.0,,,13,1,6.0,2022
2022-06-15 13:00:00+00:00|1.0|handoff_align_follow_h13_tp06_sl065,2022-06-15 13:00:00+00:00,STAGE28A,data/reports/stage28a_discovery_factory_batch_runner/stage28a_exact_trades.csv,session_handoff_imbalance_v1,handoff_align_follow_h13_tp06_sl065,1.3273000000000592,0.2773000000000594,-0.4226999999999403,1,0,1,0,0.2773000000000594,26.5,11.839999999999918,0.5861486486486573,12.980000000000018,0.7534668721109368,5.680000000000064,4.512999999999977,0.7,1.0,,,13,2,6.0,2022
2022-06-22 13:00:00+00:00|-1.0|handoff_align_follow_h13_tp06_sl065,2022-06-22 13:00:00+00:00,STAGE28A,data/reports/stage28a_discovery_factory_batch_runner/stage28a_exact_trades.csv,session_handoff_imbalance_v1,handoff_align_follow_h13_tp06_sl065,-1.883674999999903,-2.9336749999999028,-3.6336749999999034,0,0,0,0,2.9336749999999028,15.059999999999945,7.599999999999909,0.48289473684212064,6.970000000000027,0.15351506456243322,5.829999999999927,3.9059999999999944,0.344,-1.0,,,13,2,6.0,2022
2022-06-24 13:00:00+00:00|1.0|handoff_align_follow_h13_tp06_sl065,2022-06-24 13:00:00+00:00,STAGE28A,data/reports/stage28a_discovery_factory_batch_runner/stage28a_exact_trades.csv,session_handoff_imbalance_v1,handoff_align_follow_h13_tp06_sl065,1.0077999999999974,-0.0422000000000024,-0.7422000000000022,0,0,0,0,0.0422000000000024,23.519999999999982,4.769999999999982,0.19706498951783188,10.599999999999909,0.34150943396227823,3.259999999999991,4.0785000000000196,0.228,1.0,,,13,4,6.0,2022
2022-06-27 13:00:00+00:00|1.0|handoff_align_follow_h13_tp06_sl065,2022-06-27 13:00:00+00:00,STAGE28A,data/reports/stage28a_discovery_factory_batch_runner/stage28a_exact_trades.csv,session_handoff_imbalance_v1,handoff_align_follow_h13_tp06_sl065,1.0258000000000265,-0.0241999999999733,-0.7241999999999731,0,0,0,0,0.0241999999999733,4.920000000000073,8.6400000000001,0.12268518518520377,7.1599999999998545,0.34636871508380845,3.4400000000000546,4.147999999999979,0.212,1.0,,,13,0,6.0,2022
2022-06-28 13:00:00+00:00|1.0|handoff_align_follow_h13_tp06_sl065,2022-06-28 13:00:00+00:00,STAGE28A,data/reports/stage28a_discovery_factory_batch_runner/stage28a_exact_trades.csv,session_handoff_imbalance_v1,handoff_align_follow_h13_tp06_sl065,-1.4377749999999652,-2.487774999999965,-3.1877749999999647,0,0,0,0,2.487774999999965,20.230000000000018,4.779999999999973,0.7656903765690116,5.139999999999873,0.2529182879377406,3.449999999999818,2.6975000000000025,0.008,1.0,,,13,1,6.0,2022
2022-06-30 13:00:00+00:00|-1.0|handoff_align_follow_h13_tp06_sl065,2022-06-30 13:00:00+00:00,STAGE28A,data/reports/stage28a_discovery_factory_batch_runner/stage28a_exact_trades.csv,session_handoff_imbalance_v1,handoff_align_follow_h13_tp06_sl065,0.7912000000000262,-0.2587999999999737,-0.9587999999999736,0,0,0,0,0.2587999999999737,20.939999999999827,4.75,0.21684210526315215,6.769999999999982,0.6469719350074034,5.080000000000155,2.8190000000000284,0.036,-1.0,,,13,3,6.0,2022
2022-07-01 13:00:00+00:00|-1.0|handoff_align_follow_h13_tp06_sl065,2022-07-01 13:00:00+00:00,STAGE28A,data/reports/stage28a_discovery_factory_batch_runner/stage28a_exact_trades.csv,session_handoff_imbalance_v1,handoff_align_follow_h13_tp06_sl065,-2.1316499999999,-3.1816499999998995,-3.8816499999998992,0,0,0,1,3.1816499999998995,22.309999999999945,5.990000000000009,0.7979966611018307,10.75,0.5441860465116194,3.0699999999999363,4.32650000000001,0.532,-1.0,,,13,4,7.0,2022
2022-07-11 13:00:00+00:00|-1.0|handoff_align_follow_h13_tp06_sl065,2022-07-11 13:00:00+00:00,STAGE28A,data/reports/stage28a_discovery_factory_batch_runner/stage28a_exact_trades.csv,session_handoff_imbalance_v1,handoff_align_follow_h13_tp06_sl065,0.7065999999998894,-0.3434000000001105,-1.0434000000001102,0,0,0,0,0.3434000000001105,4.230000000000018,6.099999999999909,0.16557377049180425,7.990000000000009,0.9386733416770953,5.129999999999882,3.888499999999999,0.328,-1.0,,,13,0,7.0,2022
2022-07-13 13:00:00+00:00|1.0|handoff_align_follow_h13_tp06_sl065,2022-07-13 13:00:00+00:00,STAGE28A,data/reports/stage28a_discovery_factory_batch_runner/stage28a_exact_trades.csv,session_handoff_imbalance_v1,handoff_align_follow_h13_tp06_sl065,0.8734000000000833,-0.1765999999999166,-0.8765999999999163,0,0,0,0,0.1765999999999166,21.100000000000136,6.019999999999982,0.245847176079738,7.830000000000155,0.11238825031929651,3.560000000000173,3.191500000000019,0.132,1.0,,,13,2,7.0,2022
2022-07-14 13:00:00+00:00|-1.0|handoff_align_follow_h13_tp06_sl065,2022-07-14 13:00:00+00:00,STAGE28A,data/reports/stage28a_discovery_factory_batch_runner/stage28a_exact_trades.csv,session_handoff_imbalance_v1,handoff_align_follow_h13_tp06_sl065,-2.203475000000117,-3.2534750000001167,-3.953475000000117,0,0,0,1,3.2534750000001167,38.049999999999955,10.920000000000073,0.21245421245422602,20.029999999999973,0.7688467299051365,5.120000000000118,5.5450000000000275,0.784,-1.0,,,13,3,7.0,2022
2022-07-15 13:00:00+00:00|-1.0|handoff_align_follow_h13_tp06_sl065,2022-07-15 13:00:00+00:00,STAGE28A,data/reports/stage28a_discovery_factory_batch_runner/stage28a_exact_trades.csv,session_handoff_imbalance_v1,handoff_align_follow_h13_tp06_sl065,-1.7539999999999965,-2.8039999999999963,-3.503999999999996,0,0,0,0,2.8039999999999963,38.809999999999945,8.070000000000164,0.23420074349440326,11.740000000000009,0.5144804088585996,3.2000000000000455,4.4470000000000365,0.376,-1.0,,,13,4,7.0,2022
2022-07-18 13:00:00+00:00|1.0|handoff_align_follow_h13_tp06_sl065,2022-07-18 13:00:00+00:00,STAGE28A,data/reports/stage28a_discovery_factory_batch_runner/stage28a_exact_trades.csv,session_handoff_imbalance_v1,handoff_align_follow_h13_tp06_sl065,1.064199999999937,0.0141999999999371,-0.6858000000000626,1,0,0,0,0.0141999999999371,3.1399999999998727,11.819999999999936,0.5972927241962953,12.009999999999991,0.5029142381348849,5.470000000000027,3.7700000000000045,0.208,1.0,,,13,0,7.0,2022
2022-07-19 13:00:00+00:00|1.0|handoff_align_follow_h13_tp06_sl065,2022-07-19 13:00:00+00:00,STAGE28A,data/reports/stage28a_discovery_factory_batch_runner/stage28a_exact_trades.csv,session_handoff_imbalance_v1,handoff_align_follow_h13_tp06_sl065,-1.451425000000063,-2.501425000000063,-3.2014250000000626,0,0,0,0,2.501425000000063,17.99000000000001,4.889999999999873,0.30061349693252876,7.759999999999991,0.49742268041238813,3.0499999999999545,3.078999999999996,0.056,1.0,,,13,1,7.0,2022
2022-07-21 13:00:00+00:00|-1.0|handoff_align_follow_h13_tp06_sl065,2022-07-21 13:00:00+00:00,STAGE28A,data/reports/stage28a_discovery_factory_batch_runner/stage28a_exact_trades.csv,session_handoff_imbalance_v1,handoff_align_follow_h13_tp06_sl065,-1.9087000000000445,-2.9587000000000443,-3.658700000000044,0,0,0,0,2.9587000000000443,21.980000000000018,7.3400000000001455,0.5953678474114175,11.529999999999973,0.6131830008673184,4.2199999999998,3.8129999999999766,0.292,-1.0,,,13,3,7.0,2022
2022-07-25 13:00:00+00:00|1.0|handoff_align_follow_h13_tp06_sl065,2022-07-25 13:00:00+00:00,STAGE28A,data/reports/stage28a_discovery_factory_batch_runner/stage28a_exact_trades.csv,session_handoff_imbalance_v1,handoff_align_follow_h13_tp06_sl065,0.9990999999999076,-0.0509000000000923,-0.750900000000092,0,0,0,0,0.0509000000000923,1.5700000000001637,8.950000000000045,0.13854748603351988,12.480000000000018,0.5993589743589749,7.980000000000018,3.9800000000000066,0.34,1.0,,,13,0,7.0,2022
2022-07-28 13:00:00+00:00|1.0|handoff_align_follow_h13_tp06_sl065,2022-07-28 13:00:00+00:00,STAGE28A,data/reports/stage28a_discovery_factory_batch_runner/stage28a_exact_trades.csv,session_handoff_imbalance_v1,handoff_align_follow_h13_tp06_sl065,-1.933075000000008,-2.983075000000008,-3.683075000000008,0,0,0,0,2.983075000000008,28.660000000000082,7.730000000000018,0.18111254851230113,13.089999999999918,0.32773109243697407,6.100000000000136,4.770500000000004,0.708,1.0,,,13,3,7.0,2022
2022-07-29 13:00:00+00:00|1.0|handoff_align_follow_h13_tp06_sl065,2022-07-29 13:00:00+00:00,STAGE28A,data/reports/stage28a_discovery_factory_batch_runner/stage28a_exact_trades.csv,session_handoff_imbalance_v1,handoff_align_follow_h13_tp06_sl065,-2.0042500000000474,-3.054250000000047,-3.754250000000047,0,0,0,0,3.054250000000047,23.1400000000001,11.269999999999982,0.6752440106477295,11.579999999999927,0.22625215889465758,8.099999999999909,3.908499999999981,0.392,1.0,,,13,4,7.0,2022
2022-08-04 13:00:00+00:00|1.0|handoff_align_follow_h13_tp06_sl065,2022-08-04 13:00:00+00:00,STAGE28A,data/reports/stage28a_discovery_factory_batch_runner/stage28a_exact_trades.csv,session_handoff_imbalance_v1,handoff_align_follow_h13_tp06_sl065,0.8137000000000626,-0.2362999999999373,-0.9362999999999372,0,0,0,0,0.2362999999999373,18.460000000000036,8.320000000000164,0.889423076923043,11.079999999999927,0.8086642599278064,4.079999999999927,3.4970000000000367,0.1,1.0,,,13,3,8.0,2022
2022-08-15 13:00:00+00:00|-1.0|handoff_align_follow_h13_tp06_sl065,2022-08-15 13:00:00+00:00,STAGE28A,data/reports/stage28a_discovery_factory_batch_runner/stage28a_exact_trades.csv,session_handoff_imbalance_v1,handoff_align_follow_h13_tp06_sl065,-1.6903000000000703,-2.74030000000007,-3.44030000000007,0,0,0,0,2.74030000000007,2.5799999999999272,8.339999999999918,0.5851318944844313,17.659999999999854,0.8969422423556086,6.709999999999809,3.6345000000000027,0.24,-1.0,,,13,0,8.0,2022
2022-08-18 13:00:00+00:00|1.0|handoff_align_follow_h13_tp06_sl065,2022-08-18 13:00:00+00:00,STAGE28A,data/reports/stage28a_discovery_factory_batch_runner/stage28a_exact_trades.csv,session_handoff_imbalance_v1,handoff_align_follow_h13_tp06_sl065,-1.3373499999998786,-2.3873499999998784,-3.087349999999878,0,0,0,0,2.3873499999998784,22.449999999999818,5.760000000000218,0.032986111111119334,8.139999999999873,0.7960687960688108,3.6799999999998363,3.254999999999984,0.184,1.0,,,13,3,8.0,2022
2022-08-19 13:00:00+00:00|-1.0|handoff_align_follow_h13_tp06_sl065,2022-08-19 13:00:00+00:00,STAGE28A,data/reports/stage28a_discovery_factory_batch_runner/stage28a_exact_trades.csv,session_handoff_imbalance_v1,handoff_align_follow_h13_tp06_sl065,-1.4969250000000105,-2.54692500000001,-3.24692500000001,0,0,0,0,2.54692500000001,17.089999999999918,5.740000000000009,0.548780487804893,5.559999999999945,0.13129496402878155,1.9500000000000455,3.080499999999995,0.116,-1.0,,,13,4,8.0,2022
2022-08-22 13:00:00+00:00|-1.0|handoff_align_follow_h13_tp06_sl065,2022-08-22 13:00:00+00:00,STAGE28A,data/reports/stage28a_discovery_factory_batch_runner/stage28a_exact_trades.csv,session_handoff_imbalance_v1,handoff_align_follow_h13_tp06_sl065,0.8986000000001241,-0.1513999999998758,-0.8513999999998756,0,0,0,0,0.1513999999998758,3.1100000000001273,4.170000000000073,0.17266187050360066,14.790000000000191,0.6112237998647632,6.769999999999982,3.265499999999997,0.232,-1.0,,,13,0,8.0,2022
2022-08-23 13:00:00+00:00|1.0|handoff_align_follow_h13_tp06_sl065,2022-08-23 13:00:00+00:00,STAGE28A,data/reports/stage28a_discovery_factory_batch_runner/stage28a_exact_trades.csv,session_handoff_imbalance_v1,handoff_align_follow_h13_tp06_sl065,1.0096000000000005,-0.0403999999999995,-0.7403999999999993,0,0,0,0,0.0403999999999995,21.340000000000146,6.380000000000109,0.4247648902821301,9.120000000000118,0.10087719298246281,3.6499999999998636,3.1120000000000116,0.15,1.0,,,13,1,8.0,2022
2022-08-25 13:00:00+00:00|1.0|handoff_align_follow_h13_tp06_sl065,2022-08-25 13:00:00+00:00,STAGE28A,data/reports/stage28a_discovery_factory_batch_runner/stage28a_exact_trades.csv,session_handoff_imbalance_v1,handoff_align_follow_h13_tp06_sl065,-1.4822999999999866,-2.5322999999999865,-3.232299999999986,0,0,0,0,2.5322999999999865,13.490000000000009,7.819999999999936,0.6598465473145647,9.720000000000027,0.7150205761316899,2.6400000000001,3.2789999999999964,0.244,1.0,,,13,3,8.0,2022
2022-08-29 13:00:00+00:00|-1.0|handoff_align_follow_h13_tp06_sl065,2022-08-29 13:00:00+00:00,STAGE28A,data/reports/stage28a_discovery_factory_batch_runner/stage28a_exact_trades.csv,session_handoff_imbalance_v1,handoff_align_follow_h13_tp06_sl065,-1.4738499999999477,-2.5238499999999475,-3.2238499999999477,0,0,0,0,2.5238499999999475,3.8599999999999,15.049999999999955,0.7495016611295685,5.519999999999982,0.24456521739132986,2.8299999999999272,4.653499999999974,0.964,-1.0,,,13,0,8.0,2022
2022-08-30 13:00:00+00:00|-1.0|handoff_align_follow_h13_tp06_sl065,2022-08-30 13:00:00+00:00,STAGE28A,data/reports/stage28a_discovery_factory_batch_runner/stage28a_exact_trades.csv,session_handoff_imbalance_v1,handoff_align_follow_h13_tp06_sl065,-1.7689499999999954,-2.818949999999995,-3.518949999999995,0,0,0,0,2.818949999999995,25.179999999999836,6.619999999999891,0.38670694864051586,8.840000000000146,0.07352941176468925,3.310000000000173,3.280000000000007,0.292,-1.0,,,13,1,8.0,2022
2022-09-01 13:00:00+00:00|-1.0|handoff_align_follow_h13_tp06_sl065,2022-09-01 13:00:00+00:00,STAGE28A,data/reports/stage28a_discovery_factory_batch_runner/stage28a_exact_trades.csv,session_handoff_imbalance_v1,handoff_align_follow_h13_tp06_sl065,-1.8365500000000796,-2.886550000000079,-3.586550000000079,0,0,0,0,2.886550000000079,16.909999999999854,9.11999999999989,0.7225877192982453,8.200000000000045,0.14878048780488054,6.619999999999891,4.009999999999991,0.752,-1.0,,,13,3,9.0,2022
2022-09-02 13:00:00+00:00|1.0|handoff_align_follow_h13_tp06_sl065,2022-09-02 13:00:00+00:00,STAGE28A,data/reports/stage28a_discovery_factory_batch_runner/stage28a_exact_trades.csv,session_handoff_imbalance_v1,handoff_align_follow_h13_tp06_sl065,-1.2824249999999666,-2.3324249999999664,-3.032424999999966,0,0,0,0,2.3324249999999664,22.61999999999989,5.330000000000155,0.7448405253283137,8.539999999999964,0.8723653395784368,2.900000000000091,3.4545000000000075,0.352,1.0,,,13,4,9.0,2022
2022-09-09 13:00:00+00:00|1.0|handoff_align_follow_h13_tp06_sl065,2022-09-09 13:00:00+00:00,STAGE28A,data/reports/stage28a_discovery_factory_batch_runner/stage28a_exact_trades.csv,session_handoff_imbalance_v1,handoff_align_follow_h13_tp06_sl065,0.9864999999998872,-0.0635000000001126,-0.7635000000001124,0,0,0,0,0.0635000000001126,24.13000000000011,12.230000000000018,0.821749795584623,11.269999999999982,0.7080745341614935,3.6900000000000546,3.5004999999999997,0.264,1.0,,,13,4,9.0,2022
2022-09-15 13:00:00+00:00|-1.0|handoff_align_follow_h13_tp06_sl065,2022-09-15 13:00:00+00:00,STAGE28A,data/reports/stage28a_discovery_factory_batch_runner/stage28a_exact_trades.csv,session_handoff_imbalance_v1,handoff_align_follow_h13_tp06_sl065,-1.5742750000000345,-2.624275000000034,-3.324275000000034,0,0,0,0,2.624275000000034,13.440000000000055,7.509999999999991,0.6378162450066537,7.75,0.4141935483871015,3.8700000000001182,3.1519999999999753,0.068,-1.0,,,13,3,9.0,2022
2022-09-19 13:00:00+00:00|-1.0|handoff_align_follow_h13_tp06_sl065,2022-09-19 13:00:00+00:00,STAGE28A,data/reports/stage28a_discovery_factory_batch_runner/stage28a_exact_trades.csv,session_handoff_imbalance_v1,handoff_align_follow_h13_tp06_sl065,-1.8128250000000663,-2.862825000000066,-3.562825000000066,0,0,0,0,2.862825000000066,4.819999999999936,11.710000000000036,0.7856532877882166,10.049999999999955,0.5353233830845677,2.759999999999991,4.4565000000000055,0.692,-1.0,,,13,0,9.0,2022
2022-09-23 13:00:00+00:00|-1.0|handoff_align_follow_h13_tp06_sl065,2022-09-23 13:00:00+00:00,STAGE28A,data/reports/stage28a_discovery_factory_batch_runner/stage28a_exact_trades.csv,session_handoff_imbalance_v1,handoff_align_follow_h13_tp06_sl065,1.2669999999999615,0.2169999999999619,-0.4830000000000378,1,0,1,0,0.2169999999999619,29.309999999999945,7.279999999999973,0.2967032967033091,21.38000000000011,0.5673526660430225,10.400000000000091,3.988000000000011,0.42,-1.0,,,13,4,9.0,2022
2022-09-27 13:00:00+00:00|1.0|handoff_align_follow_h13_tp06_sl065,2022-09-27 13:00:00+00:00,STAGE28A,data/reports/stage28a_discovery_factory_batch_runner/stage28a_exact_trades.csv,session_handoff_imbalance_v1,handoff_align_follow_h13_tp06_sl065,-1.988650000000098,-3.0386500000000978,-3.7386500000000975,0,0,0,0,3.0386500000000978,28.61999999999989,10.209999999999809,0.36924583741430483,9.63000000000011,0.1921079958463256,4.690000000000055,4.840999999999974,0.476,1.0,,,13,1,9.0,2022
2022-09-28 13:00:00+00:00|-1.0|handoff_align_follow_h13_tp06_sl065,2022-09-28 13:00:00+00:00,STAGE28A,data/reports/stage28a_discovery_factory_batch_runner/stage28a_exact_trades.csv,session_handoff_imbalance_v1,handoff_align_follow_h13_tp06_sl065,1.5520000000000436,0.5020000000000437,-0.197999999999956,1,0,1,0,0.5020000000000437,19.6099999999999,7.720000000000027,0.6968911917098268,10.920000000000073,0.7225274725274768,4.220000000000027,4.09050000000002,0.332,-1.0,,,13,2,9.0,2022
2022-09-29 13:00:00+00:00|-1.0|handoff_align_follow_h13_tp06_sl065,2022-09-29 13:00:00+00:00,STAGE28A,data/reports/stage28a_discovery_factory_batch_runner/stage28a_exact_trades.csv,session_handoff_imbalance_v1,handoff_align_follow_h13_tp06_sl065,1.4202999999999064,0.3702999999999066,-0.3297000000000931,1,0,1,0,0.3702999999999066,47.98000000000002,7.710000000000036,0.4137483787289286,13.070000000000164,0.5057383320581345,6.990000000000009,4.693000000000017,0.444,-1.0,,,13,3,9.0,2022
2022-10-03 13:00:00+00:00|-1.0|handoff_align_follow_h13_tp06_sl065,2022-10-03 13:00:00+00:00,STAGE28A,data/reports/stage28a_discovery_factory_batch_runner/stage28a_exact_trades.csv,session_handoff_imbalance_v1,handoff_align_follow_h13_tp06_sl065,1.2070000000000165,0.1570000000000164,-0.5429999999999833,1,0,1,0,0.1570000000000164,4.540000000000191,8.75,0.07314285714286857,8.669999999999845,0.26758938869665255,3.6699999999998454,4.096500000000026,0.224,-1.0,,,13,0,10.0,2022
2022-10-05 13:00:00+00:00|-1.0|handoff_align_follow_h13_tp06_sl065,2022-10-05 13:00:00+00:00,STAGE28A,data/reports/stage28a_discovery_factory_batch_runner/stage28a_exact_trades.csv,session_handoff_imbalance_v1,handoff_align_follow_h13_tp06_sl065,-2.4095249999998942,-3.459524999999894,-4.159524999999894,0,0,0,1,3.459524999999894,34.200000000000045,8.230000000000018,0.7095990279465255,21.699999999999818,0.5949308755760456,9.069999999999936,5.20849999999997,0.464,-1.0,,,13,2,10.0,2022
2022-10-10 13:00:00+00:00|-1.0|handoff_align_follow_h13_tp06_sl065,2022-10-10 13:00:00+00:00,STAGE28A,data/reports/stage28a_discovery_factory_batch_runner/stage28a_exact_trades.csv,session_handoff_imbalance_v1,handoff_align_follow_h13_tp06_sl065,1.298200000000088,0.2482000000000881,-0.4517999999999116,1,0,1,0,0.2482000000000881,4.789999999999964,12.700000000000045,0.6787401574803039,11.519999999999982,0.7282986111111209,6.5,4.689999999999964,0.344,-1.0,,,13,0,10.0,2022
2022-10-17 13:00:00+00:00|1.0|handoff_align_follow_h13_tp06_sl065,2022-10-17 13:00:00+00:00,STAGE28A,data/reports/stage28a_discovery_factory_batch_runner/stage28a_exact_trades.csv,session_handoff_imbalance_v1,handoff_align_follow_h13_tp06_sl065,-1.904800000000114,-2.954800000000114,-3.6548000000001135,0,0,0,0,2.954800000000114,4.039999999999964,9.529999999999973,0.4952780692549885,9.61999999999989,0.7079002079002102,3.3799999999998818,4.3639999999999874,0.228,1.0,,,13,0,10.0,2022
2022-10-19 13:00:00+00:00|-1.0|handoff_align_follow_h13_tp06_sl065,2022-10-19 13:00:00+00:00,STAGE28A,data/reports/stage28a_discovery_factory_batch_runner/stage28a_exact_trades.csv,session_handoff_imbalance_v1,handoff_align_follow_h13_tp06_sl065,-2.060800000000063,-3.110800000000063,-3.810800000000063,0,0,0,1,3.110800000000063,15.049999999999955,5.379999999999882,0.6189591078067338,11.819999999999936,0.6142131979695457,3.0499999999999545,3.871999999999969,0.1,-1.0,,,13,2,10.0,2022
2022-10-21 13:00:00+00:00|-1.0|handoff_align_follow_h13_tp06_sl065,2022-10-21 13:00:00+00:00,STAGE28A,data/reports/stage28a_discovery_factory_batch_runner/stage28a_exact_trades.csv,session_handoff_imbalance_v1,handoff_align_follow_h13_tp06_sl065,-2.004575000000022,-3.0545750000000225,-3.754575000000022,0,0,0,0,3.0545750000000225,23.12000000000012,7.769999999999982,0.653796653796646,10.059999999999945,0.37872763419482763,5.3900000000001,4.369499999999993,0.416,-1.0,,,13,4,10.0,2022
2022-10-24 13:00:00+00:00|-1.0|handoff_align_follow_h13_tp06_sl065,2022-10-24 13:00:00+00:00,STAGE28A,data/reports/stage28a_discovery_factory_batch_runner/stage28a_exact_trades.csv,session_handoff_imbalance_v1,handoff_align_follow_h13_tp06_sl065,1.3003000000000156,0.2503000000000157,-0.449699999999984,1,0,1,0,0.2503000000000157,5.759999999999991,18.470000000000027,0.2793719545208363,14.289999999999964,0.33519944016794795,4.5499999999999545,6.571999999999991,0.896,-1.0,,,13,0,10.0,2022
2022-10-25 13:00:00+00:00|-1.0|handoff_align_follow_h13_tp06_sl065,2022-10-25 13:00:00+00:00,STAGE28A,data/reports/stage28a_discovery_factory_batch_runner/stage28a_exact_trades.csv,session_handoff_imbalance_v1,handoff_align_follow_h13_tp06_sl065,-1.7088250000000245,-2.7588250000000243,-3.458825000000024,0,0,0,0,2.7588250000000243,26.539999999999964,7.680000000000064,0.032552083333333065,13.129999999999882,0.885757806549902,4.970000000000027,3.6740000000000235,0.06,-1.0,,,13,1,10.0,2022
2022-10-26 13:00:00+00:00|1.0|handoff_align_follow_h13_tp06_sl065,2022-10-26 13:00:00+00:00,STAGE28A,data/reports/stage28a_discovery_factory_batch_runner/stage28a_exact_trades.csv,session_handoff_imbalance_v1,handoff_align_follow_h13_tp06_sl065,1.2228999999998904,0.1728999999998905,-0.5271000000001091,1,0,1,0,0.1728999999998905,24.060000000000173,7.880000000000109,0.5862944162436329,19.779999999999973,0.6400404448938257,5.8599999999999,3.980000000000018,0.172,1.0,,,13,2,10.0,2022
2022-10-27 13:00:00+00:00|-1.0|handoff_align_follow_h13_tp06_sl065,2022-10-27 13:00:00+00:00,STAGE28A,data/reports/stage28a_discovery_factory_batch_runner/stage28a_exact_trades.csv,session_handoff_imbalance_v1,handoff_align_follow_h13_tp06_sl065,1.1157999999999446,0.0657999999999447,-0.6342000000000549,1,0,0,0,0.0657999999999447,25.180000000000064,8.439999999999827,0.06398104265402543,10.589999999999918,0.20774315391879722,2.6499999999998636,3.827999999999963,0.12,-1.0,,,13,3,10.0,2022
2022-11-01 13:00:00+00:00|1.0|handoff_align_follow_h13_tp06_sl065,2022-11-01 13:00:00+00:00,STAGE28A,data/reports/stage28a_discovery_factory_batch_runner/stage28a_exact_trades.csv,session_handoff_imbalance_v1,handoff_align_follow_h13_tp06_sl065,-1.973375000000124,-3.023375000000124,-3.7233750000001233,0,0,0,0,3.023375000000124,13.779999999999973,9.440000000000055,0.5889830508474484,15.150000000000091,0.8686468646864538,2.990000000000009,3.5405000000000313,0.048,1.0,,,13,1,11.0,2022
2022-11-02 13:00:00+00:00|1.0|handoff_align_follow_h13_tp06_sl065,2022-11-02 13:00:00+00:00,STAGE28A,data/reports/stage28a_discovery_factory_batch_runner/stage28a_exact_trades.csv,session_handoff_imbalance_v1,handoff_align_follow_h13_tp06_sl065,-1.4777500000001056,-2.5277500000001054,-3.227750000000105,0,0,0,0,2.5277500000001054,26.399999999999864,7.350000000000136,0.31292517006801523,7.3599999999999,0.6983695652174144,2.589999999999918,3.285499999999968,0.004,1.0,,,13,2,11.0,2022
2022-11-07 13:00:00+00:00|1.0|handoff_align_follow_h13_tp06_sl065,2022-11-07 13:00:00+00:00,STAGE28A,data/reports/stage28a_discovery_factory_batch_runner/stage28a_exact_trades.csv,session_handoff_imbalance_v1,handoff_align_follow_h13_tp06_sl065,1.0005999999999855,-0.0494000000000141,-0.7494000000000138,0,0,0,0,0.0494000000000141,7.900000000000091,9.809999999999945,0.019367991845061737,13.5,0.4274074074074229,2.8500000000001364,4.5675000000000185,0.564,1.0,,,13,0,11.0,2022
2022-11-09 13:00:00+00:00|-1.0|handoff_align_follow_h13_tp06_sl065,2022-11-09 13:00:00+00:00,STAGE28A,data/reports/stage28a_discovery_factory_batch_runner/stage28a_exact_trades.csv,session_handoff_imbalance_v1,handoff_align_follow_h13_tp06_sl065,1.0743999999998777,0.0243999999998778,-0.6756000000001219,1,0,0,0,0.0243999999998778,52.25,6.430000000000064,0.4790046656298793,11.860000000000127,0.023608768971329654,5.019999999999982,5.360500000000013,0.864,-1.0,,,13,2,11.0,2022
2022-11-11 13:00:00+00:00|1.0|handoff_align_follow_h13_tp06_sl065,2022-11-11 13:00:00+00:00,STAGE28A,data/reports/stage28a_discovery_factory_batch_runner/stage28a_exact_trades.csv,session_handoff_imbalance_v1,handoff_align_follow_h13_tp06_sl065,-2.574950000000036,-3.624950000000035,-4.324950000000035,0,0,0,1,3.624950000000035,53.33999999999992,7.350000000000136,0.11020408163264359,14.100000000000136,0.3702127659574452,9.220000000000027,5.719000000000017,0.892,1.0,,,13,4,11.0,2022
2022-11-14 13:00:00+00:00|-1.0|handoff_align_follow_h13_tp06_sl065,2022-11-14 13:00:00+00:00,STAGE28A,data/reports/stage28a_discovery_factory_batch_runner/stage28a_exact_trades.csv,session_handoff_imbalance_v1,handoff_align_follow_h13_tp06_sl065,-2.062099999999964,-3.112099999999964,-3.812099999999964,0,0,0,1,3.112099999999964,5.449999999999818,7.4099999999998545,0.29689608636975184,11.839999999999918,0.317567567567569,3.939999999999827,4.200499999999988,0.328,-1.0,,,13,0,11.0,2022
2022-11-15 13:00:00+00:00|1.0|handoff_align_follow_h13_tp06_sl065,2022-11-15 13:00:00+00:00,STAGE28A,data/reports/stage28a_discovery_factory_batch_runner/stage28a_exact_trades.csv,session_handoff_imbalance_v1,handoff_align_follow_h13_tp06_sl065,1.3207000000001243,0.2707000000001245,-0.4292999999998752,1,0,1,0,0.2707000000001245,21.77000000000021,5.259999999999991,0.26615969581750826,15.680000000000064,0.36926020408162885,3.5799999999999272,4.282500000000004,0.336,1.0,,,13,1,11.0,2022
2022-11-18 13:00:00+00:00|1.0|handoff_align_follow_h13_tp06_sl065,2022-11-18 13:00:00+00:00,STAGE28A,data/reports/stage28a_discovery_factory_batch_runner/stage28a_exact_trades.csv,session_handoff_imbalance_v1,handoff_align_follow_h13_tp06_sl065,0.8949999999998909,-0.155000000000109,-0.8550000000001088,0,0,0,0,0.155000000000109,20.269999999999982,6.349999999999909,0.3889763779527658,6.980000000000018,0.37392550143264947,2.75,3.1925000000000296,0.032,1.0,,,13,4,11.0,2022
2022-11-21 13:00:00+00:00|-1.0|handoff_align_follow_h13_tp06_sl065,2022-11-21 13:00:00+00:00,STAGE28A,data/reports/stage28a_discovery_factory_batch_runner/stage28a_exact_trades.csv,session_handoff_imbalance_v1,handoff_align_follow_h13_tp06_sl065,0.9537999999999102,-0.0962000000000897,-0.7962000000000895,0,0,0,0,0.0962000000000897,3.1299999999998818,9.099999999999909,0.6912087912087941,10.190000000000055,0.4249263984298461,4.120000000000118,3.794500000000016,0.152,-1.0,,,13,0,11.0,2022
2022-11-22 13:00:00+00:00|1.0|handoff_align_follow_h13_tp06_sl065,2022-11-22 13:00:00+00:00,STAGE28A,data/reports/stage28a_discovery_factory_batch_runner/stage28a_exact_trades.csv,session_handoff_imbalance_v1,handoff_align_follow_h13_tp06_sl065,0.7632999999999811,-0.2867000000000188,-0.9867000000000186,0,0,0,0,0.2867000000000188,20.470000000000027,8.220000000000027,0.8004866180048547,8.079999999999927,0.11386138613862389,2.1800000000000637,3.4860000000000015,0.072,1.0,,,13,1,11.0,2022
2022-11-24 13:00:00+00:00|1.0|handoff_align_follow_h13_tp06_sl065,2022-11-24 13:00:00+00:00,STAGE28A,data/reports/stage28a_discovery_factory_batch_runner/stage28a_exact_trades.csv,session_handoff_imbalance_v1,handoff_align_follow_h13_tp06_sl065,0.7393000000000939,-0.310699999999906,-1.0106999999999058,0,0,0,0,0.310699999999906,27.230000000000018,7.830000000000155,0.43550446998720144,6.160000000000082,0.07142857142857933,4.019999999999982,3.3895000000000097,0.104,1.0,,,13,3,11.0,2022
2022-11-28 13:00:00+00:00|1.0|handoff_align_follow_h13_tp06_sl065,2022-11-28 13:00:00+00:00,STAGE28A,data/reports/stage28a_discovery_factory_batch_runner/stage28a_exact_trades.csv,session_handoff_imbalance_v1,handoff_align_follow_h13_tp06_sl065,-1.873924999999963,-2.923924999999963,-3.6239249999999625,0,0,0,0,2.923924999999963,5.539999999999964,9.789999999999964,0.06230847803880513,15.220000000000027,0.6005256241787177,3.259999999999991,4.301499999999976,0.632,1.0,,,13,0,11.0,2022
2022-11-29 13:00:00+00:00|1.0|handoff_align_follow_h13_tp06_sl065,2022-11-29 13:00:00+00:00,STAGE28A,data/reports/stage28a_discovery_factory_batch_runner/stage28a_exact_trades.csv,session_handoff_imbalance_v1,handoff_align_follow_h13_tp06_sl065,0.8479000000001179,-0.202099999999882,-0.9020999999998818,0,0,0,0,0.202099999999882,24.059999999999945,14.629999999999882,0.8523581681476505,7.559999999999945,0.19312169312169933,2.480000000000018,3.597999999999968,0.276,1.0,,,13,1,11.0,2022
2022-11-30 13:00:00+00:00|1.0|handoff_align_follow_h13_tp06_sl065,2022-11-30 13:00:00+00:00,STAGE28A,data/reports/stage28a_discovery_factory_batch_runner/stage28a_exact_trades.csv,session_handoff_imbalance_v1,handoff_align_follow_h13_tp06_sl065,0.7779999999999291,-0.2720000000000708,-0.9720000000000706,0,0,0,0,0.2720000000000708,19.48999999999978,7.899999999999864,0.6734177215190197,10.210000000000036,0.4338883447600216,4.7000000000000455,3.161500000000001,0.132,1.0,,,13,2,11.0,2022
2022-12-08 13:00:00+00:00|-1.0|handoff_align_follow_h13_tp06_sl065,2022-12-08 13:00:00+00:00,STAGE28A,data/reports/stage28a_discovery_factory_batch_runner/stage28a_exact_trades.csv,session_handoff_imbalance_v1,handoff_align_follow_h13_tp06_sl065,-1.3828500000000532,-2.432850000000053,-3.1328500000000528,0,0,0,0,2.432850000000053,21.769999999999982,6.779999999999973,0.5176991150442485,5.3900000000001,0.03710575139143124,2.790000000000191,3.6840000000000144,0.264,-1.0,,,13,3,12.0,2022
2022-12-13 13:00:00+00:00|1.0|handoff_align_follow_h13_tp06_sl065,2022-12-13 13:00:00+00:00,STAGE28A,data/reports/stage28a_discovery_factory_batch_runner/stage28a_exact_trades.csv,session_handoff_imbalance_v1,handoff_align_follow_h13_tp06_sl065,0.7761999999999262,-0.2738000000000737,-0.9738000000000736,0,0,0,0,0.2738000000000737,19.5,6.0900000000001455,0.08702791461411495,6.180000000000064,0.7508090614886448,4.990000000000009,3.209500000000048,0.044,1.0,,,13,1,12.0,2022
2022-12-14 13:00:00+00:00|-1.0|handoff_align_follow_h13_tp06_sl065,2022-12-14 13:00:00+00:00,STAGE28A,data/reports/stage28a_discovery_factory_batch_runner/stage28a_exact_trades.csv,session_handoff_imbalance_v1,handoff_align_follow_h13_tp06_sl065,-1.583699999999999,-2.633699999999999,-3.3336999999999986,0,0,0,0,2.633699999999999,44.50999999999999,4.470000000000027,0.1342281879194419,6.720000000000027,0.029761904761877574,3.480000000000018,4.1275000000000315,0.46,-1.0,,,13,2,12.0,2022
2022-12-15 13:00:00+00:00|-1.0|handoff_align_follow_h13_tp06_sl065,2022-12-15 13:00:00+00:00,STAGE28A,data/reports/stage28a_discovery_factory_batch_runner/stage28a_exact_trades.csv,session_handoff_imbalance_v1,handoff_align_follow_h13_tp06_sl065,1.6944999999999708,0.644499999999971,-0.0555000000000287,1,0,1,0,0.644499999999971,19.310000000000173,19.110000000000127,0.8707482993197154,22.519999999999982,0.6039076376554139,4.019999999999982,5.377000000000043,0.876,-1.0,,,13,3,12.0,2022
2022-12-19 13:00:00+00:00|1.0|handoff_align_follow_h13_tp06_sl065,2022-12-19 13:00:00+00:00,STAGE28A,data/reports/stage28a_discovery_factory_batch_runner/stage28a_exact_trades.csv,session_handoff_imbalance_v1,handoff_align_follow_h13_tp06_sl065,-1.499850000000015,-2.549850000000015,-3.2498500000000146,0,0,0,0,2.549850000000015,2.3400000000001455,5.970000000000027,0.32160804020101574,8.4699999999998,0.3471074380165436,1.6900000000000546,3.449000000000024,0.168,1.0,,,13,0,12.0,2022
2022-12-20 13:00:00+00:00|1.0|handoff_align_follow_h13_tp06_sl065,2022-12-20 13:00:00+00:00,STAGE28A,data/reports/stage28a_discovery_factory_batch_runner/stage28a_exact_trades.csv,session_handoff_imbalance_v1,handoff_align_follow_h13_tp06_sl065,-2.0152999999998884,-3.065299999999888,-3.765299999999888,0,0,0,1,3.065299999999888,15.0,11.589999999999918,0.2683347713546289,20.910000000000082,0.7723577235772371,2.599999999999909,4.288999999999999,0.6,1.0,,,13,1,12.0,2022
2022-12-21 13:00:00+00:00|-1.0|handoff_align_follow_h13_tp06_sl065,2022-12-21 13:00:00+00:00,STAGE28A,data/reports/stage28a_discovery_factory_batch_runner/stage28a_exact_trades.csv,session_handoff_imbalance_v1,handoff_align_follow_h13_tp06_sl065,-1.5635499999999412,-2.613549999999941,-3.3135499999999407,0,0,0,0,2.613549999999941,36.52999999999997,6.380000000000109,0.49999999999996436,5.369999999999891,0.1787709497206808,2.8300000000001546,3.1885000000000105,0.056,-1.0,,,13,2,12.0,2022
2022-12-23 13:00:00+00:00|1.0|handoff_align_follow_h13_tp06_sl065,2022-12-23 13:00:00+00:00,STAGE28A,data/reports/stage28a_discovery_factory_batch_runner/stage28a_exact_trades.csv,session_handoff_imbalance_v1,handoff_align_follow_h13_tp06_sl065,-1.3981250000000274,-2.448125000000027,-3.148125000000027,0,0,0,0,2.448125000000027,35.58999999999992,4.270000000000209,0.33255269320843167,4.830000000000155,0.780538302277404,2.2799999999999727,3.41850000000004,0.24,1.0,,,13,4,12.0,2022
2022-12-27 13:00:00+00:00|1.0|handoff_align_follow_h13_tp06_sl065,2022-12-27 13:00:00+00:00,STAGE28A,data/reports/stage28a_discovery_factory_batch_runner/stage28a_exact_trades.csv,session_handoff_imbalance_v1,handoff_align_follow_h13_tp06_sl065,0.471999999999889,-0.5780000000001109,-1.2780000000001106,0,0,0,0,0.5780000000001109,4.339999999999918,6.7999999999999545,0.47205882352938683,6.039999999999964,0.6026490066225367,1.7300000000000182,3.2569999999999597,0.176,1.0,,,13,1,12.0,2022
2022-12-28 13:00:00+00:00|-1.0|handoff_align_follow_h13_tp06_sl065,2022-12-28 13:00:00+00:00,STAGE28A,data/reports/stage28a_discovery_factory_batch_runner/stage28a_exact_trades.csv,session_handoff_imbalance_v1,handoff_align_follow_h13_tp06_sl065,1.0573000000000774,0.0073000000000775,-0.6926999999999222,1,0,0,0,0.0073000000000775,33.58999999999992,4.990000000000009,0.11422845691381468,12.950000000000045,0.7158301158301119,6.120000000000118,5.231999999999994,0.836,-1.0,,,13,2,12.0,2022
2023-01-04 13:00:00+00:00|1.0|handoff_align_follow_h13_tp06_sl065,2023-01-04 13:00:00+00:00,STAGE28A,data/reports/stage28a_discovery_factory_batch_runner/stage28a_exact_trades.csv,session_handoff_imbalance_v1,handoff_align_follow_h13_tp06_sl065,-2.2271999999999026,-3.2771999999999024,-3.977199999999902,0,0,0,1,3.2771999999999024,26.210000000000036,12.019999999999982,0.8460898502495914,20.410000000000082,0.5982361587457122,3.9200000000000728,4.726000000000011,0.76,1.0,,,13,2,1.0,2023
2023-01-05 13:00:00+00:00|-1.0|handoff_align_follow_h13_tp06_sl065,2023-01-05 13:00:00+00:00,STAGE28A,data/reports/stage28a_discovery_factory_batch_runner/stage28a_exact_trades.csv,session_handoff_imbalance_v1,handoff_align_follow_h13_tp06_sl065,1.2781000000001312,0.2281000000001314,-0.4718999999998683,1,0,1,0,0.2281000000001314,29.940000000000055,8.690000000000055,0.3107019562715798,11.779999999999973,0.25806451612902975,3.7000000000000455,4.808500000000015,0.688,-1.0,,,13,3,1.0,2023
2023-01-10 13:00:00+00:00|1.0|handoff_align_follow_h13_tp06_sl065,2023-01-10 13:00:00+00:00,STAGE28A,data/reports/stage28a_discovery_factory_batch_runner/stage28a_exact_trades.csv,session_handoff_imbalance_v1,handoff_align_follow_h13_tp06_sl065,0.8313999999999396,-0.2186000000000603,-0.91860000000006,0,0,0,0,0.2186000000000603,15.169999999999845,8.11999999999989,0.10467980295568323,6.699999999999818,0.5716417910447807,3.6400000000001,4.05599999999996,0.376,1.0,,,13,1,1.0,2023
2023-01-11 13:00:00+00:00|1.0|handoff_align_follow_h13_tp06_sl065,2023-01-11 13:00:00+00:00,STAGE28A,data/reports/stage28a_discovery_factory_batch_runner/stage28a_exact_trades.csv,session_handoff_imbalance_v1,handoff_align_follow_h13_tp06_sl065,0.8577999999999065,-0.1922000000000934,-0.8922000000000931,0,0,0,0,0.1922000000000934,12.879999999999882,6.419999999999845,0.09813084112151468,9.120000000000118,0.7565789473683963,3.3199999999999363,3.6774999999999975,0.22,1.0,,,13,2,1.0,2023
2023-01-17 13:00:00+00:00|-1.0|handoff_align_follow_h13_tp06_sl065,2023-01-17 13:00:00+00:00,STAGE28A,data/reports/stage28a_discovery_factory_batch_runner/stage28a_exact_trades.csv,session_handoff_imbalance_v1,handoff_align_follow_h13_tp06_sl065,-1.63732500000001,-2.6873250000000097,-3.387325000000009,0,0,0,0,2.6873250000000097,18.069999999999936,10.960000000000036,0.5875912408759154,9.029999999999973,0.5658914728682077,3.759999999999991,3.1420000000000075,0.028,-1.0,,,13,1,1.0,2023
2023-01-19 13:00:00+00:00|1.0|handoff_align_follow_h13_tp06_sl065,2023-01-19 13:00:00+00:00,STAGE28A,data/reports/stage28a_discovery_factory_batch_runner/stage28a_exact_trades.csv,session_handoff_imbalance_v1,handoff_align_follow_h13_tp06_sl065,-1.7939749999999095,-2.8439749999999093,-3.543974999999909,0,0,0,0,2.8439749999999093,29.269999999999982,9.970000000000027,0.29388164493481,10.379999999999882,0.023121387283238135,3.800000000000182,4.57049999999997,0.464,1.0,,,13,3,1.0,2023
2023-01-24 13:00:00+00:00|1.0|handoff_align_follow_h13_tp06_sl065,2023-01-24 13:00:00+00:00,STAGE28A,data/reports/stage28a_discovery_factory_batch_runner/stage28a_exact_trades.csv,session_handoff_imbalance_v1,handoff_align_follow_h13_tp06_sl065,0.9618999999999231,-0.0881000000000766,-0.7881000000000764,0,0,0,0,0.0881000000000766,24.169999999999845,6.519999999999982,0.21012269938648692,9.960000000000036,0.5672690763052051,4.179999999999836,4.219499999999982,0.312,1.0,,,13,1,1.0,2023
2023-01-25 13:00:00+00:00|-1.0|handoff_align_follow_h13_tp06_sl065,2023-01-25 13:00:00+00:00,STAGE28A,data/reports/stage28a_discovery_factory_batch_runner/stage28a_exact_trades.csv,session_handoff_imbalance_v1,handoff_align_follow_h13_tp06_sl065,1.1385999999999057,0.0885999999999058,-0.6114000000000939,1,0,0,0,0.0885999999999058,25.36999999999989,11.950000000000045,0.7104602510460232,11.019999999999982,0.2676950998184957,5.7800000000002,4.73599999999999,0.588,-1.0,,,13,2,1.0,2023
2023-01-26 13:00:00+00:00|-1.0|handoff_align_follow_h13_tp06_sl065,2023-01-26 13:00:00+00:00,STAGE28A,data/reports/stage28a_discovery_factory_batch_runner/stage28a_exact_trades.csv,session_handoff_imbalance_v1,handoff_align_follow_h13_tp06_sl065,1.187800000000061,0.1378000000000612,-0.5621999999999385,1,0,0,0,0.1378000000000612,28.659999999999854,6.610000000000127,0.2632375189107376,15.129999999999882,0.6549900859220198,2.0299999999999727,4.674000000000001,0.468,-1.0,,,13,3,1.0,2023
2023-01-31 13:00:00+00:00|-1.0|handoff_align_follow_h13_tp06_sl065,2023-01-31 13:00:00+00:00,STAGE28A,data/reports/stage28a_discovery_factory_batch_runner/stage28a_exact_trades.csv,session_handoff_imbalance_v1,handoff_align_follow_h13_tp06_sl065,1.0702000000000225,0.0202000000000226,-0.6797999999999771,1,0,0,0,0.0202000000000226,13.839999999999918,8.539999999999964,0.2412177985948424,19.180000000000064,0.7987486965589214,3.8500000000001364,3.6990000000000123,0.06,-1.0,,,13,1,1.0,2023
2023-02-01 13:00:00+00:00|-1.0|handoff_align_follow_h13_tp06_sl065,2023-02-01 13:00:00+00:00,STAGE28A,data/reports/stage28a_discovery_factory_batch_runner/stage28a_exact_trades.csv,session_handoff_imbalance_v1,handoff_align_follow_h13_tp06_sl065,0.6817000000000007,-0.3682999999999992,-1.068299999999999,0,0,0,0,0.3682999999999992,30.279999999999973,4.25,0.3764705882353262,5.929999999999836,0.11973018549747994,3.509999999999991,2.965499999999963,0.004,-1.0,,,13,2,2.0,2023
2023-02-02 13:00:00+00:00|1.0|handoff_align_follow_h13_tp06_sl065,2023-02-02 13:00:00+00:00,STAGE28A,data/reports/stage28a_discovery_factory_batch_runner/stage28a_exact_trades.csv,session_handoff_imbalance_v1,handoff_align_follow_h13_tp06_sl065,1.1716000000000348,0.121600000000035,-0.5783999999999647,1,0,0,0,0.121600000000035,33.47000000000003,7.100000000000136,0.0408450704225293,8.519999999999982,0.08098591549296433,5.6599999999998545,6.189000000000021,0.968,1.0,,,13,3,2.0,2023
2023-02-07 13:00:00+00:00|1.0|handoff_align_follow_h13_tp06_sl065,2023-02-07 13:00:00+00:00,STAGE28A,data/reports/stage28a_discovery_factory_batch_runner/stage28a_exact_trades.csv,session_handoff_imbalance_v1,handoff_align_follow_h13_tp06_sl065,-2.0257000000000063,-3.075700000000006,-3.775700000000006,0,0,0,1,3.075700000000006,21.3900000000001,8.75,0.5234285714285631,6.900000000000091,0.17536231884054973,3.6799999999998363,4.125499999999977,0.16,1.0,,,13,1,2.0,2023
2023-02-08 13:00:00+00:00|1.0|handoff_align_follow_h13_tp06_sl065,2023-02-08 13:00:00+00:00,STAGE28A,data/reports/stage28a_discovery_factory_batch_runner/stage28a_exact_trades.csv,session_handoff_imbalance_v1,handoff_align_follow_h13_tp06_sl065,1.4019999999999526,0.3519999999999528,-0.3480000000000469,1,0,1,0,0.3519999999999528,19.3599999999999,7.039999999999964,0.6022727272727316,13.2199999999998,0.2798789712556809,7.430000000000064,6.410499999999968,0.864,1.0,,,13,2,2.0,2023
2023-02-09 13:00:00+00:00|1.0|handoff_align_follow_h13_tp06_sl065,2023-02-09 13:00:00+00:00,STAGE28A,data/reports/stage28a_discovery_factory_batch_runner/stage28a_exact_trades.csv,session_handoff_imbalance_v1,handoff_align_follow_h13_tp06_sl065,1.062700000000086,0.0127000000000863,-0.6872999999999134,1,0,0,0,0.0127000000000863,17.3599999999999,8.25,0.5478787878787856,9.329999999999927,0.663451232583052,5.129999999999882,3.5294999999999845,0.036,1.0,,,13,3,2.0,2023
2023-02-13 13:00:00+00:00|-1.0|handoff_align_follow_h13_tp06_sl065,2023-02-13 13:00:00+00:00,STAGE28A,data/reports/stage28a_discovery_factory_batch_runner/stage28a_exact_trades.csv,session_handoff_imbalance_v1,handoff_align_follow_h13_tp06_sl065,1.202500000000009,0.1525000000000091,-0.5474999999999905,1,0,1,0,0.1525000000000091,2.6800000000000637,7.569999999999936,0.647291941875843,12.6400000000001,0.06170886075949102,5.3900000000001,4.215499999999986,0.2,-1.0,,,13,0,2.0,2023
2023-02-14 13:00:00+00:00|1.0|handoff_align_follow_h13_tp06_sl065,2023-02-14 13:00:00+00:00,STAGE28A,data/reports/stage28a_discovery_factory_batch_runner/stage28a_exact_trades.csv,session_handoff_imbalance_v1,handoff_align_follow_h13_tp06_sl065,1.0086999999999988,-0.041300000000001,-0.7413000000000007,0,0,0,0,0.041300000000001,16.13000000000011,6.519999999999982,0.5920245398773218,7.099999999999909,0.12394366197181592,4.0,3.477499999999998,0.036,1.0,,,13,1,2.0,2023
2023-02-15 13:00:00+00:00|-1.0|handoff_align_follow_h13_tp06_sl065,2023-02-15 13:00:00+00:00,STAGE28A,data/reports/stage28a_discovery_factory_batch_runner/stage28a_exact_trades.csv,session_handoff_imbalance_v1,handoff_align_follow_h13_tp06_sl065,-2.3481000000000223,-3.398100000000022,-4.098100000000022,0,0,0,1,3.398100000000022,27.169999999999845,13.559999999999945,0.5243362831858355,16.019999999999982,0.7771535580524381,3.9500000000000455,5.293000000000006,0.48,-1.0,,,13,2,2.0,2023
2023-02-17 13:00:00+00:00|-1.0|handoff_align_follow_h13_tp06_sl065,2023-02-17 13:00:00+00:00,STAGE28A,data/reports/stage28a_discovery_factory_batch_runner/stage28a_exact_trades.csv,session_handoff_imbalance_v1,handoff_align_follow_h13_tp06_sl065,-2.1505000000000565,-3.2005000000000563,-3.900500000000056,0,0,0,1,3.2005000000000563,17.670000000000073,12.660000000000082,0.5979462875197383,9.319999999999936,0.3508583690987129,3.509999999999991,4.853499999999997,0.416,-1.0,,,13,4,2.0,2023
2023-02-20 13:00:00+00:00|1.0|handoff_align_follow_h13_tp06_sl065,2023-02-20 13:00:00+00:00,STAGE28A,data/reports/stage28a_discovery_factory_batch_runner/stage28a_exact_trades.csv,session_handoff_imbalance_v1,handoff_align_follow_h13_tp06_sl065,0.6999999999999545,-0.3500000000000454,-1.0500000000000451,0,0,0,0,0.3500000000000454,3.3700000000001182,7.559999999999945,0.5052910052910006,6.3599999999999,0.1289308176100549,2.0299999999999727,3.7389999999999874,0.048,1.0,,,13,0,2.0,2023
2023-02-21 13:00:00+00:00|-1.0|handoff_align_follow_h13_tp06_sl065,2023-02-21 13:00:00+00:00,STAGE28A,data/reports/stage28a_discovery_factory_batch_runner/stage28a_exact_trades.csv,session_handoff_imbalance_v1,handoff_align_follow_h13_tp06_sl065,-1.8053499999999527,-2.855349999999953,-3.5553499999999527,0,0,0,0,2.855349999999953,10.169999999999845,6.710000000000036,0.3859910581222253,8.680000000000064,0.6831797235022803,4.170000000000073,2.790499999999986,0.056,-1.0,,,13,1,2.0,2023
2023-02-27 13:00:00+00:00|-1.0|handoff_align_follow_h13_tp06_sl065,2023-02-27 13:00:00+00:00,STAGE28A,data/reports/stage28a_discovery_factory_batch_runner/stage28a_exact_trades.csv,session_handoff_imbalance_v1,handoff_align_follow_h13_tp06_sl065,-1.4992000000000645,-2.5492000000000643,-3.249200000000064,0,0,0,0,2.5492000000000643,3.119999999999891,7.599999999999909,0.32763157894737355,6.600000000000136,0.20151515151513633,3.1299999999998818,3.383999999999992,0.128,-1.0,,,13,0,2.0,2023
2023-02-28 13:00:00+00:00|-1.0|handoff_align_follow_h13_tp06_sl065,2023-02-28 13:00:00+00:00,STAGE28A,data/reports/stage28a_discovery_factory_batch_runner/stage28a_exact_trades.csv,session_handoff_imbalance_v1,handoff_align_follow_h13_tp06_sl065,1.0776999999999588,0.0276999999999589,-0.6723000000000408,1,0,0,0,0.0276999999999589,13.549999999999955,5.6099999999999,0.5008912655971877,12.400000000000091,0.438709677419356,3.6800000000000637,3.311500000000012,0.164,-1.0,,,13,1,2.0,2023
2023-03-01 13:00:00+00:00|1.0|handoff_align_follow_h13_tp06_sl065,2023-03-01 13:00:00+00:00,STAGE28A,data/reports/stage28a_discovery_factory_batch_runner/stage28a_exact_trades.csv,session_handoff_imbalance_v1,handoff_align_follow_h13_tp06_sl065,1.0014999999999872,-0.0485000000000126,-0.7485000000000124,0,0,0,0,0.0485000000000126,26.559999999999945,8.710000000000036,0.5051664753157373,8.179999999999836,0.6002444987775003,4.190000000000055,3.8149999999999524,0.38,1.0,,,13,2,3.0,2023
2023-03-02 13:00:00+00:00|-1.0|handoff_align_follow_h13_tp06_sl065,2023-03-02 13:00:00+00:00,STAGE28A,data/reports/stage28a_discovery_factory_batch_runner/stage28a_exact_trades.csv,session_handoff_imbalance_v1,handoff_align_follow_h13_tp06_sl065,-1.6045000000000074,-2.654500000000007,-3.354500000000007,0,0,0,0,2.654500000000007,21.450000000000045,7.440000000000055,0.29301075268817844,5.220000000000027,0.5363984674329387,2.2200000000000273,3.3319999999999936,0.184,-1.0,,,13,3,3.0,2023
2023-03-03 13:00:00+00:00|1.0|handoff_align_follow_h13_tp06_sl065,2023-03-03 13:00:00+00:00,STAGE28A,data/reports/stage28a_discovery_factory_batch_runner/stage28a_exact_trades.csv,session_handoff_imbalance_v1,handoff_align_follow_h13_tp06_sl065,-1.451425000000063,-2.501425000000063,-3.2014250000000626,0,0,0,0,2.501425000000063,8.949999999999818,6.009999999999991,0.09816971713812753,9.990000000000009,0.8508508508508501,2.650000000000091,2.942999999999995,0.076,1.0,,,13,4,3.0,2023
2023-03-13 13:00:00+00:00|1.0|handoff_align_follow_h13_tp06_sl065,2023-03-13 13:00:00+00:00,STAGE28A,data/reports/stage28a_discovery_factory_batch_runner/stage28a_exact_trades.csv,session_handoff_imbalance_v1,handoff_align_follow_h13_tp06_sl065,-2.8814249999998998,-3.931424999999899,-4.631424999999899,0,0,0,1,3.931424999999899,22.169999999999845,22.169999999999845,0.43031123139377675,22.269999999999982,0.11899416255052057,6.9500000000000455,9.58099999999996,0.968,1.0,,,13,0,3.0,2023
2023-03-14 13:00:00+00:00|-1.0|handoff_align_follow_h13_tp06_sl065,2023-03-14 13:00:00+00:00,STAGE28A,data/reports/stage28a_discovery_factory_batch_runner/stage28a_exact_trades.csv,session_handoff_imbalance_v1,handoff_align_follow_h13_tp06_sl065,-2.383200000000079,-3.433200000000079,-4.133200000000079,0,0,0,1,3.433200000000079,43.12999999999988,12.549999999999955,0.7274900398406307,12.61999999999989,0.03328050713152528,3.769999999999982,5.18850000000001,0.828,-1.0,,,13,1,3.0,2023
2023-03-15 13:00:00+00:00|-1.0|handoff_align_follow_h13_tp06_sl065,2023-03-15 13:00:00+00:00,STAGE28A,data/reports/stage28a_discovery_factory_batch_runner/stage28a_exact_trades.csv,session_handoff_imbalance_v1,handoff_align_follow_h13_tp06_sl065,-2.9178250000000845,-3.967825000000084,-4.667825000000084,0,0,0,1,3.967825000000084,18.75,5.6599999999998545,0.24558303886924177,24.029999999999973,0.28381190178942756,13.539999999999964,4.8125,0.74,-1.0,,,13,2,3.0,2023
2023-03-17 13:00:00+00:00|1.0|handoff_align_follow_h13_tp06_sl065,2023-03-17 13:00:00+00:00,STAGE28A,data/reports/stage28a_discovery_factory_batch_runner/stage28a_exact_trades.csv,session_handoff_imbalance_v1,handoff_align_follow_h13_tp06_sl065,-2.0065250000001016,-3.0565250000001014,-3.756525000000101,0,0,0,0,3.0565250000001014,25.8599999999999,12.769999999999982,0.8300704776820792,6.980000000000018,0.04154727793695743,3.769999999999982,4.405999999999972,0.532,1.0,,,13,4,3.0,2023
2023-03-23 13:00:00+00:00|1.0|handoff_align_follow_h13_tp06_sl065,2023-03-23 13:00:00+00:00,STAGE28A,data/reports/stage28a_discovery_factory_batch_runner/stage28a_exact_trades.csv,session_handoff_imbalance_v1,handoff_align_follow_h13_tp06_sl065,1.653099999999904,0.603099999999904,-0.0969000000000956,1,0,1,0,0.603099999999904,44.49000000000001,13.700000000000045,0.5751824817518143,9.3599999999999,0.01816239316240113,4.4099999999998545,7.595999999999992,0.66,1.0,,,13,3,3.0,2023
2023-03-24 13:00:00+00:00|1.0|handoff_align_follow_h13_tp06_sl065,2023-03-24 13:00:00+00:00,STAGE28A,data/reports/stage28a_discovery_factory_batch_runner/stage28a_exact_trades.csv,session_handoff_imbalance_v1,handoff_align_follow_h13_tp06_sl065,1.875400000000036,0.8254000000000361,0.1254000000000363,1,1,1,0,0.8254000000000361,38.76999999999998,5.119999999999891,0.011718750000034,19.029999999999973,0.026799789805569713,7.7000000000000455,6.421999999999992,0.452,1.0,,,13,4,3.0,2023
2023-03-29 13:00:00+00:00|-1.0|handoff_align_follow_h13_tp06_sl065,2023-03-29 13:00:00+00:00,STAGE28A,data/reports/stage28a_discovery_factory_batch_runner/stage28a_exact_trades.csv,session_handoff_imbalance_v1,handoff_align_follow_h13_tp06_sl065,-1.781949999999915,-2.831949999999915,-3.531949999999915,0,0,0,0,2.831949999999915,26.100000000000136,8.519999999999982,0.7500000000000133,10.220000000000027,0.07827788649705993,3.740000000000009,3.960500000000002,0.02,-1.0,,,13,2,3.0,2023
2023-04-05 13:00:00+00:00|1.0|handoff_align_follow_h13_tp06_sl065,2023-04-05 13:00:00+00:00,STAGE28A,data/reports/stage28a_discovery_factory_batch_runner/stage28a_exact_trades.csv,session_handoff_imbalance_v1,handoff_align_follow_h13_tp06_sl065,-1.753350000000046,-2.8033500000000457,-3.503350000000045,0,0,0,0,2.8033500000000457,48.01999999999998,5.910000000000082,0.4027072758037354,6.6099999999999,0.22541603630862808,3.369999999999891,4.895500000000027,0.416,1.0,,,13,2,4.0,2023
2023-04-11 13:00:00+00:00|1.0|handoff_align_follow_h13_tp06_sl065,2023-04-11 13:00:00+00:00,STAGE28A,data/reports/stage28a_discovery_factory_batch_runner/stage28a_exact_trades.csv,session_handoff_imbalance_v1,handoff_align_follow_h13_tp06_sl065,0.9661000000000058,-0.083899999999994,-0.7838999999999938,0,0,0,0,0.083899999999994,24.860000000000127,9.349999999999909,0.6588235294117799,10.100000000000136,0.6920792079207836,2.8599999999999,3.5599999999999796,0.036,1.0,,,13,1,4.0,2023
2023-04-13 13:00:00+00:00|1.0|handoff_align_follow_h13_tp06_sl065,2023-04-13 13:00:00+00:00,STAGE28A,data/reports/stage28a_discovery_factory_batch_runner/stage28a_exact_trades.csv,session_handoff_imbalance_v1,handoff_align_follow_h13_tp06_sl065,-1.7754499999999551,-2.825449999999955,-3.525449999999955,0,0,0,0,2.825449999999955,27.13000000000011,6.1400000000001,0.3697068403908705,13.950000000000045,0.6566308243727635,2.9199999999998454,4.161999999999978,0.308,1.0,,,13,3,4.0,2023
2023-04-17 13:00:00+00:00|1.0|handoff_align_follow_h13_tp06_sl065,2023-04-17 13:00:00+00:00,STAGE28A,data/reports/stage28a_discovery_factory_batch_runner/stage28a_exact_trades.csv,session_handoff_imbalance_v1,handoff_align_follow_h13_tp06_sl065,1.2112000000000989,0.161200000000099,-0.5387999999999007,1,0,1,0,0.161200000000099,7.0,10.759999999999991,0.30669144981412244,11.329999999999927,0.5216240070608907,2.3899999999998727,5.830000000000007,0.724,1.0,,,13,0,4.0,2023
2023-04-18 13:00:00+00:00|1.0|handoff_align_follow_h13_tp06_sl065,2023-04-18 13:00:00+00:00,STAGE28A,data/reports/stage28a_discovery_factory_batch_runner/stage28a_exact_trades.csv,session_handoff_imbalance_v1,handoff_align_follow_h13_tp06_sl065,1.019799999999941,-0.0302000000000588,-0.7302000000000586,0,0,0,0,0.0302000000000588,33.8900000000001,8.5,0.6588235294117808,8.699999999999818,0.10919540229885809,5.029999999999973,4.1374999999999655,0.208,1.0,,,13,1,4.0,2023
2023-04-19 13:00:00+00:00|-1.0|handoff_align_follow_h13_tp06_sl065,2023-04-19 13:00:00+00:00,STAGE28A,data/reports/stage28a_discovery_factory_batch_runner/stage28a_exact_trades.csv,session_handoff_imbalance_v1,handoff_align_follow_h13_tp06_sl065,-2.968199999999888,-4.018199999999888,-4.718199999999888,0,0,0,1,4.018199999999888,20.6099999999999,6.189999999999827,0.34087237479809146,31.710000000000036,0.9274676758120481,7.639999999999873,4.9204999999999925,0.476,-1.0,,,13,2,4.0,2023
2023-04-21 13:00:00+00:00|-1.0|handoff_align_follow_h13_tp06_sl065,2023-04-21 13:00:00+00:00,STAGE28A,data/reports/stage28a_discovery_factory_batch_runner/stage28a_exact_trades.csv,session_handoff_imbalance_v1,handoff_align_follow_h13_tp06_sl065,1.7208999999999377,0.6708999999999379,-0.0291000000000618,1,0,1,0,0.6708999999999379,21.839999999999918,4.940000000000055,0.5161943319837907,20.37999999999988,0.7850834151128603,5.4500000000000455,4.8180000000000405,0.424,-1.0,,,13,4,4.0,2023
2023-05-01 13:00:00+00:00|-1.0|handoff_align_follow_h13_tp06_sl065,2023-05-01 13:00:00+00:00,STAGE28A,data/reports/stage28a_discovery_factory_batch_runner/stage28a_exact_trades.csv,session_handoff_imbalance_v1,handoff_align_follow_h13_tp06_sl065,0.7576000000000477,-0.2923999999999522,-0.992399999999952,0,0,0,0,0.2923999999999522,3.2999999999999545,11.25,0.5164444444444396,9.319999999999936,0.14377682403432696,8.230000000000018,4.131500000000028,0.12,-1.0,,,13,0,5.0,2023
2023-05-02 13:00:00+00:00|-1.0|handoff_align_follow_h13_tp06_sl065,2023-05-02 13:00:00+00:00,STAGE28A,data/reports/stage28a_discovery_factory_batch_runner/stage28a_exact_trades.csv,session_handoff_imbalance_v1,handoff_align_follow_h13_tp06_sl065,0.933100000000104,-0.1168999999998958,-0.8168999999998956,0,0,0,0,0.1168999999998958,28.960000000000036,4.459999999999809,0.12556053811658507,7.899999999999864,0.25949367088607467,5.7999999999999545,3.559499999999969,0.032,-1.0,,,13,1,5.0,2023
2023-05-04 13:00:00+00:00|-1.0|handoff_align_follow_h13_tp06_sl065,2023-05-04 13:00:00+00:00,STAGE28A,data/reports/stage28a_discovery_factory_batch_runner/stage28a_exact_trades.csv,session_handoff_imbalance_v1,handoff_align_follow_h13_tp06_sl065,1.3593999999999595,0.3093999999999597,-0.39060000000004,1,0,1,0,0.3093999999999597,50.37000000000012,39.94999999999982,0.3902377972465636,14.970000000000027,0.2077488309953169,4.800000000000182,9.180500000000029,0.988,-1.0,,,13,3,5.0,2023
2023-05-09 13:00:00+00:00|1.0|handoff_align_follow_h13_tp06_sl065,2023-05-09 13:00:00+00:00,STAGE28A,data/reports/stage28a_discovery_factory_batch_runner/stage28a_exact_trades.csv,session_handoff_imbalance_v1,handoff_align_follow_h13_tp06_sl065,0.8155000000000655,-0.2344999999999344,-0.9344999999999342,0,0,0,0,0.2344999999999344,15.129999999999882,5.400000000000091,0.4944444444444075,7.330000000000155,0.46248294679400115,3.5299999999999727,3.223000000000036,0.028,1.0,,,13,1,5.0,2023
2023-05-10 13:00:00+00:00|-1.0|handoff_align_follow_h13_tp06_sl065,2023-05-10 13:00:00+00:00,STAGE28A,data/reports/stage28a_discovery_factory_batch_runner/stage28a_exact_trades.csv,session_handoff_imbalance_v1,handoff_align_follow_h13_tp06_sl065,-1.6006000000000769,-2.6506000000000767,-3.3506000000000764,0,0,0,0,2.6506000000000767,18.029999999999973,7.679999999999836,0.5572916666667046,6.680000000000064,0.39371257485027794,2.0,3.263000000000011,0.052,-1.0,,,13,2,5.0,2023
2023-05-12 13:00:00+00:00|-1.0|handoff_align_follow_h13_tp06_sl065,2023-05-12 13:00:00+00:00,STAGE28A,data/reports/stage28a_discovery_factory_batch_runner/stage28a_exact_trades.csv,session_handoff_imbalance_v1,handoff_align_follow_h13_tp06_sl065,1.0932999999999082,0.0432999999999084,-0.6567000000000913,1,0,0,0,0.0432999999999084,30.1400000000001,8.960000000000036,0.4832589285714185,11.710000000000036,0.7532023911186941,6.180000000000064,4.002500000000009,0.304,-1.0,,,13,4,5.0,2023
2023-05-15 13:00:00+00:00|1.0|handoff_align_follow_h13_tp06_sl065,2023-05-15 13:00:00+00:00,STAGE28A,data/reports/stage28a_discovery_factory_batch_runner/stage28a_exact_trades.csv,session_handoff_imbalance_v1,handoff_align_follow_h13_tp06_sl065,-1.612625000000071,-2.662625000000071,-3.3626250000000706,0,0,0,0,2.662625000000071,4.789999999999964,11.710000000000036,0.2613151152860748,7.720000000000027,0.3121761658031183,2.740000000000009,3.9409999999999967,0.288,1.0,,,13,0,5.0,2023
2023-05-18 13:00:00+00:00|-1.0|handoff_align_follow_h13_tp06_sl065,2023-05-18 13:00:00+00:00,STAGE28A,data/reports/stage28a_discovery_factory_batch_runner/stage28a_exact_trades.csv,session_handoff_imbalance_v1,handoff_align_follow_h13_tp06_sl065,0.9226000000000112,-0.1273999999999886,-0.8273999999999884,0,0,0,0,0.1273999999999886,17.950000000000045,5.4099999999998545,0.13308687615523462,10.519999999999982,0.4591254752851866,2.910000000000082,3.3850000000000136,0.104,-1.0,,,13,3,5.0,2023
2023-05-19 13:00:00+00:00|1.0|handoff_align_follow_h13_tp06_sl065,2023-05-19 13:00:00+00:00,STAGE28A,data/reports/stage28a_discovery_factory_batch_runner/stage28a_exact_trades.csv,session_handoff_imbalance_v1,handoff_align_follow_h13_tp06_sl065,0.9945999999999005,-0.0554000000000995,-0.7554000000000993,0,0,0,0,0.0554000000000995,33.97999999999979,9.659999999999854,0.4906832298136729,8.100000000000136,0.5469135802469123,3.8600000000001273,3.631499999999994,0.26,1.0,,,13,4,5.0,2023
2023-05-23 13:00:00+00:00|-1.0|handoff_align_follow_h13_tp06_sl065,2023-05-23 13:00:00+00:00,STAGE28A,data/reports/stage28a_discovery_factory_batch_runner/stage28a_exact_trades.csv,session_handoff_imbalance_v1,handoff_align_follow_h13_tp06_sl065,-1.910649999999896,-2.960649999999896,-3.660649999999896,0,0,0,0,2.960649999999896,13.670000000000073,12.319999999999936,0.6915584415584437,10.339999999999918,0.5483558994197406,4.3900000000001,4.175499999999988,0.504,-1.0,,,13,1,5.0,2023
2023-05-24 13:00:00+00:00|-1.0|handoff_align_follow_h13_tp06_sl065,2023-05-24 13:00:00+00:00,STAGE28A,data/reports/stage28a_discovery_factory_batch_runner/stage28a_exact_trades.csv,session_handoff_imbalance_v1,handoff_align_follow_h13_tp06_sl065,-2.011399999999958,-3.0613999999999577,-3.761399999999957,0,0,0,0,3.0613999999999577,23.449999999999818,4.529999999999973,0.0883002207505223,9.820000000000164,0.036659877800396534,3.199999999999818,3.878999999999985,0.28,-1.0,,,13,2,5.0,2023
2023-05-26 13:00:00+00:00|1.0|handoff_align_follow_h13_tp06_sl065,2023-05-26 13:00:00+00:00,STAGE28A,data/reports/stage28a_discovery_factory_batch_runner/stage28a_exact_trades.csv,session_handoff_imbalance_v1,handoff_align_follow_h13_tp06_sl065,-1.7796750000000885,-2.8296750000000883,-3.529675000000088,0,0,0,0,2.8296750000000883,25.910000000000082,12.120000000000118,0.5140264026402606,10.289999999999964,0.5053449951409197,2.4199999999998454,3.8940000000000055,0.256,1.0,,,13,4,5.0,2023
2023-05-31 13:00:00+00:00|-1.0|handoff_align_follow_h13_tp06_sl065,2023-05-31 13:00:00+00:00,STAGE28A,data/reports/stage28a_discovery_factory_batch_runner/stage28a_exact_trades.csv,session_handoff_imbalance_v1,handoff_align_follow_h13_tp06_sl065,1.125400000000036,0.0754000000000361,-0.6245999999999636,1,0,0,0,0.0754000000000361,31.529999999999973,6.8400000000001455,0.07748538011695343,10.319999999999936,0.06395348837210135,5.139999999999873,3.6284999999999967,0.176,-1.0,,,13,2,5.0,2023
2023-06-01 13:00:00+00:00|-1.0|handoff_align_follow_h13_tp06_sl065,2023-06-01 13:00:00+00:00,STAGE28A,data/reports/stage28a_discovery_factory_batch_runner/stage28a_exact_trades.csv,session_handoff_imbalance_v1,handoff_align_follow_h13_tp06_sl065,-1.5151249999999892,-2.565124999999989,-3.2651249999999887,0,0,0,0,2.565124999999989,21.13000000000011,5.470000000000027,0.40036563071298786,12.440000000000055,0.31511254019291224,5.370000000000118,4.007000000000028,0.324,-1.0,,,13,3,6.0,2023
2023-06-05 13:00:00+00:00|-1.0|handoff_align_follow_h13_tp06_sl065,2023-06-05 13:00:00+00:00,STAGE28A,data/reports/stage28a_discovery_factory_batch_runner/stage28a_exact_trades.csv,session_handoff_imbalance_v1,handoff_align_follow_h13_tp06_sl065,-1.7796750000000885,-2.8296750000000883,-3.529675000000088,0,0,0,0,2.8296750000000883,3.5399999999999636,6.1099999999999,0.2929623567921429,8.799999999999955,0.2590909090909073,5.669999999999845,4.006000000000017,0.276,-1.0,,,13,0,6.0,2023
2023-06-07 13:00:00+00:00|-1.0|handoff_align_follow_h13_tp06_sl065,2023-06-07 13:00:00+00:00,STAGE28A,data/reports/stage28a_discovery_factory_batch_runner/stage28a_exact_trades.csv,session_handoff_imbalance_v1,handoff_align_follow_h13_tp06_sl065,-1.6233499999999368,-2.6733499999999366,-3.3733499999999363,0,0,0,0,2.6733499999999366,11.980000000000018,3.9199999999998454,0.08673469387753356,10.009999999999991,0.11288711288712389,3.160000000000082,2.9924999999999953,0.092,-1.0,,,13,2,6.0,2023
2023-06-08 13:00:00+00:00|1.0|handoff_align_follow_h13_tp06_sl065,2023-06-08 13:00:00+00:00,STAGE28A,data/reports/stage28a_discovery_factory_batch_runner/stage28a_exact_trades.csv,session_handoff_imbalance_v1,handoff_align_follow_h13_tp06_sl065,0.7402000000000953,-0.3097999999999046,-1.0097999999999043,0,0,0,0,0.3097999999999046,30.329999999999927,7.440000000000055,0.5349462365591383,6.319999999999936,0.011075949367078645,2.8599999999999,4.110500000000013,0.452,1.0,,,13,3,6.0,2023
2023-06-09 13:00:00+00:00|-1.0|handoff_align_follow_h13_tp06_sl065,2023-06-09 13:00:00+00:00,STAGE28A,data/reports/stage28a_discovery_factory_batch_runner/stage28a_exact_trades.csv,session_handoff_imbalance_v1,handoff_align_follow_h13_tp06_sl065,0.4896999999999935,-0.5603000000000065,-1.2603000000000062,0,0,0,0,0.5603000000000065,30.90000000000009,3.25,0.7046153846153734,5.440000000000055,0.34191176470590234,2.089999999999918,2.3620000000000116,0.024,-1.0,,,13,4,6.0,2023
2023-06-13 13:00:00+00:00|1.0|handoff_align_follow_h13_tp06_sl065,2023-06-13 13:00:00+00:00,STAGE28A,data/reports/stage28a_discovery_factory_batch_runner/stage28a_exact_trades.csv,session_handoff_imbalance_v1,handoff_align_follow_h13_tp06_sl065,-1.449474999999984,-2.499474999999984,-3.199474999999984,0,0,0,0,2.499474999999984,17.7800000000002,6.210000000000036,0.6070853462157745,7.149999999999864,0.1706293706293777,1.900000000000091,3.1184999999999716,0.112,1.0,,,13,1,6.0,2023
2023-06-14 13:00:00+00:00|1.0|handoff_align_follow_h13_tp06_sl065,2023-06-14 13:00:00+00:00,STAGE28A,data/reports/stage28a_discovery_factory_batch_runner/stage28a_exact_trades.csv,session_handoff_imbalance_v1,handoff_align_follow_h13_tp06_sl065,-1.540149999999903,-2.590149999999903,-3.290149999999903,0,0,0,0,2.590149999999903,30.730000000000018,7.240000000000009,0.7223756906077364,7.639999999999873,0.2683246073298414,3.0399999999999636,3.581500000000017,0.256,1.0,,,13,2,6.0,2023
2023-06-15 13:00:00+00:00|-1.0|handoff_align_follow_h13_tp06_sl065,2023-06-15 13:00:00+00:00,STAGE28A,data/reports/stage28a_discovery_factory_batch_runner/stage28a_exact_trades.csv,session_handoff_imbalance_v1,handoff_align_follow_h13_tp06_sl065,-2.0611250000000383,-3.111125000000038,-3.811125000000038,0,0,0,1,3.111125000000038,20.580000000000155,12.930000000000064,0.713070378963649,10.7800000000002,0.09090909090909091,5.059999999999945,5.140999999999986,0.956,-1.0,,,13,3,6.0,2023
2023-06-22 13:00:00+00:00|-1.0|handoff_align_follow_h13_tp06_sl065,2023-06-22 13:00:00+00:00,STAGE28A,data/reports/stage28a_discovery_factory_batch_runner/stage28a_exact_trades.csv,session_handoff_imbalance_v1,handoff_align_follow_h13_tp06_sl065,0.8703999999999269,-0.179600000000073,-0.8796000000000728,0,0,0,0,0.179600000000073,20.25,3.459999999999809,0.2687861271676633,8.180000000000064,0.46210268948654565,3.230000000000018,3.4029999999999747,0.24,-1.0,,,13,3,6.0,2023
2023-06-26 13:00:00+00:00|1.0|handoff_align_follow_h13_tp06_sl065,2023-06-26 13:00:00+00:00,STAGE28A,data/reports/stage28a_discovery_factory_batch_runner/stage28a_exact_trades.csv,session_handoff_imbalance_v1,handoff_align_follow_h13_tp06_sl065,-1.5625750000000154,-2.612575000000015,-3.312575000000015,0,0,0,0,2.612575000000015,3.490000000000009,5.870000000000118,0.12776831345825979,11.200000000000045,0.3928571428571494,3.1099999999999,3.5994999999999893,0.276,1.0,,,13,0,6.0,2023
2023-07-03 13:00:00+00:00|-1.0|handoff_align_follow_h13_tp06_sl065,2023-07-03 13:00:00+00:00,STAGE28A,data/reports/stage28a_discovery_factory_batch_runner/stage28a_exact_trades.csv,session_handoff_imbalance_v1,handoff_align_follow_h13_tp06_sl065,0.6889000000000124,-0.3610999999999875,-1.0610999999999873,0,0,0,0,0.3610999999999875,1.1800000000000637,4.940000000000055,0.18825910931170567,10.5,0.4961904761904797,2.560000000000173,3.1415000000000077,0.2,-1.0,,,13,0,7.0,2023
2023-07-04 13:00:00+00:00|1.0|handoff_align_follow_h13_tp06_sl065,2023-07-04 13:00:00+00:00,STAGE28A,data/reports/stage28a_discovery_factory_batch_runner/stage28a_exact_trades.csv,session_handoff_imbalance_v1,handoff_align_follow_h13_tp06_sl065,-1.192399999999998,-2.2423999999999977,-2.942399999999997,0,0,0,0,2.2423999999999977,20.950000000000045,3.6399999999998727,0.4807692307692476,7.9099999999998545,0.8609355246523765,2.1099999999999,2.3639999999999874,0.004,1.0,,,13,1,7.0,2023
2023-07-07 13:00:00+00:00|1.0|handoff_align_follow_h13_tp06_sl065,2023-07-07 13:00:00+00:00,STAGE28A,data/reports/stage28a_discovery_factory_batch_runner/stage28a_exact_trades.csv,session_handoff_imbalance_v1,handoff_align_follow_h13_tp06_sl065,0.4867000000000644,-0.5632999999999355,-1.2632999999999353,0,0,0,0,0.5632999999999355,24.910000000000082,2.8099999999999454,0.049822064056895154,6.5499999999999545,0.7709923664122121,2.3599999999999,2.5665000000000076,0.116,1.0,,,13,4,7.0,2023
2023-07-11 13:00:00+00:00|1.0|handoff_align_follow_h13_tp06_sl065,2023-07-11 13:00:00+00:00,STAGE28A,data/reports/stage28a_discovery_factory_batch_runner/stage28a_exact_trades.csv,session_handoff_imbalance_v1,handoff_align_follow_h13_tp06_sl065,-1.803074999999899,-2.8530749999998988,-3.5530749999998985,0,0,0,0,2.8530749999998988,15.459999999999809,4.690000000000055,0.3432835820895754,11.970000000000027,0.9598997493734321,3.4700000000000273,3.030500000000006,0.228,1.0,,,13,1,7.0,2023
2023-07-13 13:00:00+00:00|1.0|handoff_align_follow_h13_tp06_sl065,2023-07-13 13:00:00+00:00,STAGE28A,data/reports/stage28a_discovery_factory_batch_runner/stage28a_exact_trades.csv,session_handoff_imbalance_v1,handoff_align_follow_h13_tp06_sl065,-1.4894499999998971,-2.539449999999897,-3.2394499999998967,0,0,0,0,2.539449999999897,27.560000000000173,6.690000000000055,0.38415545590432215,8.11999999999989,0.035714285714281716,1.599999999999909,3.1245000000000003,0.264,1.0,,,13,3,7.0,2023
2023-07-18 13:00:00+00:00|1.0|handoff_align_follow_h13_tp06_sl065,2023-07-18 13:00:00+00:00,STAGE28A,data/reports/stage28a_discovery_factory_batch_runner/stage28a_exact_trades.csv,session_handoff_imbalance_v1,handoff_align_follow_h13_tp06_sl065,-1.4146999999999026,-2.4646999999999024,-3.164699999999902,0,0,0,0,2.4646999999999024,14.089999999999918,6.839999999999918,0.7046783625730986,6.329999999999927,0.513428120063197,2.119999999999891,2.4560000000000057,0.124,1.0,,,13,1,7.0,2023
2023-07-21 13:00:00+00:00|-1.0|handoff_align_follow_h13_tp06_sl065,2023-07-21 13:00:00+00:00,STAGE28A,data/reports/stage28a_discovery_factory_batch_runner/stage28a_exact_trades.csv,session_handoff_imbalance_v1,handoff_align_follow_h13_tp06_sl065,-1.6805500000001303,-2.73055000000013,-3.43055000000013,0,0,0,0,2.73055000000013,22.090000000000146,3.8600000000001273,0.0984455958548884,11.100000000000136,0.5630630630630561,3.5,3.1629999999999994,0.188,-1.0,,,13,4,7.0,2023
2023-07-24 13:00:00+00:00|-1.0|handoff_align_follow_h13_tp06_sl065,2023-07-24 13:00:00+00:00,STAGE28A,data/reports/stage28a_discovery_factory_batch_runner/stage28a_exact_trades.csv,session_handoff_imbalance_v1,handoff_align_follow_h13_tp06_sl065,0.816400000000067,-0.2335999999999329,-0.9335999999999328,0,0,0,0,0.2335999999999329,2.3999999999998636,3.759999999999991,0.4840425531914736,8.310000000000173,0.6413959085439283,6.720000000000027,3.1964999999999804,0.212,-1.0,,,13,0,7.0,2023
2023-07-25 13:00:00+00:00|1.0|handoff_align_follow_h13_tp06_sl065,2023-07-25 13:00:00+00:00,STAGE28A,data/reports/stage28a_discovery_factory_batch_runner/stage28a_exact_trades.csv,session_handoff_imbalance_v1,handoff_align_follow_h13_tp06_sl065,-1.612625000000071,-2.662625000000071,-3.3626250000000706,0,0,0,0,2.662625000000071,14.429999999999836,10.349999999999909,0.6434782608695568,4.730000000000018,0.12262156448201375,2.4200000000000728,2.896000000000015,0.1,1.0,,,13,1,7.0,2023
2023-07-31 13:00:00+00:00|-1.0|handoff_align_follow_h13_tp06_sl065,2023-07-31 13:00:00+00:00,STAGE28A,data/reports/stage28a_discovery_factory_batch_runner/stage28a_exact_trades.csv,session_handoff_imbalance_v1,handoff_align_follow_h13_tp06_sl065,0.6210999999999786,-0.4289000000000214,-1.128900000000021,0,0,0,0,0.4289000000000214,2.269999999999982,6.829999999999927,0.806734992679363,6.0499999999999545,0.3884297520661036,3.8900000000001,3.086000000000058,0.136,-1.0,,,13,0,7.0,2023
2023-08-01 13:00:00+00:00|-1.0|handoff_align_follow_h13_tp06_sl065,2023-08-01 13:00:00+00:00,STAGE28A,data/reports/stage28a_discovery_factory_batch_runner/stage28a_exact_trades.csv,session_handoff_imbalance_v1,handoff_align_follow_h13_tp06_sl065,0.5259999999999764,-0.5240000000000236,-1.2240000000000233,0,0,0,0,0.5240000000000236,21.22999999999979,7.0,0.4914285714285792,7.980000000000018,0.6741854636591316,2.009999999999991,2.770000000000016,0.048,-1.0,,,13,1,8.0,2023
2023-08-03 13:00:00+00:00|1.0|handoff_align_follow_h13_tp06_sl065,2023-08-03 13:00:00+00:00,STAGE28A,data/reports/stage28a_discovery_factory_batch_runner/stage28a_exact_trades.csv,session_handoff_imbalance_v1,handoff_align_follow_h13_tp06_sl065,0.7984000000000379,-0.2515999999999621,-0.9515999999999618,0,0,0,0,0.2515999999999621,21.810000000000173,5.089999999999918,0.17681728880154776,7.5,0.15333333333331514,2.3900000000001,3.321499999999992,0.232,1.0,,,13,3,8.0,2023
2023-08-04 13:00:00+00:00|-1.0|handoff_align_follow_h13_tp06_sl065,2023-08-04 13:00:00+00:00,STAGE28A,data/reports/stage28a_discovery_factory_batch_runner/stage28a_exact_trades.csv,session_handoff_imbalance_v1,handoff_align_follow_h13_tp06_sl065,-1.3123249999999644,-2.3623249999999643,-3.062324999999964,0,0,0,0,2.3623249999999643,9.400000000000091,4.379999999999882,0.052511415525119724,5.3599999999999,0.3264925373134389,1.990000000000009,2.6965000000000146,0.032,-1.0,,,13,4,8.0,2023
2023-08-07 13:00:00+00:00|-1.0|handoff_align_follow_h13_tp06_sl065,2023-08-07 13:00:00+00:00,STAGE28A,data/reports/stage28a_discovery_factory_batch_runner/stage28a_exact_trades.csv,session_handoff_imbalance_v1,handoff_align_follow_h13_tp06_sl065,0.5818000000000666,-0.4681999999999333,-1.168199999999933,0,0,0,0,0.4681999999999333,4.6400000000001,8.450000000000045,0.5254437869822521,5.220000000000027,0.9501915708812281,3.400000000000091,2.9834999999999923,0.092,-1.0,,,13,0,8.0,2023
2023-08-10 13:00:00+00:00|1.0|handoff_align_follow_h13_tp06_sl065,2023-08-10 13:00:00+00:00,STAGE28A,data/reports/stage28a_discovery_factory_batch_runner/stage28a_exact_trades.csv,session_handoff_imbalance_v1,handoff_align_follow_h13_tp06_sl065,0.5859999999999218,-0.4640000000000781,-1.164000000000078,0,0,0,0,0.4640000000000781,18.330000000000155,4.660000000000082,0.5021459227467547,6.099999999999909,0.377049180327867,2.4600000000000364,2.702999999999997,0.048,1.0,,,13,3,8.0,2023
2023-08-11 13:00:00+00:00|1.0|handoff_align_follow_h13_tp06_sl065,2023-08-11 13:00:00+00:00,STAGE28A,data/reports/stage28a_discovery_factory_batch_runner/stage28a_exact_trades.csv,session_handoff_imbalance_v1,handoff_align_follow_h13_tp06_sl065,0.4279000000000451,-0.6220999999999548,-1.3220999999999543,0,0,0,0,0.6220999999999548,17.99000000000001,5.129999999999882,0.3781676413255554,7.240000000000009,0.46685082872926487,2.7000000000000455,3.1319999999999935,0.288,1.0,,,13,4,8.0,2023
2023-08-15 13:00:00+00:00|-1.0|handoff_align_follow_h13_tp06_sl065,2023-08-15 13:00:00+00:00,STAGE28A,data/reports/stage28a_discovery_factory_batch_runner/stage28a_exact_trades.csv,session_handoff_imbalance_v1,handoff_align_follow_h13_tp06_sl065,0.498700000000008,-0.5512999999999919,-1.2512999999999916,0,0,0,0,0.5512999999999919,13.519999999999982,4.5,0.015555555555541408,4.460000000000036,0.5874439461883625,2.0299999999999727,2.701000000000022,0.08,-1.0,,,13,1,8.0,2023
2023-08-16 13:00:00+00:00|1.0|handoff_align_follow_h13_tp06_sl065,2023-08-16 13:00:00+00:00,STAGE28A,data/reports/stage28a_discovery_factory_batch_runner/stage28a_exact_trades.csv,session_handoff_imbalance_v1,handoff_align_follow_h13_tp06_sl065,-1.101725000000079,-2.1517250000000785,-2.8517250000000782,0,0,0,0,2.1517250000000785,15.230000000000018,5.009999999999991,0.5209580838323616,4.4500000000000455,0.45168539325842033,1.9600000000000364,2.6745000000000116,0.076,1.0,,,13,2,8.0,2023
2023-08-22 13:00:00+00:00|1.0|handoff_align_follow_h13_tp06_sl065,2023-08-22 13:00:00+00:00,STAGE28A,data/reports/stage28a_discovery_factory_batch_runner/stage28a_exact_trades.csv,session_handoff_imbalance_v1,handoff_align_follow_h13_tp06_sl065,-1.4303000000000794,-2.480300000000079,-3.180300000000079,0,0,0,0,2.480300000000079,14.160000000000082,3.6100000000001273,0.2576177285318645,9.980000000000018,0.6863727454909716,4.329999999999927,2.81700000000003,0.224,1.0,,,13,1,8.0,2023
2023-08-23 13:00:00+00:00|1.0|handoff_align_follow_h13_tp06_sl065,2023-08-23 13:00:00+00:00,STAGE28A,data/reports/stage28a_discovery_factory_batch_runner/stage28a_exact_trades.csv,session_handoff_imbalance_v1,handoff_align_follow_h13_tp06_sl065,-1.3588000000000648,-2.4088000000000647,-3.1088000000000644,0,0,0,0,2.4088000000000647,15.450000000000045,5.879999999999882,0.6309523809523998,4.910000000000082,0.25050916496944964,3.3500000000001364,2.1565000000000283,0.004,1.0,,,13,2,8.0,2023
2023-08-30 13:00:00+00:00|-1.0|handoff_align_follow_h13_tp06_sl065,2023-08-30 13:00:00+00:00,STAGE28A,data/reports/stage28a_discovery_factory_batch_runner/stage28a_exact_trades.csv,session_handoff_imbalance_v1,handoff_align_follow_h13_tp06_sl065,-1.1221999999998844,-2.172199999999884,-2.872199999999884,0,0,0,0,2.172199999999884,23.829999999999927,2.2799999999999727,0.17543859649127005,3.75,0.3466666666666545,2.8200000000001637,2.5104999999999906,0.164,-1.0,,,13,2,8.0,2023
2023-09-05 13:00:00+00:00|-1.0|handoff_align_follow_h13_tp06_sl065,2023-09-05 13:00:00+00:00,STAGE28A,data/reports/stage28a_discovery_factory_batch_runner/stage28a_exact_trades.csv,session_handoff_imbalance_v1,handoff_align_follow_h13_tp06_sl065,0.4222000000001117,-0.6277999999998882,-1.327799999999888,0,0,0,0,0.6277999999998882,9.470000000000027,3.8600000000001273,0.3056994818652914,8.319999999999936,0.7439903846153696,2.9200000000000728,1.7990000000000124,0.064,-1.0,,,13,1,9.0,2023
2023-09-11 13:00:00+00:00|1.0|handoff_align_follow_h13_tp06_sl065,2023-09-11 13:00:00+00:00,STAGE28A,data/reports/stage28a_discovery_factory_batch_runner/stage28a_exact_trades.csv,session_handoff_imbalance_v1,handoff_align_follow_h13_tp06_sl065,0.5338000000000648,-0.5161999999999352,-1.2161999999999349,0,0,0,0,0.5161999999999352,2.5599999999999454,7.430000000000064,0.6850605652759222,7.740000000000009,0.2777777777777598,2.6800000000000637,2.819999999999993,0.692,1.0,,,13,0,9.0,2023
2023-09-15 13:00:00+00:00|1.0|handoff_align_follow_h13_tp06_sl065,2023-09-15 13:00:00+00:00,STAGE28A,data/reports/stage28a_discovery_factory_batch_runner/stage28a_exact_trades.csv,session_handoff_imbalance_v1,handoff_align_follow_h13_tp06_sl065,-1.2392000000000736,-2.2892000000000734,-2.989200000000073,0,0,0,0,2.2892000000000734,11.819999999999936,6.240000000000009,0.8461538461538406,4.680000000000064,0.521367521367526,1.509999999999991,2.6095000000000255,0.48,1.0,,,13,4,9.0,2023
2023-09-20 13:00:00+00:00|-1.0|handoff_align_follow_h13_tp06_sl065,2023-09-20 13:00:00+00:00,STAGE28A,data/reports/stage28a_discovery_factory_batch_runner/stage28a_exact_trades.csv,session_handoff_imbalance_v1,handoff_align_follow_h13_tp06_sl065,0.3222999999999502,-0.7277000000000498,-1.4277000000000497,0,0,0,0,0.7277000000000498,7.619999999999891,3.9199999999998454,0.30357142857145447,4.3900000000001,0.27107061503417484,2.730000000000018,1.8790000000000304,0.032,-1.0,,,13,2,9.0,2023
2023-09-21 13:00:00+00:00|-1.0|handoff_align_follow_h13_tp06_sl065,2023-09-21 13:00:00+00:00,STAGE28A,data/reports/stage28a_discovery_factory_batch_runner/stage28a_exact_trades.csv,session_handoff_imbalance_v1,handoff_align_follow_h13_tp06_sl065,0.4087000000000899,-0.64129999999991,-1.3412999999999098,0,0,0,0,0.64129999999991,19.519999999999982,7.350000000000136,0.3823129251700535,8.040000000000191,0.4440298507462785,2.3500000000001364,3.428000000000009,0.948,-1.0,,,13,3,9.0,2023
2023-09-22 13:00:00+00:00|1.0|handoff_align_follow_h13_tp06_sl065,2023-09-22 13:00:00+00:00,STAGE28A,data/reports/stage28a_discovery_factory_batch_runner/stage28a_exact_trades.csv,session_handoff_imbalance_v1,handoff_align_follow_h13_tp06_sl065,0.3459999999999127,-0.7040000000000872,-1.404000000000087,0,0,0,0,0.7040000000000872,17.580000000000155,6.259999999999991,0.5782747603834063,5.400000000000091,0.30740740740737527,2.509999999999991,2.41700000000003,0.32,1.0,,,13,4,9.0,2023
2023-09-25 13:00:00+00:00|-1.0|handoff_align_follow_h13_tp06_sl065,2023-09-25 13:00:00+00:00,STAGE28A,data/reports/stage28a_discovery_factory_batch_runner/stage28a_exact_trades.csv,session_handoff_imbalance_v1,handoff_align_follow_h13_tp06_sl065,0.5271999999999025,-0.5228000000000974,-1.2228000000000971,0,0,0,0,0.5228000000000974,2.0,3.769999999999982,0.5384615384615338,6.2999999999999545,0.13015873015872098,1.5199999999999818,2.148000000000013,0.22,-1.0,,,13,0,9.0,2023
2023-09-27 13:00:00+00:00|-1.0|handoff_align_follow_h13_tp06_sl065,2023-09-27 13:00:00+00:00,STAGE28A,data/reports/stage28a_discovery_factory_batch_runner/stage28a_exact_trades.csv,session_handoff_imbalance_v1,handoff_align_follow_h13_tp06_sl065,-1.233350000000064,-2.283350000000064,-2.983350000000064,0,0,0,0,2.283350000000064,17.690000000000055,4.459999999999809,0.23991031390139228,5.339999999999918,0.8220973782771424,2.0499999999999545,2.484999999999991,0.426,-1.0,,,13,2,9.0,2023
2023-09-28 13:00:00+00:00|-1.0|handoff_align_follow_h13_tp06_sl065,2023-09-28 13:00:00+00:00,STAGE28A,data/reports/stage28a_discovery_factory_batch_runner/stage28a_exact_trades.csv,session_handoff_imbalance_v1,handoff_align_follow_h13_tp06_sl065,0.5070999999999458,-0.5429000000000541,-1.242900000000054,0,0,0,0,0.5429000000000541,31.470000000000027,4.350000000000136,0.537931034482723,4.5499999999999545,0.27472527472527747,3.4600000000000364,3.155500000000006,0.792,-1.0,,,13,3,9.0,2023
2023-10-02 13:00:00+00:00|-1.0|handoff_align_follow_h13_tp06_sl065,2023-10-02 13:00:00+00:00,STAGE28A,data/reports/stage28a_discovery_factory_batch_runner/stage28a_exact_trades.csv,session_handoff_imbalance_v1,handoff_align_follow_h13_tp06_sl065,-1.8999250000000305,-2.94992500000003,-3.64992500000003,0,0,0,0,2.94992500000003,5.180000000000064,6.080000000000155,0.4917763157894627,15.189999999999827,0.6036866359447122,8.599999999999909,4.6745,0.984,-1.0,,,13,0,10.0,2023
2023-10-11 13:00:00+00:00|1.0|handoff_align_follow_h13_tp06_sl065,2023-10-11 13:00:00+00:00,STAGE28A,data/reports/stage28a_discovery_factory_batch_runner/stage28a_exact_trades.csv,session_handoff_imbalance_v1,handoff_align_follow_h13_tp06_sl065,0.7326999999999316,-0.3173000000000683,-1.017300000000068,0,0,0,0,0.3173000000000683,12.330000000000155,2.790000000000191,0.11111111111116544,12.52000000000021,0.831469648562293,2.020000000000209,2.790000000000009,0.056,1.0,,,13,2,10.0,2023
2023-10-12 13:00:00+00:00|1.0|handoff_align_follow_h13_tp06_sl065,2023-10-12 13:00:00+00:00,STAGE28A,data/reports/stage28a_discovery_factory_batch_runner/stage28a_exact_trades.csv,session_handoff_imbalance_v1,handoff_align_follow_h13_tp06_sl065,-1.295099999999911,-2.345099999999911,-3.045099999999911,0,0,0,0,2.345099999999911,18.6400000000001,5.0499999999999545,0.6079207920792008,5.900000000000091,0.5610169491525244,2.519999999999982,2.612999999999988,0.016,1.0,,,13,3,10.0,2023
2023-10-13 13:00:00+00:00|1.0|handoff_align_follow_h13_tp06_sl065,2023-10-13 13:00:00+00:00,STAGE28A,data/reports/stage28a_discovery_factory_batch_runner/stage28a_exact_trades.csv,session_handoff_imbalance_v1,handoff_align_follow_h13_tp06_sl065,0.7441000000000259,-0.3058999999999741,-1.0058999999999738,0,0,0,0,0.3058999999999741,17.139999999999873,5.779999999999973,0.6868512110726723,14.670000000000073,0.9522835719154709,5.740000000000009,2.820500000000004,0.064,1.0,,,13,4,10.0,2023
2023-10-16 13:00:00+00:00|-1.0|handoff_align_follow_h13_tp06_sl065,2023-10-16 13:00:00+00:00,STAGE28A,data/reports/stage28a_discovery_factory_batch_runner/stage28a_exact_trades.csv,session_handoff_imbalance_v1,handoff_align_follow_h13_tp06_sl065,-1.8950499999999464,-2.9450499999999464,-3.645049999999946,0,0,0,0,2.9450499999999464,9.159999999999854,12.269999999999982,0.35207823960881585,12.190000000000055,0.31501230516816253,5.319999999999936,4.965999999999974,0.86,-1.0,,,13,0,10.0,2023
2023-10-18 13:00:00+00:00|1.0|handoff_align_follow_h13_tp06_sl065,2023-10-18 13:00:00+00:00,STAGE28A,data/reports/stage28a_discovery_factory_batch_runner/stage28a_exact_trades.csv,session_handoff_imbalance_v1,handoff_align_follow_h13_tp06_sl065,0.9489999999999782,-0.1010000000000217,-0.8010000000000215,0,0,0,0,0.1010000000000217,19.200000000000045,19.519999999999982,0.6444672131147626,11.029999999999973,0.630099728014491,7.880000000000109,4.2580000000000044,0.728,1.0,,,13,2,10.0,2023
2023-10-20 13:00:00+00:00|1.0|handoff_align_follow_h13_tp06_sl065,2023-10-20 13:00:00+00:00,STAGE28A,data/reports/stage28a_discovery_factory_batch_runner/stage28a_exact_trades.csv,session_handoff_imbalance_v1,handoff_align_follow_h13_tp06_sl065,1.075899999999956,0.025899999999956,-0.6741000000000437,1,0,0,0,0.025899999999956,32.50999999999999,10.069999999999936,0.5233366434955328,11.190000000000055,0.4387846291331395,5.039999999999964,5.7995,0.904,1.0,,,13,4,10.0,2023
2023-10-26 13:00:00+00:00|1.0|handoff_align_follow_h13_tp06_sl065,2023-10-26 13:00:00+00:00,STAGE28A,data/reports/stage28a_discovery_factory_batch_runner/stage28a_exact_trades.csv,session_handoff_imbalance_v1,handoff_align_follow_h13_tp06_sl065,-1.677299999999923,-2.727299999999923,-3.4272999999999225,0,0,0,0,2.727299999999923,24.13000000000011,7.869999999999891,0.6569250317661902,9.559999999999945,0.3650627615062792,2.7899999999999636,5.137500000000022,0.588,1.0,,,13,3,10.0,2023
2023-10-30 13:00:00+00:00|-1.0|handoff_align_follow_h13_tp06_sl065,2023-10-30 13:00:00+00:00,STAGE28A,data/reports/stage28a_discovery_factory_batch_runner/stage28a_exact_trades.csv,session_handoff_imbalance_v1,handoff_align_follow_h13_tp06_sl065,1.0023999999999886,-0.0476000000000111,-0.7476000000000109,0,0,0,0,0.0476000000000111,9.659999999999854,9.809999999999945,0.11213047910294752,11.6099999999999,0.6089577950043064,3.269999999999982,5.254499999999962,0.596,-1.0,,,13,0,10.0,2023
2023-11-02 13:00:00+00:00|1.0|handoff_align_follow_h13_tp06_sl065,2023-11-02 13:00:00+00:00,STAGE28A,data/reports/stage28a_discovery_factory_batch_runner/stage28a_exact_trades.csv,session_handoff_imbalance_v1,handoff_align_follow_h13_tp06_sl065,-1.3994249999999284,-2.449424999999928,-3.149424999999928,0,0,0,0,2.449424999999928,22.200000000000045,6.960000000000036,0.5574712643678289,5.899999999999864,0.4915254237288018,3.630000000000109,4.084000000000003,0.196,1.0,,,13,3,11.0,2023
2023-11-03 13:00:00+00:00|1.0|handoff_align_follow_h13_tp06_sl065,2023-11-03 13:00:00+00:00,STAGE28A,data/reports/stage28a_discovery_factory_batch_runner/stage28a_exact_trades.csv,session_handoff_imbalance_v1,handoff_align_follow_h13_tp06_sl065,0.6057999999999538,-0.4442000000000461,-1.1442000000000458,0,0,0,0,0.4442000000000461,12.200000000000045,4.599999999999909,0.09565217391305723,5.789999999999964,0.44559585492227005,2.7200000000000273,2.75,0.004,1.0,,,13,4,11.0,2023
2023-11-07 13:00:00+00:00|-1.0|handoff_align_follow_h13_tp06_sl065,2023-11-07 13:00:00+00:00,STAGE28A,data/reports/stage28a_discovery_factory_batch_runner/stage28a_exact_trades.csv,session_handoff_imbalance_v1,handoff_align_follow_h13_tp06_sl065,0.7092999999998938,-0.3407000000001061,-1.040700000000106,0,0,0,0,0.3407000000001061,16.519999999999982,7.3599999999999,0.7228260869565538,10.039999999999964,0.5149402390438111,2.5499999999999545,2.810999999999967,0.024,-1.0,,,13,1,11.0,2023
2023-11-08 13:00:00+00:00|-1.0|handoff_align_follow_h13_tp06_sl065,2023-11-08 13:00:00+00:00,STAGE28A,data/reports/stage28a_discovery_factory_batch_runner/stage28a_exact_trades.csv,session_handoff_imbalance_v1,handoff_align_follow_h13_tp06_sl065,0.7387000000000171,-0.3112999999999828,-1.0112999999999823,0,0,0,0,0.3112999999999828,21.62999999999988,3.6900000000000546,0.3685636856368854,9.5,0.5821052631578919,5.8900000000001,2.8899999999999864,0.056,-1.0,,,13,2,11.0,2023
2023-11-09 13:00:00+00:00|-1.0|handoff_align_follow_h13_tp06_sl065,2023-11-09 13:00:00+00:00,STAGE28A,data/reports/stage28a_discovery_factory_batch_runner/stage28a_exact_trades.csv,session_handoff_imbalance_v1,handoff_align_follow_h13_tp06_sl065,0.6105999999998858,-0.4394000000001141,-1.139400000000114,0,0,0,0,0.4394000000001141,23.529999999999973,6.889999999999873,0.18867924528301575,5.990000000000009,0.40066777963273575,3.1700000000000728,3.483500000000004,0.224,-1.0,,,13,3,11.0,2023
2023-11-10 13:00:00+00:00|-1.0|handoff_align_follow_h13_tp06_sl065,2023-11-10 13:00:00+00:00,STAGE28A,data/reports/stage28a_discovery_factory_batch_runner/stage28a_exact_trades.csv,session_handoff_imbalance_v1,handoff_align_follow_h13_tp06_sl065,-1.44069999999997,-2.4906999999999697,-3.190699999999969,0,0,0,0,2.4906999999999697,21.11999999999989,4.360000000000127,0.300458715596309,6.629999999999882,0.5505279034691035,2.869999999999891,3.377499999999975,0.196,-1.0,,,13,4,11.0,2023
2023-11-15 13:00:00+00:00|1.0|handoff_align_follow_h13_tp06_sl065,2023-11-15 13:00:00+00:00,STAGE28A,data/reports/stage28a_discovery_factory_batch_runner/stage28a_exact_trades.csv,session_handoff_imbalance_v1,handoff_align_follow_h13_tp06_sl065,0.6613000000001193,-0.3886999999998806,-1.0886999999998803,0,0,0,0,0.3886999999998806,33.81000000000017,6.400000000000091,0.7859374999999845,8.25,0.6848484848484683,2.8299999999999272,2.5545000000000186,0.016,1.0,,,13,2,11.0,2023
2023-11-16 13:00:00+00:00|1.0|handoff_align_follow_h13_tp06_sl065,2023-11-16 13:00:00+00:00,STAGE28A,data/reports/stage28a_discovery_factory_batch_runner/stage28a_exact_trades.csv,session_handoff_imbalance_v1,handoff_align_follow_h13_tp06_sl065,-1.258050000000003,-2.308050000000003,-3.0080500000000026,0,0,0,0,2.308050000000003,19.699999999999818,6.079999999999927,0.35526315789475454,6.4500000000000455,0.3968992248061903,2.0599999999999454,2.8094999999999914,0.084,1.0,,,13,3,11.0,2023
2023-11-17 13:00:00+00:00|1.0|handoff_align_follow_h13_tp06_sl065,2023-11-17 13:00:00+00:00,STAGE28A,data/reports/stage28a_discovery_factory_batch_runner/stage28a_exact_trades.csv,session_handoff_imbalance_v1,handoff_align_follow_h13_tp06_sl065,0.7801000000000841,-0.2698999999999159,-0.9698999999999156,0,0,0,0,0.2698999999999159,31.529999999999973,6.4099999999998545,0.5351014040561843,10.810000000000173,0.5383903792784314,2.800000000000182,3.22349999999999,0.224,1.0,,,13,4,11.0,2023
2023-11-22 13:00:00+00:00|1.0|handoff_align_follow_h13_tp06_sl065,2023-11-22 13:00:00+00:00,STAGE28A,data/reports/stage28a_discovery_factory_batch_runner/stage28a_exact_trades.csv,session_handoff_imbalance_v1,handoff_align_follow_h13_tp06_sl065,-1.6564999999999146,-2.7064999999999144,-3.406499999999914,0,0,0,0,2.7064999999999144,30.34999999999991,4.8599999999999,0.0041152263374449015,9.639999999999873,0.19502074688795712,3.3199999999999363,3.366500000000008,0.196,1.0,,,13,2,11.0,2023
2023-11-27 13:00:00+00:00|1.0|handoff_align_follow_h13_tp06_sl065,2023-11-27 13:00:00+00:00,STAGE28A,data/reports/stage28a_discovery_factory_batch_runner/stage28a_exact_trades.csv,session_handoff_imbalance_v1,handoff_align_follow_h13_tp06_sl065,0.6546999999999571,-0.3953000000000428,-1.0953000000000426,0,0,0,0,0.3953000000000428,3.6499999999998636,17.639999999999873,0.6031746031746132,6.789999999999964,0.22091310751104684,3.2899999999999636,3.703999999999996,0.452,1.0,,,13,0,11.0,2023
2023-12-01 13:00:00+00:00|1.0|handoff_align_follow_h13_tp06_sl065,2023-12-01 13:00:00+00:00,STAGE28A,data/reports/stage28a_discovery_factory_batch_runner/stage28a_exact_trades.csv,session_handoff_imbalance_v1,handoff_align_follow_h13_tp06_sl065,0.8031999999999698,-0.2468000000000301,-0.9468000000000298,0,0,0,0,0.2468000000000301,16.060000000000173,6.800000000000182,0.0073529411764971415,10.539999999999964,0.34345351043642347,3.9200000000000728,3.4109999999999787,0.268,1.0,,,13,4,12.0,2023
2023-12-04 13:00:00+00:00|-1.0|handoff_align_follow_h13_tp06_sl065,2023-12-04 13:00:00+00:00,STAGE28A,data/reports/stage28a_discovery_factory_batch_runner/stage28a_exact_trades.csv,session_handoff_imbalance_v1,handoff_align_follow_h13_tp06_sl065,-3.46220000000003,-4.51220000000003,-5.2122000000000295,0,0,0,1,4.51220000000003,78.03999999999996,78.03999999999996,0.4173500768836517,32.70000000000027,0.5186544342507613,7.0300000000002,17.78850000000002,0.992,-1.0,,,13,0,12.0,2023
2023-12-05 13:00:00+00:00|-1.0|handoff_align_follow_h13_tp06_sl065,2023-12-05 13:00:00+00:00,STAGE28A,data/reports/stage28a_discovery_factory_batch_runner/stage28a_exact_trades.csv,session_handoff_imbalance_v1,handoff_align_follow_h13_tp06_sl065,1.3413999999999304,0.2913999999999306,-0.4086000000000691,1,0,1,0,0.2913999999999306,129.52999999999975,12.779999999999973,0.13145539906103812,16.480000000000018,0.41868932038835455,6.600000000000136,6.945000000000005,0.852,-1.0,,,13,1,12.0,2023
2023-12-11 13:00:00+00:00|-1.0|handoff_align_follow_h13_tp06_sl065,2023-12-11 13:00:00+00:00,STAGE28A,data/reports/stage28a_discovery_factory_batch_runner/stage28a_exact_trades.csv,session_handoff_imbalance_v1,handoff_align_follow_h13_tp06_sl065,1.090900000000056,0.0409000000000561,-0.6590999999999436,1,0,0,0,0.0409000000000561,3.209999999999809,13.190000000000055,0.7907505686125696,9.36999999999989,0.39274279615796226,3.599999999999909,4.384499999999969,0.452,-1.0,,,13,0,12.0,2023
2023-12-12 13:00:00+00:00|1.0|handoff_align_follow_h13_tp06_sl065,2023-12-12 13:00:00+00:00,STAGE28A,data/reports/stage28a_discovery_factory_batch_runner/stage28a_exact_trades.csv,session_handoff_imbalance_v1,handoff_align_follow_h13_tp06_sl065,-1.4267249999998968,-2.4767249999998966,-3.1767249999998963,0,0,0,0,2.4767249999998966,31.789999999999964,7.870000000000118,0.3354510800508047,6.4500000000000455,0.0945736434108718,3.0799999999999272,3.8839999999999693,0.156,1.0,,,13,1,12.0,2023
2023-12-15 13:00:00+00:00|1.0|handoff_align_follow_h13_tp06_sl065,2023-12-15 13:00:00+00:00,STAGE28A,data/reports/stage28a_discovery_factory_batch_runner/stage28a_exact_trades.csv,session_handoff_imbalance_v1,handoff_align_follow_h13_tp06_sl065,0.888399999999956,-0.1616000000000439,-0.8616000000000437,0,0,0,0,0.1616000000000439,23.610000000000127,7.410000000000082,0.14170040485832258,10.200000000000045,0.5862745098039207,3.240000000000009,3.943000000000029,0.192,1.0,,,13,4,12.0,2023
2023-12-20 13:00:00+00:00|-1.0|handoff_align_follow_h13_tp06_sl065,2023-12-20 13:00:00+00:00,STAGE28A,data/reports/stage28a_discovery_factory_batch_runner/stage28a_exact_trades.csv,session_handoff_imbalance_v1,handoff_align_follow_h13_tp06_sl065,0.6064000000000306,-0.4435999999999693,-1.143599999999969,0,0,0,0,0.4435999999999693,25.289999999999964,4.960000000000036,0.09072580645162141,7.820000000000164,0.5843989769820768,4.740000000000009,2.918500000000017,0.012,-1.0,,,13,2,12.0,2023
2024-01-02 13:00:00+00:00|1.0|handoff_align_follow_h13_tp06_sl065,2024-01-02 13:00:00+00:00,STAGE28A,data/reports/stage28a_discovery_factory_batch_runner/stage28a_exact_trades.csv,session_handoff_imbalance_v1,handoff_align_follow_h13_tp06_sl065,0.9115000000000693,-0.1384999999999308,-0.8384999999999305,0,0,0,0,0.1384999999999308,3.199999999999818,8.299999999999727,0.7060240963855807,9.350000000000364,0.6844919786096088,4.279999999999745,3.8254999999999884,0.404,1.0,,,13,1,1.0,2024
2024-01-08 13:00:00+00:00|-1.0|handoff_align_follow_h13_tp06_sl065,2024-01-08 13:00:00+00:00,STAGE28A,data/reports/stage28a_discovery_factory_batch_runner/stage28a_exact_trades.csv,session_handoff_imbalance_v1,handoff_align_follow_h13_tp06_sl065,-1.7422999999999775,-2.7922999999999774,-3.492299999999977,0,0,0,0,2.7922999999999774,2.4299999999998363,11.529999999999973,0.7380745880312238,9.460000000000036,0.8879492600422655,2.519999999999982,4.4464999999999915,0.644,-1.0,,,13,0,1.0,2024
2024-01-09 13:00:00+00:00|1.0|handoff_align_follow_h13_tp06_sl065,2024-01-09 13:00:00+00:00,STAGE28A,data/reports/stage28a_discovery_factory_batch_runner/stage28a_exact_trades.csv,session_handoff_imbalance_v1,handoff_align_follow_h13_tp06_sl065,1.101399999999921,0.0513999999999215,-0.6486000000000782,1,0,0,0,0.0513999999999215,30.019999999999982,7.939999999999827,0.2783375314861281,8.319999999999936,0.3100961538461748,3.7999999999999545,4.097999999999968,0.436,1.0,,,13,1,1.0,2024
2024-01-15 13:00:00+00:00|1.0|handoff_align_follow_h13_tp06_sl065,2024-01-15 13:00:00+00:00,STAGE28A,data/reports/stage28a_discovery_factory_batch_runner/stage28a_exact_trades.csv,session_handoff_imbalance_v1,handoff_align_follow_h13_tp06_sl065,0.7578999999999724,-0.2921000000000275,-0.9921000000000272,0,0,0,0,0.2921000000000275,2.5499999999999545,12.220000000000027,0.5327332242226026,6.449999999999818,0.2,2.9699999999998,3.734999999999991,0.204,1.0,,,13,0,1.0,2024
2024-01-16 13:00:00+00:00|-1.0|handoff_align_follow_h13_tp06_sl065,2024-01-16 13:00:00+00:00,STAGE28A,data/reports/stage28a_discovery_factory_batch_runner/stage28a_exact_trades.csv,session_handoff_imbalance_v1,handoff_align_follow_h13_tp06_sl065,0.9834999999999582,-0.0665000000000417,-0.7665000000000415,0,0,0,0,0.0665000000000417,12.740000000000009,7.170000000000073,0.656903765690375,12.409999999999854,0.6970185334407891,3.1700000000000728,2.9890000000000554,0.068,-1.0,,,13,1,1.0,2024
2024-01-17 13:00:00+00:00|-1.0|handoff_align_follow_h13_tp06_sl065,2024-01-17 13:00:00+00:00,STAGE28A,data/reports/stage28a_discovery_factory_batch_runner/stage28a_exact_trades.csv,session_handoff_imbalance_v1,handoff_align_follow_h13_tp06_sl065,-1.8586499999999888,-2.9086499999999886,-3.608649999999989,0,0,0,0,2.9086499999999886,31.430000000000064,9.559999999999945,0.28765690376569203,10.870000000000118,0.06439742410301845,5.580000000000155,4.8125,0.62,-1.0,,,13,2,1.0,2024
2024-01-22 13:00:00+00:00|-1.0|handoff_align_follow_h13_tp06_sl065,2024-01-22 13:00:00+00:00,STAGE28A,data/reports/stage28a_discovery_factory_batch_runner/stage28a_exact_trades.csv,session_handoff_imbalance_v1,handoff_align_follow_h13_tp06_sl065,-1.8934250000000703,-2.94342500000007,-3.64342500000007,0,0,0,0,2.94342500000007,2.8199999999999363,7.399999999999864,0.2851351351351269,7.079999999999927,0.3644067796610425,3.490000000000009,3.4704999999999813,0.204,-1.0,,,13,0,1.0,2024
2024-01-23 13:00:00+00:00|1.0|handoff_align_follow_h13_tp06_sl065,2024-01-23 13:00:00+00:00,STAGE28A,data/reports/stage28a_discovery_factory_batch_runner/stage28a_exact_trades.csv,session_handoff_imbalance_v1,handoff_align_follow_h13_tp06_sl065,-2.007175000000052,-3.057175000000052,-3.757175000000052,0,0,0,0,3.057175000000052,15.519999999999982,8.38000000000011,0.8210023866348201,13.160000000000082,0.19452887537995114,3.990000000000009,3.646499999999969,0.288,1.0,,,13,1,1.0,2024
2024-01-29 13:00:00+00:00|1.0|handoff_align_follow_h13_tp06_sl065,2024-01-29 13:00:00+00:00,STAGE28A,data/reports/stage28a_discovery_factory_batch_runner/stage28a_exact_trades.csv,session_handoff_imbalance_v1,handoff_align_follow_h13_tp06_sl065,0.6918999999999415,-0.3581000000000585,-1.0581000000000582,0,0,0,0,0.3581000000000585,7.220000000000027,9.13000000000011,0.4928806133625352,9.209999999999809,0.1400651465798035,2.990000000000009,3.376999999999987,0.24,1.0,,,13,0,1.0,2024
2024-01-30 13:00:00+00:00|1.0|handoff_align_follow_h13_tp06_sl065,2024-01-30 13:00:00+00:00,STAGE28A,data/reports/stage28a_discovery_factory_batch_runner/stage28a_exact_trades.csv,session_handoff_imbalance_v1,handoff_align_follow_h13_tp06_sl065,0.6210999999999786,-0.4289000000000214,-1.128900000000021,0,0,0,0,0.4289000000000214,18.460000000000036,4.819999999999936,0.13278008298757438,8.829999999999927,0.43488108720271235,2.3299999999999272,3.5630000000000335,0.28,1.0,,,13,1,1.0,2024
2024-02-05 13:00:00+00:00|-1.0|handoff_align_follow_h13_tp06_sl065,2024-02-05 13:00:00+00:00,STAGE28A,data/reports/stage28a_discovery_factory_batch_runner/stage28a_exact_trades.csv,session_handoff_imbalance_v1,handoff_align_follow_h13_tp06_sl065,0.8374000000000251,-0.2125999999999748,-0.9125999999999744,0,0,0,0,0.2125999999999748,3.3900000000001,11.839999999999918,0.6173986486486484,11.329999999999927,0.6548984995586843,2.910000000000082,3.944999999999993,0.404,-1.0,,,13,0,2.0,2024
2024-02-07 13:00:00+00:00|-1.0|handoff_align_follow_h13_tp06_sl065,2024-02-07 13:00:00+00:00,STAGE28A,data/reports/stage28a_discovery_factory_batch_runner/stage28a_exact_trades.csv,session_handoff_imbalance_v1,handoff_align_follow_h13_tp06_sl065,0.3382000000000517,-0.7117999999999483,-1.411799999999948,0,0,0,0,0.7117999999999483,16.189999999999827,2.230000000000018,0.004484304932731311,4.889999999999873,0.40286298568508766,1.699999999999818,2.6769999999999756,0.016,-1.0,,,13,2,2.0,2024
2024-02-09 13:00:00+00:00|-1.0|handoff_align_follow_h13_tp06_sl065,2024-02-09 13:00:00+00:00,STAGE28A,data/reports/stage28a_discovery_factory_batch_runner/stage28a_exact_trades.csv,session_handoff_imbalance_v1,handoff_align_follow_h13_tp06_sl065,0.4209999999999582,-0.6290000000000417,-1.3290000000000417,0,0,0,0,0.6290000000000417,18.6400000000001,3.1599999999998545,0.49367088607595483,4.460000000000036,0.022421524663656555,2.1599999999998545,2.4484999999999673,0.02,-1.0,,,13,4,2.0,2024
2024-02-12 13:00:00+00:00|-1.0|handoff_align_follow_h13_tp06_sl065,2024-02-12 13:00:00+00:00,STAGE28A,data/reports/stage28a_discovery_factory_batch_runner/stage28a_exact_trades.csv,session_handoff_imbalance_v1,handoff_align_follow_h13_tp06_sl065,-1.1901249999999437,-2.2401249999999435,-2.9401249999999437,0,0,0,0,2.2401249999999435,2.4199999999998454,4.959999999999809,0.46774193548387616,7.339999999999918,0.30245231607630135,1.25,2.2905000000000086,0.012,-1.0,,,13,0,2.0,2024
2024-02-13 13:00:00+00:00|1.0|handoff_align_follow_h13_tp06_sl065,2024-02-13 13:00:00+00:00,STAGE28A,data/reports/stage28a_discovery_factory_batch_runner/stage28a_exact_trades.csv,session_handoff_imbalance_v1,handoff_align_follow_h13_tp06_sl065,-1.0643499999999677,-2.1143499999999675,-2.8143499999999677,0,0,0,0,2.1143499999999675,15.639999999999873,4.4099999999998545,0.04081632653062803,9.190000000000055,0.8476605005440606,1.9500000000000455,2.382499999999993,0.028,1.0,,,13,1,2.0,2024
2024-02-16 13:00:00+00:00|1.0|handoff_align_follow_h13_tp06_sl065,2024-02-16 13:00:00+00:00,STAGE28A,data/reports/stage28a_discovery_factory_batch_runner/stage28a_exact_trades.csv,session_handoff_imbalance_v1,handoff_align_follow_h13_tp06_sl065,-1.0942499999999655,-2.1442499999999654,-2.844249999999965,0,0,0,0,2.1442499999999654,18.230000000000018,3.2799999999999727,0.06097560975611193,4.819999999999936,0.7406639004149344,2.8099999999999454,2.381500000000017,0.04,1.0,,,13,4,2.0,2024
2024-02-19 13:00:00+00:00|1.0|handoff_align_follow_h13_tp06_sl065,2024-02-19 13:00:00+00:00,STAGE28A,data/reports/stage28a_discovery_factory_batch_runner/stage28a_exact_trades.csv,session_handoff_imbalance_v1,handoff_align_follow_h13_tp06_sl065,0.3267999999999574,-0.7232000000000425,-1.4232000000000422,0,0,0,0,0.7232000000000425,3.8799999999998818,10.86999999999989,0.48850045998160063,4.650000000000091,0.027956989247285853,2.3099999999999454,3.430499999999995,0.62,1.0,,,13,0,2.0,2024
2024-02-20 13:00:00+00:00|1.0|handoff_align_follow_h13_tp06_sl065,2024-02-20 13:00:00+00:00,STAGE28A,data/reports/stage28a_discovery_factory_batch_runner/stage28a_exact_trades.csv,session_handoff_imbalance_v1,handoff_align_follow_h13_tp06_sl065,0.5467000000000098,-0.5032999999999901,-1.2032999999999898,0,0,0,0,0.5032999999999901,10.980000000000018,4.650000000000091,0.7053763440860508,9.879999999999882,0.6730769230769174,4.079999999999927,2.237500000000023,0.072,1.0,,,13,1,2.0,2024
2024-02-22 13:00:00+00:00|1.0|handoff_align_follow_h13_tp06_sl065,2024-02-22 13:00:00+00:00,STAGE28A,data/reports/stage28a_discovery_factory_batch_runner/stage28a_exact_trades.csv,session_handoff_imbalance_v1,handoff_align_follow_h13_tp06_sl065,0.6531999999998789,-0.396800000000121,-1.0968000000001208,0,0,0,0,0.396800000000121,12.1400000000001,3.849999999999909,0.7974025974025997,6.670000000000073,0.1004497751124536,2.019999999999982,2.9270000000000325,0.388,1.0,,,13,3,2.0,2024
2024-02-27 13:00:00+00:00|1.0|handoff_align_follow_h13_tp06_sl065,2024-02-27 13:00:00+00:00,STAGE28A,data/reports/stage28a_discovery_factory_batch_runner/stage28a_exact_trades.csv,session_handoff_imbalance_v1,handoff_align_follow_h13_tp06_sl065,-1.1920750000000226,-2.2420750000000225,-2.942075000000022,0,0,0,0,2.2420750000000225,12.009999999999991,4.0499999999999545,0.6246913580246917,6.789999999999964,0.42120765832108137,2.130000000000109,2.2745000000000006,0.088,1.0,,,13,1,2.0,2024
2024-03-01 13:00:00+00:00|1.0|handoff_align_follow_h13_tp06_sl065,2024-03-01 13:00:00+00:00,STAGE28A,data/reports/stage28a_discovery_factory_batch_runner/stage28a_exact_trades.csv,session_handoff_imbalance_v1,handoff_align_follow_h13_tp06_sl065,-1.81770000000015,-2.86770000000015,-3.567700000000149,0,0,0,0,2.86770000000015,22.72999999999979,3.9600000000000364,0.31565656565656275,16.0300000000002,0.5832813474734743,9.170000000000073,3.109500000000014,0.68,1.0,,,13,4,3.0,2024
2024-03-05 13:00:00+00:00|1.0|handoff_align_follow_h13_tp06_sl065,2024-03-05 13:00:00+00:00,STAGE28A,data/reports/stage28a_discovery_factory_batch_runner/stage28a_exact_trades.csv,session_handoff_imbalance_v1,handoff_align_follow_h13_tp06_sl065,-2.000349999999889,-3.0503499999998893,-3.750349999999889,0,0,0,0,3.0503499999998893,40.370000000000346,6.349999999999909,0.22204724409446847,13.2800000000002,0.5813253012047954,3.880000000000109,4.7870000000000115,0.864,1.0,,,13,1,3.0,2024
2024-03-12 13:00:00+00:00|-1.0|handoff_align_follow_h13_tp06_sl065,2024-03-12 13:00:00+00:00,STAGE28A,data/reports/stage28a_discovery_factory_batch_runner/stage28a_exact_trades.csv,session_handoff_imbalance_v1,handoff_align_follow_h13_tp06_sl065,-1.4384249999999157,-2.4884249999999155,-3.1884249999999152,0,0,0,0,2.4884249999999155,14.239999999999782,7.929999999999836,0.5056746532156748,5.539999999999964,0.30685920577622455,2.230000000000018,3.506999999999903,0.352,-1.0,,,13,1,3.0,2024
2024-03-14 13:00:00+00:00|-1.0|handoff_align_follow_h13_tp06_sl065,2024-03-14 13:00:00+00:00,STAGE28A,data/reports/stage28a_discovery_factory_batch_runner/stage28a_exact_trades.csv,session_handoff_imbalance_v1,handoff_align_follow_h13_tp06_sl065,-1.3197999999998502,-2.36979999999985,-3.0697999999998498,0,0,0,0,2.36979999999985,24.059999999999945,5.920000000000073,0.44087837837839444,4.599999999999909,0.2434782608695463,2.869999999999891,3.046000000000004,0.056,-1.0,,,13,3,3.0,2024
2024-03-15 13:00:00+00:00|1.0|handoff_align_follow_h13_tp06_sl065,2024-03-15 13:00:00+00:00,STAGE28A,data/reports/stage28a_discovery_factory_batch_runner/stage28a_exact_trades.csv,session_handoff_imbalance_v1,handoff_align_follow_h13_tp06_sl065,0.952299999999832,-0.0977000000001679,-0.7977000000001677,0,0,0,0,0.0977000000001679,24.159999999999854,5.289999999999964,0.43100189035920905,9.289999999999964,0.511302475780411,4.059999999999945,3.408499999999981,0.076,1.0,,,13,4,3.0,2024
2024-03-20 13:00:00+00:00|-1.0|handoff_align_follow_h13_tp06_sl065,2024-03-20 13:00:00+00:00,STAGE28A,data/reports/stage28a_discovery_factory_batch_runner/stage28a_exact_trades.csv,session_handoff_imbalance_v1,handoff_align_follow_h13_tp06_sl065,-1.378949999999895,-2.428949999999895,-3.128949999999895,0,0,0,0,2.428949999999895,15.599999999999909,5.110000000000127,0.031311154598796576,7.079999999999927,0.3587570621468912,2.5099999999997635,2.52349999999999,0.004,-1.0,,,13,2,3.0,2024
2024-03-22 13:00:00+00:00|-1.0|handoff_align_follow_h13_tp06_sl065,2024-03-22 13:00:00+00:00,STAGE28A,data/reports/stage28a_discovery_factory_batch_runner/stage28a_exact_trades.csv,session_handoff_imbalance_v1,handoff_align_follow_h13_tp06_sl065,1.3005999999999402,0.2505999999999404,-0.4494000000000593,1,0,1,0,0.2505999999999404,56.07999999999993,14.199999999999818,0.53169014084509,13.659999999999854,0.46998535871157693,2.7100000000000364,4.692999999999984,0.604,-1.0,,,13,4,3.0,2024
2024-03-26 13:00:00+00:00|1.0|handoff_align_follow_h13_tp06_sl065,2024-03-26 13:00:00+00:00,STAGE28A,data/reports/stage28a_discovery_factory_batch_runner/stage28a_exact_trades.csv,session_handoff_imbalance_v1,handoff_align_follow_h13_tp06_sl065,-2.34777499999982,-3.3977749999998195,-4.097774999999819,0,0,0,1,3.3977749999998195,17.779999999999745,6.839999999999691,0.09941520467834314,30.460000000000036,0.8365068942875898,9.3100000000004,4.076999999999953,0.496,1.0,,,13,1,3.0,2024
2024-03-27 13:00:00+00:00|1.0|handoff_align_follow_h13_tp06_sl065,2024-03-27 13:00:00+00:00,STAGE28A,data/reports/stage28a_discovery_factory_batch_runner/stage28a_exact_trades.csv,session_handoff_imbalance_v1,handoff_align_follow_h13_tp06_sl065,1.5381999999998697,0.4881999999998698,-0.2118000000001298,1,0,1,0,0.4881999999998698,32.460000000000036,8.480000000000018,0.12264150943395771,18.800000000000182,0.8202127659574427,5.809999999999945,4.6720000000000255,0.6,1.0,,,13,2,3.0,2024
2024-03-28 13:00:00+00:00|1.0|handoff_align_follow_h13_tp06_sl065,2024-03-28 13:00:00+00:00,STAGE28A,data/reports/stage28a_discovery_factory_batch_runner/stage28a_exact_trades.csv,session_handoff_imbalance_v1,handoff_align_follow_h13_tp06_sl065,-2.364674999999897,-3.4146749999998973,-4.114674999999897,0,0,0,1,3.4146749999998973,24.330000000000382,9.559999999999945,0.5041841004184301,22.920000000000073,0.7273123909249374,16.63000000000011,4.6440000000000055,0.538,1.0,,,13,3,3.0,2024
2024-04-04 13:00:00+00:00|-1.0|handoff_align_follow_h13_tp06_sl065,2024-04-04 13:00:00+00:00,STAGE28A,data/reports/stage28a_discovery_factory_batch_runner/stage28a_exact_trades.csv,session_handoff_imbalance_v1,handoff_align_follow_h13_tp06_sl065,1.1035000000000763,0.0535000000000764,-0.6464999999999232,1,0,0,0,0.0535000000000764,36.26999999999998,8.36999999999989,0.30943847072881475,9.809999999999945,0.5983690112130865,3.2899999999999636,5.460999999999944,0.38,-1.0,,,13,3,4.0,2024
2024-04-09 13:00:00+00:00|1.0|handoff_align_follow_h13_tp06_sl065,2024-04-09 13:00:00+00:00,STAGE28A,data/reports/stage28a_discovery_factory_batch_runner/stage28a_exact_trades.csv,session_handoff_imbalance_v1,handoff_align_follow_h13_tp06_sl065,1.8130000000000108,0.763000000000011,0.0630000000000112,1,1,1,0,0.763000000000011,51.0300000000002,11.669999999999618,0.43958868894603914,22.269999999999982,0.8630444544230027,8.110000000000127,5.683000000000038,0.324,1.0,,,13,1,4.0,2024
2024-04-12 13:00:00+00:00|1.0|handoff_align_follow_h13_tp06_sl065,2024-04-12 13:00:00+00:00,STAGE28A,data/reports/stage28a_discovery_factory_batch_runner/stage28a_exact_trades.csv,session_handoff_imbalance_v1,handoff_align_follow_h13_tp06_sl065,1.8771999999998117,0.8271999999998116,0.1271999999998119,1,1,1,0,0.8271999999998116,52.0300000000002,23.449999999999818,0.4366737739872009,17.809999999999945,0.7810218978102388,6.869999999999891,7.888000000000011,0.612,1.0,,,13,4,4.0,2024
2024-04-18 13:00:00+00:00|1.0|handoff_align_follow_h13_tp06_sl065,2024-04-18 13:00:00+00:00,STAGE28A,data/reports/stage28a_discovery_factory_batch_runner/stage28a_exact_trades.csv,session_handoff_imbalance_v1,handoff_align_follow_h13_tp06_sl065,1.0440999999999805,-0.0059000000000195,-0.7059000000000193,0,0,0,0,0.0059000000000195,41.0,12.240000000000236,0.7802287581699344,7.890000000000327,0.6387832699619461,2.980000000000018,7.231500000000028,0.244,1.0,,,13,3,4.0,2024
2024-04-22 13:00:00+00:00|-1.0|handoff_align_follow_h13_tp06_sl065,2024-04-22 13:00:00+00:00,STAGE28A,data/reports/stage28a_discovery_factory_batch_runner/stage28a_exact_trades.csv,session_handoff_imbalance_v1,handoff_align_follow_h13_tp06_sl065,1.9437999999999191,0.8937999999999193,0.1937999999999196,1,1,1,0,0.8937999999999193,6.799999999999727,26.84999999999991,0.5314711359404108,21.490000000000236,0.3922754769660399,4.5300000000002,7.301499999999942,0.224,-1.0,,,13,0,4.0,2024
2024-04-26 13:00:00+00:00|1.0|handoff_align_follow_h13_tp06_sl065,2024-04-26 13:00:00+00:00,STAGE28A,data/reports/stage28a_discovery_factory_batch_runner/stage28a_exact_trades.csv,session_handoff_imbalance_v1,handoff_align_follow_h13_tp06_sl065,-2.5980249999998706,-3.6480249999998704,-4.34802499999987,0,0,0,1,3.6480249999998704,39.539999999999964,10.019999999999982,0.2195608782434952,19.110000000000127,0.7791732077446483,5.7400000000002365,6.228500000000099,0.064,1.0,,,13,4,4.0,2024
2024-04-30 13:00:00+00:00|-1.0|handoff_align_follow_h13_tp06_sl065,2024-04-30 13:00:00+00:00,STAGE28A,data/reports/stage28a_discovery_factory_batch_runner/stage28a_exact_trades.csv,session_handoff_imbalance_v1,handoff_align_follow_h13_tp06_sl065,1.4475999999998748,0.3975999999998749,-0.3024000000001248,1,0,1,0,0.3975999999998749,26.919999999999618,9.320000000000164,0.6115879828326366,18.879999999999654,0.7733050847457721,5.059999999999945,5.167000000000007,0.02,-1.0,,,13,1,4.0,2024
2024-05-02 13:00:00+00:00|-1.0|handoff_align_follow_h13_tp06_sl065,2024-05-02 13:00:00+00:00,STAGE28A,data/reports/stage28a_discovery_factory_batch_runner/stage28a_exact_trades.csv,session_handoff_imbalance_v1,handoff_align_follow_h13_tp06_sl065,-2.526524999999856,-3.576524999999856,-4.276524999999856,0,0,0,1,3.576524999999856,46.82999999999993,9.070000000000164,0.1422271223814708,22.340000000000146,0.8012533572068028,6.7400000000002365,8.24950000000008,0.76,-1.0,,,13,3,5.0,2024
2024-05-03 13:00:00+00:00|-1.0|handoff_align_follow_h13_tp06_sl065,2024-05-03 13:00:00+00:00,STAGE28A,data/reports/stage28a_discovery_factory_batch_runner/stage28a_exact_trades.csv,session_handoff_imbalance_v1,handoff_align_follow_h13_tp06_sl065,-1.94900000000016,-2.99900000000016,-3.69900000000016,0,0,0,0,2.99900000000016,41.09999999999991,6.440000000000055,0.2096273291925307,10.970000000000255,0.08477666362810113,3.730000000000018,5.232499999999982,0.064,-1.0,,,13,4,5.0,2024
2024-05-06 13:00:00+00:00|1.0|handoff_align_follow_h13_tp06_sl065,2024-05-06 13:00:00+00:00,STAGE28A,data/reports/stage28a_discovery_factory_batch_runner/stage28a_exact_trades.csv,session_handoff_imbalance_v1,handoff_align_follow_h13_tp06_sl065,-2.143024999999944,-3.193024999999943,-3.893024999999943,0,0,0,1,3.193024999999943,5.210000000000036,23.519999999999982,0.32312925170067663,16.170000000000073,0.741496598639439,6.420000000000073,6.660999999999968,0.412,1.0,,,13,0,5.0,2024
2024-05-07 13:00:00+00:00|-1.0|handoff_align_follow_h13_tp06_sl065,2024-05-07 13:00:00+00:00,STAGE28A,data/reports/stage28a_discovery_factory_batch_runner/stage28a_exact_trades.csv,session_handoff_imbalance_v1,handoff_align_follow_h13_tp06_sl065,1.2831999999997603,0.2331999999997607,-0.466800000000239,1,0,1,0,0.2331999999997607,40.370000000000346,10.279999999999745,0.17217898832685075,13.360000000000127,0.8345808383233181,4.529999999999745,5.159999999999968,0.052,-1.0,,,13,1,5.0,2024
2024-05-10 13:00:00+00:00|1.0|handoff_align_follow_h13_tp06_sl065,2024-05-10 13:00:00+00:00,STAGE28A,data/reports/stage28a_discovery_factory_batch_runner/stage28a_exact_trades.csv,session_handoff_imbalance_v1,handoff_align_follow_h13_tp06_sl065,-2.463800000000083,-3.513800000000083,-4.213800000000083,0,0,0,1,3.513800000000083,40.63999999999987,10.659999999999854,0.6716697936210086,24.079999999999927,0.7936046511627984,5.8400000000001455,5.9384999999999994,0.4,1.0,,,13,4,5.0,2024
2024-05-13 13:00:00+00:00|-1.0|handoff_align_follow_h13_tp06_sl065,2024-05-13 13:00:00+00:00,STAGE28A,data/reports/stage28a_discovery_factory_batch_runner/stage28a_exact_trades.csv,session_handoff_imbalance_v1,handoff_align_follow_h13_tp06_sl065,1.3002999999997882,0.2502999999997883,-0.4497000000002114,1,0,1,0,0.2502999999997883,3.4299999999998363,9.710000000000036,0.4582904222451345,18.139999999999873,0.9404630650496177,5.269999999999982,5.000000000000045,0.144,-1.0,,,13,0,5.0,2024
2024-05-14 13:00:00+00:00|1.0|handoff_align_follow_h13_tp06_sl065,2024-05-14 13:00:00+00:00,STAGE28A,data/reports/stage28a_discovery_factory_batch_runner/stage28a_exact_trades.csv,session_handoff_imbalance_v1,handoff_align_follow_h13_tp06_sl065,-2.015300000000116,-3.065300000000116,-3.7653000000001153,0,0,0,1,3.065300000000116,32.95000000000027,9.570000000000164,0.5862068965517274,12.2800000000002,0.2394136807817595,4.670000000000073,4.2309999999999945,0.016,1.0,,,13,1,5.0,2024
2024-05-15 13:00:00+00:00|1.0|handoff_align_follow_h13_tp06_sl065,2024-05-15 13:00:00+00:00,STAGE28A,data/reports/stage28a_discovery_factory_batch_runner/stage28a_exact_trades.csv,session_handoff_imbalance_v1,handoff_align_follow_h13_tp06_sl065,-2.0400000000000547,-3.0900000000000545,-3.790000000000054,0,0,0,1,3.0900000000000545,24.920000000000073,6.110000000000127,0.46808510638298984,18.5300000000002,0.47706422018348893,6.0600000000004,4.572000000000026,0.084,1.0,,,13,2,5.0,2024
2024-05-16 13:00:00+00:00|-1.0|handoff_align_follow_h13_tp06_sl065,2024-05-16 13:00:00+00:00,STAGE28A,data/reports/stage28a_discovery_factory_batch_runner/stage28a_exact_trades.csv,session_handoff_imbalance_v1,handoff_align_follow_h13_tp06_sl065,1.1017000000000734,0.0517000000000735,-0.6482999999999262,1,0,0,0,0.0517000000000735,38.40000000000009,13.050000000000182,0.029885057471289042,10.909999999999854,0.31072410632446545,4.1599999999998545,6.196500000000038,0.544,-1.0,,,13,3,5.0,2024
2024-05-20 13:00:00+00:00|1.0|handoff_align_follow_h13_tp06_sl065,2024-05-20 13:00:00+00:00,STAGE28A,data/reports/stage28a_discovery_factory_batch_runner/stage28a_exact_trades.csv,session_handoff_imbalance_v1,handoff_align_follow_h13_tp06_sl065,-3.686449999999786,-4.736449999999786,-5.436449999999786,0,0,0,1,4.736449999999786,8.409999999999854,24.050000000000182,0.8261954261954154,18.210000000000036,0.220757825370674,8.359999999999673,8.760499999999912,0.968,1.0,,,13,0,5.0,2024
2024-05-23 13:00:00+00:00|-1.0|handoff_align_follow_h13_tp06_sl065,2024-05-23 13:00:00+00:00,STAGE28A,data/reports/stage28a_discovery_factory_batch_runner/stage28a_exact_trades.csv,session_handoff_imbalance_v1,handoff_align_follow_h13_tp06_sl065,2.133700000000226,1.0837000000002264,0.3837000000002266,1,1,1,0,1.0837000000002264,51.76999999999998,16.980000000000018,0.47820965842166563,19.029999999999745,0.44245927482922676,5.489999999999782,8.192500000000019,0.86,-1.0,,,13,3,5.0,2024
2024-05-28 13:00:00+00:00|-1.0|handoff_align_follow_h13_tp06_sl065,2024-05-28 13:00:00+00:00,STAGE28A,data/reports/stage28a_discovery_factory_batch_runner/stage28a_exact_trades.csv,session_handoff_imbalance_v1,handoff_align_follow_h13_tp06_sl065,1.157799999999861,0.1077999999998611,-0.5922000000001386,1,0,0,0,0.1077999999998611,26.420000000000073,7.220000000000255,0.17313019390581108,13.699999999999818,0.5335766423357695,2.819999999999709,4.2375,0.056,-1.0,,,13,1,5.0,2024
2024-05-29 13:00:00+00:00|-1.0|handoff_align_follow_h13_tp06_sl065,2024-05-29 13:00:00+00:00,STAGE28A,data/reports/stage28a_discovery_factory_batch_runner/stage28a_exact_trades.csv,session_handoff_imbalance_v1,handoff_align_follow_h13_tp06_sl065,-2.273350000000028,-3.323350000000028,-4.023350000000027,0,0,0,1,3.323350000000028,24.059999999999945,7.930000000000291,0.12862547288776097,20.700000000000273,0.6120772946859638,5.320000000000164,5.17150000000006,0.272,-1.0,,,13,2,5.0,2024
2024-05-31 13:00:00+00:00|-1.0|handoff_align_follow_h13_tp06_sl065,2024-05-31 13:00:00+00:00,STAGE28A,data/reports/stage28a_discovery_factory_batch_runner/stage28a_exact_trades.csv,session_handoff_imbalance_v1,handoff_align_follow_h13_tp06_sl065,0.9336999999999536,-0.1163000000000464,-0.8163000000000462,0,0,0,0,0.1163000000000464,29.38000000000011,10.739999999999782,0.036312849162000053,7.370000000000346,0.21709633649929905,3.5,4.557500000000073,0.1,-1.0,,,13,4,5.0,2024
2024-06-04 13:00:00+00:00|-1.0|handoff_align_follow_h13_tp06_sl065,2024-06-04 13:00:00+00:00,STAGE28A,data/reports/stage28a_discovery_factory_batch_runner/stage28a_exact_trades.csv,session_handoff_imbalance_v1,handoff_align_follow_h13_tp06_sl065,1.499499999999807,0.4494999999998073,-0.2505000000001924,1,0,1,0,0.4494999999998073,40.159999999999854,9.600000000000364,0.5281249999999971,25.079999999999927,0.6399521531100569,7.400000000000091,5.378999999999974,0.296,-1.0,,,13,1,6.0,2024
2024-06-10 13:00:00+00:00|-1.0|handoff_align_follow_h13_tp06_sl065,2024-06-10 13:00:00+00:00,STAGE28A,data/reports/stage28a_discovery_factory_batch_runner/stage28a_exact_trades.csv,session_handoff_imbalance_v1,handoff_align_follow_h13_tp06_sl065,-2.392625000000044,-3.442625000000044,-4.142625000000043,0,0,0,1,3.442625000000044,8.61999999999989,11.609999999999673,0.18518518518519825,9.740000000000236,0.0020533880903471587,5.650000000000091,6.812500000000023,0.856,-1.0,,,13,0,6.0,2024
2024-06-12 13:00:00+00:00|-1.0|handoff_align_follow_h13_tp06_sl065,2024-06-12 13:00:00+00:00,STAGE28A,data/reports/stage28a_discovery_factory_batch_runner/stage28a_exact_trades.csv,session_handoff_imbalance_v1,handoff_align_follow_h13_tp06_sl065,-1.7101250000001529,-2.7601250000001527,-3.4601250000001524,0,0,0,0,2.7601250000001527,22.36999999999989,6.8400000000001455,0.42690058479532317,6.910000000000309,0.00289435600578595,3.25,3.8984999999999674,0.004,-1.0,,,13,2,6.0,2024
2024-06-14 13:00:00+00:00|1.0|handoff_align_follow_h13_tp06_sl065,2024-06-14 13:00:00+00:00,STAGE28A,data/reports/stage28a_discovery_factory_batch_runner/stage28a_exact_trades.csv,session_handoff_imbalance_v1,handoff_align_follow_h13_tp06_sl065,-2.3305500000002213,-3.380550000000221,-4.080550000000221,0,0,0,1,3.380550000000221,31.159999999999854,7.050000000000182,0.35886524822690496,19.139999999999873,0.8949843260188204,7.5300000000002,5.026000000000022,0.196,1.0,,,13,4,6.0,2024
2024-06-17 13:00:00+00:00|-1.0|handoff_align_follow_h13_tp06_sl065,2024-06-17 13:00:00+00:00,STAGE28A,data/reports/stage28a_discovery_factory_batch_runner/stage28a_exact_trades.csv,session_handoff_imbalance_v1,handoff_align_follow_h13_tp06_sl065,1.1674000000001796,0.1174000000001798,-0.5825999999998199,1,0,0,0,0.1174000000001798,5.4099999999998545,11.420000000000073,0.39229422066549824,10.769999999999982,0.4001857010213512,3.380000000000109,4.493499999999926,0.056,-1.0,,,13,0,6.0,2024
2024-06-19 13:00:00+00:00|1.0|handoff_align_follow_h13_tp06_sl065,2024-06-19 13:00:00+00:00,STAGE28A,data/reports/stage28a_discovery_factory_batch_runner/stage28a_exact_trades.csv,session_handoff_imbalance_v1,handoff_align_follow_h13_tp06_sl065,-1.537225000000126,-2.587225000000126,-3.287225000000125,0,0,0,0,2.587225000000126,26.699999999999818,5.2199999999998,0.003831417624517735,8.190000000000055,0.020757020757029503,5.0900000000001455,3.493999999999983,0.004,1.0,,,13,2,6.0,2024
2024-06-21 13:00:00+00:00|1.0|handoff_align_follow_h13_tp06_sl065,2024-06-21 13:00:00+00:00,STAGE28A,data/reports/stage28a_discovery_factory_batch_runner/stage28a_exact_trades.csv,session_handoff_imbalance_v1,handoff_align_follow_h13_tp06_sl065,1.2276999999998224,0.1776999999998225,-0.5223000000001772,1,0,1,0,0.1776999999998225,37.65000000000009,7.75,0.3496774193548434,13.009999999999764,0.13374327440432499,4.390000000000327,5.033500000000049,0.396,1.0,,,13,4,6.0,2024
2024-06-24 13:00:00+00:00|1.0|handoff_align_follow_h13_tp06_sl065,2024-06-24 13:00:00+00:00,STAGE28A,data/reports/stage28a_discovery_factory_batch_runner/stage28a_exact_trades.csv,session_handoff_imbalance_v1,handoff_align_follow_h13_tp06_sl065,1.39330000000009,0.3433000000000903,-0.3566999999999094,1,0,1,0,0.3433000000000903,4.9099999999998545,8.980000000000018,0.4376391982182437,11.960000000000036,0.033444816053519205,10.13000000000011,5.319000000000005,0.508,1.0,,,13,0,6.0,2024
2024-06-26 13:00:00+00:00|-1.0|handoff_align_follow_h13_tp06_sl065,2024-06-26 13:00:00+00:00,STAGE28A,data/reports/stage28a_discovery_factory_batch_runner/stage28a_exact_trades.csv,session_handoff_imbalance_v1,handoff_align_follow_h13_tp06_sl065,-2.143674999999894,-3.1936749999998937,-3.893674999999893,0,0,0,1,3.1936749999998937,21.789999999999964,13.350000000000364,0.2636704119850102,8.690000000000055,0.11047180667434181,2.730000000000018,5.347500000000059,0.532,-1.0,,,13,2,6.0,2024
2024-06-27 13:00:00+00:00|1.0|handoff_align_follow_h13_tp06_sl065,2024-06-27 13:00:00+00:00,STAGE28A,data/reports/stage28a_discovery_factory_batch_runner/stage28a_exact_trades.csv,session_handoff_imbalance_v1,handoff_align_follow_h13_tp06_sl065,-2.018224999999893,-3.068224999999893,-3.7682249999998927,0,0,0,1,3.068224999999893,30.350000000000364,3.3899999999998727,0.22123893805310565,17.429999999999836,0.7917383820998457,6.599999999999909,3.5849999999999453,0.072,1.0,,,13,3,6.0,2024
2024-07-01 13:00:00+00:00|1.0|handoff_align_follow_h13_tp06_sl065,2024-07-01 13:00:00+00:00,STAGE28A,data/reports/stage28a_discovery_factory_batch_runner/stage28a_exact_trades.csv,session_handoff_imbalance_v1,handoff_align_follow_h13_tp06_sl065,1.209099999999944,0.159099999999944,-0.5409000000000557,1,0,1,0,0.159099999999944,4.139999999999873,6.389999999999873,0.03442879499214465,10.980000000000018,0.24590163934424533,4.019999999999982,4.279999999999996,0.24,1.0,,,13,0,7.0,2024
2024-07-03 13:00:00+00:00|1.0|handoff_align_follow_h13_tp06_sl065,2024-07-03 13:00:00+00:00,STAGE28A,data/reports/stage28a_discovery_factory_batch_runner/stage28a_exact_trades.csv,session_handoff_imbalance_v1,handoff_align_follow_h13_tp06_sl065,1.3182999999998173,0.2682999999998174,-0.4317000000001822,1,0,1,0,0.2682999999998174,17.820000000000164,5.660000000000309,0.28798586572430485,15.799999999999727,0.9164556962025199,4.339999999999691,4.3839999999999915,0.296,1.0,,,13,2,7.0,2024
2024-07-05 13:00:00+00:00|1.0|handoff_align_follow_h13_tp06_sl065,2024-07-05 13:00:00+00:00,STAGE28A,data/reports/stage28a_discovery_factory_batch_runner/stage28a_exact_trades.csv,session_handoff_imbalance_v1,handoff_align_follow_h13_tp06_sl065,0.8614000000001397,-0.1885999999998602,-0.88859999999986,0,0,0,0,0.1885999999998602,12.179999999999836,8.960000000000036,0.49218750000003253,6.680000000000291,0.08532934131731798,4.860000000000127,3.106000000000017,0.036,1.0,,,13,4,7.0,2024
2024-07-08 13:00:00+00:00|-1.0|handoff_align_follow_h13_tp06_sl065,2024-07-08 13:00:00+00:00,STAGE28A,data/reports/stage28a_discovery_factory_batch_runner/stage28a_exact_trades.csv,session_handoff_imbalance_v1,handoff_align_follow_h13_tp06_sl065,1.2285999999998238,0.178599999999824,-0.5214000000001757,1,0,1,0,0.178599999999824,5.289999999999964,10.420000000000073,0.22936660268716993,18.5,0.6929729729729818,5.5,5.064999999999986,0.568,-1.0,,,13,0,7.0,2024
2024-07-10 13:00:00+00:00|1.0|handoff_align_follow_h13_tp06_sl065,2024-07-10 13:00:00+00:00,STAGE28A,data/reports/stage28a_discovery_factory_batch_runner/stage28a_exact_trades.csv,session_handoff_imbalance_v1,handoff_align_follow_h13_tp06_sl065,-1.6103500000000168,-2.6603500000000166,-3.3603500000000164,0,0,0,0,2.6603500000000166,22.20999999999958,7.329999999999927,0.5184174624829767,8.309999999999945,0.4500601684716975,2.480000000000018,4.531500000000028,0.288,1.0,,,13,2,7.0,2024
2024-07-11 13:00:00+00:00|1.0|handoff_align_follow_h13_tp06_sl065,2024-07-11 13:00:00+00:00,STAGE28A,data/reports/stage28a_discovery_factory_batch_runner/stage28a_exact_trades.csv,session_handoff_imbalance_v1,handoff_align_follow_h13_tp06_sl065,-1.8654750000001517,-2.9154750000001517,-3.615475000000151,0,0,0,0,2.9154750000001517,23.670000000000073,9.08999999999969,0.6567656765677071,6.099999999999909,0.8606557377049309,3.2199999999998,3.767999999999984,0.144,1.0,,,13,3,7.0,2024
2024-07-12 13:00:00+00:00|-1.0|handoff_align_follow_h13_tp06_sl065,2024-07-12 13:00:00+00:00,STAGE28A,data/reports/stage28a_discovery_factory_batch_runner/stage28a_exact_trades.csv,session_handoff_imbalance_v1,handoff_align_follow_h13_tp06_sl065,-2.098175000000174,-3.148175000000174,-3.8481750000001735,0,0,0,1,3.148175000000174,53.38999999999987,9.550000000000182,0.5350785340313692,9.760000000000218,0.3893442622950453,5.119999999999891,5.3715000000000375,0.7,-1.0,,,13,4,7.0,2024
2024-07-15 13:00:00+00:00|1.0|handoff_align_follow_h13_tp06_sl065,2024-07-15 13:00:00+00:00,STAGE28A,data/reports/stage28a_discovery_factory_batch_runner/stage28a_exact_trades.csv,session_handoff_imbalance_v1,handoff_align_follow_h13_tp06_sl065,1.157799999999861,0.1077999999998611,-0.5922000000001386,1,0,0,0,0.1077999999998611,7.980000000000018,9.950000000000273,0.40703517587940413,12.690000000000055,0.06619385342790716,4.8100000000004,4.527500000000009,0.272,1.0,,,13,0,7.0,2024
2024-07-16 13:00:00+00:00|1.0|handoff_align_follow_h13_tp06_sl065,2024-07-16 13:00:00+00:00,STAGE28A,data/reports/stage28a_discovery_factory_batch_runner/stage28a_exact_trades.csv,session_handoff_imbalance_v1,handoff_align_follow_h13_tp06_sl065,-2.216149999999834,-3.266149999999834,-3.9661499999998338,0,0,0,1,3.266149999999834,38.409999999999854,11.559999999999945,0.6643598615916845,18.269999999999982,0.75478927203065,8.320000000000164,5.3940000000000285,0.66,1.0,,,13,1,7.0,2024
2024-07-17 13:00:00+00:00|1.0|handoff_align_follow_h13_tp06_sl065,2024-07-17 13:00:00+00:00,STAGE28A,data/reports/stage28a_discovery_factory_batch_runner/stage28a_exact_trades.csv,session_handoff_imbalance_v1,handoff_align_follow_h13_tp06_sl065,1.8268000000001847,0.7768000000001849,0.0768000000001851,1,1,1,0,0.7768000000001849,49.659999999999854,18.299999999999727,0.15191256830602412,17.019999999999982,0.18801410105759556,5.699999999999818,7.180999999999995,0.952,1.0,,,13,2,7.0,2024
2024-07-19 13:00:00+00:00|-1.0|handoff_align_follow_h13_tp06_sl065,2024-07-19 13:00:00+00:00,STAGE28A,data/reports/stage28a_discovery_factory_batch_runner/stage28a_exact_trades.csv,session_handoff_imbalance_v1,handoff_align_follow_h13_tp06_sl065,-3.026375000000008,-4.076375000000008,-4.776375000000007,0,0,0,1,4.076375000000008,34.84999999999991,24.679999999999836,0.6288492706645091,16.5,0.7678787878787923,6.269999999999982,7.066999999999939,0.872,-1.0,,,13,4,7.0,2024
2024-07-22 13:00:00+00:00|-1.0|handoff_align_follow_h13_tp06_sl065,2024-07-22 13:00:00+00:00,STAGE28A,data/reports/stage28a_discovery_factory_batch_runner/stage28a_exact_trades.csv,session_handoff_imbalance_v1,handoff_align_follow_h13_tp06_sl065,-2.2944750000002387,-3.3444750000002386,-4.044475000000238,0,0,0,1,3.3444750000002386,11.319999999999709,11.819999999999709,0.38494077834181845,8.450000000000273,0.2816568047337316,5.789999999999964,5.450500000000034,0.432,-1.0,,,13,0,7.0,2024
2024-07-23 13:00:00+00:00|1.0|handoff_align_follow_h13_tp06_sl065,2024-07-23 13:00:00+00:00,STAGE28A,data/reports/stage28a_discovery_factory_batch_runner/stage28a_exact_trades.csv,session_handoff_imbalance_v1,handoff_align_follow_h13_tp06_sl065,1.7665000000000872,0.7165000000000874,0.0165000000000876,1,1,1,0,0.7165000000000874,28.23999999999978,9.199999999999818,0.34239130434784276,20.019999999999982,0.43806193806193755,4.9099999999998545,5.389500000000021,0.384,1.0,,,13,1,7.0,2024
2024-07-25 13:00:00+00:00|-1.0|handoff_align_follow_h13_tp06_sl065,2024-07-25 13:00:00+00:00,STAGE28A,data/reports/stage28a_discovery_factory_batch_runner/stage28a_exact_trades.csv,session_handoff_imbalance_v1,handoff_align_follow_h13_tp06_sl065,2.1789999999999963,1.1289999999999965,0.4289999999999967,1,1,1,0,1.1289999999999965,35.4699999999998,34.38999999999987,0.6685082872928138,12.909999999999854,0.0859798605732099,5.730000000000018,8.440499999999929,0.972,-1.0,,,13,3,7.0,2024
2024-07-26 13:00:00+00:00|1.0|handoff_align_follow_h13_tp06_sl065,2024-07-26 13:00:00+00:00,STAGE28A,data/reports/stage28a_discovery_factory_batch_runner/stage28a_exact_trades.csv,session_handoff_imbalance_v1,handoff_align_follow_h13_tp06_sl065,-2.261974999999984,-3.311974999999984,-4.011974999999984,0,0,0,1,3.311974999999984,48.190000000000055,23.550000000000182,0.36390658174096147,10.0300000000002,0.19541375872382824,2.849999999999909,6.586000000000013,0.584,1.0,,,13,4,7.0,2024
2024-07-29 13:00:00+00:00|-1.0|handoff_align_follow_h13_tp06_sl065,2024-07-29 13:00:00+00:00,STAGE28A,data/reports/stage28a_discovery_factory_batch_runner/stage28a_exact_trades.csv,session_handoff_imbalance_v1,handoff_align_follow_h13_tp06_sl065,-2.3279499999999644,-3.3779499999999643,-4.077949999999964,0,0,0,1,3.3779499999999643,16.730000000000018,16.730000000000018,0.06933652121938481,9.190000000000055,0.17954298150159156,3.4099999999998545,6.329499999999984,0.492,-1.0,,,13,0,7.0,2024
2024-07-30 13:00:00+00:00|1.0|handoff_align_follow_h13_tp06_sl065,2024-07-30 13:00:00+00:00,STAGE28A,data/reports/stage28a_discovery_factory_batch_runner/stage28a_exact_trades.csv,session_handoff_imbalance_v1,handoff_align_follow_h13_tp06_sl065,0.8893000000001848,-0.1606999999998151,-0.8606999999998148,0,0,0,0,0.1606999999998151,33.460000000000036,9.460000000000036,0.18181818181820805,6.4099999999998545,0.5397815912636684,2.2600000000002183,4.942500000000041,0.068,1.0,,,13,1,7.0,2024
2024-07-31 13:00:00+00:00|1.0|handoff_align_follow_h13_tp06_sl065,2024-07-31 13:00:00+00:00,STAGE28A,data/reports/stage28a_discovery_factory_batch_runner/stage28a_exact_trades.csv,session_handoff_imbalance_v1,handoff_align_follow_h13_tp06_sl065,-2.229475000000184,-3.279475000000184,-3.979475000000184,0,0,0,1,3.279475000000184,36.43000000000029,15.139999999999873,0.47159841479523995,10.990000000000236,0.4003639672429478,4.430000000000291,6.458000000000107,0.528,1.0,,,13,2,7.0,2024
2024-08-01 13:00:00+00:00|-1.0|handoff_align_follow_h13_tp06_sl065,2024-08-01 13:00:00+00:00,STAGE28A,data/reports/stage28a_discovery_factory_batch_runner/stage28a_exact_trades.csv,session_handoff_imbalance_v1,handoff_align_follow_h13_tp06_sl065,1.47549999999992,0.42549999999992,-0.2745000000000797,1,0,1,0,0.42549999999992,46.98999999999978,20.950000000000273,0.23293556085919073,18.829999999999927,0.5268189060010439,4.900000000000091,6.938000000000011,0.756,-1.0,,,13,3,8.0,2024
2024-08-02 13:00:00+00:00|1.0|handoff_align_follow_h13_tp06_sl065,2024-08-02 13:00:00+00:00,STAGE28A,data/reports/stage28a_discovery_factory_batch_runner/stage28a_exact_trades.csv,session_handoff_imbalance_v1,handoff_align_follow_h13_tp06_sl065,1.6822000000001025,0.6322000000001027,-0.067799999999897,1,0,1,0,0.6322000000001027,32.190000000000055,24.539999999999964,0.3793806030970014,14.139999999999873,0.6605374823196768,3.4099999999998545,7.270000000000027,0.768,1.0,,,13,4,8.0,2024
2024-08-06 13:00:00+00:00|1.0|handoff_align_follow_h13_tp06_sl065,2024-08-06 13:00:00+00:00,STAGE28A,data/reports/stage28a_discovery_factory_batch_runner/stage28a_exact_trades.csv,session_handoff_imbalance_v1,handoff_align_follow_h13_tp06_sl065,-3.5259000000001834,-4.575900000000184,-5.275900000000183,0,0,0,1,4.575900000000184,94.65999999999985,13.960000000000036,0.005014326647576184,20.720000000000255,0.20945945945944197,5.320000000000164,8.264500000000089,0.744,1.0,,,13,1,8.0,2024
2024-08-08 13:00:00+00:00|1.0|handoff_align_follow_h13_tp06_sl065,2024-08-08 13:00:00+00:00,STAGE28A,data/reports/stage28a_discovery_factory_batch_runner/stage28a_exact_trades.csv,session_handoff_imbalance_v1,handoff_align_follow_h13_tp06_sl065,1.679500000000098,0.6295000000000983,-0.0704999999999014,1,0,1,0,0.6295000000000983,28.01000000000022,14.150000000000091,0.7519434628975127,15.019999999999982,0.1291611185086589,5.150000000000091,5.698000000000024,0.1,1.0,,,13,3,8.0,2024
2024-08-13 13:00:00+00:00|-1.0|handoff_align_follow_h13_tp06_sl065,2024-08-13 13:00:00+00:00,STAGE28A,data/reports/stage28a_discovery_factory_batch_runner/stage28a_exact_trades.csv,session_handoff_imbalance_v1,handoff_align_follow_h13_tp06_sl065,-2.028625000000011,-3.078625000000011,-3.7786250000000106,0,0,0,1,3.078625000000011,50.149999999999636,16.190000000000055,0.6331068560840003,7.660000000000309,0.3694516971279129,3.150000000000091,5.561000000000059,0.14,-1.0,,,13,1,8.0,2024
2024-08-15 13:00:00+00:00|1.0|handoff_align_follow_h13_tp06_sl065,2024-08-15 13:00:00+00:00,STAGE28A,data/reports/stage28a_discovery_factory_batch_runner/stage28a_exact_trades.csv,session_handoff_imbalance_v1,handoff_align_follow_h13_tp06_sl065,-1.8082749999999577,-2.8582749999999577,-3.558274999999957,0,0,0,0,2.8582749999999577,41.86000000000013,7.900000000000091,0.7367088607595059,8.480000000000018,0.36320754716980197,1.8999999999996362,4.555499999999961,0.016,1.0,,,13,3,8.0,2024
2024-08-19 13:00:00+00:00|-1.0|handoff_align_follow_h13_tp06_sl065,2024-08-19 13:00:00+00:00,STAGE28A,data/reports/stage28a_discovery_factory_batch_runner/stage28a_exact_trades.csv,session_handoff_imbalance_v1,handoff_align_follow_h13_tp06_sl065,-2.133600000000206,-3.183600000000206,-3.8836000000002056,0,0,0,1,3.183600000000206,7.760000000000218,14.5,0.1165517241379348,8.319999999999709,0.3978365384615458,4.130000000000109,5.984000000000037,0.312,-1.0,,,13,0,8.0,2024
2024-08-23 13:00:00+00:00|1.0|handoff_align_follow_h13_tp06_sl065,2024-08-23 13:00:00+00:00,STAGE28A,data/reports/stage28a_discovery_factory_batch_runner/stage28a_exact_trades.csv,session_handoff_imbalance_v1,handoff_align_follow_h13_tp06_sl065,-1.920075000000088,-2.970075000000088,-3.670075000000088,0,0,0,0,2.970075000000088,44.07999999999993,10.150000000000091,0.8068965517241361,11.450000000000273,0.5152838427947157,4.910000000000309,4.900999999999999,0.06,1.0,,,13,4,8.0,2024
2024-08-28 13:00:00+00:00|-1.0|handoff_align_follow_h13_tp06_sl065,2024-08-28 13:00:00+00:00,STAGE28A,data/reports/stage28a_discovery_factory_batch_runner/stage28a_exact_trades.csv,session_handoff_imbalance_v1,handoff_align_follow_h13_tp06_sl065,-2.055924999999752,-3.105924999999752,-3.805924999999752,0,0,0,1,3.105924999999752,22.4399999999996,15.88000000000011,0.6190176322418047,12.849999999999909,0.4513618677042621,3.7100000000000364,5.0939999999999825,0.172,-1.0,,,13,2,8.0,2024
2024-08-29 13:00:00+00:00|1.0|handoff_align_follow_h13_tp06_sl065,2024-08-29 13:00:00+00:00,STAGE28A,data/reports/stage28a_discovery_factory_batch_runner/stage28a_exact_trades.csv,session_handoff_imbalance_v1,handoff_align_follow_h13_tp06_sl065,-2.314300000000094,-3.3643000000000938,-4.0643000000000935,0,0,0,1,3.3643000000000938,35.45000000000027,12.860000000000127,0.7449455676516199,10.539999999999964,0.5910815939278975,8.480000000000018,4.832999999999993,0.112,1.0,,,13,3,8.0,2024
2024-09-10 13:00:00+00:00|-1.0|handoff_align_follow_h13_tp06_sl065,2024-09-10 13:00:00+00:00,STAGE28A,data/reports/stage28a_discovery_factory_batch_runner/stage28a_exact_trades.csv,session_handoff_imbalance_v1,handoff_align_follow_h13_tp06_sl065,-1.831674999999996,-2.8816749999999955,-3.5816749999999957,0,0,0,0,2.8816749999999955,21.75,6.220000000000255,0.7202572347266616,7.599999999999909,0.4552631578947471,5.820000000000164,3.971499999999992,0.076,-1.0,,,13,1,9.0,2024
2024-09-11 13:00:00+00:00|1.0|handoff_align_follow_h13_tp06_sl065,2024-09-11 13:00:00+00:00,STAGE28A,data/reports/stage28a_discovery_factory_batch_runner/stage28a_exact_trades.csv,session_handoff_imbalance_v1,handoff_align_follow_h13_tp06_sl065,1.34380000000001,0.2938000000000103,-0.4061999999999894,1,0,1,0,0.2938000000000103,18.289999999999964,7.5300000000002,0.3917662682602576,10.460000000000036,0.35946462715107125,2.6599999999998545,4.4,0.152,1.0,,,13,2,9.0,2024
2024-09-12 13:00:00+00:00|1.0|handoff_align_follow_h13_tp06_sl065,2024-09-12 13:00:00+00:00,STAGE28A,data/reports/stage28a_discovery_factory_batch_runner/stage28a_exact_trades.csv,session_handoff_imbalance_v1,handoff_align_follow_h13_tp06_sl065,-1.623674999999912,-2.673674999999912,-3.373674999999912,0,0,0,0,2.673674999999912,28.09999999999991,5.139999999999873,0.5992217898832691,7.850000000000364,0.36687898089171667,2.8299999999999272,3.802999999999952,0.056,1.0,,,13,3,9.0,2024
2024-09-13 13:00:00+00:00|1.0|handoff_align_follow_h13_tp06_sl065,2024-09-13 13:00:00+00:00,STAGE28A,data/reports/stage28a_discovery_factory_batch_runner/stage28a_exact_trades.csv,session_handoff_imbalance_v1,handoff_align_follow_h13_tp06_sl065,1.6146999999999934,0.5646999999999935,-0.1353000000000062,1,0,1,0,0.5646999999999935,49.059999999999945,13.38000000000011,0.7825112107623104,9.980000000000018,0.0621242484970285,6.0,5.459000000000015,0.54,1.0,,,13,4,9.0,2024
2024-09-16 13:00:00+00:00|1.0|handoff_align_follow_h13_tp06_sl065,2024-09-16 13:00:00+00:00,STAGE28A,data/reports/stage28a_discovery_factory_batch_runner/stage28a_exact_trades.csv,session_handoff_imbalance_v1,handoff_align_follow_h13_tp06_sl065,1.2517000000001643,0.2017000000001645,-0.4982999999998352,1,0,1,0,0.2017000000001645,2.8299999999999272,11.409999999999854,0.550394390885213,10.070000000000164,0.08142999006948318,4.040000000000418,4.147499999999991,0.128,1.0,,,13,0,9.0,2024
2024-09-19 13:00:00+00:00|1.0|handoff_align_follow_h13_tp06_sl065,2024-09-19 13:00:00+00:00,STAGE28A,data/reports/stage28a_discovery_factory_batch_runner/stage28a_exact_trades.csv,session_handoff_imbalance_v1,handoff_align_follow_h13_tp06_sl065,-2.615574999999899,-3.6655749999998983,-4.3655749999998985,0,0,0,1,3.6655749999998983,53.19999999999982,15.420000000000073,0.30998702983136983,35.34999999999991,0.7932107496463943,10.940000000000055,9.204999999999995,1.0,1.0,,,13,3,9.0,2024
2024-09-20 13:00:00+00:00|1.0|handoff_align_follow_h13_tp06_sl065,2024-09-20 13:00:00+00:00,STAGE28A,data/reports/stage28a_discovery_factory_batch_runner/stage28a_exact_trades.csv,session_handoff_imbalance_v1,handoff_align_follow_h13_tp06_sl065,1.501599999999962,0.4515999999999622,-0.2484000000000374,1,0,1,0,0.4515999999999622,43.789999999999964,8.75,0.41142857142856104,21.419999999999618,0.6984126984127126,8.039999999999964,5.049000000000047,0.416,1.0,,,13,4,9.0,2024
2024-09-26 13:00:00+00:00|1.0|handoff_align_follow_h13_tp06_sl065,2024-09-26 13:00:00+00:00,STAGE28A,data/reports/stage28a_discovery_factory_batch_runner/stage28a_exact_trades.csv,session_handoff_imbalance_v1,handoff_align_follow_h13_tp06_sl065,-2.0318750000002184,-3.081875000000218,-3.781875000000218,0,0,0,1,3.081875000000218,20.829999999999927,7.170000000000073,0.6094839609484382,12.570000000000164,0.49721559268098,2.869999999999891,5.068999999999915,0.308,1.0,,,13,3,9.0,2024
2024-09-30 13:00:00+00:00|-1.0|handoff_align_follow_h13_tp06_sl065,2024-09-30 13:00:00+00:00,STAGE28A,data/reports/stage28a_discovery_factory_batch_runner/stage28a_exact_trades.csv,session_handoff_imbalance_v1,handoff_align_follow_h13_tp06_sl065,1.5105999999999766,0.4605999999999768,-0.2394000000000229,1,0,1,0,0.4605999999999768,6.25,18.659999999999854,0.487674169346194,12.220000000000255,0.3199672667757588,5.289999999999964,6.7634999999999765,0.7,-1.0,,,13,0,9.0,2024
2024-10-01 13:00:00+00:00|1.0|handoff_align_follow_h13_tp06_sl065,2024-10-01 13:00:00+00:00,STAGE28A,data/reports/stage28a_discovery_factory_batch_runner/stage28a_exact_trades.csv,session_handoff_imbalance_v1,handoff_align_follow_h13_tp06_sl065,0.991899999999896,-0.0581000000001039,-0.7581000000001037,0,0,0,0,0.0581000000001039,41.48000000000002,7.730000000000018,0.3842173350582468,11.840000000000146,0.9045608108108028,3.9400000000000546,4.787000000000035,0.108,1.0,,,13,1,10.0,2024
2024-10-02 13:00:00+00:00|-1.0|handoff_align_follow_h13_tp06_sl065,2024-10-02 13:00:00+00:00,STAGE28A,data/reports/stage28a_discovery_factory_batch_runner/stage28a_exact_trades.csv,session_handoff_imbalance_v1,handoff_align_follow_h13_tp06_sl065,1.6168000000001483,0.5668000000001485,-0.1331999999998512,1,0,1,0,0.5668000000001485,41.01000000000022,7.730000000000018,0.862871927554988,12.019999999999982,0.20632279534109998,3.8900000000003274,6.3150000000000315,0.464,-1.0,,,13,2,10.0,2024
2024-10-03 13:00:00+00:00|-1.0|handoff_align_follow_h13_tp06_sl065,2024-10-03 13:00:00+00:00,STAGE28A,data/reports/stage28a_discovery_factory_batch_runner/stage28a_exact_trades.csv,session_handoff_imbalance_v1,handoff_align_follow_h13_tp06_sl065,-2.399125000000004,-3.4491250000000035,-4.149125000000003,0,0,0,1,3.4491250000000035,22.240000000000236,9.679999999999836,0.3615702479338904,16.659999999999854,0.6818727490996535,6.559999999999945,5.445500000000015,0.26,-1.0,,,13,3,10.0,2024
2024-10-08 13:00:00+00:00|-1.0|handoff_align_follow_h13_tp06_sl065,2024-10-08 13:00:00+00:00,STAGE28A,data/reports/stage28a_discovery_factory_batch_runner/stage28a_exact_trades.csv,session_handoff_imbalance_v1,handoff_align_follow_h13_tp06_sl065,-2.7381000000001223,-3.788100000000122,-4.488100000000122,0,0,0,1,3.788100000000122,22.019999999999982,15.289999999999964,0.07586657946369244,17.820000000000164,0.08810325476992982,6.2400000000002365,6.793499999999926,0.616,-1.0,,,13,1,10.0,2024
2024-10-09 13:00:00+00:00|-1.0|handoff_align_follow_h13_tp06_sl065,2024-10-09 13:00:00+00:00,STAGE28A,data/reports/stage28a_discovery_factory_batch_runner/stage28a_exact_trades.csv,session_handoff_imbalance_v1,handoff_align_follow_h13_tp06_sl065,-2.38774999999996,-3.43774999999996,-4.13774999999996,0,0,0,1,3.43774999999996,48.34999999999991,9.390000000000327,0.5175718849840211,15.210000000000036,0.05588428665351131,3.8700000000003456,6.842500000000041,0.584,-1.0,,,13,2,10.0,2024
2024-10-10 13:00:00+00:00|1.0|handoff_align_follow_h13_tp06_sl065,2024-10-10 13:00:00+00:00,STAGE28A,data/reports/stage28a_discovery_factory_batch_runner/stage28a_exact_trades.csv,session_handoff_imbalance_v1,handoff_align_follow_h13_tp06_sl065,1.096300000000065,0.0463000000000648,-0.6536999999999349,1,0,0,0,0.0463000000000648,19.230000000000018,10.960000000000036,0.2636861313868903,8.2199999999998,0.6630170316301643,4.079999999999927,4.6664999999999734,0.028,1.0,,,13,3,10.0,2024
2024-10-14 13:00:00+00:00|1.0|handoff_align_follow_h13_tp06_sl065,2024-10-14 13:00:00+00:00,STAGE28A,data/reports/stage28a_discovery_factory_batch_runner/stage28a_exact_trades.csv,session_handoff_imbalance_v1,handoff_align_follow_h13_tp06_sl065,1.4304999999998471,0.3804999999998473,-0.3195000000001524,1,0,1,0,0.3804999999998473,11.429999999999836,14.259999999999764,0.3709677419354875,11.480000000000018,0.24912891986063787,6.179999999999836,5.545499999999924,0.176,1.0,,,13,0,10.0,2024
2024-10-16 13:00:00+00:00|1.0|handoff_align_follow_h13_tp06_sl065,2024-10-16 13:00:00+00:00,STAGE28A,data/reports/stage28a_discovery_factory_batch_runner/stage28a_exact_trades.csv,session_handoff_imbalance_v1,handoff_align_follow_h13_tp06_sl065,1.4154999999999744,0.3654999999999746,-0.3345000000000251,1,0,1,0,0.3654999999999746,31.110000000000127,11.359999999999673,0.4383802816901551,17.08999999999969,0.7577530719719431,4.679999999999836,5.308499999999981,0.12,1.0,,,13,2,10.0,2024
2024-10-17 13:00:00+00:00|1.0|handoff_align_follow_h13_tp06_sl065,2024-10-17 13:00:00+00:00,STAGE28A,data/reports/stage28a_discovery_factory_batch_runner/stage28a_exact_trades.csv,session_handoff_imbalance_v1,handoff_align_follow_h13_tp06_sl065,-2.3185249999997724,-3.368524999999772,-4.068524999999772,0,0,0,1,3.368524999999772,26.559999999999945,11.63000000000011,0.2579535683576932,9.230000000000018,0.2979414951245931,5.200000000000273,4.719999999999937,0.032,1.0,,,13,3,10.0,2024
2024-10-22 13:00:00+00:00|1.0|handoff_align_follow_h13_tp06_sl065,2024-10-22 13:00:00+00:00,STAGE28A,data/reports/stage28a_discovery_factory_batch_runner/stage28a_exact_trades.csv,session_handoff_imbalance_v1,handoff_align_follow_h13_tp06_sl065,-2.139124999999785,-3.1891249999997853,-3.889124999999785,0,0,0,1,3.1891249999997853,26.529999999999745,14.860000000000127,0.6917900403768581,9.539999999999964,0.06918238993709193,6.309999999999945,5.823499999999967,0.416,1.0,,,13,1,10.0,2024
2024-10-24 13:00:00+00:00|1.0|handoff_align_follow_h13_tp06_sl065,2024-10-24 13:00:00+00:00,STAGE28A,data/reports/stage28a_discovery_factory_batch_runner/stage28a_exact_trades.csv,session_handoff_imbalance_v1,handoff_align_follow_h13_tp06_sl065,1.1541999999998551,0.1041999999998553,-0.5958000000001444,1,0,0,0,0.1041999999998553,49.92000000000007,12.279999999999745,0.39576547231272213,16.420000000000073,0.8361753958587063,3.230000000000018,5.922000000000049,0.54,1.0,,,13,3,10.0,2024
2024-10-25 13:00:00+00:00|-1.0|handoff_align_follow_h13_tp06_sl065,2024-10-25 13:00:00+00:00,STAGE28A,data/reports/stage28a_discovery_factory_batch_runner/stage28a_exact_trades.csv,session_handoff_imbalance_v1,handoff_align_follow_h13_tp06_sl065,-2.2102999999998247,-3.260299999999825,-3.960299999999824,0,0,0,1,3.260299999999825,29.029999999999745,11.730000000000018,0.7357203751065725,15.730000000000018,0.3146853146853317,4.320000000000164,5.034999999999991,0.096,-1.0,,,13,4,10.0,2024
2024-10-28 13:00:00+00:00|-1.0|handoff_align_follow_h13_tp06_sl065,2024-10-28 13:00:00+00:00,STAGE28A,data/reports/stage28a_discovery_factory_batch_runner/stage28a_exact_trades.csv,session_handoff_imbalance_v1,handoff_align_follow_h13_tp06_sl065,-2.7618250000001354,-3.8118250000001352,-4.511825000000135,0,0,0,1,3.8118250000001352,10.010000000000218,15.480000000000018,0.062015503875941895,16.909999999999854,0.06386753400357134,5.449999999999818,5.938000000000057,0.604,-1.0,,,13,0,10.0,2024
2024-10-30 13:00:00+00:00|1.0|handoff_align_follow_h13_tp06_sl065,2024-10-30 13:00:00+00:00,STAGE28A,data/reports/stage28a_discovery_factory_batch_runner/stage28a_exact_trades.csv,session_handoff_imbalance_v1,handoff_align_follow_h13_tp06_sl065,1.235199999999986,0.1851999999999862,-0.5148000000000135,1,0,1,0,0.1851999999999862,35.41000000000031,9.389999999999873,0.7518636847710374,11.7800000000002,0.0008488964346534898,6.300000000000182,5.081999999999994,0.16,1.0,,,13,2,10.0,2024
2024-10-31 13:00:00+00:00|-1.0|handoff_align_follow_h13_tp06_sl065,2024-10-31 13:00:00+00:00,STAGE28A,data/reports/stage28a_discovery_factory_batch_runner/stage28a_exact_trades.csv,session_handoff_imbalance_v1,handoff_align_follow_h13_tp06_sl065,-2.143999999999869,-3.193999999999869,-3.8939999999998687,0,0,0,1,3.193999999999869,19.139999999999873,8.029999999999745,0.2889165628891952,13.509999999999764,0.2672094744633409,8.0,4.854499999999962,0.072,-1.0,,,13,3,10.0,2024
2024-11-04 13:00:00+00:00|1.0|handoff_align_follow_h13_tp06_sl065,2024-11-04 13:00:00+00:00,STAGE28A,data/reports/stage28a_discovery_factory_batch_runner/stage28a_exact_trades.csv,session_handoff_imbalance_v1,handoff_align_follow_h13_tp06_sl065,1.7040999999998347,0.6540999999998349,-0.0459000000001648,1,0,1,0,0.6540999999998349,10.75,12.879999999999654,0.19720496894410183,13.289999999999964,0.15876598946573953,7.809999999999945,6.327499999999986,0.72,1.0,,,13,0,11.0,2024
2024-11-06 13:00:00+00:00|-1.0|handoff_align_follow_h13_tp06_sl065,2024-11-06 13:00:00+00:00,STAGE28A,data/reports/stage28a_discovery_factory_batch_runner/stage28a_exact_trades.csv,session_handoff_imbalance_v1,handoff_align_follow_h13_tp06_sl065,4.879600000000119,3.829600000000119,3.129600000000119,1,1,1,0,3.829600000000119,25.340000000000146,18.98999999999978,0.20326487625066728,42.35999999999967,0.5153446647780948,8.429999999999836,11.11949999999988,0.996,-1.0,,,13,2,11.0,2024
2024-11-08 13:00:00+00:00|-1.0|handoff_align_follow_h13_tp06_sl065,2024-11-08 13:00:00+00:00,STAGE28A,data/reports/stage28a_discovery_factory_batch_runner/stage28a_exact_trades.csv,session_handoff_imbalance_v1,handoff_align_follow_h13_tp06_sl065,-2.860949999999866,-3.910949999999866,-4.610949999999866,0,0,0,1,3.910949999999866,66.90999999999985,17.09999999999991,0.7777777777777659,16.240000000000236,0.3232758620689608,7.2599999999997635,7.055999999999972,0.724,-1.0,,,13,4,11.0,2024
2024-11-11 13:00:00+00:00|-1.0|handoff_align_follow_h13_tp06_sl065,2024-11-11 13:00:00+00:00,STAGE28A,data/reports/stage28a_discovery_factory_batch_runner/stage28a_exact_trades.csv,session_handoff_imbalance_v1,handoff_align_follow_h13_tp06_sl065,1.789599999999973,0.7395999999999732,0.0395999999999734,1,1,1,0,0.7395999999999732,4.230000000000018,19.7199999999998,0.6866125760649139,14.38000000000011,0.7183588317107304,14.38000000000011,5.786500000000001,0.248,-1.0,,,13,0,11.0,2024
2024-11-12 13:00:00+00:00|-1.0|handoff_align_follow_h13_tp06_sl065,2024-11-12 13:00:00+00:00,STAGE28A,data/reports/stage28a_discovery_factory_batch_runner/stage28a_exact_trades.csv,session_handoff_imbalance_v1,handoff_align_follow_h13_tp06_sl065,2.91279999999997,1.8627999999999705,1.1627999999999703,1,1,1,0,1.8627999999999705,75.67999999999984,11.579999999999927,0.5397236614853229,28.460000000000036,0.7350667603654267,8.900000000000091,6.995999999999936,0.596,-1.0,,,13,1,11.0,2024
2024-11-13 13:00:00+00:00|1.0|handoff_align_follow_h13_tp06_sl065,2024-11-13 13:00:00+00:00,STAGE28A,data/reports/stage28a_discovery_factory_batch_runner/stage28a_exact_trades.csv,session_handoff_imbalance_v1,handoff_align_follow_h13_tp06_sl065,1.5066999999998187,0.4566999999998189,-0.2433000000001808,1,0,1,0,0.4566999999998189,37.48000000000002,15.940000000000055,0.4567126725219398,10.599999999999909,0.2584905660377604,3.4400000000000546,5.74200000000003,0.16,1.0,,,13,2,11.0,2024
2024-11-14 13:00:00+00:00|-1.0|handoff_align_follow_h13_tp06_sl065,2024-11-14 13:00:00+00:00,STAGE28A,data/reports/stage28a_discovery_factory_batch_runner/stage28a_exact_trades.csv,session_handoff_imbalance_v1,handoff_align_follow_h13_tp06_sl065,-3.3604750000000423,-4.4104750000000426,-5.110475000000042,0,0,0,1,4.4104750000000426,48.070000000000164,22.389999999999873,0.25949084412684137,28.460000000000036,0.6398453970484895,8.980000000000018,9.02199999999998,0.884,-1.0,,,13,3,11.0,2024
2024-11-18 13:00:00+00:00|1.0|handoff_align_follow_h13_tp06_sl065,2024-11-18 13:00:00+00:00,STAGE28A,data/reports/stage28a_discovery_factory_batch_runner/stage28a_exact_trades.csv,session_handoff_imbalance_v1,handoff_align_follow_h13_tp06_sl065,1.7346999999998842,0.6846999999998844,-0.0153000000001153,1,0,1,0,0.6846999999998844,13.230000000000018,34.88000000000011,0.5997706422018351,16.840000000000146,0.1057007125890576,7.139999999999873,8.087500000000023,0.664,1.0,,,13,0,11.0,2024
2024-11-19 13:00:00+00:00|1.0|handoff_align_follow_h13_tp06_sl065,2024-11-19 13:00:00+00:00,STAGE28A,data/reports/stage28a_discovery_factory_batch_runner/stage28a_exact_trades.csv,session_handoff_imbalance_v1,handoff_align_follow_h13_tp06_sl065,-2.643525000000045,-3.693525000000045,-4.393525000000045,0,0,0,1,3.693525000000045,52.84999999999991,15.36999999999989,0.6649316851008671,18.710000000000036,0.659005879208974,6.579999999999927,5.111500000000047,0.016,1.0,,,13,1,11.0,2024
2024-11-21 13:00:00+00:00|1.0|handoff_align_follow_h13_tp06_sl065,2024-11-21 13:00:00+00:00,STAGE28A,data/reports/stage28a_discovery_factory_batch_runner/stage28a_exact_trades.csv,session_handoff_imbalance_v1,handoff_align_follow_h13_tp06_sl065,-2.3620750000000954,-3.4120750000000952,-4.112075000000095,0,0,0,1,3.4120750000000952,36.64000000000033,11.610000000000127,0.41860465116279705,17.059999999999945,0.759671746776089,5.239999999999782,5.6704999999999925,0.084,1.0,,,13,3,11.0,2024
2024-11-22 13:00:00+00:00|1.0|handoff_align_follow_h13_tp06_sl065,2024-11-22 13:00:00+00:00,STAGE28A,data/reports/stage28a_discovery_factory_batch_runner/stage28a_exact_trades.csv,session_handoff_imbalance_v1,handoff_align_follow_h13_tp06_sl065,2.057799999999952,1.007799999999952,0.3077999999999523,1,1,1,0,1.007799999999952,24.63000000000011,24.070000000000164,0.8109680099709308,25.440000000000055,0.7425314465408739,5.920000000000073,6.7069999999999705,0.432,1.0,,,13,4,11.0,2024
2024-11-27 13:00:00+00:00|1.0|handoff_align_follow_h13_tp06_sl065,2024-11-27 13:00:00+00:00,STAGE28A,data/reports/stage28a_discovery_factory_batch_runner/stage28a_exact_trades.csv,session_handoff_imbalance_v1,handoff_align_follow_h13_tp06_sl065,1.4280999999999948,0.378099999999995,-0.3219000000000047,1,0,1,0,0.378099999999995,36.76999999999998,13.510000000000218,0.4885270170244117,15.690000000000055,0.6201402166985331,2.180000000000291,5.795500000000016,0.116,1.0,,,13,2,11.0,2024
2024-11-29 13:00:00+00:00|1.0|handoff_align_follow_h13_tp06_sl065,2024-11-29 13:00:00+00:00,STAGE28A,data/reports/stage28a_discovery_factory_batch_runner/stage28a_exact_trades.csv,session_handoff_imbalance_v1,handoff_align_follow_h13_tp06_sl065,-2.612000000000171,-3.662000000000171,-4.362000000000171,0,0,0,1,3.662000000000171,28.65000000000009,30.29000000000042,0.6956091119181206,11.809999999999945,0.2464013547840701,4.549999999999727,5.9180000000000295,0.212,1.0,,,13,4,11.0,2024
2024-12-05 13:00:00+00:00|-1.0|handoff_align_follow_h13_tp06_sl065,2024-12-05 13:00:00+00:00,STAGE28A,data/reports/stage28a_discovery_factory_batch_runner/stage28a_exact_trades.csv,session_handoff_imbalance_v1,handoff_align_follow_h13_tp06_sl065,-2.1368499999999586,-3.1868499999999584,-3.886849999999958,0,0,0,1,3.1868499999999584,24.800000000000182,6.940000000000055,0.5821325648414888,13.88000000000011,0.17939481268009813,5.820000000000164,5.433999999999946,0.052,-1.0,,,13,3,12.0,2024
2024-12-16 13:00:00+00:00|1.0|handoff_align_follow_h13_tp06_sl065,2024-12-16 13:00:00+00:00,STAGE28A,data/reports/stage28a_discovery_factory_batch_runner/stage28a_exact_trades.csv,session_handoff_imbalance_v1,handoff_align_follow_h13_tp06_sl065,-2.0858250000002045,-3.1358250000002044,-3.835825000000204,0,0,0,1,3.1358250000002044,4.569999999999709,12.110000000000127,0.10982658959536856,12.450000000000273,0.48514056224898244,3.230000000000018,5.1964999999999915,0.024,1.0,,,13,0,12.0,2024
2024-12-17 13:00:00+00:00|-1.0|handoff_align_follow_h13_tp06_sl065,2024-12-17 13:00:00+00:00,STAGE28A,data/reports/stage28a_discovery_factory_batch_runner/stage28a_exact_trades.csv,session_handoff_imbalance_v1,handoff_align_follow_h13_tp06_sl065,1.9138000000001736,0.863800000000174,0.1638000000001742,1,1,1,0,0.863800000000174,20.75,7.650000000000091,0.006535947712442001,19.0300000000002,0.7157120336311195,5.079999999999927,5.214500000000021,0.08,-1.0,,,13,1,12.0,2024
2024-12-19 13:00:00+00:00|1.0|handoff_align_follow_h13_tp06_sl065,2024-12-19 13:00:00+00:00,STAGE28A,data/reports/stage28a_discovery_factory_batch_runner/stage28a_exact_trades.csv,session_handoff_imbalance_v1,handoff_align_follow_h13_tp06_sl065,-3.028324999999859,-4.078324999999859,-4.7783249999998585,0,0,0,1,4.078324999999859,68.09999999999991,35.460000000000036,0.5930626057529661,23.2800000000002,0.4463058419243893,9.039999999999964,10.11400000000001,0.996,1.0,,,13,3,12.0,2024
2024-12-20 13:00:00+00:00|1.0|handoff_align_follow_h13_tp06_sl065,2024-12-20 13:00:00+00:00,STAGE28A,data/reports/stage28a_discovery_factory_batch_runner/stage28a_exact_trades.csv,session_handoff_imbalance_v1,handoff_align_follow_h13_tp06_sl065,1.2202000000001134,0.1702000000001136,-0.5297999999998861,1,0,1,0,0.1702000000001136,43.99000000000024,14.320000000000164,0.3058659217877136,11.180000000000291,0.5661896243291786,2.900000000000091,5.50750000000005,0.164,1.0,,,13,4,12.0,2024
2024-12-23 13:00:00+00:00|1.0|handoff_align_follow_h13_tp06_sl065,2024-12-23 13:00:00+00:00,STAGE28A,data/reports/stage28a_discovery_factory_batch_runner/stage28a_exact_trades.csv,session_handoff_imbalance_v1,handoff_align_follow_h13_tp06_sl065,-2.1417250000000423,-3.191725000000042,-3.891725000000042,0,0,0,1,3.191725000000042,3.1600000000003092,10.0,0.1069999999999709,14.389999999999873,0.44336344683809353,8.039999999999964,5.527000000000044,0.184,1.0,,,13,0,12.0,2024
2024-12-26 13:00:00+00:00|1.0|handoff_align_follow_h13_tp06_sl065,2024-12-26 13:00:00+00:00,STAGE28A,data/reports/stage28a_discovery_factory_batch_runner/stage28a_exact_trades.csv,session_handoff_imbalance_v1,handoff_align_follow_h13_tp06_sl065,-1.5973500000000969,-2.6473500000000967,-3.3473500000000964,0,0,0,0,2.6473500000000967,7.519999999999982,16.299999999999727,0.5539877300613713,6.049999999999727,0.2264462809917277,2.599999999999909,4.40150000000001,0.088,1.0,,,13,3,12.0,2024
2024-12-30 13:00:00+00:00|-1.0|handoff_align_follow_h13_tp06_sl065,2024-12-30 13:00:00+00:00,STAGE28A,data/reports/stage28a_discovery_factory_batch_runner/stage28a_exact_trades.csv,session_handoff_imbalance_v1,handoff_align_follow_h13_tp06_sl065,1.27480000000005,0.2248000000000503,-0.4751999999999494,1,0,1,0,0.2248000000000503,7.4699999999998,9.489999999999782,0.2012644889357111,15.480000000000018,0.7558139534883594,4.789999999999964,5.360000000000014,0.432,-1.0,,,13,0,12.0,2024
2025-01-02 13:00:00+00:00|1.0|handoff_align_follow_h13_tp06_sl065,2025-01-02 13:00:00+00:00,STAGE28A,data/reports/stage28a_discovery_factory_batch_runner/stage28a_exact_trades.csv,session_handoff_imbalance_v1,handoff_align_follow_h13_tp06_sl065,-2.3783250000002227,-3.4283250000002226,-4.128325000000222,0,0,0,1,3.4283250000002226,4.2800000000002,14.769999999999982,0.6899119837508508,15.090000000000146,0.5765407554671792,13.570000000000164,5.480000000000087,0.52,1.0,,,13,3,1.0,2025
2025-01-06 13:00:00+00:00|-1.0|handoff_align_follow_h13_tp06_sl065,2025-01-06 13:00:00+00:00,STAGE28A,data/reports/stage28a_discovery_factory_batch_runner/stage28a_exact_trades.csv,session_handoff_imbalance_v1,handoff_align_follow_h13_tp06_sl065,1.4113000000001192,0.3613000000001194,-0.3386999999998803,1,0,1,0,0.3613000000001194,3.5399999999999636,12.860000000000127,0.43001555209954473,11.090000000000146,0.15148782687103826,4.1599999999998545,5.014499999999998,0.296,-1.0,,,13,0,1.0,2025
2025-01-07 13:00:00+00:00|1.0|handoff_align_follow_h13_tp06_sl065,2025-01-07 13:00:00+00:00,STAGE28A,data/reports/stage28a_discovery_factory_batch_runner/stage28a_exact_trades.csv,session_handoff_imbalance_v1,handoff_align_follow_h13_tp06_sl065,1.1989000000002306,0.1489000000002307,-0.551099999999769,1,0,0,0,0.1489000000002307,35.13000000000011,8.300000000000182,0.4325301204819358,9.7800000000002,0.575664621676891,3.4600000000000364,4.616999999999985,0.212,1.0,,,13,1,1.0,2025
2025-01-10 13:00:00+00:00|1.0|handoff_align_follow_h13_tp06_sl065,2025-01-10 13:00:00+00:00,STAGE28A,data/reports/stage28a_discovery_factory_batch_runner/stage28a_exact_trades.csv,session_handoff_imbalance_v1,handoff_align_follow_h13_tp06_sl065,-2.170000000000164,-3.220000000000164,-3.9200000000001634,0,0,0,1,3.220000000000164,22.809999999999945,6.349999999999909,0.2913385826771552,11.099999999999909,0.827027027027019,4.360000000000127,3.888499999999931,0.008,1.0,,,13,4,1.0,2025
2025-01-13 13:00:00+00:00|-1.0|handoff_align_follow_h13_tp06_sl065,2025-01-13 13:00:00+00:00,STAGE28A,data/reports/stage28a_discovery_factory_batch_runner/stage28a_exact_trades.csv,session_handoff_imbalance_v1,handoff_align_follow_h13_tp06_sl065,1.6402000000001862,0.5902000000001864,-0.1097999999998133,1,0,1,0,0.5902000000001864,5.670000000000073,13.900000000000091,0.39999999999999347,14.190000000000055,0.45031712473571867,7.820000000000164,6.219000000000028,0.756,-1.0,,,13,0,1.0,2025
2025-01-15 13:00:00+00:00|1.0|handoff_align_follow_h13_tp06_sl065,2025-01-15 13:00:00+00:00,STAGE28A,data/reports/stage28a_discovery_factory_batch_runner/stage28a_exact_trades.csv,session_handoff_imbalance_v1,handoff_align_follow_h13_tp06_sl065,1.1100999999997838,0.0600999999997839,-0.6399000000002157,1,0,0,0,0.0600999999997839,18.570000000000164,10.11999999999989,0.001976284584978461,14.450000000000273,0.8761245674740218,4.220000000000255,4.448000000000002,0.08,1.0,,,13,2,1.0,2025
2025-01-16 13:00:00+00:00|1.0|handoff_align_follow_h13_tp06_sl065,2025-01-16 13:00:00+00:00,STAGE28A,data/reports/stage28a_discovery_factory_batch_runner/stage28a_exact_trades.csv,session_handoff_imbalance_v1,handoff_align_follow_h13_tp06_sl065,1.4506000000000312,0.4006000000000314,-0.2993999999999683,1,0,1,0,0.4006000000000314,28.210000000000036,9.349999999999909,0.27593582887700024,18.529999999999745,0.5553157042633624,3.8899999999998727,5.035499999999956,0.192,1.0,,,13,3,1.0,2025
2025-01-20 13:00:00+00:00|1.0|handoff_align_follow_h13_tp06_sl065,2025-01-20 13:00:00+00:00,STAGE28A,data/reports/stage28a_discovery_factory_batch_runner/stage28a_exact_trades.csv,session_handoff_imbalance_v1,handoff_align_follow_h13_tp06_sl065,-2.224275000000125,-3.274275000000125,-3.974275000000125,0,0,0,1,3.274275000000125,11.990000000000236,17.269999999999982,0.5500868558193405,10.960000000000036,0.23448905109486318,4.769999999999982,5.941499999999996,0.632,1.0,,,13,0,1.0,2025
2025-01-22 13:00:00+00:00|1.0|handoff_align_follow_h13_tp06_sl065,2025-01-22 13:00:00+00:00,STAGE28A,data/reports/stage28a_discovery_factory_batch_runner/stage28a_exact_trades.csv,session_handoff_imbalance_v1,handoff_align_follow_h13_tp06_sl065,-2.64320000000007,-3.6932000000000698,-4.3932000000000695,0,0,0,1,3.6932000000000698,43.279999999999745,10.9699999999998,0.711030082041962,17.90000000000009,0.44525139664803126,5.170000000000073,5.861499999999933,0.544,1.0,,,13,2,1.0,2025
2025-01-23 13:00:00+00:00|-1.0|handoff_align_follow_h13_tp06_sl065,2025-01-23 13:00:00+00:00,STAGE28A,data/reports/stage28a_discovery_factory_batch_runner/stage28a_exact_trades.csv,session_handoff_imbalance_v1,handoff_align_follow_h13_tp06_sl065,-2.0949249999999666,-3.1449249999999664,-3.844924999999966,0,0,0,1,3.1449249999999664,21.449999999999818,6.809999999999945,0.5624082232011686,14.75,0.02440677966102558,7.380000000000109,4.288000000000079,0.06,-1.0,,,13,3,1.0,2025
2025-01-24 13:00:00+00:00|1.0|handoff_align_follow_h13_tp06_sl065,2025-01-24 13:00:00+00:00,STAGE28A,data/reports/stage28a_discovery_factory_batch_runner/stage28a_exact_trades.csv,session_handoff_imbalance_v1,handoff_align_follow_h13_tp06_sl065,1.2903999999997722,0.2403999999997723,-0.4596000000002274,1,0,1,0,0.2403999999997723,23.25,23.940000000000055,0.7263993316624826,8.300000000000182,0.44578313253014357,4.7400000000002365,5.724999999999977,0.42,1.0,,,13,4,1.0,2025
2025-01-28 13:00:00+00:00|1.0|handoff_align_follow_h13_tp06_sl065,2025-01-28 13:00:00+00:00,STAGE28A,data/reports/stage28a_discovery_factory_batch_runner/stage28a_exact_trades.csv,session_handoff_imbalance_v1,handoff_align_follow_h13_tp06_sl065,-2.0279750000000605,-3.0779750000000603,-3.77797500000006,0,0,0,1,3.0779750000000603,42.289999999999964,7.579999999999927,0.09366754617414817,10.570000000000164,0.07284768211920245,4.930000000000291,5.334999999999968,0.22,1.0,,,13,1,1.0,2025
2025-01-30 13:00:00+00:00|1.0|handoff_align_follow_h13_tp06_sl065,2025-01-30 13:00:00+00:00,STAGE28A,data/reports/stage28a_discovery_factory_batch_runner/stage28a_exact_trades.csv,session_handoff_imbalance_v1,handoff_align_follow_h13_tp06_sl065,1.278700000000208,0.2287000000002081,-0.4712999999997915,1,0,1,0,0.2287000000002081,21.470000000000255,5.330000000000382,0.035647279549726255,20.539999999999964,0.8695228821811177,5.420000000000073,5.335500000000025,0.344,1.0,,,13,3,1.0,2025
2025-01-31 13:00:00+00:00|-1.0|handoff_align_follow_h13_tp06_sl065,2025-01-31 13:00:00+00:00,STAGE28A,data/reports/stage28a_discovery_factory_batch_runner/stage28a_exact_trades.csv,session_handoff_imbalance_v1,handoff_align_follow_h13_tp06_sl065,1.394799999999941,0.3447999999999411,-0.3552000000000586,1,0,1,0,0.3447999999999411,40.40000000000009,7.369999999999891,0.03799185888734728,10.140000000000327,0.16074950690331377,4.150000000000091,5.239999999999986,0.324,-1.0,,,13,4,1.0,2025
2025-02-04 13:00:00+00:00|1.0|handoff_align_follow_h13_tp06_sl065,2025-02-04 13:00:00+00:00,STAGE28A,data/reports/stage28a_discovery_factory_batch_runner/stage28a_exact_trades.csv,session_handoff_imbalance_v1,handoff_align_follow_h13_tp06_sl065,1.8420999999997547,0.7920999999997549,0.0920999999997551,1,1,1,0,0.7920999999997549,58.19999999999982,13.329999999999927,0.3885971492873458,14.659999999999854,0.29058663028651166,7.200000000000273,6.982500000000073,0.764,1.0,,,13,1,2.0,2025
2025-02-05 13:00:00+00:00|1.0|handoff_align_follow_h13_tp06_sl065,2025-02-05 13:00:00+00:00,STAGE28A,data/reports/stage28a_discovery_factory_batch_runner/stage28a_exact_trades.csv,session_handoff_imbalance_v1,handoff_align_follow_h13_tp06_sl065,1.767699999999786,0.7176999999997862,0.0176999999997864,1,1,1,0,0.7176999999997862,38.25,18.450000000000273,0.7501355013550104,23.690000000000055,0.5293372731110145,10.980000000000018,6.628000000000066,0.696,1.0,,,13,2,2.0,2025
2025-02-06 13:00:00+00:00|-1.0|handoff_align_follow_h13_tp06_sl065,2025-02-06 13:00:00+00:00,STAGE28A,data/reports/stage28a_discovery_factory_batch_runner/stage28a_exact_trades.csv,session_handoff_imbalance_v1,handoff_align_follow_h13_tp06_sl065,-3.026050000000032,-4.076050000000032,-4.776050000000032,0,0,0,1,4.076050000000032,42.960000000000036,9.550000000000182,0.08167539267017647,22.480000000000018,0.4181494661921745,6.110000000000127,7.170500000000016,0.688,-1.0,,,13,3,2.0,2025
2025-02-07 13:00:00+00:00|1.0|handoff_align_follow_h13_tp06_sl065,2025-02-07 13:00:00+00:00,STAGE28A,data/reports/stage28a_discovery_factory_batch_runner/stage28a_exact_trades.csv,session_handoff_imbalance_v1,handoff_align_follow_h13_tp06_sl065,1.3810000000002218,0.331000000000222,-0.3689999999997777,1,0,1,0,0.331000000000222,39.25,15.579999999999927,0.5353016688061736,11.7199999999998,0.09556313993173293,5.779999999999745,5.33599999999999,0.264,1.0,,,13,4,2.0,2025
2025-02-10 13:00:00+00:00|1.0|handoff_align_follow_h13_tp06_sl065,2025-02-10 13:00:00+00:00,STAGE28A,data/reports/stage28a_discovery_factory_batch_runner/stage28a_exact_trades.csv,session_handoff_imbalance_v1,handoff_align_follow_h13_tp06_sl065,1.841499999999905,0.7914999999999055,0.0914999999999057,1,1,1,0,0.7914999999999055,14.0,23.190000000000055,0.5066839154808095,30.40000000000009,0.7578947368421018,8.090000000000146,7.770000000000005,0.764,1.0,,,13,0,2.0,2025
2025-02-11 13:00:00+00:00|-1.0|handoff_align_follow_h13_tp06_sl065,2025-02-11 13:00:00+00:00,STAGE28A,data/reports/stage28a_discovery_factory_batch_runner/stage28a_exact_trades.csv,session_handoff_imbalance_v1,handoff_align_follow_h13_tp06_sl065,2.6199999999998,1.5699999999998,0.8699999999998003,1,1,1,0,1.5699999999998,62.570000000000164,38.029999999999745,0.0381277938469584,27.429999999999836,0.49362012395187915,5.299999999999727,10.384999999999991,0.984,-1.0,,,13,1,2.0,2025
2025-02-17 13:00:00+00:00|1.0|handoff_align_follow_h13_tp06_sl065,2025-02-17 13:00:00+00:00,STAGE28A,data/reports/stage28a_discovery_factory_batch_runner/stage28a_exact_trades.csv,session_handoff_imbalance_v1,handoff_align_follow_h13_tp06_sl065,1.9776999999998224,0.9276999999998226,0.2276999999998228,1,1,1,0,0.9276999999998226,15.88000000000011,26.809999999999945,0.7411413651622673,18.269999999999982,0.20634920634920556,7.489999999999782,9.176499999999942,0.812,1.0,,,13,0,2.0,2025
2025-02-18 13:00:00+00:00|1.0|handoff_align_follow_h13_tp06_sl065,2025-02-18 13:00:00+00:00,STAGE28A,data/reports/stage28a_discovery_factory_batch_runner/stage28a_exact_trades.csv,session_handoff_imbalance_v1,handoff_align_follow_h13_tp06_sl065,1.269099999999889,0.2190999999998895,-0.4809000000001102,1,0,1,0,0.2190999999998895,28.340000000000146,19.059999999999945,0.600734522560328,8.389999999999873,0.07866507747322041,6.429999999999836,4.858000000000038,0.016,1.0,,,13,1,2.0,2025
2025-02-20 13:00:00+00:00|1.0|handoff_align_follow_h13_tp06_sl065,2025-02-20 13:00:00+00:00,STAGE28A,data/reports/stage28a_discovery_factory_batch_runner/stage28a_exact_trades.csv,session_handoff_imbalance_v1,handoff_align_follow_h13_tp06_sl065,-2.287324999999873,-3.3373249999998733,-4.037324999999873,0,0,0,1,3.3373249999998733,28.440000000000055,11.75,0.3948936170213045,15.509999999999764,0.7949709864603556,5.789999999999964,6.62199999999998,0.316,1.0,,,13,3,2.0,2025
2025-02-24 13:00:00+00:00|1.0|handoff_align_follow_h13_tp06_sl065,2025-02-24 13:00:00+00:00,STAGE28A,data/reports/stage28a_discovery_factory_batch_runner/stage28a_exact_trades.csv,session_handoff_imbalance_v1,handoff_align_follow_h13_tp06_sl065,1.6699000000002342,0.6199000000002344,-0.0800999999997653,1,0,1,0,0.6199000000002344,6.440000000000055,23.519999999999982,0.15348639455782867,14.259999999999764,0.15848527349227215,10.2199999999998,7.7345000000000255,0.504,1.0,,,13,0,2.0,2025
2025-02-26 13:00:00+00:00|-1.0|handoff_align_follow_h13_tp06_sl065,2025-02-26 13:00:00+00:00,STAGE28A,data/reports/stage28a_discovery_factory_batch_runner/stage28a_exact_trades.csv,session_handoff_imbalance_v1,handoff_align_follow_h13_tp06_sl065,1.7544999999999162,0.7044999999999164,0.0044999999999166,1,1,1,0,0.7044999999999164,65.84999999999991,17.43000000000029,0.20998278829602945,15.239999999999782,0.1496062992126137,5.800000000000182,9.700000000000045,0.888,-1.0,,,13,2,2.0,2025
2025-02-27 13:00:00+00:00|-1.0|handoff_align_follow_h13_tp06_sl065,2025-02-27 13:00:00+00:00,STAGE28A,data/reports/stage28a_discovery_factory_batch_runner/stage28a_exact_trades.csv,session_handoff_imbalance_v1,handoff_align_follow_h13_tp06_sl065,2.8030000000002477,1.7530000000002477,1.0530000000002475,1,1,1,0,1.7530000000002477,39.42000000000007,24.509999999999764,0.8869849041207667,21.610000000000127,0.2512725590004537,8.100000000000364,7.4455000000000835,0.524,-1.0,,,13,3,2.0,2025
2025-02-28 13:00:00+00:00|-1.0|handoff_align_follow_h13_tp06_sl065,2025-02-28 13:00:00+00:00,STAGE28A,data/reports/stage28a_discovery_factory_batch_runner/stage28a_exact_trades.csv,session_handoff_imbalance_v1,handoff_align_follow_h13_tp06_sl065,1.770100000000093,0.7201000000000932,0.0201000000000934,1,1,1,0,0.7201000000000932,53.149999999999636,28.039999999999964,0.44721825962910056,15.940000000000055,0.04454203262233588,4.230000000000018,7.43900000000001,0.464,-1.0,,,13,4,2.0,2025
2025-03-04 13:00:00+00:00|1.0|handoff_align_follow_h13_tp06_sl065,2025-03-04 13:00:00+00:00,STAGE28A,data/reports/stage28a_discovery_factory_batch_runner/stage28a_exact_trades.csv,session_handoff_imbalance_v1,handoff_align_follow_h13_tp06_sl065,-3.434249999999884,-4.484249999999884,-5.184249999999883,0,0,0,1,4.484249999999884,39.940000000000055,11.83999999999969,0.03378378378375394,36.98000000000002,0.6311519740400252,5.980000000000018,8.387000000000011,0.664,1.0,,,13,1,3.0,2025
2025-03-06 13:00:00+00:00|-1.0|handoff_align_follow_h13_tp06_sl065,2025-03-06 13:00:00+00:00,STAGE28A,data/reports/stage28a_discovery_factory_batch_runner/stage28a_exact_trades.csv,session_handoff_imbalance_v1,handoff_align_follow_h13_tp06_sl065,-3.604875000000084,-4.654875000000084,-5.354875000000083,0,0,0,1,4.654875000000084,35.82999999999993,10.510000000000218,0.08658420551858138,31.970000000000255,0.5711604629339887,13.25,7.8430000000000515,0.36,-1.0,,,13,3,3.0,2025
2025-03-10 13:00:00+00:00|1.0|handoff_align_follow_h13_tp06_sl065,2025-03-10 13:00:00+00:00,STAGE28A,data/reports/stage28a_discovery_factory_batch_runner/stage28a_exact_trades.csv,session_handoff_imbalance_v1,handoff_align_follow_h13_tp06_sl065,-3.428399999999874,-4.4783999999998745,-5.178399999999874,0,0,0,1,4.4783999999998745,7.430000000000291,10.139999999999873,0.0009861932939071404,18.789999999999964,0.4326769558275503,13.099999999999909,7.328499999999986,0.2,1.0,,,13,0,3.0,2025
2025-03-11 13:00:00+00:00|1.0|handoff_align_follow_h13_tp06_sl065,2025-03-11 13:00:00+00:00,STAGE28A,data/reports/stage28a_discovery_factory_batch_runner/stage28a_exact_trades.csv,session_handoff_imbalance_v1,handoff_align_follow_h13_tp06_sl065,1.4893000000000938,0.4393000000000939,-0.2606999999999058,1,0,1,0,0.4393000000000939,38.289999999999964,20.169999999999618,0.4615765989092772,21.789999999999964,0.6608536025699915,3.5,7.216999999999894,0.156,1.0,,,13,1,3.0,2025
2025-03-13 13:00:00+00:00|1.0|handoff_align_follow_h13_tp06_sl065,2025-03-13 13:00:00+00:00,STAGE28A,data/reports/stage28a_discovery_factory_batch_runner/stage28a_exact_trades.csv,session_handoff_imbalance_v1,handoff_align_follow_h13_tp06_sl065,1.4497000000000295,0.3997000000000299,-0.3002999999999698,1,0,1,0,0.3997000000000299,34.40000000000009,14.309999999999945,0.8315863032844261,15.86999999999989,0.043478260869568956,6.4099999999998545,5.7049999999999725,0.044,1.0,,,13,3,3.0,2025
2025-03-18 13:00:00+00:00|1.0|handoff_align_follow_h13_tp06_sl065,2025-03-18 13:00:00+00:00,STAGE28A,data/reports/stage28a_discovery_factory_batch_runner/stage28a_exact_trades.csv,session_handoff_imbalance_v1,handoff_align_follow_h13_tp06_sl065,1.7787999999999555,0.7287999999999557,0.0287999999999559,1,1,1,0,0.7287999999999557,20.670000000000073,17.58999999999969,0.8095508811824919,22.340000000000146,0.4185317815577372,6.230000000000018,5.679999999999995,0.08,1.0,,,13,1,3.0,2025
2025-03-21 13:00:00+00:00|-1.0|handoff_align_follow_h13_tp06_sl065,2025-03-21 13:00:00+00:00,STAGE28A,data/reports/stage28a_discovery_factory_batch_runner/stage28a_exact_trades.csv,session_handoff_imbalance_v1,handoff_align_follow_h13_tp06_sl065,1.5204999999999926,0.4704999999999928,-0.2295000000000069,1,0,1,0,0.4704999999999928,32.0,19.5,0.7379487179487114,13.140000000000327,0.07686453576866005,3.8400000000001455,4.945999999999958,0.004,-1.0,,,13,4,3.0,2025
2025-03-25 13:00:00+00:00|1.0|handoff_align_follow_h13_tp06_sl065,2025-03-25 13:00:00+00:00,STAGE28A,data/reports/stage28a_discovery_factory_batch_runner/stage28a_exact_trades.csv,session_handoff_imbalance_v1,handoff_align_follow_h13_tp06_sl065,1.3198000000001229,0.269800000000123,-0.4301999999998767,1,0,1,0,0.269800000000123,30.789999999999964,8.889999999999873,0.4915635545556753,14.550000000000182,0.5862542955326212,4.1599999999998545,5.54200000000003,0.068,1.0,,,13,1,3.0,2025
2025-03-27 13:00:00+00:00|1.0|handoff_align_follow_h13_tp06_sl065,2025-03-27 13:00:00+00:00,STAGE28A,data/reports/stage28a_discovery_factory_batch_runner/stage28a_exact_trades.csv,session_handoff_imbalance_v1,handoff_align_follow_h13_tp06_sl065,-2.777424999999857,-3.827424999999857,-4.527424999999857,0,0,0,1,3.827424999999857,19.840000000000146,21.110000000000127,0.7607768829938346,29.13000000000011,0.5918297288019283,16.09999999999991,5.74699999999998,0.212,1.0,,,13,3,3.0,2025
2025-03-31 13:00:00+00:00|1.0|handoff_align_follow_h13_tp06_sl065,2025-03-31 13:00:00+00:00,STAGE28A,data/reports/stage28a_discovery_factory_batch_runner/stage28a_exact_trades.csv,session_handoff_imbalance_v1,handoff_align_follow_h13_tp06_sl065,2.747200000000157,1.6972000000001572,0.9972000000001576,1,1,1,0,1.6972000000001572,12.38000000000011,34.820000000000164,0.49109707064904734,22.2199999999998,0.3510351035103419,11.239999999999782,9.588500000000021,0.972,1.0,,,13,0,3.0,2025
2025-04-02 13:00:00+00:00|1.0|handoff_align_follow_h13_tp06_sl065,2025-04-02 13:00:00+00:00,STAGE28A,data/reports/stage28a_discovery_factory_batch_runner/stage28a_exact_trades.csv,session_handoff_imbalance_v1,handoff_align_follow_h13_tp06_sl065,-3.2242999999999484,-4.274299999999949,-4.974299999999948,0,0,0,1,4.274299999999949,48.38000000000011,27.879999999999654,0.5068149210903976,24.329999999999927,0.23386765310316776,4.4699999999998,9.309999999999992,0.884,1.0,,,13,2,4.0,2025
2025-04-04 13:00:00+00:00|-1.0|handoff_align_follow_h13_tp06_sl065,2025-04-04 13:00:00+00:00,STAGE28A,data/reports/stage28a_discovery_factory_batch_runner/stage28a_exact_trades.csv,session_handoff_imbalance_v1,handoff_align_follow_h13_tp06_sl065,3.347500000000218,2.2975000000002184,1.5975000000002186,1,1,1,0,2.2975000000002184,113.61000000000013,29.670000000000073,0.572295247724974,31.329999999999927,0.25247366741143723,12.059999999999945,13.235000000000037,0.868,-1.0,,,13,4,4.0,2025
2025-04-07 13:00:00+00:00|1.0|handoff_align_follow_h13_tp06_sl065,2025-04-07 13:00:00+00:00,STAGE28A,data/reports/stage28a_discovery_factory_batch_runner/stage28a_exact_trades.csv,session_handoff_imbalance_v1,handoff_align_follow_h13_tp06_sl065,5.775999999999749,4.725999999999749,4.025999999999749,1,1,1,0,4.725999999999749,31.919999999999618,84.09999999999991,0.11319857312722939,31.210000000000036,0.19801345722524283,13.6899999999996,26.00549999999989,0.968,1.0,,,13,0,4.0,2025
2025-04-08 13:00:00+00:00|1.0|handoff_align_follow_h13_tp06_sl065,2025-04-08 13:00:00+00:00,STAGE28A,data/reports/stage28a_discovery_factory_batch_runner/stage28a_exact_trades.csv,session_handoff_imbalance_v1,handoff_align_follow_h13_tp06_sl065,3.2031999999998333,2.153199999999833,1.4531999999998335,1,1,1,0,2.153199999999833,99.02999999999975,26.2800000000002,0.3047945205479339,24.710000000000036,0.4900849858356985,12.850000000000364,14.336000000000036,0.708,1.0,,,13,1,4.0,2025
2025-04-09 13:00:00+00:00|1.0|handoff_align_follow_h13_tp06_sl065,2025-04-09 13:00:00+00:00,STAGE28A,data/reports/stage28a_discovery_factory_batch_runner/stage28a_exact_trades.csv,session_handoff_imbalance_v1,handoff_align_follow_h13_tp06_sl065,4.2733000000002,3.2233000000001995,2.5233000000002,1,1,1,0,3.2233000000001995,47.98000000000002,41.13999999999987,0.5486144871171555,52.7800000000002,0.7663887836301566,10.75,14.925000000000045,0.72,1.0,,,13,2,4.0,2025
2025-04-16 13:00:00+00:00|1.0|handoff_align_follow_h13_tp06_sl065,2025-04-16 13:00:00+00:00,STAGE28A,data/reports/stage28a_discovery_factory_batch_runner/stage28a_exact_trades.csv,session_handoff_imbalance_v1,handoff_align_follow_h13_tp06_sl065,3.895899999999892,2.8458999999998924,2.1458999999998927,1,1,1,0,2.8458999999998924,31.389999999999873,51.76000000000022,0.7735703245749574,48.39000000000033,0.4552593511056014,10.7199999999998,11.749999999999977,0.224,1.0,,,13,2,4.0,2025
2025-04-17 13:00:00+00:00|-1.0|handoff_align_follow_h13_tp06_sl065,2025-04-17 13:00:00+00:00,STAGE28A,data/reports/stage28a_discovery_factory_batch_runner/stage28a_exact_trades.csv,session_handoff_imbalance_v1,handoff_align_follow_h13_tp06_sl065,-4.047200000000066,-5.097200000000067,-5.797200000000066,0,0,0,1,5.097200000000067,121.34000000000015,36.90000000000009,0.17723577235772214,32.649999999999636,0.7038284839203759,6.239999999999782,12.475999999999976,0.224,-1.0,,,13,3,4.0,2025
2025-04-21 13:00:00+00:00|1.0|handoff_align_follow_h13_tp06_sl065,2025-04-21 13:00:00+00:00,STAGE28A,data/reports/stage28a_discovery_factory_batch_runner/stage28a_exact_trades.csv,session_handoff_imbalance_v1,handoff_align_follow_h13_tp06_sl065,-3.2941750000000867,-4.344175000000087,-5.044175000000086,0,0,0,1,4.344175000000087,24.230000000000018,56.29999999999973,0.6460035523978698,27.25,0.4565137614678919,6.049999999999727,12.712999999999965,0.252,1.0,,,13,0,4.0,2025
2025-04-24 13:00:00+00:00|1.0|handoff_align_follow_h13_tp06_sl065,2025-04-24 13:00:00+00:00,STAGE28A,data/reports/stage28a_discovery_factory_batch_runner/stage28a_exact_trades.csv,session_handoff_imbalance_v1,handoff_align_follow_h13_tp06_sl065,-5.812599999999838,-6.862599999999839,-7.562599999999838,0,0,0,1,6.862599999999839,126.44999999999982,79.0,0.23063291139240252,28.09999999999991,0.312455516014243,17.419999999999618,19.277500000000053,0.756,1.0,,,13,3,4.0,2025
2025-04-25 13:00:00+00:00|-1.0|handoff_align_follow_h13_tp06_sl065,2025-04-25 13:00:00+00:00,STAGE28A,data/reports/stage28a_discovery_factory_batch_runner/stage28a_exact_trades.csv,session_handoff_imbalance_v1,handoff_align_follow_h13_tp06_sl065,-5.763524999999936,-6.813524999999936,-7.513524999999936,0,0,0,1,6.813524999999936,79.0,48.029999999999745,0.906516760358123,40.48999999999978,0.7698197085700232,16.579999999999927,16.981500000000004,0.668,-1.0,,,13,4,4.0,2025
2025-04-28 13:00:00+00:00|-1.0|handoff_align_follow_h13_tp06_sl065,2025-04-28 13:00:00+00:00,STAGE28A,data/reports/stage28a_discovery_factory_batch_runner/stage28a_exact_trades.csv,session_handoff_imbalance_v1,handoff_align_follow_h13_tp06_sl065,3.6010000000000217,2.551000000000022,1.8510000000000224,1,1,1,0,2.551000000000022,21.850000000000364,62.68000000000029,0.3162093171665615,26.480000000000018,0.6182024169184245,12.800000000000182,16.01350000000009,0.54,-1.0,,,13,0,4.0,2025
2025-04-29 13:00:00+00:00|-1.0|handoff_align_follow_h13_tp06_sl065,2025-04-29 13:00:00+00:00,STAGE28A,data/reports/stage28a_discovery_factory_batch_runner/stage28a_exact_trades.csv,session_handoff_imbalance_v1,handoff_align_follow_h13_tp06_sl065,3.1195000000001527,2.069500000000153,1.3695000000001532,1,1,1,0,2.069500000000153,84.68000000000029,40.26999999999998,0.5495406009436334,19.720000000000255,0.35699797160242763,7.269999999999982,13.547000000000049,0.296,-1.0,,,13,1,4.0,2025
2025-04-30 13:00:00+00:00|-1.0|handoff_align_follow_h13_tp06_sl065,2025-04-30 13:00:00+00:00,STAGE28A,data/reports/stage28a_discovery_factory_batch_runner/stage28a_exact_trades.csv,session_handoff_imbalance_v1,handoff_align_follow_h13_tp06_sl065,-4.5262499999999815,-5.576249999999982,-6.2762499999999815,0,0,0,1,5.576249999999982,48.690000000000055,24.269999999999982,0.5937371240214201,39.57999999999993,0.7271349166245528,11.799999999999727,11.332499999999936,0.14,-1.0,,,13,2,4.0,2025
2025-05-02 13:00:00+00:00|1.0|handoff_align_follow_h13_tp06_sl065,2025-05-02 13:00:00+00:00,STAGE28A,data/reports/stage28a_discovery_factory_batch_runner/stage28a_exact_trades.csv,session_handoff_imbalance_v1,handoff_align_follow_h13_tp06_sl065,2.971599999999762,1.9215999999997624,1.2215999999997624,1,1,1,0,1.9215999999997624,88.20000000000027,31.109999999999673,0.5483767277402805,20.670000000000073,0.49443638122882266,11.980000000000018,11.065999999999985,0.016,1.0,,,13,4,5.0,2025
2025-05-05 13:00:00+00:00|1.0|handoff_align_follow_h13_tp06_sl065,2025-05-05 13:00:00+00:00,STAGE28A,data/reports/stage28a_discovery_factory_batch_runner/stage28a_exact_trades.csv,session_handoff_imbalance_v1,handoff_align_follow_h13_tp06_sl065,3.3906999999998333,2.340699999999833,1.6406999999998335,1,1,1,0,2.340699999999833,7.070000000000164,34.75,0.4330935251798483,55.36000000000013,0.9750722543352582,26.809999999999945,13.4650000000001,0.28,1.0,,,13,0,5.0,2025
2025-05-06 13:00:00+00:00|1.0|handoff_align_follow_h13_tp06_sl065,2025-05-06 13:00:00+00:00,STAGE28A,data/reports/stage28a_discovery_factory_batch_runner/stage28a_exact_trades.csv,session_handoff_imbalance_v1,handoff_align_follow_h13_tp06_sl065,-4.483025000000088,-5.533025000000089,-6.233025000000088,0,0,0,1,5.533025000000089,100.18000000000029,63.51999999999998,0.4711901763224157,32.86999999999989,0.6905993306966807,11.739999999999782,14.196000000000026,0.444,1.0,,,13,1,5.0,2025
2025-05-13 13:00:00+00:00|1.0|handoff_align_follow_h13_tp06_sl065,2025-05-13 13:00:00+00:00,STAGE28A,data/reports/stage28a_discovery_factory_batch_runner/stage28a_exact_trades.csv,session_handoff_imbalance_v1,handoff_align_follow_h13_tp06_sl065,2.764599999999882,1.7145999999998822,1.0145999999998825,1,1,1,0,1.7145999999998822,103.59999999999991,27.399999999999636,0.1021897810219058,30.669999999999618,0.5441799804369176,6.079999999999927,11.865499999999951,0.116,1.0,,,13,1,5.0,2025
2025-05-16 13:00:00+00:00|-1.0|handoff_align_follow_h13_tp06_sl065,2025-05-16 13:00:00+00:00,STAGE28A,data/reports/stage28a_discovery_factory_batch_runner/stage28a_exact_trades.csv,session_handoff_imbalance_v1,handoff_align_follow_h13_tp06_sl065,-5.144399999999768,-6.194399999999769,-6.894399999999768,0,0,0,1,6.194399999999769,131.69000000000005,45.57999999999993,0.8600263273365585,35.88000000000011,0.07413600891861333,9.079999999999927,13.179999999999927,0.332,-1.0,,,13,4,5.0,2025
2025-05-21 13:00:00+00:00|1.0|handoff_align_follow_h13_tp06_sl065,2025-05-21 13:00:00+00:00,STAGE28A,data/reports/stage28a_discovery_factory_batch_runner/stage28a_exact_trades.csv,session_handoff_imbalance_v1,handoff_align_follow_h13_tp06_sl065,3.1588000000000647,2.108800000000065,1.4088000000000651,1,1,1,0,2.108800000000065,92.44000000000005,29.09999999999991,0.3731958762886497,22.159999999999854,0.26579422382673135,6.3400000000001455,11.911499999999933,0.176,1.0,,,13,2,5.0,2025
2025-05-23 13:00:00+00:00|1.0|handoff_align_follow_h13_tp06_sl065,2025-05-23 13:00:00+00:00,STAGE28A,data/reports/stage28a_discovery_factory_batch_runner/stage28a_exact_trades.csv,session_handoff_imbalance_v1,handoff_align_follow_h13_tp06_sl065,2.61309999999994,1.5630999999999404,0.8630999999999407,1,1,1,0,1.5630999999999404,66.07000000000016,21.76000000000022,0.197150735294114,32.4399999999996,0.8187422934648666,9.150000000000091,10.784000000000038,0.168,1.0,,,13,4,5.0,2025
2025-05-27 13:00:00+00:00|-1.0|handoff_align_follow_h13_tp06_sl065,2025-05-27 13:00:00+00:00,STAGE28A,data/reports/stage28a_discovery_factory_batch_runner/stage28a_exact_trades.csv,session_handoff_imbalance_v1,handoff_align_follow_h13_tp06_sl065,4.396300000000247,3.3463000000002467,2.646300000000247,1,1,1,0,3.3463000000002467,33.23999999999978,18.09999999999991,0.3596685082872816,48.90000000000009,0.9141104294478474,14.960000000000036,9.271000000000049,0.096,-1.0,,,13,1,5.0,2025
2025-06-03 13:00:00+00:00|-1.0|handoff_align_follow_h13_tp06_sl065,2025-06-03 13:00:00+00:00,STAGE28A,data/reports/stage28a_discovery_factory_batch_runner/stage28a_exact_trades.csv,session_handoff_imbalance_v1,handoff_align_follow_h13_tp06_sl065,2.9475999999998748,1.897599999999875,1.1975999999998752,1,1,1,0,1.897599999999875,94.19000000000005,32.42000000000007,0.8932757557063532,16.5,0.27636363636363304,7.6599999999998545,9.29100000000003,0.108,-1.0,,,13,1,6.0,2025
2025-06-04 13:00:00+00:00|1.0|handoff_align_follow_h13_tp06_sl065,2025-06-04 13:00:00+00:00,STAGE28A,data/reports/stage28a_discovery_factory_batch_runner/stage28a_exact_trades.csv,session_handoff_imbalance_v1,handoff_align_follow_h13_tp06_sl065,2.5819000000000414,1.5319000000000416,0.8319000000000418,1,1,1,0,1.5319000000000416,59.320000000000164,26.11999999999989,0.07465543644716027,17.25,0.2179710144927663,5.600000000000364,8.997499999999922,0.096,1.0,,,13,2,6.0,2025
2025-06-11 13:00:00+00:00|1.0|handoff_align_follow_h13_tp06_sl065,2025-06-11 13:00:00+00:00,STAGE28A,data/reports/stage28a_discovery_factory_batch_runner/stage28a_exact_trades.csv,session_handoff_imbalance_v1,handoff_align_follow_h13_tp06_sl065,-3.288325000000077,-4.3383250000000775,-5.038325000000077,0,0,0,1,4.3383250000000775,47.15000000000009,26.059999999999945,0.5721412125863349,17.140000000000327,0.3302217036172547,13.240000000000236,9.195500000000015,0.18,1.0,,,13,2,6.0,2025
2025-06-16 13:00:00+00:00|-1.0|handoff_align_follow_h13_tp06_sl065,2025-06-16 13:00:00+00:00,STAGE28A,data/reports/stage28a_discovery_factory_batch_runner/stage28a_exact_trades.csv,session_handoff_imbalance_v1,handoff_align_follow_h13_tp06_sl065,-4.0296500000000375,-5.079650000000038,-5.7796500000000375,0,0,0,1,5.079650000000038,20.269999999999982,23.529999999999745,0.7178070548236317,23.769999999999982,0.8199411022296927,7.589999999999691,10.56049999999998,0.476,-1.0,,,13,0,6.0,2025
2025-06-17 13:00:00+00:00|-1.0|handoff_align_follow_h13_tp06_sl065,2025-06-17 13:00:00+00:00,STAGE28A,data/reports/stage28a_discovery_factory_batch_runner/stage28a_exact_trades.csv,session_handoff_imbalance_v1,handoff_align_follow_h13_tp06_sl065,2.7052000000002407,1.655200000000241,0.9552000000002412,1,1,1,0,1.655200000000241,70.05999999999995,29.539999999999964,0.2599864590386019,20.360000000000127,0.10559921414538691,10.139999999999873,9.720500000000039,0.324,-1.0,,,13,1,6.0,2025
2025-06-19 13:00:00+00:00|-1.0|handoff_align_follow_h13_tp06_sl065,2025-06-19 13:00:00+00:00,STAGE28A,data/reports/stage28a_discovery_factory_batch_runner/stage28a_exact_trades.csv,session_handoff_imbalance_v1,handoff_align_follow_h13_tp06_sl065,3.3828999999999723,2.3328999999999724,1.6328999999999727,1,1,1,0,2.3328999999999724,37.409999999999854,18.40000000000009,0.08641304347826835,27.670000000000073,0.11962414166967607,9.88000000000011,10.623499999999922,0.482,-1.0,,,13,3,6.0,2025
2025-06-20 13:00:00+00:00|-1.0|handoff_align_follow_h13_tp06_sl065,2025-06-20 13:00:00+00:00,STAGE28A,data/reports/stage28a_discovery_factory_batch_runner/stage28a_exact_trades.csv,session_handoff_imbalance_v1,handoff_align_follow_h13_tp06_sl065,2.464600000000155,1.414600000000155,0.7146000000001553,1,1,1,0,1.414600000000155,40.36000000000013,25.590000000000146,0.3993747557639602,18.860000000000127,0.01590668080592392,9.909999999999854,8.579500000000076,0.096,-1.0,,,13,4,6.0,2025
2025-06-23 13:00:00+00:00|-1.0|handoff_align_follow_h13_tp06_sl065,2025-06-23 13:00:00+00:00,STAGE28A,data/reports/stage28a_discovery_factory_batch_runner/stage28a_exact_trades.csv,session_handoff_imbalance_v1,handoff_align_follow_h13_tp06_sl065,-3.2977500000002693,-4.34775000000027,-5.047750000000269,0,0,0,1,4.34775000000027,23.81999999999971,44.409999999999854,0.3560009006980409,21.91000000000031,0.14696485623002073,7.350000000000364,9.581000000000017,0.356,-1.0,,,13,0,6.0,2025
2025-06-24 13:00:00+00:00|-1.0|handoff_align_follow_h13_tp06_sl065,2025-06-24 13:00:00+00:00,STAGE28A,data/reports/stage28a_discovery_factory_batch_runner/stage28a_exact_trades.csv,session_handoff_imbalance_v1,handoff_align_follow_h13_tp06_sl065,-4.461899999999877,-5.511899999999878,-6.211899999999877,0,0,0,1,5.511899999999878,49.309999999999945,36.75,0.08408163265306519,37.289999999999964,0.9155269509251784,10.820000000000164,12.75750000000005,0.852,-1.0,,,13,1,6.0,2025
2025-06-26 13:00:00+00:00|1.0|handoff_align_follow_h13_tp06_sl065,2025-06-26 13:00:00+00:00,STAGE28A,data/reports/stage28a_discovery_factory_batch_runner/stage28a_exact_trades.csv,session_handoff_imbalance_v1,handoff_align_follow_h13_tp06_sl065,1.8445000000000615,0.7945000000000619,0.0945000000000622,1,1,1,0,0.7945000000000619,25.09999999999991,13.859999999999673,0.3448773448773675,19.23999999999978,0.12577962577963098,9.980000000000018,7.567000000000053,0.08,1.0,,,13,3,6.0,2025
2025-06-27 13:00:00+00:00|-1.0|handoff_align_follow_h13_tp06_sl065,2025-06-27 13:00:00+00:00,STAGE28A,data/reports/stage28a_discovery_factory_batch_runner/stage28a_exact_trades.csv,session_handoff_imbalance_v1,handoff_align_follow_h13_tp06_sl065,3.049300000000039,1.9993000000000396,1.2993000000000396,1,1,1,0,1.9993000000000396,40.289999999999964,35.63000000000011,0.7605950042099305,19.050000000000182,0.6068241469816187,7.5300000000002,8.739000000000033,0.208,-1.0,,,13,4,6.0,2025
2025-06-30 13:00:00+00:00|1.0|handoff_align_follow_h13_tp06_sl065,2025-06-30 13:00:00+00:00,STAGE28A,data/reports/stage28a_discovery_factory_batch_runner/stage28a_exact_trades.csv,session_handoff_imbalance_v1,handoff_align_follow_h13_tp06_sl065,-3.1654749999998786,-4.215474999999879,-4.915474999999878,0,0,0,1,4.215474999999879,33.51999999999998,34.99000000000024,0.43498142326379396,19.809999999999945,0.4437152953054007,11.679999999999836,10.642500000000018,0.668,1.0,,,13,0,6.0,2025
2025-07-01 13:00:00+00:00|1.0|handoff_align_follow_h13_tp06_sl065,2025-07-01 13:00:00+00:00,STAGE28A,data/reports/stage28a_discovery_factory_batch_runner/stage28a_exact_trades.csv,session_handoff_imbalance_v1,handoff_align_follow_h13_tp06_sl065,-2.8996250000001056,-3.9496250000001054,-4.649625000000105,0,0,0,1,3.9496250000001054,63.93000000000029,20.279999999999745,0.4817554240631215,29.08999999999969,0.8446201443795108,9.88000000000011,7.409500000000071,0.072,1.0,,,13,1,7.0,2025
2025-07-02 13:00:00+00:00|-1.0|handoff_align_follow_h13_tp06_sl065,2025-07-02 13:00:00+00:00,STAGE28A,data/reports/stage28a_discovery_factory_batch_runner/stage28a_exact_trades.csv,session_handoff_imbalance_v1,handoff_align_follow_h13_tp06_sl065,-2.834300000000076,-3.884300000000076,-4.584300000000075,0,0,0,1,3.884300000000076,55.48999999999978,16.179999999999836,0.10074165636589157,16.269999999999982,0.10571604179472997,9.11999999999989,6.954499999999984,0.056,-1.0,,,13,2,7.0,2025
2025-07-04 13:00:00+00:00|1.0|handoff_align_follow_h13_tp06_sl065,2025-07-04 13:00:00+00:00,STAGE28A,data/reports/stage28a_discovery_factory_batch_runner/stage28a_exact_trades.csv,session_handoff_imbalance_v1,handoff_align_follow_h13_tp06_sl065,-2.404650000000038,-3.4546500000000377,-4.1546500000000375,0,0,0,1,3.4546500000000377,54.36999999999989,15.200000000000273,0.6059210526315705,12.009999999999764,0.32556203164029407,10.0,6.044500000000039,0.012,1.0,,,13,4,7.0,2025
2025-07-07 13:00:00+00:00|-1.0|handoff_align_follow_h13_tp06_sl065,2025-07-07 13:00:00+00:00,STAGE28A,data/reports/stage28a_discovery_factory_batch_runner/stage28a_exact_trades.csv,session_handoff_imbalance_v1,handoff_align_follow_h13_tp06_sl065,2.1060999999998784,1.0560999999998786,0.3560999999998788,1,1,1,0,1.0560999999998786,10.329999999999927,36.67000000000007,0.6152167984728634,14.470000000000255,0.13407049067032245,5.799999999999727,8.152499999999964,0.46,-1.0,,,13,0,7.0,2025
2025-07-08 13:00:00+00:00|-1.0|handoff_align_follow_h13_tp06_sl065,2025-07-08 13:00:00+00:00,STAGE28A,data/reports/stage28a_discovery_factory_batch_runner/stage28a_exact_trades.csv,session_handoff_imbalance_v1,handoff_align_follow_h13_tp06_sl065,1.8693999999999504,0.8193999999999506,0.1193999999999508,1,1,1,0,0.8193999999999506,46.31999999999971,16.210000000000036,0.5077112893275756,18.2800000000002,0.5202407002188246,5.579999999999927,6.630999999999995,0.088,-1.0,,,13,1,7.0,2025
2025-07-09 13:00:00+00:00|-1.0|handoff_align_follow_h13_tp06_sl065,2025-07-09 13:00:00+00:00,STAGE28A,data/reports/stage28a_discovery_factory_batch_runner/stage28a_exact_trades.csv,session_handoff_imbalance_v1,handoff_align_follow_h13_tp06_sl065,-3.022474999999849,-4.07247499999985,-4.772474999999849,0,0,0,1,4.07247499999985,58.720000000000255,23.039999999999964,0.36067708333333154,15.109999999999673,0.2766379880873545,5.960000000000036,8.421499999999947,0.604,-1.0,,,13,2,7.0,2025
2025-07-15 13:00:00+00:00|1.0|handoff_align_follow_h13_tp06_sl065,2025-07-15 13:00:00+00:00,STAGE28A,data/reports/stage28a_discovery_factory_batch_runner/stage28a_exact_trades.csv,session_handoff_imbalance_v1,handoff_align_follow_h13_tp06_sl065,-2.8027750000002016,-3.8527750000002015,-4.552775000000201,0,0,0,1,3.8527750000002015,34.059999999999945,17.06999999999971,0.7158758055067641,9.0,0.6077777777777555,6.110000000000127,5.974000000000046,0.04,1.0,,,13,1,7.0,2025
2025-07-16 13:00:00+00:00|1.0|handoff_align_follow_h13_tp06_sl065,2025-07-16 13:00:00+00:00,STAGE28A,data/reports/stage28a_discovery_factory_batch_runner/stage28a_exact_trades.csv,session_handoff_imbalance_v1,handoff_align_follow_h13_tp06_sl065,1.1914000000000668,0.141400000000067,-0.5585999999999327,1,0,0,0,0.141400000000067,46.159999999999854,11.390000000000327,0.678665496049148,10.139999999999873,0.5601577909270574,3.8099999999999454,6.712999999999965,0.128,1.0,,,13,2,7.0,2025
2025-07-17 13:00:00+00:00|-1.0|handoff_align_follow_h13_tp06_sl065,2025-07-17 13:00:00+00:00,STAGE28A,data/reports/stage28a_discovery_factory_batch_runner/stage28a_exact_trades.csv,session_handoff_imbalance_v1,handoff_align_follow_h13_tp06_sl065,-2.9045000000001893,-3.954500000000189,-4.654500000000189,0,0,0,1,3.954500000000189,57.909999999999854,16.170000000000073,0.5009276437847787,20.009999999999764,0.7901049475262435,7.769999999999982,9.837000000000035,0.956,-1.0,,,13,3,7.0,2025
2025-07-21 13:00:00+00:00|1.0|handoff_align_follow_h13_tp06_sl065,2025-07-21 13:00:00+00:00,STAGE28A,data/reports/stage28a_discovery_factory_batch_runner/stage28a_exact_trades.csv,session_handoff_imbalance_v1,handoff_align_follow_h13_tp06_sl065,-2.200550000000112,-3.250550000000112,-3.950550000000112,0,0,0,1,3.250550000000112,5.199999999999818,13.569999999999709,0.25718496683860403,20.029999999999745,0.7393909136295623,3.5900000000001455,5.412499999999886,0.004,1.0,,,13,0,7.0,2025
2025-07-22 13:00:00+00:00|-1.0|handoff_align_follow_h13_tp06_sl065,2025-07-22 13:00:00+00:00,STAGE28A,data/reports/stage28a_discovery_factory_batch_runner/stage28a_exact_trades.csv,session_handoff_imbalance_v1,handoff_align_follow_h13_tp06_sl065,-2.0257000000002336,-3.075700000000233,-3.775700000000233,0,0,0,1,3.075700000000233,56.7199999999998,17.450000000000273,0.38739255014327295,9.409999999999854,0.6992561105207257,6.070000000000164,6.11550000000002,0.132,-1.0,,,13,1,7.0,2025
2025-07-24 13:00:00+00:00|-1.0|handoff_align_follow_h13_tp06_sl065,2025-07-24 13:00:00+00:00,STAGE28A,data/reports/stage28a_discovery_factory_batch_runner/stage28a_exact_trades.csv,session_handoff_imbalance_v1,handoff_align_follow_h13_tp06_sl065,-3.2363249999999426,-4.286324999999943,-4.986324999999942,0,0,0,1,4.286324999999943,57.620000000000346,18.539999999999964,0.1564185544768121,23.389999999999873,0.8610517315092107,8.049999999999727,8.378999999999929,0.768,-1.0,,,13,3,7.0,2025
2025-07-25 13:00:00+00:00|-1.0|handoff_align_follow_h13_tp06_sl065,2025-07-25 13:00:00+00:00,STAGE28A,data/reports/stage28a_discovery_factory_batch_runner/stage28a_exact_trades.csv,session_handoff_imbalance_v1,handoff_align_follow_h13_tp06_sl065,1.797399999999834,0.7473999999998342,0.0473999999998344,1,1,1,0,0.7473999999998342,41.970000000000255,14.789999999999964,0.6544962812711197,20.38000000000011,0.6506378802747641,5.799999999999727,6.113999999999964,0.144,-1.0,,,13,4,7.0,2025
2025-07-30 13:00:00+00:00|1.0|handoff_align_follow_h13_tp06_sl065,2025-07-30 13:00:00+00:00,STAGE28A,data/reports/stage28a_discovery_factory_batch_runner/stage28a_exact_trades.csv,session_handoff_imbalance_v1,handoff_align_follow_h13_tp06_sl065,1.7413000000000465,0.6913000000000467,-0.008699999999953,1,0,1,0,0.6913000000000467,26.38000000000011,11.730000000000018,0.06308610400684019,10.860000000000127,0.2651933701657528,4.890000000000327,6.377500000000078,0.176,1.0,,,13,2,7.0,2025
2025-07-31 13:00:00+00:00|1.0|handoff_align_follow_h13_tp06_sl065,2025-07-31 13:00:00+00:00,STAGE28A,data/reports/stage28a_discovery_factory_batch_runner/stage28a_exact_trades.csv,session_handoff_imbalance_v1,handoff_align_follow_h13_tp06_sl065,-3.2541999999999462,-4.3041999999999465,-5.004199999999946,0,0,0,1,4.3041999999999465,65.80000000000018,24.590000000000146,0.6547376982513141,21.06999999999971,0.5495965828191783,8.260000000000218,8.957500000000072,0.872,1.0,,,13,3,7.0,2025
2025-08-05 13:00:00+00:00|-1.0|handoff_align_follow_h13_tp06_sl065,2025-08-05 13:00:00+00:00,STAGE28A,data/reports/stage28a_discovery_factory_batch_runner/stage28a_exact_trades.csv,session_handoff_imbalance_v1,handoff_align_follow_h13_tp06_sl065,-2.7293249999998808,-3.7793249999998806,-4.47932499999988,0,0,0,1,3.7793249999998806,40.25999999999976,10.429999999999836,0.2550335570470135,16.519999999999982,0.7481840193704686,7.330000000000382,5.739000000000033,0.016,-1.0,,,13,1,8.0,2025
2025-08-06 13:00:00+00:00|-1.0|handoff_align_follow_h13_tp06_sl065,2025-08-06 13:00:00+00:00,STAGE28A,data/reports/stage28a_discovery_factory_batch_runner/stage28a_exact_trades.csv,session_handoff_imbalance_v1,handoff_align_follow_h13_tp06_sl065,1.7910999999998238,0.741099999999824,0.0410999999998242,1,1,1,0,0.741099999999824,40.220000000000255,12.699999999999818,0.4,20.40000000000009,0.7725490196078504,9.559999999999945,6.420500000000016,0.072,-1.0,,,13,2,8.0,2025
2025-08-08 13:00:00+00:00|-1.0|handoff_align_follow_h13_tp06_sl065,2025-08-08 13:00:00+00:00,STAGE28A,data/reports/stage28a_discovery_factory_batch_runner/stage28a_exact_trades.csv,session_handoff_imbalance_v1,handoff_align_follow_h13_tp06_sl065,-3.293200000000161,-4.343200000000161,-5.04320000000016,0,0,0,1,4.343200000000161,41.5,27.710000000000036,0.3471670876939689,15.539999999999964,0.30630630630632105,7.320000000000164,9.961499999999978,0.876,-1.0,,,13,4,8.0,2025
2025-08-11 13:00:00+00:00|-1.0|handoff_align_follow_h13_tp06_sl065,2025-08-11 13:00:00+00:00,STAGE28A,data/reports/stage28a_discovery_factory_batch_runner/stage28a_exact_trades.csv,session_handoff_imbalance_v1,handoff_align_follow_h13_tp06_sl065,2.809599999999955,1.759599999999955,1.0595999999999552,1,1,1,0,1.759599999999955,14.559999999999945,37.40000000000009,0.4558823529411681,27.259999999999764,0.9233308877476263,10.58999999999969,10.402999999999953,0.832,-1.0,,,13,0,8.0,2025
2025-08-18 13:00:00+00:00|1.0|handoff_align_follow_h13_tp06_sl065,2025-08-18 13:00:00+00:00,STAGE28A,data/reports/stage28a_discovery_factory_batch_runner/stage28a_exact_trades.csv,session_handoff_imbalance_v1,handoff_align_follow_h13_tp06_sl065,-2.586974999999802,-3.636974999999802,-4.336974999999802,0,0,0,1,3.636974999999802,6.019999999999982,28.190000000000055,0.4522880454061715,13.799999999999727,0.07608695652172086,4.070000000000164,7.169500000000039,0.34,1.0,,,13,0,8.0,2025
2025-08-19 13:00:00+00:00|1.0|handoff_align_follow_h13_tp06_sl065,2025-08-19 13:00:00+00:00,STAGE28A,data/reports/stage28a_discovery_factory_batch_runner/stage28a_exact_trades.csv,session_handoff_imbalance_v1,handoff_align_follow_h13_tp06_sl065,-2.2073750000000474,-3.257375000000047,-3.957375000000047,0,0,0,1,3.257375000000047,34.79999999999973,15.579999999999927,0.21694480102696564,7.289999999999964,0.20301783264746578,2.699999999999818,4.820999999999981,0.004,1.0,,,13,1,8.0,2025
2025-08-20 13:00:00+00:00|1.0|handoff_align_follow_h13_tp06_sl065,2025-08-20 13:00:00+00:00,STAGE28A,data/reports/stage28a_discovery_factory_batch_runner/stage28a_exact_trades.csv,session_handoff_imbalance_v1,handoff_align_follow_h13_tp06_sl065,-2.029924999999912,-3.079924999999912,-3.779924999999912,0,0,0,1,3.079924999999912,30.36999999999989,7.0300000000002,0.09246088193457645,10.38000000000011,0.8333333333333334,3.9299999999998363,5.073000000000002,0.028,1.0,,,13,2,8.0,2025
2025-08-21 13:00:00+00:00|-1.0|handoff_align_follow_h13_tp06_sl065,2025-08-21 13:00:00+00:00,STAGE28A,data/reports/stage28a_discovery_factory_batch_runner/stage28a_exact_trades.csv,session_handoff_imbalance_v1,handoff_align_follow_h13_tp06_sl065,1.17579999999989,0.1257999999998902,-0.5742000000001095,1,0,0,0,0.1257999999998902,38.88999999999987,12.33999999999969,0.793354943273923,7.849999999999909,0.09044585987261715,4.1599999999998545,4.661500000000001,0.012,-1.0,,,13,3,8.0,2025
2025-08-22 13:00:00+00:00|-1.0|handoff_align_follow_h13_tp06_sl065,2025-08-22 13:00:00+00:00,STAGE28A,data/reports/stage28a_discovery_factory_batch_runner/stage28a_exact_trades.csv,session_handoff_imbalance_v1,handoff_align_follow_h13_tp06_sl065,1.434099999999853,0.3840999999998531,-0.3159000000001466,1,0,1,0,0.3840999999998531,26.9699999999998,9.139999999999873,0.7647702407002553,9.659999999999854,0.1946169772256871,3.4200000000000728,4.6944999999999935,0.016,-1.0,,,13,4,8.0,2025
2025-08-26 13:00:00+00:00|1.0|handoff_align_follow_h13_tp06_sl065,2025-08-26 13:00:00+00:00,STAGE28A,data/reports/stage28a_discovery_factory_batch_runner/stage28a_exact_trades.csv,session_handoff_imbalance_v1,handoff_align_follow_h13_tp06_sl065,1.9032999999998537,0.8532999999998538,0.1532999999998541,1,1,1,0,0.8532999999998538,16.389999999999873,35.129999999999654,0.22687161969826014,12.58999999999969,0.030182684670346602,8.9699999999998,8.00849999999998,0.816,1.0,,,13,1,8.0,2025
2025-08-29 13:00:00+00:00|-1.0|handoff_align_follow_h13_tp06_sl065,2025-08-29 13:00:00+00:00,STAGE28A,data/reports/stage28a_discovery_factory_batch_runner/stage28a_exact_trades.csv,session_handoff_imbalance_v1,handoff_align_follow_h13_tp06_sl065,-1.9281999999999244,-2.978199999999924,-3.678199999999924,0,0,0,0,2.978199999999924,38.56999999999971,10.489999999999782,0.5633937082936108,8.269999999999982,0.44740024183800253,4.260000000000218,4.737499999999931,0.04,-1.0,,,13,4,8.0,2025
2025-09-01 13:00:00+00:00|1.0|handoff_align_follow_h13_tp06_sl065,2025-09-01 13:00:00+00:00,STAGE28A,data/reports/stage28a_discovery_factory_batch_runner/stage28a_exact_trades.csv,session_handoff_imbalance_v1,handoff_align_follow_h13_tp06_sl065,-3.793699999999808,-4.843699999999808,-5.543699999999808,0,0,0,1,4.843699999999808,10.070000000000164,48.98000000000002,0.49407921600653865,22.579999999999927,0.22630646589903206,9.819999999999709,10.550000000000022,0.984,1.0,,,13,0,9.0,2025
2025-09-03 13:00:00+00:00|1.0|handoff_align_follow_h13_tp06_sl065,2025-09-03 13:00:00+00:00,STAGE28A,data/reports/stage28a_discovery_factory_batch_runner/stage28a_exact_trades.csv,session_handoff_imbalance_v1,handoff_align_follow_h13_tp06_sl065,2.015800000000036,0.9658000000000356,0.265800000000036,1,1,1,0,0.9658000000000356,70.11000000000013,20.48999999999978,0.07369448511467934,14.86999999999989,0.24277067921991619,7.869999999999891,9.721500000000015,0.856,1.0,,,13,2,9.0,2025
2025-09-09 13:00:00+00:00|1.0|handoff_align_follow_h13_tp06_sl065,2025-09-09 13:00:00+00:00,STAGE28A,data/reports/stage28a_discovery_factory_batch_runner/stage28a_exact_trades.csv,session_handoff_imbalance_v1,handoff_align_follow_h13_tp06_sl065,-4.16354999999985,-5.2135499999998505,-5.91354999999985,0,0,0,1,5.2135499999998505,67.81999999999971,26.2800000000002,0.6255707762556878,22.7199999999998,0.3371478873239602,8.900000000000091,8.972499999999991,0.48,1.0,,,13,1,9.0,2025
2025-09-10 13:00:00+00:00|1.0|handoff_align_follow_h13_tp06_sl065,2025-09-10 13:00:00+00:00,STAGE28A,data/reports/stage28a_discovery_factory_batch_runner/stage28a_exact_trades.csv,session_handoff_imbalance_v1,handoff_align_follow_h13_tp06_sl065,2.0911000000000057,1.041100000000006,0.3411000000000062,1,1,1,0,1.041100000000006,48.75999999999976,21.710000000000036,0.044679871027167126,19.68000000000029,0.9563008130081243,11.020000000000437,10.254500000000053,0.644,1.0,,,13,2,9.0,2025
2025-09-11 13:00:00+00:00|-1.0|handoff_align_follow_h13_tp06_sl065,2025-09-11 13:00:00+00:00,STAGE28A,data/reports/stage28a_discovery_factory_batch_runner/stage28a_exact_trades.csv,session_handoff_imbalance_v1,handoff_align_follow_h13_tp06_sl065,2.696800000000076,1.6468000000000758,0.946800000000076,1,1,1,0,1.6468000000000758,38.68000000000029,19.309999999999945,0.40963231486275903,23.88000000000011,0.43467336683417346,12.049999999999727,8.210999999999967,0.268,-1.0,,,13,3,9.0,2025
2025-09-16 13:00:00+00:00|1.0|handoff_align_follow_h13_tp06_sl065,2025-09-16 13:00:00+00:00,STAGE28A,data/reports/stage28a_discovery_factory_batch_runner/stage28a_exact_trades.csv,session_handoff_imbalance_v1,handoff_align_follow_h13_tp06_sl065,-2.7956249999998364,-3.845624999999836,-4.545624999999836,0,0,0,1,3.845624999999836,58.88000000000011,14.720000000000255,0.1555706521739079,18.590000000000146,0.9214631522323816,5.820000000000164,7.810000000000014,0.148,1.0,,,13,1,9.0,2025
2025-09-17 13:00:00+00:00|-1.0|handoff_align_follow_h13_tp06_sl065,2025-09-17 13:00:00+00:00,STAGE28A,data/reports/stage28a_discovery_factory_batch_runner/stage28a_exact_trades.csv,session_handoff_imbalance_v1,handoff_align_follow_h13_tp06_sl065,-3.36989999999978,-4.41989999999978,-5.119899999999779,0,0,0,1,4.41989999999978,28.450000000000273,21.039999999999964,0.4857414448669115,23.460000000000036,0.5920716112531906,7.080000000000382,6.962500000000023,0.112,-1.0,,,13,2,9.0,2025
2025-09-19 13:00:00+00:00|1.0|handoff_align_follow_h13_tp06_sl065,2025-09-19 13:00:00+00:00,STAGE28A,data/reports/stage28a_discovery_factory_batch_runner/stage28a_exact_trades.csv,session_handoff_imbalance_v1,handoff_align_follow_h13_tp06_sl065,-2.9415500000000976,-3.9915500000000974,-4.691550000000097,0,0,0,1,3.9915500000000974,45.320000000000164,24.13000000000011,0.551181102362191,17.690000000000055,0.28886376483889836,3.5700000000001637,7.592000000000098,0.204,1.0,,,13,4,9.0,2025
2025-09-22 13:00:00+00:00|1.0|handoff_align_follow_h13_tp06_sl065,2025-09-22 13:00:00+00:00,STAGE28A,data/reports/stage28a_discovery_factory_batch_runner/stage28a_exact_trades.csv,session_handoff_imbalance_v1,handoff_align_follow_h13_tp06_sl065,2.635299999999825,1.5852999999998247,0.885299999999825,1,1,1,0,1.5852999999998247,8.700000000000273,13.7800000000002,0.5079825834542742,36.529999999999745,0.7601970982754074,7.379999999999654,8.426499999999987,0.384,1.0,,,13,0,9.0,2025
2025-09-23 13:00:00+00:00|1.0|handoff_align_follow_h13_tp06_sl065,2025-09-23 13:00:00+00:00,STAGE28A,data/reports/stage28a_discovery_factory_batch_runner/stage28a_exact_trades.csv,session_handoff_imbalance_v1,handoff_align_follow_h13_tp06_sl065,-4.175899999999819,-5.22589999999982,-5.925899999999819,0,0,0,1,5.22589999999982,65.05000000000018,22.389999999999873,0.2880750334970904,48.059999999999945,0.7973366625052062,16.890000000000327,9.975999999999953,0.8,1.0,,,13,1,9.0,2025
2025-09-29 13:00:00+00:00|1.0|handoff_align_follow_h13_tp06_sl065,2025-09-29 13:00:00+00:00,STAGE28A,data/reports/stage28a_discovery_factory_batch_runner/stage28a_exact_trades.csv,session_handoff_imbalance_v1,handoff_align_follow_h13_tp06_sl065,3.3936999999999897,2.34369999999999,1.6436999999999902,1,1,1,0,2.34369999999999,14.63000000000011,43.039999999999964,0.5534386617100309,27.38000000000011,0.4755295836376892,12.670000000000073,12.45499999999995,0.912,1.0,,,13,0,9.0,2025
2025-10-01 13:00:00+00:00|1.0|handoff_align_follow_h13_tp06_sl065,2025-10-01 13:00:00+00:00,STAGE28A,data/reports/stage28a_discovery_factory_batch_runner/stage28a_exact_trades.csv,session_handoff_imbalance_v1,handoff_align_follow_h13_tp06_sl065,-4.413474999999925,-5.463474999999926,-6.163474999999925,0,0,0,1,5.463474999999926,78.48999999999978,21.0,0.0890476190476355,42.070000000000164,0.6467791775612058,11.659999999999854,11.985500000000002,0.7,1.0,,,13,2,10.0,2025
2025-10-02 13:00:00+00:00|1.0|handoff_align_follow_h13_tp06_sl065,2025-10-02 13:00:00+00:00,STAGE28A,data/reports/stage28a_discovery_factory_batch_runner/stage28a_exact_trades.csv,session_handoff_imbalance_v1,handoff_align_follow_h13_tp06_sl065,2.7148000000001047,1.6648000000001049,0.9648000000001052,1,1,1,0,1.6648000000001049,42.070000000000164,17.580000000000382,0.24857792946531573,17.940000000000055,0.696209587513921,6.289999999999964,10.726999999999999,0.46,1.0,,,13,3,10.0,2025
2025-10-06 13:00:00+00:00|1.0|handoff_align_follow_h13_tp06_sl065,2025-10-06 13:00:00+00:00,STAGE28A,data/reports/stage28a_discovery_factory_batch_runner/stage28a_exact_trades.csv,session_handoff_imbalance_v1,handoff_align_follow_h13_tp06_sl065,3.9342999999998023,2.884299999999803,2.184299999999803,1,1,1,0,2.884299999999803,17.269999999999982,47.940000000000055,0.6191072173550229,27.0,0.47259259259260067,8.389999999999873,12.964000000000055,0.816,1.0,,,13,0,10.0,2025
2025-10-08 13:00:00+00:00|1.0|handoff_align_follow_h13_tp06_sl065,2025-10-08 13:00:00+00:00,STAGE28A,data/reports/stage28a_discovery_factory_batch_runner/stage28a_exact_trades.csv,session_handoff_imbalance_v1,handoff_align_follow_h13_tp06_sl065,-4.19052500000007,-5.240525000000071,-5.94052500000007,0,0,0,1,5.240525000000071,50.070000000000164,33.5,0.750447761194026,34.840000000000146,0.9916762342135357,18.720000000000255,11.9265000000001,0.42,1.0,,,13,2,10.0,2025
2025-10-09 13:00:00+00:00|1.0|handoff_align_follow_h13_tp06_sl065,2025-10-09 13:00:00+00:00,STAGE28A,data/reports/stage28a_discovery_factory_batch_runner/stage28a_exact_trades.csv,session_handoff_imbalance_v1,handoff_align_follow_h13_tp06_sl065,2.778700000000208,1.7287000000002082,1.0287000000002084,1,1,1,0,1.7287000000002082,76.17000000000007,39.840000000000146,0.13453815261044447,20.940000000000055,0.5076408787010546,7.730000000000018,15.73900000000001,0.94,1.0,,,13,3,10.0,2025
2025-10-13 13:00:00+00:00|1.0|handoff_align_follow_h13_tp06_sl065,2025-10-13 13:00:00+00:00,STAGE28A,data/reports/stage28a_discovery_factory_batch_runner/stage28a_exact_trades.csv,session_handoff_imbalance_v1,handoff_align_follow_h13_tp06_sl065,3.830499999999938,2.7804999999999382,2.0804999999999385,1,1,1,0,2.7804999999999382,46.13000000000011,61.30000000000018,0.15595432300162998,28.690000000000055,0.882886023004527,9.370000000000346,21.93100000000002,0.952,1.0,,,13,0,10.0,2025
2025-10-15 13:00:00+00:00|1.0|handoff_align_follow_h13_tp06_sl065,2025-10-15 13:00:00+00:00,STAGE28A,data/reports/stage28a_discovery_factory_batch_runner/stage28a_exact_trades.csv,session_handoff_imbalance_v1,handoff_align_follow_h13_tp06_sl065,-6.200975000000289,-7.25097500000029,-7.950975000000289,0,0,0,1,7.25097500000029,89.0300000000002,50.0600000000004,0.5687175389532566,53.57999999999993,0.10246360582308135,47.43000000000029,17.262500000000045,0.688,1.0,,,13,2,10.0,2025
2025-10-21 13:00:00+00:00|-1.0|handoff_align_follow_h13_tp06_sl065,2025-10-21 13:00:00+00:00,STAGE28A,data/reports/stage28a_discovery_factory_batch_runner/stage28a_exact_trades.csv,session_handoff_imbalance_v1,handoff_align_follow_h13_tp06_sl065,8.885499999999775,7.835499999999774,7.135499999999775,1,1,1,0,7.835499999999774,162.71999999999935,42.36000000000058,0.4952785646836467,102.25,0.796479217603908,23.349999999999454,24.80199999999986,0.836,-1.0,,,13,1,10.0,2025
2025-10-27 13:00:00+00:00|-1.0|handoff_align_follow_h13_tp06_sl065,2025-10-27 13:00:00+00:00,STAGE28A,data/reports/stage28a_discovery_factory_batch_runner/stage28a_exact_trades.csv,session_handoff_imbalance_v1,handoff_align_follow_h13_tp06_sl065,-7.619925000000057,-8.669925000000058,-9.369925000000055,0,0,0,1,8.669925000000058,47.210000000000036,55.55000000000018,0.6064806480648136,60.00999999999976,0.5222462922846237,18.759999999999764,22.817499999999974,0.476,-1.0,,,13,0,10.0,2025
2025-10-28 13:00:00+00:00|-1.0|handoff_align_follow_h13_tp06_sl065,2025-10-28 13:00:00+00:00,STAGE28A,data/reports/stage28a_discovery_factory_batch_runner/stage28a_exact_trades.csv,session_handoff_imbalance_v1,handoff_align_follow_h13_tp06_sl065,-8.682675000000108,-9.732675000000109,-10.432675000000108,0,0,0,1,9.732675000000109,137.97000000000025,55.86000000000013,0.19638381668457267,93.62000000000035,0.5054475539414653,30.68000000000029,23.399000000000022,0.512,-1.0,,,13,1,10.0,2025
2025-10-30 13:00:00+00:00|1.0|handoff_align_follow_h13_tp06_sl065,2025-10-30 13:00:00+00:00,STAGE28A,data/reports/stage28a_discovery_factory_batch_runner/stage28a_exact_trades.csv,session_handoff_imbalance_v1,handoff_align_follow_h13_tp06_sl065,6.310899999999856,5.260899999999856,4.560899999999856,1,1,1,0,5.260899999999856,114.34000000000015,67.13000000000011,0.6272903321912715,64.69999999999982,0.1791344667697091,27.230000000000018,27.245499999999993,0.704,1.0,,,13,3,10.0,2025
2025-11-05 13:00:00+00:00|1.0|handoff_align_follow_h13_tp06_sl065,2025-11-05 13:00:00+00:00,STAGE28A,data/reports/stage28a_discovery_factory_batch_runner/stage28a_exact_trades.csv,session_handoff_imbalance_v1,handoff_align_follow_h13_tp06_sl065,4.084000000000197,3.0340000000001965,2.334000000000197,1,1,1,0,3.0340000000001965,77.37999999999965,44.4399999999996,0.800405040504051,31.25,0.18431999999999243,15.75,15.218499999999972,0.024,1.0,,,13,2,11.0,2025
2025-11-06 13:00:00+00:00|1.0|handoff_align_follow_h13_tp06_sl065,2025-11-06 13:00:00+00:00,STAGE28A,data/reports/stage28a_discovery_factory_batch_runner/stage28a_exact_trades.csv,session_handoff_imbalance_v1,handoff_align_follow_h13_tp06_sl065,2.8762000000000625,1.8262000000000629,1.126200000000063,1,1,1,0,1.8262000000000629,61.58999999999969,25.949999999999818,0.5865125240847748,34.51999999999998,0.571552723059097,7.070000000000164,10.239000000000033,0.004,1.0,,,13,3,11.0,2025
2025-11-07 13:00:00+00:00|1.0|handoff_align_follow_h13_tp06_sl065,2025-11-07 13:00:00+00:00,STAGE28A,data/reports/stage28a_discovery_factory_batch_runner/stage28a_exact_trades.csv,session_handoff_imbalance_v1,handoff_align_follow_h13_tp06_sl065,2.888800000000083,1.838800000000083,1.1388000000000833,1,1,1,0,1.838800000000083,54.86000000000013,29.389999999999873,0.31813542021095437,22.179999999999836,0.42605951307483714,6.610000000000127,11.209000000000037,0.044,1.0,,,13,4,11.0,2025
2025-11-10 13:00:00+00:00|1.0|handoff_align_follow_h13_tp06_sl065,2025-11-10 13:00:00+00:00,STAGE28A,data/reports/stage28a_discovery_factory_batch_runner/stage28a_exact_trades.csv,session_handoff_imbalance_v1,handoff_align_follow_h13_tp06_sl065,3.4918000000001483,2.4418000000001485,1.7418000000001488,1,1,1,0,2.4418000000001485,14.260000000000218,58.99000000000024,0.7174097304627902,35.89000000000033,0.7419894120925011,7.380000000000109,13.820500000000015,0.22,1.0,,,13,0,11.0,2025
2025-11-13 13:00:00+00:00|1.0|handoff_align_follow_h13_tp06_sl065,2025-11-13 13:00:00+00:00,STAGE28A,data/reports/stage28a_discovery_factory_batch_runner/stage28a_exact_trades.csv,session_handoff_imbalance_v1,handoff_align_follow_h13_tp06_sl065,-5.443399999999746,-6.493399999999747,-7.193399999999746,0,0,0,1,6.493399999999747,112.90999999999985,39.74000000000069,0.4574735782586579,37.099999999999454,0.4256064690027007,18.549999999999272,18.722999999999956,0.772,1.0,,,13,3,11.0,2025
2025-11-20 13:00:00+00:00|-1.0|handoff_align_follow_h13_tp06_sl065,2025-11-20 13:00:00+00:00,STAGE28A,data/reports/stage28a_discovery_factory_batch_runner/stage28a_exact_trades.csv,session_handoff_imbalance_v1,handoff_align_follow_h13_tp06_sl065,-7.42102500000019,-8.471025000000191,-9.17102500000019,0,0,0,1,8.471025000000191,76.84000000000015,69.11999999999944,0.4225983796296336,39.01000000000022,0.403229941040757,9.940000000000055,21.13399999999997,0.876,-1.0,,,13,3,11.0,2025
2025-11-21 13:00:00+00:00|-1.0|handoff_align_follow_h13_tp06_sl065,2025-11-21 13:00:00+00:00,STAGE28A,data/reports/stage28a_discovery_factory_batch_runner/stage28a_exact_trades.csv,session_handoff_imbalance_v1,handoff_align_follow_h13_tp06_sl065,6.1516000000000535,5.101600000000053,4.4016000000000535,1,1,1,0,5.101600000000053,71.87999999999965,40.929999999999836,0.6594185194234031,42.33000000000038,0.3534136546184716,20.389999999999873,19.463499999999975,0.6,-1.0,,,13,4,11.0,2025
2025-11-25 13:00:00+00:00|-1.0|handoff_align_follow_h13_tp06_sl065,2025-11-25 13:00:00+00:00,STAGE28A,data/reports/stage28a_discovery_factory_batch_runner/stage28a_exact_trades.csv,session_handoff_imbalance_v1,handoff_align_follow_h13_tp06_sl065,4.771299999999792,3.721299999999792,3.0212999999997923,1,1,1,0,3.721299999999792,104.51000000000022,33.219999999999345,0.08940397350991583,43.210000000000036,0.21939365887525006,11.259999999999309,15.99549999999997,0.284,-1.0,,,13,1,11.0,2025
2025-11-26 13:00:00+00:00|1.0|handoff_align_follow_h13_tp06_sl065,2025-11-26 13:00:00+00:00,STAGE28A,data/reports/stage28a_discovery_factory_batch_runner/stage28a_exact_trades.csv,session_handoff_imbalance_v1,handoff_align_follow_h13_tp06_sl065,3.3655000000002477,2.3155000000002475,1.6155000000002475,1,1,1,0,2.3155000000002475,50.42999999999938,39.88000000000011,0.7096288866599826,21.81999999999971,0.08340971585699969,9.090000000000146,12.598499999999785,0.012,1.0,,,13,2,11.0,2025
2025-12-01 13:00:00+00:00|1.0|handoff_align_follow_h13_tp06_sl065,2025-12-01 13:00:00+00:00,STAGE28A,data/reports/stage28a_discovery_factory_batch_runner/stage28a_exact_trades.csv,session_handoff_imbalance_v1,handoff_align_follow_h13_tp06_sl065,3.4306000000000494,2.3806000000000496,1.6806000000000498,1,1,1,0,2.3806000000000496,24.699999999999818,50.460000000000036,0.4783987316686546,46.55000000000018,0.2212674543501446,13.3100000000004,17.146500000000106,0.476,1.0,,,13,0,12.0,2025
2025-12-02 13:00:00+00:00|-1.0|handoff_align_follow_h13_tp06_sl065,2025-12-02 13:00:00+00:00,STAGE28A,data/reports/stage28a_discovery_factory_batch_runner/stage28a_exact_trades.csv,session_handoff_imbalance_v1,handoff_align_follow_h13_tp06_sl065,-5.297799999999915,-6.347799999999916,-7.047799999999915,0,0,0,1,6.347799999999916,58.76000000000022,36.529999999999745,0.24035039693404642,44.98999999999978,0.7317181595910254,9.960000000000036,13.937500000000046,0.248,-1.0,,,13,1,12.0,2025
2025-12-05 13:00:00+00:00|1.0|handoff_align_follow_h13_tp06_sl065,2025-12-05 13:00:00+00:00,STAGE28A,data/reports/stage28a_discovery_factory_batch_runner/stage28a_exact_trades.csv,session_handoff_imbalance_v1,handoff_align_follow_h13_tp06_sl065,-3.0572500000003857,-4.107250000000386,-4.807250000000385,0,0,0,1,4.107250000000386,44.17000000000007,22.579999999999927,0.47387068201952004,16.470000000000255,0.37279902853674757,4.950000000000728,8.892500000000108,0.044,1.0,,,13,4,12.0,2025
2025-12-10 13:00:00+00:00|-1.0|handoff_align_follow_h13_tp06_sl065,2025-12-10 13:00:00+00:00,STAGE28A,data/reports/stage28a_discovery_factory_batch_runner/stage28a_exact_trades.csv,session_handoff_imbalance_v1,handoff_align_follow_h13_tp06_sl065,2.232999999999629,1.182999999999629,0.4829999999996293,1,1,1,0,1.182999999999629,51.150000000000546,15.0,0.25533333333332847,26.73999999999978,0.5145848915482547,8.529999999999745,9.297500000000037,0.1,-1.0,,,13,2,12.0,2025
2025-12-15 13:00:00+00:00|1.0|handoff_align_follow_h13_tp06_sl065,2025-12-15 13:00:00+00:00,STAGE28A,data/reports/stage28a_discovery_factory_batch_runner/stage28a_exact_trades.csv,session_handoff_imbalance_v1,handoff_align_follow_h13_tp06_sl065,2.492800000000352,1.4428000000003522,0.7428000000003525,1,1,1,0,1.4428000000003522,13.710000000000036,35.11000000000058,0.6693249786385534,25.270000000000437,0.5385833003561673,10.5,13.16550000000002,0.452,1.0,,,13,0,12.0,2025
2025-12-16 13:00:00+00:00|-1.0|handoff_align_follow_h13_tp06_sl065,2025-12-16 13:00:00+00:00,STAGE28A,data/reports/stage28a_discovery_factory_batch_runner/stage28a_exact_trades.csv,session_handoff_imbalance_v1,handoff_align_follow_h13_tp06_sl065,-4.040375000000131,-5.090375000000131,-5.790375000000131,0,0,0,1,5.090375000000131,64.84000000000015,37.07000000000062,0.4086862692203772,20.51000000000022,0.5724037055094908,9.199999999999818,13.560000000000173,0.568,-1.0,,,13,1,12.0,2025
2025-12-18 13:00:00+00:00|-1.0|handoff_align_follow_h13_tp06_sl065,2025-12-18 13:00:00+00:00,STAGE28A,data/reports/stage28a_discovery_factory_batch_runner/stage28a_exact_trades.csv,session_handoff_imbalance_v1,handoff_align_follow_h13_tp06_sl065,2.135200000000077,1.0852000000000772,0.3852000000000775,1,1,1,0,1.0852000000000772,47.26000000000022,18.51000000000022,0.390059427336584,16.73999999999978,0.3912783751493045,5.690000000000509,10.159999999999991,0.116,-1.0,,,13,3,12.0,2025
2025-12-22 13:00:00+00:00|1.0|handoff_align_follow_h13_tp06_sl065,2025-12-22 13:00:00+00:00,STAGE28A,data/reports/stage28a_discovery_factory_batch_runner/stage28a_exact_trades.csv,session_handoff_imbalance_v1,handoff_align_follow_h13_tp06_sl065,2.8167999999999664,1.7667999999999666,1.0667999999999669,1,1,1,0,1.7667999999999666,18.1200000000008,62.840000000000146,0.6877784850413774,23.599999999999454,0.4338983050847851,9.609999999999673,11.659000000000015,0.336,1.0,,,13,0,12.0,2025
2025-12-24 13:00:00+00:00|-1.0|handoff_align_follow_h13_tp06_sl065,2025-12-24 13:00:00+00:00,STAGE28A,data/reports/stage28a_discovery_factory_batch_runner/stage28a_exact_trades.csv,session_handoff_imbalance_v1,handoff_align_follow_h13_tp06_sl065,3.773199999999997,2.723199999999997,2.023199999999997,1,1,1,0,2.723199999999997,75.19000000000051,54.51000000000022,0.07228031553842569,22.300000000000182,0.43094170403585624,17.61999999999989,17.785499999999956,0.936,-1.0,,,13,2,12.0,2025
2025-12-26 13:00:00+00:00|1.0|handoff_align_follow_h13_tp06_sl065,2025-12-26 13:00:00+00:00,STAGE28A,data/reports/stage28a_discovery_factory_batch_runner/stage28a_exact_trades.csv,session_handoff_imbalance_v1,handoff_align_follow_h13_tp06_sl065,3.052000000000044,2.002000000000044,1.302000000000044,1,1,1,0,2.002000000000044,30.289999999999964,61.48999999999978,0.22767929744674012,17.50999999999931,0.311250713877786,12.13000000000011,18.21849999999995,0.904,1.0,,,13,4,12.0,2025
2025-12-29 13:00:00+00:00|-1.0|handoff_align_follow_h13_tp06_sl065,2025-12-29 13:00:00+00:00,STAGE28A,data/reports/stage28a_discovery_factory_batch_runner/stage28a_exact_trades.csv,session_handoff_imbalance_v1,handoff_align_follow_h13_tp06_sl065,-7.8006250000004,-8.8506250000004,-9.5506250000004,0,0,0,1,8.8506250000004,26.170000000000073,76.92000000000007,0.15665626625065224,71.97000000000025,0.7582325969153874,17.44000000000051,24.355500000000074,0.988,-1.0,,,13,0,12.0,2025
2025-12-30 13:00:00+00:00|1.0|handoff_align_follow_h13_tp06_sl065,2025-12-30 13:00:00+00:00,STAGE28A,data/reports/stage28a_discovery_factory_batch_runner/stage28a_exact_trades.csv,session_handoff_imbalance_v1,handoff_align_follow_h13_tp06_sl065,5.162799999999516,4.112799999999515,3.412799999999516,1,1,1,0,4.112799999999515,246.52999999999975,45.98999999999978,0.38704066101326956,41.36000000000058,0.5118471953578282,23.890000000000327,20.83650000000016,0.868,1.0,,,13,1,12.0,2025
2025-12-31 13:00:00+00:00|-1.0|handoff_align_follow_h13_tp06_sl065,2025-12-31 13:00:00+00:00,STAGE28A,data/reports/stage28a_discovery_factory_batch_runner/stage28a_exact_trades.csv,session_handoff_imbalance_v1,handoff_align_follow_h13_tp06_sl065,6.081099999999788,5.031099999999787,4.331099999999788,1,1,1,0,5.031099999999787,80.57999999999993,44.35999999999967,0.13841298467086255,68.73999999999978,0.3840558626709299,27.550000000000182,25.217499999999973,0.92,-1.0,,,13,2,12.0,2025
2026-01-02 13:00:00+00:00|1.0|handoff_align_follow_h13_tp06_sl065,2026-01-02 13:00:00+00:00,STAGE28A,data/reports/stage28a_discovery_factory_batch_runner/stage28a_exact_trades.csv,session_handoff_imbalance_v1,handoff_align_follow_h13_tp06_sl065,3.226299999999719,2.1762999999997192,1.4762999999997195,1,1,1,0,2.1762999999997192,26.88000000000011,54.08000000000084,0.4567307692307588,27.51000000000022,0.8269720101781105,14.020000000000437,15.186500000000024,0.456,1.0,,,13,4,1.0,2026
2026-01-05 13:00:00+00:00|1.0|handoff_align_follow_h13_tp06_sl065,2026-01-05 13:00:00+00:00,STAGE28A,data/reports/stage28a_discovery_factory_batch_runner/stage28a_exact_trades.csv,session_handoff_imbalance_v1,handoff_align_follow_h13_tp06_sl065,-4.229525000000285,-5.279525000000286,-5.979525000000285,0,0,0,1,5.279525000000286,30.640000000000327,74.94000000000051,0.425540432345866,38.8100000000004,0.8294254058232226,9.029999999999745,16.90100000000002,0.484,1.0,,,13,0,1.0,2026
2026-01-07 13:00:00+00:00|-1.0|handoff_align_follow_h13_tp06_sl065,2026-01-07 13:00:00+00:00,STAGE28A,data/reports/stage28a_discovery_factory_batch_runner/stage28a_exact_trades.csv,session_handoff_imbalance_v1,handoff_align_follow_h13_tp06_sl065,3.720099999999911,2.6700999999999118,1.970099999999912,1,1,1,0,2.6700999999999118,69.30999999999949,40.720000000000255,0.7094793713163101,33.11999999999989,0.011171497584537804,8.900000000000546,15.482000000000061,0.284,-1.0,,,13,2,1.0,2026
2026-01-12 13:00:00+00:00|1.0|handoff_align_follow_h13_tp06_sl065,2026-01-12 13:00:00+00:00,STAGE28A,data/reports/stage28a_discovery_factory_batch_runner/stage28a_exact_trades.csv,session_handoff_imbalance_v1,handoff_align_follow_h13_tp06_sl065,-4.605549999999857,-5.655549999999858,-6.355549999999857,0,0,0,1,5.655549999999858,31.800000000000182,87.85999999999967,0.32540405190075405,33.039999999999964,0.7760290556900559,9.340000000000146,21.8,0.764,1.0,,,13,0,1.0,2026
2026-01-13 13:00:00+00:00|-1.0|handoff_align_follow_h13_tp06_sl065,2026-01-13 13:00:00+00:00,STAGE28A,data/reports/stage28a_discovery_factory_batch_runner/stage28a_exact_trades.csv,session_handoff_imbalance_v1,handoff_align_follow_h13_tp06_sl065,-4.6601500000002485,-5.710150000000249,-6.4101500000002485,0,0,0,1,5.710150000000249,116.96000000000004,32.23000000000047,0.0896680111697265,28.42999999999938,0.3496306718255619,7.829999999999927,15.20250000000001,0.184,-1.0,,,13,1,1.0,2026
2026-01-14 13:00:00+00:00|1.0|handoff_align_follow_h13_tp06_sl065,2026-01-14 13:00:00+00:00,STAGE28A,data/reports/stage28a_discovery_factory_batch_runner/stage28a_exact_trades.csv,session_handoff_imbalance_v1,handoff_align_follow_h13_tp06_sl065,-4.402749999999832,-5.452749999999833,-6.152749999999832,0,0,0,1,5.452749999999833,64.76999999999953,42.88000000000011,0.705457089552237,21.579999999999927,0.15848007414272866,10.30999999999949,16.248499999999968,0.396,1.0,,,13,2,1.0,2026
2026-01-16 13:00:00+00:00|-1.0|handoff_align_follow_h13_tp06_sl065,2026-01-16 13:00:00+00:00,STAGE28A,data/reports/stage28a_discovery_factory_batch_runner/stage28a_exact_trades.csv,session_handoff_imbalance_v1,handoff_align_follow_h13_tp06_sl065,3.7389999999999417,2.688999999999942,1.988999999999942,1,1,1,0,2.688999999999942,51.470000000000255,29.23999999999978,0.3081395348837307,21.81999999999971,0.04353803849678418,11.319999999999709,12.791500000000088,0.012,-1.0,,,13,4,1.0,2026
2026-01-20 13:00:00+00:00|1.0|handoff_align_follow_h13_tp06_sl065,2026-01-20 13:00:00+00:00,STAGE28A,data/reports/stage28a_discovery_factory_batch_runner/stage28a_exact_trades.csv,session_handoff_imbalance_v1,handoff_align_follow_h13_tp06_sl065,-4.814200000000346,-5.864200000000347,-6.564200000000346,0,0,0,1,5.864200000000347,70.75,37.38999999999942,0.7983418026210438,43.05000000000018,0.726596980255529,11.769999999999527,11.975499999999874,0.068,1.0,,,13,1,1.0,2026
2026-01-22 13:00:00+00:00|1.0|handoff_align_follow_h13_tp06_sl065,2026-01-22 13:00:00+00:00,STAGE28A,data/reports/stage28a_discovery_factory_batch_runner/stage28a_exact_trades.csv,session_handoff_imbalance_v1,handoff_align_follow_h13_tp06_sl065,3.972400000000016,2.922400000000016,2.2224000000000164,1,1,1,0,2.922400000000016,132.3699999999999,62.81999999999971,0.306431072906719,44.42000000000007,0.716343989194049,12.259999999999309,30.707500000000028,0.94,1.0,,,13,3,1.0,2026
2026-01-23 13:00:00+00:00|-1.0|handoff_align_follow_h13_tp06_sl065,2026-01-23 13:00:00+00:00,STAGE28A,data/reports/stage28a_discovery_factory_batch_runner/stage28a_exact_trades.csv,session_handoff_imbalance_v1,handoff_align_follow_h13_tp06_sl065,-7.585800000000381,-8.635800000000382,-9.33580000000038,0,0,0,1,8.635800000000382,187.47999999999956,36.32999999999993,0.07349298100743402,67.39999999999964,0.3921364985163269,16.6899999999996,22.539999999999964,0.78,-1.0,,,13,4,1.0,2026
2026-01-26 13:00:00+00:00|1.0|handoff_align_follow_h13_tp06_sl065,2026-01-26 13:00:00+00:00,STAGE28A,data/reports/stage28a_discovery_factory_batch_runner/stage28a_exact_trades.csv,session_handoff_imbalance_v1,handoff_align_follow_h13_tp06_sl065,-7.456125000000247,-8.506125000000248,-9.206125000000249,0,0,0,1,8.506125000000248,37.909999999999854,90.77999999999975,0.33718880810752,58.66999999999916,0.36475200272713226,16.4399999999996,25.635999999999967,0.88,1.0,,,13,0,1.0,2026
2026-01-27 13:00:00+00:00|1.0|handoff_align_follow_h13_tp06_sl065,2026-01-27 13:00:00+00:00,STAGE28A,data/reports/stage28a_discovery_factory_batch_runner/stage28a_exact_trades.csv,session_handoff_imbalance_v1,handoff_align_follow_h13_tp06_sl065,-6.362499999999818,-7.412499999999818,-8.112499999999818,0,0,0,1,7.412499999999818,120.89999999999964,66.71999999999935,0.3625599520383805,43.279999999999745,0.441543438077629,16.399999999999636,33.254499999999915,0.948,1.0,,,13,1,1.0,2026
2026-01-28 13:00:00+00:00|1.0|handoff_align_follow_h13_tp06_sl065,2026-01-28 13:00:00+00:00,STAGE28A,data/reports/stage28a_discovery_factory_batch_runner/stage28a_exact_trades.csv,session_handoff_imbalance_v1,handoff_align_follow_h13_tp06_sl065,8.051499999999942,7.001499999999941,6.301499999999942,1,1,1,0,7.001499999999941,177.47999999999956,91.47000000000025,0.8015742866513557,70.05000000000018,0.3504639543183327,16.449999999999818,28.926500000000125,0.84,1.0,,,13,2,1.0,2026
2026-01-30 13:00:00+00:00|-1.0|handoff_align_follow_h13_tp06_sl065,2026-01-30 13:00:00+00:00,STAGE28A,data/reports/stage28a_discovery_factory_batch_runner/stage28a_exact_trades.csv,session_handoff_imbalance_v1,handoff_align_follow_h13_tp06_sl065,31.307500000000253,30.257500000000256,29.557500000000253,1,1,1,0,30.257500000000256,494.8599999999997,338.6199999999999,0.661360817435473,297.4300000000003,0.3163433412903878,121.40999999999985,108.37899999999995,1.0,-1.0,,,13,4,1.0,2026
2026-02-03 13:00:00+00:00|1.0|handoff_align_follow_h13_tp06_sl065,2026-02-03 13:00:00+00:00,STAGE28A,data/reports/stage28a_discovery_factory_batch_runner/stage28a_exact_trades.csv,session_handoff_imbalance_v1,handoff_align_follow_h13_tp06_sl065,-14.74522500000021,-15.79522500000021,-16.49522500000021,0,0,0,1,15.79522500000021,481.1899999999996,189.4900000000007,0.18222597498548535,139.53999999999996,0.6661889064067655,27.98999999999978,66.50050000000006,0.728,1.0,,,13,1,2.0,2026
2026-02-05 13:00:00+00:00|-1.0|handoff_align_follow_h13_tp06_sl065,2026-02-05 13:00:00+00:00,STAGE28A,data/reports/stage28a_discovery_factory_batch_runner/stage28a_exact_trades.csv,session_handoff_imbalance_v1,handoff_align_follow_h13_tp06_sl065,15.326800000000183,14.276800000000184,13.576800000000183,1,1,1,0,14.276800000000184,239.94999999999982,234.41000000000076,0.6337613583038263,116.44999999999982,0.11592958351223719,38.779999999999745,60.45800000000004,0.704,-1.0,,,13,3,2.0,2026
2026-02-06 13:00:00+00:00|1.0|handoff_align_follow_h13_tp06_sl065,2026-02-06 13:00:00+00:00,STAGE28A,data/reports/stage28a_discovery_factory_batch_runner/stage28a_exact_trades.csv,session_handoff_imbalance_v1,handoff_align_follow_h13_tp06_sl065,-14.052975000000153,-15.102975000000152,-15.802975000000153,0,0,0,1,15.102975000000152,320.3100000000004,191.01000000000022,0.5794461022983098,95.03999999999996,0.6758207070707027,28.18000000000029,61.26499999999987,0.672,1.0,,,13,4,2.0,2026
2026-02-09 13:00:00+00:00|-1.0|handoff_align_follow_h13_tp06_sl065,2026-02-09 13:00:00+00:00,STAGE28A,data/reports/stage28a_discovery_factory_batch_runner/stage28a_exact_trades.csv,session_handoff_imbalance_v1,handoff_align_follow_h13_tp06_sl065,-10.338875000000009,-11.388875000000008,-12.088875000000009,0,0,0,1,11.388875000000008,81.67000000000007,81.67000000000007,0.2937431125260164,62.659999999999854,0.33482285349506097,32.469999999999345,35.83349999999996,0.272,-1.0,,,13,0,2.0,2026
2026-02-11 13:00:00+00:00|1.0|handoff_align_follow_h13_tp06_sl065,2026-02-11 13:00:00+00:00,STAGE28A,data/reports/stage28a_discovery_factory_batch_runner/stage28a_exact_trades.csv,session_handoff_imbalance_v1,handoff_align_follow_h13_tp06_sl065,-6.915324999999575,-7.965324999999575,-8.665324999999575,0,0,0,1,7.965324999999575,90.59999999999945,36.149999999999636,0.11009681881052595,57.410000000000764,0.814318063055206,38.44000000000051,22.60649999999996,0.004,1.0,,,13,2,2.0,2026
2026-02-12 13:00:00+00:00|1.0|handoff_align_follow_h13_tp06_sl065,2026-02-12 13:00:00+00:00,STAGE28A,data/reports/stage28a_discovery_factory_batch_runner/stage28a_exact_trades.csv,session_handoff_imbalance_v1,handoff_align_follow_h13_tp06_sl065,5.003500000000168,3.953500000000168,3.253500000000168,1,1,1,0,3.953500000000168,99.52999999999975,54.75999999999931,0.13951789627466077,33.48999999999978,0.22066288444312857,21.0,22.683999999999834,0.012,1.0,,,13,3,2.0,2026
2026-02-17 13:00:00+00:00|-1.0|handoff_align_follow_h13_tp06_sl065,2026-02-17 13:00:00+00:00,STAGE28A,data/reports/stage28a_discovery_factory_batch_runner/stage28a_exact_trades.csv,session_handoff_imbalance_v1,handoff_align_follow_h13_tp06_sl065,6.825400000000082,5.775400000000081,5.075400000000082,1,1,1,0,5.775400000000081,84.22000000000025,77.25,0.4779288025889977,91.84000000000015,0.4317290940766603,31.599999999999454,25.8724999999999,0.184,-1.0,,,13,1,2.0,2026
2026-02-19 13:00:00+00:00|1.0|handoff_align_follow_h13_tp06_sl065,2026-02-19 13:00:00+00:00,STAGE28A,data/reports/stage28a_discovery_factory_batch_runner/stage28a_exact_trades.csv,session_handoff_imbalance_v1,handoff_align_follow_h13_tp06_sl065,-5.8659000000003285,-6.915900000000329,-7.615900000000328,0,0,0,1,6.915900000000329,156.84000000000015,28.07000000000062,0.2921268257926483,40.33000000000084,0.22737416315397677,14.44000000000051,16.48700000000008,0.004,1.0,,,13,3,2.0,2026
2026-02-20 13:00:00+00:00|1.0|handoff_align_follow_h13_tp06_sl065,2026-02-20 13:00:00+00:00,STAGE28A,data/reports/stage28a_discovery_factory_batch_runner/stage28a_exact_trades.csv,session_handoff_imbalance_v1,handoff_align_follow_h13_tp06_sl065,-6.432049999999981,-7.482049999999981,-8.18204999999998,0,0,0,1,7.482049999999981,61.32000000000062,32.899999999999636,0.36413373860181447,44.55999999999949,0.7773788150807858,18.900000000000546,18.425000000000047,0.084,1.0,,,13,4,2.0,2026
2026-02-23 13:00:00+00:00|-1.0|handoff_align_follow_h13_tp06_sl065,2026-02-23 13:00:00+00:00,STAGE28A,data/reports/stage28a_discovery_factory_batch_runner/stage28a_exact_trades.csv,session_handoff_imbalance_v1,handoff_align_follow_h13_tp06_sl065,-6.982274999999936,-8.032274999999936,-8.732274999999936,0,0,0,1,8.032274999999936,72.84000000000015,77.53999999999996,0.0517152437451549,40.94999999999982,0.05225885225883828,18.169999999999163,26.22649999999994,0.464,-1.0,,,13,0,2.0,2026
2026-02-25 13:00:00+00:00|1.0|handoff_align_follow_h13_tp06_sl065,2026-02-25 13:00:00+00:00,STAGE28A,data/reports/stage28a_discovery_factory_batch_runner/stage28a_exact_trades.csv,session_handoff_imbalance_v1,handoff_align_follow_h13_tp06_sl065,4.429599999999846,3.379599999999846,2.679599999999846,1,1,1,0,3.379599999999846,155.44999999999982,71.0,0.506197183098586,40.400000000000546,0.19306930693069496,25.0,22.19850000000006,0.336,1.0,,,13,2,2.0,2026
2026-02-27 13:00:00+00:00|-1.0|handoff_align_follow_h13_tp06_sl065,2026-02-27 13:00:00+00:00,STAGE28A,data/reports/stage28a_discovery_factory_batch_runner/stage28a_exact_trades.csv,session_handoff_imbalance_v1,handoff_align_follow_h13_tp06_sl065,-4.592874999999912,-5.642874999999913,-6.342874999999912,0,0,0,1,5.642874999999913,74.60999999999967,32.68000000000029,0.08353733170136012,31.48999999999978,0.1292473801206649,12.0600000000004,19.138000000000055,0.152,-1.0,,,13,4,2.0,2026
2026-03-04 13:00:00+00:00|1.0|handoff_align_follow_h13_tp06_sl065,2026-03-04 13:00:00+00:00,STAGE28A,data/reports/stage28a_discovery_factory_batch_runner/stage28a_exact_trades.csv,session_handoff_imbalance_v1,handoff_align_follow_h13_tp06_sl065,8.353300000000127,7.303300000000126,6.603300000000127,1,1,1,0,7.303300000000126,382.7999999999993,105.97000000000025,0.29508351420212753,79.67000000000007,0.4089368645663348,22.420000000000073,38.758499999999955,0.904,1.0,,,13,2,3.0,2026
2026-03-09 13:00:00+00:00|1.0|handoff_align_follow_h13_tp06_sl065,2026-03-09 13:00:00+00:00,STAGE28A,data/reports/stage28a_discovery_factory_batch_runner/stage28a_exact_trades.csv,session_handoff_imbalance_v1,handoff_align_follow_h13_tp06_sl065,-9.146124999999849,-10.196124999999848,-10.896124999999849,0,0,0,1,10.196124999999848,147.64000000000033,176.90999999999985,0.08184952800859469,59.55000000000018,0.053064651553313934,26.69000000000051,42.99500000000021,0.876,1.0,,,13,0,3.0,2026
2026-03-10 13:00:00+00:00|1.0|handoff_align_follow_h13_tp06_sl065,2026-03-10 13:00:00+00:00,STAGE28A,data/reports/stage28a_discovery_factory_batch_runner/stage28a_exact_trades.csv,session_handoff_imbalance_v1,handoff_align_follow_h13_tp06_sl065,-6.728450000000157,-7.778450000000157,-8.478450000000157,0,0,0,1,7.778450000000157,176.90999999999985,69.05000000000018,0.35235336712526955,38.60999999999967,0.3504273504273468,27.339999999999236,21.969500000000018,0.148,1.0,,,13,1,3.0,2026
2026-03-12 13:00:00+00:00|1.0|handoff_align_follow_h13_tp06_sl065,2026-03-12 13:00:00+00:00,STAGE28A,data/reports/stage28a_discovery_factory_batch_runner/stage28a_exact_trades.csv,session_handoff_imbalance_v1,handoff_align_follow_h13_tp06_sl065,3.979600000000028,2.929600000000028,2.229600000000028,1,1,1,0,2.929600000000028,89.92000000000007,56.44999999999982,0.14508414526128655,54.350000000000364,0.7308187672493098,15.360000000000582,20.58150000000005,0.096,1.0,,,13,3,3.0,2026
2026-03-23 13:00:00+00:00|-1.0|handoff_align_follow_h13_tp06_sl065,2026-03-23 13:00:00+00:00,STAGE28A,data/reports/stage28a_discovery_factory_batch_runner/stage28a_exact_trades.csv,session_handoff_imbalance_v1,handoff_align_follow_h13_tp06_sl065,34.46829999999991,33.41829999999991,32.71829999999991,1,1,1,0,33.41829999999991,86.35999999999967,216.32999999999993,0.4497758054823659,280.8600000000006,0.3504949084953336,39.779999999999745,75.86650000000004,1.0,-1.0,,,13,0,3.0,2026
2026-03-30 13:00:00+00:00|1.0|handoff_align_follow_h13_tp06_sl065,2026-03-30 13:00:00+00:00,STAGE28A,data/reports/stage28a_discovery_factory_batch_runner/stage28a_exact_trades.csv,session_handoff_imbalance_v1,handoff_align_follow_h13_tp06_sl065,6.853599999999824,5.803599999999824,5.103599999999824,1,1,1,0,5.803599999999824,39.409999999999854,97.78999999999996,0.1155537376009836,64.01999999999953,0.5651358950328109,16.920000000000073,34.23499999999994,0.448,1.0,,,13,0,3.0,2026
2026-03-31 13:00:00+00:00|1.0|handoff_align_follow_h13_tp06_sl065,2026-03-31 13:00:00+00:00,STAGE28A,data/reports/stage28a_discovery_factory_batch_runner/stage28a_exact_trades.csv,session_handoff_imbalance_v1,handoff_align_follow_h13_tp06_sl065,-7.560449999999582,-8.610449999999583,-9.310449999999582,0,0,0,1,8.610449999999583,160.84999999999945,136.60000000000036,0.3423865300146369,37.849999999999454,0.04042272126815766,21.81999999999971,29.62199999999998,0.224,1.0,,,13,1,3.0,2026
2026-04-01 13:00:00+00:00|1.0|handoff_align_follow_h13_tp06_sl065,2026-04-01 13:00:00+00:00,STAGE28A,data/reports/stage28a_discovery_factory_batch_runner/stage28a_exact_trades.csv,session_handoff_imbalance_v1,handoff_align_follow_h13_tp06_sl065,8.578299999999581,7.5282999999995805,6.828299999999581,1,1,1,0,7.5282999999995805,204.27000000000044,62.159999999999854,0.011904761904773053,80.67000000000007,0.5141936283624697,16.98999999999978,28.883000000000038,0.12,1.0,,,13,2,4.0,2026
2026-04-02 13:00:00+00:00|-1.0|handoff_align_follow_h13_tp06_sl065,2026-04-02 13:00:00+00:00,STAGE28A,data/reports/stage28a_discovery_factory_batch_runner/stage28a_exact_trades.csv,session_handoff_imbalance_v1,handoff_align_follow_h13_tp06_sl065,12.178600000000552,11.128600000000551,10.428600000000552,1,1,1,0,11.128600000000551,131.1300000000001,150.57999999999993,0.6674193119936249,127.85000000000036,0.4268283144309703,18.770000000000437,38.95450000000005,0.644,-1.0,,,13,3,4.0,2026
2026-04-08 13:00:00+00:00|-1.0|handoff_align_follow_h13_tp06_sl065,2026-04-08 13:00:00+00:00,STAGE28A,data/reports/stage28a_discovery_factory_batch_runner/stage28a_exact_trades.csv,session_handoff_imbalance_v1,handoff_align_follow_h13_tp06_sl065,7.928800000000047,6.878800000000046,6.178800000000047,1,1,1,0,6.878800000000046,211.28000000000065,140.1299999999992,0.1491472204381693,66.96000000000004,0.2144563918757417,29.849999999999454,34.414499999999954,0.556,-1.0,,,13,2,4.0,2026
2026-04-13 13:00:00+00:00|1.0|handoff_align_follow_h13_tp06_sl065,2026-04-13 13:00:00+00:00,STAGE28A,data/reports/stage28a_discovery_factory_batch_runner/stage28a_exact_trades.csv,session_handoff_imbalance_v1,handoff_align_follow_h13_tp06_sl065,-5.5142499999998105,-6.564249999999811,-7.26424999999981,0,0,0,1,6.564249999999811,49.659999999999854,83.46000000000004,0.7075245626647405,31.029999999999745,0.1111827263938368,17.86999999999989,22.75049999999992,0.216,1.0,,,13,0,4.0,2026
2026-04-14 13:00:00+00:00|1.0|handoff_align_follow_h13_tp06_sl065,2026-04-14 13:00:00+00:00,STAGE28A,data/reports/stage28a_discovery_factory_batch_runner/stage28a_exact_trades.csv,session_handoff_imbalance_v1,handoff_align_follow_h13_tp06_sl065,5.138500000000386,4.088500000000385,3.388500000000386,1,1,1,0,4.088500000000385,114.48000000000047,31.23999999999978,0.3117797695262436,37.72999999999956,0.2793532997614653,17.42999999999938,17.625499999999874,0.02,1.0,,,13,1,4.0,2026
2026-04-15 13:00:00+00:00|-1.0|handoff_align_follow_h13_tp06_sl065,2026-04-15 13:00:00+00:00,STAGE28A,data/reports/stage28a_discovery_factory_batch_runner/stage28a_exact_trades.csv,session_handoff_imbalance_v1,handoff_align_follow_h13_tp06_sl065,5.634400000000278,4.584400000000278,3.8844000000002783,1,1,1,0,4.584400000000278,100.72999999999956,54.25,0.20552995391704398,44.31999999999971,0.5873194945848357,33.01999999999953,18.240499999999976,0.1,-1.0,,,13,2,4.0,2026
2026-04-20 13:00:00+00:00|1.0|handoff_align_follow_h13_tp06_sl065,2026-04-20 13:00:00+00:00,STAGE28A,data/reports/stage28a_discovery_factory_batch_runner/stage28a_exact_trades.csv,session_handoff_imbalance_v1,handoff_align_follow_h13_tp06_sl065,-5.516850000000522,-6.566850000000523,-7.266850000000522,0,0,0,1,6.566850000000523,36.82000000000062,77.25,0.15093851132685895,26.13000000000011,0.027171833141983674,14.44000000000051,21.482000000000063,0.576,1.0,,,13,0,4.0,2026
2026-04-21 13:00:00+00:00|-1.0|handoff_align_follow_h13_tp06_sl065,2026-04-21 13:00:00+00:00,STAGE28A,data/reports/stage28a_discovery_factory_batch_runner/stage28a_exact_trades.csv,session_handoff_imbalance_v1,handoff_align_follow_h13_tp06_sl065,-5.919524999999885,-6.969524999999885,-7.669524999999885,0,0,0,1,6.969524999999885,90.67000000000007,40.399999999999636,0.7566831683168312,25.050000000000182,0.5417165668662519,8.170000000000073,13.963499999999977,0.012,-1.0,,,13,1,4.0,2026
2026-04-23 13:00:00+00:00|-1.0|handoff_align_follow_h13_tp06_sl065,2026-04-23 13:00:00+00:00,STAGE28A,data/reports/stage28a_discovery_factory_batch_runner/stage28a_exact_trades.csv,session_handoff_imbalance_v1,handoff_align_follow_h13_tp06_sl065,-6.040749999999752,-7.090749999999753,-7.790749999999752,0,0,0,1,7.090749999999753,56.470000000000255,59.63000000000011,0.37078651685392644,31.92999999999938,0.19417475728155145,8.960000000000036,17.336999999999897,0.324,-1.0,,,13,3,4.0,2026
2026-04-28 13:00:00+00:00|-1.0|handoff_align_follow_h13_tp06_sl065,2026-04-28 13:00:00+00:00,STAGE28A,data/reports/stage28a_discovery_factory_batch_runner/stage28a_exact_trades.csv,session_handoff_imbalance_v1,handoff_align_follow_h13_tp06_sl065,6.796600000000035,5.746600000000035,5.046600000000035,1,1,1,0,5.746600000000035,62.81999999999971,34.590000000000146,0.49031511997687094,66.61000000000058,0.9911424711004333,25.390000000000327,14.57449999999999,0.168,-1.0,,,13,1,4.0,2026
2026-04-30 13:00:00+00:00|1.0|handoff_align_follow_h13_tp06_sl065,2026-04-30 13:00:00+00:00,STAGE28A,data/reports/stage28a_discovery_factory_batch_runner/stage28a_exact_trades.csv,session_handoff_imbalance_v1,handoff_align_follow_h13_tp06_sl065,5.790999999999622,4.740999999999621,4.040999999999622,1,1,1,0,4.740999999999621,99.84999999999945,43.11000000000058,0.09255393180235973,91.03999999999996,0.7621924428822534,17.480000000000473,19.930999999999766,0.688,1.0,,,13,3,4.0,2026
2026-05-01 13:00:00+00:00|-1.0|handoff_align_follow_h13_tp06_sl065,2026-05-01 13:00:00+00:00,STAGE28A,data/reports/stage28a_discovery_factory_batch_runner/stage28a_exact_trades.csv,session_handoff_imbalance_v1,handoff_align_follow_h13_tp06_sl065,4.203100000000086,3.153100000000086,2.453100000000086,1,1,1,0,3.153100000000086,107.63000000000011,21.970000000000255,0.17023213472916424,68.44999999999982,0.9382030679327906,12.63000000000011,13.105000000000018,0.056,-1.0,,,13,4,5.0,2026
2026-05-04 13:00:00+00:00|-1.0|handoff_align_follow_h13_tp06_sl065,2026-05-04 13:00:00+00:00,STAGE28A,data/reports/stage28a_discovery_factory_batch_runner/stage28a_exact_trades.csv,session_handoff_imbalance_v1,handoff_align_follow_h13_tp06_sl065,-6.707324999999946,-7.757324999999946,-8.457324999999946,0,0,0,1,7.757324999999946,16.889999999999418,38.17999999999938,0.09979046621266507,42.73999999999978,0.9333177351427359,11.859999999999673,16.141499999999816,0.296,-1.0,,,13,0,5.0,2026
2026-05-05 13:00:00+00:00|1.0|handoff_align_follow_h13_tp06_sl065,2026-05-05 13:00:00+00:00,STAGE28A,data/reports/stage28a_discovery_factory_batch_runner/stage28a_exact_trades.csv,session_handoff_imbalance_v1,handoff_align_follow_h13_tp06_sl065,-5.345574999999917,-6.395574999999917,-7.095574999999917,0,0,0,1,6.395574999999917,128.5099999999993,32.99000000000069,0.5216732343134185,32.52000000000044,0.6685116851168634,9.300000000000182,16.57849999999994,0.292,1.0,,,13,1,5.0,2026
2026-05-06 13:00:00+00:00|1.0|handoff_align_follow_h13_tp06_sl065,2026-05-06 13:00:00+00:00,STAGE28A,data/reports/stage28a_discovery_factory_batch_runner/stage28a_exact_trades.csv,session_handoff_imbalance_v1,handoff_align_follow_h13_tp06_sl065,5.85759999999973,4.807599999999729,4.10759999999973,1,1,1,0,4.807599999999729,72.96000000000004,105.18000000000029,0.6700893706027788,65.11000000000058,0.8944862540316274,19.26000000000022,18.14699999999989,0.484,1.0,,,13,2,5.0,2026
2026-05-07 13:00:00+00:00|1.0|handoff_align_follow_h13_tp06_sl065,2026-05-07 13:00:00+00:00,STAGE28A,data/reports/stage28a_discovery_factory_batch_runner/stage28a_exact_trades.csv,session_handoff_imbalance_v1,handoff_align_follow_h13_tp06_sl065,-7.344649999999637,-8.394649999999638,-9.094649999999636,0,0,0,1,8.394649999999638,176.60000000000036,35.909999999999854,0.12252854358116552,61.06999999999971,0.48747339119043176,17.550000000000182,16.67999999999997,0.26,1.0,,,13,3,5.0,2026
2026-05-11 13:00:00+00:00|-1.0|handoff_align_follow_h13_tp06_sl065,2026-05-11 13:00:00+00:00,STAGE28A,data/reports/stage28a_discovery_factory_batch_runner/stage28a_exact_trades.csv,session_handoff_imbalance_v1,handoff_align_follow_h13_tp06_sl065,4.9279000000000455,3.877900000000045,3.177900000000045,1,1,1,0,3.877900000000045,22.93000000000029,35.22999999999956,0.3735452739142781,32.529999999999745,0.6889025514909324,19.359999999999673,17.544999999999938,0.328,-1.0,,,13,0,5.0,2026
2026-05-12 13:00:00+00:00|-1.0|handoff_align_follow_h13_tp06_sl065,2026-05-12 13:00:00+00:00,STAGE28A,data/reports/stage28a_discovery_factory_batch_runner/stage28a_exact_trades.csv,session_handoff_imbalance_v1,handoff_align_follow_h13_tp06_sl065,4.458100000000195,3.408100000000195,2.708100000000196,1,1,1,0,3.408100000000195,103.15999999999985,55.06999999999971,0.5616488106046932,43.150000000000546,0.48528389339511785,10.920000000000073,17.077500000000008,0.216,-1.0,,,13,1,5.0,2026
2026-05-15 13:00:00+00:00|-1.0|handoff_align_follow_h13_tp06_sl065,2026-05-15 13:00:00+00:00,STAGE28A,data/reports/stage28a_discovery_factory_batch_runner/stage28a_exact_trades.csv,session_handoff_imbalance_v1,handoff_align_follow_h13_tp06_sl065,8.009499999999571,6.95949999999957,6.259499999999571,1,1,1,0,6.95949999999957,74.1200000000008,57.9399999999996,0.8066965826717312,89.64999999999964,0.7779141104294486,31.80999999999949,20.737999999999964,0.832,-1.0,,,13,4,5.0,2026
2026-05-19 13:00:00+00:00|-1.0|handoff_align_follow_h13_tp06_sl065,2026-05-19 13:00:00+00:00,STAGE28A,data/reports/stage28a_discovery_factory_batch_runner/stage28a_exact_trades.csv,session_handoff_imbalance_v1,handoff_align_follow_h13_tp06_sl065,5.705800000000091,4.65580000000009,3.9558000000000906,1,1,1,0,4.65580000000009,103.57999999999993,45.600000000000364,0.634210526315786,28.25999999999931,0.11075725406936256,10.529999999999745,17.435999999999968,0.248,-1.0,,,13,1,5.0,2026
2026-05-22 13:00:00+00:00|-1.0|handoff_align_follow_h13_tp06_sl065,2026-05-22 13:00:00+00:00,STAGE28A,data/reports/stage28a_discovery_factory_batch_runner/stage28a_exact_trades.csv,session_handoff_imbalance_v1,handoff_align_follow_h13_tp06_sl065,4.8295000000001895,3.779500000000189,3.079500000000189,1,1,1,0,3.779500000000189,81.88999999999942,27.229999999999563,0.5233198677928839,28.420000000000073,0.09570724841661674,20.980000000000473,15.908999999999878,0.084,-1.0,,,13,4,5.0,2026
2026-05-25 13:00:00+00:00|-1.0|handoff_align_follow_h13_tp06_sl065,2026-05-25 13:00:00+00:00,STAGE28A,data/reports/stage28a_discovery_factory_batch_runner/stage28a_exact_trades.csv,session_handoff_imbalance_v1,handoff_align_follow_h13_tp06_sl065,3.12190000000046,2.07190000000046,1.3719000000004602,1,1,1,0,2.07190000000046,23.219999999999345,37.50999999999931,0.1343641695547869,18.550000000000182,0.42318059299188016,14.039999999999964,13.586499999999887,0.008,-1.0,,,13,0,5.0,2026
2026-05-26 13:00:00+00:00|-1.0|handoff_align_follow_h13_tp06_sl065,2026-05-26 13:00:00+00:00,STAGE28A,data/reports/stage28a_discovery_factory_batch_runner/stage28a_exact_trades.csv,session_handoff_imbalance_v1,handoff_align_follow_h13_tp06_sl065,4.528600000000006,3.478600000000006,2.778600000000006,1,1,1,0,3.478600000000006,37.50999999999931,52.36999999999989,0.6265037235058329,30.970000000000255,0.6293186955117733,14.220000000000255,13.7849999999999,0.096,-1.0,,,13,1,5.0,2026
2026-05-29 13:00:00+00:00|1.0|handoff_align_follow_h13_tp06_sl065,2026-05-29 13:00:00+00:00,STAGE28A,data/reports/stage28a_discovery_factory_batch_runner/stage28a_exact_trades.csv,session_handoff_imbalance_v1,handoff_align_follow_h13_tp06_sl065,4.803400000000147,3.753400000000147,3.0534000000001478,1,1,1,0,3.753400000000147,149.91000000000076,31.609999999999673,0.3144574501739862,38.23000000000047,0.7737379021710583,26.07000000000062,16.443000000000076,0.208,1.0,,,13,4,5.0,2026
2026-06-01 13:00:00+00:00|-1.0|handoff_align_follow_h13_tp06_sl065,2026-06-01 13:00:00+00:00,STAGE28A,data/reports/stage28a_discovery_factory_batch_runner/stage28a_exact_trades.csv,session_handoff_imbalance_v1,handoff_align_follow_h13_tp06_sl065,4.338400000000002,3.288400000000001,2.588400000000002,1,1,1,0,3.288400000000001,22.170000000000073,36.05999999999949,0.5268996117581882,35.95000000000073,0.56383866481224,17.19000000000051,15.870500000000039,0.164,-1.0,,,13,0,6.0,2026
2026-06-02 13:00:00+00:00|1.0|handoff_align_follow_h13_tp06_sl065,2026-06-02 13:00:00+00:00,STAGE28A,data/reports/stage28a_discovery_factory_batch_runner/stage28a_exact_trades.csv,session_handoff_imbalance_v1,handoff_align_follow_h13_tp06_sl065,3.8458000000004176,2.7958000000004177,2.095800000000418,1,1,1,0,2.7958000000004177,98.14999999999964,36.25,0.3817931034482799,43.899999999999636,0.6999999999999958,13.510000000000218,14.99399999999996,0.14,1.0,,,13,1,6.0,2026
2026-06-03 13:00:00+00:00|-1.0|handoff_align_follow_h13_tp06_sl065,2026-06-03 13:00:00+00:00,STAGE28A,data/reports/stage28a_discovery_factory_batch_runner/stage28a_exact_trades.csv,session_handoff_imbalance_v1,handoff_align_follow_h13_tp06_sl065,6.293500000000131,5.243500000000131,4.543500000000131,1,1,1,0,5.243500000000131,78.61999999999989,34.289999999999964,0.01574803149608847,49.039999999999964,0.8429853181076709,19.93000000000029,15.617499999999973,0.248,-1.0,,,13,2,6.0,2026
2026-06-08 13:00:00+00:00|-1.0|handoff_align_follow_h13_tp06_sl065,2026-06-08 13:00:00+00:00,STAGE28A,data/reports/stage28a_discovery_factory_batch_runner/stage28a_exact_trades.csv,session_handoff_imbalance_v1,handoff_align_follow_h13_tp06_sl065,7.230700000000434,6.180700000000433,5.480700000000434,1,1,1,0,6.180700000000433,20.30999999999949,53.06999999999971,0.010363670623690887,52.9399999999996,0.42595391008688027,28.890000000000327,23.318500000000085,0.944,-1.0,,,13,0,6.0,2026
2026-06-10 13:00:00+00:00|-1.0|handoff_align_follow_h13_tp06_sl065,2026-06-10 13:00:00+00:00,STAGE28A,data/reports/stage28a_discovery_factory_batch_runner/stage28a_exact_trades.csv,session_handoff_imbalance_v1,handoff_align_follow_h13_tp06_sl065,-8.285199999999895,-9.335199999999896,-10.035199999999897,0,0,0,1,9.335199999999896,126.54999999999927,84.05999999999949,0.8455864858434494,60.32999999999993,0.2671970827117505,16.359999999999673,26.670499999999993,0.992,-1.0,,,13,2,6.0,2026
2026-06-11 13:00:00+00:00|1.0|handoff_align_follow_h13_tp06_sl065,2026-06-11 13:00:00+00:00,STAGE28A,data/reports/stage28a_discovery_factory_batch_runner/stage28a_exact_trades.csv,session_handoff_imbalance_v1,handoff_align_follow_h13_tp06_sl065,-7.14509999999982,-8.19509999999982,-8.89509999999982,0,0,0,1,8.19509999999982,190.30999999999995,94.00999999999976,0.021380704180408716,42.4399999999996,0.4429783223374153,18.849999999999454,31.769499999999972,0.968,1.0,,,13,3,6.0,2026
2022-05-03 09:00:00+00:00|-1.0|calendar_drop_monday_h9_tp06_sl065,2022-05-03 09:00:00+00:00,STAGE28A,data/reports/stage28a_discovery_factory_batch_runner/stage28a_exact_trades.csv,calendar_time_risk_proxy_v1,calendar_drop_monday_h9_tp06_sl065,-1.582400000000098,-2.6324000000000978,-3.332400000000097,0,0,0,0,2.6324000000000978,45.32999999999993,7.480000000000018,0.14705882352939925,14.160000000000082,0.34322033898305787,3.0399999999999636,5.655499999999995,,-1.0,,,9,1,5.0,2022
2022-05-04 09:00:00+00:00|1.0|calendar_drop_monday_h9_tp06_sl065,2022-05-04 09:00:00+00:00,STAGE28A,data/reports/stage28a_discovery_factory_batch_runner/stage28a_exact_trades.csv,calendar_time_risk_proxy_v1,calendar_drop_monday_h9_tp06_sl065,-1.3545749999999317,-2.4045749999999315,-3.1045749999999317,0,0,0,0,2.4045749999999315,27.660000000000082,7.819999999999936,0.5127877237851983,10.710000000000036,0.4836601307189585,3.5599999999999454,4.6965000000000146,,1.0,,,9,2,5.0,2022
2022-05-05 09:00:00+00:00|-1.0|calendar_drop_monday_h9_tp06_sl065,2022-05-05 09:00:00+00:00,STAGE28A,data/reports/stage28a_discovery_factory_batch_runner/stage28a_exact_trades.csv,calendar_time_risk_proxy_v1,calendar_drop_monday_h9_tp06_sl065,-1.5905249999999342,-2.640524999999934,-3.340524999999934,0,0,0,0,2.640524999999934,28.319999999999936,21.529999999999973,0.8569437993497477,12.660000000000082,0.2993680884676097,3.380000000000109,6.300500000000011,0.873015873015873,-1.0,,,9,3,5.0,2022
2022-05-06 09:00:00+00:00|1.0|calendar_drop_monday_h9_tp06_sl065,2022-05-06 09:00:00+00:00,STAGE28A,data/reports/stage28a_discovery_factory_batch_runner/stage28a_exact_trades.csv,calendar_time_risk_proxy_v1,calendar_drop_monday_h9_tp06_sl065,-1.6681999999999335,-2.7181999999999333,-3.418199999999933,0,0,0,0,2.7181999999999333,37.289999999999964,12.169999999999845,0.08299096138044403,11.659999999999854,0.5385934819897128,3.759999999999991,6.044999999999993,0.5747126436781609,1.0,,,9,4,5.0,2022
2022-05-06 22:45:00+00:00|1.0|calendar_drop_monday_h9_tp06_sl065,2022-05-06 22:45:00+00:00,STAGE28A,data/reports/stage28a_discovery_factory_batch_runner/stage28a_exact_trades.csv,calendar_time_risk_proxy_v1,calendar_drop_monday_h9_tp06_sl065,1.2834999999999126,0.2334999999999127,-0.4665000000000869,1,0,1,0,0.2334999999999127,37.289999999999964,12.169999999999845,0.08299096138044403,11.659999999999854,0.5385934819897128,2.1200000000001182,5.645999999999992,0.42,1.0,,,9,4,5.0,2022
2022-05-10 09:00:00+00:00|-1.0|calendar_drop_monday_h9_tp06_sl065,2022-05-10 09:00:00+00:00,STAGE28A,data/reports/stage28a_discovery_factory_batch_runner/stage28a_exact_trades.csv,calendar_time_risk_proxy_v1,calendar_drop_monday_h9_tp06_sl065,0.9949000000000524,-0.0550999999999475,-0.7550999999999473,0,0,0,0,0.0550999999999475,34.0,12.160000000000082,0.9555921052631612,7.910000000000082,0.8520859671302072,2.75,5.229000000000019,0.22962962962962963,-1.0,,,9,1,5.0,2022
2022-05-11 09:00:00+00:00|1.0|calendar_drop_monday_h9_tp06_sl065,2022-05-11 09:00:00+00:00,STAGE28A,data/reports/stage28a_discovery_factory_batch_runner/stage28a_exact_trades.csv,calendar_time_risk_proxy_v1,calendar_drop_monday_h9_tp06_sl065,-1.5645250000000943,-2.614525000000094,-3.314525000000094,0,0,0,0,2.614525000000094,29.940000000000055,8.169999999999845,0.2643818849449355,18.360000000000127,0.8687363834422622,2.3099999999999454,5.6625,0.5471698113207547,1.0,,,9,2,5.0,2022
2022-05-12 09:00:00+00:00|-1.0|calendar_drop_monday_h9_tp06_sl065,2022-05-12 09:00:00+00:00,STAGE28A,data/reports/stage28a_discovery_factory_batch_runner/stage28a_exact_trades.csv,calendar_time_risk_proxy_v1,calendar_drop_monday_h9_tp06_sl065,-1.674049999999943,-2.724049999999943,-3.4240499999999425,0,0,0,0,2.724049999999943,25.949999999999818,7.819999999999936,0.054987212276194346,10.240000000000009,0.4843750000000031,5.210000000000036,5.84649999999998,0.5956284153005464,-1.0,,,9,3,5.0,2022
2022-05-13 09:00:00+00:00|-1.0|calendar_drop_monday_h9_tp06_sl065,2022-05-13 09:00:00+00:00,STAGE28A,data/reports/stage28a_discovery_factory_batch_runner/stage28a_exact_trades.csv,calendar_time_risk_proxy_v1,calendar_drop_monday_h9_tp06_sl065,-1.5141500000000634,-2.564150000000063,-3.264150000000063,0,0,0,0,2.564150000000063,39.69999999999982,16.579999999999927,0.3455971049457203,8.480000000000018,0.22287735849057735,2.839999999999918,5.6964999999999915,0.5024154589371981,-1.0,,,9,4,5.0,2022
2022-05-13 22:45:00+00:00|1.0|calendar_drop_monday_h9_tp06_sl065,2022-05-13 22:45:00+00:00,STAGE28A,data/reports/stage28a_discovery_factory_batch_runner/stage28a_exact_trades.csv,calendar_time_risk_proxy_v1,calendar_drop_monday_h9_tp06_sl065,-1.8498749999999744,-2.8998749999999744,-3.599874999999974,0,0,0,0,2.8998749999999744,39.69999999999982,16.579999999999927,0.3455971049457203,8.480000000000018,0.22287735849057735,2.4400000000000546,5.502999999999963,0.37727272727272726,1.0,,,9,4,5.0,2022
2022-05-17 09:00:00+00:00|1.0|calendar_drop_monday_h9_tp06_sl065,2022-05-17 09:00:00+00:00,STAGE28A,data/reports/stage28a_discovery_factory_batch_runner/stage28a_exact_trades.csv,calendar_time_risk_proxy_v1,calendar_drop_monday_h9_tp06_sl065,0.6907000000000153,-0.3592999999999846,-1.0592999999999844,0,0,0,0,0.3592999999999846,40.070000000000164,7.480000000000018,0.24064171122993985,7.629999999999882,0.7404980340760391,5.2800000000002,5.3800000000000185,0.288,1.0,,,9,1,5.0,2022
2022-05-18 09:00:00+00:00|1.0|calendar_drop_monday_h9_tp06_sl065,2022-05-18 09:00:00+00:00,STAGE28A,data/reports/stage28a_discovery_factory_batch_runner/stage28a_exact_trades.csv,calendar_time_risk_proxy_v1,calendar_drop_monday_h9_tp06_sl065,-1.652599999999984,-2.702599999999984,-3.402599999999984,0,0,0,0,2.702599999999984,23.24000000000001,9.519999999999982,0.6102941176470542,12.180000000000064,0.9014778325123121,2.6799999999998363,4.651000000000022,0.072,1.0,,,9,2,5.0,2022
2022-05-19 09:00:00+00:00|1.0|calendar_drop_monday_h9_tp06_sl065,2022-05-19 09:00:00+00:00,STAGE28A,data/reports/stage28a_discovery_factory_batch_runner/stage28a_exact_trades.csv,calendar_time_risk_proxy_v1,calendar_drop_monday_h9_tp06_sl065,-1.3266250000000128,-2.3766250000000126,-3.0766250000000124,0,0,0,0,2.3766250000000126,17.430000000000064,3.7799999999999727,0.27777777777776774,19.279999999999973,0.7012448132780084,2.2899999999999636,4.3115000000000006,0.016,1.0,,,9,3,5.0,2022
2022-05-20 09:00:00+00:00|1.0|calendar_drop_monday_h9_tp06_sl065,2022-05-20 09:00:00+00:00,STAGE28A,data/reports/stage28a_discovery_factory_batch_runner/stage28a_exact_trades.csv,calendar_time_risk_proxy_v1,calendar_drop_monday_h9_tp06_sl065,0.619000000000051,-0.430999999999949,-1.1309999999999487,0,0,0,0,0.430999999999949,38.1400000000001,8.070000000000164,0.034696406443614256,8.430000000000064,0.6370106761565928,5.350000000000136,4.499500000000012,0.08,1.0,,,9,4,5.0,2022
2022-05-20 22:45:00+00:00|1.0|calendar_drop_monday_h9_tp06_sl065,2022-05-20 22:45:00+00:00,STAGE28A,data/reports/stage28a_discovery_factory_batch_runner/stage28a_exact_trades.csv,calendar_time_risk_proxy_v1,calendar_drop_monday_h9_tp06_sl065,-1.6789250000000266,-2.7289250000000265,-3.428925000000026,0,0,0,0,2.7289250000000265,38.1400000000001,8.070000000000164,0.034696406443614256,8.430000000000064,0.6370106761565928,2.7200000000000273,4.5380000000000225,0.136,1.0,,,9,4,5.0,2022
2022-05-24 09:00:00+00:00|1.0|calendar_drop_monday_h9_tp06_sl065,2022-05-24 09:00:00+00:00,STAGE28A,data/reports/stage28a_discovery_factory_batch_runner/stage28a_exact_trades.csv,calendar_time_risk_proxy_v1,calendar_drop_monday_h9_tp06_sl065,0.4716999999999643,-0.5783000000000356,-1.2783000000000353,0,0,0,0,0.5783000000000356,21.809999999999945,6.680000000000064,0.3428143712574763,10.269999999999982,0.08081791626096943,1.9600000000000364,3.6774999999999975,0.012,1.0,,,9,1,5.0,2022
2022-05-25 09:00:00+00:00|-1.0|calendar_drop_monday_h9_tp06_sl065,2022-05-25 09:00:00+00:00,STAGE28A,data/reports/stage28a_discovery_factory_batch_runner/stage28a_exact_trades.csv,calendar_time_risk_proxy_v1,calendar_drop_monday_h9_tp06_sl065,-1.3188249999999244,-2.368824999999924,-3.068824999999924,0,0,0,0,2.368824999999924,20.420000000000073,8.389999999999873,0.43623361144218237,8.199999999999818,0.6987804878048958,4.529999999999973,3.869999999999993,0.06,-1.0,,,9,2,5.0,2022
2022-05-26 09:00:00+00:00|-1.0|calendar_drop_monday_h9_tp06_sl065,2022-05-26 09:00:00+00:00,STAGE28A,data/reports/stage28a_discovery_factory_batch_runner/stage28a_exact_trades.csv,calendar_time_risk_proxy_v1,calendar_drop_monday_h9_tp06_sl065,0.6654999999999746,-0.3845000000000254,-1.084500000000025,0,0,0,0,0.3845000000000254,26.61999999999989,5.4699999999998,0.4369287020110032,8.629999999999882,0.5758980301274734,3.25,4.287500000000011,0.236,-1.0,,,9,3,5.0,2022
2022-05-27 09:00:00+00:00|1.0|calendar_drop_monday_h9_tp06_sl065,2022-05-27 09:00:00+00:00,STAGE28A,data/reports/stage28a_discovery_factory_batch_runner/stage28a_exact_trades.csv,calendar_time_risk_proxy_v1,calendar_drop_monday_h9_tp06_sl065,-1.6145749999999226,-2.6645749999999224,-3.364574999999922,0,0,0,0,2.6645749999999224,13.589999999999918,8.430000000000064,0.3760379596678317,8.480000000000018,0.4846698113207687,3.7999999999999545,3.899000000000001,0.112,1.0,,,9,4,5.0,2022
2022-05-27 22:45:00+00:00|1.0|calendar_drop_monday_h9_tp06_sl065,2022-05-27 22:45:00+00:00,STAGE28A,data/reports/stage28a_discovery_factory_batch_runner/stage28a_exact_trades.csv,calendar_time_risk_proxy_v1,calendar_drop_monday_h9_tp06_sl065,-0.35,-1.4,-2.1,0,0,0,0,1.4,13.589999999999918,8.430000000000064,0.3760379596678317,8.480000000000018,0.4846698113207687,1.9300000000000637,4.1390000000000216,0.28,1.0,,,9,4,5.0,2022
2022-05-31 09:00:00+00:00|1.0|calendar_drop_monday_h9_tp06_sl065,2022-05-31 09:00:00+00:00,STAGE28A,data/reports/stage28a_discovery_factory_batch_runner/stage28a_exact_trades.csv,calendar_time_risk_proxy_v1,calendar_drop_monday_h9_tp06_sl065,-1.2330250000000889,-2.2830250000000887,-2.9830250000000884,0,0,0,0,2.2830250000000887,15.839999999999918,10.900000000000091,0.19633027522936533,8.049999999999955,0.2534161490683199,2.8799999999998818,3.2299999999999955,0.012,1.0,,,9,1,5.0,2022
2022-06-01 09:00:00+00:00|-1.0|calendar_drop_monday_h9_tp06_sl065,2022-06-01 09:00:00+00:00,STAGE28A,data/reports/stage28a_discovery_factory_batch_runner/stage28a_exact_trades.csv,calendar_time_risk_proxy_v1,calendar_drop_monday_h9_tp06_sl065,0.7111000000001241,-0.3388999999998758,-1.0388999999998756,0,0,0,0,0.3388999999998758,22.00999999999999,5.160000000000082,0.20155038759688898,8.710000000000036,0.5993111366245701,3.880000000000109,4.259500000000014,0.536,-1.0,,,9,2,6.0,2022
2022-06-02 09:00:00+00:00|1.0|calendar_drop_monday_h9_tp06_sl065,2022-06-02 09:00:00+00:00,STAGE28A,data/reports/stage28a_discovery_factory_batch_runner/stage28a_exact_trades.csv,calendar_time_risk_proxy_v1,calendar_drop_monday_h9_tp06_sl065,0.4432000000000698,-0.6067999999999301,-1.3067999999999298,0,0,0,0,0.6067999999999301,21.49000000000001,4.849999999999909,0.4659793814433058,10.8599999999999,0.8508287292817767,4.869999999999891,4.024999999999989,0.376,1.0,,,9,3,6.0,2022
2022-06-03 09:00:00+00:00|-1.0|calendar_drop_monday_h9_tp06_sl065,2022-06-03 09:00:00+00:00,STAGE28A,data/reports/stage28a_discovery_factory_batch_runner/stage28a_exact_trades.csv,calendar_time_risk_proxy_v1,calendar_drop_monday_h9_tp06_sl065,-1.238550000000123,-2.288550000000123,-2.9885500000001226,0,0,0,0,2.288550000000123,26.3599999999999,6.25,0.09119999999998982,5.829999999999927,0.701543739279583,1.9800000000000182,3.382499999999993,0.072,-1.0,,,9,4,6.0,2022
2022-06-03 22:45:00+00:00|1.0|calendar_drop_monday_h9_tp06_sl065,2022-06-03 22:45:00+00:00,STAGE28A,data/reports/stage28a_discovery_factory_batch_runner/stage28a_exact_trades.csv,calendar_time_risk_proxy_v1,calendar_drop_monday_h9_tp06_sl065,-0.35,-1.4,-2.1,0,0,0,0,1.4,26.3599999999999,6.25,0.09119999999998982,5.829999999999927,0.701543739279583,3.3999999999998636,3.9710000000000036,0.48,1.0,,,9,4,6.0,2022
2022-06-07 09:00:00+00:00|1.0|calendar_drop_monday_h9_tp06_sl065,2022-06-07 09:00:00+00:00,STAGE28A,data/reports/stage28a_discovery_factory_batch_runner/stage28a_exact_trades.csv,calendar_time_risk_proxy_v1,calendar_drop_monday_h9_tp06_sl065,0.6088000000001103,-0.4411999999998897,-1.1411999999998894,0,0,0,0,0.4411999999998897,17.180000000000064,5.460000000000036,0.2655677655677721,10.450000000000045,0.6842105263157952,4.0300000000002,3.4359999999999786,0.232,1.0,,,9,1,6.0,2022
2022-06-08 09:00:00+00:00|1.0|calendar_drop_monday_h9_tp06_sl065,2022-06-08 09:00:00+00:00,STAGE28A,data/reports/stage28a_discovery_factory_batch_runner/stage28a_exact_trades.csv,calendar_time_risk_proxy_v1,calendar_drop_monday_h9_tp06_sl065,-1.174200000000019,-2.224200000000019,-2.9242000000000186,0,0,0,0,2.224200000000019,18.480000000000018,7.009999999999991,0.8359486447931395,5.5,0.49818181818181984,2.6700000000000728,3.7225000000000366,0.412,1.0,,,9,2,6.0,2022
2022-06-09 09:00:00+00:00|-1.0|calendar_drop_monday_h9_tp06_sl065,2022-06-09 09:00:00+00:00,STAGE28A,data/reports/stage28a_discovery_factory_batch_runner/stage28a_exact_trades.csv,calendar_time_risk_proxy_v1,calendar_drop_monday_h9_tp06_sl065,0.4090000000000146,-0.6409999999999854,-1.340999999999985,0,0,0,0,0.6409999999999854,15.110000000000127,4.420000000000073,0.27149321266968907,7.669999999999845,0.7679269882659702,4.119999999999891,3.393999999999994,0.212,-1.0,,,9,3,6.0,2022
2022-06-10 09:00:00+00:00|-1.0|calendar_drop_monday_h9_tp06_sl065,2022-06-10 09:00:00+00:00,STAGE28A,data/reports/stage28a_discovery_factory_batch_runner/stage28a_exact_trades.csv,calendar_time_risk_proxy_v1,calendar_drop_monday_h9_tp06_sl065,-1.1911000000000969,-2.2411000000000967,-2.9411000000000964,0,0,0,0,2.2411000000000967,15.290000000000191,3.7799999999999727,0.45767195767190566,5.2199999999998,0.3812260536398631,2.1800000000000637,3.2979999999999903,0.188,-1.0,,,9,4,6.0,2022
2022-06-10 22:45:00+00:00|1.0|calendar_drop_monday_h9_tp06_sl065,2022-06-10 22:45:00+00:00,STAGE28A,data/reports/stage28a_discovery_factory_batch_runner/stage28a_exact_trades.csv,calendar_time_risk_proxy_v1,calendar_drop_monday_h9_tp06_sl065,-0.35,-1.4,-2.1,0,0,0,0,1.4,15.290000000000191,3.7799999999999727,0.45767195767190566,5.2199999999998,0.3812260536398631,6.589999999999918,6.919499999999959,1.0,1.0,,,9,4,6.0,2022
2022-06-14 09:00:00+00:00|1.0|calendar_drop_monday_h9_tp06_sl065,2022-06-14 09:00:00+00:00,STAGE28A,data/reports/stage28a_discovery_factory_batch_runner/stage28a_exact_trades.csv,calendar_time_risk_proxy_v1,calendar_drop_monday_h9_tp06_sl065,0.7123000000000502,-0.3376999999999497,-1.0376999999999494,0,0,0,0,0.3376999999999497,60.1400000000001,18.980000000000018,0.22760800842992265,9.910000000000082,0.14429868819374891,4.25,6.2329999999999925,0.892,1.0,,,9,1,6.0,2022
2022-06-15 09:00:00+00:00|1.0|calendar_drop_monday_h9_tp06_sl065,2022-06-15 09:00:00+00:00,STAGE28A,data/reports/stage28a_discovery_factory_batch_runner/stage28a_exact_trades.csv,calendar_time_risk_proxy_v1,calendar_drop_monday_h9_tp06_sl065,0.7006000000000313,-0.3493999999999686,-1.0493999999999684,0,0,0,0,0.3493999999999686,26.5,11.839999999999918,0.5861486486486573,12.980000000000018,0.7534668721109368,5.769999999999982,4.772499999999968,0.756,1.0,,,9,2,6.0,2022
2022-06-16 09:00:00+00:00|1.0|calendar_drop_monday_h9_tp06_sl065,2022-06-16 09:00:00+00:00,STAGE28A,data/reports/stage28a_discovery_factory_batch_runner/stage28a_exact_trades.csv,calendar_time_risk_proxy_v1,calendar_drop_monday_h9_tp06_sl065,-1.4195749999999865,-2.469574999999986,-3.169574999999986,0,0,0,0,2.469574999999986,34.37999999999988,6.600000000000136,0.1181818181818116,9.560000000000173,0.2834728033472552,3.1599999999998545,6.282500000000004,0.852,1.0,,,9,3,6.0,2022
2022-06-17 09:00:00+00:00|1.0|calendar_drop_monday_h9_tp06_sl065,2022-06-17 09:00:00+00:00,STAGE28A,data/reports/stage28a_discovery_factory_batch_runner/stage28a_exact_trades.csv,calendar_time_risk_proxy_v1,calendar_drop_monday_h9_tp06_sl065,0.7876000000000204,-0.2623999999999795,-0.9623999999999792,0,0,0,0,0.2623999999999795,42.25999999999999,14.240000000000009,0.599016853932582,10.61999999999989,0.542372881355937,1.9500000000000455,6.025500000000011,0.74,1.0,,,9,4,6.0,2022
2022-06-17 22:45:00+00:00|1.0|calendar_drop_monday_h9_tp06_sl065,2022-06-17 22:45:00+00:00,STAGE28A,data/reports/stage28a_discovery_factory_batch_runner/stage28a_exact_trades.csv,calendar_time_risk_proxy_v1,calendar_drop_monday_h9_tp06_sl065,-0.35,-1.4,-2.1,0,0,0,0,1.4,42.25999999999999,14.240000000000009,0.599016853932582,10.61999999999989,0.542372881355937,3.1100000000001273,4.685000000000002,0.544,1.0,,,9,4,6.0,2022
2022-06-21 09:00:00+00:00|-1.0|calendar_drop_monday_h9_tp06_sl065,2022-06-21 09:00:00+00:00,STAGE28A,data/reports/stage28a_discovery_factory_batch_runner/stage28a_exact_trades.csv,calendar_time_risk_proxy_v1,calendar_drop_monday_h9_tp06_sl065,-1.2700749999999972,-2.320074999999997,-3.0200749999999967,0,0,0,0,2.320074999999997,11.340000000000146,5.1400000000001,0.4299610894941621,8.159999999999854,0.3566176470588399,5.829999999999927,2.8440000000000167,0.036,-1.0,,,9,1,6.0,2022
2022-06-22 09:00:00+00:00|-1.0|calendar_drop_monday_h9_tp06_sl065,2022-06-22 09:00:00+00:00,STAGE28A,data/reports/stage28a_discovery_factory_batch_runner/stage28a_exact_trades.csv,calendar_time_risk_proxy_v1,calendar_drop_monday_h9_tp06_sl065,-1.501149999999916,-2.551149999999916,-3.251149999999916,0,0,0,0,2.551149999999916,15.059999999999945,7.599999999999909,0.48289473684212064,6.970000000000027,0.15351506456243322,2.3099999999999454,4.043499999999983,0.356,-1.0,,,9,2,6.0,2022
2022-06-23 09:00:00+00:00|1.0|calendar_drop_monday_h9_tp06_sl065,2022-06-23 09:00:00+00:00,STAGE28A,data/reports/stage28a_discovery_factory_batch_runner/stage28a_exact_trades.csv,calendar_time_risk_proxy_v1,calendar_drop_monday_h9_tp06_sl065,0.661299999999892,-0.3887000000001079,-1.0887000000001077,0,0,0,0,0.3887000000001079,24.480000000000018,6.289999999999964,0.782193958664563,7.670000000000073,0.10299869621902948,3.979999999999791,4.490000000000009,0.392,1.0,,,9,3,6.0,2022
2022-06-24 09:00:00+00:00|1.0|calendar_drop_monday_h9_tp06_sl065,2022-06-24 09:00:00+00:00,STAGE28A,data/reports/stage28a_discovery_factory_batch_runner/stage28a_exact_trades.csv,calendar_time_risk_proxy_v1,calendar_drop_monday_h9_tp06_sl065,0.5545000000000982,-0.4954999999999017,-1.1954999999999014,0,0,0,0,0.4954999999999017,23.519999999999982,4.769999999999982,0.19706498951783188,10.599999999999909,0.34150943396227823,2.479999999999791,4.352000000000009,0.3,1.0,,,9,4,6.0,2022
2022-06-24 22:45:00+00:00|1.0|calendar_drop_monday_h9_tp06_sl065,2022-06-24 22:45:00+00:00,STAGE28A,data/reports/stage28a_discovery_factory_batch_runner/stage28a_exact_trades.csv,calendar_time_risk_proxy_v1,calendar_drop_monday_h9_tp06_sl065,0.7116999999999735,-0.3383000000000264,-1.0383000000000262,0,0,0,0,0.3383000000000264,23.519999999999982,4.769999999999982,0.19706498951783188,10.599999999999909,0.34150943396227823,4.059999999999945,4.313999999999976,0.284,1.0,,,9,4,6.0,2022
2022-06-28 09:00:00+00:00|1.0|calendar_drop_monday_h9_tp06_sl065,2022-06-28 09:00:00+00:00,STAGE28A,data/reports/stage28a_discovery_factory_batch_runner/stage28a_exact_trades.csv,calendar_time_risk_proxy_v1,calendar_drop_monday_h9_tp06_sl065,-1.115049999999974,-2.1650499999999737,-2.865049999999973,0,0,0,0,2.1650499999999737,20.230000000000018,4.779999999999973,0.7656903765690116,5.139999999999873,0.2529182879377406,1.6800000000000637,3.0165000000000077,0.044,1.0,,,9,1,6.0,2022
2022-06-29 09:00:00+00:00|-1.0|calendar_drop_monday_h9_tp06_sl065,2022-06-29 09:00:00+00:00,STAGE28A,data/reports/stage28a_discovery_factory_batch_runner/stage28a_exact_trades.csv,calendar_time_risk_proxy_v1,calendar_drop_monday_h9_tp06_sl065,-1.111799999999994,-2.1617999999999937,-2.861799999999993,0,0,0,0,2.1617999999999937,11.039999999999964,4.660000000000082,0.22532188841200346,10.309999999999945,0.5819592628516035,1.6200000000001182,3.068500000000006,0.088,-1.0,,,9,2,6.0,2022
2022-06-30 09:00:00+00:00|-1.0|calendar_drop_monday_h9_tp06_sl065,2022-06-30 09:00:00+00:00,STAGE28A,data/reports/stage28a_discovery_factory_batch_runner/stage28a_exact_trades.csv,calendar_time_risk_proxy_v1,calendar_drop_monday_h9_tp06_sl065,0.4096000000000913,-0.6403999999999086,-1.3403999999999083,0,0,0,0,0.6403999999999086,20.939999999999827,4.75,0.21684210526315215,6.769999999999982,0.6469719350074034,1.7699999999999818,3.942500000000018,0.328,-1.0,,,9,3,6.0,2022
2022-07-01 09:00:00+00:00|-1.0|calendar_drop_monday_h9_tp06_sl065,2022-07-01 09:00:00+00:00,STAGE28A,data/reports/stage28a_discovery_factory_batch_runner/stage28a_exact_trades.csv,calendar_time_risk_proxy_v1,calendar_drop_monday_h9_tp06_sl065,-1.5499000000000709,-2.5999000000000705,-3.29990000000007,0,0,0,0,2.5999000000000705,22.309999999999945,5.990000000000009,0.7979966611018307,10.75,0.5441860465116194,7.759999999999991,5.779000000000008,0.936,-1.0,,,9,4,7.0,2022
2022-07-01 22:45:00+00:00|1.0|calendar_drop_monday_h9_tp06_sl065,2022-07-01 22:45:00+00:00,STAGE28A,data/reports/stage28a_discovery_factory_batch_runner/stage28a_exact_trades.csv,calendar_time_risk_proxy_v1,calendar_drop_monday_h9_tp06_sl065,-0.35,-1.4,-2.1,0,0,0,0,1.4,22.309999999999945,5.990000000000009,0.7979966611018307,10.75,0.5441860465116194,4.75,5.46500000000002,0.936,1.0,,,9,4,7.0,2022
2022-07-05 09:00:00+00:00|-1.0|calendar_drop_monday_h9_tp06_sl065,2022-07-05 09:00:00+00:00,STAGE28A,data/reports/stage28a_discovery_factory_batch_runner/stage28a_exact_trades.csv,calendar_time_risk_proxy_v1,calendar_drop_monday_h9_tp06_sl065,0.4369000000000597,-0.6130999999999402,-1.31309999999994,0,0,0,0,0.6130999999999402,10.349999999999909,5.660000000000082,0.3021201413427582,11.75,0.6289361702127745,1.6700000000000728,2.603999999999985,0.004,-1.0,,,9,1,7.0,2022
2022-07-06 09:00:00+00:00|-1.0|calendar_drop_monday_h9_tp06_sl065,2022-07-06 09:00:00+00:00,STAGE28A,data/reports/stage28a_discovery_factory_batch_runner/stage28a_exact_trades.csv,calendar_time_risk_proxy_v1,calendar_drop_monday_h9_tp06_sl065,0.9393999999998868,-0.110600000000113,-0.8106000000001128,0,0,0,0,0.110600000000113,48.25,7.059999999999945,0.1713881019830093,8.720000000000027,0.6135321100917569,4.980000000000018,5.29899999999999,0.872,-1.0,,,9,2,7.0,2022
2022-07-07 09:00:00+00:00|-1.0|calendar_drop_monday_h9_tp06_sl065,2022-07-07 09:00:00+00:00,STAGE28A,data/reports/stage28a_discovery_factory_batch_runner/stage28a_exact_trades.csv,calendar_time_risk_proxy_v1,calendar_drop_monday_h9_tp06_sl065,0.7842999999999393,-0.2657000000000606,-0.9657000000000604,0,0,0,0,0.2657000000000606,40.66000000000008,10.450000000000045,0.6411483253588532,7.569999999999936,0.33685601056802855,3.6099999999999,5.693999999999994,0.904,-1.0,,,9,3,7.0,2022
2022-07-08 09:00:00+00:00|-1.0|calendar_drop_monday_h9_tp06_sl065,2022-07-08 09:00:00+00:00,STAGE28A,data/reports/stage28a_discovery_factory_batch_runner/stage28a_exact_trades.csv,calendar_time_risk_proxy_v1,calendar_drop_monday_h9_tp06_sl065,-1.378949999999895,-2.428949999999895,-3.128949999999895,0,0,0,0,2.428949999999895,12.600000000000136,7.740000000000009,0.34625322997413865,10.710000000000036,0.3725490196078427,3.3299999999999272,3.7819999999999823,0.292,-1.0,,,9,4,7.0,2022
2022-07-08 22:45:00+00:00|1.0|calendar_drop_monday_h9_tp06_sl065,2022-07-08 22:45:00+00:00,STAGE28A,data/reports/stage28a_discovery_factory_batch_runner/stage28a_exact_trades.csv,calendar_time_risk_proxy_v1,calendar_drop_monday_h9_tp06_sl065,0.6853000000000066,-0.3646999999999933,-1.064699999999993,0,0,0,0,0.3646999999999933,12.600000000000136,7.740000000000009,0.34625322997413865,10.710000000000036,0.3725490196078427,2.5699999999999363,5.355500000000006,0.804,1.0,,,9,4,7.0,2022
2022-07-12 09:00:00+00:00|1.0|calendar_drop_monday_h9_tp06_sl065,2022-07-12 09:00:00+00:00,STAGE28A,data/reports/stage28a_discovery_factory_batch_runner/stage28a_exact_trades.csv,calendar_time_risk_proxy_v1,calendar_drop_monday_h9_tp06_sl065,-2.248650000000089,-3.2986500000000887,-3.998650000000088,0,0,0,1,3.2986500000000887,13.3599999999999,21.100000000000136,0.008056872037918088,13.6099999999999,0.11535635562086317,4.029999999999973,4.444500000000028,0.572,1.0,,,9,1,7.0,2022
2022-07-13 09:00:00+00:00|1.0|calendar_drop_monday_h9_tp06_sl065,2022-07-13 09:00:00+00:00,STAGE28A,data/reports/stage28a_discovery_factory_batch_runner/stage28a_exact_trades.csv,calendar_time_risk_proxy_v1,calendar_drop_monday_h9_tp06_sl065,0.5784999999999855,-0.4715000000000144,-1.1715000000000142,0,0,0,0,0.4715000000000144,21.100000000000136,6.019999999999982,0.245847176079738,7.830000000000155,0.11238825031929651,2.6000000000001364,3.6980000000000017,0.26,1.0,,,9,2,7.0,2022
2022-07-14 09:00:00+00:00|-1.0|calendar_drop_monday_h9_tp06_sl065,2022-07-14 09:00:00+00:00,STAGE28A,data/reports/stage28a_discovery_factory_batch_runner/stage28a_exact_trades.csv,calendar_time_risk_proxy_v1,calendar_drop_monday_h9_tp06_sl065,-1.833625000000075,-2.8836250000000745,-3.5836250000000742,0,0,0,0,2.8836250000000745,38.049999999999955,10.920000000000073,0.21245421245422602,20.029999999999973,0.7688467299051365,2.730000000000018,6.770000000000005,0.996,-1.0,,,9,3,7.0,2022
2022-07-15 09:00:00+00:00|-1.0|calendar_drop_monday_h9_tp06_sl065,2022-07-15 09:00:00+00:00,STAGE28A,data/reports/stage28a_discovery_factory_batch_runner/stage28a_exact_trades.csv,calendar_time_risk_proxy_v1,calendar_drop_monday_h9_tp06_sl065,-1.7023250000000645,-2.7523250000000643,-3.452325000000064,0,0,0,0,2.7523250000000643,38.809999999999945,8.070000000000164,0.23420074349440326,11.740000000000009,0.5144804088585996,3.050000000000182,5.112500000000023,0.544,-1.0,,,9,4,7.0,2022
2022-07-15 22:45:00+00:00|1.0|calendar_drop_monday_h9_tp06_sl065,2022-07-15 22:45:00+00:00,STAGE28A,data/reports/stage28a_discovery_factory_batch_runner/stage28a_exact_trades.csv,calendar_time_risk_proxy_v1,calendar_drop_monday_h9_tp06_sl065,-0.35,-1.4,-2.1,0,0,0,0,1.4,38.809999999999945,8.070000000000164,0.23420074349440326,11.740000000000009,0.5144804088585996,1.3800000000001091,4.825500000000045,0.516,1.0,,,9,4,7.0,2022
2022-07-19 09:00:00+00:00|1.0|calendar_drop_monday_h9_tp06_sl065,2022-07-19 09:00:00+00:00,STAGE28A,data/reports/stage28a_discovery_factory_batch_runner/stage28a_exact_trades.csv,calendar_time_risk_proxy_v1,calendar_drop_monday_h9_tp06_sl065,0.4639000000001033,-0.5860999999998966,-1.2860999999998963,0,0,0,0,0.5860999999998966,17.99000000000001,4.889999999999873,0.30061349693252876,7.759999999999991,0.49742268041238813,3.1900000000000546,3.7225000000000135,0.18,1.0,,,9,1,7.0,2022
2022-07-20 09:00:00+00:00|-1.0|calendar_drop_monday_h9_tp06_sl065,2022-07-20 09:00:00+00:00,STAGE28A,data/reports/stage28a_discovery_factory_batch_runner/stage28a_exact_trades.csv,calendar_time_risk_proxy_v1,calendar_drop_monday_h9_tp06_sl065,-1.2941249999999855,-2.3441249999999854,-3.044124999999985,0,0,0,0,2.3441249999999854,13.169999999999845,3.900000000000091,0.02307692307690155,7.980000000000018,0.08771929824561954,3.880000000000109,3.1675000000000297,0.044,-1.0,,,9,2,7.0,2022
2022-07-21 09:00:00+00:00|-1.0|calendar_drop_monday_h9_tp06_sl065,2022-07-21 09:00:00+00:00,STAGE28A,data/reports/stage28a_discovery_factory_batch_runner/stage28a_exact_trades.csv,calendar_time_risk_proxy_v1,calendar_drop_monday_h9_tp06_sl065,0.5092000000001008,-0.5407999999998991,-1.2407999999998989,0,0,0,0,0.5407999999998991,21.980000000000018,7.3400000000001455,0.5953678474114175,11.529999999999973,0.6131830008673184,1.8200000000001637,3.7744999999999775,0.272,-1.0,,,9,3,7.0,2022
2022-07-22 09:00:00+00:00|1.0|calendar_drop_monday_h9_tp06_sl065,2022-07-22 09:00:00+00:00,STAGE28A,data/reports/stage28a_discovery_factory_batch_runner/stage28a_exact_trades.csv,calendar_time_risk_proxy_v1,calendar_drop_monday_h9_tp06_sl065,-1.2723500000000514,-2.322350000000051,-3.022350000000051,0,0,0,0,2.322350000000051,39.34999999999991,6.4500000000000455,0.5581395348837029,12.649999999999864,0.8426877470355887,3.6700000000000728,5.2610000000000126,0.752,1.0,,,9,4,7.0,2022
2022-07-22 22:45:00+00:00|1.0|calendar_drop_monday_h9_tp06_sl065,2022-07-22 22:45:00+00:00,STAGE28A,data/reports/stage28a_discovery_factory_batch_runner/stage28a_exact_trades.csv,calendar_time_risk_proxy_v1,calendar_drop_monday_h9_tp06_sl065,-0.35,-1.4,-2.1,0,0,0,0,1.4,39.34999999999991,6.4500000000000455,0.5581395348837029,12.649999999999864,0.8426877470355887,6.2000000000000455,4.8830000000000044,0.676,1.0,,,9,4,7.0,2022
2022-07-26 09:00:00+00:00|-1.0|calendar_drop_monday_h9_tp06_sl065,2022-07-26 09:00:00+00:00,STAGE28A,data/reports/stage28a_discovery_factory_batch_runner/stage28a_exact_trades.csv,calendar_time_risk_proxy_v1,calendar_drop_monday_h9_tp06_sl065,-1.4550000000000185,-2.505000000000018,-3.205000000000018,0,0,0,0,2.505000000000018,21.460000000000036,10.149999999999864,0.5320197044335137,8.980000000000018,0.4432071269487762,2.349999999999909,3.4800000000000066,0.16,-1.0,,,9,1,7.0,2022
2022-07-27 09:00:00+00:00|1.0|calendar_drop_monday_h9_tp06_sl065,2022-07-27 09:00:00+00:00,STAGE28A,data/reports/stage28a_discovery_factory_batch_runner/stage28a_exact_trades.csv,calendar_time_risk_proxy_v1,calendar_drop_monday_h9_tp06_sl065,-1.3552250000001096,-2.4052250000001094,-3.105225000000109,0,0,0,0,2.4052250000001094,14.579999999999927,4.2999999999999545,0.34883720930232925,11.460000000000036,0.47382198952878,5.320000000000164,3.317499999999973,0.116,1.0,,,9,2,7.0,2022
2022-07-28 09:00:00+00:00|1.0|calendar_drop_monday_h9_tp06_sl065,2022-07-28 09:00:00+00:00,STAGE28A,data/reports/stage28a_discovery_factory_batch_runner/stage28a_exact_trades.csv,calendar_time_risk_proxy_v1,calendar_drop_monday_h9_tp06_sl065,0.5856999999999971,-0.4643000000000028,-1.1643000000000026,0,0,0,0,0.4643000000000028,28.660000000000082,7.730000000000018,0.18111254851230113,13.089999999999918,0.32773109243697407,3.509999999999991,4.741500000000007,0.692,1.0,,,9,3,7.0,2022
2022-07-29 09:00:00+00:00|1.0|calendar_drop_monday_h9_tp06_sl065,2022-07-29 09:00:00+00:00,STAGE28A,data/reports/stage28a_discovery_factory_batch_runner/stage28a_exact_trades.csv,calendar_time_risk_proxy_v1,calendar_drop_monday_h9_tp06_sl065,-1.540475000000106,-2.5904750000001058,-3.290475000000105,0,0,0,0,2.5904750000001058,23.1400000000001,11.269999999999982,0.6752440106477295,11.579999999999927,0.22625215889465758,4.019999999999982,4.642999999999984,0.644,1.0,,,9,4,7.0,2022
2022-07-29 22:45:00+00:00|1.0|calendar_drop_monday_h9_tp06_sl065,2022-07-29 22:45:00+00:00,STAGE28A,data/reports/stage28a_discovery_factory_batch_runner/stage28a_exact_trades.csv,calendar_time_risk_proxy_v1,calendar_drop_monday_h9_tp06_sl065,-0.35,-1.4,-2.1,0,0,0,0,1.4,23.1400000000001,11.269999999999982,0.6752440106477295,11.579999999999927,0.22625215889465758,2.769999999999982,4.687999999999988,0.716,1.0,,,9,4,7.0,2022
2022-08-02 09:00:00+00:00|-1.0|calendar_drop_monday_h9_tp06_sl065,2022-08-02 09:00:00+00:00,STAGE28A,data/reports/stage28a_discovery_factory_batch_runner/stage28a_exact_trades.csv,calendar_time_risk_proxy_v1,calendar_drop_monday_h9_tp06_sl065,0.612099999999964,-0.4379000000000359,-1.1379000000000357,0,0,0,0,0.4379000000000359,16.699999999999818,9.649999999999864,0.30880829015544664,7.150000000000091,0.008391608391600653,3.290000000000191,4.108000000000027,0.504,-1.0,,,9,1,8.0,2022
2022-08-03 09:00:00+00:00|-1.0|calendar_drop_monday_h9_tp06_sl065,2022-08-03 09:00:00+00:00,STAGE28A,data/reports/stage28a_discovery_factory_batch_runner/stage28a_exact_trades.csv,calendar_time_risk_proxy_v1,calendar_drop_monday_h9_tp06_sl065,-1.5947500000000674,-2.644750000000067,-3.344750000000067,0,0,0,0,2.644750000000067,28.529999999999973,14.2800000000002,0.6435574229691825,6.519999999999982,0.4647239263803652,3.5799999999999272,5.808500000000015,0.944,-1.0,,,9,2,8.0,2022
2022-08-04 09:00:00+00:00|1.0|calendar_drop_monday_h9_tp06_sl065,2022-08-04 09:00:00+00:00,STAGE28A,data/reports/stage28a_discovery_factory_batch_runner/stage28a_exact_trades.csv,calendar_time_risk_proxy_v1,calendar_drop_monday_h9_tp06_sl065,0.5712999999999738,-0.4787000000000261,-1.1787000000000258,0,0,0,0,0.4787000000000261,18.460000000000036,8.320000000000164,0.889423076923043,11.079999999999927,0.8086642599278064,5.259999999999991,4.116500000000042,0.372,1.0,,,9,3,8.0,2022
2022-08-05 09:00:00+00:00|-1.0|calendar_drop_monday_h9_tp06_sl065,2022-08-05 09:00:00+00:00,STAGE28A,data/reports/stage28a_discovery_factory_batch_runner/stage28a_exact_trades.csv,calendar_time_risk_proxy_v1,calendar_drop_monday_h9_tp06_sl065,-1.35912500000004,-2.40912500000004,-3.10912500000004,0,0,0,0,2.40912500000004,31.680000000000064,6.100000000000136,0.19180327868853222,7.569999999999936,0.7384412153236414,2.8299999999999272,4.033500000000037,0.316,-1.0,,,9,4,8.0,2022
2022-08-05 22:45:00+00:00|1.0|calendar_drop_monday_h9_tp06_sl065,2022-08-05 22:45:00+00:00,STAGE28A,data/reports/stage28a_discovery_factory_batch_runner/stage28a_exact_trades.csv,calendar_time_risk_proxy_v1,calendar_drop_monday_h9_tp06_sl065,0.750400000000036,-0.2995999999999639,-0.9995999999999636,0,0,0,0,0.2995999999999639,31.680000000000064,6.100000000000136,0.19180327868853222,7.569999999999936,0.7384412153236414,3.5399999999999636,4.851500000000021,0.812,1.0,,,9,4,8.0,2022
2022-08-09 09:00:00+00:00|1.0|calendar_drop_monday_h9_tp06_sl065,2022-08-09 09:00:00+00:00,STAGE28A,data/reports/stage28a_discovery_factory_batch_runner/stage28a_exact_trades.csv,calendar_time_risk_proxy_v1,calendar_drop_monday_h9_tp06_sl065,0.3619000000000142,-0.6880999999999857,-1.3880999999999857,0,0,0,0,0.6880999999999857,19.449999999999818,7.440000000000055,0.3360215053763416,9.8599999999999,0.5324543610547722,3.3599999999999,3.1030000000000086,0.024,1.0,,,9,1,8.0,2022
2022-08-10 09:00:00+00:00|1.0|calendar_drop_monday_h9_tp06_sl065,2022-08-10 09:00:00+00:00,STAGE28A,data/reports/stage28a_discovery_factory_batch_runner/stage28a_exact_trades.csv,calendar_time_risk_proxy_v1,calendar_drop_monday_h9_tp06_sl065,-1.0675999999999477,-2.1175999999999475,-2.8175999999999477,0,0,0,0,2.1175999999999475,17.15000000000009,4.0,0.5999999999999659,7.539999999999964,0.3859416445623168,2.2000000000000455,3.2119999999999775,0.06,1.0,,,9,2,8.0,2022
2022-08-11 09:00:00+00:00|1.0|calendar_drop_monday_h9_tp06_sl065,2022-08-11 09:00:00+00:00,STAGE28A,data/reports/stage28a_discovery_factory_batch_runner/stage28a_exact_trades.csv,calendar_time_risk_proxy_v1,calendar_drop_monday_h9_tp06_sl065,0.5661999999998898,-0.4838000000001101,-1.18380000000011,0,0,0,0,0.4838000000001101,20.269999999999982,8.3900000000001,0.6376638855780506,6.789999999999964,0.6465390279823117,3.2199999999998,4.590499999999997,0.6,1.0,,,9,3,8.0,2022
2022-08-12 09:00:00+00:00|-1.0|calendar_drop_monday_h9_tp06_sl065,2022-08-12 09:00:00+00:00,STAGE28A,data/reports/stage28a_discovery_factory_batch_runner/stage28a_exact_trades.csv,calendar_time_risk_proxy_v1,calendar_drop_monday_h9_tp06_sl065,-1.161200000000099,-2.211200000000099,-2.9112000000000986,0,0,0,0,2.211200000000099,15.679999999999836,5.190000000000055,0.6358381502890019,8.059999999999945,0.440446650124095,2.3999999999998636,3.755000000000018,0.256,-1.0,,,9,4,8.0,2022
2022-08-12 22:45:00+00:00|1.0|calendar_drop_monday_h9_tp06_sl065,2022-08-12 22:45:00+00:00,STAGE28A,data/reports/stage28a_discovery_factory_batch_runner/stage28a_exact_trades.csv,calendar_time_risk_proxy_v1,calendar_drop_monday_h9_tp06_sl065,-0.35,-1.4,-2.1,0,0,0,0,1.4,15.679999999999836,5.190000000000055,0.6358381502890019,8.059999999999945,0.440446650124095,3.6800000000000637,4.034999999999991,0.452,1.0,,,9,4,8.0,2022
2022-08-16 09:00:00+00:00|-1.0|calendar_drop_monday_h9_tp06_sl065,2022-08-16 09:00:00+00:00,STAGE28A,data/reports/stage28a_discovery_factory_batch_runner/stage28a_exact_trades.csv,calendar_time_risk_proxy_v1,calendar_drop_monday_h9_tp06_sl065,0.3880000000000564,-0.6619999999999435,-1.3619999999999433,0,0,0,0,0.6619999999999435,29.309999999999945,6.2999999999999545,0.46190476190477825,8.120000000000118,0.6896551724137998,1.6300000000001091,3.6069999999999935,0.236,-1.0,,,9,1,8.0,2022
2022-08-17 09:00:00+00:00|-1.0|calendar_drop_monday_h9_tp06_sl065,2022-08-17 09:00:00+00:00,STAGE28A,data/reports/stage28a_discovery_factory_batch_runner/stage28a_exact_trades.csv,calendar_time_risk_proxy_v1,calendar_drop_monday_h9_tp06_sl065,-1.1628249999999754,-2.212824999999975,-2.912824999999975,0,0,0,0,2.212824999999975,11.660000000000082,3.1499999999998636,0.17777777777776815,10.319999999999936,0.22093023255813826,3.6900000000000546,2.9245000000000005,0.052,-1.0,,,9,2,8.0,2022
2022-08-18 09:00:00+00:00|1.0|calendar_drop_monday_h9_tp06_sl065,2022-08-18 09:00:00+00:00,STAGE28A,data/reports/stage28a_discovery_factory_batch_runner/stage28a_exact_trades.csv,calendar_time_risk_proxy_v1,calendar_drop_monday_h9_tp06_sl065,-1.153724999999986,-2.2037249999999857,-2.903724999999985,0,0,0,0,2.2037249999999857,22.449999999999818,5.760000000000218,0.032986111111119334,8.139999999999873,0.7960687960688108,2.519999999999982,3.961000000000001,0.56,1.0,,,9,3,8.0,2022
2022-08-19 09:00:00+00:00|-1.0|calendar_drop_monday_h9_tp06_sl065,2022-08-19 09:00:00+00:00,STAGE28A,data/reports/stage28a_discovery_factory_batch_runner/stage28a_exact_trades.csv,calendar_time_risk_proxy_v1,calendar_drop_monday_h9_tp06_sl065,0.5715999999998985,-0.4784000000001014,-1.1784000000001011,0,0,0,0,0.4784000000001014,17.089999999999918,5.740000000000009,0.548780487804893,5.559999999999945,0.13129496402878155,4.680000000000064,3.467500000000018,0.388,-1.0,,,9,4,8.0,2022
2022-08-19 22:45:00+00:00|1.0|calendar_drop_monday_h9_tp06_sl065,2022-08-19 22:45:00+00:00,STAGE28A,data/reports/stage28a_discovery_factory_batch_runner/stage28a_exact_trades.csv,calendar_time_risk_proxy_v1,calendar_drop_monday_h9_tp06_sl065,0.5649999999999636,-0.4850000000000363,-1.185000000000036,0,0,0,0,0.4850000000000363,17.089999999999918,5.740000000000009,0.548780487804893,5.559999999999945,0.13129496402878155,3.2100000000000364,3.7059999999999604,0.528,1.0,,,9,4,8.0,2022
2022-08-23 09:00:00+00:00|1.0|calendar_drop_monday_h9_tp06_sl065,2022-08-23 09:00:00+00:00,STAGE28A,data/reports/stage28a_discovery_factory_batch_runner/stage28a_exact_trades.csv,calendar_time_risk_proxy_v1,calendar_drop_monday_h9_tp06_sl065,-1.224250000000075,-2.2742500000000745,-2.9742500000000742,0,0,0,0,2.2742500000000745,21.340000000000146,6.380000000000109,0.4247648902821301,9.120000000000118,0.10087719298246281,2.3999999999998636,3.3700000000000045,0.344,1.0,,,9,1,8.0,2022
2022-08-24 09:00:00+00:00|1.0|calendar_drop_monday_h9_tp06_sl065,2022-08-24 09:00:00+00:00,STAGE28A,data/reports/stage28a_discovery_factory_batch_runner/stage28a_exact_trades.csv,calendar_time_risk_proxy_v1,calendar_drop_monday_h9_tp06_sl065,0.2902000000000498,-0.7597999999999501,-1.4597999999999498,0,0,0,0,0.7597999999999501,23.309999999999945,3.979999999999791,0.36934673366836795,9.430000000000064,0.3955461293743365,2.400000000000091,3.6299999999999613,0.472,1.0,,,9,2,8.0,2022
2022-08-25 09:00:00+00:00|1.0|calendar_drop_monday_h9_tp06_sl065,2022-08-25 09:00:00+00:00,STAGE28A,data/reports/stage28a_discovery_factory_batch_runner/stage28a_exact_trades.csv,calendar_time_risk_proxy_v1,calendar_drop_monday_h9_tp06_sl065,-1.1950000000000274,-2.245000000000027,-2.945000000000027,0,0,0,0,2.245000000000027,13.490000000000009,7.819999999999936,0.6598465473145647,9.720000000000027,0.7150205761316899,2.75,3.4000000000000115,0.348,1.0,,,9,3,8.0,2022
2022-08-26 09:00:00+00:00|-1.0|calendar_drop_monday_h9_tp06_sl065,2022-08-26 09:00:00+00:00,STAGE28A,data/reports/stage28a_discovery_factory_batch_runner/stage28a_exact_trades.csv,calendar_time_risk_proxy_v1,calendar_drop_monday_h9_tp06_sl065,-1.1907749999998942,-2.240774999999894,-2.940774999999894,0,0,0,0,2.240774999999894,15.519999999999982,6.579999999999927,0.03647416413374039,9.5,0.804210526315776,2.269999999999982,3.132499999999948,0.164,-1.0,,,9,4,8.0,2022
2022-08-26 22:45:00+00:00|1.0|calendar_drop_monday_h9_tp06_sl065,2022-08-26 22:45:00+00:00,STAGE28A,data/reports/stage28a_discovery_factory_batch_runner/stage28a_exact_trades.csv,calendar_time_risk_proxy_v1,calendar_drop_monday_h9_tp06_sl065,0.8545000000000528,-0.1954999999999471,-0.8954999999999469,0,0,0,0,0.1954999999999471,15.519999999999982,6.579999999999927,0.03647416413374039,9.5,0.804210526315776,2.8500000000001364,4.438999999999953,0.988,1.0,,,9,4,8.0,2022
2022-08-30 09:00:00+00:00|-1.0|calendar_drop_monday_h9_tp06_sl065,2022-08-30 09:00:00+00:00,STAGE28A,data/reports/stage28a_discovery_factory_batch_runner/stage28a_exact_trades.csv,calendar_time_risk_proxy_v1,calendar_drop_monday_h9_tp06_sl065,-1.3392999999999575,-2.3892999999999573,-3.089299999999957,0,0,0,0,2.3892999999999573,25.179999999999836,6.619999999999891,0.38670694864051586,8.840000000000146,0.07352941176468925,2.3099999999999454,3.8484999999999787,0.652,-1.0,,,9,1,8.0,2022
2022-08-31 09:00:00+00:00|-1.0|calendar_drop_monday_h9_tp06_sl065,2022-08-31 09:00:00+00:00,STAGE28A,data/reports/stage28a_discovery_factory_batch_runner/stage28a_exact_trades.csv,calendar_time_risk_proxy_v1,calendar_drop_monday_h9_tp06_sl065,-1.3308499999999186,-2.3808499999999184,-3.080849999999918,0,0,0,0,2.3808499999999184,19.339999999999918,3.8899999999998727,0.26478149100257237,15.8599999999999,0.8209331651954643,2.9699999999998,2.9989999999999783,0.112,-1.0,,,9,2,8.0,2022
2022-09-01 09:00:00+00:00|-1.0|calendar_drop_monday_h9_tp06_sl065,2022-09-01 09:00:00+00:00,STAGE28A,data/reports/stage28a_discovery_factory_batch_runner/stage28a_exact_trades.csv,calendar_time_risk_proxy_v1,calendar_drop_monday_h9_tp06_sl065,-1.3103749999998855,-2.3603749999998853,-3.060374999999885,0,0,0,0,2.3603749999998853,16.909999999999854,9.11999999999989,0.7225877192982453,8.200000000000045,0.14878048780488054,5.829999999999927,4.3044999999999956,0.848,-1.0,,,9,3,9.0,2022
2022-09-02 09:00:00+00:00|1.0|calendar_drop_monday_h9_tp06_sl065,2022-09-02 09:00:00+00:00,STAGE28A,data/reports/stage28a_discovery_factory_batch_runner/stage28a_exact_trades.csv,calendar_time_risk_proxy_v1,calendar_drop_monday_h9_tp06_sl065,0.3382000000000517,-0.7117999999999483,-1.411799999999948,0,0,0,0,0.7117999999999483,22.61999999999989,5.330000000000155,0.7448405253283137,8.539999999999964,0.8723653395784368,2.8099999999999454,4.123500000000012,0.748,1.0,,,9,4,9.0,2022
2022-09-02 22:45:00+00:00|1.0|calendar_drop_monday_h9_tp06_sl065,2022-09-02 22:45:00+00:00,STAGE28A,data/reports/stage28a_discovery_factory_batch_runner/stage28a_exact_trades.csv,calendar_time_risk_proxy_v1,calendar_drop_monday_h9_tp06_sl065,-0.35,-1.4,-2.1,0,0,0,0,1.4,22.61999999999989,5.330000000000155,0.7448405253283137,8.539999999999964,0.8723653395784368,4.710000000000036,3.7680000000000065,0.544,1.0,,,9,4,9.0,2022
2022-09-06 09:00:00+00:00|-1.0|calendar_drop_monday_h9_tp06_sl065,2022-09-06 09:00:00+00:00,STAGE28A,data/reports/stage28a_discovery_factory_batch_runner/stage28a_exact_trades.csv,calendar_time_risk_proxy_v1,calendar_drop_monday_h9_tp06_sl065,-1.294774999999936,-2.344774999999936,-3.044774999999936,0,0,0,0,2.344774999999936,8.049999999999955,16.909999999999854,0.2950916617386193,9.699999999999818,0.6608247422680621,4.0900000000001455,3.2525000000000093,0.228,-1.0,,,9,1,9.0,2022
2022-09-07 09:00:00+00:00|1.0|calendar_drop_monday_h9_tp06_sl065,2022-09-07 09:00:00+00:00,STAGE28A,data/reports/stage28a_discovery_factory_batch_runner/stage28a_exact_trades.csv,calendar_time_risk_proxy_v1,calendar_drop_monday_h9_tp06_sl065,-1.5550999999999022,-2.605099999999902,-3.305099999999902,0,0,0,0,2.605099999999902,26.909999999999854,11.450000000000045,0.618340611353703,15.829999999999927,0.8597599494630425,2.8200000000001637,4.2085000000000035,0.748,1.0,,,9,2,9.0,2022
2022-09-08 09:00:00+00:00|1.0|calendar_drop_monday_h9_tp06_sl065,2022-09-08 09:00:00+00:00,STAGE28A,data/reports/stage28a_discovery_factory_batch_runner/stage28a_exact_trades.csv,calendar_time_risk_proxy_v1,calendar_drop_monday_h9_tp06_sl065,-1.408524999999918,-2.4585249999999177,-3.158524999999917,0,0,0,0,2.4585249999999177,28.09999999999991,5.789999999999964,0.6269430051813699,8.8900000000001,0.6850393700787488,2.9500000000000455,3.8695000000000164,0.5,1.0,,,9,3,9.0,2022
2022-09-09 09:00:00+00:00|1.0|calendar_drop_monday_h9_tp06_sl065,2022-09-09 09:00:00+00:00,STAGE28A,data/reports/stage28a_discovery_factory_batch_runner/stage28a_exact_trades.csv,calendar_time_risk_proxy_v1,calendar_drop_monday_h9_tp06_sl065,-1.3074499999998808,-2.3574499999998806,-3.0574499999998803,0,0,0,0,2.3574499999998806,24.13000000000011,12.230000000000018,0.821749795584623,11.269999999999982,0.7080745341614935,2.990000000000009,4.150999999999999,0.592,1.0,,,9,4,9.0,2022
2022-09-09 22:45:00+00:00|1.0|calendar_drop_monday_h9_tp06_sl065,2022-09-09 22:45:00+00:00,STAGE28A,data/reports/stage28a_discovery_factory_batch_runner/stage28a_exact_trades.csv,calendar_time_risk_proxy_v1,calendar_drop_monday_h9_tp06_sl065,-0.35,-1.4,-2.1,0,0,0,0,1.4,24.13000000000011,12.230000000000018,0.821749795584623,11.269999999999982,0.7080745341614935,1.9600000000000364,4.281500000000006,0.676,1.0,,,9,4,9.0,2022
2022-09-13 09:00:00+00:00|1.0|calendar_drop_monday_h9_tp06_sl065,2022-09-13 09:00:00+00:00,STAGE28A,data/reports/stage28a_discovery_factory_batch_runner/stage28a_exact_trades.csv,calendar_time_risk_proxy_v1,calendar_drop_monday_h9_tp06_sl065,-1.3594500000000154,-2.409450000000015,-3.109450000000015,0,0,0,0,2.409450000000015,23.170000000000073,6.830000000000155,0.5710102489019038,8.160000000000082,0.6580882352940977,2.9400000000000546,3.811000000000013,0.364,1.0,,,9,1,9.0,2022
2022-09-14 09:00:00+00:00|1.0|calendar_drop_monday_h9_tp06_sl065,2022-09-14 09:00:00+00:00,STAGE28A,data/reports/stage28a_discovery_factory_batch_runner/stage28a_exact_trades.csv,calendar_time_risk_proxy_v1,calendar_drop_monday_h9_tp06_sl065,-1.4894500000001245,-2.5394500000001243,-3.239450000000124,0,0,0,0,2.5394500000001243,34.73000000000002,6.289999999999964,0.25119236883941753,7.259999999999991,0.6170798898071658,3.1700000000000728,5.270000000000039,0.996,1.0,,,9,2,9.0,2022
2022-09-15 09:00:00+00:00|-1.0|calendar_drop_monday_h9_tp06_sl065,2022-09-15 09:00:00+00:00,STAGE28A,data/reports/stage28a_discovery_factory_batch_runner/stage28a_exact_trades.csv,calendar_time_risk_proxy_v1,calendar_drop_monday_h9_tp06_sl065,-1.4312750000000052,-2.481275000000005,-3.1812750000000047,0,0,0,0,2.481275000000005,13.440000000000055,7.509999999999991,0.6378162450066537,7.75,0.4141935483871015,3.650000000000091,3.3424999999999727,0.144,-1.0,,,9,3,9.0,2022
2022-09-16 09:00:00+00:00|-1.0|calendar_drop_monday_h9_tp06_sl065,2022-09-16 09:00:00+00:00,STAGE28A,data/reports/stage28a_discovery_factory_batch_runner/stage28a_exact_trades.csv,calendar_time_risk_proxy_v1,calendar_drop_monday_h9_tp06_sl065,0.5088999999999487,-0.5411000000000512,-1.241100000000051,0,0,0,0,0.5411000000000512,37.899999999999864,6.4500000000000455,0.26976744186046464,12.11999999999989,0.3902640264026453,1.849999999999909,5.4164999999999965,0.948,-1.0,,,9,4,9.0,2022
2022-09-16 22:45:00+00:00|1.0|calendar_drop_monday_h9_tp06_sl065,2022-09-16 22:45:00+00:00,STAGE28A,data/reports/stage28a_discovery_factory_batch_runner/stage28a_exact_trades.csv,calendar_time_risk_proxy_v1,calendar_drop_monday_h9_tp06_sl065,0.8250999999999294,-0.2249000000000705,-0.9249000000000702,0,0,0,0,0.2249000000000705,37.899999999999864,6.4500000000000455,0.26976744186046464,12.11999999999989,0.3902640264026453,4.940000000000055,5.365999999999962,0.932,1.0,,,9,4,9.0,2022
2022-09-20 09:00:00+00:00|-1.0|calendar_drop_monday_h9_tp06_sl065,2022-09-20 09:00:00+00:00,STAGE28A,data/reports/stage28a_discovery_factory_batch_runner/stage28a_exact_trades.csv,calendar_time_risk_proxy_v1,calendar_drop_monday_h9_tp06_sl065,0.4773999999998978,-0.5726000000001021,-1.272600000000102,0,0,0,0,0.5726000000001021,20.230000000000018,6.029999999999973,0.2338308457711212,10.629999999999882,0.8701787394167547,3.1399999999998727,3.5730000000000133,0.188,-1.0,,,9,1,9.0,2022
2022-09-21 09:00:00+00:00|1.0|calendar_drop_monday_h9_tp06_sl065,2022-09-21 09:00:00+00:00,STAGE28A,data/reports/stage28a_discovery_factory_batch_runner/stage28a_exact_trades.csv,calendar_time_risk_proxy_v1,calendar_drop_monday_h9_tp06_sl065,-1.3376750000000812,-2.387675000000081,-3.0876750000000808,0,0,0,0,2.387675000000081,19.49000000000001,4.599999999999909,0.31304347826083817,14.440000000000055,0.6606648199445934,4.410000000000082,3.175000000000023,0.04,1.0,,,9,2,9.0,2022
2022-09-22 09:00:00+00:00|1.0|calendar_drop_monday_h9_tp06_sl065,2022-09-22 09:00:00+00:00,STAGE28A,data/reports/stage28a_discovery_factory_batch_runner/stage28a_exact_trades.csv,calendar_time_risk_proxy_v1,calendar_drop_monday_h9_tp06_sl065,0.8827000000000226,-0.1672999999999773,-0.8672999999999771,0,0,0,0,0.1672999999999773,34.13999999999987,16.600000000000136,0.6379518072289055,22.539999999999964,0.2666370896184561,3.589999999999918,6.47249999999998,0.976,1.0,,,9,3,9.0,2022
2022-09-23 09:00:00+00:00|-1.0|calendar_drop_monday_h9_tp06_sl065,2022-09-23 09:00:00+00:00,STAGE28A,data/reports/stage28a_discovery_factory_batch_runner/stage28a_exact_trades.csv,calendar_time_risk_proxy_v1,calendar_drop_monday_h9_tp06_sl065,0.5602000000000317,-0.4897999999999682,-1.189799999999968,0,0,0,0,0.4897999999999682,29.309999999999945,7.279999999999973,0.2967032967033091,21.38000000000011,0.5673526660430225,4.119999999999891,4.4330000000000265,0.596,-1.0,,,9,4,9.0,2022
2022-09-23 22:45:00+00:00|1.0|calendar_drop_monday_h9_tp06_sl065,2022-09-23 22:45:00+00:00,STAGE28A,data/reports/stage28a_discovery_factory_batch_runner/stage28a_exact_trades.csv,calendar_time_risk_proxy_v1,calendar_drop_monday_h9_tp06_sl065,1.131700000000046,0.0817000000000462,-0.6182999999999534,1,0,0,0,0.0817000000000462,29.309999999999945,7.279999999999973,0.2967032967033091,21.38000000000011,0.5673526660430225,5.75,5.946000000000015,0.892,1.0,,,9,4,9.0,2022
2022-09-27 09:00:00+00:00|1.0|calendar_drop_monday_h9_tp06_sl065,2022-09-27 09:00:00+00:00,STAGE28A,data/reports/stage28a_discovery_factory_batch_runner/stage28a_exact_trades.csv,calendar_time_risk_proxy_v1,calendar_drop_monday_h9_tp06_sl065,0.5773000000000593,-0.4726999999999406,-1.1726999999999403,0,0,0,0,0.4726999999999406,28.61999999999989,10.209999999999809,0.36924583741430483,9.63000000000011,0.1921079958463256,5.210000000000036,5.040999999999974,0.516,1.0,,,9,1,9.0,2022
2022-09-28 09:00:00+00:00|-1.0|calendar_drop_monday_h9_tp06_sl065,2022-09-28 09:00:00+00:00,STAGE28A,data/reports/stage28a_discovery_factory_batch_runner/stage28a_exact_trades.csv,calendar_time_risk_proxy_v1,calendar_drop_monday_h9_tp06_sl065,-1.3701750000001085,-2.4201750000001083,-3.120175000000108,0,0,0,0,2.4201750000001083,19.6099999999999,7.720000000000027,0.6968911917098268,10.920000000000073,0.7225274725274768,2.980000000000018,4.032500000000016,0.316,-1.0,,,9,2,9.0,2022
2022-09-29 09:00:00+00:00|-1.0|calendar_drop_monday_h9_tp06_sl065,2022-09-29 09:00:00+00:00,STAGE28A,data/reports/stage28a_discovery_factory_batch_runner/stage28a_exact_trades.csv,calendar_time_risk_proxy_v1,calendar_drop_monday_h9_tp06_sl065,-1.7757749999999306,-2.8257749999999304,-3.52577499999993,0,0,0,0,2.8257749999999304,47.98000000000002,7.710000000000036,0.4137483787289286,13.070000000000164,0.5057383320581345,9.690000000000055,6.343000000000006,0.792,-1.0,,,9,3,9.0,2022
2022-09-30 09:00:00+00:00|1.0|calendar_drop_monday_h9_tp06_sl065,2022-09-30 09:00:00+00:00,STAGE28A,data/reports/stage28a_discovery_factory_batch_runner/stage28a_exact_trades.csv,calendar_time_risk_proxy_v1,calendar_drop_monday_h9_tp06_sl065,-1.3919500000000429,-2.4419500000000425,-3.141950000000042,0,0,0,0,2.4419500000000425,23.40000000000009,5.970000000000027,0.15577889447237175,12.980000000000018,0.41063174114022705,5.229999999999791,4.745999999999969,0.412,1.0,,,9,4,9.0,2022
2022-09-30 22:45:00+00:00|1.0|calendar_drop_monday_h9_tp06_sl065,2022-09-30 22:45:00+00:00,STAGE28A,data/reports/stage28a_discovery_factory_batch_runner/stage28a_exact_trades.csv,calendar_time_risk_proxy_v1,calendar_drop_monday_h9_tp06_sl065,-0.35,-1.4,-2.1,0,0,0,0,1.4,23.40000000000009,5.970000000000027,0.15577889447237175,12.980000000000018,0.41063174114022705,3.3600000000001273,4.76450000000001,0.456,1.0,,,9,4,9.0,2022
2022-10-04 09:00:00+00:00|1.0|calendar_drop_monday_h9_tp06_sl065,2022-10-04 09:00:00+00:00,STAGE28A,data/reports/stage28a_discovery_factory_batch_runner/stage28a_exact_trades.csv,calendar_time_risk_proxy_v1,calendar_drop_monday_h9_tp06_sl065,0.8482000000000426,-0.2017999999999573,-0.9017999999999572,0,0,0,0,0.2017999999999573,41.819999999999936,7.339999999999918,0.08446866485012232,13.170000000000073,0.6522399392558748,6.440000000000055,5.827999999999998,0.664,1.0,,,9,1,10.0,2022
2022-10-05 09:00:00+00:00|-1.0|calendar_drop_monday_h9_tp06_sl065,2022-10-05 09:00:00+00:00,STAGE28A,data/reports/stage28a_discovery_factory_batch_runner/stage28a_exact_trades.csv,calendar_time_risk_proxy_v1,calendar_drop_monday_h9_tp06_sl065,0.8802999999999429,-0.169700000000057,-0.8697000000000568,0,0,0,0,0.169700000000057,34.200000000000045,8.230000000000018,0.7095990279465255,21.699999999999818,0.5949308755760456,4.350000000000136,4.887499999999989,0.416,-1.0,,,9,2,10.0,2022
2022-10-06 09:00:00+00:00|-1.0|calendar_drop_monday_h9_tp06_sl065,2022-10-06 09:00:00+00:00,STAGE28A,data/reports/stage28a_discovery_factory_batch_runner/stage28a_exact_trades.csv,calendar_time_risk_proxy_v1,calendar_drop_monday_h9_tp06_sl065,0.6645999999999731,-0.3854000000000268,-1.0854000000000266,0,0,0,0,0.3854000000000268,27.309999999999945,9.439999999999827,0.6430084745762762,12.129999999999882,0.6158285243198763,3.5900000000001455,4.90350000000002,0.332,-1.0,,,9,3,10.0,2022
2022-10-07 09:00:00+00:00|1.0|calendar_drop_monday_h9_tp06_sl065,2022-10-07 09:00:00+00:00,STAGE28A,data/reports/stage28a_discovery_factory_batch_runner/stage28a_exact_trades.csv,calendar_time_risk_proxy_v1,calendar_drop_monday_h9_tp06_sl065,0.6427000000000135,-0.4072999999999864,-1.1072999999999862,0,0,0,0,0.4072999999999864,18.649999999999864,4.269999999999982,0.4637002341920437,6.3900000000001,0.45539906103283395,4.269999999999982,3.7460000000000035,0.008,1.0,,,9,4,10.0,2022
2022-10-07 22:45:00+00:00|1.0|calendar_drop_monday_h9_tp06_sl065,2022-10-07 22:45:00+00:00,STAGE28A,data/reports/stage28a_discovery_factory_batch_runner/stage28a_exact_trades.csv,calendar_time_risk_proxy_v1,calendar_drop_monday_h9_tp06_sl065,1.1193999999999504,0.0693999999999506,-0.6306000000000491,1,0,0,0,0.0693999999999506,18.649999999999864,4.269999999999982,0.4637002341920437,6.3900000000001,0.45539906103283395,3.839999999999918,5.5434999999999945,0.64,1.0,,,9,4,10.0,2022
2022-10-11 09:00:00+00:00|1.0|calendar_drop_monday_h9_tp06_sl065,2022-10-11 09:00:00+00:00,STAGE28A,data/reports/stage28a_discovery_factory_batch_runner/stage28a_exact_trades.csv,calendar_time_risk_proxy_v1,calendar_drop_monday_h9_tp06_sl065,1.1098000000000865,0.0598000000000866,-0.6401999999999131,1,0,0,0,0.0598000000000866,34.23000000000002,12.269999999999982,0.37734311328444303,7.810000000000173,0.20102432778487855,4.120000000000118,4.2529999999999974,0.128,1.0,,,9,1,10.0,2022
2022-10-12 09:00:00+00:00|1.0|calendar_drop_monday_h9_tp06_sl065,2022-10-12 09:00:00+00:00,STAGE28A,data/reports/stage28a_discovery_factory_batch_runner/stage28a_exact_trades.csv,calendar_time_risk_proxy_v1,calendar_drop_monday_h9_tp06_sl065,0.8653000000000702,-0.1846999999999297,-0.8846999999999294,0,0,0,0,0.1846999999999297,22.8900000000001,5.490000000000009,0.14207650273223524,10.549999999999955,0.45118483412322385,4.459999999999809,5.0260000000000336,0.54,1.0,,,9,2,10.0,2022
2022-10-13 09:00:00+00:00|1.0|calendar_drop_monday_h9_tp06_sl065,2022-10-13 09:00:00+00:00,STAGE28A,data/reports/stage28a_discovery_factory_batch_runner/stage28a_exact_trades.csv,calendar_time_risk_proxy_v1,calendar_drop_monday_h9_tp06_sl065,0.3481000000000677,-0.7018999999999322,-1.401899999999932,0,0,0,0,0.7018999999999322,16.950000000000045,6.440000000000055,0.669254658385079,10.8900000000001,0.5096418732782281,2.1400000000001,3.280500000000063,0.004,1.0,,,9,3,10.0,2022
2022-10-14 09:00:00+00:00|-1.0|calendar_drop_monday_h9_tp06_sl065,2022-10-14 09:00:00+00:00,STAGE28A,data/reports/stage28a_discovery_factory_batch_runner/stage28a_exact_trades.csv,calendar_time_risk_proxy_v1,calendar_drop_monday_h9_tp06_sl065,-1.729950000000008,-2.779950000000008,-3.479950000000008,0,0,0,0,2.779950000000008,40.01999999999998,11.259999999999991,0.3028419182948565,21.539999999999964,0.7000928505106861,3.980000000000018,7.225999999999999,0.988,-1.0,,,9,4,10.0,2022
2022-10-14 22:45:00+00:00|1.0|calendar_drop_monday_h9_tp06_sl065,2022-10-14 22:45:00+00:00,STAGE28A,data/reports/stage28a_discovery_factory_batch_runner/stage28a_exact_trades.csv,calendar_time_risk_proxy_v1,calendar_drop_monday_h9_tp06_sl065,-0.35,-1.4,-2.1,0,0,0,0,1.4,40.01999999999998,11.259999999999991,0.3028419182948565,21.539999999999964,0.7000928505106861,3.9500000000000455,6.210500000000013,0.928,1.0,,,9,4,10.0,2022
2022-10-18 09:00:00+00:00|-1.0|calendar_drop_monday_h9_tp06_sl065,2022-10-18 09:00:00+00:00,STAGE28A,data/reports/stage28a_discovery_factory_batch_runner/stage28a_exact_trades.csv,calendar_time_risk_proxy_v1,calendar_drop_monday_h9_tp06_sl065,-1.6496749999999794,-2.699674999999979,-3.399674999999979,0,0,0,0,2.699674999999979,25.279999999999973,4.639999999999873,0.4008620689655067,12.230000000000018,0.039247751430909035,4.559999999999945,4.326499999999987,0.228,-1.0,,,9,1,10.0,2022
2022-10-19 09:00:00+00:00|-1.0|calendar_drop_monday_h9_tp06_sl065,2022-10-19 09:00:00+00:00,STAGE28A,data/reports/stage28a_discovery_factory_batch_runner/stage28a_exact_trades.csv,calendar_time_risk_proxy_v1,calendar_drop_monday_h9_tp06_sl065,0.4923999999999978,-0.5576000000000021,-1.2576000000000018,0,0,0,0,0.5576000000000021,15.049999999999955,5.379999999999882,0.6189591078067338,11.819999999999936,0.6142131979695457,2.8299999999999272,3.4424999999999613,0.036,-1.0,,,9,2,10.0,2022
2022-10-20 09:00:00+00:00|1.0|calendar_drop_monday_h9_tp06_sl065,2022-10-20 09:00:00+00:00,STAGE28A,data/reports/stage28a_discovery_factory_batch_runner/stage28a_exact_trades.csv,calendar_time_risk_proxy_v1,calendar_drop_monday_h9_tp06_sl065,-1.6766499999999724,-2.7266499999999723,-3.426649999999972,0,0,0,0,2.7266499999999723,26.74000000000001,7.850000000000136,0.21910828025477674,10.799999999999955,0.7990740740740876,3.519999999999982,3.921499999999992,0.116,1.0,,,9,3,10.0,2022
2022-10-21 09:00:00+00:00|-1.0|calendar_drop_monday_h9_tp06_sl065,2022-10-21 09:00:00+00:00,STAGE28A,data/reports/stage28a_discovery_factory_batch_runner/stage28a_exact_trades.csv,calendar_time_risk_proxy_v1,calendar_drop_monday_h9_tp06_sl065,-1.481650000000036,-2.531650000000036,-3.231650000000036,0,0,0,0,2.531650000000036,23.12000000000012,7.769999999999982,0.653796653796646,10.059999999999945,0.37872763419482763,3.1099999999999,4.329499999999984,0.38,-1.0,,,9,4,10.0,2022
2022-10-21 22:45:00+00:00|1.0|calendar_drop_monday_h9_tp06_sl065,2022-10-21 22:45:00+00:00,STAGE28A,data/reports/stage28a_discovery_factory_batch_runner/stage28a_exact_trades.csv,calendar_time_risk_proxy_v1,calendar_drop_monday_h9_tp06_sl065,-0.35,-1.4,-2.1,0,0,0,0,1.4,23.12000000000012,7.769999999999982,0.653796653796646,10.059999999999945,0.37872763419482763,3.6499999999998636,5.90799999999997,0.896,1.0,,,9,4,10.0,2022
2022-10-25 09:00:00+00:00|-1.0|calendar_drop_monday_h9_tp06_sl065,2022-10-25 09:00:00+00:00,STAGE28A,data/reports/stage28a_discovery_factory_batch_runner/stage28a_exact_trades.csv,calendar_time_risk_proxy_v1,calendar_drop_monday_h9_tp06_sl065,0.5433999999999287,-0.5066000000000712,-1.206600000000071,0,0,0,0,0.5066000000000712,26.539999999999964,7.680000000000064,0.032552083333333065,13.129999999999882,0.885757806549902,3.189999999999827,3.766000000000031,0.076,-1.0,,,9,1,10.0,2022
2022-10-26 09:00:00+00:00|1.0|calendar_drop_monday_h9_tp06_sl065,2022-10-26 09:00:00+00:00,STAGE28A,data/reports/stage28a_discovery_factory_batch_runner/stage28a_exact_trades.csv,calendar_time_risk_proxy_v1,calendar_drop_monday_h9_tp06_sl065,-1.518049999999994,-2.5680499999999937,-3.268049999999993,0,0,0,0,2.5680499999999937,24.060000000000173,7.880000000000109,0.5862944162436329,19.779999999999973,0.6400404448938257,5.150000000000091,4.463000000000022,0.44,1.0,,,9,2,10.0,2022
2022-10-27 09:00:00+00:00|-1.0|calendar_drop_monday_h9_tp06_sl065,2022-10-27 09:00:00+00:00,STAGE28A,data/reports/stage28a_discovery_factory_batch_runner/stage28a_exact_trades.csv,calendar_time_risk_proxy_v1,calendar_drop_monday_h9_tp06_sl065,-1.578824999999915,-2.628824999999915,-3.328824999999915,0,0,0,0,2.628824999999915,25.180000000000064,8.439999999999827,0.06398104265402543,10.589999999999918,0.20774315391879722,4.529999999999973,3.97199999999998,0.18,-1.0,,,9,3,10.0,2022
2022-10-28 09:00:00+00:00|-1.0|calendar_drop_monday_h9_tp06_sl065,2022-10-28 09:00:00+00:00,STAGE28A,data/reports/stage28a_discovery_factory_batch_runner/stage28a_exact_trades.csv,calendar_time_risk_proxy_v1,calendar_drop_monday_h9_tp06_sl065,-1.543725000000086,-2.5937250000000858,-3.293725000000085,0,0,0,0,2.5937250000000858,15.939999999999827,6.419999999999845,0.39408099688474046,18.899999999999864,0.7962962962962996,5.769999999999982,4.10799999999997,0.232,-1.0,,,9,4,10.0,2022
2022-10-28 22:45:00+00:00|1.0|calendar_drop_monday_h9_tp06_sl065,2022-10-28 22:45:00+00:00,STAGE28A,data/reports/stage28a_discovery_factory_batch_runner/stage28a_exact_trades.csv,calendar_time_risk_proxy_v1,calendar_drop_monday_h9_tp06_sl065,-0.35,-1.4,-2.1,0,0,0,0,1.4,15.939999999999827,6.419999999999845,0.39408099688474046,18.899999999999864,0.7962962962962996,2.6099999999999,5.006000000000006,0.756,1.0,,,9,4,10.0,2022
2022-11-01 09:00:00+00:00|1.0|calendar_drop_monday_h9_tp06_sl065,2022-11-01 09:00:00+00:00,STAGE28A,data/reports/stage28a_discovery_factory_batch_runner/stage28a_exact_trades.csv,calendar_time_risk_proxy_v1,calendar_drop_monday_h9_tp06_sl065,-1.4507750000001125,-2.5007750000001123,-3.200775000000112,0,0,0,0,2.5007750000001123,13.779999999999973,9.440000000000055,0.5889830508474484,15.150000000000091,0.8686468646864538,5.8900000000001,3.5990000000000237,0.064,1.0,,,9,1,11.0,2022
2022-11-02 09:00:00+00:00|1.0|calendar_drop_monday_h9_tp06_sl065,2022-11-02 09:00:00+00:00,STAGE28A,data/reports/stage28a_discovery_factory_batch_runner/stage28a_exact_trades.csv,calendar_time_risk_proxy_v1,calendar_drop_monday_h9_tp06_sl065,0.5518000000000939,-0.498199999999906,-1.1981999999999058,0,0,0,0,0.498199999999906,26.399999999999864,7.350000000000136,0.31292517006801523,7.3599999999999,0.6983695652174144,2.7799999999999727,3.7914999999999623,0.204,1.0,,,9,2,11.0,2022
2022-11-03 09:00:00+00:00|-1.0|calendar_drop_monday_h9_tp06_sl065,2022-11-03 09:00:00+00:00,STAGE28A,data/reports/stage28a_discovery_factory_batch_runner/stage28a_exact_trades.csv,calendar_time_risk_proxy_v1,calendar_drop_monday_h9_tp06_sl065,-1.3175250000000234,-2.367525000000023,-3.067525000000023,0,0,0,0,2.367525000000023,37.6099999999999,9.11999999999989,0.2971491228070251,18.699999999999818,0.8711229946524129,2.9099999999998545,5.076499999999976,0.816,-1.0,,,9,3,11.0,2022
2022-11-04 09:00:00+00:00|-1.0|calendar_drop_monday_h9_tp06_sl065,2022-11-04 09:00:00+00:00,STAGE28A,data/reports/stage28a_discovery_factory_batch_runner/stage28a_exact_trades.csv,calendar_time_risk_proxy_v1,calendar_drop_monday_h9_tp06_sl065,-1.7406750000001012,-2.790675000000101,-3.490675000000101,0,0,0,0,2.790675000000101,24.37999999999988,18.419999999999845,0.9799131378935997,8.700000000000045,0.3218390804597632,4.230000000000018,4.274499999999989,0.384,-1.0,,,9,4,11.0,2022
2022-11-04 22:45:00+00:00|1.0|calendar_drop_monday_h9_tp06_sl065,2022-11-04 22:45:00+00:00,STAGE28A,data/reports/stage28a_discovery_factory_batch_runner/stage28a_exact_trades.csv,calendar_time_risk_proxy_v1,calendar_drop_monday_h9_tp06_sl065,-0.35,-1.4,-2.1,0,0,0,0,1.4,24.37999999999988,18.419999999999845,0.9799131378935997,8.700000000000045,0.3218390804597632,2.5700000000001637,6.009500000000014,0.924,1.0,,,9,4,11.0,2022
2022-11-08 09:00:00+00:00|1.0|calendar_drop_monday_h9_tp06_sl065,2022-11-08 09:00:00+00:00,STAGE28A,data/reports/stage28a_discovery_factory_batch_runner/stage28a_exact_trades.csv,calendar_time_risk_proxy_v1,calendar_drop_monday_h9_tp06_sl065,0.4710999999998876,-0.5789000000001123,-1.278900000000112,0,0,0,0,0.5789000000001123,14.930000000000064,7.279999999999973,0.5508241758241766,7.3599999999999,0.04347826086955716,3.3099999999999454,3.0909999999999855,0.016,1.0,,,9,1,11.0,2022
2022-11-09 09:00:00+00:00|-1.0|calendar_drop_monday_h9_tp06_sl065,2022-11-09 09:00:00+00:00,STAGE28A,data/reports/stage28a_discovery_factory_batch_runner/stage28a_exact_trades.csv,calendar_time_risk_proxy_v1,calendar_drop_monday_h9_tp06_sl065,0.6336999999999989,-0.416300000000001,-1.1163000000000007,0,0,0,0,0.416300000000001,52.25,6.430000000000064,0.4790046656298793,11.860000000000127,0.023608768971329654,2.259999999999991,5.3175000000000185,0.868,-1.0,,,9,2,11.0,2022
2022-11-10 09:00:00+00:00|-1.0|calendar_drop_monday_h9_tp06_sl065,2022-11-10 09:00:00+00:00,STAGE28A,data/reports/stage28a_discovery_factory_batch_runner/stage28a_exact_trades.csv,calendar_time_risk_proxy_v1,calendar_drop_monday_h9_tp06_sl065,0.6364000000000033,-0.4135999999999966,-1.1135999999999964,0,0,0,0,0.4135999999999966,20.180000000000064,6.259999999999991,0.522364217252394,8.540000000000191,0.18032786885245072,3.730000000000018,4.139999999999975,0.36,-1.0,,,9,3,11.0,2022
2022-11-11 09:00:00+00:00|1.0|calendar_drop_monday_h9_tp06_sl065,2022-11-11 09:00:00+00:00,STAGE28A,data/reports/stage28a_discovery_factory_batch_runner/stage28a_exact_trades.csv,calendar_time_risk_proxy_v1,calendar_drop_monday_h9_tp06_sl065,-2.004899999999998,-3.0548999999999977,-3.7548999999999975,0,0,0,0,3.0548999999999977,53.33999999999992,7.350000000000136,0.11020408163264359,14.100000000000136,0.3702127659574452,8.710000000000036,6.459000000000015,1.0,1.0,,,9,4,11.0,2022
2022-11-11 22:45:00+00:00|1.0|calendar_drop_monday_h9_tp06_sl065,2022-11-11 22:45:00+00:00,STAGE28A,data/reports/stage28a_discovery_factory_batch_runner/stage28a_exact_trades.csv,calendar_time_risk_proxy_v1,calendar_drop_monday_h9_tp06_sl065,-0.35,-1.4,-2.1,0,0,0,0,1.4,53.33999999999992,7.350000000000136,0.11020408163264359,14.100000000000136,0.3702127659574452,3.5699999999999363,6.103000000000032,0.96,1.0,,,9,4,11.0,2022
2022-11-15 09:00:00+00:00|1.0|calendar_drop_monday_h9_tp06_sl065,2022-11-15 09:00:00+00:00,STAGE28A,data/reports/stage28a_discovery_factory_batch_runner/stage28a_exact_trades.csv,calendar_time_risk_proxy_v1,calendar_drop_monday_h9_tp06_sl065,-1.313950000000068,-2.363950000000068,-3.063950000000068,0,0,0,0,2.363950000000068,21.77000000000021,5.259999999999991,0.26615969581750826,15.680000000000064,0.36926020408162885,2.8199999999999363,3.8385000000000105,0.22,1.0,,,9,1,11.0,2022
2022-11-16 09:00:00+00:00|1.0|calendar_drop_monday_h9_tp06_sl065,2022-11-16 09:00:00+00:00,STAGE28A,data/reports/stage28a_discovery_factory_batch_runner/stage28a_exact_trades.csv,calendar_time_risk_proxy_v1,calendar_drop_monday_h9_tp06_sl065,0.7963000000001103,-0.2536999999998897,-0.9536999999998894,0,0,0,0,0.2536999999998897,19.36999999999989,11.1099999999999,0.8019801980198166,14.039999999999964,0.7343304843304823,2.869999999999891,5.666000000000008,0.776,1.0,,,9,2,11.0,2022
2022-11-17 09:00:00+00:00|1.0|calendar_drop_monday_h9_tp06_sl065,2022-11-17 09:00:00+00:00,STAGE28A,data/reports/stage28a_discovery_factory_batch_runner/stage28a_exact_trades.csv,calendar_time_risk_proxy_v1,calendar_drop_monday_h9_tp06_sl065,0.6280000000000655,-0.4219999999999344,-1.1219999999999342,0,0,0,0,0.4219999999999344,14.7199999999998,12.6099999999999,0.9103885804916819,9.519999999999982,0.012605042016819166,5.569999999999936,4.051500000000021,0.136,1.0,,,9,3,11.0,2022
2022-11-18 09:00:00+00:00|1.0|calendar_drop_monday_h9_tp06_sl065,2022-11-18 09:00:00+00:00,STAGE28A,data/reports/stage28a_discovery_factory_batch_runner/stage28a_exact_trades.csv,calendar_time_risk_proxy_v1,calendar_drop_monday_h9_tp06_sl065,-1.3113500000000389,-2.3613500000000385,-3.061350000000038,0,0,0,0,2.3613500000000385,20.269999999999982,6.349999999999909,0.3889763779527658,6.980000000000018,0.37392550143264947,1.8800000000001091,3.674500000000023,0.096,1.0,,,9,4,11.0,2022
2022-11-18 22:45:00+00:00|1.0|calendar_drop_monday_h9_tp06_sl065,2022-11-18 22:45:00+00:00,STAGE28A,data/reports/stage28a_discovery_factory_batch_runner/stage28a_exact_trades.csv,calendar_time_risk_proxy_v1,calendar_drop_monday_h9_tp06_sl065,-0.35,-1.4,-2.1,0,0,0,0,1.4,20.269999999999982,6.349999999999909,0.3889763779527658,6.980000000000018,0.37392550143264947,2.130000000000109,4.390500000000031,0.416,1.0,,,9,4,11.0,2022
2022-11-22 09:00:00+00:00|1.0|calendar_drop_monday_h9_tp06_sl065,2022-11-22 09:00:00+00:00,STAGE28A,data/reports/stage28a_discovery_factory_batch_runner/stage28a_exact_trades.csv,calendar_time_risk_proxy_v1,calendar_drop_monday_h9_tp06_sl065,0.4302999999998974,-0.6197000000001025,-1.3197000000001022,0,0,0,0,0.6197000000001025,20.470000000000027,8.220000000000027,0.8004866180048547,8.079999999999927,0.11386138613862389,2.349999999999909,3.5980000000000016,0.1,1.0,,,9,1,11.0,2022
2022-11-23 09:00:00+00:00|1.0|calendar_drop_monday_h9_tp06_sl065,2022-11-23 09:00:00+00:00,STAGE28A,data/reports/stage28a_discovery_factory_batch_runner/stage28a_exact_trades.csv,calendar_time_risk_proxy_v1,calendar_drop_monday_h9_tp06_sl065,-1.3763500000000932,-2.426350000000093,-3.1263500000000928,0,0,0,0,2.426350000000093,12.740000000000009,10.009999999999991,0.6253746253746251,12.180000000000064,0.17733990147783832,3.740000000000009,3.111500000000001,0.024,1.0,,,9,2,11.0,2022
2022-11-24 09:00:00+00:00|1.0|calendar_drop_monday_h9_tp06_sl065,2022-11-24 09:00:00+00:00,STAGE28A,data/reports/stage28a_discovery_factory_batch_runner/stage28a_exact_trades.csv,calendar_time_risk_proxy_v1,calendar_drop_monday_h9_tp06_sl065,-1.1589250000000448,-2.2089250000000447,-2.9089250000000444,0,0,0,0,2.2089250000000447,27.230000000000018,7.830000000000155,0.43550446998720144,6.160000000000082,0.07142857142857933,3.1099999999999,4.258500000000003,0.456,1.0,,,9,3,11.0,2022
2022-11-25 09:00:00+00:00|-1.0|calendar_drop_monday_h9_tp06_sl065,2022-11-25 09:00:00+00:00,STAGE28A,data/reports/stage28a_discovery_factory_batch_runner/stage28a_exact_trades.csv,calendar_time_risk_proxy_v1,calendar_drop_monday_h9_tp06_sl065,0.4498000000000047,-0.6001999999999952,-1.300199999999995,0,0,0,0,0.6001999999999952,9.590000000000146,8.710000000000036,0.3650975889781918,9.769999999999982,0.6223132036847662,2.6000000000001364,2.3644999999999983,0.02,-1.0,,,9,4,11.0,2022
2022-11-25 20:15:00+00:00|1.0|calendar_drop_monday_h9_tp06_sl065,2022-11-25 20:15:00+00:00,STAGE28A,data/reports/stage28a_discovery_factory_batch_runner/stage28a_exact_trades.csv,calendar_time_risk_proxy_v1,calendar_drop_monday_h9_tp06_sl065,-1.6415499999999157,-2.6915499999999155,-3.3915499999999152,0,0,0,0,2.6915499999999155,9.590000000000146,8.710000000000036,0.3650975889781918,9.769999999999982,0.6223132036847662,4.610000000000127,3.530499999999995,0.264,1.0,,,9,4,11.0,2022
2022-11-29 09:00:00+00:00|1.0|calendar_drop_monday_h9_tp06_sl065,2022-11-29 09:00:00+00:00,STAGE28A,data/reports/stage28a_discovery_factory_batch_runner/stage28a_exact_trades.csv,calendar_time_risk_proxy_v1,calendar_drop_monday_h9_tp06_sl065,0.6528999999999542,-0.3971000000000457,-1.0971000000000457,0,0,0,0,0.3971000000000457,24.059999999999945,14.629999999999882,0.8523581681476505,7.559999999999945,0.19312169312169933,3.2000000000000455,3.9324999999999593,0.416,1.0,,,9,1,11.0,2022
2022-11-30 09:00:00+00:00|1.0|calendar_drop_monday_h9_tp06_sl065,2022-11-30 09:00:00+00:00,STAGE28A,data/reports/stage28a_discovery_factory_batch_runner/stage28a_exact_trades.csv,calendar_time_risk_proxy_v1,calendar_drop_monday_h9_tp06_sl065,-1.170950000000039,-2.220950000000039,-2.9209500000000386,0,0,0,0,2.220950000000039,19.48999999999978,7.899999999999864,0.6734177215190197,10.210000000000036,0.4338883447600216,1.8700000000001182,3.3989999999999783,0.228,1.0,,,9,2,11.0,2022
2022-12-01 09:00:00+00:00|-1.0|calendar_drop_monday_h9_tp06_sl065,2022-12-01 09:00:00+00:00,STAGE28A,data/reports/stage28a_discovery_factory_batch_runner/stage28a_exact_trades.csv,calendar_time_risk_proxy_v1,calendar_drop_monday_h9_tp06_sl065,-1.5206500000000234,-2.570650000000023,-3.270650000000023,0,0,0,0,2.570650000000023,28.529999999999973,11.8599999999999,0.5202360876897238,9.029999999999973,0.33111849390919357,4.029999999999973,5.666999999999973,0.984,-1.0,,,9,3,12.0,2022
2022-12-02 09:00:00+00:00|1.0|calendar_drop_monday_h9_tp06_sl065,2022-12-02 09:00:00+00:00,STAGE28A,data/reports/stage28a_discovery_factory_batch_runner/stage28a_exact_trades.csv,calendar_time_risk_proxy_v1,calendar_drop_monday_h9_tp06_sl065,0.508600000000024,-0.5413999999999759,-1.2413999999999756,0,0,0,0,0.5413999999999759,35.86999999999989,8.8599999999999,0.5575620767494481,6.7000000000000455,0.41641791044775295,3.3599999999999,4.386000000000024,0.732,1.0,,,9,4,12.0,2022
2022-12-02 22:45:00+00:00|1.0|calendar_drop_monday_h9_tp06_sl065,2022-12-02 22:45:00+00:00,STAGE28A,data/reports/stage28a_discovery_factory_batch_runner/stage28a_exact_trades.csv,calendar_time_risk_proxy_v1,calendar_drop_monday_h9_tp06_sl065,-0.35,-1.4,-2.1,0,0,0,0,1.4,35.86999999999989,8.8599999999999,0.5575620767494481,6.7000000000000455,0.41641791044775295,5.1099999999999,4.74849999999999,0.82,1.0,,,9,4,12.0,2022
2022-12-06 09:00:00+00:00|-1.0|calendar_drop_monday_h9_tp06_sl065,2022-12-06 09:00:00+00:00,STAGE28A,data/reports/stage28a_discovery_factory_batch_runner/stage28a_exact_trades.csv,calendar_time_risk_proxy_v1,calendar_drop_monday_h9_tp06_sl065,0.9208000000000084,-0.1291999999999915,-0.8291999999999913,0,0,0,0,0.1291999999999915,44.12999999999988,8.799999999999955,0.35454545454544395,7.7800000000002,0.16709511568125301,4.180000000000064,4.616000000000031,0.704,-1.0,,,9,1,12.0,2022
2022-12-07 09:00:00+00:00|1.0|calendar_drop_monday_h9_tp06_sl065,2022-12-07 09:00:00+00:00,STAGE28A,data/reports/stage28a_discovery_factory_batch_runner/stage28a_exact_trades.csv,calendar_time_risk_proxy_v1,calendar_drop_monday_h9_tp06_sl065,0.6963999999999487,-0.3536000000000512,-1.053600000000051,0,0,0,0,0.3536000000000512,13.570000000000164,6.420000000000073,0.015576323987524598,6.230000000000018,0.2616372391653093,3.509999999999991,3.316499999999985,0.192,1.0,,,9,2,12.0,2022
2022-12-08 09:00:00+00:00|-1.0|calendar_drop_monday_h9_tp06_sl065,2022-12-08 09:00:00+00:00,STAGE28A,data/reports/stage28a_discovery_factory_batch_runner/stage28a_exact_trades.csv,calendar_time_risk_proxy_v1,calendar_drop_monday_h9_tp06_sl065,-1.2434249999999794,-2.293424999999979,-2.993424999999979,0,0,0,0,2.293424999999979,21.769999999999982,6.779999999999973,0.5176991150442485,5.3900000000001,0.03710575139143124,3.269999999999982,4.332000000000005,0.544,-1.0,,,9,3,12.0,2022
2022-12-09 09:00:00+00:00|-1.0|calendar_drop_monday_h9_tp06_sl065,2022-12-09 09:00:00+00:00,STAGE28A,data/reports/stage28a_discovery_factory_batch_runner/stage28a_exact_trades.csv,calendar_time_risk_proxy_v1,calendar_drop_monday_h9_tp06_sl065,-1.3315000000000965,-2.3815000000000963,-3.081500000000096,0,0,0,0,2.3815000000000963,13.490000000000009,8.980000000000018,0.8006681514476406,8.789999999999964,0.2229806598407073,2.6200000000001182,3.425500000000011,0.188,-1.0,,,9,4,12.0,2022
2022-12-09 22:45:00+00:00|1.0|calendar_drop_monday_h9_tp06_sl065,2022-12-09 22:45:00+00:00,STAGE28A,data/reports/stage28a_discovery_factory_batch_runner/stage28a_exact_trades.csv,calendar_time_risk_proxy_v1,calendar_drop_monday_h9_tp06_sl065,0.8232999999999265,-0.2267000000000734,-0.9267000000000732,0,0,0,0,0.2267000000000734,13.490000000000009,8.980000000000018,0.8006681514476406,8.789999999999964,0.2229806598407073,3.3600000000001273,4.763000000000022,0.784,1.0,,,9,4,12.0,2022
2022-12-13 09:00:00+00:00|1.0|calendar_drop_monday_h9_tp06_sl065,2022-12-13 09:00:00+00:00,STAGE28A,data/reports/stage28a_discovery_factory_batch_runner/stage28a_exact_trades.csv,calendar_time_risk_proxy_v1,calendar_drop_monday_h9_tp06_sl065,-1.2014999999999874,-2.251499999999987,-2.951499999999987,0,0,0,0,2.251499999999987,19.5,6.0900000000001455,0.08702791461411495,6.180000000000064,0.7508090614886448,2.0699999999999363,3.405000000000041,0.116,1.0,,,9,1,12.0,2022
2022-12-14 09:00:00+00:00|-1.0|calendar_drop_monday_h9_tp06_sl065,2022-12-14 09:00:00+00:00,STAGE28A,data/reports/stage28a_discovery_factory_batch_runner/stage28a_exact_trades.csv,calendar_time_risk_proxy_v1,calendar_drop_monday_h9_tp06_sl065,-1.1572999999999412,-2.207299999999941,-2.9072999999999407,0,0,0,0,2.207299999999941,44.50999999999999,4.470000000000027,0.1342281879194419,6.720000000000027,0.029761904761877574,3.7000000000000455,5.6720000000000255,0.924,-1.0,,,9,2,12.0,2022
2022-12-15 09:00:00+00:00|-1.0|calendar_drop_monday_h9_tp06_sl065,2022-12-15 09:00:00+00:00,STAGE28A,data/reports/stage28a_discovery_factory_batch_runner/stage28a_exact_trades.csv,calendar_time_risk_proxy_v1,calendar_drop_monday_h9_tp06_sl065,-1.6129500000000463,-2.662950000000046,-3.362950000000046,0,0,0,0,2.662950000000046,19.310000000000173,19.110000000000127,0.8707482993197154,22.519999999999982,0.6039076376554139,3.8799999999998818,4.494000000000028,0.556,-1.0,,,9,3,12.0,2022
2022-12-16 09:00:00+00:00|-1.0|calendar_drop_monday_h9_tp06_sl065,2022-12-16 09:00:00+00:00,STAGE28A,data/reports/stage28a_discovery_factory_batch_runner/stage28a_exact_trades.csv,calendar_time_risk_proxy_v1,calendar_drop_monday_h9_tp06_sl065,0.5527000000000953,-0.4972999999999046,-1.1972999999999043,0,0,0,0,0.4972999999999046,34.799999999999955,8.639999999999873,0.2685185185185414,10.599999999999909,0.1849056603773635,5.740000000000009,4.093499999999983,0.42,-1.0,,,9,4,12.0,2022
2022-12-16 22:45:00+00:00|1.0|calendar_drop_monday_h9_tp06_sl065,2022-12-16 22:45:00+00:00,STAGE28A,data/reports/stage28a_discovery_factory_batch_runner/stage28a_exact_trades.csv,calendar_time_risk_proxy_v1,calendar_drop_monday_h9_tp06_sl065,0.6639999999998963,-0.3860000000001036,-1.086000000000103,0,0,0,0,0.3860000000001036,34.799999999999955,8.639999999999873,0.2685185185185414,10.599999999999909,0.1849056603773635,2.7100000000000364,4.4970000000000026,0.592,1.0,,,9,4,12.0,2022
2022-12-20 09:00:00+00:00|1.0|calendar_drop_monday_h9_tp06_sl065,2022-12-20 09:00:00+00:00,STAGE28A,data/reports/stage28a_discovery_factory_batch_runner/stage28a_exact_trades.csv,calendar_time_risk_proxy_v1,calendar_drop_monday_h9_tp06_sl065,1.2250000000000454,0.1750000000000455,-0.5249999999999542,1,0,1,0,0.1750000000000455,15.0,11.589999999999918,0.2683347713546289,20.910000000000082,0.7723577235772371,5.639999999999873,3.720500000000004,0.396,1.0,,,9,1,12.0,2022
2022-12-21 09:00:00+00:00|-1.0|calendar_drop_monday_h9_tp06_sl065,2022-12-21 09:00:00+00:00,STAGE28A,data/reports/stage28a_discovery_factory_batch_runner/stage28a_exact_trades.csv,calendar_time_risk_proxy_v1,calendar_drop_monday_h9_tp06_sl065,-1.2772249999999077,-2.3272249999999075,-3.0272249999999072,0,0,0,0,2.3272249999999075,36.52999999999997,6.380000000000109,0.49999999999996436,5.369999999999891,0.1787709497206808,2.230000000000018,4.145000000000005,0.524,-1.0,,,9,2,12.0,2022
2022-12-22 09:00:00+00:00|-1.0|calendar_drop_monday_h9_tp06_sl065,2022-12-22 09:00:00+00:00,STAGE28A,data/reports/stage28a_discovery_factory_batch_runner/stage28a_exact_trades.csv,calendar_time_risk_proxy_v1,calendar_drop_monday_h9_tp06_sl065,-1.2018249999999626,-2.2518249999999624,-2.951824999999962,0,0,0,0,2.2518249999999624,11.930000000000064,6.889999999999873,0.7735849056603811,6.740000000000009,0.827893175074172,5.599999999999909,3.214499999999987,0.136,-1.0,,,9,3,12.0,2022
2022-12-23 09:00:00+00:00|1.0|calendar_drop_monday_h9_tp06_sl065,2022-12-23 09:00:00+00:00,STAGE28A,data/reports/stage28a_discovery_factory_batch_runner/stage28a_exact_trades.csv,calendar_time_risk_proxy_v1,calendar_drop_monday_h9_tp06_sl065,-1.2317249999999604,-2.2817249999999603,-2.98172499999996,0,0,0,0,2.2817249999999603,35.58999999999992,4.270000000000209,0.33255269320843167,4.830000000000155,0.780538302277404,1.8500000000001364,4.35650000000004,0.6,1.0,,,9,4,12.0,2022
2022-12-23 22:45:00+00:00|1.0|calendar_drop_monday_h9_tp06_sl065,2022-12-23 22:45:00+00:00,STAGE28A,data/reports/stage28a_discovery_factory_batch_runner/stage28a_exact_trades.csv,calendar_time_risk_proxy_v1,calendar_drop_monday_h9_tp06_sl065,-0.35,-1.4,-2.1,0,0,0,0,1.4,35.58999999999992,4.270000000000209,0.33255269320843167,4.830000000000155,0.780538302277404,2.0699999999999363,3.4269999999999983,0.276,1.0,,,9,4,12.0,2022
2022-12-27 09:00:00+00:00|1.0|calendar_drop_monday_h9_tp06_sl065,2022-12-27 09:00:00+00:00,STAGE28A,data/reports/stage28a_discovery_factory_batch_runner/stage28a_exact_trades.csv,calendar_time_risk_proxy_v1,calendar_drop_monday_h9_tp06_sl065,0.3934000000000651,-0.6565999999999348,-1.3565999999999343,0,0,0,0,0.6565999999999348,4.339999999999918,6.7999999999999545,0.47205882352938683,6.039999999999964,0.6026490066225367,2.410000000000082,3.556999999999971,0.368,1.0,,,9,1,12.0,2022
2022-12-28 09:00:00+00:00|-1.0|calendar_drop_monday_h9_tp06_sl065,2022-12-28 09:00:00+00:00,STAGE28A,data/reports/stage28a_discovery_factory_batch_runner/stage28a_exact_trades.csv,calendar_time_risk_proxy_v1,calendar_drop_monday_h9_tp06_sl065,-1.2336750000000394,-2.283675000000039,-2.983675000000039,0,0,0,0,2.283675000000039,33.58999999999992,4.990000000000009,0.11422845691381468,12.950000000000045,0.7158301158301119,2.099999999999909,5.011999999999989,0.784,-1.0,,,9,2,12.0,2022
2022-12-29 09:00:00+00:00|-1.0|calendar_drop_monday_h9_tp06_sl065,2022-12-29 09:00:00+00:00,STAGE28A,data/reports/stage28a_discovery_factory_batch_runner/stage28a_exact_trades.csv,calendar_time_risk_proxy_v1,calendar_drop_monday_h9_tp06_sl065,-1.1631499999999506,-2.2131499999999504,-2.91314999999995,0,0,0,0,2.2131499999999504,17.580000000000155,5.630000000000109,0.5772646536411966,7.6099999999999,0.4809461235216692,2.849999999999909,3.4069999999999823,0.248,-1.0,,,9,3,12.0,2022
2022-12-30 09:00:00+00:00|-1.0|calendar_drop_monday_h9_tp06_sl065,2022-12-30 09:00:00+00:00,STAGE28A,data/reports/stage28a_discovery_factory_batch_runner/stage28a_exact_trades.csv,calendar_time_risk_proxy_v1,calendar_drop_monday_h9_tp06_sl065,-1.1261000000000423,-2.176100000000042,-2.876100000000042,0,0,0,0,2.176100000000042,16.450000000000045,5.330000000000155,0.13320825515947762,8.910000000000082,0.043771043771029076,1.9699999999998,3.161500000000012,0.1,-1.0,,,9,4,12.0,2022
2022-12-30 22:45:00+00:00|1.0|calendar_drop_monday_h9_tp06_sl065,2022-12-30 22:45:00+00:00,STAGE28A,data/reports/stage28a_discovery_factory_batch_runner/stage28a_exact_trades.csv,calendar_time_risk_proxy_v1,calendar_drop_monday_h9_tp06_sl065,-0.35,-1.4,-2.1,0,0,0,0,1.4,16.450000000000045,5.330000000000155,0.13320825515947762,8.910000000000082,0.043771043771029076,4.240000000000009,3.991499999999985,0.572,1.0,,,9,4,12.0,2022
2023-01-03 09:00:00+00:00|-1.0|calendar_drop_monday_h9_tp06_sl065,2023-01-03 09:00:00+00:00,STAGE28A,data/reports/stage28a_discovery_factory_batch_runner/stage28a_exact_trades.csv,calendar_time_risk_proxy_v1,calendar_drop_monday_h9_tp06_sl065,1.0071999999999206,-0.0428000000000792,-0.742800000000079,0,0,0,0,0.0428000000000792,6.660000000000082,19.40000000000009,0.5649484536082466,16.24000000000001,0.3663793103448302,4.2000000000000455,4.610000000000002,0.832,-1.0,,,9,1,1.0,2023
2023-01-04 09:00:00+00:00|1.0|calendar_drop_monday_h9_tp06_sl065,2023-01-04 09:00:00+00:00,STAGE28A,data/reports/stage28a_discovery_factory_batch_runner/stage28a_exact_trades.csv,calendar_time_risk_proxy_v1,calendar_drop_monday_h9_tp06_sl065,-1.3731000000001132,-2.423100000000113,-3.123100000000113,0,0,0,0,2.423100000000113,26.210000000000036,12.019999999999982,0.8460898502495914,20.410000000000082,0.5982361587457122,3.240000000000009,4.836500000000001,0.78,1.0,,,9,2,1.0,2023
2023-01-05 09:00:00+00:00|-1.0|calendar_drop_monday_h9_tp06_sl065,2023-01-05 09:00:00+00:00,STAGE28A,data/reports/stage28a_discovery_factory_batch_runner/stage28a_exact_trades.csv,calendar_time_risk_proxy_v1,calendar_drop_monday_h9_tp06_sl065,0.7479999999999564,-0.3020000000000435,-1.0020000000000433,0,0,0,0,0.3020000000000435,29.940000000000055,8.690000000000055,0.3107019562715798,11.779999999999973,0.25806451612902975,4.870000000000118,5.041499999999985,0.78,-1.0,,,9,3,1.0,2023
2023-01-06 09:00:00+00:00|-1.0|calendar_drop_monday_h9_tp06_sl065,2023-01-06 09:00:00+00:00,STAGE28A,data/reports/stage28a_discovery_factory_batch_runner/stage28a_exact_trades.csv,calendar_time_risk_proxy_v1,calendar_drop_monday_h9_tp06_sl065,-1.3532750000000306,-2.4032750000000305,-3.10327500000003,0,0,0,0,2.4032750000000305,33.99000000000001,10.930000000000064,0.4858188472095073,7.370000000000118,0.18724559023067666,2.810000000000173,4.749000000000012,0.644,-1.0,,,9,4,1.0,2023
2023-01-06 22:45:00+00:00|1.0|calendar_drop_monday_h9_tp06_sl065,2023-01-06 22:45:00+00:00,STAGE28A,data/reports/stage28a_discovery_factory_batch_runner/stage28a_exact_trades.csv,calendar_time_risk_proxy_v1,calendar_drop_monday_h9_tp06_sl065,-0.35,-1.4,-2.1,0,0,0,0,1.4,33.99000000000001,10.930000000000064,0.4858188472095073,7.370000000000118,0.18724559023067666,1.7899999999999636,5.639999999999986,0.94,1.0,,,9,4,1.0,2023
2023-01-10 09:00:00+00:00|1.0|calendar_drop_monday_h9_tp06_sl065,2023-01-10 09:00:00+00:00,STAGE28A,data/reports/stage28a_discovery_factory_batch_runner/stage28a_exact_trades.csv,calendar_time_risk_proxy_v1,calendar_drop_monday_h9_tp06_sl065,0.5602000000000317,-0.4897999999999682,-1.189799999999968,0,0,0,0,0.4897999999999682,15.169999999999845,8.11999999999989,0.10467980295568323,6.699999999999818,0.5716417910447807,2.75,4.315999999999974,0.436,1.0,,,9,1,1.0,2023
2023-01-11 09:00:00+00:00|1.0|calendar_drop_monday_h9_tp06_sl065,2023-01-11 09:00:00+00:00,STAGE28A,data/reports/stage28a_discovery_factory_batch_runner/stage28a_exact_trades.csv,calendar_time_risk_proxy_v1,calendar_drop_monday_h9_tp06_sl065,-1.5196750000000976,-2.5696750000000974,-3.269675000000097,0,0,0,0,2.5696750000000974,12.879999999999882,6.419999999999845,0.09813084112151468,9.120000000000118,0.7565789473683963,3.4200000000000728,3.873499999999967,0.316,1.0,,,9,2,1.0,2023
2023-01-12 09:00:00+00:00|-1.0|calendar_drop_monday_h9_tp06_sl065,2023-01-12 09:00:00+00:00,STAGE28A,data/reports/stage28a_discovery_factory_batch_runner/stage28a_exact_trades.csv,calendar_time_risk_proxy_v1,calendar_drop_monday_h9_tp06_sl065,-1.1768000000000485,-2.2268000000000483,-2.926800000000048,0,0,0,0,2.2268000000000483,19.480000000000018,10.3599999999999,0.7268339768339812,5.509999999999991,0.032667876588033384,2.3599999999999,3.7234999999999787,0.2,-1.0,,,9,3,1.0,2023
2023-01-13 09:00:00+00:00|1.0|calendar_drop_monday_h9_tp06_sl065,2023-01-13 09:00:00+00:00,STAGE28A,data/reports/stage28a_discovery_factory_batch_runner/stage28a_exact_trades.csv,calendar_time_risk_proxy_v1,calendar_drop_monday_h9_tp06_sl065,-1.2713749999998982,-2.321374999999898,-3.021374999999898,0,0,0,0,2.321374999999898,32.710000000000036,6.089999999999918,0.33004926108374677,17.37999999999988,0.575949367088611,3.7799999999999727,6.538999999999999,0.976,1.0,,,9,4,1.0,2023
2023-01-13 22:45:00+00:00|1.0|calendar_drop_monday_h9_tp06_sl065,2023-01-13 22:45:00+00:00,STAGE28A,data/reports/stage28a_discovery_factory_batch_runner/stage28a_exact_trades.csv,calendar_time_risk_proxy_v1,calendar_drop_monday_h9_tp06_sl065,-0.35,-1.4,-2.1,0,0,0,0,1.4,32.710000000000036,6.089999999999918,0.33004926108374677,17.37999999999988,0.575949367088611,2.3199999999999363,5.618999999999994,0.806,1.0,,,9,4,1.0,2023
2023-01-17 09:00:00+00:00|-1.0|calendar_drop_monday_h9_tp06_sl065,2023-01-17 09:00:00+00:00,STAGE28A,data/reports/stage28a_discovery_factory_batch_runner/stage28a_exact_trades.csv,calendar_time_risk_proxy_v1,calendar_drop_monday_h9_tp06_sl065,0.7704999999999927,-0.2795000000000072,-0.9795000000000068,0,0,0,0,0.2795000000000072,18.069999999999936,10.960000000000036,0.5875912408759154,9.029999999999973,0.5658914728682077,4.970000000000027,3.0524999999999975,0.008,-1.0,,,9,1,1.0,2023
2023-01-18 09:00:00+00:00|1.0|calendar_drop_monday_h9_tp06_sl065,2023-01-18 09:00:00+00:00,STAGE28A,data/reports/stage28a_discovery_factory_batch_runner/stage28a_exact_trades.csv,calendar_time_risk_proxy_v1,calendar_drop_monday_h9_tp06_sl065,1.157799999999861,0.1077999999998611,-0.5922000000001386,1,0,0,0,0.1077999999998611,15.2800000000002,13.089999999999918,0.7097020626432408,19.339999999999918,0.7699069286453032,6.3900000000001,4.7029999999999745,0.52,1.0,,,9,2,1.0,2023
2023-01-19 09:00:00+00:00|1.0|calendar_drop_monday_h9_tp06_sl065,2023-01-19 09:00:00+00:00,STAGE28A,data/reports/stage28a_discovery_factory_batch_runner/stage28a_exact_trades.csv,calendar_time_risk_proxy_v1,calendar_drop_monday_h9_tp06_sl065,-1.5378750000000765,-2.5878750000000763,-3.287875000000076,0,0,0,0,2.5878750000000763,29.269999999999982,9.970000000000027,0.29388164493481,10.379999999999882,0.023121387283238135,3.2200000000000273,4.642999999999972,0.492,1.0,,,9,3,1.0,2023
2023-01-20 09:00:00+00:00|1.0|calendar_drop_monday_h9_tp06_sl065,2023-01-20 09:00:00+00:00,STAGE28A,data/reports/stage28a_discovery_factory_batch_runner/stage28a_exact_trades.csv,calendar_time_risk_proxy_v1,calendar_drop_monday_h9_tp06_sl065,-1.4146999999999026,-2.4646999999999024,-3.164699999999902,0,0,0,0,2.4646999999999024,34.190000000000055,11.160000000000082,0.7168458781361955,14.289999999999964,0.4380685794261726,3.0,4.369000000000005,0.4,1.0,,,9,4,1.0,2023
2023-01-20 22:45:00+00:00|1.0|calendar_drop_monday_h9_tp06_sl065,2023-01-20 22:45:00+00:00,STAGE28A,data/reports/stage28a_discovery_factory_batch_runner/stage28a_exact_trades.csv,calendar_time_risk_proxy_v1,calendar_drop_monday_h9_tp06_sl065,0.7837000000000899,-0.26629999999991,-0.9662999999999098,0,0,0,0,0.26629999999991,34.190000000000055,11.160000000000082,0.7168458781361955,14.289999999999964,0.4380685794261726,2.759999999999991,4.601000000000022,0.568,1.0,,,9,4,1.0,2023
2023-01-24 09:00:00+00:00|1.0|calendar_drop_monday_h9_tp06_sl065,2023-01-24 09:00:00+00:00,STAGE28A,data/reports/stage28a_discovery_factory_batch_runner/stage28a_exact_trades.csv,calendar_time_risk_proxy_v1,calendar_drop_monday_h9_tp06_sl065,0.5607999999998811,-0.4892000000001189,-1.1892000000001186,0,0,0,0,0.4892000000001189,24.169999999999845,6.519999999999982,0.21012269938648692,9.960000000000036,0.5672690763052051,6.059999999999945,4.701499999999987,0.648,1.0,,,9,1,1.0,2023
2023-01-25 09:00:00+00:00|-1.0|calendar_drop_monday_h9_tp06_sl065,2023-01-25 09:00:00+00:00,STAGE28A,data/reports/stage28a_discovery_factory_batch_runner/stage28a_exact_trades.csv,calendar_time_risk_proxy_v1,calendar_drop_monday_h9_tp06_sl065,1.089100000000053,0.0391000000000532,-0.6608999999999465,1,0,0,0,0.0391000000000532,25.36999999999989,11.950000000000045,0.7104602510460232,11.019999999999982,0.2676950998184957,7.3400000000001455,4.979999999999973,0.736,-1.0,,,9,2,1.0,2023
2023-01-26 09:00:00+00:00|-1.0|calendar_drop_monday_h9_tp06_sl065,2023-01-26 09:00:00+00:00,STAGE28A,data/reports/stage28a_discovery_factory_batch_runner/stage28a_exact_trades.csv,calendar_time_risk_proxy_v1,calendar_drop_monday_h9_tp06_sl065,-1.471900000000096,-2.521900000000096,-3.221900000000096,0,0,0,0,2.521900000000096,28.659999999999854,6.610000000000127,0.2632375189107376,15.129999999999882,0.6549900859220198,4.240000000000009,4.825000000000022,0.6,-1.0,,,9,3,1.0,2023
2023-01-27 09:00:00+00:00|1.0|calendar_drop_monday_h9_tp06_sl065,2023-01-27 09:00:00+00:00,STAGE28A,data/reports/stage28a_discovery_factory_batch_runner/stage28a_exact_trades.csv,calendar_time_risk_proxy_v1,calendar_drop_monday_h9_tp06_sl065,-1.5456749999999375,-2.5956749999999373,-3.295674999999937,0,0,0,0,2.5956749999999373,30.470000000000027,15.069999999999936,0.6084936960849444,7.829999999999927,0.8735632183908023,3.6099999999999,5.332499999999982,0.768,1.0,,,9,4,1.0,2023
2023-01-27 22:45:00+00:00|1.0|calendar_drop_monday_h9_tp06_sl065,2023-01-27 22:45:00+00:00,STAGE28A,data/reports/stage28a_discovery_factory_batch_runner/stage28a_exact_trades.csv,calendar_time_risk_proxy_v1,calendar_drop_monday_h9_tp06_sl065,0.9106000000000676,-0.1393999999999322,-0.839399999999932,0,0,0,0,0.1393999999999322,30.470000000000027,15.069999999999936,0.6084936960849444,7.829999999999927,0.8735632183908023,2.240000000000009,4.980999999999983,0.66,1.0,,,9,4,1.0,2023
2023-01-31 09:00:00+00:00|-1.0|calendar_drop_monday_h9_tp06_sl065,2023-01-31 09:00:00+00:00,STAGE28A,data/reports/stage28a_discovery_factory_batch_runner/stage28a_exact_trades.csv,calendar_time_risk_proxy_v1,calendar_drop_monday_h9_tp06_sl065,0.7152999999999793,-0.3347000000000206,-1.0347000000000204,0,0,0,0,0.3347000000000206,13.839999999999918,8.539999999999964,0.2412177985948424,19.180000000000064,0.7987486965589214,5.3900000000001,3.790000000000009,0.084,-1.0,,,9,1,1.0,2023
2023-02-01 09:00:00+00:00|-1.0|calendar_drop_monday_h9_tp06_sl065,2023-02-01 09:00:00+00:00,STAGE28A,data/reports/stage28a_discovery_factory_batch_runner/stage28a_exact_trades.csv,calendar_time_risk_proxy_v1,calendar_drop_monday_h9_tp06_sl065,-1.203125000000091,-2.253125000000091,-2.9531250000000906,0,0,0,0,2.253125000000091,30.279999999999973,4.25,0.3764705882353262,5.929999999999836,0.11973018549747994,2.4199999999998454,4.104999999999961,0.108,-1.0,,,9,2,2.0,2023
2023-02-02 09:00:00+00:00|1.0|calendar_drop_monday_h9_tp06_sl065,2023-02-02 09:00:00+00:00,STAGE28A,data/reports/stage28a_discovery_factory_batch_runner/stage28a_exact_trades.csv,calendar_time_risk_proxy_v1,calendar_drop_monday_h9_tp06_sl065,-1.4111249999999471,-2.461124999999947,-3.161124999999947,0,0,0,0,2.461124999999947,33.47000000000003,7.100000000000136,0.0408450704225293,8.519999999999982,0.08098591549296433,2.6200000000001182,6.128000000000043,0.976,1.0,,,9,3,2.0,2023
2023-02-03 09:00:00+00:00|-1.0|calendar_drop_monday_h9_tp06_sl065,2023-02-03 09:00:00+00:00,STAGE28A,data/reports/stage28a_discovery_factory_batch_runner/stage28a_exact_trades.csv,calendar_time_risk_proxy_v1,calendar_drop_monday_h9_tp06_sl065,0.569800000000123,-0.4801999999998769,-1.180199999999877,0,0,0,0,0.4801999999998769,48.44999999999982,7.269999999999982,0.13480055020633022,8.599999999999909,0.490697674418613,2.6900000000000546,5.8679999999999835,0.876,-1.0,,,9,4,2.0,2023
2023-02-03 22:45:00+00:00|1.0|calendar_drop_monday_h9_tp06_sl065,2023-02-03 22:45:00+00:00,STAGE28A,data/reports/stage28a_discovery_factory_batch_runner/stage28a_exact_trades.csv,calendar_time_risk_proxy_v1,calendar_drop_monday_h9_tp06_sl065,-0.35,-1.4,-2.1,0,0,0,0,1.4,48.44999999999982,7.269999999999982,0.13480055020633022,8.599999999999909,0.490697674418613,3.1499999999998636,6.459499999999958,0.964,1.0,,,9,4,2.0,2023
2023-02-07 09:00:00+00:00|1.0|calendar_drop_monday_h9_tp06_sl065,2023-02-07 09:00:00+00:00,STAGE28A,data/reports/stage28a_discovery_factory_batch_runner/stage28a_exact_trades.csv,calendar_time_risk_proxy_v1,calendar_drop_monday_h9_tp06_sl065,0.6553000000000339,-0.3946999999999661,-1.0946999999999658,0,0,0,0,0.3946999999999661,21.3900000000001,8.75,0.5234285714285631,6.900000000000091,0.17536231884054973,3.6599999999998545,3.9954999999999927,0.116,1.0,,,9,1,2.0,2023
2023-02-08 09:00:00+00:00|1.0|calendar_drop_monday_h9_tp06_sl065,2023-02-08 09:00:00+00:00,STAGE28A,data/reports/stage28a_discovery_factory_batch_runner/stage28a_exact_trades.csv,calendar_time_risk_proxy_v1,calendar_drop_monday_h9_tp06_sl065,0.5149000000000342,-0.5350999999999657,-1.2350999999999654,0,0,0,0,0.5350999999999657,19.3599999999999,7.039999999999964,0.6022727272727316,13.2199999999998,0.2798789712556809,2.269999999999982,5.943499999999983,0.756,1.0,,,9,2,2.0,2023
2023-02-09 09:00:00+00:00|1.0|calendar_drop_monday_h9_tp06_sl065,2023-02-09 09:00:00+00:00,STAGE28A,data/reports/stage28a_discovery_factory_batch_runner/stage28a_exact_trades.csv,calendar_time_risk_proxy_v1,calendar_drop_monday_h9_tp06_sl065,0.4509999999999309,-0.599000000000069,-1.2990000000000688,0,0,0,0,0.599000000000069,17.3599999999999,8.25,0.5478787878787856,9.329999999999927,0.663451232583052,2.8500000000001364,3.9569999999999936,0.104,1.0,,,9,3,2.0,2023
2023-02-10 09:00:00+00:00|1.0|calendar_drop_monday_h9_tp06_sl065,2023-02-10 09:00:00+00:00,STAGE28A,data/reports/stage28a_discovery_factory_batch_runner/stage28a_exact_trades.csv,calendar_time_risk_proxy_v1,calendar_drop_monday_h9_tp06_sl065,-1.7475000000000365,-2.7975000000000363,-3.497500000000036,0,0,0,0,2.7975000000000363,31.269999999999982,11.579999999999927,0.7236614853195107,19.3599999999999,0.46177685950413744,3.8599999999999,5.93649999999999,0.718,1.0,,,9,4,2.0,2023
2023-02-10 22:45:00+00:00|1.0|calendar_drop_monday_h9_tp06_sl065,2023-02-10 22:45:00+00:00,STAGE28A,data/reports/stage28a_discovery_factory_batch_runner/stage28a_exact_trades.csv,calendar_time_risk_proxy_v1,calendar_drop_monday_h9_tp06_sl065,-0.35,-1.4,-2.1,0,0,0,0,1.4,31.269999999999982,11.579999999999927,0.7236614853195107,19.3599999999999,0.46177685950413744,3.2999999999999545,5.420000000000004,0.596,1.0,,,9,4,2.0,2023
2023-02-14 09:00:00+00:00|1.0|calendar_drop_monday_h9_tp06_sl065,2023-02-14 09:00:00+00:00,STAGE28A,data/reports/stage28a_discovery_factory_batch_runner/stage28a_exact_trades.csv,calendar_time_risk_proxy_v1,calendar_drop_monday_h9_tp06_sl065,0.4863999999999123,-0.5636000000000876,-1.263600000000087,0,0,0,0,0.5636000000000876,16.13000000000011,6.519999999999982,0.5920245398773218,7.099999999999909,0.12394366197181592,6.220000000000027,3.5785000000000196,0.052,1.0,,,9,1,2.0,2023
2023-02-15 09:00:00+00:00|-1.0|calendar_drop_monday_h9_tp06_sl065,2023-02-15 09:00:00+00:00,STAGE28A,data/reports/stage28a_discovery_factory_batch_runner/stage28a_exact_trades.csv,calendar_time_risk_proxy_v1,calendar_drop_monday_h9_tp06_sl065,-1.6415499999999157,-2.6915499999999155,-3.3915499999999152,0,0,0,0,2.6915499999999155,27.169999999999845,13.559999999999945,0.5243362831858355,16.019999999999982,0.7771535580524381,4.529999999999973,6.884499999999991,0.924,-1.0,,,9,2,2.0,2023
2023-02-16 09:00:00+00:00|-1.0|calendar_drop_monday_h9_tp06_sl065,2023-02-16 09:00:00+00:00,STAGE28A,data/reports/stage28a_discovery_factory_batch_runner/stage28a_exact_trades.csv,calendar_time_risk_proxy_v1,calendar_drop_monday_h9_tp06_sl065,0.6979000000000269,-0.352099999999973,-1.0520999999999727,0,0,0,0,0.352099999999973,29.50999999999999,8.169999999999845,0.3659730722154303,10.549999999999955,0.1184834123222754,3.740000000000009,3.965499999999963,0.088,-1.0,,,9,3,2.0,2023
2023-02-17 09:00:00+00:00|-1.0|calendar_drop_monday_h9_tp06_sl065,2023-02-17 09:00:00+00:00,STAGE28A,data/reports/stage28a_discovery_factory_batch_runner/stage28a_exact_trades.csv,calendar_time_risk_proxy_v1,calendar_drop_monday_h9_tp06_sl065,0.5559999999999491,-0.4940000000000508,-1.1940000000000506,0,0,0,0,0.4940000000000508,17.670000000000073,12.660000000000082,0.5979462875197383,9.319999999999936,0.3508583690987129,4.419999999999845,5.1785000000000085,0.512,-1.0,,,9,4,2.0,2023
2023-02-17 22:45:00+00:00|1.0|calendar_drop_monday_h9_tp06_sl065,2023-02-17 22:45:00+00:00,STAGE28A,data/reports/stage28a_discovery_factory_batch_runner/stage28a_exact_trades.csv,calendar_time_risk_proxy_v1,calendar_drop_monday_h9_tp06_sl065,-0.35,-1.4,-2.1,0,0,0,0,1.4,17.670000000000073,12.660000000000082,0.5979462875197383,9.319999999999936,0.3508583690987129,1.6800000000000637,4.791999999999985,0.416,1.0,,,9,4,2.0,2023
2023-02-21 09:00:00+00:00|-1.0|calendar_drop_monday_h9_tp06_sl065,2023-02-21 09:00:00+00:00,STAGE28A,data/reports/stage28a_discovery_factory_batch_runner/stage28a_exact_trades.csv,calendar_time_risk_proxy_v1,calendar_drop_monday_h9_tp06_sl065,0.5622999999999593,-0.4877000000000406,-1.1877000000000404,0,0,0,0,0.4877000000000406,10.169999999999845,6.710000000000036,0.3859910581222253,8.680000000000064,0.6831797235022803,2.1200000000001182,2.4269999999999756,0.004,-1.0,,,9,1,2.0,2023
2023-02-22 09:00:00+00:00|-1.0|calendar_drop_monday_h9_tp06_sl065,2023-02-22 09:00:00+00:00,STAGE28A,data/reports/stage28a_discovery_factory_batch_runner/stage28a_exact_trades.csv,calendar_time_risk_proxy_v1,calendar_drop_monday_h9_tp06_sl065,0.3598000000000866,-0.6901999999999133,-1.390199999999913,0,0,0,0,0.6901999999999133,13.599999999999909,4.370000000000118,0.21967963386727926,9.069999999999936,0.34399117971335613,1.9500000000000455,3.6375000000000113,0.148,-1.0,,,9,2,2.0,2023
2023-02-23 09:00:00+00:00|-1.0|calendar_drop_monday_h9_tp06_sl065,2023-02-23 09:00:00+00:00,STAGE28A,data/reports/stage28a_discovery_factory_batch_runner/stage28a_exact_trades.csv,calendar_time_risk_proxy_v1,calendar_drop_monday_h9_tp06_sl065,-1.3490499999998975,-2.3990499999998973,-3.099049999999897,0,0,0,0,2.3990499999998973,22.430000000000064,7.279999999999973,0.6565934065934053,9.3900000000001,0.3588924387646278,5.139999999999873,4.420000000000016,0.52,-1.0,,,9,3,2.0,2023
2023-02-24 09:00:00+00:00|-1.0|calendar_drop_monday_h9_tp06_sl065,2023-02-24 09:00:00+00:00,STAGE28A,data/reports/stage28a_discovery_factory_batch_runner/stage28a_exact_trades.csv,calendar_time_risk_proxy_v1,calendar_drop_monday_h9_tp06_sl065,0.4144000000000233,-0.6355999999999766,-1.3355999999999764,0,0,0,0,0.6355999999999766,16.320000000000164,6.779999999999973,0.3554572271386566,6.529999999999973,0.4992343032159272,2.509999999999991,3.7500000000000115,0.192,-1.0,,,9,4,2.0,2023
2023-02-24 22:45:00+00:00|1.0|calendar_drop_monday_h9_tp06_sl065,2023-02-24 22:45:00+00:00,STAGE28A,data/reports/stage28a_discovery_factory_batch_runner/stage28a_exact_trades.csv,calendar_time_risk_proxy_v1,calendar_drop_monday_h9_tp06_sl065,0.693100000000095,-0.3568999999999049,-1.0568999999999047,0,0,0,0,0.3568999999999049,16.320000000000164,6.779999999999973,0.3554572271386566,6.529999999999973,0.4992343032159272,1.759999999999991,3.8284999999999854,0.244,1.0,,,9,4,2.0,2023
2023-02-28 09:00:00+00:00|-1.0|calendar_drop_monday_h9_tp06_sl065,2023-02-28 09:00:00+00:00,STAGE28A,data/reports/stage28a_discovery_factory_batch_runner/stage28a_exact_trades.csv,calendar_time_risk_proxy_v1,calendar_drop_monday_h9_tp06_sl065,-1.3087500000000092,-2.358750000000009,-3.0587500000000087,0,0,0,0,2.358750000000009,13.549999999999955,5.6099999999999,0.5008912655971877,12.400000000000091,0.438709677419356,4.310000000000173,3.0670000000000073,0.108,-1.0,,,9,1,2.0,2023
2023-03-01 09:00:00+00:00|1.0|calendar_drop_monday_h9_tp06_sl065,2023-03-01 09:00:00+00:00,STAGE28A,data/reports/stage28a_discovery_factory_batch_runner/stage28a_exact_trades.csv,calendar_time_risk_proxy_v1,calendar_drop_monday_h9_tp06_sl065,0.5083000000000993,-0.5416999999999006,-1.2416999999999003,0,0,0,0,0.5416999999999006,26.559999999999945,8.710000000000036,0.5051664753157373,8.179999999999836,0.6002444987775003,5.819999999999936,3.712499999999943,0.308,1.0,,,9,2,3.0,2023
2023-03-02 09:00:00+00:00|-1.0|calendar_drop_monday_h9_tp06_sl065,2023-03-02 09:00:00+00:00,STAGE28A,data/reports/stage28a_discovery_factory_batch_runner/stage28a_exact_trades.csv,calendar_time_risk_proxy_v1,calendar_drop_monday_h9_tp06_sl065,-1.2691000000000714,-2.319100000000071,-3.019100000000071,0,0,0,0,2.319100000000071,21.450000000000045,7.440000000000055,0.29301075268817844,5.220000000000027,0.5363984674329387,1.8400000000001455,3.876999999999998,0.436,-1.0,,,9,3,3.0,2023
2023-03-03 09:00:00+00:00|1.0|calendar_drop_monday_h9_tp06_sl065,2023-03-03 09:00:00+00:00,STAGE28A,data/reports/stage28a_discovery_factory_batch_runner/stage28a_exact_trades.csv,calendar_time_risk_proxy_v1,calendar_drop_monday_h9_tp06_sl065,0.4351000000000568,-0.6148999999999432,-1.314899999999943,0,0,0,0,0.6148999999999432,8.949999999999818,6.009999999999991,0.09816971713812753,9.990000000000009,0.8508508508508501,5.410000000000082,3.526499999999987,0.264,1.0,,,9,4,3.0,2023
2023-03-03 22:45:00+00:00|1.0|calendar_drop_monday_h9_tp06_sl065,2023-03-03 22:45:00+00:00,STAGE28A,data/reports/stage28a_discovery_factory_batch_runner/stage28a_exact_trades.csv,calendar_time_risk_proxy_v1,calendar_drop_monday_h9_tp06_sl065,-0.35,-1.4,-2.1,0,0,0,0,1.4,8.949999999999818,6.009999999999991,0.09816971713812753,9.990000000000009,0.8508508508508501,4.720000000000027,3.466499999999985,0.284,1.0,,,9,4,3.0,2023
2023-03-07 09:00:00+00:00|-1.0|calendar_drop_monday_h9_tp06_sl065,2023-03-07 09:00:00+00:00,STAGE28A,data/reports/stage28a_discovery_factory_batch_runner/stage28a_exact_trades.csv,calendar_time_risk_proxy_v1,calendar_drop_monday_h9_tp06_sl065,0.414699999999948,-0.6353000000000519,-1.3353000000000517,0,0,0,0,0.6353000000000519,13.160000000000082,6.430000000000064,0.16329704510107995,8.940000000000055,0.4798657718120735,1.6600000000000819,2.81700000000003,0.068,-1.0,,,9,1,3.0,2023
2023-03-08 09:00:00+00:00|1.0|calendar_drop_monday_h9_tp06_sl065,2023-03-08 09:00:00+00:00,STAGE28A,data/reports/stage28a_discovery_factory_batch_runner/stage28a_exact_trades.csv,calendar_time_risk_proxy_v1,calendar_drop_monday_h9_tp06_sl065,-1.1264250000000176,-2.1764250000000174,-2.876425000000017,0,0,0,0,2.1764250000000174,38.899999999999864,5.070000000000164,0.4773175542406301,4.800000000000182,0.5312499999999704,2.490000000000009,3.797500000000048,0.584,1.0,,,9,2,3.0,2023
2023-03-09 09:00:00+00:00|1.0|calendar_drop_monday_h9_tp06_sl065,2023-03-09 09:00:00+00:00,STAGE28A,data/reports/stage28a_discovery_factory_batch_runner/stage28a_exact_trades.csv,calendar_time_risk_proxy_v1,calendar_drop_monday_h9_tp06_sl065,-0.9895999999999732,-2.039599999999973,-2.7395999999999727,0,0,0,0,2.039599999999973,14.860000000000127,4.480000000000018,0.20535714285715825,6.339999999999918,0.5883280757097896,2.5,3.039499999999987,0.12,1.0,,,9,3,3.0,2023
2023-03-10 09:00:00+00:00|1.0|calendar_drop_monday_h9_tp06_sl065,2023-03-10 09:00:00+00:00,STAGE28A,data/reports/stage28a_discovery_factory_batch_runner/stage28a_exact_trades.csv,calendar_time_risk_proxy_v1,calendar_drop_monday_h9_tp06_sl065,-1.3376750000000812,-2.387675000000081,-3.0876750000000808,0,0,0,0,2.387675000000081,23.679999999999836,7.129999999999882,0.25385694249649027,8.730000000000018,0.345933562428405,2.6200000000001182,4.098500000000001,0.9,1.0,,,9,4,3.0,2023
2023-03-10 22:45:00+00:00|1.0|calendar_drop_monday_h9_tp06_sl065,2023-03-10 22:45:00+00:00,STAGE28A,data/reports/stage28a_discovery_factory_batch_runner/stage28a_exact_trades.csv,calendar_time_risk_proxy_v1,calendar_drop_monday_h9_tp06_sl065,-2.3513500000000023,-3.401350000000002,-4.101350000000002,0,0,0,1,3.401350000000002,23.679999999999836,7.129999999999882,0.25385694249649027,8.730000000000018,0.345933562428405,3.939999999999827,6.0380000000000225,1.0,1.0,,,9,4,3.0,2023
2023-03-14 09:00:00+00:00|-1.0|calendar_drop_monday_h9_tp06_sl065,2023-03-14 09:00:00+00:00,STAGE28A,data/reports/stage28a_discovery_factory_batch_runner/stage28a_exact_trades.csv,calendar_time_risk_proxy_v1,calendar_drop_monday_h9_tp06_sl065,1.1509000000000014,0.1009000000000015,-0.5990999999999982,1,0,0,0,0.1009000000000015,43.12999999999988,12.549999999999955,0.7274900398406307,12.61999999999989,0.03328050713152528,9.689999999999827,6.907000000000016,0.868,-1.0,,,9,1,3.0,2023
2023-03-15 09:00:00+00:00|-1.0|calendar_drop_monday_h9_tp06_sl065,2023-03-15 09:00:00+00:00,STAGE28A,data/reports/stage28a_discovery_factory_batch_runner/stage28a_exact_trades.csv,calendar_time_risk_proxy_v1,calendar_drop_monday_h9_tp06_sl065,-1.2681249999999182,-2.318124999999918,-3.018124999999918,0,0,0,0,2.318124999999918,18.75,5.6599999999998545,0.24558303886924177,24.029999999999973,0.28381190178942756,3.8199999999999363,4.622000000000014,0.724,-1.0,,,9,2,3.0,2023
2023-03-16 09:00:00+00:00|1.0|calendar_drop_monday_h9_tp06_sl065,2023-03-16 09:00:00+00:00,STAGE28A,data/reports/stage28a_discovery_factory_batch_runner/stage28a_exact_trades.csv,calendar_time_risk_proxy_v1,calendar_drop_monday_h9_tp06_sl065,1.0458999999999832,-0.0041000000000166,-0.7041000000000164,0,0,0,0,0.0041000000000166,51.57999999999993,16.930000000000064,0.24453632604843972,10.720000000000027,0.868470149253724,5.869999999999891,8.017499999999961,0.856,1.0,,,9,3,3.0,2023
2023-03-17 09:00:00+00:00|1.0|calendar_drop_monday_h9_tp06_sl065,2023-03-17 09:00:00+00:00,STAGE28A,data/reports/stage28a_discovery_factory_batch_runner/stage28a_exact_trades.csv,calendar_time_risk_proxy_v1,calendar_drop_monday_h9_tp06_sl065,0.9778000000000248,-0.0721999999999751,-0.7721999999999749,0,0,0,0,0.0721999999999751,25.8599999999999,12.769999999999982,0.8300704776820792,6.980000000000018,0.04154727793695743,6.339999999999918,5.279999999999973,0.616,1.0,,,9,4,3.0,2023
2023-03-17 22:45:00+00:00|1.0|calendar_drop_monday_h9_tp06_sl065,2023-03-17 22:45:00+00:00,STAGE28A,data/reports/stage28a_discovery_factory_batch_runner/stage28a_exact_trades.csv,calendar_time_risk_proxy_v1,calendar_drop_monday_h9_tp06_sl065,-3.573999999999933,-4.623999999999933,-5.323999999999932,0,0,0,1,4.623999999999933,25.8599999999999,12.769999999999982,0.8300704776820792,6.980000000000018,0.04154727793695743,10.960000000000036,7.446499999999958,0.816,1.0,,,9,4,3.0,2023
2023-03-21 09:00:00+00:00|-1.0|calendar_drop_monday_h9_tp06_sl065,2023-03-21 09:00:00+00:00,STAGE28A,data/reports/stage28a_discovery_factory_batch_runner/stage28a_exact_trades.csv,calendar_time_risk_proxy_v1,calendar_drop_monday_h9_tp06_sl065,1.0044999999999162,-0.0455000000000835,-0.7455000000000833,0,0,0,0,0.0455000000000835,43.950000000000045,9.779999999999973,0.33742331288343186,20.310000000000173,0.6233382570162357,11.420000000000073,6.233499999999981,0.592,-1.0,,,9,1,3.0,2023
2023-03-22 09:00:00+00:00|1.0|calendar_drop_monday_h9_tp06_sl065,2023-03-22 09:00:00+00:00,STAGE28A,data/reports/stage28a_discovery_factory_batch_runner/stage28a_exact_trades.csv,calendar_time_risk_proxy_v1,calendar_drop_monday_h9_tp06_sl065,0.9241000000000896,-0.1258999999999104,-0.8258999999999102,0,0,0,0,0.1258999999999104,49.75,8.330000000000155,0.03121248499399593,11.389999999999873,0.2906057945566271,4.4500000000000455,5.332500000000062,0.368,1.0,,,9,2,3.0,2023
2023-03-23 09:00:00+00:00|1.0|calendar_drop_monday_h9_tp06_sl065,2023-03-23 09:00:00+00:00,STAGE28A,data/reports/stage28a_discovery_factory_batch_runner/stage28a_exact_trades.csv,calendar_time_risk_proxy_v1,calendar_drop_monday_h9_tp06_sl065,1.182699999999977,0.1326999999999771,-0.5673000000000226,1,0,0,0,0.1326999999999771,44.49000000000001,13.700000000000045,0.5751824817518143,9.3599999999999,0.01816239316240113,6.8900000000001,7.8215000000000146,0.712,1.0,,,9,3,3.0,2023
2023-03-24 09:00:00+00:00|1.0|calendar_drop_monday_h9_tp06_sl065,2023-03-24 09:00:00+00:00,STAGE28A,data/reports/stage28a_discovery_factory_batch_runner/stage28a_exact_trades.csv,calendar_time_risk_proxy_v1,calendar_drop_monday_h9_tp06_sl065,-1.6870500000000903,-2.73705000000009,-3.43705000000009,0,0,0,0,2.73705000000009,38.76999999999998,5.119999999999891,0.011718750000034,19.029999999999973,0.026799789805569713,5.769999999999982,6.578499999999986,0.496,1.0,,,9,4,3.0,2023
2023-03-24 22:45:00+00:00|1.0|calendar_drop_monday_h9_tp06_sl065,2023-03-24 22:45:00+00:00,STAGE28A,data/reports/stage28a_discovery_factory_batch_runner/stage28a_exact_trades.csv,calendar_time_risk_proxy_v1,calendar_drop_monday_h9_tp06_sl065,-0.35,-1.4,-2.1,0,0,0,0,1.4,38.76999999999998,5.119999999999891,0.011718750000034,19.029999999999973,0.026799789805569713,3.75,6.845500000000004,0.536,1.0,,,9,4,3.0,2023
2023-03-28 09:00:00+00:00|-1.0|calendar_drop_monday_h9_tp06_sl065,2023-03-28 09:00:00+00:00,STAGE28A,data/reports/stage28a_discovery_factory_batch_runner/stage28a_exact_trades.csv,calendar_time_risk_proxy_v1,calendar_drop_monday_h9_tp06_sl065,-1.5489249999999175,-2.5989249999999173,-3.298924999999917,0,0,0,0,2.5989249999999173,35.899999999999864,8.460000000000036,0.280141843971644,11.63000000000011,0.5081685296646431,4.160000000000082,4.7995,0.072,-1.0,,,9,1,3.0,2023
2023-03-29 09:00:00+00:00|-1.0|calendar_drop_monday_h9_tp06_sl065,2023-03-29 09:00:00+00:00,STAGE28A,data/reports/stage28a_discovery_factory_batch_runner/stage28a_exact_trades.csv,calendar_time_risk_proxy_v1,calendar_drop_monday_h9_tp06_sl065,0.6927999999999429,-0.357200000000057,-1.0572000000000568,0,0,0,0,0.357200000000057,26.100000000000136,8.519999999999982,0.7500000000000133,10.220000000000027,0.07827788649705993,4.629999999999882,4.229999999999973,0.024,-1.0,,,9,2,3.0,2023
2023-03-30 09:00:00+00:00|1.0|calendar_drop_monday_h9_tp06_sl065,2023-03-30 09:00:00+00:00,STAGE28A,data/reports/stage28a_discovery_factory_batch_runner/stage28a_exact_trades.csv,calendar_time_risk_proxy_v1,calendar_drop_monday_h9_tp06_sl065,-1.65032499999993,-2.7003249999999297,-3.400324999999929,0,0,0,0,2.7003249999999297,15.759999999999991,9.539999999999964,0.4947589098532542,12.559999999999945,0.6162420382165639,5.169999999999845,4.313999999999976,0.088,1.0,,,9,3,3.0,2023
2023-03-31 09:00:00+00:00|-1.0|calendar_drop_monday_h9_tp06_sl065,2023-03-31 09:00:00+00:00,STAGE28A,data/reports/stage28a_discovery_factory_batch_runner/stage28a_exact_trades.csv,calendar_time_risk_proxy_v1,calendar_drop_monday_h9_tp06_sl065,0.5065000000000964,-0.5434999999999035,-1.2434999999999032,0,0,0,0,0.5434999999999035,28.910000000000082,5.970000000000027,0.3417085427135983,11.840000000000146,0.22972972972972922,2.8199999999999363,3.7769999999999526,0.036,-1.0,,,9,4,3.0,2023
2023-03-31 22:45:00+00:00|1.0|calendar_drop_monday_h9_tp06_sl065,2023-03-31 22:45:00+00:00,STAGE28A,data/reports/stage28a_discovery_factory_batch_runner/stage28a_exact_trades.csv,calendar_time_risk_proxy_v1,calendar_drop_monday_h9_tp06_sl065,-0.35,-1.4,-2.1,0,0,0,0,1.4,28.910000000000082,5.970000000000027,0.3417085427135983,11.840000000000146,0.22972972972972922,4.869999999999891,5.1099999999999905,0.392,1.0,,,9,4,3.0,2023
2023-04-04 09:00:00+00:00|1.0|calendar_drop_monday_h9_tp06_sl065,2023-04-04 09:00:00+00:00,STAGE28A,data/reports/stage28a_discovery_factory_batch_runner/stage28a_exact_trades.csv,calendar_time_risk_proxy_v1,calendar_drop_monday_h9_tp06_sl065,0.6019000000000233,-0.4480999999999766,-1.1480999999999764,0,0,0,0,0.4480999999999766,40.72000000000003,7.680000000000064,0.7552083333333508,7.259999999999991,0.6680440771350059,2.759999999999991,4.584500000000025,0.3,1.0,,,9,1,4.0,2023
2023-04-05 09:00:00+00:00|1.0|calendar_drop_monday_h9_tp06_sl065,2023-04-05 09:00:00+00:00,STAGE28A,data/reports/stage28a_discovery_factory_batch_runner/stage28a_exact_trades.csv,calendar_time_risk_proxy_v1,calendar_drop_monday_h9_tp06_sl065,0.429399999999896,-0.620600000000104,-1.3206000000001037,0,0,0,0,0.620600000000104,48.01999999999998,5.910000000000082,0.4027072758037354,6.6099999999999,0.22541603630862808,2.0,5.0905000000000316,0.436,1.0,,,9,2,4.0,2023
2023-04-06 09:00:00+00:00|1.0|calendar_drop_monday_h9_tp06_sl065,2023-04-06 09:00:00+00:00,STAGE28A,data/reports/stage28a_discovery_factory_batch_runner/stage28a_exact_trades.csv,calendar_time_risk_proxy_v1,calendar_drop_monday_h9_tp06_sl065,0.6913000000000921,-0.3586999999999078,-1.0586999999999076,0,0,0,0,0.3586999999999078,22.069999999999936,13.549999999999955,0.6664206642066423,9.879999999999882,0.8289473684210681,3.9700000000000273,4.869500000000016,0.42,1.0,,,9,3,4.0,2023
2023-04-06 23:45:00+00:00|1.0|calendar_drop_monday_h9_tp06_sl065,2023-04-06 23:45:00+00:00,STAGE28A,data/reports/stage28a_discovery_factory_batch_runner/stage28a_exact_trades.csv,calendar_time_risk_proxy_v1,calendar_drop_monday_h9_tp06_sl065,-0.35,-1.4,-2.1,0,0,0,0,1.4,22.069999999999936,13.549999999999955,0.6664206642066423,9.879999999999882,0.8289473684210681,3.2800000000002,5.0350000000000135,0.504,1.0,,,9,3,4.0,2023
2023-04-11 09:00:00+00:00|1.0|calendar_drop_monday_h9_tp06_sl065,2023-04-11 09:00:00+00:00,STAGE28A,data/reports/stage28a_discovery_factory_batch_runner/stage28a_exact_trades.csv,calendar_time_risk_proxy_v1,calendar_drop_monday_h9_tp06_sl065,-1.5447000000000115,-2.594700000000012,-3.2947000000000117,0,0,0,0,2.594700000000012,24.860000000000127,9.349999999999909,0.6588235294117799,10.100000000000136,0.6920792079207836,2.849999999999909,3.977999999999997,0.132,1.0,,,9,1,4.0,2023
2023-04-12 09:00:00+00:00|-1.0|calendar_drop_monday_h9_tp06_sl065,2023-04-12 09:00:00+00:00,STAGE28A,data/reports/stage28a_discovery_factory_batch_runner/stage28a_exact_trades.csv,calendar_time_risk_proxy_v1,calendar_drop_monday_h9_tp06_sl065,-1.9207250000000389,-2.9707250000000385,-3.670725000000038,0,0,0,0,2.9707250000000385,18.610000000000127,16.36999999999989,0.8173488087965912,12.539999999999964,0.4976076555023945,3.2999999999999545,3.9134999999999764,0.172,-1.0,,,9,2,4.0,2023
2023-04-13 09:00:00+00:00|1.0|calendar_drop_monday_h9_tp06_sl065,2023-04-13 09:00:00+00:00,STAGE28A,data/reports/stage28a_discovery_factory_batch_runner/stage28a_exact_trades.csv,calendar_time_risk_proxy_v1,calendar_drop_monday_h9_tp06_sl065,-1.5131749999999102,-2.56317499999991,-3.26317499999991,0,0,0,0,2.56317499999991,27.13000000000011,6.1400000000001,0.3697068403908705,13.950000000000045,0.6566308243727635,3.839999999999918,5.714499999999998,0.792,1.0,,,9,3,4.0,2023
2023-04-14 09:00:00+00:00|-1.0|calendar_drop_monday_h9_tp06_sl065,2023-04-14 09:00:00+00:00,STAGE28A,data/reports/stage28a_discovery_factory_batch_runner/stage28a_exact_trades.csv,calendar_time_risk_proxy_v1,calendar_drop_monday_h9_tp06_sl065,0.9697000000000116,-0.0802999999999882,-0.780299999999988,0,0,0,0,0.0802999999999882,35.00999999999999,8.809999999999945,0.5595913734392842,14.690000000000055,0.43567052416610397,4.059999999999945,5.183000000000016,0.624,-1.0,,,9,4,4.0,2023
2023-04-14 22:45:00+00:00|1.0|calendar_drop_monday_h9_tp06_sl065,2023-04-14 22:45:00+00:00,STAGE28A,data/reports/stage28a_discovery_factory_batch_runner/stage28a_exact_trades.csv,calendar_time_risk_proxy_v1,calendar_drop_monday_h9_tp06_sl065,1.3185999999999694,0.2685999999999695,-0.4314000000000302,1,0,1,0,0.2685999999999695,35.00999999999999,8.809999999999945,0.5595913734392842,14.690000000000055,0.43567052416610397,3.5,6.793500000000028,0.984,1.0,,,9,4,4.0,2023
2023-04-18 09:00:00+00:00|1.0|calendar_drop_monday_h9_tp06_sl065,2023-04-18 09:00:00+00:00,STAGE28A,data/reports/stage28a_discovery_factory_batch_runner/stage28a_exact_trades.csv,calendar_time_risk_proxy_v1,calendar_drop_monday_h9_tp06_sl065,-1.516099999999915,-2.566099999999915,-3.2660999999999145,0,0,0,0,2.566099999999915,33.8900000000001,8.5,0.6588235294117808,8.699999999999818,0.10919540229885809,5.339999999999918,4.835999999999967,0.328,1.0,,,9,1,4.0,2023
2023-04-19 09:00:00+00:00|-1.0|calendar_drop_monday_h9_tp06_sl065,2023-04-19 09:00:00+00:00,STAGE28A,data/reports/stage28a_discovery_factory_batch_runner/stage28a_exact_trades.csv,calendar_time_risk_proxy_v1,calendar_drop_monday_h9_tp06_sl065,-1.6376499999999852,-2.687649999999985,-3.3876499999999847,0,0,0,0,2.687649999999985,20.6099999999999,6.189999999999827,0.34087237479809146,31.710000000000036,0.9274676758120481,4.809999999999945,3.9560000000000057,0.148,-1.0,,,9,2,4.0,2023
2023-04-20 09:00:00+00:00|1.0|calendar_drop_monday_h9_tp06_sl065,2023-04-20 09:00:00+00:00,STAGE28A,data/reports/stage28a_discovery_factory_batch_runner/stage28a_exact_trades.csv,calendar_time_risk_proxy_v1,calendar_drop_monday_h9_tp06_sl065,-1.559974999999986,-2.6099749999999857,-3.309974999999985,0,0,0,0,2.6099749999999857,38.95999999999981,8.179999999999836,0.20904645476773479,9.779999999999973,0.6932515337423304,3.8400000000001455,4.550500000000033,0.316,1.0,,,9,3,4.0,2023
2023-04-21 09:00:00+00:00|-1.0|calendar_drop_monday_h9_tp06_sl065,2023-04-21 09:00:00+00:00,STAGE28A,data/reports/stage28a_discovery_factory_batch_runner/stage28a_exact_trades.csv,calendar_time_risk_proxy_v1,calendar_drop_monday_h9_tp06_sl065,0.6976000000001022,-0.3523999999998977,-1.0523999999998974,0,0,0,0,0.3523999999998977,21.839999999999918,4.940000000000055,0.5161943319837907,20.37999999999988,0.7850834151128603,7.0900000000001455,4.589500000000021,0.344,-1.0,,,9,4,4.0,2023
2023-04-21 22:45:00+00:00|1.0|calendar_drop_monday_h9_tp06_sl065,2023-04-21 22:45:00+00:00,STAGE28A,data/reports/stage28a_discovery_factory_batch_runner/stage28a_exact_trades.csv,calendar_time_risk_proxy_v1,calendar_drop_monday_h9_tp06_sl065,-0.35,-1.4,-2.1,0,0,0,0,1.4,21.839999999999918,4.940000000000055,0.5161943319837907,20.37999999999988,0.7850834151128603,3.75,6.726500000000044,0.944,1.0,,,9,4,4.0,2023
2023-04-25 09:00:00+00:00|-1.0|calendar_drop_monday_h9_tp06_sl065,2023-04-25 09:00:00+00:00,STAGE28A,data/reports/stage28a_discovery_factory_batch_runner/stage28a_exact_trades.csv,calendar_time_risk_proxy_v1,calendar_drop_monday_h9_tp06_sl065,0.8331999999999425,-0.2168000000000574,-0.9168000000000572,0,0,0,0,0.2168000000000574,18.579999999999927,12.269999999999982,0.013039934800332689,10.289999999999964,0.4528668610301359,4.910000000000082,4.514499999999998,0.36,-1.0,,,9,1,4.0,2023
2023-04-26 09:00:00+00:00|1.0|calendar_drop_monday_h9_tp06_sl065,2023-04-26 09:00:00+00:00,STAGE28A,data/reports/stage28a_discovery_factory_batch_runner/stage28a_exact_trades.csv,calendar_time_risk_proxy_v1,calendar_drop_monday_h9_tp06_sl065,-1.559974999999986,-2.6099749999999857,-3.309974999999985,0,0,0,0,2.6099749999999857,27.710000000000036,9.230000000000018,0.37811484290357555,6.069999999999936,0.7726523887973812,2.8099999999999454,5.815499999999986,0.7,1.0,,,9,2,4.0,2023
2023-04-27 09:00:00+00:00|-1.0|calendar_drop_monday_h9_tp06_sl065,2023-04-27 09:00:00+00:00,STAGE28A,data/reports/stage28a_discovery_factory_batch_runner/stage28a_exact_trades.csv,calendar_time_risk_proxy_v1,calendar_drop_monday_h9_tp06_sl065,-1.8527999999999796,-2.902799999999979,-3.602799999999979,0,0,0,0,2.902799999999979,25.920000000000073,11.960000000000036,0.8127090301003342,6.400000000000091,0.44687499999997804,5.100000000000136,5.088500000000044,0.504,-1.0,,,9,3,4.0,2023
2023-04-28 09:00:00+00:00|-1.0|calendar_drop_monday_h9_tp06_sl065,2023-04-28 09:00:00+00:00,STAGE28A,data/reports/stage28a_discovery_factory_batch_runner/stage28a_exact_trades.csv,calendar_time_risk_proxy_v1,calendar_drop_monday_h9_tp06_sl065,0.931600000000026,-0.118399999999974,-0.8183999999999738,0,0,0,0,0.118399999999974,29.029999999999973,6.509999999999991,0.32872503840243866,10.569999999999936,0.5619678334909993,6.240000000000009,5.2360000000000015,0.584,-1.0,,,9,4,4.0,2023
2023-04-28 22:45:00+00:00|1.0|calendar_drop_monday_h9_tp06_sl065,2023-04-28 22:45:00+00:00,STAGE28A,data/reports/stage28a_discovery_factory_batch_runner/stage28a_exact_trades.csv,calendar_time_risk_proxy_v1,calendar_drop_monday_h9_tp06_sl065,-0.35,-1.4,-2.1,0,0,0,0,1.4,29.029999999999973,6.509999999999991,0.32872503840243866,10.569999999999936,0.5619678334909993,2.5100000000002183,4.724500000000023,0.356,1.0,,,9,4,4.0,2023
2023-05-02 09:00:00+00:00|-1.0|calendar_drop_monday_h9_tp06_sl065,2023-05-02 09:00:00+00:00,STAGE28A,data/reports/stage28a_discovery_factory_batch_runner/stage28a_exact_trades.csv,calendar_time_risk_proxy_v1,calendar_drop_monday_h9_tp06_sl065,0.4020999999999276,-0.6479000000000723,-1.347900000000072,0,0,0,0,0.6479000000000723,28.960000000000036,4.459999999999809,0.12556053811658507,7.899999999999864,0.25949367088607467,2.9600000000000364,4.308999999999981,0.2,-1.0,,,9,1,5.0,2023
2023-05-03 09:00:00+00:00|-1.0|calendar_drop_monday_h9_tp06_sl065,2023-05-03 09:00:00+00:00,STAGE28A,data/reports/stage28a_discovery_factory_batch_runner/stage28a_exact_trades.csv,calendar_time_risk_proxy_v1,calendar_drop_monday_h9_tp06_sl065,-1.1254500000000918,-2.175450000000092,-2.8754500000000918,0,0,0,0,2.175450000000092,40.909999999999854,4.5300000000002,0.6247240618101109,6.770000000000209,0.20531757754798075,1.9600000000000364,4.580499999999972,0.332,-1.0,,,9,2,5.0,2023
2023-05-04 09:00:00+00:00|-1.0|calendar_drop_monday_h9_tp06_sl065,2023-05-04 09:00:00+00:00,STAGE28A,data/reports/stage28a_discovery_factory_batch_runner/stage28a_exact_trades.csv,calendar_time_risk_proxy_v1,calendar_drop_monday_h9_tp06_sl065,-2.106949999999961,-3.1569499999999606,-3.85694999999996,0,0,0,1,3.1569499999999606,50.37000000000012,39.94999999999982,0.3902377972465636,14.970000000000027,0.2077488309953169,4.129999999999882,9.019500000000004,1.0,-1.0,,,9,3,5.0,2023
2023-05-05 09:00:00+00:00|-1.0|calendar_drop_monday_h9_tp06_sl065,2023-05-05 09:00:00+00:00,STAGE28A,data/reports/stage28a_discovery_factory_batch_runner/stage28a_exact_trades.csv,calendar_time_risk_proxy_v1,calendar_drop_monday_h9_tp06_sl065,-1.516099999999915,-2.566099999999915,-3.2660999999999145,0,0,0,0,2.566099999999915,47.87999999999988,7.529999999999973,0.10092961487380694,13.800000000000182,0.8630434782608641,4.019999999999982,5.7139999999999755,0.724,-1.0,,,9,4,5.0,2023
2023-05-05 22:45:00+00:00|1.0|calendar_drop_monday_h9_tp06_sl065,2023-05-05 22:45:00+00:00,STAGE28A,data/reports/stage28a_discovery_factory_batch_runner/stage28a_exact_trades.csv,calendar_time_risk_proxy_v1,calendar_drop_monday_h9_tp06_sl065,-0.35,-1.4,-2.1,0,0,0,0,1.4,47.87999999999988,7.529999999999973,0.10092961487380694,13.800000000000182,0.8630434782608641,3.2100000000000364,6.204000000000031,0.824,1.0,,,9,4,5.0,2023
2023-05-09 09:00:00+00:00|1.0|calendar_drop_monday_h9_tp06_sl065,2023-05-09 09:00:00+00:00,STAGE28A,data/reports/stage28a_discovery_factory_batch_runner/stage28a_exact_trades.csv,calendar_time_risk_proxy_v1,calendar_drop_monday_h9_tp06_sl065,0.5622999999999593,-0.4877000000000406,-1.1877000000000404,0,0,0,0,0.4877000000000406,15.129999999999882,5.400000000000091,0.4944444444444075,7.330000000000155,0.46248294679400115,3.3700000000001182,3.441500000000019,0.076,1.0,,,9,1,5.0,2023
2023-05-10 09:00:00+00:00|-1.0|calendar_drop_monday_h9_tp06_sl065,2023-05-10 09:00:00+00:00,STAGE28A,data/reports/stage28a_discovery_factory_batch_runner/stage28a_exact_trades.csv,calendar_time_risk_proxy_v1,calendar_drop_monday_h9_tp06_sl065,0.3990999999999985,-0.6509000000000014,-1.350900000000001,0,0,0,0,0.6509000000000014,18.029999999999973,7.679999999999836,0.5572916666667046,6.680000000000064,0.39371257485027794,3.7999999999999545,3.3315000000000055,0.068,-1.0,,,9,2,5.0,2023
2023-05-11 09:00:00+00:00|-1.0|calendar_drop_monday_h9_tp06_sl065,2023-05-11 09:00:00+00:00,STAGE28A,data/reports/stage28a_discovery_factory_batch_runner/stage28a_exact_trades.csv,calendar_time_risk_proxy_v1,calendar_drop_monday_h9_tp06_sl065,0.5194000000000415,-0.5305999999999584,-1.2305999999999582,0,0,0,0,0.5305999999999584,26.679999999999836,7.099999999999909,0.10563380281690277,11.410000000000082,0.47414548641542886,3.099999999999909,5.2564999999999715,0.684,-1.0,,,9,3,5.0,2023
2023-05-12 09:00:00+00:00|-1.0|calendar_drop_monday_h9_tp06_sl065,2023-05-12 09:00:00+00:00,STAGE28A,data/reports/stage28a_discovery_factory_batch_runner/stage28a_exact_trades.csv,calendar_time_risk_proxy_v1,calendar_drop_monday_h9_tp06_sl065,-1.5970250000001216,-2.6470250000001214,-3.347025000000121,0,0,0,0,2.6470250000001214,30.1400000000001,8.960000000000036,0.4832589285714185,11.710000000000036,0.7532023911186941,3.910000000000082,5.611500000000012,0.704,-1.0,,,9,4,5.0,2023
2023-05-12 22:45:00+00:00|1.0|calendar_drop_monday_h9_tp06_sl065,2023-05-12 22:45:00+00:00,STAGE28A,data/reports/stage28a_discovery_factory_batch_runner/stage28a_exact_trades.csv,calendar_time_risk_proxy_v1,calendar_drop_monday_h9_tp06_sl065,0.7533999999999651,-0.2966000000000348,-0.9966000000000346,0,0,0,0,0.2966000000000348,30.1400000000001,8.960000000000036,0.4832589285714185,11.710000000000036,0.7532023911186941,1.8299999999999272,4.8720000000000026,0.532,1.0,,,9,4,5.0,2023
2023-05-16 09:00:00+00:00|-1.0|calendar_drop_monday_h9_tp06_sl065,2023-05-16 09:00:00+00:00,STAGE28A,data/reports/stage28a_discovery_factory_batch_runner/stage28a_exact_trades.csv,calendar_time_risk_proxy_v1,calendar_drop_monday_h9_tp06_sl065,-1.2847000000000208,-2.3347000000000206,-3.0347000000000204,0,0,0,0,2.3347000000000206,15.009999999999991,4.600000000000136,0.21521739130434342,15.0,0.49066666666666,5.289999999999964,3.481500000000017,0.132,-1.0,,,9,1,5.0,2023
2023-05-17 09:00:00+00:00|-1.0|calendar_drop_monday_h9_tp06_sl065,2023-05-17 09:00:00+00:00,STAGE28A,data/reports/stage28a_discovery_factory_batch_runner/stage28a_exact_trades.csv,calendar_time_risk_proxy_v1,calendar_drop_monday_h9_tp06_sl065,-1.2512250000000678,-2.301225000000068,-3.0012250000000678,0,0,0,0,2.301225000000068,32.789999999999964,5.0,0.25599999999999457,8.180000000000064,0.892420537897298,4.060000000000173,4.21400000000001,0.4,-1.0,,,9,2,5.0,2023
2023-05-18 09:00:00+00:00|-1.0|calendar_drop_monday_h9_tp06_sl065,2023-05-18 09:00:00+00:00,STAGE28A,data/reports/stage28a_discovery_factory_batch_runner/stage28a_exact_trades.csv,calendar_time_risk_proxy_v1,calendar_drop_monday_h9_tp06_sl065,0.4144000000000233,-0.6355999999999766,-1.3355999999999764,0,0,0,0,0.6355999999999766,17.950000000000045,5.4099999999998545,0.13308687615523462,10.519999999999982,0.4591254752851866,2.4300000000000637,3.781499999999994,0.308,-1.0,,,9,3,5.0,2023
2023-05-19 09:00:00+00:00|1.0|calendar_drop_monday_h9_tp06_sl065,2023-05-19 09:00:00+00:00,STAGE28A,data/reports/stage28a_discovery_factory_batch_runner/stage28a_exact_trades.csv,calendar_time_risk_proxy_v1,calendar_drop_monday_h9_tp06_sl065,-1.5898749999999835,-2.6398749999999835,-3.3398749999999837,0,0,0,0,2.6398749999999835,33.97999999999979,9.659999999999854,0.4906832298136729,8.100000000000136,0.5469135802469123,3.300000000000182,4.0749999999999655,0.476,1.0,,,9,4,5.0,2023
2023-05-19 22:45:00+00:00|1.0|calendar_drop_monday_h9_tp06_sl065,2023-05-19 22:45:00+00:00,STAGE28A,data/reports/stage28a_discovery_factory_batch_runner/stage28a_exact_trades.csv,calendar_time_risk_proxy_v1,calendar_drop_monday_h9_tp06_sl065,-0.35,-1.4,-2.1,0,0,0,0,1.4,33.97999999999979,9.659999999999854,0.4906832298136729,8.100000000000136,0.5469135802469123,6.410000000000082,5.492499999999995,0.82,1.0,,,9,4,5.0,2023
2023-05-23 09:00:00+00:00|-1.0|calendar_drop_monday_h9_tp06_sl065,2023-05-23 09:00:00+00:00,STAGE28A,data/reports/stage28a_discovery_factory_batch_runner/stage28a_exact_trades.csv,calendar_time_risk_proxy_v1,calendar_drop_monday_h9_tp06_sl065,0.8371000000001004,-0.2128999999998995,-0.9128999999998992,0,0,0,0,0.2128999999998995,13.670000000000073,12.319999999999936,0.6915584415584437,10.339999999999918,0.5483558994197406,4.089999999999918,4.205499999999995,0.528,-1.0,,,9,1,5.0,2023
2023-05-24 09:00:00+00:00|-1.0|calendar_drop_monday_h9_tp06_sl065,2023-05-24 09:00:00+00:00,STAGE28A,data/reports/stage28a_discovery_factory_batch_runner/stage28a_exact_trades.csv,calendar_time_risk_proxy_v1,calendar_drop_monday_h9_tp06_sl065,-1.4634500000000572,-2.513450000000057,-3.2134500000000568,0,0,0,0,2.513450000000057,23.449999999999818,4.529999999999973,0.0883002207505223,9.820000000000164,0.036659877800396534,3.6100000000001273,4.127499999999998,0.4,-1.0,,,9,2,5.0,2023
2023-05-25 09:00:00+00:00|1.0|calendar_drop_monday_h9_tp06_sl065,2023-05-25 09:00:00+00:00,STAGE28A,data/reports/stage28a_discovery_factory_batch_runner/stage28a_exact_trades.csv,calendar_time_risk_proxy_v1,calendar_drop_monday_h9_tp06_sl065,-1.3357250000000025,-2.385725000000002,-3.085725000000002,0,0,0,0,2.385725000000002,28.560000000000173,6.789999999999964,0.5729013254786629,9.850000000000136,0.39187817258884,3.509999999999991,4.757000000000005,0.664,1.0,,,9,3,5.0,2023
2023-05-26 09:00:00+00:00|1.0|calendar_drop_monday_h9_tp06_sl065,2023-05-26 09:00:00+00:00,STAGE28A,data/reports/stage28a_discovery_factory_batch_runner/stage28a_exact_trades.csv,calendar_time_risk_proxy_v1,calendar_drop_monday_h9_tp06_sl065,-1.4380999999999404,-2.48809999999994,-3.18809999999994,0,0,0,0,2.48809999999994,25.910000000000082,12.120000000000118,0.5140264026402606,10.289999999999964,0.5053449951409197,4.350000000000136,4.83950000000001,0.712,1.0,,,9,4,5.0,2023
2023-05-26 22:45:00+00:00|1.0|calendar_drop_monday_h9_tp06_sl065,2023-05-26 22:45:00+00:00,STAGE28A,data/reports/stage28a_discovery_factory_batch_runner/stage28a_exact_trades.csv,calendar_time_risk_proxy_v1,calendar_drop_monday_h9_tp06_sl065,-0.35,-1.4,-2.1,0,0,0,0,1.4,25.910000000000082,12.120000000000118,0.5140264026402606,10.289999999999964,0.5053449951409197,2.4600000000000364,4.622500000000002,0.62,1.0,,,9,4,5.0,2023
2023-05-30 09:00:00+00:00|1.0|calendar_drop_monday_h9_tp06_sl065,2023-05-30 09:00:00+00:00,STAGE28A,data/reports/stage28a_discovery_factory_batch_runner/stage28a_exact_trades.csv,calendar_time_risk_proxy_v1,calendar_drop_monday_h9_tp06_sl065,0.8112999999999829,-0.238700000000017,-0.9387000000000169,0,0,0,0,0.238700000000017,9.490000000000009,7.379999999999882,0.4878048780488068,21.039999999999964,0.6416349809885943,7.009999999999991,2.6319999999999935,0.044,1.0,,,9,1,5.0,2023
2023-05-31 09:00:00+00:00|-1.0|calendar_drop_monday_h9_tp06_sl065,2023-05-31 09:00:00+00:00,STAGE28A,data/reports/stage28a_discovery_factory_batch_runner/stage28a_exact_trades.csv,calendar_time_risk_proxy_v1,calendar_drop_monday_h9_tp06_sl065,-1.5810999999999695,-2.6310999999999694,-3.331099999999969,0,0,0,0,2.6310999999999694,31.529999999999973,6.8400000000001455,0.07748538011695343,10.319999999999936,0.06395348837210135,7.279999999999973,3.788499999999999,0.238,-1.0,,,9,2,5.0,2023
2023-06-01 09:00:00+00:00|-1.0|calendar_drop_monday_h9_tp06_sl065,2023-06-01 09:00:00+00:00,STAGE28A,data/reports/stage28a_discovery_factory_batch_runner/stage28a_exact_trades.csv,calendar_time_risk_proxy_v1,calendar_drop_monday_h9_tp06_sl065,0.7168000000000575,-0.3331999999999424,-1.0331999999999422,0,0,0,0,0.3331999999999424,21.13000000000011,5.470000000000027,0.40036563071298786,12.440000000000055,0.31511254019291224,3.1700000000000728,4.284500000000025,0.464,-1.0,,,9,3,6.0,2023
2023-06-02 09:00:00+00:00|-1.0|calendar_drop_monday_h9_tp06_sl065,2023-06-02 09:00:00+00:00,STAGE28A,data/reports/stage28a_discovery_factory_batch_runner/stage28a_exact_trades.csv,calendar_time_risk_proxy_v1,calendar_drop_monday_h9_tp06_sl065,-1.5255249999998797,-2.5755249999998795,-3.2755249999998792,0,0,0,0,2.5755249999998795,29.720000000000027,9.389999999999873,0.55271565495209,7.849999999999909,0.2496815286624279,3.689999999999827,4.025999999999977,0.28,-1.0,,,9,4,6.0,2023
2023-06-02 22:45:00+00:00|1.0|calendar_drop_monday_h9_tp06_sl065,2023-06-02 22:45:00+00:00,STAGE28A,data/reports/stage28a_discovery_factory_batch_runner/stage28a_exact_trades.csv,calendar_time_risk_proxy_v1,calendar_drop_monday_h9_tp06_sl065,-0.35,-1.4,-2.1,0,0,0,0,1.4,29.720000000000027,9.389999999999873,0.55271565495209,7.849999999999909,0.2496815286624279,2.009999999999991,4.710999999999979,0.672,1.0,,,9,4,6.0,2023
2023-06-06 09:00:00+00:00|1.0|calendar_drop_monday_h9_tp06_sl065,2023-06-06 09:00:00+00:00,STAGE28A,data/reports/stage28a_discovery_factory_batch_runner/stage28a_exact_trades.csv,calendar_time_risk_proxy_v1,calendar_drop_monday_h9_tp06_sl065,0.6625000000000455,-0.3874999999999544,-1.0874999999999542,0,0,0,0,0.3874999999999544,25.87000000000012,5.519999999999982,0.5851449275362371,6.670000000000073,0.4692653673163531,4.889999999999873,3.7049999999999614,0.172,1.0,,,9,1,6.0,2023
2023-06-07 09:00:00+00:00|-1.0|calendar_drop_monday_h9_tp06_sl065,2023-06-07 09:00:00+00:00,STAGE28A,data/reports/stage28a_discovery_factory_batch_runner/stage28a_exact_trades.csv,calendar_time_risk_proxy_v1,calendar_drop_monday_h9_tp06_sl065,-1.1901249999999437,-2.2401249999999435,-2.9401249999999437,0,0,0,0,2.2401249999999435,11.980000000000018,3.9199999999998454,0.08673469387753356,10.009999999999991,0.11288711288712389,2.300000000000182,3.1389999999999874,0.104,-1.0,,,9,2,6.0,2023
2023-06-08 09:00:00+00:00|1.0|calendar_drop_monday_h9_tp06_sl065,2023-06-08 09:00:00+00:00,STAGE28A,data/reports/stage28a_discovery_factory_batch_runner/stage28a_exact_trades.csv,calendar_time_risk_proxy_v1,calendar_drop_monday_h9_tp06_sl065,0.4144000000000233,-0.6355999999999766,-1.3355999999999764,0,0,0,0,0.6355999999999766,30.329999999999927,7.440000000000055,0.5349462365591383,6.319999999999936,0.011075949367078645,2.1100000000001273,4.6650000000000205,0.692,1.0,,,9,3,6.0,2023
2023-06-09 09:00:00+00:00|-1.0|calendar_drop_monday_h9_tp06_sl065,2023-06-09 09:00:00+00:00,STAGE28A,data/reports/stage28a_discovery_factory_batch_runner/stage28a_exact_trades.csv,calendar_time_risk_proxy_v1,calendar_drop_monday_h9_tp06_sl065,-1.0575250000000325,-2.1075250000000323,-2.807525000000032,0,0,0,0,2.1075250000000323,30.90000000000009,3.25,0.7046153846153734,5.440000000000055,0.34191176470590234,2.7000000000000455,3.384000000000037,0.176,-1.0,,,9,4,6.0,2023
2023-06-09 22:45:00+00:00|1.0|calendar_drop_monday_h9_tp06_sl065,2023-06-09 22:45:00+00:00,STAGE28A,data/reports/stage28a_discovery_factory_batch_runner/stage28a_exact_trades.csv,calendar_time_risk_proxy_v1,calendar_drop_monday_h9_tp06_sl065,-0.35,-1.4,-2.1,0,0,0,0,1.4,30.90000000000009,3.25,0.7046153846153734,5.440000000000055,0.34191176470590234,1.9200000000000728,3.4049999999999954,0.236,1.0,,,9,4,6.0,2023
2023-06-13 09:00:00+00:00|1.0|calendar_drop_monday_h9_tp06_sl065,2023-06-13 09:00:00+00:00,STAGE28A,data/reports/stage28a_discovery_factory_batch_runner/stage28a_exact_trades.csv,calendar_time_risk_proxy_v1,calendar_drop_monday_h9_tp06_sl065,-1.2265249999999015,-2.2765249999999013,-2.976524999999901,0,0,0,0,2.2765249999999013,17.7800000000002,6.210000000000036,0.6070853462157745,7.149999999999864,0.1706293706293777,3.199999999999818,3.753999999999985,0.416,1.0,,,9,1,6.0,2023
2023-06-14 09:00:00+00:00|1.0|calendar_drop_monday_h9_tp06_sl065,2023-06-14 09:00:00+00:00,STAGE28A,data/reports/stage28a_discovery_factory_batch_runner/stage28a_exact_trades.csv,calendar_time_risk_proxy_v1,calendar_drop_monday_h9_tp06_sl065,-1.1894749999999932,-2.239474999999993,-2.9394749999999927,0,0,0,0,2.239474999999993,30.730000000000018,7.240000000000009,0.7223756906077364,7.639999999999873,0.2683246073298414,3.1799999999998363,4.843000000000018,0.872,1.0,,,9,2,6.0,2023
2023-06-15 09:00:00+00:00|-1.0|calendar_drop_monday_h9_tp06_sl065,2023-06-15 09:00:00+00:00,STAGE28A,data/reports/stage28a_discovery_factory_batch_runner/stage28a_exact_trades.csv,calendar_time_risk_proxy_v1,calendar_drop_monday_h9_tp06_sl065,0.8662000000000717,-0.1837999999999282,-0.883799999999928,0,0,0,0,0.1837999999999282,20.580000000000155,12.930000000000064,0.713070378963649,10.7800000000002,0.09090909090909091,9.0300000000002,5.319999999999982,1.0,-1.0,,,9,3,6.0,2023
2023-06-16 09:00:00+00:00|1.0|calendar_drop_monday_h9_tp06_sl065,2023-06-16 09:00:00+00:00,STAGE28A,data/reports/stage28a_discovery_factory_batch_runner/stage28a_exact_trades.csv,calendar_time_risk_proxy_v1,calendar_drop_monday_h9_tp06_sl065,-1.44069999999997,-2.4906999999999697,-3.190699999999969,0,0,0,0,2.4906999999999697,35.600000000000136,6.8900000000001,0.27576197387519064,10.069999999999936,0.7636544190665445,3.660000000000082,4.48150000000004,0.664,1.0,,,9,4,6.0,2023
2023-06-16 22:45:00+00:00|1.0|calendar_drop_monday_h9_tp06_sl065,2023-06-16 22:45:00+00:00,STAGE28A,data/reports/stage28a_discovery_factory_batch_runner/stage28a_exact_trades.csv,calendar_time_risk_proxy_v1,calendar_drop_monday_h9_tp06_sl065,-0.35,-1.4,-2.1,0,0,0,0,1.4,35.600000000000136,6.8900000000001,0.27576197387519064,10.069999999999936,0.7636544190665445,1.8500000000001364,4.161500000000023,0.592,1.0,,,9,4,6.0,2023
2023-06-20 09:00:00+00:00|1.0|calendar_drop_monday_h9_tp06_sl065,2023-06-20 09:00:00+00:00,STAGE28A,data/reports/stage28a_discovery_factory_batch_runner/stage28a_exact_trades.csv,calendar_time_risk_proxy_v1,calendar_drop_monday_h9_tp06_sl065,0.6028000000000248,-0.4471999999999752,-1.147199999999975,0,0,0,0,0.4471999999999752,10.899999999999864,9.029999999999973,0.2159468438538263,9.8900000000001,0.2517694641051551,3.4200000000000728,2.901000000000022,0.096,1.0,,,9,1,6.0,2023
2023-06-21 09:00:00+00:00|-1.0|calendar_drop_monday_h9_tp06_sl065,2023-06-21 09:00:00+00:00,STAGE28A,data/reports/stage28a_discovery_factory_batch_runner/stage28a_exact_trades.csv,calendar_time_risk_proxy_v1,calendar_drop_monday_h9_tp06_sl065,-1.3425499999999375,-2.3925499999999373,-3.092549999999937,0,0,0,0,2.3925499999999373,26.99000000000001,4.149999999999864,0.10843373493977355,6.149999999999864,0.6065040650406668,2.490000000000009,3.704999999999984,0.42,-1.0,,,9,2,6.0,2023
2023-06-22 09:00:00+00:00|-1.0|calendar_drop_monday_h9_tp06_sl065,2023-06-22 09:00:00+00:00,STAGE28A,data/reports/stage28a_discovery_factory_batch_runner/stage28a_exact_trades.csv,calendar_time_risk_proxy_v1,calendar_drop_monday_h9_tp06_sl065,0.4212999999998829,-0.628700000000117,-1.3287000000001168,0,0,0,0,0.628700000000117,20.25,3.459999999999809,0.2687861271676633,8.180000000000064,0.46210268948654565,2.7799999999999727,3.8779999999999744,0.508,-1.0,,,9,3,6.0,2023
2023-06-23 09:00:00+00:00|1.0|calendar_drop_monday_h9_tp06_sl065,2023-06-23 09:00:00+00:00,STAGE28A,data/reports/stage28a_discovery_factory_batch_runner/stage28a_exact_trades.csv,calendar_time_risk_proxy_v1,calendar_drop_monday_h9_tp06_sl065,0.5548000000000229,-0.495199999999977,-1.1951999999999767,0,0,0,0,0.495199999999977,22.579999999999927,6.009999999999991,0.21630615640598277,7.990000000000009,0.6958698372966131,2.9199999999998454,3.8385000000000105,0.476,1.0,,,9,4,6.0,2023
2023-06-23 22:45:00+00:00|1.0|calendar_drop_monday_h9_tp06_sl065,2023-06-23 22:45:00+00:00,STAGE28A,data/reports/stage28a_discovery_factory_batch_runner/stage28a_exact_trades.csv,calendar_time_risk_proxy_v1,calendar_drop_monday_h9_tp06_sl065,-0.35,-1.4,-2.1,0,0,0,0,1.4,22.579999999999927,6.009999999999991,0.21630615640598277,7.990000000000009,0.6958698372966131,1.6099999999999,4.291999999999985,0.764,1.0,,,9,4,6.0,2023
2023-06-27 09:00:00+00:00|-1.0|calendar_drop_monday_h9_tp06_sl065,2023-06-27 09:00:00+00:00,STAGE28A,data/reports/stage28a_discovery_factory_batch_runner/stage28a_exact_trades.csv,calendar_time_risk_proxy_v1,calendar_drop_monday_h9_tp06_sl065,0.5559999999999491,-0.4940000000000508,-1.1940000000000506,0,0,0,0,0.4940000000000508,11.819999999999936,9.349999999999909,0.4064171122994643,5.9500000000000455,0.724369747899145,4.429999999999836,3.3079999999999927,0.192,-1.0,,,9,1,6.0,2023
2023-06-28 09:00:00+00:00|-1.0|calendar_drop_monday_h9_tp06_sl065,2023-06-28 09:00:00+00:00,STAGE28A,data/reports/stage28a_discovery_factory_batch_runner/stage28a_exact_trades.csv,calendar_time_risk_proxy_v1,calendar_drop_monday_h9_tp06_sl065,0.3747999999999593,-0.6752000000000407,-1.3752000000000404,0,0,0,0,0.6752000000000407,19.659999999999854,3.949999999999818,0.05822784810127311,9.480000000000018,0.8280590717299466,1.709999999999809,3.542500000000018,0.308,-1.0,,,9,2,6.0,2023
2023-06-29 09:00:00+00:00|1.0|calendar_drop_monday_h9_tp06_sl065,2023-06-29 09:00:00+00:00,STAGE28A,data/reports/stage28a_discovery_factory_batch_runner/stage28a_exact_trades.csv,calendar_time_risk_proxy_v1,calendar_drop_monday_h9_tp06_sl065,-1.4296499999999015,-2.4796499999999013,-3.179649999999901,0,0,0,0,2.4796499999999013,14.339999999999918,10.029999999999973,0.4386839481555437,5.619999999999891,0.03914590747331522,2.410000000000082,3.2885000000000106,0.204,1.0,,,9,3,6.0,2023
2023-06-30 09:00:00+00:00|-1.0|calendar_drop_monday_h9_tp06_sl065,2023-06-30 09:00:00+00:00,STAGE28A,data/reports/stage28a_discovery_factory_batch_runner/stage28a_exact_trades.csv,calendar_time_risk_proxy_v1,calendar_drop_monday_h9_tp06_sl065,-1.1878499999998895,-2.2378499999998893,-2.937849999999889,0,0,0,0,2.2378499999998893,20.1099999999999,2.660000000000082,0.037593984962456146,9.329999999999927,0.33976420150054637,2.8099999999999454,3.8939999999999713,0.588,-1.0,,,9,4,6.0,2023
2023-06-30 22:45:00+00:00|1.0|calendar_drop_monday_h9_tp06_sl065,2023-06-30 22:45:00+00:00,STAGE28A,data/reports/stage28a_discovery_factory_batch_runner/stage28a_exact_trades.csv,calendar_time_risk_proxy_v1,calendar_drop_monday_h9_tp06_sl065,-0.35,-1.4,-2.1,0,0,0,0,1.4,20.1099999999999,2.660000000000082,0.037593984962456146,9.329999999999927,0.33976420150054637,1.509999999999991,3.5249999999999773,0.4,1.0,,,9,4,6.0,2023
2023-07-04 09:00:00+00:00|1.0|calendar_drop_monday_h9_tp06_sl065,2023-07-04 09:00:00+00:00,STAGE28A,data/reports/stage28a_discovery_factory_batch_runner/stage28a_exact_trades.csv,calendar_time_risk_proxy_v1,calendar_drop_monday_h9_tp06_sl065,-0.9925249999999778,-2.0425249999999777,-2.742524999999977,0,0,0,0,2.0425249999999777,20.950000000000045,3.6399999999998727,0.4807692307692476,7.9099999999998545,0.8609355246523765,1.4100000000000819,2.928500000000008,0.092,1.0,,,9,1,7.0,2023
2023-07-05 09:00:00+00:00|1.0|calendar_drop_monday_h9_tp06_sl065,2023-07-05 09:00:00+00:00,STAGE28A,data/reports/stage28a_discovery_factory_batch_runner/stage28a_exact_trades.csv,calendar_time_risk_proxy_v1,calendar_drop_monday_h9_tp06_sl065,0.2625999999999294,-0.7874000000000705,-1.4874000000000702,0,0,0,0,0.7874000000000705,10.940000000000055,3.9700000000000273,0.42821158690177175,8.25,0.5624242424242546,1.4700000000000273,2.0480000000000134,0.016,1.0,,,9,2,7.0,2023
2023-07-06 09:00:00+00:00|-1.0|calendar_drop_monday_h9_tp06_sl065,2023-07-06 09:00:00+00:00,STAGE28A,data/reports/stage28a_discovery_factory_batch_runner/stage28a_exact_trades.csv,calendar_time_risk_proxy_v1,calendar_drop_monday_h9_tp06_sl065,-1.1254500000000918,-2.175450000000092,-2.8754500000000918,0,0,0,0,2.175450000000092,20.289999999999964,5.2000000000000455,0.3557692307692102,5.379999999999882,0.15055762081783702,3.3899999999998727,3.3749999999999774,0.348,-1.0,,,9,3,7.0,2023
2023-07-07 09:00:00+00:00|1.0|calendar_drop_monday_h9_tp06_sl065,2023-07-07 09:00:00+00:00,STAGE28A,data/reports/stage28a_discovery_factory_batch_runner/stage28a_exact_trades.csv,calendar_time_risk_proxy_v1,calendar_drop_monday_h9_tp06_sl065,-1.02795000000001,-2.0779500000000097,-2.777950000000009,0,0,0,0,2.0779500000000097,24.910000000000082,2.8099999999999454,0.049822064056895154,6.5499999999999545,0.7709923664122121,2.6100000000001273,4.284500000000003,0.884,1.0,,,9,4,7.0,2023
2023-07-07 22:45:00+00:00|1.0|calendar_drop_monday_h9_tp06_sl065,2023-07-07 22:45:00+00:00,STAGE28A,data/reports/stage28a_discovery_factory_batch_runner/stage28a_exact_trades.csv,calendar_time_risk_proxy_v1,calendar_drop_monday_h9_tp06_sl065,-0.35,-1.4,-2.1,0,0,0,0,1.4,24.910000000000082,2.8099999999999454,0.049822064056895154,6.5499999999999545,0.7709923664122121,1.849999999999909,4.249499999999989,0.868,1.0,,,9,4,7.0,2023
2023-07-11 09:00:00+00:00|1.0|calendar_drop_monday_h9_tp06_sl065,2023-07-11 09:00:00+00:00,STAGE28A,data/reports/stage28a_discovery_factory_batch_runner/stage28a_exact_trades.csv,calendar_time_risk_proxy_v1,calendar_drop_monday_h9_tp06_sl065,-1.262275000000136,-2.312275000000136,-3.012275000000136,0,0,0,0,2.312275000000136,15.459999999999809,4.690000000000055,0.3432835820895754,11.970000000000027,0.9598997493734321,1.9300000000000637,3.1635000000000106,0.26,1.0,,,9,1,7.0,2023
2023-07-12 09:00:00+00:00|-1.0|calendar_drop_monday_h9_tp06_sl065,2023-07-12 09:00:00+00:00,STAGE28A,data/reports/stage28a_discovery_factory_batch_runner/stage28a_exact_trades.csv,calendar_time_risk_proxy_v1,calendar_drop_monday_h9_tp06_sl065,-1.3422249999999625,-2.392224999999962,-3.092224999999962,0,0,0,0,2.392224999999962,14.170000000000073,8.88000000000011,0.5833333333333334,6.5,0.4799999999999832,2.380000000000109,2.724000000000001,0.14,-1.0,,,9,2,7.0,2023
2023-07-13 09:00:00+00:00|1.0|calendar_drop_monday_h9_tp06_sl065,2023-07-13 09:00:00+00:00,STAGE28A,data/reports/stage28a_discovery_factory_batch_runner/stage28a_exact_trades.csv,calendar_time_risk_proxy_v1,calendar_drop_monday_h9_tp06_sl065,-1.4758000000000266,-2.5258000000000265,-3.225800000000026,0,0,0,0,2.5258000000000265,27.560000000000173,6.690000000000055,0.38415545590432215,8.11999999999989,0.035714285714281716,3.099999999999909,4.2065000000000055,0.816,1.0,,,9,3,7.0,2023
2023-07-14 09:00:00+00:00|-1.0|calendar_drop_monday_h9_tp06_sl065,2023-07-14 09:00:00+00:00,STAGE28A,data/reports/stage28a_discovery_factory_batch_runner/stage28a_exact_trades.csv,calendar_time_risk_proxy_v1,calendar_drop_monday_h9_tp06_sl065,0.5194000000000415,-0.5305999999999584,-1.2305999999999582,0,0,0,0,0.5305999999999584,11.190000000000055,5.370000000000118,0.4897579143388871,8.259999999999991,0.7990314769975686,3.3700000000001182,3.2995000000000116,0.364,-1.0,,,9,4,7.0,2023
2023-07-14 22:45:00+00:00|1.0|calendar_drop_monday_h9_tp06_sl065,2023-07-14 22:45:00+00:00,STAGE28A,data/reports/stage28a_discovery_factory_batch_runner/stage28a_exact_trades.csv,calendar_time_risk_proxy_v1,calendar_drop_monday_h9_tp06_sl065,-0.35,-1.4,-2.1,0,0,0,0,1.4,11.190000000000055,5.370000000000118,0.4897579143388871,8.259999999999991,0.7990314769975686,1.9500000000000455,3.4994999999999665,0.56,1.0,,,9,4,7.0,2023
2023-07-18 09:00:00+00:00|1.0|calendar_drop_monday_h9_tp06_sl065,2023-07-18 09:00:00+00:00,STAGE28A,data/reports/stage28a_discovery_factory_batch_runner/stage28a_exact_trades.csv,calendar_time_risk_proxy_v1,calendar_drop_monday_h9_tp06_sl065,-1.321424999999954,-2.3714249999999537,-3.071424999999953,0,0,0,0,2.3714249999999537,14.089999999999918,6.839999999999918,0.7046783625730986,6.329999999999927,0.513428120063197,2.7100000000000364,2.929500000000007,0.208,1.0,,,9,1,7.0,2023
2023-07-19 09:00:00+00:00|1.0|calendar_drop_monday_h9_tp06_sl065,2023-07-19 09:00:00+00:00,STAGE28A,data/reports/stage28a_discovery_factory_batch_runner/stage28a_exact_trades.csv,calendar_time_risk_proxy_v1,calendar_drop_monday_h9_tp06_sl065,-1.2362750000000688,-2.2862750000000687,-2.9862750000000684,0,0,0,0,2.2862750000000687,30.559999999999945,4.790000000000191,0.6847599164926601,7.9500000000000455,0.21509433962264485,3.8599999999999,4.246500000000003,0.808,1.0,,,9,2,7.0,2023
2023-07-20 09:00:00+00:00|-1.0|calendar_drop_monday_h9_tp06_sl065,2023-07-20 09:00:00+00:00,STAGE28A,data/reports/stage28a_discovery_factory_batch_runner/stage28a_exact_trades.csv,calendar_time_risk_proxy_v1,calendar_drop_monday_h9_tp06_sl065,-1.3555500000000849,-2.4055500000000847,-3.1055500000000844,0,0,0,0,2.4055500000000847,11.170000000000073,11.850000000000136,0.6607594936708915,7.610000000000127,0.5611038107753138,4.600000000000136,3.416000000000031,0.364,-1.0,,,9,3,7.0,2023
2023-07-21 09:00:00+00:00|-1.0|calendar_drop_monday_h9_tp06_sl065,2023-07-21 09:00:00+00:00,STAGE28A,data/reports/stage28a_discovery_factory_batch_runner/stage28a_exact_trades.csv,calendar_time_risk_proxy_v1,calendar_drop_monday_h9_tp06_sl065,0.3351999999998952,-0.7148000000001047,-1.4148000000001044,0,0,0,0,0.7148000000001047,22.090000000000146,3.8600000000001273,0.0984455958548884,11.100000000000136,0.5630630630630561,2.369999999999891,3.401999999999987,0.344,-1.0,,,9,4,7.0,2023
2023-07-21 22:45:00+00:00|1.0|calendar_drop_monday_h9_tp06_sl065,2023-07-21 22:45:00+00:00,STAGE28A,data/reports/stage28a_discovery_factory_batch_runner/stage28a_exact_trades.csv,calendar_time_risk_proxy_v1,calendar_drop_monday_h9_tp06_sl065,-0.35,-1.4,-2.1,0,0,0,0,1.4,22.090000000000146,3.8600000000001273,0.0984455958548884,11.100000000000136,0.5630630630630561,1.5399999999999636,3.542999999999972,0.508,1.0,,,9,4,7.0,2023
2023-07-25 09:00:00+00:00|1.0|calendar_drop_monday_h9_tp06_sl065,2023-07-25 09:00:00+00:00,STAGE28A,data/reports/stage28a_discovery_factory_batch_runner/stage28a_exact_trades.csv,calendar_time_risk_proxy_v1,calendar_drop_monday_h9_tp06_sl065,0.4558000000000902,-0.5941999999999097,-1.2941999999999094,0,0,0,0,0.5941999999999097,14.429999999999836,10.349999999999909,0.6434782608695568,4.730000000000018,0.12262156448201375,2.770000000000209,3.1345000000000143,0.188,1.0,,,9,1,7.0,2023
2023-07-26 09:00:00+00:00|1.0|calendar_drop_monday_h9_tp06_sl065,2023-07-26 09:00:00+00:00,STAGE28A,data/reports/stage28a_discovery_factory_batch_runner/stage28a_exact_trades.csv,calendar_time_risk_proxy_v1,calendar_drop_monday_h9_tp06_sl065,-1.1137500000000728,-2.1637500000000727,-2.8637500000000724,0,0,0,0,2.1637500000000727,14.290000000000191,4.230000000000018,0.14184397163118356,10.13000000000011,0.7423494570582331,2.650000000000091,3.3164999999999965,0.308,1.0,,,9,2,7.0,2023
2023-07-27 09:00:00+00:00|-1.0|calendar_drop_monday_h9_tp06_sl065,2023-07-27 09:00:00+00:00,STAGE28A,data/reports/stage28a_discovery_factory_batch_runner/stage28a_exact_trades.csv,calendar_time_risk_proxy_v1,calendar_drop_monday_h9_tp06_sl065,-1.301274999999896,-2.351274999999896,-3.051274999999896,0,0,0,0,2.351274999999896,16.339999999999918,11.230000000000018,0.40783615316118854,8.529999999999973,0.30480656506449527,1.7999999999999545,4.1494999999999775,0.884,-1.0,,,9,3,7.0,2023
2023-07-28 09:00:00+00:00|-1.0|calendar_drop_monday_h9_tp06_sl065,2023-07-28 09:00:00+00:00,STAGE28A,data/reports/stage28a_discovery_factory_batch_runner/stage28a_exact_trades.csv,calendar_time_risk_proxy_v1,calendar_drop_monday_h9_tp06_sl065,-1.8099000000000616,-2.8599000000000614,-3.559900000000061,0,0,0,0,2.8599000000000614,39.559999999999945,9.389999999999873,0.7816826411075873,8.8900000000001,0.2598425196850303,2.7800000000002,5.269999999999982,0.944,-1.0,,,9,4,7.0,2023
2023-07-28 22:45:00+00:00|1.0|calendar_drop_monday_h9_tp06_sl065,2023-07-28 22:45:00+00:00,STAGE28A,data/reports/stage28a_discovery_factory_batch_runner/stage28a_exact_trades.csv,calendar_time_risk_proxy_v1,calendar_drop_monday_h9_tp06_sl065,-0.35,-1.4,-2.1,0,0,0,0,1.4,39.559999999999945,9.389999999999873,0.7816826411075873,8.8900000000001,0.2598425196850303,1.9200000000000728,4.113000000000056,0.792,1.0,,,9,4,7.0,2023
2023-08-01 09:00:00+00:00|-1.0|calendar_drop_monday_h9_tp06_sl065,2023-08-01 09:00:00+00:00,STAGE28A,data/reports/stage28a_discovery_factory_batch_runner/stage28a_exact_trades.csv,calendar_time_risk_proxy_v1,calendar_drop_monday_h9_tp06_sl065,-1.2222999999999955,-2.2722999999999955,-2.9722999999999957,0,0,0,0,2.2722999999999955,21.22999999999979,7.0,0.4914285714285792,7.980000000000018,0.6741854636591316,1.9600000000000364,3.4254999999999995,0.364,-1.0,,,9,1,8.0,2023
2023-08-02 09:00:00+00:00|1.0|calendar_drop_monday_h9_tp06_sl065,2023-08-02 09:00:00+00:00,STAGE28A,data/reports/stage28a_discovery_factory_batch_runner/stage28a_exact_trades.csv,calendar_time_risk_proxy_v1,calendar_drop_monday_h9_tp06_sl065,0.5631999999999607,-0.4868000000000392,-1.186800000000039,0,0,0,0,0.4868000000000392,24.850000000000136,8.789999999999964,0.2104664391353975,6.620000000000118,0.055891238670711725,3.6399999999998727,3.894000000000028,0.688,1.0,,,9,2,8.0,2023
2023-08-03 09:00:00+00:00|1.0|calendar_drop_monday_h9_tp06_sl065,2023-08-03 09:00:00+00:00,STAGE28A,data/reports/stage28a_discovery_factory_batch_runner/stage28a_exact_trades.csv,calendar_time_risk_proxy_v1,calendar_drop_monday_h9_tp06_sl065,0.5994999999999436,-0.4505000000000563,-1.150500000000056,0,0,0,0,0.4505000000000563,21.810000000000173,5.089999999999918,0.17681728880154776,7.5,0.15333333333331514,2.6499999999998636,3.54699999999998,0.464,1.0,,,9,3,8.0,2023
2023-08-04 09:00:00+00:00|-1.0|calendar_drop_monday_h9_tp06_sl065,2023-08-04 09:00:00+00:00,STAGE28A,data/reports/stage28a_discovery_factory_batch_runner/stage28a_exact_trades.csv,calendar_time_risk_proxy_v1,calendar_drop_monday_h9_tp06_sl065,-1.4033250000000863,-2.453325000000086,-3.153325000000086,0,0,0,0,2.453325000000086,9.400000000000091,4.379999999999882,0.052511415525119724,5.3599999999999,0.3264925373134389,3.259999999999991,3.449000000000024,0.308,-1.0,,,9,4,8.0,2023
2023-08-04 22:45:00+00:00|1.0|calendar_drop_monday_h9_tp06_sl065,2023-08-04 22:45:00+00:00,STAGE28A,data/reports/stage28a_discovery_factory_batch_runner/stage28a_exact_trades.csv,calendar_time_risk_proxy_v1,calendar_drop_monday_h9_tp06_sl065,-0.35,-1.4,-2.1,0,0,0,0,1.4,9.400000000000091,4.379999999999882,0.052511415525119724,5.3599999999999,0.3264925373134389,2.2999999999999545,3.863499999999976,0.696,1.0,,,9,4,8.0,2023
2023-08-08 09:00:00+00:00|1.0|calendar_drop_monday_h9_tp06_sl065,2023-08-08 09:00:00+00:00,STAGE28A,data/reports/stage28a_discovery_factory_batch_runner/stage28a_exact_trades.csv,calendar_time_risk_proxy_v1,calendar_drop_monday_h9_tp06_sl065,0.4971999999999298,-0.5528000000000701,-1.25280000000007,0,0,0,0,0.5528000000000701,15.170000000000073,6.919999999999845,0.42774566473986636,5.420000000000073,0.3487084870848427,2.2799999999999727,2.986500000000001,0.104,1.0,,,9,1,8.0,2023
2023-08-09 09:00:00+00:00|-1.0|calendar_drop_monday_h9_tp06_sl065,2023-08-09 09:00:00+00:00,STAGE28A,data/reports/stage28a_discovery_factory_batch_runner/stage28a_exact_trades.csv,calendar_time_risk_proxy_v1,calendar_drop_monday_h9_tp06_sl065,-1.192399999999998,-2.2423999999999977,-2.942399999999997,0,0,0,0,2.2423999999999977,15.22999999999979,6.5900000000001455,0.7799696509863409,6.440000000000055,0.6024844720497012,2.0299999999999727,3.1059999999999945,0.184,-1.0,,,9,2,8.0,2023
2023-08-10 09:00:00+00:00|1.0|calendar_drop_monday_h9_tp06_sl065,2023-08-10 09:00:00+00:00,STAGE28A,data/reports/stage28a_discovery_factory_batch_runner/stage28a_exact_trades.csv,calendar_time_risk_proxy_v1,calendar_drop_monday_h9_tp06_sl065,0.4200999999999567,-0.6299000000000432,-1.329900000000043,0,0,0,0,0.6299000000000432,18.330000000000155,4.660000000000082,0.5021459227467547,6.099999999999909,0.377049180327867,3.400000000000091,2.7920000000000074,0.084,1.0,,,9,3,8.0,2023
2023-08-11 09:00:00+00:00|1.0|calendar_drop_monday_h9_tp06_sl065,2023-08-11 09:00:00+00:00,STAGE28A,data/reports/stage28a_discovery_factory_batch_runner/stage28a_exact_trades.csv,calendar_time_risk_proxy_v1,calendar_drop_monday_h9_tp06_sl065,-1.0487500000000185,-2.098750000000018,-2.798750000000018,0,0,0,0,2.098750000000018,17.99000000000001,5.129999999999882,0.3781676413255554,7.240000000000009,0.46685082872926487,3.1900000000000546,3.6939999999999826,0.616,1.0,,,9,4,8.0,2023
2023-08-11 22:45:00+00:00|1.0|calendar_drop_monday_h9_tp06_sl065,2023-08-11 22:45:00+00:00,STAGE28A,data/reports/stage28a_discovery_factory_batch_runner/stage28a_exact_trades.csv,calendar_time_risk_proxy_v1,calendar_drop_monday_h9_tp06_sl065,-0.35,-1.4,-2.1,0,0,0,0,1.4,17.99000000000001,5.129999999999882,0.3781676413255554,7.240000000000009,0.46685082872926487,1.2999999999999545,2.978999999999985,0.208,1.0,,,9,4,8.0,2023
2023-08-15 09:00:00+00:00|-1.0|calendar_drop_monday_h9_tp06_sl065,2023-08-15 09:00:00+00:00,STAGE28A,data/reports/stage28a_discovery_factory_batch_runner/stage28a_exact_trades.csv,calendar_time_risk_proxy_v1,calendar_drop_monday_h9_tp06_sl065,-1.211249999999927,-2.261249999999927,-2.961249999999927,0,0,0,0,2.261249999999927,13.519999999999982,4.5,0.015555555555541408,4.460000000000036,0.5874439461883625,3.339999999999918,3.2225000000000024,0.44,-1.0,,,9,1,8.0,2023
2023-08-16 09:00:00+00:00|1.0|calendar_drop_monday_h9_tp06_sl065,2023-08-16 09:00:00+00:00,STAGE28A,data/reports/stage28a_discovery_factory_batch_runner/stage28a_exact_trades.csv,calendar_time_risk_proxy_v1,calendar_drop_monday_h9_tp06_sl065,-1.0448500000000878,-2.094850000000088,-2.7948500000000878,0,0,0,0,2.094850000000088,15.230000000000018,5.009999999999991,0.5209580838323616,4.4500000000000455,0.45168539325842033,2.019999999999982,3.3050000000000184,0.5,1.0,,,9,2,8.0,2023
2023-08-17 09:00:00+00:00|1.0|calendar_drop_monday_h9_tp06_sl065,2023-08-17 09:00:00+00:00,STAGE28A,data/reports/stage28a_discovery_factory_batch_runner/stage28a_exact_trades.csv,calendar_time_risk_proxy_v1,calendar_drop_monday_h9_tp06_sl065,-1.0783250000000408,-2.1283250000000407,-2.8283250000000404,0,0,0,0,2.1283250000000407,15.420000000000073,5.419999999999845,0.30442804428046827,5.570000000000164,0.45960502692995875,1.8400000000001455,2.958500000000015,0.28,1.0,,,9,3,8.0,2023
2023-08-18 09:00:00+00:00|-1.0|calendar_drop_monday_h9_tp06_sl065,2023-08-18 09:00:00+00:00,STAGE28A,data/reports/stage28a_discovery_factory_batch_runner/stage28a_exact_trades.csv,calendar_time_risk_proxy_v1,calendar_drop_monday_h9_tp06_sl065,0.3621999999999389,-0.687800000000061,-1.3878000000000608,0,0,0,0,0.687800000000061,18.539999999999964,6.210000000000036,0.4541062801932238,2.9199999999998454,0.04452054794516735,2.449999999999818,3.275999999999988,0.604,-1.0,,,9,4,8.0,2023
2023-08-18 22:45:00+00:00|1.0|calendar_drop_monday_h9_tp06_sl065,2023-08-18 22:45:00+00:00,STAGE28A,data/reports/stage28a_discovery_factory_batch_runner/stage28a_exact_trades.csv,calendar_time_risk_proxy_v1,calendar_drop_monday_h9_tp06_sl065,-0.35,-1.4,-2.1,0,0,0,0,1.4,18.539999999999964,6.210000000000036,0.4541062801932238,2.9199999999998454,0.04452054794516735,1.7100000000000364,2.9175000000000297,0.292,1.0,,,9,4,8.0,2023
2023-08-22 09:00:00+00:00|1.0|calendar_drop_monday_h9_tp06_sl065,2023-08-22 09:00:00+00:00,STAGE28A,data/reports/stage28a_discovery_factory_batch_runner/stage28a_exact_trades.csv,calendar_time_risk_proxy_v1,calendar_drop_monday_h9_tp06_sl065,-1.2639000000000125,-2.3139000000000123,-3.013900000000012,0,0,0,0,2.3139000000000123,14.160000000000082,3.6100000000001273,0.2576177285318645,9.980000000000018,0.6863727454909716,2.5399999999999636,3.1150000000000317,0.548,1.0,,,9,1,8.0,2023
2023-08-23 09:00:00+00:00|1.0|calendar_drop_monday_h9_tp06_sl065,2023-08-23 09:00:00+00:00,STAGE28A,data/reports/stage28a_discovery_factory_batch_runner/stage28a_exact_trades.csv,calendar_time_risk_proxy_v1,calendar_drop_monday_h9_tp06_sl065,-1.0728000000000066,-2.1228000000000065,-2.822800000000006,0,0,0,0,2.1228000000000065,15.450000000000045,5.879999999999882,0.6309523809523998,4.910000000000082,0.25050916496944964,1.6000000000001364,2.634500000000037,0.1,1.0,,,9,2,8.0,2023
2023-08-24 09:00:00+00:00|-1.0|calendar_drop_monday_h9_tp06_sl065,2023-08-24 09:00:00+00:00,STAGE28A,data/reports/stage28a_discovery_factory_batch_runner/stage28a_exact_trades.csv,calendar_time_risk_proxy_v1,calendar_drop_monday_h9_tp06_sl065,0.3912999999999101,-0.6587000000000898,-1.3587000000000895,0,0,0,0,0.6587000000000898,23.429999999999836,6.710000000000036,0.5722801788375744,3.6400000000001,0.36263736263739765,2.099999999999909,3.086999999999944,0.5,-1.0,,,9,3,8.0,2023
2023-08-25 09:00:00+00:00|1.0|calendar_drop_monday_h9_tp06_sl065,2023-08-25 09:00:00+00:00,STAGE28A,data/reports/stage28a_discovery_factory_batch_runner/stage28a_exact_trades.csv,calendar_time_risk_proxy_v1,calendar_drop_monday_h9_tp06_sl065,-0.9918750000000272,-2.041875000000027,-2.741875000000027,0,0,0,0,2.041875000000027,11.639999999999873,4.470000000000027,0.7919463087248192,5.199999999999818,0.5307692307692475,1.6400000000001,2.552000000000021,0.092,1.0,,,9,4,8.0,2023
2023-08-25 22:45:00+00:00|1.0|calendar_drop_monday_h9_tp06_sl065,2023-08-25 22:45:00+00:00,STAGE28A,data/reports/stage28a_discovery_factory_batch_runner/stage28a_exact_trades.csv,calendar_time_risk_proxy_v1,calendar_drop_monday_h9_tp06_sl065,-0.35,-1.4,-2.1,0,0,0,0,1.4,11.639999999999873,4.470000000000027,0.7919463087248192,5.199999999999818,0.5307692307692475,2.8199999999999363,3.509000000000026,0.952,1.0,,,9,4,8.0,2023
2023-08-29 09:00:00+00:00|-1.0|calendar_drop_monday_h9_tp06_sl065,2023-08-29 09:00:00+00:00,STAGE28A,data/reports/stage28a_discovery_factory_batch_runner/stage28a_exact_trades.csv,calendar_time_risk_proxy_v1,calendar_drop_monday_h9_tp06_sl065,0.2589999999999236,-0.7910000000000763,-1.491000000000076,0,0,0,0,0.7910000000000763,13.430000000000064,6.25,0.7584000000000014,3.9300000000000637,0.2646310432569839,2.3199999999999363,2.4760000000000444,0.14,-1.0,,,9,1,8.0,2023
2023-08-30 09:00:00+00:00|-1.0|calendar_drop_monday_h9_tp06_sl065,2023-08-30 09:00:00+00:00,STAGE28A,data/reports/stage28a_discovery_factory_batch_runner/stage28a_exact_trades.csv,calendar_time_risk_proxy_v1,calendar_drop_monday_h9_tp06_sl065,-0.9317500000000564,-1.9817500000000563,-2.681750000000056,0,0,0,0,1.9817500000000563,23.829999999999927,2.2799999999999727,0.17543859649127005,3.75,0.3466666666666545,1.6299999999998818,2.9215000000000146,0.424,-1.0,,,9,2,8.0,2023
2023-08-31 09:00:00+00:00|-1.0|calendar_drop_monday_h9_tp06_sl065,2023-08-31 09:00:00+00:00,STAGE28A,data/reports/stage28a_discovery_factory_batch_runner/stage28a_exact_trades.csv,calendar_time_risk_proxy_v1,calendar_drop_monday_h9_tp06_sl065,-0.9005499999999301,-1.95054999999993,-2.65054999999993,0,0,0,0,1.95054999999993,14.009999999999991,6.100000000000136,0.08360655737704582,3.089999999999918,0.11650485436890275,1.4600000000000364,2.373000000000013,0.144,-1.0,,,9,3,8.0,2023
2023-09-01 09:00:00+00:00|1.0|calendar_drop_monday_h9_tp06_sl065,2023-09-01 09:00:00+00:00,STAGE28A,data/reports/stage28a_discovery_factory_batch_runner/stage28a_exact_trades.csv,calendar_time_risk_proxy_v1,calendar_drop_monday_h9_tp06_sl065,-0.9297999999999774,-1.9797999999999771,-2.679799999999977,0,0,0,0,1.9797999999999771,8.789999999999964,5.3900000000001,0.20222634508351117,6.300000000000182,0.8380952380952096,1.5,2.4930000000000176,0.312,1.0,,,9,4,9.0,2023
2023-09-01 22:45:00+00:00|1.0|calendar_drop_monday_h9_tp06_sl065,2023-09-01 22:45:00+00:00,STAGE28A,data/reports/stage28a_discovery_factory_batch_runner/stage28a_exact_trades.csv,calendar_time_risk_proxy_v1,calendar_drop_monday_h9_tp06_sl065,-0.35,-1.4,-2.1,0,0,0,0,1.4,8.789999999999964,5.3900000000001,0.20222634508351117,6.300000000000182,0.8380952380952096,0.9299999999998363,3.377999999999986,0.892,1.0,,,9,4,9.0,2023
2023-09-05 09:00:00+00:00|-1.0|calendar_drop_monday_h9_tp06_sl065,2023-09-05 09:00:00+00:00,STAGE28A,data/reports/stage28a_discovery_factory_batch_runner/stage28a_exact_trades.csv,calendar_time_risk_proxy_v1,calendar_drop_monday_h9_tp06_sl065,-1.043224999999984,-2.093224999999984,-2.793224999999984,0,0,0,0,2.093224999999984,9.470000000000027,3.8600000000001273,0.3056994818652914,8.319999999999936,0.7439903846153696,2.4299999999998363,1.723500000000024,0.028,-1.0,,,9,1,9.0,2023
2023-09-06 09:00:00+00:00|-1.0|calendar_drop_monday_h9_tp06_sl065,2023-09-06 09:00:00+00:00,STAGE28A,data/reports/stage28a_discovery_factory_batch_runner/stage28a_exact_trades.csv,calendar_time_risk_proxy_v1,calendar_drop_monday_h9_tp06_sl065,-0.859275000000116,-1.909275000000116,-2.609275000000116,0,0,0,0,1.909275000000116,13.569999999999936,2.7200000000000273,0.05882352941179421,5.8599999999999,0.2030716723549616,1.3299999999999272,2.222000000000014,0.24,-1.0,,,9,2,9.0,2023
2023-09-07 09:00:00+00:00|-1.0|calendar_drop_monday_h9_tp06_sl065,2023-09-07 09:00:00+00:00,STAGE28A,data/reports/stage28a_discovery_factory_batch_runner/stage28a_exact_trades.csv,calendar_time_risk_proxy_v1,calendar_drop_monday_h9_tp06_sl065,0.2931999999999789,-0.756800000000021,-1.4568000000000207,0,0,0,0,0.756800000000021,13.889999999999873,4.419999999999845,0.5769230769230869,3.400000000000091,0.03529411764709266,1.9800000000000182,2.932000000000005,0.688,-1.0,,,9,3,9.0,2023
2023-09-08 09:00:00+00:00|-1.0|calendar_drop_monday_h9_tp06_sl065,2023-09-08 09:00:00+00:00,STAGE28A,data/reports/stage28a_discovery_factory_batch_runner/stage28a_exact_trades.csv,calendar_time_risk_proxy_v1,calendar_drop_monday_h9_tp06_sl065,0.2244999999999436,-0.8255000000000563,-1.525500000000056,0,0,0,0,0.8255000000000563,7.3599999999999,8.149999999999864,0.6343558282208506,3.8600000000001273,0.07512953367874457,1.6199999999998909,2.6144999999999867,0.58,-1.0,,,9,4,9.0,2023
2023-09-08 22:45:00+00:00|1.0|calendar_drop_monday_h9_tp06_sl065,2023-09-08 22:45:00+00:00,STAGE28A,data/reports/stage28a_discovery_factory_batch_runner/stage28a_exact_trades.csv,calendar_time_risk_proxy_v1,calendar_drop_monday_h9_tp06_sl065,-0.35,-1.4,-2.1,0,0,0,0,1.4,7.3599999999999,8.149999999999864,0.6343558282208506,3.8600000000001273,0.07512953367874457,2.2899999999999636,2.8845000000000143,0.724,1.0,,,9,4,9.0,2023
2023-09-12 09:00:00+00:00|-1.0|calendar_drop_monday_h9_tp06_sl065,2023-09-12 09:00:00+00:00,STAGE28A,data/reports/stage28a_discovery_factory_batch_runner/stage28a_exact_trades.csv,calendar_time_risk_proxy_v1,calendar_drop_monday_h9_tp06_sl065,-1.0669499999999972,-2.116949999999997,-2.8169499999999967,0,0,0,0,2.116949999999997,14.0,4.029999999999973,0.2853598014888018,5.920000000000073,0.7854729729729403,2.4500000000000455,2.2895000000000207,0.252,-1.0,,,9,1,9.0,2023
2023-09-13 09:00:00+00:00|1.0|calendar_drop_monday_h9_tp06_sl065,2023-09-13 09:00:00+00:00,STAGE28A,data/reports/stage28a_discovery_factory_batch_runner/stage28a_exact_trades.csv,calendar_time_risk_proxy_v1,calendar_drop_monday_h9_tp06_sl065,-1.1283750000000965,-2.1783750000000963,-2.878375000000096,0,0,0,0,2.1783750000000963,16.910000000000082,5.6400000000001,0.6790780141843722,4.369999999999891,0.3729977116705148,3.3500000000001364,2.696000000000049,0.656,1.0,,,9,2,9.0,2023
2023-09-14 09:00:00+00:00|-1.0|calendar_drop_monday_h9_tp06_sl065,2023-09-14 09:00:00+00:00,STAGE28A,data/reports/stage28a_discovery_factory_batch_runner/stage28a_exact_trades.csv,calendar_time_risk_proxy_v1,calendar_drop_monday_h9_tp06_sl065,0.3384999999999764,-0.7115000000000236,-1.4115000000000233,0,0,0,0,0.7115000000000236,10.190000000000055,5.3599999999999,0.15671641791043542,5.760000000000218,0.5711805555555276,3.2800000000002,2.8815000000000053,0.784,-1.0,,,9,3,9.0,2023
2023-09-15 09:00:00+00:00|1.0|calendar_drop_monday_h9_tp06_sl065,2023-09-15 09:00:00+00:00,STAGE28A,data/reports/stage28a_discovery_factory_batch_runner/stage28a_exact_trades.csv,calendar_time_risk_proxy_v1,calendar_drop_monday_h9_tp06_sl065,-1.052974999999924,-2.102974999999924,-2.802974999999924,0,0,0,0,2.102974999999924,11.819999999999936,6.240000000000009,0.8461538461538406,4.680000000000064,0.521367521367526,1.3500000000001364,3.077000000000021,0.852,1.0,,,9,4,9.0,2023
2023-09-15 22:45:00+00:00|1.0|calendar_drop_monday_h9_tp06_sl065,2023-09-15 22:45:00+00:00,STAGE28A,data/reports/stage28a_discovery_factory_batch_runner/stage28a_exact_trades.csv,calendar_time_risk_proxy_v1,calendar_drop_monday_h9_tp06_sl065,-0.35,-1.4,-2.1,0,0,0,0,1.4,11.819999999999936,6.240000000000009,0.8461538461538406,4.680000000000064,0.521367521367526,1.1000000000001364,2.9700000000000273,0.768,1.0,,,9,4,9.0,2023
2023-09-19 09:00:00+00:00|1.0|calendar_drop_monday_h9_tp06_sl065,2023-09-19 09:00:00+00:00,STAGE28A,data/reports/stage28a_discovery_factory_batch_runner/stage28a_exact_trades.csv,calendar_time_risk_proxy_v1,calendar_drop_monday_h9_tp06_sl065,0.0705999999999221,-0.9794000000000778,-1.6794000000000775,0,0,0,0,0.9794000000000778,11.730000000000018,2.8200000000001637,0.4893617021275892,5.589999999999918,0.5348837209302013,1.5,2.1135000000000104,0.16,1.0,,,9,1,9.0,2023
2023-09-20 09:00:00+00:00|-1.0|calendar_drop_monday_h9_tp06_sl065,2023-09-20 09:00:00+00:00,STAGE28A,data/reports/stage28a_discovery_factory_batch_runner/stage28a_exact_trades.csv,calendar_time_risk_proxy_v1,calendar_drop_monday_h9_tp06_sl065,0.1419999999999618,-0.908000000000038,-1.6080000000000378,0,0,0,0,0.908000000000038,7.619999999999891,3.9199999999998454,0.30357142857145447,4.3900000000001,0.27107061503417484,2.0299999999999727,1.9400000000000204,0.056,-1.0,,,9,2,9.0,2023
2023-09-21 09:00:00+00:00|-1.0|calendar_drop_monday_h9_tp06_sl065,2023-09-21 09:00:00+00:00,STAGE28A,data/reports/stage28a_discovery_factory_batch_runner/stage28a_exact_trades.csv,calendar_time_risk_proxy_v1,calendar_drop_monday_h9_tp06_sl065,0.2559999999999945,-0.7940000000000054,-1.494000000000005,0,0,0,0,0.7940000000000054,19.519999999999982,7.350000000000136,0.3823129251700535,8.040000000000191,0.4440298507462785,1.9800000000000182,3.7004999999999995,0.98,-1.0,,,9,3,9.0,2023
2023-09-22 09:00:00+00:00|1.0|calendar_drop_monday_h9_tp06_sl065,2023-09-22 09:00:00+00:00,STAGE28A,data/reports/stage28a_discovery_factory_batch_runner/stage28a_exact_trades.csv,calendar_time_risk_proxy_v1,calendar_drop_monday_h9_tp06_sl065,-1.013000000000011,-2.063000000000011,-2.7630000000000106,0,0,0,0,2.063000000000011,17.580000000000155,6.259999999999991,0.5782747603834063,5.400000000000091,0.30740740740737527,1.400000000000091,2.877000000000032,0.672,1.0,,,9,4,9.0,2023
2023-09-22 22:45:00+00:00|1.0|calendar_drop_monday_h9_tp06_sl065,2023-09-22 22:45:00+00:00,STAGE28A,data/reports/stage28a_discovery_factory_batch_runner/stage28a_exact_trades.csv,calendar_time_risk_proxy_v1,calendar_drop_monday_h9_tp06_sl065,-0.35,-1.4,-2.1,0,0,0,0,1.4,17.580000000000155,6.259999999999991,0.5782747603834063,5.400000000000091,0.30740740740737527,1.6199999999998909,2.2900000000000205,0.284,1.0,,,9,4,9.0,2023
2023-09-26 09:00:00+00:00|1.0|calendar_drop_monday_h9_tp06_sl065,2023-09-26 09:00:00+00:00,STAGE28A,data/reports/stage28a_discovery_factory_batch_runner/stage28a_exact_trades.csv,calendar_time_risk_proxy_v1,calendar_drop_monday_h9_tp06_sl065,-0.8602500000000418,-1.9102500000000415,-2.610250000000041,0,0,0,0,1.9102500000000415,12.0,3.730000000000018,0.7774798927613538,5.860000000000127,0.10238907849831456,1.6199999999998909,2.2755000000000223,0.344,1.0,,,9,1,9.0,2023
2023-09-27 09:00:00+00:00|-1.0|calendar_drop_monday_h9_tp06_sl065,2023-09-27 09:00:00+00:00,STAGE28A,data/reports/stage28a_discovery_factory_batch_runner/stage28a_exact_trades.csv,calendar_time_risk_proxy_v1,calendar_drop_monday_h9_tp06_sl065,0.4639000000001033,-0.5860999999998966,-1.2860999999998963,0,0,0,0,0.5860999999998966,17.690000000000055,4.459999999999809,0.23991031390139228,5.339999999999918,0.8220973782771424,2.7799999999999727,2.8924999999999725,0.728,-1.0,,,9,2,9.0,2023
2023-09-28 09:00:00+00:00|-1.0|calendar_drop_monday_h9_tp06_sl065,2023-09-28 09:00:00+00:00,STAGE28A,data/reports/stage28a_discovery_factory_batch_runner/stage28a_exact_trades.csv,calendar_time_risk_proxy_v1,calendar_drop_monday_h9_tp06_sl065,-1.0383499999999004,-2.0883499999999,-2.7883499999999,0,0,0,0,2.0883499999999,31.470000000000027,4.350000000000136,0.537931034482723,4.5499999999999545,0.27472527472527747,2.650000000000091,3.277000000000021,0.84,-1.0,,,9,3,9.0,2023
2023-09-29 09:00:00+00:00|1.0|calendar_drop_monday_h9_tp06_sl065,2023-09-29 09:00:00+00:00,STAGE28A,data/reports/stage28a_discovery_factory_batch_runner/stage28a_exact_trades.csv,calendar_time_risk_proxy_v1,calendar_drop_monday_h9_tp06_sl065,-1.1540499999999612,-2.204049999999961,-2.9040499999999607,0,0,0,0,2.204049999999961,21.920000000000073,4.319999999999936,0.23379629629635026,10.939999999999827,0.9396709323583304,3.7999999999999545,3.8639999999999985,0.972,1.0,,,9,4,9.0,2023
2023-09-29 22:45:00+00:00|1.0|calendar_drop_monday_h9_tp06_sl065,2023-09-29 22:45:00+00:00,STAGE28A,data/reports/stage28a_discovery_factory_batch_runner/stage28a_exact_trades.csv,calendar_time_risk_proxy_v1,calendar_drop_monday_h9_tp06_sl065,0.9579999999999927,-0.0920000000000071,-0.7920000000000069,0,0,0,0,0.0920000000000071,21.920000000000073,4.319999999999936,0.23379629629635026,10.939999999999827,0.9396709323583304,4.589999999999918,4.357000000000016,1.0,1.0,,,9,4,9.0,2023
2023-10-03 09:00:00+00:00|1.0|calendar_drop_monday_h9_tp06_sl065,2023-10-03 09:00:00+00:00,STAGE28A,data/reports/stage28a_discovery_factory_batch_runner/stage28a_exact_trades.csv,calendar_time_risk_proxy_v1,calendar_drop_monday_h9_tp06_sl065,-1.517075000000068,-2.567075000000068,-3.267075000000068,0,0,0,0,2.567075000000068,21.720000000000027,14.25,0.5361403508772,11.009999999999991,0.5376930063578635,2.7100000000000364,4.469000000000028,0.904,1.0,,,9,1,10.0,2023
2023-10-04 09:00:00+00:00|1.0|calendar_drop_monday_h9_tp06_sl065,2023-10-04 09:00:00+00:00,STAGE28A,data/reports/stage28a_discovery_factory_batch_runner/stage28a_exact_trades.csv,calendar_time_risk_proxy_v1,calendar_drop_monday_h9_tp06_sl065,0.5388999999999214,-0.5111000000000785,-1.2111000000000782,0,0,0,0,0.5111000000000785,18.170000000000073,5.2999999999999545,0.34905660377361364,7.849999999999909,0.1770700636942823,2.759999999999991,4.0790000000000415,0.764,1.0,,,9,2,10.0,2023
2023-10-05 09:00:00+00:00|-1.0|calendar_drop_monday_h9_tp06_sl065,2023-10-05 09:00:00+00:00,STAGE28A,data/reports/stage28a_discovery_factory_batch_runner/stage28a_exact_trades.csv,calendar_time_risk_proxy_v1,calendar_drop_monday_h9_tp06_sl065,-1.086124999999902,-2.1361249999999017,-2.8361249999999014,0,0,0,0,2.1361249999999017,13.930000000000064,7.940000000000055,0.7607052896725629,9.490000000000009,0.6649104320337134,1.9100000000000819,3.730500000000018,0.58,-1.0,,,9,3,10.0,2023
2023-10-06 09:00:00+00:00|-1.0|calendar_drop_monday_h9_tp06_sl065,2023-10-06 09:00:00+00:00,STAGE28A,data/reports/stage28a_discovery_factory_batch_runner/stage28a_exact_trades.csv,calendar_time_risk_proxy_v1,calendar_drop_monday_h9_tp06_sl065,-0.9200500000000374,-1.9700500000000372,-2.670050000000037,0,0,0,0,1.9700500000000372,16.13000000000011,4.75,0.5810526315789455,5.929999999999836,0.5801011804384738,2.160000000000082,3.2285000000000195,0.416,-1.0,,,9,4,10.0,2023
2023-10-06 22:45:00+00:00|1.0|calendar_drop_monday_h9_tp06_sl065,2023-10-06 22:45:00+00:00,STAGE28A,data/reports/stage28a_discovery_factory_batch_runner/stage28a_exact_trades.csv,calendar_time_risk_proxy_v1,calendar_drop_monday_h9_tp06_sl065,-0.35,-1.4,-2.1,0,0,0,0,1.4,16.13000000000011,4.75,0.5810526315789455,5.929999999999836,0.5801011804384738,2.490000000000009,4.393000000000018,0.824,1.0,,,9,4,10.0,2023
2023-10-10 09:00:00+00:00|-1.0|calendar_drop_monday_h9_tp06_sl065,2023-10-10 09:00:00+00:00,STAGE28A,data/reports/stage28a_discovery_factory_batch_runner/stage28a_exact_trades.csv,calendar_time_risk_proxy_v1,calendar_drop_monday_h9_tp06_sl065,-1.1449499999999715,-2.1949499999999715,-2.8949499999999717,0,0,0,0,2.1949499999999715,19.25999999999999,5.050000000000182,0.20792079207919142,7.339999999999918,0.5640326975477038,2.3600000000001273,3.2215000000000034,0.256,-1.0,,,9,1,10.0,2023
2023-10-11 09:00:00+00:00|1.0|calendar_drop_monday_h9_tp06_sl065,2023-10-11 09:00:00+00:00,STAGE28A,data/reports/stage28a_discovery_factory_batch_runner/stage28a_exact_trades.csv,calendar_time_risk_proxy_v1,calendar_drop_monday_h9_tp06_sl065,-1.02795000000001,-2.0779500000000097,-2.777950000000009,0,0,0,0,2.0779500000000097,12.330000000000155,2.790000000000191,0.11111111111116544,12.52000000000021,0.831469648562293,1.9800000000000182,2.6934999999999834,0.04,1.0,,,9,2,10.0,2023
2023-10-12 09:00:00+00:00|1.0|calendar_drop_monday_h9_tp06_sl065,2023-10-12 09:00:00+00:00,STAGE28A,data/reports/stage28a_discovery_factory_batch_runner/stage28a_exact_trades.csv,calendar_time_risk_proxy_v1,calendar_drop_monday_h9_tp06_sl065,0.3777999999998883,-0.6722000000001116,-1.372200000000111,0,0,0,0,0.6722000000001116,18.6400000000001,5.0499999999999545,0.6079207920792008,5.900000000000091,0.5610169491525244,1.6599999999998545,3.03599999999999,0.1,1.0,,,9,3,10.0,2023
2023-10-13 09:00:00+00:00|1.0|calendar_drop_monday_h9_tp06_sl065,2023-10-13 09:00:00+00:00,STAGE28A,data/reports/stage28a_discovery_factory_batch_runner/stage28a_exact_trades.csv,calendar_time_risk_proxy_v1,calendar_drop_monday_h9_tp06_sl065,-1.0390000000000783,-2.089000000000078,-2.789000000000078,0,0,0,0,2.089000000000078,17.139999999999873,5.779999999999973,0.6868512110726723,14.670000000000073,0.9522835719154709,2.0499999999999545,3.0699999999999705,0.136,1.0,,,9,4,10.0,2023
2023-10-13 22:45:00+00:00|1.0|calendar_drop_monday_h9_tp06_sl065,2023-10-13 22:45:00+00:00,STAGE28A,data/reports/stage28a_discovery_factory_batch_runner/stage28a_exact_trades.csv,calendar_time_risk_proxy_v1,calendar_drop_monday_h9_tp06_sl065,-0.35,-1.4,-2.1,0,0,0,0,1.4,17.139999999999873,5.779999999999973,0.6868512110726723,14.670000000000073,0.9522835719154709,3.1099999999999,5.395499999999993,0.964,1.0,,,9,4,10.0,2023
2023-10-17 09:00:00+00:00|1.0|calendar_drop_monday_h9_tp06_sl065,2023-10-17 09:00:00+00:00,STAGE28A,data/reports/stage28a_discovery_factory_batch_runner/stage28a_exact_trades.csv,calendar_time_risk_proxy_v1,calendar_drop_monday_h9_tp06_sl065,-1.3506750000000012,-2.400675000000001,-3.1006750000000007,0,0,0,0,2.400675000000001,22.09999999999991,9.3599999999999,0.22435897435899133,9.639999999999873,0.6390041493775868,2.599999999999909,3.5804999999999723,0.444,1.0,,,9,1,10.0,2023
2023-10-18 09:00:00+00:00|1.0|calendar_drop_monday_h9_tp06_sl065,2023-10-18 09:00:00+00:00,STAGE28A,data/reports/stage28a_discovery_factory_batch_runner/stage28a_exact_trades.csv,calendar_time_risk_proxy_v1,calendar_drop_monday_h9_tp06_sl065,-1.8560499999999596,-2.906049999999959,-3.606049999999959,0,0,0,0,2.906049999999959,19.200000000000045,19.519999999999982,0.6444672131147626,11.029999999999973,0.630099728014491,3.199999999999818,4.73549999999999,0.84,1.0,,,9,2,10.0,2023
2023-10-19 09:00:00+00:00|1.0|calendar_drop_monday_h9_tp06_sl065,2023-10-19 09:00:00+00:00,STAGE28A,data/reports/stage28a_discovery_factory_batch_runner/stage28a_exact_trades.csv,calendar_time_risk_proxy_v1,calendar_drop_monday_h9_tp06_sl065,0.6672999999999775,-0.3827000000000224,-1.0827000000000222,0,0,0,0,0.3827000000000224,39.38999999999987,8.089999999999918,0.41532756489492384,9.13000000000011,0.4841182913472092,3.3400000000001455,5.4074999999999935,0.868,1.0,,,9,3,10.0,2023
2023-10-20 09:00:00+00:00|1.0|calendar_drop_monday_h9_tp06_sl065,2023-10-20 09:00:00+00:00,STAGE28A,data/reports/stage28a_discovery_factory_batch_runner/stage28a_exact_trades.csv,calendar_time_risk_proxy_v1,calendar_drop_monday_h9_tp06_sl065,0.7777000000000044,-0.2722999999999955,-0.9722999999999952,0,0,0,0,0.2722999999999955,32.50999999999999,10.069999999999936,0.5233366434955328,11.190000000000055,0.4387846291331395,4.019999999999982,5.698500000000001,0.888,1.0,,,9,4,10.0,2023
2023-10-20 23:45:00+00:00|1.0|calendar_drop_monday_h9_tp06_sl065,2023-10-20 23:45:00+00:00,STAGE28A,data/reports/stage28a_discovery_factory_batch_runner/stage28a_exact_trades.csv,calendar_time_risk_proxy_v1,calendar_drop_monday_h9_tp06_sl065,-0.35,-1.4,-2.1,0,0,0,0,1.4,32.50999999999999,10.069999999999936,0.5233366434955328,11.190000000000055,0.4387846291331395,3.1599999999998545,6.09100000000002,0.94,1.0,,,9,4,10.0,2023
2023-10-24 09:00:00+00:00|-1.0|calendar_drop_monday_h9_tp06_sl065,2023-10-24 09:00:00+00:00,STAGE28A,data/reports/stage28a_discovery_factory_batch_runner/stage28a_exact_trades.csv,calendar_time_risk_proxy_v1,calendar_drop_monday_h9_tp06_sl065,0.6585999999998876,-0.3914000000001123,-1.091400000000112,0,0,0,0,0.3914000000001123,21.069999999999936,9.460000000000036,0.40697674418603536,14.259999999999991,0.7180925666199169,2.1699999999998454,4.1750000000000345,0.48,-1.0,,,9,1,10.0,2023
2023-10-25 09:00:00+00:00|-1.0|calendar_drop_monday_h9_tp06_sl065,2023-10-25 09:00:00+00:00,STAGE28A,data/reports/stage28a_discovery_factory_batch_runner/stage28a_exact_trades.csv,calendar_time_risk_proxy_v1,calendar_drop_monday_h9_tp06_sl065,0.6882999999999356,-0.3617000000000643,-1.061700000000064,0,0,0,0,0.3617000000000643,27.230000000000018,7.0900000000001455,0.3808180535966135,7.660000000000082,0.4856396866840715,2.740000000000009,4.599500000000023,0.512,-1.0,,,9,2,10.0,2023
2023-10-26 09:00:00+00:00|1.0|calendar_drop_monday_h9_tp06_sl065,2023-10-26 09:00:00+00:00,STAGE28A,data/reports/stage28a_discovery_factory_batch_runner/stage28a_exact_trades.csv,calendar_time_risk_proxy_v1,calendar_drop_monday_h9_tp06_sl065,-1.43095000000003,-2.4809500000000297,-3.180950000000029,0,0,0,0,2.4809500000000297,24.13000000000011,7.869999999999891,0.6569250317661902,9.559999999999945,0.3650627615062792,4.75,5.531500000000017,0.7,1.0,,,9,3,10.0,2023
2023-10-27 09:00:00+00:00|-1.0|calendar_drop_monday_h9_tp06_sl065,2023-10-27 09:00:00+00:00,STAGE28A,data/reports/stage28a_discovery_factory_batch_runner/stage28a_exact_trades.csv,calendar_time_risk_proxy_v1,calendar_drop_monday_h9_tp06_sl065,-1.376025000000118,-2.426025000000118,-3.126025000000117,0,0,0,0,2.426025000000118,21.6400000000001,5.900000000000091,0.44406779661014417,4.7000000000000455,0.42340425531914677,3.259999999999991,4.3755,0.316,-1.0,,,9,4,10.0,2023
2023-10-27 23:45:00+00:00|1.0|calendar_drop_monday_h9_tp06_sl065,2023-10-27 23:45:00+00:00,STAGE28A,data/reports/stage28a_discovery_factory_batch_runner/stage28a_exact_trades.csv,calendar_time_risk_proxy_v1,calendar_drop_monday_h9_tp06_sl065,-0.35,-1.4,-2.1,0,0,0,0,1.4,21.6400000000001,5.900000000000091,0.44406779661014417,4.7000000000000455,0.42340425531914677,4.579999999999927,4.945000000000027,0.524,1.0,,,9,4,10.0,2023
2023-10-31 09:00:00+00:00|1.0|calendar_drop_monday_h9_tp06_sl065,2023-10-31 09:00:00+00:00,STAGE28A,data/reports/stage28a_discovery_factory_batch_runner/stage28a_exact_trades.csv,calendar_time_risk_proxy_v1,calendar_drop_monday_h9_tp06_sl065,0.5322999999999866,-0.5177000000000134,-1.217700000000013,0,0,0,0,0.5177000000000134,15.75,6.7000000000000455,0.38656716417908965,7.740000000000009,0.9470284237725993,2.8300000000001546,3.535500000000013,0.048,1.0,,,9,1,10.0,2023
2023-11-01 09:00:00+00:00|1.0|calendar_drop_monday_h9_tp06_sl065,2023-11-01 09:00:00+00:00,STAGE28A,data/reports/stage28a_discovery_factory_batch_runner/stage28a_exact_trades.csv,calendar_time_risk_proxy_v1,calendar_drop_monday_h9_tp06_sl065,-1.3594500000000154,-2.409450000000015,-3.109450000000015,0,0,0,0,2.409450000000015,29.070000000000164,10.86999999999989,0.525298988040487,7.8599999999999,0.7175572519084188,1.9500000000000455,4.516500000000053,0.336,1.0,,,9,2,11.0,2023
2023-11-02 09:00:00+00:00|1.0|calendar_drop_monday_h9_tp06_sl065,2023-11-02 09:00:00+00:00,STAGE28A,data/reports/stage28a_discovery_factory_batch_runner/stage28a_exact_trades.csv,calendar_time_risk_proxy_v1,calendar_drop_monday_h9_tp06_sl065,0.4189000000000306,-0.6310999999999694,-1.331099999999969,0,0,0,0,0.6310999999999694,22.200000000000045,6.960000000000036,0.5574712643678289,5.899999999999864,0.4915254237288018,1.8399999999999181,4.443500000000006,0.32,1.0,,,9,3,11.0,2023
2023-11-03 09:00:00+00:00|1.0|calendar_drop_monday_h9_tp06_sl065,2023-11-03 09:00:00+00:00,STAGE28A,data/reports/stage28a_discovery_factory_batch_runner/stage28a_exact_trades.csv,calendar_time_risk_proxy_v1,calendar_drop_monday_h9_tp06_sl065,-0.998050000000012,-2.048050000000012,-2.748050000000012,0,0,0,0,2.048050000000012,12.200000000000045,4.599999999999909,0.09565217391305723,5.789999999999964,0.44559585492227005,2.3999999999998636,3.1675000000000066,0.016,1.0,,,9,4,11.0,2023
2023-11-03 22:45:00+00:00|1.0|calendar_drop_monday_h9_tp06_sl065,2023-11-03 22:45:00+00:00,STAGE28A,data/reports/stage28a_discovery_factory_batch_runner/stage28a_exact_trades.csv,calendar_time_risk_proxy_v1,calendar_drop_monday_h9_tp06_sl065,-0.35,-1.4,-2.1,0,0,0,0,1.4,12.200000000000045,4.599999999999909,0.09565217391305723,5.789999999999964,0.44559585492227005,3.589999999999918,4.617499999999984,0.548,1.0,,,9,4,11.0,2023
2023-11-07 09:00:00+00:00|-1.0|calendar_drop_monday_h9_tp06_sl065,2023-11-07 09:00:00+00:00,STAGE28A,data/reports/stage28a_discovery_factory_batch_runner/stage28a_exact_trades.csv,calendar_time_risk_proxy_v1,calendar_drop_monday_h9_tp06_sl065,-1.114075000000048,-2.164075000000048,-2.864075000000048,0,0,0,0,2.164075000000048,16.519999999999982,7.3599999999999,0.7228260869565538,10.039999999999964,0.5149402390438111,2.869999999999891,2.8374999999999773,0.024,-1.0,,,9,1,11.0,2023
2023-11-08 09:00:00+00:00|-1.0|calendar_drop_monday_h9_tp06_sl065,2023-11-08 09:00:00+00:00,STAGE28A,data/reports/stage28a_discovery_factory_batch_runner/stage28a_exact_trades.csv,calendar_time_risk_proxy_v1,calendar_drop_monday_h9_tp06_sl065,-1.0776750000000903,-2.12767500000009,-2.82767500000009,0,0,0,0,2.12767500000009,21.62999999999988,3.6900000000000546,0.3685636856368854,9.5,0.5821052631578919,4.009999999999991,3.5959999999999694,0.244,-1.0,,,9,2,11.0,2023
2023-11-09 09:00:00+00:00|-1.0|calendar_drop_monday_h9_tp06_sl065,2023-11-09 09:00:00+00:00,STAGE28A,data/reports/stage28a_discovery_factory_batch_runner/stage28a_exact_trades.csv,calendar_time_risk_proxy_v1,calendar_drop_monday_h9_tp06_sl065,-1.1316250000000765,-2.1816250000000763,-2.881625000000076,0,0,0,0,2.1816250000000763,23.529999999999973,6.889999999999873,0.18867924528301575,5.990000000000009,0.40066777963273575,1.3399999999999181,3.623000000000002,0.308,-1.0,,,9,3,11.0,2023
2023-11-10 09:00:00+00:00|-1.0|calendar_drop_monday_h9_tp06_sl065,2023-11-10 09:00:00+00:00,STAGE28A,data/reports/stage28a_discovery_factory_batch_runner/stage28a_exact_trades.csv,calendar_time_risk_proxy_v1,calendar_drop_monday_h9_tp06_sl065,-1.166724999999906,-2.2167249999999057,-2.9167249999999054,0,0,0,0,2.2167249999999057,21.11999999999989,4.360000000000127,0.300458715596309,6.629999999999882,0.5505279034691035,2.5299999999999727,4.033999999999992,0.568,-1.0,,,9,4,11.0,2023
2023-11-10 23:45:00+00:00|1.0|calendar_drop_monday_h9_tp06_sl065,2023-11-10 23:45:00+00:00,STAGE28A,data/reports/stage28a_discovery_factory_batch_runner/stage28a_exact_trades.csv,calendar_time_risk_proxy_v1,calendar_drop_monday_h9_tp06_sl065,-1.3315000000000965,-2.3815000000000963,-3.081500000000096,0,0,0,0,2.3815000000000963,21.11999999999989,4.360000000000127,0.300458715596309,6.629999999999882,0.5505279034691035,2.0399999999999636,3.773000000000013,0.452,1.0,,,9,4,11.0,2023
2023-11-14 09:00:00+00:00|1.0|calendar_drop_monday_h9_tp06_sl065,2023-11-14 09:00:00+00:00,STAGE28A,data/reports/stage28a_discovery_factory_batch_runner/stage28a_exact_trades.csv,calendar_time_risk_proxy_v1,calendar_drop_monday_h9_tp06_sl065,-1.0315249999999652,-2.081524999999965,-2.7815249999999647,0,0,0,0,2.081524999999965,31.539999999999964,4.509999999999991,0.38802660753880347,4.4500000000000455,0.4898876404493964,1.7799999999999727,2.7705000000000153,0.024,1.0,,,9,1,11.0,2023
2023-11-15 09:00:00+00:00|1.0|calendar_drop_monday_h9_tp06_sl065,2023-11-15 09:00:00+00:00,STAGE28A,data/reports/stage28a_discovery_factory_batch_runner/stage28a_exact_trades.csv,calendar_time_risk_proxy_v1,calendar_drop_monday_h9_tp06_sl065,0.4065999999999349,-0.643400000000065,-1.3434000000000648,0,0,0,0,0.643400000000065,33.81000000000017,6.400000000000091,0.7859374999999845,8.25,0.6848484848484683,3.7200000000000273,4.137500000000022,0.684,1.0,,,9,2,11.0,2023
2023-11-16 09:00:00+00:00|1.0|calendar_drop_monday_h9_tp06_sl065,2023-11-16 09:00:00+00:00,STAGE28A,data/reports/stage28a_discovery_factory_batch_runner/stage28a_exact_trades.csv,calendar_time_risk_proxy_v1,calendar_drop_monday_h9_tp06_sl065,0.4588000000000193,-0.5911999999999806,-1.2911999999999804,0,0,0,0,0.5911999999999806,19.699999999999818,6.079999999999927,0.35526315789475454,6.4500000000000455,0.3968992248061903,4.539999999999964,3.7159999999999966,0.468,1.0,,,9,3,11.0,2023
2023-11-17 09:00:00+00:00|1.0|calendar_drop_monday_h9_tp06_sl065,2023-11-17 09:00:00+00:00,STAGE28A,data/reports/stage28a_discovery_factory_batch_runner/stage28a_exact_trades.csv,calendar_time_risk_proxy_v1,calendar_drop_monday_h9_tp06_sl065,-1.100099999999975,-2.150099999999975,-2.8500999999999745,0,0,0,0,2.150099999999975,31.529999999999973,6.4099999999998545,0.5351014040561843,10.810000000000173,0.5383903792784314,2.0700000000001637,3.673999999999978,0.436,1.0,,,9,4,11.0,2023
2023-11-17 23:45:00+00:00|1.0|calendar_drop_monday_h9_tp06_sl065,2023-11-17 23:45:00+00:00,STAGE28A,data/reports/stage28a_discovery_factory_batch_runner/stage28a_exact_trades.csv,calendar_time_risk_proxy_v1,calendar_drop_monday_h9_tp06_sl065,-0.35,-1.4,-2.1,0,0,0,0,1.4,31.529999999999973,6.4099999999998545,0.5351014040561843,10.810000000000173,0.5383903792784314,2.0299999999999727,3.6260000000000105,0.38,1.0,,,9,4,11.0,2023
2023-11-21 09:00:00+00:00|-1.0|calendar_drop_monday_h9_tp06_sl065,2023-11-21 09:00:00+00:00,STAGE28A,data/reports/stage28a_discovery_factory_batch_runner/stage28a_exact_trades.csv,calendar_time_risk_proxy_v1,calendar_drop_monday_h9_tp06_sl065,0.6889000000000124,-0.3610999999999875,-1.0610999999999873,0,0,0,0,0.3610999999999875,19.700000000000045,17.019999999999982,0.6404230317273722,10.009999999999991,0.3466533466533497,2.810000000000173,4.241999999999962,0.852,-1.0,,,9,1,11.0,2023
2023-11-22 09:00:00+00:00|1.0|calendar_drop_monday_h9_tp06_sl065,2023-11-22 09:00:00+00:00,STAGE28A,data/reports/stage28a_discovery_factory_batch_runner/stage28a_exact_trades.csv,calendar_time_risk_proxy_v1,calendar_drop_monday_h9_tp06_sl065,-1.309724999999935,-2.359724999999935,-3.0597249999999345,0,0,0,0,2.359724999999935,30.34999999999991,4.8599999999999,0.0041152263374449015,9.639999999999873,0.19502074688795712,2.9700000000000273,3.7610000000000126,0.46,1.0,,,9,2,11.0,2023
2023-11-23 09:00:00+00:00|-1.0|calendar_drop_monday_h9_tp06_sl065,2023-11-23 09:00:00+00:00,STAGE28A,data/reports/stage28a_discovery_factory_batch_runner/stage28a_exact_trades.csv,calendar_time_risk_proxy_v1,calendar_drop_monday_h9_tp06_sl065,-1.2414749999999004,-2.2914749999999,-2.9914749999999,0,0,0,0,2.2914749999999,19.419999999999845,9.160000000000082,0.5262008733624586,6.319999999999936,0.2547468354430607,2.269999999999982,3.693500000000006,0.336,-1.0,,,9,3,11.0,2023
2023-11-24 09:00:00+00:00|1.0|calendar_drop_monday_h9_tp06_sl065,2023-11-24 09:00:00+00:00,STAGE28A,data/reports/stage28a_discovery_factory_batch_runner/stage28a_exact_trades.csv,calendar_time_risk_proxy_v1,calendar_drop_monday_h9_tp06_sl065,0.3876999999999043,-0.6623000000000956,-1.362300000000095,0,0,0,0,0.6623000000000956,9.38000000000011,3.4400000000000546,0.11627906976740036,4.259999999999991,0.47652582159623874,1.6599999999998545,1.9665000000000077,0.004,1.0,,,9,4,11.0,2023
2023-11-24 23:00:00+00:00|1.0|calendar_drop_monday_h9_tp06_sl065,2023-11-24 23:00:00+00:00,STAGE28A,data/reports/stage28a_discovery_factory_batch_runner/stage28a_exact_trades.csv,calendar_time_risk_proxy_v1,calendar_drop_monday_h9_tp06_sl065,-0.35,-1.4,-2.1,0,0,0,0,1.4,9.38000000000011,3.4400000000000546,0.11627906976740036,4.259999999999991,0.47652582159623874,0.0,2.6599999999999797,0.14,1.0,,,9,4,11.0,2023
2023-11-28 09:00:00+00:00|1.0|calendar_drop_monday_h9_tp06_sl065,2023-11-28 09:00:00+00:00,STAGE28A,data/reports/stage28a_discovery_factory_batch_runner/stage28a_exact_trades.csv,calendar_time_risk_proxy_v1,calendar_drop_monday_h9_tp06_sl065,-1.276249999999982,-2.3262499999999817,-3.026249999999981,0,0,0,0,2.3262499999999817,17.639999999999873,4.9500000000000455,0.02626262626264807,4.529999999999973,0.09713024282556951,2.4400000000000546,3.1460000000000035,0.252,1.0,,,9,1,11.0,2023
2023-11-29 09:00:00+00:00|-1.0|calendar_drop_monday_h9_tp06_sl065,2023-11-29 09:00:00+00:00,STAGE28A,data/reports/stage28a_discovery_factory_batch_runner/stage28a_exact_trades.csv,calendar_time_risk_proxy_v1,calendar_drop_monday_h9_tp06_sl065,0.7200999999999113,-0.3299000000000887,-1.0299000000000884,0,0,0,0,0.3299000000000887,32.87999999999988,11.659999999999854,0.15694682675814323,13.519999999999754,0.6531065088757462,3.189999999999827,4.746499999999946,0.984,-1.0,,,9,2,11.0,2023
2023-11-30 09:00:00+00:00|-1.0|calendar_drop_monday_h9_tp06_sl065,2023-11-30 09:00:00+00:00,STAGE28A,data/reports/stage28a_discovery_factory_batch_runner/stage28a_exact_trades.csv,calendar_time_risk_proxy_v1,calendar_drop_monday_h9_tp06_sl065,-1.3597749999999906,-2.4097749999999905,-3.10977499999999,0,0,0,0,2.4097749999999905,16.749999999999773,4.540000000000191,0.0,10.160000000000082,0.6102362204724405,4.2000000000000455,3.8725000000000707,0.576,-1.0,,,9,3,11.0,2023
2023-12-01 09:00:00+00:00|1.0|calendar_drop_monday_h9_tp06_sl065,2023-12-01 09:00:00+00:00,STAGE28A,data/reports/stage28a_discovery_factory_batch_runner/stage28a_exact_trades.csv,calendar_time_risk_proxy_v1,calendar_drop_monday_h9_tp06_sl065,0.4378000000000611,-0.6121999999999388,-1.3121999999999383,0,0,0,0,0.6121999999999388,16.060000000000173,6.800000000000182,0.0073529411764971415,10.539999999999964,0.34345351043642347,3.2000000000000455,3.677499999999975,0.364,1.0,,,9,4,12.0,2023
2023-12-01 23:45:00+00:00|1.0|calendar_drop_monday_h9_tp06_sl065,2023-12-01 23:45:00+00:00,STAGE28A,data/reports/stage28a_discovery_factory_batch_runner/stage28a_exact_trades.csv,calendar_time_risk_proxy_v1,calendar_drop_monday_h9_tp06_sl065,-0.35,-1.4,-2.1,0,0,0,0,1.4,16.060000000000173,6.800000000000182,0.0073529411764971415,10.539999999999964,0.34345351043642347,4.5300000000002,5.846000000000015,1.0,1.0,,,9,4,12.0,2023
2023-12-05 09:00:00+00:00|-1.0|calendar_drop_monday_h9_tp06_sl065,2023-12-05 09:00:00+00:00,STAGE28A,data/reports/stage28a_discovery_factory_batch_runner/stage28a_exact_trades.csv,calendar_time_risk_proxy_v1,calendar_drop_monday_h9_tp06_sl065,0.8752000000000862,-0.1747999999999137,-0.8747999999999134,0,0,0,0,0.1747999999999137,129.52999999999975,12.779999999999973,0.13145539906103812,16.480000000000018,0.41868932038835455,2.7999999999999545,7.86149999999999,0.868,-1.0,,,9,1,12.0,2023
2023-12-06 09:00:00+00:00|-1.0|calendar_drop_monday_h9_tp06_sl065,2023-12-06 09:00:00+00:00,STAGE28A,data/reports/stage28a_discovery_factory_batch_runner/stage28a_exact_trades.csv,calendar_time_risk_proxy_v1,calendar_drop_monday_h9_tp06_sl065,0.5913999999999305,-0.4586000000000694,-1.1586000000000691,0,0,0,0,0.4586000000000694,31.279999999999973,6.980000000000018,0.43696275071632473,15.710000000000036,0.05919796308084414,3.4199999999998454,5.072999999999991,0.752,-1.0,,,9,2,12.0,2023
2023-12-07 09:00:00+00:00|1.0|calendar_drop_monday_h9_tp06_sl065,2023-12-07 09:00:00+00:00,STAGE28A,data/reports/stage28a_discovery_factory_batch_runner/stage28a_exact_trades.csv,calendar_time_risk_proxy_v1,calendar_drop_monday_h9_tp06_sl065,0.5893000000000029,-0.460699999999997,-1.1606999999999967,0,0,0,0,0.460699999999997,18.700000000000045,4.740000000000009,0.21940928270041385,9.889999999999873,0.765419615773512,3.509999999999991,4.241999999999973,0.556,1.0,,,9,3,12.0,2023
2023-12-08 09:00:00+00:00|-1.0|calendar_drop_monday_h9_tp06_sl065,2023-12-08 09:00:00+00:00,STAGE28A,data/reports/stage28a_discovery_factory_batch_runner/stage28a_exact_trades.csv,calendar_time_risk_proxy_v1,calendar_drop_monday_h9_tp06_sl065,0.5025999999999385,-0.5474000000000614,-1.2474000000000611,0,0,0,0,0.5474000000000614,19.700000000000045,7.100000000000136,0.48309859154929546,5.870000000000118,0.2913117546848385,2.2899999999999636,4.563999999999998,0.572,-1.0,,,9,4,12.0,2023
2023-12-08 23:45:00+00:00|1.0|calendar_drop_monday_h9_tp06_sl065,2023-12-08 23:45:00+00:00,STAGE28A,data/reports/stage28a_discovery_factory_batch_runner/stage28a_exact_trades.csv,calendar_time_risk_proxy_v1,calendar_drop_monday_h9_tp06_sl065,-0.35,-1.4,-2.1,0,0,0,0,1.4,19.700000000000045,7.100000000000136,0.48309859154929546,5.870000000000118,0.2913117546848385,3.4700000000000273,5.1230000000000135,0.684,1.0,,,9,4,12.0,2023
2023-12-12 09:00:00+00:00|1.0|calendar_drop_monday_h9_tp06_sl065,2023-12-12 09:00:00+00:00,STAGE28A,data/reports/stage28a_discovery_factory_batch_runner/stage28a_exact_trades.csv,calendar_time_risk_proxy_v1,calendar_drop_monday_h9_tp06_sl065,-1.2057250000001205,-2.2557250000001203,-2.95572500000012,0,0,0,0,2.2557250000001203,31.789999999999964,7.870000000000118,0.3354510800508047,6.4500000000000455,0.0945736434108718,1.5499999999999545,4.147499999999968,0.3,1.0,,,9,1,12.0,2023
2023-12-13 09:00:00+00:00|1.0|calendar_drop_monday_h9_tp06_sl065,2023-12-13 09:00:00+00:00,STAGE28A,data/reports/stage28a_discovery_factory_batch_runner/stage28a_exact_trades.csv,calendar_time_risk_proxy_v1,calendar_drop_monday_h9_tp06_sl065,-1.2457000000000336,-2.2957000000000334,-2.995700000000033,0,0,0,0,2.2957000000000334,19.50999999999999,5.1099999999999,0.8297455968689026,10.309999999999945,0.48205625606208086,5.809999999999945,3.6484999999999785,0.064,1.0,,,9,2,12.0,2023
2023-12-14 09:00:00+00:00|1.0|calendar_drop_monday_h9_tp06_sl065,2023-12-14 09:00:00+00:00,STAGE28A,data/reports/stage28a_discovery_factory_batch_runner/stage28a_exact_trades.csv,calendar_time_risk_proxy_v1,calendar_drop_monday_h9_tp06_sl065,0.9924999999999728,-0.0575000000000271,-0.7575000000000269,0,0,0,0,0.0575000000000271,60.16000000000008,14.930000000000064,0.10783657066308729,11.049999999999955,0.25610859728506236,3.160000000000082,6.826499999999987,0.84,1.0,,,9,3,12.0,2023
2023-12-15 09:00:00+00:00|1.0|calendar_drop_monday_h9_tp06_sl065,2023-12-15 09:00:00+00:00,STAGE28A,data/reports/stage28a_discovery_factory_batch_runner/stage28a_exact_trades.csv,calendar_time_risk_proxy_v1,calendar_drop_monday_h9_tp06_sl065,0.62199999999998,-0.4280000000000199,-1.1280000000000197,0,0,0,0,0.4280000000000199,23.610000000000127,7.410000000000082,0.14170040485832258,10.200000000000045,0.5862745098039207,1.9600000000000364,4.843500000000029,0.46,1.0,,,9,4,12.0,2023
2023-12-15 23:45:00+00:00|1.0|calendar_drop_monday_h9_tp06_sl065,2023-12-15 23:45:00+00:00,STAGE28A,data/reports/stage28a_discovery_factory_batch_runner/stage28a_exact_trades.csv,calendar_time_risk_proxy_v1,calendar_drop_monday_h9_tp06_sl065,-0.35,-1.4,-2.1,0,0,0,0,1.4,23.610000000000127,7.410000000000082,0.14170040485832258,10.200000000000045,0.5862745098039207,4.230000000000018,4.7580000000000044,0.408,1.0,,,9,4,12.0,2023
2023-12-19 09:00:00+00:00|1.0|calendar_drop_monday_h9_tp06_sl065,2023-12-19 09:00:00+00:00,STAGE28A,data/reports/stage28a_discovery_factory_batch_runner/stage28a_exact_trades.csv,calendar_time_risk_proxy_v1,calendar_drop_monday_h9_tp06_sl065,-1.335400000000027,-2.385400000000027,-3.0854000000000266,0,0,0,0,2.385400000000027,17.769999999999982,7.649999999999864,0.4575163398692892,6.039999999999964,0.2533112582781427,3.0799999999999272,3.7345000000000255,0.104,1.0,,,9,1,12.0,2023
2023-12-20 09:00:00+00:00|-1.0|calendar_drop_monday_h9_tp06_sl065,2023-12-20 09:00:00+00:00,STAGE28A,data/reports/stage28a_discovery_factory_batch_runner/stage28a_exact_trades.csv,calendar_time_risk_proxy_v1,calendar_drop_monday_h9_tp06_sl065,0.3078999999999269,-0.742100000000073,-1.4421000000000728,0,0,0,0,0.742100000000073,25.289999999999964,4.960000000000036,0.09072580645162141,7.820000000000164,0.5843989769820768,1.8599999999999,3.431000000000006,0.06,-1.0,,,9,2,12.0,2023
2023-12-21 09:00:00+00:00|-1.0|calendar_drop_monday_h9_tp06_sl065,2023-12-21 09:00:00+00:00,STAGE28A,data/reports/stage28a_discovery_factory_batch_runner/stage28a_exact_trades.csv,calendar_time_risk_proxy_v1,calendar_drop_monday_h9_tp06_sl065,-1.1833000000000085,-2.2333000000000083,-2.933300000000008,0,0,0,0,2.2333000000000083,15.990000000000009,6.440000000000055,0.6413043478260632,5.120000000000118,0.4316406249999971,2.740000000000009,3.6809999999999947,0.192,-1.0,,,9,3,12.0,2023
2023-12-22 09:00:00+00:00|1.0|calendar_drop_monday_h9_tp06_sl065,2023-12-22 09:00:00+00:00,STAGE28A,data/reports/stage28a_discovery_factory_batch_runner/stage28a_exact_trades.csv,calendar_time_risk_proxy_v1,calendar_drop_monday_h9_tp06_sl065,-1.320450000000028,-2.370450000000028,-3.070450000000028,0,0,0,0,2.370450000000028,21.38000000000011,8.6099999999999,0.3716608594657207,10.230000000000018,0.6021505376344377,1.9800000000000182,4.938499999999953,0.74,1.0,,,9,4,12.0,2023
2023-12-22 23:45:00+00:00|1.0|calendar_drop_monday_h9_tp06_sl065,2023-12-22 23:45:00+00:00,STAGE28A,data/reports/stage28a_discovery_factory_batch_runner/stage28a_exact_trades.csv,calendar_time_risk_proxy_v1,calendar_drop_monday_h9_tp06_sl065,-0.35,-1.4,-2.1,0,0,0,0,1.4,21.38000000000011,8.6099999999999,0.3716608594657207,10.230000000000018,0.6021505376344377,1.9200000000000728,4.967500000000041,0.736,1.0,,,9,4,12.0,2023
2023-12-26 09:00:00+00:00|-1.0|calendar_drop_monday_h9_tp06_sl065,2023-12-26 09:00:00+00:00,STAGE28A,data/reports/stage28a_discovery_factory_batch_runner/stage28a_exact_trades.csv,calendar_time_risk_proxy_v1,calendar_drop_monday_h9_tp06_sl065,0.3432999999999083,-0.7067000000000916,-1.406700000000091,0,0,0,0,0.7067000000000916,4.400000000000091,11.75,0.775319148936181,4.380000000000109,0.0410958904109205,2.849999999999909,4.731000000000018,0.624,-1.0,,,9,1,12.0,2023
2023-12-27 09:00:00+00:00|1.0|calendar_drop_monday_h9_tp06_sl065,2023-12-27 09:00:00+00:00,STAGE28A,data/reports/stage28a_discovery_factory_batch_runner/stage28a_exact_trades.csv,calendar_time_risk_proxy_v1,calendar_drop_monday_h9_tp06_sl065,0.3286000000001877,-0.7213999999998122,-1.421399999999812,0,0,0,0,0.7213999999998122,15.650000000000091,4.559999999999945,0.07894736842108149,7.7199999999998,0.1411917098445821,3.050000000000182,3.2015000000000327,0.108,1.0,,,9,2,12.0,2023
2023-12-28 09:00:00+00:00|-1.0|calendar_drop_monday_h9_tp06_sl065,2023-12-28 09:00:00+00:00,STAGE28A,data/reports/stage28a_discovery_factory_batch_runner/stage28a_exact_trades.csv,calendar_time_risk_proxy_v1,calendar_drop_monday_h9_tp06_sl065,0.5187999999997374,-0.5312000000002626,-1.2312000000002623,0,0,0,0,0.5312000000002626,22.899999999999636,11.019999999999982,0.6379310344827779,14.870000000000346,0.6348352387356984,2.5900000000001455,4.0775000000000095,0.548,-1.0,,,9,3,12.0,2023
2023-12-29 09:00:00+00:00|-1.0|calendar_drop_monday_h9_tp06_sl065,2023-12-29 09:00:00+00:00,STAGE28A,data/reports/stage28a_discovery_factory_batch_runner/stage28a_exact_trades.csv,calendar_time_risk_proxy_v1,calendar_drop_monday_h9_tp06_sl065,0.4284999999998945,-0.6215000000001054,-1.3215000000001051,0,0,0,0,0.6215000000001054,23.909999999999854,5.570000000000164,0.5727109515259436,12.900000000000091,0.4031007751937815,1.3700000000003456,3.7379999999999654,0.296,-1.0,,,9,4,12.0,2023
2023-12-29 23:45:00+00:00|1.0|calendar_drop_monday_h9_tp06_sl065,2023-12-29 23:45:00+00:00,STAGE28A,data/reports/stage28a_discovery_factory_batch_runner/stage28a_exact_trades.csv,calendar_time_risk_proxy_v1,calendar_drop_monday_h9_tp06_sl065,-0.35,-1.4,-2.1,0,0,0,0,1.4,23.909999999999854,5.570000000000164,0.5727109515259436,12.900000000000091,0.4031007751937815,4.75,4.066499999999996,0.544,1.0,,,9,4,12.0,2023
2024-01-02 09:00:00+00:00|1.0|calendar_drop_monday_h9_tp06_sl065,2024-01-02 09:00:00+00:00,STAGE28A,data/reports/stage28a_discovery_factory_batch_runner/stage28a_exact_trades.csv,calendar_time_risk_proxy_v1,calendar_drop_monday_h9_tp06_sl065,-1.4751499999998487,-2.525149999999849,-3.2251499999998483,0,0,0,0,2.525149999999849,3.199999999999818,8.299999999999727,0.7060240963855807,9.350000000000364,0.6844919786096088,3.7800000000002,4.2169999999999845,0.624,1.0,,,9,1,1.0,2024
2024-01-03 09:00:00+00:00|-1.0|calendar_drop_monday_h9_tp06_sl065,2024-01-03 09:00:00+00:00,STAGE28A,data/reports/stage28a_discovery_factory_batch_runner/stage28a_exact_trades.csv,calendar_time_risk_proxy_v1,calendar_drop_monday_h9_tp06_sl065,-1.197925000000032,-2.247925000000032,-2.947925000000032,0,0,0,0,2.247925000000032,22.88000000000011,7.050000000000182,0.7333333333333247,13.200000000000273,0.7446969696969488,1.919999999999618,4.3960000000000035,0.748,-1.0,,,9,2,1.0,2024
2024-01-04 09:00:00+00:00|1.0|calendar_drop_monday_h9_tp06_sl065,2024-01-04 09:00:00+00:00,STAGE28A,data/reports/stage28a_discovery_factory_batch_runner/stage28a_exact_trades.csv,calendar_time_risk_proxy_v1,calendar_drop_monday_h9_tp06_sl065,0.6306999999998425,-0.4193000000001574,-1.1193000000001572,0,0,0,0,0.4193000000001574,35.47000000000003,6.850000000000136,0.0029197080291943666,8.8299999999997,0.578708946772401,4.960000000000264,5.3,0.944,1.0,,,9,3,1.0,2024
2024-01-05 09:00:00+00:00|-1.0|calendar_drop_monday_h9_tp06_sl065,2024-01-05 09:00:00+00:00,STAGE28A,data/reports/stage28a_discovery_factory_batch_runner/stage28a_exact_trades.csv,calendar_time_risk_proxy_v1,calendar_drop_monday_h9_tp06_sl065,0.4701999999998861,-0.5798000000001138,-1.2798000000001135,0,0,0,0,0.5798000000001138,14.779999999999745,5.630000000000109,0.05150976909413108,9.599999999999909,0.47187500000000165,4.230000000000018,3.294500000000005,0.16,-1.0,,,9,4,1.0,2024
2024-01-05 23:45:00+00:00|1.0|calendar_drop_monday_h9_tp06_sl065,2024-01-05 23:45:00+00:00,STAGE28A,data/reports/stage28a_discovery_factory_batch_runner/stage28a_exact_trades.csv,calendar_time_risk_proxy_v1,calendar_drop_monday_h9_tp06_sl065,-0.35,-1.4,-2.1,0,0,0,0,1.4,14.779999999999745,5.630000000000109,0.05150976909413108,9.599999999999909,0.47187500000000165,2.910000000000082,5.8125,1.0,1.0,,,9,4,1.0,2024
2024-01-09 09:00:00+00:00|1.0|calendar_drop_monday_h9_tp06_sl065,2024-01-09 09:00:00+00:00,STAGE28A,data/reports/stage28a_discovery_factory_batch_runner/stage28a_exact_trades.csv,calendar_time_risk_proxy_v1,calendar_drop_monday_h9_tp06_sl065,-1.4553249999999935,-2.5053249999999934,-3.205324999999993,0,0,0,0,2.5053249999999934,30.019999999999982,7.939999999999827,0.2783375314861281,8.319999999999936,0.3100961538461748,3.869999999999891,4.756999999999982,0.644,1.0,,,9,1,1.0,2024
2024-01-10 09:00:00+00:00|1.0|calendar_drop_monday_h9_tp06_sl065,2024-01-10 09:00:00+00:00,STAGE28A,data/reports/stage28a_discovery_factory_batch_runner/stage28a_exact_trades.csv,calendar_time_risk_proxy_v1,calendar_drop_monday_h9_tp06_sl065,-1.4995250000000395,-2.54952500000004,-3.2495250000000397,0,0,0,0,2.54952500000004,15.940000000000055,5.619999999999891,0.18149466192170846,16.539999999999964,0.30290205562273287,3.160000000000082,3.785500000000013,0.28,1.0,,,9,2,1.0,2024
2024-01-11 09:00:00+00:00|-1.0|calendar_drop_monday_h9_tp06_sl065,2024-01-11 09:00:00+00:00,STAGE28A,data/reports/stage28a_discovery_factory_batch_runner/stage28a_exact_trades.csv,calendar_time_risk_proxy_v1,calendar_drop_monday_h9_tp06_sl065,0.4960000000000036,-0.5539999999999963,-1.253999999999996,0,0,0,0,0.5539999999999963,20.089999999999918,7.5,0.7093333333333248,5.479999999999791,0.03832116788321978,2.9200000000000728,3.3739999999999783,0.112,-1.0,,,9,3,1.0,2024
2024-01-12 09:00:00+00:00|1.0|calendar_drop_monday_h9_tp06_sl065,2024-01-12 09:00:00+00:00,STAGE28A,data/reports/stage28a_discovery_factory_batch_runner/stage28a_exact_trades.csv,calendar_time_risk_proxy_v1,calendar_drop_monday_h9_tp06_sl065,-1.1764750000000732,-2.226475000000073,-2.9264750000000728,0,0,0,0,2.226475000000073,26.470000000000027,6.9500000000000455,0.08345323741006093,12.599999999999909,0.8976190476190498,1.7700000000002092,5.708500000000015,0.928,1.0,,,9,4,1.0,2024
2024-01-12 23:45:00+00:00|1.0|calendar_drop_monday_h9_tp06_sl065,2024-01-12 23:45:00+00:00,STAGE28A,data/reports/stage28a_discovery_factory_batch_runner/stage28a_exact_trades.csv,calendar_time_risk_proxy_v1,calendar_drop_monday_h9_tp06_sl065,-0.35,-1.4,-2.1,0,0,0,0,1.4,26.470000000000027,6.9500000000000455,0.08345323741006093,12.599999999999909,0.8976190476190498,1.5800000000001546,5.02950000000003,0.724,1.0,,,9,4,1.0,2024
2024-01-16 09:00:00+00:00|-1.0|calendar_drop_monday_h9_tp06_sl065,2024-01-16 09:00:00+00:00,STAGE28A,data/reports/stage28a_discovery_factory_batch_runner/stage28a_exact_trades.csv,calendar_time_risk_proxy_v1,calendar_drop_monday_h9_tp06_sl065,-1.179075000000103,-2.2290750000001025,-2.9290750000001022,0,0,0,0,2.2290750000001025,12.740000000000009,7.170000000000073,0.656903765690375,12.409999999999854,0.6970185334407891,3.1299999999998818,2.5100000000000136,0.004,-1.0,,,9,1,1.0,2024
2024-01-17 09:00:00+00:00|-1.0|calendar_drop_monday_h9_tp06_sl065,2024-01-17 09:00:00+00:00,STAGE28A,data/reports/stage28a_discovery_factory_batch_runner/stage28a_exact_trades.csv,calendar_time_risk_proxy_v1,calendar_drop_monday_h9_tp06_sl065,-1.58174999999992,-2.63174999999992,-3.33174999999992,0,0,0,0,2.63174999999992,31.430000000000064,9.559999999999945,0.28765690376569203,10.870000000000118,0.06439742410301845,3.240000000000009,4.930999999999983,0.68,-1.0,,,9,2,1.0,2024
2024-01-18 09:00:00+00:00|1.0|calendar_drop_monday_h9_tp06_sl065,2024-01-18 09:00:00+00:00,STAGE28A,data/reports/stage28a_discovery_factory_batch_runner/stage28a_exact_trades.csv,calendar_time_risk_proxy_v1,calendar_drop_monday_h9_tp06_sl065,0.6199000000000524,-0.4300999999999475,-1.1300999999999473,0,0,0,0,0.4300999999999475,31.1400000000001,5.559999999999945,0.28057553956833825,8.209999999999809,0.4214372716199622,4.1400000000001,4.424000000000012,0.472,1.0,,,9,3,1.0,2024
2024-01-19 09:00:00+00:00|1.0|calendar_drop_monday_h9_tp06_sl065,2024-01-19 09:00:00+00:00,STAGE28A,data/reports/stage28a_discovery_factory_batch_runner/stage28a_exact_trades.csv,calendar_time_risk_proxy_v1,calendar_drop_monday_h9_tp06_sl065,0.3436000000000604,-0.7063999999999395,-1.4063999999999393,0,0,0,0,0.7063999999999395,18.389999999999873,4.880000000000109,0.594262295081926,10.550000000000182,0.8890995260663241,3.4600000000000364,3.294500000000016,0.148,1.0,,,9,4,1.0,2024
2024-01-19 23:45:00+00:00|1.0|calendar_drop_monday_h9_tp06_sl065,2024-01-19 23:45:00+00:00,STAGE28A,data/reports/stage28a_discovery_factory_batch_runner/stage28a_exact_trades.csv,calendar_time_risk_proxy_v1,calendar_drop_monday_h9_tp06_sl065,-0.35,-1.4,-2.1,0,0,0,0,1.4,18.389999999999873,4.880000000000109,0.594262295081926,10.550000000000182,0.8890995260663241,1.759999999999991,3.975,0.38,1.0,,,9,4,1.0,2024
2024-01-23 09:00:00+00:00|1.0|calendar_drop_monday_h9_tp06_sl065,2024-01-23 09:00:00+00:00,STAGE28A,data/reports/stage28a_discovery_factory_batch_runner/stage28a_exact_trades.csv,calendar_time_risk_proxy_v1,calendar_drop_monday_h9_tp06_sl065,0.834099999999944,-0.2159000000000559,-0.9159000000000556,0,0,0,0,0.2159000000000559,15.519999999999982,8.38000000000011,0.8210023866348201,13.160000000000082,0.19452887537995114,6.709999999999809,3.8194999999999597,0.372,1.0,,,9,1,1.0,2024
2024-01-24 09:00:00+00:00|1.0|calendar_drop_monday_h9_tp06_sl065,2024-01-24 09:00:00+00:00,STAGE28A,data/reports/stage28a_discovery_factory_batch_runner/stage28a_exact_trades.csv,calendar_time_risk_proxy_v1,calendar_drop_monday_h9_tp06_sl065,-1.2811250000000656,-2.3311250000000654,-3.031125000000065,0,0,0,0,2.3311250000000654,18.340000000000146,5.8599999999999,0.8447098976109437,11.279999999999973,0.7402482269503483,4.210000000000036,3.346499999999992,0.172,1.0,,,9,2,1.0,2024
2024-01-25 09:00:00+00:00|1.0|calendar_drop_monday_h9_tp06_sl065,2024-01-25 09:00:00+00:00,STAGE28A,data/reports/stage28a_discovery_factory_batch_runner/stage28a_exact_trades.csv,calendar_time_risk_proxy_v1,calendar_drop_monday_h9_tp06_sl065,-1.0692250000000514,-2.119225000000051,-2.819225000000051,0,0,0,0,2.119225000000051,25.52000000000021,3.400000000000091,0.18823529411767145,7.019999999999982,0.5270655270655349,2.0599999999999454,3.8460000000000263,0.408,1.0,,,9,3,1.0,2024
2024-01-26 09:00:00+00:00|-1.0|calendar_drop_monday_h9_tp06_sl065,2024-01-26 09:00:00+00:00,STAGE28A,data/reports/stage28a_discovery_factory_batch_runner/stage28a_exact_trades.csv,calendar_time_risk_proxy_v1,calendar_drop_monday_h9_tp06_sl065,-1.0370499999999994,-2.087049999999999,-2.787049999999999,0,0,0,0,2.087049999999999,15.400000000000091,4.779999999999973,0.10460251046025164,5.669999999999845,0.41975308641978376,1.8699999999998909,4.063499999999976,0.522,-1.0,,,9,4,1.0,2024
2024-01-26 23:45:00+00:00|1.0|calendar_drop_monday_h9_tp06_sl065,2024-01-26 23:45:00+00:00,STAGE28A,data/reports/stage28a_discovery_factory_batch_runner/stage28a_exact_trades.csv,calendar_time_risk_proxy_v1,calendar_drop_monday_h9_tp06_sl065,-0.35,-1.4,-2.1,0,0,0,0,1.4,15.400000000000091,4.779999999999973,0.10460251046025164,5.669999999999845,0.41975308641978376,2.8199999999999363,3.141000000000031,0.136,1.0,,,9,4,1.0,2024
2024-01-30 09:00:00+00:00|1.0|calendar_drop_monday_h9_tp06_sl065,2024-01-30 09:00:00+00:00,STAGE28A,data/reports/stage28a_discovery_factory_batch_runner/stage28a_exact_trades.csv,calendar_time_risk_proxy_v1,calendar_drop_monday_h9_tp06_sl065,-1.1218749999999091,-2.171874999999909,-2.8718749999999087,0,0,0,0,2.171874999999909,18.460000000000036,4.819999999999936,0.13278008298757438,8.829999999999927,0.43488108720271235,3.9200000000000728,4.357000000000028,0.72,1.0,,,9,1,1.0,2024
2024-01-31 09:00:00+00:00|1.0|calendar_drop_monday_h9_tp06_sl065,2024-01-31 09:00:00+00:00,STAGE28A,data/reports/stage28a_discovery_factory_batch_runner/stage28a_exact_trades.csv,calendar_time_risk_proxy_v1,calendar_drop_monday_h9_tp06_sl065,-0.9476749999999812,-1.997674999999981,-2.6976749999999807,0,0,0,0,1.997674999999981,19.54000000000019,5.800000000000182,0.32931034482759,7.150000000000091,0.3356643356643441,2.150000000000091,3.8975000000000364,0.428,1.0,,,9,2,1.0,2024
2024-02-01 09:00:00+00:00|-1.0|calendar_drop_monday_h9_tp06_sl065,2024-02-01 09:00:00+00:00,STAGE28A,data/reports/stage28a_discovery_factory_batch_runner/stage28a_exact_trades.csv,calendar_time_risk_proxy_v1,calendar_drop_monday_h9_tp06_sl065,-1.2008500000000368,-2.2508500000000367,-2.9508500000000364,0,0,0,0,2.2508500000000367,25.1400000000001,10.269999999999754,0.559883154819877,15.329999999999927,0.8962818003913943,2.5299999999999727,5.240999999999962,0.992,-1.0,,,9,3,2.0,2024
2024-02-02 09:00:00+00:00|-1.0|calendar_drop_monday_h9_tp06_sl065,2024-02-02 09:00:00+00:00,STAGE28A,data/reports/stage28a_discovery_factory_batch_runner/stage28a_exact_trades.csv,calendar_time_risk_proxy_v1,calendar_drop_monday_h9_tp06_sl065,0.368199999999797,-0.6818000000002029,-1.3818000000002026,0,0,0,0,0.6818000000002029,35.590000000000146,4.920000000000073,0.052845528455235706,4.200000000000273,0.10000000000001083,2.649999999999636,5.1584999999999805,0.904,-1.0,,,9,4,2.0,2024
2024-02-02 23:45:00+00:00|1.0|calendar_drop_monday_h9_tp06_sl065,2024-02-02 23:45:00+00:00,STAGE28A,data/reports/stage28a_discovery_factory_batch_runner/stage28a_exact_trades.csv,calendar_time_risk_proxy_v1,calendar_drop_monday_h9_tp06_sl065,-1.4303000000000794,-2.480300000000079,-3.180300000000079,0,0,0,0,2.480300000000079,35.590000000000146,4.920000000000073,0.052845528455235706,4.200000000000273,0.10000000000001083,2.3500000000001364,4.453499999999963,0.748,1.0,,,9,4,2.0,2024
2024-02-06 09:00:00+00:00|-1.0|calendar_drop_monday_h9_tp06_sl065,2024-02-06 09:00:00+00:00,STAGE28A,data/reports/stage28a_discovery_factory_batch_runner/stage28a_exact_trades.csv,calendar_time_risk_proxy_v1,calendar_drop_monday_h9_tp06_sl065,0.3909999999999854,-0.6590000000000145,-1.3590000000000142,0,0,0,0,0.6590000000000145,27.329999999999927,5.100000000000136,0.24705882352940337,6.990000000000009,0.34477825464947803,3.4700000000000273,3.7300000000000297,0.256,-1.0,,,9,1,2.0,2024
2024-02-07 09:00:00+00:00|-1.0|calendar_drop_monday_h9_tp06_sl065,2024-02-07 09:00:00+00:00,STAGE28A,data/reports/stage28a_discovery_factory_batch_runner/stage28a_exact_trades.csv,calendar_time_risk_proxy_v1,calendar_drop_monday_h9_tp06_sl065,0.133600000000024,-0.916399999999976,-1.6163999999999756,0,0,0,0,0.916399999999976,16.189999999999827,2.230000000000018,0.004484304932731311,4.889999999999873,0.40286298568508766,1.8299999999999272,3.0614999999999895,0.052,-1.0,,,9,2,2.0,2024
2024-02-08 09:00:00+00:00|1.0|calendar_drop_monday_h9_tp06_sl065,2024-02-08 09:00:00+00:00,STAGE28A,data/reports/stage28a_discovery_factory_batch_runner/stage28a_exact_trades.csv,calendar_time_risk_proxy_v1,calendar_drop_monday_h9_tp06_sl065,-1.1160249999998997,-2.1660249999998995,-2.8660249999998992,0,0,0,0,2.1660249999998995,13.970000000000027,7.0,0.6028571428571468,9.599999999999909,0.41041666666665255,1.9400000000000546,3.318000000000018,0.22,1.0,,,9,3,2.0,2024
2024-02-09 09:00:00+00:00|-1.0|calendar_drop_monday_h9_tp06_sl065,2024-02-09 09:00:00+00:00,STAGE28A,data/reports/stage28a_discovery_factory_batch_runner/stage28a_exact_trades.csv,calendar_time_risk_proxy_v1,calendar_drop_monday_h9_tp06_sl065,-0.8924250000000938,-1.9424250000000935,-2.642425000000093,0,0,0,0,1.9424250000000935,18.6400000000001,3.1599999999998545,0.49367088607595483,4.460000000000036,0.022421524663656555,2.0299999999999727,3.594999999999982,0.328,-1.0,,,9,4,2.0,2024
2024-02-09 23:45:00+00:00|1.0|calendar_drop_monday_h9_tp06_sl065,2024-02-09 23:45:00+00:00,STAGE28A,data/reports/stage28a_discovery_factory_batch_runner/stage28a_exact_trades.csv,calendar_time_risk_proxy_v1,calendar_drop_monday_h9_tp06_sl065,-0.35,-1.4,-2.1,0,0,0,0,1.4,18.6400000000001,3.1599999999998545,0.49367088607595483,4.460000000000036,0.022421524663656555,2.3199999999999363,3.3504999999999883,0.284,1.0,,,9,4,2.0,2024
2024-02-13 09:00:00+00:00|1.0|calendar_drop_monday_h9_tp06_sl065,2024-02-13 09:00:00+00:00,STAGE28A,data/reports/stage28a_discovery_factory_batch_runner/stage28a_exact_trades.csv,calendar_time_risk_proxy_v1,calendar_drop_monday_h9_tp06_sl065,-0.948974999999882,-1.998974999999882,-2.6989749999998818,0,0,0,0,1.998974999999882,15.639999999999873,4.4099999999998545,0.04081632653062803,9.190000000000055,0.8476605005440606,3.369999999999891,3.000499999999988,0.132,1.0,,,9,1,2.0,2024
2024-02-14 09:00:00+00:00|-1.0|calendar_drop_monday_h9_tp06_sl065,2024-02-14 09:00:00+00:00,STAGE28A,data/reports/stage28a_discovery_factory_batch_runner/stage28a_exact_trades.csv,calendar_time_risk_proxy_v1,calendar_drop_monday_h9_tp06_sl065,-0.9441000000000258,-1.9941000000000255,-2.694100000000025,0,0,0,0,1.9941000000000255,39.86999999999989,4.75,0.19578947368422392,7.1400000000001,0.06162464985991891,2.009999999999991,4.437499999999977,0.732,-1.0,,,9,2,2.0,2024
2024-02-15 09:00:00+00:00|1.0|calendar_drop_monday_h9_tp06_sl065,2024-02-15 09:00:00+00:00,STAGE28A,data/reports/stage28a_discovery_factory_batch_runner/stage28a_exact_trades.csv,calendar_time_risk_proxy_v1,calendar_drop_monday_h9_tp06_sl065,-0.9587250000000496,-2.0087250000000494,-2.708725000000049,0,0,0,0,2.0087250000000494,11.839999999999918,4.119999999999891,0.41262135922332294,6.5,0.6123076923076951,1.8799999999998818,3.029499999999973,0.184,1.0,,,9,3,2.0,2024
2024-02-16 09:00:00+00:00|1.0|calendar_drop_monday_h9_tp06_sl065,2024-02-16 09:00:00+00:00,STAGE28A,data/reports/stage28a_discovery_factory_batch_runner/stage28a_exact_trades.csv,calendar_time_risk_proxy_v1,calendar_drop_monday_h9_tp06_sl065,-0.8667500000000018,-1.9167500000000015,-2.616750000000001,0,0,0,0,1.9167500000000015,18.230000000000018,3.2799999999999727,0.06097560975611193,4.819999999999936,0.7406639004149344,1.9600000000000364,2.888000000000011,0.14,1.0,,,9,4,2.0,2024
2024-02-16 23:45:00+00:00|1.0|calendar_drop_monday_h9_tp06_sl065,2024-02-16 23:45:00+00:00,STAGE28A,data/reports/stage28a_discovery_factory_batch_runner/stage28a_exact_trades.csv,calendar_time_risk_proxy_v1,calendar_drop_monday_h9_tp06_sl065,-0.35,-1.4,-2.1,0,0,0,0,1.4,18.230000000000018,3.2799999999999727,0.06097560975611193,4.819999999999936,0.7406639004149344,1.8399999999999181,3.817499999999984,0.712,1.0,,,9,4,2.0,2024
2024-02-20 09:00:00+00:00|1.0|calendar_drop_monday_h9_tp06_sl065,2024-02-20 09:00:00+00:00,STAGE28A,data/reports/stage28a_discovery_factory_batch_runner/stage28a_exact_trades.csv,calendar_time_risk_proxy_v1,calendar_drop_monday_h9_tp06_sl065,-0.9704250000000684,-2.0204250000000683,-2.720425000000068,0,0,0,0,2.0204250000000683,10.980000000000018,4.650000000000091,0.7053763440860508,9.879999999999882,0.6730769230769174,3.0699999999999363,2.075999999999999,0.024,1.0,,,9,1,2.0,2024
2024-02-21 09:00:00+00:00|-1.0|calendar_drop_monday_h9_tp06_sl065,2024-02-21 09:00:00+00:00,STAGE28A,data/reports/stage28a_discovery_factory_batch_runner/stage28a_exact_trades.csv,calendar_time_risk_proxy_v1,calendar_drop_monday_h9_tp06_sl065,0.3253000000001066,-0.7246999999998933,-1.424699999999893,0,0,0,0,0.7246999999998933,15.829999999999927,8.420000000000073,0.8016627078384729,6.25,0.15520000000000436,1.9399999999998272,2.5110000000000356,0.152,-1.0,,,9,2,2.0,2024
2024-02-22 09:00:00+00:00|1.0|calendar_drop_monday_h9_tp06_sl065,2024-02-22 09:00:00+00:00,STAGE28A,data/reports/stage28a_discovery_factory_batch_runner/stage28a_exact_trades.csv,calendar_time_risk_proxy_v1,calendar_drop_monday_h9_tp06_sl065,-1.0471249999999146,-2.0971249999999144,-2.797124999999914,0,0,0,0,2.0971249999999144,12.1400000000001,3.849999999999909,0.7974025974025997,6.670000000000073,0.1004497751124536,2.240000000000009,2.8530000000000086,0.32,1.0,,,9,3,2.0,2024
2024-02-23 09:00:00+00:00|-1.0|calendar_drop_monday_h9_tp06_sl065,2024-02-23 09:00:00+00:00,STAGE28A,data/reports/stage28a_discovery_factory_batch_runner/stage28a_exact_trades.csv,calendar_time_risk_proxy_v1,calendar_drop_monday_h9_tp06_sl065,0.3733000000001084,-0.6766999999998915,-1.3766999999998912,0,0,0,0,0.6766999999998915,15.36999999999989,4.559999999999945,0.2763157894736855,10.110000000000127,0.2908011869435994,4.4500000000000455,3.166499999999985,0.632,-1.0,,,9,4,2.0,2024
2024-02-23 23:45:00+00:00|1.0|calendar_drop_monday_h9_tp06_sl065,2024-02-23 23:45:00+00:00,STAGE28A,data/reports/stage28a_discovery_factory_batch_runner/stage28a_exact_trades.csv,calendar_time_risk_proxy_v1,calendar_drop_monday_h9_tp06_sl065,-0.35,-1.4,-2.1,0,0,0,0,1.4,15.36999999999989,4.559999999999945,0.2763157894736855,10.110000000000127,0.2908011869435994,1.759999999999991,3.9100000000000135,0.876,1.0,,,9,4,2.0,2024
2024-02-27 09:00:00+00:00|1.0|calendar_drop_monday_h9_tp06_sl065,2024-02-27 09:00:00+00:00,STAGE28A,data/reports/stage28a_discovery_factory_batch_runner/stage28a_exact_trades.csv,calendar_time_risk_proxy_v1,calendar_drop_monday_h9_tp06_sl065,-0.8989250000000538,-1.9489250000000535,-2.648925000000053,0,0,0,0,1.9489250000000535,12.009999999999991,4.0499999999999545,0.6246913580246917,6.789999999999964,0.42120765832108137,1.7100000000000364,2.4099999999999797,0.128,1.0,,,9,1,2.0,2024
2024-02-28 09:00:00+00:00|-1.0|calendar_drop_monday_h9_tp06_sl065,2024-02-28 09:00:00+00:00,STAGE28A,data/reports/stage28a_discovery_factory_batch_runner/stage28a_exact_trades.csv,calendar_time_risk_proxy_v1,calendar_drop_monday_h9_tp06_sl065,-0.960674999999901,-2.010674999999901,-2.7106749999999007,0,0,0,0,2.010674999999901,10.730000000000018,4.599999999999909,0.01956521739133637,7.720000000000027,0.3873056994818651,3.380000000000109,2.544500000000016,0.208,-1.0,,,9,2,2.0,2024
2024-02-29 09:00:00+00:00|-1.0|calendar_drop_monday_h9_tp06_sl065,2024-02-29 09:00:00+00:00,STAGE28A,data/reports/stage28a_discovery_factory_batch_runner/stage28a_exact_trades.csv,calendar_time_risk_proxy_v1,calendar_drop_monday_h9_tp06_sl065,-0.8719500000000607,-1.9219500000000609,-2.6219500000000604,0,0,0,0,1.9219500000000609,13.420000000000073,3.1299999999998818,0.1629392971246039,7.2999999999999545,0.5931506849315318,1.5900000000001455,2.5559999999999605,0.236,-1.0,,,9,3,2.0,2024
2024-03-01 09:00:00+00:00|1.0|calendar_drop_monday_h9_tp06_sl065,2024-03-01 09:00:00+00:00,STAGE28A,data/reports/stage28a_discovery_factory_batch_runner/stage28a_exact_trades.csv,calendar_time_risk_proxy_v1,calendar_drop_monday_h9_tp06_sl065,-0.9752999999999248,-2.0252999999999246,-2.7252999999999243,0,0,0,0,2.0252999999999246,22.72999999999979,3.9600000000000364,0.31565656565656275,16.0300000000002,0.5832813474734743,3.300000000000182,3.1655000000000313,0.716,1.0,,,9,4,3.0,2024
2024-03-01 23:45:00+00:00|1.0|calendar_drop_monday_h9_tp06_sl065,2024-03-01 23:45:00+00:00,STAGE28A,data/reports/stage28a_discovery_factory_batch_runner/stage28a_exact_trades.csv,calendar_time_risk_proxy_v1,calendar_drop_monday_h9_tp06_sl065,-0.35,-1.4,-2.1,0,0,0,0,1.4,22.72999999999979,3.9600000000000364,0.31565656565656275,16.0300000000002,0.5832813474734743,2.319999999999709,5.787499999999977,1.0,1.0,,,9,4,3.0,2024
2024-03-05 09:00:00+00:00|1.0|calendar_drop_monday_h9_tp06_sl065,2024-03-05 09:00:00+00:00,STAGE28A,data/reports/stage28a_discovery_factory_batch_runner/stage28a_exact_trades.csv,calendar_time_risk_proxy_v1,calendar_drop_monday_h9_tp06_sl065,0.65649999999996,-0.3935000000000399,-1.0935000000000397,0,0,0,0,0.3935000000000399,40.370000000000346,6.349999999999909,0.22204724409446847,13.2800000000002,0.5813253012047954,4.2599999999997635,5.035500000000025,0.924,1.0,,,9,1,3.0,2024
2024-03-06 09:00:00+00:00|1.0|calendar_drop_monday_h9_tp06_sl065,2024-03-06 09:00:00+00:00,STAGE28A,data/reports/stage28a_discovery_factory_batch_runner/stage28a_exact_trades.csv,calendar_time_risk_proxy_v1,calendar_drop_monday_h9_tp06_sl065,-1.1855750000000629,-2.2355750000000625,-2.935575000000062,0,0,0,0,2.2355750000000625,31.329999999999927,4.799999999999727,0.38333333333338543,7.150000000000091,0.07412587412590117,2.669999999999618,4.847499999999923,0.808,1.0,,,9,2,3.0,2024
2024-03-07 09:00:00+00:00|-1.0|calendar_drop_monday_h9_tp06_sl065,2024-03-07 09:00:00+00:00,STAGE28A,data/reports/stage28a_discovery_factory_batch_runner/stage28a_exact_trades.csv,calendar_time_risk_proxy_v1,calendar_drop_monday_h9_tp06_sl065,-2.146600000000126,-3.196600000000126,-3.8966000000001255,0,0,0,1,3.196600000000126,28.549999999999727,17.11999999999989,0.6407710280374022,8.299999999999727,0.07108433734936268,4.889999999999873,6.566000000000008,1.0,-1.0,,,9,3,3.0,2024
2024-03-08 09:00:00+00:00|1.0|calendar_drop_monday_h9_tp06_sl065,2024-03-08 09:00:00+00:00,STAGE28A,data/reports/stage28a_discovery_factory_batch_runner/stage28a_exact_trades.csv,calendar_time_risk_proxy_v1,calendar_drop_monday_h9_tp06_sl065,0.6240999999999076,-0.4259000000000923,-1.125900000000092,0,0,0,0,0.4259000000000923,20.460000000000036,9.510000000000218,0.4437434279705739,14.920000000000073,0.724530831099219,5.619999999999891,4.694500000000039,0.628,1.0,,,9,4,3.0,2024
2024-03-08 23:45:00+00:00|1.0|calendar_drop_monday_h9_tp06_sl065,2024-03-08 23:45:00+00:00,STAGE28A,data/reports/stage28a_discovery_factory_batch_runner/stage28a_exact_trades.csv,calendar_time_risk_proxy_v1,calendar_drop_monday_h9_tp06_sl065,-0.35,-1.4,-2.1,0,0,0,0,1.4,20.460000000000036,9.510000000000218,0.4437434279705739,14.920000000000073,0.724530831099219,2.4899999999997817,7.282499999999937,0.996,1.0,,,9,4,3.0,2024
2024-03-12 09:00:00+00:00|-1.0|calendar_drop_monday_h9_tp06_sl065,2024-03-12 09:00:00+00:00,STAGE28A,data/reports/stage28a_discovery_factory_batch_runner/stage28a_exact_trades.csv,calendar_time_risk_proxy_v1,calendar_drop_monday_h9_tp06_sl065,0.6064000000000306,-0.4435999999999693,-1.143599999999969,0,0,0,0,0.4435999999999693,14.239999999999782,7.929999999999836,0.5056746532156748,5.539999999999964,0.30685920577622455,3.5100000000002183,4.267999999999915,0.412,-1.0,,,9,1,3.0,2024
2024-03-13 09:00:00+00:00|-1.0|calendar_drop_monday_h9_tp06_sl065,2024-03-13 09:00:00+00:00,STAGE28A,data/reports/stage28a_discovery_factory_batch_runner/stage28a_exact_trades.csv,calendar_time_risk_proxy_v1,calendar_drop_monday_h9_tp06_sl065,0.520600000000195,-0.5293999999998049,-1.2293999999998046,0,0,0,0,0.5293999999998049,34.179999999999836,5.730000000000018,0.41884816753928156,6.049999999999727,0.6694214876033661,3.1099999999996726,6.182499999999959,0.892,-1.0,,,9,2,3.0,2024
2024-03-14 09:00:00+00:00|-1.0|calendar_drop_monday_h9_tp06_sl065,2024-03-14 09:00:00+00:00,STAGE28A,data/reports/stage28a_discovery_factory_batch_runner/stage28a_exact_trades.csv,calendar_time_risk_proxy_v1,calendar_drop_monday_h9_tp06_sl065,-1.2105999999999768,-2.2605999999999766,-2.9605999999999764,0,0,0,0,2.2605999999999766,24.059999999999945,5.920000000000073,0.44087837837839444,4.599999999999909,0.2434782608695463,2.7400000000002365,3.678500000000008,0.196,-1.0,,,9,3,3.0,2024
2024-03-15 09:00:00+00:00|1.0|calendar_drop_monday_h9_tp06_sl065,2024-03-15 09:00:00+00:00,STAGE28A,data/reports/stage28a_discovery_factory_batch_runner/stage28a_exact_trades.csv,calendar_time_risk_proxy_v1,calendar_drop_monday_h9_tp06_sl065,-1.3028999999997724,-2.352899999999772,-3.052899999999772,0,0,0,0,2.352899999999772,24.159999999999854,5.289999999999964,0.43100189035920905,9.289999999999964,0.511302475780411,3.0100000000002183,3.986500000000001,0.248,1.0,,,9,4,3.0,2024
2024-03-15 22:45:00+00:00|1.0|calendar_drop_monday_h9_tp06_sl065,2024-03-15 22:45:00+00:00,STAGE28A,data/reports/stage28a_discovery_factory_batch_runner/stage28a_exact_trades.csv,calendar_time_risk_proxy_v1,calendar_drop_monday_h9_tp06_sl065,0.7584999999998218,-0.2915000000001781,-0.991500000000178,0,0,0,0,0.2915000000001781,24.159999999999854,5.289999999999964,0.43100189035920905,9.289999999999964,0.511302475780411,3.0599999999999454,4.423000000000002,0.344,1.0,,,9,4,3.0,2024
2024-03-19 09:00:00+00:00|-1.0|calendar_drop_monday_h9_tp06_sl065,2024-03-19 09:00:00+00:00,STAGE28A,data/reports/stage28a_discovery_factory_batch_runner/stage28a_exact_trades.csv,calendar_time_risk_proxy_v1,calendar_drop_monday_h9_tp06_sl065,-1.4156749999998284,-2.465674999999828,-3.165674999999828,0,0,0,0,2.465674999999828,17.559999999999945,4.1599999999998545,0.16105769230771544,13.179999999999836,0.4613050075872536,3.7800000000002,3.149999999999909,0.02,-1.0,,,9,1,3.0,2024
2024-03-20 09:00:00+00:00|-1.0|calendar_drop_monday_h9_tp06_sl065,2024-03-20 09:00:00+00:00,STAGE28A,data/reports/stage28a_discovery_factory_batch_runner/stage28a_exact_trades.csv,calendar_time_risk_proxy_v1,calendar_drop_monday_h9_tp06_sl065,0.3274000000000342,-0.7225999999999657,-1.4225999999999654,0,0,0,0,0.7225999999999657,15.599999999999909,5.110000000000127,0.031311154598796576,7.079999999999927,0.3587570621468912,1.7899999999999636,3.216500000000019,0.06,-1.0,,,9,2,3.0,2024
2024-03-21 09:00:00+00:00|1.0|calendar_drop_monday_h9_tp06_sl065,2024-03-21 09:00:00+00:00,STAGE28A,data/reports/stage28a_discovery_factory_batch_runner/stage28a_exact_trades.csv,calendar_time_risk_proxy_v1,calendar_drop_monday_h9_tp06_sl065,0.8475999999999658,-0.2024000000000341,-0.9024000000000338,0,0,0,0,0.2024000000000341,56.710000000000036,36.17000000000007,0.017694221730712507,14.86999999999989,0.2958977807666525,5.1899999999996,8.76199999999999,1.0,1.0,,,9,3,3.0,2024
2024-03-22 09:00:00+00:00|-1.0|calendar_drop_monday_h9_tp06_sl065,2024-03-22 09:00:00+00:00,STAGE28A,data/reports/stage28a_discovery_factory_batch_runner/stage28a_exact_trades.csv,calendar_time_risk_proxy_v1,calendar_drop_monday_h9_tp06_sl065,-1.766349999999966,-2.8163499999999657,-3.516349999999965,0,0,0,0,2.8163499999999657,56.07999999999993,14.199999999999818,0.53169014084509,13.659999999999854,0.46998535871157693,6.4099999999998545,5.800499999999988,0.736,-1.0,,,9,4,3.0,2024
2024-03-22 22:45:00+00:00|1.0|calendar_drop_monday_h9_tp06_sl065,2024-03-22 22:45:00+00:00,STAGE28A,data/reports/stage28a_discovery_factory_batch_runner/stage28a_exact_trades.csv,calendar_time_risk_proxy_v1,calendar_drop_monday_h9_tp06_sl065,-0.35,-1.4,-2.1,0,0,0,0,1.4,56.07999999999993,14.199999999999818,0.53169014084509,13.659999999999854,0.46998535871157693,3.319999999999709,5.963500000000022,0.756,1.0,,,9,4,3.0,2024
2024-03-26 09:00:00+00:00|1.0|calendar_drop_monday_h9_tp06_sl065,2024-03-26 09:00:00+00:00,STAGE28A,data/reports/stage28a_discovery_factory_batch_runner/stage28a_exact_trades.csv,calendar_time_risk_proxy_v1,calendar_drop_monday_h9_tp06_sl065,0.5140000000000328,-0.5359999999999672,-1.235999999999967,0,0,0,0,0.5359999999999672,17.779999999999745,6.839999999999691,0.09941520467834314,30.460000000000036,0.8365068942875898,3.5599999999999454,3.3664999999999736,0.14,1.0,,,9,1,3.0,2024
2024-03-27 09:00:00+00:00|1.0|calendar_drop_monday_h9_tp06_sl065,2024-03-27 09:00:00+00:00,STAGE28A,data/reports/stage28a_discovery_factory_batch_runner/stage28a_exact_trades.csv,calendar_time_risk_proxy_v1,calendar_drop_monday_h9_tp06_sl065,-1.6282250000000205,-2.6782250000000203,-3.37822500000002,0,0,0,0,2.6782250000000203,32.460000000000036,8.480000000000018,0.12264150943395771,18.800000000000182,0.8202127659574427,3.550000000000182,4.830000000000018,0.636,1.0,,,9,2,3.0,2024
2024-03-28 09:00:00+00:00|1.0|calendar_drop_monday_h9_tp06_sl065,2024-03-28 09:00:00+00:00,STAGE28A,data/reports/stage28a_discovery_factory_batch_runner/stage28a_exact_trades.csv,calendar_time_risk_proxy_v1,calendar_drop_monday_h9_tp06_sl065,0.8899000000000342,-0.1600999999999657,-0.8600999999999654,0,0,0,0,0.1600999999999657,24.330000000000382,9.559999999999945,0.5041841004184301,22.920000000000073,0.7273123909249374,3.8299999999999272,4.437499999999977,0.484,1.0,,,9,3,3.0,2024
2024-03-28 22:45:00+00:00|1.0|calendar_drop_monday_h9_tp06_sl065,2024-03-28 22:45:00+00:00,STAGE28A,data/reports/stage28a_discovery_factory_batch_runner/stage28a_exact_trades.csv,calendar_time_risk_proxy_v1,calendar_drop_monday_h9_tp06_sl065,-2.586974999999802,-3.636974999999802,-4.336974999999802,0,0,0,1,3.636974999999802,24.330000000000382,9.559999999999945,0.5041841004184301,22.920000000000073,0.7273123909249374,4.319999999999709,6.866000000000031,0.912,1.0,,,9,3,3.0,2024
2024-04-02 09:00:00+00:00|1.0|calendar_drop_monday_h9_tp06_sl065,2024-04-02 09:00:00+00:00,STAGE28A,data/reports/stage28a_discovery_factory_batch_runner/stage28a_exact_trades.csv,calendar_time_risk_proxy_v1,calendar_drop_monday_h9_tp06_sl065,-1.8748999999998888,-2.9248999999998886,-3.624899999999888,0,0,0,0,2.9248999999998886,37.11999999999989,9.169999999999618,0.22246455834242623,16.440000000000055,0.5675182481751762,5.2400000000002365,7.114500000000021,0.796,1.0,,,9,1,4.0,2024
2024-04-03 09:00:00+00:00|-1.0|calendar_drop_monday_h9_tp06_sl065,2024-04-03 09:00:00+00:00,STAGE28A,data/reports/stage28a_discovery_factory_batch_runner/stage28a_exact_trades.csv,calendar_time_risk_proxy_v1,calendar_drop_monday_h9_tp06_sl065,-1.964274999999907,-3.014274999999907,-3.7142749999999065,0,0,0,0,3.014274999999907,35.35999999999967,11.590000000000146,0.28127696289906623,19.360000000000127,0.6714876033057807,5.029999999999745,7.535000000000037,0.792,-1.0,,,9,2,4.0,2024
2024-04-04 09:00:00+00:00|-1.0|calendar_drop_monday_h9_tp06_sl065,2024-04-04 09:00:00+00:00,STAGE28A,data/reports/stage28a_discovery_factory_batch_runner/stage28a_exact_trades.csv,calendar_time_risk_proxy_v1,calendar_drop_monday_h9_tp06_sl065,0.8944000000000415,-0.1555999999999584,-0.8555999999999582,0,0,0,0,0.1555999999999584,36.26999999999998,8.36999999999989,0.30943847072881475,9.809999999999945,0.5983690112130865,5.670000000000073,5.977999999999975,0.538,-1.0,,,9,3,4.0,2024
2024-04-05 09:00:00+00:00|1.0|calendar_drop_monday_h9_tp06_sl065,2024-04-05 09:00:00+00:00,STAGE28A,data/reports/stage28a_discovery_factory_batch_runner/stage28a_exact_trades.csv,calendar_time_risk_proxy_v1,calendar_drop_monday_h9_tp06_sl065,1.7544999999999162,0.7044999999999164,0.0044999999999166,1,1,1,0,0.7044999999999164,25.519999999999982,25.579999999999927,0.5136825645035327,16.9699999999998,0.8461991750147494,4.910000000000309,7.480500000000006,0.764,1.0,,,9,4,4.0,2024
2024-04-05 23:45:00+00:00|1.0|calendar_drop_monday_h9_tp06_sl065,2024-04-05 23:45:00+00:00,STAGE28A,data/reports/stage28a_discovery_factory_batch_runner/stage28a_exact_trades.csv,calendar_time_risk_proxy_v1,calendar_drop_monday_h9_tp06_sl065,-0.35,-1.4,-2.1,0,0,0,0,1.4,25.519999999999982,25.579999999999927,0.5136825645035327,16.9699999999998,0.8461991750147494,4.579999999999927,8.988500000000021,0.948,1.0,,,9,4,4.0,2024
2024-04-09 09:00:00+00:00|1.0|calendar_drop_monday_h9_tp06_sl065,2024-04-09 09:00:00+00:00,STAGE28A,data/reports/stage28a_discovery_factory_batch_runner/stage28a_exact_trades.csv,calendar_time_risk_proxy_v1,calendar_drop_monday_h9_tp06_sl065,-2.057225000000108,-3.107225000000108,-3.8072250000001073,0,0,0,1,3.107225000000108,51.0300000000002,11.669999999999618,0.43958868894603914,22.269999999999982,0.8630444544230027,4.019999999999982,6.0535000000000085,0.436,1.0,,,9,1,4.0,2024
2024-04-10 09:00:00+00:00|1.0|calendar_drop_monday_h9_tp06_sl065,2024-04-10 09:00:00+00:00,STAGE28A,data/reports/stage28a_discovery_factory_batch_runner/stage28a_exact_trades.csv,calendar_time_risk_proxy_v1,calendar_drop_monday_h9_tp06_sl065,-1.9298249999998007,-2.9798249999998005,-3.6798249999998,0,0,0,0,2.9798249999998005,28.559999999999945,10.890000000000327,0.09641873278238296,14.990000000000236,0.24016010673784569,4.179999999999836,7.208000000000061,0.568,1.0,,,9,2,4.0,2024
2024-04-11 09:00:00+00:00|-1.0|calendar_drop_monday_h9_tp06_sl065,2024-04-11 09:00:00+00:00,STAGE28A,data/reports/stage28a_discovery_factory_batch_runner/stage28a_exact_trades.csv,calendar_time_risk_proxy_v1,calendar_drop_monday_h9_tp06_sl065,-2.1368499999999586,-3.1868499999999584,-3.886849999999958,0,0,0,1,3.1868499999999584,40.75,13.490000000000236,0.5937731653076074,20.360000000000127,0.6512770137524625,5.700000000000273,8.87199999999998,0.804,-1.0,,,9,3,4.0,2024
2024-04-12 09:00:00+00:00|1.0|calendar_drop_monday_h9_tp06_sl065,2024-04-12 09:00:00+00:00,STAGE28A,data/reports/stage28a_discovery_factory_batch_runner/stage28a_exact_trades.csv,calendar_time_risk_proxy_v1,calendar_drop_monday_h9_tp06_sl065,2.0466999999997824,0.9966999999997824,0.2966999999997828,1,1,1,0,0.9966999999997824,52.0300000000002,23.449999999999818,0.4366737739872009,17.809999999999945,0.7810218978102388,7.180000000000291,8.113000000000033,0.704,1.0,,,9,4,4.0,2024
2024-04-12 23:45:00+00:00|1.0|calendar_drop_monday_h9_tp06_sl065,2024-04-12 23:45:00+00:00,STAGE28A,data/reports/stage28a_discovery_factory_batch_runner/stage28a_exact_trades.csv,calendar_time_risk_proxy_v1,calendar_drop_monday_h9_tp06_sl065,-0.35,-1.4,-2.1,0,0,0,0,1.4,52.0300000000002,23.449999999999818,0.4366737739872009,17.809999999999945,0.7810218978102388,11.5,13.90400000000002,1.0,1.0,,,9,4,4.0,2024
2024-04-16 09:00:00+00:00|-1.0|calendar_drop_monday_h9_tp06_sl065,2024-04-16 09:00:00+00:00,STAGE28A,data/reports/stage28a_discovery_factory_batch_runner/stage28a_exact_trades.csv,calendar_time_risk_proxy_v1,calendar_drop_monday_h9_tp06_sl065,-2.391975000000093,-3.441975000000093,-4.141975000000093,0,0,0,1,3.441975000000093,63.18000000000029,12.900000000000091,0.28062015503874926,25.980000000000018,0.6023864511162463,4.080000000000382,10.118000000000029,0.764,-1.0,,,9,1,4.0,2024
2024-04-17 09:00:00+00:00|1.0|calendar_drop_monday_h9_tp06_sl065,2024-04-17 09:00:00+00:00,STAGE28A,data/reports/stage28a_discovery_factory_batch_runner/stage28a_exact_trades.csv,calendar_time_risk_proxy_v1,calendar_drop_monday_h9_tp06_sl065,1.0350999999999655,-0.0149000000000341,-0.7149000000000338,0,0,0,0,0.0149000000000341,35.210000000000036,6.400000000000091,0.5015624999999986,21.559999999999945,0.4809833024118911,7.880000000000109,8.597000000000026,0.564,1.0,,,9,2,4.0,2024
2024-04-18 09:00:00+00:00|1.0|calendar_drop_monday_h9_tp06_sl065,2024-04-18 09:00:00+00:00,STAGE28A,data/reports/stage28a_discovery_factory_batch_runner/stage28a_exact_trades.csv,calendar_time_risk_proxy_v1,calendar_drop_monday_h9_tp06_sl065,1.1388999999998304,0.0888999999998305,-0.6111000000001692,1,0,0,0,0.0888999999998305,41.0,12.240000000000236,0.7802287581699344,7.890000000000327,0.6387832699619461,3.369999999999891,8.125000000000046,0.456,1.0,,,9,3,4.0,2024
2024-04-19 09:00:00+00:00|-1.0|calendar_drop_monday_h9_tp06_sl065,2024-04-19 09:00:00+00:00,STAGE28A,data/reports/stage28a_discovery_factory_batch_runner/stage28a_exact_trades.csv,calendar_time_risk_proxy_v1,calendar_drop_monday_h9_tp06_sl065,-5.694625000000178,-6.744625000000179,-7.444625000000178,0,0,0,1,6.744625000000179,29.889999999999873,44.15000000000009,0.27859569648924476,15.840000000000146,0.6502525252525021,4.170000000000073,9.876499999999941,0.704,-1.0,,,9,4,4.0,2024
2024-04-19 23:45:00+00:00|1.0|calendar_drop_monday_h9_tp06_sl065,2024-04-19 23:45:00+00:00,STAGE28A,data/reports/stage28a_discovery_factory_batch_runner/stage28a_exact_trades.csv,calendar_time_risk_proxy_v1,calendar_drop_monday_h9_tp06_sl065,-0.35,-1.4,-2.1,0,0,0,0,1.4,29.889999999999873,44.15000000000009,0.27859569648924476,15.840000000000146,0.6502525252525021,11.539999999999964,11.448999999999955,0.864,1.0,,,9,4,4.0,2024
2024-04-23 09:00:00+00:00|1.0|calendar_drop_monday_h9_tp06_sl065,2024-04-23 09:00:00+00:00,STAGE28A,data/reports/stage28a_discovery_factory_batch_runner/stage28a_exact_trades.csv,calendar_time_risk_proxy_v1,calendar_drop_monday_h9_tp06_sl065,3.769299999999839,2.7192999999998397,2.01929999999984,1,1,1,0,2.7192999999998397,63.82999999999993,38.82999999999993,0.7180015451970168,23.220000000000255,0.30146425495262374,10.470000000000255,9.953500000000009,0.764,1.0,,,9,1,4.0,2024
2024-04-24 09:00:00+00:00|-1.0|calendar_drop_monday_h9_tp06_sl065,2024-04-24 09:00:00+00:00,STAGE28A,data/reports/stage28a_discovery_factory_batch_runner/stage28a_exact_trades.csv,calendar_time_risk_proxy_v1,calendar_drop_monday_h9_tp06_sl065,-2.296100000000115,-3.346100000000115,-4.046100000000115,0,0,0,1,3.346100000000115,42.88000000000011,12.400000000000091,0.5016129032258233,19.4399999999996,0.6682098765432124,5.309999999999945,7.124000000000114,0.136,-1.0,,,9,2,4.0,2024
2024-04-25 09:00:00+00:00|1.0|calendar_drop_monday_h9_tp06_sl065,2024-04-25 09:00:00+00:00,STAGE28A,data/reports/stage28a_discovery_factory_batch_runner/stage28a_exact_trades.csv,calendar_time_risk_proxy_v1,calendar_drop_monday_h9_tp06_sl065,1.530999999999858,0.4809999999998582,-0.2190000000001415,1,0,1,0,0.4809999999998582,25.480000000000018,17.029999999999745,0.28185554903113647,16.4699999999998,0.7109896782028038,6.190000000000055,6.6869999999999665,0.112,1.0,,,9,3,4.0,2024
2024-04-26 09:00:00+00:00|1.0|calendar_drop_monday_h9_tp06_sl065,2024-04-26 09:00:00+00:00,STAGE28A,data/reports/stage28a_discovery_factory_batch_runner/stage28a_exact_trades.csv,calendar_time_risk_proxy_v1,calendar_drop_monday_h9_tp06_sl065,1.21899999999996,0.16899999999996,-0.5310000000000397,1,0,1,0,0.16899999999996,39.539999999999964,10.019999999999982,0.2195608782434952,19.110000000000127,0.7791732077446483,4.600000000000364,6.834500000000071,0.156,1.0,,,9,4,4.0,2024
2024-04-26 23:45:00+00:00|1.0|calendar_drop_monday_h9_tp06_sl065,2024-04-26 23:45:00+00:00,STAGE28A,data/reports/stage28a_discovery_factory_batch_runner/stage28a_exact_trades.csv,calendar_time_risk_proxy_v1,calendar_drop_monday_h9_tp06_sl065,-0.35,-1.4,-2.1,0,0,0,0,1.4,39.539999999999964,10.019999999999982,0.2195608782434952,19.110000000000127,0.7791732077446483,4.779999999999745,6.5955000000000386,0.152,1.0,,,9,4,4.0,2024
2024-04-30 09:00:00+00:00|-1.0|calendar_drop_monday_h9_tp06_sl065,2024-04-30 09:00:00+00:00,STAGE28A,data/reports/stage28a_discovery_factory_batch_runner/stage28a_exact_trades.csv,calendar_time_risk_proxy_v1,calendar_drop_monday_h9_tp06_sl065,1.1199999999997998,0.0699999999998,-0.6300000000001997,1,0,0,0,0.0699999999998,26.919999999999618,9.320000000000164,0.6115879828326366,18.879999999999654,0.7733050847457721,5.139999999999873,5.517500000000018,0.04,-1.0,,,9,1,4.0,2024
2024-05-01 09:00:00+00:00|1.0|calendar_drop_monday_h9_tp06_sl065,2024-05-01 09:00:00+00:00,STAGE28A,data/reports/stage28a_discovery_factory_batch_runner/stage28a_exact_trades.csv,calendar_time_risk_proxy_v1,calendar_drop_monday_h9_tp06_sl065,0.8751999999998589,-0.174800000000141,-0.8748000000001408,0,0,0,0,0.174800000000141,51.51000000000022,10.38000000000011,0.6984585741811102,11.5,0.6782608695652332,5.900000000000091,6.2380000000000795,0.192,1.0,,,9,2,5.0,2024
2024-05-02 09:00:00+00:00|-1.0|calendar_drop_monday_h9_tp06_sl065,2024-05-02 09:00:00+00:00,STAGE28A,data/reports/stage28a_discovery_factory_batch_runner/stage28a_exact_trades.csv,calendar_time_risk_proxy_v1,calendar_drop_monday_h9_tp06_sl065,1.0518999999998413,0.0018999999998414,-0.6981000000001583,1,0,0,0,0.0018999999998414,46.82999999999993,9.070000000000164,0.1422271223814708,22.340000000000146,0.8012533572068028,5.460000000000036,8.09500000000005,0.696,-1.0,,,9,3,5.0,2024
2024-05-03 09:00:00+00:00|-1.0|calendar_drop_monday_h9_tp06_sl065,2024-05-03 09:00:00+00:00,STAGE28A,data/reports/stage28a_discovery_factory_batch_runner/stage28a_exact_trades.csv,calendar_time_risk_proxy_v1,calendar_drop_monday_h9_tp06_sl065,-1.6799000000001798,-2.72990000000018,-3.42990000000018,0,0,0,0,2.72990000000018,41.09999999999991,6.440000000000055,0.2096273291925307,10.970000000000255,0.08477666362810113,2.9100000000003092,5.8944999999999705,0.164,-1.0,,,9,4,5.0,2024
2024-05-03 23:45:00+00:00|1.0|calendar_drop_monday_h9_tp06_sl065,2024-05-03 23:45:00+00:00,STAGE28A,data/reports/stage28a_discovery_factory_batch_runner/stage28a_exact_trades.csv,calendar_time_risk_proxy_v1,calendar_drop_monday_h9_tp06_sl065,1.2436000000001513,0.1936000000001514,-0.5063999999998483,1,0,1,0,0.1936000000001514,41.09999999999991,6.440000000000055,0.2096273291925307,10.970000000000255,0.08477666362810113,5.289999999999964,8.04100000000003,0.732,1.0,,,9,4,5.0,2024
2024-05-07 09:00:00+00:00|-1.0|calendar_drop_monday_h9_tp06_sl065,2024-05-07 09:00:00+00:00,STAGE28A,data/reports/stage28a_discovery_factory_batch_runner/stage28a_exact_trades.csv,calendar_time_risk_proxy_v1,calendar_drop_monday_h9_tp06_sl065,1.0309000000001105,-0.0190999999998893,-0.719099999999889,0,0,0,0,0.0190999999998893,40.370000000000346,10.279999999999745,0.17217898832685075,13.360000000000127,0.8345808383233181,2.8799999999996544,5.944999999999982,0.2,-1.0,,,9,1,5.0,2024
2024-05-08 09:00:00+00:00|-1.0|calendar_drop_monday_h9_tp06_sl065,2024-05-08 09:00:00+00:00,STAGE28A,data/reports/stage28a_discovery_factory_batch_runner/stage28a_exact_trades.csv,calendar_time_risk_proxy_v1,calendar_drop_monday_h9_tp06_sl065,-1.8892000000001643,-2.9392000000001643,-3.639200000000164,0,0,0,0,2.9392000000001643,20.179999999999836,11.240000000000236,0.22775800711742808,17.86999999999989,0.35926133184108067,3.7100000000000364,4.822000000000048,0.04,-1.0,,,9,2,5.0,2024
2024-05-09 09:00:00+00:00|-1.0|calendar_drop_monday_h9_tp06_sl065,2024-05-09 09:00:00+00:00,STAGE28A,data/reports/stage28a_discovery_factory_batch_runner/stage28a_exact_trades.csv,calendar_time_risk_proxy_v1,calendar_drop_monday_h9_tp06_sl065,0.8515000000001237,-0.1984999999998762,-0.898499999999876,0,0,0,0,0.1984999999998762,17.86999999999989,4.970000000000255,0.5010060362173258,13.08999999999969,0.35752482811305936,5.309999999999945,4.488999999999964,0.012,-1.0,,,9,3,5.0,2024
2024-05-10 09:00:00+00:00|1.0|calendar_drop_monday_h9_tp06_sl065,2024-05-10 09:00:00+00:00,STAGE28A,data/reports/stage28a_discovery_factory_batch_runner/stage28a_exact_trades.csv,calendar_time_risk_proxy_v1,calendar_drop_monday_h9_tp06_sl065,-2.150174999999854,-3.2001749999998537,-3.900174999999853,0,0,0,1,3.2001749999998537,40.63999999999987,10.659999999999854,0.6716697936210086,24.079999999999927,0.7936046511627984,5.029999999999745,6.434000000000014,0.552,1.0,,,9,4,5.0,2024
2024-05-10 23:45:00+00:00|1.0|calendar_drop_monday_h9_tp06_sl065,2024-05-10 23:45:00+00:00,STAGE28A,data/reports/stage28a_discovery_factory_batch_runner/stage28a_exact_trades.csv,calendar_time_risk_proxy_v1,calendar_drop_monday_h9_tp06_sl065,-0.35,-1.4,-2.1,0,0,0,0,1.4,40.63999999999987,10.659999999999854,0.6716697936210086,24.079999999999927,0.7936046511627984,5.25,7.160500000000002,0.82,1.0,,,9,4,5.0,2024
2024-05-14 09:00:00+00:00|1.0|calendar_drop_monday_h9_tp06_sl065,2024-05-14 09:00:00+00:00,STAGE28A,data/reports/stage28a_discovery_factory_batch_runner/stage28a_exact_trades.csv,calendar_time_risk_proxy_v1,calendar_drop_monday_h9_tp06_sl065,0.871599999999853,-0.1784000000001468,-0.8784000000001466,0,0,0,0,0.1784000000001468,32.95000000000027,9.570000000000164,0.5862068965517274,12.2800000000002,0.2394136807817595,3.3099999999999454,4.491999999999985,0.044,1.0,,,9,1,5.0,2024
2024-05-15 09:00:00+00:00|1.0|calendar_drop_monday_h9_tp06_sl065,2024-05-15 09:00:00+00:00,STAGE28A,data/reports/stage28a_discovery_factory_batch_runner/stage28a_exact_trades.csv,calendar_time_risk_proxy_v1,calendar_drop_monday_h9_tp06_sl065,0.784599999999864,-0.2654000000001359,-0.9654000000001356,0,0,0,0,0.2654000000001359,24.920000000000073,6.110000000000127,0.46808510638298984,18.5300000000002,0.47706422018348893,3.3299999999999272,4.844000000000028,0.148,1.0,,,9,2,5.0,2024
2024-05-16 09:00:00+00:00|-1.0|calendar_drop_monday_h9_tp06_sl065,2024-05-16 09:00:00+00:00,STAGE28A,data/reports/stage28a_discovery_factory_batch_runner/stage28a_exact_trades.csv,calendar_time_risk_proxy_v1,calendar_drop_monday_h9_tp06_sl065,-2.128075000000172,-3.178075000000172,-3.8780750000001714,0,0,0,1,3.178075000000172,38.40000000000009,13.050000000000182,0.029885057471289042,10.909999999999854,0.31072410632446545,4.300000000000182,7.878500000000054,0.84,-1.0,,,9,3,5.0,2024
2024-05-17 09:00:00+00:00|1.0|calendar_drop_monday_h9_tp06_sl065,2024-05-17 09:00:00+00:00,STAGE28A,data/reports/stage28a_discovery_factory_batch_runner/stage28a_exact_trades.csv,calendar_time_risk_proxy_v1,calendar_drop_monday_h9_tp06_sl065,-1.6711249999999382,-2.721124999999938,-3.421124999999938,0,0,0,0,2.721124999999938,26.550000000000182,7.2599999999997635,0.07300275482090395,11.360000000000127,0.42517605633805705,3.7899999999999636,4.568499999999949,0.092,1.0,,,9,4,5.0,2024
2024-05-17 23:45:00+00:00|1.0|calendar_drop_monday_h9_tp06_sl065,2024-05-17 23:45:00+00:00,STAGE28A,data/reports/stage28a_discovery_factory_batch_runner/stage28a_exact_trades.csv,calendar_time_risk_proxy_v1,calendar_drop_monday_h9_tp06_sl065,1.7049999999998362,0.6549999999998364,-0.0450000000001633,1,0,1,0,0.6549999999998364,26.550000000000182,7.2599999999997635,0.07300275482090395,11.360000000000127,0.42517605633805705,6.300000000000182,6.510499999999979,0.712,1.0,,,9,4,5.0,2024
2024-05-21 09:00:00+00:00|1.0|calendar_drop_monday_h9_tp06_sl065,2024-05-21 09:00:00+00:00,STAGE28A,data/reports/stage28a_discovery_factory_batch_runner/stage28a_exact_trades.csv,calendar_time_risk_proxy_v1,calendar_drop_monday_h9_tp06_sl065,-3.301000000000022,-4.351000000000022,-5.0510000000000215,0,0,0,1,4.351000000000022,42.86999999999989,26.63000000000011,0.5005632745024361,13.569999999999709,0.19012527634491064,5.769999999999982,8.472499999999991,0.908,1.0,,,9,1,5.0,2024
2024-05-22 09:00:00+00:00|1.0|calendar_drop_monday_h9_tp06_sl065,2024-05-22 09:00:00+00:00,STAGE28A,data/reports/stage28a_discovery_factory_batch_runner/stage28a_exact_trades.csv,calendar_time_risk_proxy_v1,calendar_drop_monday_h9_tp06_sl065,1.511199999999826,0.4611999999998262,-0.2388000000001735,1,0,1,0,0.4611999999998262,27.610000000000127,13.980000000000018,0.5615164520744172,7.930000000000291,0.3947036569987382,5.869999999999891,5.526499999999965,0.448,1.0,,,9,2,5.0,2024
2024-05-23 09:00:00+00:00|-1.0|calendar_drop_monday_h9_tp06_sl065,2024-05-23 09:00:00+00:00,STAGE28A,data/reports/stage28a_discovery_factory_batch_runner/stage28a_exact_trades.csv,calendar_time_risk_proxy_v1,calendar_drop_monday_h9_tp06_sl065,2.052099999999791,1.0020999999997913,0.3020999999997915,1,1,1,0,1.0020999999997913,51.76999999999998,16.980000000000018,0.47820965842166563,19.029999999999745,0.44245927482922676,14.720000000000255,7.9685000000000175,0.848,-1.0,,,9,3,5.0,2024
2024-05-24 09:00:00+00:00|1.0|calendar_drop_monday_h9_tp06_sl065,2024-05-24 09:00:00+00:00,STAGE28A,data/reports/stage28a_discovery_factory_batch_runner/stage28a_exact_trades.csv,calendar_time_risk_proxy_v1,calendar_drop_monday_h9_tp06_sl065,-2.219725000000017,-3.2697250000000166,-3.969725000000016,0,0,0,1,3.2697250000000166,56.809999999999945,9.710000000000036,0.028836251287353145,12.7199999999998,0.5463836477987721,6.049999999999727,7.444499999999948,0.672,1.0,,,9,4,5.0,2024
2024-05-24 23:45:00+00:00|1.0|calendar_drop_monday_h9_tp06_sl065,2024-05-24 23:45:00+00:00,STAGE28A,data/reports/stage28a_discovery_factory_batch_runner/stage28a_exact_trades.csv,calendar_time_risk_proxy_v1,calendar_drop_monday_h9_tp06_sl065,0.654399999999805,-0.3956000000001949,-1.0956000000001946,0,0,0,0,0.3956000000001949,56.809999999999945,9.710000000000036,0.028836251287353145,12.7199999999998,0.5463836477987721,2.900000000000091,5.5479999999999565,0.348,1.0,,,9,4,5.0,2024
2024-05-28 09:00:00+00:00|-1.0|calendar_drop_monday_h9_tp06_sl065,2024-05-28 09:00:00+00:00,STAGE28A,data/reports/stage28a_discovery_factory_batch_runner/stage28a_exact_trades.csv,calendar_time_risk_proxy_v1,calendar_drop_monday_h9_tp06_sl065,-1.8131500000000416,-2.8631500000000414,-3.563150000000041,0,0,0,0,2.8631500000000414,26.420000000000073,7.220000000000255,0.17313019390581108,13.699999999999818,0.5335766423357695,4.150000000000091,3.981500000000051,0.016,-1.0,,,9,1,5.0,2024
2024-05-29 09:00:00+00:00|-1.0|calendar_drop_monday_h9_tp06_sl065,2024-05-29 09:00:00+00:00,STAGE28A,data/reports/stage28a_discovery_factory_batch_runner/stage28a_exact_trades.csv,calendar_time_risk_proxy_v1,calendar_drop_monday_h9_tp06_sl065,-1.847600000000148,-2.897600000000148,-3.597600000000148,0,0,0,0,2.897600000000148,24.059999999999945,7.930000000000291,0.12862547288776097,20.700000000000273,0.6120772946859638,4.870000000000346,5.513000000000079,0.396,-1.0,,,9,2,5.0,2024
2024-05-30 09:00:00+00:00|1.0|calendar_drop_monday_h9_tp06_sl065,2024-05-30 09:00:00+00:00,STAGE28A,data/reports/stage28a_discovery_factory_batch_runner/stage28a_exact_trades.csv,calendar_time_risk_proxy_v1,calendar_drop_monday_h9_tp06_sl065,-2.34127499999986,-3.3912749999998595,-4.091274999999859,0,0,0,1,3.3912749999998595,28.059999999999945,11.800000000000182,0.2771186440677908,15.559999999999945,0.06876606683805704,13.230000000000018,5.715000000000077,0.52,1.0,,,9,3,5.0,2024
2024-05-31 09:00:00+00:00|-1.0|calendar_drop_monday_h9_tp06_sl065,2024-05-31 09:00:00+00:00,STAGE28A,data/reports/stage28a_discovery_factory_batch_runner/stage28a_exact_trades.csv,calendar_time_risk_proxy_v1,calendar_drop_monday_h9_tp06_sl065,-2.0016499999997905,-3.0516499999997904,-3.75164999999979,0,0,0,0,3.0516499999997904,29.38000000000011,10.739999999999782,0.036312849162000053,7.370000000000346,0.21709633649929905,3.2100000000000364,5.513500000000045,0.376,-1.0,,,9,4,5.0,2024
2024-05-31 23:45:00+00:00|1.0|calendar_drop_monday_h9_tp06_sl065,2024-05-31 23:45:00+00:00,STAGE28A,data/reports/stage28a_discovery_factory_batch_runner/stage28a_exact_trades.csv,calendar_time_risk_proxy_v1,calendar_drop_monday_h9_tp06_sl065,1.546900000000187,0.4969000000001871,-0.2030999999998126,1,0,1,0,0.4969000000001871,29.38000000000011,10.739999999999782,0.036312849162000053,7.370000000000346,0.21709633649929905,7.639999999999873,6.846000000000004,0.644,1.0,,,9,4,5.0,2024
2024-06-04 09:00:00+00:00|-1.0|calendar_drop_monday_h9_tp06_sl065,2024-06-04 09:00:00+00:00,STAGE28A,data/reports/stage28a_discovery_factory_batch_runner/stage28a_exact_trades.csv,calendar_time_risk_proxy_v1,calendar_drop_monday_h9_tp06_sl065,0.978399999999874,-0.0716000000001257,-0.7716000000001255,0,0,0,0,0.0716000000001257,40.159999999999854,9.600000000000364,0.5281249999999971,25.079999999999927,0.6399521531100569,2.3099999999999454,5.251999999999976,0.216,-1.0,,,9,1,6.0,2024
2024-06-05 09:00:00+00:00|-1.0|calendar_drop_monday_h9_tp06_sl065,2024-06-05 09:00:00+00:00,STAGE28A,data/reports/stage28a_discovery_factory_batch_runner/stage28a_exact_trades.csv,calendar_time_risk_proxy_v1,calendar_drop_monday_h9_tp06_sl065,-1.8365500000000796,-2.886550000000079,-3.586550000000079,0,0,0,0,2.886550000000079,37.41000000000031,12.010000000000218,0.7993338884262893,13.579999999999927,0.3645066273932139,4.289999999999964,5.559999999999991,0.436,-1.0,,,9,2,6.0,2024
2024-06-06 09:00:00+00:00|-1.0|calendar_drop_monday_h9_tp06_sl065,2024-06-06 09:00:00+00:00,STAGE28A,data/reports/stage28a_discovery_factory_batch_runner/stage28a_exact_trades.csv,calendar_time_risk_proxy_v1,calendar_drop_monday_h9_tp06_sl065,1.4947000000001025,0.4447000000001027,-0.255299999999897,1,0,1,0,0.4447000000001027,31.670000000000073,20.389999999999873,0.564982834722906,12.929999999999836,0.5359628770301565,5.039999999999964,6.170999999999935,0.684,-1.0,,,9,3,6.0,2024
2024-06-07 09:00:00+00:00|-1.0|calendar_drop_monday_h9_tp06_sl065,2024-06-07 09:00:00+00:00,STAGE28A,data/reports/stage28a_discovery_factory_batch_runner/stage28a_exact_trades.csv,calendar_time_risk_proxy_v1,calendar_drop_monday_h9_tp06_sl065,1.683400000000256,0.6334000000002562,-0.0665999999997435,1,0,1,0,0.6334000000002562,25.20999999999958,12.600000000000364,0.24920634920633192,50.42000000000007,0.8131693772312563,12.599999999999909,6.4240000000000235,0.816,-1.0,,,9,4,6.0,2024
2024-06-07 23:45:00+00:00|1.0|calendar_drop_monday_h9_tp06_sl065,2024-06-07 23:45:00+00:00,STAGE28A,data/reports/stage28a_discovery_factory_batch_runner/stage28a_exact_trades.csv,calendar_time_risk_proxy_v1,calendar_drop_monday_h9_tp06_sl065,-0.35,-1.4,-2.1,0,0,0,0,1.4,25.20999999999958,12.600000000000364,0.24920634920633192,50.42000000000007,0.8131693772312563,13.88000000000011,11.647500000000013,1.0,1.0,,,9,4,6.0,2024
2024-06-11 09:00:00+00:00|1.0|calendar_drop_monday_h9_tp06_sl065,2024-06-11 09:00:00+00:00,STAGE28A,data/reports/stage28a_discovery_factory_batch_runner/stage28a_exact_trades.csv,calendar_time_risk_proxy_v1,calendar_drop_monday_h9_tp06_sl065,-2.0240749999999026,-3.0740749999999024,-3.774074999999902,0,0,0,1,3.0740749999999024,25.990000000000236,13.549999999999727,0.4479704797048181,9.990000000000236,0.2662662662662454,6.619999999999891,4.5864999999999325,0.104,1.0,,,9,1,6.0,2024
2024-06-12 09:00:00+00:00|-1.0|calendar_drop_monday_h9_tp06_sl065,2024-06-12 09:00:00+00:00,STAGE28A,data/reports/stage28a_discovery_factory_batch_runner/stage28a_exact_trades.csv,calendar_time_risk_proxy_v1,calendar_drop_monday_h9_tp06_sl065,-1.6266000000001442,-2.676600000000144,-3.376600000000144,0,0,0,0,2.676600000000144,22.36999999999989,6.8400000000001455,0.42690058479532317,6.910000000000309,0.00289435600578595,3.0399999999999636,4.5479999999999565,0.06,-1.0,,,9,2,6.0,2024
2024-06-13 09:00:00+00:00|1.0|calendar_drop_monday_h9_tp06_sl065,2024-06-13 09:00:00+00:00,STAGE28A,data/reports/stage28a_discovery_factory_batch_runner/stage28a_exact_trades.csv,calendar_time_risk_proxy_v1,calendar_drop_monday_h9_tp06_sl065,1.3488999999998668,0.2988999999998669,-0.4011000000001328,1,0,1,0,0.2988999999998669,31.039999999999964,16.460000000000036,0.4696233292831106,9.580000000000382,0.12526096033400524,3.300000000000182,7.6789999999999505,0.912,1.0,,,9,3,6.0,2024
2024-06-14 09:00:00+00:00|1.0|calendar_drop_monday_h9_tp06_sl065,2024-06-14 09:00:00+00:00,STAGE28A,data/reports/stage28a_discovery_factory_batch_runner/stage28a_exact_trades.csv,calendar_time_risk_proxy_v1,calendar_drop_monday_h9_tp06_sl065,-1.7702500000001238,-2.820250000000124,-3.520250000000124,0,0,0,0,2.820250000000124,31.159999999999854,7.050000000000182,0.35886524822690496,19.139999999999873,0.8949843260188204,6.0099999999997635,6.421499999999969,0.648,1.0,,,9,4,6.0,2024
2024-06-14 23:45:00+00:00|1.0|calendar_drop_monday_h9_tp06_sl065,2024-06-14 23:45:00+00:00,STAGE28A,data/reports/stage28a_discovery_factory_batch_runner/stage28a_exact_trades.csv,calendar_time_risk_proxy_v1,calendar_drop_monday_h9_tp06_sl065,-0.35,-1.4,-2.1,0,0,0,0,1.4,31.159999999999854,7.050000000000182,0.35886524822690496,19.139999999999873,0.8949843260188204,3.1900000000000546,6.1255000000000335,0.56,1.0,,,9,4,6.0,2024
2024-06-18 09:00:00+00:00|-1.0|calendar_drop_monday_h9_tp06_sl065,2024-06-18 09:00:00+00:00,STAGE28A,data/reports/stage28a_discovery_factory_batch_runner/stage28a_exact_trades.csv,calendar_time_risk_proxy_v1,calendar_drop_monday_h9_tp06_sl065,-1.659099999999944,-2.709099999999944,-3.409099999999944,0,0,0,0,2.709099999999944,23.170000000000073,6.5,0.5292307692307776,14.090000000000146,0.9488999290276939,4.319999999999709,4.5835000000000035,0.104,-1.0,,,9,1,6.0,2024
2024-06-19 09:00:00+00:00|1.0|calendar_drop_monday_h9_tp06_sl065,2024-06-19 09:00:00+00:00,STAGE28A,data/reports/stage28a_discovery_factory_batch_runner/stage28a_exact_trades.csv,calendar_time_risk_proxy_v1,calendar_drop_monday_h9_tp06_sl065,-1.1930499999999484,-2.2430499999999483,-2.943049999999948,0,0,0,0,2.2430499999999483,26.699999999999818,5.2199999999998,0.003831417624517735,8.190000000000055,0.020757020757029503,3.269999999999982,4.828499999999963,0.22,1.0,,,9,2,6.0,2024
2024-06-20 09:00:00+00:00|-1.0|calendar_drop_monday_h9_tp06_sl065,2024-06-20 09:00:00+00:00,STAGE28A,data/reports/stage28a_discovery_factory_batch_runner/stage28a_exact_trades.csv,calendar_time_risk_proxy_v1,calendar_drop_monday_h9_tp06_sl065,1.0642000000001643,0.0142000000001645,-0.6857999999998352,1,0,0,0,0.0142000000001645,11.2800000000002,11.260000000000218,0.3152753108348235,14.260000000000218,0.03366058906030932,5.129999999999654,3.887000000000012,0.088,-1.0,,,9,3,6.0,2024
2024-06-21 09:00:00+00:00|1.0|calendar_drop_monday_h9_tp06_sl065,2024-06-21 09:00:00+00:00,STAGE28A,data/reports/stage28a_discovery_factory_batch_runner/stage28a_exact_trades.csv,calendar_time_risk_proxy_v1,calendar_drop_monday_h9_tp06_sl065,-1.3906499999999142,-2.440649999999914,-3.140649999999914,0,0,0,0,2.440649999999914,37.65000000000009,7.75,0.3496774193548434,13.009999999999764,0.13374327440432499,3.380000000000109,5.344000000000051,0.496,1.0,,,9,4,6.0,2024
2024-06-21 23:45:00+00:00|1.0|calendar_drop_monday_h9_tp06_sl065,2024-06-21 23:45:00+00:00,STAGE28A,data/reports/stage28a_discovery_factory_batch_runner/stage28a_exact_trades.csv,calendar_time_risk_proxy_v1,calendar_drop_monday_h9_tp06_sl065,-0.35,-1.4,-2.1,0,0,0,0,1.4,37.65000000000009,7.75,0.3496774193548434,13.009999999999764,0.13374327440432499,2.9200000000000728,7.004500000000007,0.836,1.0,,,9,4,6.0,2024
2024-06-25 09:00:00+00:00|1.0|calendar_drop_monday_h9_tp06_sl065,2024-06-25 09:00:00+00:00,STAGE28A,data/reports/stage28a_discovery_factory_batch_runner/stage28a_exact_trades.csv,calendar_time_risk_proxy_v1,calendar_drop_monday_h9_tp06_sl065,0.9688000000000102,-0.0811999999999897,-0.7811999999999895,0,0,0,0,0.0811999999999897,17.15000000000009,11.150000000000091,0.6852017937219969,11.319999999999709,0.7915194346289989,5.579999999999927,4.092999999999916,0.128,1.0,,,9,1,6.0,2024
2024-06-26 09:00:00+00:00|-1.0|calendar_drop_monday_h9_tp06_sl065,2024-06-26 09:00:00+00:00,STAGE28A,data/reports/stage28a_discovery_factory_batch_runner/stage28a_exact_trades.csv,calendar_time_risk_proxy_v1,calendar_drop_monday_h9_tp06_sl065,-2.1934000000002016,-3.243400000000201,-3.943400000000201,0,0,0,1,3.243400000000201,21.789999999999964,13.350000000000364,0.2636704119850102,8.690000000000055,0.11047180667434181,6.3400000000001455,5.681500000000051,0.644,-1.0,,,9,2,6.0,2024
2024-06-27 09:00:00+00:00|1.0|calendar_drop_monday_h9_tp06_sl065,2024-06-27 09:00:00+00:00,STAGE28A,data/reports/stage28a_discovery_factory_batch_runner/stage28a_exact_trades.csv,calendar_time_risk_proxy_v1,calendar_drop_monday_h9_tp06_sl065,-1.3653000000000248,-2.4153000000000246,-3.1153000000000244,0,0,0,0,2.4153000000000246,30.350000000000364,3.3899999999998727,0.22123893805310565,17.429999999999836,0.7917383820998457,3.769999999999982,4.662499999999977,0.264,1.0,,,9,3,6.0,2024
2024-06-28 09:00:00+00:00|1.0|calendar_drop_monday_h9_tp06_sl065,2024-06-28 09:00:00+00:00,STAGE28A,data/reports/stage28a_discovery_factory_batch_runner/stage28a_exact_trades.csv,calendar_time_risk_proxy_v1,calendar_drop_monday_h9_tp06_sl065,0.8115999999999076,-0.2384000000000923,-0.938400000000092,0,0,0,0,0.2384000000000923,34.58999999999969,9.269999999999982,0.5587918015102316,12.099999999999909,0.7033057851239527,6.0900000000001455,4.37800000000002,0.256,1.0,,,9,4,6.0,2024
2024-06-28 23:45:00+00:00|1.0|calendar_drop_monday_h9_tp06_sl065,2024-06-28 23:45:00+00:00,STAGE28A,data/reports/stage28a_discovery_factory_batch_runner/stage28a_exact_trades.csv,calendar_time_risk_proxy_v1,calendar_drop_monday_h9_tp06_sl065,-0.35,-1.4,-2.1,0,0,0,0,1.4,34.58999999999969,9.269999999999982,0.5587918015102316,12.099999999999909,0.7033057851239527,3.2800000000002,5.501000000000045,0.708,1.0,,,9,4,6.0,2024
2024-07-02 09:00:00+00:00|1.0|calendar_drop_monday_h9_tp06_sl065,2024-07-02 09:00:00+00:00,STAGE28A,data/reports/stage28a_discovery_factory_batch_runner/stage28a_exact_trades.csv,calendar_time_risk_proxy_v1,calendar_drop_monday_h9_tp06_sl065,-1.5021250000000692,-2.552125000000069,-3.2521250000000688,0,0,0,0,2.552125000000069,20.0,8.61999999999989,0.6705336426913943,9.099999999999909,0.1329670329670383,4.4699999999998,4.686500000000024,0.408,1.0,,,9,1,7.0,2024
2024-07-03 09:00:00+00:00|1.0|calendar_drop_monday_h9_tp06_sl065,2024-07-03 09:00:00+00:00,STAGE28A,data/reports/stage28a_discovery_factory_batch_runner/stage28a_exact_trades.csv,calendar_time_risk_proxy_v1,calendar_drop_monday_h9_tp06_sl065,-1.445249999999851,-2.4952499999998508,-3.1952499999998505,0,0,0,0,2.4952499999998508,17.820000000000164,5.660000000000309,0.28798586572430485,15.799999999999727,0.9164556962025199,3.800000000000182,4.594500000000016,0.364,1.0,,,9,2,7.0,2024
2024-07-04 09:00:00+00:00|1.0|calendar_drop_monday_h9_tp06_sl065,2024-07-04 09:00:00+00:00,STAGE28A,data/reports/stage28a_discovery_factory_batch_runner/stage28a_exact_trades.csv,calendar_time_risk_proxy_v1,calendar_drop_monday_h9_tp06_sl065,0.8470000000001164,-0.2029999999998835,-0.9029999999998832,0,0,0,0,0.2029999999998835,38.039999999999964,6.5900000000001455,0.12139605462824951,9.259999999999764,0.0377969762419409,3.0599999999999454,4.768499999999972,0.396,1.0,,,9,3,7.0,2024
2024-07-05 09:00:00+00:00|1.0|calendar_drop_monday_h9_tp06_sl065,2024-07-05 09:00:00+00:00,STAGE28A,data/reports/stage28a_discovery_factory_batch_runner/stage28a_exact_trades.csv,calendar_time_risk_proxy_v1,calendar_drop_monday_h9_tp06_sl065,-1.5456749999999375,-2.5956749999999373,-3.295674999999937,0,0,0,0,2.5956749999999373,12.179999999999836,8.960000000000036,0.49218750000003253,6.680000000000291,0.08532934131731798,2.3400000000001455,2.9059999999999944,0.004,1.0,,,9,4,7.0,2024
2024-07-05 23:45:00+00:00|1.0|calendar_drop_monday_h9_tp06_sl065,2024-07-05 23:45:00+00:00,STAGE28A,data/reports/stage28a_discovery_factory_batch_runner/stage28a_exact_trades.csv,calendar_time_risk_proxy_v1,calendar_drop_monday_h9_tp06_sl065,-0.35,-1.4,-2.1,0,0,0,0,1.4,12.179999999999836,8.960000000000036,0.49218750000003253,6.680000000000291,0.08532934131731798,4.789999999999964,6.13900000000001,0.904,1.0,,,9,4,7.0,2024
2024-07-09 09:00:00+00:00|-1.0|calendar_drop_monday_h9_tp06_sl065,2024-07-09 09:00:00+00:00,STAGE28A,data/reports/stage28a_discovery_factory_batch_runner/stage28a_exact_trades.csv,calendar_time_risk_proxy_v1,calendar_drop_monday_h9_tp06_sl065,0.8958999999998923,-0.1541000000001076,-0.8541000000001073,0,0,0,0,0.1541000000001076,40.36999999999989,9.490000000000236,0.8303477344573144,10.409999999999854,0.3170028818443586,4.179999999999836,5.163499999999976,0.592,-1.0,,,9,1,7.0,2024
2024-07-10 09:00:00+00:00|1.0|calendar_drop_monday_h9_tp06_sl065,2024-07-10 09:00:00+00:00,STAGE28A,data/reports/stage28a_discovery_factory_batch_runner/stage28a_exact_trades.csv,calendar_time_risk_proxy_v1,calendar_drop_monday_h9_tp06_sl065,0.794800000000032,-0.2551999999999679,-0.9551999999999676,0,0,0,0,0.2551999999999679,22.20999999999958,7.329999999999927,0.5184174624829767,8.309999999999945,0.4500601684716975,2.949999999999818,4.9705000000000155,0.474,1.0,,,9,2,7.0,2024
2024-07-11 09:00:00+00:00|1.0|calendar_drop_monday_h9_tp06_sl065,2024-07-11 09:00:00+00:00,STAGE28A,data/reports/stage28a_discovery_factory_batch_runner/stage28a_exact_trades.csv,calendar_time_risk_proxy_v1,calendar_drop_monday_h9_tp06_sl065,0.5685999999999695,-0.4814000000000304,-1.1814000000000302,0,0,0,0,0.4814000000000304,23.670000000000073,9.08999999999969,0.6567656765677071,6.099999999999909,0.8606557377049309,1.7900000000004184,4.209500000000025,0.232,1.0,,,9,3,7.0,2024
2024-07-12 09:00:00+00:00|-1.0|calendar_drop_monday_h9_tp06_sl065,2024-07-12 09:00:00+00:00,STAGE28A,data/reports/stage28a_discovery_factory_batch_runner/stage28a_exact_trades.csv,calendar_time_risk_proxy_v1,calendar_drop_monday_h9_tp06_sl065,-1.6779499999998737,-2.7279499999998733,-3.427949999999873,0,0,0,0,2.7279499999998733,53.38999999999987,9.550000000000182,0.5350785340313692,9.760000000000218,0.3893442622950453,4.680000000000291,7.072499999999991,0.988,-1.0,,,9,4,7.0,2024
2024-07-12 23:45:00+00:00|1.0|calendar_drop_monday_h9_tp06_sl065,2024-07-12 23:45:00+00:00,STAGE28A,data/reports/stage28a_discovery_factory_batch_runner/stage28a_exact_trades.csv,calendar_time_risk_proxy_v1,calendar_drop_monday_h9_tp06_sl065,-0.35,-1.4,-2.1,0,0,0,0,1.4,53.38999999999987,9.550000000000182,0.5350785340313692,9.760000000000218,0.3893442622950453,2.5700000000001637,5.277500000000032,0.656,1.0,,,9,4,7.0,2024
2024-07-16 09:00:00+00:00|1.0|calendar_drop_monday_h9_tp06_sl065,2024-07-16 09:00:00+00:00,STAGE28A,data/reports/stage28a_discovery_factory_batch_runner/stage28a_exact_trades.csv,calendar_time_risk_proxy_v1,calendar_drop_monday_h9_tp06_sl065,1.1197000000001025,0.0697000000001026,-0.630299999999897,1,0,0,0,0.0697000000001026,38.409999999999854,11.559999999999945,0.6643598615916845,18.269999999999982,0.75478927203065,4.639999999999873,5.41700000000003,0.684,1.0,,,9,1,7.0,2024
2024-07-17 09:00:00+00:00|1.0|calendar_drop_monday_h9_tp06_sl065,2024-07-17 09:00:00+00:00,STAGE28A,data/reports/stage28a_discovery_factory_batch_runner/stage28a_exact_trades.csv,calendar_time_risk_proxy_v1,calendar_drop_monday_h9_tp06_sl065,-2.9701500000001944,-4.020150000000195,-4.720150000000194,0,0,0,1,4.020150000000195,49.659999999999854,18.299999999999727,0.15191256830602412,17.019999999999982,0.18801410105759556,5.5900000000001455,7.71400000000001,0.992,1.0,,,9,2,7.0,2024
2024-07-18 09:00:00+00:00|-1.0|calendar_drop_monday_h9_tp06_sl065,2024-07-18 09:00:00+00:00,STAGE28A,data/reports/stage28a_discovery_factory_batch_runner/stage28a_exact_trades.csv,calendar_time_risk_proxy_v1,calendar_drop_monday_h9_tp06_sl065,1.1845000000002073,0.1345000000002074,-0.5654999999997923,1,0,0,0,0.1345000000002074,32.25999999999976,11.519999999999982,0.7647569444444409,10.329999999999927,0.23523717328168958,4.920000000000073,6.605000000000041,0.796,-1.0,,,9,3,7.0,2024
2024-07-19 09:00:00+00:00|-1.0|calendar_drop_monday_h9_tp06_sl065,2024-07-19 09:00:00+00:00,STAGE28A,data/reports/stage28a_discovery_factory_batch_runner/stage28a_exact_trades.csv,calendar_time_risk_proxy_v1,calendar_drop_monday_h9_tp06_sl065,-2.814799999999741,-3.864799999999741,-4.564799999999741,0,0,0,1,3.864799999999741,34.84999999999991,24.679999999999836,0.6288492706645091,16.5,0.7678787878787923,5.079999999999927,6.709999999999923,0.804,-1.0,,,9,4,7.0,2024
2024-07-19 23:45:00+00:00|1.0|calendar_drop_monday_h9_tp06_sl065,2024-07-19 23:45:00+00:00,STAGE28A,data/reports/stage28a_discovery_factory_batch_runner/stage28a_exact_trades.csv,calendar_time_risk_proxy_v1,calendar_drop_monday_h9_tp06_sl065,-1.836225000000104,-2.886225000000104,-3.586225000000104,0,0,0,0,2.886225000000104,34.84999999999991,24.679999999999836,0.6288492706645091,16.5,0.7678787878787923,3.119999999999891,7.5514999999999874,0.932,1.0,,,9,4,7.0,2024
2024-07-23 09:00:00+00:00|1.0|calendar_drop_monday_h9_tp06_sl065,2024-07-23 09:00:00+00:00,STAGE28A,data/reports/stage28a_discovery_factory_batch_runner/stage28a_exact_trades.csv,calendar_time_risk_proxy_v1,calendar_drop_monday_h9_tp06_sl065,1.1764000000001942,0.1264000000001943,-0.5735999999998054,1,0,0,0,0.1264000000001943,28.23999999999978,9.199999999999818,0.34239130434784276,20.019999999999982,0.43806193806193755,6.079999999999927,5.550500000000056,0.456,1.0,,,9,1,7.0,2024
2024-07-24 09:00:00+00:00|-1.0|calendar_drop_monday_h9_tp06_sl065,2024-07-24 09:00:00+00:00,STAGE28A,data/reports/stage28a_discovery_factory_batch_runner/stage28a_exact_trades.csv,calendar_time_risk_proxy_v1,calendar_drop_monday_h9_tp06_sl065,1.46230000000005,0.4123000000000503,-0.2876999999999494,1,0,1,0,0.4123000000000503,23.950000000000273,13.399999999999636,0.53358208955226,9.379999999999654,0.32622601279323166,4.9099999999998545,4.564999999999964,0.114,-1.0,,,9,2,7.0,2024
2024-07-25 09:00:00+00:00|-1.0|calendar_drop_monday_h9_tp06_sl065,2024-07-25 09:00:00+00:00,STAGE28A,data/reports/stage28a_discovery_factory_batch_runner/stage28a_exact_trades.csv,calendar_time_risk_proxy_v1,calendar_drop_monday_h9_tp06_sl065,2.891199999999935,1.8411999999999356,1.1411999999999356,1,1,1,0,1.8411999999999356,35.4699999999998,34.38999999999987,0.6685082872928138,12.909999999999854,0.0859798605732099,8.779999999999745,8.365999999999962,0.98,-1.0,,,9,3,7.0,2024
2024-07-26 09:00:00+00:00|1.0|calendar_drop_monday_h9_tp06_sl065,2024-07-26 09:00:00+00:00,STAGE28A,data/reports/stage28a_discovery_factory_batch_runner/stage28a_exact_trades.csv,calendar_time_risk_proxy_v1,calendar_drop_monday_h9_tp06_sl065,1.769799999999941,0.7197999999999412,0.0197999999999414,1,1,1,0,0.7197999999999412,48.190000000000055,23.550000000000182,0.36390658174096147,10.0300000000002,0.19541375872382824,7.010000000000218,8.109500000000025,0.884,1.0,,,9,4,7.0,2024
2024-07-26 23:45:00+00:00|1.0|calendar_drop_monday_h9_tp06_sl065,2024-07-26 23:45:00+00:00,STAGE28A,data/reports/stage28a_discovery_factory_batch_runner/stage28a_exact_trades.csv,calendar_time_risk_proxy_v1,calendar_drop_monday_h9_tp06_sl065,-0.35,-1.4,-2.1,0,0,0,0,1.4,48.190000000000055,23.550000000000182,0.36390658174096147,10.0300000000002,0.19541375872382824,4.369999999999891,6.606999999999948,0.612,1.0,,,9,4,7.0,2024
2024-07-30 09:00:00+00:00|1.0|calendar_drop_monday_h9_tp06_sl065,2024-07-30 09:00:00+00:00,STAGE28A,data/reports/stage28a_discovery_factory_batch_runner/stage28a_exact_trades.csv,calendar_time_risk_proxy_v1,calendar_drop_monday_h9_tp06_sl065,1.08730000000005,0.0373000000000502,-0.6626999999999494,1,0,0,0,0.0373000000000502,33.460000000000036,9.460000000000036,0.18181818181820805,6.4099999999998545,0.5397815912636684,3.7899999999999636,5.608000000000038,0.264,1.0,,,9,1,7.0,2024
2024-07-31 09:00:00+00:00|1.0|calendar_drop_monday_h9_tp06_sl065,2024-07-31 09:00:00+00:00,STAGE28A,data/reports/stage28a_discovery_factory_batch_runner/stage28a_exact_trades.csv,calendar_time_risk_proxy_v1,calendar_drop_monday_h9_tp06_sl065,1.7454999999999017,0.6954999999999019,-0.0045000000000978,1,0,1,0,0.6954999999999019,36.43000000000029,15.139999999999873,0.47159841479523995,10.990000000000236,0.4003639672429478,4.779999999999745,6.390500000000065,0.512,1.0,,,9,2,7.0,2024
2024-08-01 09:00:00+00:00|-1.0|calendar_drop_monday_h9_tp06_sl065,2024-08-01 09:00:00+00:00,STAGE28A,data/reports/stage28a_discovery_factory_batch_runner/stage28a_exact_trades.csv,calendar_time_risk_proxy_v1,calendar_drop_monday_h9_tp06_sl065,-2.711124999999902,-3.7611249999999017,-4.461124999999901,0,0,0,1,3.7611249999999017,46.98999999999978,20.950000000000273,0.23293556085919073,18.829999999999927,0.5268189060010439,4.349999999999909,7.0049999999999955,0.776,-1.0,,,9,3,8.0,2024
2024-08-02 09:00:00+00:00|1.0|calendar_drop_monday_h9_tp06_sl065,2024-08-02 09:00:00+00:00,STAGE28A,data/reports/stage28a_discovery_factory_batch_runner/stage28a_exact_trades.csv,calendar_time_risk_proxy_v1,calendar_drop_monday_h9_tp06_sl065,2.202700000000186,1.1527000000001864,0.4527000000001866,1,1,1,0,1.1527000000001864,32.190000000000055,24.539999999999964,0.3793806030970014,14.139999999999873,0.6605374823196768,9.150000000000091,8.087500000000023,0.904,1.0,,,9,4,8.0,2024
2024-08-02 23:45:00+00:00|1.0|calendar_drop_monday_h9_tp06_sl065,2024-08-02 23:45:00+00:00,STAGE28A,data/reports/stage28a_discovery_factory_batch_runner/stage28a_exact_trades.csv,calendar_time_risk_proxy_v1,calendar_drop_monday_h9_tp06_sl065,-0.35,-1.4,-2.1,0,0,0,0,1.4,32.190000000000055,24.539999999999964,0.3793806030970014,14.139999999999873,0.6605374823196768,12.329999999999927,11.997500000000036,1.0,1.0,,,9,4,8.0,2024
2024-08-06 09:00:00+00:00|1.0|calendar_drop_monday_h9_tp06_sl065,2024-08-06 09:00:00+00:00,STAGE28A,data/reports/stage28a_discovery_factory_batch_runner/stage28a_exact_trades.csv,calendar_time_risk_proxy_v1,calendar_drop_monday_h9_tp06_sl065,1.908400000000165,0.8584000000001653,0.1584000000001655,1,1,1,0,0.8584000000001653,94.65999999999985,13.960000000000036,0.005014326647576184,20.720000000000255,0.20945945945944197,13.66000000000031,11.170500000000107,0.856,1.0,,,9,1,8.0,2024
2024-08-07 09:00:00+00:00|1.0|calendar_drop_monday_h9_tp06_sl065,2024-08-07 09:00:00+00:00,STAGE28A,data/reports/stage28a_discovery_factory_batch_runner/stage28a_exact_trades.csv,calendar_time_risk_proxy_v1,calendar_drop_monday_h9_tp06_sl065,-2.755975000000126,-3.805975000000126,-4.5059750000001255,0,0,0,1,3.805975000000126,36.63000000000011,11.710000000000036,0.22715627668657953,11.829999999999927,0.7007607776838558,7.600000000000364,7.6580000000000155,0.584,1.0,,,9,2,8.0,2024
2024-08-08 09:00:00+00:00|1.0|calendar_drop_monday_h9_tp06_sl065,2024-08-08 09:00:00+00:00,STAGE28A,data/reports/stage28a_discovery_factory_batch_runner/stage28a_exact_trades.csv,calendar_time_risk_proxy_v1,calendar_drop_monday_h9_tp06_sl065,-2.1043500000001587,-3.1543500000001585,-3.8543500000001583,0,0,0,1,3.1543500000001585,28.01000000000022,14.150000000000091,0.7519434628975127,15.019999999999982,0.1291611185086589,3.019999999999982,5.954000000000019,0.148,1.0,,,9,3,8.0,2024
2024-08-09 09:00:00+00:00|1.0|calendar_drop_monday_h9_tp06_sl065,2024-08-09 09:00:00+00:00,STAGE28A,data/reports/stage28a_discovery_factory_batch_runner/stage28a_exact_trades.csv,calendar_time_risk_proxy_v1,calendar_drop_monday_h9_tp06_sl065,1.256499999999869,0.2064999999998691,-0.4935000000001306,1,0,1,0,0.2064999999998691,47.190000000000055,9.679999999999836,0.4845041322314188,10.159999999999854,0.24606299212598778,6.829999999999927,6.700499999999943,0.412,1.0,,,9,4,8.0,2024
2024-08-09 23:45:00+00:00|1.0|calendar_drop_monday_h9_tp06_sl065,2024-08-09 23:45:00+00:00,STAGE28A,data/reports/stage28a_discovery_factory_batch_runner/stage28a_exact_trades.csv,calendar_time_risk_proxy_v1,calendar_drop_monday_h9_tp06_sl065,-0.35,-1.4,-2.1,0,0,0,0,1.4,47.190000000000055,9.679999999999836,0.4845041322314188,10.159999999999854,0.24606299212598778,2.6900000000000546,6.089499999999998,0.224,1.0,,,9,4,8.0,2024
2024-08-13 09:00:00+00:00|-1.0|calendar_drop_monday_h9_tp06_sl065,2024-08-13 09:00:00+00:00,STAGE28A,data/reports/stage28a_discovery_factory_batch_runner/stage28a_exact_trades.csv,calendar_time_risk_proxy_v1,calendar_drop_monday_h9_tp06_sl065,-2.1667499999999564,-3.2167499999999563,-3.916749999999956,0,0,0,1,3.2167499999999563,50.149999999999636,16.190000000000055,0.6331068560840003,7.660000000000309,0.3694516971279129,5.8400000000001455,6.060000000000036,0.34,-1.0,,,9,1,8.0,2024
2024-08-14 09:00:00+00:00|1.0|calendar_drop_monday_h9_tp06_sl065,2024-08-14 09:00:00+00:00,STAGE28A,data/reports/stage28a_discovery_factory_batch_runner/stage28a_exact_trades.csv,calendar_time_risk_proxy_v1,calendar_drop_monday_h9_tp06_sl065,1.288899999999921,0.2388999999999215,-0.4611000000000782,1,0,1,0,0.2388999999999215,18.51000000000022,17.210000000000036,0.2719349215572505,19.289999999999964,0.6174183514774431,3.269999999999982,5.4965000000000375,0.1,1.0,,,9,2,8.0,2024
2024-08-15 09:00:00+00:00|1.0|calendar_drop_monday_h9_tp06_sl065,2024-08-15 09:00:00+00:00,STAGE28A,data/reports/stage28a_discovery_factory_batch_runner/stage28a_exact_trades.csv,calendar_time_risk_proxy_v1,calendar_drop_monday_h9_tp06_sl065,-1.7253999999998997,-2.7753999999998995,-3.4753999999998992,0,0,0,0,2.7753999999998995,41.86000000000013,7.900000000000091,0.7367088607595059,8.480000000000018,0.36320754716980197,4.710000000000036,6.20150000000001,0.364,1.0,,,9,3,8.0,2024
2024-08-16 09:00:00+00:00|1.0|calendar_drop_monday_h9_tp06_sl065,2024-08-16 09:00:00+00:00,STAGE28A,data/reports/stage28a_discovery_factory_batch_runner/stage28a_exact_trades.csv,calendar_time_risk_proxy_v1,calendar_drop_monday_h9_tp06_sl065,0.9019000000002052,-0.1480999999997947,-0.8480999999997945,0,0,0,0,0.1480999999997947,37.90000000000009,9.2199999999998,0.26030368763559036,13.390000000000327,0.8110530246452473,3.680000000000291,6.6540000000000195,0.536,1.0,,,9,4,8.0,2024
2024-08-16 23:45:00+00:00|1.0|calendar_drop_monday_h9_tp06_sl065,2024-08-16 23:45:00+00:00,STAGE28A,data/reports/stage28a_discovery_factory_batch_runner/stage28a_exact_trades.csv,calendar_time_risk_proxy_v1,calendar_drop_monday_h9_tp06_sl065,-0.35,-1.4,-2.1,0,0,0,0,1.4,37.90000000000009,9.2199999999998,0.26030368763559036,13.390000000000327,0.8110530246452473,7.3100000000004,7.434000000000128,0.724,1.0,,,9,4,8.0,2024
2024-08-20 09:00:00+00:00|1.0|calendar_drop_monday_h9_tp06_sl065,2024-08-20 09:00:00+00:00,STAGE28A,data/reports/stage28a_discovery_factory_batch_runner/stage28a_exact_trades.csv,calendar_time_risk_proxy_v1,calendar_drop_monday_h9_tp06_sl065,1.0878999999998995,0.0378999999998996,-0.6621000000001,1,0,0,0,0.0378999999998996,23.800000000000182,9.5,0.2642105263157646,27.909999999999854,0.7115729129344404,4.279999999999745,5.118999999999983,0.072,1.0,,,9,1,8.0,2024
2024-08-21 09:00:00+00:00|-1.0|calendar_drop_monday_h9_tp06_sl065,2024-08-21 09:00:00+00:00,STAGE28A,data/reports/stage28a_discovery_factory_batch_runner/stage28a_exact_trades.csv,calendar_time_risk_proxy_v1,calendar_drop_monday_h9_tp06_sl065,-2.14464999999982,-3.1946499999998195,-3.894649999999819,0,0,0,1,3.1946499999998195,34.36999999999989,9.070000000000164,0.2987872105843426,15.009999999999764,0.7854763491006096,3.5100000000002183,6.192000000000076,0.496,-1.0,,,9,2,8.0,2024
2024-08-22 09:00:00+00:00|1.0|calendar_drop_monday_h9_tp06_sl065,2024-08-22 09:00:00+00:00,STAGE28A,data/reports/stage28a_discovery_factory_batch_runner/stage28a_exact_trades.csv,calendar_time_risk_proxy_v1,calendar_drop_monday_h9_tp06_sl065,-2.0673000000002504,-3.11730000000025,-3.81730000000025,0,0,0,1,3.11730000000025,26.590000000000146,14.809999999999945,0.7758271438217609,11.340000000000146,0.4276895943562876,5.580000000000382,6.197000000000003,0.528,1.0,,,9,3,8.0,2024
2024-08-23 09:00:00+00:00|1.0|calendar_drop_monday_h9_tp06_sl065,2024-08-23 09:00:00+00:00,STAGE28A,data/reports/stage28a_discovery_factory_batch_runner/stage28a_exact_trades.csv,calendar_time_risk_proxy_v1,calendar_drop_monday_h9_tp06_sl065,-1.7500999999998386,-2.8000999999998384,-3.500099999999838,0,0,0,0,2.8000999999998384,44.07999999999993,10.150000000000091,0.8068965517241361,11.450000000000273,0.5152838427947157,4.7599999999997635,5.927500000000009,0.38,1.0,,,9,4,8.0,2024
2024-08-23 23:45:00+00:00|1.0|calendar_drop_monday_h9_tp06_sl065,2024-08-23 23:45:00+00:00,STAGE28A,data/reports/stage28a_discovery_factory_batch_runner/stage28a_exact_trades.csv,calendar_time_risk_proxy_v1,calendar_drop_monday_h9_tp06_sl065,-0.35,-1.4,-2.1,0,0,0,0,1.4,44.07999999999993,10.150000000000091,0.8068965517241361,11.450000000000273,0.5152838427947157,4.869999999999891,5.832000000000017,0.396,1.0,,,9,4,8.0,2024
2024-08-27 09:00:00+00:00|1.0|calendar_drop_monday_h9_tp06_sl065,2024-08-27 09:00:00+00:00,STAGE28A,data/reports/stage28a_discovery_factory_batch_runner/stage28a_exact_trades.csv,calendar_time_risk_proxy_v1,calendar_drop_monday_h9_tp06_sl065,-1.910649999999896,-2.960649999999896,-3.660649999999896,0,0,0,0,2.960649999999896,18.050000000000182,11.989999999999782,0.6905754795662966,13.979999999999563,0.006437768240353958,7.190000000000055,4.811000000000012,0.096,1.0,,,9,1,8.0,2024
2024-08-28 09:00:00+00:00|-1.0|calendar_drop_monday_h9_tp06_sl065,2024-08-28 09:00:00+00:00,STAGE28A,data/reports/stage28a_discovery_factory_batch_runner/stage28a_exact_trades.csv,calendar_time_risk_proxy_v1,calendar_drop_monday_h9_tp06_sl065,1.165899999999874,0.1158999999998742,-0.5841000000001255,1,0,0,0,0.1158999999998742,22.4399999999996,15.88000000000011,0.6190176322418047,12.849999999999909,0.4513618677042621,6.190000000000055,5.527000000000044,0.332,-1.0,,,9,2,8.0,2024
2024-08-29 09:00:00+00:00|1.0|calendar_drop_monday_h9_tp06_sl065,2024-08-29 09:00:00+00:00,STAGE28A,data/reports/stage28a_discovery_factory_batch_runner/stage28a_exact_trades.csv,calendar_time_risk_proxy_v1,calendar_drop_monday_h9_tp06_sl065,-1.6776249999998982,-2.727624999999898,-3.427624999999898,0,0,0,0,2.727624999999898,35.45000000000027,12.860000000000127,0.7449455676516199,10.539999999999964,0.5910815939278975,6.129999999999654,5.296499999999992,0.276,1.0,,,9,3,8.0,2024
2024-08-30 09:00:00+00:00|1.0|calendar_drop_monday_h9_tp06_sl065,2024-08-30 09:00:00+00:00,STAGE28A,data/reports/stage28a_discovery_factory_batch_runner/stage28a_exact_trades.csv,calendar_time_risk_proxy_v1,calendar_drop_monday_h9_tp06_sl065,-1.7439249999998538,-2.7939249999998537,-3.4939249999998534,0,0,0,0,2.7939249999998537,25.059999999999945,9.490000000000236,0.7766069546891157,14.860000000000127,0.7301480484522084,3.7800000000002,5.22800000000002,0.264,1.0,,,9,4,8.0,2024
2024-08-30 23:45:00+00:00|1.0|calendar_drop_monday_h9_tp06_sl065,2024-08-30 23:45:00+00:00,STAGE28A,data/reports/stage28a_discovery_factory_batch_runner/stage28a_exact_trades.csv,calendar_time_risk_proxy_v1,calendar_drop_monday_h9_tp06_sl065,-0.35,-1.4,-2.1,0,0,0,0,1.4,25.059999999999945,9.490000000000236,0.7766069546891157,14.860000000000127,0.7301480484522084,5.6599999999998545,6.474500000000035,0.8,1.0,,,9,4,8.0,2024
2024-09-03 09:00:00+00:00|1.0|calendar_drop_monday_h9_tp06_sl065,2024-09-03 09:00:00+00:00,STAGE28A,data/reports/stage28a_discovery_factory_batch_runner/stage28a_exact_trades.csv,calendar_time_risk_proxy_v1,calendar_drop_monday_h9_tp06_sl065,-1.8485750000000736,-2.8985750000000734,-3.598575000000073,0,0,0,0,2.8985750000000734,17.240000000000236,10.08999999999969,0.2775024777007203,13.659999999999854,0.4612005856515223,3.2199999999998,3.45799999999997,0.004,1.0,,,9,1,9.0,2024
2024-09-04 09:00:00+00:00|-1.0|calendar_drop_monday_h9_tp06_sl065,2024-09-04 09:00:00+00:00,STAGE28A,data/reports/stage28a_discovery_factory_batch_runner/stage28a_exact_trades.csv,calendar_time_risk_proxy_v1,calendar_drop_monday_h9_tp06_sl065,-1.505699999999797,-2.555699999999797,-3.2556999999997966,0,0,0,0,2.555699999999797,32.80000000000018,5.679999999999836,0.32922535211266635,24.890000000000327,0.5355564483728488,3.8099999999999454,6.812999999999988,0.904,-1.0,,,9,2,9.0,2024
2024-09-05 09:00:00+00:00|1.0|calendar_drop_monday_h9_tp06_sl065,2024-09-05 09:00:00+00:00,STAGE28A,data/reports/stage28a_discovery_factory_batch_runner/stage28a_exact_trades.csv,calendar_time_risk_proxy_v1,calendar_drop_monday_h9_tp06_sl065,-1.5875999999999295,-2.6375999999999293,-3.337599999999929,0,0,0,0,2.6375999999999293,28.620000000000346,4.880000000000109,0.08811475409832514,23.409999999999854,0.8821016659547296,8.38000000000011,4.761500000000046,0.172,1.0,,,9,3,9.0,2024
2024-09-06 09:00:00+00:00|-1.0|calendar_drop_monday_h9_tp06_sl065,2024-09-06 09:00:00+00:00,STAGE28A,data/reports/stage28a_discovery_factory_batch_runner/stage28a_exact_trades.csv,calendar_time_risk_proxy_v1,calendar_drop_monday_h9_tp06_sl065,-1.335400000000027,-2.385400000000027,-3.0854000000000266,0,0,0,0,2.385400000000027,29.690000000000055,5.369999999999891,0.3873370577281135,6.360000000000127,0.14622641509431095,3.380000000000109,4.252999999999952,0.1,-1.0,,,9,4,9.0,2024
2024-09-06 23:45:00+00:00|1.0|calendar_drop_monday_h9_tp06_sl065,2024-09-06 23:45:00+00:00,STAGE28A,data/reports/stage28a_discovery_factory_batch_runner/stage28a_exact_trades.csv,calendar_time_risk_proxy_v1,calendar_drop_monday_h9_tp06_sl065,-0.35,-1.4,-2.1,0,0,0,0,1.4,29.690000000000055,5.369999999999891,0.3873370577281135,6.360000000000127,0.14622641509431095,6.170000000000073,7.743499999999995,1.0,1.0,,,9,4,9.0,2024
2024-09-10 09:00:00+00:00|-1.0|calendar_drop_monday_h9_tp06_sl065,2024-09-10 09:00:00+00:00,STAGE28A,data/reports/stage28a_discovery_factory_batch_runner/stage28a_exact_trades.csv,calendar_time_risk_proxy_v1,calendar_drop_monday_h9_tp06_sl065,0.5856999999999971,-0.4643000000000028,-1.1643000000000026,0,0,0,0,0.4643000000000028,21.75,6.220000000000255,0.7202572347266616,7.599999999999909,0.4552631578947471,4.1899999999996,4.343499999999972,0.104,-1.0,,,9,1,9.0,2024
2024-09-11 09:00:00+00:00|1.0|calendar_drop_monday_h9_tp06_sl065,2024-09-11 09:00:00+00:00,STAGE28A,data/reports/stage28a_discovery_factory_batch_runner/stage28a_exact_trades.csv,calendar_time_risk_proxy_v1,calendar_drop_monday_h9_tp06_sl065,-1.7253999999998997,-2.7753999999998995,-3.4753999999998992,0,0,0,0,2.7753999999998995,18.289999999999964,7.5300000000002,0.3917662682602576,10.460000000000036,0.35946462715107125,3.149999999999636,4.500500000000057,0.164,1.0,,,9,2,9.0,2024
2024-09-12 09:00:00+00:00|1.0|calendar_drop_monday_h9_tp06_sl065,2024-09-12 09:00:00+00:00,STAGE28A,data/reports/stage28a_discovery_factory_batch_runner/stage28a_exact_trades.csv,calendar_time_risk_proxy_v1,calendar_drop_monday_h9_tp06_sl065,0.5725000000001274,-0.4774999999998726,-1.1774999999998723,0,0,0,0,0.4774999999998726,28.09999999999991,5.139999999999873,0.5992217898832691,7.850000000000364,0.36687898089171667,2.7100000000000364,4.923499999999922,0.384,1.0,,,9,3,9.0,2024
2024-09-13 09:00:00+00:00|1.0|calendar_drop_monday_h9_tp06_sl065,2024-09-13 09:00:00+00:00,STAGE28A,data/reports/stage28a_discovery_factory_batch_runner/stage28a_exact_trades.csv,calendar_time_risk_proxy_v1,calendar_drop_monday_h9_tp06_sl065,0.9931000000000496,-0.0568999999999504,-0.7568999999999502,0,0,0,0,0.0568999999999504,49.059999999999945,13.38000000000011,0.7825112107623104,9.980000000000018,0.0621242484970285,4.350000000000364,7.297500000000059,0.92,1.0,,,9,4,9.0,2024
2024-09-13 23:45:00+00:00|1.0|calendar_drop_monday_h9_tp06_sl065,2024-09-13 23:45:00+00:00,STAGE28A,data/reports/stage28a_discovery_factory_batch_runner/stage28a_exact_trades.csv,calendar_time_risk_proxy_v1,calendar_drop_monday_h9_tp06_sl065,-0.35,-1.4,-2.1,0,0,0,0,1.4,49.059999999999945,13.38000000000011,0.7825112107623104,9.980000000000018,0.0621242484970285,4.289999999999964,5.833499999999981,0.664,1.0,,,9,4,9.0,2024
2024-09-17 09:00:00+00:00|1.0|calendar_drop_monday_h9_tp06_sl065,2024-09-17 09:00:00+00:00,STAGE28A,data/reports/stage28a_discovery_factory_batch_runner/stage28a_exact_trades.csv,calendar_time_risk_proxy_v1,calendar_drop_monday_h9_tp06_sl065,-1.821599999999853,-2.871599999999853,-3.5715999999998527,0,0,0,0,2.871599999999853,14.300000000000182,9.539999999999964,0.6006289308176143,15.289999999999964,0.23806409417919433,5.010000000000218,4.73850000000009,0.32,1.0,,,9,1,9.0,2024
2024-09-18 09:00:00+00:00|-1.0|calendar_drop_monday_h9_tp06_sl065,2024-09-18 09:00:00+00:00,STAGE28A,data/reports/stage28a_discovery_factory_batch_runner/stage28a_exact_trades.csv,calendar_time_risk_proxy_v1,calendar_drop_monday_h9_tp06_sl065,-1.702324999999837,-2.752324999999837,-3.4523249999998367,0,0,0,0,2.752324999999837,26.2199999999998,8.230000000000018,0.6342648845686255,10.759999999999764,0.369888475836441,3.519999999999982,6.204499999999916,0.768,-1.0,,,9,2,9.0,2024
2024-09-19 09:00:00+00:00|1.0|calendar_drop_monday_h9_tp06_sl065,2024-09-19 09:00:00+00:00,STAGE28A,data/reports/stage28a_discovery_factory_batch_runner/stage28a_exact_trades.csv,calendar_time_risk_proxy_v1,calendar_drop_monday_h9_tp06_sl065,-2.3451750000000176,-3.3951750000000174,-4.095175000000017,0,0,0,1,3.3951750000000174,53.19999999999982,15.420000000000073,0.30998702983136983,35.34999999999991,0.7932107496463943,10.66000000000031,9.074000000000023,1.0,1.0,,,9,3,9.0,2024
2024-09-20 09:00:00+00:00|1.0|calendar_drop_monday_h9_tp06_sl065,2024-09-20 09:00:00+00:00,STAGE28A,data/reports/stage28a_discovery_factory_batch_runner/stage28a_exact_trades.csv,calendar_time_risk_proxy_v1,calendar_drop_monday_h9_tp06_sl065,-1.740350000000126,-2.790350000000126,-3.490350000000125,0,0,0,0,2.790350000000126,43.789999999999964,8.75,0.41142857142856104,21.419999999999618,0.6984126984127126,2.7899999999999636,5.507000000000062,0.544,1.0,,,9,4,9.0,2024
2024-09-20 23:45:00+00:00|1.0|calendar_drop_monday_h9_tp06_sl065,2024-09-20 23:45:00+00:00,STAGE28A,data/reports/stage28a_discovery_factory_batch_runner/stage28a_exact_trades.csv,calendar_time_risk_proxy_v1,calendar_drop_monday_h9_tp06_sl065,-0.35,-1.4,-2.1,0,0,0,0,1.4,43.789999999999964,8.75,0.41142857142856104,21.419999999999618,0.6984126984127126,2.630000000000109,6.5069999999999935,0.716,1.0,,,9,4,9.0,2024
2024-09-24 09:00:00+00:00|-1.0|calendar_drop_monday_h9_tp06_sl065,2024-09-24 09:00:00+00:00,STAGE28A,data/reports/stage28a_discovery_factory_batch_runner/stage28a_exact_trades.csv,calendar_time_risk_proxy_v1,calendar_drop_monday_h9_tp06_sl065,1.3992999999999485,0.3492999999999484,-0.3507000000000513,1,0,1,0,0.3492999999999484,21.01000000000022,12.349999999999909,0.5344129554655837,17.549999999999727,0.1908831908832146,14.929999999999836,4.801000000000068,0.284,-1.0,,,9,1,9.0,2024
2024-09-25 09:00:00+00:00|-1.0|calendar_drop_monday_h9_tp06_sl065,2024-09-25 09:00:00+00:00,STAGE28A,data/reports/stage28a_discovery_factory_batch_runner/stage28a_exact_trades.csv,calendar_time_risk_proxy_v1,calendar_drop_monday_h9_tp06_sl065,-2.74850000000024,-3.79850000000024,-4.49850000000024,0,0,0,1,3.79850000000024,41.76999999999998,15.13000000000011,0.15333773959019778,10.159999999999854,0.4498031496063218,5.429999999999836,7.0539999999999505,0.848,-1.0,,,9,2,9.0,2024
2024-09-26 09:00:00+00:00|1.0|calendar_drop_monday_h9_tp06_sl065,2024-09-26 09:00:00+00:00,STAGE28A,data/reports/stage28a_discovery_factory_batch_runner/stage28a_exact_trades.csv,calendar_time_risk_proxy_v1,calendar_drop_monday_h9_tp06_sl065,1.0053999999999177,-0.0446000000000821,-0.7446000000000819,0,0,0,0,0.0446000000000821,20.829999999999927,7.170000000000073,0.6094839609484382,12.570000000000164,0.49721559268098,3.6099999999996726,5.011999999999898,0.272,1.0,,,9,3,9.0,2024
2024-09-27 09:00:00+00:00|-1.0|calendar_drop_monday_h9_tp06_sl065,2024-09-27 09:00:00+00:00,STAGE28A,data/reports/stage28a_discovery_factory_batch_runner/stage28a_exact_trades.csv,calendar_time_risk_proxy_v1,calendar_drop_monday_h9_tp06_sl065,1.1674000000001796,0.1174000000001798,-0.5825999999998199,1,0,0,0,0.1174000000001798,30.809999999999945,7.579999999999927,0.14775725593666247,15.519999999999982,0.6359536082474457,9.0,7.483500000000049,0.88,-1.0,,,9,4,9.0,2024
2024-09-27 23:45:00+00:00|1.0|calendar_drop_monday_h9_tp06_sl065,2024-09-27 23:45:00+00:00,STAGE28A,data/reports/stage28a_discovery_factory_batch_runner/stage28a_exact_trades.csv,calendar_time_risk_proxy_v1,calendar_drop_monday_h9_tp06_sl065,-2.4212250000001405,-3.4712250000001403,-4.17122500000014,0,0,0,1,3.4712250000001403,30.809999999999945,7.579999999999927,0.14775725593666247,15.519999999999982,0.6359536082474457,7.239999999999782,7.094000000000051,0.816,1.0,,,9,4,9.0,2024
2024-10-01 09:00:00+00:00|1.0|calendar_drop_monday_h9_tp06_sl065,2024-10-01 09:00:00+00:00,STAGE28A,data/reports/stage28a_discovery_factory_batch_runner/stage28a_exact_trades.csv,calendar_time_risk_proxy_v1,calendar_drop_monday_h9_tp06_sl065,0.8173000000000684,-0.2326999999999315,-0.9326999999999313,0,0,0,0,0.2326999999999315,41.48000000000002,7.730000000000018,0.3842173350582468,11.840000000000146,0.9045608108108028,4.819999999999709,6.110000000000037,0.456,1.0,,,9,1,10.0,2024
2024-10-02 09:00:00+00:00|-1.0|calendar_drop_monday_h9_tp06_sl065,2024-10-02 09:00:00+00:00,STAGE28A,data/reports/stage28a_discovery_factory_batch_runner/stage28a_exact_trades.csv,calendar_time_risk_proxy_v1,calendar_drop_monday_h9_tp06_sl065,-2.051050000000123,-3.101050000000123,-3.8010500000001226,0,0,0,1,3.101050000000123,41.01000000000022,7.730000000000018,0.862871927554988,12.019999999999982,0.20632279534109998,11.680000000000291,7.150000000000046,0.744,-1.0,,,9,2,10.0,2024
2024-10-03 09:00:00+00:00|-1.0|calendar_drop_monday_h9_tp06_sl065,2024-10-03 09:00:00+00:00,STAGE28A,data/reports/stage28a_discovery_factory_batch_runner/stage28a_exact_trades.csv,calendar_time_risk_proxy_v1,calendar_drop_monday_h9_tp06_sl065,0.9138999999999214,-0.1361000000000785,-0.8361000000000782,0,0,0,0,0.1361000000000785,22.240000000000236,9.679999999999836,0.3615702479338904,16.659999999999854,0.6818727490996535,4.7599999999997635,5.4365000000000006,0.256,-1.0,,,9,3,10.0,2024
2024-10-04 09:00:00+00:00|-1.0|calendar_drop_monday_h9_tp06_sl065,2024-10-04 09:00:00+00:00,STAGE28A,data/reports/stage28a_discovery_factory_batch_runner/stage28a_exact_trades.csv,calendar_time_risk_proxy_v1,calendar_drop_monday_h9_tp06_sl065,0.7404999999997927,-0.3095000000002073,-1.009500000000207,0,0,0,0,0.3095000000002073,25.61999999999989,9.210000000000036,0.5570032573289999,11.019999999999982,0.33212341197820877,3.7799999999997453,5.613999999999942,0.324,-1.0,,,9,4,10.0,2024
2024-10-04 23:45:00+00:00|1.0|calendar_drop_monday_h9_tp06_sl065,2024-10-04 23:45:00+00:00,STAGE28A,data/reports/stage28a_discovery_factory_batch_runner/stage28a_exact_trades.csv,calendar_time_risk_proxy_v1,calendar_drop_monday_h9_tp06_sl065,-0.35,-1.4,-2.1,0,0,0,0,1.4,25.61999999999989,9.210000000000036,0.5570032573289999,11.019999999999982,0.33212341197820877,9.279999999999745,8.370000000000005,1.0,1.0,,,9,4,10.0,2024
2024-10-08 09:00:00+00:00|-1.0|calendar_drop_monday_h9_tp06_sl065,2024-10-08 09:00:00+00:00,STAGE28A,data/reports/stage28a_discovery_factory_batch_runner/stage28a_exact_trades.csv,calendar_time_risk_proxy_v1,calendar_drop_monday_h9_tp06_sl065,1.828899999999885,0.7788999999998851,0.0788999999998854,1,1,1,0,0.7788999999998851,22.019999999999982,15.289999999999964,0.07586657946369244,17.820000000000164,0.08810325476992982,4.839999999999691,7.160999999999899,0.76,-1.0,,,9,1,10.0,2024
2024-10-09 09:00:00+00:00|-1.0|calendar_drop_monday_h9_tp06_sl065,2024-10-09 09:00:00+00:00,STAGE28A,data/reports/stage28a_discovery_factory_batch_runner/stage28a_exact_trades.csv,calendar_time_risk_proxy_v1,calendar_drop_monday_h9_tp06_sl065,-2.187225000000217,-3.2372250000002167,-3.937225000000217,0,0,0,1,3.2372250000002167,48.34999999999991,9.390000000000327,0.5175718849840211,15.210000000000036,0.05588428665351131,8.690000000000055,7.423500000000013,0.812,-1.0,,,9,2,10.0,2024
2024-10-10 09:00:00+00:00|1.0|calendar_drop_monday_h9_tp06_sl065,2024-10-10 09:00:00+00:00,STAGE28A,data/reports/stage28a_discovery_factory_batch_runner/stage28a_exact_trades.csv,calendar_time_risk_proxy_v1,calendar_drop_monday_h9_tp06_sl065,-1.860925000000043,-2.910925000000043,-3.6109250000000426,0,0,0,0,2.910925000000043,19.230000000000018,10.960000000000036,0.2636861313868903,8.2199999999998,0.6630170316301643,2.9700000000002547,5.227000000000021,0.108,1.0,,,9,3,10.0,2024
2024-10-11 09:00:00+00:00|-1.0|calendar_drop_monday_h9_tp06_sl065,2024-10-11 09:00:00+00:00,STAGE28A,data/reports/stage28a_discovery_factory_batch_runner/stage28a_exact_trades.csv,calendar_time_risk_proxy_v1,calendar_drop_monday_h9_tp06_sl065,-1.8482500000000983,-2.898250000000098,-3.598250000000098,0,0,0,0,2.898250000000098,25.800000000000182,17.980000000000018,0.9566184649610567,10.989999999999782,0.6960873521383296,2.8400000000001455,6.532500000000004,0.464,-1.0,,,9,4,10.0,2024
2024-10-11 23:45:00+00:00|1.0|calendar_drop_monday_h9_tp06_sl065,2024-10-11 23:45:00+00:00,STAGE28A,data/reports/stage28a_discovery_factory_batch_runner/stage28a_exact_trades.csv,calendar_time_risk_proxy_v1,calendar_drop_monday_h9_tp06_sl065,-0.35,-1.4,-2.1,0,0,0,0,1.4,25.800000000000182,17.980000000000018,0.9566184649610567,10.989999999999782,0.6960873521383296,3.630000000000109,5.878999999999905,0.284,1.0,,,9,4,10.0,2024
2024-10-15 09:00:00+00:00|1.0|calendar_drop_monday_h9_tp06_sl065,2024-10-15 09:00:00+00:00,STAGE28A,data/reports/stage28a_discovery_factory_batch_runner/stage28a_exact_trades.csv,calendar_time_risk_proxy_v1,calendar_drop_monday_h9_tp06_sl065,-2.137174999999934,-3.1871749999999337,-3.887174999999933,0,0,0,1,3.1871749999999337,23.659999999999854,8.349999999999909,0.5185628742514939,17.829999999999927,0.448121144139081,6.289999999999964,5.220000000000004,0.084,1.0,,,9,1,10.0,2024
2024-10-16 09:00:00+00:00|1.0|calendar_drop_monday_h9_tp06_sl065,2024-10-16 09:00:00+00:00,STAGE28A,data/reports/stage28a_discovery_factory_batch_runner/stage28a_exact_trades.csv,calendar_time_risk_proxy_v1,calendar_drop_monday_h9_tp06_sl065,-2.102074999999877,-3.152074999999877,-3.8520749999998767,0,0,0,1,3.152074999999877,31.110000000000127,11.359999999999673,0.4383802816901551,17.08999999999969,0.7577530719719431,4.4699999999998,5.555999999999995,0.212,1.0,,,9,2,10.0,2024
2024-10-17 09:00:00+00:00|1.0|calendar_drop_monday_h9_tp06_sl065,2024-10-17 09:00:00+00:00,STAGE28A,data/reports/stage28a_discovery_factory_batch_runner/stage28a_exact_trades.csv,calendar_time_risk_proxy_v1,calendar_drop_monday_h9_tp06_sl065,1.3641999999998915,0.3141999999998917,-0.385800000000108,1,0,1,0,0.3141999999998917,26.559999999999945,11.63000000000011,0.2579535683576932,9.230000000000018,0.2979414951245931,6.2800000000002,5.429999999999995,0.188,1.0,,,9,3,10.0,2024
2024-10-18 09:00:00+00:00|-1.0|calendar_drop_monday_h9_tp06_sl065,2024-10-18 09:00:00+00:00,STAGE28A,data/reports/stage28a_discovery_factory_batch_runner/stage28a_exact_trades.csv,calendar_time_risk_proxy_v1,calendar_drop_monday_h9_tp06_sl065,-2.2980499999999666,-3.3480499999999664,-4.048049999999966,0,0,0,1,3.3480499999999664,23.579999999999927,20.360000000000127,0.849214145383097,12.329999999999927,0.11678832116788833,4.0,6.153499999999985,0.556,-1.0,,,9,4,10.0,2024
2024-10-18 23:45:00+00:00|1.0|calendar_drop_monday_h9_tp06_sl065,2024-10-18 23:45:00+00:00,STAGE28A,data/reports/stage28a_discovery_factory_batch_runner/stage28a_exact_trades.csv,calendar_time_risk_proxy_v1,calendar_drop_monday_h9_tp06_sl065,-0.35,-1.4,-2.1,0,0,0,0,1.4,23.579999999999927,20.360000000000127,0.849214145383097,12.329999999999927,0.11678832116788833,2.449999999999818,6.2260000000000675,0.608,1.0,,,9,4,10.0,2024
2024-10-22 09:00:00+00:00|1.0|calendar_drop_monday_h9_tp06_sl065,2024-10-22 09:00:00+00:00,STAGE28A,data/reports/stage28a_discovery_factory_batch_runner/stage28a_exact_trades.csv,calendar_time_risk_proxy_v1,calendar_drop_monday_h9_tp06_sl065,-1.9057749999998124,-2.955774999999812,-3.655774999999812,0,0,0,0,2.955774999999812,26.529999999999745,14.860000000000127,0.6917900403768581,9.539999999999964,0.06918238993709193,6.110000000000127,5.894500000000039,0.46,1.0,,,9,1,10.0,2024
2024-10-23 09:00:00+00:00|1.0|calendar_drop_monday_h9_tp06_sl065,2024-10-23 09:00:00+00:00,STAGE28A,data/reports/stage28a_discovery_factory_batch_runner/stage28a_exact_trades.csv,calendar_time_risk_proxy_v1,calendar_drop_monday_h9_tp06_sl065,-1.952574999999888,-3.002574999999888,-3.702574999999888,0,0,0,0,3.002574999999888,30.76000000000022,10.180000000000291,0.1237721021611181,13.070000000000164,0.3458301453710731,4.379999999999654,5.548000000000002,0.332,1.0,,,9,2,10.0,2024
2024-10-24 09:00:00+00:00|1.0|calendar_drop_monday_h9_tp06_sl065,2024-10-24 09:00:00+00:00,STAGE28A,data/reports/stage28a_discovery_factory_batch_runner/stage28a_exact_trades.csv,calendar_time_risk_proxy_v1,calendar_drop_monday_h9_tp06_sl065,-1.8875749999998332,-2.9375749999998333,-3.637574999999833,0,0,0,0,2.9375749999998333,49.92000000000007,12.279999999999745,0.39576547231272213,16.420000000000073,0.8361753958587063,3.9400000000000546,6.275000000000046,0.792,1.0,,,9,3,10.0,2024
2024-10-25 09:00:00+00:00|-1.0|calendar_drop_monday_h9_tp06_sl065,2024-10-25 09:00:00+00:00,STAGE28A,data/reports/stage28a_discovery_factory_batch_runner/stage28a_exact_trades.csv,calendar_time_risk_proxy_v1,calendar_drop_monday_h9_tp06_sl065,-1.901224999999704,-2.951224999999704,-3.651224999999704,0,0,0,0,2.951224999999704,29.029999999999745,11.730000000000018,0.7357203751065725,15.730000000000018,0.3146853146853317,3.799999999999727,5.108500000000004,0.128,-1.0,,,9,4,10.0,2024
2024-10-25 23:45:00+00:00|1.0|calendar_drop_monday_h9_tp06_sl065,2024-10-25 23:45:00+00:00,STAGE28A,data/reports/stage28a_discovery_factory_batch_runner/stage28a_exact_trades.csv,calendar_time_risk_proxy_v1,calendar_drop_monday_h9_tp06_sl065,-0.35,-1.4,-2.1,0,0,0,0,1.4,29.029999999999745,11.730000000000018,0.7357203751065725,15.730000000000018,0.3146853146853317,4.099999999999909,5.9585000000000035,0.632,1.0,,,9,4,10.0,2024
2024-10-29 09:00:00+00:00|-1.0|calendar_drop_monday_h9_tp06_sl065,2024-10-29 09:00:00+00:00,STAGE28A,data/reports/stage28a_discovery_factory_batch_runner/stage28a_exact_trades.csv,calendar_time_risk_proxy_v1,calendar_drop_monday_h9_tp06_sl065,-2.203474999999889,-3.2534749999998893,-3.953474999999889,0,0,0,1,3.2534749999998893,21.190000000000055,18.070000000000164,0.8096292197011609,10.590000000000146,0.47969782813974104,7.579999999999927,4.893000000000006,0.088,-1.0,,,9,1,10.0,2024
2024-10-30 09:00:00+00:00|1.0|calendar_drop_monday_h9_tp06_sl065,2024-10-30 09:00:00+00:00,STAGE28A,data/reports/stage28a_discovery_factory_batch_runner/stage28a_exact_trades.csv,calendar_time_risk_proxy_v1,calendar_drop_monday_h9_tp06_sl065,1.0738000000000285,0.0238000000000284,-0.6761999999999713,1,0,0,0,0.0238000000000284,35.41000000000031,9.389999999999873,0.7518636847710374,11.7800000000002,0.0008488964346534898,8.580000000000382,5.885499999999979,0.572,1.0,,,9,2,10.0,2024
2024-10-31 09:00:00+00:00|-1.0|calendar_drop_monday_h9_tp06_sl065,2024-10-31 09:00:00+00:00,STAGE28A,data/reports/stage28a_discovery_factory_batch_runner/stage28a_exact_trades.csv,calendar_time_risk_proxy_v1,calendar_drop_monday_h9_tp06_sl065,1.1352999999998246,0.0852999999998247,-0.614700000000175,1,0,0,0,0.0852999999998247,19.139999999999873,8.029999999999745,0.2889165628891952,13.509999999999764,0.2672094744633409,6.380000000000109,5.524999999999977,0.368,-1.0,,,9,3,10.0,2024
2024-11-01 09:00:00+00:00|-1.0|calendar_drop_monday_h9_tp06_sl065,2024-11-01 09:00:00+00:00,STAGE28A,data/reports/stage28a_discovery_factory_batch_runner/stage28a_exact_trades.csv,calendar_time_risk_proxy_v1,calendar_drop_monday_h9_tp06_sl065,-1.761149999999907,-2.811149999999907,-3.5111499999999065,0,0,0,0,2.811149999999907,58.65000000000009,9.6899999999996,0.9195046439629182,12.86999999999989,0.20512820512819696,6.399999999999636,6.697499999999968,0.908,-1.0,,,9,4,11.0,2024
2024-11-01 22:45:00+00:00|1.0|calendar_drop_monday_h9_tp06_sl065,2024-11-01 22:45:00+00:00,STAGE28A,data/reports/stage28a_discovery_factory_batch_runner/stage28a_exact_trades.csv,calendar_time_risk_proxy_v1,calendar_drop_monday_h9_tp06_sl065,-0.35,-1.4,-2.1,0,0,0,0,1.4,58.65000000000009,9.6899999999996,0.9195046439629182,12.86999999999989,0.20512820512819696,3.880000000000109,6.580500000000006,0.872,1.0,,,9,4,11.0,2024
2024-11-05 09:00:00+00:00|1.0|calendar_drop_monday_h9_tp06_sl065,2024-11-05 09:00:00+00:00,STAGE28A,data/reports/stage28a_discovery_factory_batch_runner/stage28a_exact_trades.csv,calendar_time_risk_proxy_v1,calendar_drop_monday_h9_tp06_sl065,-2.213875000000008,-3.263875000000007,-3.963875000000007,0,0,0,1,3.263875000000007,18.789999999999964,13.260000000000218,0.12141779788835944,13.2800000000002,0.2567771084337201,7.230000000000018,5.1975000000000815,0.172,1.0,,,9,1,11.0,2024
2024-11-06 09:00:00+00:00|-1.0|calendar_drop_monday_h9_tp06_sl065,2024-11-06 09:00:00+00:00,STAGE28A,data/reports/stage28a_discovery_factory_batch_runner/stage28a_exact_trades.csv,calendar_time_risk_proxy_v1,calendar_drop_monday_h9_tp06_sl065,4.418799999999829,3.3687999999998284,2.6687999999998286,1,1,1,0,3.3687999999998284,25.340000000000146,18.98999999999978,0.20326487625066728,42.35999999999967,0.5153446647780948,38.0,9.56299999999992,1.0,-1.0,,,9,2,11.0,2024
2024-11-07 09:00:00+00:00|1.0|calendar_drop_monday_h9_tp06_sl065,2024-11-07 09:00:00+00:00,STAGE28A,data/reports/stage28a_discovery_factory_batch_runner/stage28a_exact_trades.csv,calendar_time_risk_proxy_v1,calendar_drop_monday_h9_tp06_sl065,-2.5587000000001354,-3.6087000000001352,-4.308700000000135,0,0,0,1,3.6087000000001352,97.4399999999996,20.88000000000011,0.45545977011492883,15.579999999999927,0.7676508344030868,6.710000000000036,11.191500000000065,0.924,1.0,,,9,3,11.0,2024
2024-11-08 09:00:00+00:00|-1.0|calendar_drop_monday_h9_tp06_sl065,2024-11-08 09:00:00+00:00,STAGE28A,data/reports/stage28a_discovery_factory_batch_runner/stage28a_exact_trades.csv,calendar_time_risk_proxy_v1,calendar_drop_monday_h9_tp06_sl065,-2.231750000000011,-3.281750000000011,-3.9817500000000106,0,0,0,1,3.281750000000011,66.90999999999985,17.09999999999991,0.7777777777777659,16.240000000000236,0.3232758620689608,9.909999999999854,7.611999999999966,0.808,-1.0,,,9,4,11.0,2024
2024-11-08 23:45:00+00:00|1.0|calendar_drop_monday_h9_tp06_sl065,2024-11-08 23:45:00+00:00,STAGE28A,data/reports/stage28a_discovery_factory_batch_runner/stage28a_exact_trades.csv,calendar_time_risk_proxy_v1,calendar_drop_monday_h9_tp06_sl065,-0.35,-1.4,-2.1,0,0,0,0,1.4,66.90999999999985,17.09999999999991,0.7777777777777659,16.240000000000236,0.3232758620689608,3.630000000000109,7.134500000000048,0.708,1.0,,,9,4,11.0,2024
2024-11-12 09:00:00+00:00|-1.0|calendar_drop_monday_h9_tp06_sl065,2024-11-12 09:00:00+00:00,STAGE28A,data/reports/stage28a_discovery_factory_batch_runner/stage28a_exact_trades.csv,calendar_time_risk_proxy_v1,calendar_drop_monday_h9_tp06_sl065,1.778200000000106,0.7282000000001063,0.0282000000001065,1,1,1,0,0.7282000000001063,75.67999999999984,11.579999999999927,0.5397236614853229,28.460000000000036,0.7350667603654267,6.699999999999818,7.711499999999956,0.736,-1.0,,,9,1,11.0,2024
2024-11-13 09:00:00+00:00|1.0|calendar_drop_monday_h9_tp06_sl065,2024-11-13 09:00:00+00:00,STAGE28A,data/reports/stage28a_discovery_factory_batch_runner/stage28a_exact_trades.csv,calendar_time_risk_proxy_v1,calendar_drop_monday_h9_tp06_sl065,1.4452000000000225,0.3952000000000226,-0.3047999999999771,1,0,1,0,0.3952000000000226,37.48000000000002,15.940000000000055,0.4567126725219398,10.599999999999909,0.2584905660377604,3.230000000000018,6.500000000000045,0.344,1.0,,,9,2,11.0,2024
2024-11-14 09:00:00+00:00|-1.0|calendar_drop_monday_h9_tp06_sl065,2024-11-14 09:00:00+00:00,STAGE28A,data/reports/stage28a_discovery_factory_batch_runner/stage28a_exact_trades.csv,calendar_time_risk_proxy_v1,calendar_drop_monday_h9_tp06_sl065,-2.489799999999923,-3.539799999999923,-4.2397999999999225,0,0,0,1,3.539799999999923,48.070000000000164,22.389999999999873,0.25949084412684137,28.460000000000036,0.6398453970484895,8.639999999999873,8.621499999999992,0.88,-1.0,,,9,3,11.0,2024
2024-11-15 09:00:00+00:00|-1.0|calendar_drop_monday_h9_tp06_sl065,2024-11-15 09:00:00+00:00,STAGE28A,data/reports/stage28a_discovery_factory_batch_runner/stage28a_exact_trades.csv,calendar_time_risk_proxy_v1,calendar_drop_monday_h9_tp06_sl065,1.1968000000000756,0.1468000000000757,-0.553199999999924,1,0,0,0,0.1468000000000757,44.54999999999973,8.599999999999909,0.02325581395346747,15.809999999999945,0.039848197343460554,9.0300000000002,7.1509999999999305,0.444,-1.0,,,9,4,11.0,2024
2024-11-15 23:45:00+00:00|1.0|calendar_drop_monday_h9_tp06_sl065,2024-11-15 23:45:00+00:00,STAGE28A,data/reports/stage28a_discovery_factory_batch_runner/stage28a_exact_trades.csv,calendar_time_risk_proxy_v1,calendar_drop_monday_h9_tp06_sl065,-0.35,-1.4,-2.1,0,0,0,0,1.4,44.54999999999973,8.599999999999909,0.02325581395346747,15.809999999999945,0.039848197343460554,3.9899999999997817,7.276999999999953,0.488,1.0,,,9,4,11.0,2024
2024-11-19 09:00:00+00:00|1.0|calendar_drop_monday_h9_tp06_sl065,2024-11-19 09:00:00+00:00,STAGE28A,data/reports/stage28a_discovery_factory_batch_runner/stage28a_exact_trades.csv,calendar_time_risk_proxy_v1,calendar_drop_monday_h9_tp06_sl065,1.2976000000002386,0.2476000000002387,-0.452399999999761,1,0,1,0,0.2476000000002387,52.84999999999991,15.36999999999989,0.6649316851008671,18.710000000000036,0.659005879208974,5.190000000000055,5.09950000000008,0.008,1.0,,,9,1,11.0,2024
2024-11-20 09:00:00+00:00|-1.0|calendar_drop_monday_h9_tp06_sl065,2024-11-20 09:00:00+00:00,STAGE28A,data/reports/stage28a_discovery_factory_batch_runner/stage28a_exact_trades.csv,calendar_time_risk_proxy_v1,calendar_drop_monday_h9_tp06_sl065,1.0032999999997627,-0.0467000000002371,-0.7467000000002368,0,0,0,0,0.0467000000002371,29.179999999999836,10.159999999999854,0.14763779527559268,19.740000000000236,0.5916919959472997,8.420000000000073,5.8315000000000285,0.076,-1.0,,,9,2,11.0,2024
2024-11-21 09:00:00+00:00|1.0|calendar_drop_monday_h9_tp06_sl065,2024-11-21 09:00:00+00:00,STAGE28A,data/reports/stage28a_discovery_factory_batch_runner/stage28a_exact_trades.csv,calendar_time_risk_proxy_v1,calendar_drop_monday_h9_tp06_sl065,0.968199999999706,-0.0818000000002938,-0.7818000000002936,0,0,0,0,0.0818000000002938,36.64000000000033,11.610000000000127,0.41860465116279705,17.059999999999945,0.759671746776089,5.649999999999636,6.037999999999966,0.188,1.0,,,9,3,11.0,2024
2024-11-22 09:00:00+00:00|1.0|calendar_drop_monday_h9_tp06_sl065,2024-11-22 09:00:00+00:00,STAGE28A,data/reports/stage28a_discovery_factory_batch_runner/stage28a_exact_trades.csv,calendar_time_risk_proxy_v1,calendar_drop_monday_h9_tp06_sl065,1.7560000000002218,0.706000000000222,0.0060000000002222,1,1,1,0,0.706000000000222,24.63000000000011,24.070000000000164,0.8109680099709308,25.440000000000055,0.7425314465408739,7.329999999999927,6.574499999999989,0.372,1.0,,,9,4,11.0,2024
2024-11-22 23:45:00+00:00|1.0|calendar_drop_monday_h9_tp06_sl065,2024-11-22 23:45:00+00:00,STAGE28A,data/reports/stage28a_discovery_factory_batch_runner/stage28a_exact_trades.csv,calendar_time_risk_proxy_v1,calendar_drop_monday_h9_tp06_sl065,-2.0270000000001347,-3.0770000000001345,-3.7770000000001342,0,0,0,1,3.0770000000001345,24.63000000000011,24.070000000000164,0.8109680099709308,25.440000000000055,0.7425314465408739,3.730000000000018,8.074500000000011,0.8,1.0,,,9,4,11.0,2024
2024-11-26 09:00:00+00:00|-1.0|calendar_drop_monday_h9_tp06_sl065,2024-11-26 09:00:00+00:00,STAGE28A,data/reports/stage28a_discovery_factory_batch_runner/stage28a_exact_trades.csv,calendar_time_risk_proxy_v1,calendar_drop_monday_h9_tp06_sl065,1.546900000000187,0.4969000000001871,-0.2030999999998126,1,0,1,0,0.4969000000001871,111.38000000000011,27.059999999999945,0.588322246858836,22.259999999999764,0.22192273135669843,4.860000000000127,12.17100000000005,0.936,-1.0,,,9,1,11.0,2024
2024-11-27 09:00:00+00:00|1.0|calendar_drop_monday_h9_tp06_sl065,2024-11-27 09:00:00+00:00,STAGE28A,data/reports/stage28a_discovery_factory_batch_runner/stage28a_exact_trades.csv,calendar_time_risk_proxy_v1,calendar_drop_monday_h9_tp06_sl065,-2.3266500000000634,-3.376650000000063,-4.076650000000063,0,0,0,1,3.376650000000063,36.76999999999998,13.510000000000218,0.4885270170244117,15.690000000000055,0.6201402166985331,8.989999999999782,7.133500000000026,0.464,1.0,,,9,2,11.0,2024
2024-11-28 09:00:00+00:00|1.0|calendar_drop_monday_h9_tp06_sl065,2024-11-28 09:00:00+00:00,STAGE28A,data/reports/stage28a_discovery_factory_batch_runner/stage28a_exact_trades.csv,calendar_time_risk_proxy_v1,calendar_drop_monday_h9_tp06_sl065,-2.220374999999968,-3.270374999999967,-3.970374999999967,0,0,0,1,3.270374999999967,31.329999999999927,17.48999999999978,0.33390508862208224,19.41000000000031,0.8377125193199126,7.730000000000018,6.691999999999939,0.404,1.0,,,9,3,11.0,2024
2024-11-29 09:00:00+00:00|1.0|calendar_drop_monday_h9_tp06_sl065,2024-11-29 09:00:00+00:00,STAGE28A,data/reports/stage28a_discovery_factory_batch_runner/stage28a_exact_trades.csv,calendar_time_risk_proxy_v1,calendar_drop_monday_h9_tp06_sl065,1.659399999999914,0.6093999999999142,-0.0906000000000855,1,0,1,0,0.6093999999999142,28.65000000000009,30.29000000000042,0.6956091119181206,11.809999999999945,0.2464013547840701,4.670000000000073,5.418000000000052,0.08,1.0,,,9,4,11.0,2024
2024-11-29 21:30:00+00:00|1.0|calendar_drop_monday_h9_tp06_sl065,2024-11-29 21:30:00+00:00,STAGE28A,data/reports/stage28a_discovery_factory_batch_runner/stage28a_exact_trades.csv,calendar_time_risk_proxy_v1,calendar_drop_monday_h9_tp06_sl065,-0.35,-1.4,-2.1,0,0,0,0,1.4,28.65000000000009,30.29000000000042,0.6956091119181206,11.809999999999945,0.2464013547840701,8.920000000000073,7.049000000000047,0.616,1.0,,,9,4,11.0,2024
2024-12-03 09:00:00+00:00|1.0|calendar_drop_monday_h9_tp06_sl065,2024-12-03 09:00:00+00:00,STAGE28A,data/reports/stage28a_discovery_factory_batch_runner/stage28a_exact_trades.csv,calendar_time_risk_proxy_v1,calendar_drop_monday_h9_tp06_sl065,-2.025374999999804,-3.0753749999998035,-3.775374999999803,0,0,0,1,3.0753749999998035,30.550000000000182,11.13000000000011,0.21024258760104833,12.860000000000127,0.21228615863141456,8.769999999999982,6.401499999999942,0.412,1.0,,,9,1,12.0,2024
2024-12-04 09:00:00+00:00|-1.0|calendar_drop_monday_h9_tp06_sl065,2024-12-04 09:00:00+00:00,STAGE28A,data/reports/stage28a_discovery_factory_batch_runner/stage28a_exact_trades.csv,calendar_time_risk_proxy_v1,calendar_drop_monday_h9_tp06_sl065,-1.8417500000001383,-2.891750000000138,-3.591750000000138,0,0,0,0,2.891750000000138,21.43000000000029,10.960000000000036,0.5136861313868696,14.930000000000291,0.282652377762905,3.950000000000273,5.86850000000004,0.216,-1.0,,,9,2,12.0,2024
2024-12-05 09:00:00+00:00|-1.0|calendar_drop_monday_h9_tp06_sl065,2024-12-05 09:00:00+00:00,STAGE28A,data/reports/stage28a_discovery_factory_batch_runner/stage28a_exact_trades.csv,calendar_time_risk_proxy_v1,calendar_drop_monday_h9_tp06_sl065,1.20580000000009,0.1558000000000903,-0.5441999999999094,1,0,1,0,0.1558000000000903,24.800000000000182,6.940000000000055,0.5821325648414888,13.88000000000011,0.17939481268009813,7.529999999999745,6.2309999999999715,0.372,-1.0,,,9,3,12.0,2024
2024-12-06 09:00:00+00:00|-1.0|calendar_drop_monday_h9_tp06_sl065,2024-12-06 09:00:00+00:00,STAGE28A,data/reports/stage28a_discovery_factory_batch_runner/stage28a_exact_trades.csv,calendar_time_risk_proxy_v1,calendar_drop_monday_h9_tp06_sl065,1.7530000000000654,0.7030000000000656,0.0030000000000658,1,1,1,0,0.7030000000000656,32.26999999999998,32.11999999999989,0.2624533001245288,12.33999999999969,0.6345218800648398,6.010000000000218,7.6805000000000065,0.668,-1.0,,,9,4,12.0,2024
2024-12-06 23:45:00+00:00|1.0|calendar_drop_monday_h9_tp06_sl065,2024-12-06 23:45:00+00:00,STAGE28A,data/reports/stage28a_discovery_factory_batch_runner/stage28a_exact_trades.csv,calendar_time_risk_proxy_v1,calendar_drop_monday_h9_tp06_sl065,-0.35,-1.4,-2.1,0,0,0,0,1.4,32.26999999999998,32.11999999999989,0.2624533001245288,12.33999999999969,0.6345218800648398,4.8400000000001455,8.058999999999992,0.712,1.0,,,9,4,12.0,2024
2024-12-10 09:00:00+00:00|-1.0|calendar_drop_monday_h9_tp06_sl065,2024-12-10 09:00:00+00:00,STAGE28A,data/reports/stage28a_discovery_factory_batch_runner/stage28a_exact_trades.csv,calendar_time_risk_proxy_v1,calendar_drop_monday_h9_tp06_sl065,1.353399999999874,0.3033999999998742,-0.3966000000001255,1,0,1,0,0.3033999999998742,48.84999999999991,15.91000000000031,0.6140791954745598,15.539999999999964,0.3301158301158379,5.190000000000055,5.983500000000004,0.24,-1.0,,,9,1,12.0,2024
2024-12-11 09:00:00+00:00|1.0|calendar_drop_monday_h9_tp06_sl065,2024-12-11 09:00:00+00:00,STAGE28A,data/reports/stage28a_discovery_factory_batch_runner/stage28a_exact_trades.csv,calendar_time_risk_proxy_v1,calendar_drop_monday_h9_tp06_sl065,3.0183999999998377,1.9683999999998376,1.268399999999838,1,1,1,0,1.9683999999998376,38.01999999999998,21.779999999999745,0.5335169880624439,25.350000000000364,0.3932938856015823,11.579999999999927,7.65600000000004,0.756,1.0,,,9,2,12.0,2024
2024-12-12 09:00:00+00:00|1.0|calendar_drop_monday_h9_tp06_sl065,2024-12-12 09:00:00+00:00,STAGE28A,data/reports/stage28a_discovery_factory_batch_runner/stage28a_exact_trades.csv,calendar_time_risk_proxy_v1,calendar_drop_monday_h9_tp06_sl065,-2.088749999999982,-3.1387499999999817,-3.8387499999999815,0,0,0,1,3.1387499999999817,46.590000000000146,26.139999999999873,0.2895944912012319,10.640000000000327,0.09586466165413068,8.540000000000418,7.4284999999999854,0.676,1.0,,,9,3,12.0,2024
2024-12-13 09:00:00+00:00|-1.0|calendar_drop_monday_h9_tp06_sl065,2024-12-13 09:00:00+00:00,STAGE28A,data/reports/stage28a_discovery_factory_batch_runner/stage28a_exact_trades.csv,calendar_time_risk_proxy_v1,calendar_drop_monday_h9_tp06_sl065,-2.1527750000001107,-3.2027750000001105,-3.9027750000001102,0,0,0,1,3.2027750000001105,51.2199999999998,13.740000000000236,0.4832605531295312,25.5,0.8109803921568741,7.230000000000018,6.776000000000044,0.532,-1.0,,,9,4,12.0,2024
2024-12-13 23:45:00+00:00|1.0|calendar_drop_monday_h9_tp06_sl065,2024-12-13 23:45:00+00:00,STAGE28A,data/reports/stage28a_discovery_factory_batch_runner/stage28a_exact_trades.csv,calendar_time_risk_proxy_v1,calendar_drop_monday_h9_tp06_sl065,-0.35,-1.4,-2.1,0,0,0,0,1.4,51.2199999999998,13.740000000000236,0.4832605531295312,25.5,0.8109803921568741,7.0,6.908500000000049,0.536,1.0,,,9,4,12.0,2024
2024-12-17 09:00:00+00:00|-1.0|calendar_drop_monday_h9_tp06_sl065,2024-12-17 09:00:00+00:00,STAGE28A,data/reports/stage28a_discovery_factory_batch_runner/stage28a_exact_trades.csv,calendar_time_risk_proxy_v1,calendar_drop_monday_h9_tp06_sl065,1.2279999999999744,0.1779999999999746,-0.5220000000000251,1,0,1,0,0.1779999999999746,20.75,7.650000000000091,0.006535947712442001,19.0300000000002,0.7157120336311195,8.190000000000055,4.888999999999987,0.04,-1.0,,,9,1,12.0,2024
2024-12-18 09:00:00+00:00|1.0|calendar_drop_monday_h9_tp06_sl065,2024-12-18 09:00:00+00:00,STAGE28A,data/reports/stage28a_discovery_factory_batch_runner/stage28a_exact_trades.csv,calendar_time_risk_proxy_v1,calendar_drop_monday_h9_tp06_sl065,-1.6789249999997993,-2.728924999999799,-3.428924999999799,0,0,0,0,2.728924999999799,25.659999999999854,9.079999999999927,0.2444933920704645,7.559999999999945,0.42857142857146296,3.450000000000273,5.075999999999999,0.06,1.0,,,9,2,12.0,2024
2024-12-19 09:00:00+00:00|1.0|calendar_drop_monday_h9_tp06_sl065,2024-12-19 09:00:00+00:00,STAGE28A,data/reports/stage28a_discovery_factory_batch_runner/stage28a_exact_trades.csv,calendar_time_risk_proxy_v1,calendar_drop_monday_h9_tp06_sl065,-2.6058250000001864,-3.655825000000186,-4.355825000000186,0,0,0,1,3.655825000000186,68.09999999999991,35.460000000000036,0.5930626057529661,23.2800000000002,0.4463058419243893,10.849999999999909,9.716000000000054,1.0,1.0,,,9,3,12.0,2024
2024-12-20 09:00:00+00:00|1.0|calendar_drop_monday_h9_tp06_sl065,2024-12-20 09:00:00+00:00,STAGE28A,data/reports/stage28a_discovery_factory_batch_runner/stage28a_exact_trades.csv,calendar_time_risk_proxy_v1,calendar_drop_monday_h9_tp06_sl065,-1.9821499999999104,-3.0321499999999104,-3.73214999999991,0,0,0,0,3.0321499999999104,43.99000000000024,14.320000000000164,0.3058659217877136,11.180000000000291,0.5661896243291786,6.420000000000073,6.6704999999999925,0.424,1.0,,,9,4,12.0,2024
2024-12-20 23:45:00+00:00|1.0|calendar_drop_monday_h9_tp06_sl065,2024-12-20 23:45:00+00:00,STAGE28A,data/reports/stage28a_discovery_factory_batch_runner/stage28a_exact_trades.csv,calendar_time_risk_proxy_v1,calendar_drop_monday_h9_tp06_sl065,-0.35,-1.4,-2.1,0,0,0,0,1.4,43.99000000000024,14.320000000000164,0.3058659217877136,11.180000000000291,0.5661896243291786,5.920000000000073,6.560500000000093,0.452,1.0,,,9,4,12.0,2024
2024-12-24 09:00:00+00:00|-1.0|calendar_drop_monday_h9_tp06_sl065,2024-12-24 09:00:00+00:00,STAGE28A,data/reports/stage28a_discovery_factory_batch_runner/stage28a_exact_trades.csv,calendar_time_risk_proxy_v1,calendar_drop_monday_h9_tp06_sl065,-1.5469749999998386,-2.5969749999998384,-3.296974999999838,0,0,0,0,2.5969749999998384,25.279999999999745,8.889999999999873,0.5129358830146243,8.309999999999945,0.5571600481347941,3.3899999999998727,4.464499999999975,0.032,-1.0,,,9,1,12.0,2024
2024-12-24 19:45:00+00:00|1.0|calendar_drop_monday_h9_tp06_sl065,2024-12-24 19:45:00+00:00,STAGE28A,data/reports/stage28a_discovery_factory_batch_runner/stage28a_exact_trades.csv,calendar_time_risk_proxy_v1,calendar_drop_monday_h9_tp06_sl065,-0.35,-1.4,-2.1,0,0,0,0,1.4,25.279999999999745,8.889999999999873,0.5129358830146243,8.309999999999945,0.5571600481347941,6.190000000000055,3.966999999999962,0.024,1.0,,,9,1,12.0,2024
2024-12-26 09:00:00+00:00|1.0|calendar_drop_monday_h9_tp06_sl065,2024-12-26 09:00:00+00:00,STAGE28A,data/reports/stage28a_discovery_factory_batch_runner/stage28a_exact_trades.csv,calendar_time_risk_proxy_v1,calendar_drop_monday_h9_tp06_sl065,-1.563224999999966,-2.6132249999999657,-3.313224999999965,0,0,0,0,2.6132249999999657,7.519999999999982,16.299999999999727,0.5539877300613713,6.049999999999727,0.2264462809917277,2.849999999999909,4.491999999999985,0.096,1.0,,,9,3,12.0,2024
2024-12-27 09:00:00+00:00|-1.0|calendar_drop_monday_h9_tp06_sl065,2024-12-27 09:00:00+00:00,STAGE28A,data/reports/stage28a_discovery_factory_batch_runner/stage28a_exact_trades.csv,calendar_time_risk_proxy_v1,calendar_drop_monday_h9_tp06_sl065,0.8511999999999716,-0.1988000000000283,-0.898800000000028,0,0,0,0,0.1988000000000283,26.139999999999873,6.550000000000182,0.14656488549618468,14.829999999999927,0.4686446392447641,5.910000000000309,4.395500000000015,0.128,-1.0,,,9,4,12.0,2024
2024-12-27 23:45:00+00:00|1.0|calendar_drop_monday_h9_tp06_sl065,2024-12-27 23:45:00+00:00,STAGE28A,data/reports/stage28a_discovery_factory_batch_runner/stage28a_exact_trades.csv,calendar_time_risk_proxy_v1,calendar_drop_monday_h9_tp06_sl065,-1.8719750000001116,-2.9219750000001112,-3.621975000000111,0,0,0,0,2.9219750000001112,26.139999999999873,6.550000000000182,0.14656488549618468,14.829999999999927,0.4686446392447641,8.050000000000182,5.124000000000069,0.364,1.0,,,9,4,12.0,2024
2024-12-31 09:00:00+00:00|1.0|calendar_drop_monday_h9_tp06_sl065,2024-12-31 09:00:00+00:00,STAGE28A,data/reports/stage28a_discovery_factory_batch_runner/stage28a_exact_trades.csv,calendar_time_risk_proxy_v1,calendar_drop_monday_h9_tp06_sl065,0.7569999999999709,-0.293000000000029,-0.9930000000000287,0,0,0,0,0.293000000000029,32.159999999999854,8.059999999999945,0.01488833746896919,15.179999999999836,0.33596837944663793,4.980000000000018,5.733500000000049,0.584,1.0,,,9,1,12.0,2024
2024-12-31 22:45:00+00:00|1.0|calendar_drop_monday_h9_tp06_sl065,2024-12-31 22:45:00+00:00,STAGE28A,data/reports/stage28a_discovery_factory_batch_runner/stage28a_exact_trades.csv,calendar_time_risk_proxy_v1,calendar_drop_monday_h9_tp06_sl065,-0.35,-1.4,-2.1,0,0,0,0,1.4,32.159999999999854,8.059999999999945,0.01488833746896919,15.179999999999836,0.33596837944663793,4.360000000000127,5.330000000000018,0.468,1.0,,,9,1,12.0,2024
2025-01-02 09:00:00+00:00|1.0|calendar_drop_monday_h9_tp06_sl065,2025-01-02 09:00:00+00:00,STAGE28A,data/reports/stage28a_discovery_factory_batch_runner/stage28a_exact_trades.csv,calendar_time_risk_proxy_v1,calendar_drop_monday_h9_tp06_sl065,0.8281000000000859,-0.221899999999914,-0.9218999999999138,0,0,0,0,0.221899999999914,4.2800000000002,14.769999999999982,0.6899119837508508,15.090000000000146,0.5765407554671792,4.260000000000218,5.379500000000098,0.48,1.0,,,9,3,1.0,2025
2025-01-03 09:00:00+00:00|-1.0|calendar_drop_monday_h9_tp06_sl065,2025-01-03 09:00:00+00:00,STAGE28A,data/reports/stage28a_discovery_factory_batch_runner/stage28a_exact_trades.csv,calendar_time_risk_proxy_v1,calendar_drop_monday_h9_tp06_sl065,-1.8940749999997932,-2.9440749999997933,-3.644074999999793,0,0,0,0,2.9440749999997933,38.73000000000002,9.019999999999982,0.5000000000000252,13.019999999999982,0.40476190476190393,3.5300000000002,5.939000000000033,0.628,-1.0,,,9,4,1.0,2025
2025-01-03 23:45:00+00:00|1.0|calendar_drop_monday_h9_tp06_sl065,2025-01-03 23:45:00+00:00,STAGE28A,data/reports/stage28a_discovery_factory_batch_runner/stage28a_exact_trades.csv,calendar_time_risk_proxy_v1,calendar_drop_monday_h9_tp06_sl065,0.7434999999999491,-0.3065000000000508,-1.0065000000000506,0,0,0,0,0.3065000000000508,38.73000000000002,9.019999999999982,0.5000000000000252,13.019999999999982,0.40476190476190393,3.1599999999998545,5.38299999999997,0.452,1.0,,,9,4,1.0,2025
2025-01-07 09:00:00+00:00|1.0|calendar_drop_monday_h9_tp06_sl065,2025-01-07 09:00:00+00:00,STAGE28A,data/reports/stage28a_discovery_factory_batch_runner/stage28a_exact_trades.csv,calendar_time_risk_proxy_v1,calendar_drop_monday_h9_tp06_sl065,0.94300000000012,-0.1069999999998798,-0.8069999999998796,0,0,0,0,0.1069999999998798,35.13000000000011,8.300000000000182,0.4325301204819358,9.7800000000002,0.575664621676891,6.920000000000073,7.3035000000000085,0.944,1.0,,,9,1,1.0,2025
2025-01-08 09:00:00+00:00|1.0|calendar_drop_monday_h9_tp06_sl065,2025-01-08 09:00:00+00:00,STAGE28A,data/reports/stage28a_discovery_factory_batch_runner/stage28a_exact_trades.csv,calendar_time_risk_proxy_v1,calendar_drop_monday_h9_tp06_sl065,-1.5346249999998691,-2.584624999999869,-3.2846249999998687,0,0,0,0,2.584624999999869,31.429999999999836,6.260000000000218,0.4536741214056856,8.420000000000073,0.7304038004750639,4.079999999999927,5.576999999999998,0.6,1.0,,,9,2,1.0,2025
2025-01-09 09:00:00+00:00|1.0|calendar_drop_monday_h9_tp06_sl065,2025-01-09 09:00:00+00:00,STAGE28A,data/reports/stage28a_discovery_factory_batch_runner/stage28a_exact_trades.csv,calendar_time_risk_proxy_v1,calendar_drop_monday_h9_tp06_sl065,-1.7283250000001318,-2.778325000000132,-3.478325000000132,0,0,0,0,2.778325000000132,24.700000000000273,7.650000000000091,0.44836601307192814,10.929999999999836,0.7758462946020261,8.539999999999964,6.2830000000000155,0.844,1.0,,,9,3,1.0,2025
2025-01-10 09:00:00+00:00|1.0|calendar_drop_monday_h9_tp06_sl065,2025-01-10 09:00:00+00:00,STAGE28A,data/reports/stage28a_discovery_factory_batch_runner/stage28a_exact_trades.csv,calendar_time_risk_proxy_v1,calendar_drop_monday_h9_tp06_sl065,0.6753999999999906,-0.3746000000000093,-1.074600000000009,0,0,0,0,0.3746000000000093,22.809999999999945,6.349999999999909,0.2913385826771552,11.099999999999909,0.827027027027019,4.169999999999618,4.370499999999947,0.108,1.0,,,9,4,1.0,2025
2025-01-10 23:45:00+00:00|1.0|calendar_drop_monday_h9_tp06_sl065,2025-01-10 23:45:00+00:00,STAGE28A,data/reports/stage28a_discovery_factory_batch_runner/stage28a_exact_trades.csv,calendar_time_risk_proxy_v1,calendar_drop_monday_h9_tp06_sl065,-0.35,-1.4,-2.1,0,0,0,0,1.4,22.809999999999945,6.349999999999909,0.2913385826771552,11.099999999999909,0.827027027027019,6.400000000000091,6.687499999999955,0.92,1.0,,,9,4,1.0,2025
2025-01-14 09:00:00+00:00|-1.0|calendar_drop_monday_h9_tp06_sl065,2025-01-14 09:00:00+00:00,STAGE28A,data/reports/stage28a_discovery_factory_batch_runner/stage28a_exact_trades.csv,calendar_time_risk_proxy_v1,calendar_drop_monday_h9_tp06_sl065,-1.8277749999998376,-2.8777749999998377,-3.5777749999998374,0,0,0,0,2.8777749999998377,36.73000000000002,12.5300000000002,0.4333599361532123,10.629999999999654,0.644402634054575,2.369999999999891,6.061500000000047,0.628,-1.0,,,9,1,1.0,2025
2025-01-15 09:00:00+00:00|1.0|calendar_drop_monday_h9_tp06_sl065,2025-01-15 09:00:00+00:00,STAGE28A,data/reports/stage28a_discovery_factory_batch_runner/stage28a_exact_trades.csv,calendar_time_risk_proxy_v1,calendar_drop_monday_h9_tp06_sl065,-1.5746000000000095,-2.6246000000000094,-3.324600000000009,0,0,0,0,2.6246000000000094,18.570000000000164,10.11999999999989,0.001976284584978461,14.450000000000273,0.8761245674740218,4.130000000000109,5.056500000000028,0.204,1.0,,,9,2,1.0,2025
2025-01-16 09:00:00+00:00|1.0|calendar_drop_monday_h9_tp06_sl065,2025-01-16 09:00:00+00:00,STAGE28A,data/reports/stage28a_discovery_factory_batch_runner/stage28a_exact_trades.csv,calendar_time_risk_proxy_v1,calendar_drop_monday_h9_tp06_sl065,-1.665599999999904,-2.715599999999904,-3.415599999999904,0,0,0,0,2.715599999999904,28.210000000000036,9.349999999999909,0.27593582887700024,18.529999999999745,0.5553157042633624,5.339999999999691,5.6284999999999625,0.484,1.0,,,9,3,1.0,2025
2025-01-17 09:00:00+00:00|-1.0|calendar_drop_monday_h9_tp06_sl065,2025-01-17 09:00:00+00:00,STAGE28A,data/reports/stage28a_discovery_factory_batch_runner/stage28a_exact_trades.csv,calendar_time_risk_proxy_v1,calendar_drop_monday_h9_tp06_sl065,-1.56225000000004,-2.61225000000004,-3.31225000000004,0,0,0,0,2.61225000000004,34.73000000000002,7.489999999999782,0.006675567423255454,12.769999999999982,0.8433829287392324,2.799999999999727,4.889499999999953,0.14,-1.0,,,9,4,1.0,2025
2025-01-17 23:45:00+00:00|1.0|calendar_drop_monday_h9_tp06_sl065,2025-01-17 23:45:00+00:00,STAGE28A,data/reports/stage28a_discovery_factory_batch_runner/stage28a_exact_trades.csv,calendar_time_risk_proxy_v1,calendar_drop_monday_h9_tp06_sl065,-0.35,-1.4,-2.1,0,0,0,0,1.4,34.73000000000002,7.489999999999782,0.006675567423255454,12.769999999999982,0.8433829287392324,4.2400000000002365,4.995499999999993,0.232,1.0,,,9,4,1.0,2025
2025-01-21 09:00:00+00:00|-1.0|calendar_drop_monday_h9_tp06_sl065,2025-01-21 09:00:00+00:00,STAGE28A,data/reports/stage28a_discovery_factory_batch_runner/stage28a_exact_trades.csv,calendar_time_risk_proxy_v1,calendar_drop_monday_h9_tp06_sl065,1.456300000000192,0.4063000000001922,-0.2936999999998075,1,0,1,0,0.4063000000001922,24.550000000000182,25.09999999999991,0.6749003984063792,15.799999999999727,0.4974683544303964,5.9099999999998545,6.606499999999983,0.856,-1.0,,,9,1,1.0,2025
2025-01-22 09:00:00+00:00|1.0|calendar_drop_monday_h9_tp06_sl065,2025-01-22 09:00:00+00:00,STAGE28A,data/reports/stage28a_discovery_factory_batch_runner/stage28a_exact_trades.csv,calendar_time_risk_proxy_v1,calendar_drop_monday_h9_tp06_sl065,-2.095574999999917,-3.145574999999917,-3.8455749999999167,0,0,0,1,3.145574999999917,43.279999999999745,10.9699999999998,0.711030082041962,17.90000000000009,0.44525139664803126,12.720000000000255,6.002999999999974,0.652,1.0,,,9,2,1.0,2025
2025-01-23 09:00:00+00:00|-1.0|calendar_drop_monday_h9_tp06_sl065,2025-01-23 09:00:00+00:00,STAGE28A,data/reports/stage28a_discovery_factory_batch_runner/stage28a_exact_trades.csv,calendar_time_risk_proxy_v1,calendar_drop_monday_h9_tp06_sl065,-1.5482750000001944,-2.598275000000194,-3.298275000000194,0,0,0,0,2.598275000000194,21.449999999999818,6.809999999999945,0.5624082232011686,14.75,0.02440677966102558,4.369999999999891,4.464500000000067,0.088,-1.0,,,9,3,1.0,2025
2025-01-24 09:00:00+00:00|1.0|calendar_drop_monday_h9_tp06_sl065,2025-01-24 09:00:00+00:00,STAGE28A,data/reports/stage28a_discovery_factory_batch_runner/stage28a_exact_trades.csv,calendar_time_risk_proxy_v1,calendar_drop_monday_h9_tp06_sl065,1.3857999999999264,0.3357999999999266,-0.3642000000000731,1,0,1,0,0.3357999999999266,23.25,23.940000000000055,0.7263993316624826,8.300000000000182,0.44578313253014357,5.150000000000091,6.332500000000027,0.76,1.0,,,9,4,1.0,2025
2025-01-24 23:45:00+00:00|1.0|calendar_drop_monday_h9_tp06_sl065,2025-01-24 23:45:00+00:00,STAGE28A,data/reports/stage28a_discovery_factory_batch_runner/stage28a_exact_trades.csv,calendar_time_risk_proxy_v1,calendar_drop_monday_h9_tp06_sl065,-0.35,-1.4,-2.1,0,0,0,0,1.4,23.25,23.940000000000055,0.7263993316624826,8.300000000000182,0.44578313253014357,4.150000000000091,5.934999999999991,0.528,1.0,,,9,4,1.0,2025
2025-01-28 09:00:00+00:00|1.0|calendar_drop_monday_h9_tp06_sl065,2025-01-28 09:00:00+00:00,STAGE28A,data/reports/stage28a_discovery_factory_batch_runner/stage28a_exact_trades.csv,calendar_time_risk_proxy_v1,calendar_drop_monday_h9_tp06_sl065,-1.6386250000001383,-2.688625000000138,-3.388625000000138,0,0,0,0,2.688625000000138,42.289999999999964,7.579999999999927,0.09366754617414817,10.570000000000164,0.07284768211920245,3.799999999999727,6.303999999999905,0.768,1.0,,,9,1,1.0,2025
2025-01-29 09:00:00+00:00|1.0|calendar_drop_monday_h9_tp06_sl065,2025-01-29 09:00:00+00:00,STAGE28A,data/reports/stage28a_discovery_factory_batch_runner/stage28a_exact_trades.csv,calendar_time_risk_proxy_v1,calendar_drop_monday_h9_tp06_sl065,-1.349699999999848,-2.399699999999848,-3.099699999999848,0,0,0,0,2.399699999999848,30.639999999999873,4.730000000000018,0.061310782241006875,8.909999999999854,0.48260381593717755,2.9400000000000546,3.4265000000000327,0.004,1.0,,,9,2,1.0,2025
2025-01-30 09:00:00+00:00|1.0|calendar_drop_monday_h9_tp06_sl065,2025-01-30 09:00:00+00:00,STAGE28A,data/reports/stage28a_discovery_factory_batch_runner/stage28a_exact_trades.csv,calendar_time_risk_proxy_v1,calendar_drop_monday_h9_tp06_sl065,-1.5284499999998844,-2.578449999999884,-3.278449999999884,0,0,0,0,2.578449999999884,21.470000000000255,5.330000000000382,0.035647279549726255,20.539999999999964,0.8695228821811177,6.190000000000055,5.074000000000046,0.268,1.0,,,9,3,1.0,2025
2025-01-31 09:00:00+00:00|-1.0|calendar_drop_monday_h9_tp06_sl065,2025-01-31 09:00:00+00:00,STAGE28A,data/reports/stage28a_discovery_factory_batch_runner/stage28a_exact_trades.csv,calendar_time_risk_proxy_v1,calendar_drop_monday_h9_tp06_sl065,0.7843000000001666,-0.2656999999998333,-0.965699999999833,0,0,0,0,0.2656999999998333,40.40000000000009,7.369999999999891,0.03799185888734728,10.140000000000327,0.16074950690331377,4.050000000000182,5.248999999999978,0.324,-1.0,,,9,4,1.0,2025
2025-01-31 23:45:00+00:00|1.0|calendar_drop_monday_h9_tp06_sl065,2025-01-31 23:45:00+00:00,STAGE28A,data/reports/stage28a_discovery_factory_batch_runner/stage28a_exact_trades.csv,calendar_time_risk_proxy_v1,calendar_drop_monday_h9_tp06_sl065,-0.35,-1.4,-2.1,0,0,0,0,1.4,40.40000000000009,7.369999999999891,0.03799185888734728,10.140000000000327,0.16074950690331377,7.779999999999745,6.324500000000057,0.792,1.0,,,9,4,1.0,2025
2025-02-04 09:00:00+00:00|1.0|calendar_drop_monday_h9_tp06_sl065,2025-02-04 09:00:00+00:00,STAGE28A,data/reports/stage28a_discovery_factory_batch_runner/stage28a_exact_trades.csv,calendar_time_risk_proxy_v1,calendar_drop_monday_h9_tp06_sl065,-2.395875000000251,-3.445875000000251,-4.145875000000251,0,0,0,1,3.445875000000251,58.19999999999982,13.329999999999927,0.3885971492873458,14.659999999999854,0.29058663028651166,5.2800000000002,7.515000000000077,0.848,1.0,,,9,1,2.0,2025
2025-02-05 09:00:00+00:00|1.0|calendar_drop_monday_h9_tp06_sl065,2025-02-05 09:00:00+00:00,STAGE28A,data/reports/stage28a_discovery_factory_batch_runner/stage28a_exact_trades.csv,calendar_time_risk_proxy_v1,calendar_drop_monday_h9_tp06_sl065,-2.2194000000000416,-3.2694000000000414,-3.969400000000041,0,0,0,1,3.2694000000000414,38.25,18.450000000000273,0.7501355013550104,23.690000000000055,0.5293372731110145,4.9699999999998,6.966000000000031,0.736,1.0,,,9,2,2.0,2025
2025-02-06 09:00:00+00:00|-1.0|calendar_drop_monday_h9_tp06_sl065,2025-02-06 09:00:00+00:00,STAGE28A,data/reports/stage28a_discovery_factory_batch_runner/stage28a_exact_trades.csv,calendar_time_risk_proxy_v1,calendar_drop_monday_h9_tp06_sl065,-2.3107249999999118,-3.360724999999911,-4.060724999999911,0,0,0,1,3.360724999999911,42.960000000000036,9.550000000000182,0.08167539267017647,22.480000000000018,0.4181494661921745,13.700000000000273,7.517499999999996,0.792,-1.0,,,9,3,2.0,2025
2025-02-07 09:00:00+00:00|1.0|calendar_drop_monday_h9_tp06_sl065,2025-02-07 09:00:00+00:00,STAGE28A,data/reports/stage28a_discovery_factory_batch_runner/stage28a_exact_trades.csv,calendar_time_risk_proxy_v1,calendar_drop_monday_h9_tp06_sl065,-1.917149999999856,-2.967149999999856,-3.667149999999856,0,0,0,0,2.967149999999856,39.25,15.579999999999927,0.5353016688061736,11.7199999999998,0.09556313993173293,7.139999999999873,6.528999999999973,0.54,1.0,,,9,4,2.0,2025
2025-02-07 23:45:00+00:00|1.0|calendar_drop_monday_h9_tp06_sl065,2025-02-07 23:45:00+00:00,STAGE28A,data/reports/stage28a_discovery_factory_batch_runner/stage28a_exact_trades.csv,calendar_time_risk_proxy_v1,calendar_drop_monday_h9_tp06_sl065,-0.35,-1.4,-2.1,0,0,0,0,1.4,39.25,15.579999999999927,0.5353016688061736,11.7199999999998,0.09556313993173293,4.420000000000073,8.076999999999952,0.876,1.0,,,9,4,2.0,2025
2025-02-11 09:00:00+00:00|-1.0|calendar_drop_monday_h9_tp06_sl065,2025-02-11 09:00:00+00:00,STAGE28A,data/reports/stage28a_discovery_factory_batch_runner/stage28a_exact_trades.csv,calendar_time_risk_proxy_v1,calendar_drop_monday_h9_tp06_sl065,3.6820000000001527,2.632000000000153,1.9320000000001527,1,1,1,0,2.632000000000153,62.570000000000164,38.029999999999745,0.0381277938469584,27.429999999999836,0.49362012395187915,13.929999999999836,10.47650000000001,1.0,-1.0,,,9,1,2.0,2025
2025-02-12 09:00:00+00:00|1.0|calendar_drop_monday_h9_tp06_sl065,2025-02-12 09:00:00+00:00,STAGE28A,data/reports/stage28a_discovery_factory_batch_runner/stage28a_exact_trades.csv,calendar_time_risk_proxy_v1,calendar_drop_monday_h9_tp06_sl065,-2.8167500000000474,-3.866750000000047,-4.566750000000047,0,0,0,1,3.866750000000047,60.9399999999996,17.070000000000164,0.7861745752782627,16.440000000000055,0.15815085158150247,9.269999999999982,8.332499999999982,0.752,1.0,,,9,2,2.0,2025
2025-02-13 09:00:00+00:00|-1.0|calendar_drop_monday_h9_tp06_sl065,2025-02-13 09:00:00+00:00,STAGE28A,data/reports/stage28a_discovery_factory_batch_runner/stage28a_exact_trades.csv,calendar_time_risk_proxy_v1,calendar_drop_monday_h9_tp06_sl065,1.4349999999998544,0.3849999999998545,-0.3150000000001451,1,0,1,0,0.3849999999998545,45.38000000000011,18.759999999999764,0.6780383795309147,13.460000000000036,0.05274888558692678,6.4699999999998,7.652499999999895,0.52,-1.0,,,9,3,2.0,2025
2025-02-14 09:00:00+00:00|1.0|calendar_drop_monday_h9_tp06_sl065,2025-02-14 09:00:00+00:00,STAGE28A,data/reports/stage28a_discovery_factory_batch_runner/stage28a_exact_trades.csv,calendar_time_risk_proxy_v1,calendar_drop_monday_h9_tp06_sl065,-2.086475000000155,-3.136475000000155,-3.836475000000154,0,0,0,1,3.136475000000155,31.13000000000011,10.860000000000127,0.24677716390425963,13.309999999999945,0.5416979714500425,6.960000000000036,6.126999999999976,0.12,1.0,,,9,4,2.0,2025
2025-02-14 23:45:00+00:00|1.0|calendar_drop_monday_h9_tp06_sl065,2025-02-14 23:45:00+00:00,STAGE28A,data/reports/stage28a_discovery_factory_batch_runner/stage28a_exact_trades.csv,calendar_time_risk_proxy_v1,calendar_drop_monday_h9_tp06_sl065,-0.35,-1.4,-2.1,0,0,0,0,1.4,31.13000000000011,10.860000000000127,0.24677716390425963,13.309999999999945,0.5416979714500425,9.279999999999745,9.063499999999953,0.836,1.0,,,9,4,2.0,2025
2025-02-18 09:00:00+00:00|1.0|calendar_drop_monday_h9_tp06_sl065,2025-02-18 09:00:00+00:00,STAGE28A,data/reports/stage28a_discovery_factory_batch_runner/stage28a_exact_trades.csv,calendar_time_risk_proxy_v1,calendar_drop_monday_h9_tp06_sl065,-2.429349999999977,-3.4793499999999766,-4.179349999999976,0,0,0,1,3.4793499999999766,28.340000000000146,19.059999999999945,0.600734522560328,8.389999999999873,0.07866507747322041,4.420000000000073,4.941000000000008,0.012,1.0,,,9,1,2.0,2025
2025-02-19 09:00:00+00:00|1.0|calendar_drop_monday_h9_tp06_sl065,2025-02-19 09:00:00+00:00,STAGE28A,data/reports/stage28a_discovery_factory_batch_runner/stage28a_exact_trades.csv,calendar_time_risk_proxy_v1,calendar_drop_monday_h9_tp06_sl065,-2.329899999999816,-3.379899999999816,-4.079899999999816,0,0,0,1,3.379899999999816,45.25,15.480000000000018,0.31330749354004545,19.0,0.8199999999999962,5.179999999999836,6.528999999999996,0.264,1.0,,,9,2,2.0,2025
2025-02-20 09:00:00+00:00|1.0|calendar_drop_monday_h9_tp06_sl065,2025-02-20 09:00:00+00:00,STAGE28A,data/reports/stage28a_discovery_factory_batch_runner/stage28a_exact_trades.csv,calendar_time_risk_proxy_v1,calendar_drop_monday_h9_tp06_sl065,-2.109224999999788,-3.1592249999997875,-3.859224999999787,0,0,0,1,3.1592249999997875,28.440000000000055,11.75,0.3948936170213045,15.509999999999764,0.7949709864603556,5.039999999999964,7.255499999999984,0.416,1.0,,,9,3,2.0,2025
2025-02-21 09:00:00+00:00|1.0|calendar_drop_monday_h9_tp06_sl065,2025-02-21 09:00:00+00:00,STAGE28A,data/reports/stage28a_discovery_factory_batch_runner/stage28a_exact_trades.csv,calendar_time_risk_proxy_v1,calendar_drop_monday_h9_tp06_sl065,-2.8073249999998557,-3.857324999999855,-4.557324999999855,0,0,0,1,3.857324999999855,30.779999999999745,23.40000000000009,0.5564102564102534,17.309999999999945,0.11900635470825835,5.699999999999818,8.968000000000028,0.84,1.0,,,9,4,2.0,2025
2025-02-21 23:45:00+00:00|1.0|calendar_drop_monday_h9_tp06_sl065,2025-02-21 23:45:00+00:00,STAGE28A,data/reports/stage28a_discovery_factory_batch_runner/stage28a_exact_trades.csv,calendar_time_risk_proxy_v1,calendar_drop_monday_h9_tp06_sl065,-0.35,-1.4,-2.1,0,0,0,0,1.4,30.779999999999745,23.40000000000009,0.5564102564102534,17.309999999999945,0.11900635470825835,4.799999999999727,9.135000000000014,0.852,1.0,,,9,4,2.0,2025
2025-02-25 09:00:00+00:00|1.0|calendar_drop_monday_h9_tp06_sl065,2025-02-25 09:00:00+00:00,STAGE28A,data/reports/stage28a_discovery_factory_batch_runner/stage28a_exact_trades.csv,calendar_time_risk_proxy_v1,calendar_drop_monday_h9_tp06_sl065,-2.303575000000001,-3.3535750000000006,-4.053575,0,0,0,1,3.3535750000000006,35.16000000000031,18.909999999999854,0.6959280803807486,12.91000000000031,0.05654531371030214,4.900000000000091,6.767999999999961,0.292,1.0,,,9,1,2.0,2025
2025-02-26 09:00:00+00:00|-1.0|calendar_drop_monday_h9_tp06_sl065,2025-02-26 09:00:00+00:00,STAGE28A,data/reports/stage28a_discovery_factory_batch_runner/stage28a_exact_trades.csv,calendar_time_risk_proxy_v1,calendar_drop_monday_h9_tp06_sl065,1.886199999999826,0.8361999999998262,0.1361999999998264,1,1,1,0,0.8361999999998262,65.84999999999991,17.43000000000029,0.20998278829602945,15.239999999999782,0.1496062992126137,9.5,10.316500000000087,0.96,-1.0,,,9,2,2.0,2025
2025-02-27 09:00:00+00:00|-1.0|calendar_drop_monday_h9_tp06_sl065,2025-02-27 09:00:00+00:00,STAGE28A,data/reports/stage28a_discovery_factory_batch_runner/stage28a_exact_trades.csv,calendar_time_risk_proxy_v1,calendar_drop_monday_h9_tp06_sl065,1.96899999999996,0.91899999999996,0.2189999999999603,1,1,1,0,0.91899999999996,39.42000000000007,24.509999999999764,0.8869849041207667,21.610000000000127,0.2512725590004537,7.730000000000018,6.899000000000046,0.348,-1.0,,,9,3,2.0,2025
2025-02-28 09:00:00+00:00|-1.0|calendar_drop_monday_h9_tp06_sl065,2025-02-28 09:00:00+00:00,STAGE28A,data/reports/stage28a_discovery_factory_batch_runner/stage28a_exact_trades.csv,calendar_time_risk_proxy_v1,calendar_drop_monday_h9_tp06_sl065,1.8915999999998347,0.8415999999998349,0.1415999999998352,1,1,1,0,0.8415999999998349,53.149999999999636,28.039999999999964,0.44721825962910056,15.940000000000055,0.04454203262233588,4.710000000000036,8.572499999999991,0.72,-1.0,,,9,4,2.0,2025
2025-02-28 23:45:00+00:00|1.0|calendar_drop_monday_h9_tp06_sl065,2025-02-28 23:45:00+00:00,STAGE28A,data/reports/stage28a_discovery_factory_batch_runner/stage28a_exact_trades.csv,calendar_time_risk_proxy_v1,calendar_drop_monday_h9_tp06_sl065,-0.35,-1.4,-2.1,0,0,0,0,1.4,53.149999999999636,28.039999999999964,0.44721825962910056,15.940000000000055,0.04454203262233588,7.400000000000091,9.184500000000003,0.828,1.0,,,9,4,2.0,2025
2025-03-04 09:00:00+00:00|1.0|calendar_drop_monday_h9_tp06_sl065,2025-03-04 09:00:00+00:00,STAGE28A,data/reports/stage28a_discovery_factory_batch_runner/stage28a_exact_trades.csv,calendar_time_risk_proxy_v1,calendar_drop_monday_h9_tp06_sl065,-2.283100000000195,-3.333100000000195,-4.033100000000195,0,0,0,1,3.333100000000195,39.940000000000055,11.83999999999969,0.03378378378375394,36.98000000000002,0.6311519740400252,5.610000000000127,7.185000000000059,0.328,1.0,,,9,1,3.0,2025
2025-03-05 09:00:00+00:00|1.0|calendar_drop_monday_h9_tp06_sl065,2025-03-05 09:00:00+00:00,STAGE28A,data/reports/stage28a_discovery_factory_batch_runner/stage28a_exact_trades.csv,calendar_time_risk_proxy_v1,calendar_drop_monday_h9_tp06_sl065,-2.8544499999999062,-3.904449999999906,-4.604449999999906,0,0,0,1,3.904449999999906,45.84999999999991,16.070000000000164,0.24268823895457692,13.5,0.2125925925925845,8.110000000000127,8.235000000000127,0.58,1.0,,,9,2,3.0,2025
2025-03-06 09:00:00+00:00|-1.0|calendar_drop_monday_h9_tp06_sl065,2025-03-06 09:00:00+00:00,STAGE28A,data/reports/stage28a_discovery_factory_batch_runner/stage28a_exact_trades.csv,calendar_time_risk_proxy_v1,calendar_drop_monday_h9_tp06_sl065,1.1590000000000145,0.1090000000000146,-0.5909999999999851,1,0,0,0,0.1090000000000146,35.82999999999993,10.510000000000218,0.08658420551858138,31.970000000000255,0.5711604629339887,3.25,8.029000000000043,0.444,-1.0,,,9,3,3.0,2025
2025-03-07 09:00:00+00:00|1.0|calendar_drop_monday_h9_tp06_sl065,2025-03-07 09:00:00+00:00,STAGE28A,data/reports/stage28a_discovery_factory_batch_runner/stage28a_exact_trades.csv,calendar_time_risk_proxy_v1,calendar_drop_monday_h9_tp06_sl065,-2.128075000000172,-3.178075000000172,-3.8780750000001714,0,0,0,1,3.178075000000172,35.41000000000031,18.309999999999945,0.1982523211359978,16.63000000000011,0.6806975345760454,7.069999999999709,8.09149999999995,0.408,1.0,,,9,4,3.0,2025
2025-03-07 23:45:00+00:00|1.0|calendar_drop_monday_h9_tp06_sl065,2025-03-07 23:45:00+00:00,STAGE28A,data/reports/stage28a_discovery_factory_batch_runner/stage28a_exact_trades.csv,calendar_time_risk_proxy_v1,calendar_drop_monday_h9_tp06_sl065,-0.35,-1.4,-2.1,0,0,0,0,1.4,35.41000000000031,18.309999999999945,0.1982523211359978,16.63000000000011,0.6806975345760454,6.430000000000291,8.490999999999985,0.548,1.0,,,9,4,3.0,2025
2025-03-11 09:00:00+00:00|1.0|calendar_drop_monday_h9_tp06_sl065,2025-03-11 09:00:00+00:00,STAGE28A,data/reports/stage28a_discovery_factory_batch_runner/stage28a_exact_trades.csv,calendar_time_risk_proxy_v1,calendar_drop_monday_h9_tp06_sl065,1.3227999999998246,0.2727999999998247,-0.427200000000175,1,0,1,0,0.2727999999998247,38.289999999999964,20.169999999999618,0.4615765989092772,21.789999999999964,0.6608536025699915,9.319999999999709,7.838999999999873,0.312,1.0,,,9,1,3.0,2025
2025-03-12 09:00:00+00:00|-1.0|calendar_drop_monday_h9_tp06_sl065,2025-03-12 09:00:00+00:00,STAGE28A,data/reports/stage28a_discovery_factory_batch_runner/stage28a_exact_trades.csv,calendar_time_risk_proxy_v1,calendar_drop_monday_h9_tp06_sl065,1.3065999999997984,0.2565999999997985,-0.4434000000002012,1,0,1,0,0.2565999999997985,41.909999999999854,9.090000000000146,0.10121012101205756,16.450000000000273,0.043161094224925506,9.789999999999964,5.554499999999962,0.016,-1.0,,,9,2,3.0,2025
2025-03-13 09:00:00+00:00|1.0|calendar_drop_monday_h9_tp06_sl065,2025-03-13 09:00:00+00:00,STAGE28A,data/reports/stage28a_discovery_factory_batch_runner/stage28a_exact_trades.csv,calendar_time_risk_proxy_v1,calendar_drop_monday_h9_tp06_sl065,1.2015999999997802,0.1515999999997803,-0.5484000000002194,1,0,0,0,0.1515999999997803,34.40000000000009,14.309999999999945,0.8315863032844261,15.86999999999989,0.043478260869568956,4.789999999999964,6.024500000000012,0.072,1.0,,,9,3,3.0,2025
2025-03-14 09:00:00+00:00|1.0|calendar_drop_monday_h9_tp06_sl065,2025-03-14 09:00:00+00:00,STAGE28A,data/reports/stage28a_discovery_factory_batch_runner/stage28a_exact_trades.csv,calendar_time_risk_proxy_v1,calendar_drop_monday_h9_tp06_sl065,1.5304000000000086,0.4804000000000088,-0.2195999999999909,1,0,1,0,0.4804000000000088,56.50999999999976,12.150000000000091,0.27160493827158044,24.0,0.32583333333334014,6.449999999999818,7.644999999999982,0.392,1.0,,,9,4,3.0,2025
2025-03-14 22:45:00+00:00|1.0|calendar_drop_monday_h9_tp06_sl065,2025-03-14 22:45:00+00:00,STAGE28A,data/reports/stage28a_discovery_factory_batch_runner/stage28a_exact_trades.csv,calendar_time_risk_proxy_v1,calendar_drop_monday_h9_tp06_sl065,1.308400000000256,0.2584000000002562,-0.4415999999997435,1,0,1,0,0.2584000000002562,56.50999999999976,12.150000000000091,0.27160493827158044,24.0,0.32583333333334014,3.8099999999999454,7.4200000000000275,0.344,1.0,,,9,4,3.0,2025
2025-03-18 09:00:00+00:00|1.0|calendar_drop_monday_h9_tp06_sl065,2025-03-18 09:00:00+00:00,STAGE28A,data/reports/stage28a_discovery_factory_batch_runner/stage28a_exact_trades.csv,calendar_time_risk_proxy_v1,calendar_drop_monday_h9_tp06_sl065,-2.632799999999952,-3.682799999999952,-4.382799999999952,0,0,0,1,3.682799999999952,20.670000000000073,17.58999999999969,0.8095508811824919,22.340000000000146,0.4185317815577372,6.989999999999782,5.907500000000004,0.152,1.0,,,9,1,3.0,2025
2025-03-19 09:00:00+00:00|-1.0|calendar_drop_monday_h9_tp06_sl065,2025-03-19 09:00:00+00:00,STAGE28A,data/reports/stage28a_discovery_factory_batch_runner/stage28a_exact_trades.csv,calendar_time_risk_proxy_v1,calendar_drop_monday_h9_tp06_sl065,-2.549274999999944,-3.599274999999943,-4.299274999999943,0,0,0,1,3.599274999999943,38.73999999999978,11.580000000000382,0.2573402417961934,22.529999999999745,0.08521970705726119,10.259999999999764,5.880999999999995,0.168,-1.0,,,9,2,3.0,2025
2025-03-20 09:00:00+00:00|-1.0|calendar_drop_monday_h9_tp06_sl065,2025-03-20 09:00:00+00:00,STAGE28A,data/reports/stage28a_discovery_factory_batch_runner/stage28a_exact_trades.csv,calendar_time_risk_proxy_v1,calendar_drop_monday_h9_tp06_sl065,1.6584999999999126,0.6084999999999128,-0.0915000000000869,1,0,1,0,0.6084999999999128,29.179999999999836,12.38000000000011,0.4491114701130773,28.149999999999636,0.6600355239786916,5.869999999999891,6.9360000000000355,0.452,-1.0,,,9,3,3.0,2025
2025-03-21 09:00:00+00:00|-1.0|calendar_drop_monday_h9_tp06_sl065,2025-03-21 09:00:00+00:00,STAGE28A,data/reports/stage28a_discovery_factory_batch_runner/stage28a_exact_trades.csv,calendar_time_risk_proxy_v1,calendar_drop_monday_h9_tp06_sl065,1.4214999999998326,0.3714999999998327,-0.328500000000167,1,0,1,0,0.3714999999998327,32.0,19.5,0.7379487179487114,13.140000000000327,0.07686453576866005,6.489999999999782,5.6369999999999205,0.072,-1.0,,,9,4,3.0,2025
2025-03-21 22:45:00+00:00|1.0|calendar_drop_monday_h9_tp06_sl065,2025-03-21 22:45:00+00:00,STAGE28A,data/reports/stage28a_discovery_factory_batch_runner/stage28a_exact_trades.csv,calendar_time_risk_proxy_v1,calendar_drop_monday_h9_tp06_sl065,-0.35,-1.4,-2.1,0,0,0,0,1.4,32.0,19.5,0.7379487179487114,13.140000000000327,0.07686453576866005,6.0,7.981000000000018,0.868,1.0,,,9,4,3.0,2025
2025-03-25 09:00:00+00:00|1.0|calendar_drop_monday_h9_tp06_sl065,2025-03-25 09:00:00+00:00,STAGE28A,data/reports/stage28a_discovery_factory_batch_runner/stage28a_exact_trades.csv,calendar_time_risk_proxy_v1,calendar_drop_monday_h9_tp06_sl065,-1.931775000000107,-2.981775000000107,-3.6817750000001066,0,0,0,0,2.981775000000107,30.789999999999964,8.889999999999873,0.4915635545556753,14.550000000000182,0.5862542955326212,3.869999999999891,5.973500000000013,0.244,1.0,,,9,1,3.0,2025
2025-03-26 09:00:00+00:00|1.0|calendar_drop_monday_h9_tp06_sl065,2025-03-26 09:00:00+00:00,STAGE28A,data/reports/stage28a_discovery_factory_batch_runner/stage28a_exact_trades.csv,calendar_time_risk_proxy_v1,calendar_drop_monday_h9_tp06_sl065,1.1242000000001098,0.0742000000001099,-0.6257999999998898,1,0,0,0,0.0742000000001099,28.480000000000018,12.690000000000055,0.3065405831363165,18.789999999999964,0.4220329962746063,4.1899999999996,5.6259999999999994,0.12,1.0,,,9,2,3.0,2025
2025-03-27 09:00:00+00:00|1.0|calendar_drop_monday_h9_tp06_sl065,2025-03-27 09:00:00+00:00,STAGE28A,data/reports/stage28a_discovery_factory_batch_runner/stage28a_exact_trades.csv,calendar_time_risk_proxy_v1,calendar_drop_monday_h9_tp06_sl065,1.5694000000002233,0.5194000000002235,-0.1805999999997762,1,0,1,0,0.5194000000002235,19.840000000000146,21.110000000000127,0.7607768829938346,29.13000000000011,0.5918297288019283,6.519999999999982,5.534000000000015,0.08,1.0,,,9,3,3.0,2025
2025-03-28 09:00:00+00:00|-1.0|calendar_drop_monday_h9_tp06_sl065,2025-03-28 09:00:00+00:00,STAGE28A,data/reports/stage28a_discovery_factory_batch_runner/stage28a_exact_trades.csv,calendar_time_risk_proxy_v1,calendar_drop_monday_h9_tp06_sl065,-2.474200000000201,-3.5242000000002007,-4.2242000000002005,0,0,0,1,3.5242000000002007,42.07999999999993,23.289999999999964,0.7745813653928721,19.770000000000437,0.018715225088535025,8.220000000000255,7.275000000000023,0.716,-1.0,,,9,4,3.0,2025
2025-03-28 22:45:00+00:00|1.0|calendar_drop_monday_h9_tp06_sl065,2025-03-28 22:45:00+00:00,STAGE28A,data/reports/stage28a_discovery_factory_batch_runner/stage28a_exact_trades.csv,calendar_time_risk_proxy_v1,calendar_drop_monday_h9_tp06_sl065,-0.35,-1.4,-2.1,0,0,0,0,1.4,42.07999999999993,23.289999999999964,0.7745813653928721,19.770000000000437,0.018715225088535025,2.400000000000091,9.158500000000004,1.0,1.0,,,9,4,3.0,2025
2025-04-01 09:00:00+00:00|-1.0|calendar_drop_monday_h9_tp06_sl065,2025-04-01 09:00:00+00:00,STAGE28A,data/reports/stage28a_discovery_factory_batch_runner/stage28a_exact_trades.csv,calendar_time_risk_proxy_v1,calendar_drop_monday_h9_tp06_sl065,2.294800000000032,1.244800000000032,0.5448000000000324,1,1,1,0,1.244800000000032,51.42000000000007,27.210000000000036,0.8515251745681582,24.809999999999945,0.5630794034663373,18.449999999999818,9.038999999999941,0.888,-1.0,,,9,1,4.0,2025
2025-04-02 09:00:00+00:00|1.0|calendar_drop_monday_h9_tp06_sl065,2025-04-02 09:00:00+00:00,STAGE28A,data/reports/stage28a_discovery_factory_batch_runner/stage28a_exact_trades.csv,calendar_time_risk_proxy_v1,calendar_drop_monday_h9_tp06_sl065,2.148700000000099,1.098700000000099,0.3987000000000993,1,1,1,0,1.098700000000099,48.38000000000011,27.879999999999654,0.5068149210903976,24.329999999999927,0.23386765310316776,9.570000000000164,9.11550000000002,0.856,1.0,,,9,2,4.0,2025
2025-04-03 09:00:00+00:00|-1.0|calendar_drop_monday_h9_tp06_sl065,2025-04-03 09:00:00+00:00,STAGE28A,data/reports/stage28a_discovery_factory_batch_runner/stage28a_exact_trades.csv,calendar_time_risk_proxy_v1,calendar_drop_monday_h9_tp06_sl065,3.2647000000000843,2.2147000000000845,1.5147000000000848,1,1,1,0,2.2147000000000845,41.36000000000013,45.86000000000013,0.04513737461839737,33.409999999999854,0.7934750074827995,16.789999999999964,14.777999999999997,1.0,-1.0,,,9,3,4.0,2025
2025-04-04 09:00:00+00:00|-1.0|calendar_drop_monday_h9_tp06_sl065,2025-04-04 09:00:00+00:00,STAGE28A,data/reports/stage28a_discovery_factory_batch_runner/stage28a_exact_trades.csv,calendar_time_risk_proxy_v1,calendar_drop_monday_h9_tp06_sl065,3.249699999999757,2.199699999999757,1.4996999999997571,1,1,1,0,2.199699999999757,113.61000000000013,29.670000000000073,0.572295247724974,31.329999999999927,0.25247366741143723,9.970000000000255,16.833500000000072,0.956,-1.0,,,9,4,4.0,2025
2025-04-04 23:45:00+00:00|1.0|calendar_drop_monday_h9_tp06_sl065,2025-04-04 23:45:00+00:00,STAGE28A,data/reports/stage28a_discovery_factory_batch_runner/stage28a_exact_trades.csv,calendar_time_risk_proxy_v1,calendar_drop_monday_h9_tp06_sl065,-0.35,-1.4,-2.1,0,0,0,0,1.4,113.61000000000013,29.670000000000073,0.572295247724974,31.329999999999927,0.25247366741143723,18.769999999999982,19.32099999999998,0.984,1.0,,,9,4,4.0,2025
2025-04-08 09:00:00+00:00|1.0|calendar_drop_monday_h9_tp06_sl065,2025-04-08 09:00:00+00:00,STAGE28A,data/reports/stage28a_discovery_factory_batch_runner/stage28a_exact_trades.csv,calendar_time_risk_proxy_v1,calendar_drop_monday_h9_tp06_sl065,3.248199999999906,2.1981999999999062,1.4981999999999065,1,1,1,0,2.1981999999999062,99.02999999999975,26.2800000000002,0.3047945205479339,24.710000000000036,0.4900849858356985,8.670000000000073,15.957500000000028,0.768,1.0,,,9,1,4.0,2025
2025-04-09 09:00:00+00:00|1.0|calendar_drop_monday_h9_tp06_sl065,2025-04-09 09:00:00+00:00,STAGE28A,data/reports/stage28a_discovery_factory_batch_runner/stage28a_exact_trades.csv,calendar_time_risk_proxy_v1,calendar_drop_monday_h9_tp06_sl065,-5.414800000000104,-6.464800000000105,-7.164800000000104,0,0,0,1,6.464800000000105,47.98000000000002,41.13999999999987,0.5486144871171555,52.7800000000002,0.7663887836301566,15.050000000000182,14.241499999999997,0.7,1.0,,,9,2,4.0,2025
2025-04-10 09:00:00+00:00|-1.0|calendar_drop_monday_h9_tp06_sl065,2025-04-10 09:00:00+00:00,STAGE28A,data/reports/stage28a_discovery_factory_batch_runner/stage28a_exact_trades.csv,calendar_time_risk_proxy_v1,calendar_drop_monday_h9_tp06_sl065,4.841200000000208,3.791200000000208,3.0912000000002084,1,1,1,0,3.791200000000208,129.6500000000001,60.11999999999989,0.7538256819693986,29.460000000000036,0.30040733197557207,19.7800000000002,21.40850000000005,0.9,-1.0,,,9,3,4.0,2025
2025-04-11 09:00:00+00:00|-1.0|calendar_drop_monday_h9_tp06_sl065,2025-04-11 09:00:00+00:00,STAGE28A,data/reports/stage28a_discovery_factory_batch_runner/stage28a_exact_trades.csv,calendar_time_risk_proxy_v1,calendar_drop_monday_h9_tp06_sl065,-5.668624999999883,-6.718624999999884,-7.418624999999883,0,0,0,1,6.718624999999884,117.48000000000002,44.58999999999969,0.6503700381251447,42.960000000000036,0.23114525139664405,32.0300000000002,16.097500000000014,0.64,-1.0,,,9,4,4.0,2025
2025-04-11 23:45:00+00:00|1.0|calendar_drop_monday_h9_tp06_sl065,2025-04-11 23:45:00+00:00,STAGE28A,data/reports/stage28a_discovery_factory_batch_runner/stage28a_exact_trades.csv,calendar_time_risk_proxy_v1,calendar_drop_monday_h9_tp06_sl065,-4.031924999999864,-5.081924999999865,-5.781924999999864,0,0,0,1,5.081924999999865,117.48000000000002,44.58999999999969,0.6503700381251447,42.960000000000036,0.23114525139664405,8.190000000000055,17.83900000000001,0.744,1.0,,,9,4,4.0,2025
2025-04-15 09:00:00+00:00|-1.0|calendar_drop_monday_h9_tp06_sl065,2025-04-15 09:00:00+00:00,STAGE28A,data/reports/stage28a_discovery_factory_batch_runner/stage28a_exact_trades.csv,calendar_time_risk_proxy_v1,calendar_drop_monday_h9_tp06_sl065,2.2665999999998347,1.216599999999835,0.5165999999998352,1,1,1,0,1.216599999999835,52.00999999999976,18.799999999999727,0.8563829787234118,15.259999999999764,0.38204456094364464,11.200000000000273,10.771999999999958,0.192,-1.0,,,9,1,4.0,2025
2025-04-16 09:00:00+00:00|1.0|calendar_drop_monday_h9_tp06_sl065,2025-04-16 09:00:00+00:00,STAGE28A,data/reports/stage28a_discovery_factory_batch_runner/stage28a_exact_trades.csv,calendar_time_risk_proxy_v1,calendar_drop_monday_h9_tp06_sl065,3.4131999999998697,2.36319999999987,1.66319999999987,1,1,1,0,2.36319999999987,31.389999999999873,51.76000000000022,0.7735703245749574,48.39000000000033,0.4552593511056014,8.0300000000002,10.89399999999996,0.188,1.0,,,9,2,4.0,2025
2025-04-17 09:00:00+00:00|-1.0|calendar_drop_monday_h9_tp06_sl065,2025-04-17 09:00:00+00:00,STAGE28A,data/reports/stage28a_discovery_factory_batch_runner/stage28a_exact_trades.csv,calendar_time_risk_proxy_v1,calendar_drop_monday_h9_tp06_sl065,4.2550000000000185,3.2050000000000183,2.5050000000000185,1,1,1,0,3.2050000000000183,121.34000000000015,36.90000000000009,0.17723577235772214,32.649999999999636,0.7038284839203759,16.98999999999978,13.286000000000012,0.288,-1.0,,,9,3,4.0,2025
2025-04-17 23:45:00+00:00|1.0|calendar_drop_monday_h9_tp06_sl065,2025-04-17 23:45:00+00:00,STAGE28A,data/reports/stage28a_discovery_factory_batch_runner/stage28a_exact_trades.csv,calendar_time_risk_proxy_v1,calendar_drop_monday_h9_tp06_sl065,-0.35,-1.4,-2.1,0,0,0,0,1.4,121.34000000000015,36.90000000000009,0.17723577235772214,32.649999999999636,0.7038284839203759,10.859999999999673,14.703999999999974,0.448,1.0,,,9,3,4.0,2025
2025-04-22 09:00:00+00:00|-1.0|calendar_drop_monday_h9_tp06_sl065,2025-04-22 09:00:00+00:00,STAGE28A,data/reports/stage28a_discovery_factory_batch_runner/stage28a_exact_trades.csv,calendar_time_risk_proxy_v1,calendar_drop_monday_h9_tp06_sl065,5.091100000000006,4.0411000000000055,3.341100000000006,1,1,1,0,4.0411000000000055,102.19999999999982,82.3100000000004,0.6886162070222277,56.809999999999945,0.5835240274599564,21.990000000000236,17.459500000000048,0.776,-1.0,,,9,1,4.0,2025
2025-04-23 09:00:00+00:00|-1.0|calendar_drop_monday_h9_tp06_sl065,2025-04-23 09:00:00+00:00,STAGE28A,data/reports/stage28a_discovery_factory_batch_runner/stage28a_exact_trades.csv,calendar_time_risk_proxy_v1,calendar_drop_monday_h9_tp06_sl065,6.79240000000018,5.742400000000179,5.04240000000018,1,1,1,0,5.742400000000179,174.55999999999995,73.46000000000004,0.1497413558399128,57.48999999999978,0.37049921725517937,33.31999999999971,26.55799999999997,1.0,-1.0,,,9,2,4.0,2025
2025-04-24 09:00:00+00:00|1.0|calendar_drop_monday_h9_tp06_sl065,2025-04-24 09:00:00+00:00,STAGE28A,data/reports/stage28a_discovery_factory_batch_runner/stage28a_exact_trades.csv,calendar_time_risk_proxy_v1,calendar_drop_monday_h9_tp06_sl065,-6.532475000000067,-7.582475000000068,-8.282475000000067,0,0,0,1,7.582475000000068,126.44999999999982,79.0,0.23063291139240252,28.09999999999991,0.312455516014243,15.010000000000218,21.276500000000077,0.824,1.0,,,9,3,4.0,2025
2025-04-25 09:00:00+00:00|-1.0|calendar_drop_monday_h9_tp06_sl065,2025-04-25 09:00:00+00:00,STAGE28A,data/reports/stage28a_discovery_factory_batch_runner/stage28a_exact_trades.csv,calendar_time_risk_proxy_v1,calendar_drop_monday_h9_tp06_sl065,-5.941300000000046,-6.991300000000047,-7.691300000000046,0,0,0,1,6.991300000000047,79.0,48.029999999999745,0.906516760358123,40.48999999999978,0.7698197085700232,39.940000000000055,16.755499999999962,0.648,-1.0,,,9,4,4.0,2025
2025-04-25 23:45:00+00:00|1.0|calendar_drop_monday_h9_tp06_sl065,2025-04-25 23:45:00+00:00,STAGE28A,data/reports/stage28a_discovery_factory_batch_runner/stage28a_exact_trades.csv,calendar_time_risk_proxy_v1,calendar_drop_monday_h9_tp06_sl065,-0.35,-1.4,-2.1,0,0,0,0,1.4,79.0,48.029999999999745,0.906516760358123,40.48999999999978,0.7698197085700232,24.539999999999964,16.793000000000006,0.668,1.0,,,9,4,4.0,2025
2025-04-29 09:00:00+00:00|-1.0|calendar_drop_monday_h9_tp06_sl065,2025-04-29 09:00:00+00:00,STAGE28A,data/reports/stage28a_discovery_factory_batch_runner/stage28a_exact_trades.csv,calendar_time_risk_proxy_v1,calendar_drop_monday_h9_tp06_sl065,-4.787875000000076,-5.837875000000077,-6.537875000000076,0,0,0,1,5.837875000000077,84.68000000000029,40.26999999999998,0.5495406009436334,19.720000000000255,0.35699797160242763,11.450000000000273,13.959000000000037,0.352,-1.0,,,9,1,4.0,2025
2025-04-30 09:00:00+00:00|-1.0|calendar_drop_monday_h9_tp06_sl065,2025-04-30 09:00:00+00:00,STAGE28A,data/reports/stage28a_discovery_factory_batch_runner/stage28a_exact_trades.csv,calendar_time_risk_proxy_v1,calendar_drop_monday_h9_tp06_sl065,2.8230999999999766,1.7730999999999768,1.073099999999977,1,1,1,0,1.7730999999999768,48.690000000000055,24.269999999999982,0.5937371240214201,39.57999999999993,0.7271349166245528,6.960000000000036,11.134499999999957,0.12,-1.0,,,9,2,4.0,2025
2025-05-01 09:00:00+00:00|1.0|calendar_drop_monday_h9_tp06_sl065,2025-05-01 09:00:00+00:00,STAGE28A,data/reports/stage28a_discovery_factory_batch_runner/stage28a_exact_trades.csv,calendar_time_risk_proxy_v1,calendar_drop_monday_h9_tp06_sl065,4.072900000000027,3.022900000000027,2.3229000000000277,1,1,1,0,3.022900000000027,60.86999999999989,61.15000000000009,0.7282093213409596,27.449999999999818,0.39744990892533266,15.319999999999709,16.417999999999985,0.6,1.0,,,9,3,5.0,2025
2025-05-02 09:00:00+00:00|1.0|calendar_drop_monday_h9_tp06_sl065,2025-05-02 09:00:00+00:00,STAGE28A,data/reports/stage28a_discovery_factory_batch_runner/stage28a_exact_trades.csv,calendar_time_risk_proxy_v1,calendar_drop_monday_h9_tp06_sl065,-3.320499999999902,-4.370499999999902,-5.070499999999901,0,0,0,1,4.370499999999902,88.20000000000027,31.109999999999673,0.5483767277402805,20.670000000000073,0.49443638122882266,7.440000000000055,12.796000000000003,0.148,1.0,,,9,4,5.0,2025
2025-05-02 23:45:00+00:00|1.0|calendar_drop_monday_h9_tp06_sl065,2025-05-02 23:45:00+00:00,STAGE28A,data/reports/stage28a_discovery_factory_batch_runner/stage28a_exact_trades.csv,calendar_time_risk_proxy_v1,calendar_drop_monday_h9_tp06_sl065,-0.35,-1.4,-2.1,0,0,0,0,1.4,88.20000000000027,31.109999999999673,0.5483767277402805,20.670000000000073,0.49443638122882266,8.110000000000127,13.264999999999986,0.212,1.0,,,9,4,5.0,2025
2025-05-06 09:00:00+00:00|1.0|calendar_drop_monday_h9_tp06_sl065,2025-05-06 09:00:00+00:00,STAGE28A,data/reports/stage28a_discovery_factory_batch_runner/stage28a_exact_trades.csv,calendar_time_risk_proxy_v1,calendar_drop_monday_h9_tp06_sl065,5.264500000000135,4.214500000000134,3.514500000000135,1,1,1,0,4.214500000000134,100.18000000000029,63.51999999999998,0.4711901763224157,32.86999999999989,0.6905993306966807,13.700000000000273,13.53100000000004,0.324,1.0,,,9,1,5.0,2025
2025-05-07 09:00:00+00:00|1.0|calendar_drop_monday_h9_tp06_sl065,2025-05-07 09:00:00+00:00,STAGE28A,data/reports/stage28a_discovery_factory_batch_runner/stage28a_exact_trades.csv,calendar_time_risk_proxy_v1,calendar_drop_monday_h9_tp06_sl065,-5.835999999999876,-6.885999999999877,-7.585999999999876,0,0,0,1,6.885999999999877,111.4699999999998,78.80000000000018,0.07398477157360296,27.629999999999654,0.20123054650742,10.789999999999964,19.46250000000009,0.852,1.0,,,9,2,5.0,2025
2025-05-08 09:00:00+00:00|-1.0|calendar_drop_monday_h9_tp06_sl065,2025-05-08 09:00:00+00:00,STAGE28A,data/reports/stage28a_discovery_factory_batch_runner/stage28a_exact_trades.csv,calendar_time_risk_proxy_v1,calendar_drop_monday_h9_tp06_sl065,-6.263050000000112,-7.313050000000112,-8.013050000000112,0,0,0,1,7.313050000000112,78.80000000000018,50.23000000000002,0.5377264582918525,79.16000000000031,0.8227640222334494,29.269999999999982,14.85549999999996,0.544,-1.0,,,9,3,5.0,2025
2025-05-09 09:00:00+00:00|1.0|calendar_drop_monday_h9_tp06_sl065,2025-05-09 09:00:00+00:00,STAGE28A,data/reports/stage28a_discovery_factory_batch_runner/stage28a_exact_trades.csv,calendar_time_risk_proxy_v1,calendar_drop_monday_h9_tp06_sl065,5.457999999999993,4.407999999999992,3.707999999999993,1,1,1,0,4.407999999999992,126.18000000000029,49.309999999999945,0.3214358142364617,24.079999999999927,0.7093023255813945,17.360000000000127,17.37800000000002,0.892,1.0,,,9,4,5.0,2025
2025-05-09 23:45:00+00:00|1.0|calendar_drop_monday_h9_tp06_sl065,2025-05-09 23:45:00+00:00,STAGE28A,data/reports/stage28a_discovery_factory_batch_runner/stage28a_exact_trades.csv,calendar_time_risk_proxy_v1,calendar_drop_monday_h9_tp06_sl065,2.1417999999997845,1.0917999999997847,0.391799999999785,1,1,1,0,1.0917999999997847,126.18000000000029,49.309999999999945,0.3214358142364617,24.079999999999927,0.7093023255813945,14.359999999999673,13.973999999999933,0.44,1.0,,,9,4,5.0,2025
2025-05-13 09:00:00+00:00|1.0|calendar_drop_monday_h9_tp06_sl065,2025-05-13 09:00:00+00:00,STAGE28A,data/reports/stage28a_discovery_factory_batch_runner/stage28a_exact_trades.csv,calendar_time_risk_proxy_v1,calendar_drop_monday_h9_tp06_sl065,3.958899999999994,2.9088999999999943,2.2088999999999945,1,1,1,0,2.9088999999999943,103.59999999999991,27.399999999999636,0.1021897810219058,30.669999999999618,0.5441799804369176,9.480000000000018,12.776499999999965,0.212,1.0,,,9,1,5.0,2025
2025-05-14 09:00:00+00:00|1.0|calendar_drop_monday_h9_tp06_sl065,2025-05-14 09:00:00+00:00,STAGE28A,data/reports/stage28a_discovery_factory_batch_runner/stage28a_exact_trades.csv,calendar_time_risk_proxy_v1,calendar_drop_monday_h9_tp06_sl065,-4.283474999999816,-5.333474999999817,-6.033474999999816,0,0,0,1,5.333474999999817,49.629999999999654,30.800000000000182,0.849025974025972,22.360000000000127,0.1797853309481198,12.690000000000055,10.183999999999969,0.016,1.0,,,9,2,5.0,2025
2025-05-15 09:00:00+00:00|1.0|calendar_drop_monday_h9_tp06_sl065,2025-05-15 09:00:00+00:00,STAGE28A,data/reports/stage28a_discovery_factory_batch_runner/stage28a_exact_trades.csv,calendar_time_risk_proxy_v1,calendar_drop_monday_h9_tp06_sl065,-5.307225000000107,-6.357225000000108,-7.057225000000107,0,0,0,1,6.357225000000108,88.99000000000024,44.320000000000164,0.7274368231046958,50.940000000000055,0.290341578327443,19.620000000000346,14.314500000000066,0.528,1.0,,,9,3,5.0,2025
2025-05-16 09:00:00+00:00|-1.0|calendar_drop_monday_h9_tp06_sl065,2025-05-16 09:00:00+00:00,STAGE28A,data/reports/stage28a_discovery_factory_batch_runner/stage28a_exact_trades.csv,calendar_time_risk_proxy_v1,calendar_drop_monday_h9_tp06_sl065,3.8038000000000474,2.7538000000000467,2.053800000000047,1,1,1,0,2.7538000000000467,131.69000000000005,45.57999999999993,0.8600263273365585,35.88000000000011,0.07413600891861333,10.239999999999782,12.937499999999932,0.292,-1.0,,,9,4,5.0,2025
2025-05-16 23:45:00+00:00|1.0|calendar_drop_monday_h9_tp06_sl065,2025-05-16 23:45:00+00:00,STAGE28A,data/reports/stage28a_discovery_factory_batch_runner/stage28a_exact_trades.csv,calendar_time_risk_proxy_v1,calendar_drop_monday_h9_tp06_sl065,-0.35,-1.4,-2.1,0,0,0,0,1.4,131.69000000000005,45.57999999999993,0.8600263273365585,35.88000000000011,0.07413600891861333,8.210000000000036,15.963499999999954,0.716,1.0,,,9,4,5.0,2025
2025-05-20 09:00:00+00:00|1.0|calendar_drop_monday_h9_tp06_sl065,2025-05-20 09:00:00+00:00,STAGE28A,data/reports/stage28a_discovery_factory_batch_runner/stage28a_exact_trades.csv,calendar_time_risk_proxy_v1,calendar_drop_monday_h9_tp06_sl065,-4.089125000000058,-5.139125000000059,-5.839125000000058,0,0,0,1,5.139125000000059,43.039999999999964,28.140000000000327,0.5501066098080805,31.31999999999971,0.7962962962963054,9.88000000000011,10.125500000000011,0.024,1.0,,,9,1,5.0,2025
2025-05-21 09:00:00+00:00|1.0|calendar_drop_monday_h9_tp06_sl065,2025-05-21 09:00:00+00:00,STAGE28A,data/reports/stage28a_discovery_factory_batch_runner/stage28a_exact_trades.csv,calendar_time_risk_proxy_v1,calendar_drop_monday_h9_tp06_sl065,3.5667999999999664,2.5167999999999666,1.8167999999999669,1,1,1,0,2.5167999999999666,92.44000000000005,29.09999999999991,0.3731958762886497,22.159999999999854,0.26579422382673135,21.179999999999836,12.979999999999905,0.3,1.0,,,9,2,5.0,2025
2025-05-22 09:00:00+00:00|-1.0|calendar_drop_monday_h9_tp06_sl065,2025-05-22 09:00:00+00:00,STAGE28A,data/reports/stage28a_discovery_factory_batch_runner/stage28a_exact_trades.csv,calendar_time_risk_proxy_v1,calendar_drop_monday_h9_tp06_sl065,2.585199999999895,1.535199999999895,0.8351999999998956,1,1,1,0,1.535199999999895,39.2800000000002,29.789999999999964,0.5877811346089219,35.23999999999978,0.8688989784336004,13.170000000000073,10.609499999999958,0.12,-1.0,,,9,3,5.0,2025
2025-05-23 09:00:00+00:00|1.0|calendar_drop_monday_h9_tp06_sl065,2025-05-23 09:00:00+00:00,STAGE28A,data/reports/stage28a_discovery_factory_batch_runner/stage28a_exact_trades.csv,calendar_time_risk_proxy_v1,calendar_drop_monday_h9_tp06_sl065,-3.9422249999998713,-4.992224999999872,-5.692224999999871,0,0,0,1,4.992224999999872,66.07000000000016,21.76000000000022,0.197150735294114,32.4399999999996,0.8187422934648666,13.159999999999854,13.802500000000055,0.532,1.0,,,9,4,5.0,2025
2025-05-23 23:45:00+00:00|1.0|calendar_drop_monday_h9_tp06_sl065,2025-05-23 23:45:00+00:00,STAGE28A,data/reports/stage28a_discovery_factory_batch_runner/stage28a_exact_trades.csv,calendar_time_risk_proxy_v1,calendar_drop_monday_h9_tp06_sl065,-0.35,-1.4,-2.1,0,0,0,0,1.4,66.07000000000016,21.76000000000022,0.197150735294114,32.4399999999996,0.8187422934648666,7.410000000000309,12.607000000000017,0.392,1.0,,,9,4,5.0,2025
2025-05-27 09:00:00+00:00|-1.0|calendar_drop_monday_h9_tp06_sl065,2025-05-27 09:00:00+00:00,STAGE28A,data/reports/stage28a_discovery_factory_batch_runner/stage28a_exact_trades.csv,calendar_time_risk_proxy_v1,calendar_drop_monday_h9_tp06_sl065,2.506600000000071,1.4566000000000714,0.7566000000000717,1,1,1,0,1.4566000000000714,33.23999999999978,18.09999999999991,0.3596685082872816,48.90000000000009,0.9141104294478474,16.549999999999727,7.233500000000004,0.036,-1.0,,,9,1,5.0,2025
2025-05-28 09:00:00+00:00|1.0|calendar_drop_monday_h9_tp06_sl065,2025-05-28 09:00:00+00:00,STAGE28A,data/reports/stage28a_discovery_factory_batch_runner/stage28a_exact_trades.csv,calendar_time_risk_proxy_v1,calendar_drop_monday_h9_tp06_sl065,3.1186000000001517,2.0686000000001514,1.3686000000001517,1,1,1,0,2.0686000000001514,64.65999999999985,24.050000000000182,0.22910602910601754,31.070000000000164,0.8464757000321868,14.239999999999782,9.785500000000047,0.124,1.0,,,9,2,5.0,2025
2025-05-29 09:00:00+00:00|1.0|calendar_drop_monday_h9_tp06_sl065,2025-05-29 09:00:00+00:00,STAGE28A,data/reports/stage28a_discovery_factory_batch_runner/stage28a_exact_trades.csv,calendar_time_risk_proxy_v1,calendar_drop_monday_h9_tp06_sl065,3.3265000000000327,2.276500000000033,1.576500000000033,1,1,1,0,2.276500000000033,48.7199999999998,49.67000000000007,0.2415945238574589,23.240000000000236,0.3222891566265129,6.630000000000109,14.188999999999965,0.752,1.0,,,9,3,5.0,2025
2025-05-30 09:00:00+00:00|1.0|calendar_drop_monday_h9_tp06_sl065,2025-05-30 09:00:00+00:00,STAGE28A,data/reports/stage28a_discovery_factory_batch_runner/stage28a_exact_trades.csv,calendar_time_risk_proxy_v1,calendar_drop_monday_h9_tp06_sl065,3.139900000000034,2.0899000000000343,1.3899000000000346,1,1,1,0,2.0899000000000343,85.5,31.449999999999818,0.6311605723370437,17.59999999999991,0.06193181818182677,14.769999999999982,10.400500000000012,0.264,1.0,,,9,4,5.0,2025
2025-05-30 23:45:00+00:00|1.0|calendar_drop_monday_h9_tp06_sl065,2025-05-30 23:45:00+00:00,STAGE28A,data/reports/stage28a_discovery_factory_batch_runner/stage28a_exact_trades.csv,calendar_time_risk_proxy_v1,calendar_drop_monday_h9_tp06_sl065,-0.35,-1.4,-2.1,0,0,0,0,1.4,85.5,31.449999999999818,0.6311605723370437,17.59999999999991,0.06193181818182677,3.4200000000000728,12.199499999999967,0.612,1.0,,,9,4,5.0,2025
2025-06-03 09:00:00+00:00|-1.0|calendar_drop_monday_h9_tp06_sl065,2025-06-03 09:00:00+00:00,STAGE28A,data/reports/stage28a_discovery_factory_batch_runner/stage28a_exact_trades.csv,calendar_time_risk_proxy_v1,calendar_drop_monday_h9_tp06_sl065,-3.820675000000029,-4.870675000000029,-5.570675000000028,0,0,0,1,4.870675000000029,94.19000000000005,32.42000000000007,0.8932757557063532,16.5,0.27636363636363304,11.329999999999927,10.224000000000023,0.252,-1.0,,,9,1,6.0,2025
2025-06-04 09:00:00+00:00|1.0|calendar_drop_monday_h9_tp06_sl065,2025-06-04 09:00:00+00:00,STAGE28A,data/reports/stage28a_discovery_factory_batch_runner/stage28a_exact_trades.csv,calendar_time_risk_proxy_v1,calendar_drop_monday_h9_tp06_sl065,-3.47519999999995,-4.52519999999995,-5.225199999999949,0,0,0,1,4.52519999999995,59.320000000000164,26.11999999999989,0.07465543644716027,17.25,0.2179710144927663,8.440000000000055,9.388999999999896,0.16,1.0,,,9,2,6.0,2025
2025-06-05 09:00:00+00:00|1.0|calendar_drop_monday_h9_tp06_sl065,2025-06-05 09:00:00+00:00,STAGE28A,data/reports/stage28a_discovery_factory_batch_runner/stage28a_exact_trades.csv,calendar_time_risk_proxy_v1,calendar_drop_monday_h9_tp06_sl065,-3.1316750000001776,-4.181675000000178,-4.881675000000177,0,0,0,1,4.181675000000178,40.88999999999987,15.769999999999982,0.24413443246670347,30.279999999999745,0.6647952443857423,8.509999999999764,9.80050000000001,0.236,1.0,,,9,3,6.0,2025
2025-06-06 09:00:00+00:00|-1.0|calendar_drop_monday_h9_tp06_sl065,2025-06-06 09:00:00+00:00,STAGE28A,data/reports/stage28a_discovery_factory_batch_runner/stage28a_exact_trades.csv,calendar_time_risk_proxy_v1,calendar_drop_monday_h9_tp06_sl065,-3.064399999999841,-4.114399999999842,-4.814399999999841,0,0,0,1,4.114399999999842,64.22000000000025,18.7199999999998,0.5694444444444671,22.740000000000236,0.5721196130167143,13.340000000000146,11.715000000000055,0.668,-1.0,,,9,4,6.0,2025
2025-06-06 23:45:00+00:00|1.0|calendar_drop_monday_h9_tp06_sl065,2025-06-06 23:45:00+00:00,STAGE28A,data/reports/stage28a_discovery_factory_batch_runner/stage28a_exact_trades.csv,calendar_time_risk_proxy_v1,calendar_drop_monday_h9_tp06_sl065,-0.35,-1.4,-2.1,0,0,0,0,1.4,64.22000000000025,18.7199999999998,0.5694444444444671,22.740000000000236,0.5721196130167143,7.670000000000073,11.182000000000016,0.604,1.0,,,9,4,6.0,2025
2025-06-10 09:00:00+00:00|1.0|calendar_drop_monday_h9_tp06_sl065,2025-06-10 09:00:00+00:00,STAGE28A,data/reports/stage28a_discovery_factory_batch_runner/stage28a_exact_trades.csv,calendar_time_risk_proxy_v1,calendar_drop_monday_h9_tp06_sl065,-3.579200000000219,-4.629200000000219,-5.329200000000219,0,0,0,1,4.629200000000219,44.629999999999654,25.990000000000236,0.6167756829549673,31.990000000000236,0.6927164738980977,12.399999999999636,8.365499999999907,0.076,1.0,,,9,1,6.0,2025
2025-06-11 09:00:00+00:00|1.0|calendar_drop_monday_h9_tp06_sl065,2025-06-11 09:00:00+00:00,STAGE28A,data/reports/stage28a_discovery_factory_batch_runner/stage28a_exact_trades.csv,calendar_time_risk_proxy_v1,calendar_drop_monday_h9_tp06_sl065,-2.817075000000022,-3.8670750000000234,-4.567075000000022,0,0,0,1,3.8670750000000234,47.15000000000009,26.059999999999945,0.5721412125863349,17.140000000000327,0.3302217036172547,7.539999999999964,9.451499999999987,0.272,1.0,,,9,2,6.0,2025
2025-06-12 09:00:00+00:00|-1.0|calendar_drop_monday_h9_tp06_sl065,2025-06-12 09:00:00+00:00,STAGE28A,data/reports/stage28a_discovery_factory_batch_runner/stage28a_exact_trades.csv,calendar_time_risk_proxy_v1,calendar_drop_monday_h9_tp06_sl065,-2.9480500000000576,-3.9980500000000574,-4.698050000000057,0,0,0,1,3.9980500000000574,54.10999999999967,21.41000000000031,0.20597851471274128,37.07999999999993,0.21467098166127432,7.989999999999782,12.240500000000043,0.864,-1.0,,,9,3,6.0,2025
2025-06-13 09:00:00+00:00|-1.0|calendar_drop_monday_h9_tp06_sl065,2025-06-13 09:00:00+00:00,STAGE28A,data/reports/stage28a_discovery_factory_batch_runner/stage28a_exact_trades.csv,calendar_time_risk_proxy_v1,calendar_drop_monday_h9_tp06_sl065,-4.882775000000128,-5.932775000000129,-6.632775000000128,0,0,0,1,5.932775000000129,60.320000000000164,64.65000000000009,0.6521268368136086,22.43000000000029,0.05840392331698299,10.789999999999964,13.218500000000017,0.952,-1.0,,,9,4,6.0,2025
2025-06-13 23:45:00+00:00|1.0|calendar_drop_monday_h9_tp06_sl065,2025-06-13 23:45:00+00:00,STAGE28A,data/reports/stage28a_discovery_factory_batch_runner/stage28a_exact_trades.csv,calendar_time_risk_proxy_v1,calendar_drop_monday_h9_tp06_sl065,-0.35,-1.4,-2.1,0,0,0,0,1.4,60.320000000000164,64.65000000000009,0.6521268368136086,22.43000000000029,0.05840392331698299,6.460000000000036,13.577000000000044,0.952,1.0,,,9,4,6.0,2025
2025-06-17 09:00:00+00:00|-1.0|calendar_drop_monday_h9_tp06_sl065,2025-06-17 09:00:00+00:00,STAGE28A,data/reports/stage28a_discovery_factory_batch_runner/stage28a_exact_trades.csv,calendar_time_risk_proxy_v1,calendar_drop_monday_h9_tp06_sl065,2.778700000000208,1.7287000000002082,1.0287000000002084,1,1,1,0,1.7287000000002082,70.05999999999995,29.539999999999964,0.2599864590386019,20.360000000000127,0.10559921414538691,4.730000000000018,10.877500000000055,0.532,-1.0,,,9,1,6.0,2025
2025-06-18 09:00:00+00:00|-1.0|calendar_drop_monday_h9_tp06_sl065,2025-06-18 09:00:00+00:00,STAGE28A,data/reports/stage28a_discovery_factory_batch_runner/stage28a_exact_trades.csv,calendar_time_risk_proxy_v1,calendar_drop_monday_h9_tp06_sl065,2.326600000000235,1.276600000000235,0.5766000000002354,1,1,1,0,1.276600000000235,37.070000000000164,25.65000000000009,0.08109161793372008,24.519999999999982,0.5236541598695006,11.409999999999854,10.158000000000039,0.412,-1.0,,,9,2,6.0,2025
2025-06-19 09:00:00+00:00|-1.0|calendar_drop_monday_h9_tp06_sl065,2025-06-19 09:00:00+00:00,STAGE28A,data/reports/stage28a_discovery_factory_batch_runner/stage28a_exact_trades.csv,calendar_time_risk_proxy_v1,calendar_drop_monday_h9_tp06_sl065,-3.390700000000016,-4.440700000000016,-5.140700000000015,0,0,0,1,4.440700000000016,37.409999999999854,18.40000000000009,0.08641304347826835,27.670000000000073,0.11962414166967607,15.009999999999764,9.58799999999992,0.284,-1.0,,,9,3,6.0,2025
2025-06-20 09:00:00+00:00|-1.0|calendar_drop_monday_h9_tp06_sl065,2025-06-20 09:00:00+00:00,STAGE28A,data/reports/stage28a_discovery_factory_batch_runner/stage28a_exact_trades.csv,calendar_time_risk_proxy_v1,calendar_drop_monday_h9_tp06_sl065,2.5131999999997787,1.463199999999779,0.7631999999997792,1,1,1,0,1.463199999999779,40.36000000000013,25.590000000000146,0.3993747557639602,18.860000000000127,0.01590668080592392,12.289999999999964,8.462500000000045,0.072,-1.0,,,9,4,6.0,2025
2025-06-20 23:45:00+00:00|1.0|calendar_drop_monday_h9_tp06_sl065,2025-06-20 23:45:00+00:00,STAGE28A,data/reports/stage28a_discovery_factory_batch_runner/stage28a_exact_trades.csv,calendar_time_risk_proxy_v1,calendar_drop_monday_h9_tp06_sl065,-0.35,-1.4,-2.1,0,0,0,0,1.4,40.36000000000013,25.590000000000146,0.3993747557639602,18.860000000000127,0.01590668080592392,5.799999999999727,8.892499999999995,0.152,1.0,,,9,4,6.0,2025
2025-06-24 09:00:00+00:00|-1.0|calendar_drop_monday_h9_tp06_sl065,2025-06-24 09:00:00+00:00,STAGE28A,data/reports/stage28a_discovery_factory_batch_runner/stage28a_exact_trades.csv,calendar_time_risk_proxy_v1,calendar_drop_monday_h9_tp06_sl065,-3.5587249999999586,-4.608724999999959,-5.308724999999958,0,0,0,1,4.608724999999959,49.309999999999945,36.75,0.08408163265306519,37.289999999999964,0.9155269509251784,22.159999999999854,13.815999999999985,0.98,-1.0,,,9,1,6.0,2025
2025-06-25 09:00:00+00:00|-1.0|calendar_drop_monday_h9_tp06_sl065,2025-06-25 09:00:00+00:00,STAGE28A,data/reports/stage28a_discovery_factory_batch_runner/stage28a_exact_trades.csv,calendar_time_risk_proxy_v1,calendar_drop_monday_h9_tp06_sl065,-2.205424999999741,-3.255424999999741,-3.9554249999997406,0,0,0,1,3.255424999999741,74.55999999999995,14.210000000000036,0.4693877551020447,15.5,0.19935483870965748,6.949999999999818,8.185499999999957,0.02,-1.0,,,9,2,6.0,2025
2025-06-26 09:00:00+00:00|1.0|calendar_drop_monday_h9_tp06_sl065,2025-06-26 09:00:00+00:00,STAGE28A,data/reports/stage28a_discovery_factory_batch_runner/stage28a_exact_trades.csv,calendar_time_risk_proxy_v1,calendar_drop_monday_h9_tp06_sl065,1.6476999999998951,0.5976999999998953,-0.1023000000001044,1,0,1,0,0.5976999999998953,25.09999999999991,13.859999999999673,0.3448773448773675,19.23999999999978,0.12577962577963098,5.779999999999745,7.60750000000005,0.08,1.0,,,9,3,6.0,2025
2025-06-27 09:00:00+00:00|-1.0|calendar_drop_monday_h9_tp06_sl065,2025-06-27 09:00:00+00:00,STAGE28A,data/reports/stage28a_discovery_factory_batch_runner/stage28a_exact_trades.csv,calendar_time_risk_proxy_v1,calendar_drop_monday_h9_tp06_sl065,-3.717975000000115,-4.767975000000115,-5.467975000000115,0,0,0,1,4.767975000000115,40.289999999999964,35.63000000000011,0.7605950042099305,19.050000000000182,0.6068241469816187,11.680000000000291,9.61850000000004,0.404,-1.0,,,9,4,6.0,2025
2025-06-27 23:45:00+00:00|1.0|calendar_drop_monday_h9_tp06_sl065,2025-06-27 23:45:00+00:00,STAGE28A,data/reports/stage28a_discovery_factory_batch_runner/stage28a_exact_trades.csv,calendar_time_risk_proxy_v1,calendar_drop_monday_h9_tp06_sl065,-0.35,-1.4,-2.1,0,0,0,0,1.4,40.289999999999964,35.63000000000011,0.7605950042099305,19.050000000000182,0.6068241469816187,8.070000000000164,10.479999999999995,0.616,1.0,,,9,4,6.0,2025
2025-07-01 09:00:00+00:00|1.0|calendar_drop_monday_h9_tp06_sl065,2025-07-01 09:00:00+00:00,STAGE28A,data/reports/stage28a_discovery_factory_batch_runner/stage28a_exact_trades.csv,calendar_time_risk_proxy_v1,calendar_drop_monday_h9_tp06_sl065,1.590399999999954,0.5403999999999543,-0.1596000000000454,1,0,1,0,0.5403999999999543,63.93000000000029,20.279999999999745,0.4817554240631215,29.08999999999969,0.8446201443795108,9.330000000000382,7.500500000000057,0.08,1.0,,,9,1,7.0,2025
2025-07-02 09:00:00+00:00|-1.0|calendar_drop_monday_h9_tp06_sl065,2025-07-02 09:00:00+00:00,STAGE28A,data/reports/stage28a_discovery_factory_batch_runner/stage28a_exact_trades.csv,calendar_time_risk_proxy_v1,calendar_drop_monday_h9_tp06_sl065,1.6323999999998704,0.5823999999998706,-0.1176000000001291,1,0,1,0,0.5823999999998706,55.48999999999978,16.179999999999836,0.10074165636589157,16.269999999999982,0.10571604179472997,7.279999999999745,6.909999999999991,0.044,-1.0,,,9,2,7.0,2025
2025-07-03 09:00:00+00:00|1.0|calendar_drop_monday_h9_tp06_sl065,2025-07-03 09:00:00+00:00,STAGE28A,data/reports/stage28a_discovery_factory_batch_runner/stage28a_exact_trades.csv,calendar_time_risk_proxy_v1,calendar_drop_monday_h9_tp06_sl065,1.492000000000098,0.4420000000000983,-0.2579999999999014,1,0,1,0,0.4420000000000983,34.559999999999945,23.829999999999927,0.607217792698292,19.84999999999991,0.10277078085642181,10.25,7.683999999999946,0.264,1.0,,,9,3,7.0,2025
2025-07-04 09:00:00+00:00|1.0|calendar_drop_monday_h9_tp06_sl065,2025-07-04 09:00:00+00:00,STAGE28A,data/reports/stage28a_discovery_factory_batch_runner/stage28a_exact_trades.csv,calendar_time_risk_proxy_v1,calendar_drop_monday_h9_tp06_sl065,-2.2655500000001667,-3.3155500000001665,-4.015550000000166,0,0,0,1,3.3155500000001665,54.36999999999989,15.200000000000273,0.6059210526315705,12.009999999999764,0.32556203164029407,3.7599999999997635,8.636500000000023,0.436,1.0,,,9,4,7.0,2025
2025-07-04 19:45:00+00:00|1.0|calendar_drop_monday_h9_tp06_sl065,2025-07-04 19:45:00+00:00,STAGE28A,data/reports/stage28a_discovery_factory_batch_runner/stage28a_exact_trades.csv,calendar_time_risk_proxy_v1,calendar_drop_monday_h9_tp06_sl065,-0.35,-1.4,-2.1,0,0,0,0,1.4,54.36999999999989,15.200000000000273,0.6059210526315705,12.009999999999764,0.32556203164029407,3.0599999999999454,5.513999999999987,0.016,1.0,,,9,4,7.0,2025
2025-07-08 09:00:00+00:00|-1.0|calendar_drop_monday_h9_tp06_sl065,2025-07-08 09:00:00+00:00,STAGE28A,data/reports/stage28a_discovery_factory_batch_runner/stage28a_exact_trades.csv,calendar_time_risk_proxy_v1,calendar_drop_monday_h9_tp06_sl065,-2.409850000000097,-3.4598500000000967,-4.159850000000096,0,0,0,1,3.4598500000000967,46.31999999999971,16.210000000000036,0.5077112893275756,18.2800000000002,0.5202407002188246,7.0,7.360499999999979,0.224,-1.0,,,9,1,7.0,2025
2025-07-09 09:00:00+00:00|-1.0|calendar_drop_monday_h9_tp06_sl065,2025-07-09 09:00:00+00:00,STAGE28A,data/reports/stage28a_discovery_factory_batch_runner/stage28a_exact_trades.csv,calendar_time_risk_proxy_v1,calendar_drop_monday_h9_tp06_sl065,-3.197650000000158,-4.247650000000158,-4.9476500000001575,0,0,0,1,4.247650000000158,58.720000000000255,23.039999999999964,0.36067708333333154,15.109999999999673,0.2766379880873545,8.769999999999982,8.535999999999968,0.616,-1.0,,,9,2,7.0,2025
2025-07-10 09:00:00+00:00|1.0|calendar_drop_monday_h9_tp06_sl065,2025-07-10 09:00:00+00:00,STAGE28A,data/reports/stage28a_discovery_factory_batch_runner/stage28a_exact_trades.csv,calendar_time_risk_proxy_v1,calendar_drop_monday_h9_tp06_sl065,-2.271075000000201,-3.3210750000002007,-4.0210750000002005,0,0,0,1,3.3210750000002007,37.20999999999958,12.9699999999998,0.29452582883575695,15.36999999999989,0.698113207547176,4.4099999999998545,7.328499999999986,0.22,1.0,,,9,3,7.0,2025
2025-07-11 09:00:00+00:00|-1.0|calendar_drop_monday_h9_tp06_sl065,2025-07-11 09:00:00+00:00,STAGE28A,data/reports/stage28a_discovery_factory_batch_runner/stage28a_exact_trades.csv,calendar_time_risk_proxy_v1,calendar_drop_monday_h9_tp06_sl065,1.592199999999957,0.5421999999999572,-0.1578000000000425,1,0,1,0,0.5421999999999572,20.15000000000009,14.420000000000073,0.7302357836338521,14.16000000000031,0.4067796610169557,9.690000000000055,7.157499999999982,0.18,-1.0,,,9,4,7.0,2025
2025-07-11 23:45:00+00:00|1.0|calendar_drop_monday_h9_tp06_sl065,2025-07-11 23:45:00+00:00,STAGE28A,data/reports/stage28a_discovery_factory_batch_runner/stage28a_exact_trades.csv,calendar_time_risk_proxy_v1,calendar_drop_monday_h9_tp06_sl065,-0.35,-1.4,-2.1,0,0,0,0,1.4,20.15000000000009,14.420000000000073,0.7302357836338521,14.16000000000031,0.4067796610169557,4.099999999999909,8.598500000000012,0.708,1.0,,,9,4,7.0,2025
2025-07-15 09:00:00+00:00|1.0|calendar_drop_monday_h9_tp06_sl065,2025-07-15 09:00:00+00:00,STAGE28A,data/reports/stage28a_discovery_factory_batch_runner/stage28a_exact_trades.csv,calendar_time_risk_proxy_v1,calendar_drop_monday_h9_tp06_sl065,-2.2493000000000394,-3.299300000000039,-3.999300000000039,0,0,0,1,3.299300000000039,34.059999999999945,17.06999999999971,0.7158758055067641,9.0,0.6077777777777555,4.980000000000018,6.637500000000022,0.084,1.0,,,9,1,7.0,2025
2025-07-16 09:00:00+00:00|1.0|calendar_drop_monday_h9_tp06_sl065,2025-07-16 09:00:00+00:00,STAGE28A,data/reports/stage28a_discovery_factory_batch_runner/stage28a_exact_trades.csv,calendar_time_risk_proxy_v1,calendar_drop_monday_h9_tp06_sl065,-2.216149999999834,-3.266149999999834,-3.9661499999998338,0,0,0,1,3.266149999999834,46.159999999999854,11.390000000000327,0.678665496049148,10.139999999999873,0.5601577909270574,4.1599999999998545,8.091499999999929,0.612,1.0,,,9,2,7.0,2025
2025-07-17 09:00:00+00:00|-1.0|calendar_drop_monday_h9_tp06_sl065,2025-07-17 09:00:00+00:00,STAGE28A,data/reports/stage28a_discovery_factory_batch_runner/stage28a_exact_trades.csv,calendar_time_risk_proxy_v1,calendar_drop_monday_h9_tp06_sl065,-2.56389999999974,-3.613899999999739,-4.313899999999739,0,0,0,1,3.613899999999739,57.909999999999854,16.170000000000073,0.5009276437847787,20.009999999999764,0.7901049475262435,6.949999999999818,9.99450000000004,0.976,-1.0,,,9,3,7.0,2025
2025-07-18 09:00:00+00:00|1.0|calendar_drop_monday_h9_tp06_sl065,2025-07-18 09:00:00+00:00,STAGE28A,data/reports/stage28a_discovery_factory_batch_runner/stage28a_exact_trades.csv,calendar_time_risk_proxy_v1,calendar_drop_monday_h9_tp06_sl065,-2.3409499999998844,-3.390949999999884,-4.090949999999884,0,0,0,1,3.390949999999884,42.3100000000004,10.190000000000055,0.85083415112856,23.110000000000127,0.7676330592817022,7.389999999999873,6.521500000000015,0.1,1.0,,,9,4,7.0,2025
2025-07-18 23:45:00+00:00|1.0|calendar_drop_monday_h9_tp06_sl065,2025-07-18 23:45:00+00:00,STAGE28A,data/reports/stage28a_discovery_factory_batch_runner/stage28a_exact_trades.csv,calendar_time_risk_proxy_v1,calendar_drop_monday_h9_tp06_sl065,-0.35,-1.4,-2.1,0,0,0,0,1.4,42.3100000000004,10.190000000000055,0.85083415112856,23.110000000000127,0.7676330592817022,5.119999999999891,6.080000000000018,0.1,1.0,,,9,4,7.0,2025
2025-07-22 09:00:00+00:00|-1.0|calendar_drop_monday_h9_tp06_sl065,2025-07-22 09:00:00+00:00,STAGE28A,data/reports/stage28a_discovery_factory_batch_runner/stage28a_exact_trades.csv,calendar_time_risk_proxy_v1,calendar_drop_monday_h9_tp06_sl065,1.493199999999797,0.4431999999997971,-0.2568000000002026,1,0,1,0,0.4431999999997971,56.7199999999998,17.450000000000273,0.38739255014327295,9.409999999999854,0.6992561105207257,7.260000000000218,7.286999999999966,0.4,-1.0,,,9,1,7.0,2025
2025-07-23 09:00:00+00:00|1.0|calendar_drop_monday_h9_tp06_sl065,2025-07-23 09:00:00+00:00,STAGE28A,data/reports/stage28a_discovery_factory_batch_runner/stage28a_exact_trades.csv,calendar_time_risk_proxy_v1,calendar_drop_monday_h9_tp06_sl065,-2.608749999999964,-3.658749999999964,-4.358749999999963,0,0,0,1,3.658749999999964,50.26999999999998,19.579999999999927,0.24463738508682234,17.449999999999818,0.462464183381077,7.319999999999709,7.81149999999991,0.608,1.0,,,9,2,7.0,2025
2025-07-24 09:00:00+00:00|-1.0|calendar_drop_monday_h9_tp06_sl065,2025-07-24 09:00:00+00:00,STAGE28A,data/reports/stage28a_discovery_factory_batch_runner/stage28a_exact_trades.csv,calendar_time_risk_proxy_v1,calendar_drop_monday_h9_tp06_sl065,-3.187575000000016,-4.237575000000016,-4.937575000000015,0,0,0,1,4.237575000000016,57.620000000000346,18.539999999999964,0.1564185544768121,23.389999999999873,0.8610517315092107,8.519999999999982,8.716999999999917,0.868,-1.0,,,9,3,7.0,2025
2025-07-25 09:00:00+00:00|-1.0|calendar_drop_monday_h9_tp06_sl065,2025-07-25 09:00:00+00:00,STAGE28A,data/reports/stage28a_discovery_factory_batch_runner/stage28a_exact_trades.csv,calendar_time_risk_proxy_v1,calendar_drop_monday_h9_tp06_sl065,-2.433900000000085,-3.483900000000085,-4.183900000000085,0,0,0,1,3.483900000000085,41.970000000000255,14.789999999999964,0.6544962812711197,20.38000000000011,0.6506378802747641,7.110000000000127,6.860000000000014,0.236,-1.0,,,9,4,7.0,2025
2025-07-25 23:45:00+00:00|1.0|calendar_drop_monday_h9_tp06_sl065,2025-07-25 23:45:00+00:00,STAGE28A,data/reports/stage28a_discovery_factory_batch_runner/stage28a_exact_trades.csv,calendar_time_risk_proxy_v1,calendar_drop_monday_h9_tp06_sl065,0.940599999999813,-0.1094000000001869,-0.8094000000001866,0,0,0,0,0.1094000000001869,41.970000000000255,14.789999999999964,0.6544962812711197,20.38000000000011,0.6506378802747641,3.0099999999997635,7.130999999999972,0.36,1.0,,,9,4,7.0,2025
2025-07-29 09:00:00+00:00|1.0|calendar_drop_monday_h9_tp06_sl065,2025-07-29 09:00:00+00:00,STAGE28A,data/reports/stage28a_discovery_factory_batch_runner/stage28a_exact_trades.csv,calendar_time_risk_proxy_v1,calendar_drop_monday_h9_tp06_sl065,-2.5268499999998317,-3.576849999999831,-4.276849999999831,0,0,0,1,3.576849999999831,43.44999999999982,13.079999999999927,0.1551987767583912,20.879999999999654,0.5727969348659117,5.809999999999945,7.6664999999999734,0.572,1.0,,,9,1,7.0,2025
2025-07-30 09:00:00+00:00|1.0|calendar_drop_monday_h9_tp06_sl065,2025-07-30 09:00:00+00:00,STAGE28A,data/reports/stage28a_discovery_factory_batch_runner/stage28a_exact_trades.csv,calendar_time_risk_proxy_v1,calendar_drop_monday_h9_tp06_sl065,1.7533000000002177,0.7033000000002176,0.0033000000002179,1,1,1,0,0.7033000000002176,26.38000000000011,11.730000000000018,0.06308610400684019,10.860000000000127,0.2651933701657528,6.349999999999909,6.908500000000094,0.256,1.0,,,9,2,7.0,2025
2025-07-31 09:00:00+00:00|1.0|calendar_drop_monday_h9_tp06_sl065,2025-07-31 09:00:00+00:00,STAGE28A,data/reports/stage28a_discovery_factory_batch_runner/stage28a_exact_trades.csv,calendar_time_risk_proxy_v1,calendar_drop_monday_h9_tp06_sl065,-2.82682500000019,-3.87682500000019,-4.5768250000001895,0,0,0,1,3.87682500000019,65.80000000000018,24.590000000000146,0.6547376982513141,21.06999999999971,0.5495965828191783,6.849999999999909,9.697000000000049,0.964,1.0,,,9,3,7.0,2025
2025-08-01 09:00:00+00:00|1.0|calendar_drop_monday_h9_tp06_sl065,2025-08-01 09:00:00+00:00,STAGE28A,data/reports/stage28a_discovery_factory_batch_runner/stage28a_exact_trades.csv,calendar_time_risk_proxy_v1,calendar_drop_monday_h9_tp06_sl065,1.968699999999808,0.918699999999808,0.2186999999998082,1,1,1,0,0.918699999999808,40.809999999999945,15.559999999999945,0.23136246786631887,15.069999999999709,0.20570670205709513,8.549999999999727,7.891999999999984,0.64,1.0,,,9,4,8.0,2025
2025-08-01 23:45:00+00:00|1.0|calendar_drop_monday_h9_tp06_sl065,2025-08-01 23:45:00+00:00,STAGE28A,data/reports/stage28a_discovery_factory_batch_runner/stage28a_exact_trades.csv,calendar_time_risk_proxy_v1,calendar_drop_monday_h9_tp06_sl065,-0.35,-1.4,-2.1,0,0,0,0,1.4,40.809999999999945,15.559999999999945,0.23136246786631887,15.069999999999709,0.20570670205709513,13.690000000000055,10.481999999999925,1.0,1.0,,,9,4,8.0,2025
2025-08-05 09:00:00+00:00|-1.0|calendar_drop_monday_h9_tp06_sl065,2025-08-05 09:00:00+00:00,STAGE28A,data/reports/stage28a_discovery_factory_batch_runner/stage28a_exact_trades.csv,calendar_time_risk_proxy_v1,calendar_drop_monday_h9_tp06_sl065,-2.0828999999999724,-3.1328999999999723,-3.832899999999972,0,0,0,1,3.1328999999999723,40.25999999999976,10.429999999999836,0.2550335570470135,16.519999999999982,0.7481840193704686,6.350000000000364,6.431999999999971,0.068,-1.0,,,9,1,8.0,2025
2025-08-06 09:00:00+00:00|-1.0|calendar_drop_monday_h9_tp06_sl065,2025-08-06 09:00:00+00:00,STAGE28A,data/reports/stage28a_discovery_factory_batch_runner/stage28a_exact_trades.csv,calendar_time_risk_proxy_v1,calendar_drop_monday_h9_tp06_sl065,1.4037999999999555,0.3537999999999557,-0.346200000000044,1,0,1,0,0.3537999999999557,40.220000000000255,12.699999999999818,0.4,20.40000000000009,0.7725490196078504,4.3400000000001455,6.965499999999997,0.176,-1.0,,,9,2,8.0,2025
2025-08-07 09:00:00+00:00|-1.0|calendar_drop_monday_h9_tp06_sl065,2025-08-07 09:00:00+00:00,STAGE28A,data/reports/stage28a_discovery_factory_batch_runner/stage28a_exact_trades.csv,calendar_time_risk_proxy_v1,calendar_drop_monday_h9_tp06_sl065,1.6177000000001498,0.56770000000015,-0.1322999999998497,1,0,1,0,0.56770000000015,27.139999999999873,18.960000000000036,0.3992616033755353,25.840000000000146,0.11803405572754296,9.400000000000091,6.831499999999982,0.164,-1.0,,,9,3,8.0,2025
2025-08-08 09:00:00+00:00|-1.0|calendar_drop_monday_h9_tp06_sl065,2025-08-08 09:00:00+00:00,STAGE28A,data/reports/stage28a_discovery_factory_batch_runner/stage28a_exact_trades.csv,calendar_time_risk_proxy_v1,calendar_drop_monday_h9_tp06_sl065,2.042800000000079,0.9928000000000794,0.2928000000000796,1,1,1,0,0.9928000000000794,41.5,27.710000000000036,0.3471670876939689,15.539999999999964,0.30630630630632105,5.889999999999873,10.448499999999967,0.936,-1.0,,,9,4,8.0,2025
2025-08-08 23:45:00+00:00|1.0|calendar_drop_monday_h9_tp06_sl065,2025-08-08 23:45:00+00:00,STAGE28A,data/reports/stage28a_discovery_factory_batch_runner/stage28a_exact_trades.csv,calendar_time_risk_proxy_v1,calendar_drop_monday_h9_tp06_sl065,-0.35,-1.4,-2.1,0,0,0,0,1.4,41.5,27.710000000000036,0.3471670876939689,15.539999999999964,0.30630630630632105,8.480000000000018,11.741999999999962,0.996,1.0,,,9,4,8.0,2025
2025-08-12 09:00:00+00:00|-1.0|calendar_drop_monday_h9_tp06_sl065,2025-08-12 09:00:00+00:00,STAGE28A,data/reports/stage28a_discovery_factory_batch_runner/stage28a_exact_trades.csv,calendar_time_risk_proxy_v1,calendar_drop_monday_h9_tp06_sl065,-2.717949999999837,-3.767949999999837,-4.467949999999837,0,0,0,1,3.767949999999837,64.0300000000002,15.070000000000164,0.16323822163238286,15.83999999999969,0.24368686868688147,5.179999999999836,8.767000000000007,0.568,-1.0,,,9,1,8.0,2025
2025-08-13 09:00:00+00:00|1.0|calendar_drop_monday_h9_tp06_sl065,2025-08-13 09:00:00+00:00,STAGE28A,data/reports/stage28a_discovery_factory_batch_runner/stage28a_exact_trades.csv,calendar_time_risk_proxy_v1,calendar_drop_monday_h9_tp06_sl065,-2.6896750000001703,-3.73967500000017,-4.43967500000017,0,0,0,1,3.73967500000017,28.0300000000002,11.659999999999854,0.07375643224701013,21.079999999999927,0.7191650853890115,6.3400000000001455,8.180500000000075,0.428,1.0,,,9,2,8.0,2025
2025-08-14 09:00:00+00:00|-1.0|calendar_drop_monday_h9_tp06_sl065,2025-08-14 09:00:00+00:00,STAGE28A,data/reports/stage28a_discovery_factory_batch_runner/stage28a_exact_trades.csv,calendar_time_risk_proxy_v1,calendar_drop_monday_h9_tp06_sl065,1.6368999999998777,0.5868999999998779,-0.1131000000001218,1,0,1,0,0.5868999999998779,28.230000000000018,19.61999999999989,0.1432212028542284,24.98999999999978,0.16966786714686968,5.570000000000164,6.55649999999996,0.084,-1.0,,,9,3,8.0,2025
2025-08-15 09:00:00+00:00|-1.0|calendar_drop_monday_h9_tp06_sl065,2025-08-15 09:00:00+00:00,STAGE28A,data/reports/stage28a_discovery_factory_batch_runner/stage28a_exact_trades.csv,calendar_time_risk_proxy_v1,calendar_drop_monday_h9_tp06_sl065,-2.069250000000102,-3.1192500000001018,-3.8192500000001015,0,0,0,1,3.1192500000001018,45.40000000000009,12.629999999999654,0.795724465558231,10.309999999999945,0.07468477206595402,6.679999999999836,6.755499999999915,0.132,-1.0,,,9,4,8.0,2025
2025-08-15 23:45:00+00:00|1.0|calendar_drop_monday_h9_tp06_sl065,2025-08-15 23:45:00+00:00,STAGE28A,data/reports/stage28a_discovery_factory_batch_runner/stage28a_exact_trades.csv,calendar_time_risk_proxy_v1,calendar_drop_monday_h9_tp06_sl065,-0.35,-1.4,-2.1,0,0,0,0,1.4,45.40000000000009,12.629999999999654,0.795724465558231,10.309999999999945,0.07468477206595402,5.180000000000291,6.378000000000043,0.092,1.0,,,9,4,8.0,2025
2025-08-19 09:00:00+00:00|1.0|calendar_drop_monday_h9_tp06_sl065,2025-08-19 09:00:00+00:00,STAGE28A,data/reports/stage28a_discovery_factory_batch_runner/stage28a_exact_trades.csv,calendar_time_risk_proxy_v1,calendar_drop_monday_h9_tp06_sl065,-2.2785500000000867,-3.3285500000000865,-4.028550000000086,0,0,0,1,3.3285500000000865,34.79999999999973,15.579999999999927,0.21694480102696564,7.289999999999964,0.20301783264746578,4.809999999999945,5.101499999999987,0.008,1.0,,,9,1,8.0,2025
2025-08-20 09:00:00+00:00|1.0|calendar_drop_monday_h9_tp06_sl065,2025-08-20 09:00:00+00:00,STAGE28A,data/reports/stage28a_discovery_factory_batch_runner/stage28a_exact_trades.csv,calendar_time_risk_proxy_v1,calendar_drop_monday_h9_tp06_sl065,-2.133274999999776,-3.183274999999776,-3.883274999999776,0,0,0,1,3.183274999999776,30.36999999999989,7.0300000000002,0.09246088193457645,10.38000000000011,0.8333333333333334,6.040000000000418,5.717500000000018,0.108,1.0,,,9,2,8.0,2025
2025-08-21 09:00:00+00:00|-1.0|calendar_drop_monday_h9_tp06_sl065,2025-08-21 09:00:00+00:00,STAGE28A,data/reports/stage28a_discovery_factory_batch_runner/stage28a_exact_trades.csv,calendar_time_risk_proxy_v1,calendar_drop_monday_h9_tp06_sl065,-1.7669999999999164,-2.816999999999916,-3.516999999999916,0,0,0,0,2.816999999999916,38.88999999999987,12.33999999999969,0.793354943273923,7.849999999999909,0.09044585987261715,3.630000000000109,5.371000000000026,0.072,-1.0,,,9,3,8.0,2025
2025-08-22 09:00:00+00:00|-1.0|calendar_drop_monday_h9_tp06_sl065,2025-08-22 09:00:00+00:00,STAGE28A,data/reports/stage28a_discovery_factory_batch_runner/stage28a_exact_trades.csv,calendar_time_risk_proxy_v1,calendar_drop_monday_h9_tp06_sl065,0.9552999999999884,-0.0947000000000115,-0.7947000000000113,0,0,0,0,0.0947000000000115,26.9699999999998,9.139999999999873,0.7647702407002553,9.659999999999854,0.1946169772256871,4.050000000000182,5.872000000000048,0.252,-1.0,,,9,4,8.0,2025
2025-08-22 23:45:00+00:00|1.0|calendar_drop_monday_h9_tp06_sl065,2025-08-22 23:45:00+00:00,STAGE28A,data/reports/stage28a_discovery_factory_batch_runner/stage28a_exact_trades.csv,calendar_time_risk_proxy_v1,calendar_drop_monday_h9_tp06_sl065,-0.35,-1.4,-2.1,0,0,0,0,1.4,26.9699999999998,9.139999999999873,0.7647702407002553,9.659999999999854,0.1946169772256871,4.690000000000055,7.526999999999975,0.628,1.0,,,9,4,8.0,2025
2025-08-26 09:00:00+00:00|1.0|calendar_drop_monday_h9_tp06_sl065,2025-08-26 09:00:00+00:00,STAGE28A,data/reports/stage28a_discovery_factory_batch_runner/stage28a_exact_trades.csv,calendar_time_risk_proxy_v1,calendar_drop_monday_h9_tp06_sl065,-2.3591499999998637,-3.409149999999863,-4.109149999999863,0,0,0,1,3.409149999999863,16.389999999999873,35.129999999999654,0.22687161969826014,12.58999999999969,0.030182684670346602,6.5300000000002,7.733000000000016,0.788,1.0,,,9,1,8.0,2025
2025-08-27 09:00:00+00:00|1.0|calendar_drop_monday_h9_tp06_sl065,2025-08-27 09:00:00+00:00,STAGE28A,data/reports/stage28a_discovery_factory_batch_runner/stage28a_exact_trades.csv,calendar_time_risk_proxy_v1,calendar_drop_monday_h9_tp06_sl065,-1.9759749999999257,-3.0259749999999257,-3.725974999999925,0,0,0,0,3.0259749999999257,42.19999999999982,13.800000000000182,0.7543478260869689,11.629999999999654,0.21066208082548113,4.789999999999964,6.10450000000003,0.4,1.0,,,9,2,8.0,2025
2025-08-28 09:00:00+00:00|1.0|calendar_drop_monday_h9_tp06_sl065,2025-08-28 09:00:00+00:00,STAGE28A,data/reports/stage28a_discovery_factory_batch_runner/stage28a_exact_trades.csv,calendar_time_risk_proxy_v1,calendar_drop_monday_h9_tp06_sl065,1.049499999999989,-0.0005000000000108,-0.7005000000000106,0,0,0,0,0.0005000000000108,25.049999999999727,15.08999999999969,0.3770709078860286,13.86999999999989,0.6560922855083227,3.0799999999999272,5.5294999999999845,0.256,1.0,,,9,3,8.0,2025
2025-08-29 09:00:00+00:00|-1.0|calendar_drop_monday_h9_tp06_sl065,2025-08-29 09:00:00+00:00,STAGE28A,data/reports/stage28a_discovery_factory_batch_runner/stage28a_exact_trades.csv,calendar_time_risk_proxy_v1,calendar_drop_monday_h9_tp06_sl065,0.9625,-0.0874999999999999,-0.7874999999999996,0,0,0,0,0.0874999999999999,38.56999999999971,10.489999999999782,0.5633937082936108,8.269999999999982,0.44740024183800253,3.8600000000001273,5.973499999999921,0.484,-1.0,,,9,4,8.0,2025
2025-08-29 23:45:00+00:00|1.0|calendar_drop_monday_h9_tp06_sl065,2025-08-29 23:45:00+00:00,STAGE28A,data/reports/stage28a_discovery_factory_batch_runner/stage28a_exact_trades.csv,calendar_time_risk_proxy_v1,calendar_drop_monday_h9_tp06_sl065,-0.35,-1.4,-2.1,0,0,0,0,1.4,38.56999999999971,10.489999999999782,0.5633937082936108,8.269999999999982,0.44740024183800253,12.210000000000036,6.845499999999992,0.756,1.0,,,9,4,8.0,2025
2025-09-02 09:00:00+00:00|-1.0|calendar_drop_monday_h9_tp06_sl065,2025-09-02 09:00:00+00:00,STAGE28A,data/reports/stage28a_discovery_factory_batch_runner/stage28a_exact_trades.csv,calendar_time_risk_proxy_v1,calendar_drop_monday_h9_tp06_sl065,-3.7930499999998575,-4.843049999999858,-5.543049999999857,0,0,0,1,4.843049999999858,52.74000000000024,34.159999999999854,0.5793325526932098,28.289999999999964,0.6564156945917191,5.670000000000073,7.553999999999974,0.792,-1.0,,,9,1,9.0,2025
2025-09-03 09:00:00+00:00|1.0|calendar_drop_monday_h9_tp06_sl065,2025-09-03 09:00:00+00:00,STAGE28A,data/reports/stage28a_discovery_factory_batch_runner/stage28a_exact_trades.csv,calendar_time_risk_proxy_v1,calendar_drop_monday_h9_tp06_sl065,2.2755999999998493,1.2255999999998497,0.5255999999998497,1,1,1,0,1.2255999999998497,70.11000000000013,20.48999999999978,0.07369448511467934,14.86999999999989,0.24277067921991619,11.039999999999964,11.042000000000007,0.96,1.0,,,9,2,9.0,2025
2025-09-04 09:00:00+00:00|1.0|calendar_drop_monday_h9_tp06_sl065,2025-09-04 09:00:00+00:00,STAGE28A,data/reports/stage28a_discovery_factory_batch_runner/stage28a_exact_trades.csv,calendar_time_risk_proxy_v1,calendar_drop_monday_h9_tp06_sl065,-5.095974999999816,-6.145974999999817,-6.845974999999816,0,0,0,1,6.145974999999817,52.10999999999967,52.7800000000002,0.6220159151193596,20.90000000000009,0.44928229665073144,8.710000000000036,10.991500000000064,0.948,1.0,,,9,3,9.0,2025
2025-09-05 09:00:00+00:00|-1.0|calendar_drop_monday_h9_tp06_sl065,2025-09-05 09:00:00+00:00,STAGE28A,data/reports/stage28a_discovery_factory_batch_runner/stage28a_exact_trades.csv,calendar_time_risk_proxy_v1,calendar_drop_monday_h9_tp06_sl065,-2.5879500000001827,-3.637950000000183,-4.337950000000182,0,0,0,1,3.637950000000183,52.7800000000002,19.300000000000182,0.9113989637305453,16.36999999999989,0.3671350030543835,5.329999999999927,9.402499999999986,0.708,-1.0,,,9,4,9.0,2025
2025-09-05 23:45:00+00:00|1.0|calendar_drop_monday_h9_tp06_sl065,2025-09-05 23:45:00+00:00,STAGE28A,data/reports/stage28a_discovery_factory_batch_runner/stage28a_exact_trades.csv,calendar_time_risk_proxy_v1,calendar_drop_monday_h9_tp06_sl065,-0.35,-1.4,-2.1,0,0,0,0,1.4,52.7800000000002,19.300000000000182,0.9113989637305453,16.36999999999989,0.3671350030543835,3.300000000000182,10.207500000000005,0.776,1.0,,,9,4,9.0,2025
2025-09-09 09:00:00+00:00|1.0|calendar_drop_monday_h9_tp06_sl065,2025-09-09 09:00:00+00:00,STAGE28A,data/reports/stage28a_discovery_factory_batch_runner/stage28a_exact_trades.csv,calendar_time_risk_proxy_v1,calendar_drop_monday_h9_tp06_sl065,2.78799999999992,1.73799999999992,1.0379999999999203,1,1,1,0,1.73799999999992,67.81999999999971,26.2800000000002,0.6255707762556878,22.7199999999998,0.3371478873239602,6.380000000000109,8.793000000000006,0.46,1.0,,,9,1,9.0,2025
2025-09-10 09:00:00+00:00|1.0|calendar_drop_monday_h9_tp06_sl065,2025-09-10 09:00:00+00:00,STAGE28A,data/reports/stage28a_discovery_factory_batch_runner/stage28a_exact_trades.csv,calendar_time_risk_proxy_v1,calendar_drop_monday_h9_tp06_sl065,-2.9714500000000954,-4.021450000000096,-4.721450000000095,0,0,0,1,4.021450000000096,48.75999999999976,21.710000000000036,0.044679871027167126,19.68000000000029,0.9563008130081243,5.429999999999836,11.112000000000013,0.82,1.0,,,9,2,9.0,2025
2025-09-11 09:00:00+00:00|-1.0|calendar_drop_monday_h9_tp06_sl065,2025-09-11 09:00:00+00:00,STAGE28A,data/reports/stage28a_discovery_factory_batch_runner/stage28a_exact_trades.csv,calendar_time_risk_proxy_v1,calendar_drop_monday_h9_tp06_sl065,2.1732999999998355,1.1232999999998357,0.4232999999998359,1,1,1,0,1.1232999999998357,38.68000000000029,19.309999999999945,0.40963231486275903,23.88000000000011,0.43467336683417346,10.009999999999764,8.180500000000006,0.276,-1.0,,,9,3,9.0,2025
2025-09-12 09:00:00+00:00|-1.0|calendar_drop_monday_h9_tp06_sl065,2025-09-12 09:00:00+00:00,STAGE28A,data/reports/stage28a_discovery_factory_batch_runner/stage28a_exact_trades.csv,calendar_time_risk_proxy_v1,calendar_drop_monday_h9_tp06_sl065,1.5583000000000538,0.5083000000000539,-0.1916999999999458,1,0,1,0,0.5083000000000539,36.26999999999998,22.779999999999745,0.7949956101843867,19.06999999999971,0.3455689564761296,4.900000000000091,8.38449999999998,0.228,-1.0,,,9,4,9.0,2025
2025-09-12 23:45:00+00:00|1.0|calendar_drop_monday_h9_tp06_sl065,2025-09-12 23:45:00+00:00,STAGE28A,data/reports/stage28a_discovery_factory_batch_runner/stage28a_exact_trades.csv,calendar_time_risk_proxy_v1,calendar_drop_monday_h9_tp06_sl065,-1.706224999999995,-2.756224999999995,-3.4562249999999946,0,0,0,0,2.756224999999995,36.26999999999998,22.779999999999745,0.7949956101843867,19.06999999999971,0.3455689564761296,4.879999999999654,6.730499999999893,0.052,1.0,,,9,4,9.0,2025
2025-09-16 09:00:00+00:00|1.0|calendar_drop_monday_h9_tp06_sl065,2025-09-16 09:00:00+00:00,STAGE28A,data/reports/stage28a_discovery_factory_batch_runner/stage28a_exact_trades.csv,calendar_time_risk_proxy_v1,calendar_drop_monday_h9_tp06_sl065,1.345600000000013,0.2956000000000132,-0.4043999999999865,1,0,1,0,0.2956000000000132,58.88000000000011,14.720000000000255,0.1555706521739079,18.590000000000146,0.9214631522323816,4.200000000000273,8.274500000000012,0.232,1.0,,,9,1,9.0,2025
2025-09-17 09:00:00+00:00|-1.0|calendar_drop_monday_h9_tp06_sl065,2025-09-17 09:00:00+00:00,STAGE28A,data/reports/stage28a_discovery_factory_batch_runner/stage28a_exact_trades.csv,calendar_time_risk_proxy_v1,calendar_drop_monday_h9_tp06_sl065,-2.902874999999858,-3.952874999999858,-4.652874999999858,0,0,0,1,3.952874999999858,28.450000000000273,21.039999999999964,0.4857414448669115,23.460000000000036,0.5920716112531906,10.199999999999818,7.27199999999998,0.136,-1.0,,,9,2,9.0,2025
2025-09-18 09:00:00+00:00|1.0|calendar_drop_monday_h9_tp06_sl065,2025-09-18 09:00:00+00:00,STAGE28A,data/reports/stage28a_discovery_factory_batch_runner/stage28a_exact_trades.csv,calendar_time_risk_proxy_v1,calendar_drop_monday_h9_tp06_sl065,2.620299999999952,1.570299999999952,0.8702999999999523,1,1,1,0,1.570299999999952,61.32999999999993,20.0,0.2259999999999991,39.059999999999945,0.33666154633895684,9.890000000000327,12.48050000000003,1.0,1.0,,,9,3,9.0,2025
2025-09-19 09:00:00+00:00|1.0|calendar_drop_monday_h9_tp06_sl065,2025-09-19 09:00:00+00:00,STAGE28A,data/reports/stage28a_discovery_factory_batch_runner/stage28a_exact_trades.csv,calendar_time_risk_proxy_v1,calendar_drop_monday_h9_tp06_sl065,-3.401750000000084,-4.451750000000084,-5.151750000000083,0,0,0,1,4.451750000000084,45.320000000000164,24.13000000000011,0.551181102362191,17.690000000000055,0.28886376483889836,9.850000000000364,8.855000000000086,0.464,1.0,,,9,4,9.0,2025
2025-09-19 23:45:00+00:00|1.0|calendar_drop_monday_h9_tp06_sl065,2025-09-19 23:45:00+00:00,STAGE28A,data/reports/stage28a_discovery_factory_batch_runner/stage28a_exact_trades.csv,calendar_time_risk_proxy_v1,calendar_drop_monday_h9_tp06_sl065,-0.35,-1.4,-2.1,0,0,0,0,1.4,45.320000000000164,24.13000000000011,0.551181102362191,17.690000000000055,0.28886376483889836,3.8399999999996908,9.58850000000009,0.656,1.0,,,9,4,9.0,2025
2025-09-23 09:00:00+00:00|1.0|calendar_drop_monday_h9_tp06_sl065,2025-09-23 09:00:00+00:00,STAGE28A,data/reports/stage28a_discovery_factory_batch_runner/stage28a_exact_trades.csv,calendar_time_risk_proxy_v1,calendar_drop_monday_h9_tp06_sl065,-3.957825000000048,-5.007825000000048,-5.707825000000048,0,0,0,1,5.007825000000048,65.05000000000018,22.389999999999873,0.2880750334970904,48.059999999999945,0.7973366625052062,15.590000000000146,9.271999999999935,0.688,1.0,,,9,1,9.0,2025
2025-09-24 09:00:00+00:00|1.0|calendar_drop_monday_h9_tp06_sl065,2025-09-24 09:00:00+00:00,STAGE28A,data/reports/stage28a_discovery_factory_batch_runner/stage28a_exact_trades.csv,calendar_time_risk_proxy_v1,calendar_drop_monday_h9_tp06_sl065,2.133099999999922,1.0830999999999222,0.3830999999999225,1,1,1,0,1.0830999999999222,54.13000000000011,21.070000000000164,0.0014238253440790275,15.989999999999782,0.18886804252658054,9.100000000000364,11.03599999999999,0.808,1.0,,,9,2,9.0,2025
2025-09-25 09:00:00+00:00|1.0|calendar_drop_monday_h9_tp06_sl065,2025-09-25 09:00:00+00:00,STAGE28A,data/reports/stage28a_discovery_factory_batch_runner/stage28a_exact_trades.csv,calendar_time_risk_proxy_v1,calendar_drop_monday_h9_tp06_sl065,-3.7940249999997833,-4.844024999999784,-5.544024999999783,0,0,0,1,4.844024999999784,61.67000000000007,22.409999999999854,0.1976796073181758,29.980000000000018,0.6774516344229464,7.110000000000127,10.428500000000009,0.78,1.0,,,9,3,9.0,2025
2025-09-26 09:00:00+00:00|1.0|calendar_drop_monday_h9_tp06_sl065,2025-09-26 09:00:00+00:00,STAGE28A,data/reports/stage28a_discovery_factory_batch_runner/stage28a_exact_trades.csv,calendar_time_risk_proxy_v1,calendar_drop_monday_h9_tp06_sl065,-3.0319000000000416,-4.081900000000042,-4.781900000000041,0,0,0,1,4.081900000000042,39.82999999999993,18.800000000000182,0.17819148936169557,15.920000000000073,0.3762562814070483,7.739999999999782,11.844999999999981,0.856,1.0,,,9,4,9.0,2025
2025-09-26 23:45:00+00:00|1.0|calendar_drop_monday_h9_tp06_sl065,2025-09-26 23:45:00+00:00,STAGE28A,data/reports/stage28a_discovery_factory_batch_runner/stage28a_exact_trades.csv,calendar_time_risk_proxy_v1,calendar_drop_monday_h9_tp06_sl065,-0.35,-1.4,-2.1,0,0,0,0,1.4,39.82999999999993,18.800000000000182,0.17819148936169557,15.920000000000073,0.3762562814070483,14.010000000000218,10.37699999999993,0.676,1.0,,,9,4,9.0,2025
2025-09-30 09:00:00+00:00|-1.0|calendar_drop_monday_h9_tp06_sl065,2025-09-30 09:00:00+00:00,STAGE28A,data/reports/stage28a_discovery_factory_batch_runner/stage28a_exact_trades.csv,calendar_time_risk_proxy_v1,calendar_drop_monday_h9_tp06_sl065,-3.788500000000204,-4.838500000000204,-5.538500000000203,0,0,0,1,4.838500000000204,77.67000000000007,41.659999999999854,0.817330772923675,78.48999999999978,0.8421454962415664,7.690000000000055,10.476500000000055,0.564,-1.0,,,9,1,9.0,2025
2025-10-01 09:00:00+00:00|1.0|calendar_drop_monday_h9_tp06_sl065,2025-10-01 09:00:00+00:00,STAGE28A,data/reports/stage28a_discovery_factory_batch_runner/stage28a_exact_trades.csv,calendar_time_risk_proxy_v1,calendar_drop_monday_h9_tp06_sl065,2.653900000000158,1.603900000000158,0.9039000000001582,1,1,1,0,1.603900000000158,78.48999999999978,21.0,0.0890476190476355,42.070000000000164,0.6467791775612058,7.789999999999964,12.010000000000014,0.72,1.0,,,9,2,10.0,2025
2025-10-02 09:00:00+00:00|1.0|calendar_drop_monday_h9_tp06_sl065,2025-10-02 09:00:00+00:00,STAGE28A,data/reports/stage28a_discovery_factory_batch_runner/stage28a_exact_trades.csv,calendar_time_risk_proxy_v1,calendar_drop_monday_h9_tp06_sl065,-2.7738500000001296,-3.8238500000001294,-4.523850000000129,0,0,0,1,3.8238500000001294,42.070000000000164,17.580000000000382,0.24857792946531573,17.940000000000055,0.696209587513921,7.230000000000018,11.192999999999984,0.536,1.0,,,9,3,10.0,2025
2025-10-03 09:00:00+00:00|1.0|calendar_drop_monday_h9_tp06_sl065,2025-10-03 09:00:00+00:00,STAGE28A,data/reports/stage28a_discovery_factory_batch_runner/stage28a_exact_trades.csv,calendar_time_risk_proxy_v1,calendar_drop_monday_h9_tp06_sl065,-3.7930499999998575,-4.843049999999858,-5.543049999999857,0,0,0,1,4.843049999999858,77.53999999999996,25.700000000000273,0.5634241245136135,24.0,0.8966666666666848,15.190000000000055,13.130999999999995,0.9,1.0,,,9,4,10.0,2025
2025-10-03 23:45:00+00:00|1.0|calendar_drop_monday_h9_tp06_sl065,2025-10-03 23:45:00+00:00,STAGE28A,data/reports/stage28a_discovery_factory_batch_runner/stage28a_exact_trades.csv,calendar_time_risk_proxy_v1,calendar_drop_monday_h9_tp06_sl065,-0.35,-1.4,-2.1,0,0,0,0,1.4,77.53999999999996,25.700000000000273,0.5634241245136135,24.0,0.8966666666666848,5.4900000000002365,11.073000000000093,0.508,1.0,,,9,4,10.0,2025
2025-10-07 09:00:00+00:00|-1.0|calendar_drop_monday_h9_tp06_sl065,2025-10-07 09:00:00+00:00,STAGE28A,data/reports/stage28a_discovery_factory_batch_runner/stage28a_exact_trades.csv,calendar_time_risk_proxy_v1,calendar_drop_monday_h9_tp06_sl065,2.831799999999839,1.7817999999998393,1.0817999999998396,1,1,1,0,1.7817999999998393,85.76000000000022,21.690000000000055,0.4568925772245405,35.98000000000002,0.5075041689827741,16.490000000000236,12.58900000000001,0.636,-1.0,,,9,1,10.0,2025
2025-10-08 09:00:00+00:00|1.0|calendar_drop_monday_h9_tp06_sl065,2025-10-08 09:00:00+00:00,STAGE28A,data/reports/stage28a_discovery_factory_batch_runner/stage28a_exact_trades.csv,calendar_time_risk_proxy_v1,calendar_drop_monday_h9_tp06_sl065,3.024699999999848,1.974699999999848,1.2746999999998485,1,1,1,0,1.974699999999848,50.070000000000164,33.5,0.750447761194026,34.840000000000146,0.9916762342135357,12.5,12.22200000000007,0.508,1.0,,,9,2,10.0,2025
2025-10-09 09:00:00+00:00|1.0|calendar_drop_monday_h9_tp06_sl065,2025-10-09 09:00:00+00:00,STAGE28A,data/reports/stage28a_discovery_factory_batch_runner/stage28a_exact_trades.csv,calendar_time_risk_proxy_v1,calendar_drop_monday_h9_tp06_sl065,-5.115150000000176,-6.165150000000176,-6.865150000000176,0,0,0,1,6.165150000000176,76.17000000000007,39.840000000000146,0.13453815261044447,20.940000000000055,0.5076408787010546,9.429999999999836,16.549500000000013,0.992,1.0,,,9,3,10.0,2025
2025-10-10 09:00:00+00:00|1.0|calendar_drop_monday_h9_tp06_sl065,2025-10-10 09:00:00+00:00,STAGE28A,data/reports/stage28a_discovery_factory_batch_runner/stage28a_exact_trades.csv,calendar_time_risk_proxy_v1,calendar_drop_monday_h9_tp06_sl065,-5.809675000000061,-6.8596750000000615,-7.559675000000061,0,0,0,1,6.8596750000000615,113.48000000000002,36.04999999999973,0.3722607489597829,59.940000000000055,0.5652318985652256,12.210000000000036,20.84050000000004,1.0,1.0,,,9,4,10.0,2025
2025-10-10 23:45:00+00:00|1.0|calendar_drop_monday_h9_tp06_sl065,2025-10-10 23:45:00+00:00,STAGE28A,data/reports/stage28a_discovery_factory_batch_runner/stage28a_exact_trades.csv,calendar_time_risk_proxy_v1,calendar_drop_monday_h9_tp06_sl065,-6.954325000000244,-8.004325000000245,-8.704325000000244,0,0,0,1,8.004325000000245,113.48000000000002,36.04999999999973,0.3722607489597829,59.940000000000055,0.5652318985652256,25.13000000000011,19.075500000000012,0.924,1.0,,,9,4,10.0,2025
2025-10-14 09:00:00+00:00|-1.0|calendar_drop_monday_h9_tp06_sl065,2025-10-14 09:00:00+00:00,STAGE28A,data/reports/stage28a_discovery_factory_batch_runner/stage28a_exact_trades.csv,calendar_time_risk_proxy_v1,calendar_drop_monday_h9_tp06_sl065,-8.46329999999998,-9.51329999999998,-10.21329999999998,0,0,0,1,9.51329999999998,117.94000000000051,59.97999999999956,0.8072690896965726,89.0300000000002,0.4022239694485041,68.53000000000065,17.415499999999973,0.808,-1.0,,,9,1,10.0,2025
2025-10-15 09:00:00+00:00|1.0|calendar_drop_monday_h9_tp06_sl065,2025-10-15 09:00:00+00:00,STAGE28A,data/reports/stage28a_discovery_factory_batch_runner/stage28a_exact_trades.csv,calendar_time_risk_proxy_v1,calendar_drop_monday_h9_tp06_sl065,-5.591275000000314,-6.641275000000315,-7.341275000000314,0,0,0,1,6.641275000000315,89.0300000000002,50.0600000000004,0.5687175389532566,53.57999999999993,0.10246360582308135,17.11999999999989,17.457499999999936,0.716,1.0,,,9,2,10.0,2025
2025-10-16 09:00:00+00:00|-1.0|calendar_drop_monday_h9_tp06_sl065,2025-10-16 09:00:00+00:00,STAGE28A,data/reports/stage28a_discovery_factory_batch_runner/stage28a_exact_trades.csv,calendar_time_risk_proxy_v1,calendar_drop_monday_h9_tp06_sl065,4.641100000000188,3.591100000000188,2.891100000000188,1,1,1,0,3.591100000000188,77.52000000000044,42.5,0.4825882352941014,37.970000000000255,0.15011851461679696,30.909999999999854,16.037500000000044,0.56,-1.0,,,9,3,10.0,2025
2025-10-17 09:00:00+00:00|-1.0|calendar_drop_monday_h9_tp06_sl065,2025-10-17 09:00:00+00:00,STAGE28A,data/reports/stage28a_discovery_factory_batch_runner/stage28a_exact_trades.csv,calendar_time_risk_proxy_v1,calendar_drop_monday_h9_tp06_sl065,9.88660000000018,8.83660000000018,8.13660000000018,1,1,1,0,8.83660000000018,151.92999999999938,100.69999999999982,0.19721946375372104,66.96000000000004,0.39575866188769393,36.350000000000364,28.532499999999935,1.0,-1.0,,,9,4,10.0,2025
2025-10-17 23:45:00+00:00|1.0|calendar_drop_monday_h9_tp06_sl065,2025-10-17 23:45:00+00:00,STAGE28A,data/reports/stage28a_discovery_factory_batch_runner/stage28a_exact_trades.csv,calendar_time_risk_proxy_v1,calendar_drop_monday_h9_tp06_sl065,-0.35,-1.4,-2.1,0,0,0,0,1.4,151.92999999999938,100.69999999999982,0.19721946375372104,66.96000000000004,0.39575866188769393,25.06999999999971,36.54650000000006,0.98,1.0,,,9,4,10.0,2025
2025-10-21 09:00:00+00:00|-1.0|calendar_drop_monday_h9_tp06_sl065,2025-10-21 09:00:00+00:00,STAGE28A,data/reports/stage28a_discovery_factory_batch_runner/stage28a_exact_trades.csv,calendar_time_risk_proxy_v1,calendar_drop_monday_h9_tp06_sl065,5.320900000000075,4.270900000000074,3.5709000000000746,1,1,1,0,4.270900000000074,162.71999999999935,42.36000000000058,0.4952785646836467,102.25,0.796479217603908,27.199999999999818,23.157499999999935,0.776,-1.0,,,9,1,10.0,2025
2025-10-22 09:00:00+00:00|-1.0|calendar_drop_monday_h9_tp06_sl065,2025-10-22 09:00:00+00:00,STAGE28A,data/reports/stage28a_discovery_factory_batch_runner/stage28a_exact_trades.csv,calendar_time_risk_proxy_v1,calendar_drop_monday_h9_tp06_sl065,8.499099999999453,7.4490999999994525,6.749099999999453,1,1,1,0,7.4490999999994525,295.0600000000004,138.77999999999975,0.038406110390545735,101.29000000000042,0.5831770164873084,20.609999999999673,38.94250000000007,0.98,-1.0,,,9,2,10.0,2025
2025-10-23 09:00:00+00:00|1.0|calendar_drop_monday_h9_tp06_sl065,2025-10-23 09:00:00+00:00,STAGE28A,data/reports/stage28a_discovery_factory_batch_runner/stage28a_exact_trades.csv,calendar_time_risk_proxy_v1,calendar_drop_monday_h9_tp06_sl065,-7.067749999999796,-8.117749999999797,-8.817749999999796,0,0,0,1,8.117749999999797,157.02000000000044,50.55000000000018,0.21444114737883493,57.909999999999854,0.5752029010533513,26.490000000000236,30.846499999999992,0.744,1.0,,,9,3,10.0,2025
2025-10-24 09:00:00+00:00|-1.0|calendar_drop_monday_h9_tp06_sl065,2025-10-24 09:00:00+00:00,STAGE28A,data/reports/stage28a_discovery_factory_batch_runner/stage28a_exact_trades.csv,calendar_time_risk_proxy_v1,calendar_drop_monday_h9_tp06_sl065,-6.422624999999789,-7.472624999999789,-8.172624999999789,0,0,0,1,7.472624999999789,88.6899999999996,38.25,0.15895424836603494,75.71000000000004,0.8109893012812054,15.050000000000182,18.812999999999967,0.26,-1.0,,,9,4,10.0,2025
2025-10-24 23:45:00+00:00|1.0|calendar_drop_monday_h9_tp06_sl065,2025-10-24 23:45:00+00:00,STAGE28A,data/reports/stage28a_discovery_factory_batch_runner/stage28a_exact_trades.csv,calendar_time_risk_proxy_v1,calendar_drop_monday_h9_tp06_sl065,-0.35,-1.4,-2.1,0,0,0,0,1.4,88.6899999999996,38.25,0.15895424836603494,75.71000000000004,0.8109893012812054,15.149999999999636,22.283500000000096,0.452,1.0,,,9,4,10.0,2025
2025-10-28 09:00:00+00:00|-1.0|calendar_drop_monday_h9_tp06_sl065,2025-10-28 09:00:00+00:00,STAGE28A,data/reports/stage28a_discovery_factory_batch_runner/stage28a_exact_trades.csv,calendar_time_risk_proxy_v1,calendar_drop_monday_h9_tp06_sl065,6.255100000000221,5.20510000000022,4.505100000000221,1,1,1,0,5.20510000000022,137.97000000000025,55.86000000000013,0.19638381668457267,93.62000000000035,0.5054475539414653,30.2199999999998,23.71300000000001,0.556,-1.0,,,9,1,10.0,2025
2025-10-29 09:00:00+00:00|1.0|calendar_drop_monday_h9_tp06_sl065,2025-10-29 09:00:00+00:00,STAGE28A,data/reports/stage28a_discovery_factory_batch_runner/stage28a_exact_trades.csv,calendar_time_risk_proxy_v1,calendar_drop_monday_h9_tp06_sl065,-7.163950000000204,-8.213950000000205,-8.913950000000204,0,0,0,1,8.213950000000205,133.21000000000004,66.23999999999978,0.04649758454106186,79.11000000000013,0.9027935785614961,25.23999999999978,21.645500000000016,0.272,1.0,,,9,2,10.0,2025
2025-10-30 09:00:00+00:00|1.0|calendar_drop_monday_h9_tp06_sl065,2025-10-30 09:00:00+00:00,STAGE28A,data/reports/stage28a_discovery_factory_batch_runner/stage28a_exact_trades.csv,calendar_time_risk_proxy_v1,calendar_drop_monday_h9_tp06_sl065,-8.6469250000001,-9.6969250000001,-10.3969250000001,0,0,0,1,9.6969250000001,114.34000000000015,67.13000000000011,0.6272903321912715,64.69999999999982,0.1791344667697091,20.59999999999991,25.65150000000001,0.656,1.0,,,9,3,10.0,2025
2025-10-31 09:00:00+00:00|1.0|calendar_drop_monday_h9_tp06_sl065,2025-10-31 09:00:00+00:00,STAGE28A,data/reports/stage28a_discovery_factory_batch_runner/stage28a_exact_trades.csv,calendar_time_risk_proxy_v1,calendar_drop_monday_h9_tp06_sl065,-6.6143750000002,-7.6643750000002,-8.3643750000002,0,0,0,1,7.6643750000002,127.87000000000035,56.88000000000011,0.31223628691983446,32.74000000000024,0.06047648136835687,12.710000000000036,20.67149999999997,0.084,1.0,,,9,4,10.0,2025
2025-10-31 22:45:00+00:00|1.0|calendar_drop_monday_h9_tp06_sl065,2025-10-31 22:45:00+00:00,STAGE28A,data/reports/stage28a_discovery_factory_batch_runner/stage28a_exact_trades.csv,calendar_time_risk_proxy_v1,calendar_drop_monday_h9_tp06_sl065,-0.35,-1.4,-2.1,0,0,0,0,1.4,127.87000000000035,56.88000000000011,0.31223628691983446,32.74000000000024,0.06047648136835687,14.329999999999927,19.193000000000005,0.048,1.0,,,9,4,10.0,2025
2025-11-04 09:00:00+00:00|1.0|calendar_drop_monday_h9_tp06_sl065,2025-11-04 09:00:00+00:00,STAGE28A,data/reports/stage28a_discovery_factory_batch_runner/stage28a_exact_trades.csv,calendar_time_risk_proxy_v1,calendar_drop_monday_h9_tp06_sl065,4.185100000000057,3.135100000000057,2.435100000000057,1,1,1,0,3.135100000000057,68.20000000000027,30.5,0.3872131147540966,33.81999999999971,0.24837374334712325,20.980000000000018,15.940500000000043,0.016,1.0,,,9,1,11.0,2025
2025-11-05 09:00:00+00:00|1.0|calendar_drop_monday_h9_tp06_sl065,2025-11-05 09:00:00+00:00,STAGE28A,data/reports/stage28a_discovery_factory_batch_runner/stage28a_exact_trades.csv,calendar_time_risk_proxy_v1,calendar_drop_monday_h9_tp06_sl065,3.6357999999999264,2.5857999999999266,1.8857999999999269,1,1,1,0,2.5857999999999266,77.37999999999965,44.4399999999996,0.800405040504051,31.25,0.18431999999999243,11.769999999999982,17.054500000000008,0.12,1.0,,,9,2,11.0,2025
2025-11-06 09:00:00+00:00|1.0|calendar_drop_monday_h9_tp06_sl065,2025-11-06 09:00:00+00:00,STAGE28A,data/reports/stage28a_discovery_factory_batch_runner/stage28a_exact_trades.csv,calendar_time_risk_proxy_v1,calendar_drop_monday_h9_tp06_sl065,-3.315624999999818,-4.3656249999998185,-5.065624999999818,0,0,0,1,4.3656249999998185,61.58999999999969,25.949999999999818,0.5865125240847748,34.51999999999998,0.571552723059097,10.789999999999964,10.583000000000016,0.004,1.0,,,9,3,11.0,2025
2025-11-07 09:00:00+00:00|1.0|calendar_drop_monday_h9_tp06_sl065,2025-11-07 09:00:00+00:00,STAGE28A,data/reports/stage28a_discovery_factory_batch_runner/stage28a_exact_trades.csv,calendar_time_risk_proxy_v1,calendar_drop_monday_h9_tp06_sl065,-3.789800000000105,-4.839800000000105,-5.539800000000104,0,0,0,1,4.839800000000105,54.86000000000013,29.389999999999873,0.31813542021095437,22.179999999999836,0.42605951307483714,15.9399999999996,13.014500000000044,0.132,1.0,,,9,4,11.0,2025
2025-11-07 23:45:00+00:00|1.0|calendar_drop_monday_h9_tp06_sl065,2025-11-07 23:45:00+00:00,STAGE28A,data/reports/stage28a_discovery_factory_batch_runner/stage28a_exact_trades.csv,calendar_time_risk_proxy_v1,calendar_drop_monday_h9_tp06_sl065,-0.35,-1.4,-2.1,0,0,0,0,1.4,54.86000000000013,29.389999999999873,0.31813542021095437,22.179999999999836,0.42605951307483714,13.090000000000146,13.583499999999981,0.188,1.0,,,9,4,11.0,2025
2025-11-11 09:00:00+00:00|-1.0|calendar_drop_monday_h9_tp06_sl065,2025-11-11 09:00:00+00:00,STAGE28A,data/reports/stage28a_discovery_factory_batch_runner/stage28a_exact_trades.csv,calendar_time_risk_proxy_v1,calendar_drop_monday_h9_tp06_sl065,3.334900000000198,2.284900000000198,1.5849000000001985,1,1,1,0,2.284900000000198,122.17999999999984,33.89000000000033,0.6878135143110113,21.980000000000473,0.06505914467699091,11.0,12.523499999999945,0.188,-1.0,,,9,1,11.0,2025
2025-11-12 09:00:00+00:00|1.0|calendar_drop_monday_h9_tp06_sl065,2025-11-12 09:00:00+00:00,STAGE28A,data/reports/stage28a_discovery_factory_batch_runner/stage28a_exact_trades.csv,calendar_time_risk_proxy_v1,calendar_drop_monday_h9_tp06_sl065,-4.853200000000106,-5.903200000000107,-6.603200000000106,0,0,0,1,5.903200000000107,51.600000000000364,41.720000000000255,0.7739693192713271,34.56999999999971,0.5001446340757915,15.760000000000218,13.11550000000002,0.32,1.0,,,9,2,11.0,2025
2025-11-13 09:00:00+00:00|1.0|calendar_drop_monday_h9_tp06_sl065,2025-11-13 09:00:00+00:00,STAGE28A,data/reports/stage28a_discovery_factory_batch_runner/stage28a_exact_trades.csv,calendar_time_risk_proxy_v1,calendar_drop_monday_h9_tp06_sl065,4.46710000000021,3.4171000000002096,2.71710000000021,1,1,1,0,3.4171000000002096,112.90999999999985,39.74000000000069,0.4574735782586579,37.099999999999454,0.4256064690027007,8.86999999999989,17.819999999999983,0.704,1.0,,,9,3,11.0,2025
2025-11-14 09:00:00+00:00|-1.0|calendar_drop_monday_h9_tp06_sl065,2025-11-14 09:00:00+00:00,STAGE28A,data/reports/stage28a_discovery_factory_batch_runner/stage28a_exact_trades.csv,calendar_time_risk_proxy_v1,calendar_drop_monday_h9_tp06_sl065,-5.455424999999741,-6.505424999999741,-7.205424999999741,0,0,0,1,6.505424999999741,100.11999999999989,41.19999999999982,0.4191747572815438,44.849999999999454,0.7906354515050271,24.449999999999818,20.267999999999848,0.924,-1.0,,,9,4,11.0,2025
2025-11-14 23:45:00+00:00|1.0|calendar_drop_monday_h9_tp06_sl065,2025-11-14 23:45:00+00:00,STAGE28A,data/reports/stage28a_discovery_factory_batch_runner/stage28a_exact_trades.csv,calendar_time_risk_proxy_v1,calendar_drop_monday_h9_tp06_sl065,-0.35,-1.4,-2.1,0,0,0,0,1.4,100.11999999999989,41.19999999999982,0.4191747572815438,44.849999999999454,0.7906354515050271,17.019999999999982,24.93699999999992,1.0,1.0,,,9,4,11.0,2025
2025-11-18 09:00:00+00:00|1.0|calendar_drop_monday_h9_tp06_sl065,2025-11-18 09:00:00+00:00,STAGE28A,data/reports/stage28a_discovery_factory_batch_runner/stage28a_exact_trades.csv,calendar_time_risk_proxy_v1,calendar_drop_monday_h9_tp06_sl065,-6.0050000000002,-7.0550000000002,-7.7550000000002,0,0,0,1,7.0550000000002,99.80999999999995,50.38999999999987,0.5225243103790433,52.279999999999745,0.644988523335883,12.789999999999964,20.363499999999977,0.84,1.0,,,9,1,11.0,2025
2025-11-19 09:00:00+00:00|1.0|calendar_drop_monday_h9_tp06_sl065,2025-11-19 09:00:00+00:00,STAGE28A,data/reports/stage28a_discovery_factory_batch_runner/stage28a_exact_trades.csv,calendar_time_risk_proxy_v1,calendar_drop_monday_h9_tp06_sl065,3.8274999999997816,2.777499999999782,2.077499999999782,1,1,1,0,2.777499999999782,84.03999999999996,24.850000000000364,0.06156941649900111,44.95000000000027,0.7506117908787447,9.429999999999836,16.667000000000076,0.572,1.0,,,9,2,11.0,2025
2025-11-20 09:00:00+00:00|-1.0|calendar_drop_monday_h9_tp06_sl065,2025-11-20 09:00:00+00:00,STAGE28A,data/reports/stage28a_discovery_factory_batch_runner/stage28a_exact_trades.csv,calendar_time_risk_proxy_v1,calendar_drop_monday_h9_tp06_sl065,5.552799999999843,4.5027999999998425,3.802799999999843,1,1,1,0,4.5027999999998425,76.84000000000015,69.11999999999944,0.4225983796296336,39.01000000000022,0.403229941040757,18.93000000000029,20.25649999999994,0.792,-1.0,,,9,3,11.0,2025
2025-11-21 09:00:00+00:00|-1.0|calendar_drop_monday_h9_tp06_sl065,2025-11-21 09:00:00+00:00,STAGE28A,data/reports/stage28a_discovery_factory_batch_runner/stage28a_exact_trades.csv,calendar_time_risk_proxy_v1,calendar_drop_monday_h9_tp06_sl065,5.564499999999862,4.514499999999861,3.814499999999862,1,1,1,0,4.514499999999861,71.87999999999965,40.929999999999836,0.6594185194234031,42.33000000000038,0.3534136546184716,35.309999999999945,20.42049999999997,0.764,-1.0,,,9,4,11.0,2025
2025-11-21 23:45:00+00:00|1.0|calendar_drop_monday_h9_tp06_sl065,2025-11-21 23:45:00+00:00,STAGE28A,data/reports/stage28a_discovery_factory_batch_runner/stage28a_exact_trades.csv,calendar_time_risk_proxy_v1,calendar_drop_monday_h9_tp06_sl065,-0.35,-1.4,-2.1,0,0,0,0,1.4,71.87999999999965,40.929999999999836,0.6594185194234031,42.33000000000038,0.3534136546184716,33.61000000000013,21.756500000000027,0.88,1.0,,,9,4,11.0,2025
2025-11-25 09:00:00+00:00|-1.0|calendar_drop_monday_h9_tp06_sl065,2025-11-25 09:00:00+00:00,STAGE28A,data/reports/stage28a_discovery_factory_batch_runner/stage28a_exact_trades.csv,calendar_time_risk_proxy_v1,calendar_drop_monday_h9_tp06_sl065,-4.442725000000428,-5.492725000000428,-6.192725000000428,0,0,0,1,5.492725000000428,104.51000000000022,33.219999999999345,0.08940397350991583,43.210000000000036,0.21939365887525006,13.270000000000437,15.051999999999998,0.232,-1.0,,,9,1,11.0,2025
2025-11-26 09:00:00+00:00|1.0|calendar_drop_monday_h9_tp06_sl065,2025-11-26 09:00:00+00:00,STAGE28A,data/reports/stage28a_discovery_factory_batch_runner/stage28a_exact_trades.csv,calendar_time_risk_proxy_v1,calendar_drop_monday_h9_tp06_sl065,3.5550999999999475,2.505099999999948,1.805099999999948,1,1,1,0,2.505099999999948,50.42999999999938,39.88000000000011,0.7096288866599826,21.81999999999971,0.08340971585699969,15.839999999999236,15.008499999999732,0.14,1.0,,,9,2,11.0,2025
2025-11-27 09:00:00+00:00|1.0|calendar_drop_monday_h9_tp06_sl065,2025-11-27 09:00:00+00:00,STAGE28A,data/reports/stage28a_discovery_factory_batch_runner/stage28a_exact_trades.csv,calendar_time_risk_proxy_v1,calendar_drop_monday_h9_tp06_sl065,-3.591549999999734,-4.641549999999734,-5.341549999999733,0,0,0,1,4.641549999999734,43.900000000000546,25.909999999999854,0.5461211887302441,22.269999999999527,0.26178715761113835,12.199999999999818,11.602999999999884,0.02,1.0,,,9,3,11.0,2025
2025-11-28 09:00:00+00:00|-1.0|calendar_drop_monday_h9_tp06_sl065,2025-11-28 09:00:00+00:00,STAGE28A,data/reports/stage28a_discovery_factory_batch_runner/stage28a_exact_trades.csv,calendar_time_risk_proxy_v1,calendar_drop_monday_h9_tp06_sl065,2.33080000000009,1.2808000000000903,0.5808000000000906,1,1,1,0,1.2808000000000903,25.909999999999854,34.81999999999971,0.7268811028144659,34.909999999999854,0.7023775422514933,6.859999999999673,9.263999999999896,0.064,-1.0,,,9,4,11.0,2025
2025-11-28 21:30:00+00:00|1.0|calendar_drop_monday_h9_tp06_sl065,2025-11-28 21:30:00+00:00,STAGE28A,data/reports/stage28a_discovery_factory_batch_runner/stage28a_exact_trades.csv,calendar_time_risk_proxy_v1,calendar_drop_monday_h9_tp06_sl065,-0.35,-1.4,-2.1,0,0,0,0,1.4,25.909999999999854,34.81999999999971,0.7268811028144659,34.909999999999854,0.7023775422514933,14.969999999999345,13.702499999999963,0.216,1.0,,,9,4,11.0,2025
2025-12-02 09:00:00+00:00|-1.0|calendar_drop_monday_h9_tp06_sl065,2025-12-02 09:00:00+00:00,STAGE28A,data/reports/stage28a_discovery_factory_batch_runner/stage28a_exact_trades.csv,calendar_time_risk_proxy_v1,calendar_drop_monday_h9_tp06_sl065,-4.021849999999722,-5.071849999999722,-5.771849999999722,0,0,0,1,5.071849999999722,58.76000000000022,36.529999999999745,0.24035039693404642,44.98999999999978,0.7317181595910254,22.909999999999854,14.40600000000004,0.284,-1.0,,,9,1,12.0,2025
2025-12-03 09:00:00+00:00|-1.0|calendar_drop_monday_h9_tp06_sl065,2025-12-03 09:00:00+00:00,STAGE28A,data/reports/stage28a_discovery_factory_batch_runner/stage28a_exact_trades.csv,calendar_time_risk_proxy_v1,calendar_drop_monday_h9_tp06_sl065,-3.659799999999996,-4.709799999999996,-5.409799999999995,0,0,0,1,4.709799999999996,72.11999999999989,26.11999999999989,0.3575803981623348,29.220000000000255,0.7488021902806269,6.859999999999673,14.750500000000011,0.34,-1.0,,,9,2,12.0,2025
2025-12-04 09:00:00+00:00|1.0|calendar_drop_monday_h9_tp06_sl065,2025-12-04 09:00:00+00:00,STAGE28A,data/reports/stage28a_discovery_factory_batch_runner/stage28a_exact_trades.csv,calendar_time_risk_proxy_v1,calendar_drop_monday_h9_tp06_sl065,-4.429399999999623,-5.479399999999624,-6.179399999999623,0,0,0,1,5.479399999999624,46.89000000000033,29.470000000000255,0.34747200542923967,27.340000000000146,0.009509875640095717,11.61999999999989,15.159500000000026,0.492,1.0,,,9,3,12.0,2025
2025-12-05 09:00:00+00:00|1.0|calendar_drop_monday_h9_tp06_sl065,2025-12-05 09:00:00+00:00,STAGE28A,data/reports/stage28a_discovery_factory_batch_runner/stage28a_exact_trades.csv,calendar_time_risk_proxy_v1,calendar_drop_monday_h9_tp06_sl065,2.5273000000001047,1.4773000000001049,0.7773000000001051,1,1,1,0,1.4773000000001049,44.17000000000007,22.579999999999927,0.47387068201952004,16.470000000000255,0.37279902853674757,10.760000000000218,10.202999999999975,0.096,1.0,,,9,4,12.0,2025
2025-12-05 23:45:00+00:00|1.0|calendar_drop_monday_h9_tp06_sl065,2025-12-05 23:45:00+00:00,STAGE28A,data/reports/stage28a_discovery_factory_batch_runner/stage28a_exact_trades.csv,calendar_time_risk_proxy_v1,calendar_drop_monday_h9_tp06_sl065,-0.35,-1.4,-2.1,0,0,0,0,1.4,44.17000000000007,22.579999999999927,0.47387068201952004,16.470000000000255,0.37279902853674757,8.4399999999996,12.357500000000254,0.288,1.0,,,9,4,12.0,2025
2025-12-09 09:00:00+00:00|1.0|calendar_drop_monday_h9_tp06_sl065,2025-12-09 09:00:00+00:00,STAGE28A,data/reports/stage28a_discovery_factory_batch_runner/stage28a_exact_trades.csv,calendar_time_risk_proxy_v1,calendar_drop_monday_h9_tp06_sl065,2.450799999999981,1.4007999999999812,0.7007999999999814,1,1,1,0,1.4007999999999812,42.48999999999978,14.079999999999927,0.5589488636363588,42.75,0.39836257309940926,14.0,10.80099999999993,0.2,1.0,,,9,1,12.0,2025
2025-12-10 09:00:00+00:00|-1.0|calendar_drop_monday_h9_tp06_sl065,2025-12-10 09:00:00+00:00,STAGE28A,data/reports/stage28a_discovery_factory_batch_runner/stage28a_exact_trades.csv,calendar_time_risk_proxy_v1,calendar_drop_monday_h9_tp06_sl065,-3.001025000000118,-4.051025000000118,-4.7510250000001175,0,0,0,1,4.051025000000118,51.150000000000546,15.0,0.25533333333332847,26.73999999999978,0.5145848915482547,8.659999999999854,10.057500000000072,0.144,-1.0,,,9,2,12.0,2025
2025-12-11 09:00:00+00:00|1.0|calendar_drop_monday_h9_tp06_sl065,2025-12-11 09:00:00+00:00,STAGE28A,data/reports/stage28a_discovery_factory_batch_runner/stage28a_exact_trades.csv,calendar_time_risk_proxy_v1,calendar_drop_monday_h9_tp06_sl065,3.151000000000204,2.101000000000204,1.401000000000204,1,1,1,0,2.101000000000204,56.650000000000546,39.13999999999942,0.4757281553398101,21.590000000000146,0.1491431218156662,11.170000000000073,13.791500000000042,0.68,1.0,,,9,3,12.0,2025
2025-12-12 09:00:00+00:00|1.0|calendar_drop_monday_h9_tp06_sl065,2025-12-12 09:00:00+00:00,STAGE28A,data/reports/stage28a_discovery_factory_batch_runner/stage28a_exact_trades.csv,calendar_time_risk_proxy_v1,calendar_drop_monday_h9_tp06_sl065,-2.9168500000001587,-3.9668500000001594,-4.666850000000158,0,0,0,1,3.9668500000001594,81.61000000000058,18.800000000000182,0.5281914893616642,64.73999999999978,0.9800741427247597,6.380000000000109,13.957999999999993,0.644,1.0,,,9,4,12.0,2025
2025-12-12 23:45:00+00:00|1.0|calendar_drop_monday_h9_tp06_sl065,2025-12-12 23:45:00+00:00,STAGE28A,data/reports/stage28a_discovery_factory_batch_runner/stage28a_exact_trades.csv,calendar_time_risk_proxy_v1,calendar_drop_monday_h9_tp06_sl065,-0.35,-1.4,-2.1,0,0,0,0,1.4,81.61000000000058,18.800000000000182,0.5281914893616642,64.73999999999978,0.9800741427247597,14.3100000000004,17.766499999999997,0.984,1.0,,,9,4,12.0,2025
2025-12-16 09:00:00+00:00|-1.0|calendar_drop_monday_h9_tp06_sl065,2025-12-16 09:00:00+00:00,STAGE28A,data/reports/stage28a_discovery_factory_batch_runner/stage28a_exact_trades.csv,calendar_time_risk_proxy_v1,calendar_drop_monday_h9_tp06_sl065,3.9003999999999,2.8503999999999,2.1503999999999,1,1,1,0,2.8503999999999,64.84000000000015,37.07000000000062,0.4086862692203772,20.51000000000022,0.5724037055094908,9.400000000000546,13.848000000000047,0.616,-1.0,,,9,1,12.0,2025
2025-12-17 09:00:00+00:00|-1.0|calendar_drop_monday_h9_tp06_sl065,2025-12-17 09:00:00+00:00,STAGE28A,data/reports/stage28a_discovery_factory_batch_runner/stage28a_exact_trades.csv,calendar_time_risk_proxy_v1,calendar_drop_monday_h9_tp06_sl065,3.3184000000004743,2.2684000000004745,1.5684000000004747,1,1,1,0,2.2684000000004745,63.220000000000255,29.93000000000029,0.7327096558636541,35.470000000000255,0.33718635466591346,12.950000000000728,14.335500000000138,0.744,-1.0,,,9,2,12.0,2025
2025-12-18 09:00:00+00:00|-1.0|calendar_drop_monday_h9_tp06_sl065,2025-12-18 09:00:00+00:00,STAGE28A,data/reports/stage28a_discovery_factory_batch_runner/stage28a_exact_trades.csv,calendar_time_risk_proxy_v1,calendar_drop_monday_h9_tp06_sl065,-2.8892250000004425,-3.9392250000004414,-4.639225000000442,0,0,0,1,3.9392250000004414,47.26000000000022,18.51000000000022,0.390059427336584,16.73999999999978,0.3912783751493045,5.380000000000109,11.88150000000005,0.344,-1.0,,,9,3,12.0,2025
2025-12-19 09:00:00+00:00|1.0|calendar_drop_monday_h9_tp06_sl065,2025-12-19 09:00:00+00:00,STAGE28A,data/reports/stage28a_discovery_factory_batch_runner/stage28a_exact_trades.csv,calendar_time_risk_proxy_v1,calendar_drop_monday_h9_tp06_sl065,-3.420600000000013,-4.4706000000000135,-5.170600000000013,0,0,0,1,4.4706000000000135,65.72000000000025,27.599999999999454,0.44818840579710634,15.989999999999782,0.3089430894308735,7.720000000000255,15.361499999999888,0.912,1.0,,,9,4,12.0,2025
2025-12-19 23:45:00+00:00|1.0|calendar_drop_monday_h9_tp06_sl065,2025-12-19 23:45:00+00:00,STAGE28A,data/reports/stage28a_discovery_factory_batch_runner/stage28a_exact_trades.csv,calendar_time_risk_proxy_v1,calendar_drop_monday_h9_tp06_sl065,-0.35,-1.4,-2.1,0,0,0,0,1.4,65.72000000000025,27.599999999999454,0.44818840579710634,15.989999999999782,0.3089430894308735,9.55999999999949,10.482499999999982,0.136,1.0,,,9,4,12.0,2025
2025-12-23 09:00:00+00:00|-1.0|calendar_drop_monday_h9_tp06_sl065,2025-12-23 09:00:00+00:00,STAGE28A,data/reports/stage28a_discovery_factory_batch_runner/stage28a_exact_trades.csv,calendar_time_risk_proxy_v1,calendar_drop_monday_h9_tp06_sl065,-4.100175000000126,-5.150175000000127,-5.850175000000126,0,0,0,1,5.150175000000127,122.74000000000069,52.289999999999964,0.42991011665709655,23.69000000000051,0.08104685521313305,11.989999999999782,12.480499999999983,0.444,-1.0,,,9,1,12.0,2025
2025-12-24 09:00:00+00:00|-1.0|calendar_drop_monday_h9_tp06_sl065,2025-12-24 09:00:00+00:00,STAGE28A,data/reports/stage28a_discovery_factory_batch_runner/stage28a_exact_trades.csv,calendar_time_risk_proxy_v1,calendar_drop_monday_h9_tp06_sl065,4.914100000000326,3.864100000000326,3.1641000000003263,1,1,1,0,3.864100000000326,75.19000000000051,54.51000000000022,0.07228031553842569,22.300000000000182,0.43094170403585624,12.670000000000073,19.080999999999904,1.0,-1.0,,,9,2,12.0,2025
2025-12-24 19:45:00+00:00|1.0|calendar_drop_monday_h9_tp06_sl065,2025-12-24 19:45:00+00:00,STAGE28A,data/reports/stage28a_discovery_factory_batch_runner/stage28a_exact_trades.csv,calendar_time_risk_proxy_v1,calendar_drop_monday_h9_tp06_sl065,-0.35,-1.4,-2.1,0,0,0,0,1.4,75.19000000000051,54.51000000000022,0.07228031553842569,22.300000000000182,0.43094170403585624,22.11999999999989,18.722999999999956,0.976,1.0,,,9,2,12.0,2025
2025-12-26 09:00:00+00:00|1.0|calendar_drop_monday_h9_tp06_sl065,2025-12-26 09:00:00+00:00,STAGE28A,data/reports/stage28a_discovery_factory_batch_runner/stage28a_exact_trades.csv,calendar_time_risk_proxy_v1,calendar_drop_monday_h9_tp06_sl065,-4.740100000000529,-5.79010000000053,-6.490100000000529,0,0,0,1,5.79010000000053,30.289999999999964,61.48999999999978,0.22767929744674012,17.50999999999931,0.311250713877786,11.340000000000146,19.028999999999904,0.952,1.0,,,9,4,12.0,2025
2025-12-26 23:45:00+00:00|1.0|calendar_drop_monday_h9_tp06_sl065,2025-12-26 23:45:00+00:00,STAGE28A,data/reports/stage28a_discovery_factory_batch_runner/stage28a_exact_trades.csv,calendar_time_risk_proxy_v1,calendar_drop_monday_h9_tp06_sl065,-0.35,-1.4,-2.1,0,0,0,0,1.4,30.289999999999964,61.48999999999978,0.22767929744674012,17.50999999999931,0.311250713877786,13.590000000000146,16.057999999999993,0.768,1.0,,,9,4,12.0,2025
2025-12-30 09:00:00+00:00|1.0|calendar_drop_monday_h9_tp06_sl065,2025-12-30 09:00:00+00:00,STAGE28A,data/reports/stage28a_discovery_factory_batch_runner/stage28a_exact_trades.csv,calendar_time_risk_proxy_v1,calendar_drop_monday_h9_tp06_sl065,-5.393024999999943,-6.443024999999944,-7.143024999999943,0,0,0,1,6.443024999999944,246.52999999999975,45.98999999999978,0.38704066101326956,41.36000000000058,0.5118471953578282,18.520000000000437,25.487500000000182,0.94,1.0,,,9,1,12.0,2025
2025-12-31 09:00:00+00:00|-1.0|calendar_drop_monday_h9_tp06_sl065,2025-12-31 09:00:00+00:00,STAGE28A,data/reports/stage28a_discovery_factory_batch_runner/stage28a_exact_trades.csv,calendar_time_risk_proxy_v1,calendar_drop_monday_h9_tp06_sl065,8.55729999999985,7.50729999999985,6.8072999999998505,1,1,1,0,7.50729999999985,80.57999999999993,44.35999999999967,0.13841298467086255,68.73999999999978,0.3840558626709299,54.44000000000051,24.946000000000005,0.912,-1.0,,,9,2,12.0,2025
2025-12-31 22:45:00+00:00|1.0|calendar_drop_monday_h9_tp06_sl065,2025-12-31 22:45:00+00:00,STAGE28A,data/reports/stage28a_discovery_factory_batch_runner/stage28a_exact_trades.csv,calendar_time_risk_proxy_v1,calendar_drop_monday_h9_tp06_sl065,4.824399999999878,3.774399999999878,3.074399999999878,1,1,1,0,3.774399999999878,80.57999999999993,44.35999999999967,0.13841298467086255,68.73999999999978,0.3840558626709299,15.100000000000364,25.212999999999965,0.892,1.0,,,9,2,12.0,2025
2026-01-02 09:00:00+00:00|1.0|calendar_drop_monday_h9_tp06_sl065,2026-01-02 09:00:00+00:00,STAGE28A,data/reports/stage28a_discovery_factory_batch_runner/stage28a_exact_trades.csv,calendar_time_risk_proxy_v1,calendar_drop_monday_h9_tp06_sl065,-3.9617249999997513,-5.011724999999752,-5.711724999999751,0,0,0,1,5.011724999999752,26.88000000000011,54.08000000000084,0.4567307692307588,27.51000000000022,0.8269720101781105,7.5900000000001455,17.063000000000056,0.54,1.0,,,9,4,1.0,2026
2026-01-02 23:45:00+00:00|1.0|calendar_drop_monday_h9_tp06_sl065,2026-01-02 23:45:00+00:00,STAGE28A,data/reports/stage28a_discovery_factory_batch_runner/stage28a_exact_trades.csv,calendar_time_risk_proxy_v1,calendar_drop_monday_h9_tp06_sl065,-0.35,-1.4,-2.1,0,0,0,0,1.4,26.88000000000011,54.08000000000084,0.4567307692307588,27.51000000000022,0.8269720101781105,14.140000000000327,15.15600000000004,0.42,1.0,,,9,4,1.0,2026
2026-01-06 09:00:00+00:00|-1.0|calendar_drop_monday_h9_tp06_sl065,2026-01-06 09:00:00+00:00,STAGE28A,data/reports/stage28a_discovery_factory_batch_runner/stage28a_exact_trades.csv,calendar_time_risk_proxy_v1,calendar_drop_monday_h9_tp06_sl065,3.5514999999999417,2.501499999999942,1.801499999999942,1,1,1,0,2.501499999999942,110.64000000000033,40.539999999999964,0.6625555007400024,32.960000000000036,0.46450242718447765,15.449999999999818,16.43150000000005,0.424,-1.0,,,9,1,1.0,2026
2026-01-07 09:00:00+00:00|-1.0|calendar_drop_monday_h9_tp06_sl065,2026-01-07 09:00:00+00:00,STAGE28A,data/reports/stage28a_discovery_factory_batch_runner/stage28a_exact_trades.csv,calendar_time_risk_proxy_v1,calendar_drop_monday_h9_tp06_sl065,3.957099999999991,2.907099999999992,2.207099999999992,1,1,1,0,2.907099999999992,69.30999999999949,40.720000000000255,0.7094793713163101,33.11999999999989,0.011171497584537804,18.86999999999989,15.88100000000004,0.348,-1.0,,,9,2,1.0,2026
2026-01-08 09:00:00+00:00|1.0|calendar_drop_monday_h9_tp06_sl065,2026-01-08 09:00:00+00:00,STAGE28A,data/reports/stage28a_discovery_factory_batch_runner/stage28a_exact_trades.csv,calendar_time_risk_proxy_v1,calendar_drop_monday_h9_tp06_sl065,-5.211025000000154,-6.261025000000155,-6.961025000000154,0,0,0,1,6.261025000000155,76.98000000000047,36.0,0.8824999999999869,24.0,0.07875000000001364,21.699999999999818,16.355000000000018,0.36,1.0,,,9,3,1.0,2026
2026-01-09 09:00:00+00:00|1.0|calendar_drop_monday_h9_tp06_sl065,2026-01-09 09:00:00+00:00,STAGE28A,data/reports/stage28a_discovery_factory_batch_runner/stage28a_exact_trades.csv,calendar_time_risk_proxy_v1,calendar_drop_monday_h9_tp06_sl065,2.6824000000000523,1.6324000000000525,0.9324000000000529,1,1,1,0,1.6324000000000525,71.64000000000033,31.079999999999927,0.352960102960112,19.199999999999818,0.4234375000000097,11.260000000000218,14.79850000000015,0.056,1.0,,,9,4,1.0,2026
2026-01-09 23:45:00+00:00|1.0|calendar_drop_monday_h9_tp06_sl065,2026-01-09 23:45:00+00:00,STAGE28A,data/reports/stage28a_discovery_factory_batch_runner/stage28a_exact_trades.csv,calendar_time_risk_proxy_v1,calendar_drop_monday_h9_tp06_sl065,-0.35,-1.4,-2.1,0,0,0,0,1.4,71.64000000000033,31.079999999999927,0.352960102960112,19.199999999999818,0.4234375000000097,11.5,14.717500000000063,0.084,1.0,,,9,4,1.0,2026
2026-01-13 09:00:00+00:00|-1.0|calendar_drop_monday_h9_tp06_sl065,2026-01-13 09:00:00+00:00,STAGE28A,data/reports/stage28a_discovery_factory_batch_runner/stage28a_exact_trades.csv,calendar_time_risk_proxy_v1,calendar_drop_monday_h9_tp06_sl065,3.3909999999999854,2.340999999999985,1.6409999999999858,1,1,1,0,2.340999999999985,116.96000000000004,32.23000000000047,0.0896680111697265,28.42999999999938,0.3496306718255619,18.6899999999996,17.404499999999963,0.512,-1.0,,,9,1,1.0,2026
2026-01-14 09:00:00+00:00|1.0|calendar_drop_monday_h9_tp06_sl065,2026-01-14 09:00:00+00:00,STAGE28A,data/reports/stage28a_discovery_factory_batch_runner/stage28a_exact_trades.csv,calendar_time_risk_proxy_v1,calendar_drop_monday_h9_tp06_sl065,4.019800000000396,2.969800000000396,2.269800000000396,1,1,1,0,2.969800000000396,64.76999999999953,42.88000000000011,0.705457089552237,21.579999999999927,0.15848007414272866,18.6899999999996,18.068499999999993,0.64,1.0,,,9,2,1.0,2026
2026-01-15 09:00:00+00:00|1.0|calendar_drop_monday_h9_tp06_sl065,2026-01-15 09:00:00+00:00,STAGE28A,data/reports/stage28a_discovery_factory_batch_runner/stage28a_exact_trades.csv,calendar_time_risk_proxy_v1,calendar_drop_monday_h9_tp06_sl065,-6.48339999999971,-7.533399999999711,-8.23339999999971,0,0,0,1,7.533399999999711,55.220000000000255,51.470000000000255,0.4453079463765292,39.04999999999927,0.7062740076824697,18.26000000000022,18.21850000000004,0.744,1.0,,,9,3,1.0,2026
2026-01-16 09:00:00+00:00|-1.0|calendar_drop_monday_h9_tp06_sl065,2026-01-16 09:00:00+00:00,STAGE28A,data/reports/stage28a_discovery_factory_batch_runner/stage28a_exact_trades.csv,calendar_time_risk_proxy_v1,calendar_drop_monday_h9_tp06_sl065,3.5760999999996783,2.5260999999996785,1.8260999999996788,1,1,1,0,2.5260999999996785,51.470000000000255,29.23999999999978,0.3081395348837307,21.81999999999971,0.04353803849678418,18.109999999999673,14.629000000000042,0.116,-1.0,,,9,4,1.0,2026
2026-01-16 23:45:00+00:00|1.0|calendar_drop_monday_h9_tp06_sl065,2026-01-16 23:45:00+00:00,STAGE28A,data/reports/stage28a_discovery_factory_batch_runner/stage28a_exact_trades.csv,calendar_time_risk_proxy_v1,calendar_drop_monday_h9_tp06_sl065,-0.35,-1.4,-2.1,0,0,0,0,1.4,51.470000000000255,29.23999999999978,0.3081395348837307,21.81999999999971,0.04353803849678418,14.900000000000546,18.534500000000072,0.868,1.0,,,9,4,1.0,2026
2026-01-20 09:00:00+00:00|1.0|calendar_drop_monday_h9_tp06_sl065,2026-01-20 09:00:00+00:00,STAGE28A,data/reports/stage28a_discovery_factory_batch_runner/stage28a_exact_trades.csv,calendar_time_risk_proxy_v1,calendar_drop_monday_h9_tp06_sl065,3.807400000000052,2.7574000000000525,2.0574000000000527,1,1,1,0,2.7574000000000525,70.75,37.38999999999942,0.7983418026210438,43.05000000000018,0.726596980255529,11.449999999999818,11.228999999999905,0.04,1.0,,,9,1,1.0,2026
2026-01-21 09:00:00+00:00|-1.0|calendar_drop_monday_h9_tp06_sl065,2026-01-21 09:00:00+00:00,STAGE28A,data/reports/stage28a_discovery_factory_batch_runner/stage28a_exact_trades.csv,calendar_time_risk_proxy_v1,calendar_drop_monday_h9_tp06_sl065,-8.789924999999675,-9.839924999999676,-10.539924999999675,0,0,0,1,9.839924999999676,117.38999999999942,112.94999999999982,0.7990261177512187,55.72999999999956,0.06728871343979956,42.5600000000004,22.026999999999997,0.9,-1.0,,,9,2,1.0,2026
2026-01-22 09:00:00+00:00|1.0|calendar_drop_monday_h9_tp06_sl065,2026-01-22 09:00:00+00:00,STAGE28A,data/reports/stage28a_discovery_factory_batch_runner/stage28a_exact_trades.csv,calendar_time_risk_proxy_v1,calendar_drop_monday_h9_tp06_sl065,-5.555525000000307,-6.605525000000307,-7.305525000000307,0,0,0,1,6.605525000000307,132.3699999999999,62.81999999999971,0.306431072906719,44.42000000000007,0.716343989194049,12.829999999999927,32.33500000000008,0.976,1.0,,,9,3,1.0,2026
2026-01-23 09:00:00+00:00|-1.0|calendar_drop_monday_h9_tp06_sl065,2026-01-23 09:00:00+00:00,STAGE28A,data/reports/stage28a_discovery_factory_batch_runner/stage28a_exact_trades.csv,calendar_time_risk_proxy_v1,calendar_drop_monday_h9_tp06_sl065,3.624699999999757,2.574699999999757,1.8746999999997571,1,1,1,0,2.574699999999757,187.47999999999956,36.32999999999993,0.07349298100743402,67.39999999999964,0.3921364985163269,17.539999999999964,21.3625,0.722,-1.0,,,9,4,1.0,2026
2026-01-23 23:45:00+00:00|1.0|calendar_drop_monday_h9_tp06_sl065,2026-01-23 23:45:00+00:00,STAGE28A,data/reports/stage28a_discovery_factory_batch_runner/stage28a_exact_trades.csv,calendar_time_risk_proxy_v1,calendar_drop_monday_h9_tp06_sl065,-0.35,-1.4,-2.1,0,0,0,0,1.4,187.47999999999956,36.32999999999993,0.07349298100743402,67.39999999999964,0.3921364985163269,14.8100000000004,21.896499999999925,0.728,1.0,,,9,4,1.0,2026
2026-01-27 09:00:00+00:00|1.0|calendar_drop_monday_h9_tp06_sl065,2026-01-27 09:00:00+00:00,STAGE28A,data/reports/stage28a_discovery_factory_batch_runner/stage28a_exact_trades.csv,calendar_time_risk_proxy_v1,calendar_drop_monday_h9_tp06_sl065,6.05980000000036,5.009800000000359,4.30980000000036,1,1,1,0,5.009800000000359,120.89999999999964,66.71999999999935,0.3625599520383805,43.279999999999745,0.441543438077629,17.280000000000655,34.68999999999996,0.996,1.0,,,9,1,1.0,2026
2026-01-28 09:00:00+00:00|1.0|calendar_drop_monday_h9_tp06_sl065,2026-01-28 09:00:00+00:00,STAGE28A,data/reports/stage28a_discovery_factory_batch_runner/stage28a_exact_trades.csv,calendar_time_risk_proxy_v1,calendar_drop_monday_h9_tp06_sl065,-8.288449999999647,-9.338449999999648,-10.038449999999647,0,0,0,1,9.338449999999648,177.47999999999956,91.47000000000025,0.8015742866513557,70.05000000000018,0.3504639543183327,19.400000000000546,28.39450000000006,0.844,1.0,,,9,2,1.0,2026
2026-01-29 09:00:00+00:00|-1.0|calendar_drop_monday_h9_tp06_sl065,2026-01-29 09:00:00+00:00,STAGE28A,data/reports/stage28a_discovery_factory_batch_runner/stage28a_exact_trades.csv,calendar_time_risk_proxy_v1,calendar_drop_monday_h9_tp06_sl065,12.139300000000183,11.089300000000184,10.389300000000183,1,1,1,0,11.089300000000184,367.5100000000002,177.09000000000015,0.2549551075724185,120.55000000000018,0.6137702198257957,40.72999999999956,55.31000000000004,1.0,-1.0,,,9,3,1.0,2026
2026-01-30 09:00:00+00:00|-1.0|calendar_drop_monday_h9_tp06_sl065,2026-01-30 09:00:00+00:00,STAGE28A,data/reports/stage28a_discovery_factory_batch_runner/stage28a_exact_trades.csv,calendar_time_risk_proxy_v1,calendar_drop_monday_h9_tp06_sl065,25.26579999999958,24.215799999999582,23.51579999999958,1,1,1,0,24.215799999999582,494.8599999999997,338.6199999999999,0.661360817435473,297.4300000000003,0.3163433412903878,59.460000000000036,92.42299999999996,1.0,-1.0,,,9,4,1.0,2026
2026-01-30 23:45:00+00:00|1.0|calendar_drop_monday_h9_tp06_sl065,2026-01-30 23:45:00+00:00,STAGE28A,data/reports/stage28a_discovery_factory_batch_runner/stage28a_exact_trades.csv,calendar_time_risk_proxy_v1,calendar_drop_monday_h9_tp06_sl065,-0.35,-1.4,-2.1,0,0,0,0,1.4,494.8599999999997,338.6199999999999,0.661360817435473,297.4300000000003,0.3163433412903878,122.4399999999996,110.78399999999992,1.0,1.0,,,9,4,1.0,2026
2026-02-03 09:00:00+00:00|1.0|calendar_drop_monday_h9_tp06_sl065,2026-02-03 09:00:00+00:00,STAGE28A,data/reports/stage28a_discovery_factory_batch_runner/stage28a_exact_trades.csv,calendar_time_risk_proxy_v1,calendar_drop_monday_h9_tp06_sl065,-17.542825000000086,-18.592825000000083,-19.29282500000009,0,0,0,1,18.592825000000083,481.1899999999996,189.4900000000007,0.18222597498548535,139.53999999999996,0.6661889064067655,77.38999999999942,76.99800000000009,0.764,1.0,,,9,1,2.0,2026
2026-02-04 09:00:00+00:00|-1.0|calendar_drop_monday_h9_tp06_sl065,2026-02-04 09:00:00+00:00,STAGE28A,data/reports/stage28a_discovery_factory_batch_runner/stage28a_exact_trades.csv,calendar_time_risk_proxy_v1,calendar_drop_monday_h9_tp06_sl065,-10.562800000000244,-11.612800000000243,-12.312800000000244,0,0,0,1,11.612800000000243,327.28999999999996,170.6200000000008,0.7802133395850385,50.0,0.6368000000000029,31.539999999999964,48.64099999999994,0.596,-1.0,,,9,2,2.0,2026
2026-02-05 09:00:00+00:00|-1.0|calendar_drop_monday_h9_tp06_sl065,2026-02-05 09:00:00+00:00,STAGE28A,data/reports/stage28a_discovery_factory_batch_runner/stage28a_exact_trades.csv,calendar_time_risk_proxy_v1,calendar_drop_monday_h9_tp06_sl065,21.99820000000036,20.94820000000036,20.24820000000036,1,1,1,0,20.94820000000036,239.94999999999982,234.41000000000076,0.6337613583038263,116.44999999999982,0.11592958351223719,55.3100000000004,60.79850000000006,0.72,-1.0,,,9,3,2.0,2026
2026-02-06 09:00:00+00:00|1.0|calendar_drop_monday_h9_tp06_sl065,2026-02-06 09:00:00+00:00,STAGE28A,data/reports/stage28a_discovery_factory_batch_runner/stage28a_exact_trades.csv,calendar_time_risk_proxy_v1,calendar_drop_monday_h9_tp06_sl065,-17.051100000000226,-18.101100000000223,-18.801100000000226,0,0,0,1,18.101100000000223,320.3100000000004,191.01000000000022,0.5794461022983098,95.03999999999996,0.6758207070707027,76.86999999999989,65.68799999999996,0.724,1.0,,,9,4,2.0,2026
2026-02-06 23:45:00+00:00|1.0|calendar_drop_monday_h9_tp06_sl065,2026-02-06 23:45:00+00:00,STAGE28A,data/reports/stage28a_discovery_factory_batch_runner/stage28a_exact_trades.csv,calendar_time_risk_proxy_v1,calendar_drop_monday_h9_tp06_sl065,-0.35,-1.4,-2.1,0,0,0,0,1.4,320.3100000000004,191.01000000000022,0.5794461022983098,95.03999999999996,0.6758207070707027,22.36999999999989,42.722999999999956,0.336,1.0,,,9,4,2.0,2026
2026-02-10 09:00:00+00:00|1.0|calendar_drop_monday_h9_tp06_sl065,2026-02-10 09:00:00+00:00,STAGE28A,data/reports/stage28a_discovery_factory_batch_runner/stage28a_exact_trades.csv,calendar_time_risk_proxy_v1,calendar_drop_monday_h9_tp06_sl065,-8.396675000000505,-9.446675000000504,-10.146675000000505,0,0,0,1,9.446675000000504,121.23000000000047,87.30999999999949,0.0027488260222276097,51.73999999999978,0.304020100502523,26.279999999999745,29.88449999999998,0.104,1.0,,,9,1,2.0,2026
2026-02-11 09:00:00+00:00|1.0|calendar_drop_monday_h9_tp06_sl065,2026-02-11 09:00:00+00:00,STAGE28A,data/reports/stage28a_discovery_factory_batch_runner/stage28a_exact_trades.csv,calendar_time_risk_proxy_v1,calendar_drop_monday_h9_tp06_sl065,5.1550000000001095,4.105000000000109,3.405000000000109,1,1,1,0,4.105000000000109,90.59999999999945,36.149999999999636,0.11009681881052595,57.410000000000764,0.814318063055206,15.170000000000073,24.6895,0.004,1.0,,,9,2,2.0,2026
2026-02-12 09:00:00+00:00|1.0|calendar_drop_monday_h9_tp06_sl065,2026-02-12 09:00:00+00:00,STAGE28A,data/reports/stage28a_discovery_factory_batch_runner/stage28a_exact_trades.csv,calendar_time_risk_proxy_v1,calendar_drop_monday_h9_tp06_sl065,-7.237724999999591,-8.287724999999591,-8.98772499999959,0,0,0,1,8.287724999999591,99.52999999999975,54.75999999999931,0.13951789627466077,33.48999999999978,0.22066288444312857,29.06999999999971,30.011499999999888,0.152,1.0,,,9,3,2.0,2026
2026-02-13 09:00:00+00:00|-1.0|calendar_drop_monday_h9_tp06_sl065,2026-02-13 09:00:00+00:00,STAGE28A,data/reports/stage28a_discovery_factory_batch_runner/stage28a_exact_trades.csv,calendar_time_risk_proxy_v1,calendar_drop_monday_h9_tp06_sl065,-8.813649999999688,-9.863649999999687,-10.563649999999688,0,0,0,1,9.863649999999687,221.16999999999916,110.14999999999964,0.510939627780299,44.63000000000011,0.5969079094779152,22.55999999999949,39.4014999999999,0.424,-1.0,,,9,4,2.0,2026
2026-02-13 23:45:00+00:00|1.0|calendar_drop_monday_h9_tp06_sl065,2026-02-13 23:45:00+00:00,STAGE28A,data/reports/stage28a_discovery_factory_batch_runner/stage28a_exact_trades.csv,calendar_time_risk_proxy_v1,calendar_drop_monday_h9_tp06_sl065,-0.35,-1.4,-2.1,0,0,0,0,1.4,221.16999999999916,110.14999999999964,0.510939627780299,44.63000000000011,0.5969079094779152,12.61999999999989,29.988999999999987,0.188,1.0,,,9,4,2.0,2026
2026-02-17 09:00:00+00:00|-1.0|calendar_drop_monday_h9_tp06_sl065,2026-02-17 09:00:00+00:00,STAGE28A,data/reports/stage28a_discovery_factory_batch_runner/stage28a_exact_trades.csv,calendar_time_risk_proxy_v1,calendar_drop_monday_h9_tp06_sl065,-9.741525,-10.791525000000002,-11.491525,0,0,0,1,10.791525000000002,84.22000000000025,77.25,0.4779288025889977,91.84000000000015,0.4317290940766603,27.4399999999996,24.475999999999978,0.128,-1.0,,,9,1,2.0,2026
2026-02-18 09:00:00+00:00|-1.0|calendar_drop_monday_h9_tp06_sl065,2026-02-18 09:00:00+00:00,STAGE28A,data/reports/stage28a_discovery_factory_batch_runner/stage28a_exact_trades.csv,calendar_time_risk_proxy_v1,calendar_drop_monday_h9_tp06_sl065,4.04260000000013,2.9926000000001296,2.29260000000013,1,1,1,0,2.9926000000001296,157.21000000000004,86.19999999999982,0.8678654292343452,32.5,0.6058461538461415,10.650000000000546,25.517999999999894,0.164,-1.0,,,9,2,2.0,2026
2026-02-19 09:00:00+00:00|1.0|calendar_drop_monday_h9_tp06_sl065,2026-02-19 09:00:00+00:00,STAGE28A,data/reports/stage28a_discovery_factory_batch_runner/stage28a_exact_trades.csv,calendar_time_risk_proxy_v1,calendar_drop_monday_h9_tp06_sl065,-4.446300000000155,-5.496300000000156,-6.196300000000155,0,0,0,1,5.496300000000156,156.84000000000015,28.07000000000062,0.2921268257926483,40.33000000000084,0.22737416315397677,23.1899999999996,18.661500000000025,0.056,1.0,,,9,3,2.0,2026
2026-02-20 09:00:00+00:00|1.0|calendar_drop_monday_h9_tp06_sl065,2026-02-20 09:00:00+00:00,STAGE28A,data/reports/stage28a_discovery_factory_batch_runner/stage28a_exact_trades.csv,calendar_time_risk_proxy_v1,calendar_drop_monday_h9_tp06_sl065,-5.698525000000336,-6.7485250000003365,-7.448525000000336,0,0,0,1,6.7485250000003365,61.32000000000062,32.899999999999636,0.36413373860181447,44.55999999999949,0.7773788150807858,18.089999999999236,19.492000000000054,0.168,1.0,,,9,4,2.0,2026
2026-02-20 23:45:00+00:00|1.0|calendar_drop_monday_h9_tp06_sl065,2026-02-20 23:45:00+00:00,STAGE28A,data/reports/stage28a_discovery_factory_batch_runner/stage28a_exact_trades.csv,calendar_time_risk_proxy_v1,calendar_drop_monday_h9_tp06_sl065,-0.35,-1.4,-2.1,0,0,0,0,1.4,61.32000000000062,32.899999999999636,0.36413373860181447,44.55999999999949,0.7773788150807858,20.17999999999938,22.526999999999862,0.312,1.0,,,9,4,2.0,2026
2026-02-24 09:00:00+00:00|1.0|calendar_drop_monday_h9_tp06_sl065,2026-02-24 09:00:00+00:00,STAGE28A,data/reports/stage28a_discovery_factory_batch_runner/stage28a_exact_trades.csv,calendar_time_risk_proxy_v1,calendar_drop_monday_h9_tp06_sl065,-6.855524999999579,-7.90552499999958,-8.605524999999579,0,0,0,1,7.90552499999958,139.01000000000022,104.50999999999931,0.6400344464644605,29.329999999999927,0.16365496079100558,28.449999999999818,25.956499999999913,0.516,1.0,,,9,1,2.0,2026
2026-02-25 09:00:00+00:00|1.0|calendar_drop_monday_h9_tp06_sl065,2026-02-25 09:00:00+00:00,STAGE28A,data/reports/stage28a_discovery_factory_batch_runner/stage28a_exact_trades.csv,calendar_time_risk_proxy_v1,calendar_drop_monday_h9_tp06_sl065,5.020600000000195,3.970600000000195,3.270600000000196,1,1,1,0,3.970600000000195,155.44999999999982,71.0,0.506197183098586,40.400000000000546,0.19306930693069496,19.020000000000437,25.181500000000007,0.496,1.0,,,9,2,2.0,2026
2026-02-26 09:00:00+00:00|-1.0|calendar_drop_monday_h9_tp06_sl065,2026-02-26 09:00:00+00:00,STAGE28A,data/reports/stage28a_discovery_factory_batch_runner/stage28a_exact_trades.csv,calendar_time_risk_proxy_v1,calendar_drop_monday_h9_tp06_sl065,3.9487000000002808,2.898700000000281,2.198700000000281,1,1,1,0,2.898700000000281,94.65999999999985,43.400000000000546,0.6817972350230362,39.1899999999996,0.5435059964276703,9.269999999999527,21.66899999999987,0.344,-1.0,,,9,3,2.0,2026
2026-02-27 09:00:00+00:00|-1.0|calendar_drop_monday_h9_tp06_sl065,2026-02-27 09:00:00+00:00,STAGE28A,data/reports/stage28a_discovery_factory_batch_runner/stage28a_exact_trades.csv,calendar_time_risk_proxy_v1,calendar_drop_monday_h9_tp06_sl065,-5.001074999999764,-6.051074999999765,-6.751074999999764,0,0,0,1,6.051074999999765,74.60999999999967,32.68000000000029,0.08353733170136012,31.48999999999978,0.1292473801206649,14.090000000000146,22.0645,0.4,-1.0,,,9,4,2.0,2026
2026-02-27 23:45:00+00:00|1.0|calendar_drop_monday_h9_tp06_sl065,2026-02-27 23:45:00+00:00,STAGE28A,data/reports/stage28a_discovery_factory_batch_runner/stage28a_exact_trades.csv,calendar_time_risk_proxy_v1,calendar_drop_monday_h9_tp06_sl065,-0.35,-1.4,-2.1,0,0,0,0,1.4,74.60999999999967,32.68000000000029,0.08353733170136012,31.48999999999978,0.1292473801206649,16.730000000000473,18.952500000000146,0.152,1.0,,,9,4,2.0,2026
2026-03-03 09:00:00+00:00|-1.0|calendar_drop_monday_h9_tp06_sl065,2026-03-03 09:00:00+00:00,STAGE28A,data/reports/stage28a_discovery_factory_batch_runner/stage28a_exact_trades.csv,calendar_time_risk_proxy_v1,calendar_drop_monday_h9_tp06_sl065,-11.086375000000409,-12.136375000000408,-12.836375000000409,0,0,0,1,12.136375000000408,158.2599999999993,50.460000000000036,0.2964724534284587,140.09999999999945,0.804354032833697,43.77000000000044,33.022499999999994,0.936,-1.0,,,9,1,3.0,2026
2026-03-04 09:00:00+00:00|1.0|calendar_drop_monday_h9_tp06_sl065,2026-03-04 09:00:00+00:00,STAGE28A,data/reports/stage28a_discovery_factory_batch_runner/stage28a_exact_trades.csv,calendar_time_risk_proxy_v1,calendar_drop_monday_h9_tp06_sl065,-11.325250000000414,-12.375250000000417,-13.075250000000414,0,0,0,1,12.375250000000417,382.7999999999993,105.97000000000025,0.29508351420212753,79.67000000000007,0.4089368645663348,37.86999999999989,60.379999999999974,0.952,1.0,,,9,2,3.0,2026
2026-03-05 09:00:00+00:00|-1.0|calendar_drop_monday_h9_tp06_sl065,2026-03-05 09:00:00+00:00,STAGE28A,data/reports/stage28a_discovery_factory_batch_runner/stage28a_exact_trades.csv,calendar_time_risk_proxy_v1,calendar_drop_monday_h9_tp06_sl065,-8.957624999999643,-10.007624999999644,-10.707624999999643,0,0,0,1,10.007624999999644,121.39000000000033,50.22999999999956,0.11108899064304152,59.60999999999967,0.12028183190739997,47.97999999999956,26.565499999999883,0.636,-1.0,,,9,3,3.0,2026
2026-03-06 09:00:00+00:00|-1.0|calendar_drop_monday_h9_tp06_sl065,2026-03-06 09:00:00+00:00,STAGE28A,data/reports/stage28a_discovery_factory_batch_runner/stage28a_exact_trades.csv,calendar_time_risk_proxy_v1,calendar_drop_monday_h9_tp06_sl065,-5.740774999999848,-6.790774999999849,-7.490774999999848,0,0,0,1,6.790774999999849,143.6899999999996,76.73999999999978,0.5422204847537111,54.25,0.6733640552995345,13.710000000000036,29.561999999999944,0.644,-1.0,,,9,4,3.0,2026
2026-03-06 23:45:00+00:00|1.0|calendar_drop_monday_h9_tp06_sl065,2026-03-06 23:45:00+00:00,STAGE28A,data/reports/stage28a_discovery_factory_batch_runner/stage28a_exact_trades.csv,calendar_time_risk_proxy_v1,calendar_drop_monday_h9_tp06_sl065,-0.35,-1.4,-2.1,0,0,0,0,1.4,143.6899999999996,76.73999999999978,0.5422204847537111,54.25,0.6733640552995345,13.020000000000437,27.936000000000014,0.592,1.0,,,9,4,3.0,2026
2026-03-10 09:00:00+00:00|1.0|calendar_drop_monday_h9_tp06_sl065,2026-03-10 09:00:00+00:00,STAGE28A,data/reports/stage28a_discovery_factory_batch_runner/stage28a_exact_trades.csv,calendar_time_risk_proxy_v1,calendar_drop_monday_h9_tp06_sl065,-5.587374999999701,-6.637374999999702,-7.337374999999701,0,0,0,1,6.637374999999702,176.90999999999985,69.05000000000018,0.35235336712526955,38.60999999999967,0.3504273504273468,9.159999999999854,25.005000000000017,0.332,1.0,,,9,1,3.0,2026
2026-03-11 09:00:00+00:00|-1.0|calendar_drop_monday_h9_tp06_sl065,2026-03-11 09:00:00+00:00,STAGE28A,data/reports/stage28a_discovery_factory_batch_runner/stage28a_exact_trades.csv,calendar_time_risk_proxy_v1,calendar_drop_monday_h9_tp06_sl065,4.476399999999922,3.426399999999921,2.7263999999999218,1,1,1,0,3.426399999999921,121.13000000000011,39.590000000000146,0.15584743622126926,35.25,0.5140425531914863,19.25,22.735500000000002,0.248,-1.0,,,9,2,3.0,2026
2026-03-12 09:00:00+00:00|1.0|calendar_drop_monday_h9_tp06_sl065,2026-03-12 09:00:00+00:00,STAGE28A,data/reports/stage28a_discovery_factory_batch_runner/stage28a_exact_trades.csv,calendar_time_risk_proxy_v1,calendar_drop_monday_h9_tp06_sl065,-5.54090000000051,-6.590900000000511,-7.29090000000051,0,0,0,1,6.590900000000511,89.92000000000007,56.44999999999982,0.14508414526128655,54.350000000000364,0.7308187672493098,22.850000000000364,22.40400000000009,0.228,1.0,,,9,3,3.0,2026
2026-03-13 09:00:00+00:00|-1.0|calendar_drop_monday_h9_tp06_sl065,2026-03-13 09:00:00+00:00,STAGE28A,data/reports/stage28a_discovery_factory_batch_runner/stage28a_exact_trades.csv,calendar_time_risk_proxy_v1,calendar_drop_monday_h9_tp06_sl065,4.221100000000115,3.171100000000115,2.4711000000001158,1,1,1,0,3.171100000000115,136.32999999999993,55.710000000000036,0.1202656614611347,49.1299999999992,0.19967433340117344,22.100000000000364,20.457000000000107,0.112,-1.0,,,9,4,3.0,2026
2026-03-13 22:45:00+00:00|1.0|calendar_drop_monday_h9_tp06_sl065,2026-03-13 22:45:00+00:00,STAGE28A,data/reports/stage28a_discovery_factory_batch_runner/stage28a_exact_trades.csv,calendar_time_risk_proxy_v1,calendar_drop_monday_h9_tp06_sl065,-0.35,-1.4,-2.1,0,0,0,0,1.4,136.32999999999993,55.710000000000036,0.1202656614611347,49.1299999999992,0.19967433340117344,40.219999999999345,23.812000000000033,0.368,1.0,,,9,4,3.0,2026
2026-03-17 09:00:00+00:00|-1.0|calendar_drop_monday_h9_tp06_sl065,2026-03-17 09:00:00+00:00,STAGE28A,data/reports/stage28a_discovery_factory_batch_runner/stage28a_exact_trades.csv,calendar_time_risk_proxy_v1,calendar_drop_monday_h9_tp06_sl065,4.3381000000003045,3.288100000000304,2.5881000000003045,1,1,1,0,3.288100000000304,69.77000000000044,46.720000000000255,0.5355308219178146,52.33000000000084,0.7177527231033611,17.449999999999818,21.2875,0.148,-1.0,,,9,1,3.0,2026
2026-03-18 09:00:00+00:00|1.0|calendar_drop_monday_h9_tp06_sl065,2026-03-18 09:00:00+00:00,STAGE28A,data/reports/stage28a_discovery_factory_batch_runner/stage28a_exact_trades.csv,calendar_time_risk_proxy_v1,calendar_drop_monday_h9_tp06_sl065,3.82450000000008,2.77450000000008,2.0745000000000804,1,1,1,0,2.77450000000008,70.88000000000011,33.909999999999854,0.4624004718371999,57.25,0.3369432314410474,20.019999999999527,15.59149999999986,0.004,1.0,,,9,2,3.0,2026
2026-03-19 09:00:00+00:00|-1.0|calendar_drop_monday_h9_tp06_sl065,2026-03-19 09:00:00+00:00,STAGE28A,data/reports/stage28a_discovery_factory_batch_runner/stage28a_exact_trades.csv,calendar_time_risk_proxy_v1,calendar_drop_monday_h9_tp06_sl065,7.304199999999946,6.254199999999946,5.5541999999999465,1,1,1,0,6.254199999999946,209.3699999999999,62.36999999999989,0.2081128747795494,187.1199999999999,0.911928174433516,94.14000000000033,32.58100000000004,0.908,-1.0,,,9,3,3.0,2026
2026-03-20 09:00:00+00:00|-1.0|calendar_drop_monday_h9_tp06_sl065,2026-03-20 09:00:00+00:00,STAGE28A,data/reports/stage28a_discovery_factory_batch_runner/stage28a_exact_trades.csv,calendar_time_risk_proxy_v1,calendar_drop_monday_h9_tp06_sl065,8.349400000000424,7.299400000000423,6.599400000000424,1,1,1,0,7.299400000000423,364.7399999999998,101.35999999999967,0.7723954222573028,96.74000000000069,0.788918751292124,39.720000000000255,46.81500000000001,0.936,-1.0,,,9,4,3.0,2026
2026-03-20 22:45:00+00:00|1.0|calendar_drop_monday_h9_tp06_sl065,2026-03-20 22:45:00+00:00,STAGE28A,data/reports/stage28a_discovery_factory_batch_runner/stage28a_exact_trades.csv,calendar_time_risk_proxy_v1,calendar_drop_monday_h9_tp06_sl065,-0.35,-1.4,-2.1,0,0,0,0,1.4,364.7399999999998,101.35999999999967,0.7723954222573028,96.74000000000069,0.788918751292124,31.0600000000004,45.05350000000003,0.904,1.0,,,9,4,3.0,2026
2026-03-24 09:00:00+00:00|1.0|calendar_drop_monday_h9_tp06_sl065,2026-03-24 09:00:00+00:00,STAGE28A,data/reports/stage28a_discovery_factory_batch_runner/stage28a_exact_trades.csv,calendar_time_risk_proxy_v1,calendar_drop_monday_h9_tp06_sl065,-16.53922500000008,-17.589225000000077,-18.28922500000008,0,0,0,1,17.589225000000077,437.1700000000001,141.98999999999978,0.7553348827382221,121.75,0.8636550308008258,62.02000000000044,71.92600000000002,0.912,1.0,,,9,1,3.0,2026
2026-03-25 09:00:00+00:00|-1.0|calendar_drop_monday_h9_tp06_sl065,2026-03-25 09:00:00+00:00,STAGE28A,data/reports/stage28a_discovery_factory_batch_runner/stage28a_exact_trades.csv,calendar_time_risk_proxy_v1,calendar_drop_monday_h9_tp06_sl065,6.742300000000251,5.69230000000025,4.992300000000251,1,1,1,0,5.69230000000025,245.17999999999938,146.3800000000001,0.1763902172427906,45.51999999999953,0.31480667838313,23.75,42.5585,0.676,-1.0,,,9,2,3.0,2026
2026-03-26 09:00:00+00:00|-1.0|calendar_drop_monday_h9_tp06_sl065,2026-03-26 09:00:00+00:00,STAGE28A,data/reports/stage28a_discovery_factory_batch_runner/stage28a_exact_trades.csv,calendar_time_risk_proxy_v1,calendar_drop_monday_h9_tp06_sl065,-10.516650000000118,-11.566650000000118,-12.266650000000118,0,0,0,1,11.566650000000118,146.3800000000001,54.910000000000764,0.4028410125660095,109.26000000000022,0.7089511257550786,43.73000000000047,36.50800000000013,0.608,-1.0,,,9,3,3.0,2026
2026-03-27 09:00:00+00:00|-1.0|calendar_drop_monday_h9_tp06_sl065,2026-03-27 09:00:00+00:00,STAGE28A,data/reports/stage28a_discovery_factory_batch_runner/stage28a_exact_trades.csv,calendar_time_risk_proxy_v1,calendar_drop_monday_h9_tp06_sl065,6.655599999999504,5.605599999999503,4.905599999999504,1,1,1,0,5.605599999999503,192.66000000000076,73.67999999999938,0.5563246471226945,64.27999999999975,0.48397635345363715,21.029999999999745,35.2099999999999,0.528,-1.0,,,9,4,3.0,2026
2026-03-27 22:45:00+00:00|1.0|calendar_drop_monday_h9_tp06_sl065,2026-03-27 22:45:00+00:00,STAGE28A,data/reports/stage28a_discovery_factory_batch_runner/stage28a_exact_trades.csv,calendar_time_risk_proxy_v1,calendar_drop_monday_h9_tp06_sl065,8.715099999999802,7.665099999999802,6.965099999999802,1,1,1,0,7.665099999999802,192.66000000000076,73.67999999999938,0.5563246471226945,64.27999999999975,0.48397635345363715,25.339999999999236,31.86499999999978,0.4,1.0,,,9,4,3.0,2026
2026-03-31 09:00:00+00:00|1.0|calendar_drop_monday_h9_tp06_sl065,2026-03-31 09:00:00+00:00,STAGE28A,data/reports/stage28a_discovery_factory_batch_runner/stage28a_exact_trades.csv,calendar_time_risk_proxy_v1,calendar_drop_monday_h9_tp06_sl065,-11.452974999999787,-12.502974999999788,-13.202974999999787,0,0,0,1,12.502974999999788,160.84999999999945,136.60000000000036,0.3423865300146369,37.849999999999454,0.04042272126815766,33.599999999999454,33.95500000000006,0.42,1.0,,,9,1,3.0,2026
2026-04-01 09:00:00+00:00|1.0|calendar_drop_monday_h9_tp06_sl065,2026-04-01 09:00:00+00:00,STAGE28A,data/reports/stage28a_discovery_factory_batch_runner/stage28a_exact_trades.csv,calendar_time_risk_proxy_v1,calendar_drop_monday_h9_tp06_sl065,-8.195500000000356,-9.245500000000357,-9.945500000000356,0,0,0,1,9.245500000000357,204.27000000000044,62.159999999999854,0.011904761904773053,80.67000000000007,0.5141936283624697,28.660000000000764,29.81549999999993,0.196,1.0,,,9,2,4.0,2026
2026-04-02 09:00:00+00:00|-1.0|calendar_drop_monday_h9_tp06_sl065,2026-04-02 09:00:00+00:00,STAGE28A,data/reports/stage28a_discovery_factory_batch_runner/stage28a_exact_trades.csv,calendar_time_risk_proxy_v1,calendar_drop_monday_h9_tp06_sl065,14.784100000000215,13.734100000000216,13.034100000000215,1,1,1,0,13.734100000000216,131.1300000000001,150.57999999999993,0.6674193119936249,127.85000000000036,0.4268283144309703,94.5600000000004,37.019000000000005,0.564,-1.0,,,9,3,4.0,2026
2026-04-02 23:45:00+00:00|1.0|calendar_drop_monday_h9_tp06_sl065,2026-04-02 23:45:00+00:00,STAGE28A,data/reports/stage28a_discovery_factory_batch_runner/stage28a_exact_trades.csv,calendar_time_risk_proxy_v1,calendar_drop_monday_h9_tp06_sl065,-7.93809999999994,-8.98809999999994,-9.68809999999994,0,0,0,1,8.98809999999994,131.1300000000001,150.57999999999993,0.6674193119936249,127.85000000000036,0.4268283144309703,20.31999999999971,43.87049999999999,0.668,1.0,,,9,3,4.0,2026
2026-04-07 09:00:00+00:00|1.0|calendar_drop_monday_h9_tp06_sl065,2026-04-07 09:00:00+00:00,STAGE28A,data/reports/stage28a_discovery_factory_batch_runner/stage28a_exact_trades.csv,calendar_time_risk_proxy_v1,calendar_drop_monday_h9_tp06_sl065,-9.16432500000028,-10.21432500000028,-10.91432500000028,0,0,0,1,10.21432500000028,105.48999999999978,51.460000000000036,0.17061795569375532,71.22999999999956,0.3018391127334007,38.039999999999964,20.679999999999882,0.028,1.0,,,9,1,4.0,2026
2026-04-08 09:00:00+00:00|-1.0|calendar_drop_monday_h9_tp06_sl065,2026-04-08 09:00:00+00:00,STAGE28A,data/reports/stage28a_discovery_factory_batch_runner/stage28a_exact_trades.csv,calendar_time_risk_proxy_v1,calendar_drop_monday_h9_tp06_sl065,-8.220850000000246,-9.270850000000246,-9.970850000000246,0,0,0,1,9.270850000000246,211.28000000000065,140.1299999999992,0.1491472204381693,66.96000000000004,0.2144563918757417,43.150000000000546,35.56950000000002,0.62,-1.0,,,9,2,4.0,2026
2026-04-09 09:00:00+00:00|1.0|calendar_drop_monday_h9_tp06_sl065,2026-04-09 09:00:00+00:00,STAGE28A,data/reports/stage28a_discovery_factory_batch_runner/stage28a_exact_trades.csv,calendar_time_risk_proxy_v1,calendar_drop_monday_h9_tp06_sl065,-7.267625000000043,-8.317625000000044,-9.017625000000043,0,0,0,1,8.317625000000044,154.54999999999927,33.960000000000036,0.176972909305071,29.56999999999971,0.5989178221170176,20.50999999999931,26.256500000000052,0.088,1.0,,,9,3,4.0,2026
2026-04-10 09:00:00+00:00|-1.0|calendar_drop_monday_h9_tp06_sl065,2026-04-10 09:00:00+00:00,STAGE28A,data/reports/stage28a_discovery_factory_batch_runner/stage28a_exact_trades.csv,calendar_time_risk_proxy_v1,calendar_drop_monday_h9_tp06_sl065,-5.924724999999489,-6.97472499999949,-7.674724999999489,0,0,0,1,6.97472499999949,102.13000000000011,41.600000000000364,0.05817307692307817,39.80999999999949,0.3765385581512176,11.760000000000218,19.734000000000016,0.024,-1.0,,,9,4,4.0,2026
2026-04-10 23:45:00+00:00|1.0|calendar_drop_monday_h9_tp06_sl065,2026-04-10 23:45:00+00:00,STAGE28A,data/reports/stage28a_discovery_factory_batch_runner/stage28a_exact_trades.csv,calendar_time_risk_proxy_v1,calendar_drop_monday_h9_tp06_sl065,-0.35,-1.4,-2.1,0,0,0,0,1.4,102.13000000000011,41.600000000000364,0.05817307692307817,39.80999999999949,0.3765385581512176,12.210000000000036,18.75699999999997,0.044,1.0,,,9,4,4.0,2026
2026-04-14 09:00:00+00:00|1.0|calendar_drop_monday_h9_tp06_sl065,2026-04-14 09:00:00+00:00,STAGE28A,data/reports/stage28a_discovery_factory_batch_runner/stage28a_exact_trades.csv,calendar_time_risk_proxy_v1,calendar_drop_monday_h9_tp06_sl065,3.843999999999505,2.7939999999995053,2.0939999999995056,1,1,1,0,2.7939999999995053,114.48000000000047,31.23999999999978,0.3117797695262436,37.72999999999956,0.2793532997614653,16.159999999999854,17.664499999999908,0.02,1.0,,,9,1,4.0,2026
2026-04-15 09:00:00+00:00|-1.0|calendar_drop_monday_h9_tp06_sl065,2026-04-15 09:00:00+00:00,STAGE28A,data/reports/stage28a_discovery_factory_batch_runner/stage28a_exact_trades.csv,calendar_time_risk_proxy_v1,calendar_drop_monday_h9_tp06_sl065,5.082399999999689,4.032399999999688,3.332399999999689,1,1,1,0,4.032399999999688,100.72999999999956,54.25,0.20552995391704398,44.31999999999971,0.5873194945848357,17.86999999999989,19.199000000000023,0.16,-1.0,,,9,2,4.0,2026
2026-04-16 09:00:00+00:00|-1.0|calendar_drop_monday_h9_tp06_sl065,2026-04-16 09:00:00+00:00,STAGE28A,data/reports/stage28a_discovery_factory_batch_runner/stage28a_exact_trades.csv,calendar_time_risk_proxy_v1,calendar_drop_monday_h9_tp06_sl065,-4.659175000000323,-5.709175000000323,-6.409175000000323,0,0,0,1,5.709175000000323,85.13999999999942,46.51999999999953,0.3555460017196933,31.529999999999745,0.35172851252775883,17.11999999999989,15.955000000000018,0.004,-1.0,,,9,3,4.0,2026
2026-04-17 09:00:00+00:00|1.0|calendar_drop_monday_h9_tp06_sl065,2026-04-17 09:00:00+00:00,STAGE28A,data/reports/stage28a_discovery_factory_batch_runner/stage28a_exact_trades.csv,calendar_time_risk_proxy_v1,calendar_drop_monday_h9_tp06_sl065,4.018000000000393,2.968000000000393,2.2680000000003933,1,1,1,0,2.968000000000393,65.03999999999996,33.399999999999636,0.042215568862271555,27.38000000000011,0.10336011687362731,12.489999999999782,14.930999999999994,0.028,1.0,,,9,4,4.0,2026
2026-04-17 23:45:00+00:00|1.0|calendar_drop_monday_h9_tp06_sl065,2026-04-17 23:45:00+00:00,STAGE28A,data/reports/stage28a_discovery_factory_batch_runner/stage28a_exact_trades.csv,calendar_time_risk_proxy_v1,calendar_drop_monday_h9_tp06_sl065,-0.35,-1.4,-2.1,0,0,0,0,1.4,65.03999999999996,33.399999999999636,0.042215568862271555,27.38000000000011,0.10336011687362731,8.4399999999996,19.439500000000088,0.42,1.0,,,9,4,4.0,2026
2026-04-21 09:00:00+00:00|-1.0|calendar_drop_monday_h9_tp06_sl065,2026-04-21 09:00:00+00:00,STAGE28A,data/reports/stage28a_discovery_factory_batch_runner/stage28a_exact_trades.csv,calendar_time_risk_proxy_v1,calendar_drop_monday_h9_tp06_sl065,3.795400000000336,2.745400000000336,2.0454000000003365,1,1,1,0,2.745400000000336,90.67000000000007,40.399999999999636,0.7566831683168312,25.050000000000182,0.5417165668662519,13.679999999999382,15.084999999999946,0.064,-1.0,,,9,1,4.0,2026
2026-04-22 09:00:00+00:00|-1.0|calendar_drop_monday_h9_tp06_sl065,2026-04-22 09:00:00+00:00,STAGE28A,data/reports/stage28a_discovery_factory_batch_runner/stage28a_exact_trades.csv,calendar_time_risk_proxy_v1,calendar_drop_monday_h9_tp06_sl065,-4.726449999999749,-5.77644999999975,-6.476449999999749,0,0,0,1,5.77644999999975,164.42000000000007,49.36000000000058,0.7803889789302891,19.909999999999854,0.14364640883980928,19.67999999999938,24.95149999999999,0.816,-1.0,,,9,2,4.0,2026
2026-04-23 09:00:00+00:00|-1.0|calendar_drop_monday_h9_tp06_sl065,2026-04-23 09:00:00+00:00,STAGE28A,data/reports/stage28a_discovery_factory_batch_runner/stage28a_exact_trades.csv,calendar_time_risk_proxy_v1,calendar_drop_monday_h9_tp06_sl065,-6.403775000000314,-7.453775000000315,-8.153775000000314,0,0,0,1,7.453775000000315,56.470000000000255,59.63000000000011,0.37078651685392644,31.92999999999938,0.19417475728155145,22.279999999999745,17.6579999999999,0.348,-1.0,,,9,3,4.0,2026
2026-04-24 09:00:00+00:00|1.0|calendar_drop_monday_h9_tp06_sl065,2026-04-24 09:00:00+00:00,STAGE28A,data/reports/stage28a_discovery_factory_batch_runner/stage28a_exact_trades.csv,calendar_time_risk_proxy_v1,calendar_drop_monday_h9_tp06_sl065,-6.317649999999594,-7.367649999999594,-8.067649999999594,0,0,0,1,7.367649999999594,89.48000000000047,42.279999999999745,0.4973982970671682,39.52000000000044,0.2608805668016267,17.590000000000146,20.867500000000017,0.756,1.0,,,9,4,4.0,2026
2026-04-24 23:45:00+00:00|1.0|calendar_drop_monday_h9_tp06_sl065,2026-04-24 23:45:00+00:00,STAGE28A,data/reports/stage28a_discovery_factory_batch_runner/stage28a_exact_trades.csv,calendar_time_risk_proxy_v1,calendar_drop_monday_h9_tp06_sl065,-0.35,-1.4,-2.1,0,0,0,0,1.4,89.48000000000047,42.279999999999745,0.4973982970671682,39.52000000000044,0.2608805668016267,12.430000000000291,18.95449999999996,0.568,1.0,,,9,4,4.0,2026
2026-04-28 09:00:00+00:00|-1.0|calendar_drop_monday_h9_tp06_sl065,2026-04-28 09:00:00+00:00,STAGE28A,data/reports/stage28a_discovery_factory_batch_runner/stage28a_exact_trades.csv,calendar_time_risk_proxy_v1,calendar_drop_monday_h9_tp06_sl065,4.900299999999698,3.8502999999996974,3.1502999999996977,1,1,1,0,3.8502999999996974,62.81999999999971,34.590000000000146,0.49031511997687094,66.61000000000058,0.9911424711004333,44.07999999999993,12.861999999999899,0.044,-1.0,,,9,1,4.0,2026
2026-04-29 09:00:00+00:00|-1.0|calendar_drop_monday_h9_tp06_sl065,2026-04-29 09:00:00+00:00,STAGE28A,data/reports/stage28a_discovery_factory_batch_runner/stage28a_exact_trades.csv,calendar_time_risk_proxy_v1,calendar_drop_monday_h9_tp06_sl065,-5.48760000000002,-6.537600000000021,-7.23760000000002,0,0,0,1,6.537600000000021,146.2599999999993,33.97999999999956,0.036492054149493754,55.970000000000255,0.707343219581902,16.829999999999927,17.580000000000155,0.448,-1.0,,,9,2,4.0,2026
2026-04-30 09:00:00+00:00|1.0|calendar_drop_monday_h9_tp06_sl065,2026-04-30 09:00:00+00:00,STAGE28A,data/reports/stage28a_discovery_factory_batch_runner/stage28a_exact_trades.csv,calendar_time_risk_proxy_v1,calendar_drop_monday_h9_tp06_sl065,-5.800574999999844,-6.850574999999845,-7.550574999999844,0,0,0,1,6.850574999999845,99.84999999999945,43.11000000000058,0.09255393180235973,91.03999999999996,0.7621924428822534,27.48999999999978,20.028499999999802,0.708,1.0,,,9,3,4.0,2026
2026-05-01 09:00:00+00:00|-1.0|calendar_drop_monday_h9_tp06_sl065,2026-05-01 09:00:00+00:00,STAGE28A,data/reports/stage28a_discovery_factory_batch_runner/stage28a_exact_trades.csv,calendar_time_risk_proxy_v1,calendar_drop_monday_h9_tp06_sl065,-4.583124999999745,-5.633124999999746,-6.333124999999745,0,0,0,1,5.633124999999746,107.63000000000011,21.970000000000255,0.17023213472916424,68.44999999999982,0.9382030679327906,13.239999999999782,14.232000000000061,0.14,-1.0,,,9,4,5.0,2026
2026-05-01 23:45:00+00:00|1.0|calendar_drop_monday_h9_tp06_sl065,2026-05-01 23:45:00+00:00,STAGE28A,data/reports/stage28a_discovery_factory_batch_runner/stage28a_exact_trades.csv,calendar_time_risk_proxy_v1,calendar_drop_monday_h9_tp06_sl065,-0.35,-1.4,-2.1,0,0,0,0,1.4,107.63000000000011,21.970000000000255,0.17023213472916424,68.44999999999982,0.9382030679327906,18.769999999999527,19.694500000000062,0.652,1.0,,,9,4,5.0,2026
2026-05-05 09:00:00+00:00|1.0|calendar_drop_monday_h9_tp06_sl065,2026-05-05 09:00:00+00:00,STAGE28A,data/reports/stage28a_discovery_factory_batch_runner/stage28a_exact_trades.csv,calendar_time_risk_proxy_v1,calendar_drop_monday_h9_tp06_sl065,3.4281999999997423,2.3781999999997425,1.6781999999997428,1,1,1,0,2.3781999999997425,128.5099999999993,32.99000000000069,0.5216732343134185,32.52000000000044,0.6685116851168634,20.139999999999418,19.192999999999984,0.592,1.0,,,9,1,5.0,2026
2026-05-06 09:00:00+00:00|1.0|calendar_drop_monday_h9_tp06_sl065,2026-05-06 09:00:00+00:00,STAGE28A,data/reports/stage28a_discovery_factory_batch_runner/stage28a_exact_trades.csv,calendar_time_risk_proxy_v1,calendar_drop_monday_h9_tp06_sl065,4.428699999999845,3.3786999999998444,2.6786999999998446,1,1,1,0,3.3786999999998444,72.96000000000004,105.18000000000029,0.6700893706027788,65.11000000000058,0.8944862540316274,19.079999999999927,17.92749999999978,0.448,1.0,,,9,2,5.0,2026
2026-05-07 09:00:00+00:00|1.0|calendar_drop_monday_h9_tp06_sl065,2026-05-07 09:00:00+00:00,STAGE28A,data/reports/stage28a_discovery_factory_batch_runner/stage28a_exact_trades.csv,calendar_time_risk_proxy_v1,calendar_drop_monday_h9_tp06_sl065,-4.987424999999893,-6.037424999999894,-6.737424999999893,0,0,0,1,6.037424999999894,176.60000000000036,35.909999999999854,0.12252854358116552,61.06999999999971,0.48747339119043176,11.819999999999709,17.707499999999982,0.388,1.0,,,9,3,5.0,2026
2026-05-08 09:00:00+00:00|-1.0|calendar_drop_monday_h9_tp06_sl065,2026-05-08 09:00:00+00:00,STAGE28A,data/reports/stage28a_discovery_factory_batch_runner/stage28a_exact_trades.csv,calendar_time_risk_proxy_v1,calendar_drop_monday_h9_tp06_sl065,5.2045000000001895,4.154500000000189,3.454500000000189,1,1,1,0,4.154500000000189,80.0,50.93000000000029,0.6630669546436154,37.44000000000051,0.20619658119658518,21.48999999999978,22.105500000000028,0.964,-1.0,,,9,4,5.0,2026
2026-05-08 23:45:00+00:00|1.0|calendar_drop_monday_h9_tp06_sl065,2026-05-08 23:45:00+00:00,STAGE28A,data/reports/stage28a_discovery_factory_batch_runner/stage28a_exact_trades.csv,calendar_time_risk_proxy_v1,calendar_drop_monday_h9_tp06_sl065,-0.35,-1.4,-2.1,0,0,0,0,1.4,80.0,50.93000000000029,0.6630669546436154,37.44000000000051,0.20619658119658518,5.769999999999527,19.480000000000246,0.664,1.0,,,9,4,5.0,2026
2026-05-12 09:00:00+00:00|-1.0|calendar_drop_monday_h9_tp06_sl065,2026-05-12 09:00:00+00:00,STAGE28A,data/reports/stage28a_discovery_factory_batch_runner/stage28a_exact_trades.csv,calendar_time_risk_proxy_v1,calendar_drop_monday_h9_tp06_sl065,4.898199999999997,3.848199999999997,3.148199999999997,1,1,1,0,3.848199999999997,103.15999999999985,55.06999999999971,0.5616488106046932,43.150000000000546,0.48528389339511785,13.070000000000618,19.60149999999994,0.624,-1.0,,,9,1,5.0,2026
2026-05-13 09:00:00+00:00|1.0|calendar_drop_monday_h9_tp06_sl065,2026-05-13 09:00:00+00:00,STAGE28A,data/reports/stage28a_discovery_factory_batch_runner/stage28a_exact_trades.csv,calendar_time_risk_proxy_v1,calendar_drop_monday_h9_tp06_sl065,-5.159025000000474,-6.209025000000475,-6.909025000000474,0,0,0,1,6.209025000000475,134.8199999999997,38.69000000000051,0.5420005169294386,29.390000000000327,0.16570261993874913,13.460000000000036,17.222000000000026,0.22,1.0,,,9,2,5.0,2026
2026-05-14 09:00:00+00:00|1.0|calendar_drop_monday_h9_tp06_sl065,2026-05-14 09:00:00+00:00,STAGE28A,data/reports/stage28a_discovery_factory_batch_runner/stage28a_exact_trades.csv,calendar_time_risk_proxy_v1,calendar_drop_monday_h9_tp06_sl065,5.745400000000155,4.695400000000154,3.9954000000001546,1,1,1,0,4.695400000000154,57.02000000000044,32.970000000000255,0.7546254170457967,49.600000000000364,0.49818548387096484,15.019999999999527,17.450999999999976,0.316,1.0,,,9,3,5.0,2026
2026-05-15 09:00:00+00:00|-1.0|calendar_drop_monday_h9_tp06_sl065,2026-05-15 09:00:00+00:00,STAGE28A,data/reports/stage28a_discovery_factory_batch_runner/stage28a_exact_trades.csv,calendar_time_risk_proxy_v1,calendar_drop_monday_h9_tp06_sl065,7.076800000000185,6.0268000000001845,5.326800000000185,1,1,1,0,6.0268000000001845,74.1200000000008,57.9399999999996,0.8066965826717312,89.64999999999964,0.7779141104294486,47.55999999999949,20.124000000000024,0.784,-1.0,,,9,4,5.0,2026
2026-05-15 23:45:00+00:00|1.0|calendar_drop_monday_h9_tp06_sl065,2026-05-15 23:45:00+00:00,STAGE28A,data/reports/stage28a_discovery_factory_batch_runner/stage28a_exact_trades.csv,calendar_time_risk_proxy_v1,calendar_drop_monday_h9_tp06_sl065,-0.35,-1.4,-2.1,0,0,0,0,1.4,74.1200000000008,57.9399999999996,0.8066965826717312,89.64999999999964,0.7779141104294486,15.039999999999964,25.392000000000007,0.988,1.0,,,9,4,5.0,2026
2026-05-19 09:00:00+00:00|-1.0|calendar_drop_monday_h9_tp06_sl065,2026-05-19 09:00:00+00:00,STAGE28A,data/reports/stage28a_discovery_factory_batch_runner/stage28a_exact_trades.csv,calendar_time_risk_proxy_v1,calendar_drop_monday_h9_tp06_sl065,5.178400000000147,4.128400000000147,3.4284000000001478,1,1,1,0,4.128400000000147,103.57999999999993,45.600000000000364,0.634210526315786,28.25999999999931,0.11075725406936256,15.489999999999782,19.042999999999893,0.488,-1.0,,,9,1,5.0,2026
2026-05-20 09:00:00+00:00|1.0|calendar_drop_monday_h9_tp06_sl065,2026-05-20 09:00:00+00:00,STAGE28A,data/reports/stage28a_discovery_factory_batch_runner/stage28a_exact_trades.csv,calendar_time_risk_proxy_v1,calendar_drop_monday_h9_tp06_sl065,-7.973849999999947,-9.023849999999948,-9.723849999999947,0,0,0,1,9.023849999999948,124.22000000000025,55.14000000000033,0.37413855640188587,34.54999999999927,0.6208393632416865,17.01000000000022,21.718500000000084,0.772,1.0,,,9,2,5.0,2026
2026-05-21 09:00:00+00:00|1.0|calendar_drop_monday_h9_tp06_sl065,2026-05-21 09:00:00+00:00,STAGE28A,data/reports/stage28a_discovery_factory_batch_runner/stage28a_exact_trades.csv,calendar_time_risk_proxy_v1,calendar_drop_monday_h9_tp06_sl065,4.748500000000059,3.6985000000000574,2.9985000000000586,1,1,1,0,3.6985000000000574,98.85000000000036,43.460000000000036,0.26346065347445485,31.13000000000011,0.08833922261484067,21.610000000000582,18.68649999999993,0.392,1.0,,,9,3,5.0,2026
2026-05-22 09:00:00+00:00|-1.0|calendar_drop_monday_h9_tp06_sl065,2026-05-22 09:00:00+00:00,STAGE28A,data/reports/stage28a_discovery_factory_batch_runner/stage28a_exact_trades.csv,calendar_time_risk_proxy_v1,calendar_drop_monday_h9_tp06_sl065,4.0399000000001255,2.989900000000125,2.289900000000125,1,1,1,0,2.989900000000125,81.88999999999942,27.229999999999563,0.5233198677928839,28.420000000000073,0.09570724841661674,26.829999999999927,17.29299999999994,0.204,-1.0,,,9,4,5.0,2026
2026-05-22 23:45:00+00:00|1.0|calendar_drop_monday_h9_tp06_sl065,2026-05-22 23:45:00+00:00,STAGE28A,data/reports/stage28a_discovery_factory_batch_runner/stage28a_exact_trades.csv,calendar_time_risk_proxy_v1,calendar_drop_monday_h9_tp06_sl065,-0.35,-1.4,-2.1,0,0,0,0,1.4,81.88999999999942,27.229999999999563,0.5233198677928839,28.420000000000073,0.09570724841661674,11.4399999999996,16.384499999999935,0.116,1.0,,,9,4,5.0,2026
2026-05-26 09:00:00+00:00|-1.0|calendar_drop_monday_h9_tp06_sl065,2026-05-26 09:00:00+00:00,STAGE28A,data/reports/stage28a_discovery_factory_batch_runner/stage28a_exact_trades.csv,calendar_time_risk_proxy_v1,calendar_drop_monday_h9_tp06_sl065,-4.328974999999991,-5.378974999999992,-6.078974999999991,0,0,0,1,5.378974999999992,37.50999999999931,52.36999999999989,0.6265037235058329,30.970000000000255,0.6293186955117733,11.94000000000051,13.159499999999934,0.076,-1.0,,,9,1,5.0,2026
2026-05-27 09:00:00+00:00|1.0|calendar_drop_monday_h9_tp06_sl065,2026-05-27 09:00:00+00:00,STAGE28A,data/reports/stage28a_discovery_factory_batch_runner/stage28a_exact_trades.csv,calendar_time_risk_proxy_v1,calendar_drop_monday_h9_tp06_sl065,4.041099999999824,2.991099999999824,2.2910999999998243,1,1,1,0,2.991099999999824,97.72000000000025,31.00999999999931,0.44953240890035184,41.44000000000051,0.16674710424709868,21.850000000000364,17.293500000000087,0.46,1.0,,,9,2,5.0,2026
2026-05-28 09:00:00+00:00|1.0|calendar_drop_monday_h9_tp06_sl065,2026-05-28 09:00:00+00:00,STAGE28A,data/reports/stage28a_discovery_factory_batch_runner/stage28a_exact_trades.csv,calendar_time_risk_proxy_v1,calendar_drop_monday_h9_tp06_sl065,6.650500000000102,5.6005000000001015,4.900500000000102,1,1,1,0,5.6005000000001015,126.31999999999971,97.43000000000029,0.8483013445550589,32.26000000000022,0.5855548667079755,28.549999999999272,22.367999999999803,0.876,1.0,,,9,3,5.0,2026
2026-05-29 09:00:00+00:00|1.0|calendar_drop_monday_h9_tp06_sl065,2026-05-29 09:00:00+00:00,STAGE28A,data/reports/stage28a_discovery_factory_batch_runner/stage28a_exact_trades.csv,calendar_time_risk_proxy_v1,calendar_drop_monday_h9_tp06_sl065,3.937000000000262,2.887000000000262,2.1870000000002623,1,1,1,0,2.887000000000262,149.91000000000076,31.609999999999673,0.3144574501739862,38.23000000000047,0.7737379021710583,12.970000000000255,18.526000000000067,0.472,1.0,,,9,4,5.0,2026
2026-05-29 23:45:00+00:00|1.0|calendar_drop_monday_h9_tp06_sl065,2026-05-29 23:45:00+00:00,STAGE28A,data/reports/stage28a_discovery_factory_batch_runner/stage28a_exact_trades.csv,calendar_time_risk_proxy_v1,calendar_drop_monday_h9_tp06_sl065,-0.35,-1.4,-2.1,0,0,0,0,1.4,149.91000000000076,31.609999999999673,0.3144574501739862,38.23000000000047,0.7737379021710583,17.25,18.682499999999983,0.54,1.0,,,9,4,5.0,2026
2026-06-02 09:00:00+00:00|1.0|calendar_drop_monday_h9_tp06_sl065,2026-06-02 09:00:00+00:00,STAGE28A,data/reports/stage28a_discovery_factory_batch_runner/stage28a_exact_trades.csv,calendar_time_risk_proxy_v1,calendar_drop_monday_h9_tp06_sl065,4.794999999999527,3.744999999999527,3.0449999999995274,1,1,1,0,3.744999999999527,98.14999999999964,36.25,0.3817931034482799,43.899999999999636,0.6999999999999958,12.899999999999636,16.705999999999904,0.312,1.0,,,9,1,6.0,2026
2026-06-03 09:00:00+00:00|-1.0|calendar_drop_monday_h9_tp06_sl065,2026-06-03 09:00:00+00:00,STAGE28A,data/reports/stage28a_discovery_factory_batch_runner/stage28a_exact_trades.csv,calendar_time_risk_proxy_v1,calendar_drop_monday_h9_tp06_sl065,4.037200000000121,2.987200000000121,2.287200000000121,1,1,1,0,2.987200000000121,78.61999999999989,34.289999999999964,0.01574803149608847,49.039999999999964,0.8429853181076709,17.5,14.986000000000013,0.2,-1.0,,,9,2,6.0,2026
2026-06-04 09:00:00+00:00|-1.0|calendar_drop_monday_h9_tp06_sl065,2026-06-04 09:00:00+00:00,STAGE28A,data/reports/stage28a_discovery_factory_batch_runner/stage28a_exact_trades.csv,calendar_time_risk_proxy_v1,calendar_drop_monday_h9_tp06_sl065,4.763800000000083,3.713800000000083,3.0138000000000837,1,1,1,0,3.713800000000083,70.15000000000055,52.960000000000036,0.2736027190332283,25.360000000000582,0.2602523659305719,15.300000000000182,19.105499999999893,0.828,-1.0,,,9,3,6.0,2026
2026-06-05 09:00:00+00:00|1.0|calendar_drop_monday_h9_tp06_sl065,2026-06-05 09:00:00+00:00,STAGE28A,data/reports/stage28a_discovery_factory_batch_runner/stage28a_exact_trades.csv,calendar_time_risk_proxy_v1,calendar_drop_monday_h9_tp06_sl065,4.515399999999682,3.4653999999996814,2.7653999999996817,1,1,1,0,3.4653999999996814,91.14999999999964,46.159999999999854,0.5955372616984373,40.38999999999942,0.5570685813320209,11.079999999999927,16.12900000000018,0.316,1.0,,,9,4,6.0,2026
2026-06-05 23:45:00+00:00|1.0|calendar_drop_monday_h9_tp06_sl065,2026-06-05 23:45:00+00:00,STAGE28A,data/reports/stage28a_discovery_factory_batch_runner/stage28a_exact_trades.csv,calendar_time_risk_proxy_v1,calendar_drop_monday_h9_tp06_sl065,-0.35,-1.4,-2.1,0,0,0,0,1.4,91.14999999999964,46.159999999999854,0.5955372616984373,40.38999999999942,0.5570685813320209,11.11999999999989,22.085000000000083,0.968,1.0,,,9,4,6.0,2026
2026-06-09 09:00:00+00:00|-1.0|calendar_drop_monday_h9_tp06_sl065,2026-06-09 09:00:00+00:00,STAGE28A,data/reports/stage28a_discovery_factory_batch_runner/stage28a_exact_trades.csv,calendar_time_risk_proxy_v1,calendar_drop_monday_h9_tp06_sl065,-5.422275000000445,-6.472275000000446,-7.172275000000445,0,0,0,1,6.472275000000446,84.51999999999953,29.149999999999636,0.2957118353344768,30.11999999999989,0.13313413014609007,20.789999999999964,15.9074999999998,0.232,-1.0,,,9,1,6.0,2026
2026-06-10 09:00:00+00:00|-1.0|calendar_drop_monday_h9_tp06_sl065,2026-06-10 09:00:00+00:00,STAGE28A,data/reports/stage28a_discovery_factory_batch_runner/stage28a_exact_trades.csv,calendar_time_risk_proxy_v1,calendar_drop_monday_h9_tp06_sl065,6.336399999999594,5.286399999999594,4.586399999999594,1,1,1,0,5.286399999999594,126.54999999999927,84.05999999999949,0.8455864858434494,60.32999999999993,0.2671970827117505,35.460000000000036,24.458000000000037,0.972,-1.0,,,9,2,6.0,2026
2026-06-11 09:00:00+00:00|1.0|calendar_drop_monday_h9_tp06_sl065,2026-06-11 09:00:00+00:00,STAGE28A,data/reports/stage28a_discovery_factory_batch_runner/stage28a_exact_trades.csv,calendar_time_risk_proxy_v1,calendar_drop_monday_h9_tp06_sl065,8.383900000000176,7.333900000000176,6.633900000000176,1,1,1,0,7.333900000000176,190.30999999999995,94.00999999999976,0.021380704180408716,42.4399999999996,0.4429783223374153,33.51000000000022,33.03499999999997,0.992,1.0,,,9,3,6.0,2026
2026-06-12 09:00:00+00:00|1.0|calendar_drop_monday_h9_tp06_sl065,2026-06-12 09:00:00+00:00,STAGE28A,data/reports/stage28a_discovery_factory_batch_runner/stage28a_exact_trades.csv,calendar_time_risk_proxy_v1,calendar_drop_monday_h9_tp06_sl065,-6.615674999999646,-7.665674999999647,-8.365674999999646,0,0,0,1,7.665674999999647,195.99000000000024,75.21000000000004,0.2955723972875888,57.599999999999454,0.4303819444444479,22.030000000000655,29.887500000000067,0.916,1.0,,,9,4,6.0,2026
2022-07-25 09:00:00+00:00|-1.0|sess_comp_exp_fade_london_h9_q0.3_tp06_sl065,2022-07-25 09:00:00+00:00,STAGE28A,data/reports/stage28a_discovery_factory_batch_runner/stage28a_exact_trades.csv,session_compression_expansion_v1,sess_comp_exp_fade_london_h9_q0.3_tp06_sl065,-1.339949999999908,-2.389949999999908,-3.089949999999908,0,0,0,0,2.389949999999908,1.5700000000001637,8.950000000000045,0.13854748603351988,12.480000000000018,0.5993589743589749,3.150000000000091,4.619999999999993,0.552,-1.0,,,9,0,7.0,2022
2022-07-26 09:00:00+00:00|1.0|sess_comp_exp_fade_london_h9_q0.3_tp06_sl065,2022-07-26 09:00:00+00:00,STAGE28A,data/reports/stage28a_discovery_factory_batch_runner/stage28a_exact_trades.csv,session_compression_expansion_v1,sess_comp_exp_fade_london_h9_q0.3_tp06_sl065,0.6699999999999818,-0.3800000000000181,-1.0800000000000178,0,0,0,0,0.3800000000000181,21.460000000000036,10.149999999999864,0.5320197044335137,8.980000000000018,0.4432071269487762,2.349999999999909,3.4800000000000066,0.16,1.0,,,9,1,7.0,2022
2022-08-02 09:00:00+00:00|1.0|sess_comp_exp_fade_london_h9_q0.3_tp06_sl065,2022-08-02 09:00:00+00:00,STAGE28A,data/reports/stage28a_discovery_factory_batch_runner/stage28a_exact_trades.csv,session_compression_expansion_v1,sess_comp_exp_fade_london_h9_q0.3_tp06_sl065,-1.392275000000018,-2.4422750000000177,-3.142275000000017,0,0,0,0,2.4422750000000177,16.699999999999818,9.649999999999864,0.30880829015544664,7.150000000000091,0.008391608391600653,3.290000000000191,4.108000000000027,0.504,1.0,,,9,1,8.0,2022
2022-08-03 09:00:00+00:00|1.0|sess_comp_exp_fade_london_h9_q0.3_tp06_sl065,2022-08-03 09:00:00+00:00,STAGE28A,data/reports/stage28a_discovery_factory_batch_runner/stage28a_exact_trades.csv,session_compression_expansion_v1,sess_comp_exp_fade_london_h9_q0.3_tp06_sl065,0.7989999999998872,-0.2510000000001127,-0.9510000000001124,0,0,0,0,0.2510000000001127,28.529999999999973,14.2800000000002,0.6435574229691825,6.519999999999982,0.4647239263803652,3.5799999999999272,5.808500000000015,0.944,1.0,,,9,2,8.0,2022
2022-08-10 09:00:00+00:00|-1.0|sess_comp_exp_fade_london_h9_q0.3_tp06_sl065,2022-08-10 09:00:00+00:00,STAGE28A,data/reports/stage28a_discovery_factory_batch_runner/stage28a_exact_trades.csv,session_compression_expansion_v1,sess_comp_exp_fade_london_h9_q0.3_tp06_sl065,0.3123999999999342,-0.7376000000000658,-1.4376000000000655,0,0,0,0,0.7376000000000658,17.15000000000009,4.0,0.5999999999999659,7.539999999999964,0.3859416445623168,2.2000000000000455,3.2119999999999775,0.06,-1.0,,,9,2,8.0,2022
2022-08-11 09:00:00+00:00|-1.0|sess_comp_exp_fade_london_h9_q0.3_tp06_sl065,2022-08-11 09:00:00+00:00,STAGE28A,data/reports/stage28a_discovery_factory_batch_runner/stage28a_exact_trades.csv,session_compression_expansion_v1,sess_comp_exp_fade_london_h9_q0.3_tp06_sl065,-1.3425499999999375,-2.3925499999999373,-3.092549999999937,0,0,0,0,2.3925499999999373,20.269999999999982,8.3900000000001,0.6376638855780506,6.789999999999964,0.6465390279823117,3.2199999999998,4.590499999999997,0.6,-1.0,,,9,3,8.0,2022
2022-08-18 09:00:00+00:00|-1.0|sess_comp_exp_fade_london_h9_q0.3_tp06_sl065,2022-08-18 09:00:00+00:00,STAGE28A,data/reports/stage28a_discovery_factory_batch_runner/stage28a_exact_trades.csv,session_compression_expansion_v1,sess_comp_exp_fade_london_h9_q0.3_tp06_sl065,0.3918999999999869,-0.658100000000013,-1.3581000000000127,0,0,0,0,0.658100000000013,22.449999999999818,5.760000000000218,0.032986111111119334,8.139999999999873,0.7960687960688108,2.519999999999982,3.961000000000001,0.56,-1.0,,,9,3,8.0,2022
2022-08-19 09:00:00+00:00|1.0|sess_comp_exp_fade_london_h9_q0.3_tp06_sl065,2022-08-19 09:00:00+00:00,STAGE28A,data/reports/stage28a_discovery_factory_batch_runner/stage28a_exact_trades.csv,session_compression_expansion_v1,sess_comp_exp_fade_london_h9_q0.3_tp06_sl065,-1.348399999999947,-2.398399999999947,-3.0983999999999465,0,0,0,0,2.398399999999947,17.089999999999918,5.740000000000009,0.548780487804893,5.559999999999945,0.13129496402878155,4.680000000000064,3.467500000000018,0.388,1.0,,,9,4,8.0,2022
2022-08-29 09:00:00+00:00|1.0|sess_comp_exp_fade_london_h9_q0.3_tp06_sl065,2022-08-29 09:00:00+00:00,STAGE28A,data/reports/stage28a_discovery_factory_batch_runner/stage28a_exact_trades.csv,session_compression_expansion_v1,sess_comp_exp_fade_london_h9_q0.3_tp06_sl065,0.7506999999999607,-0.2993000000000392,-0.9993000000000388,0,0,0,0,0.2993000000000392,3.8599999999999,15.049999999999955,0.7495016611295685,5.519999999999982,0.24456521739132986,3.75,5.152999999999963,1.0,1.0,,,9,0,8.0,2022
2022-09-02 09:00:00+00:00|-1.0|sess_comp_exp_fade_london_h9_q0.3_tp06_sl065,2022-09-02 09:00:00+00:00,STAGE28A,data/reports/stage28a_discovery_factory_batch_runner/stage28a_exact_trades.csv,session_compression_expansion_v1,sess_comp_exp_fade_london_h9_q0.3_tp06_sl065,-1.095550000000094,-2.1455500000000938,-2.845550000000093,0,0,0,0,2.1455500000000938,22.61999999999989,5.330000000000155,0.7448405253283137,8.539999999999964,0.8723653395784368,2.8099999999999454,4.123500000000012,0.748,-1.0,,,9,4,9.0,2022
2022-09-05 09:00:00+00:00|1.0|sess_comp_exp_fade_london_h9_q0.3_tp06_sl065,2022-09-05 09:00:00+00:00,STAGE28A,data/reports/stage28a_discovery_factory_batch_runner/stage28a_exact_trades.csv,session_compression_expansion_v1,sess_comp_exp_fade_london_h9_q0.3_tp06_sl065,0.5187999999999647,-0.5312000000000352,-1.231200000000035,0,0,0,0,0.5312000000000352,1.9400000000000546,5.160000000000082,0.354651162790722,6.2999999999999545,0.3365079365079216,2.900000000000091,3.90150000000001,0.586,1.0,,,9,0,9.0,2022
2022-09-13 09:00:00+00:00|-1.0|sess_comp_exp_fade_london_h9_q0.3_tp06_sl065,2022-09-13 09:00:00+00:00,STAGE28A,data/reports/stage28a_discovery_factory_batch_runner/stage28a_exact_trades.csv,session_compression_expansion_v1,sess_comp_exp_fade_london_h9_q0.3_tp06_sl065,0.5818000000000666,-0.4681999999999333,-1.168199999999933,0,0,0,0,0.4681999999999333,23.170000000000073,6.830000000000155,0.5710102489019038,8.160000000000082,0.6580882352940977,2.9400000000000546,3.811000000000013,0.364,-1.0,,,9,1,9.0,2022
2022-10-03 09:00:00+00:00|1.0|sess_comp_exp_fade_london_h9_q0.3_tp06_sl065,2022-10-03 09:00:00+00:00,STAGE28A,data/reports/stage28a_discovery_factory_batch_runner/stage28a_exact_trades.csv,session_compression_expansion_v1,sess_comp_exp_fade_london_h9_q0.3_tp06_sl065,-1.43095000000003,-2.4809500000000297,-3.180950000000029,0,0,0,0,2.4809500000000297,4.540000000000191,8.75,0.07314285714286857,8.669999999999845,0.26758938869665255,5.580000000000155,4.38450000000006,0.332,1.0,,,9,0,10.0,2022
2022-10-07 09:00:00+00:00|-1.0|sess_comp_exp_fade_london_h9_q0.3_tp06_sl065,2022-10-07 09:00:00+00:00,STAGE28A,data/reports/stage28a_discovery_factory_batch_runner/stage28a_exact_trades.csv,session_compression_expansion_v1,sess_comp_exp_fade_london_h9_q0.3_tp06_sl065,-1.4254249999999955,-2.4754249999999955,-3.1754249999999957,0,0,0,0,2.4754249999999955,18.649999999999864,4.269999999999982,0.4637002341920437,6.3900000000001,0.45539906103283395,4.269999999999982,3.7460000000000035,0.008,-1.0,,,9,4,10.0,2022
2022-11-02 09:00:00+00:00|-1.0|sess_comp_exp_fade_london_h9_q0.3_tp06_sl065,2022-11-02 09:00:00+00:00,STAGE28A,data/reports/stage28a_discovery_factory_batch_runner/stage28a_exact_trades.csv,session_compression_expansion_v1,sess_comp_exp_fade_london_h9_q0.3_tp06_sl065,-1.326949999999988,-2.376949999999988,-3.076949999999988,0,0,0,0,2.376949999999988,26.399999999999864,7.350000000000136,0.31292517006801523,7.3599999999999,0.6983695652174144,2.7799999999999727,3.7914999999999623,0.204,-1.0,,,9,2,11.0,2022
2022-11-08 09:00:00+00:00|-1.0|sess_comp_exp_fade_london_h9_q0.3_tp06_sl065,2022-11-08 09:00:00+00:00,STAGE28A,data/reports/stage28a_discovery_factory_batch_runner/stage28a_exact_trades.csv,session_compression_expansion_v1,sess_comp_exp_fade_london_h9_q0.3_tp06_sl065,-1.2395250000000488,-2.2895250000000487,-2.9895250000000484,0,0,0,0,2.2895250000000487,14.930000000000064,7.279999999999973,0.5508241758241766,7.3599999999999,0.04347826086955716,3.3099999999999454,3.0909999999999855,0.016,-1.0,,,9,1,11.0,2022
2022-11-18 09:00:00+00:00|-1.0|sess_comp_exp_fade_london_h9_q0.3_tp06_sl065,2022-11-18 09:00:00+00:00,STAGE28A,data/reports/stage28a_discovery_factory_batch_runner/stage28a_exact_trades.csv,session_compression_expansion_v1,sess_comp_exp_fade_london_h9_q0.3_tp06_sl065,0.5374000000000706,-0.5125999999999293,-1.212599999999929,0,0,0,0,0.5125999999999293,20.269999999999982,6.349999999999909,0.3889763779527658,6.980000000000018,0.37392550143264947,1.8800000000001091,3.674500000000023,0.096,-1.0,,,9,4,11.0,2022
2022-11-24 09:00:00+00:00|-1.0|sess_comp_exp_fade_london_h9_q0.3_tp06_sl065,2022-11-24 09:00:00+00:00,STAGE28A,data/reports/stage28a_discovery_factory_batch_runner/stage28a_exact_trades.csv,session_compression_expansion_v1,sess_comp_exp_fade_london_h9_q0.3_tp06_sl065,0.3966999999999189,-0.653300000000081,-1.3533000000000808,0,0,0,0,0.653300000000081,27.230000000000018,7.830000000000155,0.43550446998720144,6.160000000000082,0.07142857142857933,3.1099999999999,4.258500000000003,0.456,-1.0,,,9,3,11.0,2022
2022-11-29 09:00:00+00:00|-1.0|sess_comp_exp_fade_london_h9_q0.3_tp06_sl065,2022-11-29 09:00:00+00:00,STAGE28A,data/reports/stage28a_discovery_factory_batch_runner/stage28a_exact_trades.csv,session_compression_expansion_v1,sess_comp_exp_fade_london_h9_q0.3_tp06_sl065,0.6528999999999542,-0.3971000000000457,-1.0971000000000457,0,0,0,0,0.3971000000000457,24.059999999999945,14.629999999999882,0.8523581681476505,7.559999999999945,0.19312169312169933,3.2000000000000455,3.9324999999999593,0.416,-1.0,,,9,1,11.0,2022
2022-12-02 09:00:00+00:00|-1.0|sess_comp_exp_fade_london_h9_q0.3_tp06_sl065,2022-12-02 09:00:00+00:00,STAGE28A,data/reports/stage28a_discovery_factory_batch_runner/stage28a_exact_trades.csv,session_compression_expansion_v1,sess_comp_exp_fade_london_h9_q0.3_tp06_sl065,0.508600000000024,-0.5413999999999759,-1.2413999999999756,0,0,0,0,0.5413999999999759,35.86999999999989,8.8599999999999,0.5575620767494481,6.7000000000000455,0.41641791044775295,3.3599999999999,4.386000000000024,0.732,-1.0,,,9,4,12.0,2022
2022-12-06 09:00:00+00:00|1.0|sess_comp_exp_fade_london_h9_q0.3_tp06_sl065,2022-12-06 09:00:00+00:00,STAGE28A,data/reports/stage28a_discovery_factory_batch_runner/stage28a_exact_trades.csv,session_compression_expansion_v1,sess_comp_exp_fade_london_h9_q0.3_tp06_sl065,-1.726700000000028,-2.776700000000028,-3.476700000000028,0,0,0,0,2.776700000000028,44.12999999999988,8.799999999999955,0.35454545454544395,7.7800000000002,0.16709511568125301,4.180000000000064,4.616000000000031,0.704,1.0,,,9,1,12.0,2022
2022-12-07 09:00:00+00:00|-1.0|sess_comp_exp_fade_london_h9_q0.3_tp06_sl065,2022-12-07 09:00:00+00:00,STAGE28A,data/reports/stage28a_discovery_factory_batch_runner/stage28a_exact_trades.csv,session_compression_expansion_v1,sess_comp_exp_fade_london_h9_q0.3_tp06_sl065,-1.4835999999998877,-2.5335999999998875,-3.2335999999998872,0,0,0,0,2.5335999999998875,13.570000000000164,6.420000000000073,0.015576323987524598,6.230000000000018,0.2616372391653093,3.509999999999991,3.316499999999985,0.192,-1.0,,,9,2,12.0,2022
2022-12-08 09:00:00+00:00|1.0|sess_comp_exp_fade_london_h9_q0.3_tp06_sl065,2022-12-08 09:00:00+00:00,STAGE28A,data/reports/stage28a_discovery_factory_batch_runner/stage28a_exact_trades.csv,session_compression_expansion_v1,sess_comp_exp_fade_london_h9_q0.3_tp06_sl065,0.4746999999998934,-0.5753000000001065,-1.2753000000001062,0,0,0,0,0.5753000000001065,21.769999999999982,6.779999999999973,0.5176991150442485,5.3900000000001,0.03710575139143124,3.269999999999982,4.332000000000005,0.544,1.0,,,9,3,12.0,2022
2022-12-12 09:00:00+00:00|-1.0|sess_comp_exp_fade_london_h9_q0.3_tp06_sl065,2022-12-12 09:00:00+00:00,STAGE28A,data/reports/stage28a_discovery_factory_batch_runner/stage28a_exact_trades.csv,session_compression_expansion_v1,sess_comp_exp_fade_london_h9_q0.3_tp06_sl065,0.5200000000001183,-0.5299999999998817,-1.2299999999998814,0,0,0,0,0.5299999999998817,2.3400000000001455,10.309999999999945,0.7332686711930151,7.329999999999927,0.6889495225102326,3.4700000000000273,4.614000000000021,0.66,-1.0,,,9,0,12.0,2022
2022-12-13 09:00:00+00:00|-1.0|sess_comp_exp_fade_london_h9_q0.3_tp06_sl065,2022-12-13 09:00:00+00:00,STAGE28A,data/reports/stage28a_discovery_factory_batch_runner/stage28a_exact_trades.csv,session_compression_expansion_v1,sess_comp_exp_fade_london_h9_q0.3_tp06_sl065,0.4360000000000582,-0.6139999999999417,-1.3139999999999414,0,0,0,0,0.6139999999999417,19.5,6.0900000000001455,0.08702791461411495,6.180000000000064,0.7508090614886448,2.0699999999999363,3.405000000000041,0.116,-1.0,,,9,1,12.0,2022
2022-12-14 09:00:00+00:00|1.0|sess_comp_exp_fade_london_h9_q0.3_tp06_sl065,2022-12-14 09:00:00+00:00,STAGE28A,data/reports/stage28a_discovery_factory_batch_runner/stage28a_exact_trades.csv,session_compression_expansion_v1,sess_comp_exp_fade_london_h9_q0.3_tp06_sl065,0.395200000000068,-0.6547999999999319,-1.3547999999999316,0,0,0,0,0.6547999999999319,44.50999999999999,4.470000000000027,0.1342281879194419,6.720000000000027,0.029761904761877574,3.7000000000000455,5.6720000000000255,0.924,1.0,,,9,2,12.0,2022
2022-12-21 09:00:00+00:00|1.0|sess_comp_exp_fade_london_h9_q0.3_tp06_sl065,2022-12-21 09:00:00+00:00,STAGE28A,data/reports/stage28a_discovery_factory_batch_runner/stage28a_exact_trades.csv,session_compression_expansion_v1,sess_comp_exp_fade_london_h9_q0.3_tp06_sl065,0.5059000000000197,-0.5440999999999803,-1.24409999999998,0,0,0,0,0.5440999999999803,36.52999999999997,6.380000000000109,0.49999999999996436,5.369999999999891,0.1787709497206808,2.230000000000018,4.145000000000005,0.524,1.0,,,9,2,12.0,2022
2022-12-22 09:00:00+00:00|1.0|sess_comp_exp_fade_london_h9_q0.3_tp06_sl065,2022-12-22 09:00:00+00:00,STAGE28A,data/reports/stage28a_discovery_factory_batch_runner/stage28a_exact_trades.csv,session_compression_expansion_v1,sess_comp_exp_fade_london_h9_q0.3_tp06_sl065,0.4362999999999829,-0.613700000000017,-1.3137000000000167,0,0,0,0,0.613700000000017,11.930000000000064,6.889999999999873,0.7735849056603811,6.740000000000009,0.827893175074172,5.599999999999909,3.214499999999987,0.136,1.0,,,9,3,12.0,2022
2022-12-23 09:00:00+00:00|-1.0|sess_comp_exp_fade_london_h9_q0.3_tp06_sl065,2022-12-23 09:00:00+00:00,STAGE28A,data/reports/stage28a_discovery_factory_batch_runner/stage28a_exact_trades.csv,session_compression_expansion_v1,sess_comp_exp_fade_london_h9_q0.3_tp06_sl065,0.4639000000001033,-0.5860999999998966,-1.2860999999998963,0,0,0,0,0.5860999999998966,35.58999999999992,4.270000000000209,0.33255269320843167,4.830000000000155,0.780538302277404,1.8500000000001364,4.35650000000004,0.6,-1.0,,,9,4,12.0,2022
2022-12-27 09:00:00+00:00|-1.0|sess_comp_exp_fade_london_h9_q0.3_tp06_sl065,2022-12-27 09:00:00+00:00,STAGE28A,data/reports/stage28a_discovery_factory_batch_runner/stage28a_exact_trades.csv,session_compression_expansion_v1,sess_comp_exp_fade_london_h9_q0.3_tp06_sl065,-1.1553500000000896,-2.2053500000000894,-2.905350000000089,0,0,0,0,2.2053500000000894,4.339999999999918,6.7999999999999545,0.47205882352938683,6.039999999999964,0.6026490066225367,2.410000000000082,3.556999999999971,0.368,-1.0,,,9,1,12.0,2022
2022-12-29 09:00:00+00:00|1.0|sess_comp_exp_fade_london_h9_q0.3_tp06_sl065,2022-12-29 09:00:00+00:00,STAGE28A,data/reports/stage28a_discovery_factory_batch_runner/stage28a_exact_trades.csv,session_compression_expansion_v1,sess_comp_exp_fade_london_h9_q0.3_tp06_sl065,0.4006000000000768,-0.6493999999999231,-1.3493999999999229,0,0,0,0,0.6493999999999231,17.580000000000155,5.630000000000109,0.5772646536411966,7.6099999999999,0.4809461235216692,2.849999999999909,3.4069999999999823,0.248,1.0,,,9,3,12.0,2022
2023-01-06 09:00:00+00:00|1.0|sess_comp_exp_fade_london_h9_q0.3_tp06_sl065,2023-01-06 09:00:00+00:00,STAGE28A,data/reports/stage28a_discovery_factory_batch_runner/stage28a_exact_trades.csv,session_compression_expansion_v1,sess_comp_exp_fade_london_h9_q0.3_tp06_sl065,0.5760999999999058,-0.4739000000000941,-1.173900000000094,0,0,0,0,0.4739000000000941,33.99000000000001,10.930000000000064,0.4858188472095073,7.370000000000118,0.18724559023067666,2.810000000000173,4.749000000000012,0.644,1.0,,,9,4,1.0,2023
2023-01-10 09:00:00+00:00|-1.0|sess_comp_exp_fade_london_h9_q0.3_tp06_sl065,2023-01-10 09:00:00+00:00,STAGE28A,data/reports/stage28a_discovery_factory_batch_runner/stage28a_exact_trades.csv,session_compression_expansion_v1,sess_comp_exp_fade_london_h9_q0.3_tp06_sl065,-1.3360499999999775,-2.3860499999999774,-3.086049999999977,0,0,0,0,2.3860499999999774,15.169999999999845,8.11999999999989,0.10467980295568323,6.699999999999818,0.5716417910447807,2.75,4.315999999999974,0.436,-1.0,,,9,1,1.0,2023
2023-01-12 09:00:00+00:00|1.0|sess_comp_exp_fade_london_h9_q0.3_tp06_sl065,2023-01-12 09:00:00+00:00,STAGE28A,data/reports/stage28a_discovery_factory_batch_runner/stage28a_exact_trades.csv,session_compression_expansion_v1,sess_comp_exp_fade_london_h9_q0.3_tp06_sl065,0.4132000000000971,-0.6367999999999028,-1.3367999999999025,0,0,0,0,0.6367999999999028,19.480000000000018,10.3599999999999,0.7268339768339812,5.509999999999991,0.032667876588033384,2.3599999999999,3.7234999999999787,0.2,1.0,,,9,3,1.0,2023
2023-01-27 09:00:00+00:00|-1.0|sess_comp_exp_fade_london_h9_q0.3_tp06_sl065,2023-01-27 09:00:00+00:00,STAGE28A,data/reports/stage28a_discovery_factory_batch_runner/stage28a_exact_trades.csv,session_compression_expansion_v1,sess_comp_exp_fade_london_h9_q0.3_tp06_sl065,0.7536999999998898,-0.2963000000001101,-0.99630000000011,0,0,0,0,0.2963000000001101,30.470000000000027,15.069999999999936,0.6084936960849444,7.829999999999927,0.8735632183908023,3.6099999999999,5.332499999999982,0.768,-1.0,,,9,4,1.0,2023
2023-02-01 09:00:00+00:00|1.0|sess_comp_exp_fade_london_h9_q0.3_tp06_sl065,2023-02-01 09:00:00+00:00,STAGE28A,data/reports/stage28a_discovery_factory_batch_runner/stage28a_exact_trades.csv,session_compression_expansion_v1,sess_comp_exp_fade_london_h9_q0.3_tp06_sl065,0.4374999999999091,-0.6125000000000909,-1.3125000000000906,0,0,0,0,0.6125000000000909,30.279999999999973,4.25,0.3764705882353262,5.929999999999836,0.11973018549747994,2.4199999999998454,4.104999999999961,0.108,1.0,,,9,2,2.0,2023
2023-02-07 09:00:00+00:00|-1.0|sess_comp_exp_fade_london_h9_q0.3_tp06_sl065,2023-02-07 09:00:00+00:00,STAGE28A,data/reports/stage28a_discovery_factory_batch_runner/stage28a_exact_trades.csv,session_compression_expansion_v1,sess_comp_exp_fade_london_h9_q0.3_tp06_sl065,-1.4390750000000936,-2.4890750000000934,-3.189075000000093,0,0,0,0,2.4890750000000934,21.3900000000001,8.75,0.5234285714285631,6.900000000000091,0.17536231884054973,3.6599999999998545,3.9954999999999927,0.116,-1.0,,,9,1,2.0,2023
2023-02-14 09:00:00+00:00|-1.0|sess_comp_exp_fade_london_h9_q0.3_tp06_sl065,2023-02-14 09:00:00+00:00,STAGE28A,data/reports/stage28a_discovery_factory_batch_runner/stage28a_exact_trades.csv,session_compression_expansion_v1,sess_comp_exp_fade_london_h9_q0.3_tp06_sl065,-1.256099999999924,-2.306099999999924,-3.006099999999924,0,0,0,0,2.306099999999924,16.13000000000011,6.519999999999982,0.5920245398773218,7.099999999999909,0.12394366197181592,6.220000000000027,3.5785000000000196,0.052,-1.0,,,9,1,2.0,2023
2023-02-20 09:00:00+00:00|-1.0|sess_comp_exp_fade_london_h9_q0.3_tp06_sl065,2023-02-20 09:00:00+00:00,STAGE28A,data/reports/stage28a_discovery_factory_batch_runner/stage28a_exact_trades.csv,session_compression_expansion_v1,sess_comp_exp_fade_london_h9_q0.3_tp06_sl065,0.4903000000000702,-0.5596999999999297,-1.2596999999999294,0,0,0,0,0.5596999999999297,3.3700000000001182,7.559999999999945,0.5052910052910006,6.3599999999999,0.1289308176100549,2.4400000000000546,3.9350000000000023,0.068,-1.0,,,9,0,2.0,2023
2023-02-24 09:00:00+00:00|1.0|sess_comp_exp_fade_london_h9_q0.3_tp06_sl065,2023-02-24 09:00:00+00:00,STAGE28A,data/reports/stage28a_discovery_factory_batch_runner/stage28a_exact_trades.csv,session_compression_expansion_v1,sess_comp_exp_fade_london_h9_q0.3_tp06_sl065,-1.1780999999999495,-2.2280999999999493,-2.928099999999949,0,0,0,0,2.2280999999999493,16.320000000000164,6.779999999999973,0.3554572271386566,6.529999999999973,0.4992343032159272,2.509999999999991,3.7500000000000115,0.192,1.0,,,9,4,2.0,2023
2023-02-27 09:00:00+00:00|1.0|sess_comp_exp_fade_london_h9_q0.3_tp06_sl065,2023-02-27 09:00:00+00:00,STAGE28A,data/reports/stage28a_discovery_factory_batch_runner/stage28a_exact_trades.csv,session_compression_expansion_v1,sess_comp_exp_fade_london_h9_q0.3_tp06_sl065,0.6807999999999993,-0.3692000000000006,-1.0692000000000004,0,0,0,0,0.3692000000000006,3.119999999999891,7.599999999999909,0.32763157894737355,6.600000000000136,0.20151515151513633,3.9500000000000455,3.8214999999999693,0.26,1.0,,,9,0,2.0,2023
2023-03-02 09:00:00+00:00|1.0|sess_comp_exp_fade_london_h9_q0.3_tp06_sl065,2023-03-02 09:00:00+00:00,STAGE28A,data/reports/stage28a_discovery_factory_batch_runner/stage28a_exact_trades.csv,session_compression_expansion_v1,sess_comp_exp_fade_london_h9_q0.3_tp06_sl065,0.4984000000000833,-0.5515999999999166,-1.2515999999999163,0,0,0,0,0.5515999999999166,21.450000000000045,7.440000000000055,0.29301075268817844,5.220000000000027,0.5363984674329387,1.8400000000001455,3.876999999999998,0.436,1.0,,,9,3,3.0,2023
2023-03-08 09:00:00+00:00|-1.0|sess_comp_exp_fade_london_h9_q0.3_tp06_sl065,2023-03-08 09:00:00+00:00,STAGE28A,data/reports/stage28a_discovery_factory_batch_runner/stage28a_exact_trades.csv,session_compression_expansion_v1,sess_comp_exp_fade_london_h9_q0.3_tp06_sl065,0.3666999999999462,-0.6833000000000538,-1.3833000000000537,0,0,0,0,0.6833000000000538,38.899999999999864,5.070000000000164,0.4773175542406301,4.800000000000182,0.5312499999999704,2.490000000000009,3.797500000000048,0.584,-1.0,,,9,2,3.0,2023
2023-03-09 09:00:00+00:00|-1.0|sess_comp_exp_fade_london_h9_q0.3_tp06_sl065,2023-03-09 09:00:00+00:00,STAGE28A,data/reports/stage28a_discovery_factory_batch_runner/stage28a_exact_trades.csv,session_compression_expansion_v1,sess_comp_exp_fade_london_h9_q0.3_tp06_sl065,0.2404000000000451,-0.8095999999999548,-1.5095999999999543,0,0,0,0,0.8095999999999548,14.860000000000127,4.480000000000018,0.20535714285715825,6.339999999999918,0.5883280757097896,2.5,3.039499999999987,0.12,-1.0,,,9,3,3.0,2023
2023-03-17 09:00:00+00:00|-1.0|sess_comp_exp_fade_london_h9_q0.3_tp06_sl065,2023-03-17 09:00:00+00:00,STAGE28A,data/reports/stage28a_discovery_factory_batch_runner/stage28a_exact_trades.csv,session_compression_expansion_v1,sess_comp_exp_fade_london_h9_q0.3_tp06_sl065,-1.788450000000103,-2.8384500000001025,-3.5384500000001022,0,0,0,0,2.8384500000001025,25.8599999999999,12.769999999999982,0.8300704776820792,6.980000000000018,0.04154727793695743,6.339999999999918,5.279999999999973,0.616,-1.0,,,9,4,3.0,2023
2023-04-04 09:00:00+00:00|-1.0|sess_comp_exp_fade_london_h9_q0.3_tp06_sl065,2023-04-04 09:00:00+00:00,STAGE28A,data/reports/stage28a_discovery_factory_batch_runner/stage28a_exact_trades.csv,session_compression_expansion_v1,sess_comp_exp_fade_london_h9_q0.3_tp06_sl065,-1.3812249999999495,-2.4312249999999493,-3.131224999999949,0,0,0,0,2.4312249999999493,40.72000000000003,7.680000000000064,0.7552083333333508,7.259999999999991,0.6680440771350059,2.759999999999991,4.584500000000025,0.3,-1.0,,,9,1,4.0,2023
2023-04-05 09:00:00+00:00|-1.0|sess_comp_exp_fade_london_h9_q0.3_tp06_sl065,2023-04-05 09:00:00+00:00,STAGE28A,data/reports/stage28a_discovery_factory_batch_runner/stage28a_exact_trades.csv,session_compression_expansion_v1,sess_comp_exp_fade_london_h9_q0.3_tp06_sl065,-1.1943500000000769,-2.2443500000000767,-2.9443500000000764,0,0,0,0,2.2443500000000767,48.01999999999998,5.910000000000082,0.4027072758037354,6.6099999999999,0.22541603630862808,2.0,5.0905000000000316,0.436,-1.0,,,9,2,4.0,2023
2023-04-26 09:00:00+00:00|-1.0|sess_comp_exp_fade_london_h9_q0.3_tp06_sl065,2023-04-26 09:00:00+00:00,STAGE28A,data/reports/stage28a_discovery_factory_batch_runner/stage28a_exact_trades.csv,session_compression_expansion_v1,sess_comp_exp_fade_london_h9_q0.3_tp06_sl065,0.7668999999999869,-0.283100000000013,-0.9831000000000129,0,0,0,0,0.283100000000013,27.710000000000036,9.230000000000018,0.37811484290357555,6.069999999999936,0.7726523887973812,2.8099999999999454,5.815499999999986,0.7,-1.0,,,9,2,4.0,2023
2023-04-27 09:00:00+00:00|1.0|sess_comp_exp_fade_london_h9_q0.3_tp06_sl065,2023-04-27 09:00:00+00:00,STAGE28A,data/reports/stage28a_discovery_factory_batch_runner/stage28a_exact_trades.csv,session_compression_expansion_v1,sess_comp_exp_fade_london_h9_q0.3_tp06_sl065,1.0372000000001207,-0.0127999999998791,-0.7127999999998789,0,0,0,0,0.0127999999998791,25.920000000000073,11.960000000000036,0.8127090301003342,6.400000000000091,0.44687499999997804,5.100000000000136,5.088500000000044,0.504,1.0,,,9,3,4.0,2023
2023-05-02 09:00:00+00:00|1.0|sess_comp_exp_fade_london_h9_q0.3_tp06_sl065,2023-05-02 09:00:00+00:00,STAGE28A,data/reports/stage28a_discovery_factory_batch_runner/stage28a_exact_trades.csv,session_compression_expansion_v1,sess_comp_exp_fade_london_h9_q0.3_tp06_sl065,-1.1647750000000543,-2.214775000000054,-2.914775000000054,0,0,0,0,2.214775000000054,28.960000000000036,4.459999999999809,0.12556053811658507,7.899999999999864,0.25949367088607467,2.9600000000000364,4.308999999999981,0.2,1.0,,,9,1,5.0,2023
2023-05-03 09:00:00+00:00|1.0|sess_comp_exp_fade_london_h9_q0.3_tp06_sl065,2023-05-03 09:00:00+00:00,STAGE28A,data/reports/stage28a_discovery_factory_batch_runner/stage28a_exact_trades.csv,session_compression_expansion_v1,sess_comp_exp_fade_london_h9_q0.3_tp06_sl065,0.3657999999999447,-0.6842000000000552,-1.384200000000055,0,0,0,0,0.6842000000000552,40.909999999999854,4.5300000000002,0.6247240618101109,6.770000000000209,0.20531757754798075,1.9600000000000364,4.580499999999972,0.332,1.0,,,9,2,5.0,2023
2023-05-08 09:00:00+00:00|1.0|sess_comp_exp_fade_london_h9_q0.3_tp06_sl065,2023-05-08 09:00:00+00:00,STAGE28A,data/reports/stage28a_discovery_factory_batch_runner/stage28a_exact_trades.csv,session_compression_expansion_v1,sess_comp_exp_fade_london_h9_q0.3_tp06_sl065,-1.408524999999918,-2.4585249999999177,-3.158524999999917,0,0,0,0,2.4585249999999177,3.8199999999999363,9.689999999999827,0.8926728586171329,4.629999999999882,0.12526997840176446,4.569999999999936,6.000999999999976,0.764,1.0,,,9,0,5.0,2023
2023-05-09 09:00:00+00:00|-1.0|sess_comp_exp_fade_london_h9_q0.3_tp06_sl065,2023-05-09 09:00:00+00:00,STAGE28A,data/reports/stage28a_discovery_factory_batch_runner/stage28a_exact_trades.csv,session_compression_expansion_v1,sess_comp_exp_fade_london_h9_q0.3_tp06_sl065,-1.3383250000000315,-2.388325000000032,-3.0883250000000317,0,0,0,0,2.388325000000032,15.129999999999882,5.400000000000091,0.4944444444444075,7.330000000000155,0.46248294679400115,3.3700000000001182,3.441500000000019,0.076,-1.0,,,9,1,5.0,2023
2023-05-10 09:00:00+00:00|1.0|sess_comp_exp_fade_london_h9_q0.3_tp06_sl065,2023-05-10 09:00:00+00:00,STAGE28A,data/reports/stage28a_discovery_factory_batch_runner/stage28a_exact_trades.csv,session_compression_expansion_v1,sess_comp_exp_fade_london_h9_q0.3_tp06_sl065,-1.1615250000000743,-2.211525000000074,-2.911525000000074,0,0,0,0,2.211525000000074,18.029999999999973,7.679999999999836,0.5572916666667046,6.680000000000064,0.39371257485027794,3.7999999999999545,3.3315000000000055,0.068,1.0,,,9,2,5.0,2023
2023-05-12 09:00:00+00:00|1.0|sess_comp_exp_fade_london_h9_q0.3_tp06_sl065,2023-05-12 09:00:00+00:00,STAGE28A,data/reports/stage28a_discovery_factory_batch_runner/stage28a_exact_trades.csv,session_compression_expansion_v1,sess_comp_exp_fade_london_h9_q0.3_tp06_sl065,0.8011000000000422,-0.2488999999999577,-0.9488999999999574,0,0,0,0,0.2488999999999577,30.1400000000001,8.960000000000036,0.4832589285714185,11.710000000000036,0.7532023911186941,3.910000000000082,5.611500000000012,0.704,1.0,,,9,4,5.0,2023
2023-05-15 09:00:00+00:00|-1.0|sess_comp_exp_fade_london_h9_q0.3_tp06_sl065,2023-05-15 09:00:00+00:00,STAGE28A,data/reports/stage28a_discovery_factory_batch_runner/stage28a_exact_trades.csv,session_compression_expansion_v1,sess_comp_exp_fade_london_h9_q0.3_tp06_sl065,0.6724000000000615,-0.3775999999999384,-1.0775999999999382,0,0,0,0,0.3775999999999384,4.789999999999964,11.710000000000036,0.2613151152860748,7.720000000000027,0.3121761658031183,5.980000000000018,4.789999999999987,0.464,-1.0,,,9,0,5.0,2023
2023-05-17 09:00:00+00:00|1.0|sess_comp_exp_fade_london_h9_q0.3_tp06_sl065,2023-05-17 09:00:00+00:00,STAGE28A,data/reports/stage28a_discovery_factory_batch_runner/stage28a_exact_trades.csv,session_compression_expansion_v1,sess_comp_exp_fade_london_h9_q0.3_tp06_sl065,0.4819000000001324,-0.5680999999998675,-1.2680999999998672,0,0,0,0,0.5680999999998675,32.789999999999964,5.0,0.25599999999999457,8.180000000000064,0.892420537897298,4.060000000000173,4.21400000000001,0.4,1.0,,,9,2,5.0,2023
2023-06-02 09:00:00+00:00|1.0|sess_comp_exp_fade_london_h9_q0.3_tp06_sl065,2023-06-02 09:00:00+00:00,STAGE28A,data/reports/stage28a_discovery_factory_batch_runner/stage28a_exact_trades.csv,session_compression_expansion_v1,sess_comp_exp_fade_london_h9_q0.3_tp06_sl065,0.7351000000000113,-0.3148999999999886,-1.0148999999999884,0,0,0,0,0.3148999999999886,29.720000000000027,9.389999999999873,0.55271565495209,7.849999999999909,0.2496815286624279,3.689999999999827,4.025999999999977,0.28,1.0,,,9,4,6.0,2023
2023-06-06 09:00:00+00:00|-1.0|sess_comp_exp_fade_london_h9_q0.3_tp06_sl065,2023-06-06 09:00:00+00:00,STAGE28A,data/reports/stage28a_discovery_factory_batch_runner/stage28a_exact_trades.csv,session_compression_expansion_v1,sess_comp_exp_fade_london_h9_q0.3_tp06_sl065,-1.4468749999999546,-2.4968749999999544,-3.196874999999954,0,0,0,0,2.4968749999999544,25.87000000000012,5.519999999999982,0.5851449275362371,6.670000000000073,0.4692653673163531,4.889999999999873,3.7049999999999614,0.172,-1.0,,,9,1,6.0,2023
2023-06-08 09:00:00+00:00|-1.0|sess_comp_exp_fade_london_h9_q0.3_tp06_sl065,2023-06-08 09:00:00+00:00,STAGE28A,data/reports/stage28a_discovery_factory_batch_runner/stage28a_exact_trades.csv,session_compression_expansion_v1,sess_comp_exp_fade_london_h9_q0.3_tp06_sl065,-1.1780999999999495,-2.2280999999999493,-2.928099999999949,0,0,0,0,2.2280999999999493,30.329999999999927,7.440000000000055,0.5349462365591383,6.319999999999936,0.011075949367078645,2.1100000000001273,4.6650000000000205,0.692,-1.0,,,9,3,6.0,2023
2023-06-09 09:00:00+00:00|1.0|sess_comp_exp_fade_london_h9_q0.3_tp06_sl065,2023-06-09 09:00:00+00:00,STAGE28A,data/reports/stage28a_discovery_factory_batch_runner/stage28a_exact_trades.csv,session_compression_expansion_v1,sess_comp_exp_fade_london_h9_q0.3_tp06_sl065,0.3030999999999949,-0.746900000000005,-1.4469000000000047,0,0,0,0,0.746900000000005,30.90000000000009,3.25,0.7046153846153734,5.440000000000055,0.34191176470590234,2.7000000000000455,3.384000000000037,0.176,1.0,,,9,4,6.0,2023
2023-06-13 09:00:00+00:00|-1.0|sess_comp_exp_fade_london_h9_q0.3_tp06_sl065,2023-06-13 09:00:00+00:00,STAGE28A,data/reports/stage28a_discovery_factory_batch_runner/stage28a_exact_trades.csv,session_compression_expansion_v1,sess_comp_exp_fade_london_h9_q0.3_tp06_sl065,0.459099999999944,-0.5909000000000559,-1.2909000000000557,0,0,0,0,0.5909000000000559,17.7800000000002,6.210000000000036,0.6070853462157745,7.149999999999864,0.1706293706293777,3.199999999999818,3.753999999999985,0.416,-1.0,,,9,1,6.0,2023
2023-06-14 09:00:00+00:00|-1.0|sess_comp_exp_fade_london_h9_q0.3_tp06_sl065,2023-06-14 09:00:00+00:00,STAGE28A,data/reports/stage28a_discovery_factory_batch_runner/stage28a_exact_trades.csv,session_compression_expansion_v1,sess_comp_exp_fade_london_h9_q0.3_tp06_sl065,0.4248999999998887,-0.6251000000001112,-1.325100000000111,0,0,0,0,0.6251000000001112,30.730000000000018,7.240000000000009,0.7223756906077364,7.639999999999873,0.2683246073298414,3.1799999999998363,4.843000000000018,0.872,-1.0,,,9,2,6.0,2023
2023-06-19 09:00:00+00:00|-1.0|sess_comp_exp_fade_london_h9_q0.3_tp06_sl065,2023-06-19 09:00:00+00:00,STAGE28A,data/reports/stage28a_discovery_factory_batch_runner/stage28a_exact_trades.csv,session_compression_expansion_v1,sess_comp_exp_fade_london_h9_q0.3_tp06_sl065,0.414699999999948,-0.6353000000000519,-1.3353000000000517,0,0,0,0,0.6353000000000519,3.0699999999999363,4.7199999999998,0.5127118644068168,8.539999999999964,0.6217798594847738,3.269999999999982,3.74849999999999,0.38,-1.0,,,9,0,6.0,2023
2023-06-21 09:00:00+00:00|1.0|sess_comp_exp_fade_london_h9_q0.3_tp06_sl065,2023-06-21 09:00:00+00:00,STAGE28A,data/reports/stage28a_discovery_factory_batch_runner/stage28a_exact_trades.csv,session_compression_expansion_v1,sess_comp_exp_fade_london_h9_q0.3_tp06_sl065,0.5661999999998898,-0.4838000000001101,-1.18380000000011,0,0,0,0,0.4838000000001101,26.99000000000001,4.149999999999864,0.10843373493977355,6.149999999999864,0.6065040650406668,2.490000000000009,3.704999999999984,0.42,1.0,,,9,2,6.0,2023
2023-06-27 09:00:00+00:00|1.0|sess_comp_exp_fade_london_h9_q0.3_tp06_sl065,2023-06-27 09:00:00+00:00,STAGE28A,data/reports/stage28a_discovery_factory_batch_runner/stage28a_exact_trades.csv,session_compression_expansion_v1,sess_comp_exp_fade_london_h9_q0.3_tp06_sl065,-1.3315000000000965,-2.3815000000000963,-3.081500000000096,0,0,0,0,2.3815000000000963,11.819999999999936,9.349999999999909,0.4064171122994643,5.9500000000000455,0.724369747899145,4.429999999999836,3.3079999999999927,0.192,1.0,,,9,1,6.0,2023
2023-06-29 09:00:00+00:00|-1.0|sess_comp_exp_fade_london_h9_q0.3_tp06_sl065,2023-06-29 09:00:00+00:00,STAGE28A,data/reports/stage28a_discovery_factory_batch_runner/stage28a_exact_trades.csv,session_compression_expansion_v1,sess_comp_exp_fade_london_h9_q0.3_tp06_sl065,0.646599999999944,-0.4034000000000559,-1.1034000000000557,0,0,0,0,0.4034000000000559,14.339999999999918,10.029999999999973,0.4386839481555437,5.619999999999891,0.03914590747331522,2.410000000000082,3.2885000000000106,0.204,-1.0,,,9,3,6.0,2023
2023-07-04 09:00:00+00:00|-1.0|sess_comp_exp_fade_london_h9_q0.3_tp06_sl065,2023-07-04 09:00:00+00:00,STAGE28A,data/reports/stage28a_discovery_factory_batch_runner/stage28a_exact_trades.csv,session_compression_expansion_v1,sess_comp_exp_fade_london_h9_q0.3_tp06_sl065,0.2431000000000495,-0.8068999999999504,-1.5068999999999502,0,0,0,0,0.8068999999999504,20.950000000000045,3.6399999999998727,0.4807692307692476,7.9099999999998545,0.8609355246523765,1.4100000000000819,2.928500000000008,0.092,-1.0,,,9,1,7.0,2023
2023-07-05 09:00:00+00:00|-1.0|sess_comp_exp_fade_london_h9_q0.3_tp06_sl065,2023-07-05 09:00:00+00:00,STAGE28A,data/reports/stage28a_discovery_factory_batch_runner/stage28a_exact_trades.csv,session_compression_expansion_v1,sess_comp_exp_fade_london_h9_q0.3_tp06_sl065,-1.0136499999999615,-2.0636499999999613,-2.763649999999961,0,0,0,0,2.0636499999999613,10.940000000000055,3.9700000000000273,0.42821158690177175,8.25,0.5624242424242546,1.4700000000000273,2.0480000000000134,0.016,-1.0,,,9,2,7.0,2023
2023-07-06 09:00:00+00:00|1.0|sess_comp_exp_fade_london_h9_q0.3_tp06_sl065,2023-07-06 09:00:00+00:00,STAGE28A,data/reports/stage28a_discovery_factory_batch_runner/stage28a_exact_trades.csv,session_compression_expansion_v1,sess_comp_exp_fade_london_h9_q0.3_tp06_sl065,0.3657999999999447,-0.6842000000000552,-1.384200000000055,0,0,0,0,0.6842000000000552,20.289999999999964,5.2000000000000455,0.3557692307692102,5.379999999999882,0.15055762081783702,3.3899999999998727,3.3749999999999774,0.348,1.0,,,9,3,7.0,2023
2023-07-07 09:00:00+00:00|-1.0|sess_comp_exp_fade_london_h9_q0.3_tp06_sl065,2023-07-07 09:00:00+00:00,STAGE28A,data/reports/stage28a_discovery_factory_batch_runner/stage28a_exact_trades.csv,session_compression_expansion_v1,sess_comp_exp_fade_london_h9_q0.3_tp06_sl065,0.2758000000000266,-0.7741999999999734,-1.474199999999973,0,0,0,0,0.7741999999999734,24.910000000000082,2.8099999999999454,0.049822064056895154,6.5499999999999545,0.7709923664122121,2.6100000000001273,4.284500000000003,0.884,-1.0,,,9,4,7.0,2023
2023-07-10 09:00:00+00:00|-1.0|sess_comp_exp_fade_london_h9_q0.3_tp06_sl065,2023-07-10 09:00:00+00:00,STAGE28A,data/reports/stage28a_discovery_factory_batch_runner/stage28a_exact_trades.csv,session_compression_expansion_v1,sess_comp_exp_fade_london_h9_q0.3_tp06_sl065,0.4038999999999305,-0.6461000000000694,-1.3461000000000691,0,0,0,0,0.6461000000000694,4.289999999999964,5.559999999999945,0.3992805755395772,6.920000000000073,0.0765895953757178,2.0,4.427999999999986,0.924,-1.0,,,9,0,7.0,2023
2023-07-12 09:00:00+00:00|1.0|sess_comp_exp_fade_london_h9_q0.3_tp06_sl065,2023-07-12 09:00:00+00:00,STAGE28A,data/reports/stage28a_discovery_factory_batch_runner/stage28a_exact_trades.csv,session_compression_expansion_v1,sess_comp_exp_fade_london_h9_q0.3_tp06_sl065,0.5658999999999651,-0.4841000000000348,-1.1841000000000346,0,0,0,0,0.4841000000000348,14.170000000000073,8.88000000000011,0.5833333333333334,6.5,0.4799999999999832,2.380000000000109,2.724000000000001,0.14,1.0,,,9,2,7.0,2023
2023-07-17 09:00:00+00:00|-1.0|sess_comp_exp_fade_london_h9_q0.3_tp06_sl065,2023-07-17 09:00:00+00:00,STAGE28A,data/reports/stage28a_discovery_factory_batch_runner/stage28a_exact_trades.csv,session_compression_expansion_v1,sess_comp_exp_fade_london_h9_q0.3_tp06_sl065,0.5352999999999156,-0.5147000000000843,-1.214700000000084,0,0,0,0,0.5147000000000843,2.8300000000001546,4.990000000000009,0.1923847695390851,8.600000000000136,0.7697674418604666,3.380000000000109,3.526999999999964,0.544,-1.0,,,9,0,7.0,2023
2023-07-18 09:00:00+00:00|-1.0|sess_comp_exp_fade_london_h9_q0.3_tp06_sl065,2023-07-18 09:00:00+00:00,STAGE28A,data/reports/stage28a_discovery_factory_batch_runner/stage28a_exact_trades.csv,session_compression_expansion_v1,sess_comp_exp_fade_london_h9_q0.3_tp06_sl065,0.5467000000000098,-0.5032999999999901,-1.2032999999999898,0,0,0,0,0.5032999999999901,14.089999999999918,6.839999999999918,0.7046783625730986,6.329999999999927,0.513428120063197,2.7100000000000364,2.929500000000007,0.208,-1.0,,,9,1,7.0,2023
2023-07-25 09:00:00+00:00|-1.0|sess_comp_exp_fade_london_h9_q0.3_tp06_sl065,2023-07-25 09:00:00+00:00,STAGE28A,data/reports/stage28a_discovery_factory_batch_runner/stage28a_exact_trades.csv,session_compression_expansion_v1,sess_comp_exp_fade_london_h9_q0.3_tp06_sl065,-1.2229499999999462,-2.272949999999946,-2.972949999999946,0,0,0,0,2.272949999999946,14.429999999999836,10.349999999999909,0.6434782608695568,4.730000000000018,0.12262156448201375,2.770000000000209,3.1345000000000143,0.188,-1.0,,,9,1,7.0,2023
2023-07-31 09:00:00+00:00|1.0|sess_comp_exp_fade_london_h9_q0.3_tp06_sl065,2023-07-31 09:00:00+00:00,STAGE28A,data/reports/stage28a_discovery_factory_batch_runner/stage28a_exact_trades.csv,session_compression_expansion_v1,sess_comp_exp_fade_london_h9_q0.3_tp06_sl065,0.4777000000000498,-0.5722999999999501,-1.2722999999999498,0,0,0,0,0.5722999999999501,2.269999999999982,6.829999999999927,0.806734992679363,6.0499999999999545,0.3884297520661036,2.2000000000000455,3.3920000000000528,0.304,1.0,,,9,0,7.0,2023
2023-08-02 09:00:00+00:00|-1.0|sess_comp_exp_fade_london_h9_q0.3_tp06_sl065,2023-08-02 09:00:00+00:00,STAGE28A,data/reports/stage28a_discovery_factory_batch_runner/stage28a_exact_trades.csv,session_compression_expansion_v1,sess_comp_exp_fade_london_h9_q0.3_tp06_sl065,-1.3392999999999575,-2.3892999999999573,-3.089299999999957,0,0,0,0,2.3892999999999573,24.850000000000136,8.789999999999964,0.2104664391353975,6.620000000000118,0.055891238670711725,3.6399999999998727,3.894000000000028,0.688,-1.0,,,9,2,8.0,2023
2023-08-04 09:00:00+00:00|1.0|sess_comp_exp_fade_london_h9_q0.3_tp06_sl065,2023-08-04 09:00:00+00:00,STAGE28A,data/reports/stage28a_discovery_factory_batch_runner/stage28a_exact_trades.csv,session_compression_expansion_v1,sess_comp_exp_fade_london_h9_q0.3_tp06_sl065,0.6222999999999047,-0.4277000000000952,-1.127700000000095,0,0,0,0,0.4277000000000952,9.400000000000091,4.379999999999882,0.052511415525119724,5.3599999999999,0.3264925373134389,3.259999999999991,3.449000000000024,0.308,1.0,,,9,4,8.0,2023
2023-08-07 09:00:00+00:00|1.0|sess_comp_exp_fade_london_h9_q0.3_tp06_sl065,2023-08-07 09:00:00+00:00,STAGE28A,data/reports/stage28a_discovery_factory_batch_runner/stage28a_exact_trades.csv,session_compression_expansion_v1,sess_comp_exp_fade_london_h9_q0.3_tp06_sl065,-1.24732499999991,-2.2973249999999097,-2.997324999999909,0,0,0,0,2.2973249999999097,4.6400000000001,8.450000000000045,0.5254437869822521,5.220000000000027,0.9501915708812281,2.759999999999991,4.065499999999974,0.828,1.0,,,9,0,8.0,2023
2023-08-08 09:00:00+00:00|-1.0|sess_comp_exp_fade_london_h9_q0.3_tp06_sl065,2023-08-08 09:00:00+00:00,STAGE28A,data/reports/stage28a_discovery_factory_batch_runner/stage28a_exact_trades.csv,session_compression_expansion_v1,sess_comp_exp_fade_london_h9_q0.3_tp06_sl065,-1.267799999999943,-2.317799999999943,-3.0177999999999425,0,0,0,0,2.317799999999943,15.170000000000073,6.919999999999845,0.42774566473986636,5.420000000000073,0.3487084870848427,2.2799999999999727,2.986500000000001,0.104,-1.0,,,9,1,8.0,2023
2023-08-09 09:00:00+00:00|1.0|sess_comp_exp_fade_london_h9_q0.3_tp06_sl065,2023-08-09 09:00:00+00:00,STAGE28A,data/reports/stage28a_discovery_factory_batch_runner/stage28a_exact_trades.csv,session_compression_expansion_v1,sess_comp_exp_fade_london_h9_q0.3_tp06_sl065,0.427599999999893,-0.6224000000001069,-1.3224000000001066,0,0,0,0,0.6224000000001069,15.22999999999979,6.5900000000001455,0.7799696509863409,6.440000000000055,0.6024844720497012,2.0299999999999727,3.1059999999999945,0.184,1.0,,,9,2,8.0,2023
2023-08-10 09:00:00+00:00|-1.0|sess_comp_exp_fade_london_h9_q0.3_tp06_sl065,2023-08-10 09:00:00+00:00,STAGE28A,data/reports/stage28a_discovery_factory_batch_runner/stage28a_exact_trades.csv,session_compression_expansion_v1,sess_comp_exp_fade_london_h9_q0.3_tp06_sl065,-1.1842749999999342,-2.234274999999934,-2.934274999999934,0,0,0,0,2.234274999999934,18.330000000000155,4.660000000000082,0.5021459227467547,6.099999999999909,0.377049180327867,3.400000000000091,2.7920000000000074,0.084,-1.0,,,9,3,8.0,2023
2023-08-11 09:00:00+00:00|-1.0|sess_comp_exp_fade_london_h9_q0.3_tp06_sl065,2023-08-11 09:00:00+00:00,STAGE28A,data/reports/stage28a_discovery_factory_batch_runner/stage28a_exact_trades.csv,session_compression_expansion_v1,sess_comp_exp_fade_london_h9_q0.3_tp06_sl065,0.2949999999999818,-0.7550000000000181,-1.4550000000000178,0,0,0,0,0.7550000000000181,17.99000000000001,5.129999999999882,0.3781676413255554,7.240000000000009,0.46685082872926487,3.1900000000000546,3.6939999999999826,0.616,-1.0,,,9,4,8.0,2023
2023-08-14 09:00:00+00:00|-1.0|sess_comp_exp_fade_london_h9_q0.3_tp06_sl065,2023-08-14 09:00:00+00:00,STAGE28A,data/reports/stage28a_discovery_factory_batch_runner/stage28a_exact_trades.csv,session_compression_expansion_v1,sess_comp_exp_fade_london_h9_q0.3_tp06_sl065,0.3220000000000255,-0.7279999999999744,-1.4279999999999742,0,0,0,0,0.7279999999999744,2.990000000000009,5.099999999999909,0.18235294117648632,5.559999999999945,0.24280575539566948,2.6800000000000637,2.929999999999984,0.184,-1.0,,,9,0,8.0,2023
2023-08-15 09:00:00+00:00|1.0|sess_comp_exp_fade_london_h9_q0.3_tp06_sl065,2023-08-15 09:00:00+00:00,STAGE28A,data/reports/stage28a_discovery_factory_batch_runner/stage28a_exact_trades.csv,session_compression_expansion_v1,sess_comp_exp_fade_london_h9_q0.3_tp06_sl065,0.4450000000000728,-0.6049999999999272,-1.3049999999999269,0,0,0,0,0.6049999999999272,13.519999999999982,4.5,0.015555555555541408,4.460000000000036,0.5874439461883625,3.339999999999918,3.2225000000000024,0.44,1.0,,,9,1,8.0,2023
2023-08-16 09:00:00+00:00|-1.0|sess_comp_exp_fade_london_h9_q0.3_tp06_sl065,2023-08-16 09:00:00+00:00,STAGE28A,data/reports/stage28a_discovery_factory_batch_runner/stage28a_exact_trades.csv,session_compression_expansion_v1,sess_comp_exp_fade_london_h9_q0.3_tp06_sl065,0.291399999999976,-0.7586000000000239,-1.4586000000000237,0,0,0,0,0.7586000000000239,15.230000000000018,5.009999999999991,0.5209580838323616,4.4500000000000455,0.45168539325842033,2.019999999999982,3.3050000000000184,0.5,-1.0,,,9,2,8.0,2023
2023-08-17 09:00:00+00:00|-1.0|sess_comp_exp_fade_london_h9_q0.3_tp06_sl065,2023-08-17 09:00:00+00:00,STAGE28A,data/reports/stage28a_discovery_factory_batch_runner/stage28a_exact_trades.csv,session_compression_expansion_v1,sess_comp_exp_fade_london_h9_q0.3_tp06_sl065,0.3222999999999502,-0.7277000000000498,-1.4277000000000497,0,0,0,0,0.7277000000000498,15.420000000000073,5.419999999999845,0.30442804428046827,5.570000000000164,0.45960502692995875,1.8400000000001455,2.958500000000015,0.28,-1.0,,,9,3,8.0,2023
2023-08-18 09:00:00+00:00|1.0|sess_comp_exp_fade_london_h9_q0.3_tp06_sl065,2023-08-18 09:00:00+00:00,STAGE28A,data/reports/stage28a_discovery_factory_batch_runner/stage28a_exact_trades.csv,session_compression_expansion_v1,sess_comp_exp_fade_london_h9_q0.3_tp06_sl065,-1.121549999999934,-2.1715499999999337,-2.871549999999933,0,0,0,0,2.1715499999999337,18.539999999999964,6.210000000000036,0.4541062801932238,2.9199999999998454,0.04452054794516735,2.449999999999818,3.275999999999988,0.604,1.0,,,9,4,8.0,2023
2023-08-21 09:00:00+00:00|1.0|sess_comp_exp_fade_london_h9_q0.3_tp06_sl065,2023-08-21 09:00:00+00:00,STAGE28A,data/reports/stage28a_discovery_factory_batch_runner/stage28a_exact_trades.csv,session_compression_expansion_v1,sess_comp_exp_fade_london_h9_q0.3_tp06_sl065,-1.5427499999999328,-2.5927499999999326,-3.2927499999999323,0,0,0,0,2.5927499999999326,2.060000000000173,8.830000000000155,0.15288788221971833,6.619999999999891,0.32326283987917453,6.259999999999991,3.448000000000036,0.832,1.0,,,9,0,8.0,2023
2023-08-23 09:00:00+00:00|-1.0|sess_comp_exp_fade_london_h9_q0.3_tp06_sl065,2023-08-23 09:00:00+00:00,STAGE28A,data/reports/stage28a_discovery_factory_batch_runner/stage28a_exact_trades.csv,session_compression_expansion_v1,sess_comp_exp_fade_london_h9_q0.3_tp06_sl065,0.3172000000000935,-0.7327999999999064,-1.432799999999906,0,0,0,0,0.7327999999999064,15.450000000000045,5.879999999999882,0.6309523809523998,4.910000000000082,0.25050916496944964,1.6000000000001364,2.634500000000037,0.1,-1.0,,,9,2,8.0,2023
2023-08-24 09:00:00+00:00|1.0|sess_comp_exp_fade_london_h9_q0.3_tp06_sl065,2023-08-24 09:00:00+00:00,STAGE28A,data/reports/stage28a_discovery_factory_batch_runner/stage28a_exact_trades.csv,session_compression_expansion_v1,sess_comp_exp_fade_london_h9_q0.3_tp06_sl065,0.3912999999999101,-0.6587000000000898,-1.3587000000000895,0,0,0,0,0.6587000000000898,23.429999999999836,6.710000000000036,0.5722801788375744,3.6400000000001,0.36263736263739765,2.099999999999909,3.086999999999944,0.5,1.0,,,9,3,8.0,2023
2023-08-25 09:00:00+00:00|-1.0|sess_comp_exp_fade_london_h9_q0.3_tp06_sl065,2023-08-25 09:00:00+00:00,STAGE28A,data/reports/stage28a_discovery_factory_batch_runner/stage28a_exact_trades.csv,session_compression_expansion_v1,sess_comp_exp_fade_london_h9_q0.3_tp06_sl065,0.2424999999999727,-0.8075000000000272,-1.507500000000027,0,0,0,0,0.8075000000000272,11.639999999999873,4.470000000000027,0.7919463087248192,5.199999999999818,0.5307692307692475,1.6400000000001,2.552000000000021,0.092,-1.0,,,9,4,8.0,2023
2023-08-28 09:00:00+00:00|1.0|sess_comp_exp_fade_london_h9_q0.3_tp06_sl065,2023-08-28 09:00:00+00:00,STAGE28A,data/reports/stage28a_discovery_factory_batch_runner/stage28a_exact_trades.csv,session_compression_expansion_v1,sess_comp_exp_fade_london_h9_q0.3_tp06_sl065,-1.0422500000000583,-2.092250000000058,-2.792250000000058,0,0,0,0,2.092250000000058,1.490000000000009,3.0700000000001637,0.4364820846905038,4.259999999999991,0.5023474178403468,2.4700000000000273,3.339000000000033,0.788,1.0,,,9,0,8.0,2023
2023-08-29 09:00:00+00:00|1.0|sess_comp_exp_fade_london_h9_q0.3_tp06_sl065,2023-08-29 09:00:00+00:00,STAGE28A,data/reports/stage28a_discovery_factory_batch_runner/stage28a_exact_trades.csv,session_compression_expansion_v1,sess_comp_exp_fade_london_h9_q0.3_tp06_sl065,-1.009750000000031,-2.059750000000031,-2.7597500000000306,0,0,0,0,2.059750000000031,13.430000000000064,6.25,0.7584000000000014,3.9300000000000637,0.2646310432569839,2.3199999999999363,2.4760000000000444,0.14,1.0,,,9,1,8.0,2023
2023-08-30 09:00:00+00:00|1.0|sess_comp_exp_fade_london_h9_q0.3_tp06_sl065,2023-08-30 09:00:00+00:00,STAGE28A,data/reports/stage28a_discovery_factory_batch_runner/stage28a_exact_trades.csv,session_compression_expansion_v1,sess_comp_exp_fade_london_h9_q0.3_tp06_sl065,0.1870000000000345,-0.8629999999999654,-1.562999999999965,0,0,0,0,0.8629999999999654,23.829999999999927,2.2799999999999727,0.17543859649127005,3.75,0.3466666666666545,1.6299999999998818,2.9215000000000146,0.424,1.0,,,9,2,8.0,2023
2023-08-31 09:00:00+00:00|1.0|sess_comp_exp_fade_london_h9_q0.3_tp06_sl065,2023-08-31 09:00:00+00:00,STAGE28A,data/reports/stage28a_discovery_factory_batch_runner/stage28a_exact_trades.csv,session_compression_expansion_v1,sess_comp_exp_fade_london_h9_q0.3_tp06_sl065,0.158199999999988,-0.8918000000000119,-1.5918000000000117,0,0,0,0,0.8918000000000119,14.009999999999991,6.100000000000136,0.08360655737704582,3.089999999999918,0.11650485436890275,1.4600000000000364,2.373000000000013,0.144,1.0,,,9,3,8.0,2023
2023-09-01 09:00:00+00:00|-1.0|sess_comp_exp_fade_london_h9_q0.3_tp06_sl065,2023-09-01 09:00:00+00:00,STAGE28A,data/reports/stage28a_discovery_factory_batch_runner/stage28a_exact_trades.csv,session_compression_expansion_v1,sess_comp_exp_fade_london_h9_q0.3_tp06_sl065,0.1852000000000316,-0.8647999999999683,-1.564799999999968,0,0,0,0,0.8647999999999683,8.789999999999964,5.3900000000001,0.20222634508351117,6.300000000000182,0.8380952380952096,1.5,2.4930000000000176,0.312,-1.0,,,9,4,9.0,2023
2023-09-04 09:00:00+00:00|1.0|sess_comp_exp_fade_london_h9_q0.3_tp06_sl065,2023-09-04 09:00:00+00:00,STAGE28A,data/reports/stage28a_discovery_factory_batch_runner/stage28a_exact_trades.csv,session_compression_expansion_v1,sess_comp_exp_fade_london_h9_q0.3_tp06_sl065,-0.9616500000000542,-2.011650000000054,-2.711650000000054,0,0,0,0,2.011650000000054,1.0,6.720000000000027,0.8005952380952173,5.430000000000064,0.7219152854511601,1.7300000000000182,3.0734999999999673,0.624,1.0,,,9,0,9.0,2023
2023-09-05 09:00:00+00:00|1.0|sess_comp_exp_fade_london_h9_q0.3_tp06_sl065,2023-09-05 09:00:00+00:00,STAGE28A,data/reports/stage28a_discovery_factory_batch_runner/stage28a_exact_trades.csv,session_compression_expansion_v1,sess_comp_exp_fade_london_h9_q0.3_tp06_sl065,0.2898999999998978,-0.7601000000001021,-1.460100000000102,0,0,0,0,0.7601000000001021,9.470000000000027,3.8600000000001273,0.3056994818652914,8.319999999999936,0.7439903846153696,2.4299999999998363,1.723500000000024,0.028,1.0,,,9,1,9.0,2023
2023-09-06 09:00:00+00:00|1.0|sess_comp_exp_fade_london_h9_q0.3_tp06_sl065,2023-09-06 09:00:00+00:00,STAGE28A,data/reports/stage28a_discovery_factory_batch_runner/stage28a_exact_trades.csv,session_compression_expansion_v1,sess_comp_exp_fade_london_h9_q0.3_tp06_sl065,0.1201000000000022,-0.9298999999999976,-1.6298999999999977,0,0,0,0,0.9298999999999976,13.569999999999936,2.7200000000000273,0.05882352941179421,5.8599999999999,0.2030716723549616,1.3299999999999272,2.222000000000014,0.24,1.0,,,9,2,9.0,2023
2023-09-07 09:00:00+00:00|1.0|sess_comp_exp_fade_london_h9_q0.3_tp06_sl065,2023-09-07 09:00:00+00:00,STAGE28A,data/reports/stage28a_discovery_factory_batch_runner/stage28a_exact_trades.csv,session_compression_expansion_v1,sess_comp_exp_fade_london_h9_q0.3_tp06_sl065,-1.0467999999999391,-2.096799999999939,-2.796799999999939,0,0,0,0,2.096799999999939,13.889999999999873,4.419999999999845,0.5769230769230869,3.400000000000091,0.03529411764709266,1.9800000000000182,2.932000000000005,0.688,1.0,,,9,3,9.0,2023
2023-09-08 09:00:00+00:00|1.0|sess_comp_exp_fade_london_h9_q0.3_tp06_sl065,2023-09-08 09:00:00+00:00,STAGE28A,data/reports/stage28a_discovery_factory_batch_runner/stage28a_exact_trades.csv,session_compression_expansion_v1,sess_comp_exp_fade_london_h9_q0.3_tp06_sl065,-0.97237499999992,-2.02237499999992,-2.72237499999992,0,0,0,0,2.02237499999992,7.3599999999999,8.149999999999864,0.6343558282208506,3.8600000000001273,0.07512953367874457,1.6199999999998909,2.6144999999999867,0.58,1.0,,,9,4,9.0,2023
2023-09-12 09:00:00+00:00|1.0|sess_comp_exp_fade_london_h9_q0.3_tp06_sl065,2023-09-12 09:00:00+00:00,STAGE28A,data/reports/stage28a_discovery_factory_batch_runner/stage28a_exact_trades.csv,session_compression_expansion_v1,sess_comp_exp_fade_london_h9_q0.3_tp06_sl065,0.3118000000000848,-0.7381999999999151,-1.4381999999999149,0,0,0,0,0.7381999999999151,14.0,4.029999999999973,0.2853598014888018,5.920000000000073,0.7854729729729403,2.4500000000000455,2.2895000000000207,0.252,1.0,,,9,1,9.0,2023
2023-09-13 09:00:00+00:00|-1.0|sess_comp_exp_fade_london_h9_q0.3_tp06_sl065,2023-09-13 09:00:00+00:00,STAGE28A,data/reports/stage28a_discovery_factory_batch_runner/stage28a_exact_trades.csv,session_compression_expansion_v1,sess_comp_exp_fade_london_h9_q0.3_tp06_sl065,0.3684999999999491,-0.6815000000000508,-1.3815000000000506,0,0,0,0,0.6815000000000508,16.910000000000082,5.6400000000001,0.6790780141843722,4.369999999999891,0.3729977116705148,3.3500000000001364,2.696000000000049,0.656,-1.0,,,9,2,9.0,2023
2023-09-14 09:00:00+00:00|1.0|sess_comp_exp_fade_london_h9_q0.3_tp06_sl065,2023-09-14 09:00:00+00:00,STAGE28A,data/reports/stage28a_discovery_factory_batch_runner/stage28a_exact_trades.csv,session_compression_expansion_v1,sess_comp_exp_fade_london_h9_q0.3_tp06_sl065,-1.0958750000000692,-2.145875000000069,-2.8458750000000688,0,0,0,0,2.145875000000069,10.190000000000055,5.3599999999999,0.15671641791043542,5.760000000000218,0.5711805555555276,3.2800000000002,2.8815000000000053,0.784,1.0,,,9,3,9.0,2023
2023-09-15 09:00:00+00:00|-1.0|sess_comp_exp_fade_london_h9_q0.3_tp06_sl065,2023-09-15 09:00:00+00:00,STAGE28A,data/reports/stage28a_discovery_factory_batch_runner/stage28a_exact_trades.csv,session_compression_expansion_v1,sess_comp_exp_fade_london_h9_q0.3_tp06_sl065,0.2988999999999123,-0.7511000000000876,-1.451100000000087,0,0,0,0,0.7511000000000876,11.819999999999936,6.240000000000009,0.8461538461538406,4.680000000000064,0.521367521367526,1.3500000000001364,3.077000000000021,0.852,-1.0,,,9,4,9.0,2023
2023-09-18 09:00:00+00:00|1.0|sess_comp_exp_fade_london_h9_q0.3_tp06_sl065,2023-09-18 09:00:00+00:00,STAGE28A,data/reports/stage28a_discovery_factory_batch_runner/stage28a_exact_trades.csv,session_compression_expansion_v1,sess_comp_exp_fade_london_h9_q0.3_tp06_sl065,0.2785000000000309,-0.771499999999969,-1.4714999999999687,0,0,0,0,0.771499999999969,1.2699999999999818,6.9500000000000455,0.7381294964028886,5.480000000000018,0.3357664233576897,2.849999999999909,2.839500000000021,0.668,1.0,,,9,0,9.0,2023
2023-09-19 09:00:00+00:00|-1.0|sess_comp_exp_fade_london_h9_q0.3_tp06_sl065,2023-09-19 09:00:00+00:00,STAGE28A,data/reports/stage28a_discovery_factory_batch_runner/stage28a_exact_trades.csv,session_compression_expansion_v1,sess_comp_exp_fade_london_h9_q0.3_tp06_sl065,-0.8056500000001051,-1.855650000000105,-2.555650000000105,0,0,0,0,1.855650000000105,11.730000000000018,2.8200000000001637,0.4893617021275892,5.589999999999918,0.5348837209302013,1.5,2.1135000000000104,0.16,-1.0,,,9,1,9.0,2023
2023-09-20 09:00:00+00:00|1.0|sess_comp_exp_fade_london_h9_q0.3_tp06_sl065,2023-09-20 09:00:00+00:00,STAGE28A,data/reports/stage28a_discovery_factory_batch_runner/stage28a_exact_trades.csv,session_compression_expansion_v1,sess_comp_exp_fade_london_h9_q0.3_tp06_sl065,-0.8829999999999018,-1.9329999999999017,-2.6329999999999014,0,0,0,0,1.9329999999999017,7.619999999999891,3.9199999999998454,0.30357142857145447,4.3900000000001,0.27107061503417484,2.0299999999999727,1.9400000000000204,0.056,1.0,,,9,2,9.0,2023
2023-09-22 09:00:00+00:00|-1.0|sess_comp_exp_fade_london_h9_q0.3_tp06_sl065,2023-09-22 09:00:00+00:00,STAGE28A,data/reports/stage28a_discovery_factory_batch_runner/stage28a_exact_trades.csv,session_compression_expansion_v1,sess_comp_exp_fade_london_h9_q0.3_tp06_sl065,0.26200000000008,-0.7879999999999199,-1.4879999999999196,0,0,0,0,0.7879999999999199,17.580000000000155,6.259999999999991,0.5782747603834063,5.400000000000091,0.30740740740737527,1.400000000000091,2.877000000000032,0.672,-1.0,,,9,4,9.0,2023
2023-09-25 09:00:00+00:00|1.0|sess_comp_exp_fade_london_h9_q0.3_tp06_sl065,2023-09-25 09:00:00+00:00,STAGE28A,data/reports/stage28a_discovery_factory_batch_runner/stage28a_exact_trades.csv,session_compression_expansion_v1,sess_comp_exp_fade_london_h9_q0.3_tp06_sl065,-0.8680499999999028,-1.9180499999999028,-2.6180499999999025,0,0,0,0,1.9180499999999028,2.0,3.769999999999982,0.5384615384615338,6.2999999999999545,0.13015873015872098,1.8600000000001273,2.013500000000022,0.1,1.0,,,9,0,9.0,2023
2023-09-26 09:00:00+00:00|-1.0|sess_comp_exp_fade_london_h9_q0.3_tp06_sl065,2023-09-26 09:00:00+00:00,STAGE28A,data/reports/stage28a_discovery_factory_batch_runner/stage28a_exact_trades.csv,session_compression_expansion_v1,sess_comp_exp_fade_london_h9_q0.3_tp06_sl065,0.1210000000000036,-0.9289999999999964,-1.628999999999996,0,0,0,0,0.9289999999999964,12.0,3.730000000000018,0.7774798927613538,5.860000000000127,0.10238907849831456,1.6199999999998909,2.2755000000000223,0.344,-1.0,,,9,1,9.0,2023
2023-09-27 09:00:00+00:00|1.0|sess_comp_exp_fade_london_h9_q0.3_tp06_sl065,2023-09-27 09:00:00+00:00,STAGE28A,data/reports/stage28a_discovery_factory_batch_runner/stage28a_exact_trades.csv,session_compression_expansion_v1,sess_comp_exp_fade_london_h9_q0.3_tp06_sl065,-1.2317249999999604,-2.2817249999999603,-2.98172499999996,0,0,0,0,2.2817249999999603,17.690000000000055,4.459999999999809,0.23991031390139228,5.339999999999918,0.8220973782771424,2.7799999999999727,2.8924999999999725,0.728,1.0,,,9,2,9.0,2023
2023-09-28 09:00:00+00:00|1.0|sess_comp_exp_fade_london_h9_q0.3_tp06_sl065,2023-09-28 09:00:00+00:00,STAGE28A,data/reports/stage28a_discovery_factory_batch_runner/stage28a_exact_trades.csv,session_compression_expansion_v1,sess_comp_exp_fade_london_h9_q0.3_tp06_sl065,0.2853999999998905,-0.7646000000001094,-1.4646000000001091,0,0,0,0,0.7646000000001094,31.470000000000027,4.350000000000136,0.537931034482723,4.5499999999999545,0.27472527472527747,2.650000000000091,3.277000000000021,0.84,1.0,,,9,3,9.0,2023
2023-10-06 09:00:00+00:00|1.0|sess_comp_exp_fade_london_h9_q0.3_tp06_sl065,2023-10-06 09:00:00+00:00,STAGE28A,data/reports/stage28a_discovery_factory_batch_runner/stage28a_exact_trades.csv,session_compression_expansion_v1,sess_comp_exp_fade_london_h9_q0.3_tp06_sl065,0.1762000000000171,-0.8737999999999828,-1.5737999999999823,0,0,0,0,0.8737999999999828,16.13000000000011,4.75,0.5810526315789455,5.929999999999836,0.5801011804384738,2.160000000000082,3.2285000000000195,0.416,1.0,,,9,4,10.0,2023
2023-10-12 09:00:00+00:00|-1.0|sess_comp_exp_fade_london_h9_q0.3_tp06_sl065,2023-10-12 09:00:00+00:00,STAGE28A,data/reports/stage28a_discovery_factory_batch_runner/stage28a_exact_trades.csv,session_compression_expansion_v1,sess_comp_exp_fade_london_h9_q0.3_tp06_sl065,-1.1384500000000115,-2.188450000000012,-2.8884500000000117,0,0,0,0,2.188450000000012,18.6400000000001,5.0499999999999545,0.6079207920792008,5.900000000000091,0.5610169491525244,1.6599999999998545,3.03599999999999,0.1,-1.0,,,9,3,10.0,2023
2023-10-18 09:00:00+00:00|-1.0|sess_comp_exp_fade_london_h9_q0.3_tp06_sl065,2023-10-18 09:00:00+00:00,STAGE28A,data/reports/stage28a_discovery_factory_batch_runner/stage28a_exact_trades.csv,session_compression_expansion_v1,sess_comp_exp_fade_london_h9_q0.3_tp06_sl065,1.0402000000000498,-0.00979999999995,-0.7097999999999498,0,0,0,0,0.00979999999995,19.200000000000045,19.519999999999982,0.6444672131147626,11.029999999999973,0.630099728014491,3.199999999999818,4.73549999999999,0.84,-1.0,,,9,2,10.0,2023
2023-10-27 09:00:00+00:00|1.0|sess_comp_exp_fade_london_h9_q0.3_tp06_sl065,2023-10-27 09:00:00+00:00,STAGE28A,data/reports/stage28a_discovery_factory_batch_runner/stage28a_exact_trades.csv,session_compression_expansion_v1,sess_comp_exp_fade_london_h9_q0.3_tp06_sl065,0.5971000000000913,-0.4528999999999086,-1.1528999999999083,0,0,0,0,0.4528999999999086,21.6400000000001,5.900000000000091,0.44406779661014417,4.7000000000000455,0.42340425531914677,3.259999999999991,4.3755,0.316,1.0,,,9,4,10.0,2023
2023-11-02 09:00:00+00:00|-1.0|sess_comp_exp_fade_london_h9_q0.3_tp06_sl065,2023-11-02 09:00:00+00:00,STAGE28A,data/reports/stage28a_discovery_factory_batch_runner/stage28a_exact_trades.csv,session_compression_expansion_v1,sess_comp_exp_fade_london_h9_q0.3_tp06_sl065,-1.1829750000000332,-2.232975000000033,-2.9329750000000328,0,0,0,0,2.232975000000033,22.200000000000045,6.960000000000036,0.5574712643678289,5.899999999999864,0.4915254237288018,1.8399999999999181,4.443500000000006,0.32,-1.0,,,9,3,11.0,2023
2023-11-03 09:00:00+00:00|-1.0|sess_comp_exp_fade_london_h9_q0.3_tp06_sl065,2023-11-03 09:00:00+00:00,STAGE28A,data/reports/stage28a_discovery_factory_batch_runner/stage28a_exact_trades.csv,session_compression_expansion_v1,sess_comp_exp_fade_london_h9_q0.3_tp06_sl065,0.2481999999999061,-0.8018000000000938,-1.5018000000000935,0,0,0,0,0.8018000000000938,12.200000000000045,4.599999999999909,0.09565217391305723,5.789999999999964,0.44559585492227005,2.3999999999998636,3.1675000000000066,0.016,-1.0,,,9,4,11.0,2023
2023-11-06 09:00:00+00:00|-1.0|sess_comp_exp_fade_london_h9_q0.3_tp06_sl065,2023-11-06 09:00:00+00:00,STAGE28A,data/reports/stage28a_discovery_factory_batch_runner/stage28a_exact_trades.csv,session_compression_expansion_v1,sess_comp_exp_fade_london_h9_q0.3_tp06_sl065,-1.4936750000000305,-2.54367500000003,-3.24367500000003,0,0,0,0,2.54367500000003,5.789999999999964,11.179999999999836,0.42397137745975655,6.1099999999999,0.5908346972176692,1.75,5.477499999999964,0.812,-1.0,,,9,0,11.0,2023
2023-11-08 09:00:00+00:00|1.0|sess_comp_exp_fade_london_h9_q0.3_tp06_sl065,2023-11-08 09:00:00+00:00,STAGE28A,data/reports/stage28a_discovery_factory_batch_runner/stage28a_exact_trades.csv,session_compression_expansion_v1,sess_comp_exp_fade_london_h9_q0.3_tp06_sl065,0.3217000000001008,-0.7282999999998991,-1.4282999999998989,0,0,0,0,0.7282999999998991,21.62999999999988,3.6900000000000546,0.3685636856368854,9.5,0.5821052631578919,4.009999999999991,3.5959999999999694,0.244,1.0,,,9,2,11.0,2023
2023-11-09 09:00:00+00:00|1.0|sess_comp_exp_fade_london_h9_q0.3_tp06_sl065,2023-11-09 09:00:00+00:00,STAGE28A,data/reports/stage28a_discovery_factory_batch_runner/stage28a_exact_trades.csv,session_compression_expansion_v1,sess_comp_exp_fade_london_h9_q0.3_tp06_sl065,0.3714999999998781,-0.6785000000001218,-1.3785000000001215,0,0,0,0,0.6785000000001218,23.529999999999973,6.889999999999873,0.18867924528301575,5.990000000000009,0.40066777963273575,1.3399999999999181,3.623000000000002,0.308,1.0,,,9,3,11.0,2023
2023-11-10 09:00:00+00:00|1.0|sess_comp_exp_fade_london_h9_q0.3_tp06_sl065,2023-11-10 09:00:00+00:00,STAGE28A,data/reports/stage28a_discovery_factory_batch_runner/stage28a_exact_trades.csv,session_compression_expansion_v1,sess_comp_exp_fade_london_h9_q0.3_tp06_sl065,0.4038999999999305,-0.6461000000000694,-1.3461000000000691,0,0,0,0,0.6461000000000694,21.11999999999989,4.360000000000127,0.300458715596309,6.629999999999882,0.5505279034691035,2.5299999999999727,4.033999999999992,0.568,1.0,,,9,4,11.0,2023
2023-11-13 09:00:00+00:00|-1.0|sess_comp_exp_fade_london_h9_q0.3_tp06_sl065,2023-11-13 09:00:00+00:00,STAGE28A,data/reports/stage28a_discovery_factory_batch_runner/stage28a_exact_trades.csv,session_compression_expansion_v1,sess_comp_exp_fade_london_h9_q0.3_tp06_sl065,-1.221000000000095,-2.2710000000000945,-2.9710000000000942,0,0,0,0,2.2710000000000945,23.48999999999978,24.25999999999999,0.19167353668589718,5.509999999999991,0.6950998185117847,1.5,5.742499999999995,0.956,-1.0,,,9,0,11.0,2023
2023-11-14 09:00:00+00:00|-1.0|sess_comp_exp_fade_london_h9_q0.3_tp06_sl065,2023-11-14 09:00:00+00:00,STAGE28A,data/reports/stage28a_discovery_factory_batch_runner/stage28a_exact_trades.csv,session_compression_expansion_v1,sess_comp_exp_fade_london_h9_q0.3_tp06_sl065,0.2790999999998803,-0.7709000000001196,-1.4709000000001191,0,0,0,0,0.7709000000001196,31.539999999999964,4.509999999999991,0.38802660753880347,4.4500000000000455,0.4898876404493964,1.7799999999999727,2.7705000000000153,0.024,-1.0,,,9,1,11.0,2023
2023-11-24 09:00:00+00:00|-1.0|sess_comp_exp_fade_london_h9_q0.3_tp06_sl065,2023-11-24 09:00:00+00:00,STAGE28A,data/reports/stage28a_discovery_factory_batch_runner/stage28a_exact_trades.csv,session_compression_expansion_v1,sess_comp_exp_fade_london_h9_q0.3_tp06_sl065,-1.1491750000001049,-2.1991750000001047,-2.8991750000001044,0,0,0,0,2.1991750000001047,9.38000000000011,3.4400000000000546,0.11627906976740036,4.259999999999991,0.47652582159623874,1.6599999999998545,1.9665000000000077,0.004,-1.0,,,9,4,11.0,2023
2023-11-28 09:00:00+00:00|-1.0|sess_comp_exp_fade_london_h9_q0.3_tp06_sl065,2023-11-28 09:00:00+00:00,STAGE28A,data/reports/stage28a_discovery_factory_batch_runner/stage28a_exact_trades.csv,session_compression_expansion_v1,sess_comp_exp_fade_london_h9_q0.3_tp06_sl065,0.5050000000000182,-0.5449999999999817,-1.2449999999999817,0,0,0,0,0.5449999999999817,17.639999999999873,4.9500000000000455,0.02626262626264807,4.529999999999973,0.09713024282556951,2.4400000000000546,3.1460000000000035,0.252,-1.0,,,9,1,11.0,2023
2023-12-08 09:00:00+00:00|1.0|sess_comp_exp_fade_london_h9_q0.3_tp06_sl065,2023-12-08 09:00:00+00:00,STAGE28A,data/reports/stage28a_discovery_factory_batch_runner/stage28a_exact_trades.csv,session_compression_expansion_v1,sess_comp_exp_fade_london_h9_q0.3_tp06_sl065,0.5025999999999385,-0.5474000000000614,-1.2474000000000611,0,0,0,0,0.5474000000000614,19.700000000000045,7.100000000000136,0.48309859154929546,5.870000000000118,0.2913117546848385,2.2899999999999636,4.563999999999998,0.572,1.0,,,9,4,12.0,2023
2023-12-20 09:00:00+00:00|1.0|sess_comp_exp_fade_london_h9_q0.3_tp06_sl065,2023-12-20 09:00:00+00:00,STAGE28A,data/reports/stage28a_discovery_factory_batch_runner/stage28a_exact_trades.csv,session_compression_expansion_v1,sess_comp_exp_fade_london_h9_q0.3_tp06_sl065,-1.0627250000000914,-2.1127250000000912,-2.812725000000091,0,0,0,0,2.1127250000000912,25.289999999999964,4.960000000000036,0.09072580645162141,7.820000000000164,0.5843989769820768,1.8599999999999,3.431000000000006,0.06,1.0,,,9,2,12.0,2023
2023-12-21 09:00:00+00:00|1.0|sess_comp_exp_fade_london_h9_q0.3_tp06_sl065,2023-12-21 09:00:00+00:00,STAGE28A,data/reports/stage28a_discovery_factory_batch_runner/stage28a_exact_trades.csv,session_compression_expansion_v1,sess_comp_exp_fade_london_h9_q0.3_tp06_sl065,0.4191999999999553,-0.6308000000000447,-1.3308000000000444,0,0,0,0,0.6308000000000447,15.990000000000009,6.440000000000055,0.6413043478260632,5.120000000000118,0.4316406249999971,2.740000000000009,3.6809999999999947,0.192,1.0,,,9,3,12.0,2023
2023-12-26 09:00:00+00:00|1.0|sess_comp_exp_fade_london_h9_q0.3_tp06_sl065,2023-12-26 09:00:00+00:00,STAGE28A,data/reports/stage28a_discovery_factory_batch_runner/stage28a_exact_trades.csv,session_compression_expansion_v1,sess_comp_exp_fade_london_h9_q0.3_tp06_sl065,-1.101075000000128,-2.151075000000128,-2.851075000000128,0,0,0,0,2.151075000000128,4.400000000000091,11.75,0.775319148936181,4.380000000000109,0.0410958904109205,2.849999999999909,4.731000000000018,0.624,1.0,,,9,1,12.0,2023
2023-12-27 09:00:00+00:00|-1.0|sess_comp_exp_fade_london_h9_q0.3_tp06_sl065,2023-12-27 09:00:00+00:00,STAGE28A,data/reports/stage28a_discovery_factory_batch_runner/stage28a_exact_trades.csv,session_compression_expansion_v1,sess_comp_exp_fade_london_h9_q0.3_tp06_sl065,-1.085149999999976,-2.135149999999976,-2.835149999999976,0,0,0,0,2.135149999999976,15.650000000000091,4.559999999999945,0.07894736842108149,7.7199999999998,0.1411917098445821,3.050000000000182,3.2015000000000327,0.108,-1.0,,,9,2,12.0,2023
2024-01-11 09:00:00+00:00|1.0|sess_comp_exp_fade_london_h9_q0.3_tp06_sl065,2024-01-11 09:00:00+00:00,STAGE28A,data/reports/stage28a_discovery_factory_batch_runner/stage28a_exact_trades.csv,session_compression_expansion_v1,sess_comp_exp_fade_london_h9_q0.3_tp06_sl065,-1.266500000000042,-2.3165000000000417,-3.016500000000041,0,0,0,0,2.3165000000000417,20.089999999999918,7.5,0.7093333333333248,5.479999999999791,0.03832116788321978,2.9200000000000728,3.3739999999999783,0.112,1.0,,,9,3,1.0,2024
2024-01-15 09:00:00+00:00|-1.0|sess_comp_exp_fade_london_h9_q0.3_tp06_sl065,2024-01-15 09:00:00+00:00,STAGE28A,data/reports/stage28a_discovery_factory_batch_runner/stage28a_exact_trades.csv,session_compression_expansion_v1,sess_comp_exp_fade_london_h9_q0.3_tp06_sl065,0.6373000000002321,-0.4126999999997678,-1.1126999999997675,0,0,0,0,0.4126999999997678,2.5499999999999545,12.220000000000027,0.5327332242226026,6.449999999999818,0.2,3.119999999999891,4.921000000000038,0.656,-1.0,,,9,0,1.0,2024
2024-01-25 09:00:00+00:00|-1.0|sess_comp_exp_fade_london_h9_q0.3_tp06_sl065,2024-01-25 09:00:00+00:00,STAGE28A,data/reports/stage28a_discovery_factory_batch_runner/stage28a_exact_trades.csv,session_compression_expansion_v1,sess_comp_exp_fade_london_h9_q0.3_tp06_sl065,0.3139000000000124,-0.7360999999999875,-1.4360999999999873,0,0,0,0,0.7360999999999875,25.52000000000021,3.400000000000091,0.18823529411767145,7.019999999999982,0.5270655270655349,2.0599999999999454,3.8460000000000263,0.408,-1.0,,,9,3,1.0,2024
2024-01-26 09:00:00+00:00|1.0|sess_comp_exp_fade_london_h9_q0.3_tp06_sl065,2024-01-26 09:00:00+00:00,STAGE28A,data/reports/stage28a_discovery_factory_batch_runner/stage28a_exact_trades.csv,session_compression_expansion_v1,sess_comp_exp_fade_london_h9_q0.3_tp06_sl065,0.2841999999999643,-0.7658000000000356,-1.4658000000000353,0,0,0,0,0.7658000000000356,15.400000000000091,4.779999999999973,0.10460251046025164,5.669999999999845,0.41975308641978376,1.8699999999998909,4.063499999999976,0.522,1.0,,,9,4,1.0,2024
2024-02-02 09:00:00+00:00|1.0|sess_comp_exp_fade_london_h9_q0.3_tp06_sl065,2024-02-02 09:00:00+00:00,STAGE28A,data/reports/stage28a_discovery_factory_batch_runner/stage28a_exact_trades.csv,session_compression_expansion_v1,sess_comp_exp_fade_london_h9_q0.3_tp06_sl065,-1.128049999999894,-2.1780499999998937,-2.8780499999998934,0,0,0,0,2.1780499999998937,35.590000000000146,4.920000000000073,0.052845528455235706,4.200000000000273,0.10000000000001083,2.649999999999636,5.1584999999999805,0.904,1.0,,,9,4,2.0,2024
2024-02-07 09:00:00+00:00|1.0|sess_comp_exp_fade_london_h9_q0.3_tp06_sl065,2024-02-07 09:00:00+00:00,STAGE28A,data/reports/stage28a_discovery_factory_batch_runner/stage28a_exact_trades.csv,session_compression_expansion_v1,sess_comp_exp_fade_london_h9_q0.3_tp06_sl065,-0.8738999999999123,-1.923899999999912,-2.623899999999912,0,0,0,0,1.923899999999912,16.189999999999827,2.230000000000018,0.004484304932731311,4.889999999999873,0.40286298568508766,1.8299999999999272,3.0614999999999895,0.052,1.0,,,9,2,2.0,2024
2024-02-09 09:00:00+00:00|1.0|sess_comp_exp_fade_london_h9_q0.3_tp06_sl065,2024-02-09 09:00:00+00:00,STAGE28A,data/reports/stage28a_discovery_factory_batch_runner/stage28a_exact_trades.csv,session_compression_expansion_v1,sess_comp_exp_fade_london_h9_q0.3_tp06_sl065,0.1507000000000516,-0.8992999999999483,-1.599299999999948,0,0,0,0,0.8992999999999483,18.6400000000001,3.1599999999998545,0.49367088607595483,4.460000000000036,0.022421524663656555,2.0299999999999727,3.594999999999982,0.328,1.0,,,9,4,2.0,2024
2024-02-15 09:00:00+00:00|-1.0|sess_comp_exp_fade_london_h9_q0.3_tp06_sl065,2024-02-15 09:00:00+00:00,STAGE28A,data/reports/stage28a_discovery_factory_batch_runner/stage28a_exact_trades.csv,session_compression_expansion_v1,sess_comp_exp_fade_london_h9_q0.3_tp06_sl065,0.2118999999999232,-0.8381000000000767,-1.5381000000000764,0,0,0,0,0.8381000000000767,11.839999999999918,4.119999999999891,0.41262135922332294,6.5,0.6123076923076951,1.8799999999998818,3.029499999999973,0.184,-1.0,,,9,3,2.0,2024
2024-02-16 09:00:00+00:00|-1.0|sess_comp_exp_fade_london_h9_q0.3_tp06_sl065,2024-02-16 09:00:00+00:00,STAGE28A,data/reports/stage28a_discovery_factory_batch_runner/stage28a_exact_trades.csv,session_compression_expansion_v1,sess_comp_exp_fade_london_h9_q0.3_tp06_sl065,0.1270000000000891,-0.9229999999999108,-1.6229999999999103,0,0,0,0,0.9229999999999108,18.230000000000018,3.2799999999999727,0.06097560975611193,4.819999999999936,0.7406639004149344,1.9600000000000364,2.888000000000011,0.14,-1.0,,,9,4,2.0,2024
2024-02-19 09:00:00+00:00|-1.0|sess_comp_exp_fade_london_h9_q0.3_tp06_sl065,2024-02-19 09:00:00+00:00,STAGE28A,data/reports/stage28a_discovery_factory_batch_runner/stage28a_exact_trades.csv,session_compression_expansion_v1,sess_comp_exp_fade_london_h9_q0.3_tp06_sl065,0.4308999999999742,-0.6191000000000257,-1.3191000000000257,0,0,0,0,0.6191000000000257,3.8799999999998818,10.86999999999989,0.48850045998160063,4.650000000000091,0.027956989247285853,2.0900000000001455,4.76999999999997,0.952,-1.0,,,9,0,2.0,2024
2024-02-26 09:00:00+00:00|-1.0|sess_comp_exp_fade_london_h9_q0.3_tp06_sl065,2024-02-26 09:00:00+00:00,STAGE28A,data/reports/stage28a_discovery_factory_batch_runner/stage28a_exact_trades.csv,session_compression_expansion_v1,sess_comp_exp_fade_london_h9_q0.3_tp06_sl065,0.2230000000000928,-0.8269999999999071,-1.5269999999999069,0,0,0,0,0.8269999999999071,2.7999999999999545,5.069999999999936,0.36489151873765924,5.349999999999909,0.007476635514012018,2.009999999999991,3.4314999999999487,0.784,-1.0,,,9,0,2.0,2024
2024-02-29 09:00:00+00:00|1.0|sess_comp_exp_fade_london_h9_q0.3_tp06_sl065,2024-02-29 09:00:00+00:00,STAGE28A,data/reports/stage28a_discovery_factory_batch_runner/stage28a_exact_trades.csv,session_compression_expansion_v1,sess_comp_exp_fade_london_h9_q0.3_tp06_sl065,0.1318000000000211,-0.9181999999999788,-1.6181999999999783,0,0,0,0,0.9181999999999788,13.420000000000073,3.1299999999998818,0.1629392971246039,7.2999999999999545,0.5931506849315318,1.5900000000001455,2.5559999999999605,0.236,1.0,,,9,3,2.0,2024
2024-03-12 09:00:00+00:00|1.0|sess_comp_exp_fade_london_h9_q0.3_tp06_sl065,2024-03-12 09:00:00+00:00,STAGE28A,data/reports/stage28a_discovery_factory_batch_runner/stage28a_exact_trades.csv,session_compression_expansion_v1,sess_comp_exp_fade_london_h9_q0.3_tp06_sl065,-1.3860999999998058,-2.4360999999998056,-3.1360999999998054,0,0,0,0,2.4360999999998056,14.239999999999782,7.929999999999836,0.5056746532156748,5.539999999999964,0.30685920577622455,3.5100000000002183,4.267999999999915,0.412,1.0,,,9,1,3.0,2024
2024-03-13 09:00:00+00:00|1.0|sess_comp_exp_fade_london_h9_q0.3_tp06_sl065,2024-03-13 09:00:00+00:00,STAGE28A,data/reports/stage28a_discovery_factory_batch_runner/stage28a_exact_trades.csv,session_compression_expansion_v1,sess_comp_exp_fade_london_h9_q0.3_tp06_sl065,-1.2931500000000598,-2.34315000000006,-3.0431500000000598,0,0,0,0,2.34315000000006,34.179999999999836,5.730000000000018,0.41884816753928156,6.049999999999727,0.6694214876033661,3.1099999999996726,6.182499999999959,0.892,1.0,,,9,2,3.0,2024
2024-03-14 09:00:00+00:00|1.0|sess_comp_exp_fade_london_h9_q0.3_tp06_sl065,2024-03-14 09:00:00+00:00,STAGE28A,data/reports/stage28a_discovery_factory_batch_runner/stage28a_exact_trades.csv,session_compression_expansion_v1,sess_comp_exp_fade_london_h9_q0.3_tp06_sl065,0.4444000000002234,-0.6055999999997765,-1.3055999999997765,0,0,0,0,0.6055999999997765,24.059999999999945,5.920000000000073,0.44087837837839444,4.599999999999909,0.2434782608695463,2.7400000000002365,3.678500000000008,0.196,1.0,,,9,3,3.0,2024
2024-06-12 09:00:00+00:00|1.0|sess_comp_exp_fade_london_h9_q0.3_tp06_sl065,2024-06-12 09:00:00+00:00,STAGE28A,data/reports/stage28a_discovery_factory_batch_runner/stage28a_exact_trades.csv,session_compression_expansion_v1,sess_comp_exp_fade_london_h9_q0.3_tp06_sl065,0.8283999999997832,-0.2216000000002167,-0.9216000000002164,0,0,0,0,0.2216000000002167,22.36999999999989,6.8400000000001455,0.42690058479532317,6.910000000000309,0.00289435600578595,3.0399999999999636,4.5479999999999565,0.06,1.0,,,9,2,6.0,2024
2024-07-05 09:00:00+00:00|-1.0|sess_comp_exp_fade_london_h9_q0.3_tp06_sl065,2024-07-05 09:00:00+00:00,STAGE28A,data/reports/stage28a_discovery_factory_batch_runner/stage28a_exact_trades.csv,session_compression_expansion_v1,sess_comp_exp_fade_london_h9_q0.3_tp06_sl065,0.7537000000001172,-0.2962999999998827,-0.9962999999998824,0,0,0,0,0.2962999999998827,12.179999999999836,8.960000000000036,0.49218750000003253,6.680000000000291,0.08532934131731798,2.3400000000001455,2.9059999999999944,0.004,-1.0,,,9,4,7.0,2024
2024-07-11 09:00:00+00:00|-1.0|sess_comp_exp_fade_london_h9_q0.3_tp06_sl065,2024-07-11 09:00:00+00:00,STAGE28A,data/reports/stage28a_discovery_factory_batch_runner/stage28a_exact_trades.csv,session_compression_expansion_v1,sess_comp_exp_fade_london_h9_q0.3_tp06_sl065,-1.3451500000001944,-2.395150000000194,-3.095150000000194,0,0,0,0,2.395150000000194,23.670000000000073,9.08999999999969,0.6567656765677071,6.099999999999909,0.8606557377049309,1.7900000000004184,4.209500000000025,0.232,-1.0,,,9,3,7.0,2024
2024-07-30 09:00:00+00:00|-1.0|sess_comp_exp_fade_london_h9_q0.3_tp06_sl065,2024-07-30 09:00:00+00:00,STAGE28A,data/reports/stage28a_discovery_factory_batch_runner/stage28a_exact_trades.csv,session_compression_expansion_v1,sess_comp_exp_fade_london_h9_q0.3_tp06_sl065,-1.907075000000168,-2.957075000000168,-3.657075000000168,0,0,0,0,2.957075000000168,33.460000000000036,9.460000000000036,0.18181818181820805,6.4099999999998545,0.5397815912636684,3.7899999999999636,5.608000000000038,0.264,-1.0,,,9,1,7.0,2024
2024-08-13 09:00:00+00:00|1.0|sess_comp_exp_fade_london_h9_q0.3_tp06_sl065,2024-08-13 09:00:00+00:00,STAGE28A,data/reports/stage28a_discovery_factory_batch_runner/stage28a_exact_trades.csv,session_compression_expansion_v1,sess_comp_exp_fade_london_h9_q0.3_tp06_sl065,1.3270000000001343,0.2770000000001347,-0.422999999999865,1,0,1,0,0.2770000000001347,50.149999999999636,16.190000000000055,0.6331068560840003,7.660000000000309,0.3694516971279129,5.8400000000001455,6.060000000000036,0.34,1.0,,,9,1,8.0,2024
2024-08-29 09:00:00+00:00|-1.0|sess_comp_exp_fade_london_h9_q0.3_tp06_sl065,2024-08-29 09:00:00+00:00,STAGE28A,data/reports/stage28a_discovery_factory_batch_runner/stage28a_exact_trades.csv,session_compression_expansion_v1,sess_comp_exp_fade_london_h9_q0.3_tp06_sl065,0.8755000000000109,-0.174499999999989,-0.8744999999999887,0,0,0,0,0.174499999999989,35.45000000000027,12.860000000000127,0.7449455676516199,10.539999999999964,0.5910815939278975,6.129999999999654,5.296499999999992,0.276,-1.0,,,9,3,8.0,2024
2024-09-06 09:00:00+00:00|1.0|sess_comp_exp_fade_london_h9_q0.3_tp06_sl065,2024-09-06 09:00:00+00:00,STAGE28A,data/reports/stage28a_discovery_factory_batch_runner/stage28a_exact_trades.csv,session_compression_expansion_v1,sess_comp_exp_fade_london_h9_q0.3_tp06_sl065,0.5595999999999549,-0.490400000000045,-1.1904000000000448,0,0,0,0,0.490400000000045,29.690000000000055,5.369999999999891,0.3873370577281135,6.360000000000127,0.14622641509431095,3.380000000000109,4.252999999999952,0.1,1.0,,,9,4,9.0,2024
2024-09-10 09:00:00+00:00|1.0|sess_comp_exp_fade_london_h9_q0.3_tp06_sl065,2024-09-10 09:00:00+00:00,STAGE28A,data/reports/stage28a_discovery_factory_batch_runner/stage28a_exact_trades.csv,session_compression_expansion_v1,sess_comp_exp_fade_london_h9_q0.3_tp06_sl065,-1.3636750000001483,-2.4136750000001483,-3.113675000000148,0,0,0,0,2.4136750000001483,21.75,6.220000000000255,0.7202572347266616,7.599999999999909,0.4552631578947471,4.1899999999996,4.343499999999972,0.104,1.0,,,9,1,9.0,2024
2024-09-12 09:00:00+00:00|-1.0|sess_comp_exp_fade_london_h9_q0.3_tp06_sl065,2024-09-12 09:00:00+00:00,STAGE28A,data/reports/stage28a_discovery_factory_batch_runner/stage28a_exact_trades.csv,session_compression_expansion_v1,sess_comp_exp_fade_london_h9_q0.3_tp06_sl065,0.5725000000001274,-0.4774999999998726,-1.1774999999998723,0,0,0,0,0.4774999999998726,28.09999999999991,5.139999999999873,0.5992217898832691,7.850000000000364,0.36687898089171667,2.7100000000000364,4.923499999999922,0.384,-1.0,,,9,3,9.0,2024
2024-09-13 09:00:00+00:00|-1.0|sess_comp_exp_fade_london_h9_q0.3_tp06_sl065,2024-09-13 09:00:00+00:00,STAGE28A,data/reports/stage28a_discovery_factory_batch_runner/stage28a_exact_trades.csv,session_compression_expansion_v1,sess_comp_exp_fade_london_h9_q0.3_tp06_sl065,-1.8050250000002053,-2.855025000000205,-3.555025000000205,0,0,0,0,2.855025000000205,49.059999999999945,13.38000000000011,0.7825112107623104,9.980000000000018,0.0621242484970285,4.350000000000364,7.297500000000059,0.92,-1.0,,,9,4,9.0,2024
2024-10-10 09:00:00+00:00|-1.0|sess_comp_exp_fade_london_h9_q0.3_tp06_sl065,2024-10-10 09:00:00+00:00,STAGE28A,data/reports/stage28a_discovery_factory_batch_runner/stage28a_exact_trades.csv,session_compression_expansion_v1,sess_comp_exp_fade_london_h9_q0.3_tp06_sl065,1.0446999999998297,-0.0053000000001701,-0.7053000000001699,0,0,0,0,0.0053000000001701,19.230000000000018,10.960000000000036,0.2636861313868903,8.2199999999998,0.6630170316301643,2.9700000000002547,5.227000000000021,0.108,-1.0,,,9,3,10.0,2024
2024-10-11 09:00:00+00:00|1.0|sess_comp_exp_fade_london_h9_q0.3_tp06_sl065,2024-10-11 09:00:00+00:00,STAGE28A,data/reports/stage28a_discovery_factory_batch_runner/stage28a_exact_trades.csv,session_compression_expansion_v1,sess_comp_exp_fade_london_h9_q0.3_tp06_sl065,1.0329999999998107,-0.017000000000189,-0.7170000000001888,0,0,0,0,0.017000000000189,25.800000000000182,17.980000000000018,0.9566184649610567,10.989999999999782,0.6960873521383296,2.8400000000001455,6.532500000000004,0.464,1.0,,,9,4,10.0,2024
2024-10-17 09:00:00+00:00|-1.0|sess_comp_exp_fade_london_h9_q0.3_tp06_sl065,2024-10-17 09:00:00+00:00,STAGE28A,data/reports/stage28a_discovery_factory_batch_runner/stage28a_exact_trades.csv,session_compression_expansion_v1,sess_comp_exp_fade_london_h9_q0.3_tp06_sl065,-2.207050000000072,-3.257050000000072,-3.957050000000072,0,0,0,1,3.257050000000072,26.559999999999945,11.63000000000011,0.2579535683576932,9.230000000000018,0.2979414951245931,6.2800000000002,5.429999999999995,0.188,-1.0,,,9,3,10.0,2024
2024-10-22 09:00:00+00:00|-1.0|sess_comp_exp_fade_london_h9_q0.3_tp06_sl065,2024-10-22 09:00:00+00:00,STAGE28A,data/reports/stage28a_discovery_factory_batch_runner/stage28a_exact_trades.csv,session_compression_expansion_v1,sess_comp_exp_fade_london_h9_q0.3_tp06_sl065,1.0860999999998966,0.0360999999998967,-0.663900000000103,1,0,0,0,0.0360999999998967,26.529999999999745,14.860000000000127,0.6917900403768581,9.539999999999964,0.06918238993709193,6.110000000000127,5.894500000000039,0.46,-1.0,,,9,1,10.0,2024
2024-12-10 09:00:00+00:00|1.0|sess_comp_exp_fade_london_h9_q0.3_tp06_sl065,2024-12-10 09:00:00+00:00,STAGE28A,data/reports/stage28a_discovery_factory_batch_runner/stage28a_exact_trades.csv,session_compression_expansion_v1,sess_comp_exp_fade_london_h9_q0.3_tp06_sl065,-2.195350000000053,-3.245350000000053,-3.9453500000000528,0,0,0,1,3.245350000000053,48.84999999999991,15.91000000000031,0.6140791954745598,15.539999999999964,0.3301158301158379,5.190000000000055,5.983500000000004,0.24,1.0,,,9,1,12.0,2024
2024-12-12 09:00:00+00:00|-1.0|sess_comp_exp_fade_london_h9_q0.3_tp06_sl065,2024-12-12 09:00:00+00:00,STAGE28A,data/reports/stage28a_discovery_factory_batch_runner/stage28a_exact_trades.csv,session_compression_expansion_v1,sess_comp_exp_fade_london_h9_q0.3_tp06_sl065,1.255000000000018,0.2050000000000182,-0.4949999999999814,1,0,1,0,0.2050000000000182,46.590000000000146,26.139999999999873,0.2895944912012319,10.640000000000327,0.09586466165413068,8.540000000000418,7.4284999999999854,0.676,-1.0,,,9,3,12.0,2024
2024-12-18 09:00:00+00:00|-1.0|sess_comp_exp_fade_london_h9_q0.3_tp06_sl065,2024-12-18 09:00:00+00:00,STAGE28A,data/reports/stage28a_discovery_factory_batch_runner/stage28a_exact_trades.csv,session_compression_expansion_v1,sess_comp_exp_fade_london_h9_q0.3_tp06_sl065,0.8767000000001645,-0.1732999999998354,-0.8732999999998352,0,0,0,0,0.1732999999998354,25.659999999999854,9.079999999999927,0.2444933920704645,7.559999999999945,0.42857142857146296,3.450000000000273,5.075999999999999,0.06,-1.0,,,9,2,12.0,2024
2024-12-23 09:00:00+00:00|-1.0|sess_comp_exp_fade_london_h9_q0.3_tp06_sl065,2024-12-23 09:00:00+00:00,STAGE28A,data/reports/stage28a_discovery_factory_batch_runner/stage28a_exact_trades.csv,session_compression_expansion_v1,sess_comp_exp_fade_london_h9_q0.3_tp06_sl065,1.083100000000195,0.033100000000195,-0.6668999999998046,1,0,0,0,0.033100000000195,3.1600000000003092,10.0,0.1069999999999709,14.389999999999873,0.44336344683809353,8.429999999999836,6.50750000000005,0.472,-1.0,,,9,0,12.0,2024
2024-12-24 09:00:00+00:00|1.0|sess_comp_exp_fade_london_h9_q0.3_tp06_sl065,2024-12-24 09:00:00+00:00,STAGE28A,data/reports/stage28a_discovery_factory_batch_runner/stage28a_exact_trades.csv,session_compression_expansion_v1,sess_comp_exp_fade_london_h9_q0.3_tp06_sl065,0.7548999999998159,-0.295100000000184,-0.9951000000001836,0,0,0,0,0.295100000000184,25.279999999999745,8.889999999999873,0.5129358830146243,8.309999999999945,0.5571600481347941,3.3899999999998727,4.464499999999975,0.032,1.0,,,9,1,12.0,2024
2024-12-26 09:00:00+00:00|-1.0|sess_comp_exp_fade_london_h9_q0.3_tp06_sl065,2024-12-26 09:00:00+00:00,STAGE28A,data/reports/stage28a_discovery_factory_batch_runner/stage28a_exact_trades.csv,session_compression_expansion_v1,sess_comp_exp_fade_london_h9_q0.3_tp06_sl065,0.7699000000001434,-0.2800999999998566,-0.9800999999998564,0,0,0,0,0.2800999999998566,7.519999999999982,16.299999999999727,0.5539877300613713,6.049999999999727,0.2264462809917277,2.849999999999909,4.491999999999985,0.096,-1.0,,,9,3,12.0,2024
2025-01-02 09:00:00+00:00|-1.0|sess_comp_exp_fade_london_h9_q0.3_tp06_sl065,2025-01-02 09:00:00+00:00,STAGE28A,data/reports/stage28a_discovery_factory_batch_runner/stage28a_exact_trades.csv,session_compression_expansion_v1,sess_comp_exp_fade_london_h9_q0.3_tp06_sl065,-1.626275000000169,-2.6762750000001687,-3.3762750000001684,0,0,0,0,2.6762750000001687,4.2800000000002,14.769999999999982,0.6899119837508508,15.090000000000146,0.5765407554671792,4.260000000000218,5.379500000000098,0.48,-1.0,,,9,3,1.0,2025
2025-01-07 09:00:00+00:00|-1.0|sess_comp_exp_fade_london_h9_q0.3_tp06_sl065,2025-01-07 09:00:00+00:00,STAGE28A,data/reports/stage28a_discovery_factory_batch_runner/stage28a_exact_trades.csv,session_compression_expansion_v1,sess_comp_exp_fade_london_h9_q0.3_tp06_sl065,-1.7507500000002438,-2.800750000000244,-3.5007500000002434,0,0,0,0,2.800750000000244,35.13000000000011,8.300000000000182,0.4325301204819358,9.7800000000002,0.575664621676891,6.920000000000073,7.3035000000000085,0.944,-1.0,,,9,1,1.0,2025
2025-01-08 09:00:00+00:00|-1.0|sess_comp_exp_fade_london_h9_q0.3_tp06_sl065,2025-01-08 09:00:00+00:00,STAGE28A,data/reports/stage28a_discovery_factory_batch_runner/stage28a_exact_trades.csv,session_compression_expansion_v1,sess_comp_exp_fade_london_h9_q0.3_tp06_sl065,0.7434999999999491,-0.3065000000000508,-1.0065000000000506,0,0,0,0,0.3065000000000508,31.429999999999836,6.260000000000218,0.4536741214056856,8.420000000000073,0.7304038004750639,4.079999999999927,5.576999999999998,0.6,-1.0,,,9,2,1.0,2025
2025-01-09 09:00:00+00:00|-1.0|sess_comp_exp_fade_london_h9_q0.3_tp06_sl065,2025-01-09 09:00:00+00:00,STAGE28A,data/reports/stage28a_discovery_factory_batch_runner/stage28a_exact_trades.csv,session_compression_expansion_v1,sess_comp_exp_fade_london_h9_q0.3_tp06_sl065,0.9223000000000866,-0.1276999999999133,-0.8276999999999131,0,0,0,0,0.1276999999999133,24.700000000000273,7.650000000000091,0.44836601307192814,10.929999999999836,0.7758462946020261,8.539999999999964,6.2830000000000155,0.844,-1.0,,,9,3,1.0,2025
2025-01-13 09:00:00+00:00|1.0|sess_comp_exp_fade_london_h9_q0.3_tp06_sl065,2025-01-13 09:00:00+00:00,STAGE28A,data/reports/stage28a_discovery_factory_batch_runner/stage28a_exact_trades.csv,session_compression_expansion_v1,sess_comp_exp_fade_london_h9_q0.3_tp06_sl065,-1.9116249999998216,-2.9616249999998217,-3.661624999999821,0,0,0,0,2.9616249999998217,5.670000000000073,13.900000000000091,0.39999999999999347,14.190000000000055,0.45031712473571867,4.650000000000091,7.6840000000000375,0.964,1.0,,,9,0,1.0,2025
2025-01-24 09:00:00+00:00|-1.0|sess_comp_exp_fade_london_h9_q0.3_tp06_sl065,2025-01-24 09:00:00+00:00,STAGE28A,data/reports/stage28a_discovery_factory_batch_runner/stage28a_exact_trades.csv,session_compression_expansion_v1,sess_comp_exp_fade_london_h9_q0.3_tp06_sl065,-2.23045000000011,-3.28045000000011,-3.9804500000001095,0,0,0,1,3.28045000000011,23.25,23.940000000000055,0.7263993316624826,8.300000000000182,0.44578313253014357,5.150000000000091,6.332500000000027,0.76,-1.0,,,9,4,1.0,2025
2025-01-29 09:00:00+00:00|-1.0|sess_comp_exp_fade_london_h9_q0.3_tp06_sl065,2025-01-29 09:00:00+00:00,STAGE28A,data/reports/stage28a_discovery_factory_batch_runner/stage28a_exact_trades.csv,session_compression_expansion_v1,sess_comp_exp_fade_london_h9_q0.3_tp06_sl065,0.5727999999998247,-0.4772000000001752,-1.177200000000175,0,0,0,0,0.4772000000001752,30.639999999999873,4.730000000000018,0.061310782241006875,8.909999999999854,0.48260381593717755,2.9400000000000546,3.4265000000000327,0.004,-1.0,,,9,2,1.0,2025
2025-01-31 09:00:00+00:00|1.0|sess_comp_exp_fade_london_h9_q0.3_tp06_sl065,2025-01-31 09:00:00+00:00,STAGE28A,data/reports/stage28a_discovery_factory_batch_runner/stage28a_exact_trades.csv,session_compression_expansion_v1,sess_comp_exp_fade_london_h9_q0.3_tp06_sl065,-1.5788250000001427,-2.6288250000001425,-3.3288250000001423,0,0,0,0,2.6288250000001425,40.40000000000009,7.369999999999891,0.03799185888734728,10.140000000000327,0.16074950690331377,4.050000000000182,5.248999999999978,0.324,1.0,,,9,4,1.0,2025
2025-02-18 09:00:00+00:00|-1.0|sess_comp_exp_fade_london_h9_q0.3_tp06_sl065,2025-02-18 09:00:00+00:00,STAGE28A,data/reports/stage28a_discovery_factory_batch_runner/stage28a_exact_trades.csv,session_compression_expansion_v1,sess_comp_exp_fade_london_h9_q0.3_tp06_sl065,1.5693999999997683,0.5193999999997687,-0.180600000000231,1,0,1,0,0.5193999999997687,28.340000000000146,19.059999999999945,0.600734522560328,8.389999999999873,0.07866507747322041,4.420000000000073,4.941000000000008,0.012,-1.0,,,9,1,2.0,2025
2025-06-25 09:00:00+00:00|1.0|sess_comp_exp_fade_london_h9_q0.3_tp06_sl065,2025-06-25 09:00:00+00:00,STAGE28A,data/reports/stage28a_discovery_factory_batch_runner/stage28a_exact_trades.csv,session_compression_expansion_v1,sess_comp_exp_fade_london_h9_q0.3_tp06_sl065,1.3627000000000409,0.3127000000000408,-0.3872999999999589,1,0,1,0,0.3127000000000408,74.55999999999995,14.210000000000036,0.4693877551020447,15.5,0.19935483870965748,6.949999999999818,8.185499999999957,0.02,1.0,,,9,2,6.0,2025
2025-07-04 09:00:00+00:00|-1.0|sess_comp_exp_fade_london_h9_q0.3_tp06_sl065,2025-07-04 09:00:00+00:00,STAGE28A,data/reports/stage28a_discovery_factory_batch_runner/stage28a_exact_trades.csv,session_compression_expansion_v1,sess_comp_exp_fade_london_h9_q0.3_tp06_sl065,1.4181999999999788,0.368199999999979,-0.3318000000000207,1,0,1,0,0.368199999999979,54.36999999999989,15.200000000000273,0.6059210526315705,12.009999999999764,0.32556203164029407,3.7599999999997635,8.636500000000023,0.436,-1.0,,,9,4,7.0,2025
2025-07-07 09:00:00+00:00|1.0|sess_comp_exp_fade_london_h9_q0.3_tp06_sl065,2025-07-07 09:00:00+00:00,STAGE28A,data/reports/stage28a_discovery_factory_batch_runner/stage28a_exact_trades.csv,session_compression_expansion_v1,sess_comp_exp_fade_london_h9_q0.3_tp06_sl065,-3.431000000000131,-4.481000000000131,-5.181000000000131,0,0,0,1,4.481000000000131,10.329999999999927,36.67000000000007,0.6152167984728634,14.470000000000255,0.13407049067032245,8.08999999999969,7.668999999999937,0.348,1.0,,,9,0,7.0,2025
2025-07-11 09:00:00+00:00|1.0|sess_comp_exp_fade_london_h9_q0.3_tp06_sl065,2025-07-11 09:00:00+00:00,STAGE28A,data/reports/stage28a_discovery_factory_batch_runner/stage28a_exact_trades.csv,session_compression_expansion_v1,sess_comp_exp_fade_london_h9_q0.3_tp06_sl065,-2.454049999999916,-3.5040499999999155,-4.204049999999915,0,0,0,1,3.5040499999999155,20.15000000000009,14.420000000000073,0.7302357836338521,14.16000000000031,0.4067796610169557,9.690000000000055,7.157499999999982,0.18,1.0,,,9,4,7.0,2025
2025-07-15 09:00:00+00:00|-1.0|sess_comp_exp_fade_london_h9_q0.3_tp06_sl065,2025-07-15 09:00:00+00:00,STAGE28A,data/reports/stage28a_discovery_factory_batch_runner/stage28a_exact_trades.csv,session_compression_expansion_v1,sess_comp_exp_fade_london_h9_q0.3_tp06_sl065,1.403200000000106,0.3532000000001063,-0.3467999999998934,1,0,1,0,0.3532000000001063,34.059999999999945,17.06999999999971,0.7158758055067641,9.0,0.6077777777777555,4.980000000000018,6.637500000000022,0.084,-1.0,,,9,1,7.0,2025
2025-07-16 09:00:00+00:00|-1.0|sess_comp_exp_fade_london_h9_q0.3_tp06_sl065,2025-07-16 09:00:00+00:00,STAGE28A,data/reports/stage28a_discovery_factory_batch_runner/stage28a_exact_trades.csv,session_compression_expansion_v1,sess_comp_exp_fade_london_h9_q0.3_tp06_sl065,1.3726000000000569,0.3226000000000568,-0.3773999999999429,1,0,1,0,0.3226000000000568,46.159999999999854,11.390000000000327,0.678665496049148,10.139999999999873,0.5601577909270574,4.1599999999998545,8.091499999999929,0.612,-1.0,,,9,2,7.0,2025
2025-07-22 09:00:00+00:00|1.0|sess_comp_exp_fade_london_h9_q0.3_tp06_sl065,2025-07-22 09:00:00+00:00,STAGE28A,data/reports/stage28a_discovery_factory_batch_runner/stage28a_exact_trades.csv,session_compression_expansion_v1,sess_comp_exp_fade_london_h9_q0.3_tp06_sl065,1.493199999999797,0.4431999999997971,-0.2568000000002026,1,0,1,0,0.4431999999997971,56.7199999999998,17.450000000000273,0.38739255014327295,9.409999999999854,0.6992561105207257,7.260000000000218,7.286999999999966,0.4,1.0,,,9,1,7.0,2025
2025-07-23 09:00:00+00:00|-1.0|sess_comp_exp_fade_london_h9_q0.3_tp06_sl065,2025-07-23 09:00:00+00:00,STAGE28A,data/reports/stage28a_discovery_factory_batch_runner/stage28a_exact_trades.csv,session_compression_expansion_v1,sess_comp_exp_fade_london_h9_q0.3_tp06_sl065,1.7350000000000363,0.6850000000000365,-0.0149999999999632,1,0,1,0,0.6850000000000365,50.26999999999998,19.579999999999927,0.24463738508682234,17.449999999999818,0.462464183381077,7.319999999999709,7.81149999999991,0.608,-1.0,,,9,2,7.0,2025
2025-07-28 09:00:00+00:00|1.0|sess_comp_exp_fade_london_h9_q0.3_tp06_sl065,2025-07-28 09:00:00+00:00,STAGE28A,data/reports/stage28a_discovery_factory_batch_runner/stage28a_exact_trades.csv,session_compression_expansion_v1,sess_comp_exp_fade_london_h9_q0.3_tp06_sl065,1.7317000000001823,0.6817000000001827,-0.018299999999817,1,0,1,0,0.6817000000001827,18.269999999999982,26.029999999999745,0.5220898962735412,12.829999999999927,0.4263445050662378,6.079999999999927,8.36999999999989,0.76,1.0,,,9,0,7.0,2025
2025-07-30 09:00:00+00:00|-1.0|sess_comp_exp_fade_london_h9_q0.3_tp06_sl065,2025-07-30 09:00:00+00:00,STAGE28A,data/reports/stage28a_discovery_factory_batch_runner/stage28a_exact_trades.csv,session_compression_expansion_v1,sess_comp_exp_fade_london_h9_q0.3_tp06_sl065,-2.628574999999819,-3.6785749999998183,-4.3785749999998185,0,0,0,1,3.6785749999998183,26.38000000000011,11.730000000000018,0.06308610400684019,10.860000000000127,0.2651933701657528,6.349999999999909,6.908500000000094,0.256,-1.0,,,9,2,7.0,2025
2025-08-04 09:00:00+00:00|1.0|sess_comp_exp_fade_london_h9_q0.3_tp06_sl065,2025-08-04 09:00:00+00:00,STAGE28A,data/reports/stage28a_discovery_factory_batch_runner/stage28a_exact_trades.csv,session_compression_expansion_v1,sess_comp_exp_fade_london_h9_q0.3_tp06_sl065,-2.319500000000153,-3.3695000000001527,-4.069500000000152,0,0,0,1,3.3695000000001527,11.5300000000002,24.079999999999927,0.04734219269104364,10.960000000000036,0.21350364963504906,5.480000000000018,10.408500000000027,0.968,1.0,,,9,0,8.0,2025
2025-08-05 09:00:00+00:00|1.0|sess_comp_exp_fade_london_h9_q0.3_tp06_sl065,2025-08-05 09:00:00+00:00,STAGE28A,data/reports/stage28a_discovery_factory_batch_runner/stage28a_exact_trades.csv,session_compression_expansion_v1,sess_comp_exp_fade_london_h9_q0.3_tp06_sl065,1.2496000000000094,0.1996000000000095,-0.5003999999999902,1,0,1,0,0.1996000000000095,40.25999999999976,10.429999999999836,0.2550335570470135,16.519999999999982,0.7481840193704686,6.350000000000364,6.431999999999971,0.068,1.0,,,9,1,8.0,2025
2025-08-06 09:00:00+00:00|1.0|sess_comp_exp_fade_london_h9_q0.3_tp06_sl065,2025-08-06 09:00:00+00:00,STAGE28A,data/reports/stage28a_discovery_factory_batch_runner/stage28a_exact_trades.csv,session_compression_expansion_v1,sess_comp_exp_fade_london_h9_q0.3_tp06_sl065,-2.24994999999999,-3.2999499999999897,-3.9999499999999895,0,0,0,1,3.2999499999999897,40.220000000000255,12.699999999999818,0.4,20.40000000000009,0.7725490196078504,4.3400000000001455,6.965499999999997,0.176,1.0,,,9,2,8.0,2025
2025-08-15 09:00:00+00:00|1.0|sess_comp_exp_fade_london_h9_q0.3_tp06_sl065,2025-08-15 09:00:00+00:00,STAGE28A,data/reports/stage28a_discovery_factory_batch_runner/stage28a_exact_trades.csv,session_compression_expansion_v1,sess_comp_exp_fade_london_h9_q0.3_tp06_sl065,1.236999999999989,0.1869999999999891,-0.5130000000000106,1,0,1,0,0.1869999999999891,45.40000000000009,12.629999999999654,0.795724465558231,10.309999999999945,0.07468477206595402,6.679999999999836,6.755499999999915,0.132,1.0,,,9,4,8.0,2025
2025-08-18 09:00:00+00:00|-1.0|sess_comp_exp_fade_london_h9_q0.3_tp06_sl065,2025-08-18 09:00:00+00:00,STAGE28A,data/reports/stage28a_discovery_factory_batch_runner/stage28a_exact_trades.csv,session_compression_expansion_v1,sess_comp_exp_fade_london_h9_q0.3_tp06_sl065,1.673200000000088,0.6232000000000881,-0.0767999999999116,1,0,1,0,0.6232000000000881,6.019999999999982,28.190000000000055,0.4522880454061715,13.799999999999727,0.07608695652172086,11.739999999999782,7.9680000000000515,0.484,-1.0,,,9,0,8.0,2025
2025-08-19 09:00:00+00:00|-1.0|sess_comp_exp_fade_london_h9_q0.3_tp06_sl065,2025-08-19 09:00:00+00:00,STAGE28A,data/reports/stage28a_discovery_factory_batch_runner/stage28a_exact_trades.csv,session_compression_expansion_v1,sess_comp_exp_fade_london_h9_q0.3_tp06_sl065,1.4302000000001498,0.38020000000015,-0.3197999999998497,1,0,1,0,0.38020000000015,34.79999999999973,15.579999999999927,0.21694480102696564,7.289999999999964,0.20301783264746578,4.809999999999945,5.101499999999987,0.008,-1.0,,,9,1,8.0,2025
2025-08-20 09:00:00+00:00|-1.0|sess_comp_exp_fade_london_h9_q0.3_tp06_sl065,2025-08-20 09:00:00+00:00,STAGE28A,data/reports/stage28a_discovery_factory_batch_runner/stage28a_exact_trades.csv,session_compression_expansion_v1,sess_comp_exp_fade_london_h9_q0.3_tp06_sl065,1.296099999999933,0.2460999999999331,-0.4539000000000666,1,0,1,0,0.2460999999999331,30.36999999999989,7.0300000000002,0.09246088193457645,10.38000000000011,0.8333333333333334,6.040000000000418,5.717500000000018,0.108,-1.0,,,9,2,8.0,2025
2025-08-21 09:00:00+00:00|1.0|sess_comp_exp_fade_london_h9_q0.3_tp06_sl065,2025-08-21 09:00:00+00:00,STAGE28A,data/reports/stage28a_discovery_factory_batch_runner/stage28a_exact_trades.csv,session_compression_expansion_v1,sess_comp_exp_fade_london_h9_q0.3_tp06_sl065,0.9579999999999927,-0.0920000000000071,-0.7920000000000069,0,0,0,0,0.0920000000000071,38.88999999999987,12.33999999999969,0.793354943273923,7.849999999999909,0.09044585987261715,3.630000000000109,5.371000000000026,0.072,1.0,,,9,3,8.0,2025
2025-08-22 09:00:00+00:00|1.0|sess_comp_exp_fade_london_h9_q0.3_tp06_sl065,2025-08-22 09:00:00+00:00,STAGE28A,data/reports/stage28a_discovery_factory_batch_runner/stage28a_exact_trades.csv,session_compression_expansion_v1,sess_comp_exp_fade_london_h9_q0.3_tp06_sl065,-1.764075000000139,-2.814075000000139,-3.5140750000001386,0,0,0,0,2.814075000000139,26.9699999999998,9.139999999999873,0.7647702407002553,9.659999999999854,0.1946169772256871,4.050000000000182,5.872000000000048,0.252,1.0,,,9,4,8.0,2025
2025-08-25 09:00:00+00:00|1.0|sess_comp_exp_fade_london_h9_q0.3_tp06_sl065,2025-08-25 09:00:00+00:00,STAGE28A,data/reports/stage28a_discovery_factory_batch_runner/stage28a_exact_trades.csv,session_compression_expansion_v1,sess_comp_exp_fade_london_h9_q0.3_tp06_sl065,-1.7592000000000554,-2.809200000000055,-3.509200000000055,0,0,0,0,2.809200000000055,6.210000000000036,12.260000000000218,0.0016313213703084382,8.019999999999982,0.02369077306733853,3.0,7.627000000000043,0.68,1.0,,,9,0,8.0,2025
2025-08-26 09:00:00+00:00|-1.0|sess_comp_exp_fade_london_h9_q0.3_tp06_sl065,2025-08-26 09:00:00+00:00,STAGE28A,data/reports/stage28a_discovery_factory_batch_runner/stage28a_exact_trades.csv,session_compression_expansion_v1,sess_comp_exp_fade_london_h9_q0.3_tp06_sl065,1.5046000000001185,0.4546000000001187,-0.245399999999881,1,0,1,0,0.4546000000001187,16.389999999999873,35.129999999999654,0.22687161969826014,12.58999999999969,0.030182684670346602,6.5300000000002,7.733000000000016,0.788,-1.0,,,9,1,8.0,2025
2025-08-27 09:00:00+00:00|-1.0|sess_comp_exp_fade_london_h9_q0.3_tp06_sl065,2025-08-27 09:00:00+00:00,STAGE28A,data/reports/stage28a_discovery_factory_batch_runner/stage28a_exact_trades.csv,session_compression_expansion_v1,sess_comp_exp_fade_london_h9_q0.3_tp06_sl065,1.1509000000000014,0.1009000000000015,-0.5990999999999982,1,0,0,0,0.1009000000000015,42.19999999999982,13.800000000000182,0.7543478260869689,11.629999999999654,0.21066208082548113,4.789999999999964,6.10450000000003,0.4,-1.0,,,9,2,8.0,2025
2025-08-28 09:00:00+00:00|-1.0|sess_comp_exp_fade_london_h9_q0.3_tp06_sl065,2025-08-28 09:00:00+00:00,STAGE28A,data/reports/stage28a_discovery_factory_batch_runner/stage28a_exact_trades.csv,session_compression_expansion_v1,sess_comp_exp_fade_london_h9_q0.3_tp06_sl065,-1.866125000000102,-2.9161250000001018,-3.6161250000001015,0,0,0,0,2.9161250000001018,25.049999999999727,15.08999999999969,0.3770709078860286,13.86999999999989,0.6560922855083227,3.0799999999999272,5.5294999999999845,0.256,-1.0,,,9,3,8.0,2025
2025-08-29 09:00:00+00:00|1.0|sess_comp_exp_fade_london_h9_q0.3_tp06_sl065,2025-08-29 09:00:00+00:00,STAGE28A,data/reports/stage28a_discovery_factory_batch_runner/stage28a_exact_trades.csv,session_compression_expansion_v1,sess_comp_exp_fade_london_h9_q0.3_tp06_sl065,-1.771875,-2.821875,-3.521875,0,0,0,0,2.821875,38.56999999999971,10.489999999999782,0.5633937082936108,8.269999999999982,0.44740024183800253,3.8600000000001273,5.973499999999921,0.484,1.0,,,9,4,8.0,2025
2025-09-03 09:00:00+00:00|-1.0|sess_comp_exp_fade_london_h9_q0.3_tp06_sl065,2025-09-03 09:00:00+00:00,STAGE28A,data/reports/stage28a_discovery_factory_batch_runner/stage28a_exact_trades.csv,session_compression_expansion_v1,sess_comp_exp_fade_london_h9_q0.3_tp06_sl065,2.2755999999998493,1.2255999999998497,0.5255999999998497,1,1,1,0,1.2255999999998497,70.11000000000013,20.48999999999978,0.07369448511467934,14.86999999999989,0.24277067921991619,11.039999999999964,11.042000000000007,0.96,-1.0,,,9,2,9.0,2025
2025-09-10 09:00:00+00:00|-1.0|sess_comp_exp_fade_london_h9_q0.3_tp06_sl065,2025-09-10 09:00:00+00:00,STAGE28A,data/reports/stage28a_discovery_factory_batch_runner/stage28a_exact_trades.csv,session_compression_expansion_v1,sess_comp_exp_fade_london_h9_q0.3_tp06_sl065,2.069800000000123,1.019800000000123,0.3198000000001233,1,1,1,0,1.019800000000123,48.75999999999976,21.710000000000036,0.044679871027167126,19.68000000000029,0.9563008130081243,5.429999999999836,11.112000000000013,0.82,-1.0,,,9,2,9.0,2025
2025-09-15 09:00:00+00:00|1.0|sess_comp_exp_fade_london_h9_q0.3_tp06_sl065,2025-09-15 09:00:00+00:00,STAGE28A,data/reports/stage28a_discovery_factory_batch_runner/stage28a_exact_trades.csv,session_compression_expansion_v1,sess_comp_exp_fade_london_h9_q0.3_tp06_sl065,-2.460874999999851,-3.5108749999998508,-4.2108749999998505,0,0,0,1,3.5108749999998508,6.779999999999745,19.769999999999982,0.2063732928679783,13.239999999999782,0.3904833836857782,3.9299999999998363,6.329499999999962,0.012,1.0,,,9,0,9.0,2025
2025-12-05 09:00:00+00:00|-1.0|sess_comp_exp_fade_london_h9_q0.3_tp06_sl065,2025-12-05 09:00:00+00:00,STAGE28A,data/reports/stage28a_discovery_factory_batch_runner/stage28a_exact_trades.csv,session_compression_expansion_v1,sess_comp_exp_fade_london_h9_q0.3_tp06_sl065,-3.4670750000001136,-4.517075000000114,-5.217075000000113,0,0,0,1,4.517075000000114,44.17000000000007,22.579999999999927,0.47387068201952004,16.470000000000255,0.37279902853674757,10.760000000000218,10.202999999999975,0.096,-1.0,,,9,4,12.0,2025
2025-12-08 09:00:00+00:00|1.0|sess_comp_exp_fade_london_h9_q0.3_tp06_sl065,2025-12-08 09:00:00+00:00,STAGE28A,data/reports/stage28a_discovery_factory_batch_runner/stage28a_exact_trades.csv,session_compression_expansion_v1,sess_comp_exp_fade_london_h9_q0.3_tp06_sl065,-3.302299999999923,-4.352299999999923,-5.0522999999999225,0,0,0,1,4.352299999999923,15.210000000000036,19.06999999999971,0.39066596748819776,17.710000000000036,0.29587803500850823,6.8100000000004,13.956500000000187,0.472,1.0,,,9,0,12.0,2025
2025-12-11 09:00:00+00:00|-1.0|sess_comp_exp_fade_london_h9_q0.3_tp06_sl065,2025-12-11 09:00:00+00:00,STAGE28A,data/reports/stage28a_discovery_factory_batch_runner/stage28a_exact_trades.csv,session_compression_expansion_v1,sess_comp_exp_fade_london_h9_q0.3_tp06_sl065,-4.142749999999614,-5.192749999999615,-5.892749999999614,0,0,0,1,5.192749999999615,56.650000000000546,39.13999999999942,0.4757281553398101,21.590000000000146,0.1491431218156662,11.170000000000073,13.791500000000042,0.68,-1.0,,,9,3,12.0,2025
2025-12-18 09:00:00+00:00|1.0|sess_comp_exp_fade_london_h9_q0.3_tp06_sl065,2025-12-18 09:00:00+00:00,STAGE28A,data/reports/stage28a_discovery_factory_batch_runner/stage28a_exact_trades.csv,session_compression_expansion_v1,sess_comp_exp_fade_london_h9_q0.3_tp06_sl065,1.9938999999998488,0.9438999999998487,0.243899999999849,1,1,1,0,0.9438999999998487,47.26000000000022,18.51000000000022,0.390059427336584,16.73999999999978,0.3912783751493045,5.380000000000109,11.88150000000005,0.344,1.0,,,9,3,12.0,2025
2025-12-19 09:00:00+00:00|-1.0|sess_comp_exp_fade_london_h9_q0.3_tp06_sl065,2025-12-19 09:00:00+00:00,STAGE28A,data/reports/stage28a_discovery_factory_batch_runner/stage28a_exact_trades.csv,session_compression_expansion_v1,sess_comp_exp_fade_london_h9_q0.3_tp06_sl065,2.484399999999732,1.4343999999997323,0.7343999999997326,1,1,1,0,1.4343999999997323,65.72000000000025,27.599999999999454,0.44818840579710634,15.989999999999782,0.3089430894308735,7.720000000000255,15.361499999999888,0.912,-1.0,,,9,4,12.0,2025
2025-12-26 09:00:00+00:00|-1.0|sess_comp_exp_fade_london_h9_q0.3_tp06_sl065,2025-12-26 09:00:00+00:00,STAGE28A,data/reports/stage28a_discovery_factory_batch_runner/stage28a_exact_trades.csv,session_compression_expansion_v1,sess_comp_exp_fade_london_h9_q0.3_tp06_sl065,3.702400000000489,2.652400000000489,1.9524000000004893,1,1,1,0,2.652400000000489,30.289999999999964,61.48999999999978,0.22767929744674012,17.50999999999931,0.311250713877786,11.340000000000146,19.028999999999904,0.952,-1.0,,,9,4,12.0,2025
2026-01-19 09:00:00+00:00|-1.0|sess_comp_exp_fade_london_h9_q0.3_tp06_sl065,2026-01-19 09:00:00+00:00,STAGE28A,data/reports/stage28a_discovery_factory_batch_runner/stage28a_exact_trades.csv,session_compression_expansion_v1,sess_comp_exp_fade_london_h9_q0.3_tp06_sl065,-4.336125000000356,-5.386125000000357,-6.086125000000356,0,0,0,1,5.386125000000357,70.75,70.75,0.13371024734982384,17.730000000000473,0.0383530738860842,12.3100000000004,25.277000000000044,0.972,-1.0,,,9,0,1.0,2026
2026-04-20 09:00:00+00:00|-1.0|sess_comp_exp_fade_london_h9_q0.3_tp06_sl065,2026-04-20 09:00:00+00:00,STAGE28A,data/reports/stage28a_discovery_factory_batch_runner/stage28a_exact_trades.csv,session_compression_expansion_v1,sess_comp_exp_fade_london_h9_q0.3_tp06_sl065,4.386399999999776,3.336399999999776,2.6363999999997763,1,1,1,0,3.336399999999776,36.82000000000062,77.25,0.15093851132685895,26.13000000000011,0.027171833141983674,16.350000000000364,26.591000000000076,0.764,-1.0,,,9,0,4.0,2026
2026-04-21 09:00:00+00:00|1.0|sess_comp_exp_fade_london_h9_q0.3_tp06_sl065,2026-04-21 09:00:00+00:00,STAGE28A,data/reports/stage28a_discovery_factory_batch_runner/stage28a_exact_trades.csv,session_compression_expansion_v1,sess_comp_exp_fade_london_h9_q0.3_tp06_sl065,-4.840850000000136,-5.890850000000137,-6.590850000000136,0,0,0,1,5.890850000000137,90.67000000000007,40.399999999999636,0.7566831683168312,25.050000000000182,0.5417165668662519,13.679999999999382,15.084999999999946,0.064,1.0,,,9,1,4.0,2026
2026-04-22 09:00:00+00:00|1.0|sess_comp_exp_fade_london_h9_q0.3_tp06_sl065,2026-04-22 09:00:00+00:00,STAGE28A,data/reports/stage28a_discovery_factory_batch_runner/stage28a_exact_trades.csv,session_compression_expansion_v1,sess_comp_exp_fade_london_h9_q0.3_tp06_sl065,3.689799999999559,2.639799999999559,1.9397999999995597,1,1,1,0,2.639799999999559,164.42000000000007,49.36000000000058,0.7803889789302891,19.909999999999854,0.14364640883980928,19.67999999999938,24.95149999999999,0.816,1.0,,,9,2,4.0,2026
2026-04-27 09:00:00+00:00|1.0|sess_comp_exp_fade_london_h9_q0.3_tp06_sl065,2026-04-27 09:00:00+00:00,STAGE28A,data/reports/stage28a_discovery_factory_batch_runner/stage28a_exact_trades.csv,session_compression_expansion_v1,sess_comp_exp_fade_london_h9_q0.3_tp06_sl065,-4.863600000000224,-5.9136000000002245,-6.613600000000224,0,0,0,1,5.9136000000002245,19.25,57.220000000000255,0.6957357567284206,30.449999999999818,0.671592775041049,16.75,18.116500000000087,0.444,1.0,,,9,0,4.0,2026
2026-05-13 09:00:00+00:00|-1.0|sess_comp_exp_fade_london_h9_q0.3_tp06_sl065,2026-05-13 09:00:00+00:00,STAGE28A,data/reports/stage28a_discovery_factory_batch_runner/stage28a_exact_trades.csv,session_compression_expansion_v1,sess_comp_exp_fade_london_h9_q0.3_tp06_sl065,4.089100000000508,3.039100000000508,2.339100000000508,1,1,1,0,3.039100000000508,134.8199999999997,38.69000000000051,0.5420005169294386,29.390000000000327,0.16570261993874913,13.460000000000036,17.222000000000026,0.22,-1.0,,,9,2,5.0,2026
2026-05-19 09:00:00+00:00|1.0|sess_comp_exp_fade_london_h9_q0.3_tp06_sl065,2026-05-19 09:00:00+00:00,STAGE28A,data/reports/stage28a_discovery_factory_batch_runner/stage28a_exact_trades.csv,session_compression_expansion_v1,sess_comp_exp_fade_london_h9_q0.3_tp06_sl065,-6.33909999999978,-7.389099999999781,-8.08909999999978,0,0,0,1,7.389099999999781,103.57999999999993,45.600000000000364,0.634210526315786,28.25999999999931,0.11075725406936256,15.489999999999782,19.042999999999893,0.488,1.0,,,9,1,5.0,2026
2026-05-21 09:00:00+00:00|-1.0|sess_comp_exp_fade_london_h9_q0.3_tp06_sl065,2026-05-21 09:00:00+00:00,STAGE28A,data/reports/stage28a_discovery_factory_batch_runner/stage28a_exact_trades.csv,session_compression_expansion_v1,sess_comp_exp_fade_london_h9_q0.3_tp06_sl065,-5.87337499999976,-6.92337499999976,-7.623374999999759,0,0,0,1,6.92337499999976,98.85000000000036,43.460000000000036,0.26346065347445485,31.13000000000011,0.08833922261484067,21.610000000000582,18.68649999999993,0.392,-1.0,,,9,3,5.0,2026
2026-05-22 09:00:00+00:00|1.0|sess_comp_exp_fade_london_h9_q0.3_tp06_sl065,2026-05-22 09:00:00+00:00,STAGE28A,data/reports/stage28a_discovery_factory_batch_runner/stage28a_exact_trades.csv,session_compression_expansion_v1,sess_comp_exp_fade_london_h9_q0.3_tp06_sl065,-5.105724999999984,-6.155724999999984,-6.855724999999984,0,0,0,1,6.155724999999984,81.88999999999942,27.229999999999563,0.5233198677928839,28.420000000000073,0.09570724841661674,26.829999999999927,17.29299999999994,0.204,1.0,,,9,4,5.0,2026
2026-05-25 09:00:00+00:00|1.0|sess_comp_exp_fade_london_h9_q0.3_tp06_sl065,2026-05-25 09:00:00+00:00,STAGE28A,data/reports/stage28a_discovery_factory_batch_runner/stage28a_exact_trades.csv,session_compression_expansion_v1,sess_comp_exp_fade_london_h9_q0.3_tp06_sl065,3.5575000000002546,2.5075000000002547,1.807500000000255,1,1,1,0,2.5075000000002547,23.219999999999345,37.50999999999931,0.1343641695547869,18.550000000000182,0.42318059299188016,13.829999999999927,15.089999999999918,0.044,1.0,,,9,0,5.0,2026
2026-05-26 09:00:00+00:00|1.0|sess_comp_exp_fade_london_h9_q0.3_tp06_sl065,2026-05-26 09:00:00+00:00,STAGE28A,data/reports/stage28a_discovery_factory_batch_runner/stage28a_exact_trades.csv,session_compression_expansion_v1,sess_comp_exp_fade_london_h9_q0.3_tp06_sl065,3.3229000000004816,2.2729000000004818,1.572900000000482,1,1,1,0,2.2729000000004818,37.50999999999931,52.36999999999989,0.6265037235058329,30.970000000000255,0.6293186955117733,11.94000000000051,13.159499999999934,0.076,1.0,,,9,1,5.0,2026
2026-05-28 09:00:00+00:00|-1.0|sess_comp_exp_fade_london_h9_q0.3_tp06_sl065,2026-05-28 09:00:00+00:00,STAGE28A,data/reports/stage28a_discovery_factory_batch_runner/stage28a_exact_trades.csv,session_compression_expansion_v1,sess_comp_exp_fade_london_h9_q0.3_tp06_sl065,-7.933875000000262,-8.983875000000262,-9.683875000000262,0,0,0,1,8.983875000000262,126.31999999999971,97.43000000000029,0.8483013445550589,32.26000000000022,0.5855548667079755,28.549999999999272,22.367999999999803,0.876,-1.0,,,9,3,5.0,2026
2026-05-29 09:00:00+00:00|-1.0|sess_comp_exp_fade_london_h9_q0.3_tp06_sl065,2026-05-29 09:00:00+00:00,STAGE28A,data/reports/stage28a_discovery_factory_batch_runner/stage28a_exact_trades.csv,session_compression_expansion_v1,sess_comp_exp_fade_london_h9_q0.3_tp06_sl065,-4.994250000000283,-6.044250000000284,-6.744250000000283,0,0,0,1,6.044250000000284,149.91000000000076,31.609999999999673,0.3144574501739862,38.23000000000047,0.7737379021710583,12.970000000000255,18.526000000000067,0.472,-1.0,,,9,4,5.0,2026
2026-06-04 09:00:00+00:00|1.0|sess_comp_exp_fade_london_h9_q0.3_tp06_sl065,2026-06-04 09:00:00+00:00,STAGE28A,data/reports/stage28a_discovery_factory_batch_runner/stage28a_exact_trades.csv,session_compression_expansion_v1,sess_comp_exp_fade_london_h9_q0.3_tp06_sl065,-5.889950000000317,-6.939950000000318,-7.639950000000317,0,0,0,1,6.939950000000318,70.15000000000055,52.960000000000036,0.2736027190332283,25.360000000000582,0.2602523659305719,15.300000000000182,19.105499999999893,0.828,1.0,,,9,3,6.0,2026
2026-06-09 09:00:00+00:00|1.0|sess_comp_exp_fade_london_h9_q0.3_tp06_sl065,2026-06-09 09:00:00+00:00,STAGE28A,data/reports/stage28a_discovery_factory_batch_runner/stage28a_exact_trades.csv,session_compression_expansion_v1,sess_comp_exp_fade_london_h9_q0.3_tp06_sl065,4.332099999999992,3.282099999999992,2.582099999999992,1,1,1,0,3.282099999999992,84.51999999999953,29.149999999999636,0.2957118353344768,30.11999999999989,0.13313413014609007,20.789999999999964,15.9074999999998,0.232,1.0,,,9,1,6.0,2026
2022-07-22 12:00:00+00:00|1.0|vol_trans_follow_h1_high_cooling_h12_tp06_sl065,2022-07-22 12:00:00+00:00,STAGE28A,data/reports/stage28a_discovery_factory_batch_runner/stage28a_exact_trades.csv,volatility_transition_v1,vol_trans_follow_h1_high_cooling_h12_tp06_sl065,0.8655999999999949,-0.184400000000005,-0.8844000000000047,0,0,0,0,0.184400000000005,39.34999999999991,6.4500000000000455,0.5581395348837029,12.649999999999864,0.8426877470355887,3.75,4.2940000000000165,0.46,1.0,,,12,4,7.0,2022
2022-07-25 12:00:00+00:00|1.0|vol_trans_follow_h1_high_cooling_h12_tp06_sl065,2022-07-25 12:00:00+00:00,STAGE28A,data/reports/stage28a_discovery_factory_batch_runner/stage28a_exact_trades.csv,volatility_transition_v1,vol_trans_follow_h1_high_cooling_h12_tp06_sl065,-1.4735249999999724,-2.5235249999999723,-3.223524999999972,0,0,0,0,2.5235249999999723,1.5700000000001637,8.950000000000045,0.13854748603351988,12.480000000000018,0.5993589743589749,4.970000000000027,4.344500000000005,0.436,1.0,,,12,0,7.0,2022
2022-07-26 12:00:00+00:00|-1.0|vol_trans_follow_h1_high_cooling_h12_tp06_sl065,2022-07-26 12:00:00+00:00,STAGE28A,data/reports/stage28a_discovery_factory_batch_runner/stage28a_exact_trades.csv,volatility_transition_v1,vol_trans_follow_h1_high_cooling_h12_tp06_sl065,-1.455974999999944,-2.505974999999944,-3.205974999999944,0,0,0,0,2.505974999999944,21.460000000000036,10.149999999999864,0.5320197044335137,8.980000000000018,0.4432071269487762,4.339999999999918,3.4120000000000004,0.148,-1.0,,,12,1,7.0,2022
2022-07-27 12:00:00+00:00|1.0|vol_trans_follow_h1_high_cooling_h12_tp06_sl065,2022-07-27 12:00:00+00:00,STAGE28A,data/reports/stage28a_discovery_factory_batch_runner/stage28a_exact_trades.csv,volatility_transition_v1,vol_trans_follow_h1_high_cooling_h12_tp06_sl065,-1.543725000000086,-2.5937250000000858,-3.293725000000085,0,0,0,0,2.5937250000000858,14.579999999999927,4.2999999999999545,0.34883720930232925,11.460000000000036,0.47382198952878,5.490000000000009,3.137999999999977,0.06,1.0,,,12,2,7.0,2022
2022-07-29 12:00:00+00:00|-1.0|vol_trans_follow_h1_high_cooling_h12_tp06_sl065,2022-07-29 12:00:00+00:00,STAGE28A,data/reports/stage28a_discovery_factory_batch_runner/stage28a_exact_trades.csv,volatility_transition_v1,vol_trans_follow_h1_high_cooling_h12_tp06_sl065,-1.7410000000000765,-2.7910000000000763,-3.491000000000076,0,0,0,0,2.7910000000000763,23.1400000000001,11.269999999999982,0.6752440106477295,11.579999999999927,0.22625215889465758,4.569999999999936,4.194999999999982,0.512,-1.0,,,12,4,7.0,2022
2022-08-01 12:00:00+00:00|1.0|vol_trans_follow_h1_high_cooling_h12_tp06_sl065,2022-08-01 12:00:00+00:00,STAGE28A,data/reports/stage28a_discovery_factory_batch_runner/stage28a_exact_trades.csv,volatility_transition_v1,vol_trans_follow_h1_high_cooling_h12_tp06_sl065,0.7984000000000379,-0.2515999999999621,-0.9515999999999618,0,0,0,0,0.2515999999999621,2.3300000000001546,5.310000000000173,0.20527306967982725,15.36999999999989,0.7391021470396865,4.8900000000001,4.195000000000027,0.532,1.0,,,12,0,8.0,2022
2022-08-02 12:00:00+00:00|1.0|vol_trans_follow_h1_high_cooling_h12_tp06_sl065,2022-08-02 12:00:00+00:00,STAGE28A,data/reports/stage28a_discovery_factory_batch_runner/stage28a_exact_trades.csv,volatility_transition_v1,vol_trans_follow_h1_high_cooling_h12_tp06_sl065,0.8245000000000801,-0.2254999999999198,-0.9254999999999196,0,0,0,0,0.2254999999999198,16.699999999999818,9.649999999999864,0.30880829015544664,7.150000000000091,0.008391608391600653,3.8199999999999363,4.048500000000024,0.48,1.0,,,12,1,8.0,2022
2022-08-04 12:00:00+00:00|1.0|vol_trans_follow_h1_high_cooling_h12_tp06_sl065,2022-08-04 12:00:00+00:00,STAGE28A,data/reports/stage28a_discovery_factory_batch_runner/stage28a_exact_trades.csv,volatility_transition_v1,vol_trans_follow_h1_high_cooling_h12_tp06_sl065,-1.5297500000000128,-2.5797500000000126,-3.2797500000000124,0,0,0,0,2.5797500000000126,18.460000000000036,8.320000000000164,0.889423076923043,11.079999999999927,0.8086642599278064,4.1400000000001,3.7015000000000327,0.156,1.0,,,12,3,8.0,2022
2022-08-05 12:00:00+00:00|-1.0|vol_trans_follow_h1_high_cooling_h12_tp06_sl065,2022-08-05 12:00:00+00:00,STAGE28A,data/reports/stage28a_discovery_factory_batch_runner/stage28a_exact_trades.csv,volatility_transition_v1,vol_trans_follow_h1_high_cooling_h12_tp06_sl065,0.8013999999999669,-0.248600000000033,-0.9486000000000328,0,0,0,0,0.248600000000033,31.680000000000064,6.100000000000136,0.19180327868853222,7.569999999999936,0.7384412153236414,5.240000000000009,3.774500000000046,0.192,-1.0,,,12,4,8.0,2022
2022-08-08 12:00:00+00:00|-1.0|vol_trans_follow_h1_high_cooling_h12_tp06_sl065,2022-08-08 12:00:00+00:00,STAGE28A,data/reports/stage28a_discovery_factory_batch_runner/stage28a_exact_trades.csv,volatility_transition_v1,vol_trans_follow_h1_high_cooling_h12_tp06_sl065,0.609100000000035,-0.440899999999965,-1.1408999999999647,0,0,0,0,0.440899999999965,4.460000000000036,4.879999999999882,0.0860655737705088,7.879999999999882,0.5418781725888383,5.189999999999827,3.6979999999999906,0.164,-1.0,,,12,0,8.0,2022
2022-08-09 12:00:00+00:00|1.0|vol_trans_follow_h1_high_cooling_h12_tp06_sl065,2022-08-09 12:00:00+00:00,STAGE28A,data/reports/stage28a_discovery_factory_batch_runner/stage28a_exact_trades.csv,volatility_transition_v1,vol_trans_follow_h1_high_cooling_h12_tp06_sl065,-1.6067750000000616,-2.6567750000000614,-3.356775000000061,0,0,0,0,2.6567750000000614,19.449999999999818,7.440000000000055,0.3360215053763416,9.8599999999999,0.5324543610547722,6.940000000000055,3.2850000000000024,0.068,1.0,,,12,1,8.0,2022
2022-08-10 12:00:00+00:00|1.0|vol_trans_follow_h1_high_cooling_h12_tp06_sl065,2022-08-10 12:00:00+00:00,STAGE28A,data/reports/stage28a_discovery_factory_batch_runner/stage28a_exact_trades.csv,volatility_transition_v1,vol_trans_follow_h1_high_cooling_h12_tp06_sl065,-1.3490499999998975,-2.3990499999998973,-3.099049999999897,0,0,0,0,2.3990499999998973,17.15000000000009,4.0,0.5999999999999659,7.539999999999964,0.3859416445623168,4.460000000000036,3.00799999999997,0.016,1.0,,,12,2,8.0,2022
2022-08-11 12:00:00+00:00|1.0|vol_trans_follow_h1_high_cooling_h12_tp06_sl065,2022-08-11 12:00:00+00:00,STAGE28A,data/reports/stage28a_discovery_factory_batch_runner/stage28a_exact_trades.csv,volatility_transition_v1,vol_trans_follow_h1_high_cooling_h12_tp06_sl065,-1.543400000000111,-2.5934000000001105,-3.2934000000001102,0,0,0,0,2.5934000000001105,20.269999999999982,8.3900000000001,0.6376638855780506,6.789999999999964,0.6465390279823117,4.180000000000064,3.6825000000000045,0.208,1.0,,,12,3,8.0,2022
2022-08-12 12:00:00+00:00|-1.0|vol_trans_follow_h1_high_cooling_h12_tp06_sl065,2022-08-12 12:00:00+00:00,STAGE28A,data/reports/stage28a_discovery_factory_batch_runner/stage28a_exact_trades.csv,volatility_transition_v1,vol_trans_follow_h1_high_cooling_h12_tp06_sl065,-1.432249999999931,-2.482249999999931,-3.1822499999999305,0,0,0,0,2.482249999999931,15.679999999999836,5.190000000000055,0.6358381502890019,8.059999999999945,0.440446650124095,3.689999999999827,3.7510000000000105,0.256,-1.0,,,12,4,8.0,2022
2022-08-15 12:00:00+00:00|-1.0|vol_trans_follow_h1_high_cooling_h12_tp06_sl065,2022-08-15 12:00:00+00:00,STAGE28A,data/reports/stage28a_discovery_factory_batch_runner/stage28a_exact_trades.csv,volatility_transition_v1,vol_trans_follow_h1_high_cooling_h12_tp06_sl065,0.5884000000000015,-0.4615999999999984,-1.1615999999999982,0,0,0,0,0.4615999999999984,2.5799999999999272,8.339999999999918,0.5851318944844313,17.659999999999854,0.8969422423556086,6.2999999999999545,3.6055000000000064,0.232,-1.0,,,12,0,8.0,2022
2022-08-16 12:00:00+00:00|-1.0|vol_trans_follow_h1_high_cooling_h12_tp06_sl065,2022-08-16 12:00:00+00:00,STAGE28A,data/reports/stage28a_discovery_factory_batch_runner/stage28a_exact_trades.csv,volatility_transition_v1,vol_trans_follow_h1_high_cooling_h12_tp06_sl065,-1.339949999999908,-2.389949999999908,-3.089949999999908,0,0,0,0,2.389949999999908,29.309999999999945,6.2999999999999545,0.46190476190477825,8.120000000000118,0.6896551724137998,3.0,2.882999999999993,0.016,-1.0,,,12,1,8.0,2022
2022-08-17 12:00:00+00:00|1.0|vol_trans_follow_h1_high_cooling_h12_tp06_sl065,2022-08-17 12:00:00+00:00,STAGE28A,data/reports/stage28a_discovery_factory_batch_runner/stage28a_exact_trades.csv,volatility_transition_v1,vol_trans_follow_h1_high_cooling_h12_tp06_sl065,-1.4523999999999888,-2.5023999999999886,-3.2023999999999884,0,0,0,0,2.5023999999999886,11.660000000000082,3.1499999999998636,0.17777777777776815,10.319999999999936,0.22093023255813826,4.990000000000009,2.980499999999995,0.076,1.0,,,12,2,8.0,2022
2022-08-18 12:00:00+00:00|1.0|vol_trans_follow_h1_high_cooling_h12_tp06_sl065,2022-08-18 12:00:00+00:00,STAGE28A,data/reports/stage28a_discovery_factory_batch_runner/stage28a_exact_trades.csv,volatility_transition_v1,vol_trans_follow_h1_high_cooling_h12_tp06_sl065,0.4842999999999847,-0.5657000000000152,-1.265700000000015,0,0,0,0,0.5657000000000152,22.449999999999818,5.760000000000218,0.032986111111119334,8.139999999999873,0.7960687960688108,3.6699999999998454,3.4864999999999897,0.328,1.0,,,12,3,8.0,2022
2022-08-19 12:00:00+00:00|1.0|vol_trans_follow_h1_high_cooling_h12_tp06_sl065,2022-08-19 12:00:00+00:00,STAGE28A,data/reports/stage28a_discovery_factory_batch_runner/stage28a_exact_trades.csv,volatility_transition_v1,vol_trans_follow_h1_high_cooling_h12_tp06_sl065,0.5811999999999898,-0.4688000000000101,-1.1688000000000098,0,0,0,0,0.4688000000000101,17.089999999999918,5.740000000000009,0.548780487804893,5.559999999999945,0.13129496402878155,2.619999999999891,3.3414999999999964,0.284,1.0,,,12,4,8.0,2022
2022-08-22 12:00:00+00:00|-1.0|vol_trans_follow_h1_high_cooling_h12_tp06_sl065,2022-08-22 12:00:00+00:00,STAGE28A,data/reports/stage28a_discovery_factory_batch_runner/stage28a_exact_trades.csv,volatility_transition_v1,vol_trans_follow_h1_high_cooling_h12_tp06_sl065,-1.528775000000087,-2.578775000000087,-3.2787750000000866,0,0,0,0,2.578775000000087,3.1100000000001273,4.170000000000073,0.17266187050360066,14.790000000000191,0.6112237998647632,5.259999999999991,3.296500000000003,0.272,-1.0,,,12,0,8.0,2022
2022-08-23 12:00:00+00:00|1.0|vol_trans_follow_h1_high_cooling_h12_tp06_sl065,2022-08-23 12:00:00+00:00,STAGE28A,data/reports/stage28a_discovery_factory_batch_runner/stage28a_exact_trades.csv,volatility_transition_v1,vol_trans_follow_h1_high_cooling_h12_tp06_sl065,-1.6454500000000736,-2.6954500000000734,-3.395450000000073,0,0,0,0,2.6954500000000734,21.340000000000146,6.380000000000109,0.4247648902821301,9.120000000000118,0.10087719298246281,6.160000000000082,3.3385000000000105,0.308,1.0,,,12,1,8.0,2022
2022-08-24 12:00:00+00:00|1.0|vol_trans_follow_h1_high_cooling_h12_tp06_sl065,2022-08-24 12:00:00+00:00,STAGE28A,data/reports/stage28a_discovery_factory_batch_runner/stage28a_exact_trades.csv,volatility_transition_v1,vol_trans_follow_h1_high_cooling_h12_tp06_sl065,-1.4263999999999215,-2.4763999999999213,-3.176399999999921,0,0,0,0,2.4763999999999213,23.309999999999945,3.979999999999791,0.36934673366836795,9.430000000000064,0.3955461293743365,5.1099999999999,3.4209999999999696,0.368,1.0,,,12,2,8.0,2022
2022-08-25 12:00:00+00:00|1.0|vol_trans_follow_h1_high_cooling_h12_tp06_sl065,2022-08-25 12:00:00+00:00,STAGE28A,data/reports/stage28a_discovery_factory_batch_runner/stage28a_exact_trades.csv,volatility_transition_v1,vol_trans_follow_h1_high_cooling_h12_tp06_sl065,-1.4218500000000405,-2.4718500000000403,-3.17185000000004,0,0,0,0,2.4718500000000403,13.490000000000009,7.819999999999936,0.6598465473145647,9.720000000000027,0.7150205761316899,3.4299999999998363,3.345999999999992,0.292,1.0,,,12,3,8.0,2022
2022-08-26 12:00:00+00:00|-1.0|vol_trans_follow_h1_high_cooling_h12_tp06_sl065,2022-08-26 12:00:00+00:00,STAGE28A,data/reports/stage28a_discovery_factory_batch_runner/stage28a_exact_trades.csv,volatility_transition_v1,vol_trans_follow_h1_high_cooling_h12_tp06_sl065,-1.4497999999999591,-2.499799999999959,-3.199799999999959,0,0,0,0,2.499799999999959,15.519999999999982,6.579999999999927,0.03647416413374039,9.5,0.804210526315776,2.9500000000000455,3.1089999999999463,0.16,-1.0,,,12,4,8.0,2022
2022-08-30 12:00:00+00:00|1.0|vol_trans_follow_h1_high_cooling_h12_tp06_sl065,2022-08-30 12:00:00+00:00,STAGE28A,data/reports/stage28a_discovery_factory_batch_runner/stage28a_exact_trades.csv,volatility_transition_v1,vol_trans_follow_h1_high_cooling_h12_tp06_sl065,-1.670799999999963,-2.720799999999963,-3.4207999999999625,0,0,0,0,2.720799999999963,25.179999999999836,6.619999999999891,0.38670694864051586,8.840000000000146,0.07352941176468925,6.4500000000000455,3.446499999999992,0.452,1.0,,,12,1,8.0,2022
2022-08-31 12:00:00+00:00|-1.0|vol_trans_follow_h1_high_cooling_h12_tp06_sl065,2022-08-31 12:00:00+00:00,STAGE28A,data/reports/stage28a_discovery_factory_batch_runner/stage28a_exact_trades.csv,volatility_transition_v1,vol_trans_follow_h1_high_cooling_h12_tp06_sl065,0.8191000000000713,-0.2308999999999286,-0.9308999999999285,0,0,0,0,0.2308999999999286,19.339999999999918,3.8899999999998727,0.26478149100257237,15.8599999999999,0.8209331651954643,8.509999999999991,3.240999999999974,0.228,-1.0,,,12,2,8.0,2022
2022-09-01 12:00:00+00:00|-1.0|vol_trans_follow_h1_high_cooling_h12_tp06_sl065,2022-09-01 12:00:00+00:00,STAGE28A,data/reports/stage28a_discovery_factory_batch_runner/stage28a_exact_trades.csv,volatility_transition_v1,vol_trans_follow_h1_high_cooling_h12_tp06_sl065,0.8469999999998891,-0.2030000000001108,-0.9030000000001106,0,0,0,0,0.2030000000001108,16.909999999999854,9.11999999999989,0.7225877192982453,8.200000000000045,0.14878048780488054,4.5900000000001455,4.0764999999999985,0.788,-1.0,,,12,3,9.0,2022
2022-09-02 12:00:00+00:00|1.0|vol_trans_follow_h1_high_cooling_h12_tp06_sl065,2022-09-02 12:00:00+00:00,STAGE28A,data/reports/stage28a_discovery_factory_batch_runner/stage28a_exact_trades.csv,volatility_transition_v1,vol_trans_follow_h1_high_cooling_h12_tp06_sl065,0.4518999999999323,-0.5981000000000676,-1.298100000000067,0,0,0,0,0.5981000000000676,22.61999999999989,5.330000000000155,0.7448405253283137,8.539999999999964,0.8723653395784368,2.519999999999982,3.678000000000009,0.488,1.0,,,12,4,9.0,2022
2022-09-05 12:00:00+00:00|1.0|vol_trans_follow_h1_high_cooling_h12_tp06_sl065,2022-09-05 12:00:00+00:00,STAGE28A,data/reports/stage28a_discovery_factory_batch_runner/stage28a_exact_trades.csv,volatility_transition_v1,vol_trans_follow_h1_high_cooling_h12_tp06_sl065,0.7231000000000677,-0.3268999999999322,-1.026899999999932,0,0,0,0,0.3268999999999322,1.9400000000000546,5.160000000000082,0.354651162790722,6.2999999999999545,0.3365079365079216,3.380000000000109,3.6535000000000197,0.424,1.0,,,12,0,9.0,2022
2022-09-06 12:00:00+00:00|-1.0|vol_trans_follow_h1_high_cooling_h12_tp06_sl065,2022-09-06 12:00:00+00:00,STAGE28A,data/reports/stage28a_discovery_factory_batch_runner/stage28a_exact_trades.csv,volatility_transition_v1,vol_trans_follow_h1_high_cooling_h12_tp06_sl065,-1.6188000000000555,-2.668800000000056,-3.3688000000000557,0,0,0,0,2.668800000000056,8.049999999999955,16.909999999999854,0.2950916617386193,9.699999999999818,0.6608247422680621,3.3199999999999363,3.561999999999989,0.416,-1.0,,,12,1,9.0,2022
2022-09-07 12:00:00+00:00|1.0|vol_trans_follow_h1_high_cooling_h12_tp06_sl065,2022-09-07 12:00:00+00:00,STAGE28A,data/reports/stage28a_discovery_factory_batch_runner/stage28a_exact_trades.csv,volatility_transition_v1,vol_trans_follow_h1_high_cooling_h12_tp06_sl065,0.9480999999999769,-0.1019000000000232,-0.8019000000000229,0,0,0,0,0.1019000000000232,26.909999999999854,11.450000000000045,0.618340611353703,15.829999999999927,0.8597599494630425,3.730000000000018,4.347000000000014,0.776,1.0,,,12,2,9.0,2022
2022-09-08 12:00:00+00:00|1.0|vol_trans_follow_h1_high_cooling_h12_tp06_sl065,2022-09-08 12:00:00+00:00,STAGE28A,data/reports/stage28a_discovery_factory_batch_runner/stage28a_exact_trades.csv,volatility_transition_v1,vol_trans_follow_h1_high_cooling_h12_tp06_sl065,0.7680999999999131,-0.2819000000000868,-0.9819000000000866,0,0,0,0,0.2819000000000868,28.09999999999991,5.789999999999964,0.6269430051813699,8.8900000000001,0.6850393700787488,3.3299999999999272,3.8310000000000173,0.464,1.0,,,12,3,9.0,2022
2022-09-09 12:00:00+00:00|1.0|vol_trans_follow_h1_high_cooling_h12_tp06_sl065,2022-09-09 12:00:00+00:00,STAGE28A,data/reports/stage28a_discovery_factory_batch_runner/stage28a_exact_trades.csv,volatility_transition_v1,vol_trans_follow_h1_high_cooling_h12_tp06_sl065,0.8994999999998982,-0.1505000000001017,-0.8505000000001015,0,0,0,0,0.1505000000001017,24.13000000000011,12.230000000000018,0.821749795584623,11.269999999999982,0.7080745341614935,2.6200000000001182,3.667999999999995,0.324,1.0,,,12,4,9.0,2022
2022-09-12 12:00:00+00:00|1.0|vol_trans_follow_h1_high_cooling_h12_tp06_sl065,2022-09-12 12:00:00+00:00,STAGE28A,data/reports/stage28a_discovery_factory_batch_runner/stage28a_exact_trades.csv,volatility_transition_v1,vol_trans_follow_h1_high_cooling_h12_tp06_sl065,-1.8082749999999577,-2.8582749999999577,-3.558274999999957,0,0,0,0,2.8582749999999577,3.480000000000018,7.889999999999873,0.7553865652725137,15.549999999999955,0.7491961414790931,3.9200000000000728,3.933499999999981,0.444,1.0,,,12,0,9.0,2022
2022-09-13 12:00:00+00:00|1.0|vol_trans_follow_h1_high_cooling_h12_tp06_sl065,2022-09-13 12:00:00+00:00,STAGE28A,data/reports/stage28a_discovery_factory_batch_runner/stage28a_exact_trades.csv,volatility_transition_v1,vol_trans_follow_h1_high_cooling_h12_tp06_sl065,0.6541000000001077,-0.3958999999998922,-1.095899999999892,0,0,0,0,0.3958999999998922,23.170000000000073,6.830000000000155,0.5710102489019038,8.160000000000082,0.6580882352940977,4.1400000000001,3.6080000000000156,0.256,1.0,,,12,1,9.0,2022
2022-09-14 12:00:00+00:00|1.0|vol_trans_follow_h1_high_cooling_h12_tp06_sl065,2022-09-14 12:00:00+00:00,STAGE28A,data/reports/stage28a_discovery_factory_batch_runner/stage28a_exact_trades.csv,volatility_transition_v1,vol_trans_follow_h1_high_cooling_h12_tp06_sl065,-1.735150000000067,-2.785150000000067,-3.4851500000000666,0,0,0,0,2.785150000000067,34.73000000000002,6.289999999999964,0.25119236883941753,7.259999999999991,0.6170798898071658,3.0800000000001546,4.040500000000042,0.484,1.0,,,12,2,9.0,2022
2022-09-15 12:00:00+00:00|-1.0|vol_trans_follow_h1_high_cooling_h12_tp06_sl065,2022-09-15 12:00:00+00:00,STAGE28A,data/reports/stage28a_discovery_factory_batch_runner/stage28a_exact_trades.csv,volatility_transition_v1,vol_trans_follow_h1_high_cooling_h12_tp06_sl065,-1.6356999999999062,-2.685699999999906,-3.385699999999906,0,0,0,0,2.685699999999906,13.440000000000055,7.509999999999991,0.6378162450066537,7.75,0.4141935483871015,3.7100000000000364,3.163499999999965,0.072,-1.0,,,12,3,9.0,2022
2022-09-20 12:00:00+00:00|-1.0|vol_trans_follow_h1_high_cooling_h12_tp06_sl065,2022-09-20 12:00:00+00:00,STAGE28A,data/reports/stage28a_discovery_factory_batch_runner/stage28a_exact_trades.csv,volatility_transition_v1,vol_trans_follow_h1_high_cooling_h12_tp06_sl065,-1.623999999999887,-2.673999999999887,-3.373999999999887,0,0,0,0,2.673999999999887,20.230000000000018,6.029999999999973,0.2338308457711212,10.629999999999882,0.8701787394167547,4.560000000000173,3.467500000000018,0.128,-1.0,,,12,1,9.0,2022
2022-09-21 12:00:00+00:00|1.0|vol_trans_follow_h1_high_cooling_h12_tp06_sl065,2022-09-21 12:00:00+00:00,STAGE28A,data/reports/stage28a_discovery_factory_batch_runner/stage28a_exact_trades.csv,volatility_transition_v1,vol_trans_follow_h1_high_cooling_h12_tp06_sl065,-1.7926750000000085,-2.8426750000000083,-3.542675000000008,0,0,0,0,2.8426750000000083,19.49000000000001,4.599999999999909,0.31304347826083817,14.440000000000055,0.6606648199445934,2.730000000000018,3.4695000000000276,0.14,1.0,,,12,2,9.0,2022
2022-09-23 12:00:00+00:00|-1.0|vol_trans_follow_h1_high_cooling_h12_tp06_sl065,2022-09-23 12:00:00+00:00,STAGE28A,data/reports/stage28a_discovery_factory_batch_runner/stage28a_exact_trades.csv,volatility_transition_v1,vol_trans_follow_h1_high_cooling_h12_tp06_sl065,0.8860000000001037,-0.1639999999998962,-0.863999999999896,0,0,0,0,0.1639999999998962,29.309999999999945,7.279999999999973,0.2967032967033091,21.38000000000011,0.5673526660430225,7.470000000000027,3.96400000000001,0.412,-1.0,,,12,4,9.0,2022
2022-09-28 12:00:00+00:00|-1.0|vol_trans_follow_h1_high_cooling_h12_tp06_sl065,2022-09-28 12:00:00+00:00,STAGE28A,data/reports/stage28a_discovery_factory_batch_runner/stage28a_exact_trades.csv,volatility_transition_v1,vol_trans_follow_h1_high_cooling_h12_tp06_sl065,-2.100450000000001,-3.1504500000000006,-3.85045,0,0,0,1,3.1504500000000006,19.6099999999999,7.720000000000027,0.6968911917098268,10.920000000000073,0.7225274725274768,5.779999999999973,4.15250000000002,0.348,-1.0,,,12,2,9.0,2022
2022-10-03 12:00:00+00:00|-1.0|vol_trans_follow_h1_high_cooling_h12_tp06_sl065,2022-10-03 12:00:00+00:00,STAGE28A,data/reports/stage28a_discovery_factory_batch_runner/stage28a_exact_trades.csv,volatility_transition_v1,vol_trans_follow_h1_high_cooling_h12_tp06_sl065,1.0668999999999411,0.0168999999999415,-0.6831000000000582,1,0,0,0,0.0168999999999415,4.540000000000191,8.75,0.07314285714286857,8.669999999999845,0.26758938869665255,4.569999999999936,4.359000000000037,0.312,-1.0,,,12,0,10.0,2022
2022-10-06 12:00:00+00:00|-1.0|vol_trans_follow_h1_high_cooling_h12_tp06_sl065,2022-10-06 12:00:00+00:00,STAGE28A,data/reports/stage28a_discovery_factory_batch_runner/stage28a_exact_trades.csv,volatility_transition_v1,vol_trans_follow_h1_high_cooling_h12_tp06_sl065,1.2552999999999428,0.2052999999999429,-0.4947000000000567,1,0,1,0,0.2052999999999429,27.309999999999945,9.439999999999827,0.6430084745762762,12.129999999999882,0.6158285243198763,10.789999999999964,4.537500000000023,0.2,-1.0,,,12,3,10.0,2022
2022-10-07 12:00:00+00:00|1.0|vol_trans_follow_h1_high_cooling_h12_tp06_sl065,2022-10-07 12:00:00+00:00,STAGE28A,data/reports/stage28a_discovery_factory_batch_runner/stage28a_exact_trades.csv,volatility_transition_v1,vol_trans_follow_h1_high_cooling_h12_tp06_sl065,-1.7462000000001354,-2.7962000000001352,-3.496200000000135,0,0,0,0,2.7962000000001352,18.649999999999864,4.269999999999982,0.4637002341920437,6.3900000000001,0.45539906103283395,4.350000000000136,3.736000000000024,0.008,1.0,,,12,4,10.0,2022
2022-10-11 12:00:00+00:00|1.0|vol_trans_follow_h1_high_cooling_h12_tp06_sl065,2022-10-11 12:00:00+00:00,STAGE28A,data/reports/stage28a_discovery_factory_batch_runner/stage28a_exact_trades.csv,volatility_transition_v1,vol_trans_follow_h1_high_cooling_h12_tp06_sl065,1.1536000000000055,0.1036000000000059,-0.5963999999999938,1,0,0,0,0.1036000000000059,34.23000000000002,12.269999999999982,0.37734311328444303,7.810000000000173,0.20102432778487855,5.519999999999982,4.212000000000001,0.116,1.0,,,12,1,10.0,2022
2022-10-13 12:00:00+00:00|1.0|vol_trans_follow_h1_high_cooling_h12_tp06_sl065,2022-10-13 12:00:00+00:00,STAGE28A,data/reports/stage28a_discovery_factory_batch_runner/stage28a_exact_trades.csv,volatility_transition_v1,vol_trans_follow_h1_high_cooling_h12_tp06_sl065,-1.475150000000076,-2.525150000000076,-3.225150000000076,0,0,0,0,2.525150000000076,16.950000000000045,6.440000000000055,0.669254658385079,10.8900000000001,0.5096418732782281,4.629999999999882,3.225500000000045,0.004,1.0,,,12,3,10.0,2022
2022-10-18 12:00:00+00:00|-1.0|vol_trans_follow_h1_high_cooling_h12_tp06_sl065,2022-10-18 12:00:00+00:00,STAGE28A,data/reports/stage28a_discovery_factory_batch_runner/stage28a_exact_trades.csv,volatility_transition_v1,vol_trans_follow_h1_high_cooling_h12_tp06_sl065,1.2040000000000872,0.1540000000000874,-0.5459999999999123,1,0,1,0,0.1540000000000874,25.279999999999973,4.639999999999873,0.4008620689655067,12.230000000000018,0.039247751430909035,7.810000000000173,4.216499999999996,0.148,-1.0,,,12,1,10.0,2022
2022-10-19 12:00:00+00:00|-1.0|vol_trans_follow_h1_high_cooling_h12_tp06_sl065,2022-10-19 12:00:00+00:00,STAGE28A,data/reports/stage28a_discovery_factory_batch_runner/stage28a_exact_trades.csv,volatility_transition_v1,vol_trans_follow_h1_high_cooling_h12_tp06_sl065,1.1763999999999668,0.1263999999999669,-0.5736000000000328,1,0,0,0,0.1263999999999669,15.049999999999955,5.379999999999882,0.6189591078067338,11.819999999999936,0.6142131979695457,5.620000000000118,3.9754999999999656,0.12,-1.0,,,12,2,10.0,2022
2022-10-20 12:00:00+00:00|-1.0|vol_trans_follow_h1_high_cooling_h12_tp06_sl065,2022-10-20 12:00:00+00:00,STAGE28A,data/reports/stage28a_discovery_factory_batch_runner/stage28a_exact_trades.csv,volatility_transition_v1,vol_trans_follow_h1_high_cooling_h12_tp06_sl065,1.224100000000044,0.1741000000000441,-0.5258999999999556,1,0,1,0,0.1741000000000441,26.74000000000001,7.850000000000136,0.21910828025477674,10.799999999999955,0.7990740740740876,4.6400000000001,3.7145000000000095,0.068,-1.0,,,12,3,10.0,2022
2022-10-21 12:00:00+00:00|-1.0|vol_trans_follow_h1_high_cooling_h12_tp06_sl065,2022-10-21 12:00:00+00:00,STAGE28A,data/reports/stage28a_discovery_factory_batch_runner/stage28a_exact_trades.csv,volatility_transition_v1,vol_trans_follow_h1_high_cooling_h12_tp06_sl065,1.1101000000000112,0.0601000000000113,-0.6398999999999884,1,0,0,0,0.0601000000000113,23.12000000000012,7.769999999999982,0.653796653796646,10.059999999999945,0.37872763419482763,4.519999999999982,4.306999999999993,0.36,-1.0,,,12,4,10.0,2022
2022-10-25 12:00:00+00:00|-1.0|vol_trans_follow_h1_high_cooling_h12_tp06_sl065,2022-10-25 12:00:00+00:00,STAGE28A,data/reports/stage28a_discovery_factory_batch_runner/stage28a_exact_trades.csv,volatility_transition_v1,vol_trans_follow_h1_high_cooling_h12_tp06_sl065,0.8248000000000048,-0.2251999999999951,-0.9251999999999948,0,0,0,0,0.2251999999999951,26.539999999999964,7.680000000000064,0.032552083333333065,13.129999999999882,0.885757806549902,5.470000000000027,3.9075000000000273,0.132,-1.0,,,12,1,10.0,2022
2022-10-26 12:00:00+00:00|1.0|vol_trans_follow_h1_high_cooling_h12_tp06_sl065,2022-10-26 12:00:00+00:00,STAGE28A,data/reports/stage28a_discovery_factory_batch_runner/stage28a_exact_trades.csv,volatility_transition_v1,vol_trans_follow_h1_high_cooling_h12_tp06_sl065,1.1028999999999995,0.0528999999999997,-0.6471,1,0,0,0,0.0528999999999997,24.060000000000173,7.880000000000109,0.5862944162436329,19.779999999999973,0.6400404448938257,4.240000000000009,4.604000000000019,0.496,1.0,,,12,2,10.0,2022
2022-10-27 12:00:00+00:00|1.0|vol_trans_follow_h1_high_cooling_h12_tp06_sl065,2022-10-27 12:00:00+00:00,STAGE28A,data/reports/stage28a_discovery_factory_batch_runner/stage28a_exact_trades.csv,volatility_transition_v1,vol_trans_follow_h1_high_cooling_h12_tp06_sl065,1.1256999999999606,0.0756999999999608,-0.6243000000000389,1,0,0,0,0.0756999999999608,25.180000000000064,8.439999999999827,0.06398104265402543,10.589999999999918,0.20774315391879722,4.339999999999918,3.9824999999999706,0.192,1.0,,,12,3,10.0,2022
2022-10-28 12:00:00+00:00|-1.0|vol_trans_follow_h1_high_cooling_h12_tp06_sl065,2022-10-28 12:00:00+00:00,STAGE28A,data/reports/stage28a_discovery_factory_batch_runner/stage28a_exact_trades.csv,volatility_transition_v1,vol_trans_follow_h1_high_cooling_h12_tp06_sl065,-1.7978750000000674,-2.847875000000067,-3.547875000000067,0,0,0,0,2.847875000000067,15.939999999999827,6.419999999999845,0.39408099688474046,18.899999999999864,0.7962962962962996,5.850000000000136,4.247500000000002,0.332,-1.0,,,12,4,10.0,2022
2022-10-31 12:00:00+00:00|1.0|vol_trans_follow_h1_high_cooling_h12_tp06_sl065,2022-10-31 12:00:00+00:00,STAGE28A,data/reports/stage28a_discovery_factory_batch_runner/stage28a_exact_trades.csv,volatility_transition_v1,vol_trans_follow_h1_high_cooling_h12_tp06_sl065,0.7357000000000881,-0.3142999999999118,-1.0142999999999116,0,0,0,0,0.3142999999999118,3.9200000000000728,4.870000000000118,0.2156057494866384,9.930000000000064,0.4652567975830905,4.479999999999791,3.661500000000012,0.04,1.0,,,12,0,10.0,2022
2022-11-01 12:00:00+00:00|1.0|vol_trans_follow_h1_high_cooling_h12_tp06_sl065,2022-11-01 12:00:00+00:00,STAGE28A,data/reports/stage28a_discovery_factory_batch_runner/stage28a_exact_trades.csv,volatility_transition_v1,vol_trans_follow_h1_high_cooling_h12_tp06_sl065,1.0918000000000574,0.0418000000000575,-0.6581999999999422,1,0,0,0,0.0418000000000575,13.779999999999973,9.440000000000055,0.5889830508474484,15.150000000000091,0.8686468646864538,5.069999999999936,3.6395000000000324,0.084,1.0,,,12,1,11.0,2022
2022-11-02 12:00:00+00:00|1.0|vol_trans_follow_h1_high_cooling_h12_tp06_sl065,2022-11-02 12:00:00+00:00,STAGE28A,data/reports/stage28a_discovery_factory_batch_runner/stage28a_exact_trades.csv,volatility_transition_v1,vol_trans_follow_h1_high_cooling_h12_tp06_sl065,0.6850000000000819,-0.364999999999918,-1.0649999999999178,0,0,0,0,0.364999999999918,26.399999999999864,7.350000000000136,0.31292517006801523,7.3599999999999,0.6983695652174144,4.3599999999999,3.5644999999999643,0.06,1.0,,,12,2,11.0,2022
2022-11-04 12:00:00+00:00|-1.0|vol_trans_follow_h1_high_cooling_h12_tp06_sl065,2022-11-04 12:00:00+00:00,STAGE28A,data/reports/stage28a_discovery_factory_batch_runner/stage28a_exact_trades.csv,volatility_transition_v1,vol_trans_follow_h1_high_cooling_h12_tp06_sl065,-1.9613499999999024,-3.011349999999902,-3.711349999999902,0,0,0,0,3.011349999999902,24.37999999999988,18.419999999999845,0.9799131378935997,8.700000000000045,0.3218390804597632,8.700000000000045,4.2875,0.4,-1.0,,,12,4,11.0,2022
2022-11-08 12:00:00+00:00|1.0|vol_trans_follow_h1_high_cooling_h12_tp06_sl065,2022-11-08 12:00:00+00:00,STAGE28A,data/reports/stage28a_discovery_factory_batch_runner/stage28a_exact_trades.csv,volatility_transition_v1,vol_trans_follow_h1_high_cooling_h12_tp06_sl065,-1.6860749999999372,-2.736074999999937,-3.4360749999999367,0,0,0,0,2.736074999999937,14.930000000000064,7.279999999999973,0.5508241758241766,7.3599999999999,0.04347826086955716,6.930000000000064,3.2815000000000056,0.048,1.0,,,12,1,11.0,2022
2022-11-10 12:00:00+00:00|-1.0|vol_trans_follow_h1_high_cooling_h12_tp06_sl065,2022-11-10 12:00:00+00:00,STAGE28A,data/reports/stage28a_discovery_factory_batch_runner/stage28a_exact_trades.csv,volatility_transition_v1,vol_trans_follow_h1_high_cooling_h12_tp06_sl065,1.0059999999999945,-0.0440000000000053,-0.7440000000000051,0,0,0,0,0.0440000000000053,20.180000000000064,6.259999999999991,0.522364217252394,8.540000000000191,0.18032786885245072,4.190000000000055,4.199999999999989,0.376,-1.0,,,12,3,11.0,2022
2022-11-14 12:00:00+00:00|-1.0|vol_trans_follow_h1_high_cooling_h12_tp06_sl065,2022-11-14 12:00:00+00:00,STAGE28A,data/reports/stage28a_discovery_factory_batch_runner/stage28a_exact_trades.csv,volatility_transition_v1,vol_trans_follow_h1_high_cooling_h12_tp06_sl065,-2.042275000000109,-3.0922750000001087,-3.792275000000109,0,0,0,1,3.0922750000001087,5.449999999999818,7.4099999999998545,0.29689608636975184,11.839999999999918,0.317567567567569,5.070000000000164,4.508499999999993,0.476,-1.0,,,12,0,11.0,2022
2022-11-15 12:00:00+00:00|-1.0|vol_trans_follow_h1_high_cooling_h12_tp06_sl065,2022-11-15 12:00:00+00:00,STAGE28A,data/reports/stage28a_discovery_factory_batch_runner/stage28a_exact_trades.csv,volatility_transition_v1,vol_trans_follow_h1_high_cooling_h12_tp06_sl065,1.2691000000001167,0.2191000000001168,-0.4808999999998828,1,0,1,0,0.2191000000001168,21.77000000000021,5.259999999999991,0.26615969581750826,15.680000000000064,0.36926020408162885,6.019999999999982,4.5020000000000095,0.46,-1.0,,,12,1,11.0,2022
2022-11-17 12:00:00+00:00|-1.0|vol_trans_follow_h1_high_cooling_h12_tp06_sl065,2022-11-17 12:00:00+00:00,STAGE28A,data/reports/stage28a_discovery_factory_batch_runner/stage28a_exact_trades.csv,volatility_transition_v1,vol_trans_follow_h1_high_cooling_h12_tp06_sl065,-1.706224999999995,-2.756224999999995,-3.4562249999999946,0,0,0,0,2.756224999999995,14.7199999999998,12.6099999999999,0.9103885804916819,9.519999999999982,0.012605042016819166,5.039999999999964,3.9125000000000227,0.112,-1.0,,,12,3,11.0,2022
2022-11-18 12:00:00+00:00|1.0|vol_trans_follow_h1_high_cooling_h12_tp06_sl065,2022-11-18 12:00:00+00:00,STAGE28A,data/reports/stage28a_discovery_factory_batch_runner/stage28a_exact_trades.csv,volatility_transition_v1,vol_trans_follow_h1_high_cooling_h12_tp06_sl065,0.8842000000001008,-0.1657999999998991,-0.8657999999998989,0,0,0,0,0.1657999999998991,20.269999999999982,6.349999999999909,0.3889763779527658,6.980000000000018,0.37392550143264947,6.980000000000018,3.39200000000003,0.048,1.0,,,12,4,11.0,2022
2022-11-21 12:00:00+00:00|-1.0|vol_trans_follow_h1_high_cooling_h12_tp06_sl065,2022-11-21 12:00:00+00:00,STAGE28A,data/reports/stage28a_discovery_factory_batch_runner/stage28a_exact_trades.csv,volatility_transition_v1,vol_trans_follow_h1_high_cooling_h12_tp06_sl065,0.9703000000000884,-0.0796999999999115,-0.7796999999999112,0,0,0,0,0.0796999999999115,3.1299999999998818,9.099999999999909,0.6912087912087941,10.190000000000055,0.4249263984298461,5.980000000000018,4.150500000000011,0.272,-1.0,,,12,0,11.0,2022
2022-11-22 12:00:00+00:00|1.0|vol_trans_follow_h1_high_cooling_h12_tp06_sl065,2022-11-22 12:00:00+00:00,STAGE28A,data/reports/stage28a_discovery_factory_batch_runner/stage28a_exact_trades.csv,volatility_transition_v1,vol_trans_follow_h1_high_cooling_h12_tp06_sl065,0.7921000000000277,-0.2578999999999722,-0.957899999999972,0,0,0,0,0.2578999999999722,20.470000000000027,8.220000000000027,0.8004866180048547,8.079999999999927,0.11386138613862389,4.579999999999927,3.7014999999999985,0.152,1.0,,,12,1,11.0,2022
2022-11-23 12:00:00+00:00|1.0|vol_trans_follow_h1_high_cooling_h12_tp06_sl065,2022-11-23 12:00:00+00:00,STAGE28A,data/reports/stage28a_discovery_factory_batch_runner/stage28a_exact_trades.csv,volatility_transition_v1,vol_trans_follow_h1_high_cooling_h12_tp06_sl065,0.9237999999999374,-0.1262000000000624,-0.8262000000000622,0,0,0,0,0.1262000000000624,12.740000000000009,10.009999999999991,0.6253746253746251,12.180000000000064,0.17733990147783832,4.629999999999882,3.400999999999988,0.108,1.0,,,12,2,11.0,2022
2022-11-24 12:00:00+00:00|1.0|vol_trans_follow_h1_high_cooling_h12_tp06_sl065,2022-11-24 12:00:00+00:00,STAGE28A,data/reports/stage28a_discovery_factory_batch_runner/stage28a_exact_trades.csv,volatility_transition_v1,vol_trans_follow_h1_high_cooling_h12_tp06_sl065,-1.4416749999998957,-2.4916749999998955,-3.1916749999998952,0,0,0,0,2.4916749999998955,27.230000000000018,7.830000000000155,0.43550446998720144,6.160000000000082,0.07142857142857933,2.5799999999999272,3.7930000000000064,0.204,1.0,,,12,3,11.0,2022
2022-11-25 12:00:00+00:00|-1.0|vol_trans_follow_h1_high_cooling_h12_tp06_sl065,2022-11-25 12:00:00+00:00,STAGE28A,data/reports/stage28a_discovery_factory_batch_runner/stage28a_exact_trades.csv,volatility_transition_v1,vol_trans_follow_h1_high_cooling_h12_tp06_sl065,0.715599999999904,-0.3344000000000959,-1.0344000000000957,0,0,0,0,0.3344000000000959,9.590000000000146,8.710000000000036,0.3650975889781918,9.769999999999982,0.6223132036847662,4.350000000000136,2.6190000000000055,0.06,-1.0,,,12,4,11.0,2022
2022-11-28 12:00:00+00:00|1.0|vol_trans_follow_h1_high_cooling_h12_tp06_sl065,2022-11-28 12:00:00+00:00,STAGE28A,data/reports/stage28a_discovery_factory_batch_runner/stage28a_exact_trades.csv,volatility_transition_v1,vol_trans_follow_h1_high_cooling_h12_tp06_sl065,0.9802000000001044,-0.0697999999998955,-0.7697999999998952,0,0,0,0,0.0697999999998955,5.539999999999964,9.789999999999964,0.06230847803880513,15.220000000000027,0.6005256241787177,3.8300000000001546,4.240499999999974,0.604,1.0,,,12,0,11.0,2022
2022-11-29 12:00:00+00:00|-1.0|vol_trans_follow_h1_high_cooling_h12_tp06_sl065,2022-11-29 12:00:00+00:00,STAGE28A,data/reports/stage28a_discovery_factory_batch_runner/stage28a_exact_trades.csv,volatility_transition_v1,vol_trans_follow_h1_high_cooling_h12_tp06_sl065,-1.6422000000000936,-2.6922000000000934,-3.392200000000093,0,0,0,0,2.6922000000000934,24.059999999999945,14.629999999999882,0.8523581681476505,7.559999999999945,0.19312169312169933,5.570000000000164,3.8889999999999647,0.388,-1.0,,,12,1,11.0,2022
2022-11-30 12:00:00+00:00|1.0|vol_trans_follow_h1_high_cooling_h12_tp06_sl065,2022-11-30 12:00:00+00:00,STAGE28A,data/reports/stage28a_discovery_factory_batch_runner/stage28a_exact_trades.csv,volatility_transition_v1,vol_trans_follow_h1_high_cooling_h12_tp06_sl065,0.7066000000001168,-0.3433999999998831,-1.0433999999998829,0,0,0,0,0.3433999999998831,19.48999999999978,7.899999999999864,0.6734177215190197,10.210000000000036,0.4338883447600216,3.150000000000091,3.249000000000001,0.16,1.0,,,12,2,11.0,2022
2022-12-02 12:00:00+00:00|-1.0|vol_trans_follow_h1_high_cooling_h12_tp06_sl065,2022-12-02 12:00:00+00:00,STAGE28A,data/reports/stage28a_discovery_factory_batch_runner/stage28a_exact_trades.csv,volatility_transition_v1,vol_trans_follow_h1_high_cooling_h12_tp06_sl065,0.7047999999998865,-0.3452000000001134,-1.0452000000001131,0,0,0,0,0.3452000000001134,35.86999999999989,8.8599999999999,0.5575620767494481,6.7000000000000455,0.41641791044775295,2.7000000000000455,4.061000000000012,0.572,-1.0,,,12,4,12.0,2022
2022-12-05 12:00:00+00:00|-1.0|vol_trans_follow_h1_high_cooling_h12_tp06_sl065,2022-12-05 12:00:00+00:00,STAGE28A,data/reports/stage28a_discovery_factory_batch_runner/stage28a_exact_trades.csv,volatility_transition_v1,vol_trans_follow_h1_high_cooling_h12_tp06_sl065,0.957399999999916,-0.0926000000000839,-0.7926000000000837,0,0,0,0,0.0926000000000839,4.920000000000073,15.589999999999918,0.6215522771007124,16.15000000000009,0.8476780185758359,3.9600000000000364,4.4284999999999854,0.696,-1.0,,,12,0,12.0,2022
2022-12-06 12:00:00+00:00|-1.0|vol_trans_follow_h1_high_cooling_h12_tp06_sl065,2022-12-06 12:00:00+00:00,STAGE28A,data/reports/stage28a_discovery_factory_batch_runner/stage28a_exact_trades.csv,volatility_transition_v1,vol_trans_follow_h1_high_cooling_h12_tp06_sl065,1.0039000000000668,-0.0460999999999329,-0.7460999999999327,0,0,0,0,0.0460999999999329,44.12999999999988,8.799999999999955,0.35454545454544395,7.7800000000002,0.16709511568125301,3.3500000000001364,4.536500000000046,0.656,-1.0,,,12,1,12.0,2022
2022-12-07 12:00:00+00:00|-1.0|vol_trans_follow_h1_high_cooling_h12_tp06_sl065,2022-12-07 12:00:00+00:00,STAGE28A,data/reports/stage28a_discovery_factory_batch_runner/stage28a_exact_trades.csv,volatility_transition_v1,vol_trans_follow_h1_high_cooling_h12_tp06_sl065,0.8581000000000586,-0.1918999999999413,-0.8918999999999411,0,0,0,0,0.1918999999999413,13.570000000000164,6.420000000000073,0.015576323987524598,6.230000000000018,0.2616372391653093,4.150000000000091,3.344999999999993,0.208,-1.0,,,12,2,12.0,2022
2022-12-08 12:00:00+00:00|1.0|vol_trans_follow_h1_high_cooling_h12_tp06_sl065,2022-12-08 12:00:00+00:00,STAGE28A,data/reports/stage28a_discovery_factory_batch_runner/stage28a_exact_trades.csv,volatility_transition_v1,vol_trans_follow_h1_high_cooling_h12_tp06_sl065,-1.378949999999895,-2.428949999999895,-3.128949999999895,0,0,0,0,2.428949999999895,21.769999999999982,6.779999999999973,0.5176991150442485,5.3900000000001,0.03710575139143124,3.400000000000091,4.118499999999995,0.452,1.0,,,12,3,12.0,2022
2022-12-09 12:00:00+00:00|1.0|vol_trans_follow_h1_high_cooling_h12_tp06_sl065,2022-12-09 12:00:00+00:00,STAGE28A,data/reports/stage28a_discovery_factory_batch_runner/stage28a_exact_trades.csv,volatility_transition_v1,vol_trans_follow_h1_high_cooling_h12_tp06_sl065,0.8049999999999727,-0.2450000000000272,-0.9450000000000268,0,0,0,0,0.2450000000000272,13.490000000000009,8.980000000000018,0.8006681514476406,8.789999999999964,0.2229806598407073,3.9600000000000364,3.3930000000000176,0.16,1.0,,,12,4,12.0,2022
2022-12-12 12:00:00+00:00|1.0|vol_trans_follow_h1_high_cooling_h12_tp06_sl065,2022-12-12 12:00:00+00:00,STAGE28A,data/reports/stage28a_discovery_factory_batch_runner/stage28a_exact_trades.csv,volatility_transition_v1,vol_trans_follow_h1_high_cooling_h12_tp06_sl065,-1.4641000000000075,-2.514100000000008,-3.2141000000000077,0,0,0,0,2.514100000000008,2.3400000000001455,10.309999999999945,0.7332686711930151,7.329999999999927,0.6889495225102326,2.8099999999999454,3.919000000000017,0.34,1.0,,,12,0,12.0,2022
2022-12-13 12:00:00+00:00|-1.0|vol_trans_follow_h1_high_cooling_h12_tp06_sl065,2022-12-13 12:00:00+00:00,STAGE28A,data/reports/stage28a_discovery_factory_batch_runner/stage28a_exact_trades.csv,volatility_transition_v1,vol_trans_follow_h1_high_cooling_h12_tp06_sl065,-1.4780750000000809,-2.5280750000000807,-3.2280750000000804,0,0,0,0,2.5280750000000807,19.5,6.0900000000001455,0.08702791461411495,6.180000000000064,0.7508090614886448,2.9500000000000455,3.1980000000000475,0.036,-1.0,,,12,1,12.0,2022
2022-12-16 12:00:00+00:00|1.0|vol_trans_follow_h1_high_cooling_h12_tp06_sl065,2022-12-16 12:00:00+00:00,STAGE28A,data/reports/stage28a_discovery_factory_batch_runner/stage28a_exact_trades.csv,volatility_transition_v1,vol_trans_follow_h1_high_cooling_h12_tp06_sl065,1.0303000000000335,-0.019699999999966,-0.7196999999999658,0,0,0,0,0.019699999999966,34.799999999999955,8.639999999999873,0.2685185185185414,10.599999999999909,0.1849056603773635,4.580000000000155,4.216499999999985,0.468,1.0,,,12,4,12.0,2022
2022-12-19 12:00:00+00:00|-1.0|vol_trans_follow_h1_high_cooling_h12_tp06_sl065,2022-12-19 12:00:00+00:00,STAGE28A,data/reports/stage28a_discovery_factory_batch_runner/stage28a_exact_trades.csv,volatility_transition_v1,vol_trans_follow_h1_high_cooling_h12_tp06_sl065,0.7170999999999822,-0.3329000000000177,-1.0329000000000177,0,0,0,0,0.3329000000000177,2.3400000000001455,5.970000000000027,0.32160804020101574,8.4699999999998,0.3471074380165436,3.2799999999999727,3.939500000000021,0.396,-1.0,,,12,0,12.0,2022
2022-12-20 12:00:00+00:00|1.0|vol_trans_follow_h1_high_cooling_h12_tp06_sl065,2022-12-20 12:00:00+00:00,STAGE28A,data/reports/stage28a_discovery_factory_batch_runner/stage28a_exact_trades.csv,volatility_transition_v1,vol_trans_follow_h1_high_cooling_h12_tp06_sl065,-2.054300000000103,-3.104300000000103,-3.804300000000103,0,0,0,1,3.104300000000103,15.0,11.589999999999918,0.2683347713546289,20.910000000000082,0.7723577235772371,6.100000000000136,4.336500000000001,0.612,1.0,,,12,1,12.0,2022
2022-12-21 12:00:00+00:00|-1.0|vol_trans_follow_h1_high_cooling_h12_tp06_sl065,2022-12-21 12:00:00+00:00,STAGE28A,data/reports/stage28a_discovery_factory_batch_runner/stage28a_exact_trades.csv,volatility_transition_v1,vol_trans_follow_h1_high_cooling_h12_tp06_sl065,0.7518999999998869,-0.298100000000113,-0.9981000000001128,0,0,0,0,0.298100000000113,36.52999999999997,6.380000000000109,0.49999999999996436,5.369999999999891,0.1787709497206808,3.2899999999999636,3.5725000000000025,0.344,-1.0,,,12,2,12.0,2022
2022-12-22 12:00:00+00:00|-1.0|vol_trans_follow_h1_high_cooling_h12_tp06_sl065,2022-12-22 12:00:00+00:00,STAGE28A,data/reports/stage28a_discovery_factory_batch_runner/stage28a_exact_trades.csv,volatility_transition_v1,vol_trans_follow_h1_high_cooling_h12_tp06_sl065,0.7029999999998836,-0.3470000000001163,-1.047000000000116,0,0,0,0,0.3470000000001163,11.930000000000064,6.889999999999873,0.7735849056603811,6.740000000000009,0.827893175074172,3.1700000000000728,3.2569999999999935,0.164,-1.0,,,12,3,12.0,2022
2022-12-23 12:00:00+00:00|1.0|vol_trans_follow_h1_high_cooling_h12_tp06_sl065,2022-12-23 12:00:00+00:00,STAGE28A,data/reports/stage28a_discovery_factory_batch_runner/stage28a_exact_trades.csv,volatility_transition_v1,vol_trans_follow_h1_high_cooling_h12_tp06_sl065,0.636699999999928,-0.4133000000000719,-1.1133000000000717,0,0,0,0,0.4133000000000719,35.58999999999992,4.270000000000209,0.33255269320843167,4.830000000000155,0.780538302277404,3.240000000000009,3.861500000000035,0.44,1.0,,,12,4,12.0,2022
2022-12-27 12:00:00+00:00|1.0|vol_trans_follow_h1_high_cooling_h12_tp06_sl065,2022-12-27 12:00:00+00:00,STAGE28A,data/reports/stage28a_discovery_factory_batch_runner/stage28a_exact_trades.csv,volatility_transition_v1,vol_trans_follow_h1_high_cooling_h12_tp06_sl065,-1.3464500000000954,-2.3964500000000952,-3.096450000000095,0,0,0,0,2.3964500000000952,4.339999999999918,6.7999999999999545,0.47205882352938683,6.039999999999964,0.6026490066225367,3.480000000000018,3.3944999999999594,0.256,1.0,,,12,1,12.0,2022
2022-12-29 12:00:00+00:00|-1.0|vol_trans_follow_h1_high_cooling_h12_tp06_sl065,2022-12-29 12:00:00+00:00,STAGE28A,data/reports/stage28a_discovery_factory_batch_runner/stage28a_exact_trades.csv,volatility_transition_v1,vol_trans_follow_h1_high_cooling_h12_tp06_sl065,-1.4410249999999452,-2.491024999999945,-3.1910249999999447,0,0,0,0,2.491024999999945,17.580000000000155,5.630000000000109,0.5772646536411966,7.6099999999999,0.4809461235216692,3.240000000000009,3.5114999999999896,0.3,-1.0,,,12,3,12.0,2022
2022-12-30 12:00:00+00:00|-1.0|vol_trans_follow_h1_high_cooling_h12_tp06_sl065,2022-12-30 12:00:00+00:00,STAGE28A,data/reports/stage28a_discovery_factory_batch_runner/stage28a_exact_trades.csv,volatility_transition_v1,vol_trans_follow_h1_high_cooling_h12_tp06_sl065,-1.459549999999899,-2.509549999999899,-3.209549999999899,0,0,0,0,2.509549999999899,16.450000000000045,5.330000000000155,0.13320825515947762,8.910000000000082,0.043771043771029076,2.5,3.218000000000006,0.152,-1.0,,,12,4,12.0,2022
2023-01-06 12:00:00+00:00|-1.0|vol_trans_follow_h1_high_cooling_h12_tp06_sl065,2023-01-06 12:00:00+00:00,STAGE28A,data/reports/stage28a_discovery_factory_batch_runner/stage28a_exact_trades.csv,volatility_transition_v1,vol_trans_follow_h1_high_cooling_h12_tp06_sl065,0.7515999999999622,-0.2984000000000377,-0.9984000000000376,0,0,0,0,0.2984000000000377,33.99000000000001,10.930000000000064,0.4858188472095073,7.370000000000118,0.18724559023067666,4.150000000000091,4.134499999999991,0.504,-1.0,,,12,4,1.0,2023
2023-01-10 12:00:00+00:00|1.0|vol_trans_follow_h1_high_cooling_h12_tp06_sl065,2023-01-10 12:00:00+00:00,STAGE28A,data/reports/stage28a_discovery_factory_batch_runner/stage28a_exact_trades.csv,volatility_transition_v1,vol_trans_follow_h1_high_cooling_h12_tp06_sl065,0.7867000000000189,-0.263299999999981,-0.9632999999999808,0,0,0,0,0.263299999999981,15.169999999999845,8.11999999999989,0.10467980295568323,6.699999999999818,0.5716417910447807,2.8099999999999454,4.252999999999952,0.428,1.0,,,12,1,1.0,2023
2023-01-11 12:00:00+00:00|1.0|vol_trans_follow_h1_high_cooling_h12_tp06_sl065,2023-01-11 12:00:00+00:00,STAGE28A,data/reports/stage28a_discovery_factory_batch_runner/stage28a_exact_trades.csv,volatility_transition_v1,vol_trans_follow_h1_high_cooling_h12_tp06_sl065,0.9543999999999868,-0.095600000000013,-0.7956000000000127,0,0,0,0,0.095600000000013,12.879999999999882,6.419999999999845,0.09813084112151468,9.120000000000118,0.7565789473683963,3.3300000000001546,3.859999999999991,0.296,1.0,,,12,2,1.0,2023
2023-01-12 12:00:00+00:00|1.0|vol_trans_follow_h1_high_cooling_h12_tp06_sl065,2023-01-12 12:00:00+00:00,STAGE28A,data/reports/stage28a_discovery_factory_batch_runner/stage28a_exact_trades.csv,volatility_transition_v1,vol_trans_follow_h1_high_cooling_h12_tp06_sl065,0.5392000000000735,-0.5107999999999264,-1.2107999999999262,0,0,0,0,0.5107999999999264,19.480000000000018,10.3599999999999,0.7268339768339812,5.509999999999991,0.032667876588033384,4.269999999999982,3.481499999999971,0.096,1.0,,,12,3,1.0,2023
2023-01-17 12:00:00+00:00|-1.0|vol_trans_follow_h1_high_cooling_h12_tp06_sl065,2023-01-17 12:00:00+00:00,STAGE28A,data/reports/stage28a_discovery_factory_batch_runner/stage28a_exact_trades.csv,volatility_transition_v1,vol_trans_follow_h1_high_cooling_h12_tp06_sl065,-1.6789250000000266,-2.7289250000000265,-3.428925000000026,0,0,0,0,2.7289250000000265,18.069999999999936,10.960000000000036,0.5875912408759154,9.029999999999973,0.5658914728682077,4.690000000000055,3.144500000000005,0.028,-1.0,,,12,1,1.0,2023
2023-01-24 12:00:00+00:00|-1.0|vol_trans_follow_h1_high_cooling_h12_tp06_sl065,2023-01-24 12:00:00+00:00,STAGE28A,data/reports/stage28a_discovery_factory_batch_runner/stage28a_exact_trades.csv,volatility_transition_v1,vol_trans_follow_h1_high_cooling_h12_tp06_sl065,-1.6714499999999135,-2.7214499999999133,-3.421449999999913,0,0,0,0,2.7214499999999133,24.169999999999845,6.519999999999982,0.21012269938648692,9.960000000000036,0.5672690763052051,4.269999999999982,4.543999999999983,0.524,-1.0,,,12,1,1.0,2023
2023-01-31 12:00:00+00:00|-1.0|vol_trans_follow_h1_high_cooling_h12_tp06_sl065,2023-01-31 12:00:00+00:00,STAGE28A,data/reports/stage28a_discovery_factory_batch_runner/stage28a_exact_trades.csv,volatility_transition_v1,vol_trans_follow_h1_high_cooling_h12_tp06_sl065,-2.06242499999994,-3.112424999999939,-3.812424999999939,0,0,0,1,3.112424999999939,13.839999999999918,8.539999999999964,0.2412177985948424,19.180000000000064,0.7987486965589214,4.8599999999999,3.763000000000011,0.076,-1.0,,,12,1,1.0,2023
2023-02-01 12:00:00+00:00|-1.0|vol_trans_follow_h1_high_cooling_h12_tp06_sl065,2023-02-01 12:00:00+00:00,STAGE28A,data/reports/stage28a_discovery_factory_batch_runner/stage28a_exact_trades.csv,volatility_transition_v1,vol_trans_follow_h1_high_cooling_h12_tp06_sl065,-1.466375000000062,-2.5163750000000618,-3.216375000000061,0,0,0,0,2.5163750000000618,30.279999999999973,4.25,0.3764705882353262,5.929999999999836,0.11973018549747994,2.5900000000001455,3.1814999999999714,0.004,-1.0,,,12,2,2.0,2023
2023-02-07 12:00:00+00:00|1.0|vol_trans_follow_h1_high_cooling_h12_tp06_sl065,2023-02-07 12:00:00+00:00,STAGE28A,data/reports/stage28a_discovery_factory_batch_runner/stage28a_exact_trades.csv,volatility_transition_v1,vol_trans_follow_h1_high_cooling_h12_tp06_sl065,-1.9386000000000423,-2.988600000000042,-3.688600000000042,0,0,0,0,2.988600000000042,21.3900000000001,8.75,0.5234285714285631,6.900000000000091,0.17536231884054973,6.900000000000091,4.219999999999982,0.184,1.0,,,12,1,2.0,2023
2023-02-09 12:00:00+00:00|-1.0|vol_trans_follow_h1_high_cooling_h12_tp06_sl065,2023-02-09 12:00:00+00:00,STAGE28A,data/reports/stage28a_discovery_factory_batch_runner/stage28a_exact_trades.csv,volatility_transition_v1,vol_trans_follow_h1_high_cooling_h12_tp06_sl065,-1.835249999999951,-2.885249999999951,-3.5852499999999505,0,0,0,0,2.885249999999951,17.3599999999999,8.25,0.5478787878787856,9.329999999999927,0.663451232583052,5.5499999999999545,3.9744999999999893,0.108,-1.0,,,12,3,2.0,2023
2023-02-13 12:00:00+00:00|-1.0|vol_trans_follow_h1_high_cooling_h12_tp06_sl065,2023-02-13 12:00:00+00:00,STAGE28A,data/reports/stage28a_discovery_factory_batch_runner/stage28a_exact_trades.csv,volatility_transition_v1,vol_trans_follow_h1_high_cooling_h12_tp06_sl065,-1.9860500000000685,-3.0360500000000683,-3.736050000000068,0,0,0,0,3.0360500000000683,2.6800000000000637,7.569999999999936,0.647291941875843,12.6400000000001,0.06170886075949102,7.830000000000155,4.361999999999989,0.244,-1.0,,,12,0,2.0,2023
2023-02-14 12:00:00+00:00|1.0|vol_trans_follow_h1_high_cooling_h12_tp06_sl065,2023-02-14 12:00:00+00:00,STAGE28A,data/reports/stage28a_discovery_factory_batch_runner/stage28a_exact_trades.csv,volatility_transition_v1,vol_trans_follow_h1_high_cooling_h12_tp06_sl065,0.9259000000000924,-0.1240999999999075,-0.8240999999999072,0,0,0,0,0.1240999999999075,16.13000000000011,6.519999999999982,0.5920245398773218,7.099999999999909,0.12394366197181592,4.439999999999827,3.581499999999994,0.056,1.0,,,12,1,2.0,2023
2023-02-16 12:00:00+00:00|-1.0|vol_trans_follow_h1_high_cooling_h12_tp06_sl065,2023-02-16 12:00:00+00:00,STAGE28A,data/reports/stage28a_discovery_factory_batch_runner/stage28a_exact_trades.csv,volatility_transition_v1,vol_trans_follow_h1_high_cooling_h12_tp06_sl065,-1.944450000000052,-2.994450000000052,-3.6944500000000513,0,0,0,0,2.994450000000052,29.50999999999999,8.169999999999845,0.3659730722154303,10.549999999999955,0.1184834123222754,5.279999999999973,4.282499999999982,0.224,-1.0,,,12,3,2.0,2023
2023-02-20 12:00:00+00:00|1.0|vol_trans_follow_h1_high_cooling_h12_tp06_sl065,2023-02-20 12:00:00+00:00,STAGE28A,data/reports/stage28a_discovery_factory_batch_runner/stage28a_exact_trades.csv,volatility_transition_v1,vol_trans_follow_h1_high_cooling_h12_tp06_sl065,-1.5485999999999422,-2.598599999999942,-3.298599999999942,0,0,0,0,2.598599999999942,3.3700000000001182,7.559999999999945,0.5052910052910006,6.3599999999999,0.1289308176100549,2.5499999999999545,3.93599999999999,0.072,1.0,,,12,0,2.0,2023
2023-02-21 12:00:00+00:00|1.0|vol_trans_follow_h1_high_cooling_h12_tp06_sl065,2023-02-21 12:00:00+00:00,STAGE28A,data/reports/stage28a_discovery_factory_batch_runner/stage28a_exact_trades.csv,volatility_transition_v1,vol_trans_follow_h1_high_cooling_h12_tp06_sl065,-1.7520499999999175,-2.8020499999999173,-3.502049999999917,0,0,0,0,2.8020499999999173,10.169999999999845,6.710000000000036,0.3859910581222253,8.680000000000064,0.6831797235022803,4.370000000000118,2.7939999999999827,0.056,1.0,,,12,1,2.0,2023
2023-02-22 12:00:00+00:00|-1.0|vol_trans_follow_h1_high_cooling_h12_tp06_sl065,2023-02-22 12:00:00+00:00,STAGE28A,data/reports/stage28a_discovery_factory_batch_runner/stage28a_exact_trades.csv,volatility_transition_v1,vol_trans_follow_h1_high_cooling_h12_tp06_sl065,0.7369000000000142,-0.3130999999999857,-1.0130999999999857,0,0,0,0,0.3130999999999857,13.599999999999909,4.370000000000118,0.21967963386727926,9.069999999999936,0.34399117971335613,3.259999999999991,3.8975000000000137,0.188,-1.0,,,12,2,2.0,2023
2023-02-23 12:00:00+00:00|-1.0|vol_trans_follow_h1_high_cooling_h12_tp06_sl065,2023-02-23 12:00:00+00:00,STAGE28A,data/reports/stage28a_discovery_factory_batch_runner/stage28a_exact_trades.csv,volatility_transition_v1,vol_trans_follow_h1_high_cooling_h12_tp06_sl065,0.7398999999999433,-0.3101000000000566,-1.0101000000000564,0,0,0,0,0.3101000000000566,22.430000000000064,7.279999999999973,0.6565934065934053,9.3900000000001,0.3588924387646278,1.75,3.859000000000003,0.212,-1.0,,,12,3,2.0,2023
2023-02-24 12:00:00+00:00|-1.0|vol_trans_follow_h1_high_cooling_h12_tp06_sl065,2023-02-24 12:00:00+00:00,STAGE28A,data/reports/stage28a_discovery_factory_batch_runner/stage28a_exact_trades.csv,volatility_transition_v1,vol_trans_follow_h1_high_cooling_h12_tp06_sl065,-1.64057499999999,-2.6905749999999897,-3.390574999999989,0,0,0,0,2.6905749999999897,16.320000000000164,6.779999999999973,0.3554572271386566,6.529999999999973,0.4992343032159272,3.9700000000000273,3.582000000000005,0.144,-1.0,,,12,4,2.0,2023
2023-02-27 12:00:00+00:00|-1.0|vol_trans_follow_h1_high_cooling_h12_tp06_sl065,2023-02-27 12:00:00+00:00,STAGE28A,data/reports/stage28a_discovery_factory_batch_runner/stage28a_exact_trades.csv,volatility_transition_v1,vol_trans_follow_h1_high_cooling_h12_tp06_sl065,-1.5089500000000045,-2.5589500000000043,-3.258950000000004,0,0,0,0,2.5589500000000043,3.119999999999891,7.599999999999909,0.32763157894737355,6.600000000000136,0.20151515151513633,2.6800000000000637,3.57349999999999,0.156,-1.0,,,12,0,2.0,2023
2023-02-28 12:00:00+00:00|-1.0|vol_trans_follow_h1_high_cooling_h12_tp06_sl065,2023-02-28 12:00:00+00:00,STAGE28A,data/reports/stage28a_discovery_factory_batch_runner/stage28a_exact_trades.csv,volatility_transition_v1,vol_trans_follow_h1_high_cooling_h12_tp06_sl065,1.0287999999999555,-0.0212000000000442,-0.721200000000044,0,0,0,0,0.0212000000000442,13.549999999999955,5.6099999999999,0.5008912655971877,12.400000000000091,0.438709677419356,3.4400000000000546,3.348500000000013,0.168,-1.0,,,12,1,2.0,2023
2023-03-01 12:00:00+00:00|-1.0|vol_trans_follow_h1_high_cooling_h12_tp06_sl065,2023-03-01 12:00:00+00:00,STAGE28A,data/reports/stage28a_discovery_factory_batch_runner/stage28a_exact_trades.csv,volatility_transition_v1,vol_trans_follow_h1_high_cooling_h12_tp06_sl065,-1.7338499999999386,-2.7838499999999384,-3.483849999999938,0,0,0,0,2.7838499999999384,26.559999999999945,8.710000000000036,0.5051664753157373,8.179999999999836,0.6002444987775003,7.559999999999945,3.9029999999999405,0.436,-1.0,,,12,2,3.0,2023
2023-03-02 12:00:00+00:00|-1.0|vol_trans_follow_h1_high_cooling_h12_tp06_sl065,2023-03-02 12:00:00+00:00,STAGE28A,data/reports/stage28a_discovery_factory_batch_runner/stage28a_exact_trades.csv,volatility_transition_v1,vol_trans_follow_h1_high_cooling_h12_tp06_sl065,-1.6067750000000616,-2.6567750000000614,-3.356775000000061,0,0,0,0,2.6567750000000614,21.450000000000045,7.440000000000055,0.29301075268817844,5.220000000000027,0.5363984674329387,4.190000000000055,3.603499999999997,0.26,-1.0,,,12,3,3.0,2023
2023-03-03 12:00:00+00:00|1.0|vol_trans_follow_h1_high_cooling_h12_tp06_sl065,2023-03-03 12:00:00+00:00,STAGE28A,data/reports/stage28a_discovery_factory_batch_runner/stage28a_exact_trades.csv,volatility_transition_v1,vol_trans_follow_h1_high_cooling_h12_tp06_sl065,0.6496000000001004,-0.4003999999998995,-1.1003999999998992,0,0,0,0,0.4003999999998995,8.949999999999818,6.009999999999991,0.09816971713812753,9.990000000000009,0.8508508508508501,3.259999999999991,3.120499999999981,0.124,1.0,,,12,4,3.0,2023
2023-03-06 12:00:00+00:00|-1.0|vol_trans_follow_h1_high_cooling_h12_tp06_sl065,2023-03-06 12:00:00+00:00,STAGE28A,data/reports/stage28a_discovery_factory_batch_runner/stage28a_exact_trades.csv,volatility_transition_v1,vol_trans_follow_h1_high_cooling_h12_tp06_sl065,0.7074999999998909,-0.342500000000109,-1.0425000000001088,0,0,0,0,0.342500000000109,3.290000000000191,5.690000000000055,0.2882249560632837,8.38000000000011,0.46062052505967505,4.4500000000000455,3.7245000000000346,0.5,-1.0,,,12,0,3.0,2023
2023-03-07 12:00:00+00:00|-1.0|vol_trans_follow_h1_high_cooling_h12_tp06_sl065,2023-03-07 12:00:00+00:00,STAGE28A,data/reports/stage28a_discovery_factory_batch_runner/stage28a_exact_trades.csv,volatility_transition_v1,vol_trans_follow_h1_high_cooling_h12_tp06_sl065,0.6708999999999833,-0.3791000000000166,-1.0791000000000164,0,0,0,0,0.3791000000000166,13.160000000000082,6.430000000000064,0.16329704510107995,8.940000000000055,0.4798657718120735,3.6000000000001364,2.940500000000031,0.08,-1.0,,,12,1,3.0,2023
2023-03-08 12:00:00+00:00|1.0|vol_trans_follow_h1_high_cooling_h12_tp06_sl065,2023-03-08 12:00:00+00:00,STAGE28A,data/reports/stage28a_discovery_factory_batch_runner/stage28a_exact_trades.csv,volatility_transition_v1,vol_trans_follow_h1_high_cooling_h12_tp06_sl065,0.5394999999999982,-0.5105000000000017,-1.2105000000000017,0,0,0,0,0.5105000000000017,38.899999999999864,5.070000000000164,0.4773175542406301,4.800000000000182,0.5312499999999704,2.2800000000002,3.4715000000000487,0.292,1.0,,,12,2,3.0,2023
2023-03-09 12:00:00+00:00|-1.0|vol_trans_follow_h1_high_cooling_h12_tp06_sl065,2023-03-09 12:00:00+00:00,STAGE28A,data/reports/stage28a_discovery_factory_batch_runner/stage28a_exact_trades.csv,volatility_transition_v1,vol_trans_follow_h1_high_cooling_h12_tp06_sl065,-1.340600000000086,-2.3906000000000858,-3.090600000000085,0,0,0,0,2.3906000000000858,14.860000000000127,4.480000000000018,0.20535714285715825,6.339999999999918,0.5883280757097896,2.8799999999998818,3.18599999999999,0.208,-1.0,,,12,3,3.0,2023
2023-03-10 12:00:00+00:00|-1.0|vol_trans_follow_h1_high_cooling_h12_tp06_sl065,2023-03-10 12:00:00+00:00,STAGE28A,data/reports/stage28a_discovery_factory_batch_runner/stage28a_exact_trades.csv,volatility_transition_v1,vol_trans_follow_h1_high_cooling_h12_tp06_sl065,0.9636999999999262,-0.0863000000000737,-0.7863000000000735,0,0,0,0,0.0863000000000737,23.679999999999836,7.129999999999882,0.25385694249649027,8.730000000000018,0.345933562428405,5.330000000000155,4.087000000000023,0.888,-1.0,,,12,4,3.0,2023
2023-03-15 12:00:00+00:00|1.0|vol_trans_follow_h1_high_cooling_h12_tp06_sl065,2023-03-15 12:00:00+00:00,STAGE28A,data/reports/stage28a_discovery_factory_batch_runner/stage28a_exact_trades.csv,volatility_transition_v1,vol_trans_follow_h1_high_cooling_h12_tp06_sl065,-2.5931500000000143,-3.643150000000014,-4.343150000000014,0,0,0,1,3.643150000000014,18.75,5.6599999999998545,0.24558303886924177,24.029999999999973,0.28381190178942756,11.990000000000009,4.520500000000004,0.696,1.0,,,12,2,3.0,2023
2023-03-28 12:00:00+00:00|-1.0|vol_trans_follow_h1_high_cooling_h12_tp06_sl065,2023-03-28 12:00:00+00:00,STAGE28A,data/reports/stage28a_discovery_factory_batch_runner/stage28a_exact_trades.csv,volatility_transition_v1,vol_trans_follow_h1_high_cooling_h12_tp06_sl065,1.2360999999999875,0.1860999999999877,-0.513900000000012,1,0,1,0,0.1860999999999877,35.899999999999864,8.460000000000036,0.280141843971644,11.63000000000011,0.5081685296646431,6.1599999999998545,4.2409999999999854,0.004,-1.0,,,12,1,3.0,2023
2023-03-29 12:00:00+00:00|1.0|vol_trans_follow_h1_high_cooling_h12_tp06_sl065,2023-03-29 12:00:00+00:00,STAGE28A,data/reports/stage28a_discovery_factory_batch_runner/stage28a_exact_trades.csv,volatility_transition_v1,vol_trans_follow_h1_high_cooling_h12_tp06_sl065,-1.7575749999999517,-2.8075749999999515,-3.5075749999999517,0,0,0,0,2.8075749999999515,26.100000000000136,8.519999999999982,0.7500000000000133,10.220000000000027,0.07827788649705993,3.7000000000000455,4.035500000000002,0.02,1.0,,,12,2,3.0,2023
2023-03-30 12:00:00+00:00|1.0|vol_trans_follow_h1_high_cooling_h12_tp06_sl065,2023-03-30 12:00:00+00:00,STAGE28A,data/reports/stage28a_discovery_factory_batch_runner/stage28a_exact_trades.csv,volatility_transition_v1,vol_trans_follow_h1_high_cooling_h12_tp06_sl065,0.9897999999999684,-0.0602000000000315,-0.7602000000000313,0,0,0,0,0.0602000000000315,15.759999999999991,9.539999999999964,0.4947589098532542,12.559999999999945,0.6162420382165639,3.619999999999891,4.312999999999965,0.088,1.0,,,12,3,3.0,2023
2023-03-31 12:00:00+00:00|-1.0|vol_trans_follow_h1_high_cooling_h12_tp06_sl065,2023-03-31 12:00:00+00:00,STAGE28A,data/reports/stage28a_discovery_factory_batch_runner/stage28a_exact_trades.csv,volatility_transition_v1,vol_trans_follow_h1_high_cooling_h12_tp06_sl065,1.0657000000000152,0.0157000000000153,-0.6842999999999844,1,0,0,0,0.0157000000000153,28.910000000000082,5.970000000000027,0.3417085427135983,11.840000000000146,0.22972972972972922,5.520000000000209,4.092499999999961,0.096,-1.0,,,12,4,3.0,2023
2023-04-04 12:00:00+00:00|-1.0|vol_trans_follow_h1_high_cooling_h12_tp06_sl065,2023-04-04 12:00:00+00:00,STAGE28A,data/reports/stage28a_discovery_factory_batch_runner/stage28a_exact_trades.csv,volatility_transition_v1,vol_trans_follow_h1_high_cooling_h12_tp06_sl065,0.8985999999998967,-0.1514000000001032,-0.851400000000103,0,0,0,0,0.1514000000001032,40.72000000000003,7.680000000000064,0.7552083333333508,7.259999999999991,0.6680440771350059,3.9700000000000273,4.396500000000015,0.216,-1.0,,,12,1,4.0,2023
2023-04-11 12:00:00+00:00|1.0|vol_trans_follow_h1_high_cooling_h12_tp06_sl065,2023-04-11 12:00:00+00:00,STAGE28A,data/reports/stage28a_discovery_factory_batch_runner/stage28a_exact_trades.csv,volatility_transition_v1,vol_trans_follow_h1_high_cooling_h12_tp06_sl065,0.8949999999998909,-0.155000000000109,-0.8550000000001088,0,0,0,0,0.155000000000109,24.860000000000127,9.349999999999909,0.6588235294117799,10.100000000000136,0.6920792079207836,6.210000000000036,3.82199999999998,0.096,1.0,,,12,1,4.0,2023
2023-04-12 12:00:00+00:00|-1.0|vol_trans_follow_h1_high_cooling_h12_tp06_sl065,2023-04-12 12:00:00+00:00,STAGE28A,data/reports/stage28a_discovery_factory_batch_runner/stage28a_exact_trades.csv,volatility_transition_v1,vol_trans_follow_h1_high_cooling_h12_tp06_sl065,0.9108999999999924,-0.1391000000000075,-0.8391000000000073,0,0,0,0,0.1391000000000075,18.610000000000127,16.36999999999989,0.8173488087965912,12.539999999999964,0.4976076555023945,4.709999999999809,4.030999999999961,0.232,-1.0,,,12,2,4.0,2023
2023-04-14 12:00:00+00:00|-1.0|vol_trans_follow_h1_high_cooling_h12_tp06_sl065,2023-04-14 12:00:00+00:00,STAGE28A,data/reports/stage28a_discovery_factory_batch_runner/stage28a_exact_trades.csv,volatility_transition_v1,vol_trans_follow_h1_high_cooling_h12_tp06_sl065,-1.9632999999999807,-3.013299999999981,-3.7132999999999807,0,0,0,0,3.013299999999981,35.00999999999999,8.809999999999945,0.5595913734392842,14.690000000000055,0.43567052416610397,7.529999999999973,4.707000000000027,0.436,-1.0,,,12,4,4.0,2023
2023-04-18 12:00:00+00:00|1.0|vol_trans_follow_h1_high_cooling_h12_tp06_sl065,2023-04-18 12:00:00+00:00,STAGE28A,data/reports/stage28a_discovery_factory_batch_runner/stage28a_exact_trades.csv,volatility_transition_v1,vol_trans_follow_h1_high_cooling_h12_tp06_sl065,-1.6795749999999772,-2.729574999999977,-3.4295749999999767,0,0,0,0,2.729574999999977,33.8900000000001,8.5,0.6588235294117808,8.699999999999818,0.10919540229885809,3.2100000000000364,4.388999999999965,0.228,1.0,,,12,1,4.0,2023
2023-04-20 12:00:00+00:00|-1.0|vol_trans_follow_h1_high_cooling_h12_tp06_sl065,2023-04-20 12:00:00+00:00,STAGE28A,data/reports/stage28a_discovery_factory_batch_runner/stage28a_exact_trades.csv,volatility_transition_v1,vol_trans_follow_h1_high_cooling_h12_tp06_sl065,-1.7877999999999248,-2.8377999999999246,-3.5377999999999243,0,0,0,0,2.8377999999999246,38.95999999999981,8.179999999999836,0.20904645476773479,9.779999999999973,0.6932515337423304,4.539999999999964,4.351500000000021,0.276,-1.0,,,12,3,4.0,2023
2023-04-21 12:00:00+00:00|1.0|vol_trans_follow_h1_high_cooling_h12_tp06_sl065,2023-04-21 12:00:00+00:00,STAGE28A,data/reports/stage28a_discovery_factory_batch_runner/stage28a_exact_trades.csv,volatility_transition_v1,vol_trans_follow_h1_high_cooling_h12_tp06_sl065,1.5858999999999468,0.535899999999947,-0.1641000000000527,1,0,1,0,0.535899999999947,21.839999999999918,4.940000000000055,0.5161943319837907,20.37999999999988,0.7850834151128603,5.490000000000009,4.761000000000036,0.404,1.0,,,12,4,4.0,2023
2023-04-27 12:00:00+00:00|-1.0|vol_trans_follow_h1_high_cooling_h12_tp06_sl065,2023-04-27 12:00:00+00:00,STAGE28A,data/reports/stage28a_discovery_factory_batch_runner/stage28a_exact_trades.csv,volatility_transition_v1,vol_trans_follow_h1_high_cooling_h12_tp06_sl065,1.0251999999999497,-0.0248000000000501,-0.7248000000000498,0,0,0,0,0.0248000000000501,25.920000000000073,11.960000000000036,0.8127090301003342,6.400000000000091,0.44687499999997804,2.349999999999909,4.818500000000029,0.368,-1.0,,,12,3,4.0,2023
2023-04-28 12:00:00+00:00|1.0|vol_trans_follow_h1_high_cooling_h12_tp06_sl065,2023-04-28 12:00:00+00:00,STAGE28A,data/reports/stage28a_discovery_factory_batch_runner/stage28a_exact_trades.csv,volatility_transition_v1,vol_trans_follow_h1_high_cooling_h12_tp06_sl065,0.9999999999999092,-0.0500000000000908,-0.7500000000000906,0,0,0,0,0.0500000000000908,29.029999999999973,6.509999999999991,0.32872503840243866,10.569999999999936,0.5619678334909993,3.9300000000000637,4.277499999999998,0.144,1.0,,,12,4,4.0,2023
2023-05-01 12:00:00+00:00|-1.0|vol_trans_follow_h1_high_cooling_h12_tp06_sl065,2023-05-01 12:00:00+00:00,STAGE28A,data/reports/stage28a_discovery_factory_batch_runner/stage28a_exact_trades.csv,volatility_transition_v1,vol_trans_follow_h1_high_cooling_h12_tp06_sl065,0.6631000000001223,-0.3868999999998777,-1.0868999999998774,0,0,0,0,0.3868999999998777,3.2999999999999545,11.25,0.5164444444444396,9.319999999999936,0.14377682403432696,4.180000000000064,4.103000000000032,0.096,-1.0,,,12,0,5.0,2023
2023-05-02 12:00:00+00:00|-1.0|vol_trans_follow_h1_high_cooling_h12_tp06_sl065,2023-05-02 12:00:00+00:00,STAGE28A,data/reports/stage28a_discovery_factory_batch_runner/stage28a_exact_trades.csv,volatility_transition_v1,vol_trans_follow_h1_high_cooling_h12_tp06_sl065,0.7215999999999895,-0.3284000000000104,-1.0284000000000102,0,0,0,0,0.3284000000000104,28.960000000000036,4.459999999999809,0.12556053811658507,7.899999999999864,0.25949367088607467,3.8199999999999363,3.7164999999999737,0.056,-1.0,,,12,1,5.0,2023
2023-05-03 12:00:00+00:00|1.0|vol_trans_follow_h1_high_cooling_h12_tp06_sl065,2023-05-03 12:00:00+00:00,STAGE28A,data/reports/stage28a_discovery_factory_batch_runner/stage28a_exact_trades.csv,volatility_transition_v1,vol_trans_follow_h1_high_cooling_h12_tp06_sl065,0.6255999999999858,-0.4244000000000141,-1.1244000000000138,0,0,0,0,0.4244000000000141,40.909999999999854,4.5300000000002,0.6247240618101109,6.770000000000209,0.20531757754798075,2.4300000000000637,4.608499999999992,0.342,1.0,,,12,2,5.0,2023
2023-05-08 12:00:00+00:00|1.0|vol_trans_follow_h1_high_cooling_h12_tp06_sl065,2023-05-08 12:00:00+00:00,STAGE28A,data/reports/stage28a_discovery_factory_batch_runner/stage28a_exact_trades.csv,volatility_transition_v1,vol_trans_follow_h1_high_cooling_h12_tp06_sl065,0.5820999999999913,-0.4679000000000086,-1.1679000000000084,0,0,0,0,0.4679000000000086,3.8199999999999363,9.689999999999827,0.8926728586171329,4.629999999999882,0.12526997840176446,3.099999999999909,4.463499999999977,0.24,1.0,,,12,0,5.0,2023
2023-05-09 12:00:00+00:00|1.0|vol_trans_follow_h1_high_cooling_h12_tp06_sl065,2023-05-09 12:00:00+00:00,STAGE28A,data/reports/stage28a_discovery_factory_batch_runner/stage28a_exact_trades.csv,volatility_transition_v1,vol_trans_follow_h1_high_cooling_h12_tp06_sl065,-1.6071000000000368,-2.6571000000000367,-3.3571000000000364,0,0,0,0,2.6571000000000367,15.129999999999882,5.400000000000091,0.4944444444444075,7.330000000000155,0.46248294679400115,4.690000000000055,3.4920000000000413,0.08,1.0,,,12,1,5.0,2023
2023-05-10 12:00:00+00:00|-1.0|vol_trans_follow_h1_high_cooling_h12_tp06_sl065,2023-05-10 12:00:00+00:00,STAGE28A,data/reports/stage28a_discovery_factory_batch_runner/stage28a_exact_trades.csv,volatility_transition_v1,vol_trans_follow_h1_high_cooling_h12_tp06_sl065,-1.554774999999927,-2.604774999999927,-3.3047749999999265,0,0,0,0,2.604774999999927,18.029999999999973,7.679999999999836,0.5572916666667046,6.680000000000064,0.39371257485027794,5.559999999999945,3.5410000000000195,0.152,-1.0,,,12,2,5.0,2023
2023-05-11 12:00:00+00:00|-1.0|vol_trans_follow_h1_high_cooling_h12_tp06_sl065,2023-05-11 12:00:00+00:00,STAGE28A,data/reports/stage28a_discovery_factory_batch_runner/stage28a_exact_trades.csv,volatility_transition_v1,vol_trans_follow_h1_high_cooling_h12_tp06_sl065,-1.8612500000000185,-2.911250000000018,-3.611250000000018,0,0,0,0,2.911250000000018,26.679999999999836,7.099999999999909,0.10563380281690277,11.410000000000082,0.47414548641542886,3.7200000000000273,4.563499999999976,0.408,-1.0,,,12,3,5.0,2023
2023-05-15 12:00:00+00:00|-1.0|vol_trans_follow_h1_high_cooling_h12_tp06_sl065,2023-05-15 12:00:00+00:00,STAGE28A,data/reports/stage28a_discovery_factory_batch_runner/stage28a_exact_trades.csv,volatility_transition_v1,vol_trans_follow_h1_high_cooling_h12_tp06_sl065,0.7986999999999626,-0.2513000000000374,-0.9513000000000372,0,0,0,0,0.2513000000000374,4.789999999999964,11.710000000000036,0.2613151152860748,7.720000000000027,0.3121761658031183,3.8299999999999272,4.288499999999999,0.328,-1.0,,,12,0,5.0,2023
2023-05-16 12:00:00+00:00|1.0|vol_trans_follow_h1_high_cooling_h12_tp06_sl065,2023-05-16 12:00:00+00:00,STAGE28A,data/reports/stage28a_discovery_factory_batch_runner/stage28a_exact_trades.csv,volatility_transition_v1,vol_trans_follow_h1_high_cooling_h12_tp06_sl065,-1.6587749999999688,-2.7087749999999686,-3.4087749999999684,0,0,0,0,2.7087749999999686,15.009999999999991,4.600000000000136,0.21521739130434342,15.0,0.49066666666666,1.400000000000091,3.5830000000000153,0.204,1.0,,,12,1,5.0,2023
2023-05-17 12:00:00+00:00|-1.0|vol_trans_follow_h1_high_cooling_h12_tp06_sl065,2023-05-17 12:00:00+00:00,STAGE28A,data/reports/stage28a_discovery_factory_batch_runner/stage28a_exact_trades.csv,volatility_transition_v1,vol_trans_follow_h1_high_cooling_h12_tp06_sl065,0.6589000000000397,-0.3910999999999602,-1.09109999999996,0,0,0,0,0.3910999999999602,32.789999999999964,5.0,0.25599999999999457,8.180000000000064,0.892420537897298,3.1900000000000546,3.64050000000002,0.236,-1.0,,,12,2,5.0,2023
2023-05-18 12:00:00+00:00|1.0|vol_trans_follow_h1_high_cooling_h12_tp06_sl065,2023-05-18 12:00:00+00:00,STAGE28A,data/reports/stage28a_discovery_factory_batch_runner/stage28a_exact_trades.csv,volatility_transition_v1,vol_trans_follow_h1_high_cooling_h12_tp06_sl065,0.8980000000000473,-0.1519999999999526,-0.8519999999999524,0,0,0,0,0.1519999999999526,17.950000000000045,5.4099999999998545,0.13308687615523462,10.519999999999982,0.4591254752851866,4.0,3.813000000000011,0.332,1.0,,,12,3,5.0,2023
2023-05-19 12:00:00+00:00|-1.0|vol_trans_follow_h1_high_cooling_h12_tp06_sl065,2023-05-19 12:00:00+00:00,STAGE28A,data/reports/stage28a_discovery_factory_batch_runner/stage28a_exact_trades.csv,volatility_transition_v1,vol_trans_follow_h1_high_cooling_h12_tp06_sl065,-1.702975000000015,-2.752975000000015,-3.4529750000000146,0,0,0,0,2.752975000000015,33.97999999999979,9.659999999999854,0.4906832298136729,8.100000000000136,0.5469135802469123,2.9400000000000546,4.0184999999999835,0.464,-1.0,,,12,4,5.0,2023
2023-05-23 12:00:00+00:00|1.0|vol_trans_follow_h1_high_cooling_h12_tp06_sl065,2023-05-23 12:00:00+00:00,STAGE28A,data/reports/stage28a_discovery_factory_batch_runner/stage28a_exact_trades.csv,volatility_transition_v1,vol_trans_follow_h1_high_cooling_h12_tp06_sl065,1.03779999999997,-0.0122000000000297,-0.7122000000000295,0,0,0,0,0.0122000000000297,13.670000000000073,12.319999999999936,0.6915584415584437,10.339999999999918,0.5483558994197406,6.449999999999818,4.186499999999978,0.512,1.0,,,12,1,5.0,2023
2023-05-24 12:00:00+00:00|1.0|vol_trans_follow_h1_high_cooling_h12_tp06_sl065,2023-05-24 12:00:00+00:00,STAGE28A,data/reports/stage28a_discovery_factory_batch_runner/stage28a_exact_trades.csv,volatility_transition_v1,vol_trans_follow_h1_high_cooling_h12_tp06_sl065,1.101399999999921,0.0513999999999215,-0.6486000000000782,1,0,0,0,0.0513999999999215,23.449999999999818,4.529999999999973,0.0883002207505223,9.820000000000164,0.036659877800396534,4.1599999999998545,4.439499999999998,0.568,1.0,,,12,2,5.0,2023
2023-05-25 12:00:00+00:00|1.0|vol_trans_follow_h1_high_cooling_h12_tp06_sl065,2023-05-25 12:00:00+00:00,STAGE28A,data/reports/stage28a_discovery_factory_batch_runner/stage28a_exact_trades.csv,volatility_transition_v1,vol_trans_follow_h1_high_cooling_h12_tp06_sl065,0.7594000000000506,-0.2905999999999493,-0.9905999999999492,0,0,0,0,0.2905999999999493,28.560000000000173,6.789999999999964,0.5729013254786629,9.850000000000136,0.39187817258884,5.5499999999999545,4.723500000000001,0.632,1.0,,,12,3,5.0,2023
2023-05-26 12:00:00+00:00|-1.0|vol_trans_follow_h1_high_cooling_h12_tp06_sl065,2023-05-26 12:00:00+00:00,STAGE28A,data/reports/stage28a_discovery_factory_batch_runner/stage28a_exact_trades.csv,volatility_transition_v1,vol_trans_follow_h1_high_cooling_h12_tp06_sl065,-1.739699999999948,-2.789699999999948,-3.489699999999948,0,0,0,0,2.789699999999948,25.910000000000082,12.120000000000118,0.5140264026402606,10.289999999999964,0.5053449951409197,5.3400000000001455,4.305500000000018,0.48,-1.0,,,12,4,5.0,2023
2023-05-29 12:00:00+00:00|1.0|vol_trans_follow_h1_high_cooling_h12_tp06_sl065,2023-05-29 12:00:00+00:00,STAGE28A,data/reports/stage28a_discovery_factory_batch_runner/stage28a_exact_trades.csv,volatility_transition_v1,vol_trans_follow_h1_high_cooling_h12_tp06_sl065,0.4549000000000888,-0.5950999999999111,-1.2950999999999109,0,0,0,0,0.5950999999999111,5.179999999999836,5.929999999999836,0.2698145025295414,8.11999999999989,0.0443349753694464,4.730000000000018,3.637499999999966,0.132,1.0,,,12,0,5.0,2023
2023-05-30 12:00:00+00:00|1.0|vol_trans_follow_h1_high_cooling_h12_tp06_sl065,2023-05-30 12:00:00+00:00,STAGE28A,data/reports/stage28a_discovery_factory_batch_runner/stage28a_exact_trades.csv,volatility_transition_v1,vol_trans_follow_h1_high_cooling_h12_tp06_sl065,1.278999999999905,0.2289999999999055,-0.4710000000000942,1,0,1,0,0.2289999999999055,9.490000000000009,7.379999999999882,0.4878048780488068,21.039999999999964,0.6416349809885943,5.189999999999827,3.275999999999988,0.124,1.0,,,12,1,5.0,2023
2023-05-31 12:00:00+00:00|-1.0|vol_trans_follow_h1_high_cooling_h12_tp06_sl065,2023-05-31 12:00:00+00:00,STAGE28A,data/reports/stage28a_discovery_factory_batch_runner/stage28a_exact_trades.csv,volatility_transition_v1,vol_trans_follow_h1_high_cooling_h12_tp06_sl065,-1.773825000000079,-2.823825000000079,-3.5238250000000786,0,0,0,0,2.823825000000079,31.529999999999973,6.8400000000001455,0.07748538011695343,10.319999999999936,0.06395348837210135,4.599999999999909,3.6590000000000034,0.192,-1.0,,,12,2,5.0,2023
2023-06-01 12:00:00+00:00|1.0|vol_trans_follow_h1_high_cooling_h12_tp06_sl065,2023-06-01 12:00:00+00:00,STAGE28A,data/reports/stage28a_discovery_factory_batch_runner/stage28a_exact_trades.csv,volatility_transition_v1,vol_trans_follow_h1_high_cooling_h12_tp06_sl065,-1.494974999999931,-2.544974999999931,-3.244974999999931,0,0,0,0,2.544974999999931,21.13000000000011,5.470000000000027,0.40036563071298786,12.440000000000055,0.31511254019291224,3.4200000000000728,4.338000000000022,0.484,1.0,,,12,3,6.0,2023
2023-06-02 12:00:00+00:00|1.0|vol_trans_follow_h1_high_cooling_h12_tp06_sl065,2023-06-02 12:00:00+00:00,STAGE28A,data/reports/stage28a_discovery_factory_batch_runner/stage28a_exact_trades.csv,volatility_transition_v1,vol_trans_follow_h1_high_cooling_h12_tp06_sl065,0.7012000000001081,-0.3487999999998918,-1.0487999999998916,0,0,0,0,0.3487999999998918,29.720000000000027,9.389999999999873,0.55271565495209,7.849999999999909,0.2496815286624279,4.869999999999891,3.68449999999998,0.172,1.0,,,12,4,6.0,2023
2023-06-05 12:00:00+00:00|1.0|vol_trans_follow_h1_high_cooling_h12_tp06_sl065,2023-06-05 12:00:00+00:00,STAGE28A,data/reports/stage28a_discovery_factory_batch_runner/stage28a_exact_trades.csv,volatility_transition_v1,vol_trans_follow_h1_high_cooling_h12_tp06_sl065,-1.6135999999999968,-2.6635999999999966,-3.3635999999999964,0,0,0,0,2.6635999999999966,3.5399999999999636,6.1099999999999,0.2929623567921429,8.799999999999955,0.2590909090909073,5.25,4.456000000000029,0.512,1.0,,,12,0,6.0,2023
2023-06-06 12:00:00+00:00|1.0|vol_trans_follow_h1_high_cooling_h12_tp06_sl065,2023-06-06 12:00:00+00:00,STAGE28A,data/reports/stage28a_discovery_factory_batch_runner/stage28a_exact_trades.csv,volatility_transition_v1,vol_trans_follow_h1_high_cooling_h12_tp06_sl065,0.8682999999999993,-0.1817000000000006,-0.8817000000000004,0,0,0,0,0.1817000000000006,25.87000000000012,5.519999999999982,0.5851449275362371,6.670000000000073,0.4692653673163531,4.169999999999845,3.5699999999999705,0.136,1.0,,,12,1,6.0,2023
2023-06-07 12:00:00+00:00|1.0|vol_trans_follow_h1_high_cooling_h12_tp06_sl065,2023-06-07 12:00:00+00:00,STAGE28A,data/reports/stage28a_discovery_factory_batch_runner/stage28a_exact_trades.csv,volatility_transition_v1,vol_trans_follow_h1_high_cooling_h12_tp06_sl065,0.6927999999999429,-0.357200000000057,-1.0572000000000568,0,0,0,0,0.357200000000057,11.980000000000018,3.9199999999998454,0.08673469387753356,10.009999999999991,0.11288711288712389,5.889999999999873,3.3504999999999883,0.132,1.0,,,12,2,6.0,2023
2023-06-08 12:00:00+00:00|1.0|vol_trans_follow_h1_high_cooling_h12_tp06_sl065,2023-06-08 12:00:00+00:00,STAGE28A,data/reports/stage28a_discovery_factory_batch_runner/stage28a_exact_trades.csv,volatility_transition_v1,vol_trans_follow_h1_high_cooling_h12_tp06_sl065,0.7317999999999302,-0.3182000000000697,-1.0182000000000695,0,0,0,0,0.3182000000000697,30.329999999999927,7.440000000000055,0.5349462365591383,6.319999999999936,0.011075949367078645,2.3799999999998818,4.5735000000000126,0.656,1.0,,,12,3,6.0,2023
2023-06-09 12:00:00+00:00|-1.0|vol_trans_follow_h1_high_cooling_h12_tp06_sl065,2023-06-09 12:00:00+00:00,STAGE28A,data/reports/stage28a_discovery_factory_batch_runner/stage28a_exact_trades.csv,volatility_transition_v1,vol_trans_follow_h1_high_cooling_h12_tp06_sl065,-1.198899999999958,-2.2488999999999577,-2.948899999999957,0,0,0,0,2.2488999999999577,30.90000000000009,3.25,0.7046153846153734,5.440000000000055,0.34191176470590234,2.6700000000000728,2.827000000000021,0.068,-1.0,,,12,4,6.0,2023
2023-06-12 12:00:00+00:00|1.0|vol_trans_follow_h1_high_cooling_h12_tp06_sl065,2023-06-12 12:00:00+00:00,STAGE28A,data/reports/stage28a_discovery_factory_batch_runner/stage28a_exact_trades.csv,volatility_transition_v1,vol_trans_follow_h1_high_cooling_h12_tp06_sl065,0.7213000000000648,-0.3286999999999351,-1.0286999999999349,0,0,0,0,0.3286999999999351,1.740000000000009,6.239999999999782,0.06891025641026903,9.049999999999955,0.7502762430939224,5.240000000000009,3.434999999999957,0.248,1.0,,,12,0,6.0,2023
2023-06-13 12:00:00+00:00|1.0|vol_trans_follow_h1_high_cooling_h12_tp06_sl065,2023-06-13 12:00:00+00:00,STAGE28A,data/reports/stage28a_discovery_factory_batch_runner/stage28a_exact_trades.csv,volatility_transition_v1,vol_trans_follow_h1_high_cooling_h12_tp06_sl065,0.6066999999999553,-0.4433000000000446,-1.1433000000000444,0,0,0,0,0.4433000000000446,17.7800000000002,6.210000000000036,0.6070853462157745,7.149999999999864,0.1706293706293777,3.1599999999998545,3.764999999999975,0.416,1.0,,,12,1,6.0,2023
2023-06-14 12:00:00+00:00|1.0|vol_trans_follow_h1_high_cooling_h12_tp06_sl065,2023-06-14 12:00:00+00:00,STAGE28A,data/reports/stage28a_discovery_factory_batch_runner/stage28a_exact_trades.csv,volatility_transition_v1,vol_trans_follow_h1_high_cooling_h12_tp06_sl065,0.6916000000000168,-0.3583999999999832,-1.058399999999983,0,0,0,0,0.3583999999999832,30.730000000000018,7.240000000000009,0.7223756906077364,7.639999999999873,0.2683246073298414,2.5100000000002183,4.04100000000002,0.568,1.0,,,12,2,6.0,2023
2023-06-16 12:00:00+00:00|1.0|vol_trans_follow_h1_high_cooling_h12_tp06_sl065,2023-06-16 12:00:00+00:00,STAGE28A,data/reports/stage28a_discovery_factory_batch_runner/stage28a_exact_trades.csv,volatility_transition_v1,vol_trans_follow_h1_high_cooling_h12_tp06_sl065,0.8398000000001048,-0.2101999999998951,-0.9101999999998948,0,0,0,0,0.2101999999998951,35.600000000000136,6.8900000000001,0.27576197387519064,10.069999999999936,0.7636544190665445,4.029999999999973,4.221000000000027,0.6,1.0,,,12,4,6.0,2023
2023-06-19 12:00:00+00:00|1.0|vol_trans_follow_h1_high_cooling_h12_tp06_sl065,2023-06-19 12:00:00+00:00,STAGE28A,data/reports/stage28a_discovery_factory_batch_runner/stage28a_exact_trades.csv,volatility_transition_v1,vol_trans_follow_h1_high_cooling_h12_tp06_sl065,0.5262999999999011,-0.5237000000000989,-1.2237000000000986,0,0,0,0,0.5237000000000989,3.0699999999999363,4.7199999999998,0.5127118644068168,8.539999999999964,0.6217798594847738,3.6799999999998363,3.65799999999997,0.304,1.0,,,12,0,6.0,2023
2023-06-20 12:00:00+00:00|-1.0|vol_trans_follow_h1_high_cooling_h12_tp06_sl065,2023-06-20 12:00:00+00:00,STAGE28A,data/reports/stage28a_discovery_factory_batch_runner/stage28a_exact_trades.csv,volatility_transition_v1,vol_trans_follow_h1_high_cooling_h12_tp06_sl065,-1.543400000000111,-2.5934000000001105,-3.2934000000001102,0,0,0,0,2.5934000000001105,10.899999999999864,9.029999999999973,0.2159468438538263,9.8900000000001,0.2517694641051551,2.7000000000000455,3.047500000000025,0.164,-1.0,,,12,1,6.0,2023
2023-06-21 12:00:00+00:00|-1.0|vol_trans_follow_h1_high_cooling_h12_tp06_sl065,2023-06-21 12:00:00+00:00,STAGE28A,data/reports/stage28a_discovery_factory_batch_runner/stage28a_exact_trades.csv,volatility_transition_v1,vol_trans_follow_h1_high_cooling_h12_tp06_sl065,-1.5219499999999244,-2.571949999999924,-3.271949999999924,0,0,0,0,2.571949999999924,26.99000000000001,4.149999999999864,0.10843373493977355,6.149999999999864,0.6065040650406668,2.2999999999999545,3.3879999999999653,0.256,-1.0,,,12,2,6.0,2023
2023-06-22 12:00:00+00:00|-1.0|vol_trans_follow_h1_high_cooling_h12_tp06_sl065,2023-06-22 12:00:00+00:00,STAGE28A,data/reports/stage28a_discovery_factory_batch_runner/stage28a_exact_trades.csv,volatility_transition_v1,vol_trans_follow_h1_high_cooling_h12_tp06_sl065,0.8583999999999833,-0.1916000000000166,-0.8916000000000164,0,0,0,0,0.1916000000000166,20.25,3.459999999999809,0.2687861271676633,8.180000000000064,0.46210268948654565,6.539999999999964,3.8329999999999815,0.464,-1.0,,,12,3,6.0,2023
2023-06-23 12:00:00+00:00|-1.0|vol_trans_follow_h1_high_cooling_h12_tp06_sl065,2023-06-23 12:00:00+00:00,STAGE28A,data/reports/stage28a_discovery_factory_batch_runner/stage28a_exact_trades.csv,volatility_transition_v1,vol_trans_follow_h1_high_cooling_h12_tp06_sl065,-1.6360249999998815,-2.6860249999998813,-3.386024999999881,0,0,0,0,2.6860249999998813,22.579999999999927,6.009999999999991,0.21630615640598277,7.990000000000009,0.6958698372966131,2.980000000000018,3.7489999999999895,0.424,-1.0,,,12,4,6.0,2023
2023-06-26 12:00:00+00:00|1.0|vol_trans_follow_h1_high_cooling_h12_tp06_sl065,2023-06-26 12:00:00+00:00,STAGE28A,data/reports/stage28a_discovery_factory_batch_runner/stage28a_exact_trades.csv,volatility_transition_v1,vol_trans_follow_h1_high_cooling_h12_tp06_sl065,-1.4940000000000055,-2.5440000000000054,-3.244000000000005,0,0,0,0,2.5440000000000054,3.490000000000009,5.870000000000118,0.12776831345825979,11.200000000000045,0.3928571428571494,4.430000000000064,3.8724999999999907,0.448,1.0,,,12,0,6.0,2023
2023-06-27 12:00:00+00:00|-1.0|vol_trans_follow_h1_high_cooling_h12_tp06_sl065,2023-06-27 12:00:00+00:00,STAGE28A,data/reports/stage28a_discovery_factory_batch_runner/stage28a_exact_trades.csv,volatility_transition_v1,vol_trans_follow_h1_high_cooling_h12_tp06_sl065,0.5958999999999378,-0.4541000000000621,-1.154100000000062,0,0,0,0,0.4541000000000621,11.819999999999936,9.349999999999909,0.4064171122994643,5.9500000000000455,0.724369747899145,4.4500000000000455,3.4095000000000026,0.228,-1.0,,,12,1,6.0,2023
2023-06-28 12:00:00+00:00|-1.0|vol_trans_follow_h1_high_cooling_h12_tp06_sl065,2023-06-28 12:00:00+00:00,STAGE28A,data/reports/stage28a_discovery_factory_batch_runner/stage28a_exact_trades.csv,volatility_transition_v1,vol_trans_follow_h1_high_cooling_h12_tp06_sl065,0.6055000000000291,-0.4444999999999708,-1.1444999999999703,0,0,0,0,0.4444999999999708,19.659999999999854,3.949999999999818,0.05822784810127311,9.480000000000018,0.8280590717299466,3.3599999999999,3.550500000000022,0.312,-1.0,,,12,2,6.0,2023
2023-06-29 12:00:00+00:00|1.0|vol_trans_follow_h1_high_cooling_h12_tp06_sl065,2023-06-29 12:00:00+00:00,STAGE28A,data/reports/stage28a_discovery_factory_batch_runner/stage28a_exact_trades.csv,volatility_transition_v1,vol_trans_follow_h1_high_cooling_h12_tp06_sl065,0.6907000000000153,-0.3592999999999846,-1.0592999999999844,0,0,0,0,0.3592999999999846,14.339999999999918,10.029999999999973,0.4386839481555437,5.619999999999891,0.03914590747331522,3.6299999999998818,3.4644999999999984,0.316,1.0,,,12,3,6.0,2023
2023-06-30 12:00:00+00:00|-1.0|vol_trans_follow_h1_high_cooling_h12_tp06_sl065,2023-06-30 12:00:00+00:00,STAGE28A,data/reports/stage28a_discovery_factory_batch_runner/stage28a_exact_trades.csv,volatility_transition_v1,vol_trans_follow_h1_high_cooling_h12_tp06_sl065,0.6034000000001015,-0.4465999999998984,-1.146599999999898,0,0,0,0,0.4465999999998984,20.1099999999999,2.660000000000082,0.037593984962456146,9.329999999999927,0.33976420150054637,5.009999999999991,3.291999999999973,0.236,-1.0,,,12,4,6.0,2023
2023-07-03 12:00:00+00:00|-1.0|vol_trans_follow_h1_high_cooling_h12_tp06_sl065,2023-07-03 12:00:00+00:00,STAGE28A,data/reports/stage28a_discovery_factory_batch_runner/stage28a_exact_trades.csv,volatility_transition_v1,vol_trans_follow_h1_high_cooling_h12_tp06_sl065,0.6693999999999051,-0.3806000000000948,-1.0806000000000946,0,0,0,0,0.3806000000000948,1.1800000000000637,4.940000000000055,0.18825910931170567,10.5,0.4961904761904797,3.3299999999999272,3.2539999999999965,0.224,-1.0,,,12,0,7.0,2023
2023-07-04 12:00:00+00:00|1.0|vol_trans_follow_h1_high_cooling_h12_tp06_sl065,2023-07-04 12:00:00+00:00,STAGE28A,data/reports/stage28a_discovery_factory_batch_runner/stage28a_exact_trades.csv,volatility_transition_v1,vol_trans_follow_h1_high_cooling_h12_tp06_sl065,-1.2024749999999131,-2.252474999999913,-2.9524749999999127,0,0,0,0,2.252474999999913,20.950000000000045,3.6399999999998727,0.4807692307692476,7.9099999999998545,0.8609355246523765,3.0699999999999363,2.6360000000000015,0.012,1.0,,,12,1,7.0,2023
2023-07-05 12:00:00+00:00|-1.0|vol_trans_follow_h1_high_cooling_h12_tp06_sl065,2023-07-05 12:00:00+00:00,STAGE28A,data/reports/stage28a_discovery_factory_batch_runner/stage28a_exact_trades.csv,volatility_transition_v1,vol_trans_follow_h1_high_cooling_h12_tp06_sl065,0.5068000000000211,-0.5431999999999788,-1.2431999999999783,0,0,0,0,0.5431999999999788,10.940000000000055,3.9700000000000273,0.42821158690177175,8.25,0.5624242424242546,2.9200000000000728,2.435000000000025,0.092,-1.0,,,12,2,7.0,2023
2023-07-06 12:00:00+00:00|-1.0|vol_trans_follow_h1_high_cooling_h12_tp06_sl065,2023-07-06 12:00:00+00:00,STAGE28A,data/reports/stage28a_discovery_factory_batch_runner/stage28a_exact_trades.csv,volatility_transition_v1,vol_trans_follow_h1_high_cooling_h12_tp06_sl065,-1.2249000000000252,-2.274900000000025,-2.9749000000000247,0,0,0,0,2.274900000000025,20.289999999999964,5.2000000000000455,0.3557692307692102,5.379999999999882,0.15055762081783702,3.660000000000082,3.276999999999987,0.276,-1.0,,,12,3,7.0,2023
2023-07-07 12:00:00+00:00|1.0|vol_trans_follow_h1_high_cooling_h12_tp06_sl065,2023-07-07 12:00:00+00:00,STAGE28A,data/reports/stage28a_discovery_factory_batch_runner/stage28a_exact_trades.csv,volatility_transition_v1,vol_trans_follow_h1_high_cooling_h12_tp06_sl065,0.461200000000099,-0.588799999999901,-1.2887999999999007,0,0,0,0,0.588799999999901,24.910000000000082,2.8099999999999454,0.049822064056895154,6.5499999999999545,0.7709923664122121,2.4300000000000637,2.966000000000008,0.184,1.0,,,12,4,7.0,2023
2023-07-10 12:00:00+00:00|1.0|vol_trans_follow_h1_high_cooling_h12_tp06_sl065,2023-07-10 12:00:00+00:00,STAGE28A,data/reports/stage28a_discovery_factory_batch_runner/stage28a_exact_trades.csv,volatility_transition_v1,vol_trans_follow_h1_high_cooling_h12_tp06_sl065,0.5020000000000892,-0.5479999999999108,-1.2479999999999103,0,0,0,0,0.5479999999999108,4.289999999999964,5.559999999999945,0.3992805755395772,6.920000000000073,0.0765895953757178,2.9400000000000546,4.028499999999997,0.76,1.0,,,12,0,7.0,2023
2023-07-11 12:00:00+00:00|1.0|vol_trans_follow_h1_high_cooling_h12_tp06_sl065,2023-07-11 12:00:00+00:00,STAGE28A,data/reports/stage28a_discovery_factory_batch_runner/stage28a_exact_trades.csv,volatility_transition_v1,vol_trans_follow_h1_high_cooling_h12_tp06_sl065,-1.7335249999999631,-2.783524999999963,-3.483524999999963,0,0,0,0,2.783524999999963,15.459999999999809,4.690000000000055,0.3432835820895754,11.970000000000027,0.9598997493734321,5.389999999999873,3.3870000000000005,0.412,1.0,,,12,1,7.0,2023
2023-07-12 12:00:00+00:00|1.0|vol_trans_follow_h1_high_cooling_h12_tp06_sl065,2023-07-12 12:00:00+00:00,STAGE28A,data/reports/stage28a_discovery_factory_batch_runner/stage28a_exact_trades.csv,volatility_transition_v1,vol_trans_follow_h1_high_cooling_h12_tp06_sl065,0.5239000000000488,-0.5260999999999512,-1.226099999999951,0,0,0,0,0.5260999999999512,14.170000000000073,8.88000000000011,0.5833333333333334,6.5,0.4799999999999832,2.769999999999982,2.596000000000015,0.132,1.0,,,12,2,7.0,2023
2023-07-13 12:00:00+00:00|-1.0|vol_trans_follow_h1_high_cooling_h12_tp06_sl065,2023-07-13 12:00:00+00:00,STAGE28A,data/reports/stage28a_discovery_factory_batch_runner/stage28a_exact_trades.csv,volatility_transition_v1,vol_trans_follow_h1_high_cooling_h12_tp06_sl065,0.8574999999999818,-0.1925000000000181,-0.8925000000000178,0,0,0,0,0.1925000000000181,27.560000000000173,6.690000000000055,0.38415545590432215,8.11999999999989,0.035714285714281716,2.589999999999918,3.8634999999999993,0.708,-1.0,,,12,3,7.0,2023
2023-07-14 12:00:00+00:00|-1.0|vol_trans_follow_h1_high_cooling_h12_tp06_sl065,2023-07-14 12:00:00+00:00,STAGE28A,data/reports/stage28a_discovery_factory_batch_runner/stage28a_exact_trades.csv,volatility_transition_v1,vol_trans_follow_h1_high_cooling_h12_tp06_sl065,0.6375999999999294,-0.4124000000000705,-1.1124000000000702,0,0,0,0,0.4124000000000705,11.190000000000055,5.370000000000118,0.4897579143388871,8.259999999999991,0.7990314769975686,2.540000000000191,2.9980000000000246,0.24,-1.0,,,12,4,7.0,2023
2023-07-17 12:00:00+00:00|1.0|vol_trans_follow_h1_high_cooling_h12_tp06_sl065,2023-07-17 12:00:00+00:00,STAGE28A,data/reports/stage28a_discovery_factory_batch_runner/stage28a_exact_trades.csv,volatility_transition_v1,vol_trans_follow_h1_high_cooling_h12_tp06_sl065,0.6868000000000848,-0.3631999999999151,-1.0631999999999149,0,0,0,0,0.3631999999999151,2.8300000000001546,4.990000000000009,0.1923847695390851,8.600000000000136,0.7697674418604666,5.5,3.594999999999982,0.596,1.0,,,12,0,7.0,2023
2023-07-18 12:00:00+00:00|1.0|vol_trans_follow_h1_high_cooling_h12_tp06_sl065,2023-07-18 12:00:00+00:00,STAGE28A,data/reports/stage28a_discovery_factory_batch_runner/stage28a_exact_trades.csv,volatility_transition_v1,vol_trans_follow_h1_high_cooling_h12_tp06_sl065,0.5854000000000724,-0.4645999999999275,-1.1645999999999272,0,0,0,0,0.4645999999999275,14.089999999999918,6.839999999999918,0.7046783625730986,6.329999999999927,0.513428120063197,2.5,2.645000000000016,0.152,1.0,,,12,1,7.0,2023
2023-07-19 12:00:00+00:00|-1.0|vol_trans_follow_h1_high_cooling_h12_tp06_sl065,2023-07-19 12:00:00+00:00,STAGE28A,data/reports/stage28a_discovery_factory_batch_runner/stage28a_exact_trades.csv,volatility_transition_v1,vol_trans_follow_h1_high_cooling_h12_tp06_sl065,0.7026999999999589,-0.347300000000041,-1.0473000000000408,0,0,0,0,0.347300000000041,30.559999999999945,4.790000000000191,0.6847599164926601,7.9500000000000455,0.21509433962264485,1.9099999999998545,3.7074999999999934,0.612,-1.0,,,12,2,7.0,2023
2023-07-20 12:00:00+00:00|1.0|vol_trans_follow_h1_high_cooling_h12_tp06_sl065,2023-07-20 12:00:00+00:00,STAGE28A,data/reports/stage28a_discovery_factory_batch_runner/stage28a_exact_trades.csv,volatility_transition_v1,vol_trans_follow_h1_high_cooling_h12_tp06_sl065,0.8139999999999873,-0.2360000000000126,-0.9360000000000124,0,0,0,0,0.2360000000000126,11.170000000000073,11.850000000000136,0.6607594936708915,7.610000000000127,0.5611038107753138,5.690000000000055,3.4020000000000437,0.356,1.0,,,12,3,7.0,2023
2023-07-21 12:00:00+00:00|-1.0|vol_trans_follow_h1_high_cooling_h12_tp06_sl065,2023-07-21 12:00:00+00:00,STAGE28A,data/reports/stage28a_discovery_factory_batch_runner/stage28a_exact_trades.csv,volatility_transition_v1,vol_trans_follow_h1_high_cooling_h12_tp06_sl065,-1.482624999999962,-2.5326249999999617,-3.232624999999961,0,0,0,0,2.5326249999999617,22.090000000000146,3.8600000000001273,0.0984455958548884,11.100000000000136,0.5630630630630561,4.170000000000073,3.352499999999998,0.304,-1.0,,,12,4,7.0,2023
2023-07-24 12:00:00+00:00|-1.0|vol_trans_follow_h1_high_cooling_h12_tp06_sl065,2023-07-24 12:00:00+00:00,STAGE28A,data/reports/stage28a_discovery_factory_batch_runner/stage28a_exact_trades.csv,volatility_transition_v1,vol_trans_follow_h1_high_cooling_h12_tp06_sl065,0.750099999999884,-0.2999000000001159,-0.9999000000001156,0,0,0,0,0.2999000000001159,2.3999999999998636,3.759999999999991,0.4840425531914736,8.310000000000173,0.6413959085439283,4.519999999999982,3.1549999999999727,0.188,-1.0,,,12,0,7.0,2023
2023-07-25 12:00:00+00:00|1.0|vol_trans_follow_h1_high_cooling_h12_tp06_sl065,2023-07-25 12:00:00+00:00,STAGE28A,data/reports/stage28a_discovery_factory_batch_runner/stage28a_exact_trades.csv,volatility_transition_v1,vol_trans_follow_h1_high_cooling_h12_tp06_sl065,-1.513825000000088,-2.563825000000088,-3.263825000000088,0,0,0,0,2.563825000000088,14.429999999999836,10.349999999999909,0.6434782608695568,4.730000000000018,0.12262156448201375,4.0,3.1965000000000146,0.244,1.0,,,12,1,7.0,2023
2023-07-26 12:00:00+00:00|1.0|vol_trans_follow_h1_high_cooling_h12_tp06_sl065,2023-07-26 12:00:00+00:00,STAGE28A,data/reports/stage28a_discovery_factory_batch_runner/stage28a_exact_trades.csv,volatility_transition_v1,vol_trans_follow_h1_high_cooling_h12_tp06_sl065,0.5110000000001037,-0.5389999999998962,-1.238999999999896,0,0,0,0,0.5389999999998962,14.290000000000191,4.230000000000018,0.14184397163118356,10.13000000000011,0.7423494570582331,2.380000000000109,2.991500000000008,0.148,1.0,,,12,2,7.0,2023
2023-07-27 12:00:00+00:00|-1.0|vol_trans_follow_h1_high_cooling_h12_tp06_sl065,2023-07-27 12:00:00+00:00,STAGE28A,data/reports/stage28a_discovery_factory_batch_runner/stage28a_exact_trades.csv,volatility_transition_v1,vol_trans_follow_h1_high_cooling_h12_tp06_sl065,0.8097999999999047,-0.2402000000000952,-0.940200000000095,0,0,0,0,0.2402000000000952,16.339999999999918,11.230000000000018,0.40783615316118854,8.529999999999973,0.30480656506449527,5.329999999999927,4.56949999999996,0.996,-1.0,,,12,3,7.0,2023
2023-07-28 12:00:00+00:00|-1.0|vol_trans_follow_h1_high_cooling_h12_tp06_sl065,2023-07-28 12:00:00+00:00,STAGE28A,data/reports/stage28a_discovery_factory_batch_runner/stage28a_exact_trades.csv,volatility_transition_v1,vol_trans_follow_h1_high_cooling_h12_tp06_sl065,-1.715974999999935,-2.765974999999935,-3.4659749999999345,0,0,0,0,2.765974999999935,39.559999999999945,9.389999999999873,0.7816826411075873,8.8900000000001,0.2598425196850303,2.6100000000001273,4.498500000000002,0.904,-1.0,,,12,4,7.0,2023
2023-07-31 12:00:00+00:00|-1.0|vol_trans_follow_h1_high_cooling_h12_tp06_sl065,2023-07-31 12:00:00+00:00,STAGE28A,data/reports/stage28a_discovery_factory_batch_runner/stage28a_exact_trades.csv,volatility_transition_v1,vol_trans_follow_h1_high_cooling_h12_tp06_sl065,-1.382525000000078,-2.4325250000000778,-3.132525000000077,0,0,0,0,2.4325250000000778,2.269999999999982,6.829999999999927,0.806734992679363,6.0499999999999545,0.3884297520661036,4.789999999999964,3.178000000000054,0.168,-1.0,,,12,0,7.0,2023
2023-08-01 12:00:00+00:00|1.0|vol_trans_follow_h1_high_cooling_h12_tp06_sl065,2023-08-01 12:00:00+00:00,STAGE28A,data/reports/stage28a_discovery_factory_batch_runner/stage28a_exact_trades.csv,volatility_transition_v1,vol_trans_follow_h1_high_cooling_h12_tp06_sl065,0.5710000000000491,-0.4789999999999508,-1.1789999999999503,0,0,0,0,0.4789999999999508,21.22999999999979,7.0,0.4914285714285792,7.980000000000018,0.6741854636591316,2.5599999999999454,3.1485000000000127,0.164,1.0,,,12,1,8.0,2023
2023-08-02 12:00:00+00:00|1.0|vol_trans_follow_h1_high_cooling_h12_tp06_sl065,2023-08-02 12:00:00+00:00,STAGE28A,data/reports/stage28a_discovery_factory_batch_runner/stage28a_exact_trades.csv,volatility_transition_v1,vol_trans_follow_h1_high_cooling_h12_tp06_sl065,-1.4270500000000994,-2.4770500000000992,-3.177050000000099,0,0,0,0,2.4770500000000992,24.850000000000136,8.789999999999964,0.2104664391353975,6.620000000000118,0.055891238670711725,3.519999999999982,3.4915000000000305,0.36,1.0,,,12,2,8.0,2023
2023-08-03 12:00:00+00:00|1.0|vol_trans_follow_h1_high_cooling_h12_tp06_sl065,2023-08-03 12:00:00+00:00,STAGE28A,data/reports/stage28a_discovery_factory_batch_runner/stage28a_exact_trades.csv,volatility_transition_v1,vol_trans_follow_h1_high_cooling_h12_tp06_sl065,-1.6571500000000925,-2.7071500000000923,-3.407150000000092,0,0,0,0,2.7071500000000923,21.810000000000173,5.089999999999918,0.17681728880154776,7.5,0.15333333333331514,3.6900000000000546,3.4054999999999835,0.292,1.0,,,12,3,8.0,2023
2023-08-04 12:00:00+00:00|-1.0|vol_trans_follow_h1_high_cooling_h12_tp06_sl065,2023-08-04 12:00:00+00:00,STAGE28A,data/reports/stage28a_discovery_factory_batch_runner/stage28a_exact_trades.csv,volatility_transition_v1,vol_trans_follow_h1_high_cooling_h12_tp06_sl065,0.5554000000000997,-0.4945999999999002,-1.1945999999999,0,0,0,0,0.4945999999999002,9.400000000000091,4.379999999999882,0.052511415525119724,5.3599999999999,0.3264925373134389,1.5499999999999545,2.9695000000000165,0.084,-1.0,,,12,4,8.0,2023
2023-08-07 12:00:00+00:00|-1.0|vol_trans_follow_h1_high_cooling_h12_tp06_sl065,2023-08-07 12:00:00+00:00,STAGE28A,data/reports/stage28a_discovery_factory_batch_runner/stage28a_exact_trades.csv,volatility_transition_v1,vol_trans_follow_h1_high_cooling_h12_tp06_sl065,0.5622999999999593,-0.4877000000000406,-1.1877000000000404,0,0,0,0,0.4877000000000406,4.6400000000001,8.450000000000045,0.5254437869822521,5.220000000000027,0.9501915708812281,2.3400000000001455,3.22349999999999,0.192,-1.0,,,12,0,8.0,2023
2023-08-08 12:00:00+00:00|1.0|vol_trans_follow_h1_high_cooling_h12_tp06_sl065,2023-08-08 12:00:00+00:00,STAGE28A,data/reports/stage28a_discovery_factory_batch_runner/stage28a_exact_trades.csv,volatility_transition_v1,vol_trans_follow_h1_high_cooling_h12_tp06_sl065,0.5674000000000433,-0.4825999999999566,-1.1825999999999564,0,0,0,0,0.4825999999999566,15.170000000000073,6.919999999999845,0.42774566473986636,5.420000000000073,0.3487084870848427,4.539999999999964,3.052500000000009,0.144,1.0,,,12,1,8.0,2023
2023-08-09 12:00:00+00:00|-1.0|vol_trans_follow_h1_high_cooling_h12_tp06_sl065,2023-08-09 12:00:00+00:00,STAGE28A,data/reports/stage28a_discovery_factory_batch_runner/stage28a_exact_trades.csv,volatility_transition_v1,vol_trans_follow_h1_high_cooling_h12_tp06_sl065,0.4482999999999265,-0.6017000000000734,-1.3017000000000731,0,0,0,0,0.6017000000000734,15.22999999999979,6.5900000000001455,0.7799696509863409,6.440000000000055,0.6024844720497012,3.2799999999999727,2.73900000000001,0.044,-1.0,,,12,2,8.0,2023
2023-08-10 12:00:00+00:00|1.0|vol_trans_follow_h1_high_cooling_h12_tp06_sl065,2023-08-10 12:00:00+00:00,STAGE28A,data/reports/stage28a_discovery_factory_batch_runner/stage28a_exact_trades.csv,volatility_transition_v1,vol_trans_follow_h1_high_cooling_h12_tp06_sl065,0.5769999999999073,-0.4730000000000927,-1.1730000000000924,0,0,0,0,0.4730000000000927,18.330000000000155,4.660000000000082,0.5021459227467547,6.099999999999909,0.377049180327867,2.6099999999999,2.8049999999999953,0.092,1.0,,,12,3,8.0,2023
2023-08-11 12:00:00+00:00|1.0|vol_trans_follow_h1_high_cooling_h12_tp06_sl065,2023-08-11 12:00:00+00:00,STAGE28A,data/reports/stage28a_discovery_factory_batch_runner/stage28a_exact_trades.csv,volatility_transition_v1,vol_trans_follow_h1_high_cooling_h12_tp06_sl065,0.3885999999999058,-0.6614000000000941,-1.361400000000094,0,0,0,0,0.6614000000000941,17.99000000000001,5.129999999999882,0.3781676413255554,7.240000000000009,0.46685082872926487,3.240000000000009,3.4129999999999883,0.408,1.0,,,12,4,8.0,2023
2023-08-14 12:00:00+00:00|-1.0|vol_trans_follow_h1_high_cooling_h12_tp06_sl065,2023-08-14 12:00:00+00:00,STAGE28A,data/reports/stage28a_discovery_factory_batch_runner/stage28a_exact_trades.csv,volatility_transition_v1,vol_trans_follow_h1_high_cooling_h12_tp06_sl065,0.4678000000000338,-0.5821999999999661,-1.2821999999999658,0,0,0,0,0.5821999999999661,2.990000000000009,5.099999999999909,0.18235294117648632,5.559999999999945,0.24280575539566948,2.3599999999999,2.8954999999999926,0.172,-1.0,,,12,0,8.0,2023
2023-08-15 12:00:00+00:00|-1.0|vol_trans_follow_h1_high_cooling_h12_tp06_sl065,2023-08-15 12:00:00+00:00,STAGE28A,data/reports/stage28a_discovery_factory_batch_runner/stage28a_exact_trades.csv,volatility_transition_v1,vol_trans_follow_h1_high_cooling_h12_tp06_sl065,-1.2135249999999815,-2.2635249999999814,-2.963524999999981,0,0,0,0,2.2635249999999814,13.519999999999982,4.5,0.015555555555541408,4.460000000000036,0.5874439461883625,2.1299999999998818,3.0140000000000216,0.288,-1.0,,,12,1,8.0,2023
2023-08-16 12:00:00+00:00|1.0|vol_trans_follow_h1_high_cooling_h12_tp06_sl065,2023-08-16 12:00:00+00:00,STAGE28A,data/reports/stage28a_discovery_factory_batch_runner/stage28a_exact_trades.csv,volatility_transition_v1,vol_trans_follow_h1_high_cooling_h12_tp06_sl065,-1.0978249999999208,-2.1478249999999206,-2.8478249999999203,0,0,0,0,2.1478249999999206,15.230000000000018,5.009999999999991,0.5209580838323616,4.4500000000000455,0.45168539325842033,2.269999999999982,2.9440000000000053,0.22,1.0,,,12,2,8.0,2023
2023-08-17 12:00:00+00:00|-1.0|vol_trans_follow_h1_high_cooling_h12_tp06_sl065,2023-08-17 12:00:00+00:00,STAGE28A,data/reports/stage28a_discovery_factory_batch_runner/stage28a_exact_trades.csv,volatility_transition_v1,vol_trans_follow_h1_high_cooling_h12_tp06_sl065,-1.1170000000000528,-2.1670000000000527,-2.8670000000000524,0,0,0,0,2.1670000000000527,15.420000000000073,5.419999999999845,0.30442804428046827,5.570000000000164,0.45960502692995875,2.689999999999827,2.992000000000007,0.344,-1.0,,,12,3,8.0,2023
2023-08-18 12:00:00+00:00|-1.0|vol_trans_follow_h1_high_cooling_h12_tp06_sl065,2023-08-18 12:00:00+00:00,STAGE28A,data/reports/stage28a_discovery_factory_batch_runner/stage28a_exact_trades.csv,volatility_transition_v1,vol_trans_follow_h1_high_cooling_h12_tp06_sl065,-1.1429999999998928,-2.1929999999998926,-2.8929999999998923,0,0,0,0,2.1929999999998926,18.539999999999964,6.210000000000036,0.4541062801932238,2.9199999999998454,0.04452054794516735,2.1900000000000546,2.9649999999999865,0.312,-1.0,,,12,4,8.0,2023
2023-08-21 12:00:00+00:00|1.0|vol_trans_follow_h1_high_cooling_h12_tp06_sl065,2023-08-21 12:00:00+00:00,STAGE28A,data/reports/stage28a_discovery_factory_batch_runner/stage28a_exact_trades.csv,volatility_transition_v1,vol_trans_follow_h1_high_cooling_h12_tp06_sl065,0.5032000000000153,-0.5467999999999846,-1.2467999999999844,0,0,0,0,0.5467999999999846,2.060000000000173,8.830000000000155,0.15288788221971833,6.619999999999891,0.32326283987917453,1.8599999999999,3.2295000000000185,0.632,1.0,,,12,0,8.0,2023
2023-08-22 12:00:00+00:00|-1.0|vol_trans_follow_h1_high_cooling_h12_tp06_sl065,2023-08-22 12:00:00+00:00,STAGE28A,data/reports/stage28a_discovery_factory_batch_runner/stage28a_exact_trades.csv,volatility_transition_v1,vol_trans_follow_h1_high_cooling_h12_tp06_sl065,-1.3812249999999495,-2.4312249999999493,-3.131224999999949,0,0,0,0,2.4312249999999493,14.160000000000082,3.6100000000001273,0.2576177285318645,9.980000000000018,0.6863727454909716,3.939999999999827,3.1185000000000285,0.544,-1.0,,,12,1,8.0,2023
2023-08-23 12:00:00+00:00|1.0|vol_trans_follow_h1_high_cooling_h12_tp06_sl065,2023-08-23 12:00:00+00:00,STAGE28A,data/reports/stage28a_discovery_factory_batch_runner/stage28a_exact_trades.csv,volatility_transition_v1,vol_trans_follow_h1_high_cooling_h12_tp06_sl065,-1.3006249999999455,-2.3506249999999453,-3.050624999999945,0,0,0,0,2.3506249999999453,15.450000000000045,5.879999999999882,0.6309523809523998,4.910000000000082,0.25050916496944964,2.0,2.411000000000024,0.056,1.0,,,12,2,8.0,2023
2023-08-24 12:00:00+00:00|1.0|vol_trans_follow_h1_high_cooling_h12_tp06_sl065,2023-08-24 12:00:00+00:00,STAGE28A,data/reports/stage28a_discovery_factory_batch_runner/stage28a_exact_trades.csv,volatility_transition_v1,vol_trans_follow_h1_high_cooling_h12_tp06_sl065,-1.3217499999999291,-2.371749999999929,-3.0717499999999287,0,0,0,0,2.371749999999929,23.429999999999836,6.710000000000036,0.5722801788375744,3.6400000000001,0.36263736263739765,2.480000000000018,2.926999999999964,0.308,1.0,,,12,3,8.0,2023
2023-08-25 12:00:00+00:00|1.0|vol_trans_follow_h1_high_cooling_h12_tp06_sl065,2023-08-25 12:00:00+00:00,STAGE28A,data/reports/stage28a_discovery_factory_batch_runner/stage28a_exact_trades.csv,volatility_transition_v1,vol_trans_follow_h1_high_cooling_h12_tp06_sl065,0.4276000000001204,-0.6223999999998795,-1.3223999999998792,0,0,0,0,0.6223999999998795,11.639999999999873,4.470000000000027,0.7919463087248192,5.199999999999818,0.5307692307692475,2.1599999999998545,2.415000000000009,0.072,1.0,,,12,4,8.0,2023
2023-08-28 12:00:00+00:00|1.0|vol_trans_follow_h1_high_cooling_h12_tp06_sl065,2023-08-28 12:00:00+00:00,STAGE28A,data/reports/stage28a_discovery_factory_batch_runner/stage28a_exact_trades.csv,volatility_transition_v1,vol_trans_follow_h1_high_cooling_h12_tp06_sl065,-1.1189499999999044,-2.168949999999904,-2.868949999999904,0,0,0,0,2.168949999999904,1.490000000000009,3.0700000000001637,0.4364820846905038,4.259999999999991,0.5023474178403468,1.7800000000002,3.2365000000000124,0.664,1.0,,,12,0,8.0,2023
2023-08-29 12:00:00+00:00|-1.0|vol_trans_follow_h1_high_cooling_h12_tp06_sl065,2023-08-29 12:00:00+00:00,STAGE28A,data/reports/stage28a_discovery_factory_batch_runner/stage28a_exact_trades.csv,volatility_transition_v1,vol_trans_follow_h1_high_cooling_h12_tp06_sl065,0.3346000000000458,-0.7153999999999541,-1.4153999999999538,0,0,0,0,0.7153999999999541,13.430000000000064,6.25,0.7584000000000014,3.9300000000000637,0.2646310432569839,2.009999999999991,2.5430000000000517,0.16,-1.0,,,12,1,8.0,2023
2023-08-30 12:00:00+00:00|1.0|vol_trans_follow_h1_high_cooling_h12_tp06_sl065,2023-08-30 12:00:00+00:00,STAGE28A,data/reports/stage28a_discovery_factory_batch_runner/stage28a_exact_trades.csv,volatility_transition_v1,vol_trans_follow_h1_high_cooling_h12_tp06_sl065,0.2832999999999629,-0.766700000000037,-1.4667000000000368,0,0,0,0,0.766700000000037,23.829999999999927,2.2799999999999727,0.17543859649127005,3.75,0.3466666666666545,1.4700000000000273,2.627999999999986,0.236,1.0,,,12,2,8.0,2023
2023-08-31 12:00:00+00:00|-1.0|vol_trans_follow_h1_high_cooling_h12_tp06_sl065,2023-08-31 12:00:00+00:00,STAGE28A,data/reports/stage28a_discovery_factory_batch_runner/stage28a_exact_trades.csv,volatility_transition_v1,vol_trans_follow_h1_high_cooling_h12_tp06_sl065,0.2185000000000855,-0.8314999999999144,-1.5314999999999142,0,0,0,0,0.8314999999999144,14.009999999999991,6.100000000000136,0.08360655737704582,3.089999999999918,0.11650485436890275,1.2100000000000364,2.1330000000000156,0.064,-1.0,,,12,3,8.0,2023
2023-09-01 12:00:00+00:00|-1.0|vol_trans_follow_h1_high_cooling_h12_tp06_sl065,2023-09-01 12:00:00+00:00,STAGE28A,data/reports/stage28a_discovery_factory_batch_runner/stage28a_exact_trades.csv,volatility_transition_v1,vol_trans_follow_h1_high_cooling_h12_tp06_sl065,-1.0425750000000336,-2.0925750000000334,-2.792575000000033,0,0,0,0,2.0925750000000334,8.789999999999964,5.3900000000001,0.20222634508351117,6.300000000000182,0.8380952380952096,1.8600000000001273,2.425500000000022,0.24,-1.0,,,12,4,9.0,2023
2023-09-04 12:00:00+00:00|-1.0|vol_trans_follow_h1_high_cooling_h12_tp06_sl065,2023-09-04 12:00:00+00:00,STAGE28A,data/reports/stage28a_discovery_factory_batch_runner/stage28a_exact_trades.csv,volatility_transition_v1,vol_trans_follow_h1_high_cooling_h12_tp06_sl065,0.2095000000000709,-0.840499999999929,-1.5404999999999287,0,0,0,0,0.840499999999929,1.0,6.720000000000027,0.8005952380952173,5.430000000000064,0.7219152854511601,1.8100000000001728,2.7930000000000064,0.496,-1.0,,,12,0,9.0,2023
2023-09-05 12:00:00+00:00|-1.0|vol_trans_follow_h1_high_cooling_h12_tp06_sl065,2023-09-05 12:00:00+00:00,STAGE28A,data/reports/stage28a_discovery_factory_batch_runner/stage28a_exact_trades.csv,volatility_transition_v1,vol_trans_follow_h1_high_cooling_h12_tp06_sl065,0.3661000000000968,-0.6838999999999031,-1.3838999999999029,0,0,0,0,0.6838999999999031,9.470000000000027,3.8600000000001273,0.3056994818652914,8.319999999999936,0.7439903846153696,3.490000000000009,1.7455000000000154,0.044,-1.0,,,12,1,9.0,2023
2023-09-06 12:00:00+00:00|1.0|vol_trans_follow_h1_high_cooling_h12_tp06_sl065,2023-09-06 12:00:00+00:00,STAGE28A,data/reports/stage28a_discovery_factory_batch_runner/stage28a_exact_trades.csv,volatility_transition_v1,vol_trans_follow_h1_high_cooling_h12_tp06_sl065,-1.1088749999999892,-2.158874999999989,-2.8588749999999887,0,0,0,0,2.158874999999989,13.569999999999936,2.7200000000000273,0.05882352941179421,5.8599999999999,0.2030716723549616,2.410000000000082,2.113500000000022,0.192,1.0,,,12,2,9.0,2023
2023-09-07 12:00:00+00:00|1.0|vol_trans_follow_h1_high_cooling_h12_tp06_sl065,2023-09-07 12:00:00+00:00,STAGE28A,data/reports/stage28a_discovery_factory_batch_runner/stage28a_exact_trades.csv,volatility_transition_v1,vol_trans_follow_h1_high_cooling_h12_tp06_sl065,0.3544000000000779,-0.6955999999999221,-1.3955999999999218,0,0,0,0,0.6955999999999221,13.889999999999873,4.419999999999845,0.5769230769230869,3.400000000000091,0.03529411764709266,1.9400000000000546,2.8129999999999997,0.66,1.0,,,12,3,9.0,2023
2023-09-08 12:00:00+00:00|1.0|vol_trans_follow_h1_high_cooling_h12_tp06_sl065,2023-09-08 12:00:00+00:00,STAGE28A,data/reports/stage28a_discovery_factory_batch_runner/stage28a_exact_trades.csv,volatility_transition_v1,vol_trans_follow_h1_high_cooling_h12_tp06_sl065,-1.0071500000000015,-2.0571500000000014,-2.757150000000001,0,0,0,0,2.0571500000000014,7.3599999999999,8.149999999999864,0.6343558282208506,3.8600000000001273,0.07512953367874457,1.4300000000000637,2.346000000000015,0.324,1.0,,,12,4,9.0,2023
2023-09-11 12:00:00+00:00|1.0|vol_trans_follow_h1_high_cooling_h12_tp06_sl065,2023-09-11 12:00:00+00:00,STAGE28A,data/reports/stage28a_discovery_factory_batch_runner/stage28a_exact_trades.csv,volatility_transition_v1,vol_trans_follow_h1_high_cooling_h12_tp06_sl065,0.5586999999999535,-0.4913000000000465,-1.1913000000000462,0,0,0,0,0.4913000000000465,2.5599999999999454,7.430000000000064,0.6850605652759222,7.740000000000009,0.2777777777777598,2.410000000000082,3.1224999999999907,0.856,1.0,,,12,0,9.0,2023
2023-09-12 12:00:00+00:00|1.0|vol_trans_follow_h1_high_cooling_h12_tp06_sl065,2023-09-12 12:00:00+00:00,STAGE28A,data/reports/stage28a_discovery_factory_batch_runner/stage28a_exact_trades.csv,volatility_transition_v1,vol_trans_follow_h1_high_cooling_h12_tp06_sl065,-0.988300000000072,-2.038300000000072,-2.738300000000072,0,0,0,0,2.038300000000072,14.0,4.029999999999973,0.2853598014888018,5.920000000000073,0.7854729729729403,2.740000000000009,2.255000000000018,0.252,1.0,,,12,1,9.0,2023
2023-09-13 12:00:00+00:00|1.0|vol_trans_follow_h1_high_cooling_h12_tp06_sl065,2023-09-13 12:00:00+00:00,STAGE28A,data/reports/stage28a_discovery_factory_batch_runner/stage28a_exact_trades.csv,volatility_transition_v1,vol_trans_follow_h1_high_cooling_h12_tp06_sl065,0.3738999999999578,-0.6761000000000421,-1.3761000000000418,0,0,0,0,0.6761000000000421,16.910000000000082,5.6400000000001,0.6790780141843722,4.369999999999891,0.3729977116705148,1.4200000000000728,2.339000000000044,0.328,1.0,,,12,2,9.0,2023
2023-09-14 12:00:00+00:00|1.0|vol_trans_follow_h1_high_cooling_h12_tp06_sl065,2023-09-14 12:00:00+00:00,STAGE28A,data/reports/stage28a_discovery_factory_batch_runner/stage28a_exact_trades.csv,volatility_transition_v1,vol_trans_follow_h1_high_cooling_h12_tp06_sl065,-1.0718250000000809,-2.1218250000000807,-2.8218250000000804,0,0,0,0,2.1218250000000807,10.190000000000055,5.3599999999999,0.15671641791043542,5.760000000000218,0.5711805555555276,1.849999999999909,2.5555000000000065,0.504,1.0,,,12,3,9.0,2023
2023-09-18 12:00:00+00:00|-1.0|vol_trans_follow_h1_high_cooling_h12_tp06_sl065,2023-09-18 12:00:00+00:00,STAGE28A,data/reports/stage28a_discovery_factory_batch_runner/stage28a_exact_trades.csv,volatility_transition_v1,vol_trans_follow_h1_high_cooling_h12_tp06_sl065,0.3229000000000269,-0.727099999999973,-1.4270999999999727,0,0,0,0,0.727099999999973,1.2699999999999818,6.9500000000000455,0.7381294964028886,5.480000000000018,0.3357664233576897,1.5599999999999454,2.717500000000007,0.544,-1.0,,,12,0,9.0,2023
2023-09-19 12:00:00+00:00|-1.0|vol_trans_follow_h1_high_cooling_h12_tp06_sl065,2023-09-19 12:00:00+00:00,STAGE28A,data/reports/stage28a_discovery_factory_batch_runner/stage28a_exact_trades.csv,volatility_transition_v1,vol_trans_follow_h1_high_cooling_h12_tp06_sl065,0.2373999999998887,-0.8126000000001112,-1.512600000000111,0,0,0,0,0.8126000000001112,11.730000000000018,2.8200000000001637,0.4893617021275892,5.589999999999918,0.5348837209302013,1.5900000000001455,2.1115000000000235,0.148,-1.0,,,12,1,9.0,2023
2023-09-20 12:00:00+00:00|1.0|vol_trans_follow_h1_high_cooling_h12_tp06_sl065,2023-09-20 12:00:00+00:00,STAGE28A,data/reports/stage28a_discovery_factory_batch_runner/stage28a_exact_trades.csv,volatility_transition_v1,vol_trans_follow_h1_high_cooling_h12_tp06_sl065,-1.0136499999999615,-2.0636499999999613,-2.763649999999961,0,0,0,0,2.0636499999999613,7.619999999999891,3.9199999999998454,0.30357142857145447,4.3900000000001,0.27107061503417484,1.6300000000001091,1.9195000000000277,0.04,1.0,,,12,2,9.0,2023
2023-09-21 12:00:00+00:00|-1.0|vol_trans_follow_h1_high_cooling_h12_tp06_sl065,2023-09-21 12:00:00+00:00,STAGE28A,data/reports/stage28a_discovery_factory_batch_runner/stage28a_exact_trades.csv,volatility_transition_v1,vol_trans_follow_h1_high_cooling_h12_tp06_sl065,-1.1296749999999975,-2.1796749999999974,-2.879674999999997,0,0,0,0,2.1796749999999974,19.519999999999982,7.350000000000136,0.3823129251700535,8.040000000000191,0.4440298507462785,4.559999999999945,3.8875000000000113,1.0,-1.0,,,12,3,9.0,2023
2023-09-22 12:00:00+00:00|-1.0|vol_trans_follow_h1_high_cooling_h12_tp06_sl065,2023-09-22 12:00:00+00:00,STAGE28A,data/reports/stage28a_discovery_factory_batch_runner/stage28a_exact_trades.csv,volatility_transition_v1,vol_trans_follow_h1_high_cooling_h12_tp06_sl065,-1.0848250000000008,-2.1348250000000006,-2.8348250000000004,0,0,0,0,2.1348250000000006,17.580000000000155,6.259999999999991,0.5782747603834063,5.400000000000091,0.30740740740737527,1.6600000000000819,2.5430000000000406,0.384,-1.0,,,12,4,9.0,2023
2023-09-25 12:00:00+00:00|-1.0|vol_trans_follow_h1_high_cooling_h12_tp06_sl065,2023-09-25 12:00:00+00:00,STAGE28A,data/reports/stage28a_discovery_factory_batch_runner/stage28a_exact_trades.csv,volatility_transition_v1,vol_trans_follow_h1_high_cooling_h12_tp06_sl065,-1.2489500000000135,-2.2989500000000134,-2.998950000000013,0,0,0,0,2.2989500000000134,2.0,3.769999999999982,0.5384615384615338,6.2999999999999545,0.13015873015872098,2.8299999999999272,2.2455000000000154,0.28,-1.0,,,12,0,9.0,2023
2023-09-26 12:00:00+00:00|1.0|vol_trans_follow_h1_high_cooling_h12_tp06_sl065,2023-09-26 12:00:00+00:00,STAGE28A,data/reports/stage28a_discovery_factory_batch_runner/stage28a_exact_trades.csv,volatility_transition_v1,vol_trans_follow_h1_high_cooling_h12_tp06_sl065,-1.1436500000000709,-2.1936500000000705,-2.89365000000007,0,0,0,0,2.1936500000000705,12.0,3.730000000000018,0.7774798927613538,5.860000000000127,0.10238907849831456,2.5399999999999636,2.4035000000000197,0.42,1.0,,,12,1,9.0,2023
2023-09-27 12:00:00+00:00|-1.0|vol_trans_follow_h1_high_cooling_h12_tp06_sl065,2023-09-27 12:00:00+00:00,STAGE28A,data/reports/stage28a_discovery_factory_batch_runner/stage28a_exact_trades.csv,volatility_transition_v1,vol_trans_follow_h1_high_cooling_h12_tp06_sl065,-1.2392000000000736,-2.2892000000000734,-2.989200000000073,0,0,0,0,2.2892000000000734,17.690000000000055,4.459999999999809,0.23991031390139228,5.339999999999918,0.8220973782771424,2.7200000000000273,2.6619999999999893,0.54,-1.0,,,12,2,9.0,2023
2023-09-28 12:00:00+00:00|-1.0|vol_trans_follow_h1_high_cooling_h12_tp06_sl065,2023-09-28 12:00:00+00:00,STAGE28A,data/reports/stage28a_discovery_factory_batch_runner/stage28a_exact_trades.csv,volatility_transition_v1,vol_trans_follow_h1_high_cooling_h12_tp06_sl065,-1.1862250000000132,-2.236225000000013,-2.9362250000000127,0,0,0,0,2.236225000000013,31.470000000000027,4.350000000000136,0.537931034482723,4.5499999999999545,0.27472527472527747,2.5499999999999545,3.367000000000007,0.864,-1.0,,,12,3,9.0,2023
2023-09-29 12:00:00+00:00|-1.0|vol_trans_follow_h1_high_cooling_h12_tp06_sl065,2023-09-29 12:00:00+00:00,STAGE28A,data/reports/stage28a_discovery_factory_batch_runner/stage28a_exact_trades.csv,volatility_transition_v1,vol_trans_follow_h1_high_cooling_h12_tp06_sl065,0.4914999999999964,-0.5585000000000035,-1.2585000000000033,0,0,0,0,0.5585000000000035,21.920000000000073,4.319999999999936,0.23379629629635026,10.939999999999827,0.9396709323583304,2.439999999999827,3.824499999999978,0.94,-1.0,,,12,4,9.0,2023
2023-10-04 12:00:00+00:00|-1.0|vol_trans_follow_h1_high_cooling_h12_tp06_sl065,2023-10-04 12:00:00+00:00,STAGE28A,data/reports/stage28a_discovery_factory_batch_runner/stage28a_exact_trades.csv,volatility_transition_v1,vol_trans_follow_h1_high_cooling_h12_tp06_sl065,-1.498224999999911,-2.548224999999911,-3.248224999999911,0,0,0,0,2.548224999999911,18.170000000000073,5.2999999999999545,0.34905660377361364,7.849999999999909,0.1770700636942823,3.3600000000001273,4.197500000000036,0.78,-1.0,,,12,2,10.0,2023
2023-10-05 12:00:00+00:00|-1.0|vol_trans_follow_h1_high_cooling_h12_tp06_sl065,2023-10-05 12:00:00+00:00,STAGE28A,data/reports/stage28a_discovery_factory_batch_runner/stage28a_exact_trades.csv,volatility_transition_v1,vol_trans_follow_h1_high_cooling_h12_tp06_sl065,0.4572999999999411,-0.5927000000000588,-1.2927000000000586,0,0,0,0,0.5927000000000588,13.930000000000064,7.940000000000055,0.7607052896725629,9.490000000000009,0.6649104320337134,2.7100000000000364,3.573500000000024,0.524,-1.0,,,12,3,10.0,2023
2023-10-06 12:00:00+00:00|1.0|vol_trans_follow_h1_high_cooling_h12_tp06_sl065,2023-10-06 12:00:00+00:00,STAGE28A,data/reports/stage28a_discovery_factory_batch_runner/stage28a_exact_trades.csv,volatility_transition_v1,vol_trans_follow_h1_high_cooling_h12_tp06_sl065,-1.1072499999998855,-2.1572499999998853,-2.857249999999885,0,0,0,0,2.1572499999998853,16.13000000000011,4.75,0.5810526315789455,5.929999999999836,0.5801011804384738,2.8199999999999363,2.8055000000000065,0.292,1.0,,,12,4,10.0,2023
2023-10-10 12:00:00+00:00|1.0|vol_trans_follow_h1_high_cooling_h12_tp06_sl065,2023-10-10 12:00:00+00:00,STAGE28A,data/reports/stage28a_discovery_factory_batch_runner/stage28a_exact_trades.csv,volatility_transition_v1,vol_trans_follow_h1_high_cooling_h12_tp06_sl065,0.7087000000000444,-0.3412999999999555,-1.0412999999999553,0,0,0,0,0.3412999999999555,19.25999999999999,5.050000000000182,0.20792079207919142,7.339999999999918,0.5640326975477038,4.379999999999882,3.4924999999999953,0.364,1.0,,,12,1,10.0,2023
2023-10-11 12:00:00+00:00|1.0|vol_trans_follow_h1_high_cooling_h12_tp06_sl065,2023-10-11 12:00:00+00:00,STAGE28A,data/reports/stage28a_discovery_factory_batch_runner/stage28a_exact_trades.csv,volatility_transition_v1,vol_trans_follow_h1_high_cooling_h12_tp06_sl065,-1.4403749999999946,-2.4903749999999945,-3.190374999999994,0,0,0,0,2.4903749999999945,12.330000000000155,2.790000000000191,0.11111111111116544,12.52000000000021,0.831469648562293,2.9500000000000455,2.9119999999999893,0.112,1.0,,,12,2,10.0,2023
2023-10-12 12:00:00+00:00|1.0|vol_trans_follow_h1_high_cooling_h12_tp06_sl065,2023-10-12 12:00:00+00:00,STAGE28A,data/reports/stage28a_discovery_factory_batch_runner/stage28a_exact_trades.csv,volatility_transition_v1,vol_trans_follow_h1_high_cooling_h12_tp06_sl065,0.4914999999999964,-0.5585000000000035,-1.2585000000000033,0,0,0,0,0.5585000000000035,18.6400000000001,5.0499999999999545,0.6079207920792008,5.900000000000091,0.5610169491525244,2.849999999999909,2.830999999999983,0.052,1.0,,,12,3,10.0,2023
2023-10-13 12:00:00+00:00|1.0|vol_trans_follow_h1_high_cooling_h12_tp06_sl065,2023-10-13 12:00:00+00:00,STAGE28A,data/reports/stage28a_discovery_factory_batch_runner/stage28a_exact_trades.csv,volatility_transition_v1,vol_trans_follow_h1_high_cooling_h12_tp06_sl065,0.5832999999999174,-0.4667000000000825,-1.1667000000000822,0,0,0,0,0.4667000000000825,17.139999999999873,5.779999999999973,0.6868512110726723,14.670000000000073,0.9522835719154709,2.9600000000000364,2.890999999999997,0.08,1.0,,,12,4,10.0,2023
2023-10-17 12:00:00+00:00|-1.0|vol_trans_follow_h1_high_cooling_h12_tp06_sl065,2023-10-17 12:00:00+00:00,STAGE28A,data/reports/stage28a_discovery_factory_batch_runner/stage28a_exact_trades.csv,volatility_transition_v1,vol_trans_follow_h1_high_cooling_h12_tp06_sl065,0.6307000000000699,-0.41929999999993,-1.1192999999999298,0,0,0,0,0.41929999999993,22.09999999999991,9.3599999999999,0.22435897435899133,9.639999999999873,0.6390041493775868,1.9200000000000728,3.1454999999999815,0.192,-1.0,,,12,1,10.0,2023
2023-10-24 12:00:00+00:00|-1.0|vol_trans_follow_h1_high_cooling_h12_tp06_sl065,2023-10-24 12:00:00+00:00,STAGE28A,data/reports/stage28a_discovery_factory_batch_runner/stage28a_exact_trades.csv,volatility_transition_v1,vol_trans_follow_h1_high_cooling_h12_tp06_sl065,-1.5329999999999928,-2.5829999999999926,-3.2829999999999924,0,0,0,0,2.5829999999999926,21.069999999999936,9.460000000000036,0.40697674418603536,14.259999999999991,0.7180925666199169,5.990000000000009,4.156000000000029,0.476,-1.0,,,12,1,10.0,2023
2023-10-25 12:00:00+00:00|1.0|vol_trans_follow_h1_high_cooling_h12_tp06_sl065,2023-10-25 12:00:00+00:00,STAGE28A,data/reports/stage28a_discovery_factory_batch_runner/stage28a_exact_trades.csv,volatility_transition_v1,vol_trans_follow_h1_high_cooling_h12_tp06_sl065,-1.6285499999999955,-2.6785499999999955,-3.3785499999999957,0,0,0,0,2.6785499999999955,27.230000000000018,7.0900000000001455,0.3808180535966135,7.660000000000082,0.4856396866840715,4.290000000000191,4.138500000000033,0.38,1.0,,,12,2,10.0,2023
2023-10-27 12:00:00+00:00|-1.0|vol_trans_follow_h1_high_cooling_h12_tp06_sl065,2023-10-27 12:00:00+00:00,STAGE28A,data/reports/stage28a_discovery_factory_batch_runner/stage28a_exact_trades.csv,volatility_transition_v1,vol_trans_follow_h1_high_cooling_h12_tp06_sl065,0.6805000000000746,-0.3694999999999253,-1.069499999999925,0,0,0,0,0.3694999999999253,21.6400000000001,5.900000000000091,0.44406779661014417,4.7000000000000455,0.42340425531914677,1.9800000000000182,3.6904999999999974,0.092,-1.0,,,12,4,10.0,2023
2023-10-31 12:00:00+00:00|1.0|vol_trans_follow_h1_high_cooling_h12_tp06_sl065,2023-10-31 12:00:00+00:00,STAGE28A,data/reports/stage28a_discovery_factory_batch_runner/stage28a_exact_trades.csv,volatility_transition_v1,vol_trans_follow_h1_high_cooling_h12_tp06_sl065,-1.3594500000000154,-2.409450000000015,-3.109450000000015,0,0,0,0,2.409450000000015,15.75,6.7000000000000455,0.38656716417908965,7.740000000000009,0.9470284237725993,2.3099999999999454,3.2185000000000175,0.024,1.0,,,12,1,10.0,2023
2023-11-01 12:00:00+00:00|1.0|vol_trans_follow_h1_high_cooling_h12_tp06_sl065,2023-11-01 12:00:00+00:00,STAGE28A,data/reports/stage28a_discovery_factory_batch_runner/stage28a_exact_trades.csv,volatility_transition_v1,vol_trans_follow_h1_high_cooling_h12_tp06_sl065,-1.5807749999999945,-2.630774999999994,-3.330774999999994,0,0,0,0,2.630774999999994,29.070000000000164,10.86999999999989,0.525298988040487,7.8599999999999,0.7175572519084188,3.2200000000000273,4.235000000000047,0.216,1.0,,,12,2,11.0,2023
2023-11-02 12:00:00+00:00|1.0|vol_trans_follow_h1_high_cooling_h12_tp06_sl065,2023-11-02 12:00:00+00:00,STAGE28A,data/reports/stage28a_discovery_factory_batch_runner/stage28a_exact_trades.csv,volatility_transition_v1,vol_trans_follow_h1_high_cooling_h12_tp06_sl065,0.5613999999999578,-0.4886000000000421,-1.1886000000000418,0,0,0,0,0.4886000000000421,22.200000000000045,6.960000000000036,0.5574712643678289,5.899999999999864,0.4915254237288018,2.9700000000000273,4.216999999999996,0.228,1.0,,,12,3,11.0,2023
2023-11-03 12:00:00+00:00|1.0|vol_trans_follow_h1_high_cooling_h12_tp06_sl065,2023-11-03 12:00:00+00:00,STAGE28A,data/reports/stage28a_discovery_factory_batch_runner/stage28a_exact_trades.csv,volatility_transition_v1,vol_trans_follow_h1_high_cooling_h12_tp06_sl065,-1.335400000000027,-2.385400000000027,-3.0854000000000266,0,0,0,0,2.385400000000027,12.200000000000045,4.599999999999909,0.09565217391305723,5.789999999999964,0.44559585492227005,1.990000000000009,2.8460000000000036,0.008,1.0,,,12,4,11.0,2023
2023-11-06 12:00:00+00:00|1.0|vol_trans_follow_h1_high_cooling_h12_tp06_sl065,2023-11-06 12:00:00+00:00,STAGE28A,data/reports/stage28a_discovery_factory_batch_runner/stage28a_exact_trades.csv,volatility_transition_v1,vol_trans_follow_h1_high_cooling_h12_tp06_sl065,-1.370825000000059,-2.420825000000059,-3.1208250000000586,0,0,0,0,2.420825000000059,5.789999999999964,11.179999999999836,0.42397137745975655,6.1099999999999,0.5908346972176692,1.8199999999999363,4.17249999999998,0.316,1.0,,,12,0,11.0,2023
2023-11-07 12:00:00+00:00|-1.0|vol_trans_follow_h1_high_cooling_h12_tp06_sl065,2023-11-07 12:00:00+00:00,STAGE28A,data/reports/stage28a_discovery_factory_batch_runner/stage28a_exact_trades.csv,volatility_transition_v1,vol_trans_follow_h1_high_cooling_h12_tp06_sl065,-1.4852249999999914,-2.535224999999991,-3.235224999999991,0,0,0,0,2.535224999999991,16.519999999999982,7.3599999999999,0.7228260869565538,10.039999999999964,0.5149402390438111,4.740000000000009,2.889999999999975,0.044,-1.0,,,12,1,11.0,2023
2023-11-08 12:00:00+00:00|-1.0|vol_trans_follow_h1_high_cooling_h12_tp06_sl065,2023-11-08 12:00:00+00:00,STAGE28A,data/reports/stage28a_discovery_factory_batch_runner/stage28a_exact_trades.csv,volatility_transition_v1,vol_trans_follow_h1_high_cooling_h12_tp06_sl065,-1.3782999999999448,-2.4282999999999446,-3.1282999999999443,0,0,0,0,2.4282999999999446,21.62999999999988,3.6900000000000546,0.3685636856368854,9.5,0.5821052631578919,2.8599999999999,2.951499999999976,0.076,-1.0,,,12,2,11.0,2023
2023-11-09 12:00:00+00:00|-1.0|vol_trans_follow_h1_high_cooling_h12_tp06_sl065,2023-11-09 12:00:00+00:00,STAGE28A,data/reports/stage28a_discovery_factory_batch_runner/stage28a_exact_trades.csv,volatility_transition_v1,vol_trans_follow_h1_high_cooling_h12_tp06_sl065,0.5523999999999433,-0.4976000000000566,-1.1976000000000564,0,0,0,0,0.4976000000000566,23.529999999999973,6.889999999999873,0.18867924528301575,5.990000000000009,0.40066777963273575,3.2799999999999727,3.6514999999999986,0.328,-1.0,,,12,3,11.0,2023
2023-11-10 12:00:00+00:00|-1.0|vol_trans_follow_h1_high_cooling_h12_tp06_sl065,2023-11-10 12:00:00+00:00,STAGE28A,data/reports/stage28a_discovery_factory_batch_runner/stage28a_exact_trades.csv,volatility_transition_v1,vol_trans_follow_h1_high_cooling_h12_tp06_sl065,0.5865999999999986,-0.4634000000000013,-1.163400000000001,0,0,0,0,0.4634000000000013,21.11999999999989,4.360000000000127,0.300458715596309,6.629999999999882,0.5505279034691035,1.7999999999999545,3.744999999999982,0.408,-1.0,,,12,4,11.0,2023
2023-11-14 12:00:00+00:00|1.0|vol_trans_follow_h1_high_cooling_h12_tp06_sl065,2023-11-14 12:00:00+00:00,STAGE28A,data/reports/stage28a_discovery_factory_batch_runner/stage28a_exact_trades.csv,volatility_transition_v1,vol_trans_follow_h1_high_cooling_h12_tp06_sl065,-1.1127749999999197,-2.1627749999999195,-2.8627749999999192,0,0,0,0,2.1627749999999195,31.539999999999964,4.509999999999991,0.38802660753880347,4.4500000000000455,0.4898876404493964,2.730000000000018,2.6635000000000217,0.008,1.0,,,12,1,11.0,2023
2023-11-15 12:00:00+00:00|-1.0|vol_trans_follow_h1_high_cooling_h12_tp06_sl065,2023-11-15 12:00:00+00:00,STAGE28A,data/reports/stage28a_discovery_factory_batch_runner/stage28a_exact_trades.csv,volatility_transition_v1,vol_trans_follow_h1_high_cooling_h12_tp06_sl065,0.6147999999999684,-0.4352000000000315,-1.1352000000000313,0,0,0,0,0.4352000000000315,33.81000000000017,6.400000000000091,0.7859374999999845,8.25,0.6848484848484683,2.1900000000000546,3.2765000000000213,0.2,-1.0,,,12,2,11.0,2023
2023-11-16 12:00:00+00:00|-1.0|vol_trans_follow_h1_high_cooling_h12_tp06_sl065,2023-11-16 12:00:00+00:00,STAGE28A,data/reports/stage28a_discovery_factory_batch_runner/stage28a_exact_trades.csv,volatility_transition_v1,vol_trans_follow_h1_high_cooling_h12_tp06_sl065,0.4761999999999716,-0.5738000000000283,-1.273800000000028,0,0,0,0,0.5738000000000283,19.699999999999818,6.079999999999927,0.35526315789475454,6.4500000000000455,0.3968992248061903,2.6800000000000637,3.267999999999995,0.22,-1.0,,,12,3,11.0,2023
2023-11-17 12:00:00+00:00|1.0|vol_trans_follow_h1_high_cooling_h12_tp06_sl065,2023-11-17 12:00:00+00:00,STAGE28A,data/reports/stage28a_discovery_factory_batch_runner/stage28a_exact_trades.csv,volatility_transition_v1,vol_trans_follow_h1_high_cooling_h12_tp06_sl065,-1.4988750000000892,-2.548875000000089,-3.2488750000000888,0,0,0,0,2.548875000000089,31.529999999999973,6.4099999999998545,0.5351014040561843,10.810000000000173,0.5383903792784314,4.160000000000082,3.644999999999982,0.404,1.0,,,12,4,11.0,2023
2023-11-20 12:00:00+00:00|1.0|vol_trans_follow_h1_high_cooling_h12_tp06_sl065,2023-11-20 12:00:00+00:00,STAGE28A,data/reports/stage28a_discovery_factory_batch_runner/stage28a_exact_trades.csv,volatility_transition_v1,vol_trans_follow_h1_high_cooling_h12_tp06_sl065,0.8187999999999193,-0.2312000000000806,-0.9312000000000804,0,0,0,0,0.2312000000000806,4.460000000000036,11.800000000000182,0.5805084745762545,8.240000000000009,0.6638349514563132,4.289999999999964,3.6120000000000116,0.372,1.0,,,12,0,11.0,2023
2023-11-22 12:00:00+00:00|1.0|vol_trans_follow_h1_high_cooling_h12_tp06_sl065,2023-11-22 12:00:00+00:00,STAGE28A,data/reports/stage28a_discovery_factory_batch_runner/stage28a_exact_trades.csv,volatility_transition_v1,vol_trans_follow_h1_high_cooling_h12_tp06_sl065,0.89350000000004,-0.1564999999999599,-0.8564999999999596,0,0,0,0,0.1564999999999599,30.34999999999991,4.8599999999999,0.0041152263374449015,9.639999999999873,0.19502074688795712,4.5,3.6965000000000146,0.376,1.0,,,12,2,11.0,2023
2023-11-23 12:00:00+00:00|-1.0|vol_trans_follow_h1_high_cooling_h12_tp06_sl065,2023-11-23 12:00:00+00:00,STAGE28A,data/reports/stage28a_discovery_factory_batch_runner/stage28a_exact_trades.csv,volatility_transition_v1,vol_trans_follow_h1_high_cooling_h12_tp06_sl065,0.6228999999999815,-0.4271000000000184,-1.1271000000000182,0,0,0,0,0.4271000000000184,19.419999999999845,9.160000000000082,0.5262008733624586,6.319999999999936,0.2547468354430607,3.2100000000000364,3.581500000000017,0.248,-1.0,,,12,3,11.0,2023
2023-11-24 12:00:00+00:00|1.0|vol_trans_follow_h1_high_cooling_h12_tp06_sl065,2023-11-24 12:00:00+00:00,STAGE28A,data/reports/stage28a_discovery_factory_batch_runner/stage28a_exact_trades.csv,volatility_transition_v1,vol_trans_follow_h1_high_cooling_h12_tp06_sl065,0.3990999999999985,-0.6509000000000014,-1.350900000000001,0,0,0,0,0.6509000000000014,9.38000000000011,3.4400000000000546,0.11627906976740036,4.259999999999991,0.47652582159623874,1.7000000000000455,1.9515000000000213,0.008,1.0,,,12,4,11.0,2023
2023-11-27 12:00:00+00:00|-1.0|vol_trans_follow_h1_high_cooling_h12_tp06_sl065,2023-11-27 12:00:00+00:00,STAGE28A,data/reports/stage28a_discovery_factory_batch_runner/stage28a_exact_trades.csv,volatility_transition_v1,vol_trans_follow_h1_high_cooling_h12_tp06_sl065,-1.476125000000002,-2.5261250000000017,-3.226125000000001,0,0,0,0,2.5261250000000017,3.6499999999998636,17.639999999999873,0.6031746031746132,6.789999999999964,0.22091310751104684,2.4700000000000273,3.718999999999994,0.474,-1.0,,,12,0,11.0,2023
2023-11-28 12:00:00+00:00|1.0|vol_trans_follow_h1_high_cooling_h12_tp06_sl065,2023-11-28 12:00:00+00:00,STAGE28A,data/reports/stage28a_discovery_factory_batch_runner/stage28a_exact_trades.csv,volatility_transition_v1,vol_trans_follow_h1_high_cooling_h12_tp06_sl065,-1.291849999999931,-2.341849999999931,-3.041849999999931,0,0,0,0,2.341849999999931,17.639999999999873,4.9500000000000455,0.02626262626264807,4.529999999999973,0.09713024282556951,2.25,3.0129999999999884,0.228,1.0,,,12,1,11.0,2023
2023-11-30 12:00:00+00:00|-1.0|vol_trans_follow_h1_high_cooling_h12_tp06_sl065,2023-11-30 12:00:00+00:00,STAGE28A,data/reports/stage28a_discovery_factory_batch_runner/stage28a_exact_trades.csv,volatility_transition_v1,vol_trans_follow_h1_high_cooling_h12_tp06_sl065,-1.5609499999999117,-2.6109499999999115,-3.3109499999999112,0,0,0,0,2.6109499999999115,16.749999999999773,4.540000000000191,0.0,10.160000000000082,0.6102362204724405,3.5,3.9705000000000723,0.62,-1.0,,,12,3,11.0,2023
2023-12-01 12:00:00+00:00|1.0|vol_trans_follow_h1_high_cooling_h12_tp06_sl065,2023-12-01 12:00:00+00:00,STAGE28A,data/reports/stage28a_discovery_factory_batch_runner/stage28a_exact_trades.csv,volatility_transition_v1,vol_trans_follow_h1_high_cooling_h12_tp06_sl065,0.6999999999999545,-0.3500000000000454,-1.0500000000000451,0,0,0,0,0.3500000000000454,16.060000000000173,6.800000000000182,0.0073529411764971415,10.539999999999964,0.34345351043642347,4.889999999999873,3.6529999999999747,0.344,1.0,,,12,4,12.0,2023
2023-12-07 12:00:00+00:00|1.0|vol_trans_follow_h1_high_cooling_h12_tp06_sl065,2023-12-07 12:00:00+00:00,STAGE28A,data/reports/stage28a_discovery_factory_batch_runner/stage28a_exact_trades.csv,volatility_transition_v1,vol_trans_follow_h1_high_cooling_h12_tp06_sl065,-1.6214000000000852,-2.671400000000085,-3.3714000000000848,0,0,0,0,2.671400000000085,18.700000000000045,4.740000000000009,0.21940928270041385,9.889999999999873,0.765419615773512,3.5699999999999363,3.9929999999999835,0.42,1.0,,,12,3,12.0,2023
2023-12-13 12:00:00+00:00|1.0|vol_trans_follow_h1_high_cooling_h12_tp06_sl065,2023-12-13 12:00:00+00:00,STAGE28A,data/reports/stage28a_discovery_factory_batch_runner/stage28a_exact_trades.csv,volatility_transition_v1,vol_trans_follow_h1_high_cooling_h12_tp06_sl065,-1.5521749999998975,-2.6021749999998973,-3.302174999999897,0,0,0,0,2.6021749999998973,19.50999999999999,5.1099999999999,0.8297455968689026,10.309999999999945,0.48205625606208086,3.1400000000001,3.40799999999997,0.012,1.0,,,12,2,12.0,2023
2023-12-19 12:00:00+00:00|-1.0|vol_trans_follow_h1_high_cooling_h12_tp06_sl065,2023-12-19 12:00:00+00:00,STAGE28A,data/reports/stage28a_discovery_factory_batch_runner/stage28a_exact_trades.csv,volatility_transition_v1,vol_trans_follow_h1_high_cooling_h12_tp06_sl065,0.5575000000000273,-0.4924999999999726,-1.1924999999999724,0,0,0,0,0.4924999999999726,17.769999999999982,7.649999999999864,0.4575163398692892,6.039999999999964,0.2533112582781427,1.7699999999999818,3.741000000000008,0.116,-1.0,,,12,1,12.0,2023
2023-12-20 12:00:00+00:00|-1.0|vol_trans_follow_h1_high_cooling_h12_tp06_sl065,2023-12-20 12:00:00+00:00,STAGE28A,data/reports/stage28a_discovery_factory_batch_runner/stage28a_exact_trades.csv,volatility_transition_v1,vol_trans_follow_h1_high_cooling_h12_tp06_sl065,-1.281775000000016,-2.331775000000016,-3.031775000000016,0,0,0,0,2.331775000000016,25.289999999999964,4.960000000000036,0.09072580645162141,7.820000000000164,0.5843989769820768,2.880000000000109,3.3455000000000155,0.048,-1.0,,,12,2,12.0,2023
2023-12-21 12:00:00+00:00|-1.0|vol_trans_follow_h1_high_cooling_h12_tp06_sl065,2023-12-21 12:00:00+00:00,STAGE28A,data/reports/stage28a_discovery_factory_batch_runner/stage28a_exact_trades.csv,volatility_transition_v1,vol_trans_follow_h1_high_cooling_h12_tp06_sl065,0.4885000000000673,-0.5614999999999326,-1.2614999999999323,0,0,0,0,0.5614999999999326,15.990000000000009,6.440000000000055,0.6413043478260632,5.120000000000118,0.4316406249999971,2.3599999999999,3.3784999999999856,0.092,-1.0,,,12,3,12.0,2023
2023-12-26 12:00:00+00:00|1.0|vol_trans_follow_h1_high_cooling_h12_tp06_sl065,2023-12-26 12:00:00+00:00,STAGE28A,data/reports/stage28a_discovery_factory_batch_runner/stage28a_exact_trades.csv,volatility_transition_v1,vol_trans_follow_h1_high_cooling_h12_tp06_sl065,0.4162000000000262,-0.6337999999999737,-1.3337999999999737,0,0,0,0,0.6337999999999737,4.400000000000091,11.75,0.775319148936181,4.380000000000109,0.0410958904109205,2.4200000000000728,3.904000000000019,0.372,1.0,,,12,1,12.0,2023
2023-12-27 12:00:00+00:00|1.0|vol_trans_follow_h1_high_cooling_h12_tp06_sl065,2023-12-27 12:00:00+00:00,STAGE28A,data/reports/stage28a_discovery_factory_batch_runner/stage28a_exact_trades.csv,volatility_transition_v1,vol_trans_follow_h1_high_cooling_h12_tp06_sl065,0.3969999999998436,-0.6530000000001563,-1.353000000000156,0,0,0,0,0.6530000000001563,15.650000000000091,4.559999999999945,0.07894736842108149,7.7199999999998,0.1411917098445821,1.9600000000000364,3.06400000000001,0.064,1.0,,,12,2,12.0,2023
2023-12-29 12:00:00+00:00|-1.0|vol_trans_follow_h1_high_cooling_h12_tp06_sl065,2023-12-29 12:00:00+00:00,STAGE28A,data/reports/stage28a_discovery_factory_batch_runner/stage28a_exact_trades.csv,volatility_transition_v1,vol_trans_follow_h1_high_cooling_h12_tp06_sl065,0.6058000000001812,-0.4441999999998187,-1.1441999999998185,0,0,0,0,0.4441999999998187,23.909999999999854,5.570000000000164,0.5727109515259436,12.900000000000091,0.4031007751937815,4.3400000000001455,3.5379999999999656,0.216,-1.0,,,12,4,12.0,2023
2024-01-02 12:00:00+00:00|1.0|vol_trans_follow_h1_high_cooling_h12_tp06_sl065,2024-01-02 12:00:00+00:00,STAGE28A,data/reports/stage28a_discovery_factory_batch_runner/stage28a_exact_trades.csv,volatility_transition_v1,vol_trans_follow_h1_high_cooling_h12_tp06_sl065,0.9187000000000808,-0.1312999999999191,-0.8312999999999189,0,0,0,0,0.1312999999999191,3.199999999999818,8.299999999999727,0.7060240963855807,9.350000000000364,0.6844919786096088,5.559999999999945,3.8299999999999956,0.412,1.0,,,12,1,1.0,2024
2024-01-05 12:00:00+00:00|-1.0|vol_trans_follow_h1_high_cooling_h12_tp06_sl065,2024-01-05 12:00:00+00:00,STAGE28A,data/reports/stage28a_discovery_factory_batch_runner/stage28a_exact_trades.csv,volatility_transition_v1,vol_trans_follow_h1_high_cooling_h12_tp06_sl065,-1.4835999999998877,-2.5335999999998875,-3.2335999999998872,0,0,0,0,2.5335999999998875,14.779999999999745,5.630000000000109,0.05150976909413108,9.599999999999909,0.47187500000000165,5.259999999999991,3.2075000000000045,0.104,-1.0,,,12,4,1.0,2024
2024-01-10 12:00:00+00:00|1.0|vol_trans_follow_h1_high_cooling_h12_tp06_sl065,2024-01-10 12:00:00+00:00,STAGE28A,data/reports/stage28a_discovery_factory_batch_runner/stage28a_exact_trades.csv,volatility_transition_v1,vol_trans_follow_h1_high_cooling_h12_tp06_sl065,-1.844674999999916,-2.8946749999999155,-3.5946749999999152,0,0,0,0,2.8946749999999155,15.940000000000055,5.619999999999891,0.18149466192170846,16.539999999999964,0.30290205562273287,1.5600000000001728,3.7875000000000227,0.288,1.0,,,12,2,1.0,2024
2024-01-11 12:00:00+00:00|1.0|vol_trans_follow_h1_high_cooling_h12_tp06_sl065,2024-01-11 12:00:00+00:00,STAGE28A,data/reports/stage28a_discovery_factory_batch_runner/stage28a_exact_trades.csv,volatility_transition_v1,vol_trans_follow_h1_high_cooling_h12_tp06_sl065,0.6490000000000237,-0.4009999999999762,-1.100999999999976,0,0,0,0,0.4009999999999762,20.089999999999918,7.5,0.7093333333333248,5.479999999999791,0.03832116788321978,2.2899999999999636,3.2264999999999646,0.056,1.0,,,12,3,1.0,2024
2024-01-16 12:00:00+00:00|-1.0|vol_trans_follow_h1_high_cooling_h12_tp06_sl065,2024-01-16 12:00:00+00:00,STAGE28A,data/reports/stage28a_discovery_factory_batch_runner/stage28a_exact_trades.csv,volatility_transition_v1,vol_trans_follow_h1_high_cooling_h12_tp06_sl065,0.9891999999998916,-0.0608000000001083,-0.7608000000001081,0,0,0,0,0.0608000000001083,12.740000000000009,7.170000000000073,0.656903765690375,12.409999999999854,0.6970185334407891,5.2000000000000455,2.9385000000000447,0.06,-1.0,,,12,1,1.0,2024
2024-01-19 12:00:00+00:00|1.0|vol_trans_follow_h1_high_cooling_h12_tp06_sl065,2024-01-19 12:00:00+00:00,STAGE28A,data/reports/stage28a_discovery_factory_batch_runner/stage28a_exact_trades.csv,volatility_transition_v1,vol_trans_follow_h1_high_cooling_h12_tp06_sl065,-1.4156750000000555,-2.465675000000056,-3.1656750000000557,0,0,0,0,2.465675000000056,18.389999999999873,4.880000000000109,0.594262295081926,10.550000000000182,0.8890995260663241,3.240000000000009,3.1815000000000166,0.108,1.0,,,12,4,1.0,2024
2024-01-22 12:00:00+00:00|-1.0|vol_trans_follow_h1_high_cooling_h12_tp06_sl065,2024-01-22 12:00:00+00:00,STAGE28A,data/reports/stage28a_discovery_factory_batch_runner/stage28a_exact_trades.csv,volatility_transition_v1,vol_trans_follow_h1_high_cooling_h12_tp06_sl065,1.1380000000000563,0.0880000000000564,-0.6119999999999433,1,0,0,0,0.0880000000000564,2.8199999999999363,7.399999999999864,0.2851351351351269,7.079999999999927,0.3644067796610425,3.3700000000001182,3.7404999999999746,0.3,-1.0,,,12,0,1.0,2024
2024-01-23 12:00:00+00:00|-1.0|vol_trans_follow_h1_high_cooling_h12_tp06_sl065,2024-01-23 12:00:00+00:00,STAGE28A,data/reports/stage28a_discovery_factory_batch_runner/stage28a_exact_trades.csv,volatility_transition_v1,vol_trans_follow_h1_high_cooling_h12_tp06_sl065,1.2111999999998715,0.1611999999998716,-0.5388000000001281,1,0,1,0,0.1611999999998716,15.519999999999982,8.38000000000011,0.8210023866348201,13.160000000000082,0.19452887537995114,3.509999999999991,3.8144999999999754,0.368,-1.0,,,12,1,1.0,2024
2024-01-24 12:00:00+00:00|-1.0|vol_trans_follow_h1_high_cooling_h12_tp06_sl065,2024-01-24 12:00:00+00:00,STAGE28A,data/reports/stage28a_discovery_factory_batch_runner/stage28a_exact_trades.csv,volatility_transition_v1,vol_trans_follow_h1_high_cooling_h12_tp06_sl065,0.9264999999999418,-0.1235000000000581,-0.8235000000000579,0,0,0,0,0.1235000000000581,18.340000000000146,5.8599999999999,0.8447098976109437,11.279999999999973,0.7402482269503483,4.189999999999827,3.3179999999999836,0.156,-1.0,,,12,2,1.0,2024
2024-01-25 12:00:00+00:00|1.0|vol_trans_follow_h1_high_cooling_h12_tp06_sl065,2024-01-25 12:00:00+00:00,STAGE28A,data/reports/stage28a_discovery_factory_batch_runner/stage28a_exact_trades.csv,volatility_transition_v1,vol_trans_follow_h1_high_cooling_h12_tp06_sl065,-1.3909750000001169,-2.4409750000001167,-3.1409750000001164,0,0,0,0,2.4409750000001167,25.52000000000021,3.400000000000091,0.18823529411767145,7.019999999999982,0.5270655270655349,5.1400000000001,3.9275000000000206,0.472,1.0,,,12,3,1.0,2024
2024-01-26 12:00:00+00:00|1.0|vol_trans_follow_h1_high_cooling_h12_tp06_sl065,2024-01-26 12:00:00+00:00,STAGE28A,data/reports/stage28a_discovery_factory_batch_runner/stage28a_exact_trades.csv,volatility_transition_v1,vol_trans_follow_h1_high_cooling_h12_tp06_sl065,-1.3081000000000589,-2.3581000000000585,-3.058100000000058,0,0,0,0,2.3581000000000585,15.400000000000091,4.779999999999973,0.10460251046025164,5.669999999999845,0.41975308641978376,4.240000000000009,3.4959999999999694,0.24,1.0,,,12,4,1.0,2024
2024-01-29 12:00:00+00:00|-1.0|vol_trans_follow_h1_high_cooling_h12_tp06_sl065,2024-01-29 12:00:00+00:00,STAGE28A,data/reports/stage28a_discovery_factory_batch_runner/stage28a_exact_trades.csv,volatility_transition_v1,vol_trans_follow_h1_high_cooling_h12_tp06_sl065,0.6361000000000786,-0.4138999999999213,-1.113899999999921,0,0,0,0,0.4138999999999213,7.220000000000027,9.13000000000011,0.4928806133625352,9.209999999999809,0.1400651465798035,4.120000000000118,3.4339999999999917,0.26,-1.0,,,12,0,1.0,2024
2024-01-31 12:00:00+00:00|-1.0|vol_trans_follow_h1_high_cooling_h12_tp06_sl065,2024-01-31 12:00:00+00:00,STAGE28A,data/reports/stage28a_discovery_factory_batch_runner/stage28a_exact_trades.csv,volatility_transition_v1,vol_trans_follow_h1_high_cooling_h12_tp06_sl065,-1.2671499999999924,-2.3171499999999923,-3.017149999999992,0,0,0,0,2.3171499999999923,19.54000000000019,5.800000000000182,0.32931034482759,7.150000000000091,0.3356643356643441,1.8599999999999,3.8415000000000417,0.392,-1.0,,,12,2,1.0,2024
2024-02-06 12:00:00+00:00|-1.0|vol_trans_follow_h1_high_cooling_h12_tp06_sl065,2024-02-06 12:00:00+00:00,STAGE28A,data/reports/stage28a_discovery_factory_batch_runner/stage28a_exact_trades.csv,volatility_transition_v1,vol_trans_follow_h1_high_cooling_h12_tp06_sl065,0.6192999999999756,-0.4307000000000243,-1.130700000000024,0,0,0,0,0.4307000000000243,27.329999999999927,5.100000000000136,0.24705882352940337,6.990000000000009,0.34477825464947803,2.490000000000009,3.2870000000000346,0.092,-1.0,,,12,1,2.0,2024
2024-02-07 12:00:00+00:00|1.0|vol_trans_follow_h1_high_cooling_h12_tp06_sl065,2024-02-07 12:00:00+00:00,STAGE28A,data/reports/stage28a_discovery_factory_batch_runner/stage28a_exact_trades.csv,volatility_transition_v1,vol_trans_follow_h1_high_cooling_h12_tp06_sl065,0.3450999999999112,-0.7049000000000887,-1.4049000000000884,0,0,0,0,0.7049000000000887,16.189999999999827,2.230000000000018,0.004484304932731311,4.889999999999873,0.40286298568508766,2.5800000000001546,2.89849999999999,0.032,1.0,,,12,2,2.0,2024
2024-02-08 12:00:00+00:00|1.0|vol_trans_follow_h1_high_cooling_h12_tp06_sl065,2024-02-08 12:00:00+00:00,STAGE28A,data/reports/stage28a_discovery_factory_batch_runner/stage28a_exact_trades.csv,volatility_transition_v1,vol_trans_follow_h1_high_cooling_h12_tp06_sl065,0.5836000000000695,-0.4663999999999304,-1.1663999999999302,0,0,0,0,0.4663999999999304,13.970000000000027,7.0,0.6028571428571468,9.599999999999909,0.41041666666665255,6.25,3.4754999999999994,0.284,1.0,,,12,3,2.0,2024
2024-02-09 12:00:00+00:00|-1.0|vol_trans_follow_h1_high_cooling_h12_tp06_sl065,2024-02-09 12:00:00+00:00,STAGE28A,data/reports/stage28a_discovery_factory_batch_runner/stage28a_exact_trades.csv,volatility_transition_v1,vol_trans_follow_h1_high_cooling_h12_tp06_sl065,-1.1299999999999728,-2.1799999999999726,-2.8799999999999724,0,0,0,0,2.1799999999999726,18.6400000000001,3.1599999999998545,0.49367088607595483,4.460000000000036,0.022421524663656555,2.3899999999998727,3.0269999999999753,0.076,-1.0,,,12,4,2.0,2024
2024-02-12 12:00:00+00:00|-1.0|vol_trans_follow_h1_high_cooling_h12_tp06_sl065,2024-02-12 12:00:00+00:00,STAGE28A,data/reports/stage28a_discovery_factory_batch_runner/stage28a_exact_trades.csv,volatility_transition_v1,vol_trans_follow_h1_high_cooling_h12_tp06_sl065,-1.1553500000000896,-2.2053500000000894,-2.905350000000089,0,0,0,0,2.2053500000000894,2.4199999999998454,4.959999999999809,0.46774193548387616,7.339999999999918,0.30245231607630135,3.490000000000009,2.494500000000005,0.032,-1.0,,,12,0,2.0,2024
2024-02-13 12:00:00+00:00|1.0|vol_trans_follow_h1_high_cooling_h12_tp06_sl065,2024-02-13 12:00:00+00:00,STAGE28A,data/reports/stage28a_discovery_factory_batch_runner/stage28a_exact_trades.csv,volatility_transition_v1,vol_trans_follow_h1_high_cooling_h12_tp06_sl065,0.2742999999999483,-0.7757000000000516,-1.4757000000000513,0,0,0,0,0.7757000000000516,15.639999999999873,4.4099999999998545,0.04081632653062803,9.190000000000055,0.8476605005440606,1.7200000000000273,2.642999999999995,0.064,1.0,,,12,1,2.0,2024
2024-02-14 12:00:00+00:00|1.0|vol_trans_follow_h1_high_cooling_h12_tp06_sl065,2024-02-14 12:00:00+00:00,STAGE28A,data/reports/stage28a_discovery_factory_batch_runner/stage28a_exact_trades.csv,volatility_transition_v1,vol_trans_follow_h1_high_cooling_h12_tp06_sl065,0.5719000000000506,-0.4780999999999493,-1.178099999999949,0,0,0,0,0.4780999999999493,39.86999999999989,4.75,0.19578947368422392,7.1400000000001,0.06162464985991891,3.0499999999999545,3.4069999999999823,0.432,1.0,,,12,2,2.0,2024
2024-02-15 12:00:00+00:00|1.0|vol_trans_follow_h1_high_cooling_h12_tp06_sl065,2024-02-15 12:00:00+00:00,STAGE28A,data/reports/stage28a_discovery_factory_batch_runner/stage28a_exact_trades.csv,volatility_transition_v1,vol_trans_follow_h1_high_cooling_h12_tp06_sl065,0.33100000000004,-0.7189999999999599,-1.4189999999999596,0,0,0,0,0.7189999999999599,11.839999999999918,4.119999999999891,0.41262135922332294,6.5,0.6123076923076951,2.9299999999998363,2.872499999999968,0.112,1.0,,,12,3,2.0,2024
2024-02-16 12:00:00+00:00|1.0|vol_trans_follow_h1_high_cooling_h12_tp06_sl065,2024-02-16 12:00:00+00:00,STAGE28A,data/reports/stage28a_discovery_factory_batch_runner/stage28a_exact_trades.csv,volatility_transition_v1,vol_trans_follow_h1_high_cooling_h12_tp06_sl065,0.2803000000000338,-0.7696999999999661,-1.4696999999999658,0,0,0,0,0.7696999999999661,18.230000000000018,3.2799999999999727,0.06097560975611193,4.819999999999936,0.7406639004149344,2.2100000000000364,2.574500000000023,0.068,1.0,,,12,4,2.0,2024
2024-02-20 12:00:00+00:00|1.0|vol_trans_follow_h1_high_cooling_h12_tp06_sl065,2024-02-20 12:00:00+00:00,STAGE28A,data/reports/stage28a_discovery_factory_batch_runner/stage28a_exact_trades.csv,volatility_transition_v1,vol_trans_follow_h1_high_cooling_h12_tp06_sl065,-1.2184000000000652,-2.268400000000065,-2.9684000000000648,0,0,0,0,2.268400000000065,10.980000000000018,4.650000000000091,0.7053763440860508,9.879999999999882,0.6730769230769174,2.630000000000109,2.1740000000000235,0.052,1.0,,,12,1,2.0,2024
2024-02-21 12:00:00+00:00|1.0|vol_trans_follow_h1_high_cooling_h12_tp06_sl065,2024-02-21 12:00:00+00:00,STAGE28A,data/reports/stage28a_discovery_factory_batch_runner/stage28a_exact_trades.csv,volatility_transition_v1,vol_trans_follow_h1_high_cooling_h12_tp06_sl065,0.3828999999999724,-0.6671000000000276,-1.3671000000000273,0,0,0,0,0.6671000000000276,15.829999999999927,8.420000000000073,0.8016627078384729,6.25,0.15520000000000436,2.740000000000009,2.4915000000000305,0.148,1.0,,,12,2,2.0,2024
2024-02-22 12:00:00+00:00|-1.0|vol_trans_follow_h1_high_cooling_h12_tp06_sl065,2024-02-22 12:00:00+00:00,STAGE28A,data/reports/stage28a_discovery_factory_batch_runner/stage28a_exact_trades.csv,volatility_transition_v1,vol_trans_follow_h1_high_cooling_h12_tp06_sl065,-1.387074999999959,-2.437074999999959,-3.1370749999999585,0,0,0,0,2.437074999999959,12.1400000000001,3.849999999999909,0.7974025974025997,6.670000000000073,0.1004497751124536,4.720000000000027,2.9905000000000315,0.42,-1.0,,,12,3,2.0,2024
2024-02-23 12:00:00+00:00|-1.0|vol_trans_follow_h1_high_cooling_h12_tp06_sl065,2024-02-23 12:00:00+00:00,STAGE28A,data/reports/stage28a_discovery_factory_batch_runner/stage28a_exact_trades.csv,volatility_transition_v1,vol_trans_follow_h1_high_cooling_h12_tp06_sl065,0.6438999999999396,-0.4061000000000603,-1.10610000000006,0,0,0,0,0.4061000000000603,15.36999999999989,4.559999999999945,0.2763157894736855,10.110000000000127,0.2908011869435994,3.8400000000001455,3.2055000000000065,0.688,-1.0,,,12,4,2.0,2024
2024-02-26 12:00:00+00:00|-1.0|vol_trans_follow_h1_high_cooling_h12_tp06_sl065,2024-02-26 12:00:00+00:00,STAGE28A,data/reports/stage28a_discovery_factory_batch_runner/stage28a_exact_trades.csv,volatility_transition_v1,vol_trans_follow_h1_high_cooling_h12_tp06_sl065,0.5440000000000055,-0.5059999999999945,-1.2059999999999942,0,0,0,0,0.5059999999999945,2.7999999999999545,5.069999999999936,0.36489151873765924,5.349999999999909,0.007476635514012018,2.1000000000001364,3.104499999999939,0.544,-1.0,,,12,0,2.0,2024
2024-02-27 12:00:00+00:00|-1.0|vol_trans_follow_h1_high_cooling_h12_tp06_sl065,2024-02-27 12:00:00+00:00,STAGE28A,data/reports/stage28a_discovery_factory_batch_runner/stage28a_exact_trades.csv,volatility_transition_v1,vol_trans_follow_h1_high_cooling_h12_tp06_sl065,-1.1222000000001118,-2.172200000000112,-2.8722000000001118,0,0,0,0,2.172200000000112,12.009999999999991,4.0499999999999545,0.6246913580246917,6.789999999999964,0.42120765832108137,2.7799999999999727,2.5209999999999924,0.152,-1.0,,,12,1,2.0,2024
2024-02-28 12:00:00+00:00|-1.0|vol_trans_follow_h1_high_cooling_h12_tp06_sl065,2024-02-28 12:00:00+00:00,STAGE28A,data/reports/stage28a_discovery_factory_batch_runner/stage28a_exact_trades.csv,volatility_transition_v1,vol_trans_follow_h1_high_cooling_h12_tp06_sl065,-1.0692250000000514,-2.119225000000051,-2.819225000000051,0,0,0,0,2.119225000000051,10.730000000000018,4.599999999999909,0.01956521739133637,7.720000000000027,0.3873056994818651,2.5599999999999454,2.4649999999999865,0.156,-1.0,,,12,2,2.0,2024
2024-02-29 12:00:00+00:00|-1.0|vol_trans_follow_h1_high_cooling_h12_tp06_sl065,2024-02-29 12:00:00+00:00,STAGE28A,data/reports/stage28a_discovery_factory_batch_runner/stage28a_exact_trades.csv,volatility_transition_v1,vol_trans_follow_h1_high_cooling_h12_tp06_sl065,0.2997999999999138,-0.7502000000000861,-1.450200000000086,0,0,0,0,0.7502000000000861,13.420000000000073,3.1299999999998818,0.1629392971246039,7.2999999999999545,0.5931506849315318,3.480000000000018,2.3444999999999596,0.124,-1.0,,,12,3,2.0,2024
2024-03-01 12:00:00+00:00|1.0|vol_trans_follow_h1_high_cooling_h12_tp06_sl065,2024-03-01 12:00:00+00:00,STAGE28A,data/reports/stage28a_discovery_factory_batch_runner/stage28a_exact_trades.csv,volatility_transition_v1,vol_trans_follow_h1_high_cooling_h12_tp06_sl065,-1.62107500000011,-2.67107500000011,-3.371075000000109,0,0,0,0,2.67107500000011,22.72999999999979,3.9600000000000364,0.31565656565656275,16.0300000000002,0.5832813474734743,8.089999999999918,2.870000000000016,0.5,1.0,,,12,4,3.0,2024
2024-03-12 12:00:00+00:00|-1.0|vol_trans_follow_h1_high_cooling_h12_tp06_sl065,2024-03-12 12:00:00+00:00,STAGE28A,data/reports/stage28a_discovery_factory_batch_runner/stage28a_exact_trades.csv,volatility_transition_v1,vol_trans_follow_h1_high_cooling_h12_tp06_sl065,-1.4988749999998618,-2.5488749999998617,-3.2488749999998614,0,0,0,0,2.5488749999998617,14.239999999999782,7.929999999999836,0.5056746532156748,5.539999999999964,0.30685920577622455,2.7400000000002365,3.7759999999999083,0.372,-1.0,,,12,1,3.0,2024
2024-03-14 12:00:00+00:00|1.0|vol_trans_follow_h1_high_cooling_h12_tp06_sl065,2024-03-14 12:00:00+00:00,STAGE28A,data/reports/stage28a_discovery_factory_batch_runner/stage28a_exact_trades.csv,volatility_transition_v1,vol_trans_follow_h1_high_cooling_h12_tp06_sl065,-1.3818750000001274,-2.4318750000001272,-3.131875000000127,0,0,0,0,2.4318750000001272,24.059999999999945,5.920000000000073,0.44087837837839444,4.599999999999909,0.2434782608695463,4.109999999999673,3.210500000000002,0.096,1.0,,,12,3,3.0,2024
2024-03-15 12:00:00+00:00|1.0|vol_trans_follow_h1_high_cooling_h12_tp06_sl065,2024-03-15 12:00:00+00:00,STAGE28A,data/reports/stage28a_discovery_factory_batch_runner/stage28a_exact_trades.csv,volatility_transition_v1,vol_trans_follow_h1_high_cooling_h12_tp06_sl065,0.952599999999984,-0.0974000000000159,-0.7974000000000157,0,0,0,0,0.0974000000000159,24.159999999999854,5.289999999999964,0.43100189035920905,9.289999999999964,0.511302475780411,5.25,3.510499999999979,0.096,1.0,,,12,4,3.0,2024
2024-03-18 12:00:00+00:00|1.0|vol_trans_follow_h1_high_cooling_h12_tp06_sl065,2024-03-18 12:00:00+00:00,STAGE28A,data/reports/stage28a_discovery_factory_batch_runner/stage28a_exact_trades.csv,volatility_transition_v1,vol_trans_follow_h1_high_cooling_h12_tp06_sl065,0.7267000000000735,-0.3232999999999264,-1.0232999999999262,0,0,0,0,0.3232999999999264,5.369999999999891,11.419999999999618,0.6444833625219242,12.349999999999909,0.8858299595141441,2.549999999999727,3.899000000000001,0.18,1.0,,,12,0,3.0,2024
2024-03-19 12:00:00+00:00|1.0|vol_trans_follow_h1_high_cooling_h12_tp06_sl065,2024-03-19 12:00:00+00:00,STAGE28A,data/reports/stage28a_discovery_factory_batch_runner/stage28a_exact_trades.csv,volatility_transition_v1,vol_trans_follow_h1_high_cooling_h12_tp06_sl065,-1.930475000000206,-2.980475000000206,-3.6804750000002056,0,0,0,0,2.980475000000206,17.559999999999945,4.1599999999998545,0.16105769230771544,13.179999999999836,0.4613050075872536,2.880000000000109,3.1899999999999182,0.036,1.0,,,12,1,3.0,2024
2024-03-20 12:00:00+00:00|-1.0|vol_trans_follow_h1_high_cooling_h12_tp06_sl065,2024-03-20 12:00:00+00:00,STAGE28A,data/reports/stage28a_discovery_factory_batch_runner/stage28a_exact_trades.csv,volatility_transition_v1,vol_trans_follow_h1_high_cooling_h12_tp06_sl065,0.5448999999997796,-0.5051000000002204,-1.20510000000022,0,0,0,0,0.5051000000002204,15.599999999999909,5.110000000000127,0.031311154598796576,7.079999999999927,0.3587570621468912,3.0799999999999272,2.7464999999999917,0.004,-1.0,,,12,2,3.0,2024
2024-03-26 12:00:00+00:00|1.0|vol_trans_follow_h1_high_cooling_h12_tp06_sl065,2024-03-26 12:00:00+00:00,STAGE28A,data/reports/stage28a_discovery_factory_batch_runner/stage28a_exact_trades.csv,volatility_transition_v1,vol_trans_follow_h1_high_cooling_h12_tp06_sl065,1.2187000000002626,0.1687000000002627,-0.531299999999737,1,0,1,0,0.1687000000002627,17.779999999999745,6.839999999999691,0.09941520467834314,30.460000000000036,0.8365068942875898,16.730000000000018,3.8649999999999407,0.352,1.0,,,12,1,3.0,2024
2024-05-09 12:00:00+00:00|1.0|vol_trans_follow_h1_high_cooling_h12_tp06_sl065,2024-05-09 12:00:00+00:00,STAGE28A,data/reports/stage28a_discovery_factory_batch_runner/stage28a_exact_trades.csv,volatility_transition_v1,vol_trans_follow_h1_high_cooling_h12_tp06_sl065,-1.9389250000000176,-2.9889250000000174,-3.688925000000017,0,0,0,0,2.9889250000000174,17.86999999999989,4.970000000000255,0.5010060362173258,13.08999999999969,0.35752482811305936,4.349999999999909,4.386499999999955,0.012,1.0,,,12,3,5.0,2024
2024-05-14 12:00:00+00:00|1.0|vol_trans_follow_h1_high_cooling_h12_tp06_sl065,2024-05-14 12:00:00+00:00,STAGE28A,data/reports/stage28a_discovery_factory_batch_runner/stage28a_exact_trades.csv,volatility_transition_v1,vol_trans_follow_h1_high_cooling_h12_tp06_sl065,-1.9103249999999208,-2.9603249999999206,-3.66032499999992,0,0,0,0,2.9603249999999206,32.95000000000027,9.570000000000164,0.5862068965517274,12.2800000000002,0.2394136807817595,6.179999999999836,4.448000000000002,0.044,1.0,,,12,1,5.0,2024
2024-05-15 12:00:00+00:00|1.0|vol_trans_follow_h1_high_cooling_h12_tp06_sl065,2024-05-15 12:00:00+00:00,STAGE28A,data/reports/stage28a_discovery_factory_batch_runner/stage28a_exact_trades.csv,volatility_transition_v1,vol_trans_follow_h1_high_cooling_h12_tp06_sl065,-1.9665500000001883,-3.0165500000001884,-3.716550000000188,0,0,0,0,3.0165500000001884,24.920000000000073,6.110000000000127,0.46808510638298984,18.5300000000002,0.47706422018348893,11.789999999999964,4.770500000000015,0.14,1.0,,,12,2,5.0,2024
2024-05-17 12:00:00+00:00|1.0|vol_trans_follow_h1_high_cooling_h12_tp06_sl065,2024-05-17 12:00:00+00:00,STAGE28A,data/reports/stage28a_discovery_factory_batch_runner/stage28a_exact_trades.csv,volatility_transition_v1,vol_trans_follow_h1_high_cooling_h12_tp06_sl065,0.9979000000002088,-0.052099999999791,-0.7520999999997908,0,0,0,0,0.052099999999791,26.550000000000182,7.2599999999997635,0.07300275482090395,11.360000000000127,0.42517605633805705,4.210000000000036,4.415999999999963,0.056,1.0,,,12,4,5.0,2024
2024-05-27 12:00:00+00:00|1.0|vol_trans_follow_h1_high_cooling_h12_tp06_sl065,2024-05-27 12:00:00+00:00,STAGE28A,data/reports/stage28a_discovery_factory_batch_runner/stage28a_exact_trades.csv,volatility_transition_v1,vol_trans_follow_h1_high_cooling_h12_tp06_sl065,-1.771875,-2.821875,-3.521875,0,0,0,0,2.821875,8.329999999999927,15.260000000000218,0.38401048492791895,7.970000000000255,0.34755332496861896,7.920000000000073,4.976000000000044,0.176,1.0,,,12,0,5.0,2024
2024-05-28 12:00:00+00:00|1.0|vol_trans_follow_h1_high_cooling_h12_tp06_sl065,2024-05-28 12:00:00+00:00,STAGE28A,data/reports/stage28a_discovery_factory_batch_runner/stage28a_exact_trades.csv,volatility_transition_v1,vol_trans_follow_h1_high_cooling_h12_tp06_sl065,1.1566000000001622,0.1066000000001623,-0.5933999999998374,1,0,0,0,0.1066000000001623,26.420000000000073,7.220000000000255,0.17313019390581108,13.699999999999818,0.5335766423357695,4.7599999999997635,4.3940000000000055,0.08,1.0,,,12,1,5.0,2024
2024-05-31 12:00:00+00:00|1.0|vol_trans_follow_h1_high_cooling_h12_tp06_sl065,2024-05-31 12:00:00+00:00,STAGE28A,data/reports/stage28a_discovery_factory_batch_runner/stage28a_exact_trades.csv,volatility_transition_v1,vol_trans_follow_h1_high_cooling_h12_tp06_sl065,-1.7556249999998728,-2.8056249999998726,-3.5056249999998723,0,0,0,0,2.8056249999998726,29.38000000000011,10.739999999999782,0.036312849162000053,7.370000000000346,0.21709633649929905,4.140000000000327,4.827500000000077,0.144,1.0,,,12,4,5.0,2024
2024-06-11 12:00:00+00:00|1.0|vol_trans_follow_h1_high_cooling_h12_tp06_sl065,2024-06-11 12:00:00+00:00,STAGE28A,data/reports/stage28a_discovery_factory_batch_runner/stage28a_exact_trades.csv,volatility_transition_v1,vol_trans_follow_h1_high_cooling_h12_tp06_sl065,1.01830000000009,-0.0316999999999096,-0.7316999999999094,0,0,0,0,0.0316999999999096,25.990000000000236,13.549999999999727,0.4479704797048181,9.990000000000236,0.2662662662662454,4.510000000000218,4.4694999999999485,0.076,1.0,,,12,1,6.0,2024
2024-06-12 12:00:00+00:00|-1.0|vol_trans_follow_h1_high_cooling_h12_tp06_sl065,2024-06-12 12:00:00+00:00,STAGE28A,data/reports/stage28a_discovery_factory_batch_runner/stage28a_exact_trades.csv,volatility_transition_v1,vol_trans_follow_h1_high_cooling_h12_tp06_sl065,0.787000000000171,-0.2629999999998289,-0.9629999999998288,0,0,0,0,0.2629999999998289,22.36999999999989,6.8400000000001455,0.42690058479532317,6.910000000000309,0.00289435600578595,4.920000000000073,4.254999999999972,0.024,-1.0,,,12,2,6.0,2024
2024-06-17 12:00:00+00:00|1.0|vol_trans_follow_h1_high_cooling_h12_tp06_sl065,2024-06-17 12:00:00+00:00,STAGE28A,data/reports/stage28a_discovery_factory_batch_runner/stage28a_exact_trades.csv,volatility_transition_v1,vol_trans_follow_h1_high_cooling_h12_tp06_sl065,-2.0094500000001063,-3.059450000000106,-3.759450000000106,0,0,0,0,3.059450000000106,5.4099999999998545,11.420000000000073,0.39229422066549824,10.769999999999982,0.4001857010213512,5.8400000000001455,4.699999999999932,0.096,1.0,,,12,0,6.0,2024
2024-06-18 12:00:00+00:00|-1.0|vol_trans_follow_h1_high_cooling_h12_tp06_sl065,2024-06-18 12:00:00+00:00,STAGE28A,data/reports/stage28a_discovery_factory_batch_runner/stage28a_exact_trades.csv,volatility_transition_v1,vol_trans_follow_h1_high_cooling_h12_tp06_sl065,0.982600000000184,-0.0673999999998158,-0.7673999999998156,0,0,0,0,0.0673999999998158,23.170000000000073,6.5,0.5292307692307776,14.090000000000146,0.9488999290276939,4.639999999999873,4.691999999999984,0.14,-1.0,,,12,1,6.0,2024
2024-06-19 12:00:00+00:00|1.0|vol_trans_follow_h1_high_cooling_h12_tp06_sl065,2024-06-19 12:00:00+00:00,STAGE28A,data/reports/stage28a_discovery_factory_batch_runner/stage28a_exact_trades.csv,volatility_transition_v1,vol_trans_follow_h1_high_cooling_h12_tp06_sl065,0.6237999999997556,-0.4262000000002444,-1.126200000000244,0,0,0,0,0.4262000000002444,26.699999999999818,5.2199999999998,0.003831417624517735,8.190000000000055,0.020757020757029503,3.1799999999998363,3.9484999999999673,0.02,1.0,,,12,2,6.0,2024
2024-06-20 12:00:00+00:00|-1.0|vol_trans_follow_h1_high_cooling_h12_tp06_sl065,2024-06-20 12:00:00+00:00,STAGE28A,data/reports/stage28a_discovery_factory_batch_runner/stage28a_exact_trades.csv,volatility_transition_v1,vol_trans_follow_h1_high_cooling_h12_tp06_sl065,-2.0621000000001914,-3.1121000000001917,-3.812100000000191,0,0,0,1,3.1121000000001917,11.2800000000002,11.260000000000218,0.3152753108348235,14.260000000000218,0.03366058906030932,6.200000000000273,4.154000000000042,0.124,-1.0,,,12,3,6.0,2024
2024-06-21 12:00:00+00:00|1.0|vol_trans_follow_h1_high_cooling_h12_tp06_sl065,2024-06-21 12:00:00+00:00,STAGE28A,data/reports/stage28a_discovery_factory_batch_runner/stage28a_exact_trades.csv,volatility_transition_v1,vol_trans_follow_h1_high_cooling_h12_tp06_sl065,-1.8921249999999417,-2.9421249999999417,-3.642124999999941,0,0,0,0,2.9421249999999417,37.65000000000009,7.75,0.3496774193548434,13.009999999999764,0.13374327440432499,5.489999999999782,5.452500000000032,0.532,1.0,,,12,4,6.0,2024
2024-06-24 12:00:00+00:00|-1.0|vol_trans_follow_h1_high_cooling_h12_tp06_sl065,2024-06-24 12:00:00+00:00,STAGE28A,data/reports/stage28a_discovery_factory_batch_runner/stage28a_exact_trades.csv,volatility_transition_v1,vol_trans_follow_h1_high_cooling_h12_tp06_sl065,-1.9012250000001587,-2.9512250000001585,-3.6512250000001583,0,0,0,0,2.9512250000001585,4.9099999999998545,8.980000000000018,0.4376391982182437,11.960000000000036,0.033444816053519205,3.630000000000109,5.407500000000004,0.528,-1.0,,,12,0,6.0,2024
2024-06-25 12:00:00+00:00|1.0|vol_trans_follow_h1_high_cooling_h12_tp06_sl065,2024-06-25 12:00:00+00:00,STAGE28A,data/reports/stage28a_discovery_factory_batch_runner/stage28a_exact_trades.csv,volatility_transition_v1,vol_trans_follow_h1_high_cooling_h12_tp06_sl065,1.0111000000000785,-0.0388999999999213,-0.7388999999999211,0,0,0,0,0.0388999999999213,17.15000000000009,11.150000000000091,0.6852017937219969,11.319999999999709,0.7915194346289989,7.620000000000346,4.339999999999941,0.196,1.0,,,12,1,6.0,2024
2024-06-27 12:00:00+00:00|1.0|vol_trans_follow_h1_high_cooling_h12_tp06_sl065,2024-06-27 12:00:00+00:00,STAGE28A,data/reports/stage28a_discovery_factory_batch_runner/stage28a_exact_trades.csv,volatility_transition_v1,vol_trans_follow_h1_high_cooling_h12_tp06_sl065,-1.7923499999998058,-2.8423499999998056,-3.5423499999998054,0,0,0,0,2.8423499999998056,30.350000000000364,3.3899999999998727,0.22123893805310565,17.429999999999836,0.7917383820998457,6.349999999999909,4.153999999999951,0.136,1.0,,,12,3,6.0,2024
2024-06-28 12:00:00+00:00|1.0|vol_trans_follow_h1_high_cooling_h12_tp06_sl065,2024-06-28 12:00:00+00:00,STAGE28A,data/reports/stage28a_discovery_factory_batch_runner/stage28a_exact_trades.csv,volatility_transition_v1,vol_trans_follow_h1_high_cooling_h12_tp06_sl065,0.8571999999998298,-0.1928000000001701,-0.8928000000001699,0,0,0,0,0.1928000000001701,34.58999999999969,9.269999999999982,0.5587918015102316,12.099999999999909,0.7033057851239527,5.400000000000091,4.125000000000045,0.16,1.0,,,12,4,6.0,2024
2024-07-01 12:00:00+00:00|1.0|vol_trans_follow_h1_high_cooling_h12_tp06_sl065,2024-07-01 12:00:00+00:00,STAGE28A,data/reports/stage28a_discovery_factory_batch_runner/stage28a_exact_trades.csv,volatility_transition_v1,vol_trans_follow_h1_high_cooling_h12_tp06_sl065,-2.074450000000161,-3.1244500000001607,-3.82445000000016,0,0,0,1,3.1244500000001607,4.139999999999873,6.389999999999873,0.03442879499214465,10.980000000000018,0.24590163934424533,4.360000000000127,4.622499999999991,0.38,1.0,,,12,0,7.0,2024
2024-07-02 12:00:00+00:00|1.0|vol_trans_follow_h1_high_cooling_h12_tp06_sl065,2024-07-02 12:00:00+00:00,STAGE28A,data/reports/stage28a_discovery_factory_batch_runner/stage28a_exact_trades.csv,volatility_transition_v1,vol_trans_follow_h1_high_cooling_h12_tp06_sl065,-1.829400000000169,-2.8794000000001687,-3.5794000000001684,0,0,0,0,2.8794000000001687,20.0,8.61999999999989,0.6705336426913943,9.099999999999909,0.1329670329670383,4.010000000000218,4.347000000000048,0.256,1.0,,,12,1,7.0,2024
2024-07-03 12:00:00+00:00|-1.0|vol_trans_follow_h1_high_cooling_h12_tp06_sl065,2024-07-03 12:00:00+00:00,STAGE28A,data/reports/stage28a_discovery_factory_batch_runner/stage28a_exact_trades.csv,volatility_transition_v1,vol_trans_follow_h1_high_cooling_h12_tp06_sl065,1.1251000000001112,0.0751000000001114,-0.6248999999998883,1,0,0,0,0.0751000000001114,17.820000000000164,5.660000000000309,0.28798586572430485,15.799999999999727,0.9164556962025199,4.440000000000055,4.7125,0.412,-1.0,,,12,2,7.0,2024
2024-07-04 12:00:00+00:00|1.0|vol_trans_follow_h1_high_cooling_h12_tp06_sl065,2024-07-04 12:00:00+00:00,STAGE28A,data/reports/stage28a_discovery_factory_batch_runner/stage28a_exact_trades.csv,volatility_transition_v1,vol_trans_follow_h1_high_cooling_h12_tp06_sl065,0.952299999999832,-0.0977000000001679,-0.7977000000001677,0,0,0,0,0.0977000000001679,38.039999999999964,6.5900000000001455,0.12139605462824951,9.259999999999764,0.0377969762419409,4.089999999999691,4.4914999999999505,0.276,1.0,,,12,3,7.0,2024
2024-07-05 12:00:00+00:00|1.0|vol_trans_follow_h1_high_cooling_h12_tp06_sl065,2024-07-05 12:00:00+00:00,STAGE28A,data/reports/stage28a_discovery_factory_batch_runner/stage28a_exact_trades.csv,volatility_transition_v1,vol_trans_follow_h1_high_cooling_h12_tp06_sl065,-1.6057999999999084,-2.655799999999908,-3.355799999999908,0,0,0,0,2.655799999999908,12.179999999999836,8.960000000000036,0.49218750000003253,6.680000000000291,0.08532934131731798,3.430000000000291,3.0345000000000026,0.024,1.0,,,12,4,7.0,2024
2024-07-08 12:00:00+00:00|-1.0|vol_trans_follow_h1_high_cooling_h12_tp06_sl065,2024-07-08 12:00:00+00:00,STAGE28A,data/reports/stage28a_discovery_factory_batch_runner/stage28a_exact_trades.csv,volatility_transition_v1,vol_trans_follow_h1_high_cooling_h12_tp06_sl065,1.0464999999998326,-0.0035000000001672,-0.703500000000167,0,0,0,0,0.0035000000001672,5.289999999999964,10.420000000000073,0.22936660268716993,18.5,0.6929729729729818,6.820000000000164,5.284999999999991,0.664,-1.0,,,12,0,7.0,2024
2024-07-09 12:00:00+00:00|1.0|vol_trans_follow_h1_high_cooling_h12_tp06_sl065,2024-07-09 12:00:00+00:00,STAGE28A,data/reports/stage28a_discovery_factory_batch_runner/stage28a_exact_trades.csv,volatility_transition_v1,vol_trans_follow_h1_high_cooling_h12_tp06_sl065,-1.584350000000177,-2.6343500000001767,-3.3343500000001765,0,0,0,0,2.6343500000001767,40.36999999999989,9.490000000000236,0.8303477344573144,10.409999999999854,0.3170028818443586,3.7199999999998,5.04549999999997,0.528,1.0,,,12,1,7.0,2024
2024-07-10 12:00:00+00:00|1.0|vol_trans_follow_h1_high_cooling_h12_tp06_sl065,2024-07-10 12:00:00+00:00,STAGE28A,data/reports/stage28a_discovery_factory_batch_runner/stage28a_exact_trades.csv,volatility_transition_v1,vol_trans_follow_h1_high_cooling_h12_tp06_sl065,0.7479999999999564,-0.3020000000000435,-1.0020000000000433,0,0,0,0,0.3020000000000435,22.20999999999958,7.329999999999927,0.5184174624829767,8.309999999999945,0.4500601684716975,2.7399999999997817,4.854500000000007,0.428,1.0,,,12,2,7.0,2024
2024-07-11 12:00:00+00:00|1.0|vol_trans_follow_h1_high_cooling_h12_tp06_sl065,2024-07-11 12:00:00+00:00,STAGE28A,data/reports/stage28a_discovery_factory_batch_runner/stage28a_exact_trades.csv,volatility_transition_v1,vol_trans_follow_h1_high_cooling_h12_tp06_sl065,-1.8326499999999213,-2.8826499999999213,-3.582649999999921,0,0,0,0,2.8826499999999213,23.670000000000073,9.08999999999969,0.6567656765677071,6.099999999999909,0.8606557377049309,4.450000000000273,4.125500000000011,0.212,1.0,,,12,3,7.0,2024
2024-07-15 12:00:00+00:00|1.0|vol_trans_follow_h1_high_cooling_h12_tp06_sl065,2024-07-15 12:00:00+00:00,STAGE28A,data/reports/stage28a_discovery_factory_batch_runner/stage28a_exact_trades.csv,volatility_transition_v1,vol_trans_follow_h1_high_cooling_h12_tp06_sl065,-1.830375000000095,-2.8803750000000945,-3.5803750000000942,0,0,0,0,2.8803750000000945,7.980000000000018,9.950000000000273,0.40703517587940413,12.690000000000055,0.06619385342790716,5.1599999999998545,4.639499999999998,0.3,1.0,,,12,0,7.0,2024
2024-07-16 12:00:00+00:00|-1.0|vol_trans_follow_h1_high_cooling_h12_tp06_sl065,2024-07-16 12:00:00+00:00,STAGE28A,data/reports/stage28a_discovery_factory_batch_runner/stage28a_exact_trades.csv,volatility_transition_v1,vol_trans_follow_h1_high_cooling_h12_tp06_sl065,1.3384000000000014,0.2884000000000015,-0.4115999999999982,1,0,1,0,0.2884000000000015,38.409999999999854,11.559999999999945,0.6643598615916845,18.269999999999982,0.75478927203065,4.890000000000327,5.369000000000005,0.652,-1.0,,,12,1,7.0,2024
2024-07-24 12:00:00+00:00|-1.0|vol_trans_follow_h1_high_cooling_h12_tp06_sl065,2024-07-24 12:00:00+00:00,STAGE28A,data/reports/stage28a_discovery_factory_batch_runner/stage28a_exact_trades.csv,volatility_transition_v1,vol_trans_follow_h1_high_cooling_h12_tp06_sl065,1.128700000000117,0.0787000000001172,-0.6212999999998825,1,0,0,0,0.0787000000001172,23.950000000000273,13.399999999999636,0.53358208955226,9.379999999999654,0.32622601279323166,4.459999999999582,4.633999999999924,0.124,-1.0,,,12,2,7.0,2024
2024-07-30 12:00:00+00:00|-1.0|vol_trans_follow_h1_high_cooling_h12_tp06_sl065,2024-07-30 12:00:00+00:00,STAGE28A,data/reports/stage28a_discovery_factory_batch_runner/stage28a_exact_trades.csv,volatility_transition_v1,vol_trans_follow_h1_high_cooling_h12_tp06_sl065,0.9075999999999111,-0.1424000000000886,-0.8424000000000884,0,0,0,0,0.1424000000000886,33.460000000000036,9.460000000000036,0.18181818181820805,6.4099999999998545,0.5397815912636684,2.9400000000000546,5.174500000000035,0.116,-1.0,,,12,1,7.0,2024
2024-08-12 12:00:00+00:00|1.0|vol_trans_follow_h1_high_cooling_h12_tp06_sl065,2024-08-12 12:00:00+00:00,STAGE28A,data/reports/stage28a_discovery_factory_batch_runner/stage28a_exact_trades.csv,volatility_transition_v1,vol_trans_follow_h1_high_cooling_h12_tp06_sl065,1.137999999999829,0.0879999999998291,-0.6120000000001706,1,0,0,0,0.0879999999998291,6.519999999999982,9.389999999999873,0.19914802981894741,16.960000000000036,0.8384433962264283,4.190000000000055,4.987000000000012,0.032,1.0,,,12,0,8.0,2024
2024-08-14 12:00:00+00:00|1.0|vol_trans_follow_h1_high_cooling_h12_tp06_sl065,2024-08-14 12:00:00+00:00,STAGE28A,data/reports/stage28a_discovery_factory_batch_runner/stage28a_exact_trades.csv,volatility_transition_v1,vol_trans_follow_h1_high_cooling_h12_tp06_sl065,-2.048449999999866,-3.098449999999866,-3.7984499999998658,0,0,0,1,3.098449999999866,18.51000000000022,17.210000000000036,0.2719349215572505,19.289999999999964,0.6174183514774431,9.860000000000127,5.772500000000036,0.212,1.0,,,12,2,8.0,2024
2024-08-15 12:00:00+00:00|-1.0|vol_trans_follow_h1_high_cooling_h12_tp06_sl065,2024-08-15 12:00:00+00:00,STAGE28A,data/reports/stage28a_discovery_factory_batch_runner/stage28a_exact_trades.csv,volatility_transition_v1,vol_trans_follow_h1_high_cooling_h12_tp06_sl065,-1.771875,-2.821875,-3.521875,0,0,0,0,2.821875,41.86000000000013,7.900000000000091,0.7367088607595059,8.480000000000018,0.36320754716980197,3.649999999999636,5.4629999999999885,0.1,-1.0,,,12,3,8.0,2024
2024-08-20 12:00:00+00:00|1.0|vol_trans_follow_h1_high_cooling_h12_tp06_sl065,2024-08-20 12:00:00+00:00,STAGE28A,data/reports/stage28a_discovery_factory_batch_runner/stage28a_exact_trades.csv,volatility_transition_v1,vol_trans_follow_h1_high_cooling_h12_tp06_sl065,-2.8694000000001325,-3.919400000000132,-4.619400000000132,0,0,0,1,3.919400000000132,23.800000000000182,9.5,0.2642105263157646,27.909999999999854,0.7115729129344404,8.679999999999836,5.376499999999988,0.148,1.0,,,12,1,8.0,2024
2024-08-23 12:00:00+00:00|1.0|vol_trans_follow_h1_high_cooling_h12_tp06_sl065,2024-08-23 12:00:00+00:00,STAGE28A,data/reports/stage28a_discovery_factory_batch_runner/stage28a_exact_trades.csv,volatility_transition_v1,vol_trans_follow_h1_high_cooling_h12_tp06_sl065,-1.7696000000001733,-2.819600000000173,-3.519600000000173,0,0,0,0,2.819600000000173,44.07999999999993,10.150000000000091,0.8068965517241361,11.450000000000273,0.5152838427947157,7.0300000000002,5.575499999999988,0.272,1.0,,,12,4,8.0,2024
2024-08-26 12:00:00+00:00|1.0|vol_trans_follow_h1_high_cooling_h12_tp06_sl065,2024-08-26 12:00:00+00:00,STAGE28A,data/reports/stage28a_discovery_factory_batch_runner/stage28a_exact_trades.csv,volatility_transition_v1,vol_trans_follow_h1_high_cooling_h12_tp06_sl065,-1.8528000000002067,-2.9028000000002065,-3.6028000000002063,0,0,0,0,2.9028000000002065,3.9699999999998,7.550000000000182,0.3894039735099316,17.070000000000164,0.8904510837727081,5.039999999999964,5.440499999999974,0.22,1.0,,,12,0,8.0,2024
2024-08-27 12:00:00+00:00|1.0|vol_trans_follow_h1_high_cooling_h12_tp06_sl065,2024-08-27 12:00:00+00:00,STAGE28A,data/reports/stage28a_discovery_factory_batch_runner/stage28a_exact_trades.csv,volatility_transition_v1,vol_trans_follow_h1_high_cooling_h12_tp06_sl065,-2.414724999999726,-3.4647249999997256,-4.164724999999725,0,0,0,1,3.4647249999997256,18.050000000000182,11.989999999999782,0.6905754795662966,13.979999999999563,0.006437768240353958,9.009999999999764,5.43299999999997,0.276,1.0,,,12,1,8.0,2024
2024-08-28 12:00:00+00:00|-1.0|vol_trans_follow_h1_high_cooling_h12_tp06_sl065,2024-08-28 12:00:00+00:00,STAGE28A,data/reports/stage28a_discovery_factory_batch_runner/stage28a_exact_trades.csv,volatility_transition_v1,vol_trans_follow_h1_high_cooling_h12_tp06_sl065,-2.076724999999988,-3.1267249999999875,-3.8267249999999873,0,0,0,1,3.1267249999999875,22.4399999999996,15.88000000000011,0.6190176322418047,12.849999999999909,0.4513618677042621,3.7599999999997635,5.485499999999979,0.304,-1.0,,,12,2,8.0,2024
2024-08-29 12:00:00+00:00|-1.0|vol_trans_follow_h1_high_cooling_h12_tp06_sl065,2024-08-29 12:00:00+00:00,STAGE28A,data/reports/stage28a_discovery_factory_batch_runner/stage28a_exact_trades.csv,volatility_transition_v1,vol_trans_follow_h1_high_cooling_h12_tp06_sl065,1.224999999999818,0.1749999999998182,-0.5250000000001815,1,0,1,0,0.1749999999998182,35.45000000000027,12.860000000000127,0.7449455676516199,10.539999999999964,0.5910815939278975,4.980000000000018,4.961999999999989,0.148,-1.0,,,12,3,8.0,2024
2024-08-30 12:00:00+00:00|1.0|vol_trans_follow_h1_high_cooling_h12_tp06_sl065,2024-08-30 12:00:00+00:00,STAGE28A,data/reports/stage28a_discovery_factory_batch_runner/stage28a_exact_trades.csv,volatility_transition_v1,vol_trans_follow_h1_high_cooling_h12_tp06_sl065,-2.216475000000264,-3.266475000000264,-3.966475000000264,0,0,0,1,3.266475000000264,25.059999999999945,9.490000000000236,0.7766069546891157,14.860000000000127,0.7301480484522084,7.829999999999927,5.143500000000017,0.22,1.0,,,12,4,8.0,2024
2024-09-02 12:00:00+00:00|1.0|vol_trans_follow_h1_high_cooling_h12_tp06_sl065,2024-09-02 12:00:00+00:00,STAGE28A,data/reports/stage28a_discovery_factory_batch_runner/stage28a_exact_trades.csv,volatility_transition_v1,vol_trans_follow_h1_high_cooling_h12_tp06_sl065,1.3801000000002204,0.3301000000002205,-0.3698999999997792,1,0,1,0,0.3301000000002205,3.4899999999997817,14.970000000000255,0.4736138944555795,12.0,0.2233333333333197,10.010000000000218,5.512000000000012,0.4,1.0,,,12,0,9.0,2024
2024-09-03 12:00:00+00:00|1.0|vol_trans_follow_h1_high_cooling_h12_tp06_sl065,2024-09-03 12:00:00+00:00,STAGE28A,data/reports/stage28a_discovery_factory_batch_runner/stage28a_exact_trades.csv,volatility_transition_v1,vol_trans_follow_h1_high_cooling_h12_tp06_sl065,-1.8508499999999004,-2.9008499999999,-3.6008499999999,0,0,0,0,2.9008499999999,17.240000000000236,10.08999999999969,0.2775024777007203,13.659999999999854,0.4612005856515223,5.860000000000127,3.5599999999999454,0.016,1.0,,,12,1,9.0,2024
2024-09-05 12:00:00+00:00|1.0|vol_trans_follow_h1_high_cooling_h12_tp06_sl065,2024-09-05 12:00:00+00:00,STAGE28A,data/reports/stage28a_discovery_factory_batch_runner/stage28a_exact_trades.csv,volatility_transition_v1,vol_trans_follow_h1_high_cooling_h12_tp06_sl065,-2.2031499999999142,-3.253149999999914,-3.953149999999914,0,0,0,1,3.253149999999914,28.620000000000346,4.880000000000109,0.08811475409832514,23.409999999999854,0.8821016659547296,10.679999999999836,4.888000000000057,0.232,1.0,,,12,3,9.0,2024
2024-09-06 12:00:00+00:00|1.0|vol_trans_follow_h1_high_cooling_h12_tp06_sl065,2024-09-06 12:00:00+00:00,STAGE28A,data/reports/stage28a_discovery_factory_batch_runner/stage28a_exact_trades.csv,volatility_transition_v1,vol_trans_follow_h1_high_cooling_h12_tp06_sl065,0.747400000000107,-0.3025999999998929,-1.002599999999893,0,0,0,0,0.3025999999998929,29.690000000000055,5.369999999999891,0.3873370577281135,6.360000000000127,0.14622641509431095,2.7399999999997817,3.8994999999999664,0.044,1.0,,,12,4,9.0,2024
2024-09-10 12:00:00+00:00|-1.0|vol_trans_follow_h1_high_cooling_h12_tp06_sl065,2024-09-10 12:00:00+00:00,STAGE28A,data/reports/stage28a_discovery_factory_batch_runner/stage28a_exact_trades.csv,volatility_transition_v1,vol_trans_follow_h1_high_cooling_h12_tp06_sl065,-1.6860750000001643,-2.7360750000001643,-3.436075000000164,0,0,0,0,2.7360750000001643,21.75,6.220000000000255,0.7202572347266616,7.599999999999909,0.4552631578947471,2.980000000000018,3.9784999999999853,0.076,-1.0,,,12,1,9.0,2024
2024-09-11 12:00:00+00:00|1.0|vol_trans_follow_h1_high_cooling_h12_tp06_sl065,2024-09-11 12:00:00+00:00,STAGE28A,data/reports/stage28a_discovery_factory_batch_runner/stage28a_exact_trades.csv,volatility_transition_v1,vol_trans_follow_h1_high_cooling_h12_tp06_sl065,-2.077049999999963,-3.127049999999963,-3.8270499999999625,0,0,0,1,3.127049999999963,18.289999999999964,7.5300000000002,0.3917662682602576,10.460000000000036,0.35946462715107125,6.429999999999836,4.725500000000011,0.272,1.0,,,12,2,9.0,2024
2024-09-12 12:00:00+00:00|1.0|vol_trans_follow_h1_high_cooling_h12_tp06_sl065,2024-09-12 12:00:00+00:00,STAGE28A,data/reports/stage28a_discovery_factory_batch_runner/stage28a_exact_trades.csv,volatility_transition_v1,vol_trans_follow_h1_high_cooling_h12_tp06_sl065,-1.5459999999999128,-2.5959999999999126,-3.2959999999999123,0,0,0,0,2.5959999999999126,28.09999999999991,5.139999999999873,0.5992217898832691,7.850000000000364,0.36687898089171667,4.170000000000073,4.141499999999951,0.112,1.0,,,12,3,9.0,2024
2024-09-16 12:00:00+00:00|1.0|vol_trans_follow_h1_high_cooling_h12_tp06_sl065,2024-09-16 12:00:00+00:00,STAGE28A,data/reports/stage28a_discovery_factory_batch_runner/stage28a_exact_trades.csv,volatility_transition_v1,vol_trans_follow_h1_high_cooling_h12_tp06_sl065,1.1020000000002257,0.0520000000002256,-0.6479999999997741,1,0,0,0,0.0520000000002256,2.8299999999999272,11.409999999999854,0.550394390885213,10.070000000000164,0.08142999006948318,7.130000000000109,4.294499999999971,0.164,1.0,,,12,0,9.0,2024
2024-09-17 12:00:00+00:00|-1.0|vol_trans_follow_h1_high_cooling_h12_tp06_sl065,2024-09-17 12:00:00+00:00,STAGE28A,data/reports/stage28a_discovery_factory_batch_runner/stage28a_exact_trades.csv,volatility_transition_v1,vol_trans_follow_h1_high_cooling_h12_tp06_sl065,-2.0806250000001456,-3.130625000000145,-3.830625000000145,0,0,0,1,3.130625000000145,14.300000000000182,9.539999999999964,0.6006289308176143,15.289999999999964,0.23806409417919433,6.4900000000002365,4.568000000000097,0.22,-1.0,,,12,1,9.0,2024
2024-09-18 12:00:00+00:00|-1.0|vol_trans_follow_h1_high_cooling_h12_tp06_sl065,2024-09-18 12:00:00+00:00,STAGE28A,data/reports/stage28a_discovery_factory_batch_runner/stage28a_exact_trades.csv,volatility_transition_v1,vol_trans_follow_h1_high_cooling_h12_tp06_sl065,0.9552999999999884,-0.0947000000000115,-0.7947000000000113,0,0,0,0,0.0947000000000115,26.2199999999998,8.230000000000018,0.6342648845686255,10.759999999999764,0.369888475836441,3.6799999999998363,5.252999999999952,0.528,-1.0,,,12,2,9.0,2024
2024-09-20 12:00:00+00:00|1.0|vol_trans_follow_h1_high_cooling_h12_tp06_sl065,2024-09-20 12:00:00+00:00,STAGE28A,data/reports/stage28a_discovery_factory_batch_runner/stage28a_exact_trades.csv,volatility_transition_v1,vol_trans_follow_h1_high_cooling_h12_tp06_sl065,-2.130999999999949,-3.180999999999949,-3.8809999999999487,0,0,0,1,3.180999999999949,43.789999999999964,8.75,0.41142857142856104,21.419999999999618,0.6984126984127126,7.2599999999997635,5.284500000000048,0.492,1.0,,,12,4,9.0,2024
2024-09-23 12:00:00+00:00|1.0|vol_trans_follow_h1_high_cooling_h12_tp06_sl065,2024-09-23 12:00:00+00:00,STAGE28A,data/reports/stage28a_discovery_factory_batch_runner/stage28a_exact_trades.csv,volatility_transition_v1,vol_trans_follow_h1_high_cooling_h12_tp06_sl065,1.3284999999999854,0.2784999999999855,-0.4215000000000142,1,0,1,0,0.2784999999999855,3.6200000000003456,14.989999999999782,0.5376917945297209,17.51000000000022,0.39634494574528656,5.119999999999891,5.39549999999997,0.472,1.0,,,12,0,9.0,2024
2024-09-24 12:00:00+00:00|1.0|vol_trans_follow_h1_high_cooling_h12_tp06_sl065,2024-09-24 12:00:00+00:00,STAGE28A,data/reports/stage28a_discovery_factory_batch_runner/stage28a_exact_trades.csv,volatility_transition_v1,vol_trans_follow_h1_high_cooling_h12_tp06_sl065,1.6953999999999725,0.6453999999999724,-0.0546000000000272,1,0,1,0,0.6453999999999724,21.01000000000022,12.349999999999909,0.5344129554655837,17.549999999999727,0.1908831908832146,3.5700000000001637,4.837500000000023,0.312,1.0,,,12,1,9.0,2024
2024-09-26 12:00:00+00:00|1.0|vol_trans_follow_h1_high_cooling_h12_tp06_sl065,2024-09-26 12:00:00+00:00,STAGE28A,data/reports/stage28a_discovery_factory_batch_runner/stage28a_exact_trades.csv,volatility_transition_v1,vol_trans_follow_h1_high_cooling_h12_tp06_sl065,1.1152000000000952,0.0652000000000954,-0.6347999999999043,1,0,0,0,0.0652000000000954,20.829999999999927,7.170000000000073,0.6094839609484382,12.570000000000164,0.49721559268098,5.890000000000327,5.310999999999899,0.412,1.0,,,12,3,9.0,2024
2024-10-01 12:00:00+00:00|1.0|vol_trans_follow_h1_high_cooling_h12_tp06_sl065,2024-10-01 12:00:00+00:00,STAGE28A,data/reports/stage28a_discovery_factory_batch_runner/stage28a_exact_trades.csv,volatility_transition_v1,vol_trans_follow_h1_high_cooling_h12_tp06_sl065,-1.7530250000000709,-2.8030250000000705,-3.50302500000007,0,0,0,0,2.8030250000000705,41.48000000000002,7.730000000000018,0.3842173350582468,11.840000000000146,0.9045608108108028,4.349999999999909,5.171500000000037,0.232,1.0,,,12,1,10.0,2024
2024-10-03 12:00:00+00:00|-1.0|vol_trans_follow_h1_high_cooling_h12_tp06_sl065,2024-10-03 12:00:00+00:00,STAGE28A,data/reports/stage28a_discovery_factory_batch_runner/stage28a_exact_trades.csv,volatility_transition_v1,vol_trans_follow_h1_high_cooling_h12_tp06_sl065,1.3938999999999395,0.3438999999999397,-0.35610000000006,1,0,1,0,0.3438999999999397,22.240000000000236,9.679999999999836,0.3615702479338904,16.659999999999854,0.6818727490996535,5.599999999999909,5.699000000000001,0.328,-1.0,,,12,3,10.0,2024
2024-10-04 12:00:00+00:00|-1.0|vol_trans_follow_h1_high_cooling_h12_tp06_sl065,2024-10-04 12:00:00+00:00,STAGE28A,data/reports/stage28a_discovery_factory_batch_runner/stage28a_exact_trades.csv,volatility_transition_v1,vol_trans_follow_h1_high_cooling_h12_tp06_sl065,-1.7829250000000685,-2.8329250000000683,-3.532925000000068,0,0,0,0,2.8329250000000683,25.61999999999989,9.210000000000036,0.5570032573289999,11.019999999999982,0.33212341197820877,2.730000000000018,5.294999999999982,0.216,-1.0,,,12,4,10.0,2024
2024-10-10 12:00:00+00:00|-1.0|vol_trans_follow_h1_high_cooling_h12_tp06_sl065,2024-10-10 12:00:00+00:00,STAGE28A,data/reports/stage28a_discovery_factory_batch_runner/stage28a_exact_trades.csv,volatility_transition_v1,vol_trans_follow_h1_high_cooling_h12_tp06_sl065,-1.8424000000000889,-2.8924000000000887,-3.5924000000000884,0,0,0,0,2.8924000000000887,19.230000000000018,10.960000000000036,0.2636861313868903,8.2199999999998,0.6630170316301643,3.769999999999982,5.151999999999998,0.088,-1.0,,,12,3,10.0,2024
2024-10-14 12:00:00+00:00|-1.0|vol_trans_follow_h1_high_cooling_h12_tp06_sl065,2024-10-14 12:00:00+00:00,STAGE28A,data/reports/stage28a_discovery_factory_batch_runner/stage28a_exact_trades.csv,volatility_transition_v1,vol_trans_follow_h1_high_cooling_h12_tp06_sl065,1.3306000000001403,0.2806000000001405,-0.4193999999998592,1,0,1,0,0.2806000000001405,11.429999999999836,14.259999999999764,0.3709677419354875,11.480000000000018,0.24912891986063787,3.5399999999999636,5.671999999999912,0.212,-1.0,,,12,0,10.0,2024
2024-10-15 12:00:00+00:00|1.0|vol_trans_follow_h1_high_cooling_h12_tp06_sl065,2024-10-15 12:00:00+00:00,STAGE28A,data/reports/stage28a_discovery_factory_batch_runner/stage28a_exact_trades.csv,volatility_transition_v1,vol_trans_follow_h1_high_cooling_h12_tp06_sl065,1.367799999999897,0.3177999999998975,-0.3822000000001022,1,0,1,0,0.3177999999998975,23.659999999999854,8.349999999999909,0.5185628742514939,17.829999999999927,0.448121144139081,5.940000000000055,5.407000000000016,0.152,1.0,,,12,1,10.0,2024
2024-10-16 12:00:00+00:00|1.0|vol_trans_follow_h1_high_cooling_h12_tp06_sl065,2024-10-16 12:00:00+00:00,STAGE28A,data/reports/stage28a_discovery_factory_batch_runner/stage28a_exact_trades.csv,volatility_transition_v1,vol_trans_follow_h1_high_cooling_h12_tp06_sl065,1.2951999999999315,0.2451999999999317,-0.454800000000068,1,0,1,0,0.2451999999999317,31.110000000000127,11.359999999999673,0.4383802816901551,17.08999999999969,0.7577530719719431,5.489999999999782,5.433999999999992,0.156,1.0,,,12,2,10.0,2024
2024-10-17 12:00:00+00:00|-1.0|vol_trans_follow_h1_high_cooling_h12_tp06_sl065,2024-10-17 12:00:00+00:00,STAGE28A,data/reports/stage28a_discovery_factory_batch_runner/stage28a_exact_trades.csv,volatility_transition_v1,vol_trans_follow_h1_high_cooling_h12_tp06_sl065,1.3230999999999766,0.2730999999999768,-0.4269000000000229,1,0,1,0,0.2730999999999768,26.559999999999945,11.63000000000011,0.2579535683576932,9.230000000000018,0.2979414951245931,3.8799999999996544,5.10349999999994,0.08,-1.0,,,12,3,10.0,2024
2024-10-18 12:00:00+00:00|1.0|vol_trans_follow_h1_high_cooling_h12_tp06_sl065,2024-10-18 12:00:00+00:00,STAGE28A,data/reports/stage28a_discovery_factory_batch_runner/stage28a_exact_trades.csv,volatility_transition_v1,vol_trans_follow_h1_high_cooling_h12_tp06_sl065,-2.2990249999998924,-3.349024999999892,-4.049024999999892,0,0,0,1,3.349024999999892,23.579999999999927,20.360000000000127,0.849214145383097,12.329999999999927,0.11678832116788833,4.550000000000182,5.847000000000025,0.376,1.0,,,12,4,10.0,2024
2024-10-21 12:00:00+00:00|1.0|vol_trans_follow_h1_high_cooling_h12_tp06_sl065,2024-10-21 12:00:00+00:00,STAGE28A,data/reports/stage28a_discovery_factory_batch_runner/stage28a_exact_trades.csv,volatility_transition_v1,vol_trans_follow_h1_high_cooling_h12_tp06_sl065,-1.9740250000000743,-3.024025000000074,-3.724025000000074,0,0,0,0,3.024025000000074,4.5300000000002,13.570000000000164,0.585851142225477,13.420000000000073,0.21833084947837708,3.700000000000273,4.958000000000084,0.064,1.0,,,12,0,10.0,2024
2024-10-22 12:00:00+00:00|1.0|vol_trans_follow_h1_high_cooling_h12_tp06_sl065,2024-10-22 12:00:00+00:00,STAGE28A,data/reports/stage28a_discovery_factory_batch_runner/stage28a_exact_trades.csv,volatility_transition_v1,vol_trans_follow_h1_high_cooling_h12_tp06_sl065,-2.0006749999998648,-3.0506749999998646,-3.750674999999864,0,0,0,0,3.0506749999998646,26.529999999999745,14.860000000000127,0.6917900403768581,9.539999999999964,0.06918238993709193,6.889999999999873,5.848999999999978,0.44,1.0,,,12,1,10.0,2024
2024-10-23 12:00:00+00:00|1.0|vol_trans_follow_h1_high_cooling_h12_tp06_sl065,2024-10-23 12:00:00+00:00,STAGE28A,data/reports/stage28a_discovery_factory_batch_runner/stage28a_exact_trades.csv,volatility_transition_v1,vol_trans_follow_h1_high_cooling_h12_tp06_sl065,1.0332999999999628,-0.016700000000037,-0.7167000000000368,0,0,0,0,0.016700000000037,30.76000000000022,10.180000000000291,0.1237721021611181,13.070000000000164,0.3458301453710731,3.7800000000002,5.046000000000004,0.084,1.0,,,12,2,10.0,2024
2024-10-25 12:00:00+00:00|-1.0|vol_trans_follow_h1_high_cooling_h12_tp06_sl065,2024-10-25 12:00:00+00:00,STAGE28A,data/reports/stage28a_discovery_factory_batch_runner/stage28a_exact_trades.csv,volatility_transition_v1,vol_trans_follow_h1_high_cooling_h12_tp06_sl065,1.267000000000189,0.2170000000001892,-0.4829999999998104,1,0,1,0,0.2170000000001892,29.029999999999745,11.730000000000018,0.7357203751065725,15.730000000000018,0.3146853146853317,8.179999999999836,5.500499999999965,0.32,-1.0,,,12,4,10.0,2024
2024-10-28 12:00:00+00:00|-1.0|vol_trans_follow_h1_high_cooling_h12_tp06_sl065,2024-10-28 12:00:00+00:00,STAGE28A,data/reports/stage28a_discovery_factory_batch_runner/stage28a_exact_trades.csv,volatility_transition_v1,vol_trans_follow_h1_high_cooling_h12_tp06_sl065,1.9345000000002075,0.8845000000002075,0.1845000000002077,1,1,1,0,0.8845000000002075,10.010000000000218,15.480000000000018,0.062015503875941895,16.909999999999854,0.06386753400357134,5.550000000000182,5.944500000000085,0.608,-1.0,,,12,0,10.0,2024
2024-10-29 12:00:00+00:00|-1.0|vol_trans_follow_h1_high_cooling_h12_tp06_sl065,2024-10-29 12:00:00+00:00,STAGE28A,data/reports/stage28a_discovery_factory_batch_runner/stage28a_exact_trades.csv,volatility_transition_v1,vol_trans_follow_h1_high_cooling_h12_tp06_sl065,-2.2941499999998087,-3.344149999999809,-4.044149999999808,0,0,0,1,3.344149999999809,21.190000000000055,18.070000000000164,0.8096292197011609,10.590000000000146,0.47969782813974104,6.569999999999709,4.962500000000046,0.116,-1.0,,,12,1,10.0,2024
2024-10-30 12:00:00+00:00|1.0|vol_trans_follow_h1_high_cooling_h12_tp06_sl065,2024-10-30 12:00:00+00:00,STAGE28A,data/reports/stage28a_discovery_factory_batch_runner/stage28a_exact_trades.csv,volatility_transition_v1,vol_trans_follow_h1_high_cooling_h12_tp06_sl065,-2.1407500000001165,-3.1907500000001163,-3.890750000000116,0,0,0,1,3.1907500000001163,35.41000000000031,9.389999999999873,0.7518636847710374,11.7800000000002,0.0008488964346534898,4.349999999999909,5.357499999999982,0.276,1.0,,,12,2,10.0,2024
2024-10-31 12:00:00+00:00|-1.0|vol_trans_follow_h1_high_cooling_h12_tp06_sl065,2024-10-31 12:00:00+00:00,STAGE28A,data/reports/stage28a_discovery_factory_batch_runner/stage28a_exact_trades.csv,volatility_transition_v1,vol_trans_follow_h1_high_cooling_h12_tp06_sl065,-2.063725000000068,-3.113725000000068,-3.8137250000000673,0,0,0,1,3.113725000000068,19.139999999999873,8.029999999999745,0.2889165628891952,13.509999999999764,0.2672094744633409,3.1899999999996,4.784999999999968,0.064,-1.0,,,12,3,10.0,2024
2024-11-01 12:00:00+00:00|-1.0|vol_trans_follow_h1_high_cooling_h12_tp06_sl065,2024-11-01 12:00:00+00:00,STAGE28A,data/reports/stage28a_discovery_factory_batch_runner/stage28a_exact_trades.csv,volatility_transition_v1,vol_trans_follow_h1_high_cooling_h12_tp06_sl065,1.4037999999999555,0.3537999999999557,-0.346200000000044,1,0,1,0,0.3537999999999557,58.65000000000009,9.6899999999996,0.9195046439629182,12.86999999999989,0.20512820512819696,7.410000000000309,5.929499999999985,0.552,-1.0,,,12,4,11.0,2024
2024-11-05 12:00:00+00:00|-1.0|vol_trans_follow_h1_high_cooling_h12_tp06_sl065,2024-11-05 12:00:00+00:00,STAGE28A,data/reports/stage28a_discovery_factory_batch_runner/stage28a_exact_trades.csv,volatility_transition_v1,vol_trans_follow_h1_high_cooling_h12_tp06_sl065,1.4943999999999504,0.4443999999999506,-0.2556000000000491,1,0,1,0,0.4443999999999506,18.789999999999964,13.260000000000218,0.12141779788835944,13.2800000000002,0.2567771084337201,6.0,5.523500000000058,0.284,-1.0,,,12,1,11.0,2024
2024-11-11 12:00:00+00:00|-1.0|vol_trans_follow_h1_high_cooling_h12_tp06_sl065,2024-11-11 12:00:00+00:00,STAGE28A,data/reports/stage28a_discovery_factory_batch_runner/stage28a_exact_trades.csv,volatility_transition_v1,vol_trans_follow_h1_high_cooling_h12_tp06_sl065,1.5853000000000974,0.5353000000000976,-0.1646999999999021,1,0,1,0,0.5353000000000976,4.230000000000018,19.7199999999998,0.6866125760649139,14.38000000000011,0.7183588317107304,6.989999999999782,5.531500000000006,0.172,-1.0,,,12,0,11.0,2024
2024-11-13 12:00:00+00:00|1.0|vol_trans_follow_h1_high_cooling_h12_tp06_sl065,2024-11-13 12:00:00+00:00,STAGE28A,data/reports/stage28a_discovery_factory_batch_runner/stage28a_exact_trades.csv,volatility_transition_v1,vol_trans_follow_h1_high_cooling_h12_tp06_sl065,1.4113000000001192,0.3613000000001194,-0.3386999999998803,1,0,1,0,0.3613000000001194,37.48000000000002,15.940000000000055,0.4567126725219398,10.599999999999909,0.2584905660377604,4.230000000000018,5.9705000000000155,0.208,1.0,,,12,2,11.0,2024
2024-11-19 12:00:00+00:00|1.0|vol_trans_follow_h1_high_cooling_h12_tp06_sl065,2024-11-19 12:00:00+00:00,STAGE28A,data/reports/stage28a_discovery_factory_batch_runner/stage28a_exact_trades.csv,volatility_transition_v1,vol_trans_follow_h1_high_cooling_h12_tp06_sl065,-2.5600000000000365,-3.610000000000036,-4.310000000000036,0,0,0,1,3.610000000000036,52.84999999999991,15.36999999999989,0.6649316851008671,18.710000000000036,0.659005879208974,9.139999999999873,5.153000000000065,0.016,1.0,,,12,1,11.0,2024
2024-11-20 12:00:00+00:00|-1.0|vol_trans_follow_h1_high_cooling_h12_tp06_sl065,2024-11-20 12:00:00+00:00,STAGE28A,data/reports/stage28a_discovery_factory_batch_runner/stage28a_exact_trades.csv,volatility_transition_v1,vol_trans_follow_h1_high_cooling_h12_tp06_sl065,1.5781000000000858,0.528100000000086,-0.1718999999999138,1,0,1,0,0.528100000000086,29.179999999999836,10.159999999999854,0.14763779527559268,19.740000000000236,0.5916919959472997,4.570000000000164,5.408500000000049,0.048,-1.0,,,12,2,11.0,2024
2024-11-21 12:00:00+00:00|-1.0|vol_trans_follow_h1_high_cooling_h12_tp06_sl065,2024-11-21 12:00:00+00:00,STAGE28A,data/reports/stage28a_discovery_factory_batch_runner/stage28a_exact_trades.csv,volatility_transition_v1,vol_trans_follow_h1_high_cooling_h12_tp06_sl065,1.459899999999743,0.4098999999997432,-0.2901000000002565,1,0,1,0,0.4098999999997432,36.64000000000033,11.610000000000127,0.41860465116279705,17.059999999999945,0.759671746776089,8.150000000000091,6.018000000000006,0.188,-1.0,,,12,3,11.0,2024
2024-11-27 12:00:00+00:00|-1.0|vol_trans_follow_h1_high_cooling_h12_tp06_sl065,2024-11-27 12:00:00+00:00,STAGE28A,data/reports/stage28a_discovery_factory_batch_runner/stage28a_exact_trades.csv,volatility_transition_v1,vol_trans_follow_h1_high_cooling_h12_tp06_sl065,1.5660999999999148,0.516099999999915,-0.1839000000000847,1,0,1,0,0.516099999999915,36.76999999999998,13.510000000000218,0.4885270170244117,15.690000000000055,0.6201402166985331,5.869999999999891,6.533999999999992,0.344,-1.0,,,12,2,11.0,2024
2024-11-28 12:00:00+00:00|1.0|vol_trans_follow_h1_high_cooling_h12_tp06_sl065,2024-11-28 12:00:00+00:00,STAGE28A,data/reports/stage28a_discovery_factory_batch_runner/stage28a_exact_trades.csv,volatility_transition_v1,vol_trans_follow_h1_high_cooling_h12_tp06_sl065,1.456599999999889,0.4065999999998895,-0.2934000000001102,1,0,1,0,0.4065999999998895,31.329999999999927,17.48999999999978,0.33390508862208224,19.41000000000031,0.8377125193199126,5.210000000000036,6.377999999999952,0.288,1.0,,,12,3,11.0,2024
2024-11-29 12:00:00+00:00|1.0|vol_trans_follow_h1_high_cooling_h12_tp06_sl065,2024-11-29 12:00:00+00:00,STAGE28A,data/reports/stage28a_discovery_factory_batch_runner/stage28a_exact_trades.csv,volatility_transition_v1,vol_trans_follow_h1_high_cooling_h12_tp06_sl065,1.8202000000000225,0.7702000000000226,0.0702000000000229,1,1,1,0,0.7702000000000226,28.65000000000009,30.29000000000042,0.6956091119181206,11.809999999999945,0.2464013547840701,8.7800000000002,5.945500000000061,0.224,1.0,,,12,4,11.0,2024
2024-12-03 12:00:00+00:00|-1.0|vol_trans_follow_h1_high_cooling_h12_tp06_sl065,2024-12-03 12:00:00+00:00,STAGE28A,data/reports/stage28a_discovery_factory_batch_runner/stage28a_exact_trades.csv,volatility_transition_v1,vol_trans_follow_h1_high_cooling_h12_tp06_sl065,1.4967999999998027,0.4467999999998029,-0.2532000000001968,1,0,1,0,0.4467999999998029,30.550000000000182,11.13000000000011,0.21024258760104833,12.860000000000127,0.21228615863141456,4.110000000000127,5.669999999999936,0.148,-1.0,,,12,1,12.0,2024
2024-12-04 12:00:00+00:00|-1.0|vol_trans_follow_h1_high_cooling_h12_tp06_sl065,2024-12-04 12:00:00+00:00,STAGE28A,data/reports/stage28a_discovery_factory_batch_runner/stage28a_exact_trades.csv,volatility_transition_v1,vol_trans_follow_h1_high_cooling_h12_tp06_sl065,-2.089074999999957,-3.139074999999957,-3.8390749999999567,0,0,0,1,3.139074999999957,21.43000000000029,10.960000000000036,0.5136861313868696,14.930000000000291,0.282652377762905,4.119999999999891,5.569000000000028,0.096,-1.0,,,12,2,12.0,2024
2024-12-05 12:00:00+00:00|1.0|vol_trans_follow_h1_high_cooling_h12_tp06_sl065,2024-12-05 12:00:00+00:00,STAGE28A,data/reports/stage28a_discovery_factory_batch_runner/stage28a_exact_trades.csv,volatility_transition_v1,vol_trans_follow_h1_high_cooling_h12_tp06_sl065,-2.3945749999998958,-3.444574999999895,-4.144574999999895,0,0,0,1,3.444574999999895,24.800000000000182,6.940000000000055,0.5821325648414888,13.88000000000011,0.17939481268009813,4.309999999999945,5.563999999999941,0.088,1.0,,,12,3,12.0,2024
2024-12-10 12:00:00+00:00|1.0|vol_trans_follow_h1_high_cooling_h12_tp06_sl065,2024-12-10 12:00:00+00:00,STAGE28A,data/reports/stage28a_discovery_factory_batch_runner/stage28a_exact_trades.csv,volatility_transition_v1,vol_trans_follow_h1_high_cooling_h12_tp06_sl065,1.377699999999913,0.3276999999999135,-0.3723000000000862,1,0,1,0,0.3276999999999135,48.84999999999991,15.91000000000031,0.6140791954745598,15.539999999999964,0.3301158301158379,5.300000000000182,5.652000000000021,0.132,1.0,,,12,1,12.0,2024
2024-12-16 12:00:00+00:00|1.0|vol_trans_follow_h1_high_cooling_h12_tp06_sl065,2024-12-16 12:00:00+00:00,STAGE28A,data/reports/stage28a_discovery_factory_batch_runner/stage28a_exact_trades.csv,volatility_transition_v1,vol_trans_follow_h1_high_cooling_h12_tp06_sl065,1.2360999999999875,0.1860999999999877,-0.513900000000012,1,0,1,0,0.1860999999999877,4.569999999999709,12.110000000000127,0.10982658959536856,12.450000000000273,0.48514056224898244,4.389999999999873,5.434999999999991,0.044,1.0,,,12,0,12.0,2024
2024-12-17 12:00:00+00:00|-1.0|vol_trans_follow_h1_high_cooling_h12_tp06_sl065,2024-12-17 12:00:00+00:00,STAGE28A,data/reports/stage28a_discovery_factory_batch_runner/stage28a_exact_trades.csv,volatility_transition_v1,vol_trans_follow_h1_high_cooling_h12_tp06_sl065,-2.7657249999998386,-3.8157249999998384,-4.515724999999838,0,0,0,1,3.8157249999998384,20.75,7.650000000000091,0.006535947712442001,19.0300000000002,0.7157120336311195,8.070000000000164,5.4200000000000275,0.112,-1.0,,,12,1,12.0,2024
2024-12-18 12:00:00+00:00|-1.0|vol_trans_follow_h1_high_cooling_h12_tp06_sl065,2024-12-18 12:00:00+00:00,STAGE28A,data/reports/stage28a_discovery_factory_batch_runner/stage28a_exact_trades.csv,volatility_transition_v1,vol_trans_follow_h1_high_cooling_h12_tp06_sl065,1.0975000000002182,0.0475000000002183,-0.6524999999997814,1,0,0,0,0.0475000000002183,25.659999999999854,9.079999999999927,0.2444933920704645,7.559999999999945,0.42857142857146296,3.7599999999997635,4.6720000000000255,0.016,-1.0,,,12,2,12.0,2024
2024-12-20 12:00:00+00:00|-1.0|vol_trans_follow_h1_high_cooling_h12_tp06_sl065,2024-12-20 12:00:00+00:00,STAGE28A,data/reports/stage28a_discovery_factory_batch_runner/stage28a_exact_trades.csv,volatility_transition_v1,vol_trans_follow_h1_high_cooling_h12_tp06_sl065,-2.1290500000000976,-3.1790500000000974,-3.879050000000097,0,0,0,1,3.1790500000000974,43.99000000000024,14.320000000000164,0.3058659217877136,11.180000000000291,0.5661896243291786,3.480000000000018,5.805500000000029,0.22,-1.0,,,12,4,12.0,2024
2024-12-23 12:00:00+00:00|-1.0|vol_trans_follow_h1_high_cooling_h12_tp06_sl065,2024-12-23 12:00:00+00:00,STAGE28A,data/reports/stage28a_discovery_factory_batch_runner/stage28a_exact_trades.csv,volatility_transition_v1,vol_trans_follow_h1_high_cooling_h12_tp06_sl065,1.2229000000001178,0.1729000000001179,-0.5270999999998818,1,0,1,0,0.1729000000001179,3.1600000000003092,10.0,0.1069999999999709,14.389999999999873,0.44336344683809353,4.690000000000055,5.874000000000047,0.248,-1.0,,,12,0,12.0,2024
2024-12-24 12:00:00+00:00|-1.0|vol_trans_follow_h1_high_cooling_h12_tp06_sl065,2024-12-24 12:00:00+00:00,STAGE28A,data/reports/stage28a_discovery_factory_batch_runner/stage28a_exact_trades.csv,volatility_transition_v1,vol_trans_follow_h1_high_cooling_h12_tp06_sl065,0.9198999999997796,-0.1301000000002203,-0.8301000000002201,0,0,0,0,0.1301000000002203,25.279999999999745,8.889999999999873,0.5129358830146243,8.309999999999945,0.5571600481347941,5.1599999999998545,4.164999999999987,0.008,-1.0,,,12,1,12.0,2024
2024-12-26 12:00:00+00:00|-1.0|vol_trans_follow_h1_high_cooling_h12_tp06_sl065,2024-12-26 12:00:00+00:00,STAGE28A,data/reports/stage28a_discovery_factory_batch_runner/stage28a_exact_trades.csv,volatility_transition_v1,vol_trans_follow_h1_high_cooling_h12_tp06_sl065,-1.6369999999998073,-2.686999999999807,-3.386999999999807,0,0,0,0,2.686999999999807,7.519999999999982,16.299999999999727,0.5539877300613713,6.049999999999727,0.2264462809917277,2.3600000000001273,4.461500000000024,0.092,-1.0,,,12,3,12.0,2024
2024-12-27 12:00:00+00:00|-1.0|vol_trans_follow_h1_high_cooling_h12_tp06_sl065,2024-12-27 12:00:00+00:00,STAGE28A,data/reports/stage28a_discovery_factory_batch_runner/stage28a_exact_trades.csv,volatility_transition_v1,vol_trans_follow_h1_high_cooling_h12_tp06_sl065,1.1406999999998333,0.0906999999998334,-0.6093000000001663,1,0,0,0,0.0906999999998334,26.139999999999873,6.550000000000182,0.14656488549618468,14.829999999999927,0.4686446392447641,3.9200000000000728,4.466500000000042,0.156,-1.0,,,12,4,12.0,2024
2024-12-30 12:00:00+00:00|1.0|vol_trans_follow_h1_high_cooling_h12_tp06_sl065,2024-12-30 12:00:00+00:00,STAGE28A,data/reports/stage28a_discovery_factory_batch_runner/stage28a_exact_trades.csv,volatility_transition_v1,vol_trans_follow_h1_high_cooling_h12_tp06_sl065,-1.9860500000000685,-3.0360500000000683,-3.736050000000068,0,0,0,0,3.0360500000000683,7.4699999999998,9.489999999999782,0.2012644889357111,15.480000000000018,0.7558139534883594,6.230000000000018,5.448000000000024,0.46,1.0,,,12,0,12.0,2024
2024-12-31 12:00:00+00:00|-1.0|vol_trans_follow_h1_high_cooling_h12_tp06_sl065,2024-12-31 12:00:00+00:00,STAGE28A,data/reports/stage28a_discovery_factory_batch_runner/stage28a_exact_trades.csv,volatility_transition_v1,vol_trans_follow_h1_high_cooling_h12_tp06_sl065,1.1454999999999926,0.0954999999999928,-0.6045000000000069,1,0,0,0,0.0954999999999928,32.159999999999854,8.059999999999945,0.01488833746896919,15.179999999999836,0.33596837944663793,3.8099999999999454,4.888000000000011,0.32,-1.0,,,12,1,12.0,2024
2025-01-02 12:00:00+00:00|-1.0|vol_trans_follow_h1_high_cooling_h12_tp06_sl065,2025-01-02 12:00:00+00:00,STAGE28A,data/reports/stage28a_discovery_factory_batch_runner/stage28a_exact_trades.csv,volatility_transition_v1,vol_trans_follow_h1_high_cooling_h12_tp06_sl065,1.264900000000034,0.2149000000000342,-0.4850999999999654,1,0,1,0,0.2149000000000342,4.2800000000002,14.769999999999982,0.6899119837508508,15.090000000000146,0.5765407554671792,4.0300000000002,5.122000000000071,0.38,-1.0,,,12,3,1.0,2025
2025-01-03 12:00:00+00:00|1.0|vol_trans_follow_h1_high_cooling_h12_tp06_sl065,2025-01-03 12:00:00+00:00,STAGE28A,data/reports/stage28a_discovery_factory_batch_runner/stage28a_exact_trades.csv,volatility_transition_v1,vol_trans_follow_h1_high_cooling_h12_tp06_sl065,-2.118000000000029,-3.168000000000029,-3.8680000000000287,0,0,0,1,3.168000000000029,38.73000000000002,9.019999999999982,0.5000000000000252,13.019999999999982,0.40476190476190393,3.130000000000109,5.6760000000000215,0.56,1.0,,,12,4,1.0,2025
2025-01-06 12:00:00+00:00|1.0|vol_trans_follow_h1_high_cooling_h12_tp06_sl065,2025-01-06 12:00:00+00:00,STAGE28A,data/reports/stage28a_discovery_factory_batch_runner/stage28a_exact_trades.csv,volatility_transition_v1,vol_trans_follow_h1_high_cooling_h12_tp06_sl065,1.3306000000001403,0.2806000000001405,-0.4193999999998592,1,0,1,0,0.2806000000001405,3.5399999999999636,12.860000000000127,0.43001555209954473,11.090000000000146,0.15148782687103826,4.569999999999709,5.173500000000013,0.348,1.0,,,12,0,1.0,2025
2025-01-07 12:00:00+00:00|-1.0|vol_trans_follow_h1_high_cooling_h12_tp06_sl065,2025-01-07 12:00:00+00:00,STAGE28A,data/reports/stage28a_discovery_factory_batch_runner/stage28a_exact_trades.csv,volatility_transition_v1,vol_trans_follow_h1_high_cooling_h12_tp06_sl065,-2.1618749999998728,-3.2118749999998726,-3.911874999999872,0,0,0,1,3.2118749999998726,35.13000000000011,8.300000000000182,0.4325301204819358,9.7800000000002,0.575664621676891,4.029999999999745,5.464499999999975,0.52,-1.0,,,12,1,1.0,2025
2025-01-08 12:00:00+00:00|1.0|vol_trans_follow_h1_high_cooling_h12_tp06_sl065,2025-01-08 12:00:00+00:00,STAGE28A,data/reports/stage28a_discovery_factory_batch_runner/stage28a_exact_trades.csv,volatility_transition_v1,vol_trans_follow_h1_high_cooling_h12_tp06_sl065,0.9156999999999244,-0.1343000000000755,-0.8343000000000753,0,0,0,0,0.1343000000000755,31.429999999999836,6.260000000000218,0.4536741214056856,8.420000000000073,0.7304038004750639,3.150000000000091,4.76700000000003,0.264,1.0,,,12,2,1.0,2025
2025-01-09 12:00:00+00:00|1.0|vol_trans_follow_h1_high_cooling_h12_tp06_sl065,2025-01-09 12:00:00+00:00,STAGE28A,data/reports/stage28a_discovery_factory_batch_runner/stage28a_exact_trades.csv,volatility_transition_v1,vol_trans_follow_h1_high_cooling_h12_tp06_sl065,1.258299999999872,0.208299999999872,-0.4917000000001277,1,0,1,0,0.208299999999872,24.700000000000273,7.650000000000091,0.44836601307192814,10.929999999999836,0.7758462946020261,4.130000000000109,5.973500000000035,0.728,1.0,,,12,3,1.0,2025
2025-01-10 12:00:00+00:00|-1.0|vol_trans_follow_h1_high_cooling_h12_tp06_sl065,2025-01-10 12:00:00+00:00,STAGE28A,data/reports/stage28a_discovery_factory_batch_runner/stage28a_exact_trades.csv,volatility_transition_v1,vol_trans_follow_h1_high_cooling_h12_tp06_sl065,1.2751000000002022,0.2251000000002023,-0.4748999999997974,1,0,1,0,0.2251000000002023,22.809999999999945,6.349999999999909,0.2913385826771552,11.099999999999909,0.827027027027019,4.489999999999782,4.099499999999921,0.024,-1.0,,,12,4,1.0,2025
2025-01-14 12:00:00+00:00|-1.0|vol_trans_follow_h1_high_cooling_h12_tp06_sl065,2025-01-14 12:00:00+00:00,STAGE28A,data/reports/stage28a_discovery_factory_batch_runner/stage28a_exact_trades.csv,volatility_transition_v1,vol_trans_follow_h1_high_cooling_h12_tp06_sl065,-2.073149999999805,-3.123149999999805,-3.8231499999998046,0,0,0,1,3.123149999999805,36.73000000000002,12.5300000000002,0.4333599361532123,10.629999999999654,0.644402634054575,6.920000000000073,5.627000000000021,0.46,-1.0,,,12,1,1.0,2025
2025-01-15 12:00:00+00:00|1.0|vol_trans_follow_h1_high_cooling_h12_tp06_sl065,2025-01-15 12:00:00+00:00,STAGE28A,data/reports/stage28a_discovery_factory_batch_runner/stage28a_exact_trades.csv,volatility_transition_v1,vol_trans_follow_h1_high_cooling_h12_tp06_sl065,1.059099999999853,0.0090999999998531,-0.6909000000001466,1,0,0,0,0.0090999999998531,18.570000000000164,10.11999999999989,0.001976284584978461,14.450000000000273,0.8761245674740218,5.599999999999909,4.552499999999986,0.088,1.0,,,12,2,1.0,2025
2025-01-16 12:00:00+00:00|1.0|vol_trans_follow_h1_high_cooling_h12_tp06_sl065,2025-01-16 12:00:00+00:00,STAGE28A,data/reports/stage28a_discovery_factory_batch_runner/stage28a_exact_trades.csv,volatility_transition_v1,vol_trans_follow_h1_high_cooling_h12_tp06_sl065,-2.326000000000113,-3.3760000000001127,-4.076000000000112,0,0,0,1,3.3760000000001127,28.210000000000036,9.349999999999909,0.27593582887700024,18.529999999999745,0.5553157042633624,8.599999999999909,5.731999999999971,0.544,1.0,,,12,3,1.0,2025
2025-01-17 12:00:00+00:00|-1.0|vol_trans_follow_h1_high_cooling_h12_tp06_sl065,2025-01-17 12:00:00+00:00,STAGE28A,data/reports/stage28a_discovery_factory_batch_runner/stage28a_exact_trades.csv,volatility_transition_v1,vol_trans_follow_h1_high_cooling_h12_tp06_sl065,-1.8794499999999967,-2.929449999999997,-3.6294499999999967,0,0,0,0,2.929449999999997,34.73000000000002,7.489999999999782,0.006675567423255454,12.769999999999982,0.8433829287392324,8.150000000000091,4.323000000000002,0.056,-1.0,,,12,4,1.0,2025
2025-01-20 12:00:00+00:00|-1.0|vol_trans_follow_h1_high_cooling_h12_tp06_sl065,2025-01-20 12:00:00+00:00,STAGE28A,data/reports/stage28a_discovery_factory_batch_runner/stage28a_exact_trades.csv,volatility_transition_v1,vol_trans_follow_h1_high_cooling_h12_tp06_sl065,-2.147575000000052,-3.197575000000052,-3.8975750000000513,0,0,0,1,3.197575000000052,11.990000000000236,17.269999999999982,0.5500868558193405,10.960000000000036,0.23448905109486318,5.929999999999836,5.955500000000006,0.644,-1.0,,,12,0,1.0,2025
2025-01-22 12:00:00+00:00|1.0|vol_trans_follow_h1_high_cooling_h12_tp06_sl065,2025-01-22 12:00:00+00:00,STAGE28A,data/reports/stage28a_discovery_factory_batch_runner/stage28a_exact_trades.csv,volatility_transition_v1,vol_trans_follow_h1_high_cooling_h12_tp06_sl065,1.880199999999968,0.8301999999999681,0.1301999999999683,1,1,1,0,0.8301999999999681,43.279999999999745,10.9699999999998,0.711030082041962,17.90000000000009,0.44525139664803126,9.569999999999709,6.274499999999944,0.764,1.0,,,12,2,1.0,2025
2025-01-23 12:00:00+00:00|-1.0|vol_trans_follow_h1_high_cooling_h12_tp06_sl065,2025-01-23 12:00:00+00:00,STAGE28A,data/reports/stage28a_discovery_factory_batch_runner/stage28a_exact_trades.csv,volatility_transition_v1,vol_trans_follow_h1_high_cooling_h12_tp06_sl065,-2.041299999999956,-3.0912999999999555,-3.7912999999999553,0,0,0,1,3.0912999999999555,21.449999999999818,6.809999999999945,0.5624082232011686,14.75,0.02440677966102558,13.039999999999964,4.31050000000007,0.06,-1.0,,,12,3,1.0,2025
2025-01-24 12:00:00+00:00|-1.0|vol_trans_follow_h1_high_cooling_h12_tp06_sl065,2025-01-24 12:00:00+00:00,STAGE28A,data/reports/stage28a_discovery_factory_batch_runner/stage28a_exact_trades.csv,volatility_transition_v1,vol_trans_follow_h1_high_cooling_h12_tp06_sl065,1.3189000000001214,0.2689000000001216,-0.4310999999998781,1,0,1,0,0.2689000000001216,23.25,23.940000000000055,0.7263993316624826,8.300000000000182,0.44578313253014357,6.769999999999982,5.84699999999998,0.492,-1.0,,,12,4,1.0,2025
2025-01-27 12:00:00+00:00|1.0|vol_trans_follow_h1_high_cooling_h12_tp06_sl065,2025-01-27 12:00:00+00:00,STAGE28A,data/reports/stage28a_discovery_factory_batch_runner/stage28a_exact_trades.csv,volatility_transition_v1,vol_trans_follow_h1_high_cooling_h12_tp06_sl065,1.8454000000000632,0.7954000000000634,0.0954000000000636,1,1,1,0,0.7954000000000634,5.839999999999691,18.460000000000036,0.49620801733476905,23.769999999999982,0.4030290281867873,9.199999999999818,6.344999999999982,0.804,1.0,,,12,0,1.0,2025
2025-01-28 12:00:00+00:00|1.0|vol_trans_follow_h1_high_cooling_h12_tp06_sl065,2025-01-28 12:00:00+00:00,STAGE28A,data/reports/stage28a_discovery_factory_batch_runner/stage28a_exact_trades.csv,volatility_transition_v1,vol_trans_follow_h1_high_cooling_h12_tp06_sl065,-1.9477000000002591,-2.997700000000259,-3.6977000000002582,0,0,0,0,2.997700000000259,42.289999999999964,7.579999999999927,0.09366754617414817,10.570000000000164,0.07284768211920245,4.870000000000346,5.74249999999995,0.416,1.0,,,12,1,1.0,2025
2025-01-29 12:00:00+00:00|-1.0|vol_trans_follow_h1_high_cooling_h12_tp06_sl065,2025-01-29 12:00:00+00:00,STAGE28A,data/reports/stage28a_discovery_factory_batch_runner/stage28a_exact_trades.csv,volatility_transition_v1,vol_trans_follow_h1_high_cooling_h12_tp06_sl065,0.9520000000001346,-0.0979999999998653,-0.797999999999865,0,0,0,0,0.0979999999998653,30.639999999999873,4.730000000000018,0.061310782241006875,8.909999999999854,0.48260381593717755,3.7899999999999636,3.5335000000000036,0.016,-1.0,,,12,2,1.0,2025
2025-01-30 12:00:00+00:00|-1.0|vol_trans_follow_h1_high_cooling_h12_tp06_sl065,2025-01-30 12:00:00+00:00,STAGE28A,data/reports/stage28a_discovery_factory_batch_runner/stage28a_exact_trades.csv,volatility_transition_v1,vol_trans_follow_h1_high_cooling_h12_tp06_sl065,1.2676000000000385,0.2176000000000386,-0.4823999999999611,1,0,1,0,0.2176000000000386,21.470000000000255,5.330000000000382,0.035647279549726255,20.539999999999964,0.8695228821811177,5.129999999999654,5.309000000000014,0.328,-1.0,,,12,3,1.0,2025
2025-01-31 12:00:00+00:00|1.0|vol_trans_follow_h1_high_cooling_h12_tp06_sl065,2025-01-31 12:00:00+00:00,STAGE28A,data/reports/stage28a_discovery_factory_batch_runner/stage28a_exact_trades.csv,volatility_transition_v1,vol_trans_follow_h1_high_cooling_h12_tp06_sl065,1.2384999999998398,0.18849999999984,-0.5115000000001597,1,0,1,0,0.18849999999984,40.40000000000009,7.369999999999891,0.03799185888734728,10.140000000000327,0.16074950690331377,3.6700000000000728,5.485499999999979,0.412,1.0,,,12,4,1.0,2025
2025-02-07 12:00:00+00:00|1.0|vol_trans_follow_h1_high_cooling_h12_tp06_sl065,2025-02-07 12:00:00+00:00,STAGE28A,data/reports/stage28a_discovery_factory_batch_runner/stage28a_exact_trades.csv,volatility_transition_v1,vol_trans_follow_h1_high_cooling_h12_tp06_sl065,1.3501000000000205,0.3001000000000204,-0.3998999999999792,1,0,1,0,0.3001000000000204,39.25,15.579999999999927,0.5353016688061736,11.7199999999998,0.09556313993173293,5.199999999999818,5.98599999999999,0.384,1.0,,,12,4,2.0,2025
2025-02-14 12:00:00+00:00|1.0|vol_trans_follow_h1_high_cooling_h12_tp06_sl065,2025-02-14 12:00:00+00:00,STAGE28A,data/reports/stage28a_discovery_factory_batch_runner/stage28a_exact_trades.csv,volatility_transition_v1,vol_trans_follow_h1_high_cooling_h12_tp06_sl065,1.4871999999999388,0.4371999999999389,-0.2628000000000607,1,0,1,0,0.4371999999999389,31.13000000000011,10.860000000000127,0.24677716390425963,13.309999999999945,0.5416979714500425,4.639999999999873,5.945999999999958,0.084,1.0,,,12,4,2.0,2025
2025-02-18 12:00:00+00:00|1.0|vol_trans_follow_h1_high_cooling_h12_tp06_sl065,2025-02-18 12:00:00+00:00,STAGE28A,data/reports/stage28a_discovery_factory_batch_runner/stage28a_exact_trades.csv,volatility_transition_v1,vol_trans_follow_h1_high_cooling_h12_tp06_sl065,1.3047999999997957,0.2547999999997956,-0.4452000000002041,1,0,1,0,0.2547999999997956,28.340000000000146,19.059999999999945,0.600734522560328,8.389999999999873,0.07866507747322041,3.3900000000003274,4.717500000000041,0.012,1.0,,,12,1,2.0,2025
2025-03-12 12:00:00+00:00|-1.0|vol_trans_follow_h1_high_cooling_h12_tp06_sl065,2025-03-12 12:00:00+00:00,STAGE28A,data/reports/stage28a_discovery_factory_batch_runner/stage28a_exact_trades.csv,volatility_transition_v1,vol_trans_follow_h1_high_cooling_h12_tp06_sl065,1.7865999999998166,0.7365999999998167,0.036599999999817,1,1,1,0,0.7365999999998167,41.909999999999854,9.090000000000146,0.10121012101205756,16.450000000000273,0.043161094224925506,11.730000000000018,5.618999999999983,0.024,-1.0,,,12,2,3.0,2025
2025-03-13 12:00:00+00:00|1.0|vol_trans_follow_h1_high_cooling_h12_tp06_sl065,2025-03-13 12:00:00+00:00,STAGE28A,data/reports/stage28a_discovery_factory_batch_runner/stage28a_exact_trades.csv,volatility_transition_v1,vol_trans_follow_h1_high_cooling_h12_tp06_sl065,1.5772000000000843,0.5272000000000845,-0.1727999999999152,1,0,1,0,0.5272000000000845,34.40000000000009,14.309999999999945,0.8315863032844261,15.86999999999989,0.043478260869568956,7.820000000000164,5.791999999999985,0.048,1.0,,,12,3,3.0,2025
2025-03-17 12:00:00+00:00|1.0|vol_trans_follow_h1_high_cooling_h12_tp06_sl065,2025-03-17 12:00:00+00:00,STAGE28A,data/reports/stage28a_discovery_factory_batch_runner/stage28a_exact_trades.csv,volatility_transition_v1,vol_trans_follow_h1_high_cooling_h12_tp06_sl065,-1.953874999999789,-3.003874999999789,-3.7038749999997886,0,0,0,0,3.003874999999789,10.909999999999854,11.659999999999854,0.14493996569468917,17.420000000000073,0.9466130884041167,9.199999999999818,5.64699999999998,0.044,1.0,,,12,0,3.0,2025
2025-03-18 12:00:00+00:00|-1.0|vol_trans_follow_h1_high_cooling_h12_tp06_sl065,2025-03-18 12:00:00+00:00,STAGE28A,data/reports/stage28a_discovery_factory_batch_runner/stage28a_exact_trades.csv,volatility_transition_v1,vol_trans_follow_h1_high_cooling_h12_tp06_sl065,2.0781999999998333,1.0281999999998337,0.3281999999998337,1,1,1,0,1.0281999999998337,20.670000000000073,17.58999999999969,0.8095508811824919,22.340000000000146,0.4185317815577372,10.389999999999873,6.042499999999995,0.184,-1.0,,,12,1,3.0,2025
2025-03-19 12:00:00+00:00|1.0|vol_trans_follow_h1_high_cooling_h12_tp06_sl065,2025-03-19 12:00:00+00:00,STAGE28A,data/reports/stage28a_discovery_factory_batch_runner/stage28a_exact_trades.csv,volatility_transition_v1,vol_trans_follow_h1_high_cooling_h12_tp06_sl065,2.1573999999999613,1.1073999999999615,0.4073999999999618,1,1,1,0,1.1073999999999615,38.73999999999978,11.580000000000382,0.2573402417961934,22.529999999999745,0.08521970705726119,8.319999999999709,5.871499999999992,0.168,1.0,,,12,2,3.0,2025
2025-03-20 12:00:00+00:00|-1.0|vol_trans_follow_h1_high_cooling_h12_tp06_sl065,2025-03-20 12:00:00+00:00,STAGE28A,data/reports/stage28a_discovery_factory_batch_runner/stage28a_exact_trades.csv,volatility_transition_v1,vol_trans_follow_h1_high_cooling_h12_tp06_sl065,-2.7202250000001187,-3.7702250000001194,-4.470225000000118,0,0,0,1,3.7702250000001194,29.179999999999836,12.38000000000011,0.4491114701130773,28.149999999999636,0.6600355239786916,5.620000000000346,6.7690000000000285,0.412,-1.0,,,12,3,3.0,2025
2025-03-21 12:00:00+00:00|-1.0|vol_trans_follow_h1_high_cooling_h12_tp06_sl065,2025-03-21 12:00:00+00:00,STAGE28A,data/reports/stage28a_discovery_factory_batch_runner/stage28a_exact_trades.csv,volatility_transition_v1,vol_trans_follow_h1_high_cooling_h12_tp06_sl065,1.7746000000001003,0.7246000000001005,0.0246000000001007,1,1,1,0,0.7246000000001005,32.0,19.5,0.7379487179487114,13.140000000000327,0.07686453576866005,5.2800000000002,5.258999999999946,0.012,-1.0,,,12,4,3.0,2025
2025-03-24 12:00:00+00:00|-1.0|vol_trans_follow_h1_high_cooling_h12_tp06_sl065,2025-03-24 12:00:00+00:00,STAGE28A,data/reports/stage28a_discovery_factory_batch_runner/stage28a_exact_trades.csv,volatility_transition_v1,vol_trans_follow_h1_high_cooling_h12_tp06_sl065,1.535200000000168,0.4852000000001681,-0.2147999999998315,1,0,1,0,0.4852000000001681,5.869999999999891,12.66000000000031,0.09794628751976352,15.970000000000255,0.5453976205385033,8.33999999999969,6.266500000000019,0.34,-1.0,,,12,0,3.0,2025
2025-03-25 12:00:00+00:00|1.0|vol_trans_follow_h1_high_cooling_h12_tp06_sl065,2025-03-25 12:00:00+00:00,STAGE28A,data/reports/stage28a_discovery_factory_batch_runner/stage28a_exact_trades.csv,volatility_transition_v1,vol_trans_follow_h1_high_cooling_h12_tp06_sl065,-2.208024999999998,-3.2580249999999977,-3.9580249999999975,0,0,0,1,3.2580249999999977,30.789999999999964,8.889999999999873,0.4915635545556753,14.550000000000182,0.5862542955326212,4.4900000000002365,6.138500000000045,0.312,1.0,,,12,1,3.0,2025
2025-03-26 12:00:00+00:00|-1.0|vol_trans_follow_h1_high_cooling_h12_tp06_sl065,2025-03-26 12:00:00+00:00,STAGE28A,data/reports/stage28a_discovery_factory_batch_runner/stage28a_exact_trades.csv,volatility_transition_v1,vol_trans_follow_h1_high_cooling_h12_tp06_sl065,-2.052675,-3.102674999999999,-3.802674999999999,0,0,0,1,3.102674999999999,28.480000000000018,12.690000000000055,0.3065405831363165,18.789999999999964,0.4220329962746063,6.619999999999891,5.437499999999977,0.06,-1.0,,,12,2,3.0,2025
2025-03-27 12:00:00+00:00|1.0|vol_trans_follow_h1_high_cooling_h12_tp06_sl065,2025-03-27 12:00:00+00:00,STAGE28A,data/reports/stage28a_discovery_factory_batch_runner/stage28a_exact_trades.csv,volatility_transition_v1,vol_trans_follow_h1_high_cooling_h12_tp06_sl065,-2.6818749999998546,-3.7318749999998544,-4.431874999999854,0,0,0,1,3.7318749999998544,19.840000000000146,21.110000000000127,0.7607768829938346,29.13000000000011,0.5918297288019283,6.349999999999909,5.275999999999999,0.028,1.0,,,12,3,3.0,2025
2025-06-05 12:00:00+00:00|1.0|vol_trans_follow_h1_high_cooling_h12_tp06_sl065,2025-06-05 12:00:00+00:00,STAGE28A,data/reports/stage28a_discovery_factory_batch_runner/stage28a_exact_trades.csv,volatility_transition_v1,vol_trans_follow_h1_high_cooling_h12_tp06_sl065,-2.893450000000121,-3.9434500000001207,-4.64345000000012,0,0,0,1,3.9434500000001207,40.88999999999987,15.769999999999982,0.24413443246670347,30.279999999999745,0.6647952443857423,7.190000000000055,8.879500000000007,0.08,1.0,,,12,3,6.0,2025
2025-06-10 12:00:00+00:00|-1.0|vol_trans_follow_h1_high_cooling_h12_tp06_sl065,2025-06-10 12:00:00+00:00,STAGE28A,data/reports/stage28a_discovery_factory_batch_runner/stage28a_exact_trades.csv,volatility_transition_v1,vol_trans_follow_h1_high_cooling_h12_tp06_sl065,-3.692624999999771,-4.742624999999771,-5.4426249999997705,0,0,0,1,4.742624999999771,44.629999999999654,25.990000000000236,0.6167756829549673,31.990000000000236,0.6927164738980977,8.66000000000031,8.759499999999957,0.096,-1.0,,,12,1,6.0,2025
2025-06-11 12:00:00+00:00|-1.0|vol_trans_follow_h1_high_cooling_h12_tp06_sl065,2025-06-11 12:00:00+00:00,STAGE28A,data/reports/stage28a_discovery_factory_batch_runner/stage28a_exact_trades.csv,volatility_transition_v1,vol_trans_follow_h1_high_cooling_h12_tp06_sl065,2.145400000000245,1.0954000000002453,0.3954000000002455,1,1,1,0,1.0954000000002453,47.15000000000009,26.059999999999945,0.5721412125863349,17.140000000000327,0.3302217036172547,4.180000000000291,9.208999999999993,0.18,-1.0,,,12,2,6.0,2025
2025-06-18 12:00:00+00:00|-1.0|vol_trans_follow_h1_high_cooling_h12_tp06_sl065,2025-06-18 12:00:00+00:00,STAGE28A,data/reports/stage28a_discovery_factory_batch_runner/stage28a_exact_trades.csv,volatility_transition_v1,vol_trans_follow_h1_high_cooling_h12_tp06_sl065,-3.02995000000019,-4.07995000000019,-4.7799500000001895,0,0,0,1,4.07995000000019,37.070000000000164,25.65000000000009,0.08109161793372008,24.519999999999982,0.5236541598695006,5.839999999999691,9.612500000000022,0.272,-1.0,,,12,2,6.0,2025
2025-06-20 12:00:00+00:00|1.0|vol_trans_follow_h1_high_cooling_h12_tp06_sl065,2025-06-20 12:00:00+00:00,STAGE28A,data/reports/stage28a_discovery_factory_batch_runner/stage28a_exact_trades.csv,volatility_transition_v1,vol_trans_follow_h1_high_cooling_h12_tp06_sl065,-3.3461749999997665,-4.396174999999767,-5.096174999999766,0,0,0,1,4.396174999999767,40.36000000000013,25.590000000000146,0.3993747557639602,18.860000000000127,0.01590668080592392,5.730000000000018,8.52300000000007,0.084,1.0,,,12,4,6.0,2025
2025-06-23 12:00:00+00:00|1.0|vol_trans_follow_h1_high_cooling_h12_tp06_sl065,2025-06-23 12:00:00+00:00,STAGE28A,data/reports/stage28a_discovery_factory_batch_runner/stage28a_exact_trades.csv,volatility_transition_v1,vol_trans_follow_h1_high_cooling_h12_tp06_sl065,-3.209675000000152,-4.259675000000152,-4.959675000000152,0,0,0,1,4.259675000000152,23.81999999999971,44.409999999999854,0.3560009006980409,21.91000000000031,0.14696485623002073,4.639999999999873,9.675499999999989,0.392,1.0,,,12,0,6.0,2025
2025-06-25 12:00:00+00:00|-1.0|vol_trans_follow_h1_high_cooling_h12_tp06_sl065,2025-06-25 12:00:00+00:00,STAGE28A,data/reports/stage28a_discovery_factory_batch_runner/stage28a_exact_trades.csv,volatility_transition_v1,vol_trans_follow_h1_high_cooling_h12_tp06_sl065,-2.670174999999836,-3.720174999999836,-4.420174999999835,0,0,0,1,3.720174999999836,74.55999999999995,14.210000000000036,0.4693877551020447,15.5,0.19935483870965748,5.849999999999909,7.374499999999943,0.004,-1.0,,,12,2,6.0,2025
2025-06-26 12:00:00+00:00|1.0|vol_trans_follow_h1_high_cooling_h12_tp06_sl065,2025-06-26 12:00:00+00:00,STAGE28A,data/reports/stage28a_discovery_factory_batch_runner/stage28a_exact_trades.csv,volatility_transition_v1,vol_trans_follow_h1_high_cooling_h12_tp06_sl065,1.7137000000001534,0.6637000000001536,-0.0362999999998461,1,0,1,0,0.6637000000001536,25.09999999999991,13.859999999999673,0.3448773448773675,19.23999999999978,0.12577962577963098,5.779999999999745,7.549000000000047,0.076,1.0,,,12,3,6.0,2025
2025-06-27 12:00:00+00:00|1.0|vol_trans_follow_h1_high_cooling_h12_tp06_sl065,2025-06-27 12:00:00+00:00,STAGE28A,data/reports/stage28a_discovery_factory_batch_runner/stage28a_exact_trades.csv,volatility_transition_v1,vol_trans_follow_h1_high_cooling_h12_tp06_sl065,2.9199999999999817,1.869999999999982,1.1699999999999822,1,1,1,0,1.869999999999982,40.289999999999964,35.63000000000011,0.7605950042099305,19.050000000000182,0.6068241469816187,9.11999999999989,9.298000000000025,0.308,1.0,,,12,4,6.0,2025
2025-07-01 12:00:00+00:00|1.0|vol_trans_follow_h1_high_cooling_h12_tp06_sl065,2025-07-01 12:00:00+00:00,STAGE28A,data/reports/stage28a_discovery_factory_batch_runner/stage28a_exact_trades.csv,volatility_transition_v1,vol_trans_follow_h1_high_cooling_h12_tp06_sl065,1.8117999999998573,0.7617999999998575,0.0617999999998577,1,1,1,0,0.7617999999998575,63.93000000000029,20.279999999999745,0.4817554240631215,29.08999999999969,0.8446201443795108,5.430000000000291,7.371000000000049,0.064,1.0,,,12,1,7.0,2025
2025-07-02 12:00:00+00:00|-1.0|vol_trans_follow_h1_high_cooling_h12_tp06_sl065,2025-07-02 12:00:00+00:00,STAGE28A,data/reports/stage28a_discovery_factory_batch_runner/stage28a_exact_trades.csv,volatility_transition_v1,vol_trans_follow_h1_high_cooling_h12_tp06_sl065,1.7647000000000843,0.7147000000000845,0.0147000000000847,1,1,1,0,0.7147000000000845,55.48999999999978,16.179999999999836,0.10074165636589157,16.269999999999982,0.10571604179472997,4.989999999999782,7.049499999999989,0.068,-1.0,,,12,2,7.0,2025
2025-07-03 12:00:00+00:00|1.0|vol_trans_follow_h1_high_cooling_h12_tp06_sl065,2025-07-03 12:00:00+00:00,STAGE28A,data/reports/stage28a_discovery_factory_batch_runner/stage28a_exact_trades.csv,volatility_transition_v1,vol_trans_follow_h1_high_cooling_h12_tp06_sl065,1.7760999999999512,0.7260999999999513,0.0260999999999516,1,1,1,0,0.7260999999999513,34.559999999999945,23.829999999999927,0.607217792698292,19.84999999999991,0.10277078085642181,6.609999999999673,7.583499999999935,0.224,1.0,,,12,3,7.0,2025
2025-07-04 12:00:00+00:00|-1.0|vol_trans_follow_h1_high_cooling_h12_tp06_sl065,2025-07-04 12:00:00+00:00,STAGE28A,data/reports/stage28a_discovery_factory_batch_runner/stage28a_exact_trades.csv,volatility_transition_v1,vol_trans_follow_h1_high_cooling_h12_tp06_sl065,-2.193074999999772,-3.2430749999997714,-3.943074999999771,0,0,0,1,3.2430749999997714,54.36999999999989,15.200000000000273,0.6059210526315705,12.009999999999764,0.32556203164029407,3.2899999999999636,6.361000000000035,0.02,-1.0,,,12,4,7.0,2025
2025-07-07 12:00:00+00:00|1.0|vol_trans_follow_h1_high_cooling_h12_tp06_sl065,2025-07-07 12:00:00+00:00,STAGE28A,data/reports/stage28a_discovery_factory_batch_runner/stage28a_exact_trades.csv,volatility_transition_v1,vol_trans_follow_h1_high_cooling_h12_tp06_sl065,-3.2519250000001194,-4.30192500000012,-5.001925000000119,0,0,0,1,4.30192500000012,10.329999999999927,36.67000000000007,0.6152167984728634,14.470000000000255,0.13407049067032245,11.470000000000255,8.189999999999964,0.468,1.0,,,12,0,7.0,2025
2025-07-08 12:00:00+00:00|-1.0|vol_trans_follow_h1_high_cooling_h12_tp06_sl065,2025-07-08 12:00:00+00:00,STAGE28A,data/reports/stage28a_discovery_factory_batch_runner/stage28a_exact_trades.csv,volatility_transition_v1,vol_trans_follow_h1_high_cooling_h12_tp06_sl065,-2.657824999999866,-3.707824999999866,-4.407824999999866,0,0,0,1,3.707824999999866,46.31999999999971,16.210000000000036,0.5077112893275756,18.2800000000002,0.5202407002188246,10.61999999999989,6.893499999999994,0.104,-1.0,,,12,1,7.0,2025
2025-07-09 12:00:00+00:00|-1.0|vol_trans_follow_h1_high_cooling_h12_tp06_sl065,2025-07-09 12:00:00+00:00,STAGE28A,data/reports/stage28a_discovery_factory_batch_runner/stage28a_exact_trades.csv,volatility_transition_v1,vol_trans_follow_h1_high_cooling_h12_tp06_sl065,2.1478000000000974,1.0978000000000976,0.3978000000000978,1,1,1,0,1.0978000000000976,58.720000000000255,23.039999999999964,0.36067708333333154,15.109999999999673,0.2766379880873545,9.909999999999854,8.819499999999948,0.692,-1.0,,,12,2,7.0,2025
2025-07-10 12:00:00+00:00|1.0|vol_trans_follow_h1_high_cooling_h12_tp06_sl065,2025-07-10 12:00:00+00:00,STAGE28A,data/reports/stage28a_discovery_factory_batch_runner/stage28a_exact_trades.csv,volatility_transition_v1,vol_trans_follow_h1_high_cooling_h12_tp06_sl065,1.562499999999909,0.5124999999999091,-0.1875000000000906,1,0,1,0,0.5124999999999091,37.20999999999958,12.9699999999998,0.29452582883575695,15.36999999999989,0.698113207547176,10.199999999999818,7.044999999999982,0.14,1.0,,,12,3,7.0,2025
2025-07-11 12:00:00+00:00|-1.0|vol_trans_follow_h1_high_cooling_h12_tp06_sl065,2025-07-11 12:00:00+00:00,STAGE28A,data/reports/stage28a_discovery_factory_batch_runner/stage28a_exact_trades.csv,volatility_transition_v1,vol_trans_follow_h1_high_cooling_h12_tp06_sl065,-3.1115249999998924,-4.161524999999893,-4.861524999999892,0,0,0,1,4.161524999999893,20.15000000000009,14.420000000000073,0.7302357836338521,14.16000000000031,0.4067796610169557,11.0300000000002,7.511500000000001,0.312,-1.0,,,12,4,7.0,2025
2025-07-14 12:00:00+00:00|-1.0|vol_trans_follow_h1_high_cooling_h12_tp06_sl065,2025-07-14 12:00:00+00:00,STAGE28A,data/reports/stage28a_discovery_factory_batch_runner/stage28a_exact_trades.csv,volatility_transition_v1,vol_trans_follow_h1_high_cooling_h12_tp06_sl065,2.1067000000001825,1.0567000000001827,0.356700000000183,1,1,1,0,1.0567000000001827,11.590000000000146,20.139999999999873,0.6156901688182805,21.2199999999998,0.6291234684260363,7.1599999999998545,8.205000000000018,0.632,-1.0,,,12,0,7.0,2025
2025-07-15 12:00:00+00:00|-1.0|vol_trans_follow_h1_high_cooling_h12_tp06_sl065,2025-07-15 12:00:00+00:00,STAGE28A,data/reports/stage28a_discovery_factory_batch_runner/stage28a_exact_trades.csv,volatility_transition_v1,vol_trans_follow_h1_high_cooling_h12_tp06_sl065,1.6984000000001287,0.6484000000001289,-0.0515999999998708,1,0,1,0,0.6484000000001289,34.059999999999945,17.06999999999971,0.7158758055067641,9.0,0.6077777777777555,8.809999999999945,6.257000000000039,0.044,-1.0,,,12,1,7.0,2025
2025-07-16 12:00:00+00:00|1.0|vol_trans_follow_h1_high_cooling_h12_tp06_sl065,2025-07-16 12:00:00+00:00,STAGE28A,data/reports/stage28a_discovery_factory_batch_runner/stage28a_exact_trades.csv,volatility_transition_v1,vol_trans_follow_h1_high_cooling_h12_tp06_sl065,1.2240999999998166,0.1740999999998167,-0.525900000000183,1,0,1,0,0.1740999999998167,46.159999999999854,11.390000000000327,0.678665496049148,10.139999999999873,0.5601577909270574,5.070000000000164,7.418499999999949,0.328,1.0,,,12,2,7.0,2025
2025-07-18 12:00:00+00:00|-1.0|vol_trans_follow_h1_high_cooling_h12_tp06_sl065,2025-07-18 12:00:00+00:00,STAGE28A,data/reports/stage28a_discovery_factory_batch_runner/stage28a_exact_trades.csv,volatility_transition_v1,vol_trans_follow_h1_high_cooling_h12_tp06_sl065,1.6642000000000734,0.6142000000000736,-0.0857999999999261,1,0,1,0,0.6142000000000736,42.3100000000004,10.190000000000055,0.85083415112856,23.110000000000127,0.7676330592817022,4.130000000000109,6.179000000000019,0.068,-1.0,,,12,4,7.0,2025
2025-07-21 12:00:00+00:00|1.0|vol_trans_follow_h1_high_cooling_h12_tp06_sl065,2025-07-21 12:00:00+00:00,STAGE28A,data/reports/stage28a_discovery_factory_batch_runner/stage28a_exact_trades.csv,volatility_transition_v1,vol_trans_follow_h1_high_cooling_h12_tp06_sl065,-2.411149999999998,-3.4611499999999977,-4.1611499999999975,0,0,0,1,3.4611499999999977,5.199999999999818,13.569999999999709,0.25718496683860403,20.029999999999745,0.7393909136295623,3.769999999999982,5.629499999999894,0.036,1.0,,,12,0,7.0,2025
2025-07-22 12:00:00+00:00|1.0|vol_trans_follow_h1_high_cooling_h12_tp06_sl065,2025-07-22 12:00:00+00:00,STAGE28A,data/reports/stage28a_discovery_factory_batch_runner/stage28a_exact_trades.csv,volatility_transition_v1,vol_trans_follow_h1_high_cooling_h12_tp06_sl065,1.1278000000001156,0.0778000000001157,-0.622199999999884,1,0,0,0,0.0778000000001157,56.7199999999998,17.450000000000273,0.38739255014327295,9.409999999999854,0.6992561105207257,3.8700000000003456,6.388499999999999,0.156,1.0,,,12,1,7.0,2025
2025-07-23 12:00:00+00:00|1.0|vol_trans_follow_h1_high_cooling_h12_tp06_sl065,2025-07-23 12:00:00+00:00,STAGE28A,data/reports/stage28a_discovery_factory_batch_runner/stage28a_exact_trades.csv,volatility_transition_v1,vol_trans_follow_h1_high_cooling_h12_tp06_sl065,1.7274999999998726,0.6774999999998728,-0.0225000000001269,1,0,1,0,0.6774999999998728,50.26999999999998,19.579999999999927,0.24463738508682234,17.449999999999818,0.462464183381077,8.109999999999673,7.749999999999932,0.588,1.0,,,12,2,7.0,2025
2025-07-24 12:00:00+00:00|1.0|vol_trans_follow_h1_high_cooling_h12_tp06_sl065,2025-07-24 12:00:00+00:00,STAGE28A,data/reports/stage28a_discovery_factory_batch_runner/stage28a_exact_trades.csv,volatility_transition_v1,vol_trans_follow_h1_high_cooling_h12_tp06_sl065,2.2704999999999926,1.2204999999999928,0.5204999999999931,1,1,1,0,1.2204999999999928,57.620000000000346,18.539999999999964,0.1564185544768121,23.389999999999873,0.8610517315092107,8.830000000000382,8.724999999999955,0.864,1.0,,,12,3,7.0,2025
2025-07-25 12:00:00+00:00|-1.0|vol_trans_follow_h1_high_cooling_h12_tp06_sl065,2025-07-25 12:00:00+00:00,STAGE28A,data/reports/stage28a_discovery_factory_batch_runner/stage28a_exact_trades.csv,volatility_transition_v1,vol_trans_follow_h1_high_cooling_h12_tp06_sl065,-2.729649999999856,-3.779649999999856,-4.479649999999856,0,0,0,1,3.779649999999856,41.970000000000255,14.789999999999964,0.6544962812711197,20.38000000000011,0.6506378802747641,10.789999999999964,6.8559999999999945,0.236,-1.0,,,12,4,7.0,2025
2025-07-28 12:00:00+00:00|1.0|vol_trans_follow_h1_high_cooling_h12_tp06_sl065,2025-07-28 12:00:00+00:00,STAGE28A,data/reports/stage28a_discovery_factory_batch_runner/stage28a_exact_trades.csv,volatility_transition_v1,vol_trans_follow_h1_high_cooling_h12_tp06_sl065,1.6651000000000749,0.615100000000075,-0.0848999999999247,1,0,1,0,0.615100000000075,18.269999999999982,26.029999999999745,0.5220898962735412,12.829999999999927,0.4263445050662378,6.440000000000055,8.323999999999888,0.724,1.0,,,12,0,7.0,2025
2025-07-29 12:00:00+00:00|1.0|vol_trans_follow_h1_high_cooling_h12_tp06_sl065,2025-07-29 12:00:00+00:00,STAGE28A,data/reports/stage28a_discovery_factory_batch_runner/stage28a_exact_trades.csv,volatility_transition_v1,vol_trans_follow_h1_high_cooling_h12_tp06_sl065,-3.164824999999928,-4.214824999999928,-4.914824999999928,0,0,0,1,4.214824999999928,43.44999999999982,13.079999999999927,0.1551987767583912,20.879999999999654,0.5727969348659117,13.2199999999998,7.941999999999939,0.64,1.0,,,12,1,7.0,2025
2025-07-30 12:00:00+00:00|1.0|vol_trans_follow_h1_high_cooling_h12_tp06_sl065,2025-07-30 12:00:00+00:00,STAGE28A,data/reports/stage28a_discovery_factory_batch_runner/stage28a_exact_trades.csv,volatility_transition_v1,vol_trans_follow_h1_high_cooling_h12_tp06_sl065,-2.473874999999771,-3.5238749999997707,-4.2238749999997705,0,0,0,1,3.5238749999997707,26.38000000000011,11.730000000000018,0.06308610400684019,10.860000000000127,0.2651933701657528,5.839999999999691,6.700500000000057,0.212,1.0,,,12,2,7.0,2025
2025-07-31 12:00:00+00:00|1.0|vol_trans_follow_h1_high_cooling_h12_tp06_sl065,2025-07-31 12:00:00+00:00,STAGE28A,data/reports/stage28a_discovery_factory_batch_runner/stage28a_exact_trades.csv,volatility_transition_v1,vol_trans_follow_h1_high_cooling_h12_tp06_sl065,-3.092674999999963,-4.142674999999963,-4.8426749999999625,0,0,0,1,4.142674999999963,65.80000000000018,24.590000000000146,0.6547376982513141,21.06999999999971,0.5495965828191783,11.170000000000073,9.422000000000072,0.916,1.0,,,12,3,7.0,2025
2025-08-01 12:00:00+00:00|1.0|vol_trans_follow_h1_high_cooling_h12_tp06_sl065,2025-08-01 12:00:00+00:00,STAGE28A,data/reports/stage28a_discovery_factory_batch_runner/stage28a_exact_trades.csv,volatility_transition_v1,vol_trans_follow_h1_high_cooling_h12_tp06_sl065,-2.518724999999995,-3.568724999999995,-4.2687249999999946,0,0,0,1,3.568724999999995,40.809999999999945,15.559999999999945,0.23136246786631887,15.069999999999709,0.20570670205709513,9.019999999999982,7.391499999999951,0.448,1.0,,,12,4,8.0,2025
2025-08-04 12:00:00+00:00|1.0|vol_trans_follow_h1_high_cooling_h12_tp06_sl065,2025-08-04 12:00:00+00:00,STAGE28A,data/reports/stage28a_discovery_factory_batch_runner/stage28a_exact_trades.csv,volatility_transition_v1,vol_trans_follow_h1_high_cooling_h12_tp06_sl065,1.777300000000105,0.7273000000001049,0.0273000000001051,1,1,1,0,0.7273000000001049,11.5300000000002,24.079999999999927,0.04734219269104364,10.960000000000036,0.21350364963504906,5.640000000000327,8.285000000000036,0.656,1.0,,,12,0,8.0,2025
2025-08-05 12:00:00+00:00|-1.0|vol_trans_follow_h1_high_cooling_h12_tp06_sl065,2025-08-05 12:00:00+00:00,STAGE28A,data/reports/stage28a_discovery_factory_batch_runner/stage28a_exact_trades.csv,volatility_transition_v1,vol_trans_follow_h1_high_cooling_h12_tp06_sl065,1.515400000000136,0.4654000000001361,-0.2345999999998635,1,0,1,0,0.4654000000001361,40.25999999999976,10.429999999999836,0.2550335570470135,16.519999999999982,0.7481840193704686,8.570000000000164,6.284500000000003,0.056,-1.0,,,12,1,8.0,2025
2025-08-06 12:00:00+00:00|-1.0|vol_trans_follow_h1_high_cooling_h12_tp06_sl065,2025-08-06 12:00:00+00:00,STAGE28A,data/reports/stage28a_discovery_factory_batch_runner/stage28a_exact_trades.csv,volatility_transition_v1,vol_trans_follow_h1_high_cooling_h12_tp06_sl065,1.621599999999853,0.5715999999998531,-0.1284000000001466,1,0,1,0,0.5715999999998531,40.220000000000255,12.699999999999818,0.4,20.40000000000009,0.7725490196078504,9.740000000000236,6.628500000000008,0.096,-1.0,,,12,2,8.0,2025
2025-08-07 12:00:00+00:00|-1.0|vol_trans_follow_h1_high_cooling_h12_tp06_sl065,2025-08-07 12:00:00+00:00,STAGE28A,data/reports/stage28a_discovery_factory_batch_runner/stage28a_exact_trades.csv,volatility_transition_v1,vol_trans_follow_h1_high_cooling_h12_tp06_sl065,2.6730999999998857,1.623099999999886,0.923099999999886,1,1,1,0,1.623099999999886,27.139999999999873,18.960000000000036,0.3992616033755353,25.840000000000146,0.11803405572754296,23.980000000000018,8.107500000000005,0.624,-1.0,,,12,3,8.0,2025
2025-08-12 12:00:00+00:00|-1.0|vol_trans_follow_h1_high_cooling_h12_tp06_sl065,2025-08-12 12:00:00+00:00,STAGE28A,data/reports/stage28a_discovery_factory_batch_runner/stage28a_exact_trades.csv,volatility_transition_v1,vol_trans_follow_h1_high_cooling_h12_tp06_sl065,2.3992000000002007,1.349200000000201,0.6492000000002012,1,1,1,0,1.349200000000201,64.0300000000002,15.070000000000164,0.16323822163238286,15.83999999999969,0.24368686868688147,10.230000000000018,8.98599999999999,0.592,-1.0,,,12,1,8.0,2025
2025-08-13 12:00:00+00:00|1.0|vol_trans_follow_h1_high_cooling_h12_tp06_sl065,2025-08-13 12:00:00+00:00,STAGE28A,data/reports/stage28a_discovery_factory_batch_runner/stage28a_exact_trades.csv,volatility_transition_v1,vol_trans_follow_h1_high_cooling_h12_tp06_sl065,1.817199999999866,0.7671999999998662,0.0671999999998664,1,1,1,0,0.7671999999998662,28.0300000000002,11.659999999999854,0.07375643224701013,21.079999999999927,0.7191650853890115,10.559999999999945,7.5870000000000575,0.304,1.0,,,12,2,8.0,2025
2025-08-14 12:00:00+00:00|1.0|vol_trans_follow_h1_high_cooling_h12_tp06_sl065,2025-08-14 12:00:00+00:00,STAGE28A,data/reports/stage28a_discovery_factory_batch_runner/stage28a_exact_trades.csv,volatility_transition_v1,vol_trans_follow_h1_high_cooling_h12_tp06_sl065,-3.3039249999997997,-4.3539249999998,-5.053924999999799,0,0,0,1,4.3539249999998,28.230000000000018,19.61999999999989,0.1432212028542284,24.98999999999978,0.16966786714686968,8.769999999999982,7.435999999999967,0.32,1.0,,,12,3,8.0,2025
2025-08-15 12:00:00+00:00|-1.0|vol_trans_follow_h1_high_cooling_h12_tp06_sl065,2025-08-15 12:00:00+00:00,STAGE28A,data/reports/stage28a_discovery_factory_batch_runner/stage28a_exact_trades.csv,volatility_transition_v1,vol_trans_follow_h1_high_cooling_h12_tp06_sl065,-2.640600000000268,-3.690600000000268,-4.390600000000267,0,0,0,1,3.690600000000268,45.40000000000009,12.629999999999654,0.795724465558231,10.309999999999945,0.07468477206595402,9.88000000000011,6.41749999999995,0.064,-1.0,,,12,4,8.0,2025
2025-08-18 12:00:00+00:00|-1.0|vol_trans_follow_h1_high_cooling_h12_tp06_sl065,2025-08-18 12:00:00+00:00,STAGE28A,data/reports/stage28a_discovery_factory_batch_runner/stage28a_exact_trades.csv,volatility_transition_v1,vol_trans_follow_h1_high_cooling_h12_tp06_sl065,1.7260000000000215,0.6760000000000219,-0.0239999999999778,1,0,1,0,0.6760000000000219,6.019999999999982,28.190000000000055,0.4522880454061715,13.799999999999727,0.07608695652172086,5.339999999999691,7.390500000000043,0.38,-1.0,,,12,0,8.0,2025
2025-08-19 12:00:00+00:00|-1.0|vol_trans_follow_h1_high_cooling_h12_tp06_sl065,2025-08-19 12:00:00+00:00,STAGE28A,data/reports/stage28a_discovery_factory_batch_runner/stage28a_exact_trades.csv,volatility_transition_v1,vol_trans_follow_h1_high_cooling_h12_tp06_sl065,-2.252549999999792,-3.302549999999792,-4.002549999999792,0,0,0,1,3.302549999999792,34.79999999999973,15.579999999999927,0.21694480102696564,7.289999999999964,0.20301783264746578,4.420000000000073,5.1424999999999725,0.016,-1.0,,,12,1,8.0,2025
2025-08-20 12:00:00+00:00|1.0|vol_trans_follow_h1_high_cooling_h12_tp06_sl065,2025-08-20 12:00:00+00:00,STAGE28A,data/reports/stage28a_discovery_factory_batch_runner/stage28a_exact_trades.csv,volatility_transition_v1,vol_trans_follow_h1_high_cooling_h12_tp06_sl065,-2.0387000000001536,-3.088700000000153,-3.788700000000153,0,0,0,1,3.088700000000153,30.36999999999989,7.0300000000002,0.09246088193457645,10.38000000000011,0.8333333333333334,4.6599999999998545,5.548500000000013,0.064,1.0,,,12,2,8.0,2025
2025-08-21 12:00:00+00:00|-1.0|vol_trans_follow_h1_high_cooling_h12_tp06_sl065,2025-08-21 12:00:00+00:00,STAGE28A,data/reports/stage28a_discovery_factory_batch_runner/stage28a_exact_trades.csv,volatility_transition_v1,vol_trans_follow_h1_high_cooling_h12_tp06_sl065,1.0882000000000516,0.0382000000000517,-0.661799999999948,1,0,0,0,0.0382000000000517,38.88999999999987,12.33999999999969,0.793354943273923,7.849999999999909,0.09044585987261715,3.4699999999998,4.92800000000002,0.028,-1.0,,,12,3,8.0,2025
2025-08-22 12:00:00+00:00|1.0|vol_trans_follow_h1_high_cooling_h12_tp06_sl065,2025-08-22 12:00:00+00:00,STAGE28A,data/reports/stage28a_discovery_factory_batch_runner/stage28a_exact_trades.csv,volatility_transition_v1,vol_trans_follow_h1_high_cooling_h12_tp06_sl065,-2.192424999999821,-3.242424999999821,-3.9424249999998207,0,0,0,1,3.242424999999821,26.9699999999998,9.139999999999873,0.7647702407002553,9.659999999999854,0.1946169772256871,5.230000000000018,5.090000000000009,0.064,1.0,,,12,4,8.0,2025
2025-08-25 12:00:00+00:00|-1.0|vol_trans_follow_h1_high_cooling_h12_tp06_sl065,2025-08-25 12:00:00+00:00,STAGE28A,data/reports/stage28a_discovery_factory_batch_runner/stage28a_exact_trades.csv,volatility_transition_v1,vol_trans_follow_h1_high_cooling_h12_tp06_sl065,-1.6799000000001798,-2.72990000000018,-3.42990000000018,0,0,0,0,2.72990000000018,6.210000000000036,12.260000000000218,0.0016313213703084382,8.019999999999982,0.02369077306733853,3.4899999999997817,6.99350000000004,0.512,-1.0,,,12,0,8.0,2025
2025-08-26 12:00:00+00:00|-1.0|vol_trans_follow_h1_high_cooling_h12_tp06_sl065,2025-08-26 12:00:00+00:00,STAGE28A,data/reports/stage28a_discovery_factory_batch_runner/stage28a_exact_trades.csv,volatility_transition_v1,vol_trans_follow_h1_high_cooling_h12_tp06_sl065,1.789599999999973,0.7395999999999732,0.0395999999999734,1,1,1,0,0.7395999999999732,16.389999999999873,35.129999999999654,0.22687161969826014,12.58999999999969,0.030182684670346602,4.389999999999873,8.015499999999998,0.816,-1.0,,,12,1,8.0,2025
2025-08-27 12:00:00+00:00|1.0|vol_trans_follow_h1_high_cooling_h12_tp06_sl065,2025-08-27 12:00:00+00:00,STAGE28A,data/reports/stage28a_discovery_factory_batch_runner/stage28a_exact_trades.csv,volatility_transition_v1,vol_trans_follow_h1_high_cooling_h12_tp06_sl065,-2.21712499999976,-3.26712499999976,-3.96712499999976,0,0,0,1,3.26712499999976,42.19999999999982,13.800000000000182,0.7543478260869689,11.629999999999654,0.21066208082548113,3.9699999999998,5.653999999999996,0.288,1.0,,,12,2,8.0,2025
2025-08-28 12:00:00+00:00|1.0|vol_trans_follow_h1_high_cooling_h12_tp06_sl065,2025-08-28 12:00:00+00:00,STAGE28A,data/reports/stage28a_discovery_factory_batch_runner/stage28a_exact_trades.csv,volatility_transition_v1,vol_trans_follow_h1_high_cooling_h12_tp06_sl065,-2.0569000000001325,-3.1069000000001323,-3.806900000000132,0,0,0,1,3.1069000000001323,25.049999999999727,15.08999999999969,0.3770709078860286,13.86999999999989,0.6560922855083227,7.100000000000364,5.584000000000015,0.284,1.0,,,12,3,8.0,2025
2025-08-29 12:00:00+00:00|-1.0|vol_trans_follow_h1_high_cooling_h12_tp06_sl065,2025-08-29 12:00:00+00:00,STAGE28A,data/reports/stage28a_discovery_factory_batch_runner/stage28a_exact_trades.csv,volatility_transition_v1,vol_trans_follow_h1_high_cooling_h12_tp06_sl065,1.0368999999999686,-0.0131000000000311,-0.7131000000000309,0,0,0,0,0.0131000000000311,38.56999999999971,10.489999999999782,0.5633937082936108,8.269999999999982,0.44740024183800253,5.050000000000182,5.327499999999918,0.192,-1.0,,,12,4,8.0,2025
2025-09-02 12:00:00+00:00|1.0|vol_trans_follow_h1_high_cooling_h12_tp06_sl065,2025-09-02 12:00:00+00:00,STAGE28A,data/reports/stage28a_discovery_factory_batch_runner/stage28a_exact_trades.csv,volatility_transition_v1,vol_trans_follow_h1_high_cooling_h12_tp06_sl065,2.6514999999998508,1.601499999999851,0.9014999999998512,1,1,1,0,1.601499999999851,52.74000000000024,34.159999999999854,0.5793325526932098,28.289999999999964,0.6564156945917191,11.11999999999989,8.394000000000005,0.884,1.0,,,12,1,9.0,2025
2025-09-03 12:00:00+00:00|1.0|vol_trans_follow_h1_high_cooling_h12_tp06_sl065,2025-09-03 12:00:00+00:00,STAGE28A,data/reports/stage28a_discovery_factory_batch_runner/stage28a_exact_trades.csv,volatility_transition_v1,vol_trans_follow_h1_high_cooling_h12_tp06_sl065,-2.8781749999999198,-3.928174999999919,-4.628174999999919,0,0,0,1,3.928174999999919,70.11000000000013,20.48999999999978,0.07369448511467934,14.86999999999989,0.24277067921991619,7.460000000000036,10.099500000000035,0.876,1.0,,,12,2,9.0,2025
2025-09-05 12:00:00+00:00|-1.0|vol_trans_follow_h1_high_cooling_h12_tp06_sl065,2025-09-05 12:00:00+00:00,STAGE28A,data/reports/stage28a_discovery_factory_batch_runner/stage28a_exact_trades.csv,volatility_transition_v1,vol_trans_follow_h1_high_cooling_h12_tp06_sl065,1.698699999999826,0.6486999999998262,-0.0513000000001735,1,0,1,0,0.6486999999998262,52.7800000000002,19.300000000000182,0.9113989637305453,16.36999999999989,0.3671350030543835,5.039999999999964,8.858999999999991,0.632,-1.0,,,12,4,9.0,2025
2025-09-09 12:00:00+00:00|1.0|vol_trans_follow_h1_high_cooling_h12_tp06_sl065,2025-09-09 12:00:00+00:00,STAGE28A,data/reports/stage28a_discovery_factory_batch_runner/stage28a_exact_trades.csv,volatility_transition_v1,vol_trans_follow_h1_high_cooling_h12_tp06_sl065,-4.17654999999977,-5.22654999999977,-5.92654999999977,0,0,0,1,5.22654999999977,67.81999999999971,26.2800000000002,0.6255707762556878,22.7199999999998,0.3371478873239602,8.980000000000018,9.348999999999979,0.564,1.0,,,12,1,9.0,2025
2025-09-11 12:00:00+00:00|-1.0|vol_trans_follow_h1_high_cooling_h12_tp06_sl065,2025-09-11 12:00:00+00:00,STAGE28A,data/reports/stage28a_discovery_factory_batch_runner/stage28a_exact_trades.csv,volatility_transition_v1,vol_trans_follow_h1_high_cooling_h12_tp06_sl065,-3.439124999999968,-4.489124999999968,-5.189124999999967,0,0,0,1,4.489124999999968,38.68000000000029,19.309999999999945,0.40963231486275903,23.88000000000011,0.43467336683417346,6.25,8.191499999999996,0.268,-1.0,,,12,3,9.0,2025
2025-09-12 12:00:00+00:00|-1.0|vol_trans_follow_h1_high_cooling_h12_tp06_sl065,2025-09-12 12:00:00+00:00,STAGE28A,data/reports/stage28a_discovery_factory_batch_runner/stage28a_exact_trades.csv,volatility_transition_v1,vol_trans_follow_h1_high_cooling_h12_tp06_sl065,-2.746874999999909,-3.796874999999909,-4.496874999999909,0,0,0,1,3.796874999999909,36.26999999999998,22.779999999999745,0.7949956101843867,19.06999999999971,0.3455689564761296,11.549999999999727,7.400999999999954,0.1,-1.0,,,12,4,9.0,2025
2025-09-15 12:00:00+00:00|1.0|vol_trans_follow_h1_high_cooling_h12_tp06_sl065,2025-09-15 12:00:00+00:00,STAGE28A,data/reports/stage28a_discovery_factory_batch_runner/stage28a_exact_trades.csv,volatility_transition_v1,vol_trans_follow_h1_high_cooling_h12_tp06_sl065,-2.427400000000125,-3.477400000000125,-4.177400000000125,0,0,0,1,3.477400000000125,6.779999999999745,19.769999999999982,0.2063732928679783,13.239999999999782,0.3904833836857782,4.900000000000091,6.242499999999973,0.004,1.0,,,12,0,9.0,2025
2025-09-16 12:00:00+00:00|1.0|vol_trans_follow_h1_high_cooling_h12_tp06_sl065,2025-09-16 12:00:00+00:00,STAGE28A,data/reports/stage28a_discovery_factory_batch_runner/stage28a_exact_trades.csv,volatility_transition_v1,vol_trans_follow_h1_high_cooling_h12_tp06_sl065,1.8495999999999184,0.7995999999999186,0.0995999999999188,1,1,1,0,0.7995999999999186,58.88000000000011,14.720000000000255,0.1555706521739079,18.590000000000146,0.9214631522323816,11.090000000000146,8.402500000000009,0.272,1.0,,,12,1,9.0,2025
2025-09-17 12:00:00+00:00|-1.0|vol_trans_follow_h1_high_cooling_h12_tp06_sl065,2025-09-17 12:00:00+00:00,STAGE28A,data/reports/stage28a_discovery_factory_batch_runner/stage28a_exact_trades.csv,volatility_transition_v1,vol_trans_follow_h1_high_cooling_h12_tp06_sl065,2.2065999999998893,1.1565999999998895,0.4565999999998897,1,1,1,0,1.1565999999998895,28.450000000000273,21.039999999999964,0.4857414448669115,23.460000000000036,0.5920716112531906,5.449999999999818,7.278500000000008,0.14,-1.0,,,12,2,9.0,2025
2025-09-19 12:00:00+00:00|1.0|vol_trans_follow_h1_high_cooling_h12_tp06_sl065,2025-09-19 12:00:00+00:00,STAGE28A,data/reports/stage28a_discovery_factory_batch_runner/stage28a_exact_trades.csv,volatility_transition_v1,vol_trans_follow_h1_high_cooling_h12_tp06_sl065,2.103399999999874,1.0533999999998742,0.3533999999998745,1,1,1,0,1.0533999999998742,45.320000000000164,24.13000000000011,0.551181102362191,17.690000000000055,0.28886376483889836,7.010000000000218,9.244000000000096,0.572,1.0,,,12,4,9.0,2025
2025-09-22 12:00:00+00:00|1.0|vol_trans_follow_h1_high_cooling_h12_tp06_sl065,2025-09-22 12:00:00+00:00,STAGE28A,data/reports/stage28a_discovery_factory_batch_runner/stage28a_exact_trades.csv,volatility_transition_v1,vol_trans_follow_h1_high_cooling_h12_tp06_sl065,2.304399999999896,1.254399999999896,0.5543999999998963,1,1,1,0,1.254399999999896,8.700000000000273,13.7800000000002,0.5079825834542742,36.529999999999745,0.7601970982754074,10.539999999999964,8.703999999999997,0.46,1.0,,,12,0,9.0,2025
2025-09-23 12:00:00+00:00|1.0|vol_trans_follow_h1_high_cooling_h12_tp06_sl065,2025-09-23 12:00:00+00:00,STAGE28A,data/reports/stage28a_discovery_factory_batch_runner/stage28a_exact_trades.csv,volatility_transition_v1,vol_trans_follow_h1_high_cooling_h12_tp06_sl065,-3.6542749999999615,-4.704274999999962,-5.404274999999961,0,0,0,1,4.704274999999962,65.05000000000018,22.389999999999873,0.2880750334970904,48.059999999999945,0.7973366625052062,22.139999999999873,9.718999999999937,0.768,1.0,,,12,1,9.0,2025
2025-11-06 12:00:00+00:00|-1.0|vol_trans_follow_h1_high_cooling_h12_tp06_sl065,2025-11-06 12:00:00+00:00,STAGE28A,data/reports/stage28a_discovery_factory_batch_runner/stage28a_exact_trades.csv,volatility_transition_v1,vol_trans_follow_h1_high_cooling_h12_tp06_sl065,2.888499999999931,1.838499999999931,1.1384999999999312,1,1,1,0,1.838499999999931,61.58999999999969,25.949999999999818,0.5865125240847748,34.51999999999998,0.571552723059097,5.960000000000036,10.697000000000026,0.008,-1.0,,,12,3,11.0,2025
2025-11-07 12:00:00+00:00|-1.0|vol_trans_follow_h1_high_cooling_h12_tp06_sl065,2025-11-07 12:00:00+00:00,STAGE28A,data/reports/stage28a_discovery_factory_batch_runner/stage28a_exact_trades.csv,volatility_transition_v1,vol_trans_follow_h1_high_cooling_h12_tp06_sl065,2.700999999999931,1.650999999999931,0.9509999999999312,1,1,1,0,1.650999999999931,54.86000000000013,29.389999999999873,0.31813542021095437,22.179999999999836,0.42605951307483714,10.599999999999909,12.144000000000029,0.08,-1.0,,,12,4,11.0,2025
2025-11-11 12:00:00+00:00|1.0|vol_trans_follow_h1_high_cooling_h12_tp06_sl065,2025-11-11 12:00:00+00:00,STAGE28A,data/reports/stage28a_discovery_factory_batch_runner/stage28a_exact_trades.csv,volatility_transition_v1,vol_trans_follow_h1_high_cooling_h12_tp06_sl065,-4.515850000000318,-5.565850000000319,-6.265850000000318,0,0,0,1,5.565850000000319,122.17999999999984,33.89000000000033,0.6878135143110113,21.980000000000473,0.06505914467699091,11.6899999999996,11.922499999999923,0.096,1.0,,,12,1,11.0,2025
2025-11-27 12:00:00+00:00|-1.0|vol_trans_follow_h1_high_cooling_h12_tp06_sl065,2025-11-27 12:00:00+00:00,STAGE28A,data/reports/stage28a_discovery_factory_batch_runner/stage28a_exact_trades.csv,volatility_transition_v1,vol_trans_follow_h1_high_cooling_h12_tp06_sl065,-3.649074999999903,-4.699074999999903,-5.399074999999902,0,0,0,1,4.699074999999903,43.900000000000546,25.909999999999854,0.5461211887302441,22.269999999999527,0.26178715761113835,17.55999999999949,10.335499999999865,0.004,-1.0,,,12,3,11.0,2025
2025-11-28 12:00:00+00:00|-1.0|vol_trans_follow_h1_high_cooling_h12_tp06_sl065,2025-11-28 12:00:00+00:00,STAGE28A,data/reports/stage28a_discovery_factory_batch_runner/stage28a_exact_trades.csv,volatility_transition_v1,vol_trans_follow_h1_high_cooling_h12_tp06_sl065,4.737099999999737,3.6870999999997367,2.987099999999737,1,1,1,0,3.6870999999997367,25.909999999999854,34.81999999999971,0.7268811028144659,34.909999999999854,0.7023775422514933,9.289999999999964,10.125999999999976,0.088,-1.0,,,12,4,11.0,2025
2025-12-03 12:00:00+00:00|-1.0|vol_trans_follow_h1_high_cooling_h12_tp06_sl065,2025-12-03 12:00:00+00:00,STAGE28A,data/reports/stage28a_discovery_factory_batch_runner/stage28a_exact_trades.csv,volatility_transition_v1,vol_trans_follow_h1_high_cooling_h12_tp06_sl065,-3.8284749999998895,-4.87847499999989,-5.578474999999889,0,0,0,1,4.87847499999989,72.11999999999989,26.11999999999989,0.3575803981623348,29.220000000000255,0.7488021902806269,10.520000000000437,13.973000000000047,0.272,-1.0,,,12,2,12.0,2025
2025-12-05 12:00:00+00:00|1.0|vol_trans_follow_h1_high_cooling_h12_tp06_sl065,2025-12-05 12:00:00+00:00,STAGE28A,data/reports/stage28a_discovery_factory_batch_runner/stage28a_exact_trades.csv,volatility_transition_v1,vol_trans_follow_h1_high_cooling_h12_tp06_sl065,2.3904999999998835,1.3404999999998837,0.6404999999998839,1,1,1,0,1.3404999999998837,44.17000000000007,22.579999999999927,0.47387068201952004,16.470000000000255,0.37279902853674757,9.020000000000437,9.626500000000078,0.08,1.0,,,12,4,12.0,2025
2025-12-08 12:00:00+00:00|-1.0|vol_trans_follow_h1_high_cooling_h12_tp06_sl065,2025-12-08 12:00:00+00:00,STAGE28A,data/reports/stage28a_discovery_factory_batch_runner/stage28a_exact_trades.csv,volatility_transition_v1,vol_trans_follow_h1_high_cooling_h12_tp06_sl065,2.8584999999997307,1.8084999999997309,1.1084999999997311,1,1,1,0,1.8084999999997309,15.210000000000036,19.06999999999971,0.39066596748819776,17.710000000000036,0.29587803500850823,8.340000000000146,13.539500000000135,0.412,-1.0,,,12,0,12.0,2025
2025-12-09 12:00:00+00:00|1.0|vol_trans_follow_h1_high_cooling_h12_tp06_sl065,2025-12-09 12:00:00+00:00,STAGE28A,data/reports/stage28a_discovery_factory_batch_runner/stage28a_exact_trades.csv,volatility_transition_v1,vol_trans_follow_h1_high_cooling_h12_tp06_sl065,3.174699999999939,2.124699999999939,1.4246999999999392,1,1,1,0,2.124699999999939,42.48999999999978,14.079999999999927,0.5589488636363588,42.75,0.39836257309940926,21.979999999999563,10.933499999999867,0.216,1.0,,,12,1,12.0,2025
2025-12-10 12:00:00+00:00|-1.0|vol_trans_follow_h1_high_cooling_h12_tp06_sl065,2025-12-10 12:00:00+00:00,STAGE28A,data/reports/stage28a_discovery_factory_batch_runner/stage28a_exact_trades.csv,volatility_transition_v1,vol_trans_follow_h1_high_cooling_h12_tp06_sl065,2.259699999999975,1.2096999999999754,0.5096999999999756,1,1,1,0,1.2096999999999754,51.150000000000546,15.0,0.25533333333332847,26.73999999999978,0.5145848915482547,7.960000000000036,9.911000000000058,0.128,-1.0,,,12,2,12.0,2025
2025-12-11 12:00:00+00:00|1.0|vol_trans_follow_h1_high_cooling_h12_tp06_sl065,2025-12-11 12:00:00+00:00,STAGE28A,data/reports/stage28a_discovery_factory_batch_runner/stage28a_exact_trades.csv,volatility_transition_v1,vol_trans_follow_h1_high_cooling_h12_tp06_sl065,2.6373999999999795,1.5873999999999795,0.88739999999998,1,1,1,0,1.5873999999999795,56.650000000000546,39.13999999999942,0.4757281553398101,21.590000000000146,0.1491431218156662,11.079999999999927,13.86649999999995,0.68,1.0,,,12,3,12.0,2025
2025-12-16 12:00:00+00:00|-1.0|vol_trans_follow_h1_high_cooling_h12_tp06_sl065,2025-12-16 12:00:00+00:00,STAGE28A,data/reports/stage28a_discovery_factory_batch_runner/stage28a_exact_trades.csv,volatility_transition_v1,vol_trans_follow_h1_high_cooling_h12_tp06_sl065,-4.359850000000369,-5.40985000000037,-6.109850000000369,0,0,0,1,5.40985000000037,64.84000000000015,37.07000000000062,0.4086862692203772,20.51000000000022,0.5724037055094908,9.350000000000364,14.063500000000158,0.676,-1.0,,,12,1,12.0,2025
2025-12-18 12:00:00+00:00|-1.0|vol_trans_follow_h1_high_cooling_h12_tp06_sl065,2025-12-18 12:00:00+00:00,STAGE28A,data/reports/stage28a_discovery_factory_batch_runner/stage28a_exact_trades.csv,volatility_transition_v1,vol_trans_follow_h1_high_cooling_h12_tp06_sl065,2.1622000000001207,1.1122000000001209,0.4122000000001211,1,1,1,0,1.1122000000001209,47.26000000000022,18.51000000000022,0.390059427336584,16.73999999999978,0.3912783751493045,7.649999999999636,11.018499999999994,0.232,-1.0,,,12,3,12.0,2025
2025-12-22 12:00:00+00:00|1.0|vol_trans_follow_h1_high_cooling_h12_tp06_sl065,2025-12-22 12:00:00+00:00,STAGE28A,data/reports/stage28a_discovery_factory_batch_runner/stage28a_exact_trades.csv,volatility_transition_v1,vol_trans_follow_h1_high_cooling_h12_tp06_sl065,-4.321824999999626,-5.371824999999626,-6.071824999999626,0,0,0,1,5.371824999999626,18.1200000000008,62.840000000000146,0.6877784850413774,23.599999999999454,0.4338983050847851,6.739999999999782,12.025500000000012,0.376,1.0,,,12,0,12.0,2025
2025-12-23 12:00:00+00:00|-1.0|vol_trans_follow_h1_high_cooling_h12_tp06_sl065,2025-12-23 12:00:00+00:00,STAGE28A,data/reports/stage28a_discovery_factory_batch_runner/stage28a_exact_trades.csv,volatility_transition_v1,vol_trans_follow_h1_high_cooling_h12_tp06_sl065,3.064600000000064,2.014600000000064,1.3146000000000644,1,1,1,0,2.014600000000064,122.74000000000069,52.289999999999964,0.42991011665709655,23.69000000000051,0.08104685521313305,13.089999999999236,12.632499999999936,0.492,-1.0,,,12,1,12.0,2025
2026-01-09 12:00:00+00:00|1.0|vol_trans_follow_h1_high_cooling_h12_tp06_sl065,2026-01-09 12:00:00+00:00,STAGE28A,data/reports/stage28a_discovery_factory_batch_runner/stage28a_exact_trades.csv,volatility_transition_v1,vol_trans_follow_h1_high_cooling_h12_tp06_sl065,-3.6841749999999593,-4.73417499999996,-5.434174999999959,0,0,0,1,4.73417499999996,71.64000000000033,31.079999999999927,0.352960102960112,19.199999999999818,0.4234375000000097,9.089999999999236,13.585500000000138,0.004,1.0,,,12,4,1.0,2026
2026-01-16 12:00:00+00:00|-1.0|vol_trans_follow_h1_high_cooling_h12_tp06_sl065,2026-01-16 12:00:00+00:00,STAGE28A,data/reports/stage28a_discovery_factory_batch_runner/stage28a_exact_trades.csv,volatility_transition_v1,vol_trans_follow_h1_high_cooling_h12_tp06_sl065,4.04469999999983,2.99469999999983,2.29469999999983,1,1,1,0,2.99469999999983,51.470000000000255,29.23999999999978,0.3081395348837307,21.81999999999971,0.04353803849678418,9.350000000000364,13.811000000000103,0.036,-1.0,,,12,4,1.0,2026
2026-01-20 12:00:00+00:00|1.0|vol_trans_follow_h1_high_cooling_h12_tp06_sl065,2026-01-20 12:00:00+00:00,STAGE28A,data/reports/stage28a_discovery_factory_batch_runner/stage28a_exact_trades.csv,volatility_transition_v1,vol_trans_follow_h1_high_cooling_h12_tp06_sl065,-5.342325000000164,-6.392325000000165,-7.092325000000164,0,0,0,1,6.392325000000165,70.75,37.38999999999942,0.7983418026210438,43.05000000000018,0.726596980255529,16.0,11.848999999999933,0.056,1.0,,,12,1,1.0,2026
2026-03-13 12:00:00+00:00|1.0|vol_trans_follow_h1_high_cooling_h12_tp06_sl065,2026-03-13 12:00:00+00:00,STAGE28A,data/reports/stage28a_discovery_factory_batch_runner/stage28a_exact_trades.csv,volatility_transition_v1,vol_trans_follow_h1_high_cooling_h12_tp06_sl065,-7.521124999999847,-8.571124999999848,-9.271124999999849,0,0,0,1,8.571124999999848,136.32999999999993,55.710000000000036,0.1202656614611347,49.1299999999992,0.19967433340117344,13.840000000000146,19.944500000000062,0.08,1.0,,,12,4,3.0,2026
2026-03-17 12:00:00+00:00|-1.0|vol_trans_follow_h1_high_cooling_h12_tp06_sl065,2026-03-17 12:00:00+00:00,STAGE28A,data/reports/stage28a_discovery_factory_batch_runner/stage28a_exact_trades.csv,volatility_transition_v1,vol_trans_follow_h1_high_cooling_h12_tp06_sl065,-6.3787500000004,-7.4287500000004,-8.1287500000004,0,0,0,1,7.4287500000004,69.77000000000044,46.720000000000255,0.5355308219178146,52.33000000000084,0.7177527231033611,15.970000000000255,19.564000000000078,0.036,-1.0,,,12,1,3.0,2026
2026-03-18 12:00:00+00:00|1.0|vol_trans_follow_h1_high_cooling_h12_tp06_sl065,2026-03-18 12:00:00+00:00,STAGE28A,data/reports/stage28a_discovery_factory_batch_runner/stage28a_exact_trades.csv,volatility_transition_v1,vol_trans_follow_h1_high_cooling_h12_tp06_sl065,-5.4466500000004086,-6.496650000000409,-7.1966500000004086,0,0,0,1,6.496650000000409,70.88000000000011,33.909999999999854,0.4624004718371999,57.25,0.3369432314410474,10.9399999999996,15.083499999999912,0.004,1.0,,,12,2,3.0,2026
2026-04-07 12:00:00+00:00|1.0|vol_trans_follow_h1_high_cooling_h12_tp06_sl065,2026-04-07 12:00:00+00:00,STAGE28A,data/reports/stage28a_discovery_factory_batch_runner/stage28a_exact_trades.csv,volatility_transition_v1,vol_trans_follow_h1_high_cooling_h12_tp06_sl065,7.495900000000256,6.445900000000256,5.7459000000002565,1,1,1,0,6.445900000000256,105.48999999999978,51.460000000000036,0.17061795569375532,71.22999999999956,0.3018391127334007,46.539999999999964,22.012999999999874,0.044,1.0,,,12,1,4.0,2026
2026-04-10 12:00:00+00:00|-1.0|vol_trans_follow_h1_high_cooling_h12_tp06_sl065,2026-04-10 12:00:00+00:00,STAGE28A,data/reports/stage28a_discovery_factory_batch_runner/stage28a_exact_trades.csv,volatility_transition_v1,vol_trans_follow_h1_high_cooling_h12_tp06_sl065,4.303599999999642,3.253599999999642,2.5535999999996424,1,1,1,0,3.253599999999642,102.13000000000011,41.600000000000364,0.05817307692307817,39.80999999999949,0.3765385581512176,22.329999999999927,19.503499999999985,0.012,-1.0,,,12,4,4.0,2026
2026-04-14 12:00:00+00:00|1.0|vol_trans_follow_h1_high_cooling_h12_tp06_sl065,2026-04-14 12:00:00+00:00,STAGE28A,data/reports/stage28a_discovery_factory_batch_runner/stage28a_exact_trades.csv,volatility_transition_v1,vol_trans_follow_h1_high_cooling_h12_tp06_sl065,-6.075524999999834,-7.1255249999998345,-7.825524999999834,0,0,0,1,7.1255249999998345,114.48000000000047,31.23999999999978,0.3117797695262436,37.72999999999956,0.2793532997614653,15.649999999999636,17.88549999999991,0.036,1.0,,,12,1,4.0,2026
2026-04-15 12:00:00+00:00|1.0|vol_trans_follow_h1_high_cooling_h12_tp06_sl065,2026-04-15 12:00:00+00:00,STAGE28A,data/reports/stage28a_discovery_factory_batch_runner/stage28a_exact_trades.csv,volatility_transition_v1,vol_trans_follow_h1_high_cooling_h12_tp06_sl065,5.045499999999629,3.995499999999629,3.2954999999996293,1,1,1,0,3.995499999999629,100.72999999999956,54.25,0.20552995391704398,44.31999999999971,0.5873194945848357,15.949999999999818,18.2,0.096,1.0,,,12,2,4.0,2026
2026-04-16 12:00:00+00:00|-1.0|vol_trans_follow_h1_high_cooling_h12_tp06_sl065,2026-04-16 12:00:00+00:00,STAGE28A,data/reports/stage28a_discovery_factory_batch_runner/stage28a_exact_trades.csv,volatility_transition_v1,vol_trans_follow_h1_high_cooling_h12_tp06_sl065,4.127799999999661,3.077799999999661,2.3777999999996613,1,1,1,0,3.077799999999661,85.13999999999942,46.51999999999953,0.3555460017196933,31.529999999999745,0.35172851252775883,15.0600000000004,16.012000000000036,0.016,-1.0,,,12,3,4.0,2026
2026-04-17 12:00:00+00:00|1.0|vol_trans_follow_h1_high_cooling_h12_tp06_sl065,2026-04-17 12:00:00+00:00,STAGE28A,data/reports/stage28a_discovery_factory_batch_runner/stage28a_exact_trades.csv,volatility_transition_v1,vol_trans_follow_h1_high_cooling_h12_tp06_sl065,3.920800000000236,2.870800000000236,2.170800000000236,1,1,1,0,2.870800000000236,65.03999999999996,33.399999999999636,0.042215568862271555,27.38000000000011,0.10336011687362731,15.989999999999782,15.80050000000001,0.072,1.0,,,12,4,4.0,2026
2026-04-21 12:00:00+00:00|1.0|vol_trans_follow_h1_high_cooling_h12_tp06_sl065,2026-04-21 12:00:00+00:00,STAGE28A,data/reports/stage28a_discovery_factory_batch_runner/stage28a_exact_trades.csv,volatility_transition_v1,vol_trans_follow_h1_high_cooling_h12_tp06_sl065,4.778200000000107,3.7282000000001054,3.0282000000001066,1,1,1,0,3.7282000000001054,90.67000000000007,40.399999999999636,0.7566831683168312,25.050000000000182,0.5417165668662519,18.039999999999964,14.880999999999949,0.044,1.0,,,12,1,4.0,2026
2026-04-22 12:00:00+00:00|-1.0|vol_trans_follow_h1_high_cooling_h12_tp06_sl065,2026-04-22 12:00:00+00:00,STAGE28A,data/reports/stage28a_discovery_factory_batch_runner/stage28a_exact_trades.csv,volatility_transition_v1,vol_trans_follow_h1_high_cooling_h12_tp06_sl065,3.1893999999996594,2.13939999999966,1.4393999999996598,1,1,1,0,2.13939999999966,164.42000000000007,49.36000000000058,0.7803889789302891,19.909999999999854,0.14364640883980928,10.279999999999745,23.436499999999977,0.748,-1.0,,,12,2,4.0,2026
2026-04-23 12:00:00+00:00|-1.0|vol_trans_follow_h1_high_cooling_h12_tp06_sl065,2026-04-23 12:00:00+00:00,STAGE28A,data/reports/stage28a_discovery_factory_batch_runner/stage28a_exact_trades.csv,volatility_transition_v1,vol_trans_follow_h1_high_cooling_h12_tp06_sl065,-5.614675000000352,-6.6646750000003525,-7.364675000000352,0,0,0,1,6.6646750000003525,56.470000000000255,59.63000000000011,0.37078651685392644,31.92999999999938,0.19417475728155145,22.75999999999931,18.103499999999894,0.428,-1.0,,,12,3,4.0,2026
2026-04-24 12:00:00+00:00|-1.0|vol_trans_follow_h1_high_cooling_h12_tp06_sl065,2026-04-24 12:00:00+00:00,STAGE28A,data/reports/stage28a_discovery_factory_batch_runner/stage28a_exact_trades.csv,volatility_transition_v1,vol_trans_follow_h1_high_cooling_h12_tp06_sl065,4.472500000000219,3.4225000000002184,2.722500000000218,1,1,1,0,3.4225000000002184,89.48000000000047,42.279999999999745,0.4973982970671682,39.52000000000044,0.2608805668016267,12.289999999999964,20.423999999999978,0.708,-1.0,,,12,4,4.0,2026
2026-04-27 12:00:00+00:00|-1.0|vol_trans_follow_h1_high_cooling_h12_tp06_sl065,2026-04-27 12:00:00+00:00,STAGE28A,data/reports/stage28a_discovery_factory_batch_runner/stage28a_exact_trades.csv,volatility_transition_v1,vol_trans_follow_h1_high_cooling_h12_tp06_sl065,2.959900000000198,1.909900000000198,1.2099000000001985,1,1,1,0,1.909900000000198,19.25,57.220000000000255,0.6957357567284206,30.449999999999818,0.671592775041049,9.30999999999949,14.895000000000072,0.096,-1.0,,,12,0,4.0,2026
2026-04-28 12:00:00+00:00|-1.0|vol_trans_follow_h1_high_cooling_h12_tp06_sl065,2026-04-28 12:00:00+00:00,STAGE28A,data/reports/stage28a_discovery_factory_batch_runner/stage28a_exact_trades.csv,volatility_transition_v1,vol_trans_follow_h1_high_cooling_h12_tp06_sl065,6.337299999999596,5.287299999999595,4.587299999999596,1,1,1,0,5.287299999999595,62.81999999999971,34.590000000000146,0.49031511997687094,66.61000000000058,0.9911424711004333,20.579999999999927,14.017499999999973,0.128,-1.0,,,12,1,4.0,2026
2026-04-29 12:00:00+00:00|1.0|vol_trans_follow_h1_high_cooling_h12_tp06_sl065,2026-04-29 12:00:00+00:00,STAGE28A,data/reports/stage28a_discovery_factory_batch_runner/stage28a_exact_trades.csv,volatility_transition_v1,vol_trans_follow_h1_high_cooling_h12_tp06_sl065,4.209100000000399,3.159100000000399,2.459100000000399,1,1,1,0,3.159100000000399,146.2599999999993,33.97999999999956,0.036492054149493754,55.970000000000255,0.707343219581902,19.329999999999927,14.940500000000203,0.208,1.0,,,12,2,4.0,2026
2026-04-30 12:00:00+00:00|1.0|vol_trans_follow_h1_high_cooling_h12_tp06_sl065,2026-04-30 12:00:00+00:00,STAGE28A,data/reports/stage28a_discovery_factory_batch_runner/stage28a_exact_trades.csv,volatility_transition_v1,vol_trans_follow_h1_high_cooling_h12_tp06_sl065,5.721399999999813,4.671399999999812,3.9713999999998126,1,1,1,0,4.671399999999812,99.84999999999945,43.11000000000058,0.09255393180235973,91.03999999999996,0.7621924428822534,32.399999999999636,21.205999999999722,0.848,1.0,,,12,3,4.0,2026
2026-05-01 12:00:00+00:00|-1.0|vol_trans_follow_h1_high_cooling_h12_tp06_sl065,2026-05-01 12:00:00+00:00,STAGE28A,data/reports/stage28a_discovery_factory_batch_runner/stage28a_exact_trades.csv,volatility_transition_v1,vol_trans_follow_h1_high_cooling_h12_tp06_sl065,-5.129774999999972,-6.179774999999973,-6.879774999999972,0,0,0,1,6.179774999999973,107.63000000000011,21.970000000000255,0.17023213472916424,68.44999999999982,0.9382030679327906,17.359999999999673,14.220500000000039,0.144,-1.0,,,12,4,5.0,2026
2026-05-04 12:00:00+00:00|-1.0|vol_trans_follow_h1_high_cooling_h12_tp06_sl065,2026-05-04 12:00:00+00:00,STAGE28A,data/reports/stage28a_discovery_factory_batch_runner/stage28a_exact_trades.csv,volatility_transition_v1,vol_trans_follow_h1_high_cooling_h12_tp06_sl065,4.502499999999964,3.452499999999964,2.752499999999964,1,1,1,0,3.452499999999964,16.889999999999418,38.17999999999938,0.09979046621266507,42.73999999999978,0.9333177351427359,7.489999999999782,17.278999999999815,0.348,-1.0,,,12,0,5.0,2026
2026-05-05 12:00:00+00:00|1.0|vol_trans_follow_h1_high_cooling_h12_tp06_sl065,2026-05-05 12:00:00+00:00,STAGE28A,data/reports/stage28a_discovery_factory_batch_runner/stage28a_exact_trades.csv,volatility_transition_v1,vol_trans_follow_h1_high_cooling_h12_tp06_sl065,-5.554874999999447,-6.604874999999447,-7.304874999999447,0,0,0,1,6.604874999999447,128.5099999999993,32.99000000000069,0.5216732343134185,32.52000000000044,0.6685116851168634,14.13000000000011,17.10599999999995,0.32,1.0,,,12,1,5.0,2026
2026-05-06 12:00:00+00:00|1.0|vol_trans_follow_h1_high_cooling_h12_tp06_sl065,2026-05-06 12:00:00+00:00,STAGE28A,data/reports/stage28a_discovery_factory_batch_runner/stage28a_exact_trades.csv,volatility_transition_v1,vol_trans_follow_h1_high_cooling_h12_tp06_sl065,5.44780000000028,4.397800000000279,3.69780000000028,1,1,1,0,4.397800000000279,72.96000000000004,105.18000000000029,0.6700893706027788,65.11000000000058,0.8944862540316274,30.789999999999964,18.20449999999987,0.5,1.0,,,12,2,5.0,2026
2026-05-07 12:00:00+00:00|-1.0|vol_trans_follow_h1_high_cooling_h12_tp06_sl065,2026-05-07 12:00:00+00:00,STAGE28A,data/reports/stage28a_discovery_factory_batch_runner/stage28a_exact_trades.csv,volatility_transition_v1,vol_trans_follow_h1_high_cooling_h12_tp06_sl065,5.65420000000031,4.60420000000031,3.9042000000003103,1,1,1,0,4.60420000000031,176.60000000000036,35.909999999999854,0.12252854358116552,61.06999999999971,0.48747339119043176,22.650000000000546,17.736999999999945,0.384,-1.0,,,12,3,5.0,2026
2026-05-08 12:00:00+00:00|1.0|vol_trans_follow_h1_high_cooling_h12_tp06_sl065,2026-05-08 12:00:00+00:00,STAGE28A,data/reports/stage28a_discovery_factory_batch_runner/stage28a_exact_trades.csv,volatility_transition_v1,vol_trans_follow_h1_high_cooling_h12_tp06_sl065,-6.380375000000276,-7.430375000000277,-8.130375000000276,0,0,0,1,7.430375000000277,80.0,50.93000000000029,0.6630669546436154,37.44000000000051,0.20619658119658518,16.780000000000655,23.060000000000127,0.992,1.0,,,12,4,5.0,2026
2026-05-11 12:00:00+00:00|-1.0|vol_trans_follow_h1_high_cooling_h12_tp06_sl065,2026-05-11 12:00:00+00:00,STAGE28A,data/reports/stage28a_discovery_factory_batch_runner/stage28a_exact_trades.csv,volatility_transition_v1,vol_trans_follow_h1_high_cooling_h12_tp06_sl065,4.488700000000245,3.438700000000245,2.738700000000245,1,1,1,0,3.438700000000245,22.93000000000029,35.22999999999956,0.3735452739142781,32.529999999999745,0.6889025514909324,14.470000000000255,18.375999999999976,0.476,-1.0,,,12,0,5.0,2026
2026-05-12 12:00:00+00:00|1.0|vol_trans_follow_h1_high_cooling_h12_tp06_sl065,2026-05-12 12:00:00+00:00,STAGE28A,data/reports/stage28a_discovery_factory_batch_runner/stage28a_exact_trades.csv,volatility_transition_v1,vol_trans_follow_h1_high_cooling_h12_tp06_sl065,4.606600000000436,3.556600000000435,2.8566000000004355,1,1,1,0,3.556600000000435,103.15999999999985,55.06999999999971,0.5616488106046932,43.150000000000546,0.48528389339511785,9.430000000000291,19.012000000000036,0.48,1.0,,,12,1,5.0,2026
2026-05-13 12:00:00+00:00|-1.0|vol_trans_follow_h1_high_cooling_h12_tp06_sl065,2026-05-13 12:00:00+00:00,STAGE28A,data/reports/stage28a_discovery_factory_batch_runner/stage28a_exact_trades.csv,volatility_transition_v1,vol_trans_follow_h1_high_cooling_h12_tp06_sl065,-5.005300000000352,-6.0553000000003525,-6.755300000000352,0,0,0,1,6.0553000000003525,134.8199999999997,38.69000000000051,0.5420005169294386,29.390000000000327,0.16570261993874913,9.789999999999964,15.846500000000015,0.116,-1.0,,,12,2,5.0,2026
2026-05-14 12:00:00+00:00|1.0|vol_trans_follow_h1_high_cooling_h12_tp06_sl065,2026-05-14 12:00:00+00:00,STAGE28A,data/reports/stage28a_discovery_factory_batch_runner/stage28a_exact_trades.csv,volatility_transition_v1,vol_trans_follow_h1_high_cooling_h12_tp06_sl065,5.57529999999988,4.525299999999879,3.82529999999988,1,1,1,0,4.525299999999879,57.02000000000044,32.970000000000255,0.7546254170457967,49.600000000000364,0.49818548387096484,14.63000000000011,17.600500000000057,0.34,1.0,,,12,3,5.0,2026
2026-05-15 12:00:00+00:00|-1.0|vol_trans_follow_h1_high_cooling_h12_tp06_sl065,2026-05-15 12:00:00+00:00,STAGE28A,data/reports/stage28a_discovery_factory_batch_runner/stage28a_exact_trades.csv,volatility_transition_v1,vol_trans_follow_h1_high_cooling_h12_tp06_sl065,-9.002149999999892,-10.052149999999893,-10.752149999999892,0,0,0,1,10.052149999999893,74.1200000000008,57.9399999999996,0.8066965826717312,89.64999999999964,0.7779141104294486,21.56999999999971,21.18699999999999,0.872,-1.0,,,12,4,5.0,2026
2026-05-19 12:00:00+00:00|-1.0|vol_trans_follow_h1_high_cooling_h12_tp06_sl065,2026-05-19 12:00:00+00:00,STAGE28A,data/reports/stage28a_discovery_factory_batch_runner/stage28a_exact_trades.csv,volatility_transition_v1,vol_trans_follow_h1_high_cooling_h12_tp06_sl065,-6.581549999999515,-7.631549999999516,-8.331549999999515,0,0,0,1,7.631549999999516,103.57999999999993,45.600000000000364,0.634210526315786,28.25999999999931,0.11075725406936256,22.69000000000051,18.02049999999995,0.324,-1.0,,,12,1,5.0,2026
2026-05-20 12:00:00+00:00|1.0|vol_trans_follow_h1_high_cooling_h12_tp06_sl065,2026-05-20 12:00:00+00:00,STAGE28A,data/reports/stage28a_discovery_factory_batch_runner/stage28a_exact_trades.csv,volatility_transition_v1,vol_trans_follow_h1_high_cooling_h12_tp06_sl065,5.272599999999693,4.222599999999693,3.5225999999996933,1,1,1,0,4.222599999999693,124.22000000000025,55.14000000000033,0.37413855640188587,34.54999999999927,0.6208393632416865,13.0600000000004,21.069000000000095,0.7,1.0,,,12,2,5.0,2026
2026-05-21 12:00:00+00:00|1.0|vol_trans_follow_h1_high_cooling_h12_tp06_sl065,2026-05-21 12:00:00+00:00,STAGE28A,data/reports/stage28a_discovery_factory_batch_runner/stage28a_exact_trades.csv,volatility_transition_v1,vol_trans_follow_h1_high_cooling_h12_tp06_sl065,-6.0111750000001845,-7.061175000000185,-7.761175000000184,0,0,0,1,7.061175000000185,98.85000000000036,43.460000000000036,0.26346065347445485,31.13000000000011,0.08833922261484067,18.38000000000011,19.53149999999996,0.512,1.0,,,12,3,5.0,2026
2026-05-22 12:00:00+00:00|-1.0|vol_trans_follow_h1_high_cooling_h12_tp06_sl065,2026-05-22 12:00:00+00:00,STAGE28A,data/reports/stage28a_discovery_factory_batch_runner/stage28a_exact_trades.csv,volatility_transition_v1,vol_trans_follow_h1_high_cooling_h12_tp06_sl065,-5.537649999999848,-6.587649999999849,-7.287649999999848,0,0,0,1,6.587649999999849,81.88999999999942,27.229999999999563,0.5233198677928839,28.420000000000073,0.09570724841661674,13.979999999999563,16.46399999999985,0.092,-1.0,,,12,4,5.0,2026
2026-05-25 12:00:00+00:00|-1.0|vol_trans_follow_h1_high_cooling_h12_tp06_sl065,2026-05-25 12:00:00+00:00,STAGE28A,data/reports/stage28a_discovery_factory_batch_runner/stage28a_exact_trades.csv,volatility_transition_v1,vol_trans_follow_h1_high_cooling_h12_tp06_sl065,-4.021524999999746,-5.071524999999747,-5.771524999999746,0,0,0,1,5.071524999999747,23.219999999999345,37.50999999999931,0.1343641695547869,18.550000000000182,0.42318059299188016,11.640000000000327,14.026999999999907,0.008,-1.0,,,12,0,5.0,2026
2026-05-26 12:00:00+00:00|-1.0|vol_trans_follow_h1_high_cooling_h12_tp06_sl065,2026-05-26 12:00:00+00:00,STAGE28A,data/reports/stage28a_discovery_factory_batch_runner/stage28a_exact_trades.csv,volatility_transition_v1,vol_trans_follow_h1_high_cooling_h12_tp06_sl065,-5.121324999999706,-6.171324999999706,-6.871324999999706,0,0,0,1,6.171324999999706,37.50999999999931,52.36999999999989,0.6265037235058329,30.970000000000255,0.6293186955117733,18.799999999999272,13.93199999999988,0.096,-1.0,,,12,1,5.0,2026
2026-05-27 12:00:00+00:00|1.0|vol_trans_follow_h1_high_cooling_h12_tp06_sl065,2026-05-27 12:00:00+00:00,STAGE28A,data/reports/stage28a_discovery_factory_batch_runner/stage28a_exact_trades.csv,volatility_transition_v1,vol_trans_follow_h1_high_cooling_h12_tp06_sl065,4.577200000000085,3.5272000000000845,2.8272000000000848,1,1,1,0,3.5272000000000845,97.72000000000025,31.00999999999931,0.44953240890035184,41.44000000000051,0.16674710424709868,16.709999999999127,15.934500000000025,0.228,1.0,,,12,2,5.0,2026
2026-05-28 12:00:00+00:00|-1.0|vol_trans_follow_h1_high_cooling_h12_tp06_sl065,2026-05-28 12:00:00+00:00,STAGE28A,data/reports/stage28a_discovery_factory_batch_runner/stage28a_exact_trades.csv,volatility_transition_v1,vol_trans_follow_h1_high_cooling_h12_tp06_sl065,-6.0907999999995805,-7.140799999999581,-7.8407999999995805,0,0,0,1,7.140799999999581,126.31999999999971,97.43000000000029,0.8483013445550589,32.26000000000022,0.5855548667079755,8.989999999999782,18.55799999999981,0.52,-1.0,,,12,3,5.0,2026
2026-05-29 12:00:00+00:00|-1.0|vol_trans_follow_h1_high_cooling_h12_tp06_sl065,2026-05-29 12:00:00+00:00,STAGE28A,data/reports/stage28a_discovery_factory_batch_runner/stage28a_exact_trades.csv,volatility_transition_v1,vol_trans_follow_h1_high_cooling_h12_tp06_sl065,4.570900000000075,3.5209000000000743,2.8209000000000746,1,1,1,0,3.5209000000000743,149.91000000000076,31.609999999999673,0.3144574501739862,38.23000000000047,0.7737379021710583,14.950000000000728,16.15900000000006,0.16,-1.0,,,12,4,5.0,2026
2026-06-01 12:00:00+00:00|-1.0|vol_trans_follow_h1_high_cooling_h12_tp06_sl065,2026-06-01 12:00:00+00:00,STAGE28A,data/reports/stage28a_discovery_factory_batch_runner/stage28a_exact_trades.csv,volatility_transition_v1,vol_trans_follow_h1_high_cooling_h12_tp06_sl065,-5.069325000000026,-6.1193250000000265,-6.819325000000026,0,0,0,1,6.1193250000000265,22.170000000000073,36.05999999999949,0.5268996117581882,35.95000000000073,0.56383866481224,13.729999999999563,17.2375,0.372,-1.0,,,12,0,6.0,2026
2026-06-02 12:00:00+00:00|-1.0|vol_trans_follow_h1_high_cooling_h12_tp06_sl065,2026-06-02 12:00:00+00:00,STAGE28A,data/reports/stage28a_discovery_factory_batch_runner/stage28a_exact_trades.csv,volatility_transition_v1,vol_trans_follow_h1_high_cooling_h12_tp06_sl065,3.836200000000099,2.786200000000099,2.0862000000000998,1,1,1,0,2.786200000000099,98.14999999999964,36.25,0.3817931034482799,43.899999999999636,0.6999999999999958,13.13000000000011,17.06349999999993,0.428,-1.0,,,12,1,6.0,2026
2026-06-03 12:00:00+00:00|-1.0|vol_trans_follow_h1_high_cooling_h12_tp06_sl065,2026-06-03 12:00:00+00:00,STAGE28A,data/reports/stage28a_discovery_factory_batch_runner/stage28a_exact_trades.csv,volatility_transition_v1,vol_trans_follow_h1_high_cooling_h12_tp06_sl065,5.523700000000099,4.473700000000099,3.7737000000000993,1,1,1,0,4.473700000000099,78.61999999999989,34.289999999999964,0.01574803149608847,49.039999999999964,0.8429853181076709,18.850000000000364,15.719999999999937,0.256,-1.0,,,12,2,6.0,2026
2026-06-04 12:00:00+00:00|1.0|vol_trans_follow_h1_high_cooling_h12_tp06_sl065,2026-06-04 12:00:00+00:00,STAGE28A,data/reports/stage28a_discovery_factory_batch_runner/stage28a_exact_trades.csv,volatility_transition_v1,vol_trans_follow_h1_high_cooling_h12_tp06_sl065,4.081900000000497,3.0319000000004963,2.331900000000497,1,1,1,0,3.0319000000004963,70.15000000000055,52.960000000000036,0.2736027190332283,25.360000000000582,0.2602523659305719,10.610000000000582,18.18199999999997,0.684,1.0,,,12,3,6.0,2026
2026-06-05 12:00:00+00:00|1.0|vol_trans_follow_h1_high_cooling_h12_tp06_sl065,2026-06-05 12:00:00+00:00,STAGE28A,data/reports/stage28a_discovery_factory_batch_runner/stage28a_exact_trades.csv,volatility_transition_v1,vol_trans_follow_h1_high_cooling_h12_tp06_sl065,-5.400175000000308,-6.450175000000309,-7.150175000000308,0,0,0,1,6.450175000000309,91.14999999999964,46.159999999999854,0.5955372616984373,40.38999999999942,0.5570685813320209,9.430000000000291,14.831000000000177,0.192,1.0,,,12,4,6.0,2026
2026-06-09 12:00:00+00:00|1.0|vol_trans_follow_h1_high_cooling_h12_tp06_sl065,2026-06-09 12:00:00+00:00,STAGE28A,data/reports/stage28a_discovery_factory_batch_runner/stage28a_exact_trades.csv,volatility_transition_v1,vol_trans_follow_h1_high_cooling_h12_tp06_sl065,4.419400000000133,3.3694000000001325,2.6694000000001328,1,1,1,0,3.3694000000001325,84.51999999999953,29.149999999999636,0.2957118353344768,30.11999999999989,0.13313413014609007,15.489999999999782,14.515499999999793,0.108,1.0,,,12,1,6.0,2026
2022-05-05 12:00:00+00:00|1.0|liq_pdh_breakout_follow_h12_tp06_sl065,2022-05-05 12:00:00+00:00,STAGE28A,data/reports/stage28a_discovery_factory_batch_runner/stage28a_exact_trades.csv,liquidity_sweep_regime_v1,liq_pdh_breakout_follow_h12_tp06_sl065,-2.039350000000104,-3.089350000000104,-3.789350000000104,0,0,0,1,3.089350000000104,28.319999999999936,21.529999999999973,0.8569437993497477,12.660000000000082,0.2993680884676097,5.759999999999991,6.41600000000002,0.9090909090909091,1.0,,,12,3,5.0,2022
2022-05-17 12:00:00+00:00|1.0|liq_pdh_breakout_follow_h12_tp06_sl065,2022-05-17 12:00:00+00:00,STAGE28A,data/reports/stage28a_discovery_factory_batch_runner/stage28a_exact_trades.csv,liquidity_sweep_regime_v1,liq_pdh_breakout_follow_h12_tp06_sl065,-1.7910499999999048,-2.8410499999999046,-3.5410499999999043,0,0,0,0,2.8410499999999046,40.070000000000164,7.480000000000018,0.24064171122993985,7.629999999999882,0.7404980340760391,5.269999999999982,4.784500000000014,0.096,1.0,,,12,1,5.0,2022
2022-05-19 12:00:00+00:00|1.0|liq_pdh_breakout_follow_h12_tp06_sl065,2022-05-19 12:00:00+00:00,STAGE28A,data/reports/stage28a_discovery_factory_batch_runner/stage28a_exact_trades.csv,liquidity_sweep_regime_v1,liq_pdh_breakout_follow_h12_tp06_sl065,-1.988650000000098,-3.0386500000000978,-3.7386500000000975,0,0,0,0,3.0386500000000978,17.430000000000064,3.7799999999999727,0.27777777777776774,19.279999999999973,0.7012448132780084,12.210000000000036,4.17299999999999,0.016,1.0,,,12,3,5.0,2022
2022-05-23 12:00:00+00:00|1.0|liq_pdh_breakout_follow_h12_tp06_sl065,2022-05-23 12:00:00+00:00,STAGE28A,data/reports/stage28a_discovery_factory_batch_runner/stage28a_exact_trades.csv,liquidity_sweep_regime_v1,liq_pdh_breakout_follow_h12_tp06_sl065,-1.9272249999999984,-2.9772249999999985,-3.677224999999998,0,0,0,0,2.9772249999999985,5.880000000000109,11.5,0.5826086956521779,13.299999999999955,0.7541353383458652,7.100000000000136,4.8905000000000545,0.272,1.0,,,12,0,5.0,2022
2022-05-27 12:00:00+00:00|1.0|liq_pdh_breakout_follow_h12_tp06_sl065,2022-05-27 12:00:00+00:00,STAGE28A,data/reports/stage28a_discovery_factory_batch_runner/stage28a_exact_trades.csv,liquidity_sweep_regime_v1,liq_pdh_breakout_follow_h12_tp06_sl065,-1.5810999999999695,-2.6310999999999694,-3.331099999999969,0,0,0,0,2.6310999999999694,13.589999999999918,8.430000000000064,0.3760379596678317,8.480000000000018,0.4846698113207687,3.740000000000009,3.6970000000000027,0.06,1.0,,,12,4,5.0,2022
2022-05-30 12:00:00+00:00|1.0|liq_pdh_breakout_follow_h12_tp06_sl065,2022-05-30 12:00:00+00:00,STAGE28A,data/reports/stage28a_discovery_factory_batch_runner/stage28a_exact_trades.csv,liquidity_sweep_regime_v1,liq_pdh_breakout_follow_h12_tp06_sl065,-1.4855499999999666,-2.5355499999999664,-3.235549999999966,0,0,0,0,2.5355499999999664,3.0699999999999363,12.720000000000027,0.7641509433962269,7.75,0.30967741935485044,3.8600000000001273,3.6020000000000096,0.044,1.0,,,12,0,5.0,2022
2022-06-02 12:00:00+00:00|1.0|liq_pdh_breakout_follow_h12_tp06_sl065,2022-06-02 12:00:00+00:00,STAGE28A,data/reports/stage28a_discovery_factory_batch_runner/stage28a_exact_trades.csv,liquidity_sweep_regime_v1,liq_pdh_breakout_follow_h12_tp06_sl065,0.6276999999999134,-0.4223000000000865,-1.1223000000000862,0,0,0,0,0.4223000000000865,21.49000000000001,4.849999999999909,0.4659793814433058,10.8599999999999,0.8508287292817767,2.1299999999998818,3.385499999999979,0.052,1.0,,,12,3,6.0,2022
2022-06-20 12:00:00+00:00|1.0|liq_pdh_breakout_follow_h12_tp06_sl065,2022-06-20 12:00:00+00:00,STAGE28A,data/reports/stage28a_discovery_factory_batch_runner/stage28a_exact_trades.csv,liquidity_sweep_regime_v1,liq_pdh_breakout_follow_h12_tp06_sl065,-1.6499999999999546,-2.6999999999999544,-3.399999999999954,0,0,0,0,2.6999999999999544,5.519999999999982,11.340000000000146,0.43033509700176775,6.120000000000118,0.5065359477124308,2.130000000000109,4.505500000000007,0.464,1.0,,,12,0,6.0,2022
2022-06-27 12:00:00+00:00|1.0|liq_pdh_breakout_follow_h12_tp06_sl065,2022-06-27 12:00:00+00:00,STAGE28A,data/reports/stage28a_discovery_factory_batch_runner/stage28a_exact_trades.csv,liquidity_sweep_regime_v1,liq_pdh_breakout_follow_h12_tp06_sl065,0.8775999999999385,-0.1724000000000614,-0.8724000000000611,0,0,0,0,0.1724000000000614,4.920000000000073,8.6400000000001,0.12268518518520377,7.1599999999998545,0.34636871508380845,6.509999999999991,4.540999999999974,0.36,1.0,,,12,0,6.0,2022
2022-07-18 12:00:00+00:00|1.0|liq_pdh_breakout_follow_h12_tp06_sl065,2022-07-18 12:00:00+00:00,STAGE28A,data/reports/stage28a_discovery_factory_batch_runner/stage28a_exact_trades.csv,liquidity_sweep_regime_v1,liq_pdh_breakout_follow_h12_tp06_sl065,-1.6812000000000809,-2.7312000000000807,-3.4312000000000804,0,0,0,0,2.7312000000000807,3.1399999999998727,11.819999999999936,0.5972927241962953,12.009999999999991,0.5029142381348849,2.1700000000000728,4.102499999999997,0.304,1.0,,,12,0,7.0,2022
2022-07-22 12:00:00+00:00|1.0|liq_pdh_breakout_follow_h12_tp06_sl065,2022-07-22 12:00:00+00:00,STAGE28A,data/reports/stage28a_discovery_factory_batch_runner/stage28a_exact_trades.csv,liquidity_sweep_regime_v1,liq_pdh_breakout_follow_h12_tp06_sl065,0.8655999999999949,-0.184400000000005,-0.8844000000000047,0,0,0,0,0.184400000000005,39.34999999999991,6.4500000000000455,0.5581395348837029,12.649999999999864,0.8426877470355887,3.75,4.2940000000000165,0.46,1.0,,,12,4,7.0,2022
2022-07-25 12:00:00+00:00|1.0|liq_pdh_breakout_follow_h12_tp06_sl065,2022-07-25 12:00:00+00:00,STAGE28A,data/reports/stage28a_discovery_factory_batch_runner/stage28a_exact_trades.csv,liquidity_sweep_regime_v1,liq_pdh_breakout_follow_h12_tp06_sl065,-1.4735249999999724,-2.5235249999999723,-3.223524999999972,0,0,0,0,2.5235249999999723,1.5700000000001637,8.950000000000045,0.13854748603351988,12.480000000000018,0.5993589743589749,4.970000000000027,4.344500000000005,0.436,1.0,,,12,0,7.0,2022
2022-07-28 12:00:00+00:00|1.0|liq_pdh_breakout_follow_h12_tp06_sl065,2022-07-28 12:00:00+00:00,STAGE28A,data/reports/stage28a_discovery_factory_batch_runner/stage28a_exact_trades.csv,liquidity_sweep_regime_v1,liq_pdh_breakout_follow_h12_tp06_sl065,0.9483999999999014,-0.1016000000000985,-0.8016000000000982,0,0,0,0,0.1016000000000985,28.660000000000082,7.730000000000018,0.18111254851230113,13.089999999999918,0.32773109243697407,5.169999999999845,4.837999999999999,0.736,1.0,,,12,3,7.0,2022
2022-07-29 12:00:00+00:00|1.0|liq_pdh_breakout_follow_h12_tp06_sl065,2022-07-29 12:00:00+00:00,STAGE28A,data/reports/stage28a_discovery_factory_batch_runner/stage28a_exact_trades.csv,liquidity_sweep_regime_v1,liq_pdh_breakout_follow_h12_tp06_sl065,0.933999999999878,-0.1160000000001217,-0.8160000000001215,0,0,0,0,0.1160000000001217,23.1400000000001,11.269999999999982,0.6752440106477295,11.579999999999927,0.22625215889465758,4.569999999999936,4.194999999999982,0.512,1.0,,,12,4,7.0,2022
2022-08-01 12:00:00+00:00|1.0|liq_pdh_breakout_follow_h12_tp06_sl065,2022-08-01 12:00:00+00:00,STAGE28A,data/reports/stage28a_discovery_factory_batch_runner/stage28a_exact_trades.csv,liquidity_sweep_regime_v1,liq_pdh_breakout_follow_h12_tp06_sl065,0.7984000000000379,-0.2515999999999621,-0.9515999999999618,0,0,0,0,0.2515999999999621,2.3300000000001546,5.310000000000173,0.20527306967982725,15.36999999999989,0.7391021470396865,4.8900000000001,4.195000000000027,0.532,1.0,,,12,0,8.0,2022
2022-08-04 12:00:00+00:00|1.0|liq_pdh_breakout_follow_h12_tp06_sl065,2022-08-04 12:00:00+00:00,STAGE28A,data/reports/stage28a_discovery_factory_batch_runner/stage28a_exact_trades.csv,liquidity_sweep_regime_v1,liq_pdh_breakout_follow_h12_tp06_sl065,-1.5297500000000128,-2.5797500000000126,-3.2797500000000124,0,0,0,0,2.5797500000000126,18.460000000000036,8.320000000000164,0.889423076923043,11.079999999999927,0.8086642599278064,4.1400000000001,3.7015000000000327,0.156,1.0,,,12,3,8.0,2022
2022-08-09 12:00:00+00:00|1.0|liq_pdh_breakout_follow_h12_tp06_sl065,2022-08-09 12:00:00+00:00,STAGE28A,data/reports/stage28a_discovery_factory_batch_runner/stage28a_exact_trades.csv,liquidity_sweep_regime_v1,liq_pdh_breakout_follow_h12_tp06_sl065,-1.6067750000000616,-2.6567750000000614,-3.356775000000061,0,0,0,0,2.6567750000000614,19.449999999999818,7.440000000000055,0.3360215053763416,9.8599999999999,0.5324543610547722,6.940000000000055,3.2850000000000024,0.068,1.0,,,12,1,8.0,2022
2022-08-12 22:45:00+00:00|1.0|liq_pdh_breakout_follow_h12_tp06_sl065,2022-08-12 22:45:00+00:00,STAGE28A,data/reports/stage28a_discovery_factory_batch_runner/stage28a_exact_trades.csv,liquidity_sweep_regime_v1,liq_pdh_breakout_follow_h12_tp06_sl065,-0.35,-1.4,-2.1,0,0,0,0,1.4,15.679999999999836,5.190000000000055,0.6358381502890019,8.059999999999945,0.440446650124095,3.6800000000000637,4.034999999999991,0.452,1.0,,,12,4,8.0,2022
2022-08-25 12:00:00+00:00|1.0|liq_pdh_breakout_follow_h12_tp06_sl065,2022-08-25 12:00:00+00:00,STAGE28A,data/reports/stage28a_discovery_factory_batch_runner/stage28a_exact_trades.csv,liquidity_sweep_regime_v1,liq_pdh_breakout_follow_h12_tp06_sl065,-1.4218500000000405,-2.4718500000000403,-3.17185000000004,0,0,0,0,2.4718500000000403,13.490000000000009,7.819999999999936,0.6598465473145647,9.720000000000027,0.7150205761316899,3.4299999999998363,3.345999999999992,0.292,1.0,,,12,3,8.0,2022
2022-09-05 12:00:00+00:00|1.0|liq_pdh_breakout_follow_h12_tp06_sl065,2022-09-05 12:00:00+00:00,STAGE28A,data/reports/stage28a_discovery_factory_batch_runner/stage28a_exact_trades.csv,liquidity_sweep_regime_v1,liq_pdh_breakout_follow_h12_tp06_sl065,0.7231000000000677,-0.3268999999999322,-1.026899999999932,0,0,0,0,0.3268999999999322,1.9400000000000546,5.160000000000082,0.354651162790722,6.2999999999999545,0.3365079365079216,3.380000000000109,3.6535000000000197,0.424,1.0,,,12,0,9.0,2022
2022-09-08 12:00:00+00:00|1.0|liq_pdh_breakout_follow_h12_tp06_sl065,2022-09-08 12:00:00+00:00,STAGE28A,data/reports/stage28a_discovery_factory_batch_runner/stage28a_exact_trades.csv,liquidity_sweep_regime_v1,liq_pdh_breakout_follow_h12_tp06_sl065,0.7680999999999131,-0.2819000000000868,-0.9819000000000866,0,0,0,0,0.2819000000000868,28.09999999999991,5.789999999999964,0.6269430051813699,8.8900000000001,0.6850393700787488,3.3299999999999272,3.8310000000000173,0.464,1.0,,,12,3,9.0,2022
2022-09-09 12:00:00+00:00|1.0|liq_pdh_breakout_follow_h12_tp06_sl065,2022-09-09 12:00:00+00:00,STAGE28A,data/reports/stage28a_discovery_factory_batch_runner/stage28a_exact_trades.csv,liquidity_sweep_regime_v1,liq_pdh_breakout_follow_h12_tp06_sl065,0.8994999999998982,-0.1505000000001017,-0.8505000000001015,0,0,0,0,0.1505000000001017,24.13000000000011,12.230000000000018,0.821749795584623,11.269999999999982,0.7080745341614935,2.6200000000001182,3.667999999999995,0.324,1.0,,,12,4,9.0,2022
2022-09-12 12:00:00+00:00|1.0|liq_pdh_breakout_follow_h12_tp06_sl065,2022-09-12 12:00:00+00:00,STAGE28A,data/reports/stage28a_discovery_factory_batch_runner/stage28a_exact_trades.csv,liquidity_sweep_regime_v1,liq_pdh_breakout_follow_h12_tp06_sl065,-1.8082749999999577,-2.8582749999999577,-3.558274999999957,0,0,0,0,2.8582749999999577,3.480000000000018,7.889999999999873,0.7553865652725137,15.549999999999955,0.7491961414790931,3.9200000000000728,3.933499999999981,0.444,1.0,,,12,0,9.0,2022
2022-09-26 12:00:00+00:00|1.0|liq_pdh_breakout_follow_h12_tp06_sl065,2022-09-26 12:00:00+00:00,STAGE28A,data/reports/stage28a_discovery_factory_batch_runner/stage28a_exact_trades.csv,liquidity_sweep_regime_v1,liq_pdh_breakout_follow_h12_tp06_sl065,-2.618824999999879,-3.668824999999879,-4.368824999999879,0,0,0,1,3.668824999999879,5.389999999999873,19.279999999999973,0.29253112033195583,15.199999999999818,0.22434210526316598,4.809999999999945,6.820499999999981,0.944,1.0,,,12,0,9.0,2022
2022-09-30 12:00:00+00:00|1.0|liq_pdh_breakout_follow_h12_tp06_sl065,2022-09-30 12:00:00+00:00,STAGE28A,data/reports/stage28a_discovery_factory_batch_runner/stage28a_exact_trades.csv,liquidity_sweep_regime_v1,liq_pdh_breakout_follow_h12_tp06_sl065,1.1781999999999695,0.1281999999999699,-0.5718000000000298,1,0,0,0,0.1281999999999699,23.40000000000009,5.970000000000027,0.15577889447237175,12.980000000000018,0.41063174114022705,4.539999999999964,4.628499999999974,0.388,1.0,,,12,4,9.0,2022
2022-10-04 12:00:00+00:00|1.0|liq_pdh_breakout_follow_h12_tp06_sl065,2022-10-04 12:00:00+00:00,STAGE28A,data/reports/stage28a_discovery_factory_batch_runner/stage28a_exact_trades.csv,liquidity_sweep_regime_v1,liq_pdh_breakout_follow_h12_tp06_sl065,1.3099000000001069,0.259900000000107,-0.4400999999998927,1,0,1,0,0.259900000000107,41.819999999999936,7.339999999999918,0.08446866485012232,13.170000000000073,0.6522399392558748,4.259999999999991,5.775000000000011,0.648,1.0,,,12,1,10.0,2022
2022-10-17 12:00:00+00:00|1.0|liq_pdh_breakout_follow_h12_tp06_sl065,2022-10-17 12:00:00+00:00,STAGE28A,data/reports/stage28a_discovery_factory_batch_runner/stage28a_exact_trades.csv,liquidity_sweep_regime_v1,liq_pdh_breakout_follow_h12_tp06_sl065,0.9949000000000524,-0.0550999999999475,-0.7550999999999473,0,0,0,0,0.0550999999999475,4.039999999999964,9.529999999999973,0.4952780692549885,9.61999999999989,0.7079002079002102,4.2000000000000455,4.9164999999999965,0.456,1.0,,,12,0,10.0,2022
2022-10-26 12:00:00+00:00|1.0|liq_pdh_breakout_follow_h12_tp06_sl065,2022-10-26 12:00:00+00:00,STAGE28A,data/reports/stage28a_discovery_factory_batch_runner/stage28a_exact_trades.csv,liquidity_sweep_regime_v1,liq_pdh_breakout_follow_h12_tp06_sl065,1.1028999999999995,0.0528999999999997,-0.6471,1,0,0,0,0.0528999999999997,24.060000000000173,7.880000000000109,0.5862944162436329,19.779999999999973,0.6400404448938257,4.240000000000009,4.604000000000019,0.496,1.0,,,12,2,10.0,2022
2022-11-01 12:00:00+00:00|1.0|liq_pdh_breakout_follow_h12_tp06_sl065,2022-11-01 12:00:00+00:00,STAGE28A,data/reports/stage28a_discovery_factory_batch_runner/stage28a_exact_trades.csv,liquidity_sweep_regime_v1,liq_pdh_breakout_follow_h12_tp06_sl065,1.0918000000000574,0.0418000000000575,-0.6581999999999422,1,0,0,0,0.0418000000000575,13.779999999999973,9.440000000000055,0.5889830508474484,15.150000000000091,0.8686468646864538,5.069999999999936,3.6395000000000324,0.084,1.0,,,12,1,11.0,2022
2022-11-04 12:00:00+00:00|1.0|liq_pdh_breakout_follow_h12_tp06_sl065,2022-11-04 12:00:00+00:00,STAGE28A,data/reports/stage28a_discovery_factory_batch_runner/stage28a_exact_trades.csv,liquidity_sweep_regime_v1,liq_pdh_breakout_follow_h12_tp06_sl065,1.1373999999999795,0.0873999999999797,-0.61260000000002,1,0,0,0,0.0873999999999797,24.37999999999988,18.419999999999845,0.9799131378935997,8.700000000000045,0.3218390804597632,8.700000000000045,4.2875,0.4,1.0,,,12,4,11.0,2022
2022-11-11 12:00:00+00:00|1.0|liq_pdh_breakout_follow_h12_tp06_sl065,2022-11-11 12:00:00+00:00,STAGE28A,data/reports/stage28a_discovery_factory_batch_runner/stage28a_exact_trades.csv,liquidity_sweep_regime_v1,liq_pdh_breakout_follow_h12_tp06_sl065,-2.615249999999924,-3.665249999999924,-4.365249999999923,0,0,0,1,3.665249999999924,53.33999999999992,7.350000000000136,0.11020408163264359,14.100000000000136,0.3702127659574452,5.129999999999882,5.887000000000012,0.924,1.0,,,12,4,11.0,2022
2022-11-11 22:45:00+00:00|1.0|liq_pdh_breakout_follow_h12_tp06_sl065,2022-11-11 22:45:00+00:00,STAGE28A,data/reports/stage28a_discovery_factory_batch_runner/stage28a_exact_trades.csv,liquidity_sweep_regime_v1,liq_pdh_breakout_follow_h12_tp06_sl065,-0.35,-1.4,-2.1,0,0,0,0,1.4,53.33999999999992,7.350000000000136,0.11020408163264359,14.100000000000136,0.3702127659574452,3.5699999999999363,6.103000000000032,0.96,1.0,,,12,4,11.0,2022
2022-11-15 12:00:00+00:00|1.0|liq_pdh_breakout_follow_h12_tp06_sl065,2022-11-15 12:00:00+00:00,STAGE28A,data/reports/stage28a_discovery_factory_batch_runner/stage28a_exact_trades.csv,liquidity_sweep_regime_v1,liq_pdh_breakout_follow_h12_tp06_sl065,-2.104024999999956,-3.154024999999956,-3.854024999999956,0,0,0,1,3.154024999999956,21.77000000000021,5.259999999999991,0.26615969581750826,15.680000000000064,0.36926020408162885,6.019999999999982,4.5020000000000095,0.46,1.0,,,12,1,11.0,2022
2022-11-24 12:00:00+00:00|1.0|liq_pdh_breakout_follow_h12_tp06_sl065,2022-11-24 12:00:00+00:00,STAGE28A,data/reports/stage28a_discovery_factory_batch_runner/stage28a_exact_trades.csv,liquidity_sweep_regime_v1,liq_pdh_breakout_follow_h12_tp06_sl065,-1.4416749999998957,-2.4916749999998955,-3.1916749999998952,0,0,0,0,2.4916749999998955,27.230000000000018,7.830000000000155,0.43550446998720144,6.160000000000082,0.07142857142857933,2.5799999999999272,3.7930000000000064,0.204,1.0,,,12,3,11.0,2022
2022-11-28 12:00:00+00:00|1.0|liq_pdh_breakout_follow_h12_tp06_sl065,2022-11-28 12:00:00+00:00,STAGE28A,data/reports/stage28a_discovery_factory_batch_runner/stage28a_exact_trades.csv,liquidity_sweep_regime_v1,liq_pdh_breakout_follow_h12_tp06_sl065,0.9802000000001044,-0.0697999999998955,-0.7697999999998952,0,0,0,0,0.0697999999998955,5.539999999999964,9.789999999999964,0.06230847803880513,15.220000000000027,0.6005256241787177,3.8300000000001546,4.240499999999974,0.604,1.0,,,12,0,11.0,2022
2022-11-30 12:00:00+00:00|1.0|liq_pdh_breakout_follow_h12_tp06_sl065,2022-11-30 12:00:00+00:00,STAGE28A,data/reports/stage28a_discovery_factory_batch_runner/stage28a_exact_trades.csv,liquidity_sweep_regime_v1,liq_pdh_breakout_follow_h12_tp06_sl065,0.7066000000001168,-0.3433999999998831,-1.0433999999998829,0,0,0,0,0.3433999999998831,19.48999999999978,7.899999999999864,0.6734177215190197,10.210000000000036,0.4338883447600216,3.150000000000091,3.249000000000001,0.16,1.0,,,12,2,11.0,2022
2022-12-01 12:00:00+00:00|1.0|liq_pdh_breakout_follow_h12_tp06_sl065,2022-12-01 12:00:00+00:00,STAGE28A,data/reports/stage28a_discovery_factory_batch_runner/stage28a_exact_trades.csv,liquidity_sweep_regime_v1,liq_pdh_breakout_follow_h12_tp06_sl065,-1.9099999999999453,-2.9599999999999453,-3.659999999999945,0,0,0,0,2.9599999999999453,28.529999999999973,11.8599999999999,0.5202360876897238,9.029999999999973,0.33111849390919357,2.4200000000000728,5.577499999999986,0.968,1.0,,,12,3,12.0,2022
2022-12-19 12:00:00+00:00|1.0|liq_pdh_breakout_follow_h12_tp06_sl065,2022-12-19 12:00:00+00:00,STAGE28A,data/reports/stage28a_discovery_factory_batch_runner/stage28a_exact_trades.csv,liquidity_sweep_regime_v1,liq_pdh_breakout_follow_h12_tp06_sl065,0.7170999999999822,-0.3329000000000177,-1.0329000000000177,0,0,0,0,0.3329000000000177,2.3400000000001455,5.970000000000027,0.32160804020101574,8.4699999999998,0.3471074380165436,3.2799999999999727,3.939500000000021,0.396,1.0,,,12,0,12.0,2022
2022-12-20 12:00:00+00:00|1.0|liq_pdh_breakout_follow_h12_tp06_sl065,2022-12-20 12:00:00+00:00,STAGE28A,data/reports/stage28a_discovery_factory_batch_runner/stage28a_exact_trades.csv,liquidity_sweep_regime_v1,liq_pdh_breakout_follow_h12_tp06_sl065,-2.054300000000103,-3.104300000000103,-3.804300000000103,0,0,0,1,3.104300000000103,15.0,11.589999999999918,0.2683347713546289,20.910000000000082,0.7723577235772371,6.100000000000136,4.336500000000001,0.612,1.0,,,12,1,12.0,2022
2022-12-27 12:00:00+00:00|1.0|liq_pdh_breakout_follow_h12_tp06_sl065,2022-12-27 12:00:00+00:00,STAGE28A,data/reports/stage28a_discovery_factory_batch_runner/stage28a_exact_trades.csv,liquidity_sweep_regime_v1,liq_pdh_breakout_follow_h12_tp06_sl065,-1.3464500000000954,-2.3964500000000952,-3.096450000000095,0,0,0,0,2.3964500000000952,4.339999999999918,6.7999999999999545,0.47205882352938683,6.039999999999964,0.6026490066225367,3.480000000000018,3.3944999999999594,0.256,1.0,,,12,1,12.0,2022
2023-01-03 12:00:00+00:00|1.0|liq_pdh_breakout_follow_h12_tp06_sl065,2023-01-03 12:00:00+00:00,STAGE28A,data/reports/stage28a_discovery_factory_batch_runner/stage28a_exact_trades.csv,liquidity_sweep_regime_v1,liq_pdh_breakout_follow_h12_tp06_sl065,-2.404975000000013,-3.454975000000013,-4.154975000000013,0,0,0,1,3.454975000000013,6.660000000000082,19.40000000000009,0.5649484536082466,16.24000000000001,0.3663793103448302,7.210000000000036,5.280999999999994,0.96,1.0,,,12,1,1.0,2023
2023-01-04 12:00:00+00:00|1.0|liq_pdh_breakout_follow_h12_tp06_sl065,2023-01-04 12:00:00+00:00,STAGE28A,data/reports/stage28a_discovery_factory_batch_runner/stage28a_exact_trades.csv,liquidity_sweep_regime_v1,liq_pdh_breakout_follow_h12_tp06_sl065,-2.071524999999929,-3.1215249999999286,-3.821524999999928,0,0,0,1,3.1215249999999286,26.210000000000036,12.019999999999982,0.8460898502495914,20.410000000000082,0.5982361587457122,3.410000000000082,5.186500000000012,0.872,1.0,,,12,2,1.0,2023
2023-01-09 12:00:00+00:00|1.0|liq_pdh_breakout_follow_h12_tp06_sl065,2023-01-09 12:00:00+00:00,STAGE28A,data/reports/stage28a_discovery_factory_batch_runner/stage28a_exact_trades.csv,liquidity_sweep_regime_v1,liq_pdh_breakout_follow_h12_tp06_sl065,1.0582000000000789,0.008200000000079,-0.6917999999999207,1,0,0,0,0.008200000000079,3.5799999999999272,13.239999999999782,0.554380664652571,9.680000000000064,0.556818181818165,3.4200000000000728,5.210499999999979,0.748,1.0,,,12,0,1.0,2023
2023-01-11 12:00:00+00:00|1.0|liq_pdh_breakout_follow_h12_tp06_sl065,2023-01-11 12:00:00+00:00,STAGE28A,data/reports/stage28a_discovery_factory_batch_runner/stage28a_exact_trades.csv,liquidity_sweep_regime_v1,liq_pdh_breakout_follow_h12_tp06_sl065,0.9543999999999868,-0.095600000000013,-0.7956000000000127,0,0,0,0,0.095600000000013,12.879999999999882,6.419999999999845,0.09813084112151468,9.120000000000118,0.7565789473683963,3.3300000000001546,3.859999999999991,0.296,1.0,,,12,2,1.0,2023
2023-01-13 12:00:00+00:00|1.0|liq_pdh_breakout_follow_h12_tp06_sl065,2023-01-13 12:00:00+00:00,STAGE28A,data/reports/stage28a_discovery_factory_batch_runner/stage28a_exact_trades.csv,liquidity_sweep_regime_v1,liq_pdh_breakout_follow_h12_tp06_sl065,1.2196000000000369,0.1696000000000368,-0.5303999999999629,1,0,1,0,0.1696000000000368,32.710000000000036,6.089999999999918,0.33004926108374677,17.37999999999988,0.575949367088611,5.769999999999982,5.647999999999991,0.836,1.0,,,12,4,1.0,2023
2023-01-23 12:00:00+00:00|1.0|liq_pdh_breakout_follow_h12_tp06_sl065,2023-01-23 12:00:00+00:00,STAGE28A,data/reports/stage28a_discovery_factory_batch_runner/stage28a_exact_trades.csv,liquidity_sweep_regime_v1,liq_pdh_breakout_follow_h12_tp06_sl065,-1.9668749999999364,-3.016874999999936,-3.716874999999936,0,0,0,0,3.016874999999936,4.019999999999982,11.819999999999936,0.19204737732656463,10.940000000000055,0.28519195612430304,3.9299999999998363,4.377499999999986,0.404,1.0,,,12,0,1.0,2023
2023-01-24 12:00:00+00:00|1.0|liq_pdh_breakout_follow_h12_tp06_sl065,2023-01-24 12:00:00+00:00,STAGE28A,data/reports/stage28a_discovery_factory_batch_runner/stage28a_exact_trades.csv,liquidity_sweep_regime_v1,liq_pdh_breakout_follow_h12_tp06_sl065,0.8698000000000775,-0.1801999999999224,-0.8801999999999222,0,0,0,0,0.1801999999999224,24.169999999999845,6.519999999999982,0.21012269938648692,9.960000000000036,0.5672690763052051,4.269999999999982,4.543999999999983,0.524,1.0,,,12,1,1.0,2023
2023-02-02 12:00:00+00:00|1.0|liq_pdh_breakout_follow_h12_tp06_sl065,2023-02-02 12:00:00+00:00,STAGE28A,data/reports/stage28a_discovery_factory_batch_runner/stage28a_exact_trades.csv,liquidity_sweep_regime_v1,liq_pdh_breakout_follow_h12_tp06_sl065,-1.920075000000088,-2.970075000000088,-3.670075000000088,0,0,0,0,2.970075000000088,33.47000000000003,7.100000000000136,0.0408450704225293,8.519999999999982,0.08098591549296433,3.8299999999999272,6.222000000000025,0.976,1.0,,,12,3,2.0,2023
2023-02-06 12:00:00+00:00|1.0|liq_pdh_breakout_follow_h12_tp06_sl065,2023-02-06 12:00:00+00:00,STAGE28A,data/reports/stage28a_discovery_factory_batch_runner/stage28a_exact_trades.csv,liquidity_sweep_regime_v1,liq_pdh_breakout_follow_h12_tp06_sl065,-2.05982499999991,-3.1098249999999097,-3.809824999999909,0,0,0,1,3.1098249999999097,10.089999999999918,18.769999999999982,0.6904635055940357,11.180000000000064,0.549194991055462,8.549999999999955,6.329499999999996,0.88,1.0,,,12,0,2.0,2023
2023-02-08 12:00:00+00:00|1.0|liq_pdh_breakout_follow_h12_tp06_sl065,2023-02-08 12:00:00+00:00,STAGE28A,data/reports/stage28a_discovery_factory_batch_runner/stage28a_exact_trades.csv,liquidity_sweep_regime_v1,liq_pdh_breakout_follow_h12_tp06_sl065,1.3075000000000272,0.2575000000000274,-0.4424999999999723,1,0,1,0,0.2575000000000274,19.3599999999999,7.039999999999964,0.6022727272727316,13.2199999999998,0.2798789712556809,3.4500000000000455,6.265499999999963,0.828,1.0,,,12,2,2.0,2023
2023-02-20 12:00:00+00:00|1.0|liq_pdh_breakout_follow_h12_tp06_sl065,2023-02-20 12:00:00+00:00,STAGE28A,data/reports/stage28a_discovery_factory_batch_runner/stage28a_exact_trades.csv,liquidity_sweep_regime_v1,liq_pdh_breakout_follow_h12_tp06_sl065,-1.5485999999999422,-2.598599999999942,-3.298599999999942,0,0,0,0,2.598599999999942,3.3700000000001182,7.559999999999945,0.5052910052910006,6.3599999999999,0.1289308176100549,2.5499999999999545,3.93599999999999,0.072,1.0,,,12,0,2.0,2023
2023-03-01 12:00:00+00:00|1.0|liq_pdh_breakout_follow_h12_tp06_sl065,2023-03-01 12:00:00+00:00,STAGE28A,data/reports/stage28a_discovery_factory_batch_runner/stage28a_exact_trades.csv,liquidity_sweep_regime_v1,liq_pdh_breakout_follow_h12_tp06_sl065,0.9273999999999432,-0.1226000000000566,-0.8226000000000564,0,0,0,0,0.1226000000000566,26.559999999999945,8.710000000000036,0.5051664753157373,8.179999999999836,0.6002444987775003,7.559999999999945,3.9029999999999405,0.436,1.0,,,12,2,3.0,2023
2023-03-03 12:00:00+00:00|1.0|liq_pdh_breakout_follow_h12_tp06_sl065,2023-03-03 12:00:00+00:00,STAGE28A,data/reports/stage28a_discovery_factory_batch_runner/stage28a_exact_trades.csv,liquidity_sweep_regime_v1,liq_pdh_breakout_follow_h12_tp06_sl065,0.6496000000001004,-0.4003999999998995,-1.1003999999998992,0,0,0,0,0.4003999999998995,8.949999999999818,6.009999999999991,0.09816971713812753,9.990000000000009,0.8508508508508501,3.259999999999991,3.120499999999981,0.124,1.0,,,12,4,3.0,2023
2023-03-10 22:45:00+00:00|1.0|liq_pdh_breakout_follow_h12_tp06_sl065,2023-03-10 22:45:00+00:00,STAGE28A,data/reports/stage28a_discovery_factory_batch_runner/stage28a_exact_trades.csv,liquidity_sweep_regime_v1,liq_pdh_breakout_follow_h12_tp06_sl065,-2.3513500000000023,-3.401350000000002,-4.101350000000002,0,0,0,1,3.401350000000002,23.679999999999836,7.129999999999882,0.25385694249649027,8.730000000000018,0.345933562428405,3.939999999999827,6.0380000000000225,1.0,1.0,,,12,4,3.0,2023
2023-03-17 12:00:00+00:00|1.0|liq_pdh_breakout_follow_h12_tp06_sl065,2023-03-17 12:00:00+00:00,STAGE28A,data/reports/stage28a_discovery_factory_batch_runner/stage28a_exact_trades.csv,liquidity_sweep_regime_v1,liq_pdh_breakout_follow_h12_tp06_sl065,1.161400000000094,0.1114000000000943,-0.5885999999999054,1,0,0,0,0.1114000000000943,25.8599999999999,12.769999999999982,0.8300704776820792,6.980000000000018,0.04154727793695743,4.809999999999945,4.847999999999968,0.572,1.0,,,12,4,3.0,2023
2023-03-17 22:45:00+00:00|1.0|liq_pdh_breakout_follow_h12_tp06_sl065,2023-03-17 22:45:00+00:00,STAGE28A,data/reports/stage28a_discovery_factory_batch_runner/stage28a_exact_trades.csv,liquidity_sweep_regime_v1,liq_pdh_breakout_follow_h12_tp06_sl065,-3.573999999999933,-4.623999999999933,-5.323999999999932,0,0,0,1,4.623999999999933,25.8599999999999,12.769999999999982,0.8300704776820792,6.980000000000018,0.04154727793695743,10.960000000000036,7.446499999999958,0.816,1.0,,,12,4,3.0,2023
2023-03-23 12:00:00+00:00|1.0|liq_pdh_breakout_follow_h12_tp06_sl065,2023-03-23 12:00:00+00:00,STAGE28A,data/reports/stage28a_discovery_factory_batch_runner/stage28a_exact_trades.csv,liquidity_sweep_regime_v1,liq_pdh_breakout_follow_h12_tp06_sl065,1.679500000000098,0.6295000000000983,-0.0704999999999014,1,0,1,0,0.6295000000000983,44.49000000000001,13.700000000000045,0.5751824817518143,9.3599999999999,0.01816239316240113,3.9299999999998363,7.823000000000002,0.704,1.0,,,12,3,3.0,2023
2023-04-12 12:00:00+00:00|1.0|liq_pdh_breakout_follow_h12_tp06_sl065,2023-04-12 12:00:00+00:00,STAGE28A,data/reports/stage28a_discovery_factory_batch_runner/stage28a_exact_trades.csv,liquidity_sweep_regime_v1,liq_pdh_breakout_follow_h12_tp06_sl065,-1.715974999999935,-2.765974999999935,-3.4659749999999345,0,0,0,0,2.765974999999935,18.610000000000127,16.36999999999989,0.8173488087965912,12.539999999999964,0.4976076555023945,4.709999999999809,4.030999999999961,0.232,1.0,,,12,2,4.0,2023
2023-04-17 12:00:00+00:00|1.0|liq_pdh_breakout_follow_h12_tp06_sl065,2023-04-17 12:00:00+00:00,STAGE28A,data/reports/stage28a_discovery_factory_batch_runner/stage28a_exact_trades.csv,liquidity_sweep_regime_v1,liq_pdh_breakout_follow_h12_tp06_sl065,-1.951274999999987,-3.001274999999987,-3.7012749999999865,0,0,0,0,3.001274999999987,7.0,10.759999999999991,0.30669144981412244,11.329999999999927,0.5216240070608907,4.430000000000064,6.118000000000018,0.788,1.0,,,12,0,4.0,2023
2023-04-24 12:00:00+00:00|1.0|liq_pdh_breakout_follow_h12_tp06_sl065,2023-04-24 12:00:00+00:00,STAGE28A,data/reports/stage28a_discovery_factory_batch_runner/stage28a_exact_trades.csv,liquidity_sweep_regime_v1,liq_pdh_breakout_follow_h12_tp06_sl065,0.9850000000000364,-0.0649999999999635,-0.7649999999999633,0,0,0,0,0.0649999999999635,3.790000000000191,6.7999999999999545,0.4735294117647131,10.459999999999809,0.22179732313575323,4.410000000000082,5.368000000000018,0.588,1.0,,,12,0,4.0,2023
2023-05-08 12:00:00+00:00|1.0|liq_pdh_breakout_follow_h12_tp06_sl065,2023-05-08 12:00:00+00:00,STAGE28A,data/reports/stage28a_discovery_factory_batch_runner/stage28a_exact_trades.csv,liquidity_sweep_regime_v1,liq_pdh_breakout_follow_h12_tp06_sl065,0.5820999999999913,-0.4679000000000086,-1.1679000000000084,0,0,0,0,0.4679000000000086,3.8199999999999363,9.689999999999827,0.8926728586171329,4.629999999999882,0.12526997840176446,3.099999999999909,4.463499999999977,0.24,1.0,,,12,0,5.0,2023
2023-05-15 12:00:00+00:00|1.0|liq_pdh_breakout_follow_h12_tp06_sl065,2023-05-15 12:00:00+00:00,STAGE28A,data/reports/stage28a_discovery_factory_batch_runner/stage28a_exact_trades.csv,liquidity_sweep_regime_v1,liq_pdh_breakout_follow_h12_tp06_sl065,-1.594425000000092,-2.644425000000092,-3.344425000000092,0,0,0,0,2.644425000000092,4.789999999999964,11.710000000000036,0.2613151152860748,7.720000000000027,0.3121761658031183,3.8299999999999272,4.288499999999999,0.328,1.0,,,12,0,5.0,2023
2023-05-22 12:00:00+00:00|1.0|liq_pdh_breakout_follow_h12_tp06_sl065,2023-05-22 12:00:00+00:00,STAGE28A,data/reports/stage28a_discovery_factory_batch_runner/stage28a_exact_trades.csv,liquidity_sweep_regime_v1,liq_pdh_breakout_follow_h12_tp06_sl065,-1.6886749999999666,-2.7386749999999664,-3.438674999999966,0,0,0,0,2.7386749999999664,4.360000000000127,6.099999999999909,0.3639344262295181,11.349999999999909,0.16123348017620634,5.620000000000118,5.354000000000019,0.812,1.0,,,12,0,5.0,2023
2023-06-12 12:00:00+00:00|1.0|liq_pdh_breakout_follow_h12_tp06_sl065,2023-06-12 12:00:00+00:00,STAGE28A,data/reports/stage28a_discovery_factory_batch_runner/stage28a_exact_trades.csv,liquidity_sweep_regime_v1,liq_pdh_breakout_follow_h12_tp06_sl065,0.7213000000000648,-0.3286999999999351,-1.0286999999999349,0,0,0,0,0.3286999999999351,1.740000000000009,6.239999999999782,0.06891025641026903,9.049999999999955,0.7502762430939224,5.240000000000009,3.434999999999957,0.248,1.0,,,12,0,6.0,2023
2023-06-16 12:00:00+00:00|1.0|liq_pdh_breakout_follow_h12_tp06_sl065,2023-06-16 12:00:00+00:00,STAGE28A,data/reports/stage28a_discovery_factory_batch_runner/stage28a_exact_trades.csv,liquidity_sweep_regime_v1,liq_pdh_breakout_follow_h12_tp06_sl065,0.8398000000001048,-0.2101999999998951,-0.9101999999998948,0,0,0,0,0.2101999999998951,35.600000000000136,6.8900000000001,0.27576197387519064,10.069999999999936,0.7636544190665445,4.029999999999973,4.221000000000027,0.6,1.0,,,12,4,6.0,2023
2023-06-26 12:00:00+00:00|1.0|liq_pdh_breakout_follow_h12_tp06_sl065,2023-06-26 12:00:00+00:00,STAGE28A,data/reports/stage28a_discovery_factory_batch_runner/stage28a_exact_trades.csv,liquidity_sweep_regime_v1,liq_pdh_breakout_follow_h12_tp06_sl065,-1.4940000000000055,-2.5440000000000054,-3.244000000000005,0,0,0,0,2.5440000000000054,3.490000000000009,5.870000000000118,0.12776831345825979,11.200000000000045,0.3928571428571494,4.430000000000064,3.8724999999999907,0.448,1.0,,,12,0,6.0,2023
2023-07-11 12:00:00+00:00|1.0|liq_pdh_breakout_follow_h12_tp06_sl065,2023-07-11 12:00:00+00:00,STAGE28A,data/reports/stage28a_discovery_factory_batch_runner/stage28a_exact_trades.csv,liquidity_sweep_regime_v1,liq_pdh_breakout_follow_h12_tp06_sl065,-1.7335249999999631,-2.783524999999963,-3.483524999999963,0,0,0,0,2.783524999999963,15.459999999999809,4.690000000000055,0.3432835820895754,11.970000000000027,0.9598997493734321,5.389999999999873,3.3870000000000005,0.412,1.0,,,12,1,7.0,2023
2023-07-13 12:00:00+00:00|1.0|liq_pdh_breakout_follow_h12_tp06_sl065,2023-07-13 12:00:00+00:00,STAGE28A,data/reports/stage28a_discovery_factory_batch_runner/stage28a_exact_trades.csv,liquidity_sweep_regime_v1,liq_pdh_breakout_follow_h12_tp06_sl065,0.8574999999999818,-0.1925000000000181,-0.8925000000000178,0,0,0,0,0.1925000000000181,27.560000000000173,6.690000000000055,0.38415545590432215,8.11999999999989,0.035714285714281716,2.589999999999918,3.8634999999999993,0.708,1.0,,,12,3,7.0,2023
2023-07-17 12:00:00+00:00|1.0|liq_pdh_breakout_follow_h12_tp06_sl065,2023-07-17 12:00:00+00:00,STAGE28A,data/reports/stage28a_discovery_factory_batch_runner/stage28a_exact_trades.csv,liquidity_sweep_regime_v1,liq_pdh_breakout_follow_h12_tp06_sl065,0.6868000000000848,-0.3631999999999151,-1.0631999999999149,0,0,0,0,0.3631999999999151,2.8300000000001546,4.990000000000009,0.1923847695390851,8.600000000000136,0.7697674418604666,5.5,3.594999999999982,0.596,1.0,,,12,0,7.0,2023
2023-07-18 12:00:00+00:00|1.0|liq_pdh_breakout_follow_h12_tp06_sl065,2023-07-18 12:00:00+00:00,STAGE28A,data/reports/stage28a_discovery_factory_batch_runner/stage28a_exact_trades.csv,liquidity_sweep_regime_v1,liq_pdh_breakout_follow_h12_tp06_sl065,0.5854000000000724,-0.4645999999999275,-1.1645999999999272,0,0,0,0,0.4645999999999275,14.089999999999918,6.839999999999918,0.7046783625730986,6.329999999999927,0.513428120063197,2.5,2.645000000000016,0.152,1.0,,,12,1,7.0,2023
2023-07-20 12:00:00+00:00|1.0|liq_pdh_breakout_follow_h12_tp06_sl065,2023-07-20 12:00:00+00:00,STAGE28A,data/reports/stage28a_discovery_factory_batch_runner/stage28a_exact_trades.csv,liquidity_sweep_regime_v1,liq_pdh_breakout_follow_h12_tp06_sl065,0.8139999999999873,-0.2360000000000126,-0.9360000000000124,0,0,0,0,0.2360000000000126,11.170000000000073,11.850000000000136,0.6607594936708915,7.610000000000127,0.5611038107753138,5.690000000000055,3.4020000000000437,0.356,1.0,,,12,3,7.0,2023
2023-07-24 12:00:00+00:00|1.0|liq_pdh_breakout_follow_h12_tp06_sl065,2023-07-24 12:00:00+00:00,STAGE28A,data/reports/stage28a_discovery_factory_batch_runner/stage28a_exact_trades.csv,liquidity_sweep_regime_v1,liq_pdh_breakout_follow_h12_tp06_sl065,-1.541775000000007,-2.591775000000007,-3.2917750000000066,0,0,0,0,2.591775000000007,2.3999999999998636,3.759999999999991,0.4840425531914736,8.310000000000173,0.6413959085439283,4.519999999999982,3.1549999999999727,0.188,1.0,,,12,0,7.0,2023
2023-07-26 12:00:00+00:00|1.0|liq_pdh_breakout_follow_h12_tp06_sl065,2023-07-26 12:00:00+00:00,STAGE28A,data/reports/stage28a_discovery_factory_batch_runner/stage28a_exact_trades.csv,liquidity_sweep_regime_v1,liq_pdh_breakout_follow_h12_tp06_sl065,0.5110000000001037,-0.5389999999998962,-1.238999999999896,0,0,0,0,0.5389999999998962,14.290000000000191,4.230000000000018,0.14184397163118356,10.13000000000011,0.7423494570582331,2.380000000000109,2.991500000000008,0.148,1.0,,,12,2,7.0,2023
2023-08-22 12:00:00+00:00|1.0|liq_pdh_breakout_follow_h12_tp06_sl065,2023-08-22 12:00:00+00:00,STAGE28A,data/reports/stage28a_discovery_factory_batch_runner/stage28a_exact_trades.csv,liquidity_sweep_regime_v1,liq_pdh_breakout_follow_h12_tp06_sl065,0.6019000000000233,-0.4480999999999766,-1.1480999999999764,0,0,0,0,0.4480999999999766,14.160000000000082,3.6100000000001273,0.2576177285318645,9.980000000000018,0.6863727454909716,3.939999999999827,3.1185000000000285,0.544,1.0,,,12,1,8.0,2023
2023-08-23 12:00:00+00:00|1.0|liq_pdh_breakout_follow_h12_tp06_sl065,2023-08-23 12:00:00+00:00,STAGE28A,data/reports/stage28a_discovery_factory_batch_runner/stage28a_exact_trades.csv,liquidity_sweep_regime_v1,liq_pdh_breakout_follow_h12_tp06_sl065,-1.3006249999999455,-2.3506249999999453,-3.050624999999945,0,0,0,0,2.3506249999999453,15.450000000000045,5.879999999999882,0.6309523809523998,4.910000000000082,0.25050916496944964,2.0,2.411000000000024,0.056,1.0,,,12,2,8.0,2023
2023-08-24 12:00:00+00:00|1.0|liq_pdh_breakout_follow_h12_tp06_sl065,2023-08-24 12:00:00+00:00,STAGE28A,data/reports/stage28a_discovery_factory_batch_runner/stage28a_exact_trades.csv,liquidity_sweep_regime_v1,liq_pdh_breakout_follow_h12_tp06_sl065,-1.3217499999999291,-2.371749999999929,-3.0717499999999287,0,0,0,0,2.371749999999929,23.429999999999836,6.710000000000036,0.5722801788375744,3.6400000000001,0.36263736263739765,2.480000000000018,2.926999999999964,0.308,1.0,,,12,3,8.0,2023
2023-09-04 12:00:00+00:00|1.0|liq_pdh_breakout_follow_h12_tp06_sl065,2023-09-04 12:00:00+00:00,STAGE28A,data/reports/stage28a_discovery_factory_batch_runner/stage28a_exact_trades.csv,liquidity_sweep_regime_v1,liq_pdh_breakout_follow_h12_tp06_sl065,-0.95612500000002,-2.00612500000002,-2.70612500000002,0,0,0,0,2.00612500000002,1.0,6.720000000000027,0.8005952380952173,5.430000000000064,0.7219152854511601,1.8100000000001728,2.7930000000000064,0.496,1.0,,,12,0,9.0,2023
2023-09-08 12:00:00+00:00|1.0|liq_pdh_breakout_follow_h12_tp06_sl065,2023-09-08 12:00:00+00:00,STAGE28A,data/reports/stage28a_discovery_factory_batch_runner/stage28a_exact_trades.csv,liquidity_sweep_regime_v1,liq_pdh_breakout_follow_h12_tp06_sl065,-1.0071500000000015,-2.0571500000000014,-2.757150000000001,0,0,0,0,2.0571500000000014,7.3599999999999,8.149999999999864,0.6343558282208506,3.8600000000001273,0.07512953367874457,1.4300000000000637,2.346000000000015,0.324,1.0,,,12,4,9.0,2023
2023-09-11 12:00:00+00:00|1.0|liq_pdh_breakout_follow_h12_tp06_sl065,2023-09-11 12:00:00+00:00,STAGE28A,data/reports/stage28a_discovery_factory_batch_runner/stage28a_exact_trades.csv,liquidity_sweep_regime_v1,liq_pdh_breakout_follow_h12_tp06_sl065,0.5586999999999535,-0.4913000000000465,-1.1913000000000462,0,0,0,0,0.4913000000000465,2.5599999999999454,7.430000000000064,0.6850605652759222,7.740000000000009,0.2777777777777598,2.410000000000082,3.1224999999999907,0.856,1.0,,,12,0,9.0,2023
2023-09-15 12:00:00+00:00|1.0|liq_pdh_breakout_follow_h12_tp06_sl065,2023-09-15 12:00:00+00:00,STAGE28A,data/reports/stage28a_discovery_factory_batch_runner/stage28a_exact_trades.csv,liquidity_sweep_regime_v1,liq_pdh_breakout_follow_h12_tp06_sl065,0.4552000000000135,-0.5947999999999865,-1.2947999999999862,0,0,0,0,0.5947999999999865,11.819999999999936,6.240000000000009,0.8461538461538406,4.680000000000064,0.521367521367526,1.7100000000000364,2.8135000000000217,0.652,1.0,,,12,4,9.0,2023
2023-09-18 12:00:00+00:00|1.0|liq_pdh_breakout_follow_h12_tp06_sl065,2023-09-18 12:00:00+00:00,STAGE28A,data/reports/stage28a_discovery_factory_batch_runner/stage28a_exact_trades.csv,liquidity_sweep_regime_v1,liq_pdh_breakout_follow_h12_tp06_sl065,-1.0789749999999914,-2.128974999999991,-2.828974999999991,0,0,0,0,2.128974999999991,1.2699999999999818,6.9500000000000455,0.7381294964028886,5.480000000000018,0.3357664233576897,1.5599999999999454,2.717500000000007,0.544,1.0,,,12,0,9.0,2023
2023-09-19 12:00:00+00:00|1.0|liq_pdh_breakout_follow_h12_tp06_sl065,2023-09-19 12:00:00+00:00,STAGE28A,data/reports/stage28a_discovery_factory_batch_runner/stage28a_exact_trades.csv,liquidity_sweep_regime_v1,liq_pdh_breakout_follow_h12_tp06_sl065,-0.9863499999999932,-2.036349999999993,-2.7363499999999927,0,0,0,0,2.036349999999993,11.730000000000018,2.8200000000001637,0.4893617021275892,5.589999999999918,0.5348837209302013,1.5900000000001455,2.1115000000000235,0.148,1.0,,,12,1,9.0,2023
2023-10-11 12:00:00+00:00|1.0|liq_pdh_breakout_follow_h12_tp06_sl065,2023-10-11 12:00:00+00:00,STAGE28A,data/reports/stage28a_discovery_factory_batch_runner/stage28a_exact_trades.csv,liquidity_sweep_regime_v1,liq_pdh_breakout_follow_h12_tp06_sl065,-1.4403749999999946,-2.4903749999999945,-3.190374999999994,0,0,0,0,2.4903749999999945,12.330000000000155,2.790000000000191,0.11111111111116544,12.52000000000021,0.831469648562293,2.9500000000000455,2.9119999999999893,0.112,1.0,,,12,2,10.0,2023
2023-10-12 12:00:00+00:00|1.0|liq_pdh_breakout_follow_h12_tp06_sl065,2023-10-12 12:00:00+00:00,STAGE28A,data/reports/stage28a_discovery_factory_batch_runner/stage28a_exact_trades.csv,liquidity_sweep_regime_v1,liq_pdh_breakout_follow_h12_tp06_sl065,0.4914999999999964,-0.5585000000000035,-1.2585000000000033,0,0,0,0,0.5585000000000035,18.6400000000001,5.0499999999999545,0.6079207920792008,5.900000000000091,0.5610169491525244,2.849999999999909,2.830999999999983,0.052,1.0,,,12,3,10.0,2023
2023-10-18 12:00:00+00:00|1.0|liq_pdh_breakout_follow_h12_tp06_sl065,2023-10-18 12:00:00+00:00,STAGE28A,data/reports/stage28a_discovery_factory_batch_runner/stage28a_exact_trades.csv,liquidity_sweep_regime_v1,liq_pdh_breakout_follow_h12_tp06_sl065,0.7416999999999462,-0.3083000000000537,-1.0083000000000537,0,0,0,0,0.3083000000000537,19.200000000000045,19.519999999999982,0.6444672131147626,11.029999999999973,0.630099728014491,2.509999999999991,4.400499999999999,0.772,1.0,,,12,2,10.0,2023
2023-10-20 12:00:00+00:00|1.0|liq_pdh_breakout_follow_h12_tp06_sl065,2023-10-20 12:00:00+00:00,STAGE28A,data/reports/stage28a_discovery_factory_batch_runner/stage28a_exact_trades.csv,liquidity_sweep_regime_v1,liq_pdh_breakout_follow_h12_tp06_sl065,-1.7413250000000515,-2.791325000000052,-3.4913250000000517,0,0,0,0,2.791325000000052,32.50999999999999,10.069999999999936,0.5233366434955328,11.190000000000055,0.4387846291331395,5.089999999999918,5.863999999999999,0.92,1.0,,,12,4,10.0,2023
2023-10-23 12:00:00+00:00|1.0|liq_pdh_breakout_follow_h12_tp06_sl065,2023-10-23 12:00:00+00:00,STAGE28A,data/reports/stage28a_discovery_factory_batch_runner/stage28a_exact_trades.csv,liquidity_sweep_regime_v1,liq_pdh_breakout_follow_h12_tp06_sl065,0.7957000000000335,-0.2542999999999664,-0.9542999999999662,0,0,0,0,0.2542999999999664,16.730000000000018,16.730000000000018,0.16198445905559075,10.169999999999845,0.40019665683384714,2.8900000000001,7.0005,0.96,1.0,,,12,0,10.0,2023
2023-10-26 12:00:00+00:00|1.0|liq_pdh_breakout_follow_h12_tp06_sl065,2023-10-26 12:00:00+00:00,STAGE28A,data/reports/stage28a_discovery_factory_batch_runner/stage28a_exact_trades.csv,liquidity_sweep_regime_v1,liq_pdh_breakout_follow_h12_tp06_sl065,0.8040999999999713,-0.2459000000000286,-0.9459000000000284,0,0,0,0,0.2459000000000286,24.13000000000011,7.869999999999891,0.6569250317661902,9.559999999999945,0.3650627615062792,4.789999999999964,5.618000000000029,0.732,1.0,,,12,3,10.0,2023
2023-11-15 12:00:00+00:00|1.0|liq_pdh_breakout_follow_h12_tp06_sl065,2023-11-15 12:00:00+00:00,STAGE28A,data/reports/stage28a_discovery_factory_batch_runner/stage28a_exact_trades.csv,liquidity_sweep_regime_v1,liq_pdh_breakout_follow_h12_tp06_sl065,-1.3952000000000226,-2.4452000000000225,-3.145200000000022,0,0,0,0,2.4452000000000225,33.81000000000017,6.400000000000091,0.7859374999999845,8.25,0.6848484848484683,2.1900000000000546,3.2765000000000213,0.2,1.0,,,12,2,11.0,2023
2023-11-17 12:00:00+00:00|1.0|liq_pdh_breakout_follow_h12_tp06_sl065,2023-11-17 12:00:00+00:00,STAGE28A,data/reports/stage28a_discovery_factory_batch_runner/stage28a_exact_trades.csv,liquidity_sweep_regime_v1,liq_pdh_breakout_follow_h12_tp06_sl065,-1.4988750000000892,-2.548875000000089,-3.2488750000000888,0,0,0,0,2.548875000000089,31.529999999999973,6.4099999999998545,0.5351014040561843,10.810000000000173,0.5383903792784314,4.160000000000082,3.644999999999982,0.404,1.0,,,12,4,11.0,2023
2023-11-20 12:00:00+00:00|1.0|liq_pdh_breakout_follow_h12_tp06_sl065,2023-11-20 12:00:00+00:00,STAGE28A,data/reports/stage28a_discovery_factory_batch_runner/stage28a_exact_trades.csv,liquidity_sweep_regime_v1,liq_pdh_breakout_follow_h12_tp06_sl065,0.8187999999999193,-0.2312000000000806,-0.9312000000000804,0,0,0,0,0.2312000000000806,4.460000000000036,11.800000000000182,0.5805084745762545,8.240000000000009,0.6638349514563132,4.289999999999964,3.6120000000000116,0.372,1.0,,,12,0,11.0,2023
2023-11-21 12:00:00+00:00|1.0|liq_pdh_breakout_follow_h12_tp06_sl065,2023-11-21 12:00:00+00:00,STAGE28A,data/reports/stage28a_discovery_factory_batch_runner/stage28a_exact_trades.csv,liquidity_sweep_regime_v1,liq_pdh_breakout_follow_h12_tp06_sl065,-1.6178249999999026,-2.6678249999999024,-3.367824999999902,0,0,0,0,2.6678249999999024,19.700000000000045,17.019999999999982,0.6404230317273722,10.009999999999991,0.3466533466533497,4.360000000000127,4.28349999999997,0.86,1.0,,,12,1,11.0,2023
2023-11-27 12:00:00+00:00|1.0|liq_pdh_breakout_follow_h12_tp06_sl065,2023-11-27 12:00:00+00:00,STAGE28A,data/reports/stage28a_discovery_factory_batch_runner/stage28a_exact_trades.csv,liquidity_sweep_regime_v1,liq_pdh_breakout_follow_h12_tp06_sl065,0.6895000000000892,-0.3604999999999108,-1.0604999999999103,0,0,0,0,0.3604999999999108,3.6499999999998636,17.639999999999873,0.6031746031746132,6.789999999999964,0.22091310751104684,2.4700000000000273,3.718999999999994,0.474,1.0,,,12,0,11.0,2023
2023-12-01 12:00:00+00:00|1.0|liq_pdh_breakout_follow_h12_tp06_sl065,2023-12-01 12:00:00+00:00,STAGE28A,data/reports/stage28a_discovery_factory_batch_runner/stage28a_exact_trades.csv,liquidity_sweep_regime_v1,liq_pdh_breakout_follow_h12_tp06_sl065,0.6999999999999545,-0.3500000000000454,-1.0500000000000451,0,0,0,0,0.3500000000000454,16.060000000000173,6.800000000000182,0.0073529411764971415,10.539999999999964,0.34345351043642347,4.889999999999873,3.6529999999999747,0.344,1.0,,,12,4,12.0,2023
2023-12-14 12:00:00+00:00|1.0|liq_pdh_breakout_follow_h12_tp06_sl065,2023-12-14 12:00:00+00:00,STAGE28A,data/reports/stage28a_discovery_factory_batch_runner/stage28a_exact_trades.csv,liquidity_sweep_regime_v1,liq_pdh_breakout_follow_h12_tp06_sl065,1.457199999999966,0.4071999999999662,-0.2928000000000335,1,0,1,0,0.4071999999999662,60.16000000000008,14.930000000000064,0.10783657066308729,11.049999999999955,0.25610859728506236,4.059999999999945,7.282999999999992,0.848,1.0,,,12,3,12.0,2023
2023-12-18 12:00:00+00:00|1.0|liq_pdh_breakout_follow_h12_tp06_sl065,2023-12-18 12:00:00+00:00,STAGE28A,data/reports/stage28a_discovery_factory_batch_runner/stage28a_exact_trades.csv,liquidity_sweep_regime_v1,liq_pdh_breakout_follow_h12_tp06_sl065,-1.5898749999999835,-2.6398749999999835,-3.3398749999999837,0,0,0,0,2.6398749999999835,4.940000000000055,8.149999999999864,0.6920245398772966,8.159999999999854,0.45833333333334264,5.369999999999891,4.3124999999999885,0.276,1.0,,,12,0,12.0,2023
2023-12-22 12:00:00+00:00|1.0|liq_pdh_breakout_follow_h12_tp06_sl065,2023-12-22 12:00:00+00:00,STAGE28A,data/reports/stage28a_discovery_factory_batch_runner/stage28a_exact_trades.csv,liquidity_sweep_regime_v1,liq_pdh_breakout_follow_h12_tp06_sl065,-1.2164499999999865,-2.266449999999986,-2.966449999999986,0,0,0,0,2.266449999999986,21.38000000000011,8.6099999999999,0.3716608594657207,10.230000000000018,0.6021505376344377,3.0799999999999272,4.3089999999999575,0.552,1.0,,,12,4,12.0,2023
2023-12-26 12:00:00+00:00|1.0|liq_pdh_breakout_follow_h12_tp06_sl065,2023-12-26 12:00:00+00:00,STAGE28A,data/reports/stage28a_discovery_factory_batch_runner/stage28a_exact_trades.csv,liquidity_sweep_regime_v1,liq_pdh_breakout_follow_h12_tp06_sl065,0.4162000000000262,-0.6337999999999737,-1.3337999999999737,0,0,0,0,0.6337999999999737,4.400000000000091,11.75,0.775319148936181,4.380000000000109,0.0410958904109205,2.4200000000000728,3.904000000000019,0.372,1.0,,,12,1,12.0,2023
2024-01-02 12:00:00+00:00|1.0|liq_pdh_breakout_follow_h12_tp06_sl065,2024-01-02 12:00:00+00:00,STAGE28A,data/reports/stage28a_discovery_factory_batch_runner/stage28a_exact_trades.csv,liquidity_sweep_regime_v1,liq_pdh_breakout_follow_h12_tp06_sl065,0.9187000000000808,-0.1312999999999191,-0.8312999999999189,0,0,0,0,0.1312999999999191,3.199999999999818,8.299999999999727,0.7060240963855807,9.350000000000364,0.6844919786096088,5.559999999999945,3.8299999999999956,0.412,1.0,,,12,1,1.0,2024
2024-01-15 12:00:00+00:00|1.0|liq_pdh_breakout_follow_h12_tp06_sl065,2024-01-15 12:00:00+00:00,STAGE28A,data/reports/stage28a_discovery_factory_batch_runner/stage28a_exact_trades.csv,liquidity_sweep_regime_v1,liq_pdh_breakout_follow_h12_tp06_sl065,0.7062999999997374,-0.3437000000002626,-1.0437000000002623,0,0,0,0,0.3437000000002626,2.5499999999999545,12.220000000000027,0.5327332242226026,6.449999999999818,0.2,4.019999999999982,4.045500000000016,0.384,1.0,,,12,0,1.0,2024
2024-01-19 12:00:00+00:00|1.0|liq_pdh_breakout_follow_h12_tp06_sl065,2024-01-19 12:00:00+00:00,STAGE28A,data/reports/stage28a_discovery_factory_batch_runner/stage28a_exact_trades.csv,liquidity_sweep_regime_v1,liq_pdh_breakout_follow_h12_tp06_sl065,-1.4156750000000555,-2.465675000000056,-3.1656750000000557,0,0,0,0,2.465675000000056,18.389999999999873,4.880000000000109,0.594262295081926,10.550000000000182,0.8890995260663241,3.240000000000009,3.1815000000000166,0.108,1.0,,,12,4,1.0,2024
2024-01-29 12:00:00+00:00|1.0|liq_pdh_breakout_follow_h12_tp06_sl065,2024-01-29 12:00:00+00:00,STAGE28A,data/reports/stage28a_discovery_factory_batch_runner/stage28a_exact_trades.csv,liquidity_sweep_regime_v1,liq_pdh_breakout_follow_h12_tp06_sl065,-1.4182750000000852,-2.468275000000085,-3.1682750000000848,0,0,0,0,2.468275000000085,7.220000000000027,9.13000000000011,0.4928806133625352,9.209999999999809,0.1400651465798035,4.120000000000118,3.4339999999999917,0.26,1.0,,,12,0,1.0,2024
2024-02-15 12:00:00+00:00|1.0|liq_pdh_breakout_follow_h12_tp06_sl065,2024-02-15 12:00:00+00:00,STAGE28A,data/reports/stage28a_discovery_factory_batch_runner/stage28a_exact_trades.csv,liquidity_sweep_regime_v1,liq_pdh_breakout_follow_h12_tp06_sl065,0.33100000000004,-0.7189999999999599,-1.4189999999999596,0,0,0,0,0.7189999999999599,11.839999999999918,4.119999999999891,0.41262135922332294,6.5,0.6123076923076951,2.9299999999998363,2.872499999999968,0.112,1.0,,,12,3,2.0,2024
2024-02-19 12:00:00+00:00|1.0|liq_pdh_breakout_follow_h12_tp06_sl065,2024-02-19 12:00:00+00:00,STAGE28A,data/reports/stage28a_discovery_factory_batch_runner/stage28a_exact_trades.csv,liquidity_sweep_regime_v1,liq_pdh_breakout_follow_h12_tp06_sl065,0.350800000000072,-0.6991999999999279,-1.3991999999999276,0,0,0,0,0.6991999999999279,3.8799999999998818,10.86999999999989,0.48850045998160063,4.650000000000091,0.027956989247285853,1.4300000000000637,4.016999999999996,0.752,1.0,,,12,0,2.0,2024
2024-02-20 12:00:00+00:00|1.0|liq_pdh_breakout_follow_h12_tp06_sl065,2024-02-20 12:00:00+00:00,STAGE28A,data/reports/stage28a_discovery_factory_batch_runner/stage28a_exact_trades.csv,liquidity_sweep_regime_v1,liq_pdh_breakout_follow_h12_tp06_sl065,-1.2184000000000652,-2.268400000000065,-2.9684000000000648,0,0,0,0,2.268400000000065,10.980000000000018,4.650000000000091,0.7053763440860508,9.879999999999882,0.6730769230769174,2.630000000000109,2.1740000000000235,0.052,1.0,,,12,1,2.0,2024
2024-02-26 12:00:00+00:00|1.0|liq_pdh_breakout_follow_h12_tp06_sl065,2024-02-26 12:00:00+00:00,STAGE28A,data/reports/stage28a_discovery_factory_batch_runner/stage28a_exact_trades.csv,liquidity_sweep_regime_v1,liq_pdh_breakout_follow_h12_tp06_sl065,-1.3184999999999492,-2.368499999999949,-3.0684999999999487,0,0,0,0,2.368499999999949,2.7999999999999545,5.069999999999936,0.36489151873765924,5.349999999999909,0.007476635514012018,2.1000000000001364,3.104499999999939,0.544,1.0,,,12,0,2.0,2024
2024-03-05 12:00:00+00:00|1.0|liq_pdh_breakout_follow_h12_tp06_sl065,2024-03-05 12:00:00+00:00,STAGE28A,data/reports/stage28a_discovery_factory_batch_runner/stage28a_exact_trades.csv,liquidity_sweep_regime_v1,liq_pdh_breakout_follow_h12_tp06_sl065,-1.9720750000002227,-3.0220750000002226,-3.7220750000002223,0,0,0,0,3.0220750000002226,40.370000000000346,6.349999999999909,0.22204724409446847,13.2800000000002,0.5813253012047954,6.25,5.13900000000001,0.94,1.0,,,12,1,3.0,2024
2024-03-07 12:00:00+00:00|1.0|liq_pdh_breakout_follow_h12_tp06_sl065,2024-03-07 12:00:00+00:00,STAGE28A,data/reports/stage28a_discovery_factory_batch_runner/stage28a_exact_trades.csv,liquidity_sweep_regime_v1,liq_pdh_breakout_follow_h12_tp06_sl065,-1.8430500000000396,-2.893050000000039,-3.593050000000039,0,0,0,0,2.893050000000039,28.549999999999727,17.11999999999989,0.6407710280374022,8.299999999999727,0.07108433734936268,3.4699999999998,6.352999999999975,0.976,1.0,,,12,3,3.0,2024
2024-03-08 12:00:00+00:00|1.0|liq_pdh_breakout_follow_h12_tp06_sl065,2024-03-08 12:00:00+00:00,STAGE28A,data/reports/stage28a_discovery_factory_batch_runner/stage28a_exact_trades.csv,liquidity_sweep_regime_v1,liq_pdh_breakout_follow_h12_tp06_sl065,-1.8261499999999613,-2.8761499999999613,-3.576149999999961,0,0,0,0,2.8761499999999613,20.460000000000036,9.510000000000218,0.4437434279705739,14.920000000000073,0.724530831099219,6.440000000000055,4.703000000000043,0.628,1.0,,,12,4,3.0,2024
2024-03-21 12:00:00+00:00|1.0|liq_pdh_breakout_follow_h12_tp06_sl065,2024-03-21 12:00:00+00:00,STAGE28A,data/reports/stage28a_discovery_factory_batch_runner/stage28a_exact_trades.csv,liquidity_sweep_regime_v1,liq_pdh_breakout_follow_h12_tp06_sl065,-2.338025000000107,-3.388025000000107,-4.088025000000107,0,0,0,1,3.388025000000107,56.710000000000036,36.17000000000007,0.017694221730712507,14.86999999999989,0.2958977807666525,6.110000000000127,8.917499999999995,0.996,1.0,,,12,3,3.0,2024
2024-03-25 12:00:00+00:00|1.0|liq_pdh_breakout_follow_h12_tp06_sl065,2024-03-25 12:00:00+00:00,STAGE28A,data/reports/stage28a_discovery_factory_batch_runner/stage28a_exact_trades.csv,liquidity_sweep_regime_v1,liq_pdh_breakout_follow_h12_tp06_sl065,-1.984425000000192,-3.034425000000192,-3.734425000000192,0,0,0,0,3.034425000000192,4.119999999999891,14.300000000000182,0.2930069930069931,7.529999999999745,0.13014608233732422,4.440000000000055,5.0654999999999974,0.632,1.0,,,12,0,3.0,2024
2024-03-26 12:00:00+00:00|1.0|liq_pdh_breakout_follow_h12_tp06_sl065,2024-03-26 12:00:00+00:00,STAGE28A,data/reports/stage28a_discovery_factory_batch_runner/stage28a_exact_trades.csv,liquidity_sweep_regime_v1,liq_pdh_breakout_follow_h12_tp06_sl065,1.2187000000002626,0.1687000000002627,-0.531299999999737,1,0,1,0,0.1687000000002627,17.779999999999745,6.839999999999691,0.09941520467834314,30.460000000000036,0.8365068942875898,16.730000000000018,3.8649999999999407,0.352,1.0,,,12,1,3.0,2024
2024-03-28 12:00:00+00:00|1.0|liq_pdh_breakout_follow_h12_tp06_sl065,2024-03-28 12:00:00+00:00,STAGE28A,data/reports/stage28a_discovery_factory_batch_runner/stage28a_exact_trades.csv,liquidity_sweep_regime_v1,liq_pdh_breakout_follow_h12_tp06_sl065,1.0588000000001556,0.0088000000001557,-0.6911999999998439,1,0,0,0,0.0088000000001557,24.330000000000382,9.559999999999945,0.5041841004184301,22.920000000000073,0.7273123909249374,5.389999999999873,4.084999999999991,0.436,1.0,,,12,3,3.0,2024
2024-03-28 22:45:00+00:00|1.0|liq_pdh_breakout_follow_h12_tp06_sl065,2024-03-28 22:45:00+00:00,STAGE28A,data/reports/stage28a_discovery_factory_batch_runner/stage28a_exact_trades.csv,liquidity_sweep_regime_v1,liq_pdh_breakout_follow_h12_tp06_sl065,-2.586974999999802,-3.636974999999802,-4.336974999999802,0,0,0,1,3.636974999999802,24.330000000000382,9.559999999999945,0.5041841004184301,22.920000000000073,0.7273123909249374,4.319999999999709,6.866000000000031,0.912,1.0,,,12,3,3.0,2024
2024-04-01 12:00:00+00:00|1.0|liq_pdh_breakout_follow_h12_tp06_sl065,2024-04-01 12:00:00+00:00,STAGE28A,data/reports/stage28a_discovery_factory_batch_runner/stage28a_exact_trades.csv,liquidity_sweep_regime_v1,liq_pdh_breakout_follow_h12_tp06_sl065,-1.8378499999999804,-2.8878499999999803,-3.58784999999998,0,0,0,0,2.8878499999999803,9.899999999999636,30.36999999999989,0.9045110306223363,16.300000000000182,0.7785276073619299,4.389999999999873,8.163499999999932,0.892,1.0,,,12,0,4.0,2024
2024-04-08 12:00:00+00:00|1.0|liq_pdh_breakout_follow_h12_tp06_sl065,2024-04-08 12:00:00+00:00,STAGE28A,data/reports/stage28a_discovery_factory_batch_runner/stage28a_exact_trades.csv,liquidity_sweep_regime_v1,liq_pdh_breakout_follow_h12_tp06_sl065,2.2389999999999417,1.188999999999942,0.4889999999999421,1,1,1,0,1.188999999999942,24.11999999999989,51.0300000000002,0.7460317460317463,13.789999999999964,0.5823060188542583,8.11999999999989,12.261000000000013,0.976,1.0,,,12,0,4.0,2024
2024-04-09 12:00:00+00:00|1.0|liq_pdh_breakout_follow_h12_tp06_sl065,2024-04-09 12:00:00+00:00,STAGE28A,data/reports/stage28a_discovery_factory_batch_runner/stage28a_exact_trades.csv,liquidity_sweep_regime_v1,liq_pdh_breakout_follow_h12_tp06_sl065,-2.3656499999998237,-3.415649999999823,-4.115649999999823,0,0,0,1,3.415649999999823,51.0300000000002,11.669999999999618,0.43958868894603914,22.269999999999982,0.8630444544230027,7.940000000000055,5.778500000000031,0.348,1.0,,,12,1,4.0,2024
2024-04-12 12:00:00+00:00|1.0|liq_pdh_breakout_follow_h12_tp06_sl065,2024-04-12 12:00:00+00:00,STAGE28A,data/reports/stage28a_discovery_factory_batch_runner/stage28a_exact_trades.csv,liquidity_sweep_regime_v1,liq_pdh_breakout_follow_h12_tp06_sl065,1.849000000000069,0.7990000000000692,0.0990000000000694,1,1,1,0,0.7990000000000692,52.0300000000002,23.449999999999818,0.4366737739872009,17.809999999999945,0.7810218978102388,6.480000000000018,8.066000000000008,0.676,1.0,,,12,4,4.0,2024
2024-04-26 12:00:00+00:00|1.0|liq_pdh_breakout_follow_h12_tp06_sl065,2024-04-26 12:00:00+00:00,STAGE28A,data/reports/stage28a_discovery_factory_batch_runner/stage28a_exact_trades.csv,liquidity_sweep_regime_v1,liq_pdh_breakout_follow_h12_tp06_sl065,-2.601600000000053,-3.651600000000053,-4.351600000000053,0,0,0,1,3.651600000000053,39.539999999999964,10.019999999999982,0.2195608782434952,19.110000000000127,0.7791732077446483,6.079999999999927,6.870000000000073,0.184,1.0,,,12,4,4.0,2024
2024-04-29 12:00:00+00:00|1.0|liq_pdh_breakout_follow_h12_tp06_sl065,2024-04-29 12:00:00+00:00,STAGE28A,data/reports/stage28a_discovery_factory_batch_runner/stage28a_exact_trades.csv,liquidity_sweep_regime_v1,liq_pdh_breakout_follow_h12_tp06_sl065,1.3371999999998478,0.287199999999848,-0.4128000000001517,1,0,1,0,0.287199999999848,4.539999999999964,17.149999999999636,0.35801749271137046,16.929999999999836,0.8665091553455263,5.0300000000002,6.31700000000003,0.104,1.0,,,12,0,4.0,2024
2024-05-06 12:00:00+00:00|1.0|liq_pdh_breakout_follow_h12_tp06_sl065,2024-05-06 12:00:00+00:00,STAGE28A,data/reports/stage28a_discovery_factory_batch_runner/stage28a_exact_trades.csv,liquidity_sweep_regime_v1,liq_pdh_breakout_follow_h12_tp06_sl065,-2.0949249999999666,-3.1449249999999664,-3.844924999999966,0,0,0,1,3.1449249999999664,5.210000000000036,23.519999999999982,0.32312925170067663,16.170000000000073,0.741496598639439,5.730000000000018,7.30799999999997,0.62,1.0,,,12,0,5.0,2024
2024-05-10 12:00:00+00:00|1.0|liq_pdh_breakout_follow_h12_tp06_sl065,2024-05-10 12:00:00+00:00,STAGE28A,data/reports/stage28a_discovery_factory_batch_runner/stage28a_exact_trades.csv,liquidity_sweep_regime_v1,liq_pdh_breakout_follow_h12_tp06_sl065,-2.3584999999999128,-3.4084999999999126,-4.108499999999912,0,0,0,1,3.4084999999999126,40.63999999999987,10.659999999999854,0.6716697936210086,24.079999999999927,0.7936046511627984,6.269999999999982,6.375499999999988,0.516,1.0,,,12,4,5.0,2024
2024-05-15 12:00:00+00:00|1.0|liq_pdh_breakout_follow_h12_tp06_sl065,2024-05-15 12:00:00+00:00,STAGE28A,data/reports/stage28a_discovery_factory_batch_runner/stage28a_exact_trades.csv,liquidity_sweep_regime_v1,liq_pdh_breakout_follow_h12_tp06_sl065,-1.9665500000001883,-3.0165500000001884,-3.716550000000188,0,0,0,0,3.0165500000001884,24.920000000000073,6.110000000000127,0.46808510638298984,18.5300000000002,0.47706422018348893,11.789999999999964,4.770500000000015,0.14,1.0,,,12,2,5.0,2024
2024-05-20 12:00:00+00:00|1.0|liq_pdh_breakout_follow_h12_tp06_sl065,2024-05-20 12:00:00+00:00,STAGE28A,data/reports/stage28a_discovery_factory_batch_runner/stage28a_exact_trades.csv,liquidity_sweep_regime_v1,liq_pdh_breakout_follow_h12_tp06_sl065,-3.5613249999997607,-4.611324999999761,-5.31132499999976,0,0,0,1,4.611324999999761,8.409999999999854,24.050000000000182,0.8261954261954154,18.210000000000036,0.220757825370674,6.6599999999998545,9.177499999999919,0.972,1.0,,,12,0,5.0,2024
2024-05-27 12:00:00+00:00|1.0|liq_pdh_breakout_follow_h12_tp06_sl065,2024-05-27 12:00:00+00:00,STAGE28A,data/reports/stage28a_discovery_factory_batch_runner/stage28a_exact_trades.csv,liquidity_sweep_regime_v1,liq_pdh_breakout_follow_h12_tp06_sl065,-1.771875,-2.821875,-3.521875,0,0,0,0,2.821875,8.329999999999927,15.260000000000218,0.38401048492791895,7.970000000000255,0.34755332496861896,7.920000000000073,4.976000000000044,0.176,1.0,,,12,0,5.0,2024
2024-06-06 12:00:00+00:00|1.0|liq_pdh_breakout_follow_h12_tp06_sl065,2024-06-06 12:00:00+00:00,STAGE28A,data/reports/stage28a_discovery_factory_batch_runner/stage28a_exact_trades.csv,liquidity_sweep_regime_v1,liq_pdh_breakout_follow_h12_tp06_sl065,-1.7517250000001696,-2.801725000000169,-3.501725000000169,0,0,0,0,2.801725000000169,31.670000000000073,20.389999999999873,0.564982834722906,12.929999999999836,0.5359628770301565,3.3799999999996544,5.780999999999972,0.596,1.0,,,12,3,6.0,2024
2024-06-21 12:00:00+00:00|1.0|liq_pdh_breakout_follow_h12_tp06_sl065,2024-06-21 12:00:00+00:00,STAGE28A,data/reports/stage28a_discovery_factory_batch_runner/stage28a_exact_trades.csv,liquidity_sweep_regime_v1,liq_pdh_breakout_follow_h12_tp06_sl065,-1.8921249999999417,-2.9421249999999417,-3.642124999999941,0,0,0,0,2.9421249999999417,37.65000000000009,7.75,0.3496774193548434,13.009999999999764,0.13374327440432499,5.489999999999782,5.452500000000032,0.532,1.0,,,12,4,6.0,2024
2024-06-24 12:00:00+00:00|1.0|liq_pdh_breakout_follow_h12_tp06_sl065,2024-06-24 12:00:00+00:00,STAGE28A,data/reports/stage28a_discovery_factory_batch_runner/stage28a_exact_trades.csv,liquidity_sweep_regime_v1,liq_pdh_breakout_follow_h12_tp06_sl065,1.0819000000000414,0.0319000000000415,-0.6680999999999582,1,0,0,0,0.0319000000000415,4.9099999999998545,8.980000000000018,0.4376391982182437,11.960000000000036,0.033444816053519205,3.630000000000109,5.407500000000004,0.528,1.0,,,12,0,6.0,2024
2024-07-01 12:00:00+00:00|1.0|liq_pdh_breakout_follow_h12_tp06_sl065,2024-07-01 12:00:00+00:00,STAGE28A,data/reports/stage28a_discovery_factory_batch_runner/stage28a_exact_trades.csv,liquidity_sweep_regime_v1,liq_pdh_breakout_follow_h12_tp06_sl065,-2.074450000000161,-3.1244500000001607,-3.82445000000016,0,0,0,1,3.1244500000001607,4.139999999999873,6.389999999999873,0.03442879499214465,10.980000000000018,0.24590163934424533,4.360000000000127,4.622499999999991,0.38,1.0,,,12,0,7.0,2024
2024-07-03 12:00:00+00:00|1.0|liq_pdh_breakout_follow_h12_tp06_sl065,2024-07-03 12:00:00+00:00,STAGE28A,data/reports/stage28a_discovery_factory_batch_runner/stage28a_exact_trades.csv,liquidity_sweep_regime_v1,liq_pdh_breakout_follow_h12_tp06_sl065,-1.94802499999978,-2.9980249999997794,-3.698024999999779,0,0,0,0,2.9980249999997794,17.820000000000164,5.660000000000309,0.28798586572430485,15.799999999999727,0.9164556962025199,4.440000000000055,4.7125,0.412,1.0,,,12,2,7.0,2024
2024-07-05 12:00:00+00:00|1.0|liq_pdh_breakout_follow_h12_tp06_sl065,2024-07-05 12:00:00+00:00,STAGE28A,data/reports/stage28a_discovery_factory_batch_runner/stage28a_exact_trades.csv,liquidity_sweep_regime_v1,liq_pdh_breakout_follow_h12_tp06_sl065,-1.6057999999999084,-2.655799999999908,-3.355799999999908,0,0,0,0,2.655799999999908,12.179999999999836,8.960000000000036,0.49218750000003253,6.680000000000291,0.08532934131731798,3.430000000000291,3.0345000000000026,0.024,1.0,,,12,4,7.0,2024
2024-07-10 12:00:00+00:00|1.0|liq_pdh_breakout_follow_h12_tp06_sl065,2024-07-10 12:00:00+00:00,STAGE28A,data/reports/stage28a_discovery_factory_batch_runner/stage28a_exact_trades.csv,liquidity_sweep_regime_v1,liq_pdh_breakout_follow_h12_tp06_sl065,0.7479999999999564,-0.3020000000000435,-1.0020000000000433,0,0,0,0,0.3020000000000435,22.20999999999958,7.329999999999927,0.5184174624829767,8.309999999999945,0.4500601684716975,2.7399999999997817,4.854500000000007,0.428,1.0,,,12,2,7.0,2024
2024-07-17 12:00:00+00:00|1.0|liq_pdh_breakout_follow_h12_tp06_sl065,2024-07-17 12:00:00+00:00,STAGE28A,data/reports/stage28a_discovery_factory_batch_runner/stage28a_exact_trades.csv,liquidity_sweep_regime_v1,liq_pdh_breakout_follow_h12_tp06_sl065,1.797399999999834,0.7473999999998342,0.0473999999998344,1,1,1,0,0.7473999999998342,49.659999999999854,18.299999999999727,0.15191256830602412,17.019999999999982,0.18801410105759556,7.339999999999691,7.746000000000004,0.984,1.0,,,12,2,7.0,2024
2024-07-24 12:00:00+00:00|1.0|liq_pdh_breakout_follow_h12_tp06_sl065,2024-07-24 12:00:00+00:00,STAGE28A,data/reports/stage28a_discovery_factory_batch_runner/stage28a_exact_trades.csv,liquidity_sweep_regime_v1,liq_pdh_breakout_follow_h12_tp06_sl065,-1.9519249999999373,-3.0019249999999373,-3.701924999999937,0,0,0,0,3.0019249999999373,23.950000000000273,13.399999999999636,0.53358208955226,9.379999999999654,0.32622601279323166,4.459999999999582,4.633999999999924,0.124,1.0,,,12,2,7.0,2024
2024-07-31 12:00:00+00:00|1.0|liq_pdh_breakout_follow_h12_tp06_sl065,2024-07-31 12:00:00+00:00,STAGE28A,data/reports/stage28a_discovery_factory_batch_runner/stage28a_exact_trades.csv,liquidity_sweep_regime_v1,liq_pdh_breakout_follow_h12_tp06_sl065,-2.349725000000126,-3.399725000000126,-4.0997250000001255,0,0,0,1,3.399725000000126,36.43000000000029,15.139999999999873,0.47159841479523995,10.990000000000236,0.4003639672429478,6.330000000000382,6.8365000000000915,0.664,1.0,,,12,2,7.0,2024
2024-08-02 12:00:00+00:00|1.0|liq_pdh_breakout_follow_h12_tp06_sl065,2024-08-02 12:00:00+00:00,STAGE28A,data/reports/stage28a_discovery_factory_batch_runner/stage28a_exact_trades.csv,liquidity_sweep_regime_v1,liq_pdh_breakout_follow_h12_tp06_sl065,-2.547650000000067,-3.597650000000067,-4.297650000000067,0,0,0,1,3.597650000000067,32.190000000000055,24.539999999999964,0.3793806030970014,14.139999999999873,0.6605374823196768,4.380000000000109,7.541000000000031,0.816,1.0,,,12,4,8.0,2024
2024-08-08 12:00:00+00:00|1.0|liq_pdh_breakout_follow_h12_tp06_sl065,2024-08-08 12:00:00+00:00,STAGE28A,data/reports/stage28a_discovery_factory_batch_runner/stage28a_exact_trades.csv,liquidity_sweep_regime_v1,liq_pdh_breakout_follow_h12_tp06_sl065,1.730500000000029,0.6805000000000292,-0.0194999999999705,1,0,1,0,0.6805000000000292,28.01000000000022,14.150000000000091,0.7519434628975127,15.019999999999982,0.1291611185086589,5.230000000000018,5.8295000000000075,0.14,1.0,,,12,3,8.0,2024
2024-08-12 12:00:00+00:00|1.0|liq_pdh_breakout_follow_h12_tp06_sl065,2024-08-12 12:00:00+00:00,STAGE28A,data/reports/stage28a_discovery_factory_batch_runner/stage28a_exact_trades.csv,liquidity_sweep_regime_v1,liq_pdh_breakout_follow_h12_tp06_sl065,1.137999999999829,0.0879999999998291,-0.6120000000001706,1,0,0,0,0.0879999999998291,6.519999999999982,9.389999999999873,0.19914802981894741,16.960000000000036,0.8384433962264283,4.190000000000055,4.987000000000012,0.032,1.0,,,12,0,8.0,2024
2024-08-20 12:00:00+00:00|1.0|liq_pdh_breakout_follow_h12_tp06_sl065,2024-08-20 12:00:00+00:00,STAGE28A,data/reports/stage28a_discovery_factory_batch_runner/stage28a_exact_trades.csv,liquidity_sweep_regime_v1,liq_pdh_breakout_follow_h12_tp06_sl065,-2.8694000000001325,-3.919400000000132,-4.619400000000132,0,0,0,1,3.919400000000132,23.800000000000182,9.5,0.2642105263157646,27.909999999999854,0.7115729129344404,8.679999999999836,5.376499999999988,0.148,1.0,,,12,1,8.0,2024
2024-08-26 12:00:00+00:00|1.0|liq_pdh_breakout_follow_h12_tp06_sl065,2024-08-26 12:00:00+00:00,STAGE28A,data/reports/stage28a_discovery_factory_batch_runner/stage28a_exact_trades.csv,liquidity_sweep_regime_v1,liq_pdh_breakout_follow_h12_tp06_sl065,-1.8528000000002067,-2.9028000000002065,-3.6028000000002063,0,0,0,0,2.9028000000002065,3.9699999999998,7.550000000000182,0.3894039735099316,17.070000000000164,0.8904510837727081,5.039999999999964,5.440499999999974,0.22,1.0,,,12,0,8.0,2024
2024-09-02 12:00:00+00:00|1.0|liq_pdh_breakout_follow_h12_tp06_sl065,2024-09-02 12:00:00+00:00,STAGE28A,data/reports/stage28a_discovery_factory_batch_runner/stage28a_exact_trades.csv,liquidity_sweep_regime_v1,liq_pdh_breakout_follow_h12_tp06_sl065,1.3801000000002204,0.3301000000002205,-0.3698999999997792,1,0,1,0,0.3301000000002205,3.4899999999997817,14.970000000000255,0.4736138944555795,12.0,0.2233333333333197,10.010000000000218,5.512000000000012,0.4,1.0,,,12,0,9.0,2024
2024-09-05 12:00:00+00:00|1.0|liq_pdh_breakout_follow_h12_tp06_sl065,2024-09-05 12:00:00+00:00,STAGE28A,data/reports/stage28a_discovery_factory_batch_runner/stage28a_exact_trades.csv,liquidity_sweep_regime_v1,liq_pdh_breakout_follow_h12_tp06_sl065,-2.2031499999999142,-3.253149999999914,-3.953149999999914,0,0,0,1,3.253149999999914,28.620000000000346,4.880000000000109,0.08811475409832514,23.409999999999854,0.8821016659547296,10.679999999999836,4.888000000000057,0.232,1.0,,,12,3,9.0,2024
2024-09-11 12:00:00+00:00|1.0|liq_pdh_breakout_follow_h12_tp06_sl065,2024-09-11 12:00:00+00:00,STAGE28A,data/reports/stage28a_discovery_factory_batch_runner/stage28a_exact_trades.csv,liquidity_sweep_regime_v1,liq_pdh_breakout_follow_h12_tp06_sl065,-2.077049999999963,-3.127049999999963,-3.8270499999999625,0,0,0,1,3.127049999999963,18.289999999999964,7.5300000000002,0.3917662682602576,10.460000000000036,0.35946462715107125,6.429999999999836,4.725500000000011,0.272,1.0,,,12,2,9.0,2024
2024-09-13 12:00:00+00:00|1.0|liq_pdh_breakout_follow_h12_tp06_sl065,2024-09-13 12:00:00+00:00,STAGE28A,data/reports/stage28a_discovery_factory_batch_runner/stage28a_exact_trades.csv,liquidity_sweep_regime_v1,liq_pdh_breakout_follow_h12_tp06_sl065,1.3492000000000188,0.299200000000019,-0.4007999999999807,1,0,1,0,0.299200000000019,49.059999999999945,13.38000000000011,0.7825112107623104,9.980000000000018,0.0621242484970285,5.279999999999745,6.62950000000003,0.808,1.0,,,12,4,9.0,2024
2024-09-16 12:00:00+00:00|1.0|liq_pdh_breakout_follow_h12_tp06_sl065,2024-09-16 12:00:00+00:00,STAGE28A,data/reports/stage28a_discovery_factory_batch_runner/stage28a_exact_trades.csv,liquidity_sweep_regime_v1,liq_pdh_breakout_follow_h12_tp06_sl065,1.1020000000002257,0.0520000000002256,-0.6479999999997741,1,0,0,0,0.0520000000002256,2.8299999999999272,11.409999999999854,0.550394390885213,10.070000000000164,0.08142999006948318,7.130000000000109,4.294499999999971,0.164,1.0,,,12,0,9.0,2024
2024-09-20 12:00:00+00:00|1.0|liq_pdh_breakout_follow_h12_tp06_sl065,2024-09-20 12:00:00+00:00,STAGE28A,data/reports/stage28a_discovery_factory_batch_runner/stage28a_exact_trades.csv,liquidity_sweep_regime_v1,liq_pdh_breakout_follow_h12_tp06_sl065,-2.130999999999949,-3.180999999999949,-3.8809999999999487,0,0,0,1,3.180999999999949,43.789999999999964,8.75,0.41142857142856104,21.419999999999618,0.6984126984127126,7.2599999999997635,5.284500000000048,0.492,1.0,,,12,4,9.0,2024
2024-10-07 12:00:00+00:00|1.0|liq_pdh_breakout_follow_h12_tp06_sl065,2024-10-07 12:00:00+00:00,STAGE28A,data/reports/stage28a_discovery_factory_batch_runner/stage28a_exact_trades.csv,liquidity_sweep_regime_v1,liq_pdh_breakout_follow_h12_tp06_sl065,1.2355000000001382,0.1855000000001383,-0.5144999999998614,1,0,1,0,0.1855000000001383,2.680000000000291,8.609999999999673,0.3832752613240775,17.8100000000004,0.5081414935429522,5.269999999999982,6.675000000000023,0.612,1.0,,,12,0,10.0,2024
2024-10-11 12:00:00+00:00|1.0|liq_pdh_breakout_follow_h12_tp06_sl065,2024-10-11 12:00:00+00:00,STAGE28A,data/reports/stage28a_discovery_factory_batch_runner/stage28a_exact_trades.csv,liquidity_sweep_regime_v1,liq_pdh_breakout_follow_h12_tp06_sl065,1.0858000000001993,0.0358000000001994,-0.6641999999998003,1,0,0,0,0.0358000000001994,25.800000000000182,17.980000000000018,0.9566184649610567,10.989999999999782,0.6960873521383296,7.139999999999873,6.407000000000016,0.424,1.0,,,12,4,10.0,2024
2024-10-14 12:00:00+00:00|1.0|liq_pdh_breakout_follow_h12_tp06_sl065,2024-10-14 12:00:00+00:00,STAGE28A,data/reports/stage28a_discovery_factory_batch_runner/stage28a_exact_trades.csv,liquidity_sweep_regime_v1,liq_pdh_breakout_follow_h12_tp06_sl065,-2.1706500000001143,-3.220650000000114,-3.920650000000114,0,0,0,1,3.220650000000114,11.429999999999836,14.259999999999764,0.3709677419354875,11.480000000000018,0.24912891986063787,3.5399999999999636,5.671999999999912,0.212,1.0,,,12,0,10.0,2024
2024-10-16 12:00:00+00:00|1.0|liq_pdh_breakout_follow_h12_tp06_sl065,2024-10-16 12:00:00+00:00,STAGE28A,data/reports/stage28a_discovery_factory_batch_runner/stage28a_exact_trades.csv,liquidity_sweep_regime_v1,liq_pdh_breakout_follow_h12_tp06_sl065,1.2951999999999315,0.2451999999999317,-0.454800000000068,1,0,1,0,0.2451999999999317,31.110000000000127,11.359999999999673,0.4383802816901551,17.08999999999969,0.7577530719719431,5.489999999999782,5.433999999999992,0.156,1.0,,,12,2,10.0,2024
2024-10-18 12:00:00+00:00|1.0|liq_pdh_breakout_follow_h12_tp06_sl065,2024-10-18 12:00:00+00:00,STAGE28A,data/reports/stage28a_discovery_factory_batch_runner/stage28a_exact_trades.csv,liquidity_sweep_regime_v1,liq_pdh_breakout_follow_h12_tp06_sl065,-2.2990249999998924,-3.349024999999892,-4.049024999999892,0,0,0,1,3.349024999999892,23.579999999999927,20.360000000000127,0.849214145383097,12.329999999999927,0.11678832116788833,4.550000000000182,5.847000000000025,0.376,1.0,,,12,4,10.0,2024
2024-10-18 23:45:00+00:00|1.0|liq_pdh_breakout_follow_h12_tp06_sl065,2024-10-18 23:45:00+00:00,STAGE28A,data/reports/stage28a_discovery_factory_batch_runner/stage28a_exact_trades.csv,liquidity_sweep_regime_v1,liq_pdh_breakout_follow_h12_tp06_sl065,-0.35,-1.4,-2.1,0,0,0,0,1.4,23.579999999999927,20.360000000000127,0.849214145383097,12.329999999999927,0.11678832116788833,2.449999999999818,6.2260000000000675,0.608,1.0,,,12,4,10.0,2024
2024-10-21 12:00:00+00:00|1.0|liq_pdh_breakout_follow_h12_tp06_sl065,2024-10-21 12:00:00+00:00,STAGE28A,data/reports/stage28a_discovery_factory_batch_runner/stage28a_exact_trades.csv,liquidity_sweep_regime_v1,liq_pdh_breakout_follow_h12_tp06_sl065,-1.9740250000000743,-3.024025000000074,-3.724025000000074,0,0,0,0,3.024025000000074,4.5300000000002,13.570000000000164,0.585851142225477,13.420000000000073,0.21833084947837708,3.700000000000273,4.958000000000084,0.064,1.0,,,12,0,10.0,2024
2024-10-23 12:00:00+00:00|1.0|liq_pdh_breakout_follow_h12_tp06_sl065,2024-10-23 12:00:00+00:00,STAGE28A,data/reports/stage28a_discovery_factory_batch_runner/stage28a_exact_trades.csv,liquidity_sweep_regime_v1,liq_pdh_breakout_follow_h12_tp06_sl065,1.0332999999999628,-0.016700000000037,-0.7167000000000368,0,0,0,0,0.016700000000037,30.76000000000022,10.180000000000291,0.1237721021611181,13.070000000000164,0.3458301453710731,3.7800000000002,5.046000000000004,0.084,1.0,,,12,2,10.0,2024
2024-10-25 23:45:00+00:00|1.0|liq_pdh_breakout_follow_h12_tp06_sl065,2024-10-25 23:45:00+00:00,STAGE28A,data/reports/stage28a_discovery_factory_batch_runner/stage28a_exact_trades.csv,liquidity_sweep_regime_v1,liq_pdh_breakout_follow_h12_tp06_sl065,-0.35,-1.4,-2.1,0,0,0,0,1.4,29.029999999999745,11.730000000000018,0.7357203751065725,15.730000000000018,0.3146853146853317,4.099999999999909,5.9585000000000035,0.632,1.0,,,12,4,10.0,2024
2024-10-29 12:00:00+00:00|1.0|liq_pdh_breakout_follow_h12_tp06_sl065,2024-10-29 12:00:00+00:00,STAGE28A,data/reports/stage28a_discovery_factory_batch_runner/stage28a_exact_trades.csv,liquidity_sweep_regime_v1,liq_pdh_breakout_follow_h12_tp06_sl065,1.444600000000173,0.3946000000001732,-0.3053999999998265,1,0,1,0,0.3946000000001732,21.190000000000055,18.070000000000164,0.8096292197011609,10.590000000000146,0.47969782813974104,6.569999999999709,4.962500000000046,0.116,1.0,,,12,1,10.0,2024
2024-10-30 12:00:00+00:00|1.0|liq_pdh_breakout_follow_h12_tp06_sl065,2024-10-30 12:00:00+00:00,STAGE28A,data/reports/stage28a_discovery_factory_batch_runner/stage28a_exact_trades.csv,liquidity_sweep_regime_v1,liq_pdh_breakout_follow_h12_tp06_sl065,-2.1407500000001165,-3.1907500000001163,-3.890750000000116,0,0,0,1,3.1907500000001163,35.41000000000031,9.389999999999873,0.7518636847710374,11.7800000000002,0.0008488964346534898,4.349999999999909,5.357499999999982,0.276,1.0,,,12,2,10.0,2024
2024-11-04 12:00:00+00:00|1.0|liq_pdh_breakout_follow_h12_tp06_sl065,2024-11-04 12:00:00+00:00,STAGE28A,data/reports/stage28a_discovery_factory_batch_runner/stage28a_exact_trades.csv,liquidity_sweep_regime_v1,liq_pdh_breakout_follow_h12_tp06_sl065,-2.6084249999999884,-3.658424999999988,-4.358424999999988,0,0,0,1,3.658424999999988,10.75,12.879999999999654,0.19720496894410183,13.289999999999964,0.15876598946573953,11.550000000000182,6.89849999999999,0.912,1.0,,,12,0,11.0,2024
2024-11-18 12:00:00+00:00|1.0|liq_pdh_breakout_follow_h12_tp06_sl065,2024-11-18 12:00:00+00:00,STAGE28A,data/reports/stage28a_discovery_factory_batch_runner/stage28a_exact_trades.csv,liquidity_sweep_regime_v1,liq_pdh_breakout_follow_h12_tp06_sl065,1.7490999999999075,0.6990999999999077,-0.000900000000092,1,0,1,0,0.6990999999999077,13.230000000000018,34.88000000000011,0.5997706422018351,16.840000000000146,0.1057007125890576,13.460000000000036,8.27900000000002,0.728,1.0,,,12,0,11.0,2024
2024-11-19 12:00:00+00:00|1.0|liq_pdh_breakout_follow_h12_tp06_sl065,2024-11-19 12:00:00+00:00,STAGE28A,data/reports/stage28a_discovery_factory_batch_runner/stage28a_exact_trades.csv,liquidity_sweep_regime_v1,liq_pdh_breakout_follow_h12_tp06_sl065,-2.5600000000000365,-3.610000000000036,-4.310000000000036,0,0,0,1,3.610000000000036,52.84999999999991,15.36999999999989,0.6649316851008671,18.710000000000036,0.659005879208974,9.139999999999873,5.153000000000065,0.016,1.0,,,12,1,11.0,2024
2024-11-21 12:00:00+00:00|1.0|liq_pdh_breakout_follow_h12_tp06_sl065,2024-11-21 12:00:00+00:00,STAGE28A,data/reports/stage28a_discovery_factory_batch_runner/stage28a_exact_trades.csv,liquidity_sweep_regime_v1,liq_pdh_breakout_follow_h12_tp06_sl065,-2.3107249999999118,-3.360724999999911,-4.060724999999911,0,0,0,1,3.360724999999911,36.64000000000033,11.610000000000127,0.41860465116279705,17.059999999999945,0.759671746776089,8.150000000000091,6.018000000000006,0.188,1.0,,,12,3,11.0,2024
2024-11-22 12:00:00+00:00|1.0|liq_pdh_breakout_follow_h12_tp06_sl065,2024-11-22 12:00:00+00:00,STAGE28A,data/reports/stage28a_discovery_factory_batch_runner/stage28a_exact_trades.csv,liquidity_sweep_regime_v1,liq_pdh_breakout_follow_h12_tp06_sl065,-2.9330999999998317,-3.983099999999831,-4.683099999999831,0,0,0,1,3.983099999999831,24.63000000000011,24.070000000000164,0.8109680099709308,25.440000000000055,0.7425314465408739,13.88000000000011,6.913499999999976,0.5,1.0,,,12,4,11.0,2024
2024-11-22 23:45:00+00:00|1.0|liq_pdh_breakout_follow_h12_tp06_sl065,2024-11-22 23:45:00+00:00,STAGE28A,data/reports/stage28a_discovery_factory_batch_runner/stage28a_exact_trades.csv,liquidity_sweep_regime_v1,liq_pdh_breakout_follow_h12_tp06_sl065,-2.0270000000001347,-3.0770000000001345,-3.7770000000001342,0,0,0,1,3.0770000000001345,24.63000000000011,24.070000000000164,0.8109680099709308,25.440000000000055,0.7425314465408739,3.730000000000018,8.074500000000011,0.8,1.0,,,12,4,11.0,2024
2024-11-27 12:00:00+00:00|1.0|liq_pdh_breakout_follow_h12_tp06_sl065,2024-11-27 12:00:00+00:00,STAGE28A,data/reports/stage28a_discovery_factory_batch_runner/stage28a_exact_trades.csv,liquidity_sweep_regime_v1,liq_pdh_breakout_follow_h12_tp06_sl065,-2.425774999999794,-3.475774999999794,-4.175774999999794,0,0,0,1,3.475774999999794,36.76999999999998,13.510000000000218,0.4885270170244117,15.690000000000055,0.6201402166985331,5.869999999999891,6.533999999999992,0.344,1.0,,,12,2,11.0,2024
2024-11-29 12:00:00+00:00|1.0|liq_pdh_breakout_follow_h12_tp06_sl065,2024-11-29 12:00:00+00:00,STAGE28A,data/reports/stage28a_discovery_factory_batch_runner/stage28a_exact_trades.csv,liquidity_sweep_regime_v1,liq_pdh_breakout_follow_h12_tp06_sl065,1.8202000000000225,0.7702000000000226,0.0702000000000229,1,1,1,0,0.7702000000000226,28.65000000000009,30.29000000000042,0.6956091119181206,11.809999999999945,0.2464013547840701,8.7800000000002,5.945500000000061,0.224,1.0,,,12,4,11.0,2024
2024-12-09 12:00:00+00:00|1.0|liq_pdh_breakout_follow_h12_tp06_sl065,2024-12-09 12:00:00+00:00,STAGE28A,data/reports/stage28a_discovery_factory_batch_runner/stage28a_exact_trades.csv,liquidity_sweep_regime_v1,liq_pdh_breakout_follow_h12_tp06_sl065,1.404399999999805,0.3543999999998051,-0.3456000000001946,1,0,1,0,0.3543999999998051,11.929999999999836,23.019999999999982,0.1776715899218136,22.470000000000255,0.9577214063195255,8.679999999999836,7.969499999999994,0.684,1.0,,,12,0,12.0,2024
2024-12-11 12:00:00+00:00|1.0|liq_pdh_breakout_follow_h12_tp06_sl065,2024-12-11 12:00:00+00:00,STAGE28A,data/reports/stage28a_discovery_factory_batch_runner/stage28a_exact_trades.csv,liquidity_sweep_regime_v1,liq_pdh_breakout_follow_h12_tp06_sl065,-3.682225000000108,-4.732225000000108,-5.432225000000107,0,0,0,1,4.732225000000108,38.01999999999998,21.779999999999745,0.5335169880624439,25.350000000000364,0.3932938856015823,9.799999999999727,7.875000000000023,0.84,1.0,,,12,2,12.0,2024
2024-12-16 12:00:00+00:00|1.0|liq_pdh_breakout_follow_h12_tp06_sl065,2024-12-16 12:00:00+00:00,STAGE28A,data/reports/stage28a_discovery_factory_batch_runner/stage28a_exact_trades.csv,liquidity_sweep_regime_v1,liq_pdh_breakout_follow_h12_tp06_sl065,1.2360999999999875,0.1860999999999877,-0.513900000000012,1,0,1,0,0.1860999999999877,4.569999999999709,12.110000000000127,0.10982658959536856,12.450000000000273,0.48514056224898244,4.389999999999873,5.434999999999991,0.044,1.0,,,12,0,12.0,2024
2024-12-23 12:00:00+00:00|1.0|liq_pdh_breakout_follow_h12_tp06_sl065,2024-12-23 12:00:00+00:00,STAGE28A,data/reports/stage28a_discovery_factory_batch_runner/stage28a_exact_trades.csv,liquidity_sweep_regime_v1,liq_pdh_breakout_follow_h12_tp06_sl065,1.2229000000001178,0.1729000000001179,-0.5270999999998818,1,0,1,0,0.1729000000001179,3.1600000000003092,10.0,0.1069999999999709,14.389999999999873,0.44336344683809353,4.690000000000055,5.874000000000047,0.248,1.0,,,12,0,12.0,2024
2024-12-26 12:00:00+00:00|1.0|liq_pdh_breakout_follow_h12_tp06_sl065,2024-12-26 12:00:00+00:00,STAGE28A,data/reports/stage28a_discovery_factory_batch_runner/stage28a_exact_trades.csv,liquidity_sweep_regime_v1,liq_pdh_breakout_follow_h12_tp06_sl065,0.8380000000001019,-0.211999999999898,-0.9119999999998978,0,0,0,0,0.211999999999898,7.519999999999982,16.299999999999727,0.5539877300613713,6.049999999999727,0.2264462809917277,2.3600000000001273,4.461500000000024,0.092,1.0,,,12,3,12.0,2024
2025-01-02 12:00:00+00:00|1.0|liq_pdh_breakout_follow_h12_tp06_sl065,2025-01-02 12:00:00+00:00,STAGE28A,data/reports/stage28a_discovery_factory_batch_runner/stage28a_exact_trades.csv,liquidity_sweep_regime_v1,liq_pdh_breakout_follow_h12_tp06_sl065,-2.099475000000075,-3.149475000000075,-3.8494750000000746,0,0,0,1,3.149475000000075,4.2800000000002,14.769999999999982,0.6899119837508508,15.090000000000146,0.5765407554671792,4.0300000000002,5.122000000000071,0.38,1.0,,,12,3,1.0,2025
2025-01-10 12:00:00+00:00|1.0|liq_pdh_breakout_follow_h12_tp06_sl065,2025-01-10 12:00:00+00:00,STAGE28A,data/reports/stage28a_discovery_factory_batch_runner/stage28a_exact_trades.csv,liquidity_sweep_regime_v1,liq_pdh_breakout_follow_h12_tp06_sl065,-2.1105250000001434,-3.1605250000001432,-3.860525000000143,0,0,0,1,3.1605250000001432,22.809999999999945,6.349999999999909,0.2913385826771552,11.099999999999909,0.827027027027019,4.489999999999782,4.099499999999921,0.024,1.0,,,12,4,1.0,2025
2025-01-15 12:00:00+00:00|1.0|liq_pdh_breakout_follow_h12_tp06_sl065,2025-01-15 12:00:00+00:00,STAGE28A,data/reports/stage28a_discovery_factory_batch_runner/stage28a_exact_trades.csv,liquidity_sweep_regime_v1,liq_pdh_breakout_follow_h12_tp06_sl065,1.059099999999853,0.0090999999998531,-0.6909000000001466,1,0,0,0,0.0090999999998531,18.570000000000164,10.11999999999989,0.001976284584978461,14.450000000000273,0.8761245674740218,5.599999999999909,4.552499999999986,0.088,1.0,,,12,2,1.0,2025
2025-01-16 12:00:00+00:00|1.0|liq_pdh_breakout_follow_h12_tp06_sl065,2025-01-16 12:00:00+00:00,STAGE28A,data/reports/stage28a_discovery_factory_batch_runner/stage28a_exact_trades.csv,liquidity_sweep_regime_v1,liq_pdh_breakout_follow_h12_tp06_sl065,-2.326000000000113,-3.3760000000001127,-4.076000000000112,0,0,0,1,3.3760000000001127,28.210000000000036,9.349999999999909,0.27593582887700024,18.529999999999745,0.5553157042633624,8.599999999999909,5.731999999999971,0.544,1.0,,,12,3,1.0,2025
2025-01-20 12:00:00+00:00|1.0|liq_pdh_breakout_follow_h12_tp06_sl065,2025-01-20 12:00:00+00:00,STAGE28A,data/reports/stage28a_discovery_factory_batch_runner/stage28a_exact_trades.csv,liquidity_sweep_regime_v1,liq_pdh_breakout_follow_h12_tp06_sl065,1.3092999999998027,0.2592999999998029,-0.4407000000001968,1,0,1,0,0.2592999999998029,11.990000000000236,17.269999999999982,0.5500868558193405,10.960000000000036,0.23448905109486318,5.929999999999836,5.955500000000006,0.644,1.0,,,12,0,1.0,2025
2025-01-21 12:00:00+00:00|1.0|liq_pdh_breakout_follow_h12_tp06_sl065,2025-01-21 12:00:00+00:00,STAGE28A,data/reports/stage28a_discovery_factory_batch_runner/stage28a_exact_trades.csv,liquidity_sweep_regime_v1,liq_pdh_breakout_follow_h12_tp06_sl065,1.6822000000001025,0.6322000000001027,-0.067799999999897,1,0,1,0,0.6322000000001027,24.550000000000182,25.09999999999991,0.6749003984063792,15.799999999999727,0.4974683544303964,7.029999999999745,7.044499999999994,0.944,1.0,,,12,1,1.0,2025
2025-01-22 12:00:00+00:00|1.0|liq_pdh_breakout_follow_h12_tp06_sl065,2025-01-22 12:00:00+00:00,STAGE28A,data/reports/stage28a_discovery_factory_batch_runner/stage28a_exact_trades.csv,liquidity_sweep_regime_v1,liq_pdh_breakout_follow_h12_tp06_sl065,1.880199999999968,0.8301999999999681,0.1301999999999683,1,1,1,0,0.8301999999999681,43.279999999999745,10.9699999999998,0.711030082041962,17.90000000000009,0.44525139664803126,9.569999999999709,6.274499999999944,0.764,1.0,,,12,2,1.0,2025
2025-01-24 12:00:00+00:00|1.0|liq_pdh_breakout_follow_h12_tp06_sl065,2025-01-24 12:00:00+00:00,STAGE28A,data/reports/stage28a_discovery_factory_batch_runner/stage28a_exact_trades.csv,liquidity_sweep_regime_v1,liq_pdh_breakout_follow_h12_tp06_sl065,-2.1579750000001696,-3.207975000000169,-3.907975000000169,0,0,0,1,3.207975000000169,23.25,23.940000000000055,0.7263993316624826,8.300000000000182,0.44578313253014357,6.769999999999982,5.84699999999998,0.492,1.0,,,12,4,1.0,2025
2025-01-30 12:00:00+00:00|1.0|liq_pdh_breakout_follow_h12_tp06_sl065,2025-01-30 12:00:00+00:00,STAGE28A,data/reports/stage28a_discovery_factory_batch_runner/stage28a_exact_trades.csv,liquidity_sweep_regime_v1,liq_pdh_breakout_follow_h12_tp06_sl065,-2.1023999999998524,-3.152399999999852,-3.852399999999852,0,0,0,1,3.152399999999852,21.470000000000255,5.330000000000382,0.035647279549726255,20.539999999999964,0.8695228821811177,5.129999999999654,5.309000000000014,0.328,1.0,,,12,3,1.0,2025
2025-02-05 12:00:00+00:00|1.0|liq_pdh_breakout_follow_h12_tp06_sl065,2025-02-05 12:00:00+00:00,STAGE28A,data/reports/stage28a_discovery_factory_batch_runner/stage28a_exact_trades.csv,liquidity_sweep_regime_v1,liq_pdh_breakout_follow_h12_tp06_sl065,1.5388000000001738,0.488800000000174,-0.2111999999998257,1,0,1,0,0.488800000000174,38.25,18.450000000000273,0.7501355013550104,23.690000000000055,0.5293372731110145,6.710000000000036,6.692500000000064,0.7,1.0,,,12,2,2.0,2025
2025-02-10 12:00:00+00:00|1.0|liq_pdh_breakout_follow_h12_tp06_sl065,2025-02-10 12:00:00+00:00,STAGE28A,data/reports/stage28a_discovery_factory_batch_runner/stage28a_exact_trades.csv,liquidity_sweep_regime_v1,liq_pdh_breakout_follow_h12_tp06_sl065,-2.589575000000059,-3.639575000000059,-4.339575000000059,0,0,0,1,3.639575000000059,14.0,23.190000000000055,0.5066839154808095,30.40000000000009,0.7578947368421018,7.099999999999909,8.032499999999981,0.82,1.0,,,12,0,2.0,2025
2025-02-13 12:00:00+00:00|1.0|liq_pdh_breakout_follow_h12_tp06_sl065,2025-02-13 12:00:00+00:00,STAGE28A,data/reports/stage28a_discovery_factory_batch_runner/stage28a_exact_trades.csv,liquidity_sweep_regime_v1,liq_pdh_breakout_follow_h12_tp06_sl065,-2.915224999999828,-3.965224999999828,-4.665224999999827,0,0,0,1,3.965224999999828,45.38000000000011,18.759999999999764,0.6780383795309147,13.460000000000036,0.05274888558692678,8.41000000000031,7.1009999999999085,0.336,1.0,,,12,3,2.0,2025
2025-02-14 12:00:00+00:00|1.0|liq_pdh_breakout_follow_h12_tp06_sl065,2025-02-14 12:00:00+00:00,STAGE28A,data/reports/stage28a_discovery_factory_batch_runner/stage28a_exact_trades.csv,liquidity_sweep_regime_v1,liq_pdh_breakout_follow_h12_tp06_sl065,1.4871999999999388,0.4371999999999389,-0.2628000000000607,1,0,1,0,0.4371999999999389,31.13000000000011,10.860000000000127,0.24677716390425963,13.309999999999945,0.5416979714500425,4.639999999999873,5.945999999999958,0.084,1.0,,,12,4,2.0,2025
2025-02-17 12:00:00+00:00|1.0|liq_pdh_breakout_follow_h12_tp06_sl065,2025-02-17 12:00:00+00:00,STAGE28A,data/reports/stage28a_discovery_factory_batch_runner/stage28a_exact_trades.csv,liquidity_sweep_regime_v1,liq_pdh_breakout_follow_h12_tp06_sl065,-2.95129999999981,-4.0012999999998105,-4.70129999999981,0,0,0,1,4.0012999999998105,15.88000000000011,26.809999999999945,0.7411413651622673,18.269999999999982,0.20634920634920556,6.2400000000002365,10.248499999999945,0.9,1.0,,,12,0,2.0,2025
2025-02-18 12:00:00+00:00|1.0|liq_pdh_breakout_follow_h12_tp06_sl065,2025-02-18 12:00:00+00:00,STAGE28A,data/reports/stage28a_discovery_factory_batch_runner/stage28a_exact_trades.csv,liquidity_sweep_regime_v1,liq_pdh_breakout_follow_h12_tp06_sl065,1.3047999999997957,0.2547999999997956,-0.4452000000002041,1,0,1,0,0.2547999999997956,28.340000000000146,19.059999999999945,0.600734522560328,8.389999999999873,0.07866507747322041,3.3900000000003274,4.717500000000041,0.012,1.0,,,12,1,2.0,2025
2025-02-19 12:00:00+00:00|1.0|liq_pdh_breakout_follow_h12_tp06_sl065,2025-02-19 12:00:00+00:00,STAGE28A,data/reports/stage28a_discovery_factory_batch_runner/stage28a_exact_trades.csv,liquidity_sweep_regime_v1,liq_pdh_breakout_follow_h12_tp06_sl065,1.4893000000000938,0.4393000000000939,-0.2606999999999058,1,0,1,0,0.4393000000000939,45.25,15.480000000000018,0.31330749354004545,19.0,0.8199999999999962,8.460000000000036,6.546499999999969,0.28,1.0,,,12,2,2.0,2025
2025-02-20 12:00:00+00:00|1.0|liq_pdh_breakout_follow_h12_tp06_sl065,2025-02-20 12:00:00+00:00,STAGE28A,data/reports/stage28a_discovery_factory_batch_runner/stage28a_exact_trades.csv,liquidity_sweep_regime_v1,liq_pdh_breakout_follow_h12_tp06_sl065,-2.1956750000000285,-3.2456750000000283,-3.945675000000028,0,0,0,1,3.2456750000000283,28.440000000000055,11.75,0.3948936170213045,15.509999999999764,0.7949709864603556,4.9699999999998,6.848999999999978,0.348,1.0,,,12,3,2.0,2025
2025-02-24 12:00:00+00:00|1.0|liq_pdh_breakout_follow_h12_tp06_sl065,2025-02-24 12:00:00+00:00,STAGE28A,data/reports/stage28a_discovery_factory_batch_runner/stage28a_exact_trades.csv,liquidity_sweep_regime_v1,liq_pdh_breakout_follow_h12_tp06_sl065,-2.57787500000004,-3.62787500000004,-4.32787500000004,0,0,0,1,3.62787500000004,6.440000000000055,23.519999999999982,0.15348639455782867,14.259999999999764,0.15848527349227215,5.389999999999873,7.922500000000037,0.556,1.0,,,12,0,2.0,2025
2025-03-04 12:00:00+00:00|1.0|liq_pdh_breakout_follow_h12_tp06_sl065,2025-03-04 12:00:00+00:00,STAGE28A,data/reports/stage28a_discovery_factory_batch_runner/stage28a_exact_trades.csv,liquidity_sweep_regime_v1,liq_pdh_breakout_follow_h12_tp06_sl065,-3.3604750000000423,-4.4104750000000426,-5.110475000000042,0,0,0,1,4.4104750000000426,39.940000000000055,11.83999999999969,0.03378378378375394,36.98000000000002,0.6311519740400252,8.809999999999945,8.672000000000025,0.736,1.0,,,12,1,3.0,2025
2025-03-13 12:00:00+00:00|1.0|liq_pdh_breakout_follow_h12_tp06_sl065,2025-03-13 12:00:00+00:00,STAGE28A,data/reports/stage28a_discovery_factory_batch_runner/stage28a_exact_trades.csv,liquidity_sweep_regime_v1,liq_pdh_breakout_follow_h12_tp06_sl065,1.5772000000000843,0.5272000000000845,-0.1727999999999152,1,0,1,0,0.5272000000000845,34.40000000000009,14.309999999999945,0.8315863032844261,15.86999999999989,0.043478260869568956,7.820000000000164,5.791999999999985,0.048,1.0,,,12,3,3.0,2025
2025-03-14 12:00:00+00:00|1.0|liq_pdh_breakout_follow_h12_tp06_sl065,2025-03-14 12:00:00+00:00,STAGE28A,data/reports/stage28a_discovery_factory_batch_runner/stage28a_exact_trades.csv,liquidity_sweep_regime_v1,liq_pdh_breakout_follow_h12_tp06_sl065,-2.5063750000000256,-3.5563750000000254,-4.256375000000025,0,0,0,1,3.5563750000000254,56.50999999999976,12.150000000000091,0.27160493827158044,24.0,0.32583333333334014,6.789999999999964,7.393499999999972,0.332,1.0,,,12,4,3.0,2025
2025-03-17 12:00:00+00:00|1.0|liq_pdh_breakout_follow_h12_tp06_sl065,2025-03-17 12:00:00+00:00,STAGE28A,data/reports/stage28a_discovery_factory_batch_runner/stage28a_exact_trades.csv,liquidity_sweep_regime_v1,liq_pdh_breakout_follow_h12_tp06_sl065,-1.953874999999789,-3.003874999999789,-3.7038749999997886,0,0,0,0,3.003874999999789,10.909999999999854,11.659999999999854,0.14493996569468917,17.420000000000073,0.9466130884041167,9.199999999999818,5.64699999999998,0.044,1.0,,,12,0,3.0,2025
2025-03-18 12:00:00+00:00|1.0|liq_pdh_breakout_follow_h12_tp06_sl065,2025-03-18 12:00:00+00:00,STAGE28A,data/reports/stage28a_discovery_factory_batch_runner/stage28a_exact_trades.csv,liquidity_sweep_regime_v1,liq_pdh_breakout_follow_h12_tp06_sl065,-2.980549999999857,-4.030549999999858,-4.730549999999857,0,0,0,1,4.030549999999858,20.670000000000073,17.58999999999969,0.8095508811824919,22.340000000000146,0.4185317815577372,10.389999999999873,6.042499999999995,0.184,1.0,,,12,1,3.0,2025
2025-03-24 12:00:00+00:00|1.0|liq_pdh_breakout_follow_h12_tp06_sl065,2025-03-24 12:00:00+00:00,STAGE28A,data/reports/stage28a_discovery_factory_batch_runner/stage28a_exact_trades.csv,liquidity_sweep_regime_v1,liq_pdh_breakout_follow_h12_tp06_sl065,-2.3923000000000685,-3.4423000000000683,-4.142300000000068,0,0,0,1,3.4423000000000683,5.869999999999891,12.66000000000031,0.09794628751976352,15.970000000000255,0.5453976205385033,8.33999999999969,6.266500000000019,0.34,1.0,,,12,0,3.0,2025
2025-03-27 12:00:00+00:00|1.0|liq_pdh_breakout_follow_h12_tp06_sl065,2025-03-27 12:00:00+00:00,STAGE28A,data/reports/stage28a_discovery_factory_batch_runner/stage28a_exact_trades.csv,liquidity_sweep_regime_v1,liq_pdh_breakout_follow_h12_tp06_sl065,-2.6818749999998546,-3.7318749999998544,-4.431874999999854,0,0,0,1,3.7318749999998544,19.840000000000146,21.110000000000127,0.7607768829938346,29.13000000000011,0.5918297288019283,6.349999999999909,5.275999999999999,0.028,1.0,,,12,3,3.0,2025
2025-03-28 12:00:00+00:00|1.0|liq_pdh_breakout_follow_h12_tp06_sl065,2025-03-28 12:00:00+00:00,STAGE28A,data/reports/stage28a_discovery_factory_batch_runner/stage28a_exact_trades.csv,liquidity_sweep_regime_v1,liq_pdh_breakout_follow_h12_tp06_sl065,-3.091700000000037,-4.1417000000000375,-4.841700000000037,0,0,0,1,4.1417000000000375,42.07999999999993,23.289999999999964,0.7745813653928721,19.770000000000437,0.018715225088535025,6.460000000000036,7.060000000000059,0.624,1.0,,,12,4,3.0,2025
2025-03-31 12:00:00+00:00|1.0|liq_pdh_breakout_follow_h12_tp06_sl065,2025-03-31 12:00:00+00:00,STAGE28A,data/reports/stage28a_discovery_factory_batch_runner/stage28a_exact_trades.csv,liquidity_sweep_regime_v1,liq_pdh_breakout_follow_h12_tp06_sl065,-3.57400000000016,-4.62400000000016,-5.32400000000016,0,0,0,1,4.62400000000016,12.38000000000011,34.820000000000164,0.49109707064904734,22.2199999999998,0.3510351035103419,6.220000000000255,9.962000000000035,0.984,1.0,,,12,0,3.0,2025
2025-04-01 12:00:00+00:00|1.0|liq_pdh_breakout_follow_h12_tp06_sl065,2025-04-01 12:00:00+00:00,STAGE28A,data/reports/stage28a_discovery_factory_batch_runner/stage28a_exact_trades.csv,liquidity_sweep_regime_v1,liq_pdh_breakout_follow_h12_tp06_sl065,2.7969999999999344,1.7469999999999346,1.0469999999999349,1,1,1,0,1.7469999999999346,51.42000000000007,27.210000000000036,0.8515251745681582,24.809999999999945,0.5630794034663373,9.209999999999582,9.429499999999916,0.928,1.0,,,12,1,4.0,2025
2025-04-07 12:00:00+00:00|1.0|liq_pdh_breakout_follow_h12_tp06_sl065,2025-04-07 12:00:00+00:00,STAGE28A,data/reports/stage28a_discovery_factory_batch_runner/stage28a_exact_trades.csv,liquidity_sweep_regime_v1,liq_pdh_breakout_follow_h12_tp06_sl065,-7.149324999999953,-8.199324999999954,-8.899324999999953,0,0,0,1,8.199324999999954,31.919999999999618,84.09999999999991,0.11319857312722939,31.210000000000036,0.19801345722524283,17.56999999999971,27.080999999999925,0.972,1.0,,,12,0,4.0,2025
2025-04-09 12:00:00+00:00|1.0|liq_pdh_breakout_follow_h12_tp06_sl065,2025-04-09 12:00:00+00:00,STAGE28A,data/reports/stage28a_discovery_factory_batch_runner/stage28a_exact_trades.csv,liquidity_sweep_regime_v1,liq_pdh_breakout_follow_h12_tp06_sl065,4.4929000000001,3.4429000000001,2.7429000000001,1,1,1,0,3.4429000000001,47.98000000000002,41.13999999999987,0.5486144871171555,52.7800000000002,0.7663887836301566,12.900000000000091,15.397500000000036,0.74,1.0,,,12,2,4.0,2025
2025-04-10 12:00:00+00:00|1.0|liq_pdh_breakout_follow_h12_tp06_sl065,2025-04-10 12:00:00+00:00,STAGE28A,data/reports/stage28a_discovery_factory_batch_runner/stage28a_exact_trades.csv,liquidity_sweep_regime_v1,liq_pdh_breakout_follow_h12_tp06_sl065,3.7249000000000714,2.6749000000000707,1.974900000000071,1,1,1,0,2.6749000000000707,129.6500000000001,60.11999999999989,0.7538256819693986,29.460000000000036,0.30040733197557207,10.859999999999673,19.59300000000003,0.824,1.0,,,12,3,4.0,2025
2025-04-11 12:00:00+00:00|1.0|liq_pdh_breakout_follow_h12_tp06_sl065,2025-04-11 12:00:00+00:00,STAGE28A,data/reports/stage28a_discovery_factory_batch_runner/stage28a_exact_trades.csv,liquidity_sweep_regime_v1,liq_pdh_breakout_follow_h12_tp06_sl065,5.777500000000055,4.727500000000054,4.027500000000055,1,1,1,0,4.727500000000054,117.48000000000002,44.58999999999969,0.6503700381251447,42.960000000000036,0.23114525139664405,18.960000000000036,17.047000000000025,0.72,1.0,,,12,4,4.0,2025
2025-04-14 12:00:00+00:00|1.0|liq_pdh_breakout_follow_h12_tp06_sl065,2025-04-14 12:00:00+00:00,STAGE28A,data/reports/stage28a_discovery_factory_batch_runner/stage28a_exact_trades.csv,liquidity_sweep_regime_v1,liq_pdh_breakout_follow_h12_tp06_sl065,-4.279575000000113,-5.329575000000114,-6.029575000000113,0,0,0,1,5.329575000000114,20.509999999999764,36.29999999999973,0.31129476584022775,21.460000000000036,0.39422180801491247,13.379999999999654,12.988500000000045,0.352,1.0,,,12,0,4.0,2025
2025-04-16 12:00:00+00:00|1.0|liq_pdh_breakout_follow_h12_tp06_sl065,2025-04-16 12:00:00+00:00,STAGE28A,data/reports/stage28a_discovery_factory_batch_runner/stage28a_exact_trades.csv,liquidity_sweep_regime_v1,liq_pdh_breakout_follow_h12_tp06_sl065,-5.442099999999845,-6.492099999999846,-7.192099999999845,0,0,0,1,6.492099999999846,31.389999999999873,51.76000000000022,0.7735703245749574,48.39000000000033,0.4552593511056014,29.170000000000073,11.94849999999999,0.252,1.0,,,12,2,4.0,2025
2025-04-21 12:00:00+00:00|1.0|liq_pdh_breakout_follow_h12_tp06_sl065,2025-04-21 12:00:00+00:00,STAGE28A,data/reports/stage28a_discovery_factory_batch_runner/stage28a_exact_trades.csv,liquidity_sweep_regime_v1,liq_pdh_breakout_follow_h12_tp06_sl065,-3.5210250000001,-4.5710250000001,-5.271025000000099,0,0,0,1,4.5710250000001,24.230000000000018,56.29999999999973,0.6460035523978698,27.25,0.4565137614678919,10.440000000000055,13.979499999999984,0.364,1.0,,,12,0,4.0,2025
2025-04-22 12:00:00+00:00|1.0|liq_pdh_breakout_follow_h12_tp06_sl065,2025-04-22 12:00:00+00:00,STAGE28A,data/reports/stage28a_discovery_factory_batch_runner/stage28a_exact_trades.csv,liquidity_sweep_regime_v1,liq_pdh_breakout_follow_h12_tp06_sl065,-7.109349999999813,-8.159349999999813,-8.859349999999813,0,0,0,1,8.159349999999813,102.19999999999982,82.3100000000004,0.6886162070222277,56.809999999999945,0.5835240274599564,29.48999999999978,19.012500000000045,0.852,1.0,,,12,1,4.0,2025
2025-05-05 12:00:00+00:00|1.0|liq_pdh_breakout_follow_h12_tp06_sl065,2025-05-05 12:00:00+00:00,STAGE28A,data/reports/stage28a_discovery_factory_batch_runner/stage28a_exact_trades.csv,liquidity_sweep_regime_v1,liq_pdh_breakout_follow_h12_tp06_sl065,-3.863249999999971,-4.913249999999971,-5.6132499999999705,0,0,0,1,4.913249999999971,7.070000000000164,34.75,0.4330935251798483,55.36000000000013,0.9750722543352582,19.800000000000182,13.237000000000103,0.228,1.0,,,12,0,5.0,2025
2025-05-06 12:00:00+00:00|1.0|liq_pdh_breakout_follow_h12_tp06_sl065,2025-05-06 12:00:00+00:00,STAGE28A,data/reports/stage28a_discovery_factory_batch_runner/stage28a_exact_trades.csv,liquidity_sweep_regime_v1,liq_pdh_breakout_follow_h12_tp06_sl065,3.528400000000056,2.478400000000056,1.7784000000000564,1,1,1,0,2.478400000000056,100.18000000000029,63.51999999999998,0.4711901763224157,32.86999999999989,0.6905993306966807,14.449999999999818,14.066500000000042,0.424,1.0,,,12,1,5.0,2025
2025-05-19 12:00:00+00:00|1.0|liq_pdh_breakout_follow_h12_tp06_sl065,2025-05-19 12:00:00+00:00,STAGE28A,data/reports/stage28a_discovery_factory_batch_runner/stage28a_exact_trades.csv,liquidity_sweep_regime_v1,liq_pdh_breakout_follow_h12_tp06_sl065,3.043000000000029,1.9930000000000287,1.2930000000000297,1,1,1,0,1.9930000000000287,34.039999999999964,43.0,0.6297674418604634,40.88999999999987,0.7282954267547149,14.83999999999969,16.026999999999997,0.676,1.0,,,12,0,5.0,2025
2025-05-21 12:00:00+00:00|1.0|liq_pdh_breakout_follow_h12_tp06_sl065,2025-05-21 12:00:00+00:00,STAGE28A,data/reports/stage28a_discovery_factory_batch_runner/stage28a_exact_trades.csv,liquidity_sweep_regime_v1,liq_pdh_breakout_follow_h12_tp06_sl065,3.1047999999999774,2.054799999999977,1.3547999999999778,1,1,1,0,2.054799999999977,92.44000000000005,29.09999999999991,0.3731958762886497,22.159999999999854,0.26579422382673135,8.289999999999964,13.031999999999925,0.316,1.0,,,12,2,5.0,2025
2025-06-02 12:00:00+00:00|1.0|liq_pdh_breakout_follow_h12_tp06_sl065,2025-06-02 12:00:00+00:00,STAGE28A,data/reports/stage28a_discovery_factory_batch_runner/stage28a_exact_trades.csv,liquidity_sweep_regime_v1,liq_pdh_breakout_follow_h12_tp06_sl065,2.983299999999781,1.933299999999781,1.2332999999997811,1,1,1,0,1.933299999999781,19.170000000000073,20.759999999999764,0.2076107899807319,50.04999999999973,0.7880119880119933,6.299999999999727,10.888499999999954,0.388,1.0,,,12,0,6.0,2025
2025-06-09 12:00:00+00:00|1.0|liq_pdh_breakout_follow_h12_tp06_sl065,2025-06-09 12:00:00+00:00,STAGE28A,data/reports/stage28a_discovery_factory_batch_runner/stage28a_exact_trades.csv,liquidity_sweep_regime_v1,liq_pdh_breakout_follow_h12_tp06_sl065,-2.69552500000018,-3.74552500000018,-4.445525000000179,0,0,0,1,3.74552500000018,11.909999999999854,27.629999999999654,0.1458559536735523,19.210000000000036,0.4122852680895397,5.849999999999909,10.457000000000061,0.488,1.0,,,12,0,6.0,2025
2025-06-13 12:00:00+00:00|1.0|liq_pdh_breakout_follow_h12_tp06_sl065,2025-06-13 12:00:00+00:00,STAGE28A,data/reports/stage28a_discovery_factory_batch_runner/stage28a_exact_trades.csv,liquidity_sweep_regime_v1,liq_pdh_breakout_follow_h12_tp06_sl065,-4.258124999999927,-5.308124999999928,-6.008124999999927,0,0,0,1,5.308124999999928,60.320000000000164,64.65000000000009,0.6521268368136086,22.43000000000029,0.05840392331698299,11.7199999999998,12.736000000000013,0.916,1.0,,,12,4,6.0,2025
2025-06-26 12:00:00+00:00|1.0|liq_pdh_breakout_follow_h12_tp06_sl065,2025-06-26 12:00:00+00:00,STAGE28A,data/reports/stage28a_discovery_factory_batch_runner/stage28a_exact_trades.csv,liquidity_sweep_regime_v1,liq_pdh_breakout_follow_h12_tp06_sl065,1.7137000000001534,0.6637000000001536,-0.0362999999998461,1,0,1,0,0.6637000000001536,25.09999999999991,13.859999999999673,0.3448773448773675,19.23999999999978,0.12577962577963098,5.779999999999745,7.549000000000047,0.076,1.0,,,12,3,6.0,2025
2025-06-30 12:00:00+00:00|1.0|liq_pdh_breakout_follow_h12_tp06_sl065,2025-06-30 12:00:00+00:00,STAGE28A,data/reports/stage28a_discovery_factory_batch_runner/stage28a_exact_trades.csv,liquidity_sweep_regime_v1,liq_pdh_breakout_follow_h12_tp06_sl065,2.101599999999871,1.0515999999998713,0.3515999999998715,1,1,1,0,1.0515999999998713,33.51999999999998,34.99000000000024,0.43498142326379396,19.809999999999945,0.4437152953054007,8.2199999999998,10.778500000000031,0.688,1.0,,,12,0,6.0,2025
2025-07-01 12:00:00+00:00|1.0|liq_pdh_breakout_follow_h12_tp06_sl065,2025-07-01 12:00:00+00:00,STAGE28A,data/reports/stage28a_discovery_factory_batch_runner/stage28a_exact_trades.csv,liquidity_sweep_regime_v1,liq_pdh_breakout_follow_h12_tp06_sl065,1.8117999999998573,0.7617999999998575,0.0617999999998577,1,1,1,0,0.7617999999998575,63.93000000000029,20.279999999999745,0.4817554240631215,29.08999999999969,0.8446201443795108,5.430000000000291,7.371000000000049,0.064,1.0,,,12,1,7.0,2025
2025-07-10 12:00:00+00:00|1.0|liq_pdh_breakout_follow_h12_tp06_sl065,2025-07-10 12:00:00+00:00,STAGE28A,data/reports/stage28a_discovery_factory_batch_runner/stage28a_exact_trades.csv,liquidity_sweep_regime_v1,liq_pdh_breakout_follow_h12_tp06_sl065,1.562499999999909,0.5124999999999091,-0.1875000000000906,1,0,1,0,0.5124999999999091,37.20999999999958,12.9699999999998,0.29452582883575695,15.36999999999989,0.698113207547176,10.199999999999818,7.044999999999982,0.14,1.0,,,12,3,7.0,2025
2025-07-11 12:00:00+00:00|1.0|liq_pdh_breakout_follow_h12_tp06_sl065,2025-07-11 12:00:00+00:00,STAGE28A,data/reports/stage28a_discovery_factory_batch_runner/stage28a_exact_trades.csv,liquidity_sweep_regime_v1,liq_pdh_breakout_follow_h12_tp06_sl065,2.1991000000001804,1.1491000000001803,0.4491000000001808,1,1,1,0,1.1491000000001803,20.15000000000009,14.420000000000073,0.7302357836338521,14.16000000000031,0.4067796610169557,11.0300000000002,7.511500000000001,0.312,1.0,,,12,4,7.0,2025
2025-07-18 12:00:00+00:00|1.0|liq_pdh_breakout_follow_h12_tp06_sl065,2025-07-18 12:00:00+00:00,STAGE28A,data/reports/stage28a_discovery_factory_batch_runner/stage28a_exact_trades.csv,liquidity_sweep_regime_v1,liq_pdh_breakout_follow_h12_tp06_sl065,-2.53204999999989,-3.58204999999989,-4.28204999999989,0,0,0,1,3.58204999999989,42.3100000000004,10.190000000000055,0.85083415112856,23.110000000000127,0.7676330592817022,4.130000000000109,6.179000000000019,0.068,1.0,,,12,4,7.0,2025
2025-07-21 12:00:00+00:00|1.0|liq_pdh_breakout_follow_h12_tp06_sl065,2025-07-21 12:00:00+00:00,STAGE28A,data/reports/stage28a_discovery_factory_batch_runner/stage28a_exact_trades.csv,liquidity_sweep_regime_v1,liq_pdh_breakout_follow_h12_tp06_sl065,-2.411149999999998,-3.4611499999999977,-4.1611499999999975,0,0,0,1,3.4611499999999977,5.199999999999818,13.569999999999709,0.25718496683860403,20.029999999999745,0.7393909136295623,3.769999999999982,5.629499999999894,0.036,1.0,,,12,0,7.0,2025
2025-07-28 12:00:00+00:00|1.0|liq_pdh_breakout_follow_h12_tp06_sl065,2025-07-28 12:00:00+00:00,STAGE28A,data/reports/stage28a_discovery_factory_batch_runner/stage28a_exact_trades.csv,liquidity_sweep_regime_v1,liq_pdh_breakout_follow_h12_tp06_sl065,1.6651000000000749,0.615100000000075,-0.0848999999999247,1,0,1,0,0.615100000000075,18.269999999999982,26.029999999999745,0.5220898962735412,12.829999999999927,0.4263445050662378,6.440000000000055,8.323999999999888,0.724,1.0,,,12,0,7.0,2025
2025-08-01 23:45:00+00:00|1.0|liq_pdh_breakout_follow_h12_tp06_sl065,2025-08-01 23:45:00+00:00,STAGE28A,data/reports/stage28a_discovery_factory_batch_runner/stage28a_exact_trades.csv,liquidity_sweep_regime_v1,liq_pdh_breakout_follow_h12_tp06_sl065,-0.35,-1.4,-2.1,0,0,0,0,1.4,40.809999999999945,15.559999999999945,0.23136246786631887,15.069999999999709,0.20570670205709513,13.690000000000055,10.481999999999925,1.0,1.0,,,12,4,8.0,2025
2025-08-13 12:00:00+00:00|1.0|liq_pdh_breakout_follow_h12_tp06_sl065,2025-08-13 12:00:00+00:00,STAGE28A,data/reports/stage28a_discovery_factory_batch_runner/stage28a_exact_trades.csv,liquidity_sweep_regime_v1,liq_pdh_breakout_follow_h12_tp06_sl065,1.817199999999866,0.7671999999998662,0.0671999999998664,1,1,1,0,0.7671999999998662,28.0300000000002,11.659999999999854,0.07375643224701013,21.079999999999927,0.7191650853890115,10.559999999999945,7.5870000000000575,0.304,1.0,,,12,2,8.0,2025
2025-08-18 12:00:00+00:00|1.0|liq_pdh_breakout_follow_h12_tp06_sl065,2025-08-18 12:00:00+00:00,STAGE28A,data/reports/stage28a_discovery_factory_batch_runner/stage28a_exact_trades.csv,liquidity_sweep_regime_v1,liq_pdh_breakout_follow_h12_tp06_sl065,-2.5989999999997964,-3.648999999999796,-4.348999999999796,0,0,0,1,3.648999999999796,6.019999999999982,28.190000000000055,0.4522880454061715,13.799999999999727,0.07608695652172086,5.339999999999691,7.390500000000043,0.38,1.0,,,12,0,8.0,2025
2025-08-26 12:00:00+00:00|1.0|liq_pdh_breakout_follow_h12_tp06_sl065,2025-08-26 12:00:00+00:00,STAGE28A,data/reports/stage28a_discovery_factory_batch_runner/stage28a_exact_trades.csv,liquidity_sweep_regime_v1,liq_pdh_breakout_follow_h12_tp06_sl065,-2.667900000000009,-3.7179000000000086,-4.417900000000008,0,0,0,1,3.7179000000000086,16.389999999999873,35.129999999999654,0.22687161969826014,12.58999999999969,0.030182684670346602,4.389999999999873,8.015499999999998,0.816,1.0,,,12,1,8.0,2025
2025-08-28 12:00:00+00:00|1.0|liq_pdh_breakout_follow_h12_tp06_sl065,2025-08-28 12:00:00+00:00,STAGE28A,data/reports/stage28a_discovery_factory_batch_runner/stage28a_exact_trades.csv,liquidity_sweep_regime_v1,liq_pdh_breakout_follow_h12_tp06_sl065,-2.0569000000001325,-3.1069000000001323,-3.806900000000132,0,0,0,1,3.1069000000001323,25.049999999999727,15.08999999999969,0.3770709078860286,13.86999999999989,0.6560922855083227,7.100000000000364,5.584000000000015,0.284,1.0,,,12,3,8.0,2025
2025-09-01 12:00:00+00:00|1.0|liq_pdh_breakout_follow_h12_tp06_sl065,2025-09-01 12:00:00+00:00,STAGE28A,data/reports/stage28a_discovery_factory_batch_runner/stage28a_exact_trades.csv,liquidity_sweep_regime_v1,liq_pdh_breakout_follow_h12_tp06_sl065,-3.664025000000129,-4.714025000000129,-5.414025000000128,0,0,0,1,4.714025000000129,10.070000000000164,48.98000000000002,0.49407921600653865,22.579999999999927,0.22630646589903206,5.260000000000218,10.667500000000041,0.988,1.0,,,12,0,9.0,2025
2025-09-03 12:00:00+00:00|1.0|liq_pdh_breakout_follow_h12_tp06_sl065,2025-09-03 12:00:00+00:00,STAGE28A,data/reports/stage28a_discovery_factory_batch_runner/stage28a_exact_trades.csv,liquidity_sweep_regime_v1,liq_pdh_breakout_follow_h12_tp06_sl065,-2.8781749999999198,-3.928174999999919,-4.628174999999919,0,0,0,1,3.928174999999919,70.11000000000013,20.48999999999978,0.07369448511467934,14.86999999999989,0.24277067921991619,7.460000000000036,10.099500000000035,0.876,1.0,,,12,2,9.0,2025
2025-09-08 12:00:00+00:00|1.0|liq_pdh_breakout_follow_h12_tp06_sl065,2025-09-08 12:00:00+00:00,STAGE28A,data/reports/stage28a_discovery_factory_batch_runner/stage28a_exact_trades.csv,liquidity_sweep_regime_v1,liq_pdh_breakout_follow_h12_tp06_sl065,-3.309449999999833,-4.359449999999834,-5.059449999999833,0,0,0,1,4.359449999999834,18.25,18.559999999999945,0.46821120689655604,37.679999999999836,0.8017515923566924,10.159999999999854,10.40600000000004,0.74,1.0,,,12,0,9.0,2025
2025-09-09 12:00:00+00:00|1.0|liq_pdh_breakout_follow_h12_tp06_sl065,2025-09-09 12:00:00+00:00,STAGE28A,data/reports/stage28a_discovery_factory_batch_runner/stage28a_exact_trades.csv,liquidity_sweep_regime_v1,liq_pdh_breakout_follow_h12_tp06_sl065,-4.17654999999977,-5.22654999999977,-5.92654999999977,0,0,0,1,5.22654999999977,67.81999999999971,26.2800000000002,0.6255707762556878,22.7199999999998,0.3371478873239602,8.980000000000018,9.348999999999979,0.564,1.0,,,12,1,9.0,2025
2025-09-16 12:00:00+00:00|1.0|liq_pdh_breakout_follow_h12_tp06_sl065,2025-09-16 12:00:00+00:00,STAGE28A,data/reports/stage28a_discovery_factory_batch_runner/stage28a_exact_trades.csv,liquidity_sweep_regime_v1,liq_pdh_breakout_follow_h12_tp06_sl065,1.8495999999999184,0.7995999999999186,0.0995999999999188,1,1,1,0,0.7995999999999186,58.88000000000011,14.720000000000255,0.1555706521739079,18.590000000000146,0.9214631522323816,11.090000000000146,8.402500000000009,0.272,1.0,,,12,1,9.0,2025
2025-09-22 12:00:00+00:00|1.0|liq_pdh_breakout_follow_h12_tp06_sl065,2025-09-22 12:00:00+00:00,STAGE28A,data/reports/stage28a_discovery_factory_batch_runner/stage28a_exact_trades.csv,liquidity_sweep_regime_v1,liq_pdh_breakout_follow_h12_tp06_sl065,2.304399999999896,1.254399999999896,0.5543999999998963,1,1,1,0,1.254399999999896,8.700000000000273,13.7800000000002,0.5079825834542742,36.529999999999745,0.7601970982754074,10.539999999999964,8.703999999999997,0.46,1.0,,,12,0,9.0,2025
2025-09-23 12:00:00+00:00|1.0|liq_pdh_breakout_follow_h12_tp06_sl065,2025-09-23 12:00:00+00:00,STAGE28A,data/reports/stage28a_discovery_factory_batch_runner/stage28a_exact_trades.csv,liquidity_sweep_regime_v1,liq_pdh_breakout_follow_h12_tp06_sl065,-3.6542749999999615,-4.704274999999962,-5.404274999999961,0,0,0,1,4.704274999999962,65.05000000000018,22.389999999999873,0.2880750334970904,48.059999999999945,0.7973366625052062,22.139999999999873,9.718999999999937,0.768,1.0,,,12,1,9.0,2025
2025-09-29 12:00:00+00:00|1.0|liq_pdh_breakout_follow_h12_tp06_sl065,2025-09-29 12:00:00+00:00,STAGE28A,data/reports/stage28a_discovery_factory_batch_runner/stage28a_exact_trades.csv,liquidity_sweep_regime_v1,liq_pdh_breakout_follow_h12_tp06_sl065,-4.728400000000056,-5.778400000000056,-6.478400000000056,0,0,0,1,5.778400000000056,14.63000000000011,43.039999999999964,0.5534386617100309,27.38000000000011,0.4755295836376892,12.460000000000036,12.924499999999943,0.964,1.0,,,12,0,9.0,2025
2025-10-01 12:00:00+00:00|1.0|liq_pdh_breakout_follow_h12_tp06_sl065,2025-10-01 12:00:00+00:00,STAGE28A,data/reports/stage28a_discovery_factory_batch_runner/stage28a_exact_trades.csv,liquidity_sweep_regime_v1,liq_pdh_breakout_follow_h12_tp06_sl065,-4.159650000000147,-5.209650000000147,-5.909650000000147,0,0,0,1,5.209650000000147,78.48999999999978,21.0,0.0890476190476355,42.070000000000164,0.6467791775612058,16.31999999999971,12.329999999999995,0.744,1.0,,,12,2,10.0,2025
2025-10-06 12:00:00+00:00|1.0|liq_pdh_breakout_follow_h12_tp06_sl065,2025-10-06 12:00:00+00:00,STAGE28A,data/reports/stage28a_discovery_factory_batch_runner/stage28a_exact_trades.csv,liquidity_sweep_regime_v1,liq_pdh_breakout_follow_h12_tp06_sl065,-4.984175000000141,-6.0341750000001415,-6.734175000000141,0,0,0,1,6.0341750000001415,17.269999999999982,47.940000000000055,0.6191072173550229,27.0,0.47259259259260067,14.200000000000273,13.529500000000075,0.912,1.0,,,12,0,10.0,2025
2025-10-08 12:00:00+00:00|1.0|liq_pdh_breakout_follow_h12_tp06_sl065,2025-10-08 12:00:00+00:00,STAGE28A,data/reports/stage28a_discovery_factory_batch_runner/stage28a_exact_trades.csv,liquidity_sweep_regime_v1,liq_pdh_breakout_follow_h12_tp06_sl065,-3.984799999999814,-5.034799999999814,-5.734799999999813,0,0,0,1,5.034799999999814,50.070000000000164,33.5,0.750447761194026,34.840000000000146,0.9916762342135357,7.190000000000055,11.744500000000084,0.388,1.0,,,12,2,10.0,2025
2025-10-13 12:00:00+00:00|1.0|liq_pdh_breakout_follow_h12_tp06_sl065,2025-10-13 12:00:00+00:00,STAGE28A,data/reports/stage28a_discovery_factory_batch_runner/stage28a_exact_trades.csv,liquidity_sweep_regime_v1,liq_pdh_breakout_follow_h12_tp06_sl065,-4.842799999999988,-5.892799999999989,-6.592799999999988,0,0,0,1,5.892799999999989,46.13000000000011,61.30000000000018,0.15595432300162998,28.690000000000055,0.882886023004527,10.11999999999989,22.6355,0.96,1.0,,,12,0,10.0,2025
2025-10-14 12:00:00+00:00|1.0|liq_pdh_breakout_follow_h12_tp06_sl065,2025-10-14 12:00:00+00:00,STAGE28A,data/reports/stage28a_discovery_factory_batch_runner/stage28a_exact_trades.csv,liquidity_sweep_regime_v1,liq_pdh_breakout_follow_h12_tp06_sl065,-10.981075000000237,-12.031075000000238,-12.731075000000237,0,0,0,1,12.031075000000238,117.94000000000051,59.97999999999956,0.8072690896965726,89.0300000000002,0.4022239694485041,20.289999999999964,19.984999999999946,0.892,1.0,,,12,1,10.0,2025
2025-10-15 12:00:00+00:00|1.0|liq_pdh_breakout_follow_h12_tp06_sl065,2025-10-15 12:00:00+00:00,STAGE28A,data/reports/stage28a_discovery_factory_batch_runner/stage28a_exact_trades.csv,liquidity_sweep_regime_v1,liq_pdh_breakout_follow_h12_tp06_sl065,4.2175000000001095,3.167500000000109,2.467500000000109,1,1,1,0,3.167500000000109,89.0300000000002,50.0600000000004,0.5687175389532566,53.57999999999993,0.10246360582308135,10.970000000000255,16.48350000000005,0.648,1.0,,,12,2,10.0,2025
2025-10-16 12:00:00+00:00|1.0|liq_pdh_breakout_follow_h12_tp06_sl065,2025-10-16 12:00:00+00:00,STAGE28A,data/reports/stage28a_discovery_factory_batch_runner/stage28a_exact_trades.csv,liquidity_sweep_regime_v1,liq_pdh_breakout_follow_h12_tp06_sl065,4.35129999999972,3.3012999999997192,2.6012999999997195,1,1,1,0,3.3012999999997192,77.52000000000044,42.5,0.4825882352941014,37.970000000000255,0.15011851461679696,7.430000000000291,15.5525000000001,0.544,1.0,,,12,3,10.0,2025
2025-10-29 12:00:00+00:00|1.0|liq_pdh_breakout_follow_h12_tp06_sl065,2025-10-29 12:00:00+00:00,STAGE28A,data/reports/stage28a_discovery_factory_batch_runner/stage28a_exact_trades.csv,liquidity_sweep_regime_v1,liq_pdh_breakout_follow_h12_tp06_sl065,5.106099999999879,4.056099999999878,3.356099999999879,1,1,1,0,4.056099999999878,133.21000000000004,66.23999999999978,0.04649758454106186,79.11000000000013,0.9027935785614961,16.120000000000346,21.087500000000023,0.256,1.0,,,12,2,10.0,2025
2025-11-03 12:00:00+00:00|1.0|liq_pdh_breakout_follow_h12_tp06_sl065,2025-11-03 12:00:00+00:00,STAGE28A,data/reports/stage28a_discovery_factory_batch_runner/stage28a_exact_trades.csv,liquidity_sweep_regime_v1,liq_pdh_breakout_follow_h12_tp06_sl065,4.516599999999835,3.466599999999835,2.766599999999835,1,1,1,0,3.466599999999835,21.11999999999989,53.05000000000018,0.45730442978322594,34.289999999999964,0.13648293963255456,32.54999999999973,19.83499999999997,0.108,1.0,,,12,0,11.0,2025
2025-11-06 12:00:00+00:00|1.0|liq_pdh_breakout_follow_h12_tp06_sl065,2025-11-06 12:00:00+00:00,STAGE28A,data/reports/stage28a_discovery_factory_batch_runner/stage28a_exact_trades.csv,liquidity_sweep_regime_v1,liq_pdh_breakout_follow_h12_tp06_sl065,-3.8583749999998873,-4.908374999999888,-5.608374999999887,0,0,0,1,4.908374999999888,61.58999999999969,25.949999999999818,0.5865125240847748,34.51999999999998,0.571552723059097,5.960000000000036,10.697000000000026,0.008,1.0,,,12,3,11.0,2025
2025-11-10 12:00:00+00:00|1.0|liq_pdh_breakout_follow_h12_tp06_sl065,2025-11-10 12:00:00+00:00,STAGE28A,data/reports/stage28a_discovery_factory_batch_runner/stage28a_exact_trades.csv,liquidity_sweep_regime_v1,liq_pdh_breakout_follow_h12_tp06_sl065,-4.6809500000000295,-5.73095000000003,-6.4309500000000295,0,0,0,1,5.73095000000003,14.260000000000218,58.99000000000024,0.7174097304627902,35.89000000000033,0.7419894120925011,14.320000000000164,14.20050000000001,0.252,1.0,,,12,0,11.0,2025
2025-11-11 12:00:00+00:00|1.0|liq_pdh_breakout_follow_h12_tp06_sl065,2025-11-11 12:00:00+00:00,STAGE28A,data/reports/stage28a_discovery_factory_batch_runner/stage28a_exact_trades.csv,liquidity_sweep_regime_v1,liq_pdh_breakout_follow_h12_tp06_sl065,-4.515850000000318,-5.565850000000319,-6.265850000000318,0,0,0,1,5.565850000000319,122.17999999999984,33.89000000000033,0.6878135143110113,21.980000000000473,0.06505914467699091,11.6899999999996,11.922499999999923,0.096,1.0,,,12,1,11.0,2025
2025-11-13 12:00:00+00:00|1.0|liq_pdh_breakout_follow_h12_tp06_sl065,2025-11-13 12:00:00+00:00,STAGE28A,data/reports/stage28a_discovery_factory_batch_runner/stage28a_exact_trades.csv,liquidity_sweep_regime_v1,liq_pdh_breakout_follow_h12_tp06_sl065,-5.184050000000388,-6.234050000000389,-6.934050000000388,0,0,0,1,6.234050000000389,112.90999999999985,39.74000000000069,0.4574735782586579,37.099999999999454,0.4256064690027007,14.320000000000618,18.53499999999999,0.76,1.0,,,12,3,11.0,2025
2025-11-19 12:00:00+00:00|1.0|liq_pdh_breakout_follow_h12_tp06_sl065,2025-11-19 12:00:00+00:00,STAGE28A,data/reports/stage28a_discovery_factory_batch_runner/stage28a_exact_trades.csv,liquidity_sweep_regime_v1,liq_pdh_breakout_follow_h12_tp06_sl065,4.82529999999988,3.7752999999998793,3.07529999999988,1,1,1,0,3.7752999999998793,84.03999999999996,24.850000000000364,0.06156941649900111,44.95000000000027,0.7506117908787447,35.26999999999998,16.172000000000093,0.54,1.0,,,12,2,11.0,2025
2025-11-26 12:00:00+00:00|1.0|liq_pdh_breakout_follow_h12_tp06_sl065,2025-11-26 12:00:00+00:00,STAGE28A,data/reports/stage28a_discovery_factory_batch_runner/stage28a_exact_trades.csv,liquidity_sweep_regime_v1,liq_pdh_breakout_follow_h12_tp06_sl065,-4.47814999999955,-5.528149999999551,-6.22814999999955,0,0,0,1,5.528149999999551,50.42999999999938,39.88000000000011,0.7096288866599826,21.81999999999971,0.08340971585699969,7.980000000000473,14.019499999999743,0.068,1.0,,,12,2,11.0,2025
2025-11-28 12:00:00+00:00|1.0|liq_pdh_breakout_follow_h12_tp06_sl065,2025-11-28 12:00:00+00:00,STAGE28A,data/reports/stage28a_discovery_factory_batch_runner/stage28a_exact_trades.csv,liquidity_sweep_regime_v1,liq_pdh_breakout_follow_h12_tp06_sl065,-5.86102499999979,-6.911024999999791,-7.61102499999979,0,0,0,1,6.911024999999791,25.909999999999854,34.81999999999971,0.7268811028144659,34.909999999999854,0.7023775422514933,9.289999999999964,10.125999999999976,0.088,1.0,,,12,4,11.0,2025
2025-12-01 12:00:00+00:00|1.0|liq_pdh_breakout_follow_h12_tp06_sl065,2025-12-01 12:00:00+00:00,STAGE28A,data/reports/stage28a_discovery_factory_batch_runner/stage28a_exact_trades.csv,liquidity_sweep_regime_v1,liq_pdh_breakout_follow_h12_tp06_sl065,-5.118724999999904,-6.168724999999904,-6.868724999999904,0,0,0,1,6.168724999999904,24.699999999999818,50.460000000000036,0.4783987316686546,46.55000000000018,0.2212674543501446,7.970000000000255,17.178500000000078,0.48,1.0,,,12,0,12.0,2025
2025-12-05 12:00:00+00:00|1.0|liq_pdh_breakout_follow_h12_tp06_sl065,2025-12-05 12:00:00+00:00,STAGE28A,data/reports/stage28a_discovery_factory_batch_runner/stage28a_exact_trades.csv,liquidity_sweep_regime_v1,liq_pdh_breakout_follow_h12_tp06_sl065,2.3904999999998835,1.3404999999998837,0.6404999999998839,1,1,1,0,1.3404999999998837,44.17000000000007,22.579999999999927,0.47387068201952004,16.470000000000255,0.37279902853674757,9.020000000000437,9.626500000000078,0.08,1.0,,,12,4,12.0,2025
2025-12-08 12:00:00+00:00|1.0|liq_pdh_breakout_follow_h12_tp06_sl065,2025-12-08 12:00:00+00:00,STAGE28A,data/reports/stage28a_discovery_factory_batch_runner/stage28a_exact_trades.csv,liquidity_sweep_regime_v1,liq_pdh_breakout_follow_h12_tp06_sl065,-3.825875000000088,-4.875875000000088,-5.575875000000087,0,0,0,1,4.875875000000088,15.210000000000036,19.06999999999971,0.39066596748819776,17.710000000000036,0.29587803500850823,8.340000000000146,13.539500000000135,0.412,1.0,,,12,0,12.0,2025
2025-12-12 12:00:00+00:00|1.0|liq_pdh_breakout_follow_h12_tp06_sl065,2025-12-12 12:00:00+00:00,STAGE28A,data/reports/stage28a_discovery_factory_batch_runner/stage28a_exact_trades.csv,liquidity_sweep_regime_v1,liq_pdh_breakout_follow_h12_tp06_sl065,-4.139824999999837,-5.189824999999837,-5.889824999999837,0,0,0,1,5.189824999999837,81.61000000000058,18.800000000000182,0.5281914893616642,64.73999999999978,0.9800741427247597,13.279999999999745,14.255000000000019,0.688,1.0,,,12,4,12.0,2025
2025-12-15 12:00:00+00:00|1.0|liq_pdh_breakout_follow_h12_tp06_sl065,2025-12-15 12:00:00+00:00,STAGE28A,data/reports/stage28a_discovery_factory_batch_runner/stage28a_exact_trades.csv,liquidity_sweep_regime_v1,liq_pdh_breakout_follow_h12_tp06_sl065,2.7226000000004205,1.6726000000004206,0.9726000000004208,1,1,1,0,1.6726000000004206,13.710000000000036,35.11000000000058,0.6693249786385534,25.270000000000437,0.5385833003561673,7.880000000000109,16.033000000000037,0.82,1.0,,,12,0,12.0,2025
2025-12-22 12:00:00+00:00|1.0|liq_pdh_breakout_follow_h12_tp06_sl065,2025-12-22 12:00:00+00:00,STAGE28A,data/reports/stage28a_discovery_factory_batch_runner/stage28a_exact_trades.csv,liquidity_sweep_regime_v1,liq_pdh_breakout_follow_h12_tp06_sl065,-4.321824999999626,-5.371824999999626,-6.071824999999626,0,0,0,1,5.371824999999626,18.1200000000008,62.840000000000146,0.6877784850413774,23.599999999999454,0.4338983050847851,6.739999999999782,12.025500000000012,0.376,1.0,,,12,0,12.0,2025
2025-12-23 12:00:00+00:00|1.0|liq_pdh_breakout_follow_h12_tp06_sl065,2025-12-23 12:00:00+00:00,STAGE28A,data/reports/stage28a_discovery_factory_batch_runner/stage28a_exact_trades.csv,liquidity_sweep_regime_v1,liq_pdh_breakout_follow_h12_tp06_sl065,-4.049150000000372,-5.099150000000373,-5.799150000000372,0,0,0,1,5.099150000000373,122.74000000000069,52.289999999999964,0.42991011665709655,23.69000000000051,0.08104685521313305,13.089999999999236,12.632499999999936,0.492,1.0,,,12,1,12.0,2025
2025-12-26 12:00:00+00:00|1.0|liq_pdh_breakout_follow_h12_tp06_sl065,2025-12-26 12:00:00+00:00,STAGE28A,data/reports/stage28a_discovery_factory_batch_runner/stage28a_exact_trades.csv,liquidity_sweep_regime_v1,liq_pdh_breakout_follow_h12_tp06_sl065,-3.7010749999995824,-4.751074999999583,-5.451074999999582,0,0,0,1,4.751074999999583,30.289999999999964,61.48999999999978,0.22767929744674012,17.50999999999931,0.311250713877786,8.420000000000073,18.053999999999906,0.9,1.0,,,12,4,12.0,2025
2026-01-02 12:00:00+00:00|1.0|liq_pdh_breakout_follow_h12_tp06_sl065,2026-01-02 12:00:00+00:00,STAGE28A,data/reports/stage28a_discovery_factory_batch_runner/stage28a_exact_trades.csv,liquidity_sweep_regime_v1,liq_pdh_breakout_follow_h12_tp06_sl065,2.9851000000002386,1.9351000000002387,1.235100000000239,1,1,1,0,1.9351000000002387,26.88000000000011,54.08000000000084,0.4567307692307588,27.51000000000022,0.8269720101781105,8.229999999999563,15.509500000000026,0.492,1.0,,,12,4,1.0,2026
2026-01-05 12:00:00+00:00|1.0|liq_pdh_breakout_follow_h12_tp06_sl065,2026-01-05 12:00:00+00:00,STAGE28A,data/reports/stage28a_discovery_factory_batch_runner/stage28a_exact_trades.csv,liquidity_sweep_regime_v1,liq_pdh_breakout_follow_h12_tp06_sl065,3.676300000000447,2.626300000000447,1.926300000000447,1,1,1,0,2.626300000000447,30.640000000000327,74.94000000000051,0.425540432345866,38.8100000000004,0.8294254058232226,11.739999999999782,17.78100000000004,0.528,1.0,,,12,0,1.0,2026
2026-01-12 12:00:00+00:00|1.0|liq_pdh_breakout_follow_h12_tp06_sl065,2026-01-12 12:00:00+00:00,STAGE28A,data/reports/stage28a_discovery_factory_batch_runner/stage28a_exact_trades.csv,liquidity_sweep_regime_v1,liq_pdh_breakout_follow_h12_tp06_sl065,-4.887325000000237,-5.9373250000002376,-6.637325000000237,0,0,0,1,5.9373250000002376,31.800000000000182,87.85999999999967,0.32540405190075405,33.039999999999964,0.7760290556900559,11.530000000000655,22.671000000000003,0.78,1.0,,,12,0,1.0,2026
2026-01-20 12:00:00+00:00|1.0|liq_pdh_breakout_follow_h12_tp06_sl065,2026-01-20 12:00:00+00:00,STAGE28A,data/reports/stage28a_discovery_factory_batch_runner/stage28a_exact_trades.csv,liquidity_sweep_regime_v1,liq_pdh_breakout_follow_h12_tp06_sl065,-5.342325000000164,-6.392325000000165,-7.092325000000164,0,0,0,1,6.392325000000165,70.75,37.38999999999942,0.7983418026210438,43.05000000000018,0.726596980255529,16.0,11.848999999999933,0.056,1.0,,,12,1,1.0,2026
2026-01-21 12:00:00+00:00|1.0|liq_pdh_breakout_follow_h12_tp06_sl065,2026-01-21 12:00:00+00:00,STAGE28A,data/reports/stage28a_discovery_factory_batch_runner/stage28a_exact_trades.csv,liquidity_sweep_regime_v1,liq_pdh_breakout_follow_h12_tp06_sl065,7.550499999999738,6.500499999999738,5.800499999999738,1,1,1,0,6.500499999999738,117.38999999999942,112.94999999999982,0.7990261177512187,55.72999999999956,0.06728871343979956,24.76000000000022,23.14899999999998,0.928,1.0,,,12,2,1.0,2026
2026-01-26 12:00:00+00:00|1.0|liq_pdh_breakout_follow_h12_tp06_sl065,2026-01-26 12:00:00+00:00,STAGE28A,data/reports/stage28a_discovery_factory_batch_runner/stage28a_exact_trades.csv,liquidity_sweep_regime_v1,liq_pdh_breakout_follow_h12_tp06_sl065,-8.702174999999988,-9.752174999999989,-10.452174999999988,0,0,0,1,9.752174999999989,37.909999999999854,90.77999999999975,0.33718880810752,58.66999999999916,0.36475200272713226,22.899999999999636,26.066499999999998,0.892,1.0,,,12,0,1.0,2026
2026-01-28 12:00:00+00:00|1.0|liq_pdh_breakout_follow_h12_tp06_sl065,2026-01-28 12:00:00+00:00,STAGE28A,data/reports/stage28a_discovery_factory_batch_runner/stage28a_exact_trades.csv,liquidity_sweep_regime_v1,liq_pdh_breakout_follow_h12_tp06_sl065,-9.035300000000095,-10.085300000000098,-10.785300000000095,0,0,0,1,10.085300000000098,177.47999999999956,91.47000000000025,0.8015742866513557,70.05000000000018,0.3504639543183327,34.05999999999949,29.87600000000011,0.856,1.0,,,12,2,1.0,2026
2026-02-03 12:00:00+00:00|1.0|liq_pdh_breakout_follow_h12_tp06_sl065,2026-02-03 12:00:00+00:00,STAGE28A,data/reports/stage28a_discovery_factory_batch_runner/stage28a_exact_trades.csv,liquidity_sweep_regime_v1,liq_pdh_breakout_follow_h12_tp06_sl065,-15.992249999999876,-17.042249999999875,-17.742249999999878,0,0,0,1,17.042249999999875,481.1899999999996,189.4900000000007,0.18222597498548535,139.53999999999996,0.6661889064067655,41.55999999999949,70.76500000000006,0.732,1.0,,,12,1,2.0,2026
2026-02-04 12:00:00+00:00|1.0|liq_pdh_breakout_follow_h12_tp06_sl065,2026-02-04 12:00:00+00:00,STAGE28A,data/reports/stage28a_discovery_factory_batch_runner/stage28a_exact_trades.csv,liquidity_sweep_regime_v1,liq_pdh_breakout_follow_h12_tp06_sl065,9.783700000000318,8.733700000000317,8.033700000000318,1,1,1,0,8.733700000000317,327.28999999999996,170.6200000000008,0.7802133395850385,50.0,0.6368000000000029,43.42000000000007,47.084999999999994,0.576,1.0,,,12,2,2.0,2026
2026-02-13 23:45:00+00:00|1.0|liq_pdh_breakout_follow_h12_tp06_sl065,2026-02-13 23:45:00+00:00,STAGE28A,data/reports/stage28a_discovery_factory_batch_runner/stage28a_exact_trades.csv,liquidity_sweep_regime_v1,liq_pdh_breakout_follow_h12_tp06_sl065,-0.35,-1.4,-2.1,0,0,0,0,1.4,221.16999999999916,110.14999999999964,0.510939627780299,44.63000000000011,0.5969079094779152,12.61999999999989,29.988999999999987,0.188,1.0,,,12,4,2.0,2026
2026-02-20 12:00:00+00:00|1.0|liq_pdh_breakout_follow_h12_tp06_sl065,2026-02-20 12:00:00+00:00,STAGE28A,data/reports/stage28a_discovery_factory_batch_runner/stage28a_exact_trades.csv,liquidity_sweep_regime_v1,liq_pdh_breakout_follow_h12_tp06_sl065,-6.3690000000002325,-7.419000000000233,-8.119000000000232,0,0,0,1,7.419000000000233,61.32000000000062,32.899999999999636,0.36413373860181447,44.55999999999949,0.7773788150807858,15.099999999999454,19.792500000000018,0.192,1.0,,,12,4,2.0,2026
2026-02-20 23:45:00+00:00|1.0|liq_pdh_breakout_follow_h12_tp06_sl065,2026-02-20 23:45:00+00:00,STAGE28A,data/reports/stage28a_discovery_factory_batch_runner/stage28a_exact_trades.csv,liquidity_sweep_regime_v1,liq_pdh_breakout_follow_h12_tp06_sl065,-0.35,-1.4,-2.1,0,0,0,0,1.4,61.32000000000062,32.899999999999636,0.36413373860181447,44.55999999999949,0.7773788150807858,20.17999999999938,22.526999999999862,0.312,1.0,,,12,4,2.0,2026
2026-02-27 23:45:00+00:00|1.0|liq_pdh_breakout_follow_h12_tp06_sl065,2026-02-27 23:45:00+00:00,STAGE28A,data/reports/stage28a_discovery_factory_batch_runner/stage28a_exact_trades.csv,liquidity_sweep_regime_v1,liq_pdh_breakout_follow_h12_tp06_sl065,-0.35,-1.4,-2.1,0,0,0,0,1.4,74.60999999999967,32.68000000000029,0.08353733170136012,31.48999999999978,0.1292473801206649,16.730000000000473,18.952500000000146,0.152,1.0,,,12,4,2.0,2026
2026-03-02 12:00:00+00:00|1.0|liq_pdh_breakout_follow_h12_tp06_sl065,2026-03-02 12:00:00+00:00,STAGE28A,data/reports/stage28a_discovery_factory_batch_runner/stage28a_exact_trades.csv,liquidity_sweep_regime_v1,liq_pdh_breakout_follow_h12_tp06_sl065,-8.763274999999885,-9.813274999999884,-10.513274999999885,0,0,0,1,9.813274999999884,87.94000000000051,89.74000000000069,0.3510140405616198,78.23999999999978,0.43366564417177245,16.51000000000022,33.927500000000144,0.988,1.0,,,12,0,3.0,2026
2026-03-25 12:00:00+00:00|1.0|liq_pdh_breakout_follow_h12_tp06_sl065,2026-03-25 12:00:00+00:00,STAGE28A,data/reports/stage28a_discovery_factory_batch_runner/stage28a_exact_trades.csv,liquidity_sweep_regime_v1,liq_pdh_breakout_follow_h12_tp06_sl065,8.457700000000296,7.407700000000295,6.707700000000296,1,1,1,0,7.407700000000295,245.17999999999938,146.3800000000001,0.1763902172427906,45.51999999999953,0.31480667838313,39.61999999999989,38.915000000000006,0.66,1.0,,,12,2,3.0,2026
2026-03-30 12:00:00+00:00|1.0|liq_pdh_breakout_follow_h12_tp06_sl065,2026-03-30 12:00:00+00:00,STAGE28A,data/reports/stage28a_discovery_factory_batch_runner/stage28a_exact_trades.csv,liquidity_sweep_regime_v1,liq_pdh_breakout_follow_h12_tp06_sl065,6.617499999999746,5.567499999999745,4.867499999999746,1,1,1,0,5.567499999999745,39.409999999999854,97.78999999999996,0.1155537376009836,64.01999999999953,0.5651358950328109,14.860000000000582,37.560499999999955,0.588,1.0,,,12,0,3.0,2026
2026-04-01 12:00:00+00:00|1.0|liq_pdh_breakout_follow_h12_tp06_sl065,2026-04-01 12:00:00+00:00,STAGE28A,data/reports/stage28a_discovery_factory_batch_runner/stage28a_exact_trades.csv,liquidity_sweep_regime_v1,liq_pdh_breakout_follow_h12_tp06_sl065,8.466100000000006,7.416100000000005,6.716100000000006,1,1,1,0,7.416100000000005,204.27000000000044,62.159999999999854,0.011904761904773053,80.67000000000007,0.5141936283624697,30.13000000000011,30.119500000000063,0.196,1.0,,,12,2,4.0,2026
2026-04-06 12:00:00+00:00|1.0|liq_pdh_breakout_follow_h12_tp06_sl065,2026-04-06 12:00:00+00:00,STAGE28A,data/reports/stage28a_discovery_factory_batch_runner/stage28a_exact_trades.csv,liquidity_sweep_regime_v1,liq_pdh_breakout_follow_h12_tp06_sl065,-8.253999999999541,-9.303999999999542,-10.00399999999954,0,0,0,1,9.303999999999542,51.22999999999956,70.59000000000015,0.08358124380224584,66.5,0.7993984962405993,16.539999999999964,32.66799999999989,0.264,1.0,,,12,0,4.0,2026
2026-04-13 12:00:00+00:00|1.0|liq_pdh_breakout_follow_h12_tp06_sl065,2026-04-13 12:00:00+00:00,STAGE28A,data/reports/stage28a_discovery_factory_batch_runner/stage28a_exact_trades.csv,liquidity_sweep_regime_v1,liq_pdh_breakout_follow_h12_tp06_sl065,4.580800000000091,3.5308000000000903,2.8308000000000906,1,1,1,0,3.5308000000000903,49.659999999999854,83.46000000000004,0.7075245626647405,31.029999999999745,0.1111827263938368,18.13000000000011,23.236499999999932,0.232,1.0,,,12,0,4.0,2026
2026-04-14 12:00:00+00:00|1.0|liq_pdh_breakout_follow_h12_tp06_sl065,2026-04-14 12:00:00+00:00,STAGE28A,data/reports/stage28a_discovery_factory_batch_runner/stage28a_exact_trades.csv,liquidity_sweep_regime_v1,liq_pdh_breakout_follow_h12_tp06_sl065,-6.075524999999834,-7.1255249999998345,-7.825524999999834,0,0,0,1,7.1255249999998345,114.48000000000047,31.23999999999978,0.3117797695262436,37.72999999999956,0.2793532997614653,15.649999999999636,17.88549999999991,0.036,1.0,,,12,1,4.0,2026
2026-04-20 12:00:00+00:00|1.0|liq_pdh_breakout_follow_h12_tp06_sl065,2026-04-20 12:00:00+00:00,STAGE28A,data/reports/stage28a_discovery_factory_batch_runner/stage28a_exact_trades.csv,liquidity_sweep_regime_v1,liq_pdh_breakout_follow_h12_tp06_sl065,-5.310149999999885,-6.360149999999885,-7.060149999999885,0,0,0,1,6.360149999999885,36.82000000000062,77.25,0.15093851132685895,26.13000000000011,0.027171833141983674,10.090000000000146,21.986500000000024,0.6,1.0,,,12,0,4.0,2026
2026-04-27 12:00:00+00:00|1.0|liq_pdh_breakout_follow_h12_tp06_sl065,2026-04-27 12:00:00+00:00,STAGE28A,data/reports/stage28a_discovery_factory_batch_runner/stage28a_exact_trades.csv,liquidity_sweep_regime_v1,liq_pdh_breakout_follow_h12_tp06_sl065,-3.9357249999999113,-4.985724999999912,-5.685724999999911,0,0,0,1,4.985724999999912,19.25,57.220000000000255,0.6957357567284206,30.449999999999818,0.671592775041049,9.30999999999949,14.895000000000072,0.096,1.0,,,12,0,4.0,2026
2026-04-30 12:00:00+00:00|1.0|liq_pdh_breakout_follow_h12_tp06_sl065,2026-04-30 12:00:00+00:00,STAGE28A,data/reports/stage28a_discovery_factory_batch_runner/stage28a_exact_trades.csv,liquidity_sweep_regime_v1,liq_pdh_breakout_follow_h12_tp06_sl065,5.721399999999813,4.671399999999812,3.9713999999998126,1,1,1,0,4.671399999999812,99.84999999999945,43.11000000000058,0.09255393180235973,91.03999999999996,0.7621924428822534,32.399999999999636,21.205999999999722,0.848,1.0,,,12,3,4.0,2026
2026-05-06 12:00:00+00:00|1.0|liq_pdh_breakout_follow_h12_tp06_sl065,2026-05-06 12:00:00+00:00,STAGE28A,data/reports/stage28a_discovery_factory_batch_runner/stage28a_exact_trades.csv,liquidity_sweep_regime_v1,liq_pdh_breakout_follow_h12_tp06_sl065,5.44780000000028,4.397800000000279,3.69780000000028,1,1,1,0,4.397800000000279,72.96000000000004,105.18000000000029,0.6700893706027788,65.11000000000058,0.8944862540316274,30.789999999999964,18.20449999999987,0.5,1.0,,,12,2,5.0,2026
2026-05-07 12:00:00+00:00|1.0|liq_pdh_breakout_follow_h12_tp06_sl065,2026-05-07 12:00:00+00:00,STAGE28A,data/reports/stage28a_discovery_factory_batch_runner/stage28a_exact_trades.csv,liquidity_sweep_regime_v1,liq_pdh_breakout_follow_h12_tp06_sl065,-6.854549999999653,-7.904549999999654,-8.604549999999653,0,0,0,1,7.904549999999654,176.60000000000036,35.909999999999854,0.12252854358116552,61.06999999999971,0.48747339119043176,22.650000000000546,17.736999999999945,0.384,1.0,,,12,3,5.0,2026
2026-05-29 12:00:00+00:00|1.0|liq_pdh_breakout_follow_h12_tp06_sl065,2026-05-29 12:00:00+00:00,STAGE28A,data/reports/stage28a_discovery_factory_batch_runner/stage28a_exact_trades.csv,liquidity_sweep_regime_v1,liq_pdh_breakout_follow_h12_tp06_sl065,-5.680974999999853,-6.730974999999853,-7.430974999999853,0,0,0,1,6.730974999999853,149.91000000000076,31.609999999999673,0.3144574501739862,38.23000000000047,0.7737379021710583,14.950000000000728,16.15900000000006,0.16,1.0,,,12,4,5.0,2026
2026-06-12 12:00:00+00:00|1.0|liq_pdh_breakout_follow_h12_tp06_sl065,2026-06-12 12:00:00+00:00,STAGE28A,data/reports/stage28a_discovery_factory_batch_runner/stage28a_exact_trades.csv,liquidity_sweep_regime_v1,liq_pdh_breakout_follow_h12_tp06_sl065,-7.04695000000047,-8.09695000000047,-8.79695000000047,0,0,0,1,8.09695000000047,195.99000000000024,75.21000000000004,0.2955723972875888,57.599999999999454,0.4303819444444479,33.95000000000073,31.288500000000113,0.944,1.0,,,12,4,6.0,2026
2022-05-04 13:00:00+00:00|-1.0|handoff_divergence_fade_h13_tp06_sl065,2022-05-04 13:00:00+00:00,STAGE28A,data/reports/stage28a_discovery_factory_batch_runner/stage28a_exact_trades.csv,session_handoff_imbalance_v1,handoff_divergence_fade_h13_tp06_sl065,0.9775000000001,-0.0724999999998998,-0.7724999999998996,0,0,0,0,0.0724999999998998,27.660000000000082,7.819999999999936,0.5127877237851983,10.710000000000036,0.4836601307189585,3.7799999999999727,4.123500000000002,,-1.0,,,13,2,5.0,2022
2022-05-05 13:00:00+00:00|1.0|handoff_divergence_fade_h13_tp06_sl065,2022-05-05 13:00:00+00:00,STAGE28A,data/reports/stage28a_discovery_factory_batch_runner/stage28a_exact_trades.csv,session_handoff_imbalance_v1,handoff_divergence_fade_h13_tp06_sl065,-2.1352250000000823,-3.185225000000082,-3.885225000000082,0,0,0,1,3.185225000000082,28.319999999999936,21.529999999999973,0.8569437993497477,12.660000000000082,0.2993680884676097,5.529999999999973,6.233000000000016,0.8208955223880597,1.0,,,13,3,5.0,2022
2022-05-06 13:00:00+00:00|-1.0|handoff_divergence_fade_h13_tp06_sl065,2022-05-06 13:00:00+00:00,STAGE28A,data/reports/stage28a_discovery_factory_batch_runner/stage28a_exact_trades.csv,session_handoff_imbalance_v1,handoff_divergence_fade_h13_tp06_sl065,-2.026349999999957,-3.0763499999999566,-3.776349999999957,0,0,0,1,3.0763499999999566,37.289999999999964,12.169999999999845,0.08299096138044403,11.659999999999854,0.5385934819897128,4.1599999999998545,5.233499999999981,0.23076923076923078,-1.0,,,13,4,5.0,2022
2022-05-10 13:00:00+00:00|1.0|handoff_divergence_fade_h13_tp06_sl065,2022-05-10 13:00:00+00:00,STAGE28A,data/reports/stage28a_discovery_factory_batch_runner/stage28a_exact_trades.csv,session_handoff_imbalance_v1,handoff_divergence_fade_h13_tp06_sl065,1.1734000000000375,0.1234000000000379,-0.5765999999999618,1,0,0,0,0.1234000000000379,34.0,12.160000000000082,0.9555921052631612,7.910000000000082,0.8520859671302072,6.560000000000173,4.665000000000032,0.10071942446043165,1.0,,,13,1,5.0,2022
2022-05-11 13:00:00+00:00|-1.0|handoff_divergence_fade_h13_tp06_sl065,2022-05-11 13:00:00+00:00,STAGE28A,data/reports/stage28a_discovery_factory_batch_runner/stage28a_exact_trades.csv,session_handoff_imbalance_v1,handoff_divergence_fade_h13_tp06_sl065,1.3936000000000148,0.343600000000015,-0.3563999999999847,1,0,1,0,0.343600000000015,29.940000000000055,8.169999999999845,0.2643818849449355,18.360000000000127,0.8687363834422622,3.660000000000082,5.631000000000006,0.49693251533742333,-1.0,,,13,2,5.0,2022
2022-05-12 13:00:00+00:00|1.0|handoff_divergence_fade_h13_tp06_sl065,2022-05-12 13:00:00+00:00,STAGE28A,data/reports/stage28a_discovery_factory_batch_runner/stage28a_exact_trades.csv,session_handoff_imbalance_v1,handoff_divergence_fade_h13_tp06_sl065,1.6155999999999948,0.565599999999995,-0.1344000000000047,1,0,1,0,0.565599999999995,25.949999999999818,7.819999999999936,0.054987212276194346,10.240000000000009,0.4843750000000031,5.4500000000000455,4.973999999999978,0.1657754010695187,1.0,,,13,3,5.0,2022
2022-05-13 13:00:00+00:00|1.0|handoff_divergence_fade_h13_tp06_sl065,2022-05-13 13:00:00+00:00,STAGE28A,data/reports/stage28a_discovery_factory_batch_runner/stage28a_exact_trades.csv,session_handoff_imbalance_v1,handoff_divergence_fade_h13_tp06_sl065,1.082199999999966,0.0321999999999662,-0.6678000000000335,1,0,0,0,0.0321999999999662,39.69999999999982,16.579999999999927,0.3455971049457203,8.480000000000018,0.22287735849057735,2.75,5.222999999999979,0.21800947867298578,1.0,,,13,4,5.0,2022
2022-05-17 13:00:00+00:00|-1.0|handoff_divergence_fade_h13_tp06_sl065,2022-05-17 13:00:00+00:00,STAGE28A,data/reports/stage28a_discovery_factory_batch_runner/stage28a_exact_trades.csv,session_handoff_imbalance_v1,handoff_divergence_fade_h13_tp06_sl065,-1.886599999999908,-2.9365999999999075,-3.6365999999999072,0,0,0,0,2.9365999999999075,40.070000000000164,7.480000000000018,0.24064171122993985,7.629999999999882,0.7404980340760391,3.839999999999918,4.68850000000001,0.08,-1.0,,,13,1,5.0,2022
2022-05-18 13:00:00+00:00|-1.0|handoff_divergence_fade_h13_tp06_sl065,2022-05-18 13:00:00+00:00,STAGE28A,data/reports/stage28a_discovery_factory_batch_runner/stage28a_exact_trades.csv,session_handoff_imbalance_v1,handoff_divergence_fade_h13_tp06_sl065,-1.9051250000000888,-2.955125000000089,-3.6551250000000888,0,0,0,0,2.955125000000089,23.24000000000001,9.519999999999982,0.6102941176470542,12.180000000000064,0.9014778325123121,6.0900000000001455,4.16550000000002,0.04,-1.0,,,13,2,5.0,2022
2022-05-19 13:00:00+00:00|-1.0|handoff_divergence_fade_h13_tp06_sl065,2022-05-19 13:00:00+00:00,STAGE28A,data/reports/stage28a_discovery_factory_batch_runner/stage28a_exact_trades.csv,session_handoff_imbalance_v1,handoff_divergence_fade_h13_tp06_sl065,1.4100999999999655,0.3600999999999659,-0.3399000000000338,1,0,1,0,0.3600999999999659,17.430000000000064,3.7799999999999727,0.27777777777776774,19.279999999999973,0.7012448132780084,8.879999999999882,4.315999999999986,0.032,-1.0,,,13,3,5.0,2022
2022-05-20 13:00:00+00:00|-1.0|handoff_divergence_fade_h13_tp06_sl065,2022-05-20 13:00:00+00:00,STAGE28A,data/reports/stage28a_discovery_factory_batch_runner/stage28a_exact_trades.csv,session_handoff_imbalance_v1,handoff_divergence_fade_h13_tp06_sl065,1.092099999999982,0.0420999999999822,-0.6579000000000175,1,0,0,0,0.0420999999999822,38.1400000000001,8.070000000000164,0.034696406443614256,8.430000000000064,0.6370106761565928,3.5699999999999363,3.8445000000000276,0.004,-1.0,,,13,4,5.0,2022
2022-05-30 13:00:00+00:00|1.0|handoff_divergence_fade_h13_tp06_sl065,2022-05-30 13:00:00+00:00,STAGE28A,data/reports/stage28a_discovery_factory_batch_runner/stage28a_exact_trades.csv,session_handoff_imbalance_v1,handoff_divergence_fade_h13_tp06_sl065,0.7096000000000459,-0.3403999999999541,-1.0403999999999538,0,0,0,0,0.3403999999999541,3.0699999999999363,12.720000000000027,0.7641509433962269,7.75,0.30967741935485044,2.349999999999909,3.405000000000007,0.012,1.0,,,13,0,5.0,2022
2022-05-31 13:00:00+00:00|-1.0|handoff_divergence_fade_h13_tp06_sl065,2022-05-31 13:00:00+00:00,STAGE28A,data/reports/stage28a_discovery_factory_batch_runner/stage28a_exact_trades.csv,session_handoff_imbalance_v1,handoff_divergence_fade_h13_tp06_sl065,0.7684000000000651,-0.2815999999999348,-0.9815999999999344,0,0,0,0,0.2815999999999348,15.839999999999918,10.900000000000091,0.19633027522936533,8.049999999999955,0.2534161490683199,4.989999999999782,3.4480000000000017,0.08,-1.0,,,13,1,5.0,2022
2022-06-02 13:00:00+00:00|-1.0|handoff_divergence_fade_h13_tp06_sl065,2022-06-02 13:00:00+00:00,STAGE28A,data/reports/stage28a_discovery_factory_batch_runner/stage28a_exact_trades.csv,session_handoff_imbalance_v1,handoff_divergence_fade_h13_tp06_sl065,0.6361000000000786,-0.4138999999999213,-1.113899999999921,0,0,0,0,0.4138999999999213,21.49000000000001,4.849999999999909,0.4659793814433058,10.8599999999999,0.8508287292817767,2.869999999999891,3.276499999999976,0.032,-1.0,,,13,3,6.0,2022
2022-06-06 13:00:00+00:00|1.0|handoff_divergence_fade_h13_tp06_sl065,2022-06-06 13:00:00+00:00,STAGE28A,data/reports/stage28a_discovery_factory_batch_runner/stage28a_exact_trades.csv,session_handoff_imbalance_v1,handoff_divergence_fade_h13_tp06_sl065,0.5983000000000175,-0.4516999999999824,-1.1516999999999822,0,0,0,0,0.4516999999999824,2.599999999999909,6.670000000000073,0.599700149925031,5.759999999999991,0.37326388888890527,2.769999999999982,3.1694999999999935,0.044,1.0,,,13,0,6.0,2022
2022-06-07 13:00:00+00:00|-1.0|handoff_divergence_fade_h13_tp06_sl065,2022-06-07 13:00:00+00:00,STAGE28A,data/reports/stage28a_discovery_factory_batch_runner/stage28a_exact_trades.csv,session_handoff_imbalance_v1,handoff_divergence_fade_h13_tp06_sl065,-1.6935500000000503,-2.74355000000005,-3.44355000000005,0,0,0,0,2.74355000000005,17.180000000000064,5.460000000000036,0.2655677655677721,10.450000000000045,0.6842105263157952,2.509999999999991,3.4334999999999924,0.228,-1.0,,,13,1,6.0,2022
2022-06-08 13:00:00+00:00|-1.0|handoff_divergence_fade_h13_tp06_sl065,2022-06-08 13:00:00+00:00,STAGE28A,data/reports/stage28a_discovery_factory_batch_runner/stage28a_exact_trades.csv,session_handoff_imbalance_v1,handoff_divergence_fade_h13_tp06_sl065,0.5935000000000855,-0.4564999999999144,-1.1564999999999142,0,0,0,0,0.4564999999999144,18.480000000000018,7.009999999999991,0.8359486447931395,5.5,0.49818181818181984,2.8300000000001546,2.9820000000000504,0.036,-1.0,,,13,2,6.0,2022
2022-06-09 13:00:00+00:00|1.0|handoff_divergence_fade_h13_tp06_sl065,2022-06-09 13:00:00+00:00,STAGE28A,data/reports/stage28a_discovery_factory_batch_runner/stage28a_exact_trades.csv,session_handoff_imbalance_v1,handoff_divergence_fade_h13_tp06_sl065,-1.5349500000000718,-2.584950000000072,-3.2849500000000718,0,0,0,0,2.584950000000072,15.110000000000127,4.420000000000073,0.27149321266968907,7.669999999999845,0.7679269882659702,2.1900000000000546,2.8504999999999994,0.02,1.0,,,13,3,6.0,2022
2022-06-16 13:00:00+00:00|-1.0|handoff_divergence_fade_h13_tp06_sl065,2022-06-16 13:00:00+00:00,STAGE28A,data/reports/stage28a_discovery_factory_batch_runner/stage28a_exact_trades.csv,session_handoff_imbalance_v1,handoff_divergence_fade_h13_tp06_sl065,-2.4995500000000903,-3.54955000000009,-4.24955000000009,0,0,0,1,3.54955000000009,34.37999999999988,6.600000000000136,0.1181818181818116,9.560000000000173,0.2834728033472552,6.8900000000001,5.7155000000000316,0.788,-1.0,,,13,3,6.0,2022
2022-06-17 13:00:00+00:00|-1.0|handoff_divergence_fade_h13_tp06_sl065,2022-06-17 13:00:00+00:00,STAGE28A,data/reports/stage28a_discovery_factory_batch_runner/stage28a_exact_trades.csv,session_handoff_imbalance_v1,handoff_divergence_fade_h13_tp06_sl065,-1.7923500000000332,-2.842350000000033,-3.5423500000000328,0,0,0,0,2.842350000000033,42.25999999999999,14.240000000000009,0.599016853932582,10.61999999999989,0.542372881355937,4.929999999999836,4.941499999999996,0.62,-1.0,,,13,4,6.0,2022
2022-06-20 13:00:00+00:00|1.0|handoff_divergence_fade_h13_tp06_sl065,2022-06-20 13:00:00+00:00,STAGE28A,data/reports/stage28a_discovery_factory_batch_runner/stage28a_exact_trades.csv,session_handoff_imbalance_v1,handoff_divergence_fade_h13_tp06_sl065,0.985900000000038,-0.064099999999962,-0.7640999999999618,0,0,0,0,0.064099999999962,5.519999999999982,11.340000000000146,0.43033509700176775,6.120000000000118,0.5065359477124308,4.059999999999945,4.186000000000002,0.408,1.0,,,13,0,6.0,2022
2022-06-21 13:00:00+00:00|1.0|handoff_divergence_fade_h13_tp06_sl065,2022-06-21 13:00:00+00:00,STAGE28A,data/reports/stage28a_discovery_factory_batch_runner/stage28a_exact_trades.csv,session_handoff_imbalance_v1,handoff_divergence_fade_h13_tp06_sl065,0.8559999999999036,-0.1940000000000963,-0.894000000000096,0,0,0,0,0.1940000000000963,11.340000000000146,5.1400000000001,0.4299610894941621,8.159999999999854,0.3566176470588399,3.990000000000009,3.0650000000000204,0.088,1.0,,,13,1,6.0,2022
2022-06-23 13:00:00+00:00|-1.0|handoff_divergence_fade_h13_tp06_sl065,2022-06-23 13:00:00+00:00,STAGE28A,data/reports/stage28a_discovery_factory_batch_runner/stage28a_exact_trades.csv,session_handoff_imbalance_v1,handoff_divergence_fade_h13_tp06_sl065,1.0339000000000396,-0.0160999999999602,-0.71609999999996,0,0,0,0,0.0160999999999602,24.480000000000018,6.289999999999964,0.782193958664563,7.670000000000073,0.10299869621902948,3.2200000000000273,3.4095000000000026,0.148,-1.0,,,13,3,6.0,2022
2022-06-29 13:00:00+00:00|1.0|handoff_divergence_fade_h13_tp06_sl065,2022-06-29 13:00:00+00:00,STAGE28A,data/reports/stage28a_discovery_factory_batch_runner/stage28a_exact_trades.csv,session_handoff_imbalance_v1,handoff_divergence_fade_h13_tp06_sl065,-1.635374999999931,-2.685374999999931,-3.3853749999999305,0,0,0,0,2.685374999999931,11.039999999999964,4.660000000000082,0.22532188841200346,10.309999999999945,0.5819592628516035,6.449999999999818,2.9034999999999966,0.06,1.0,,,13,2,6.0,2022
2022-07-04 13:00:00+00:00|1.0|handoff_divergence_fade_h13_tp06_sl065,2022-07-04 13:00:00+00:00,STAGE28A,data/reports/stage28a_discovery_factory_batch_runner/stage28a_exact_trades.csv,session_handoff_imbalance_v1,handoff_divergence_fade_h13_tp06_sl065,0.6582999999999629,-0.391700000000037,-1.0917000000000368,0,0,0,0,0.391700000000037,2.3299999999999272,8.740000000000009,0.16819221967963682,8.240000000000009,0.6844660194174871,3.509999999999991,4.424000000000012,0.624,1.0,,,13,0,7.0,2022
2022-07-05 13:00:00+00:00|1.0|handoff_divergence_fade_h13_tp06_sl065,2022-07-05 13:00:00+00:00,STAGE28A,data/reports/stage28a_discovery_factory_batch_runner/stage28a_exact_trades.csv,session_handoff_imbalance_v1,handoff_divergence_fade_h13_tp06_sl065,0.8211999999999989,-0.228800000000001,-0.9288000000000008,0,0,0,0,0.228800000000001,10.349999999999909,5.660000000000082,0.3021201413427582,11.75,0.6289361702127745,4.990000000000009,2.788499999999999,0.064,1.0,,,13,1,7.0,2022
2022-07-06 13:00:00+00:00|1.0|handoff_divergence_fade_h13_tp06_sl065,2022-07-06 13:00:00+00:00,STAGE28A,data/reports/stage28a_discovery_factory_batch_runner/stage28a_exact_trades.csv,session_handoff_imbalance_v1,handoff_divergence_fade_h13_tp06_sl065,1.3095999999999548,0.259599999999955,-0.4404000000000447,1,0,1,0,0.259599999999955,48.25,7.059999999999945,0.1713881019830093,8.720000000000027,0.6135321100917569,3.6800000000000637,4.74899999999999,0.7,1.0,,,13,2,7.0,2022
2022-07-07 13:00:00+00:00|1.0|handoff_divergence_fade_h13_tp06_sl065,2022-07-07 13:00:00+00:00,STAGE28A,data/reports/stage28a_discovery_factory_batch_runner/stage28a_exact_trades.csv,session_handoff_imbalance_v1,handoff_divergence_fade_h13_tp06_sl065,-1.7185749999999644,-2.7685749999999643,-3.468574999999964,0,0,0,0,2.7685749999999643,40.66000000000008,10.450000000000045,0.6411483253588532,7.569999999999936,0.33685601056802855,3.9099999999998545,5.087999999999977,0.732,1.0,,,13,3,7.0,2022
2022-07-08 13:00:00+00:00|1.0|handoff_divergence_fade_h13_tp06_sl065,2022-07-08 13:00:00+00:00,STAGE28A,data/reports/stage28a_discovery_factory_batch_runner/stage28a_exact_trades.csv,session_handoff_imbalance_v1,handoff_divergence_fade_h13_tp06_sl065,1.461999999999898,0.4119999999998982,-0.2880000000001015,1,0,1,0,0.4119999999998982,12.600000000000136,7.740000000000009,0.34625322997413865,10.710000000000036,0.3725490196078427,4.059999999999945,3.7604999999999675,0.292,1.0,,,13,4,7.0,2022
2022-07-12 13:00:00+00:00|-1.0|handoff_divergence_fade_h13_tp06_sl065,2022-07-12 13:00:00+00:00,STAGE28A,data/reports/stage28a_discovery_factory_batch_runner/stage28a_exact_trades.csv,session_handoff_imbalance_v1,handoff_divergence_fade_h13_tp06_sl065,1.204300000000012,0.1543000000000121,-0.5456999999999876,1,0,1,0,0.1543000000000121,13.3599999999999,21.100000000000136,0.008056872037918088,13.6099999999999,0.11535635562086317,3.2000000000000455,4.644500000000027,0.616,-1.0,,,13,1,7.0,2022
2022-07-20 13:00:00+00:00|1.0|handoff_divergence_fade_h13_tp06_sl065,2022-07-20 13:00:00+00:00,STAGE28A,data/reports/stage28a_discovery_factory_batch_runner/stage28a_exact_trades.csv,session_handoff_imbalance_v1,handoff_divergence_fade_h13_tp06_sl065,0.6814000000000761,-0.3685999999999239,-1.0685999999999236,0,0,0,0,0.3685999999999239,13.169999999999845,3.900000000000091,0.02307692307690155,7.980000000000018,0.08771929824561954,6.129999999999882,2.814500000000032,0.008,1.0,,,13,2,7.0,2022
2022-07-22 13:00:00+00:00|-1.0|handoff_divergence_fade_h13_tp06_sl065,2022-07-22 13:00:00+00:00,STAGE28A,data/reports/stage28a_discovery_factory_batch_runner/stage28a_exact_trades.csv,session_handoff_imbalance_v1,handoff_divergence_fade_h13_tp06_sl065,1.0860999999998966,0.0360999999998967,-0.663900000000103,1,0,0,0,0.0360999999998967,39.34999999999991,6.4500000000000455,0.5581395348837029,12.649999999999864,0.8426877470355887,8.009999999999991,3.8400000000000203,0.308,-1.0,,,13,4,7.0,2022
2022-07-26 13:00:00+00:00|1.0|handoff_divergence_fade_h13_tp06_sl065,2022-07-26 13:00:00+00:00,STAGE28A,data/reports/stage28a_discovery_factory_batch_runner/stage28a_exact_trades.csv,session_handoff_imbalance_v1,handoff_divergence_fade_h13_tp06_sl065,0.7069000000000415,-0.3430999999999584,-1.0430999999999582,0,0,0,0,0.3430999999999584,21.460000000000036,10.149999999999864,0.5320197044335137,8.980000000000018,0.4432071269487762,5.529999999999973,3.3735000000000013,0.132,1.0,,,13,1,7.0,2022
2022-07-27 13:00:00+00:00|-1.0|handoff_divergence_fade_h13_tp06_sl065,2022-07-27 13:00:00+00:00,STAGE28A,data/reports/stage28a_discovery_factory_batch_runner/stage28a_exact_trades.csv,session_handoff_imbalance_v1,handoff_divergence_fade_h13_tp06_sl065,0.7734999999999218,-0.2765000000000781,-0.976500000000078,0,0,0,0,0.2765000000000781,14.579999999999927,4.2999999999999545,0.34883720930232925,11.460000000000036,0.47382198952878,3.0800000000001546,3.018999999999983,0.036,-1.0,,,13,2,7.0,2022
2022-08-01 13:00:00+00:00|-1.0|handoff_divergence_fade_h13_tp06_sl065,2022-08-01 13:00:00+00:00,STAGE28A,data/reports/stage28a_discovery_factory_batch_runner/stage28a_exact_trades.csv,session_handoff_imbalance_v1,handoff_divergence_fade_h13_tp06_sl065,-1.8268000000001396,-2.8768000000001392,-3.576800000000139,0,0,0,0,2.8768000000001392,2.3300000000001546,5.310000000000173,0.20527306967982725,15.36999999999989,0.7391021470396865,8.900000000000091,4.3110000000000355,0.568,-1.0,,,13,0,8.0,2022
2022-08-02 13:00:00+00:00|1.0|handoff_divergence_fade_h13_tp06_sl065,2022-08-02 13:00:00+00:00,STAGE28A,data/reports/stage28a_discovery_factory_batch_runner/stage28a_exact_trades.csv,session_handoff_imbalance_v1,handoff_divergence_fade_h13_tp06_sl065,0.9106000000000676,-0.1393999999999322,-0.839399999999932,0,0,0,0,0.1393999999999322,16.699999999999818,9.649999999999864,0.30880829015544664,7.150000000000091,0.008391608391600653,2.509999999999991,3.8615000000000235,0.368,1.0,,,13,1,8.0,2022
2022-08-03 13:00:00+00:00|1.0|handoff_divergence_fade_h13_tp06_sl065,2022-08-03 13:00:00+00:00,STAGE28A,data/reports/stage28a_discovery_factory_batch_runner/stage28a_exact_trades.csv,session_handoff_imbalance_v1,handoff_divergence_fade_h13_tp06_sl065,0.8712999999999284,-0.1787000000000715,-0.8787000000000713,0,0,0,0,0.1787000000000715,28.529999999999973,14.2800000000002,0.6435574229691825,6.519999999999982,0.4647239263803652,1.9700000000000273,4.958000000000015,0.8,1.0,,,13,2,8.0,2022
2022-08-05 13:00:00+00:00|1.0|handoff_divergence_fade_h13_tp06_sl065,2022-08-05 13:00:00+00:00,STAGE28A,data/reports/stage28a_discovery_factory_batch_runner/stage28a_exact_trades.csv,session_handoff_imbalance_v1,handoff_divergence_fade_h13_tp06_sl065,0.8101000000000568,-0.2398999999999431,-0.9398999999999428,0,0,0,0,0.2398999999999431,31.680000000000064,6.100000000000136,0.19180327868853222,7.569999999999936,0.7384412153236414,2.730000000000018,3.4200000000000386,0.088,1.0,,,13,4,8.0,2022
2022-08-08 13:00:00+00:00|-1.0|handoff_divergence_fade_h13_tp06_sl065,2022-08-08 13:00:00+00:00,STAGE28A,data/reports/stage28a_discovery_factory_batch_runner/stage28a_exact_trades.csv,session_handoff_imbalance_v1,handoff_divergence_fade_h13_tp06_sl065,0.6411999999999353,-0.4088000000000646,-1.1088000000000644,0,0,0,0,0.4088000000000646,4.460000000000036,4.879999999999882,0.0860655737705088,7.879999999999882,0.5418781725888383,4.690000000000055,3.4279999999999973,0.104,-1.0,,,13,0,8.0,2022
2022-08-09 13:00:00+00:00|-1.0|handoff_divergence_fade_h13_tp06_sl065,2022-08-09 13:00:00+00:00,STAGE28A,data/reports/stage28a_discovery_factory_batch_runner/stage28a_exact_trades.csv,session_handoff_imbalance_v1,handoff_divergence_fade_h13_tp06_sl065,0.9460000000000492,-0.1039999999999508,-0.8039999999999505,0,0,0,0,0.1039999999999508,19.449999999999818,7.440000000000055,0.3360215053763416,9.8599999999999,0.5324543610547722,3.9600000000000364,3.273000000000002,0.064,-1.0,,,13,1,8.0,2022
2022-08-10 13:00:00+00:00|-1.0|handoff_divergence_fade_h13_tp06_sl065,2022-08-10 13:00:00+00:00,STAGE28A,data/reports/stage28a_discovery_factory_batch_runner/stage28a_exact_trades.csv,session_handoff_imbalance_v1,handoff_divergence_fade_h13_tp06_sl065,0.6282999999999902,-0.4217000000000097,-1.1217000000000097,0,0,0,0,0.4217000000000097,17.15000000000009,4.0,0.5999999999999659,7.539999999999964,0.3859416445623168,3.4500000000000455,2.7889999999999757,0.008,-1.0,,,13,2,8.0,2022
2022-08-11 13:00:00+00:00|-1.0|handoff_divergence_fade_h13_tp06_sl065,2022-08-11 13:00:00+00:00,STAGE28A,data/reports/stage28a_discovery_factory_batch_runner/stage28a_exact_trades.csv,session_handoff_imbalance_v1,handoff_divergence_fade_h13_tp06_sl065,0.8236000000000786,-0.2263999999999213,-0.9263999999999212,0,0,0,0,0.2263999999999213,20.269999999999982,8.3900000000001,0.6376638855780506,6.789999999999964,0.6465390279823117,2.560000000000173,3.3920000000000186,0.12,-1.0,,,13,3,8.0,2022
2022-08-12 13:00:00+00:00|1.0|handoff_divergence_fade_h13_tp06_sl065,2022-08-12 13:00:00+00:00,STAGE28A,data/reports/stage28a_discovery_factory_batch_runner/stage28a_exact_trades.csv,session_handoff_imbalance_v1,handoff_divergence_fade_h13_tp06_sl065,0.7447000000001026,-0.3052999999998973,-1.005299999999897,0,0,0,0,0.3052999999998973,15.679999999999836,5.190000000000055,0.6358381502890019,8.059999999999945,0.440446650124095,2.5599999999999454,3.473000000000013,0.176,1.0,,,13,4,8.0,2022
2022-08-16 13:00:00+00:00|1.0|handoff_divergence_fade_h13_tp06_sl065,2022-08-16 13:00:00+00:00,STAGE28A,data/reports/stage28a_discovery_factory_batch_runner/stage28a_exact_trades.csv,session_handoff_imbalance_v1,handoff_divergence_fade_h13_tp06_sl065,-1.4420000000000983,-2.492000000000098,-3.192000000000098,0,0,0,0,2.492000000000098,29.309999999999945,6.2999999999999545,0.46190476190477825,8.120000000000118,0.6896551724137998,2.1200000000001182,2.6595000000000026,0.012,1.0,,,13,1,8.0,2022
2022-08-17 13:00:00+00:00|1.0|handoff_divergence_fade_h13_tp06_sl065,2022-08-17 13:00:00+00:00,STAGE28A,data/reports/stage28a_discovery_factory_batch_runner/stage28a_exact_trades.csv,session_handoff_imbalance_v1,handoff_divergence_fade_h13_tp06_sl065,-1.4839250000000903,-2.53392500000009,-3.23392500000009,0,0,0,0,2.53392500000009,11.660000000000082,3.1499999999998636,0.17777777777776815,10.319999999999936,0.22093023255813826,2.589999999999918,2.806499999999994,0.032,1.0,,,13,2,8.0,2022
2022-08-24 13:00:00+00:00|-1.0|handoff_divergence_fade_h13_tp06_sl065,2022-08-24 13:00:00+00:00,STAGE28A,data/reports/stage28a_discovery_factory_batch_runner/stage28a_exact_trades.csv,session_handoff_imbalance_v1,handoff_divergence_fade_h13_tp06_sl065,0.7224999999999909,-0.327500000000009,-1.0275000000000087,0,0,0,0,0.327500000000009,23.309999999999945,3.979999999999791,0.36934673366836795,9.430000000000064,0.3955461293743365,4.75,2.976999999999964,0.1,-1.0,,,13,2,8.0,2022
2022-08-26 13:00:00+00:00|1.0|handoff_divergence_fade_h13_tp06_sl065,2022-08-26 13:00:00+00:00,STAGE28A,data/reports/stage28a_discovery_factory_batch_runner/stage28a_exact_trades.csv,session_handoff_imbalance_v1,handoff_divergence_fade_h13_tp06_sl065,0.8067999999999756,-0.2432000000000242,-0.943200000000024,0,0,0,0,0.2432000000000242,15.519999999999982,6.579999999999927,0.03647416413374039,9.5,0.804210526315776,3.2200000000000273,2.849499999999955,0.044,1.0,,,13,4,8.0,2022
2022-08-31 13:00:00+00:00|1.0|handoff_divergence_fade_h13_tp06_sl065,2022-08-31 13:00:00+00:00,STAGE28A,data/reports/stage28a_discovery_factory_batch_runner/stage28a_exact_trades.csv,session_handoff_imbalance_v1,handoff_divergence_fade_h13_tp06_sl065,-1.8082749999999577,-2.8582749999999577,-3.558274999999957,0,0,0,0,2.8582749999999577,19.339999999999918,3.8899999999998727,0.26478149100257237,15.8599999999999,0.8209331651954643,3.769999999999982,3.2459999999999694,0.228,1.0,,,13,2,8.0,2022
2022-09-05 13:00:00+00:00|1.0|handoff_divergence_fade_h13_tp06_sl065,2022-09-05 13:00:00+00:00,STAGE28A,data/reports/stage28a_discovery_factory_batch_runner/stage28a_exact_trades.csv,session_handoff_imbalance_v1,handoff_divergence_fade_h13_tp06_sl065,-1.5424249999999575,-2.5924249999999573,-3.292424999999957,0,0,0,0,2.5924249999999573,1.9400000000000546,5.160000000000082,0.354651162790722,6.2999999999999545,0.3365079365079216,4.0499999999999545,3.5100000000000136,0.356,1.0,,,13,0,9.0,2022
2022-09-06 13:00:00+00:00|1.0|handoff_divergence_fade_h13_tp06_sl065,2022-09-06 13:00:00+00:00,STAGE28A,data/reports/stage28a_discovery_factory_batch_runner/stage28a_exact_trades.csv,session_handoff_imbalance_v1,handoff_divergence_fade_h13_tp06_sl065,-1.5963749999999437,-2.6463749999999435,-3.3463749999999437,0,0,0,0,2.6463749999999435,8.049999999999955,16.909999999999854,0.2950916617386193,9.699999999999818,0.6608247422680621,2.3299999999999272,3.5514999999999874,0.416,1.0,,,13,1,9.0,2022
2022-09-07 13:00:00+00:00|-1.0|handoff_divergence_fade_h13_tp06_sl065,2022-09-07 13:00:00+00:00,STAGE28A,data/reports/stage28a_discovery_factory_batch_runner/stage28a_exact_trades.csv,session_handoff_imbalance_v1,handoff_divergence_fade_h13_tp06_sl065,-1.7487999999999375,-2.7987999999999373,-3.498799999999937,0,0,0,0,2.7987999999999373,26.909999999999854,11.450000000000045,0.618340611353703,15.829999999999927,0.8597599494630425,3.25,4.207000000000017,0.732,-1.0,,,13,2,9.0,2022
2022-09-08 13:00:00+00:00|-1.0|handoff_divergence_fade_h13_tp06_sl065,2022-09-08 13:00:00+00:00,STAGE28A,data/reports/stage28a_discovery_factory_batch_runner/stage28a_exact_trades.csv,session_handoff_imbalance_v1,handoff_divergence_fade_h13_tp06_sl065,-1.6038500000000568,-2.6538500000000567,-3.3538500000000564,0,0,0,0,2.6538500000000567,28.09999999999991,5.789999999999964,0.6269430051813699,8.8900000000001,0.6850393700787488,3.4300000000000637,3.6340000000000146,0.376,-1.0,,,13,3,9.0,2022
2022-09-12 13:00:00+00:00|-1.0|handoff_divergence_fade_h13_tp06_sl065,2022-09-12 13:00:00+00:00,STAGE28A,data/reports/stage28a_discovery_factory_batch_runner/stage28a_exact_trades.csv,session_handoff_imbalance_v1,handoff_divergence_fade_h13_tp06_sl065,-1.8625499999999195,-2.912549999999919,-3.612549999999919,0,0,0,0,2.912549999999919,3.480000000000018,7.889999999999873,0.7553865652725137,15.549999999999955,0.7491961414790931,3.099999999999909,3.6769999999999756,0.284,-1.0,,,13,0,9.0,2022
2022-09-13 13:00:00+00:00|-1.0|handoff_divergence_fade_h13_tp06_sl065,2022-09-13 13:00:00+00:00,STAGE28A,data/reports/stage28a_discovery_factory_batch_runner/stage28a_exact_trades.csv,session_handoff_imbalance_v1,handoff_divergence_fade_h13_tp06_sl065,0.668500000000131,-0.3814999999998689,-1.081499999999869,0,0,0,0,0.3814999999998689,23.170000000000073,6.830000000000155,0.5710102489019038,8.160000000000082,0.6580882352940977,3.130000000000109,3.321000000000015,0.164,-1.0,,,13,1,9.0,2022
2022-09-14 13:00:00+00:00|-1.0|handoff_divergence_fade_h13_tp06_sl065,2022-09-14 13:00:00+00:00,STAGE28A,data/reports/stage28a_discovery_factory_batch_runner/stage28a_exact_trades.csv,session_handoff_imbalance_v1,handoff_divergence_fade_h13_tp06_sl065,0.8692000000000007,-0.1807999999999991,-0.8807999999999989,0,0,0,0,0.1807999999999991,34.73000000000002,6.289999999999964,0.25119236883941753,7.259999999999991,0.6170798898071658,2.9500000000000455,3.564000000000044,0.22,-1.0,,,13,2,9.0,2022
2022-09-16 13:00:00+00:00|1.0|handoff_divergence_fade_h13_tp06_sl065,2022-09-16 13:00:00+00:00,STAGE28A,data/reports/stage28a_discovery_factory_batch_runner/stage28a_exact_trades.csv,session_handoff_imbalance_v1,handoff_divergence_fade_h13_tp06_sl065,1.1545000000000072,0.1045000000000073,-0.5954999999999924,1,0,0,0,0.1045000000000073,37.899999999999864,6.4500000000000455,0.26976744186046464,12.11999999999989,0.3902640264026453,7.3599999999999,5.310999999999979,0.928,1.0,,,13,4,9.0,2022
2022-09-20 13:00:00+00:00|1.0|handoff_divergence_fade_h13_tp06_sl065,2022-09-20 13:00:00+00:00,STAGE28A,data/reports/stage28a_discovery_factory_batch_runner/stage28a_exact_trades.csv,session_handoff_imbalance_v1,handoff_divergence_fade_h13_tp06_sl065,0.8946999999999662,-0.1553000000000337,-0.8553000000000335,0,0,0,0,0.1553000000000337,20.230000000000018,6.029999999999973,0.2338308457711212,10.629999999999882,0.8701787394167547,3.6799999999998363,3.3575000000000044,0.092,1.0,,,13,1,9.0,2022
2022-09-21 13:00:00+00:00|-1.0|handoff_divergence_fade_h13_tp06_sl065,2022-09-21 13:00:00+00:00,STAGE28A,data/reports/stage28a_discovery_factory_batch_runner/stage28a_exact_trades.csv,session_handoff_imbalance_v1,handoff_divergence_fade_h13_tp06_sl065,1.0603000000000065,0.0103000000000066,-0.6896999999999931,1,0,0,0,0.0103000000000066,19.49000000000001,4.599999999999909,0.31304347826083817,14.440000000000055,0.6606648199445934,3.990000000000009,3.2250000000000227,0.048,-1.0,,,13,2,9.0,2022
2022-09-22 13:00:00+00:00|-1.0|handoff_divergence_fade_h13_tp06_sl065,2022-09-22 13:00:00+00:00,STAGE28A,data/reports/stage28a_discovery_factory_batch_runner/stage28a_exact_trades.csv,session_handoff_imbalance_v1,handoff_divergence_fade_h13_tp06_sl065,-2.750450000000092,-3.800450000000092,-4.500450000000091,0,0,0,1,3.800450000000092,34.13999999999987,16.600000000000136,0.6379518072289055,22.539999999999964,0.2666370896184561,6.839999999999918,7.60799999999997,1.0,-1.0,,,13,3,9.0,2022
2022-09-26 13:00:00+00:00|-1.0|handoff_divergence_fade_h13_tp06_sl065,2022-09-26 13:00:00+00:00,STAGE28A,data/reports/stage28a_discovery_factory_batch_runner/stage28a_exact_trades.csv,session_handoff_imbalance_v1,handoff_divergence_fade_h13_tp06_sl065,-2.746874999999909,-3.796874999999909,-4.496874999999909,0,0,0,1,3.796874999999909,5.389999999999873,19.279999999999973,0.29253112033195583,15.199999999999818,0.22434210526316598,5.720000000000027,6.382999999999981,0.88,-1.0,,,13,0,9.0,2022
2022-09-30 13:00:00+00:00|-1.0|handoff_divergence_fade_h13_tp06_sl065,2022-09-30 13:00:00+00:00,STAGE28A,data/reports/stage28a_discovery_factory_batch_runner/stage28a_exact_trades.csv,session_handoff_imbalance_v1,handoff_divergence_fade_h13_tp06_sl065,-2.3022750000001,-3.3522750000001,-4.052275000000099,0,0,0,1,3.3522750000001,23.40000000000009,5.970000000000027,0.15577889447237175,12.980000000000018,0.41063174114022705,5.339999999999918,4.456499999999972,0.348,-1.0,,,13,4,9.0,2022
2022-10-04 13:00:00+00:00|-1.0|handoff_divergence_fade_h13_tp06_sl065,2022-10-04 13:00:00+00:00,STAGE28A,data/reports/stage28a_discovery_factory_batch_runner/stage28a_exact_trades.csv,session_handoff_imbalance_v1,handoff_divergence_fade_h13_tp06_sl065,-2.151799999999957,-3.2017999999999573,-3.901799999999957,0,0,0,1,3.2017999999999573,41.819999999999936,7.339999999999918,0.08446866485012232,13.170000000000073,0.6522399392558748,4.329999999999927,5.523500000000001,0.576,-1.0,,,13,1,10.0,2022
2022-10-06 13:00:00+00:00|1.0|handoff_divergence_fade_h13_tp06_sl065,2022-10-06 13:00:00+00:00,STAGE28A,data/reports/stage28a_discovery_factory_batch_runner/stage28a_exact_trades.csv,session_handoff_imbalance_v1,handoff_divergence_fade_h13_tp06_sl065,-2.0933000000000903,-3.14330000000009,-3.84330000000009,0,0,0,1,3.14330000000009,27.309999999999945,9.439999999999827,0.6430084745762762,12.129999999999882,0.6158285243198763,4.039999999999964,4.338500000000022,0.106,1.0,,,13,3,10.0,2022
2022-10-07 13:00:00+00:00|-1.0|handoff_divergence_fade_h13_tp06_sl065,2022-10-07 13:00:00+00:00,STAGE28A,data/reports/stage28a_discovery_factory_batch_runner/stage28a_exact_trades.csv,session_handoff_imbalance_v1,handoff_divergence_fade_h13_tp06_sl065,-1.89927500000008,-2.94927500000008,-3.6492750000000793,0,0,0,0,2.94927500000008,18.649999999999864,4.269999999999982,0.4637002341920437,6.3900000000001,0.45539906103283395,3.740000000000009,3.5820000000000163,0.004,-1.0,,,13,4,10.0,2022
2022-10-11 13:00:00+00:00|-1.0|handoff_divergence_fade_h13_tp06_sl065,2022-10-11 13:00:00+00:00,STAGE28A,data/reports/stage28a_discovery_factory_batch_runner/stage28a_exact_trades.csv,session_handoff_imbalance_v1,handoff_divergence_fade_h13_tp06_sl065,-2.068599999999924,-3.118599999999924,-3.818599999999924,0,0,0,1,3.118599999999924,34.23000000000002,12.269999999999982,0.37734311328444303,7.810000000000173,0.20102432778487855,4.990000000000009,4.1370000000000005,0.08,-1.0,,,13,1,10.0,2022
2022-10-12 13:00:00+00:00|-1.0|handoff_divergence_fade_h13_tp06_sl065,2022-10-12 13:00:00+00:00,STAGE28A,data/reports/stage28a_discovery_factory_batch_runner/stage28a_exact_trades.csv,session_handoff_imbalance_v1,handoff_divergence_fade_h13_tp06_sl065,1.241799999999921,0.1917999999999211,-0.5082000000000786,1,0,1,0,0.1917999999999211,22.8900000000001,5.490000000000009,0.14207650273223524,10.549999999999955,0.45118483412322385,4.449999999999818,5.134500000000003,0.58,-1.0,,,13,2,10.0,2022
2022-10-13 13:00:00+00:00|-1.0|handoff_divergence_fade_h13_tp06_sl065,2022-10-13 13:00:00+00:00,STAGE28A,data/reports/stage28a_discovery_factory_batch_runner/stage28a_exact_trades.csv,session_handoff_imbalance_v1,handoff_divergence_fade_h13_tp06_sl065,0.8173000000000684,-0.2326999999999315,-0.9326999999999313,0,0,0,0,0.2326999999999315,16.950000000000045,6.440000000000055,0.669254658385079,10.8900000000001,0.5096418732782281,3.4700000000000273,3.1000000000000454,0.004,-1.0,,,13,3,10.0,2022
2022-10-14 13:00:00+00:00|1.0|handoff_divergence_fade_h13_tp06_sl065,2022-10-14 13:00:00+00:00,STAGE28A,data/reports/stage28a_discovery_factory_batch_runner/stage28a_exact_trades.csv,session_handoff_imbalance_v1,handoff_divergence_fade_h13_tp06_sl065,1.399599999999873,0.3495999999998731,-0.3504000000001266,1,0,1,0,0.3495999999998731,40.01999999999998,11.259999999999991,0.3028419182948565,21.539999999999964,0.7000928505106861,10.539999999999964,5.641999999999996,0.76,1.0,,,13,4,10.0,2022
2022-10-18 13:00:00+00:00|1.0|handoff_divergence_fade_h13_tp06_sl065,2022-10-18 13:00:00+00:00,STAGE28A,data/reports/stage28a_discovery_factory_batch_runner/stage28a_exact_trades.csv,session_handoff_imbalance_v1,handoff_divergence_fade_h13_tp06_sl065,-1.9860500000000685,-3.0360500000000683,-3.736050000000068,0,0,0,0,3.0360500000000683,25.279999999999973,4.639999999999873,0.4008620689655067,12.230000000000018,0.039247751430909035,4.869999999999891,4.23549999999999,0.16,1.0,,,13,1,10.0,2022
2022-10-20 13:00:00+00:00|-1.0|handoff_divergence_fade_h13_tp06_sl065,2022-10-20 13:00:00+00:00,STAGE28A,data/reports/stage28a_discovery_factory_batch_runner/stage28a_exact_trades.csv,session_handoff_imbalance_v1,handoff_divergence_fade_h13_tp06_sl065,-1.8905000000000656,-2.9405000000000654,-3.640500000000065,0,0,0,0,2.9405000000000654,26.74000000000001,7.850000000000136,0.21910828025477674,10.799999999999955,0.7990740740740876,6.809999999999945,3.747000000000014,0.088,-1.0,,,13,3,10.0,2022
2022-10-28 13:00:00+00:00|1.0|handoff_divergence_fade_h13_tp06_sl065,2022-10-28 13:00:00+00:00,STAGE28A,data/reports/stage28a_discovery_factory_batch_runner/stage28a_exact_trades.csv,session_handoff_imbalance_v1,handoff_divergence_fade_h13_tp06_sl065,-1.991900000000078,-3.0419000000000778,-3.7419000000000775,0,0,0,0,3.0419000000000778,15.939999999999827,6.419999999999845,0.39408099688474046,18.899999999999864,0.7962962962962996,4.789999999999964,4.1019999999999985,0.232,1.0,,,13,4,10.0,2022
2022-10-31 13:00:00+00:00|1.0|handoff_divergence_fade_h13_tp06_sl065,2022-10-31 13:00:00+00:00,STAGE28A,data/reports/stage28a_discovery_factory_batch_runner/stage28a_exact_trades.csv,session_handoff_imbalance_v1,handoff_divergence_fade_h13_tp06_sl065,-1.6145749999999226,-2.6645749999999224,-3.364574999999922,0,0,0,0,2.6645749999999224,3.9200000000000728,4.870000000000118,0.2156057494866384,9.930000000000064,0.4652567975830905,3.089999999999918,3.394500000000005,0.004,1.0,,,13,0,10.0,2022
2022-11-03 13:00:00+00:00|1.0|handoff_divergence_fade_h13_tp06_sl065,2022-11-03 13:00:00+00:00,STAGE28A,data/reports/stage28a_discovery_factory_batch_runner/stage28a_exact_trades.csv,session_handoff_imbalance_v1,handoff_divergence_fade_h13_tp06_sl065,-2.03057500000009,-3.0805750000000898,-3.7805750000000895,0,0,0,1,3.0805750000000898,37.6099999999999,9.11999999999989,0.2971491228070251,18.699999999999818,0.8711229946524129,4.6099999999999,5.437499999999955,0.888,1.0,,,13,3,11.0,2022
2022-11-04 13:00:00+00:00|1.0|handoff_divergence_fade_h13_tp06_sl065,2022-11-04 13:00:00+00:00,STAGE28A,data/reports/stage28a_discovery_factory_batch_runner/stage28a_exact_trades.csv,session_handoff_imbalance_v1,handoff_divergence_fade_h13_tp06_sl065,-2.095574999999917,-3.145574999999917,-3.8455749999999167,0,0,0,1,3.145574999999917,24.37999999999988,18.419999999999845,0.9799131378935997,8.700000000000045,0.3218390804597632,6.6099999999999,3.9944999999999937,0.284,1.0,,,13,4,11.0,2022
2022-11-08 13:00:00+00:00|-1.0|handoff_divergence_fade_h13_tp06_sl065,2022-11-08 13:00:00+00:00,STAGE28A,data/reports/stage28a_discovery_factory_batch_runner/stage28a_exact_trades.csv,session_handoff_imbalance_v1,handoff_divergence_fade_h13_tp06_sl065,0.8778999999998632,-0.1721000000001367,-0.8721000000001364,0,0,0,0,0.1721000000001367,14.930000000000064,7.279999999999973,0.5508241758241766,7.3599999999999,0.04347826086955716,2.2199999999998,3.167999999999995,0.024,-1.0,,,13,1,11.0,2022
2022-11-10 13:00:00+00:00|1.0|handoff_divergence_fade_h13_tp06_sl065,2022-11-10 13:00:00+00:00,STAGE28A,data/reports/stage28a_discovery_factory_batch_runner/stage28a_exact_trades.csv,session_handoff_imbalance_v1,handoff_divergence_fade_h13_tp06_sl065,1.128399999999965,0.0783999999999651,-0.6216000000000346,1,0,0,0,0.0783999999999651,20.180000000000064,6.259999999999991,0.522364217252394,8.540000000000191,0.18032786885245072,4.430000000000064,4.087999999999999,0.34,1.0,,,13,3,11.0,2022
2022-11-16 13:00:00+00:00|-1.0|handoff_divergence_fade_h13_tp06_sl065,2022-11-16 13:00:00+00:00,STAGE28A,data/reports/stage28a_discovery_factory_batch_runner/stage28a_exact_trades.csv,session_handoff_imbalance_v1,handoff_divergence_fade_h13_tp06_sl065,1.024900000000025,-0.0250999999999748,-0.7250999999999745,0,0,0,0,0.0250999999999748,19.36999999999989,11.1099999999999,0.8019801980198166,14.039999999999964,0.7343304843304823,3.8099999999999454,5.0350000000000135,0.544,-1.0,,,13,2,11.0,2022
2022-11-17 13:00:00+00:00|-1.0|handoff_divergence_fade_h13_tp06_sl065,2022-11-17 13:00:00+00:00,STAGE28A,data/reports/stage28a_discovery_factory_batch_runner/stage28a_exact_trades.csv,session_handoff_imbalance_v1,handoff_divergence_fade_h13_tp06_sl065,-1.7845499999999448,-2.8345499999999446,-3.5345499999999443,0,0,0,0,2.8345499999999446,14.7199999999998,12.6099999999999,0.9103885804916819,9.519999999999982,0.012605042016819166,4.259999999999991,3.760000000000025,0.1,-1.0,,,13,3,11.0,2022
2022-11-23 13:00:00+00:00|-1.0|handoff_divergence_fade_h13_tp06_sl065,2022-11-23 13:00:00+00:00,STAGE28A,data/reports/stage28a_discovery_factory_batch_runner/stage28a_exact_trades.csv,session_handoff_imbalance_v1,handoff_divergence_fade_h13_tp06_sl065,-1.7422999999999775,-2.7922999999999774,-3.492299999999977,0,0,0,0,2.7922999999999774,12.740000000000009,10.009999999999991,0.6253746253746251,12.180000000000064,0.17733990147783832,5.330000000000155,3.4209999999999923,0.116,-1.0,,,13,2,11.0,2022
2022-11-25 13:00:00+00:00|1.0|handoff_divergence_fade_h13_tp06_sl065,2022-11-25 13:00:00+00:00,STAGE28A,data/reports/stage28a_discovery_factory_batch_runner/stage28a_exact_trades.csv,session_handoff_imbalance_v1,handoff_divergence_fade_h13_tp06_sl065,-1.5291000000000623,-2.579100000000062,-3.279100000000062,0,0,0,0,2.579100000000062,9.590000000000146,8.710000000000036,0.3650975889781918,9.769999999999982,0.6223132036847662,4.230000000000018,2.702500000000009,0.068,1.0,,,13,4,11.0,2022
2022-12-01 13:00:00+00:00|1.0|handoff_divergence_fade_h13_tp06_sl065,2022-12-01 13:00:00+00:00,STAGE28A,data/reports/stage28a_discovery_factory_batch_runner/stage28a_exact_trades.csv,session_handoff_imbalance_v1,handoff_divergence_fade_h13_tp06_sl065,-1.90252500000006,-2.95252500000006,-3.6525250000000593,0,0,0,0,2.95252500000006,28.529999999999973,11.8599999999999,0.5202360876897238,9.029999999999973,0.33111849390919357,3.550000000000182,5.318999999999994,0.96,1.0,,,13,3,12.0,2022
2022-12-02 13:00:00+00:00|-1.0|handoff_divergence_fade_h13_tp06_sl065,2022-12-02 13:00:00+00:00,STAGE28A,data/reports/stage28a_discovery_factory_batch_runner/stage28a_exact_trades.csv,session_handoff_imbalance_v1,handoff_divergence_fade_h13_tp06_sl065,0.7098999999999706,-0.3401000000000294,-1.0401000000000291,0,0,0,0,0.3401000000000294,35.86999999999989,8.8599999999999,0.5575620767494481,6.7000000000000455,0.41641791044775295,2.509999999999991,3.4725000000000135,0.292,-1.0,,,13,4,12.0,2022
2022-12-05 13:00:00+00:00|1.0|handoff_divergence_fade_h13_tp06_sl065,2022-12-05 13:00:00+00:00,STAGE28A,data/reports/stage28a_discovery_factory_batch_runner/stage28a_exact_trades.csv,session_handoff_imbalance_v1,handoff_divergence_fade_h13_tp06_sl065,-1.8554000000000088,-2.9054000000000086,-3.605400000000008,0,0,0,0,2.9054000000000086,4.920000000000073,15.589999999999918,0.6215522771007124,16.15000000000009,0.8476780185758359,4.150000000000091,4.377499999999998,0.66,1.0,,,13,0,12.0,2022
2022-12-06 13:00:00+00:00|1.0|handoff_divergence_fade_h13_tp06_sl065,2022-12-06 13:00:00+00:00,STAGE28A,data/reports/stage28a_discovery_factory_batch_runner/stage28a_exact_trades.csv,session_handoff_imbalance_v1,handoff_divergence_fade_h13_tp06_sl065,0.9241000000000896,-0.1258999999999104,-0.8258999999999102,0,0,0,0,0.1258999999999104,44.12999999999988,8.799999999999955,0.35454545454544395,7.7800000000002,0.16709511568125301,4.040000000000191,4.261500000000058,0.552,1.0,,,13,1,12.0,2022
2022-12-07 13:00:00+00:00|-1.0|handoff_divergence_fade_h13_tp06_sl065,2022-12-07 13:00:00+00:00,STAGE28A,data/reports/stage28a_discovery_factory_batch_runner/stage28a_exact_trades.csv,session_handoff_imbalance_v1,handoff_divergence_fade_h13_tp06_sl065,0.8493999999999687,-0.2006000000000312,-0.9006000000000309,0,0,0,0,0.2006000000000312,13.570000000000164,6.420000000000073,0.015576323987524598,6.230000000000018,0.2616372391653093,3.5699999999999363,3.2814999999999825,0.184,-1.0,,,13,2,12.0,2022
2022-12-09 13:00:00+00:00|1.0|handoff_divergence_fade_h13_tp06_sl065,2022-12-09 13:00:00+00:00,STAGE28A,data/reports/stage28a_discovery_factory_batch_runner/stage28a_exact_trades.csv,session_handoff_imbalance_v1,handoff_divergence_fade_h13_tp06_sl065,0.7581999999998971,-0.2918000000001028,-0.9918000000001026,0,0,0,0,0.2918000000001028,13.490000000000009,8.980000000000018,0.8006681514476406,8.789999999999964,0.2229806598407073,2.1400000000001,3.091500000000019,0.08,1.0,,,13,4,12.0,2022
2022-12-12 13:00:00+00:00|-1.0|handoff_divergence_fade_h13_tp06_sl065,2022-12-12 13:00:00+00:00,STAGE28A,data/reports/stage28a_discovery_factory_batch_runner/stage28a_exact_trades.csv,session_handoff_imbalance_v1,handoff_divergence_fade_h13_tp06_sl065,-1.4267249999998968,-2.4767249999998966,-3.1767249999998963,0,0,0,0,2.4767249999998966,2.3400000000001455,10.309999999999945,0.7332686711930151,7.329999999999927,0.6889495225102326,3.009999999999991,3.818500000000017,0.284,-1.0,,,13,0,12.0,2022
2022-12-16 13:00:00+00:00|1.0|handoff_divergence_fade_h13_tp06_sl065,2022-12-16 13:00:00+00:00,STAGE28A,data/reports/stage28a_discovery_factory_batch_runner/stage28a_exact_trades.csv,session_handoff_imbalance_v1,handoff_divergence_fade_h13_tp06_sl065,-1.989949999999999,-3.039949999999999,-3.739949999999999,0,0,0,0,3.039949999999999,34.799999999999955,8.639999999999873,0.2685185185185414,10.599999999999909,0.1849056603773635,3.9300000000000637,3.8604999999999903,0.368,1.0,,,13,4,12.0,2022
2022-12-22 13:00:00+00:00|1.0|handoff_divergence_fade_h13_tp06_sl065,2022-12-22 13:00:00+00:00,STAGE28A,data/reports/stage28a_discovery_factory_batch_runner/stage28a_exact_trades.csv,session_handoff_imbalance_v1,handoff_divergence_fade_h13_tp06_sl065,0.6697000000000571,-0.3802999999999428,-1.0802999999999423,0,0,0,0,0.3802999999999428,11.930000000000064,6.889999999999873,0.7735849056603811,6.740000000000009,0.827893175074172,2.4099999999998545,3.1659999999999853,0.096,1.0,,,13,3,12.0,2022
2022-12-29 13:00:00+00:00|1.0|handoff_divergence_fade_h13_tp06_sl065,2022-12-29 13:00:00+00:00,STAGE28A,data/reports/stage28a_discovery_factory_batch_runner/stage28a_exact_trades.csv,session_handoff_imbalance_v1,handoff_divergence_fade_h13_tp06_sl065,-1.478400000000056,-2.528400000000056,-3.228400000000056,0,0,0,0,2.528400000000056,17.580000000000155,5.630000000000109,0.5772646536411966,7.6099999999999,0.4809461235216692,5.019999999999982,3.463499999999988,0.284,1.0,,,13,3,12.0,2022
2022-12-30 13:00:00+00:00|1.0|handoff_divergence_fade_h13_tp06_sl065,2022-12-30 13:00:00+00:00,STAGE28A,data/reports/stage28a_discovery_factory_batch_runner/stage28a_exact_trades.csv,session_handoff_imbalance_v1,handoff_divergence_fade_h13_tp06_sl065,0.7038999999998851,-0.3461000000001148,-1.0461000000001146,0,0,0,0,0.3461000000001148,16.450000000000045,5.330000000000155,0.13320825515947762,8.910000000000082,0.043771043771029076,3.2999999999999545,2.982000000000005,0.04,1.0,,,13,4,12.0,2022
2023-01-03 13:00:00+00:00|1.0|handoff_divergence_fade_h13_tp06_sl065,2023-01-03 13:00:00+00:00,STAGE28A,data/reports/stage28a_discovery_factory_batch_runner/stage28a_exact_trades.csv,session_handoff_imbalance_v1,handoff_divergence_fade_h13_tp06_sl065,1.6176999999999224,0.5676999999999226,-0.1323000000000771,1,0,1,0,0.5676999999999226,6.660000000000082,19.40000000000009,0.5649484536082466,16.24000000000001,0.3663793103448302,5.650000000000091,5.305000000000007,0.964,1.0,,,13,1,1.0,2023
2023-01-06 13:00:00+00:00|1.0|handoff_divergence_fade_h13_tp06_sl065,2023-01-06 13:00:00+00:00,STAGE28A,data/reports/stage28a_discovery_factory_batch_runner/stage28a_exact_trades.csv,session_handoff_imbalance_v1,handoff_divergence_fade_h13_tp06_sl065,0.7822000000000117,-0.2677999999999882,-0.967799999999988,0,0,0,0,0.2677999999999882,33.99000000000001,10.930000000000064,0.4858188472095073,7.370000000000118,0.18724559023067666,3.9200000000000728,4.009499999999991,0.464,1.0,,,13,4,1.0,2023
2023-01-09 13:00:00+00:00|1.0|handoff_divergence_fade_h13_tp06_sl065,2023-01-09 13:00:00+00:00,STAGE28A,data/reports/stage28a_discovery_factory_batch_runner/stage28a_exact_trades.csv,session_handoff_imbalance_v1,handoff_divergence_fade_h13_tp06_sl065,-1.8632000000000968,-2.913200000000097,-3.613200000000097,0,0,0,0,2.913200000000097,3.5799999999999272,13.239999999999782,0.554380664652571,9.680000000000064,0.556818181818165,3.4400000000000546,4.782999999999982,0.596,1.0,,,13,0,1.0,2023
2023-01-12 13:00:00+00:00|1.0|handoff_divergence_fade_h13_tp06_sl065,2023-01-12 13:00:00+00:00,STAGE28A,data/reports/stage28a_discovery_factory_batch_runner/stage28a_exact_trades.csv,session_handoff_imbalance_v1,handoff_divergence_fade_h13_tp06_sl065,-1.3685500000000048,-2.4185500000000046,-3.1185500000000044,0,0,0,0,2.4185500000000046,19.480000000000018,10.3599999999999,0.7268339768339812,5.509999999999991,0.032667876588033384,1.9200000000000728,3.150499999999977,0.032,1.0,,,13,3,1.0,2023
2023-01-13 13:00:00+00:00|-1.0|handoff_divergence_fade_h13_tp06_sl065,2023-01-13 13:00:00+00:00,STAGE28A,data/reports/stage28a_discovery_factory_batch_runner/stage28a_exact_trades.csv,session_handoff_imbalance_v1,handoff_divergence_fade_h13_tp06_sl065,-2.0634000000000925,-3.1134000000000923,-3.813400000000092,0,0,0,1,3.1134000000000923,32.710000000000036,6.089999999999918,0.33004926108374677,17.37999999999988,0.575949367088611,2.3300000000001546,4.693499999999995,0.564,-1.0,,,13,4,1.0,2023
2023-01-16 13:00:00+00:00|1.0|handoff_divergence_fade_h13_tp06_sl065,2023-01-16 13:00:00+00:00,STAGE28A,data/reports/stage28a_discovery_factory_batch_runner/stage28a_exact_trades.csv,session_handoff_imbalance_v1,handoff_divergence_fade_h13_tp06_sl065,0.9735999999999422,-0.0764000000000577,-0.7764000000000575,0,0,0,0,0.0764000000000577,3.589999999999918,12.11999999999989,0.44389438943895687,11.519999999999982,0.5833333333333366,3.020000000000209,4.967500000000018,0.552,1.0,,,13,0,1.0,2023
2023-01-18 13:00:00+00:00|-1.0|handoff_divergence_fade_h13_tp06_sl065,2023-01-18 13:00:00+00:00,STAGE28A,data/reports/stage28a_discovery_factory_batch_runner/stage28a_exact_trades.csv,session_handoff_imbalance_v1,handoff_divergence_fade_h13_tp06_sl065,-1.9828000000000885,-3.0328000000000883,-3.732800000000088,0,0,0,0,3.0328000000000883,15.2800000000002,13.089999999999918,0.7097020626432408,19.339999999999918,0.7699069286453032,3.7200000000000273,4.592999999999972,0.476,-1.0,,,13,2,1.0,2023
2023-01-20 13:00:00+00:00|-1.0|handoff_divergence_fade_h13_tp06_sl065,2023-01-20 13:00:00+00:00,STAGE28A,data/reports/stage28a_discovery_factory_batch_runner/stage28a_exact_trades.csv,session_handoff_imbalance_v1,handoff_divergence_fade_h13_tp06_sl065,1.19950000000008,0.1495000000000801,-0.5504999999999196,1,0,0,0,0.1495000000000801,34.190000000000055,11.160000000000082,0.7168458781361955,14.289999999999964,0.4380685794261726,3.2899999999999636,4.657000000000016,0.556,-1.0,,,13,4,1.0,2023
2023-01-23 13:00:00+00:00|1.0|handoff_divergence_fade_h13_tp06_sl065,2023-01-23 13:00:00+00:00,STAGE28A,data/reports/stage28a_discovery_factory_batch_runner/stage28a_exact_trades.csv,session_handoff_imbalance_v1,handoff_divergence_fade_h13_tp06_sl065,-1.9207250000000389,-2.9707250000000385,-3.670725000000038,0,0,0,0,2.9707250000000385,4.019999999999982,11.819999999999936,0.19204737732656463,10.940000000000055,0.28519195612430304,3.4600000000000364,4.262999999999988,0.336,1.0,,,13,0,1.0,2023
2023-01-27 13:00:00+00:00|-1.0|handoff_divergence_fade_h13_tp06_sl065,2023-01-27 13:00:00+00:00,STAGE28A,data/reports/stage28a_discovery_factory_batch_runner/stage28a_exact_trades.csv,session_handoff_imbalance_v1,handoff_divergence_fade_h13_tp06_sl065,-1.582400000000098,-2.6324000000000978,-3.332400000000097,0,0,0,0,2.6324000000000978,30.470000000000027,15.069999999999936,0.6084936960849444,7.829999999999927,0.8735632183908023,3.990000000000009,4.602999999999975,0.368,-1.0,,,13,4,1.0,2023
2023-01-30 13:00:00+00:00|1.0|handoff_divergence_fade_h13_tp06_sl065,2023-01-30 13:00:00+00:00,STAGE28A,data/reports/stage28a_discovery_factory_batch_runner/stage28a_exact_trades.csv,session_handoff_imbalance_v1,handoff_divergence_fade_h13_tp06_sl065,1.0059999999999945,-0.0440000000000053,-0.7440000000000051,0,0,0,0,0.0440000000000053,3.4500000000000455,10.049999999999955,0.44975124378109477,13.11999999999989,0.21570121951219137,6.190000000000055,4.700999999999999,0.464,1.0,,,13,0,1.0,2023
2023-02-03 13:00:00+00:00|1.0|handoff_divergence_fade_h13_tp06_sl065,2023-02-03 13:00:00+00:00,STAGE28A,data/reports/stage28a_discovery_factory_batch_runner/stage28a_exact_trades.csv,session_handoff_imbalance_v1,handoff_divergence_fade_h13_tp06_sl065,1.1608000000000174,0.1108000000000175,-0.5891999999999822,1,0,0,0,0.1108000000000175,48.44999999999982,7.269999999999982,0.13480055020633022,8.599999999999909,0.490697674418613,3.8899999999998727,4.705499999999972,0.42,1.0,,,13,4,2.0,2023
2023-02-06 13:00:00+00:00|1.0|handoff_divergence_fade_h13_tp06_sl065,2023-02-06 13:00:00+00:00,STAGE28A,data/reports/stage28a_discovery_factory_batch_runner/stage28a_exact_trades.csv,session_handoff_imbalance_v1,handoff_divergence_fade_h13_tp06_sl065,-2.092974999999888,-3.1429749999998875,-3.8429749999998872,0,0,0,1,3.1429749999998875,10.089999999999918,18.769999999999982,0.6904635055940357,11.180000000000064,0.549194991055462,2.6000000000001364,5.891500000000008,0.792,1.0,,,13,0,2.0,2023
2023-02-10 13:00:00+00:00|-1.0|handoff_divergence_fade_h13_tp06_sl065,2023-02-10 13:00:00+00:00,STAGE28A,data/reports/stage28a_discovery_factory_batch_runner/stage28a_exact_trades.csv,session_handoff_imbalance_v1,handoff_divergence_fade_h13_tp06_sl065,-2.4205749999999626,-3.4705749999999624,-4.170574999999962,0,0,0,1,3.4705749999999624,31.269999999999982,11.579999999999927,0.7236614853195107,19.3599999999999,0.46177685950413744,4.509999999999991,5.849500000000001,0.664,-1.0,,,13,4,2.0,2023
2023-02-16 13:00:00+00:00|1.0|handoff_divergence_fade_h13_tp06_sl065,2023-02-16 13:00:00+00:00,STAGE28A,data/reports/stage28a_discovery_factory_batch_runner/stage28a_exact_trades.csv,session_handoff_imbalance_v1,handoff_divergence_fade_h13_tp06_sl065,-1.8176999999999224,-2.8676999999999224,-3.567699999999922,0,0,0,0,2.8676999999999224,29.50999999999999,8.169999999999845,0.3659730722154303,10.549999999999955,0.1184834123222754,3.7999999999999545,4.165999999999985,0.168,1.0,,,13,3,2.0,2023
2023-02-22 13:00:00+00:00|1.0|handoff_divergence_fade_h13_tp06_sl065,2023-02-22 13:00:00+00:00,STAGE28A,data/reports/stage28a_discovery_factory_batch_runner/stage28a_exact_trades.csv,session_handoff_imbalance_v1,handoff_divergence_fade_h13_tp06_sl065,-1.7130499999999302,-2.76304999999993,-3.46304999999993,0,0,0,0,2.76304999999993,13.599999999999909,4.370000000000118,0.21967963386727926,9.069999999999936,0.34399117971335613,2.6299999999998818,3.536500000000012,0.124,1.0,,,13,2,2.0,2023
2023-02-23 13:00:00+00:00|1.0|handoff_divergence_fade_h13_tp06_sl065,2023-02-23 13:00:00+00:00,STAGE28A,data/reports/stage28a_discovery_factory_batch_runner/stage28a_exact_trades.csv,session_handoff_imbalance_v1,handoff_divergence_fade_h13_tp06_sl065,0.7788999999999305,-0.2711000000000694,-0.9711000000000692,0,0,0,0,0.2711000000000694,22.430000000000064,7.279999999999973,0.6565934065934053,9.3900000000001,0.3588924387646278,2.900000000000091,3.769500000000005,0.2,1.0,,,13,3,2.0,2023
2023-02-24 13:00:00+00:00|1.0|handoff_divergence_fade_h13_tp06_sl065,2023-02-24 13:00:00+00:00,STAGE28A,data/reports/stage28a_discovery_factory_batch_runner/stage28a_exact_trades.csv,session_handoff_imbalance_v1,handoff_divergence_fade_h13_tp06_sl065,-1.7487999999999375,-2.7987999999999373,-3.498799999999937,0,0,0,0,2.7987999999999373,16.320000000000164,6.779999999999973,0.3554572271386566,6.529999999999973,0.4992343032159272,3.1299999999998818,3.3700000000000045,0.112,1.0,,,13,4,2.0,2023
2023-03-06 13:00:00+00:00|1.0|handoff_divergence_fade_h13_tp06_sl065,2023-03-06 13:00:00+00:00,STAGE28A,data/reports/stage28a_discovery_factory_batch_runner/stage28a_exact_trades.csv,session_handoff_imbalance_v1,handoff_divergence_fade_h13_tp06_sl065,0.7369000000000142,-0.3130999999999857,-1.0130999999999857,0,0,0,0,0.3130999999999857,3.290000000000191,5.690000000000055,0.2882249560632837,8.38000000000011,0.46062052505967505,3.1400000000001,3.5700000000000385,0.356,1.0,,,13,0,3.0,2023
2023-03-07 13:00:00+00:00|1.0|handoff_divergence_fade_h13_tp06_sl065,2023-03-07 13:00:00+00:00,STAGE28A,data/reports/stage28a_discovery_factory_batch_runner/stage28a_exact_trades.csv,session_handoff_imbalance_v1,handoff_divergence_fade_h13_tp06_sl065,-1.4442749999999251,-2.494274999999925,-3.1942749999999247,0,0,0,0,2.494274999999925,13.160000000000082,6.430000000000064,0.16329704510107995,8.940000000000055,0.4798657718120735,1.650000000000091,2.8590000000000373,0.06,1.0,,,13,1,3.0,2023
2023-03-08 13:00:00+00:00|-1.0|handoff_divergence_fade_h13_tp06_sl065,2023-03-08 13:00:00+00:00,STAGE28A,data/reports/stage28a_discovery_factory_batch_runner/stage28a_exact_trades.csv,session_handoff_imbalance_v1,handoff_divergence_fade_h13_tp06_sl065,0.592299999999932,-0.4577000000000679,-1.1577000000000677,0,0,0,0,0.4577000000000679,38.899999999999864,5.070000000000164,0.4773175542406301,4.800000000000182,0.5312499999999704,2.4300000000000637,3.313000000000045,0.2,-1.0,,,13,2,3.0,2023
2023-03-09 13:00:00+00:00|-1.0|handoff_divergence_fade_h13_tp06_sl065,2023-03-09 13:00:00+00:00,STAGE28A,data/reports/stage28a_discovery_factory_batch_runner/stage28a_exact_trades.csv,session_handoff_imbalance_v1,handoff_divergence_fade_h13_tp06_sl065,0.5965000000000146,-0.4534999999999853,-1.153499999999985,0,0,0,0,0.4534999999999853,14.860000000000127,4.480000000000018,0.20535714285715825,6.339999999999918,0.5883280757097896,1.6800000000000637,2.8404999999999974,0.036,-1.0,,,13,3,3.0,2023
2023-03-10 13:00:00+00:00|-1.0|handoff_divergence_fade_h13_tp06_sl065,2023-03-10 13:00:00+00:00,STAGE28A,data/reports/stage28a_discovery_factory_batch_runner/stage28a_exact_trades.csv,session_handoff_imbalance_v1,handoff_divergence_fade_h13_tp06_sl065,1.0111000000000785,-0.0388999999999213,-0.7388999999999211,0,0,0,0,0.0388999999999213,23.679999999999836,7.129999999999882,0.25385694249649027,8.730000000000018,0.345933562428405,4.080000000000155,3.894500000000039,0.76,-1.0,,,13,4,3.0,2023
2023-03-16 13:00:00+00:00|-1.0|handoff_divergence_fade_h13_tp06_sl065,2023-03-16 13:00:00+00:00,STAGE28A,data/reports/stage28a_discovery_factory_batch_runner/stage28a_exact_trades.csv,session_handoff_imbalance_v1,handoff_divergence_fade_h13_tp06_sl065,1.589800000000105,0.5398000000001049,-0.1601999999998948,1,0,1,0,0.5398000000001049,51.57999999999993,16.930000000000064,0.24453632604843972,10.720000000000027,0.868470149253724,4.350000000000136,6.749499999999989,0.788,-1.0,,,13,3,3.0,2023
2023-03-20 13:00:00+00:00|-1.0|handoff_divergence_fade_h13_tp06_sl065,2023-03-20 13:00:00+00:00,STAGE28A,data/reports/stage28a_discovery_factory_batch_runner/stage28a_exact_trades.csv,session_handoff_imbalance_v1,handoff_divergence_fade_h13_tp06_sl065,-4.681924999999955,-5.731924999999956,-6.431924999999955,0,0,0,1,5.731924999999956,15.549999999999955,22.420000000000073,0.4214986619090105,35.87000000000012,0.16085865625871099,14.710000000000036,10.59599999999997,0.992,-1.0,,,13,0,3.0,2023
2023-03-21 13:00:00+00:00|1.0|handoff_divergence_fade_h13_tp06_sl065,2023-03-21 13:00:00+00:00,STAGE28A,data/reports/stage28a_discovery_factory_batch_runner/stage28a_exact_trades.csv,session_handoff_imbalance_v1,handoff_divergence_fade_h13_tp06_sl065,-2.6116749999999684,-3.661674999999968,-4.361674999999968,0,0,0,1,3.661674999999968,43.950000000000045,9.779999999999973,0.33742331288343186,20.310000000000173,0.6233382570162357,5.069999999999936,5.340999999999974,0.44,1.0,,,13,1,3.0,2023
2023-03-22 13:00:00+00:00|-1.0|handoff_divergence_fade_h13_tp06_sl065,2023-03-22 13:00:00+00:00,STAGE28A,data/reports/stage28a_discovery_factory_batch_runner/stage28a_exact_trades.csv,session_handoff_imbalance_v1,handoff_divergence_fade_h13_tp06_sl065,1.4035000000000308,0.353500000000031,-0.3464999999999687,1,0,1,0,0.353500000000031,49.75,8.330000000000155,0.03121248499399593,11.389999999999873,0.2906057945566271,5.069999999999936,4.805000000000052,0.28,-1.0,,,13,2,3.0,2023
2023-03-27 13:00:00+00:00|1.0|handoff_divergence_fade_h13_tp06_sl065,2023-03-27 13:00:00+00:00,STAGE28A,data/reports/stage28a_discovery_factory_batch_runner/stage28a_exact_trades.csv,session_handoff_imbalance_v1,handoff_divergence_fade_h13_tp06_sl065,1.627000000000089,0.5770000000000892,-0.1229999999999105,1,0,1,0,0.5770000000000892,10.569999999999936,10.569999999999936,0.07473982970671413,19.519999999999982,0.9508196721311456,12.740000000000009,6.0490000000000235,0.288,1.0,,,13,0,3.0,2023
2023-03-28 13:00:00+00:00|1.0|handoff_divergence_fade_h13_tp06_sl065,2023-03-28 13:00:00+00:00,STAGE28A,data/reports/stage28a_discovery_factory_batch_runner/stage28a_exact_trades.csv,session_handoff_imbalance_v1,handoff_divergence_fade_h13_tp06_sl065,1.3269999999999071,0.2769999999999073,-0.4230000000000924,1,0,1,0,0.2769999999999073,35.899999999999864,8.460000000000036,0.280141843971644,11.63000000000011,0.5081685296646431,4.680000000000064,4.132999999999993,0.004,1.0,,,13,1,3.0,2023
2023-03-30 13:00:00+00:00|-1.0|handoff_divergence_fade_h13_tp06_sl065,2023-03-30 13:00:00+00:00,STAGE28A,data/reports/stage28a_discovery_factory_batch_runner/stage28a_exact_trades.csv,session_handoff_imbalance_v1,handoff_divergence_fade_h13_tp06_sl065,-1.79137499999988,-2.84137499999988,-3.54137499999988,0,0,0,0,2.84137499999988,15.759999999999991,9.539999999999964,0.4947589098532542,12.559999999999945,0.6162420382165639,1.6600000000000819,4.042999999999973,0.048,-1.0,,,13,3,3.0,2023
2023-03-31 13:00:00+00:00|1.0|handoff_divergence_fade_h13_tp06_sl065,2023-03-31 13:00:00+00:00,STAGE28A,data/reports/stage28a_discovery_factory_batch_runner/stage28a_exact_trades.csv,session_handoff_imbalance_v1,handoff_divergence_fade_h13_tp06_sl065,1.1490999999999985,0.0990999999999986,-0.6009000000000011,1,0,0,0,0.0990999999999986,28.910000000000082,5.970000000000027,0.3417085427135983,11.840000000000146,0.22972972972972922,5.240000000000009,4.062999999999965,0.096,1.0,,,13,4,3.0,2023
2023-04-03 13:00:00+00:00|-1.0|handoff_divergence_fade_h13_tp06_sl065,2023-04-03 13:00:00+00:00,STAGE28A,data/reports/stage28a_discovery_factory_batch_runner/stage28a_exact_trades.csv,session_handoff_imbalance_v1,handoff_divergence_fade_h13_tp06_sl065,1.2396999999999934,0.1896999999999935,-0.5103000000000062,1,0,1,0,0.1896999999999935,12.190000000000055,22.549999999999955,0.4736141906873652,16.539999999999964,0.8657799274486074,3.9400000000000546,6.254499999999996,0.552,-1.0,,,13,0,4.0,2023
2023-04-04 13:00:00+00:00|-1.0|handoff_divergence_fade_h13_tp06_sl065,2023-04-04 13:00:00+00:00,STAGE28A,data/reports/stage28a_discovery_factory_batch_runner/stage28a_exact_trades.csv,session_handoff_imbalance_v1,handoff_divergence_fade_h13_tp06_sl065,-1.6808750000001056,-2.7308750000001054,-3.430875000000105,0,0,0,0,2.7308750000001054,40.72000000000003,7.680000000000064,0.7552083333333508,7.259999999999991,0.6680440771350059,3.6200000000001182,4.161000000000013,0.124,-1.0,,,13,1,4.0,2023
2023-04-06 13:00:00+00:00|-1.0|handoff_divergence_fade_h13_tp06_sl065,2023-04-06 13:00:00+00:00,STAGE28A,data/reports/stage28a_discovery_factory_batch_runner/stage28a_exact_trades.csv,session_handoff_imbalance_v1,handoff_divergence_fade_h13_tp06_sl065,-1.7809749999999895,-2.8309749999999894,-3.530974999999989,0,0,0,0,2.8309749999999894,22.069999999999936,13.549999999999955,0.6664206642066423,9.879999999999882,0.8289473684210681,3.259999999999991,4.436500000000012,0.276,-1.0,,,13,3,4.0,2023
2023-04-10 13:00:00+00:00|-1.0|handoff_divergence_fade_h13_tp06_sl065,2023-04-10 13:00:00+00:00,STAGE28A,data/reports/stage28a_discovery_factory_batch_runner/stage28a_exact_trades.csv,session_handoff_imbalance_v1,handoff_divergence_fade_h13_tp06_sl065,0.6940000000000964,-0.3559999999999035,-1.0559999999999032,0,0,0,0,0.3559999999999035,17.029999999999973,17.65000000000009,0.8271954674220869,12.220000000000027,0.786415711947617,4.930000000000064,5.2620000000000235,0.588,-1.0,,,13,0,4.0,2023
2023-04-12 13:00:00+00:00|1.0|handoff_divergence_fade_h13_tp06_sl065,2023-04-12 13:00:00+00:00,STAGE28A,data/reports/stage28a_discovery_factory_batch_runner/stage28a_exact_trades.csv,session_handoff_imbalance_v1,handoff_divergence_fade_h13_tp06_sl065,-1.685749999999962,-2.7357499999999617,-3.435749999999961,0,0,0,0,2.7357499999999617,18.610000000000127,16.36999999999989,0.8173488087965912,12.539999999999964,0.4976076555023945,3.0,3.838499999999965,0.152,1.0,,,13,2,4.0,2023
2023-04-14 13:00:00+00:00|1.0|handoff_divergence_fade_h13_tp06_sl065,2023-04-14 13:00:00+00:00,STAGE28A,data/reports/stage28a_discovery_factory_batch_runner/stage28a_exact_trades.csv,session_handoff_imbalance_v1,handoff_divergence_fade_h13_tp06_sl065,-2.028300000000036,-3.078300000000036,-3.7783000000000353,0,0,0,1,3.078300000000036,35.00999999999999,8.809999999999945,0.5595913734392842,14.690000000000055,0.43567052416610397,4.289999999999964,4.561500000000024,0.404,1.0,,,13,4,4.0,2023
2023-04-20 13:00:00+00:00|-1.0|handoff_divergence_fade_h13_tp06_sl065,2023-04-20 13:00:00+00:00,STAGE28A,data/reports/stage28a_discovery_factory_batch_runner/stage28a_exact_trades.csv,session_handoff_imbalance_v1,handoff_divergence_fade_h13_tp06_sl065,-2.04032500000003,-3.0903250000000297,-3.7903250000000295,0,0,0,1,3.0903250000000297,38.95999999999981,8.179999999999836,0.20904645476773479,9.779999999999973,0.6932515337423304,7.809999999999945,4.066000000000019,0.2,-1.0,,,13,3,4.0,2023
2023-04-24 13:00:00+00:00|-1.0|handoff_divergence_fade_h13_tp06_sl065,2023-04-24 13:00:00+00:00,STAGE28A,data/reports/stage28a_discovery_factory_batch_runner/stage28a_exact_trades.csv,session_handoff_imbalance_v1,handoff_divergence_fade_h13_tp06_sl065,-1.844999999999891,-2.8949999999998908,-3.5949999999998905,0,0,0,0,2.8949999999998908,3.790000000000191,6.7999999999999545,0.4735294117647131,10.459999999999809,0.22179732313575323,4.0,4.293000000000018,0.256,-1.0,,,13,0,4.0,2023
2023-04-25 13:00:00+00:00|1.0|handoff_divergence_fade_h13_tp06_sl065,2023-04-25 13:00:00+00:00,STAGE28A,data/reports/stage28a_discovery_factory_batch_runner/stage28a_exact_trades.csv,session_handoff_imbalance_v1,handoff_divergence_fade_h13_tp06_sl065,-2.031874999999991,-3.081874999999991,-3.781874999999991,0,0,0,1,3.081874999999991,18.579999999999927,12.269999999999982,0.013039934800332689,10.289999999999964,0.4528668610301359,3.839999999999918,4.624499999999978,0.412,1.0,,,13,1,4.0,2023
2023-04-26 13:00:00+00:00|-1.0|handoff_divergence_fade_h13_tp06_sl065,2023-04-26 13:00:00+00:00,STAGE28A,data/reports/stage28a_discovery_factory_batch_runner/stage28a_exact_trades.csv,session_handoff_imbalance_v1,handoff_divergence_fade_h13_tp06_sl065,0.9420999999998912,-0.1079000000001086,-0.8079000000001084,0,0,0,0,0.1079000000001086,27.710000000000036,9.230000000000018,0.37811484290357555,6.069999999999936,0.7726523887973812,3.119999999999891,4.515499999999986,0.262,-1.0,,,13,2,4.0,2023
2023-04-27 13:00:00+00:00|1.0|handoff_divergence_fade_h13_tp06_sl065,2023-04-27 13:00:00+00:00,STAGE28A,data/reports/stage28a_discovery_factory_batch_runner/stage28a_exact_trades.csv,session_handoff_imbalance_v1,handoff_divergence_fade_h13_tp06_sl065,-1.8651499999999488,-2.9151499999999486,-3.615149999999948,0,0,0,0,2.9151499999999486,25.920000000000073,11.960000000000036,0.8127090301003342,6.400000000000091,0.44687499999997804,3.1099999999999,4.386000000000024,0.18,1.0,,,13,3,4.0,2023
2023-04-28 13:00:00+00:00|1.0|handoff_divergence_fade_h13_tp06_sl065,2023-04-28 13:00:00+00:00,STAGE28A,data/reports/stage28a_discovery_factory_batch_runner/stage28a_exact_trades.csv,session_handoff_imbalance_v1,handoff_divergence_fade_h13_tp06_sl065,-1.83070000000007,-2.8807000000000698,-3.580700000000069,0,0,0,0,2.8807000000000698,29.029999999999973,6.509999999999991,0.32872503840243866,10.569999999999936,0.5619678334909993,1.900000000000091,3.6395000000000097,0.028,1.0,,,13,4,4.0,2023
2023-05-03 13:00:00+00:00|1.0|handoff_divergence_fade_h13_tp06_sl065,2023-05-03 13:00:00+00:00,STAGE28A,data/reports/stage28a_discovery_factory_batch_runner/stage28a_exact_trades.csv,session_handoff_imbalance_v1,handoff_divergence_fade_h13_tp06_sl065,0.6433000000000902,-0.4066999999999097,-1.1066999999999094,0,0,0,0,0.4066999999999097,40.909999999999854,4.5300000000002,0.6247240618101109,6.770000000000209,0.20531757754798075,2.1800000000000637,4.468499999999994,0.252,1.0,,,13,2,5.0,2023
2023-05-05 13:00:00+00:00|1.0|handoff_divergence_fade_h13_tp06_sl065,2023-05-05 13:00:00+00:00,STAGE28A,data/reports/stage28a_discovery_factory_batch_runner/stage28a_exact_trades.csv,session_handoff_imbalance_v1,handoff_divergence_fade_h13_tp06_sl065,0.8766999999999371,-0.1733000000000628,-0.8733000000000626,0,0,0,0,0.1733000000000628,47.87999999999988,7.529999999999973,0.10092961487380694,13.800000000000182,0.8630434782608641,2.900000000000091,4.995000000000016,0.504,1.0,,,13,4,5.0,2023
2023-05-08 13:00:00+00:00|1.0|handoff_divergence_fade_h13_tp06_sl065,2023-05-08 13:00:00+00:00,STAGE28A,data/reports/stage28a_discovery_factory_batch_runner/stage28a_exact_trades.csv,session_handoff_imbalance_v1,handoff_divergence_fade_h13_tp06_sl065,-1.4202249999999368,-2.4702249999999366,-3.1702249999999363,0,0,0,0,2.4702249999999366,3.8199999999999363,9.689999999999827,0.8926728586171329,4.629999999999882,0.12526997840176446,2.2200000000000273,3.9744999999999777,0.108,1.0,,,13,0,5.0,2023
2023-05-11 13:00:00+00:00|1.0|handoff_divergence_fade_h13_tp06_sl065,2023-05-11 13:00:00+00:00,STAGE28A,data/reports/stage28a_discovery_factory_batch_runner/stage28a_exact_trades.csv,session_handoff_imbalance_v1,handoff_divergence_fade_h13_tp06_sl065,-2.050399999999945,-3.100399999999945,-3.8003999999999447,0,0,0,1,3.100399999999945,26.679999999999836,7.099999999999909,0.10563380281690277,11.410000000000082,0.47414548641542886,6.420000000000073,4.1474999999999795,0.308,1.0,,,13,3,5.0,2023
2023-05-16 13:00:00+00:00|1.0|handoff_divergence_fade_h13_tp06_sl065,2023-05-16 13:00:00+00:00,STAGE28A,data/reports/stage28a_discovery_factory_batch_runner/stage28a_exact_trades.csv,session_handoff_imbalance_v1,handoff_divergence_fade_h13_tp06_sl065,-1.7263750000000528,-2.7763750000000527,-3.4763750000000524,0,0,0,0,2.7763750000000527,15.009999999999991,4.600000000000136,0.21521739130434342,15.0,0.49066666666666,1.4200000000000728,3.2670000000000186,0.064,1.0,,,13,1,5.0,2023
2023-05-17 13:00:00+00:00|1.0|handoff_divergence_fade_h13_tp06_sl065,2023-05-17 13:00:00+00:00,STAGE28A,data/reports/stage28a_discovery_factory_batch_runner/stage28a_exact_trades.csv,session_handoff_imbalance_v1,handoff_divergence_fade_h13_tp06_sl065,-1.5573749999999564,-2.6073749999999563,-3.307374999999956,0,0,0,0,2.6073749999999563,32.789999999999964,5.0,0.25599999999999457,8.180000000000064,0.892420537897298,2.25,3.4830000000000156,0.132,1.0,,,13,2,5.0,2023
2023-05-22 13:00:00+00:00|-1.0|handoff_divergence_fade_h13_tp06_sl065,2023-05-22 13:00:00+00:00,STAGE28A,data/reports/stage28a_discovery_factory_batch_runner/stage28a_exact_trades.csv,session_handoff_imbalance_v1,handoff_divergence_fade_h13_tp06_sl065,-1.7767500000000838,-2.826750000000084,-3.5267500000000838,0,0,0,0,2.826750000000084,4.360000000000127,6.099999999999909,0.3639344262295181,11.349999999999909,0.16123348017620634,3.3199999999999363,5.224000000000013,0.78,-1.0,,,13,0,5.0,2023
2023-05-25 13:00:00+00:00|-1.0|handoff_divergence_fade_h13_tp06_sl065,2023-05-25 13:00:00+00:00,STAGE28A,data/reports/stage28a_discovery_factory_batch_runner/stage28a_exact_trades.csv,session_handoff_imbalance_v1,handoff_divergence_fade_h13_tp06_sl065,-1.6434999999999946,-2.6934999999999945,-3.393499999999994,0,0,0,0,2.6934999999999945,28.560000000000173,6.789999999999964,0.5729013254786629,9.850000000000136,0.39187817258884,3.509999999999991,4.429500000000007,0.536,-1.0,,,13,3,5.0,2023
2023-05-29 13:00:00+00:00|1.0|handoff_divergence_fade_h13_tp06_sl065,2023-05-29 13:00:00+00:00,STAGE28A,data/reports/stage28a_discovery_factory_batch_runner/stage28a_exact_trades.csv,session_handoff_imbalance_v1,handoff_divergence_fade_h13_tp06_sl065,-1.2814500000000408,-2.3314500000000407,-3.0314500000000404,0,0,0,0,2.3314500000000407,5.179999999999836,5.929999999999836,0.2698145025295414,8.11999999999989,0.0443349753694464,1.9300000000000637,3.5189999999999713,0.084,1.0,,,13,0,5.0,2023
2023-05-30 13:00:00+00:00|-1.0|handoff_divergence_fade_h13_tp06_sl065,2023-05-30 13:00:00+00:00,STAGE28A,data/reports/stage28a_discovery_factory_batch_runner/stage28a_exact_trades.csv,session_handoff_imbalance_v1,handoff_divergence_fade_h13_tp06_sl065,1.5612999999999828,0.511299999999983,-0.1887000000000167,1,0,1,0,0.511299999999983,9.490000000000009,7.379999999999882,0.4878048780488068,21.039999999999964,0.6416349809885943,10.600000000000136,3.56099999999999,0.18,-1.0,,,13,1,5.0,2023
2023-06-02 13:00:00+00:00|1.0|handoff_divergence_fade_h13_tp06_sl065,2023-06-02 13:00:00+00:00,STAGE28A,data/reports/stage28a_discovery_factory_batch_runner/stage28a_exact_trades.csv,session_handoff_imbalance_v1,handoff_divergence_fade_h13_tp06_sl065,-1.4796999999999572,-2.529699999999957,-3.2296999999999567,0,0,0,0,2.529699999999957,29.720000000000027,9.389999999999873,0.55271565495209,7.849999999999909,0.2496815286624279,2.980000000000018,3.410499999999979,0.108,1.0,,,13,4,6.0,2023
2023-06-06 13:00:00+00:00|-1.0|handoff_divergence_fade_h13_tp06_sl065,2023-06-06 13:00:00+00:00,STAGE28A,data/reports/stage28a_discovery_factory_batch_runner/stage28a_exact_trades.csv,session_handoff_imbalance_v1,handoff_divergence_fade_h13_tp06_sl065,-1.7006999999999608,-2.7506999999999606,-3.4506999999999604,0,0,0,0,2.7506999999999606,25.87000000000012,5.519999999999982,0.5851449275362371,6.670000000000073,0.4692653673163531,3.3199999999999363,3.434999999999968,0.12,-1.0,,,13,1,6.0,2023
2023-06-12 13:00:00+00:00|-1.0|handoff_divergence_fade_h13_tp06_sl065,2023-06-12 13:00:00+00:00,STAGE28A,data/reports/stage28a_discovery_factory_batch_runner/stage28a_exact_trades.csv,session_handoff_imbalance_v1,handoff_divergence_fade_h13_tp06_sl065,0.7317999999999302,-0.3182000000000697,-1.0182000000000695,0,0,0,0,0.3182000000000697,1.740000000000009,6.239999999999782,0.06891025641026903,9.049999999999955,0.7502762430939224,1.9400000000000546,3.109499999999957,0.148,-1.0,,,13,0,6.0,2023
2023-06-16 13:00:00+00:00|-1.0|handoff_divergence_fade_h13_tp06_sl065,2023-06-16 13:00:00+00:00,STAGE28A,data/reports/stage28a_discovery_factory_batch_runner/stage28a_exact_trades.csv,session_handoff_imbalance_v1,handoff_divergence_fade_h13_tp06_sl065,-1.664300000000003,-2.714300000000003,-3.4143000000000026,0,0,0,0,2.714300000000003,35.600000000000136,6.8900000000001,0.27576197387519064,10.069999999999936,0.7636544190665445,1.5499999999999545,3.2890000000000215,0.124,-1.0,,,13,4,6.0,2023
2023-06-19 13:00:00+00:00|-1.0|handoff_divergence_fade_h13_tp06_sl065,2023-06-19 13:00:00+00:00,STAGE28A,data/reports/stage28a_discovery_factory_batch_runner/stage28a_exact_trades.csv,session_handoff_imbalance_v1,handoff_divergence_fade_h13_tp06_sl065,0.6370000000000801,-0.4129999999999199,-1.1129999999999196,0,0,0,0,0.4129999999999199,3.0699999999999363,4.7199999999998,0.5127118644068168,8.539999999999964,0.6217798594847738,6.4500000000000455,3.606999999999971,0.284,-1.0,,,13,0,6.0,2023
2023-06-20 13:00:00+00:00|-1.0|handoff_divergence_fade_h13_tp06_sl065,2023-06-20 13:00:00+00:00,STAGE28A,data/reports/stage28a_discovery_factory_batch_runner/stage28a_exact_trades.csv,session_handoff_imbalance_v1,handoff_divergence_fade_h13_tp06_sl065,-1.5164250000001176,-2.5664250000001174,-3.266425000000117,0,0,0,0,2.5664250000001174,10.899999999999864,9.029999999999973,0.2159468438538263,9.8900000000001,0.2517694641051551,2.3500000000001364,2.943000000000029,0.128,-1.0,,,13,1,6.0,2023
2023-06-21 13:00:00+00:00|1.0|handoff_divergence_fade_h13_tp06_sl065,2023-06-21 13:00:00+00:00,STAGE28A,data/reports/stage28a_discovery_factory_batch_runner/stage28a_exact_trades.csv,session_handoff_imbalance_v1,handoff_divergence_fade_h13_tp06_sl065,0.8214999999999236,-0.2285000000000763,-0.928500000000076,0,0,0,0,0.2285000000000763,26.99000000000001,4.149999999999864,0.10843373493977355,6.149999999999864,0.6065040650406668,3.759999999999991,2.8664999999999736,0.096,1.0,,,13,2,6.0,2023
2023-06-23 13:00:00+00:00|-1.0|handoff_divergence_fade_h13_tp06_sl065,2023-06-23 13:00:00+00:00,STAGE28A,data/reports/stage28a_discovery_factory_batch_runner/stage28a_exact_trades.csv,session_handoff_imbalance_v1,handoff_divergence_fade_h13_tp06_sl065,0.7971999999998843,-0.2528000000001156,-0.9528000000001152,0,0,0,0,0.2528000000001156,22.579999999999927,6.009999999999991,0.21630615640598277,7.990000000000009,0.6958698372966131,2.6499999999998636,3.46099999999999,0.276,-1.0,,,13,4,6.0,2023
2023-06-27 13:00:00+00:00|1.0|handoff_divergence_fade_h13_tp06_sl065,2023-06-27 13:00:00+00:00,STAGE28A,data/reports/stage28a_discovery_factory_batch_runner/stage28a_exact_trades.csv,session_handoff_imbalance_v1,handoff_divergence_fade_h13_tp06_sl065,0.5893000000000029,-0.460699999999997,-1.1606999999999967,0,0,0,0,0.460699999999997,11.819999999999936,9.349999999999909,0.4064171122994643,5.9500000000000455,0.724369747899145,1.9800000000000182,3.00150000000001,0.12,1.0,,,13,1,6.0,2023
2023-06-28 13:00:00+00:00|1.0|handoff_divergence_fade_h13_tp06_sl065,2023-06-28 13:00:00+00:00,STAGE28A,data/reports/stage28a_discovery_factory_batch_runner/stage28a_exact_trades.csv,session_handoff_imbalance_v1,handoff_divergence_fade_h13_tp06_sl065,-1.6038500000000568,-2.6538500000000567,-3.3538500000000564,0,0,0,0,2.6538500000000567,19.659999999999854,3.949999999999818,0.05822784810127311,9.480000000000018,0.8280590717299466,4.790000000000191,3.394500000000039,0.224,1.0,,,13,2,6.0,2023
2023-06-29 13:00:00+00:00|-1.0|handoff_divergence_fade_h13_tp06_sl065,2023-06-29 13:00:00+00:00,STAGE28A,data/reports/stage28a_discovery_factory_batch_runner/stage28a_exact_trades.csv,session_handoff_imbalance_v1,handoff_divergence_fade_h13_tp06_sl065,0.752200000000039,-0.297799999999961,-0.9977999999999608,0,0,0,0,0.297799999999961,14.339999999999918,10.029999999999973,0.4386839481555437,5.619999999999891,0.03914590747331522,2.3600000000001273,3.148000000000002,0.188,-1.0,,,13,3,6.0,2023
2023-06-30 13:00:00+00:00|1.0|handoff_divergence_fade_h13_tp06_sl065,2023-06-30 13:00:00+00:00,STAGE28A,data/reports/stage28a_discovery_factory_batch_runner/stage28a_exact_trades.csv,session_handoff_imbalance_v1,handoff_divergence_fade_h13_tp06_sl065,-1.4582499999999985,-2.508249999999998,-3.208249999999998,0,0,0,0,2.508249999999998,20.1099999999999,2.660000000000082,0.037593984962456146,9.329999999999927,0.33976420150054637,3.939999999999827,3.1489999999999667,0.2,1.0,,,13,4,6.0,2023
2023-07-05 13:00:00+00:00|-1.0|handoff_divergence_fade_h13_tp06_sl065,2023-07-05 13:00:00+00:00,STAGE28A,data/reports/stage28a_discovery_factory_batch_runner/stage28a_exact_trades.csv,session_handoff_imbalance_v1,handoff_divergence_fade_h13_tp06_sl065,0.5503000000000157,-0.4996999999999842,-1.199699999999984,0,0,0,0,0.4996999999999842,10.940000000000055,3.9700000000000273,0.42821158690177175,8.25,0.5624242424242546,2.269999999999982,2.3440000000000283,0.084,-1.0,,,13,2,7.0,2023
2023-07-06 13:00:00+00:00|1.0|handoff_divergence_fade_h13_tp06_sl065,2023-07-06 13:00:00+00:00,STAGE28A,data/reports/stage28a_discovery_factory_batch_runner/stage28a_exact_trades.csv,session_handoff_imbalance_v1,handoff_divergence_fade_h13_tp06_sl065,-1.2622749999999088,-2.3122749999999086,-3.0122749999999083,0,0,0,0,2.3122749999999086,20.289999999999964,5.2000000000000455,0.3557692307692102,5.379999999999882,0.15055762081783702,2.8900000000001,2.8044999999999844,0.132,1.0,,,13,3,7.0,2023
2023-07-10 13:00:00+00:00|-1.0|handoff_divergence_fade_h13_tp06_sl065,2023-07-10 13:00:00+00:00,STAGE28A,data/reports/stage28a_discovery_factory_batch_runner/stage28a_exact_trades.csv,session_handoff_imbalance_v1,handoff_divergence_fade_h13_tp06_sl065,0.5764000000000579,-0.473599999999942,-1.1735999999999418,0,0,0,0,0.473599999999942,4.289999999999964,5.559999999999945,0.3992805755395772,6.920000000000073,0.0765895953757178,3.519999999999982,3.5985000000000014,0.584,-1.0,,,13,0,7.0,2023
2023-07-12 13:00:00+00:00|1.0|handoff_divergence_fade_h13_tp06_sl065,2023-07-12 13:00:00+00:00,STAGE28A,data/reports/stage28a_discovery_factory_batch_runner/stage28a_exact_trades.csv,session_handoff_imbalance_v1,handoff_divergence_fade_h13_tp06_sl065,-1.3028999999999995,-2.3528999999999995,-3.0528999999999997,0,0,0,0,2.3528999999999995,14.170000000000073,8.88000000000011,0.5833333333333334,6.5,0.4799999999999832,1.9500000000000455,2.4640000000000213,0.116,1.0,,,13,2,7.0,2023
2023-07-14 13:00:00+00:00|1.0|handoff_divergence_fade_h13_tp06_sl065,2023-07-14 13:00:00+00:00,STAGE28A,data/reports/stage28a_discovery_factory_batch_runner/stage28a_exact_trades.csv,session_handoff_imbalance_v1,handoff_divergence_fade_h13_tp06_sl065,0.6375999999999294,-0.4124000000000705,-1.1124000000000702,0,0,0,0,0.4124000000000705,11.190000000000055,5.370000000000118,0.4897579143388871,8.259999999999991,0.7990314769975686,2.0299999999999727,2.863500000000022,0.196,1.0,,,13,4,7.0,2023
2023-07-17 13:00:00+00:00|-1.0|handoff_divergence_fade_h13_tp06_sl065,2023-07-17 13:00:00+00:00,STAGE28A,data/reports/stage28a_discovery_factory_batch_runner/stage28a_exact_trades.csv,session_handoff_imbalance_v1,handoff_divergence_fade_h13_tp06_sl065,0.79449999999988,-0.2555000000001199,-0.9555000000001196,0,0,0,0,0.2555000000001199,2.8300000000001546,4.990000000000009,0.1923847695390851,8.600000000000136,0.7697674418604666,4.940000000000055,3.5169999999999844,0.536,-1.0,,,13,0,7.0,2023
2023-07-19 13:00:00+00:00|-1.0|handoff_divergence_fade_h13_tp06_sl065,2023-07-19 13:00:00+00:00,STAGE28A,data/reports/stage28a_discovery_factory_batch_runner/stage28a_exact_trades.csv,session_handoff_imbalance_v1,handoff_divergence_fade_h13_tp06_sl065,-1.5391749999999775,-2.5891749999999774,-3.289174999999977,0,0,0,0,2.5891749999999774,30.559999999999945,4.790000000000191,0.6847599164926601,7.9500000000000455,0.21509433962264485,2.310000000000173,3.4075000000000046,0.388,-1.0,,,13,2,7.0,2023
2023-07-20 13:00:00+00:00|1.0|handoff_divergence_fade_h13_tp06_sl065,2023-07-20 13:00:00+00:00,STAGE28A,data/reports/stage28a_discovery_factory_batch_runner/stage28a_exact_trades.csv,session_handoff_imbalance_v1,handoff_divergence_fade_h13_tp06_sl065,-1.701675000000114,-2.751675000000114,-3.451675000000113,0,0,0,0,2.751675000000114,11.170000000000073,11.850000000000136,0.6607594936708915,7.610000000000127,0.5611038107753138,1.7699999999999818,3.2790000000000417,0.252,1.0,,,13,3,7.0,2023
2023-07-26 13:00:00+00:00|-1.0|handoff_divergence_fade_h13_tp06_sl065,2023-07-26 13:00:00+00:00,STAGE28A,data/reports/stage28a_discovery_factory_batch_runner/stage28a_exact_trades.csv,session_handoff_imbalance_v1,handoff_divergence_fade_h13_tp06_sl065,0.5259999999999764,-0.5240000000000236,-1.2240000000000233,0,0,0,0,0.5240000000000236,14.290000000000191,4.230000000000018,0.14184397163118356,10.13000000000011,0.7423494570582331,1.4500000000000455,2.803500000000008,0.064,-1.0,,,13,2,7.0,2023
2023-07-27 13:00:00+00:00|1.0|handoff_divergence_fade_h13_tp06_sl065,2023-07-27 13:00:00+00:00,STAGE28A,data/reports/stage28a_discovery_factory_batch_runner/stage28a_exact_trades.csv,session_handoff_imbalance_v1,handoff_divergence_fade_h13_tp06_sl065,0.8757999999999356,-0.1742000000000643,-0.874200000000064,0,0,0,0,0.1742000000000643,16.339999999999918,11.230000000000018,0.40783615316118854,8.529999999999973,0.30480656506449527,4.529999999999973,4.3784999999999625,0.956,1.0,,,13,3,7.0,2023
2023-07-28 13:00:00+00:00|1.0|handoff_divergence_fade_h13_tp06_sl065,2023-07-28 13:00:00+00:00,STAGE28A,data/reports/stage28a_discovery_factory_batch_runner/stage28a_exact_trades.csv,session_handoff_imbalance_v1,handoff_divergence_fade_h13_tp06_sl065,-1.6535750000001372,-2.703575000000137,-3.403575000000137,0,0,0,0,2.703575000000137,39.559999999999945,9.389999999999873,0.7816826411075873,8.8900000000001,0.2598425196850303,5.400000000000091,3.9145000000000096,0.736,1.0,,,13,4,7.0,2023
2023-08-02 13:00:00+00:00|-1.0|handoff_divergence_fade_h13_tp06_sl065,2023-08-02 13:00:00+00:00,STAGE28A,data/reports/stage28a_discovery_factory_batch_runner/stage28a_exact_trades.csv,session_handoff_imbalance_v1,handoff_divergence_fade_h13_tp06_sl065,-1.4150250000001052,-2.465025000000105,-3.165025000000105,0,0,0,0,2.465025000000105,24.850000000000136,8.789999999999964,0.2104664391353975,6.620000000000118,0.055891238670711725,2.9400000000000546,3.4225000000000363,0.328,-1.0,,,13,2,8.0,2023
2023-08-08 13:00:00+00:00|-1.0|handoff_divergence_fade_h13_tp06_sl065,2023-08-08 13:00:00+00:00,STAGE28A,data/reports/stage28a_discovery_factory_batch_runner/stage28a_exact_trades.csv,session_handoff_imbalance_v1,handoff_divergence_fade_h13_tp06_sl065,-1.4647499999999585,-2.514749999999958,-3.214749999999958,0,0,0,0,2.514749999999958,15.170000000000073,6.919999999999845,0.42774566473986636,5.420000000000073,0.3487084870848427,2.880000000000109,2.794000000000017,0.056,-1.0,,,13,1,8.0,2023
2023-08-09 13:00:00+00:00|1.0|handoff_divergence_fade_h13_tp06_sl065,2023-08-09 13:00:00+00:00,STAGE28A,data/reports/stage28a_discovery_factory_batch_runner/stage28a_exact_trades.csv,session_handoff_imbalance_v1,handoff_divergence_fade_h13_tp06_sl065,-1.2047499999999671,-2.254749999999967,-2.954749999999967,0,0,0,0,2.254749999999967,15.22999999999979,6.5900000000001455,0.7799696509863409,6.440000000000055,0.6024844720497012,2.4700000000000273,2.55300000000002,0.028,1.0,,,13,2,8.0,2023
2023-08-14 13:00:00+00:00|-1.0|handoff_divergence_fade_h13_tp06_sl065,2023-08-14 13:00:00+00:00,STAGE28A,data/reports/stage28a_discovery_factory_batch_runner/stage28a_exact_trades.csv,session_handoff_imbalance_v1,handoff_divergence_fade_h13_tp06_sl065,-1.275275000000056,-2.325275000000056,-3.025275000000056,0,0,0,0,2.325275000000056,2.990000000000009,5.099999999999909,0.18235294117648632,5.559999999999945,0.24280575539566948,2.1800000000000637,2.765499999999997,0.1,-1.0,,,13,0,8.0,2023
2023-08-17 13:00:00+00:00|-1.0|handoff_divergence_fade_h13_tp06_sl065,2023-08-17 13:00:00+00:00,STAGE28A,data/reports/stage28a_discovery_factory_batch_runner/stage28a_exact_trades.csv,session_handoff_imbalance_v1,handoff_divergence_fade_h13_tp06_sl065,0.4579000000000178,-0.5920999999999821,-1.2920999999999818,0,0,0,0,0.5920999999999821,15.420000000000073,5.419999999999845,0.30442804428046827,5.570000000000164,0.45960502692995875,1.6600000000000819,2.7180000000000177,0.132,-1.0,,,13,3,8.0,2023
2023-08-18 13:00:00+00:00|1.0|handoff_divergence_fade_h13_tp06_sl065,2023-08-18 13:00:00+00:00,STAGE28A,data/reports/stage28a_discovery_factory_batch_runner/stage28a_exact_trades.csv,session_handoff_imbalance_v1,handoff_divergence_fade_h13_tp06_sl065,-1.2167749999999615,-2.2667749999999613,-2.966774999999961,0,0,0,0,2.2667749999999613,18.539999999999964,6.210000000000036,0.4541062801932238,2.9199999999998454,0.04452054794516735,1.4700000000000273,2.649499999999989,0.096,1.0,,,13,4,8.0,2023
2023-08-21 13:00:00+00:00|1.0|handoff_divergence_fade_h13_tp06_sl065,2023-08-21 13:00:00+00:00,STAGE28A,data/reports/stage28a_discovery_factory_batch_runner/stage28a_exact_trades.csv,session_handoff_imbalance_v1,handoff_divergence_fade_h13_tp06_sl065,-1.340600000000086,-2.3906000000000858,-3.090600000000085,0,0,0,0,2.3906000000000858,2.060000000000173,8.830000000000155,0.15288788221971833,6.619999999999891,0.32326283987917453,2.6200000000001182,2.987000000000023,0.408,1.0,,,13,0,8.0,2023
2023-08-24 13:00:00+00:00|1.0|handoff_divergence_fade_h13_tp06_sl065,2023-08-24 13:00:00+00:00,STAGE28A,data/reports/stage28a_discovery_factory_batch_runner/stage28a_exact_trades.csv,session_handoff_imbalance_v1,handoff_divergence_fade_h13_tp06_sl065,0.53799999999992,-0.51200000000008,-1.2120000000000797,0,0,0,0,0.51200000000008,23.429999999999836,6.710000000000036,0.5722801788375744,3.6400000000001,0.36263736263739765,1.7100000000000364,2.21899999999996,0.024,1.0,,,13,3,8.0,2023
2023-08-25 13:00:00+00:00|-1.0|handoff_divergence_fade_h13_tp06_sl065,2023-08-25 13:00:00+00:00,STAGE28A,data/reports/stage28a_discovery_factory_batch_runner/stage28a_exact_trades.csv,session_handoff_imbalance_v1,handoff_divergence_fade_h13_tp06_sl065,-1.2639000000000125,-2.3139000000000123,-3.013900000000012,0,0,0,0,2.3139000000000123,11.639999999999873,4.470000000000027,0.7919463087248192,5.199999999999818,0.5307692307692475,2.8299999999999272,2.3150000000000093,0.048,-1.0,,,13,4,8.0,2023
2023-08-28 13:00:00+00:00|1.0|handoff_divergence_fade_h13_tp06_sl065,2023-08-28 13:00:00+00:00,STAGE28A,data/reports/stage28a_discovery_factory_batch_runner/stage28a_exact_trades.csv,session_handoff_imbalance_v1,handoff_divergence_fade_h13_tp06_sl065,0.3544000000000779,-0.6955999999999221,-1.3955999999999218,0,0,0,0,0.6955999999999221,1.490000000000009,3.0700000000001637,0.4364820846905038,4.259999999999991,0.5023474178403468,1.8199999999999363,3.1135000000000104,0.524,1.0,,,13,0,8.0,2023
2023-08-29 13:00:00+00:00|1.0|handoff_divergence_fade_h13_tp06_sl065,2023-08-29 13:00:00+00:00,STAGE28A,data/reports/stage28a_discovery_factory_batch_runner/stage28a_exact_trades.csv,session_handoff_imbalance_v1,handoff_divergence_fade_h13_tp06_sl065,0.3427000000000589,-0.707299999999941,-1.4072999999999407,0,0,0,0,0.707299999999941,13.430000000000064,6.25,0.7584000000000014,3.9300000000000637,0.2646310432569839,1.9200000000000728,2.336000000000047,0.092,1.0,,,13,1,8.0,2023
2023-08-31 13:00:00+00:00|1.0|handoff_divergence_fade_h13_tp06_sl065,2023-08-31 13:00:00+00:00,STAGE28A,data/reports/stage28a_discovery_factory_batch_runner/stage28a_exact_trades.csv,session_handoff_imbalance_v1,handoff_divergence_fade_h13_tp06_sl065,0.2377000000000407,-0.8122999999999592,-1.512299999999959,0,0,0,0,0.8122999999999592,14.009999999999991,6.100000000000136,0.08360655737704582,3.089999999999918,0.11650485436890275,1.4800000000000182,1.9180000000000177,0.016,1.0,,,13,3,8.0,2023
2023-09-01 13:00:00+00:00|-1.0|handoff_divergence_fade_h13_tp06_sl065,2023-09-01 13:00:00+00:00,STAGE28A,data/reports/stage28a_discovery_factory_batch_runner/stage28a_exact_trades.csv,session_handoff_imbalance_v1,handoff_divergence_fade_h13_tp06_sl065,0.2500000000001364,-0.7999999999998635,-1.4999999999998632,0,0,0,0,0.7999999999998635,8.789999999999964,5.3900000000001,0.20222634508351117,6.300000000000182,0.8380952380952096,1.5900000000001455,2.213500000000033,0.116,-1.0,,,13,4,9.0,2023
2023-09-04 13:00:00+00:00|1.0|handoff_divergence_fade_h13_tp06_sl065,2023-09-04 13:00:00+00:00,STAGE28A,data/reports/stage28a_discovery_factory_batch_runner/stage28a_exact_trades.csv,session_handoff_imbalance_v1,handoff_divergence_fade_h13_tp06_sl065,-1.0705249999999524,-2.1205249999999523,-2.820524999999952,0,0,0,0,2.1205249999999523,1.0,6.720000000000027,0.8005952380952173,5.430000000000064,0.7219152854511601,3.410000000000082,2.390000000000009,0.204,1.0,,,13,0,9.0,2023
2023-09-06 13:00:00+00:00|1.0|handoff_divergence_fade_h13_tp06_sl065,2023-09-06 13:00:00+00:00,STAGE28A,data/reports/stage28a_discovery_factory_batch_runner/stage28a_exact_trades.csv,session_handoff_imbalance_v1,handoff_divergence_fade_h13_tp06_sl065,-1.2671499999999924,-2.3171499999999923,-3.017149999999992,0,0,0,0,2.3171499999999923,13.569999999999936,2.7200000000000273,0.05882352941179421,5.8599999999999,0.2030716723549616,2.759999999999991,1.8785000000000196,0.092,1.0,,,13,2,9.0,2023
2023-09-07 13:00:00+00:00|1.0|handoff_divergence_fade_h13_tp06_sl065,2023-09-07 13:00:00+00:00,STAGE28A,data/reports/stage28a_discovery_factory_batch_runner/stage28a_exact_trades.csv,session_handoff_imbalance_v1,handoff_divergence_fade_h13_tp06_sl065,-1.078650000000016,-2.128650000000016,-2.828650000000016,0,0,0,0,2.128650000000016,13.889999999999873,4.419999999999845,0.5769230769230869,3.400000000000091,0.03529411764709266,1.9500000000000455,2.5085000000000037,0.464,1.0,,,13,3,9.0,2023
2023-09-08 13:00:00+00:00|1.0|handoff_divergence_fade_h13_tp06_sl065,2023-09-08 13:00:00+00:00,STAGE28A,data/reports/stage28a_discovery_factory_batch_runner/stage28a_exact_trades.csv,session_handoff_imbalance_v1,handoff_divergence_fade_h13_tp06_sl065,0.2925999999999021,-0.7574000000000978,-1.4574000000000975,0,0,0,0,0.7574000000000978,7.3599999999999,8.149999999999864,0.6343558282208506,3.8600000000001273,0.07512953367874457,1.9200000000000728,2.1760000000000104,0.228,1.0,,,13,4,9.0,2023
2023-09-12 13:00:00+00:00|1.0|handoff_divergence_fade_h13_tp06_sl065,2023-09-12 13:00:00+00:00,STAGE28A,data/reports/stage28a_discovery_factory_batch_runner/stage28a_exact_trades.csv,session_handoff_imbalance_v1,handoff_divergence_fade_h13_tp06_sl065,-0.9749749999999494,-2.0249749999999493,-2.724974999999949,0,0,0,0,2.0249749999999493,14.0,4.029999999999973,0.2853598014888018,5.920000000000073,0.7854729729729403,1.4700000000000273,2.043000000000018,0.164,1.0,,,13,1,9.0,2023
2023-09-13 13:00:00+00:00|-1.0|handoff_divergence_fade_h13_tp06_sl065,2023-09-13 13:00:00+00:00,STAGE28A,data/reports/stage28a_discovery_factory_batch_runner/stage28a_exact_trades.csv,session_handoff_imbalance_v1,handoff_divergence_fade_h13_tp06_sl065,-1.1131000000001223,-2.163100000000122,-2.863100000000122,0,0,0,0,2.163100000000122,16.910000000000082,5.6400000000001,0.6790780141843722,4.369999999999891,0.3729977116705148,1.7200000000000273,2.210000000000048,0.224,-1.0,,,13,2,9.0,2023
2023-09-14 13:00:00+00:00|1.0|handoff_divergence_fade_h13_tp06_sl065,2023-09-14 13:00:00+00:00,STAGE28A,data/reports/stage28a_discovery_factory_batch_runner/stage28a_exact_trades.csv,session_handoff_imbalance_v1,handoff_divergence_fade_h13_tp06_sl065,-1.059800000000087,-2.1098000000000865,-2.8098000000000862,0,0,0,0,2.1098000000000865,10.190000000000055,5.3599999999999,0.15671641791043542,5.760000000000218,0.5711805555555276,1.4800000000000182,2.3125,0.28,1.0,,,13,3,9.0,2023
2023-09-18 13:00:00+00:00|1.0|handoff_divergence_fade_h13_tp06_sl065,2023-09-18 13:00:00+00:00,STAGE28A,data/reports/stage28a_discovery_factory_batch_runner/stage28a_exact_trades.csv,session_handoff_imbalance_v1,handoff_divergence_fade_h13_tp06_sl065,0.3558999999999287,-0.6941000000000712,-1.394100000000071,0,0,0,0,0.6941000000000712,1.2699999999999818,6.9500000000000455,0.7381294964028886,5.480000000000018,0.3357664233576897,1.4100000000000819,2.294500000000005,0.236,1.0,,,13,0,9.0,2023
2023-09-19 13:00:00+00:00|-1.0|handoff_divergence_fade_h13_tp06_sl065,2023-09-19 13:00:00+00:00,STAGE28A,data/reports/stage28a_discovery_factory_batch_runner/stage28a_exact_trades.csv,session_handoff_imbalance_v1,handoff_divergence_fade_h13_tp06_sl065,-1.007799999999952,-2.057799999999952,-2.757799999999952,0,0,0,0,2.057799999999952,11.730000000000018,2.8200000000001637,0.4893617021275892,5.589999999999918,0.5348837209302013,1.7799999999999727,1.9490000000000123,0.08,-1.0,,,13,1,9.0,2023
2023-09-26 13:00:00+00:00|-1.0|handoff_divergence_fade_h13_tp06_sl065,2023-09-26 13:00:00+00:00,STAGE28A,data/reports/stage28a_discovery_factory_batch_runner/stage28a_exact_trades.csv,session_handoff_imbalance_v1,handoff_divergence_fade_h13_tp06_sl065,-1.1982500000000074,-2.248250000000007,-2.948250000000007,0,0,0,0,2.248250000000007,12.0,3.730000000000018,0.7774798927613538,5.860000000000127,0.10238907849831456,1.75,2.2880000000000225,0.348,-1.0,,,13,1,9.0,2023
2023-09-29 13:00:00+00:00|-1.0|handoff_divergence_fade_h13_tp06_sl065,2023-09-29 13:00:00+00:00,STAGE28A,data/reports/stage28a_discovery_factory_batch_runner/stage28a_exact_trades.csv,session_handoff_imbalance_v1,handoff_divergence_fade_h13_tp06_sl065,0.5257000000000517,-0.5242999999999483,-1.224299999999948,0,0,0,0,0.5242999999999483,21.920000000000073,4.319999999999936,0.23379629629635026,10.939999999999827,0.9396709323583304,2.6200000000001182,3.664499999999987,0.9,-1.0,,,13,4,9.0,2023
2023-10-03 13:00:00+00:00|-1.0|handoff_divergence_fade_h13_tp06_sl065,2023-10-03 13:00:00+00:00,STAGE28A,data/reports/stage28a_discovery_factory_batch_runner/stage28a_exact_trades.csv,session_handoff_imbalance_v1,handoff_divergence_fade_h13_tp06_sl065,-1.676000000000022,-2.7260000000000217,-3.426000000000021,0,0,0,0,2.7260000000000217,21.720000000000027,14.25,0.5361403508772,11.009999999999991,0.5376930063578635,4.240000000000009,4.363500000000033,0.868,-1.0,,,13,1,10.0,2023
2023-10-04 13:00:00+00:00|-1.0|handoff_divergence_fade_h13_tp06_sl065,2023-10-04 13:00:00+00:00,STAGE28A,data/reports/stage28a_discovery_factory_batch_runner/stage28a_exact_trades.csv,session_handoff_imbalance_v1,handoff_divergence_fade_h13_tp06_sl065,0.7488999999999578,-0.3011000000000421,-1.0011000000000418,0,0,0,0,0.3011000000000421,18.170000000000073,5.2999999999999545,0.34905660377361364,7.849999999999909,0.1770700636942823,3.1099999999999,3.950000000000023,0.72,-1.0,,,13,2,10.0,2023
2023-10-05 13:00:00+00:00|1.0|handoff_divergence_fade_h13_tp06_sl065,2023-10-05 13:00:00+00:00,STAGE28A,data/reports/stage28a_discovery_factory_batch_runner/stage28a_exact_trades.csv,session_handoff_imbalance_v1,handoff_divergence_fade_h13_tp06_sl065,-1.306474999999955,-2.356474999999955,-3.0564749999999545,0,0,0,0,2.356474999999955,13.930000000000064,7.940000000000055,0.7607052896725629,9.490000000000009,0.6649104320337134,3.6800000000000637,3.2740000000000236,0.42,1.0,,,13,3,10.0,2023
2023-10-06 13:00:00+00:00|1.0|handoff_divergence_fade_h13_tp06_sl065,2023-10-06 13:00:00+00:00,STAGE28A,data/reports/stage28a_discovery_factory_batch_runner/stage28a_exact_trades.csv,session_handoff_imbalance_v1,handoff_divergence_fade_h13_tp06_sl065,-1.2788500000000114,-2.328850000000011,-3.028850000000011,0,0,0,0,2.328850000000011,16.13000000000011,4.75,0.5810526315789455,5.929999999999836,0.5801011804384738,2.270000000000209,2.5350000000000135,0.188,1.0,,,13,4,10.0,2023
2023-10-09 13:00:00+00:00|1.0|handoff_divergence_fade_h13_tp06_sl065,2023-10-09 13:00:00+00:00,STAGE28A,data/reports/stage28a_discovery_factory_batch_runner/stage28a_exact_trades.csv,session_handoff_imbalance_v1,handoff_divergence_fade_h13_tp06_sl065,-1.462800000000107,-2.5128000000001065,-3.2128000000001062,0,0,0,0,2.5128000000001065,9.849999999999909,9.849999999999909,0.15532994923857735,6.470000000000027,0.006182380216377658,2.380000000000109,5.029500000000008,0.948,1.0,,,13,0,10.0,2023
2023-10-10 13:00:00+00:00|1.0|handoff_divergence_fade_h13_tp06_sl065,2023-10-10 13:00:00+00:00,STAGE28A,data/reports/stage28a_discovery_factory_batch_runner/stage28a_exact_trades.csv,session_handoff_imbalance_v1,handoff_divergence_fade_h13_tp06_sl065,-1.5742750000000345,-2.624275000000034,-3.324275000000034,0,0,0,0,2.624275000000034,19.25999999999999,5.050000000000182,0.20792079207919142,7.339999999999918,0.5640326975477038,2.0499999999999545,3.3339999999999916,0.296,1.0,,,13,1,10.0,2023
2023-10-17 13:00:00+00:00|-1.0|handoff_divergence_fade_h13_tp06_sl065,2023-10-17 13:00:00+00:00,STAGE28A,data/reports/stage28a_discovery_factory_batch_runner/stage28a_exact_trades.csv,session_handoff_imbalance_v1,handoff_divergence_fade_h13_tp06_sl065,0.7285000000000764,-0.3214999999999235,-1.0214999999999232,0,0,0,0,0.3214999999999235,22.09999999999991,9.3599999999999,0.22435897435899133,9.639999999999873,0.6390041493775868,4.919999999999845,3.052499999999975,0.132,-1.0,,,13,1,10.0,2023
2023-10-19 13:00:00+00:00|-1.0|handoff_divergence_fade_h13_tp06_sl065,2023-10-19 13:00:00+00:00,STAGE28A,data/reports/stage28a_discovery_factory_batch_runner/stage28a_exact_trades.csv,session_handoff_imbalance_v1,handoff_divergence_fade_h13_tp06_sl065,-1.8056749999999284,-2.855674999999928,-3.555674999999928,0,0,0,0,2.855674999999928,39.38999999999987,8.089999999999918,0.41532756489492384,9.13000000000011,0.4841182913472092,2.9200000000000728,4.947000000000014,0.796,-1.0,,,13,3,10.0,2023
2023-10-23 13:00:00+00:00|-1.0|handoff_divergence_fade_h13_tp06_sl065,2023-10-23 13:00:00+00:00,STAGE28A,data/reports/stage28a_discovery_factory_batch_runner/stage28a_exact_trades.csv,session_handoff_imbalance_v1,handoff_divergence_fade_h13_tp06_sl065,0.9147999999999228,-0.135200000000077,-0.8352000000000768,0,0,0,0,0.135200000000077,16.730000000000018,16.730000000000018,0.16198445905559075,10.169999999999845,0.40019665683384714,5.929999999999836,6.939499999999998,0.956,-1.0,,,13,0,10.0,2023
2023-10-24 13:00:00+00:00|1.0|handoff_divergence_fade_h13_tp06_sl065,2023-10-24 13:00:00+00:00,STAGE28A,data/reports/stage28a_discovery_factory_batch_runner/stage28a_exact_trades.csv,session_handoff_imbalance_v1,handoff_divergence_fade_h13_tp06_sl065,0.9834999999999582,-0.0665000000000417,-0.7665000000000415,0,0,0,0,0.0665000000000417,21.069999999999936,9.460000000000036,0.40697674418603536,14.259999999999991,0.7180925666199169,7.629999999999882,4.0440000000000165,0.432,1.0,,,13,1,10.0,2023
2023-10-25 13:00:00+00:00|1.0|handoff_divergence_fade_h13_tp06_sl065,2023-10-25 13:00:00+00:00,STAGE28A,data/reports/stage28a_discovery_factory_batch_runner/stage28a_exact_trades.csv,session_handoff_imbalance_v1,handoff_divergence_fade_h13_tp06_sl065,-1.6870500000000903,-2.73705000000009,-3.43705000000009,0,0,0,0,2.73705000000009,27.230000000000018,7.0900000000001455,0.3808180535966135,7.660000000000082,0.4856396866840715,2.519999999999982,3.90450000000003,0.292,1.0,,,13,2,10.0,2023
2023-10-27 13:00:00+00:00|1.0|handoff_divergence_fade_h13_tp06_sl065,2023-10-27 13:00:00+00:00,STAGE28A,data/reports/stage28a_discovery_factory_batch_runner/stage28a_exact_trades.csv,session_handoff_imbalance_v1,handoff_divergence_fade_h13_tp06_sl065,-1.4813250000000608,-2.5313250000000607,-3.2313250000000604,0,0,0,0,2.5313250000000607,21.6400000000001,5.900000000000091,0.44406779661014417,4.7000000000000455,0.42340425531914677,2.7100000000000364,3.463499999999999,0.068,1.0,,,13,4,10.0,2023
2023-10-31 13:00:00+00:00|-1.0|handoff_divergence_fade_h13_tp06_sl065,2023-10-31 13:00:00+00:00,STAGE28A,data/reports/stage28a_discovery_factory_batch_runner/stage28a_exact_trades.csv,session_handoff_imbalance_v1,handoff_divergence_fade_h13_tp06_sl065,-1.4377749999999652,-2.487774999999965,-3.1877749999999647,0,0,0,0,2.487774999999965,15.75,6.7000000000000455,0.38656716417908965,7.740000000000009,0.9470284237725993,3.589999999999918,2.8775000000000093,0.004,-1.0,,,13,1,10.0,2023
2023-11-01 13:00:00+00:00|-1.0|handoff_divergence_fade_h13_tp06_sl065,2023-11-01 13:00:00+00:00,STAGE28A,data/reports/stage28a_discovery_factory_batch_runner/stage28a_exact_trades.csv,session_handoff_imbalance_v1,handoff_divergence_fade_h13_tp06_sl065,-1.481650000000036,-2.531650000000036,-3.231650000000036,0,0,0,0,2.531650000000036,29.070000000000164,10.86999999999989,0.525298988040487,7.8599999999999,0.7175572519084188,2.0499999999999545,3.884500000000037,0.104,-1.0,,,13,2,11.0,2023
2023-11-06 13:00:00+00:00|-1.0|handoff_divergence_fade_h13_tp06_sl065,2023-11-06 13:00:00+00:00,STAGE28A,data/reports/stage28a_discovery_factory_batch_runner/stage28a_exact_trades.csv,session_handoff_imbalance_v1,handoff_divergence_fade_h13_tp06_sl065,0.5523999999999433,-0.4976000000000566,-1.1976000000000564,0,0,0,0,0.4976000000000566,5.789999999999964,11.179999999999836,0.42397137745975655,6.1099999999999,0.5908346972176692,2.119999999999891,3.755499999999972,0.208,-1.0,,,13,0,11.0,2023
2023-11-13 13:00:00+00:00|-1.0|handoff_divergence_fade_h13_tp06_sl065,2023-11-13 13:00:00+00:00,STAGE28A,data/reports/stage28a_discovery_factory_batch_runner/stage28a_exact_trades.csv,session_handoff_imbalance_v1,handoff_divergence_fade_h13_tp06_sl065,-1.474174999999923,-2.524174999999923,-3.2241749999999225,0,0,0,0,2.524174999999923,23.48999999999978,24.25999999999999,0.19167353668589718,5.509999999999991,0.6950998185117847,2.5499999999999545,5.204499999999984,0.892,-1.0,,,13,0,11.0,2023
2023-11-14 13:00:00+00:00|-1.0|handoff_divergence_fade_h13_tp06_sl065,2023-11-14 13:00:00+00:00,STAGE28A,data/reports/stage28a_discovery_factory_batch_runner/stage28a_exact_trades.csv,session_handoff_imbalance_v1,handoff_divergence_fade_h13_tp06_sl065,0.3774999999999636,-0.6725000000000363,-1.372500000000036,0,0,0,0,0.6725000000000363,31.539999999999964,4.509999999999991,0.38802660753880347,4.4500000000000455,0.4898876404493964,1.900000000000091,2.572500000000025,0.008,-1.0,,,13,1,11.0,2023
2023-11-20 13:00:00+00:00|1.0|handoff_divergence_fade_h13_tp06_sl065,2023-11-20 13:00:00+00:00,STAGE28A,data/reports/stage28a_discovery_factory_batch_runner/stage28a_exact_trades.csv,session_handoff_imbalance_v1,handoff_divergence_fade_h13_tp06_sl065,0.7957000000000335,-0.2542999999999664,-0.9542999999999662,0,0,0,0,0.2542999999999664,4.460000000000036,11.800000000000182,0.5805084745762545,8.240000000000009,0.6638349514563132,4.470000000000027,3.6175000000000184,0.38,1.0,,,13,0,11.0,2023
2023-11-21 13:00:00+00:00|1.0|handoff_divergence_fade_h13_tp06_sl065,2023-11-21 13:00:00+00:00,STAGE28A,data/reports/stage28a_discovery_factory_batch_runner/stage28a_exact_trades.csv,session_handoff_imbalance_v1,handoff_divergence_fade_h13_tp06_sl065,0.8394999999999527,-0.2105000000000472,-0.9105000000000468,0,0,0,0,0.2105000000000472,19.700000000000045,17.019999999999982,0.6404230317273722,10.009999999999991,0.3466533466533497,4.650000000000091,4.1404999999999745,0.8,1.0,,,13,1,11.0,2023
2023-11-23 13:00:00+00:00|1.0|handoff_divergence_fade_h13_tp06_sl065,2023-11-23 13:00:00+00:00,STAGE28A,data/reports/stage28a_discovery_factory_batch_runner/stage28a_exact_trades.csv,session_handoff_imbalance_v1,handoff_divergence_fade_h13_tp06_sl065,0.628900000000067,-0.421099999999933,-1.1210999999999327,0,0,0,0,0.421099999999933,19.419999999999845,9.160000000000082,0.5262008733624586,6.319999999999936,0.2547468354430607,2.6499999999998636,3.5185000000000057,0.22,1.0,,,13,3,11.0,2023
2023-11-24 13:00:00+00:00|-1.0|handoff_divergence_fade_h13_tp06_sl065,2023-11-24 13:00:00+00:00,STAGE28A,data/reports/stage28a_discovery_factory_batch_runner/stage28a_exact_trades.csv,session_handoff_imbalance_v1,handoff_divergence_fade_h13_tp06_sl065,-1.1784249999999248,-2.2284249999999246,-2.9284249999999243,0,0,0,0,2.2284249999999246,9.38000000000011,3.4400000000000546,0.11627906976740036,4.259999999999991,0.47652582159623874,1.9099999999998545,1.9805000000000177,0.02,-1.0,,,13,4,11.0,2023
2023-11-28 13:00:00+00:00|-1.0|handoff_divergence_fade_h13_tp06_sl065,2023-11-28 13:00:00+00:00,STAGE28A,data/reports/stage28a_discovery_factory_batch_runner/stage28a_exact_trades.csv,session_handoff_imbalance_v1,handoff_divergence_fade_h13_tp06_sl065,0.5169999999999618,-0.5330000000000381,-1.2330000000000378,0,0,0,0,0.5330000000000381,17.639999999999873,4.9500000000000455,0.02626262626264807,4.529999999999973,0.09713024282556951,2.75,3.025499999999988,0.232,-1.0,,,13,1,11.0,2023
2023-11-29 13:00:00+00:00|1.0|handoff_divergence_fade_h13_tp06_sl065,2023-11-29 13:00:00+00:00,STAGE28A,data/reports/stage28a_discovery_factory_batch_runner/stage28a_exact_trades.csv,session_handoff_imbalance_v1,handoff_divergence_fade_h13_tp06_sl065,-1.620749999999907,-2.670749999999907,-3.370749999999907,0,0,0,0,2.670749999999907,32.87999999999988,11.659999999999854,0.15694682675814323,13.519999999999754,0.6531065088757462,2.509999999999991,4.550499999999954,0.936,1.0,,,13,2,11.0,2023
2023-12-06 13:00:00+00:00|1.0|handoff_divergence_fade_h13_tp06_sl065,2023-12-06 13:00:00+00:00,STAGE28A,data/reports/stage28a_discovery_factory_batch_runner/stage28a_exact_trades.csv,session_handoff_imbalance_v1,handoff_divergence_fade_h13_tp06_sl065,1.2676000000000385,0.2176000000000386,-0.4823999999999611,1,0,1,0,0.2176000000000386,31.279999999999973,6.980000000000018,0.43696275071632473,15.710000000000036,0.05919796308084414,2.7799999999999727,5.052499999999986,0.736,1.0,,,13,2,12.0,2023
2023-12-07 13:00:00+00:00|-1.0|handoff_divergence_fade_h13_tp06_sl065,2023-12-07 13:00:00+00:00,STAGE28A,data/reports/stage28a_discovery_factory_batch_runner/stage28a_exact_trades.csv,session_handoff_imbalance_v1,handoff_divergence_fade_h13_tp06_sl065,0.8748999999999342,-0.1751000000000657,-0.8751000000000655,0,0,0,0,0.1751000000000657,18.700000000000045,4.740000000000009,0.21940928270041385,9.889999999999873,0.765419615773512,2.589999999999918,3.713999999999987,0.312,-1.0,,,13,3,12.0,2023
2023-12-08 13:00:00+00:00|1.0|handoff_divergence_fade_h13_tp06_sl065,2023-12-08 13:00:00+00:00,STAGE28A,data/reports/stage28a_discovery_factory_batch_runner/stage28a_exact_trades.csv,session_handoff_imbalance_v1,handoff_divergence_fade_h13_tp06_sl065,0.8797000000000935,-0.1702999999999064,-0.8702999999999061,0,0,0,0,0.1702999999999064,19.700000000000045,7.100000000000136,0.48309859154929546,5.870000000000118,0.2913117546848385,5.259999999999991,3.792499999999984,0.288,1.0,,,13,4,12.0,2023
2023-12-13 13:00:00+00:00|-1.0|handoff_divergence_fade_h13_tp06_sl065,2023-12-13 13:00:00+00:00,STAGE28A,data/reports/stage28a_discovery_factory_batch_runner/stage28a_exact_trades.csv,session_handoff_imbalance_v1,handoff_divergence_fade_h13_tp06_sl065,0.7876000000000204,-0.2623999999999795,-0.9623999999999792,0,0,0,0,0.2623999999999795,19.50999999999999,5.1099999999999,0.8297455968689026,10.309999999999945,0.48205625606208086,2.1099999999999,3.0304999999999724,0.004,-1.0,,,13,2,12.0,2023
2023-12-14 13:00:00+00:00|-1.0|handoff_divergence_fade_h13_tp06_sl065,2023-12-14 13:00:00+00:00,STAGE28A,data/reports/stage28a_discovery_factory_batch_runner/stage28a_exact_trades.csv,session_handoff_imbalance_v1,handoff_divergence_fade_h13_tp06_sl065,-2.1755249999999706,-3.2255249999999704,-3.92552499999997,0,0,0,1,3.2255249999999704,60.16000000000008,14.930000000000064,0.10783657066308729,11.049999999999955,0.25610859728506236,4.3900000000001,7.2600000000000025,0.844,-1.0,,,13,3,12.0,2023
2023-12-18 13:00:00+00:00|1.0|handoff_divergence_fade_h13_tp06_sl065,2023-12-18 13:00:00+00:00,STAGE28A,data/reports/stage28a_discovery_factory_batch_runner/stage28a_exact_trades.csv,session_handoff_imbalance_v1,handoff_divergence_fade_h13_tp06_sl065,-1.6873750000000656,-2.7373750000000654,-3.437375000000065,0,0,0,0,2.7373750000000654,4.940000000000055,8.149999999999864,0.6920245398772966,8.159999999999854,0.45833333333334264,5.740000000000009,4.274999999999989,0.264,1.0,,,13,0,12.0,2023
2023-12-19 13:00:00+00:00|-1.0|handoff_divergence_fade_h13_tp06_sl065,2023-12-19 13:00:00+00:00,STAGE28A,data/reports/stage28a_discovery_factory_batch_runner/stage28a_exact_trades.csv,session_handoff_imbalance_v1,handoff_divergence_fade_h13_tp06_sl065,0.5712999999999738,-0.4787000000000261,-1.1787000000000258,0,0,0,0,0.4787000000000261,17.769999999999982,7.649999999999864,0.4575163398692892,6.039999999999964,0.2533112582781427,2.6400000000001,3.570000000000016,0.064,-1.0,,,13,1,12.0,2023
2023-12-21 13:00:00+00:00|1.0|handoff_divergence_fade_h13_tp06_sl065,2023-12-21 13:00:00+00:00,STAGE28A,data/reports/stage28a_discovery_factory_batch_runner/stage28a_exact_trades.csv,session_handoff_imbalance_v1,handoff_divergence_fade_h13_tp06_sl065,-1.2404999999999746,-2.2904999999999744,-2.990499999999974,0,0,0,0,2.2904999999999744,15.990000000000009,6.440000000000055,0.6413043478260632,5.120000000000118,0.4316406249999971,3.0599999999999454,3.243499999999983,0.064,1.0,,,13,3,12.0,2023
2023-12-22 13:00:00+00:00|-1.0|handoff_divergence_fade_h13_tp06_sl065,2023-12-22 13:00:00+00:00,STAGE28A,data/reports/stage28a_discovery_factory_batch_runner/stage28a_exact_trades.csv,session_handoff_imbalance_v1,handoff_divergence_fade_h13_tp06_sl065,0.5125000000001819,-0.537499999999818,-1.2374999999998175,0,0,0,0,0.537499999999818,21.38000000000011,8.6099999999999,0.3716608594657207,10.230000000000018,0.6021505376344377,3.7600000000002183,4.050499999999966,0.436,-1.0,,,13,4,12.0,2023
2023-12-26 13:00:00+00:00|1.0|handoff_divergence_fade_h13_tp06_sl065,2023-12-26 13:00:00+00:00,STAGE28A,data/reports/stage28a_discovery_factory_batch_runner/stage28a_exact_trades.csv,session_handoff_imbalance_v1,handoff_divergence_fade_h13_tp06_sl065,0.3495999999999185,-0.7004000000000814,-1.4004000000000811,0,0,0,0,0.7004000000000814,4.400000000000091,11.75,0.775319148936181,4.380000000000109,0.0410958904109205,2.0,3.4450000000000047,0.124,1.0,,,13,1,12.0,2023
2023-12-27 13:00:00+00:00|-1.0|handoff_divergence_fade_h13_tp06_sl065,2023-12-27 13:00:00+00:00,STAGE28A,data/reports/stage28a_discovery_factory_batch_runner/stage28a_exact_trades.csv,session_handoff_imbalance_v1,handoff_divergence_fade_h13_tp06_sl065,0.569800000000123,-0.4801999999998769,-1.180199999999877,0,0,0,0,0.4801999999998769,15.650000000000091,4.559999999999945,0.07894736842108149,7.7199999999998,0.1411917098445821,7.1599999999998545,3.0519999999999983,0.064,-1.0,,,13,2,12.0,2023
2023-12-28 13:00:00+00:00|1.0|handoff_divergence_fade_h13_tp06_sl065,2023-12-28 13:00:00+00:00,STAGE28A,data/reports/stage28a_discovery_factory_batch_runner/stage28a_exact_trades.csv,session_handoff_imbalance_v1,handoff_divergence_fade_h13_tp06_sl065,-1.9775999999998024,-3.027599999999802,-3.7275999999998017,0,0,0,0,3.027599999999802,22.899999999999636,11.019999999999982,0.6379310344827779,14.870000000000346,0.6348352387356984,4.559999999999945,4.307500000000028,0.632,1.0,,,13,3,12.0,2023
2023-12-29 13:00:00+00:00|1.0|handoff_divergence_fade_h13_tp06_sl065,2023-12-29 13:00:00+00:00,STAGE28A,data/reports/stage28a_discovery_factory_batch_runner/stage28a_exact_trades.csv,session_handoff_imbalance_v1,handoff_divergence_fade_h13_tp06_sl065,0.708100000000195,-0.3418999999998049,-1.0418999999998046,0,0,0,0,0.3418999999998049,23.909999999999854,5.570000000000164,0.5727109515259436,12.900000000000091,0.4031007751937815,3.9400000000000546,3.3699999999999593,0.168,1.0,,,13,4,12.0,2023
2024-01-03 13:00:00+00:00|1.0|handoff_divergence_fade_h13_tp06_sl065,2024-01-03 13:00:00+00:00,STAGE28A,data/reports/stage28a_discovery_factory_batch_runner/stage28a_exact_trades.csv,session_handoff_imbalance_v1,handoff_divergence_fade_h13_tp06_sl065,0.9987999999997556,-0.0512000000002443,-0.7512000000002441,0,0,0,0,0.0512000000002443,22.88000000000011,7.050000000000182,0.7333333333333247,13.200000000000273,0.7446969696969488,4.5,4.033500000000004,0.54,1.0,,,13,2,1.0,2024
2024-01-04 13:00:00+00:00|-1.0|handoff_divergence_fade_h13_tp06_sl065,2024-01-04 13:00:00+00:00,STAGE28A,data/reports/stage28a_discovery_factory_batch_runner/stage28a_exact_trades.csv,session_handoff_imbalance_v1,handoff_divergence_fade_h13_tp06_sl065,1.0125999999999291,-0.0374000000000704,-0.7374000000000702,0,0,0,0,0.0374000000000704,35.47000000000003,6.850000000000136,0.0029197080291943666,8.8299999999997,0.578708946772401,4.169999999999845,4.273999999999978,0.652,-1.0,,,13,3,1.0,2024
2024-01-05 13:00:00+00:00|1.0|handoff_divergence_fade_h13_tp06_sl065,2024-01-05 13:00:00+00:00,STAGE28A,data/reports/stage28a_discovery_factory_batch_runner/stage28a_exact_trades.csv,session_handoff_imbalance_v1,handoff_divergence_fade_h13_tp06_sl065,0.7578999999999724,-0.2921000000000275,-0.9921000000000272,0,0,0,0,0.2921000000000275,14.779999999999745,5.630000000000109,0.05150976909413108,9.599999999999909,0.47187500000000165,2.949999999999818,3.039499999999998,0.04,1.0,,,13,4,1.0,2024
2024-01-10 13:00:00+00:00|-1.0|handoff_divergence_fade_h13_tp06_sl065,2024-01-10 13:00:00+00:00,STAGE28A,data/reports/stage28a_discovery_factory_batch_runner/stage28a_exact_trades.csv,session_handoff_imbalance_v1,handoff_divergence_fade_h13_tp06_sl065,0.9111999999999172,-0.1388000000000828,-0.8388000000000826,0,0,0,0,0.1388000000000828,15.940000000000055,5.619999999999891,0.18149466192170846,16.539999999999964,0.30290205562273287,5.759999999999991,3.7665000000000193,0.268,-1.0,,,13,2,1.0,2024
2024-01-11 13:00:00+00:00|1.0|handoff_divergence_fade_h13_tp06_sl065,2024-01-11 13:00:00+00:00,STAGE28A,data/reports/stage28a_discovery_factory_batch_runner/stage28a_exact_trades.csv,session_handoff_imbalance_v1,handoff_divergence_fade_h13_tp06_sl065,-1.3461249999998928,-2.3961249999998926,-3.0961249999998923,0,0,0,0,2.3961249999998926,20.089999999999918,7.5,0.7093333333333248,5.479999999999791,0.03832116788321978,2.230000000000018,2.9879999999999654,0.012,1.0,,,13,3,1.0,2024
2024-01-12 13:00:00+00:00|-1.0|handoff_divergence_fade_h13_tp06_sl065,2024-01-12 13:00:00+00:00,STAGE28A,data/reports/stage28a_discovery_factory_batch_runner/stage28a_exact_trades.csv,session_handoff_imbalance_v1,handoff_divergence_fade_h13_tp06_sl065,-1.6812000000000809,-2.7312000000000807,-3.4312000000000804,0,0,0,0,2.7312000000000807,26.470000000000027,6.9500000000000455,0.08345323741006093,12.599999999999909,0.8976190476190498,8.099999999999909,5.077499999999998,0.768,-1.0,,,13,4,1.0,2024
2024-01-18 13:00:00+00:00|-1.0|handoff_divergence_fade_h13_tp06_sl065,2024-01-18 13:00:00+00:00,STAGE28A,data/reports/stage28a_discovery_factory_batch_runner/stage28a_exact_trades.csv,session_handoff_imbalance_v1,handoff_divergence_fade_h13_tp06_sl065,-1.56875,-2.61875,-3.31875,0,0,0,0,2.61875,31.1400000000001,5.559999999999945,0.28057553956833825,8.209999999999809,0.4214372716199622,2.990000000000009,3.6185000000000174,0.228,-1.0,,,13,3,1.0,2024
2024-01-19 13:00:00+00:00|-1.0|handoff_divergence_fade_h13_tp06_sl065,2024-01-19 13:00:00+00:00,STAGE28A,data/reports/stage28a_discovery_factory_batch_runner/stage28a_exact_trades.csv,session_handoff_imbalance_v1,handoff_divergence_fade_h13_tp06_sl065,-1.427375000000075,-2.4773750000000745,-3.1773750000000742,0,0,0,0,2.4773750000000745,18.389999999999873,4.880000000000109,0.594262295081926,10.550000000000182,0.8890995260663241,2.019999999999982,3.05300000000002,0.092,-1.0,,,13,4,1.0,2024
2024-01-24 13:00:00+00:00|-1.0|handoff_divergence_fade_h13_tp06_sl065,2024-01-24 13:00:00+00:00,STAGE28A,data/reports/stage28a_discovery_factory_batch_runner/stage28a_exact_trades.csv,session_handoff_imbalance_v1,handoff_divergence_fade_h13_tp06_sl065,-1.8261499999999613,-2.8761499999999613,-3.576149999999961,0,0,0,0,2.8761499999999613,18.340000000000146,5.8599999999999,0.8447098976109437,11.279999999999973,0.7402482269503483,3.6800000000000637,3.2684999999999946,0.14,-1.0,,,13,2,1.0,2024
2024-01-25 13:00:00+00:00|-1.0|handoff_divergence_fade_h13_tp06_sl065,2024-01-25 13:00:00+00:00,STAGE28A,data/reports/stage28a_discovery_factory_batch_runner/stage28a_exact_trades.csv,session_handoff_imbalance_v1,handoff_divergence_fade_h13_tp06_sl065,-1.4585749999999735,-2.5085749999999734,-3.208574999999973,0,0,0,0,2.5085749999999734,25.52000000000021,3.400000000000091,0.18823529411767145,7.019999999999982,0.5270655270655349,2.3099999999999454,3.466000000000008,0.248,-1.0,,,13,3,1.0,2024
2024-01-26 13:00:00+00:00|1.0|handoff_divergence_fade_h13_tp06_sl065,2024-01-26 13:00:00+00:00,STAGE28A,data/reports/stage28a_discovery_factory_batch_runner/stage28a_exact_trades.csv,session_handoff_imbalance_v1,handoff_divergence_fade_h13_tp06_sl065,0.5829999999999927,-0.4670000000000072,-1.167000000000007,0,0,0,0,0.4670000000000072,15.400000000000091,4.779999999999973,0.10460251046025164,5.669999999999845,0.41975308641978376,3.0599999999999454,3.3049999999999615,0.156,1.0,,,13,4,1.0,2024
2024-01-31 13:00:00+00:00|-1.0|handoff_divergence_fade_h13_tp06_sl065,2024-01-31 13:00:00+00:00,STAGE28A,data/reports/stage28a_discovery_factory_batch_runner/stage28a_exact_trades.csv,session_handoff_imbalance_v1,handoff_divergence_fade_h13_tp06_sl065,0.5392000000000735,-0.5107999999999264,-1.2107999999999262,0,0,0,0,0.5107999999999264,19.54000000000019,5.800000000000182,0.32931034482759,7.150000000000091,0.3356643356643441,2.0,3.3815000000000395,0.164,-1.0,,,13,2,1.0,2024
2024-02-01 13:00:00+00:00|1.0|handoff_divergence_fade_h13_tp06_sl065,2024-02-01 13:00:00+00:00,STAGE28A,data/reports/stage28a_discovery_factory_batch_runner/stage28a_exact_trades.csv,session_handoff_imbalance_v1,handoff_divergence_fade_h13_tp06_sl065,-1.7929999999999835,-2.8429999999999835,-3.5429999999999837,0,0,0,0,2.8429999999999835,25.1400000000001,10.269999999999754,0.559883154819877,15.329999999999927,0.8962818003913943,10.25,4.909499999999957,0.948,1.0,,,13,3,2.0,2024
2024-02-02 13:00:00+00:00|1.0|handoff_divergence_fade_h13_tp06_sl065,2024-02-02 13:00:00+00:00,STAGE28A,data/reports/stage28a_discovery_factory_batch_runner/stage28a_exact_trades.csv,session_handoff_imbalance_v1,handoff_divergence_fade_h13_tp06_sl065,0.6006999999998698,-0.4493000000001301,-1.14930000000013,0,0,0,0,0.4493000000001301,35.590000000000146,4.920000000000073,0.052845528455235706,4.200000000000273,0.10000000000001083,2.730000000000018,4.127499999999975,0.58,1.0,,,13,4,2.0,2024
2024-02-06 13:00:00+00:00|1.0|handoff_divergence_fade_h13_tp06_sl065,2024-02-06 13:00:00+00:00,STAGE28A,data/reports/stage28a_discovery_factory_batch_runner/stage28a_exact_trades.csv,session_handoff_imbalance_v1,handoff_divergence_fade_h13_tp06_sl065,-1.3948750000000474,-2.444875000000047,-3.144875000000047,0,0,0,0,2.444875000000047,27.329999999999927,5.100000000000136,0.24705882352940337,6.990000000000009,0.34477825464947803,2.8899999999998727,2.9900000000000317,0.02,1.0,,,13,1,2.0,2024
2024-02-08 13:00:00+00:00|-1.0|handoff_divergence_fade_h13_tp06_sl065,2024-02-08 13:00:00+00:00,STAGE28A,data/reports/stage28a_discovery_factory_batch_runner/stage28a_exact_trades.csv,session_handoff_imbalance_v1,handoff_divergence_fade_h13_tp06_sl065,-1.5544499999999517,-2.6044499999999515,-3.3044499999999517,0,0,0,0,2.6044499999999515,13.970000000000027,7.0,0.6028571428571468,9.599999999999909,0.41041666666665255,3.75,3.0735000000000015,0.1,-1.0,,,13,3,2.0,2024
2024-02-14 13:00:00+00:00|1.0|handoff_divergence_fade_h13_tp06_sl065,2024-02-14 13:00:00+00:00,STAGE28A,data/reports/stage28a_discovery_factory_batch_runner/stage28a_exact_trades.csv,session_handoff_imbalance_v1,handoff_divergence_fade_h13_tp06_sl065,-1.4533749999999146,-2.5033749999999144,-3.203374999999914,0,0,0,0,2.5033749999999144,39.86999999999989,4.75,0.19578947368422392,7.1400000000001,0.06162464985991891,3.240000000000009,2.9044999999999845,0.124,1.0,,,13,2,2.0,2024
2024-02-15 13:00:00+00:00|-1.0|handoff_divergence_fade_h13_tp06_sl065,2024-02-15 13:00:00+00:00,STAGE28A,data/reports/stage28a_discovery_factory_batch_runner/stage28a_exact_trades.csv,session_handoff_imbalance_v1,handoff_divergence_fade_h13_tp06_sl065,-1.151774999999907,-2.201774999999907,-2.9017749999999065,0,0,0,0,2.201774999999907,11.839999999999918,4.119999999999891,0.41262135922332294,6.5,0.6123076923076951,2.1800000000000637,2.6799999999999726,0.084,-1.0,,,13,3,2.0,2024
2024-02-21 13:00:00+00:00|1.0|handoff_divergence_fade_h13_tp06_sl065,2024-02-21 13:00:00+00:00,STAGE28A,data/reports/stage28a_discovery_factory_batch_runner/stage28a_exact_trades.csv,session_handoff_imbalance_v1,handoff_divergence_fade_h13_tp06_sl065,0.3751000000001113,-0.6748999999998886,-1.3748999999998883,0,0,0,0,0.6748999999998886,15.829999999999927,8.420000000000073,0.8016627078384729,6.25,0.15520000000000436,2.1699999999998454,2.332500000000027,0.108,1.0,,,13,2,2.0,2024
2024-02-23 13:00:00+00:00|1.0|handoff_divergence_fade_h13_tp06_sl065,2024-02-23 13:00:00+00:00,STAGE28A,data/reports/stage28a_discovery_factory_batch_runner/stage28a_exact_trades.csv,session_handoff_imbalance_v1,handoff_divergence_fade_h13_tp06_sl065,0.6990999999999531,-0.3509000000000468,-1.0509000000000466,0,0,0,0,0.3509000000000468,15.36999999999989,4.559999999999945,0.2763157894736855,10.110000000000127,0.2908011869435994,6.790000000000191,3.301500000000021,0.74,1.0,,,13,4,2.0,2024
2024-02-26 13:00:00+00:00|-1.0|handoff_divergence_fade_h13_tp06_sl065,2024-02-26 13:00:00+00:00,STAGE28A,data/reports/stage28a_discovery_factory_batch_runner/stage28a_exact_trades.csv,session_handoff_imbalance_v1,handoff_divergence_fade_h13_tp06_sl065,0.6436000000000149,-0.406399999999985,-1.1063999999999847,0,0,0,0,0.406399999999985,2.7999999999999545,5.069999999999936,0.36489151873765924,5.349999999999909,0.007476635514012018,3.740000000000009,3.023999999999944,0.464,-1.0,,,13,0,2.0,2024
2024-02-28 13:00:00+00:00|1.0|handoff_divergence_fade_h13_tp06_sl065,2024-02-28 13:00:00+00:00,STAGE28A,data/reports/stage28a_discovery_factory_batch_runner/stage28a_exact_trades.csv,session_handoff_imbalance_v1,handoff_divergence_fade_h13_tp06_sl065,0.3684999999999491,-0.6815000000000508,-1.3815000000000506,0,0,0,0,0.6815000000000508,10.730000000000018,4.599999999999909,0.01956521739133637,7.720000000000027,0.3873056994818651,3.1099999999999,2.473999999999978,0.164,1.0,,,13,2,2.0,2024
2024-02-29 13:00:00+00:00|1.0|handoff_divergence_fade_h13_tp06_sl065,2024-02-29 13:00:00+00:00,STAGE28A,data/reports/stage28a_discovery_factory_batch_runner/stage28a_exact_trades.csv,session_handoff_imbalance_v1,handoff_divergence_fade_h13_tp06_sl065,-1.1436500000000709,-2.1936500000000705,-2.89365000000007,0,0,0,0,2.1936500000000705,13.420000000000073,3.1299999999998818,0.1629392971246039,7.2999999999999545,0.5931506849315318,4.240000000000009,2.2214999999999576,0.072,1.0,,,13,3,2.0,2024
2024-03-04 13:00:00+00:00|-1.0|handoff_divergence_fade_h13_tp06_sl065,2024-03-04 13:00:00+00:00,STAGE28A,data/reports/stage28a_discovery_factory_batch_runner/stage28a_exact_trades.csv,session_handoff_imbalance_v1,handoff_divergence_fade_h13_tp06_sl065,0.6082000000000335,-0.4417999999999664,-1.1417999999999662,0,0,0,0,0.4417999999999664,4.239999999999782,6.610000000000127,0.4175491679274077,7.710000000000036,0.41115434500649256,3.180000000000291,3.5870000000000117,0.828,-1.0,,,13,0,3.0,2024
2024-03-06 13:00:00+00:00|-1.0|handoff_divergence_fade_h13_tp06_sl065,2024-03-06 13:00:00+00:00,STAGE28A,data/reports/stage28a_discovery_factory_batch_runner/stage28a_exact_trades.csv,session_handoff_imbalance_v1,handoff_divergence_fade_h13_tp06_sl065,0.9214000000000852,-0.1285999999999147,-0.8285999999999145,0,0,0,0,0.1285999999999147,31.329999999999927,4.799999999999727,0.38333333333338543,7.150000000000091,0.07412587412590117,4.029999999999745,3.9264999999999417,0.732,-1.0,,,13,2,3.0,2024
2024-03-07 13:00:00+00:00|1.0|handoff_divergence_fade_h13_tp06_sl065,2024-03-07 13:00:00+00:00,STAGE28A,data/reports/stage28a_discovery_factory_batch_runner/stage28a_exact_trades.csv,session_handoff_imbalance_v1,handoff_divergence_fade_h13_tp06_sl065,0.9520000000001346,-0.0979999999998653,-0.797999999999865,0,0,0,0,0.0979999999998653,28.549999999999727,17.11999999999989,0.6407710280374022,8.299999999999727,0.07108433734936268,2.819999999999709,5.8159999999999625,0.908,1.0,,,13,3,3.0,2024
2024-03-08 13:00:00+00:00|-1.0|handoff_divergence_fade_h13_tp06_sl065,2024-03-08 13:00:00+00:00,STAGE28A,data/reports/stage28a_discovery_factory_batch_runner/stage28a_exact_trades.csv,session_handoff_imbalance_v1,handoff_divergence_fade_h13_tp06_sl065,-1.842725000000064,-2.892725000000064,-3.592725000000064,0,0,0,0,2.892725000000064,20.460000000000036,9.510000000000218,0.4437434279705739,14.920000000000073,0.724530831099219,3.8899999999998727,4.308500000000049,0.588,-1.0,,,13,4,3.0,2024
2024-03-11 13:00:00+00:00|1.0|handoff_divergence_fade_h13_tp06_sl065,2024-03-11 13:00:00+00:00,STAGE28A,data/reports/stage28a_discovery_factory_batch_runner/stage28a_exact_trades.csv,session_handoff_imbalance_v1,handoff_divergence_fade_h13_tp06_sl065,0.9342999999998028,-0.115700000000197,-0.8157000000001968,0,0,0,0,0.115700000000197,6.599999999999909,12.099999999999909,0.08595041322313814,7.160000000000309,0.40502793296088907,3.849999999999909,5.740000000000054,0.8,1.0,,,13,0,3.0,2024
2024-03-13 13:00:00+00:00|1.0|handoff_divergence_fade_h13_tp06_sl065,2024-03-13 13:00:00+00:00,STAGE28A,data/reports/stage28a_discovery_factory_batch_runner/stage28a_exact_trades.csv,session_handoff_imbalance_v1,handoff_divergence_fade_h13_tp06_sl065,0.6496000000001004,-0.4003999999998995,-1.1003999999998992,0,0,0,0,0.4003999999998995,34.179999999999836,5.730000000000018,0.41884816753928156,6.049999999999727,0.6694214876033661,5.5099999999997635,4.154999999999927,0.3,1.0,,,13,2,3.0,2024
2024-03-18 13:00:00+00:00|-1.0|handoff_divergence_fade_h13_tp06_sl065,2024-03-18 13:00:00+00:00,STAGE28A,data/reports/stage28a_discovery_factory_batch_runner/stage28a_exact_trades.csv,session_handoff_imbalance_v1,handoff_divergence_fade_h13_tp06_sl065,0.7494999999998072,-0.3005000000001927,-1.0005000000001925,0,0,0,0,0.3005000000001927,5.369999999999891,11.419999999999618,0.6444833625219242,12.349999999999909,0.8858299595141441,3.8899999999998727,3.7884999999999764,0.128,-1.0,,,13,0,3.0,2024
2024-03-19 13:00:00+00:00|1.0|handoff_divergence_fade_h13_tp06_sl065,2024-03-19 13:00:00+00:00,STAGE28A,data/reports/stage28a_discovery_factory_batch_runner/stage28a_exact_trades.csv,session_handoff_imbalance_v1,handoff_divergence_fade_h13_tp06_sl065,1.101100000000224,0.0511000000002241,-0.6488999999997755,1,0,0,0,0.0511000000002241,17.559999999999945,4.1599999999998545,0.16105769230771544,13.179999999999836,0.4613050075872536,3.869999999999891,3.177499999999918,0.036,1.0,,,13,1,3.0,2024
2024-03-21 13:00:00+00:00|-1.0|handoff_divergence_fade_h13_tp06_sl065,2024-03-21 13:00:00+00:00,STAGE28A,data/reports/stage28a_discovery_factory_batch_runner/stage28a_exact_trades.csv,session_handoff_imbalance_v1,handoff_divergence_fade_h13_tp06_sl065,1.4590000000001964,0.4090000000001965,-0.2909999999998032,1,0,1,0,0.4090000000001965,56.710000000000036,36.17000000000007,0.017694221730712507,14.86999999999989,0.2958977807666525,6.569999999999709,8.787499999999977,0.988,-1.0,,,13,3,3.0,2024
2024-03-25 13:00:00+00:00|1.0|handoff_divergence_fade_h13_tp06_sl065,2024-03-25 13:00:00+00:00,STAGE28A,data/reports/stage28a_discovery_factory_batch_runner/stage28a_exact_trades.csv,session_handoff_imbalance_v1,handoff_divergence_fade_h13_tp06_sl065,-1.9616750000001049,-3.0116750000001047,-3.711675000000104,0,0,0,0,3.0116750000001047,4.119999999999891,14.300000000000182,0.2930069930069931,7.529999999999745,0.13014608233732422,3.4600000000000364,4.815999999999986,0.608,1.0,,,13,0,3.0,2024
2024-04-01 13:00:00+00:00|1.0|handoff_divergence_fade_h13_tp06_sl065,2024-04-01 13:00:00+00:00,STAGE28A,data/reports/stage28a_discovery_factory_batch_runner/stage28a_exact_trades.csv,session_handoff_imbalance_v1,handoff_divergence_fade_h13_tp06_sl065,-2.147900000000027,-3.197900000000027,-3.8979000000000266,0,0,0,1,3.197900000000027,9.899999999999636,30.36999999999989,0.9045110306223363,16.300000000000182,0.7785276073619299,8.990000000000236,8.083999999999946,0.884,1.0,,,13,0,4.0,2024
2024-04-02 13:00:00+00:00|-1.0|handoff_divergence_fade_h13_tp06_sl065,2024-04-02 13:00:00+00:00,STAGE28A,data/reports/stage28a_discovery_factory_batch_runner/stage28a_exact_trades.csv,session_handoff_imbalance_v1,handoff_divergence_fade_h13_tp06_sl065,-2.157000000000244,-3.207000000000244,-3.9070000000002434,0,0,0,1,3.207000000000244,37.11999999999989,9.169999999999618,0.22246455834242623,16.440000000000055,0.5675182481751762,7.210000000000036,6.227000000000066,0.728,-1.0,,,13,1,4.0,2024
2024-04-03 13:00:00+00:00|1.0|handoff_divergence_fade_h13_tp06_sl065,2024-04-03 13:00:00+00:00,STAGE28A,data/reports/stage28a_discovery_factory_batch_runner/stage28a_exact_trades.csv,session_handoff_imbalance_v1,handoff_divergence_fade_h13_tp06_sl065,1.6528000000002063,0.6028000000002067,-0.097199999999793,1,0,1,0,0.6028000000002067,35.35999999999967,11.590000000000146,0.28127696289906623,19.360000000000127,0.6714876033057807,5.150000000000091,7.227500000000032,0.736,1.0,,,13,2,4.0,2024
2024-04-05 13:00:00+00:00|-1.0|handoff_divergence_fade_h13_tp06_sl065,2024-04-05 13:00:00+00:00,STAGE28A,data/reports/stage28a_discovery_factory_batch_runner/stage28a_exact_trades.csv,session_handoff_imbalance_v1,handoff_divergence_fade_h13_tp06_sl065,1.801600000000144,0.7516000000001442,0.0516000000001444,1,1,1,0,0.7516000000001442,25.519999999999982,25.579999999999927,0.5136825645035327,16.9699999999998,0.8461991750147494,6.940000000000055,7.961500000000001,0.856,-1.0,,,13,4,4.0,2024
2024-04-08 13:00:00+00:00|1.0|handoff_divergence_fade_h13_tp06_sl065,2024-04-08 13:00:00+00:00,STAGE28A,data/reports/stage28a_discovery_factory_batch_runner/stage28a_exact_trades.csv,session_handoff_imbalance_v1,handoff_divergence_fade_h13_tp06_sl065,2.188300000000163,1.138300000000163,0.4383000000001633,1,1,1,0,1.138300000000163,24.11999999999989,51.0300000000002,0.7460317460317463,13.789999999999964,0.5823060188542583,3.680000000000291,11.00200000000002,0.968,1.0,,,13,0,4.0,2024
2024-04-10 13:00:00+00:00|-1.0|handoff_divergence_fade_h13_tp06_sl065,2024-04-10 13:00:00+00:00,STAGE28A,data/reports/stage28a_discovery_factory_batch_runner/stage28a_exact_trades.csv,session_handoff_imbalance_v1,handoff_divergence_fade_h13_tp06_sl065,1.3308999999998377,0.2808999999998378,-0.4191000000001619,1,0,1,0,0.2808999999998378,28.559999999999945,10.890000000000327,0.09641873278238296,14.990000000000236,0.24016010673784569,9.75,6.445500000000038,0.4,-1.0,,,13,2,4.0,2024
2024-04-11 13:00:00+00:00|1.0|handoff_divergence_fade_h13_tp06_sl065,2024-04-11 13:00:00+00:00,STAGE28A,data/reports/stage28a_discovery_factory_batch_runner/stage28a_exact_trades.csv,session_handoff_imbalance_v1,handoff_divergence_fade_h13_tp06_sl065,-2.830399999999918,-3.8803999999999177,-4.580399999999917,0,0,0,1,3.8803999999999177,40.75,13.490000000000236,0.5937731653076074,20.360000000000127,0.6512770137524625,7.230000000000018,7.8875,0.668,1.0,,,13,3,4.0,2024
2024-04-15 13:00:00+00:00|1.0|handoff_divergence_fade_h13_tp06_sl065,2024-04-15 13:00:00+00:00,STAGE28A,data/reports/stage28a_discovery_factory_batch_runner/stage28a_exact_trades.csv,session_handoff_imbalance_v1,handoff_divergence_fade_h13_tp06_sl065,2.187400000000161,1.1374000000001616,0.4374000000001619,1,1,1,0,1.1374000000001616,26.509999999999764,26.509999999999764,0.06563560920406629,17.799999999999727,0.500561797752834,7.230000000000018,15.498499999999945,0.956,1.0,,,13,0,4.0,2024
2024-04-16 13:00:00+00:00|1.0|handoff_divergence_fade_h13_tp06_sl065,2024-04-16 13:00:00+00:00,STAGE28A,data/reports/stage28a_discovery_factory_batch_runner/stage28a_exact_trades.csv,session_handoff_imbalance_v1,handoff_divergence_fade_h13_tp06_sl065,-3.0107749999998306,-4.060774999999831,-4.76077499999983,0,0,0,1,4.060774999999831,63.18000000000029,12.900000000000091,0.28062015503874926,25.980000000000018,0.6023864511162463,5.679999999999836,10.346500000000015,0.76,1.0,,,13,1,4.0,2024
2024-04-17 13:00:00+00:00|-1.0|handoff_divergence_fade_h13_tp06_sl065,2024-04-17 13:00:00+00:00,STAGE28A,data/reports/stage28a_discovery_factory_batch_runner/stage28a_exact_trades.csv,session_handoff_imbalance_v1,handoff_divergence_fade_h13_tp06_sl065,-2.686424999999963,-3.736424999999963,-4.4364249999999625,0,0,0,1,3.736424999999963,35.210000000000036,6.400000000000091,0.5015624999999986,21.559999999999945,0.4809833024118911,4.470000000000255,8.293000000000053,0.512,-1.0,,,13,2,4.0,2024
2024-04-19 13:00:00+00:00|1.0|handoff_divergence_fade_h13_tp06_sl065,2024-04-19 13:00:00+00:00,STAGE28A,data/reports/stage28a_discovery_factory_batch_runner/stage28a_exact_trades.csv,session_handoff_imbalance_v1,handoff_divergence_fade_h13_tp06_sl065,-3.264275000000089,-4.314275000000089,-5.014275000000088,0,0,0,1,4.314275000000089,29.889999999999873,44.15000000000009,0.27859569648924476,15.840000000000146,0.6502525252525021,6.170000000000073,9.861499999999955,0.688,1.0,,,13,4,4.0,2024
2024-04-23 13:00:00+00:00|-1.0|handoff_divergence_fade_h13_tp06_sl065,2024-04-23 13:00:00+00:00,STAGE28A,data/reports/stage28a_discovery_factory_batch_runner/stage28a_exact_trades.csv,session_handoff_imbalance_v1,handoff_divergence_fade_h13_tp06_sl065,2.4354999999999563,1.3854999999999564,0.6854999999999567,1,1,1,0,1.3854999999999564,63.82999999999993,38.82999999999993,0.7180015451970168,23.220000000000255,0.30146425495262374,11.920000000000073,9.332500000000005,0.672,-1.0,,,13,1,4.0,2024
2024-04-24 13:00:00+00:00|1.0|handoff_divergence_fade_h13_tp06_sl065,2024-04-24 13:00:00+00:00,STAGE28A,data/reports/stage28a_discovery_factory_batch_runner/stage28a_exact_trades.csv,session_handoff_imbalance_v1,handoff_divergence_fade_h13_tp06_sl065,-2.348099999999795,-3.3980999999997947,-4.0980999999997945,0,0,0,1,3.3980999999997947,42.88000000000011,12.400000000000091,0.5016129032258233,19.4399999999996,0.6682098765432124,7.519999999999982,6.071000000000117,0.028,1.0,,,13,2,4.0,2024
2024-04-25 13:00:00+00:00|-1.0|handoff_divergence_fade_h13_tp06_sl065,2024-04-25 13:00:00+00:00,STAGE28A,data/reports/stage28a_discovery_factory_batch_runner/stage28a_exact_trades.csv,session_handoff_imbalance_v1,handoff_divergence_fade_h13_tp06_sl065,-1.9762999999999007,-3.026299999999901,-3.7262999999999007,0,0,0,0,3.026299999999901,25.480000000000018,17.029999999999745,0.28185554903113647,16.4699999999998,0.7109896782028038,3.400000000000091,6.169999999999959,0.04,-1.0,,,13,3,4.0,2024
2024-04-29 13:00:00+00:00|-1.0|handoff_divergence_fade_h13_tp06_sl065,2024-04-29 13:00:00+00:00,STAGE28A,data/reports/stage28a_discovery_factory_batch_runner/stage28a_exact_trades.csv,session_handoff_imbalance_v1,handoff_divergence_fade_h13_tp06_sl065,1.2505000000000108,0.200500000000011,-0.4994999999999887,1,0,1,0,0.200500000000011,4.539999999999964,17.149999999999636,0.35801749271137046,16.929999999999836,0.8665091553455263,7.6599999999998545,5.875000000000023,0.052,-1.0,,,13,0,4.0,2024
2024-05-01 13:00:00+00:00|-1.0|handoff_divergence_fade_h13_tp06_sl065,2024-05-01 13:00:00+00:00,STAGE28A,data/reports/stage28a_discovery_factory_batch_runner/stage28a_exact_trades.csv,session_handoff_imbalance_v1,handoff_divergence_fade_h13_tp06_sl065,1.0797999999998864,0.0297999999998865,-0.6702000000001131,1,0,0,0,0.0297999999998865,51.51000000000022,10.38000000000011,0.6984585741811102,11.5,0.6782608695652332,7.360000000000127,5.703000000000043,0.088,-1.0,,,13,2,5.0,2024
2024-05-08 13:00:00+00:00|1.0|handoff_divergence_fade_h13_tp06_sl065,2024-05-08 13:00:00+00:00,STAGE28A,data/reports/stage28a_discovery_factory_batch_runner/stage28a_exact_trades.csv,session_handoff_imbalance_v1,handoff_divergence_fade_h13_tp06_sl065,-1.9811749999999848,-3.0311749999999846,-3.731174999999984,0,0,0,0,3.0311749999999846,20.179999999999836,11.240000000000236,0.22775800711742808,17.86999999999989,0.35926133184108067,4.429999999999836,4.8720000000000026,0.056,1.0,,,13,2,5.0,2024
2024-05-09 13:00:00+00:00|1.0|handoff_divergence_fade_h13_tp06_sl065,2024-05-09 13:00:00+00:00,STAGE28A,data/reports/stage28a_discovery_factory_batch_runner/stage28a_exact_trades.csv,session_handoff_imbalance_v1,handoff_divergence_fade_h13_tp06_sl065,1.1629000000001724,0.1129000000001725,-0.5870999999998272,1,0,0,0,0.1129000000001725,17.86999999999989,4.970000000000255,0.5010060362173258,13.08999999999969,0.35752482811305936,5.210000000000036,4.1729999999999565,0.004,1.0,,,13,3,5.0,2024
2024-05-17 13:00:00+00:00|-1.0|handoff_divergence_fade_h13_tp06_sl065,2024-05-17 13:00:00+00:00,STAGE28A,data/reports/stage28a_discovery_factory_batch_runner/stage28a_exact_trades.csv,session_handoff_imbalance_v1,handoff_divergence_fade_h13_tp06_sl065,1.1217999999998027,0.0717999999998029,-0.6282000000001968,1,0,0,0,0.0717999999998029,26.550000000000182,7.2599999999997635,0.07300275482090395,11.360000000000127,0.42517605633805705,4.900000000000091,4.127999999999974,0.016,-1.0,,,13,4,5.0,2024
2024-05-21 13:00:00+00:00|-1.0|handoff_divergence_fade_h13_tp06_sl065,2024-05-21 13:00:00+00:00,STAGE28A,data/reports/stage28a_discovery_factory_batch_runner/stage28a_exact_trades.csv,session_handoff_imbalance_v1,handoff_divergence_fade_h13_tp06_sl065,-2.860949999999866,-3.910949999999866,-4.610949999999866,0,0,0,1,3.910949999999866,42.86999999999989,26.63000000000011,0.5005632745024361,13.569999999999709,0.19012527634491064,7.949999999999818,7.520499999999947,0.808,-1.0,,,13,1,5.0,2024
2024-05-22 13:00:00+00:00|-1.0|handoff_divergence_fade_h13_tp06_sl065,2024-05-22 13:00:00+00:00,STAGE28A,data/reports/stage28a_discovery_factory_batch_runner/stage28a_exact_trades.csv,session_handoff_imbalance_v1,handoff_divergence_fade_h13_tp06_sl065,1.5138999999998304,0.4638999999998305,-0.2361000000001691,1,0,1,0,0.4638999999998305,27.610000000000127,13.980000000000018,0.5615164520744172,7.930000000000291,0.3947036569987382,3.5299999999997453,5.077499999999918,0.304,-1.0,,,13,2,5.0,2024
2024-05-24 13:00:00+00:00|-1.0|handoff_divergence_fade_h13_tp06_sl065,2024-05-24 13:00:00+00:00,STAGE28A,data/reports/stage28a_discovery_factory_batch_runner/stage28a_exact_trades.csv,session_handoff_imbalance_v1,handoff_divergence_fade_h13_tp06_sl065,1.326100000000133,0.2761000000001332,-0.4238999999998665,1,0,1,0,0.2761000000001332,56.809999999999945,9.710000000000036,0.028836251287353145,12.7199999999998,0.5463836477987721,5.7599999999997635,6.609499999999935,0.496,-1.0,,,13,4,5.0,2024
2024-05-27 13:00:00+00:00|1.0|handoff_divergence_fade_h13_tp06_sl065,2024-05-27 13:00:00+00:00,STAGE28A,data/reports/stage28a_discovery_factory_batch_runner/stage28a_exact_trades.csv,session_handoff_imbalance_v1,handoff_divergence_fade_h13_tp06_sl065,-1.7751250000002077,-2.8251250000002077,-3.525125000000207,0,0,0,0,2.8251250000002077,8.329999999999927,15.260000000000218,0.38401048492791895,7.970000000000255,0.34755332496861896,2.769999999999982,4.728500000000054,0.096,1.0,,,13,0,5.0,2024
2024-05-30 13:00:00+00:00|-1.0|handoff_divergence_fade_h13_tp06_sl065,2024-05-30 13:00:00+00:00,STAGE28A,data/reports/stage28a_discovery_factory_batch_runner/stage28a_exact_trades.csv,session_handoff_imbalance_v1,handoff_divergence_fade_h13_tp06_sl065,-2.631500000000051,-3.681500000000051,-4.381500000000051,0,0,0,1,3.681500000000051,28.059999999999945,11.800000000000182,0.2771186440677908,15.559999999999945,0.06876606683805704,6.309999999999945,5.321000000000095,0.308,-1.0,,,13,3,5.0,2024
2024-06-03 13:00:00+00:00|-1.0|handoff_divergence_fade_h13_tp06_sl065,2024-06-03 13:00:00+00:00,STAGE28A,data/reports/stage28a_discovery_factory_batch_runner/stage28a_exact_trades.csv,session_handoff_imbalance_v1,handoff_divergence_fade_h13_tp06_sl065,-2.6175250000002053,-3.667525000000205,-4.367525000000205,0,0,0,1,3.667525000000205,5.870000000000346,10.070000000000164,0.5004965243296804,14.090000000000146,0.4499645138396082,4.450000000000273,5.673000000000025,0.444,-1.0,,,13,0,6.0,2024
2024-06-05 13:00:00+00:00|1.0|handoff_divergence_fade_h13_tp06_sl065,2024-06-05 13:00:00+00:00,STAGE28A,data/reports/stage28a_discovery_factory_batch_runner/stage28a_exact_trades.csv,session_handoff_imbalance_v1,handoff_divergence_fade_h13_tp06_sl065,1.3587999999998828,0.3087999999998829,-0.3912000000001168,1,0,1,0,0.3087999999998829,37.41000000000031,12.010000000000218,0.7993338884262893,13.579999999999927,0.3645066273932139,2.869999999999891,4.862499999999931,0.124,1.0,,,13,2,6.0,2024
2024-06-06 13:00:00+00:00|1.0|handoff_divergence_fade_h13_tp06_sl065,2024-06-06 13:00:00+00:00,STAGE28A,data/reports/stage28a_discovery_factory_batch_runner/stage28a_exact_trades.csv,session_handoff_imbalance_v1,handoff_divergence_fade_h13_tp06_sl065,-1.8144499999999424,-2.8644499999999424,-3.564449999999942,0,0,0,0,2.8644499999999424,31.670000000000073,20.389999999999873,0.564982834722906,12.929999999999836,0.5359628770301565,5.349999999999909,5.662499999999954,0.544,1.0,,,13,3,6.0,2024
2024-06-07 13:00:00+00:00|1.0|handoff_divergence_fade_h13_tp06_sl065,2024-06-07 13:00:00+00:00,STAGE28A,data/reports/stage28a_discovery_factory_batch_runner/stage28a_exact_trades.csv,session_handoff_imbalance_v1,handoff_divergence_fade_h13_tp06_sl065,-3.929549999999927,-4.979549999999927,-5.679549999999926,0,0,0,1,4.979549999999927,25.20999999999958,12.600000000000364,0.24920634920633192,50.42000000000007,0.8131693772312563,10.519999999999982,7.641499999999996,0.988,1.0,,,13,4,6.0,2024
2024-06-11 13:00:00+00:00|-1.0|handoff_divergence_fade_h13_tp06_sl065,2024-06-11 13:00:00+00:00,STAGE28A,data/reports/stage28a_discovery_factory_batch_runner/stage28a_exact_trades.csv,session_handoff_imbalance_v1,handoff_divergence_fade_h13_tp06_sl065,-1.9727250000001733,-3.022725000000173,-3.722725000000173,0,0,0,0,3.022725000000173,25.990000000000236,13.549999999999727,0.4479704797048181,9.990000000000236,0.2662662662662454,5.869999999999891,4.3929999999999385,0.068,-1.0,,,13,1,6.0,2024
2024-06-13 13:00:00+00:00|-1.0|handoff_divergence_fade_h13_tp06_sl065,2024-06-13 13:00:00+00:00,STAGE28A,data/reports/stage28a_discovery_factory_batch_runner/stage28a_exact_trades.csv,session_handoff_imbalance_v1,handoff_divergence_fade_h13_tp06_sl065,1.0606000000001583,0.0106000000001587,-0.689399999999841,1,0,0,0,0.0106000000001587,31.039999999999964,16.460000000000036,0.4696233292831106,9.580000000000382,0.12526096033400524,5.0300000000002,6.201499999999965,0.628,-1.0,,,13,3,6.0,2024
2024-06-18 13:00:00+00:00|1.0|handoff_divergence_fade_h13_tp06_sl065,2024-06-18 13:00:00+00:00,STAGE28A,data/reports/stage28a_discovery_factory_batch_runner/stage28a_exact_trades.csv,session_handoff_imbalance_v1,handoff_divergence_fade_h13_tp06_sl065,-1.736449999999968,-2.786449999999968,-3.486449999999968,0,0,0,0,2.786449999999968,23.170000000000073,6.5,0.5292307692307776,14.090000000000146,0.9488999290276939,3.3600000000001273,4.485500000000002,0.072,1.0,,,13,1,6.0,2024
2024-06-20 13:00:00+00:00|1.0|handoff_divergence_fade_h13_tp06_sl065,2024-06-20 13:00:00+00:00,STAGE28A,data/reports/stage28a_discovery_factory_batch_runner/stage28a_exact_trades.csv,session_handoff_imbalance_v1,handoff_divergence_fade_h13_tp06_sl065,1.169800000000032,0.1198000000000321,-0.5801999999999676,1,0,0,0,0.1198000000000321,11.2800000000002,11.260000000000218,0.3152753108348235,14.260000000000218,0.03366058906030932,4.130000000000109,3.9765000000000557,0.108,1.0,,,13,3,6.0,2024
2024-06-25 13:00:00+00:00|-1.0|handoff_divergence_fade_h13_tp06_sl065,2024-06-25 13:00:00+00:00,STAGE28A,data/reports/stage28a_discovery_factory_batch_runner/stage28a_exact_trades.csv,session_handoff_imbalance_v1,handoff_divergence_fade_h13_tp06_sl065,1.1572000000000116,0.1072000000000117,-0.592799999999988,1,0,0,0,0.1072000000000117,17.15000000000009,11.150000000000091,0.6852017937219969,11.319999999999709,0.7915194346289989,4.769999999999982,4.180999999999949,0.152,-1.0,,,13,1,6.0,2024
2024-06-28 13:00:00+00:00|-1.0|handoff_divergence_fade_h13_tp06_sl065,2024-06-28 13:00:00+00:00,STAGE28A,data/reports/stage28a_discovery_factory_batch_runner/stage28a_exact_trades.csv,session_handoff_imbalance_v1,handoff_divergence_fade_h13_tp06_sl065,0.9210999999999332,-0.1289000000000668,-0.8289000000000666,0,0,0,0,0.1289000000000668,34.58999999999969,9.269999999999982,0.5587918015102316,12.099999999999909,0.7033057851239527,3.0700000000001637,4.011000000000058,0.132,-1.0,,,13,4,6.0,2024
2024-07-02 13:00:00+00:00|-1.0|handoff_divergence_fade_h13_tp06_sl065,2024-07-02 13:00:00+00:00,STAGE28A,data/reports/stage28a_discovery_factory_batch_runner/stage28a_exact_trades.csv,session_handoff_imbalance_v1,handoff_divergence_fade_h13_tp06_sl065,-1.9850750000001427,-3.0350750000001425,-3.7350750000001423,0,0,0,0,3.0350750000001425,20.0,8.61999999999989,0.6705336426913943,9.099999999999909,0.1329670329670383,7.779999999999745,4.302500000000032,0.236,-1.0,,,13,1,7.0,2024
2024-07-04 13:00:00+00:00|-1.0|handoff_divergence_fade_h13_tp06_sl065,2024-07-04 13:00:00+00:00,STAGE28A,data/reports/stage28a_discovery_factory_batch_runner/stage28a_exact_trades.csv,session_handoff_imbalance_v1,handoff_divergence_fade_h13_tp06_sl065,-1.801774999999998,-2.8517749999999977,-3.551774999999997,0,0,0,0,2.8517749999999977,38.039999999999964,6.5900000000001455,0.12139605462824951,9.259999999999764,0.0377969762419409,3.4299999999998363,4.107499999999959,0.116,-1.0,,,13,3,7.0,2024
2024-07-09 13:00:00+00:00|1.0|handoff_divergence_fade_h13_tp06_sl065,2024-07-09 13:00:00+00:00,STAGE28A,data/reports/stage28a_discovery_factory_batch_runner/stage28a_exact_trades.csv,session_handoff_imbalance_v1,handoff_divergence_fade_h13_tp06_sl065,0.8670999999998458,-0.1829000000001541,-0.8829000000001539,0,0,0,0,0.1829000000001541,40.36999999999989,9.490000000000236,0.8303477344573144,10.409999999999854,0.3170028818443586,3.7400000000002365,4.889499999999975,0.476,1.0,,,13,1,7.0,2024
2024-07-18 13:00:00+00:00|1.0|handoff_divergence_fade_h13_tp06_sl065,2024-07-18 13:00:00+00:00,STAGE28A,data/reports/stage28a_discovery_factory_batch_runner/stage28a_exact_trades.csv,session_handoff_imbalance_v1,handoff_divergence_fade_h13_tp06_sl065,1.2031000000000858,0.1531000000000859,-0.5468999999999138,1,0,1,0,0.1531000000000859,32.25999999999976,11.519999999999982,0.7647569444444409,10.329999999999927,0.23523717328168958,3.099999999999909,6.02800000000002,0.692,1.0,,,13,3,7.0,2024
2024-07-24 13:00:00+00:00|1.0|handoff_divergence_fade_h13_tp06_sl065,2024-07-24 13:00:00+00:00,STAGE28A,data/reports/stage28a_discovery_factory_batch_runner/stage28a_exact_trades.csv,session_handoff_imbalance_v1,handoff_divergence_fade_h13_tp06_sl065,1.1721999999998842,0.1221999999998844,-0.5778000000001153,1,0,0,0,0.1221999999998844,23.950000000000273,13.399999999999636,0.53358208955226,9.379999999999654,0.32622601279323166,5.019999999999982,4.474999999999932,0.088,1.0,,,13,2,7.0,2024
2024-08-05 13:00:00+00:00|1.0|handoff_divergence_fade_h13_tp06_sl065,2024-08-05 13:00:00+00:00,STAGE28A,data/reports/stage28a_discovery_factory_batch_runner/stage28a_exact_trades.csv,session_handoff_imbalance_v1,handoff_divergence_fade_h13_tp06_sl065,-4.729050000000006,-5.779050000000007,-6.479050000000006,0,0,0,1,5.779050000000007,9.230000000000018,38.48999999999978,0.24941543257990176,39.67000000000007,0.6765817998487547,9.550000000000182,13.082000000000061,0.968,1.0,,,13,0,8.0,2024
2024-08-07 13:00:00+00:00|-1.0|handoff_divergence_fade_h13_tp06_sl065,2024-08-07 13:00:00+00:00,STAGE28A,data/reports/stage28a_discovery_factory_batch_runner/stage28a_exact_trades.csv,session_handoff_imbalance_v1,handoff_divergence_fade_h13_tp06_sl065,1.4797000000002298,0.42970000000023,-0.2702999999997697,1,0,1,0,0.42970000000023,36.63000000000011,11.710000000000036,0.22715627668657953,11.829999999999927,0.7007607776838558,3.930000000000291,6.822499999999991,0.396,-1.0,,,13,2,8.0,2024
2024-08-09 13:00:00+00:00|-1.0|handoff_divergence_fade_h13_tp06_sl065,2024-08-09 13:00:00+00:00,STAGE28A,data/reports/stage28a_discovery_factory_batch_runner/stage28a_exact_trades.csv,session_handoff_imbalance_v1,handoff_divergence_fade_h13_tp06_sl065,-2.058525000000009,-3.1085250000000086,-3.808525000000008,0,0,0,1,3.1085250000000086,47.190000000000055,9.679999999999836,0.4845041322314188,10.159999999999854,0.24606299212598778,2.9600000000000364,5.6220000000000026,0.092,-1.0,,,13,4,8.0,2024
2024-08-12 13:00:00+00:00|-1.0|handoff_divergence_fade_h13_tp06_sl065,2024-08-12 13:00:00+00:00,STAGE28A,data/reports/stage28a_discovery_factory_batch_runner/stage28a_exact_trades.csv,session_handoff_imbalance_v1,handoff_divergence_fade_h13_tp06_sl065,-2.00099999999984,-3.05099999999984,-3.75099999999984,0,0,0,0,3.05099999999984,6.519999999999982,9.389999999999873,0.19914802981894741,16.960000000000036,0.8384433962264283,4.480000000000018,4.683000000000016,0.028,-1.0,,,13,0,8.0,2024
2024-08-14 13:00:00+00:00|-1.0|handoff_divergence_fade_h13_tp06_sl065,2024-08-14 13:00:00+00:00,STAGE28A,data/reports/stage28a_discovery_factory_batch_runner/stage28a_exact_trades.csv,session_handoff_imbalance_v1,handoff_divergence_fade_h13_tp06_sl065,1.3234000000001287,0.2734000000001289,-0.4265999999998708,1,0,1,0,0.2734000000001289,18.51000000000022,17.210000000000036,0.2719349215572505,19.289999999999964,0.6174183514774431,4.269999999999982,5.153500000000031,0.036,-1.0,,,13,2,8.0,2024
2024-08-16 13:00:00+00:00|-1.0|handoff_divergence_fade_h13_tp06_sl065,2024-08-16 13:00:00+00:00,STAGE28A,data/reports/stage28a_discovery_factory_batch_runner/stage28a_exact_trades.csv,session_handoff_imbalance_v1,handoff_divergence_fade_h13_tp06_sl065,1.2151000000002568,0.1651000000002569,-0.5348999999997428,1,0,1,0,0.1651000000002569,37.90000000000009,9.2199999999998,0.26030368763559036,13.390000000000327,0.8110530246452473,3.0700000000001637,4.9780000000000655,0.04,-1.0,,,13,4,8.0,2024
2024-08-20 13:00:00+00:00|-1.0|handoff_divergence_fade_h13_tp06_sl065,2024-08-20 13:00:00+00:00,STAGE28A,data/reports/stage28a_discovery_factory_batch_runner/stage28a_exact_trades.csv,session_handoff_imbalance_v1,handoff_divergence_fade_h13_tp06_sl065,-2.902874999999858,-3.952874999999858,-4.652874999999858,0,0,0,1,3.952874999999858,23.800000000000182,9.5,0.2642105263157646,27.909999999999854,0.7115729129344404,5.519999999999982,5.144999999999982,0.08,-1.0,,,13,1,8.0,2024
2024-08-21 13:00:00+00:00|1.0|handoff_divergence_fade_h13_tp06_sl065,2024-08-21 13:00:00+00:00,STAGE28A,data/reports/stage28a_discovery_factory_batch_runner/stage28a_exact_trades.csv,session_handoff_imbalance_v1,handoff_divergence_fade_h13_tp06_sl065,1.5195999999999912,0.4695999999999913,-0.2304000000000083,1,0,1,0,0.4695999999999913,34.36999999999989,9.070000000000164,0.2987872105843426,15.009999999999764,0.7854763491006096,4.589999999999691,6.100000000000068,0.44,1.0,,,13,2,8.0,2024
2024-08-22 13:00:00+00:00|-1.0|handoff_divergence_fade_h13_tp06_sl065,2024-08-22 13:00:00+00:00,STAGE28A,data/reports/stage28a_discovery_factory_batch_runner/stage28a_exact_trades.csv,session_handoff_imbalance_v1,handoff_divergence_fade_h13_tp06_sl065,-2.4381250000002184,-3.488125000000218,-4.188125000000218,0,0,0,1,3.488125000000218,26.590000000000146,14.809999999999945,0.7758271438217609,11.340000000000146,0.4276895943562876,6.849999999999909,5.757500000000005,0.328,-1.0,,,13,3,8.0,2024
2024-08-26 13:00:00+00:00|-1.0|handoff_divergence_fade_h13_tp06_sl065,2024-08-26 13:00:00+00:00,STAGE28A,data/reports/stage28a_discovery_factory_batch_runner/stage28a_exact_trades.csv,session_handoff_imbalance_v1,handoff_divergence_fade_h13_tp06_sl065,-1.905449999999837,-2.955449999999837,-3.6554499999998367,0,0,0,0,2.955449999999837,3.9699999999998,7.550000000000182,0.3894039735099316,17.070000000000164,0.8904510837727081,2.1900000000000546,4.500499999999988,0.04,-1.0,,,13,0,8.0,2024
2024-08-27 13:00:00+00:00|-1.0|handoff_divergence_fade_h13_tp06_sl065,2024-08-27 13:00:00+00:00,STAGE28A,data/reports/stage28a_discovery_factory_batch_runner/stage28a_exact_trades.csv,session_handoff_imbalance_v1,handoff_divergence_fade_h13_tp06_sl065,-2.5223000000001776,-3.572300000000177,-4.272300000000177,0,0,0,1,3.572300000000177,18.050000000000182,11.989999999999782,0.6905754795662966,13.979999999999563,0.006437768240353958,5.670000000000073,5.167499999999973,0.196,-1.0,,,13,1,8.0,2024
2024-08-30 13:00:00+00:00|-1.0|handoff_divergence_fade_h13_tp06_sl065,2024-08-30 13:00:00+00:00,STAGE28A,data/reports/stage28a_discovery_factory_batch_runner/stage28a_exact_trades.csv,session_handoff_imbalance_v1,handoff_divergence_fade_h13_tp06_sl065,-2.382224999999926,-3.4322249999999257,-4.132224999999925,0,0,0,1,3.4322249999999257,25.059999999999945,9.490000000000236,0.7766069546891157,14.860000000000127,0.7301480484522084,4.180000000000291,4.791500000000019,0.088,-1.0,,,13,4,8.0,2024
2024-09-02 13:00:00+00:00|-1.0|handoff_divergence_fade_h13_tp06_sl065,2024-09-02 13:00:00+00:00,STAGE28A,data/reports/stage28a_discovery_factory_batch_runner/stage28a_exact_trades.csv,session_handoff_imbalance_v1,handoff_divergence_fade_h13_tp06_sl065,1.5183999999998377,0.4683999999998378,-0.2316000000001619,1,0,1,0,0.4683999999998378,3.4899999999997817,14.970000000000255,0.4736138944555795,12.0,0.2233333333333197,8.429999999999836,5.336000000000013,0.324,-1.0,,,13,0,9.0,2024
2024-09-03 13:00:00+00:00|-1.0|handoff_divergence_fade_h13_tp06_sl065,2024-09-03 13:00:00+00:00,STAGE28A,data/reports/stage28a_discovery_factory_batch_runner/stage28a_exact_trades.csv,session_handoff_imbalance_v1,handoff_divergence_fade_h13_tp06_sl065,1.089100000000053,0.0391000000000532,-0.6608999999999465,1,0,0,0,0.0391000000000532,17.240000000000236,10.08999999999969,0.2775024777007203,13.659999999999854,0.4612005856515223,4.1599999999998545,3.5479999999999334,0.016,-1.0,,,13,1,9.0,2024
2024-09-04 13:00:00+00:00|1.0|handoff_divergence_fade_h13_tp06_sl065,2024-09-04 13:00:00+00:00,STAGE28A,data/reports/stage28a_discovery_factory_batch_runner/stage28a_exact_trades.csv,session_handoff_imbalance_v1,handoff_divergence_fade_h13_tp06_sl065,1.741899999999896,0.691899999999896,-0.0081000000001036,1,0,1,0,0.691899999999896,32.80000000000018,5.679999999999836,0.32922535211266635,24.890000000000327,0.5355564483728488,11.41000000000031,5.5715000000000146,0.468,1.0,,,13,2,9.0,2024
2024-09-05 13:00:00+00:00|-1.0|handoff_divergence_fade_h13_tp06_sl065,2024-09-05 13:00:00+00:00,STAGE28A,data/reports/stage28a_discovery_factory_batch_runner/stage28a_exact_trades.csv,session_handoff_imbalance_v1,handoff_divergence_fade_h13_tp06_sl065,1.4751999999997678,0.425199999999768,-0.2748000000002317,1,0,1,0,0.425199999999768,28.620000000000346,4.880000000000109,0.08811475409832514,23.409999999999854,0.8821016659547296,2.519999999999982,4.613000000000056,0.132,-1.0,,,13,3,9.0,2024
2024-09-06 13:00:00+00:00|1.0|handoff_divergence_fade_h13_tp06_sl065,2024-09-06 13:00:00+00:00,STAGE28A,data/reports/stage28a_discovery_factory_batch_runner/stage28a_exact_trades.csv,session_handoff_imbalance_v1,handoff_divergence_fade_h13_tp06_sl065,-1.627250000000095,-2.6772500000000945,-3.3772500000000942,0,0,0,0,2.6772500000000945,29.690000000000055,5.369999999999891,0.3873370577281135,6.360000000000127,0.14622641509431095,3.480000000000018,3.726999999999953,0.024,1.0,,,13,4,9.0,2024
2024-09-09 13:00:00+00:00|1.0|handoff_divergence_fade_h13_tp06_sl065,2024-09-09 13:00:00+00:00,STAGE28A,data/reports/stage28a_discovery_factory_batch_runner/stage28a_exact_trades.csv,session_handoff_imbalance_v1,handoff_divergence_fade_h13_tp06_sl065,1.7368000000000392,0.6868000000000394,-0.0131999999999603,1,0,1,0,0.6868000000000394,2.3200000000001637,5.6599999999998545,0.2473498233215772,13.860000000000127,0.20923520923521388,5.550000000000182,6.155499999999961,0.812,1.0,,,13,0,9.0,2024
2024-09-17 13:00:00+00:00|-1.0|handoff_divergence_fade_h13_tp06_sl065,2024-09-17 13:00:00+00:00,STAGE28A,data/reports/stage28a_discovery_factory_batch_runner/stage28a_exact_trades.csv,session_handoff_imbalance_v1,handoff_divergence_fade_h13_tp06_sl065,-2.247350000000188,-3.297350000000188,-3.9973500000001874,0,0,0,1,3.297350000000188,14.300000000000182,9.539999999999964,0.6006289308176143,15.289999999999964,0.23806409417919433,8.460000000000036,4.588000000000102,0.228,-1.0,,,13,1,9.0,2024
2024-09-18 13:00:00+00:00|1.0|handoff_divergence_fade_h13_tp06_sl065,2024-09-18 13:00:00+00:00,STAGE28A,data/reports/stage28a_discovery_factory_batch_runner/stage28a_exact_trades.csv,session_handoff_imbalance_v1,handoff_divergence_fade_h13_tp06_sl065,0.8742999999998574,-0.1757000000001425,-0.8757000000001423,0,0,0,0,0.1757000000001425,26.2199999999998,8.230000000000018,0.6342648845686255,10.759999999999764,0.369888475836441,3.9899999999997817,5.132999999999948,0.488,1.0,,,13,2,9.0,2024
2024-09-23 13:00:00+00:00|1.0|handoff_divergence_fade_h13_tp06_sl065,2024-09-23 13:00:00+00:00,STAGE28A,data/reports/stage28a_discovery_factory_batch_runner/stage28a_exact_trades.csv,session_handoff_imbalance_v1,handoff_divergence_fade_h13_tp06_sl065,-2.2769250000002104,-3.32692500000021,-4.02692500000021,0,0,0,1,3.32692500000021,3.6200000000003456,14.989999999999782,0.5376917945297209,17.51000000000022,0.39634494574528656,6.6599999999998545,5.1084999999999585,0.396,1.0,,,13,0,9.0,2024
2024-09-24 13:00:00+00:00|1.0|handoff_divergence_fade_h13_tp06_sl065,2024-09-24 13:00:00+00:00,STAGE28A,data/reports/stage28a_discovery_factory_batch_runner/stage28a_exact_trades.csv,session_handoff_imbalance_v1,handoff_divergence_fade_h13_tp06_sl065,1.6923999999998158,0.642399999999816,-0.0576000000001837,1,0,1,0,0.642399999999816,21.01000000000022,12.349999999999909,0.5344129554655837,17.549999999999727,0.1908831908832146,3.75,4.588500000000022,0.172,1.0,,,13,1,9.0,2024
2024-09-25 13:00:00+00:00|1.0|handoff_divergence_fade_h13_tp06_sl065,2024-09-25 13:00:00+00:00,STAGE28A,data/reports/stage28a_discovery_factory_batch_runner/stage28a_exact_trades.csv,session_handoff_imbalance_v1,handoff_divergence_fade_h13_tp06_sl065,1.4751999999997678,0.425199999999768,-0.2748000000002317,1,0,1,0,0.425199999999768,41.76999999999998,15.13000000000011,0.15333773959019778,10.159999999999854,0.4498031496063218,4.919999999999618,6.537499999999954,0.724,1.0,,,13,2,9.0,2024
2024-09-27 13:00:00+00:00|1.0|handoff_divergence_fade_h13_tp06_sl065,2024-09-27 13:00:00+00:00,STAGE28A,data/reports/stage28a_discovery_factory_batch_runner/stage28a_exact_trades.csv,session_handoff_imbalance_v1,handoff_divergence_fade_h13_tp06_sl065,1.5399999999998726,0.4899999999998727,-0.2100000000001269,1,0,1,0,0.4899999999998727,30.809999999999945,7.579999999999927,0.14775725593666247,15.519999999999982,0.6359536082474457,6.569999999999709,5.522500000000036,0.448,1.0,,,13,4,9.0,2024
2024-10-04 13:00:00+00:00|1.0|handoff_divergence_fade_h13_tp06_sl065,2024-10-04 13:00:00+00:00,STAGE28A,data/reports/stage28a_discovery_factory_batch_runner/stage28a_exact_trades.csv,session_handoff_imbalance_v1,handoff_divergence_fade_h13_tp06_sl065,0.9648999999998524,-0.0851000000001476,-0.7851000000001473,0,0,0,0,0.0851000000001476,25.61999999999989,9.210000000000036,0.5570032573289999,11.019999999999982,0.33212341197820877,3.3200000000001637,4.973000000000002,0.116,1.0,,,13,4,10.0,2024
2024-10-07 13:00:00+00:00|-1.0|handoff_divergence_fade_h13_tp06_sl065,2024-10-07 13:00:00+00:00,STAGE28A,data/reports/stage28a_discovery_factory_batch_runner/stage28a_exact_trades.csv,session_handoff_imbalance_v1,handoff_divergence_fade_h13_tp06_sl065,1.3992999999999485,0.3492999999999484,-0.3507000000000513,1,0,1,0,0.3492999999999484,2.680000000000291,8.609999999999673,0.3832752613240775,17.8100000000004,0.5081414935429522,6.620000000000346,6.27000000000005,0.484,-1.0,,,13,0,10.0,2024
2024-10-11 13:00:00+00:00|1.0|handoff_divergence_fade_h13_tp06_sl065,2024-10-11 13:00:00+00:00,STAGE28A,data/reports/stage28a_discovery_factory_batch_runner/stage28a_exact_trades.csv,session_handoff_imbalance_v1,handoff_divergence_fade_h13_tp06_sl065,1.2400000000001454,0.1900000000001456,-0.5099999999998541,1,0,1,0,0.1900000000001456,25.800000000000182,17.980000000000018,0.9566184649610567,10.989999999999782,0.6960873521383296,5.529999999999745,6.082500000000005,0.34,1.0,,,13,4,10.0,2024
2024-10-15 13:00:00+00:00|-1.0|handoff_divergence_fade_h13_tp06_sl065,2024-10-15 13:00:00+00:00,STAGE28A,data/reports/stage28a_discovery_factory_batch_runner/stage28a_exact_trades.csv,session_handoff_imbalance_v1,handoff_divergence_fade_h13_tp06_sl065,1.4419000000001687,0.3919000000001689,-0.3080999999998308,1,0,1,0,0.3919000000001689,23.659999999999854,8.349999999999909,0.5185628742514939,17.829999999999927,0.448121144139081,4.460000000000036,4.957000000000017,0.056,-1.0,,,13,1,10.0,2024
2024-10-18 13:00:00+00:00|1.0|handoff_divergence_fade_h13_tp06_sl065,2024-10-18 13:00:00+00:00,STAGE28A,data/reports/stage28a_discovery_factory_batch_runner/stage28a_exact_trades.csv,session_handoff_imbalance_v1,handoff_divergence_fade_h13_tp06_sl065,-2.37539999999999,-3.4253999999999905,-4.12539999999999,0,0,0,1,3.4253999999999905,23.579999999999927,20.360000000000127,0.849214145383097,12.329999999999927,0.11678832116788833,7.010000000000218,5.587500000000046,0.272,1.0,,,13,4,10.0,2024
2024-10-21 13:00:00+00:00|1.0|handoff_divergence_fade_h13_tp06_sl065,2024-10-21 13:00:00+00:00,STAGE28A,data/reports/stage28a_discovery_factory_batch_runner/stage28a_exact_trades.csv,session_handoff_imbalance_v1,handoff_divergence_fade_h13_tp06_sl065,1.3311999999999895,0.2811999999999899,-0.4188000000000098,1,0,1,0,0.2811999999999899,4.5300000000002,13.570000000000164,0.585851142225477,13.420000000000073,0.21833084947837708,6.160000000000309,4.8650000000001,0.048,1.0,,,13,0,10.0,2024
2024-10-23 13:00:00+00:00|-1.0|handoff_divergence_fade_h13_tp06_sl065,2024-10-23 13:00:00+00:00,STAGE28A,data/reports/stage28a_discovery_factory_batch_runner/stage28a_exact_trades.csv,session_handoff_imbalance_v1,handoff_divergence_fade_h13_tp06_sl065,-1.94152499999982,-2.9915249999998195,-3.691524999999819,0,0,0,0,2.9915249999998195,30.76000000000022,10.180000000000291,0.1237721021611181,13.070000000000164,0.3458301453710731,7.739999999999782,5.100499999999988,0.1,-1.0,,,13,2,10.0,2024
2024-10-29 13:00:00+00:00|1.0|handoff_divergence_fade_h13_tp06_sl065,2024-10-29 13:00:00+00:00,STAGE28A,data/reports/stage28a_discovery_factory_batch_runner/stage28a_exact_trades.csv,session_handoff_imbalance_v1,handoff_divergence_fade_h13_tp06_sl065,-2.1140999999998717,-3.164099999999871,-3.864099999999871,0,0,0,1,3.164099999999871,21.190000000000055,18.070000000000164,0.8096292197011609,10.590000000000146,0.47969782813974104,5.789999999999964,4.903000000000043,0.092,1.0,,,13,1,10.0,2024
2024-11-01 13:00:00+00:00|1.0|handoff_divergence_fade_h13_tp06_sl065,2024-11-01 13:00:00+00:00,STAGE28A,data/reports/stage28a_discovery_factory_batch_runner/stage28a_exact_trades.csv,session_handoff_imbalance_v1,handoff_divergence_fade_h13_tp06_sl065,1.5505000000001927,0.5005000000001929,-0.1994999999998068,1,0,1,0,0.5005000000001929,58.65000000000009,9.6899999999996,0.9195046439629182,12.86999999999989,0.20512820512819696,6.980000000000018,5.167999999999983,0.18,1.0,,,13,4,11.0,2024
2024-11-05 13:00:00+00:00|-1.0|handoff_divergence_fade_h13_tp06_sl065,2024-11-05 13:00:00+00:00,STAGE28A,data/reports/stage28a_discovery_factory_batch_runner/stage28a_exact_trades.csv,session_handoff_imbalance_v1,handoff_divergence_fade_h13_tp06_sl065,-2.3714999999998327,-3.421499999999833,-4.121499999999832,0,0,0,1,3.421499999999833,18.789999999999964,13.260000000000218,0.12141779788835944,13.2800000000002,0.2567771084337201,4.639999999999873,5.242500000000041,0.188,-1.0,,,13,1,11.0,2024
2024-11-07 13:00:00+00:00|-1.0|handoff_divergence_fade_h13_tp06_sl065,2024-11-07 13:00:00+00:00,STAGE28A,data/reports/stage28a_discovery_factory_batch_runner/stage28a_exact_trades.csv,session_handoff_imbalance_v1,handoff_divergence_fade_h13_tp06_sl065,-2.8863000000002104,-3.93630000000021,-4.63630000000021,0,0,0,1,3.93630000000021,97.4399999999996,20.88000000000011,0.45545977011492883,15.579999999999927,0.7676508344030868,8.550000000000182,8.320500000000038,0.888,-1.0,,,13,3,11.0,2024
2024-11-15 13:00:00+00:00|1.0|handoff_divergence_fade_h13_tp06_sl065,2024-11-15 13:00:00+00:00,STAGE28A,data/reports/stage28a_discovery_factory_batch_runner/stage28a_exact_trades.csv,session_handoff_imbalance_v1,handoff_divergence_fade_h13_tp06_sl065,1.6492000000002007,0.5992000000002009,-0.1007999999997988,1,0,1,0,0.5992000000002009,44.54999999999973,8.599999999999909,0.02325581395346747,15.809999999999945,0.039848197343460554,7.339999999999691,6.577499999999918,0.244,1.0,,,13,4,11.0,2024
2024-11-20 13:00:00+00:00|1.0|handoff_divergence_fade_h13_tp06_sl065,2024-11-20 13:00:00+00:00,STAGE28A,data/reports/stage28a_discovery_factory_batch_runner/stage28a_exact_trades.csv,session_handoff_imbalance_v1,handoff_divergence_fade_h13_tp06_sl065,1.4776000000000749,0.427600000000075,-0.2723999999999247,1,0,1,0,0.427600000000075,29.179999999999836,10.159999999999854,0.14763779527559268,19.740000000000236,0.5916919959472997,5.2400000000002365,4.97000000000005,0.004,1.0,,,13,2,11.0,2024
2024-11-25 13:00:00+00:00|-1.0|handoff_divergence_fade_h13_tp06_sl065,2024-11-25 13:00:00+00:00,STAGE28A,data/reports/stage28a_discovery_factory_batch_runner/stage28a_exact_trades.csv,session_handoff_imbalance_v1,handoff_divergence_fade_h13_tp06_sl065,2.1141999999998915,1.0641999999998917,0.3641999999998919,1,1,1,0,1.0641999999998917,16.51000000000022,62.039999999999964,0.7633784655061202,19.73999999999978,0.26443768996959766,9.129999999999654,10.903500000000031,0.972,-1.0,,,13,0,11.0,2024
2024-11-26 13:00:00+00:00|1.0|handoff_divergence_fade_h13_tp06_sl065,2024-11-26 13:00:00+00:00,STAGE28A,data/reports/stage28a_discovery_factory_batch_runner/stage28a_exact_trades.csv,session_handoff_imbalance_v1,handoff_divergence_fade_h13_tp06_sl065,2.022400000000198,0.972400000000198,0.2724000000001982,1,1,1,0,0.972400000000198,111.38000000000011,27.059999999999945,0.588322246858836,22.259999999999764,0.22192273135669843,8.079999999999927,10.456500000000005,0.876,1.0,,,13,1,11.0,2024
2024-11-28 13:00:00+00:00|-1.0|handoff_divergence_fade_h13_tp06_sl065,2024-11-28 13:00:00+00:00,STAGE28A,data/reports/stage28a_discovery_factory_batch_runner/stage28a_exact_trades.csv,session_handoff_imbalance_v1,handoff_divergence_fade_h13_tp06_sl065,1.4176000000001294,0.3676000000001296,-0.3323999999998701,1,0,1,0,0.3676000000001296,31.329999999999927,17.48999999999978,0.33390508862208224,19.41000000000031,0.8377125193199126,4.7400000000002365,6.230499999999961,0.248,-1.0,,,13,3,11.0,2024
2024-12-02 13:00:00+00:00|-1.0|handoff_divergence_fade_h13_tp06_sl065,2024-12-02 13:00:00+00:00,STAGE28A,data/reports/stage28a_discovery_factory_batch_runner/stage28a_exact_trades.csv,session_handoff_imbalance_v1,handoff_divergence_fade_h13_tp06_sl065,1.7040999999998347,0.6540999999998349,-0.0459000000001648,1,0,1,0,0.6540999999998349,9.420000000000073,29.420000000000073,0.5849762066621343,15.789999999999964,0.45725142495248994,4.349999999999909,8.745500000000016,0.808,-1.0,,,13,0,12.0,2024
2024-12-03 13:00:00+00:00|-1.0|handoff_divergence_fade_h13_tp06_sl065,2024-12-03 13:00:00+00:00,STAGE28A,data/reports/stage28a_discovery_factory_batch_runner/stage28a_exact_trades.csv,session_handoff_imbalance_v1,handoff_divergence_fade_h13_tp06_sl065,-2.198599999999806,-3.2485999999998056,-3.948599999999805,0,0,0,1,3.2485999999998056,30.550000000000182,11.13000000000011,0.21024258760104833,12.860000000000127,0.21228615863141456,3.1700000000000728,5.37699999999993,0.068,-1.0,,,13,1,12.0,2024
2024-12-04 13:00:00+00:00|1.0|handoff_divergence_fade_h13_tp06_sl065,2024-12-04 13:00:00+00:00,STAGE28A,data/reports/stage28a_discovery_factory_batch_runner/stage28a_exact_trades.csv,session_handoff_imbalance_v1,handoff_divergence_fade_h13_tp06_sl065,1.2306999999999788,0.180699999999979,-0.5193000000000207,1,0,1,0,0.180699999999979,21.43000000000029,10.960000000000036,0.5136861313868696,14.930000000000291,0.282652377762905,4.269999999999982,5.29050000000002,0.044,1.0,,,13,2,12.0,2024
2024-12-06 13:00:00+00:00|1.0|handoff_divergence_fade_h13_tp06_sl065,2024-12-06 13:00:00+00:00,STAGE28A,data/reports/stage28a_discovery_factory_batch_runner/stage28a_exact_trades.csv,session_handoff_imbalance_v1,handoff_divergence_fade_h13_tp06_sl065,-2.3988000000000285,-3.4488000000000283,-4.148800000000028,0,0,0,1,3.4488000000000283,32.26999999999998,32.11999999999989,0.2624533001245288,12.33999999999969,0.6345218800648398,7.460000000000036,7.382499999999959,0.624,1.0,,,13,4,12.0,2024
2024-12-09 13:00:00+00:00|-1.0|handoff_divergence_fade_h13_tp06_sl065,2024-12-09 13:00:00+00:00,STAGE28A,data/reports/stage28a_discovery_factory_batch_runner/stage28a_exact_trades.csv,session_handoff_imbalance_v1,handoff_divergence_fade_h13_tp06_sl065,-2.1706500000001143,-3.220650000000114,-3.920650000000114,0,0,0,1,3.220650000000114,11.929999999999836,23.019999999999982,0.1776715899218136,22.470000000000255,0.9577214063195255,4.860000000000127,7.803999999999997,0.664,-1.0,,,13,0,12.0,2024
2024-12-10 13:00:00+00:00|1.0|handoff_divergence_fade_h13_tp06_sl065,2024-12-10 13:00:00+00:00,STAGE28A,data/reports/stage28a_discovery_factory_batch_runner/stage28a_exact_trades.csv,session_handoff_imbalance_v1,handoff_divergence_fade_h13_tp06_sl065,1.5669999999999162,0.5169999999999164,-0.1830000000000833,1,0,1,0,0.5169999999999164,48.84999999999991,15.91000000000031,0.6140791954745598,15.539999999999964,0.3301158301158379,12.319999999999709,5.638500000000022,0.124,1.0,,,13,1,12.0,2024
2024-12-11 13:00:00+00:00|-1.0|handoff_divergence_fade_h13_tp06_sl065,2024-12-11 13:00:00+00:00,STAGE28A,data/reports/stage28a_discovery_factory_batch_runner/stage28a_exact_trades.csv,session_handoff_imbalance_v1,handoff_divergence_fade_h13_tp06_sl065,-3.130699999999797,-4.180699999999797,-4.880699999999797,0,0,0,1,4.180699999999797,38.01999999999998,21.779999999999745,0.5335169880624439,25.350000000000364,0.3932938856015823,7.4900000000002365,7.634500000000026,0.756,-1.0,,,13,2,12.0,2024
2024-12-12 13:00:00+00:00|-1.0|handoff_divergence_fade_h13_tp06_sl065,2024-12-12 13:00:00+00:00,STAGE28A,data/reports/stage28a_discovery_factory_batch_runner/stage28a_exact_trades.csv,session_handoff_imbalance_v1,handoff_divergence_fade_h13_tp06_sl065,-2.476800000000003,-3.526800000000003,-4.2268000000000026,0,0,0,1,3.526800000000003,46.590000000000146,26.139999999999873,0.2895944912012319,10.640000000000327,0.09586466165413068,6.0,6.914999999999987,0.592,-1.0,,,13,3,12.0,2024
2024-12-13 13:00:00+00:00|1.0|handoff_divergence_fade_h13_tp06_sl065,2024-12-13 13:00:00+00:00,STAGE28A,data/reports/stage28a_discovery_factory_batch_runner/stage28a_exact_trades.csv,session_handoff_imbalance_v1,handoff_divergence_fade_h13_tp06_sl065,1.858900000000085,0.8089000000000852,0.1089000000000854,1,1,1,0,0.8089000000000852,51.2199999999998,13.740000000000236,0.4832605531295312,25.5,0.8109803921568741,5.059999999999945,6.2040000000000415,0.296,1.0,,,13,4,12.0,2024
2024-12-18 13:00:00+00:00|-1.0|handoff_divergence_fade_h13_tp06_sl065,2024-12-18 13:00:00+00:00,STAGE28A,data/reports/stage28a_discovery_factory_batch_runner/stage28a_exact_trades.csv,session_handoff_imbalance_v1,handoff_divergence_fade_h13_tp06_sl065,1.029399999999805,-0.0206000000001949,-0.7206000000001946,0,0,0,0,0.0206000000001949,25.659999999999854,9.079999999999927,0.2444933920704645,7.559999999999945,0.42857142857146296,3.1700000000000728,4.38100000000004,0.004,-1.0,,,13,2,12.0,2024
2024-12-24 13:00:00+00:00|1.0|handoff_divergence_fade_h13_tp06_sl065,2024-12-24 13:00:00+00:00,STAGE28A,data/reports/stage28a_discovery_factory_batch_runner/stage28a_exact_trades.csv,session_handoff_imbalance_v1,handoff_divergence_fade_h13_tp06_sl065,-1.6906249999998182,-2.740624999999818,-3.4406249999998177,0,0,0,0,2.740624999999818,25.279999999999745,8.889999999999873,0.5129358830146243,8.309999999999945,0.5571600481347941,4.7199999999998,4.0959999999999805,0.008,1.0,,,13,1,12.0,2024
2024-12-27 13:00:00+00:00|1.0|handoff_divergence_fade_h13_tp06_sl065,2024-12-27 13:00:00+00:00,STAGE28A,data/reports/stage28a_discovery_factory_batch_runner/stage28a_exact_trades.csv,session_handoff_imbalance_v1,handoff_divergence_fade_h13_tp06_sl065,1.2229000000001178,0.1729000000001179,-0.5270999999998818,1,0,1,0,0.1729000000001179,26.139999999999873,6.550000000000182,0.14656488549618468,14.829999999999927,0.4686446392447641,4.510000000000218,4.311000000000059,0.104,1.0,,,13,4,12.0,2024
2024-12-31 13:00:00+00:00|-1.0|handoff_divergence_fade_h13_tp06_sl065,2024-12-31 13:00:00+00:00,STAGE28A,data/reports/stage28a_discovery_factory_batch_runner/stage28a_exact_trades.csv,session_handoff_imbalance_v1,handoff_divergence_fade_h13_tp06_sl065,-1.9938499999999293,-3.0438499999999293,-3.743849999999929,0,0,0,0,3.0438499999999293,32.159999999999854,8.059999999999945,0.01488833746896919,15.179999999999836,0.33596837944663793,4.809999999999945,4.7085000000000035,0.272,-1.0,,,13,1,12.0,2024
2025-01-03 13:00:00+00:00|1.0|handoff_divergence_fade_h13_tp06_sl065,2025-01-03 13:00:00+00:00,STAGE28A,data/reports/stage28a_discovery_factory_batch_runner/stage28a_exact_trades.csv,session_handoff_imbalance_v1,handoff_divergence_fade_h13_tp06_sl065,-2.1612249999999222,-3.211224999999922,-3.911224999999922,0,0,0,1,3.211224999999922,38.73000000000002,9.019999999999982,0.5000000000000252,13.019999999999982,0.40476190476190393,4.799999999999727,5.378500000000008,0.432,1.0,,,13,4,1.0,2025
2025-01-08 13:00:00+00:00|-1.0|handoff_divergence_fade_h13_tp06_sl065,2025-01-08 13:00:00+00:00,STAGE28A,data/reports/stage28a_discovery_factory_batch_runner/stage28a_exact_trades.csv,session_handoff_imbalance_v1,handoff_divergence_fade_h13_tp06_sl065,0.8958999999998923,-0.1541000000001076,-0.8541000000001073,0,0,0,0,0.1541000000001076,31.429999999999836,6.260000000000218,0.4536741214056856,8.420000000000073,0.7304038004750639,2.4900000000002365,4.52950000000003,0.188,-1.0,,,13,2,1.0,2025
2025-01-09 13:00:00+00:00|-1.0|handoff_divergence_fade_h13_tp06_sl065,2025-01-09 13:00:00+00:00,STAGE28A,data/reports/stage28a_discovery_factory_batch_runner/stage28a_exact_trades.csv,session_handoff_imbalance_v1,handoff_divergence_fade_h13_tp06_sl065,1.3663000000000465,0.3163000000000466,-0.3836999999999531,1,0,1,0,0.3163000000000466,24.700000000000273,7.650000000000091,0.44836601307192814,10.929999999999836,0.7758462946020261,4.129999999999654,5.8055000000000065,0.696,-1.0,,,13,3,1.0,2025
2025-01-14 13:00:00+00:00|1.0|handoff_divergence_fade_h13_tp06_sl065,2025-01-14 13:00:00+00:00,STAGE28A,data/reports/stage28a_discovery_factory_batch_runner/stage28a_exact_trades.csv,session_handoff_imbalance_v1,handoff_divergence_fade_h13_tp06_sl065,1.264599999999882,0.2145999999998822,-0.4854000000001175,1,0,1,0,0.2145999999998822,36.73000000000002,12.5300000000002,0.4333599361532123,10.629999999999654,0.644402634054575,4.190000000000055,5.336000000000013,0.32,1.0,,,13,1,1.0,2025
2025-01-17 13:00:00+00:00|1.0|handoff_divergence_fade_h13_tp06_sl065,2025-01-17 13:00:00+00:00,STAGE28A,data/reports/stage28a_discovery_factory_batch_runner/stage28a_exact_trades.csv,session_handoff_imbalance_v1,handoff_divergence_fade_h13_tp06_sl065,-1.9278749999999487,-2.977874999999949,-3.6778749999999487,0,0,0,0,2.977874999999949,34.73000000000002,7.489999999999782,0.006675567423255454,12.769999999999982,0.8433829287392324,3.4299999999998363,4.174500000000012,0.036,1.0,,,13,4,1.0,2025
2025-01-21 13:00:00+00:00|1.0|handoff_divergence_fade_h13_tp06_sl065,2025-01-21 13:00:00+00:00,STAGE28A,data/reports/stage28a_discovery_factory_batch_runner/stage28a_exact_trades.csv,session_handoff_imbalance_v1,handoff_divergence_fade_h13_tp06_sl065,1.8007000000001423,0.7507000000001427,0.0507000000001429,1,1,1,0,0.7507000000001427,24.550000000000182,25.09999999999991,0.6749003984063792,15.799999999999727,0.4974683544303964,5.150000000000091,6.870499999999993,0.92,1.0,,,13,1,1.0,2025
2025-01-27 13:00:00+00:00|-1.0|handoff_divergence_fade_h13_tp06_sl065,2025-01-27 13:00:00+00:00,STAGE28A,data/reports/stage28a_discovery_factory_batch_runner/stage28a_exact_trades.csv,session_handoff_imbalance_v1,handoff_divergence_fade_h13_tp06_sl065,-2.882725000000028,-3.932725000000028,-4.632725000000027,0,0,0,1,3.932725000000028,5.839999999999691,18.460000000000036,0.49620801733476905,23.769999999999982,0.4030290281867873,8.210000000000036,6.233999999999992,0.744,-1.0,,,13,0,1.0,2025
2025-01-29 13:00:00+00:00|-1.0|handoff_divergence_fade_h13_tp06_sl065,2025-01-29 13:00:00+00:00,STAGE28A,data/reports/stage28a_discovery_factory_batch_runner/stage28a_exact_trades.csv,session_handoff_imbalance_v1,handoff_divergence_fade_h13_tp06_sl065,1.017999999999938,-0.0320000000000617,-0.7320000000000615,0,0,0,0,0.0320000000000617,30.639999999999873,4.730000000000018,0.061310782241006875,8.909999999999854,0.48260381593717755,6.360000000000127,3.4740000000000237,0.012,-1.0,,,13,2,1.0,2025
2025-02-03 13:00:00+00:00|-1.0|handoff_divergence_fade_h13_tp06_sl065,2025-02-03 13:00:00+00:00,STAGE28A,data/reports/stage28a_discovery_factory_batch_runner/stage28a_exact_trades.csv,session_handoff_imbalance_v1,handoff_divergence_fade_h13_tp06_sl065,1.898500000000149,0.8485000000001492,0.1485000000001495,1,1,1,0,0.8485000000001492,20.699999999999818,31.9699999999998,0.37566468564278505,20.809999999999945,0.8279673234022136,7.130000000000109,9.304999999999973,0.984,-1.0,,,13,0,2.0,2025
2025-02-12 13:00:00+00:00|-1.0|handoff_divergence_fade_h13_tp06_sl065,2025-02-12 13:00:00+00:00,STAGE28A,data/reports/stage28a_discovery_factory_batch_runner/stage28a_exact_trades.csv,session_handoff_imbalance_v1,handoff_divergence_fade_h13_tp06_sl065,-3.019225000000097,-4.069225000000097,-4.769225000000096,0,0,0,1,4.069225000000097,60.9399999999996,17.070000000000164,0.7861745752782627,16.440000000000055,0.15815085158150247,10.550000000000182,7.384500000000003,0.508,-1.0,,,13,2,2.0,2025
2025-02-13 13:00:00+00:00|1.0|handoff_divergence_fade_h13_tp06_sl065,2025-02-13 13:00:00+00:00,STAGE28A,data/reports/stage28a_discovery_factory_batch_runner/stage28a_exact_trades.csv,session_handoff_imbalance_v1,handoff_divergence_fade_h13_tp06_sl065,1.8888999999998304,0.8388999999998306,0.1388999999998308,1,1,1,0,0.8388999999998306,45.38000000000011,18.759999999999764,0.6780383795309147,13.460000000000036,0.05274888558692678,5.619999999999891,6.579499999999916,0.248,1.0,,,13,3,2.0,2025
2025-02-14 13:00:00+00:00|-1.0|handoff_divergence_fade_h13_tp06_sl065,2025-02-14 13:00:00+00:00,STAGE28A,data/reports/stage28a_discovery_factory_batch_runner/stage28a_exact_trades.csv,session_handoff_imbalance_v1,handoff_divergence_fade_h13_tp06_sl065,-2.454049999999916,-3.5040499999999155,-4.204049999999915,0,0,0,1,3.5040499999999155,31.13000000000011,10.860000000000127,0.24677716390425963,13.309999999999945,0.5416979714500425,5.789999999999964,5.694999999999959,0.072,-1.0,,,13,4,2.0,2025
2025-02-19 13:00:00+00:00|-1.0|handoff_divergence_fade_h13_tp06_sl065,2025-02-19 13:00:00+00:00,STAGE28A,data/reports/stage28a_discovery_factory_batch_runner/stage28a_exact_trades.csv,session_handoff_imbalance_v1,handoff_divergence_fade_h13_tp06_sl065,-2.280174999999963,-3.330174999999963,-4.0301749999999625,0,0,0,1,3.330174999999963,45.25,15.480000000000018,0.31330749354004545,19.0,0.8199999999999962,4.399999999999636,6.214499999999953,0.184,-1.0,,,13,2,2.0,2025
2025-02-21 13:00:00+00:00|-1.0|handoff_divergence_fade_h13_tp06_sl065,2025-02-21 13:00:00+00:00,STAGE28A,data/reports/stage28a_discovery_factory_batch_runner/stage28a_exact_trades.csv,session_handoff_imbalance_v1,handoff_divergence_fade_h13_tp06_sl065,1.6804000000000996,0.6304000000000998,-0.0695999999998999,1,0,1,0,0.6304000000000998,30.779999999999745,23.40000000000009,0.5564102564102534,17.309999999999945,0.11900635470825835,2.119999999999891,7.984000000000037,0.616,-1.0,,,13,4,2.0,2025
2025-02-25 13:00:00+00:00|-1.0|handoff_divergence_fade_h13_tp06_sl065,2025-02-25 13:00:00+00:00,STAGE28A,data/reports/stage28a_discovery_factory_batch_runner/stage28a_exact_trades.csv,session_handoff_imbalance_v1,handoff_divergence_fade_h13_tp06_sl065,-2.607775000000038,-3.6577750000000377,-4.3577750000000375,0,0,0,1,3.6577750000000377,35.16000000000031,18.909999999999854,0.6959280803807486,12.91000000000031,0.05654531371030214,4.079999999999927,6.0479999999999565,0.116,-1.0,,,13,1,2.0,2025
2025-03-03 13:00:00+00:00|-1.0|handoff_divergence_fade_h13_tp06_sl065,2025-03-03 13:00:00+00:00,STAGE28A,data/reports/stage28a_discovery_factory_batch_runner/stage28a_exact_trades.csv,session_handoff_imbalance_v1,handoff_divergence_fade_h13_tp06_sl065,1.7515000000002146,0.7015000000002147,0.0015000000002149,1,1,1,0,0.7015000000002147,21.38000000000011,21.38000000000011,0.1585594013096284,14.730000000000018,0.30414120841819503,6.349999999999909,8.26199999999999,0.612,-1.0,,,13,0,3.0,2025
2025-03-05 13:00:00+00:00|-1.0|handoff_divergence_fade_h13_tp06_sl065,2025-03-05 13:00:00+00:00,STAGE28A,data/reports/stage28a_discovery_factory_batch_runner/stage28a_exact_trades.csv,session_handoff_imbalance_v1,handoff_divergence_fade_h13_tp06_sl065,-2.8492499999998477,-3.899249999999847,-4.599249999999847,0,0,0,1,3.899249999999847,45.84999999999991,16.070000000000164,0.24268823895457692,13.5,0.2125925925925845,10.069999999999709,7.649000000000138,0.372,-1.0,,,13,2,3.0,2025
2025-03-07 13:00:00+00:00|-1.0|handoff_divergence_fade_h13_tp06_sl065,2025-03-07 13:00:00+00:00,STAGE28A,data/reports/stage28a_discovery_factory_batch_runner/stage28a_exact_trades.csv,session_handoff_imbalance_v1,handoff_divergence_fade_h13_tp06_sl065,1.3663000000000465,0.3163000000000466,-0.3836999999999531,1,0,1,0,0.3163000000000466,35.41000000000031,18.309999999999945,0.1982523211359978,16.63000000000011,0.6806975345760454,4.809999999999945,7.198499999999944,0.136,-1.0,,,13,4,3.0,2025
2025-03-12 13:00:00+00:00|1.0|handoff_divergence_fade_h13_tp06_sl065,2025-03-12 13:00:00+00:00,STAGE28A,data/reports/stage28a_discovery_factory_batch_runner/stage28a_exact_trades.csv,session_handoff_imbalance_v1,handoff_divergence_fade_h13_tp06_sl065,-2.5326999999998407,-3.582699999999841,-4.28269999999984,0,0,0,1,3.582699999999841,41.909999999999854,9.090000000000146,0.10121012101205756,16.450000000000273,0.043161094224925506,4.2199999999998,5.377499999999964,0.012,1.0,,,13,2,3.0,2025
2025-03-14 13:00:00+00:00|-1.0|handoff_divergence_fade_h13_tp06_sl065,2025-03-14 13:00:00+00:00,STAGE28A,data/reports/stage28a_discovery_factory_batch_runner/stage28a_exact_trades.csv,session_handoff_imbalance_v1,handoff_divergence_fade_h13_tp06_sl065,2.19340000000002,1.1434000000000195,0.44340000000002,1,1,1,0,1.1434000000000195,56.50999999999976,12.150000000000091,0.27160493827158044,24.0,0.32583333333334014,18.200000000000273,7.23599999999999,0.284,-1.0,,,13,4,3.0,2025
2025-03-17 13:00:00+00:00|-1.0|handoff_divergence_fade_h13_tp06_sl065,2025-03-17 13:00:00+00:00,STAGE28A,data/reports/stage28a_discovery_factory_batch_runner/stage28a_exact_trades.csv,session_handoff_imbalance_v1,handoff_divergence_fade_h13_tp06_sl065,1.158400000000165,0.1084000000001652,-0.5915999999998345,1,0,0,0,0.1084000000001652,10.909999999999854,11.659999999999854,0.14493996569468917,17.420000000000073,0.9466130884041167,4.769999999999982,5.485999999999967,0.024,-1.0,,,13,0,3.0,2025
2025-03-19 13:00:00+00:00|1.0|handoff_divergence_fade_h13_tp06_sl065,2025-03-19 13:00:00+00:00,STAGE28A,data/reports/stage28a_discovery_factory_batch_runner/stage28a_exact_trades.csv,session_handoff_imbalance_v1,handoff_divergence_fade_h13_tp06_sl065,2.0781999999998333,1.0281999999998337,0.3281999999998337,1,1,1,0,1.0281999999998337,38.73999999999978,11.580000000000382,0.2573402417961934,22.529999999999745,0.08521970705726119,9.609999999999673,5.933999999999992,0.196,1.0,,,13,2,3.0,2025
2025-03-20 13:00:00+00:00|1.0|handoff_divergence_fade_h13_tp06_sl065,2025-03-20 13:00:00+00:00,STAGE28A,data/reports/stage28a_discovery_factory_batch_runner/stage28a_exact_trades.csv,session_handoff_imbalance_v1,handoff_divergence_fade_h13_tp06_sl065,1.9923999999999975,0.942399999999998,0.2423999999999981,1,1,1,0,0.942399999999998,29.179999999999836,12.38000000000011,0.4491114701130773,28.149999999999636,0.6600355239786916,16.08999999999969,7.208000000000015,0.528,1.0,,,13,3,3.0,2025
2025-03-24 13:00:00+00:00|-1.0|handoff_divergence_fade_h13_tp06_sl065,2025-03-24 13:00:00+00:00,STAGE28A,data/reports/stage28a_discovery_factory_batch_runner/stage28a_exact_trades.csv,session_handoff_imbalance_v1,handoff_divergence_fade_h13_tp06_sl065,1.708599999999842,0.6585999999998422,-0.0414000000001575,1,0,1,0,0.6585999999998422,5.869999999999891,12.66000000000031,0.09794628751976352,15.970000000000255,0.5453976205385033,9.7800000000002,6.3615000000000235,0.368,-1.0,,,13,0,3.0,2025
2025-03-26 13:00:00+00:00|-1.0|handoff_divergence_fade_h13_tp06_sl065,2025-03-26 13:00:00+00:00,STAGE28A,data/reports/stage28a_discovery_factory_batch_runner/stage28a_exact_trades.csv,session_handoff_imbalance_v1,handoff_divergence_fade_h13_tp06_sl065,1.2768999999997503,0.2268999999997505,-0.4731000000002492,1,0,1,0,0.2268999999997505,28.480000000000018,12.690000000000055,0.3065405831363165,18.789999999999964,0.4220329962746063,8.059999999999945,5.297999999999979,0.032,-1.0,,,13,2,3.0,2025
2025-03-28 13:00:00+00:00|1.0|handoff_divergence_fade_h13_tp06_sl065,2025-03-28 13:00:00+00:00,STAGE28A,data/reports/stage28a_discovery_factory_batch_runner/stage28a_exact_trades.csv,session_handoff_imbalance_v1,handoff_divergence_fade_h13_tp06_sl065,2.047899999999936,0.997899999999936,0.2978999999999363,1,1,1,0,0.997899999999936,42.07999999999993,23.289999999999964,0.7745813653928721,19.770000000000437,0.018715225088535025,7.179999999999836,6.467000000000053,0.508,1.0,,,13,4,3.0,2025
2025-04-01 13:00:00+00:00|1.0|handoff_divergence_fade_h13_tp06_sl065,2025-04-01 13:00:00+00:00,STAGE28A,data/reports/stage28a_discovery_factory_batch_runner/stage28a_exact_trades.csv,session_handoff_imbalance_v1,handoff_divergence_fade_h13_tp06_sl065,-3.827499999999964,-4.877499999999964,-5.577499999999963,0,0,0,1,4.877499999999964,51.42000000000007,27.210000000000036,0.8515251745681582,24.809999999999945,0.5630794034663373,3.7799999999997453,8.379499999999917,0.832,1.0,,,13,1,4.0,2025
2025-04-03 13:00:00+00:00|1.0|handoff_divergence_fade_h13_tp06_sl065,2025-04-03 13:00:00+00:00,STAGE28A,data/reports/stage28a_discovery_factory_batch_runner/stage28a_exact_trades.csv,session_handoff_imbalance_v1,handoff_divergence_fade_h13_tp06_sl065,-4.659825000000273,-5.709825000000274,-6.409825000000273,0,0,0,1,5.709825000000274,41.36000000000013,45.86000000000013,0.04513737461839737,33.409999999999854,0.7934750074827995,8.0,14.06049999999998,0.968,1.0,,,13,3,4.0,2025
2025-04-10 13:00:00+00:00|1.0|handoff_divergence_fade_h13_tp06_sl065,2025-04-10 13:00:00+00:00,STAGE28A,data/reports/stage28a_discovery_factory_batch_runner/stage28a_exact_trades.csv,session_handoff_imbalance_v1,handoff_divergence_fade_h13_tp06_sl065,-4.8080249999999065,-5.858024999999907,-6.5580249999999065,0,0,0,1,5.858024999999907,129.6500000000001,60.11999999999989,0.7538256819693986,29.460000000000036,0.30040733197557207,14.829999999999927,18.808000000000014,0.804,1.0,,,13,3,4.0,2025
2025-04-11 13:00:00+00:00|1.0|handoff_divergence_fade_h13_tp06_sl065,2025-04-11 13:00:00+00:00,STAGE28A,data/reports/stage28a_discovery_factory_batch_runner/stage28a_exact_trades.csv,session_handoff_imbalance_v1,handoff_divergence_fade_h13_tp06_sl065,-7.538674999999875,-8.588674999999876,-9.288674999999875,0,0,0,1,8.588674999999876,117.48000000000002,44.58999999999969,0.6503700381251447,42.960000000000036,0.23114525139664405,18.049999999999727,16.929500000000008,0.704,1.0,,,13,4,4.0,2025
2025-04-14 13:00:00+00:00|1.0|handoff_divergence_fade_h13_tp06_sl065,2025-04-14 13:00:00+00:00,STAGE28A,data/reports/stage28a_discovery_factory_batch_runner/stage28a_exact_trades.csv,session_handoff_imbalance_v1,handoff_divergence_fade_h13_tp06_sl065,3.386499999999978,2.3364999999999783,1.6364999999999783,1,1,1,0,2.3364999999999783,20.509999999999764,36.29999999999973,0.31129476584022775,21.460000000000036,0.39422180801491247,10.75,12.78000000000004,0.344,1.0,,,13,0,4.0,2025
2025-04-15 13:00:00+00:00|1.0|handoff_divergence_fade_h13_tp06_sl065,2025-04-15 13:00:00+00:00,STAGE28A,data/reports/stage28a_discovery_factory_batch_runner/stage28a_exact_trades.csv,session_handoff_imbalance_v1,handoff_divergence_fade_h13_tp06_sl065,-3.2571250000001783,-4.307125000000179,-5.007125000000178,0,0,0,1,4.307125000000179,52.00999999999976,18.799999999999727,0.8563829787234118,15.259999999999764,0.38204456094364464,9.0,8.617999999999938,0.028,1.0,,,13,1,4.0,2025
2025-04-22 13:00:00+00:00|1.0|handoff_divergence_fade_h13_tp06_sl065,2025-04-22 13:00:00+00:00,STAGE28A,data/reports/stage28a_discovery_factory_batch_runner/stage28a_exact_trades.csv,session_handoff_imbalance_v1,handoff_divergence_fade_h13_tp06_sl065,-7.266000000000167,-8.316000000000168,-9.016000000000169,0,0,0,1,8.316000000000168,102.19999999999982,82.3100000000004,0.6886162070222277,56.809999999999945,0.5835240274599564,14.8100000000004,18.692000000000075,0.848,1.0,,,13,1,4.0,2025
2025-04-23 13:00:00+00:00|1.0|handoff_divergence_fade_h13_tp06_sl065,2025-04-23 13:00:00+00:00,STAGE28A,data/reports/stage28a_discovery_factory_batch_runner/stage28a_exact_trades.csv,session_handoff_imbalance_v1,handoff_divergence_fade_h13_tp06_sl065,6.822999999999775,5.772999999999774,5.072999999999775,1,1,1,0,5.772999999999774,174.55999999999995,73.46000000000004,0.1497413558399128,57.48999999999978,0.37049921725517937,23.18000000000029,25.63149999999996,0.968,1.0,,,13,2,4.0,2025
2025-05-01 13:00:00+00:00|-1.0|handoff_divergence_fade_h13_tp06_sl065,2025-05-01 13:00:00+00:00,STAGE28A,data/reports/stage28a_discovery_factory_batch_runner/stage28a_exact_trades.csv,session_handoff_imbalance_v1,handoff_divergence_fade_h13_tp06_sl065,-4.147950000000128,-5.197950000000128,-5.897950000000128,0,0,0,1,5.197950000000128,60.86999999999989,61.15000000000009,0.7282093213409596,27.449999999999818,0.39744990892533266,20.409999999999854,14.614999999999963,0.46,-1.0,,,13,3,5.0,2025
2025-05-07 13:00:00+00:00|-1.0|handoff_divergence_fade_h13_tp06_sl065,2025-05-07 13:00:00+00:00,STAGE28A,data/reports/stage28a_discovery_factory_batch_runner/stage28a_exact_trades.csv,session_handoff_imbalance_v1,handoff_divergence_fade_h13_tp06_sl065,3.761499999999978,2.7114999999999783,2.0114999999999785,1,1,1,0,2.7114999999999783,111.4699999999998,78.80000000000018,0.07398477157360296,27.629999999999654,0.20123054650742,15.36999999999989,19.48150000000005,0.86,-1.0,,,13,2,5.0,2025
2025-05-08 13:00:00+00:00|1.0|handoff_divergence_fade_h13_tp06_sl065,2025-05-08 13:00:00+00:00,STAGE28A,data/reports/stage28a_discovery_factory_batch_runner/stage28a_exact_trades.csv,session_handoff_imbalance_v1,handoff_divergence_fade_h13_tp06_sl065,-6.514275000000088,-7.564275000000089,-8.264275000000088,0,0,0,1,7.564275000000089,78.80000000000018,50.23000000000002,0.5377264582918525,79.16000000000031,0.8227640222334494,13.0,16.130499999999962,0.648,1.0,,,13,3,5.0,2025
2025-05-09 13:00:00+00:00|-1.0|handoff_divergence_fade_h13_tp06_sl065,2025-05-09 13:00:00+00:00,STAGE28A,data/reports/stage28a_discovery_factory_batch_runner/stage28a_exact_trades.csv,session_handoff_imbalance_v1,handoff_divergence_fade_h13_tp06_sl065,3.137799999999879,2.0877999999998798,1.3877999999998796,1,1,1,0,2.0877999999998798,126.18000000000029,49.309999999999945,0.3214358142364617,24.079999999999927,0.7093023255813945,5.7199999999998,16.525499999999965,0.712,-1.0,,,13,4,5.0,2025
2025-05-12 13:00:00+00:00|1.0|handoff_divergence_fade_h13_tp06_sl065,2025-05-12 13:00:00+00:00,STAGE28A,data/reports/stage28a_discovery_factory_batch_runner/stage28a_exact_trades.csv,session_handoff_imbalance_v1,handoff_divergence_fade_h13_tp06_sl065,-7.04077500000003,-8.090775000000031,-8.79077500000003,0,0,0,1,8.090775000000031,44.57999999999993,52.61999999999989,0.20600532117066073,70.42999999999984,0.9747266789720325,18.329999999999927,18.80450000000003,0.932,1.0,,,13,0,5.0,2025
2025-05-14 13:00:00+00:00|-1.0|handoff_divergence_fade_h13_tp06_sl065,2025-05-14 13:00:00+00:00,STAGE28A,data/reports/stage28a_discovery_factory_batch_runner/stage28a_exact_trades.csv,session_handoff_imbalance_v1,handoff_divergence_fade_h13_tp06_sl065,3.078699999999935,2.0286999999999358,1.3286999999999356,1,1,1,0,2.0286999999999358,49.629999999999654,30.800000000000182,0.849025974025972,22.360000000000127,0.1797853309481198,7.360000000000127,10.046499999999991,0.012,-1.0,,,13,2,5.0,2025
2025-05-15 13:00:00+00:00|-1.0|handoff_divergence_fade_h13_tp06_sl065,2025-05-15 13:00:00+00:00,STAGE28A,data/reports/stage28a_discovery_factory_batch_runner/stage28a_exact_trades.csv,session_handoff_imbalance_v1,handoff_divergence_fade_h13_tp06_sl065,5.298099999999886,4.248099999999885,3.548099999999886,1,1,1,0,4.248099999999885,88.99000000000024,44.320000000000164,0.7274368231046958,50.940000000000055,0.290341578327443,12.239999999999782,14.491500000000087,0.548,-1.0,,,13,3,5.0,2025
2025-05-19 13:00:00+00:00|-1.0|handoff_divergence_fade_h13_tp06_sl065,2025-05-19 13:00:00+00:00,STAGE28A,data/reports/stage28a_discovery_factory_batch_runner/stage28a_exact_trades.csv,session_handoff_imbalance_v1,handoff_divergence_fade_h13_tp06_sl065,3.1836999999999533,2.133699999999953,1.4336999999999538,1,1,1,0,2.133699999999953,34.039999999999964,43.0,0.6297674418604634,40.88999999999987,0.7282954267547149,13.920000000000073,15.645500000000016,0.62,-1.0,,,13,0,5.0,2025
2025-05-20 13:00:00+00:00|-1.0|handoff_divergence_fade_h13_tp06_sl065,2025-05-20 13:00:00+00:00,STAGE28A,data/reports/stage28a_discovery_factory_batch_runner/stage28a_exact_trades.csv,session_handoff_imbalance_v1,handoff_divergence_fade_h13_tp06_sl065,-4.083600000000024,-5.133600000000024,-5.833600000000024,0,0,0,1,5.133600000000024,43.039999999999964,28.140000000000327,0.5501066098080805,31.31999999999971,0.7962962962963054,8.679999999999836,10.191499999999996,0.04,-1.0,,,13,1,5.0,2025
2025-05-22 13:00:00+00:00|1.0|handoff_divergence_fade_h13_tp06_sl065,2025-05-22 13:00:00+00:00,STAGE28A,data/reports/stage28a_discovery_factory_batch_runner/stage28a_exact_trades.csv,session_handoff_imbalance_v1,handoff_divergence_fade_h13_tp06_sl065,-3.984799999999814,-5.034799999999814,-5.734799999999813,0,0,0,1,5.034799999999814,39.2800000000002,29.789999999999964,0.5877811346089219,35.23999999999978,0.8688989784336004,9.629999999999654,10.234999999999946,0.06,1.0,,,13,3,5.0,2025
2025-05-26 13:00:00+00:00|1.0|handoff_divergence_fade_h13_tp06_sl065,2025-05-26 13:00:00+00:00,STAGE28A,data/reports/stage28a_discovery_factory_batch_runner/stage28a_exact_trades.csv,session_handoff_imbalance_v1,handoff_divergence_fade_h13_tp06_sl065,-3.379324999999972,-4.429324999999972,-5.129324999999971,0,0,0,1,4.429324999999972,14.840000000000146,25.259999999999764,0.1270783847981024,28.269999999999982,0.6742129465864859,12.549999999999727,9.395000000000028,0.012,1.0,,,13,0,5.0,2025
2025-05-28 13:00:00+00:00|-1.0|handoff_divergence_fade_h13_tp06_sl065,2025-05-28 13:00:00+00:00,STAGE28A,data/reports/stage28a_discovery_factory_batch_runner/stage28a_exact_trades.csv,session_handoff_imbalance_v1,handoff_divergence_fade_h13_tp06_sl065,-3.653625000000011,-4.703625000000011,-5.403625000000011,0,0,0,1,4.703625000000011,64.65999999999985,24.050000000000182,0.22910602910601754,31.070000000000164,0.8464757000321868,5.320000000000164,9.679000000000087,0.124,-1.0,,,13,2,5.0,2025
2025-05-29 13:00:00+00:00|-1.0|handoff_divergence_fade_h13_tp06_sl065,2025-05-29 13:00:00+00:00,STAGE28A,data/reports/stage28a_discovery_factory_batch_runner/stage28a_exact_trades.csv,session_handoff_imbalance_v1,handoff_divergence_fade_h13_tp06_sl065,2.6766999999998915,1.6266999999998917,0.926699999999892,1,1,1,0,1.6266999999998917,48.7199999999998,49.67000000000007,0.2415945238574589,23.240000000000236,0.3222891566265129,6.980000000000018,13.875999999999976,0.708,-1.0,,,13,3,5.0,2025
2025-05-30 13:00:00+00:00|-1.0|handoff_divergence_fade_h13_tp06_sl065,2025-05-30 13:00:00+00:00,STAGE28A,data/reports/stage28a_discovery_factory_batch_runner/stage28a_exact_trades.csv,session_handoff_imbalance_v1,handoff_divergence_fade_h13_tp06_sl065,3.301600000000144,2.251600000000144,1.5516000000001444,1,1,1,0,2.251600000000144,85.5,31.449999999999818,0.6311605723370437,17.59999999999991,0.06193181818182677,6.649999999999636,9.561000000000012,0.124,-1.0,,,13,4,5.0,2025
2025-06-02 13:00:00+00:00|-1.0|handoff_divergence_fade_h13_tp06_sl065,2025-06-02 13:00:00+00:00,STAGE28A,data/reports/stage28a_discovery_factory_batch_runner/stage28a_exact_trades.csv,session_handoff_imbalance_v1,handoff_divergence_fade_h13_tp06_sl065,-3.906474999999864,-4.956474999999864,-5.656474999999864,0,0,0,1,4.956474999999864,19.170000000000073,20.759999999999764,0.2076107899807319,50.04999999999973,0.7880119880119933,8.010000000000218,10.502499999999964,0.32,-1.0,,,13,0,6.0,2025
2025-06-05 13:00:00+00:00|-1.0|handoff_divergence_fade_h13_tp06_sl065,2025-06-05 13:00:00+00:00,STAGE28A,data/reports/stage28a_discovery_factory_batch_runner/stage28a_exact_trades.csv,session_handoff_imbalance_v1,handoff_divergence_fade_h13_tp06_sl065,-3.41637499999988,-4.46637499999988,-5.16637499999988,0,0,0,1,4.46637499999988,40.88999999999987,15.769999999999982,0.24413443246670347,30.279999999999745,0.6647952443857423,17.199999999999818,9.147000000000002,0.148,-1.0,,,13,3,6.0,2025
2025-06-06 13:00:00+00:00|1.0|handoff_divergence_fade_h13_tp06_sl065,2025-06-06 13:00:00+00:00,STAGE28A,data/reports/stage28a_discovery_factory_batch_runner/stage28a_exact_trades.csv,session_handoff_imbalance_v1,handoff_divergence_fade_h13_tp06_sl065,2.551299999999992,1.501299999999992,0.8012999999999924,1,1,1,0,1.501299999999992,64.22000000000025,18.7199999999998,0.5694444444444671,22.740000000000236,0.5721196130167143,12.539999999999964,10.640500000000042,0.508,1.0,,,13,4,6.0,2025
2025-06-09 13:00:00+00:00|-1.0|handoff_divergence_fade_h13_tp06_sl065,2025-06-09 13:00:00+00:00,STAGE28A,data/reports/stage28a_discovery_factory_batch_runner/stage28a_exact_trades.csv,session_handoff_imbalance_v1,handoff_divergence_fade_h13_tp06_sl065,2.00109999999986,0.9510999999998604,0.2510999999998606,1,1,1,0,0.9510999999998604,11.909999999999854,27.629999999999654,0.1458559536735523,19.210000000000036,0.4122852680895397,6.599999999999909,9.362500000000068,0.208,-1.0,,,13,0,6.0,2025
2025-06-10 13:00:00+00:00|-1.0|handoff_divergence_fade_h13_tp06_sl065,2025-06-10 13:00:00+00:00,STAGE28A,data/reports/stage28a_discovery_factory_batch_runner/stage28a_exact_trades.csv,session_handoff_imbalance_v1,handoff_divergence_fade_h13_tp06_sl065,-3.4170249999998306,-4.467024999999831,-5.16702499999983,0,0,0,1,4.467024999999831,44.629999999999654,25.990000000000236,0.6167756829549673,31.990000000000236,0.6927164738980977,4.610000000000127,8.441999999999984,0.068,-1.0,,,13,1,6.0,2025
2025-06-12 13:00:00+00:00|1.0|handoff_divergence_fade_h13_tp06_sl065,2025-06-12 13:00:00+00:00,STAGE28A,data/reports/stage28a_discovery_factory_batch_runner/stage28a_exact_trades.csv,session_handoff_imbalance_v1,handoff_divergence_fade_h13_tp06_sl065,-4.483025000000088,-5.533025000000089,-6.233025000000088,0,0,0,1,5.533025000000089,54.10999999999967,21.41000000000031,0.20597851471274128,37.07999999999993,0.21467098166127432,12.5,12.585000000000036,0.912,1.0,,,13,3,6.0,2025
2025-06-13 13:00:00+00:00|1.0|handoff_divergence_fade_h13_tp06_sl065,2025-06-13 13:00:00+00:00,STAGE28A,data/reports/stage28a_discovery_factory_batch_runner/stage28a_exact_trades.csv,session_handoff_imbalance_v1,handoff_divergence_fade_h13_tp06_sl065,3.42370000000019,2.37370000000019,1.6737000000001905,1,1,1,0,2.37370000000019,60.320000000000164,64.65000000000009,0.6521268368136086,22.43000000000029,0.05840392331698299,7.2400000000002365,12.121500000000015,0.816,1.0,,,13,4,6.0,2025
2025-06-18 13:00:00+00:00|1.0|handoff_divergence_fade_h13_tp06_sl065,2025-06-18 13:00:00+00:00,STAGE28A,data/reports/stage28a_discovery_factory_batch_runner/stage28a_exact_trades.csv,session_handoff_imbalance_v1,handoff_divergence_fade_h13_tp06_sl065,-2.963974999999755,-4.013974999999755,-4.713974999999754,0,0,0,1,4.013974999999755,37.070000000000164,25.65000000000009,0.08109161793372008,24.519999999999982,0.5236541598695006,10.019999999999982,9.534500000000026,0.252,1.0,,,13,2,6.0,2025
2025-06-25 13:00:00+00:00|1.0|handoff_divergence_fade_h13_tp06_sl065,2025-06-25 13:00:00+00:00,STAGE28A,data/reports/stage28a_discovery_factory_batch_runner/stage28a_exact_trades.csv,session_handoff_imbalance_v1,handoff_divergence_fade_h13_tp06_sl065,-2.734849999999915,-3.784849999999915,-4.4848499999999145,0,0,0,1,3.784849999999915,74.55999999999995,14.210000000000036,0.4693877551020447,15.5,0.19935483870965748,5.700000000000273,6.538999999999964,0.004,1.0,,,13,2,6.0,2025
2025-07-03 13:00:00+00:00|-1.0|handoff_divergence_fade_h13_tp06_sl065,2025-07-03 13:00:00+00:00,STAGE28A,data/reports/stage28a_discovery_factory_batch_runner/stage28a_exact_trades.csv,session_handoff_imbalance_v1,handoff_divergence_fade_h13_tp06_sl065,-2.897349999999824,-3.947349999999824,-4.647349999999824,0,0,0,1,3.947349999999824,34.559999999999945,23.829999999999927,0.607217792698292,19.84999999999991,0.10277078085642181,12.480000000000018,7.623499999999945,0.244,-1.0,,,13,3,7.0,2025
2025-07-10 13:00:00+00:00|-1.0|handoff_divergence_fade_h13_tp06_sl065,2025-07-10 13:00:00+00:00,STAGE28A,data/reports/stage28a_discovery_factory_batch_runner/stage28a_exact_trades.csv,session_handoff_imbalance_v1,handoff_divergence_fade_h13_tp06_sl065,-2.5086499999998524,-3.558649999999852,-4.258649999999852,0,0,0,1,3.558649999999852,37.20999999999958,12.9699999999998,0.29452582883575695,15.36999999999989,0.698113207547176,6.9699999999998,6.726999999999975,0.084,-1.0,,,13,3,7.0,2025
2025-07-11 13:00:00+00:00|1.0|handoff_divergence_fade_h13_tp06_sl065,2025-07-11 13:00:00+00:00,STAGE28A,data/reports/stage28a_discovery_factory_batch_runner/stage28a_exact_trades.csv,session_handoff_imbalance_v1,handoff_divergence_fade_h13_tp06_sl065,2.2998999999998886,1.2498999999998888,0.549899999999889,1,1,1,0,1.2498999999998888,20.15000000000009,14.420000000000073,0.7302357836338521,14.16000000000031,0.4067796610169557,7.260000000000218,6.9990000000000006,0.144,1.0,,,13,4,7.0,2025
2025-07-14 13:00:00+00:00|-1.0|handoff_divergence_fade_h13_tp06_sl065,2025-07-14 13:00:00+00:00,STAGE28A,data/reports/stage28a_discovery_factory_batch_runner/stage28a_exact_trades.csv,session_handoff_imbalance_v1,handoff_divergence_fade_h13_tp06_sl065,2.168799999999828,1.1187999999998284,0.4187999999998286,1,1,1,0,1.1187999999998284,11.590000000000146,20.139999999999873,0.6156901688182805,21.2199999999998,0.6291234684260363,6.230000000000018,7.844500000000039,0.504,-1.0,,,13,0,7.0,2025
2025-07-18 13:00:00+00:00|-1.0|handoff_divergence_fade_h13_tp06_sl065,2025-07-18 13:00:00+00:00,STAGE28A,data/reports/stage28a_discovery_factory_batch_runner/stage28a_exact_trades.csv,session_handoff_imbalance_v1,handoff_divergence_fade_h13_tp06_sl065,1.7233000000000174,0.6733000000000176,-0.0266999999999821,1,0,1,0,0.6733000000000176,42.3100000000004,10.190000000000055,0.85083415112856,23.110000000000127,0.7676330592817022,7.470000000000255,6.027500000000032,0.064,-1.0,,,13,4,7.0,2025
2025-07-23 13:00:00+00:00|-1.0|handoff_divergence_fade_h13_tp06_sl065,2025-07-23 13:00:00+00:00,STAGE28A,data/reports/stage28a_discovery_factory_batch_runner/stage28a_exact_trades.csv,session_handoff_imbalance_v1,handoff_divergence_fade_h13_tp06_sl065,-2.835275000000001,-3.885275000000002,-4.585275000000001,0,0,0,1,3.885275000000002,50.26999999999998,19.579999999999927,0.24463738508682234,17.449999999999818,0.462464183381077,5.5099999999997635,7.339999999999941,0.432,-1.0,,,13,2,7.0,2025
2025-07-28 13:00:00+00:00|1.0|handoff_divergence_fade_h13_tp06_sl065,2025-07-28 13:00:00+00:00,STAGE28A,data/reports/stage28a_discovery_factory_batch_runner/stage28a_exact_trades.csv,session_handoff_imbalance_v1,handoff_divergence_fade_h13_tp06_sl065,-2.615249999999924,-3.665249999999924,-4.365249999999923,0,0,0,1,3.665249999999924,18.269999999999982,26.029999999999745,0.5220898962735412,12.829999999999927,0.4263445050662378,4.769999999999982,7.843999999999892,0.596,1.0,,,13,0,7.0,2025
2025-07-29 13:00:00+00:00|-1.0|handoff_divergence_fade_h13_tp06_sl065,2025-07-29 13:00:00+00:00,STAGE28A,data/reports/stage28a_discovery_factory_batch_runner/stage28a_exact_trades.csv,session_handoff_imbalance_v1,handoff_divergence_fade_h13_tp06_sl065,2.242000000000098,1.1920000000000983,0.4920000000000986,1,1,1,0,1.1920000000000983,43.44999999999982,13.079999999999927,0.1551987767583912,20.879999999999654,0.5727969348659117,7.329999999999927,6.872999999999934,0.276,-1.0,,,13,1,7.0,2025
2025-08-01 13:00:00+00:00|-1.0|handoff_divergence_fade_h13_tp06_sl065,2025-08-01 13:00:00+00:00,STAGE28A,data/reports/stage28a_discovery_factory_batch_runner/stage28a_exact_trades.csv,session_handoff_imbalance_v1,handoff_divergence_fade_h13_tp06_sl065,-2.5288000000001376,-3.578800000000137,-4.278800000000137,0,0,0,1,3.578800000000137,40.809999999999945,15.559999999999945,0.23136246786631887,15.069999999999709,0.20570670205709513,3.619999999999891,7.0864999999999325,0.336,-1.0,,,13,4,8.0,2025
2025-08-04 13:00:00+00:00|1.0|handoff_divergence_fade_h13_tp06_sl065,2025-08-04 13:00:00+00:00,STAGE28A,data/reports/stage28a_discovery_factory_batch_runner/stage28a_exact_trades.csv,session_handoff_imbalance_v1,handoff_divergence_fade_h13_tp06_sl065,-2.748499999999785,-3.798499999999785,-4.498499999999785,0,0,0,1,3.798499999999785,11.5300000000002,24.079999999999927,0.04734219269104364,10.960000000000036,0.21350364963504906,4.850000000000364,7.843500000000063,0.532,1.0,,,13,0,8.0,2025
2025-08-07 13:00:00+00:00|1.0|handoff_divergence_fade_h13_tp06_sl065,2025-08-07 13:00:00+00:00,STAGE28A,data/reports/stage28a_discovery_factory_batch_runner/stage28a_exact_trades.csv,session_handoff_imbalance_v1,handoff_divergence_fade_h13_tp06_sl065,-3.8063749999997527,-4.856374999999753,-5.556374999999752,0,0,0,1,4.856374999999753,27.139999999999873,18.960000000000036,0.3992616033755353,25.840000000000146,0.11803405572754296,8.050000000000182,8.108500000000003,0.628,1.0,,,13,3,8.0,2025
2025-08-12 13:00:00+00:00|1.0|handoff_divergence_fade_h13_tp06_sl065,2025-08-12 13:00:00+00:00,STAGE28A,data/reports/stage28a_discovery_factory_batch_runner/stage28a_exact_trades.csv,session_handoff_imbalance_v1,handoff_divergence_fade_h13_tp06_sl065,-3.414750000000004,-4.464750000000004,-5.164750000000003,0,0,0,1,4.464750000000004,64.0300000000002,15.070000000000164,0.16323822163238286,15.83999999999969,0.24368686868688147,7.360000000000127,8.634500000000003,0.544,1.0,,,13,1,8.0,2025
2025-08-13 13:00:00+00:00|-1.0|handoff_divergence_fade_h13_tp06_sl065,2025-08-13 13:00:00+00:00,STAGE28A,data/reports/stage28a_discovery_factory_batch_runner/stage28a_exact_trades.csv,session_handoff_imbalance_v1,handoff_divergence_fade_h13_tp06_sl065,-2.877199999999993,-3.927199999999994,-4.627199999999993,0,0,0,1,3.927199999999994,28.0300000000002,11.659999999999854,0.07375643224701013,21.079999999999927,0.7191650853890115,8.019999999999982,7.145500000000061,0.232,-1.0,,,13,2,8.0,2025
2025-08-14 13:00:00+00:00|1.0|handoff_divergence_fade_h13_tp06_sl065,2025-08-14 13:00:00+00:00,STAGE28A,data/reports/stage28a_discovery_factory_batch_runner/stage28a_exact_trades.csv,session_handoff_imbalance_v1,handoff_divergence_fade_h13_tp06_sl065,-3.544750000000113,-4.594750000000113,-5.294750000000112,0,0,0,1,4.594750000000113,28.230000000000018,19.61999999999989,0.1432212028542284,24.98999999999978,0.16966786714686968,13.989999999999782,7.551499999999964,0.34,1.0,,,13,3,8.0,2025
2025-08-15 13:00:00+00:00|1.0|handoff_divergence_fade_h13_tp06_sl065,2025-08-15 13:00:00+00:00,STAGE28A,data/reports/stage28a_discovery_factory_batch_runner/stage28a_exact_trades.csv,session_handoff_imbalance_v1,handoff_divergence_fade_h13_tp06_sl065,1.9437999999999191,0.8937999999999193,0.1937999999999196,1,1,1,0,0.8937999999999193,45.40000000000009,12.629999999999654,0.795724465558231,10.309999999999945,0.07468477206595402,6.470000000000255,6.131999999999971,0.044,1.0,,,13,4,8.0,2025
2025-08-25 13:00:00+00:00|1.0|handoff_divergence_fade_h13_tp06_sl065,2025-08-25 13:00:00+00:00,STAGE28A,data/reports/stage28a_discovery_factory_batch_runner/stage28a_exact_trades.csv,session_handoff_imbalance_v1,handoff_divergence_fade_h13_tp06_sl065,-1.7536750000000212,-2.803675000000021,-3.5036750000000207,0,0,0,0,2.803675000000021,6.210000000000036,12.260000000000218,0.0016313213703084382,8.019999999999982,0.02369077306733853,5.980000000000018,5.205500000000029,0.108,1.0,,,13,0,8.0,2025
2025-08-27 13:00:00+00:00|-1.0|handoff_divergence_fade_h13_tp06_sl065,2025-08-27 13:00:00+00:00,STAGE28A,data/reports/stage28a_discovery_factory_batch_runner/stage28a_exact_trades.csv,session_handoff_imbalance_v1,handoff_divergence_fade_h13_tp06_sl065,1.4302000000001498,0.38020000000015,-0.3197999999998497,1,0,1,0,0.38020000000015,42.19999999999982,13.800000000000182,0.7543478260869689,11.629999999999654,0.21066208082548113,7.799999999999727,5.670999999999981,0.292,-1.0,,,13,2,8.0,2025
2025-08-28 13:00:00+00:00|-1.0|handoff_divergence_fade_h13_tp06_sl065,2025-08-28 13:00:00+00:00,STAGE28A,data/reports/stage28a_discovery_factory_batch_runner/stage28a_exact_trades.csv,session_handoff_imbalance_v1,handoff_divergence_fade_h13_tp06_sl065,-2.181050000000232,-3.231050000000232,-3.931050000000232,0,0,0,1,3.231050000000232,25.049999999999727,15.08999999999969,0.3770709078860286,13.86999999999989,0.6560922855083227,3.0900000000001455,5.275500000000011,0.176,-1.0,,,13,3,8.0,2025
2025-09-02 13:00:00+00:00|1.0|handoff_divergence_fade_h13_tp06_sl065,2025-09-02 13:00:00+00:00,STAGE28A,data/reports/stage28a_discovery_factory_batch_runner/stage28a_exact_trades.csv,session_handoff_imbalance_v1,handoff_divergence_fade_h13_tp06_sl065,-3.713425000000007,-4.763425000000007,-5.463425000000006,0,0,0,1,4.763425000000007,52.74000000000024,34.159999999999854,0.5793325526932098,28.289999999999964,0.6564156945917191,4.25,8.384999999999991,0.88,1.0,,,13,1,9.0,2025
2025-09-04 13:00:00+00:00|-1.0|handoff_divergence_fade_h13_tp06_sl065,2025-09-04 13:00:00+00:00,STAGE28A,data/reports/stage28a_discovery_factory_batch_runner/stage28a_exact_trades.csv,session_handoff_imbalance_v1,handoff_divergence_fade_h13_tp06_sl065,2.7580000000001745,1.7080000000001747,1.008000000000175,1,1,1,0,1.7080000000001747,52.10999999999967,52.7800000000002,0.6220159151193596,20.90000000000009,0.44928229665073144,8.169999999999618,11.038500000000045,0.94,-1.0,,,13,3,9.0,2025
2025-09-05 13:00:00+00:00|1.0|handoff_divergence_fade_h13_tp06_sl065,2025-09-05 13:00:00+00:00,STAGE28A,data/reports/stage28a_discovery_factory_batch_runner/stage28a_exact_trades.csv,session_handoff_imbalance_v1,handoff_divergence_fade_h13_tp06_sl065,1.754200000000219,0.7042000000002191,0.0042000000002193,1,1,1,0,0.7042000000002191,52.7800000000002,19.300000000000182,0.9113989637305453,16.36999999999989,0.3671350030543835,7.690000000000055,8.279500000000008,0.584,1.0,,,13,4,9.0,2025
2025-09-08 13:00:00+00:00|-1.0|handoff_divergence_fade_h13_tp06_sl065,2025-09-08 13:00:00+00:00,STAGE28A,data/reports/stage28a_discovery_factory_batch_runner/stage28a_exact_trades.csv,session_handoff_imbalance_v1,handoff_divergence_fade_h13_tp06_sl065,2.5543000000001483,1.5043000000001483,0.8043000000001488,1,1,1,0,1.5043000000001483,18.25,18.559999999999945,0.46821120689655604,37.679999999999836,0.8017515923566924,6.2599999999997635,9.490000000000032,0.636,-1.0,,,13,0,9.0,2025
2025-09-12 13:00:00+00:00|1.0|handoff_divergence_fade_h13_tp06_sl065,2025-09-12 13:00:00+00:00,STAGE28A,data/reports/stage28a_discovery_factory_batch_runner/stage28a_exact_trades.csv,session_handoff_imbalance_v1,handoff_divergence_fade_h13_tp06_sl065,2.1105999999998857,1.060599999999886,0.3605999999998861,1,1,1,0,1.060599999999886,36.26999999999998,22.779999999999745,0.7949956101843867,19.06999999999971,0.3455689564761296,9.230000000000018,6.932999999999947,0.08,1.0,,,13,4,9.0,2025
2025-09-15 13:00:00+00:00|1.0|handoff_divergence_fade_h13_tp06_sl065,2025-09-15 13:00:00+00:00,STAGE28A,data/reports/stage28a_discovery_factory_batch_runner/stage28a_exact_trades.csv,session_handoff_imbalance_v1,handoff_divergence_fade_h13_tp06_sl065,-2.784900000000198,-3.834900000000198,-4.5349000000001976,0,0,0,1,3.834900000000198,6.779999999999745,19.769999999999982,0.2063732928679783,13.239999999999782,0.3904833836857782,10.11999999999989,6.411499999999978,0.028,1.0,,,13,0,9.0,2025
2025-09-18 13:00:00+00:00|-1.0|handoff_divergence_fade_h13_tp06_sl065,2025-09-18 13:00:00+00:00,STAGE28A,data/reports/stage28a_discovery_factory_batch_runner/stage28a_exact_trades.csv,session_handoff_imbalance_v1,handoff_divergence_fade_h13_tp06_sl065,-4.251949999999942,-5.301949999999943,-6.001949999999942,0,0,0,1,5.301949999999943,61.32999999999993,20.0,0.2259999999999991,39.059999999999945,0.33666154633895684,8.38000000000011,13.482000000000038,0.992,-1.0,,,13,3,9.0,2025
2025-09-24 13:00:00+00:00|-1.0|handoff_divergence_fade_h13_tp06_sl065,2025-09-24 13:00:00+00:00,STAGE28A,data/reports/stage28a_discovery_factory_batch_runner/stage28a_exact_trades.csv,session_handoff_imbalance_v1,handoff_divergence_fade_h13_tp06_sl065,-3.0016750000000685,-4.051675000000069,-4.751675000000068,0,0,0,1,4.051675000000069,54.13000000000011,21.070000000000164,0.0014238253440790275,15.989999999999782,0.18886804252658054,8.4399999999996,10.861000000000013,0.804,-1.0,,,13,2,9.0,2025
2025-09-25 13:00:00+00:00|-1.0|handoff_divergence_fade_h13_tp06_sl065,2025-09-25 13:00:00+00:00,STAGE28A,data/reports/stage28a_discovery_factory_batch_runner/stage28a_exact_trades.csv,session_handoff_imbalance_v1,handoff_divergence_fade_h13_tp06_sl065,-3.793699999999808,-4.843699999999808,-5.543699999999808,0,0,0,1,4.843699999999808,61.67000000000007,22.409999999999854,0.1976796073181758,29.980000000000018,0.6774516344229464,10.600000000000364,10.752500000000031,0.816,-1.0,,,13,3,9.0,2025
2025-09-26 13:00:00+00:00|-1.0|handoff_divergence_fade_h13_tp06_sl065,2025-09-26 13:00:00+00:00,STAGE28A,data/reports/stage28a_discovery_factory_batch_runner/stage28a_exact_trades.csv,session_handoff_imbalance_v1,handoff_divergence_fade_h13_tp06_sl065,2.304399999999896,1.254399999999896,0.5543999999998963,1,1,1,0,1.254399999999896,39.82999999999993,18.800000000000182,0.17819148936169557,15.920000000000073,0.3762562814070483,7.269999999999982,10.227499999999964,0.672,-1.0,,,13,4,9.0,2025
2025-09-30 13:00:00+00:00|1.0|handoff_divergence_fade_h13_tp06_sl065,2025-09-30 13:00:00+00:00,STAGE28A,data/reports/stage28a_discovery_factory_batch_runner/stage28a_exact_trades.csv,session_handoff_imbalance_v1,handoff_divergence_fade_h13_tp06_sl065,5.383900000000176,4.333900000000176,3.633900000000176,1,1,1,0,4.333900000000176,77.67000000000007,41.659999999999854,0.817330772923675,78.48999999999978,0.8421454962415664,28.289999999999964,12.436999999999989,0.86,1.0,,,13,1,9.0,2025
2025-10-03 13:00:00+00:00|-1.0|handoff_divergence_fade_h13_tp06_sl065,2025-10-03 13:00:00+00:00,STAGE28A,data/reports/stage28a_discovery_factory_batch_runner/stage28a_exact_trades.csv,session_handoff_imbalance_v1,handoff_divergence_fade_h13_tp06_sl065,2.119300000000203,1.069300000000203,0.3693000000002033,1,1,1,0,1.069300000000203,77.53999999999996,25.700000000000273,0.5634241245136135,24.0,0.8966666666666848,7.970000000000255,12.19350000000004,0.668,-1.0,,,13,4,10.0,2025
2025-10-07 13:00:00+00:00|1.0|handoff_divergence_fade_h13_tp06_sl065,2025-10-07 13:00:00+00:00,STAGE28A,data/reports/stage28a_discovery_factory_batch_runner/stage28a_exact_trades.csv,session_handoff_imbalance_v1,handoff_divergence_fade_h13_tp06_sl065,3.4333000000000538,2.383300000000054,1.6833000000000542,1,1,1,0,2.383300000000054,85.76000000000022,21.690000000000055,0.4568925772245405,35.98000000000002,0.5075041689827741,12.11999999999989,12.101499999999964,0.524,1.0,,,13,1,10.0,2025
2025-10-10 13:00:00+00:00|-1.0|handoff_divergence_fade_h13_tp06_sl065,2025-10-10 13:00:00+00:00,STAGE28A,data/reports/stage28a_discovery_factory_batch_runner/stage28a_exact_trades.csv,session_handoff_imbalance_v1,handoff_divergence_fade_h13_tp06_sl065,-5.989724999999998,-7.039724999999999,-7.739724999999998,0,0,0,1,7.039724999999999,113.48000000000002,36.04999999999973,0.3722607489597829,59.940000000000055,0.5652318985652256,16.640000000000327,20.821000000000048,0.984,-1.0,,,13,4,10.0,2025
2025-10-14 13:00:00+00:00|1.0|handoff_divergence_fade_h13_tp06_sl065,2025-10-14 13:00:00+00:00,STAGE28A,data/reports/stage28a_discovery_factory_batch_runner/stage28a_exact_trades.csv,session_handoff_imbalance_v1,handoff_divergence_fade_h13_tp06_sl065,9.305499999999848,8.255499999999847,7.555499999999848,1,1,1,0,8.255499999999847,117.94000000000051,59.97999999999956,0.8072690896965726,89.0300000000002,0.4022239694485041,22.270000000000437,20.231499999999983,0.904,1.0,,,13,1,10.0,2025
2025-10-16 13:00:00+00:00|1.0|handoff_divergence_fade_h13_tp06_sl065,2025-10-16 13:00:00+00:00,STAGE28A,data/reports/stage28a_discovery_factory_batch_runner/stage28a_exact_trades.csv,session_handoff_imbalance_v1,handoff_divergence_fade_h13_tp06_sl065,4.612000000000444,3.562000000000444,2.862000000000444,1,1,1,0,3.562000000000444,77.52000000000044,42.5,0.4825882352941014,37.970000000000255,0.15011851461679696,19.329999999999927,15.7400000000001,0.548,1.0,,,13,3,10.0,2025
2025-10-17 13:00:00+00:00|1.0|handoff_divergence_fade_h13_tp06_sl065,2025-10-17 13:00:00+00:00,STAGE28A,data/reports/stage28a_discovery_factory_batch_runner/stage28a_exact_trades.csv,session_handoff_imbalance_v1,handoff_divergence_fade_h13_tp06_sl065,-9.88452500000003,-10.934525000000033,-11.63452500000003,0,0,0,1,10.934525000000033,151.92999999999938,100.69999999999982,0.19721946375372104,66.96000000000004,0.39575866188769393,16.140000000000327,31.05650000000005,0.992,1.0,,,13,4,10.0,2025
2025-10-20 13:00:00+00:00|1.0|handoff_divergence_fade_h13_tp06_sl065,2025-10-20 13:00:00+00:00,STAGE28A,data/reports/stage28a_discovery_factory_batch_runner/stage28a_exact_trades.csv,session_handoff_imbalance_v1,handoff_divergence_fade_h13_tp06_sl065,-7.412574999999924,-8.462574999999925,-9.162574999999924,0,0,0,1,8.462574999999925,35.11999999999989,55.51999999999953,0.16264409221903336,46.61000000000058,0.08496030894655819,13.170000000000073,26.351499999999987,0.876,1.0,,,13,0,10.0,2025
2025-10-22 13:00:00+00:00|1.0|handoff_divergence_fade_h13_tp06_sl065,2025-10-22 13:00:00+00:00,STAGE28A,data/reports/stage28a_discovery_factory_batch_runner/stage28a_exact_trades.csv,session_handoff_imbalance_v1,handoff_divergence_fade_h13_tp06_sl065,11.170300000000134,10.120300000000134,9.420300000000134,1,1,1,0,10.120300000000134,295.0600000000004,138.77999999999975,0.038406110390545735,101.29000000000042,0.5831770164873084,40.149999999999636,40.10100000000004,0.984,1.0,,,13,2,10.0,2025
2025-10-23 13:00:00+00:00|-1.0|handoff_divergence_fade_h13_tp06_sl065,2025-10-23 13:00:00+00:00,STAGE28A,data/reports/stage28a_discovery_factory_batch_runner/stage28a_exact_trades.csv,session_handoff_imbalance_v1,handoff_divergence_fade_h13_tp06_sl065,7.011100000000079,5.961100000000078,5.261100000000079,1,1,1,0,5.961100000000078,157.02000000000044,50.55000000000018,0.21444114737883493,57.909999999999854,0.5752029010533513,14.19000000000051,26.659000000000013,0.7,-1.0,,,13,3,10.0,2025
2025-10-24 13:00:00+00:00|1.0|handoff_divergence_fade_h13_tp06_sl065,2025-10-24 13:00:00+00:00,STAGE28A,data/reports/stage28a_discovery_factory_batch_runner/stage28a_exact_trades.csv,session_handoff_imbalance_v1,handoff_divergence_fade_h13_tp06_sl065,-8.007975000000078,-9.05797500000008,-9.757975000000078,0,0,0,1,9.05797500000008,88.6899999999996,38.25,0.15895424836603494,75.71000000000004,0.8109893012812054,19.16000000000031,19.243000000000073,0.288,1.0,,,13,4,10.0,2025
2025-10-29 13:00:00+00:00|-1.0|handoff_divergence_fade_h13_tp06_sl065,2025-10-29 13:00:00+00:00,STAGE28A,data/reports/stage28a_discovery_factory_batch_runner/stage28a_exact_trades.csv,session_handoff_imbalance_v1,handoff_divergence_fade_h13_tp06_sl065,-6.009549999999853,-7.059549999999854,-7.759549999999853,0,0,0,1,7.059549999999854,133.21000000000004,66.23999999999978,0.04649758454106186,79.11000000000013,0.9027935785614961,12.370000000000346,20.742500000000042,0.244,-1.0,,,13,2,10.0,2025
2025-10-31 13:00:00+00:00|-1.0|handoff_divergence_fade_h13_tp06_sl065,2025-10-31 13:00:00+00:00,STAGE28A,data/reports/stage28a_discovery_factory_batch_runner/stage28a_exact_trades.csv,session_handoff_imbalance_v1,handoff_divergence_fade_h13_tp06_sl065,-5.767750000000069,-6.8177500000000695,-7.517750000000069,0,0,0,1,6.8177500000000695,127.87000000000035,56.88000000000011,0.31223628691983446,32.74000000000024,0.06047648136835687,13.0600000000004,18.55750000000005,0.004,-1.0,,,13,4,10.0,2025
2025-11-03 13:00:00+00:00|1.0|handoff_divergence_fade_h13_tp06_sl065,2025-11-03 13:00:00+00:00,STAGE28A,data/reports/stage28a_discovery_factory_batch_runner/stage28a_exact_trades.csv,session_handoff_imbalance_v1,handoff_divergence_fade_h13_tp06_sl065,-5.556825000000208,-6.606825000000208,-7.306825000000208,0,0,0,1,6.606825000000208,21.11999999999989,53.05000000000018,0.45730442978322594,34.289999999999964,0.13648293963255456,10.449999999999818,19.519499999999972,0.092,1.0,,,13,0,11.0,2025
2025-11-04 13:00:00+00:00|-1.0|handoff_divergence_fade_h13_tp06_sl065,2025-11-04 13:00:00+00:00,STAGE28A,data/reports/stage28a_discovery_factory_batch_runner/stage28a_exact_trades.csv,session_handoff_imbalance_v1,handoff_divergence_fade_h13_tp06_sl065,-4.7712999999999735,-5.821299999999974,-6.5212999999999735,0,0,0,1,5.821299999999974,68.20000000000027,30.5,0.3872131147540966,33.81999999999971,0.24837374334712325,11.489999999999782,15.157500000000004,0.008,-1.0,,,13,1,11.0,2025
2025-11-11 13:00:00+00:00|1.0|handoff_divergence_fade_h13_tp06_sl065,2025-11-11 13:00:00+00:00,STAGE28A,data/reports/stage28a_discovery_factory_batch_runner/stage28a_exact_trades.csv,session_handoff_imbalance_v1,handoff_divergence_fade_h13_tp06_sl065,2.992899999999645,1.942899999999645,1.2428999999996453,1,1,1,0,1.942899999999645,122.17999999999984,33.89000000000033,0.6878135143110113,21.980000000000473,0.06505914467699091,7.1599999999998545,11.308499999999913,0.056,1.0,,,13,1,11.0,2025
2025-11-12 13:00:00+00:00|-1.0|handoff_divergence_fade_h13_tp06_sl065,2025-11-12 13:00:00+00:00,STAGE28A,data/reports/stage28a_discovery_factory_batch_runner/stage28a_exact_trades.csv,session_handoff_imbalance_v1,handoff_divergence_fade_h13_tp06_sl065,3.910299999999916,2.860299999999916,2.160299999999916,1,1,1,0,2.860299999999916,51.600000000000364,41.720000000000255,0.7739693192713271,34.56999999999971,0.5001446340757915,10.8100000000004,13.348500000000058,0.352,-1.0,,,13,2,11.0,2025
2025-11-14 13:00:00+00:00|1.0|handoff_divergence_fade_h13_tp06_sl065,2025-11-14 13:00:00+00:00,STAGE28A,data/reports/stage28a_discovery_factory_batch_runner/stage28a_exact_trades.csv,session_handoff_imbalance_v1,handoff_divergence_fade_h13_tp06_sl065,5.696500000000379,4.646500000000378,3.9465000000003783,1,1,1,0,4.646500000000378,100.11999999999989,41.19999999999982,0.4191747572815438,44.849999999999454,0.7906354515050271,11.11999999999989,18.576999999999863,0.792,1.0,,,13,4,11.0,2025
2025-11-17 13:00:00+00:00|-1.0|handoff_divergence_fade_h13_tp06_sl065,2025-11-17 13:00:00+00:00,STAGE28A,data/reports/stage28a_discovery_factory_batch_runner/stage28a_exact_trades.csv,session_handoff_imbalance_v1,handoff_divergence_fade_h13_tp06_sl065,4.63779999999988,3.5877999999998798,2.88779999999988,1,1,1,0,3.5877999999998798,32.4699999999998,36.690000000000055,0.48460070863996113,46.059999999999945,0.18019973947025048,21.769999999999982,19.9484999999999,0.856,-1.0,,,13,0,11.0,2025
2025-11-18 13:00:00+00:00|-1.0|handoff_divergence_fade_h13_tp06_sl065,2025-11-18 13:00:00+00:00,STAGE28A,data/reports/stage28a_discovery_factory_batch_runner/stage28a_exact_trades.csv,session_handoff_imbalance_v1,handoff_divergence_fade_h13_tp06_sl065,5.003500000000168,3.953500000000168,3.253500000000168,1,1,1,0,3.953500000000168,99.80999999999995,50.38999999999987,0.5225243103790433,52.279999999999745,0.644988523335883,12.899999999999636,20.05499999999997,0.8,-1.0,,,13,1,11.0,2025
2025-11-19 13:00:00+00:00|-1.0|handoff_divergence_fade_h13_tp06_sl065,2025-11-19 13:00:00+00:00,STAGE28A,data/reports/stage28a_discovery_factory_batch_runner/stage28a_exact_trades.csv,session_handoff_imbalance_v1,handoff_divergence_fade_h13_tp06_sl065,-5.52042500000025,-6.570425000000251,-7.27042500000025,0,0,0,1,6.570425000000251,84.03999999999996,24.850000000000364,0.06156941649900111,44.95000000000027,0.7506117908787447,11.990000000000691,15.576000000000112,0.516,-1.0,,,13,2,11.0,2025
2025-11-24 13:00:00+00:00|-1.0|handoff_divergence_fade_h13_tp06_sl065,2025-11-24 13:00:00+00:00,STAGE28A,data/reports/stage28a_discovery_factory_batch_runner/stage28a_exact_trades.csv,session_handoff_imbalance_v1,handoff_divergence_fade_h13_tp06_sl065,-4.7742250000002056,-5.824225000000206,-6.5242250000002056,0,0,0,1,5.824225000000206,12.110000000000127,37.090000000000146,0.8398490159072518,37.44999999999982,0.5321762349799837,13.58999999999969,16.62750000000001,0.32,-1.0,,,13,0,11.0,2025
2025-11-27 13:00:00+00:00|-1.0|handoff_divergence_fade_h13_tp06_sl065,2025-11-27 13:00:00+00:00,STAGE28A,data/reports/stage28a_discovery_factory_batch_runner/stage28a_exact_trades.csv,session_handoff_imbalance_v1,handoff_divergence_fade_h13_tp06_sl065,-3.4339249999999084,-4.483924999999909,-5.183924999999908,0,0,0,1,4.483924999999909,43.900000000000546,25.909999999999854,0.5461211887302441,22.269999999999527,0.26178715761113835,8.109999999999673,9.91649999999986,0.004,-1.0,,,13,3,11.0,2025
2025-11-28 13:00:00+00:00|1.0|handoff_divergence_fade_h13_tp06_sl065,2025-11-28 13:00:00+00:00,STAGE28A,data/reports/stage28a_discovery_factory_batch_runner/stage28a_exact_trades.csv,session_handoff_imbalance_v1,handoff_divergence_fade_h13_tp06_sl065,-6.447324999999728,-7.497324999999728,-8.197324999999728,0,0,0,1,7.497324999999728,25.909999999999854,34.81999999999971,0.7268811028144659,34.909999999999854,0.7023775422514933,17.48999999999978,10.71899999999996,0.1,1.0,,,13,4,11.0,2025
2025-12-03 13:00:00+00:00|1.0|handoff_divergence_fade_h13_tp06_sl065,2025-12-03 13:00:00+00:00,STAGE28A,data/reports/stage28a_discovery_factory_batch_runner/stage28a_exact_trades.csv,session_handoff_imbalance_v1,handoff_divergence_fade_h13_tp06_sl065,2.698899999999776,1.648899999999776,0.9488999999997764,1,1,1,0,1.648899999999776,72.11999999999989,26.11999999999989,0.3575803981623348,29.220000000000255,0.7488021902806269,10.140000000000327,13.567500000000063,0.224,1.0,,,13,2,12.0,2025
2025-12-04 13:00:00+00:00|-1.0|handoff_divergence_fade_h13_tp06_sl065,2025-12-04 13:00:00+00:00,STAGE28A,data/reports/stage28a_discovery_factory_batch_runner/stage28a_exact_trades.csv,session_handoff_imbalance_v1,handoff_divergence_fade_h13_tp06_sl065,3.009400000000278,1.959400000000278,1.2594000000002783,1,1,1,0,1.959400000000278,46.89000000000033,29.470000000000255,0.34747200542923967,27.340000000000146,0.009509875640095717,6.0,13.181500000000005,0.212,-1.0,,,13,3,12.0,2025
2025-12-08 13:00:00+00:00|1.0|handoff_divergence_fade_h13_tp06_sl065,2025-12-08 13:00:00+00:00,STAGE28A,data/reports/stage28a_discovery_factory_batch_runner/stage28a_exact_trades.csv,session_handoff_imbalance_v1,handoff_divergence_fade_h13_tp06_sl065,-3.6653250000004847,-4.715325000000485,-5.415325000000484,0,0,0,1,4.715325000000485,15.210000000000036,19.06999999999971,0.39066596748819776,17.710000000000036,0.29587803500850823,9.029999999999745,12.737000000000126,0.344,1.0,,,13,0,12.0,2025
2025-12-09 13:00:00+00:00|-1.0|handoff_divergence_fade_h13_tp06_sl065,2025-12-09 13:00:00+00:00,STAGE28A,data/reports/stage28a_discovery_factory_batch_runner/stage28a_exact_trades.csv,session_handoff_imbalance_v1,handoff_divergence_fade_h13_tp06_sl065,-3.892174999999588,-4.9421749999995885,-5.642174999999588,0,0,0,1,4.9421749999995885,42.48999999999978,14.079999999999927,0.5589488636363588,42.75,0.39836257309940926,7.0900000000001455,10.495999999999867,0.144,-1.0,,,13,1,12.0,2025
2025-12-11 13:00:00+00:00|-1.0|handoff_divergence_fade_h13_tp06_sl065,2025-12-11 13:00:00+00:00,STAGE28A,data/reports/stage28a_discovery_factory_batch_runner/stage28a_exact_trades.csv,session_handoff_imbalance_v1,handoff_divergence_fade_h13_tp06_sl065,-3.5272000000000845,-4.577200000000085,-5.277200000000084,0,0,0,1,4.577200000000085,56.650000000000546,39.13999999999942,0.4757281553398101,21.590000000000146,0.1491431218156662,14.139999999999418,13.8099999999999,0.668,-1.0,,,13,3,12.0,2025
2025-12-12 13:00:00+00:00|-1.0|handoff_divergence_fade_h13_tp06_sl065,2025-12-12 13:00:00+00:00,STAGE28A,data/reports/stage28a_discovery_factory_batch_runner/stage28a_exact_trades.csv,session_handoff_imbalance_v1,handoff_divergence_fade_h13_tp06_sl065,3.569499999999971,2.519499999999971,1.8194999999999717,1,1,1,0,2.519499999999971,81.61000000000058,18.800000000000182,0.5281914893616642,64.73999999999978,0.9800741427247597,16.06999999999971,13.740999999999985,0.576,-1.0,,,13,4,12.0,2025
2025-12-17 13:00:00+00:00|1.0|handoff_divergence_fade_h13_tp06_sl065,2025-12-17 13:00:00+00:00,STAGE28A,data/reports/stage28a_discovery_factory_batch_runner/stage28a_exact_trades.csv,session_handoff_imbalance_v1,handoff_divergence_fade_h13_tp06_sl065,3.31359999999986,2.2635999999998604,1.5635999999998609,1,1,1,0,2.2635999999998604,63.220000000000255,29.93000000000029,0.7327096558636541,35.470000000000255,0.33718635466591346,15.420000000000073,13.417500000000109,0.552,1.0,,,13,2,12.0,2025
2025-12-19 13:00:00+00:00|-1.0|handoff_divergence_fade_h13_tp06_sl065,2025-12-19 13:00:00+00:00,STAGE28A,data/reports/stage28a_discovery_factory_batch_runner/stage28a_exact_trades.csv,session_handoff_imbalance_v1,handoff_divergence_fade_h13_tp06_sl065,-3.093000000000393,-4.143000000000393,-4.8430000000003925,0,0,0,1,4.143000000000393,65.72000000000025,27.599999999999454,0.44818840579710634,15.989999999999782,0.3089430894308735,9.30999999999949,13.465499999999793,0.56,-1.0,,,13,4,12.0,2025
2025-12-23 13:00:00+00:00|1.0|handoff_divergence_fade_h13_tp06_sl065,2025-12-23 13:00:00+00:00,STAGE28A,data/reports/stage28a_discovery_factory_batch_runner/stage28a_exact_trades.csv,session_handoff_imbalance_v1,handoff_divergence_fade_h13_tp06_sl065,2.619699999999648,1.569699999999648,0.8696999999996482,1,1,1,0,1.569699999999648,122.74000000000069,52.289999999999964,0.42991011665709655,23.69000000000051,0.08104685521313305,7.970000000000255,12.317999999999984,0.404,1.0,,,13,1,12.0,2025
2026-01-06 13:00:00+00:00|1.0|handoff_divergence_fade_h13_tp06_sl065,2026-01-06 13:00:00+00:00,STAGE28A,data/reports/stage28a_discovery_factory_batch_runner/stage28a_exact_trades.csv,session_handoff_imbalance_v1,handoff_divergence_fade_h13_tp06_sl065,3.838299999999799,2.7882999999997997,2.0882999999997995,1,1,1,0,2.7882999999997997,110.64000000000033,40.539999999999964,0.6625555007400024,32.960000000000036,0.46450242718447765,13.220000000000255,15.324999999999955,0.312,1.0,,,13,1,1.0,2026
2026-01-08 13:00:00+00:00|-1.0|handoff_divergence_fade_h13_tp06_sl065,2026-01-08 13:00:00+00:00,STAGE28A,data/reports/stage28a_discovery_factory_batch_runner/stage28a_exact_trades.csv,session_handoff_imbalance_v1,handoff_divergence_fade_h13_tp06_sl065,3.7765000000003055,2.7265000000003057,2.026500000000306,1,1,1,0,2.7265000000003057,76.98000000000047,36.0,0.8824999999999869,24.0,0.07875000000001364,11.590000000000146,14.72700000000009,0.084,-1.0,,,13,3,1.0,2026
2026-01-09 13:00:00+00:00|-1.0|handoff_divergence_fade_h13_tp06_sl065,2026-01-09 13:00:00+00:00,STAGE28A,data/reports/stage28a_discovery_factory_batch_runner/stage28a_exact_trades.csv,session_handoff_imbalance_v1,handoff_divergence_fade_h13_tp06_sl065,2.629000000000269,1.5790000000002693,0.8790000000002696,1,1,1,0,1.5790000000002693,71.64000000000033,31.079999999999927,0.352960102960112,19.199999999999818,0.4234375000000097,7.130000000000109,12.93400000000015,0.004,-1.0,,,13,4,1.0,2026
2026-01-15 13:00:00+00:00|-1.0|handoff_divergence_fade_h13_tp06_sl065,2026-01-15 13:00:00+00:00,STAGE28A,data/reports/stage28a_discovery_factory_batch_runner/stage28a_exact_trades.csv,session_handoff_imbalance_v1,handoff_divergence_fade_h13_tp06_sl065,-4.122925000000214,-5.172925000000214,-5.872925000000214,0,0,0,1,5.172925000000214,55.220000000000255,51.470000000000255,0.4453079463765292,39.04999999999927,0.7062740076824697,10.829999999999927,16.995000000000026,0.56,-1.0,,,13,3,1.0,2026
2026-01-19 13:00:00+00:00|-1.0|handoff_divergence_fade_h13_tp06_sl065,2026-01-19 13:00:00+00:00,STAGE28A,data/reports/stage28a_discovery_factory_batch_runner/stage28a_exact_trades.csv,session_handoff_imbalance_v1,handoff_divergence_fade_h13_tp06_sl065,3.196599999999671,2.146599999999671,1.4465999999996717,1,1,1,0,2.146599999999671,70.75,70.75,0.13371024734982384,17.730000000000473,0.0383530738860842,9.960000000000036,20.762000000000036,0.876,-1.0,,,13,0,1.0,2026
2026-01-21 13:00:00+00:00|1.0|handoff_divergence_fade_h13_tp06_sl065,2026-01-21 13:00:00+00:00,STAGE28A,data/reports/stage28a_discovery_factory_batch_runner/stage28a_exact_trades.csv,session_handoff_imbalance_v1,handoff_divergence_fade_h13_tp06_sl065,-8.120099999999729,-9.17009999999973,-9.870099999999727,0,0,0,1,9.17009999999973,117.38999999999942,112.94999999999982,0.7990261177512187,55.72999999999956,0.06728871343979956,7.260000000000218,22.390000000000008,0.892,1.0,,,13,2,1.0,2026
2026-01-29 13:00:00+00:00|1.0|handoff_divergence_fade_h13_tp06_sl065,2026-01-29 13:00:00+00:00,STAGE28A,data/reports/stage28a_discovery_factory_batch_runner/stage28a_exact_trades.csv,session_handoff_imbalance_v1,handoff_divergence_fade_h13_tp06_sl065,-15.353300000000308,-16.403300000000307,-17.10330000000031,0,0,0,1,16.403300000000307,367.5100000000002,177.09000000000015,0.2549551075724185,120.55000000000018,0.6137702198257957,42.60999999999967,58.37200000000003,1.0,1.0,,,13,3,1.0,2026
2026-02-02 13:00:00+00:00|-1.0|handoff_divergence_fade_h13_tp06_sl065,2026-02-02 13:00:00+00:00,STAGE28A,data/reports/stage28a_discovery_factory_batch_runner/stage28a_exact_trades.csv,session_handoff_imbalance_v1,handoff_divergence_fade_h13_tp06_sl065,33.571000000000275,32.52100000000028,31.821000000000275,1,1,1,0,32.52100000000028,168.01999999999953,300.52999999999975,0.20949655608425147,330.25,0.07887963663891047,76.39999999999964,133.36349999999976,0.992,-1.0,,,13,0,2.0,2026
2026-02-04 13:00:00+00:00|1.0|handoff_divergence_fade_h13_tp06_sl065,2026-02-04 13:00:00+00:00,STAGE28A,data/reports/stage28a_discovery_factory_batch_runner/stage28a_exact_trades.csv,session_handoff_imbalance_v1,handoff_divergence_fade_h13_tp06_sl065,9.637900000000082,8.587900000000081,7.887900000000082,1,1,1,0,8.587900000000081,327.28999999999996,170.6200000000008,0.7802133395850385,50.0,0.6368000000000029,22.479999999999563,46.102499999999964,0.572,1.0,,,13,2,2.0,2026
2026-02-10 13:00:00+00:00|-1.0|handoff_divergence_fade_h13_tp06_sl065,2026-02-10 13:00:00+00:00,STAGE28A,data/reports/stage28a_discovery_factory_batch_runner/stage28a_exact_trades.csv,session_handoff_imbalance_v1,handoff_divergence_fade_h13_tp06_sl065,6.912099999999919,5.862099999999918,5.162099999999919,1,1,1,0,5.862099999999918,121.23000000000047,87.30999999999949,0.0027488260222276097,51.73999999999978,0.304020100502523,21.25,28.691499999999905,0.072,-1.0,,,13,1,2.0,2026
2026-02-13 13:00:00+00:00|1.0|handoff_divergence_fade_h13_tp06_sl065,2026-02-13 13:00:00+00:00,STAGE28A,data/reports/stage28a_discovery_factory_batch_runner/stage28a_exact_trades.csv,session_handoff_imbalance_v1,handoff_divergence_fade_h13_tp06_sl065,-9.040824999999677,-10.090824999999676,-10.790824999999677,0,0,0,1,10.090824999999676,221.16999999999916,110.14999999999964,0.510939627780299,44.63000000000011,0.5969079094779152,33.589999999999236,39.67549999999983,0.428,1.0,,,13,4,2.0,2026
2026-02-16 13:00:00+00:00|-1.0|handoff_divergence_fade_h13_tp06_sl065,2026-02-16 13:00:00+00:00,STAGE28A,data/reports/stage28a_discovery_factory_batch_runner/stage28a_exact_trades.csv,session_handoff_imbalance_v1,handoff_divergence_fade_h13_tp06_sl065,-5.741099999999824,-6.791099999999824,-7.491099999999824,0,0,0,1,6.791099999999824,39.280000000000655,77.38000000000011,0.561643835616438,50.88000000000011,0.5548349056603676,16.6899999999996,23.948999999999934,0.044,-1.0,,,13,0,2.0,2026
2026-02-18 13:00:00+00:00|1.0|handoff_divergence_fade_h13_tp06_sl065,2026-02-18 13:00:00+00:00,STAGE28A,data/reports/stage28a_discovery_factory_batch_runner/stage28a_exact_trades.csv,session_handoff_imbalance_v1,handoff_divergence_fade_h13_tp06_sl065,-5.014724999999634,-6.064724999999635,-6.764724999999634,0,0,0,1,6.064724999999635,157.21000000000004,86.19999999999982,0.8678654292343452,32.5,0.6058461538461415,14.720000000000255,20.17499999999991,0.04,1.0,,,13,2,2.0,2026
2026-02-24 13:00:00+00:00|-1.0|handoff_divergence_fade_h13_tp06_sl065,2026-02-24 13:00:00+00:00,STAGE28A,data/reports/stage28a_discovery_factory_batch_runner/stage28a_exact_trades.csv,session_handoff_imbalance_v1,handoff_divergence_fade_h13_tp06_sl065,5.241099999999642,4.191099999999642,3.4910999999996424,1,1,1,0,4.191099999999642,139.01000000000022,104.50999999999931,0.6400344464644605,29.329999999999927,0.16365496079100558,17.82000000000062,23.55999999999999,0.372,-1.0,,,13,1,2.0,2026
2026-02-26 13:00:00+00:00|1.0|handoff_divergence_fade_h13_tp06_sl065,2026-02-26 13:00:00+00:00,STAGE28A,data/reports/stage28a_discovery_factory_batch_runner/stage28a_exact_trades.csv,session_handoff_imbalance_v1,handoff_divergence_fade_h13_tp06_sl065,-5.877925000000323,-6.927925000000323,-7.627925000000323,0,0,0,1,6.927925000000323,94.65999999999985,43.400000000000546,0.6817972350230362,39.1899999999996,0.5435059964276703,24.050000000000182,21.468999999999916,0.332,1.0,,,13,3,2.0,2026
2026-03-02 13:00:00+00:00|-1.0|handoff_divergence_fade_h13_tp06_sl065,2026-03-02 13:00:00+00:00,STAGE28A,data/reports/stage28a_discovery_factory_batch_runner/stage28a_exact_trades.csv,session_handoff_imbalance_v1,handoff_divergence_fade_h13_tp06_sl065,-8.853950000000259,-9.90395000000026,-10.60395000000026,0,0,0,1,9.90395000000026,87.94000000000051,89.74000000000069,0.3510140405616198,78.23999999999978,0.43366564417177245,21.519999999999527,33.4380000000001,0.98,-1.0,,,13,0,3.0,2026
2026-03-03 13:00:00+00:00|1.0|handoff_divergence_fade_h13_tp06_sl065,2026-03-03 13:00:00+00:00,STAGE28A,data/reports/stage28a_discovery_factory_batch_runner/stage28a_exact_trades.csv,session_handoff_imbalance_v1,handoff_divergence_fade_h13_tp06_sl065,15.548799999999938,14.498799999999935,13.798799999999938,1,1,1,0,14.498799999999935,158.2599999999993,50.460000000000036,0.2964724534284587,140.09999999999945,0.804354032833697,49.88000000000011,34.52399999999993,0.972,1.0,,,13,1,3.0,2026
2026-03-05 13:00:00+00:00|1.0|handoff_divergence_fade_h13_tp06_sl065,2026-03-05 13:00:00+00:00,STAGE28A,data/reports/stage28a_discovery_factory_batch_runner/stage28a_exact_trades.csv,session_handoff_imbalance_v1,handoff_divergence_fade_h13_tp06_sl065,-8.599149999999645,-9.649149999999644,-10.349149999999645,0,0,0,1,9.649149999999644,121.39000000000033,50.22999999999956,0.11108899064304152,59.60999999999967,0.12028183190739997,21.340000000000146,24.423999999999886,0.48,1.0,,,13,3,3.0,2026
2026-03-06 13:00:00+00:00|1.0|handoff_divergence_fade_h13_tp06_sl065,2026-03-06 13:00:00+00:00,STAGE28A,data/reports/stage28a_discovery_factory_batch_runner/stage28a_exact_trades.csv,session_handoff_imbalance_v1,handoff_divergence_fade_h13_tp06_sl065,6.346600000000217,5.2966000000002165,4.596600000000217,1,1,1,0,5.2966000000002165,143.6899999999996,76.73999999999978,0.5422204847537111,54.25,0.6733640552995345,16.86999999999989,26.763000000000012,0.572,1.0,,,13,4,3.0,2026
2026-03-11 13:00:00+00:00|1.0|handoff_divergence_fade_h13_tp06_sl065,2026-03-11 13:00:00+00:00,STAGE28A,data/reports/stage28a_discovery_factory_batch_runner/stage28a_exact_trades.csv,session_handoff_imbalance_v1,handoff_divergence_fade_h13_tp06_sl065,5.535100000000421,4.48510000000042,3.785100000000421,1,1,1,0,4.48510000000042,121.13000000000011,39.590000000000146,0.15584743622126926,35.25,0.5140425531914863,18.13000000000011,20.601499999999987,0.064,1.0,,,13,2,3.0,2026
2026-03-13 13:00:00+00:00|1.0|handoff_divergence_fade_h13_tp06_sl065,2026-03-13 13:00:00+00:00,STAGE28A,data/reports/stage28a_discovery_factory_batch_runner/stage28a_exact_trades.csv,session_handoff_imbalance_v1,handoff_divergence_fade_h13_tp06_sl065,6.649300000000403,5.599300000000403,4.899300000000403,1,1,1,0,5.599300000000403,136.32999999999993,55.710000000000036,0.1202656614611347,49.1299999999992,0.19967433340117344,18.26000000000022,19.618500000000086,0.072,1.0,,,13,4,3.0,2026
2026-03-16 13:00:00+00:00|1.0|handoff_divergence_fade_h13_tp06_sl065,2026-03-16 13:00:00+00:00,STAGE28A,data/reports/stage28a_discovery_factory_batch_runner/stage28a_exact_trades.csv,session_handoff_imbalance_v1,handoff_divergence_fade_h13_tp06_sl065,6.535599999999613,5.485599999999613,4.785599999999613,1,1,1,0,5.485599999999613,62.539999999999964,62.710000000000036,0.2433423696380196,65.6899999999996,0.21205662962398336,29.00999999999931,28.55599999999986,0.536,1.0,,,13,0,3.0,2026
2026-03-17 13:00:00+00:00|1.0|handoff_divergence_fade_h13_tp06_sl065,2026-03-17 13:00:00+00:00,STAGE28A,data/reports/stage28a_discovery_factory_batch_runner/stage28a_exact_trades.csv,session_handoff_imbalance_v1,handoff_divergence_fade_h13_tp06_sl065,-6.170424999999886,-7.220424999999887,-7.920424999999886,0,0,0,1,7.220424999999887,69.77000000000044,46.720000000000255,0.5355308219178146,52.33000000000084,0.7177527231033611,24.07000000000062,18.284000000000106,0.004,1.0,,,13,1,3.0,2026
2026-03-18 13:00:00+00:00|-1.0|handoff_divergence_fade_h13_tp06_sl065,2026-03-18 13:00:00+00:00,STAGE28A,data/reports/stage28a_discovery_factory_batch_runner/stage28a_exact_trades.csv,session_handoff_imbalance_v1,handoff_divergence_fade_h13_tp06_sl065,5.395899999999893,4.345899999999892,3.6458999999998927,1,1,1,0,4.345899999999892,70.88000000000011,33.909999999999854,0.4624004718371999,57.25,0.3369432314410474,33.11999999999989,15.87299999999991,0.028,-1.0,,,13,2,3.0,2026
2026-03-19 13:00:00+00:00|1.0|handoff_divergence_fade_h13_tp06_sl065,2026-03-19 13:00:00+00:00,STAGE28A,data/reports/stage28a_discovery_factory_batch_runner/stage28a_exact_trades.csv,session_handoff_imbalance_v1,handoff_divergence_fade_h13_tp06_sl065,-18.884749999999805,-19.9347499999998,-20.634749999999805,0,0,0,1,19.9347499999998,209.3699999999999,62.36999999999989,0.2081128747795494,187.1199999999999,0.911928174433516,53.06999999999971,32.71500000000001,0.904,1.0,,,13,3,3.0,2026
2026-03-20 13:00:00+00:00|1.0|handoff_divergence_fade_h13_tp06_sl065,2026-03-20 13:00:00+00:00,STAGE28A,data/reports/stage28a_discovery_factory_batch_runner/stage28a_exact_trades.csv,session_handoff_imbalance_v1,handoff_divergence_fade_h13_tp06_sl065,-12.45949999999957,-13.509499999999573,-14.20949999999957,0,0,0,1,13.509499999999573,364.7399999999998,101.35999999999967,0.7723954222573028,96.74000000000069,0.788918751292124,32.159999999999854,37.078499999999984,0.836,1.0,,,13,4,3.0,2026
2026-03-24 13:00:00+00:00|-1.0|handoff_divergence_fade_h13_tp06_sl065,2026-03-24 13:00:00+00:00,STAGE28A,data/reports/stage28a_discovery_factory_batch_runner/stage28a_exact_trades.csv,session_handoff_imbalance_v1,handoff_divergence_fade_h13_tp06_sl065,-15.258725000000233,-16.30872500000023,-17.008725000000233,0,0,0,1,16.30872500000023,437.1700000000001,141.98999999999978,0.7553348827382221,121.75,0.8636550308008258,26.81999999999971,53.630500000000026,0.864,-1.0,,,13,1,3.0,2026
2026-03-25 13:00:00+00:00|1.0|handoff_divergence_fade_h13_tp06_sl065,2026-03-25 13:00:00+00:00,STAGE28A,data/reports/stage28a_discovery_factory_batch_runner/stage28a_exact_trades.csv,session_handoff_imbalance_v1,handoff_divergence_fade_h13_tp06_sl065,-8.785050000000046,-9.835050000000049,-10.535050000000046,0,0,0,1,9.835050000000049,245.17999999999938,146.3800000000001,0.1763902172427906,45.51999999999953,0.31480667838313,11.180000000000291,36.84300000000003,0.632,1.0,,,13,2,3.0,2026
2026-03-26 13:00:00+00:00|1.0|handoff_divergence_fade_h13_tp06_sl065,2026-03-26 13:00:00+00:00,STAGE28A,data/reports/stage28a_discovery_factory_batch_runner/stage28a_exact_trades.csv,session_handoff_imbalance_v1,handoff_divergence_fade_h13_tp06_sl065,10.014700000000085,8.964700000000084,8.264700000000085,1,1,1,0,8.964700000000084,146.3800000000001,54.910000000000764,0.4028410125660095,109.26000000000022,0.7089511257550786,30.920000000000073,34.094000000000094,0.568,1.0,,,13,3,3.0,2026
2026-03-27 13:00:00+00:00|1.0|handoff_divergence_fade_h13_tp06_sl065,2026-03-27 13:00:00+00:00,STAGE28A,data/reports/stage28a_discovery_factory_batch_runner/stage28a_exact_trades.csv,session_handoff_imbalance_v1,handoff_divergence_fade_h13_tp06_sl065,-7.220499999999992,-8.270499999999993,-8.970499999999992,0,0,0,1,8.270499999999993,192.66000000000076,73.67999999999938,0.5563246471226945,64.27999999999975,0.48397635345363715,21.949999999999818,32.14149999999991,0.42,1.0,,,13,4,3.0,2026
2026-04-06 13:00:00+00:00|-1.0|handoff_divergence_fade_h13_tp06_sl065,2026-04-06 13:00:00+00:00,STAGE28A,data/reports/stage28a_discovery_factory_batch_runner/stage28a_exact_trades.csv,session_handoff_imbalance_v1,handoff_divergence_fade_h13_tp06_sl065,-8.007000000000152,-9.057000000000151,-9.757000000000152,0,0,0,1,9.057000000000151,51.22999999999956,70.59000000000015,0.08358124380224584,66.5,0.7993984962405993,15.5600000000004,30.030499999999893,0.144,-1.0,,,13,0,4.0,2026
2026-04-07 13:00:00+00:00|-1.0|handoff_divergence_fade_h13_tp06_sl065,2026-04-07 13:00:00+00:00,STAGE28A,data/reports/stage28a_discovery_factory_batch_runner/stage28a_exact_trades.csv,session_handoff_imbalance_v1,handoff_divergence_fade_h13_tp06_sl065,8.53420000000042,7.484200000000419,6.78420000000042,1,1,1,0,7.484200000000419,105.48999999999978,51.460000000000036,0.17061795569375532,71.22999999999956,0.3018391127334007,35.4399999999996,22.736499999999886,0.052,-1.0,,,13,1,4.0,2026
2026-04-09 13:00:00+00:00|-1.0|handoff_divergence_fade_h13_tp06_sl065,2026-04-09 13:00:00+00:00,STAGE28A,data/reports/stage28a_discovery_factory_batch_runner/stage28a_exact_trades.csv,session_handoff_imbalance_v1,handoff_divergence_fade_h13_tp06_sl065,-7.832149999999819,-8.88214999999982,-9.58214999999982,0,0,0,1,8.88214999999982,154.54999999999927,33.960000000000036,0.176972909305071,29.56999999999971,0.5989178221170176,10.170000000000073,23.505500000000076,0.072,-1.0,,,13,3,4.0,2026
2026-04-10 13:00:00+00:00|1.0|handoff_divergence_fade_h13_tp06_sl065,2026-04-10 13:00:00+00:00,STAGE28A,data/reports/stage28a_discovery_factory_batch_runner/stage28a_exact_trades.csv,session_handoff_imbalance_v1,handoff_divergence_fade_h13_tp06_sl065,4.729300000000331,3.6793000000003295,2.9793000000003307,1,1,1,0,3.6793000000003295,102.13000000000011,41.600000000000364,0.05817307692307817,39.80999999999949,0.3765385581512176,20.00999999999931,18.59099999999994,0.004,1.0,,,13,4,4.0,2026
2026-04-16 13:00:00+00:00|1.0|handoff_divergence_fade_h13_tp06_sl065,2026-04-16 13:00:00+00:00,STAGE28A,data/reports/stage28a_discovery_factory_batch_runner/stage28a_exact_trades.csv,session_handoff_imbalance_v1,handoff_divergence_fade_h13_tp06_sl065,4.352800000000025,3.302800000000025,2.602800000000025,1,1,1,0,3.302800000000025,85.13999999999942,46.51999999999953,0.3555460017196933,31.529999999999745,0.35172851252775883,11.010000000000218,15.487500000000045,0.004,1.0,,,13,3,4.0,2026
2026-04-17 13:00:00+00:00|-1.0|handoff_divergence_fade_h13_tp06_sl065,2026-04-17 13:00:00+00:00,STAGE28A,data/reports/stage28a_discovery_factory_batch_runner/stage28a_exact_trades.csv,session_handoff_imbalance_v1,handoff_divergence_fade_h13_tp06_sl065,3.933099999999649,2.8830999999996494,2.1830999999996497,1,1,1,0,2.8830999999996494,65.03999999999996,33.399999999999636,0.042215568862271555,27.38000000000011,0.10336011687362731,10.930000000000291,14.4125,0.012,-1.0,,,13,4,4.0,2026
2026-04-22 13:00:00+00:00|1.0|handoff_divergence_fade_h13_tp06_sl065,2026-04-22 13:00:00+00:00,STAGE28A,data/reports/stage28a_discovery_factory_batch_runner/stage28a_exact_trades.csv,session_handoff_imbalance_v1,handoff_divergence_fade_h13_tp06_sl065,3.5332000000002157,2.4832000000002155,1.7832000000002155,1,1,1,0,2.4832000000002155,164.42000000000007,49.36000000000058,0.7803889789302891,19.909999999999854,0.14364640883980928,9.9399999999996,22.309999999999945,0.692,1.0,,,13,2,4.0,2026
2026-04-24 13:00:00+00:00|-1.0|handoff_divergence_fade_h13_tp06_sl065,2026-04-24 13:00:00+00:00,STAGE28A,data/reports/stage28a_discovery_factory_batch_runner/stage28a_exact_trades.csv,session_handoff_imbalance_v1,handoff_divergence_fade_h13_tp06_sl065,4.37230000000036,3.3223000000003595,2.62230000000036,1,1,1,0,3.3223000000003595,89.48000000000047,42.279999999999745,0.4973982970671682,39.52000000000044,0.2608805668016267,17.30999999999949,20.427999999999976,0.708,-1.0,,,13,4,4.0,2026
2026-04-27 13:00:00+00:00|1.0|handoff_divergence_fade_h13_tp06_sl065,2026-04-27 13:00:00+00:00,STAGE28A,data/reports/stage28a_discovery_factory_batch_runner/stage28a_exact_trades.csv,session_handoff_imbalance_v1,handoff_divergence_fade_h13_tp06_sl065,3.026500000000305,1.9765000000003057,1.276500000000306,1,1,1,0,1.9765000000003057,19.25,57.220000000000255,0.6957357567284206,30.449999999999818,0.671592775041049,8.670000000000073,13.660000000000036,0.032,1.0,,,13,0,4.0,2026
2026-04-29 13:00:00+00:00|1.0|handoff_divergence_fade_h13_tp06_sl065,2026-04-29 13:00:00+00:00,STAGE28A,data/reports/stage28a_discovery_factory_batch_runner/stage28a_exact_trades.csv,session_handoff_imbalance_v1,handoff_divergence_fade_h13_tp06_sl065,-6.271500000000378,-7.321500000000379,-8.021500000000378,0,0,0,1,7.321500000000379,146.2599999999993,33.97999999999956,0.036492054149493754,55.970000000000255,0.707343219581902,29.19000000000051,15.228000000000202,0.264,1.0,,,13,2,4.0,2026
2026-05-08 13:00:00+00:00|1.0|handoff_divergence_fade_h13_tp06_sl065,2026-05-08 13:00:00+00:00,STAGE28A,data/reports/stage28a_discovery_factory_batch_runner/stage28a_exact_trades.csv,session_handoff_imbalance_v1,handoff_divergence_fade_h13_tp06_sl065,-6.414175000000432,-7.464175000000432,-8.164175000000432,0,0,0,1,7.464175000000432,80.0,50.93000000000029,0.6630669546436154,37.44000000000051,0.20619658119658518,15.270000000000437,22.481500000000143,0.964,1.0,,,13,4,5.0,2026
2026-05-13 13:00:00+00:00|-1.0|handoff_divergence_fade_h13_tp06_sl065,2026-05-13 13:00:00+00:00,STAGE28A,data/reports/stage28a_discovery_factory_batch_runner/stage28a_exact_trades.csv,session_handoff_imbalance_v1,handoff_divergence_fade_h13_tp06_sl065,-5.450225000000136,-6.500225000000137,-7.200225000000136,0,0,0,1,6.500225000000137,134.8199999999997,38.69000000000051,0.5420005169294386,29.390000000000327,0.16570261993874913,15.720000000000255,15.04350000000004,0.088,-1.0,,,13,2,5.0,2026
2026-05-14 13:00:00+00:00|-1.0|handoff_divergence_fade_h13_tp06_sl065,2026-05-14 13:00:00+00:00,STAGE28A,data/reports/stage28a_discovery_factory_batch_runner/stage28a_exact_trades.csv,session_handoff_imbalance_v1,handoff_divergence_fade_h13_tp06_sl065,-6.321550000000206,-7.371550000000207,-8.071550000000206,0,0,0,1,7.371550000000207,57.02000000000044,32.970000000000255,0.7546254170457967,49.600000000000364,0.49818548387096484,14.029999999999745,17.047000000000025,0.236,-1.0,,,13,3,5.0,2026
2026-05-18 13:00:00+00:00|-1.0|handoff_divergence_fade_h13_tp06_sl065,2026-05-18 13:00:00+00:00,STAGE28A,data/reports/stage28a_discovery_factory_batch_runner/stage28a_exact_trades.csv,session_handoff_imbalance_v1,handoff_divergence_fade_h13_tp06_sl065,5.531500000000415,4.481500000000414,3.781500000000415,1,1,1,0,4.481500000000414,26.420000000000073,74.32000000000062,0.06848762109795618,29.890000000000327,0.07862161257946933,11.61999999999989,22.575500000000147,0.892,-1.0,,,13,0,5.0,2026
2026-05-20 13:00:00+00:00|-1.0|handoff_divergence_fade_h13_tp06_sl065,2026-05-20 13:00:00+00:00,STAGE28A,data/reports/stage28a_discovery_factory_batch_runner/stage28a_exact_trades.csv,session_handoff_imbalance_v1,handoff_divergence_fade_h13_tp06_sl065,-6.724550000000454,-7.774550000000454,-8.474550000000454,0,0,0,1,7.774550000000454,124.22000000000025,55.14000000000033,0.37413855640188587,34.54999999999927,0.6208393632416865,18.210000000000036,18.370500000000085,0.32,-1.0,,,13,2,5.0,2026
2026-05-21 13:00:00+00:00|-1.0|handoff_divergence_fade_h13_tp06_sl065,2026-05-21 13:00:00+00:00,STAGE28A,data/reports/stage28a_discovery_factory_batch_runner/stage28a_exact_trades.csv,session_handoff_imbalance_v1,handoff_divergence_fade_h13_tp06_sl065,4.999299999999858,3.9492999999998575,3.2492999999998577,1,1,1,0,3.9492999999998575,98.85000000000036,43.460000000000036,0.26346065347445485,31.13000000000011,0.08833922261484067,15.180000000000291,19.1,0.44,-1.0,,,13,3,5.0,2026
2026-05-27 13:00:00+00:00|-1.0|handoff_divergence_fade_h13_tp06_sl065,2026-05-27 13:00:00+00:00,STAGE28A,data/reports/stage28a_discovery_factory_batch_runner/stage28a_exact_trades.csv,session_handoff_imbalance_v1,handoff_divergence_fade_h13_tp06_sl065,4.401699999999801,3.3516999999998007,2.651699999999801,1,1,1,0,3.3516999999998007,97.72000000000025,31.00999999999931,0.44953240890035184,41.44000000000051,0.16674710424709868,10.69000000000051,15.516500000000041,0.192,-1.0,,,13,2,5.0,2026
2026-05-28 13:00:00+00:00|-1.0|handoff_divergence_fade_h13_tp06_sl065,2026-05-28 13:00:00+00:00,STAGE28A,data/reports/stage28a_discovery_factory_batch_runner/stage28a_exact_trades.csv,session_handoff_imbalance_v1,handoff_divergence_fade_h13_tp06_sl065,5.029299999999603,3.979299999999603,3.279299999999603,1,1,1,0,3.979299999999603,126.31999999999971,97.43000000000029,0.8483013445550589,32.26000000000022,0.5855548667079755,12.599999999999454,17.31949999999979,0.384,-1.0,,,13,3,5.0,2026
2026-06-04 13:00:00+00:00|1.0|handoff_divergence_fade_h13_tp06_sl065,2026-06-04 13:00:00+00:00,STAGE28A,data/reports/stage28a_discovery_factory_batch_runner/stage28a_exact_trades.csv,session_handoff_imbalance_v1,handoff_divergence_fade_h13_tp06_sl065,-4.906174999999712,-5.956174999999712,-6.656174999999712,0,0,0,1,5.956174999999712,70.15000000000055,52.960000000000036,0.2736027190332283,25.360000000000582,0.2602523659305719,14.579999999999927,16.95399999999995,0.492,1.0,,,13,3,6.0,2026
2026-06-05 13:00:00+00:00|-1.0|handoff_divergence_fade_h13_tp06_sl065,2026-06-05 13:00:00+00:00,STAGE28A,data/reports/stage28a_discovery_factory_batch_runner/stage28a_exact_trades.csv,session_handoff_imbalance_v1,handoff_divergence_fade_h13_tp06_sl065,4.245699999999852,3.195699999999852,2.495699999999852,1,1,1,0,3.195699999999852,91.14999999999964,46.159999999999854,0.5955372616984373,40.38999999999942,0.5570685813320209,10.389999999999418,14.364500000000135,0.14,-1.0,,,13,4,6.0,2026
2026-06-09 13:00:00+00:00|1.0|handoff_divergence_fade_h13_tp06_sl065,2026-06-09 13:00:00+00:00,STAGE28A,data/reports/stage28a_discovery_factory_batch_runner/stage28a_exact_trades.csv,session_handoff_imbalance_v1,handoff_divergence_fade_h13_tp06_sl065,-5.8932000000000695,-6.94320000000007,-7.643200000000069,0,0,0,1,6.94320000000007,84.51999999999953,29.149999999999636,0.2957118353344768,30.11999999999989,0.13313413014609007,11.539999999999964,13.842999999999801,0.04,1.0,,,13,1,6.0,2026
2026-06-12 13:00:00+00:00|-1.0|handoff_divergence_fade_h13_tp06_sl065,2026-06-12 13:00:00+00:00,STAGE28A,data/reports/stage28a_discovery_factory_batch_runner/stage28a_exact_trades.csv,session_handoff_imbalance_v1,handoff_divergence_fade_h13_tp06_sl065,5.901400000000104,4.851400000000103,4.151400000000104,1,1,1,0,4.851400000000103,195.99000000000024,75.21000000000004,0.2955723972875888,57.599999999999454,0.4303819444444479,10.399999999999636,30.334000000000106,0.916,-1.0,,,13,4,6.0,2026
2022-05-02 09:00:00+00:00|-1.0|calendar_drop_friday_h9_tp06_sl065,2022-05-02 09:00:00+00:00,STAGE28A,data/reports/stage28a_discovery_factory_batch_runner/stage28a_exact_trades.csv,calendar_time_risk_proxy_v1,calendar_drop_friday_h9_tp06_sl065,1.0657000000000152,0.0157000000000153,-0.6842999999999844,1,0,0,0,0.0157000000000153,3.7100000000000364,15.569999999999936,0.6056518946692423,11.819999999999936,0.6607445008460227,4.470000000000027,,,-1.0,,,9,0,5.0,2022
2022-05-03 09:00:00+00:00|-1.0|calendar_drop_friday_h9_tp06_sl065,2022-05-03 09:00:00+00:00,STAGE28A,data/reports/stage28a_discovery_factory_batch_runner/stage28a_exact_trades.csv,calendar_time_risk_proxy_v1,calendar_drop_friday_h9_tp06_sl065,-1.582400000000098,-2.6324000000000978,-3.332400000000097,0,0,0,0,2.6324000000000978,45.32999999999993,7.480000000000018,0.14705882352939925,14.160000000000082,0.34322033898305787,3.0399999999999636,5.655499999999995,,-1.0,,,9,1,5.0,2022
2022-05-04 09:00:00+00:00|1.0|calendar_drop_friday_h9_tp06_sl065,2022-05-04 09:00:00+00:00,STAGE28A,data/reports/stage28a_discovery_factory_batch_runner/stage28a_exact_trades.csv,calendar_time_risk_proxy_v1,calendar_drop_friday_h9_tp06_sl065,-1.3545749999999317,-2.4045749999999315,-3.1045749999999317,0,0,0,0,2.4045749999999315,27.660000000000082,7.819999999999936,0.5127877237851983,10.710000000000036,0.4836601307189585,3.5599999999999454,4.6965000000000146,,1.0,,,9,2,5.0,2022
2022-05-05 09:00:00+00:00|-1.0|calendar_drop_friday_h9_tp06_sl065,2022-05-05 09:00:00+00:00,STAGE28A,data/reports/stage28a_discovery_factory_batch_runner/stage28a_exact_trades.csv,calendar_time_risk_proxy_v1,calendar_drop_friday_h9_tp06_sl065,-1.5905249999999342,-2.640524999999934,-3.340524999999934,0,0,0,0,2.640524999999934,28.319999999999936,21.529999999999973,0.8569437993497477,12.660000000000082,0.2993680884676097,3.380000000000109,6.300500000000011,0.873015873015873,-1.0,,,9,3,5.0,2022
2022-05-06 22:45:00+00:00|1.0|calendar_drop_friday_h9_tp06_sl065,2022-05-06 22:45:00+00:00,STAGE28A,data/reports/stage28a_discovery_factory_batch_runner/stage28a_exact_trades.csv,calendar_time_risk_proxy_v1,calendar_drop_friday_h9_tp06_sl065,1.2834999999999126,0.2334999999999127,-0.4665000000000869,1,0,1,0,0.2334999999999127,37.289999999999964,12.169999999999845,0.08299096138044403,11.659999999999854,0.5385934819897128,2.1200000000001182,5.645999999999992,0.42,1.0,,,9,4,5.0,2022
2022-05-09 09:00:00+00:00|-1.0|calendar_drop_friday_h9_tp06_sl065,2022-05-09 09:00:00+00:00,STAGE28A,data/reports/stage28a_discovery_factory_batch_runner/stage28a_exact_trades.csv,calendar_time_risk_proxy_v1,calendar_drop_friday_h9_tp06_sl065,-1.5768750000000638,-2.626875000000064,-3.3268750000000638,0,0,0,0,2.626875000000064,5.370000000000118,11.849999999999909,0.5544303797468535,13.889999999999873,0.8135349172066441,3.1200000000001182,5.267500000000007,0.26126126126126126,-1.0,,,9,0,5.0,2022
2022-05-10 09:00:00+00:00|-1.0|calendar_drop_friday_h9_tp06_sl065,2022-05-10 09:00:00+00:00,STAGE28A,data/reports/stage28a_discovery_factory_batch_runner/stage28a_exact_trades.csv,calendar_time_risk_proxy_v1,calendar_drop_friday_h9_tp06_sl065,0.9949000000000524,-0.0550999999999475,-0.7550999999999473,0,0,0,0,0.0550999999999475,34.0,12.160000000000082,0.9555921052631612,7.910000000000082,0.8520859671302072,2.75,5.229000000000019,0.22962962962962963,-1.0,,,9,1,5.0,2022
2022-05-11 09:00:00+00:00|1.0|calendar_drop_friday_h9_tp06_sl065,2022-05-11 09:00:00+00:00,STAGE28A,data/reports/stage28a_discovery_factory_batch_runner/stage28a_exact_trades.csv,calendar_time_risk_proxy_v1,calendar_drop_friday_h9_tp06_sl065,-1.5645250000000943,-2.614525000000094,-3.314525000000094,0,0,0,0,2.614525000000094,29.940000000000055,8.169999999999845,0.2643818849449355,18.360000000000127,0.8687363834422622,2.3099999999999454,5.6625,0.5471698113207547,1.0,,,9,2,5.0,2022
2022-05-12 09:00:00+00:00|-1.0|calendar_drop_friday_h9_tp06_sl065,2022-05-12 09:00:00+00:00,STAGE28A,data/reports/stage28a_discovery_factory_batch_runner/stage28a_exact_trades.csv,calendar_time_risk_proxy_v1,calendar_drop_friday_h9_tp06_sl065,-1.674049999999943,-2.724049999999943,-3.4240499999999425,0,0,0,0,2.724049999999943,25.949999999999818,7.819999999999936,0.054987212276194346,10.240000000000009,0.4843750000000031,5.210000000000036,5.84649999999998,0.5956284153005464,-1.0,,,9,3,5.0,2022
2022-05-13 22:45:00+00:00|1.0|calendar_drop_friday_h9_tp06_sl065,2022-05-13 22:45:00+00:00,STAGE28A,data/reports/stage28a_discovery_factory_batch_runner/stage28a_exact_trades.csv,calendar_time_risk_proxy_v1,calendar_drop_friday_h9_tp06_sl065,-1.8498749999999744,-2.8998749999999744,-3.599874999999974,0,0,0,0,2.8998749999999744,39.69999999999982,16.579999999999927,0.3455971049457203,8.480000000000018,0.22287735849057735,2.4400000000000546,5.502999999999963,0.37727272727272726,1.0,,,9,4,5.0,2022
2022-05-16 09:00:00+00:00|-1.0|calendar_drop_friday_h9_tp06_sl065,2022-05-16 09:00:00+00:00,STAGE28A,data/reports/stage28a_discovery_factory_batch_runner/stage28a_exact_trades.csv,calendar_time_risk_proxy_v1,calendar_drop_friday_h9_tp06_sl065,-1.6633250000000772,-2.713325000000077,-3.4133250000000768,0,0,0,0,2.713325000000077,4.369999999999891,7.9500000000000455,0.04025157232703579,24.470000000000027,0.42296689824274203,3.2100000000000364,5.533500000000004,0.38095238095238093,-1.0,,,9,0,5.0,2022
2022-05-17 09:00:00+00:00|1.0|calendar_drop_friday_h9_tp06_sl065,2022-05-17 09:00:00+00:00,STAGE28A,data/reports/stage28a_discovery_factory_batch_runner/stage28a_exact_trades.csv,calendar_time_risk_proxy_v1,calendar_drop_friday_h9_tp06_sl065,0.6907000000000153,-0.3592999999999846,-1.0592999999999844,0,0,0,0,0.3592999999999846,40.070000000000164,7.480000000000018,0.24064171122993985,7.629999999999882,0.7404980340760391,5.2800000000002,5.3800000000000185,0.288,1.0,,,9,1,5.0,2022
2022-05-18 09:00:00+00:00|1.0|calendar_drop_friday_h9_tp06_sl065,2022-05-18 09:00:00+00:00,STAGE28A,data/reports/stage28a_discovery_factory_batch_runner/stage28a_exact_trades.csv,calendar_time_risk_proxy_v1,calendar_drop_friday_h9_tp06_sl065,-1.652599999999984,-2.702599999999984,-3.402599999999984,0,0,0,0,2.702599999999984,23.24000000000001,9.519999999999982,0.6102941176470542,12.180000000000064,0.9014778325123121,2.6799999999998363,4.651000000000022,0.072,1.0,,,9,2,5.0,2022
2022-05-19 09:00:00+00:00|1.0|calendar_drop_friday_h9_tp06_sl065,2022-05-19 09:00:00+00:00,STAGE28A,data/reports/stage28a_discovery_factory_batch_runner/stage28a_exact_trades.csv,calendar_time_risk_proxy_v1,calendar_drop_friday_h9_tp06_sl065,-1.3266250000000128,-2.3766250000000126,-3.0766250000000124,0,0,0,0,2.3766250000000126,17.430000000000064,3.7799999999999727,0.27777777777776774,19.279999999999973,0.7012448132780084,2.2899999999999636,4.3115000000000006,0.016,1.0,,,9,3,5.0,2022
2022-05-20 22:45:00+00:00|1.0|calendar_drop_friday_h9_tp06_sl065,2022-05-20 22:45:00+00:00,STAGE28A,data/reports/stage28a_discovery_factory_batch_runner/stage28a_exact_trades.csv,calendar_time_risk_proxy_v1,calendar_drop_friday_h9_tp06_sl065,-1.6789250000000266,-2.7289250000000265,-3.428925000000026,0,0,0,0,2.7289250000000265,38.1400000000001,8.070000000000164,0.034696406443614256,8.430000000000064,0.6370106761565928,2.7200000000000273,4.5380000000000225,0.136,1.0,,,9,4,5.0,2022
2022-05-23 09:00:00+00:00|1.0|calendar_drop_friday_h9_tp06_sl065,2022-05-23 09:00:00+00:00,STAGE28A,data/reports/stage28a_discovery_factory_batch_runner/stage28a_exact_trades.csv,calendar_time_risk_proxy_v1,calendar_drop_friday_h9_tp06_sl065,0.8457999999999629,-0.204200000000037,-0.9042000000000368,0,0,0,0,0.204200000000037,5.880000000000109,11.5,0.5826086956521779,13.299999999999955,0.7541353383458652,4.170000000000073,4.815500000000043,0.228,1.0,,,9,0,5.0,2022
2022-05-24 09:00:00+00:00|1.0|calendar_drop_friday_h9_tp06_sl065,2022-05-24 09:00:00+00:00,STAGE28A,data/reports/stage28a_discovery_factory_batch_runner/stage28a_exact_trades.csv,calendar_time_risk_proxy_v1,calendar_drop_friday_h9_tp06_sl065,0.4716999999999643,-0.5783000000000356,-1.2783000000000353,0,0,0,0,0.5783000000000356,21.809999999999945,6.680000000000064,0.3428143712574763,10.269999999999982,0.08081791626096943,1.9600000000000364,3.6774999999999975,0.012,1.0,,,9,1,5.0,2022
2022-05-25 09:00:00+00:00|-1.0|calendar_drop_friday_h9_tp06_sl065,2022-05-25 09:00:00+00:00,STAGE28A,data/reports/stage28a_discovery_factory_batch_runner/stage28a_exact_trades.csv,calendar_time_risk_proxy_v1,calendar_drop_friday_h9_tp06_sl065,-1.3188249999999244,-2.368824999999924,-3.068824999999924,0,0,0,0,2.368824999999924,20.420000000000073,8.389999999999873,0.43623361144218237,8.199999999999818,0.6987804878048958,4.529999999999973,3.869999999999993,0.06,-1.0,,,9,2,5.0,2022
2022-05-26 09:00:00+00:00|-1.0|calendar_drop_friday_h9_tp06_sl065,2022-05-26 09:00:00+00:00,STAGE28A,data/reports/stage28a_discovery_factory_batch_runner/stage28a_exact_trades.csv,calendar_time_risk_proxy_v1,calendar_drop_friday_h9_tp06_sl065,0.6654999999999746,-0.3845000000000254,-1.084500000000025,0,0,0,0,0.3845000000000254,26.61999999999989,5.4699999999998,0.4369287020110032,8.629999999999882,0.5758980301274734,3.25,4.287500000000011,0.236,-1.0,,,9,3,5.0,2022
2022-05-27 22:45:00+00:00|1.0|calendar_drop_friday_h9_tp06_sl065,2022-05-27 22:45:00+00:00,STAGE28A,data/reports/stage28a_discovery_factory_batch_runner/stage28a_exact_trades.csv,calendar_time_risk_proxy_v1,calendar_drop_friday_h9_tp06_sl065,-0.35,-1.4,-2.1,0,0,0,0,1.4,13.589999999999918,8.430000000000064,0.3760379596678317,8.480000000000018,0.4846698113207687,1.9300000000000637,4.1390000000000216,0.28,1.0,,,9,4,5.0,2022
2022-05-30 09:00:00+00:00|-1.0|calendar_drop_friday_h9_tp06_sl065,2022-05-30 09:00:00+00:00,STAGE28A,data/reports/stage28a_discovery_factory_batch_runner/stage28a_exact_trades.csv,calendar_time_risk_proxy_v1,calendar_drop_friday_h9_tp06_sl065,-1.4959500000000845,-2.5459500000000843,-3.245950000000084,0,0,0,0,2.5459500000000843,3.0699999999999363,12.720000000000027,0.7641509433962269,7.75,0.30967741935485044,2.5299999999999727,3.842500000000018,0.136,-1.0,,,9,0,5.0,2022
2022-05-31 09:00:00+00:00|1.0|calendar_drop_friday_h9_tp06_sl065,2022-05-31 09:00:00+00:00,STAGE28A,data/reports/stage28a_discovery_factory_batch_runner/stage28a_exact_trades.csv,calendar_time_risk_proxy_v1,calendar_drop_friday_h9_tp06_sl065,-1.2330250000000889,-2.2830250000000887,-2.9830250000000884,0,0,0,0,2.2830250000000887,15.839999999999918,10.900000000000091,0.19633027522936533,8.049999999999955,0.2534161490683199,2.8799999999998818,3.2299999999999955,0.012,1.0,,,9,1,5.0,2022
2022-06-01 09:00:00+00:00|-1.0|calendar_drop_friday_h9_tp06_sl065,2022-06-01 09:00:00+00:00,STAGE28A,data/reports/stage28a_discovery_factory_batch_runner/stage28a_exact_trades.csv,calendar_time_risk_proxy_v1,calendar_drop_friday_h9_tp06_sl065,0.7111000000001241,-0.3388999999998758,-1.0388999999998756,0,0,0,0,0.3388999999998758,22.00999999999999,5.160000000000082,0.20155038759688898,8.710000000000036,0.5993111366245701,3.880000000000109,4.259500000000014,0.536,-1.0,,,9,2,6.0,2022
2022-06-02 09:00:00+00:00|1.0|calendar_drop_friday_h9_tp06_sl065,2022-06-02 09:00:00+00:00,STAGE28A,data/reports/stage28a_discovery_factory_batch_runner/stage28a_exact_trades.csv,calendar_time_risk_proxy_v1,calendar_drop_friday_h9_tp06_sl065,0.4432000000000698,-0.6067999999999301,-1.3067999999999298,0,0,0,0,0.6067999999999301,21.49000000000001,4.849999999999909,0.4659793814433058,10.8599999999999,0.8508287292817767,4.869999999999891,4.024999999999989,0.376,1.0,,,9,3,6.0,2022
2022-06-03 22:45:00+00:00|1.0|calendar_drop_friday_h9_tp06_sl065,2022-06-03 22:45:00+00:00,STAGE28A,data/reports/stage28a_discovery_factory_batch_runner/stage28a_exact_trades.csv,calendar_time_risk_proxy_v1,calendar_drop_friday_h9_tp06_sl065,-0.35,-1.4,-2.1,0,0,0,0,1.4,26.3599999999999,6.25,0.09119999999998982,5.829999999999927,0.701543739279583,3.3999999999998636,3.9710000000000036,0.48,1.0,,,9,4,6.0,2022
2022-06-06 09:00:00+00:00|-1.0|calendar_drop_friday_h9_tp06_sl065,2022-06-06 09:00:00+00:00,STAGE28A,data/reports/stage28a_discovery_factory_batch_runner/stage28a_exact_trades.csv,calendar_time_risk_proxy_v1,calendar_drop_friday_h9_tp06_sl065,0.3085000000000036,-0.7414999999999963,-1.441499999999996,0,0,0,0,0.7414999999999963,2.599999999999909,6.670000000000073,0.599700149925031,5.759999999999991,0.37326388888890527,2.5,3.7754999999999996,0.352,-1.0,,,9,0,6.0,2022
2022-06-07 09:00:00+00:00|1.0|calendar_drop_friday_h9_tp06_sl065,2022-06-07 09:00:00+00:00,STAGE28A,data/reports/stage28a_discovery_factory_batch_runner/stage28a_exact_trades.csv,calendar_time_risk_proxy_v1,calendar_drop_friday_h9_tp06_sl065,0.6088000000001103,-0.4411999999998897,-1.1411999999998894,0,0,0,0,0.4411999999998897,17.180000000000064,5.460000000000036,0.2655677655677721,10.450000000000045,0.6842105263157952,4.0300000000002,3.4359999999999786,0.232,1.0,,,9,1,6.0,2022
2022-06-08 09:00:00+00:00|1.0|calendar_drop_friday_h9_tp06_sl065,2022-06-08 09:00:00+00:00,STAGE28A,data/reports/stage28a_discovery_factory_batch_runner/stage28a_exact_trades.csv,calendar_time_risk_proxy_v1,calendar_drop_friday_h9_tp06_sl065,-1.174200000000019,-2.224200000000019,-2.9242000000000186,0,0,0,0,2.224200000000019,18.480000000000018,7.009999999999991,0.8359486447931395,5.5,0.49818181818181984,2.6700000000000728,3.7225000000000366,0.412,1.0,,,9,2,6.0,2022
2022-06-09 09:00:00+00:00|-1.0|calendar_drop_friday_h9_tp06_sl065,2022-06-09 09:00:00+00:00,STAGE28A,data/reports/stage28a_discovery_factory_batch_runner/stage28a_exact_trades.csv,calendar_time_risk_proxy_v1,calendar_drop_friday_h9_tp06_sl065,0.4090000000000146,-0.6409999999999854,-1.340999999999985,0,0,0,0,0.6409999999999854,15.110000000000127,4.420000000000073,0.27149321266968907,7.669999999999845,0.7679269882659702,4.119999999999891,3.393999999999994,0.212,-1.0,,,9,3,6.0,2022
2022-06-10 22:45:00+00:00|1.0|calendar_drop_friday_h9_tp06_sl065,2022-06-10 22:45:00+00:00,STAGE28A,data/reports/stage28a_discovery_factory_batch_runner/stage28a_exact_trades.csv,calendar_time_risk_proxy_v1,calendar_drop_friday_h9_tp06_sl065,-0.35,-1.4,-2.1,0,0,0,0,1.4,15.290000000000191,3.7799999999999727,0.45767195767190566,5.2199999999998,0.3812260536398631,6.589999999999918,6.919499999999959,1.0,1.0,,,9,4,6.0,2022
2022-06-13 09:00:00+00:00|-1.0|calendar_drop_friday_h9_tp06_sl065,2022-06-13 09:00:00+00:00,STAGE28A,data/reports/stage28a_discovery_factory_batch_runner/stage28a_exact_trades.csv,calendar_time_risk_proxy_v1,calendar_drop_friday_h9_tp06_sl065,-1.6919249999999466,-2.7419249999999464,-3.441924999999946,0,0,0,0,2.7419249999999464,3.7800000000002,18.88000000000011,0.6705508474576276,14.509999999999991,0.6140592694693375,3.3700000000001182,7.719500000000028,0.996,-1.0,,,9,0,6.0,2022
2022-06-14 09:00:00+00:00|1.0|calendar_drop_friday_h9_tp06_sl065,2022-06-14 09:00:00+00:00,STAGE28A,data/reports/stage28a_discovery_factory_batch_runner/stage28a_exact_trades.csv,calendar_time_risk_proxy_v1,calendar_drop_friday_h9_tp06_sl065,0.7123000000000502,-0.3376999999999497,-1.0376999999999494,0,0,0,0,0.3376999999999497,60.1400000000001,18.980000000000018,0.22760800842992265,9.910000000000082,0.14429868819374891,4.25,6.2329999999999925,0.892,1.0,,,9,1,6.0,2022
2022-06-15 09:00:00+00:00|1.0|calendar_drop_friday_h9_tp06_sl065,2022-06-15 09:00:00+00:00,STAGE28A,data/reports/stage28a_discovery_factory_batch_runner/stage28a_exact_trades.csv,calendar_time_risk_proxy_v1,calendar_drop_friday_h9_tp06_sl065,0.7006000000000313,-0.3493999999999686,-1.0493999999999684,0,0,0,0,0.3493999999999686,26.5,11.839999999999918,0.5861486486486573,12.980000000000018,0.7534668721109368,5.769999999999982,4.772499999999968,0.756,1.0,,,9,2,6.0,2022
2022-06-16 09:00:00+00:00|1.0|calendar_drop_friday_h9_tp06_sl065,2022-06-16 09:00:00+00:00,STAGE28A,data/reports/stage28a_discovery_factory_batch_runner/stage28a_exact_trades.csv,calendar_time_risk_proxy_v1,calendar_drop_friday_h9_tp06_sl065,-1.4195749999999865,-2.469574999999986,-3.169574999999986,0,0,0,0,2.469574999999986,34.37999999999988,6.600000000000136,0.1181818181818116,9.560000000000173,0.2834728033472552,3.1599999999998545,6.282500000000004,0.852,1.0,,,9,3,6.0,2022
2022-06-17 22:45:00+00:00|1.0|calendar_drop_friday_h9_tp06_sl065,2022-06-17 22:45:00+00:00,STAGE28A,data/reports/stage28a_discovery_factory_batch_runner/stage28a_exact_trades.csv,calendar_time_risk_proxy_v1,calendar_drop_friday_h9_tp06_sl065,-0.35,-1.4,-2.1,0,0,0,0,1.4,42.25999999999999,14.240000000000009,0.599016853932582,10.61999999999989,0.542372881355937,3.1100000000001273,4.685000000000002,0.544,1.0,,,9,4,6.0,2022
2022-06-20 09:00:00+00:00|-1.0|calendar_drop_friday_h9_tp06_sl065,2022-06-20 09:00:00+00:00,STAGE28A,data/reports/stage28a_discovery_factory_batch_runner/stage28a_exact_trades.csv,calendar_time_risk_proxy_v1,calendar_drop_friday_h9_tp06_sl065,1.0407999999998991,-0.0092000000001006,-0.7092000000001004,0,0,0,0,0.0092000000001006,5.519999999999982,11.340000000000146,0.43033509700176775,6.120000000000118,0.5065359477124308,2.490000000000009,4.7730000000000015,0.544,-1.0,,,9,0,6.0,2022
2022-06-21 09:00:00+00:00|-1.0|calendar_drop_friday_h9_tp06_sl065,2022-06-21 09:00:00+00:00,STAGE28A,data/reports/stage28a_discovery_factory_batch_runner/stage28a_exact_trades.csv,calendar_time_risk_proxy_v1,calendar_drop_friday_h9_tp06_sl065,-1.2700749999999972,-2.320074999999997,-3.0200749999999967,0,0,0,0,2.320074999999997,11.340000000000146,5.1400000000001,0.4299610894941621,8.159999999999854,0.3566176470588399,5.829999999999927,2.8440000000000167,0.036,-1.0,,,9,1,6.0,2022
2022-06-22 09:00:00+00:00|-1.0|calendar_drop_friday_h9_tp06_sl065,2022-06-22 09:00:00+00:00,STAGE28A,data/reports/stage28a_discovery_factory_batch_runner/stage28a_exact_trades.csv,calendar_time_risk_proxy_v1,calendar_drop_friday_h9_tp06_sl065,-1.501149999999916,-2.551149999999916,-3.251149999999916,0,0,0,0,2.551149999999916,15.059999999999945,7.599999999999909,0.48289473684212064,6.970000000000027,0.15351506456243322,2.3099999999999454,4.043499999999983,0.356,-1.0,,,9,2,6.0,2022
2022-06-23 09:00:00+00:00|1.0|calendar_drop_friday_h9_tp06_sl065,2022-06-23 09:00:00+00:00,STAGE28A,data/reports/stage28a_discovery_factory_batch_runner/stage28a_exact_trades.csv,calendar_time_risk_proxy_v1,calendar_drop_friday_h9_tp06_sl065,0.661299999999892,-0.3887000000001079,-1.0887000000001077,0,0,0,0,0.3887000000001079,24.480000000000018,6.289999999999964,0.782193958664563,7.670000000000073,0.10299869621902948,3.979999999999791,4.490000000000009,0.392,1.0,,,9,3,6.0,2022
2022-06-24 22:45:00+00:00|1.0|calendar_drop_friday_h9_tp06_sl065,2022-06-24 22:45:00+00:00,STAGE28A,data/reports/stage28a_discovery_factory_batch_runner/stage28a_exact_trades.csv,calendar_time_risk_proxy_v1,calendar_drop_friday_h9_tp06_sl065,0.7116999999999735,-0.3383000000000264,-1.0383000000000262,0,0,0,0,0.3383000000000264,23.519999999999982,4.769999999999982,0.19706498951783188,10.599999999999909,0.34150943396227823,4.059999999999945,4.313999999999976,0.284,1.0,,,9,4,6.0,2022
2022-06-27 09:00:00+00:00|1.0|calendar_drop_friday_h9_tp06_sl065,2022-06-27 09:00:00+00:00,STAGE28A,data/reports/stage28a_discovery_factory_batch_runner/stage28a_exact_trades.csv,calendar_time_risk_proxy_v1,calendar_drop_friday_h9_tp06_sl065,0.4534000000000106,-0.5965999999999894,-1.296599999999989,0,0,0,0,0.5965999999999894,4.920000000000073,8.6400000000001,0.12268518518520377,7.1599999999998545,0.34636871508380845,2.2799999999999727,4.356999999999971,0.272,1.0,,,9,0,6.0,2022
2022-06-28 09:00:00+00:00|1.0|calendar_drop_friday_h9_tp06_sl065,2022-06-28 09:00:00+00:00,STAGE28A,data/reports/stage28a_discovery_factory_batch_runner/stage28a_exact_trades.csv,calendar_time_risk_proxy_v1,calendar_drop_friday_h9_tp06_sl065,-1.115049999999974,-2.1650499999999737,-2.865049999999973,0,0,0,0,2.1650499999999737,20.230000000000018,4.779999999999973,0.7656903765690116,5.139999999999873,0.2529182879377406,1.6800000000000637,3.0165000000000077,0.044,1.0,,,9,1,6.0,2022
2022-06-29 09:00:00+00:00|-1.0|calendar_drop_friday_h9_tp06_sl065,2022-06-29 09:00:00+00:00,STAGE28A,data/reports/stage28a_discovery_factory_batch_runner/stage28a_exact_trades.csv,calendar_time_risk_proxy_v1,calendar_drop_friday_h9_tp06_sl065,-1.111799999999994,-2.1617999999999937,-2.861799999999993,0,0,0,0,2.1617999999999937,11.039999999999964,4.660000000000082,0.22532188841200346,10.309999999999945,0.5819592628516035,1.6200000000001182,3.068500000000006,0.088,-1.0,,,9,2,6.0,2022
2022-06-30 09:00:00+00:00|-1.0|calendar_drop_friday_h9_tp06_sl065,2022-06-30 09:00:00+00:00,STAGE28A,data/reports/stage28a_discovery_factory_batch_runner/stage28a_exact_trades.csv,calendar_time_risk_proxy_v1,calendar_drop_friday_h9_tp06_sl065,0.4096000000000913,-0.6403999999999086,-1.3403999999999083,0,0,0,0,0.6403999999999086,20.939999999999827,4.75,0.21684210526315215,6.769999999999982,0.6469719350074034,1.7699999999999818,3.942500000000018,0.328,-1.0,,,9,3,6.0,2022
2022-07-01 22:45:00+00:00|1.0|calendar_drop_friday_h9_tp06_sl065,2022-07-01 22:45:00+00:00,STAGE28A,data/reports/stage28a_discovery_factory_batch_runner/stage28a_exact_trades.csv,calendar_time_risk_proxy_v1,calendar_drop_friday_h9_tp06_sl065,-0.35,-1.4,-2.1,0,0,0,0,1.4,22.309999999999945,5.990000000000009,0.7979966611018307,10.75,0.5441860465116194,4.75,5.46500000000002,0.936,1.0,,,9,4,7.0,2022
2022-07-04 09:00:00+00:00|-1.0|calendar_drop_friday_h9_tp06_sl065,2022-07-04 09:00:00+00:00,STAGE28A,data/reports/stage28a_discovery_factory_batch_runner/stage28a_exact_trades.csv,calendar_time_risk_proxy_v1,calendar_drop_friday_h9_tp06_sl065,-1.4478500000001078,-2.497850000000108,-3.1978500000001078,0,0,0,0,2.497850000000108,2.3299999999999272,8.740000000000009,0.16819221967963682,8.240000000000009,0.6844660194174871,2.3900000000001,5.208000000000015,0.884,-1.0,,,9,0,7.0,2022
2022-07-05 09:00:00+00:00|-1.0|calendar_drop_friday_h9_tp06_sl065,2022-07-05 09:00:00+00:00,STAGE28A,data/reports/stage28a_discovery_factory_batch_runner/stage28a_exact_trades.csv,calendar_time_risk_proxy_v1,calendar_drop_friday_h9_tp06_sl065,0.4369000000000597,-0.6130999999999402,-1.31309999999994,0,0,0,0,0.6130999999999402,10.349999999999909,5.660000000000082,0.3021201413427582,11.75,0.6289361702127745,1.6700000000000728,2.603999999999985,0.004,-1.0,,,9,1,7.0,2022
2022-07-06 09:00:00+00:00|-1.0|calendar_drop_friday_h9_tp06_sl065,2022-07-06 09:00:00+00:00,STAGE28A,data/reports/stage28a_discovery_factory_batch_runner/stage28a_exact_trades.csv,calendar_time_risk_proxy_v1,calendar_drop_friday_h9_tp06_sl065,0.9393999999998868,-0.110600000000113,-0.8106000000001128,0,0,0,0,0.110600000000113,48.25,7.059999999999945,0.1713881019830093,8.720000000000027,0.6135321100917569,4.980000000000018,5.29899999999999,0.872,-1.0,,,9,2,7.0,2022
2022-07-07 09:00:00+00:00|-1.0|calendar_drop_friday_h9_tp06_sl065,2022-07-07 09:00:00+00:00,STAGE28A,data/reports/stage28a_discovery_factory_batch_runner/stage28a_exact_trades.csv,calendar_time_risk_proxy_v1,calendar_drop_friday_h9_tp06_sl065,0.7842999999999393,-0.2657000000000606,-0.9657000000000604,0,0,0,0,0.2657000000000606,40.66000000000008,10.450000000000045,0.6411483253588532,7.569999999999936,0.33685601056802855,3.6099999999999,5.693999999999994,0.904,-1.0,,,9,3,7.0,2022
2022-07-08 22:45:00+00:00|1.0|calendar_drop_friday_h9_tp06_sl065,2022-07-08 22:45:00+00:00,STAGE28A,data/reports/stage28a_discovery_factory_batch_runner/stage28a_exact_trades.csv,calendar_time_risk_proxy_v1,calendar_drop_friday_h9_tp06_sl065,0.6853000000000066,-0.3646999999999933,-1.064699999999993,0,0,0,0,0.3646999999999933,12.600000000000136,7.740000000000009,0.34625322997413865,10.710000000000036,0.3725490196078427,2.5699999999999363,5.355500000000006,0.804,1.0,,,9,4,7.0,2022
2022-07-11 09:00:00+00:00|-1.0|calendar_drop_friday_h9_tp06_sl065,2022-07-11 09:00:00+00:00,STAGE28A,data/reports/stage28a_discovery_factory_batch_runner/stage28a_exact_trades.csv,calendar_time_risk_proxy_v1,calendar_drop_friday_h9_tp06_sl065,-1.2639000000000125,-2.3139000000000123,-3.013900000000012,0,0,0,0,2.3139000000000123,4.230000000000018,6.099999999999909,0.16557377049180425,7.990000000000009,0.9386733416770953,2.5599999999999454,4.65250000000002,0.612,-1.0,,,9,0,7.0,2022
2022-07-12 09:00:00+00:00|1.0|calendar_drop_friday_h9_tp06_sl065,2022-07-12 09:00:00+00:00,STAGE28A,data/reports/stage28a_discovery_factory_batch_runner/stage28a_exact_trades.csv,calendar_time_risk_proxy_v1,calendar_drop_friday_h9_tp06_sl065,-2.248650000000089,-3.2986500000000887,-3.998650000000088,0,0,0,1,3.2986500000000887,13.3599999999999,21.100000000000136,0.008056872037918088,13.6099999999999,0.11535635562086317,4.029999999999973,4.444500000000028,0.572,1.0,,,9,1,7.0,2022
2022-07-13 09:00:00+00:00|1.0|calendar_drop_friday_h9_tp06_sl065,2022-07-13 09:00:00+00:00,STAGE28A,data/reports/stage28a_discovery_factory_batch_runner/stage28a_exact_trades.csv,calendar_time_risk_proxy_v1,calendar_drop_friday_h9_tp06_sl065,0.5784999999999855,-0.4715000000000144,-1.1715000000000142,0,0,0,0,0.4715000000000144,21.100000000000136,6.019999999999982,0.245847176079738,7.830000000000155,0.11238825031929651,2.6000000000001364,3.6980000000000017,0.26,1.0,,,9,2,7.0,2022
2022-07-14 09:00:00+00:00|-1.0|calendar_drop_friday_h9_tp06_sl065,2022-07-14 09:00:00+00:00,STAGE28A,data/reports/stage28a_discovery_factory_batch_runner/stage28a_exact_trades.csv,calendar_time_risk_proxy_v1,calendar_drop_friday_h9_tp06_sl065,-1.833625000000075,-2.8836250000000745,-3.5836250000000742,0,0,0,0,2.8836250000000745,38.049999999999955,10.920000000000073,0.21245421245422602,20.029999999999973,0.7688467299051365,2.730000000000018,6.770000000000005,0.996,-1.0,,,9,3,7.0,2022
2022-07-15 22:45:00+00:00|1.0|calendar_drop_friday_h9_tp06_sl065,2022-07-15 22:45:00+00:00,STAGE28A,data/reports/stage28a_discovery_factory_batch_runner/stage28a_exact_trades.csv,calendar_time_risk_proxy_v1,calendar_drop_friday_h9_tp06_sl065,-0.35,-1.4,-2.1,0,0,0,0,1.4,38.809999999999945,8.070000000000164,0.23420074349440326,11.740000000000009,0.5144804088585996,1.3800000000001091,4.825500000000045,0.516,1.0,,,9,4,7.0,2022
2022-07-18 09:00:00+00:00|1.0|calendar_drop_friday_h9_tp06_sl065,2022-07-18 09:00:00+00:00,STAGE28A,data/reports/stage28a_discovery_factory_batch_runner/stage28a_exact_trades.csv,calendar_time_risk_proxy_v1,calendar_drop_friday_h9_tp06_sl065,0.6753999999999906,-0.3746000000000093,-1.074600000000009,0,0,0,0,0.3746000000000093,3.1399999999998727,11.819999999999936,0.5972927241962953,12.009999999999991,0.5029142381348849,4.3400000000001455,4.409000000000015,0.368,1.0,,,9,0,7.0,2022
2022-07-19 09:00:00+00:00|1.0|calendar_drop_friday_h9_tp06_sl065,2022-07-19 09:00:00+00:00,STAGE28A,data/reports/stage28a_discovery_factory_batch_runner/stage28a_exact_trades.csv,calendar_time_risk_proxy_v1,calendar_drop_friday_h9_tp06_sl065,0.4639000000001033,-0.5860999999998966,-1.2860999999998963,0,0,0,0,0.5860999999998966,17.99000000000001,4.889999999999873,0.30061349693252876,7.759999999999991,0.49742268041238813,3.1900000000000546,3.7225000000000135,0.18,1.0,,,9,1,7.0,2022
2022-07-20 09:00:00+00:00|-1.0|calendar_drop_friday_h9_tp06_sl065,2022-07-20 09:00:00+00:00,STAGE28A,data/reports/stage28a_discovery_factory_batch_runner/stage28a_exact_trades.csv,calendar_time_risk_proxy_v1,calendar_drop_friday_h9_tp06_sl065,-1.2941249999999855,-2.3441249999999854,-3.044124999999985,0,0,0,0,2.3441249999999854,13.169999999999845,3.900000000000091,0.02307692307690155,7.980000000000018,0.08771929824561954,3.880000000000109,3.1675000000000297,0.044,-1.0,,,9,2,7.0,2022
2022-07-21 09:00:00+00:00|-1.0|calendar_drop_friday_h9_tp06_sl065,2022-07-21 09:00:00+00:00,STAGE28A,data/reports/stage28a_discovery_factory_batch_runner/stage28a_exact_trades.csv,calendar_time_risk_proxy_v1,calendar_drop_friday_h9_tp06_sl065,0.5092000000001008,-0.5407999999998991,-1.2407999999998989,0,0,0,0,0.5407999999998991,21.980000000000018,7.3400000000001455,0.5953678474114175,11.529999999999973,0.6131830008673184,1.8200000000001637,3.7744999999999775,0.272,-1.0,,,9,3,7.0,2022
2022-07-22 22:45:00+00:00|1.0|calendar_drop_friday_h9_tp06_sl065,2022-07-22 22:45:00+00:00,STAGE28A,data/reports/stage28a_discovery_factory_batch_runner/stage28a_exact_trades.csv,calendar_time_risk_proxy_v1,calendar_drop_friday_h9_tp06_sl065,-0.35,-1.4,-2.1,0,0,0,0,1.4,39.34999999999991,6.4500000000000455,0.5581395348837029,12.649999999999864,0.8426877470355887,6.2000000000000455,4.8830000000000044,0.676,1.0,,,9,4,7.0,2022
2022-07-25 09:00:00+00:00|1.0|calendar_drop_friday_h9_tp06_sl065,2022-07-25 09:00:00+00:00,STAGE28A,data/reports/stage28a_discovery_factory_batch_runner/stage28a_exact_trades.csv,calendar_time_risk_proxy_v1,calendar_drop_friday_h9_tp06_sl065,0.5638000000000375,-0.4861999999999624,-1.1861999999999622,0,0,0,0,0.4861999999999624,1.5700000000001637,8.950000000000045,0.13854748603351988,12.480000000000018,0.5993589743589749,3.150000000000091,4.619999999999993,0.552,1.0,,,9,0,7.0,2022
2022-07-26 09:00:00+00:00|-1.0|calendar_drop_friday_h9_tp06_sl065,2022-07-26 09:00:00+00:00,STAGE28A,data/reports/stage28a_discovery_factory_batch_runner/stage28a_exact_trades.csv,calendar_time_risk_proxy_v1,calendar_drop_friday_h9_tp06_sl065,-1.4550000000000185,-2.505000000000018,-3.205000000000018,0,0,0,0,2.505000000000018,21.460000000000036,10.149999999999864,0.5320197044335137,8.980000000000018,0.4432071269487762,2.349999999999909,3.4800000000000066,0.16,-1.0,,,9,1,7.0,2022
2022-07-27 09:00:00+00:00|1.0|calendar_drop_friday_h9_tp06_sl065,2022-07-27 09:00:00+00:00,STAGE28A,data/reports/stage28a_discovery_factory_batch_runner/stage28a_exact_trades.csv,calendar_time_risk_proxy_v1,calendar_drop_friday_h9_tp06_sl065,-1.3552250000001096,-2.4052250000001094,-3.105225000000109,0,0,0,0,2.4052250000001094,14.579999999999927,4.2999999999999545,0.34883720930232925,11.460000000000036,0.47382198952878,5.320000000000164,3.317499999999973,0.116,1.0,,,9,2,7.0,2022
2022-07-28 09:00:00+00:00|1.0|calendar_drop_friday_h9_tp06_sl065,2022-07-28 09:00:00+00:00,STAGE28A,data/reports/stage28a_discovery_factory_batch_runner/stage28a_exact_trades.csv,calendar_time_risk_proxy_v1,calendar_drop_friday_h9_tp06_sl065,0.5856999999999971,-0.4643000000000028,-1.1643000000000026,0,0,0,0,0.4643000000000028,28.660000000000082,7.730000000000018,0.18111254851230113,13.089999999999918,0.32773109243697407,3.509999999999991,4.741500000000007,0.692,1.0,,,9,3,7.0,2022
2022-07-29 22:45:00+00:00|1.0|calendar_drop_friday_h9_tp06_sl065,2022-07-29 22:45:00+00:00,STAGE28A,data/reports/stage28a_discovery_factory_batch_runner/stage28a_exact_trades.csv,calendar_time_risk_proxy_v1,calendar_drop_friday_h9_tp06_sl065,-0.35,-1.4,-2.1,0,0,0,0,1.4,23.1400000000001,11.269999999999982,0.6752440106477295,11.579999999999927,0.22625215889465758,2.769999999999982,4.687999999999988,0.716,1.0,,,9,4,7.0,2022
2022-08-01 09:00:00+00:00|1.0|calendar_drop_friday_h9_tp06_sl065,2022-08-01 09:00:00+00:00,STAGE28A,data/reports/stage28a_discovery_factory_batch_runner/stage28a_exact_trades.csv,calendar_time_risk_proxy_v1,calendar_drop_friday_h9_tp06_sl065,-1.3243499999999586,-2.3743499999999584,-3.074349999999958,0,0,0,0,2.3743499999999584,2.3300000000001546,5.310000000000173,0.20527306967982725,15.36999999999989,0.7391021470396865,2.740000000000009,4.101500000000021,0.5,1.0,,,9,0,8.0,2022
2022-08-02 09:00:00+00:00|-1.0|calendar_drop_friday_h9_tp06_sl065,2022-08-02 09:00:00+00:00,STAGE28A,data/reports/stage28a_discovery_factory_batch_runner/stage28a_exact_trades.csv,calendar_time_risk_proxy_v1,calendar_drop_friday_h9_tp06_sl065,0.612099999999964,-0.4379000000000359,-1.1379000000000357,0,0,0,0,0.4379000000000359,16.699999999999818,9.649999999999864,0.30880829015544664,7.150000000000091,0.008391608391600653,3.290000000000191,4.108000000000027,0.504,-1.0,,,9,1,8.0,2022
2022-08-03 09:00:00+00:00|-1.0|calendar_drop_friday_h9_tp06_sl065,2022-08-03 09:00:00+00:00,STAGE28A,data/reports/stage28a_discovery_factory_batch_runner/stage28a_exact_trades.csv,calendar_time_risk_proxy_v1,calendar_drop_friday_h9_tp06_sl065,-1.5947500000000674,-2.644750000000067,-3.344750000000067,0,0,0,0,2.644750000000067,28.529999999999973,14.2800000000002,0.6435574229691825,6.519999999999982,0.4647239263803652,3.5799999999999272,5.808500000000015,0.944,-1.0,,,9,2,8.0,2022
2022-08-04 09:00:00+00:00|1.0|calendar_drop_friday_h9_tp06_sl065,2022-08-04 09:00:00+00:00,STAGE28A,data/reports/stage28a_discovery_factory_batch_runner/stage28a_exact_trades.csv,calendar_time_risk_proxy_v1,calendar_drop_friday_h9_tp06_sl065,0.5712999999999738,-0.4787000000000261,-1.1787000000000258,0,0,0,0,0.4787000000000261,18.460000000000036,8.320000000000164,0.889423076923043,11.079999999999927,0.8086642599278064,5.259999999999991,4.116500000000042,0.372,1.0,,,9,3,8.0,2022
2022-08-05 22:45:00+00:00|1.0|calendar_drop_friday_h9_tp06_sl065,2022-08-05 22:45:00+00:00,STAGE28A,data/reports/stage28a_discovery_factory_batch_runner/stage28a_exact_trades.csv,calendar_time_risk_proxy_v1,calendar_drop_friday_h9_tp06_sl065,0.750400000000036,-0.2995999999999639,-0.9995999999999636,0,0,0,0,0.2995999999999639,31.680000000000064,6.100000000000136,0.19180327868853222,7.569999999999936,0.7384412153236414,3.5399999999999636,4.851500000000021,0.812,1.0,,,9,4,8.0,2022
2022-08-08 09:00:00+00:00|1.0|calendar_drop_friday_h9_tp06_sl065,2022-08-08 09:00:00+00:00,STAGE28A,data/reports/stage28a_discovery_factory_batch_runner/stage28a_exact_trades.csv,calendar_time_risk_proxy_v1,calendar_drop_friday_h9_tp06_sl065,0.4311999999998989,-0.618800000000101,-1.3188000000001008,0,0,0,0,0.618800000000101,4.460000000000036,4.879999999999882,0.0860655737705088,7.879999999999882,0.5418781725888383,5.189999999999827,4.5694999999999935,0.572,1.0,,,9,0,8.0,2022
2022-08-09 09:00:00+00:00|1.0|calendar_drop_friday_h9_tp06_sl065,2022-08-09 09:00:00+00:00,STAGE28A,data/reports/stage28a_discovery_factory_batch_runner/stage28a_exact_trades.csv,calendar_time_risk_proxy_v1,calendar_drop_friday_h9_tp06_sl065,0.3619000000000142,-0.6880999999999857,-1.3880999999999857,0,0,0,0,0.6880999999999857,19.449999999999818,7.440000000000055,0.3360215053763416,9.8599999999999,0.5324543610547722,3.3599999999999,3.1030000000000086,0.024,1.0,,,9,1,8.0,2022
2022-08-10 09:00:00+00:00|1.0|calendar_drop_friday_h9_tp06_sl065,2022-08-10 09:00:00+00:00,STAGE28A,data/reports/stage28a_discovery_factory_batch_runner/stage28a_exact_trades.csv,calendar_time_risk_proxy_v1,calendar_drop_friday_h9_tp06_sl065,-1.0675999999999477,-2.1175999999999475,-2.8175999999999477,0,0,0,0,2.1175999999999475,17.15000000000009,4.0,0.5999999999999659,7.539999999999964,0.3859416445623168,2.2000000000000455,3.2119999999999775,0.06,1.0,,,9,2,8.0,2022
2022-08-11 09:00:00+00:00|1.0|calendar_drop_friday_h9_tp06_sl065,2022-08-11 09:00:00+00:00,STAGE28A,data/reports/stage28a_discovery_factory_batch_runner/stage28a_exact_trades.csv,calendar_time_risk_proxy_v1,calendar_drop_friday_h9_tp06_sl065,0.5661999999998898,-0.4838000000001101,-1.18380000000011,0,0,0,0,0.4838000000001101,20.269999999999982,8.3900000000001,0.6376638855780506,6.789999999999964,0.6465390279823117,3.2199999999998,4.590499999999997,0.6,1.0,,,9,3,8.0,2022
2022-08-12 22:45:00+00:00|1.0|calendar_drop_friday_h9_tp06_sl065,2022-08-12 22:45:00+00:00,STAGE28A,data/reports/stage28a_discovery_factory_batch_runner/stage28a_exact_trades.csv,calendar_time_risk_proxy_v1,calendar_drop_friday_h9_tp06_sl065,-0.35,-1.4,-2.1,0,0,0,0,1.4,15.679999999999836,5.190000000000055,0.6358381502890019,8.059999999999945,0.440446650124095,3.6800000000000637,4.034999999999991,0.452,1.0,,,9,4,8.0,2022
2022-08-15 09:00:00+00:00|-1.0|calendar_drop_friday_h9_tp06_sl065,2022-08-15 09:00:00+00:00,STAGE28A,data/reports/stage28a_discovery_factory_batch_runner/stage28a_exact_trades.csv,calendar_time_risk_proxy_v1,calendar_drop_friday_h9_tp06_sl065,-1.201175000000012,-2.251175000000012,-2.951175000000012,0,0,0,0,2.251175000000012,2.5799999999999272,8.339999999999918,0.5851318944844313,17.659999999999854,0.8969422423556086,2.4600000000000364,3.7600000000000025,0.276,-1.0,,,9,0,8.0,2022
2022-08-16 09:00:00+00:00|-1.0|calendar_drop_friday_h9_tp06_sl065,2022-08-16 09:00:00+00:00,STAGE28A,data/reports/stage28a_discovery_factory_batch_runner/stage28a_exact_trades.csv,calendar_time_risk_proxy_v1,calendar_drop_friday_h9_tp06_sl065,0.3880000000000564,-0.6619999999999435,-1.3619999999999433,0,0,0,0,0.6619999999999435,29.309999999999945,6.2999999999999545,0.46190476190477825,8.120000000000118,0.6896551724137998,1.6300000000001091,3.6069999999999935,0.236,-1.0,,,9,1,8.0,2022
2022-08-17 09:00:00+00:00|-1.0|calendar_drop_friday_h9_tp06_sl065,2022-08-17 09:00:00+00:00,STAGE28A,data/reports/stage28a_discovery_factory_batch_runner/stage28a_exact_trades.csv,calendar_time_risk_proxy_v1,calendar_drop_friday_h9_tp06_sl065,-1.1628249999999754,-2.212824999999975,-2.912824999999975,0,0,0,0,2.212824999999975,11.660000000000082,3.1499999999998636,0.17777777777776815,10.319999999999936,0.22093023255813826,3.6900000000000546,2.9245000000000005,0.052,-1.0,,,9,2,8.0,2022
2022-08-18 09:00:00+00:00|1.0|calendar_drop_friday_h9_tp06_sl065,2022-08-18 09:00:00+00:00,STAGE28A,data/reports/stage28a_discovery_factory_batch_runner/stage28a_exact_trades.csv,calendar_time_risk_proxy_v1,calendar_drop_friday_h9_tp06_sl065,-1.153724999999986,-2.2037249999999857,-2.903724999999985,0,0,0,0,2.2037249999999857,22.449999999999818,5.760000000000218,0.032986111111119334,8.139999999999873,0.7960687960688108,2.519999999999982,3.961000000000001,0.56,1.0,,,9,3,8.0,2022
2022-08-19 22:45:00+00:00|1.0|calendar_drop_friday_h9_tp06_sl065,2022-08-19 22:45:00+00:00,STAGE28A,data/reports/stage28a_discovery_factory_batch_runner/stage28a_exact_trades.csv,calendar_time_risk_proxy_v1,calendar_drop_friday_h9_tp06_sl065,0.5649999999999636,-0.4850000000000363,-1.185000000000036,0,0,0,0,0.4850000000000363,17.089999999999918,5.740000000000009,0.548780487804893,5.559999999999945,0.13129496402878155,3.2100000000000364,3.7059999999999604,0.528,1.0,,,9,4,8.0,2022
2022-08-22 09:00:00+00:00|-1.0|calendar_drop_friday_h9_tp06_sl065,2022-08-22 09:00:00+00:00,STAGE28A,data/reports/stage28a_discovery_factory_batch_runner/stage28a_exact_trades.csv,calendar_time_risk_proxy_v1,calendar_drop_friday_h9_tp06_sl065,0.474100000000044,-0.5758999999999559,-1.2758999999999556,0,0,0,0,0.5758999999999559,3.1100000000001273,4.170000000000073,0.17266187050360066,14.790000000000191,0.6112237998647632,2.1099999999999,3.3709999999999694,0.332,-1.0,,,9,0,8.0,2022
2022-08-23 09:00:00+00:00|1.0|calendar_drop_friday_h9_tp06_sl065,2022-08-23 09:00:00+00:00,STAGE28A,data/reports/stage28a_discovery_factory_batch_runner/stage28a_exact_trades.csv,calendar_time_risk_proxy_v1,calendar_drop_friday_h9_tp06_sl065,-1.224250000000075,-2.2742500000000745,-2.9742500000000742,0,0,0,0,2.2742500000000745,21.340000000000146,6.380000000000109,0.4247648902821301,9.120000000000118,0.10087719298246281,2.3999999999998636,3.3700000000000045,0.344,1.0,,,9,1,8.0,2022
2022-08-24 09:00:00+00:00|1.0|calendar_drop_friday_h9_tp06_sl065,2022-08-24 09:00:00+00:00,STAGE28A,data/reports/stage28a_discovery_factory_batch_runner/stage28a_exact_trades.csv,calendar_time_risk_proxy_v1,calendar_drop_friday_h9_tp06_sl065,0.2902000000000498,-0.7597999999999501,-1.4597999999999498,0,0,0,0,0.7597999999999501,23.309999999999945,3.979999999999791,0.36934673366836795,9.430000000000064,0.3955461293743365,2.400000000000091,3.6299999999999613,0.472,1.0,,,9,2,8.0,2022
2022-08-25 09:00:00+00:00|1.0|calendar_drop_friday_h9_tp06_sl065,2022-08-25 09:00:00+00:00,STAGE28A,data/reports/stage28a_discovery_factory_batch_runner/stage28a_exact_trades.csv,calendar_time_risk_proxy_v1,calendar_drop_friday_h9_tp06_sl065,-1.1950000000000274,-2.245000000000027,-2.945000000000027,0,0,0,0,2.245000000000027,13.490000000000009,7.819999999999936,0.6598465473145647,9.720000000000027,0.7150205761316899,2.75,3.4000000000000115,0.348,1.0,,,9,3,8.0,2022
2022-08-26 22:45:00+00:00|1.0|calendar_drop_friday_h9_tp06_sl065,2022-08-26 22:45:00+00:00,STAGE28A,data/reports/stage28a_discovery_factory_batch_runner/stage28a_exact_trades.csv,calendar_time_risk_proxy_v1,calendar_drop_friday_h9_tp06_sl065,0.8545000000000528,-0.1954999999999471,-0.8954999999999469,0,0,0,0,0.1954999999999471,15.519999999999982,6.579999999999927,0.03647416413374039,9.5,0.804210526315776,2.8500000000001364,4.438999999999953,0.988,1.0,,,9,4,8.0,2022
2022-08-29 09:00:00+00:00|-1.0|calendar_drop_friday_h9_tp06_sl065,2022-08-29 09:00:00+00:00,STAGE28A,data/reports/stage28a_discovery_factory_batch_runner/stage28a_exact_trades.csv,calendar_time_risk_proxy_v1,calendar_drop_friday_h9_tp06_sl065,-1.5424249999999575,-2.5924249999999573,-3.292424999999957,0,0,0,0,2.5924249999999573,3.8599999999999,15.049999999999955,0.7495016611295685,5.519999999999982,0.24456521739132986,3.75,5.152999999999963,1.0,-1.0,,,9,0,8.0,2022
2022-08-30 09:00:00+00:00|-1.0|calendar_drop_friday_h9_tp06_sl065,2022-08-30 09:00:00+00:00,STAGE28A,data/reports/stage28a_discovery_factory_batch_runner/stage28a_exact_trades.csv,calendar_time_risk_proxy_v1,calendar_drop_friday_h9_tp06_sl065,-1.3392999999999575,-2.3892999999999573,-3.089299999999957,0,0,0,0,2.3892999999999573,25.179999999999836,6.619999999999891,0.38670694864051586,8.840000000000146,0.07352941176468925,2.3099999999999454,3.8484999999999787,0.652,-1.0,,,9,1,8.0,2022
2022-08-31 09:00:00+00:00|-1.0|calendar_drop_friday_h9_tp06_sl065,2022-08-31 09:00:00+00:00,STAGE28A,data/reports/stage28a_discovery_factory_batch_runner/stage28a_exact_trades.csv,calendar_time_risk_proxy_v1,calendar_drop_friday_h9_tp06_sl065,-1.3308499999999186,-2.3808499999999184,-3.080849999999918,0,0,0,0,2.3808499999999184,19.339999999999918,3.8899999999998727,0.26478149100257237,15.8599999999999,0.8209331651954643,2.9699999999998,2.9989999999999783,0.112,-1.0,,,9,2,8.0,2022
2022-09-01 09:00:00+00:00|-1.0|calendar_drop_friday_h9_tp06_sl065,2022-09-01 09:00:00+00:00,STAGE28A,data/reports/stage28a_discovery_factory_batch_runner/stage28a_exact_trades.csv,calendar_time_risk_proxy_v1,calendar_drop_friday_h9_tp06_sl065,-1.3103749999998855,-2.3603749999998853,-3.060374999999885,0,0,0,0,2.3603749999998853,16.909999999999854,9.11999999999989,0.7225877192982453,8.200000000000045,0.14878048780488054,5.829999999999927,4.3044999999999956,0.848,-1.0,,,9,3,9.0,2022
2022-09-02 22:45:00+00:00|1.0|calendar_drop_friday_h9_tp06_sl065,2022-09-02 22:45:00+00:00,STAGE28A,data/reports/stage28a_discovery_factory_batch_runner/stage28a_exact_trades.csv,calendar_time_risk_proxy_v1,calendar_drop_friday_h9_tp06_sl065,-0.35,-1.4,-2.1,0,0,0,0,1.4,22.61999999999989,5.330000000000155,0.7448405253283137,8.539999999999964,0.8723653395784368,4.710000000000036,3.7680000000000065,0.544,1.0,,,9,4,9.0,2022
2022-09-05 09:00:00+00:00|-1.0|calendar_drop_friday_h9_tp06_sl065,2022-09-05 09:00:00+00:00,STAGE28A,data/reports/stage28a_discovery_factory_batch_runner/stage28a_exact_trades.csv,calendar_time_risk_proxy_v1,calendar_drop_friday_h9_tp06_sl065,0.5187999999999647,-0.5312000000000352,-1.231200000000035,0,0,0,0,0.5312000000000352,1.9400000000000546,5.160000000000082,0.354651162790722,6.2999999999999545,0.3365079365079216,2.900000000000091,3.90150000000001,0.586,-1.0,,,9,0,9.0,2022
2022-09-06 09:00:00+00:00|-1.0|calendar_drop_friday_h9_tp06_sl065,2022-09-06 09:00:00+00:00,STAGE28A,data/reports/stage28a_discovery_factory_batch_runner/stage28a_exact_trades.csv,calendar_time_risk_proxy_v1,calendar_drop_friday_h9_tp06_sl065,-1.294774999999936,-2.344774999999936,-3.044774999999936,0,0,0,0,2.344774999999936,8.049999999999955,16.909999999999854,0.2950916617386193,9.699999999999818,0.6608247422680621,4.0900000000001455,3.2525000000000093,0.228,-1.0,,,9,1,9.0,2022
2022-09-07 09:00:00+00:00|1.0|calendar_drop_friday_h9_tp06_sl065,2022-09-07 09:00:00+00:00,STAGE28A,data/reports/stage28a_discovery_factory_batch_runner/stage28a_exact_trades.csv,calendar_time_risk_proxy_v1,calendar_drop_friday_h9_tp06_sl065,-1.5550999999999022,-2.605099999999902,-3.305099999999902,0,0,0,0,2.605099999999902,26.909999999999854,11.450000000000045,0.618340611353703,15.829999999999927,0.8597599494630425,2.8200000000001637,4.2085000000000035,0.748,1.0,,,9,2,9.0,2022
2022-09-08 09:00:00+00:00|1.0|calendar_drop_friday_h9_tp06_sl065,2022-09-08 09:00:00+00:00,STAGE28A,data/reports/stage28a_discovery_factory_batch_runner/stage28a_exact_trades.csv,calendar_time_risk_proxy_v1,calendar_drop_friday_h9_tp06_sl065,-1.408524999999918,-2.4585249999999177,-3.158524999999917,0,0,0,0,2.4585249999999177,28.09999999999991,5.789999999999964,0.6269430051813699,8.8900000000001,0.6850393700787488,2.9500000000000455,3.8695000000000164,0.5,1.0,,,9,3,9.0,2022
2022-09-09 22:45:00+00:00|1.0|calendar_drop_friday_h9_tp06_sl065,2022-09-09 22:45:00+00:00,STAGE28A,data/reports/stage28a_discovery_factory_batch_runner/stage28a_exact_trades.csv,calendar_time_risk_proxy_v1,calendar_drop_friday_h9_tp06_sl065,-0.35,-1.4,-2.1,0,0,0,0,1.4,24.13000000000011,12.230000000000018,0.821749795584623,11.269999999999982,0.7080745341614935,1.9600000000000364,4.281500000000006,0.676,1.0,,,9,4,9.0,2022
2022-09-12 09:00:00+00:00|1.0|calendar_drop_friday_h9_tp06_sl065,2022-09-12 09:00:00+00:00,STAGE28A,data/reports/stage28a_discovery_factory_batch_runner/stage28a_exact_trades.csv,calendar_time_risk_proxy_v1,calendar_drop_friday_h9_tp06_sl065,0.5061999999999444,-0.5438000000000556,-1.2438000000000553,0,0,0,0,0.5438000000000556,3.480000000000018,7.889999999999873,0.7553865652725137,15.549999999999955,0.7491961414790931,3.6099999999999,3.745499999999981,0.3,1.0,,,9,0,9.0,2022
2022-09-13 09:00:00+00:00|1.0|calendar_drop_friday_h9_tp06_sl065,2022-09-13 09:00:00+00:00,STAGE28A,data/reports/stage28a_discovery_factory_batch_runner/stage28a_exact_trades.csv,calendar_time_risk_proxy_v1,calendar_drop_friday_h9_tp06_sl065,-1.3594500000000154,-2.409450000000015,-3.109450000000015,0,0,0,0,2.409450000000015,23.170000000000073,6.830000000000155,0.5710102489019038,8.160000000000082,0.6580882352940977,2.9400000000000546,3.811000000000013,0.364,1.0,,,9,1,9.0,2022
2022-09-14 09:00:00+00:00|1.0|calendar_drop_friday_h9_tp06_sl065,2022-09-14 09:00:00+00:00,STAGE28A,data/reports/stage28a_discovery_factory_batch_runner/stage28a_exact_trades.csv,calendar_time_risk_proxy_v1,calendar_drop_friday_h9_tp06_sl065,-1.4894500000001245,-2.5394500000001243,-3.239450000000124,0,0,0,0,2.5394500000001243,34.73000000000002,6.289999999999964,0.25119236883941753,7.259999999999991,0.6170798898071658,3.1700000000000728,5.270000000000039,0.996,1.0,,,9,2,9.0,2022
2022-09-15 09:00:00+00:00|-1.0|calendar_drop_friday_h9_tp06_sl065,2022-09-15 09:00:00+00:00,STAGE28A,data/reports/stage28a_discovery_factory_batch_runner/stage28a_exact_trades.csv,calendar_time_risk_proxy_v1,calendar_drop_friday_h9_tp06_sl065,-1.4312750000000052,-2.481275000000005,-3.1812750000000047,0,0,0,0,2.481275000000005,13.440000000000055,7.509999999999991,0.6378162450066537,7.75,0.4141935483871015,3.650000000000091,3.3424999999999727,0.144,-1.0,,,9,3,9.0,2022
2022-09-16 22:45:00+00:00|1.0|calendar_drop_friday_h9_tp06_sl065,2022-09-16 22:45:00+00:00,STAGE28A,data/reports/stage28a_discovery_factory_batch_runner/stage28a_exact_trades.csv,calendar_time_risk_proxy_v1,calendar_drop_friday_h9_tp06_sl065,0.8250999999999294,-0.2249000000000705,-0.9249000000000702,0,0,0,0,0.2249000000000705,37.899999999999864,6.4500000000000455,0.26976744186046464,12.11999999999989,0.3902640264026453,4.940000000000055,5.365999999999962,0.932,1.0,,,9,4,9.0,2022
2022-09-19 09:00:00+00:00|-1.0|calendar_drop_friday_h9_tp06_sl065,2022-09-19 09:00:00+00:00,STAGE28A,data/reports/stage28a_discovery_factory_batch_runner/stage28a_exact_trades.csv,calendar_time_risk_proxy_v1,calendar_drop_friday_h9_tp06_sl065,-1.44719999999993,-2.4971999999999297,-3.197199999999929,0,0,0,0,2.4971999999999297,4.819999999999936,11.710000000000036,0.7856532877882166,10.049999999999955,0.5353233830845677,2.3799999999998818,4.973499999999968,0.784,-1.0,,,9,0,9.0,2022
2022-09-20 09:00:00+00:00|-1.0|calendar_drop_friday_h9_tp06_sl065,2022-09-20 09:00:00+00:00,STAGE28A,data/reports/stage28a_discovery_factory_batch_runner/stage28a_exact_trades.csv,calendar_time_risk_proxy_v1,calendar_drop_friday_h9_tp06_sl065,0.4773999999998978,-0.5726000000001021,-1.272600000000102,0,0,0,0,0.5726000000001021,20.230000000000018,6.029999999999973,0.2338308457711212,10.629999999999882,0.8701787394167547,3.1399999999998727,3.5730000000000133,0.188,-1.0,,,9,1,9.0,2022
2022-09-21 09:00:00+00:00|1.0|calendar_drop_friday_h9_tp06_sl065,2022-09-21 09:00:00+00:00,STAGE28A,data/reports/stage28a_discovery_factory_batch_runner/stage28a_exact_trades.csv,calendar_time_risk_proxy_v1,calendar_drop_friday_h9_tp06_sl065,-1.3376750000000812,-2.387675000000081,-3.0876750000000808,0,0,0,0,2.387675000000081,19.49000000000001,4.599999999999909,0.31304347826083817,14.440000000000055,0.6606648199445934,4.410000000000082,3.175000000000023,0.04,1.0,,,9,2,9.0,2022
2022-09-22 09:00:00+00:00|1.0|calendar_drop_friday_h9_tp06_sl065,2022-09-22 09:00:00+00:00,STAGE28A,data/reports/stage28a_discovery_factory_batch_runner/stage28a_exact_trades.csv,calendar_time_risk_proxy_v1,calendar_drop_friday_h9_tp06_sl065,0.8827000000000226,-0.1672999999999773,-0.8672999999999771,0,0,0,0,0.1672999999999773,34.13999999999987,16.600000000000136,0.6379518072289055,22.539999999999964,0.2666370896184561,3.589999999999918,6.47249999999998,0.976,1.0,,,9,3,9.0,2022
2022-09-23 22:45:00+00:00|1.0|calendar_drop_friday_h9_tp06_sl065,2022-09-23 22:45:00+00:00,STAGE28A,data/reports/stage28a_discovery_factory_batch_runner/stage28a_exact_trades.csv,calendar_time_risk_proxy_v1,calendar_drop_friday_h9_tp06_sl065,1.131700000000046,0.0817000000000462,-0.6182999999999534,1,0,0,0,0.0817000000000462,29.309999999999945,7.279999999999973,0.2967032967033091,21.38000000000011,0.5673526660430225,5.75,5.946000000000015,0.892,1.0,,,9,4,9.0,2022
2022-09-26 09:00:00+00:00|1.0|calendar_drop_friday_h9_tp06_sl065,2022-09-26 09:00:00+00:00,STAGE28A,data/reports/stage28a_discovery_factory_batch_runner/stage28a_exact_trades.csv,calendar_time_risk_proxy_v1,calendar_drop_friday_h9_tp06_sl065,1.1407000000000609,0.0907000000000608,-0.6092999999999389,1,0,0,0,0.0907000000000608,5.389999999999873,19.279999999999973,0.29253112033195583,15.199999999999818,0.22434210526316598,5.629999999999882,7.2934999999999945,0.96,1.0,,,9,0,9.0,2022
2022-09-27 09:00:00+00:00|1.0|calendar_drop_friday_h9_tp06_sl065,2022-09-27 09:00:00+00:00,STAGE28A,data/reports/stage28a_discovery_factory_batch_runner/stage28a_exact_trades.csv,calendar_time_risk_proxy_v1,calendar_drop_friday_h9_tp06_sl065,0.5773000000000593,-0.4726999999999406,-1.1726999999999403,0,0,0,0,0.4726999999999406,28.61999999999989,10.209999999999809,0.36924583741430483,9.63000000000011,0.1921079958463256,5.210000000000036,5.040999999999974,0.516,1.0,,,9,1,9.0,2022
2022-09-28 09:00:00+00:00|-1.0|calendar_drop_friday_h9_tp06_sl065,2022-09-28 09:00:00+00:00,STAGE28A,data/reports/stage28a_discovery_factory_batch_runner/stage28a_exact_trades.csv,calendar_time_risk_proxy_v1,calendar_drop_friday_h9_tp06_sl065,-1.3701750000001085,-2.4201750000001083,-3.120175000000108,0,0,0,0,2.4201750000001083,19.6099999999999,7.720000000000027,0.6968911917098268,10.920000000000073,0.7225274725274768,2.980000000000018,4.032500000000016,0.316,-1.0,,,9,2,9.0,2022
2022-09-29 09:00:00+00:00|-1.0|calendar_drop_friday_h9_tp06_sl065,2022-09-29 09:00:00+00:00,STAGE28A,data/reports/stage28a_discovery_factory_batch_runner/stage28a_exact_trades.csv,calendar_time_risk_proxy_v1,calendar_drop_friday_h9_tp06_sl065,-1.7757749999999306,-2.8257749999999304,-3.52577499999993,0,0,0,0,2.8257749999999304,47.98000000000002,7.710000000000036,0.4137483787289286,13.070000000000164,0.5057383320581345,9.690000000000055,6.343000000000006,0.792,-1.0,,,9,3,9.0,2022
2022-09-30 22:45:00+00:00|1.0|calendar_drop_friday_h9_tp06_sl065,2022-09-30 22:45:00+00:00,STAGE28A,data/reports/stage28a_discovery_factory_batch_runner/stage28a_exact_trades.csv,calendar_time_risk_proxy_v1,calendar_drop_friday_h9_tp06_sl065,-0.35,-1.4,-2.1,0,0,0,0,1.4,23.40000000000009,5.970000000000027,0.15577889447237175,12.980000000000018,0.41063174114022705,3.3600000000001273,4.76450000000001,0.456,1.0,,,9,4,9.0,2022
2022-10-03 09:00:00+00:00|-1.0|calendar_drop_friday_h9_tp06_sl065,2022-10-03 09:00:00+00:00,STAGE28A,data/reports/stage28a_discovery_factory_batch_runner/stage28a_exact_trades.csv,calendar_time_risk_proxy_v1,calendar_drop_friday_h9_tp06_sl065,0.6478000000000975,-0.4021999999999024,-1.102199999999902,0,0,0,0,0.4021999999999024,4.540000000000191,8.75,0.07314285714286857,8.669999999999845,0.26758938869665255,5.580000000000155,4.38450000000006,0.332,-1.0,,,9,0,10.0,2022
2022-10-04 09:00:00+00:00|1.0|calendar_drop_friday_h9_tp06_sl065,2022-10-04 09:00:00+00:00,STAGE28A,data/reports/stage28a_discovery_factory_batch_runner/stage28a_exact_trades.csv,calendar_time_risk_proxy_v1,calendar_drop_friday_h9_tp06_sl065,0.8482000000000426,-0.2017999999999573,-0.9017999999999572,0,0,0,0,0.2017999999999573,41.819999999999936,7.339999999999918,0.08446866485012232,13.170000000000073,0.6522399392558748,6.440000000000055,5.827999999999998,0.664,1.0,,,9,1,10.0,2022
2022-10-05 09:00:00+00:00|-1.0|calendar_drop_friday_h9_tp06_sl065,2022-10-05 09:00:00+00:00,STAGE28A,data/reports/stage28a_discovery_factory_batch_runner/stage28a_exact_trades.csv,calendar_time_risk_proxy_v1,calendar_drop_friday_h9_tp06_sl065,0.8802999999999429,-0.169700000000057,-0.8697000000000568,0,0,0,0,0.169700000000057,34.200000000000045,8.230000000000018,0.7095990279465255,21.699999999999818,0.5949308755760456,4.350000000000136,4.887499999999989,0.416,-1.0,,,9,2,10.0,2022
2022-10-06 09:00:00+00:00|-1.0|calendar_drop_friday_h9_tp06_sl065,2022-10-06 09:00:00+00:00,STAGE28A,data/reports/stage28a_discovery_factory_batch_runner/stage28a_exact_trades.csv,calendar_time_risk_proxy_v1,calendar_drop_friday_h9_tp06_sl065,0.6645999999999731,-0.3854000000000268,-1.0854000000000266,0,0,0,0,0.3854000000000268,27.309999999999945,9.439999999999827,0.6430084745762762,12.129999999999882,0.6158285243198763,3.5900000000001455,4.90350000000002,0.332,-1.0,,,9,3,10.0,2022
2022-10-07 22:45:00+00:00|1.0|calendar_drop_friday_h9_tp06_sl065,2022-10-07 22:45:00+00:00,STAGE28A,data/reports/stage28a_discovery_factory_batch_runner/stage28a_exact_trades.csv,calendar_time_risk_proxy_v1,calendar_drop_friday_h9_tp06_sl065,1.1193999999999504,0.0693999999999506,-0.6306000000000491,1,0,0,0,0.0693999999999506,18.649999999999864,4.269999999999982,0.4637002341920437,6.3900000000001,0.45539906103283395,3.839999999999918,5.5434999999999945,0.64,1.0,,,9,4,10.0,2022
2022-10-10 09:00:00+00:00|-1.0|calendar_drop_friday_h9_tp06_sl065,2022-10-10 09:00:00+00:00,STAGE28A,data/reports/stage28a_discovery_factory_batch_runner/stage28a_exact_trades.csv,calendar_time_risk_proxy_v1,calendar_drop_friday_h9_tp06_sl065,0.9343000000000302,-0.1156999999999697,-0.8156999999999694,0,0,0,0,0.1156999999999697,4.789999999999964,12.700000000000045,0.6787401574803039,11.519999999999982,0.7282986111111209,3.5299999999999727,5.725999999999976,0.672,-1.0,,,9,0,10.0,2022
2022-10-11 09:00:00+00:00|1.0|calendar_drop_friday_h9_tp06_sl065,2022-10-11 09:00:00+00:00,STAGE28A,data/reports/stage28a_discovery_factory_batch_runner/stage28a_exact_trades.csv,calendar_time_risk_proxy_v1,calendar_drop_friday_h9_tp06_sl065,1.1098000000000865,0.0598000000000866,-0.6401999999999131,1,0,0,0,0.0598000000000866,34.23000000000002,12.269999999999982,0.37734311328444303,7.810000000000173,0.20102432778487855,4.120000000000118,4.2529999999999974,0.128,1.0,,,9,1,10.0,2022
2022-10-12 09:00:00+00:00|1.0|calendar_drop_friday_h9_tp06_sl065,2022-10-12 09:00:00+00:00,STAGE28A,data/reports/stage28a_discovery_factory_batch_runner/stage28a_exact_trades.csv,calendar_time_risk_proxy_v1,calendar_drop_friday_h9_tp06_sl065,0.8653000000000702,-0.1846999999999297,-0.8846999999999294,0,0,0,0,0.1846999999999297,22.8900000000001,5.490000000000009,0.14207650273223524,10.549999999999955,0.45118483412322385,4.459999999999809,5.0260000000000336,0.54,1.0,,,9,2,10.0,2022
2022-10-13 09:00:00+00:00|1.0|calendar_drop_friday_h9_tp06_sl065,2022-10-13 09:00:00+00:00,STAGE28A,data/reports/stage28a_discovery_factory_batch_runner/stage28a_exact_trades.csv,calendar_time_risk_proxy_v1,calendar_drop_friday_h9_tp06_sl065,0.3481000000000677,-0.7018999999999322,-1.401899999999932,0,0,0,0,0.7018999999999322,16.950000000000045,6.440000000000055,0.669254658385079,10.8900000000001,0.5096418732782281,2.1400000000001,3.280500000000063,0.004,1.0,,,9,3,10.0,2022
2022-10-14 22:45:00+00:00|1.0|calendar_drop_friday_h9_tp06_sl065,2022-10-14 22:45:00+00:00,STAGE28A,data/reports/stage28a_discovery_factory_batch_runner/stage28a_exact_trades.csv,calendar_time_risk_proxy_v1,calendar_drop_friday_h9_tp06_sl065,-0.35,-1.4,-2.1,0,0,0,0,1.4,40.01999999999998,11.259999999999991,0.3028419182948565,21.539999999999964,0.7000928505106861,3.9500000000000455,6.210500000000013,0.928,1.0,,,9,4,10.0,2022
2022-10-17 09:00:00+00:00|1.0|calendar_drop_friday_h9_tp06_sl065,2022-10-17 09:00:00+00:00,STAGE28A,data/reports/stage28a_discovery_factory_batch_runner/stage28a_exact_trades.csv,calendar_time_risk_proxy_v1,calendar_drop_friday_h9_tp06_sl065,-1.337024999999903,-2.387024999999903,-3.087024999999903,0,0,0,0,2.387024999999903,4.039999999999964,9.529999999999973,0.4952780692549885,9.61999999999989,0.7079002079002102,4.8900000000001,5.188999999999998,0.564,1.0,,,9,0,10.0,2022
2022-10-18 09:00:00+00:00|-1.0|calendar_drop_friday_h9_tp06_sl065,2022-10-18 09:00:00+00:00,STAGE28A,data/reports/stage28a_discovery_factory_batch_runner/stage28a_exact_trades.csv,calendar_time_risk_proxy_v1,calendar_drop_friday_h9_tp06_sl065,-1.6496749999999794,-2.699674999999979,-3.399674999999979,0,0,0,0,2.699674999999979,25.279999999999973,4.639999999999873,0.4008620689655067,12.230000000000018,0.039247751430909035,4.559999999999945,4.326499999999987,0.228,-1.0,,,9,1,10.0,2022
2022-10-19 09:00:00+00:00|-1.0|calendar_drop_friday_h9_tp06_sl065,2022-10-19 09:00:00+00:00,STAGE28A,data/reports/stage28a_discovery_factory_batch_runner/stage28a_exact_trades.csv,calendar_time_risk_proxy_v1,calendar_drop_friday_h9_tp06_sl065,0.4923999999999978,-0.5576000000000021,-1.2576000000000018,0,0,0,0,0.5576000000000021,15.049999999999955,5.379999999999882,0.6189591078067338,11.819999999999936,0.6142131979695457,2.8299999999999272,3.4424999999999613,0.036,-1.0,,,9,2,10.0,2022
2022-10-20 09:00:00+00:00|1.0|calendar_drop_friday_h9_tp06_sl065,2022-10-20 09:00:00+00:00,STAGE28A,data/reports/stage28a_discovery_factory_batch_runner/stage28a_exact_trades.csv,calendar_time_risk_proxy_v1,calendar_drop_friday_h9_tp06_sl065,-1.6766499999999724,-2.7266499999999723,-3.426649999999972,0,0,0,0,2.7266499999999723,26.74000000000001,7.850000000000136,0.21910828025477674,10.799999999999955,0.7990740740740876,3.519999999999982,3.921499999999992,0.116,1.0,,,9,3,10.0,2022
2022-10-21 22:45:00+00:00|1.0|calendar_drop_friday_h9_tp06_sl065,2022-10-21 22:45:00+00:00,STAGE28A,data/reports/stage28a_discovery_factory_batch_runner/stage28a_exact_trades.csv,calendar_time_risk_proxy_v1,calendar_drop_friday_h9_tp06_sl065,-0.35,-1.4,-2.1,0,0,0,0,1.4,23.12000000000012,7.769999999999982,0.653796653796646,10.059999999999945,0.37872763419482763,3.6499999999998636,5.90799999999997,0.896,1.0,,,9,4,10.0,2022
2022-10-24 09:00:00+00:00|-1.0|calendar_drop_friday_h9_tp06_sl065,2022-10-24 09:00:00+00:00,STAGE28A,data/reports/stage28a_discovery_factory_batch_runner/stage28a_exact_trades.csv,calendar_time_risk_proxy_v1,calendar_drop_friday_h9_tp06_sl065,-1.422499999999991,-2.472499999999991,-3.1724999999999905,0,0,0,0,2.472499999999991,5.759999999999991,18.470000000000027,0.2793719545208363,14.289999999999964,0.33519944016794795,4.720000000000027,7.217499999999984,0.956,-1.0,,,9,0,10.0,2022
2022-10-25 09:00:00+00:00|-1.0|calendar_drop_friday_h9_tp06_sl065,2022-10-25 09:00:00+00:00,STAGE28A,data/reports/stage28a_discovery_factory_batch_runner/stage28a_exact_trades.csv,calendar_time_risk_proxy_v1,calendar_drop_friday_h9_tp06_sl065,0.5433999999999287,-0.5066000000000712,-1.206600000000071,0,0,0,0,0.5066000000000712,26.539999999999964,7.680000000000064,0.032552083333333065,13.129999999999882,0.885757806549902,3.189999999999827,3.766000000000031,0.076,-1.0,,,9,1,10.0,2022
2022-10-26 09:00:00+00:00|1.0|calendar_drop_friday_h9_tp06_sl065,2022-10-26 09:00:00+00:00,STAGE28A,data/reports/stage28a_discovery_factory_batch_runner/stage28a_exact_trades.csv,calendar_time_risk_proxy_v1,calendar_drop_friday_h9_tp06_sl065,-1.518049999999994,-2.5680499999999937,-3.268049999999993,0,0,0,0,2.5680499999999937,24.060000000000173,7.880000000000109,0.5862944162436329,19.779999999999973,0.6400404448938257,5.150000000000091,4.463000000000022,0.44,1.0,,,9,2,10.0,2022
2022-10-27 09:00:00+00:00|-1.0|calendar_drop_friday_h9_tp06_sl065,2022-10-27 09:00:00+00:00,STAGE28A,data/reports/stage28a_discovery_factory_batch_runner/stage28a_exact_trades.csv,calendar_time_risk_proxy_v1,calendar_drop_friday_h9_tp06_sl065,-1.578824999999915,-2.628824999999915,-3.328824999999915,0,0,0,0,2.628824999999915,25.180000000000064,8.439999999999827,0.06398104265402543,10.589999999999918,0.20774315391879722,4.529999999999973,3.97199999999998,0.18,-1.0,,,9,3,10.0,2022
2022-10-28 22:45:00+00:00|1.0|calendar_drop_friday_h9_tp06_sl065,2022-10-28 22:45:00+00:00,STAGE28A,data/reports/stage28a_discovery_factory_batch_runner/stage28a_exact_trades.csv,calendar_time_risk_proxy_v1,calendar_drop_friday_h9_tp06_sl065,-0.35,-1.4,-2.1,0,0,0,0,1.4,15.939999999999827,6.419999999999845,0.39408099688474046,18.899999999999864,0.7962962962962996,2.6099999999999,5.006000000000006,0.756,1.0,,,9,4,10.0,2022
2022-10-31 09:00:00+00:00|-1.0|calendar_drop_friday_h9_tp06_sl065,2022-10-31 09:00:00+00:00,STAGE28A,data/reports/stage28a_discovery_factory_batch_runner/stage28a_exact_trades.csv,calendar_time_risk_proxy_v1,calendar_drop_friday_h9_tp06_sl065,-1.333449999999948,-2.383449999999948,-3.083449999999948,0,0,0,0,2.383449999999948,3.9200000000000728,4.870000000000118,0.2156057494866384,9.930000000000064,0.4652567975830905,3.2200000000000273,4.239500000000021,0.332,-1.0,,,9,0,10.0,2022
2022-11-01 09:00:00+00:00|1.0|calendar_drop_friday_h9_tp06_sl065,2022-11-01 09:00:00+00:00,STAGE28A,data/reports/stage28a_discovery_factory_batch_runner/stage28a_exact_trades.csv,calendar_time_risk_proxy_v1,calendar_drop_friday_h9_tp06_sl065,-1.4507750000001125,-2.5007750000001123,-3.200775000000112,0,0,0,0,2.5007750000001123,13.779999999999973,9.440000000000055,0.5889830508474484,15.150000000000091,0.8686468646864538,5.8900000000001,3.5990000000000237,0.064,1.0,,,9,1,11.0,2022
2022-11-02 09:00:00+00:00|1.0|calendar_drop_friday_h9_tp06_sl065,2022-11-02 09:00:00+00:00,STAGE28A,data/reports/stage28a_discovery_factory_batch_runner/stage28a_exact_trades.csv,calendar_time_risk_proxy_v1,calendar_drop_friday_h9_tp06_sl065,0.5518000000000939,-0.498199999999906,-1.1981999999999058,0,0,0,0,0.498199999999906,26.399999999999864,7.350000000000136,0.31292517006801523,7.3599999999999,0.6983695652174144,2.7799999999999727,3.7914999999999623,0.204,1.0,,,9,2,11.0,2022
2022-11-03 09:00:00+00:00|-1.0|calendar_drop_friday_h9_tp06_sl065,2022-11-03 09:00:00+00:00,STAGE28A,data/reports/stage28a_discovery_factory_batch_runner/stage28a_exact_trades.csv,calendar_time_risk_proxy_v1,calendar_drop_friday_h9_tp06_sl065,-1.3175250000000234,-2.367525000000023,-3.067525000000023,0,0,0,0,2.367525000000023,37.6099999999999,9.11999999999989,0.2971491228070251,18.699999999999818,0.8711229946524129,2.9099999999998545,5.076499999999976,0.816,-1.0,,,9,3,11.0,2022
2022-11-04 22:45:00+00:00|1.0|calendar_drop_friday_h9_tp06_sl065,2022-11-04 22:45:00+00:00,STAGE28A,data/reports/stage28a_discovery_factory_batch_runner/stage28a_exact_trades.csv,calendar_time_risk_proxy_v1,calendar_drop_friday_h9_tp06_sl065,-0.35,-1.4,-2.1,0,0,0,0,1.4,24.37999999999988,18.419999999999845,0.9799131378935997,8.700000000000045,0.3218390804597632,2.5700000000001637,6.009500000000014,0.924,1.0,,,9,4,11.0,2022
2022-11-07 09:00:00+00:00|1.0|calendar_drop_friday_h9_tp06_sl065,2022-11-07 09:00:00+00:00,STAGE28A,data/reports/stage28a_discovery_factory_batch_runner/stage28a_exact_trades.csv,calendar_time_risk_proxy_v1,calendar_drop_friday_h9_tp06_sl065,0.676299999999992,-0.3737000000000079,-1.0737000000000076,0,0,0,0,0.3737000000000079,7.900000000000091,9.809999999999945,0.019367991845061737,13.5,0.4274074074074229,2.199999999999818,5.429500000000019,0.84,1.0,,,9,0,11.0,2022
2022-11-08 09:00:00+00:00|1.0|calendar_drop_friday_h9_tp06_sl065,2022-11-08 09:00:00+00:00,STAGE28A,data/reports/stage28a_discovery_factory_batch_runner/stage28a_exact_trades.csv,calendar_time_risk_proxy_v1,calendar_drop_friday_h9_tp06_sl065,0.4710999999998876,-0.5789000000001123,-1.278900000000112,0,0,0,0,0.5789000000001123,14.930000000000064,7.279999999999973,0.5508241758241766,7.3599999999999,0.04347826086955716,3.3099999999999454,3.0909999999999855,0.016,1.0,,,9,1,11.0,2022
2022-11-09 09:00:00+00:00|-1.0|calendar_drop_friday_h9_tp06_sl065,2022-11-09 09:00:00+00:00,STAGE28A,data/reports/stage28a_discovery_factory_batch_runner/stage28a_exact_trades.csv,calendar_time_risk_proxy_v1,calendar_drop_friday_h9_tp06_sl065,0.6336999999999989,-0.416300000000001,-1.1163000000000007,0,0,0,0,0.416300000000001,52.25,6.430000000000064,0.4790046656298793,11.860000000000127,0.023608768971329654,2.259999999999991,5.3175000000000185,0.868,-1.0,,,9,2,11.0,2022
2022-11-10 09:00:00+00:00|-1.0|calendar_drop_friday_h9_tp06_sl065,2022-11-10 09:00:00+00:00,STAGE28A,data/reports/stage28a_discovery_factory_batch_runner/stage28a_exact_trades.csv,calendar_time_risk_proxy_v1,calendar_drop_friday_h9_tp06_sl065,0.6364000000000033,-0.4135999999999966,-1.1135999999999964,0,0,0,0,0.4135999999999966,20.180000000000064,6.259999999999991,0.522364217252394,8.540000000000191,0.18032786885245072,3.730000000000018,4.139999999999975,0.36,-1.0,,,9,3,11.0,2022
2022-11-11 22:45:00+00:00|1.0|calendar_drop_friday_h9_tp06_sl065,2022-11-11 22:45:00+00:00,STAGE28A,data/reports/stage28a_discovery_factory_batch_runner/stage28a_exact_trades.csv,calendar_time_risk_proxy_v1,calendar_drop_friday_h9_tp06_sl065,-0.35,-1.4,-2.1,0,0,0,0,1.4,53.33999999999992,7.350000000000136,0.11020408163264359,14.100000000000136,0.3702127659574452,3.5699999999999363,6.103000000000032,0.96,1.0,,,9,4,11.0,2022
2022-11-14 09:00:00+00:00|-1.0|calendar_drop_friday_h9_tp06_sl065,2022-11-14 09:00:00+00:00,STAGE28A,data/reports/stage28a_discovery_factory_batch_runner/stage28a_exact_trades.csv,calendar_time_risk_proxy_v1,calendar_drop_friday_h9_tp06_sl065,-1.680549999999903,-2.7305499999999028,-3.4305499999999025,0,0,0,0,2.7305499999999028,5.449999999999818,7.4099999999998545,0.29689608636975184,11.839999999999918,0.317567567567569,5.519999999999982,4.698500000000001,0.56,-1.0,,,9,0,11.0,2022
2022-11-15 09:00:00+00:00|1.0|calendar_drop_friday_h9_tp06_sl065,2022-11-15 09:00:00+00:00,STAGE28A,data/reports/stage28a_discovery_factory_batch_runner/stage28a_exact_trades.csv,calendar_time_risk_proxy_v1,calendar_drop_friday_h9_tp06_sl065,-1.313950000000068,-2.363950000000068,-3.063950000000068,0,0,0,0,2.363950000000068,21.77000000000021,5.259999999999991,0.26615969581750826,15.680000000000064,0.36926020408162885,2.8199999999999363,3.8385000000000105,0.22,1.0,,,9,1,11.0,2022
2022-11-16 09:00:00+00:00|1.0|calendar_drop_friday_h9_tp06_sl065,2022-11-16 09:00:00+00:00,STAGE28A,data/reports/stage28a_discovery_factory_batch_runner/stage28a_exact_trades.csv,calendar_time_risk_proxy_v1,calendar_drop_friday_h9_tp06_sl065,0.7963000000001103,-0.2536999999998897,-0.9536999999998894,0,0,0,0,0.2536999999998897,19.36999999999989,11.1099999999999,0.8019801980198166,14.039999999999964,0.7343304843304823,2.869999999999891,5.666000000000008,0.776,1.0,,,9,2,11.0,2022
2022-11-17 09:00:00+00:00|1.0|calendar_drop_friday_h9_tp06_sl065,2022-11-17 09:00:00+00:00,STAGE28A,data/reports/stage28a_discovery_factory_batch_runner/stage28a_exact_trades.csv,calendar_time_risk_proxy_v1,calendar_drop_friday_h9_tp06_sl065,0.6280000000000655,-0.4219999999999344,-1.1219999999999342,0,0,0,0,0.4219999999999344,14.7199999999998,12.6099999999999,0.9103885804916819,9.519999999999982,0.012605042016819166,5.569999999999936,4.051500000000021,0.136,1.0,,,9,3,11.0,2022
2022-11-18 22:45:00+00:00|1.0|calendar_drop_friday_h9_tp06_sl065,2022-11-18 22:45:00+00:00,STAGE28A,data/reports/stage28a_discovery_factory_batch_runner/stage28a_exact_trades.csv,calendar_time_risk_proxy_v1,calendar_drop_friday_h9_tp06_sl065,-0.35,-1.4,-2.1,0,0,0,0,1.4,20.269999999999982,6.349999999999909,0.3889763779527658,6.980000000000018,0.37392550143264947,2.130000000000109,4.390500000000031,0.416,1.0,,,9,4,11.0,2022
2022-11-21 09:00:00+00:00|-1.0|calendar_drop_friday_h9_tp06_sl065,2022-11-21 09:00:00+00:00,STAGE28A,data/reports/stage28a_discovery_factory_batch_runner/stage28a_exact_trades.csv,calendar_time_risk_proxy_v1,calendar_drop_friday_h9_tp06_sl065,0.4975000000000819,-0.5524999999999181,-1.2524999999999178,0,0,0,0,0.5524999999999181,3.1299999999998818,9.099999999999909,0.6912087912087941,10.190000000000055,0.4249263984298461,2.490000000000009,4.1925000000000185,0.292,-1.0,,,9,0,11.0,2022
2022-11-22 09:00:00+00:00|1.0|calendar_drop_friday_h9_tp06_sl065,2022-11-22 09:00:00+00:00,STAGE28A,data/reports/stage28a_discovery_factory_batch_runner/stage28a_exact_trades.csv,calendar_time_risk_proxy_v1,calendar_drop_friday_h9_tp06_sl065,0.4302999999998974,-0.6197000000001025,-1.3197000000001022,0,0,0,0,0.6197000000001025,20.470000000000027,8.220000000000027,0.8004866180048547,8.079999999999927,0.11386138613862389,2.349999999999909,3.5980000000000016,0.1,1.0,,,9,1,11.0,2022
2022-11-23 09:00:00+00:00|1.0|calendar_drop_friday_h9_tp06_sl065,2022-11-23 09:00:00+00:00,STAGE28A,data/reports/stage28a_discovery_factory_batch_runner/stage28a_exact_trades.csv,calendar_time_risk_proxy_v1,calendar_drop_friday_h9_tp06_sl065,-1.3763500000000932,-2.426350000000093,-3.1263500000000928,0,0,0,0,2.426350000000093,12.740000000000009,10.009999999999991,0.6253746253746251,12.180000000000064,0.17733990147783832,3.740000000000009,3.111500000000001,0.024,1.0,,,9,2,11.0,2022
2022-11-24 09:00:00+00:00|1.0|calendar_drop_friday_h9_tp06_sl065,2022-11-24 09:00:00+00:00,STAGE28A,data/reports/stage28a_discovery_factory_batch_runner/stage28a_exact_trades.csv,calendar_time_risk_proxy_v1,calendar_drop_friday_h9_tp06_sl065,-1.1589250000000448,-2.2089250000000447,-2.9089250000000444,0,0,0,0,2.2089250000000447,27.230000000000018,7.830000000000155,0.43550446998720144,6.160000000000082,0.07142857142857933,3.1099999999999,4.258500000000003,0.456,1.0,,,9,3,11.0,2022
2022-11-25 20:15:00+00:00|1.0|calendar_drop_friday_h9_tp06_sl065,2022-11-25 20:15:00+00:00,STAGE28A,data/reports/stage28a_discovery_factory_batch_runner/stage28a_exact_trades.csv,calendar_time_risk_proxy_v1,calendar_drop_friday_h9_tp06_sl065,-1.6415499999999157,-2.6915499999999155,-3.3915499999999152,0,0,0,0,2.6915499999999155,9.590000000000146,8.710000000000036,0.3650975889781918,9.769999999999982,0.6223132036847662,4.610000000000127,3.530499999999995,0.264,1.0,,,9,4,11.0,2022
2022-11-28 09:00:00+00:00|1.0|calendar_drop_friday_h9_tp06_sl065,2022-11-28 09:00:00+00:00,STAGE28A,data/reports/stage28a_discovery_factory_batch_runner/stage28a_exact_trades.csv,calendar_time_risk_proxy_v1,calendar_drop_friday_h9_tp06_sl065,-1.3025750000000245,-2.3525750000000243,-3.052575000000024,0,0,0,0,2.3525750000000243,5.539999999999964,9.789999999999964,0.06230847803880513,15.220000000000027,0.6005256241787177,3.990000000000009,3.9054999999999835,0.396,1.0,,,9,0,11.0,2022
2022-11-29 09:00:00+00:00|1.0|calendar_drop_friday_h9_tp06_sl065,2022-11-29 09:00:00+00:00,STAGE28A,data/reports/stage28a_discovery_factory_batch_runner/stage28a_exact_trades.csv,calendar_time_risk_proxy_v1,calendar_drop_friday_h9_tp06_sl065,0.6528999999999542,-0.3971000000000457,-1.0971000000000457,0,0,0,0,0.3971000000000457,24.059999999999945,14.629999999999882,0.8523581681476505,7.559999999999945,0.19312169312169933,3.2000000000000455,3.9324999999999593,0.416,1.0,,,9,1,11.0,2022
2022-11-30 09:00:00+00:00|1.0|calendar_drop_friday_h9_tp06_sl065,2022-11-30 09:00:00+00:00,STAGE28A,data/reports/stage28a_discovery_factory_batch_runner/stage28a_exact_trades.csv,calendar_time_risk_proxy_v1,calendar_drop_friday_h9_tp06_sl065,-1.170950000000039,-2.220950000000039,-2.9209500000000386,0,0,0,0,2.220950000000039,19.48999999999978,7.899999999999864,0.6734177215190197,10.210000000000036,0.4338883447600216,1.8700000000001182,3.3989999999999783,0.228,1.0,,,9,2,11.0,2022
2022-12-01 09:00:00+00:00|-1.0|calendar_drop_friday_h9_tp06_sl065,2022-12-01 09:00:00+00:00,STAGE28A,data/reports/stage28a_discovery_factory_batch_runner/stage28a_exact_trades.csv,calendar_time_risk_proxy_v1,calendar_drop_friday_h9_tp06_sl065,-1.5206500000000234,-2.570650000000023,-3.270650000000023,0,0,0,0,2.570650000000023,28.529999999999973,11.8599999999999,0.5202360876897238,9.029999999999973,0.33111849390919357,4.029999999999973,5.666999999999973,0.984,-1.0,,,9,3,12.0,2022
2022-12-02 22:45:00+00:00|1.0|calendar_drop_friday_h9_tp06_sl065,2022-12-02 22:45:00+00:00,STAGE28A,data/reports/stage28a_discovery_factory_batch_runner/stage28a_exact_trades.csv,calendar_time_risk_proxy_v1,calendar_drop_friday_h9_tp06_sl065,-0.35,-1.4,-2.1,0,0,0,0,1.4,35.86999999999989,8.8599999999999,0.5575620767494481,6.7000000000000455,0.41641791044775295,5.1099999999999,4.74849999999999,0.82,1.0,,,9,4,12.0,2022
2022-12-05 09:00:00+00:00|-1.0|calendar_drop_friday_h9_tp06_sl065,2022-12-05 09:00:00+00:00,STAGE28A,data/reports/stage28a_discovery_factory_batch_runner/stage28a_exact_trades.csv,calendar_time_risk_proxy_v1,calendar_drop_friday_h9_tp06_sl065,-1.3929249999999684,-2.4429249999999683,-3.142924999999968,0,0,0,0,2.4429249999999683,4.920000000000073,15.589999999999918,0.6215522771007124,16.15000000000009,0.8476780185758359,5.310000000000173,5.0849999999999795,0.88,-1.0,,,9,0,12.0,2022
2022-12-06 09:00:00+00:00|-1.0|calendar_drop_friday_h9_tp06_sl065,2022-12-06 09:00:00+00:00,STAGE28A,data/reports/stage28a_discovery_factory_batch_runner/stage28a_exact_trades.csv,calendar_time_risk_proxy_v1,calendar_drop_friday_h9_tp06_sl065,0.9208000000000084,-0.1291999999999915,-0.8291999999999913,0,0,0,0,0.1291999999999915,44.12999999999988,8.799999999999955,0.35454545454544395,7.7800000000002,0.16709511568125301,4.180000000000064,4.616000000000031,0.704,-1.0,,,9,1,12.0,2022
2022-12-07 09:00:00+00:00|1.0|calendar_drop_friday_h9_tp06_sl065,2022-12-07 09:00:00+00:00,STAGE28A,data/reports/stage28a_discovery_factory_batch_runner/stage28a_exact_trades.csv,calendar_time_risk_proxy_v1,calendar_drop_friday_h9_tp06_sl065,0.6963999999999487,-0.3536000000000512,-1.053600000000051,0,0,0,0,0.3536000000000512,13.570000000000164,6.420000000000073,0.015576323987524598,6.230000000000018,0.2616372391653093,3.509999999999991,3.316499999999985,0.192,1.0,,,9,2,12.0,2022
2022-12-08 09:00:00+00:00|-1.0|calendar_drop_friday_h9_tp06_sl065,2022-12-08 09:00:00+00:00,STAGE28A,data/reports/stage28a_discovery_factory_batch_runner/stage28a_exact_trades.csv,calendar_time_risk_proxy_v1,calendar_drop_friday_h9_tp06_sl065,-1.2434249999999794,-2.293424999999979,-2.993424999999979,0,0,0,0,2.293424999999979,21.769999999999982,6.779999999999973,0.5176991150442485,5.3900000000001,0.03710575139143124,3.269999999999982,4.332000000000005,0.544,-1.0,,,9,3,12.0,2022
2022-12-09 22:45:00+00:00|1.0|calendar_drop_friday_h9_tp06_sl065,2022-12-09 22:45:00+00:00,STAGE28A,data/reports/stage28a_discovery_factory_batch_runner/stage28a_exact_trades.csv,calendar_time_risk_proxy_v1,calendar_drop_friday_h9_tp06_sl065,0.8232999999999265,-0.2267000000000734,-0.9267000000000732,0,0,0,0,0.2267000000000734,13.490000000000009,8.980000000000018,0.8006681514476406,8.789999999999964,0.2229806598407073,3.3600000000001273,4.763000000000022,0.784,1.0,,,9,4,12.0,2022
2022-12-12 09:00:00+00:00|1.0|calendar_drop_friday_h9_tp06_sl065,2022-12-12 09:00:00+00:00,STAGE28A,data/reports/stage28a_discovery_factory_batch_runner/stage28a_exact_trades.csv,calendar_time_risk_proxy_v1,calendar_drop_friday_h9_tp06_sl065,-1.2925000000001092,-2.342500000000109,-3.042500000000109,0,0,0,0,2.342500000000109,2.3400000000001455,10.309999999999945,0.7332686711930151,7.329999999999927,0.6889495225102326,3.4700000000000273,4.614000000000021,0.66,1.0,,,9,0,12.0,2022
2022-12-13 09:00:00+00:00|1.0|calendar_drop_friday_h9_tp06_sl065,2022-12-13 09:00:00+00:00,STAGE28A,data/reports/stage28a_discovery_factory_batch_runner/stage28a_exact_trades.csv,calendar_time_risk_proxy_v1,calendar_drop_friday_h9_tp06_sl065,-1.2014999999999874,-2.251499999999987,-2.951499999999987,0,0,0,0,2.251499999999987,19.5,6.0900000000001455,0.08702791461411495,6.180000000000064,0.7508090614886448,2.0699999999999363,3.405000000000041,0.116,1.0,,,9,1,12.0,2022
2022-12-14 09:00:00+00:00|-1.0|calendar_drop_friday_h9_tp06_sl065,2022-12-14 09:00:00+00:00,STAGE28A,data/reports/stage28a_discovery_factory_batch_runner/stage28a_exact_trades.csv,calendar_time_risk_proxy_v1,calendar_drop_friday_h9_tp06_sl065,-1.1572999999999412,-2.207299999999941,-2.9072999999999407,0,0,0,0,2.207299999999941,44.50999999999999,4.470000000000027,0.1342281879194419,6.720000000000027,0.029761904761877574,3.7000000000000455,5.6720000000000255,0.924,-1.0,,,9,2,12.0,2022
2022-12-15 09:00:00+00:00|-1.0|calendar_drop_friday_h9_tp06_sl065,2022-12-15 09:00:00+00:00,STAGE28A,data/reports/stage28a_discovery_factory_batch_runner/stage28a_exact_trades.csv,calendar_time_risk_proxy_v1,calendar_drop_friday_h9_tp06_sl065,-1.6129500000000463,-2.662950000000046,-3.362950000000046,0,0,0,0,2.662950000000046,19.310000000000173,19.110000000000127,0.8707482993197154,22.519999999999982,0.6039076376554139,3.8799999999998818,4.494000000000028,0.556,-1.0,,,9,3,12.0,2022
2022-12-16 22:45:00+00:00|1.0|calendar_drop_friday_h9_tp06_sl065,2022-12-16 22:45:00+00:00,STAGE28A,data/reports/stage28a_discovery_factory_batch_runner/stage28a_exact_trades.csv,calendar_time_risk_proxy_v1,calendar_drop_friday_h9_tp06_sl065,0.6639999999998963,-0.3860000000001036,-1.086000000000103,0,0,0,0,0.3860000000001036,34.799999999999955,8.639999999999873,0.2685185185185414,10.599999999999909,0.1849056603773635,2.7100000000000364,4.4970000000000026,0.592,1.0,,,9,4,12.0,2022
2022-12-19 09:00:00+00:00|1.0|calendar_drop_friday_h9_tp06_sl065,2022-12-19 09:00:00+00:00,STAGE28A,data/reports/stage28a_discovery_factory_batch_runner/stage28a_exact_trades.csv,calendar_time_risk_proxy_v1,calendar_drop_friday_h9_tp06_sl065,-1.3305249999999431,-2.380524999999943,-3.080524999999943,0,0,0,0,2.380524999999943,2.3400000000001455,5.970000000000027,0.32160804020101574,8.4699999999998,0.3471074380165436,2.980000000000018,3.887500000000034,0.376,1.0,,,9,0,12.0,2022
2022-12-20 09:00:00+00:00|1.0|calendar_drop_friday_h9_tp06_sl065,2022-12-20 09:00:00+00:00,STAGE28A,data/reports/stage28a_discovery_factory_batch_runner/stage28a_exact_trades.csv,calendar_time_risk_proxy_v1,calendar_drop_friday_h9_tp06_sl065,1.2250000000000454,0.1750000000000455,-0.5249999999999542,1,0,1,0,0.1750000000000455,15.0,11.589999999999918,0.2683347713546289,20.910000000000082,0.7723577235772371,5.639999999999873,3.720500000000004,0.396,1.0,,,9,1,12.0,2022
2022-12-21 09:00:00+00:00|-1.0|calendar_drop_friday_h9_tp06_sl065,2022-12-21 09:00:00+00:00,STAGE28A,data/reports/stage28a_discovery_factory_batch_runner/stage28a_exact_trades.csv,calendar_time_risk_proxy_v1,calendar_drop_friday_h9_tp06_sl065,-1.2772249999999077,-2.3272249999999075,-3.0272249999999072,0,0,0,0,2.3272249999999075,36.52999999999997,6.380000000000109,0.49999999999996436,5.369999999999891,0.1787709497206808,2.230000000000018,4.145000000000005,0.524,-1.0,,,9,2,12.0,2022
2022-12-22 09:00:00+00:00|-1.0|calendar_drop_friday_h9_tp06_sl065,2022-12-22 09:00:00+00:00,STAGE28A,data/reports/stage28a_discovery_factory_batch_runner/stage28a_exact_trades.csv,calendar_time_risk_proxy_v1,calendar_drop_friday_h9_tp06_sl065,-1.2018249999999626,-2.2518249999999624,-2.951824999999962,0,0,0,0,2.2518249999999624,11.930000000000064,6.889999999999873,0.7735849056603811,6.740000000000009,0.827893175074172,5.599999999999909,3.214499999999987,0.136,-1.0,,,9,3,12.0,2022
2022-12-23 22:45:00+00:00|1.0|calendar_drop_friday_h9_tp06_sl065,2022-12-23 22:45:00+00:00,STAGE28A,data/reports/stage28a_discovery_factory_batch_runner/stage28a_exact_trades.csv,calendar_time_risk_proxy_v1,calendar_drop_friday_h9_tp06_sl065,-0.35,-1.4,-2.1,0,0,0,0,1.4,35.58999999999992,4.270000000000209,0.33255269320843167,4.830000000000155,0.780538302277404,2.0699999999999363,3.4269999999999983,0.276,1.0,,,9,4,12.0,2022
2022-12-27 09:00:00+00:00|1.0|calendar_drop_friday_h9_tp06_sl065,2022-12-27 09:00:00+00:00,STAGE28A,data/reports/stage28a_discovery_factory_batch_runner/stage28a_exact_trades.csv,calendar_time_risk_proxy_v1,calendar_drop_friday_h9_tp06_sl065,0.3934000000000651,-0.6565999999999348,-1.3565999999999343,0,0,0,0,0.6565999999999348,4.339999999999918,6.7999999999999545,0.47205882352938683,6.039999999999964,0.6026490066225367,2.410000000000082,3.556999999999971,0.368,1.0,,,9,1,12.0,2022
2022-12-28 09:00:00+00:00|-1.0|calendar_drop_friday_h9_tp06_sl065,2022-12-28 09:00:00+00:00,STAGE28A,data/reports/stage28a_discovery_factory_batch_runner/stage28a_exact_trades.csv,calendar_time_risk_proxy_v1,calendar_drop_friday_h9_tp06_sl065,-1.2336750000000394,-2.283675000000039,-2.983675000000039,0,0,0,0,2.283675000000039,33.58999999999992,4.990000000000009,0.11422845691381468,12.950000000000045,0.7158301158301119,2.099999999999909,5.011999999999989,0.784,-1.0,,,9,2,12.0,2022
2022-12-29 09:00:00+00:00|-1.0|calendar_drop_friday_h9_tp06_sl065,2022-12-29 09:00:00+00:00,STAGE28A,data/reports/stage28a_discovery_factory_batch_runner/stage28a_exact_trades.csv,calendar_time_risk_proxy_v1,calendar_drop_friday_h9_tp06_sl065,-1.1631499999999506,-2.2131499999999504,-2.91314999999995,0,0,0,0,2.2131499999999504,17.580000000000155,5.630000000000109,0.5772646536411966,7.6099999999999,0.4809461235216692,2.849999999999909,3.4069999999999823,0.248,-1.0,,,9,3,12.0,2022
2022-12-30 22:45:00+00:00|1.0|calendar_drop_friday_h9_tp06_sl065,2022-12-30 22:45:00+00:00,STAGE28A,data/reports/stage28a_discovery_factory_batch_runner/stage28a_exact_trades.csv,calendar_time_risk_proxy_v1,calendar_drop_friday_h9_tp06_sl065,-0.35,-1.4,-2.1,0,0,0,0,1.4,16.450000000000045,5.330000000000155,0.13320825515947762,8.910000000000082,0.043771043771029076,4.240000000000009,3.991499999999985,0.572,1.0,,,9,4,12.0,2022
2023-01-03 09:00:00+00:00|-1.0|calendar_drop_friday_h9_tp06_sl065,2023-01-03 09:00:00+00:00,STAGE28A,data/reports/stage28a_discovery_factory_batch_runner/stage28a_exact_trades.csv,calendar_time_risk_proxy_v1,calendar_drop_friday_h9_tp06_sl065,1.0071999999999206,-0.0428000000000792,-0.742800000000079,0,0,0,0,0.0428000000000792,6.660000000000082,19.40000000000009,0.5649484536082466,16.24000000000001,0.3663793103448302,4.2000000000000455,4.610000000000002,0.832,-1.0,,,9,1,1.0,2023
2023-01-04 09:00:00+00:00|1.0|calendar_drop_friday_h9_tp06_sl065,2023-01-04 09:00:00+00:00,STAGE28A,data/reports/stage28a_discovery_factory_batch_runner/stage28a_exact_trades.csv,calendar_time_risk_proxy_v1,calendar_drop_friday_h9_tp06_sl065,-1.3731000000001132,-2.423100000000113,-3.123100000000113,0,0,0,0,2.423100000000113,26.210000000000036,12.019999999999982,0.8460898502495914,20.410000000000082,0.5982361587457122,3.240000000000009,4.836500000000001,0.78,1.0,,,9,2,1.0,2023
2023-01-05 09:00:00+00:00|-1.0|calendar_drop_friday_h9_tp06_sl065,2023-01-05 09:00:00+00:00,STAGE28A,data/reports/stage28a_discovery_factory_batch_runner/stage28a_exact_trades.csv,calendar_time_risk_proxy_v1,calendar_drop_friday_h9_tp06_sl065,0.7479999999999564,-0.3020000000000435,-1.0020000000000433,0,0,0,0,0.3020000000000435,29.940000000000055,8.690000000000055,0.3107019562715798,11.779999999999973,0.25806451612902975,4.870000000000118,5.041499999999985,0.78,-1.0,,,9,3,1.0,2023
2023-01-06 22:45:00+00:00|1.0|calendar_drop_friday_h9_tp06_sl065,2023-01-06 22:45:00+00:00,STAGE28A,data/reports/stage28a_discovery_factory_batch_runner/stage28a_exact_trades.csv,calendar_time_risk_proxy_v1,calendar_drop_friday_h9_tp06_sl065,-0.35,-1.4,-2.1,0,0,0,0,1.4,33.99000000000001,10.930000000000064,0.4858188472095073,7.370000000000118,0.18724559023067666,1.7899999999999636,5.639999999999986,0.94,1.0,,,9,4,1.0,2023
2023-01-09 09:00:00+00:00|-1.0|calendar_drop_friday_h9_tp06_sl065,2023-01-09 09:00:00+00:00,STAGE28A,data/reports/stage28a_discovery_factory_batch_runner/stage28a_exact_trades.csv,calendar_time_risk_proxy_v1,calendar_drop_friday_h9_tp06_sl065,0.5877999999999247,-0.4622000000000752,-1.162200000000075,0,0,0,0,0.4622000000000752,3.5799999999999272,13.239999999999782,0.554380664652571,9.680000000000064,0.556818181818165,2.869999999999891,5.7494999999999665,0.928,-1.0,,,9,0,1.0,2023
2023-01-10 09:00:00+00:00|1.0|calendar_drop_friday_h9_tp06_sl065,2023-01-10 09:00:00+00:00,STAGE28A,data/reports/stage28a_discovery_factory_batch_runner/stage28a_exact_trades.csv,calendar_time_risk_proxy_v1,calendar_drop_friday_h9_tp06_sl065,0.5602000000000317,-0.4897999999999682,-1.189799999999968,0,0,0,0,0.4897999999999682,15.169999999999845,8.11999999999989,0.10467980295568323,6.699999999999818,0.5716417910447807,2.75,4.315999999999974,0.436,1.0,,,9,1,1.0,2023
2023-01-11 09:00:00+00:00|1.0|calendar_drop_friday_h9_tp06_sl065,2023-01-11 09:00:00+00:00,STAGE28A,data/reports/stage28a_discovery_factory_batch_runner/stage28a_exact_trades.csv,calendar_time_risk_proxy_v1,calendar_drop_friday_h9_tp06_sl065,-1.5196750000000976,-2.5696750000000974,-3.269675000000097,0,0,0,0,2.5696750000000974,12.879999999999882,6.419999999999845,0.09813084112151468,9.120000000000118,0.7565789473683963,3.4200000000000728,3.873499999999967,0.316,1.0,,,9,2,1.0,2023
2023-01-12 09:00:00+00:00|-1.0|calendar_drop_friday_h9_tp06_sl065,2023-01-12 09:00:00+00:00,STAGE28A,data/reports/stage28a_discovery_factory_batch_runner/stage28a_exact_trades.csv,calendar_time_risk_proxy_v1,calendar_drop_friday_h9_tp06_sl065,-1.1768000000000485,-2.2268000000000483,-2.926800000000048,0,0,0,0,2.2268000000000483,19.480000000000018,10.3599999999999,0.7268339768339812,5.509999999999991,0.032667876588033384,2.3599999999999,3.7234999999999787,0.2,-1.0,,,9,3,1.0,2023
2023-01-13 22:45:00+00:00|1.0|calendar_drop_friday_h9_tp06_sl065,2023-01-13 22:45:00+00:00,STAGE28A,data/reports/stage28a_discovery_factory_batch_runner/stage28a_exact_trades.csv,calendar_time_risk_proxy_v1,calendar_drop_friday_h9_tp06_sl065,-0.35,-1.4,-2.1,0,0,0,0,1.4,32.710000000000036,6.089999999999918,0.33004926108374677,17.37999999999988,0.575949367088611,2.3199999999999363,5.618999999999994,0.806,1.0,,,9,4,1.0,2023
2023-01-16 09:00:00+00:00|-1.0|calendar_drop_friday_h9_tp06_sl065,2023-01-16 09:00:00+00:00,STAGE28A,data/reports/stage28a_discovery_factory_batch_runner/stage28a_exact_trades.csv,calendar_time_risk_proxy_v1,calendar_drop_friday_h9_tp06_sl065,0.9063999999999852,-0.1436000000000148,-0.8436000000000146,0,0,0,0,0.1436000000000148,3.589999999999918,12.11999999999989,0.44389438943895687,11.519999999999982,0.5833333333333366,7.490000000000009,5.7490000000000006,0.836,-1.0,,,9,0,1.0,2023
2023-01-17 09:00:00+00:00|-1.0|calendar_drop_friday_h9_tp06_sl065,2023-01-17 09:00:00+00:00,STAGE28A,data/reports/stage28a_discovery_factory_batch_runner/stage28a_exact_trades.csv,calendar_time_risk_proxy_v1,calendar_drop_friday_h9_tp06_sl065,0.7704999999999927,-0.2795000000000072,-0.9795000000000068,0,0,0,0,0.2795000000000072,18.069999999999936,10.960000000000036,0.5875912408759154,9.029999999999973,0.5658914728682077,4.970000000000027,3.0524999999999975,0.008,-1.0,,,9,1,1.0,2023
2023-01-18 09:00:00+00:00|1.0|calendar_drop_friday_h9_tp06_sl065,2023-01-18 09:00:00+00:00,STAGE28A,data/reports/stage28a_discovery_factory_batch_runner/stage28a_exact_trades.csv,calendar_time_risk_proxy_v1,calendar_drop_friday_h9_tp06_sl065,1.157799999999861,0.1077999999998611,-0.5922000000001386,1,0,0,0,0.1077999999998611,15.2800000000002,13.089999999999918,0.7097020626432408,19.339999999999918,0.7699069286453032,6.3900000000001,4.7029999999999745,0.52,1.0,,,9,2,1.0,2023
2023-01-19 09:00:00+00:00|1.0|calendar_drop_friday_h9_tp06_sl065,2023-01-19 09:00:00+00:00,STAGE28A,data/reports/stage28a_discovery_factory_batch_runner/stage28a_exact_trades.csv,calendar_time_risk_proxy_v1,calendar_drop_friday_h9_tp06_sl065,-1.5378750000000765,-2.5878750000000763,-3.287875000000076,0,0,0,0,2.5878750000000763,29.269999999999982,9.970000000000027,0.29388164493481,10.379999999999882,0.023121387283238135,3.2200000000000273,4.642999999999972,0.492,1.0,,,9,3,1.0,2023
2023-01-20 22:45:00+00:00|1.0|calendar_drop_friday_h9_tp06_sl065,2023-01-20 22:45:00+00:00,STAGE28A,data/reports/stage28a_discovery_factory_batch_runner/stage28a_exact_trades.csv,calendar_time_risk_proxy_v1,calendar_drop_friday_h9_tp06_sl065,0.7837000000000899,-0.26629999999991,-0.9662999999999098,0,0,0,0,0.26629999999991,34.190000000000055,11.160000000000082,0.7168458781361955,14.289999999999964,0.4380685794261726,2.759999999999991,4.601000000000022,0.568,1.0,,,9,4,1.0,2023
2023-01-23 09:00:00+00:00|-1.0|calendar_drop_friday_h9_tp06_sl065,2023-01-23 09:00:00+00:00,STAGE28A,data/reports/stage28a_discovery_factory_batch_runner/stage28a_exact_trades.csv,calendar_time_risk_proxy_v1,calendar_drop_friday_h9_tp06_sl065,0.6591999999999644,-0.3908000000000355,-1.0908000000000353,0,0,0,0,0.3908000000000355,4.019999999999982,11.819999999999936,0.19204737732656463,10.940000000000055,0.28519195612430304,5.4500000000000455,4.204499999999996,0.308,-1.0,,,9,0,1.0,2023
2023-01-24 09:00:00+00:00|1.0|calendar_drop_friday_h9_tp06_sl065,2023-01-24 09:00:00+00:00,STAGE28A,data/reports/stage28a_discovery_factory_batch_runner/stage28a_exact_trades.csv,calendar_time_risk_proxy_v1,calendar_drop_friday_h9_tp06_sl065,0.5607999999998811,-0.4892000000001189,-1.1892000000001186,0,0,0,0,0.4892000000001189,24.169999999999845,6.519999999999982,0.21012269938648692,9.960000000000036,0.5672690763052051,6.059999999999945,4.701499999999987,0.648,1.0,,,9,1,1.0,2023
2023-01-25 09:00:00+00:00|-1.0|calendar_drop_friday_h9_tp06_sl065,2023-01-25 09:00:00+00:00,STAGE28A,data/reports/stage28a_discovery_factory_batch_runner/stage28a_exact_trades.csv,calendar_time_risk_proxy_v1,calendar_drop_friday_h9_tp06_sl065,1.089100000000053,0.0391000000000532,-0.6608999999999465,1,0,0,0,0.0391000000000532,25.36999999999989,11.950000000000045,0.7104602510460232,11.019999999999982,0.2676950998184957,7.3400000000001455,4.979999999999973,0.736,-1.0,,,9,2,1.0,2023
2023-01-26 09:00:00+00:00|-1.0|calendar_drop_friday_h9_tp06_sl065,2023-01-26 09:00:00+00:00,STAGE28A,data/reports/stage28a_discovery_factory_batch_runner/stage28a_exact_trades.csv,calendar_time_risk_proxy_v1,calendar_drop_friday_h9_tp06_sl065,-1.471900000000096,-2.521900000000096,-3.221900000000096,0,0,0,0,2.521900000000096,28.659999999999854,6.610000000000127,0.2632375189107376,15.129999999999882,0.6549900859220198,4.240000000000009,4.825000000000022,0.6,-1.0,,,9,3,1.0,2023
2023-01-27 22:45:00+00:00|1.0|calendar_drop_friday_h9_tp06_sl065,2023-01-27 22:45:00+00:00,STAGE28A,data/reports/stage28a_discovery_factory_batch_runner/stage28a_exact_trades.csv,calendar_time_risk_proxy_v1,calendar_drop_friday_h9_tp06_sl065,0.9106000000000676,-0.1393999999999322,-0.839399999999932,0,0,0,0,0.1393999999999322,30.470000000000027,15.069999999999936,0.6084936960849444,7.829999999999927,0.8735632183908023,2.240000000000009,4.980999999999983,0.66,1.0,,,9,4,1.0,2023
2023-01-30 09:00:00+00:00|-1.0|calendar_drop_friday_h9_tp06_sl065,2023-01-30 09:00:00+00:00,STAGE28A,data/reports/stage28a_discovery_factory_batch_runner/stage28a_exact_trades.csv,calendar_time_risk_proxy_v1,calendar_drop_friday_h9_tp06_sl065,0.7057000000001153,-0.3442999999998846,-1.0442999999998843,0,0,0,0,0.3442999999998846,3.4500000000000455,10.049999999999955,0.44975124378109477,13.11999999999989,0.21570121951219137,2.839999999999918,4.789999999999997,0.564,-1.0,,,9,0,1.0,2023
2023-01-31 09:00:00+00:00|-1.0|calendar_drop_friday_h9_tp06_sl065,2023-01-31 09:00:00+00:00,STAGE28A,data/reports/stage28a_discovery_factory_batch_runner/stage28a_exact_trades.csv,calendar_time_risk_proxy_v1,calendar_drop_friday_h9_tp06_sl065,0.7152999999999793,-0.3347000000000206,-1.0347000000000204,0,0,0,0,0.3347000000000206,13.839999999999918,8.539999999999964,0.2412177985948424,19.180000000000064,0.7987486965589214,5.3900000000001,3.790000000000009,0.084,-1.0,,,9,1,1.0,2023
2023-02-01 09:00:00+00:00|-1.0|calendar_drop_friday_h9_tp06_sl065,2023-02-01 09:00:00+00:00,STAGE28A,data/reports/stage28a_discovery_factory_batch_runner/stage28a_exact_trades.csv,calendar_time_risk_proxy_v1,calendar_drop_friday_h9_tp06_sl065,-1.203125000000091,-2.253125000000091,-2.9531250000000906,0,0,0,0,2.253125000000091,30.279999999999973,4.25,0.3764705882353262,5.929999999999836,0.11973018549747994,2.4199999999998454,4.104999999999961,0.108,-1.0,,,9,2,2.0,2023
2023-02-02 09:00:00+00:00|1.0|calendar_drop_friday_h9_tp06_sl065,2023-02-02 09:00:00+00:00,STAGE28A,data/reports/stage28a_discovery_factory_batch_runner/stage28a_exact_trades.csv,calendar_time_risk_proxy_v1,calendar_drop_friday_h9_tp06_sl065,-1.4111249999999471,-2.461124999999947,-3.161124999999947,0,0,0,0,2.461124999999947,33.47000000000003,7.100000000000136,0.0408450704225293,8.519999999999982,0.08098591549296433,2.6200000000001182,6.128000000000043,0.976,1.0,,,9,3,2.0,2023
2023-02-03 22:45:00+00:00|1.0|calendar_drop_friday_h9_tp06_sl065,2023-02-03 22:45:00+00:00,STAGE28A,data/reports/stage28a_discovery_factory_batch_runner/stage28a_exact_trades.csv,calendar_time_risk_proxy_v1,calendar_drop_friday_h9_tp06_sl065,-0.35,-1.4,-2.1,0,0,0,0,1.4,48.44999999999982,7.269999999999982,0.13480055020633022,8.599999999999909,0.490697674418613,3.1499999999998636,6.459499999999958,0.964,1.0,,,9,4,2.0,2023
2023-02-06 09:00:00+00:00|-1.0|calendar_drop_friday_h9_tp06_sl065,2023-02-06 09:00:00+00:00,STAGE28A,data/reports/stage28a_discovery_factory_batch_runner/stage28a_exact_trades.csv,calendar_time_risk_proxy_v1,calendar_drop_friday_h9_tp06_sl065,0.6742000000000644,-0.3757999999999355,-1.0757999999999353,0,0,0,0,0.3757999999999355,10.089999999999918,18.769999999999982,0.6904635055940357,11.180000000000064,0.549194991055462,2.9700000000000273,7.544499999999982,0.976,-1.0,,,9,0,2.0,2023
2023-02-07 09:00:00+00:00|1.0|calendar_drop_friday_h9_tp06_sl065,2023-02-07 09:00:00+00:00,STAGE28A,data/reports/stage28a_discovery_factory_batch_runner/stage28a_exact_trades.csv,calendar_time_risk_proxy_v1,calendar_drop_friday_h9_tp06_sl065,0.6553000000000339,-0.3946999999999661,-1.0946999999999658,0,0,0,0,0.3946999999999661,21.3900000000001,8.75,0.5234285714285631,6.900000000000091,0.17536231884054973,3.6599999999998545,3.9954999999999927,0.116,1.0,,,9,1,2.0,2023
2023-02-08 09:00:00+00:00|1.0|calendar_drop_friday_h9_tp06_sl065,2023-02-08 09:00:00+00:00,STAGE28A,data/reports/stage28a_discovery_factory_batch_runner/stage28a_exact_trades.csv,calendar_time_risk_proxy_v1,calendar_drop_friday_h9_tp06_sl065,0.5149000000000342,-0.5350999999999657,-1.2350999999999654,0,0,0,0,0.5350999999999657,19.3599999999999,7.039999999999964,0.6022727272727316,13.2199999999998,0.2798789712556809,2.269999999999982,5.943499999999983,0.756,1.0,,,9,2,2.0,2023
2023-02-09 09:00:00+00:00|1.0|calendar_drop_friday_h9_tp06_sl065,2023-02-09 09:00:00+00:00,STAGE28A,data/reports/stage28a_discovery_factory_batch_runner/stage28a_exact_trades.csv,calendar_time_risk_proxy_v1,calendar_drop_friday_h9_tp06_sl065,0.4509999999999309,-0.599000000000069,-1.2990000000000688,0,0,0,0,0.599000000000069,17.3599999999999,8.25,0.5478787878787856,9.329999999999927,0.663451232583052,2.8500000000001364,3.9569999999999936,0.104,1.0,,,9,3,2.0,2023
2023-02-10 22:45:00+00:00|1.0|calendar_drop_friday_h9_tp06_sl065,2023-02-10 22:45:00+00:00,STAGE28A,data/reports/stage28a_discovery_factory_batch_runner/stage28a_exact_trades.csv,calendar_time_risk_proxy_v1,calendar_drop_friday_h9_tp06_sl065,-0.35,-1.4,-2.1,0,0,0,0,1.4,31.269999999999982,11.579999999999927,0.7236614853195107,19.3599999999999,0.46177685950413744,3.2999999999999545,5.420000000000004,0.596,1.0,,,9,4,2.0,2023
2023-02-13 09:00:00+00:00|-1.0|calendar_drop_friday_h9_tp06_sl065,2023-02-13 09:00:00+00:00,STAGE28A,data/reports/stage28a_discovery_factory_batch_runner/stage28a_exact_trades.csv,calendar_time_risk_proxy_v1,calendar_drop_friday_h9_tp06_sl065,0.6990999999999531,-0.3509000000000468,-1.0509000000000466,0,0,0,0,0.3509000000000468,2.6800000000000637,7.569999999999936,0.647291941875843,12.6400000000001,0.06170886075949102,7.240000000000009,4.266499999999985,0.208,-1.0,,,9,0,2.0,2023
2023-02-14 09:00:00+00:00|1.0|calendar_drop_friday_h9_tp06_sl065,2023-02-14 09:00:00+00:00,STAGE28A,data/reports/stage28a_discovery_factory_batch_runner/stage28a_exact_trades.csv,calendar_time_risk_proxy_v1,calendar_drop_friday_h9_tp06_sl065,0.4863999999999123,-0.5636000000000876,-1.263600000000087,0,0,0,0,0.5636000000000876,16.13000000000011,6.519999999999982,0.5920245398773218,7.099999999999909,0.12394366197181592,6.220000000000027,3.5785000000000196,0.052,1.0,,,9,1,2.0,2023
2023-02-15 09:00:00+00:00|-1.0|calendar_drop_friday_h9_tp06_sl065,2023-02-15 09:00:00+00:00,STAGE28A,data/reports/stage28a_discovery_factory_batch_runner/stage28a_exact_trades.csv,calendar_time_risk_proxy_v1,calendar_drop_friday_h9_tp06_sl065,-1.6415499999999157,-2.6915499999999155,-3.3915499999999152,0,0,0,0,2.6915499999999155,27.169999999999845,13.559999999999945,0.5243362831858355,16.019999999999982,0.7771535580524381,4.529999999999973,6.884499999999991,0.924,-1.0,,,9,2,2.0,2023
2023-02-16 09:00:00+00:00|-1.0|calendar_drop_friday_h9_tp06_sl065,2023-02-16 09:00:00+00:00,STAGE28A,data/reports/stage28a_discovery_factory_batch_runner/stage28a_exact_trades.csv,calendar_time_risk_proxy_v1,calendar_drop_friday_h9_tp06_sl065,0.6979000000000269,-0.352099999999973,-1.0520999999999727,0,0,0,0,0.352099999999973,29.50999999999999,8.169999999999845,0.3659730722154303,10.549999999999955,0.1184834123222754,3.740000000000009,3.965499999999963,0.088,-1.0,,,9,3,2.0,2023
2023-02-17 22:45:00+00:00|1.0|calendar_drop_friday_h9_tp06_sl065,2023-02-17 22:45:00+00:00,STAGE28A,data/reports/stage28a_discovery_factory_batch_runner/stage28a_exact_trades.csv,calendar_time_risk_proxy_v1,calendar_drop_friday_h9_tp06_sl065,-0.35,-1.4,-2.1,0,0,0,0,1.4,17.670000000000073,12.660000000000082,0.5979462875197383,9.319999999999936,0.3508583690987129,1.6800000000000637,4.791999999999985,0.416,1.0,,,9,4,2.0,2023
2023-02-20 09:00:00+00:00|1.0|calendar_drop_friday_h9_tp06_sl065,2023-02-20 09:00:00+00:00,STAGE28A,data/reports/stage28a_discovery_factory_batch_runner/stage28a_exact_trades.csv,calendar_time_risk_proxy_v1,calendar_drop_friday_h9_tp06_sl065,-1.2603250000000572,-2.310325000000057,-3.0103250000000568,0,0,0,0,2.310325000000057,3.3700000000001182,7.559999999999945,0.5052910052910006,6.3599999999999,0.1289308176100549,2.4400000000000546,3.9350000000000023,0.068,1.0,,,9,0,2.0,2023
2023-02-21 09:00:00+00:00|-1.0|calendar_drop_friday_h9_tp06_sl065,2023-02-21 09:00:00+00:00,STAGE28A,data/reports/stage28a_discovery_factory_batch_runner/stage28a_exact_trades.csv,calendar_time_risk_proxy_v1,calendar_drop_friday_h9_tp06_sl065,0.5622999999999593,-0.4877000000000406,-1.1877000000000404,0,0,0,0,0.4877000000000406,10.169999999999845,6.710000000000036,0.3859910581222253,8.680000000000064,0.6831797235022803,2.1200000000001182,2.4269999999999756,0.004,-1.0,,,9,1,2.0,2023
2023-02-22 09:00:00+00:00|-1.0|calendar_drop_friday_h9_tp06_sl065,2023-02-22 09:00:00+00:00,STAGE28A,data/reports/stage28a_discovery_factory_batch_runner/stage28a_exact_trades.csv,calendar_time_risk_proxy_v1,calendar_drop_friday_h9_tp06_sl065,0.3598000000000866,-0.6901999999999133,-1.390199999999913,0,0,0,0,0.6901999999999133,13.599999999999909,4.370000000000118,0.21967963386727926,9.069999999999936,0.34399117971335613,1.9500000000000455,3.6375000000000113,0.148,-1.0,,,9,2,2.0,2023
2023-02-23 09:00:00+00:00|-1.0|calendar_drop_friday_h9_tp06_sl065,2023-02-23 09:00:00+00:00,STAGE28A,data/reports/stage28a_discovery_factory_batch_runner/stage28a_exact_trades.csv,calendar_time_risk_proxy_v1,calendar_drop_friday_h9_tp06_sl065,-1.3490499999998975,-2.3990499999998973,-3.099049999999897,0,0,0,0,2.3990499999998973,22.430000000000064,7.279999999999973,0.6565934065934053,9.3900000000001,0.3588924387646278,5.139999999999873,4.420000000000016,0.52,-1.0,,,9,3,2.0,2023
2023-02-24 22:45:00+00:00|1.0|calendar_drop_friday_h9_tp06_sl065,2023-02-24 22:45:00+00:00,STAGE28A,data/reports/stage28a_discovery_factory_batch_runner/stage28a_exact_trades.csv,calendar_time_risk_proxy_v1,calendar_drop_friday_h9_tp06_sl065,0.693100000000095,-0.3568999999999049,-1.0568999999999047,0,0,0,0,0.3568999999999049,16.320000000000164,6.779999999999973,0.3554572271386566,6.529999999999973,0.4992343032159272,1.759999999999991,3.8284999999999854,0.244,1.0,,,9,4,2.0,2023
2023-02-27 09:00:00+00:00|-1.0|calendar_drop_friday_h9_tp06_sl065,2023-02-27 09:00:00+00:00,STAGE28A,data/reports/stage28a_discovery_factory_batch_runner/stage28a_exact_trades.csv,calendar_time_risk_proxy_v1,calendar_drop_friday_h9_tp06_sl065,-1.4667000000000372,-2.516700000000037,-3.2167000000000368,0,0,0,0,2.516700000000037,3.119999999999891,7.599999999999909,0.32763157894737355,6.600000000000136,0.20151515151513633,3.9500000000000455,3.8214999999999693,0.26,-1.0,,,9,0,2.0,2023
2023-02-28 09:00:00+00:00|-1.0|calendar_drop_friday_h9_tp06_sl065,2023-02-28 09:00:00+00:00,STAGE28A,data/reports/stage28a_discovery_factory_batch_runner/stage28a_exact_trades.csv,calendar_time_risk_proxy_v1,calendar_drop_friday_h9_tp06_sl065,-1.3087500000000092,-2.358750000000009,-3.0587500000000087,0,0,0,0,2.358750000000009,13.549999999999955,5.6099999999999,0.5008912655971877,12.400000000000091,0.438709677419356,4.310000000000173,3.0670000000000073,0.108,-1.0,,,9,1,2.0,2023
2023-03-01 09:00:00+00:00|1.0|calendar_drop_friday_h9_tp06_sl065,2023-03-01 09:00:00+00:00,STAGE28A,data/reports/stage28a_discovery_factory_batch_runner/stage28a_exact_trades.csv,calendar_time_risk_proxy_v1,calendar_drop_friday_h9_tp06_sl065,0.5083000000000993,-0.5416999999999006,-1.2416999999999003,0,0,0,0,0.5416999999999006,26.559999999999945,8.710000000000036,0.5051664753157373,8.179999999999836,0.6002444987775003,5.819999999999936,3.712499999999943,0.308,1.0,,,9,2,3.0,2023
2023-03-02 09:00:00+00:00|-1.0|calendar_drop_friday_h9_tp06_sl065,2023-03-02 09:00:00+00:00,STAGE28A,data/reports/stage28a_discovery_factory_batch_runner/stage28a_exact_trades.csv,calendar_time_risk_proxy_v1,calendar_drop_friday_h9_tp06_sl065,-1.2691000000000714,-2.319100000000071,-3.019100000000071,0,0,0,0,2.319100000000071,21.450000000000045,7.440000000000055,0.29301075268817844,5.220000000000027,0.5363984674329387,1.8400000000001455,3.876999999999998,0.436,-1.0,,,9,3,3.0,2023
2023-03-03 22:45:00+00:00|1.0|calendar_drop_friday_h9_tp06_sl065,2023-03-03 22:45:00+00:00,STAGE28A,data/reports/stage28a_discovery_factory_batch_runner/stage28a_exact_trades.csv,calendar_time_risk_proxy_v1,calendar_drop_friday_h9_tp06_sl065,-0.35,-1.4,-2.1,0,0,0,0,1.4,8.949999999999818,6.009999999999991,0.09816971713812753,9.990000000000009,0.8508508508508501,4.720000000000027,3.466499999999985,0.284,1.0,,,9,4,3.0,2023
2023-03-06 09:00:00+00:00|-1.0|calendar_drop_friday_h9_tp06_sl065,2023-03-06 09:00:00+00:00,STAGE28A,data/reports/stage28a_discovery_factory_batch_runner/stage28a_exact_trades.csv,calendar_time_risk_proxy_v1,calendar_drop_friday_h9_tp06_sl065,0.5020000000000892,-0.5479999999999108,-1.2479999999999103,0,0,0,0,0.5479999999999108,3.290000000000191,5.690000000000055,0.2882249560632837,8.38000000000011,0.46062052505967505,2.3799999999998818,3.498500000000024,0.304,-1.0,,,9,0,3.0,2023
2023-03-07 09:00:00+00:00|-1.0|calendar_drop_friday_h9_tp06_sl065,2023-03-07 09:00:00+00:00,STAGE28A,data/reports/stage28a_discovery_factory_batch_runner/stage28a_exact_trades.csv,calendar_time_risk_proxy_v1,calendar_drop_friday_h9_tp06_sl065,0.414699999999948,-0.6353000000000519,-1.3353000000000517,0,0,0,0,0.6353000000000519,13.160000000000082,6.430000000000064,0.16329704510107995,8.940000000000055,0.4798657718120735,1.6600000000000819,2.81700000000003,0.068,-1.0,,,9,1,3.0,2023
2023-03-08 09:00:00+00:00|1.0|calendar_drop_friday_h9_tp06_sl065,2023-03-08 09:00:00+00:00,STAGE28A,data/reports/stage28a_discovery_factory_batch_runner/stage28a_exact_trades.csv,calendar_time_risk_proxy_v1,calendar_drop_friday_h9_tp06_sl065,-1.1264250000000176,-2.1764250000000174,-2.876425000000017,0,0,0,0,2.1764250000000174,38.899999999999864,5.070000000000164,0.4773175542406301,4.800000000000182,0.5312499999999704,2.490000000000009,3.797500000000048,0.584,1.0,,,9,2,3.0,2023
2023-03-09 09:00:00+00:00|1.0|calendar_drop_friday_h9_tp06_sl065,2023-03-09 09:00:00+00:00,STAGE28A,data/reports/stage28a_discovery_factory_batch_runner/stage28a_exact_trades.csv,calendar_time_risk_proxy_v1,calendar_drop_friday_h9_tp06_sl065,-0.9895999999999732,-2.039599999999973,-2.7395999999999727,0,0,0,0,2.039599999999973,14.860000000000127,4.480000000000018,0.20535714285715825,6.339999999999918,0.5883280757097896,2.5,3.039499999999987,0.12,1.0,,,9,3,3.0,2023
2023-03-10 22:45:00+00:00|1.0|calendar_drop_friday_h9_tp06_sl065,2023-03-10 22:45:00+00:00,STAGE28A,data/reports/stage28a_discovery_factory_batch_runner/stage28a_exact_trades.csv,calendar_time_risk_proxy_v1,calendar_drop_friday_h9_tp06_sl065,-2.3513500000000023,-3.401350000000002,-4.101350000000002,0,0,0,1,3.401350000000002,23.679999999999836,7.129999999999882,0.25385694249649027,8.730000000000018,0.345933562428405,3.939999999999827,6.0380000000000225,1.0,1.0,,,9,4,3.0,2023
2023-03-13 09:00:00+00:00|1.0|calendar_drop_friday_h9_tp06_sl065,2023-03-13 09:00:00+00:00,STAGE28A,data/reports/stage28a_discovery_factory_batch_runner/stage28a_exact_trades.csv,calendar_time_risk_proxy_v1,calendar_drop_friday_h9_tp06_sl065,1.44729999999995,0.3972999999999502,-0.3027000000000495,1,0,1,0,0.3972999999999502,22.169999999999845,22.169999999999845,0.43031123139377675,22.269999999999982,0.11899416255052057,8.960000000000036,10.234999999999967,1.0,1.0,,,9,0,3.0,2023
2023-03-14 09:00:00+00:00|-1.0|calendar_drop_friday_h9_tp06_sl065,2023-03-14 09:00:00+00:00,STAGE28A,data/reports/stage28a_discovery_factory_batch_runner/stage28a_exact_trades.csv,calendar_time_risk_proxy_v1,calendar_drop_friday_h9_tp06_sl065,1.1509000000000014,0.1009000000000015,-0.5990999999999982,1,0,0,0,0.1009000000000015,43.12999999999988,12.549999999999955,0.7274900398406307,12.61999999999989,0.03328050713152528,9.689999999999827,6.907000000000016,0.868,-1.0,,,9,1,3.0,2023
2023-03-15 09:00:00+00:00|-1.0|calendar_drop_friday_h9_tp06_sl065,2023-03-15 09:00:00+00:00,STAGE28A,data/reports/stage28a_discovery_factory_batch_runner/stage28a_exact_trades.csv,calendar_time_risk_proxy_v1,calendar_drop_friday_h9_tp06_sl065,-1.2681249999999182,-2.318124999999918,-3.018124999999918,0,0,0,0,2.318124999999918,18.75,5.6599999999998545,0.24558303886924177,24.029999999999973,0.28381190178942756,3.8199999999999363,4.622000000000014,0.724,-1.0,,,9,2,3.0,2023
2023-03-16 09:00:00+00:00|1.0|calendar_drop_friday_h9_tp06_sl065,2023-03-16 09:00:00+00:00,STAGE28A,data/reports/stage28a_discovery_factory_batch_runner/stage28a_exact_trades.csv,calendar_time_risk_proxy_v1,calendar_drop_friday_h9_tp06_sl065,1.0458999999999832,-0.0041000000000166,-0.7041000000000164,0,0,0,0,0.0041000000000166,51.57999999999993,16.930000000000064,0.24453632604843972,10.720000000000027,0.868470149253724,5.869999999999891,8.017499999999961,0.856,1.0,,,9,3,3.0,2023
2023-03-17 22:45:00+00:00|1.0|calendar_drop_friday_h9_tp06_sl065,2023-03-17 22:45:00+00:00,STAGE28A,data/reports/stage28a_discovery_factory_batch_runner/stage28a_exact_trades.csv,calendar_time_risk_proxy_v1,calendar_drop_friday_h9_tp06_sl065,-3.573999999999933,-4.623999999999933,-5.323999999999932,0,0,0,1,4.623999999999933,25.8599999999999,12.769999999999982,0.8300704776820792,6.980000000000018,0.04154727793695743,10.960000000000036,7.446499999999958,0.816,1.0,,,9,4,3.0,2023
2023-03-20 09:00:00+00:00|1.0|calendar_drop_friday_h9_tp06_sl065,2023-03-20 09:00:00+00:00,STAGE28A,data/reports/stage28a_discovery_factory_batch_runner/stage28a_exact_trades.csv,calendar_time_risk_proxy_v1,calendar_drop_friday_h9_tp06_sl065,-2.720875000000069,-3.770875000000069,-4.470875000000069,0,0,0,1,3.770875000000069,15.549999999999955,22.420000000000073,0.4214986619090105,35.87000000000012,0.16085865625871099,11.279999999999973,9.642499999999973,0.944,1.0,,,9,0,3.0,2023
2023-03-21 09:00:00+00:00|-1.0|calendar_drop_friday_h9_tp06_sl065,2023-03-21 09:00:00+00:00,STAGE28A,data/reports/stage28a_discovery_factory_batch_runner/stage28a_exact_trades.csv,calendar_time_risk_proxy_v1,calendar_drop_friday_h9_tp06_sl065,1.0044999999999162,-0.0455000000000835,-0.7455000000000833,0,0,0,0,0.0455000000000835,43.950000000000045,9.779999999999973,0.33742331288343186,20.310000000000173,0.6233382570162357,11.420000000000073,6.233499999999981,0.592,-1.0,,,9,1,3.0,2023
2023-03-22 09:00:00+00:00|1.0|calendar_drop_friday_h9_tp06_sl065,2023-03-22 09:00:00+00:00,STAGE28A,data/reports/stage28a_discovery_factory_batch_runner/stage28a_exact_trades.csv,calendar_time_risk_proxy_v1,calendar_drop_friday_h9_tp06_sl065,0.9241000000000896,-0.1258999999999104,-0.8258999999999102,0,0,0,0,0.1258999999999104,49.75,8.330000000000155,0.03121248499399593,11.389999999999873,0.2906057945566271,4.4500000000000455,5.332500000000062,0.368,1.0,,,9,2,3.0,2023
2023-03-23 09:00:00+00:00|1.0|calendar_drop_friday_h9_tp06_sl065,2023-03-23 09:00:00+00:00,STAGE28A,data/reports/stage28a_discovery_factory_batch_runner/stage28a_exact_trades.csv,calendar_time_risk_proxy_v1,calendar_drop_friday_h9_tp06_sl065,1.182699999999977,0.1326999999999771,-0.5673000000000226,1,0,0,0,0.1326999999999771,44.49000000000001,13.700000000000045,0.5751824817518143,9.3599999999999,0.01816239316240113,6.8900000000001,7.8215000000000146,0.712,1.0,,,9,3,3.0,2023
2023-03-24 22:45:00+00:00|1.0|calendar_drop_friday_h9_tp06_sl065,2023-03-24 22:45:00+00:00,STAGE28A,data/reports/stage28a_discovery_factory_batch_runner/stage28a_exact_trades.csv,calendar_time_risk_proxy_v1,calendar_drop_friday_h9_tp06_sl065,-0.35,-1.4,-2.1,0,0,0,0,1.4,38.76999999999998,5.119999999999891,0.011718750000034,19.029999999999973,0.026799789805569713,3.75,6.845500000000004,0.536,1.0,,,9,4,3.0,2023
2023-03-27 09:00:00+00:00|-1.0|calendar_drop_friday_h9_tp06_sl065,2023-03-27 09:00:00+00:00,STAGE28A,data/reports/stage28a_discovery_factory_batch_runner/stage28a_exact_trades.csv,calendar_time_risk_proxy_v1,calendar_drop_friday_h9_tp06_sl065,-1.7279999999999291,-2.777999999999929,-3.4779999999999287,0,0,0,0,2.777999999999929,10.569999999999936,10.569999999999936,0.07473982970671413,19.519999999999982,0.9508196721311456,4.619999999999891,6.6145000000000325,0.452,-1.0,,,9,0,3.0,2023
2023-03-28 09:00:00+00:00|-1.0|calendar_drop_friday_h9_tp06_sl065,2023-03-28 09:00:00+00:00,STAGE28A,data/reports/stage28a_discovery_factory_batch_runner/stage28a_exact_trades.csv,calendar_time_risk_proxy_v1,calendar_drop_friday_h9_tp06_sl065,-1.5489249999999175,-2.5989249999999173,-3.298924999999917,0,0,0,0,2.5989249999999173,35.899999999999864,8.460000000000036,0.280141843971644,11.63000000000011,0.5081685296646431,4.160000000000082,4.7995,0.072,-1.0,,,9,1,3.0,2023
2023-03-29 09:00:00+00:00|-1.0|calendar_drop_friday_h9_tp06_sl065,2023-03-29 09:00:00+00:00,STAGE28A,data/reports/stage28a_discovery_factory_batch_runner/stage28a_exact_trades.csv,calendar_time_risk_proxy_v1,calendar_drop_friday_h9_tp06_sl065,0.6927999999999429,-0.357200000000057,-1.0572000000000568,0,0,0,0,0.357200000000057,26.100000000000136,8.519999999999982,0.7500000000000133,10.220000000000027,0.07827788649705993,4.629999999999882,4.229999999999973,0.024,-1.0,,,9,2,3.0,2023
2023-03-30 09:00:00+00:00|1.0|calendar_drop_friday_h9_tp06_sl065,2023-03-30 09:00:00+00:00,STAGE28A,data/reports/stage28a_discovery_factory_batch_runner/stage28a_exact_trades.csv,calendar_time_risk_proxy_v1,calendar_drop_friday_h9_tp06_sl065,-1.65032499999993,-2.7003249999999297,-3.400324999999929,0,0,0,0,2.7003249999999297,15.759999999999991,9.539999999999964,0.4947589098532542,12.559999999999945,0.6162420382165639,5.169999999999845,4.313999999999976,0.088,1.0,,,9,3,3.0,2023
2023-03-31 22:45:00+00:00|1.0|calendar_drop_friday_h9_tp06_sl065,2023-03-31 22:45:00+00:00,STAGE28A,data/reports/stage28a_discovery_factory_batch_runner/stage28a_exact_trades.csv,calendar_time_risk_proxy_v1,calendar_drop_friday_h9_tp06_sl065,-0.35,-1.4,-2.1,0,0,0,0,1.4,28.910000000000082,5.970000000000027,0.3417085427135983,11.840000000000146,0.22972972972972922,4.869999999999891,5.1099999999999905,0.392,1.0,,,9,4,3.0,2023
2023-04-03 09:00:00+00:00|1.0|calendar_drop_friday_h9_tp06_sl065,2023-04-03 09:00:00+00:00,STAGE28A,data/reports/stage28a_discovery_factory_batch_runner/stage28a_exact_trades.csv,calendar_time_risk_proxy_v1,calendar_drop_friday_h9_tp06_sl065,1.01830000000009,-0.0316999999999096,-0.7316999999999094,0,0,0,0,0.0316999999999096,12.190000000000055,22.549999999999955,0.4736141906873652,16.539999999999964,0.8657799274486074,2.660000000000082,6.402499999999998,0.604,1.0,,,9,0,4.0,2023
2023-04-04 09:00:00+00:00|1.0|calendar_drop_friday_h9_tp06_sl065,2023-04-04 09:00:00+00:00,STAGE28A,data/reports/stage28a_discovery_factory_batch_runner/stage28a_exact_trades.csv,calendar_time_risk_proxy_v1,calendar_drop_friday_h9_tp06_sl065,0.6019000000000233,-0.4480999999999766,-1.1480999999999764,0,0,0,0,0.4480999999999766,40.72000000000003,7.680000000000064,0.7552083333333508,7.259999999999991,0.6680440771350059,2.759999999999991,4.584500000000025,0.3,1.0,,,9,1,4.0,2023
2023-04-05 09:00:00+00:00|1.0|calendar_drop_friday_h9_tp06_sl065,2023-04-05 09:00:00+00:00,STAGE28A,data/reports/stage28a_discovery_factory_batch_runner/stage28a_exact_trades.csv,calendar_time_risk_proxy_v1,calendar_drop_friday_h9_tp06_sl065,0.429399999999896,-0.620600000000104,-1.3206000000001037,0,0,0,0,0.620600000000104,48.01999999999998,5.910000000000082,0.4027072758037354,6.6099999999999,0.22541603630862808,2.0,5.0905000000000316,0.436,1.0,,,9,2,4.0,2023
2023-04-06 09:00:00+00:00|1.0|calendar_drop_friday_h9_tp06_sl065,2023-04-06 09:00:00+00:00,STAGE28A,data/reports/stage28a_discovery_factory_batch_runner/stage28a_exact_trades.csv,calendar_time_risk_proxy_v1,calendar_drop_friday_h9_tp06_sl065,0.6913000000000921,-0.3586999999999078,-1.0586999999999076,0,0,0,0,0.3586999999999078,22.069999999999936,13.549999999999955,0.6664206642066423,9.879999999999882,0.8289473684210681,3.9700000000000273,4.869500000000016,0.42,1.0,,,9,3,4.0,2023
2023-04-06 23:45:00+00:00|1.0|calendar_drop_friday_h9_tp06_sl065,2023-04-06 23:45:00+00:00,STAGE28A,data/reports/stage28a_discovery_factory_batch_runner/stage28a_exact_trades.csv,calendar_time_risk_proxy_v1,calendar_drop_friday_h9_tp06_sl065,-0.35,-1.4,-2.1,0,0,0,0,1.4,22.069999999999936,13.549999999999955,0.6664206642066423,9.879999999999882,0.8289473684210681,3.2800000000002,5.0350000000000135,0.504,1.0,,,9,3,4.0,2023
2023-04-10 09:00:00+00:00|1.0|calendar_drop_friday_h9_tp06_sl065,2023-04-10 09:00:00+00:00,STAGE28A,data/reports/stage28a_discovery_factory_batch_runner/stage28a_exact_trades.csv,calendar_time_risk_proxy_v1,calendar_drop_friday_h9_tp06_sl065,0.8335000000000946,-0.2164999999999053,-0.9164999999999052,0,0,0,0,0.2164999999999053,17.029999999999973,17.65000000000009,0.8271954674220869,12.220000000000027,0.786415711947617,3.7999999999999545,6.3495000000000115,0.804,1.0,,,9,0,4.0,2023
2023-04-11 09:00:00+00:00|1.0|calendar_drop_friday_h9_tp06_sl065,2023-04-11 09:00:00+00:00,STAGE28A,data/reports/stage28a_discovery_factory_batch_runner/stage28a_exact_trades.csv,calendar_time_risk_proxy_v1,calendar_drop_friday_h9_tp06_sl065,-1.5447000000000115,-2.594700000000012,-3.2947000000000117,0,0,0,0,2.594700000000012,24.860000000000127,9.349999999999909,0.6588235294117799,10.100000000000136,0.6920792079207836,2.849999999999909,3.977999999999997,0.132,1.0,,,9,1,4.0,2023
2023-04-12 09:00:00+00:00|-1.0|calendar_drop_friday_h9_tp06_sl065,2023-04-12 09:00:00+00:00,STAGE28A,data/reports/stage28a_discovery_factory_batch_runner/stage28a_exact_trades.csv,calendar_time_risk_proxy_v1,calendar_drop_friday_h9_tp06_sl065,-1.9207250000000389,-2.9707250000000385,-3.670725000000038,0,0,0,0,2.9707250000000385,18.610000000000127,16.36999999999989,0.8173488087965912,12.539999999999964,0.4976076555023945,3.2999999999999545,3.9134999999999764,0.172,-1.0,,,9,2,4.0,2023
2023-04-13 09:00:00+00:00|1.0|calendar_drop_friday_h9_tp06_sl065,2023-04-13 09:00:00+00:00,STAGE28A,data/reports/stage28a_discovery_factory_batch_runner/stage28a_exact_trades.csv,calendar_time_risk_proxy_v1,calendar_drop_friday_h9_tp06_sl065,-1.5131749999999102,-2.56317499999991,-3.26317499999991,0,0,0,0,2.56317499999991,27.13000000000011,6.1400000000001,0.3697068403908705,13.950000000000045,0.6566308243727635,3.839999999999918,5.714499999999998,0.792,1.0,,,9,3,4.0,2023
2023-04-14 22:45:00+00:00|1.0|calendar_drop_friday_h9_tp06_sl065,2023-04-14 22:45:00+00:00,STAGE28A,data/reports/stage28a_discovery_factory_batch_runner/stage28a_exact_trades.csv,calendar_time_risk_proxy_v1,calendar_drop_friday_h9_tp06_sl065,1.3185999999999694,0.2685999999999695,-0.4314000000000302,1,0,1,0,0.2685999999999695,35.00999999999999,8.809999999999945,0.5595913734392842,14.690000000000055,0.43567052416610397,3.5,6.793500000000028,0.984,1.0,,,9,4,4.0,2023
2023-04-17 09:00:00+00:00|1.0|calendar_drop_friday_h9_tp06_sl065,2023-04-17 09:00:00+00:00,STAGE28A,data/reports/stage28a_discovery_factory_batch_runner/stage28a_exact_trades.csv,calendar_time_risk_proxy_v1,calendar_drop_friday_h9_tp06_sl065,-1.6802249999999277,-2.7302249999999275,-3.4302249999999272,0,0,0,0,2.7302249999999275,7.0,10.759999999999991,0.30669144981412244,11.329999999999927,0.5216240070608907,9.0,7.176000000000011,0.988,1.0,,,9,0,4.0,2023
2023-04-18 09:00:00+00:00|1.0|calendar_drop_friday_h9_tp06_sl065,2023-04-18 09:00:00+00:00,STAGE28A,data/reports/stage28a_discovery_factory_batch_runner/stage28a_exact_trades.csv,calendar_time_risk_proxy_v1,calendar_drop_friday_h9_tp06_sl065,-1.516099999999915,-2.566099999999915,-3.2660999999999145,0,0,0,0,2.566099999999915,33.8900000000001,8.5,0.6588235294117808,8.699999999999818,0.10919540229885809,5.339999999999918,4.835999999999967,0.328,1.0,,,9,1,4.0,2023
2023-04-19 09:00:00+00:00|-1.0|calendar_drop_friday_h9_tp06_sl065,2023-04-19 09:00:00+00:00,STAGE28A,data/reports/stage28a_discovery_factory_batch_runner/stage28a_exact_trades.csv,calendar_time_risk_proxy_v1,calendar_drop_friday_h9_tp06_sl065,-1.6376499999999852,-2.687649999999985,-3.3876499999999847,0,0,0,0,2.687649999999985,20.6099999999999,6.189999999999827,0.34087237479809146,31.710000000000036,0.9274676758120481,4.809999999999945,3.9560000000000057,0.148,-1.0,,,9,2,4.0,2023
2023-04-20 09:00:00+00:00|1.0|calendar_drop_friday_h9_tp06_sl065,2023-04-20 09:00:00+00:00,STAGE28A,data/reports/stage28a_discovery_factory_batch_runner/stage28a_exact_trades.csv,calendar_time_risk_proxy_v1,calendar_drop_friday_h9_tp06_sl065,-1.559974999999986,-2.6099749999999857,-3.309974999999985,0,0,0,0,2.6099749999999857,38.95999999999981,8.179999999999836,0.20904645476773479,9.779999999999973,0.6932515337423304,3.8400000000001455,4.550500000000033,0.316,1.0,,,9,3,4.0,2023
2023-04-21 22:45:00+00:00|1.0|calendar_drop_friday_h9_tp06_sl065,2023-04-21 22:45:00+00:00,STAGE28A,data/reports/stage28a_discovery_factory_batch_runner/stage28a_exact_trades.csv,calendar_time_risk_proxy_v1,calendar_drop_friday_h9_tp06_sl065,-0.35,-1.4,-2.1,0,0,0,0,1.4,21.839999999999918,4.940000000000055,0.5161943319837907,20.37999999999988,0.7850834151128603,3.75,6.726500000000044,0.944,1.0,,,9,4,4.0,2023
2023-04-24 09:00:00+00:00|1.0|calendar_drop_friday_h9_tp06_sl065,2023-04-24 09:00:00+00:00,STAGE28A,data/reports/stage28a_discovery_factory_batch_runner/stage28a_exact_trades.csv,calendar_time_risk_proxy_v1,calendar_drop_friday_h9_tp06_sl065,-1.6422000000000936,-2.6922000000000934,-3.392200000000093,0,0,0,0,2.6922000000000934,3.790000000000191,6.7999999999999545,0.4735294117647131,10.459999999999809,0.22179732313575323,3.3299999999999272,5.652000000000021,0.668,1.0,,,9,0,4.0,2023
2023-04-25 09:00:00+00:00|-1.0|calendar_drop_friday_h9_tp06_sl065,2023-04-25 09:00:00+00:00,STAGE28A,data/reports/stage28a_discovery_factory_batch_runner/stage28a_exact_trades.csv,calendar_time_risk_proxy_v1,calendar_drop_friday_h9_tp06_sl065,0.8331999999999425,-0.2168000000000574,-0.9168000000000572,0,0,0,0,0.2168000000000574,18.579999999999927,12.269999999999982,0.013039934800332689,10.289999999999964,0.4528668610301359,4.910000000000082,4.514499999999998,0.36,-1.0,,,9,1,4.0,2023
2023-04-26 09:00:00+00:00|1.0|calendar_drop_friday_h9_tp06_sl065,2023-04-26 09:00:00+00:00,STAGE28A,data/reports/stage28a_discovery_factory_batch_runner/stage28a_exact_trades.csv,calendar_time_risk_proxy_v1,calendar_drop_friday_h9_tp06_sl065,-1.559974999999986,-2.6099749999999857,-3.309974999999985,0,0,0,0,2.6099749999999857,27.710000000000036,9.230000000000018,0.37811484290357555,6.069999999999936,0.7726523887973812,2.8099999999999454,5.815499999999986,0.7,1.0,,,9,2,4.0,2023
2023-04-27 09:00:00+00:00|-1.0|calendar_drop_friday_h9_tp06_sl065,2023-04-27 09:00:00+00:00,STAGE28A,data/reports/stage28a_discovery_factory_batch_runner/stage28a_exact_trades.csv,calendar_time_risk_proxy_v1,calendar_drop_friday_h9_tp06_sl065,-1.8527999999999796,-2.902799999999979,-3.602799999999979,0,0,0,0,2.902799999999979,25.920000000000073,11.960000000000036,0.8127090301003342,6.400000000000091,0.44687499999997804,5.100000000000136,5.088500000000044,0.504,-1.0,,,9,3,4.0,2023
2023-04-28 22:45:00+00:00|1.0|calendar_drop_friday_h9_tp06_sl065,2023-04-28 22:45:00+00:00,STAGE28A,data/reports/stage28a_discovery_factory_batch_runner/stage28a_exact_trades.csv,calendar_time_risk_proxy_v1,calendar_drop_friday_h9_tp06_sl065,-0.35,-1.4,-2.1,0,0,0,0,1.4,29.029999999999973,6.509999999999991,0.32872503840243866,10.569999999999936,0.5619678334909993,2.5100000000002183,4.724500000000023,0.356,1.0,,,9,4,4.0,2023
2023-05-01 09:00:00+00:00|-1.0|calendar_drop_friday_h9_tp06_sl065,2023-05-01 09:00:00+00:00,STAGE28A,data/reports/stage28a_discovery_factory_batch_runner/stage28a_exact_trades.csv,calendar_time_risk_proxy_v1,calendar_drop_friday_h9_tp06_sl065,0.6415000000000873,-0.4084999999999126,-1.1084999999999123,0,0,0,0,0.4084999999999126,3.2999999999999545,11.25,0.5164444444444396,9.319999999999936,0.14377682403432696,4.319999999999936,4.450500000000011,0.232,-1.0,,,9,0,5.0,2023
2023-05-02 09:00:00+00:00|-1.0|calendar_drop_friday_h9_tp06_sl065,2023-05-02 09:00:00+00:00,STAGE28A,data/reports/stage28a_discovery_factory_batch_runner/stage28a_exact_trades.csv,calendar_time_risk_proxy_v1,calendar_drop_friday_h9_tp06_sl065,0.4020999999999276,-0.6479000000000723,-1.347900000000072,0,0,0,0,0.6479000000000723,28.960000000000036,4.459999999999809,0.12556053811658507,7.899999999999864,0.25949367088607467,2.9600000000000364,4.308999999999981,0.2,-1.0,,,9,1,5.0,2023
2023-05-03 09:00:00+00:00|-1.0|calendar_drop_friday_h9_tp06_sl065,2023-05-03 09:00:00+00:00,STAGE28A,data/reports/stage28a_discovery_factory_batch_runner/stage28a_exact_trades.csv,calendar_time_risk_proxy_v1,calendar_drop_friday_h9_tp06_sl065,-1.1254500000000918,-2.175450000000092,-2.8754500000000918,0,0,0,0,2.175450000000092,40.909999999999854,4.5300000000002,0.6247240618101109,6.770000000000209,0.20531757754798075,1.9600000000000364,4.580499999999972,0.332,-1.0,,,9,2,5.0,2023
2023-05-04 09:00:00+00:00|-1.0|calendar_drop_friday_h9_tp06_sl065,2023-05-04 09:00:00+00:00,STAGE28A,data/reports/stage28a_discovery_factory_batch_runner/stage28a_exact_trades.csv,calendar_time_risk_proxy_v1,calendar_drop_friday_h9_tp06_sl065,-2.106949999999961,-3.1569499999999606,-3.85694999999996,0,0,0,1,3.1569499999999606,50.37000000000012,39.94999999999982,0.3902377972465636,14.970000000000027,0.2077488309953169,4.129999999999882,9.019500000000004,1.0,-1.0,,,9,3,5.0,2023
2023-05-05 22:45:00+00:00|1.0|calendar_drop_friday_h9_tp06_sl065,2023-05-05 22:45:00+00:00,STAGE28A,data/reports/stage28a_discovery_factory_batch_runner/stage28a_exact_trades.csv,calendar_time_risk_proxy_v1,calendar_drop_friday_h9_tp06_sl065,-0.35,-1.4,-2.1,0,0,0,0,1.4,47.87999999999988,7.529999999999973,0.10092961487380694,13.800000000000182,0.8630434782608641,3.2100000000000364,6.204000000000031,0.824,1.0,,,9,4,5.0,2023
2023-05-08 09:00:00+00:00|-1.0|calendar_drop_friday_h9_tp06_sl065,2023-05-08 09:00:00+00:00,STAGE28A,data/reports/stage28a_discovery_factory_batch_runner/stage28a_exact_trades.csv,calendar_time_risk_proxy_v1,calendar_drop_friday_h9_tp06_sl065,0.627100000000064,-0.4228999999999359,-1.1228999999999356,0,0,0,0,0.4228999999999359,3.8199999999999363,9.689999999999827,0.8926728586171329,4.629999999999882,0.12526997840176446,4.569999999999936,6.000999999999976,0.764,-1.0,,,9,0,5.0,2023
2023-05-09 09:00:00+00:00|1.0|calendar_drop_friday_h9_tp06_sl065,2023-05-09 09:00:00+00:00,STAGE28A,data/reports/stage28a_discovery_factory_batch_runner/stage28a_exact_trades.csv,calendar_time_risk_proxy_v1,calendar_drop_friday_h9_tp06_sl065,0.5622999999999593,-0.4877000000000406,-1.1877000000000404,0,0,0,0,0.4877000000000406,15.129999999999882,5.400000000000091,0.4944444444444075,7.330000000000155,0.46248294679400115,3.3700000000001182,3.441500000000019,0.076,1.0,,,9,1,5.0,2023
2023-05-10 09:00:00+00:00|-1.0|calendar_drop_friday_h9_tp06_sl065,2023-05-10 09:00:00+00:00,STAGE28A,data/reports/stage28a_discovery_factory_batch_runner/stage28a_exact_trades.csv,calendar_time_risk_proxy_v1,calendar_drop_friday_h9_tp06_sl065,0.3990999999999985,-0.6509000000000014,-1.350900000000001,0,0,0,0,0.6509000000000014,18.029999999999973,7.679999999999836,0.5572916666667046,6.680000000000064,0.39371257485027794,3.7999999999999545,3.3315000000000055,0.068,-1.0,,,9,2,5.0,2023
2023-05-11 09:00:00+00:00|-1.0|calendar_drop_friday_h9_tp06_sl065,2023-05-11 09:00:00+00:00,STAGE28A,data/reports/stage28a_discovery_factory_batch_runner/stage28a_exact_trades.csv,calendar_time_risk_proxy_v1,calendar_drop_friday_h9_tp06_sl065,0.5194000000000415,-0.5305999999999584,-1.2305999999999582,0,0,0,0,0.5305999999999584,26.679999999999836,7.099999999999909,0.10563380281690277,11.410000000000082,0.47414548641542886,3.099999999999909,5.2564999999999715,0.684,-1.0,,,9,3,5.0,2023
2023-05-12 22:45:00+00:00|1.0|calendar_drop_friday_h9_tp06_sl065,2023-05-12 22:45:00+00:00,STAGE28A,data/reports/stage28a_discovery_factory_batch_runner/stage28a_exact_trades.csv,calendar_time_risk_proxy_v1,calendar_drop_friday_h9_tp06_sl065,0.7533999999999651,-0.2966000000000348,-0.9966000000000346,0,0,0,0,0.2966000000000348,30.1400000000001,8.960000000000036,0.4832589285714185,11.710000000000036,0.7532023911186941,1.8299999999999272,4.8720000000000026,0.532,1.0,,,9,4,5.0,2023
2023-05-15 09:00:00+00:00|1.0|calendar_drop_friday_h9_tp06_sl065,2023-05-15 09:00:00+00:00,STAGE28A,data/reports/stage28a_discovery_factory_batch_runner/stage28a_exact_trades.csv,calendar_time_risk_proxy_v1,calendar_drop_friday_h9_tp06_sl065,-1.4576000000000475,-2.507600000000048,-3.2076000000000477,0,0,0,0,2.507600000000048,4.789999999999964,11.710000000000036,0.2613151152860748,7.720000000000027,0.3121761658031183,5.980000000000018,4.789999999999987,0.464,1.0,,,9,0,5.0,2023
2023-05-16 09:00:00+00:00|-1.0|calendar_drop_friday_h9_tp06_sl065,2023-05-16 09:00:00+00:00,STAGE28A,data/reports/stage28a_discovery_factory_batch_runner/stage28a_exact_trades.csv,calendar_time_risk_proxy_v1,calendar_drop_friday_h9_tp06_sl065,-1.2847000000000208,-2.3347000000000206,-3.0347000000000204,0,0,0,0,2.3347000000000206,15.009999999999991,4.600000000000136,0.21521739130434342,15.0,0.49066666666666,5.289999999999964,3.481500000000017,0.132,-1.0,,,9,1,5.0,2023
2023-05-17 09:00:00+00:00|-1.0|calendar_drop_friday_h9_tp06_sl065,2023-05-17 09:00:00+00:00,STAGE28A,data/reports/stage28a_discovery_factory_batch_runner/stage28a_exact_trades.csv,calendar_time_risk_proxy_v1,calendar_drop_friday_h9_tp06_sl065,-1.2512250000000678,-2.301225000000068,-3.0012250000000678,0,0,0,0,2.301225000000068,32.789999999999964,5.0,0.25599999999999457,8.180000000000064,0.892420537897298,4.060000000000173,4.21400000000001,0.4,-1.0,,,9,2,5.0,2023
2023-05-18 09:00:00+00:00|-1.0|calendar_drop_friday_h9_tp06_sl065,2023-05-18 09:00:00+00:00,STAGE28A,data/reports/stage28a_discovery_factory_batch_runner/stage28a_exact_trades.csv,calendar_time_risk_proxy_v1,calendar_drop_friday_h9_tp06_sl065,0.4144000000000233,-0.6355999999999766,-1.3355999999999764,0,0,0,0,0.6355999999999766,17.950000000000045,5.4099999999998545,0.13308687615523462,10.519999999999982,0.4591254752851866,2.4300000000000637,3.781499999999994,0.308,-1.0,,,9,3,5.0,2023
2023-05-19 22:45:00+00:00|1.0|calendar_drop_friday_h9_tp06_sl065,2023-05-19 22:45:00+00:00,STAGE28A,data/reports/stage28a_discovery_factory_batch_runner/stage28a_exact_trades.csv,calendar_time_risk_proxy_v1,calendar_drop_friday_h9_tp06_sl065,-0.35,-1.4,-2.1,0,0,0,0,1.4,33.97999999999979,9.659999999999854,0.4906832298136729,8.100000000000136,0.5469135802469123,6.410000000000082,5.492499999999995,0.82,1.0,,,9,4,5.0,2023
2023-05-22 09:00:00+00:00|1.0|calendar_drop_friday_h9_tp06_sl065,2023-05-22 09:00:00+00:00,STAGE28A,data/reports/stage28a_discovery_factory_batch_runner/stage28a_exact_trades.csv,calendar_time_risk_proxy_v1,calendar_drop_friday_h9_tp06_sl065,0.7288000000000011,-0.3211999999999988,-1.0211999999999986,0,0,0,0,0.3211999999999988,4.360000000000127,6.099999999999909,0.3639344262295181,11.349999999999909,0.16123348017620634,4.019999999999982,5.199000000000012,0.772,1.0,,,9,0,5.0,2023
2023-05-23 09:00:00+00:00|-1.0|calendar_drop_friday_h9_tp06_sl065,2023-05-23 09:00:00+00:00,STAGE28A,data/reports/stage28a_discovery_factory_batch_runner/stage28a_exact_trades.csv,calendar_time_risk_proxy_v1,calendar_drop_friday_h9_tp06_sl065,0.8371000000001004,-0.2128999999998995,-0.9128999999998992,0,0,0,0,0.2128999999998995,13.670000000000073,12.319999999999936,0.6915584415584437,10.339999999999918,0.5483558994197406,4.089999999999918,4.205499999999995,0.528,-1.0,,,9,1,5.0,2023
2023-05-24 09:00:00+00:00|-1.0|calendar_drop_friday_h9_tp06_sl065,2023-05-24 09:00:00+00:00,STAGE28A,data/reports/stage28a_discovery_factory_batch_runner/stage28a_exact_trades.csv,calendar_time_risk_proxy_v1,calendar_drop_friday_h9_tp06_sl065,-1.4634500000000572,-2.513450000000057,-3.2134500000000568,0,0,0,0,2.513450000000057,23.449999999999818,4.529999999999973,0.0883002207505223,9.820000000000164,0.036659877800396534,3.6100000000001273,4.127499999999998,0.4,-1.0,,,9,2,5.0,2023
2023-05-25 09:00:00+00:00|1.0|calendar_drop_friday_h9_tp06_sl065,2023-05-25 09:00:00+00:00,STAGE28A,data/reports/stage28a_discovery_factory_batch_runner/stage28a_exact_trades.csv,calendar_time_risk_proxy_v1,calendar_drop_friday_h9_tp06_sl065,-1.3357250000000025,-2.385725000000002,-3.085725000000002,0,0,0,0,2.385725000000002,28.560000000000173,6.789999999999964,0.5729013254786629,9.850000000000136,0.39187817258884,3.509999999999991,4.757000000000005,0.664,1.0,,,9,3,5.0,2023
2023-05-26 22:45:00+00:00|1.0|calendar_drop_friday_h9_tp06_sl065,2023-05-26 22:45:00+00:00,STAGE28A,data/reports/stage28a_discovery_factory_batch_runner/stage28a_exact_trades.csv,calendar_time_risk_proxy_v1,calendar_drop_friday_h9_tp06_sl065,-0.35,-1.4,-2.1,0,0,0,0,1.4,25.910000000000082,12.120000000000118,0.5140264026402606,10.289999999999964,0.5053449951409197,2.4600000000000364,4.622500000000002,0.62,1.0,,,9,4,5.0,2023
2023-05-29 09:00:00+00:00|-1.0|calendar_drop_friday_h9_tp06_sl065,2023-05-29 09:00:00+00:00,STAGE28A,data/reports/stage28a_discovery_factory_batch_runner/stage28a_exact_trades.csv,calendar_time_risk_proxy_v1,calendar_drop_friday_h9_tp06_sl065,0.4227999999999611,-0.6272000000000388,-1.3272000000000386,0,0,0,0,0.6272000000000388,5.179999999999836,5.929999999999836,0.2698145025295414,8.11999999999989,0.0443349753694464,1.9299999999998363,3.819999999999959,0.208,-1.0,,,9,0,5.0,2023
2023-05-30 09:00:00+00:00|1.0|calendar_drop_friday_h9_tp06_sl065,2023-05-30 09:00:00+00:00,STAGE28A,data/reports/stage28a_discovery_factory_batch_runner/stage28a_exact_trades.csv,calendar_time_risk_proxy_v1,calendar_drop_friday_h9_tp06_sl065,0.8112999999999829,-0.238700000000017,-0.9387000000000169,0,0,0,0,0.238700000000017,9.490000000000009,7.379999999999882,0.4878048780488068,21.039999999999964,0.6416349809885943,7.009999999999991,2.6319999999999935,0.044,1.0,,,9,1,5.0,2023
2023-05-31 09:00:00+00:00|-1.0|calendar_drop_friday_h9_tp06_sl065,2023-05-31 09:00:00+00:00,STAGE28A,data/reports/stage28a_discovery_factory_batch_runner/stage28a_exact_trades.csv,calendar_time_risk_proxy_v1,calendar_drop_friday_h9_tp06_sl065,-1.5810999999999695,-2.6310999999999694,-3.331099999999969,0,0,0,0,2.6310999999999694,31.529999999999973,6.8400000000001455,0.07748538011695343,10.319999999999936,0.06395348837210135,7.279999999999973,3.788499999999999,0.238,-1.0,,,9,2,5.0,2023
2023-06-01 09:00:00+00:00|-1.0|calendar_drop_friday_h9_tp06_sl065,2023-06-01 09:00:00+00:00,STAGE28A,data/reports/stage28a_discovery_factory_batch_runner/stage28a_exact_trades.csv,calendar_time_risk_proxy_v1,calendar_drop_friday_h9_tp06_sl065,0.7168000000000575,-0.3331999999999424,-1.0331999999999422,0,0,0,0,0.3331999999999424,21.13000000000011,5.470000000000027,0.40036563071298786,12.440000000000055,0.31511254019291224,3.1700000000000728,4.284500000000025,0.464,-1.0,,,9,3,6.0,2023
2023-06-02 22:45:00+00:00|1.0|calendar_drop_friday_h9_tp06_sl065,2023-06-02 22:45:00+00:00,STAGE28A,data/reports/stage28a_discovery_factory_batch_runner/stage28a_exact_trades.csv,calendar_time_risk_proxy_v1,calendar_drop_friday_h9_tp06_sl065,-0.35,-1.4,-2.1,0,0,0,0,1.4,29.720000000000027,9.389999999999873,0.55271565495209,7.849999999999909,0.2496815286624279,2.009999999999991,4.710999999999979,0.672,1.0,,,9,4,6.0,2023
2023-06-05 09:00:00+00:00|-1.0|calendar_drop_friday_h9_tp06_sl065,2023-06-05 09:00:00+00:00,STAGE28A,data/reports/stage28a_discovery_factory_batch_runner/stage28a_exact_trades.csv,calendar_time_risk_proxy_v1,calendar_drop_friday_h9_tp06_sl065,-1.4770999999999277,-2.5270999999999275,-3.2270999999999272,0,0,0,0,2.5270999999999275,3.5399999999999636,6.1099999999999,0.2929623567921429,8.799999999999955,0.2590909090909073,3.6700000000000728,4.601500000000021,0.596,-1.0,,,9,0,6.0,2023
2023-06-06 09:00:00+00:00|1.0|calendar_drop_friday_h9_tp06_sl065,2023-06-06 09:00:00+00:00,STAGE28A,data/reports/stage28a_discovery_factory_batch_runner/stage28a_exact_trades.csv,calendar_time_risk_proxy_v1,calendar_drop_friday_h9_tp06_sl065,0.6625000000000455,-0.3874999999999544,-1.0874999999999542,0,0,0,0,0.3874999999999544,25.87000000000012,5.519999999999982,0.5851449275362371,6.670000000000073,0.4692653673163531,4.889999999999873,3.7049999999999614,0.172,1.0,,,9,1,6.0,2023
2023-06-07 09:00:00+00:00|-1.0|calendar_drop_friday_h9_tp06_sl065,2023-06-07 09:00:00+00:00,STAGE28A,data/reports/stage28a_discovery_factory_batch_runner/stage28a_exact_trades.csv,calendar_time_risk_proxy_v1,calendar_drop_friday_h9_tp06_sl065,-1.1901249999999437,-2.2401249999999435,-2.9401249999999437,0,0,0,0,2.2401249999999435,11.980000000000018,3.9199999999998454,0.08673469387753356,10.009999999999991,0.11288711288712389,2.300000000000182,3.1389999999999874,0.104,-1.0,,,9,2,6.0,2023
2023-06-08 09:00:00+00:00|1.0|calendar_drop_friday_h9_tp06_sl065,2023-06-08 09:00:00+00:00,STAGE28A,data/reports/stage28a_discovery_factory_batch_runner/stage28a_exact_trades.csv,calendar_time_risk_proxy_v1,calendar_drop_friday_h9_tp06_sl065,0.4144000000000233,-0.6355999999999766,-1.3355999999999764,0,0,0,0,0.6355999999999766,30.329999999999927,7.440000000000055,0.5349462365591383,6.319999999999936,0.011075949367078645,2.1100000000001273,4.6650000000000205,0.692,1.0,,,9,3,6.0,2023
2023-06-09 22:45:00+00:00|1.0|calendar_drop_friday_h9_tp06_sl065,2023-06-09 22:45:00+00:00,STAGE28A,data/reports/stage28a_discovery_factory_batch_runner/stage28a_exact_trades.csv,calendar_time_risk_proxy_v1,calendar_drop_friday_h9_tp06_sl065,-0.35,-1.4,-2.1,0,0,0,0,1.4,30.90000000000009,3.25,0.7046153846153734,5.440000000000055,0.34191176470590234,1.9200000000000728,3.4049999999999954,0.236,1.0,,,9,4,6.0,2023
2023-06-12 09:00:00+00:00|1.0|calendar_drop_friday_h9_tp06_sl065,2023-06-12 09:00:00+00:00,STAGE28A,data/reports/stage28a_discovery_factory_batch_runner/stage28a_exact_trades.csv,calendar_time_risk_proxy_v1,calendar_drop_friday_h9_tp06_sl065,-1.301274999999896,-2.351274999999896,-3.051274999999896,0,0,0,0,2.351274999999896,1.740000000000009,6.239999999999782,0.06891025641026903,9.049999999999955,0.7502762430939224,4.919999999999845,3.739999999999964,0.416,1.0,,,9,0,6.0,2023
2023-06-13 09:00:00+00:00|1.0|calendar_drop_friday_h9_tp06_sl065,2023-06-13 09:00:00+00:00,STAGE28A,data/reports/stage28a_discovery_factory_batch_runner/stage28a_exact_trades.csv,calendar_time_risk_proxy_v1,calendar_drop_friday_h9_tp06_sl065,-1.2265249999999015,-2.2765249999999013,-2.976524999999901,0,0,0,0,2.2765249999999013,17.7800000000002,6.210000000000036,0.6070853462157745,7.149999999999864,0.1706293706293777,3.199999999999818,3.753999999999985,0.416,1.0,,,9,1,6.0,2023
2023-06-14 09:00:00+00:00|1.0|calendar_drop_friday_h9_tp06_sl065,2023-06-14 09:00:00+00:00,STAGE28A,data/reports/stage28a_discovery_factory_batch_runner/stage28a_exact_trades.csv,calendar_time_risk_proxy_v1,calendar_drop_friday_h9_tp06_sl065,-1.1894749999999932,-2.239474999999993,-2.9394749999999927,0,0,0,0,2.239474999999993,30.730000000000018,7.240000000000009,0.7223756906077364,7.639999999999873,0.2683246073298414,3.1799999999998363,4.843000000000018,0.872,1.0,,,9,2,6.0,2023
2023-06-15 09:00:00+00:00|-1.0|calendar_drop_friday_h9_tp06_sl065,2023-06-15 09:00:00+00:00,STAGE28A,data/reports/stage28a_discovery_factory_batch_runner/stage28a_exact_trades.csv,calendar_time_risk_proxy_v1,calendar_drop_friday_h9_tp06_sl065,0.8662000000000717,-0.1837999999999282,-0.883799999999928,0,0,0,0,0.1837999999999282,20.580000000000155,12.930000000000064,0.713070378963649,10.7800000000002,0.09090909090909091,9.0300000000002,5.319999999999982,1.0,-1.0,,,9,3,6.0,2023
2023-06-16 22:45:00+00:00|1.0|calendar_drop_friday_h9_tp06_sl065,2023-06-16 22:45:00+00:00,STAGE28A,data/reports/stage28a_discovery_factory_batch_runner/stage28a_exact_trades.csv,calendar_time_risk_proxy_v1,calendar_drop_friday_h9_tp06_sl065,-0.35,-1.4,-2.1,0,0,0,0,1.4,35.600000000000136,6.8900000000001,0.27576197387519064,10.069999999999936,0.7636544190665445,1.8500000000001364,4.161500000000023,0.592,1.0,,,9,4,6.0,2023
2023-06-19 09:00:00+00:00|1.0|calendar_drop_friday_h9_tp06_sl065,2023-06-19 09:00:00+00:00,STAGE28A,data/reports/stage28a_discovery_factory_batch_runner/stage28a_exact_trades.csv,calendar_time_risk_proxy_v1,calendar_drop_friday_h9_tp06_sl065,-1.1784249999999248,-2.2284249999999246,-2.9284249999999243,0,0,0,0,2.2284249999999246,3.0699999999999363,4.7199999999998,0.5127118644068168,8.539999999999964,0.6217798594847738,3.269999999999982,3.74849999999999,0.38,1.0,,,9,0,6.0,2023
2023-06-20 09:00:00+00:00|1.0|calendar_drop_friday_h9_tp06_sl065,2023-06-20 09:00:00+00:00,STAGE28A,data/reports/stage28a_discovery_factory_batch_runner/stage28a_exact_trades.csv,calendar_time_risk_proxy_v1,calendar_drop_friday_h9_tp06_sl065,0.6028000000000248,-0.4471999999999752,-1.147199999999975,0,0,0,0,0.4471999999999752,10.899999999999864,9.029999999999973,0.2159468438538263,9.8900000000001,0.2517694641051551,3.4200000000000728,2.901000000000022,0.096,1.0,,,9,1,6.0,2023
2023-06-21 09:00:00+00:00|-1.0|calendar_drop_friday_h9_tp06_sl065,2023-06-21 09:00:00+00:00,STAGE28A,data/reports/stage28a_discovery_factory_batch_runner/stage28a_exact_trades.csv,calendar_time_risk_proxy_v1,calendar_drop_friday_h9_tp06_sl065,-1.3425499999999375,-2.3925499999999373,-3.092549999999937,0,0,0,0,2.3925499999999373,26.99000000000001,4.149999999999864,0.10843373493977355,6.149999999999864,0.6065040650406668,2.490000000000009,3.704999999999984,0.42,-1.0,,,9,2,6.0,2023
2023-06-22 09:00:00+00:00|-1.0|calendar_drop_friday_h9_tp06_sl065,2023-06-22 09:00:00+00:00,STAGE28A,data/reports/stage28a_discovery_factory_batch_runner/stage28a_exact_trades.csv,calendar_time_risk_proxy_v1,calendar_drop_friday_h9_tp06_sl065,0.4212999999998829,-0.628700000000117,-1.3287000000001168,0,0,0,0,0.628700000000117,20.25,3.459999999999809,0.2687861271676633,8.180000000000064,0.46210268948654565,2.7799999999999727,3.8779999999999744,0.508,-1.0,,,9,3,6.0,2023
2023-06-23 22:45:00+00:00|1.0|calendar_drop_friday_h9_tp06_sl065,2023-06-23 22:45:00+00:00,STAGE28A,data/reports/stage28a_discovery_factory_batch_runner/stage28a_exact_trades.csv,calendar_time_risk_proxy_v1,calendar_drop_friday_h9_tp06_sl065,-0.35,-1.4,-2.1,0,0,0,0,1.4,22.579999999999927,6.009999999999991,0.21630615640598277,7.990000000000009,0.6958698372966131,1.6099999999999,4.291999999999985,0.764,1.0,,,9,4,6.0,2023
2023-06-26 09:00:00+00:00|1.0|calendar_drop_friday_h9_tp06_sl065,2023-06-26 09:00:00+00:00,STAGE28A,data/reports/stage28a_discovery_factory_batch_runner/stage28a_exact_trades.csv,calendar_time_risk_proxy_v1,calendar_drop_friday_h9_tp06_sl065,0.5469999999999345,-0.5030000000000654,-1.2030000000000651,0,0,0,0,0.5030000000000654,3.490000000000009,5.870000000000118,0.12776831345825979,11.200000000000045,0.3928571428571494,3.160000000000082,3.813999999999987,0.4,1.0,,,9,0,6.0,2023
2023-06-27 09:00:00+00:00|-1.0|calendar_drop_friday_h9_tp06_sl065,2023-06-27 09:00:00+00:00,STAGE28A,data/reports/stage28a_discovery_factory_batch_runner/stage28a_exact_trades.csv,calendar_time_risk_proxy_v1,calendar_drop_friday_h9_tp06_sl065,0.5559999999999491,-0.4940000000000508,-1.1940000000000506,0,0,0,0,0.4940000000000508,11.819999999999936,9.349999999999909,0.4064171122994643,5.9500000000000455,0.724369747899145,4.429999999999836,3.3079999999999927,0.192,-1.0,,,9,1,6.0,2023
2023-06-28 09:00:00+00:00|-1.0|calendar_drop_friday_h9_tp06_sl065,2023-06-28 09:00:00+00:00,STAGE28A,data/reports/stage28a_discovery_factory_batch_runner/stage28a_exact_trades.csv,calendar_time_risk_proxy_v1,calendar_drop_friday_h9_tp06_sl065,0.3747999999999593,-0.6752000000000407,-1.3752000000000404,0,0,0,0,0.6752000000000407,19.659999999999854,3.949999999999818,0.05822784810127311,9.480000000000018,0.8280590717299466,1.709999999999809,3.542500000000018,0.308,-1.0,,,9,2,6.0,2023
2023-06-29 09:00:00+00:00|1.0|calendar_drop_friday_h9_tp06_sl065,2023-06-29 09:00:00+00:00,STAGE28A,data/reports/stage28a_discovery_factory_batch_runner/stage28a_exact_trades.csv,calendar_time_risk_proxy_v1,calendar_drop_friday_h9_tp06_sl065,-1.4296499999999015,-2.4796499999999013,-3.179649999999901,0,0,0,0,2.4796499999999013,14.339999999999918,10.029999999999973,0.4386839481555437,5.619999999999891,0.03914590747331522,2.410000000000082,3.2885000000000106,0.204,1.0,,,9,3,6.0,2023
2023-06-30 22:45:00+00:00|1.0|calendar_drop_friday_h9_tp06_sl065,2023-06-30 22:45:00+00:00,STAGE28A,data/reports/stage28a_discovery_factory_batch_runner/stage28a_exact_trades.csv,calendar_time_risk_proxy_v1,calendar_drop_friday_h9_tp06_sl065,-0.35,-1.4,-2.1,0,0,0,0,1.4,20.1099999999999,2.660000000000082,0.037593984962456146,9.329999999999927,0.33976420150054637,1.509999999999991,3.5249999999999773,0.4,1.0,,,9,4,6.0,2023
2023-07-03 09:00:00+00:00|-1.0|calendar_drop_friday_h9_tp06_sl065,2023-07-03 09:00:00+00:00,STAGE28A,data/reports/stage28a_discovery_factory_batch_runner/stage28a_exact_trades.csv,calendar_time_risk_proxy_v1,calendar_drop_friday_h9_tp06_sl065,-1.296725000000015,-2.346725000000015,-3.0467250000000146,0,0,0,0,2.346725000000015,1.1800000000000637,4.940000000000055,0.18825910931170567,10.5,0.4961904761904797,3.9700000000000273,3.3634999999999993,0.268,-1.0,,,9,0,7.0,2023
2023-07-04 09:00:00+00:00|1.0|calendar_drop_friday_h9_tp06_sl065,2023-07-04 09:00:00+00:00,STAGE28A,data/reports/stage28a_discovery_factory_batch_runner/stage28a_exact_trades.csv,calendar_time_risk_proxy_v1,calendar_drop_friday_h9_tp06_sl065,-0.9925249999999778,-2.0425249999999777,-2.742524999999977,0,0,0,0,2.0425249999999777,20.950000000000045,3.6399999999998727,0.4807692307692476,7.9099999999998545,0.8609355246523765,1.4100000000000819,2.928500000000008,0.092,1.0,,,9,1,7.0,2023
2023-07-05 09:00:00+00:00|1.0|calendar_drop_friday_h9_tp06_sl065,2023-07-05 09:00:00+00:00,STAGE28A,data/reports/stage28a_discovery_factory_batch_runner/stage28a_exact_trades.csv,calendar_time_risk_proxy_v1,calendar_drop_friday_h9_tp06_sl065,0.2625999999999294,-0.7874000000000705,-1.4874000000000702,0,0,0,0,0.7874000000000705,10.940000000000055,3.9700000000000273,0.42821158690177175,8.25,0.5624242424242546,1.4700000000000273,2.0480000000000134,0.016,1.0,,,9,2,7.0,2023
2023-07-06 09:00:00+00:00|-1.0|calendar_drop_friday_h9_tp06_sl065,2023-07-06 09:00:00+00:00,STAGE28A,data/reports/stage28a_discovery_factory_batch_runner/stage28a_exact_trades.csv,calendar_time_risk_proxy_v1,calendar_drop_friday_h9_tp06_sl065,-1.1254500000000918,-2.175450000000092,-2.8754500000000918,0,0,0,0,2.175450000000092,20.289999999999964,5.2000000000000455,0.3557692307692102,5.379999999999882,0.15055762081783702,3.3899999999998727,3.3749999999999774,0.348,-1.0,,,9,3,7.0,2023
2023-07-07 22:45:00+00:00|1.0|calendar_drop_friday_h9_tp06_sl065,2023-07-07 22:45:00+00:00,STAGE28A,data/reports/stage28a_discovery_factory_batch_runner/stage28a_exact_trades.csv,calendar_time_risk_proxy_v1,calendar_drop_friday_h9_tp06_sl065,-0.35,-1.4,-2.1,0,0,0,0,1.4,24.910000000000082,2.8099999999999454,0.049822064056895154,6.5499999999999545,0.7709923664122121,1.849999999999909,4.249499999999989,0.868,1.0,,,9,4,7.0,2023
2023-07-10 09:00:00+00:00|1.0|calendar_drop_friday_h9_tp06_sl065,2023-07-10 09:00:00+00:00,STAGE28A,data/reports/stage28a_discovery_factory_batch_runner/stage28a_exact_trades.csv,calendar_time_risk_proxy_v1,calendar_drop_friday_h9_tp06_sl065,-1.166724999999906,-2.2167249999999057,-2.9167249999999054,0,0,0,0,2.2167249999999057,4.289999999999964,5.559999999999945,0.3992805755395772,6.920000000000073,0.0765895953757178,2.0,4.427999999999986,0.924,1.0,,,9,0,7.0,2023
2023-07-11 09:00:00+00:00|1.0|calendar_drop_friday_h9_tp06_sl065,2023-07-11 09:00:00+00:00,STAGE28A,data/reports/stage28a_discovery_factory_batch_runner/stage28a_exact_trades.csv,calendar_time_risk_proxy_v1,calendar_drop_friday_h9_tp06_sl065,-1.262275000000136,-2.312275000000136,-3.012275000000136,0,0,0,0,2.312275000000136,15.459999999999809,4.690000000000055,0.3432835820895754,11.970000000000027,0.9598997493734321,1.9300000000000637,3.1635000000000106,0.26,1.0,,,9,1,7.0,2023
2023-07-12 09:00:00+00:00|-1.0|calendar_drop_friday_h9_tp06_sl065,2023-07-12 09:00:00+00:00,STAGE28A,data/reports/stage28a_discovery_factory_batch_runner/stage28a_exact_trades.csv,calendar_time_risk_proxy_v1,calendar_drop_friday_h9_tp06_sl065,-1.3422249999999625,-2.392224999999962,-3.092224999999962,0,0,0,0,2.392224999999962,14.170000000000073,8.88000000000011,0.5833333333333334,6.5,0.4799999999999832,2.380000000000109,2.724000000000001,0.14,-1.0,,,9,2,7.0,2023
2023-07-13 09:00:00+00:00|1.0|calendar_drop_friday_h9_tp06_sl065,2023-07-13 09:00:00+00:00,STAGE28A,data/reports/stage28a_discovery_factory_batch_runner/stage28a_exact_trades.csv,calendar_time_risk_proxy_v1,calendar_drop_friday_h9_tp06_sl065,-1.4758000000000266,-2.5258000000000265,-3.225800000000026,0,0,0,0,2.5258000000000265,27.560000000000173,6.690000000000055,0.38415545590432215,8.11999999999989,0.035714285714281716,3.099999999999909,4.2065000000000055,0.816,1.0,,,9,3,7.0,2023
2023-07-14 22:45:00+00:00|1.0|calendar_drop_friday_h9_tp06_sl065,2023-07-14 22:45:00+00:00,STAGE28A,data/reports/stage28a_discovery_factory_batch_runner/stage28a_exact_trades.csv,calendar_time_risk_proxy_v1,calendar_drop_friday_h9_tp06_sl065,-0.35,-1.4,-2.1,0,0,0,0,1.4,11.190000000000055,5.370000000000118,0.4897579143388871,8.259999999999991,0.7990314769975686,1.9500000000000455,3.4994999999999665,0.56,1.0,,,9,4,7.0,2023
2023-07-17 09:00:00+00:00|1.0|calendar_drop_friday_h9_tp06_sl065,2023-07-17 09:00:00+00:00,STAGE28A,data/reports/stage28a_discovery_factory_batch_runner/stage28a_exact_trades.csv,calendar_time_risk_proxy_v1,calendar_drop_friday_h9_tp06_sl065,-1.3090749999999844,-2.3590749999999843,-3.059074999999984,0,0,0,0,2.3590749999999843,2.8300000000001546,4.990000000000009,0.1923847695390851,8.600000000000136,0.7697674418604666,3.380000000000109,3.526999999999964,0.544,1.0,,,9,0,7.0,2023
2023-07-18 09:00:00+00:00|1.0|calendar_drop_friday_h9_tp06_sl065,2023-07-18 09:00:00+00:00,STAGE28A,data/reports/stage28a_discovery_factory_batch_runner/stage28a_exact_trades.csv,calendar_time_risk_proxy_v1,calendar_drop_friday_h9_tp06_sl065,-1.321424999999954,-2.3714249999999537,-3.071424999999953,0,0,0,0,2.3714249999999537,14.089999999999918,6.839999999999918,0.7046783625730986,6.329999999999927,0.513428120063197,2.7100000000000364,2.929500000000007,0.208,1.0,,,9,1,7.0,2023
2023-07-19 09:00:00+00:00|1.0|calendar_drop_friday_h9_tp06_sl065,2023-07-19 09:00:00+00:00,STAGE28A,data/reports/stage28a_discovery_factory_batch_runner/stage28a_exact_trades.csv,calendar_time_risk_proxy_v1,calendar_drop_friday_h9_tp06_sl065,-1.2362750000000688,-2.2862750000000687,-2.9862750000000684,0,0,0,0,2.2862750000000687,30.559999999999945,4.790000000000191,0.6847599164926601,7.9500000000000455,0.21509433962264485,3.8599999999999,4.246500000000003,0.808,1.0,,,9,2,7.0,2023
2023-07-20 09:00:00+00:00|-1.0|calendar_drop_friday_h9_tp06_sl065,2023-07-20 09:00:00+00:00,STAGE28A,data/reports/stage28a_discovery_factory_batch_runner/stage28a_exact_trades.csv,calendar_time_risk_proxy_v1,calendar_drop_friday_h9_tp06_sl065,-1.3555500000000849,-2.4055500000000847,-3.1055500000000844,0,0,0,0,2.4055500000000847,11.170000000000073,11.850000000000136,0.6607594936708915,7.610000000000127,0.5611038107753138,4.600000000000136,3.416000000000031,0.364,-1.0,,,9,3,7.0,2023
2023-07-21 22:45:00+00:00|1.0|calendar_drop_friday_h9_tp06_sl065,2023-07-21 22:45:00+00:00,STAGE28A,data/reports/stage28a_discovery_factory_batch_runner/stage28a_exact_trades.csv,calendar_time_risk_proxy_v1,calendar_drop_friday_h9_tp06_sl065,-0.35,-1.4,-2.1,0,0,0,0,1.4,22.090000000000146,3.8600000000001273,0.0984455958548884,11.100000000000136,0.5630630630630561,1.5399999999999636,3.542999999999972,0.508,1.0,,,9,4,7.0,2023
2023-07-24 09:00:00+00:00|-1.0|calendar_drop_friday_h9_tp06_sl065,2023-07-24 09:00:00+00:00,STAGE28A,data/reports/stage28a_discovery_factory_batch_runner/stage28a_exact_trades.csv,calendar_time_risk_proxy_v1,calendar_drop_friday_h9_tp06_sl065,-1.2469999999999346,-2.2969999999999344,-2.996999999999934,0,0,0,0,2.2969999999999344,2.3999999999998636,3.759999999999991,0.4840425531914736,8.310000000000173,0.6413959085439283,2.3299999999999272,3.1329999999999587,0.176,-1.0,,,9,0,7.0,2023
2023-07-25 09:00:00+00:00|1.0|calendar_drop_friday_h9_tp06_sl065,2023-07-25 09:00:00+00:00,STAGE28A,data/reports/stage28a_discovery_factory_batch_runner/stage28a_exact_trades.csv,calendar_time_risk_proxy_v1,calendar_drop_friday_h9_tp06_sl065,0.4558000000000902,-0.5941999999999097,-1.2941999999999094,0,0,0,0,0.5941999999999097,14.429999999999836,10.349999999999909,0.6434782608695568,4.730000000000018,0.12262156448201375,2.770000000000209,3.1345000000000143,0.188,1.0,,,9,1,7.0,2023
2023-07-26 09:00:00+00:00|1.0|calendar_drop_friday_h9_tp06_sl065,2023-07-26 09:00:00+00:00,STAGE28A,data/reports/stage28a_discovery_factory_batch_runner/stage28a_exact_trades.csv,calendar_time_risk_proxy_v1,calendar_drop_friday_h9_tp06_sl065,-1.1137500000000728,-2.1637500000000727,-2.8637500000000724,0,0,0,0,2.1637500000000727,14.290000000000191,4.230000000000018,0.14184397163118356,10.13000000000011,0.7423494570582331,2.650000000000091,3.3164999999999965,0.308,1.0,,,9,2,7.0,2023
2023-07-27 09:00:00+00:00|-1.0|calendar_drop_friday_h9_tp06_sl065,2023-07-27 09:00:00+00:00,STAGE28A,data/reports/stage28a_discovery_factory_batch_runner/stage28a_exact_trades.csv,calendar_time_risk_proxy_v1,calendar_drop_friday_h9_tp06_sl065,-1.301274999999896,-2.351274999999896,-3.051274999999896,0,0,0,0,2.351274999999896,16.339999999999918,11.230000000000018,0.40783615316118854,8.529999999999973,0.30480656506449527,1.7999999999999545,4.1494999999999775,0.884,-1.0,,,9,3,7.0,2023
2023-07-28 22:45:00+00:00|1.0|calendar_drop_friday_h9_tp06_sl065,2023-07-28 22:45:00+00:00,STAGE28A,data/reports/stage28a_discovery_factory_batch_runner/stage28a_exact_trades.csv,calendar_time_risk_proxy_v1,calendar_drop_friday_h9_tp06_sl065,-0.35,-1.4,-2.1,0,0,0,0,1.4,39.559999999999945,9.389999999999873,0.7816826411075873,8.8900000000001,0.2598425196850303,1.9200000000000728,4.113000000000056,0.792,1.0,,,9,4,7.0,2023
2023-07-31 09:00:00+00:00|-1.0|calendar_drop_friday_h9_tp06_sl065,2023-07-31 09:00:00+00:00,STAGE28A,data/reports/stage28a_discovery_factory_batch_runner/stage28a_exact_trades.csv,calendar_time_risk_proxy_v1,calendar_drop_friday_h9_tp06_sl065,0.4777000000000498,-0.5722999999999501,-1.2722999999999498,0,0,0,0,0.5722999999999501,2.269999999999982,6.829999999999927,0.806734992679363,6.0499999999999545,0.3884297520661036,2.2000000000000455,3.3920000000000528,0.304,-1.0,,,9,0,7.0,2023
2023-08-01 09:00:00+00:00|-1.0|calendar_drop_friday_h9_tp06_sl065,2023-08-01 09:00:00+00:00,STAGE28A,data/reports/stage28a_discovery_factory_batch_runner/stage28a_exact_trades.csv,calendar_time_risk_proxy_v1,calendar_drop_friday_h9_tp06_sl065,-1.2222999999999955,-2.2722999999999955,-2.9722999999999957,0,0,0,0,2.2722999999999955,21.22999999999979,7.0,0.4914285714285792,7.980000000000018,0.6741854636591316,1.9600000000000364,3.4254999999999995,0.364,-1.0,,,9,1,8.0,2023
2023-08-02 09:00:00+00:00|1.0|calendar_drop_friday_h9_tp06_sl065,2023-08-02 09:00:00+00:00,STAGE28A,data/reports/stage28a_discovery_factory_batch_runner/stage28a_exact_trades.csv,calendar_time_risk_proxy_v1,calendar_drop_friday_h9_tp06_sl065,0.5631999999999607,-0.4868000000000392,-1.186800000000039,0,0,0,0,0.4868000000000392,24.850000000000136,8.789999999999964,0.2104664391353975,6.620000000000118,0.055891238670711725,3.6399999999998727,3.894000000000028,0.688,1.0,,,9,2,8.0,2023
2023-08-03 09:00:00+00:00|1.0|calendar_drop_friday_h9_tp06_sl065,2023-08-03 09:00:00+00:00,STAGE28A,data/reports/stage28a_discovery_factory_batch_runner/stage28a_exact_trades.csv,calendar_time_risk_proxy_v1,calendar_drop_friday_h9_tp06_sl065,0.5994999999999436,-0.4505000000000563,-1.150500000000056,0,0,0,0,0.4505000000000563,21.810000000000173,5.089999999999918,0.17681728880154776,7.5,0.15333333333331514,2.6499999999998636,3.54699999999998,0.464,1.0,,,9,3,8.0,2023
2023-08-04 22:45:00+00:00|1.0|calendar_drop_friday_h9_tp06_sl065,2023-08-04 22:45:00+00:00,STAGE28A,data/reports/stage28a_discovery_factory_batch_runner/stage28a_exact_trades.csv,calendar_time_risk_proxy_v1,calendar_drop_friday_h9_tp06_sl065,-0.35,-1.4,-2.1,0,0,0,0,1.4,9.400000000000091,4.379999999999882,0.052511415525119724,5.3599999999999,0.3264925373134389,2.2999999999999545,3.863499999999976,0.696,1.0,,,9,4,8.0,2023
2023-08-07 09:00:00+00:00|-1.0|calendar_drop_friday_h9_tp06_sl065,2023-08-07 09:00:00+00:00,STAGE28A,data/reports/stage28a_discovery_factory_batch_runner/stage28a_exact_trades.csv,calendar_time_risk_proxy_v1,calendar_drop_friday_h9_tp06_sl065,0.4782999999998992,-0.5717000000001007,-1.2717000000001004,0,0,0,0,0.5717000000001007,4.6400000000001,8.450000000000045,0.5254437869822521,5.220000000000027,0.9501915708812281,2.759999999999991,4.065499999999974,0.828,-1.0,,,9,0,8.0,2023
2023-08-08 09:00:00+00:00|1.0|calendar_drop_friday_h9_tp06_sl065,2023-08-08 09:00:00+00:00,STAGE28A,data/reports/stage28a_discovery_factory_batch_runner/stage28a_exact_trades.csv,calendar_time_risk_proxy_v1,calendar_drop_friday_h9_tp06_sl065,0.4971999999999298,-0.5528000000000701,-1.25280000000007,0,0,0,0,0.5528000000000701,15.170000000000073,6.919999999999845,0.42774566473986636,5.420000000000073,0.3487084870848427,2.2799999999999727,2.986500000000001,0.104,1.0,,,9,1,8.0,2023
2023-08-09 09:00:00+00:00|-1.0|calendar_drop_friday_h9_tp06_sl065,2023-08-09 09:00:00+00:00,STAGE28A,data/reports/stage28a_discovery_factory_batch_runner/stage28a_exact_trades.csv,calendar_time_risk_proxy_v1,calendar_drop_friday_h9_tp06_sl065,-1.192399999999998,-2.2423999999999977,-2.942399999999997,0,0,0,0,2.2423999999999977,15.22999999999979,6.5900000000001455,0.7799696509863409,6.440000000000055,0.6024844720497012,2.0299999999999727,3.1059999999999945,0.184,-1.0,,,9,2,8.0,2023
2023-08-10 09:00:00+00:00|1.0|calendar_drop_friday_h9_tp06_sl065,2023-08-10 09:00:00+00:00,STAGE28A,data/reports/stage28a_discovery_factory_batch_runner/stage28a_exact_trades.csv,calendar_time_risk_proxy_v1,calendar_drop_friday_h9_tp06_sl065,0.4200999999999567,-0.6299000000000432,-1.329900000000043,0,0,0,0,0.6299000000000432,18.330000000000155,4.660000000000082,0.5021459227467547,6.099999999999909,0.377049180327867,3.400000000000091,2.7920000000000074,0.084,1.0,,,9,3,8.0,2023
2023-08-11 22:45:00+00:00|1.0|calendar_drop_friday_h9_tp06_sl065,2023-08-11 22:45:00+00:00,STAGE28A,data/reports/stage28a_discovery_factory_batch_runner/stage28a_exact_trades.csv,calendar_time_risk_proxy_v1,calendar_drop_friday_h9_tp06_sl065,-0.35,-1.4,-2.1,0,0,0,0,1.4,17.99000000000001,5.129999999999882,0.3781676413255554,7.240000000000009,0.46685082872926487,1.2999999999999545,2.978999999999985,0.208,1.0,,,9,4,8.0,2023
2023-08-14 09:00:00+00:00|1.0|calendar_drop_friday_h9_tp06_sl065,2023-08-14 09:00:00+00:00,STAGE28A,data/reports/stage28a_discovery_factory_batch_runner/stage28a_exact_trades.csv,calendar_time_risk_proxy_v1,calendar_drop_friday_h9_tp06_sl065,-1.0780000000000656,-2.1280000000000654,-2.828000000000065,0,0,0,0,2.1280000000000654,2.990000000000009,5.099999999999909,0.18235294117648632,5.559999999999945,0.24280575539566948,2.6800000000000637,2.929999999999984,0.184,1.0,,,9,0,8.0,2023
2023-08-15 09:00:00+00:00|-1.0|calendar_drop_friday_h9_tp06_sl065,2023-08-15 09:00:00+00:00,STAGE28A,data/reports/stage28a_discovery_factory_batch_runner/stage28a_exact_trades.csv,calendar_time_risk_proxy_v1,calendar_drop_friday_h9_tp06_sl065,-1.211249999999927,-2.261249999999927,-2.961249999999927,0,0,0,0,2.261249999999927,13.519999999999982,4.5,0.015555555555541408,4.460000000000036,0.5874439461883625,3.339999999999918,3.2225000000000024,0.44,-1.0,,,9,1,8.0,2023
2023-08-16 09:00:00+00:00|1.0|calendar_drop_friday_h9_tp06_sl065,2023-08-16 09:00:00+00:00,STAGE28A,data/reports/stage28a_discovery_factory_batch_runner/stage28a_exact_trades.csv,calendar_time_risk_proxy_v1,calendar_drop_friday_h9_tp06_sl065,-1.0448500000000878,-2.094850000000088,-2.7948500000000878,0,0,0,0,2.094850000000088,15.230000000000018,5.009999999999991,0.5209580838323616,4.4500000000000455,0.45168539325842033,2.019999999999982,3.3050000000000184,0.5,1.0,,,9,2,8.0,2023
2023-08-17 09:00:00+00:00|1.0|calendar_drop_friday_h9_tp06_sl065,2023-08-17 09:00:00+00:00,STAGE28A,data/reports/stage28a_discovery_factory_batch_runner/stage28a_exact_trades.csv,calendar_time_risk_proxy_v1,calendar_drop_friday_h9_tp06_sl065,-1.0783250000000408,-2.1283250000000407,-2.8283250000000404,0,0,0,0,2.1283250000000407,15.420000000000073,5.419999999999845,0.30442804428046827,5.570000000000164,0.45960502692995875,1.8400000000001455,2.958500000000015,0.28,1.0,,,9,3,8.0,2023
2023-08-18 22:45:00+00:00|1.0|calendar_drop_friday_h9_tp06_sl065,2023-08-18 22:45:00+00:00,STAGE28A,data/reports/stage28a_discovery_factory_batch_runner/stage28a_exact_trades.csv,calendar_time_risk_proxy_v1,calendar_drop_friday_h9_tp06_sl065,-0.35,-1.4,-2.1,0,0,0,0,1.4,18.539999999999964,6.210000000000036,0.4541062801932238,2.9199999999998454,0.04452054794516735,1.7100000000000364,2.9175000000000297,0.292,1.0,,,9,4,8.0,2023
2023-08-21 09:00:00+00:00|-1.0|calendar_drop_friday_h9_tp06_sl065,2023-08-21 09:00:00+00:00,STAGE28A,data/reports/stage28a_discovery_factory_batch_runner/stage28a_exact_trades.csv,calendar_time_risk_proxy_v1,calendar_drop_friday_h9_tp06_sl065,0.7510000000001128,-0.2989999999998871,-0.9989999999998868,0,0,0,0,0.2989999999998871,2.060000000000173,8.830000000000155,0.15288788221971833,6.619999999999891,0.32326283987917453,6.259999999999991,3.448000000000036,0.832,-1.0,,,9,0,8.0,2023
2023-08-22 09:00:00+00:00|1.0|calendar_drop_friday_h9_tp06_sl065,2023-08-22 09:00:00+00:00,STAGE28A,data/reports/stage28a_discovery_factory_batch_runner/stage28a_exact_trades.csv,calendar_time_risk_proxy_v1,calendar_drop_friday_h9_tp06_sl065,-1.2639000000000125,-2.3139000000000123,-3.013900000000012,0,0,0,0,2.3139000000000123,14.160000000000082,3.6100000000001273,0.2576177285318645,9.980000000000018,0.6863727454909716,2.5399999999999636,3.1150000000000317,0.548,1.0,,,9,1,8.0,2023
2023-08-23 09:00:00+00:00|1.0|calendar_drop_friday_h9_tp06_sl065,2023-08-23 09:00:00+00:00,STAGE28A,data/reports/stage28a_discovery_factory_batch_runner/stage28a_exact_trades.csv,calendar_time_risk_proxy_v1,calendar_drop_friday_h9_tp06_sl065,-1.0728000000000066,-2.1228000000000065,-2.822800000000006,0,0,0,0,2.1228000000000065,15.450000000000045,5.879999999999882,0.6309523809523998,4.910000000000082,0.25050916496944964,1.6000000000001364,2.634500000000037,0.1,1.0,,,9,2,8.0,2023
2023-08-24 09:00:00+00:00|-1.0|calendar_drop_friday_h9_tp06_sl065,2023-08-24 09:00:00+00:00,STAGE28A,data/reports/stage28a_discovery_factory_batch_runner/stage28a_exact_trades.csv,calendar_time_risk_proxy_v1,calendar_drop_friday_h9_tp06_sl065,0.3912999999999101,-0.6587000000000898,-1.3587000000000895,0,0,0,0,0.6587000000000898,23.429999999999836,6.710000000000036,0.5722801788375744,3.6400000000001,0.36263736263739765,2.099999999999909,3.086999999999944,0.5,-1.0,,,9,3,8.0,2023
2023-08-25 22:45:00+00:00|1.0|calendar_drop_friday_h9_tp06_sl065,2023-08-25 22:45:00+00:00,STAGE28A,data/reports/stage28a_discovery_factory_batch_runner/stage28a_exact_trades.csv,calendar_time_risk_proxy_v1,calendar_drop_friday_h9_tp06_sl065,-0.35,-1.4,-2.1,0,0,0,0,1.4,11.639999999999873,4.470000000000027,0.7919463087248192,5.199999999999818,0.5307692307692475,2.8199999999999363,3.509000000000026,0.952,1.0,,,9,4,8.0,2023
2023-08-28 09:00:00+00:00|-1.0|calendar_drop_friday_h9_tp06_sl065,2023-08-28 09:00:00+00:00,STAGE28A,data/reports/stage28a_discovery_factory_batch_runner/stage28a_exact_trades.csv,calendar_time_risk_proxy_v1,calendar_drop_friday_h9_tp06_sl065,0.2889999999998963,-0.7610000000001036,-1.461000000000103,0,0,0,0,0.7610000000001036,1.490000000000009,3.0700000000001637,0.4364820846905038,4.259999999999991,0.5023474178403468,2.4700000000000273,3.339000000000033,0.788,-1.0,,,9,0,8.0,2023
2023-08-29 09:00:00+00:00|-1.0|calendar_drop_friday_h9_tp06_sl065,2023-08-29 09:00:00+00:00,STAGE28A,data/reports/stage28a_discovery_factory_batch_runner/stage28a_exact_trades.csv,calendar_time_risk_proxy_v1,calendar_drop_friday_h9_tp06_sl065,0.2589999999999236,-0.7910000000000763,-1.491000000000076,0,0,0,0,0.7910000000000763,13.430000000000064,6.25,0.7584000000000014,3.9300000000000637,0.2646310432569839,2.3199999999999363,2.4760000000000444,0.14,-1.0,,,9,1,8.0,2023
2023-08-30 09:00:00+00:00|-1.0|calendar_drop_friday_h9_tp06_sl065,2023-08-30 09:00:00+00:00,STAGE28A,data/reports/stage28a_discovery_factory_batch_runner/stage28a_exact_trades.csv,calendar_time_risk_proxy_v1,calendar_drop_friday_h9_tp06_sl065,-0.9317500000000564,-1.9817500000000563,-2.681750000000056,0,0,0,0,1.9817500000000563,23.829999999999927,2.2799999999999727,0.17543859649127005,3.75,0.3466666666666545,1.6299999999998818,2.9215000000000146,0.424,-1.0,,,9,2,8.0,2023
2023-08-31 09:00:00+00:00|-1.0|calendar_drop_friday_h9_tp06_sl065,2023-08-31 09:00:00+00:00,STAGE28A,data/reports/stage28a_discovery_factory_batch_runner/stage28a_exact_trades.csv,calendar_time_risk_proxy_v1,calendar_drop_friday_h9_tp06_sl065,-0.9005499999999301,-1.95054999999993,-2.65054999999993,0,0,0,0,1.95054999999993,14.009999999999991,6.100000000000136,0.08360655737704582,3.089999999999918,0.11650485436890275,1.4600000000000364,2.373000000000013,0.144,-1.0,,,9,3,8.0,2023
2023-09-01 22:45:00+00:00|1.0|calendar_drop_friday_h9_tp06_sl065,2023-09-01 22:45:00+00:00,STAGE28A,data/reports/stage28a_discovery_factory_batch_runner/stage28a_exact_trades.csv,calendar_time_risk_proxy_v1,calendar_drop_friday_h9_tp06_sl065,-0.35,-1.4,-2.1,0,0,0,0,1.4,8.789999999999964,5.3900000000001,0.20222634508351117,6.300000000000182,0.8380952380952096,0.9299999999998363,3.377999999999986,0.892,1.0,,,9,4,9.0,2023
2023-09-04 09:00:00+00:00|-1.0|calendar_drop_friday_h9_tp06_sl065,2023-09-04 09:00:00+00:00,STAGE28A,data/reports/stage28a_discovery_factory_batch_runner/stage28a_exact_trades.csv,calendar_time_risk_proxy_v1,calendar_drop_friday_h9_tp06_sl065,0.2145999999999276,-0.8354000000000723,-1.535400000000072,0,0,0,0,0.8354000000000723,1.0,6.720000000000027,0.8005952380952173,5.430000000000064,0.7219152854511601,1.7300000000000182,3.0734999999999673,0.624,-1.0,,,9,0,9.0,2023
2023-09-05 09:00:00+00:00|-1.0|calendar_drop_friday_h9_tp06_sl065,2023-09-05 09:00:00+00:00,STAGE28A,data/reports/stage28a_discovery_factory_batch_runner/stage28a_exact_trades.csv,calendar_time_risk_proxy_v1,calendar_drop_friday_h9_tp06_sl065,-1.043224999999984,-2.093224999999984,-2.793224999999984,0,0,0,0,2.093224999999984,9.470000000000027,3.8600000000001273,0.3056994818652914,8.319999999999936,0.7439903846153696,2.4299999999998363,1.723500000000024,0.028,-1.0,,,9,1,9.0,2023
2023-09-06 09:00:00+00:00|-1.0|calendar_drop_friday_h9_tp06_sl065,2023-09-06 09:00:00+00:00,STAGE28A,data/reports/stage28a_discovery_factory_batch_runner/stage28a_exact_trades.csv,calendar_time_risk_proxy_v1,calendar_drop_friday_h9_tp06_sl065,-0.859275000000116,-1.909275000000116,-2.609275000000116,0,0,0,0,1.909275000000116,13.569999999999936,2.7200000000000273,0.05882352941179421,5.8599999999999,0.2030716723549616,1.3299999999999272,2.222000000000014,0.24,-1.0,,,9,2,9.0,2023
2023-09-07 09:00:00+00:00|-1.0|calendar_drop_friday_h9_tp06_sl065,2023-09-07 09:00:00+00:00,STAGE28A,data/reports/stage28a_discovery_factory_batch_runner/stage28a_exact_trades.csv,calendar_time_risk_proxy_v1,calendar_drop_friday_h9_tp06_sl065,0.2931999999999789,-0.756800000000021,-1.4568000000000207,0,0,0,0,0.756800000000021,13.889999999999873,4.419999999999845,0.5769230769230869,3.400000000000091,0.03529411764709266,1.9800000000000182,2.932000000000005,0.688,-1.0,,,9,3,9.0,2023
2023-09-08 22:45:00+00:00|1.0|calendar_drop_friday_h9_tp06_sl065,2023-09-08 22:45:00+00:00,STAGE28A,data/reports/stage28a_discovery_factory_batch_runner/stage28a_exact_trades.csv,calendar_time_risk_proxy_v1,calendar_drop_friday_h9_tp06_sl065,-0.35,-1.4,-2.1,0,0,0,0,1.4,7.3599999999999,8.149999999999864,0.6343558282208506,3.8600000000001273,0.07512953367874457,2.2899999999999636,2.8845000000000143,0.724,1.0,,,9,4,9.0,2023
2023-09-11 09:00:00+00:00|1.0|calendar_drop_friday_h9_tp06_sl065,2023-09-11 09:00:00+00:00,STAGE28A,data/reports/stage28a_discovery_factory_batch_runner/stage28a_exact_trades.csv,calendar_time_risk_proxy_v1,calendar_drop_friday_h9_tp06_sl065,-1.1264250000000176,-2.1764250000000174,-2.876425000000017,0,0,0,0,2.1764250000000174,2.5599999999999454,7.430000000000064,0.6850605652759222,7.740000000000009,0.2777777777777598,2.1200000000001182,3.1215000000000033,0.852,1.0,,,9,0,9.0,2023
2023-09-12 09:00:00+00:00|-1.0|calendar_drop_friday_h9_tp06_sl065,2023-09-12 09:00:00+00:00,STAGE28A,data/reports/stage28a_discovery_factory_batch_runner/stage28a_exact_trades.csv,calendar_time_risk_proxy_v1,calendar_drop_friday_h9_tp06_sl065,-1.0669499999999972,-2.116949999999997,-2.8169499999999967,0,0,0,0,2.116949999999997,14.0,4.029999999999973,0.2853598014888018,5.920000000000073,0.7854729729729403,2.4500000000000455,2.2895000000000207,0.252,-1.0,,,9,1,9.0,2023
2023-09-13 09:00:00+00:00|1.0|calendar_drop_friday_h9_tp06_sl065,2023-09-13 09:00:00+00:00,STAGE28A,data/reports/stage28a_discovery_factory_batch_runner/stage28a_exact_trades.csv,calendar_time_risk_proxy_v1,calendar_drop_friday_h9_tp06_sl065,-1.1283750000000965,-2.1783750000000963,-2.878375000000096,0,0,0,0,2.1783750000000963,16.910000000000082,5.6400000000001,0.6790780141843722,4.369999999999891,0.3729977116705148,3.3500000000001364,2.696000000000049,0.656,1.0,,,9,2,9.0,2023
2023-09-14 09:00:00+00:00|-1.0|calendar_drop_friday_h9_tp06_sl065,2023-09-14 09:00:00+00:00,STAGE28A,data/reports/stage28a_discovery_factory_batch_runner/stage28a_exact_trades.csv,calendar_time_risk_proxy_v1,calendar_drop_friday_h9_tp06_sl065,0.3384999999999764,-0.7115000000000236,-1.4115000000000233,0,0,0,0,0.7115000000000236,10.190000000000055,5.3599999999999,0.15671641791043542,5.760000000000218,0.5711805555555276,3.2800000000002,2.8815000000000053,0.784,-1.0,,,9,3,9.0,2023
2023-09-15 22:45:00+00:00|1.0|calendar_drop_friday_h9_tp06_sl065,2023-09-15 22:45:00+00:00,STAGE28A,data/reports/stage28a_discovery_factory_batch_runner/stage28a_exact_trades.csv,calendar_time_risk_proxy_v1,calendar_drop_friday_h9_tp06_sl065,-0.35,-1.4,-2.1,0,0,0,0,1.4,11.819999999999936,6.240000000000009,0.8461538461538406,4.680000000000064,0.521367521367526,1.1000000000001364,2.9700000000000273,0.768,1.0,,,9,4,9.0,2023
2023-09-18 09:00:00+00:00|-1.0|calendar_drop_friday_h9_tp06_sl065,2023-09-18 09:00:00+00:00,STAGE28A,data/reports/stage28a_discovery_factory_batch_runner/stage28a_exact_trades.csv,calendar_time_risk_proxy_v1,calendar_drop_friday_h9_tp06_sl065,-1.0308750000000146,-2.0808750000000145,-2.780875000000014,0,0,0,0,2.0808750000000145,1.2699999999999818,6.9500000000000455,0.7381294964028886,5.480000000000018,0.3357664233576897,2.849999999999909,2.839500000000021,0.668,-1.0,,,9,0,9.0,2023
2023-09-19 09:00:00+00:00|1.0|calendar_drop_friday_h9_tp06_sl065,2023-09-19 09:00:00+00:00,STAGE28A,data/reports/stage28a_discovery_factory_batch_runner/stage28a_exact_trades.csv,calendar_time_risk_proxy_v1,calendar_drop_friday_h9_tp06_sl065,0.0705999999999221,-0.9794000000000778,-1.6794000000000775,0,0,0,0,0.9794000000000778,11.730000000000018,2.8200000000001637,0.4893617021275892,5.589999999999918,0.5348837209302013,1.5,2.1135000000000104,0.16,1.0,,,9,1,9.0,2023
2023-09-20 09:00:00+00:00|-1.0|calendar_drop_friday_h9_tp06_sl065,2023-09-20 09:00:00+00:00,STAGE28A,data/reports/stage28a_discovery_factory_batch_runner/stage28a_exact_trades.csv,calendar_time_risk_proxy_v1,calendar_drop_friday_h9_tp06_sl065,0.1419999999999618,-0.908000000000038,-1.6080000000000378,0,0,0,0,0.908000000000038,7.619999999999891,3.9199999999998454,0.30357142857145447,4.3900000000001,0.27107061503417484,2.0299999999999727,1.9400000000000204,0.056,-1.0,,,9,2,9.0,2023
2023-09-21 09:00:00+00:00|-1.0|calendar_drop_friday_h9_tp06_sl065,2023-09-21 09:00:00+00:00,STAGE28A,data/reports/stage28a_discovery_factory_batch_runner/stage28a_exact_trades.csv,calendar_time_risk_proxy_v1,calendar_drop_friday_h9_tp06_sl065,0.2559999999999945,-0.7940000000000054,-1.494000000000005,0,0,0,0,0.7940000000000054,19.519999999999982,7.350000000000136,0.3823129251700535,8.040000000000191,0.4440298507462785,1.9800000000000182,3.7004999999999995,0.98,-1.0,,,9,3,9.0,2023
2023-09-22 22:45:00+00:00|1.0|calendar_drop_friday_h9_tp06_sl065,2023-09-22 22:45:00+00:00,STAGE28A,data/reports/stage28a_discovery_factory_batch_runner/stage28a_exact_trades.csv,calendar_time_risk_proxy_v1,calendar_drop_friday_h9_tp06_sl065,-0.35,-1.4,-2.1,0,0,0,0,1.4,17.580000000000155,6.259999999999991,0.5782747603834063,5.400000000000091,0.30740740740737527,1.6199999999998909,2.2900000000000205,0.284,1.0,,,9,4,9.0,2023
2023-09-25 09:00:00+00:00|-1.0|calendar_drop_friday_h9_tp06_sl065,2023-09-25 09:00:00+00:00,STAGE28A,data/reports/stage28a_discovery_factory_batch_runner/stage28a_exact_trades.csv,calendar_time_risk_proxy_v1,calendar_drop_friday_h9_tp06_sl065,0.1282000000000153,-0.9217999999999846,-1.6217999999999844,0,0,0,0,0.9217999999999846,2.0,3.769999999999982,0.5384615384615338,6.2999999999999545,0.13015873015872098,1.8600000000001273,2.013500000000022,0.1,-1.0,,,9,0,9.0,2023
2023-09-26 09:00:00+00:00|1.0|calendar_drop_friday_h9_tp06_sl065,2023-09-26 09:00:00+00:00,STAGE28A,data/reports/stage28a_discovery_factory_batch_runner/stage28a_exact_trades.csv,calendar_time_risk_proxy_v1,calendar_drop_friday_h9_tp06_sl065,-0.8602500000000418,-1.9102500000000415,-2.610250000000041,0,0,0,0,1.9102500000000415,12.0,3.730000000000018,0.7774798927613538,5.860000000000127,0.10238907849831456,1.6199999999998909,2.2755000000000223,0.344,1.0,,,9,1,9.0,2023
2023-09-27 09:00:00+00:00|-1.0|calendar_drop_friday_h9_tp06_sl065,2023-09-27 09:00:00+00:00,STAGE28A,data/reports/stage28a_discovery_factory_batch_runner/stage28a_exact_trades.csv,calendar_time_risk_proxy_v1,calendar_drop_friday_h9_tp06_sl065,0.4639000000001033,-0.5860999999998966,-1.2860999999998963,0,0,0,0,0.5860999999998966,17.690000000000055,4.459999999999809,0.23991031390139228,5.339999999999918,0.8220973782771424,2.7799999999999727,2.8924999999999725,0.728,-1.0,,,9,2,9.0,2023
2023-09-28 09:00:00+00:00|-1.0|calendar_drop_friday_h9_tp06_sl065,2023-09-28 09:00:00+00:00,STAGE28A,data/reports/stage28a_discovery_factory_batch_runner/stage28a_exact_trades.csv,calendar_time_risk_proxy_v1,calendar_drop_friday_h9_tp06_sl065,-1.0383499999999004,-2.0883499999999,-2.7883499999999,0,0,0,0,2.0883499999999,31.470000000000027,4.350000000000136,0.537931034482723,4.5499999999999545,0.27472527472527747,2.650000000000091,3.277000000000021,0.84,-1.0,,,9,3,9.0,2023
2023-09-29 22:45:00+00:00|1.0|calendar_drop_friday_h9_tp06_sl065,2023-09-29 22:45:00+00:00,STAGE28A,data/reports/stage28a_discovery_factory_batch_runner/stage28a_exact_trades.csv,calendar_time_risk_proxy_v1,calendar_drop_friday_h9_tp06_sl065,0.9579999999999927,-0.0920000000000071,-0.7920000000000069,0,0,0,0,0.0920000000000071,21.920000000000073,4.319999999999936,0.23379629629635026,10.939999999999827,0.9396709323583304,4.589999999999918,4.357000000000016,1.0,1.0,,,9,4,9.0,2023
2023-10-02 09:00:00+00:00|-1.0|calendar_drop_friday_h9_tp06_sl065,2023-10-02 09:00:00+00:00,STAGE28A,data/reports/stage28a_discovery_factory_batch_runner/stage28a_exact_trades.csv,calendar_time_risk_proxy_v1,calendar_drop_friday_h9_tp06_sl065,0.375400000000036,-0.6745999999999639,-1.3745999999999636,0,0,0,0,0.6745999999999639,5.180000000000064,6.080000000000155,0.4917763157894627,15.189999999999827,0.6036866359447122,3.8799999999998818,4.46650000000003,0.976,-1.0,,,9,0,10.0,2023
2023-10-03 09:00:00+00:00|1.0|calendar_drop_friday_h9_tp06_sl065,2023-10-03 09:00:00+00:00,STAGE28A,data/reports/stage28a_discovery_factory_batch_runner/stage28a_exact_trades.csv,calendar_time_risk_proxy_v1,calendar_drop_friday_h9_tp06_sl065,-1.517075000000068,-2.567075000000068,-3.267075000000068,0,0,0,0,2.567075000000068,21.720000000000027,14.25,0.5361403508772,11.009999999999991,0.5376930063578635,2.7100000000000364,4.469000000000028,0.904,1.0,,,9,1,10.0,2023
2023-10-04 09:00:00+00:00|1.0|calendar_drop_friday_h9_tp06_sl065,2023-10-04 09:00:00+00:00,STAGE28A,data/reports/stage28a_discovery_factory_batch_runner/stage28a_exact_trades.csv,calendar_time_risk_proxy_v1,calendar_drop_friday_h9_tp06_sl065,0.5388999999999214,-0.5111000000000785,-1.2111000000000782,0,0,0,0,0.5111000000000785,18.170000000000073,5.2999999999999545,0.34905660377361364,7.849999999999909,0.1770700636942823,2.759999999999991,4.0790000000000415,0.764,1.0,,,9,2,10.0,2023
2023-10-05 09:00:00+00:00|-1.0|calendar_drop_friday_h9_tp06_sl065,2023-10-05 09:00:00+00:00,STAGE28A,data/reports/stage28a_discovery_factory_batch_runner/stage28a_exact_trades.csv,calendar_time_risk_proxy_v1,calendar_drop_friday_h9_tp06_sl065,-1.086124999999902,-2.1361249999999017,-2.8361249999999014,0,0,0,0,2.1361249999999017,13.930000000000064,7.940000000000055,0.7607052896725629,9.490000000000009,0.6649104320337134,1.9100000000000819,3.730500000000018,0.58,-1.0,,,9,3,10.0,2023
2023-10-06 22:45:00+00:00|1.0|calendar_drop_friday_h9_tp06_sl065,2023-10-06 22:45:00+00:00,STAGE28A,data/reports/stage28a_discovery_factory_batch_runner/stage28a_exact_trades.csv,calendar_time_risk_proxy_v1,calendar_drop_friday_h9_tp06_sl065,-0.35,-1.4,-2.1,0,0,0,0,1.4,16.13000000000011,4.75,0.5810526315789455,5.929999999999836,0.5801011804384738,2.490000000000009,4.393000000000018,0.824,1.0,,,9,4,10.0,2023
2023-10-09 09:00:00+00:00|-1.0|calendar_drop_friday_h9_tp06_sl065,2023-10-09 09:00:00+00:00,STAGE28A,data/reports/stage28a_discovery_factory_batch_runner/stage28a_exact_trades.csv,calendar_time_risk_proxy_v1,calendar_drop_friday_h9_tp06_sl065,0.7084000000001197,-0.3415999999998802,-1.04159999999988,0,0,0,0,0.3415999999998802,9.849999999999909,9.849999999999909,0.15532994923857735,6.470000000000027,0.006182380216377658,4.259999999999991,5.860500000000013,1.0,-1.0,,,9,0,10.0,2023
2023-10-10 09:00:00+00:00|-1.0|calendar_drop_friday_h9_tp06_sl065,2023-10-10 09:00:00+00:00,STAGE28A,data/reports/stage28a_discovery_factory_batch_runner/stage28a_exact_trades.csv,calendar_time_risk_proxy_v1,calendar_drop_friday_h9_tp06_sl065,-1.1449499999999715,-2.1949499999999715,-2.8949499999999717,0,0,0,0,2.1949499999999715,19.25999999999999,5.050000000000182,0.20792079207919142,7.339999999999918,0.5640326975477038,2.3600000000001273,3.2215000000000034,0.256,-1.0,,,9,1,10.0,2023
2023-10-11 09:00:00+00:00|1.0|calendar_drop_friday_h9_tp06_sl065,2023-10-11 09:00:00+00:00,STAGE28A,data/reports/stage28a_discovery_factory_batch_runner/stage28a_exact_trades.csv,calendar_time_risk_proxy_v1,calendar_drop_friday_h9_tp06_sl065,-1.02795000000001,-2.0779500000000097,-2.777950000000009,0,0,0,0,2.0779500000000097,12.330000000000155,2.790000000000191,0.11111111111116544,12.52000000000021,0.831469648562293,1.9800000000000182,2.6934999999999834,0.04,1.0,,,9,2,10.0,2023
2023-10-12 09:00:00+00:00|1.0|calendar_drop_friday_h9_tp06_sl065,2023-10-12 09:00:00+00:00,STAGE28A,data/reports/stage28a_discovery_factory_batch_runner/stage28a_exact_trades.csv,calendar_time_risk_proxy_v1,calendar_drop_friday_h9_tp06_sl065,0.3777999999998883,-0.6722000000001116,-1.372200000000111,0,0,0,0,0.6722000000001116,18.6400000000001,5.0499999999999545,0.6079207920792008,5.900000000000091,0.5610169491525244,1.6599999999998545,3.03599999999999,0.1,1.0,,,9,3,10.0,2023
2023-10-13 22:45:00+00:00|1.0|calendar_drop_friday_h9_tp06_sl065,2023-10-13 22:45:00+00:00,STAGE28A,data/reports/stage28a_discovery_factory_batch_runner/stage28a_exact_trades.csv,calendar_time_risk_proxy_v1,calendar_drop_friday_h9_tp06_sl065,-0.35,-1.4,-2.1,0,0,0,0,1.4,17.139999999999873,5.779999999999973,0.6868512110726723,14.670000000000073,0.9522835719154709,3.1099999999999,5.395499999999993,0.964,1.0,,,9,4,10.0,2023
2023-10-16 09:00:00+00:00|-1.0|calendar_drop_friday_h9_tp06_sl065,2023-10-16 09:00:00+00:00,STAGE28A,data/reports/stage28a_discovery_factory_batch_runner/stage28a_exact_trades.csv,calendar_time_risk_proxy_v1,calendar_drop_friday_h9_tp06_sl065,0.5406999999999244,-0.5093000000000756,-1.209300000000075,0,0,0,0,0.5093000000000756,9.159999999999854,12.269999999999982,0.35207823960881585,12.190000000000055,0.31501230516816253,5.900000000000091,6.2904999999999855,0.98,-1.0,,,9,0,10.0,2023
2023-10-17 09:00:00+00:00|1.0|calendar_drop_friday_h9_tp06_sl065,2023-10-17 09:00:00+00:00,STAGE28A,data/reports/stage28a_discovery_factory_batch_runner/stage28a_exact_trades.csv,calendar_time_risk_proxy_v1,calendar_drop_friday_h9_tp06_sl065,-1.3506750000000012,-2.400675000000001,-3.1006750000000007,0,0,0,0,2.400675000000001,22.09999999999991,9.3599999999999,0.22435897435899133,9.639999999999873,0.6390041493775868,2.599999999999909,3.5804999999999723,0.444,1.0,,,9,1,10.0,2023
2023-10-18 09:00:00+00:00|1.0|calendar_drop_friday_h9_tp06_sl065,2023-10-18 09:00:00+00:00,STAGE28A,data/reports/stage28a_discovery_factory_batch_runner/stage28a_exact_trades.csv,calendar_time_risk_proxy_v1,calendar_drop_friday_h9_tp06_sl065,-1.8560499999999596,-2.906049999999959,-3.606049999999959,0,0,0,0,2.906049999999959,19.200000000000045,19.519999999999982,0.6444672131147626,11.029999999999973,0.630099728014491,3.199999999999818,4.73549999999999,0.84,1.0,,,9,2,10.0,2023
2023-10-19 09:00:00+00:00|1.0|calendar_drop_friday_h9_tp06_sl065,2023-10-19 09:00:00+00:00,STAGE28A,data/reports/stage28a_discovery_factory_batch_runner/stage28a_exact_trades.csv,calendar_time_risk_proxy_v1,calendar_drop_friday_h9_tp06_sl065,0.6672999999999775,-0.3827000000000224,-1.0827000000000222,0,0,0,0,0.3827000000000224,39.38999999999987,8.089999999999918,0.41532756489492384,9.13000000000011,0.4841182913472092,3.3400000000001455,5.4074999999999935,0.868,1.0,,,9,3,10.0,2023
2023-10-20 23:45:00+00:00|1.0|calendar_drop_friday_h9_tp06_sl065,2023-10-20 23:45:00+00:00,STAGE28A,data/reports/stage28a_discovery_factory_batch_runner/stage28a_exact_trades.csv,calendar_time_risk_proxy_v1,calendar_drop_friday_h9_tp06_sl065,-0.35,-1.4,-2.1,0,0,0,0,1.4,32.50999999999999,10.069999999999936,0.5233366434955328,11.190000000000055,0.4387846291331395,3.1599999999998545,6.09100000000002,0.94,1.0,,,9,4,10.0,2023
2023-10-23 09:00:00+00:00|1.0|calendar_drop_friday_h9_tp06_sl065,2023-10-23 09:00:00+00:00,STAGE28A,data/reports/stage28a_discovery_factory_batch_runner/stage28a_exact_trades.csv,calendar_time_risk_proxy_v1,calendar_drop_friday_h9_tp06_sl065,0.8692000000000007,-0.1807999999999991,-0.8807999999999989,0,0,0,0,0.1807999999999991,16.730000000000018,16.730000000000018,0.16198445905559075,10.169999999999845,0.40019665683384714,4.019999999999982,7.860500000000002,0.988,1.0,,,9,0,10.0,2023
2023-10-24 09:00:00+00:00|-1.0|calendar_drop_friday_h9_tp06_sl065,2023-10-24 09:00:00+00:00,STAGE28A,data/reports/stage28a_discovery_factory_batch_runner/stage28a_exact_trades.csv,calendar_time_risk_proxy_v1,calendar_drop_friday_h9_tp06_sl065,0.6585999999998876,-0.3914000000001123,-1.091400000000112,0,0,0,0,0.3914000000001123,21.069999999999936,9.460000000000036,0.40697674418603536,14.259999999999991,0.7180925666199169,2.1699999999998454,4.1750000000000345,0.48,-1.0,,,9,1,10.0,2023
2023-10-25 09:00:00+00:00|-1.0|calendar_drop_friday_h9_tp06_sl065,2023-10-25 09:00:00+00:00,STAGE28A,data/reports/stage28a_discovery_factory_batch_runner/stage28a_exact_trades.csv,calendar_time_risk_proxy_v1,calendar_drop_friday_h9_tp06_sl065,0.6882999999999356,-0.3617000000000643,-1.061700000000064,0,0,0,0,0.3617000000000643,27.230000000000018,7.0900000000001455,0.3808180535966135,7.660000000000082,0.4856396866840715,2.740000000000009,4.599500000000023,0.512,-1.0,,,9,2,10.0,2023
2023-10-26 09:00:00+00:00|1.0|calendar_drop_friday_h9_tp06_sl065,2023-10-26 09:00:00+00:00,STAGE28A,data/reports/stage28a_discovery_factory_batch_runner/stage28a_exact_trades.csv,calendar_time_risk_proxy_v1,calendar_drop_friday_h9_tp06_sl065,-1.43095000000003,-2.4809500000000297,-3.180950000000029,0,0,0,0,2.4809500000000297,24.13000000000011,7.869999999999891,0.6569250317661902,9.559999999999945,0.3650627615062792,4.75,5.531500000000017,0.7,1.0,,,9,3,10.0,2023
2023-10-27 23:45:00+00:00|1.0|calendar_drop_friday_h9_tp06_sl065,2023-10-27 23:45:00+00:00,STAGE28A,data/reports/stage28a_discovery_factory_batch_runner/stage28a_exact_trades.csv,calendar_time_risk_proxy_v1,calendar_drop_friday_h9_tp06_sl065,-0.35,-1.4,-2.1,0,0,0,0,1.4,21.6400000000001,5.900000000000091,0.44406779661014417,4.7000000000000455,0.42340425531914677,4.579999999999927,4.945000000000027,0.524,1.0,,,9,4,10.0,2023
2023-10-30 09:00:00+00:00|-1.0|calendar_drop_friday_h9_tp06_sl065,2023-10-30 09:00:00+00:00,STAGE28A,data/reports/stage28a_discovery_factory_batch_runner/stage28a_exact_trades.csv,calendar_time_risk_proxy_v1,calendar_drop_friday_h9_tp06_sl065,0.5931999999999334,-0.4568000000000665,-1.1568000000000662,0,0,0,0,0.4568000000000665,9.659999999999854,9.809999999999945,0.11213047910294752,11.6099999999999,0.6089577950043064,5.789999999999964,5.752499999999975,0.792,-1.0,,,9,0,10.0,2023
2023-10-31 09:00:00+00:00|1.0|calendar_drop_friday_h9_tp06_sl065,2023-10-31 09:00:00+00:00,STAGE28A,data/reports/stage28a_discovery_factory_batch_runner/stage28a_exact_trades.csv,calendar_time_risk_proxy_v1,calendar_drop_friday_h9_tp06_sl065,0.5322999999999866,-0.5177000000000134,-1.217700000000013,0,0,0,0,0.5177000000000134,15.75,6.7000000000000455,0.38656716417908965,7.740000000000009,0.9470284237725993,2.8300000000001546,3.535500000000013,0.048,1.0,,,9,1,10.0,2023
2023-11-01 09:00:00+00:00|1.0|calendar_drop_friday_h9_tp06_sl065,2023-11-01 09:00:00+00:00,STAGE28A,data/reports/stage28a_discovery_factory_batch_runner/stage28a_exact_trades.csv,calendar_time_risk_proxy_v1,calendar_drop_friday_h9_tp06_sl065,-1.3594500000000154,-2.409450000000015,-3.109450000000015,0,0,0,0,2.409450000000015,29.070000000000164,10.86999999999989,0.525298988040487,7.8599999999999,0.7175572519084188,1.9500000000000455,4.516500000000053,0.336,1.0,,,9,2,11.0,2023
2023-11-02 09:00:00+00:00|1.0|calendar_drop_friday_h9_tp06_sl065,2023-11-02 09:00:00+00:00,STAGE28A,data/reports/stage28a_discovery_factory_batch_runner/stage28a_exact_trades.csv,calendar_time_risk_proxy_v1,calendar_drop_friday_h9_tp06_sl065,0.4189000000000306,-0.6310999999999694,-1.331099999999969,0,0,0,0,0.6310999999999694,22.200000000000045,6.960000000000036,0.5574712643678289,5.899999999999864,0.4915254237288018,1.8399999999999181,4.443500000000006,0.32,1.0,,,9,3,11.0,2023
2023-11-03 22:45:00+00:00|1.0|calendar_drop_friday_h9_tp06_sl065,2023-11-03 22:45:00+00:00,STAGE28A,data/reports/stage28a_discovery_factory_batch_runner/stage28a_exact_trades.csv,calendar_time_risk_proxy_v1,calendar_drop_friday_h9_tp06_sl065,-0.35,-1.4,-2.1,0,0,0,0,1.4,12.200000000000045,4.599999999999909,0.09565217391305723,5.789999999999964,0.44559585492227005,3.589999999999918,4.617499999999984,0.548,1.0,,,9,4,11.0,2023
2023-11-06 09:00:00+00:00|1.0|calendar_drop_friday_h9_tp06_sl065,2023-11-06 09:00:00+00:00,STAGE28A,data/reports/stage28a_discovery_factory_batch_runner/stage28a_exact_trades.csv,calendar_time_risk_proxy_v1,calendar_drop_friday_h9_tp06_sl065,0.7057000000001153,-0.3442999999998846,-1.0442999999998843,0,0,0,0,0.3442999999998846,5.789999999999964,11.179999999999836,0.42397137745975655,6.1099999999999,0.5908346972176692,1.75,5.477499999999964,0.812,1.0,,,9,0,11.0,2023
2023-11-07 09:00:00+00:00|-1.0|calendar_drop_friday_h9_tp06_sl065,2023-11-07 09:00:00+00:00,STAGE28A,data/reports/stage28a_discovery_factory_batch_runner/stage28a_exact_trades.csv,calendar_time_risk_proxy_v1,calendar_drop_friday_h9_tp06_sl065,-1.114075000000048,-2.164075000000048,-2.864075000000048,0,0,0,0,2.164075000000048,16.519999999999982,7.3599999999999,0.7228260869565538,10.039999999999964,0.5149402390438111,2.869999999999891,2.8374999999999773,0.024,-1.0,,,9,1,11.0,2023
2023-11-08 09:00:00+00:00|-1.0|calendar_drop_friday_h9_tp06_sl065,2023-11-08 09:00:00+00:00,STAGE28A,data/reports/stage28a_discovery_factory_batch_runner/stage28a_exact_trades.csv,calendar_time_risk_proxy_v1,calendar_drop_friday_h9_tp06_sl065,-1.0776750000000903,-2.12767500000009,-2.82767500000009,0,0,0,0,2.12767500000009,21.62999999999988,3.6900000000000546,0.3685636856368854,9.5,0.5821052631578919,4.009999999999991,3.5959999999999694,0.244,-1.0,,,9,2,11.0,2023
2023-11-09 09:00:00+00:00|-1.0|calendar_drop_friday_h9_tp06_sl065,2023-11-09 09:00:00+00:00,STAGE28A,data/reports/stage28a_discovery_factory_batch_runner/stage28a_exact_trades.csv,calendar_time_risk_proxy_v1,calendar_drop_friday_h9_tp06_sl065,-1.1316250000000765,-2.1816250000000763,-2.881625000000076,0,0,0,0,2.1816250000000763,23.529999999999973,6.889999999999873,0.18867924528301575,5.990000000000009,0.40066777963273575,1.3399999999999181,3.623000000000002,0.308,-1.0,,,9,3,11.0,2023
2023-11-10 23:45:00+00:00|1.0|calendar_drop_friday_h9_tp06_sl065,2023-11-10 23:45:00+00:00,STAGE28A,data/reports/stage28a_discovery_factory_batch_runner/stage28a_exact_trades.csv,calendar_time_risk_proxy_v1,calendar_drop_friday_h9_tp06_sl065,-1.3315000000000965,-2.3815000000000963,-3.081500000000096,0,0,0,0,2.3815000000000963,21.11999999999989,4.360000000000127,0.300458715596309,6.629999999999882,0.5505279034691035,2.0399999999999636,3.773000000000013,0.452,1.0,,,9,4,11.0,2023
2023-11-13 09:00:00+00:00|1.0|calendar_drop_friday_h9_tp06_sl065,2023-11-13 09:00:00+00:00,STAGE28A,data/reports/stage28a_discovery_factory_batch_runner/stage28a_exact_trades.csv,calendar_time_risk_proxy_v1,calendar_drop_friday_h9_tp06_sl065,0.4540000000000873,-0.5959999999999126,-1.2959999999999123,0,0,0,0,0.5959999999999126,23.48999999999978,24.25999999999999,0.19167353668589718,5.509999999999991,0.6950998185117847,1.5,5.742499999999995,0.956,1.0,,,9,0,11.0,2023
2023-11-14 09:00:00+00:00|1.0|calendar_drop_friday_h9_tp06_sl065,2023-11-14 09:00:00+00:00,STAGE28A,data/reports/stage28a_discovery_factory_batch_runner/stage28a_exact_trades.csv,calendar_time_risk_proxy_v1,calendar_drop_friday_h9_tp06_sl065,-1.0315249999999652,-2.081524999999965,-2.7815249999999647,0,0,0,0,2.081524999999965,31.539999999999964,4.509999999999991,0.38802660753880347,4.4500000000000455,0.4898876404493964,1.7799999999999727,2.7705000000000153,0.024,1.0,,,9,1,11.0,2023
2023-11-15 09:00:00+00:00|1.0|calendar_drop_friday_h9_tp06_sl065,2023-11-15 09:00:00+00:00,STAGE28A,data/reports/stage28a_discovery_factory_batch_runner/stage28a_exact_trades.csv,calendar_time_risk_proxy_v1,calendar_drop_friday_h9_tp06_sl065,0.4065999999999349,-0.643400000000065,-1.3434000000000648,0,0,0,0,0.643400000000065,33.81000000000017,6.400000000000091,0.7859374999999845,8.25,0.6848484848484683,3.7200000000000273,4.137500000000022,0.684,1.0,,,9,2,11.0,2023
2023-11-16 09:00:00+00:00|1.0|calendar_drop_friday_h9_tp06_sl065,2023-11-16 09:00:00+00:00,STAGE28A,data/reports/stage28a_discovery_factory_batch_runner/stage28a_exact_trades.csv,calendar_time_risk_proxy_v1,calendar_drop_friday_h9_tp06_sl065,0.4588000000000193,-0.5911999999999806,-1.2911999999999804,0,0,0,0,0.5911999999999806,19.699999999999818,6.079999999999927,0.35526315789475454,6.4500000000000455,0.3968992248061903,4.539999999999964,3.7159999999999966,0.468,1.0,,,9,3,11.0,2023
2023-11-17 23:45:00+00:00|1.0|calendar_drop_friday_h9_tp06_sl065,2023-11-17 23:45:00+00:00,STAGE28A,data/reports/stage28a_discovery_factory_batch_runner/stage28a_exact_trades.csv,calendar_time_risk_proxy_v1,calendar_drop_friday_h9_tp06_sl065,-0.35,-1.4,-2.1,0,0,0,0,1.4,31.529999999999973,6.4099999999998545,0.5351014040561843,10.810000000000173,0.5383903792784314,2.0299999999999727,3.6260000000000105,0.38,1.0,,,9,4,11.0,2023
2023-11-20 09:00:00+00:00|-1.0|calendar_drop_friday_h9_tp06_sl065,2023-11-20 09:00:00+00:00,STAGE28A,data/reports/stage28a_discovery_factory_batch_runner/stage28a_exact_trades.csv,calendar_time_risk_proxy_v1,calendar_drop_friday_h9_tp06_sl065,-1.5641999999998917,-2.6141999999998915,-3.3141999999998912,0,0,0,0,2.6141999999998915,4.460000000000036,11.800000000000182,0.5805084745762545,8.240000000000009,0.6638349514563132,3.0299999999999727,3.9650000000000203,0.704,-1.0,,,9,0,11.0,2023
2023-11-21 09:00:00+00:00|-1.0|calendar_drop_friday_h9_tp06_sl065,2023-11-21 09:00:00+00:00,STAGE28A,data/reports/stage28a_discovery_factory_batch_runner/stage28a_exact_trades.csv,calendar_time_risk_proxy_v1,calendar_drop_friday_h9_tp06_sl065,0.6889000000000124,-0.3610999999999875,-1.0610999999999873,0,0,0,0,0.3610999999999875,19.700000000000045,17.019999999999982,0.6404230317273722,10.009999999999991,0.3466533466533497,2.810000000000173,4.241999999999962,0.852,-1.0,,,9,1,11.0,2023
2023-11-22 09:00:00+00:00|1.0|calendar_drop_friday_h9_tp06_sl065,2023-11-22 09:00:00+00:00,STAGE28A,data/reports/stage28a_discovery_factory_batch_runner/stage28a_exact_trades.csv,calendar_time_risk_proxy_v1,calendar_drop_friday_h9_tp06_sl065,-1.309724999999935,-2.359724999999935,-3.0597249999999345,0,0,0,0,2.359724999999935,30.34999999999991,4.8599999999999,0.0041152263374449015,9.639999999999873,0.19502074688795712,2.9700000000000273,3.7610000000000126,0.46,1.0,,,9,2,11.0,2023
2023-11-23 09:00:00+00:00|-1.0|calendar_drop_friday_h9_tp06_sl065,2023-11-23 09:00:00+00:00,STAGE28A,data/reports/stage28a_discovery_factory_batch_runner/stage28a_exact_trades.csv,calendar_time_risk_proxy_v1,calendar_drop_friday_h9_tp06_sl065,-1.2414749999999004,-2.2914749999999,-2.9914749999999,0,0,0,0,2.2914749999999,19.419999999999845,9.160000000000082,0.5262008733624586,6.319999999999936,0.2547468354430607,2.269999999999982,3.693500000000006,0.336,-1.0,,,9,3,11.0,2023
2023-11-24 23:00:00+00:00|1.0|calendar_drop_friday_h9_tp06_sl065,2023-11-24 23:00:00+00:00,STAGE28A,data/reports/stage28a_discovery_factory_batch_runner/stage28a_exact_trades.csv,calendar_time_risk_proxy_v1,calendar_drop_friday_h9_tp06_sl065,-0.35,-1.4,-2.1,0,0,0,0,1.4,9.38000000000011,3.4400000000000546,0.11627906976740036,4.259999999999991,0.47652582159623874,0.0,2.6599999999999797,0.14,1.0,,,9,4,11.0,2023
2023-11-27 09:00:00+00:00|1.0|calendar_drop_friday_h9_tp06_sl065,2023-11-27 09:00:00+00:00,STAGE28A,data/reports/stage28a_discovery_factory_batch_runner/stage28a_exact_trades.csv,calendar_time_risk_proxy_v1,calendar_drop_friday_h9_tp06_sl065,0.8646999999999935,-0.1853000000000064,-0.8853000000000062,0,0,0,0,0.1853000000000064,3.6499999999998636,17.639999999999873,0.6031746031746132,6.789999999999964,0.22091310751104684,3.1900000000000546,3.903999999999985,0.612,1.0,,,9,0,11.0,2023
2023-11-28 09:00:00+00:00|1.0|calendar_drop_friday_h9_tp06_sl065,2023-11-28 09:00:00+00:00,STAGE28A,data/reports/stage28a_discovery_factory_batch_runner/stage28a_exact_trades.csv,calendar_time_risk_proxy_v1,calendar_drop_friday_h9_tp06_sl065,-1.276249999999982,-2.3262499999999817,-3.026249999999981,0,0,0,0,2.3262499999999817,17.639999999999873,4.9500000000000455,0.02626262626264807,4.529999999999973,0.09713024282556951,2.4400000000000546,3.1460000000000035,0.252,1.0,,,9,1,11.0,2023
2023-11-29 09:00:00+00:00|-1.0|calendar_drop_friday_h9_tp06_sl065,2023-11-29 09:00:00+00:00,STAGE28A,data/reports/stage28a_discovery_factory_batch_runner/stage28a_exact_trades.csv,calendar_time_risk_proxy_v1,calendar_drop_friday_h9_tp06_sl065,0.7200999999999113,-0.3299000000000887,-1.0299000000000884,0,0,0,0,0.3299000000000887,32.87999999999988,11.659999999999854,0.15694682675814323,13.519999999999754,0.6531065088757462,3.189999999999827,4.746499999999946,0.984,-1.0,,,9,2,11.0,2023
2023-11-30 09:00:00+00:00|-1.0|calendar_drop_friday_h9_tp06_sl065,2023-11-30 09:00:00+00:00,STAGE28A,data/reports/stage28a_discovery_factory_batch_runner/stage28a_exact_trades.csv,calendar_time_risk_proxy_v1,calendar_drop_friday_h9_tp06_sl065,-1.3597749999999906,-2.4097749999999905,-3.10977499999999,0,0,0,0,2.4097749999999905,16.749999999999773,4.540000000000191,0.0,10.160000000000082,0.6102362204724405,4.2000000000000455,3.8725000000000707,0.576,-1.0,,,9,3,11.0,2023
2023-12-01 23:45:00+00:00|1.0|calendar_drop_friday_h9_tp06_sl065,2023-12-01 23:45:00+00:00,STAGE28A,data/reports/stage28a_discovery_factory_batch_runner/stage28a_exact_trades.csv,calendar_time_risk_proxy_v1,calendar_drop_friday_h9_tp06_sl065,-0.35,-1.4,-2.1,0,0,0,0,1.4,16.060000000000173,6.800000000000182,0.0073529411764971415,10.539999999999964,0.34345351043642347,4.5300000000002,5.846000000000015,1.0,1.0,,,9,4,12.0,2023
2023-12-04 09:00:00+00:00|-1.0|calendar_drop_friday_h9_tp06_sl065,2023-12-04 09:00:00+00:00,STAGE28A,data/reports/stage28a_discovery_factory_batch_runner/stage28a_exact_trades.csv,calendar_time_risk_proxy_v1,calendar_drop_friday_h9_tp06_sl065,-2.3055249999998524,-3.355524999999852,-4.055524999999852,0,0,0,1,3.355524999999852,78.03999999999996,78.03999999999996,0.4173500768836517,32.70000000000027,0.5186544342507613,14.070000000000164,16.97550000000001,1.0,-1.0,,,9,0,12.0,2023
2023-12-05 09:00:00+00:00|-1.0|calendar_drop_friday_h9_tp06_sl065,2023-12-05 09:00:00+00:00,STAGE28A,data/reports/stage28a_discovery_factory_batch_runner/stage28a_exact_trades.csv,calendar_time_risk_proxy_v1,calendar_drop_friday_h9_tp06_sl065,0.8752000000000862,-0.1747999999999137,-0.8747999999999134,0,0,0,0,0.1747999999999137,129.52999999999975,12.779999999999973,0.13145539906103812,16.480000000000018,0.41868932038835455,2.7999999999999545,7.86149999999999,0.868,-1.0,,,9,1,12.0,2023
2023-12-06 09:00:00+00:00|-1.0|calendar_drop_friday_h9_tp06_sl065,2023-12-06 09:00:00+00:00,STAGE28A,data/reports/stage28a_discovery_factory_batch_runner/stage28a_exact_trades.csv,calendar_time_risk_proxy_v1,calendar_drop_friday_h9_tp06_sl065,0.5913999999999305,-0.4586000000000694,-1.1586000000000691,0,0,0,0,0.4586000000000694,31.279999999999973,6.980000000000018,0.43696275071632473,15.710000000000036,0.05919796308084414,3.4199999999998454,5.072999999999991,0.752,-1.0,,,9,2,12.0,2023
2023-12-07 09:00:00+00:00|1.0|calendar_drop_friday_h9_tp06_sl065,2023-12-07 09:00:00+00:00,STAGE28A,data/reports/stage28a_discovery_factory_batch_runner/stage28a_exact_trades.csv,calendar_time_risk_proxy_v1,calendar_drop_friday_h9_tp06_sl065,0.5893000000000029,-0.460699999999997,-1.1606999999999967,0,0,0,0,0.460699999999997,18.700000000000045,4.740000000000009,0.21940928270041385,9.889999999999873,0.765419615773512,3.509999999999991,4.241999999999973,0.556,1.0,,,9,3,12.0,2023
2023-12-08 23:45:00+00:00|1.0|calendar_drop_friday_h9_tp06_sl065,2023-12-08 23:45:00+00:00,STAGE28A,data/reports/stage28a_discovery_factory_batch_runner/stage28a_exact_trades.csv,calendar_time_risk_proxy_v1,calendar_drop_friday_h9_tp06_sl065,-0.35,-1.4,-2.1,0,0,0,0,1.4,19.700000000000045,7.100000000000136,0.48309859154929546,5.870000000000118,0.2913117546848385,3.4700000000000273,5.1230000000000135,0.684,1.0,,,9,4,12.0,2023
2023-12-11 09:00:00+00:00|-1.0|calendar_drop_friday_h9_tp06_sl065,2023-12-11 09:00:00+00:00,STAGE28A,data/reports/stage28a_discovery_factory_batch_runner/stage28a_exact_trades.csv,calendar_time_risk_proxy_v1,calendar_drop_friday_h9_tp06_sl065,0.6943000000000211,-0.3556999999999788,-1.0556999999999783,0,0,0,0,0.3556999999999788,3.209999999999809,13.190000000000055,0.7907505686125696,9.36999999999989,0.39274279615796226,1.7999999999999545,5.325499999999988,0.732,-1.0,,,9,0,12.0,2023
2023-12-12 09:00:00+00:00|1.0|calendar_drop_friday_h9_tp06_sl065,2023-12-12 09:00:00+00:00,STAGE28A,data/reports/stage28a_discovery_factory_batch_runner/stage28a_exact_trades.csv,calendar_time_risk_proxy_v1,calendar_drop_friday_h9_tp06_sl065,-1.2057250000001205,-2.2557250000001203,-2.95572500000012,0,0,0,0,2.2557250000001203,31.789999999999964,7.870000000000118,0.3354510800508047,6.4500000000000455,0.0945736434108718,1.5499999999999545,4.147499999999968,0.3,1.0,,,9,1,12.0,2023
2023-12-13 09:00:00+00:00|1.0|calendar_drop_friday_h9_tp06_sl065,2023-12-13 09:00:00+00:00,STAGE28A,data/reports/stage28a_discovery_factory_batch_runner/stage28a_exact_trades.csv,calendar_time_risk_proxy_v1,calendar_drop_friday_h9_tp06_sl065,-1.2457000000000336,-2.2957000000000334,-2.995700000000033,0,0,0,0,2.2957000000000334,19.50999999999999,5.1099999999999,0.8297455968689026,10.309999999999945,0.48205625606208086,5.809999999999945,3.6484999999999785,0.064,1.0,,,9,2,12.0,2023
2023-12-14 09:00:00+00:00|1.0|calendar_drop_friday_h9_tp06_sl065,2023-12-14 09:00:00+00:00,STAGE28A,data/reports/stage28a_discovery_factory_batch_runner/stage28a_exact_trades.csv,calendar_time_risk_proxy_v1,calendar_drop_friday_h9_tp06_sl065,0.9924999999999728,-0.0575000000000271,-0.7575000000000269,0,0,0,0,0.0575000000000271,60.16000000000008,14.930000000000064,0.10783657066308729,11.049999999999955,0.25610859728506236,3.160000000000082,6.826499999999987,0.84,1.0,,,9,3,12.0,2023
2023-12-15 23:45:00+00:00|1.0|calendar_drop_friday_h9_tp06_sl065,2023-12-15 23:45:00+00:00,STAGE28A,data/reports/stage28a_discovery_factory_batch_runner/stage28a_exact_trades.csv,calendar_time_risk_proxy_v1,calendar_drop_friday_h9_tp06_sl065,-0.35,-1.4,-2.1,0,0,0,0,1.4,23.610000000000127,7.410000000000082,0.14170040485832258,10.200000000000045,0.5862745098039207,4.230000000000018,4.7580000000000044,0.408,1.0,,,9,4,12.0,2023
2023-12-18 09:00:00+00:00|-1.0|calendar_drop_friday_h9_tp06_sl065,2023-12-18 09:00:00+00:00,STAGE28A,data/reports/stage28a_discovery_factory_batch_runner/stage28a_exact_trades.csv,calendar_time_risk_proxy_v1,calendar_drop_friday_h9_tp06_sl065,0.4572999999999411,-0.5927000000000588,-1.2927000000000586,0,0,0,0,0.5927000000000588,4.940000000000055,8.149999999999864,0.6920245398772966,8.159999999999854,0.45833333333334264,3.2899999999999636,5.026999999999998,0.496,-1.0,,,9,0,12.0,2023
2023-12-19 09:00:00+00:00|1.0|calendar_drop_friday_h9_tp06_sl065,2023-12-19 09:00:00+00:00,STAGE28A,data/reports/stage28a_discovery_factory_batch_runner/stage28a_exact_trades.csv,calendar_time_risk_proxy_v1,calendar_drop_friday_h9_tp06_sl065,-1.335400000000027,-2.385400000000027,-3.0854000000000266,0,0,0,0,2.385400000000027,17.769999999999982,7.649999999999864,0.4575163398692892,6.039999999999964,0.2533112582781427,3.0799999999999272,3.7345000000000255,0.104,1.0,,,9,1,12.0,2023
2023-12-20 09:00:00+00:00|-1.0|calendar_drop_friday_h9_tp06_sl065,2023-12-20 09:00:00+00:00,STAGE28A,data/reports/stage28a_discovery_factory_batch_runner/stage28a_exact_trades.csv,calendar_time_risk_proxy_v1,calendar_drop_friday_h9_tp06_sl065,0.3078999999999269,-0.742100000000073,-1.4421000000000728,0,0,0,0,0.742100000000073,25.289999999999964,4.960000000000036,0.09072580645162141,7.820000000000164,0.5843989769820768,1.8599999999999,3.431000000000006,0.06,-1.0,,,9,2,12.0,2023
2023-12-21 09:00:00+00:00|-1.0|calendar_drop_friday_h9_tp06_sl065,2023-12-21 09:00:00+00:00,STAGE28A,data/reports/stage28a_discovery_factory_batch_runner/stage28a_exact_trades.csv,calendar_time_risk_proxy_v1,calendar_drop_friday_h9_tp06_sl065,-1.1833000000000085,-2.2333000000000083,-2.933300000000008,0,0,0,0,2.2333000000000083,15.990000000000009,6.440000000000055,0.6413043478260632,5.120000000000118,0.4316406249999971,2.740000000000009,3.6809999999999947,0.192,-1.0,,,9,3,12.0,2023
2023-12-22 23:45:00+00:00|1.0|calendar_drop_friday_h9_tp06_sl065,2023-12-22 23:45:00+00:00,STAGE28A,data/reports/stage28a_discovery_factory_batch_runner/stage28a_exact_trades.csv,calendar_time_risk_proxy_v1,calendar_drop_friday_h9_tp06_sl065,-0.35,-1.4,-2.1,0,0,0,0,1.4,21.38000000000011,8.6099999999999,0.3716608594657207,10.230000000000018,0.6021505376344377,1.9200000000000728,4.967500000000041,0.736,1.0,,,9,4,12.0,2023
2023-12-26 09:00:00+00:00|-1.0|calendar_drop_friday_h9_tp06_sl065,2023-12-26 09:00:00+00:00,STAGE28A,data/reports/stage28a_discovery_factory_batch_runner/stage28a_exact_trades.csv,calendar_time_risk_proxy_v1,calendar_drop_friday_h9_tp06_sl065,0.3432999999999083,-0.7067000000000916,-1.406700000000091,0,0,0,0,0.7067000000000916,4.400000000000091,11.75,0.775319148936181,4.380000000000109,0.0410958904109205,2.849999999999909,4.731000000000018,0.624,-1.0,,,9,1,12.0,2023
2023-12-27 09:00:00+00:00|1.0|calendar_drop_friday_h9_tp06_sl065,2023-12-27 09:00:00+00:00,STAGE28A,data/reports/stage28a_discovery_factory_batch_runner/stage28a_exact_trades.csv,calendar_time_risk_proxy_v1,calendar_drop_friday_h9_tp06_sl065,0.3286000000001877,-0.7213999999998122,-1.421399999999812,0,0,0,0,0.7213999999998122,15.650000000000091,4.559999999999945,0.07894736842108149,7.7199999999998,0.1411917098445821,3.050000000000182,3.2015000000000327,0.108,1.0,,,9,2,12.0,2023
2023-12-28 09:00:00+00:00|-1.0|calendar_drop_friday_h9_tp06_sl065,2023-12-28 09:00:00+00:00,STAGE28A,data/reports/stage28a_discovery_factory_batch_runner/stage28a_exact_trades.csv,calendar_time_risk_proxy_v1,calendar_drop_friday_h9_tp06_sl065,0.5187999999997374,-0.5312000000002626,-1.2312000000002623,0,0,0,0,0.5312000000002626,22.899999999999636,11.019999999999982,0.6379310344827779,14.870000000000346,0.6348352387356984,2.5900000000001455,4.0775000000000095,0.548,-1.0,,,9,3,12.0,2023
2023-12-29 23:45:00+00:00|1.0|calendar_drop_friday_h9_tp06_sl065,2023-12-29 23:45:00+00:00,STAGE28A,data/reports/stage28a_discovery_factory_batch_runner/stage28a_exact_trades.csv,calendar_time_risk_proxy_v1,calendar_drop_friday_h9_tp06_sl065,-0.35,-1.4,-2.1,0,0,0,0,1.4,23.909999999999854,5.570000000000164,0.5727109515259436,12.900000000000091,0.4031007751937815,4.75,4.066499999999996,0.544,1.0,,,9,4,12.0,2023
2024-01-02 09:00:00+00:00|1.0|calendar_drop_friday_h9_tp06_sl065,2024-01-02 09:00:00+00:00,STAGE28A,data/reports/stage28a_discovery_factory_batch_runner/stage28a_exact_trades.csv,calendar_time_risk_proxy_v1,calendar_drop_friday_h9_tp06_sl065,-1.4751499999998487,-2.525149999999849,-3.2251499999998483,0,0,0,0,2.525149999999849,3.199999999999818,8.299999999999727,0.7060240963855807,9.350000000000364,0.6844919786096088,3.7800000000002,4.2169999999999845,0.624,1.0,,,9,1,1.0,2024
2024-01-03 09:00:00+00:00|-1.0|calendar_drop_friday_h9_tp06_sl065,2024-01-03 09:00:00+00:00,STAGE28A,data/reports/stage28a_discovery_factory_batch_runner/stage28a_exact_trades.csv,calendar_time_risk_proxy_v1,calendar_drop_friday_h9_tp06_sl065,-1.197925000000032,-2.247925000000032,-2.947925000000032,0,0,0,0,2.247925000000032,22.88000000000011,7.050000000000182,0.7333333333333247,13.200000000000273,0.7446969696969488,1.919999999999618,4.3960000000000035,0.748,-1.0,,,9,2,1.0,2024
2024-01-04 09:00:00+00:00|1.0|calendar_drop_friday_h9_tp06_sl065,2024-01-04 09:00:00+00:00,STAGE28A,data/reports/stage28a_discovery_factory_batch_runner/stage28a_exact_trades.csv,calendar_time_risk_proxy_v1,calendar_drop_friday_h9_tp06_sl065,0.6306999999998425,-0.4193000000001574,-1.1193000000001572,0,0,0,0,0.4193000000001574,35.47000000000003,6.850000000000136,0.0029197080291943666,8.8299999999997,0.578708946772401,4.960000000000264,5.3,0.944,1.0,,,9,3,1.0,2024
2024-01-05 23:45:00+00:00|1.0|calendar_drop_friday_h9_tp06_sl065,2024-01-05 23:45:00+00:00,STAGE28A,data/reports/stage28a_discovery_factory_batch_runner/stage28a_exact_trades.csv,calendar_time_risk_proxy_v1,calendar_drop_friday_h9_tp06_sl065,-0.35,-1.4,-2.1,0,0,0,0,1.4,14.779999999999745,5.630000000000109,0.05150976909413108,9.599999999999909,0.47187500000000165,2.910000000000082,5.8125,1.0,1.0,,,9,4,1.0,2024
2024-01-08 09:00:00+00:00|-1.0|calendar_drop_friday_h9_tp06_sl065,2024-01-08 09:00:00+00:00,STAGE28A,data/reports/stage28a_discovery_factory_batch_runner/stage28a_exact_trades.csv,calendar_time_risk_proxy_v1,calendar_drop_friday_h9_tp06_sl065,0.932799999999952,-0.1172000000000479,-0.8172000000000477,0,0,0,0,0.1172000000000479,2.4299999999998363,11.529999999999973,0.7380745880312238,9.460000000000036,0.8879492600422655,3.009999999999991,5.9950000000000045,0.996,-1.0,,,9,0,1.0,2024
2024-01-09 09:00:00+00:00|1.0|calendar_drop_friday_h9_tp06_sl065,2024-01-09 09:00:00+00:00,STAGE28A,data/reports/stage28a_discovery_factory_batch_runner/stage28a_exact_trades.csv,calendar_time_risk_proxy_v1,calendar_drop_friday_h9_tp06_sl065,-1.4553249999999935,-2.5053249999999934,-3.205324999999993,0,0,0,0,2.5053249999999934,30.019999999999982,7.939999999999827,0.2783375314861281,8.319999999999936,0.3100961538461748,3.869999999999891,4.756999999999982,0.644,1.0,,,9,1,1.0,2024
2024-01-10 09:00:00+00:00|1.0|calendar_drop_friday_h9_tp06_sl065,2024-01-10 09:00:00+00:00,STAGE28A,data/reports/stage28a_discovery_factory_batch_runner/stage28a_exact_trades.csv,calendar_time_risk_proxy_v1,calendar_drop_friday_h9_tp06_sl065,-1.4995250000000395,-2.54952500000004,-3.2495250000000397,0,0,0,0,2.54952500000004,15.940000000000055,5.619999999999891,0.18149466192170846,16.539999999999964,0.30290205562273287,3.160000000000082,3.785500000000013,0.28,1.0,,,9,2,1.0,2024
2024-01-11 09:00:00+00:00|-1.0|calendar_drop_friday_h9_tp06_sl065,2024-01-11 09:00:00+00:00,STAGE28A,data/reports/stage28a_discovery_factory_batch_runner/stage28a_exact_trades.csv,calendar_time_risk_proxy_v1,calendar_drop_friday_h9_tp06_sl065,0.4960000000000036,-0.5539999999999963,-1.253999999999996,0,0,0,0,0.5539999999999963,20.089999999999918,7.5,0.7093333333333248,5.479999999999791,0.03832116788321978,2.9200000000000728,3.3739999999999783,0.112,-1.0,,,9,3,1.0,2024
2024-01-12 23:45:00+00:00|1.0|calendar_drop_friday_h9_tp06_sl065,2024-01-12 23:45:00+00:00,STAGE28A,data/reports/stage28a_discovery_factory_batch_runner/stage28a_exact_trades.csv,calendar_time_risk_proxy_v1,calendar_drop_friday_h9_tp06_sl065,-0.35,-1.4,-2.1,0,0,0,0,1.4,26.470000000000027,6.9500000000000455,0.08345323741006093,12.599999999999909,0.8976190476190498,1.5800000000001546,5.02950000000003,0.724,1.0,,,9,4,1.0,2024
2024-01-15 09:00:00+00:00|1.0|calendar_drop_friday_h9_tp06_sl065,2024-01-15 09:00:00+00:00,STAGE28A,data/reports/stage28a_discovery_factory_batch_runner/stage28a_exact_trades.csv,calendar_time_risk_proxy_v1,calendar_drop_friday_h9_tp06_sl065,-1.4195749999999865,-2.469574999999986,-3.169574999999986,0,0,0,0,2.469574999999986,2.5499999999999545,12.220000000000027,0.5327332242226026,6.449999999999818,0.2,3.119999999999891,4.921000000000038,0.656,1.0,,,9,0,1.0,2024
2024-01-16 09:00:00+00:00|-1.0|calendar_drop_friday_h9_tp06_sl065,2024-01-16 09:00:00+00:00,STAGE28A,data/reports/stage28a_discovery_factory_batch_runner/stage28a_exact_trades.csv,calendar_time_risk_proxy_v1,calendar_drop_friday_h9_tp06_sl065,-1.179075000000103,-2.2290750000001025,-2.9290750000001022,0,0,0,0,2.2290750000001025,12.740000000000009,7.170000000000073,0.656903765690375,12.409999999999854,0.6970185334407891,3.1299999999998818,2.5100000000000136,0.004,-1.0,,,9,1,1.0,2024
2024-01-17 09:00:00+00:00|-1.0|calendar_drop_friday_h9_tp06_sl065,2024-01-17 09:00:00+00:00,STAGE28A,data/reports/stage28a_discovery_factory_batch_runner/stage28a_exact_trades.csv,calendar_time_risk_proxy_v1,calendar_drop_friday_h9_tp06_sl065,-1.58174999999992,-2.63174999999992,-3.33174999999992,0,0,0,0,2.63174999999992,31.430000000000064,9.559999999999945,0.28765690376569203,10.870000000000118,0.06439742410301845,3.240000000000009,4.930999999999983,0.68,-1.0,,,9,2,1.0,2024
2024-01-18 09:00:00+00:00|1.0|calendar_drop_friday_h9_tp06_sl065,2024-01-18 09:00:00+00:00,STAGE28A,data/reports/stage28a_discovery_factory_batch_runner/stage28a_exact_trades.csv,calendar_time_risk_proxy_v1,calendar_drop_friday_h9_tp06_sl065,0.6199000000000524,-0.4300999999999475,-1.1300999999999473,0,0,0,0,0.4300999999999475,31.1400000000001,5.559999999999945,0.28057553956833825,8.209999999999809,0.4214372716199622,4.1400000000001,4.424000000000012,0.472,1.0,,,9,3,1.0,2024
2024-01-19 23:45:00+00:00|1.0|calendar_drop_friday_h9_tp06_sl065,2024-01-19 23:45:00+00:00,STAGE28A,data/reports/stage28a_discovery_factory_batch_runner/stage28a_exact_trades.csv,calendar_time_risk_proxy_v1,calendar_drop_friday_h9_tp06_sl065,-0.35,-1.4,-2.1,0,0,0,0,1.4,18.389999999999873,4.880000000000109,0.594262295081926,10.550000000000182,0.8890995260663241,1.759999999999991,3.975,0.38,1.0,,,9,4,1.0,2024
2024-01-22 09:00:00+00:00|-1.0|calendar_drop_friday_h9_tp06_sl065,2024-01-22 09:00:00+00:00,STAGE28A,data/reports/stage28a_discovery_factory_batch_runner/stage28a_exact_trades.csv,calendar_time_risk_proxy_v1,calendar_drop_friday_h9_tp06_sl065,0.7161999999999807,-0.3338000000000192,-1.033800000000019,0,0,0,0,0.3338000000000192,2.8199999999999363,7.399999999999864,0.2851351351351269,7.079999999999927,0.3644067796610425,4.2999999999999545,4.0014999999999645,0.412,-1.0,,,9,0,1.0,2024
2024-01-23 09:00:00+00:00|1.0|calendar_drop_friday_h9_tp06_sl065,2024-01-23 09:00:00+00:00,STAGE28A,data/reports/stage28a_discovery_factory_batch_runner/stage28a_exact_trades.csv,calendar_time_risk_proxy_v1,calendar_drop_friday_h9_tp06_sl065,0.834099999999944,-0.2159000000000559,-0.9159000000000556,0,0,0,0,0.2159000000000559,15.519999999999982,8.38000000000011,0.8210023866348201,13.160000000000082,0.19452887537995114,6.709999999999809,3.8194999999999597,0.372,1.0,,,9,1,1.0,2024
2024-01-24 09:00:00+00:00|1.0|calendar_drop_friday_h9_tp06_sl065,2024-01-24 09:00:00+00:00,STAGE28A,data/reports/stage28a_discovery_factory_batch_runner/stage28a_exact_trades.csv,calendar_time_risk_proxy_v1,calendar_drop_friday_h9_tp06_sl065,-1.2811250000000656,-2.3311250000000654,-3.031125000000065,0,0,0,0,2.3311250000000654,18.340000000000146,5.8599999999999,0.8447098976109437,11.279999999999973,0.7402482269503483,4.210000000000036,3.346499999999992,0.172,1.0,,,9,2,1.0,2024
2024-01-25 09:00:00+00:00|1.0|calendar_drop_friday_h9_tp06_sl065,2024-01-25 09:00:00+00:00,STAGE28A,data/reports/stage28a_discovery_factory_batch_runner/stage28a_exact_trades.csv,calendar_time_risk_proxy_v1,calendar_drop_friday_h9_tp06_sl065,-1.0692250000000514,-2.119225000000051,-2.819225000000051,0,0,0,0,2.119225000000051,25.52000000000021,3.400000000000091,0.18823529411767145,7.019999999999982,0.5270655270655349,2.0599999999999454,3.8460000000000263,0.408,1.0,,,9,3,1.0,2024
2024-01-26 23:45:00+00:00|1.0|calendar_drop_friday_h9_tp06_sl065,2024-01-26 23:45:00+00:00,STAGE28A,data/reports/stage28a_discovery_factory_batch_runner/stage28a_exact_trades.csv,calendar_time_risk_proxy_v1,calendar_drop_friday_h9_tp06_sl065,-0.35,-1.4,-2.1,0,0,0,0,1.4,15.400000000000091,4.779999999999973,0.10460251046025164,5.669999999999845,0.41975308641978376,2.8199999999999363,3.141000000000031,0.136,1.0,,,9,4,1.0,2024
2024-01-29 09:00:00+00:00|1.0|calendar_drop_friday_h9_tp06_sl065,2024-01-29 09:00:00+00:00,STAGE28A,data/reports/stage28a_discovery_factory_batch_runner/stage28a_exact_trades.csv,calendar_time_risk_proxy_v1,calendar_drop_friday_h9_tp06_sl065,-1.2778750000000856,-2.3278750000000854,-3.027875000000085,0,0,0,0,2.3278750000000854,7.220000000000027,9.13000000000011,0.4928806133625352,9.209999999999809,0.1400651465798035,4.110000000000127,3.7995000000000116,0.436,1.0,,,9,0,1.0,2024
2024-01-30 09:00:00+00:00|1.0|calendar_drop_friday_h9_tp06_sl065,2024-01-30 09:00:00+00:00,STAGE28A,data/reports/stage28a_discovery_factory_batch_runner/stage28a_exact_trades.csv,calendar_time_risk_proxy_v1,calendar_drop_friday_h9_tp06_sl065,-1.1218749999999091,-2.171874999999909,-2.8718749999999087,0,0,0,0,2.171874999999909,18.460000000000036,4.819999999999936,0.13278008298757438,8.829999999999927,0.43488108720271235,3.9200000000000728,4.357000000000028,0.72,1.0,,,9,1,1.0,2024
2024-01-31 09:00:00+00:00|1.0|calendar_drop_friday_h9_tp06_sl065,2024-01-31 09:00:00+00:00,STAGE28A,data/reports/stage28a_discovery_factory_batch_runner/stage28a_exact_trades.csv,calendar_time_risk_proxy_v1,calendar_drop_friday_h9_tp06_sl065,-0.9476749999999812,-1.997674999999981,-2.6976749999999807,0,0,0,0,1.997674999999981,19.54000000000019,5.800000000000182,0.32931034482759,7.150000000000091,0.3356643356643441,2.150000000000091,3.8975000000000364,0.428,1.0,,,9,2,1.0,2024
2024-02-01 09:00:00+00:00|-1.0|calendar_drop_friday_h9_tp06_sl065,2024-02-01 09:00:00+00:00,STAGE28A,data/reports/stage28a_discovery_factory_batch_runner/stage28a_exact_trades.csv,calendar_time_risk_proxy_v1,calendar_drop_friday_h9_tp06_sl065,-1.2008500000000368,-2.2508500000000367,-2.9508500000000364,0,0,0,0,2.2508500000000367,25.1400000000001,10.269999999999754,0.559883154819877,15.329999999999927,0.8962818003913943,2.5299999999999727,5.240999999999962,0.992,-1.0,,,9,3,2.0,2024
2024-02-02 23:45:00+00:00|1.0|calendar_drop_friday_h9_tp06_sl065,2024-02-02 23:45:00+00:00,STAGE28A,data/reports/stage28a_discovery_factory_batch_runner/stage28a_exact_trades.csv,calendar_time_risk_proxy_v1,calendar_drop_friday_h9_tp06_sl065,-1.4303000000000794,-2.480300000000079,-3.180300000000079,0,0,0,0,2.480300000000079,35.590000000000146,4.920000000000073,0.052845528455235706,4.200000000000273,0.10000000000001083,2.3500000000001364,4.453499999999963,0.748,1.0,,,9,4,2.0,2024
2024-02-05 09:00:00+00:00|-1.0|calendar_drop_friday_h9_tp06_sl065,2024-02-05 09:00:00+00:00,STAGE28A,data/reports/stage28a_discovery_factory_batch_runner/stage28a_exact_trades.csv,calendar_time_risk_proxy_v1,calendar_drop_friday_h9_tp06_sl065,-1.6048249999999826,-2.6548249999999824,-3.354824999999982,0,0,0,0,2.6548249999999824,3.3900000000001,11.839999999999918,0.6173986486486484,11.329999999999927,0.6548984995586843,4.380000000000109,5.369499999999983,0.932,-1.0,,,9,0,2.0,2024
2024-02-06 09:00:00+00:00|-1.0|calendar_drop_friday_h9_tp06_sl065,2024-02-06 09:00:00+00:00,STAGE28A,data/reports/stage28a_discovery_factory_batch_runner/stage28a_exact_trades.csv,calendar_time_risk_proxy_v1,calendar_drop_friday_h9_tp06_sl065,0.3909999999999854,-0.6590000000000145,-1.3590000000000142,0,0,0,0,0.6590000000000145,27.329999999999927,5.100000000000136,0.24705882352940337,6.990000000000009,0.34477825464947803,3.4700000000000273,3.7300000000000297,0.256,-1.0,,,9,1,2.0,2024
2024-02-07 09:00:00+00:00|-1.0|calendar_drop_friday_h9_tp06_sl065,2024-02-07 09:00:00+00:00,STAGE28A,data/reports/stage28a_discovery_factory_batch_runner/stage28a_exact_trades.csv,calendar_time_risk_proxy_v1,calendar_drop_friday_h9_tp06_sl065,0.133600000000024,-0.916399999999976,-1.6163999999999756,0,0,0,0,0.916399999999976,16.189999999999827,2.230000000000018,0.004484304932731311,4.889999999999873,0.40286298568508766,1.8299999999999272,3.0614999999999895,0.052,-1.0,,,9,2,2.0,2024
2024-02-08 09:00:00+00:00|1.0|calendar_drop_friday_h9_tp06_sl065,2024-02-08 09:00:00+00:00,STAGE28A,data/reports/stage28a_discovery_factory_batch_runner/stage28a_exact_trades.csv,calendar_time_risk_proxy_v1,calendar_drop_friday_h9_tp06_sl065,-1.1160249999998997,-2.1660249999998995,-2.8660249999998992,0,0,0,0,2.1660249999998995,13.970000000000027,7.0,0.6028571428571468,9.599999999999909,0.41041666666665255,1.9400000000000546,3.318000000000018,0.22,1.0,,,9,3,2.0,2024
2024-02-09 23:45:00+00:00|1.0|calendar_drop_friday_h9_tp06_sl065,2024-02-09 23:45:00+00:00,STAGE28A,data/reports/stage28a_discovery_factory_batch_runner/stage28a_exact_trades.csv,calendar_time_risk_proxy_v1,calendar_drop_friday_h9_tp06_sl065,-0.35,-1.4,-2.1,0,0,0,0,1.4,18.6400000000001,3.1599999999998545,0.49367088607595483,4.460000000000036,0.022421524663656555,2.3199999999999363,3.3504999999999883,0.284,1.0,,,9,4,2.0,2024
2024-02-12 09:00:00+00:00|-1.0|calendar_drop_friday_h9_tp06_sl065,2024-02-12 09:00:00+00:00,STAGE28A,data/reports/stage28a_discovery_factory_batch_runner/stage28a_exact_trades.csv,calendar_time_risk_proxy_v1,calendar_drop_friday_h9_tp06_sl065,-0.8635000000000218,-1.9135000000000215,-2.613500000000021,0,0,0,0,1.9135000000000215,2.4199999999998454,4.959999999999809,0.46774193548387616,7.339999999999918,0.30245231607630135,1.1600000000000819,3.095500000000004,0.116,-1.0,,,9,0,2.0,2024
2024-02-13 09:00:00+00:00|1.0|calendar_drop_friday_h9_tp06_sl065,2024-02-13 09:00:00+00:00,STAGE28A,data/reports/stage28a_discovery_factory_batch_runner/stage28a_exact_trades.csv,calendar_time_risk_proxy_v1,calendar_drop_friday_h9_tp06_sl065,-0.948974999999882,-1.998974999999882,-2.6989749999998818,0,0,0,0,1.998974999999882,15.639999999999873,4.4099999999998545,0.04081632653062803,9.190000000000055,0.8476605005440606,3.369999999999891,3.000499999999988,0.132,1.0,,,9,1,2.0,2024
2024-02-14 09:00:00+00:00|-1.0|calendar_drop_friday_h9_tp06_sl065,2024-02-14 09:00:00+00:00,STAGE28A,data/reports/stage28a_discovery_factory_batch_runner/stage28a_exact_trades.csv,calendar_time_risk_proxy_v1,calendar_drop_friday_h9_tp06_sl065,-0.9441000000000258,-1.9941000000000255,-2.694100000000025,0,0,0,0,1.9941000000000255,39.86999999999989,4.75,0.19578947368422392,7.1400000000001,0.06162464985991891,2.009999999999991,4.437499999999977,0.732,-1.0,,,9,2,2.0,2024
2024-02-15 09:00:00+00:00|1.0|calendar_drop_friday_h9_tp06_sl065,2024-02-15 09:00:00+00:00,STAGE28A,data/reports/stage28a_discovery_factory_batch_runner/stage28a_exact_trades.csv,calendar_time_risk_proxy_v1,calendar_drop_friday_h9_tp06_sl065,-0.9587250000000496,-2.0087250000000494,-2.708725000000049,0,0,0,0,2.0087250000000494,11.839999999999918,4.119999999999891,0.41262135922332294,6.5,0.6123076923076951,1.8799999999998818,3.029499999999973,0.184,1.0,,,9,3,2.0,2024
2024-02-16 23:45:00+00:00|1.0|calendar_drop_friday_h9_tp06_sl065,2024-02-16 23:45:00+00:00,STAGE28A,data/reports/stage28a_discovery_factory_batch_runner/stage28a_exact_trades.csv,calendar_time_risk_proxy_v1,calendar_drop_friday_h9_tp06_sl065,-0.35,-1.4,-2.1,0,0,0,0,1.4,18.230000000000018,3.2799999999999727,0.06097560975611193,4.819999999999936,0.7406639004149344,1.8399999999999181,3.817499999999984,0.712,1.0,,,9,4,2.0,2024
2024-02-19 09:00:00+00:00|1.0|calendar_drop_friday_h9_tp06_sl065,2024-02-19 09:00:00+00:00,STAGE28A,data/reports/stage28a_discovery_factory_batch_runner/stage28a_exact_trades.csv,calendar_time_risk_proxy_v1,calendar_drop_friday_h9_tp06_sl065,-1.1959749999999532,-2.245974999999953,-2.9459749999999527,0,0,0,0,2.245974999999953,3.8799999999998818,10.86999999999989,0.48850045998160063,4.650000000000091,0.027956989247285853,2.0900000000001455,4.76999999999997,0.952,1.0,,,9,0,2.0,2024
2024-02-20 09:00:00+00:00|1.0|calendar_drop_friday_h9_tp06_sl065,2024-02-20 09:00:00+00:00,STAGE28A,data/reports/stage28a_discovery_factory_batch_runner/stage28a_exact_trades.csv,calendar_time_risk_proxy_v1,calendar_drop_friday_h9_tp06_sl065,-0.9704250000000684,-2.0204250000000683,-2.720425000000068,0,0,0,0,2.0204250000000683,10.980000000000018,4.650000000000091,0.7053763440860508,9.879999999999882,0.6730769230769174,3.0699999999999363,2.075999999999999,0.024,1.0,,,9,1,2.0,2024
2024-02-21 09:00:00+00:00|-1.0|calendar_drop_friday_h9_tp06_sl065,2024-02-21 09:00:00+00:00,STAGE28A,data/reports/stage28a_discovery_factory_batch_runner/stage28a_exact_trades.csv,calendar_time_risk_proxy_v1,calendar_drop_friday_h9_tp06_sl065,0.3253000000001066,-0.7246999999998933,-1.424699999999893,0,0,0,0,0.7246999999998933,15.829999999999927,8.420000000000073,0.8016627078384729,6.25,0.15520000000000436,1.9399999999998272,2.5110000000000356,0.152,-1.0,,,9,2,2.0,2024
2024-02-22 09:00:00+00:00|1.0|calendar_drop_friday_h9_tp06_sl065,2024-02-22 09:00:00+00:00,STAGE28A,data/reports/stage28a_discovery_factory_batch_runner/stage28a_exact_trades.csv,calendar_time_risk_proxy_v1,calendar_drop_friday_h9_tp06_sl065,-1.0471249999999146,-2.0971249999999144,-2.797124999999914,0,0,0,0,2.0971249999999144,12.1400000000001,3.849999999999909,0.7974025974025997,6.670000000000073,0.1004497751124536,2.240000000000009,2.8530000000000086,0.32,1.0,,,9,3,2.0,2024
2024-02-23 23:45:00+00:00|1.0|calendar_drop_friday_h9_tp06_sl065,2024-02-23 23:45:00+00:00,STAGE28A,data/reports/stage28a_discovery_factory_batch_runner/stage28a_exact_trades.csv,calendar_time_risk_proxy_v1,calendar_drop_friday_h9_tp06_sl065,-0.35,-1.4,-2.1,0,0,0,0,1.4,15.36999999999989,4.559999999999945,0.2763157894736855,10.110000000000127,0.2908011869435994,1.759999999999991,3.9100000000000135,0.876,1.0,,,9,4,2.0,2024
2024-02-26 09:00:00+00:00|1.0|calendar_drop_friday_h9_tp06_sl065,2024-02-26 09:00:00+00:00,STAGE28A,data/reports/stage28a_discovery_factory_batch_runner/stage28a_exact_trades.csv,calendar_time_risk_proxy_v1,calendar_drop_friday_h9_tp06_sl065,-0.9707500000000436,-2.020750000000044,-2.7207500000000437,0,0,0,0,2.020750000000044,2.7999999999999545,5.069999999999936,0.36489151873765924,5.349999999999909,0.007476635514012018,2.009999999999991,3.4314999999999487,0.784,1.0,,,9,0,2.0,2024
2024-02-27 09:00:00+00:00|1.0|calendar_drop_friday_h9_tp06_sl065,2024-02-27 09:00:00+00:00,STAGE28A,data/reports/stage28a_discovery_factory_batch_runner/stage28a_exact_trades.csv,calendar_time_risk_proxy_v1,calendar_drop_friday_h9_tp06_sl065,-0.8989250000000538,-1.9489250000000535,-2.648925000000053,0,0,0,0,1.9489250000000535,12.009999999999991,4.0499999999999545,0.6246913580246917,6.789999999999964,0.42120765832108137,1.7100000000000364,2.4099999999999797,0.128,1.0,,,9,1,2.0,2024
2024-02-28 09:00:00+00:00|-1.0|calendar_drop_friday_h9_tp06_sl065,2024-02-28 09:00:00+00:00,STAGE28A,data/reports/stage28a_discovery_factory_batch_runner/stage28a_exact_trades.csv,calendar_time_risk_proxy_v1,calendar_drop_friday_h9_tp06_sl065,-0.960674999999901,-2.010674999999901,-2.7106749999999007,0,0,0,0,2.010674999999901,10.730000000000018,4.599999999999909,0.01956521739133637,7.720000000000027,0.3873056994818651,3.380000000000109,2.544500000000016,0.208,-1.0,,,9,2,2.0,2024
2024-02-29 09:00:00+00:00|-1.0|calendar_drop_friday_h9_tp06_sl065,2024-02-29 09:00:00+00:00,STAGE28A,data/reports/stage28a_discovery_factory_batch_runner/stage28a_exact_trades.csv,calendar_time_risk_proxy_v1,calendar_drop_friday_h9_tp06_sl065,-0.8719500000000607,-1.9219500000000609,-2.6219500000000604,0,0,0,0,1.9219500000000609,13.420000000000073,3.1299999999998818,0.1629392971246039,7.2999999999999545,0.5931506849315318,1.5900000000001455,2.5559999999999605,0.236,-1.0,,,9,3,2.0,2024
2024-03-01 23:45:00+00:00|1.0|calendar_drop_friday_h9_tp06_sl065,2024-03-01 23:45:00+00:00,STAGE28A,data/reports/stage28a_discovery_factory_batch_runner/stage28a_exact_trades.csv,calendar_time_risk_proxy_v1,calendar_drop_friday_h9_tp06_sl065,-0.35,-1.4,-2.1,0,0,0,0,1.4,22.72999999999979,3.9600000000000364,0.31565656565656275,16.0300000000002,0.5832813474734743,2.319999999999709,5.787499999999977,1.0,1.0,,,9,4,3.0,2024
2024-03-04 09:00:00+00:00|1.0|calendar_drop_friday_h9_tp06_sl065,2024-03-04 09:00:00+00:00,STAGE28A,data/reports/stage28a_discovery_factory_batch_runner/stage28a_exact_trades.csv,calendar_time_risk_proxy_v1,calendar_drop_friday_h9_tp06_sl065,-1.0669499999999972,-2.116949999999997,-2.8169499999999967,0,0,0,0,2.116949999999997,4.239999999999782,6.610000000000127,0.4175491679274077,7.710000000000036,0.41115434500649256,2.7899999999999636,5.054500000000019,0.94,1.0,,,9,0,3.0,2024
2024-03-05 09:00:00+00:00|1.0|calendar_drop_friday_h9_tp06_sl065,2024-03-05 09:00:00+00:00,STAGE28A,data/reports/stage28a_discovery_factory_batch_runner/stage28a_exact_trades.csv,calendar_time_risk_proxy_v1,calendar_drop_friday_h9_tp06_sl065,0.65649999999996,-0.3935000000000399,-1.0935000000000397,0,0,0,0,0.3935000000000399,40.370000000000346,6.349999999999909,0.22204724409446847,13.2800000000002,0.5813253012047954,4.2599999999997635,5.035500000000025,0.924,1.0,,,9,1,3.0,2024
2024-03-06 09:00:00+00:00|1.0|calendar_drop_friday_h9_tp06_sl065,2024-03-06 09:00:00+00:00,STAGE28A,data/reports/stage28a_discovery_factory_batch_runner/stage28a_exact_trades.csv,calendar_time_risk_proxy_v1,calendar_drop_friday_h9_tp06_sl065,-1.1855750000000629,-2.2355750000000625,-2.935575000000062,0,0,0,0,2.2355750000000625,31.329999999999927,4.799999999999727,0.38333333333338543,7.150000000000091,0.07412587412590117,2.669999999999618,4.847499999999923,0.808,1.0,,,9,2,3.0,2024
2024-03-07 09:00:00+00:00|-1.0|calendar_drop_friday_h9_tp06_sl065,2024-03-07 09:00:00+00:00,STAGE28A,data/reports/stage28a_discovery_factory_batch_runner/stage28a_exact_trades.csv,calendar_time_risk_proxy_v1,calendar_drop_friday_h9_tp06_sl065,-2.146600000000126,-3.196600000000126,-3.8966000000001255,0,0,0,1,3.196600000000126,28.549999999999727,17.11999999999989,0.6407710280374022,8.299999999999727,0.07108433734936268,4.889999999999873,6.566000000000008,1.0,-1.0,,,9,3,3.0,2024
2024-03-08 23:45:00+00:00|1.0|calendar_drop_friday_h9_tp06_sl065,2024-03-08 23:45:00+00:00,STAGE28A,data/reports/stage28a_discovery_factory_batch_runner/stage28a_exact_trades.csv,calendar_time_risk_proxy_v1,calendar_drop_friday_h9_tp06_sl065,-0.35,-1.4,-2.1,0,0,0,0,1.4,20.460000000000036,9.510000000000218,0.4437434279705739,14.920000000000073,0.724530831099219,2.4899999999997817,7.282499999999937,0.996,1.0,,,9,4,3.0,2024
2024-03-11 09:00:00+00:00|-1.0|calendar_drop_friday_h9_tp06_sl065,2024-03-11 09:00:00+00:00,STAGE28A,data/reports/stage28a_discovery_factory_batch_runner/stage28a_exact_trades.csv,calendar_time_risk_proxy_v1,calendar_drop_friday_h9_tp06_sl065,-1.295099999999911,-2.345099999999911,-3.045099999999911,0,0,0,0,2.345099999999911,6.599999999999909,12.099999999999909,0.08595041322313814,7.160000000000309,0.40502793296088907,2.6399999999998727,7.6095000000000255,0.98,-1.0,,,9,0,3.0,2024
2024-03-12 09:00:00+00:00|-1.0|calendar_drop_friday_h9_tp06_sl065,2024-03-12 09:00:00+00:00,STAGE28A,data/reports/stage28a_discovery_factory_batch_runner/stage28a_exact_trades.csv,calendar_time_risk_proxy_v1,calendar_drop_friday_h9_tp06_sl065,0.6064000000000306,-0.4435999999999693,-1.143599999999969,0,0,0,0,0.4435999999999693,14.239999999999782,7.929999999999836,0.5056746532156748,5.539999999999964,0.30685920577622455,3.5100000000002183,4.267999999999915,0.412,-1.0,,,9,1,3.0,2024
2024-03-13 09:00:00+00:00|-1.0|calendar_drop_friday_h9_tp06_sl065,2024-03-13 09:00:00+00:00,STAGE28A,data/reports/stage28a_discovery_factory_batch_runner/stage28a_exact_trades.csv,calendar_time_risk_proxy_v1,calendar_drop_friday_h9_tp06_sl065,0.520600000000195,-0.5293999999998049,-1.2293999999998046,0,0,0,0,0.5293999999998049,34.179999999999836,5.730000000000018,0.41884816753928156,6.049999999999727,0.6694214876033661,3.1099999999996726,6.182499999999959,0.892,-1.0,,,9,2,3.0,2024
2024-03-14 09:00:00+00:00|-1.0|calendar_drop_friday_h9_tp06_sl065,2024-03-14 09:00:00+00:00,STAGE28A,data/reports/stage28a_discovery_factory_batch_runner/stage28a_exact_trades.csv,calendar_time_risk_proxy_v1,calendar_drop_friday_h9_tp06_sl065,-1.2105999999999768,-2.2605999999999766,-2.9605999999999764,0,0,0,0,2.2605999999999766,24.059999999999945,5.920000000000073,0.44087837837839444,4.599999999999909,0.2434782608695463,2.7400000000002365,3.678500000000008,0.196,-1.0,,,9,3,3.0,2024
2024-03-15 22:45:00+00:00|1.0|calendar_drop_friday_h9_tp06_sl065,2024-03-15 22:45:00+00:00,STAGE28A,data/reports/stage28a_discovery_factory_batch_runner/stage28a_exact_trades.csv,calendar_time_risk_proxy_v1,calendar_drop_friday_h9_tp06_sl065,0.7584999999998218,-0.2915000000001781,-0.991500000000178,0,0,0,0,0.2915000000001781,24.159999999999854,5.289999999999964,0.43100189035920905,9.289999999999964,0.511302475780411,3.0599999999999454,4.423000000000002,0.344,1.0,,,9,4,3.0,2024
2024-03-18 09:00:00+00:00|1.0|calendar_drop_friday_h9_tp06_sl065,2024-03-18 09:00:00+00:00,STAGE28A,data/reports/stage28a_discovery_factory_batch_runner/stage28a_exact_trades.csv,calendar_time_risk_proxy_v1,calendar_drop_friday_h9_tp06_sl065,-1.420874999999887,-2.470874999999887,-3.170874999999887,0,0,0,0,2.470874999999887,5.369999999999891,11.419999999999618,0.6444833625219242,12.349999999999909,0.8858299595141441,2.4099999999998545,4.513499999999999,0.348,1.0,,,9,0,3.0,2024
2024-03-19 09:00:00+00:00|-1.0|calendar_drop_friday_h9_tp06_sl065,2024-03-19 09:00:00+00:00,STAGE28A,data/reports/stage28a_discovery_factory_batch_runner/stage28a_exact_trades.csv,calendar_time_risk_proxy_v1,calendar_drop_friday_h9_tp06_sl065,-1.4156749999998284,-2.465674999999828,-3.165674999999828,0,0,0,0,2.465674999999828,17.559999999999945,4.1599999999998545,0.16105769230771544,13.179999999999836,0.4613050075872536,3.7800000000002,3.149999999999909,0.02,-1.0,,,9,1,3.0,2024
2024-03-20 09:00:00+00:00|-1.0|calendar_drop_friday_h9_tp06_sl065,2024-03-20 09:00:00+00:00,STAGE28A,data/reports/stage28a_discovery_factory_batch_runner/stage28a_exact_trades.csv,calendar_time_risk_proxy_v1,calendar_drop_friday_h9_tp06_sl065,0.3274000000000342,-0.7225999999999657,-1.4225999999999654,0,0,0,0,0.7225999999999657,15.599999999999909,5.110000000000127,0.031311154598796576,7.079999999999927,0.3587570621468912,1.7899999999999636,3.216500000000019,0.06,-1.0,,,9,2,3.0,2024
2024-03-21 09:00:00+00:00|1.0|calendar_drop_friday_h9_tp06_sl065,2024-03-21 09:00:00+00:00,STAGE28A,data/reports/stage28a_discovery_factory_batch_runner/stage28a_exact_trades.csv,calendar_time_risk_proxy_v1,calendar_drop_friday_h9_tp06_sl065,0.8475999999999658,-0.2024000000000341,-0.9024000000000338,0,0,0,0,0.2024000000000341,56.710000000000036,36.17000000000007,0.017694221730712507,14.86999999999989,0.2958977807666525,5.1899999999996,8.76199999999999,1.0,1.0,,,9,3,3.0,2024
2024-03-22 22:45:00+00:00|1.0|calendar_drop_friday_h9_tp06_sl065,2024-03-22 22:45:00+00:00,STAGE28A,data/reports/stage28a_discovery_factory_batch_runner/stage28a_exact_trades.csv,calendar_time_risk_proxy_v1,calendar_drop_friday_h9_tp06_sl065,-0.35,-1.4,-2.1,0,0,0,0,1.4,56.07999999999993,14.199999999999818,0.53169014084509,13.659999999999854,0.46998535871157693,3.319999999999709,5.963500000000022,0.756,1.0,,,9,4,3.0,2024
2024-03-25 09:00:00+00:00|-1.0|calendar_drop_friday_h9_tp06_sl065,2024-03-25 09:00:00+00:00,STAGE28A,data/reports/stage28a_discovery_factory_batch_runner/stage28a_exact_trades.csv,calendar_time_risk_proxy_v1,calendar_drop_friday_h9_tp06_sl065,0.881499999999869,-0.1685000000001308,-0.8685000000001306,0,0,0,0,0.1685000000001308,4.119999999999891,14.300000000000182,0.2930069930069931,7.529999999999745,0.13014608233732422,6.269999999999982,5.647500000000013,0.736,-1.0,,,9,0,3.0,2024
2024-03-26 09:00:00+00:00|1.0|calendar_drop_friday_h9_tp06_sl065,2024-03-26 09:00:00+00:00,STAGE28A,data/reports/stage28a_discovery_factory_batch_runner/stage28a_exact_trades.csv,calendar_time_risk_proxy_v1,calendar_drop_friday_h9_tp06_sl065,0.5140000000000328,-0.5359999999999672,-1.235999999999967,0,0,0,0,0.5359999999999672,17.779999999999745,6.839999999999691,0.09941520467834314,30.460000000000036,0.8365068942875898,3.5599999999999454,3.3664999999999736,0.14,1.0,,,9,1,3.0,2024
2024-03-27 09:00:00+00:00|1.0|calendar_drop_friday_h9_tp06_sl065,2024-03-27 09:00:00+00:00,STAGE28A,data/reports/stage28a_discovery_factory_batch_runner/stage28a_exact_trades.csv,calendar_time_risk_proxy_v1,calendar_drop_friday_h9_tp06_sl065,-1.6282250000000205,-2.6782250000000203,-3.37822500000002,0,0,0,0,2.6782250000000203,32.460000000000036,8.480000000000018,0.12264150943395771,18.800000000000182,0.8202127659574427,3.550000000000182,4.830000000000018,0.636,1.0,,,9,2,3.0,2024
2024-03-28 09:00:00+00:00|1.0|calendar_drop_friday_h9_tp06_sl065,2024-03-28 09:00:00+00:00,STAGE28A,data/reports/stage28a_discovery_factory_batch_runner/stage28a_exact_trades.csv,calendar_time_risk_proxy_v1,calendar_drop_friday_h9_tp06_sl065,0.8899000000000342,-0.1600999999999657,-0.8600999999999654,0,0,0,0,0.1600999999999657,24.330000000000382,9.559999999999945,0.5041841004184301,22.920000000000073,0.7273123909249374,3.8299999999999272,4.437499999999977,0.484,1.0,,,9,3,3.0,2024
2024-03-28 22:45:00+00:00|1.0|calendar_drop_friday_h9_tp06_sl065,2024-03-28 22:45:00+00:00,STAGE28A,data/reports/stage28a_discovery_factory_batch_runner/stage28a_exact_trades.csv,calendar_time_risk_proxy_v1,calendar_drop_friday_h9_tp06_sl065,-2.586974999999802,-3.636974999999802,-4.336974999999802,0,0,0,1,3.636974999999802,24.330000000000382,9.559999999999945,0.5041841004184301,22.920000000000073,0.7273123909249374,4.319999999999709,6.866000000000031,0.912,1.0,,,9,3,3.0,2024
2024-04-01 09:00:00+00:00|-1.0|calendar_drop_friday_h9_tp06_sl065,2024-04-01 09:00:00+00:00,STAGE28A,data/reports/stage28a_discovery_factory_batch_runner/stage28a_exact_trades.csv,calendar_time_risk_proxy_v1,calendar_drop_friday_h9_tp06_sl065,1.4353000000000065,0.3853000000000066,-0.3146999999999931,1,0,1,0,0.3853000000000066,9.899999999999636,30.36999999999989,0.9045110306223363,16.300000000000182,0.7785276073619299,5.369999999999891,9.038499999999953,0.964,-1.0,,,9,0,4.0,2024
2024-04-02 09:00:00+00:00|1.0|calendar_drop_friday_h9_tp06_sl065,2024-04-02 09:00:00+00:00,STAGE28A,data/reports/stage28a_discovery_factory_batch_runner/stage28a_exact_trades.csv,calendar_time_risk_proxy_v1,calendar_drop_friday_h9_tp06_sl065,-1.8748999999998888,-2.9248999999998886,-3.624899999999888,0,0,0,0,2.9248999999998886,37.11999999999989,9.169999999999618,0.22246455834242623,16.440000000000055,0.5675182481751762,5.2400000000002365,7.114500000000021,0.796,1.0,,,9,1,4.0,2024
2024-04-03 09:00:00+00:00|-1.0|calendar_drop_friday_h9_tp06_sl065,2024-04-03 09:00:00+00:00,STAGE28A,data/reports/stage28a_discovery_factory_batch_runner/stage28a_exact_trades.csv,calendar_time_risk_proxy_v1,calendar_drop_friday_h9_tp06_sl065,-1.964274999999907,-3.014274999999907,-3.7142749999999065,0,0,0,0,3.014274999999907,35.35999999999967,11.590000000000146,0.28127696289906623,19.360000000000127,0.6714876033057807,5.029999999999745,7.535000000000037,0.792,-1.0,,,9,2,4.0,2024
2024-04-04 09:00:00+00:00|-1.0|calendar_drop_friday_h9_tp06_sl065,2024-04-04 09:00:00+00:00,STAGE28A,data/reports/stage28a_discovery_factory_batch_runner/stage28a_exact_trades.csv,calendar_time_risk_proxy_v1,calendar_drop_friday_h9_tp06_sl065,0.8944000000000415,-0.1555999999999584,-0.8555999999999582,0,0,0,0,0.1555999999999584,36.26999999999998,8.36999999999989,0.30943847072881475,9.809999999999945,0.5983690112130865,5.670000000000073,5.977999999999975,0.538,-1.0,,,9,3,4.0,2024
2024-04-05 23:45:00+00:00|1.0|calendar_drop_friday_h9_tp06_sl065,2024-04-05 23:45:00+00:00,STAGE28A,data/reports/stage28a_discovery_factory_batch_runner/stage28a_exact_trades.csv,calendar_time_risk_proxy_v1,calendar_drop_friday_h9_tp06_sl065,-0.35,-1.4,-2.1,0,0,0,0,1.4,25.519999999999982,25.579999999999927,0.5136825645035327,16.9699999999998,0.8461991750147494,4.579999999999927,8.988500000000021,0.948,1.0,,,9,4,4.0,2024
2024-04-08 09:00:00+00:00|-1.0|calendar_drop_friday_h9_tp06_sl065,2024-04-08 09:00:00+00:00,STAGE28A,data/reports/stage28a_discovery_factory_batch_runner/stage28a_exact_trades.csv,calendar_time_risk_proxy_v1,calendar_drop_friday_h9_tp06_sl065,-4.646174999999948,-5.696174999999949,-6.396174999999948,0,0,0,1,5.696174999999949,24.11999999999989,51.0300000000002,0.7460317460317463,13.789999999999964,0.5823060188542583,11.829999999999927,12.957500000000005,1.0,-1.0,,,9,0,4.0,2024
2024-04-09 09:00:00+00:00|1.0|calendar_drop_friday_h9_tp06_sl065,2024-04-09 09:00:00+00:00,STAGE28A,data/reports/stage28a_discovery_factory_batch_runner/stage28a_exact_trades.csv,calendar_time_risk_proxy_v1,calendar_drop_friday_h9_tp06_sl065,-2.057225000000108,-3.107225000000108,-3.8072250000001073,0,0,0,1,3.107225000000108,51.0300000000002,11.669999999999618,0.43958868894603914,22.269999999999982,0.8630444544230027,4.019999999999982,6.0535000000000085,0.436,1.0,,,9,1,4.0,2024
2024-04-10 09:00:00+00:00|1.0|calendar_drop_friday_h9_tp06_sl065,2024-04-10 09:00:00+00:00,STAGE28A,data/reports/stage28a_discovery_factory_batch_runner/stage28a_exact_trades.csv,calendar_time_risk_proxy_v1,calendar_drop_friday_h9_tp06_sl065,-1.9298249999998007,-2.9798249999998005,-3.6798249999998,0,0,0,0,2.9798249999998005,28.559999999999945,10.890000000000327,0.09641873278238296,14.990000000000236,0.24016010673784569,4.179999999999836,7.208000000000061,0.568,1.0,,,9,2,4.0,2024
2024-04-11 09:00:00+00:00|-1.0|calendar_drop_friday_h9_tp06_sl065,2024-04-11 09:00:00+00:00,STAGE28A,data/reports/stage28a_discovery_factory_batch_runner/stage28a_exact_trades.csv,calendar_time_risk_proxy_v1,calendar_drop_friday_h9_tp06_sl065,-2.1368499999999586,-3.1868499999999584,-3.886849999999958,0,0,0,1,3.1868499999999584,40.75,13.490000000000236,0.5937731653076074,20.360000000000127,0.6512770137524625,5.700000000000273,8.87199999999998,0.804,-1.0,,,9,3,4.0,2024
2024-04-12 23:45:00+00:00|1.0|calendar_drop_friday_h9_tp06_sl065,2024-04-12 23:45:00+00:00,STAGE28A,data/reports/stage28a_discovery_factory_batch_runner/stage28a_exact_trades.csv,calendar_time_risk_proxy_v1,calendar_drop_friday_h9_tp06_sl065,-0.35,-1.4,-2.1,0,0,0,0,1.4,52.0300000000002,23.449999999999818,0.4366737739872009,17.809999999999945,0.7810218978102388,11.5,13.90400000000002,1.0,1.0,,,9,4,4.0,2024
2024-04-15 09:00:00+00:00|-1.0|calendar_drop_friday_h9_tp06_sl065,2024-04-15 09:00:00+00:00,STAGE28A,data/reports/stage28a_discovery_factory_batch_runner/stage28a_exact_trades.csv,calendar_time_risk_proxy_v1,calendar_drop_friday_h9_tp06_sl065,1.996900000000005,0.9469000000000052,0.2469000000000054,1,1,1,0,0.9469000000000052,26.509999999999764,26.509999999999764,0.06563560920406629,17.799999999999727,0.500561797752834,10.489999999999782,16.595499999999948,1.0,-1.0,,,9,0,4.0,2024
2024-04-16 09:00:00+00:00|-1.0|calendar_drop_friday_h9_tp06_sl065,2024-04-16 09:00:00+00:00,STAGE28A,data/reports/stage28a_discovery_factory_batch_runner/stage28a_exact_trades.csv,calendar_time_risk_proxy_v1,calendar_drop_friday_h9_tp06_sl065,-2.391975000000093,-3.441975000000093,-4.141975000000093,0,0,0,1,3.441975000000093,63.18000000000029,12.900000000000091,0.28062015503874926,25.980000000000018,0.6023864511162463,4.080000000000382,10.118000000000029,0.764,-1.0,,,9,1,4.0,2024
2024-04-17 09:00:00+00:00|1.0|calendar_drop_friday_h9_tp06_sl065,2024-04-17 09:00:00+00:00,STAGE28A,data/reports/stage28a_discovery_factory_batch_runner/stage28a_exact_trades.csv,calendar_time_risk_proxy_v1,calendar_drop_friday_h9_tp06_sl065,1.0350999999999655,-0.0149000000000341,-0.7149000000000338,0,0,0,0,0.0149000000000341,35.210000000000036,6.400000000000091,0.5015624999999986,21.559999999999945,0.4809833024118911,7.880000000000109,8.597000000000026,0.564,1.0,,,9,2,4.0,2024
2024-04-18 09:00:00+00:00|1.0|calendar_drop_friday_h9_tp06_sl065,2024-04-18 09:00:00+00:00,STAGE28A,data/reports/stage28a_discovery_factory_batch_runner/stage28a_exact_trades.csv,calendar_time_risk_proxy_v1,calendar_drop_friday_h9_tp06_sl065,1.1388999999998304,0.0888999999998305,-0.6111000000001692,1,0,0,0,0.0888999999998305,41.0,12.240000000000236,0.7802287581699344,7.890000000000327,0.6387832699619461,3.369999999999891,8.125000000000046,0.456,1.0,,,9,3,4.0,2024
2024-04-19 23:45:00+00:00|1.0|calendar_drop_friday_h9_tp06_sl065,2024-04-19 23:45:00+00:00,STAGE28A,data/reports/stage28a_discovery_factory_batch_runner/stage28a_exact_trades.csv,calendar_time_risk_proxy_v1,calendar_drop_friday_h9_tp06_sl065,-0.35,-1.4,-2.1,0,0,0,0,1.4,29.889999999999873,44.15000000000009,0.27859569648924476,15.840000000000146,0.6502525252525021,11.539999999999964,11.448999999999955,0.864,1.0,,,9,4,4.0,2024
2024-04-22 09:00:00+00:00|-1.0|calendar_drop_friday_h9_tp06_sl065,2024-04-22 09:00:00+00:00,STAGE28A,data/reports/stage28a_discovery_factory_batch_runner/stage28a_exact_trades.csv,calendar_time_risk_proxy_v1,calendar_drop_friday_h9_tp06_sl065,2.0118999999998777,0.961899999999878,0.2618999999998781,1,1,1,0,0.961899999999878,6.799999999999727,26.84999999999991,0.5314711359404108,21.490000000000236,0.3922754769660399,9.599999999999909,7.997499999999922,0.36,-1.0,,,9,0,4.0,2024
2024-04-23 09:00:00+00:00|1.0|calendar_drop_friday_h9_tp06_sl065,2024-04-23 09:00:00+00:00,STAGE28A,data/reports/stage28a_discovery_factory_batch_runner/stage28a_exact_trades.csv,calendar_time_risk_proxy_v1,calendar_drop_friday_h9_tp06_sl065,3.769299999999839,2.7192999999998397,2.01929999999984,1,1,1,0,2.7192999999998397,63.82999999999993,38.82999999999993,0.7180015451970168,23.220000000000255,0.30146425495262374,10.470000000000255,9.953500000000009,0.764,1.0,,,9,1,4.0,2024
2024-04-24 09:00:00+00:00|-1.0|calendar_drop_friday_h9_tp06_sl065,2024-04-24 09:00:00+00:00,STAGE28A,data/reports/stage28a_discovery_factory_batch_runner/stage28a_exact_trades.csv,calendar_time_risk_proxy_v1,calendar_drop_friday_h9_tp06_sl065,-2.296100000000115,-3.346100000000115,-4.046100000000115,0,0,0,1,3.346100000000115,42.88000000000011,12.400000000000091,0.5016129032258233,19.4399999999996,0.6682098765432124,5.309999999999945,7.124000000000114,0.136,-1.0,,,9,2,4.0,2024
2024-04-25 09:00:00+00:00|1.0|calendar_drop_friday_h9_tp06_sl065,2024-04-25 09:00:00+00:00,STAGE28A,data/reports/stage28a_discovery_factory_batch_runner/stage28a_exact_trades.csv,calendar_time_risk_proxy_v1,calendar_drop_friday_h9_tp06_sl065,1.530999999999858,0.4809999999998582,-0.2190000000001415,1,0,1,0,0.4809999999998582,25.480000000000018,17.029999999999745,0.28185554903113647,16.4699999999998,0.7109896782028038,6.190000000000055,6.6869999999999665,0.112,1.0,,,9,3,4.0,2024
2024-04-26 23:45:00+00:00|1.0|calendar_drop_friday_h9_tp06_sl065,2024-04-26 23:45:00+00:00,STAGE28A,data/reports/stage28a_discovery_factory_batch_runner/stage28a_exact_trades.csv,calendar_time_risk_proxy_v1,calendar_drop_friday_h9_tp06_sl065,-0.35,-1.4,-2.1,0,0,0,0,1.4,39.539999999999964,10.019999999999982,0.2195608782434952,19.110000000000127,0.7791732077446483,4.779999999999745,6.5955000000000386,0.152,1.0,,,9,4,4.0,2024
2024-04-29 09:00:00+00:00|1.0|calendar_drop_friday_h9_tp06_sl065,2024-04-29 09:00:00+00:00,STAGE28A,data/reports/stage28a_discovery_factory_batch_runner/stage28a_exact_trades.csv,calendar_time_risk_proxy_v1,calendar_drop_friday_h9_tp06_sl065,-2.715999999999985,-3.765999999999986,-4.465999999999985,0,0,0,1,3.765999999999986,4.539999999999964,17.149999999999636,0.35801749271137046,16.929999999999836,0.8665091553455263,7.110000000000127,6.805999999999995,0.24,1.0,,,9,0,4.0,2024
2024-04-30 09:00:00+00:00|-1.0|calendar_drop_friday_h9_tp06_sl065,2024-04-30 09:00:00+00:00,STAGE28A,data/reports/stage28a_discovery_factory_batch_runner/stage28a_exact_trades.csv,calendar_time_risk_proxy_v1,calendar_drop_friday_h9_tp06_sl065,1.1199999999997998,0.0699999999998,-0.6300000000001997,1,0,0,0,0.0699999999998,26.919999999999618,9.320000000000164,0.6115879828326366,18.879999999999654,0.7733050847457721,5.139999999999873,5.517500000000018,0.04,-1.0,,,9,1,4.0,2024
2024-05-01 09:00:00+00:00|1.0|calendar_drop_friday_h9_tp06_sl065,2024-05-01 09:00:00+00:00,STAGE28A,data/reports/stage28a_discovery_factory_batch_runner/stage28a_exact_trades.csv,calendar_time_risk_proxy_v1,calendar_drop_friday_h9_tp06_sl065,0.8751999999998589,-0.174800000000141,-0.8748000000001408,0,0,0,0,0.174800000000141,51.51000000000022,10.38000000000011,0.6984585741811102,11.5,0.6782608695652332,5.900000000000091,6.2380000000000795,0.192,1.0,,,9,2,5.0,2024
2024-05-02 09:00:00+00:00|-1.0|calendar_drop_friday_h9_tp06_sl065,2024-05-02 09:00:00+00:00,STAGE28A,data/reports/stage28a_discovery_factory_batch_runner/stage28a_exact_trades.csv,calendar_time_risk_proxy_v1,calendar_drop_friday_h9_tp06_sl065,1.0518999999998413,0.0018999999998414,-0.6981000000001583,1,0,0,0,0.0018999999998414,46.82999999999993,9.070000000000164,0.1422271223814708,22.340000000000146,0.8012533572068028,5.460000000000036,8.09500000000005,0.696,-1.0,,,9,3,5.0,2024
2024-05-03 23:45:00+00:00|1.0|calendar_drop_friday_h9_tp06_sl065,2024-05-03 23:45:00+00:00,STAGE28A,data/reports/stage28a_discovery_factory_batch_runner/stage28a_exact_trades.csv,calendar_time_risk_proxy_v1,calendar_drop_friday_h9_tp06_sl065,1.2436000000001513,0.1936000000001514,-0.5063999999998483,1,0,1,0,0.1936000000001514,41.09999999999991,6.440000000000055,0.2096273291925307,10.970000000000255,0.08477666362810113,5.289999999999964,8.04100000000003,0.732,1.0,,,9,4,5.0,2024
2024-05-06 09:00:00+00:00|1.0|calendar_drop_friday_h9_tp06_sl065,2024-05-06 09:00:00+00:00,STAGE28A,data/reports/stage28a_discovery_factory_batch_runner/stage28a_exact_trades.csv,calendar_time_risk_proxy_v1,calendar_drop_friday_h9_tp06_sl065,1.365700000000197,0.3157000000001972,-0.3842999999998024,1,0,1,0,0.3157000000001972,5.210000000000036,23.519999999999982,0.32312925170067663,16.170000000000073,0.741496598639439,5.139999999999873,9.324999999999978,0.932,1.0,,,9,0,5.0,2024
2024-05-07 09:00:00+00:00|-1.0|calendar_drop_friday_h9_tp06_sl065,2024-05-07 09:00:00+00:00,STAGE28A,data/reports/stage28a_discovery_factory_batch_runner/stage28a_exact_trades.csv,calendar_time_risk_proxy_v1,calendar_drop_friday_h9_tp06_sl065,1.0309000000001105,-0.0190999999998893,-0.719099999999889,0,0,0,0,0.0190999999998893,40.370000000000346,10.279999999999745,0.17217898832685075,13.360000000000127,0.8345808383233181,2.8799999999996544,5.944999999999982,0.2,-1.0,,,9,1,5.0,2024
2024-05-08 09:00:00+00:00|-1.0|calendar_drop_friday_h9_tp06_sl065,2024-05-08 09:00:00+00:00,STAGE28A,data/reports/stage28a_discovery_factory_batch_runner/stage28a_exact_trades.csv,calendar_time_risk_proxy_v1,calendar_drop_friday_h9_tp06_sl065,-1.8892000000001643,-2.9392000000001643,-3.639200000000164,0,0,0,0,2.9392000000001643,20.179999999999836,11.240000000000236,0.22775800711742808,17.86999999999989,0.35926133184108067,3.7100000000000364,4.822000000000048,0.04,-1.0,,,9,2,5.0,2024
2024-05-09 09:00:00+00:00|-1.0|calendar_drop_friday_h9_tp06_sl065,2024-05-09 09:00:00+00:00,STAGE28A,data/reports/stage28a_discovery_factory_batch_runner/stage28a_exact_trades.csv,calendar_time_risk_proxy_v1,calendar_drop_friday_h9_tp06_sl065,0.8515000000001237,-0.1984999999998762,-0.898499999999876,0,0,0,0,0.1984999999998762,17.86999999999989,4.970000000000255,0.5010060362173258,13.08999999999969,0.35752482811305936,5.309999999999945,4.488999999999964,0.012,-1.0,,,9,3,5.0,2024
2024-05-10 23:45:00+00:00|1.0|calendar_drop_friday_h9_tp06_sl065,2024-05-10 23:45:00+00:00,STAGE28A,data/reports/stage28a_discovery_factory_batch_runner/stage28a_exact_trades.csv,calendar_time_risk_proxy_v1,calendar_drop_friday_h9_tp06_sl065,-0.35,-1.4,-2.1,0,0,0,0,1.4,40.63999999999987,10.659999999999854,0.6716697936210086,24.079999999999927,0.7936046511627984,5.25,7.160500000000002,0.82,1.0,,,9,4,5.0,2024
2024-05-13 09:00:00+00:00|-1.0|calendar_drop_friday_h9_tp06_sl065,2024-05-13 09:00:00+00:00,STAGE28A,data/reports/stage28a_discovery_factory_batch_runner/stage28a_exact_trades.csv,calendar_time_risk_proxy_v1,calendar_drop_friday_h9_tp06_sl065,-1.7562749999998233,-2.806274999999823,-3.506274999999823,0,0,0,0,2.806274999999823,3.4299999999998363,9.710000000000036,0.4582904222451345,18.139999999999873,0.9404630650496177,3.8299999999999272,5.991000000000031,0.412,-1.0,,,9,0,5.0,2024
2024-05-14 09:00:00+00:00|1.0|calendar_drop_friday_h9_tp06_sl065,2024-05-14 09:00:00+00:00,STAGE28A,data/reports/stage28a_discovery_factory_batch_runner/stage28a_exact_trades.csv,calendar_time_risk_proxy_v1,calendar_drop_friday_h9_tp06_sl065,0.871599999999853,-0.1784000000001468,-0.8784000000001466,0,0,0,0,0.1784000000001468,32.95000000000027,9.570000000000164,0.5862068965517274,12.2800000000002,0.2394136807817595,3.3099999999999454,4.491999999999985,0.044,1.0,,,9,1,5.0,2024
2024-05-15 09:00:00+00:00|1.0|calendar_drop_friday_h9_tp06_sl065,2024-05-15 09:00:00+00:00,STAGE28A,data/reports/stage28a_discovery_factory_batch_runner/stage28a_exact_trades.csv,calendar_time_risk_proxy_v1,calendar_drop_friday_h9_tp06_sl065,0.784599999999864,-0.2654000000001359,-0.9654000000001356,0,0,0,0,0.2654000000001359,24.920000000000073,6.110000000000127,0.46808510638298984,18.5300000000002,0.47706422018348893,3.3299999999999272,4.844000000000028,0.148,1.0,,,9,2,5.0,2024
2024-05-16 09:00:00+00:00|-1.0|calendar_drop_friday_h9_tp06_sl065,2024-05-16 09:00:00+00:00,STAGE28A,data/reports/stage28a_discovery_factory_batch_runner/stage28a_exact_trades.csv,calendar_time_risk_proxy_v1,calendar_drop_friday_h9_tp06_sl065,-2.128075000000172,-3.178075000000172,-3.8780750000001714,0,0,0,1,3.178075000000172,38.40000000000009,13.050000000000182,0.029885057471289042,10.909999999999854,0.31072410632446545,4.300000000000182,7.878500000000054,0.84,-1.0,,,9,3,5.0,2024
2024-05-17 23:45:00+00:00|1.0|calendar_drop_friday_h9_tp06_sl065,2024-05-17 23:45:00+00:00,STAGE28A,data/reports/stage28a_discovery_factory_batch_runner/stage28a_exact_trades.csv,calendar_time_risk_proxy_v1,calendar_drop_friday_h9_tp06_sl065,1.7049999999998362,0.6549999999998364,-0.0450000000001633,1,0,1,0,0.6549999999998364,26.550000000000182,7.2599999999997635,0.07300275482090395,11.360000000000127,0.42517605633805705,6.300000000000182,6.510499999999979,0.712,1.0,,,9,4,5.0,2024
2024-05-20 09:00:00+00:00|1.0|calendar_drop_friday_h9_tp06_sl065,2024-05-20 09:00:00+00:00,STAGE28A,data/reports/stage28a_discovery_factory_batch_runner/stage28a_exact_trades.csv,calendar_time_risk_proxy_v1,calendar_drop_friday_h9_tp06_sl065,-3.0920250000000125,-4.142025000000013,-4.842025000000012,0,0,0,1,4.142025000000013,8.409999999999854,24.050000000000182,0.8261954261954154,18.210000000000036,0.220757825370674,13.019999999999982,8.713499999999954,0.972,1.0,,,9,0,5.0,2024
2024-05-21 09:00:00+00:00|1.0|calendar_drop_friday_h9_tp06_sl065,2024-05-21 09:00:00+00:00,STAGE28A,data/reports/stage28a_discovery_factory_batch_runner/stage28a_exact_trades.csv,calendar_time_risk_proxy_v1,calendar_drop_friday_h9_tp06_sl065,-3.301000000000022,-4.351000000000022,-5.0510000000000215,0,0,0,1,4.351000000000022,42.86999999999989,26.63000000000011,0.5005632745024361,13.569999999999709,0.19012527634491064,5.769999999999982,8.472499999999991,0.908,1.0,,,9,1,5.0,2024
2024-05-22 09:00:00+00:00|1.0|calendar_drop_friday_h9_tp06_sl065,2024-05-22 09:00:00+00:00,STAGE28A,data/reports/stage28a_discovery_factory_batch_runner/stage28a_exact_trades.csv,calendar_time_risk_proxy_v1,calendar_drop_friday_h9_tp06_sl065,1.511199999999826,0.4611999999998262,-0.2388000000001735,1,0,1,0,0.4611999999998262,27.610000000000127,13.980000000000018,0.5615164520744172,7.930000000000291,0.3947036569987382,5.869999999999891,5.526499999999965,0.448,1.0,,,9,2,5.0,2024
2024-05-23 09:00:00+00:00|-1.0|calendar_drop_friday_h9_tp06_sl065,2024-05-23 09:00:00+00:00,STAGE28A,data/reports/stage28a_discovery_factory_batch_runner/stage28a_exact_trades.csv,calendar_time_risk_proxy_v1,calendar_drop_friday_h9_tp06_sl065,2.052099999999791,1.0020999999997913,0.3020999999997915,1,1,1,0,1.0020999999997913,51.76999999999998,16.980000000000018,0.47820965842166563,19.029999999999745,0.44245927482922676,14.720000000000255,7.9685000000000175,0.848,-1.0,,,9,3,5.0,2024
2024-05-24 23:45:00+00:00|1.0|calendar_drop_friday_h9_tp06_sl065,2024-05-24 23:45:00+00:00,STAGE28A,data/reports/stage28a_discovery_factory_batch_runner/stage28a_exact_trades.csv,calendar_time_risk_proxy_v1,calendar_drop_friday_h9_tp06_sl065,0.654399999999805,-0.3956000000001949,-1.0956000000001946,0,0,0,0,0.3956000000001949,56.809999999999945,9.710000000000036,0.028836251287353145,12.7199999999998,0.5463836477987721,2.900000000000091,5.5479999999999565,0.348,1.0,,,9,4,5.0,2024
2024-05-27 09:00:00+00:00|-1.0|calendar_drop_friday_h9_tp06_sl065,2024-05-27 09:00:00+00:00,STAGE28A,data/reports/stage28a_discovery_factory_batch_runner/stage28a_exact_trades.csv,calendar_time_risk_proxy_v1,calendar_drop_friday_h9_tp06_sl065,-1.9463999999999035,-2.996399999999903,-3.696399999999903,0,0,0,0,2.996399999999903,8.329999999999927,15.260000000000218,0.38401048492791895,7.970000000000255,0.34755332496861896,3.9200000000000728,5.234000000000014,0.26,-1.0,,,9,0,5.0,2024
2024-05-28 09:00:00+00:00|-1.0|calendar_drop_friday_h9_tp06_sl065,2024-05-28 09:00:00+00:00,STAGE28A,data/reports/stage28a_discovery_factory_batch_runner/stage28a_exact_trades.csv,calendar_time_risk_proxy_v1,calendar_drop_friday_h9_tp06_sl065,-1.8131500000000416,-2.8631500000000414,-3.563150000000041,0,0,0,0,2.8631500000000414,26.420000000000073,7.220000000000255,0.17313019390581108,13.699999999999818,0.5335766423357695,4.150000000000091,3.981500000000051,0.016,-1.0,,,9,1,5.0,2024
2024-05-29 09:00:00+00:00|-1.0|calendar_drop_friday_h9_tp06_sl065,2024-05-29 09:00:00+00:00,STAGE28A,data/reports/stage28a_discovery_factory_batch_runner/stage28a_exact_trades.csv,calendar_time_risk_proxy_v1,calendar_drop_friday_h9_tp06_sl065,-1.847600000000148,-2.897600000000148,-3.597600000000148,0,0,0,0,2.897600000000148,24.059999999999945,7.930000000000291,0.12862547288776097,20.700000000000273,0.6120772946859638,4.870000000000346,5.513000000000079,0.396,-1.0,,,9,2,5.0,2024
2024-05-30 09:00:00+00:00|1.0|calendar_drop_friday_h9_tp06_sl065,2024-05-30 09:00:00+00:00,STAGE28A,data/reports/stage28a_discovery_factory_batch_runner/stage28a_exact_trades.csv,calendar_time_risk_proxy_v1,calendar_drop_friday_h9_tp06_sl065,-2.34127499999986,-3.3912749999998595,-4.091274999999859,0,0,0,1,3.3912749999998595,28.059999999999945,11.800000000000182,0.2771186440677908,15.559999999999945,0.06876606683805704,13.230000000000018,5.715000000000077,0.52,1.0,,,9,3,5.0,2024
2024-05-31 23:45:00+00:00|1.0|calendar_drop_friday_h9_tp06_sl065,2024-05-31 23:45:00+00:00,STAGE28A,data/reports/stage28a_discovery_factory_batch_runner/stage28a_exact_trades.csv,calendar_time_risk_proxy_v1,calendar_drop_friday_h9_tp06_sl065,1.546900000000187,0.4969000000001871,-0.2030999999998126,1,0,1,0,0.4969000000001871,29.38000000000011,10.739999999999782,0.036312849162000053,7.370000000000346,0.21709633649929905,7.639999999999873,6.846000000000004,0.644,1.0,,,9,4,5.0,2024
2024-06-03 09:00:00+00:00|1.0|calendar_drop_friday_h9_tp06_sl065,2024-06-03 09:00:00+00:00,STAGE28A,data/reports/stage28a_discovery_factory_batch_runner/stage28a_exact_trades.csv,calendar_time_risk_proxy_v1,calendar_drop_friday_h9_tp06_sl065,1.306300000000101,0.2563000000001012,-0.4436999999998985,1,0,1,0,0.2563000000001012,5.870000000000346,10.070000000000164,0.5004965243296804,14.090000000000146,0.4499645138396082,8.340000000000146,6.945500000000038,0.66,1.0,,,9,0,6.0,2024
2024-06-04 09:00:00+00:00|-1.0|calendar_drop_friday_h9_tp06_sl065,2024-06-04 09:00:00+00:00,STAGE28A,data/reports/stage28a_discovery_factory_batch_runner/stage28a_exact_trades.csv,calendar_time_risk_proxy_v1,calendar_drop_friday_h9_tp06_sl065,0.978399999999874,-0.0716000000001257,-0.7716000000001255,0,0,0,0,0.0716000000001257,40.159999999999854,9.600000000000364,0.5281249999999971,25.079999999999927,0.6399521531100569,2.3099999999999454,5.251999999999976,0.216,-1.0,,,9,1,6.0,2024
2024-06-05 09:00:00+00:00|-1.0|calendar_drop_friday_h9_tp06_sl065,2024-06-05 09:00:00+00:00,STAGE28A,data/reports/stage28a_discovery_factory_batch_runner/stage28a_exact_trades.csv,calendar_time_risk_proxy_v1,calendar_drop_friday_h9_tp06_sl065,-1.8365500000000796,-2.886550000000079,-3.586550000000079,0,0,0,0,2.886550000000079,37.41000000000031,12.010000000000218,0.7993338884262893,13.579999999999927,0.3645066273932139,4.289999999999964,5.559999999999991,0.436,-1.0,,,9,2,6.0,2024
2024-06-06 09:00:00+00:00|-1.0|calendar_drop_friday_h9_tp06_sl065,2024-06-06 09:00:00+00:00,STAGE28A,data/reports/stage28a_discovery_factory_batch_runner/stage28a_exact_trades.csv,calendar_time_risk_proxy_v1,calendar_drop_friday_h9_tp06_sl065,1.4947000000001025,0.4447000000001027,-0.255299999999897,1,0,1,0,0.4447000000001027,31.670000000000073,20.389999999999873,0.564982834722906,12.929999999999836,0.5359628770301565,5.039999999999964,6.170999999999935,0.684,-1.0,,,9,3,6.0,2024
2024-06-07 23:45:00+00:00|1.0|calendar_drop_friday_h9_tp06_sl065,2024-06-07 23:45:00+00:00,STAGE28A,data/reports/stage28a_discovery_factory_batch_runner/stage28a_exact_trades.csv,calendar_time_risk_proxy_v1,calendar_drop_friday_h9_tp06_sl065,-0.35,-1.4,-2.1,0,0,0,0,1.4,25.20999999999958,12.600000000000364,0.24920634920633192,50.42000000000007,0.8131693772312563,13.88000000000011,11.647500000000013,1.0,1.0,,,9,4,6.0,2024
2024-06-10 09:00:00+00:00|-1.0|calendar_drop_friday_h9_tp06_sl065,2024-06-10 09:00:00+00:00,STAGE28A,data/reports/stage28a_discovery_factory_batch_runner/stage28a_exact_trades.csv,calendar_time_risk_proxy_v1,calendar_drop_friday_h9_tp06_sl065,1.0231000000002497,-0.0268999999997503,-0.7268999999997501,0,0,0,0,0.0268999999997503,8.61999999999989,11.609999999999673,0.18518518518519825,9.740000000000236,0.0020533880903471587,5.120000000000346,9.052500000000009,0.932,-1.0,,,9,0,6.0,2024
2024-06-11 09:00:00+00:00|1.0|calendar_drop_friday_h9_tp06_sl065,2024-06-11 09:00:00+00:00,STAGE28A,data/reports/stage28a_discovery_factory_batch_runner/stage28a_exact_trades.csv,calendar_time_risk_proxy_v1,calendar_drop_friday_h9_tp06_sl065,-2.0240749999999026,-3.0740749999999024,-3.774074999999902,0,0,0,1,3.0740749999999024,25.990000000000236,13.549999999999727,0.4479704797048181,9.990000000000236,0.2662662662662454,6.619999999999891,4.5864999999999325,0.104,1.0,,,9,1,6.0,2024
2024-06-12 09:00:00+00:00|-1.0|calendar_drop_friday_h9_tp06_sl065,2024-06-12 09:00:00+00:00,STAGE28A,data/reports/stage28a_discovery_factory_batch_runner/stage28a_exact_trades.csv,calendar_time_risk_proxy_v1,calendar_drop_friday_h9_tp06_sl065,-1.6266000000001442,-2.676600000000144,-3.376600000000144,0,0,0,0,2.676600000000144,22.36999999999989,6.8400000000001455,0.42690058479532317,6.910000000000309,0.00289435600578595,3.0399999999999636,4.5479999999999565,0.06,-1.0,,,9,2,6.0,2024
2024-06-13 09:00:00+00:00|1.0|calendar_drop_friday_h9_tp06_sl065,2024-06-13 09:00:00+00:00,STAGE28A,data/reports/stage28a_discovery_factory_batch_runner/stage28a_exact_trades.csv,calendar_time_risk_proxy_v1,calendar_drop_friday_h9_tp06_sl065,1.3488999999998668,0.2988999999998669,-0.4011000000001328,1,0,1,0,0.2988999999998669,31.039999999999964,16.460000000000036,0.4696233292831106,9.580000000000382,0.12526096033400524,3.300000000000182,7.6789999999999505,0.912,1.0,,,9,3,6.0,2024
2024-06-14 23:45:00+00:00|1.0|calendar_drop_friday_h9_tp06_sl065,2024-06-14 23:45:00+00:00,STAGE28A,data/reports/stage28a_discovery_factory_batch_runner/stage28a_exact_trades.csv,calendar_time_risk_proxy_v1,calendar_drop_friday_h9_tp06_sl065,-0.35,-1.4,-2.1,0,0,0,0,1.4,31.159999999999854,7.050000000000182,0.35886524822690496,19.139999999999873,0.8949843260188204,3.1900000000000546,6.1255000000000335,0.56,1.0,,,9,4,6.0,2024
2024-06-17 09:00:00+00:00|-1.0|calendar_drop_friday_h9_tp06_sl065,2024-06-17 09:00:00+00:00,STAGE28A,data/reports/stage28a_discovery_factory_batch_runner/stage28a_exact_trades.csv,calendar_time_risk_proxy_v1,calendar_drop_friday_h9_tp06_sl065,1.0327000000001134,-0.0172999999998864,-0.7172999999998861,0,0,0,0,0.0172999999998864,5.4099999999998545,11.420000000000073,0.39229422066549824,10.769999999999982,0.4001857010213512,5.8400000000001455,5.258499999999958,0.236,-1.0,,,9,0,6.0,2024
2024-06-18 09:00:00+00:00|-1.0|calendar_drop_friday_h9_tp06_sl065,2024-06-18 09:00:00+00:00,STAGE28A,data/reports/stage28a_discovery_factory_batch_runner/stage28a_exact_trades.csv,calendar_time_risk_proxy_v1,calendar_drop_friday_h9_tp06_sl065,-1.659099999999944,-2.709099999999944,-3.409099999999944,0,0,0,0,2.709099999999944,23.170000000000073,6.5,0.5292307692307776,14.090000000000146,0.9488999290276939,4.319999999999709,4.5835000000000035,0.104,-1.0,,,9,1,6.0,2024
2024-06-19 09:00:00+00:00|1.0|calendar_drop_friday_h9_tp06_sl065,2024-06-19 09:00:00+00:00,STAGE28A,data/reports/stage28a_discovery_factory_batch_runner/stage28a_exact_trades.csv,calendar_time_risk_proxy_v1,calendar_drop_friday_h9_tp06_sl065,-1.1930499999999484,-2.2430499999999483,-2.943049999999948,0,0,0,0,2.2430499999999483,26.699999999999818,5.2199999999998,0.003831417624517735,8.190000000000055,0.020757020757029503,3.269999999999982,4.828499999999963,0.22,1.0,,,9,2,6.0,2024
2024-06-20 09:00:00+00:00|-1.0|calendar_drop_friday_h9_tp06_sl065,2024-06-20 09:00:00+00:00,STAGE28A,data/reports/stage28a_discovery_factory_batch_runner/stage28a_exact_trades.csv,calendar_time_risk_proxy_v1,calendar_drop_friday_h9_tp06_sl065,1.0642000000001643,0.0142000000001645,-0.6857999999998352,1,0,0,0,0.0142000000001645,11.2800000000002,11.260000000000218,0.3152753108348235,14.260000000000218,0.03366058906030932,5.129999999999654,3.887000000000012,0.088,-1.0,,,9,3,6.0,2024
2024-06-21 23:45:00+00:00|1.0|calendar_drop_friday_h9_tp06_sl065,2024-06-21 23:45:00+00:00,STAGE28A,data/reports/stage28a_discovery_factory_batch_runner/stage28a_exact_trades.csv,calendar_time_risk_proxy_v1,calendar_drop_friday_h9_tp06_sl065,-0.35,-1.4,-2.1,0,0,0,0,1.4,37.65000000000009,7.75,0.3496774193548434,13.009999999999764,0.13374327440432499,2.9200000000000728,7.004500000000007,0.836,1.0,,,9,4,6.0,2024
2024-06-24 09:00:00+00:00|1.0|calendar_drop_friday_h9_tp06_sl065,2024-06-24 09:00:00+00:00,STAGE28A,data/reports/stage28a_discovery_factory_batch_runner/stage28a_exact_trades.csv,calendar_time_risk_proxy_v1,calendar_drop_friday_h9_tp06_sl065,-1.6522750000000088,-2.7022750000000086,-3.4022750000000084,0,0,0,0,2.7022750000000086,4.9099999999998545,8.980000000000018,0.4376391982182437,11.960000000000036,0.033444816053519205,3.5599999999999454,6.6279999999999974,0.796,1.0,,,9,0,6.0,2024
2024-06-25 09:00:00+00:00|1.0|calendar_drop_friday_h9_tp06_sl065,2024-06-25 09:00:00+00:00,STAGE28A,data/reports/stage28a_discovery_factory_batch_runner/stage28a_exact_trades.csv,calendar_time_risk_proxy_v1,calendar_drop_friday_h9_tp06_sl065,0.9688000000000102,-0.0811999999999897,-0.7811999999999895,0,0,0,0,0.0811999999999897,17.15000000000009,11.150000000000091,0.6852017937219969,11.319999999999709,0.7915194346289989,5.579999999999927,4.092999999999916,0.128,1.0,,,9,1,6.0,2024
2024-06-26 09:00:00+00:00|-1.0|calendar_drop_friday_h9_tp06_sl065,2024-06-26 09:00:00+00:00,STAGE28A,data/reports/stage28a_discovery_factory_batch_runner/stage28a_exact_trades.csv,calendar_time_risk_proxy_v1,calendar_drop_friday_h9_tp06_sl065,-2.1934000000002016,-3.243400000000201,-3.943400000000201,0,0,0,1,3.243400000000201,21.789999999999964,13.350000000000364,0.2636704119850102,8.690000000000055,0.11047180667434181,6.3400000000001455,5.681500000000051,0.644,-1.0,,,9,2,6.0,2024
2024-06-27 09:00:00+00:00|1.0|calendar_drop_friday_h9_tp06_sl065,2024-06-27 09:00:00+00:00,STAGE28A,data/reports/stage28a_discovery_factory_batch_runner/stage28a_exact_trades.csv,calendar_time_risk_proxy_v1,calendar_drop_friday_h9_tp06_sl065,-1.3653000000000248,-2.4153000000000246,-3.1153000000000244,0,0,0,0,2.4153000000000246,30.350000000000364,3.3899999999998727,0.22123893805310565,17.429999999999836,0.7917383820998457,3.769999999999982,4.662499999999977,0.264,1.0,,,9,3,6.0,2024
2024-06-28 23:45:00+00:00|1.0|calendar_drop_friday_h9_tp06_sl065,2024-06-28 23:45:00+00:00,STAGE28A,data/reports/stage28a_discovery_factory_batch_runner/stage28a_exact_trades.csv,calendar_time_risk_proxy_v1,calendar_drop_friday_h9_tp06_sl065,-0.35,-1.4,-2.1,0,0,0,0,1.4,34.58999999999969,9.269999999999982,0.5587918015102316,12.099999999999909,0.7033057851239527,3.2800000000002,5.501000000000045,0.708,1.0,,,9,4,6.0,2024
2024-07-01 09:00:00+00:00|1.0|calendar_drop_friday_h9_tp06_sl065,2024-07-01 09:00:00+00:00,STAGE28A,data/reports/stage28a_discovery_factory_batch_runner/stage28a_exact_trades.csv,calendar_time_risk_proxy_v1,calendar_drop_friday_h9_tp06_sl065,-1.669500000000062,-2.7195000000000618,-3.419500000000061,0,0,0,0,2.7195000000000618,4.139999999999873,6.389999999999873,0.03442879499214465,10.980000000000018,0.24590163934424533,5.449999999999818,5.050499999999988,0.524,1.0,,,9,0,7.0,2024
2024-07-02 09:00:00+00:00|1.0|calendar_drop_friday_h9_tp06_sl065,2024-07-02 09:00:00+00:00,STAGE28A,data/reports/stage28a_discovery_factory_batch_runner/stage28a_exact_trades.csv,calendar_time_risk_proxy_v1,calendar_drop_friday_h9_tp06_sl065,-1.5021250000000692,-2.552125000000069,-3.2521250000000688,0,0,0,0,2.552125000000069,20.0,8.61999999999989,0.6705336426913943,9.099999999999909,0.1329670329670383,4.4699999999998,4.686500000000024,0.408,1.0,,,9,1,7.0,2024
2024-07-03 09:00:00+00:00|1.0|calendar_drop_friday_h9_tp06_sl065,2024-07-03 09:00:00+00:00,STAGE28A,data/reports/stage28a_discovery_factory_batch_runner/stage28a_exact_trades.csv,calendar_time_risk_proxy_v1,calendar_drop_friday_h9_tp06_sl065,-1.445249999999851,-2.4952499999998508,-3.1952499999998505,0,0,0,0,2.4952499999998508,17.820000000000164,5.660000000000309,0.28798586572430485,15.799999999999727,0.9164556962025199,3.800000000000182,4.594500000000016,0.364,1.0,,,9,2,7.0,2024
2024-07-04 09:00:00+00:00|1.0|calendar_drop_friday_h9_tp06_sl065,2024-07-04 09:00:00+00:00,STAGE28A,data/reports/stage28a_discovery_factory_batch_runner/stage28a_exact_trades.csv,calendar_time_risk_proxy_v1,calendar_drop_friday_h9_tp06_sl065,0.8470000000001164,-0.2029999999998835,-0.9029999999998832,0,0,0,0,0.2029999999998835,38.039999999999964,6.5900000000001455,0.12139605462824951,9.259999999999764,0.0377969762419409,3.0599999999999454,4.768499999999972,0.396,1.0,,,9,3,7.0,2024
2024-07-05 23:45:00+00:00|1.0|calendar_drop_friday_h9_tp06_sl065,2024-07-05 23:45:00+00:00,STAGE28A,data/reports/stage28a_discovery_factory_batch_runner/stage28a_exact_trades.csv,calendar_time_risk_proxy_v1,calendar_drop_friday_h9_tp06_sl065,-0.35,-1.4,-2.1,0,0,0,0,1.4,12.179999999999836,8.960000000000036,0.49218750000003253,6.680000000000291,0.08532934131731798,4.789999999999964,6.13900000000001,0.904,1.0,,,9,4,7.0,2024
2024-07-08 09:00:00+00:00|-1.0|calendar_drop_friday_h9_tp06_sl065,2024-07-08 09:00:00+00:00,STAGE28A,data/reports/stage28a_discovery_factory_batch_runner/stage28a_exact_trades.csv,calendar_time_risk_proxy_v1,calendar_drop_friday_h9_tp06_sl065,0.9277000000000952,-0.1222999999999046,-0.8222999999999043,0,0,0,0,0.1222999999999046,5.289999999999964,10.420000000000073,0.22936660268716993,18.5,0.6929729729729818,5.190000000000055,6.450499999999965,0.936,-1.0,,,9,0,7.0,2024
2024-07-09 09:00:00+00:00|-1.0|calendar_drop_friday_h9_tp06_sl065,2024-07-09 09:00:00+00:00,STAGE28A,data/reports/stage28a_discovery_factory_batch_runner/stage28a_exact_trades.csv,calendar_time_risk_proxy_v1,calendar_drop_friday_h9_tp06_sl065,0.8958999999998923,-0.1541000000001076,-0.8541000000001073,0,0,0,0,0.1541000000001076,40.36999999999989,9.490000000000236,0.8303477344573144,10.409999999999854,0.3170028818443586,4.179999999999836,5.163499999999976,0.592,-1.0,,,9,1,7.0,2024
2024-07-10 09:00:00+00:00|1.0|calendar_drop_friday_h9_tp06_sl065,2024-07-10 09:00:00+00:00,STAGE28A,data/reports/stage28a_discovery_factory_batch_runner/stage28a_exact_trades.csv,calendar_time_risk_proxy_v1,calendar_drop_friday_h9_tp06_sl065,0.794800000000032,-0.2551999999999679,-0.9551999999999676,0,0,0,0,0.2551999999999679,22.20999999999958,7.329999999999927,0.5184174624829767,8.309999999999945,0.4500601684716975,2.949999999999818,4.9705000000000155,0.474,1.0,,,9,2,7.0,2024
2024-07-11 09:00:00+00:00|1.0|calendar_drop_friday_h9_tp06_sl065,2024-07-11 09:00:00+00:00,STAGE28A,data/reports/stage28a_discovery_factory_batch_runner/stage28a_exact_trades.csv,calendar_time_risk_proxy_v1,calendar_drop_friday_h9_tp06_sl065,0.5685999999999695,-0.4814000000000304,-1.1814000000000302,0,0,0,0,0.4814000000000304,23.670000000000073,9.08999999999969,0.6567656765677071,6.099999999999909,0.8606557377049309,1.7900000000004184,4.209500000000025,0.232,1.0,,,9,3,7.0,2024
2024-07-12 23:45:00+00:00|1.0|calendar_drop_friday_h9_tp06_sl065,2024-07-12 23:45:00+00:00,STAGE28A,data/reports/stage28a_discovery_factory_batch_runner/stage28a_exact_trades.csv,calendar_time_risk_proxy_v1,calendar_drop_friday_h9_tp06_sl065,-0.35,-1.4,-2.1,0,0,0,0,1.4,53.38999999999987,9.550000000000182,0.5350785340313692,9.760000000000218,0.3893442622950453,2.5700000000001637,5.277500000000032,0.656,1.0,,,9,4,7.0,2024
2024-07-15 09:00:00+00:00|1.0|calendar_drop_friday_h9_tp06_sl065,2024-07-15 09:00:00+00:00,STAGE28A,data/reports/stage28a_discovery_factory_batch_runner/stage28a_exact_trades.csv,calendar_time_risk_proxy_v1,calendar_drop_friday_h9_tp06_sl065,0.8331999999999425,-0.2168000000000574,-0.9168000000000572,0,0,0,0,0.2168000000000574,7.980000000000018,9.950000000000273,0.40703517587940413,12.690000000000055,0.06619385342790716,6.059999999999945,5.042500000000018,0.492,1.0,,,9,0,7.0,2024
2024-07-16 09:00:00+00:00|1.0|calendar_drop_friday_h9_tp06_sl065,2024-07-16 09:00:00+00:00,STAGE28A,data/reports/stage28a_discovery_factory_batch_runner/stage28a_exact_trades.csv,calendar_time_risk_proxy_v1,calendar_drop_friday_h9_tp06_sl065,1.1197000000001025,0.0697000000001026,-0.630299999999897,1,0,0,0,0.0697000000001026,38.409999999999854,11.559999999999945,0.6643598615916845,18.269999999999982,0.75478927203065,4.639999999999873,5.41700000000003,0.684,1.0,,,9,1,7.0,2024
2024-07-17 09:00:00+00:00|1.0|calendar_drop_friday_h9_tp06_sl065,2024-07-17 09:00:00+00:00,STAGE28A,data/reports/stage28a_discovery_factory_batch_runner/stage28a_exact_trades.csv,calendar_time_risk_proxy_v1,calendar_drop_friday_h9_tp06_sl065,-2.9701500000001944,-4.020150000000195,-4.720150000000194,0,0,0,1,4.020150000000195,49.659999999999854,18.299999999999727,0.15191256830602412,17.019999999999982,0.18801410105759556,5.5900000000001455,7.71400000000001,0.992,1.0,,,9,2,7.0,2024
2024-07-18 09:00:00+00:00|-1.0|calendar_drop_friday_h9_tp06_sl065,2024-07-18 09:00:00+00:00,STAGE28A,data/reports/stage28a_discovery_factory_batch_runner/stage28a_exact_trades.csv,calendar_time_risk_proxy_v1,calendar_drop_friday_h9_tp06_sl065,1.1845000000002073,0.1345000000002074,-0.5654999999997923,1,0,0,0,0.1345000000002074,32.25999999999976,11.519999999999982,0.7647569444444409,10.329999999999927,0.23523717328168958,4.920000000000073,6.605000000000041,0.796,-1.0,,,9,3,7.0,2024
2024-07-19 23:45:00+00:00|1.0|calendar_drop_friday_h9_tp06_sl065,2024-07-19 23:45:00+00:00,STAGE28A,data/reports/stage28a_discovery_factory_batch_runner/stage28a_exact_trades.csv,calendar_time_risk_proxy_v1,calendar_drop_friday_h9_tp06_sl065,-1.836225000000104,-2.886225000000104,-3.586225000000104,0,0,0,0,2.886225000000104,34.84999999999991,24.679999999999836,0.6288492706645091,16.5,0.7678787878787923,3.119999999999891,7.5514999999999874,0.932,1.0,,,9,4,7.0,2024
2024-07-22 09:00:00+00:00|-1.0|calendar_drop_friday_h9_tp06_sl065,2024-07-22 09:00:00+00:00,STAGE28A,data/reports/stage28a_discovery_factory_batch_runner/stage28a_exact_trades.csv,calendar_time_risk_proxy_v1,calendar_drop_friday_h9_tp06_sl065,-2.118000000000029,-3.168000000000029,-3.8680000000000287,0,0,0,1,3.168000000000029,11.319999999999709,11.819999999999709,0.38494077834181845,8.450000000000273,0.2816568047337316,4.440000000000055,6.155999999999972,0.604,-1.0,,,9,0,7.0,2024
2024-07-23 09:00:00+00:00|1.0|calendar_drop_friday_h9_tp06_sl065,2024-07-23 09:00:00+00:00,STAGE28A,data/reports/stage28a_discovery_factory_batch_runner/stage28a_exact_trades.csv,calendar_time_risk_proxy_v1,calendar_drop_friday_h9_tp06_sl065,1.1764000000001942,0.1264000000001943,-0.5735999999998054,1,0,0,0,0.1264000000001943,28.23999999999978,9.199999999999818,0.34239130434784276,20.019999999999982,0.43806193806193755,6.079999999999927,5.550500000000056,0.456,1.0,,,9,1,7.0,2024
2024-07-24 09:00:00+00:00|-1.0|calendar_drop_friday_h9_tp06_sl065,2024-07-24 09:00:00+00:00,STAGE28A,data/reports/stage28a_discovery_factory_batch_runner/stage28a_exact_trades.csv,calendar_time_risk_proxy_v1,calendar_drop_friday_h9_tp06_sl065,1.46230000000005,0.4123000000000503,-0.2876999999999494,1,0,1,0,0.4123000000000503,23.950000000000273,13.399999999999636,0.53358208955226,9.379999999999654,0.32622601279323166,4.9099999999998545,4.564999999999964,0.114,-1.0,,,9,2,7.0,2024
2024-07-25 09:00:00+00:00|-1.0|calendar_drop_friday_h9_tp06_sl065,2024-07-25 09:00:00+00:00,STAGE28A,data/reports/stage28a_discovery_factory_batch_runner/stage28a_exact_trades.csv,calendar_time_risk_proxy_v1,calendar_drop_friday_h9_tp06_sl065,2.891199999999935,1.8411999999999356,1.1411999999999356,1,1,1,0,1.8411999999999356,35.4699999999998,34.38999999999987,0.6685082872928138,12.909999999999854,0.0859798605732099,8.779999999999745,8.365999999999962,0.98,-1.0,,,9,3,7.0,2024
2024-07-26 23:45:00+00:00|1.0|calendar_drop_friday_h9_tp06_sl065,2024-07-26 23:45:00+00:00,STAGE28A,data/reports/stage28a_discovery_factory_batch_runner/stage28a_exact_trades.csv,calendar_time_risk_proxy_v1,calendar_drop_friday_h9_tp06_sl065,-0.35,-1.4,-2.1,0,0,0,0,1.4,48.190000000000055,23.550000000000182,0.36390658174096147,10.0300000000002,0.19541375872382824,4.369999999999891,6.606999999999948,0.612,1.0,,,9,4,7.0,2024
2024-07-29 09:00:00+00:00|-1.0|calendar_drop_friday_h9_tp06_sl065,2024-07-29 09:00:00+00:00,STAGE28A,data/reports/stage28a_discovery_factory_batch_runner/stage28a_exact_trades.csv,calendar_time_risk_proxy_v1,calendar_drop_friday_h9_tp06_sl065,1.258900000000176,0.2089000000001761,-0.4910999999998235,1,0,1,0,0.2089000000001761,16.730000000000018,16.730000000000018,0.06933652121938481,9.190000000000055,0.17954298150159156,5.900000000000091,7.040999999999985,0.736,-1.0,,,9,0,7.0,2024
2024-07-30 09:00:00+00:00|1.0|calendar_drop_friday_h9_tp06_sl065,2024-07-30 09:00:00+00:00,STAGE28A,data/reports/stage28a_discovery_factory_batch_runner/stage28a_exact_trades.csv,calendar_time_risk_proxy_v1,calendar_drop_friday_h9_tp06_sl065,1.08730000000005,0.0373000000000502,-0.6626999999999494,1,0,0,0,0.0373000000000502,33.460000000000036,9.460000000000036,0.18181818181820805,6.4099999999998545,0.5397815912636684,3.7899999999999636,5.608000000000038,0.264,1.0,,,9,1,7.0,2024
2024-07-31 09:00:00+00:00|1.0|calendar_drop_friday_h9_tp06_sl065,2024-07-31 09:00:00+00:00,STAGE28A,data/reports/stage28a_discovery_factory_batch_runner/stage28a_exact_trades.csv,calendar_time_risk_proxy_v1,calendar_drop_friday_h9_tp06_sl065,1.7454999999999017,0.6954999999999019,-0.0045000000000978,1,0,1,0,0.6954999999999019,36.43000000000029,15.139999999999873,0.47159841479523995,10.990000000000236,0.4003639672429478,4.779999999999745,6.390500000000065,0.512,1.0,,,9,2,7.0,2024
2024-08-01 09:00:00+00:00|-1.0|calendar_drop_friday_h9_tp06_sl065,2024-08-01 09:00:00+00:00,STAGE28A,data/reports/stage28a_discovery_factory_batch_runner/stage28a_exact_trades.csv,calendar_time_risk_proxy_v1,calendar_drop_friday_h9_tp06_sl065,-2.711124999999902,-3.7611249999999017,-4.461124999999901,0,0,0,1,3.7611249999999017,46.98999999999978,20.950000000000273,0.23293556085919073,18.829999999999927,0.5268189060010439,4.349999999999909,7.0049999999999955,0.776,-1.0,,,9,3,8.0,2024
2024-08-02 23:45:00+00:00|1.0|calendar_drop_friday_h9_tp06_sl065,2024-08-02 23:45:00+00:00,STAGE28A,data/reports/stage28a_discovery_factory_batch_runner/stage28a_exact_trades.csv,calendar_time_risk_proxy_v1,calendar_drop_friday_h9_tp06_sl065,-0.35,-1.4,-2.1,0,0,0,0,1.4,32.190000000000055,24.539999999999964,0.3793806030970014,14.139999999999873,0.6605374823196768,12.329999999999927,11.997500000000036,1.0,1.0,,,9,4,8.0,2024
2024-08-05 09:00:00+00:00|-1.0|calendar_drop_friday_h9_tp06_sl065,2024-08-05 09:00:00+00:00,STAGE28A,data/reports/stage28a_discovery_factory_batch_runner/stage28a_exact_trades.csv,calendar_time_risk_proxy_v1,calendar_drop_friday_h9_tp06_sl065,-4.342949999999837,-5.392949999999837,-6.092949999999837,0,0,0,1,5.392949999999837,9.230000000000018,38.48999999999978,0.24941543257990176,39.67000000000007,0.6765817998487547,20.240000000000236,14.849500000000058,1.0,-1.0,,,9,0,8.0,2024
2024-08-06 09:00:00+00:00|1.0|calendar_drop_friday_h9_tp06_sl065,2024-08-06 09:00:00+00:00,STAGE28A,data/reports/stage28a_discovery_factory_batch_runner/stage28a_exact_trades.csv,calendar_time_risk_proxy_v1,calendar_drop_friday_h9_tp06_sl065,1.908400000000165,0.8584000000001653,0.1584000000001655,1,1,1,0,0.8584000000001653,94.65999999999985,13.960000000000036,0.005014326647576184,20.720000000000255,0.20945945945944197,13.66000000000031,11.170500000000107,0.856,1.0,,,9,1,8.0,2024
2024-08-07 09:00:00+00:00|1.0|calendar_drop_friday_h9_tp06_sl065,2024-08-07 09:00:00+00:00,STAGE28A,data/reports/stage28a_discovery_factory_batch_runner/stage28a_exact_trades.csv,calendar_time_risk_proxy_v1,calendar_drop_friday_h9_tp06_sl065,-2.755975000000126,-3.805975000000126,-4.5059750000001255,0,0,0,1,3.805975000000126,36.63000000000011,11.710000000000036,0.22715627668657953,11.829999999999927,0.7007607776838558,7.600000000000364,7.6580000000000155,0.584,1.0,,,9,2,8.0,2024
2024-08-08 09:00:00+00:00|1.0|calendar_drop_friday_h9_tp06_sl065,2024-08-08 09:00:00+00:00,STAGE28A,data/reports/stage28a_discovery_factory_batch_runner/stage28a_exact_trades.csv,calendar_time_risk_proxy_v1,calendar_drop_friday_h9_tp06_sl065,-2.1043500000001587,-3.1543500000001585,-3.8543500000001583,0,0,0,1,3.1543500000001585,28.01000000000022,14.150000000000091,0.7519434628975127,15.019999999999982,0.1291611185086589,3.019999999999982,5.954000000000019,0.148,1.0,,,9,3,8.0,2024
2024-08-09 23:45:00+00:00|1.0|calendar_drop_friday_h9_tp06_sl065,2024-08-09 23:45:00+00:00,STAGE28A,data/reports/stage28a_discovery_factory_batch_runner/stage28a_exact_trades.csv,calendar_time_risk_proxy_v1,calendar_drop_friday_h9_tp06_sl065,-0.35,-1.4,-2.1,0,0,0,0,1.4,47.190000000000055,9.679999999999836,0.4845041322314188,10.159999999999854,0.24606299212598778,2.6900000000000546,6.089499999999998,0.224,1.0,,,9,4,8.0,2024
2024-08-12 09:00:00+00:00|1.0|calendar_drop_friday_h9_tp06_sl065,2024-08-12 09:00:00+00:00,STAGE28A,data/reports/stage28a_discovery_factory_batch_runner/stage28a_exact_trades.csv,calendar_time_risk_proxy_v1,calendar_drop_friday_h9_tp06_sl065,-1.8225750000002336,-2.872575000000233,-3.572575000000233,0,0,0,0,2.872575000000233,6.519999999999982,9.389999999999873,0.19914802981894741,16.960000000000036,0.8384433962264283,5.929999999999836,5.5110000000000126,0.072,1.0,,,9,0,8.0,2024
2024-08-13 09:00:00+00:00|-1.0|calendar_drop_friday_h9_tp06_sl065,2024-08-13 09:00:00+00:00,STAGE28A,data/reports/stage28a_discovery_factory_batch_runner/stage28a_exact_trades.csv,calendar_time_risk_proxy_v1,calendar_drop_friday_h9_tp06_sl065,-2.1667499999999564,-3.2167499999999563,-3.916749999999956,0,0,0,1,3.2167499999999563,50.149999999999636,16.190000000000055,0.6331068560840003,7.660000000000309,0.3694516971279129,5.8400000000001455,6.060000000000036,0.34,-1.0,,,9,1,8.0,2024
2024-08-14 09:00:00+00:00|1.0|calendar_drop_friday_h9_tp06_sl065,2024-08-14 09:00:00+00:00,STAGE28A,data/reports/stage28a_discovery_factory_batch_runner/stage28a_exact_trades.csv,calendar_time_risk_proxy_v1,calendar_drop_friday_h9_tp06_sl065,1.288899999999921,0.2388999999999215,-0.4611000000000782,1,0,1,0,0.2388999999999215,18.51000000000022,17.210000000000036,0.2719349215572505,19.289999999999964,0.6174183514774431,3.269999999999982,5.4965000000000375,0.1,1.0,,,9,2,8.0,2024
2024-08-15 09:00:00+00:00|1.0|calendar_drop_friday_h9_tp06_sl065,2024-08-15 09:00:00+00:00,STAGE28A,data/reports/stage28a_discovery_factory_batch_runner/stage28a_exact_trades.csv,calendar_time_risk_proxy_v1,calendar_drop_friday_h9_tp06_sl065,-1.7253999999998997,-2.7753999999998995,-3.4753999999998992,0,0,0,0,2.7753999999998995,41.86000000000013,7.900000000000091,0.7367088607595059,8.480000000000018,0.36320754716980197,4.710000000000036,6.20150000000001,0.364,1.0,,,9,3,8.0,2024
2024-08-16 23:45:00+00:00|1.0|calendar_drop_friday_h9_tp06_sl065,2024-08-16 23:45:00+00:00,STAGE28A,data/reports/stage28a_discovery_factory_batch_runner/stage28a_exact_trades.csv,calendar_time_risk_proxy_v1,calendar_drop_friday_h9_tp06_sl065,-0.35,-1.4,-2.1,0,0,0,0,1.4,37.90000000000009,9.2199999999998,0.26030368763559036,13.390000000000327,0.8110530246452473,7.3100000000004,7.434000000000128,0.724,1.0,,,9,4,8.0,2024
2024-08-19 09:00:00+00:00|-1.0|calendar_drop_friday_h9_tp06_sl065,2024-08-19 09:00:00+00:00,STAGE28A,data/reports/stage28a_discovery_factory_batch_runner/stage28a_exact_trades.csv,calendar_time_risk_proxy_v1,calendar_drop_friday_h9_tp06_sl065,1.4976999999998042,0.4476999999998043,-0.2523000000001953,1,0,1,0,0.4476999999998043,7.760000000000218,14.5,0.1165517241379348,8.319999999999709,0.3978365384615458,3.3600000000001273,8.165000000000054,0.804,-1.0,,,9,0,8.0,2024
2024-08-20 09:00:00+00:00|1.0|calendar_drop_friday_h9_tp06_sl065,2024-08-20 09:00:00+00:00,STAGE28A,data/reports/stage28a_discovery_factory_batch_runner/stage28a_exact_trades.csv,calendar_time_risk_proxy_v1,calendar_drop_friday_h9_tp06_sl065,1.0878999999998995,0.0378999999998996,-0.6621000000001,1,0,0,0,0.0378999999998996,23.800000000000182,9.5,0.2642105263157646,27.909999999999854,0.7115729129344404,4.279999999999745,5.118999999999983,0.072,1.0,,,9,1,8.0,2024
2024-08-21 09:00:00+00:00|-1.0|calendar_drop_friday_h9_tp06_sl065,2024-08-21 09:00:00+00:00,STAGE28A,data/reports/stage28a_discovery_factory_batch_runner/stage28a_exact_trades.csv,calendar_time_risk_proxy_v1,calendar_drop_friday_h9_tp06_sl065,-2.14464999999982,-3.1946499999998195,-3.894649999999819,0,0,0,1,3.1946499999998195,34.36999999999989,9.070000000000164,0.2987872105843426,15.009999999999764,0.7854763491006096,3.5100000000002183,6.192000000000076,0.496,-1.0,,,9,2,8.0,2024
2024-08-22 09:00:00+00:00|1.0|calendar_drop_friday_h9_tp06_sl065,2024-08-22 09:00:00+00:00,STAGE28A,data/reports/stage28a_discovery_factory_batch_runner/stage28a_exact_trades.csv,calendar_time_risk_proxy_v1,calendar_drop_friday_h9_tp06_sl065,-2.0673000000002504,-3.11730000000025,-3.81730000000025,0,0,0,1,3.11730000000025,26.590000000000146,14.809999999999945,0.7758271438217609,11.340000000000146,0.4276895943562876,5.580000000000382,6.197000000000003,0.528,1.0,,,9,3,8.0,2024
2024-08-23 23:45:00+00:00|1.0|calendar_drop_friday_h9_tp06_sl065,2024-08-23 23:45:00+00:00,STAGE28A,data/reports/stage28a_discovery_factory_batch_runner/stage28a_exact_trades.csv,calendar_time_risk_proxy_v1,calendar_drop_friday_h9_tp06_sl065,-0.35,-1.4,-2.1,0,0,0,0,1.4,44.07999999999993,10.150000000000091,0.8068965517241361,11.450000000000273,0.5152838427947157,4.869999999999891,5.832000000000017,0.396,1.0,,,9,4,8.0,2024
2024-08-26 09:00:00+00:00|1.0|calendar_drop_friday_h9_tp06_sl065,2024-08-26 09:00:00+00:00,STAGE28A,data/reports/stage28a_discovery_factory_batch_runner/stage28a_exact_trades.csv,calendar_time_risk_proxy_v1,calendar_drop_friday_h9_tp06_sl065,0.7645000000001346,-0.2854999999998653,-0.985499999999865,0,0,0,0,0.2854999999998653,3.9699999999998,7.550000000000182,0.3894039735099316,17.070000000000164,0.8904510837727081,2.580000000000382,5.449999999999977,0.224,1.0,,,9,0,8.0,2024
2024-08-27 09:00:00+00:00|1.0|calendar_drop_friday_h9_tp06_sl065,2024-08-27 09:00:00+00:00,STAGE28A,data/reports/stage28a_discovery_factory_batch_runner/stage28a_exact_trades.csv,calendar_time_risk_proxy_v1,calendar_drop_friday_h9_tp06_sl065,-1.910649999999896,-2.960649999999896,-3.660649999999896,0,0,0,0,2.960649999999896,18.050000000000182,11.989999999999782,0.6905754795662966,13.979999999999563,0.006437768240353958,7.190000000000055,4.811000000000012,0.096,1.0,,,9,1,8.0,2024
2024-08-28 09:00:00+00:00|-1.0|calendar_drop_friday_h9_tp06_sl065,2024-08-28 09:00:00+00:00,STAGE28A,data/reports/stage28a_discovery_factory_batch_runner/stage28a_exact_trades.csv,calendar_time_risk_proxy_v1,calendar_drop_friday_h9_tp06_sl065,1.165899999999874,0.1158999999998742,-0.5841000000001255,1,0,0,0,0.1158999999998742,22.4399999999996,15.88000000000011,0.6190176322418047,12.849999999999909,0.4513618677042621,6.190000000000055,5.527000000000044,0.332,-1.0,,,9,2,8.0,2024
2024-08-29 09:00:00+00:00|1.0|calendar_drop_friday_h9_tp06_sl065,2024-08-29 09:00:00+00:00,STAGE28A,data/reports/stage28a_discovery_factory_batch_runner/stage28a_exact_trades.csv,calendar_time_risk_proxy_v1,calendar_drop_friday_h9_tp06_sl065,-1.6776249999998982,-2.727624999999898,-3.427624999999898,0,0,0,0,2.727624999999898,35.45000000000027,12.860000000000127,0.7449455676516199,10.539999999999964,0.5910815939278975,6.129999999999654,5.296499999999992,0.276,1.0,,,9,3,8.0,2024
2024-08-30 23:45:00+00:00|1.0|calendar_drop_friday_h9_tp06_sl065,2024-08-30 23:45:00+00:00,STAGE28A,data/reports/stage28a_discovery_factory_batch_runner/stage28a_exact_trades.csv,calendar_time_risk_proxy_v1,calendar_drop_friday_h9_tp06_sl065,-0.35,-1.4,-2.1,0,0,0,0,1.4,25.059999999999945,9.490000000000236,0.7766069546891157,14.860000000000127,0.7301480484522084,5.6599999999998545,6.474500000000035,0.8,1.0,,,9,4,8.0,2024
2024-09-02 09:00:00+00:00|1.0|calendar_drop_friday_h9_tp06_sl065,2024-09-02 09:00:00+00:00,STAGE28A,data/reports/stage28a_discovery_factory_batch_runner/stage28a_exact_trades.csv,calendar_time_risk_proxy_v1,calendar_drop_friday_h9_tp06_sl065,-2.09265000000014,-3.14265000000014,-3.8426500000001393,0,0,0,1,3.14265000000014,3.4899999999997817,14.970000000000255,0.4736138944555795,12.0,0.2233333333333197,3.25,5.663500000000022,0.496,1.0,,,9,0,9.0,2024
2024-09-03 09:00:00+00:00|1.0|calendar_drop_friday_h9_tp06_sl065,2024-09-03 09:00:00+00:00,STAGE28A,data/reports/stage28a_discovery_factory_batch_runner/stage28a_exact_trades.csv,calendar_time_risk_proxy_v1,calendar_drop_friday_h9_tp06_sl065,-1.8485750000000736,-2.8985750000000734,-3.598575000000073,0,0,0,0,2.8985750000000734,17.240000000000236,10.08999999999969,0.2775024777007203,13.659999999999854,0.4612005856515223,3.2199999999998,3.45799999999997,0.004,1.0,,,9,1,9.0,2024
2024-09-04 09:00:00+00:00|-1.0|calendar_drop_friday_h9_tp06_sl065,2024-09-04 09:00:00+00:00,STAGE28A,data/reports/stage28a_discovery_factory_batch_runner/stage28a_exact_trades.csv,calendar_time_risk_proxy_v1,calendar_drop_friday_h9_tp06_sl065,-1.505699999999797,-2.555699999999797,-3.2556999999997966,0,0,0,0,2.555699999999797,32.80000000000018,5.679999999999836,0.32922535211266635,24.890000000000327,0.5355564483728488,3.8099999999999454,6.812999999999988,0.904,-1.0,,,9,2,9.0,2024
2024-09-05 09:00:00+00:00|1.0|calendar_drop_friday_h9_tp06_sl065,2024-09-05 09:00:00+00:00,STAGE28A,data/reports/stage28a_discovery_factory_batch_runner/stage28a_exact_trades.csv,calendar_time_risk_proxy_v1,calendar_drop_friday_h9_tp06_sl065,-1.5875999999999295,-2.6375999999999293,-3.337599999999929,0,0,0,0,2.6375999999999293,28.620000000000346,4.880000000000109,0.08811475409832514,23.409999999999854,0.8821016659547296,8.38000000000011,4.761500000000046,0.172,1.0,,,9,3,9.0,2024
2024-09-06 23:45:00+00:00|1.0|calendar_drop_friday_h9_tp06_sl065,2024-09-06 23:45:00+00:00,STAGE28A,data/reports/stage28a_discovery_factory_batch_runner/stage28a_exact_trades.csv,calendar_time_risk_proxy_v1,calendar_drop_friday_h9_tp06_sl065,-0.35,-1.4,-2.1,0,0,0,0,1.4,29.690000000000055,5.369999999999891,0.3873370577281135,6.360000000000127,0.14622641509431095,6.170000000000073,7.743499999999995,1.0,1.0,,,9,4,9.0,2024
2024-09-09 09:00:00+00:00|-1.0|calendar_drop_friday_h9_tp06_sl065,2024-09-09 09:00:00+00:00,STAGE28A,data/reports/stage28a_discovery_factory_batch_runner/stage28a_exact_trades.csv,calendar_time_risk_proxy_v1,calendar_drop_friday_h9_tp06_sl065,0.8497000000001208,-0.2002999999998791,-0.9002999999998789,0,0,0,0,0.2002999999998791,2.3200000000001637,5.6599999999998545,0.2473498233215772,13.860000000000127,0.20923520923521388,10.779999999999745,7.95799999999997,1.0,-1.0,,,9,0,9.0,2024
2024-09-10 09:00:00+00:00|-1.0|calendar_drop_friday_h9_tp06_sl065,2024-09-10 09:00:00+00:00,STAGE28A,data/reports/stage28a_discovery_factory_batch_runner/stage28a_exact_trades.csv,calendar_time_risk_proxy_v1,calendar_drop_friday_h9_tp06_sl065,0.5856999999999971,-0.4643000000000028,-1.1643000000000026,0,0,0,0,0.4643000000000028,21.75,6.220000000000255,0.7202572347266616,7.599999999999909,0.4552631578947471,4.1899999999996,4.343499999999972,0.104,-1.0,,,9,1,9.0,2024
2024-09-11 09:00:00+00:00|1.0|calendar_drop_friday_h9_tp06_sl065,2024-09-11 09:00:00+00:00,STAGE28A,data/reports/stage28a_discovery_factory_batch_runner/stage28a_exact_trades.csv,calendar_time_risk_proxy_v1,calendar_drop_friday_h9_tp06_sl065,-1.7253999999998997,-2.7753999999998995,-3.4753999999998992,0,0,0,0,2.7753999999998995,18.289999999999964,7.5300000000002,0.3917662682602576,10.460000000000036,0.35946462715107125,3.149999999999636,4.500500000000057,0.164,1.0,,,9,2,9.0,2024
2024-09-12 09:00:00+00:00|1.0|calendar_drop_friday_h9_tp06_sl065,2024-09-12 09:00:00+00:00,STAGE28A,data/reports/stage28a_discovery_factory_batch_runner/stage28a_exact_trades.csv,calendar_time_risk_proxy_v1,calendar_drop_friday_h9_tp06_sl065,0.5725000000001274,-0.4774999999998726,-1.1774999999998723,0,0,0,0,0.4774999999998726,28.09999999999991,5.139999999999873,0.5992217898832691,7.850000000000364,0.36687898089171667,2.7100000000000364,4.923499999999922,0.384,1.0,,,9,3,9.0,2024
2024-09-13 23:45:00+00:00|1.0|calendar_drop_friday_h9_tp06_sl065,2024-09-13 23:45:00+00:00,STAGE28A,data/reports/stage28a_discovery_factory_batch_runner/stage28a_exact_trades.csv,calendar_time_risk_proxy_v1,calendar_drop_friday_h9_tp06_sl065,-0.35,-1.4,-2.1,0,0,0,0,1.4,49.059999999999945,13.38000000000011,0.7825112107623104,9.980000000000018,0.0621242484970285,4.289999999999964,5.833499999999981,0.664,1.0,,,9,4,9.0,2024
2024-09-16 09:00:00+00:00|1.0|calendar_drop_friday_h9_tp06_sl065,2024-09-16 09:00:00+00:00,STAGE28A,data/reports/stage28a_discovery_factory_batch_runner/stage28a_exact_trades.csv,calendar_time_risk_proxy_v1,calendar_drop_friday_h9_tp06_sl065,0.7722999999999957,-0.2777000000000043,-0.977700000000004,0,0,0,0,0.2777000000000043,2.8299999999999272,11.409999999999854,0.550394390885213,10.070000000000164,0.08142999006948318,3.980000000000018,4.627499999999986,0.256,1.0,,,9,0,9.0,2024
2024-09-17 09:00:00+00:00|1.0|calendar_drop_friday_h9_tp06_sl065,2024-09-17 09:00:00+00:00,STAGE28A,data/reports/stage28a_discovery_factory_batch_runner/stage28a_exact_trades.csv,calendar_time_risk_proxy_v1,calendar_drop_friday_h9_tp06_sl065,-1.821599999999853,-2.871599999999853,-3.5715999999998527,0,0,0,0,2.871599999999853,14.300000000000182,9.539999999999964,0.6006289308176143,15.289999999999964,0.23806409417919433,5.010000000000218,4.73850000000009,0.32,1.0,,,9,1,9.0,2024
2024-09-18 09:00:00+00:00|-1.0|calendar_drop_friday_h9_tp06_sl065,2024-09-18 09:00:00+00:00,STAGE28A,data/reports/stage28a_discovery_factory_batch_runner/stage28a_exact_trades.csv,calendar_time_risk_proxy_v1,calendar_drop_friday_h9_tp06_sl065,-1.702324999999837,-2.752324999999837,-3.4523249999998367,0,0,0,0,2.752324999999837,26.2199999999998,8.230000000000018,0.6342648845686255,10.759999999999764,0.369888475836441,3.519999999999982,6.204499999999916,0.768,-1.0,,,9,2,9.0,2024
2024-09-19 09:00:00+00:00|1.0|calendar_drop_friday_h9_tp06_sl065,2024-09-19 09:00:00+00:00,STAGE28A,data/reports/stage28a_discovery_factory_batch_runner/stage28a_exact_trades.csv,calendar_time_risk_proxy_v1,calendar_drop_friday_h9_tp06_sl065,-2.3451750000000176,-3.3951750000000174,-4.095175000000017,0,0,0,1,3.3951750000000174,53.19999999999982,15.420000000000073,0.30998702983136983,35.34999999999991,0.7932107496463943,10.66000000000031,9.074000000000023,1.0,1.0,,,9,3,9.0,2024
2024-09-20 23:45:00+00:00|1.0|calendar_drop_friday_h9_tp06_sl065,2024-09-20 23:45:00+00:00,STAGE28A,data/reports/stage28a_discovery_factory_batch_runner/stage28a_exact_trades.csv,calendar_time_risk_proxy_v1,calendar_drop_friday_h9_tp06_sl065,-0.35,-1.4,-2.1,0,0,0,0,1.4,43.789999999999964,8.75,0.41142857142856104,21.419999999999618,0.6984126984127126,2.630000000000109,6.5069999999999935,0.716,1.0,,,9,4,9.0,2024
2024-09-23 09:00:00+00:00|-1.0|calendar_drop_friday_h9_tp06_sl065,2024-09-23 09:00:00+00:00,STAGE28A,data/reports/stage28a_discovery_factory_batch_runner/stage28a_exact_trades.csv,calendar_time_risk_proxy_v1,calendar_drop_friday_h9_tp06_sl065,1.1631999999998697,0.1131999999998698,-0.5868000000001299,1,0,0,0,0.1131999999998698,3.6200000000003456,14.989999999999782,0.5376917945297209,17.51000000000022,0.39634494574528656,4.440000000000055,5.547999999999979,0.54,-1.0,,,9,0,9.0,2024
2024-09-24 09:00:00+00:00|-1.0|calendar_drop_friday_h9_tp06_sl065,2024-09-24 09:00:00+00:00,STAGE28A,data/reports/stage28a_discovery_factory_batch_runner/stage28a_exact_trades.csv,calendar_time_risk_proxy_v1,calendar_drop_friday_h9_tp06_sl065,1.3992999999999485,0.3492999999999484,-0.3507000000000513,1,0,1,0,0.3492999999999484,21.01000000000022,12.349999999999909,0.5344129554655837,17.549999999999727,0.1908831908832146,14.929999999999836,4.801000000000068,0.284,-1.0,,,9,1,9.0,2024
2024-09-25 09:00:00+00:00|-1.0|calendar_drop_friday_h9_tp06_sl065,2024-09-25 09:00:00+00:00,STAGE28A,data/reports/stage28a_discovery_factory_batch_runner/stage28a_exact_trades.csv,calendar_time_risk_proxy_v1,calendar_drop_friday_h9_tp06_sl065,-2.74850000000024,-3.79850000000024,-4.49850000000024,0,0,0,1,3.79850000000024,41.76999999999998,15.13000000000011,0.15333773959019778,10.159999999999854,0.4498031496063218,5.429999999999836,7.0539999999999505,0.848,-1.0,,,9,2,9.0,2024
2024-09-26 09:00:00+00:00|1.0|calendar_drop_friday_h9_tp06_sl065,2024-09-26 09:00:00+00:00,STAGE28A,data/reports/stage28a_discovery_factory_batch_runner/stage28a_exact_trades.csv,calendar_time_risk_proxy_v1,calendar_drop_friday_h9_tp06_sl065,1.0053999999999177,-0.0446000000000821,-0.7446000000000819,0,0,0,0,0.0446000000000821,20.829999999999927,7.170000000000073,0.6094839609484382,12.570000000000164,0.49721559268098,3.6099999999996726,5.011999999999898,0.272,1.0,,,9,3,9.0,2024
2024-09-27 23:45:00+00:00|1.0|calendar_drop_friday_h9_tp06_sl065,2024-09-27 23:45:00+00:00,STAGE28A,data/reports/stage28a_discovery_factory_batch_runner/stage28a_exact_trades.csv,calendar_time_risk_proxy_v1,calendar_drop_friday_h9_tp06_sl065,-2.4212250000001405,-3.4712250000001403,-4.17122500000014,0,0,0,1,3.4712250000001403,30.809999999999945,7.579999999999927,0.14775725593666247,15.519999999999982,0.6359536082474457,7.239999999999782,7.094000000000051,0.816,1.0,,,9,4,9.0,2024
2024-09-30 09:00:00+00:00|-1.0|calendar_drop_friday_h9_tp06_sl065,2024-09-30 09:00:00+00:00,STAGE28A,data/reports/stage28a_discovery_factory_batch_runner/stage28a_exact_trades.csv,calendar_time_risk_proxy_v1,calendar_drop_friday_h9_tp06_sl065,1.3674999999997453,0.3174999999997454,-0.3825000000002543,1,0,1,0,0.3174999999997454,6.25,18.659999999999854,0.487674169346194,12.220000000000255,0.3199672667757588,4.920000000000073,7.520000000000005,0.872,-1.0,,,9,0,9.0,2024
2024-10-01 09:00:00+00:00|1.0|calendar_drop_friday_h9_tp06_sl065,2024-10-01 09:00:00+00:00,STAGE28A,data/reports/stage28a_discovery_factory_batch_runner/stage28a_exact_trades.csv,calendar_time_risk_proxy_v1,calendar_drop_friday_h9_tp06_sl065,0.8173000000000684,-0.2326999999999315,-0.9326999999999313,0,0,0,0,0.2326999999999315,41.48000000000002,7.730000000000018,0.3842173350582468,11.840000000000146,0.9045608108108028,4.819999999999709,6.110000000000037,0.456,1.0,,,9,1,10.0,2024
2024-10-02 09:00:00+00:00|-1.0|calendar_drop_friday_h9_tp06_sl065,2024-10-02 09:00:00+00:00,STAGE28A,data/reports/stage28a_discovery_factory_batch_runner/stage28a_exact_trades.csv,calendar_time_risk_proxy_v1,calendar_drop_friday_h9_tp06_sl065,-2.051050000000123,-3.101050000000123,-3.8010500000001226,0,0,0,1,3.101050000000123,41.01000000000022,7.730000000000018,0.862871927554988,12.019999999999982,0.20632279534109998,11.680000000000291,7.150000000000046,0.744,-1.0,,,9,2,10.0,2024
2024-10-03 09:00:00+00:00|-1.0|calendar_drop_friday_h9_tp06_sl065,2024-10-03 09:00:00+00:00,STAGE28A,data/reports/stage28a_discovery_factory_batch_runner/stage28a_exact_trades.csv,calendar_time_risk_proxy_v1,calendar_drop_friday_h9_tp06_sl065,0.9138999999999214,-0.1361000000000785,-0.8361000000000782,0,0,0,0,0.1361000000000785,22.240000000000236,9.679999999999836,0.3615702479338904,16.659999999999854,0.6818727490996535,4.7599999999997635,5.4365000000000006,0.256,-1.0,,,9,3,10.0,2024
2024-10-04 23:45:00+00:00|1.0|calendar_drop_friday_h9_tp06_sl065,2024-10-04 23:45:00+00:00,STAGE28A,data/reports/stage28a_discovery_factory_batch_runner/stage28a_exact_trades.csv,calendar_time_risk_proxy_v1,calendar_drop_friday_h9_tp06_sl065,-0.35,-1.4,-2.1,0,0,0,0,1.4,25.61999999999989,9.210000000000036,0.5570032573289999,11.019999999999982,0.33212341197820877,9.279999999999745,8.370000000000005,1.0,1.0,,,9,4,10.0,2024
2024-10-07 09:00:00+00:00|1.0|calendar_drop_friday_h9_tp06_sl065,2024-10-07 09:00:00+00:00,STAGE28A,data/reports/stage28a_discovery_factory_batch_runner/stage28a_exact_trades.csv,calendar_time_risk_proxy_v1,calendar_drop_friday_h9_tp06_sl065,-1.836225000000104,-2.886225000000104,-3.586225000000104,0,0,0,0,2.886225000000104,2.680000000000291,8.609999999999673,0.3832752613240775,17.8100000000004,0.5081414935429522,7.0,8.270000000000028,0.98,1.0,,,9,0,10.0,2024
2024-10-08 09:00:00+00:00|-1.0|calendar_drop_friday_h9_tp06_sl065,2024-10-08 09:00:00+00:00,STAGE28A,data/reports/stage28a_discovery_factory_batch_runner/stage28a_exact_trades.csv,calendar_time_risk_proxy_v1,calendar_drop_friday_h9_tp06_sl065,1.828899999999885,0.7788999999998851,0.0788999999998854,1,1,1,0,0.7788999999998851,22.019999999999982,15.289999999999964,0.07586657946369244,17.820000000000164,0.08810325476992982,4.839999999999691,7.160999999999899,0.76,-1.0,,,9,1,10.0,2024
2024-10-09 09:00:00+00:00|-1.0|calendar_drop_friday_h9_tp06_sl065,2024-10-09 09:00:00+00:00,STAGE28A,data/reports/stage28a_discovery_factory_batch_runner/stage28a_exact_trades.csv,calendar_time_risk_proxy_v1,calendar_drop_friday_h9_tp06_sl065,-2.187225000000217,-3.2372250000002167,-3.937225000000217,0,0,0,1,3.2372250000002167,48.34999999999991,9.390000000000327,0.5175718849840211,15.210000000000036,0.05588428665351131,8.690000000000055,7.423500000000013,0.812,-1.0,,,9,2,10.0,2024
2024-10-10 09:00:00+00:00|1.0|calendar_drop_friday_h9_tp06_sl065,2024-10-10 09:00:00+00:00,STAGE28A,data/reports/stage28a_discovery_factory_batch_runner/stage28a_exact_trades.csv,calendar_time_risk_proxy_v1,calendar_drop_friday_h9_tp06_sl065,-1.860925000000043,-2.910925000000043,-3.6109250000000426,0,0,0,0,2.910925000000043,19.230000000000018,10.960000000000036,0.2636861313868903,8.2199999999998,0.6630170316301643,2.9700000000002547,5.227000000000021,0.108,1.0,,,9,3,10.0,2024
2024-10-11 23:45:00+00:00|1.0|calendar_drop_friday_h9_tp06_sl065,2024-10-11 23:45:00+00:00,STAGE28A,data/reports/stage28a_discovery_factory_batch_runner/stage28a_exact_trades.csv,calendar_time_risk_proxy_v1,calendar_drop_friday_h9_tp06_sl065,-0.35,-1.4,-2.1,0,0,0,0,1.4,25.800000000000182,17.980000000000018,0.9566184649610567,10.989999999999782,0.6960873521383296,3.630000000000109,5.878999999999905,0.284,1.0,,,9,4,10.0,2024
2024-10-14 09:00:00+00:00|1.0|calendar_drop_friday_h9_tp06_sl065,2024-10-14 09:00:00+00:00,STAGE28A,data/reports/stage28a_discovery_factory_batch_runner/stage28a_exact_trades.csv,calendar_time_risk_proxy_v1,calendar_drop_friday_h9_tp06_sl065,1.1626000000000205,0.1126000000000204,-0.5873999999999793,1,0,0,0,0.1126000000000204,11.429999999999836,14.259999999999764,0.3709677419354875,11.480000000000018,0.24912891986063787,3.599999999999909,6.044999999999914,0.332,1.0,,,9,0,10.0,2024
2024-10-15 09:00:00+00:00|1.0|calendar_drop_friday_h9_tp06_sl065,2024-10-15 09:00:00+00:00,STAGE28A,data/reports/stage28a_discovery_factory_batch_runner/stage28a_exact_trades.csv,calendar_time_risk_proxy_v1,calendar_drop_friday_h9_tp06_sl065,-2.137174999999934,-3.1871749999999337,-3.887174999999933,0,0,0,1,3.1871749999999337,23.659999999999854,8.349999999999909,0.5185628742514939,17.829999999999927,0.448121144139081,6.289999999999964,5.220000000000004,0.084,1.0,,,9,1,10.0,2024
2024-10-16 09:00:00+00:00|1.0|calendar_drop_friday_h9_tp06_sl065,2024-10-16 09:00:00+00:00,STAGE28A,data/reports/stage28a_discovery_factory_batch_runner/stage28a_exact_trades.csv,calendar_time_risk_proxy_v1,calendar_drop_friday_h9_tp06_sl065,-2.102074999999877,-3.152074999999877,-3.8520749999998767,0,0,0,1,3.152074999999877,31.110000000000127,11.359999999999673,0.4383802816901551,17.08999999999969,0.7577530719719431,4.4699999999998,5.555999999999995,0.212,1.0,,,9,2,10.0,2024
2024-10-17 09:00:00+00:00|1.0|calendar_drop_friday_h9_tp06_sl065,2024-10-17 09:00:00+00:00,STAGE28A,data/reports/stage28a_discovery_factory_batch_runner/stage28a_exact_trades.csv,calendar_time_risk_proxy_v1,calendar_drop_friday_h9_tp06_sl065,1.3641999999998915,0.3141999999998917,-0.385800000000108,1,0,1,0,0.3141999999998917,26.559999999999945,11.63000000000011,0.2579535683576932,9.230000000000018,0.2979414951245931,6.2800000000002,5.429999999999995,0.188,1.0,,,9,3,10.0,2024
2024-10-18 23:45:00+00:00|1.0|calendar_drop_friday_h9_tp06_sl065,2024-10-18 23:45:00+00:00,STAGE28A,data/reports/stage28a_discovery_factory_batch_runner/stage28a_exact_trades.csv,calendar_time_risk_proxy_v1,calendar_drop_friday_h9_tp06_sl065,-0.35,-1.4,-2.1,0,0,0,0,1.4,23.579999999999927,20.360000000000127,0.849214145383097,12.329999999999927,0.11678832116788833,2.449999999999818,6.2260000000000675,0.608,1.0,,,9,4,10.0,2024
2024-10-21 09:00:00+00:00|-1.0|calendar_drop_friday_h9_tp06_sl065,2024-10-21 09:00:00+00:00,STAGE28A,data/reports/stage28a_discovery_factory_batch_runner/stage28a_exact_trades.csv,calendar_time_risk_proxy_v1,calendar_drop_friday_h9_tp06_sl065,-2.069575000000077,-3.119575000000077,-3.8195750000000768,0,0,0,1,3.119575000000077,4.5300000000002,13.570000000000164,0.585851142225477,13.420000000000073,0.21833084947837708,5.9900000000002365,5.248500000000104,0.124,-1.0,,,9,0,10.0,2024
2024-10-22 09:00:00+00:00|1.0|calendar_drop_friday_h9_tp06_sl065,2024-10-22 09:00:00+00:00,STAGE28A,data/reports/stage28a_discovery_factory_batch_runner/stage28a_exact_trades.csv,calendar_time_risk_proxy_v1,calendar_drop_friday_h9_tp06_sl065,-1.9057749999998124,-2.955774999999812,-3.655774999999812,0,0,0,0,2.955774999999812,26.529999999999745,14.860000000000127,0.6917900403768581,9.539999999999964,0.06918238993709193,6.110000000000127,5.894500000000039,0.46,1.0,,,9,1,10.0,2024
2024-10-23 09:00:00+00:00|1.0|calendar_drop_friday_h9_tp06_sl065,2024-10-23 09:00:00+00:00,STAGE28A,data/reports/stage28a_discovery_factory_batch_runner/stage28a_exact_trades.csv,calendar_time_risk_proxy_v1,calendar_drop_friday_h9_tp06_sl065,-1.952574999999888,-3.002574999999888,-3.702574999999888,0,0,0,0,3.002574999999888,30.76000000000022,10.180000000000291,0.1237721021611181,13.070000000000164,0.3458301453710731,4.379999999999654,5.548000000000002,0.332,1.0,,,9,2,10.0,2024
2024-10-24 09:00:00+00:00|1.0|calendar_drop_friday_h9_tp06_sl065,2024-10-24 09:00:00+00:00,STAGE28A,data/reports/stage28a_discovery_factory_batch_runner/stage28a_exact_trades.csv,calendar_time_risk_proxy_v1,calendar_drop_friday_h9_tp06_sl065,-1.8875749999998332,-2.9375749999998333,-3.637574999999833,0,0,0,0,2.9375749999998333,49.92000000000007,12.279999999999745,0.39576547231272213,16.420000000000073,0.8361753958587063,3.9400000000000546,6.275000000000046,0.792,1.0,,,9,3,10.0,2024
2024-10-25 23:45:00+00:00|1.0|calendar_drop_friday_h9_tp06_sl065,2024-10-25 23:45:00+00:00,STAGE28A,data/reports/stage28a_discovery_factory_batch_runner/stage28a_exact_trades.csv,calendar_time_risk_proxy_v1,calendar_drop_friday_h9_tp06_sl065,-0.35,-1.4,-2.1,0,0,0,0,1.4,29.029999999999745,11.730000000000018,0.7357203751065725,15.730000000000018,0.3146853146853317,4.099999999999909,5.9585000000000035,0.632,1.0,,,9,4,10.0,2024
2024-10-28 09:00:00+00:00|-1.0|calendar_drop_friday_h9_tp06_sl065,2024-10-28 09:00:00+00:00,STAGE28A,data/reports/stage28a_discovery_factory_batch_runner/stage28a_exact_trades.csv,calendar_time_risk_proxy_v1,calendar_drop_friday_h9_tp06_sl065,1.4302000000001498,0.38020000000015,-0.3197999999998497,1,0,1,0,0.38020000000015,10.010000000000218,15.480000000000018,0.062015503875941895,16.909999999999854,0.06386753400357134,7.039999999999964,6.245000000000073,0.808,-1.0,,,9,0,10.0,2024
2024-10-29 09:00:00+00:00|-1.0|calendar_drop_friday_h9_tp06_sl065,2024-10-29 09:00:00+00:00,STAGE28A,data/reports/stage28a_discovery_factory_batch_runner/stage28a_exact_trades.csv,calendar_time_risk_proxy_v1,calendar_drop_friday_h9_tp06_sl065,-2.203474999999889,-3.2534749999998893,-3.953474999999889,0,0,0,1,3.2534749999998893,21.190000000000055,18.070000000000164,0.8096292197011609,10.590000000000146,0.47969782813974104,7.579999999999927,4.893000000000006,0.088,-1.0,,,9,1,10.0,2024
2024-10-30 09:00:00+00:00|1.0|calendar_drop_friday_h9_tp06_sl065,2024-10-30 09:00:00+00:00,STAGE28A,data/reports/stage28a_discovery_factory_batch_runner/stage28a_exact_trades.csv,calendar_time_risk_proxy_v1,calendar_drop_friday_h9_tp06_sl065,1.0738000000000285,0.0238000000000284,-0.6761999999999713,1,0,0,0,0.0238000000000284,35.41000000000031,9.389999999999873,0.7518636847710374,11.7800000000002,0.0008488964346534898,8.580000000000382,5.885499999999979,0.572,1.0,,,9,2,10.0,2024
2024-10-31 09:00:00+00:00|-1.0|calendar_drop_friday_h9_tp06_sl065,2024-10-31 09:00:00+00:00,STAGE28A,data/reports/stage28a_discovery_factory_batch_runner/stage28a_exact_trades.csv,calendar_time_risk_proxy_v1,calendar_drop_friday_h9_tp06_sl065,1.1352999999998246,0.0852999999998247,-0.614700000000175,1,0,0,0,0.0852999999998247,19.139999999999873,8.029999999999745,0.2889165628891952,13.509999999999764,0.2672094744633409,6.380000000000109,5.524999999999977,0.368,-1.0,,,9,3,10.0,2024
2024-11-01 22:45:00+00:00|1.0|calendar_drop_friday_h9_tp06_sl065,2024-11-01 22:45:00+00:00,STAGE28A,data/reports/stage28a_discovery_factory_batch_runner/stage28a_exact_trades.csv,calendar_time_risk_proxy_v1,calendar_drop_friday_h9_tp06_sl065,-0.35,-1.4,-2.1,0,0,0,0,1.4,58.65000000000009,9.6899999999996,0.9195046439629182,12.86999999999989,0.20512820512819696,3.880000000000109,6.580500000000006,0.872,1.0,,,9,4,11.0,2024
2024-11-04 09:00:00+00:00|1.0|calendar_drop_friday_h9_tp06_sl065,2024-11-04 09:00:00+00:00,STAGE28A,data/reports/stage28a_discovery_factory_batch_runner/stage28a_exact_trades.csv,calendar_time_risk_proxy_v1,calendar_drop_friday_h9_tp06_sl065,-1.9876749999999448,-3.0376749999999446,-3.737674999999944,0,0,0,0,3.0376749999999446,10.75,12.879999999999654,0.19720496894410183,13.289999999999964,0.15876598946573953,5.889999999999873,6.789999999999964,0.88,1.0,,,9,0,11.0,2024
2024-11-05 09:00:00+00:00|1.0|calendar_drop_friday_h9_tp06_sl065,2024-11-05 09:00:00+00:00,STAGE28A,data/reports/stage28a_discovery_factory_batch_runner/stage28a_exact_trades.csv,calendar_time_risk_proxy_v1,calendar_drop_friday_h9_tp06_sl065,-2.213875000000008,-3.263875000000007,-3.963875000000007,0,0,0,1,3.263875000000007,18.789999999999964,13.260000000000218,0.12141779788835944,13.2800000000002,0.2567771084337201,7.230000000000018,5.1975000000000815,0.172,1.0,,,9,1,11.0,2024
2024-11-06 09:00:00+00:00|-1.0|calendar_drop_friday_h9_tp06_sl065,2024-11-06 09:00:00+00:00,STAGE28A,data/reports/stage28a_discovery_factory_batch_runner/stage28a_exact_trades.csv,calendar_time_risk_proxy_v1,calendar_drop_friday_h9_tp06_sl065,4.418799999999829,3.3687999999998284,2.6687999999998286,1,1,1,0,3.3687999999998284,25.340000000000146,18.98999999999978,0.20326487625066728,42.35999999999967,0.5153446647780948,38.0,9.56299999999992,1.0,-1.0,,,9,2,11.0,2024
2024-11-07 09:00:00+00:00|1.0|calendar_drop_friday_h9_tp06_sl065,2024-11-07 09:00:00+00:00,STAGE28A,data/reports/stage28a_discovery_factory_batch_runner/stage28a_exact_trades.csv,calendar_time_risk_proxy_v1,calendar_drop_friday_h9_tp06_sl065,-2.5587000000001354,-3.6087000000001352,-4.308700000000135,0,0,0,1,3.6087000000001352,97.4399999999996,20.88000000000011,0.45545977011492883,15.579999999999927,0.7676508344030868,6.710000000000036,11.191500000000065,0.924,1.0,,,9,3,11.0,2024
2024-11-08 23:45:00+00:00|1.0|calendar_drop_friday_h9_tp06_sl065,2024-11-08 23:45:00+00:00,STAGE28A,data/reports/stage28a_discovery_factory_batch_runner/stage28a_exact_trades.csv,calendar_time_risk_proxy_v1,calendar_drop_friday_h9_tp06_sl065,-0.35,-1.4,-2.1,0,0,0,0,1.4,66.90999999999985,17.09999999999991,0.7777777777777659,16.240000000000236,0.3232758620689608,3.630000000000109,7.134500000000048,0.708,1.0,,,9,4,11.0,2024
2024-11-11 09:00:00+00:00|-1.0|calendar_drop_friday_h9_tp06_sl065,2024-11-11 09:00:00+00:00,STAGE28A,data/reports/stage28a_discovery_factory_batch_runner/stage28a_exact_trades.csv,calendar_time_risk_proxy_v1,calendar_drop_friday_h9_tp06_sl065,1.4803000000000792,0.4303000000000794,-0.2696999999999203,1,0,1,0,0.4303000000000794,4.230000000000018,19.7199999999998,0.6866125760649139,14.38000000000011,0.7183588317107304,5.639999999999873,6.530500000000029,0.508,-1.0,,,9,0,11.0,2024
2024-11-12 09:00:00+00:00|-1.0|calendar_drop_friday_h9_tp06_sl065,2024-11-12 09:00:00+00:00,STAGE28A,data/reports/stage28a_discovery_factory_batch_runner/stage28a_exact_trades.csv,calendar_time_risk_proxy_v1,calendar_drop_friday_h9_tp06_sl065,1.778200000000106,0.7282000000001063,0.0282000000001065,1,1,1,0,0.7282000000001063,75.67999999999984,11.579999999999927,0.5397236614853229,28.460000000000036,0.7350667603654267,6.699999999999818,7.711499999999956,0.736,-1.0,,,9,1,11.0,2024
2024-11-13 09:00:00+00:00|1.0|calendar_drop_friday_h9_tp06_sl065,2024-11-13 09:00:00+00:00,STAGE28A,data/reports/stage28a_discovery_factory_batch_runner/stage28a_exact_trades.csv,calendar_time_risk_proxy_v1,calendar_drop_friday_h9_tp06_sl065,1.4452000000000225,0.3952000000000226,-0.3047999999999771,1,0,1,0,0.3952000000000226,37.48000000000002,15.940000000000055,0.4567126725219398,10.599999999999909,0.2584905660377604,3.230000000000018,6.500000000000045,0.344,1.0,,,9,2,11.0,2024
2024-11-14 09:00:00+00:00|-1.0|calendar_drop_friday_h9_tp06_sl065,2024-11-14 09:00:00+00:00,STAGE28A,data/reports/stage28a_discovery_factory_batch_runner/stage28a_exact_trades.csv,calendar_time_risk_proxy_v1,calendar_drop_friday_h9_tp06_sl065,-2.489799999999923,-3.539799999999923,-4.2397999999999225,0,0,0,1,3.539799999999923,48.070000000000164,22.389999999999873,0.25949084412684137,28.460000000000036,0.6398453970484895,8.639999999999873,8.621499999999992,0.88,-1.0,,,9,3,11.0,2024
2024-11-15 23:45:00+00:00|1.0|calendar_drop_friday_h9_tp06_sl065,2024-11-15 23:45:00+00:00,STAGE28A,data/reports/stage28a_discovery_factory_batch_runner/stage28a_exact_trades.csv,calendar_time_risk_proxy_v1,calendar_drop_friday_h9_tp06_sl065,-0.35,-1.4,-2.1,0,0,0,0,1.4,44.54999999999973,8.599999999999909,0.02325581395346747,15.809999999999945,0.039848197343460554,3.9899999999997817,7.276999999999953,0.488,1.0,,,9,4,11.0,2024
2024-11-18 09:00:00+00:00|1.0|calendar_drop_friday_h9_tp06_sl065,2024-11-18 09:00:00+00:00,STAGE28A,data/reports/stage28a_discovery_factory_batch_runner/stage28a_exact_trades.csv,calendar_time_risk_proxy_v1,calendar_drop_friday_h9_tp06_sl065,-2.159925000000021,-3.209925000000021,-3.9099250000000207,0,0,0,1,3.209925000000021,13.230000000000018,34.88000000000011,0.5997706422018351,16.840000000000146,0.1057007125890576,7.269999999999982,8.509000000000015,0.8,1.0,,,9,0,11.0,2024
2024-11-19 09:00:00+00:00|1.0|calendar_drop_friday_h9_tp06_sl065,2024-11-19 09:00:00+00:00,STAGE28A,data/reports/stage28a_discovery_factory_batch_runner/stage28a_exact_trades.csv,calendar_time_risk_proxy_v1,calendar_drop_friday_h9_tp06_sl065,1.2976000000002386,0.2476000000002387,-0.452399999999761,1,0,1,0,0.2476000000002387,52.84999999999991,15.36999999999989,0.6649316851008671,18.710000000000036,0.659005879208974,5.190000000000055,5.09950000000008,0.008,1.0,,,9,1,11.0,2024
2024-11-20 09:00:00+00:00|-1.0|calendar_drop_friday_h9_tp06_sl065,2024-11-20 09:00:00+00:00,STAGE28A,data/reports/stage28a_discovery_factory_batch_runner/stage28a_exact_trades.csv,calendar_time_risk_proxy_v1,calendar_drop_friday_h9_tp06_sl065,1.0032999999997627,-0.0467000000002371,-0.7467000000002368,0,0,0,0,0.0467000000002371,29.179999999999836,10.159999999999854,0.14763779527559268,19.740000000000236,0.5916919959472997,8.420000000000073,5.8315000000000285,0.076,-1.0,,,9,2,11.0,2024
2024-11-21 09:00:00+00:00|1.0|calendar_drop_friday_h9_tp06_sl065,2024-11-21 09:00:00+00:00,STAGE28A,data/reports/stage28a_discovery_factory_batch_runner/stage28a_exact_trades.csv,calendar_time_risk_proxy_v1,calendar_drop_friday_h9_tp06_sl065,0.968199999999706,-0.0818000000002938,-0.7818000000002936,0,0,0,0,0.0818000000002938,36.64000000000033,11.610000000000127,0.41860465116279705,17.059999999999945,0.759671746776089,5.649999999999636,6.037999999999966,0.188,1.0,,,9,3,11.0,2024
2024-11-22 23:45:00+00:00|1.0|calendar_drop_friday_h9_tp06_sl065,2024-11-22 23:45:00+00:00,STAGE28A,data/reports/stage28a_discovery_factory_batch_runner/stage28a_exact_trades.csv,calendar_time_risk_proxy_v1,calendar_drop_friday_h9_tp06_sl065,-2.0270000000001347,-3.0770000000001345,-3.7770000000001342,0,0,0,1,3.0770000000001345,24.63000000000011,24.070000000000164,0.8109680099709308,25.440000000000055,0.7425314465408739,3.730000000000018,8.074500000000011,0.8,1.0,,,9,4,11.0,2024
2024-11-25 09:00:00+00:00|1.0|calendar_drop_friday_h9_tp06_sl065,2024-11-25 09:00:00+00:00,STAGE28A,data/reports/stage28a_discovery_factory_batch_runner/stage28a_exact_trades.csv,calendar_time_risk_proxy_v1,calendar_drop_friday_h9_tp06_sl065,3.86349999999984,2.81349999999984,2.1134999999998403,1,1,1,0,2.81349999999984,16.51000000000022,62.039999999999964,0.7633784655061202,19.73999999999978,0.26443768996959766,8.320000000000164,11.677500000000032,0.996,1.0,,,9,0,11.0,2024
2024-11-26 09:00:00+00:00|-1.0|calendar_drop_friday_h9_tp06_sl065,2024-11-26 09:00:00+00:00,STAGE28A,data/reports/stage28a_discovery_factory_batch_runner/stage28a_exact_trades.csv,calendar_time_risk_proxy_v1,calendar_drop_friday_h9_tp06_sl065,1.546900000000187,0.4969000000001871,-0.2030999999998126,1,0,1,0,0.4969000000001871,111.38000000000011,27.059999999999945,0.588322246858836,22.259999999999764,0.22192273135669843,4.860000000000127,12.17100000000005,0.936,-1.0,,,9,1,11.0,2024
2024-11-27 09:00:00+00:00|1.0|calendar_drop_friday_h9_tp06_sl065,2024-11-27 09:00:00+00:00,STAGE28A,data/reports/stage28a_discovery_factory_batch_runner/stage28a_exact_trades.csv,calendar_time_risk_proxy_v1,calendar_drop_friday_h9_tp06_sl065,-2.3266500000000634,-3.376650000000063,-4.076650000000063,0,0,0,1,3.376650000000063,36.76999999999998,13.510000000000218,0.4885270170244117,15.690000000000055,0.6201402166985331,8.989999999999782,7.133500000000026,0.464,1.0,,,9,2,11.0,2024
2024-11-28 09:00:00+00:00|1.0|calendar_drop_friday_h9_tp06_sl065,2024-11-28 09:00:00+00:00,STAGE28A,data/reports/stage28a_discovery_factory_batch_runner/stage28a_exact_trades.csv,calendar_time_risk_proxy_v1,calendar_drop_friday_h9_tp06_sl065,-2.220374999999968,-3.270374999999967,-3.970374999999967,0,0,0,1,3.270374999999967,31.329999999999927,17.48999999999978,0.33390508862208224,19.41000000000031,0.8377125193199126,7.730000000000018,6.691999999999939,0.404,1.0,,,9,3,11.0,2024
2024-11-29 21:30:00+00:00|1.0|calendar_drop_friday_h9_tp06_sl065,2024-11-29 21:30:00+00:00,STAGE28A,data/reports/stage28a_discovery_factory_batch_runner/stage28a_exact_trades.csv,calendar_time_risk_proxy_v1,calendar_drop_friday_h9_tp06_sl065,-0.35,-1.4,-2.1,0,0,0,0,1.4,28.65000000000009,30.29000000000042,0.6956091119181206,11.809999999999945,0.2464013547840701,8.920000000000073,7.049000000000047,0.616,1.0,,,9,4,11.0,2024
2024-12-02 09:00:00+00:00|1.0|calendar_drop_friday_h9_tp06_sl065,2024-12-02 09:00:00+00:00,STAGE28A,data/reports/stage28a_discovery_factory_batch_runner/stage28a_exact_trades.csv,calendar_time_risk_proxy_v1,calendar_drop_friday_h9_tp06_sl065,-2.7091750000000503,-3.75917500000005,-4.45917500000005,0,0,0,1,3.75917500000005,9.420000000000073,29.420000000000073,0.5849762066621343,15.789999999999964,0.45725142495248994,5.690000000000055,8.507500000000027,0.772,1.0,,,9,0,12.0,2024
2024-12-03 09:00:00+00:00|1.0|calendar_drop_friday_h9_tp06_sl065,2024-12-03 09:00:00+00:00,STAGE28A,data/reports/stage28a_discovery_factory_batch_runner/stage28a_exact_trades.csv,calendar_time_risk_proxy_v1,calendar_drop_friday_h9_tp06_sl065,-2.025374999999804,-3.0753749999998035,-3.775374999999803,0,0,0,1,3.0753749999998035,30.550000000000182,11.13000000000011,0.21024258760104833,12.860000000000127,0.21228615863141456,8.769999999999982,6.401499999999942,0.412,1.0,,,9,1,12.0,2024
2024-12-04 09:00:00+00:00|-1.0|calendar_drop_friday_h9_tp06_sl065,2024-12-04 09:00:00+00:00,STAGE28A,data/reports/stage28a_discovery_factory_batch_runner/stage28a_exact_trades.csv,calendar_time_risk_proxy_v1,calendar_drop_friday_h9_tp06_sl065,-1.8417500000001383,-2.891750000000138,-3.591750000000138,0,0,0,0,2.891750000000138,21.43000000000029,10.960000000000036,0.5136861313868696,14.930000000000291,0.282652377762905,3.950000000000273,5.86850000000004,0.216,-1.0,,,9,2,12.0,2024
2024-12-05 09:00:00+00:00|-1.0|calendar_drop_friday_h9_tp06_sl065,2024-12-05 09:00:00+00:00,STAGE28A,data/reports/stage28a_discovery_factory_batch_runner/stage28a_exact_trades.csv,calendar_time_risk_proxy_v1,calendar_drop_friday_h9_tp06_sl065,1.20580000000009,0.1558000000000903,-0.5441999999999094,1,0,1,0,0.1558000000000903,24.800000000000182,6.940000000000055,0.5821325648414888,13.88000000000011,0.17939481268009813,7.529999999999745,6.2309999999999715,0.372,-1.0,,,9,3,12.0,2024
2024-12-06 23:45:00+00:00|1.0|calendar_drop_friday_h9_tp06_sl065,2024-12-06 23:45:00+00:00,STAGE28A,data/reports/stage28a_discovery_factory_batch_runner/stage28a_exact_trades.csv,calendar_time_risk_proxy_v1,calendar_drop_friday_h9_tp06_sl065,-0.35,-1.4,-2.1,0,0,0,0,1.4,32.26999999999998,32.11999999999989,0.2624533001245288,12.33999999999969,0.6345218800648398,4.8400000000001455,8.058999999999992,0.712,1.0,,,9,4,12.0,2024
2024-12-09 09:00:00+00:00|1.0|calendar_drop_friday_h9_tp06_sl065,2024-12-09 09:00:00+00:00,STAGE28A,data/reports/stage28a_discovery_factory_batch_runner/stage28a_exact_trades.csv,calendar_time_risk_proxy_v1,calendar_drop_friday_h9_tp06_sl065,1.701100000000133,0.6511000000001332,-0.0488999999998664,1,0,1,0,0.6511000000001332,11.929999999999836,23.019999999999982,0.1776715899218136,22.470000000000255,0.9577214063195255,6.2800000000002,8.517499999999995,0.728,1.0,,,9,0,12.0,2024
2024-12-10 09:00:00+00:00|-1.0|calendar_drop_friday_h9_tp06_sl065,2024-12-10 09:00:00+00:00,STAGE28A,data/reports/stage28a_discovery_factory_batch_runner/stage28a_exact_trades.csv,calendar_time_risk_proxy_v1,calendar_drop_friday_h9_tp06_sl065,1.353399999999874,0.3033999999998742,-0.3966000000001255,1,0,1,0,0.3033999999998742,48.84999999999991,15.91000000000031,0.6140791954745598,15.539999999999964,0.3301158301158379,5.190000000000055,5.983500000000004,0.24,-1.0,,,9,1,12.0,2024
2024-12-11 09:00:00+00:00|1.0|calendar_drop_friday_h9_tp06_sl065,2024-12-11 09:00:00+00:00,STAGE28A,data/reports/stage28a_discovery_factory_batch_runner/stage28a_exact_trades.csv,calendar_time_risk_proxy_v1,calendar_drop_friday_h9_tp06_sl065,3.0183999999998377,1.9683999999998376,1.268399999999838,1,1,1,0,1.9683999999998376,38.01999999999998,21.779999999999745,0.5335169880624439,25.350000000000364,0.3932938856015823,11.579999999999927,7.65600000000004,0.756,1.0,,,9,2,12.0,2024
2024-12-12 09:00:00+00:00|1.0|calendar_drop_friday_h9_tp06_sl065,2024-12-12 09:00:00+00:00,STAGE28A,data/reports/stage28a_discovery_factory_batch_runner/stage28a_exact_trades.csv,calendar_time_risk_proxy_v1,calendar_drop_friday_h9_tp06_sl065,-2.088749999999982,-3.1387499999999817,-3.8387499999999815,0,0,0,1,3.1387499999999817,46.590000000000146,26.139999999999873,0.2895944912012319,10.640000000000327,0.09586466165413068,8.540000000000418,7.4284999999999854,0.676,1.0,,,9,3,12.0,2024
2024-12-13 23:45:00+00:00|1.0|calendar_drop_friday_h9_tp06_sl065,2024-12-13 23:45:00+00:00,STAGE28A,data/reports/stage28a_discovery_factory_batch_runner/stage28a_exact_trades.csv,calendar_time_risk_proxy_v1,calendar_drop_friday_h9_tp06_sl065,-0.35,-1.4,-2.1,0,0,0,0,1.4,51.2199999999998,13.740000000000236,0.4832605531295312,25.5,0.8109803921568741,7.0,6.908500000000049,0.536,1.0,,,9,4,12.0,2024
2024-12-16 09:00:00+00:00|1.0|calendar_drop_friday_h9_tp06_sl065,2024-12-16 09:00:00+00:00,STAGE28A,data/reports/stage28a_discovery_factory_batch_runner/stage28a_exact_trades.csv,calendar_time_risk_proxy_v1,calendar_drop_friday_h9_tp06_sl065,0.93670000000011,-0.11329999999989,-0.8132999999998898,0,0,0,0,0.11329999999989,4.569999999999709,12.110000000000127,0.10982658959536856,12.450000000000273,0.48514056224898244,2.650000000000091,6.00150000000001,0.176,1.0,,,9,0,12.0,2024
2024-12-17 09:00:00+00:00|-1.0|calendar_drop_friday_h9_tp06_sl065,2024-12-17 09:00:00+00:00,STAGE28A,data/reports/stage28a_discovery_factory_batch_runner/stage28a_exact_trades.csv,calendar_time_risk_proxy_v1,calendar_drop_friday_h9_tp06_sl065,1.2279999999999744,0.1779999999999746,-0.5220000000000251,1,0,1,0,0.1779999999999746,20.75,7.650000000000091,0.006535947712442001,19.0300000000002,0.7157120336311195,8.190000000000055,4.888999999999987,0.04,-1.0,,,9,1,12.0,2024
2024-12-18 09:00:00+00:00|1.0|calendar_drop_friday_h9_tp06_sl065,2024-12-18 09:00:00+00:00,STAGE28A,data/reports/stage28a_discovery_factory_batch_runner/stage28a_exact_trades.csv,calendar_time_risk_proxy_v1,calendar_drop_friday_h9_tp06_sl065,-1.6789249999997993,-2.728924999999799,-3.428924999999799,0,0,0,0,2.728924999999799,25.659999999999854,9.079999999999927,0.2444933920704645,7.559999999999945,0.42857142857146296,3.450000000000273,5.075999999999999,0.06,1.0,,,9,2,12.0,2024
2024-12-19 09:00:00+00:00|1.0|calendar_drop_friday_h9_tp06_sl065,2024-12-19 09:00:00+00:00,STAGE28A,data/reports/stage28a_discovery_factory_batch_runner/stage28a_exact_trades.csv,calendar_time_risk_proxy_v1,calendar_drop_friday_h9_tp06_sl065,-2.6058250000001864,-3.655825000000186,-4.355825000000186,0,0,0,1,3.655825000000186,68.09999999999991,35.460000000000036,0.5930626057529661,23.2800000000002,0.4463058419243893,10.849999999999909,9.716000000000054,1.0,1.0,,,9,3,12.0,2024
2024-12-20 23:45:00+00:00|1.0|calendar_drop_friday_h9_tp06_sl065,2024-12-20 23:45:00+00:00,STAGE28A,data/reports/stage28a_discovery_factory_batch_runner/stage28a_exact_trades.csv,calendar_time_risk_proxy_v1,calendar_drop_friday_h9_tp06_sl065,-0.35,-1.4,-2.1,0,0,0,0,1.4,43.99000000000024,14.320000000000164,0.3058659217877136,11.180000000000291,0.5661896243291786,5.920000000000073,6.560500000000093,0.452,1.0,,,9,4,12.0,2024
2024-12-23 09:00:00+00:00|1.0|calendar_drop_friday_h9_tp06_sl065,2024-12-23 09:00:00+00:00,STAGE28A,data/reports/stage28a_discovery_factory_batch_runner/stage28a_exact_trades.csv,calendar_time_risk_proxy_v1,calendar_drop_friday_h9_tp06_sl065,-1.90252500000006,-2.95252500000006,-3.6525250000000593,0,0,0,0,2.95252500000006,3.1600000000003092,10.0,0.1069999999999709,14.389999999999873,0.44336344683809353,8.429999999999836,6.50750000000005,0.472,1.0,,,9,0,12.0,2024
2024-12-24 09:00:00+00:00|-1.0|calendar_drop_friday_h9_tp06_sl065,2024-12-24 09:00:00+00:00,STAGE28A,data/reports/stage28a_discovery_factory_batch_runner/stage28a_exact_trades.csv,calendar_time_risk_proxy_v1,calendar_drop_friday_h9_tp06_sl065,-1.5469749999998386,-2.5969749999998384,-3.296974999999838,0,0,0,0,2.5969749999998384,25.279999999999745,8.889999999999873,0.5129358830146243,8.309999999999945,0.5571600481347941,3.3899999999998727,4.464499999999975,0.032,-1.0,,,9,1,12.0,2024
2024-12-24 19:45:00+00:00|1.0|calendar_drop_friday_h9_tp06_sl065,2024-12-24 19:45:00+00:00,STAGE28A,data/reports/stage28a_discovery_factory_batch_runner/stage28a_exact_trades.csv,calendar_time_risk_proxy_v1,calendar_drop_friday_h9_tp06_sl065,-0.35,-1.4,-2.1,0,0,0,0,1.4,25.279999999999745,8.889999999999873,0.5129358830146243,8.309999999999945,0.5571600481347941,6.190000000000055,3.966999999999962,0.024,1.0,,,9,1,12.0,2024
2024-12-26 09:00:00+00:00|1.0|calendar_drop_friday_h9_tp06_sl065,2024-12-26 09:00:00+00:00,STAGE28A,data/reports/stage28a_discovery_factory_batch_runner/stage28a_exact_trades.csv,calendar_time_risk_proxy_v1,calendar_drop_friday_h9_tp06_sl065,-1.563224999999966,-2.6132249999999657,-3.313224999999965,0,0,0,0,2.6132249999999657,7.519999999999982,16.299999999999727,0.5539877300613713,6.049999999999727,0.2264462809917277,2.849999999999909,4.491999999999985,0.096,1.0,,,9,3,12.0,2024
2024-12-27 23:45:00+00:00|1.0|calendar_drop_friday_h9_tp06_sl065,2024-12-27 23:45:00+00:00,STAGE28A,data/reports/stage28a_discovery_factory_batch_runner/stage28a_exact_trades.csv,calendar_time_risk_proxy_v1,calendar_drop_friday_h9_tp06_sl065,-1.8719750000001116,-2.9219750000001112,-3.621975000000111,0,0,0,0,2.9219750000001112,26.139999999999873,6.550000000000182,0.14656488549618468,14.829999999999927,0.4686446392447641,8.050000000000182,5.124000000000069,0.364,1.0,,,9,4,12.0,2024
2024-12-30 09:00:00+00:00|-1.0|calendar_drop_friday_h9_tp06_sl065,2024-12-30 09:00:00+00:00,STAGE28A,data/reports/stage28a_discovery_factory_batch_runner/stage28a_exact_trades.csv,calendar_time_risk_proxy_v1,calendar_drop_friday_h9_tp06_sl065,0.974500000000171,-0.0754999999998289,-0.7754999999998287,0,0,0,0,0.0754999999998289,7.4699999999998,9.489999999999782,0.2012644889357111,15.480000000000018,0.7558139534883594,6.460000000000036,5.659000000000037,0.532,-1.0,,,9,0,12.0,2024
2024-12-31 09:00:00+00:00|1.0|calendar_drop_friday_h9_tp06_sl065,2024-12-31 09:00:00+00:00,STAGE28A,data/reports/stage28a_discovery_factory_batch_runner/stage28a_exact_trades.csv,calendar_time_risk_proxy_v1,calendar_drop_friday_h9_tp06_sl065,0.7569999999999709,-0.293000000000029,-0.9930000000000287,0,0,0,0,0.293000000000029,32.159999999999854,8.059999999999945,0.01488833746896919,15.179999999999836,0.33596837944663793,4.980000000000018,5.733500000000049,0.584,1.0,,,9,1,12.0,2024
2024-12-31 22:45:00+00:00|1.0|calendar_drop_friday_h9_tp06_sl065,2024-12-31 22:45:00+00:00,STAGE28A,data/reports/stage28a_discovery_factory_batch_runner/stage28a_exact_trades.csv,calendar_time_risk_proxy_v1,calendar_drop_friday_h9_tp06_sl065,-0.35,-1.4,-2.1,0,0,0,0,1.4,32.159999999999854,8.059999999999945,0.01488833746896919,15.179999999999836,0.33596837944663793,4.360000000000127,5.330000000000018,0.468,1.0,,,9,1,12.0,2024
2025-01-02 09:00:00+00:00|1.0|calendar_drop_friday_h9_tp06_sl065,2025-01-02 09:00:00+00:00,STAGE28A,data/reports/stage28a_discovery_factory_batch_runner/stage28a_exact_trades.csv,calendar_time_risk_proxy_v1,calendar_drop_friday_h9_tp06_sl065,0.8281000000000859,-0.221899999999914,-0.9218999999999138,0,0,0,0,0.221899999999914,4.2800000000002,14.769999999999982,0.6899119837508508,15.090000000000146,0.5765407554671792,4.260000000000218,5.379500000000098,0.48,1.0,,,9,3,1.0,2025
2025-01-03 23:45:00+00:00|1.0|calendar_drop_friday_h9_tp06_sl065,2025-01-03 23:45:00+00:00,STAGE28A,data/reports/stage28a_discovery_factory_batch_runner/stage28a_exact_trades.csv,calendar_time_risk_proxy_v1,calendar_drop_friday_h9_tp06_sl065,0.7434999999999491,-0.3065000000000508,-1.0065000000000506,0,0,0,0,0.3065000000000508,38.73000000000002,9.019999999999982,0.5000000000000252,13.019999999999982,0.40476190476190393,3.1599999999998545,5.38299999999997,0.452,1.0,,,9,4,1.0,2025
2025-01-06 09:00:00+00:00|-1.0|calendar_drop_friday_h9_tp06_sl065,2025-01-06 09:00:00+00:00,STAGE28A,data/reports/stage28a_discovery_factory_batch_runner/stage28a_exact_trades.csv,calendar_time_risk_proxy_v1,calendar_drop_friday_h9_tp06_sl065,-1.9503000000000608,-3.000300000000061,-3.7003000000000608,0,0,0,0,3.000300000000061,3.5399999999999636,12.860000000000127,0.43001555209954473,11.090000000000146,0.15148782687103826,5.130000000000109,5.380500000000029,0.456,-1.0,,,9,0,1.0,2025
2025-01-07 09:00:00+00:00|1.0|calendar_drop_friday_h9_tp06_sl065,2025-01-07 09:00:00+00:00,STAGE28A,data/reports/stage28a_discovery_factory_batch_runner/stage28a_exact_trades.csv,calendar_time_risk_proxy_v1,calendar_drop_friday_h9_tp06_sl065,0.94300000000012,-0.1069999999998798,-0.8069999999998796,0,0,0,0,0.1069999999998798,35.13000000000011,8.300000000000182,0.4325301204819358,9.7800000000002,0.575664621676891,6.920000000000073,7.3035000000000085,0.944,1.0,,,9,1,1.0,2025
2025-01-08 09:00:00+00:00|1.0|calendar_drop_friday_h9_tp06_sl065,2025-01-08 09:00:00+00:00,STAGE28A,data/reports/stage28a_discovery_factory_batch_runner/stage28a_exact_trades.csv,calendar_time_risk_proxy_v1,calendar_drop_friday_h9_tp06_sl065,-1.5346249999998691,-2.584624999999869,-3.2846249999998687,0,0,0,0,2.584624999999869,31.429999999999836,6.260000000000218,0.4536741214056856,8.420000000000073,0.7304038004750639,4.079999999999927,5.576999999999998,0.6,1.0,,,9,2,1.0,2025
2025-01-09 09:00:00+00:00|1.0|calendar_drop_friday_h9_tp06_sl065,2025-01-09 09:00:00+00:00,STAGE28A,data/reports/stage28a_discovery_factory_batch_runner/stage28a_exact_trades.csv,calendar_time_risk_proxy_v1,calendar_drop_friday_h9_tp06_sl065,-1.7283250000001318,-2.778325000000132,-3.478325000000132,0,0,0,0,2.778325000000132,24.700000000000273,7.650000000000091,0.44836601307192814,10.929999999999836,0.7758462946020261,8.539999999999964,6.2830000000000155,0.844,1.0,,,9,3,1.0,2025
2025-01-10 23:45:00+00:00|1.0|calendar_drop_friday_h9_tp06_sl065,2025-01-10 23:45:00+00:00,STAGE28A,data/reports/stage28a_discovery_factory_batch_runner/stage28a_exact_trades.csv,calendar_time_risk_proxy_v1,calendar_drop_friday_h9_tp06_sl065,-0.35,-1.4,-2.1,0,0,0,0,1.4,22.809999999999945,6.349999999999909,0.2913385826771552,11.099999999999909,0.827027027027019,6.400000000000091,6.687499999999955,0.92,1.0,,,9,4,1.0,2025
2025-01-13 09:00:00+00:00|-1.0|calendar_drop_friday_h9_tp06_sl065,2025-01-13 09:00:00+00:00,STAGE28A,data/reports/stage28a_discovery_factory_batch_runner/stage28a_exact_trades.csv,calendar_time_risk_proxy_v1,calendar_drop_friday_h9_tp06_sl065,1.091499999999905,0.0414999999999055,-0.6585000000000942,1,0,0,0,0.0414999999999055,5.670000000000073,13.900000000000091,0.39999999999999347,14.190000000000055,0.45031712473571867,4.650000000000091,7.6840000000000375,0.964,-1.0,,,9,0,1.0,2025
2025-01-14 09:00:00+00:00|-1.0|calendar_drop_friday_h9_tp06_sl065,2025-01-14 09:00:00+00:00,STAGE28A,data/reports/stage28a_discovery_factory_batch_runner/stage28a_exact_trades.csv,calendar_time_risk_proxy_v1,calendar_drop_friday_h9_tp06_sl065,-1.8277749999998376,-2.8777749999998377,-3.5777749999998374,0,0,0,0,2.8777749999998377,36.73000000000002,12.5300000000002,0.4333599361532123,10.629999999999654,0.644402634054575,2.369999999999891,6.061500000000047,0.628,-1.0,,,9,1,1.0,2025
2025-01-15 09:00:00+00:00|1.0|calendar_drop_friday_h9_tp06_sl065,2025-01-15 09:00:00+00:00,STAGE28A,data/reports/stage28a_discovery_factory_batch_runner/stage28a_exact_trades.csv,calendar_time_risk_proxy_v1,calendar_drop_friday_h9_tp06_sl065,-1.5746000000000095,-2.6246000000000094,-3.324600000000009,0,0,0,0,2.6246000000000094,18.570000000000164,10.11999999999989,0.001976284584978461,14.450000000000273,0.8761245674740218,4.130000000000109,5.056500000000028,0.204,1.0,,,9,2,1.0,2025
2025-01-16 09:00:00+00:00|1.0|calendar_drop_friday_h9_tp06_sl065,2025-01-16 09:00:00+00:00,STAGE28A,data/reports/stage28a_discovery_factory_batch_runner/stage28a_exact_trades.csv,calendar_time_risk_proxy_v1,calendar_drop_friday_h9_tp06_sl065,-1.665599999999904,-2.715599999999904,-3.415599999999904,0,0,0,0,2.715599999999904,28.210000000000036,9.349999999999909,0.27593582887700024,18.529999999999745,0.5553157042633624,5.339999999999691,5.6284999999999625,0.484,1.0,,,9,3,1.0,2025
2025-01-17 23:45:00+00:00|1.0|calendar_drop_friday_h9_tp06_sl065,2025-01-17 23:45:00+00:00,STAGE28A,data/reports/stage28a_discovery_factory_batch_runner/stage28a_exact_trades.csv,calendar_time_risk_proxy_v1,calendar_drop_friday_h9_tp06_sl065,-0.35,-1.4,-2.1,0,0,0,0,1.4,34.73000000000002,7.489999999999782,0.006675567423255454,12.769999999999982,0.8433829287392324,4.2400000000002365,4.995499999999993,0.232,1.0,,,9,4,1.0,2025
2025-01-20 09:00:00+00:00|1.0|calendar_drop_friday_h9_tp06_sl065,2025-01-20 09:00:00+00:00,STAGE28A,data/reports/stage28a_discovery_factory_batch_runner/stage28a_exact_trades.csv,calendar_time_risk_proxy_v1,calendar_drop_friday_h9_tp06_sl065,1.0246000000001003,-0.0253999999998995,-0.7253999999998992,0,0,0,0,0.0253999999998995,11.990000000000236,17.269999999999982,0.5500868558193405,10.960000000000036,0.23448905109486318,7.160000000000309,6.07349999999999,0.74,1.0,,,9,0,1.0,2025
2025-01-21 09:00:00+00:00|-1.0|calendar_drop_friday_h9_tp06_sl065,2025-01-21 09:00:00+00:00,STAGE28A,data/reports/stage28a_discovery_factory_batch_runner/stage28a_exact_trades.csv,calendar_time_risk_proxy_v1,calendar_drop_friday_h9_tp06_sl065,1.456300000000192,0.4063000000001922,-0.2936999999998075,1,0,1,0,0.4063000000001922,24.550000000000182,25.09999999999991,0.6749003984063792,15.799999999999727,0.4974683544303964,5.9099999999998545,6.606499999999983,0.856,-1.0,,,9,1,1.0,2025
2025-01-22 09:00:00+00:00|1.0|calendar_drop_friday_h9_tp06_sl065,2025-01-22 09:00:00+00:00,STAGE28A,data/reports/stage28a_discovery_factory_batch_runner/stage28a_exact_trades.csv,calendar_time_risk_proxy_v1,calendar_drop_friday_h9_tp06_sl065,-2.095574999999917,-3.145574999999917,-3.8455749999999167,0,0,0,1,3.145574999999917,43.279999999999745,10.9699999999998,0.711030082041962,17.90000000000009,0.44525139664803126,12.720000000000255,6.002999999999974,0.652,1.0,,,9,2,1.0,2025
2025-01-23 09:00:00+00:00|-1.0|calendar_drop_friday_h9_tp06_sl065,2025-01-23 09:00:00+00:00,STAGE28A,data/reports/stage28a_discovery_factory_batch_runner/stage28a_exact_trades.csv,calendar_time_risk_proxy_v1,calendar_drop_friday_h9_tp06_sl065,-1.5482750000001944,-2.598275000000194,-3.298275000000194,0,0,0,0,2.598275000000194,21.449999999999818,6.809999999999945,0.5624082232011686,14.75,0.02440677966102558,4.369999999999891,4.464500000000067,0.088,-1.0,,,9,3,1.0,2025
2025-01-24 23:45:00+00:00|1.0|calendar_drop_friday_h9_tp06_sl065,2025-01-24 23:45:00+00:00,STAGE28A,data/reports/stage28a_discovery_factory_batch_runner/stage28a_exact_trades.csv,calendar_time_risk_proxy_v1,calendar_drop_friday_h9_tp06_sl065,-0.35,-1.4,-2.1,0,0,0,0,1.4,23.25,23.940000000000055,0.7263993316624826,8.300000000000182,0.44578313253014357,4.150000000000091,5.934999999999991,0.528,1.0,,,9,4,1.0,2025
2025-01-27 09:00:00+00:00|1.0|calendar_drop_friday_h9_tp06_sl065,2025-01-27 09:00:00+00:00,STAGE28A,data/reports/stage28a_discovery_factory_batch_runner/stage28a_exact_trades.csv,calendar_time_risk_proxy_v1,calendar_drop_friday_h9_tp06_sl065,1.333899999999994,0.2838999999999942,-0.4161000000000054,1,0,1,0,0.2838999999999942,5.839999999999691,18.460000000000036,0.49620801733476905,23.769999999999982,0.4030290281867873,4.349999999999909,5.985499999999979,0.584,1.0,,,9,0,1.0,2025
2025-01-28 09:00:00+00:00|1.0|calendar_drop_friday_h9_tp06_sl065,2025-01-28 09:00:00+00:00,STAGE28A,data/reports/stage28a_discovery_factory_batch_runner/stage28a_exact_trades.csv,calendar_time_risk_proxy_v1,calendar_drop_friday_h9_tp06_sl065,-1.6386250000001383,-2.688625000000138,-3.388625000000138,0,0,0,0,2.688625000000138,42.289999999999964,7.579999999999927,0.09366754617414817,10.570000000000164,0.07284768211920245,3.799999999999727,6.303999999999905,0.768,1.0,,,9,1,1.0,2025
2025-01-29 09:00:00+00:00|1.0|calendar_drop_friday_h9_tp06_sl065,2025-01-29 09:00:00+00:00,STAGE28A,data/reports/stage28a_discovery_factory_batch_runner/stage28a_exact_trades.csv,calendar_time_risk_proxy_v1,calendar_drop_friday_h9_tp06_sl065,-1.349699999999848,-2.399699999999848,-3.099699999999848,0,0,0,0,2.399699999999848,30.639999999999873,4.730000000000018,0.061310782241006875,8.909999999999854,0.48260381593717755,2.9400000000000546,3.4265000000000327,0.004,1.0,,,9,2,1.0,2025
2025-01-30 09:00:00+00:00|1.0|calendar_drop_friday_h9_tp06_sl065,2025-01-30 09:00:00+00:00,STAGE28A,data/reports/stage28a_discovery_factory_batch_runner/stage28a_exact_trades.csv,calendar_time_risk_proxy_v1,calendar_drop_friday_h9_tp06_sl065,-1.5284499999998844,-2.578449999999884,-3.278449999999884,0,0,0,0,2.578449999999884,21.470000000000255,5.330000000000382,0.035647279549726255,20.539999999999964,0.8695228821811177,6.190000000000055,5.074000000000046,0.268,1.0,,,9,3,1.0,2025
2025-01-31 23:45:00+00:00|1.0|calendar_drop_friday_h9_tp06_sl065,2025-01-31 23:45:00+00:00,STAGE28A,data/reports/stage28a_discovery_factory_batch_runner/stage28a_exact_trades.csv,calendar_time_risk_proxy_v1,calendar_drop_friday_h9_tp06_sl065,-0.35,-1.4,-2.1,0,0,0,0,1.4,40.40000000000009,7.369999999999891,0.03799185888734728,10.140000000000327,0.16074950690331377,7.779999999999745,6.324500000000057,0.792,1.0,,,9,4,1.0,2025
2025-02-03 09:00:00+00:00|1.0|calendar_drop_friday_h9_tp06_sl065,2025-02-03 09:00:00+00:00,STAGE28A,data/reports/stage28a_discovery_factory_batch_runner/stage28a_exact_trades.csv,calendar_time_risk_proxy_v1,calendar_drop_friday_h9_tp06_sl065,-2.6597750000001725,-3.709775000000173,-4.409775000000172,0,0,0,1,3.709775000000173,20.699999999999818,31.9699999999998,0.37566468564278505,20.809999999999945,0.8279673234022136,5.179999999999836,9.236500000000001,0.992,1.0,,,9,0,2.0,2025
2025-02-04 09:00:00+00:00|1.0|calendar_drop_friday_h9_tp06_sl065,2025-02-04 09:00:00+00:00,STAGE28A,data/reports/stage28a_discovery_factory_batch_runner/stage28a_exact_trades.csv,calendar_time_risk_proxy_v1,calendar_drop_friday_h9_tp06_sl065,-2.395875000000251,-3.445875000000251,-4.145875000000251,0,0,0,1,3.445875000000251,58.19999999999982,13.329999999999927,0.3885971492873458,14.659999999999854,0.29058663028651166,5.2800000000002,7.515000000000077,0.848,1.0,,,9,1,2.0,2025
2025-02-05 09:00:00+00:00|1.0|calendar_drop_friday_h9_tp06_sl065,2025-02-05 09:00:00+00:00,STAGE28A,data/reports/stage28a_discovery_factory_batch_runner/stage28a_exact_trades.csv,calendar_time_risk_proxy_v1,calendar_drop_friday_h9_tp06_sl065,-2.2194000000000416,-3.2694000000000414,-3.969400000000041,0,0,0,1,3.2694000000000414,38.25,18.450000000000273,0.7501355013550104,23.690000000000055,0.5293372731110145,4.9699999999998,6.966000000000031,0.736,1.0,,,9,2,2.0,2025
2025-02-06 09:00:00+00:00|-1.0|calendar_drop_friday_h9_tp06_sl065,2025-02-06 09:00:00+00:00,STAGE28A,data/reports/stage28a_discovery_factory_batch_runner/stage28a_exact_trades.csv,calendar_time_risk_proxy_v1,calendar_drop_friday_h9_tp06_sl065,-2.3107249999999118,-3.360724999999911,-4.060724999999911,0,0,0,1,3.360724999999911,42.960000000000036,9.550000000000182,0.08167539267017647,22.480000000000018,0.4181494661921745,13.700000000000273,7.517499999999996,0.792,-1.0,,,9,3,2.0,2025
2025-02-07 23:45:00+00:00|1.0|calendar_drop_friday_h9_tp06_sl065,2025-02-07 23:45:00+00:00,STAGE28A,data/reports/stage28a_discovery_factory_batch_runner/stage28a_exact_trades.csv,calendar_time_risk_proxy_v1,calendar_drop_friday_h9_tp06_sl065,-0.35,-1.4,-2.1,0,0,0,0,1.4,39.25,15.579999999999927,0.5353016688061736,11.7199999999998,0.09556313993173293,4.420000000000073,8.076999999999952,0.876,1.0,,,9,4,2.0,2025
2025-02-10 09:00:00+00:00|1.0|calendar_drop_friday_h9_tp06_sl065,2025-02-10 09:00:00+00:00,STAGE28A,data/reports/stage28a_discovery_factory_batch_runner/stage28a_exact_trades.csv,calendar_time_risk_proxy_v1,calendar_drop_friday_h9_tp06_sl065,-2.1170250000001034,-3.1670250000001032,-3.867025000000103,0,0,0,1,3.1670250000001032,14.0,23.190000000000055,0.5066839154808095,30.40000000000009,0.7578947368421018,13.329999999999927,9.13449999999998,0.94,1.0,,,9,0,2.0,2025
2025-02-11 09:00:00+00:00|-1.0|calendar_drop_friday_h9_tp06_sl065,2025-02-11 09:00:00+00:00,STAGE28A,data/reports/stage28a_discovery_factory_batch_runner/stage28a_exact_trades.csv,calendar_time_risk_proxy_v1,calendar_drop_friday_h9_tp06_sl065,3.6820000000001527,2.632000000000153,1.9320000000001527,1,1,1,0,2.632000000000153,62.570000000000164,38.029999999999745,0.0381277938469584,27.429999999999836,0.49362012395187915,13.929999999999836,10.47650000000001,1.0,-1.0,,,9,1,2.0,2025
2025-02-12 09:00:00+00:00|1.0|calendar_drop_friday_h9_tp06_sl065,2025-02-12 09:00:00+00:00,STAGE28A,data/reports/stage28a_discovery_factory_batch_runner/stage28a_exact_trades.csv,calendar_time_risk_proxy_v1,calendar_drop_friday_h9_tp06_sl065,-2.8167500000000474,-3.866750000000047,-4.566750000000047,0,0,0,1,3.866750000000047,60.9399999999996,17.070000000000164,0.7861745752782627,16.440000000000055,0.15815085158150247,9.269999999999982,8.332499999999982,0.752,1.0,,,9,2,2.0,2025
2025-02-13 09:00:00+00:00|-1.0|calendar_drop_friday_h9_tp06_sl065,2025-02-13 09:00:00+00:00,STAGE28A,data/reports/stage28a_discovery_factory_batch_runner/stage28a_exact_trades.csv,calendar_time_risk_proxy_v1,calendar_drop_friday_h9_tp06_sl065,1.4349999999998544,0.3849999999998545,-0.3150000000001451,1,0,1,0,0.3849999999998545,45.38000000000011,18.759999999999764,0.6780383795309147,13.460000000000036,0.05274888558692678,6.4699999999998,7.652499999999895,0.52,-1.0,,,9,3,2.0,2025
2025-02-14 23:45:00+00:00|1.0|calendar_drop_friday_h9_tp06_sl065,2025-02-14 23:45:00+00:00,STAGE28A,data/reports/stage28a_discovery_factory_batch_runner/stage28a_exact_trades.csv,calendar_time_risk_proxy_v1,calendar_drop_friday_h9_tp06_sl065,-0.35,-1.4,-2.1,0,0,0,0,1.4,31.13000000000011,10.860000000000127,0.24677716390425963,13.309999999999945,0.5416979714500425,9.279999999999745,9.063499999999953,0.836,1.0,,,9,4,2.0,2025
2025-02-17 09:00:00+00:00|1.0|calendar_drop_friday_h9_tp06_sl065,2025-02-17 09:00:00+00:00,STAGE28A,data/reports/stage28a_discovery_factory_batch_runner/stage28a_exact_trades.csv,calendar_time_risk_proxy_v1,calendar_drop_friday_h9_tp06_sl065,-2.892149999999765,-3.942149999999765,-4.642149999999765,0,0,0,1,3.942149999999765,15.88000000000011,26.809999999999945,0.7411413651622673,18.269999999999982,0.20634920634920556,9.609999999999673,10.969499999999925,0.968,1.0,,,9,0,2.0,2025
2025-02-18 09:00:00+00:00|1.0|calendar_drop_friday_h9_tp06_sl065,2025-02-18 09:00:00+00:00,STAGE28A,data/reports/stage28a_discovery_factory_batch_runner/stage28a_exact_trades.csv,calendar_time_risk_proxy_v1,calendar_drop_friday_h9_tp06_sl065,-2.429349999999977,-3.4793499999999766,-4.179349999999976,0,0,0,1,3.4793499999999766,28.340000000000146,19.059999999999945,0.600734522560328,8.389999999999873,0.07866507747322041,4.420000000000073,4.941000000000008,0.012,1.0,,,9,1,2.0,2025
2025-02-19 09:00:00+00:00|1.0|calendar_drop_friday_h9_tp06_sl065,2025-02-19 09:00:00+00:00,STAGE28A,data/reports/stage28a_discovery_factory_batch_runner/stage28a_exact_trades.csv,calendar_time_risk_proxy_v1,calendar_drop_friday_h9_tp06_sl065,-2.329899999999816,-3.379899999999816,-4.079899999999816,0,0,0,1,3.379899999999816,45.25,15.480000000000018,0.31330749354004545,19.0,0.8199999999999962,5.179999999999836,6.528999999999996,0.264,1.0,,,9,2,2.0,2025
2025-02-20 09:00:00+00:00|1.0|calendar_drop_friday_h9_tp06_sl065,2025-02-20 09:00:00+00:00,STAGE28A,data/reports/stage28a_discovery_factory_batch_runner/stage28a_exact_trades.csv,calendar_time_risk_proxy_v1,calendar_drop_friday_h9_tp06_sl065,-2.109224999999788,-3.1592249999997875,-3.859224999999787,0,0,0,1,3.1592249999997875,28.440000000000055,11.75,0.3948936170213045,15.509999999999764,0.7949709864603556,5.039999999999964,7.255499999999984,0.416,1.0,,,9,3,2.0,2025
2025-02-21 23:45:00+00:00|1.0|calendar_drop_friday_h9_tp06_sl065,2025-02-21 23:45:00+00:00,STAGE28A,data/reports/stage28a_discovery_factory_batch_runner/stage28a_exact_trades.csv,calendar_time_risk_proxy_v1,calendar_drop_friday_h9_tp06_sl065,-0.35,-1.4,-2.1,0,0,0,0,1.4,30.779999999999745,23.40000000000009,0.5564102564102534,17.309999999999945,0.11900635470825835,4.799999999999727,9.135000000000014,0.852,1.0,,,9,4,2.0,2025
2025-02-24 09:00:00+00:00|1.0|calendar_drop_friday_h9_tp06_sl065,2025-02-24 09:00:00+00:00,STAGE28A,data/reports/stage28a_discovery_factory_batch_runner/stage28a_exact_trades.csv,calendar_time_risk_proxy_v1,calendar_drop_friday_h9_tp06_sl065,1.8364000000000489,0.7864000000000488,0.0864000000000491,1,1,1,0,0.7864000000000488,6.440000000000055,23.519999999999982,0.15348639455782867,14.259999999999764,0.15848527349227215,6.730000000000018,8.100000000000046,0.62,1.0,,,9,0,2.0,2025
2025-02-25 09:00:00+00:00|1.0|calendar_drop_friday_h9_tp06_sl065,2025-02-25 09:00:00+00:00,STAGE28A,data/reports/stage28a_discovery_factory_batch_runner/stage28a_exact_trades.csv,calendar_time_risk_proxy_v1,calendar_drop_friday_h9_tp06_sl065,-2.303575000000001,-3.3535750000000006,-4.053575,0,0,0,1,3.3535750000000006,35.16000000000031,18.909999999999854,0.6959280803807486,12.91000000000031,0.05654531371030214,4.900000000000091,6.767999999999961,0.292,1.0,,,9,1,2.0,2025
2025-02-26 09:00:00+00:00|-1.0|calendar_drop_friday_h9_tp06_sl065,2025-02-26 09:00:00+00:00,STAGE28A,data/reports/stage28a_discovery_factory_batch_runner/stage28a_exact_trades.csv,calendar_time_risk_proxy_v1,calendar_drop_friday_h9_tp06_sl065,1.886199999999826,0.8361999999998262,0.1361999999998264,1,1,1,0,0.8361999999998262,65.84999999999991,17.43000000000029,0.20998278829602945,15.239999999999782,0.1496062992126137,9.5,10.316500000000087,0.96,-1.0,,,9,2,2.0,2025
2025-02-27 09:00:00+00:00|-1.0|calendar_drop_friday_h9_tp06_sl065,2025-02-27 09:00:00+00:00,STAGE28A,data/reports/stage28a_discovery_factory_batch_runner/stage28a_exact_trades.csv,calendar_time_risk_proxy_v1,calendar_drop_friday_h9_tp06_sl065,1.96899999999996,0.91899999999996,0.2189999999999603,1,1,1,0,0.91899999999996,39.42000000000007,24.509999999999764,0.8869849041207667,21.610000000000127,0.2512725590004537,7.730000000000018,6.899000000000046,0.348,-1.0,,,9,3,2.0,2025
2025-02-28 23:45:00+00:00|1.0|calendar_drop_friday_h9_tp06_sl065,2025-02-28 23:45:00+00:00,STAGE28A,data/reports/stage28a_discovery_factory_batch_runner/stage28a_exact_trades.csv,calendar_time_risk_proxy_v1,calendar_drop_friday_h9_tp06_sl065,-0.35,-1.4,-2.1,0,0,0,0,1.4,53.149999999999636,28.039999999999964,0.44721825962910056,15.940000000000055,0.04454203262233588,7.400000000000091,9.184500000000003,0.828,1.0,,,9,4,2.0,2025
2025-03-03 09:00:00+00:00|1.0|calendar_drop_friday_h9_tp06_sl065,2025-03-03 09:00:00+00:00,STAGE28A,data/reports/stage28a_discovery_factory_batch_runner/stage28a_exact_trades.csv,calendar_time_risk_proxy_v1,calendar_drop_friday_h9_tp06_sl065,1.3420000000000072,0.2920000000000073,-0.4079999999999923,1,0,1,0,0.2920000000000073,21.38000000000011,21.38000000000011,0.1585594013096284,14.730000000000018,0.30414120841819503,4.260000000000218,9.819000000000006,0.868,1.0,,,9,0,3.0,2025
2025-03-04 09:00:00+00:00|1.0|calendar_drop_friday_h9_tp06_sl065,2025-03-04 09:00:00+00:00,STAGE28A,data/reports/stage28a_discovery_factory_batch_runner/stage28a_exact_trades.csv,calendar_time_risk_proxy_v1,calendar_drop_friday_h9_tp06_sl065,-2.283100000000195,-3.333100000000195,-4.033100000000195,0,0,0,1,3.333100000000195,39.940000000000055,11.83999999999969,0.03378378378375394,36.98000000000002,0.6311519740400252,5.610000000000127,7.185000000000059,0.328,1.0,,,9,1,3.0,2025
2025-03-05 09:00:00+00:00|1.0|calendar_drop_friday_h9_tp06_sl065,2025-03-05 09:00:00+00:00,STAGE28A,data/reports/stage28a_discovery_factory_batch_runner/stage28a_exact_trades.csv,calendar_time_risk_proxy_v1,calendar_drop_friday_h9_tp06_sl065,-2.8544499999999062,-3.904449999999906,-4.604449999999906,0,0,0,1,3.904449999999906,45.84999999999991,16.070000000000164,0.24268823895457692,13.5,0.2125925925925845,8.110000000000127,8.235000000000127,0.58,1.0,,,9,2,3.0,2025
2025-03-06 09:00:00+00:00|-1.0|calendar_drop_friday_h9_tp06_sl065,2025-03-06 09:00:00+00:00,STAGE28A,data/reports/stage28a_discovery_factory_batch_runner/stage28a_exact_trades.csv,calendar_time_risk_proxy_v1,calendar_drop_friday_h9_tp06_sl065,1.1590000000000145,0.1090000000000146,-0.5909999999999851,1,0,0,0,0.1090000000000146,35.82999999999993,10.510000000000218,0.08658420551858138,31.970000000000255,0.5711604629339887,3.25,8.029000000000043,0.444,-1.0,,,9,3,3.0,2025
2025-03-07 23:45:00+00:00|1.0|calendar_drop_friday_h9_tp06_sl065,2025-03-07 23:45:00+00:00,STAGE28A,data/reports/stage28a_discovery_factory_batch_runner/stage28a_exact_trades.csv,calendar_time_risk_proxy_v1,calendar_drop_friday_h9_tp06_sl065,-0.35,-1.4,-2.1,0,0,0,0,1.4,35.41000000000031,18.309999999999945,0.1982523211359978,16.63000000000011,0.6806975345760454,6.430000000000291,8.490999999999985,0.548,1.0,,,9,4,3.0,2025
2025-03-10 09:00:00+00:00|1.0|calendar_drop_friday_h9_tp06_sl065,2025-03-10 09:00:00+00:00,STAGE28A,data/reports/stage28a_discovery_factory_batch_runner/stage28a_exact_trades.csv,calendar_time_risk_proxy_v1,calendar_drop_friday_h9_tp06_sl065,1.2384999999998398,0.18849999999984,-0.5115000000001597,1,0,1,0,0.18849999999984,7.430000000000291,10.139999999999873,0.0009861932939071404,18.789999999999964,0.4326769558275503,5.239999999999782,8.058000000000016,0.388,1.0,,,9,0,3.0,2025
2025-03-11 09:00:00+00:00|1.0|calendar_drop_friday_h9_tp06_sl065,2025-03-11 09:00:00+00:00,STAGE28A,data/reports/stage28a_discovery_factory_batch_runner/stage28a_exact_trades.csv,calendar_time_risk_proxy_v1,calendar_drop_friday_h9_tp06_sl065,1.3227999999998246,0.2727999999998247,-0.427200000000175,1,0,1,0,0.2727999999998247,38.289999999999964,20.169999999999618,0.4615765989092772,21.789999999999964,0.6608536025699915,9.319999999999709,7.838999999999873,0.312,1.0,,,9,1,3.0,2025
2025-03-12 09:00:00+00:00|-1.0|calendar_drop_friday_h9_tp06_sl065,2025-03-12 09:00:00+00:00,STAGE28A,data/reports/stage28a_discovery_factory_batch_runner/stage28a_exact_trades.csv,calendar_time_risk_proxy_v1,calendar_drop_friday_h9_tp06_sl065,1.3065999999997984,0.2565999999997985,-0.4434000000002012,1,0,1,0,0.2565999999997985,41.909999999999854,9.090000000000146,0.10121012101205756,16.450000000000273,0.043161094224925506,9.789999999999964,5.554499999999962,0.016,-1.0,,,9,2,3.0,2025
2025-03-13 09:00:00+00:00|1.0|calendar_drop_friday_h9_tp06_sl065,2025-03-13 09:00:00+00:00,STAGE28A,data/reports/stage28a_discovery_factory_batch_runner/stage28a_exact_trades.csv,calendar_time_risk_proxy_v1,calendar_drop_friday_h9_tp06_sl065,1.2015999999997802,0.1515999999997803,-0.5484000000002194,1,0,0,0,0.1515999999997803,34.40000000000009,14.309999999999945,0.8315863032844261,15.86999999999989,0.043478260869568956,4.789999999999964,6.024500000000012,0.072,1.0,,,9,3,3.0,2025
2025-03-14 22:45:00+00:00|1.0|calendar_drop_friday_h9_tp06_sl065,2025-03-14 22:45:00+00:00,STAGE28A,data/reports/stage28a_discovery_factory_batch_runner/stage28a_exact_trades.csv,calendar_time_risk_proxy_v1,calendar_drop_friday_h9_tp06_sl065,1.308400000000256,0.2584000000002562,-0.4415999999997435,1,0,1,0,0.2584000000002562,56.50999999999976,12.150000000000091,0.27160493827158044,24.0,0.32583333333334014,3.8099999999999454,7.4200000000000275,0.344,1.0,,,9,4,3.0,2025
2025-03-17 09:00:00+00:00|1.0|calendar_drop_friday_h9_tp06_sl065,2025-03-17 09:00:00+00:00,STAGE28A,data/reports/stage28a_discovery_factory_batch_runner/stage28a_exact_trades.csv,calendar_time_risk_proxy_v1,calendar_drop_friday_h9_tp06_sl065,-1.7042750000001434,-2.7542750000001432,-3.454275000000143,0,0,0,0,2.7542750000001432,10.909999999999854,11.659999999999854,0.14493996569468917,17.420000000000073,0.9466130884041167,5.299999999999727,6.151999999999998,0.108,1.0,,,9,0,3.0,2025
2025-03-18 09:00:00+00:00|1.0|calendar_drop_friday_h9_tp06_sl065,2025-03-18 09:00:00+00:00,STAGE28A,data/reports/stage28a_discovery_factory_batch_runner/stage28a_exact_trades.csv,calendar_time_risk_proxy_v1,calendar_drop_friday_h9_tp06_sl065,-2.632799999999952,-3.682799999999952,-4.382799999999952,0,0,0,1,3.682799999999952,20.670000000000073,17.58999999999969,0.8095508811824919,22.340000000000146,0.4185317815577372,6.989999999999782,5.907500000000004,0.152,1.0,,,9,1,3.0,2025
2025-03-19 09:00:00+00:00|-1.0|calendar_drop_friday_h9_tp06_sl065,2025-03-19 09:00:00+00:00,STAGE28A,data/reports/stage28a_discovery_factory_batch_runner/stage28a_exact_trades.csv,calendar_time_risk_proxy_v1,calendar_drop_friday_h9_tp06_sl065,-2.549274999999944,-3.599274999999943,-4.299274999999943,0,0,0,1,3.599274999999943,38.73999999999978,11.580000000000382,0.2573402417961934,22.529999999999745,0.08521970705726119,10.259999999999764,5.880999999999995,0.168,-1.0,,,9,2,3.0,2025
2025-03-20 09:00:00+00:00|-1.0|calendar_drop_friday_h9_tp06_sl065,2025-03-20 09:00:00+00:00,STAGE28A,data/reports/stage28a_discovery_factory_batch_runner/stage28a_exact_trades.csv,calendar_time_risk_proxy_v1,calendar_drop_friday_h9_tp06_sl065,1.6584999999999126,0.6084999999999128,-0.0915000000000869,1,0,1,0,0.6084999999999128,29.179999999999836,12.38000000000011,0.4491114701130773,28.149999999999636,0.6600355239786916,5.869999999999891,6.9360000000000355,0.452,-1.0,,,9,3,3.0,2025
2025-03-21 22:45:00+00:00|1.0|calendar_drop_friday_h9_tp06_sl065,2025-03-21 22:45:00+00:00,STAGE28A,data/reports/stage28a_discovery_factory_batch_runner/stage28a_exact_trades.csv,calendar_time_risk_proxy_v1,calendar_drop_friday_h9_tp06_sl065,-0.35,-1.4,-2.1,0,0,0,0,1.4,32.0,19.5,0.7379487179487114,13.140000000000327,0.07686453576866005,6.0,7.981000000000018,0.868,1.0,,,9,4,3.0,2025
2025-03-24 09:00:00+00:00|1.0|calendar_drop_friday_h9_tp06_sl065,2025-03-24 09:00:00+00:00,STAGE28A,data/reports/stage28a_discovery_factory_batch_runner/stage28a_exact_trades.csv,calendar_time_risk_proxy_v1,calendar_drop_friday_h9_tp06_sl065,1.3243000000001302,0.2743000000001303,-0.4256999999998694,1,0,1,0,0.2743000000001303,5.869999999999891,12.66000000000031,0.09794628751976352,15.970000000000255,0.5453976205385033,8.38000000000011,7.820000000000027,0.864,1.0,,,9,0,3.0,2025
2025-03-25 09:00:00+00:00|1.0|calendar_drop_friday_h9_tp06_sl065,2025-03-25 09:00:00+00:00,STAGE28A,data/reports/stage28a_discovery_factory_batch_runner/stage28a_exact_trades.csv,calendar_time_risk_proxy_v1,calendar_drop_friday_h9_tp06_sl065,-1.931775000000107,-2.981775000000107,-3.6817750000001066,0,0,0,0,2.981775000000107,30.789999999999964,8.889999999999873,0.4915635545556753,14.550000000000182,0.5862542955326212,3.869999999999891,5.973500000000013,0.244,1.0,,,9,1,3.0,2025
2025-03-26 09:00:00+00:00|1.0|calendar_drop_friday_h9_tp06_sl065,2025-03-26 09:00:00+00:00,STAGE28A,data/reports/stage28a_discovery_factory_batch_runner/stage28a_exact_trades.csv,calendar_time_risk_proxy_v1,calendar_drop_friday_h9_tp06_sl065,1.1242000000001098,0.0742000000001099,-0.6257999999998898,1,0,0,0,0.0742000000001099,28.480000000000018,12.690000000000055,0.3065405831363165,18.789999999999964,0.4220329962746063,4.1899999999996,5.6259999999999994,0.12,1.0,,,9,2,3.0,2025
2025-03-27 09:00:00+00:00|1.0|calendar_drop_friday_h9_tp06_sl065,2025-03-27 09:00:00+00:00,STAGE28A,data/reports/stage28a_discovery_factory_batch_runner/stage28a_exact_trades.csv,calendar_time_risk_proxy_v1,calendar_drop_friday_h9_tp06_sl065,1.5694000000002233,0.5194000000002235,-0.1805999999997762,1,0,1,0,0.5194000000002235,19.840000000000146,21.110000000000127,0.7607768829938346,29.13000000000011,0.5918297288019283,6.519999999999982,5.534000000000015,0.08,1.0,,,9,3,3.0,2025
2025-03-28 22:45:00+00:00|1.0|calendar_drop_friday_h9_tp06_sl065,2025-03-28 22:45:00+00:00,STAGE28A,data/reports/stage28a_discovery_factory_batch_runner/stage28a_exact_trades.csv,calendar_time_risk_proxy_v1,calendar_drop_friday_h9_tp06_sl065,-0.35,-1.4,-2.1,0,0,0,0,1.4,42.07999999999993,23.289999999999964,0.7745813653928721,19.770000000000437,0.018715225088535025,2.400000000000091,9.158500000000004,1.0,1.0,,,9,4,3.0,2025
2025-03-31 09:00:00+00:00|1.0|calendar_drop_friday_h9_tp06_sl065,2025-03-31 09:00:00+00:00,STAGE28A,data/reports/stage28a_discovery_factory_batch_runner/stage28a_exact_trades.csv,calendar_time_risk_proxy_v1,calendar_drop_friday_h9_tp06_sl065,-4.349124999999821,-5.399124999999822,-6.099124999999821,0,0,0,1,5.399124999999822,12.38000000000011,34.820000000000164,0.49109707064904734,22.2199999999998,0.3510351035103419,12.180000000000291,9.99200000000003,0.996,1.0,,,9,0,3.0,2025
2025-04-01 09:00:00+00:00|-1.0|calendar_drop_friday_h9_tp06_sl065,2025-04-01 09:00:00+00:00,STAGE28A,data/reports/stage28a_discovery_factory_batch_runner/stage28a_exact_trades.csv,calendar_time_risk_proxy_v1,calendar_drop_friday_h9_tp06_sl065,2.294800000000032,1.244800000000032,0.5448000000000324,1,1,1,0,1.244800000000032,51.42000000000007,27.210000000000036,0.8515251745681582,24.809999999999945,0.5630794034663373,18.449999999999818,9.038999999999941,0.888,-1.0,,,9,1,4.0,2025
2025-04-02 09:00:00+00:00|1.0|calendar_drop_friday_h9_tp06_sl065,2025-04-02 09:00:00+00:00,STAGE28A,data/reports/stage28a_discovery_factory_batch_runner/stage28a_exact_trades.csv,calendar_time_risk_proxy_v1,calendar_drop_friday_h9_tp06_sl065,2.148700000000099,1.098700000000099,0.3987000000000993,1,1,1,0,1.098700000000099,48.38000000000011,27.879999999999654,0.5068149210903976,24.329999999999927,0.23386765310316776,9.570000000000164,9.11550000000002,0.856,1.0,,,9,2,4.0,2025
2025-04-03 09:00:00+00:00|-1.0|calendar_drop_friday_h9_tp06_sl065,2025-04-03 09:00:00+00:00,STAGE28A,data/reports/stage28a_discovery_factory_batch_runner/stage28a_exact_trades.csv,calendar_time_risk_proxy_v1,calendar_drop_friday_h9_tp06_sl065,3.2647000000000843,2.2147000000000845,1.5147000000000848,1,1,1,0,2.2147000000000845,41.36000000000013,45.86000000000013,0.04513737461839737,33.409999999999854,0.7934750074827995,16.789999999999964,14.777999999999997,1.0,-1.0,,,9,3,4.0,2025
2025-04-04 23:45:00+00:00|1.0|calendar_drop_friday_h9_tp06_sl065,2025-04-04 23:45:00+00:00,STAGE28A,data/reports/stage28a_discovery_factory_batch_runner/stage28a_exact_trades.csv,calendar_time_risk_proxy_v1,calendar_drop_friday_h9_tp06_sl065,-0.35,-1.4,-2.1,0,0,0,0,1.4,113.61000000000013,29.670000000000073,0.572295247724974,31.329999999999927,0.25247366741143723,18.769999999999982,19.32099999999998,0.984,1.0,,,9,4,4.0,2025
2025-04-07 09:00:00+00:00|1.0|calendar_drop_friday_h9_tp06_sl065,2025-04-07 09:00:00+00:00,STAGE28A,data/reports/stage28a_discovery_factory_batch_runner/stage28a_exact_trades.csv,calendar_time_risk_proxy_v1,calendar_drop_friday_h9_tp06_sl065,-8.860449999999764,-9.910449999999765,-10.610449999999764,0,0,0,1,9.910449999999765,31.919999999999618,84.09999999999991,0.11319857312722939,31.210000000000036,0.19801345722524283,19.720000000000255,30.0329999999999,0.992,1.0,,,9,0,4.0,2025
2025-04-08 09:00:00+00:00|1.0|calendar_drop_friday_h9_tp06_sl065,2025-04-08 09:00:00+00:00,STAGE28A,data/reports/stage28a_discovery_factory_batch_runner/stage28a_exact_trades.csv,calendar_time_risk_proxy_v1,calendar_drop_friday_h9_tp06_sl065,3.248199999999906,2.1981999999999062,1.4981999999999065,1,1,1,0,2.1981999999999062,99.02999999999975,26.2800000000002,0.3047945205479339,24.710000000000036,0.4900849858356985,8.670000000000073,15.957500000000028,0.768,1.0,,,9,1,4.0,2025
2025-04-09 09:00:00+00:00|1.0|calendar_drop_friday_h9_tp06_sl065,2025-04-09 09:00:00+00:00,STAGE28A,data/reports/stage28a_discovery_factory_batch_runner/stage28a_exact_trades.csv,calendar_time_risk_proxy_v1,calendar_drop_friday_h9_tp06_sl065,-5.414800000000104,-6.464800000000105,-7.164800000000104,0,0,0,1,6.464800000000105,47.98000000000002,41.13999999999987,0.5486144871171555,52.7800000000002,0.7663887836301566,15.050000000000182,14.241499999999997,0.7,1.0,,,9,2,4.0,2025
2025-04-10 09:00:00+00:00|-1.0|calendar_drop_friday_h9_tp06_sl065,2025-04-10 09:00:00+00:00,STAGE28A,data/reports/stage28a_discovery_factory_batch_runner/stage28a_exact_trades.csv,calendar_time_risk_proxy_v1,calendar_drop_friday_h9_tp06_sl065,4.841200000000208,3.791200000000208,3.0912000000002084,1,1,1,0,3.791200000000208,129.6500000000001,60.11999999999989,0.7538256819693986,29.460000000000036,0.30040733197557207,19.7800000000002,21.40850000000005,0.9,-1.0,,,9,3,4.0,2025
2025-04-11 23:45:00+00:00|1.0|calendar_drop_friday_h9_tp06_sl065,2025-04-11 23:45:00+00:00,STAGE28A,data/reports/stage28a_discovery_factory_batch_runner/stage28a_exact_trades.csv,calendar_time_risk_proxy_v1,calendar_drop_friday_h9_tp06_sl065,-4.031924999999864,-5.081924999999865,-5.781924999999864,0,0,0,1,5.081924999999865,117.48000000000002,44.58999999999969,0.6503700381251447,42.960000000000036,0.23114525139664405,8.190000000000055,17.83900000000001,0.744,1.0,,,9,4,4.0,2025
2025-04-14 09:00:00+00:00|-1.0|calendar_drop_friday_h9_tp06_sl065,2025-04-14 09:00:00+00:00,STAGE28A,data/reports/stage28a_discovery_factory_batch_runner/stage28a_exact_trades.csv,calendar_time_risk_proxy_v1,calendar_drop_friday_h9_tp06_sl065,-4.670549999999912,-5.720549999999912,-6.420549999999912,0,0,0,1,5.720549999999912,20.509999999999764,36.29999999999973,0.31129476584022775,21.460000000000036,0.39422180801491247,14.5,14.451500000000033,0.428,-1.0,,,9,0,4.0,2025
2025-04-15 09:00:00+00:00|-1.0|calendar_drop_friday_h9_tp06_sl065,2025-04-15 09:00:00+00:00,STAGE28A,data/reports/stage28a_discovery_factory_batch_runner/stage28a_exact_trades.csv,calendar_time_risk_proxy_v1,calendar_drop_friday_h9_tp06_sl065,2.2665999999998347,1.216599999999835,0.5165999999998352,1,1,1,0,1.216599999999835,52.00999999999976,18.799999999999727,0.8563829787234118,15.259999999999764,0.38204456094364464,11.200000000000273,10.771999999999958,0.192,-1.0,,,9,1,4.0,2025
2025-04-16 09:00:00+00:00|1.0|calendar_drop_friday_h9_tp06_sl065,2025-04-16 09:00:00+00:00,STAGE28A,data/reports/stage28a_discovery_factory_batch_runner/stage28a_exact_trades.csv,calendar_time_risk_proxy_v1,calendar_drop_friday_h9_tp06_sl065,3.4131999999998697,2.36319999999987,1.66319999999987,1,1,1,0,2.36319999999987,31.389999999999873,51.76000000000022,0.7735703245749574,48.39000000000033,0.4552593511056014,8.0300000000002,10.89399999999996,0.188,1.0,,,9,2,4.0,2025
2025-04-17 09:00:00+00:00|-1.0|calendar_drop_friday_h9_tp06_sl065,2025-04-17 09:00:00+00:00,STAGE28A,data/reports/stage28a_discovery_factory_batch_runner/stage28a_exact_trades.csv,calendar_time_risk_proxy_v1,calendar_drop_friday_h9_tp06_sl065,4.2550000000000185,3.2050000000000183,2.5050000000000185,1,1,1,0,3.2050000000000183,121.34000000000015,36.90000000000009,0.17723577235772214,32.649999999999636,0.7038284839203759,16.98999999999978,13.286000000000012,0.288,-1.0,,,9,3,4.0,2025
2025-04-17 23:45:00+00:00|1.0|calendar_drop_friday_h9_tp06_sl065,2025-04-17 23:45:00+00:00,STAGE28A,data/reports/stage28a_discovery_factory_batch_runner/stage28a_exact_trades.csv,calendar_time_risk_proxy_v1,calendar_drop_friday_h9_tp06_sl065,-0.35,-1.4,-2.1,0,0,0,0,1.4,121.34000000000015,36.90000000000009,0.17723577235772214,32.649999999999636,0.7038284839203759,10.859999999999673,14.703999999999974,0.448,1.0,,,9,3,4.0,2025
2025-04-21 09:00:00+00:00|1.0|calendar_drop_friday_h9_tp06_sl065,2025-04-21 09:00:00+00:00,STAGE28A,data/reports/stage28a_discovery_factory_batch_runner/stage28a_exact_trades.csv,calendar_time_risk_proxy_v1,calendar_drop_friday_h9_tp06_sl065,-3.90744999999979,-4.95744999999979,-5.657449999999789,0,0,0,1,4.95744999999979,24.230000000000018,56.29999999999973,0.6460035523978698,27.25,0.4565137614678919,9.860000000000127,14.714999999999986,0.472,1.0,,,9,0,4.0,2025
2025-04-22 09:00:00+00:00|-1.0|calendar_drop_friday_h9_tp06_sl065,2025-04-22 09:00:00+00:00,STAGE28A,data/reports/stage28a_discovery_factory_batch_runner/stage28a_exact_trades.csv,calendar_time_risk_proxy_v1,calendar_drop_friday_h9_tp06_sl065,5.091100000000006,4.0411000000000055,3.341100000000006,1,1,1,0,4.0411000000000055,102.19999999999982,82.3100000000004,0.6886162070222277,56.809999999999945,0.5835240274599564,21.990000000000236,17.459500000000048,0.776,-1.0,,,9,1,4.0,2025
2025-04-23 09:00:00+00:00|-1.0|calendar_drop_friday_h9_tp06_sl065,2025-04-23 09:00:00+00:00,STAGE28A,data/reports/stage28a_discovery_factory_batch_runner/stage28a_exact_trades.csv,calendar_time_risk_proxy_v1,calendar_drop_friday_h9_tp06_sl065,6.79240000000018,5.742400000000179,5.04240000000018,1,1,1,0,5.742400000000179,174.55999999999995,73.46000000000004,0.1497413558399128,57.48999999999978,0.37049921725517937,33.31999999999971,26.55799999999997,1.0,-1.0,,,9,2,4.0,2025
2025-04-24 09:00:00+00:00|1.0|calendar_drop_friday_h9_tp06_sl065,2025-04-24 09:00:00+00:00,STAGE28A,data/reports/stage28a_discovery_factory_batch_runner/stage28a_exact_trades.csv,calendar_time_risk_proxy_v1,calendar_drop_friday_h9_tp06_sl065,-6.532475000000067,-7.582475000000068,-8.282475000000067,0,0,0,1,7.582475000000068,126.44999999999982,79.0,0.23063291139240252,28.09999999999991,0.312455516014243,15.010000000000218,21.276500000000077,0.824,1.0,,,9,3,4.0,2025
2025-04-25 23:45:00+00:00|1.0|calendar_drop_friday_h9_tp06_sl065,2025-04-25 23:45:00+00:00,STAGE28A,data/reports/stage28a_discovery_factory_batch_runner/stage28a_exact_trades.csv,calendar_time_risk_proxy_v1,calendar_drop_friday_h9_tp06_sl065,-0.35,-1.4,-2.1,0,0,0,0,1.4,79.0,48.029999999999745,0.906516760358123,40.48999999999978,0.7698197085700232,24.539999999999964,16.793000000000006,0.668,1.0,,,9,4,4.0,2025
2025-04-28 09:00:00+00:00|-1.0|calendar_drop_friday_h9_tp06_sl065,2025-04-28 09:00:00+00:00,STAGE28A,data/reports/stage28a_discovery_factory_batch_runner/stage28a_exact_trades.csv,calendar_time_risk_proxy_v1,calendar_drop_friday_h9_tp06_sl065,4.50550000000012,3.45550000000012,2.7555000000001204,1,1,1,0,3.45550000000012,21.850000000000364,62.68000000000029,0.3162093171665615,26.480000000000018,0.6182024169184245,13.090000000000146,16.679500000000054,0.636,-1.0,,,9,0,4.0,2025
2025-04-29 09:00:00+00:00|-1.0|calendar_drop_friday_h9_tp06_sl065,2025-04-29 09:00:00+00:00,STAGE28A,data/reports/stage28a_discovery_factory_batch_runner/stage28a_exact_trades.csv,calendar_time_risk_proxy_v1,calendar_drop_friday_h9_tp06_sl065,-4.787875000000076,-5.837875000000077,-6.537875000000076,0,0,0,1,5.837875000000077,84.68000000000029,40.26999999999998,0.5495406009436334,19.720000000000255,0.35699797160242763,11.450000000000273,13.959000000000037,0.352,-1.0,,,9,1,4.0,2025
2025-04-30 09:00:00+00:00|-1.0|calendar_drop_friday_h9_tp06_sl065,2025-04-30 09:00:00+00:00,STAGE28A,data/reports/stage28a_discovery_factory_batch_runner/stage28a_exact_trades.csv,calendar_time_risk_proxy_v1,calendar_drop_friday_h9_tp06_sl065,2.8230999999999766,1.7730999999999768,1.073099999999977,1,1,1,0,1.7730999999999768,48.690000000000055,24.269999999999982,0.5937371240214201,39.57999999999993,0.7271349166245528,6.960000000000036,11.134499999999957,0.12,-1.0,,,9,2,4.0,2025
2025-05-01 09:00:00+00:00|1.0|calendar_drop_friday_h9_tp06_sl065,2025-05-01 09:00:00+00:00,STAGE28A,data/reports/stage28a_discovery_factory_batch_runner/stage28a_exact_trades.csv,calendar_time_risk_proxy_v1,calendar_drop_friday_h9_tp06_sl065,4.072900000000027,3.022900000000027,2.3229000000000277,1,1,1,0,3.022900000000027,60.86999999999989,61.15000000000009,0.7282093213409596,27.449999999999818,0.39744990892533266,15.319999999999709,16.417999999999985,0.6,1.0,,,9,3,5.0,2025
2025-05-02 23:45:00+00:00|1.0|calendar_drop_friday_h9_tp06_sl065,2025-05-02 23:45:00+00:00,STAGE28A,data/reports/stage28a_discovery_factory_batch_runner/stage28a_exact_trades.csv,calendar_time_risk_proxy_v1,calendar_drop_friday_h9_tp06_sl065,-0.35,-1.4,-2.1,0,0,0,0,1.4,88.20000000000027,31.109999999999673,0.5483767277402805,20.670000000000073,0.49443638122882266,8.110000000000127,13.264999999999986,0.212,1.0,,,9,4,5.0,2025
2025-05-05 09:00:00+00:00|1.0|calendar_drop_friday_h9_tp06_sl065,2025-05-05 09:00:00+00:00,STAGE28A,data/reports/stage28a_discovery_factory_batch_runner/stage28a_exact_trades.csv,calendar_time_risk_proxy_v1,calendar_drop_friday_h9_tp06_sl065,3.121300000000156,2.071300000000156,1.371300000000156,1,1,1,0,2.071300000000156,7.070000000000164,34.75,0.4330935251798483,55.36000000000013,0.9750722543352582,7.940000000000055,13.654500000000075,0.308,1.0,,,9,0,5.0,2025
2025-05-06 09:00:00+00:00|1.0|calendar_drop_friday_h9_tp06_sl065,2025-05-06 09:00:00+00:00,STAGE28A,data/reports/stage28a_discovery_factory_batch_runner/stage28a_exact_trades.csv,calendar_time_risk_proxy_v1,calendar_drop_friday_h9_tp06_sl065,5.264500000000135,4.214500000000134,3.514500000000135,1,1,1,0,4.214500000000134,100.18000000000029,63.51999999999998,0.4711901763224157,32.86999999999989,0.6905993306966807,13.700000000000273,13.53100000000004,0.324,1.0,,,9,1,5.0,2025
2025-05-07 09:00:00+00:00|1.0|calendar_drop_friday_h9_tp06_sl065,2025-05-07 09:00:00+00:00,STAGE28A,data/reports/stage28a_discovery_factory_batch_runner/stage28a_exact_trades.csv,calendar_time_risk_proxy_v1,calendar_drop_friday_h9_tp06_sl065,-5.835999999999876,-6.885999999999877,-7.585999999999876,0,0,0,1,6.885999999999877,111.4699999999998,78.80000000000018,0.07398477157360296,27.629999999999654,0.20123054650742,10.789999999999964,19.46250000000009,0.852,1.0,,,9,2,5.0,2025
2025-05-08 09:00:00+00:00|-1.0|calendar_drop_friday_h9_tp06_sl065,2025-05-08 09:00:00+00:00,STAGE28A,data/reports/stage28a_discovery_factory_batch_runner/stage28a_exact_trades.csv,calendar_time_risk_proxy_v1,calendar_drop_friday_h9_tp06_sl065,-6.263050000000112,-7.313050000000112,-8.013050000000112,0,0,0,1,7.313050000000112,78.80000000000018,50.23000000000002,0.5377264582918525,79.16000000000031,0.8227640222334494,29.269999999999982,14.85549999999996,0.544,-1.0,,,9,3,5.0,2025
2025-05-09 23:45:00+00:00|1.0|calendar_drop_friday_h9_tp06_sl065,2025-05-09 23:45:00+00:00,STAGE28A,data/reports/stage28a_discovery_factory_batch_runner/stage28a_exact_trades.csv,calendar_time_risk_proxy_v1,calendar_drop_friday_h9_tp06_sl065,2.1417999999997845,1.0917999999997847,0.391799999999785,1,1,1,0,1.0917999999997847,126.18000000000029,49.309999999999945,0.3214358142364617,24.079999999999927,0.7093023255813945,14.359999999999673,13.973999999999933,0.44,1.0,,,9,4,5.0,2025
2025-05-12 09:00:00+00:00|-1.0|calendar_drop_friday_h9_tp06_sl065,2025-05-12 09:00:00+00:00,STAGE28A,data/reports/stage28a_discovery_factory_batch_runner/stage28a_exact_trades.csv,calendar_time_risk_proxy_v1,calendar_drop_friday_h9_tp06_sl065,3.3612999999999373,2.311299999999937,1.6112999999999378,1,1,1,0,2.311299999999937,44.57999999999993,52.61999999999989,0.20600532117066073,70.42999999999984,0.9747266789720325,11.140000000000327,16.403,0.744,-1.0,,,9,0,5.0,2025
2025-05-13 09:00:00+00:00|1.0|calendar_drop_friday_h9_tp06_sl065,2025-05-13 09:00:00+00:00,STAGE28A,data/reports/stage28a_discovery_factory_batch_runner/stage28a_exact_trades.csv,calendar_time_risk_proxy_v1,calendar_drop_friday_h9_tp06_sl065,3.958899999999994,2.9088999999999943,2.2088999999999945,1,1,1,0,2.9088999999999943,103.59999999999991,27.399999999999636,0.1021897810219058,30.669999999999618,0.5441799804369176,9.480000000000018,12.776499999999965,0.212,1.0,,,9,1,5.0,2025
2025-05-14 09:00:00+00:00|1.0|calendar_drop_friday_h9_tp06_sl065,2025-05-14 09:00:00+00:00,STAGE28A,data/reports/stage28a_discovery_factory_batch_runner/stage28a_exact_trades.csv,calendar_time_risk_proxy_v1,calendar_drop_friday_h9_tp06_sl065,-4.283474999999816,-5.333474999999817,-6.033474999999816,0,0,0,1,5.333474999999817,49.629999999999654,30.800000000000182,0.849025974025972,22.360000000000127,0.1797853309481198,12.690000000000055,10.183999999999969,0.016,1.0,,,9,2,5.0,2025
2025-05-15 09:00:00+00:00|1.0|calendar_drop_friday_h9_tp06_sl065,2025-05-15 09:00:00+00:00,STAGE28A,data/reports/stage28a_discovery_factory_batch_runner/stage28a_exact_trades.csv,calendar_time_risk_proxy_v1,calendar_drop_friday_h9_tp06_sl065,-5.307225000000107,-6.357225000000108,-7.057225000000107,0,0,0,1,6.357225000000108,88.99000000000024,44.320000000000164,0.7274368231046958,50.940000000000055,0.290341578327443,19.620000000000346,14.314500000000066,0.528,1.0,,,9,3,5.0,2025
2025-05-16 23:45:00+00:00|1.0|calendar_drop_friday_h9_tp06_sl065,2025-05-16 23:45:00+00:00,STAGE28A,data/reports/stage28a_discovery_factory_batch_runner/stage28a_exact_trades.csv,calendar_time_risk_proxy_v1,calendar_drop_friday_h9_tp06_sl065,-0.35,-1.4,-2.1,0,0,0,0,1.4,131.69000000000005,45.57999999999993,0.8600263273365585,35.88000000000011,0.07413600891861333,8.210000000000036,15.963499999999954,0.716,1.0,,,9,4,5.0,2025
2025-05-19 09:00:00+00:00|1.0|calendar_drop_friday_h9_tp06_sl065,2025-05-19 09:00:00+00:00,STAGE28A,data/reports/stage28a_discovery_factory_batch_runner/stage28a_exact_trades.csv,calendar_time_risk_proxy_v1,calendar_drop_friday_h9_tp06_sl065,3.798999999999887,2.7489999999998878,2.048999999999888,1,1,1,0,2.7489999999998878,34.039999999999964,43.0,0.6297674418604634,40.88999999999987,0.7282954267547149,9.370000000000346,17.650000000000023,0.852,1.0,,,9,0,5.0,2025
2025-05-20 09:00:00+00:00|1.0|calendar_drop_friday_h9_tp06_sl065,2025-05-20 09:00:00+00:00,STAGE28A,data/reports/stage28a_discovery_factory_batch_runner/stage28a_exact_trades.csv,calendar_time_risk_proxy_v1,calendar_drop_friday_h9_tp06_sl065,-4.089125000000058,-5.139125000000059,-5.839125000000058,0,0,0,1,5.139125000000059,43.039999999999964,28.140000000000327,0.5501066098080805,31.31999999999971,0.7962962962963054,9.88000000000011,10.125500000000011,0.024,1.0,,,9,1,5.0,2025
2025-05-21 09:00:00+00:00|1.0|calendar_drop_friday_h9_tp06_sl065,2025-05-21 09:00:00+00:00,STAGE28A,data/reports/stage28a_discovery_factory_batch_runner/stage28a_exact_trades.csv,calendar_time_risk_proxy_v1,calendar_drop_friday_h9_tp06_sl065,3.5667999999999664,2.5167999999999666,1.8167999999999669,1,1,1,0,2.5167999999999666,92.44000000000005,29.09999999999991,0.3731958762886497,22.159999999999854,0.26579422382673135,21.179999999999836,12.979999999999905,0.3,1.0,,,9,2,5.0,2025
2025-05-22 09:00:00+00:00|-1.0|calendar_drop_friday_h9_tp06_sl065,2025-05-22 09:00:00+00:00,STAGE28A,data/reports/stage28a_discovery_factory_batch_runner/stage28a_exact_trades.csv,calendar_time_risk_proxy_v1,calendar_drop_friday_h9_tp06_sl065,2.585199999999895,1.535199999999895,0.8351999999998956,1,1,1,0,1.535199999999895,39.2800000000002,29.789999999999964,0.5877811346089219,35.23999999999978,0.8688989784336004,13.170000000000073,10.609499999999958,0.12,-1.0,,,9,3,5.0,2025
2025-05-23 23:45:00+00:00|1.0|calendar_drop_friday_h9_tp06_sl065,2025-05-23 23:45:00+00:00,STAGE28A,data/reports/stage28a_discovery_factory_batch_runner/stage28a_exact_trades.csv,calendar_time_risk_proxy_v1,calendar_drop_friday_h9_tp06_sl065,-0.35,-1.4,-2.1,0,0,0,0,1.4,66.07000000000016,21.76000000000022,0.197150735294114,32.4399999999996,0.8187422934648666,7.410000000000309,12.607000000000017,0.392,1.0,,,9,4,5.0,2025
2025-05-26 09:00:00+00:00|-1.0|calendar_drop_friday_h9_tp06_sl065,2025-05-26 09:00:00+00:00,STAGE28A,data/reports/stage28a_discovery_factory_batch_runner/stage28a_exact_trades.csv,calendar_time_risk_proxy_v1,calendar_drop_friday_h9_tp06_sl065,2.331100000000242,1.2811000000002424,0.5811000000002426,1,1,1,0,1.2811000000002424,14.840000000000146,25.259999999999764,0.1270783847981024,28.269999999999982,0.6742129465864859,7.450000000000273,12.061500000000047,0.312,-1.0,,,9,0,5.0,2025
2025-05-27 09:00:00+00:00|-1.0|calendar_drop_friday_h9_tp06_sl065,2025-05-27 09:00:00+00:00,STAGE28A,data/reports/stage28a_discovery_factory_batch_runner/stage28a_exact_trades.csv,calendar_time_risk_proxy_v1,calendar_drop_friday_h9_tp06_sl065,2.506600000000071,1.4566000000000714,0.7566000000000717,1,1,1,0,1.4566000000000714,33.23999999999978,18.09999999999991,0.3596685082872816,48.90000000000009,0.9141104294478474,16.549999999999727,7.233500000000004,0.036,-1.0,,,9,1,5.0,2025
2025-05-28 09:00:00+00:00|1.0|calendar_drop_friday_h9_tp06_sl065,2025-05-28 09:00:00+00:00,STAGE28A,data/reports/stage28a_discovery_factory_batch_runner/stage28a_exact_trades.csv,calendar_time_risk_proxy_v1,calendar_drop_friday_h9_tp06_sl065,3.1186000000001517,2.0686000000001514,1.3686000000001517,1,1,1,0,2.0686000000001514,64.65999999999985,24.050000000000182,0.22910602910601754,31.070000000000164,0.8464757000321868,14.239999999999782,9.785500000000047,0.124,1.0,,,9,2,5.0,2025
2025-05-29 09:00:00+00:00|1.0|calendar_drop_friday_h9_tp06_sl065,2025-05-29 09:00:00+00:00,STAGE28A,data/reports/stage28a_discovery_factory_batch_runner/stage28a_exact_trades.csv,calendar_time_risk_proxy_v1,calendar_drop_friday_h9_tp06_sl065,3.3265000000000327,2.276500000000033,1.576500000000033,1,1,1,0,2.276500000000033,48.7199999999998,49.67000000000007,0.2415945238574589,23.240000000000236,0.3222891566265129,6.630000000000109,14.188999999999965,0.752,1.0,,,9,3,5.0,2025
2025-05-30 23:45:00+00:00|1.0|calendar_drop_friday_h9_tp06_sl065,2025-05-30 23:45:00+00:00,STAGE28A,data/reports/stage28a_discovery_factory_batch_runner/stage28a_exact_trades.csv,calendar_time_risk_proxy_v1,calendar_drop_friday_h9_tp06_sl065,-0.35,-1.4,-2.1,0,0,0,0,1.4,85.5,31.449999999999818,0.6311605723370437,17.59999999999991,0.06193181818182677,3.4200000000000728,12.199499999999967,0.612,1.0,,,9,4,5.0,2025
2025-06-02 09:00:00+00:00|1.0|calendar_drop_friday_h9_tp06_sl065,2025-06-02 09:00:00+00:00,STAGE28A,data/reports/stage28a_discovery_factory_batch_runner/stage28a_exact_trades.csv,calendar_time_risk_proxy_v1,calendar_drop_friday_h9_tp06_sl065,-3.1378500000001623,-4.187850000000163,-4.887850000000162,0,0,0,1,4.187850000000163,19.170000000000073,20.759999999999764,0.2076107899807319,50.04999999999973,0.7880119880119933,11.800000000000182,11.973999999999979,0.564,1.0,,,9,0,6.0,2025
2025-06-03 09:00:00+00:00|-1.0|calendar_drop_friday_h9_tp06_sl065,2025-06-03 09:00:00+00:00,STAGE28A,data/reports/stage28a_discovery_factory_batch_runner/stage28a_exact_trades.csv,calendar_time_risk_proxy_v1,calendar_drop_friday_h9_tp06_sl065,-3.820675000000029,-4.870675000000029,-5.570675000000028,0,0,0,1,4.870675000000029,94.19000000000005,32.42000000000007,0.8932757557063532,16.5,0.27636363636363304,11.329999999999927,10.224000000000023,0.252,-1.0,,,9,1,6.0,2025
2025-06-04 09:00:00+00:00|1.0|calendar_drop_friday_h9_tp06_sl065,2025-06-04 09:00:00+00:00,STAGE28A,data/reports/stage28a_discovery_factory_batch_runner/stage28a_exact_trades.csv,calendar_time_risk_proxy_v1,calendar_drop_friday_h9_tp06_sl065,-3.47519999999995,-4.52519999999995,-5.225199999999949,0,0,0,1,4.52519999999995,59.320000000000164,26.11999999999989,0.07465543644716027,17.25,0.2179710144927663,8.440000000000055,9.388999999999896,0.16,1.0,,,9,2,6.0,2025
2025-06-05 09:00:00+00:00|1.0|calendar_drop_friday_h9_tp06_sl065,2025-06-05 09:00:00+00:00,STAGE28A,data/reports/stage28a_discovery_factory_batch_runner/stage28a_exact_trades.csv,calendar_time_risk_proxy_v1,calendar_drop_friday_h9_tp06_sl065,-3.1316750000001776,-4.181675000000178,-4.881675000000177,0,0,0,1,4.181675000000178,40.88999999999987,15.769999999999982,0.24413443246670347,30.279999999999745,0.6647952443857423,8.509999999999764,9.80050000000001,0.236,1.0,,,9,3,6.0,2025
2025-06-06 23:45:00+00:00|1.0|calendar_drop_friday_h9_tp06_sl065,2025-06-06 23:45:00+00:00,STAGE28A,data/reports/stage28a_discovery_factory_batch_runner/stage28a_exact_trades.csv,calendar_time_risk_proxy_v1,calendar_drop_friday_h9_tp06_sl065,-0.35,-1.4,-2.1,0,0,0,0,1.4,64.22000000000025,18.7199999999998,0.5694444444444671,22.740000000000236,0.5721196130167143,7.670000000000073,11.182000000000016,0.604,1.0,,,9,4,6.0,2025
2025-06-09 09:00:00+00:00|1.0|calendar_drop_friday_h9_tp06_sl065,2025-06-09 09:00:00+00:00,STAGE28A,data/reports/stage28a_discovery_factory_batch_runner/stage28a_exact_trades.csv,calendar_time_risk_proxy_v1,calendar_drop_friday_h9_tp06_sl065,-3.357224999999835,-4.407224999999835,-5.1072249999998345,0,0,0,1,4.407224999999835,11.909999999999854,27.629999999999654,0.1458559536735523,19.210000000000036,0.4122852680895397,6.970000000000255,11.452000000000044,0.656,1.0,,,9,0,6.0,2025
2025-06-10 09:00:00+00:00|1.0|calendar_drop_friday_h9_tp06_sl065,2025-06-10 09:00:00+00:00,STAGE28A,data/reports/stage28a_discovery_factory_batch_runner/stage28a_exact_trades.csv,calendar_time_risk_proxy_v1,calendar_drop_friday_h9_tp06_sl065,-3.579200000000219,-4.629200000000219,-5.329200000000219,0,0,0,1,4.629200000000219,44.629999999999654,25.990000000000236,0.6167756829549673,31.990000000000236,0.6927164738980977,12.399999999999636,8.365499999999907,0.076,1.0,,,9,1,6.0,2025
2025-06-11 09:00:00+00:00|1.0|calendar_drop_friday_h9_tp06_sl065,2025-06-11 09:00:00+00:00,STAGE28A,data/reports/stage28a_discovery_factory_batch_runner/stage28a_exact_trades.csv,calendar_time_risk_proxy_v1,calendar_drop_friday_h9_tp06_sl065,-2.817075000000022,-3.8670750000000234,-4.567075000000022,0,0,0,1,3.8670750000000234,47.15000000000009,26.059999999999945,0.5721412125863349,17.140000000000327,0.3302217036172547,7.539999999999964,9.451499999999987,0.272,1.0,,,9,2,6.0,2025
2025-06-12 09:00:00+00:00|-1.0|calendar_drop_friday_h9_tp06_sl065,2025-06-12 09:00:00+00:00,STAGE28A,data/reports/stage28a_discovery_factory_batch_runner/stage28a_exact_trades.csv,calendar_time_risk_proxy_v1,calendar_drop_friday_h9_tp06_sl065,-2.9480500000000576,-3.9980500000000574,-4.698050000000057,0,0,0,1,3.9980500000000574,54.10999999999967,21.41000000000031,0.20597851471274128,37.07999999999993,0.21467098166127432,7.989999999999782,12.240500000000043,0.864,-1.0,,,9,3,6.0,2025
2025-06-13 23:45:00+00:00|1.0|calendar_drop_friday_h9_tp06_sl065,2025-06-13 23:45:00+00:00,STAGE28A,data/reports/stage28a_discovery_factory_batch_runner/stage28a_exact_trades.csv,calendar_time_risk_proxy_v1,calendar_drop_friday_h9_tp06_sl065,-0.35,-1.4,-2.1,0,0,0,0,1.4,60.320000000000164,64.65000000000009,0.6521268368136086,22.43000000000029,0.05840392331698299,6.460000000000036,13.577000000000044,0.952,1.0,,,9,4,6.0,2025
2025-06-16 09:00:00+00:00|-1.0|calendar_drop_friday_h9_tp06_sl065,2025-06-16 09:00:00+00:00,STAGE28A,data/reports/stage28a_discovery_factory_batch_runner/stage28a_exact_trades.csv,calendar_time_risk_proxy_v1,calendar_drop_friday_h9_tp06_sl065,2.6233000000001083,1.5733000000001085,0.8733000000001088,1,1,1,0,1.5733000000001085,20.269999999999982,23.529999999999745,0.7178070548236317,23.769999999999982,0.8199411022296927,12.529999999999745,11.575499999999987,0.632,-1.0,,,9,0,6.0,2025
2025-06-17 09:00:00+00:00|-1.0|calendar_drop_friday_h9_tp06_sl065,2025-06-17 09:00:00+00:00,STAGE28A,data/reports/stage28a_discovery_factory_batch_runner/stage28a_exact_trades.csv,calendar_time_risk_proxy_v1,calendar_drop_friday_h9_tp06_sl065,2.778700000000208,1.7287000000002082,1.0287000000002084,1,1,1,0,1.7287000000002082,70.05999999999995,29.539999999999964,0.2599864590386019,20.360000000000127,0.10559921414538691,4.730000000000018,10.877500000000055,0.532,-1.0,,,9,1,6.0,2025
2025-06-18 09:00:00+00:00|-1.0|calendar_drop_friday_h9_tp06_sl065,2025-06-18 09:00:00+00:00,STAGE28A,data/reports/stage28a_discovery_factory_batch_runner/stage28a_exact_trades.csv,calendar_time_risk_proxy_v1,calendar_drop_friday_h9_tp06_sl065,2.326600000000235,1.276600000000235,0.5766000000002354,1,1,1,0,1.276600000000235,37.070000000000164,25.65000000000009,0.08109161793372008,24.519999999999982,0.5236541598695006,11.409999999999854,10.158000000000039,0.412,-1.0,,,9,2,6.0,2025
2025-06-19 09:00:00+00:00|-1.0|calendar_drop_friday_h9_tp06_sl065,2025-06-19 09:00:00+00:00,STAGE28A,data/reports/stage28a_discovery_factory_batch_runner/stage28a_exact_trades.csv,calendar_time_risk_proxy_v1,calendar_drop_friday_h9_tp06_sl065,-3.390700000000016,-4.440700000000016,-5.140700000000015,0,0,0,1,4.440700000000016,37.409999999999854,18.40000000000009,0.08641304347826835,27.670000000000073,0.11962414166967607,15.009999999999764,9.58799999999992,0.284,-1.0,,,9,3,6.0,2025
2025-06-20 23:45:00+00:00|1.0|calendar_drop_friday_h9_tp06_sl065,2025-06-20 23:45:00+00:00,STAGE28A,data/reports/stage28a_discovery_factory_batch_runner/stage28a_exact_trades.csv,calendar_time_risk_proxy_v1,calendar_drop_friday_h9_tp06_sl065,-0.35,-1.4,-2.1,0,0,0,0,1.4,40.36000000000013,25.590000000000146,0.3993747557639602,18.860000000000127,0.01590668080592392,5.799999999999727,8.892499999999995,0.152,1.0,,,9,4,6.0,2025
2025-06-23 09:00:00+00:00|-1.0|calendar_drop_friday_h9_tp06_sl065,2025-06-23 09:00:00+00:00,STAGE28A,data/reports/stage28a_discovery_factory_batch_runner/stage28a_exact_trades.csv,calendar_time_risk_proxy_v1,calendar_drop_friday_h9_tp06_sl065,-3.4778000000002067,-4.527800000000207,-5.227800000000206,0,0,0,1,4.527800000000207,23.81999999999971,44.409999999999854,0.3560009006980409,21.91000000000031,0.14696485623002073,13.539999999999964,11.158999999999969,0.68,-1.0,,,9,0,6.0,2025
2025-06-24 09:00:00+00:00|-1.0|calendar_drop_friday_h9_tp06_sl065,2025-06-24 09:00:00+00:00,STAGE28A,data/reports/stage28a_discovery_factory_batch_runner/stage28a_exact_trades.csv,calendar_time_risk_proxy_v1,calendar_drop_friday_h9_tp06_sl065,-3.5587249999999586,-4.608724999999959,-5.308724999999958,0,0,0,1,4.608724999999959,49.309999999999945,36.75,0.08408163265306519,37.289999999999964,0.9155269509251784,22.159999999999854,13.815999999999985,0.98,-1.0,,,9,1,6.0,2025
2025-06-25 09:00:00+00:00|-1.0|calendar_drop_friday_h9_tp06_sl065,2025-06-25 09:00:00+00:00,STAGE28A,data/reports/stage28a_discovery_factory_batch_runner/stage28a_exact_trades.csv,calendar_time_risk_proxy_v1,calendar_drop_friday_h9_tp06_sl065,-2.205424999999741,-3.255424999999741,-3.9554249999997406,0,0,0,1,3.255424999999741,74.55999999999995,14.210000000000036,0.4693877551020447,15.5,0.19935483870965748,6.949999999999818,8.185499999999957,0.02,-1.0,,,9,2,6.0,2025
2025-06-26 09:00:00+00:00|1.0|calendar_drop_friday_h9_tp06_sl065,2025-06-26 09:00:00+00:00,STAGE28A,data/reports/stage28a_discovery_factory_batch_runner/stage28a_exact_trades.csv,calendar_time_risk_proxy_v1,calendar_drop_friday_h9_tp06_sl065,1.6476999999998951,0.5976999999998953,-0.1023000000001044,1,0,1,0,0.5976999999998953,25.09999999999991,13.859999999999673,0.3448773448773675,19.23999999999978,0.12577962577963098,5.779999999999745,7.60750000000005,0.08,1.0,,,9,3,6.0,2025
2025-06-27 23:45:00+00:00|1.0|calendar_drop_friday_h9_tp06_sl065,2025-06-27 23:45:00+00:00,STAGE28A,data/reports/stage28a_discovery_factory_batch_runner/stage28a_exact_trades.csv,calendar_time_risk_proxy_v1,calendar_drop_friday_h9_tp06_sl065,-0.35,-1.4,-2.1,0,0,0,0,1.4,40.289999999999964,35.63000000000011,0.7605950042099305,19.050000000000182,0.6068241469816187,8.070000000000164,10.479999999999995,0.616,1.0,,,9,4,6.0,2025
2025-06-30 09:00:00+00:00|1.0|calendar_drop_friday_h9_tp06_sl065,2025-06-30 09:00:00+00:00,STAGE28A,data/reports/stage28a_discovery_factory_batch_runner/stage28a_exact_trades.csv,calendar_time_risk_proxy_v1,calendar_drop_friday_h9_tp06_sl065,2.0631999999999606,1.0131999999999608,0.313199999999961,1,1,1,0,1.0131999999999608,33.51999999999998,34.99000000000024,0.43498142326379396,19.809999999999945,0.4437152953054007,6.589999999999691,11.845500000000039,0.824,1.0,,,9,0,6.0,2025
2025-07-01 09:00:00+00:00|1.0|calendar_drop_friday_h9_tp06_sl065,2025-07-01 09:00:00+00:00,STAGE28A,data/reports/stage28a_discovery_factory_batch_runner/stage28a_exact_trades.csv,calendar_time_risk_proxy_v1,calendar_drop_friday_h9_tp06_sl065,1.590399999999954,0.5403999999999543,-0.1596000000000454,1,0,1,0,0.5403999999999543,63.93000000000029,20.279999999999745,0.4817554240631215,29.08999999999969,0.8446201443795108,9.330000000000382,7.500500000000057,0.08,1.0,,,9,1,7.0,2025
2025-07-02 09:00:00+00:00|-1.0|calendar_drop_friday_h9_tp06_sl065,2025-07-02 09:00:00+00:00,STAGE28A,data/reports/stage28a_discovery_factory_batch_runner/stage28a_exact_trades.csv,calendar_time_risk_proxy_v1,calendar_drop_friday_h9_tp06_sl065,1.6323999999998704,0.5823999999998706,-0.1176000000001291,1,0,1,0,0.5823999999998706,55.48999999999978,16.179999999999836,0.10074165636589157,16.269999999999982,0.10571604179472997,7.279999999999745,6.909999999999991,0.044,-1.0,,,9,2,7.0,2025
2025-07-03 09:00:00+00:00|1.0|calendar_drop_friday_h9_tp06_sl065,2025-07-03 09:00:00+00:00,STAGE28A,data/reports/stage28a_discovery_factory_batch_runner/stage28a_exact_trades.csv,calendar_time_risk_proxy_v1,calendar_drop_friday_h9_tp06_sl065,1.492000000000098,0.4420000000000983,-0.2579999999999014,1,0,1,0,0.4420000000000983,34.559999999999945,23.829999999999927,0.607217792698292,19.84999999999991,0.10277078085642181,10.25,7.683999999999946,0.264,1.0,,,9,3,7.0,2025
2025-07-04 19:45:00+00:00|1.0|calendar_drop_friday_h9_tp06_sl065,2025-07-04 19:45:00+00:00,STAGE28A,data/reports/stage28a_discovery_factory_batch_runner/stage28a_exact_trades.csv,calendar_time_risk_proxy_v1,calendar_drop_friday_h9_tp06_sl065,-0.35,-1.4,-2.1,0,0,0,0,1.4,54.36999999999989,15.200000000000273,0.6059210526315705,12.009999999999764,0.32556203164029407,3.0599999999999454,5.513999999999987,0.016,1.0,,,9,4,7.0,2025
2025-07-07 09:00:00+00:00|-1.0|calendar_drop_friday_h9_tp06_sl065,2025-07-07 09:00:00+00:00,STAGE28A,data/reports/stage28a_discovery_factory_batch_runner/stage28a_exact_trades.csv,calendar_time_risk_proxy_v1,calendar_drop_friday_h9_tp06_sl065,2.494000000000051,1.444000000000051,0.7440000000000513,1,1,1,0,1.444000000000051,10.329999999999927,36.67000000000007,0.6152167984728634,14.470000000000255,0.13407049067032245,8.08999999999969,7.668999999999937,0.348,-1.0,,,9,0,7.0,2025
2025-07-08 09:00:00+00:00|-1.0|calendar_drop_friday_h9_tp06_sl065,2025-07-08 09:00:00+00:00,STAGE28A,data/reports/stage28a_discovery_factory_batch_runner/stage28a_exact_trades.csv,calendar_time_risk_proxy_v1,calendar_drop_friday_h9_tp06_sl065,-2.409850000000097,-3.4598500000000967,-4.159850000000096,0,0,0,1,3.4598500000000967,46.31999999999971,16.210000000000036,0.5077112893275756,18.2800000000002,0.5202407002188246,7.0,7.360499999999979,0.224,-1.0,,,9,1,7.0,2025
2025-07-09 09:00:00+00:00|-1.0|calendar_drop_friday_h9_tp06_sl065,2025-07-09 09:00:00+00:00,STAGE28A,data/reports/stage28a_discovery_factory_batch_runner/stage28a_exact_trades.csv,calendar_time_risk_proxy_v1,calendar_drop_friday_h9_tp06_sl065,-3.197650000000158,-4.247650000000158,-4.9476500000001575,0,0,0,1,4.247650000000158,58.720000000000255,23.039999999999964,0.36067708333333154,15.109999999999673,0.2766379880873545,8.769999999999982,8.535999999999968,0.616,-1.0,,,9,2,7.0,2025
2025-07-10 09:00:00+00:00|1.0|calendar_drop_friday_h9_tp06_sl065,2025-07-10 09:00:00+00:00,STAGE28A,data/reports/stage28a_discovery_factory_batch_runner/stage28a_exact_trades.csv,calendar_time_risk_proxy_v1,calendar_drop_friday_h9_tp06_sl065,-2.271075000000201,-3.3210750000002007,-4.0210750000002005,0,0,0,1,3.3210750000002007,37.20999999999958,12.9699999999998,0.29452582883575695,15.36999999999989,0.698113207547176,4.4099999999998545,7.328499999999986,0.22,1.0,,,9,3,7.0,2025
2025-07-11 23:45:00+00:00|1.0|calendar_drop_friday_h9_tp06_sl065,2025-07-11 23:45:00+00:00,STAGE28A,data/reports/stage28a_discovery_factory_batch_runner/stage28a_exact_trades.csv,calendar_time_risk_proxy_v1,calendar_drop_friday_h9_tp06_sl065,-0.35,-1.4,-2.1,0,0,0,0,1.4,20.15000000000009,14.420000000000073,0.7302357836338521,14.16000000000031,0.4067796610169557,4.099999999999909,8.598500000000012,0.708,1.0,,,9,4,7.0,2025
2025-07-14 09:00:00+00:00|1.0|calendar_drop_friday_h9_tp06_sl065,2025-07-14 09:00:00+00:00,STAGE28A,data/reports/stage28a_discovery_factory_batch_runner/stage28a_exact_trades.csv,calendar_time_risk_proxy_v1,calendar_drop_friday_h9_tp06_sl065,-2.66269999999995,-3.7126999999999497,-4.412699999999949,0,0,0,1,3.7126999999999497,11.590000000000146,20.139999999999873,0.6156901688182805,21.2199999999998,0.6291234684260363,6.389999999999873,8.273500000000036,0.652,1.0,,,9,0,7.0,2025
2025-07-15 09:00:00+00:00|1.0|calendar_drop_friday_h9_tp06_sl065,2025-07-15 09:00:00+00:00,STAGE28A,data/reports/stage28a_discovery_factory_batch_runner/stage28a_exact_trades.csv,calendar_time_risk_proxy_v1,calendar_drop_friday_h9_tp06_sl065,-2.2493000000000394,-3.299300000000039,-3.999300000000039,0,0,0,1,3.299300000000039,34.059999999999945,17.06999999999971,0.7158758055067641,9.0,0.6077777777777555,4.980000000000018,6.637500000000022,0.084,1.0,,,9,1,7.0,2025
2025-07-16 09:00:00+00:00|1.0|calendar_drop_friday_h9_tp06_sl065,2025-07-16 09:00:00+00:00,STAGE28A,data/reports/stage28a_discovery_factory_batch_runner/stage28a_exact_trades.csv,calendar_time_risk_proxy_v1,calendar_drop_friday_h9_tp06_sl065,-2.216149999999834,-3.266149999999834,-3.9661499999998338,0,0,0,1,3.266149999999834,46.159999999999854,11.390000000000327,0.678665496049148,10.139999999999873,0.5601577909270574,4.1599999999998545,8.091499999999929,0.612,1.0,,,9,2,7.0,2025
2025-07-17 09:00:00+00:00|-1.0|calendar_drop_friday_h9_tp06_sl065,2025-07-17 09:00:00+00:00,STAGE28A,data/reports/stage28a_discovery_factory_batch_runner/stage28a_exact_trades.csv,calendar_time_risk_proxy_v1,calendar_drop_friday_h9_tp06_sl065,-2.56389999999974,-3.613899999999739,-4.313899999999739,0,0,0,1,3.613899999999739,57.909999999999854,16.170000000000073,0.5009276437847787,20.009999999999764,0.7901049475262435,6.949999999999818,9.99450000000004,0.976,-1.0,,,9,3,7.0,2025
2025-07-18 23:45:00+00:00|1.0|calendar_drop_friday_h9_tp06_sl065,2025-07-18 23:45:00+00:00,STAGE28A,data/reports/stage28a_discovery_factory_batch_runner/stage28a_exact_trades.csv,calendar_time_risk_proxy_v1,calendar_drop_friday_h9_tp06_sl065,-0.35,-1.4,-2.1,0,0,0,0,1.4,42.3100000000004,10.190000000000055,0.85083415112856,23.110000000000127,0.7676330592817022,5.119999999999891,6.080000000000018,0.1,1.0,,,9,4,7.0,2025
2025-07-21 09:00:00+00:00|1.0|calendar_drop_friday_h9_tp06_sl065,2025-07-21 09:00:00+00:00,STAGE28A,data/reports/stage28a_discovery_factory_batch_runner/stage28a_exact_trades.csv,calendar_time_risk_proxy_v1,calendar_drop_friday_h9_tp06_sl065,1.5871000000001003,0.5371000000001005,-0.1628999999998992,1,0,1,0,0.5371000000001005,5.199999999999818,13.569999999999709,0.25718496683860403,20.029999999999745,0.7393909136295623,12.029999999999745,5.9194999999999025,0.072,1.0,,,9,0,7.0,2025
2025-07-22 09:00:00+00:00|-1.0|calendar_drop_friday_h9_tp06_sl065,2025-07-22 09:00:00+00:00,STAGE28A,data/reports/stage28a_discovery_factory_batch_runner/stage28a_exact_trades.csv,calendar_time_risk_proxy_v1,calendar_drop_friday_h9_tp06_sl065,1.493199999999797,0.4431999999997971,-0.2568000000002026,1,0,1,0,0.4431999999997971,56.7199999999998,17.450000000000273,0.38739255014327295,9.409999999999854,0.6992561105207257,7.260000000000218,7.286999999999966,0.4,-1.0,,,9,1,7.0,2025
2025-07-23 09:00:00+00:00|1.0|calendar_drop_friday_h9_tp06_sl065,2025-07-23 09:00:00+00:00,STAGE28A,data/reports/stage28a_discovery_factory_batch_runner/stage28a_exact_trades.csv,calendar_time_risk_proxy_v1,calendar_drop_friday_h9_tp06_sl065,-2.608749999999964,-3.658749999999964,-4.358749999999963,0,0,0,1,3.658749999999964,50.26999999999998,19.579999999999927,0.24463738508682234,17.449999999999818,0.462464183381077,7.319999999999709,7.81149999999991,0.608,1.0,,,9,2,7.0,2025
2025-07-24 09:00:00+00:00|-1.0|calendar_drop_friday_h9_tp06_sl065,2025-07-24 09:00:00+00:00,STAGE28A,data/reports/stage28a_discovery_factory_batch_runner/stage28a_exact_trades.csv,calendar_time_risk_proxy_v1,calendar_drop_friday_h9_tp06_sl065,-3.187575000000016,-4.237575000000016,-4.937575000000015,0,0,0,1,4.237575000000016,57.620000000000346,18.539999999999964,0.1564185544768121,23.389999999999873,0.8610517315092107,8.519999999999982,8.716999999999917,0.868,-1.0,,,9,3,7.0,2025
2025-07-25 23:45:00+00:00|1.0|calendar_drop_friday_h9_tp06_sl065,2025-07-25 23:45:00+00:00,STAGE28A,data/reports/stage28a_discovery_factory_batch_runner/stage28a_exact_trades.csv,calendar_time_risk_proxy_v1,calendar_drop_friday_h9_tp06_sl065,0.940599999999813,-0.1094000000001869,-0.8094000000001866,0,0,0,0,0.1094000000001869,41.970000000000255,14.789999999999964,0.6544962812711197,20.38000000000011,0.6506378802747641,3.0099999999997635,7.130999999999972,0.36,1.0,,,9,4,7.0,2025
2025-07-28 09:00:00+00:00|-1.0|calendar_drop_friday_h9_tp06_sl065,2025-07-28 09:00:00+00:00,STAGE28A,data/reports/stage28a_discovery_factory_batch_runner/stage28a_exact_trades.csv,calendar_time_risk_proxy_v1,calendar_drop_friday_h9_tp06_sl065,-2.605174999999781,-3.655174999999781,-4.355174999999781,0,0,0,1,3.655174999999781,18.269999999999982,26.029999999999745,0.5220898962735412,12.829999999999927,0.4263445050662378,6.079999999999927,8.36999999999989,0.76,-1.0,,,9,0,7.0,2025
2025-07-29 09:00:00+00:00|1.0|calendar_drop_friday_h9_tp06_sl065,2025-07-29 09:00:00+00:00,STAGE28A,data/reports/stage28a_discovery_factory_batch_runner/stage28a_exact_trades.csv,calendar_time_risk_proxy_v1,calendar_drop_friday_h9_tp06_sl065,-2.5268499999998317,-3.576849999999831,-4.276849999999831,0,0,0,1,3.576849999999831,43.44999999999982,13.079999999999927,0.1551987767583912,20.879999999999654,0.5727969348659117,5.809999999999945,7.6664999999999734,0.572,1.0,,,9,1,7.0,2025
2025-07-30 09:00:00+00:00|1.0|calendar_drop_friday_h9_tp06_sl065,2025-07-30 09:00:00+00:00,STAGE28A,data/reports/stage28a_discovery_factory_batch_runner/stage28a_exact_trades.csv,calendar_time_risk_proxy_v1,calendar_drop_friday_h9_tp06_sl065,1.7533000000002177,0.7033000000002176,0.0033000000002179,1,1,1,0,0.7033000000002176,26.38000000000011,11.730000000000018,0.06308610400684019,10.860000000000127,0.2651933701657528,6.349999999999909,6.908500000000094,0.256,1.0,,,9,2,7.0,2025
2025-07-31 09:00:00+00:00|1.0|calendar_drop_friday_h9_tp06_sl065,2025-07-31 09:00:00+00:00,STAGE28A,data/reports/stage28a_discovery_factory_batch_runner/stage28a_exact_trades.csv,calendar_time_risk_proxy_v1,calendar_drop_friday_h9_tp06_sl065,-2.82682500000019,-3.87682500000019,-4.5768250000001895,0,0,0,1,3.87682500000019,65.80000000000018,24.590000000000146,0.6547376982513141,21.06999999999971,0.5495965828191783,6.849999999999909,9.697000000000049,0.964,1.0,,,9,3,7.0,2025
2025-08-01 23:45:00+00:00|1.0|calendar_drop_friday_h9_tp06_sl065,2025-08-01 23:45:00+00:00,STAGE28A,data/reports/stage28a_discovery_factory_batch_runner/stage28a_exact_trades.csv,calendar_time_risk_proxy_v1,calendar_drop_friday_h9_tp06_sl065,-0.35,-1.4,-2.1,0,0,0,0,1.4,40.809999999999945,15.559999999999945,0.23136246786631887,15.069999999999709,0.20570670205709513,13.690000000000055,10.481999999999925,1.0,1.0,,,9,4,8.0,2025
2025-08-04 09:00:00+00:00|-1.0|calendar_drop_friday_h9_tp06_sl065,2025-08-04 09:00:00+00:00,STAGE28A,data/reports/stage28a_discovery_factory_batch_runner/stage28a_exact_trades.csv,calendar_time_risk_proxy_v1,calendar_drop_friday_h9_tp06_sl065,1.468000000000211,0.4180000000002111,-0.2819999999997886,1,0,1,0,0.4180000000002111,11.5300000000002,24.079999999999927,0.04734219269104364,10.960000000000036,0.21350364963504906,5.480000000000018,10.408500000000027,0.968,-1.0,,,9,0,8.0,2025
2025-08-05 09:00:00+00:00|-1.0|calendar_drop_friday_h9_tp06_sl065,2025-08-05 09:00:00+00:00,STAGE28A,data/reports/stage28a_discovery_factory_batch_runner/stage28a_exact_trades.csv,calendar_time_risk_proxy_v1,calendar_drop_friday_h9_tp06_sl065,-2.0828999999999724,-3.1328999999999723,-3.832899999999972,0,0,0,1,3.1328999999999723,40.25999999999976,10.429999999999836,0.2550335570470135,16.519999999999982,0.7481840193704686,6.350000000000364,6.431999999999971,0.068,-1.0,,,9,1,8.0,2025
2025-08-06 09:00:00+00:00|-1.0|calendar_drop_friday_h9_tp06_sl065,2025-08-06 09:00:00+00:00,STAGE28A,data/reports/stage28a_discovery_factory_batch_runner/stage28a_exact_trades.csv,calendar_time_risk_proxy_v1,calendar_drop_friday_h9_tp06_sl065,1.4037999999999555,0.3537999999999557,-0.346200000000044,1,0,1,0,0.3537999999999557,40.220000000000255,12.699999999999818,0.4,20.40000000000009,0.7725490196078504,4.3400000000001455,6.965499999999997,0.176,-1.0,,,9,2,8.0,2025
2025-08-07 09:00:00+00:00|-1.0|calendar_drop_friday_h9_tp06_sl065,2025-08-07 09:00:00+00:00,STAGE28A,data/reports/stage28a_discovery_factory_batch_runner/stage28a_exact_trades.csv,calendar_time_risk_proxy_v1,calendar_drop_friday_h9_tp06_sl065,1.6177000000001498,0.56770000000015,-0.1322999999998497,1,0,1,0,0.56770000000015,27.139999999999873,18.960000000000036,0.3992616033755353,25.840000000000146,0.11803405572754296,9.400000000000091,6.831499999999982,0.164,-1.0,,,9,3,8.0,2025
2025-08-08 23:45:00+00:00|1.0|calendar_drop_friday_h9_tp06_sl065,2025-08-08 23:45:00+00:00,STAGE28A,data/reports/stage28a_discovery_factory_batch_runner/stage28a_exact_trades.csv,calendar_time_risk_proxy_v1,calendar_drop_friday_h9_tp06_sl065,-0.35,-1.4,-2.1,0,0,0,0,1.4,41.5,27.710000000000036,0.3471670876939689,15.539999999999964,0.30630630630632105,8.480000000000018,11.741999999999962,0.996,1.0,,,9,4,8.0,2025
2025-08-11 09:00:00+00:00|-1.0|calendar_drop_friday_h9_tp06_sl065,2025-08-11 09:00:00+00:00,STAGE28A,data/reports/stage28a_discovery_factory_batch_runner/stage28a_exact_trades.csv,calendar_time_risk_proxy_v1,calendar_drop_friday_h9_tp06_sl065,-2.9633249999998044,-4.013324999999805,-4.713324999999804,0,0,0,1,4.013324999999805,14.559999999999945,37.40000000000009,0.4558823529411681,27.259999999999764,0.9233308877476263,6.110000000000127,11.323999999999979,0.932,-1.0,,,9,0,8.0,2025
2025-08-12 09:00:00+00:00|-1.0|calendar_drop_friday_h9_tp06_sl065,2025-08-12 09:00:00+00:00,STAGE28A,data/reports/stage28a_discovery_factory_batch_runner/stage28a_exact_trades.csv,calendar_time_risk_proxy_v1,calendar_drop_friday_h9_tp06_sl065,-2.717949999999837,-3.767949999999837,-4.467949999999837,0,0,0,1,3.767949999999837,64.0300000000002,15.070000000000164,0.16323822163238286,15.83999999999969,0.24368686868688147,5.179999999999836,8.767000000000007,0.568,-1.0,,,9,1,8.0,2025
2025-08-13 09:00:00+00:00|1.0|calendar_drop_friday_h9_tp06_sl065,2025-08-13 09:00:00+00:00,STAGE28A,data/reports/stage28a_discovery_factory_batch_runner/stage28a_exact_trades.csv,calendar_time_risk_proxy_v1,calendar_drop_friday_h9_tp06_sl065,-2.6896750000001703,-3.73967500000017,-4.43967500000017,0,0,0,1,3.73967500000017,28.0300000000002,11.659999999999854,0.07375643224701013,21.079999999999927,0.7191650853890115,6.3400000000001455,8.180500000000075,0.428,1.0,,,9,2,8.0,2025
2025-08-14 09:00:00+00:00|-1.0|calendar_drop_friday_h9_tp06_sl065,2025-08-14 09:00:00+00:00,STAGE28A,data/reports/stage28a_discovery_factory_batch_runner/stage28a_exact_trades.csv,calendar_time_risk_proxy_v1,calendar_drop_friday_h9_tp06_sl065,1.6368999999998777,0.5868999999998779,-0.1131000000001218,1,0,1,0,0.5868999999998779,28.230000000000018,19.61999999999989,0.1432212028542284,24.98999999999978,0.16966786714686968,5.570000000000164,6.55649999999996,0.084,-1.0,,,9,3,8.0,2025
2025-08-15 23:45:00+00:00|1.0|calendar_drop_friday_h9_tp06_sl065,2025-08-15 23:45:00+00:00,STAGE28A,data/reports/stage28a_discovery_factory_batch_runner/stage28a_exact_trades.csv,calendar_time_risk_proxy_v1,calendar_drop_friday_h9_tp06_sl065,-0.35,-1.4,-2.1,0,0,0,0,1.4,45.40000000000009,12.629999999999654,0.795724465558231,10.309999999999945,0.07468477206595402,5.180000000000291,6.378000000000043,0.092,1.0,,,9,4,8.0,2025
2025-08-18 09:00:00+00:00|1.0|calendar_drop_friday_h9_tp06_sl065,2025-08-18 09:00:00+00:00,STAGE28A,data/reports/stage28a_discovery_factory_batch_runner/stage28a_exact_trades.csv,calendar_time_risk_proxy_v1,calendar_drop_friday_h9_tp06_sl065,-2.5418000000000576,-3.5918000000000574,-4.291800000000057,0,0,0,1,3.5918000000000574,6.019999999999982,28.190000000000055,0.4522880454061715,13.799999999999727,0.07608695652172086,11.739999999999782,7.9680000000000515,0.484,1.0,,,9,0,8.0,2025
2025-08-19 09:00:00+00:00|1.0|calendar_drop_friday_h9_tp06_sl065,2025-08-19 09:00:00+00:00,STAGE28A,data/reports/stage28a_discovery_factory_batch_runner/stage28a_exact_trades.csv,calendar_time_risk_proxy_v1,calendar_drop_friday_h9_tp06_sl065,-2.2785500000000867,-3.3285500000000865,-4.028550000000086,0,0,0,1,3.3285500000000865,34.79999999999973,15.579999999999927,0.21694480102696564,7.289999999999964,0.20301783264746578,4.809999999999945,5.101499999999987,0.008,1.0,,,9,1,8.0,2025
2025-08-20 09:00:00+00:00|1.0|calendar_drop_friday_h9_tp06_sl065,2025-08-20 09:00:00+00:00,STAGE28A,data/reports/stage28a_discovery_factory_batch_runner/stage28a_exact_trades.csv,calendar_time_risk_proxy_v1,calendar_drop_friday_h9_tp06_sl065,-2.133274999999776,-3.183274999999776,-3.883274999999776,0,0,0,1,3.183274999999776,30.36999999999989,7.0300000000002,0.09246088193457645,10.38000000000011,0.8333333333333334,6.040000000000418,5.717500000000018,0.108,1.0,,,9,2,8.0,2025
2025-08-21 09:00:00+00:00|-1.0|calendar_drop_friday_h9_tp06_sl065,2025-08-21 09:00:00+00:00,STAGE28A,data/reports/stage28a_discovery_factory_batch_runner/stage28a_exact_trades.csv,calendar_time_risk_proxy_v1,calendar_drop_friday_h9_tp06_sl065,-1.7669999999999164,-2.816999999999916,-3.516999999999916,0,0,0,0,2.816999999999916,38.88999999999987,12.33999999999969,0.793354943273923,7.849999999999909,0.09044585987261715,3.630000000000109,5.371000000000026,0.072,-1.0,,,9,3,8.0,2025
2025-08-22 23:45:00+00:00|1.0|calendar_drop_friday_h9_tp06_sl065,2025-08-22 23:45:00+00:00,STAGE28A,data/reports/stage28a_discovery_factory_batch_runner/stage28a_exact_trades.csv,calendar_time_risk_proxy_v1,calendar_drop_friday_h9_tp06_sl065,-0.35,-1.4,-2.1,0,0,0,0,1.4,26.9699999999998,9.139999999999873,0.7647702407002553,9.659999999999854,0.1946169772256871,4.690000000000055,7.526999999999975,0.628,1.0,,,9,4,8.0,2025
2025-08-25 09:00:00+00:00|-1.0|calendar_drop_friday_h9_tp06_sl065,2025-08-25 09:00:00+00:00,STAGE28A,data/reports/stage28a_discovery_factory_batch_runner/stage28a_exact_trades.csv,calendar_time_risk_proxy_v1,calendar_drop_friday_h9_tp06_sl065,0.9507999999999812,-0.0992000000000188,-0.7992000000000186,0,0,0,0,0.0992000000000188,6.210000000000036,12.260000000000218,0.0016313213703084382,8.019999999999982,0.02369077306733853,3.0,7.627000000000043,0.68,-1.0,,,9,0,8.0,2025
2025-08-26 09:00:00+00:00|1.0|calendar_drop_friday_h9_tp06_sl065,2025-08-26 09:00:00+00:00,STAGE28A,data/reports/stage28a_discovery_factory_batch_runner/stage28a_exact_trades.csv,calendar_time_risk_proxy_v1,calendar_drop_friday_h9_tp06_sl065,-2.3591499999998637,-3.409149999999863,-4.109149999999863,0,0,0,1,3.409149999999863,16.389999999999873,35.129999999999654,0.22687161969826014,12.58999999999969,0.030182684670346602,6.5300000000002,7.733000000000016,0.788,1.0,,,9,1,8.0,2025
2025-08-27 09:00:00+00:00|1.0|calendar_drop_friday_h9_tp06_sl065,2025-08-27 09:00:00+00:00,STAGE28A,data/reports/stage28a_discovery_factory_batch_runner/stage28a_exact_trades.csv,calendar_time_risk_proxy_v1,calendar_drop_friday_h9_tp06_sl065,-1.9759749999999257,-3.0259749999999257,-3.725974999999925,0,0,0,0,3.0259749999999257,42.19999999999982,13.800000000000182,0.7543478260869689,11.629999999999654,0.21066208082548113,4.789999999999964,6.10450000000003,0.4,1.0,,,9,2,8.0,2025
2025-08-28 09:00:00+00:00|1.0|calendar_drop_friday_h9_tp06_sl065,2025-08-28 09:00:00+00:00,STAGE28A,data/reports/stage28a_discovery_factory_batch_runner/stage28a_exact_trades.csv,calendar_time_risk_proxy_v1,calendar_drop_friday_h9_tp06_sl065,1.049499999999989,-0.0005000000000108,-0.7005000000000106,0,0,0,0,0.0005000000000108,25.049999999999727,15.08999999999969,0.3770709078860286,13.86999999999989,0.6560922855083227,3.0799999999999272,5.5294999999999845,0.256,1.0,,,9,3,8.0,2025
2025-08-29 23:45:00+00:00|1.0|calendar_drop_friday_h9_tp06_sl065,2025-08-29 23:45:00+00:00,STAGE28A,data/reports/stage28a_discovery_factory_batch_runner/stage28a_exact_trades.csv,calendar_time_risk_proxy_v1,calendar_drop_friday_h9_tp06_sl065,-0.35,-1.4,-2.1,0,0,0,0,1.4,38.56999999999971,10.489999999999782,0.5633937082936108,8.269999999999982,0.44740024183800253,12.210000000000036,6.845499999999992,0.756,1.0,,,9,4,8.0,2025
2025-09-01 09:00:00+00:00|1.0|calendar_drop_friday_h9_tp06_sl065,2025-09-01 09:00:00+00:00,STAGE28A,data/reports/stage28a_discovery_factory_batch_runner/stage28a_exact_trades.csv,calendar_time_risk_proxy_v1,calendar_drop_friday_h9_tp06_sl065,4.032399999999962,2.982399999999961,2.282399999999962,1,1,1,0,2.982399999999961,10.070000000000164,48.98000000000002,0.49407921600653865,22.579999999999927,0.22630646589903206,8.360000000000127,10.730000000000041,1.0,1.0,,,9,0,9.0,2025
2025-09-02 09:00:00+00:00|-1.0|calendar_drop_friday_h9_tp06_sl065,2025-09-02 09:00:00+00:00,STAGE28A,data/reports/stage28a_discovery_factory_batch_runner/stage28a_exact_trades.csv,calendar_time_risk_proxy_v1,calendar_drop_friday_h9_tp06_sl065,-3.7930499999998575,-4.843049999999858,-5.543049999999857,0,0,0,1,4.843049999999858,52.74000000000024,34.159999999999854,0.5793325526932098,28.289999999999964,0.6564156945917191,5.670000000000073,7.553999999999974,0.792,-1.0,,,9,1,9.0,2025
2025-09-03 09:00:00+00:00|1.0|calendar_drop_friday_h9_tp06_sl065,2025-09-03 09:00:00+00:00,STAGE28A,data/reports/stage28a_discovery_factory_batch_runner/stage28a_exact_trades.csv,calendar_time_risk_proxy_v1,calendar_drop_friday_h9_tp06_sl065,2.2755999999998493,1.2255999999998497,0.5255999999998497,1,1,1,0,1.2255999999998497,70.11000000000013,20.48999999999978,0.07369448511467934,14.86999999999989,0.24277067921991619,11.039999999999964,11.042000000000007,0.96,1.0,,,9,2,9.0,2025
2025-09-04 09:00:00+00:00|1.0|calendar_drop_friday_h9_tp06_sl065,2025-09-04 09:00:00+00:00,STAGE28A,data/reports/stage28a_discovery_factory_batch_runner/stage28a_exact_trades.csv,calendar_time_risk_proxy_v1,calendar_drop_friday_h9_tp06_sl065,-5.095974999999816,-6.145974999999817,-6.845974999999816,0,0,0,1,6.145974999999817,52.10999999999967,52.7800000000002,0.6220159151193596,20.90000000000009,0.44928229665073144,8.710000000000036,10.991500000000064,0.948,1.0,,,9,3,9.0,2025
2025-09-05 23:45:00+00:00|1.0|calendar_drop_friday_h9_tp06_sl065,2025-09-05 23:45:00+00:00,STAGE28A,data/reports/stage28a_discovery_factory_batch_runner/stage28a_exact_trades.csv,calendar_time_risk_proxy_v1,calendar_drop_friday_h9_tp06_sl065,-0.35,-1.4,-2.1,0,0,0,0,1.4,52.7800000000002,19.300000000000182,0.9113989637305453,16.36999999999989,0.3671350030543835,3.300000000000182,10.207500000000005,0.776,1.0,,,9,4,9.0,2025
2025-09-08 09:00:00+00:00|1.0|calendar_drop_friday_h9_tp06_sl065,2025-09-08 09:00:00+00:00,STAGE28A,data/reports/stage28a_discovery_factory_batch_runner/stage28a_exact_trades.csv,calendar_time_risk_proxy_v1,calendar_drop_friday_h9_tp06_sl065,-3.0423000000001594,-4.09230000000016,-4.792300000000159,0,0,0,1,4.09230000000016,18.25,18.559999999999945,0.46821120689655604,37.679999999999836,0.8017515923566924,10.38000000000011,11.926500000000033,0.992,1.0,,,9,0,9.0,2025
2025-09-09 09:00:00+00:00|1.0|calendar_drop_friday_h9_tp06_sl065,2025-09-09 09:00:00+00:00,STAGE28A,data/reports/stage28a_discovery_factory_batch_runner/stage28a_exact_trades.csv,calendar_time_risk_proxy_v1,calendar_drop_friday_h9_tp06_sl065,2.78799999999992,1.73799999999992,1.0379999999999203,1,1,1,0,1.73799999999992,67.81999999999971,26.2800000000002,0.6255707762556878,22.7199999999998,0.3371478873239602,6.380000000000109,8.793000000000006,0.46,1.0,,,9,1,9.0,2025
2025-09-10 09:00:00+00:00|1.0|calendar_drop_friday_h9_tp06_sl065,2025-09-10 09:00:00+00:00,STAGE28A,data/reports/stage28a_discovery_factory_batch_runner/stage28a_exact_trades.csv,calendar_time_risk_proxy_v1,calendar_drop_friday_h9_tp06_sl065,-2.9714500000000954,-4.021450000000096,-4.721450000000095,0,0,0,1,4.021450000000096,48.75999999999976,21.710000000000036,0.044679871027167126,19.68000000000029,0.9563008130081243,5.429999999999836,11.112000000000013,0.82,1.0,,,9,2,9.0,2025
2025-09-11 09:00:00+00:00|-1.0|calendar_drop_friday_h9_tp06_sl065,2025-09-11 09:00:00+00:00,STAGE28A,data/reports/stage28a_discovery_factory_batch_runner/stage28a_exact_trades.csv,calendar_time_risk_proxy_v1,calendar_drop_friday_h9_tp06_sl065,2.1732999999998355,1.1232999999998357,0.4232999999998359,1,1,1,0,1.1232999999998357,38.68000000000029,19.309999999999945,0.40963231486275903,23.88000000000011,0.43467336683417346,10.009999999999764,8.180500000000006,0.276,-1.0,,,9,3,9.0,2025
2025-09-12 23:45:00+00:00|1.0|calendar_drop_friday_h9_tp06_sl065,2025-09-12 23:45:00+00:00,STAGE28A,data/reports/stage28a_discovery_factory_batch_runner/stage28a_exact_trades.csv,calendar_time_risk_proxy_v1,calendar_drop_friday_h9_tp06_sl065,-1.706224999999995,-2.756224999999995,-3.4562249999999946,0,0,0,0,2.756224999999995,36.26999999999998,22.779999999999745,0.7949956101843867,19.06999999999971,0.3455689564761296,4.879999999999654,6.730499999999893,0.052,1.0,,,9,4,9.0,2025
2025-09-15 09:00:00+00:00|-1.0|calendar_drop_friday_h9_tp06_sl065,2025-09-15 09:00:00+00:00,STAGE28A,data/reports/stage28a_discovery_factory_batch_runner/stage28a_exact_trades.csv,calendar_time_risk_proxy_v1,calendar_drop_friday_h9_tp06_sl065,1.5984999999999672,0.5484999999999673,-0.1515000000000324,1,0,1,0,0.5484999999999673,6.779999999999745,19.769999999999982,0.2063732928679783,13.239999999999782,0.3904833836857782,3.9299999999998363,6.329499999999962,0.012,-1.0,,,9,0,9.0,2025
2025-09-16 09:00:00+00:00|1.0|calendar_drop_friday_h9_tp06_sl065,2025-09-16 09:00:00+00:00,STAGE28A,data/reports/stage28a_discovery_factory_batch_runner/stage28a_exact_trades.csv,calendar_time_risk_proxy_v1,calendar_drop_friday_h9_tp06_sl065,1.345600000000013,0.2956000000000132,-0.4043999999999865,1,0,1,0,0.2956000000000132,58.88000000000011,14.720000000000255,0.1555706521739079,18.590000000000146,0.9214631522323816,4.200000000000273,8.274500000000012,0.232,1.0,,,9,1,9.0,2025
2025-09-17 09:00:00+00:00|-1.0|calendar_drop_friday_h9_tp06_sl065,2025-09-17 09:00:00+00:00,STAGE28A,data/reports/stage28a_discovery_factory_batch_runner/stage28a_exact_trades.csv,calendar_time_risk_proxy_v1,calendar_drop_friday_h9_tp06_sl065,-2.902874999999858,-3.952874999999858,-4.652874999999858,0,0,0,1,3.952874999999858,28.450000000000273,21.039999999999964,0.4857414448669115,23.460000000000036,0.5920716112531906,10.199999999999818,7.27199999999998,0.136,-1.0,,,9,2,9.0,2025
2025-09-18 09:00:00+00:00|1.0|calendar_drop_friday_h9_tp06_sl065,2025-09-18 09:00:00+00:00,STAGE28A,data/reports/stage28a_discovery_factory_batch_runner/stage28a_exact_trades.csv,calendar_time_risk_proxy_v1,calendar_drop_friday_h9_tp06_sl065,2.620299999999952,1.570299999999952,0.8702999999999523,1,1,1,0,1.570299999999952,61.32999999999993,20.0,0.2259999999999991,39.059999999999945,0.33666154633895684,9.890000000000327,12.48050000000003,1.0,1.0,,,9,3,9.0,2025
2025-09-19 23:45:00+00:00|1.0|calendar_drop_friday_h9_tp06_sl065,2025-09-19 23:45:00+00:00,STAGE28A,data/reports/stage28a_discovery_factory_batch_runner/stage28a_exact_trades.csv,calendar_time_risk_proxy_v1,calendar_drop_friday_h9_tp06_sl065,-0.35,-1.4,-2.1,0,0,0,0,1.4,45.320000000000164,24.13000000000011,0.551181102362191,17.690000000000055,0.28886376483889836,3.8399999999996908,9.58850000000009,0.656,1.0,,,9,4,9.0,2025
2025-09-22 09:00:00+00:00|1.0|calendar_drop_friday_h9_tp06_sl065,2025-09-22 09:00:00+00:00,STAGE28A,data/reports/stage28a_discovery_factory_batch_runner/stage28a_exact_trades.csv,calendar_time_risk_proxy_v1,calendar_drop_friday_h9_tp06_sl065,-2.8814250000001267,-3.9314250000001274,-4.631425000000126,0,0,0,1,3.9314250000001274,8.700000000000273,13.7800000000002,0.5079825834542742,36.529999999999745,0.7601970982754074,8.509999999999764,8.475,0.4,1.0,,,9,0,9.0,2025
2025-09-23 09:00:00+00:00|1.0|calendar_drop_friday_h9_tp06_sl065,2025-09-23 09:00:00+00:00,STAGE28A,data/reports/stage28a_discovery_factory_batch_runner/stage28a_exact_trades.csv,calendar_time_risk_proxy_v1,calendar_drop_friday_h9_tp06_sl065,-3.957825000000048,-5.007825000000048,-5.707825000000048,0,0,0,1,5.007825000000048,65.05000000000018,22.389999999999873,0.2880750334970904,48.059999999999945,0.7973366625052062,15.590000000000146,9.271999999999935,0.688,1.0,,,9,1,9.0,2025
2025-09-24 09:00:00+00:00|1.0|calendar_drop_friday_h9_tp06_sl065,2025-09-24 09:00:00+00:00,STAGE28A,data/reports/stage28a_discovery_factory_batch_runner/stage28a_exact_trades.csv,calendar_time_risk_proxy_v1,calendar_drop_friday_h9_tp06_sl065,2.133099999999922,1.0830999999999222,0.3830999999999225,1,1,1,0,1.0830999999999222,54.13000000000011,21.070000000000164,0.0014238253440790275,15.989999999999782,0.18886804252658054,9.100000000000364,11.03599999999999,0.808,1.0,,,9,2,9.0,2025
2025-09-25 09:00:00+00:00|1.0|calendar_drop_friday_h9_tp06_sl065,2025-09-25 09:00:00+00:00,STAGE28A,data/reports/stage28a_discovery_factory_batch_runner/stage28a_exact_trades.csv,calendar_time_risk_proxy_v1,calendar_drop_friday_h9_tp06_sl065,-3.7940249999997833,-4.844024999999784,-5.544024999999783,0,0,0,1,4.844024999999784,61.67000000000007,22.409999999999854,0.1976796073181758,29.980000000000018,0.6774516344229464,7.110000000000127,10.428500000000009,0.78,1.0,,,9,3,9.0,2025
2025-09-26 23:45:00+00:00|1.0|calendar_drop_friday_h9_tp06_sl065,2025-09-26 23:45:00+00:00,STAGE28A,data/reports/stage28a_discovery_factory_batch_runner/stage28a_exact_trades.csv,calendar_time_risk_proxy_v1,calendar_drop_friday_h9_tp06_sl065,-0.35,-1.4,-2.1,0,0,0,0,1.4,39.82999999999993,18.800000000000182,0.17819148936169557,15.920000000000073,0.3762562814070483,14.010000000000218,10.37699999999993,0.676,1.0,,,9,4,9.0,2025
2025-09-29 09:00:00+00:00|1.0|calendar_drop_friday_h9_tp06_sl065,2025-09-29 09:00:00+00:00,STAGE28A,data/reports/stage28a_discovery_factory_batch_runner/stage28a_exact_trades.csv,calendar_time_risk_proxy_v1,calendar_drop_friday_h9_tp06_sl065,-4.987099999999918,-6.037099999999919,-6.737099999999918,0,0,0,1,6.037099999999919,14.63000000000011,43.039999999999964,0.5534386617100309,27.38000000000011,0.4755295836376892,13.149999999999636,12.880999999999926,0.964,1.0,,,9,0,9.0,2025
2025-09-30 09:00:00+00:00|-1.0|calendar_drop_friday_h9_tp06_sl065,2025-09-30 09:00:00+00:00,STAGE28A,data/reports/stage28a_discovery_factory_batch_runner/stage28a_exact_trades.csv,calendar_time_risk_proxy_v1,calendar_drop_friday_h9_tp06_sl065,-3.788500000000204,-4.838500000000204,-5.538500000000203,0,0,0,1,4.838500000000204,77.67000000000007,41.659999999999854,0.817330772923675,78.48999999999978,0.8421454962415664,7.690000000000055,10.476500000000055,0.564,-1.0,,,9,1,9.0,2025
2025-10-01 09:00:00+00:00|1.0|calendar_drop_friday_h9_tp06_sl065,2025-10-01 09:00:00+00:00,STAGE28A,data/reports/stage28a_discovery_factory_batch_runner/stage28a_exact_trades.csv,calendar_time_risk_proxy_v1,calendar_drop_friday_h9_tp06_sl065,2.653900000000158,1.603900000000158,0.9039000000001582,1,1,1,0,1.603900000000158,78.48999999999978,21.0,0.0890476190476355,42.070000000000164,0.6467791775612058,7.789999999999964,12.010000000000014,0.72,1.0,,,9,2,10.0,2025
2025-10-02 09:00:00+00:00|1.0|calendar_drop_friday_h9_tp06_sl065,2025-10-02 09:00:00+00:00,STAGE28A,data/reports/stage28a_discovery_factory_batch_runner/stage28a_exact_trades.csv,calendar_time_risk_proxy_v1,calendar_drop_friday_h9_tp06_sl065,-2.7738500000001296,-3.8238500000001294,-4.523850000000129,0,0,0,1,3.8238500000001294,42.070000000000164,17.580000000000382,0.24857792946531573,17.940000000000055,0.696209587513921,7.230000000000018,11.192999999999984,0.536,1.0,,,9,3,10.0,2025
2025-10-03 23:45:00+00:00|1.0|calendar_drop_friday_h9_tp06_sl065,2025-10-03 23:45:00+00:00,STAGE28A,data/reports/stage28a_discovery_factory_batch_runner/stage28a_exact_trades.csv,calendar_time_risk_proxy_v1,calendar_drop_friday_h9_tp06_sl065,-0.35,-1.4,-2.1,0,0,0,0,1.4,77.53999999999996,25.700000000000273,0.5634241245136135,24.0,0.8966666666666848,5.4900000000002365,11.073000000000093,0.508,1.0,,,9,4,10.0,2025
2025-10-06 09:00:00+00:00|1.0|calendar_drop_friday_h9_tp06_sl065,2025-10-06 09:00:00+00:00,STAGE28A,data/reports/stage28a_discovery_factory_batch_runner/stage28a_exact_trades.csv,calendar_time_risk_proxy_v1,calendar_drop_friday_h9_tp06_sl065,3.540699999999924,2.4906999999999244,1.790699999999925,1,1,1,0,2.4906999999999244,17.269999999999982,47.940000000000055,0.6191072173550229,27.0,0.47259259259260067,17.76000000000022,13.847000000000047,0.932,1.0,,,9,0,10.0,2025
2025-10-07 09:00:00+00:00|-1.0|calendar_drop_friday_h9_tp06_sl065,2025-10-07 09:00:00+00:00,STAGE28A,data/reports/stage28a_discovery_factory_batch_runner/stage28a_exact_trades.csv,calendar_time_risk_proxy_v1,calendar_drop_friday_h9_tp06_sl065,2.831799999999839,1.7817999999998393,1.0817999999998396,1,1,1,0,1.7817999999998393,85.76000000000022,21.690000000000055,0.4568925772245405,35.98000000000002,0.5075041689827741,16.490000000000236,12.58900000000001,0.636,-1.0,,,9,1,10.0,2025
2025-10-08 09:00:00+00:00|1.0|calendar_drop_friday_h9_tp06_sl065,2025-10-08 09:00:00+00:00,STAGE28A,data/reports/stage28a_discovery_factory_batch_runner/stage28a_exact_trades.csv,calendar_time_risk_proxy_v1,calendar_drop_friday_h9_tp06_sl065,3.024699999999848,1.974699999999848,1.2746999999998485,1,1,1,0,1.974699999999848,50.070000000000164,33.5,0.750447761194026,34.840000000000146,0.9916762342135357,12.5,12.22200000000007,0.508,1.0,,,9,2,10.0,2025
2025-10-09 09:00:00+00:00|1.0|calendar_drop_friday_h9_tp06_sl065,2025-10-09 09:00:00+00:00,STAGE28A,data/reports/stage28a_discovery_factory_batch_runner/stage28a_exact_trades.csv,calendar_time_risk_proxy_v1,calendar_drop_friday_h9_tp06_sl065,-5.115150000000176,-6.165150000000176,-6.865150000000176,0,0,0,1,6.165150000000176,76.17000000000007,39.840000000000146,0.13453815261044447,20.940000000000055,0.5076408787010546,9.429999999999836,16.549500000000013,0.992,1.0,,,9,3,10.0,2025
2025-10-10 23:45:00+00:00|1.0|calendar_drop_friday_h9_tp06_sl065,2025-10-10 23:45:00+00:00,STAGE28A,data/reports/stage28a_discovery_factory_batch_runner/stage28a_exact_trades.csv,calendar_time_risk_proxy_v1,calendar_drop_friday_h9_tp06_sl065,-6.954325000000244,-8.004325000000245,-8.704325000000244,0,0,0,1,8.004325000000245,113.48000000000002,36.04999999999973,0.3722607489597829,59.940000000000055,0.5652318985652256,25.13000000000011,19.075500000000012,0.924,1.0,,,9,4,10.0,2025
2025-10-13 09:00:00+00:00|1.0|calendar_drop_friday_h9_tp06_sl065,2025-10-13 09:00:00+00:00,STAGE28A,data/reports/stage28a_discovery_factory_batch_runner/stage28a_exact_trades.csv,calendar_time_risk_proxy_v1,calendar_drop_friday_h9_tp06_sl065,-5.31697499999982,-6.366974999999821,-7.06697499999982,0,0,0,1,6.366974999999821,46.13000000000011,61.30000000000018,0.15595432300162998,28.690000000000055,0.882886023004527,22.65000000000009,23.51450000000002,0.988,1.0,,,9,0,10.0,2025
2025-10-14 09:00:00+00:00|-1.0|calendar_drop_friday_h9_tp06_sl065,2025-10-14 09:00:00+00:00,STAGE28A,data/reports/stage28a_discovery_factory_batch_runner/stage28a_exact_trades.csv,calendar_time_risk_proxy_v1,calendar_drop_friday_h9_tp06_sl065,-8.46329999999998,-9.51329999999998,-10.21329999999998,0,0,0,1,9.51329999999998,117.94000000000051,59.97999999999956,0.8072690896965726,89.0300000000002,0.4022239694485041,68.53000000000065,17.415499999999973,0.808,-1.0,,,9,1,10.0,2025
2025-10-15 09:00:00+00:00|1.0|calendar_drop_friday_h9_tp06_sl065,2025-10-15 09:00:00+00:00,STAGE28A,data/reports/stage28a_discovery_factory_batch_runner/stage28a_exact_trades.csv,calendar_time_risk_proxy_v1,calendar_drop_friday_h9_tp06_sl065,-5.591275000000314,-6.641275000000315,-7.341275000000314,0,0,0,1,6.641275000000315,89.0300000000002,50.0600000000004,0.5687175389532566,53.57999999999993,0.10246360582308135,17.11999999999989,17.457499999999936,0.716,1.0,,,9,2,10.0,2025
2025-10-16 09:00:00+00:00|-1.0|calendar_drop_friday_h9_tp06_sl065,2025-10-16 09:00:00+00:00,STAGE28A,data/reports/stage28a_discovery_factory_batch_runner/stage28a_exact_trades.csv,calendar_time_risk_proxy_v1,calendar_drop_friday_h9_tp06_sl065,4.641100000000188,3.591100000000188,2.891100000000188,1,1,1,0,3.591100000000188,77.52000000000044,42.5,0.4825882352941014,37.970000000000255,0.15011851461679696,30.909999999999854,16.037500000000044,0.56,-1.0,,,9,3,10.0,2025
2025-10-17 23:45:00+00:00|1.0|calendar_drop_friday_h9_tp06_sl065,2025-10-17 23:45:00+00:00,STAGE28A,data/reports/stage28a_discovery_factory_batch_runner/stage28a_exact_trades.csv,calendar_time_risk_proxy_v1,calendar_drop_friday_h9_tp06_sl065,-0.35,-1.4,-2.1,0,0,0,0,1.4,151.92999999999938,100.69999999999982,0.19721946375372104,66.96000000000004,0.39575866188769393,25.06999999999971,36.54650000000006,0.98,1.0,,,9,4,10.0,2025
2025-10-20 09:00:00+00:00|-1.0|calendar_drop_friday_h9_tp06_sl065,2025-10-20 09:00:00+00:00,STAGE28A,data/reports/stage28a_discovery_factory_batch_runner/stage28a_exact_trades.csv,calendar_time_risk_proxy_v1,calendar_drop_friday_h9_tp06_sl065,5.353599999999824,4.303599999999824,3.603599999999824,1,1,1,0,4.303599999999824,35.11999999999989,55.51999999999953,0.16264409221903336,46.61000000000058,0.08496030894655819,26.730000000000473,32.62450000000003,0.928,-1.0,,,9,0,10.0,2025
2025-10-21 09:00:00+00:00|-1.0|calendar_drop_friday_h9_tp06_sl065,2025-10-21 09:00:00+00:00,STAGE28A,data/reports/stage28a_discovery_factory_batch_runner/stage28a_exact_trades.csv,calendar_time_risk_proxy_v1,calendar_drop_friday_h9_tp06_sl065,5.320900000000075,4.270900000000074,3.5709000000000746,1,1,1,0,4.270900000000074,162.71999999999935,42.36000000000058,0.4952785646836467,102.25,0.796479217603908,27.199999999999818,23.157499999999935,0.776,-1.0,,,9,1,10.0,2025
2025-10-22 09:00:00+00:00|-1.0|calendar_drop_friday_h9_tp06_sl065,2025-10-22 09:00:00+00:00,STAGE28A,data/reports/stage28a_discovery_factory_batch_runner/stage28a_exact_trades.csv,calendar_time_risk_proxy_v1,calendar_drop_friday_h9_tp06_sl065,8.499099999999453,7.4490999999994525,6.749099999999453,1,1,1,0,7.4490999999994525,295.0600000000004,138.77999999999975,0.038406110390545735,101.29000000000042,0.5831770164873084,20.609999999999673,38.94250000000007,0.98,-1.0,,,9,2,10.0,2025
2025-10-23 09:00:00+00:00|1.0|calendar_drop_friday_h9_tp06_sl065,2025-10-23 09:00:00+00:00,STAGE28A,data/reports/stage28a_discovery_factory_batch_runner/stage28a_exact_trades.csv,calendar_time_risk_proxy_v1,calendar_drop_friday_h9_tp06_sl065,-7.067749999999796,-8.117749999999797,-8.817749999999796,0,0,0,1,8.117749999999797,157.02000000000044,50.55000000000018,0.21444114737883493,57.909999999999854,0.5752029010533513,26.490000000000236,30.846499999999992,0.744,1.0,,,9,3,10.0,2025
2025-10-24 23:45:00+00:00|1.0|calendar_drop_friday_h9_tp06_sl065,2025-10-24 23:45:00+00:00,STAGE28A,data/reports/stage28a_discovery_factory_batch_runner/stage28a_exact_trades.csv,calendar_time_risk_proxy_v1,calendar_drop_friday_h9_tp06_sl065,-0.35,-1.4,-2.1,0,0,0,0,1.4,88.6899999999996,38.25,0.15895424836603494,75.71000000000004,0.8109893012812054,15.149999999999636,22.283500000000096,0.452,1.0,,,9,4,10.0,2025
2025-10-27 09:00:00+00:00|-1.0|calendar_drop_friday_h9_tp06_sl065,2025-10-27 09:00:00+00:00,STAGE28A,data/reports/stage28a_discovery_factory_batch_runner/stage28a_exact_trades.csv,calendar_time_risk_proxy_v1,calendar_drop_friday_h9_tp06_sl065,-6.120375000000058,-7.170375000000059,-7.870375000000058,0,0,0,1,7.170375000000059,47.210000000000036,55.55000000000018,0.6064806480648136,60.00999999999976,0.5222462922846237,10.559999999999945,24.12550000000001,0.592,-1.0,,,9,0,10.0,2025
2025-10-28 09:00:00+00:00|-1.0|calendar_drop_friday_h9_tp06_sl065,2025-10-28 09:00:00+00:00,STAGE28A,data/reports/stage28a_discovery_factory_batch_runner/stage28a_exact_trades.csv,calendar_time_risk_proxy_v1,calendar_drop_friday_h9_tp06_sl065,6.255100000000221,5.20510000000022,4.505100000000221,1,1,1,0,5.20510000000022,137.97000000000025,55.86000000000013,0.19638381668457267,93.62000000000035,0.5054475539414653,30.2199999999998,23.71300000000001,0.556,-1.0,,,9,1,10.0,2025
2025-10-29 09:00:00+00:00|1.0|calendar_drop_friday_h9_tp06_sl065,2025-10-29 09:00:00+00:00,STAGE28A,data/reports/stage28a_discovery_factory_batch_runner/stage28a_exact_trades.csv,calendar_time_risk_proxy_v1,calendar_drop_friday_h9_tp06_sl065,-7.163950000000204,-8.213950000000205,-8.913950000000204,0,0,0,1,8.213950000000205,133.21000000000004,66.23999999999978,0.04649758454106186,79.11000000000013,0.9027935785614961,25.23999999999978,21.645500000000016,0.272,1.0,,,9,2,10.0,2025
2025-10-30 09:00:00+00:00|1.0|calendar_drop_friday_h9_tp06_sl065,2025-10-30 09:00:00+00:00,STAGE28A,data/reports/stage28a_discovery_factory_batch_runner/stage28a_exact_trades.csv,calendar_time_risk_proxy_v1,calendar_drop_friday_h9_tp06_sl065,-8.6469250000001,-9.6969250000001,-10.3969250000001,0,0,0,1,9.6969250000001,114.34000000000015,67.13000000000011,0.6272903321912715,64.69999999999982,0.1791344667697091,20.59999999999991,25.65150000000001,0.656,1.0,,,9,3,10.0,2025
2025-10-31 22:45:00+00:00|1.0|calendar_drop_friday_h9_tp06_sl065,2025-10-31 22:45:00+00:00,STAGE28A,data/reports/stage28a_discovery_factory_batch_runner/stage28a_exact_trades.csv,calendar_time_risk_proxy_v1,calendar_drop_friday_h9_tp06_sl065,-0.35,-1.4,-2.1,0,0,0,0,1.4,127.87000000000035,56.88000000000011,0.31223628691983446,32.74000000000024,0.06047648136835687,14.329999999999927,19.193000000000005,0.048,1.0,,,9,4,10.0,2025
2025-11-03 09:00:00+00:00|-1.0|calendar_drop_friday_h9_tp06_sl065,2025-11-03 09:00:00+00:00,STAGE28A,data/reports/stage28a_discovery_factory_batch_runner/stage28a_exact_trades.csv,calendar_time_risk_proxy_v1,calendar_drop_friday_h9_tp06_sl065,-5.0807000000000695,-6.13070000000007,-6.8307000000000695,0,0,0,1,6.13070000000007,21.11999999999989,53.05000000000018,0.45730442978322594,34.289999999999964,0.13648293963255456,8.340000000000146,19.83649999999998,0.104,-1.0,,,9,0,11.0,2025
2025-11-04 09:00:00+00:00|1.0|calendar_drop_friday_h9_tp06_sl065,2025-11-04 09:00:00+00:00,STAGE28A,data/reports/stage28a_discovery_factory_batch_runner/stage28a_exact_trades.csv,calendar_time_risk_proxy_v1,calendar_drop_friday_h9_tp06_sl065,4.185100000000057,3.135100000000057,2.435100000000057,1,1,1,0,3.135100000000057,68.20000000000027,30.5,0.3872131147540966,33.81999999999971,0.24837374334712325,20.980000000000018,15.940500000000043,0.016,1.0,,,9,1,11.0,2025
2025-11-05 09:00:00+00:00|1.0|calendar_drop_friday_h9_tp06_sl065,2025-11-05 09:00:00+00:00,STAGE28A,data/reports/stage28a_discovery_factory_batch_runner/stage28a_exact_trades.csv,calendar_time_risk_proxy_v1,calendar_drop_friday_h9_tp06_sl065,3.6357999999999264,2.5857999999999266,1.8857999999999269,1,1,1,0,2.5857999999999266,77.37999999999965,44.4399999999996,0.800405040504051,31.25,0.18431999999999243,11.769999999999982,17.054500000000008,0.12,1.0,,,9,2,11.0,2025
2025-11-06 09:00:00+00:00|1.0|calendar_drop_friday_h9_tp06_sl065,2025-11-06 09:00:00+00:00,STAGE28A,data/reports/stage28a_discovery_factory_batch_runner/stage28a_exact_trades.csv,calendar_time_risk_proxy_v1,calendar_drop_friday_h9_tp06_sl065,-3.315624999999818,-4.3656249999998185,-5.065624999999818,0,0,0,1,4.3656249999998185,61.58999999999969,25.949999999999818,0.5865125240847748,34.51999999999998,0.571552723059097,10.789999999999964,10.583000000000016,0.004,1.0,,,9,3,11.0,2025
2025-11-07 23:45:00+00:00|1.0|calendar_drop_friday_h9_tp06_sl065,2025-11-07 23:45:00+00:00,STAGE28A,data/reports/stage28a_discovery_factory_batch_runner/stage28a_exact_trades.csv,calendar_time_risk_proxy_v1,calendar_drop_friday_h9_tp06_sl065,-0.35,-1.4,-2.1,0,0,0,0,1.4,54.86000000000013,29.389999999999873,0.31813542021095437,22.179999999999836,0.42605951307483714,13.090000000000146,13.583499999999981,0.188,1.0,,,9,4,11.0,2025
2025-11-10 09:00:00+00:00|1.0|calendar_drop_friday_h9_tp06_sl065,2025-11-10 09:00:00+00:00,STAGE28A,data/reports/stage28a_discovery_factory_batch_runner/stage28a_exact_trades.csv,calendar_time_risk_proxy_v1,calendar_drop_friday_h9_tp06_sl065,-4.087175000000206,-5.137175000000207,-5.837175000000206,0,0,0,1,5.137175000000207,14.260000000000218,58.99000000000024,0.7174097304627902,35.89000000000033,0.7419894120925011,11.559999999999945,15.108999999999991,0.284,1.0,,,9,0,11.0,2025
2025-11-11 09:00:00+00:00|-1.0|calendar_drop_friday_h9_tp06_sl065,2025-11-11 09:00:00+00:00,STAGE28A,data/reports/stage28a_discovery_factory_batch_runner/stage28a_exact_trades.csv,calendar_time_risk_proxy_v1,calendar_drop_friday_h9_tp06_sl065,3.334900000000198,2.284900000000198,1.5849000000001985,1,1,1,0,2.284900000000198,122.17999999999984,33.89000000000033,0.6878135143110113,21.980000000000473,0.06505914467699091,11.0,12.523499999999945,0.188,-1.0,,,9,1,11.0,2025
2025-11-12 09:00:00+00:00|1.0|calendar_drop_friday_h9_tp06_sl065,2025-11-12 09:00:00+00:00,STAGE28A,data/reports/stage28a_discovery_factory_batch_runner/stage28a_exact_trades.csv,calendar_time_risk_proxy_v1,calendar_drop_friday_h9_tp06_sl065,-4.853200000000106,-5.903200000000107,-6.603200000000106,0,0,0,1,5.903200000000107,51.600000000000364,41.720000000000255,0.7739693192713271,34.56999999999971,0.5001446340757915,15.760000000000218,13.11550000000002,0.32,1.0,,,9,2,11.0,2025
2025-11-13 09:00:00+00:00|1.0|calendar_drop_friday_h9_tp06_sl065,2025-11-13 09:00:00+00:00,STAGE28A,data/reports/stage28a_discovery_factory_batch_runner/stage28a_exact_trades.csv,calendar_time_risk_proxy_v1,calendar_drop_friday_h9_tp06_sl065,4.46710000000021,3.4171000000002096,2.71710000000021,1,1,1,0,3.4171000000002096,112.90999999999985,39.74000000000069,0.4574735782586579,37.099999999999454,0.4256064690027007,8.86999999999989,17.819999999999983,0.704,1.0,,,9,3,11.0,2025
2025-11-14 23:45:00+00:00|1.0|calendar_drop_friday_h9_tp06_sl065,2025-11-14 23:45:00+00:00,STAGE28A,data/reports/stage28a_discovery_factory_batch_runner/stage28a_exact_trades.csv,calendar_time_risk_proxy_v1,calendar_drop_friday_h9_tp06_sl065,-0.35,-1.4,-2.1,0,0,0,0,1.4,100.11999999999989,41.19999999999982,0.4191747572815438,44.849999999999454,0.7906354515050271,17.019999999999982,24.93699999999992,1.0,1.0,,,9,4,11.0,2025
2025-11-17 09:00:00+00:00|1.0|calendar_drop_friday_h9_tp06_sl065,2025-11-17 09:00:00+00:00,STAGE28A,data/reports/stage28a_discovery_factory_batch_runner/stage28a_exact_trades.csv,calendar_time_risk_proxy_v1,calendar_drop_friday_h9_tp06_sl065,-5.585749999999825,-6.635749999999826,-7.335749999999825,0,0,0,1,6.635749999999826,32.4699999999998,36.690000000000055,0.48460070863996113,46.059999999999945,0.18019973947025048,17.199999999999818,25.166499999999882,0.968,1.0,,,9,0,11.0,2025
2025-11-18 09:00:00+00:00|1.0|calendar_drop_friday_h9_tp06_sl065,2025-11-18 09:00:00+00:00,STAGE28A,data/reports/stage28a_discovery_factory_batch_runner/stage28a_exact_trades.csv,calendar_time_risk_proxy_v1,calendar_drop_friday_h9_tp06_sl065,-6.0050000000002,-7.0550000000002,-7.7550000000002,0,0,0,1,7.0550000000002,99.80999999999995,50.38999999999987,0.5225243103790433,52.279999999999745,0.644988523335883,12.789999999999964,20.363499999999977,0.84,1.0,,,9,1,11.0,2025
2025-11-19 09:00:00+00:00|1.0|calendar_drop_friday_h9_tp06_sl065,2025-11-19 09:00:00+00:00,STAGE28A,data/reports/stage28a_discovery_factory_batch_runner/stage28a_exact_trades.csv,calendar_time_risk_proxy_v1,calendar_drop_friday_h9_tp06_sl065,3.8274999999997816,2.777499999999782,2.077499999999782,1,1,1,0,2.777499999999782,84.03999999999996,24.850000000000364,0.06156941649900111,44.95000000000027,0.7506117908787447,9.429999999999836,16.667000000000076,0.572,1.0,,,9,2,11.0,2025
2025-11-20 09:00:00+00:00|-1.0|calendar_drop_friday_h9_tp06_sl065,2025-11-20 09:00:00+00:00,STAGE28A,data/reports/stage28a_discovery_factory_batch_runner/stage28a_exact_trades.csv,calendar_time_risk_proxy_v1,calendar_drop_friday_h9_tp06_sl065,5.552799999999843,4.5027999999998425,3.802799999999843,1,1,1,0,4.5027999999998425,76.84000000000015,69.11999999999944,0.4225983796296336,39.01000000000022,0.403229941040757,18.93000000000029,20.25649999999994,0.792,-1.0,,,9,3,11.0,2025
2025-11-21 23:45:00+00:00|1.0|calendar_drop_friday_h9_tp06_sl065,2025-11-21 23:45:00+00:00,STAGE28A,data/reports/stage28a_discovery_factory_batch_runner/stage28a_exact_trades.csv,calendar_time_risk_proxy_v1,calendar_drop_friday_h9_tp06_sl065,-0.35,-1.4,-2.1,0,0,0,0,1.4,71.87999999999965,40.929999999999836,0.6594185194234031,42.33000000000038,0.3534136546184716,33.61000000000013,21.756500000000027,0.88,1.0,,,9,4,11.0,2025
2025-11-24 09:00:00+00:00|1.0|calendar_drop_friday_h9_tp06_sl065,2025-11-24 09:00:00+00:00,STAGE28A,data/reports/stage28a_discovery_factory_batch_runner/stage28a_exact_trades.csv,calendar_time_risk_proxy_v1,calendar_drop_friday_h9_tp06_sl065,3.932500000000255,2.8825000000002547,2.182500000000255,1,1,1,0,2.8825000000002547,12.110000000000127,37.090000000000146,0.8398490159072518,37.44999999999982,0.5321762349799837,12.88000000000011,19.380000000000063,0.528,1.0,,,9,0,11.0,2025
2025-11-25 09:00:00+00:00|-1.0|calendar_drop_friday_h9_tp06_sl065,2025-11-25 09:00:00+00:00,STAGE28A,data/reports/stage28a_discovery_factory_batch_runner/stage28a_exact_trades.csv,calendar_time_risk_proxy_v1,calendar_drop_friday_h9_tp06_sl065,-4.442725000000428,-5.492725000000428,-6.192725000000428,0,0,0,1,5.492725000000428,104.51000000000022,33.219999999999345,0.08940397350991583,43.210000000000036,0.21939365887525006,13.270000000000437,15.051999999999998,0.232,-1.0,,,9,1,11.0,2025
2025-11-26 09:00:00+00:00|1.0|calendar_drop_friday_h9_tp06_sl065,2025-11-26 09:00:00+00:00,STAGE28A,data/reports/stage28a_discovery_factory_batch_runner/stage28a_exact_trades.csv,calendar_time_risk_proxy_v1,calendar_drop_friday_h9_tp06_sl065,3.5550999999999475,2.505099999999948,1.805099999999948,1,1,1,0,2.505099999999948,50.42999999999938,39.88000000000011,0.7096288866599826,21.81999999999971,0.08340971585699969,15.839999999999236,15.008499999999732,0.14,1.0,,,9,2,11.0,2025
2025-11-27 09:00:00+00:00|1.0|calendar_drop_friday_h9_tp06_sl065,2025-11-27 09:00:00+00:00,STAGE28A,data/reports/stage28a_discovery_factory_batch_runner/stage28a_exact_trades.csv,calendar_time_risk_proxy_v1,calendar_drop_friday_h9_tp06_sl065,-3.591549999999734,-4.641549999999734,-5.341549999999733,0,0,0,1,4.641549999999734,43.900000000000546,25.909999999999854,0.5461211887302441,22.269999999999527,0.26178715761113835,12.199999999999818,11.602999999999884,0.02,1.0,,,9,3,11.0,2025
2025-11-28 21:30:00+00:00|1.0|calendar_drop_friday_h9_tp06_sl065,2025-11-28 21:30:00+00:00,STAGE28A,data/reports/stage28a_discovery_factory_batch_runner/stage28a_exact_trades.csv,calendar_time_risk_proxy_v1,calendar_drop_friday_h9_tp06_sl065,-0.35,-1.4,-2.1,0,0,0,0,1.4,25.909999999999854,34.81999999999971,0.7268811028144659,34.909999999999854,0.7023775422514933,14.969999999999345,13.702499999999963,0.216,1.0,,,9,4,11.0,2025
2025-12-01 09:00:00+00:00|1.0|calendar_drop_friday_h9_tp06_sl065,2025-12-01 09:00:00+00:00,STAGE28A,data/reports/stage28a_discovery_factory_batch_runner/stage28a_exact_trades.csv,calendar_time_risk_proxy_v1,calendar_drop_friday_h9_tp06_sl065,3.936100000000261,2.886100000000261,2.186100000000261,1,1,1,0,2.886100000000261,24.699999999999818,50.460000000000036,0.4783987316686546,46.55000000000018,0.2212674543501446,14.100000000000364,17.54400000000005,0.516,1.0,,,9,0,12.0,2025
2025-12-02 09:00:00+00:00|-1.0|calendar_drop_friday_h9_tp06_sl065,2025-12-02 09:00:00+00:00,STAGE28A,data/reports/stage28a_discovery_factory_batch_runner/stage28a_exact_trades.csv,calendar_time_risk_proxy_v1,calendar_drop_friday_h9_tp06_sl065,-4.021849999999722,-5.071849999999722,-5.771849999999722,0,0,0,1,5.071849999999722,58.76000000000022,36.529999999999745,0.24035039693404642,44.98999999999978,0.7317181595910254,22.909999999999854,14.40600000000004,0.284,-1.0,,,9,1,12.0,2025
2025-12-03 09:00:00+00:00|-1.0|calendar_drop_friday_h9_tp06_sl065,2025-12-03 09:00:00+00:00,STAGE28A,data/reports/stage28a_discovery_factory_batch_runner/stage28a_exact_trades.csv,calendar_time_risk_proxy_v1,calendar_drop_friday_h9_tp06_sl065,-3.659799999999996,-4.709799999999996,-5.409799999999995,0,0,0,1,4.709799999999996,72.11999999999989,26.11999999999989,0.3575803981623348,29.220000000000255,0.7488021902806269,6.859999999999673,14.750500000000011,0.34,-1.0,,,9,2,12.0,2025
2025-12-04 09:00:00+00:00|1.0|calendar_drop_friday_h9_tp06_sl065,2025-12-04 09:00:00+00:00,STAGE28A,data/reports/stage28a_discovery_factory_batch_runner/stage28a_exact_trades.csv,calendar_time_risk_proxy_v1,calendar_drop_friday_h9_tp06_sl065,-4.429399999999623,-5.479399999999624,-6.179399999999623,0,0,0,1,5.479399999999624,46.89000000000033,29.470000000000255,0.34747200542923967,27.340000000000146,0.009509875640095717,11.61999999999989,15.159500000000026,0.492,1.0,,,9,3,12.0,2025
2025-12-05 23:45:00+00:00|1.0|calendar_drop_friday_h9_tp06_sl065,2025-12-05 23:45:00+00:00,STAGE28A,data/reports/stage28a_discovery_factory_batch_runner/stage28a_exact_trades.csv,calendar_time_risk_proxy_v1,calendar_drop_friday_h9_tp06_sl065,-0.35,-1.4,-2.1,0,0,0,0,1.4,44.17000000000007,22.579999999999927,0.47387068201952004,16.470000000000255,0.37279902853674757,8.4399999999996,12.357500000000254,0.288,1.0,,,9,4,12.0,2025
2025-12-08 09:00:00+00:00|-1.0|calendar_drop_friday_h9_tp06_sl065,2025-12-08 09:00:00+00:00,STAGE28A,data/reports/stage28a_discovery_factory_batch_runner/stage28a_exact_trades.csv,calendar_time_risk_proxy_v1,calendar_drop_friday_h9_tp06_sl065,2.3751999999998588,1.325199999999859,0.6251999999998592,1,1,1,0,1.325199999999859,15.210000000000036,19.06999999999971,0.39066596748819776,17.710000000000036,0.29587803500850823,6.8100000000004,13.956500000000187,0.472,-1.0,,,9,0,12.0,2025
2025-12-09 09:00:00+00:00|1.0|calendar_drop_friday_h9_tp06_sl065,2025-12-09 09:00:00+00:00,STAGE28A,data/reports/stage28a_discovery_factory_batch_runner/stage28a_exact_trades.csv,calendar_time_risk_proxy_v1,calendar_drop_friday_h9_tp06_sl065,2.450799999999981,1.4007999999999812,0.7007999999999814,1,1,1,0,1.4007999999999812,42.48999999999978,14.079999999999927,0.5589488636363588,42.75,0.39836257309940926,14.0,10.80099999999993,0.2,1.0,,,9,1,12.0,2025
2025-12-10 09:00:00+00:00|-1.0|calendar_drop_friday_h9_tp06_sl065,2025-12-10 09:00:00+00:00,STAGE28A,data/reports/stage28a_discovery_factory_batch_runner/stage28a_exact_trades.csv,calendar_time_risk_proxy_v1,calendar_drop_friday_h9_tp06_sl065,-3.001025000000118,-4.051025000000118,-4.7510250000001175,0,0,0,1,4.051025000000118,51.150000000000546,15.0,0.25533333333332847,26.73999999999978,0.5145848915482547,8.659999999999854,10.057500000000072,0.144,-1.0,,,9,2,12.0,2025
2025-12-11 09:00:00+00:00|1.0|calendar_drop_friday_h9_tp06_sl065,2025-12-11 09:00:00+00:00,STAGE28A,data/reports/stage28a_discovery_factory_batch_runner/stage28a_exact_trades.csv,calendar_time_risk_proxy_v1,calendar_drop_friday_h9_tp06_sl065,3.151000000000204,2.101000000000204,1.401000000000204,1,1,1,0,2.101000000000204,56.650000000000546,39.13999999999942,0.4757281553398101,21.590000000000146,0.1491431218156662,11.170000000000073,13.791500000000042,0.68,1.0,,,9,3,12.0,2025
2025-12-12 23:45:00+00:00|1.0|calendar_drop_friday_h9_tp06_sl065,2025-12-12 23:45:00+00:00,STAGE28A,data/reports/stage28a_discovery_factory_batch_runner/stage28a_exact_trades.csv,calendar_time_risk_proxy_v1,calendar_drop_friday_h9_tp06_sl065,-0.35,-1.4,-2.1,0,0,0,0,1.4,81.61000000000058,18.800000000000182,0.5281914893616642,64.73999999999978,0.9800741427247597,14.3100000000004,17.766499999999997,0.984,1.0,,,9,4,12.0,2025
2025-12-15 09:00:00+00:00|1.0|calendar_drop_friday_h9_tp06_sl065,2025-12-15 09:00:00+00:00,STAGE28A,data/reports/stage28a_discovery_factory_batch_runner/stage28a_exact_trades.csv,calendar_time_risk_proxy_v1,calendar_drop_friday_h9_tp06_sl065,-3.359825000000092,-4.409825000000092,-5.109825000000091,0,0,0,1,4.409825000000092,13.710000000000036,35.11000000000058,0.6693249786385534,25.270000000000437,0.5385833003561673,7.670000000000073,17.65050000000001,0.94,1.0,,,9,0,12.0,2025
2025-12-16 09:00:00+00:00|-1.0|calendar_drop_friday_h9_tp06_sl065,2025-12-16 09:00:00+00:00,STAGE28A,data/reports/stage28a_discovery_factory_batch_runner/stage28a_exact_trades.csv,calendar_time_risk_proxy_v1,calendar_drop_friday_h9_tp06_sl065,3.9003999999999,2.8503999999999,2.1503999999999,1,1,1,0,2.8503999999999,64.84000000000015,37.07000000000062,0.4086862692203772,20.51000000000022,0.5724037055094908,9.400000000000546,13.848000000000047,0.616,-1.0,,,9,1,12.0,2025
2025-12-17 09:00:00+00:00|-1.0|calendar_drop_friday_h9_tp06_sl065,2025-12-17 09:00:00+00:00,STAGE28A,data/reports/stage28a_discovery_factory_batch_runner/stage28a_exact_trades.csv,calendar_time_risk_proxy_v1,calendar_drop_friday_h9_tp06_sl065,3.3184000000004743,2.2684000000004745,1.5684000000004747,1,1,1,0,2.2684000000004745,63.220000000000255,29.93000000000029,0.7327096558636541,35.470000000000255,0.33718635466591346,12.950000000000728,14.335500000000138,0.744,-1.0,,,9,2,12.0,2025
2025-12-18 09:00:00+00:00|-1.0|calendar_drop_friday_h9_tp06_sl065,2025-12-18 09:00:00+00:00,STAGE28A,data/reports/stage28a_discovery_factory_batch_runner/stage28a_exact_trades.csv,calendar_time_risk_proxy_v1,calendar_drop_friday_h9_tp06_sl065,-2.8892250000004425,-3.9392250000004414,-4.639225000000442,0,0,0,1,3.9392250000004414,47.26000000000022,18.51000000000022,0.390059427336584,16.73999999999978,0.3912783751493045,5.380000000000109,11.88150000000005,0.344,-1.0,,,9,3,12.0,2025
2025-12-19 23:45:00+00:00|1.0|calendar_drop_friday_h9_tp06_sl065,2025-12-19 23:45:00+00:00,STAGE28A,data/reports/stage28a_discovery_factory_batch_runner/stage28a_exact_trades.csv,calendar_time_risk_proxy_v1,calendar_drop_friday_h9_tp06_sl065,-0.35,-1.4,-2.1,0,0,0,0,1.4,65.72000000000025,27.599999999999454,0.44818840579710634,15.989999999999782,0.3089430894308735,9.55999999999949,10.482499999999982,0.136,1.0,,,9,4,12.0,2025
2025-12-22 09:00:00+00:00|1.0|calendar_drop_friday_h9_tp06_sl065,2025-12-22 09:00:00+00:00,STAGE28A,data/reports/stage28a_discovery_factory_batch_runner/stage28a_exact_trades.csv,calendar_time_risk_proxy_v1,calendar_drop_friday_h9_tp06_sl065,3.464499999999498,2.414499999999498,1.7144999999994983,1,1,1,0,2.414499999999498,18.1200000000008,62.840000000000146,0.6877784850413774,23.599999999999454,0.4338983050847851,21.11999999999989,12.516500000000132,0.428,1.0,,,9,0,12.0,2025
2025-12-23 09:00:00+00:00|-1.0|calendar_drop_friday_h9_tp06_sl065,2025-12-23 09:00:00+00:00,STAGE28A,data/reports/stage28a_discovery_factory_batch_runner/stage28a_exact_trades.csv,calendar_time_risk_proxy_v1,calendar_drop_friday_h9_tp06_sl065,-4.100175000000126,-5.150175000000127,-5.850175000000126,0,0,0,1,5.150175000000127,122.74000000000069,52.289999999999964,0.42991011665709655,23.69000000000051,0.08104685521313305,11.989999999999782,12.480499999999983,0.444,-1.0,,,9,1,12.0,2025
2025-12-24 09:00:00+00:00|-1.0|calendar_drop_friday_h9_tp06_sl065,2025-12-24 09:00:00+00:00,STAGE28A,data/reports/stage28a_discovery_factory_batch_runner/stage28a_exact_trades.csv,calendar_time_risk_proxy_v1,calendar_drop_friday_h9_tp06_sl065,4.914100000000326,3.864100000000326,3.1641000000003263,1,1,1,0,3.864100000000326,75.19000000000051,54.51000000000022,0.07228031553842569,22.300000000000182,0.43094170403585624,12.670000000000073,19.080999999999904,1.0,-1.0,,,9,2,12.0,2025
2025-12-24 19:45:00+00:00|1.0|calendar_drop_friday_h9_tp06_sl065,2025-12-24 19:45:00+00:00,STAGE28A,data/reports/stage28a_discovery_factory_batch_runner/stage28a_exact_trades.csv,calendar_time_risk_proxy_v1,calendar_drop_friday_h9_tp06_sl065,-0.35,-1.4,-2.1,0,0,0,0,1.4,75.19000000000051,54.51000000000022,0.07228031553842569,22.300000000000182,0.43094170403585624,22.11999999999989,18.722999999999956,0.976,1.0,,,9,2,12.0,2025
2025-12-26 23:45:00+00:00|1.0|calendar_drop_friday_h9_tp06_sl065,2025-12-26 23:45:00+00:00,STAGE28A,data/reports/stage28a_discovery_factory_batch_runner/stage28a_exact_trades.csv,calendar_time_risk_proxy_v1,calendar_drop_friday_h9_tp06_sl065,-0.35,-1.4,-2.1,0,0,0,0,1.4,30.289999999999964,61.48999999999978,0.22767929744674012,17.50999999999931,0.311250713877786,13.590000000000146,16.057999999999993,0.768,1.0,,,9,4,12.0,2025
2025-12-29 09:00:00+00:00|-1.0|calendar_drop_friday_h9_tp06_sl065,2025-12-29 09:00:00+00:00,STAGE28A,data/reports/stage28a_discovery_factory_batch_runner/stage28a_exact_trades.csv,calendar_time_risk_proxy_v1,calendar_drop_friday_h9_tp06_sl065,5.317900000000373,4.267900000000372,3.567900000000373,1,1,1,0,4.267900000000372,26.170000000000073,76.92000000000007,0.15665626625065224,71.97000000000025,0.7582325969153874,39.340000000000146,23.160000000000036,1.0,-1.0,,,9,0,12.0,2025
2025-12-30 09:00:00+00:00|1.0|calendar_drop_friday_h9_tp06_sl065,2025-12-30 09:00:00+00:00,STAGE28A,data/reports/stage28a_discovery_factory_batch_runner/stage28a_exact_trades.csv,calendar_time_risk_proxy_v1,calendar_drop_friday_h9_tp06_sl065,-5.393024999999943,-6.443024999999944,-7.143024999999943,0,0,0,1,6.443024999999944,246.52999999999975,45.98999999999978,0.38704066101326956,41.36000000000058,0.5118471953578282,18.520000000000437,25.487500000000182,0.94,1.0,,,9,1,12.0,2025
2025-12-31 09:00:00+00:00|-1.0|calendar_drop_friday_h9_tp06_sl065,2025-12-31 09:00:00+00:00,STAGE28A,data/reports/stage28a_discovery_factory_batch_runner/stage28a_exact_trades.csv,calendar_time_risk_proxy_v1,calendar_drop_friday_h9_tp06_sl065,8.55729999999985,7.50729999999985,6.8072999999998505,1,1,1,0,7.50729999999985,80.57999999999993,44.35999999999967,0.13841298467086255,68.73999999999978,0.3840558626709299,54.44000000000051,24.946000000000005,0.912,-1.0,,,9,2,12.0,2025
2025-12-31 22:45:00+00:00|1.0|calendar_drop_friday_h9_tp06_sl065,2025-12-31 22:45:00+00:00,STAGE28A,data/reports/stage28a_discovery_factory_batch_runner/stage28a_exact_trades.csv,calendar_time_risk_proxy_v1,calendar_drop_friday_h9_tp06_sl065,4.824399999999878,3.774399999999878,3.074399999999878,1,1,1,0,3.774399999999878,80.57999999999993,44.35999999999967,0.13841298467086255,68.73999999999978,0.3840558626709299,15.100000000000364,25.212999999999965,0.892,1.0,,,9,2,12.0,2025
2026-01-02 23:45:00+00:00|1.0|calendar_drop_friday_h9_tp06_sl065,2026-01-02 23:45:00+00:00,STAGE28A,data/reports/stage28a_discovery_factory_batch_runner/stage28a_exact_trades.csv,calendar_time_risk_proxy_v1,calendar_drop_friday_h9_tp06_sl065,-0.35,-1.4,-2.1,0,0,0,0,1.4,26.88000000000011,54.08000000000084,0.4567307692307588,27.51000000000022,0.8269720101781105,14.140000000000327,15.15600000000004,0.42,1.0,,,9,4,1.0,2026
2026-01-05 09:00:00+00:00|1.0|calendar_drop_friday_h9_tp06_sl065,2026-01-05 09:00:00+00:00,STAGE28A,data/reports/stage28a_discovery_factory_batch_runner/stage28a_exact_trades.csv,calendar_time_risk_proxy_v1,calendar_drop_friday_h9_tp06_sl065,4.387299999999778,3.337299999999777,2.6372999999997777,1,1,1,0,3.337299999999777,30.640000000000327,74.94000000000051,0.425540432345866,38.8100000000004,0.8294254058232226,14.890000000000327,19.987000000000034,0.724,1.0,,,9,0,1.0,2026
2026-01-06 09:00:00+00:00|-1.0|calendar_drop_friday_h9_tp06_sl065,2026-01-06 09:00:00+00:00,STAGE28A,data/reports/stage28a_discovery_factory_batch_runner/stage28a_exact_trades.csv,calendar_time_risk_proxy_v1,calendar_drop_friday_h9_tp06_sl065,3.5514999999999417,2.501499999999942,1.801499999999942,1,1,1,0,2.501499999999942,110.64000000000033,40.539999999999964,0.6625555007400024,32.960000000000036,0.46450242718447765,15.449999999999818,16.43150000000005,0.424,-1.0,,,9,1,1.0,2026
2026-01-07 09:00:00+00:00|-1.0|calendar_drop_friday_h9_tp06_sl065,2026-01-07 09:00:00+00:00,STAGE28A,data/reports/stage28a_discovery_factory_batch_runner/stage28a_exact_trades.csv,calendar_time_risk_proxy_v1,calendar_drop_friday_h9_tp06_sl065,3.957099999999991,2.907099999999992,2.207099999999992,1,1,1,0,2.907099999999992,69.30999999999949,40.720000000000255,0.7094793713163101,33.11999999999989,0.011171497584537804,18.86999999999989,15.88100000000004,0.348,-1.0,,,9,2,1.0,2026
2026-01-08 09:00:00+00:00|1.0|calendar_drop_friday_h9_tp06_sl065,2026-01-08 09:00:00+00:00,STAGE28A,data/reports/stage28a_discovery_factory_batch_runner/stage28a_exact_trades.csv,calendar_time_risk_proxy_v1,calendar_drop_friday_h9_tp06_sl065,-5.211025000000154,-6.261025000000155,-6.961025000000154,0,0,0,1,6.261025000000155,76.98000000000047,36.0,0.8824999999999869,24.0,0.07875000000001364,21.699999999999818,16.355000000000018,0.36,1.0,,,9,3,1.0,2026
2026-01-09 23:45:00+00:00|1.0|calendar_drop_friday_h9_tp06_sl065,2026-01-09 23:45:00+00:00,STAGE28A,data/reports/stage28a_discovery_factory_batch_runner/stage28a_exact_trades.csv,calendar_time_risk_proxy_v1,calendar_drop_friday_h9_tp06_sl065,-0.35,-1.4,-2.1,0,0,0,0,1.4,71.64000000000033,31.079999999999927,0.352960102960112,19.199999999999818,0.4234375000000097,11.5,14.717500000000063,0.084,1.0,,,9,4,1.0,2026
2026-01-12 09:00:00+00:00|1.0|calendar_drop_friday_h9_tp06_sl065,2026-01-12 09:00:00+00:00,STAGE28A,data/reports/stage28a_discovery_factory_batch_runner/stage28a_exact_trades.csv,calendar_time_risk_proxy_v1,calendar_drop_friday_h9_tp06_sl065,-4.905524999999761,-5.955524999999762,-6.655524999999761,0,0,0,1,5.955524999999762,31.800000000000182,87.85999999999967,0.32540405190075405,33.039999999999964,0.7760290556900559,10.990000000000691,23.914499999999954,0.82,1.0,,,9,0,1.0,2026
2026-01-13 09:00:00+00:00|-1.0|calendar_drop_friday_h9_tp06_sl065,2026-01-13 09:00:00+00:00,STAGE28A,data/reports/stage28a_discovery_factory_batch_runner/stage28a_exact_trades.csv,calendar_time_risk_proxy_v1,calendar_drop_friday_h9_tp06_sl065,3.3909999999999854,2.340999999999985,1.6409999999999858,1,1,1,0,2.340999999999985,116.96000000000004,32.23000000000047,0.0896680111697265,28.42999999999938,0.3496306718255619,18.6899999999996,17.404499999999963,0.512,-1.0,,,9,1,1.0,2026
2026-01-14 09:00:00+00:00|1.0|calendar_drop_friday_h9_tp06_sl065,2026-01-14 09:00:00+00:00,STAGE28A,data/reports/stage28a_discovery_factory_batch_runner/stage28a_exact_trades.csv,calendar_time_risk_proxy_v1,calendar_drop_friday_h9_tp06_sl065,4.019800000000396,2.969800000000396,2.269800000000396,1,1,1,0,2.969800000000396,64.76999999999953,42.88000000000011,0.705457089552237,21.579999999999927,0.15848007414272866,18.6899999999996,18.068499999999993,0.64,1.0,,,9,2,1.0,2026
2026-01-15 09:00:00+00:00|1.0|calendar_drop_friday_h9_tp06_sl065,2026-01-15 09:00:00+00:00,STAGE28A,data/reports/stage28a_discovery_factory_batch_runner/stage28a_exact_trades.csv,calendar_time_risk_proxy_v1,calendar_drop_friday_h9_tp06_sl065,-6.48339999999971,-7.533399999999711,-8.23339999999971,0,0,0,1,7.533399999999711,55.220000000000255,51.470000000000255,0.4453079463765292,39.04999999999927,0.7062740076824697,18.26000000000022,18.21850000000004,0.744,1.0,,,9,3,1.0,2026
2026-01-16 23:45:00+00:00|1.0|calendar_drop_friday_h9_tp06_sl065,2026-01-16 23:45:00+00:00,STAGE28A,data/reports/stage28a_discovery_factory_batch_runner/stage28a_exact_trades.csv,calendar_time_risk_proxy_v1,calendar_drop_friday_h9_tp06_sl065,-0.35,-1.4,-2.1,0,0,0,0,1.4,51.470000000000255,29.23999999999978,0.3081395348837307,21.81999999999971,0.04353803849678418,14.900000000000546,18.534500000000072,0.868,1.0,,,9,4,1.0,2026
2026-01-19 09:00:00+00:00|1.0|calendar_drop_friday_h9_tp06_sl065,2026-01-19 09:00:00+00:00,STAGE28A,data/reports/stage28a_discovery_factory_batch_runner/stage28a_exact_trades.csv,calendar_time_risk_proxy_v1,calendar_drop_friday_h9_tp06_sl065,3.329500000000189,2.2795000000001893,1.5795000000001895,1,1,1,0,2.2795000000001893,70.75,70.75,0.13371024734982384,17.730000000000473,0.0383530738860842,12.3100000000004,25.277000000000044,0.972,1.0,,,9,0,1.0,2026
2026-01-20 09:00:00+00:00|1.0|calendar_drop_friday_h9_tp06_sl065,2026-01-20 09:00:00+00:00,STAGE28A,data/reports/stage28a_discovery_factory_batch_runner/stage28a_exact_trades.csv,calendar_time_risk_proxy_v1,calendar_drop_friday_h9_tp06_sl065,3.807400000000052,2.7574000000000525,2.0574000000000527,1,1,1,0,2.7574000000000525,70.75,37.38999999999942,0.7983418026210438,43.05000000000018,0.726596980255529,11.449999999999818,11.228999999999905,0.04,1.0,,,9,1,1.0,2026
2026-01-21 09:00:00+00:00|-1.0|calendar_drop_friday_h9_tp06_sl065,2026-01-21 09:00:00+00:00,STAGE28A,data/reports/stage28a_discovery_factory_batch_runner/stage28a_exact_trades.csv,calendar_time_risk_proxy_v1,calendar_drop_friday_h9_tp06_sl065,-8.789924999999675,-9.839924999999676,-10.539924999999675,0,0,0,1,9.839924999999676,117.38999999999942,112.94999999999982,0.7990261177512187,55.72999999999956,0.06728871343979956,42.5600000000004,22.026999999999997,0.9,-1.0,,,9,2,1.0,2026
2026-01-22 09:00:00+00:00|1.0|calendar_drop_friday_h9_tp06_sl065,2026-01-22 09:00:00+00:00,STAGE28A,data/reports/stage28a_discovery_factory_batch_runner/stage28a_exact_trades.csv,calendar_time_risk_proxy_v1,calendar_drop_friday_h9_tp06_sl065,-5.555525000000307,-6.605525000000307,-7.305525000000307,0,0,0,1,6.605525000000307,132.3699999999999,62.81999999999971,0.306431072906719,44.42000000000007,0.716343989194049,12.829999999999927,32.33500000000008,0.976,1.0,,,9,3,1.0,2026
2026-01-23 23:45:00+00:00|1.0|calendar_drop_friday_h9_tp06_sl065,2026-01-23 23:45:00+00:00,STAGE28A,data/reports/stage28a_discovery_factory_batch_runner/stage28a_exact_trades.csv,calendar_time_risk_proxy_v1,calendar_drop_friday_h9_tp06_sl065,-0.35,-1.4,-2.1,0,0,0,0,1.4,187.47999999999956,36.32999999999993,0.07349298100743402,67.39999999999964,0.3921364985163269,14.8100000000004,21.896499999999925,0.728,1.0,,,9,4,1.0,2026
2026-01-26 09:00:00+00:00|1.0|calendar_drop_friday_h9_tp06_sl065,2026-01-26 09:00:00+00:00,STAGE28A,data/reports/stage28a_discovery_factory_batch_runner/stage28a_exact_trades.csv,calendar_time_risk_proxy_v1,calendar_drop_friday_h9_tp06_sl065,-9.39832499999975,-10.44832499999975,-11.14832499999975,0,0,0,1,10.44832499999975,37.909999999999854,90.77999999999975,0.33718880810752,58.66999999999916,0.36475200272713226,45.339999999999236,26.526499999999942,0.912,1.0,,,9,0,1.0,2026
2026-01-27 09:00:00+00:00|1.0|calendar_drop_friday_h9_tp06_sl065,2026-01-27 09:00:00+00:00,STAGE28A,data/reports/stage28a_discovery_factory_batch_runner/stage28a_exact_trades.csv,calendar_time_risk_proxy_v1,calendar_drop_friday_h9_tp06_sl065,6.05980000000036,5.009800000000359,4.30980000000036,1,1,1,0,5.009800000000359,120.89999999999964,66.71999999999935,0.3625599520383805,43.279999999999745,0.441543438077629,17.280000000000655,34.68999999999996,0.996,1.0,,,9,1,1.0,2026
2026-01-28 09:00:00+00:00|1.0|calendar_drop_friday_h9_tp06_sl065,2026-01-28 09:00:00+00:00,STAGE28A,data/reports/stage28a_discovery_factory_batch_runner/stage28a_exact_trades.csv,calendar_time_risk_proxy_v1,calendar_drop_friday_h9_tp06_sl065,-8.288449999999647,-9.338449999999648,-10.038449999999647,0,0,0,1,9.338449999999648,177.47999999999956,91.47000000000025,0.8015742866513557,70.05000000000018,0.3504639543183327,19.400000000000546,28.39450000000006,0.844,1.0,,,9,2,1.0,2026
2026-01-29 09:00:00+00:00|-1.0|calendar_drop_friday_h9_tp06_sl065,2026-01-29 09:00:00+00:00,STAGE28A,data/reports/stage28a_discovery_factory_batch_runner/stage28a_exact_trades.csv,calendar_time_risk_proxy_v1,calendar_drop_friday_h9_tp06_sl065,12.139300000000183,11.089300000000184,10.389300000000183,1,1,1,0,11.089300000000184,367.5100000000002,177.09000000000015,0.2549551075724185,120.55000000000018,0.6137702198257957,40.72999999999956,55.31000000000004,1.0,-1.0,,,9,3,1.0,2026
2026-01-30 23:45:00+00:00|1.0|calendar_drop_friday_h9_tp06_sl065,2026-01-30 23:45:00+00:00,STAGE28A,data/reports/stage28a_discovery_factory_batch_runner/stage28a_exact_trades.csv,calendar_time_risk_proxy_v1,calendar_drop_friday_h9_tp06_sl065,-0.35,-1.4,-2.1,0,0,0,0,1.4,494.8599999999997,338.6199999999999,0.661360817435473,297.4300000000003,0.3163433412903878,122.4399999999996,110.78399999999992,1.0,1.0,,,9,4,1.0,2026
2026-02-02 09:00:00+00:00|1.0|calendar_drop_friday_h9_tp06_sl065,2026-02-02 09:00:00+00:00,STAGE28A,data/reports/stage28a_discovery_factory_batch_runner/stage28a_exact_trades.csv,calendar_time_risk_proxy_v1,calendar_drop_friday_h9_tp06_sl065,35.75949999999957,34.70949999999957,34.00949999999957,1,1,1,0,34.70949999999957,168.01999999999953,300.52999999999975,0.20949655608425147,330.25,0.07887963663891047,169.89999999999964,132.1264999999998,1.0,1.0,,,9,0,2.0,2026
2026-02-03 09:00:00+00:00|1.0|calendar_drop_friday_h9_tp06_sl065,2026-02-03 09:00:00+00:00,STAGE28A,data/reports/stage28a_discovery_factory_batch_runner/stage28a_exact_trades.csv,calendar_time_risk_proxy_v1,calendar_drop_friday_h9_tp06_sl065,-17.542825000000086,-18.592825000000083,-19.29282500000009,0,0,0,1,18.592825000000083,481.1899999999996,189.4900000000007,0.18222597498548535,139.53999999999996,0.6661889064067655,77.38999999999942,76.99800000000009,0.764,1.0,,,9,1,2.0,2026
2026-02-04 09:00:00+00:00|-1.0|calendar_drop_friday_h9_tp06_sl065,2026-02-04 09:00:00+00:00,STAGE28A,data/reports/stage28a_discovery_factory_batch_runner/stage28a_exact_trades.csv,calendar_time_risk_proxy_v1,calendar_drop_friday_h9_tp06_sl065,-10.562800000000244,-11.612800000000243,-12.312800000000244,0,0,0,1,11.612800000000243,327.28999999999996,170.6200000000008,0.7802133395850385,50.0,0.6368000000000029,31.539999999999964,48.64099999999994,0.596,-1.0,,,9,2,2.0,2026
2026-02-05 09:00:00+00:00|-1.0|calendar_drop_friday_h9_tp06_sl065,2026-02-05 09:00:00+00:00,STAGE28A,data/reports/stage28a_discovery_factory_batch_runner/stage28a_exact_trades.csv,calendar_time_risk_proxy_v1,calendar_drop_friday_h9_tp06_sl065,21.99820000000036,20.94820000000036,20.24820000000036,1,1,1,0,20.94820000000036,239.94999999999982,234.41000000000076,0.6337613583038263,116.44999999999982,0.11592958351223719,55.3100000000004,60.79850000000006,0.72,-1.0,,,9,3,2.0,2026
2026-02-06 23:45:00+00:00|1.0|calendar_drop_friday_h9_tp06_sl065,2026-02-06 23:45:00+00:00,STAGE28A,data/reports/stage28a_discovery_factory_batch_runner/stage28a_exact_trades.csv,calendar_time_risk_proxy_v1,calendar_drop_friday_h9_tp06_sl065,-0.35,-1.4,-2.1,0,0,0,0,1.4,320.3100000000004,191.01000000000022,0.5794461022983098,95.03999999999996,0.6758207070707027,22.36999999999989,42.722999999999956,0.336,1.0,,,9,4,2.0,2026
2026-02-09 09:00:00+00:00|-1.0|calendar_drop_friday_h9_tp06_sl065,2026-02-09 09:00:00+00:00,STAGE28A,data/reports/stage28a_discovery_factory_batch_runner/stage28a_exact_trades.csv,calendar_time_risk_proxy_v1,calendar_drop_friday_h9_tp06_sl065,-10.37559999999994,-11.42559999999994,-12.12559999999994,0,0,0,1,11.42559999999994,81.67000000000007,81.67000000000007,0.2937431125260164,62.659999999999854,0.33482285349506097,31.390000000000327,37.189000000000036,0.296,-1.0,,,9,0,2.0,2026
2026-02-10 09:00:00+00:00|1.0|calendar_drop_friday_h9_tp06_sl065,2026-02-10 09:00:00+00:00,STAGE28A,data/reports/stage28a_discovery_factory_batch_runner/stage28a_exact_trades.csv,calendar_time_risk_proxy_v1,calendar_drop_friday_h9_tp06_sl065,-8.396675000000505,-9.446675000000504,-10.146675000000505,0,0,0,1,9.446675000000504,121.23000000000047,87.30999999999949,0.0027488260222276097,51.73999999999978,0.304020100502523,26.279999999999745,29.88449999999998,0.104,1.0,,,9,1,2.0,2026
2026-02-11 09:00:00+00:00|1.0|calendar_drop_friday_h9_tp06_sl065,2026-02-11 09:00:00+00:00,STAGE28A,data/reports/stage28a_discovery_factory_batch_runner/stage28a_exact_trades.csv,calendar_time_risk_proxy_v1,calendar_drop_friday_h9_tp06_sl065,5.1550000000001095,4.105000000000109,3.405000000000109,1,1,1,0,4.105000000000109,90.59999999999945,36.149999999999636,0.11009681881052595,57.410000000000764,0.814318063055206,15.170000000000073,24.6895,0.004,1.0,,,9,2,2.0,2026
2026-02-12 09:00:00+00:00|1.0|calendar_drop_friday_h9_tp06_sl065,2026-02-12 09:00:00+00:00,STAGE28A,data/reports/stage28a_discovery_factory_batch_runner/stage28a_exact_trades.csv,calendar_time_risk_proxy_v1,calendar_drop_friday_h9_tp06_sl065,-7.237724999999591,-8.287724999999591,-8.98772499999959,0,0,0,1,8.287724999999591,99.52999999999975,54.75999999999931,0.13951789627466077,33.48999999999978,0.22066288444312857,29.06999999999971,30.011499999999888,0.152,1.0,,,9,3,2.0,2026
2026-02-13 23:45:00+00:00|1.0|calendar_drop_friday_h9_tp06_sl065,2026-02-13 23:45:00+00:00,STAGE28A,data/reports/stage28a_discovery_factory_batch_runner/stage28a_exact_trades.csv,calendar_time_risk_proxy_v1,calendar_drop_friday_h9_tp06_sl065,-0.35,-1.4,-2.1,0,0,0,0,1.4,221.16999999999916,110.14999999999964,0.510939627780299,44.63000000000011,0.5969079094779152,12.61999999999989,29.988999999999987,0.188,1.0,,,9,4,2.0,2026
2026-02-16 09:00:00+00:00|1.0|calendar_drop_friday_h9_tp06_sl065,2026-02-16 09:00:00+00:00,STAGE28A,data/reports/stage28a_discovery_factory_batch_runner/stage28a_exact_trades.csv,calendar_time_risk_proxy_v1,calendar_drop_friday_h9_tp06_sl065,-6.754774999999972,-7.804774999999973,-8.504774999999972,0,0,0,1,7.804774999999973,39.280000000000655,77.38000000000011,0.561643835616438,50.88000000000011,0.5548349056603676,18.13000000000011,28.469500000000018,0.136,1.0,,,9,0,2.0,2026
2026-02-17 09:00:00+00:00|-1.0|calendar_drop_friday_h9_tp06_sl065,2026-02-17 09:00:00+00:00,STAGE28A,data/reports/stage28a_discovery_factory_batch_runner/stage28a_exact_trades.csv,calendar_time_risk_proxy_v1,calendar_drop_friday_h9_tp06_sl065,-9.741525,-10.791525000000002,-11.491525,0,0,0,1,10.791525000000002,84.22000000000025,77.25,0.4779288025889977,91.84000000000015,0.4317290940766603,27.4399999999996,24.475999999999978,0.128,-1.0,,,9,1,2.0,2026
2026-02-18 09:00:00+00:00|-1.0|calendar_drop_friday_h9_tp06_sl065,2026-02-18 09:00:00+00:00,STAGE28A,data/reports/stage28a_discovery_factory_batch_runner/stage28a_exact_trades.csv,calendar_time_risk_proxy_v1,calendar_drop_friday_h9_tp06_sl065,4.04260000000013,2.9926000000001296,2.29260000000013,1,1,1,0,2.9926000000001296,157.21000000000004,86.19999999999982,0.8678654292343452,32.5,0.6058461538461415,10.650000000000546,25.517999999999894,0.164,-1.0,,,9,2,2.0,2026
2026-02-19 09:00:00+00:00|1.0|calendar_drop_friday_h9_tp06_sl065,2026-02-19 09:00:00+00:00,STAGE28A,data/reports/stage28a_discovery_factory_batch_runner/stage28a_exact_trades.csv,calendar_time_risk_proxy_v1,calendar_drop_friday_h9_tp06_sl065,-4.446300000000155,-5.496300000000156,-6.196300000000155,0,0,0,1,5.496300000000156,156.84000000000015,28.07000000000062,0.2921268257926483,40.33000000000084,0.22737416315397677,23.1899999999996,18.661500000000025,0.056,1.0,,,9,3,2.0,2026
2026-02-20 23:45:00+00:00|1.0|calendar_drop_friday_h9_tp06_sl065,2026-02-20 23:45:00+00:00,STAGE28A,data/reports/stage28a_discovery_factory_batch_runner/stage28a_exact_trades.csv,calendar_time_risk_proxy_v1,calendar_drop_friday_h9_tp06_sl065,-0.35,-1.4,-2.1,0,0,0,0,1.4,61.32000000000062,32.899999999999636,0.36413373860181447,44.55999999999949,0.7773788150807858,20.17999999999938,22.526999999999862,0.312,1.0,,,9,4,2.0,2026
2026-02-23 09:00:00+00:00|-1.0|calendar_drop_friday_h9_tp06_sl065,2026-02-23 09:00:00+00:00,STAGE28A,data/reports/stage28a_discovery_factory_batch_runner/stage28a_exact_trades.csv,calendar_time_risk_proxy_v1,calendar_drop_friday_h9_tp06_sl065,5.127100000000064,4.077100000000064,3.3771000000000644,1,1,1,0,4.077100000000064,72.84000000000015,77.53999999999996,0.0517152437451549,40.94999999999982,0.05225885225883828,16.13000000000011,29.69599999999996,0.632,-1.0,,,9,0,2.0,2026
2026-02-24 09:00:00+00:00|1.0|calendar_drop_friday_h9_tp06_sl065,2026-02-24 09:00:00+00:00,STAGE28A,data/reports/stage28a_discovery_factory_batch_runner/stage28a_exact_trades.csv,calendar_time_risk_proxy_v1,calendar_drop_friday_h9_tp06_sl065,-6.855524999999579,-7.90552499999958,-8.605524999999579,0,0,0,1,7.90552499999958,139.01000000000022,104.50999999999931,0.6400344464644605,29.329999999999927,0.16365496079100558,28.449999999999818,25.956499999999913,0.516,1.0,,,9,1,2.0,2026
2026-02-25 09:00:00+00:00|1.0|calendar_drop_friday_h9_tp06_sl065,2026-02-25 09:00:00+00:00,STAGE28A,data/reports/stage28a_discovery_factory_batch_runner/stage28a_exact_trades.csv,calendar_time_risk_proxy_v1,calendar_drop_friday_h9_tp06_sl065,5.020600000000195,3.970600000000195,3.270600000000196,1,1,1,0,3.970600000000195,155.44999999999982,71.0,0.506197183098586,40.400000000000546,0.19306930693069496,19.020000000000437,25.181500000000007,0.496,1.0,,,9,2,2.0,2026
2026-02-26 09:00:00+00:00|-1.0|calendar_drop_friday_h9_tp06_sl065,2026-02-26 09:00:00+00:00,STAGE28A,data/reports/stage28a_discovery_factory_batch_runner/stage28a_exact_trades.csv,calendar_time_risk_proxy_v1,calendar_drop_friday_h9_tp06_sl065,3.9487000000002808,2.898700000000281,2.198700000000281,1,1,1,0,2.898700000000281,94.65999999999985,43.400000000000546,0.6817972350230362,39.1899999999996,0.5435059964276703,9.269999999999527,21.66899999999987,0.344,-1.0,,,9,3,2.0,2026
2026-02-27 23:45:00+00:00|1.0|calendar_drop_friday_h9_tp06_sl065,2026-02-27 23:45:00+00:00,STAGE28A,data/reports/stage28a_discovery_factory_batch_runner/stage28a_exact_trades.csv,calendar_time_risk_proxy_v1,calendar_drop_friday_h9_tp06_sl065,-0.35,-1.4,-2.1,0,0,0,0,1.4,74.60999999999967,32.68000000000029,0.08353733170136012,31.48999999999978,0.1292473801206649,16.730000000000473,18.952500000000146,0.152,1.0,,,9,4,2.0,2026
2026-03-02 09:00:00+00:00|1.0|calendar_drop_friday_h9_tp06_sl065,2026-03-02 09:00:00+00:00,STAGE28A,data/reports/stage28a_discovery_factory_batch_runner/stage28a_exact_trades.csv,calendar_time_risk_proxy_v1,calendar_drop_friday_h9_tp06_sl065,-8.289749999999549,-9.33974999999955,-10.039749999999549,0,0,0,1,9.33974999999955,87.94000000000051,89.74000000000069,0.3510140405616198,78.23999999999978,0.43366564417177245,26.17999999999938,34.288500000000155,1.0,1.0,,,9,0,3.0,2026
2026-03-03 09:00:00+00:00|-1.0|calendar_drop_friday_h9_tp06_sl065,2026-03-03 09:00:00+00:00,STAGE28A,data/reports/stage28a_discovery_factory_batch_runner/stage28a_exact_trades.csv,calendar_time_risk_proxy_v1,calendar_drop_friday_h9_tp06_sl065,-11.086375000000409,-12.136375000000408,-12.836375000000409,0,0,0,1,12.136375000000408,158.2599999999993,50.460000000000036,0.2964724534284587,140.09999999999945,0.804354032833697,43.77000000000044,33.022499999999994,0.936,-1.0,,,9,1,3.0,2026
2026-03-04 09:00:00+00:00|1.0|calendar_drop_friday_h9_tp06_sl065,2026-03-04 09:00:00+00:00,STAGE28A,data/reports/stage28a_discovery_factory_batch_runner/stage28a_exact_trades.csv,calendar_time_risk_proxy_v1,calendar_drop_friday_h9_tp06_sl065,-11.325250000000414,-12.375250000000417,-13.075250000000414,0,0,0,1,12.375250000000417,382.7999999999993,105.97000000000025,0.29508351420212753,79.67000000000007,0.4089368645663348,37.86999999999989,60.379999999999974,0.952,1.0,,,9,2,3.0,2026
2026-03-05 09:00:00+00:00|-1.0|calendar_drop_friday_h9_tp06_sl065,2026-03-05 09:00:00+00:00,STAGE28A,data/reports/stage28a_discovery_factory_batch_runner/stage28a_exact_trades.csv,calendar_time_risk_proxy_v1,calendar_drop_friday_h9_tp06_sl065,-8.957624999999643,-10.007624999999644,-10.707624999999643,0,0,0,1,10.007624999999644,121.39000000000033,50.22999999999956,0.11108899064304152,59.60999999999967,0.12028183190739997,47.97999999999956,26.565499999999883,0.636,-1.0,,,9,3,3.0,2026
2026-03-06 23:45:00+00:00|1.0|calendar_drop_friday_h9_tp06_sl065,2026-03-06 23:45:00+00:00,STAGE28A,data/reports/stage28a_discovery_factory_batch_runner/stage28a_exact_trades.csv,calendar_time_risk_proxy_v1,calendar_drop_friday_h9_tp06_sl065,-0.35,-1.4,-2.1,0,0,0,0,1.4,143.6899999999996,76.73999999999978,0.5422204847537111,54.25,0.6733640552995345,13.020000000000437,27.936000000000014,0.592,1.0,,,9,4,3.0,2026
2026-03-09 09:00:00+00:00|1.0|calendar_drop_friday_h9_tp06_sl065,2026-03-09 09:00:00+00:00,STAGE28A,data/reports/stage28a_discovery_factory_batch_runner/stage28a_exact_trades.csv,calendar_time_risk_proxy_v1,calendar_drop_friday_h9_tp06_sl065,8.506600000000072,7.456600000000071,6.756600000000072,1,1,1,0,7.456600000000071,147.64000000000033,176.90999999999985,0.08184952800859469,59.55000000000018,0.053064651553313934,36.88000000000011,46.93250000000016,0.924,1.0,,,9,0,3.0,2026
2026-03-10 09:00:00+00:00|1.0|calendar_drop_friday_h9_tp06_sl065,2026-03-10 09:00:00+00:00,STAGE28A,data/reports/stage28a_discovery_factory_batch_runner/stage28a_exact_trades.csv,calendar_time_risk_proxy_v1,calendar_drop_friday_h9_tp06_sl065,-5.587374999999701,-6.637374999999702,-7.337374999999701,0,0,0,1,6.637374999999702,176.90999999999985,69.05000000000018,0.35235336712526955,38.60999999999967,0.3504273504273468,9.159999999999854,25.005000000000017,0.332,1.0,,,9,1,3.0,2026
2026-03-11 09:00:00+00:00|-1.0|calendar_drop_friday_h9_tp06_sl065,2026-03-11 09:00:00+00:00,STAGE28A,data/reports/stage28a_discovery_factory_batch_runner/stage28a_exact_trades.csv,calendar_time_risk_proxy_v1,calendar_drop_friday_h9_tp06_sl065,4.476399999999922,3.426399999999921,2.7263999999999218,1,1,1,0,3.426399999999921,121.13000000000011,39.590000000000146,0.15584743622126926,35.25,0.5140425531914863,19.25,22.735500000000002,0.248,-1.0,,,9,2,3.0,2026
2026-03-12 09:00:00+00:00|1.0|calendar_drop_friday_h9_tp06_sl065,2026-03-12 09:00:00+00:00,STAGE28A,data/reports/stage28a_discovery_factory_batch_runner/stage28a_exact_trades.csv,calendar_time_risk_proxy_v1,calendar_drop_friday_h9_tp06_sl065,-5.54090000000051,-6.590900000000511,-7.29090000000051,0,0,0,1,6.590900000000511,89.92000000000007,56.44999999999982,0.14508414526128655,54.350000000000364,0.7308187672493098,22.850000000000364,22.40400000000009,0.228,1.0,,,9,3,3.0,2026
2026-03-13 22:45:00+00:00|1.0|calendar_drop_friday_h9_tp06_sl065,2026-03-13 22:45:00+00:00,STAGE28A,data/reports/stage28a_discovery_factory_batch_runner/stage28a_exact_trades.csv,calendar_time_risk_proxy_v1,calendar_drop_friday_h9_tp06_sl065,-0.35,-1.4,-2.1,0,0,0,0,1.4,136.32999999999993,55.710000000000036,0.1202656614611347,49.1299999999992,0.19967433340117344,40.219999999999345,23.812000000000033,0.368,1.0,,,9,4,3.0,2026
2026-03-16 09:00:00+00:00|-1.0|calendar_drop_friday_h9_tp06_sl065,2026-03-16 09:00:00+00:00,STAGE28A,data/reports/stage28a_discovery_factory_batch_runner/stage28a_exact_trades.csv,calendar_time_risk_proxy_v1,calendar_drop_friday_h9_tp06_sl065,-6.1658750000002325,-7.215875000000233,-7.915875000000232,0,0,0,1,7.215875000000233,62.539999999999964,62.710000000000036,0.2433423696380196,65.6899999999996,0.21205662962398336,30.519999999999527,31.65949999999998,0.68,-1.0,,,9,0,3.0,2026
2026-03-17 09:00:00+00:00|-1.0|calendar_drop_friday_h9_tp06_sl065,2026-03-17 09:00:00+00:00,STAGE28A,data/reports/stage28a_discovery_factory_batch_runner/stage28a_exact_trades.csv,calendar_time_risk_proxy_v1,calendar_drop_friday_h9_tp06_sl065,4.3381000000003045,3.288100000000304,2.5881000000003045,1,1,1,0,3.288100000000304,69.77000000000044,46.720000000000255,0.5355308219178146,52.33000000000084,0.7177527231033611,17.449999999999818,21.2875,0.148,-1.0,,,9,1,3.0,2026
2026-03-18 09:00:00+00:00|1.0|calendar_drop_friday_h9_tp06_sl065,2026-03-18 09:00:00+00:00,STAGE28A,data/reports/stage28a_discovery_factory_batch_runner/stage28a_exact_trades.csv,calendar_time_risk_proxy_v1,calendar_drop_friday_h9_tp06_sl065,3.82450000000008,2.77450000000008,2.0745000000000804,1,1,1,0,2.77450000000008,70.88000000000011,33.909999999999854,0.4624004718371999,57.25,0.3369432314410474,20.019999999999527,15.59149999999986,0.004,1.0,,,9,2,3.0,2026
2026-03-19 09:00:00+00:00|-1.0|calendar_drop_friday_h9_tp06_sl065,2026-03-19 09:00:00+00:00,STAGE28A,data/reports/stage28a_discovery_factory_batch_runner/stage28a_exact_trades.csv,calendar_time_risk_proxy_v1,calendar_drop_friday_h9_tp06_sl065,7.304199999999946,6.254199999999946,5.5541999999999465,1,1,1,0,6.254199999999946,209.3699999999999,62.36999999999989,0.2081128747795494,187.1199999999999,0.911928174433516,94.14000000000033,32.58100000000004,0.908,-1.0,,,9,3,3.0,2026
2026-03-20 22:45:00+00:00|1.0|calendar_drop_friday_h9_tp06_sl065,2026-03-20 22:45:00+00:00,STAGE28A,data/reports/stage28a_discovery_factory_batch_runner/stage28a_exact_trades.csv,calendar_time_risk_proxy_v1,calendar_drop_friday_h9_tp06_sl065,-0.35,-1.4,-2.1,0,0,0,0,1.4,364.7399999999998,101.35999999999967,0.7723954222573028,96.74000000000069,0.788918751292124,31.0600000000004,45.05350000000003,0.904,1.0,,,9,4,3.0,2026
2026-03-23 09:00:00+00:00|-1.0|calendar_drop_friday_h9_tp06_sl065,2026-03-23 09:00:00+00:00,STAGE28A,data/reports/stage28a_discovery_factory_batch_runner/stage28a_exact_trades.csv,calendar_time_risk_proxy_v1,calendar_drop_friday_h9_tp06_sl065,-22.91800000000021,-23.96800000000021,-24.66800000000021,0,0,0,1,23.96800000000021,86.35999999999967,216.32999999999993,0.4497758054823659,280.8600000000006,0.3504949084953336,146.9399999999996,70.35300000000007,1.0,-1.0,,,9,0,3.0,2026
2026-03-24 09:00:00+00:00|1.0|calendar_drop_friday_h9_tp06_sl065,2026-03-24 09:00:00+00:00,STAGE28A,data/reports/stage28a_discovery_factory_batch_runner/stage28a_exact_trades.csv,calendar_time_risk_proxy_v1,calendar_drop_friday_h9_tp06_sl065,-16.53922500000008,-17.589225000000077,-18.28922500000008,0,0,0,1,17.589225000000077,437.1700000000001,141.98999999999978,0.7553348827382221,121.75,0.8636550308008258,62.02000000000044,71.92600000000002,0.912,1.0,,,9,1,3.0,2026
2026-03-25 09:00:00+00:00|-1.0|calendar_drop_friday_h9_tp06_sl065,2026-03-25 09:00:00+00:00,STAGE28A,data/reports/stage28a_discovery_factory_batch_runner/stage28a_exact_trades.csv,calendar_time_risk_proxy_v1,calendar_drop_friday_h9_tp06_sl065,6.742300000000251,5.69230000000025,4.992300000000251,1,1,1,0,5.69230000000025,245.17999999999938,146.3800000000001,0.1763902172427906,45.51999999999953,0.31480667838313,23.75,42.5585,0.676,-1.0,,,9,2,3.0,2026
2026-03-26 09:00:00+00:00|-1.0|calendar_drop_friday_h9_tp06_sl065,2026-03-26 09:00:00+00:00,STAGE28A,data/reports/stage28a_discovery_factory_batch_runner/stage28a_exact_trades.csv,calendar_time_risk_proxy_v1,calendar_drop_friday_h9_tp06_sl065,-10.516650000000118,-11.566650000000118,-12.266650000000118,0,0,0,1,11.566650000000118,146.3800000000001,54.910000000000764,0.4028410125660095,109.26000000000022,0.7089511257550786,43.73000000000047,36.50800000000013,0.608,-1.0,,,9,3,3.0,2026
2026-03-27 22:45:00+00:00|1.0|calendar_drop_friday_h9_tp06_sl065,2026-03-27 22:45:00+00:00,STAGE28A,data/reports/stage28a_discovery_factory_batch_runner/stage28a_exact_trades.csv,calendar_time_risk_proxy_v1,calendar_drop_friday_h9_tp06_sl065,8.715099999999802,7.665099999999802,6.965099999999802,1,1,1,0,7.665099999999802,192.66000000000076,73.67999999999938,0.5563246471226945,64.27999999999975,0.48397635345363715,25.339999999999236,31.86499999999978,0.4,1.0,,,9,4,3.0,2026
2026-03-30 09:00:00+00:00|1.0|calendar_drop_friday_h9_tp06_sl065,2026-03-30 09:00:00+00:00,STAGE28A,data/reports/stage28a_discovery_factory_batch_runner/stage28a_exact_trades.csv,calendar_time_risk_proxy_v1,calendar_drop_friday_h9_tp06_sl065,-10.3960750000002,-11.4460750000002,-12.1460750000002,0,0,0,1,11.4460750000002,39.409999999999854,97.78999999999996,0.1155537376009836,64.01999999999953,0.5651358950328109,31.529999999999745,38.44049999999993,0.632,1.0,,,9,0,3.0,2026
2026-03-31 09:00:00+00:00|1.0|calendar_drop_friday_h9_tp06_sl065,2026-03-31 09:00:00+00:00,STAGE28A,data/reports/stage28a_discovery_factory_batch_runner/stage28a_exact_trades.csv,calendar_time_risk_proxy_v1,calendar_drop_friday_h9_tp06_sl065,-11.452974999999787,-12.502974999999788,-13.202974999999787,0,0,0,1,12.502974999999788,160.84999999999945,136.60000000000036,0.3423865300146369,37.849999999999454,0.04042272126815766,33.599999999999454,33.95500000000006,0.42,1.0,,,9,1,3.0,2026
2026-04-01 09:00:00+00:00|1.0|calendar_drop_friday_h9_tp06_sl065,2026-04-01 09:00:00+00:00,STAGE28A,data/reports/stage28a_discovery_factory_batch_runner/stage28a_exact_trades.csv,calendar_time_risk_proxy_v1,calendar_drop_friday_h9_tp06_sl065,-8.195500000000356,-9.245500000000357,-9.945500000000356,0,0,0,1,9.245500000000357,204.27000000000044,62.159999999999854,0.011904761904773053,80.67000000000007,0.5141936283624697,28.660000000000764,29.81549999999993,0.196,1.0,,,9,2,4.0,2026
2026-04-02 09:00:00+00:00|-1.0|calendar_drop_friday_h9_tp06_sl065,2026-04-02 09:00:00+00:00,STAGE28A,data/reports/stage28a_discovery_factory_batch_runner/stage28a_exact_trades.csv,calendar_time_risk_proxy_v1,calendar_drop_friday_h9_tp06_sl065,14.784100000000215,13.734100000000216,13.034100000000215,1,1,1,0,13.734100000000216,131.1300000000001,150.57999999999993,0.6674193119936249,127.85000000000036,0.4268283144309703,94.5600000000004,37.019000000000005,0.564,-1.0,,,9,3,4.0,2026
2026-04-02 23:45:00+00:00|1.0|calendar_drop_friday_h9_tp06_sl065,2026-04-02 23:45:00+00:00,STAGE28A,data/reports/stage28a_discovery_factory_batch_runner/stage28a_exact_trades.csv,calendar_time_risk_proxy_v1,calendar_drop_friday_h9_tp06_sl065,-7.93809999999994,-8.98809999999994,-9.68809999999994,0,0,0,1,8.98809999999994,131.1300000000001,150.57999999999993,0.6674193119936249,127.85000000000036,0.4268283144309703,20.31999999999971,43.87049999999999,0.668,1.0,,,9,3,4.0,2026
2026-04-06 09:00:00+00:00|1.0|calendar_drop_friday_h9_tp06_sl065,2026-04-06 09:00:00+00:00,STAGE28A,data/reports/stage28a_discovery_factory_batch_runner/stage28a_exact_trades.csv,calendar_time_risk_proxy_v1,calendar_drop_friday_h9_tp06_sl065,-9.647599999999874,-10.697599999999875,-11.397599999999874,0,0,0,1,10.697599999999875,51.22999999999956,70.59000000000015,0.08358124380224584,66.5,0.7993984962405993,27.140000000000327,35.66599999999994,0.46,1.0,,,9,0,4.0,2026
2026-04-07 09:00:00+00:00|1.0|calendar_drop_friday_h9_tp06_sl065,2026-04-07 09:00:00+00:00,STAGE28A,data/reports/stage28a_discovery_factory_batch_runner/stage28a_exact_trades.csv,calendar_time_risk_proxy_v1,calendar_drop_friday_h9_tp06_sl065,-9.16432500000028,-10.21432500000028,-10.91432500000028,0,0,0,1,10.21432500000028,105.48999999999978,51.460000000000036,0.17061795569375532,71.22999999999956,0.3018391127334007,38.039999999999964,20.679999999999882,0.028,1.0,,,9,1,4.0,2026
2026-04-08 09:00:00+00:00|-1.0|calendar_drop_friday_h9_tp06_sl065,2026-04-08 09:00:00+00:00,STAGE28A,data/reports/stage28a_discovery_factory_batch_runner/stage28a_exact_trades.csv,calendar_time_risk_proxy_v1,calendar_drop_friday_h9_tp06_sl065,-8.220850000000246,-9.270850000000246,-9.970850000000246,0,0,0,1,9.270850000000246,211.28000000000065,140.1299999999992,0.1491472204381693,66.96000000000004,0.2144563918757417,43.150000000000546,35.56950000000002,0.62,-1.0,,,9,2,4.0,2026
2026-04-09 09:00:00+00:00|1.0|calendar_drop_friday_h9_tp06_sl065,2026-04-09 09:00:00+00:00,STAGE28A,data/reports/stage28a_discovery_factory_batch_runner/stage28a_exact_trades.csv,calendar_time_risk_proxy_v1,calendar_drop_friday_h9_tp06_sl065,-7.267625000000043,-8.317625000000044,-9.017625000000043,0,0,0,1,8.317625000000044,154.54999999999927,33.960000000000036,0.176972909305071,29.56999999999971,0.5989178221170176,20.50999999999931,26.256500000000052,0.088,1.0,,,9,3,4.0,2026
2026-04-10 23:45:00+00:00|1.0|calendar_drop_friday_h9_tp06_sl065,2026-04-10 23:45:00+00:00,STAGE28A,data/reports/stage28a_discovery_factory_batch_runner/stage28a_exact_trades.csv,calendar_time_risk_proxy_v1,calendar_drop_friday_h9_tp06_sl065,-0.35,-1.4,-2.1,0,0,0,0,1.4,102.13000000000011,41.600000000000364,0.05817307692307817,39.80999999999949,0.3765385581512176,12.210000000000036,18.75699999999997,0.044,1.0,,,9,4,4.0,2026
2026-04-13 09:00:00+00:00|1.0|calendar_drop_friday_h9_tp06_sl065,2026-04-13 09:00:00+00:00,STAGE28A,data/reports/stage28a_discovery_factory_batch_runner/stage28a_exact_trades.csv,calendar_time_risk_proxy_v1,calendar_drop_friday_h9_tp06_sl065,4.773700000000099,3.723700000000099,3.0237000000000998,1,1,1,0,3.723700000000099,49.659999999999854,83.46000000000004,0.7075245626647405,31.029999999999745,0.1111827263938368,14.210000000000036,23.618499999999994,0.232,1.0,,,9,0,4.0,2026
2026-04-14 09:00:00+00:00|1.0|calendar_drop_friday_h9_tp06_sl065,2026-04-14 09:00:00+00:00,STAGE28A,data/reports/stage28a_discovery_factory_batch_runner/stage28a_exact_trades.csv,calendar_time_risk_proxy_v1,calendar_drop_friday_h9_tp06_sl065,3.843999999999505,2.7939999999995053,2.0939999999995056,1,1,1,0,2.7939999999995053,114.48000000000047,31.23999999999978,0.3117797695262436,37.72999999999956,0.2793532997614653,16.159999999999854,17.664499999999908,0.02,1.0,,,9,1,4.0,2026
2026-04-15 09:00:00+00:00|-1.0|calendar_drop_friday_h9_tp06_sl065,2026-04-15 09:00:00+00:00,STAGE28A,data/reports/stage28a_discovery_factory_batch_runner/stage28a_exact_trades.csv,calendar_time_risk_proxy_v1,calendar_drop_friday_h9_tp06_sl065,5.082399999999689,4.032399999999688,3.332399999999689,1,1,1,0,4.032399999999688,100.72999999999956,54.25,0.20552995391704398,44.31999999999971,0.5873194945848357,17.86999999999989,19.199000000000023,0.16,-1.0,,,9,2,4.0,2026
2026-04-16 09:00:00+00:00|-1.0|calendar_drop_friday_h9_tp06_sl065,2026-04-16 09:00:00+00:00,STAGE28A,data/reports/stage28a_discovery_factory_batch_runner/stage28a_exact_trades.csv,calendar_time_risk_proxy_v1,calendar_drop_friday_h9_tp06_sl065,-4.659175000000323,-5.709175000000323,-6.409175000000323,0,0,0,1,5.709175000000323,85.13999999999942,46.51999999999953,0.3555460017196933,31.529999999999745,0.35172851252775883,17.11999999999989,15.955000000000018,0.004,-1.0,,,9,3,4.0,2026
2026-04-17 23:45:00+00:00|1.0|calendar_drop_friday_h9_tp06_sl065,2026-04-17 23:45:00+00:00,STAGE28A,data/reports/stage28a_discovery_factory_batch_runner/stage28a_exact_trades.csv,calendar_time_risk_proxy_v1,calendar_drop_friday_h9_tp06_sl065,-0.35,-1.4,-2.1,0,0,0,0,1.4,65.03999999999996,33.399999999999636,0.042215568862271555,27.38000000000011,0.10336011687362731,8.4399999999996,19.439500000000088,0.42,1.0,,,9,4,4.0,2026
2026-04-20 09:00:00+00:00|1.0|calendar_drop_friday_h9_tp06_sl065,2026-04-20 09:00:00+00:00,STAGE28A,data/reports/stage28a_discovery_factory_batch_runner/stage28a_exact_trades.csv,calendar_time_risk_proxy_v1,calendar_drop_friday_h9_tp06_sl065,-5.481099999999605,-6.531099999999606,-7.231099999999605,0,0,0,1,6.531099999999606,36.82000000000062,77.25,0.15093851132685895,26.13000000000011,0.027171833141983674,16.350000000000364,26.591000000000076,0.764,1.0,,,9,0,4.0,2026
2026-04-21 09:00:00+00:00|-1.0|calendar_drop_friday_h9_tp06_sl065,2026-04-21 09:00:00+00:00,STAGE28A,data/reports/stage28a_discovery_factory_batch_runner/stage28a_exact_trades.csv,calendar_time_risk_proxy_v1,calendar_drop_friday_h9_tp06_sl065,3.795400000000336,2.745400000000336,2.0454000000003365,1,1,1,0,2.745400000000336,90.67000000000007,40.399999999999636,0.7566831683168312,25.050000000000182,0.5417165668662519,13.679999999999382,15.084999999999946,0.064,-1.0,,,9,1,4.0,2026
2026-04-22 09:00:00+00:00|-1.0|calendar_drop_friday_h9_tp06_sl065,2026-04-22 09:00:00+00:00,STAGE28A,data/reports/stage28a_discovery_factory_batch_runner/stage28a_exact_trades.csv,calendar_time_risk_proxy_v1,calendar_drop_friday_h9_tp06_sl065,-4.726449999999749,-5.77644999999975,-6.476449999999749,0,0,0,1,5.77644999999975,164.42000000000007,49.36000000000058,0.7803889789302891,19.909999999999854,0.14364640883980928,19.67999999999938,24.95149999999999,0.816,-1.0,,,9,2,4.0,2026
2026-04-23 09:00:00+00:00|-1.0|calendar_drop_friday_h9_tp06_sl065,2026-04-23 09:00:00+00:00,STAGE28A,data/reports/stage28a_discovery_factory_batch_runner/stage28a_exact_trades.csv,calendar_time_risk_proxy_v1,calendar_drop_friday_h9_tp06_sl065,-6.403775000000314,-7.453775000000315,-8.153775000000314,0,0,0,1,7.453775000000315,56.470000000000255,59.63000000000011,0.37078651685392644,31.92999999999938,0.19417475728155145,22.279999999999745,17.6579999999999,0.348,-1.0,,,9,3,4.0,2026
2026-04-24 23:45:00+00:00|1.0|calendar_drop_friday_h9_tp06_sl065,2026-04-24 23:45:00+00:00,STAGE28A,data/reports/stage28a_discovery_factory_batch_runner/stage28a_exact_trades.csv,calendar_time_risk_proxy_v1,calendar_drop_friday_h9_tp06_sl065,-0.35,-1.4,-2.1,0,0,0,0,1.4,89.48000000000047,42.279999999999745,0.4973982970671682,39.52000000000044,0.2608805668016267,12.430000000000291,18.95449999999996,0.568,1.0,,,9,4,4.0,2026
2026-04-27 09:00:00+00:00|-1.0|calendar_drop_friday_h9_tp06_sl065,2026-04-27 09:00:00+00:00,STAGE28A,data/reports/stage28a_discovery_factory_batch_runner/stage28a_exact_trades.csv,calendar_time_risk_proxy_v1,calendar_drop_friday_h9_tp06_sl065,3.816400000000067,2.766400000000067,2.0664000000000677,1,1,1,0,2.766400000000067,19.25,57.220000000000255,0.6957357567284206,30.449999999999818,0.671592775041049,16.75,18.116500000000087,0.444,-1.0,,,9,0,4.0,2026
2026-04-28 09:00:00+00:00|-1.0|calendar_drop_friday_h9_tp06_sl065,2026-04-28 09:00:00+00:00,STAGE28A,data/reports/stage28a_discovery_factory_batch_runner/stage28a_exact_trades.csv,calendar_time_risk_proxy_v1,calendar_drop_friday_h9_tp06_sl065,4.900299999999698,3.8502999999996974,3.1502999999996977,1,1,1,0,3.8502999999996974,62.81999999999971,34.590000000000146,0.49031511997687094,66.61000000000058,0.9911424711004333,44.07999999999993,12.861999999999899,0.044,-1.0,,,9,1,4.0,2026
2026-04-29 09:00:00+00:00|-1.0|calendar_drop_friday_h9_tp06_sl065,2026-04-29 09:00:00+00:00,STAGE28A,data/reports/stage28a_discovery_factory_batch_runner/stage28a_exact_trades.csv,calendar_time_risk_proxy_v1,calendar_drop_friday_h9_tp06_sl065,-5.48760000000002,-6.537600000000021,-7.23760000000002,0,0,0,1,6.537600000000021,146.2599999999993,33.97999999999956,0.036492054149493754,55.970000000000255,0.707343219581902,16.829999999999927,17.580000000000155,0.448,-1.0,,,9,2,4.0,2026
2026-04-30 09:00:00+00:00|1.0|calendar_drop_friday_h9_tp06_sl065,2026-04-30 09:00:00+00:00,STAGE28A,data/reports/stage28a_discovery_factory_batch_runner/stage28a_exact_trades.csv,calendar_time_risk_proxy_v1,calendar_drop_friday_h9_tp06_sl065,-5.800574999999844,-6.850574999999845,-7.550574999999844,0,0,0,1,6.850574999999845,99.84999999999945,43.11000000000058,0.09255393180235973,91.03999999999996,0.7621924428822534,27.48999999999978,20.028499999999802,0.708,1.0,,,9,3,4.0,2026
2026-05-01 23:45:00+00:00|1.0|calendar_drop_friday_h9_tp06_sl065,2026-05-01 23:45:00+00:00,STAGE28A,data/reports/stage28a_discovery_factory_batch_runner/stage28a_exact_trades.csv,calendar_time_risk_proxy_v1,calendar_drop_friday_h9_tp06_sl065,-0.35,-1.4,-2.1,0,0,0,0,1.4,107.63000000000011,21.970000000000255,0.17023213472916424,68.44999999999982,0.9382030679327906,18.769999999999527,19.694500000000062,0.652,1.0,,,9,4,5.0,2026
2026-05-04 09:00:00+00:00|-1.0|calendar_drop_friday_h9_tp06_sl065,2026-05-04 09:00:00+00:00,STAGE28A,data/reports/stage28a_discovery_factory_batch_runner/stage28a_exact_trades.csv,calendar_time_risk_proxy_v1,calendar_drop_friday_h9_tp06_sl065,5.446900000000278,4.396900000000278,3.6969000000002783,1,1,1,0,4.396900000000278,16.889999999999418,38.17999999999938,0.09979046621266507,42.73999999999978,0.9333177351427359,20.590000000000146,19.903999999999904,0.68,-1.0,,,9,0,5.0,2026
2026-05-05 09:00:00+00:00|1.0|calendar_drop_friday_h9_tp06_sl065,2026-05-05 09:00:00+00:00,STAGE28A,data/reports/stage28a_discovery_factory_batch_runner/stage28a_exact_trades.csv,calendar_time_risk_proxy_v1,calendar_drop_friday_h9_tp06_sl065,3.4281999999997423,2.3781999999997425,1.6781999999997428,1,1,1,0,2.3781999999997425,128.5099999999993,32.99000000000069,0.5216732343134185,32.52000000000044,0.6685116851168634,20.139999999999418,19.192999999999984,0.592,1.0,,,9,1,5.0,2026
2026-05-06 09:00:00+00:00|1.0|calendar_drop_friday_h9_tp06_sl065,2026-05-06 09:00:00+00:00,STAGE28A,data/reports/stage28a_discovery_factory_batch_runner/stage28a_exact_trades.csv,calendar_time_risk_proxy_v1,calendar_drop_friday_h9_tp06_sl065,4.428699999999845,3.3786999999998444,2.6786999999998446,1,1,1,0,3.3786999999998444,72.96000000000004,105.18000000000029,0.6700893706027788,65.11000000000058,0.8944862540316274,19.079999999999927,17.92749999999978,0.448,1.0,,,9,2,5.0,2026
2026-05-07 09:00:00+00:00|1.0|calendar_drop_friday_h9_tp06_sl065,2026-05-07 09:00:00+00:00,STAGE28A,data/reports/stage28a_discovery_factory_batch_runner/stage28a_exact_trades.csv,calendar_time_risk_proxy_v1,calendar_drop_friday_h9_tp06_sl065,-4.987424999999893,-6.037424999999894,-6.737424999999893,0,0,0,1,6.037424999999894,176.60000000000036,35.909999999999854,0.12252854358116552,61.06999999999971,0.48747339119043176,11.819999999999709,17.707499999999982,0.388,1.0,,,9,3,5.0,2026
2026-05-08 23:45:00+00:00|1.0|calendar_drop_friday_h9_tp06_sl065,2026-05-08 23:45:00+00:00,STAGE28A,data/reports/stage28a_discovery_factory_batch_runner/stage28a_exact_trades.csv,calendar_time_risk_proxy_v1,calendar_drop_friday_h9_tp06_sl065,-0.35,-1.4,-2.1,0,0,0,0,1.4,80.0,50.93000000000029,0.6630669546436154,37.44000000000051,0.20619658119658518,5.769999999999527,19.480000000000246,0.664,1.0,,,9,4,5.0,2026
2026-05-11 09:00:00+00:00|-1.0|calendar_drop_friday_h9_tp06_sl065,2026-05-11 09:00:00+00:00,STAGE28A,data/reports/stage28a_discovery_factory_batch_runner/stage28a_exact_trades.csv,calendar_time_risk_proxy_v1,calendar_drop_friday_h9_tp06_sl065,6.197499999999673,5.147499999999672,4.447499999999673,1,1,1,0,5.147499999999672,22.93000000000029,35.22999999999956,0.3735452739142781,32.529999999999745,0.6889025514909324,32.529999999999745,19.007999999999992,0.564,-1.0,,,9,0,5.0,2026
2026-05-12 09:00:00+00:00|-1.0|calendar_drop_friday_h9_tp06_sl065,2026-05-12 09:00:00+00:00,STAGE28A,data/reports/stage28a_discovery_factory_batch_runner/stage28a_exact_trades.csv,calendar_time_risk_proxy_v1,calendar_drop_friday_h9_tp06_sl065,4.898199999999997,3.848199999999997,3.148199999999997,1,1,1,0,3.848199999999997,103.15999999999985,55.06999999999971,0.5616488106046932,43.150000000000546,0.48528389339511785,13.070000000000618,19.60149999999994,0.624,-1.0,,,9,1,5.0,2026
2026-05-13 09:00:00+00:00|1.0|calendar_drop_friday_h9_tp06_sl065,2026-05-13 09:00:00+00:00,STAGE28A,data/reports/stage28a_discovery_factory_batch_runner/stage28a_exact_trades.csv,calendar_time_risk_proxy_v1,calendar_drop_friday_h9_tp06_sl065,-5.159025000000474,-6.209025000000475,-6.909025000000474,0,0,0,1,6.209025000000475,134.8199999999997,38.69000000000051,0.5420005169294386,29.390000000000327,0.16570261993874913,13.460000000000036,17.222000000000026,0.22,1.0,,,9,2,5.0,2026
2026-05-14 09:00:00+00:00|1.0|calendar_drop_friday_h9_tp06_sl065,2026-05-14 09:00:00+00:00,STAGE28A,data/reports/stage28a_discovery_factory_batch_runner/stage28a_exact_trades.csv,calendar_time_risk_proxy_v1,calendar_drop_friday_h9_tp06_sl065,5.745400000000155,4.695400000000154,3.9954000000001546,1,1,1,0,4.695400000000154,57.02000000000044,32.970000000000255,0.7546254170457967,49.600000000000364,0.49818548387096484,15.019999999999527,17.450999999999976,0.316,1.0,,,9,3,5.0,2026
2026-05-15 23:45:00+00:00|1.0|calendar_drop_friday_h9_tp06_sl065,2026-05-15 23:45:00+00:00,STAGE28A,data/reports/stage28a_discovery_factory_batch_runner/stage28a_exact_trades.csv,calendar_time_risk_proxy_v1,calendar_drop_friday_h9_tp06_sl065,-0.35,-1.4,-2.1,0,0,0,0,1.4,74.1200000000008,57.9399999999996,0.8066965826717312,89.64999999999964,0.7779141104294486,15.039999999999964,25.392000000000007,0.988,1.0,,,9,4,5.0,2026
2026-05-18 09:00:00+00:00|1.0|calendar_drop_friday_h9_tp06_sl065,2026-05-18 09:00:00+00:00,STAGE28A,data/reports/stage28a_discovery_factory_batch_runner/stage28a_exact_trades.csv,calendar_time_risk_proxy_v1,calendar_drop_friday_h9_tp06_sl065,7.593699999999808,6.543699999999808,5.843699999999808,1,1,1,0,6.543699999999808,26.420000000000073,74.32000000000062,0.06848762109795618,29.890000000000327,0.07862161257946933,21.949999999999818,25.387000000000125,0.968,1.0,,,9,0,5.0,2026
2026-05-19 09:00:00+00:00|-1.0|calendar_drop_friday_h9_tp06_sl065,2026-05-19 09:00:00+00:00,STAGE28A,data/reports/stage28a_discovery_factory_batch_runner/stage28a_exact_trades.csv,calendar_time_risk_proxy_v1,calendar_drop_friday_h9_tp06_sl065,5.178400000000147,4.128400000000147,3.4284000000001478,1,1,1,0,4.128400000000147,103.57999999999993,45.600000000000364,0.634210526315786,28.25999999999931,0.11075725406936256,15.489999999999782,19.042999999999893,0.488,-1.0,,,9,1,5.0,2026
2026-05-20 09:00:00+00:00|1.0|calendar_drop_friday_h9_tp06_sl065,2026-05-20 09:00:00+00:00,STAGE28A,data/reports/stage28a_discovery_factory_batch_runner/stage28a_exact_trades.csv,calendar_time_risk_proxy_v1,calendar_drop_friday_h9_tp06_sl065,-7.973849999999947,-9.023849999999948,-9.723849999999947,0,0,0,1,9.023849999999948,124.22000000000025,55.14000000000033,0.37413855640188587,34.54999999999927,0.6208393632416865,17.01000000000022,21.718500000000084,0.772,1.0,,,9,2,5.0,2026
2026-05-21 09:00:00+00:00|1.0|calendar_drop_friday_h9_tp06_sl065,2026-05-21 09:00:00+00:00,STAGE28A,data/reports/stage28a_discovery_factory_batch_runner/stage28a_exact_trades.csv,calendar_time_risk_proxy_v1,calendar_drop_friday_h9_tp06_sl065,4.748500000000059,3.6985000000000574,2.9985000000000586,1,1,1,0,3.6985000000000574,98.85000000000036,43.460000000000036,0.26346065347445485,31.13000000000011,0.08833922261484067,21.610000000000582,18.68649999999993,0.392,1.0,,,9,3,5.0,2026
2026-05-22 23:45:00+00:00|1.0|calendar_drop_friday_h9_tp06_sl065,2026-05-22 23:45:00+00:00,STAGE28A,data/reports/stage28a_discovery_factory_batch_runner/stage28a_exact_trades.csv,calendar_time_risk_proxy_v1,calendar_drop_friday_h9_tp06_sl065,-0.35,-1.4,-2.1,0,0,0,0,1.4,81.88999999999942,27.229999999999563,0.5233198677928839,28.420000000000073,0.09570724841661674,11.4399999999996,16.384499999999935,0.116,1.0,,,9,4,5.0,2026
2026-05-25 09:00:00+00:00|-1.0|calendar_drop_friday_h9_tp06_sl065,2026-05-25 09:00:00+00:00,STAGE28A,data/reports/stage28a_discovery_factory_batch_runner/stage28a_exact_trades.csv,calendar_time_risk_proxy_v1,calendar_drop_friday_h9_tp06_sl065,-4.583124999999745,-5.633124999999746,-6.333124999999745,0,0,0,1,5.633124999999746,23.219999999999345,37.50999999999931,0.1343641695547869,18.550000000000182,0.42318059299188016,13.829999999999927,15.089999999999918,0.044,-1.0,,,9,0,5.0,2026
2026-05-26 09:00:00+00:00|-1.0|calendar_drop_friday_h9_tp06_sl065,2026-05-26 09:00:00+00:00,STAGE28A,data/reports/stage28a_discovery_factory_batch_runner/stage28a_exact_trades.csv,calendar_time_risk_proxy_v1,calendar_drop_friday_h9_tp06_sl065,-4.328974999999991,-5.378974999999992,-6.078974999999991,0,0,0,1,5.378974999999992,37.50999999999931,52.36999999999989,0.6265037235058329,30.970000000000255,0.6293186955117733,11.94000000000051,13.159499999999934,0.076,-1.0,,,9,1,5.0,2026
2026-05-27 09:00:00+00:00|1.0|calendar_drop_friday_h9_tp06_sl065,2026-05-27 09:00:00+00:00,STAGE28A,data/reports/stage28a_discovery_factory_batch_runner/stage28a_exact_trades.csv,calendar_time_risk_proxy_v1,calendar_drop_friday_h9_tp06_sl065,4.041099999999824,2.991099999999824,2.2910999999998243,1,1,1,0,2.991099999999824,97.72000000000025,31.00999999999931,0.44953240890035184,41.44000000000051,0.16674710424709868,21.850000000000364,17.293500000000087,0.46,1.0,,,9,2,5.0,2026
2026-05-28 09:00:00+00:00|1.0|calendar_drop_friday_h9_tp06_sl065,2026-05-28 09:00:00+00:00,STAGE28A,data/reports/stage28a_discovery_factory_batch_runner/stage28a_exact_trades.csv,calendar_time_risk_proxy_v1,calendar_drop_friday_h9_tp06_sl065,6.650500000000102,5.6005000000001015,4.900500000000102,1,1,1,0,5.6005000000001015,126.31999999999971,97.43000000000029,0.8483013445550589,32.26000000000022,0.5855548667079755,28.549999999999272,22.367999999999803,0.876,1.0,,,9,3,5.0,2026
2026-05-29 23:45:00+00:00|1.0|calendar_drop_friday_h9_tp06_sl065,2026-05-29 23:45:00+00:00,STAGE28A,data/reports/stage28a_discovery_factory_batch_runner/stage28a_exact_trades.csv,calendar_time_risk_proxy_v1,calendar_drop_friday_h9_tp06_sl065,-0.35,-1.4,-2.1,0,0,0,0,1.4,149.91000000000076,31.609999999999673,0.3144574501739862,38.23000000000047,0.7737379021710583,17.25,18.682499999999983,0.54,1.0,,,9,4,5.0,2026
2026-06-01 09:00:00+00:00|-1.0|calendar_drop_friday_h9_tp06_sl065,2026-06-01 09:00:00+00:00,STAGE28A,data/reports/stage28a_discovery_factory_batch_runner/stage28a_exact_trades.csv,calendar_time_risk_proxy_v1,calendar_drop_friday_h9_tp06_sl065,4.009599999999773,2.959599999999773,2.2595999999997733,1,1,1,0,2.959599999999773,22.170000000000073,36.05999999999949,0.5268996117581882,35.95000000000073,0.56383866481224,12.360000000000582,17.957500000000028,0.46,-1.0,,,9,0,6.0,2026
2026-06-02 09:00:00+00:00|1.0|calendar_drop_friday_h9_tp06_sl065,2026-06-02 09:00:00+00:00,STAGE28A,data/reports/stage28a_discovery_factory_batch_runner/stage28a_exact_trades.csv,calendar_time_risk_proxy_v1,calendar_drop_friday_h9_tp06_sl065,4.794999999999527,3.744999999999527,3.0449999999995274,1,1,1,0,3.744999999999527,98.14999999999964,36.25,0.3817931034482799,43.899999999999636,0.6999999999999958,12.899999999999636,16.705999999999904,0.312,1.0,,,9,1,6.0,2026
2026-06-03 09:00:00+00:00|-1.0|calendar_drop_friday_h9_tp06_sl065,2026-06-03 09:00:00+00:00,STAGE28A,data/reports/stage28a_discovery_factory_batch_runner/stage28a_exact_trades.csv,calendar_time_risk_proxy_v1,calendar_drop_friday_h9_tp06_sl065,4.037200000000121,2.987200000000121,2.287200000000121,1,1,1,0,2.987200000000121,78.61999999999989,34.289999999999964,0.01574803149608847,49.039999999999964,0.8429853181076709,17.5,14.986000000000013,0.2,-1.0,,,9,2,6.0,2026
2026-06-04 09:00:00+00:00|-1.0|calendar_drop_friday_h9_tp06_sl065,2026-06-04 09:00:00+00:00,STAGE28A,data/reports/stage28a_discovery_factory_batch_runner/stage28a_exact_trades.csv,calendar_time_risk_proxy_v1,calendar_drop_friday_h9_tp06_sl065,4.763800000000083,3.713800000000083,3.0138000000000837,1,1,1,0,3.713800000000083,70.15000000000055,52.960000000000036,0.2736027190332283,25.360000000000582,0.2602523659305719,15.300000000000182,19.105499999999893,0.828,-1.0,,,9,3,6.0,2026
2026-06-05 23:45:00+00:00|1.0|calendar_drop_friday_h9_tp06_sl065,2026-06-05 23:45:00+00:00,STAGE28A,data/reports/stage28a_discovery_factory_batch_runner/stage28a_exact_trades.csv,calendar_time_risk_proxy_v1,calendar_drop_friday_h9_tp06_sl065,-0.35,-1.4,-2.1,0,0,0,0,1.4,91.14999999999964,46.159999999999854,0.5955372616984373,40.38999999999942,0.5570685813320209,11.11999999999989,22.085000000000083,0.968,1.0,,,9,4,6.0,2026
2026-06-08 09:00:00+00:00|-1.0|calendar_drop_friday_h9_tp06_sl065,2026-06-08 09:00:00+00:00,STAGE28A,data/reports/stage28a_discovery_factory_batch_runner/stage28a_exact_trades.csv,calendar_time_risk_proxy_v1,calendar_drop_friday_h9_tp06_sl065,7.211200000000099,6.161200000000099,5.461200000000099,1,1,1,0,6.161200000000099,20.30999999999949,53.06999999999971,0.010363670623690887,52.9399999999996,0.42595391008688027,47.30999999999949,28.075500000000055,1.0,-1.0,,,9,0,6.0,2026
2026-06-09 09:00:00+00:00|-1.0|calendar_drop_friday_h9_tp06_sl065,2026-06-09 09:00:00+00:00,STAGE28A,data/reports/stage28a_discovery_factory_batch_runner/stage28a_exact_trades.csv,calendar_time_risk_proxy_v1,calendar_drop_friday_h9_tp06_sl065,-5.422275000000445,-6.472275000000446,-7.172275000000445,0,0,0,1,6.472275000000446,84.51999999999953,29.149999999999636,0.2957118353344768,30.11999999999989,0.13313413014609007,20.789999999999964,15.9074999999998,0.232,-1.0,,,9,1,6.0,2026
2026-06-10 09:00:00+00:00|-1.0|calendar_drop_friday_h9_tp06_sl065,2026-06-10 09:00:00+00:00,STAGE28A,data/reports/stage28a_discovery_factory_batch_runner/stage28a_exact_trades.csv,calendar_time_risk_proxy_v1,calendar_drop_friday_h9_tp06_sl065,6.336399999999594,5.286399999999594,4.586399999999594,1,1,1,0,5.286399999999594,126.54999999999927,84.05999999999949,0.8455864858434494,60.32999999999993,0.2671970827117505,35.460000000000036,24.458000000000037,0.972,-1.0,,,9,2,6.0,2026
2026-06-11 09:00:00+00:00|1.0|calendar_drop_friday_h9_tp06_sl065,2026-06-11 09:00:00+00:00,STAGE28A,data/reports/stage28a_discovery_factory_batch_runner/stage28a_exact_trades.csv,calendar_time_risk_proxy_v1,calendar_drop_friday_h9_tp06_sl065,8.383900000000176,7.333900000000176,6.633900000000176,1,1,1,0,7.333900000000176,190.30999999999995,94.00999999999976,0.021380704180408716,42.4399999999996,0.4429783223374153,33.51000000000022,33.03499999999997,0.992,1.0,,,9,3,6.0,2026
2022-07-27 09:00:00+00:00|1.0|sess_comp_exp_follow_london_h9_q0.7_tp06_sl065,2022-07-27 09:00:00+00:00,STAGE28A,data/reports/stage28a_discovery_factory_batch_runner/stage28a_exact_trades.csv,session_compression_expansion_v1,sess_comp_exp_follow_london_h9_q0.7_tp06_sl065,-1.3552250000001096,-2.4052250000001094,-3.105225000000109,0,0,0,0,2.4052250000001094,14.579999999999927,4.2999999999999545,0.34883720930232925,11.460000000000036,0.47382198952878,5.320000000000164,3.317499999999973,0.116,1.0,,,9,2,7.0,2022
2022-07-28 09:00:00+00:00|1.0|sess_comp_exp_follow_london_h9_q0.7_tp06_sl065,2022-07-28 09:00:00+00:00,STAGE28A,data/reports/stage28a_discovery_factory_batch_runner/stage28a_exact_trades.csv,session_compression_expansion_v1,sess_comp_exp_follow_london_h9_q0.7_tp06_sl065,0.5856999999999971,-0.4643000000000028,-1.1643000000000026,0,0,0,0,0.4643000000000028,28.660000000000082,7.730000000000018,0.18111254851230113,13.089999999999918,0.32773109243697407,3.509999999999991,4.741500000000007,0.692,1.0,,,9,3,7.0,2022
2022-08-15 09:00:00+00:00|-1.0|sess_comp_exp_follow_london_h9_q0.7_tp06_sl065,2022-08-15 09:00:00+00:00,STAGE28A,data/reports/stage28a_discovery_factory_batch_runner/stage28a_exact_trades.csv,session_compression_expansion_v1,sess_comp_exp_follow_london_h9_q0.7_tp06_sl065,-1.201175000000012,-2.251175000000012,-2.951175000000012,0,0,0,0,2.251175000000012,2.5799999999999272,8.339999999999918,0.5851318944844313,17.659999999999854,0.8969422423556086,2.4600000000000364,3.7600000000000025,0.276,-1.0,,,9,0,8.0,2022
2022-08-17 09:00:00+00:00|-1.0|sess_comp_exp_follow_london_h9_q0.7_tp06_sl065,2022-08-17 09:00:00+00:00,STAGE28A,data/reports/stage28a_discovery_factory_batch_runner/stage28a_exact_trades.csv,session_compression_expansion_v1,sess_comp_exp_follow_london_h9_q0.7_tp06_sl065,-1.1628249999999754,-2.212824999999975,-2.912824999999975,0,0,0,0,2.212824999999975,11.660000000000082,3.1499999999998636,0.17777777777776815,10.319999999999936,0.22093023255813826,3.6900000000000546,2.9245000000000005,0.052,-1.0,,,9,2,8.0,2022
2022-08-22 09:00:00+00:00|-1.0|sess_comp_exp_follow_london_h9_q0.7_tp06_sl065,2022-08-22 09:00:00+00:00,STAGE28A,data/reports/stage28a_discovery_factory_batch_runner/stage28a_exact_trades.csv,session_compression_expansion_v1,sess_comp_exp_follow_london_h9_q0.7_tp06_sl065,0.474100000000044,-0.5758999999999559,-1.2758999999999556,0,0,0,0,0.5758999999999559,3.1100000000001273,4.170000000000073,0.17266187050360066,14.790000000000191,0.6112237998647632,2.1099999999999,3.3709999999999694,0.332,-1.0,,,9,0,8.0,2022
2022-08-31 09:00:00+00:00|-1.0|sess_comp_exp_follow_london_h9_q0.7_tp06_sl065,2022-08-31 09:00:00+00:00,STAGE28A,data/reports/stage28a_discovery_factory_batch_runner/stage28a_exact_trades.csv,session_compression_expansion_v1,sess_comp_exp_follow_london_h9_q0.7_tp06_sl065,-1.3308499999999186,-2.3808499999999184,-3.080849999999918,0,0,0,0,2.3808499999999184,19.339999999999918,3.8899999999998727,0.26478149100257237,15.8599999999999,0.8209331651954643,2.9699999999998,2.9989999999999783,0.112,-1.0,,,9,2,8.0,2022
2022-09-07 09:00:00+00:00|1.0|sess_comp_exp_follow_london_h9_q0.7_tp06_sl065,2022-09-07 09:00:00+00:00,STAGE28A,data/reports/stage28a_discovery_factory_batch_runner/stage28a_exact_trades.csv,session_compression_expansion_v1,sess_comp_exp_follow_london_h9_q0.7_tp06_sl065,-1.5550999999999022,-2.605099999999902,-3.305099999999902,0,0,0,0,2.605099999999902,26.909999999999854,11.450000000000045,0.618340611353703,15.829999999999927,0.8597599494630425,2.8200000000001637,4.2085000000000035,0.748,1.0,,,9,2,9.0,2022
2022-09-09 09:00:00+00:00|1.0|sess_comp_exp_follow_london_h9_q0.7_tp06_sl065,2022-09-09 09:00:00+00:00,STAGE28A,data/reports/stage28a_discovery_factory_batch_runner/stage28a_exact_trades.csv,session_compression_expansion_v1,sess_comp_exp_follow_london_h9_q0.7_tp06_sl065,-1.3074499999998808,-2.3574499999998806,-3.0574499999998803,0,0,0,0,2.3574499999998806,24.13000000000011,12.230000000000018,0.821749795584623,11.269999999999982,0.7080745341614935,2.990000000000009,4.150999999999999,0.592,1.0,,,9,4,9.0,2022
2022-09-12 09:00:00+00:00|1.0|sess_comp_exp_follow_london_h9_q0.7_tp06_sl065,2022-09-12 09:00:00+00:00,STAGE28A,data/reports/stage28a_discovery_factory_batch_runner/stage28a_exact_trades.csv,session_compression_expansion_v1,sess_comp_exp_follow_london_h9_q0.7_tp06_sl065,0.5061999999999444,-0.5438000000000556,-1.2438000000000553,0,0,0,0,0.5438000000000556,3.480000000000018,7.889999999999873,0.7553865652725137,15.549999999999955,0.7491961414790931,3.6099999999999,3.745499999999981,0.3,1.0,,,9,0,9.0,2022
2022-09-16 09:00:00+00:00|-1.0|sess_comp_exp_follow_london_h9_q0.7_tp06_sl065,2022-09-16 09:00:00+00:00,STAGE28A,data/reports/stage28a_discovery_factory_batch_runner/stage28a_exact_trades.csv,session_compression_expansion_v1,sess_comp_exp_follow_london_h9_q0.7_tp06_sl065,0.5088999999999487,-0.5411000000000512,-1.241100000000051,0,0,0,0,0.5411000000000512,37.899999999999864,6.4500000000000455,0.26976744186046464,12.11999999999989,0.3902640264026453,1.849999999999909,5.4164999999999965,0.948,-1.0,,,9,4,9.0,2022
2022-09-19 09:00:00+00:00|-1.0|sess_comp_exp_follow_london_h9_q0.7_tp06_sl065,2022-09-19 09:00:00+00:00,STAGE28A,data/reports/stage28a_discovery_factory_batch_runner/stage28a_exact_trades.csv,session_compression_expansion_v1,sess_comp_exp_follow_london_h9_q0.7_tp06_sl065,-1.44719999999993,-2.4971999999999297,-3.197199999999929,0,0,0,0,2.4971999999999297,4.819999999999936,11.710000000000036,0.7856532877882166,10.049999999999955,0.5353233830845677,2.3799999999998818,4.973499999999968,0.784,-1.0,,,9,0,9.0,2022
2022-09-21 09:00:00+00:00|1.0|sess_comp_exp_follow_london_h9_q0.7_tp06_sl065,2022-09-21 09:00:00+00:00,STAGE28A,data/reports/stage28a_discovery_factory_batch_runner/stage28a_exact_trades.csv,session_compression_expansion_v1,sess_comp_exp_follow_london_h9_q0.7_tp06_sl065,-1.3376750000000812,-2.387675000000081,-3.0876750000000808,0,0,0,0,2.387675000000081,19.49000000000001,4.599999999999909,0.31304347826083817,14.440000000000055,0.6606648199445934,4.410000000000082,3.175000000000023,0.04,1.0,,,9,2,9.0,2022
2022-09-22 09:00:00+00:00|1.0|sess_comp_exp_follow_london_h9_q0.7_tp06_sl065,2022-09-22 09:00:00+00:00,STAGE28A,data/reports/stage28a_discovery_factory_batch_runner/stage28a_exact_trades.csv,session_compression_expansion_v1,sess_comp_exp_follow_london_h9_q0.7_tp06_sl065,0.8827000000000226,-0.1672999999999773,-0.8672999999999771,0,0,0,0,0.1672999999999773,34.13999999999987,16.600000000000136,0.6379518072289055,22.539999999999964,0.2666370896184561,3.589999999999918,6.47249999999998,0.976,1.0,,,9,3,9.0,2022
2022-09-23 09:00:00+00:00|-1.0|sess_comp_exp_follow_london_h9_q0.7_tp06_sl065,2022-09-23 09:00:00+00:00,STAGE28A,data/reports/stage28a_discovery_factory_batch_runner/stage28a_exact_trades.csv,session_compression_expansion_v1,sess_comp_exp_follow_london_h9_q0.7_tp06_sl065,0.5602000000000317,-0.4897999999999682,-1.189799999999968,0,0,0,0,0.4897999999999682,29.309999999999945,7.279999999999973,0.2967032967033091,21.38000000000011,0.5673526660430225,4.119999999999891,4.4330000000000265,0.596,-1.0,,,9,4,9.0,2022
2022-09-26 09:00:00+00:00|1.0|sess_comp_exp_follow_london_h9_q0.7_tp06_sl065,2022-09-26 09:00:00+00:00,STAGE28A,data/reports/stage28a_discovery_factory_batch_runner/stage28a_exact_trades.csv,session_compression_expansion_v1,sess_comp_exp_follow_london_h9_q0.7_tp06_sl065,1.1407000000000609,0.0907000000000608,-0.6092999999999389,1,0,0,0,0.0907000000000608,5.389999999999873,19.279999999999973,0.29253112033195583,15.199999999999818,0.22434210526316598,5.629999999999882,7.2934999999999945,0.96,1.0,,,9,0,9.0,2022
2022-09-28 09:00:00+00:00|-1.0|sess_comp_exp_follow_london_h9_q0.7_tp06_sl065,2022-09-28 09:00:00+00:00,STAGE28A,data/reports/stage28a_discovery_factory_batch_runner/stage28a_exact_trades.csv,session_compression_expansion_v1,sess_comp_exp_follow_london_h9_q0.7_tp06_sl065,-1.3701750000001085,-2.4201750000001083,-3.120175000000108,0,0,0,0,2.4201750000001083,19.6099999999999,7.720000000000027,0.6968911917098268,10.920000000000073,0.7225274725274768,2.980000000000018,4.032500000000016,0.316,-1.0,,,9,2,9.0,2022
2022-09-29 09:00:00+00:00|-1.0|sess_comp_exp_follow_london_h9_q0.7_tp06_sl065,2022-09-29 09:00:00+00:00,STAGE28A,data/reports/stage28a_discovery_factory_batch_runner/stage28a_exact_trades.csv,session_compression_expansion_v1,sess_comp_exp_follow_london_h9_q0.7_tp06_sl065,-1.7757749999999306,-2.8257749999999304,-3.52577499999993,0,0,0,0,2.8257749999999304,47.98000000000002,7.710000000000036,0.4137483787289286,13.070000000000164,0.5057383320581345,9.690000000000055,6.343000000000006,0.792,-1.0,,,9,3,9.0,2022
2022-09-30 09:00:00+00:00|1.0|sess_comp_exp_follow_london_h9_q0.7_tp06_sl065,2022-09-30 09:00:00+00:00,STAGE28A,data/reports/stage28a_discovery_factory_batch_runner/stage28a_exact_trades.csv,session_compression_expansion_v1,sess_comp_exp_follow_london_h9_q0.7_tp06_sl065,-1.3919500000000429,-2.4419500000000425,-3.141950000000042,0,0,0,0,2.4419500000000425,23.40000000000009,5.970000000000027,0.15577889447237175,12.980000000000018,0.41063174114022705,5.229999999999791,4.745999999999969,0.412,1.0,,,9,4,9.0,2022
2022-10-04 09:00:00+00:00|1.0|sess_comp_exp_follow_london_h9_q0.7_tp06_sl065,2022-10-04 09:00:00+00:00,STAGE28A,data/reports/stage28a_discovery_factory_batch_runner/stage28a_exact_trades.csv,session_compression_expansion_v1,sess_comp_exp_follow_london_h9_q0.7_tp06_sl065,0.8482000000000426,-0.2017999999999573,-0.9017999999999572,0,0,0,0,0.2017999999999573,41.819999999999936,7.339999999999918,0.08446866485012232,13.170000000000073,0.6522399392558748,6.440000000000055,5.827999999999998,0.664,1.0,,,9,1,10.0,2022
2022-10-05 09:00:00+00:00|-1.0|sess_comp_exp_follow_london_h9_q0.7_tp06_sl065,2022-10-05 09:00:00+00:00,STAGE28A,data/reports/stage28a_discovery_factory_batch_runner/stage28a_exact_trades.csv,session_compression_expansion_v1,sess_comp_exp_follow_london_h9_q0.7_tp06_sl065,0.8802999999999429,-0.169700000000057,-0.8697000000000568,0,0,0,0,0.169700000000057,34.200000000000045,8.230000000000018,0.7095990279465255,21.699999999999818,0.5949308755760456,4.350000000000136,4.887499999999989,0.416,-1.0,,,9,2,10.0,2022
2022-10-06 09:00:00+00:00|-1.0|sess_comp_exp_follow_london_h9_q0.7_tp06_sl065,2022-10-06 09:00:00+00:00,STAGE28A,data/reports/stage28a_discovery_factory_batch_runner/stage28a_exact_trades.csv,session_compression_expansion_v1,sess_comp_exp_follow_london_h9_q0.7_tp06_sl065,0.6645999999999731,-0.3854000000000268,-1.0854000000000266,0,0,0,0,0.3854000000000268,27.309999999999945,9.439999999999827,0.6430084745762762,12.129999999999882,0.6158285243198763,3.5900000000001455,4.90350000000002,0.332,-1.0,,,9,3,10.0,2022
2022-10-14 09:00:00+00:00|-1.0|sess_comp_exp_follow_london_h9_q0.7_tp06_sl065,2022-10-14 09:00:00+00:00,STAGE28A,data/reports/stage28a_discovery_factory_batch_runner/stage28a_exact_trades.csv,session_compression_expansion_v1,sess_comp_exp_follow_london_h9_q0.7_tp06_sl065,-1.729950000000008,-2.779950000000008,-3.479950000000008,0,0,0,0,2.779950000000008,40.01999999999998,11.259999999999991,0.3028419182948565,21.539999999999964,0.7000928505106861,3.980000000000018,7.225999999999999,0.988,-1.0,,,9,4,10.0,2022
2022-10-18 09:00:00+00:00|-1.0|sess_comp_exp_follow_london_h9_q0.7_tp06_sl065,2022-10-18 09:00:00+00:00,STAGE28A,data/reports/stage28a_discovery_factory_batch_runner/stage28a_exact_trades.csv,session_compression_expansion_v1,sess_comp_exp_follow_london_h9_q0.7_tp06_sl065,-1.6496749999999794,-2.699674999999979,-3.399674999999979,0,0,0,0,2.699674999999979,25.279999999999973,4.639999999999873,0.4008620689655067,12.230000000000018,0.039247751430909035,4.559999999999945,4.326499999999987,0.228,-1.0,,,9,1,10.0,2022
2022-10-19 09:00:00+00:00|-1.0|sess_comp_exp_follow_london_h9_q0.7_tp06_sl065,2022-10-19 09:00:00+00:00,STAGE28A,data/reports/stage28a_discovery_factory_batch_runner/stage28a_exact_trades.csv,session_compression_expansion_v1,sess_comp_exp_follow_london_h9_q0.7_tp06_sl065,0.4923999999999978,-0.5576000000000021,-1.2576000000000018,0,0,0,0,0.5576000000000021,15.049999999999955,5.379999999999882,0.6189591078067338,11.819999999999936,0.6142131979695457,2.8299999999999272,3.4424999999999613,0.036,-1.0,,,9,2,10.0,2022
2022-10-24 09:00:00+00:00|-1.0|sess_comp_exp_follow_london_h9_q0.7_tp06_sl065,2022-10-24 09:00:00+00:00,STAGE28A,data/reports/stage28a_discovery_factory_batch_runner/stage28a_exact_trades.csv,session_compression_expansion_v1,sess_comp_exp_follow_london_h9_q0.7_tp06_sl065,-1.422499999999991,-2.472499999999991,-3.1724999999999905,0,0,0,0,2.472499999999991,5.759999999999991,18.470000000000027,0.2793719545208363,14.289999999999964,0.33519944016794795,4.720000000000027,7.217499999999984,0.956,-1.0,,,9,0,10.0,2022
2022-10-26 09:00:00+00:00|1.0|sess_comp_exp_follow_london_h9_q0.7_tp06_sl065,2022-10-26 09:00:00+00:00,STAGE28A,data/reports/stage28a_discovery_factory_batch_runner/stage28a_exact_trades.csv,session_compression_expansion_v1,sess_comp_exp_follow_london_h9_q0.7_tp06_sl065,-1.518049999999994,-2.5680499999999937,-3.268049999999993,0,0,0,0,2.5680499999999937,24.060000000000173,7.880000000000109,0.5862944162436329,19.779999999999973,0.6400404448938257,5.150000000000091,4.463000000000022,0.44,1.0,,,9,2,10.0,2022
2022-10-28 09:00:00+00:00|-1.0|sess_comp_exp_follow_london_h9_q0.7_tp06_sl065,2022-10-28 09:00:00+00:00,STAGE28A,data/reports/stage28a_discovery_factory_batch_runner/stage28a_exact_trades.csv,session_compression_expansion_v1,sess_comp_exp_follow_london_h9_q0.7_tp06_sl065,-1.543725000000086,-2.5937250000000858,-3.293725000000085,0,0,0,0,2.5937250000000858,15.939999999999827,6.419999999999845,0.39408099688474046,18.899999999999864,0.7962962962962996,5.769999999999982,4.10799999999997,0.232,-1.0,,,9,4,10.0,2022
2022-11-01 09:00:00+00:00|1.0|sess_comp_exp_follow_london_h9_q0.7_tp06_sl065,2022-11-01 09:00:00+00:00,STAGE28A,data/reports/stage28a_discovery_factory_batch_runner/stage28a_exact_trades.csv,session_compression_expansion_v1,sess_comp_exp_follow_london_h9_q0.7_tp06_sl065,-1.4507750000001125,-2.5007750000001123,-3.200775000000112,0,0,0,0,2.5007750000001123,13.779999999999973,9.440000000000055,0.5889830508474484,15.150000000000091,0.8686468646864538,5.8900000000001,3.5990000000000237,0.064,1.0,,,9,1,11.0,2022
2022-11-03 09:00:00+00:00|-1.0|sess_comp_exp_follow_london_h9_q0.7_tp06_sl065,2022-11-03 09:00:00+00:00,STAGE28A,data/reports/stage28a_discovery_factory_batch_runner/stage28a_exact_trades.csv,session_compression_expansion_v1,sess_comp_exp_follow_london_h9_q0.7_tp06_sl065,-1.3175250000000234,-2.367525000000023,-3.067525000000023,0,0,0,0,2.367525000000023,37.6099999999999,9.11999999999989,0.2971491228070251,18.699999999999818,0.8711229946524129,2.9099999999998545,5.076499999999976,0.816,-1.0,,,9,3,11.0,2022
2022-11-07 09:00:00+00:00|1.0|sess_comp_exp_follow_london_h9_q0.7_tp06_sl065,2022-11-07 09:00:00+00:00,STAGE28A,data/reports/stage28a_discovery_factory_batch_runner/stage28a_exact_trades.csv,session_compression_expansion_v1,sess_comp_exp_follow_london_h9_q0.7_tp06_sl065,0.676299999999992,-0.3737000000000079,-1.0737000000000076,0,0,0,0,0.3737000000000079,7.900000000000091,9.809999999999945,0.019367991845061737,13.5,0.4274074074074229,2.199999999999818,5.429500000000019,0.84,1.0,,,9,0,11.0,2022
2022-11-11 09:00:00+00:00|1.0|sess_comp_exp_follow_london_h9_q0.7_tp06_sl065,2022-11-11 09:00:00+00:00,STAGE28A,data/reports/stage28a_discovery_factory_batch_runner/stage28a_exact_trades.csv,session_compression_expansion_v1,sess_comp_exp_follow_london_h9_q0.7_tp06_sl065,-2.004899999999998,-3.0548999999999977,-3.7548999999999975,0,0,0,0,3.0548999999999977,53.33999999999992,7.350000000000136,0.11020408163264359,14.100000000000136,0.3702127659574452,8.710000000000036,6.459000000000015,1.0,1.0,,,9,4,11.0,2022
2022-11-15 09:00:00+00:00|1.0|sess_comp_exp_follow_london_h9_q0.7_tp06_sl065,2022-11-15 09:00:00+00:00,STAGE28A,data/reports/stage28a_discovery_factory_batch_runner/stage28a_exact_trades.csv,session_compression_expansion_v1,sess_comp_exp_follow_london_h9_q0.7_tp06_sl065,-1.313950000000068,-2.363950000000068,-3.063950000000068,0,0,0,0,2.363950000000068,21.77000000000021,5.259999999999991,0.26615969581750826,15.680000000000064,0.36926020408162885,2.8199999999999363,3.8385000000000105,0.22,1.0,,,9,1,11.0,2022
2022-11-16 09:00:00+00:00|1.0|sess_comp_exp_follow_london_h9_q0.7_tp06_sl065,2022-11-16 09:00:00+00:00,STAGE28A,data/reports/stage28a_discovery_factory_batch_runner/stage28a_exact_trades.csv,session_compression_expansion_v1,sess_comp_exp_follow_london_h9_q0.7_tp06_sl065,0.7963000000001103,-0.2536999999998897,-0.9536999999998894,0,0,0,0,0.2536999999998897,19.36999999999989,11.1099999999999,0.8019801980198166,14.039999999999964,0.7343304843304823,2.869999999999891,5.666000000000008,0.776,1.0,,,9,2,11.0,2022
2022-11-23 09:00:00+00:00|1.0|sess_comp_exp_follow_london_h9_q0.7_tp06_sl065,2022-11-23 09:00:00+00:00,STAGE28A,data/reports/stage28a_discovery_factory_batch_runner/stage28a_exact_trades.csv,session_compression_expansion_v1,sess_comp_exp_follow_london_h9_q0.7_tp06_sl065,-1.3763500000000932,-2.426350000000093,-3.1263500000000928,0,0,0,0,2.426350000000093,12.740000000000009,10.009999999999991,0.6253746253746251,12.180000000000064,0.17733990147783832,3.740000000000009,3.111500000000001,0.024,1.0,,,9,2,11.0,2022
2022-11-28 09:00:00+00:00|1.0|sess_comp_exp_follow_london_h9_q0.7_tp06_sl065,2022-11-28 09:00:00+00:00,STAGE28A,data/reports/stage28a_discovery_factory_batch_runner/stage28a_exact_trades.csv,session_compression_expansion_v1,sess_comp_exp_follow_london_h9_q0.7_tp06_sl065,-1.3025750000000245,-2.3525750000000243,-3.052575000000024,0,0,0,0,2.3525750000000243,5.539999999999964,9.789999999999964,0.06230847803880513,15.220000000000027,0.6005256241787177,3.990000000000009,3.9054999999999835,0.396,1.0,,,9,0,11.0,2022
2022-12-05 09:00:00+00:00|-1.0|sess_comp_exp_follow_london_h9_q0.7_tp06_sl065,2022-12-05 09:00:00+00:00,STAGE28A,data/reports/stage28a_discovery_factory_batch_runner/stage28a_exact_trades.csv,session_compression_expansion_v1,sess_comp_exp_follow_london_h9_q0.7_tp06_sl065,-1.3929249999999684,-2.4429249999999683,-3.142924999999968,0,0,0,0,2.4429249999999683,4.920000000000073,15.589999999999918,0.6215522771007124,16.15000000000009,0.8476780185758359,5.310000000000173,5.0849999999999795,0.88,-1.0,,,9,0,12.0,2022
2022-12-15 09:00:00+00:00|-1.0|sess_comp_exp_follow_london_h9_q0.7_tp06_sl065,2022-12-15 09:00:00+00:00,STAGE28A,data/reports/stage28a_discovery_factory_batch_runner/stage28a_exact_trades.csv,session_compression_expansion_v1,sess_comp_exp_follow_london_h9_q0.7_tp06_sl065,-1.6129500000000463,-2.662950000000046,-3.362950000000046,0,0,0,0,2.662950000000046,19.310000000000173,19.110000000000127,0.8707482993197154,22.519999999999982,0.6039076376554139,3.8799999999998818,4.494000000000028,0.556,-1.0,,,9,3,12.0,2022
2022-12-20 09:00:00+00:00|1.0|sess_comp_exp_follow_london_h9_q0.7_tp06_sl065,2022-12-20 09:00:00+00:00,STAGE28A,data/reports/stage28a_discovery_factory_batch_runner/stage28a_exact_trades.csv,session_compression_expansion_v1,sess_comp_exp_follow_london_h9_q0.7_tp06_sl065,1.2250000000000454,0.1750000000000455,-0.5249999999999542,1,0,1,0,0.1750000000000455,15.0,11.589999999999918,0.2683347713546289,20.910000000000082,0.7723577235772371,5.639999999999873,3.720500000000004,0.396,1.0,,,9,1,12.0,2022
2022-12-28 09:00:00+00:00|-1.0|sess_comp_exp_follow_london_h9_q0.7_tp06_sl065,2022-12-28 09:00:00+00:00,STAGE28A,data/reports/stage28a_discovery_factory_batch_runner/stage28a_exact_trades.csv,session_compression_expansion_v1,sess_comp_exp_follow_london_h9_q0.7_tp06_sl065,-1.2336750000000394,-2.283675000000039,-2.983675000000039,0,0,0,0,2.283675000000039,33.58999999999992,4.990000000000009,0.11422845691381468,12.950000000000045,0.7158301158301119,2.099999999999909,5.011999999999989,0.784,-1.0,,,9,2,12.0,2022
2023-01-03 09:00:00+00:00|-1.0|sess_comp_exp_follow_london_h9_q0.7_tp06_sl065,2023-01-03 09:00:00+00:00,STAGE28A,data/reports/stage28a_discovery_factory_batch_runner/stage28a_exact_trades.csv,session_compression_expansion_v1,sess_comp_exp_follow_london_h9_q0.7_tp06_sl065,1.0071999999999206,-0.0428000000000792,-0.742800000000079,0,0,0,0,0.0428000000000792,6.660000000000082,19.40000000000009,0.5649484536082466,16.24000000000001,0.3663793103448302,4.2000000000000455,4.610000000000002,0.832,-1.0,,,9,1,1.0,2023
2023-01-04 09:00:00+00:00|1.0|sess_comp_exp_follow_london_h9_q0.7_tp06_sl065,2023-01-04 09:00:00+00:00,STAGE28A,data/reports/stage28a_discovery_factory_batch_runner/stage28a_exact_trades.csv,session_compression_expansion_v1,sess_comp_exp_follow_london_h9_q0.7_tp06_sl065,-1.3731000000001132,-2.423100000000113,-3.123100000000113,0,0,0,0,2.423100000000113,26.210000000000036,12.019999999999982,0.8460898502495914,20.410000000000082,0.5982361587457122,3.240000000000009,4.836500000000001,0.78,1.0,,,9,2,1.0,2023
2023-01-05 09:00:00+00:00|-1.0|sess_comp_exp_follow_london_h9_q0.7_tp06_sl065,2023-01-05 09:00:00+00:00,STAGE28A,data/reports/stage28a_discovery_factory_batch_runner/stage28a_exact_trades.csv,session_compression_expansion_v1,sess_comp_exp_follow_london_h9_q0.7_tp06_sl065,0.7479999999999564,-0.3020000000000435,-1.0020000000000433,0,0,0,0,0.3020000000000435,29.940000000000055,8.690000000000055,0.3107019562715798,11.779999999999973,0.25806451612902975,4.870000000000118,5.041499999999985,0.78,-1.0,,,9,3,1.0,2023
2023-01-13 09:00:00+00:00|1.0|sess_comp_exp_follow_london_h9_q0.7_tp06_sl065,2023-01-13 09:00:00+00:00,STAGE28A,data/reports/stage28a_discovery_factory_batch_runner/stage28a_exact_trades.csv,session_compression_expansion_v1,sess_comp_exp_follow_london_h9_q0.7_tp06_sl065,-1.2713749999998982,-2.321374999999898,-3.021374999999898,0,0,0,0,2.321374999999898,32.710000000000036,6.089999999999918,0.33004926108374677,17.37999999999988,0.575949367088611,3.7799999999999727,6.538999999999999,0.976,1.0,,,9,4,1.0,2023
2023-01-16 09:00:00+00:00|-1.0|sess_comp_exp_follow_london_h9_q0.7_tp06_sl065,2023-01-16 09:00:00+00:00,STAGE28A,data/reports/stage28a_discovery_factory_batch_runner/stage28a_exact_trades.csv,session_compression_expansion_v1,sess_comp_exp_follow_london_h9_q0.7_tp06_sl065,0.9063999999999852,-0.1436000000000148,-0.8436000000000146,0,0,0,0,0.1436000000000148,3.589999999999918,12.11999999999989,0.44389438943895687,11.519999999999982,0.5833333333333366,7.490000000000009,5.7490000000000006,0.836,-1.0,,,9,0,1.0,2023
2023-01-18 09:00:00+00:00|1.0|sess_comp_exp_follow_london_h9_q0.7_tp06_sl065,2023-01-18 09:00:00+00:00,STAGE28A,data/reports/stage28a_discovery_factory_batch_runner/stage28a_exact_trades.csv,session_compression_expansion_v1,sess_comp_exp_follow_london_h9_q0.7_tp06_sl065,1.157799999999861,0.1077999999998611,-0.5922000000001386,1,0,0,0,0.1077999999998611,15.2800000000002,13.089999999999918,0.7097020626432408,19.339999999999918,0.7699069286453032,6.3900000000001,4.7029999999999745,0.52,1.0,,,9,2,1.0,2023
2023-01-20 09:00:00+00:00|1.0|sess_comp_exp_follow_london_h9_q0.7_tp06_sl065,2023-01-20 09:00:00+00:00,STAGE28A,data/reports/stage28a_discovery_factory_batch_runner/stage28a_exact_trades.csv,session_compression_expansion_v1,sess_comp_exp_follow_london_h9_q0.7_tp06_sl065,-1.4146999999999026,-2.4646999999999024,-3.164699999999902,0,0,0,0,2.4646999999999024,34.190000000000055,11.160000000000082,0.7168458781361955,14.289999999999964,0.4380685794261726,3.0,4.369000000000005,0.4,1.0,,,9,4,1.0,2023
2023-01-23 09:00:00+00:00|-1.0|sess_comp_exp_follow_london_h9_q0.7_tp06_sl065,2023-01-23 09:00:00+00:00,STAGE28A,data/reports/stage28a_discovery_factory_batch_runner/stage28a_exact_trades.csv,session_compression_expansion_v1,sess_comp_exp_follow_london_h9_q0.7_tp06_sl065,0.6591999999999644,-0.3908000000000355,-1.0908000000000353,0,0,0,0,0.3908000000000355,4.019999999999982,11.819999999999936,0.19204737732656463,10.940000000000055,0.28519195612430304,5.4500000000000455,4.204499999999996,0.308,-1.0,,,9,0,1.0,2023
2023-01-26 09:00:00+00:00|-1.0|sess_comp_exp_follow_london_h9_q0.7_tp06_sl065,2023-01-26 09:00:00+00:00,STAGE28A,data/reports/stage28a_discovery_factory_batch_runner/stage28a_exact_trades.csv,session_compression_expansion_v1,sess_comp_exp_follow_london_h9_q0.7_tp06_sl065,-1.471900000000096,-2.521900000000096,-3.221900000000096,0,0,0,0,2.521900000000096,28.659999999999854,6.610000000000127,0.2632375189107376,15.129999999999882,0.6549900859220198,4.240000000000009,4.825000000000022,0.6,-1.0,,,9,3,1.0,2023
2023-01-30 09:00:00+00:00|-1.0|sess_comp_exp_follow_london_h9_q0.7_tp06_sl065,2023-01-30 09:00:00+00:00,STAGE28A,data/reports/stage28a_discovery_factory_batch_runner/stage28a_exact_trades.csv,session_compression_expansion_v1,sess_comp_exp_follow_london_h9_q0.7_tp06_sl065,0.7057000000001153,-0.3442999999998846,-1.0442999999998843,0,0,0,0,0.3442999999998846,3.4500000000000455,10.049999999999955,0.44975124378109477,13.11999999999989,0.21570121951219137,2.839999999999918,4.789999999999997,0.564,-1.0,,,9,0,1.0,2023
2023-01-31 09:00:00+00:00|-1.0|sess_comp_exp_follow_london_h9_q0.7_tp06_sl065,2023-01-31 09:00:00+00:00,STAGE28A,data/reports/stage28a_discovery_factory_batch_runner/stage28a_exact_trades.csv,session_compression_expansion_v1,sess_comp_exp_follow_london_h9_q0.7_tp06_sl065,0.7152999999999793,-0.3347000000000206,-1.0347000000000204,0,0,0,0,0.3347000000000206,13.839999999999918,8.539999999999964,0.2412177985948424,19.180000000000064,0.7987486965589214,5.3900000000001,3.790000000000009,0.084,-1.0,,,9,1,1.0,2023
2023-02-06 09:00:00+00:00|-1.0|sess_comp_exp_follow_london_h9_q0.7_tp06_sl065,2023-02-06 09:00:00+00:00,STAGE28A,data/reports/stage28a_discovery_factory_batch_runner/stage28a_exact_trades.csv,session_compression_expansion_v1,sess_comp_exp_follow_london_h9_q0.7_tp06_sl065,0.6742000000000644,-0.3757999999999355,-1.0757999999999353,0,0,0,0,0.3757999999999355,10.089999999999918,18.769999999999982,0.6904635055940357,11.180000000000064,0.549194991055462,2.9700000000000273,7.544499999999982,0.976,-1.0,,,9,0,2.0,2023
2023-02-08 09:00:00+00:00|1.0|sess_comp_exp_follow_london_h9_q0.7_tp06_sl065,2023-02-08 09:00:00+00:00,STAGE28A,data/reports/stage28a_discovery_factory_batch_runner/stage28a_exact_trades.csv,session_compression_expansion_v1,sess_comp_exp_follow_london_h9_q0.7_tp06_sl065,0.5149000000000342,-0.5350999999999657,-1.2350999999999654,0,0,0,0,0.5350999999999657,19.3599999999999,7.039999999999964,0.6022727272727316,13.2199999999998,0.2798789712556809,2.269999999999982,5.943499999999983,0.756,1.0,,,9,2,2.0,2023
2023-02-10 09:00:00+00:00|1.0|sess_comp_exp_follow_london_h9_q0.7_tp06_sl065,2023-02-10 09:00:00+00:00,STAGE28A,data/reports/stage28a_discovery_factory_batch_runner/stage28a_exact_trades.csv,session_compression_expansion_v1,sess_comp_exp_follow_london_h9_q0.7_tp06_sl065,-1.7475000000000365,-2.7975000000000363,-3.497500000000036,0,0,0,0,2.7975000000000363,31.269999999999982,11.579999999999927,0.7236614853195107,19.3599999999999,0.46177685950413744,3.8599999999999,5.93649999999999,0.718,1.0,,,9,4,2.0,2023
2023-02-13 09:00:00+00:00|-1.0|sess_comp_exp_follow_london_h9_q0.7_tp06_sl065,2023-02-13 09:00:00+00:00,STAGE28A,data/reports/stage28a_discovery_factory_batch_runner/stage28a_exact_trades.csv,session_compression_expansion_v1,sess_comp_exp_follow_london_h9_q0.7_tp06_sl065,0.6990999999999531,-0.3509000000000468,-1.0509000000000466,0,0,0,0,0.3509000000000468,2.6800000000000637,7.569999999999936,0.647291941875843,12.6400000000001,0.06170886075949102,7.240000000000009,4.266499999999985,0.208,-1.0,,,9,0,2.0,2023
2023-02-15 09:00:00+00:00|-1.0|sess_comp_exp_follow_london_h9_q0.7_tp06_sl065,2023-02-15 09:00:00+00:00,STAGE28A,data/reports/stage28a_discovery_factory_batch_runner/stage28a_exact_trades.csv,session_compression_expansion_v1,sess_comp_exp_follow_london_h9_q0.7_tp06_sl065,-1.6415499999999157,-2.6915499999999155,-3.3915499999999152,0,0,0,0,2.6915499999999155,27.169999999999845,13.559999999999945,0.5243362831858355,16.019999999999982,0.7771535580524381,4.529999999999973,6.884499999999991,0.924,-1.0,,,9,2,2.0,2023
2023-02-28 09:00:00+00:00|-1.0|sess_comp_exp_follow_london_h9_q0.7_tp06_sl065,2023-02-28 09:00:00+00:00,STAGE28A,data/reports/stage28a_discovery_factory_batch_runner/stage28a_exact_trades.csv,session_compression_expansion_v1,sess_comp_exp_follow_london_h9_q0.7_tp06_sl065,-1.3087500000000092,-2.358750000000009,-3.0587500000000087,0,0,0,0,2.358750000000009,13.549999999999955,5.6099999999999,0.5008912655971877,12.400000000000091,0.438709677419356,4.310000000000173,3.0670000000000073,0.108,-1.0,,,9,1,2.0,2023
2023-03-13 09:00:00+00:00|1.0|sess_comp_exp_follow_london_h9_q0.7_tp06_sl065,2023-03-13 09:00:00+00:00,STAGE28A,data/reports/stage28a_discovery_factory_batch_runner/stage28a_exact_trades.csv,session_compression_expansion_v1,sess_comp_exp_follow_london_h9_q0.7_tp06_sl065,1.44729999999995,0.3972999999999502,-0.3027000000000495,1,0,1,0,0.3972999999999502,22.169999999999845,22.169999999999845,0.43031123139377675,22.269999999999982,0.11899416255052057,8.960000000000036,10.234999999999967,1.0,1.0,,,9,0,3.0,2023
2023-03-14 09:00:00+00:00|-1.0|sess_comp_exp_follow_london_h9_q0.7_tp06_sl065,2023-03-14 09:00:00+00:00,STAGE28A,data/reports/stage28a_discovery_factory_batch_runner/stage28a_exact_trades.csv,session_compression_expansion_v1,sess_comp_exp_follow_london_h9_q0.7_tp06_sl065,1.1509000000000014,0.1009000000000015,-0.5990999999999982,1,0,0,0,0.1009000000000015,43.12999999999988,12.549999999999955,0.7274900398406307,12.61999999999989,0.03328050713152528,9.689999999999827,6.907000000000016,0.868,-1.0,,,9,1,3.0,2023
2023-03-15 09:00:00+00:00|-1.0|sess_comp_exp_follow_london_h9_q0.7_tp06_sl065,2023-03-15 09:00:00+00:00,STAGE28A,data/reports/stage28a_discovery_factory_batch_runner/stage28a_exact_trades.csv,session_compression_expansion_v1,sess_comp_exp_follow_london_h9_q0.7_tp06_sl065,-1.2681249999999182,-2.318124999999918,-3.018124999999918,0,0,0,0,2.318124999999918,18.75,5.6599999999998545,0.24558303886924177,24.029999999999973,0.28381190178942756,3.8199999999999363,4.622000000000014,0.724,-1.0,,,9,2,3.0,2023
2023-03-20 09:00:00+00:00|1.0|sess_comp_exp_follow_london_h9_q0.7_tp06_sl065,2023-03-20 09:00:00+00:00,STAGE28A,data/reports/stage28a_discovery_factory_batch_runner/stage28a_exact_trades.csv,session_compression_expansion_v1,sess_comp_exp_follow_london_h9_q0.7_tp06_sl065,-2.720875000000069,-3.770875000000069,-4.470875000000069,0,0,0,1,3.770875000000069,15.549999999999955,22.420000000000073,0.4214986619090105,35.87000000000012,0.16085865625871099,11.279999999999973,9.642499999999973,0.944,1.0,,,9,0,3.0,2023
2023-03-21 09:00:00+00:00|-1.0|sess_comp_exp_follow_london_h9_q0.7_tp06_sl065,2023-03-21 09:00:00+00:00,STAGE28A,data/reports/stage28a_discovery_factory_batch_runner/stage28a_exact_trades.csv,session_compression_expansion_v1,sess_comp_exp_follow_london_h9_q0.7_tp06_sl065,1.0044999999999162,-0.0455000000000835,-0.7455000000000833,0,0,0,0,0.0455000000000835,43.950000000000045,9.779999999999973,0.33742331288343186,20.310000000000173,0.6233382570162357,11.420000000000073,6.233499999999981,0.592,-1.0,,,9,1,3.0,2023
2023-03-22 09:00:00+00:00|1.0|sess_comp_exp_follow_london_h9_q0.7_tp06_sl065,2023-03-22 09:00:00+00:00,STAGE28A,data/reports/stage28a_discovery_factory_batch_runner/stage28a_exact_trades.csv,session_compression_expansion_v1,sess_comp_exp_follow_london_h9_q0.7_tp06_sl065,0.9241000000000896,-0.1258999999999104,-0.8258999999999102,0,0,0,0,0.1258999999999104,49.75,8.330000000000155,0.03121248499399593,11.389999999999873,0.2906057945566271,4.4500000000000455,5.332500000000062,0.368,1.0,,,9,2,3.0,2023
2023-03-24 09:00:00+00:00|1.0|sess_comp_exp_follow_london_h9_q0.7_tp06_sl065,2023-03-24 09:00:00+00:00,STAGE28A,data/reports/stage28a_discovery_factory_batch_runner/stage28a_exact_trades.csv,session_compression_expansion_v1,sess_comp_exp_follow_london_h9_q0.7_tp06_sl065,-1.6870500000000903,-2.73705000000009,-3.43705000000009,0,0,0,0,2.73705000000009,38.76999999999998,5.119999999999891,0.011718750000034,19.029999999999973,0.026799789805569713,5.769999999999982,6.578499999999986,0.496,1.0,,,9,4,3.0,2023
2023-03-30 09:00:00+00:00|1.0|sess_comp_exp_follow_london_h9_q0.7_tp06_sl065,2023-03-30 09:00:00+00:00,STAGE28A,data/reports/stage28a_discovery_factory_batch_runner/stage28a_exact_trades.csv,session_compression_expansion_v1,sess_comp_exp_follow_london_h9_q0.7_tp06_sl065,-1.65032499999993,-2.7003249999999297,-3.400324999999929,0,0,0,0,2.7003249999999297,15.759999999999991,9.539999999999964,0.4947589098532542,12.559999999999945,0.6162420382165639,5.169999999999845,4.313999999999976,0.088,1.0,,,9,3,3.0,2023
2023-03-31 09:00:00+00:00|-1.0|sess_comp_exp_follow_london_h9_q0.7_tp06_sl065,2023-03-31 09:00:00+00:00,STAGE28A,data/reports/stage28a_discovery_factory_batch_runner/stage28a_exact_trades.csv,session_compression_expansion_v1,sess_comp_exp_follow_london_h9_q0.7_tp06_sl065,0.5065000000000964,-0.5434999999999035,-1.2434999999999032,0,0,0,0,0.5434999999999035,28.910000000000082,5.970000000000027,0.3417085427135983,11.840000000000146,0.22972972972972922,2.8199999999999363,3.7769999999999526,0.036,-1.0,,,9,4,3.0,2023
2023-04-03 09:00:00+00:00|1.0|sess_comp_exp_follow_london_h9_q0.7_tp06_sl065,2023-04-03 09:00:00+00:00,STAGE28A,data/reports/stage28a_discovery_factory_batch_runner/stage28a_exact_trades.csv,session_compression_expansion_v1,sess_comp_exp_follow_london_h9_q0.7_tp06_sl065,1.01830000000009,-0.0316999999999096,-0.7316999999999094,0,0,0,0,0.0316999999999096,12.190000000000055,22.549999999999955,0.4736141906873652,16.539999999999964,0.8657799274486074,2.660000000000082,6.402499999999998,0.604,1.0,,,9,0,4.0,2023
2023-04-12 09:00:00+00:00|-1.0|sess_comp_exp_follow_london_h9_q0.7_tp06_sl065,2023-04-12 09:00:00+00:00,STAGE28A,data/reports/stage28a_discovery_factory_batch_runner/stage28a_exact_trades.csv,session_compression_expansion_v1,sess_comp_exp_follow_london_h9_q0.7_tp06_sl065,-1.9207250000000389,-2.9707250000000385,-3.670725000000038,0,0,0,0,2.9707250000000385,18.610000000000127,16.36999999999989,0.8173488087965912,12.539999999999964,0.4976076555023945,3.2999999999999545,3.9134999999999764,0.172,-1.0,,,9,2,4.0,2023
2023-04-13 09:00:00+00:00|1.0|sess_comp_exp_follow_london_h9_q0.7_tp06_sl065,2023-04-13 09:00:00+00:00,STAGE28A,data/reports/stage28a_discovery_factory_batch_runner/stage28a_exact_trades.csv,session_compression_expansion_v1,sess_comp_exp_follow_london_h9_q0.7_tp06_sl065,-1.5131749999999102,-2.56317499999991,-3.26317499999991,0,0,0,0,2.56317499999991,27.13000000000011,6.1400000000001,0.3697068403908705,13.950000000000045,0.6566308243727635,3.839999999999918,5.714499999999998,0.792,1.0,,,9,3,4.0,2023
2023-04-14 09:00:00+00:00|-1.0|sess_comp_exp_follow_london_h9_q0.7_tp06_sl065,2023-04-14 09:00:00+00:00,STAGE28A,data/reports/stage28a_discovery_factory_batch_runner/stage28a_exact_trades.csv,session_compression_expansion_v1,sess_comp_exp_follow_london_h9_q0.7_tp06_sl065,0.9697000000000116,-0.0802999999999882,-0.780299999999988,0,0,0,0,0.0802999999999882,35.00999999999999,8.809999999999945,0.5595913734392842,14.690000000000055,0.43567052416610397,4.059999999999945,5.183000000000016,0.624,-1.0,,,9,4,4.0,2023
2023-04-19 09:00:00+00:00|-1.0|sess_comp_exp_follow_london_h9_q0.7_tp06_sl065,2023-04-19 09:00:00+00:00,STAGE28A,data/reports/stage28a_discovery_factory_batch_runner/stage28a_exact_trades.csv,session_compression_expansion_v1,sess_comp_exp_follow_london_h9_q0.7_tp06_sl065,-1.6376499999999852,-2.687649999999985,-3.3876499999999847,0,0,0,0,2.687649999999985,20.6099999999999,6.189999999999827,0.34087237479809146,31.710000000000036,0.9274676758120481,4.809999999999945,3.9560000000000057,0.148,-1.0,,,9,2,4.0,2023
2023-04-21 09:00:00+00:00|-1.0|sess_comp_exp_follow_london_h9_q0.7_tp06_sl065,2023-04-21 09:00:00+00:00,STAGE28A,data/reports/stage28a_discovery_factory_batch_runner/stage28a_exact_trades.csv,session_compression_expansion_v1,sess_comp_exp_follow_london_h9_q0.7_tp06_sl065,0.6976000000001022,-0.3523999999998977,-1.0523999999998974,0,0,0,0,0.3523999999998977,21.839999999999918,4.940000000000055,0.5161943319837907,20.37999999999988,0.7850834151128603,7.0900000000001455,4.589500000000021,0.344,-1.0,,,9,4,4.0,2023
2023-05-04 09:00:00+00:00|-1.0|sess_comp_exp_follow_london_h9_q0.7_tp06_sl065,2023-05-04 09:00:00+00:00,STAGE28A,data/reports/stage28a_discovery_factory_batch_runner/stage28a_exact_trades.csv,session_compression_expansion_v1,sess_comp_exp_follow_london_h9_q0.7_tp06_sl065,-2.106949999999961,-3.1569499999999606,-3.85694999999996,0,0,0,1,3.1569499999999606,50.37000000000012,39.94999999999982,0.3902377972465636,14.970000000000027,0.2077488309953169,4.129999999999882,9.019500000000004,1.0,-1.0,,,9,3,5.0,2023
2023-05-05 09:00:00+00:00|-1.0|sess_comp_exp_follow_london_h9_q0.7_tp06_sl065,2023-05-05 09:00:00+00:00,STAGE28A,data/reports/stage28a_discovery_factory_batch_runner/stage28a_exact_trades.csv,session_compression_expansion_v1,sess_comp_exp_follow_london_h9_q0.7_tp06_sl065,-1.516099999999915,-2.566099999999915,-3.2660999999999145,0,0,0,0,2.566099999999915,47.87999999999988,7.529999999999973,0.10092961487380694,13.800000000000182,0.8630434782608641,4.019999999999982,5.7139999999999755,0.724,-1.0,,,9,4,5.0,2023
2023-05-16 09:00:00+00:00|-1.0|sess_comp_exp_follow_london_h9_q0.7_tp06_sl065,2023-05-16 09:00:00+00:00,STAGE28A,data/reports/stage28a_discovery_factory_batch_runner/stage28a_exact_trades.csv,session_compression_expansion_v1,sess_comp_exp_follow_london_h9_q0.7_tp06_sl065,-1.2847000000000208,-2.3347000000000206,-3.0347000000000204,0,0,0,0,2.3347000000000206,15.009999999999991,4.600000000000136,0.21521739130434342,15.0,0.49066666666666,5.289999999999964,3.481500000000017,0.132,-1.0,,,9,1,5.0,2023
2023-05-30 09:00:00+00:00|1.0|sess_comp_exp_follow_london_h9_q0.7_tp06_sl065,2023-05-30 09:00:00+00:00,STAGE28A,data/reports/stage28a_discovery_factory_batch_runner/stage28a_exact_trades.csv,session_compression_expansion_v1,sess_comp_exp_follow_london_h9_q0.7_tp06_sl065,0.8112999999999829,-0.238700000000017,-0.9387000000000169,0,0,0,0,0.238700000000017,9.490000000000009,7.379999999999882,0.4878048780488068,21.039999999999964,0.6416349809885943,7.009999999999991,2.6319999999999935,0.044,1.0,,,9,1,5.0,2023
2023-06-01 09:00:00+00:00|-1.0|sess_comp_exp_follow_london_h9_q0.7_tp06_sl065,2023-06-01 09:00:00+00:00,STAGE28A,data/reports/stage28a_discovery_factory_batch_runner/stage28a_exact_trades.csv,session_compression_expansion_v1,sess_comp_exp_follow_london_h9_q0.7_tp06_sl065,0.7168000000000575,-0.3331999999999424,-1.0331999999999422,0,0,0,0,0.3331999999999424,21.13000000000011,5.470000000000027,0.40036563071298786,12.440000000000055,0.31511254019291224,3.1700000000000728,4.284500000000025,0.464,-1.0,,,9,3,6.0,2023
2023-06-26 09:00:00+00:00|1.0|sess_comp_exp_follow_london_h9_q0.7_tp06_sl065,2023-06-26 09:00:00+00:00,STAGE28A,data/reports/stage28a_discovery_factory_batch_runner/stage28a_exact_trades.csv,session_compression_expansion_v1,sess_comp_exp_follow_london_h9_q0.7_tp06_sl065,0.5469999999999345,-0.5030000000000654,-1.2030000000000651,0,0,0,0,0.5030000000000654,3.490000000000009,5.870000000000118,0.12776831345825979,11.200000000000045,0.3928571428571494,3.160000000000082,3.813999999999987,0.4,1.0,,,9,0,6.0,2023
2023-07-11 09:00:00+00:00|1.0|sess_comp_exp_follow_london_h9_q0.7_tp06_sl065,2023-07-11 09:00:00+00:00,STAGE28A,data/reports/stage28a_discovery_factory_batch_runner/stage28a_exact_trades.csv,session_compression_expansion_v1,sess_comp_exp_follow_london_h9_q0.7_tp06_sl065,-1.262275000000136,-2.312275000000136,-3.012275000000136,0,0,0,0,2.312275000000136,15.459999999999809,4.690000000000055,0.3432835820895754,11.970000000000027,0.9598997493734321,1.9300000000000637,3.1635000000000106,0.26,1.0,,,9,1,7.0,2023
2023-07-21 09:00:00+00:00|-1.0|sess_comp_exp_follow_london_h9_q0.7_tp06_sl065,2023-07-21 09:00:00+00:00,STAGE28A,data/reports/stage28a_discovery_factory_batch_runner/stage28a_exact_trades.csv,session_compression_expansion_v1,sess_comp_exp_follow_london_h9_q0.7_tp06_sl065,0.3351999999998952,-0.7148000000001047,-1.4148000000001044,0,0,0,0,0.7148000000001047,22.090000000000146,3.8600000000001273,0.0984455958548884,11.100000000000136,0.5630630630630561,2.369999999999891,3.401999999999987,0.344,-1.0,,,9,4,7.0,2023
2023-09-29 09:00:00+00:00|1.0|sess_comp_exp_follow_london_h9_q0.7_tp06_sl065,2023-09-29 09:00:00+00:00,STAGE28A,data/reports/stage28a_discovery_factory_batch_runner/stage28a_exact_trades.csv,session_compression_expansion_v1,sess_comp_exp_follow_london_h9_q0.7_tp06_sl065,-1.1540499999999612,-2.204049999999961,-2.9040499999999607,0,0,0,0,2.204049999999961,21.920000000000073,4.319999999999936,0.23379629629635026,10.939999999999827,0.9396709323583304,3.7999999999999545,3.8639999999999985,0.972,1.0,,,9,4,9.0,2023
2023-10-03 09:00:00+00:00|1.0|sess_comp_exp_follow_london_h9_q0.7_tp06_sl065,2023-10-03 09:00:00+00:00,STAGE28A,data/reports/stage28a_discovery_factory_batch_runner/stage28a_exact_trades.csv,session_compression_expansion_v1,sess_comp_exp_follow_london_h9_q0.7_tp06_sl065,-1.517075000000068,-2.567075000000068,-3.267075000000068,0,0,0,0,2.567075000000068,21.720000000000027,14.25,0.5361403508772,11.009999999999991,0.5376930063578635,2.7100000000000364,4.469000000000028,0.904,1.0,,,9,1,10.0,2023
2023-10-11 09:00:00+00:00|1.0|sess_comp_exp_follow_london_h9_q0.7_tp06_sl065,2023-10-11 09:00:00+00:00,STAGE28A,data/reports/stage28a_discovery_factory_batch_runner/stage28a_exact_trades.csv,session_compression_expansion_v1,sess_comp_exp_follow_london_h9_q0.7_tp06_sl065,-1.02795000000001,-2.0779500000000097,-2.777950000000009,0,0,0,0,2.0779500000000097,12.330000000000155,2.790000000000191,0.11111111111116544,12.52000000000021,0.831469648562293,1.9800000000000182,2.6934999999999834,0.04,1.0,,,9,2,10.0,2023
2023-10-13 09:00:00+00:00|1.0|sess_comp_exp_follow_london_h9_q0.7_tp06_sl065,2023-10-13 09:00:00+00:00,STAGE28A,data/reports/stage28a_discovery_factory_batch_runner/stage28a_exact_trades.csv,session_compression_expansion_v1,sess_comp_exp_follow_london_h9_q0.7_tp06_sl065,-1.0390000000000783,-2.089000000000078,-2.789000000000078,0,0,0,0,2.089000000000078,17.139999999999873,5.779999999999973,0.6868512110726723,14.670000000000073,0.9522835719154709,2.0499999999999545,3.0699999999999705,0.136,1.0,,,9,4,10.0,2023
2023-10-16 09:00:00+00:00|-1.0|sess_comp_exp_follow_london_h9_q0.7_tp06_sl065,2023-10-16 09:00:00+00:00,STAGE28A,data/reports/stage28a_discovery_factory_batch_runner/stage28a_exact_trades.csv,session_compression_expansion_v1,sess_comp_exp_follow_london_h9_q0.7_tp06_sl065,0.5406999999999244,-0.5093000000000756,-1.209300000000075,0,0,0,0,0.5093000000000756,9.159999999999854,12.269999999999982,0.35207823960881585,12.190000000000055,0.31501230516816253,5.900000000000091,6.2904999999999855,0.98,-1.0,,,9,0,10.0,2023
2023-10-20 09:00:00+00:00|1.0|sess_comp_exp_follow_london_h9_q0.7_tp06_sl065,2023-10-20 09:00:00+00:00,STAGE28A,data/reports/stage28a_discovery_factory_batch_runner/stage28a_exact_trades.csv,session_compression_expansion_v1,sess_comp_exp_follow_london_h9_q0.7_tp06_sl065,0.7777000000000044,-0.2722999999999955,-0.9722999999999952,0,0,0,0,0.2722999999999955,32.50999999999999,10.069999999999936,0.5233366434955328,11.190000000000055,0.4387846291331395,4.019999999999982,5.698500000000001,0.888,1.0,,,9,4,10.0,2023
2023-10-26 09:00:00+00:00|1.0|sess_comp_exp_follow_london_h9_q0.7_tp06_sl065,2023-10-26 09:00:00+00:00,STAGE28A,data/reports/stage28a_discovery_factory_batch_runner/stage28a_exact_trades.csv,session_compression_expansion_v1,sess_comp_exp_follow_london_h9_q0.7_tp06_sl065,-1.43095000000003,-2.4809500000000297,-3.180950000000029,0,0,0,0,2.4809500000000297,24.13000000000011,7.869999999999891,0.6569250317661902,9.559999999999945,0.3650627615062792,4.75,5.531500000000017,0.7,1.0,,,9,3,10.0,2023
2023-10-30 09:00:00+00:00|-1.0|sess_comp_exp_follow_london_h9_q0.7_tp06_sl065,2023-10-30 09:00:00+00:00,STAGE28A,data/reports/stage28a_discovery_factory_batch_runner/stage28a_exact_trades.csv,session_compression_expansion_v1,sess_comp_exp_follow_london_h9_q0.7_tp06_sl065,0.5931999999999334,-0.4568000000000665,-1.1568000000000662,0,0,0,0,0.4568000000000665,9.659999999999854,9.809999999999945,0.11213047910294752,11.6099999999999,0.6089577950043064,5.789999999999964,5.752499999999975,0.792,-1.0,,,9,0,10.0,2023
2023-11-07 09:00:00+00:00|-1.0|sess_comp_exp_follow_london_h9_q0.7_tp06_sl065,2023-11-07 09:00:00+00:00,STAGE28A,data/reports/stage28a_discovery_factory_batch_runner/stage28a_exact_trades.csv,session_compression_expansion_v1,sess_comp_exp_follow_london_h9_q0.7_tp06_sl065,-1.114075000000048,-2.164075000000048,-2.864075000000048,0,0,0,0,2.164075000000048,16.519999999999982,7.3599999999999,0.7228260869565538,10.039999999999964,0.5149402390438111,2.869999999999891,2.8374999999999773,0.024,-1.0,,,9,1,11.0,2023
2023-11-17 09:00:00+00:00|1.0|sess_comp_exp_follow_london_h9_q0.7_tp06_sl065,2023-11-17 09:00:00+00:00,STAGE28A,data/reports/stage28a_discovery_factory_batch_runner/stage28a_exact_trades.csv,session_compression_expansion_v1,sess_comp_exp_follow_london_h9_q0.7_tp06_sl065,-1.100099999999975,-2.150099999999975,-2.8500999999999745,0,0,0,0,2.150099999999975,31.529999999999973,6.4099999999998545,0.5351014040561843,10.810000000000173,0.5383903792784314,2.0700000000001637,3.673999999999978,0.436,1.0,,,9,4,11.0,2023
2023-11-21 09:00:00+00:00|-1.0|sess_comp_exp_follow_london_h9_q0.7_tp06_sl065,2023-11-21 09:00:00+00:00,STAGE28A,data/reports/stage28a_discovery_factory_batch_runner/stage28a_exact_trades.csv,session_compression_expansion_v1,sess_comp_exp_follow_london_h9_q0.7_tp06_sl065,0.6889000000000124,-0.3610999999999875,-1.0610999999999873,0,0,0,0,0.3610999999999875,19.700000000000045,17.019999999999982,0.6404230317273722,10.009999999999991,0.3466533466533497,2.810000000000173,4.241999999999962,0.852,-1.0,,,9,1,11.0,2023
2023-11-22 09:00:00+00:00|1.0|sess_comp_exp_follow_london_h9_q0.7_tp06_sl065,2023-11-22 09:00:00+00:00,STAGE28A,data/reports/stage28a_discovery_factory_batch_runner/stage28a_exact_trades.csv,session_compression_expansion_v1,sess_comp_exp_follow_london_h9_q0.7_tp06_sl065,-1.309724999999935,-2.359724999999935,-3.0597249999999345,0,0,0,0,2.359724999999935,30.34999999999991,4.8599999999999,0.0041152263374449015,9.639999999999873,0.19502074688795712,2.9700000000000273,3.7610000000000126,0.46,1.0,,,9,2,11.0,2023
2023-11-29 09:00:00+00:00|-1.0|sess_comp_exp_follow_london_h9_q0.7_tp06_sl065,2023-11-29 09:00:00+00:00,STAGE28A,data/reports/stage28a_discovery_factory_batch_runner/stage28a_exact_trades.csv,session_compression_expansion_v1,sess_comp_exp_follow_london_h9_q0.7_tp06_sl065,0.7200999999999113,-0.3299000000000887,-1.0299000000000884,0,0,0,0,0.3299000000000887,32.87999999999988,11.659999999999854,0.15694682675814323,13.519999999999754,0.6531065088757462,3.189999999999827,4.746499999999946,0.984,-1.0,,,9,2,11.0,2023
2023-12-01 09:00:00+00:00|1.0|sess_comp_exp_follow_london_h9_q0.7_tp06_sl065,2023-12-01 09:00:00+00:00,STAGE28A,data/reports/stage28a_discovery_factory_batch_runner/stage28a_exact_trades.csv,session_compression_expansion_v1,sess_comp_exp_follow_london_h9_q0.7_tp06_sl065,0.4378000000000611,-0.6121999999999388,-1.3121999999999383,0,0,0,0,0.6121999999999388,16.060000000000173,6.800000000000182,0.0073529411764971415,10.539999999999964,0.34345351043642347,3.2000000000000455,3.677499999999975,0.364,1.0,,,9,4,12.0,2023
2023-12-04 09:00:00+00:00|-1.0|sess_comp_exp_follow_london_h9_q0.7_tp06_sl065,2023-12-04 09:00:00+00:00,STAGE28A,data/reports/stage28a_discovery_factory_batch_runner/stage28a_exact_trades.csv,session_compression_expansion_v1,sess_comp_exp_follow_london_h9_q0.7_tp06_sl065,-2.3055249999998524,-3.355524999999852,-4.055524999999852,0,0,0,1,3.355524999999852,78.03999999999996,78.03999999999996,0.4173500768836517,32.70000000000027,0.5186544342507613,14.070000000000164,16.97550000000001,1.0,-1.0,,,9,0,12.0,2023
2023-12-05 09:00:00+00:00|-1.0|sess_comp_exp_follow_london_h9_q0.7_tp06_sl065,2023-12-05 09:00:00+00:00,STAGE28A,data/reports/stage28a_discovery_factory_batch_runner/stage28a_exact_trades.csv,session_compression_expansion_v1,sess_comp_exp_follow_london_h9_q0.7_tp06_sl065,0.8752000000000862,-0.1747999999999137,-0.8747999999999134,0,0,0,0,0.1747999999999137,129.52999999999975,12.779999999999973,0.13145539906103812,16.480000000000018,0.41868932038835455,2.7999999999999545,7.86149999999999,0.868,-1.0,,,9,1,12.0,2023
2023-12-06 09:00:00+00:00|-1.0|sess_comp_exp_follow_london_h9_q0.7_tp06_sl065,2023-12-06 09:00:00+00:00,STAGE28A,data/reports/stage28a_discovery_factory_batch_runner/stage28a_exact_trades.csv,session_compression_expansion_v1,sess_comp_exp_follow_london_h9_q0.7_tp06_sl065,0.5913999999999305,-0.4586000000000694,-1.1586000000000691,0,0,0,0,0.4586000000000694,31.279999999999973,6.980000000000018,0.43696275071632473,15.710000000000036,0.05919796308084414,3.4199999999998454,5.072999999999991,0.752,-1.0,,,9,2,12.0,2023
2023-12-07 09:00:00+00:00|1.0|sess_comp_exp_follow_london_h9_q0.7_tp06_sl065,2023-12-07 09:00:00+00:00,STAGE28A,data/reports/stage28a_discovery_factory_batch_runner/stage28a_exact_trades.csv,session_compression_expansion_v1,sess_comp_exp_follow_london_h9_q0.7_tp06_sl065,0.5893000000000029,-0.460699999999997,-1.1606999999999967,0,0,0,0,0.460699999999997,18.700000000000045,4.740000000000009,0.21940928270041385,9.889999999999873,0.765419615773512,3.509999999999991,4.241999999999973,0.556,1.0,,,9,3,12.0,2023
2023-12-13 09:00:00+00:00|1.0|sess_comp_exp_follow_london_h9_q0.7_tp06_sl065,2023-12-13 09:00:00+00:00,STAGE28A,data/reports/stage28a_discovery_factory_batch_runner/stage28a_exact_trades.csv,session_compression_expansion_v1,sess_comp_exp_follow_london_h9_q0.7_tp06_sl065,-1.2457000000000336,-2.2957000000000334,-2.995700000000033,0,0,0,0,2.2957000000000334,19.50999999999999,5.1099999999999,0.8297455968689026,10.309999999999945,0.48205625606208086,5.809999999999945,3.6484999999999785,0.064,1.0,,,9,2,12.0,2023
2023-12-14 09:00:00+00:00|1.0|sess_comp_exp_follow_london_h9_q0.7_tp06_sl065,2023-12-14 09:00:00+00:00,STAGE28A,data/reports/stage28a_discovery_factory_batch_runner/stage28a_exact_trades.csv,session_compression_expansion_v1,sess_comp_exp_follow_london_h9_q0.7_tp06_sl065,0.9924999999999728,-0.0575000000000271,-0.7575000000000269,0,0,0,0,0.0575000000000271,60.16000000000008,14.930000000000064,0.10783657066308729,11.049999999999955,0.25610859728506236,3.160000000000082,6.826499999999987,0.84,1.0,,,9,3,12.0,2023
2023-12-15 09:00:00+00:00|1.0|sess_comp_exp_follow_london_h9_q0.7_tp06_sl065,2023-12-15 09:00:00+00:00,STAGE28A,data/reports/stage28a_discovery_factory_batch_runner/stage28a_exact_trades.csv,session_compression_expansion_v1,sess_comp_exp_follow_london_h9_q0.7_tp06_sl065,0.62199999999998,-0.4280000000000199,-1.1280000000000197,0,0,0,0,0.4280000000000199,23.610000000000127,7.410000000000082,0.14170040485832258,10.200000000000045,0.5862745098039207,1.9600000000000364,4.843500000000029,0.46,1.0,,,9,4,12.0,2023
2023-12-28 09:00:00+00:00|-1.0|sess_comp_exp_follow_london_h9_q0.7_tp06_sl065,2023-12-28 09:00:00+00:00,STAGE28A,data/reports/stage28a_discovery_factory_batch_runner/stage28a_exact_trades.csv,session_compression_expansion_v1,sess_comp_exp_follow_london_h9_q0.7_tp06_sl065,0.5187999999997374,-0.5312000000002626,-1.2312000000002623,0,0,0,0,0.5312000000002626,22.899999999999636,11.019999999999982,0.6379310344827779,14.870000000000346,0.6348352387356984,2.5900000000001455,4.0775000000000095,0.548,-1.0,,,9,3,12.0,2023
2023-12-29 09:00:00+00:00|-1.0|sess_comp_exp_follow_london_h9_q0.7_tp06_sl065,2023-12-29 09:00:00+00:00,STAGE28A,data/reports/stage28a_discovery_factory_batch_runner/stage28a_exact_trades.csv,session_compression_expansion_v1,sess_comp_exp_follow_london_h9_q0.7_tp06_sl065,0.4284999999998945,-0.6215000000001054,-1.3215000000001051,0,0,0,0,0.6215000000001054,23.909999999999854,5.570000000000164,0.5727109515259436,12.900000000000091,0.4031007751937815,1.3700000000003456,3.7379999999999654,0.296,-1.0,,,9,4,12.0,2023
2024-01-02 09:00:00+00:00|1.0|sess_comp_exp_follow_london_h9_q0.7_tp06_sl065,2024-01-02 09:00:00+00:00,STAGE28A,data/reports/stage28a_discovery_factory_batch_runner/stage28a_exact_trades.csv,session_compression_expansion_v1,sess_comp_exp_follow_london_h9_q0.7_tp06_sl065,-1.4751499999998487,-2.525149999999849,-3.2251499999998483,0,0,0,0,2.525149999999849,3.199999999999818,8.299999999999727,0.7060240963855807,9.350000000000364,0.6844919786096088,3.7800000000002,4.2169999999999845,0.624,1.0,,,9,1,1.0,2024
2024-01-03 09:00:00+00:00|-1.0|sess_comp_exp_follow_london_h9_q0.7_tp06_sl065,2024-01-03 09:00:00+00:00,STAGE28A,data/reports/stage28a_discovery_factory_batch_runner/stage28a_exact_trades.csv,session_compression_expansion_v1,sess_comp_exp_follow_london_h9_q0.7_tp06_sl065,-1.197925000000032,-2.247925000000032,-2.947925000000032,0,0,0,0,2.247925000000032,22.88000000000011,7.050000000000182,0.7333333333333247,13.200000000000273,0.7446969696969488,1.919999999999618,4.3960000000000035,0.748,-1.0,,,9,2,1.0,2024
2024-01-08 09:00:00+00:00|-1.0|sess_comp_exp_follow_london_h9_q0.7_tp06_sl065,2024-01-08 09:00:00+00:00,STAGE28A,data/reports/stage28a_discovery_factory_batch_runner/stage28a_exact_trades.csv,session_compression_expansion_v1,sess_comp_exp_follow_london_h9_q0.7_tp06_sl065,0.932799999999952,-0.1172000000000479,-0.8172000000000477,0,0,0,0,0.1172000000000479,2.4299999999998363,11.529999999999973,0.7380745880312238,9.460000000000036,0.8879492600422655,3.009999999999991,5.9950000000000045,0.996,-1.0,,,9,0,1.0,2024
2024-01-10 09:00:00+00:00|1.0|sess_comp_exp_follow_london_h9_q0.7_tp06_sl065,2024-01-10 09:00:00+00:00,STAGE28A,data/reports/stage28a_discovery_factory_batch_runner/stage28a_exact_trades.csv,session_compression_expansion_v1,sess_comp_exp_follow_london_h9_q0.7_tp06_sl065,-1.4995250000000395,-2.54952500000004,-3.2495250000000397,0,0,0,0,2.54952500000004,15.940000000000055,5.619999999999891,0.18149466192170846,16.539999999999964,0.30290205562273287,3.160000000000082,3.785500000000013,0.28,1.0,,,9,2,1.0,2024
2024-01-16 09:00:00+00:00|-1.0|sess_comp_exp_follow_london_h9_q0.7_tp06_sl065,2024-01-16 09:00:00+00:00,STAGE28A,data/reports/stage28a_discovery_factory_batch_runner/stage28a_exact_trades.csv,session_compression_expansion_v1,sess_comp_exp_follow_london_h9_q0.7_tp06_sl065,-1.179075000000103,-2.2290750000001025,-2.9290750000001022,0,0,0,0,2.2290750000001025,12.740000000000009,7.170000000000073,0.656903765690375,12.409999999999854,0.6970185334407891,3.1299999999998818,2.5100000000000136,0.004,-1.0,,,9,1,1.0,2024
2024-01-19 09:00:00+00:00|1.0|sess_comp_exp_follow_london_h9_q0.7_tp06_sl065,2024-01-19 09:00:00+00:00,STAGE28A,data/reports/stage28a_discovery_factory_batch_runner/stage28a_exact_trades.csv,session_compression_expansion_v1,sess_comp_exp_follow_london_h9_q0.7_tp06_sl065,0.3436000000000604,-0.7063999999999395,-1.4063999999999393,0,0,0,0,0.7063999999999395,18.389999999999873,4.880000000000109,0.594262295081926,10.550000000000182,0.8890995260663241,3.4600000000000364,3.294500000000016,0.148,1.0,,,9,4,1.0,2024
2024-01-23 09:00:00+00:00|1.0|sess_comp_exp_follow_london_h9_q0.7_tp06_sl065,2024-01-23 09:00:00+00:00,STAGE28A,data/reports/stage28a_discovery_factory_batch_runner/stage28a_exact_trades.csv,session_compression_expansion_v1,sess_comp_exp_follow_london_h9_q0.7_tp06_sl065,0.834099999999944,-0.2159000000000559,-0.9159000000000556,0,0,0,0,0.2159000000000559,15.519999999999982,8.38000000000011,0.8210023866348201,13.160000000000082,0.19452887537995114,6.709999999999809,3.8194999999999597,0.372,1.0,,,9,1,1.0,2024
2024-01-24 09:00:00+00:00|1.0|sess_comp_exp_follow_london_h9_q0.7_tp06_sl065,2024-01-24 09:00:00+00:00,STAGE28A,data/reports/stage28a_discovery_factory_batch_runner/stage28a_exact_trades.csv,session_compression_expansion_v1,sess_comp_exp_follow_london_h9_q0.7_tp06_sl065,-1.2811250000000656,-2.3311250000000654,-3.031125000000065,0,0,0,0,2.3311250000000654,18.340000000000146,5.8599999999999,0.8447098976109437,11.279999999999973,0.7402482269503483,4.210000000000036,3.346499999999992,0.172,1.0,,,9,2,1.0,2024
2024-01-29 09:00:00+00:00|1.0|sess_comp_exp_follow_london_h9_q0.7_tp06_sl065,2024-01-29 09:00:00+00:00,STAGE28A,data/reports/stage28a_discovery_factory_batch_runner/stage28a_exact_trades.csv,session_compression_expansion_v1,sess_comp_exp_follow_london_h9_q0.7_tp06_sl065,-1.2778750000000856,-2.3278750000000854,-3.027875000000085,0,0,0,0,2.3278750000000854,7.220000000000027,9.13000000000011,0.4928806133625352,9.209999999999809,0.1400651465798035,4.110000000000127,3.7995000000000116,0.436,1.0,,,9,0,1.0,2024
2024-02-05 09:00:00+00:00|-1.0|sess_comp_exp_follow_london_h9_q0.7_tp06_sl065,2024-02-05 09:00:00+00:00,STAGE28A,data/reports/stage28a_discovery_factory_batch_runner/stage28a_exact_trades.csv,session_compression_expansion_v1,sess_comp_exp_follow_london_h9_q0.7_tp06_sl065,-1.6048249999999826,-2.6548249999999824,-3.354824999999982,0,0,0,0,2.6548249999999824,3.3900000000001,11.839999999999918,0.6173986486486484,11.329999999999927,0.6548984995586843,4.380000000000109,5.369499999999983,0.932,-1.0,,,9,0,2.0,2024
2024-02-23 09:00:00+00:00|-1.0|sess_comp_exp_follow_london_h9_q0.7_tp06_sl065,2024-02-23 09:00:00+00:00,STAGE28A,data/reports/stage28a_discovery_factory_batch_runner/stage28a_exact_trades.csv,session_compression_expansion_v1,sess_comp_exp_follow_london_h9_q0.7_tp06_sl065,0.3733000000001084,-0.6766999999998915,-1.3766999999998912,0,0,0,0,0.6766999999998915,15.36999999999989,4.559999999999945,0.2763157894736855,10.110000000000127,0.2908011869435994,4.4500000000000455,3.166499999999985,0.632,-1.0,,,9,4,2.0,2024
2024-03-01 09:00:00+00:00|1.0|sess_comp_exp_follow_london_h9_q0.7_tp06_sl065,2024-03-01 09:00:00+00:00,STAGE28A,data/reports/stage28a_discovery_factory_batch_runner/stage28a_exact_trades.csv,session_compression_expansion_v1,sess_comp_exp_follow_london_h9_q0.7_tp06_sl065,-0.9752999999999248,-2.0252999999999246,-2.7252999999999243,0,0,0,0,2.0252999999999246,22.72999999999979,3.9600000000000364,0.31565656565656275,16.0300000000002,0.5832813474734743,3.300000000000182,3.1655000000000313,0.716,1.0,,,9,4,3.0,2024
2024-03-05 09:00:00+00:00|1.0|sess_comp_exp_follow_london_h9_q0.7_tp06_sl065,2024-03-05 09:00:00+00:00,STAGE28A,data/reports/stage28a_discovery_factory_batch_runner/stage28a_exact_trades.csv,session_compression_expansion_v1,sess_comp_exp_follow_london_h9_q0.7_tp06_sl065,0.65649999999996,-0.3935000000000399,-1.0935000000000397,0,0,0,0,0.3935000000000399,40.370000000000346,6.349999999999909,0.22204724409446847,13.2800000000002,0.5813253012047954,4.2599999999997635,5.035500000000025,0.924,1.0,,,9,1,3.0,2024
2024-03-07 09:00:00+00:00|-1.0|sess_comp_exp_follow_london_h9_q0.7_tp06_sl065,2024-03-07 09:00:00+00:00,STAGE28A,data/reports/stage28a_discovery_factory_batch_runner/stage28a_exact_trades.csv,session_compression_expansion_v1,sess_comp_exp_follow_london_h9_q0.7_tp06_sl065,-2.146600000000126,-3.196600000000126,-3.8966000000001255,0,0,0,1,3.196600000000126,28.549999999999727,17.11999999999989,0.6407710280374022,8.299999999999727,0.07108433734936268,4.889999999999873,6.566000000000008,1.0,-1.0,,,9,3,3.0,2024
2024-03-08 09:00:00+00:00|1.0|sess_comp_exp_follow_london_h9_q0.7_tp06_sl065,2024-03-08 09:00:00+00:00,STAGE28A,data/reports/stage28a_discovery_factory_batch_runner/stage28a_exact_trades.csv,session_compression_expansion_v1,sess_comp_exp_follow_london_h9_q0.7_tp06_sl065,0.6240999999999076,-0.4259000000000923,-1.125900000000092,0,0,0,0,0.4259000000000923,20.460000000000036,9.510000000000218,0.4437434279705739,14.920000000000073,0.724530831099219,5.619999999999891,4.694500000000039,0.628,1.0,,,9,4,3.0,2024
2024-03-15 09:00:00+00:00|1.0|sess_comp_exp_follow_london_h9_q0.7_tp06_sl065,2024-03-15 09:00:00+00:00,STAGE28A,data/reports/stage28a_discovery_factory_batch_runner/stage28a_exact_trades.csv,session_compression_expansion_v1,sess_comp_exp_follow_london_h9_q0.7_tp06_sl065,-1.3028999999997724,-2.352899999999772,-3.052899999999772,0,0,0,0,2.352899999999772,24.159999999999854,5.289999999999964,0.43100189035920905,9.289999999999964,0.511302475780411,3.0100000000002183,3.986500000000001,0.248,1.0,,,9,4,3.0,2024
2024-03-18 09:00:00+00:00|1.0|sess_comp_exp_follow_london_h9_q0.7_tp06_sl065,2024-03-18 09:00:00+00:00,STAGE28A,data/reports/stage28a_discovery_factory_batch_runner/stage28a_exact_trades.csv,session_compression_expansion_v1,sess_comp_exp_follow_london_h9_q0.7_tp06_sl065,-1.420874999999887,-2.470874999999887,-3.170874999999887,0,0,0,0,2.470874999999887,5.369999999999891,11.419999999999618,0.6444833625219242,12.349999999999909,0.8858299595141441,2.4099999999998545,4.513499999999999,0.348,1.0,,,9,0,3.0,2024
2024-03-19 09:00:00+00:00|-1.0|sess_comp_exp_follow_london_h9_q0.7_tp06_sl065,2024-03-19 09:00:00+00:00,STAGE28A,data/reports/stage28a_discovery_factory_batch_runner/stage28a_exact_trades.csv,session_compression_expansion_v1,sess_comp_exp_follow_london_h9_q0.7_tp06_sl065,-1.4156749999998284,-2.465674999999828,-3.165674999999828,0,0,0,0,2.465674999999828,17.559999999999945,4.1599999999998545,0.16105769230771544,13.179999999999836,0.4613050075872536,3.7800000000002,3.149999999999909,0.02,-1.0,,,9,1,3.0,2024
2024-03-21 09:00:00+00:00|1.0|sess_comp_exp_follow_london_h9_q0.7_tp06_sl065,2024-03-21 09:00:00+00:00,STAGE28A,data/reports/stage28a_discovery_factory_batch_runner/stage28a_exact_trades.csv,session_compression_expansion_v1,sess_comp_exp_follow_london_h9_q0.7_tp06_sl065,0.8475999999999658,-0.2024000000000341,-0.9024000000000338,0,0,0,0,0.2024000000000341,56.710000000000036,36.17000000000007,0.017694221730712507,14.86999999999989,0.2958977807666525,5.1899999999996,8.76199999999999,1.0,1.0,,,9,3,3.0,2024
2024-03-22 09:00:00+00:00|-1.0|sess_comp_exp_follow_london_h9_q0.7_tp06_sl065,2024-03-22 09:00:00+00:00,STAGE28A,data/reports/stage28a_discovery_factory_batch_runner/stage28a_exact_trades.csv,session_compression_expansion_v1,sess_comp_exp_follow_london_h9_q0.7_tp06_sl065,-1.766349999999966,-2.8163499999999657,-3.516349999999965,0,0,0,0,2.8163499999999657,56.07999999999993,14.199999999999818,0.53169014084509,13.659999999999854,0.46998535871157693,6.4099999999998545,5.800499999999988,0.736,-1.0,,,9,4,3.0,2024
2024-03-26 09:00:00+00:00|1.0|sess_comp_exp_follow_london_h9_q0.7_tp06_sl065,2024-03-26 09:00:00+00:00,STAGE28A,data/reports/stage28a_discovery_factory_batch_runner/stage28a_exact_trades.csv,session_compression_expansion_v1,sess_comp_exp_follow_london_h9_q0.7_tp06_sl065,0.5140000000000328,-0.5359999999999672,-1.235999999999967,0,0,0,0,0.5359999999999672,17.779999999999745,6.839999999999691,0.09941520467834314,30.460000000000036,0.8365068942875898,3.5599999999999454,3.3664999999999736,0.14,1.0,,,9,1,3.0,2024
2024-03-27 09:00:00+00:00|1.0|sess_comp_exp_follow_london_h9_q0.7_tp06_sl065,2024-03-27 09:00:00+00:00,STAGE28A,data/reports/stage28a_discovery_factory_batch_runner/stage28a_exact_trades.csv,session_compression_expansion_v1,sess_comp_exp_follow_london_h9_q0.7_tp06_sl065,-1.6282250000000205,-2.6782250000000203,-3.37822500000002,0,0,0,0,2.6782250000000203,32.460000000000036,8.480000000000018,0.12264150943395771,18.800000000000182,0.8202127659574427,3.550000000000182,4.830000000000018,0.636,1.0,,,9,2,3.0,2024
2024-03-28 09:00:00+00:00|1.0|sess_comp_exp_follow_london_h9_q0.7_tp06_sl065,2024-03-28 09:00:00+00:00,STAGE28A,data/reports/stage28a_discovery_factory_batch_runner/stage28a_exact_trades.csv,session_compression_expansion_v1,sess_comp_exp_follow_london_h9_q0.7_tp06_sl065,0.8899000000000342,-0.1600999999999657,-0.8600999999999654,0,0,0,0,0.1600999999999657,24.330000000000382,9.559999999999945,0.5041841004184301,22.920000000000073,0.7273123909249374,3.8299999999999272,4.437499999999977,0.484,1.0,,,9,3,3.0,2024
2024-04-01 09:00:00+00:00|-1.0|sess_comp_exp_follow_london_h9_q0.7_tp06_sl065,2024-04-01 09:00:00+00:00,STAGE28A,data/reports/stage28a_discovery_factory_batch_runner/stage28a_exact_trades.csv,session_compression_expansion_v1,sess_comp_exp_follow_london_h9_q0.7_tp06_sl065,1.4353000000000065,0.3853000000000066,-0.3146999999999931,1,0,1,0,0.3853000000000066,9.899999999999636,30.36999999999989,0.9045110306223363,16.300000000000182,0.7785276073619299,5.369999999999891,9.038499999999953,0.964,-1.0,,,9,0,4.0,2024
2024-04-02 09:00:00+00:00|1.0|sess_comp_exp_follow_london_h9_q0.7_tp06_sl065,2024-04-02 09:00:00+00:00,STAGE28A,data/reports/stage28a_discovery_factory_batch_runner/stage28a_exact_trades.csv,session_compression_expansion_v1,sess_comp_exp_follow_london_h9_q0.7_tp06_sl065,-1.8748999999998888,-2.9248999999998886,-3.624899999999888,0,0,0,0,2.9248999999998886,37.11999999999989,9.169999999999618,0.22246455834242623,16.440000000000055,0.5675182481751762,5.2400000000002365,7.114500000000021,0.796,1.0,,,9,1,4.0,2024
2024-04-03 09:00:00+00:00|-1.0|sess_comp_exp_follow_london_h9_q0.7_tp06_sl065,2024-04-03 09:00:00+00:00,STAGE28A,data/reports/stage28a_discovery_factory_batch_runner/stage28a_exact_trades.csv,session_compression_expansion_v1,sess_comp_exp_follow_london_h9_q0.7_tp06_sl065,-1.964274999999907,-3.014274999999907,-3.7142749999999065,0,0,0,0,3.014274999999907,35.35999999999967,11.590000000000146,0.28127696289906623,19.360000000000127,0.6714876033057807,5.029999999999745,7.535000000000037,0.792,-1.0,,,9,2,4.0,2024
2024-04-04 09:00:00+00:00|-1.0|sess_comp_exp_follow_london_h9_q0.7_tp06_sl065,2024-04-04 09:00:00+00:00,STAGE28A,data/reports/stage28a_discovery_factory_batch_runner/stage28a_exact_trades.csv,session_compression_expansion_v1,sess_comp_exp_follow_london_h9_q0.7_tp06_sl065,0.8944000000000415,-0.1555999999999584,-0.8555999999999582,0,0,0,0,0.1555999999999584,36.26999999999998,8.36999999999989,0.30943847072881475,9.809999999999945,0.5983690112130865,5.670000000000073,5.977999999999975,0.538,-1.0,,,9,3,4.0,2024
2024-04-05 09:00:00+00:00|1.0|sess_comp_exp_follow_london_h9_q0.7_tp06_sl065,2024-04-05 09:00:00+00:00,STAGE28A,data/reports/stage28a_discovery_factory_batch_runner/stage28a_exact_trades.csv,session_compression_expansion_v1,sess_comp_exp_follow_london_h9_q0.7_tp06_sl065,1.7544999999999162,0.7044999999999164,0.0044999999999166,1,1,1,0,0.7044999999999164,25.519999999999982,25.579999999999927,0.5136825645035327,16.9699999999998,0.8461991750147494,4.910000000000309,7.480500000000006,0.764,1.0,,,9,4,4.0,2024
2024-04-08 09:00:00+00:00|-1.0|sess_comp_exp_follow_london_h9_q0.7_tp06_sl065,2024-04-08 09:00:00+00:00,STAGE28A,data/reports/stage28a_discovery_factory_batch_runner/stage28a_exact_trades.csv,session_compression_expansion_v1,sess_comp_exp_follow_london_h9_q0.7_tp06_sl065,-4.646174999999948,-5.696174999999949,-6.396174999999948,0,0,0,1,5.696174999999949,24.11999999999989,51.0300000000002,0.7460317460317463,13.789999999999964,0.5823060188542583,11.829999999999927,12.957500000000005,1.0,-1.0,,,9,0,4.0,2024
2024-04-09 09:00:00+00:00|1.0|sess_comp_exp_follow_london_h9_q0.7_tp06_sl065,2024-04-09 09:00:00+00:00,STAGE28A,data/reports/stage28a_discovery_factory_batch_runner/stage28a_exact_trades.csv,session_compression_expansion_v1,sess_comp_exp_follow_london_h9_q0.7_tp06_sl065,-2.057225000000108,-3.107225000000108,-3.8072250000001073,0,0,0,1,3.107225000000108,51.0300000000002,11.669999999999618,0.43958868894603914,22.269999999999982,0.8630444544230027,4.019999999999982,6.0535000000000085,0.436,1.0,,,9,1,4.0,2024
2024-04-11 09:00:00+00:00|-1.0|sess_comp_exp_follow_london_h9_q0.7_tp06_sl065,2024-04-11 09:00:00+00:00,STAGE28A,data/reports/stage28a_discovery_factory_batch_runner/stage28a_exact_trades.csv,session_compression_expansion_v1,sess_comp_exp_follow_london_h9_q0.7_tp06_sl065,-2.1368499999999586,-3.1868499999999584,-3.886849999999958,0,0,0,1,3.1868499999999584,40.75,13.490000000000236,0.5937731653076074,20.360000000000127,0.6512770137524625,5.700000000000273,8.87199999999998,0.804,-1.0,,,9,3,4.0,2024
2024-04-12 09:00:00+00:00|1.0|sess_comp_exp_follow_london_h9_q0.7_tp06_sl065,2024-04-12 09:00:00+00:00,STAGE28A,data/reports/stage28a_discovery_factory_batch_runner/stage28a_exact_trades.csv,session_compression_expansion_v1,sess_comp_exp_follow_london_h9_q0.7_tp06_sl065,2.0466999999997824,0.9966999999997824,0.2966999999997828,1,1,1,0,0.9966999999997824,52.0300000000002,23.449999999999818,0.4366737739872009,17.809999999999945,0.7810218978102388,7.180000000000291,8.113000000000033,0.704,1.0,,,9,4,4.0,2024
2024-04-15 09:00:00+00:00|-1.0|sess_comp_exp_follow_london_h9_q0.7_tp06_sl065,2024-04-15 09:00:00+00:00,STAGE28A,data/reports/stage28a_discovery_factory_batch_runner/stage28a_exact_trades.csv,session_compression_expansion_v1,sess_comp_exp_follow_london_h9_q0.7_tp06_sl065,1.996900000000005,0.9469000000000052,0.2469000000000054,1,1,1,0,0.9469000000000052,26.509999999999764,26.509999999999764,0.06563560920406629,17.799999999999727,0.500561797752834,10.489999999999782,16.595499999999948,1.0,-1.0,,,9,0,4.0,2024
2024-04-16 09:00:00+00:00|-1.0|sess_comp_exp_follow_london_h9_q0.7_tp06_sl065,2024-04-16 09:00:00+00:00,STAGE28A,data/reports/stage28a_discovery_factory_batch_runner/stage28a_exact_trades.csv,session_compression_expansion_v1,sess_comp_exp_follow_london_h9_q0.7_tp06_sl065,-2.391975000000093,-3.441975000000093,-4.141975000000093,0,0,0,1,3.441975000000093,63.18000000000029,12.900000000000091,0.28062015503874926,25.980000000000018,0.6023864511162463,4.080000000000382,10.118000000000029,0.764,-1.0,,,9,1,4.0,2024
2024-04-17 09:00:00+00:00|1.0|sess_comp_exp_follow_london_h9_q0.7_tp06_sl065,2024-04-17 09:00:00+00:00,STAGE28A,data/reports/stage28a_discovery_factory_batch_runner/stage28a_exact_trades.csv,session_compression_expansion_v1,sess_comp_exp_follow_london_h9_q0.7_tp06_sl065,1.0350999999999655,-0.0149000000000341,-0.7149000000000338,0,0,0,0,0.0149000000000341,35.210000000000036,6.400000000000091,0.5015624999999986,21.559999999999945,0.4809833024118911,7.880000000000109,8.597000000000026,0.564,1.0,,,9,2,4.0,2024
2024-04-19 09:00:00+00:00|-1.0|sess_comp_exp_follow_london_h9_q0.7_tp06_sl065,2024-04-19 09:00:00+00:00,STAGE28A,data/reports/stage28a_discovery_factory_batch_runner/stage28a_exact_trades.csv,session_compression_expansion_v1,sess_comp_exp_follow_london_h9_q0.7_tp06_sl065,-5.694625000000178,-6.744625000000179,-7.444625000000178,0,0,0,1,6.744625000000179,29.889999999999873,44.15000000000009,0.27859569648924476,15.840000000000146,0.6502525252525021,4.170000000000073,9.876499999999941,0.704,-1.0,,,9,4,4.0,2024
2024-04-22 09:00:00+00:00|-1.0|sess_comp_exp_follow_london_h9_q0.7_tp06_sl065,2024-04-22 09:00:00+00:00,STAGE28A,data/reports/stage28a_discovery_factory_batch_runner/stage28a_exact_trades.csv,session_compression_expansion_v1,sess_comp_exp_follow_london_h9_q0.7_tp06_sl065,2.0118999999998777,0.961899999999878,0.2618999999998781,1,1,1,0,0.961899999999878,6.799999999999727,26.84999999999991,0.5314711359404108,21.490000000000236,0.3922754769660399,9.599999999999909,7.997499999999922,0.36,-1.0,,,9,0,4.0,2024
2024-04-23 09:00:00+00:00|1.0|sess_comp_exp_follow_london_h9_q0.7_tp06_sl065,2024-04-23 09:00:00+00:00,STAGE28A,data/reports/stage28a_discovery_factory_batch_runner/stage28a_exact_trades.csv,session_compression_expansion_v1,sess_comp_exp_follow_london_h9_q0.7_tp06_sl065,3.769299999999839,2.7192999999998397,2.01929999999984,1,1,1,0,2.7192999999998397,63.82999999999993,38.82999999999993,0.7180015451970168,23.220000000000255,0.30146425495262374,10.470000000000255,9.953500000000009,0.764,1.0,,,9,1,4.0,2024
2024-04-24 09:00:00+00:00|-1.0|sess_comp_exp_follow_london_h9_q0.7_tp06_sl065,2024-04-24 09:00:00+00:00,STAGE28A,data/reports/stage28a_discovery_factory_batch_runner/stage28a_exact_trades.csv,session_compression_expansion_v1,sess_comp_exp_follow_london_h9_q0.7_tp06_sl065,-2.296100000000115,-3.346100000000115,-4.046100000000115,0,0,0,1,3.346100000000115,42.88000000000011,12.400000000000091,0.5016129032258233,19.4399999999996,0.6682098765432124,5.309999999999945,7.124000000000114,0.136,-1.0,,,9,2,4.0,2024
2024-04-25 09:00:00+00:00|1.0|sess_comp_exp_follow_london_h9_q0.7_tp06_sl065,2024-04-25 09:00:00+00:00,STAGE28A,data/reports/stage28a_discovery_factory_batch_runner/stage28a_exact_trades.csv,session_compression_expansion_v1,sess_comp_exp_follow_london_h9_q0.7_tp06_sl065,1.530999999999858,0.4809999999998582,-0.2190000000001415,1,0,1,0,0.4809999999998582,25.480000000000018,17.029999999999745,0.28185554903113647,16.4699999999998,0.7109896782028038,6.190000000000055,6.6869999999999665,0.112,1.0,,,9,3,4.0,2024
2024-04-26 09:00:00+00:00|1.0|sess_comp_exp_follow_london_h9_q0.7_tp06_sl065,2024-04-26 09:00:00+00:00,STAGE28A,data/reports/stage28a_discovery_factory_batch_runner/stage28a_exact_trades.csv,session_compression_expansion_v1,sess_comp_exp_follow_london_h9_q0.7_tp06_sl065,1.21899999999996,0.16899999999996,-0.5310000000000397,1,0,1,0,0.16899999999996,39.539999999999964,10.019999999999982,0.2195608782434952,19.110000000000127,0.7791732077446483,4.600000000000364,6.834500000000071,0.156,1.0,,,9,4,4.0,2024
2024-04-29 09:00:00+00:00|1.0|sess_comp_exp_follow_london_h9_q0.7_tp06_sl065,2024-04-29 09:00:00+00:00,STAGE28A,data/reports/stage28a_discovery_factory_batch_runner/stage28a_exact_trades.csv,session_compression_expansion_v1,sess_comp_exp_follow_london_h9_q0.7_tp06_sl065,-2.715999999999985,-3.765999999999986,-4.465999999999985,0,0,0,1,3.765999999999986,4.539999999999964,17.149999999999636,0.35801749271137046,16.929999999999836,0.8665091553455263,7.110000000000127,6.805999999999995,0.24,1.0,,,9,0,4.0,2024
2024-04-30 09:00:00+00:00|-1.0|sess_comp_exp_follow_london_h9_q0.7_tp06_sl065,2024-04-30 09:00:00+00:00,STAGE28A,data/reports/stage28a_discovery_factory_batch_runner/stage28a_exact_trades.csv,session_compression_expansion_v1,sess_comp_exp_follow_london_h9_q0.7_tp06_sl065,1.1199999999997998,0.0699999999998,-0.6300000000001997,1,0,0,0,0.0699999999998,26.919999999999618,9.320000000000164,0.6115879828326366,18.879999999999654,0.7733050847457721,5.139999999999873,5.517500000000018,0.04,-1.0,,,9,1,4.0,2024
2024-05-02 09:00:00+00:00|-1.0|sess_comp_exp_follow_london_h9_q0.7_tp06_sl065,2024-05-02 09:00:00+00:00,STAGE28A,data/reports/stage28a_discovery_factory_batch_runner/stage28a_exact_trades.csv,session_compression_expansion_v1,sess_comp_exp_follow_london_h9_q0.7_tp06_sl065,1.0518999999998413,0.0018999999998414,-0.6981000000001583,1,0,0,0,0.0018999999998414,46.82999999999993,9.070000000000164,0.1422271223814708,22.340000000000146,0.8012533572068028,5.460000000000036,8.09500000000005,0.696,-1.0,,,9,3,5.0,2024
2024-05-03 09:00:00+00:00|-1.0|sess_comp_exp_follow_london_h9_q0.7_tp06_sl065,2024-05-03 09:00:00+00:00,STAGE28A,data/reports/stage28a_discovery_factory_batch_runner/stage28a_exact_trades.csv,session_compression_expansion_v1,sess_comp_exp_follow_london_h9_q0.7_tp06_sl065,-1.6799000000001798,-2.72990000000018,-3.42990000000018,0,0,0,0,2.72990000000018,41.09999999999991,6.440000000000055,0.2096273291925307,10.970000000000255,0.08477666362810113,2.9100000000003092,5.8944999999999705,0.164,-1.0,,,9,4,5.0,2024
2024-05-06 09:00:00+00:00|1.0|sess_comp_exp_follow_london_h9_q0.7_tp06_sl065,2024-05-06 09:00:00+00:00,STAGE28A,data/reports/stage28a_discovery_factory_batch_runner/stage28a_exact_trades.csv,session_compression_expansion_v1,sess_comp_exp_follow_london_h9_q0.7_tp06_sl065,1.365700000000197,0.3157000000001972,-0.3842999999998024,1,0,1,0,0.3157000000001972,5.210000000000036,23.519999999999982,0.32312925170067663,16.170000000000073,0.741496598639439,5.139999999999873,9.324999999999978,0.932,1.0,,,9,0,5.0,2024
2024-05-07 09:00:00+00:00|-1.0|sess_comp_exp_follow_london_h9_q0.7_tp06_sl065,2024-05-07 09:00:00+00:00,STAGE28A,data/reports/stage28a_discovery_factory_batch_runner/stage28a_exact_trades.csv,session_compression_expansion_v1,sess_comp_exp_follow_london_h9_q0.7_tp06_sl065,1.0309000000001105,-0.0190999999998893,-0.719099999999889,0,0,0,0,0.0190999999998893,40.370000000000346,10.279999999999745,0.17217898832685075,13.360000000000127,0.8345808383233181,2.8799999999996544,5.944999999999982,0.2,-1.0,,,9,1,5.0,2024
2024-05-08 09:00:00+00:00|-1.0|sess_comp_exp_follow_london_h9_q0.7_tp06_sl065,2024-05-08 09:00:00+00:00,STAGE28A,data/reports/stage28a_discovery_factory_batch_runner/stage28a_exact_trades.csv,session_compression_expansion_v1,sess_comp_exp_follow_london_h9_q0.7_tp06_sl065,-1.8892000000001643,-2.9392000000001643,-3.639200000000164,0,0,0,0,2.9392000000001643,20.179999999999836,11.240000000000236,0.22775800711742808,17.86999999999989,0.35926133184108067,3.7100000000000364,4.822000000000048,0.04,-1.0,,,9,2,5.0,2024
2024-05-09 09:00:00+00:00|-1.0|sess_comp_exp_follow_london_h9_q0.7_tp06_sl065,2024-05-09 09:00:00+00:00,STAGE28A,data/reports/stage28a_discovery_factory_batch_runner/stage28a_exact_trades.csv,session_compression_expansion_v1,sess_comp_exp_follow_london_h9_q0.7_tp06_sl065,0.8515000000001237,-0.1984999999998762,-0.898499999999876,0,0,0,0,0.1984999999998762,17.86999999999989,4.970000000000255,0.5010060362173258,13.08999999999969,0.35752482811305936,5.309999999999945,4.488999999999964,0.012,-1.0,,,9,3,5.0,2024
2024-05-10 09:00:00+00:00|1.0|sess_comp_exp_follow_london_h9_q0.7_tp06_sl065,2024-05-10 09:00:00+00:00,STAGE28A,data/reports/stage28a_discovery_factory_batch_runner/stage28a_exact_trades.csv,session_compression_expansion_v1,sess_comp_exp_follow_london_h9_q0.7_tp06_sl065,-2.150174999999854,-3.2001749999998537,-3.900174999999853,0,0,0,1,3.2001749999998537,40.63999999999987,10.659999999999854,0.6716697936210086,24.079999999999927,0.7936046511627984,5.029999999999745,6.434000000000014,0.552,1.0,,,9,4,5.0,2024
2024-05-13 09:00:00+00:00|-1.0|sess_comp_exp_follow_london_h9_q0.7_tp06_sl065,2024-05-13 09:00:00+00:00,STAGE28A,data/reports/stage28a_discovery_factory_batch_runner/stage28a_exact_trades.csv,session_compression_expansion_v1,sess_comp_exp_follow_london_h9_q0.7_tp06_sl065,-1.7562749999998233,-2.806274999999823,-3.506274999999823,0,0,0,0,2.806274999999823,3.4299999999998363,9.710000000000036,0.4582904222451345,18.139999999999873,0.9404630650496177,3.8299999999999272,5.991000000000031,0.412,-1.0,,,9,0,5.0,2024
2024-05-15 09:00:00+00:00|1.0|sess_comp_exp_follow_london_h9_q0.7_tp06_sl065,2024-05-15 09:00:00+00:00,STAGE28A,data/reports/stage28a_discovery_factory_batch_runner/stage28a_exact_trades.csv,session_compression_expansion_v1,sess_comp_exp_follow_london_h9_q0.7_tp06_sl065,0.784599999999864,-0.2654000000001359,-0.9654000000001356,0,0,0,0,0.2654000000001359,24.920000000000073,6.110000000000127,0.46808510638298984,18.5300000000002,0.47706422018348893,3.3299999999999272,4.844000000000028,0.148,1.0,,,9,2,5.0,2024
2024-05-17 09:00:00+00:00|1.0|sess_comp_exp_follow_london_h9_q0.7_tp06_sl065,2024-05-17 09:00:00+00:00,STAGE28A,data/reports/stage28a_discovery_factory_batch_runner/stage28a_exact_trades.csv,session_compression_expansion_v1,sess_comp_exp_follow_london_h9_q0.7_tp06_sl065,-1.6711249999999382,-2.721124999999938,-3.421124999999938,0,0,0,0,2.721124999999938,26.550000000000182,7.2599999999997635,0.07300275482090395,11.360000000000127,0.42517605633805705,3.7899999999999636,4.568499999999949,0.092,1.0,,,9,4,5.0,2024
2024-05-20 09:00:00+00:00|1.0|sess_comp_exp_follow_london_h9_q0.7_tp06_sl065,2024-05-20 09:00:00+00:00,STAGE28A,data/reports/stage28a_discovery_factory_batch_runner/stage28a_exact_trades.csv,session_compression_expansion_v1,sess_comp_exp_follow_london_h9_q0.7_tp06_sl065,-3.0920250000000125,-4.142025000000013,-4.842025000000012,0,0,0,1,4.142025000000013,8.409999999999854,24.050000000000182,0.8261954261954154,18.210000000000036,0.220757825370674,13.019999999999982,8.713499999999954,0.972,1.0,,,9,0,5.0,2024
2024-05-21 09:00:00+00:00|1.0|sess_comp_exp_follow_london_h9_q0.7_tp06_sl065,2024-05-21 09:00:00+00:00,STAGE28A,data/reports/stage28a_discovery_factory_batch_runner/stage28a_exact_trades.csv,session_compression_expansion_v1,sess_comp_exp_follow_london_h9_q0.7_tp06_sl065,-3.301000000000022,-4.351000000000022,-5.0510000000000215,0,0,0,1,4.351000000000022,42.86999999999989,26.63000000000011,0.5005632745024361,13.569999999999709,0.19012527634491064,5.769999999999982,8.472499999999991,0.908,1.0,,,9,1,5.0,2024
2024-05-23 09:00:00+00:00|-1.0|sess_comp_exp_follow_london_h9_q0.7_tp06_sl065,2024-05-23 09:00:00+00:00,STAGE28A,data/reports/stage28a_discovery_factory_batch_runner/stage28a_exact_trades.csv,session_compression_expansion_v1,sess_comp_exp_follow_london_h9_q0.7_tp06_sl065,2.052099999999791,1.0020999999997913,0.3020999999997915,1,1,1,0,1.0020999999997913,51.76999999999998,16.980000000000018,0.47820965842166563,19.029999999999745,0.44245927482922676,14.720000000000255,7.9685000000000175,0.848,-1.0,,,9,3,5.0,2024
2024-05-28 09:00:00+00:00|-1.0|sess_comp_exp_follow_london_h9_q0.7_tp06_sl065,2024-05-28 09:00:00+00:00,STAGE28A,data/reports/stage28a_discovery_factory_batch_runner/stage28a_exact_trades.csv,session_compression_expansion_v1,sess_comp_exp_follow_london_h9_q0.7_tp06_sl065,-1.8131500000000416,-2.8631500000000414,-3.563150000000041,0,0,0,0,2.8631500000000414,26.420000000000073,7.220000000000255,0.17313019390581108,13.699999999999818,0.5335766423357695,4.150000000000091,3.981500000000051,0.016,-1.0,,,9,1,5.0,2024
2024-05-29 09:00:00+00:00|-1.0|sess_comp_exp_follow_london_h9_q0.7_tp06_sl065,2024-05-29 09:00:00+00:00,STAGE28A,data/reports/stage28a_discovery_factory_batch_runner/stage28a_exact_trades.csv,session_compression_expansion_v1,sess_comp_exp_follow_london_h9_q0.7_tp06_sl065,-1.847600000000148,-2.897600000000148,-3.597600000000148,0,0,0,0,2.897600000000148,24.059999999999945,7.930000000000291,0.12862547288776097,20.700000000000273,0.6120772946859638,4.870000000000346,5.513000000000079,0.396,-1.0,,,9,2,5.0,2024
2024-05-30 09:00:00+00:00|1.0|sess_comp_exp_follow_london_h9_q0.7_tp06_sl065,2024-05-30 09:00:00+00:00,STAGE28A,data/reports/stage28a_discovery_factory_batch_runner/stage28a_exact_trades.csv,session_compression_expansion_v1,sess_comp_exp_follow_london_h9_q0.7_tp06_sl065,-2.34127499999986,-3.3912749999998595,-4.091274999999859,0,0,0,1,3.3912749999998595,28.059999999999945,11.800000000000182,0.2771186440677908,15.559999999999945,0.06876606683805704,13.230000000000018,5.715000000000077,0.52,1.0,,,9,3,5.0,2024
2024-06-03 09:00:00+00:00|1.0|sess_comp_exp_follow_london_h9_q0.7_tp06_sl065,2024-06-03 09:00:00+00:00,STAGE28A,data/reports/stage28a_discovery_factory_batch_runner/stage28a_exact_trades.csv,session_compression_expansion_v1,sess_comp_exp_follow_london_h9_q0.7_tp06_sl065,1.306300000000101,0.2563000000001012,-0.4436999999998985,1,0,1,0,0.2563000000001012,5.870000000000346,10.070000000000164,0.5004965243296804,14.090000000000146,0.4499645138396082,8.340000000000146,6.945500000000038,0.66,1.0,,,9,0,6.0,2024
2024-06-04 09:00:00+00:00|-1.0|sess_comp_exp_follow_london_h9_q0.7_tp06_sl065,2024-06-04 09:00:00+00:00,STAGE28A,data/reports/stage28a_discovery_factory_batch_runner/stage28a_exact_trades.csv,session_compression_expansion_v1,sess_comp_exp_follow_london_h9_q0.7_tp06_sl065,0.978399999999874,-0.0716000000001257,-0.7716000000001255,0,0,0,0,0.0716000000001257,40.159999999999854,9.600000000000364,0.5281249999999971,25.079999999999927,0.6399521531100569,2.3099999999999454,5.251999999999976,0.216,-1.0,,,9,1,6.0,2024
2024-06-05 09:00:00+00:00|-1.0|sess_comp_exp_follow_london_h9_q0.7_tp06_sl065,2024-06-05 09:00:00+00:00,STAGE28A,data/reports/stage28a_discovery_factory_batch_runner/stage28a_exact_trades.csv,session_compression_expansion_v1,sess_comp_exp_follow_london_h9_q0.7_tp06_sl065,-1.8365500000000796,-2.886550000000079,-3.586550000000079,0,0,0,0,2.886550000000079,37.41000000000031,12.010000000000218,0.7993338884262893,13.579999999999927,0.3645066273932139,4.289999999999964,5.559999999999991,0.436,-1.0,,,9,2,6.0,2024
2024-06-06 09:00:00+00:00|-1.0|sess_comp_exp_follow_london_h9_q0.7_tp06_sl065,2024-06-06 09:00:00+00:00,STAGE28A,data/reports/stage28a_discovery_factory_batch_runner/stage28a_exact_trades.csv,session_compression_expansion_v1,sess_comp_exp_follow_london_h9_q0.7_tp06_sl065,1.4947000000001025,0.4447000000001027,-0.255299999999897,1,0,1,0,0.4447000000001027,31.670000000000073,20.389999999999873,0.564982834722906,12.929999999999836,0.5359628770301565,5.039999999999964,6.170999999999935,0.684,-1.0,,,9,3,6.0,2024
2024-06-07 09:00:00+00:00|-1.0|sess_comp_exp_follow_london_h9_q0.7_tp06_sl065,2024-06-07 09:00:00+00:00,STAGE28A,data/reports/stage28a_discovery_factory_batch_runner/stage28a_exact_trades.csv,session_compression_expansion_v1,sess_comp_exp_follow_london_h9_q0.7_tp06_sl065,1.683400000000256,0.6334000000002562,-0.0665999999997435,1,0,1,0,0.6334000000002562,25.20999999999958,12.600000000000364,0.24920634920633192,50.42000000000007,0.8131693772312563,12.599999999999909,6.4240000000000235,0.816,-1.0,,,9,4,6.0,2024
2024-06-14 09:00:00+00:00|1.0|sess_comp_exp_follow_london_h9_q0.7_tp06_sl065,2024-06-14 09:00:00+00:00,STAGE28A,data/reports/stage28a_discovery_factory_batch_runner/stage28a_exact_trades.csv,session_compression_expansion_v1,sess_comp_exp_follow_london_h9_q0.7_tp06_sl065,-1.7702500000001238,-2.820250000000124,-3.520250000000124,0,0,0,0,2.820250000000124,31.159999999999854,7.050000000000182,0.35886524822690496,19.139999999999873,0.8949843260188204,6.0099999999997635,6.421499999999969,0.648,1.0,,,9,4,6.0,2024
2024-06-18 09:00:00+00:00|-1.0|sess_comp_exp_follow_london_h9_q0.7_tp06_sl065,2024-06-18 09:00:00+00:00,STAGE28A,data/reports/stage28a_discovery_factory_batch_runner/stage28a_exact_trades.csv,session_compression_expansion_v1,sess_comp_exp_follow_london_h9_q0.7_tp06_sl065,-1.659099999999944,-2.709099999999944,-3.409099999999944,0,0,0,0,2.709099999999944,23.170000000000073,6.5,0.5292307692307776,14.090000000000146,0.9488999290276939,4.319999999999709,4.5835000000000035,0.104,-1.0,,,9,1,6.0,2024
2024-06-20 09:00:00+00:00|-1.0|sess_comp_exp_follow_london_h9_q0.7_tp06_sl065,2024-06-20 09:00:00+00:00,STAGE28A,data/reports/stage28a_discovery_factory_batch_runner/stage28a_exact_trades.csv,session_compression_expansion_v1,sess_comp_exp_follow_london_h9_q0.7_tp06_sl065,1.0642000000001643,0.0142000000001645,-0.6857999999998352,1,0,0,0,0.0142000000001645,11.2800000000002,11.260000000000218,0.3152753108348235,14.260000000000218,0.03366058906030932,5.129999999999654,3.887000000000012,0.088,-1.0,,,9,3,6.0,2024
2024-06-21 09:00:00+00:00|1.0|sess_comp_exp_follow_london_h9_q0.7_tp06_sl065,2024-06-21 09:00:00+00:00,STAGE28A,data/reports/stage28a_discovery_factory_batch_runner/stage28a_exact_trades.csv,session_compression_expansion_v1,sess_comp_exp_follow_london_h9_q0.7_tp06_sl065,-1.3906499999999142,-2.440649999999914,-3.140649999999914,0,0,0,0,2.440649999999914,37.65000000000009,7.75,0.3496774193548434,13.009999999999764,0.13374327440432499,3.380000000000109,5.344000000000051,0.496,1.0,,,9,4,6.0,2024
2024-06-27 09:00:00+00:00|1.0|sess_comp_exp_follow_london_h9_q0.7_tp06_sl065,2024-06-27 09:00:00+00:00,STAGE28A,data/reports/stage28a_discovery_factory_batch_runner/stage28a_exact_trades.csv,session_compression_expansion_v1,sess_comp_exp_follow_london_h9_q0.7_tp06_sl065,-1.3653000000000248,-2.4153000000000246,-3.1153000000000244,0,0,0,0,2.4153000000000246,30.350000000000364,3.3899999999998727,0.22123893805310565,17.429999999999836,0.7917383820998457,3.769999999999982,4.662499999999977,0.264,1.0,,,9,3,6.0,2024
2024-06-28 09:00:00+00:00|1.0|sess_comp_exp_follow_london_h9_q0.7_tp06_sl065,2024-06-28 09:00:00+00:00,STAGE28A,data/reports/stage28a_discovery_factory_batch_runner/stage28a_exact_trades.csv,session_compression_expansion_v1,sess_comp_exp_follow_london_h9_q0.7_tp06_sl065,0.8115999999999076,-0.2384000000000923,-0.938400000000092,0,0,0,0,0.2384000000000923,34.58999999999969,9.269999999999982,0.5587918015102316,12.099999999999909,0.7033057851239527,6.0900000000001455,4.37800000000002,0.256,1.0,,,9,4,6.0,2024
2024-07-03 09:00:00+00:00|1.0|sess_comp_exp_follow_london_h9_q0.7_tp06_sl065,2024-07-03 09:00:00+00:00,STAGE28A,data/reports/stage28a_discovery_factory_batch_runner/stage28a_exact_trades.csv,session_compression_expansion_v1,sess_comp_exp_follow_london_h9_q0.7_tp06_sl065,-1.445249999999851,-2.4952499999998508,-3.1952499999998505,0,0,0,0,2.4952499999998508,17.820000000000164,5.660000000000309,0.28798586572430485,15.799999999999727,0.9164556962025199,3.800000000000182,4.594500000000016,0.364,1.0,,,9,2,7.0,2024
2024-07-08 09:00:00+00:00|-1.0|sess_comp_exp_follow_london_h9_q0.7_tp06_sl065,2024-07-08 09:00:00+00:00,STAGE28A,data/reports/stage28a_discovery_factory_batch_runner/stage28a_exact_trades.csv,session_compression_expansion_v1,sess_comp_exp_follow_london_h9_q0.7_tp06_sl065,0.9277000000000952,-0.1222999999999046,-0.8222999999999043,0,0,0,0,0.1222999999999046,5.289999999999964,10.420000000000073,0.22936660268716993,18.5,0.6929729729729818,5.190000000000055,6.450499999999965,0.936,-1.0,,,9,0,7.0,2024
2024-07-15 09:00:00+00:00|1.0|sess_comp_exp_follow_london_h9_q0.7_tp06_sl065,2024-07-15 09:00:00+00:00,STAGE28A,data/reports/stage28a_discovery_factory_batch_runner/stage28a_exact_trades.csv,session_compression_expansion_v1,sess_comp_exp_follow_london_h9_q0.7_tp06_sl065,0.8331999999999425,-0.2168000000000574,-0.9168000000000572,0,0,0,0,0.2168000000000574,7.980000000000018,9.950000000000273,0.40703517587940413,12.690000000000055,0.06619385342790716,6.059999999999945,5.042500000000018,0.492,1.0,,,9,0,7.0,2024
2024-07-16 09:00:00+00:00|1.0|sess_comp_exp_follow_london_h9_q0.7_tp06_sl065,2024-07-16 09:00:00+00:00,STAGE28A,data/reports/stage28a_discovery_factory_batch_runner/stage28a_exact_trades.csv,session_compression_expansion_v1,sess_comp_exp_follow_london_h9_q0.7_tp06_sl065,1.1197000000001025,0.0697000000001026,-0.630299999999897,1,0,0,0,0.0697000000001026,38.409999999999854,11.559999999999945,0.6643598615916845,18.269999999999982,0.75478927203065,4.639999999999873,5.41700000000003,0.684,1.0,,,9,1,7.0,2024
2024-07-17 09:00:00+00:00|1.0|sess_comp_exp_follow_london_h9_q0.7_tp06_sl065,2024-07-17 09:00:00+00:00,STAGE28A,data/reports/stage28a_discovery_factory_batch_runner/stage28a_exact_trades.csv,session_compression_expansion_v1,sess_comp_exp_follow_london_h9_q0.7_tp06_sl065,-2.9701500000001944,-4.020150000000195,-4.720150000000194,0,0,0,1,4.020150000000195,49.659999999999854,18.299999999999727,0.15191256830602412,17.019999999999982,0.18801410105759556,5.5900000000001455,7.71400000000001,0.992,1.0,,,9,2,7.0,2024
2024-07-19 09:00:00+00:00|-1.0|sess_comp_exp_follow_london_h9_q0.7_tp06_sl065,2024-07-19 09:00:00+00:00,STAGE28A,data/reports/stage28a_discovery_factory_batch_runner/stage28a_exact_trades.csv,session_compression_expansion_v1,sess_comp_exp_follow_london_h9_q0.7_tp06_sl065,-2.814799999999741,-3.864799999999741,-4.564799999999741,0,0,0,1,3.864799999999741,34.84999999999991,24.679999999999836,0.6288492706645091,16.5,0.7678787878787923,5.079999999999927,6.709999999999923,0.804,-1.0,,,9,4,7.0,2024
2024-07-23 09:00:00+00:00|1.0|sess_comp_exp_follow_london_h9_q0.7_tp06_sl065,2024-07-23 09:00:00+00:00,STAGE28A,data/reports/stage28a_discovery_factory_batch_runner/stage28a_exact_trades.csv,session_compression_expansion_v1,sess_comp_exp_follow_london_h9_q0.7_tp06_sl065,1.1764000000001942,0.1264000000001943,-0.5735999999998054,1,0,0,0,0.1264000000001943,28.23999999999978,9.199999999999818,0.34239130434784276,20.019999999999982,0.43806193806193755,6.079999999999927,5.550500000000056,0.456,1.0,,,9,1,7.0,2024
2024-08-01 09:00:00+00:00|-1.0|sess_comp_exp_follow_london_h9_q0.7_tp06_sl065,2024-08-01 09:00:00+00:00,STAGE28A,data/reports/stage28a_discovery_factory_batch_runner/stage28a_exact_trades.csv,session_compression_expansion_v1,sess_comp_exp_follow_london_h9_q0.7_tp06_sl065,-2.711124999999902,-3.7611249999999017,-4.461124999999901,0,0,0,1,3.7611249999999017,46.98999999999978,20.950000000000273,0.23293556085919073,18.829999999999927,0.5268189060010439,4.349999999999909,7.0049999999999955,0.776,-1.0,,,9,3,8.0,2024
2024-08-02 09:00:00+00:00|1.0|sess_comp_exp_follow_london_h9_q0.7_tp06_sl065,2024-08-02 09:00:00+00:00,STAGE28A,data/reports/stage28a_discovery_factory_batch_runner/stage28a_exact_trades.csv,session_compression_expansion_v1,sess_comp_exp_follow_london_h9_q0.7_tp06_sl065,2.202700000000186,1.1527000000001864,0.4527000000001866,1,1,1,0,1.1527000000001864,32.190000000000055,24.539999999999964,0.3793806030970014,14.139999999999873,0.6605374823196768,9.150000000000091,8.087500000000023,0.904,1.0,,,9,4,8.0,2024
2024-08-05 09:00:00+00:00|-1.0|sess_comp_exp_follow_london_h9_q0.7_tp06_sl065,2024-08-05 09:00:00+00:00,STAGE28A,data/reports/stage28a_discovery_factory_batch_runner/stage28a_exact_trades.csv,session_compression_expansion_v1,sess_comp_exp_follow_london_h9_q0.7_tp06_sl065,-4.342949999999837,-5.392949999999837,-6.092949999999837,0,0,0,1,5.392949999999837,9.230000000000018,38.48999999999978,0.24941543257990176,39.67000000000007,0.6765817998487547,20.240000000000236,14.849500000000058,1.0,-1.0,,,9,0,8.0,2024
2024-08-06 09:00:00+00:00|1.0|sess_comp_exp_follow_london_h9_q0.7_tp06_sl065,2024-08-06 09:00:00+00:00,STAGE28A,data/reports/stage28a_discovery_factory_batch_runner/stage28a_exact_trades.csv,session_compression_expansion_v1,sess_comp_exp_follow_london_h9_q0.7_tp06_sl065,1.908400000000165,0.8584000000001653,0.1584000000001655,1,1,1,0,0.8584000000001653,94.65999999999985,13.960000000000036,0.005014326647576184,20.720000000000255,0.20945945945944197,13.66000000000031,11.170500000000107,0.856,1.0,,,9,1,8.0,2024
2024-08-12 09:00:00+00:00|1.0|sess_comp_exp_follow_london_h9_q0.7_tp06_sl065,2024-08-12 09:00:00+00:00,STAGE28A,data/reports/stage28a_discovery_factory_batch_runner/stage28a_exact_trades.csv,session_compression_expansion_v1,sess_comp_exp_follow_london_h9_q0.7_tp06_sl065,-1.8225750000002336,-2.872575000000233,-3.572575000000233,0,0,0,0,2.872575000000233,6.519999999999982,9.389999999999873,0.19914802981894741,16.960000000000036,0.8384433962264283,5.929999999999836,5.5110000000000126,0.072,1.0,,,9,0,8.0,2024
2024-08-14 09:00:00+00:00|1.0|sess_comp_exp_follow_london_h9_q0.7_tp06_sl065,2024-08-14 09:00:00+00:00,STAGE28A,data/reports/stage28a_discovery_factory_batch_runner/stage28a_exact_trades.csv,session_compression_expansion_v1,sess_comp_exp_follow_london_h9_q0.7_tp06_sl065,1.288899999999921,0.2388999999999215,-0.4611000000000782,1,0,1,0,0.2388999999999215,18.51000000000022,17.210000000000036,0.2719349215572505,19.289999999999964,0.6174183514774431,3.269999999999982,5.4965000000000375,0.1,1.0,,,9,2,8.0,2024
2024-08-16 09:00:00+00:00|1.0|sess_comp_exp_follow_london_h9_q0.7_tp06_sl065,2024-08-16 09:00:00+00:00,STAGE28A,data/reports/stage28a_discovery_factory_batch_runner/stage28a_exact_trades.csv,session_compression_expansion_v1,sess_comp_exp_follow_london_h9_q0.7_tp06_sl065,0.9019000000002052,-0.1480999999997947,-0.8480999999997945,0,0,0,0,0.1480999999997947,37.90000000000009,9.2199999999998,0.26030368763559036,13.390000000000327,0.8110530246452473,3.680000000000291,6.6540000000000195,0.536,1.0,,,9,4,8.0,2024
2024-08-20 09:00:00+00:00|1.0|sess_comp_exp_follow_london_h9_q0.7_tp06_sl065,2024-08-20 09:00:00+00:00,STAGE28A,data/reports/stage28a_discovery_factory_batch_runner/stage28a_exact_trades.csv,session_compression_expansion_v1,sess_comp_exp_follow_london_h9_q0.7_tp06_sl065,1.0878999999998995,0.0378999999998996,-0.6621000000001,1,0,0,0,0.0378999999998996,23.800000000000182,9.5,0.2642105263157646,27.909999999999854,0.7115729129344404,4.279999999999745,5.118999999999983,0.072,1.0,,,9,1,8.0,2024
2024-08-26 09:00:00+00:00|1.0|sess_comp_exp_follow_london_h9_q0.7_tp06_sl065,2024-08-26 09:00:00+00:00,STAGE28A,data/reports/stage28a_discovery_factory_batch_runner/stage28a_exact_trades.csv,session_compression_expansion_v1,sess_comp_exp_follow_london_h9_q0.7_tp06_sl065,0.7645000000001346,-0.2854999999998653,-0.985499999999865,0,0,0,0,0.2854999999998653,3.9699999999998,7.550000000000182,0.3894039735099316,17.070000000000164,0.8904510837727081,2.580000000000382,5.449999999999977,0.224,1.0,,,9,0,8.0,2024
2024-08-27 09:00:00+00:00|1.0|sess_comp_exp_follow_london_h9_q0.7_tp06_sl065,2024-08-27 09:00:00+00:00,STAGE28A,data/reports/stage28a_discovery_factory_batch_runner/stage28a_exact_trades.csv,session_compression_expansion_v1,sess_comp_exp_follow_london_h9_q0.7_tp06_sl065,-1.910649999999896,-2.960649999999896,-3.660649999999896,0,0,0,0,2.960649999999896,18.050000000000182,11.989999999999782,0.6905754795662966,13.979999999999563,0.006437768240353958,7.190000000000055,4.811000000000012,0.096,1.0,,,9,1,8.0,2024
2024-08-30 09:00:00+00:00|1.0|sess_comp_exp_follow_london_h9_q0.7_tp06_sl065,2024-08-30 09:00:00+00:00,STAGE28A,data/reports/stage28a_discovery_factory_batch_runner/stage28a_exact_trades.csv,session_compression_expansion_v1,sess_comp_exp_follow_london_h9_q0.7_tp06_sl065,-1.7439249999998538,-2.7939249999998537,-3.4939249999998534,0,0,0,0,2.7939249999998537,25.059999999999945,9.490000000000236,0.7766069546891157,14.860000000000127,0.7301480484522084,3.7800000000002,5.22800000000002,0.264,1.0,,,9,4,8.0,2024
2024-09-03 09:00:00+00:00|1.0|sess_comp_exp_follow_london_h9_q0.7_tp06_sl065,2024-09-03 09:00:00+00:00,STAGE28A,data/reports/stage28a_discovery_factory_batch_runner/stage28a_exact_trades.csv,session_compression_expansion_v1,sess_comp_exp_follow_london_h9_q0.7_tp06_sl065,-1.8485750000000736,-2.8985750000000734,-3.598575000000073,0,0,0,0,2.8985750000000734,17.240000000000236,10.08999999999969,0.2775024777007203,13.659999999999854,0.4612005856515223,3.2199999999998,3.45799999999997,0.004,1.0,,,9,1,9.0,2024
2024-09-04 09:00:00+00:00|-1.0|sess_comp_exp_follow_london_h9_q0.7_tp06_sl065,2024-09-04 09:00:00+00:00,STAGE28A,data/reports/stage28a_discovery_factory_batch_runner/stage28a_exact_trades.csv,session_compression_expansion_v1,sess_comp_exp_follow_london_h9_q0.7_tp06_sl065,-1.505699999999797,-2.555699999999797,-3.2556999999997966,0,0,0,0,2.555699999999797,32.80000000000018,5.679999999999836,0.32922535211266635,24.890000000000327,0.5355564483728488,3.8099999999999454,6.812999999999988,0.904,-1.0,,,9,2,9.0,2024
2024-09-05 09:00:00+00:00|1.0|sess_comp_exp_follow_london_h9_q0.7_tp06_sl065,2024-09-05 09:00:00+00:00,STAGE28A,data/reports/stage28a_discovery_factory_batch_runner/stage28a_exact_trades.csv,session_compression_expansion_v1,sess_comp_exp_follow_london_h9_q0.7_tp06_sl065,-1.5875999999999295,-2.6375999999999293,-3.337599999999929,0,0,0,0,2.6375999999999293,28.620000000000346,4.880000000000109,0.08811475409832514,23.409999999999854,0.8821016659547296,8.38000000000011,4.761500000000046,0.172,1.0,,,9,3,9.0,2024
2024-09-09 09:00:00+00:00|-1.0|sess_comp_exp_follow_london_h9_q0.7_tp06_sl065,2024-09-09 09:00:00+00:00,STAGE28A,data/reports/stage28a_discovery_factory_batch_runner/stage28a_exact_trades.csv,session_compression_expansion_v1,sess_comp_exp_follow_london_h9_q0.7_tp06_sl065,0.8497000000001208,-0.2002999999998791,-0.9002999999998789,0,0,0,0,0.2002999999998791,2.3200000000001637,5.6599999999998545,0.2473498233215772,13.860000000000127,0.20923520923521388,10.779999999999745,7.95799999999997,1.0,-1.0,,,9,0,9.0,2024
2024-09-19 09:00:00+00:00|1.0|sess_comp_exp_follow_london_h9_q0.7_tp06_sl065,2024-09-19 09:00:00+00:00,STAGE28A,data/reports/stage28a_discovery_factory_batch_runner/stage28a_exact_trades.csv,session_compression_expansion_v1,sess_comp_exp_follow_london_h9_q0.7_tp06_sl065,-2.3451750000000176,-3.3951750000000174,-4.095175000000017,0,0,0,1,3.3951750000000174,53.19999999999982,15.420000000000073,0.30998702983136983,35.34999999999991,0.7932107496463943,10.66000000000031,9.074000000000023,1.0,1.0,,,9,3,9.0,2024
2024-09-20 09:00:00+00:00|1.0|sess_comp_exp_follow_london_h9_q0.7_tp06_sl065,2024-09-20 09:00:00+00:00,STAGE28A,data/reports/stage28a_discovery_factory_batch_runner/stage28a_exact_trades.csv,session_compression_expansion_v1,sess_comp_exp_follow_london_h9_q0.7_tp06_sl065,-1.740350000000126,-2.790350000000126,-3.490350000000125,0,0,0,0,2.790350000000126,43.789999999999964,8.75,0.41142857142856104,21.419999999999618,0.6984126984127126,2.7899999999999636,5.507000000000062,0.544,1.0,,,9,4,9.0,2024
2024-09-23 09:00:00+00:00|-1.0|sess_comp_exp_follow_london_h9_q0.7_tp06_sl065,2024-09-23 09:00:00+00:00,STAGE28A,data/reports/stage28a_discovery_factory_batch_runner/stage28a_exact_trades.csv,session_compression_expansion_v1,sess_comp_exp_follow_london_h9_q0.7_tp06_sl065,1.1631999999998697,0.1131999999998698,-0.5868000000001299,1,0,0,0,0.1131999999998698,3.6200000000003456,14.989999999999782,0.5376917945297209,17.51000000000022,0.39634494574528656,4.440000000000055,5.547999999999979,0.54,-1.0,,,9,0,9.0,2024
2024-09-24 09:00:00+00:00|-1.0|sess_comp_exp_follow_london_h9_q0.7_tp06_sl065,2024-09-24 09:00:00+00:00,STAGE28A,data/reports/stage28a_discovery_factory_batch_runner/stage28a_exact_trades.csv,session_compression_expansion_v1,sess_comp_exp_follow_london_h9_q0.7_tp06_sl065,1.3992999999999485,0.3492999999999484,-0.3507000000000513,1,0,1,0,0.3492999999999484,21.01000000000022,12.349999999999909,0.5344129554655837,17.549999999999727,0.1908831908832146,14.929999999999836,4.801000000000068,0.284,-1.0,,,9,1,9.0,2024
2024-10-03 09:00:00+00:00|-1.0|sess_comp_exp_follow_london_h9_q0.7_tp06_sl065,2024-10-03 09:00:00+00:00,STAGE28A,data/reports/stage28a_discovery_factory_batch_runner/stage28a_exact_trades.csv,session_compression_expansion_v1,sess_comp_exp_follow_london_h9_q0.7_tp06_sl065,0.9138999999999214,-0.1361000000000785,-0.8361000000000782,0,0,0,0,0.1361000000000785,22.240000000000236,9.679999999999836,0.3615702479338904,16.659999999999854,0.6818727490996535,4.7599999999997635,5.4365000000000006,0.256,-1.0,,,9,3,10.0,2024
2024-10-07 09:00:00+00:00|1.0|sess_comp_exp_follow_london_h9_q0.7_tp06_sl065,2024-10-07 09:00:00+00:00,STAGE28A,data/reports/stage28a_discovery_factory_batch_runner/stage28a_exact_trades.csv,session_compression_expansion_v1,sess_comp_exp_follow_london_h9_q0.7_tp06_sl065,-1.836225000000104,-2.886225000000104,-3.586225000000104,0,0,0,0,2.886225000000104,2.680000000000291,8.609999999999673,0.3832752613240775,17.8100000000004,0.5081414935429522,7.0,8.270000000000028,0.98,1.0,,,9,0,10.0,2024
2024-10-08 09:00:00+00:00|-1.0|sess_comp_exp_follow_london_h9_q0.7_tp06_sl065,2024-10-08 09:00:00+00:00,STAGE28A,data/reports/stage28a_discovery_factory_batch_runner/stage28a_exact_trades.csv,session_compression_expansion_v1,sess_comp_exp_follow_london_h9_q0.7_tp06_sl065,1.828899999999885,0.7788999999998851,0.0788999999998854,1,1,1,0,0.7788999999998851,22.019999999999982,15.289999999999964,0.07586657946369244,17.820000000000164,0.08810325476992982,4.839999999999691,7.160999999999899,0.76,-1.0,,,9,1,10.0,2024
2024-10-09 09:00:00+00:00|-1.0|sess_comp_exp_follow_london_h9_q0.7_tp06_sl065,2024-10-09 09:00:00+00:00,STAGE28A,data/reports/stage28a_discovery_factory_batch_runner/stage28a_exact_trades.csv,session_compression_expansion_v1,sess_comp_exp_follow_london_h9_q0.7_tp06_sl065,-2.187225000000217,-3.2372250000002167,-3.937225000000217,0,0,0,1,3.2372250000002167,48.34999999999991,9.390000000000327,0.5175718849840211,15.210000000000036,0.05588428665351131,8.690000000000055,7.423500000000013,0.812,-1.0,,,9,2,10.0,2024
2024-10-15 09:00:00+00:00|1.0|sess_comp_exp_follow_london_h9_q0.7_tp06_sl065,2024-10-15 09:00:00+00:00,STAGE28A,data/reports/stage28a_discovery_factory_batch_runner/stage28a_exact_trades.csv,session_compression_expansion_v1,sess_comp_exp_follow_london_h9_q0.7_tp06_sl065,-2.137174999999934,-3.1871749999999337,-3.887174999999933,0,0,0,1,3.1871749999999337,23.659999999999854,8.349999999999909,0.5185628742514939,17.829999999999927,0.448121144139081,6.289999999999964,5.220000000000004,0.084,1.0,,,9,1,10.0,2024
2024-10-24 09:00:00+00:00|1.0|sess_comp_exp_follow_london_h9_q0.7_tp06_sl065,2024-10-24 09:00:00+00:00,STAGE28A,data/reports/stage28a_discovery_factory_batch_runner/stage28a_exact_trades.csv,session_compression_expansion_v1,sess_comp_exp_follow_london_h9_q0.7_tp06_sl065,-1.8875749999998332,-2.9375749999998333,-3.637574999999833,0,0,0,0,2.9375749999998333,49.92000000000007,12.279999999999745,0.39576547231272213,16.420000000000073,0.8361753958587063,3.9400000000000546,6.275000000000046,0.792,1.0,,,9,3,10.0,2024
2024-10-28 09:00:00+00:00|-1.0|sess_comp_exp_follow_london_h9_q0.7_tp06_sl065,2024-10-28 09:00:00+00:00,STAGE28A,data/reports/stage28a_discovery_factory_batch_runner/stage28a_exact_trades.csv,session_compression_expansion_v1,sess_comp_exp_follow_london_h9_q0.7_tp06_sl065,1.4302000000001498,0.38020000000015,-0.3197999999998497,1,0,1,0,0.38020000000015,10.010000000000218,15.480000000000018,0.062015503875941895,16.909999999999854,0.06386753400357134,7.039999999999964,6.245000000000073,0.808,-1.0,,,9,0,10.0,2024
2024-11-06 09:00:00+00:00|-1.0|sess_comp_exp_follow_london_h9_q0.7_tp06_sl065,2024-11-06 09:00:00+00:00,STAGE28A,data/reports/stage28a_discovery_factory_batch_runner/stage28a_exact_trades.csv,session_compression_expansion_v1,sess_comp_exp_follow_london_h9_q0.7_tp06_sl065,4.418799999999829,3.3687999999998284,2.6687999999998286,1,1,1,0,3.3687999999998284,25.340000000000146,18.98999999999978,0.20326487625066728,42.35999999999967,0.5153446647780948,38.0,9.56299999999992,1.0,-1.0,,,9,2,11.0,2024
2024-11-08 09:00:00+00:00|-1.0|sess_comp_exp_follow_london_h9_q0.7_tp06_sl065,2024-11-08 09:00:00+00:00,STAGE28A,data/reports/stage28a_discovery_factory_batch_runner/stage28a_exact_trades.csv,session_compression_expansion_v1,sess_comp_exp_follow_london_h9_q0.7_tp06_sl065,-2.231750000000011,-3.281750000000011,-3.9817500000000106,0,0,0,1,3.281750000000011,66.90999999999985,17.09999999999991,0.7777777777777659,16.240000000000236,0.3232758620689608,9.909999999999854,7.611999999999966,0.808,-1.0,,,9,4,11.0,2024
2024-11-12 09:00:00+00:00|-1.0|sess_comp_exp_follow_london_h9_q0.7_tp06_sl065,2024-11-12 09:00:00+00:00,STAGE28A,data/reports/stage28a_discovery_factory_batch_runner/stage28a_exact_trades.csv,session_compression_expansion_v1,sess_comp_exp_follow_london_h9_q0.7_tp06_sl065,1.778200000000106,0.7282000000001063,0.0282000000001065,1,1,1,0,0.7282000000001063,75.67999999999984,11.579999999999927,0.5397236614853229,28.460000000000036,0.7350667603654267,6.699999999999818,7.711499999999956,0.736,-1.0,,,9,1,11.0,2024
2024-11-14 09:00:00+00:00|-1.0|sess_comp_exp_follow_london_h9_q0.7_tp06_sl065,2024-11-14 09:00:00+00:00,STAGE28A,data/reports/stage28a_discovery_factory_batch_runner/stage28a_exact_trades.csv,session_compression_expansion_v1,sess_comp_exp_follow_london_h9_q0.7_tp06_sl065,-2.489799999999923,-3.539799999999923,-4.2397999999999225,0,0,0,1,3.539799999999923,48.070000000000164,22.389999999999873,0.25949084412684137,28.460000000000036,0.6398453970484895,8.639999999999873,8.621499999999992,0.88,-1.0,,,9,3,11.0,2024
2024-11-18 09:00:00+00:00|1.0|sess_comp_exp_follow_london_h9_q0.7_tp06_sl065,2024-11-18 09:00:00+00:00,STAGE28A,data/reports/stage28a_discovery_factory_batch_runner/stage28a_exact_trades.csv,session_compression_expansion_v1,sess_comp_exp_follow_london_h9_q0.7_tp06_sl065,-2.159925000000021,-3.209925000000021,-3.9099250000000207,0,0,0,1,3.209925000000021,13.230000000000018,34.88000000000011,0.5997706422018351,16.840000000000146,0.1057007125890576,7.269999999999982,8.509000000000015,0.8,1.0,,,9,0,11.0,2024
2024-11-19 09:00:00+00:00|1.0|sess_comp_exp_follow_london_h9_q0.7_tp06_sl065,2024-11-19 09:00:00+00:00,STAGE28A,data/reports/stage28a_discovery_factory_batch_runner/stage28a_exact_trades.csv,session_compression_expansion_v1,sess_comp_exp_follow_london_h9_q0.7_tp06_sl065,1.2976000000002386,0.2476000000002387,-0.452399999999761,1,0,1,0,0.2476000000002387,52.84999999999991,15.36999999999989,0.6649316851008671,18.710000000000036,0.659005879208974,5.190000000000055,5.09950000000008,0.008,1.0,,,9,1,11.0,2024
2024-11-20 09:00:00+00:00|-1.0|sess_comp_exp_follow_london_h9_q0.7_tp06_sl065,2024-11-20 09:00:00+00:00,STAGE28A,data/reports/stage28a_discovery_factory_batch_runner/stage28a_exact_trades.csv,session_compression_expansion_v1,sess_comp_exp_follow_london_h9_q0.7_tp06_sl065,1.0032999999997627,-0.0467000000002371,-0.7467000000002368,0,0,0,0,0.0467000000002371,29.179999999999836,10.159999999999854,0.14763779527559268,19.740000000000236,0.5916919959472997,8.420000000000073,5.8315000000000285,0.076,-1.0,,,9,2,11.0,2024
2024-11-21 09:00:00+00:00|1.0|sess_comp_exp_follow_london_h9_q0.7_tp06_sl065,2024-11-21 09:00:00+00:00,STAGE28A,data/reports/stage28a_discovery_factory_batch_runner/stage28a_exact_trades.csv,session_compression_expansion_v1,sess_comp_exp_follow_london_h9_q0.7_tp06_sl065,0.968199999999706,-0.0818000000002938,-0.7818000000002936,0,0,0,0,0.0818000000002938,36.64000000000033,11.610000000000127,0.41860465116279705,17.059999999999945,0.759671746776089,5.649999999999636,6.037999999999966,0.188,1.0,,,9,3,11.0,2024
2024-11-22 09:00:00+00:00|1.0|sess_comp_exp_follow_london_h9_q0.7_tp06_sl065,2024-11-22 09:00:00+00:00,STAGE28A,data/reports/stage28a_discovery_factory_batch_runner/stage28a_exact_trades.csv,session_compression_expansion_v1,sess_comp_exp_follow_london_h9_q0.7_tp06_sl065,1.7560000000002218,0.706000000000222,0.0060000000002222,1,1,1,0,0.706000000000222,24.63000000000011,24.070000000000164,0.8109680099709308,25.440000000000055,0.7425314465408739,7.329999999999927,6.574499999999989,0.372,1.0,,,9,4,11.0,2024
2024-11-25 09:00:00+00:00|1.0|sess_comp_exp_follow_london_h9_q0.7_tp06_sl065,2024-11-25 09:00:00+00:00,STAGE28A,data/reports/stage28a_discovery_factory_batch_runner/stage28a_exact_trades.csv,session_compression_expansion_v1,sess_comp_exp_follow_london_h9_q0.7_tp06_sl065,3.86349999999984,2.81349999999984,2.1134999999998403,1,1,1,0,2.81349999999984,16.51000000000022,62.039999999999964,0.7633784655061202,19.73999999999978,0.26443768996959766,8.320000000000164,11.677500000000032,0.996,1.0,,,9,0,11.0,2024
2024-11-26 09:00:00+00:00|-1.0|sess_comp_exp_follow_london_h9_q0.7_tp06_sl065,2024-11-26 09:00:00+00:00,STAGE28A,data/reports/stage28a_discovery_factory_batch_runner/stage28a_exact_trades.csv,session_compression_expansion_v1,sess_comp_exp_follow_london_h9_q0.7_tp06_sl065,1.546900000000187,0.4969000000001871,-0.2030999999998126,1,0,1,0,0.4969000000001871,111.38000000000011,27.059999999999945,0.588322246858836,22.259999999999764,0.22192273135669843,4.860000000000127,12.17100000000005,0.936,-1.0,,,9,1,11.0,2024
2024-11-28 09:00:00+00:00|1.0|sess_comp_exp_follow_london_h9_q0.7_tp06_sl065,2024-11-28 09:00:00+00:00,STAGE28A,data/reports/stage28a_discovery_factory_batch_runner/stage28a_exact_trades.csv,session_compression_expansion_v1,sess_comp_exp_follow_london_h9_q0.7_tp06_sl065,-2.220374999999968,-3.270374999999967,-3.970374999999967,0,0,0,1,3.270374999999967,31.329999999999927,17.48999999999978,0.33390508862208224,19.41000000000031,0.8377125193199126,7.730000000000018,6.691999999999939,0.404,1.0,,,9,3,11.0,2024
2024-12-09 09:00:00+00:00|1.0|sess_comp_exp_follow_london_h9_q0.7_tp06_sl065,2024-12-09 09:00:00+00:00,STAGE28A,data/reports/stage28a_discovery_factory_batch_runner/stage28a_exact_trades.csv,session_compression_expansion_v1,sess_comp_exp_follow_london_h9_q0.7_tp06_sl065,1.701100000000133,0.6511000000001332,-0.0488999999998664,1,0,1,0,0.6511000000001332,11.929999999999836,23.019999999999982,0.1776715899218136,22.470000000000255,0.9577214063195255,6.2800000000002,8.517499999999995,0.728,1.0,,,9,0,12.0,2024
2024-12-11 09:00:00+00:00|1.0|sess_comp_exp_follow_london_h9_q0.7_tp06_sl065,2024-12-11 09:00:00+00:00,STAGE28A,data/reports/stage28a_discovery_factory_batch_runner/stage28a_exact_trades.csv,session_compression_expansion_v1,sess_comp_exp_follow_london_h9_q0.7_tp06_sl065,3.0183999999998377,1.9683999999998376,1.268399999999838,1,1,1,0,1.9683999999998376,38.01999999999998,21.779999999999745,0.5335169880624439,25.350000000000364,0.3932938856015823,11.579999999999927,7.65600000000004,0.756,1.0,,,9,2,12.0,2024
2024-12-13 09:00:00+00:00|-1.0|sess_comp_exp_follow_london_h9_q0.7_tp06_sl065,2024-12-13 09:00:00+00:00,STAGE28A,data/reports/stage28a_discovery_factory_batch_runner/stage28a_exact_trades.csv,session_compression_expansion_v1,sess_comp_exp_follow_london_h9_q0.7_tp06_sl065,-2.1527750000001107,-3.2027750000001105,-3.9027750000001102,0,0,0,1,3.2027750000001105,51.2199999999998,13.740000000000236,0.4832605531295312,25.5,0.8109803921568741,7.230000000000018,6.776000000000044,0.532,-1.0,,,9,4,12.0,2024
2024-12-17 09:00:00+00:00|-1.0|sess_comp_exp_follow_london_h9_q0.7_tp06_sl065,2024-12-17 09:00:00+00:00,STAGE28A,data/reports/stage28a_discovery_factory_batch_runner/stage28a_exact_trades.csv,session_compression_expansion_v1,sess_comp_exp_follow_london_h9_q0.7_tp06_sl065,1.2279999999999744,0.1779999999999746,-0.5220000000000251,1,0,1,0,0.1779999999999746,20.75,7.650000000000091,0.006535947712442001,19.0300000000002,0.7157120336311195,8.190000000000055,4.888999999999987,0.04,-1.0,,,9,1,12.0,2024
2024-12-19 09:00:00+00:00|1.0|sess_comp_exp_follow_london_h9_q0.7_tp06_sl065,2024-12-19 09:00:00+00:00,STAGE28A,data/reports/stage28a_discovery_factory_batch_runner/stage28a_exact_trades.csv,session_compression_expansion_v1,sess_comp_exp_follow_london_h9_q0.7_tp06_sl065,-2.6058250000001864,-3.655825000000186,-4.355825000000186,0,0,0,1,3.655825000000186,68.09999999999991,35.460000000000036,0.5930626057529661,23.2800000000002,0.4463058419243893,10.849999999999909,9.716000000000054,1.0,1.0,,,9,3,12.0,2024
2025-01-16 09:00:00+00:00|1.0|sess_comp_exp_follow_london_h9_q0.7_tp06_sl065,2025-01-16 09:00:00+00:00,STAGE28A,data/reports/stage28a_discovery_factory_batch_runner/stage28a_exact_trades.csv,session_compression_expansion_v1,sess_comp_exp_follow_london_h9_q0.7_tp06_sl065,-1.665599999999904,-2.715599999999904,-3.415599999999904,0,0,0,0,2.715599999999904,28.210000000000036,9.349999999999909,0.27593582887700024,18.529999999999745,0.5553157042633624,5.339999999999691,5.6284999999999625,0.484,1.0,,,9,3,1.0,2025
2025-01-21 09:00:00+00:00|-1.0|sess_comp_exp_follow_london_h9_q0.7_tp06_sl065,2025-01-21 09:00:00+00:00,STAGE28A,data/reports/stage28a_discovery_factory_batch_runner/stage28a_exact_trades.csv,session_compression_expansion_v1,sess_comp_exp_follow_london_h9_q0.7_tp06_sl065,1.456300000000192,0.4063000000001922,-0.2936999999998075,1,0,1,0,0.4063000000001922,24.550000000000182,25.09999999999991,0.6749003984063792,15.799999999999727,0.4974683544303964,5.9099999999998545,6.606499999999983,0.856,-1.0,,,9,1,1.0,2025
2025-01-22 09:00:00+00:00|1.0|sess_comp_exp_follow_london_h9_q0.7_tp06_sl065,2025-01-22 09:00:00+00:00,STAGE28A,data/reports/stage28a_discovery_factory_batch_runner/stage28a_exact_trades.csv,session_compression_expansion_v1,sess_comp_exp_follow_london_h9_q0.7_tp06_sl065,-2.095574999999917,-3.145574999999917,-3.8455749999999167,0,0,0,1,3.145574999999917,43.279999999999745,10.9699999999998,0.711030082041962,17.90000000000009,0.44525139664803126,12.720000000000255,6.002999999999974,0.652,1.0,,,9,2,1.0,2025
2025-01-27 09:00:00+00:00|1.0|sess_comp_exp_follow_london_h9_q0.7_tp06_sl065,2025-01-27 09:00:00+00:00,STAGE28A,data/reports/stage28a_discovery_factory_batch_runner/stage28a_exact_trades.csv,session_compression_expansion_v1,sess_comp_exp_follow_london_h9_q0.7_tp06_sl065,1.333899999999994,0.2838999999999942,-0.4161000000000054,1,0,1,0,0.2838999999999942,5.839999999999691,18.460000000000036,0.49620801733476905,23.769999999999982,0.4030290281867873,4.349999999999909,5.985499999999979,0.584,1.0,,,9,0,1.0,2025
2025-01-30 09:00:00+00:00|1.0|sess_comp_exp_follow_london_h9_q0.7_tp06_sl065,2025-01-30 09:00:00+00:00,STAGE28A,data/reports/stage28a_discovery_factory_batch_runner/stage28a_exact_trades.csv,session_compression_expansion_v1,sess_comp_exp_follow_london_h9_q0.7_tp06_sl065,-1.5284499999998844,-2.578449999999884,-3.278449999999884,0,0,0,0,2.578449999999884,21.470000000000255,5.330000000000382,0.035647279549726255,20.539999999999964,0.8695228821811177,6.190000000000055,5.074000000000046,0.268,1.0,,,9,3,1.0,2025
2025-02-03 09:00:00+00:00|1.0|sess_comp_exp_follow_london_h9_q0.7_tp06_sl065,2025-02-03 09:00:00+00:00,STAGE28A,data/reports/stage28a_discovery_factory_batch_runner/stage28a_exact_trades.csv,session_compression_expansion_v1,sess_comp_exp_follow_london_h9_q0.7_tp06_sl065,-2.6597750000001725,-3.709775000000173,-4.409775000000172,0,0,0,1,3.709775000000173,20.699999999999818,31.9699999999998,0.37566468564278505,20.809999999999945,0.8279673234022136,5.179999999999836,9.236500000000001,0.992,1.0,,,9,0,2.0,2025
2025-02-05 09:00:00+00:00|1.0|sess_comp_exp_follow_london_h9_q0.7_tp06_sl065,2025-02-05 09:00:00+00:00,STAGE28A,data/reports/stage28a_discovery_factory_batch_runner/stage28a_exact_trades.csv,session_compression_expansion_v1,sess_comp_exp_follow_london_h9_q0.7_tp06_sl065,-2.2194000000000416,-3.2694000000000414,-3.969400000000041,0,0,0,1,3.2694000000000414,38.25,18.450000000000273,0.7501355013550104,23.690000000000055,0.5293372731110145,4.9699999999998,6.966000000000031,0.736,1.0,,,9,2,2.0,2025
2025-02-06 09:00:00+00:00|-1.0|sess_comp_exp_follow_london_h9_q0.7_tp06_sl065,2025-02-06 09:00:00+00:00,STAGE28A,data/reports/stage28a_discovery_factory_batch_runner/stage28a_exact_trades.csv,session_compression_expansion_v1,sess_comp_exp_follow_london_h9_q0.7_tp06_sl065,-2.3107249999999118,-3.360724999999911,-4.060724999999911,0,0,0,1,3.360724999999911,42.960000000000036,9.550000000000182,0.08167539267017647,22.480000000000018,0.4181494661921745,13.700000000000273,7.517499999999996,0.792,-1.0,,,9,3,2.0,2025
2025-02-10 09:00:00+00:00|1.0|sess_comp_exp_follow_london_h9_q0.7_tp06_sl065,2025-02-10 09:00:00+00:00,STAGE28A,data/reports/stage28a_discovery_factory_batch_runner/stage28a_exact_trades.csv,session_compression_expansion_v1,sess_comp_exp_follow_london_h9_q0.7_tp06_sl065,-2.1170250000001034,-3.1670250000001032,-3.867025000000103,0,0,0,1,3.1670250000001032,14.0,23.190000000000055,0.5066839154808095,30.40000000000009,0.7578947368421018,13.329999999999927,9.13449999999998,0.94,1.0,,,9,0,2.0,2025
2025-02-11 09:00:00+00:00|-1.0|sess_comp_exp_follow_london_h9_q0.7_tp06_sl065,2025-02-11 09:00:00+00:00,STAGE28A,data/reports/stage28a_discovery_factory_batch_runner/stage28a_exact_trades.csv,session_compression_expansion_v1,sess_comp_exp_follow_london_h9_q0.7_tp06_sl065,3.6820000000001527,2.632000000000153,1.9320000000001527,1,1,1,0,2.632000000000153,62.570000000000164,38.029999999999745,0.0381277938469584,27.429999999999836,0.49362012395187915,13.929999999999836,10.47650000000001,1.0,-1.0,,,9,1,2.0,2025
2025-02-17 09:00:00+00:00|1.0|sess_comp_exp_follow_london_h9_q0.7_tp06_sl065,2025-02-17 09:00:00+00:00,STAGE28A,data/reports/stage28a_discovery_factory_batch_runner/stage28a_exact_trades.csv,session_compression_expansion_v1,sess_comp_exp_follow_london_h9_q0.7_tp06_sl065,-2.892149999999765,-3.942149999999765,-4.642149999999765,0,0,0,1,3.942149999999765,15.88000000000011,26.809999999999945,0.7411413651622673,18.269999999999982,0.20634920634920556,9.609999999999673,10.969499999999925,0.968,1.0,,,9,0,2.0,2025
2025-02-19 09:00:00+00:00|1.0|sess_comp_exp_follow_london_h9_q0.7_tp06_sl065,2025-02-19 09:00:00+00:00,STAGE28A,data/reports/stage28a_discovery_factory_batch_runner/stage28a_exact_trades.csv,session_compression_expansion_v1,sess_comp_exp_follow_london_h9_q0.7_tp06_sl065,-2.329899999999816,-3.379899999999816,-4.079899999999816,0,0,0,1,3.379899999999816,45.25,15.480000000000018,0.31330749354004545,19.0,0.8199999999999962,5.179999999999836,6.528999999999996,0.264,1.0,,,9,2,2.0,2025
2025-02-20 09:00:00+00:00|1.0|sess_comp_exp_follow_london_h9_q0.7_tp06_sl065,2025-02-20 09:00:00+00:00,STAGE28A,data/reports/stage28a_discovery_factory_batch_runner/stage28a_exact_trades.csv,session_compression_expansion_v1,sess_comp_exp_follow_london_h9_q0.7_tp06_sl065,-2.109224999999788,-3.1592249999997875,-3.859224999999787,0,0,0,1,3.1592249999997875,28.440000000000055,11.75,0.3948936170213045,15.509999999999764,0.7949709864603556,5.039999999999964,7.255499999999984,0.416,1.0,,,9,3,2.0,2025
2025-02-21 09:00:00+00:00|1.0|sess_comp_exp_follow_london_h9_q0.7_tp06_sl065,2025-02-21 09:00:00+00:00,STAGE28A,data/reports/stage28a_discovery_factory_batch_runner/stage28a_exact_trades.csv,session_compression_expansion_v1,sess_comp_exp_follow_london_h9_q0.7_tp06_sl065,-2.8073249999998557,-3.857324999999855,-4.557324999999855,0,0,0,1,3.857324999999855,30.779999999999745,23.40000000000009,0.5564102564102534,17.309999999999945,0.11900635470825835,5.699999999999818,8.968000000000028,0.84,1.0,,,9,4,2.0,2025
2025-02-27 09:00:00+00:00|-1.0|sess_comp_exp_follow_london_h9_q0.7_tp06_sl065,2025-02-27 09:00:00+00:00,STAGE28A,data/reports/stage28a_discovery_factory_batch_runner/stage28a_exact_trades.csv,session_compression_expansion_v1,sess_comp_exp_follow_london_h9_q0.7_tp06_sl065,1.96899999999996,0.91899999999996,0.2189999999999603,1,1,1,0,0.91899999999996,39.42000000000007,24.509999999999764,0.8869849041207667,21.610000000000127,0.2512725590004537,7.730000000000018,6.899000000000046,0.348,-1.0,,,9,3,2.0,2025
2025-02-28 09:00:00+00:00|-1.0|sess_comp_exp_follow_london_h9_q0.7_tp06_sl065,2025-02-28 09:00:00+00:00,STAGE28A,data/reports/stage28a_discovery_factory_batch_runner/stage28a_exact_trades.csv,session_compression_expansion_v1,sess_comp_exp_follow_london_h9_q0.7_tp06_sl065,1.8915999999998347,0.8415999999998349,0.1415999999998352,1,1,1,0,0.8415999999998349,53.149999999999636,28.039999999999964,0.44721825962910056,15.940000000000055,0.04454203262233588,4.710000000000036,8.572499999999991,0.72,-1.0,,,9,4,2.0,2025
2025-03-04 09:00:00+00:00|1.0|sess_comp_exp_follow_london_h9_q0.7_tp06_sl065,2025-03-04 09:00:00+00:00,STAGE28A,data/reports/stage28a_discovery_factory_batch_runner/stage28a_exact_trades.csv,session_compression_expansion_v1,sess_comp_exp_follow_london_h9_q0.7_tp06_sl065,-2.283100000000195,-3.333100000000195,-4.033100000000195,0,0,0,1,3.333100000000195,39.940000000000055,11.83999999999969,0.03378378378375394,36.98000000000002,0.6311519740400252,5.610000000000127,7.185000000000059,0.328,1.0,,,9,1,3.0,2025
2025-03-06 09:00:00+00:00|-1.0|sess_comp_exp_follow_london_h9_q0.7_tp06_sl065,2025-03-06 09:00:00+00:00,STAGE28A,data/reports/stage28a_discovery_factory_batch_runner/stage28a_exact_trades.csv,session_compression_expansion_v1,sess_comp_exp_follow_london_h9_q0.7_tp06_sl065,1.1590000000000145,0.1090000000000146,-0.5909999999999851,1,0,0,0,0.1090000000000146,35.82999999999993,10.510000000000218,0.08658420551858138,31.970000000000255,0.5711604629339887,3.25,8.029000000000043,0.444,-1.0,,,9,3,3.0,2025
2025-03-07 09:00:00+00:00|1.0|sess_comp_exp_follow_london_h9_q0.7_tp06_sl065,2025-03-07 09:00:00+00:00,STAGE28A,data/reports/stage28a_discovery_factory_batch_runner/stage28a_exact_trades.csv,session_compression_expansion_v1,sess_comp_exp_follow_london_h9_q0.7_tp06_sl065,-2.128075000000172,-3.178075000000172,-3.8780750000001714,0,0,0,1,3.178075000000172,35.41000000000031,18.309999999999945,0.1982523211359978,16.63000000000011,0.6806975345760454,7.069999999999709,8.09149999999995,0.408,1.0,,,9,4,3.0,2025
2025-03-10 09:00:00+00:00|1.0|sess_comp_exp_follow_london_h9_q0.7_tp06_sl065,2025-03-10 09:00:00+00:00,STAGE28A,data/reports/stage28a_discovery_factory_batch_runner/stage28a_exact_trades.csv,session_compression_expansion_v1,sess_comp_exp_follow_london_h9_q0.7_tp06_sl065,1.2384999999998398,0.18849999999984,-0.5115000000001597,1,0,1,0,0.18849999999984,7.430000000000291,10.139999999999873,0.0009861932939071404,18.789999999999964,0.4326769558275503,5.239999999999782,8.058000000000016,0.388,1.0,,,9,0,3.0,2025
2025-03-11 09:00:00+00:00|1.0|sess_comp_exp_follow_london_h9_q0.7_tp06_sl065,2025-03-11 09:00:00+00:00,STAGE28A,data/reports/stage28a_discovery_factory_batch_runner/stage28a_exact_trades.csv,session_compression_expansion_v1,sess_comp_exp_follow_london_h9_q0.7_tp06_sl065,1.3227999999998246,0.2727999999998247,-0.427200000000175,1,0,1,0,0.2727999999998247,38.289999999999964,20.169999999999618,0.4615765989092772,21.789999999999964,0.6608536025699915,9.319999999999709,7.838999999999873,0.312,1.0,,,9,1,3.0,2025
2025-03-12 09:00:00+00:00|-1.0|sess_comp_exp_follow_london_h9_q0.7_tp06_sl065,2025-03-12 09:00:00+00:00,STAGE28A,data/reports/stage28a_discovery_factory_batch_runner/stage28a_exact_trades.csv,session_compression_expansion_v1,sess_comp_exp_follow_london_h9_q0.7_tp06_sl065,1.3065999999997984,0.2565999999997985,-0.4434000000002012,1,0,1,0,0.2565999999997985,41.909999999999854,9.090000000000146,0.10121012101205756,16.450000000000273,0.043161094224925506,9.789999999999964,5.554499999999962,0.016,-1.0,,,9,2,3.0,2025
2025-03-14 09:00:00+00:00|1.0|sess_comp_exp_follow_london_h9_q0.7_tp06_sl065,2025-03-14 09:00:00+00:00,STAGE28A,data/reports/stage28a_discovery_factory_batch_runner/stage28a_exact_trades.csv,session_compression_expansion_v1,sess_comp_exp_follow_london_h9_q0.7_tp06_sl065,1.5304000000000086,0.4804000000000088,-0.2195999999999909,1,0,1,0,0.4804000000000088,56.50999999999976,12.150000000000091,0.27160493827158044,24.0,0.32583333333334014,6.449999999999818,7.644999999999982,0.392,1.0,,,9,4,3.0,2025
2025-03-18 09:00:00+00:00|1.0|sess_comp_exp_follow_london_h9_q0.7_tp06_sl065,2025-03-18 09:00:00+00:00,STAGE28A,data/reports/stage28a_discovery_factory_batch_runner/stage28a_exact_trades.csv,session_compression_expansion_v1,sess_comp_exp_follow_london_h9_q0.7_tp06_sl065,-2.632799999999952,-3.682799999999952,-4.382799999999952,0,0,0,1,3.682799999999952,20.670000000000073,17.58999999999969,0.8095508811824919,22.340000000000146,0.4185317815577372,6.989999999999782,5.907500000000004,0.152,1.0,,,9,1,3.0,2025
2025-03-19 09:00:00+00:00|-1.0|sess_comp_exp_follow_london_h9_q0.7_tp06_sl065,2025-03-19 09:00:00+00:00,STAGE28A,data/reports/stage28a_discovery_factory_batch_runner/stage28a_exact_trades.csv,session_compression_expansion_v1,sess_comp_exp_follow_london_h9_q0.7_tp06_sl065,-2.549274999999944,-3.599274999999943,-4.299274999999943,0,0,0,1,3.599274999999943,38.73999999999978,11.580000000000382,0.2573402417961934,22.529999999999745,0.08521970705726119,10.259999999999764,5.880999999999995,0.168,-1.0,,,9,2,3.0,2025
2025-03-26 09:00:00+00:00|1.0|sess_comp_exp_follow_london_h9_q0.7_tp06_sl065,2025-03-26 09:00:00+00:00,STAGE28A,data/reports/stage28a_discovery_factory_batch_runner/stage28a_exact_trades.csv,session_compression_expansion_v1,sess_comp_exp_follow_london_h9_q0.7_tp06_sl065,1.1242000000001098,0.0742000000001099,-0.6257999999998898,1,0,0,0,0.0742000000001099,28.480000000000018,12.690000000000055,0.3065405831363165,18.789999999999964,0.4220329962746063,4.1899999999996,5.6259999999999994,0.12,1.0,,,9,2,3.0,2025
2025-03-28 09:00:00+00:00|-1.0|sess_comp_exp_follow_london_h9_q0.7_tp06_sl065,2025-03-28 09:00:00+00:00,STAGE28A,data/reports/stage28a_discovery_factory_batch_runner/stage28a_exact_trades.csv,session_compression_expansion_v1,sess_comp_exp_follow_london_h9_q0.7_tp06_sl065,-2.474200000000201,-3.5242000000002007,-4.2242000000002005,0,0,0,1,3.5242000000002007,42.07999999999993,23.289999999999964,0.7745813653928721,19.770000000000437,0.018715225088535025,8.220000000000255,7.275000000000023,0.716,-1.0,,,9,4,3.0,2025
2025-03-31 09:00:00+00:00|1.0|sess_comp_exp_follow_london_h9_q0.7_tp06_sl065,2025-03-31 09:00:00+00:00,STAGE28A,data/reports/stage28a_discovery_factory_batch_runner/stage28a_exact_trades.csv,session_compression_expansion_v1,sess_comp_exp_follow_london_h9_q0.7_tp06_sl065,-4.349124999999821,-5.399124999999822,-6.099124999999821,0,0,0,1,5.399124999999822,12.38000000000011,34.820000000000164,0.49109707064904734,22.2199999999998,0.3510351035103419,12.180000000000291,9.99200000000003,0.996,1.0,,,9,0,3.0,2025
2025-04-01 09:00:00+00:00|-1.0|sess_comp_exp_follow_london_h9_q0.7_tp06_sl065,2025-04-01 09:00:00+00:00,STAGE28A,data/reports/stage28a_discovery_factory_batch_runner/stage28a_exact_trades.csv,session_compression_expansion_v1,sess_comp_exp_follow_london_h9_q0.7_tp06_sl065,2.294800000000032,1.244800000000032,0.5448000000000324,1,1,1,0,1.244800000000032,51.42000000000007,27.210000000000036,0.8515251745681582,24.809999999999945,0.5630794034663373,18.449999999999818,9.038999999999941,0.888,-1.0,,,9,1,4.0,2025
2025-04-02 09:00:00+00:00|1.0|sess_comp_exp_follow_london_h9_q0.7_tp06_sl065,2025-04-02 09:00:00+00:00,STAGE28A,data/reports/stage28a_discovery_factory_batch_runner/stage28a_exact_trades.csv,session_compression_expansion_v1,sess_comp_exp_follow_london_h9_q0.7_tp06_sl065,2.148700000000099,1.098700000000099,0.3987000000000993,1,1,1,0,1.098700000000099,48.38000000000011,27.879999999999654,0.5068149210903976,24.329999999999927,0.23386765310316776,9.570000000000164,9.11550000000002,0.856,1.0,,,9,2,4.0,2025
2025-04-03 09:00:00+00:00|-1.0|sess_comp_exp_follow_london_h9_q0.7_tp06_sl065,2025-04-03 09:00:00+00:00,STAGE28A,data/reports/stage28a_discovery_factory_batch_runner/stage28a_exact_trades.csv,session_compression_expansion_v1,sess_comp_exp_follow_london_h9_q0.7_tp06_sl065,3.2647000000000843,2.2147000000000845,1.5147000000000848,1,1,1,0,2.2147000000000845,41.36000000000013,45.86000000000013,0.04513737461839737,33.409999999999854,0.7934750074827995,16.789999999999964,14.777999999999997,1.0,-1.0,,,9,3,4.0,2025
2025-04-04 09:00:00+00:00|-1.0|sess_comp_exp_follow_london_h9_q0.7_tp06_sl065,2025-04-04 09:00:00+00:00,STAGE28A,data/reports/stage28a_discovery_factory_batch_runner/stage28a_exact_trades.csv,session_compression_expansion_v1,sess_comp_exp_follow_london_h9_q0.7_tp06_sl065,3.249699999999757,2.199699999999757,1.4996999999997571,1,1,1,0,2.199699999999757,113.61000000000013,29.670000000000073,0.572295247724974,31.329999999999927,0.25247366741143723,9.970000000000255,16.833500000000072,0.956,-1.0,,,9,4,4.0,2025
2025-04-07 09:00:00+00:00|1.0|sess_comp_exp_follow_london_h9_q0.7_tp06_sl065,2025-04-07 09:00:00+00:00,STAGE28A,data/reports/stage28a_discovery_factory_batch_runner/stage28a_exact_trades.csv,session_compression_expansion_v1,sess_comp_exp_follow_london_h9_q0.7_tp06_sl065,-8.860449999999764,-9.910449999999765,-10.610449999999764,0,0,0,1,9.910449999999765,31.919999999999618,84.09999999999991,0.11319857312722939,31.210000000000036,0.19801345722524283,19.720000000000255,30.0329999999999,0.992,1.0,,,9,0,4.0,2025
2025-04-08 09:00:00+00:00|1.0|sess_comp_exp_follow_london_h9_q0.7_tp06_sl065,2025-04-08 09:00:00+00:00,STAGE28A,data/reports/stage28a_discovery_factory_batch_runner/stage28a_exact_trades.csv,session_compression_expansion_v1,sess_comp_exp_follow_london_h9_q0.7_tp06_sl065,3.248199999999906,2.1981999999999062,1.4981999999999065,1,1,1,0,2.1981999999999062,99.02999999999975,26.2800000000002,0.3047945205479339,24.710000000000036,0.4900849858356985,8.670000000000073,15.957500000000028,0.768,1.0,,,9,1,4.0,2025
2025-04-09 09:00:00+00:00|1.0|sess_comp_exp_follow_london_h9_q0.7_tp06_sl065,2025-04-09 09:00:00+00:00,STAGE28A,data/reports/stage28a_discovery_factory_batch_runner/stage28a_exact_trades.csv,session_compression_expansion_v1,sess_comp_exp_follow_london_h9_q0.7_tp06_sl065,-5.414800000000104,-6.464800000000105,-7.164800000000104,0,0,0,1,6.464800000000105,47.98000000000002,41.13999999999987,0.5486144871171555,52.7800000000002,0.7663887836301566,15.050000000000182,14.241499999999997,0.7,1.0,,,9,2,4.0,2025
2025-04-10 09:00:00+00:00|-1.0|sess_comp_exp_follow_london_h9_q0.7_tp06_sl065,2025-04-10 09:00:00+00:00,STAGE28A,data/reports/stage28a_discovery_factory_batch_runner/stage28a_exact_trades.csv,session_compression_expansion_v1,sess_comp_exp_follow_london_h9_q0.7_tp06_sl065,4.841200000000208,3.791200000000208,3.0912000000002084,1,1,1,0,3.791200000000208,129.6500000000001,60.11999999999989,0.7538256819693986,29.460000000000036,0.30040733197557207,19.7800000000002,21.40850000000005,0.9,-1.0,,,9,3,4.0,2025
2025-04-11 09:00:00+00:00|-1.0|sess_comp_exp_follow_london_h9_q0.7_tp06_sl065,2025-04-11 09:00:00+00:00,STAGE28A,data/reports/stage28a_discovery_factory_batch_runner/stage28a_exact_trades.csv,session_compression_expansion_v1,sess_comp_exp_follow_london_h9_q0.7_tp06_sl065,-5.668624999999883,-6.718624999999884,-7.418624999999883,0,0,0,1,6.718624999999884,117.48000000000002,44.58999999999969,0.6503700381251447,42.960000000000036,0.23114525139664405,32.0300000000002,16.097500000000014,0.64,-1.0,,,9,4,4.0,2025
2025-04-14 09:00:00+00:00|-1.0|sess_comp_exp_follow_london_h9_q0.7_tp06_sl065,2025-04-14 09:00:00+00:00,STAGE28A,data/reports/stage28a_discovery_factory_batch_runner/stage28a_exact_trades.csv,session_compression_expansion_v1,sess_comp_exp_follow_london_h9_q0.7_tp06_sl065,-4.670549999999912,-5.720549999999912,-6.420549999999912,0,0,0,1,5.720549999999912,20.509999999999764,36.29999999999973,0.31129476584022775,21.460000000000036,0.39422180801491247,14.5,14.451500000000033,0.428,-1.0,,,9,0,4.0,2025
2025-04-16 09:00:00+00:00|1.0|sess_comp_exp_follow_london_h9_q0.7_tp06_sl065,2025-04-16 09:00:00+00:00,STAGE28A,data/reports/stage28a_discovery_factory_batch_runner/stage28a_exact_trades.csv,session_compression_expansion_v1,sess_comp_exp_follow_london_h9_q0.7_tp06_sl065,3.4131999999998697,2.36319999999987,1.66319999999987,1,1,1,0,2.36319999999987,31.389999999999873,51.76000000000022,0.7735703245749574,48.39000000000033,0.4552593511056014,8.0300000000002,10.89399999999996,0.188,1.0,,,9,2,4.0,2025
2025-04-17 09:00:00+00:00|-1.0|sess_comp_exp_follow_london_h9_q0.7_tp06_sl065,2025-04-17 09:00:00+00:00,STAGE28A,data/reports/stage28a_discovery_factory_batch_runner/stage28a_exact_trades.csv,session_compression_expansion_v1,sess_comp_exp_follow_london_h9_q0.7_tp06_sl065,4.2550000000000185,3.2050000000000183,2.5050000000000185,1,1,1,0,3.2050000000000183,121.34000000000015,36.90000000000009,0.17723577235772214,32.649999999999636,0.7038284839203759,16.98999999999978,13.286000000000012,0.288,-1.0,,,9,3,4.0,2025
2025-04-21 09:00:00+00:00|1.0|sess_comp_exp_follow_london_h9_q0.7_tp06_sl065,2025-04-21 09:00:00+00:00,STAGE28A,data/reports/stage28a_discovery_factory_batch_runner/stage28a_exact_trades.csv,session_compression_expansion_v1,sess_comp_exp_follow_london_h9_q0.7_tp06_sl065,-3.90744999999979,-4.95744999999979,-5.657449999999789,0,0,0,1,4.95744999999979,24.230000000000018,56.29999999999973,0.6460035523978698,27.25,0.4565137614678919,9.860000000000127,14.714999999999986,0.472,1.0,,,9,0,4.0,2025
2025-04-22 09:00:00+00:00|-1.0|sess_comp_exp_follow_london_h9_q0.7_tp06_sl065,2025-04-22 09:00:00+00:00,STAGE28A,data/reports/stage28a_discovery_factory_batch_runner/stage28a_exact_trades.csv,session_compression_expansion_v1,sess_comp_exp_follow_london_h9_q0.7_tp06_sl065,5.091100000000006,4.0411000000000055,3.341100000000006,1,1,1,0,4.0411000000000055,102.19999999999982,82.3100000000004,0.6886162070222277,56.809999999999945,0.5835240274599564,21.990000000000236,17.459500000000048,0.776,-1.0,,,9,1,4.0,2025
2025-04-23 09:00:00+00:00|-1.0|sess_comp_exp_follow_london_h9_q0.7_tp06_sl065,2025-04-23 09:00:00+00:00,STAGE28A,data/reports/stage28a_discovery_factory_batch_runner/stage28a_exact_trades.csv,session_compression_expansion_v1,sess_comp_exp_follow_london_h9_q0.7_tp06_sl065,6.79240000000018,5.742400000000179,5.04240000000018,1,1,1,0,5.742400000000179,174.55999999999995,73.46000000000004,0.1497413558399128,57.48999999999978,0.37049921725517937,33.31999999999971,26.55799999999997,1.0,-1.0,,,9,2,4.0,2025
2025-04-24 09:00:00+00:00|1.0|sess_comp_exp_follow_london_h9_q0.7_tp06_sl065,2025-04-24 09:00:00+00:00,STAGE28A,data/reports/stage28a_discovery_factory_batch_runner/stage28a_exact_trades.csv,session_compression_expansion_v1,sess_comp_exp_follow_london_h9_q0.7_tp06_sl065,-6.532475000000067,-7.582475000000068,-8.282475000000067,0,0,0,1,7.582475000000068,126.44999999999982,79.0,0.23063291139240252,28.09999999999991,0.312455516014243,15.010000000000218,21.276500000000077,0.824,1.0,,,9,3,4.0,2025
2025-04-25 09:00:00+00:00|-1.0|sess_comp_exp_follow_london_h9_q0.7_tp06_sl065,2025-04-25 09:00:00+00:00,STAGE28A,data/reports/stage28a_discovery_factory_batch_runner/stage28a_exact_trades.csv,session_compression_expansion_v1,sess_comp_exp_follow_london_h9_q0.7_tp06_sl065,-5.941300000000046,-6.991300000000047,-7.691300000000046,0,0,0,1,6.991300000000047,79.0,48.029999999999745,0.906516760358123,40.48999999999978,0.7698197085700232,39.940000000000055,16.755499999999962,0.648,-1.0,,,9,4,4.0,2025
2025-04-28 09:00:00+00:00|-1.0|sess_comp_exp_follow_london_h9_q0.7_tp06_sl065,2025-04-28 09:00:00+00:00,STAGE28A,data/reports/stage28a_discovery_factory_batch_runner/stage28a_exact_trades.csv,session_compression_expansion_v1,sess_comp_exp_follow_london_h9_q0.7_tp06_sl065,4.50550000000012,3.45550000000012,2.7555000000001204,1,1,1,0,3.45550000000012,21.850000000000364,62.68000000000029,0.3162093171665615,26.480000000000018,0.6182024169184245,13.090000000000146,16.679500000000054,0.636,-1.0,,,9,0,4.0,2025
2025-04-29 09:00:00+00:00|-1.0|sess_comp_exp_follow_london_h9_q0.7_tp06_sl065,2025-04-29 09:00:00+00:00,STAGE28A,data/reports/stage28a_discovery_factory_batch_runner/stage28a_exact_trades.csv,session_compression_expansion_v1,sess_comp_exp_follow_london_h9_q0.7_tp06_sl065,-4.787875000000076,-5.837875000000077,-6.537875000000076,0,0,0,1,5.837875000000077,84.68000000000029,40.26999999999998,0.5495406009436334,19.720000000000255,0.35699797160242763,11.450000000000273,13.959000000000037,0.352,-1.0,,,9,1,4.0,2025
2025-04-30 09:00:00+00:00|-1.0|sess_comp_exp_follow_london_h9_q0.7_tp06_sl065,2025-04-30 09:00:00+00:00,STAGE28A,data/reports/stage28a_discovery_factory_batch_runner/stage28a_exact_trades.csv,session_compression_expansion_v1,sess_comp_exp_follow_london_h9_q0.7_tp06_sl065,2.8230999999999766,1.7730999999999768,1.073099999999977,1,1,1,0,1.7730999999999768,48.690000000000055,24.269999999999982,0.5937371240214201,39.57999999999993,0.7271349166245528,6.960000000000036,11.134499999999957,0.12,-1.0,,,9,2,4.0,2025
2025-05-01 09:00:00+00:00|1.0|sess_comp_exp_follow_london_h9_q0.7_tp06_sl065,2025-05-01 09:00:00+00:00,STAGE28A,data/reports/stage28a_discovery_factory_batch_runner/stage28a_exact_trades.csv,session_compression_expansion_v1,sess_comp_exp_follow_london_h9_q0.7_tp06_sl065,4.072900000000027,3.022900000000027,2.3229000000000277,1,1,1,0,3.022900000000027,60.86999999999989,61.15000000000009,0.7282093213409596,27.449999999999818,0.39744990892533266,15.319999999999709,16.417999999999985,0.6,1.0,,,9,3,5.0,2025
2025-05-05 09:00:00+00:00|1.0|sess_comp_exp_follow_london_h9_q0.7_tp06_sl065,2025-05-05 09:00:00+00:00,STAGE28A,data/reports/stage28a_discovery_factory_batch_runner/stage28a_exact_trades.csv,session_compression_expansion_v1,sess_comp_exp_follow_london_h9_q0.7_tp06_sl065,3.121300000000156,2.071300000000156,1.371300000000156,1,1,1,0,2.071300000000156,7.070000000000164,34.75,0.4330935251798483,55.36000000000013,0.9750722543352582,7.940000000000055,13.654500000000075,0.308,1.0,,,9,0,5.0,2025
2025-05-06 09:00:00+00:00|1.0|sess_comp_exp_follow_london_h9_q0.7_tp06_sl065,2025-05-06 09:00:00+00:00,STAGE28A,data/reports/stage28a_discovery_factory_batch_runner/stage28a_exact_trades.csv,session_compression_expansion_v1,sess_comp_exp_follow_london_h9_q0.7_tp06_sl065,5.264500000000135,4.214500000000134,3.514500000000135,1,1,1,0,4.214500000000134,100.18000000000029,63.51999999999998,0.4711901763224157,32.86999999999989,0.6905993306966807,13.700000000000273,13.53100000000004,0.324,1.0,,,9,1,5.0,2025
2025-05-07 09:00:00+00:00|1.0|sess_comp_exp_follow_london_h9_q0.7_tp06_sl065,2025-05-07 09:00:00+00:00,STAGE28A,data/reports/stage28a_discovery_factory_batch_runner/stage28a_exact_trades.csv,session_compression_expansion_v1,sess_comp_exp_follow_london_h9_q0.7_tp06_sl065,-5.835999999999876,-6.885999999999877,-7.585999999999876,0,0,0,1,6.885999999999877,111.4699999999998,78.80000000000018,0.07398477157360296,27.629999999999654,0.20123054650742,10.789999999999964,19.46250000000009,0.852,1.0,,,9,2,5.0,2025
2025-05-08 09:00:00+00:00|-1.0|sess_comp_exp_follow_london_h9_q0.7_tp06_sl065,2025-05-08 09:00:00+00:00,STAGE28A,data/reports/stage28a_discovery_factory_batch_runner/stage28a_exact_trades.csv,session_compression_expansion_v1,sess_comp_exp_follow_london_h9_q0.7_tp06_sl065,-6.263050000000112,-7.313050000000112,-8.013050000000112,0,0,0,1,7.313050000000112,78.80000000000018,50.23000000000002,0.5377264582918525,79.16000000000031,0.8227640222334494,29.269999999999982,14.85549999999996,0.544,-1.0,,,9,3,5.0,2025
2025-05-09 09:00:00+00:00|1.0|sess_comp_exp_follow_london_h9_q0.7_tp06_sl065,2025-05-09 09:00:00+00:00,STAGE28A,data/reports/stage28a_discovery_factory_batch_runner/stage28a_exact_trades.csv,session_compression_expansion_v1,sess_comp_exp_follow_london_h9_q0.7_tp06_sl065,5.457999999999993,4.407999999999992,3.707999999999993,1,1,1,0,4.407999999999992,126.18000000000029,49.309999999999945,0.3214358142364617,24.079999999999927,0.7093023255813945,17.360000000000127,17.37800000000002,0.892,1.0,,,9,4,5.0,2025
2025-05-12 09:00:00+00:00|-1.0|sess_comp_exp_follow_london_h9_q0.7_tp06_sl065,2025-05-12 09:00:00+00:00,STAGE28A,data/reports/stage28a_discovery_factory_batch_runner/stage28a_exact_trades.csv,session_compression_expansion_v1,sess_comp_exp_follow_london_h9_q0.7_tp06_sl065,3.3612999999999373,2.311299999999937,1.6112999999999378,1,1,1,0,2.311299999999937,44.57999999999993,52.61999999999989,0.20600532117066073,70.42999999999984,0.9747266789720325,11.140000000000327,16.403,0.744,-1.0,,,9,0,5.0,2025
2025-05-13 09:00:00+00:00|1.0|sess_comp_exp_follow_london_h9_q0.7_tp06_sl065,2025-05-13 09:00:00+00:00,STAGE28A,data/reports/stage28a_discovery_factory_batch_runner/stage28a_exact_trades.csv,session_compression_expansion_v1,sess_comp_exp_follow_london_h9_q0.7_tp06_sl065,3.958899999999994,2.9088999999999943,2.2088999999999945,1,1,1,0,2.9088999999999943,103.59999999999991,27.399999999999636,0.1021897810219058,30.669999999999618,0.5441799804369176,9.480000000000018,12.776499999999965,0.212,1.0,,,9,1,5.0,2025
2025-05-14 09:00:00+00:00|1.0|sess_comp_exp_follow_london_h9_q0.7_tp06_sl065,2025-05-14 09:00:00+00:00,STAGE28A,data/reports/stage28a_discovery_factory_batch_runner/stage28a_exact_trades.csv,session_compression_expansion_v1,sess_comp_exp_follow_london_h9_q0.7_tp06_sl065,-4.283474999999816,-5.333474999999817,-6.033474999999816,0,0,0,1,5.333474999999817,49.629999999999654,30.800000000000182,0.849025974025972,22.360000000000127,0.1797853309481198,12.690000000000055,10.183999999999969,0.016,1.0,,,9,2,5.0,2025
2025-05-15 09:00:00+00:00|1.0|sess_comp_exp_follow_london_h9_q0.7_tp06_sl065,2025-05-15 09:00:00+00:00,STAGE28A,data/reports/stage28a_discovery_factory_batch_runner/stage28a_exact_trades.csv,session_compression_expansion_v1,sess_comp_exp_follow_london_h9_q0.7_tp06_sl065,-5.307225000000107,-6.357225000000108,-7.057225000000107,0,0,0,1,6.357225000000108,88.99000000000024,44.320000000000164,0.7274368231046958,50.940000000000055,0.290341578327443,19.620000000000346,14.314500000000066,0.528,1.0,,,9,3,5.0,2025
2025-05-16 09:00:00+00:00|-1.0|sess_comp_exp_follow_london_h9_q0.7_tp06_sl065,2025-05-16 09:00:00+00:00,STAGE28A,data/reports/stage28a_discovery_factory_batch_runner/stage28a_exact_trades.csv,session_compression_expansion_v1,sess_comp_exp_follow_london_h9_q0.7_tp06_sl065,3.8038000000000474,2.7538000000000467,2.053800000000047,1,1,1,0,2.7538000000000467,131.69000000000005,45.57999999999993,0.8600263273365585,35.88000000000011,0.07413600891861333,10.239999999999782,12.937499999999932,0.292,-1.0,,,9,4,5.0,2025
2025-05-19 09:00:00+00:00|1.0|sess_comp_exp_follow_london_h9_q0.7_tp06_sl065,2025-05-19 09:00:00+00:00,STAGE28A,data/reports/stage28a_discovery_factory_batch_runner/stage28a_exact_trades.csv,session_compression_expansion_v1,sess_comp_exp_follow_london_h9_q0.7_tp06_sl065,3.798999999999887,2.7489999999998878,2.048999999999888,1,1,1,0,2.7489999999998878,34.039999999999964,43.0,0.6297674418604634,40.88999999999987,0.7282954267547149,9.370000000000346,17.650000000000023,0.852,1.0,,,9,0,5.0,2025
2025-05-20 09:00:00+00:00|1.0|sess_comp_exp_follow_london_h9_q0.7_tp06_sl065,2025-05-20 09:00:00+00:00,STAGE28A,data/reports/stage28a_discovery_factory_batch_runner/stage28a_exact_trades.csv,session_compression_expansion_v1,sess_comp_exp_follow_london_h9_q0.7_tp06_sl065,-4.089125000000058,-5.139125000000059,-5.839125000000058,0,0,0,1,5.139125000000059,43.039999999999964,28.140000000000327,0.5501066098080805,31.31999999999971,0.7962962962963054,9.88000000000011,10.125500000000011,0.024,1.0,,,9,1,5.0,2025
2025-05-21 09:00:00+00:00|1.0|sess_comp_exp_follow_london_h9_q0.7_tp06_sl065,2025-05-21 09:00:00+00:00,STAGE28A,data/reports/stage28a_discovery_factory_batch_runner/stage28a_exact_trades.csv,session_compression_expansion_v1,sess_comp_exp_follow_london_h9_q0.7_tp06_sl065,3.5667999999999664,2.5167999999999666,1.8167999999999669,1,1,1,0,2.5167999999999666,92.44000000000005,29.09999999999991,0.3731958762886497,22.159999999999854,0.26579422382673135,21.179999999999836,12.979999999999905,0.3,1.0,,,9,2,5.0,2025
2025-05-22 09:00:00+00:00|-1.0|sess_comp_exp_follow_london_h9_q0.7_tp06_sl065,2025-05-22 09:00:00+00:00,STAGE28A,data/reports/stage28a_discovery_factory_batch_runner/stage28a_exact_trades.csv,session_compression_expansion_v1,sess_comp_exp_follow_london_h9_q0.7_tp06_sl065,2.585199999999895,1.535199999999895,0.8351999999998956,1,1,1,0,1.535199999999895,39.2800000000002,29.789999999999964,0.5877811346089219,35.23999999999978,0.8688989784336004,13.170000000000073,10.609499999999958,0.12,-1.0,,,9,3,5.0,2025
2025-05-23 09:00:00+00:00|1.0|sess_comp_exp_follow_london_h9_q0.7_tp06_sl065,2025-05-23 09:00:00+00:00,STAGE28A,data/reports/stage28a_discovery_factory_batch_runner/stage28a_exact_trades.csv,session_compression_expansion_v1,sess_comp_exp_follow_london_h9_q0.7_tp06_sl065,-3.9422249999998713,-4.992224999999872,-5.692224999999871,0,0,0,1,4.992224999999872,66.07000000000016,21.76000000000022,0.197150735294114,32.4399999999996,0.8187422934648666,13.159999999999854,13.802500000000055,0.532,1.0,,,9,4,5.0,2025
2025-05-27 09:00:00+00:00|-1.0|sess_comp_exp_follow_london_h9_q0.7_tp06_sl065,2025-05-27 09:00:00+00:00,STAGE28A,data/reports/stage28a_discovery_factory_batch_runner/stage28a_exact_trades.csv,session_compression_expansion_v1,sess_comp_exp_follow_london_h9_q0.7_tp06_sl065,2.506600000000071,1.4566000000000714,0.7566000000000717,1,1,1,0,1.4566000000000714,33.23999999999978,18.09999999999991,0.3596685082872816,48.90000000000009,0.9141104294478474,16.549999999999727,7.233500000000004,0.036,-1.0,,,9,1,5.0,2025
2025-05-28 09:00:00+00:00|1.0|sess_comp_exp_follow_london_h9_q0.7_tp06_sl065,2025-05-28 09:00:00+00:00,STAGE28A,data/reports/stage28a_discovery_factory_batch_runner/stage28a_exact_trades.csv,session_compression_expansion_v1,sess_comp_exp_follow_london_h9_q0.7_tp06_sl065,3.1186000000001517,2.0686000000001514,1.3686000000001517,1,1,1,0,2.0686000000001514,64.65999999999985,24.050000000000182,0.22910602910601754,31.070000000000164,0.8464757000321868,14.239999999999782,9.785500000000047,0.124,1.0,,,9,2,5.0,2025
2025-05-29 09:00:00+00:00|1.0|sess_comp_exp_follow_london_h9_q0.7_tp06_sl065,2025-05-29 09:00:00+00:00,STAGE28A,data/reports/stage28a_discovery_factory_batch_runner/stage28a_exact_trades.csv,session_compression_expansion_v1,sess_comp_exp_follow_london_h9_q0.7_tp06_sl065,3.3265000000000327,2.276500000000033,1.576500000000033,1,1,1,0,2.276500000000033,48.7199999999998,49.67000000000007,0.2415945238574589,23.240000000000236,0.3222891566265129,6.630000000000109,14.188999999999965,0.752,1.0,,,9,3,5.0,2025
2025-06-02 09:00:00+00:00|1.0|sess_comp_exp_follow_london_h9_q0.7_tp06_sl065,2025-06-02 09:00:00+00:00,STAGE28A,data/reports/stage28a_discovery_factory_batch_runner/stage28a_exact_trades.csv,session_compression_expansion_v1,sess_comp_exp_follow_london_h9_q0.7_tp06_sl065,-3.1378500000001623,-4.187850000000163,-4.887850000000162,0,0,0,1,4.187850000000163,19.170000000000073,20.759999999999764,0.2076107899807319,50.04999999999973,0.7880119880119933,11.800000000000182,11.973999999999979,0.564,1.0,,,9,0,6.0,2025
2025-06-06 09:00:00+00:00|-1.0|sess_comp_exp_follow_london_h9_q0.7_tp06_sl065,2025-06-06 09:00:00+00:00,STAGE28A,data/reports/stage28a_discovery_factory_batch_runner/stage28a_exact_trades.csv,session_compression_expansion_v1,sess_comp_exp_follow_london_h9_q0.7_tp06_sl065,-3.064399999999841,-4.114399999999842,-4.814399999999841,0,0,0,1,4.114399999999842,64.22000000000025,18.7199999999998,0.5694444444444671,22.740000000000236,0.5721196130167143,13.340000000000146,11.715000000000055,0.668,-1.0,,,9,4,6.0,2025
2025-06-10 09:00:00+00:00|1.0|sess_comp_exp_follow_london_h9_q0.7_tp06_sl065,2025-06-10 09:00:00+00:00,STAGE28A,data/reports/stage28a_discovery_factory_batch_runner/stage28a_exact_trades.csv,session_compression_expansion_v1,sess_comp_exp_follow_london_h9_q0.7_tp06_sl065,-3.579200000000219,-4.629200000000219,-5.329200000000219,0,0,0,1,4.629200000000219,44.629999999999654,25.990000000000236,0.6167756829549673,31.990000000000236,0.6927164738980977,12.399999999999636,8.365499999999907,0.076,1.0,,,9,1,6.0,2025
2025-06-12 09:00:00+00:00|-1.0|sess_comp_exp_follow_london_h9_q0.7_tp06_sl065,2025-06-12 09:00:00+00:00,STAGE28A,data/reports/stage28a_discovery_factory_batch_runner/stage28a_exact_trades.csv,session_compression_expansion_v1,sess_comp_exp_follow_london_h9_q0.7_tp06_sl065,-2.9480500000000576,-3.9980500000000574,-4.698050000000057,0,0,0,1,3.9980500000000574,54.10999999999967,21.41000000000031,0.20597851471274128,37.07999999999993,0.21467098166127432,7.989999999999782,12.240500000000043,0.864,-1.0,,,9,3,6.0,2025
2025-06-13 09:00:00+00:00|-1.0|sess_comp_exp_follow_london_h9_q0.7_tp06_sl065,2025-06-13 09:00:00+00:00,STAGE28A,data/reports/stage28a_discovery_factory_batch_runner/stage28a_exact_trades.csv,session_compression_expansion_v1,sess_comp_exp_follow_london_h9_q0.7_tp06_sl065,-4.882775000000128,-5.932775000000129,-6.632775000000128,0,0,0,1,5.932775000000129,60.320000000000164,64.65000000000009,0.6521268368136086,22.43000000000029,0.05840392331698299,10.789999999999964,13.218500000000017,0.952,-1.0,,,9,4,6.0,2025
2025-06-16 09:00:00+00:00|-1.0|sess_comp_exp_follow_london_h9_q0.7_tp06_sl065,2025-06-16 09:00:00+00:00,STAGE28A,data/reports/stage28a_discovery_factory_batch_runner/stage28a_exact_trades.csv,session_compression_expansion_v1,sess_comp_exp_follow_london_h9_q0.7_tp06_sl065,2.6233000000001083,1.5733000000001085,0.8733000000001088,1,1,1,0,1.5733000000001085,20.269999999999982,23.529999999999745,0.7178070548236317,23.769999999999982,0.8199411022296927,12.529999999999745,11.575499999999987,0.632,-1.0,,,9,0,6.0,2025
2025-06-18 09:00:00+00:00|-1.0|sess_comp_exp_follow_london_h9_q0.7_tp06_sl065,2025-06-18 09:00:00+00:00,STAGE28A,data/reports/stage28a_discovery_factory_batch_runner/stage28a_exact_trades.csv,session_compression_expansion_v1,sess_comp_exp_follow_london_h9_q0.7_tp06_sl065,2.326600000000235,1.276600000000235,0.5766000000002354,1,1,1,0,1.276600000000235,37.070000000000164,25.65000000000009,0.08109161793372008,24.519999999999982,0.5236541598695006,11.409999999999854,10.158000000000039,0.412,-1.0,,,9,2,6.0,2025
2025-06-19 09:00:00+00:00|-1.0|sess_comp_exp_follow_london_h9_q0.7_tp06_sl065,2025-06-19 09:00:00+00:00,STAGE28A,data/reports/stage28a_discovery_factory_batch_runner/stage28a_exact_trades.csv,session_compression_expansion_v1,sess_comp_exp_follow_london_h9_q0.7_tp06_sl065,-3.390700000000016,-4.440700000000016,-5.140700000000015,0,0,0,1,4.440700000000016,37.409999999999854,18.40000000000009,0.08641304347826835,27.670000000000073,0.11962414166967607,15.009999999999764,9.58799999999992,0.284,-1.0,,,9,3,6.0,2025
2025-06-24 09:00:00+00:00|-1.0|sess_comp_exp_follow_london_h9_q0.7_tp06_sl065,2025-06-24 09:00:00+00:00,STAGE28A,data/reports/stage28a_discovery_factory_batch_runner/stage28a_exact_trades.csv,session_compression_expansion_v1,sess_comp_exp_follow_london_h9_q0.7_tp06_sl065,-3.5587249999999586,-4.608724999999959,-5.308724999999958,0,0,0,1,4.608724999999959,49.309999999999945,36.75,0.08408163265306519,37.289999999999964,0.9155269509251784,22.159999999999854,13.815999999999985,0.98,-1.0,,,9,1,6.0,2025
2025-07-01 09:00:00+00:00|1.0|sess_comp_exp_follow_london_h9_q0.7_tp06_sl065,2025-07-01 09:00:00+00:00,STAGE28A,data/reports/stage28a_discovery_factory_batch_runner/stage28a_exact_trades.csv,session_compression_expansion_v1,sess_comp_exp_follow_london_h9_q0.7_tp06_sl065,1.590399999999954,0.5403999999999543,-0.1596000000000454,1,0,1,0,0.5403999999999543,63.93000000000029,20.279999999999745,0.4817554240631215,29.08999999999969,0.8446201443795108,9.330000000000382,7.500500000000057,0.08,1.0,,,9,1,7.0,2025
2025-08-07 09:00:00+00:00|-1.0|sess_comp_exp_follow_london_h9_q0.7_tp06_sl065,2025-08-07 09:00:00+00:00,STAGE28A,data/reports/stage28a_discovery_factory_batch_runner/stage28a_exact_trades.csv,session_compression_expansion_v1,sess_comp_exp_follow_london_h9_q0.7_tp06_sl065,1.6177000000001498,0.56770000000015,-0.1322999999998497,1,0,1,0,0.56770000000015,27.139999999999873,18.960000000000036,0.3992616033755353,25.840000000000146,0.11803405572754296,9.400000000000091,6.831499999999982,0.164,-1.0,,,9,3,8.0,2025
2025-08-11 09:00:00+00:00|-1.0|sess_comp_exp_follow_london_h9_q0.7_tp06_sl065,2025-08-11 09:00:00+00:00,STAGE28A,data/reports/stage28a_discovery_factory_batch_runner/stage28a_exact_trades.csv,session_compression_expansion_v1,sess_comp_exp_follow_london_h9_q0.7_tp06_sl065,-2.9633249999998044,-4.013324999999805,-4.713324999999804,0,0,0,1,4.013324999999805,14.559999999999945,37.40000000000009,0.4558823529411681,27.259999999999764,0.9233308877476263,6.110000000000127,11.323999999999979,0.932,-1.0,,,9,0,8.0,2025
2025-08-14 09:00:00+00:00|-1.0|sess_comp_exp_follow_london_h9_q0.7_tp06_sl065,2025-08-14 09:00:00+00:00,STAGE28A,data/reports/stage28a_discovery_factory_batch_runner/stage28a_exact_trades.csv,session_compression_expansion_v1,sess_comp_exp_follow_london_h9_q0.7_tp06_sl065,1.6368999999998777,0.5868999999998779,-0.1131000000001218,1,0,1,0,0.5868999999998779,28.230000000000018,19.61999999999989,0.1432212028542284,24.98999999999978,0.16966786714686968,5.570000000000164,6.55649999999996,0.084,-1.0,,,9,3,8.0,2025
2025-09-02 09:00:00+00:00|-1.0|sess_comp_exp_follow_london_h9_q0.7_tp06_sl065,2025-09-02 09:00:00+00:00,STAGE28A,data/reports/stage28a_discovery_factory_batch_runner/stage28a_exact_trades.csv,session_compression_expansion_v1,sess_comp_exp_follow_london_h9_q0.7_tp06_sl065,-3.7930499999998575,-4.843049999999858,-5.543049999999857,0,0,0,1,4.843049999999858,52.74000000000024,34.159999999999854,0.5793325526932098,28.289999999999964,0.6564156945917191,5.670000000000073,7.553999999999974,0.792,-1.0,,,9,1,9.0,2025
2025-09-08 09:00:00+00:00|1.0|sess_comp_exp_follow_london_h9_q0.7_tp06_sl065,2025-09-08 09:00:00+00:00,STAGE28A,data/reports/stage28a_discovery_factory_batch_runner/stage28a_exact_trades.csv,session_compression_expansion_v1,sess_comp_exp_follow_london_h9_q0.7_tp06_sl065,-3.0423000000001594,-4.09230000000016,-4.792300000000159,0,0,0,1,4.09230000000016,18.25,18.559999999999945,0.46821120689655604,37.679999999999836,0.8017515923566924,10.38000000000011,11.926500000000033,0.992,1.0,,,9,0,9.0,2025
2025-09-09 09:00:00+00:00|1.0|sess_comp_exp_follow_london_h9_q0.7_tp06_sl065,2025-09-09 09:00:00+00:00,STAGE28A,data/reports/stage28a_discovery_factory_batch_runner/stage28a_exact_trades.csv,session_compression_expansion_v1,sess_comp_exp_follow_london_h9_q0.7_tp06_sl065,2.78799999999992,1.73799999999992,1.0379999999999203,1,1,1,0,1.73799999999992,67.81999999999971,26.2800000000002,0.6255707762556878,22.7199999999998,0.3371478873239602,6.380000000000109,8.793000000000006,0.46,1.0,,,9,1,9.0,2025
2025-09-17 09:00:00+00:00|-1.0|sess_comp_exp_follow_london_h9_q0.7_tp06_sl065,2025-09-17 09:00:00+00:00,STAGE28A,data/reports/stage28a_discovery_factory_batch_runner/stage28a_exact_trades.csv,session_compression_expansion_v1,sess_comp_exp_follow_london_h9_q0.7_tp06_sl065,-2.902874999999858,-3.952874999999858,-4.652874999999858,0,0,0,1,3.952874999999858,28.450000000000273,21.039999999999964,0.4857414448669115,23.460000000000036,0.5920716112531906,10.199999999999818,7.27199999999998,0.136,-1.0,,,9,2,9.0,2025
2025-09-18 09:00:00+00:00|1.0|sess_comp_exp_follow_london_h9_q0.7_tp06_sl065,2025-09-18 09:00:00+00:00,STAGE28A,data/reports/stage28a_discovery_factory_batch_runner/stage28a_exact_trades.csv,session_compression_expansion_v1,sess_comp_exp_follow_london_h9_q0.7_tp06_sl065,2.620299999999952,1.570299999999952,0.8702999999999523,1,1,1,0,1.570299999999952,61.32999999999993,20.0,0.2259999999999991,39.059999999999945,0.33666154633895684,9.890000000000327,12.48050000000003,1.0,1.0,,,9,3,9.0,2025
2025-09-22 09:00:00+00:00|1.0|sess_comp_exp_follow_london_h9_q0.7_tp06_sl065,2025-09-22 09:00:00+00:00,STAGE28A,data/reports/stage28a_discovery_factory_batch_runner/stage28a_exact_trades.csv,session_compression_expansion_v1,sess_comp_exp_follow_london_h9_q0.7_tp06_sl065,-2.8814250000001267,-3.9314250000001274,-4.631425000000126,0,0,0,1,3.9314250000001274,8.700000000000273,13.7800000000002,0.5079825834542742,36.529999999999745,0.7601970982754074,8.509999999999764,8.475,0.4,1.0,,,9,0,9.0,2025
2025-09-23 09:00:00+00:00|1.0|sess_comp_exp_follow_london_h9_q0.7_tp06_sl065,2025-09-23 09:00:00+00:00,STAGE28A,data/reports/stage28a_discovery_factory_batch_runner/stage28a_exact_trades.csv,session_compression_expansion_v1,sess_comp_exp_follow_london_h9_q0.7_tp06_sl065,-3.957825000000048,-5.007825000000048,-5.707825000000048,0,0,0,1,5.007825000000048,65.05000000000018,22.389999999999873,0.2880750334970904,48.059999999999945,0.7973366625052062,15.590000000000146,9.271999999999935,0.688,1.0,,,9,1,9.0,2025
2025-09-25 09:00:00+00:00|1.0|sess_comp_exp_follow_london_h9_q0.7_tp06_sl065,2025-09-25 09:00:00+00:00,STAGE28A,data/reports/stage28a_discovery_factory_batch_runner/stage28a_exact_trades.csv,session_compression_expansion_v1,sess_comp_exp_follow_london_h9_q0.7_tp06_sl065,-3.7940249999997833,-4.844024999999784,-5.544024999999783,0,0,0,1,4.844024999999784,61.67000000000007,22.409999999999854,0.1976796073181758,29.980000000000018,0.6774516344229464,7.110000000000127,10.428500000000009,0.78,1.0,,,9,3,9.0,2025
2025-09-29 09:00:00+00:00|1.0|sess_comp_exp_follow_london_h9_q0.7_tp06_sl065,2025-09-29 09:00:00+00:00,STAGE28A,data/reports/stage28a_discovery_factory_batch_runner/stage28a_exact_trades.csv,session_compression_expansion_v1,sess_comp_exp_follow_london_h9_q0.7_tp06_sl065,-4.987099999999918,-6.037099999999919,-6.737099999999918,0,0,0,1,6.037099999999919,14.63000000000011,43.039999999999964,0.5534386617100309,27.38000000000011,0.4755295836376892,13.149999999999636,12.880999999999926,0.964,1.0,,,9,0,9.0,2025
2025-09-30 09:00:00+00:00|-1.0|sess_comp_exp_follow_london_h9_q0.7_tp06_sl065,2025-09-30 09:00:00+00:00,STAGE28A,data/reports/stage28a_discovery_factory_batch_runner/stage28a_exact_trades.csv,session_compression_expansion_v1,sess_comp_exp_follow_london_h9_q0.7_tp06_sl065,-3.788500000000204,-4.838500000000204,-5.538500000000203,0,0,0,1,4.838500000000204,77.67000000000007,41.659999999999854,0.817330772923675,78.48999999999978,0.8421454962415664,7.690000000000055,10.476500000000055,0.564,-1.0,,,9,1,9.0,2025
2025-10-01 09:00:00+00:00|1.0|sess_comp_exp_follow_london_h9_q0.7_tp06_sl065,2025-10-01 09:00:00+00:00,STAGE28A,data/reports/stage28a_discovery_factory_batch_runner/stage28a_exact_trades.csv,session_compression_expansion_v1,sess_comp_exp_follow_london_h9_q0.7_tp06_sl065,2.653900000000158,1.603900000000158,0.9039000000001582,1,1,1,0,1.603900000000158,78.48999999999978,21.0,0.0890476190476355,42.070000000000164,0.6467791775612058,7.789999999999964,12.010000000000014,0.72,1.0,,,9,2,10.0,2025
2025-10-03 09:00:00+00:00|1.0|sess_comp_exp_follow_london_h9_q0.7_tp06_sl065,2025-10-03 09:00:00+00:00,STAGE28A,data/reports/stage28a_discovery_factory_batch_runner/stage28a_exact_trades.csv,session_compression_expansion_v1,sess_comp_exp_follow_london_h9_q0.7_tp06_sl065,-3.7930499999998575,-4.843049999999858,-5.543049999999857,0,0,0,1,4.843049999999858,77.53999999999996,25.700000000000273,0.5634241245136135,24.0,0.8966666666666848,15.190000000000055,13.130999999999995,0.9,1.0,,,9,4,10.0,2025
2025-10-06 09:00:00+00:00|1.0|sess_comp_exp_follow_london_h9_q0.7_tp06_sl065,2025-10-06 09:00:00+00:00,STAGE28A,data/reports/stage28a_discovery_factory_batch_runner/stage28a_exact_trades.csv,session_compression_expansion_v1,sess_comp_exp_follow_london_h9_q0.7_tp06_sl065,3.540699999999924,2.4906999999999244,1.790699999999925,1,1,1,0,2.4906999999999244,17.269999999999982,47.940000000000055,0.6191072173550229,27.0,0.47259259259260067,17.76000000000022,13.847000000000047,0.932,1.0,,,9,0,10.0,2025
2025-10-07 09:00:00+00:00|-1.0|sess_comp_exp_follow_london_h9_q0.7_tp06_sl065,2025-10-07 09:00:00+00:00,STAGE28A,data/reports/stage28a_discovery_factory_batch_runner/stage28a_exact_trades.csv,session_compression_expansion_v1,sess_comp_exp_follow_london_h9_q0.7_tp06_sl065,2.831799999999839,1.7817999999998393,1.0817999999998396,1,1,1,0,1.7817999999998393,85.76000000000022,21.690000000000055,0.4568925772245405,35.98000000000002,0.5075041689827741,16.490000000000236,12.58900000000001,0.636,-1.0,,,9,1,10.0,2025
2025-10-08 09:00:00+00:00|1.0|sess_comp_exp_follow_london_h9_q0.7_tp06_sl065,2025-10-08 09:00:00+00:00,STAGE28A,data/reports/stage28a_discovery_factory_batch_runner/stage28a_exact_trades.csv,session_compression_expansion_v1,sess_comp_exp_follow_london_h9_q0.7_tp06_sl065,3.024699999999848,1.974699999999848,1.2746999999998485,1,1,1,0,1.974699999999848,50.070000000000164,33.5,0.750447761194026,34.840000000000146,0.9916762342135357,12.5,12.22200000000007,0.508,1.0,,,9,2,10.0,2025
2025-10-10 09:00:00+00:00|1.0|sess_comp_exp_follow_london_h9_q0.7_tp06_sl065,2025-10-10 09:00:00+00:00,STAGE28A,data/reports/stage28a_discovery_factory_batch_runner/stage28a_exact_trades.csv,session_compression_expansion_v1,sess_comp_exp_follow_london_h9_q0.7_tp06_sl065,-5.809675000000061,-6.8596750000000615,-7.559675000000061,0,0,0,1,6.8596750000000615,113.48000000000002,36.04999999999973,0.3722607489597829,59.940000000000055,0.5652318985652256,12.210000000000036,20.84050000000004,1.0,1.0,,,9,4,10.0,2025
2025-10-13 09:00:00+00:00|1.0|sess_comp_exp_follow_london_h9_q0.7_tp06_sl065,2025-10-13 09:00:00+00:00,STAGE28A,data/reports/stage28a_discovery_factory_batch_runner/stage28a_exact_trades.csv,session_compression_expansion_v1,sess_comp_exp_follow_london_h9_q0.7_tp06_sl065,-5.31697499999982,-6.366974999999821,-7.06697499999982,0,0,0,1,6.366974999999821,46.13000000000011,61.30000000000018,0.15595432300162998,28.690000000000055,0.882886023004527,22.65000000000009,23.51450000000002,0.988,1.0,,,9,0,10.0,2025
2025-10-14 09:00:00+00:00|-1.0|sess_comp_exp_follow_london_h9_q0.7_tp06_sl065,2025-10-14 09:00:00+00:00,STAGE28A,data/reports/stage28a_discovery_factory_batch_runner/stage28a_exact_trades.csv,session_compression_expansion_v1,sess_comp_exp_follow_london_h9_q0.7_tp06_sl065,-8.46329999999998,-9.51329999999998,-10.21329999999998,0,0,0,1,9.51329999999998,117.94000000000051,59.97999999999956,0.8072690896965726,89.0300000000002,0.4022239694485041,68.53000000000065,17.415499999999973,0.808,-1.0,,,9,1,10.0,2025
2025-10-15 09:00:00+00:00|1.0|sess_comp_exp_follow_london_h9_q0.7_tp06_sl065,2025-10-15 09:00:00+00:00,STAGE28A,data/reports/stage28a_discovery_factory_batch_runner/stage28a_exact_trades.csv,session_compression_expansion_v1,sess_comp_exp_follow_london_h9_q0.7_tp06_sl065,-5.591275000000314,-6.641275000000315,-7.341275000000314,0,0,0,1,6.641275000000315,89.0300000000002,50.0600000000004,0.5687175389532566,53.57999999999993,0.10246360582308135,17.11999999999989,17.457499999999936,0.716,1.0,,,9,2,10.0,2025
2025-10-16 09:00:00+00:00|-1.0|sess_comp_exp_follow_london_h9_q0.7_tp06_sl065,2025-10-16 09:00:00+00:00,STAGE28A,data/reports/stage28a_discovery_factory_batch_runner/stage28a_exact_trades.csv,session_compression_expansion_v1,sess_comp_exp_follow_london_h9_q0.7_tp06_sl065,4.641100000000188,3.591100000000188,2.891100000000188,1,1,1,0,3.591100000000188,77.52000000000044,42.5,0.4825882352941014,37.970000000000255,0.15011851461679696,30.909999999999854,16.037500000000044,0.56,-1.0,,,9,3,10.0,2025
2025-10-17 09:00:00+00:00|-1.0|sess_comp_exp_follow_london_h9_q0.7_tp06_sl065,2025-10-17 09:00:00+00:00,STAGE28A,data/reports/stage28a_discovery_factory_batch_runner/stage28a_exact_trades.csv,session_compression_expansion_v1,sess_comp_exp_follow_london_h9_q0.7_tp06_sl065,9.88660000000018,8.83660000000018,8.13660000000018,1,1,1,0,8.83660000000018,151.92999999999938,100.69999999999982,0.19721946375372104,66.96000000000004,0.39575866188769393,36.350000000000364,28.532499999999935,1.0,-1.0,,,9,4,10.0,2025
2025-10-20 09:00:00+00:00|-1.0|sess_comp_exp_follow_london_h9_q0.7_tp06_sl065,2025-10-20 09:00:00+00:00,STAGE28A,data/reports/stage28a_discovery_factory_batch_runner/stage28a_exact_trades.csv,session_compression_expansion_v1,sess_comp_exp_follow_london_h9_q0.7_tp06_sl065,5.353599999999824,4.303599999999824,3.603599999999824,1,1,1,0,4.303599999999824,35.11999999999989,55.51999999999953,0.16264409221903336,46.61000000000058,0.08496030894655819,26.730000000000473,32.62450000000003,0.928,-1.0,,,9,0,10.0,2025
2025-10-21 09:00:00+00:00|-1.0|sess_comp_exp_follow_london_h9_q0.7_tp06_sl065,2025-10-21 09:00:00+00:00,STAGE28A,data/reports/stage28a_discovery_factory_batch_runner/stage28a_exact_trades.csv,session_compression_expansion_v1,sess_comp_exp_follow_london_h9_q0.7_tp06_sl065,5.320900000000075,4.270900000000074,3.5709000000000746,1,1,1,0,4.270900000000074,162.71999999999935,42.36000000000058,0.4952785646836467,102.25,0.796479217603908,27.199999999999818,23.157499999999935,0.776,-1.0,,,9,1,10.0,2025
2025-10-22 09:00:00+00:00|-1.0|sess_comp_exp_follow_london_h9_q0.7_tp06_sl065,2025-10-22 09:00:00+00:00,STAGE28A,data/reports/stage28a_discovery_factory_batch_runner/stage28a_exact_trades.csv,session_compression_expansion_v1,sess_comp_exp_follow_london_h9_q0.7_tp06_sl065,8.499099999999453,7.4490999999994525,6.749099999999453,1,1,1,0,7.4490999999994525,295.0600000000004,138.77999999999975,0.038406110390545735,101.29000000000042,0.5831770164873084,20.609999999999673,38.94250000000007,0.98,-1.0,,,9,2,10.0,2025
2025-10-23 09:00:00+00:00|1.0|sess_comp_exp_follow_london_h9_q0.7_tp06_sl065,2025-10-23 09:00:00+00:00,STAGE28A,data/reports/stage28a_discovery_factory_batch_runner/stage28a_exact_trades.csv,session_compression_expansion_v1,sess_comp_exp_follow_london_h9_q0.7_tp06_sl065,-7.067749999999796,-8.117749999999797,-8.817749999999796,0,0,0,1,8.117749999999797,157.02000000000044,50.55000000000018,0.21444114737883493,57.909999999999854,0.5752029010533513,26.490000000000236,30.846499999999992,0.744,1.0,,,9,3,10.0,2025
2025-10-24 09:00:00+00:00|-1.0|sess_comp_exp_follow_london_h9_q0.7_tp06_sl065,2025-10-24 09:00:00+00:00,STAGE28A,data/reports/stage28a_discovery_factory_batch_runner/stage28a_exact_trades.csv,session_compression_expansion_v1,sess_comp_exp_follow_london_h9_q0.7_tp06_sl065,-6.422624999999789,-7.472624999999789,-8.172624999999789,0,0,0,1,7.472624999999789,88.6899999999996,38.25,0.15895424836603494,75.71000000000004,0.8109893012812054,15.050000000000182,18.812999999999967,0.26,-1.0,,,9,4,10.0,2025
2025-10-27 09:00:00+00:00|-1.0|sess_comp_exp_follow_london_h9_q0.7_tp06_sl065,2025-10-27 09:00:00+00:00,STAGE28A,data/reports/stage28a_discovery_factory_batch_runner/stage28a_exact_trades.csv,session_compression_expansion_v1,sess_comp_exp_follow_london_h9_q0.7_tp06_sl065,-6.120375000000058,-7.170375000000059,-7.870375000000058,0,0,0,1,7.170375000000059,47.210000000000036,55.55000000000018,0.6064806480648136,60.00999999999976,0.5222462922846237,10.559999999999945,24.12550000000001,0.592,-1.0,,,9,0,10.0,2025
2025-10-28 09:00:00+00:00|-1.0|sess_comp_exp_follow_london_h9_q0.7_tp06_sl065,2025-10-28 09:00:00+00:00,STAGE28A,data/reports/stage28a_discovery_factory_batch_runner/stage28a_exact_trades.csv,session_compression_expansion_v1,sess_comp_exp_follow_london_h9_q0.7_tp06_sl065,6.255100000000221,5.20510000000022,4.505100000000221,1,1,1,0,5.20510000000022,137.97000000000025,55.86000000000013,0.19638381668457267,93.62000000000035,0.5054475539414653,30.2199999999998,23.71300000000001,0.556,-1.0,,,9,1,10.0,2025
2025-10-29 09:00:00+00:00|1.0|sess_comp_exp_follow_london_h9_q0.7_tp06_sl065,2025-10-29 09:00:00+00:00,STAGE28A,data/reports/stage28a_discovery_factory_batch_runner/stage28a_exact_trades.csv,session_compression_expansion_v1,sess_comp_exp_follow_london_h9_q0.7_tp06_sl065,-7.163950000000204,-8.213950000000205,-8.913950000000204,0,0,0,1,8.213950000000205,133.21000000000004,66.23999999999978,0.04649758454106186,79.11000000000013,0.9027935785614961,25.23999999999978,21.645500000000016,0.272,1.0,,,9,2,10.0,2025
2025-10-30 09:00:00+00:00|1.0|sess_comp_exp_follow_london_h9_q0.7_tp06_sl065,2025-10-30 09:00:00+00:00,STAGE28A,data/reports/stage28a_discovery_factory_batch_runner/stage28a_exact_trades.csv,session_compression_expansion_v1,sess_comp_exp_follow_london_h9_q0.7_tp06_sl065,-8.6469250000001,-9.6969250000001,-10.3969250000001,0,0,0,1,9.6969250000001,114.34000000000015,67.13000000000011,0.6272903321912715,64.69999999999982,0.1791344667697091,20.59999999999991,25.65150000000001,0.656,1.0,,,9,3,10.0,2025
2025-10-31 09:00:00+00:00|1.0|sess_comp_exp_follow_london_h9_q0.7_tp06_sl065,2025-10-31 09:00:00+00:00,STAGE28A,data/reports/stage28a_discovery_factory_batch_runner/stage28a_exact_trades.csv,session_compression_expansion_v1,sess_comp_exp_follow_london_h9_q0.7_tp06_sl065,-6.6143750000002,-7.6643750000002,-8.3643750000002,0,0,0,1,7.6643750000002,127.87000000000035,56.88000000000011,0.31223628691983446,32.74000000000024,0.06047648136835687,12.710000000000036,20.67149999999997,0.084,1.0,,,9,4,10.0,2025
2025-11-03 09:00:00+00:00|-1.0|sess_comp_exp_follow_london_h9_q0.7_tp06_sl065,2025-11-03 09:00:00+00:00,STAGE28A,data/reports/stage28a_discovery_factory_batch_runner/stage28a_exact_trades.csv,session_compression_expansion_v1,sess_comp_exp_follow_london_h9_q0.7_tp06_sl065,-5.0807000000000695,-6.13070000000007,-6.8307000000000695,0,0,0,1,6.13070000000007,21.11999999999989,53.05000000000018,0.45730442978322594,34.289999999999964,0.13648293963255456,8.340000000000146,19.83649999999998,0.104,-1.0,,,9,0,11.0,2025
2025-11-04 09:00:00+00:00|1.0|sess_comp_exp_follow_london_h9_q0.7_tp06_sl065,2025-11-04 09:00:00+00:00,STAGE28A,data/reports/stage28a_discovery_factory_batch_runner/stage28a_exact_trades.csv,session_compression_expansion_v1,sess_comp_exp_follow_london_h9_q0.7_tp06_sl065,4.185100000000057,3.135100000000057,2.435100000000057,1,1,1,0,3.135100000000057,68.20000000000027,30.5,0.3872131147540966,33.81999999999971,0.24837374334712325,20.980000000000018,15.940500000000043,0.016,1.0,,,9,1,11.0,2025
2025-11-06 09:00:00+00:00|1.0|sess_comp_exp_follow_london_h9_q0.7_tp06_sl065,2025-11-06 09:00:00+00:00,STAGE28A,data/reports/stage28a_discovery_factory_batch_runner/stage28a_exact_trades.csv,session_compression_expansion_v1,sess_comp_exp_follow_london_h9_q0.7_tp06_sl065,-3.315624999999818,-4.3656249999998185,-5.065624999999818,0,0,0,1,4.3656249999998185,61.58999999999969,25.949999999999818,0.5865125240847748,34.51999999999998,0.571552723059097,10.789999999999964,10.583000000000016,0.004,1.0,,,9,3,11.0,2025
2025-11-10 09:00:00+00:00|1.0|sess_comp_exp_follow_london_h9_q0.7_tp06_sl065,2025-11-10 09:00:00+00:00,STAGE28A,data/reports/stage28a_discovery_factory_batch_runner/stage28a_exact_trades.csv,session_compression_expansion_v1,sess_comp_exp_follow_london_h9_q0.7_tp06_sl065,-4.087175000000206,-5.137175000000207,-5.837175000000206,0,0,0,1,5.137175000000207,14.260000000000218,58.99000000000024,0.7174097304627902,35.89000000000033,0.7419894120925011,11.559999999999945,15.108999999999991,0.284,1.0,,,9,0,11.0,2025
2025-11-12 09:00:00+00:00|1.0|sess_comp_exp_follow_london_h9_q0.7_tp06_sl065,2025-11-12 09:00:00+00:00,STAGE28A,data/reports/stage28a_discovery_factory_batch_runner/stage28a_exact_trades.csv,session_compression_expansion_v1,sess_comp_exp_follow_london_h9_q0.7_tp06_sl065,-4.853200000000106,-5.903200000000107,-6.603200000000106,0,0,0,1,5.903200000000107,51.600000000000364,41.720000000000255,0.7739693192713271,34.56999999999971,0.5001446340757915,15.760000000000218,13.11550000000002,0.32,1.0,,,9,2,11.0,2025
2025-11-13 09:00:00+00:00|1.0|sess_comp_exp_follow_london_h9_q0.7_tp06_sl065,2025-11-13 09:00:00+00:00,STAGE28A,data/reports/stage28a_discovery_factory_batch_runner/stage28a_exact_trades.csv,session_compression_expansion_v1,sess_comp_exp_follow_london_h9_q0.7_tp06_sl065,4.46710000000021,3.4171000000002096,2.71710000000021,1,1,1,0,3.4171000000002096,112.90999999999985,39.74000000000069,0.4574735782586579,37.099999999999454,0.4256064690027007,8.86999999999989,17.819999999999983,0.704,1.0,,,9,3,11.0,2025
2025-11-14 09:00:00+00:00|-1.0|sess_comp_exp_follow_london_h9_q0.7_tp06_sl065,2025-11-14 09:00:00+00:00,STAGE28A,data/reports/stage28a_discovery_factory_batch_runner/stage28a_exact_trades.csv,session_compression_expansion_v1,sess_comp_exp_follow_london_h9_q0.7_tp06_sl065,-5.455424999999741,-6.505424999999741,-7.205424999999741,0,0,0,1,6.505424999999741,100.11999999999989,41.19999999999982,0.4191747572815438,44.849999999999454,0.7906354515050271,24.449999999999818,20.267999999999848,0.924,-1.0,,,9,4,11.0,2025
2025-11-17 09:00:00+00:00|1.0|sess_comp_exp_follow_london_h9_q0.7_tp06_sl065,2025-11-17 09:00:00+00:00,STAGE28A,data/reports/stage28a_discovery_factory_batch_runner/stage28a_exact_trades.csv,session_compression_expansion_v1,sess_comp_exp_follow_london_h9_q0.7_tp06_sl065,-5.585749999999825,-6.635749999999826,-7.335749999999825,0,0,0,1,6.635749999999826,32.4699999999998,36.690000000000055,0.48460070863996113,46.059999999999945,0.18019973947025048,17.199999999999818,25.166499999999882,0.968,1.0,,,9,0,11.0,2025
2025-11-18 09:00:00+00:00|1.0|sess_comp_exp_follow_london_h9_q0.7_tp06_sl065,2025-11-18 09:00:00+00:00,STAGE28A,data/reports/stage28a_discovery_factory_batch_runner/stage28a_exact_trades.csv,session_compression_expansion_v1,sess_comp_exp_follow_london_h9_q0.7_tp06_sl065,-6.0050000000002,-7.0550000000002,-7.7550000000002,0,0,0,1,7.0550000000002,99.80999999999995,50.38999999999987,0.5225243103790433,52.279999999999745,0.644988523335883,12.789999999999964,20.363499999999977,0.84,1.0,,,9,1,11.0,2025
2025-11-19 09:00:00+00:00|1.0|sess_comp_exp_follow_london_h9_q0.7_tp06_sl065,2025-11-19 09:00:00+00:00,STAGE28A,data/reports/stage28a_discovery_factory_batch_runner/stage28a_exact_trades.csv,session_compression_expansion_v1,sess_comp_exp_follow_london_h9_q0.7_tp06_sl065,3.8274999999997816,2.777499999999782,2.077499999999782,1,1,1,0,2.777499999999782,84.03999999999996,24.850000000000364,0.06156941649900111,44.95000000000027,0.7506117908787447,9.429999999999836,16.667000000000076,0.572,1.0,,,9,2,11.0,2025
2025-11-20 09:00:00+00:00|-1.0|sess_comp_exp_follow_london_h9_q0.7_tp06_sl065,2025-11-20 09:00:00+00:00,STAGE28A,data/reports/stage28a_discovery_factory_batch_runner/stage28a_exact_trades.csv,session_compression_expansion_v1,sess_comp_exp_follow_london_h9_q0.7_tp06_sl065,5.552799999999843,4.5027999999998425,3.802799999999843,1,1,1,0,4.5027999999998425,76.84000000000015,69.11999999999944,0.4225983796296336,39.01000000000022,0.403229941040757,18.93000000000029,20.25649999999994,0.792,-1.0,,,9,3,11.0,2025
2025-11-21 09:00:00+00:00|-1.0|sess_comp_exp_follow_london_h9_q0.7_tp06_sl065,2025-11-21 09:00:00+00:00,STAGE28A,data/reports/stage28a_discovery_factory_batch_runner/stage28a_exact_trades.csv,session_compression_expansion_v1,sess_comp_exp_follow_london_h9_q0.7_tp06_sl065,5.564499999999862,4.514499999999861,3.814499999999862,1,1,1,0,4.514499999999861,71.87999999999965,40.929999999999836,0.6594185194234031,42.33000000000038,0.3534136546184716,35.309999999999945,20.42049999999997,0.764,-1.0,,,9,4,11.0,2025
2025-11-24 09:00:00+00:00|1.0|sess_comp_exp_follow_london_h9_q0.7_tp06_sl065,2025-11-24 09:00:00+00:00,STAGE28A,data/reports/stage28a_discovery_factory_batch_runner/stage28a_exact_trades.csv,session_compression_expansion_v1,sess_comp_exp_follow_london_h9_q0.7_tp06_sl065,3.932500000000255,2.8825000000002547,2.182500000000255,1,1,1,0,2.8825000000002547,12.110000000000127,37.090000000000146,0.8398490159072518,37.44999999999982,0.5321762349799837,12.88000000000011,19.380000000000063,0.528,1.0,,,9,0,11.0,2025
2025-11-25 09:00:00+00:00|-1.0|sess_comp_exp_follow_london_h9_q0.7_tp06_sl065,2025-11-25 09:00:00+00:00,STAGE28A,data/reports/stage28a_discovery_factory_batch_runner/stage28a_exact_trades.csv,session_compression_expansion_v1,sess_comp_exp_follow_london_h9_q0.7_tp06_sl065,-4.442725000000428,-5.492725000000428,-6.192725000000428,0,0,0,1,5.492725000000428,104.51000000000022,33.219999999999345,0.08940397350991583,43.210000000000036,0.21939365887525006,13.270000000000437,15.051999999999998,0.232,-1.0,,,9,1,11.0,2025
2025-11-28 09:00:00+00:00|-1.0|sess_comp_exp_follow_london_h9_q0.7_tp06_sl065,2025-11-28 09:00:00+00:00,STAGE28A,data/reports/stage28a_discovery_factory_batch_runner/stage28a_exact_trades.csv,session_compression_expansion_v1,sess_comp_exp_follow_london_h9_q0.7_tp06_sl065,2.33080000000009,1.2808000000000903,0.5808000000000906,1,1,1,0,1.2808000000000903,25.909999999999854,34.81999999999971,0.7268811028144659,34.909999999999854,0.7023775422514933,6.859999999999673,9.263999999999896,0.064,-1.0,,,9,4,11.0,2025
2025-12-01 09:00:00+00:00|1.0|sess_comp_exp_follow_london_h9_q0.7_tp06_sl065,2025-12-01 09:00:00+00:00,STAGE28A,data/reports/stage28a_discovery_factory_batch_runner/stage28a_exact_trades.csv,session_compression_expansion_v1,sess_comp_exp_follow_london_h9_q0.7_tp06_sl065,3.936100000000261,2.886100000000261,2.186100000000261,1,1,1,0,2.886100000000261,24.699999999999818,50.460000000000036,0.4783987316686546,46.55000000000018,0.2212674543501446,14.100000000000364,17.54400000000005,0.516,1.0,,,9,0,12.0,2025
2025-12-02 09:00:00+00:00|-1.0|sess_comp_exp_follow_london_h9_q0.7_tp06_sl065,2025-12-02 09:00:00+00:00,STAGE28A,data/reports/stage28a_discovery_factory_batch_runner/stage28a_exact_trades.csv,session_compression_expansion_v1,sess_comp_exp_follow_london_h9_q0.7_tp06_sl065,-4.021849999999722,-5.071849999999722,-5.771849999999722,0,0,0,1,5.071849999999722,58.76000000000022,36.529999999999745,0.24035039693404642,44.98999999999978,0.7317181595910254,22.909999999999854,14.40600000000004,0.284,-1.0,,,9,1,12.0,2025
2025-12-09 09:00:00+00:00|1.0|sess_comp_exp_follow_london_h9_q0.7_tp06_sl065,2025-12-09 09:00:00+00:00,STAGE28A,data/reports/stage28a_discovery_factory_batch_runner/stage28a_exact_trades.csv,session_compression_expansion_v1,sess_comp_exp_follow_london_h9_q0.7_tp06_sl065,2.450799999999981,1.4007999999999812,0.7007999999999814,1,1,1,0,1.4007999999999812,42.48999999999978,14.079999999999927,0.5589488636363588,42.75,0.39836257309940926,14.0,10.80099999999993,0.2,1.0,,,9,1,12.0,2025
2025-12-12 09:00:00+00:00|1.0|sess_comp_exp_follow_london_h9_q0.7_tp06_sl065,2025-12-12 09:00:00+00:00,STAGE28A,data/reports/stage28a_discovery_factory_batch_runner/stage28a_exact_trades.csv,session_compression_expansion_v1,sess_comp_exp_follow_london_h9_q0.7_tp06_sl065,-2.9168500000001587,-3.9668500000001594,-4.666850000000158,0,0,0,1,3.9668500000001594,81.61000000000058,18.800000000000182,0.5281914893616642,64.73999999999978,0.9800741427247597,6.380000000000109,13.957999999999993,0.644,1.0,,,9,4,12.0,2025
2025-12-17 09:00:00+00:00|-1.0|sess_comp_exp_follow_london_h9_q0.7_tp06_sl065,2025-12-17 09:00:00+00:00,STAGE28A,data/reports/stage28a_discovery_factory_batch_runner/stage28a_exact_trades.csv,session_compression_expansion_v1,sess_comp_exp_follow_london_h9_q0.7_tp06_sl065,3.3184000000004743,2.2684000000004745,1.5684000000004747,1,1,1,0,2.2684000000004745,63.220000000000255,29.93000000000029,0.7327096558636541,35.470000000000255,0.33718635466591346,12.950000000000728,14.335500000000138,0.744,-1.0,,,9,2,12.0,2025
2025-12-29 09:00:00+00:00|-1.0|sess_comp_exp_follow_london_h9_q0.7_tp06_sl065,2025-12-29 09:00:00+00:00,STAGE28A,data/reports/stage28a_discovery_factory_batch_runner/stage28a_exact_trades.csv,session_compression_expansion_v1,sess_comp_exp_follow_london_h9_q0.7_tp06_sl065,5.317900000000373,4.267900000000372,3.567900000000373,1,1,1,0,4.267900000000372,26.170000000000073,76.92000000000007,0.15665626625065224,71.97000000000025,0.7582325969153874,39.340000000000146,23.160000000000036,1.0,-1.0,,,9,0,12.0,2025
2025-12-30 09:00:00+00:00|1.0|sess_comp_exp_follow_london_h9_q0.7_tp06_sl065,2025-12-30 09:00:00+00:00,STAGE28A,data/reports/stage28a_discovery_factory_batch_runner/stage28a_exact_trades.csv,session_compression_expansion_v1,sess_comp_exp_follow_london_h9_q0.7_tp06_sl065,-5.393024999999943,-6.443024999999944,-7.143024999999943,0,0,0,1,6.443024999999944,246.52999999999975,45.98999999999978,0.38704066101326956,41.36000000000058,0.5118471953578282,18.520000000000437,25.487500000000182,0.94,1.0,,,9,1,12.0,2025
2025-12-31 09:00:00+00:00|-1.0|sess_comp_exp_follow_london_h9_q0.7_tp06_sl065,2025-12-31 09:00:00+00:00,STAGE28A,data/reports/stage28a_discovery_factory_batch_runner/stage28a_exact_trades.csv,session_compression_expansion_v1,sess_comp_exp_follow_london_h9_q0.7_tp06_sl065,8.55729999999985,7.50729999999985,6.8072999999998505,1,1,1,0,7.50729999999985,80.57999999999993,44.35999999999967,0.13841298467086255,68.73999999999978,0.3840558626709299,54.44000000000051,24.946000000000005,0.912,-1.0,,,9,2,12.0,2025
2026-01-05 09:00:00+00:00|1.0|sess_comp_exp_follow_london_h9_q0.7_tp06_sl065,2026-01-05 09:00:00+00:00,STAGE28A,data/reports/stage28a_discovery_factory_batch_runner/stage28a_exact_trades.csv,session_compression_expansion_v1,sess_comp_exp_follow_london_h9_q0.7_tp06_sl065,4.387299999999778,3.337299999999777,2.6372999999997777,1,1,1,0,3.337299999999777,30.640000000000327,74.94000000000051,0.425540432345866,38.8100000000004,0.8294254058232226,14.890000000000327,19.987000000000034,0.724,1.0,,,9,0,1.0,2026
2026-01-07 09:00:00+00:00|-1.0|sess_comp_exp_follow_london_h9_q0.7_tp06_sl065,2026-01-07 09:00:00+00:00,STAGE28A,data/reports/stage28a_discovery_factory_batch_runner/stage28a_exact_trades.csv,session_compression_expansion_v1,sess_comp_exp_follow_london_h9_q0.7_tp06_sl065,3.957099999999991,2.907099999999992,2.207099999999992,1,1,1,0,2.907099999999992,69.30999999999949,40.720000000000255,0.7094793713163101,33.11999999999989,0.011171497584537804,18.86999999999989,15.88100000000004,0.348,-1.0,,,9,2,1.0,2026
2026-01-12 09:00:00+00:00|1.0|sess_comp_exp_follow_london_h9_q0.7_tp06_sl065,2026-01-12 09:00:00+00:00,STAGE28A,data/reports/stage28a_discovery_factory_batch_runner/stage28a_exact_trades.csv,session_compression_expansion_v1,sess_comp_exp_follow_london_h9_q0.7_tp06_sl065,-4.905524999999761,-5.955524999999762,-6.655524999999761,0,0,0,1,5.955524999999762,31.800000000000182,87.85999999999967,0.32540405190075405,33.039999999999964,0.7760290556900559,10.990000000000691,23.914499999999954,0.82,1.0,,,9,0,1.0,2026
2026-01-20 09:00:00+00:00|1.0|sess_comp_exp_follow_london_h9_q0.7_tp06_sl065,2026-01-20 09:00:00+00:00,STAGE28A,data/reports/stage28a_discovery_factory_batch_runner/stage28a_exact_trades.csv,session_compression_expansion_v1,sess_comp_exp_follow_london_h9_q0.7_tp06_sl065,3.807400000000052,2.7574000000000525,2.0574000000000527,1,1,1,0,2.7574000000000525,70.75,37.38999999999942,0.7983418026210438,43.05000000000018,0.726596980255529,11.449999999999818,11.228999999999905,0.04,1.0,,,9,1,1.0,2026
2026-01-21 09:00:00+00:00|-1.0|sess_comp_exp_follow_london_h9_q0.7_tp06_sl065,2026-01-21 09:00:00+00:00,STAGE28A,data/reports/stage28a_discovery_factory_batch_runner/stage28a_exact_trades.csv,session_compression_expansion_v1,sess_comp_exp_follow_london_h9_q0.7_tp06_sl065,-8.789924999999675,-9.839924999999676,-10.539924999999675,0,0,0,1,9.839924999999676,117.38999999999942,112.94999999999982,0.7990261177512187,55.72999999999956,0.06728871343979956,42.5600000000004,22.026999999999997,0.9,-1.0,,,9,2,1.0,2026
2026-01-22 09:00:00+00:00|1.0|sess_comp_exp_follow_london_h9_q0.7_tp06_sl065,2026-01-22 09:00:00+00:00,STAGE28A,data/reports/stage28a_discovery_factory_batch_runner/stage28a_exact_trades.csv,session_compression_expansion_v1,sess_comp_exp_follow_london_h9_q0.7_tp06_sl065,-5.555525000000307,-6.605525000000307,-7.305525000000307,0,0,0,1,6.605525000000307,132.3699999999999,62.81999999999971,0.306431072906719,44.42000000000007,0.716343989194049,12.829999999999927,32.33500000000008,0.976,1.0,,,9,3,1.0,2026
2026-01-23 09:00:00+00:00|-1.0|sess_comp_exp_follow_london_h9_q0.7_tp06_sl065,2026-01-23 09:00:00+00:00,STAGE28A,data/reports/stage28a_discovery_factory_batch_runner/stage28a_exact_trades.csv,session_compression_expansion_v1,sess_comp_exp_follow_london_h9_q0.7_tp06_sl065,3.624699999999757,2.574699999999757,1.8746999999997571,1,1,1,0,2.574699999999757,187.47999999999956,36.32999999999993,0.07349298100743402,67.39999999999964,0.3921364985163269,17.539999999999964,21.3625,0.722,-1.0,,,9,4,1.0,2026
2026-01-26 09:00:00+00:00|1.0|sess_comp_exp_follow_london_h9_q0.7_tp06_sl065,2026-01-26 09:00:00+00:00,STAGE28A,data/reports/stage28a_discovery_factory_batch_runner/stage28a_exact_trades.csv,session_compression_expansion_v1,sess_comp_exp_follow_london_h9_q0.7_tp06_sl065,-9.39832499999975,-10.44832499999975,-11.14832499999975,0,0,0,1,10.44832499999975,37.909999999999854,90.77999999999975,0.33718880810752,58.66999999999916,0.36475200272713226,45.339999999999236,26.526499999999942,0.912,1.0,,,9,0,1.0,2026
2026-01-27 09:00:00+00:00|1.0|sess_comp_exp_follow_london_h9_q0.7_tp06_sl065,2026-01-27 09:00:00+00:00,STAGE28A,data/reports/stage28a_discovery_factory_batch_runner/stage28a_exact_trades.csv,session_compression_expansion_v1,sess_comp_exp_follow_london_h9_q0.7_tp06_sl065,6.05980000000036,5.009800000000359,4.30980000000036,1,1,1,0,5.009800000000359,120.89999999999964,66.71999999999935,0.3625599520383805,43.279999999999745,0.441543438077629,17.280000000000655,34.68999999999996,0.996,1.0,,,9,1,1.0,2026
2026-01-28 09:00:00+00:00|1.0|sess_comp_exp_follow_london_h9_q0.7_tp06_sl065,2026-01-28 09:00:00+00:00,STAGE28A,data/reports/stage28a_discovery_factory_batch_runner/stage28a_exact_trades.csv,session_compression_expansion_v1,sess_comp_exp_follow_london_h9_q0.7_tp06_sl065,-8.288449999999647,-9.338449999999648,-10.038449999999647,0,0,0,1,9.338449999999648,177.47999999999956,91.47000000000025,0.8015742866513557,70.05000000000018,0.3504639543183327,19.400000000000546,28.39450000000006,0.844,1.0,,,9,2,1.0,2026
2026-01-29 09:00:00+00:00|-1.0|sess_comp_exp_follow_london_h9_q0.7_tp06_sl065,2026-01-29 09:00:00+00:00,STAGE28A,data/reports/stage28a_discovery_factory_batch_runner/stage28a_exact_trades.csv,session_compression_expansion_v1,sess_comp_exp_follow_london_h9_q0.7_tp06_sl065,12.139300000000183,11.089300000000184,10.389300000000183,1,1,1,0,11.089300000000184,367.5100000000002,177.09000000000015,0.2549551075724185,120.55000000000018,0.6137702198257957,40.72999999999956,55.31000000000004,1.0,-1.0,,,9,3,1.0,2026
2026-01-30 09:00:00+00:00|-1.0|sess_comp_exp_follow_london_h9_q0.7_tp06_sl065,2026-01-30 09:00:00+00:00,STAGE28A,data/reports/stage28a_discovery_factory_batch_runner/stage28a_exact_trades.csv,session_compression_expansion_v1,sess_comp_exp_follow_london_h9_q0.7_tp06_sl065,25.26579999999958,24.215799999999582,23.51579999999958,1,1,1,0,24.215799999999582,494.8599999999997,338.6199999999999,0.661360817435473,297.4300000000003,0.3163433412903878,59.460000000000036,92.42299999999996,1.0,-1.0,,,9,4,1.0,2026
2026-02-02 09:00:00+00:00|1.0|sess_comp_exp_follow_london_h9_q0.7_tp06_sl065,2026-02-02 09:00:00+00:00,STAGE28A,data/reports/stage28a_discovery_factory_batch_runner/stage28a_exact_trades.csv,session_compression_expansion_v1,sess_comp_exp_follow_london_h9_q0.7_tp06_sl065,35.75949999999957,34.70949999999957,34.00949999999957,1,1,1,0,34.70949999999957,168.01999999999953,300.52999999999975,0.20949655608425147,330.25,0.07887963663891047,169.89999999999964,132.1264999999998,1.0,1.0,,,9,0,2.0,2026
2026-02-03 09:00:00+00:00|1.0|sess_comp_exp_follow_london_h9_q0.7_tp06_sl065,2026-02-03 09:00:00+00:00,STAGE28A,data/reports/stage28a_discovery_factory_batch_runner/stage28a_exact_trades.csv,session_compression_expansion_v1,sess_comp_exp_follow_london_h9_q0.7_tp06_sl065,-17.542825000000086,-18.592825000000083,-19.29282500000009,0,0,0,1,18.592825000000083,481.1899999999996,189.4900000000007,0.18222597498548535,139.53999999999996,0.6661889064067655,77.38999999999942,76.99800000000009,0.764,1.0,,,9,1,2.0,2026
2026-02-04 09:00:00+00:00|-1.0|sess_comp_exp_follow_london_h9_q0.7_tp06_sl065,2026-02-04 09:00:00+00:00,STAGE28A,data/reports/stage28a_discovery_factory_batch_runner/stage28a_exact_trades.csv,session_compression_expansion_v1,sess_comp_exp_follow_london_h9_q0.7_tp06_sl065,-10.562800000000244,-11.612800000000243,-12.312800000000244,0,0,0,1,11.612800000000243,327.28999999999996,170.6200000000008,0.7802133395850385,50.0,0.6368000000000029,31.539999999999964,48.64099999999994,0.596,-1.0,,,9,2,2.0,2026
2026-02-05 09:00:00+00:00|-1.0|sess_comp_exp_follow_london_h9_q0.7_tp06_sl065,2026-02-05 09:00:00+00:00,STAGE28A,data/reports/stage28a_discovery_factory_batch_runner/stage28a_exact_trades.csv,session_compression_expansion_v1,sess_comp_exp_follow_london_h9_q0.7_tp06_sl065,21.99820000000036,20.94820000000036,20.24820000000036,1,1,1,0,20.94820000000036,239.94999999999982,234.41000000000076,0.6337613583038263,116.44999999999982,0.11592958351223719,55.3100000000004,60.79850000000006,0.72,-1.0,,,9,3,2.0,2026
2026-02-06 09:00:00+00:00|1.0|sess_comp_exp_follow_london_h9_q0.7_tp06_sl065,2026-02-06 09:00:00+00:00,STAGE28A,data/reports/stage28a_discovery_factory_batch_runner/stage28a_exact_trades.csv,session_compression_expansion_v1,sess_comp_exp_follow_london_h9_q0.7_tp06_sl065,-17.051100000000226,-18.101100000000223,-18.801100000000226,0,0,0,1,18.101100000000223,320.3100000000004,191.01000000000022,0.5794461022983098,95.03999999999996,0.6758207070707027,76.86999999999989,65.68799999999996,0.724,1.0,,,9,4,2.0,2026
2026-02-09 09:00:00+00:00|-1.0|sess_comp_exp_follow_london_h9_q0.7_tp06_sl065,2026-02-09 09:00:00+00:00,STAGE28A,data/reports/stage28a_discovery_factory_batch_runner/stage28a_exact_trades.csv,session_compression_expansion_v1,sess_comp_exp_follow_london_h9_q0.7_tp06_sl065,-10.37559999999994,-11.42559999999994,-12.12559999999994,0,0,0,1,11.42559999999994,81.67000000000007,81.67000000000007,0.2937431125260164,62.659999999999854,0.33482285349506097,31.390000000000327,37.189000000000036,0.296,-1.0,,,9,0,2.0,2026
2026-02-10 09:00:00+00:00|1.0|sess_comp_exp_follow_london_h9_q0.7_tp06_sl065,2026-02-10 09:00:00+00:00,STAGE28A,data/reports/stage28a_discovery_factory_batch_runner/stage28a_exact_trades.csv,session_compression_expansion_v1,sess_comp_exp_follow_london_h9_q0.7_tp06_sl065,-8.396675000000505,-9.446675000000504,-10.146675000000505,0,0,0,1,9.446675000000504,121.23000000000047,87.30999999999949,0.0027488260222276097,51.73999999999978,0.304020100502523,26.279999999999745,29.88449999999998,0.104,1.0,,,9,1,2.0,2026
2026-02-13 09:00:00+00:00|-1.0|sess_comp_exp_follow_london_h9_q0.7_tp06_sl065,2026-02-13 09:00:00+00:00,STAGE28A,data/reports/stage28a_discovery_factory_batch_runner/stage28a_exact_trades.csv,session_compression_expansion_v1,sess_comp_exp_follow_london_h9_q0.7_tp06_sl065,-8.813649999999688,-9.863649999999687,-10.563649999999688,0,0,0,1,9.863649999999687,221.16999999999916,110.14999999999964,0.510939627780299,44.63000000000011,0.5969079094779152,22.55999999999949,39.4014999999999,0.424,-1.0,,,9,4,2.0,2026
2026-02-16 09:00:00+00:00|1.0|sess_comp_exp_follow_london_h9_q0.7_tp06_sl065,2026-02-16 09:00:00+00:00,STAGE28A,data/reports/stage28a_discovery_factory_batch_runner/stage28a_exact_trades.csv,session_compression_expansion_v1,sess_comp_exp_follow_london_h9_q0.7_tp06_sl065,-6.754774999999972,-7.804774999999973,-8.504774999999972,0,0,0,1,7.804774999999973,39.280000000000655,77.38000000000011,0.561643835616438,50.88000000000011,0.5548349056603676,18.13000000000011,28.469500000000018,0.136,1.0,,,9,0,2.0,2026
2026-02-17 09:00:00+00:00|-1.0|sess_comp_exp_follow_london_h9_q0.7_tp06_sl065,2026-02-17 09:00:00+00:00,STAGE28A,data/reports/stage28a_discovery_factory_batch_runner/stage28a_exact_trades.csv,session_compression_expansion_v1,sess_comp_exp_follow_london_h9_q0.7_tp06_sl065,-9.741525,-10.791525000000002,-11.491525,0,0,0,1,10.791525000000002,84.22000000000025,77.25,0.4779288025889977,91.84000000000015,0.4317290940766603,27.4399999999996,24.475999999999978,0.128,-1.0,,,9,1,2.0,2026
2026-02-19 09:00:00+00:00|1.0|sess_comp_exp_follow_london_h9_q0.7_tp06_sl065,2026-02-19 09:00:00+00:00,STAGE28A,data/reports/stage28a_discovery_factory_batch_runner/stage28a_exact_trades.csv,session_compression_expansion_v1,sess_comp_exp_follow_london_h9_q0.7_tp06_sl065,-4.446300000000155,-5.496300000000156,-6.196300000000155,0,0,0,1,5.496300000000156,156.84000000000015,28.07000000000062,0.2921268257926483,40.33000000000084,0.22737416315397677,23.1899999999996,18.661500000000025,0.056,1.0,,,9,3,2.0,2026
2026-02-20 09:00:00+00:00|1.0|sess_comp_exp_follow_london_h9_q0.7_tp06_sl065,2026-02-20 09:00:00+00:00,STAGE28A,data/reports/stage28a_discovery_factory_batch_runner/stage28a_exact_trades.csv,session_compression_expansion_v1,sess_comp_exp_follow_london_h9_q0.7_tp06_sl065,-5.698525000000336,-6.7485250000003365,-7.448525000000336,0,0,0,1,6.7485250000003365,61.32000000000062,32.899999999999636,0.36413373860181447,44.55999999999949,0.7773788150807858,18.089999999999236,19.492000000000054,0.168,1.0,,,9,4,2.0,2026
2026-02-23 09:00:00+00:00|-1.0|sess_comp_exp_follow_london_h9_q0.7_tp06_sl065,2026-02-23 09:00:00+00:00,STAGE28A,data/reports/stage28a_discovery_factory_batch_runner/stage28a_exact_trades.csv,session_compression_expansion_v1,sess_comp_exp_follow_london_h9_q0.7_tp06_sl065,5.127100000000064,4.077100000000064,3.3771000000000644,1,1,1,0,4.077100000000064,72.84000000000015,77.53999999999996,0.0517152437451549,40.94999999999982,0.05225885225883828,16.13000000000011,29.69599999999996,0.632,-1.0,,,9,0,2.0,2026
2026-02-26 09:00:00+00:00|-1.0|sess_comp_exp_follow_london_h9_q0.7_tp06_sl065,2026-02-26 09:00:00+00:00,STAGE28A,data/reports/stage28a_discovery_factory_batch_runner/stage28a_exact_trades.csv,session_compression_expansion_v1,sess_comp_exp_follow_london_h9_q0.7_tp06_sl065,3.9487000000002808,2.898700000000281,2.198700000000281,1,1,1,0,2.898700000000281,94.65999999999985,43.400000000000546,0.6817972350230362,39.1899999999996,0.5435059964276703,9.269999999999527,21.66899999999987,0.344,-1.0,,,9,3,2.0,2026
2026-03-02 09:00:00+00:00|1.0|sess_comp_exp_follow_london_h9_q0.7_tp06_sl065,2026-03-02 09:00:00+00:00,STAGE28A,data/reports/stage28a_discovery_factory_batch_runner/stage28a_exact_trades.csv,session_compression_expansion_v1,sess_comp_exp_follow_london_h9_q0.7_tp06_sl065,-8.289749999999549,-9.33974999999955,-10.039749999999549,0,0,0,1,9.33974999999955,87.94000000000051,89.74000000000069,0.3510140405616198,78.23999999999978,0.43366564417177245,26.17999999999938,34.288500000000155,1.0,1.0,,,9,0,3.0,2026
2026-03-03 09:00:00+00:00|-1.0|sess_comp_exp_follow_london_h9_q0.7_tp06_sl065,2026-03-03 09:00:00+00:00,STAGE28A,data/reports/stage28a_discovery_factory_batch_runner/stage28a_exact_trades.csv,session_compression_expansion_v1,sess_comp_exp_follow_london_h9_q0.7_tp06_sl065,-11.086375000000409,-12.136375000000408,-12.836375000000409,0,0,0,1,12.136375000000408,158.2599999999993,50.460000000000036,0.2964724534284587,140.09999999999945,0.804354032833697,43.77000000000044,33.022499999999994,0.936,-1.0,,,9,1,3.0,2026
2026-03-04 09:00:00+00:00|1.0|sess_comp_exp_follow_london_h9_q0.7_tp06_sl065,2026-03-04 09:00:00+00:00,STAGE28A,data/reports/stage28a_discovery_factory_batch_runner/stage28a_exact_trades.csv,session_compression_expansion_v1,sess_comp_exp_follow_london_h9_q0.7_tp06_sl065,-11.325250000000414,-12.375250000000417,-13.075250000000414,0,0,0,1,12.375250000000417,382.7999999999993,105.97000000000025,0.29508351420212753,79.67000000000007,0.4089368645663348,37.86999999999989,60.379999999999974,0.952,1.0,,,9,2,3.0,2026
2026-03-05 09:00:00+00:00|-1.0|sess_comp_exp_follow_london_h9_q0.7_tp06_sl065,2026-03-05 09:00:00+00:00,STAGE28A,data/reports/stage28a_discovery_factory_batch_runner/stage28a_exact_trades.csv,session_compression_expansion_v1,sess_comp_exp_follow_london_h9_q0.7_tp06_sl065,-8.957624999999643,-10.007624999999644,-10.707624999999643,0,0,0,1,10.007624999999644,121.39000000000033,50.22999999999956,0.11108899064304152,59.60999999999967,0.12028183190739997,47.97999999999956,26.565499999999883,0.636,-1.0,,,9,3,3.0,2026
2026-03-06 09:00:00+00:00|-1.0|sess_comp_exp_follow_london_h9_q0.7_tp06_sl065,2026-03-06 09:00:00+00:00,STAGE28A,data/reports/stage28a_discovery_factory_batch_runner/stage28a_exact_trades.csv,session_compression_expansion_v1,sess_comp_exp_follow_london_h9_q0.7_tp06_sl065,-5.740774999999848,-6.790774999999849,-7.490774999999848,0,0,0,1,6.790774999999849,143.6899999999996,76.73999999999978,0.5422204847537111,54.25,0.6733640552995345,13.710000000000036,29.561999999999944,0.644,-1.0,,,9,4,3.0,2026
2026-03-09 09:00:00+00:00|1.0|sess_comp_exp_follow_london_h9_q0.7_tp06_sl065,2026-03-09 09:00:00+00:00,STAGE28A,data/reports/stage28a_discovery_factory_batch_runner/stage28a_exact_trades.csv,session_compression_expansion_v1,sess_comp_exp_follow_london_h9_q0.7_tp06_sl065,8.506600000000072,7.456600000000071,6.756600000000072,1,1,1,0,7.456600000000071,147.64000000000033,176.90999999999985,0.08184952800859469,59.55000000000018,0.053064651553313934,36.88000000000011,46.93250000000016,0.924,1.0,,,9,0,3.0,2026
2026-03-12 09:00:00+00:00|1.0|sess_comp_exp_follow_london_h9_q0.7_tp06_sl065,2026-03-12 09:00:00+00:00,STAGE28A,data/reports/stage28a_discovery_factory_batch_runner/stage28a_exact_trades.csv,session_compression_expansion_v1,sess_comp_exp_follow_london_h9_q0.7_tp06_sl065,-5.54090000000051,-6.590900000000511,-7.29090000000051,0,0,0,1,6.590900000000511,89.92000000000007,56.44999999999982,0.14508414526128655,54.350000000000364,0.7308187672493098,22.850000000000364,22.40400000000009,0.228,1.0,,,9,3,3.0,2026
2026-03-13 09:00:00+00:00|-1.0|sess_comp_exp_follow_london_h9_q0.7_tp06_sl065,2026-03-13 09:00:00+00:00,STAGE28A,data/reports/stage28a_discovery_factory_batch_runner/stage28a_exact_trades.csv,session_compression_expansion_v1,sess_comp_exp_follow_london_h9_q0.7_tp06_sl065,4.221100000000115,3.171100000000115,2.4711000000001158,1,1,1,0,3.171100000000115,136.32999999999993,55.710000000000036,0.1202656614611347,49.1299999999992,0.19967433340117344,22.100000000000364,20.457000000000107,0.112,-1.0,,,9,4,3.0,2026
2026-03-16 09:00:00+00:00|-1.0|sess_comp_exp_follow_london_h9_q0.7_tp06_sl065,2026-03-16 09:00:00+00:00,STAGE28A,data/reports/stage28a_discovery_factory_batch_runner/stage28a_exact_trades.csv,session_compression_expansion_v1,sess_comp_exp_follow_london_h9_q0.7_tp06_sl065,-6.1658750000002325,-7.215875000000233,-7.915875000000232,0,0,0,1,7.215875000000233,62.539999999999964,62.710000000000036,0.2433423696380196,65.6899999999996,0.21205662962398336,30.519999999999527,31.65949999999998,0.68,-1.0,,,9,0,3.0,2026
2026-03-19 09:00:00+00:00|-1.0|sess_comp_exp_follow_london_h9_q0.7_tp06_sl065,2026-03-19 09:00:00+00:00,STAGE28A,data/reports/stage28a_discovery_factory_batch_runner/stage28a_exact_trades.csv,session_compression_expansion_v1,sess_comp_exp_follow_london_h9_q0.7_tp06_sl065,7.304199999999946,6.254199999999946,5.5541999999999465,1,1,1,0,6.254199999999946,209.3699999999999,62.36999999999989,0.2081128747795494,187.1199999999999,0.911928174433516,94.14000000000033,32.58100000000004,0.908,-1.0,,,9,3,3.0,2026
2026-03-20 09:00:00+00:00|-1.0|sess_comp_exp_follow_london_h9_q0.7_tp06_sl065,2026-03-20 09:00:00+00:00,STAGE28A,data/reports/stage28a_discovery_factory_batch_runner/stage28a_exact_trades.csv,session_compression_expansion_v1,sess_comp_exp_follow_london_h9_q0.7_tp06_sl065,8.349400000000424,7.299400000000423,6.599400000000424,1,1,1,0,7.299400000000423,364.7399999999998,101.35999999999967,0.7723954222573028,96.74000000000069,0.788918751292124,39.720000000000255,46.81500000000001,0.936,-1.0,,,9,4,3.0,2026
2026-03-23 09:00:00+00:00|-1.0|sess_comp_exp_follow_london_h9_q0.7_tp06_sl065,2026-03-23 09:00:00+00:00,STAGE28A,data/reports/stage28a_discovery_factory_batch_runner/stage28a_exact_trades.csv,session_compression_expansion_v1,sess_comp_exp_follow_london_h9_q0.7_tp06_sl065,-22.91800000000021,-23.96800000000021,-24.66800000000021,0,0,0,1,23.96800000000021,86.35999999999967,216.32999999999993,0.4497758054823659,280.8600000000006,0.3504949084953336,146.9399999999996,70.35300000000007,1.0,-1.0,,,9,0,3.0,2026
2026-03-24 09:00:00+00:00|1.0|sess_comp_exp_follow_london_h9_q0.7_tp06_sl065,2026-03-24 09:00:00+00:00,STAGE28A,data/reports/stage28a_discovery_factory_batch_runner/stage28a_exact_trades.csv,session_compression_expansion_v1,sess_comp_exp_follow_london_h9_q0.7_tp06_sl065,-16.53922500000008,-17.589225000000077,-18.28922500000008,0,0,0,1,17.589225000000077,437.1700000000001,141.98999999999978,0.7553348827382221,121.75,0.8636550308008258,62.02000000000044,71.92600000000002,0.912,1.0,,,9,1,3.0,2026
2026-03-25 09:00:00+00:00|-1.0|sess_comp_exp_follow_london_h9_q0.7_tp06_sl065,2026-03-25 09:00:00+00:00,STAGE28A,data/reports/stage28a_discovery_factory_batch_runner/stage28a_exact_trades.csv,session_compression_expansion_v1,sess_comp_exp_follow_london_h9_q0.7_tp06_sl065,6.742300000000251,5.69230000000025,4.992300000000251,1,1,1,0,5.69230000000025,245.17999999999938,146.3800000000001,0.1763902172427906,45.51999999999953,0.31480667838313,23.75,42.5585,0.676,-1.0,,,9,2,3.0,2026
2026-03-26 09:00:00+00:00|-1.0|sess_comp_exp_follow_london_h9_q0.7_tp06_sl065,2026-03-26 09:00:00+00:00,STAGE28A,data/reports/stage28a_discovery_factory_batch_runner/stage28a_exact_trades.csv,session_compression_expansion_v1,sess_comp_exp_follow_london_h9_q0.7_tp06_sl065,-10.516650000000118,-11.566650000000118,-12.266650000000118,0,0,0,1,11.566650000000118,146.3800000000001,54.910000000000764,0.4028410125660095,109.26000000000022,0.7089511257550786,43.73000000000047,36.50800000000013,0.608,-1.0,,,9,3,3.0,2026
2026-03-27 09:00:00+00:00|-1.0|sess_comp_exp_follow_london_h9_q0.7_tp06_sl065,2026-03-27 09:00:00+00:00,STAGE28A,data/reports/stage28a_discovery_factory_batch_runner/stage28a_exact_trades.csv,session_compression_expansion_v1,sess_comp_exp_follow_london_h9_q0.7_tp06_sl065,6.655599999999504,5.605599999999503,4.905599999999504,1,1,1,0,5.605599999999503,192.66000000000076,73.67999999999938,0.5563246471226945,64.27999999999975,0.48397635345363715,21.029999999999745,35.2099999999999,0.528,-1.0,,,9,4,3.0,2026
2026-03-30 09:00:00+00:00|1.0|sess_comp_exp_follow_london_h9_q0.7_tp06_sl065,2026-03-30 09:00:00+00:00,STAGE28A,data/reports/stage28a_discovery_factory_batch_runner/stage28a_exact_trades.csv,session_compression_expansion_v1,sess_comp_exp_follow_london_h9_q0.7_tp06_sl065,-10.3960750000002,-11.4460750000002,-12.1460750000002,0,0,0,1,11.4460750000002,39.409999999999854,97.78999999999996,0.1155537376009836,64.01999999999953,0.5651358950328109,31.529999999999745,38.44049999999993,0.632,1.0,,,9,0,3.0,2026
2026-04-01 09:00:00+00:00|1.0|sess_comp_exp_follow_london_h9_q0.7_tp06_sl065,2026-04-01 09:00:00+00:00,STAGE28A,data/reports/stage28a_discovery_factory_batch_runner/stage28a_exact_trades.csv,session_compression_expansion_v1,sess_comp_exp_follow_london_h9_q0.7_tp06_sl065,-8.195500000000356,-9.245500000000357,-9.945500000000356,0,0,0,1,9.245500000000357,204.27000000000044,62.159999999999854,0.011904761904773053,80.67000000000007,0.5141936283624697,28.660000000000764,29.81549999999993,0.196,1.0,,,9,2,4.0,2026
2026-04-02 09:00:00+00:00|-1.0|sess_comp_exp_follow_london_h9_q0.7_tp06_sl065,2026-04-02 09:00:00+00:00,STAGE28A,data/reports/stage28a_discovery_factory_batch_runner/stage28a_exact_trades.csv,session_compression_expansion_v1,sess_comp_exp_follow_london_h9_q0.7_tp06_sl065,14.784100000000215,13.734100000000216,13.034100000000215,1,1,1,0,13.734100000000216,131.1300000000001,150.57999999999993,0.6674193119936249,127.85000000000036,0.4268283144309703,94.5600000000004,37.019000000000005,0.564,-1.0,,,9,3,4.0,2026
2026-04-06 09:00:00+00:00|1.0|sess_comp_exp_follow_london_h9_q0.7_tp06_sl065,2026-04-06 09:00:00+00:00,STAGE28A,data/reports/stage28a_discovery_factory_batch_runner/stage28a_exact_trades.csv,session_compression_expansion_v1,sess_comp_exp_follow_london_h9_q0.7_tp06_sl065,-9.647599999999874,-10.697599999999875,-11.397599999999874,0,0,0,1,10.697599999999875,51.22999999999956,70.59000000000015,0.08358124380224584,66.5,0.7993984962405993,27.140000000000327,35.66599999999994,0.46,1.0,,,9,0,4.0,2026
2026-04-07 09:00:00+00:00|1.0|sess_comp_exp_follow_london_h9_q0.7_tp06_sl065,2026-04-07 09:00:00+00:00,STAGE28A,data/reports/stage28a_discovery_factory_batch_runner/stage28a_exact_trades.csv,session_compression_expansion_v1,sess_comp_exp_follow_london_h9_q0.7_tp06_sl065,-9.16432500000028,-10.21432500000028,-10.91432500000028,0,0,0,1,10.21432500000028,105.48999999999978,51.460000000000036,0.17061795569375532,71.22999999999956,0.3018391127334007,38.039999999999964,20.679999999999882,0.028,1.0,,,9,1,4.0,2026
2026-04-08 09:00:00+00:00|-1.0|sess_comp_exp_follow_london_h9_q0.7_tp06_sl065,2026-04-08 09:00:00+00:00,STAGE28A,data/reports/stage28a_discovery_factory_batch_runner/stage28a_exact_trades.csv,session_compression_expansion_v1,sess_comp_exp_follow_london_h9_q0.7_tp06_sl065,-8.220850000000246,-9.270850000000246,-9.970850000000246,0,0,0,1,9.270850000000246,211.28000000000065,140.1299999999992,0.1491472204381693,66.96000000000004,0.2144563918757417,43.150000000000546,35.56950000000002,0.62,-1.0,,,9,2,4.0,2026
2026-04-28 09:00:00+00:00|-1.0|sess_comp_exp_follow_london_h9_q0.7_tp06_sl065,2026-04-28 09:00:00+00:00,STAGE28A,data/reports/stage28a_discovery_factory_batch_runner/stage28a_exact_trades.csv,session_compression_expansion_v1,sess_comp_exp_follow_london_h9_q0.7_tp06_sl065,4.900299999999698,3.8502999999996974,3.1502999999996977,1,1,1,0,3.8502999999996974,62.81999999999971,34.590000000000146,0.49031511997687094,66.61000000000058,0.9911424711004333,44.07999999999993,12.861999999999899,0.044,-1.0,,,9,1,4.0,2026
2026-04-29 09:00:00+00:00|-1.0|sess_comp_exp_follow_london_h9_q0.7_tp06_sl065,2026-04-29 09:00:00+00:00,STAGE28A,data/reports/stage28a_discovery_factory_batch_runner/stage28a_exact_trades.csv,session_compression_expansion_v1,sess_comp_exp_follow_london_h9_q0.7_tp06_sl065,-5.48760000000002,-6.537600000000021,-7.23760000000002,0,0,0,1,6.537600000000021,146.2599999999993,33.97999999999956,0.036492054149493754,55.970000000000255,0.707343219581902,16.829999999999927,17.580000000000155,0.448,-1.0,,,9,2,4.0,2026
2026-04-30 09:00:00+00:00|1.0|sess_comp_exp_follow_london_h9_q0.7_tp06_sl065,2026-04-30 09:00:00+00:00,STAGE28A,data/reports/stage28a_discovery_factory_batch_runner/stage28a_exact_trades.csv,session_compression_expansion_v1,sess_comp_exp_follow_london_h9_q0.7_tp06_sl065,-5.800574999999844,-6.850574999999845,-7.550574999999844,0,0,0,1,6.850574999999845,99.84999999999945,43.11000000000058,0.09255393180235973,91.03999999999996,0.7621924428822534,27.48999999999978,20.028499999999802,0.708,1.0,,,9,3,4.0,2026
2026-05-01 09:00:00+00:00|-1.0|sess_comp_exp_follow_london_h9_q0.7_tp06_sl065,2026-05-01 09:00:00+00:00,STAGE28A,data/reports/stage28a_discovery_factory_batch_runner/stage28a_exact_trades.csv,session_compression_expansion_v1,sess_comp_exp_follow_london_h9_q0.7_tp06_sl065,-4.583124999999745,-5.633124999999746,-6.333124999999745,0,0,0,1,5.633124999999746,107.63000000000011,21.970000000000255,0.17023213472916424,68.44999999999982,0.9382030679327906,13.239999999999782,14.232000000000061,0.14,-1.0,,,9,4,5.0,2026
2026-05-06 09:00:00+00:00|1.0|sess_comp_exp_follow_london_h9_q0.7_tp06_sl065,2026-05-06 09:00:00+00:00,STAGE28A,data/reports/stage28a_discovery_factory_batch_runner/stage28a_exact_trades.csv,session_compression_expansion_v1,sess_comp_exp_follow_london_h9_q0.7_tp06_sl065,4.428699999999845,3.3786999999998444,2.6786999999998446,1,1,1,0,3.3786999999998444,72.96000000000004,105.18000000000029,0.6700893706027788,65.11000000000058,0.8944862540316274,19.079999999999927,17.92749999999978,0.448,1.0,,,9,2,5.0,2026
2026-05-07 09:00:00+00:00|1.0|sess_comp_exp_follow_london_h9_q0.7_tp06_sl065,2026-05-07 09:00:00+00:00,STAGE28A,data/reports/stage28a_discovery_factory_batch_runner/stage28a_exact_trades.csv,session_compression_expansion_v1,sess_comp_exp_follow_london_h9_q0.7_tp06_sl065,-4.987424999999893,-6.037424999999894,-6.737424999999893,0,0,0,1,6.037424999999894,176.60000000000036,35.909999999999854,0.12252854358116552,61.06999999999971,0.48747339119043176,11.819999999999709,17.707499999999982,0.388,1.0,,,9,3,5.0,2026
2026-05-14 09:00:00+00:00|1.0|sess_comp_exp_follow_london_h9_q0.7_tp06_sl065,2026-05-14 09:00:00+00:00,STAGE28A,data/reports/stage28a_discovery_factory_batch_runner/stage28a_exact_trades.csv,session_compression_expansion_v1,sess_comp_exp_follow_london_h9_q0.7_tp06_sl065,5.745400000000155,4.695400000000154,3.9954000000001546,1,1,1,0,4.695400000000154,57.02000000000044,32.970000000000255,0.7546254170457967,49.600000000000364,0.49818548387096484,15.019999999999527,17.450999999999976,0.316,1.0,,,9,3,5.0,2026
2026-05-15 09:00:00+00:00|-1.0|sess_comp_exp_follow_london_h9_q0.7_tp06_sl065,2026-05-15 09:00:00+00:00,STAGE28A,data/reports/stage28a_discovery_factory_batch_runner/stage28a_exact_trades.csv,session_compression_expansion_v1,sess_comp_exp_follow_london_h9_q0.7_tp06_sl065,7.076800000000185,6.0268000000001845,5.326800000000185,1,1,1,0,6.0268000000001845,74.1200000000008,57.9399999999996,0.8066965826717312,89.64999999999964,0.7779141104294486,47.55999999999949,20.124000000000024,0.784,-1.0,,,9,4,5.0,2026
2026-06-08 09:00:00+00:00|-1.0|sess_comp_exp_follow_london_h9_q0.7_tp06_sl065,2026-06-08 09:00:00+00:00,STAGE28A,data/reports/stage28a_discovery_factory_batch_runner/stage28a_exact_trades.csv,session_compression_expansion_v1,sess_comp_exp_follow_london_h9_q0.7_tp06_sl065,7.211200000000099,6.161200000000099,5.461200000000099,1,1,1,0,6.161200000000099,20.30999999999949,53.06999999999971,0.010363670623690887,52.9399999999996,0.42595391008688027,47.30999999999949,28.075500000000055,1.0,-1.0,,,9,0,6.0,2026
2026-06-10 09:00:00+00:00|-1.0|sess_comp_exp_follow_london_h9_q0.7_tp06_sl065,2026-06-10 09:00:00+00:00,STAGE28A,data/reports/stage28a_discovery_factory_batch_runner/stage28a_exact_trades.csv,session_compression_expansion_v1,sess_comp_exp_follow_london_h9_q0.7_tp06_sl065,6.336399999999594,5.286399999999594,4.586399999999594,1,1,1,0,5.286399999999594,126.54999999999927,84.05999999999949,0.8455864858434494,60.32999999999993,0.2671970827117505,35.460000000000036,24.458000000000037,0.972,-1.0,,,9,2,6.0,2026
2026-06-12 09:00:00+00:00|1.0|sess_comp_exp_follow_london_h9_q0.7_tp06_sl065,2026-06-12 09:00:00+00:00,STAGE28A,data/reports/stage28a_discovery_factory_batch_runner/stage28a_exact_trades.csv,session_compression_expansion_v1,sess_comp_exp_follow_london_h9_q0.7_tp06_sl065,-6.615674999999646,-7.665674999999647,-8.365674999999646,0,0,0,1,7.665674999999647,195.99000000000024,75.21000000000004,0.2955723972875888,57.599999999999454,0.4303819444444479,22.030000000000655,29.887500000000067,0.916,1.0,,,9,4,6.0,2026
2022-07-22 12:00:00+00:00|-1.0|vol_trans_fade_h1_low_to_high_h12_tp06_sl065,2022-07-22 12:00:00+00:00,STAGE28A,data/reports/stage28a_discovery_factory_batch_runner/stage28a_exact_trades.csv,volatility_transition_v1,vol_trans_fade_h1_low_to_high_h12_tp06_sl065,0.8655999999999949,-0.184400000000005,-0.8844000000000047,0,0,0,0,0.184400000000005,39.34999999999991,6.4500000000000455,0.5581395348837029,12.649999999999864,0.8426877470355887,3.75,4.2940000000000165,0.46,-1.0,,,12,4,7.0,2022
2022-07-25 12:00:00+00:00|-1.0|vol_trans_fade_h1_low_to_high_h12_tp06_sl065,2022-07-25 12:00:00+00:00,STAGE28A,data/reports/stage28a_discovery_factory_batch_runner/stage28a_exact_trades.csv,volatility_transition_v1,vol_trans_fade_h1_low_to_high_h12_tp06_sl065,0.6871000000000095,-0.3628999999999904,-1.0628999999999902,0,0,0,0,0.3628999999999904,1.5700000000001637,8.950000000000045,0.13854748603351988,12.480000000000018,0.5993589743589749,4.970000000000027,4.344500000000005,0.436,-1.0,,,12,0,7.0,2022
2022-07-28 12:00:00+00:00|-1.0|vol_trans_fade_h1_low_to_high_h12_tp06_sl065,2022-07-28 12:00:00+00:00,STAGE28A,data/reports/stage28a_discovery_factory_batch_runner/stage28a_exact_trades.csv,volatility_transition_v1,vol_trans_fade_h1_low_to_high_h12_tp06_sl065,0.9483999999999014,-0.1016000000000985,-0.8016000000000982,0,0,0,0,0.1016000000000985,28.660000000000082,7.730000000000018,0.18111254851230113,13.089999999999918,0.32773109243697407,5.169999999999845,4.837999999999999,0.736,-1.0,,,12,3,7.0,2022
2022-07-29 12:00:00+00:00|1.0|vol_trans_fade_h1_low_to_high_h12_tp06_sl065,2022-07-29 12:00:00+00:00,STAGE28A,data/reports/stage28a_discovery_factory_batch_runner/stage28a_exact_trades.csv,volatility_transition_v1,vol_trans_fade_h1_low_to_high_h12_tp06_sl065,0.933999999999878,-0.1160000000001217,-0.8160000000001215,0,0,0,0,0.1160000000001217,23.1400000000001,11.269999999999982,0.6752440106477295,11.579999999999927,0.22625215889465758,4.569999999999936,4.194999999999982,0.512,1.0,,,12,4,7.0,2022
2022-08-01 12:00:00+00:00|-1.0|vol_trans_fade_h1_low_to_high_h12_tp06_sl065,2022-08-01 12:00:00+00:00,STAGE28A,data/reports/stage28a_discovery_factory_batch_runner/stage28a_exact_trades.csv,volatility_transition_v1,vol_trans_fade_h1_low_to_high_h12_tp06_sl065,-1.5941000000001169,-2.6441000000001167,-3.3441000000001164,0,0,0,0,2.6441000000001167,2.3300000000001546,5.310000000000173,0.20527306967982725,15.36999999999989,0.7391021470396865,4.8900000000001,4.195000000000027,0.532,-1.0,,,12,0,8.0,2022
2022-08-02 12:00:00+00:00|-1.0|vol_trans_fade_h1_low_to_high_h12_tp06_sl065,2022-08-02 12:00:00+00:00,STAGE28A,data/reports/stage28a_discovery_factory_batch_runner/stage28a_exact_trades.csv,volatility_transition_v1,vol_trans_fade_h1_low_to_high_h12_tp06_sl065,-1.622375000000011,-2.672375000000011,-3.3723750000000106,0,0,0,0,2.672375000000011,16.699999999999818,9.649999999999864,0.30880829015544664,7.150000000000091,0.008391608391600653,3.8199999999999363,4.048500000000024,0.48,-1.0,,,12,1,8.0,2022
2022-08-03 12:00:00+00:00|1.0|vol_trans_fade_h1_low_to_high_h12_tp06_sl065,2022-08-03 12:00:00+00:00,STAGE28A,data/reports/stage28a_discovery_factory_batch_runner/stage28a_exact_trades.csv,volatility_transition_v1,vol_trans_fade_h1_low_to_high_h12_tp06_sl065,-1.6701500000000125,-2.7201500000000123,-3.420150000000012,0,0,0,0,2.7201500000000123,28.529999999999973,14.2800000000002,0.6435574229691825,6.519999999999982,0.4647239263803652,4.230000000000018,5.412500000000011,0.888,1.0,,,12,2,8.0,2022
2022-08-04 12:00:00+00:00|-1.0|vol_trans_fade_h1_low_to_high_h12_tp06_sl065,2022-08-04 12:00:00+00:00,STAGE28A,data/reports/stage28a_discovery_factory_batch_runner/stage28a_exact_trades.csv,volatility_transition_v1,vol_trans_fade_h1_low_to_high_h12_tp06_sl065,0.7389999999999418,-0.3110000000000581,-1.011000000000058,0,0,0,0,0.3110000000000581,18.460000000000036,8.320000000000164,0.889423076923043,11.079999999999927,0.8086642599278064,4.1400000000001,3.7015000000000327,0.156,-1.0,,,12,3,8.0,2022
2022-08-05 12:00:00+00:00|1.0|vol_trans_fade_h1_low_to_high_h12_tp06_sl065,2022-08-05 12:00:00+00:00,STAGE28A,data/reports/stage28a_discovery_factory_batch_runner/stage28a_exact_trades.csv,volatility_transition_v1,vol_trans_fade_h1_low_to_high_h12_tp06_sl065,-1.5973500000000969,-2.6473500000000967,-3.3473500000000964,0,0,0,0,2.6473500000000967,31.680000000000064,6.100000000000136,0.19180327868853222,7.569999999999936,0.7384412153236414,5.240000000000009,3.774500000000046,0.192,1.0,,,12,4,8.0,2022
2022-08-11 12:00:00+00:00|-1.0|vol_trans_fade_h1_low_to_high_h12_tp06_sl065,2022-08-11 12:00:00+00:00,STAGE28A,data/reports/stage28a_discovery_factory_batch_runner/stage28a_exact_trades.csv,volatility_transition_v1,vol_trans_fade_h1_low_to_high_h12_tp06_sl065,0.7515999999999622,-0.2984000000000377,-0.9984000000000376,0,0,0,0,0.2984000000000377,20.269999999999982,8.3900000000001,0.6376638855780506,6.789999999999964,0.6465390279823117,4.180000000000064,3.6825000000000045,0.208,-1.0,,,12,3,8.0,2022
2022-08-12 12:00:00+00:00|1.0|vol_trans_fade_h1_low_to_high_h12_tp06_sl065,2022-08-12 12:00:00+00:00,STAGE28A,data/reports/stage28a_discovery_factory_batch_runner/stage28a_exact_trades.csv,volatility_transition_v1,vol_trans_fade_h1_low_to_high_h12_tp06_sl065,0.6490000000000237,-0.4009999999999762,-1.100999999999976,0,0,0,0,0.4009999999999762,15.679999999999836,5.190000000000055,0.6358381502890019,8.059999999999945,0.440446650124095,3.689999999999827,3.7510000000000105,0.256,1.0,,,12,4,8.0,2022
2022-08-29 12:00:00+00:00|-1.0|vol_trans_fade_h1_low_to_high_h12_tp06_sl065,2022-08-29 12:00:00+00:00,STAGE28A,data/reports/stage28a_discovery_factory_batch_runner/stage28a_exact_trades.csv,volatility_transition_v1,vol_trans_fade_h1_low_to_high_h12_tp06_sl065,0.686200000000008,-0.3637999999999919,-1.0637999999999916,0,0,0,0,0.3637999999999919,3.8599999999999,15.049999999999955,0.7495016611295685,5.519999999999982,0.24456521739132986,2.8599999999999,4.907999999999982,0.972,-1.0,,,12,0,8.0,2022
2022-08-30 12:00:00+00:00|-1.0|vol_trans_fade_h1_low_to_high_h12_tp06_sl065,2022-08-30 12:00:00+00:00,STAGE28A,data/reports/stage28a_discovery_factory_batch_runner/stage28a_exact_trades.csv,volatility_transition_v1,vol_trans_fade_h1_low_to_high_h12_tp06_sl065,0.8692000000000007,-0.1807999999999991,-0.8807999999999989,0,0,0,0,0.1807999999999991,25.179999999999836,6.619999999999891,0.38670694864051586,8.840000000000146,0.07352941176468925,6.4500000000000455,3.446499999999992,0.452,-1.0,,,12,1,8.0,2022
2022-09-01 12:00:00+00:00|1.0|vol_trans_fade_h1_low_to_high_h12_tp06_sl065,2022-09-01 12:00:00+00:00,STAGE28A,data/reports/stage28a_discovery_factory_batch_runner/stage28a_exact_trades.csv,volatility_transition_v1,vol_trans_fade_h1_low_to_high_h12_tp06_sl065,-1.6467499999999746,-2.6967499999999744,-3.396749999999974,0,0,0,0,2.6967499999999744,16.909999999999854,9.11999999999989,0.7225877192982453,8.200000000000045,0.14878048780488054,4.5900000000001455,4.0764999999999985,0.788,1.0,,,12,3,9.0,2022
2022-09-02 12:00:00+00:00|-1.0|vol_trans_fade_h1_low_to_high_h12_tp06_sl065,2022-09-02 12:00:00+00:00,STAGE28A,data/reports/stage28a_discovery_factory_batch_runner/stage28a_exact_trades.csv,volatility_transition_v1,vol_trans_fade_h1_low_to_high_h12_tp06_sl065,-1.2187250000000405,-2.2687250000000403,-2.96872500000004,0,0,0,0,2.2687250000000403,22.61999999999989,5.330000000000155,0.7448405253283137,8.539999999999964,0.8723653395784368,2.519999999999982,3.678000000000009,0.488,-1.0,,,12,4,9.0,2022
2022-09-05 12:00:00+00:00|-1.0|vol_trans_fade_h1_low_to_high_h12_tp06_sl065,2022-09-05 12:00:00+00:00,STAGE28A,data/reports/stage28a_discovery_factory_batch_runner/stage28a_exact_trades.csv,volatility_transition_v1,vol_trans_fade_h1_low_to_high_h12_tp06_sl065,-1.5125249999999597,-2.5625249999999595,-3.2625249999999597,0,0,0,0,2.5625249999999595,1.9400000000000546,5.160000000000082,0.354651162790722,6.2999999999999545,0.3365079365079216,3.380000000000109,3.6535000000000197,0.424,-1.0,,,12,0,9.0,2022
2022-09-06 12:00:00+00:00|1.0|vol_trans_fade_h1_low_to_high_h12_tp06_sl065,2022-09-06 12:00:00+00:00,STAGE28A,data/reports/stage28a_discovery_factory_batch_runner/stage28a_exact_trades.csv,volatility_transition_v1,vol_trans_fade_h1_low_to_high_h12_tp06_sl065,0.8211999999999989,-0.228800000000001,-0.9288000000000008,0,0,0,0,0.228800000000001,8.049999999999955,16.909999999999854,0.2950916617386193,9.699999999999818,0.6608247422680621,3.3199999999999363,3.561999999999989,0.416,1.0,,,12,1,9.0,2022
2022-09-07 12:00:00+00:00|-1.0|vol_trans_fade_h1_low_to_high_h12_tp06_sl065,2022-09-07 12:00:00+00:00,STAGE28A,data/reports/stage28a_discovery_factory_batch_runner/stage28a_exact_trades.csv,volatility_transition_v1,vol_trans_fade_h1_low_to_high_h12_tp06_sl065,-1.7562750000000509,-2.8062750000000505,-3.50627500000005,0,0,0,0,2.8062750000000505,26.909999999999854,11.450000000000045,0.618340611353703,15.829999999999927,0.8597599494630425,3.730000000000018,4.347000000000014,0.776,-1.0,,,12,2,9.0,2022
2022-09-08 12:00:00+00:00|-1.0|vol_trans_fade_h1_low_to_high_h12_tp06_sl065,2022-09-08 12:00:00+00:00,STAGE28A,data/reports/stage28a_discovery_factory_batch_runner/stage28a_exact_trades.csv,volatility_transition_v1,vol_trans_fade_h1_low_to_high_h12_tp06_sl065,-1.5612750000001143,-2.611275000000114,-3.311275000000114,0,0,0,0,2.611275000000114,28.09999999999991,5.789999999999964,0.6269430051813699,8.8900000000001,0.6850393700787488,3.3299999999999272,3.8310000000000173,0.464,-1.0,,,12,3,9.0,2022
2022-09-09 12:00:00+00:00|-1.0|vol_trans_fade_h1_low_to_high_h12_tp06_sl065,2022-09-09 12:00:00+00:00,STAGE28A,data/reports/stage28a_discovery_factory_batch_runner/stage28a_exact_trades.csv,volatility_transition_v1,vol_trans_fade_h1_low_to_high_h12_tp06_sl065,-1.7036249999999655,-2.7536249999999654,-3.453624999999965,0,0,0,0,2.7536249999999654,24.13000000000011,12.230000000000018,0.821749795584623,11.269999999999982,0.7080745341614935,2.6200000000001182,3.667999999999995,0.324,-1.0,,,12,4,9.0,2022
2022-09-12 12:00:00+00:00|-1.0|vol_trans_fade_h1_low_to_high_h12_tp06_sl065,2022-09-12 12:00:00+00:00,STAGE28A,data/reports/stage28a_discovery_factory_batch_runner/stage28a_exact_trades.csv,volatility_transition_v1,vol_trans_fade_h1_low_to_high_h12_tp06_sl065,0.9960999999999786,-0.0539000000000213,-0.7539000000000211,0,0,0,0,0.0539000000000213,3.480000000000018,7.889999999999873,0.7553865652725137,15.549999999999955,0.7491961414790931,3.9200000000000728,3.933499999999981,0.444,-1.0,,,12,0,9.0,2022
2022-09-13 12:00:00+00:00|-1.0|vol_trans_fade_h1_low_to_high_h12_tp06_sl065,2022-09-13 12:00:00+00:00,STAGE28A,data/reports/stage28a_discovery_factory_batch_runner/stage28a_exact_trades.csv,volatility_transition_v1,vol_trans_fade_h1_low_to_high_h12_tp06_sl065,-1.4377749999999652,-2.487774999999965,-3.1877749999999647,0,0,0,0,2.487774999999965,23.170000000000073,6.830000000000155,0.5710102489019038,8.160000000000082,0.6580882352940977,4.1400000000001,3.6080000000000156,0.256,-1.0,,,12,1,9.0,2022
2022-09-14 12:00:00+00:00|-1.0|vol_trans_fade_h1_low_to_high_h12_tp06_sl065,2022-09-14 12:00:00+00:00,STAGE28A,data/reports/stage28a_discovery_factory_batch_runner/stage28a_exact_trades.csv,volatility_transition_v1,vol_trans_fade_h1_low_to_high_h12_tp06_sl065,0.9286000000000968,-0.1213999999999031,-0.8213999999999029,0,0,0,0,0.1213999999999031,34.73000000000002,6.289999999999964,0.25119236883941753,7.259999999999991,0.6170798898071658,3.0800000000001546,4.040500000000042,0.484,-1.0,,,12,2,9.0,2022
2022-09-16 12:00:00+00:00|-1.0|vol_trans_fade_h1_low_to_high_h12_tp06_sl065,2022-09-16 12:00:00+00:00,STAGE28A,data/reports/stage28a_discovery_factory_batch_runner/stage28a_exact_trades.csv,volatility_transition_v1,vol_trans_fade_h1_low_to_high_h12_tp06_sl065,0.8556999999999789,-0.194300000000021,-0.8943000000000207,0,0,0,0,0.194300000000021,37.899999999999864,6.4500000000000455,0.26976744186046464,12.11999999999989,0.3902640264026453,5.889999999999873,5.428999999999985,0.944,-1.0,,,12,4,9.0,2022
2022-09-19 12:00:00+00:00|1.0|vol_trans_fade_h1_low_to_high_h12_tp06_sl065,2022-09-19 12:00:00+00:00,STAGE28A,data/reports/stage28a_discovery_factory_batch_runner/stage28a_exact_trades.csv,volatility_transition_v1,vol_trans_fade_h1_low_to_high_h12_tp06_sl065,-1.722474999999895,-2.7724749999998948,-3.4724749999998945,0,0,0,0,2.7724749999998948,4.819999999999936,11.710000000000036,0.7856532877882166,10.049999999999955,0.5353233830845677,5.810000000000173,4.7430000000000065,0.752,1.0,,,12,0,9.0,2022
2022-09-21 12:00:00+00:00|-1.0|vol_trans_fade_h1_low_to_high_h12_tp06_sl065,2022-09-21 12:00:00+00:00,STAGE28A,data/reports/stage28a_discovery_factory_batch_runner/stage28a_exact_trades.csv,volatility_transition_v1,vol_trans_fade_h1_low_to_high_h12_tp06_sl065,0.9816999999999552,-0.0683000000000446,-0.7683000000000444,0,0,0,0,0.0683000000000446,19.49000000000001,4.599999999999909,0.31304347826083817,14.440000000000055,0.6606648199445934,2.730000000000018,3.4695000000000276,0.14,-1.0,,,12,2,9.0,2022
2022-09-22 12:00:00+00:00|-1.0|vol_trans_fade_h1_low_to_high_h12_tp06_sl065,2022-09-22 12:00:00+00:00,STAGE28A,data/reports/stage28a_discovery_factory_batch_runner/stage28a_exact_trades.csv,volatility_transition_v1,vol_trans_fade_h1_low_to_high_h12_tp06_sl065,1.705599999999913,0.6555999999999131,-0.0444000000000865,1,0,1,0,0.6555999999999131,34.13999999999987,16.600000000000136,0.6379518072289055,22.539999999999964,0.2666370896184561,20.180000000000064,7.443499999999983,1.0,-1.0,,,12,3,9.0,2022
2022-09-23 12:00:00+00:00|1.0|vol_trans_fade_h1_low_to_high_h12_tp06_sl065,2022-09-23 12:00:00+00:00,STAGE28A,data/reports/stage28a_discovery_factory_batch_runner/stage28a_exact_trades.csv,volatility_transition_v1,vol_trans_fade_h1_low_to_high_h12_tp06_sl065,-1.688999999999942,-2.7389999999999417,-3.438999999999941,0,0,0,0,2.7389999999999417,29.309999999999945,7.279999999999973,0.2967032967033091,21.38000000000011,0.5673526660430225,7.470000000000027,3.96400000000001,0.412,1.0,,,12,4,9.0,2022
2022-09-26 12:00:00+00:00|-1.0|vol_trans_fade_h1_low_to_high_h12_tp06_sl065,2022-09-26 12:00:00+00:00,STAGE28A,data/reports/stage28a_discovery_factory_batch_runner/stage28a_exact_trades.csv,volatility_transition_v1,vol_trans_fade_h1_low_to_high_h12_tp06_sl065,1.7442999999999755,0.6942999999999757,-0.005700000000024,1,0,1,0,0.6942999999999757,5.389999999999873,19.279999999999973,0.29253112033195583,15.199999999999818,0.22434210526316598,4.809999999999945,6.820499999999981,0.944,-1.0,,,12,0,9.0,2022
2022-09-27 12:00:00+00:00|1.0|vol_trans_fade_h1_low_to_high_h12_tp06_sl065,2022-09-27 12:00:00+00:00,STAGE28A,data/reports/stage28a_discovery_factory_batch_runner/stage28a_exact_trades.csv,volatility_transition_v1,vol_trans_fade_h1_low_to_high_h12_tp06_sl065,1.0368999999999686,-0.0131000000000311,-0.7131000000000309,0,0,0,0,0.0131000000000311,28.61999999999989,10.209999999999809,0.36924583741430483,9.63000000000011,0.1921079958463256,4.270000000000209,4.857499999999971,0.48,1.0,,,12,1,9.0,2022
2022-09-28 12:00:00+00:00|1.0|vol_trans_fade_h1_low_to_high_h12_tp06_sl065,2022-09-28 12:00:00+00:00,STAGE28A,data/reports/stage28a_discovery_factory_batch_runner/stage28a_exact_trades.csv,volatility_transition_v1,vol_trans_fade_h1_low_to_high_h12_tp06_sl065,1.2658000000000356,0.2158000000000357,-0.484199999999964,1,0,1,0,0.2158000000000357,19.6099999999999,7.720000000000027,0.6968911917098268,10.920000000000073,0.7225274725274768,5.779999999999973,4.15250000000002,0.348,1.0,,,12,2,9.0,2022
2022-09-29 12:00:00+00:00|1.0|vol_trans_fade_h1_low_to_high_h12_tp06_sl065,2022-09-29 12:00:00+00:00,STAGE28A,data/reports/stage28a_discovery_factory_batch_runner/stage28a_exact_trades.csv,volatility_transition_v1,vol_trans_fade_h1_low_to_high_h12_tp06_sl065,-2.008474999999953,-3.058474999999953,-3.7584749999999527,0,0,0,0,3.058474999999953,47.98000000000002,7.710000000000036,0.4137483787289286,13.070000000000164,0.5057383320581345,4.529999999999973,5.277500000000009,0.52,1.0,,,12,3,9.0,2022
2022-09-30 12:00:00+00:00|1.0|vol_trans_fade_h1_low_to_high_h12_tp06_sl065,2022-09-30 12:00:00+00:00,STAGE28A,data/reports/stage28a_discovery_factory_batch_runner/stage28a_exact_trades.csv,volatility_transition_v1,vol_trans_fade_h1_low_to_high_h12_tp06_sl065,1.1781999999999695,0.1281999999999699,-0.5718000000000298,1,0,0,0,0.1281999999999699,23.40000000000009,5.970000000000027,0.15577889447237175,12.980000000000018,0.41063174114022705,4.539999999999964,4.628499999999974,0.388,1.0,,,12,4,9.0,2022
2022-10-03 12:00:00+00:00|1.0|vol_trans_fade_h1_low_to_high_h12_tp06_sl065,2022-10-03 12:00:00+00:00,STAGE28A,data/reports/stage28a_discovery_factory_batch_runner/stage28a_exact_trades.csv,volatility_transition_v1,vol_trans_fade_h1_low_to_high_h12_tp06_sl065,-1.8849750000000316,-2.934975000000031,-3.634975000000031,0,0,0,0,2.934975000000031,4.540000000000191,8.75,0.07314285714286857,8.669999999999845,0.26758938869665255,4.569999999999936,4.359000000000037,0.312,1.0,,,12,0,10.0,2022
2022-10-04 12:00:00+00:00|-1.0|vol_trans_fade_h1_low_to_high_h12_tp06_sl065,2022-10-04 12:00:00+00:00,STAGE28A,data/reports/stage28a_discovery_factory_batch_runner/stage28a_exact_trades.csv,volatility_transition_v1,vol_trans_fade_h1_low_to_high_h12_tp06_sl065,-2.1482250000000023,-3.198225000000002,-3.898225000000002,0,0,0,1,3.198225000000002,41.819999999999936,7.339999999999918,0.08446866485012232,13.170000000000073,0.6522399392558748,4.259999999999991,5.775000000000011,0.648,-1.0,,,12,1,10.0,2022
2022-10-05 12:00:00+00:00|1.0|vol_trans_fade_h1_low_to_high_h12_tp06_sl065,2022-10-05 12:00:00+00:00,STAGE28A,data/reports/stage28a_discovery_factory_batch_runner/stage28a_exact_trades.csv,volatility_transition_v1,vol_trans_fade_h1_low_to_high_h12_tp06_sl065,-2.240525000000025,-3.290525000000025,-3.9905250000000247,0,0,0,1,3.290525000000025,34.200000000000045,8.230000000000018,0.7095990279465255,21.699999999999818,0.5949308755760456,6.6599999999998545,5.135999999999967,0.452,1.0,,,12,2,10.0,2022
2022-10-06 12:00:00+00:00|1.0|vol_trans_fade_h1_low_to_high_h12_tp06_sl065,2022-10-06 12:00:00+00:00,STAGE28A,data/reports/stage28a_discovery_factory_batch_runner/stage28a_exact_trades.csv,volatility_transition_v1,vol_trans_fade_h1_low_to_high_h12_tp06_sl065,-2.089074999999957,-3.139074999999957,-3.8390749999999567,0,0,0,1,3.139074999999957,27.309999999999945,9.439999999999827,0.6430084745762762,12.129999999999882,0.6158285243198763,10.789999999999964,4.537500000000023,0.2,1.0,,,12,3,10.0,2022
2022-10-07 12:00:00+00:00|-1.0|vol_trans_fade_h1_low_to_high_h12_tp06_sl065,2022-10-07 12:00:00+00:00,STAGE28A,data/reports/stage28a_discovery_factory_batch_runner/stage28a_exact_trades.csv,volatility_transition_v1,vol_trans_fade_h1_low_to_high_h12_tp06_sl065,0.9388000000000376,-0.1111999999999624,-0.8111999999999622,0,0,0,0,0.1111999999999624,18.649999999999864,4.269999999999982,0.4637002341920437,6.3900000000001,0.45539906103283395,4.350000000000136,3.736000000000024,0.008,-1.0,,,12,4,10.0,2022
2022-10-10 12:00:00+00:00|1.0|vol_trans_fade_h1_low_to_high_h12_tp06_sl065,2022-10-10 12:00:00+00:00,STAGE28A,data/reports/stage28a_discovery_factory_batch_runner/stage28a_exact_trades.csv,volatility_transition_v1,vol_trans_fade_h1_low_to_high_h12_tp06_sl065,-2.0484500000000936,-3.0984500000000934,-3.798450000000093,0,0,0,1,3.0984500000000934,4.789999999999964,12.700000000000045,0.6787401574803039,11.519999999999982,0.7282986111111209,3.75,4.814499999999964,0.388,1.0,,,12,0,10.0,2022
2022-10-11 12:00:00+00:00|-1.0|vol_trans_fade_h1_low_to_high_h12_tp06_sl065,2022-10-11 12:00:00+00:00,STAGE28A,data/reports/stage28a_discovery_factory_batch_runner/stage28a_exact_trades.csv,volatility_transition_v1,vol_trans_fade_h1_low_to_high_h12_tp06_sl065,-1.9788999999999304,-3.0288999999999304,-3.72889999999993,0,0,0,0,3.0288999999999304,34.23000000000002,12.269999999999982,0.37734311328444303,7.810000000000173,0.20102432778487855,5.519999999999982,4.212000000000001,0.116,-1.0,,,12,1,10.0,2022
2022-10-12 12:00:00+00:00|-1.0|vol_trans_fade_h1_low_to_high_h12_tp06_sl065,2022-10-12 12:00:00+00:00,STAGE28A,data/reports/stage28a_discovery_factory_batch_runner/stage28a_exact_trades.csv,volatility_transition_v1,vol_trans_fade_h1_low_to_high_h12_tp06_sl065,-1.967199999999912,-3.0171999999999115,-3.7171999999999112,0,0,0,0,3.0171999999999115,22.8900000000001,5.490000000000009,0.14207650273223524,10.549999999999955,0.45118483412322385,4.5499999999999545,5.20250000000002,0.612,-1.0,,,12,2,10.0,2022
2022-10-14 12:00:00+00:00|1.0|vol_trans_fade_h1_low_to_high_h12_tp06_sl065,2022-10-14 12:00:00+00:00,STAGE28A,data/reports/stage28a_discovery_factory_batch_runner/stage28a_exact_trades.csv,volatility_transition_v1,vol_trans_fade_h1_low_to_high_h12_tp06_sl065,1.101999999999998,0.0519999999999982,-0.6480000000000015,1,0,0,0,0.0519999999999982,40.01999999999998,11.259999999999991,0.3028419182948565,21.539999999999964,0.7000928505106861,6.710000000000036,5.804999999999995,0.844,1.0,,,12,4,10.0,2022
2022-10-17 12:00:00+00:00|1.0|vol_trans_fade_h1_low_to_high_h12_tp06_sl065,2022-10-17 12:00:00+00:00,STAGE28A,data/reports/stage28a_discovery_factory_batch_runner/stage28a_exact_trades.csv,volatility_transition_v1,vol_trans_fade_h1_low_to_high_h12_tp06_sl065,0.9949000000000524,-0.0550999999999475,-0.7550999999999473,0,0,0,0,0.0550999999999475,4.039999999999964,9.529999999999973,0.4952780692549885,9.61999999999989,0.7079002079002102,4.2000000000000455,4.9164999999999965,0.456,1.0,,,12,0,10.0,2022
2022-10-18 12:00:00+00:00|1.0|vol_trans_fade_h1_low_to_high_h12_tp06_sl065,2022-10-18 12:00:00+00:00,STAGE28A,data/reports/stage28a_discovery_factory_batch_runner/stage28a_exact_trades.csv,volatility_transition_v1,vol_trans_fade_h1_low_to_high_h12_tp06_sl065,-2.0335000000000947,-3.0835000000000945,-3.7835000000000942,0,0,0,1,3.0835000000000945,25.279999999999973,4.639999999999873,0.4008620689655067,12.230000000000018,0.039247751430909035,7.810000000000173,4.216499999999996,0.148,1.0,,,12,1,10.0,2022
2022-10-19 12:00:00+00:00|1.0|vol_trans_fade_h1_low_to_high_h12_tp06_sl065,2022-10-19 12:00:00+00:00,STAGE28A,data/reports/stage28a_discovery_factory_batch_runner/stage28a_exact_trades.csv,volatility_transition_v1,vol_trans_fade_h1_low_to_high_h12_tp06_sl065,-2.003600000000097,-3.0536000000000967,-3.753600000000096,0,0,0,0,3.0536000000000967,15.049999999999955,5.379999999999882,0.6189591078067338,11.819999999999936,0.6142131979695457,5.620000000000118,3.9754999999999656,0.12,1.0,,,12,2,10.0,2022
2022-10-20 12:00:00+00:00|1.0|vol_trans_fade_h1_low_to_high_h12_tp06_sl065,2022-10-20 12:00:00+00:00,STAGE28A,data/reports/stage28a_discovery_factory_batch_runner/stage28a_exact_trades.csv,volatility_transition_v1,vol_trans_fade_h1_low_to_high_h12_tp06_sl065,-2.055275000000029,-3.1052750000000287,-3.805275000000029,0,0,0,1,3.1052750000000287,26.74000000000001,7.850000000000136,0.21910828025477674,10.799999999999955,0.7990740740740876,4.6400000000001,3.7145000000000095,0.068,1.0,,,12,3,10.0,2022
2022-10-21 12:00:00+00:00|1.0|vol_trans_fade_h1_low_to_high_h12_tp06_sl065,2022-10-21 12:00:00+00:00,STAGE28A,data/reports/stage28a_discovery_factory_batch_runner/stage28a_exact_trades.csv,volatility_transition_v1,vol_trans_fade_h1_low_to_high_h12_tp06_sl065,-1.931775000000107,-2.981775000000107,-3.6817750000001066,0,0,0,0,2.981775000000107,23.12000000000012,7.769999999999982,0.653796653796646,10.059999999999945,0.37872763419482763,4.519999999999982,4.306999999999993,0.36,1.0,,,12,4,10.0,2022
2022-10-24 12:00:00+00:00|1.0|vol_trans_fade_h1_low_to_high_h12_tp06_sl065,2022-10-24 12:00:00+00:00,STAGE28A,data/reports/stage28a_discovery_factory_batch_runner/stage28a_exact_trades.csv,volatility_transition_v1,vol_trans_fade_h1_low_to_high_h12_tp06_sl065,-1.9938499999999293,-3.0438499999999293,-3.743849999999929,0,0,0,0,3.0438499999999293,5.759999999999991,18.470000000000027,0.2793719545208363,14.289999999999964,0.33519944016794795,5.680000000000064,7.034000000000003,0.936,1.0,,,12,0,10.0,2022
2022-10-25 12:00:00+00:00|1.0|vol_trans_fade_h1_low_to_high_h12_tp06_sl065,2022-10-25 12:00:00+00:00,STAGE28A,data/reports/stage28a_discovery_factory_batch_runner/stage28a_exact_trades.csv,volatility_transition_v1,vol_trans_fade_h1_low_to_high_h12_tp06_sl065,0.8248000000000048,-0.2251999999999951,-0.9251999999999948,0,0,0,0,0.2251999999999951,26.539999999999964,7.680000000000064,0.032552083333333065,13.129999999999882,0.885757806549902,5.470000000000027,3.9075000000000273,0.132,1.0,,,12,1,10.0,2022
2022-10-26 12:00:00+00:00|-1.0|vol_trans_fade_h1_low_to_high_h12_tp06_sl065,2022-10-26 12:00:00+00:00,STAGE28A,data/reports/stage28a_discovery_factory_batch_runner/stage28a_exact_trades.csv,volatility_transition_v1,vol_trans_fade_h1_low_to_high_h12_tp06_sl065,-1.9239750000000184,-2.9739750000000185,-3.673975000000018,0,0,0,0,2.9739750000000185,24.060000000000173,7.880000000000109,0.5862944162436329,19.779999999999973,0.6400404448938257,4.240000000000009,4.604000000000019,0.496,-1.0,,,12,2,10.0,2022
2022-10-27 12:00:00+00:00|-1.0|vol_trans_fade_h1_low_to_high_h12_tp06_sl065,2022-10-27 12:00:00+00:00,STAGE28A,data/reports/stage28a_discovery_factory_batch_runner/stage28a_exact_trades.csv,volatility_transition_v1,vol_trans_fade_h1_low_to_high_h12_tp06_sl065,-1.9486749999999573,-2.9986749999999573,-3.698674999999957,0,0,0,0,2.9986749999999573,25.180000000000064,8.439999999999827,0.06398104265402543,10.589999999999918,0.20774315391879722,4.339999999999918,3.9824999999999706,0.192,-1.0,,,12,3,10.0,2022
2022-10-28 12:00:00+00:00|1.0|vol_trans_fade_h1_low_to_high_h12_tp06_sl065,2022-10-28 12:00:00+00:00,STAGE28A,data/reports/stage28a_discovery_factory_batch_runner/stage28a_exact_trades.csv,volatility_transition_v1,vol_trans_fade_h1_low_to_high_h12_tp06_sl065,0.9865000000001146,-0.0634999999998853,-0.763499999999885,0,0,0,0,0.0634999999998853,15.939999999999827,6.419999999999845,0.39408099688474046,18.899999999999864,0.7962962962962996,5.850000000000136,4.247500000000002,0.332,1.0,,,12,4,10.0,2022
2022-11-03 12:00:00+00:00|1.0|vol_trans_fade_h1_low_to_high_h12_tp06_sl065,2022-11-03 12:00:00+00:00,STAGE28A,data/reports/stage28a_discovery_factory_batch_runner/stage28a_exact_trades.csv,volatility_transition_v1,vol_trans_fade_h1_low_to_high_h12_tp06_sl065,1.103800000000001,0.0538000000000011,-0.6461999999999986,1,0,0,0,0.0538000000000011,37.6099999999999,9.11999999999989,0.2971491228070251,18.699999999999818,0.8711229946524129,8.149999999999864,5.466499999999963,0.892,1.0,,,12,3,11.0,2022
2022-11-04 12:00:00+00:00|1.0|vol_trans_fade_h1_low_to_high_h12_tp06_sl065,2022-11-04 12:00:00+00:00,STAGE28A,data/reports/stage28a_discovery_factory_batch_runner/stage28a_exact_trades.csv,volatility_transition_v1,vol_trans_fade_h1_low_to_high_h12_tp06_sl065,1.1373999999999795,0.0873999999999797,-0.61260000000002,1,0,0,0,0.0873999999999797,24.37999999999988,18.419999999999845,0.9799131378935997,8.700000000000045,0.3218390804597632,8.700000000000045,4.2875,0.4,1.0,,,12,4,11.0,2022
2022-11-07 12:00:00+00:00|-1.0|vol_trans_fade_h1_low_to_high_h12_tp06_sl065,2022-11-07 12:00:00+00:00,STAGE28A,data/reports/stage28a_discovery_factory_batch_runner/stage28a_exact_trades.csv,volatility_transition_v1,vol_trans_fade_h1_low_to_high_h12_tp06_sl065,0.9981999999999062,-0.0518000000000937,-0.7518000000000935,0,0,0,0,0.0518000000000937,7.900000000000091,9.809999999999945,0.019367991845061737,13.5,0.4274074074074229,5.6099999999999,4.887500000000012,0.728,-1.0,,,12,0,11.0,2022
2022-11-09 12:00:00+00:00|1.0|vol_trans_fade_h1_low_to_high_h12_tp06_sl065,2022-11-09 12:00:00+00:00,STAGE28A,data/reports/stage28a_discovery_factory_batch_runner/stage28a_exact_trades.csv,volatility_transition_v1,vol_trans_fade_h1_low_to_high_h12_tp06_sl065,1.0384000000000468,-0.0115999999999529,-0.7115999999999527,0,0,0,0,0.0115999999999529,52.25,6.430000000000064,0.4790046656298793,11.860000000000127,0.023608768971329654,6.779999999999973,5.480000000000007,0.888,1.0,,,12,2,11.0,2022
2022-11-10 12:00:00+00:00|1.0|vol_trans_fade_h1_low_to_high_h12_tp06_sl065,2022-11-10 12:00:00+00:00,STAGE28A,data/reports/stage28a_discovery_factory_batch_runner/stage28a_exact_trades.csv,volatility_transition_v1,vol_trans_fade_h1_low_to_high_h12_tp06_sl065,-1.819000000000051,-2.869000000000051,-3.5690000000000506,0,0,0,0,2.869000000000051,20.180000000000064,6.259999999999991,0.522364217252394,8.540000000000191,0.18032786885245072,4.190000000000055,4.199999999999989,0.376,1.0,,,12,3,11.0,2022
2022-11-11 12:00:00+00:00|1.0|vol_trans_fade_h1_low_to_high_h12_tp06_sl065,2022-11-11 12:00:00+00:00,STAGE28A,data/reports/stage28a_discovery_factory_batch_runner/stage28a_exact_trades.csv,volatility_transition_v1,vol_trans_fade_h1_low_to_high_h12_tp06_sl065,-2.615249999999924,-3.665249999999924,-4.365249999999923,0,0,0,1,3.665249999999924,53.33999999999992,7.350000000000136,0.11020408163264359,14.100000000000136,0.3702127659574452,5.129999999999882,5.887000000000012,0.924,1.0,,,12,4,11.0,2022
2022-11-14 12:00:00+00:00|1.0|vol_trans_fade_h1_low_to_high_h12_tp06_sl065,2022-11-14 12:00:00+00:00,STAGE28A,data/reports/stage28a_discovery_factory_batch_runner/stage28a_exact_trades.csv,volatility_transition_v1,vol_trans_fade_h1_low_to_high_h12_tp06_sl065,1.2121000000001003,0.1621000000001005,-0.5378999999998992,1,0,1,0,0.1621000000001005,5.449999999999818,7.4099999999998545,0.29689608636975184,11.839999999999918,0.317567567567569,5.070000000000164,4.508499999999993,0.476,1.0,,,12,0,11.0,2022
2022-11-15 12:00:00+00:00|1.0|vol_trans_fade_h1_low_to_high_h12_tp06_sl065,2022-11-15 12:00:00+00:00,STAGE28A,data/reports/stage28a_discovery_factory_batch_runner/stage28a_exact_trades.csv,volatility_transition_v1,vol_trans_fade_h1_low_to_high_h12_tp06_sl065,-2.104024999999956,-3.154024999999956,-3.854024999999956,0,0,0,1,3.154024999999956,21.77000000000021,5.259999999999991,0.26615969581750826,15.680000000000064,0.36926020408162885,6.019999999999982,4.5020000000000095,0.46,1.0,,,12,1,11.0,2022
2022-11-16 12:00:00+00:00|-1.0|vol_trans_fade_h1_low_to_high_h12_tp06_sl065,2022-11-16 12:00:00+00:00,STAGE28A,data/reports/stage28a_discovery_factory_batch_runner/stage28a_exact_trades.csv,volatility_transition_v1,vol_trans_fade_h1_low_to_high_h12_tp06_sl065,-1.8167249999999968,-2.8667249999999966,-3.5667249999999964,0,0,0,0,2.8667249999999966,19.36999999999989,11.1099999999999,0.8019801980198166,14.039999999999964,0.7343304843304823,4.510000000000218,5.401500000000022,0.668,-1.0,,,12,2,11.0,2022
2022-11-17 12:00:00+00:00|1.0|vol_trans_fade_h1_low_to_high_h12_tp06_sl065,2022-11-17 12:00:00+00:00,STAGE28A,data/reports/stage28a_discovery_factory_batch_runner/stage28a_exact_trades.csv,volatility_transition_v1,vol_trans_fade_h1_low_to_high_h12_tp06_sl065,0.9018999999999778,-0.1481000000000221,-0.8481000000000218,0,0,0,0,0.1481000000000221,14.7199999999998,12.6099999999999,0.9103885804916819,9.519999999999982,0.012605042016819166,5.039999999999964,3.9125000000000227,0.112,1.0,,,12,3,11.0,2022
2022-11-21 12:00:00+00:00|1.0|vol_trans_fade_h1_low_to_high_h12_tp06_sl065,2022-11-21 12:00:00+00:00,STAGE28A,data/reports/stage28a_discovery_factory_batch_runner/stage28a_exact_trades.csv,volatility_transition_v1,vol_trans_fade_h1_low_to_high_h12_tp06_sl065,-1.780325000000039,-2.830325000000039,-3.5303250000000386,0,0,0,0,2.830325000000039,3.1299999999998818,9.099999999999909,0.6912087912087941,10.190000000000055,0.4249263984298461,5.980000000000018,4.150500000000011,0.272,1.0,,,12,0,11.0,2022
2022-11-22 12:00:00+00:00|-1.0|vol_trans_fade_h1_low_to_high_h12_tp06_sl065,2022-11-22 12:00:00+00:00,STAGE28A,data/reports/stage28a_discovery_factory_batch_runner/stage28a_exact_trades.csv,volatility_transition_v1,vol_trans_fade_h1_low_to_high_h12_tp06_sl065,0.7921000000000277,-0.2578999999999722,-0.957899999999972,0,0,0,0,0.2578999999999722,20.470000000000027,8.220000000000027,0.8004866180048547,8.079999999999927,0.11386138613862389,4.579999999999927,3.7014999999999985,0.152,-1.0,,,12,1,11.0,2022
2022-11-24 12:00:00+00:00|-1.0|vol_trans_fade_h1_low_to_high_h12_tp06_sl065,2022-11-24 12:00:00+00:00,STAGE28A,data/reports/stage28a_discovery_factory_batch_runner/stage28a_exact_trades.csv,volatility_transition_v1,vol_trans_fade_h1_low_to_high_h12_tp06_sl065,0.6576999999998862,-0.3923000000001138,-1.0923000000001135,0,0,0,0,0.3923000000001138,27.230000000000018,7.830000000000155,0.43550446998720144,6.160000000000082,0.07142857142857933,2.5799999999999272,3.7930000000000064,0.204,-1.0,,,12,3,11.0,2022
2022-11-28 12:00:00+00:00|-1.0|vol_trans_fade_h1_low_to_high_h12_tp06_sl065,2022-11-28 12:00:00+00:00,STAGE28A,data/reports/stage28a_discovery_factory_batch_runner/stage28a_exact_trades.csv,volatility_transition_v1,vol_trans_fade_h1_low_to_high_h12_tp06_sl065,-1.7910499999999048,-2.8410499999999046,-3.5410499999999043,0,0,0,0,2.8410499999999046,5.539999999999964,9.789999999999964,0.06230847803880513,15.220000000000027,0.6005256241787177,3.8300000000001546,4.240499999999974,0.604,-1.0,,,12,0,11.0,2022
2022-11-29 12:00:00+00:00|1.0|vol_trans_fade_h1_low_to_high_h12_tp06_sl065,2022-11-29 12:00:00+00:00,STAGE28A,data/reports/stage28a_discovery_factory_batch_runner/stage28a_exact_trades.csv,volatility_transition_v1,vol_trans_fade_h1_low_to_high_h12_tp06_sl065,0.8428000000000339,-0.207199999999966,-0.9071999999999658,0,0,0,0,0.207199999999966,24.059999999999945,14.629999999999882,0.8523581681476505,7.559999999999945,0.19312169312169933,5.570000000000164,3.8889999999999647,0.388,1.0,,,12,1,11.0,2022
2022-12-02 12:00:00+00:00|1.0|vol_trans_fade_h1_low_to_high_h12_tp06_sl065,2022-12-02 12:00:00+00:00,STAGE28A,data/reports/stage28a_discovery_factory_batch_runner/stage28a_exact_trades.csv,volatility_transition_v1,vol_trans_fade_h1_low_to_high_h12_tp06_sl065,-1.4926999999998771,-2.542699999999877,-3.2426999999998767,0,0,0,0,2.542699999999877,35.86999999999989,8.8599999999999,0.5575620767494481,6.7000000000000455,0.41641791044775295,2.7000000000000455,4.061000000000012,0.572,1.0,,,12,4,12.0,2022
2022-12-05 12:00:00+00:00|1.0|vol_trans_fade_h1_low_to_high_h12_tp06_sl065,2022-12-05 12:00:00+00:00,STAGE28A,data/reports/stage28a_discovery_factory_batch_runner/stage28a_exact_trades.csv,volatility_transition_v1,vol_trans_fade_h1_low_to_high_h12_tp06_sl065,-1.766349999999966,-2.8163499999999657,-3.516349999999965,0,0,0,0,2.8163499999999657,4.920000000000073,15.589999999999918,0.6215522771007124,16.15000000000009,0.8476780185758359,3.9600000000000364,4.4284999999999854,0.696,1.0,,,12,0,12.0,2022
2022-12-06 12:00:00+00:00|1.0|vol_trans_fade_h1_low_to_high_h12_tp06_sl065,2022-12-06 12:00:00+00:00,STAGE28A,data/reports/stage28a_discovery_factory_batch_runner/stage28a_exact_trades.csv,volatility_transition_v1,vol_trans_fade_h1_low_to_high_h12_tp06_sl065,-1.8167249999999968,-2.8667249999999966,-3.5667249999999964,0,0,0,0,2.8667249999999966,44.12999999999988,8.799999999999955,0.35454545454544395,7.7800000000002,0.16709511568125301,3.3500000000001364,4.536500000000046,0.656,1.0,,,12,1,12.0,2022
2022-12-08 12:00:00+00:00|-1.0|vol_trans_fade_h1_low_to_high_h12_tp06_sl065,2022-12-08 12:00:00+00:00,STAGE28A,data/reports/stage28a_discovery_factory_batch_runner/stage28a_exact_trades.csv,volatility_transition_v1,vol_trans_fade_h1_low_to_high_h12_tp06_sl065,0.5998000000000957,-0.4501999999999042,-1.150199999999904,0,0,0,0,0.4501999999999042,21.769999999999982,6.779999999999973,0.5176991150442485,5.3900000000001,0.03710575139143124,3.400000000000091,4.118499999999995,0.452,-1.0,,,12,3,12.0,2022
2022-12-12 12:00:00+00:00|-1.0|vol_trans_fade_h1_low_to_high_h12_tp06_sl065,2022-12-12 12:00:00+00:00,STAGE28A,data/reports/stage28a_discovery_factory_batch_runner/stage28a_exact_trades.csv,volatility_transition_v1,vol_trans_fade_h1_low_to_high_h12_tp06_sl065,0.6783999999999196,-0.3716000000000803,-1.07160000000008,0,0,0,0,0.3716000000000803,2.3400000000001455,10.309999999999945,0.7332686711930151,7.329999999999927,0.6889495225102326,2.8099999999999454,3.919000000000017,0.34,-1.0,,,12,0,12.0,2022
2022-12-14 12:00:00+00:00|1.0|vol_trans_fade_h1_low_to_high_h12_tp06_sl065,2022-12-14 12:00:00+00:00,STAGE28A,data/reports/stage28a_discovery_factory_batch_runner/stage28a_exact_trades.csv,volatility_transition_v1,vol_trans_fade_h1_low_to_high_h12_tp06_sl065,0.7387000000000171,-0.3112999999999828,-1.0112999999999823,0,0,0,0,0.3112999999999828,44.50999999999999,4.470000000000027,0.1342281879194419,6.720000000000027,0.029761904761877574,2.5399999999999636,4.634000000000026,0.624,1.0,,,12,2,12.0,2022
2022-12-15 12:00:00+00:00|1.0|vol_trans_fade_h1_low_to_high_h12_tp06_sl065,2022-12-15 12:00:00+00:00,STAGE28A,data/reports/stage28a_discovery_factory_batch_runner/stage28a_exact_trades.csv,volatility_transition_v1,vol_trans_fade_h1_low_to_high_h12_tp06_sl065,1.5952000000001134,0.5452000000001136,-0.1547999999998861,1,0,1,0,0.5452000000001136,19.310000000000173,19.110000000000127,0.8707482993197154,22.519999999999982,0.6039076376554139,6.0900000000001455,5.397000000000048,0.876,1.0,,,12,3,12.0,2022
2022-12-16 12:00:00+00:00|-1.0|vol_trans_fade_h1_low_to_high_h12_tp06_sl065,2022-12-16 12:00:00+00:00,STAGE28A,data/reports/stage28a_discovery_factory_batch_runner/stage28a_exact_trades.csv,volatility_transition_v1,vol_trans_fade_h1_low_to_high_h12_tp06_sl065,-1.8453250000000936,-2.8953250000000934,-3.595325000000093,0,0,0,0,2.8953250000000934,34.799999999999955,8.639999999999873,0.2685185185185414,10.599999999999909,0.1849056603773635,4.580000000000155,4.216499999999985,0.468,-1.0,,,12,4,12.0,2022
2022-12-19 12:00:00+00:00|1.0|vol_trans_fade_h1_low_to_high_h12_tp06_sl065,2022-12-19 12:00:00+00:00,STAGE28A,data/reports/stage28a_discovery_factory_batch_runner/stage28a_exact_trades.csv,volatility_transition_v1,vol_trans_fade_h1_low_to_high_h12_tp06_sl065,0.7170999999999822,-0.3329000000000177,-1.0329000000000177,0,0,0,0,0.3329000000000177,2.3400000000001455,5.970000000000027,0.32160804020101574,8.4699999999998,0.3471074380165436,3.2799999999999727,3.939500000000021,0.396,1.0,,,12,0,12.0,2022
2022-12-20 12:00:00+00:00|-1.0|vol_trans_fade_h1_low_to_high_h12_tp06_sl065,2022-12-20 12:00:00+00:00,STAGE28A,data/reports/stage28a_discovery_factory_batch_runner/stage28a_exact_trades.csv,volatility_transition_v1,vol_trans_fade_h1_low_to_high_h12_tp06_sl065,1.2232000000000425,0.1732000000000426,-0.5267999999999571,1,0,1,0,0.1732000000000426,15.0,11.589999999999918,0.2683347713546289,20.910000000000082,0.7723577235772371,6.100000000000136,4.336500000000001,0.612,-1.0,,,12,1,12.0,2022
2022-12-23 12:00:00+00:00|-1.0|vol_trans_fade_h1_low_to_high_h12_tp06_sl065,2022-12-23 12:00:00+00:00,STAGE28A,data/reports/stage28a_discovery_factory_batch_runner/stage28a_exact_trades.csv,volatility_transition_v1,vol_trans_fade_h1_low_to_high_h12_tp06_sl065,-1.4189250000000355,-2.468925000000036,-3.1689250000000357,0,0,0,0,2.468925000000036,35.58999999999992,4.270000000000209,0.33255269320843167,4.830000000000155,0.780538302277404,3.240000000000009,3.861500000000035,0.44,-1.0,,,12,4,12.0,2022
2022-12-28 12:00:00+00:00|1.0|vol_trans_fade_h1_low_to_high_h12_tp06_sl065,2022-12-28 12:00:00+00:00,STAGE28A,data/reports/stage28a_discovery_factory_batch_runner/stage28a_exact_trades.csv,volatility_transition_v1,vol_trans_fade_h1_low_to_high_h12_tp06_sl065,-1.756600000000026,-2.8066000000000257,-3.506600000000025,0,0,0,0,2.8066000000000257,33.58999999999992,4.990000000000009,0.11422845691381468,12.950000000000045,0.7158301158301119,3.8400000000001455,5.321499999999981,0.852,1.0,,,12,2,12.0,2022
2023-01-03 12:00:00+00:00|-1.0|vol_trans_fade_h1_low_to_high_h12_tp06_sl065,2023-01-03 12:00:00+00:00,STAGE28A,data/reports/stage28a_discovery_factory_batch_runner/stage28a_exact_trades.csv,volatility_transition_v1,vol_trans_fade_h1_low_to_high_h12_tp06_sl065,1.5468999999999595,0.4968999999999597,-0.20310000000004,1,0,1,0,0.4968999999999597,6.660000000000082,19.40000000000009,0.5649484536082466,16.24000000000001,0.3663793103448302,7.210000000000036,5.280999999999994,0.96,-1.0,,,12,1,1.0,2023
2023-01-04 12:00:00+00:00|-1.0|vol_trans_fade_h1_low_to_high_h12_tp06_sl065,2023-01-04 12:00:00+00:00,STAGE28A,data/reports/stage28a_discovery_factory_batch_runner/stage28a_exact_trades.csv,volatility_transition_v1,vol_trans_fade_h1_low_to_high_h12_tp06_sl065,1.2390999999999166,0.1890999999999167,-0.510900000000083,1,0,1,0,0.1890999999999167,26.210000000000036,12.019999999999982,0.8460898502495914,20.410000000000082,0.5982361587457122,3.410000000000082,5.186500000000012,0.872,-1.0,,,12,2,1.0,2023
2023-01-05 12:00:00+00:00|-1.0|vol_trans_fade_h1_low_to_high_h12_tp06_sl065,2023-01-05 12:00:00+00:00,STAGE28A,data/reports/stage28a_discovery_factory_batch_runner/stage28a_exact_trades.csv,volatility_transition_v1,vol_trans_fade_h1_low_to_high_h12_tp06_sl065,-2.061450000000013,-3.1114500000000134,-3.811450000000013,0,0,0,1,3.1114500000000134,29.940000000000055,8.690000000000055,0.3107019562715798,11.779999999999973,0.25806451612902975,5.790000000000191,4.898000000000013,0.712,-1.0,,,12,3,1.0,2023
2023-01-06 12:00:00+00:00|1.0|vol_trans_fade_h1_low_to_high_h12_tp06_sl065,2023-01-06 12:00:00+00:00,STAGE28A,data/reports/stage28a_discovery_factory_batch_runner/stage28a_exact_trades.csv,volatility_transition_v1,vol_trans_fade_h1_low_to_high_h12_tp06_sl065,-1.543400000000111,-2.5934000000001105,-3.2934000000001102,0,0,0,0,2.5934000000001105,33.99000000000001,10.930000000000064,0.4858188472095073,7.370000000000118,0.18724559023067666,4.150000000000091,4.134499999999991,0.504,1.0,,,12,4,1.0,2023
2023-01-09 12:00:00+00:00|1.0|vol_trans_fade_h1_low_to_high_h12_tp06_sl065,2023-01-09 12:00:00+00:00,STAGE28A,data/reports/stage28a_discovery_factory_batch_runner/stage28a_exact_trades.csv,volatility_transition_v1,vol_trans_fade_h1_low_to_high_h12_tp06_sl065,1.0582000000000789,0.008200000000079,-0.6917999999999207,1,0,0,0,0.008200000000079,3.5799999999999272,13.239999999999782,0.554380664652571,9.680000000000064,0.556818181818165,3.4200000000000728,5.210499999999979,0.748,1.0,,,12,0,1.0,2023
2023-01-10 12:00:00+00:00|-1.0|vol_trans_fade_h1_low_to_high_h12_tp06_sl065,2023-01-10 12:00:00+00:00,STAGE28A,data/reports/stage28a_discovery_factory_batch_runner/stage28a_exact_trades.csv,volatility_transition_v1,vol_trans_fade_h1_low_to_high_h12_tp06_sl065,-1.5814249999999448,-2.6314249999999446,-3.3314249999999443,0,0,0,0,2.6314249999999446,15.169999999999845,8.11999999999989,0.10467980295568323,6.699999999999818,0.5716417910447807,2.8099999999999454,4.252999999999952,0.428,-1.0,,,12,1,1.0,2023
2023-01-11 12:00:00+00:00|-1.0|vol_trans_fade_h1_low_to_high_h12_tp06_sl065,2023-01-11 12:00:00+00:00,STAGE28A,data/reports/stage28a_discovery_factory_batch_runner/stage28a_exact_trades.csv,volatility_transition_v1,vol_trans_fade_h1_low_to_high_h12_tp06_sl065,-1.763099999999986,-2.8130999999999857,-3.513099999999985,0,0,0,0,2.8130999999999857,12.879999999999882,6.419999999999845,0.09813084112151468,9.120000000000118,0.7565789473683963,3.3300000000001546,3.859999999999991,0.296,-1.0,,,12,2,1.0,2023
2023-01-13 12:00:00+00:00|1.0|vol_trans_fade_h1_low_to_high_h12_tp06_sl065,2023-01-13 12:00:00+00:00,STAGE28A,data/reports/stage28a_discovery_factory_batch_runner/stage28a_exact_trades.csv,volatility_transition_v1,vol_trans_fade_h1_low_to_high_h12_tp06_sl065,1.2196000000000369,0.1696000000000368,-0.5303999999999629,1,0,1,0,0.1696000000000368,32.710000000000036,6.089999999999918,0.33004926108374677,17.37999999999988,0.575949367088611,5.769999999999982,5.647999999999991,0.836,1.0,,,12,4,1.0,2023
2023-01-16 12:00:00+00:00|-1.0|vol_trans_fade_h1_low_to_high_h12_tp06_sl065,2023-01-16 12:00:00+00:00,STAGE28A,data/reports/stage28a_discovery_factory_batch_runner/stage28a_exact_trades.csv,volatility_transition_v1,vol_trans_fade_h1_low_to_high_h12_tp06_sl065,1.001799999999912,-0.0482000000000879,-0.7482000000000877,0,0,0,0,0.0482000000000879,3.589999999999918,12.11999999999989,0.44389438943895687,11.519999999999982,0.5833333333333366,6.339999999999918,5.479500000000007,0.716,-1.0,,,12,0,1.0,2023
2023-01-18 12:00:00+00:00|-1.0|vol_trans_fade_h1_low_to_high_h12_tp06_sl065,2023-01-18 12:00:00+00:00,STAGE28A,data/reports/stage28a_discovery_factory_batch_runner/stage28a_exact_trades.csv,volatility_transition_v1,vol_trans_fade_h1_low_to_high_h12_tp06_sl065,-2.013350000000037,-3.0633500000000367,-3.763350000000037,0,0,0,0,3.0633500000000367,15.2800000000002,13.089999999999918,0.7097020626432408,19.339999999999918,0.7699069286453032,5.720000000000027,4.669499999999971,0.508,-1.0,,,12,2,1.0,2023
2023-01-19 12:00:00+00:00|1.0|vol_trans_fade_h1_low_to_high_h12_tp06_sl065,2023-01-19 12:00:00+00:00,STAGE28A,data/reports/stage28a_discovery_factory_batch_runner/stage28a_exact_trades.csv,volatility_transition_v1,vol_trans_fade_h1_low_to_high_h12_tp06_sl065,-1.7426249999999528,-2.7926249999999526,-3.4926249999999524,0,0,0,0,2.7926249999999526,29.269999999999982,9.970000000000027,0.29388164493481,10.379999999999882,0.023121387283238135,3.0799999999999272,4.738999999999964,0.552,1.0,,,12,3,1.0,2023
2023-01-20 12:00:00+00:00|-1.0|vol_trans_fade_h1_low_to_high_h12_tp06_sl065,2023-01-20 12:00:00+00:00,STAGE28A,data/reports/stage28a_discovery_factory_batch_runner/stage28a_exact_trades.csv,volatility_transition_v1,vol_trans_fade_h1_low_to_high_h12_tp06_sl065,-2.0689249999998998,-3.118924999999899,-3.818924999999899,0,0,0,1,3.118924999999899,34.190000000000055,11.160000000000082,0.7168458781361955,14.289999999999964,0.4380685794261726,5.960000000000036,4.759500000000014,0.636,-1.0,,,12,4,1.0,2023
2023-01-23 12:00:00+00:00|-1.0|vol_trans_fade_h1_low_to_high_h12_tp06_sl065,2023-01-23 12:00:00+00:00,STAGE28A,data/reports/stage28a_discovery_factory_batch_runner/stage28a_exact_trades.csv,volatility_transition_v1,vol_trans_fade_h1_low_to_high_h12_tp06_sl065,1.1425000000000636,0.0925000000000637,-0.607499999999936,1,0,0,0,0.0925000000000637,4.019999999999982,11.819999999999936,0.19204737732656463,10.940000000000055,0.28519195612430304,3.9299999999998363,4.377499999999986,0.404,-1.0,,,12,0,1.0,2023
2023-01-24 12:00:00+00:00|1.0|vol_trans_fade_h1_low_to_high_h12_tp06_sl065,2023-01-24 12:00:00+00:00,STAGE28A,data/reports/stage28a_discovery_factory_batch_runner/stage28a_exact_trades.csv,volatility_transition_v1,vol_trans_fade_h1_low_to_high_h12_tp06_sl065,0.8698000000000775,-0.1801999999999224,-0.8801999999999222,0,0,0,0,0.1801999999999224,24.169999999999845,6.519999999999982,0.21012269938648692,9.960000000000036,0.5672690763052051,4.269999999999982,4.543999999999983,0.524,1.0,,,12,1,1.0,2023
2023-01-25 12:00:00+00:00|1.0|vol_trans_fade_h1_low_to_high_h12_tp06_sl065,2023-01-25 12:00:00+00:00,STAGE28A,data/reports/stage28a_discovery_factory_batch_runner/stage28a_exact_trades.csv,volatility_transition_v1,vol_trans_fade_h1_low_to_high_h12_tp06_sl065,1.1143000000000938,0.0643000000000939,-0.6356999999999058,1,0,0,0,0.0643000000000939,25.36999999999989,11.950000000000045,0.7104602510460232,11.019999999999982,0.2676950998184957,3.5900000000001455,5.007999999999981,0.74,1.0,,,12,2,1.0,2023
2023-01-26 12:00:00+00:00|1.0|vol_trans_fade_h1_low_to_high_h12_tp06_sl065,2023-01-26 12:00:00+00:00,STAGE28A,data/reports/stage28a_discovery_factory_batch_runner/stage28a_exact_trades.csv,volatility_transition_v1,vol_trans_fade_h1_low_to_high_h12_tp06_sl065,-2.045850000000064,-3.095850000000064,-3.795850000000064,0,0,0,1,3.095850000000064,28.659999999999854,6.610000000000127,0.2632375189107376,15.129999999999882,0.6549900859220198,9.509999999999991,5.132500000000005,0.74,1.0,,,12,3,1.0,2023
2023-01-27 12:00:00+00:00|1.0|vol_trans_fade_h1_low_to_high_h12_tp06_sl065,2023-01-27 12:00:00+00:00,STAGE28A,data/reports/stage28a_discovery_factory_batch_runner/stage28a_exact_trades.csv,volatility_transition_v1,vol_trans_fade_h1_low_to_high_h12_tp06_sl065,-1.540475000000106,-2.5904750000001058,-3.290475000000105,0,0,0,0,2.5904750000001058,30.470000000000027,15.069999999999936,0.6084936960849444,7.829999999999927,0.8735632183908023,3.6700000000000728,5.045999999999981,0.668,1.0,,,12,4,1.0,2023
2023-01-30 12:00:00+00:00|-1.0|vol_trans_fade_h1_low_to_high_h12_tp06_sl065,2023-01-30 12:00:00+00:00,STAGE28A,data/reports/stage28a_discovery_factory_batch_runner/stage28a_exact_trades.csv,volatility_transition_v1,vol_trans_fade_h1_low_to_high_h12_tp06_sl065,0.9246999999999388,-0.125300000000061,-0.8253000000000608,0,0,0,0,0.125300000000061,3.4500000000000455,10.049999999999955,0.44975124378109477,13.11999999999989,0.21570121951219137,3.4199999999998454,4.8629999999999995,0.62,-1.0,,,12,0,1.0,2023
2023-01-31 12:00:00+00:00|1.0|vol_trans_fade_h1_low_to_high_h12_tp06_sl065,2023-01-31 12:00:00+00:00,STAGE28A,data/reports/stage28a_discovery_factory_batch_runner/stage28a_exact_trades.csv,volatility_transition_v1,vol_trans_fade_h1_low_to_high_h12_tp06_sl065,1.2306999999999788,0.180699999999979,-0.5193000000000207,1,0,1,0,0.180699999999979,13.839999999999918,8.539999999999964,0.2412177985948424,19.180000000000064,0.7987486965589214,4.8599999999999,3.763000000000011,0.076,1.0,,,12,1,1.0,2023
2023-02-02 12:00:00+00:00|1.0|vol_trans_fade_h1_low_to_high_h12_tp06_sl065,2023-02-02 12:00:00+00:00,STAGE28A,data/reports/stage28a_discovery_factory_batch_runner/stage28a_exact_trades.csv,volatility_transition_v1,vol_trans_fade_h1_low_to_high_h12_tp06_sl065,-1.920075000000088,-2.970075000000088,-3.670075000000088,0,0,0,0,2.970075000000088,33.47000000000003,7.100000000000136,0.0408450704225293,8.519999999999982,0.08098591549296433,3.8299999999999272,6.222000000000025,0.976,1.0,,,12,3,2.0,2023
2023-02-03 12:00:00+00:00|-1.0|vol_trans_fade_h1_low_to_high_h12_tp06_sl065,2023-02-03 12:00:00+00:00,STAGE28A,data/reports/stage28a_discovery_factory_batch_runner/stage28a_exact_trades.csv,volatility_transition_v1,vol_trans_fade_h1_low_to_high_h12_tp06_sl065,-1.9434749999998984,-2.9934749999998984,-3.693474999999898,0,0,0,0,2.9934749999998984,48.44999999999982,7.269999999999982,0.13480055020633022,8.599999999999909,0.490697674418613,5.889999999999873,5.812999999999977,0.86,-1.0,,,12,4,2.0,2023
2023-02-06 12:00:00+00:00|1.0|vol_trans_fade_h1_low_to_high_h12_tp06_sl065,2023-02-06 12:00:00+00:00,STAGE28A,data/reports/stage28a_discovery_factory_batch_runner/stage28a_exact_trades.csv,volatility_transition_v1,vol_trans_fade_h1_low_to_high_h12_tp06_sl065,-2.05982499999991,-3.1098249999999097,-3.809824999999909,0,0,0,1,3.1098249999999097,10.089999999999918,18.769999999999982,0.6904635055940357,11.180000000000064,0.549194991055462,8.549999999999955,6.329499999999996,0.88,1.0,,,12,0,2.0,2023
2023-02-07 12:00:00+00:00|-1.0|vol_trans_fade_h1_low_to_high_h12_tp06_sl065,2023-02-07 12:00:00+00:00,STAGE28A,data/reports/stage28a_discovery_factory_batch_runner/stage28a_exact_trades.csv,volatility_transition_v1,vol_trans_fade_h1_low_to_high_h12_tp06_sl065,1.1164000000000214,0.0664000000000215,-0.6335999999999782,1,0,0,0,0.0664000000000215,21.3900000000001,8.75,0.5234285714285631,6.900000000000091,0.17536231884054973,6.900000000000091,4.219999999999982,0.184,-1.0,,,12,1,2.0,2023
2023-02-08 12:00:00+00:00|-1.0|vol_trans_fade_h1_low_to_high_h12_tp06_sl065,2023-02-08 12:00:00+00:00,STAGE28A,data/reports/stage28a_discovery_factory_batch_runner/stage28a_exact_trades.csv,volatility_transition_v1,vol_trans_fade_h1_low_to_high_h12_tp06_sl065,-2.145624999999973,-3.1956249999999726,-3.895624999999973,0,0,0,1,3.1956249999999726,19.3599999999999,7.039999999999964,0.6022727272727316,13.2199999999998,0.2798789712556809,3.4500000000000455,6.265499999999963,0.828,-1.0,,,12,2,2.0,2023
2023-02-09 12:00:00+00:00|1.0|vol_trans_fade_h1_low_to_high_h12_tp06_sl065,2023-02-09 12:00:00+00:00,STAGE28A,data/reports/stage28a_discovery_factory_batch_runner/stage28a_exact_trades.csv,volatility_transition_v1,vol_trans_fade_h1_low_to_high_h12_tp06_sl065,1.0210000000000945,-0.0289999999999053,-0.7289999999999051,0,0,0,0,0.0289999999999053,17.3599999999999,8.25,0.5478787878787856,9.329999999999927,0.663451232583052,5.5499999999999545,3.9744999999999893,0.108,1.0,,,12,3,2.0,2023
2023-02-10 12:00:00+00:00|1.0|vol_trans_fade_h1_low_to_high_h12_tp06_sl065,2023-02-10 12:00:00+00:00,STAGE28A,data/reports/stage28a_discovery_factory_batch_runner/stage28a_exact_trades.csv,volatility_transition_v1,vol_trans_fade_h1_low_to_high_h12_tp06_sl065,1.5952000000001134,0.5452000000001136,-0.1547999999998861,1,0,1,0,0.5452000000001136,31.269999999999982,11.579999999999927,0.7236614853195107,19.3599999999999,0.46177685950413744,8.650000000000091,6.1884999999999994,0.788,1.0,,,12,4,2.0,2023
2023-02-13 12:00:00+00:00|1.0|vol_trans_fade_h1_low_to_high_h12_tp06_sl065,2023-02-13 12:00:00+00:00,STAGE28A,data/reports/stage28a_discovery_factory_batch_runner/stage28a_exact_trades.csv,volatility_transition_v1,vol_trans_fade_h1_low_to_high_h12_tp06_sl065,1.1601999999999406,0.1101999999999407,-0.5898000000000589,1,0,0,0,0.1101999999999407,2.6800000000000637,7.569999999999936,0.647291941875843,12.6400000000001,0.06170886075949102,7.830000000000155,4.361999999999989,0.244,1.0,,,12,0,2.0,2023
2023-02-15 12:00:00+00:00|-1.0|vol_trans_fade_h1_low_to_high_h12_tp06_sl065,2023-02-15 12:00:00+00:00,STAGE28A,data/reports/stage28a_discovery_factory_batch_runner/stage28a_exact_trades.csv,volatility_transition_v1,vol_trans_fade_h1_low_to_high_h12_tp06_sl065,1.373500000000058,0.3235000000000583,-0.3764999999999414,1,0,1,0,0.3235000000000583,27.169999999999845,13.559999999999945,0.5243362831858355,16.019999999999982,0.7771535580524381,4.990000000000009,6.240499999999997,0.74,-1.0,,,12,2,2.0,2023
2023-02-16 12:00:00+00:00|1.0|vol_trans_fade_h1_low_to_high_h12_tp06_sl065,2023-02-16 12:00:00+00:00,STAGE28A,data/reports/stage28a_discovery_factory_batch_runner/stage28a_exact_trades.csv,volatility_transition_v1,vol_trans_fade_h1_low_to_high_h12_tp06_sl065,1.12180000000003,0.0718000000000302,-0.6281999999999694,1,0,0,0,0.0718000000000302,29.50999999999999,8.169999999999845,0.3659730722154303,10.549999999999955,0.1184834123222754,5.279999999999973,4.282499999999982,0.224,1.0,,,12,3,2.0,2023
2023-02-17 12:00:00+00:00|-1.0|vol_trans_fade_h1_low_to_high_h12_tp06_sl065,2023-02-17 12:00:00+00:00,STAGE28A,data/reports/stage28a_discovery_factory_batch_runner/stage28a_exact_trades.csv,volatility_transition_v1,vol_trans_fade_h1_low_to_high_h12_tp06_sl065,-1.9970999999999093,-3.0470999999999093,-3.747099999999909,0,0,0,0,3.0470999999999093,17.670000000000073,12.660000000000082,0.5979462875197383,9.319999999999936,0.3508583690987129,8.709999999999809,5.139499999999998,0.496,-1.0,,,12,4,2.0,2023
2023-02-20 12:00:00+00:00|-1.0|vol_trans_fade_h1_low_to_high_h12_tp06_sl065,2023-02-20 12:00:00+00:00,STAGE28A,data/reports/stage28a_discovery_factory_batch_runner/stage28a_exact_trades.csv,volatility_transition_v1,vol_trans_fade_h1_low_to_high_h12_tp06_sl065,0.7564000000001215,-0.2935999999998784,-0.993599999999878,0,0,0,0,0.2935999999998784,3.3700000000001182,7.559999999999945,0.5052910052910006,6.3599999999999,0.1289308176100549,2.5499999999999545,3.93599999999999,0.072,-1.0,,,12,0,2.0,2023
2023-02-22 12:00:00+00:00|1.0|vol_trans_fade_h1_low_to_high_h12_tp06_sl065,2023-02-22 12:00:00+00:00,STAGE28A,data/reports/stage28a_discovery_factory_batch_runner/stage28a_exact_trades.csv,volatility_transition_v1,vol_trans_fade_h1_low_to_high_h12_tp06_sl065,-1.5274749999999586,-2.5774749999999584,-3.277474999999958,0,0,0,0,2.5774749999999584,13.599999999999909,4.370000000000118,0.21967963386727926,9.069999999999936,0.34399117971335613,3.259999999999991,3.8975000000000137,0.188,1.0,,,12,2,2.0,2023
2023-02-23 12:00:00+00:00|1.0|vol_trans_fade_h1_low_to_high_h12_tp06_sl065,2023-02-23 12:00:00+00:00,STAGE28A,data/reports/stage28a_discovery_factory_batch_runner/stage28a_exact_trades.csv,volatility_transition_v1,vol_trans_fade_h1_low_to_high_h12_tp06_sl065,-1.5307249999999386,-2.5807249999999384,-3.280724999999938,0,0,0,0,2.5807249999999384,22.430000000000064,7.279999999999973,0.6565934065934053,9.3900000000001,0.3588924387646278,1.75,3.859000000000003,0.212,1.0,,,12,3,2.0,2023
2023-02-24 12:00:00+00:00|1.0|vol_trans_fade_h1_low_to_high_h12_tp06_sl065,2023-02-24 12:00:00+00:00,STAGE28A,data/reports/stage28a_discovery_factory_batch_runner/stage28a_exact_trades.csv,volatility_transition_v1,vol_trans_fade_h1_low_to_high_h12_tp06_sl065,0.8412999999999556,-0.2087000000000443,-0.908700000000044,0,0,0,0,0.2087000000000443,16.320000000000164,6.779999999999973,0.3554572271386566,6.529999999999973,0.4992343032159272,3.9700000000000273,3.582000000000005,0.144,1.0,,,12,4,2.0,2023
2023-03-01 12:00:00+00:00|1.0|vol_trans_fade_h1_low_to_high_h12_tp06_sl065,2023-03-01 12:00:00+00:00,STAGE28A,data/reports/stage28a_discovery_factory_batch_runner/stage28a_exact_trades.csv,volatility_transition_v1,vol_trans_fade_h1_low_to_high_h12_tp06_sl065,0.9273999999999432,-0.1226000000000566,-0.8226000000000564,0,0,0,0,0.1226000000000566,26.559999999999945,8.710000000000036,0.5051664753157373,8.179999999999836,0.6002444987775003,7.559999999999945,3.9029999999999405,0.436,1.0,,,12,2,3.0,2023
2023-03-06 12:00:00+00:00|1.0|vol_trans_fade_h1_low_to_high_h12_tp06_sl065,2023-03-06 12:00:00+00:00,STAGE28A,data/reports/stage28a_discovery_factory_batch_runner/stage28a_exact_trades.csv,volatility_transition_v1,vol_trans_fade_h1_low_to_high_h12_tp06_sl065,-1.4956250000001092,-2.545625000000109,-3.245625000000109,0,0,0,0,2.545625000000109,3.290000000000191,5.690000000000055,0.2882249560632837,8.38000000000011,0.46062052505967505,4.4500000000000455,3.7245000000000346,0.5,1.0,,,12,0,3.0,2023
2023-03-10 12:00:00+00:00|1.0|vol_trans_fade_h1_low_to_high_h12_tp06_sl065,2023-03-10 12:00:00+00:00,STAGE28A,data/reports/stage28a_discovery_factory_batch_runner/stage28a_exact_trades.csv,volatility_transition_v1,vol_trans_fade_h1_low_to_high_h12_tp06_sl065,-1.7731749999999011,-2.823174999999901,-3.5231749999999007,0,0,0,0,2.823174999999901,23.679999999999836,7.129999999999882,0.25385694249649027,8.730000000000018,0.345933562428405,5.330000000000155,4.087000000000023,0.888,1.0,,,12,4,3.0,2023
2023-03-13 12:00:00+00:00|-1.0|vol_trans_fade_h1_low_to_high_h12_tp06_sl065,2023-03-13 12:00:00+00:00,STAGE28A,data/reports/stage28a_discovery_factory_batch_runner/stage28a_exact_trades.csv,volatility_transition_v1,vol_trans_fade_h1_low_to_high_h12_tp06_sl065,-2.8147999999999684,-3.864799999999968,-4.564799999999968,0,0,0,1,3.864799999999968,22.169999999999845,22.169999999999845,0.43031123139377675,22.269999999999982,0.11899416255052057,9.490000000000009,9.716499999999963,0.972,-1.0,,,12,0,3.0,2023
2023-03-14 12:00:00+00:00|1.0|vol_trans_fade_h1_low_to_high_h12_tp06_sl065,2023-03-14 12:00:00+00:00,STAGE28A,data/reports/stage28a_discovery_factory_batch_runner/stage28a_exact_trades.csv,volatility_transition_v1,vol_trans_fade_h1_low_to_high_h12_tp06_sl065,1.6489000000000489,0.5989000000000488,-0.1010999999999509,1,0,1,0,0.5989000000000488,43.12999999999988,12.549999999999955,0.7274900398406307,12.61999999999989,0.03328050713152528,4.119999999999891,5.82700000000001,0.836,1.0,,,12,1,3.0,2023
2023-03-15 12:00:00+00:00|-1.0|vol_trans_fade_h1_low_to_high_h12_tp06_sl065,2023-03-15 12:00:00+00:00,STAGE28A,data/reports/stage28a_discovery_factory_batch_runner/stage28a_exact_trades.csv,volatility_transition_v1,vol_trans_fade_h1_low_to_high_h12_tp06_sl065,1.720600000000013,0.6706000000000132,-0.0293999999999865,1,0,1,0,0.6706000000000132,18.75,5.6599999999998545,0.24558303886924177,24.029999999999973,0.28381190178942756,11.990000000000009,4.520500000000004,0.696,-1.0,,,12,2,3.0,2023
2023-03-16 12:00:00+00:00|-1.0|vol_trans_fade_h1_low_to_high_h12_tp06_sl065,2023-03-16 12:00:00+00:00,STAGE28A,data/reports/stage28a_discovery_factory_batch_runner/stage28a_exact_trades.csv,volatility_transition_v1,vol_trans_fade_h1_low_to_high_h12_tp06_sl065,1.6566999999999097,0.6066999999999099,-0.0933000000000898,1,0,1,0,0.6066999999999099,51.57999999999993,16.930000000000064,0.24453632604843972,10.720000000000027,0.868470149253724,4.470000000000027,7.001999999999976,0.804,-1.0,,,12,3,3.0,2023
2023-03-17 12:00:00+00:00|-1.0|vol_trans_fade_h1_low_to_high_h12_tp06_sl065,2023-03-17 12:00:00+00:00,STAGE28A,data/reports/stage28a_discovery_factory_batch_runner/stage28a_exact_trades.csv,volatility_transition_v1,vol_trans_fade_h1_low_to_high_h12_tp06_sl065,-1.9873499999999693,-3.0373499999999694,-3.737349999999969,0,0,0,0,3.0373499999999694,25.8599999999999,12.769999999999982,0.8300704776820792,6.980000000000018,0.04154727793695743,4.809999999999945,4.847999999999968,0.572,-1.0,,,12,4,3.0,2023
2023-03-20 12:00:00+00:00|1.0|vol_trans_fade_h1_low_to_high_h12_tp06_sl065,2023-03-20 12:00:00+00:00,STAGE28A,data/reports/stage28a_discovery_factory_batch_runner/stage28a_exact_trades.csv,volatility_transition_v1,vol_trans_fade_h1_low_to_high_h12_tp06_sl065,-4.69784999999988,-5.747849999999881,-6.44784999999988,0,0,0,1,5.747849999999881,15.549999999999955,22.420000000000073,0.4214986619090105,35.87000000000012,0.16085865625871099,15.449999999999818,10.298499999999967,0.98,1.0,,,12,0,3.0,2023
2023-03-21 12:00:00+00:00|-1.0|vol_trans_fade_h1_low_to_high_h12_tp06_sl065,2023-03-21 12:00:00+00:00,STAGE28A,data/reports/stage28a_discovery_factory_batch_runner/stage28a_exact_trades.csv,volatility_transition_v1,vol_trans_fade_h1_low_to_high_h12_tp06_sl065,-2.53139999999994,-3.5813999999999395,-4.281399999999939,0,0,0,1,3.5813999999999395,43.950000000000045,9.779999999999973,0.33742331288343186,20.310000000000173,0.6233382570162357,4.379999999999882,5.707499999999982,0.488,-1.0,,,12,1,3.0,2023
2023-03-22 12:00:00+00:00|-1.0|vol_trans_fade_h1_low_to_high_h12_tp06_sl065,2023-03-22 12:00:00+00:00,STAGE28A,data/reports/stage28a_discovery_factory_batch_runner/stage28a_exact_trades.csv,volatility_transition_v1,vol_trans_fade_h1_low_to_high_h12_tp06_sl065,1.311100000000033,0.2611000000000332,-0.4388999999999665,1,0,1,0,0.2611000000000332,49.75,8.330000000000155,0.03121248499399593,11.389999999999873,0.2906057945566271,3.740000000000009,5.030500000000063,0.3,-1.0,,,12,2,3.0,2023
2023-03-23 12:00:00+00:00|-1.0|vol_trans_fade_h1_low_to_high_h12_tp06_sl065,2023-03-23 12:00:00+00:00,STAGE28A,data/reports/stage28a_discovery_factory_batch_runner/stage28a_exact_trades.csv,volatility_transition_v1,vol_trans_fade_h1_low_to_high_h12_tp06_sl065,-2.548624999999993,-3.5986249999999926,-4.298624999999992,0,0,0,1,3.5986249999999926,44.49000000000001,13.700000000000045,0.5751824817518143,9.3599999999999,0.01816239316240113,3.9299999999998363,7.823000000000002,0.704,-1.0,,,12,3,3.0,2023
2023-03-24 12:00:00+00:00|-1.0|vol_trans_fade_h1_low_to_high_h12_tp06_sl065,2023-03-24 12:00:00+00:00,STAGE28A,data/reports/stage28a_discovery_factory_batch_runner/stage28a_exact_trades.csv,volatility_transition_v1,vol_trans_fade_h1_low_to_high_h12_tp06_sl065,1.6306000000000949,0.580600000000095,-0.1193999999999047,1,0,1,0,0.580600000000095,38.76999999999998,5.119999999999891,0.011718750000034,19.029999999999973,0.026799789805569713,9.509999999999991,6.3104999999999905,0.432,-1.0,,,12,4,3.0,2023
2023-03-27 12:00:00+00:00|1.0|vol_trans_fade_h1_low_to_high_h12_tp06_sl065,2023-03-27 12:00:00+00:00,STAGE28A,data/reports/stage28a_discovery_factory_batch_runner/stage28a_exact_trades.csv,volatility_transition_v1,vol_trans_fade_h1_low_to_high_h12_tp06_sl065,-1.994825000000083,-3.0448250000000825,-3.744825000000082,0,0,0,0,3.0448250000000825,10.569999999999936,10.569999999999936,0.07473982970671413,19.519999999999982,0.9508196721311456,4.849999999999909,6.034500000000025,0.284,1.0,,,12,0,3.0,2023
2023-03-28 12:00:00+00:00|1.0|vol_trans_fade_h1_low_to_high_h12_tp06_sl065,2023-03-28 12:00:00+00:00,STAGE28A,data/reports/stage28a_discovery_factory_batch_runner/stage28a_exact_trades.csv,volatility_transition_v1,vol_trans_fade_h1_low_to_high_h12_tp06_sl065,-2.068274999999949,-3.1182749999999486,-3.818274999999948,0,0,0,1,3.1182749999999486,35.899999999999864,8.460000000000036,0.280141843971644,11.63000000000011,0.5081685296646431,6.1599999999998545,4.2409999999999854,0.004,1.0,,,12,1,3.0,2023
2023-03-29 12:00:00+00:00|-1.0|vol_trans_fade_h1_low_to_high_h12_tp06_sl065,2023-03-29 12:00:00+00:00,STAGE28A,data/reports/stage28a_discovery_factory_batch_runner/stage28a_exact_trades.csv,volatility_transition_v1,vol_trans_fade_h1_low_to_high_h12_tp06_sl065,0.9492999999999028,-0.100700000000097,-0.8007000000000968,0,0,0,0,0.100700000000097,26.100000000000136,8.519999999999982,0.7500000000000133,10.220000000000027,0.07827788649705993,3.7000000000000455,4.035500000000002,0.02,-1.0,,,12,2,3.0,2023
2023-03-30 12:00:00+00:00|-1.0|vol_trans_fade_h1_low_to_high_h12_tp06_sl065,2023-03-30 12:00:00+00:00,STAGE28A,data/reports/stage28a_discovery_factory_batch_runner/stage28a_exact_trades.csv,volatility_transition_v1,vol_trans_fade_h1_low_to_high_h12_tp06_sl065,-1.8014500000000224,-2.8514500000000225,-3.551450000000022,0,0,0,0,2.8514500000000225,15.759999999999991,9.539999999999964,0.4947589098532542,12.559999999999945,0.6162420382165639,3.619999999999891,4.312999999999965,0.088,-1.0,,,12,3,3.0,2023
2023-03-31 12:00:00+00:00|1.0|vol_trans_fade_h1_low_to_high_h12_tp06_sl065,2023-03-31 12:00:00+00:00,STAGE28A,data/reports/stage28a_discovery_factory_batch_runner/stage28a_exact_trades.csv,volatility_transition_v1,vol_trans_fade_h1_low_to_high_h12_tp06_sl065,-1.883674999999903,-2.9336749999999028,-3.6336749999999034,0,0,0,0,2.9336749999999028,28.910000000000082,5.970000000000027,0.3417085427135983,11.840000000000146,0.22972972972972922,5.520000000000209,4.092499999999961,0.096,1.0,,,12,4,3.0,2023
2023-04-03 12:00:00+00:00|-1.0|vol_trans_fade_h1_low_to_high_h12_tp06_sl065,2023-04-03 12:00:00+00:00,STAGE28A,data/reports/stage28a_discovery_factory_batch_runner/stage28a_exact_trades.csv,volatility_transition_v1,vol_trans_fade_h1_low_to_high_h12_tp06_sl065,-1.95550000000012,-3.00550000000012,-3.70550000000012,0,0,0,0,3.00550000000012,12.190000000000055,22.549999999999955,0.4736141906873652,16.539999999999964,0.8657799274486074,5.230000000000018,6.5159999999999965,0.64,-1.0,,,12,0,4.0,2023
2023-04-04 12:00:00+00:00|1.0|vol_trans_fade_h1_low_to_high_h12_tp06_sl065,2023-04-04 12:00:00+00:00,STAGE28A,data/reports/stage28a_discovery_factory_batch_runner/stage28a_exact_trades.csv,volatility_transition_v1,vol_trans_fade_h1_low_to_high_h12_tp06_sl065,-1.7026500000000395,-2.75265000000004,-3.4526500000000397,0,0,0,0,2.75265000000004,40.72000000000003,7.680000000000064,0.7552083333333508,7.259999999999991,0.6680440771350059,3.9700000000000273,4.396500000000015,0.216,1.0,,,12,1,4.0,2023
2023-04-05 12:00:00+00:00|1.0|vol_trans_fade_h1_low_to_high_h12_tp06_sl065,2023-04-05 12:00:00+00:00,STAGE28A,data/reports/stage28a_discovery_factory_batch_runner/stage28a_exact_trades.csv,volatility_transition_v1,vol_trans_fade_h1_low_to_high_h12_tp06_sl065,0.850900000000047,-0.1990999999999529,-0.8990999999999527,0,0,0,0,0.1990999999999529,48.01999999999998,5.910000000000082,0.4027072758037354,6.6099999999999,0.22541603630862808,4.899999999999864,5.217000000000041,0.468,1.0,,,12,2,4.0,2023
2023-04-06 12:00:00+00:00|-1.0|vol_trans_fade_h1_low_to_high_h12_tp06_sl065,2023-04-06 12:00:00+00:00,STAGE28A,data/reports/stage28a_discovery_factory_batch_runner/stage28a_exact_trades.csv,volatility_transition_v1,vol_trans_fade_h1_low_to_high_h12_tp06_sl065,0.9084999999999128,-0.1415000000000872,-0.841500000000087,0,0,0,0,0.1415000000000872,22.069999999999936,13.549999999999955,0.6664206642066423,9.879999999999882,0.8289473684210681,4.819999999999936,4.825000000000012,0.408,-1.0,,,12,3,4.0,2023
2023-04-10 12:00:00+00:00|1.0|vol_trans_fade_h1_low_to_high_h12_tp06_sl065,2023-04-10 12:00:00+00:00,STAGE28A,data/reports/stage28a_discovery_factory_batch_runner/stage28a_exact_trades.csv,volatility_transition_v1,vol_trans_fade_h1_low_to_high_h12_tp06_sl065,-1.488149999999996,-2.538149999999996,-3.238149999999996,0,0,0,0,2.538149999999996,17.029999999999973,17.65000000000009,0.8271954674220869,12.220000000000027,0.786415711947617,3.410000000000082,5.5490000000000235,0.632,1.0,,,12,0,4.0,2023
2023-04-11 12:00:00+00:00|-1.0|vol_trans_fade_h1_low_to_high_h12_tp06_sl065,2023-04-11 12:00:00+00:00,STAGE28A,data/reports/stage28a_discovery_factory_batch_runner/stage28a_exact_trades.csv,volatility_transition_v1,vol_trans_fade_h1_low_to_high_h12_tp06_sl065,-1.698749999999882,-2.7487499999998817,-3.4487499999998814,0,0,0,0,2.7487499999998817,24.860000000000127,9.349999999999909,0.6588235294117799,10.100000000000136,0.6920792079207836,6.210000000000036,3.82199999999998,0.096,-1.0,,,12,1,4.0,2023
2023-04-12 12:00:00+00:00|1.0|vol_trans_fade_h1_low_to_high_h12_tp06_sl065,2023-04-12 12:00:00+00:00,STAGE28A,data/reports/stage28a_discovery_factory_batch_runner/stage28a_exact_trades.csv,volatility_transition_v1,vol_trans_fade_h1_low_to_high_h12_tp06_sl065,-1.715974999999935,-2.765974999999935,-3.4659749999999345,0,0,0,0,2.765974999999935,18.610000000000127,16.36999999999989,0.8173488087965912,12.539999999999964,0.4976076555023945,4.709999999999809,4.030999999999961,0.232,1.0,,,12,2,4.0,2023
2023-04-13 12:00:00+00:00|-1.0|vol_trans_fade_h1_low_to_high_h12_tp06_sl065,2023-04-13 12:00:00+00:00,STAGE28A,data/reports/stage28a_discovery_factory_batch_runner/stage28a_exact_trades.csv,volatility_transition_v1,vol_trans_fade_h1_low_to_high_h12_tp06_sl065,0.9126999999999952,-0.1373000000000046,-0.8373000000000044,0,0,0,0,0.1373000000000046,27.13000000000011,6.1400000000001,0.3697068403908705,13.950000000000045,0.6566308243727635,4.710000000000036,5.147999999999991,0.656,-1.0,,,12,3,4.0,2023
2023-04-14 12:00:00+00:00|1.0|vol_trans_fade_h1_low_to_high_h12_tp06_sl065,2023-04-14 12:00:00+00:00,STAGE28A,data/reports/stage28a_discovery_factory_batch_runner/stage28a_exact_trades.csv,volatility_transition_v1,vol_trans_fade_h1_low_to_high_h12_tp06_sl065,1.1391999999999824,0.0891999999999826,-0.6108000000000171,1,0,0,0,0.0891999999999826,35.00999999999999,8.809999999999945,0.5595913734392842,14.690000000000055,0.43567052416610397,7.529999999999973,4.707000000000027,0.436,1.0,,,12,4,4.0,2023
2023-04-17 12:00:00+00:00|1.0|vol_trans_fade_h1_low_to_high_h12_tp06_sl065,2023-04-17 12:00:00+00:00,STAGE28A,data/reports/stage28a_discovery_factory_batch_runner/stage28a_exact_trades.csv,volatility_transition_v1,vol_trans_fade_h1_low_to_high_h12_tp06_sl065,-1.951274999999987,-3.001274999999987,-3.7012749999999865,0,0,0,0,3.001274999999987,7.0,10.759999999999991,0.30669144981412244,11.329999999999927,0.5216240070608907,4.430000000000064,6.118000000000018,0.788,1.0,,,12,0,4.0,2023
2023-04-18 12:00:00+00:00|-1.0|vol_trans_fade_h1_low_to_high_h12_tp06_sl065,2023-04-18 12:00:00+00:00,STAGE28A,data/reports/stage28a_discovery_factory_batch_runner/stage28a_exact_trades.csv,volatility_transition_v1,vol_trans_fade_h1_low_to_high_h12_tp06_sl065,0.8773000000000138,-0.1726999999999861,-0.8726999999999858,0,0,0,0,0.1726999999999861,33.8900000000001,8.5,0.6588235294117808,8.699999999999818,0.10919540229885809,3.2100000000000364,4.388999999999965,0.228,-1.0,,,12,1,4.0,2023
2023-04-19 12:00:00+00:00|1.0|vol_trans_fade_h1_low_to_high_h12_tp06_sl065,2023-04-19 12:00:00+00:00,STAGE28A,data/reports/stage28a_discovery_factory_batch_runner/stage28a_exact_trades.csv,volatility_transition_v1,vol_trans_fade_h1_low_to_high_h12_tp06_sl065,-2.677649999999949,-3.7276499999999486,-4.427649999999948,0,0,0,1,3.7276499999999486,20.6099999999999,6.189999999999827,0.34087237479809146,31.710000000000036,0.9274676758120481,14.740000000000009,5.0615000000000006,0.536,1.0,,,12,2,4.0,2023
2023-04-20 12:00:00+00:00|1.0|vol_trans_fade_h1_low_to_high_h12_tp06_sl065,2023-04-20 12:00:00+00:00,STAGE28A,data/reports/stage28a_discovery_factory_batch_runner/stage28a_exact_trades.csv,volatility_transition_v1,vol_trans_fade_h1_low_to_high_h12_tp06_sl065,0.977199999999948,-0.0728000000000519,-0.7728000000000517,0,0,0,0,0.0728000000000519,38.95999999999981,8.179999999999836,0.20904645476773479,9.779999999999973,0.6932515337423304,4.539999999999964,4.351500000000021,0.276,1.0,,,12,3,4.0,2023
2023-04-21 12:00:00+00:00|-1.0|vol_trans_fade_h1_low_to_high_h12_tp06_sl065,2023-04-21 12:00:00+00:00,STAGE28A,data/reports/stage28a_discovery_factory_batch_runner/stage28a_exact_trades.csv,volatility_transition_v1,vol_trans_fade_h1_low_to_high_h12_tp06_sl065,-2.4472249999999804,-3.4972249999999803,-4.19722499999998,0,0,0,1,3.4972249999999803,21.839999999999918,4.940000000000055,0.5161943319837907,20.37999999999988,0.7850834151128603,5.490000000000009,4.761000000000036,0.404,-1.0,,,12,4,4.0,2023
2023-04-24 12:00:00+00:00|-1.0|vol_trans_fade_h1_low_to_high_h12_tp06_sl065,2023-04-24 12:00:00+00:00,STAGE28A,data/reports/stage28a_discovery_factory_batch_runner/stage28a_exact_trades.csv,volatility_transition_v1,vol_trans_fade_h1_low_to_high_h12_tp06_sl065,-1.7962499999999637,-2.8462499999999635,-3.5462499999999637,0,0,0,0,2.8462499999999635,3.790000000000191,6.7999999999999545,0.4735294117647131,10.459999999999809,0.22179732313575323,4.410000000000082,5.368000000000018,0.588,-1.0,,,12,0,4.0,2023
2023-04-25 12:00:00+00:00|1.0|vol_trans_fade_h1_low_to_high_h12_tp06_sl065,2023-04-25 12:00:00+00:00,STAGE28A,data/reports/stage28a_discovery_factory_batch_runner/stage28a_exact_trades.csv,volatility_transition_v1,vol_trans_fade_h1_low_to_high_h12_tp06_sl065,-1.9938499999999293,-3.0438499999999293,-3.743849999999929,0,0,0,0,3.0438499999999293,18.579999999999927,12.269999999999982,0.013039934800332689,10.289999999999964,0.4528668610301359,4.139999999999873,4.977499999999987,0.528,1.0,,,12,1,4.0,2023
2023-04-26 12:00:00+00:00|1.0|vol_trans_fade_h1_low_to_high_h12_tp06_sl065,2023-04-26 12:00:00+00:00,STAGE28A,data/reports/stage28a_discovery_factory_batch_runner/stage28a_exact_trades.csv,volatility_transition_v1,vol_trans_fade_h1_low_to_high_h12_tp06_sl065,-1.6002750000001016,-2.6502750000001014,-3.350275000000101,0,0,0,0,2.6502750000001014,27.710000000000036,9.230000000000018,0.37811484290357555,6.069999999999936,0.7726523887973812,2.9300000000000637,4.840999999999985,0.404,1.0,,,12,2,4.0,2023
2023-04-27 12:00:00+00:00|1.0|vol_trans_fade_h1_low_to_high_h12_tp06_sl065,2023-04-27 12:00:00+00:00,STAGE28A,data/reports/stage28a_discovery_factory_batch_runner/stage28a_exact_trades.csv,volatility_transition_v1,vol_trans_fade_h1_low_to_high_h12_tp06_sl065,-1.8398000000000596,-2.889800000000059,-3.589800000000059,0,0,0,0,2.889800000000059,25.920000000000073,11.960000000000036,0.8127090301003342,6.400000000000091,0.44687499999997804,2.349999999999909,4.818500000000029,0.368,1.0,,,12,3,4.0,2023
2023-04-28 12:00:00+00:00|-1.0|vol_trans_fade_h1_low_to_high_h12_tp06_sl065,2023-04-28 12:00:00+00:00,STAGE28A,data/reports/stage28a_discovery_factory_batch_runner/stage28a_exact_trades.csv,volatility_transition_v1,vol_trans_fade_h1_low_to_high_h12_tp06_sl065,0.9999999999999092,-0.0500000000000908,-0.7500000000000906,0,0,0,0,0.0500000000000908,29.029999999999973,6.509999999999991,0.32872503840243866,10.569999999999936,0.5619678334909993,3.9300000000000637,4.277499999999998,0.144,-1.0,,,12,4,4.0,2023
2023-05-01 12:00:00+00:00|1.0|vol_trans_fade_h1_low_to_high_h12_tp06_sl065,2023-05-01 12:00:00+00:00,STAGE28A,data/reports/stage28a_discovery_factory_batch_runner/stage28a_exact_trades.csv,volatility_transition_v1,vol_trans_fade_h1_low_to_high_h12_tp06_sl065,-1.4475250000001323,-2.4975250000001323,-3.197525000000132,0,0,0,0,2.4975250000001323,3.2999999999999545,11.25,0.5164444444444396,9.319999999999936,0.14377682403432696,4.180000000000064,4.103000000000032,0.096,1.0,,,12,0,5.0,2023
2023-05-03 12:00:00+00:00|-1.0|vol_trans_fade_h1_low_to_high_h12_tp06_sl065,2023-05-03 12:00:00+00:00,STAGE28A,data/reports/stage28a_discovery_factory_batch_runner/stage28a_exact_trades.csv,volatility_transition_v1,vol_trans_fade_h1_low_to_high_h12_tp06_sl065,-1.4069000000000416,-2.4569000000000414,-3.156900000000041,0,0,0,0,2.4569000000000414,40.909999999999854,4.5300000000002,0.6247240618101109,6.770000000000209,0.20531757754798075,2.4300000000000637,4.608499999999992,0.342,-1.0,,,12,2,5.0,2023
2023-05-04 12:00:00+00:00|1.0|vol_trans_fade_h1_low_to_high_h12_tp06_sl065,2023-05-04 12:00:00+00:00,STAGE28A,data/reports/stage28a_discovery_factory_batch_runner/stage28a_exact_trades.csv,volatility_transition_v1,vol_trans_fade_h1_low_to_high_h12_tp06_sl065,1.2741999999999734,0.2241999999999735,-0.4758000000000262,1,0,1,0,0.2241999999999735,50.37000000000012,39.94999999999982,0.3902377972465636,14.970000000000027,0.2077488309953169,4.420000000000073,9.32650000000002,0.996,1.0,,,12,3,5.0,2023
2023-05-05 12:00:00+00:00|1.0|vol_trans_fade_h1_low_to_high_h12_tp06_sl065,2023-05-05 12:00:00+00:00,STAGE28A,data/reports/stage28a_discovery_factory_batch_runner/stage28a_exact_trades.csv,volatility_transition_v1,vol_trans_fade_h1_low_to_high_h12_tp06_sl065,-1.666250000000082,-2.7162500000000818,-3.416250000000081,0,0,0,0,2.7162500000000818,47.87999999999988,7.529999999999973,0.10092961487380694,13.800000000000182,0.8630434782608641,2.790000000000191,5.518000000000006,0.684,1.0,,,12,4,5.0,2023
2023-05-08 12:00:00+00:00|-1.0|vol_trans_fade_h1_low_to_high_h12_tp06_sl065,2023-05-08 12:00:00+00:00,STAGE28A,data/reports/stage28a_discovery_factory_batch_runner/stage28a_exact_trades.csv,volatility_transition_v1,vol_trans_fade_h1_low_to_high_h12_tp06_sl065,0.5820999999999913,-0.4679000000000086,-1.1679000000000084,0,0,0,0,0.4679000000000086,3.8199999999999363,9.689999999999827,0.8926728586171329,4.629999999999882,0.12526997840176446,3.099999999999909,4.463499999999977,0.24,-1.0,,,12,0,5.0,2023
2023-05-11 12:00:00+00:00|1.0|vol_trans_fade_h1_low_to_high_h12_tp06_sl065,2023-05-11 12:00:00+00:00,STAGE28A,data/reports/stage28a_discovery_factory_batch_runner/stage28a_exact_trades.csv,volatility_transition_v1,vol_trans_fade_h1_low_to_high_h12_tp06_sl065,1.0449999999999815,-0.0050000000000181,-0.7050000000000178,0,0,0,0,0.0050000000000181,26.679999999999836,7.099999999999909,0.10563380281690277,11.410000000000082,0.47414548641542886,3.7200000000000273,4.563499999999976,0.408,1.0,,,12,3,5.0,2023
2023-05-12 12:00:00+00:00|1.0|vol_trans_fade_h1_low_to_high_h12_tp06_sl065,2023-05-12 12:00:00+00:00,STAGE28A,data/reports/stage28a_discovery_factory_batch_runner/stage28a_exact_trades.csv,volatility_transition_v1,vol_trans_fade_h1_low_to_high_h12_tp06_sl065,-1.7221499999999197,-2.7721499999999195,-3.4721499999999192,0,0,0,0,2.7721499999999195,30.1400000000001,8.960000000000036,0.4832589285714185,11.710000000000036,0.7532023911186941,4.220000000000027,5.039500000000009,0.552,1.0,,,12,4,5.0,2023
2023-05-15 12:00:00+00:00|1.0|vol_trans_fade_h1_low_to_high_h12_tp06_sl065,2023-05-15 12:00:00+00:00,STAGE28A,data/reports/stage28a_discovery_factory_batch_runner/stage28a_exact_trades.csv,volatility_transition_v1,vol_trans_fade_h1_low_to_high_h12_tp06_sl065,-1.594425000000092,-2.644425000000092,-3.344425000000092,0,0,0,0,2.644425000000092,4.789999999999964,11.710000000000036,0.2613151152860748,7.720000000000027,0.3121761658031183,3.8299999999999272,4.288499999999999,0.328,1.0,,,12,0,5.0,2023
2023-05-19 12:00:00+00:00|1.0|vol_trans_fade_h1_low_to_high_h12_tp06_sl065,2023-05-19 12:00:00+00:00,STAGE28A,data/reports/stage28a_discovery_factory_batch_runner/stage28a_exact_trades.csv,volatility_transition_v1,vol_trans_fade_h1_low_to_high_h12_tp06_sl065,0.8989000000000488,-0.1510999999999511,-0.8510999999999509,0,0,0,0,0.1510999999999511,33.97999999999979,9.659999999999854,0.4906832298136729,8.100000000000136,0.5469135802469123,2.9400000000000546,4.0184999999999835,0.464,1.0,,,12,4,5.0,2023
2023-05-22 12:00:00+00:00|-1.0|vol_trans_fade_h1_low_to_high_h12_tp06_sl065,2023-05-22 12:00:00+00:00,STAGE28A,data/reports/stage28a_discovery_factory_batch_runner/stage28a_exact_trades.csv,volatility_transition_v1,vol_trans_fade_h1_low_to_high_h12_tp06_sl065,0.8856999999999516,-0.1643000000000483,-0.864300000000048,0,0,0,0,0.1643000000000483,4.360000000000127,6.099999999999909,0.3639344262295181,11.349999999999909,0.16123348017620634,5.620000000000118,5.354000000000019,0.812,-1.0,,,12,0,5.0,2023
2023-05-23 12:00:00+00:00|-1.0|vol_trans_fade_h1_low_to_high_h12_tp06_sl065,2023-05-23 12:00:00+00:00,STAGE28A,data/reports/stage28a_discovery_factory_batch_runner/stage28a_exact_trades.csv,volatility_transition_v1,vol_trans_fade_h1_low_to_high_h12_tp06_sl065,-1.8534499999999297,-2.9034499999999297,-3.6034499999999294,0,0,0,0,2.9034499999999297,13.670000000000073,12.319999999999936,0.6915584415584437,10.339999999999918,0.5483558994197406,6.449999999999818,4.186499999999978,0.512,-1.0,,,12,1,5.0,2023
2023-05-24 12:00:00+00:00|-1.0|vol_trans_fade_h1_low_to_high_h12_tp06_sl065,2023-05-24 12:00:00+00:00,STAGE28A,data/reports/stage28a_discovery_factory_batch_runner/stage28a_exact_trades.csv,volatility_transition_v1,vol_trans_fade_h1_low_to_high_h12_tp06_sl065,-1.922349999999915,-2.972349999999915,-3.6723499999999145,0,0,0,0,2.972349999999915,23.449999999999818,4.529999999999973,0.0883002207505223,9.820000000000164,0.036659877800396534,4.1599999999998545,4.439499999999998,0.568,-1.0,,,12,2,5.0,2023
2023-05-25 12:00:00+00:00|-1.0|vol_trans_fade_h1_low_to_high_h12_tp06_sl065,2023-05-25 12:00:00+00:00,STAGE28A,data/reports/stage28a_discovery_factory_batch_runner/stage28a_exact_trades.csv,volatility_transition_v1,vol_trans_fade_h1_low_to_high_h12_tp06_sl065,-1.5518499999999222,-2.601849999999922,-3.301849999999922,0,0,0,0,2.601849999999922,28.560000000000173,6.789999999999964,0.5729013254786629,9.850000000000136,0.39187817258884,5.5499999999999545,4.723500000000001,0.632,-1.0,,,12,3,5.0,2023
2023-05-26 12:00:00+00:00|1.0|vol_trans_fade_h1_low_to_high_h12_tp06_sl065,2023-05-26 12:00:00+00:00,STAGE28A,data/reports/stage28a_discovery_factory_batch_runner/stage28a_exact_trades.csv,volatility_transition_v1,vol_trans_fade_h1_low_to_high_h12_tp06_sl065,0.932799999999952,-0.1172000000000479,-0.8172000000000477,0,0,0,0,0.1172000000000479,25.910000000000082,12.120000000000118,0.5140264026402606,10.289999999999964,0.5053449951409197,5.3400000000001455,4.305500000000018,0.48,1.0,,,12,4,5.0,2023
2023-06-01 12:00:00+00:00|-1.0|vol_trans_fade_h1_low_to_high_h12_tp06_sl065,2023-06-01 12:00:00+00:00,STAGE28A,data/reports/stage28a_discovery_factory_batch_runner/stage28a_exact_trades.csv,volatility_transition_v1,vol_trans_fade_h1_low_to_high_h12_tp06_sl065,0.7069000000000415,-0.3430999999999584,-1.0430999999999582,0,0,0,0,0.3430999999999584,21.13000000000011,5.470000000000027,0.40036563071298786,12.440000000000055,0.31511254019291224,3.4200000000000728,4.338000000000022,0.484,-1.0,,,12,3,6.0,2023
2023-06-05 12:00:00+00:00|-1.0|vol_trans_fade_h1_low_to_high_h12_tp06_sl065,2023-06-05 12:00:00+00:00,STAGE28A,data/reports/stage28a_discovery_factory_batch_runner/stage28a_exact_trades.csv,volatility_transition_v1,vol_trans_fade_h1_low_to_high_h12_tp06_sl065,0.816400000000067,-0.2335999999999329,-0.9335999999999328,0,0,0,0,0.2335999999999329,3.5399999999999636,6.1099999999999,0.2929623567921429,8.799999999999955,0.2590909090909073,5.25,4.456000000000029,0.512,-1.0,,,12,0,6.0,2023
2023-06-08 12:00:00+00:00|-1.0|vol_trans_fade_h1_low_to_high_h12_tp06_sl065,2023-06-08 12:00:00+00:00,STAGE28A,data/reports/stage28a_discovery_factory_batch_runner/stage28a_exact_trades.csv,volatility_transition_v1,vol_trans_fade_h1_low_to_high_h12_tp06_sl065,-1.5219499999999244,-2.571949999999924,-3.271949999999924,0,0,0,0,2.571949999999924,30.329999999999927,7.440000000000055,0.5349462365591383,6.319999999999936,0.011075949367078645,2.3799999999998818,4.5735000000000126,0.656,-1.0,,,12,3,6.0,2023
2023-06-14 12:00:00+00:00|-1.0|vol_trans_fade_h1_low_to_high_h12_tp06_sl065,2023-06-14 12:00:00+00:00,STAGE28A,data/reports/stage28a_discovery_factory_batch_runner/stage28a_exact_trades.csv,volatility_transition_v1,vol_trans_fade_h1_low_to_high_h12_tp06_sl065,-1.478400000000056,-2.528400000000056,-3.228400000000056,0,0,0,0,2.528400000000056,30.730000000000018,7.240000000000009,0.7223756906077364,7.639999999999873,0.2683246073298414,2.5100000000002183,4.04100000000002,0.568,-1.0,,,12,2,6.0,2023
2023-06-15 12:00:00+00:00|1.0|vol_trans_fade_h1_low_to_high_h12_tp06_sl065,2023-06-15 12:00:00+00:00,STAGE28A,data/reports/stage28a_discovery_factory_batch_runner/stage28a_exact_trades.csv,volatility_transition_v1,vol_trans_fade_h1_low_to_high_h12_tp06_sl065,-1.96525000000006,-3.01525000000006,-3.71525000000006,0,0,0,0,3.01525000000006,20.580000000000155,12.930000000000064,0.713070378963649,10.7800000000002,0.09090909090909091,3.8099999999999454,5.0829999999999815,0.948,1.0,,,12,3,6.0,2023
2023-06-16 12:00:00+00:00|-1.0|vol_trans_fade_h1_low_to_high_h12_tp06_sl065,2023-06-16 12:00:00+00:00,STAGE28A,data/reports/stage28a_discovery_factory_batch_runner/stage28a_exact_trades.csv,volatility_transition_v1,vol_trans_fade_h1_low_to_high_h12_tp06_sl065,-1.6389500000001136,-2.6889500000001134,-3.388950000000113,0,0,0,0,2.6889500000001134,35.600000000000136,6.8900000000001,0.27576197387519064,10.069999999999936,0.7636544190665445,4.029999999999973,4.221000000000027,0.6,-1.0,,,12,4,6.0,2023
2023-06-26 12:00:00+00:00|-1.0|vol_trans_fade_h1_low_to_high_h12_tp06_sl065,2023-06-26 12:00:00+00:00,STAGE28A,data/reports/stage28a_discovery_factory_batch_runner/stage28a_exact_trades.csv,volatility_transition_v1,vol_trans_fade_h1_low_to_high_h12_tp06_sl065,0.70600000000004,-0.3439999999999599,-1.0439999999999596,0,0,0,0,0.3439999999999599,3.490000000000009,5.870000000000118,0.12776831345825979,11.200000000000045,0.3928571428571494,4.430000000000064,3.8724999999999907,0.448,-1.0,,,12,0,6.0,2023
2023-07-10 12:00:00+00:00|-1.0|vol_trans_fade_h1_low_to_high_h12_tp06_sl065,2023-07-10 12:00:00+00:00,STAGE28A,data/reports/stage28a_discovery_factory_batch_runner/stage28a_exact_trades.csv,volatility_transition_v1,vol_trans_fade_h1_low_to_high_h12_tp06_sl065,-1.273000000000002,-2.3230000000000017,-3.023000000000001,0,0,0,0,2.3230000000000017,4.289999999999964,5.559999999999945,0.3992805755395772,6.920000000000073,0.0765895953757178,2.9400000000000546,4.028499999999997,0.76,-1.0,,,12,0,7.0,2023
2023-07-13 12:00:00+00:00|1.0|vol_trans_fade_h1_low_to_high_h12_tp06_sl065,2023-07-13 12:00:00+00:00,STAGE28A,data/reports/stage28a_discovery_factory_batch_runner/stage28a_exact_trades.csv,volatility_transition_v1,vol_trans_fade_h1_low_to_high_h12_tp06_sl065,0.8574999999999818,-0.1925000000000181,-0.8925000000000178,0,0,0,0,0.1925000000000181,27.560000000000173,6.690000000000055,0.38415545590432215,8.11999999999989,0.035714285714281716,2.589999999999918,3.8634999999999993,0.708,1.0,,,12,3,7.0,2023
2023-07-19 12:00:00+00:00|1.0|vol_trans_fade_h1_low_to_high_h12_tp06_sl065,2023-07-19 12:00:00+00:00,STAGE28A,data/reports/stage28a_discovery_factory_batch_runner/stage28a_exact_trades.csv,volatility_transition_v1,vol_trans_fade_h1_low_to_high_h12_tp06_sl065,-1.4904250000000503,-2.54042500000005,-3.24042500000005,0,0,0,0,2.54042500000005,30.559999999999945,4.790000000000191,0.6847599164926601,7.9500000000000455,0.21509433962264485,1.9099999999998545,3.7074999999999934,0.612,1.0,,,12,2,7.0,2023
2023-07-27 12:00:00+00:00|1.0|vol_trans_fade_h1_low_to_high_h12_tp06_sl065,2023-07-27 12:00:00+00:00,STAGE28A,data/reports/stage28a_discovery_factory_batch_runner/stage28a_exact_trades.csv,volatility_transition_v1,vol_trans_fade_h1_low_to_high_h12_tp06_sl065,-1.6064500000000863,-2.656450000000086,-3.356450000000086,0,0,0,0,2.656450000000086,16.339999999999918,11.230000000000018,0.40783615316118854,8.529999999999973,0.30480656506449527,5.329999999999927,4.56949999999996,0.996,1.0,,,12,3,7.0,2023
2023-07-28 12:00:00+00:00|1.0|vol_trans_fade_h1_low_to_high_h12_tp06_sl065,2023-07-28 12:00:00+00:00,STAGE28A,data/reports/stage28a_discovery_factory_batch_runner/stage28a_exact_trades.csv,volatility_transition_v1,vol_trans_fade_h1_low_to_high_h12_tp06_sl065,0.9108999999999924,-0.1391000000000075,-0.8391000000000073,0,0,0,0,0.1391000000000075,39.559999999999945,9.389999999999873,0.7816826411075873,8.8900000000001,0.2598425196850303,2.6100000000001273,4.498500000000002,0.904,1.0,,,12,4,7.0,2023
2023-08-02 12:00:00+00:00|-1.0|vol_trans_fade_h1_low_to_high_h12_tp06_sl065,2023-08-02 12:00:00+00:00,STAGE28A,data/reports/stage28a_discovery_factory_batch_runner/stage28a_exact_trades.csv,volatility_transition_v1,vol_trans_fade_h1_low_to_high_h12_tp06_sl065,0.6442000000000917,-0.4057999999999082,-1.105799999999908,0,0,0,0,0.4057999999999082,24.850000000000136,8.789999999999964,0.2104664391353975,6.620000000000118,0.055891238670711725,3.519999999999982,3.4915000000000305,0.36,-1.0,,,12,2,8.0,2023
2023-09-21 12:00:00+00:00|1.0|vol_trans_fade_h1_low_to_high_h12_tp06_sl065,2023-09-21 12:00:00+00:00,STAGE28A,data/reports/stage28a_discovery_factory_batch_runner/stage28a_exact_trades.csv,volatility_transition_v1,vol_trans_fade_h1_low_to_high_h12_tp06_sl065,0.3697000000001026,-0.6802999999998973,-1.380299999999897,0,0,0,0,0.6802999999998973,19.519999999999982,7.350000000000136,0.3823129251700535,8.040000000000191,0.4440298507462785,4.559999999999945,3.8875000000000113,1.0,1.0,,,12,3,9.0,2023
2023-09-28 12:00:00+00:00|1.0|vol_trans_fade_h1_low_to_high_h12_tp06_sl065,2023-09-28 12:00:00+00:00,STAGE28A,data/reports/stage28a_discovery_factory_batch_runner/stage28a_exact_trades.csv,volatility_transition_v1,vol_trans_fade_h1_low_to_high_h12_tp06_sl065,0.4218999999999596,-0.6281000000000403,-1.32810000000004,0,0,0,0,0.6281000000000403,31.470000000000027,4.350000000000136,0.537931034482723,4.5499999999999545,0.27472527472527747,2.5499999999999545,3.367000000000007,0.864,1.0,,,12,3,9.0,2023
2023-09-29 12:00:00+00:00|1.0|vol_trans_fade_h1_low_to_high_h12_tp06_sl065,2023-09-29 12:00:00+00:00,STAGE28A,data/reports/stage28a_discovery_factory_batch_runner/stage28a_exact_trades.csv,volatility_transition_v1,vol_trans_fade_h1_low_to_high_h12_tp06_sl065,-1.2616249999999585,-2.311624999999958,-3.011624999999958,0,0,0,0,2.311624999999958,21.920000000000073,4.319999999999936,0.23379629629635026,10.939999999999827,0.9396709323583304,2.439999999999827,3.824499999999978,0.94,1.0,,,12,4,9.0,2023
2023-10-02 12:00:00+00:00|1.0|vol_trans_fade_h1_low_to_high_h12_tp06_sl065,2023-10-02 12:00:00+00:00,STAGE28A,data/reports/stage28a_discovery_factory_batch_runner/stage28a_exact_trades.csv,volatility_transition_v1,vol_trans_fade_h1_low_to_high_h12_tp06_sl065,0.8250999999999294,-0.2249000000000705,-0.9249000000000702,0,0,0,0,0.2249000000000705,5.180000000000064,6.080000000000155,0.4917763157894627,15.189999999999827,0.6036866359447122,3.730000000000018,4.725500000000011,0.992,1.0,,,12,0,10.0,2023
2023-10-03 12:00:00+00:00|-1.0|vol_trans_fade_h1_low_to_high_h12_tp06_sl065,2023-10-03 12:00:00+00:00,STAGE28A,data/reports/stage28a_discovery_factory_batch_runner/stage28a_exact_trades.csv,volatility_transition_v1,vol_trans_fade_h1_low_to_high_h12_tp06_sl065,-1.6317999999999755,-2.6817999999999755,-3.3817999999999757,0,0,0,0,2.6817999999999755,21.720000000000027,14.25,0.5361403508772,11.009999999999991,0.5376930063578635,5.1400000000001,4.457500000000027,0.884,-1.0,,,12,1,10.0,2023
2023-10-04 12:00:00+00:00|1.0|vol_trans_fade_h1_low_to_high_h12_tp06_sl065,2023-10-04 12:00:00+00:00,STAGE28A,data/reports/stage28a_discovery_factory_batch_runner/stage28a_exact_trades.csv,volatility_transition_v1,vol_trans_fade_h1_low_to_high_h12_tp06_sl065,0.7098999999999706,-0.3401000000000294,-1.0401000000000291,0,0,0,0,0.3401000000000294,18.170000000000073,5.2999999999999545,0.34905660377361364,7.849999999999909,0.1770700636942823,3.3600000000001273,4.197500000000036,0.78,1.0,,,12,2,10.0,2023
2023-10-05 12:00:00+00:00|1.0|vol_trans_fade_h1_low_to_high_h12_tp06_sl065,2023-10-05 12:00:00+00:00,STAGE28A,data/reports/stage28a_discovery_factory_batch_runner/stage28a_exact_trades.csv,volatility_transition_v1,vol_trans_fade_h1_low_to_high_h12_tp06_sl065,-1.22457500000005,-2.2745750000000498,-2.974575000000049,0,0,0,0,2.2745750000000498,13.930000000000064,7.940000000000055,0.7607052896725629,9.490000000000009,0.6649104320337134,2.7100000000000364,3.573500000000024,0.524,1.0,,,12,3,10.0,2023
2023-10-09 12:00:00+00:00|-1.0|vol_trans_fade_h1_low_to_high_h12_tp06_sl065,2023-10-09 12:00:00+00:00,STAGE28A,data/reports/stage28a_discovery_factory_batch_runner/stage28a_exact_trades.csv,volatility_transition_v1,vol_trans_fade_h1_low_to_high_h12_tp06_sl065,-1.508300000000054,-2.5583000000000538,-3.258300000000053,0,0,0,0,2.5583000000000538,9.849999999999909,9.849999999999909,0.15532994923857735,6.470000000000027,0.006182380216377658,2.0499999999999545,5.518500000000006,0.968,-1.0,,,12,0,10.0,2023
2023-10-10 12:00:00+00:00|-1.0|vol_trans_fade_h1_low_to_high_h12_tp06_sl065,2023-10-10 12:00:00+00:00,STAGE28A,data/reports/stage28a_discovery_factory_batch_runner/stage28a_exact_trades.csv,volatility_transition_v1,vol_trans_fade_h1_low_to_high_h12_tp06_sl065,-1.4969250000000105,-2.54692500000001,-3.24692500000001,0,0,0,0,2.54692500000001,19.25999999999999,5.050000000000182,0.20792079207919142,7.339999999999918,0.5640326975477038,4.379999999999882,3.4924999999999953,0.364,-1.0,,,12,1,10.0,2023
2023-10-16 12:00:00+00:00|-1.0|vol_trans_fade_h1_low_to_high_h12_tp06_sl065,2023-10-16 12:00:00+00:00,STAGE28A,data/reports/stage28a_discovery_factory_batch_runner/stage28a_exact_trades.csv,volatility_transition_v1,vol_trans_fade_h1_low_to_high_h12_tp06_sl065,0.9399999999999636,-0.1100000000000362,-0.810000000000036,0,0,0,0,0.1100000000000362,9.159999999999854,12.269999999999982,0.35207823960881585,12.190000000000055,0.31501230516816253,3.6299999999998818,5.090999999999974,0.884,-1.0,,,12,0,10.0,2023
2023-10-18 12:00:00+00:00|1.0|vol_trans_fade_h1_low_to_high_h12_tp06_sl065,2023-10-18 12:00:00+00:00,STAGE28A,data/reports/stage28a_discovery_factory_batch_runner/stage28a_exact_trades.csv,volatility_transition_v1,vol_trans_fade_h1_low_to_high_h12_tp06_sl065,0.7416999999999462,-0.3083000000000537,-1.0083000000000537,0,0,0,0,0.3083000000000537,19.200000000000045,19.519999999999982,0.6444672131147626,11.029999999999973,0.630099728014491,2.509999999999991,4.400499999999999,0.772,1.0,,,12,2,10.0,2023
2023-10-19 12:00:00+00:00|-1.0|vol_trans_fade_h1_low_to_high_h12_tp06_sl065,2023-10-19 12:00:00+00:00,STAGE28A,data/reports/stage28a_discovery_factory_batch_runner/stage28a_exact_trades.csv,volatility_transition_v1,vol_trans_fade_h1_low_to_high_h12_tp06_sl065,0.9615999999999986,-0.0884000000000013,-0.7884000000000011,0,0,0,0,0.0884000000000013,39.38999999999987,8.089999999999918,0.41532756489492384,9.13000000000011,0.4841182913472092,6.4500000000000455,5.571500000000003,0.892,-1.0,,,12,3,10.0,2023
2023-10-20 12:00:00+00:00|-1.0|vol_trans_fade_h1_low_to_high_h12_tp06_sl065,2023-10-20 12:00:00+00:00,STAGE28A,data/reports/stage28a_discovery_factory_batch_runner/stage28a_exact_trades.csv,volatility_transition_v1,vol_trans_fade_h1_low_to_high_h12_tp06_sl065,0.9343000000000302,-0.1156999999999697,-0.8156999999999694,0,0,0,0,0.1156999999999697,32.50999999999999,10.069999999999936,0.5233366434955328,11.190000000000055,0.4387846291331395,5.089999999999918,5.863999999999999,0.92,-1.0,,,12,4,10.0,2023
2023-10-23 12:00:00+00:00|-1.0|vol_trans_fade_h1_low_to_high_h12_tp06_sl065,2023-10-23 12:00:00+00:00,STAGE28A,data/reports/stage28a_discovery_factory_batch_runner/stage28a_exact_trades.csv,volatility_transition_v1,vol_trans_fade_h1_low_to_high_h12_tp06_sl065,-1.5911749999998848,-2.6411749999998846,-3.3411749999998843,0,0,0,0,2.6411749999998846,16.730000000000018,16.730000000000018,0.16198445905559075,10.169999999999845,0.40019665683384714,2.8900000000001,7.0005,0.96,-1.0,,,12,0,10.0,2023
2023-10-24 12:00:00+00:00|1.0|vol_trans_fade_h1_low_to_high_h12_tp06_sl065,2023-10-24 12:00:00+00:00,STAGE28A,data/reports/stage28a_discovery_factory_batch_runner/stage28a_exact_trades.csv,volatility_transition_v1,vol_trans_fade_h1_low_to_high_h12_tp06_sl065,0.7419999999998709,-0.308000000000129,-1.0080000000001288,0,0,0,0,0.308000000000129,21.069999999999936,9.460000000000036,0.40697674418603536,14.259999999999991,0.7180925666199169,5.990000000000009,4.156000000000029,0.476,1.0,,,12,1,10.0,2023
2023-10-25 12:00:00+00:00|-1.0|vol_trans_fade_h1_low_to_high_h12_tp06_sl065,2023-10-25 12:00:00+00:00,STAGE28A,data/reports/stage28a_discovery_factory_batch_runner/stage28a_exact_trades.csv,volatility_transition_v1,vol_trans_fade_h1_low_to_high_h12_tp06_sl065,0.8302000000000135,-0.2197999999999864,-0.9197999999999862,0,0,0,0,0.2197999999999864,27.230000000000018,7.0900000000001455,0.3808180535966135,7.660000000000082,0.4856396866840715,4.290000000000191,4.138500000000033,0.38,-1.0,,,12,2,10.0,2023
2023-10-26 12:00:00+00:00|-1.0|vol_trans_fade_h1_low_to_high_h12_tp06_sl065,2023-10-26 12:00:00+00:00,STAGE28A,data/reports/stage28a_discovery_factory_batch_runner/stage28a_exact_trades.csv,volatility_transition_v1,vol_trans_fade_h1_low_to_high_h12_tp06_sl065,-1.6002750000001016,-2.6502750000001014,-3.350275000000101,0,0,0,0,2.6502750000001014,24.13000000000011,7.869999999999891,0.6569250317661902,9.559999999999945,0.3650627615062792,4.789999999999964,5.618000000000029,0.732,-1.0,,,12,3,10.0,2023
2023-10-27 12:00:00+00:00|1.0|vol_trans_fade_h1_low_to_high_h12_tp06_sl065,2023-10-27 12:00:00+00:00,STAGE28A,data/reports/stage28a_discovery_factory_batch_runner/stage28a_exact_trades.csv,volatility_transition_v1,vol_trans_fade_h1_low_to_high_h12_tp06_sl065,-1.466375000000062,-2.5163750000000618,-3.216375000000061,0,0,0,0,2.5163750000000618,21.6400000000001,5.900000000000091,0.44406779661014417,4.7000000000000455,0.42340425531914677,1.9800000000000182,3.6904999999999974,0.092,1.0,,,12,4,10.0,2023
2023-10-30 12:00:00+00:00|-1.0|vol_trans_fade_h1_low_to_high_h12_tp06_sl065,2023-10-30 12:00:00+00:00,STAGE28A,data/reports/stage28a_discovery_factory_batch_runner/stage28a_exact_trades.csv,volatility_transition_v1,vol_trans_fade_h1_low_to_high_h12_tp06_sl065,1.0123000000000046,-0.0376999999999951,-0.7376999999999949,0,0,0,0,0.0376999999999951,9.659999999999854,9.809999999999945,0.11213047910294752,11.6099999999999,0.6089577950043064,5.509999999999991,5.33249999999997,0.612,-1.0,,,12,0,10.0,2023
2023-10-31 12:00:00+00:00|-1.0|vol_trans_fade_h1_low_to_high_h12_tp06_sl065,2023-10-31 12:00:00+00:00,STAGE28A,data/reports/stage28a_discovery_factory_batch_runner/stage28a_exact_trades.csv,volatility_transition_v1,vol_trans_fade_h1_low_to_high_h12_tp06_sl065,0.5818000000000666,-0.4681999999999333,-1.168199999999933,0,0,0,0,0.4681999999999333,15.75,6.7000000000000455,0.38656716417908965,7.740000000000009,0.9470284237725993,2.3099999999999454,3.2185000000000175,0.024,-1.0,,,12,1,10.0,2023
2023-11-01 12:00:00+00:00|-1.0|vol_trans_fade_h1_low_to_high_h12_tp06_sl065,2023-11-01 12:00:00+00:00,STAGE28A,data/reports/stage28a_discovery_factory_batch_runner/stage28a_exact_trades.csv,volatility_transition_v1,vol_trans_fade_h1_low_to_high_h12_tp06_sl065,0.7860999999999422,-0.2639000000000577,-0.9639000000000576,0,0,0,0,0.2639000000000577,29.070000000000164,10.86999999999989,0.525298988040487,7.8599999999999,0.7175572519084188,3.2200000000000273,4.235000000000047,0.216,-1.0,,,12,2,11.0,2023
2023-11-02 12:00:00+00:00|-1.0|vol_trans_fade_h1_low_to_high_h12_tp06_sl065,2023-11-02 12:00:00+00:00,STAGE28A,data/reports/stage28a_discovery_factory_batch_runner/stage28a_exact_trades.csv,volatility_transition_v1,vol_trans_fade_h1_low_to_high_h12_tp06_sl065,-1.3373499999998786,-2.3873499999998784,-3.087349999999878,0,0,0,0,2.3873499999998784,22.200000000000045,6.960000000000036,0.5574712643678289,5.899999999999864,0.4915254237288018,2.9700000000000273,4.216999999999996,0.228,-1.0,,,12,3,11.0,2023
2023-11-06 12:00:00+00:00|-1.0|vol_trans_fade_h1_low_to_high_h12_tp06_sl065,2023-11-06 12:00:00+00:00,STAGE28A,data/reports/stage28a_discovery_factory_batch_runner/stage28a_exact_trades.csv,volatility_transition_v1,vol_trans_fade_h1_low_to_high_h12_tp06_sl065,0.592299999999932,-0.4577000000000679,-1.1577000000000677,0,0,0,0,0.4577000000000679,5.789999999999964,11.179999999999836,0.42397137745975655,6.1099999999999,0.5908346972176692,1.8199999999999363,4.17249999999998,0.316,-1.0,,,12,0,11.0,2023
2023-11-09 12:00:00+00:00|1.0|vol_trans_fade_h1_low_to_high_h12_tp06_sl065,2023-11-09 12:00:00+00:00,STAGE28A,data/reports/stage28a_discovery_factory_batch_runner/stage28a_exact_trades.csv,volatility_transition_v1,vol_trans_fade_h1_low_to_high_h12_tp06_sl065,-1.3275999999999386,-2.3775999999999384,-3.077599999999938,0,0,0,0,2.3775999999999384,23.529999999999973,6.889999999999873,0.18867924528301575,5.990000000000009,0.40066777963273575,3.2799999999999727,3.6514999999999986,0.328,1.0,,,12,3,11.0,2023
2023-11-10 12:00:00+00:00|1.0|vol_trans_fade_h1_low_to_high_h12_tp06_sl065,2023-11-10 12:00:00+00:00,STAGE28A,data/reports/stage28a_discovery_factory_batch_runner/stage28a_exact_trades.csv,volatility_transition_v1,vol_trans_fade_h1_low_to_high_h12_tp06_sl065,-1.3646500000000743,-2.414650000000074,-3.114650000000074,0,0,0,0,2.414650000000074,21.11999999999989,4.360000000000127,0.300458715596309,6.629999999999882,0.5505279034691035,1.7999999999999545,3.744999999999982,0.408,1.0,,,12,4,11.0,2023
2023-11-13 12:00:00+00:00|-1.0|vol_trans_fade_h1_low_to_high_h12_tp06_sl065,2023-11-13 12:00:00+00:00,STAGE28A,data/reports/stage28a_discovery_factory_batch_runner/stage28a_exact_trades.csv,volatility_transition_v1,vol_trans_fade_h1_low_to_high_h12_tp06_sl065,-1.4007250000000568,-2.4507250000000567,-3.1507250000000564,0,0,0,0,2.4507250000000567,23.48999999999978,24.25999999999999,0.19167353668589718,5.509999999999991,0.6950998185117847,4.470000000000027,5.431999999999983,0.908,-1.0,,,12,0,11.0,2023
2023-11-15 12:00:00+00:00|1.0|vol_trans_fade_h1_low_to_high_h12_tp06_sl065,2023-11-15 12:00:00+00:00,STAGE28A,data/reports/stage28a_discovery_factory_batch_runner/stage28a_exact_trades.csv,volatility_transition_v1,vol_trans_fade_h1_low_to_high_h12_tp06_sl065,-1.3952000000000226,-2.4452000000000225,-3.145200000000022,0,0,0,0,2.4452000000000225,33.81000000000017,6.400000000000091,0.7859374999999845,8.25,0.6848484848484683,2.1900000000000546,3.2765000000000213,0.2,1.0,,,12,2,11.0,2023
2023-11-16 12:00:00+00:00|1.0|vol_trans_fade_h1_low_to_high_h12_tp06_sl065,2023-11-16 12:00:00+00:00,STAGE28A,data/reports/stage28a_discovery_factory_batch_runner/stage28a_exact_trades.csv,volatility_transition_v1,vol_trans_fade_h1_low_to_high_h12_tp06_sl065,-1.245050000000083,-2.295050000000083,-2.9950500000000826,0,0,0,0,2.295050000000083,19.699999999999818,6.079999999999927,0.35526315789475454,6.4500000000000455,0.3968992248061903,2.6800000000000637,3.267999999999995,0.22,1.0,,,12,3,11.0,2023
2023-11-17 12:00:00+00:00|-1.0|vol_trans_fade_h1_low_to_high_h12_tp06_sl065,2023-11-17 12:00:00+00:00,STAGE28A,data/reports/stage28a_discovery_factory_batch_runner/stage28a_exact_trades.csv,volatility_transition_v1,vol_trans_fade_h1_low_to_high_h12_tp06_sl065,0.7105000000000473,-0.3394999999999526,-1.0394999999999524,0,0,0,0,0.3394999999999526,31.529999999999973,6.4099999999998545,0.5351014040561843,10.810000000000173,0.5383903792784314,4.160000000000082,3.644999999999982,0.404,-1.0,,,12,4,11.0,2023
2023-11-20 12:00:00+00:00|-1.0|vol_trans_fade_h1_low_to_high_h12_tp06_sl065,2023-11-20 12:00:00+00:00,STAGE28A,data/reports/stage28a_discovery_factory_batch_runner/stage28a_exact_trades.csv,volatility_transition_v1,vol_trans_fade_h1_low_to_high_h12_tp06_sl065,-1.6162000000000265,-2.666200000000026,-3.366200000000026,0,0,0,0,2.666200000000026,4.460000000000036,11.800000000000182,0.5805084745762545,8.240000000000009,0.6638349514563132,4.289999999999964,3.6120000000000116,0.372,-1.0,,,12,0,11.0,2023
2023-11-21 12:00:00+00:00|1.0|vol_trans_fade_h1_low_to_high_h12_tp06_sl065,2023-11-21 12:00:00+00:00,STAGE28A,data/reports/stage28a_discovery_factory_batch_runner/stage28a_exact_trades.csv,volatility_transition_v1,vol_trans_fade_h1_low_to_high_h12_tp06_sl065,-1.6178249999999026,-2.6678249999999024,-3.367824999999902,0,0,0,0,2.6678249999999024,19.700000000000045,17.019999999999982,0.6404230317273722,10.009999999999991,0.3466533466533497,4.360000000000127,4.28349999999997,0.86,1.0,,,12,1,11.0,2023
2023-11-22 12:00:00+00:00|-1.0|vol_trans_fade_h1_low_to_high_h12_tp06_sl065,2023-11-22 12:00:00+00:00,STAGE28A,data/reports/stage28a_discovery_factory_batch_runner/stage28a_exact_trades.csv,volatility_transition_v1,vol_trans_fade_h1_low_to_high_h12_tp06_sl065,0.89350000000004,-0.1564999999999599,-0.8564999999999596,0,0,0,0,0.1564999999999599,30.34999999999991,4.8599999999999,0.0041152263374449015,9.639999999999873,0.19502074688795712,4.5,3.6965000000000146,0.376,-1.0,,,12,2,11.0,2023
2023-11-23 12:00:00+00:00|1.0|vol_trans_fade_h1_low_to_high_h12_tp06_sl065,2023-11-23 12:00:00+00:00,STAGE28A,data/reports/stage28a_discovery_factory_batch_runner/stage28a_exact_trades.csv,volatility_transition_v1,vol_trans_fade_h1_low_to_high_h12_tp06_sl065,-1.4039750000000368,-2.4539750000000367,-3.1539750000000364,0,0,0,0,2.4539750000000367,19.419999999999845,9.160000000000082,0.5262008733624586,6.319999999999936,0.2547468354430607,3.2100000000000364,3.581500000000017,0.248,1.0,,,12,3,11.0,2023
2023-11-27 12:00:00+00:00|1.0|vol_trans_fade_h1_low_to_high_h12_tp06_sl065,2023-11-27 12:00:00+00:00,STAGE28A,data/reports/stage28a_discovery_factory_batch_runner/stage28a_exact_trades.csv,volatility_transition_v1,vol_trans_fade_h1_low_to_high_h12_tp06_sl065,0.6895000000000892,-0.3604999999999108,-1.0604999999999103,0,0,0,0,0.3604999999999108,3.6499999999998636,17.639999999999873,0.6031746031746132,6.789999999999964,0.22091310751104684,2.4700000000000273,3.718999999999994,0.474,1.0,,,12,0,11.0,2023
2023-11-28 12:00:00+00:00|-1.0|vol_trans_fade_h1_low_to_high_h12_tp06_sl065,2023-11-28 12:00:00+00:00,STAGE28A,data/reports/stage28a_discovery_factory_batch_runner/stage28a_exact_trades.csv,volatility_transition_v1,vol_trans_fade_h1_low_to_high_h12_tp06_sl065,0.5194000000000415,-0.5305999999999584,-1.2305999999999582,0,0,0,0,0.5305999999999584,17.639999999999873,4.9500000000000455,0.02626262626264807,4.529999999999973,0.09713024282556951,2.25,3.0129999999999884,0.228,-1.0,,,12,1,11.0,2023
2023-11-29 12:00:00+00:00|1.0|vol_trans_fade_h1_low_to_high_h12_tp06_sl065,2023-11-29 12:00:00+00:00,STAGE28A,data/reports/stage28a_discovery_factory_batch_runner/stage28a_exact_trades.csv,volatility_transition_v1,vol_trans_fade_h1_low_to_high_h12_tp06_sl065,0.8791000000000168,-0.1708999999999831,-0.8708999999999829,0,0,0,0,0.1708999999999831,32.87999999999988,11.659999999999854,0.15694682675814323,13.519999999999754,0.6531065088757462,7.970000000000027,4.814499999999953,0.976,1.0,,,12,2,11.0,2023
2023-11-30 12:00:00+00:00|1.0|vol_trans_fade_h1_low_to_high_h12_tp06_sl065,2023-11-30 12:00:00+00:00,STAGE28A,data/reports/stage28a_discovery_factory_batch_runner/stage28a_exact_trades.csv,volatility_transition_v1,vol_trans_fade_h1_low_to_high_h12_tp06_sl065,0.7677999999999884,-0.2822000000000115,-0.9822000000000112,0,0,0,0,0.2822000000000115,16.749999999999773,4.540000000000191,0.0,10.160000000000082,0.6102362204724405,3.5,3.9705000000000723,0.62,1.0,,,12,3,11.0,2023
2023-12-01 12:00:00+00:00|-1.0|vol_trans_fade_h1_low_to_high_h12_tp06_sl065,2023-12-01 12:00:00+00:00,STAGE28A,data/reports/stage28a_discovery_factory_batch_runner/stage28a_exact_trades.csv,volatility_transition_v1,vol_trans_fade_h1_low_to_high_h12_tp06_sl065,-1.4875000000000456,-2.5375000000000454,-3.237500000000045,0,0,0,0,2.5375000000000454,16.060000000000173,6.800000000000182,0.0073529411764971415,10.539999999999964,0.34345351043642347,4.889999999999873,3.6529999999999747,0.344,-1.0,,,12,4,12.0,2023
2023-12-04 12:00:00+00:00|-1.0|vol_trans_fade_h1_low_to_high_h12_tp06_sl065,2023-12-04 12:00:00+00:00,STAGE28A,data/reports/stage28a_discovery_factory_batch_runner/stage28a_exact_trades.csv,volatility_transition_v1,vol_trans_fade_h1_low_to_high_h12_tp06_sl065,-3.568800000000101,-4.6188000000001015,-5.318800000000101,0,0,0,1,4.6188000000001015,78.03999999999996,78.03999999999996,0.4173500768836517,32.70000000000027,0.5186544342507613,7.899999999999636,17.999500000000022,0.996,-1.0,,,12,0,12.0,2023
2023-12-05 12:00:00+00:00|1.0|vol_trans_fade_h1_low_to_high_h12_tp06_sl065,2023-12-05 12:00:00+00:00,STAGE28A,data/reports/stage28a_discovery_factory_batch_runner/stage28a_exact_trades.csv,volatility_transition_v1,vol_trans_fade_h1_low_to_high_h12_tp06_sl065,1.2480999999999312,0.1980999999999313,-0.5019000000000684,1,0,1,0,0.1980999999999313,129.52999999999975,12.779999999999973,0.13145539906103812,16.480000000000018,0.41868932038835455,5.920000000000073,7.391000000000008,0.856,1.0,,,12,1,12.0,2023
2023-12-06 12:00:00+00:00|1.0|vol_trans_fade_h1_low_to_high_h12_tp06_sl065,2023-12-06 12:00:00+00:00,STAGE28A,data/reports/stage28a_discovery_factory_batch_runner/stage28a_exact_trades.csv,volatility_transition_v1,vol_trans_fade_h1_low_to_high_h12_tp06_sl065,-2.113124999999945,-3.1631249999999453,-3.863124999999945,0,0,0,1,3.1631249999999453,31.279999999999973,6.980000000000018,0.43696275071632473,15.710000000000036,0.05919796308084414,7.569999999999936,5.647999999999991,0.796,1.0,,,12,2,12.0,2023
2023-12-07 12:00:00+00:00|-1.0|vol_trans_fade_h1_low_to_high_h12_tp06_sl065,2023-12-07 12:00:00+00:00,STAGE28A,data/reports/stage28a_discovery_factory_batch_runner/stage28a_exact_trades.csv,volatility_transition_v1,vol_trans_fade_h1_low_to_high_h12_tp06_sl065,0.8236000000000786,-0.2263999999999213,-0.9263999999999212,0,0,0,0,0.2263999999999213,18.700000000000045,4.740000000000009,0.21940928270041385,9.889999999999873,0.765419615773512,3.5699999999999363,3.9929999999999835,0.42,-1.0,,,12,3,12.0,2023
2023-12-08 12:00:00+00:00|-1.0|vol_trans_fade_h1_low_to_high_h12_tp06_sl065,2023-12-08 12:00:00+00:00,STAGE28A,data/reports/stage28a_discovery_factory_batch_runner/stage28a_exact_trades.csv,volatility_transition_v1,vol_trans_fade_h1_low_to_high_h12_tp06_sl065,0.8092000000000553,-0.2407999999999446,-0.9407999999999443,0,0,0,0,0.2407999999999446,19.700000000000045,7.100000000000136,0.48309859154929546,5.870000000000118,0.2913117546848385,2.4600000000000364,4.139499999999987,0.428,-1.0,,,12,4,12.0,2023
2023-12-11 12:00:00+00:00|1.0|vol_trans_fade_h1_low_to_high_h12_tp06_sl065,2023-12-11 12:00:00+00:00,STAGE28A,data/reports/stage28a_discovery_factory_batch_runner/stage28a_exact_trades.csv,volatility_transition_v1,vol_trans_fade_h1_low_to_high_h12_tp06_sl065,-1.869375000000082,-2.9193750000000818,-3.6193750000000815,0,0,0,0,2.9193750000000818,3.209999999999809,13.190000000000055,0.7907505686125696,9.36999999999989,0.39274279615796226,5.149999999999864,4.63299999999997,0.536,1.0,,,12,0,12.0,2023
2023-12-12 12:00:00+00:00|-1.0|vol_trans_fade_h1_low_to_high_h12_tp06_sl065,2023-12-12 12:00:00+00:00,STAGE28A,data/reports/stage28a_discovery_factory_batch_runner/stage28a_exact_trades.csv,volatility_transition_v1,vol_trans_fade_h1_low_to_high_h12_tp06_sl065,-1.419250000000011,-2.469250000000011,-3.1692500000000106,0,0,0,0,2.469250000000011,31.789999999999964,7.870000000000118,0.3354510800508047,6.4500000000000455,0.0945736434108718,3.369999999999891,4.124999999999977,0.276,-1.0,,,12,1,12.0,2023
2023-12-13 12:00:00+00:00|-1.0|vol_trans_fade_h1_low_to_high_h12_tp06_sl065,2023-12-13 12:00:00+00:00,STAGE28A,data/reports/stage28a_discovery_factory_batch_runner/stage28a_exact_trades.csv,volatility_transition_v1,vol_trans_fade_h1_low_to_high_h12_tp06_sl065,0.7596999999999753,-0.2903000000000246,-0.9903000000000244,0,0,0,0,0.2903000000000246,19.50999999999999,5.1099999999999,0.8297455968689026,10.309999999999945,0.48205625606208086,3.1400000000001,3.40799999999997,0.012,-1.0,,,12,2,12.0,2023
2023-12-14 12:00:00+00:00|-1.0|vol_trans_fade_h1_low_to_high_h12_tp06_sl065,2023-12-14 12:00:00+00:00,STAGE28A,data/reports/stage28a_discovery_factory_batch_runner/stage28a_exact_trades.csv,volatility_transition_v1,vol_trans_fade_h1_low_to_high_h12_tp06_sl065,-2.307800000000134,-3.357800000000134,-4.0578000000001335,0,0,0,1,3.357800000000134,60.16000000000008,14.930000000000064,0.10783657066308729,11.049999999999955,0.25610859728506236,4.059999999999945,7.282999999999992,0.848,-1.0,,,12,3,12.0,2023
2023-12-15 12:00:00+00:00|-1.0|vol_trans_fade_h1_low_to_high_h12_tp06_sl065,2023-12-15 12:00:00+00:00,STAGE28A,data/reports/stage28a_discovery_factory_batch_runner/stage28a_exact_trades.csv,volatility_transition_v1,vol_trans_fade_h1_low_to_high_h12_tp06_sl065,-1.6220500000000355,-2.672050000000036,-3.3720500000000357,0,0,0,0,2.672050000000036,23.610000000000127,7.410000000000082,0.14170040485832258,10.200000000000045,0.5862745098039207,4.180000000000064,4.432000000000028,0.324,-1.0,,,12,4,12.0,2023
2023-12-18 12:00:00+00:00|1.0|vol_trans_fade_h1_low_to_high_h12_tp06_sl065,2023-12-18 12:00:00+00:00,STAGE28A,data/reports/stage28a_discovery_factory_batch_runner/stage28a_exact_trades.csv,volatility_transition_v1,vol_trans_fade_h1_low_to_high_h12_tp06_sl065,-1.5898749999999835,-2.6398749999999835,-3.3398749999999837,0,0,0,0,2.6398749999999835,4.940000000000055,8.149999999999864,0.6920245398772966,8.159999999999854,0.45833333333334264,5.369999999999891,4.3124999999999885,0.276,1.0,,,12,0,12.0,2023
2023-12-19 12:00:00+00:00|1.0|vol_trans_fade_h1_low_to_high_h12_tp06_sl065,2023-12-19 12:00:00+00:00,STAGE28A,data/reports/stage28a_discovery_factory_batch_runner/stage28a_exact_trades.csv,volatility_transition_v1,vol_trans_fade_h1_low_to_high_h12_tp06_sl065,-1.3331249999999728,-2.3831249999999726,-3.0831249999999724,0,0,0,0,2.3831249999999726,17.769999999999982,7.649999999999864,0.4575163398692892,6.039999999999964,0.2533112582781427,1.7699999999999818,3.741000000000008,0.116,1.0,,,12,1,12.0,2023
2023-12-20 12:00:00+00:00|1.0|vol_trans_fade_h1_low_to_high_h12_tp06_sl065,2023-12-20 12:00:00+00:00,STAGE28A,data/reports/stage28a_discovery_factory_batch_runner/stage28a_exact_trades.csv,volatility_transition_v1,vol_trans_fade_h1_low_to_high_h12_tp06_sl065,0.5101000000001022,-0.5398999999998977,-1.2398999999998974,0,0,0,0,0.5398999999998977,25.289999999999964,4.960000000000036,0.09072580645162141,7.820000000000164,0.5843989769820768,2.880000000000109,3.3455000000000155,0.048,1.0,,,12,2,12.0,2023
2023-12-21 12:00:00+00:00|1.0|vol_trans_fade_h1_low_to_high_h12_tp06_sl065,2023-12-21 12:00:00+00:00,STAGE28A,data/reports/stage28a_discovery_factory_batch_runner/stage28a_exact_trades.csv,volatility_transition_v1,vol_trans_fade_h1_low_to_high_h12_tp06_sl065,-1.2583749999999785,-2.308374999999978,-3.008374999999978,0,0,0,0,2.308374999999978,15.990000000000009,6.440000000000055,0.6413043478260632,5.120000000000118,0.4316406249999971,2.3599999999999,3.3784999999999856,0.092,1.0,,,12,3,12.0,2023
2023-12-22 12:00:00+00:00|-1.0|vol_trans_fade_h1_low_to_high_h12_tp06_sl065,2023-12-22 12:00:00+00:00,STAGE28A,data/reports/stage28a_discovery_factory_batch_runner/stage28a_exact_trades.csv,volatility_transition_v1,vol_trans_fade_h1_low_to_high_h12_tp06_sl065,0.4498000000002321,-0.6001999999997678,-1.3001999999997675,0,0,0,0,0.6001999999997678,21.38000000000011,8.6099999999999,0.3716608594657207,10.230000000000018,0.6021505376344377,3.0799999999999272,4.3089999999999575,0.552,-1.0,,,12,4,12.0,2023
2023-12-26 12:00:00+00:00|-1.0|vol_trans_fade_h1_low_to_high_h12_tp06_sl065,2023-12-26 12:00:00+00:00,STAGE28A,data/reports/stage28a_discovery_factory_batch_runner/stage28a_exact_trades.csv,volatility_transition_v1,vol_trans_fade_h1_low_to_high_h12_tp06_sl065,-1.1800500000000285,-2.2300500000000283,-2.930050000000028,0,0,0,0,2.2300500000000283,4.400000000000091,11.75,0.775319148936181,4.380000000000109,0.0410958904109205,2.4200000000000728,3.904000000000019,0.372,-1.0,,,12,1,12.0,2023
2023-12-28 12:00:00+00:00|1.0|vol_trans_fade_h1_low_to_high_h12_tp06_sl065,2023-12-28 12:00:00+00:00,STAGE28A,data/reports/stage28a_discovery_factory_batch_runner/stage28a_exact_trades.csv,volatility_transition_v1,vol_trans_fade_h1_low_to_high_h12_tp06_sl065,-1.8992749999998524,-2.949274999999852,-3.649274999999852,0,0,0,0,2.949274999999852,22.899999999999636,11.019999999999982,0.6379310344827779,14.870000000000346,0.6348352387356984,5.430000000000291,4.330500000000029,0.656,1.0,,,12,3,12.0,2023
2023-12-29 12:00:00+00:00|1.0|vol_trans_fade_h1_low_to_high_h12_tp06_sl065,2023-12-29 12:00:00+00:00,STAGE28A,data/reports/stage28a_discovery_factory_batch_runner/stage28a_exact_trades.csv,volatility_transition_v1,vol_trans_fade_h1_low_to_high_h12_tp06_sl065,-1.3854499999998553,-2.435449999999855,-3.135449999999855,0,0,0,0,2.435449999999855,23.909999999999854,5.570000000000164,0.5727109515259436,12.900000000000091,0.4031007751937815,4.3400000000001455,3.5379999999999656,0.216,1.0,,,12,4,12.0,2023
2024-01-02 12:00:00+00:00|-1.0|vol_trans_fade_h1_low_to_high_h12_tp06_sl065,2024-01-02 12:00:00+00:00,STAGE28A,data/reports/stage28a_discovery_factory_batch_runner/stage28a_exact_trades.csv,volatility_transition_v1,vol_trans_fade_h1_low_to_high_h12_tp06_sl065,-1.724424999999974,-2.7744249999999737,-3.474424999999973,0,0,0,0,2.7744249999999737,3.199999999999818,8.299999999999727,0.7060240963855807,9.350000000000364,0.6844919786096088,5.559999999999945,3.8299999999999956,0.412,-1.0,,,12,1,1.0,2024
2024-01-03 12:00:00+00:00|1.0|vol_trans_fade_h1_low_to_high_h12_tp06_sl065,2024-01-03 12:00:00+00:00,STAGE28A,data/reports/stage28a_discovery_factory_batch_runner/stage28a_exact_trades.csv,volatility_transition_v1,vol_trans_fade_h1_low_to_high_h12_tp06_sl065,0.8722000000001572,-0.1777999999998427,-0.8777999999998425,0,0,0,0,0.1777999999998427,22.88000000000011,7.050000000000182,0.7333333333333247,13.200000000000273,0.7446969696969488,6.230000000000018,4.221500000000015,0.65,1.0,,,12,2,1.0,2024
2024-01-04 12:00:00+00:00|-1.0|vol_trans_fade_h1_low_to_high_h12_tp06_sl065,2024-01-04 12:00:00+00:00,STAGE28A,data/reports/stage28a_discovery_factory_batch_runner/stage28a_exact_trades.csv,volatility_transition_v1,vol_trans_fade_h1_low_to_high_h12_tp06_sl065,0.9345999999999548,-0.115400000000045,-0.8154000000000448,0,0,0,0,0.115400000000045,35.47000000000003,6.850000000000136,0.0029197080291943666,8.8299999999997,0.578708946772401,4.649999999999864,4.589499999999987,0.748,-1.0,,,12,3,1.0,2024
2024-01-05 12:00:00+00:00|1.0|vol_trans_fade_h1_low_to_high_h12_tp06_sl065,2024-01-05 12:00:00+00:00,STAGE28A,data/reports/stage28a_discovery_factory_batch_runner/stage28a_exact_trades.csv,volatility_transition_v1,vol_trans_fade_h1_low_to_high_h12_tp06_sl065,0.6963999999999487,-0.3536000000000512,-1.053600000000051,0,0,0,0,0.3536000000000512,14.779999999999745,5.630000000000109,0.05150976909413108,9.599999999999909,0.47187500000000165,5.259999999999991,3.2075000000000045,0.104,1.0,,,12,4,1.0,2024
2024-01-08 12:00:00+00:00|-1.0|vol_trans_fade_h1_low_to_high_h12_tp06_sl065,2024-01-08 12:00:00+00:00,STAGE28A,data/reports/stage28a_discovery_factory_batch_runner/stage28a_exact_trades.csv,volatility_transition_v1,vol_trans_fade_h1_low_to_high_h12_tp06_sl065,1.136499999999978,0.0864999999999782,-0.6135000000000215,1,0,0,0,0.0864999999999782,2.4299999999998363,11.529999999999973,0.7380745880312238,9.460000000000036,0.8879492600422655,4.980000000000018,5.1754999999999995,0.848,-1.0,,,12,0,1.0,2024
2024-01-09 12:00:00+00:00|-1.0|vol_trans_fade_h1_low_to_high_h12_tp06_sl065,2024-01-09 12:00:00+00:00,STAGE28A,data/reports/stage28a_discovery_factory_batch_runner/stage28a_exact_trades.csv,volatility_transition_v1,vol_trans_fade_h1_low_to_high_h12_tp06_sl065,-1.9269000000000236,-2.976900000000023,-3.676900000000023,0,0,0,0,2.976900000000023,30.019999999999982,7.939999999999827,0.2783375314861281,8.319999999999936,0.3100961538461748,3.8199999999999363,4.342999999999972,0.544,-1.0,,,12,1,1.0,2024
2024-01-10 12:00:00+00:00|-1.0|vol_trans_fade_h1_low_to_high_h12_tp06_sl065,2024-01-10 12:00:00+00:00,STAGE28A,data/reports/stage28a_discovery_factory_batch_runner/stage28a_exact_trades.csv,volatility_transition_v1,vol_trans_fade_h1_low_to_high_h12_tp06_sl065,1.029699999999957,-0.0203000000000428,-0.7203000000000426,0,0,0,0,0.0203000000000428,15.940000000000055,5.619999999999891,0.18149466192170846,16.539999999999964,0.30290205562273287,1.5600000000001728,3.7875000000000227,0.288,-1.0,,,12,2,1.0,2024
2024-01-11 12:00:00+00:00|-1.0|vol_trans_fade_h1_low_to_high_h12_tp06_sl065,2024-01-11 12:00:00+00:00,STAGE28A,data/reports/stage28a_discovery_factory_batch_runner/stage28a_exact_trades.csv,volatility_transition_v1,vol_trans_fade_h1_low_to_high_h12_tp06_sl065,-1.432249999999931,-2.482249999999931,-3.1822499999999305,0,0,0,0,2.482249999999931,20.089999999999918,7.5,0.7093333333333248,5.479999999999791,0.03832116788321978,2.2899999999999636,3.2264999999999646,0.056,-1.0,,,12,3,1.0,2024
2024-01-12 12:00:00+00:00|1.0|vol_trans_fade_h1_low_to_high_h12_tp06_sl065,2024-01-12 12:00:00+00:00,STAGE28A,data/reports/stage28a_discovery_factory_batch_runner/stage28a_exact_trades.csv,volatility_transition_v1,vol_trans_fade_h1_low_to_high_h12_tp06_sl065,0.7294000000000779,-0.320599999999922,-1.0205999999999218,0,0,0,0,0.320599999999922,26.470000000000027,6.9500000000000455,0.08345323741006093,12.599999999999909,0.8976190476190498,2.2799999999999727,5.168999999999994,0.788,1.0,,,12,4,1.0,2024
2024-01-15 12:00:00+00:00|1.0|vol_trans_fade_h1_low_to_high_h12_tp06_sl065,2024-01-15 12:00:00+00:00,STAGE28A,data/reports/stage28a_discovery_factory_batch_runner/stage28a_exact_trades.csv,volatility_transition_v1,vol_trans_fade_h1_low_to_high_h12_tp06_sl065,0.7062999999997374,-0.3437000000002626,-1.0437000000002623,0,0,0,0,0.3437000000002626,2.5499999999999545,12.220000000000027,0.5327332242226026,6.449999999999818,0.2,4.019999999999982,4.045500000000016,0.384,1.0,,,12,0,1.0,2024
2024-01-17 12:00:00+00:00|-1.0|vol_trans_fade_h1_low_to_high_h12_tp06_sl065,2024-01-17 12:00:00+00:00,STAGE28A,data/reports/stage28a_discovery_factory_batch_runner/stage28a_exact_trades.csv,volatility_transition_v1,vol_trans_fade_h1_low_to_high_h12_tp06_sl065,-1.7520499999999175,-2.8020499999999173,-3.502049999999917,0,0,0,0,2.8020499999999173,31.430000000000064,9.559999999999945,0.28765690376569203,10.870000000000118,0.06439742410301845,5.2999999999999545,4.817499999999984,0.624,-1.0,,,12,2,1.0,2024
2024-01-18 12:00:00+00:00|-1.0|vol_trans_fade_h1_low_to_high_h12_tp06_sl065,2024-01-18 12:00:00+00:00,STAGE28A,data/reports/stage28a_discovery_factory_batch_runner/stage28a_exact_trades.csv,volatility_transition_v1,vol_trans_fade_h1_low_to_high_h12_tp06_sl065,0.8484999999999673,-0.2015000000000326,-0.9015000000000324,0,0,0,0,0.2015000000000326,31.1400000000001,5.559999999999945,0.28057553956833825,8.209999999999809,0.4214372716199622,4.839999999999918,4.046000000000015,0.388,-1.0,,,12,3,1.0,2024
2024-01-19 12:00:00+00:00|-1.0|vol_trans_fade_h1_low_to_high_h12_tp06_sl065,2024-01-19 12:00:00+00:00,STAGE28A,data/reports/stage28a_discovery_factory_batch_runner/stage28a_exact_trades.csv,volatility_transition_v1,vol_trans_fade_h1_low_to_high_h12_tp06_sl065,0.6336999999999989,-0.416300000000001,-1.1163000000000007,0,0,0,0,0.416300000000001,18.389999999999873,4.880000000000109,0.594262295081926,10.550000000000182,0.8890995260663241,3.240000000000009,3.1815000000000166,0.108,-1.0,,,12,4,1.0,2024
2024-01-22 12:00:00+00:00|1.0|vol_trans_fade_h1_low_to_high_h12_tp06_sl065,2024-01-22 12:00:00+00:00,STAGE28A,data/reports/stage28a_discovery_factory_batch_runner/stage28a_exact_trades.csv,volatility_transition_v1,vol_trans_fade_h1_low_to_high_h12_tp06_sl065,-1.96200000000008,-3.01200000000008,-3.71200000000008,0,0,0,0,3.01200000000008,2.8199999999999363,7.399999999999864,0.2851351351351269,7.079999999999927,0.3644067796610425,3.3700000000001182,3.7404999999999746,0.3,1.0,,,12,0,1.0,2024
2024-01-23 12:00:00+00:00|1.0|vol_trans_fade_h1_low_to_high_h12_tp06_sl065,2024-01-23 12:00:00+00:00,STAGE28A,data/reports/stage28a_discovery_factory_batch_runner/stage28a_exact_trades.csv,volatility_transition_v1,vol_trans_fade_h1_low_to_high_h12_tp06_sl065,-2.041299999999956,-3.0912999999999555,-3.7912999999999553,0,0,0,1,3.0912999999999555,15.519999999999982,8.38000000000011,0.8210023866348201,13.160000000000082,0.19452887537995114,3.509999999999991,3.8144999999999754,0.368,1.0,,,12,1,1.0,2024
2024-01-24 12:00:00+00:00|1.0|vol_trans_fade_h1_low_to_high_h12_tp06_sl065,2024-01-24 12:00:00+00:00,STAGE28A,data/reports/stage28a_discovery_factory_batch_runner/stage28a_exact_trades.csv,volatility_transition_v1,vol_trans_fade_h1_low_to_high_h12_tp06_sl065,-1.7328750000000128,-2.7828750000000126,-3.4828750000000124,0,0,0,0,2.7828750000000126,18.340000000000146,5.8599999999999,0.8447098976109437,11.279999999999973,0.7402482269503483,4.189999999999827,3.3179999999999836,0.156,1.0,,,12,2,1.0,2024
2024-01-25 12:00:00+00:00|-1.0|vol_trans_fade_h1_low_to_high_h12_tp06_sl065,2024-01-25 12:00:00+00:00,STAGE28A,data/reports/stage28a_discovery_factory_batch_runner/stage28a_exact_trades.csv,volatility_transition_v1,vol_trans_fade_h1_low_to_high_h12_tp06_sl065,0.6109000000000379,-0.4390999999999621,-1.1390999999999618,0,0,0,0,0.4390999999999621,25.52000000000021,3.400000000000091,0.18823529411767145,7.019999999999982,0.5270655270655349,5.1400000000001,3.9275000000000206,0.472,-1.0,,,12,3,1.0,2024
2024-01-26 12:00:00+00:00|-1.0|vol_trans_fade_h1_low_to_high_h12_tp06_sl065,2024-01-26 12:00:00+00:00,STAGE28A,data/reports/stage28a_discovery_factory_batch_runner/stage28a_exact_trades.csv,volatility_transition_v1,vol_trans_fade_h1_low_to_high_h12_tp06_sl065,0.5343999999999142,-0.5156000000000858,-1.2156000000000855,0,0,0,0,0.5156000000000858,15.400000000000091,4.779999999999973,0.10460251046025164,5.669999999999845,0.41975308641978376,4.240000000000009,3.4959999999999694,0.24,-1.0,,,12,4,1.0,2024
2024-01-29 12:00:00+00:00|1.0|vol_trans_fade_h1_low_to_high_h12_tp06_sl065,2024-01-29 12:00:00+00:00,STAGE28A,data/reports/stage28a_discovery_factory_batch_runner/stage28a_exact_trades.csv,volatility_transition_v1,vol_trans_fade_h1_low_to_high_h12_tp06_sl065,-1.4182750000000852,-2.468275000000085,-3.1682750000000848,0,0,0,0,2.468275000000085,7.220000000000027,9.13000000000011,0.4928806133625352,9.209999999999809,0.1400651465798035,4.120000000000118,3.4339999999999917,0.26,1.0,,,12,0,1.0,2024
2024-01-30 12:00:00+00:00|1.0|vol_trans_fade_h1_low_to_high_h12_tp06_sl065,2024-01-30 12:00:00+00:00,STAGE28A,data/reports/stage28a_discovery_factory_batch_runner/stage28a_exact_trades.csv,volatility_transition_v1,vol_trans_fade_h1_low_to_high_h12_tp06_sl065,0.6451000000000932,-0.4048999999999068,-1.1048999999999063,0,0,0,0,0.4048999999999068,18.460000000000036,4.819999999999936,0.13278008298757438,8.829999999999927,0.43488108720271235,3.660000000000082,4.23050000000004,0.664,1.0,,,12,1,1.0,2024
2024-01-31 12:00:00+00:00|1.0|vol_trans_fade_h1_low_to_high_h12_tp06_sl065,2024-01-31 12:00:00+00:00,STAGE28A,data/reports/stage28a_discovery_factory_batch_runner/stage28a_exact_trades.csv,volatility_transition_v1,vol_trans_fade_h1_low_to_high_h12_tp06_sl065,0.4966000000000804,-0.5533999999999195,-1.2533999999999192,0,0,0,0,0.5533999999999195,19.54000000000019,5.800000000000182,0.32931034482759,7.150000000000091,0.3356643356643441,1.8599999999999,3.8415000000000417,0.392,1.0,,,12,2,1.0,2024
2024-02-01 12:00:00+00:00|1.0|vol_trans_fade_h1_low_to_high_h12_tp06_sl065,2024-02-01 12:00:00+00:00,STAGE28A,data/reports/stage28a_discovery_factory_batch_runner/stage28a_exact_trades.csv,volatility_transition_v1,vol_trans_fade_h1_low_to_high_h12_tp06_sl065,0.7186000000000604,-0.3313999999999395,-1.0313999999999393,0,0,0,0,0.3313999999999395,25.1400000000001,10.269999999999754,0.559883154819877,15.329999999999927,0.8962818003913943,2.480000000000018,5.124999999999955,0.964,1.0,,,12,3,2.0,2024
2024-02-02 12:00:00+00:00|1.0|vol_trans_fade_h1_low_to_high_h12_tp06_sl065,2024-02-02 12:00:00+00:00,STAGE28A,data/reports/stage28a_discovery_factory_batch_runner/stage28a_exact_trades.csv,volatility_transition_v1,vol_trans_fade_h1_low_to_high_h12_tp06_sl065,0.5502999999997883,-0.4997000000002116,-1.1997000000002114,0,0,0,0,0.4997000000002116,35.590000000000146,4.920000000000073,0.052845528455235706,4.200000000000273,0.10000000000001083,2.2400000000002365,4.528999999999985,0.8,1.0,,,12,4,2.0,2024
2024-02-05 12:00:00+00:00|1.0|vol_trans_fade_h1_low_to_high_h12_tp06_sl065,2024-02-05 12:00:00+00:00,STAGE28A,data/reports/stage28a_discovery_factory_batch_runner/stage28a_exact_trades.csv,volatility_transition_v1,vol_trans_fade_h1_low_to_high_h12_tp06_sl065,0.8962000000000444,-0.1537999999999555,-0.8537999999999553,0,0,0,0,0.1537999999999555,3.3900000000001,11.839999999999918,0.6173986486486484,11.329999999999927,0.6548984995586843,3.589999999999918,4.149499999999989,0.524,1.0,,,12,0,2.0,2024
2024-02-06 12:00:00+00:00|1.0|vol_trans_fade_h1_low_to_high_h12_tp06_sl065,2024-02-06 12:00:00+00:00,STAGE28A,data/reports/stage28a_discovery_factory_batch_runner/stage28a_exact_trades.csv,volatility_transition_v1,vol_trans_fade_h1_low_to_high_h12_tp06_sl065,-1.4000750000001063,-2.450075000000106,-3.150075000000106,0,0,0,0,2.450075000000106,27.329999999999927,5.100000000000136,0.24705882352940337,6.990000000000009,0.34477825464947803,2.490000000000009,3.2870000000000346,0.092,1.0,,,12,1,2.0,2024
2024-02-08 12:00:00+00:00|-1.0|vol_trans_fade_h1_low_to_high_h12_tp06_sl065,2024-02-08 12:00:00+00:00,STAGE28A,data/reports/stage28a_discovery_factory_batch_runner/stage28a_exact_trades.csv,volatility_transition_v1,vol_trans_fade_h1_low_to_high_h12_tp06_sl065,-1.3614000000000943,-2.411400000000094,-3.111400000000094,0,0,0,0,2.411400000000094,13.970000000000027,7.0,0.6028571428571468,9.599999999999909,0.41041666666665255,6.25,3.4754999999999994,0.284,-1.0,,,12,3,2.0,2024
2024-02-09 12:00:00+00:00|1.0|vol_trans_fade_h1_low_to_high_h12_tp06_sl065,2024-02-09 12:00:00+00:00,STAGE28A,data/reports/stage28a_discovery_factory_batch_runner/stage28a_exact_trades.csv,volatility_transition_v1,vol_trans_fade_h1_low_to_high_h12_tp06_sl065,0.3700000000000273,-0.6799999999999726,-1.3799999999999724,0,0,0,0,0.6799999999999726,18.6400000000001,3.1599999999998545,0.49367088607595483,4.460000000000036,0.022421524663656555,2.3899999999998727,3.0269999999999753,0.076,1.0,,,12,4,2.0,2024
2024-02-14 12:00:00+00:00|-1.0|vol_trans_fade_h1_low_to_high_h12_tp06_sl065,2024-02-14 12:00:00+00:00,STAGE28A,data/reports/stage28a_discovery_factory_batch_runner/stage28a_exact_trades.csv,volatility_transition_v1,vol_trans_fade_h1_low_to_high_h12_tp06_sl065,-1.3487249999999222,-2.398724999999922,-3.098724999999922,0,0,0,0,2.398724999999922,39.86999999999989,4.75,0.19578947368422392,7.1400000000001,0.06162464985991891,3.0499999999999545,3.4069999999999823,0.432,-1.0,,,12,2,2.0,2024
2024-02-19 12:00:00+00:00|1.0|vol_trans_fade_h1_low_to_high_h12_tp06_sl065,2024-02-19 12:00:00+00:00,STAGE28A,data/reports/stage28a_discovery_factory_batch_runner/stage28a_exact_trades.csv,volatility_transition_v1,vol_trans_fade_h1_low_to_high_h12_tp06_sl065,0.350800000000072,-0.6991999999999279,-1.3991999999999276,0,0,0,0,0.6991999999999279,3.8799999999998818,10.86999999999989,0.48850045998160063,4.650000000000091,0.027956989247285853,1.4300000000000637,4.016999999999996,0.752,1.0,,,12,0,2.0,2024
2024-02-23 12:00:00+00:00|1.0|vol_trans_fade_h1_low_to_high_h12_tp06_sl065,2024-02-23 12:00:00+00:00,STAGE28A,data/reports/stage28a_discovery_factory_batch_runner/stage28a_exact_trades.csv,volatility_transition_v1,vol_trans_fade_h1_low_to_high_h12_tp06_sl065,-1.426725000000124,-2.476725000000124,-3.176725000000124,0,0,0,0,2.476725000000124,15.36999999999989,4.559999999999945,0.2763157894736855,10.110000000000127,0.2908011869435994,3.8400000000001455,3.2055000000000065,0.688,1.0,,,12,4,2.0,2024
2024-02-26 12:00:00+00:00|1.0|vol_trans_fade_h1_low_to_high_h12_tp06_sl065,2024-02-26 12:00:00+00:00,STAGE28A,data/reports/stage28a_discovery_factory_batch_runner/stage28a_exact_trades.csv,volatility_transition_v1,vol_trans_fade_h1_low_to_high_h12_tp06_sl065,-1.3184999999999492,-2.368499999999949,-3.0684999999999487,0,0,0,0,2.368499999999949,2.7999999999999545,5.069999999999936,0.36489151873765924,5.349999999999909,0.007476635514012018,2.1000000000001364,3.104499999999939,0.544,1.0,,,12,0,2.0,2024
2024-03-04 12:00:00+00:00|-1.0|vol_trans_fade_h1_low_to_high_h12_tp06_sl065,2024-03-04 12:00:00+00:00,STAGE28A,data/reports/stage28a_discovery_factory_batch_runner/stage28a_exact_trades.csv,volatility_transition_v1,vol_trans_fade_h1_low_to_high_h12_tp06_sl065,-1.364325000000099,-2.414325000000099,-3.1143250000000986,0,0,0,0,2.414325000000099,4.239999999999782,6.610000000000127,0.4175491679274077,7.710000000000036,0.41115434500649256,3.0299999999997453,4.631000000000006,0.896,-1.0,,,12,0,3.0,2024
2024-03-05 12:00:00+00:00|-1.0|vol_trans_fade_h1_low_to_high_h12_tp06_sl065,2024-03-05 12:00:00+00:00,STAGE28A,data/reports/stage28a_discovery_factory_batch_runner/stage28a_exact_trades.csv,volatility_transition_v1,vol_trans_fade_h1_low_to_high_h12_tp06_sl065,1.1472999999999955,0.0972999999999957,-0.602700000000004,1,0,0,0,0.0972999999999957,40.370000000000346,6.349999999999909,0.22204724409446847,13.2800000000002,0.5813253012047954,6.25,5.13900000000001,0.94,-1.0,,,12,1,3.0,2024
2024-03-06 12:00:00+00:00|-1.0|vol_trans_fade_h1_low_to_high_h12_tp06_sl065,2024-03-06 12:00:00+00:00,STAGE28A,data/reports/stage28a_discovery_factory_batch_runner/stage28a_exact_trades.csv,volatility_transition_v1,vol_trans_fade_h1_low_to_high_h12_tp06_sl065,-1.6727499999998146,-2.7227499999998144,-3.422749999999814,0,0,0,0,2.7227499999998144,31.329999999999927,4.799999999999727,0.38333333333338543,7.150000000000091,0.07412587412590117,5.110000000000127,4.169499999999948,0.76,-1.0,,,12,2,3.0,2024
2024-03-07 12:00:00+00:00|-1.0|vol_trans_fade_h1_low_to_high_h12_tp06_sl065,2024-03-07 12:00:00+00:00,STAGE28A,data/reports/stage28a_discovery_factory_batch_runner/stage28a_exact_trades.csv,volatility_transition_v1,vol_trans_fade_h1_low_to_high_h12_tp06_sl065,1.028200000000106,-0.0217999999998936,-0.7217999999998934,0,0,0,0,0.0217999999998936,28.549999999999727,17.11999999999989,0.6407710280374022,8.299999999999727,0.07108433734936268,3.4699999999998,6.352999999999975,0.976,-1.0,,,12,3,3.0,2024
2024-03-08 12:00:00+00:00|-1.0|vol_trans_fade_h1_low_to_high_h12_tp06_sl065,2024-03-08 12:00:00+00:00,STAGE28A,data/reports/stage28a_discovery_factory_batch_runner/stage28a_exact_trades.csv,volatility_transition_v1,vol_trans_fade_h1_low_to_high_h12_tp06_sl065,1.0125999999999291,-0.0374000000000704,-0.7374000000000702,0,0,0,0,0.0374000000000704,20.460000000000036,9.510000000000218,0.4437434279705739,14.920000000000073,0.724530831099219,6.440000000000055,4.703000000000043,0.628,-1.0,,,12,4,3.0,2024
2024-03-11 12:00:00+00:00|-1.0|vol_trans_fade_h1_low_to_high_h12_tp06_sl065,2024-03-11 12:00:00+00:00,STAGE28A,data/reports/stage28a_discovery_factory_batch_runner/stage28a_exact_trades.csv,volatility_transition_v1,vol_trans_fade_h1_low_to_high_h12_tp06_sl065,0.9531999999998334,-0.0968000000001665,-0.7968000000001663,0,0,0,0,0.0968000000001665,6.599999999999909,12.099999999999909,0.08595041322313814,7.160000000000309,0.40502793296088907,5.580000000000382,5.976000000000044,0.856,-1.0,,,12,0,3.0,2024
2024-03-12 12:00:00+00:00|1.0|vol_trans_fade_h1_low_to_high_h12_tp06_sl065,2024-03-12 12:00:00+00:00,STAGE28A,data/reports/stage28a_discovery_factory_batch_runner/stage28a_exact_trades.csv,volatility_transition_v1,vol_trans_fade_h1_low_to_high_h12_tp06_sl065,0.7105000000000473,-0.3394999999999526,-1.0394999999999524,0,0,0,0,0.3394999999999526,14.239999999999782,7.929999999999836,0.5056746532156748,5.539999999999964,0.30685920577622455,2.7400000000002365,3.7759999999999083,0.372,1.0,,,12,1,3.0,2024
2024-03-13 12:00:00+00:00|-1.0|vol_trans_fade_h1_low_to_high_h12_tp06_sl065,2024-03-13 12:00:00+00:00,STAGE28A,data/reports/stage28a_discovery_factory_batch_runner/stage28a_exact_trades.csv,volatility_transition_v1,vol_trans_fade_h1_low_to_high_h12_tp06_sl065,0.587199999999848,-0.462800000000152,-1.1628000000001515,0,0,0,0,0.462800000000152,34.179999999999836,5.730000000000018,0.41884816753928156,6.049999999999727,0.6694214876033661,2.6899999999996,4.567999999999938,0.364,-1.0,,,12,2,3.0,2024
2024-03-14 12:00:00+00:00|-1.0|vol_trans_fade_h1_low_to_high_h12_tp06_sl065,2024-03-14 12:00:00+00:00,STAGE28A,data/reports/stage28a_discovery_factory_batch_runner/stage28a_exact_trades.csv,volatility_transition_v1,vol_trans_fade_h1_low_to_high_h12_tp06_sl065,0.6024999999998727,-0.4475000000001272,-1.147500000000127,0,0,0,0,0.4475000000001272,24.059999999999945,5.920000000000073,0.44087837837839444,4.599999999999909,0.2434782608695463,4.109999999999673,3.210500000000002,0.096,-1.0,,,12,3,3.0,2024
2024-03-15 12:00:00+00:00|-1.0|vol_trans_fade_h1_low_to_high_h12_tp06_sl065,2024-03-15 12:00:00+00:00,STAGE28A,data/reports/stage28a_discovery_factory_batch_runner/stage28a_exact_trades.csv,volatility_transition_v1,vol_trans_fade_h1_low_to_high_h12_tp06_sl065,-1.761149999999907,-2.811149999999907,-3.5111499999999065,0,0,0,0,2.811149999999907,24.159999999999854,5.289999999999964,0.43100189035920905,9.289999999999964,0.511302475780411,5.25,3.510499999999979,0.096,-1.0,,,12,4,3.0,2024
2024-03-18 12:00:00+00:00|-1.0|vol_trans_fade_h1_low_to_high_h12_tp06_sl065,2024-03-18 12:00:00+00:00,STAGE28A,data/reports/stage28a_discovery_factory_batch_runner/stage28a_exact_trades.csv,volatility_transition_v1,vol_trans_fade_h1_low_to_high_h12_tp06_sl065,0.7267000000000735,-0.3232999999999264,-1.0232999999999262,0,0,0,0,0.3232999999999264,5.369999999999891,11.419999999999618,0.6444833625219242,12.349999999999909,0.8858299595141441,2.549999999999727,3.899000000000001,0.18,-1.0,,,12,0,3.0,2024
2024-03-19 12:00:00+00:00|-1.0|vol_trans_fade_h1_low_to_high_h12_tp06_sl065,2024-03-19 12:00:00+00:00,STAGE28A,data/reports/stage28a_discovery_factory_batch_runner/stage28a_exact_trades.csv,volatility_transition_v1,vol_trans_fade_h1_low_to_high_h12_tp06_sl065,1.108900000000085,0.0589000000000852,-0.6410999999999145,1,0,0,0,0.0589000000000852,17.559999999999945,4.1599999999998545,0.16105769230771544,13.179999999999836,0.4613050075872536,2.880000000000109,3.1899999999999182,0.036,-1.0,,,12,1,3.0,2024
2024-03-21 12:00:00+00:00|-1.0|vol_trans_fade_h1_low_to_high_h12_tp06_sl065,2024-03-21 12:00:00+00:00,STAGE28A,data/reports/stage28a_discovery_factory_batch_runner/stage28a_exact_trades.csv,volatility_transition_v1,vol_trans_fade_h1_low_to_high_h12_tp06_sl065,1.4850999999997838,0.435099999999784,-0.2649000000002157,1,0,1,0,0.435099999999784,56.710000000000036,36.17000000000007,0.017694221730712507,14.86999999999989,0.2958977807666525,6.110000000000127,8.917499999999995,0.996,-1.0,,,12,3,3.0,2024
2024-03-22 12:00:00+00:00|1.0|vol_trans_fade_h1_low_to_high_h12_tp06_sl065,2024-03-22 12:00:00+00:00,STAGE28A,data/reports/stage28a_discovery_factory_batch_runner/stage28a_exact_trades.csv,volatility_transition_v1,vol_trans_fade_h1_low_to_high_h12_tp06_sl065,1.3227999999998246,0.2727999999998247,-0.427200000000175,1,0,1,0,0.2727999999998247,56.07999999999993,14.199999999999818,0.53169014084509,13.659999999999854,0.46998535871157693,4.480000000000018,5.3659999999999854,0.692,1.0,,,12,4,3.0,2024
2024-03-25 12:00:00+00:00|-1.0|vol_trans_fade_h1_low_to_high_h12_tp06_sl065,2024-03-25 12:00:00+00:00,STAGE28A,data/reports/stage28a_discovery_factory_batch_runner/stage28a_exact_trades.csv,volatility_transition_v1,vol_trans_fade_h1_low_to_high_h12_tp06_sl065,1.1586999999998624,0.1086999999998625,-0.5913000000001372,1,0,0,0,0.1086999999998625,4.119999999999891,14.300000000000182,0.2930069930069931,7.529999999999745,0.13014608233732422,4.440000000000055,5.0654999999999974,0.632,-1.0,,,12,0,3.0,2024
2024-03-26 12:00:00+00:00|-1.0|vol_trans_fade_h1_low_to_high_h12_tp06_sl065,2024-03-26 12:00:00+00:00,STAGE28A,data/reports/stage28a_discovery_factory_batch_runner/stage28a_exact_trades.csv,volatility_transition_v1,vol_trans_fade_h1_low_to_high_h12_tp06_sl065,-2.0494250000002467,-3.0994250000002466,-3.7994250000002463,0,0,0,1,3.0994250000002466,17.779999999999745,6.839999999999691,0.09941520467834314,30.460000000000036,0.8365068942875898,16.730000000000018,3.8649999999999407,0.352,-1.0,,,12,1,3.0,2024
2024-03-27 12:00:00+00:00|-1.0|vol_trans_fade_h1_low_to_high_h12_tp06_sl065,2024-03-27 12:00:00+00:00,STAGE28A,data/reports/stage28a_discovery_factory_batch_runner/stage28a_exact_trades.csv,volatility_transition_v1,vol_trans_fade_h1_low_to_high_h12_tp06_sl065,1.4217999999999846,0.3717999999999848,-0.3282000000000149,1,0,1,0,0.3717999999999848,32.460000000000036,8.480000000000018,0.12264150943395771,18.800000000000182,0.8202127659574427,17.440000000000055,4.741500000000019,0.616,-1.0,,,12,2,3.0,2024
2024-03-28 12:00:00+00:00|-1.0|vol_trans_fade_h1_low_to_high_h12_tp06_sl065,2024-03-28 12:00:00+00:00,STAGE28A,data/reports/stage28a_discovery_factory_batch_runner/stage28a_exact_trades.csv,volatility_transition_v1,vol_trans_fade_h1_low_to_high_h12_tp06_sl065,-1.8762000000002448,-2.9262000000002444,-3.626200000000244,0,0,0,0,2.9262000000002444,24.330000000000382,9.559999999999945,0.5041841004184301,22.920000000000073,0.7273123909249374,5.389999999999873,4.084999999999991,0.436,-1.0,,,12,3,3.0,2024
2024-04-01 12:00:00+00:00|1.0|vol_trans_fade_h1_low_to_high_h12_tp06_sl065,2024-04-01 12:00:00+00:00,STAGE28A,data/reports/stage28a_discovery_factory_batch_runner/stage28a_exact_trades.csv,volatility_transition_v1,vol_trans_fade_h1_low_to_high_h12_tp06_sl065,-1.8378499999999804,-2.8878499999999803,-3.58784999999998,0,0,0,0,2.8878499999999803,9.899999999999636,30.36999999999989,0.9045110306223363,16.300000000000182,0.7785276073619299,4.389999999999873,8.163499999999932,0.892,1.0,,,12,0,4.0,2024
2024-04-02 12:00:00+00:00|-1.0|vol_trans_fade_h1_low_to_high_h12_tp06_sl065,2024-04-02 12:00:00+00:00,STAGE28A,data/reports/stage28a_discovery_factory_batch_runner/stage28a_exact_trades.csv,volatility_transition_v1,vol_trans_fade_h1_low_to_high_h12_tp06_sl065,-2.037725000000228,-3.087725000000228,-3.7877250000002274,0,0,0,1,3.087725000000228,37.11999999999989,9.169999999999618,0.22246455834242623,16.440000000000055,0.5675182481751762,6.690000000000055,6.795500000000061,0.76,-1.0,,,12,1,4.0,2024
2024-04-03 12:00:00+00:00|-1.0|vol_trans_fade_h1_low_to_high_h12_tp06_sl065,2024-04-03 12:00:00+00:00,STAGE28A,data/reports/stage28a_discovery_factory_batch_runner/stage28a_exact_trades.csv,volatility_transition_v1,vol_trans_fade_h1_low_to_high_h12_tp06_sl065,1.5226000000001476,0.4726000000001478,-0.2273999999998519,1,0,1,0,0.4726000000001478,35.35999999999967,11.590000000000146,0.28127696289906623,19.360000000000127,0.6714876033057807,8.320000000000164,7.582500000000027,0.796,-1.0,,,12,2,4.0,2024
2024-04-04 12:00:00+00:00|1.0|vol_trans_fade_h1_low_to_high_h12_tp06_sl065,2024-04-04 12:00:00+00:00,STAGE28A,data/reports/stage28a_discovery_factory_batch_runner/stage28a_exact_trades.csv,volatility_transition_v1,vol_trans_fade_h1_low_to_high_h12_tp06_sl065,0.9772000000001754,-0.0727999999998245,-0.7727999999998243,0,0,0,0,0.0727999999998245,36.26999999999998,8.36999999999989,0.30943847072881475,9.809999999999945,0.5983690112130865,3.4600000000000364,5.653499999999963,0.424,1.0,,,12,3,4.0,2024
2024-04-05 12:00:00+00:00|1.0|vol_trans_fade_h1_low_to_high_h12_tp06_sl065,2024-04-05 12:00:00+00:00,STAGE28A,data/reports/stage28a_discovery_factory_batch_runner/stage28a_exact_trades.csv,volatility_transition_v1,vol_trans_fade_h1_low_to_high_h12_tp06_sl065,1.5732999999999264,0.5232999999999266,-0.1767000000000731,1,0,1,0,0.5232999999999266,25.519999999999982,25.579999999999927,0.5136825645035327,16.9699999999998,0.8461991750147494,6.929999999999836,7.922000000000002,0.848,1.0,,,12,4,4.0,2024
2024-04-08 12:00:00+00:00|1.0|vol_trans_fade_h1_low_to_high_h12_tp06_sl065,2024-04-08 12:00:00+00:00,STAGE28A,data/reports/stage28a_discovery_factory_batch_runner/stage28a_exact_trades.csv,volatility_transition_v1,vol_trans_fade_h1_low_to_high_h12_tp06_sl065,2.2389999999999417,1.188999999999942,0.4889999999999421,1,1,1,0,1.188999999999942,24.11999999999989,51.0300000000002,0.7460317460317463,13.789999999999964,0.5823060188542583,8.11999999999989,12.261000000000013,0.976,1.0,,,12,0,4.0,2024
2024-04-09 12:00:00+00:00|-1.0|vol_trans_fade_h1_low_to_high_h12_tp06_sl065,2024-04-09 12:00:00+00:00,STAGE28A,data/reports/stage28a_discovery_factory_batch_runner/stage28a_exact_trades.csv,volatility_transition_v1,vol_trans_fade_h1_low_to_high_h12_tp06_sl065,1.5105999999999766,0.4605999999999768,-0.2394000000000229,1,0,1,0,0.4605999999999768,51.0300000000002,11.669999999999618,0.43958868894603914,22.269999999999982,0.8630444544230027,7.940000000000055,5.778500000000031,0.348,-1.0,,,12,1,4.0,2024
2024-04-10 12:00:00+00:00|-1.0|vol_trans_fade_h1_low_to_high_h12_tp06_sl065,2024-04-10 12:00:00+00:00,STAGE28A,data/reports/stage28a_discovery_factory_batch_runner/stage28a_exact_trades.csv,volatility_transition_v1,vol_trans_fade_h1_low_to_high_h12_tp06_sl065,1.1928999999999177,0.1428999999999178,-0.5571000000000819,1,0,0,0,0.1428999999999178,28.559999999999945,10.890000000000327,0.09641873278238296,14.990000000000236,0.24016010673784569,3.480000000000018,6.5955000000000386,0.452,-1.0,,,12,2,4.0,2024
2024-04-11 12:00:00+00:00|1.0|vol_trans_fade_h1_low_to_high_h12_tp06_sl065,2024-04-11 12:00:00+00:00,STAGE28A,data/reports/stage28a_discovery_factory_batch_runner/stage28a_exact_trades.csv,volatility_transition_v1,vol_trans_fade_h1_low_to_high_h12_tp06_sl065,-2.6243500000001405,-3.67435000000014,-4.37435000000014,0,0,0,1,3.67435000000014,40.75,13.490000000000236,0.5937731653076074,20.360000000000127,0.6512770137524625,12.13000000000011,8.541499999999996,0.76,1.0,,,12,3,4.0,2024
2024-04-12 12:00:00+00:00|1.0|vol_trans_fade_h1_low_to_high_h12_tp06_sl065,2024-04-12 12:00:00+00:00,STAGE28A,data/reports/stage28a_discovery_factory_batch_runner/stage28a_exact_trades.csv,volatility_transition_v1,vol_trans_fade_h1_low_to_high_h12_tp06_sl065,1.849000000000069,0.7990000000000692,0.0990000000000694,1,1,1,0,0.7990000000000692,52.0300000000002,23.449999999999818,0.4366737739872009,17.809999999999945,0.7810218978102388,6.480000000000018,8.066000000000008,0.676,1.0,,,12,4,4.0,2024
2024-04-15 12:00:00+00:00|1.0|vol_trans_fade_h1_low_to_high_h12_tp06_sl065,2024-04-15 12:00:00+00:00,STAGE28A,data/reports/stage28a_discovery_factory_batch_runner/stage28a_exact_trades.csv,volatility_transition_v1,vol_trans_fade_h1_low_to_high_h12_tp06_sl065,2.208100000000195,1.158100000000195,0.4581000000001953,1,1,1,0,1.158100000000195,26.509999999999764,26.509999999999764,0.06563560920406629,17.799999999999727,0.500561797752834,11.360000000000127,16.56899999999996,0.988,1.0,,,12,0,4.0,2024
2024-04-16 12:00:00+00:00|-1.0|vol_trans_fade_h1_low_to_high_h12_tp06_sl065,2024-04-16 12:00:00+00:00,STAGE28A,data/reports/stage28a_discovery_factory_batch_runner/stage28a_exact_trades.csv,volatility_transition_v1,vol_trans_fade_h1_low_to_high_h12_tp06_sl065,1.9405000000000652,0.8905000000000656,0.1905000000000658,1,1,1,0,0.8905000000000656,63.18000000000029,12.900000000000091,0.28062015503874926,25.980000000000018,0.6023864511162463,6.730000000000018,10.956000000000017,0.832,-1.0,,,12,1,4.0,2024
2024-04-17 12:00:00+00:00|-1.0|vol_trans_fade_h1_low_to_high_h12_tp06_sl065,2024-04-17 12:00:00+00:00,STAGE28A,data/reports/stage28a_discovery_factory_batch_runner/stage28a_exact_trades.csv,volatility_transition_v1,vol_trans_fade_h1_low_to_high_h12_tp06_sl065,1.6087000000001352,0.5587000000001354,-0.1412999999998643,1,0,1,0,0.5587000000001354,35.210000000000036,6.400000000000091,0.5015624999999986,21.559999999999945,0.4809833024118911,10.970000000000255,8.76600000000003,0.58,-1.0,,,12,2,4.0,2024
2024-04-18 12:00:00+00:00|-1.0|vol_trans_fade_h1_low_to_high_h12_tp06_sl065,2024-04-18 12:00:00+00:00,STAGE28A,data/reports/stage28a_discovery_factory_batch_runner/stage28a_exact_trades.csv,volatility_transition_v1,vol_trans_fade_h1_low_to_high_h12_tp06_sl065,1.027899999999954,-0.0221000000000457,-0.7221000000000455,0,0,0,0,0.0221000000000457,41.0,12.240000000000236,0.7802287581699344,7.890000000000327,0.6387832699619461,3.480000000000018,7.691000000000031,0.344,-1.0,,,12,3,4.0,2024
2024-04-19 12:00:00+00:00|1.0|vol_trans_fade_h1_low_to_high_h12_tp06_sl065,2024-04-19 12:00:00+00:00,STAGE28A,data/reports/stage28a_discovery_factory_batch_runner/stage28a_exact_trades.csv,volatility_transition_v1,vol_trans_fade_h1_low_to_high_h12_tp06_sl065,-3.449525000000085,-4.4995250000000855,-5.199525000000085,0,0,0,1,4.4995250000000855,29.889999999999873,44.15000000000009,0.27859569648924476,15.840000000000146,0.6502525252525021,8.340000000000146,10.41699999999994,0.76,1.0,,,12,4,4.0,2024
2024-04-22 12:00:00+00:00|1.0|vol_trans_fade_h1_low_to_high_h12_tp06_sl065,2024-04-22 12:00:00+00:00,STAGE28A,data/reports/stage28a_discovery_factory_batch_runner/stage28a_exact_trades.csv,volatility_transition_v1,vol_trans_fade_h1_low_to_high_h12_tp06_sl065,1.957900000000245,0.9079000000002452,0.2079000000002455,1,1,1,0,0.9079000000002452,6.799999999999727,26.84999999999991,0.5314711359404108,21.490000000000236,0.3922754769660399,5.049999999999727,7.738999999999919,0.296,1.0,,,12,0,4.0,2024
2024-04-23 12:00:00+00:00|1.0|vol_trans_fade_h1_low_to_high_h12_tp06_sl065,2024-04-23 12:00:00+00:00,STAGE28A,data/reports/stage28a_discovery_factory_batch_runner/stage28a_exact_trades.csv,volatility_transition_v1,vol_trans_fade_h1_low_to_high_h12_tp06_sl065,2.2510000000001127,1.2010000000001129,0.5010000000001131,1,1,1,0,1.2010000000001129,63.82999999999993,38.82999999999993,0.7180015451970168,23.220000000000255,0.30146425495262374,7.7599999999997635,9.364500000000021,0.688,1.0,,,12,1,4.0,2024
2024-04-24 12:00:00+00:00|1.0|vol_trans_fade_h1_low_to_high_h12_tp06_sl065,2024-04-24 12:00:00+00:00,STAGE28A,data/reports/stage28a_discovery_factory_batch_runner/stage28a_exact_trades.csv,volatility_transition_v1,vol_trans_fade_h1_low_to_high_h12_tp06_sl065,1.3200999999998202,0.2700999999998204,-0.4299000000001793,1,0,1,0,0.2700999999998204,42.88000000000011,12.400000000000091,0.5016129032258233,19.4399999999996,0.6682098765432124,5.800000000000182,6.7515000000001235,0.088,1.0,,,12,2,4.0,2024
2024-04-25 12:00:00+00:00|-1.0|vol_trans_fade_h1_low_to_high_h12_tp06_sl065,2024-04-25 12:00:00+00:00,STAGE28A,data/reports/stage28a_discovery_factory_batch_runner/stage28a_exact_trades.csv,volatility_transition_v1,vol_trans_fade_h1_low_to_high_h12_tp06_sl065,1.2040000000000872,0.1540000000000874,-0.5459999999999123,1,0,1,0,0.1540000000000874,25.480000000000018,17.029999999999745,0.28185554903113647,16.4699999999998,0.7109896782028038,3.8400000000001455,6.487999999999943,0.076,-1.0,,,12,3,4.0,2024
2024-04-26 12:00:00+00:00|-1.0|vol_trans_fade_h1_low_to_high_h12_tp06_sl065,2024-04-26 12:00:00+00:00,STAGE28A,data/reports/stage28a_discovery_factory_batch_runner/stage28a_exact_trades.csv,volatility_transition_v1,vol_trans_fade_h1_low_to_high_h12_tp06_sl065,1.728399999999874,0.6783999999998742,-0.0216000000001255,1,0,1,0,0.6783999999998742,39.539999999999964,10.019999999999982,0.2195608782434952,19.110000000000127,0.7791732077446483,6.079999999999927,6.870000000000073,0.184,-1.0,,,12,4,4.0,2024
2024-04-29 12:00:00+00:00|-1.0|vol_trans_fade_h1_low_to_high_h12_tp06_sl065,2024-04-29 12:00:00+00:00,STAGE28A,data/reports/stage28a_discovery_factory_batch_runner/stage28a_exact_trades.csv,volatility_transition_v1,vol_trans_fade_h1_low_to_high_h12_tp06_sl065,-2.177800000000025,-3.2278000000000246,-3.927800000000024,0,0,0,1,3.2278000000000246,4.539999999999964,17.149999999999636,0.35801749271137046,16.929999999999836,0.8665091553455263,5.0300000000002,6.31700000000003,0.104,-1.0,,,12,0,4.0,2024
2024-04-30 12:00:00+00:00|1.0|vol_trans_fade_h1_low_to_high_h12_tp06_sl065,2024-04-30 12:00:00+00:00,STAGE28A,data/reports/stage28a_discovery_factory_batch_runner/stage28a_exact_trades.csv,volatility_transition_v1,vol_trans_fade_h1_low_to_high_h12_tp06_sl065,-2.1205999999998317,-3.170599999999831,-3.870599999999831,0,0,0,1,3.170599999999831,26.919999999999618,9.320000000000164,0.6115879828326366,18.879999999999654,0.7733050847457721,7.699999999999818,5.457500000000027,0.04,1.0,,,12,1,4.0,2024
2024-05-01 12:00:00+00:00|-1.0|vol_trans_fade_h1_low_to_high_h12_tp06_sl065,2024-05-01 12:00:00+00:00,STAGE28A,data/reports/stage28a_discovery_factory_batch_runner/stage28a_exact_trades.csv,volatility_transition_v1,vol_trans_fade_h1_low_to_high_h12_tp06_sl065,1.0210000000000945,-0.0289999999999053,-0.7289999999999051,0,0,0,0,0.0289999999999053,51.51000000000022,10.38000000000011,0.6984585741811102,11.5,0.6782608695652332,3.0299999999997453,5.853000000000042,0.116,-1.0,,,12,2,5.0,2024
2024-05-02 12:00:00+00:00|1.0|vol_trans_fade_h1_low_to_high_h12_tp06_sl065,2024-05-02 12:00:00+00:00,STAGE28A,data/reports/stage28a_discovery_factory_batch_runner/stage28a_exact_trades.csv,volatility_transition_v1,vol_trans_fade_h1_low_to_high_h12_tp06_sl065,-2.29577500000014,-3.34577500000014,-4.045775000000139,0,0,0,1,3.34577500000014,46.82999999999993,9.070000000000164,0.1422271223814708,22.340000000000146,0.8012533572068028,7.880000000000109,8.326000000000068,0.764,1.0,,,12,3,5.0,2024
2024-05-03 12:00:00+00:00|-1.0|vol_trans_fade_h1_low_to_high_h12_tp06_sl065,2024-05-03 12:00:00+00:00,STAGE28A,data/reports/stage28a_discovery_factory_batch_runner/stage28a_exact_trades.csv,volatility_transition_v1,vol_trans_fade_h1_low_to_high_h12_tp06_sl065,-1.9587499999998728,-3.0087499999998726,-3.708749999999872,0,0,0,0,3.0087499999998726,41.09999999999991,6.440000000000055,0.2096273291925307,10.970000000000255,0.08477666362810113,4.2800000000002,5.552499999999964,0.1,-1.0,,,12,4,5.0,2024
2024-05-06 12:00:00+00:00|1.0|vol_trans_fade_h1_low_to_high_h12_tp06_sl065,2024-05-06 12:00:00+00:00,STAGE28A,data/reports/stage28a_discovery_factory_batch_runner/stage28a_exact_trades.csv,volatility_transition_v1,vol_trans_fade_h1_low_to_high_h12_tp06_sl065,-2.0949249999999666,-3.1449249999999664,-3.844924999999966,0,0,0,1,3.1449249999999664,5.210000000000036,23.519999999999982,0.32312925170067663,16.170000000000073,0.741496598639439,5.730000000000018,7.30799999999997,0.62,1.0,,,12,0,5.0,2024
2024-05-07 12:00:00+00:00|1.0|vol_trans_fade_h1_low_to_high_h12_tp06_sl065,2024-05-07 12:00:00+00:00,STAGE28A,data/reports/stage28a_discovery_factory_batch_runner/stage28a_exact_trades.csv,volatility_transition_v1,vol_trans_fade_h1_low_to_high_h12_tp06_sl065,1.2004000000000814,0.1504000000000815,-0.5495999999999182,1,0,0,0,0.1504000000000815,40.370000000000346,10.279999999999745,0.17217898832685075,13.360000000000127,0.8345808383233181,8.140000000000327,5.450499999999988,0.096,1.0,,,12,1,5.0,2024
2024-05-08 12:00:00+00:00|-1.0|vol_trans_fade_h1_low_to_high_h12_tp06_sl065,2024-05-08 12:00:00+00:00,STAGE28A,data/reports/stage28a_discovery_factory_batch_runner/stage28a_exact_trades.csv,volatility_transition_v1,vol_trans_fade_h1_low_to_high_h12_tp06_sl065,-1.873924999999963,-2.923924999999963,-3.6239249999999625,0,0,0,0,2.923924999999963,20.179999999999836,11.240000000000236,0.22775800711742808,17.86999999999989,0.35926133184108067,5.5099999999997635,5.075999999999999,0.088,-1.0,,,12,2,5.0,2024
2024-05-09 12:00:00+00:00|-1.0|vol_trans_fade_h1_low_to_high_h12_tp06_sl065,2024-05-09 12:00:00+00:00,STAGE28A,data/reports/stage28a_discovery_factory_batch_runner/stage28a_exact_trades.csv,volatility_transition_v1,vol_trans_fade_h1_low_to_high_h12_tp06_sl065,1.116699999999946,0.0666999999999462,-0.6333000000000535,1,0,0,0,0.0666999999999462,17.86999999999989,4.970000000000255,0.5010060362173258,13.08999999999969,0.35752482811305936,4.349999999999909,4.386499999999955,0.012,-1.0,,,12,3,5.0,2024
2024-05-10 12:00:00+00:00|-1.0|vol_trans_fade_h1_low_to_high_h12_tp06_sl065,2024-05-10 12:00:00+00:00,STAGE28A,data/reports/stage28a_discovery_factory_batch_runner/stage28a_exact_trades.csv,volatility_transition_v1,vol_trans_fade_h1_low_to_high_h12_tp06_sl065,1.5039999999998144,0.4539999999998145,-0.2460000000001851,1,0,1,0,0.4539999999998145,40.63999999999987,10.659999999999854,0.6716697936210086,24.079999999999927,0.7936046511627984,6.269999999999982,6.375499999999988,0.516,-1.0,,,12,4,5.0,2024
2024-05-13 12:00:00+00:00|1.0|vol_trans_fade_h1_low_to_high_h12_tp06_sl065,2024-05-13 12:00:00+00:00,STAGE28A,data/reports/stage28a_discovery_factory_batch_runner/stage28a_exact_trades.csv,volatility_transition_v1,vol_trans_fade_h1_low_to_high_h12_tp06_sl065,-2.013024999999834,-3.063024999999834,-3.7630249999998338,0,0,0,0,3.063024999999834,3.4299999999998363,9.710000000000036,0.4582904222451345,18.139999999999873,0.9404630650496177,8.860000000000127,5.507500000000027,0.276,1.0,,,12,0,5.0,2024
2024-05-14 12:00:00+00:00|-1.0|vol_trans_fade_h1_low_to_high_h12_tp06_sl065,2024-05-14 12:00:00+00:00,STAGE28A,data/reports/stage28a_discovery_factory_batch_runner/stage28a_exact_trades.csv,volatility_transition_v1,vol_trans_fade_h1_low_to_high_h12_tp06_sl065,1.0903000000002063,0.0403000000002067,-0.659699999999793,1,0,0,0,0.0403000000002067,32.95000000000027,9.570000000000164,0.5862068965517274,12.2800000000002,0.2394136807817595,6.179999999999836,4.448000000000002,0.044,-1.0,,,12,1,5.0,2024
2024-05-15 12:00:00+00:00|-1.0|vol_trans_fade_h1_low_to_high_h12_tp06_sl065,2024-05-15 12:00:00+00:00,STAGE28A,data/reports/stage28a_discovery_factory_batch_runner/stage28a_exact_trades.csv,volatility_transition_v1,vol_trans_fade_h1_low_to_high_h12_tp06_sl065,1.1422000000001389,0.092200000000139,-0.6077999999998607,1,0,0,0,0.092200000000139,24.920000000000073,6.110000000000127,0.46808510638298984,18.5300000000002,0.47706422018348893,11.789999999999964,4.770500000000015,0.14,-1.0,,,12,2,5.0,2024
2024-05-16 12:00:00+00:00|1.0|vol_trans_fade_h1_low_to_high_h12_tp06_sl065,2024-05-16 12:00:00+00:00,STAGE28A,data/reports/stage28a_discovery_factory_batch_runner/stage28a_exact_trades.csv,volatility_transition_v1,vol_trans_fade_h1_low_to_high_h12_tp06_sl065,1.011699999999928,-0.0383000000000719,-0.7383000000000717,0,0,0,0,0.0383000000000719,38.40000000000009,13.050000000000182,0.029885057471289042,10.909999999999854,0.31072410632446545,5.929999999999836,7.16700000000003,0.78,1.0,,,12,3,5.0,2024
2024-05-17 12:00:00+00:00|-1.0|vol_trans_fade_h1_low_to_high_h12_tp06_sl065,2024-05-17 12:00:00+00:00,STAGE28A,data/reports/stage28a_discovery_factory_batch_runner/stage28a_exact_trades.csv,volatility_transition_v1,vol_trans_fade_h1_low_to_high_h12_tp06_sl065,-1.8102249999998092,-2.8602249999998093,-3.560224999999809,0,0,0,0,2.8602249999998093,26.550000000000182,7.2599999999997635,0.07300275482090395,11.360000000000127,0.42517605633805705,4.210000000000036,4.415999999999963,0.056,-1.0,,,12,4,5.0,2024
2024-05-20 12:00:00+00:00|1.0|vol_trans_fade_h1_low_to_high_h12_tp06_sl065,2024-05-20 12:00:00+00:00,STAGE28A,data/reports/stage28a_discovery_factory_batch_runner/stage28a_exact_trades.csv,volatility_transition_v1,vol_trans_fade_h1_low_to_high_h12_tp06_sl065,-3.5613249999997607,-4.611324999999761,-5.31132499999976,0,0,0,1,4.611324999999761,8.409999999999854,24.050000000000182,0.8261954261954154,18.210000000000036,0.220757825370674,6.6599999999998545,9.177499999999919,0.972,1.0,,,12,0,5.0,2024
2024-05-21 12:00:00+00:00|1.0|vol_trans_fade_h1_low_to_high_h12_tp06_sl065,2024-05-21 12:00:00+00:00,STAGE28A,data/reports/stage28a_discovery_factory_batch_runner/stage28a_exact_trades.csv,volatility_transition_v1,vol_trans_fade_h1_low_to_high_h12_tp06_sl065,1.88050000000012,0.8305000000001201,0.1305000000001204,1,1,1,0,0.8305000000001201,42.86999999999989,26.63000000000011,0.5005632745024361,13.569999999999709,0.19012527634491064,5.589999999999691,7.734499999999957,0.82,1.0,,,12,1,5.0,2024
2024-05-22 12:00:00+00:00|1.0|vol_trans_fade_h1_low_to_high_h12_tp06_sl065,2024-05-22 12:00:00+00:00,STAGE28A,data/reports/stage28a_discovery_factory_batch_runner/stage28a_exact_trades.csv,volatility_transition_v1,vol_trans_fade_h1_low_to_high_h12_tp06_sl065,1.5570999999999002,0.5070999999999004,-0.1929000000000993,1,0,1,0,0.5070999999999004,27.610000000000127,13.980000000000018,0.5615164520744172,7.930000000000291,0.3947036569987382,6.869999999999891,5.452499999999941,0.404,1.0,,,12,2,5.0,2024
2024-05-23 12:00:00+00:00|-1.0|vol_trans_fade_h1_low_to_high_h12_tp06_sl065,2024-05-23 12:00:00+00:00,STAGE28A,data/reports/stage28a_discovery_factory_batch_runner/stage28a_exact_trades.csv,volatility_transition_v1,vol_trans_fade_h1_low_to_high_h12_tp06_sl065,2.042499999999927,0.9924999999999272,0.2924999999999276,1,1,1,0,0.9924999999999272,51.76999999999998,16.980000000000018,0.47820965842166563,19.029999999999745,0.44245927482922676,6.710000000000036,8.287500000000046,0.868,-1.0,,,12,3,5.0,2024
2024-05-24 12:00:00+00:00|-1.0|vol_trans_fade_h1_low_to_high_h12_tp06_sl065,2024-05-24 12:00:00+00:00,STAGE28A,data/reports/stage28a_discovery_factory_batch_runner/stage28a_exact_trades.csv,volatility_transition_v1,vol_trans_fade_h1_low_to_high_h12_tp06_sl065,1.2541000000000166,0.2041000000000168,-0.4958999999999829,1,0,1,0,0.2041000000000168,56.809999999999945,9.710000000000036,0.028836251287353145,12.7199999999998,0.5463836477987721,4.940000000000055,7.2794999999999614,0.632,-1.0,,,12,4,5.0,2024
2024-05-27 12:00:00+00:00|-1.0|vol_trans_fade_h1_low_to_high_h12_tp06_sl065,2024-05-27 12:00:00+00:00,STAGE28A,data/reports/stage28a_discovery_factory_batch_runner/stage28a_exact_trades.csv,volatility_transition_v1,vol_trans_fade_h1_low_to_high_h12_tp06_sl065,0.9625,-0.0874999999999999,-0.7874999999999996,0,0,0,0,0.0874999999999999,8.329999999999927,15.260000000000218,0.38401048492791895,7.970000000000255,0.34755332496861896,7.920000000000073,4.976000000000044,0.176,-1.0,,,12,0,5.0,2024
2024-05-28 12:00:00+00:00|-1.0|vol_trans_fade_h1_low_to_high_h12_tp06_sl065,2024-05-28 12:00:00+00:00,STAGE28A,data/reports/stage28a_discovery_factory_batch_runner/stage28a_exact_trades.csv,volatility_transition_v1,vol_trans_fade_h1_low_to_high_h12_tp06_sl065,-1.9821499999999104,-3.0321499999999104,-3.73214999999991,0,0,0,0,3.0321499999999104,26.420000000000073,7.220000000000255,0.17313019390581108,13.699999999999818,0.5335766423357695,4.7599999999997635,4.3940000000000055,0.08,-1.0,,,12,1,5.0,2024
2024-05-29 12:00:00+00:00|1.0|vol_trans_fade_h1_low_to_high_h12_tp06_sl065,2024-05-29 12:00:00+00:00,STAGE28A,data/reports/stage28a_discovery_factory_batch_runner/stage28a_exact_trades.csv,volatility_transition_v1,vol_trans_fade_h1_low_to_high_h12_tp06_sl065,1.268199999999888,0.218199999999888,-0.4818000000001117,1,0,1,0,0.218199999999888,24.059999999999945,7.930000000000291,0.12862547288776097,20.700000000000273,0.6120772946859638,7.079999999999927,5.498000000000047,0.376,1.0,,,12,2,5.0,2024
2024-05-30 12:00:00+00:00|-1.0|vol_trans_fade_h1_low_to_high_h12_tp06_sl065,2024-05-30 12:00:00+00:00,STAGE28A,data/reports/stage28a_discovery_factory_batch_runner/stage28a_exact_trades.csv,volatility_transition_v1,vol_trans_fade_h1_low_to_high_h12_tp06_sl065,1.5595000000002073,0.5095000000002075,-0.1904999999997922,1,0,1,0,0.5095000000002075,28.059999999999945,11.800000000000182,0.2771186440677908,15.559999999999945,0.06876606683805704,3.880000000000109,5.5650000000001,0.432,-1.0,,,12,3,5.0,2024
2024-05-31 12:00:00+00:00|-1.0|vol_trans_fade_h1_low_to_high_h12_tp06_sl065,2024-05-31 12:00:00+00:00,STAGE28A,data/reports/stage28a_discovery_factory_batch_runner/stage28a_exact_trades.csv,volatility_transition_v1,vol_trans_fade_h1_low_to_high_h12_tp06_sl065,0.9475000000001274,-0.1024999999998725,-0.8024999999998723,0,0,0,0,0.1024999999998725,29.38000000000011,10.739999999999782,0.036312849162000053,7.370000000000346,0.21709633649929905,4.140000000000327,4.827500000000077,0.144,-1.0,,,12,4,5.0,2024
2024-06-03 12:00:00+00:00|1.0|vol_trans_fade_h1_low_to_high_h12_tp06_sl065,2024-06-03 12:00:00+00:00,STAGE28A,data/reports/stage28a_discovery_factory_batch_runner/stage28a_exact_trades.csv,volatility_transition_v1,vol_trans_fade_h1_low_to_high_h12_tp06_sl065,-2.515799999999763,-3.5657999999997627,-4.265799999999762,0,0,0,1,3.5657999999997627,5.870000000000346,10.070000000000164,0.5004965243296804,14.090000000000146,0.4499645138396082,3.7799999999997453,6.207000000000017,0.536,1.0,,,12,0,6.0,2024
2024-06-04 12:00:00+00:00|1.0|vol_trans_fade_h1_low_to_high_h12_tp06_sl065,2024-06-04 12:00:00+00:00,STAGE28A,data/reports/stage28a_discovery_factory_batch_runner/stage28a_exact_trades.csv,volatility_transition_v1,vol_trans_fade_h1_low_to_high_h12_tp06_sl065,1.3342000000001462,0.2842000000001463,-0.4157999999998534,1,0,1,0,0.2842000000001463,40.159999999999854,9.600000000000364,0.5281249999999971,25.079999999999927,0.6399521531100569,7.690000000000055,5.350999999999976,0.272,1.0,,,12,1,6.0,2024
2024-06-05 12:00:00+00:00|-1.0|vol_trans_fade_h1_low_to_high_h12_tp06_sl065,2024-06-05 12:00:00+00:00,STAGE28A,data/reports/stage28a_discovery_factory_batch_runner/stage28a_exact_trades.csv,volatility_transition_v1,vol_trans_fade_h1_low_to_high_h12_tp06_sl065,1.3068999999999504,0.2568999999999506,-0.4431000000000491,1,0,1,0,0.2568999999999506,37.41000000000031,12.010000000000218,0.7993338884262893,13.579999999999927,0.3645066273932139,3.7899999999999636,5.510499999999956,0.392,-1.0,,,12,2,6.0,2024
2024-06-06 12:00:00+00:00|-1.0|vol_trans_fade_h1_low_to_high_h12_tp06_sl065,2024-06-06 12:00:00+00:00,STAGE28A,data/reports/stage28a_discovery_factory_batch_runner/stage28a_exact_trades.csv,volatility_transition_v1,vol_trans_fade_h1_low_to_high_h12_tp06_sl065,0.9439000000001216,-0.1060999999998784,-0.8060999999998781,0,0,0,0,0.1060999999998784,31.670000000000073,20.389999999999873,0.564982834722906,12.929999999999836,0.5359628770301565,3.3799999999996544,5.780999999999972,0.596,-1.0,,,12,3,6.0,2024
2024-06-07 12:00:00+00:00|1.0|vol_trans_fade_h1_low_to_high_h12_tp06_sl065,2024-06-07 12:00:00+00:00,STAGE28A,data/reports/stage28a_discovery_factory_batch_runner/stage28a_exact_trades.csv,volatility_transition_v1,vol_trans_fade_h1_low_to_high_h12_tp06_sl065,-3.778750000000037,-4.828750000000037,-5.528750000000036,0,0,0,1,4.828750000000037,25.20999999999958,12.600000000000364,0.24920634920633192,50.42000000000007,0.8131693772312563,31.230000000000018,7.787999999999988,0.988,1.0,,,12,4,6.0,2024
2024-06-10 12:00:00+00:00|1.0|vol_trans_fade_h1_low_to_high_h12_tp06_sl065,2024-06-10 12:00:00+00:00,STAGE28A,data/reports/stage28a_discovery_factory_batch_runner/stage28a_exact_trades.csv,volatility_transition_v1,vol_trans_fade_h1_low_to_high_h12_tp06_sl065,-2.3513500000000023,-3.401350000000002,-4.101350000000002,0,0,0,1,3.401350000000002,8.61999999999989,11.609999999999673,0.18518518518519825,9.740000000000236,0.0020533880903471587,5.0300000000002,7.204000000000019,0.896,1.0,,,12,0,6.0,2024
2024-06-11 12:00:00+00:00|-1.0|vol_trans_fade_h1_low_to_high_h12_tp06_sl065,2024-06-11 12:00:00+00:00,STAGE28A,data/reports/stage28a_discovery_factory_batch_runner/stage28a_exact_trades.csv,volatility_transition_v1,vol_trans_fade_h1_low_to_high_h12_tp06_sl065,-1.8323249999999465,-2.882324999999946,-3.582324999999946,0,0,0,0,2.882324999999946,25.990000000000236,13.549999999999727,0.4479704797048181,9.990000000000236,0.2662662662662454,4.510000000000218,4.4694999999999485,0.076,-1.0,,,12,1,6.0,2024
2024-06-12 12:00:00+00:00|1.0|vol_trans_fade_h1_low_to_high_h12_tp06_sl065,2024-06-12 12:00:00+00:00,STAGE28A,data/reports/stage28a_discovery_factory_batch_runner/stage28a_exact_trades.csv,volatility_transition_v1,vol_trans_fade_h1_low_to_high_h12_tp06_sl065,-1.58174999999992,-2.63174999999992,-3.33174999999992,0,0,0,0,2.63174999999992,22.36999999999989,6.8400000000001455,0.42690058479532317,6.910000000000309,0.00289435600578595,4.920000000000073,4.254999999999972,0.024,1.0,,,12,2,6.0,2024
2024-06-13 12:00:00+00:00|1.0|vol_trans_fade_h1_low_to_high_h12_tp06_sl065,2024-06-13 12:00:00+00:00,STAGE28A,data/reports/stage28a_discovery_factory_batch_runner/stage28a_exact_trades.csv,volatility_transition_v1,vol_trans_fade_h1_low_to_high_h12_tp06_sl065,-1.912275000000227,-2.962275000000227,-3.662275000000226,0,0,0,0,2.962275000000227,31.039999999999964,16.460000000000036,0.4696233292831106,9.580000000000382,0.12526096033400524,3.25,6.782999999999947,0.8,1.0,,,12,3,6.0,2024
2024-06-14 12:00:00+00:00|-1.0|vol_trans_fade_h1_low_to_high_h12_tp06_sl065,2024-06-14 12:00:00+00:00,STAGE28A,data/reports/stage28a_discovery_factory_batch_runner/stage28a_exact_trades.csv,volatility_transition_v1,vol_trans_fade_h1_low_to_high_h12_tp06_sl065,1.2751000000002022,0.2251000000002023,-0.4748999999997974,1,0,1,0,0.2251000000002023,31.159999999999854,7.050000000000182,0.35886524822690496,19.139999999999873,0.8949843260188204,6.880000000000109,5.467000000000008,0.336,-1.0,,,12,4,6.0,2024
2024-06-17 12:00:00+00:00|-1.0|vol_trans_fade_h1_low_to_high_h12_tp06_sl065,2024-06-17 12:00:00+00:00,STAGE28A,data/reports/stage28a_discovery_factory_batch_runner/stage28a_exact_trades.csv,volatility_transition_v1,vol_trans_fade_h1_low_to_high_h12_tp06_sl065,1.181800000000203,0.1318000000002031,-0.5681999999997966,1,0,0,0,0.1318000000002031,5.4099999999998545,11.420000000000073,0.39229422066549824,10.769999999999982,0.4001857010213512,5.8400000000001455,4.699999999999932,0.096,-1.0,,,12,0,6.0,2024
2024-06-18 12:00:00+00:00|1.0|vol_trans_fade_h1_low_to_high_h12_tp06_sl065,2024-06-18 12:00:00+00:00,STAGE28A,data/reports/stage28a_discovery_factory_batch_runner/stage28a_exact_trades.csv,volatility_transition_v1,vol_trans_fade_h1_low_to_high_h12_tp06_sl065,-1.7936500000001616,-2.843650000000161,-3.543650000000161,0,0,0,0,2.843650000000161,23.170000000000073,6.5,0.5292307692307776,14.090000000000146,0.9488999290276939,4.639999999999873,4.691999999999984,0.14,1.0,,,12,1,6.0,2024
2024-06-19 12:00:00+00:00|-1.0|vol_trans_fade_h1_low_to_high_h12_tp06_sl065,2024-06-19 12:00:00+00:00,STAGE28A,data/reports/stage28a_discovery_factory_batch_runner/stage28a_exact_trades.csv,volatility_transition_v1,vol_trans_fade_h1_low_to_high_h12_tp06_sl065,-1.40495000000019,-2.45495000000019,-3.154950000000189,0,0,0,0,2.45495000000019,26.699999999999818,5.2199999999998,0.003831417624517735,8.190000000000055,0.020757020757029503,3.1799999999998363,3.9484999999999673,0.02,-1.0,,,12,2,6.0,2024
2024-06-20 12:00:00+00:00|1.0|vol_trans_fade_h1_low_to_high_h12_tp06_sl065,2024-06-20 12:00:00+00:00,STAGE28A,data/reports/stage28a_discovery_factory_batch_runner/stage28a_exact_trades.csv,volatility_transition_v1,vol_trans_fade_h1_low_to_high_h12_tp06_sl065,1.2303999999998267,0.1803999999998269,-0.5196000000001728,1,0,1,0,0.1803999999998269,11.2800000000002,11.260000000000218,0.3152753108348235,14.260000000000218,0.03366058906030932,6.200000000000273,4.154000000000042,0.124,1.0,,,12,3,6.0,2024
2024-06-21 12:00:00+00:00|-1.0|vol_trans_fade_h1_low_to_high_h12_tp06_sl065,2024-06-21 12:00:00+00:00,STAGE28A,data/reports/stage28a_discovery_factory_batch_runner/stage28a_exact_trades.csv,volatility_transition_v1,vol_trans_fade_h1_low_to_high_h12_tp06_sl065,1.0734999999998762,0.0234999999998763,-0.6765000000001233,1,0,0,0,0.0234999999998763,37.65000000000009,7.75,0.3496774193548434,13.009999999999764,0.13374327440432499,5.489999999999782,5.452500000000032,0.532,-1.0,,,12,4,6.0,2024
2024-06-24 12:00:00+00:00|1.0|vol_trans_fade_h1_low_to_high_h12_tp06_sl065,2024-06-24 12:00:00+00:00,STAGE28A,data/reports/stage28a_discovery_factory_batch_runner/stage28a_exact_trades.csv,volatility_transition_v1,vol_trans_fade_h1_low_to_high_h12_tp06_sl065,1.0819000000000414,0.0319000000000415,-0.6680999999999582,1,0,0,0,0.0319000000000415,4.9099999999998545,8.980000000000018,0.4376391982182437,11.960000000000036,0.033444816053519205,3.630000000000109,5.407500000000004,0.528,1.0,,,12,0,6.0,2024
2024-06-25 12:00:00+00:00|-1.0|vol_trans_fade_h1_low_to_high_h12_tp06_sl065,2024-06-25 12:00:00+00:00,STAGE28A,data/reports/stage28a_discovery_factory_batch_runner/stage28a_exact_trades.csv,volatility_transition_v1,vol_trans_fade_h1_low_to_high_h12_tp06_sl065,-1.8245250000000848,-2.874525000000085,-3.5745250000000848,0,0,0,0,2.874525000000085,17.15000000000009,11.150000000000091,0.6852017937219969,11.319999999999709,0.7915194346289989,7.620000000000346,4.339999999999941,0.196,-1.0,,,12,1,6.0,2024
2024-06-26 12:00:00+00:00|1.0|vol_trans_fade_h1_low_to_high_h12_tp06_sl065,2024-06-26 12:00:00+00:00,STAGE28A,data/reports/stage28a_discovery_factory_batch_runner/stage28a_exact_trades.csv,volatility_transition_v1,vol_trans_fade_h1_low_to_high_h12_tp06_sl065,1.2247000000001207,0.1747000000001208,-0.5252999999998789,1,0,1,0,0.1747000000001208,21.789999999999964,13.350000000000364,0.2636704119850102,8.690000000000055,0.11047180667434181,5.120000000000346,5.569000000000051,0.596,1.0,,,12,2,6.0,2024
2024-06-27 12:00:00+00:00|-1.0|vol_trans_fade_h1_low_to_high_h12_tp06_sl065,2024-06-27 12:00:00+00:00,STAGE28A,data/reports/stage28a_discovery_factory_batch_runner/stage28a_exact_trades.csv,volatility_transition_v1,vol_trans_fade_h1_low_to_high_h12_tp06_sl065,0.9814000000000306,-0.0685999999999693,-0.7685999999999691,0,0,0,0,0.0685999999999693,30.350000000000364,3.3899999999998727,0.22123893805310565,17.429999999999836,0.7917383820998457,6.349999999999909,4.153999999999951,0.136,-1.0,,,12,3,6.0,2024
2024-06-28 12:00:00+00:00|-1.0|vol_trans_fade_h1_low_to_high_h12_tp06_sl065,2024-06-28 12:00:00+00:00,STAGE28A,data/reports/stage28a_discovery_factory_batch_runner/stage28a_exact_trades.csv,volatility_transition_v1,vol_trans_fade_h1_low_to_high_h12_tp06_sl065,0.8571999999998298,-0.1928000000001701,-0.8928000000001699,0,0,0,0,0.1928000000001701,34.58999999999969,9.269999999999982,0.5587918015102316,12.099999999999909,0.7033057851239527,5.400000000000091,4.125000000000045,0.16,-1.0,,,12,4,6.0,2024
2024-07-01 12:00:00+00:00|-1.0|vol_trans_fade_h1_low_to_high_h12_tp06_sl065,2024-07-01 12:00:00+00:00,STAGE28A,data/reports/stage28a_discovery_factory_batch_runner/stage28a_exact_trades.csv,volatility_transition_v1,vol_trans_fade_h1_low_to_high_h12_tp06_sl065,1.2418000000001483,0.1918000000001485,-0.5081999999998512,1,0,1,0,0.1918000000001485,4.139999999999873,6.389999999999873,0.03442879499214465,10.980000000000018,0.24590163934424533,4.360000000000127,4.622499999999991,0.38,-1.0,,,12,0,7.0,2024
2024-07-02 12:00:00+00:00|-1.0|vol_trans_fade_h1_low_to_high_h12_tp06_sl065,2024-07-02 12:00:00+00:00,STAGE28A,data/reports/stage28a_discovery_factory_batch_runner/stage28a_exact_trades.csv,volatility_transition_v1,vol_trans_fade_h1_low_to_high_h12_tp06_sl065,1.0156000000000858,-0.034399999999914,-0.7343999999999138,0,0,0,0,0.034399999999914,20.0,8.61999999999989,0.6705336426913943,9.099999999999909,0.1329670329670383,4.010000000000218,4.347000000000048,0.256,-1.0,,,12,1,7.0,2024
2024-07-03 12:00:00+00:00|1.0|vol_trans_fade_h1_low_to_high_h12_tp06_sl065,2024-07-03 12:00:00+00:00,STAGE28A,data/reports/stage28a_discovery_factory_batch_runner/stage28a_exact_trades.csv,volatility_transition_v1,vol_trans_fade_h1_low_to_high_h12_tp06_sl065,-1.94802499999978,-2.9980249999997794,-3.698024999999779,0,0,0,0,2.9980249999997794,17.820000000000164,5.660000000000309,0.28798586572430485,15.799999999999727,0.9164556962025199,4.440000000000055,4.7125,0.412,1.0,,,12,2,7.0,2024
2024-07-04 12:00:00+00:00|-1.0|vol_trans_fade_h1_low_to_high_h12_tp06_sl065,2024-07-04 12:00:00+00:00,STAGE28A,data/reports/stage28a_discovery_factory_batch_runner/stage28a_exact_trades.csv,volatility_transition_v1,vol_trans_fade_h1_low_to_high_h12_tp06_sl065,-1.7608249999999317,-2.8108249999999315,-3.5108249999999317,0,0,0,0,2.8108249999999315,38.039999999999964,6.5900000000001455,0.12139605462824951,9.259999999999764,0.0377969762419409,4.089999999999691,4.4914999999999505,0.276,-1.0,,,12,3,7.0,2024
2024-07-08 12:00:00+00:00|1.0|vol_trans_fade_h1_low_to_high_h12_tp06_sl065,2024-07-08 12:00:00+00:00,STAGE28A,data/reports/stage28a_discovery_factory_batch_runner/stage28a_exact_trades.csv,volatility_transition_v1,vol_trans_fade_h1_low_to_high_h12_tp06_sl065,-1.8628749999998944,-2.9128749999998944,-3.612874999999894,0,0,0,0,2.9128749999998944,5.289999999999964,10.420000000000073,0.22936660268716993,18.5,0.6929729729729818,6.820000000000164,5.284999999999991,0.664,1.0,,,12,0,7.0,2024
2024-07-09 12:00:00+00:00|-1.0|vol_trans_fade_h1_low_to_high_h12_tp06_sl065,2024-07-09 12:00:00+00:00,STAGE28A,data/reports/stage28a_discovery_factory_batch_runner/stage28a_exact_trades.csv,volatility_transition_v1,vol_trans_fade_h1_low_to_high_h12_tp06_sl065,0.7894000000000233,-0.2605999999999766,-0.9605999999999764,0,0,0,0,0.2605999999999766,40.36999999999989,9.490000000000236,0.8303477344573144,10.409999999999854,0.3170028818443586,3.7199999999998,5.04549999999997,0.528,-1.0,,,12,1,7.0,2024
2024-07-10 12:00:00+00:00|-1.0|vol_trans_fade_h1_low_to_high_h12_tp06_sl065,2024-07-10 12:00:00+00:00,STAGE28A,data/reports/stage28a_discovery_factory_batch_runner/stage28a_exact_trades.csv,volatility_transition_v1,vol_trans_fade_h1_low_to_high_h12_tp06_sl065,-1.5394999999999528,-2.5894999999999526,-3.2894999999999524,0,0,0,0,2.5894999999999526,22.20999999999958,7.329999999999927,0.5184174624829767,8.309999999999945,0.4500601684716975,2.7399999999997817,4.854500000000007,0.428,-1.0,,,12,2,7.0,2024
2024-07-11 12:00:00+00:00|-1.0|vol_trans_fade_h1_low_to_high_h12_tp06_sl065,2024-07-11 12:00:00+00:00,STAGE28A,data/reports/stage28a_discovery_factory_batch_runner/stage28a_exact_trades.csv,volatility_transition_v1,vol_trans_fade_h1_low_to_high_h12_tp06_sl065,1.0185999999997877,-0.0314000000002123,-0.7314000000002121,0,0,0,0,0.0314000000002123,23.670000000000073,9.08999999999969,0.6567656765677071,6.099999999999909,0.8606557377049309,4.450000000000273,4.125500000000011,0.212,-1.0,,,12,3,7.0,2024
2024-07-12 12:00:00+00:00|-1.0|vol_trans_fade_h1_low_to_high_h12_tp06_sl065,2024-07-12 12:00:00+00:00,STAGE28A,data/reports/stage28a_discovery_factory_batch_runner/stage28a_exact_trades.csv,volatility_transition_v1,vol_trans_fade_h1_low_to_high_h12_tp06_sl065,1.0743999999998777,0.0243999999998778,-0.6756000000001219,1,0,0,0,0.0243999999998778,53.38999999999987,9.550000000000182,0.5350785340313692,9.760000000000218,0.3893442622950453,4.380000000000109,5.974000000000023,0.86,-1.0,,,12,4,7.0,2024
2024-07-15 12:00:00+00:00|-1.0|vol_trans_fade_h1_low_to_high_h12_tp06_sl065,2024-07-15 12:00:00+00:00,STAGE28A,data/reports/stage28a_discovery_factory_batch_runner/stage28a_exact_trades.csv,volatility_transition_v1,vol_trans_fade_h1_low_to_high_h12_tp06_sl065,1.0165000000000872,-0.0334999999999126,-0.7334999999999123,0,0,0,0,0.0334999999999126,7.980000000000018,9.950000000000273,0.40703517587940413,12.690000000000055,0.06619385342790716,5.1599999999998545,4.639499999999998,0.3,-1.0,,,12,0,7.0,2024
2024-07-16 12:00:00+00:00|1.0|vol_trans_fade_h1_low_to_high_h12_tp06_sl065,2024-07-16 12:00:00+00:00,STAGE28A,data/reports/stage28a_discovery_factory_batch_runner/stage28a_exact_trades.csv,volatility_transition_v1,vol_trans_fade_h1_low_to_high_h12_tp06_sl065,-2.179099999999926,-3.2290999999999257,-3.929099999999925,0,0,0,1,3.2290999999999257,38.409999999999854,11.559999999999945,0.6643598615916845,18.269999999999982,0.75478927203065,4.890000000000327,5.369000000000005,0.652,1.0,,,12,1,7.0,2024
2024-07-17 12:00:00+00:00|-1.0|vol_trans_fade_h1_low_to_high_h12_tp06_sl065,2024-07-17 12:00:00+00:00,STAGE28A,data/reports/stage28a_discovery_factory_batch_runner/stage28a_exact_trades.csv,volatility_transition_v1,vol_trans_fade_h1_low_to_high_h12_tp06_sl065,-2.6763499999998204,-3.72634999999982,-4.42634999999982,0,0,0,1,3.72634999999982,49.659999999999854,18.299999999999727,0.15191256830602412,17.019999999999982,0.18801410105759556,7.339999999999691,7.746000000000004,0.984,-1.0,,,12,2,7.0,2024
2024-07-18 12:00:00+00:00|1.0|vol_trans_fade_h1_low_to_high_h12_tp06_sl065,2024-07-18 12:00:00+00:00,STAGE28A,data/reports/stage28a_discovery_factory_batch_runner/stage28a_exact_trades.csv,volatility_transition_v1,vol_trans_fade_h1_low_to_high_h12_tp06_sl065,-2.0504000000001725,-3.1004000000001724,-3.800400000000172,0,0,0,1,3.1004000000001724,32.25999999999976,11.519999999999982,0.7647569444444409,10.329999999999927,0.23523717328168958,8.079999999999927,6.480000000000018,0.78,1.0,,,12,3,7.0,2024
2024-07-19 12:00:00+00:00|-1.0|vol_trans_fade_h1_low_to_high_h12_tp06_sl065,2024-07-19 12:00:00+00:00,STAGE28A,data/reports/stage28a_discovery_factory_batch_runner/stage28a_exact_trades.csv,volatility_transition_v1,vol_trans_fade_h1_low_to_high_h12_tp06_sl065,2.0547999999997955,1.0047999999997956,0.3047999999997959,1,1,1,0,1.0047999999997956,34.84999999999991,24.679999999999836,0.6288492706645091,16.5,0.7678787878787923,5.299999999999727,7.181499999999938,0.908,-1.0,,,12,4,7.0,2024
2024-07-22 12:00:00+00:00|1.0|vol_trans_fade_h1_low_to_high_h12_tp06_sl065,2024-07-22 12:00:00+00:00,STAGE28A,data/reports/stage28a_discovery_factory_batch_runner/stage28a_exact_trades.csv,volatility_transition_v1,vol_trans_fade_h1_low_to_high_h12_tp06_sl065,-2.233049999999912,-3.283049999999912,-3.983049999999912,0,0,0,1,3.283049999999912,11.319999999999709,11.819999999999709,0.38494077834181845,8.450000000000273,0.2816568047337316,4.800000000000182,5.591500000000042,0.484,1.0,,,12,0,7.0,2024
2024-07-23 12:00:00+00:00|-1.0|vol_trans_fade_h1_low_to_high_h12_tp06_sl065,2024-07-23 12:00:00+00:00,STAGE28A,data/reports/stage28a_discovery_factory_batch_runner/stage28a_exact_trades.csv,volatility_transition_v1,vol_trans_fade_h1_low_to_high_h12_tp06_sl065,1.6411000000001876,0.5911000000001878,-0.1088999999998119,1,0,1,0,0.5911000000001878,28.23999999999978,9.199999999999818,0.34239130434784276,20.019999999999982,0.43806193806193755,11.009999999999764,5.577000000000021,0.476,-1.0,,,12,1,7.0,2024
2024-07-24 12:00:00+00:00|1.0|vol_trans_fade_h1_low_to_high_h12_tp06_sl065,2024-07-24 12:00:00+00:00,STAGE28A,data/reports/stage28a_discovery_factory_batch_runner/stage28a_exact_trades.csv,volatility_transition_v1,vol_trans_fade_h1_low_to_high_h12_tp06_sl065,-1.9519249999999373,-3.0019249999999373,-3.701924999999937,0,0,0,0,3.0019249999999373,23.950000000000273,13.399999999999636,0.53358208955226,9.379999999999654,0.32622601279323166,4.459999999999582,4.633999999999924,0.124,1.0,,,12,2,7.0,2024
2024-07-25 12:00:00+00:00|-1.0|vol_trans_fade_h1_low_to_high_h12_tp06_sl065,2024-07-25 12:00:00+00:00,STAGE28A,data/reports/stage28a_discovery_factory_batch_runner/stage28a_exact_trades.csv,volatility_transition_v1,vol_trans_fade_h1_low_to_high_h12_tp06_sl065,2.0451999999999315,0.9951999999999316,0.2951999999999319,1,1,1,0,0.9951999999999316,35.4699999999998,34.38999999999987,0.6685082872928138,12.909999999999854,0.0859798605732099,5.5900000000001455,8.804499999999939,0.992,-1.0,,,12,3,7.0,2024
2024-07-26 12:00:00+00:00|-1.0|vol_trans_fade_h1_low_to_high_h12_tp06_sl065,2024-07-26 12:00:00+00:00,STAGE28A,data/reports/stage28a_discovery_factory_batch_runner/stage28a_exact_trades.csv,volatility_transition_v1,vol_trans_fade_h1_low_to_high_h12_tp06_sl065,1.4095000000001163,0.3595000000001165,-0.3404999999998832,1,0,1,0,0.3595000000001165,48.190000000000055,23.550000000000182,0.36390658174096147,10.0300000000002,0.19541375872382824,4.779999999999745,7.155000000000018,0.74,-1.0,,,12,4,7.0,2024
2024-07-29 12:00:00+00:00|1.0|vol_trans_fade_h1_low_to_high_h12_tp06_sl065,2024-07-29 12:00:00+00:00,STAGE28A,data/reports/stage28a_discovery_factory_batch_runner/stage28a_exact_trades.csv,volatility_transition_v1,vol_trans_fade_h1_low_to_high_h12_tp06_sl065,-2.1927499999997964,-3.242749999999796,-3.942749999999796,0,0,0,1,3.242749999999796,16.730000000000018,16.730000000000018,0.06933652121938481,9.190000000000055,0.17954298150159156,5.75,6.686499999999978,0.596,1.0,,,12,0,7.0,2024
2024-07-30 12:00:00+00:00|1.0|vol_trans_fade_h1_low_to_high_h12_tp06_sl065,2024-07-30 12:00:00+00:00,STAGE28A,data/reports/stage28a_discovery_factory_batch_runner/stage28a_exact_trades.csv,volatility_transition_v1,vol_trans_fade_h1_low_to_high_h12_tp06_sl065,-1.7123999999999795,-2.7623999999999795,-3.4623999999999797,0,0,0,0,2.7623999999999795,33.460000000000036,9.460000000000036,0.18181818181820805,6.4099999999998545,0.5397815912636684,2.9400000000000546,5.174500000000035,0.116,1.0,,,12,1,7.0,2024
2024-07-31 12:00:00+00:00|-1.0|vol_trans_fade_h1_low_to_high_h12_tp06_sl065,2024-07-31 12:00:00+00:00,STAGE28A,data/reports/stage28a_discovery_factory_batch_runner/stage28a_exact_trades.csv,volatility_transition_v1,vol_trans_fade_h1_low_to_high_h12_tp06_sl065,1.495900000000256,0.4459000000002562,-0.2540999999997435,1,0,1,0,0.4459000000002562,36.43000000000029,15.139999999999873,0.47159841479523995,10.990000000000236,0.4003639672429478,6.330000000000382,6.8365000000000915,0.664,-1.0,,,12,2,7.0,2024
2024-08-01 12:00:00+00:00|1.0|vol_trans_fade_h1_low_to_high_h12_tp06_sl065,2024-08-01 12:00:00+00:00,STAGE28A,data/reports/stage28a_discovery_factory_batch_runner/stage28a_exact_trades.csv,volatility_transition_v1,vol_trans_fade_h1_low_to_high_h12_tp06_sl065,1.3758999999999104,0.3258999999999106,-0.3741000000000891,1,0,1,0,0.3258999999999106,46.98999999999978,20.950000000000273,0.23293556085919073,18.829999999999927,0.5268189060010439,9.230000000000018,7.180000000000018,0.82,1.0,,,12,3,8.0,2024
2024-08-02 12:00:00+00:00|-1.0|vol_trans_fade_h1_low_to_high_h12_tp06_sl065,2024-08-02 12:00:00+00:00,STAGE28A,data/reports/stage28a_discovery_factory_batch_runner/stage28a_exact_trades.csv,volatility_transition_v1,vol_trans_fade_h1_low_to_high_h12_tp06_sl065,1.678600000000097,0.6286000000000969,-0.0713999999999028,1,0,1,0,0.6286000000000969,32.190000000000055,24.539999999999964,0.3793806030970014,14.139999999999873,0.6605374823196768,4.380000000000109,7.541000000000031,0.816,-1.0,,,12,4,8.0,2024
2024-08-05 12:00:00+00:00|1.0|vol_trans_fade_h1_low_to_high_h12_tp06_sl065,2024-08-05 12:00:00+00:00,STAGE28A,data/reports/stage28a_discovery_factory_batch_runner/stage28a_exact_trades.csv,volatility_transition_v1,vol_trans_fade_h1_low_to_high_h12_tp06_sl065,-4.602300000000104,-5.652300000000105,-6.352300000000104,0,0,0,1,5.652300000000105,9.230000000000018,38.48999999999978,0.24941543257990176,39.67000000000007,0.6765817998487547,11.070000000000164,14.914500000000066,0.992,1.0,,,12,0,8.0,2024
2024-08-06 12:00:00+00:00|-1.0|vol_trans_fade_h1_low_to_high_h12_tp06_sl065,2024-08-06 12:00:00+00:00,STAGE28A,data/reports/stage28a_discovery_factory_batch_runner/stage28a_exact_trades.csv,volatility_transition_v1,vol_trans_fade_h1_low_to_high_h12_tp06_sl065,-3.5132250000002387,-4.563225000000239,-5.263225000000238,0,0,0,1,4.563225000000239,94.65999999999985,13.960000000000036,0.005014326647576184,20.720000000000255,0.20945945945944197,7.2599999999997635,9.12300000000007,0.8,-1.0,,,12,1,8.0,2024
2024-08-07 12:00:00+00:00|-1.0|vol_trans_fade_h1_low_to_high_h12_tp06_sl065,2024-08-07 12:00:00+00:00,STAGE28A,data/reports/stage28a_discovery_factory_batch_runner/stage28a_exact_trades.csv,volatility_transition_v1,vol_trans_fade_h1_low_to_high_h12_tp06_sl065,1.4628999999998995,0.4128999999998997,-0.2871000000001,1,0,1,0,0.4128999999998997,36.63000000000011,11.710000000000036,0.22715627668657953,11.829999999999927,0.7007607776838558,5.289999999999964,7.1524999999999865,0.5,-1.0,,,12,2,8.0,2024
2024-08-08 12:00:00+00:00|1.0|vol_trans_fade_h1_low_to_high_h12_tp06_sl065,2024-08-08 12:00:00+00:00,STAGE28A,data/reports/stage28a_discovery_factory_batch_runner/stage28a_exact_trades.csv,volatility_transition_v1,vol_trans_fade_h1_low_to_high_h12_tp06_sl065,1.730500000000029,0.6805000000000292,-0.0194999999999705,1,0,1,0,0.6805000000000292,28.01000000000022,14.150000000000091,0.7519434628975127,15.019999999999982,0.1291611185086589,5.230000000000018,5.8295000000000075,0.14,1.0,,,12,3,8.0,2024
2024-08-09 12:00:00+00:00|-1.0|vol_trans_fade_h1_low_to_high_h12_tp06_sl065,2024-08-09 12:00:00+00:00,STAGE28A,data/reports/stage28a_discovery_factory_batch_runner/stage28a_exact_trades.csv,volatility_transition_v1,vol_trans_fade_h1_low_to_high_h12_tp06_sl065,-2.08615000000018,-3.13615000000018,-3.8361500000001794,0,0,0,1,3.13615000000018,47.190000000000055,9.679999999999836,0.4845041322314188,10.159999999999854,0.24606299212598778,4.4900000000002365,6.128500000000008,0.208,-1.0,,,12,4,8.0,2024
2024-08-12 12:00:00+00:00|-1.0|vol_trans_fade_h1_low_to_high_h12_tp06_sl065,2024-08-12 12:00:00+00:00,STAGE28A,data/reports/stage28a_discovery_factory_batch_runner/stage28a_exact_trades.csv,volatility_transition_v1,vol_trans_fade_h1_low_to_high_h12_tp06_sl065,-1.96200000000008,-3.01200000000008,-3.71200000000008,0,0,0,0,3.01200000000008,6.519999999999982,9.389999999999873,0.19914802981894741,16.960000000000036,0.8384433962264283,4.190000000000055,4.987000000000012,0.032,-1.0,,,12,0,8.0,2024
2024-08-13 12:00:00+00:00|1.0|vol_trans_fade_h1_low_to_high_h12_tp06_sl065,2024-08-13 12:00:00+00:00,STAGE28A,data/reports/stage28a_discovery_factory_batch_runner/stage28a_exact_trades.csv,volatility_transition_v1,vol_trans_fade_h1_low_to_high_h12_tp06_sl065,1.325499999999829,0.2754999999998291,-0.4245000000001706,1,0,1,0,0.2754999999998291,50.149999999999636,16.190000000000055,0.6331068560840003,7.660000000000309,0.3694516971279129,5.360000000000127,6.175000000000068,0.388,1.0,,,12,1,8.0,2024
2024-08-14 12:00:00+00:00|-1.0|vol_trans_fade_h1_low_to_high_h12_tp06_sl065,2024-08-14 12:00:00+00:00,STAGE28A,data/reports/stage28a_discovery_factory_batch_runner/stage28a_exact_trades.csv,volatility_transition_v1,vol_trans_fade_h1_low_to_high_h12_tp06_sl065,1.2177999999998064,0.1677999999998065,-0.5322000000001932,1,0,1,0,0.1677999999998065,18.51000000000022,17.210000000000036,0.2719349215572505,19.289999999999964,0.6174183514774431,9.860000000000127,5.772500000000036,0.212,-1.0,,,12,2,8.0,2024
2024-08-15 12:00:00+00:00|1.0|vol_trans_fade_h1_low_to_high_h12_tp06_sl065,2024-08-15 12:00:00+00:00,STAGE28A,data/reports/stage28a_discovery_factory_batch_runner/stage28a_exact_trades.csv,volatility_transition_v1,vol_trans_fade_h1_low_to_high_h12_tp06_sl065,0.9625,-0.0874999999999999,-0.7874999999999996,0,0,0,0,0.0874999999999999,41.86000000000013,7.900000000000091,0.7367088607595059,8.480000000000018,0.36320754716980197,3.649999999999636,5.4629999999999885,0.1,1.0,,,12,3,8.0,2024
2024-08-16 12:00:00+00:00|-1.0|vol_trans_fade_h1_low_to_high_h12_tp06_sl065,2024-08-16 12:00:00+00:00,STAGE28A,data/reports/stage28a_discovery_factory_batch_runner/stage28a_exact_trades.csv,volatility_transition_v1,vol_trans_fade_h1_low_to_high_h12_tp06_sl065,-1.9278749999999487,-2.977874999999949,-3.6778749999999487,0,0,0,0,2.977874999999949,37.90000000000009,9.2199999999998,0.26030368763559036,13.390000000000327,0.8110530246452473,4.860000000000127,5.788000000000056,0.236,-1.0,,,12,4,8.0,2024
2024-08-19 12:00:00+00:00|-1.0|vol_trans_fade_h1_low_to_high_h12_tp06_sl065,2024-08-19 12:00:00+00:00,STAGE28A,data/reports/stage28a_discovery_factory_batch_runner/stage28a_exact_trades.csv,volatility_transition_v1,vol_trans_fade_h1_low_to_high_h12_tp06_sl065,1.3441000000001622,0.2941000000001623,-0.4058999999998374,1,0,1,0,0.2941000000001623,7.760000000000218,14.5,0.1165517241379348,8.319999999999709,0.3978365384615458,4.849999999999909,6.647000000000025,0.552,-1.0,,,12,0,8.0,2024
2024-08-20 12:00:00+00:00|-1.0|vol_trans_fade_h1_low_to_high_h12_tp06_sl065,2024-08-20 12:00:00+00:00,STAGE28A,data/reports/stage28a_discovery_factory_batch_runner/stage28a_exact_trades.csv,volatility_transition_v1,vol_trans_fade_h1_low_to_high_h12_tp06_sl065,1.975600000000122,0.9256000000001224,0.2256000000001226,1,1,1,0,0.9256000000001224,23.800000000000182,9.5,0.2642105263157646,27.909999999999854,0.7115729129344404,8.679999999999836,5.376499999999988,0.148,-1.0,,,12,1,8.0,2024
2024-08-21 12:00:00+00:00|1.0|vol_trans_fade_h1_low_to_high_h12_tp06_sl065,2024-08-21 12:00:00+00:00,STAGE28A,data/reports/stage28a_discovery_factory_batch_runner/stage28a_exact_trades.csv,volatility_transition_v1,vol_trans_fade_h1_low_to_high_h12_tp06_sl065,1.4823999999997794,0.4323999999997796,-0.2676000000002201,1,0,1,0,0.4323999999997796,34.36999999999989,9.070000000000164,0.2987872105843426,15.009999999999764,0.7854763491006096,5.470000000000255,6.460000000000082,0.596,1.0,,,12,2,8.0,2024
2024-08-22 12:00:00+00:00|1.0|vol_trans_fade_h1_low_to_high_h12_tp06_sl065,2024-08-22 12:00:00+00:00,STAGE28A,data/reports/stage28a_discovery_factory_batch_runner/stage28a_exact_trades.csv,volatility_transition_v1,vol_trans_fade_h1_low_to_high_h12_tp06_sl065,1.4434000000000196,0.3934000000000197,-0.30659999999998,1,0,1,0,0.3934000000000197,26.590000000000146,14.809999999999945,0.7758271438217609,11.340000000000146,0.4276895943562876,5.0,6.161500000000023,0.504,1.0,,,12,3,8.0,2024
2024-08-23 12:00:00+00:00|-1.0|vol_trans_fade_h1_low_to_high_h12_tp06_sl065,2024-08-23 12:00:00+00:00,STAGE28A,data/reports/stage28a_discovery_factory_batch_runner/stage28a_exact_trades.csv,volatility_transition_v1,vol_trans_fade_h1_low_to_high_h12_tp06_sl065,0.960399999999845,-0.0896000000001548,-0.7896000000001546,0,0,0,0,0.0896000000001548,44.07999999999993,10.150000000000091,0.8068965517241361,11.450000000000273,0.5152838427947157,7.0300000000002,5.575499999999988,0.272,-1.0,,,12,4,8.0,2024
2024-08-26 12:00:00+00:00|-1.0|vol_trans_fade_h1_low_to_high_h12_tp06_sl065,2024-08-26 12:00:00+00:00,STAGE28A,data/reports/stage28a_discovery_factory_batch_runner/stage28a_exact_trades.csv,volatility_transition_v1,vol_trans_fade_h1_low_to_high_h12_tp06_sl065,1.0372000000001207,-0.0127999999998791,-0.7127999999998789,0,0,0,0,0.0127999999998791,3.9699999999998,7.550000000000182,0.3894039735099316,17.070000000000164,0.8904510837727081,5.039999999999964,5.440499999999974,0.22,-1.0,,,12,0,8.0,2024
2024-08-27 12:00:00+00:00|-1.0|vol_trans_fade_h1_low_to_high_h12_tp06_sl065,2024-08-27 12:00:00+00:00,STAGE28A,data/reports/stage28a_discovery_factory_batch_runner/stage28a_exact_trades.csv,volatility_transition_v1,vol_trans_fade_h1_low_to_high_h12_tp06_sl065,1.5558999999997467,0.5058999999997469,-0.1941000000002528,1,0,1,0,0.5058999999997469,18.050000000000182,11.989999999999782,0.6905754795662966,13.979999999999563,0.006437768240353958,9.009999999999764,5.43299999999997,0.276,-1.0,,,12,1,8.0,2024
2024-08-28 12:00:00+00:00|1.0|vol_trans_fade_h1_low_to_high_h12_tp06_sl065,2024-08-28 12:00:00+00:00,STAGE28A,data/reports/stage28a_discovery_factory_batch_runner/stage28a_exact_trades.csv,volatility_transition_v1,vol_trans_fade_h1_low_to_high_h12_tp06_sl065,1.2438999999998486,0.1938999999998487,-0.506100000000151,1,0,1,0,0.1938999999998487,22.4399999999996,15.88000000000011,0.6190176322418047,12.849999999999909,0.4513618677042621,3.7599999999997635,5.485499999999979,0.304,1.0,,,12,2,8.0,2024
2024-08-29 12:00:00+00:00|1.0|vol_trans_fade_h1_low_to_high_h12_tp06_sl065,2024-08-29 12:00:00+00:00,STAGE28A,data/reports/stage28a_discovery_factory_batch_runner/stage28a_exact_trades.csv,volatility_transition_v1,vol_trans_fade_h1_low_to_high_h12_tp06_sl065,-2.056250000000182,-3.106250000000182,-3.8062500000001815,0,0,0,1,3.106250000000182,35.45000000000027,12.860000000000127,0.7449455676516199,10.539999999999964,0.5910815939278975,4.980000000000018,4.961999999999989,0.148,1.0,,,12,3,8.0,2024
2024-08-30 12:00:00+00:00|-1.0|vol_trans_fade_h1_low_to_high_h12_tp06_sl065,2024-08-30 12:00:00+00:00,STAGE28A,data/reports/stage28a_discovery_factory_batch_runner/stage28a_exact_trades.csv,volatility_transition_v1,vol_trans_fade_h1_low_to_high_h12_tp06_sl065,1.3729000000002087,0.3229000000002089,-0.3770999999997908,1,0,1,0,0.3229000000002089,25.059999999999945,9.490000000000236,0.7766069546891157,14.860000000000127,0.7301480484522084,7.829999999999927,5.143500000000017,0.22,-1.0,,,12,4,8.0,2024
2024-09-02 12:00:00+00:00|-1.0|vol_trans_fade_h1_low_to_high_h12_tp06_sl065,2024-09-02 12:00:00+00:00,STAGE28A,data/reports/stage28a_discovery_factory_batch_runner/stage28a_exact_trades.csv,volatility_transition_v1,vol_trans_fade_h1_low_to_high_h12_tp06_sl065,-2.224275000000125,-3.274275000000125,-3.974275000000125,0,0,0,1,3.274275000000125,3.4899999999997817,14.970000000000255,0.4736138944555795,12.0,0.2233333333333197,10.010000000000218,5.512000000000012,0.4,-1.0,,,12,0,9.0,2024
2024-09-04 12:00:00+00:00|1.0|vol_trans_fade_h1_low_to_high_h12_tp06_sl065,2024-09-04 12:00:00+00:00,STAGE28A,data/reports/stage28a_discovery_factory_batch_runner/stage28a_exact_trades.csv,volatility_transition_v1,vol_trans_fade_h1_low_to_high_h12_tp06_sl065,1.4677000000000588,0.417700000000059,-0.2822999999999407,1,0,1,0,0.417700000000059,32.80000000000018,5.679999999999836,0.32922535211266635,24.890000000000327,0.5355564483728488,10.740000000000236,6.1079999999999925,0.7,1.0,,,12,2,9.0,2024
2024-09-05 12:00:00+00:00|-1.0|vol_trans_fade_h1_low_to_high_h12_tp06_sl065,2024-09-05 12:00:00+00:00,STAGE28A,data/reports/stage28a_discovery_factory_batch_runner/stage28a_exact_trades.csv,volatility_transition_v1,vol_trans_fade_h1_low_to_high_h12_tp06_sl065,1.3605999999998857,0.3105999999998858,-0.3894000000001139,1,0,1,0,0.3105999999998858,28.620000000000346,4.880000000000109,0.08811475409832514,23.409999999999854,0.8821016659547296,10.679999999999836,4.888000000000057,0.232,-1.0,,,12,3,9.0,2024
2024-09-09 12:00:00+00:00|1.0|vol_trans_fade_h1_low_to_high_h12_tp06_sl065,2024-09-09 12:00:00+00:00,STAGE28A,data/reports/stage28a_discovery_factory_batch_runner/stage28a_exact_trades.csv,volatility_transition_v1,vol_trans_fade_h1_low_to_high_h12_tp06_sl065,-2.4826500000000125,-3.5326500000000123,-4.232650000000012,0,0,0,1,3.5326500000000123,2.3200000000001637,5.6599999999998545,0.2473498233215772,13.860000000000127,0.20923520923521388,5.550000000000182,6.637499999999955,0.868,1.0,,,12,0,9.0,2024
2024-09-11 12:00:00+00:00|-1.0|vol_trans_fade_h1_low_to_high_h12_tp06_sl065,2024-09-11 12:00:00+00:00,STAGE28A,data/reports/stage28a_discovery_factory_batch_runner/stage28a_exact_trades.csv,volatility_transition_v1,vol_trans_fade_h1_low_to_high_h12_tp06_sl065,1.2442000000000006,0.1942000000000008,-0.5057999999999989,1,0,1,0,0.1942000000000008,18.289999999999964,7.5300000000002,0.3917662682602576,10.460000000000036,0.35946462715107125,6.429999999999836,4.725500000000011,0.272,-1.0,,,12,2,9.0,2024
2024-09-13 12:00:00+00:00|-1.0|vol_trans_fade_h1_low_to_high_h12_tp06_sl065,2024-09-13 12:00:00+00:00,STAGE28A,data/reports/stage28a_discovery_factory_batch_runner/stage28a_exact_trades.csv,volatility_transition_v1,vol_trans_fade_h1_low_to_high_h12_tp06_sl065,-2.190799999999945,-3.2407999999999446,-3.940799999999944,0,0,0,1,3.2407999999999446,49.059999999999945,13.38000000000011,0.7825112107623104,9.980000000000018,0.0621242484970285,5.279999999999745,6.62950000000003,0.808,-1.0,,,12,4,9.0,2024
2024-09-17 12:00:00+00:00|1.0|vol_trans_fade_h1_low_to_high_h12_tp06_sl065,2024-09-17 12:00:00+00:00,STAGE28A,data/reports/stage28a_discovery_factory_batch_runner/stage28a_exact_trades.csv,volatility_transition_v1,vol_trans_fade_h1_low_to_high_h12_tp06_sl065,1.2474999999998544,0.1974999999998545,-0.5025000000001452,1,0,1,0,0.1974999999998545,14.300000000000182,9.539999999999964,0.6006289308176143,15.289999999999964,0.23806409417919433,6.4900000000002365,4.568000000000097,0.22,1.0,,,12,1,9.0,2024
2024-09-18 12:00:00+00:00|1.0|vol_trans_fade_h1_low_to_high_h12_tp06_sl065,2024-09-18 12:00:00+00:00,STAGE28A,data/reports/stage28a_discovery_factory_batch_runner/stage28a_exact_trades.csv,volatility_transition_v1,vol_trans_fade_h1_low_to_high_h12_tp06_sl065,-1.764075000000139,-2.814075000000139,-3.5140750000001386,0,0,0,0,2.814075000000139,26.2199999999998,8.230000000000018,0.6342648845686255,10.759999999999764,0.369888475836441,3.6799999999998363,5.252999999999952,0.528,1.0,,,12,2,9.0,2024
2024-09-19 12:00:00+00:00|-1.0|vol_trans_fade_h1_low_to_high_h12_tp06_sl065,2024-09-19 12:00:00+00:00,STAGE28A,data/reports/stage28a_discovery_factory_batch_runner/stage28a_exact_trades.csv,volatility_transition_v1,vol_trans_fade_h1_low_to_high_h12_tp06_sl065,1.5523000000001956,0.5023000000001958,-0.1976999999998039,1,0,1,0,0.5023000000001958,53.19999999999982,15.420000000000073,0.30998702983136983,35.34999999999991,0.7932107496463943,5.230000000000018,9.154500000000008,0.996,-1.0,,,12,3,9.0,2024
2024-09-20 12:00:00+00:00|-1.0|vol_trans_fade_h1_low_to_high_h12_tp06_sl065,2024-09-20 12:00:00+00:00,STAGE28A,data/reports/stage28a_discovery_factory_batch_runner/stage28a_exact_trades.csv,volatility_transition_v1,vol_trans_fade_h1_low_to_high_h12_tp06_sl065,1.2940000000002327,0.2440000000002329,-0.4559999999997668,1,0,1,0,0.2440000000002329,43.789999999999964,8.75,0.41142857142856104,21.419999999999618,0.6984126984127126,7.2599999999997635,5.284500000000048,0.492,-1.0,,,12,4,9.0,2024
2024-09-23 12:00:00+00:00|-1.0|vol_trans_fade_h1_low_to_high_h12_tp06_sl065,2024-09-23 12:00:00+00:00,STAGE28A,data/reports/stage28a_discovery_factory_batch_runner/stage28a_exact_trades.csv,volatility_transition_v1,vol_trans_fade_h1_low_to_high_h12_tp06_sl065,-2.1683749999998327,-3.218374999999833,-3.918374999999832,0,0,0,1,3.218374999999833,3.6200000000003456,14.989999999999782,0.5376917945297209,17.51000000000022,0.39634494574528656,5.119999999999891,5.39549999999997,0.472,-1.0,,,12,0,9.0,2024
2024-09-24 12:00:00+00:00|-1.0|vol_trans_fade_h1_low_to_high_h12_tp06_sl065,2024-09-24 12:00:00+00:00,STAGE28A,data/reports/stage28a_discovery_factory_batch_runner/stage28a_exact_trades.csv,volatility_transition_v1,vol_trans_fade_h1_low_to_high_h12_tp06_sl065,-2.565850000000046,-3.6158500000000457,-4.3158500000000455,0,0,0,1,3.6158500000000457,21.01000000000022,12.349999999999909,0.5344129554655837,17.549999999999727,0.1908831908832146,3.5700000000001637,4.837500000000023,0.312,-1.0,,,12,1,9.0,2024
2024-09-25 12:00:00+00:00|1.0|vol_trans_fade_h1_low_to_high_h12_tp06_sl065,2024-09-25 12:00:00+00:00,STAGE28A,data/reports/stage28a_discovery_factory_batch_runner/stage28a_exact_trades.csv,volatility_transition_v1,vol_trans_fade_h1_low_to_high_h12_tp06_sl065,1.400799999999799,0.3507999999997993,-0.3492000000002004,1,0,1,0,0.3507999999997993,41.76999999999998,15.13000000000011,0.15333773959019778,10.159999999999854,0.4498031496063218,3.9699999999998,6.605499999999961,0.74,1.0,,,12,2,9.0,2024
2024-09-26 12:00:00+00:00|-1.0|vol_trans_fade_h1_low_to_high_h12_tp06_sl065,2024-09-26 12:00:00+00:00,STAGE28A,data/reports/stage28a_discovery_factory_batch_runner/stage28a_exact_trades.csv,volatility_transition_v1,vol_trans_fade_h1_low_to_high_h12_tp06_sl065,-1.9373000000001408,-2.987300000000141,-3.687300000000141,0,0,0,0,2.987300000000141,20.829999999999927,7.170000000000073,0.6094839609484382,12.570000000000164,0.49721559268098,5.890000000000327,5.310999999999899,0.412,-1.0,,,12,3,9.0,2024
2024-09-27 12:00:00+00:00|1.0|vol_trans_fade_h1_low_to_high_h12_tp06_sl065,2024-09-27 12:00:00+00:00,STAGE28A,data/reports/stage28a_discovery_factory_batch_runner/stage28a_exact_trades.csv,volatility_transition_v1,vol_trans_fade_h1_low_to_high_h12_tp06_sl065,1.375300000000061,0.3253000000000612,-0.3746999999999385,1,0,1,0,0.3253000000000612,30.809999999999945,7.579999999999927,0.14775725593666247,15.519999999999982,0.6359536082474457,3.5599999999999454,6.439000000000055,0.644,1.0,,,12,4,9.0,2024
2024-09-30 12:00:00+00:00|-1.0|vol_trans_fade_h1_low_to_high_h12_tp06_sl065,2024-09-30 12:00:00+00:00,STAGE28A,data/reports/stage28a_discovery_factory_batch_runner/stage28a_exact_trades.csv,volatility_transition_v1,vol_trans_fade_h1_low_to_high_h12_tp06_sl065,-2.3055249999998524,-3.355524999999852,-4.055524999999852,0,0,0,1,3.355524999999852,6.25,18.659999999999854,0.487674169346194,12.220000000000255,0.3199672667757588,6.019999999999982,7.370499999999993,0.836,-1.0,,,12,0,9.0,2024
2024-10-01 12:00:00+00:00|-1.0|vol_trans_fade_h1_low_to_high_h12_tp06_sl065,2024-10-01 12:00:00+00:00,STAGE28A,data/reports/stage28a_discovery_factory_batch_runner/stage28a_exact_trades.csv,volatility_transition_v1,vol_trans_fade_h1_low_to_high_h12_tp06_sl065,0.9450999999998204,-0.1049000000001796,-0.8049000000001794,0,0,0,0,0.1049000000001796,41.48000000000002,7.730000000000018,0.3842173350582468,11.840000000000146,0.9045608108108028,4.349999999999909,5.171500000000037,0.232,-1.0,,,12,1,10.0,2024
2024-10-02 12:00:00+00:00|1.0|vol_trans_fade_h1_low_to_high_h12_tp06_sl065,2024-10-02 12:00:00+00:00,STAGE28A,data/reports/stage28a_discovery_factory_batch_runner/stage28a_exact_trades.csv,volatility_transition_v1,vol_trans_fade_h1_low_to_high_h12_tp06_sl065,-2.4498249999997825,-3.4998249999997824,-4.199824999999782,0,0,0,1,3.4998249999997824,41.01000000000022,7.730000000000018,0.862871927554988,12.019999999999982,0.20632279534109998,7.299999999999727,7.307000000000016,0.792,1.0,,,12,2,10.0,2024
2024-10-03 12:00:00+00:00|1.0|vol_trans_fade_h1_low_to_high_h12_tp06_sl065,2024-10-03 12:00:00+00:00,STAGE28A,data/reports/stage28a_discovery_factory_batch_runner/stage28a_exact_trades.csv,volatility_transition_v1,vol_trans_fade_h1_low_to_high_h12_tp06_sl065,-2.2392249999998968,-3.2892249999998966,-3.989224999999896,0,0,0,1,3.2892249999998966,22.240000000000236,9.679999999999836,0.3615702479338904,16.659999999999854,0.6818727490996535,5.599999999999909,5.699000000000001,0.328,1.0,,,12,3,10.0,2024
2024-10-04 12:00:00+00:00|1.0|vol_trans_fade_h1_low_to_high_h12_tp06_sl065,2024-10-04 12:00:00+00:00,STAGE28A,data/reports/stage28a_discovery_factory_batch_runner/stage28a_exact_trades.csv,volatility_transition_v1,vol_trans_fade_h1_low_to_high_h12_tp06_sl065,0.972700000000168,-0.0772999999998318,-0.7772999999998316,0,0,0,0,0.0772999999998318,25.61999999999989,9.210000000000036,0.5570032573289999,11.019999999999982,0.33212341197820877,2.730000000000018,5.294999999999982,0.216,1.0,,,12,4,10.0,2024
2024-10-07 12:00:00+00:00|-1.0|vol_trans_fade_h1_low_to_high_h12_tp06_sl065,2024-10-07 12:00:00+00:00,STAGE28A,data/reports/stage28a_discovery_factory_batch_runner/stage28a_exact_trades.csv,volatility_transition_v1,vol_trans_fade_h1_low_to_high_h12_tp06_sl065,-2.067624999999771,-3.1176249999997707,-3.8176249999997705,0,0,0,1,3.1176249999997707,2.680000000000291,8.609999999999673,0.3832752613240775,17.8100000000004,0.5081414935429522,5.269999999999982,6.675000000000023,0.612,-1.0,,,12,0,10.0,2024
2024-10-08 12:00:00+00:00|-1.0|vol_trans_fade_h1_low_to_high_h12_tp06_sl065,2024-10-08 12:00:00+00:00,STAGE28A,data/reports/stage28a_discovery_factory_batch_runner/stage28a_exact_trades.csv,volatility_transition_v1,vol_trans_fade_h1_low_to_high_h12_tp06_sl065,-2.632474999999977,-3.6824749999999766,-4.382474999999976,0,0,0,1,3.6824749999999766,22.019999999999982,15.289999999999964,0.07586657946369244,17.820000000000164,0.08810325476992982,11.650000000000091,7.187499999999909,0.756,-1.0,,,12,1,10.0,2024
2024-10-09 12:00:00+00:00|-1.0|vol_trans_fade_h1_low_to_high_h12_tp06_sl065,2024-10-09 12:00:00+00:00,STAGE28A,data/reports/stage28a_discovery_factory_batch_runner/stage28a_exact_trades.csv,volatility_transition_v1,vol_trans_fade_h1_low_to_high_h12_tp06_sl065,1.4790999999999257,0.4290999999999259,-0.2709000000000738,1,0,1,0,0.4290999999999259,48.34999999999991,9.390000000000327,0.5175718849840211,15.210000000000036,0.05588428665351131,6.869999999999891,7.20300000000002,0.704,-1.0,,,12,2,10.0,2024
2024-10-10 12:00:00+00:00|1.0|vol_trans_fade_h1_low_to_high_h12_tp06_sl065,2024-10-10 12:00:00+00:00,STAGE28A,data/reports/stage28a_discovery_factory_batch_runner/stage28a_exact_trades.csv,volatility_transition_v1,vol_trans_fade_h1_low_to_high_h12_tp06_sl065,1.027599999999802,-0.0224000000001978,-0.7224000000001976,0,0,0,0,0.0224000000001978,19.230000000000018,10.960000000000036,0.2636861313868903,8.2199999999998,0.6630170316301643,3.769999999999982,5.151999999999998,0.088,1.0,,,12,3,10.0,2024
2024-10-11 12:00:00+00:00|1.0|vol_trans_fade_h1_low_to_high_h12_tp06_sl065,2024-10-11 12:00:00+00:00,STAGE28A,data/reports/stage28a_discovery_factory_batch_runner/stage28a_exact_trades.csv,volatility_transition_v1,vol_trans_fade_h1_low_to_high_h12_tp06_sl065,1.0858000000001993,0.0358000000001994,-0.6641999999998003,1,0,0,0,0.0358000000001994,25.800000000000182,17.980000000000018,0.9566184649610567,10.989999999999782,0.6960873521383296,7.139999999999873,6.407000000000016,0.424,1.0,,,12,4,10.0,2024
2024-10-14 12:00:00+00:00|1.0|vol_trans_fade_h1_low_to_high_h12_tp06_sl065,2024-10-14 12:00:00+00:00,STAGE28A,data/reports/stage28a_discovery_factory_batch_runner/stage28a_exact_trades.csv,volatility_transition_v1,vol_trans_fade_h1_low_to_high_h12_tp06_sl065,-2.1706500000001143,-3.220650000000114,-3.920650000000114,0,0,0,1,3.220650000000114,11.429999999999836,14.259999999999764,0.3709677419354875,11.480000000000018,0.24912891986063787,3.5399999999999636,5.671999999999912,0.212,1.0,,,12,0,10.0,2024
2024-10-15 12:00:00+00:00|-1.0|vol_trans_fade_h1_low_to_high_h12_tp06_sl065,2024-10-15 12:00:00+00:00,STAGE28A,data/reports/stage28a_discovery_factory_batch_runner/stage28a_exact_trades.csv,volatility_transition_v1,vol_trans_fade_h1_low_to_high_h12_tp06_sl065,-2.2109499999997757,-3.260949999999775,-3.960949999999775,0,0,0,1,3.260949999999775,23.659999999999854,8.349999999999909,0.5185628742514939,17.829999999999927,0.448121144139081,5.940000000000055,5.407000000000016,0.152,-1.0,,,12,1,10.0,2024
2024-10-16 12:00:00+00:00|-1.0|vol_trans_fade_h1_low_to_high_h12_tp06_sl065,2024-10-16 12:00:00+00:00,STAGE28A,data/reports/stage28a_discovery_factory_batch_runner/stage28a_exact_trades.csv,volatility_transition_v1,vol_trans_fade_h1_low_to_high_h12_tp06_sl065,-2.13229999999985,-3.18229999999985,-3.8822999999998498,0,0,0,1,3.18229999999985,31.110000000000127,11.359999999999673,0.4383802816901551,17.08999999999969,0.7577530719719431,5.489999999999782,5.433999999999992,0.156,-1.0,,,12,2,10.0,2024
2024-10-17 12:00:00+00:00|1.0|vol_trans_fade_h1_low_to_high_h12_tp06_sl065,2024-10-17 12:00:00+00:00,STAGE28A,data/reports/stage28a_discovery_factory_batch_runner/stage28a_exact_trades.csv,volatility_transition_v1,vol_trans_fade_h1_low_to_high_h12_tp06_sl065,-2.1625249999998237,-3.212524999999823,-3.912524999999823,0,0,0,1,3.212524999999823,26.559999999999945,11.63000000000011,0.2579535683576932,9.230000000000018,0.2979414951245931,3.8799999999996544,5.10349999999994,0.08,1.0,,,12,3,10.0,2024
2024-10-18 12:00:00+00:00|-1.0|vol_trans_fade_h1_low_to_high_h12_tp06_sl065,2024-10-18 12:00:00+00:00,STAGE28A,data/reports/stage28a_discovery_factory_batch_runner/stage28a_exact_trades.csv,volatility_transition_v1,vol_trans_fade_h1_low_to_high_h12_tp06_sl065,1.4491000000001804,0.3991000000001805,-0.3008999999998192,1,0,1,0,0.3991000000001805,23.579999999999927,20.360000000000127,0.849214145383097,12.329999999999927,0.11678832116788833,4.550000000000182,5.847000000000025,0.376,-1.0,,,12,4,10.0,2024
2024-10-21 12:00:00+00:00|-1.0|vol_trans_fade_h1_low_to_high_h12_tp06_sl065,2024-10-21 12:00:00+00:00,STAGE28A,data/reports/stage28a_discovery_factory_batch_runner/stage28a_exact_trades.csv,volatility_transition_v1,vol_trans_fade_h1_low_to_high_h12_tp06_sl065,1.1490999999999985,0.0990999999999986,-0.6009000000000011,1,0,0,0,0.0990999999999986,4.5300000000002,13.570000000000164,0.585851142225477,13.420000000000073,0.21833084947837708,3.700000000000273,4.958000000000084,0.064,-1.0,,,12,0,10.0,2024
2024-10-22 12:00:00+00:00|-1.0|vol_trans_fade_h1_low_to_high_h12_tp06_sl065,2024-10-22 12:00:00+00:00,STAGE28A,data/reports/stage28a_discovery_factory_batch_runner/stage28a_exact_trades.csv,volatility_transition_v1,vol_trans_fade_h1_low_to_high_h12_tp06_sl065,1.1737000000001898,0.1237000000001899,-0.5762999999998097,1,0,0,0,0.1237000000001899,26.529999999999745,14.860000000000127,0.6917900403768581,9.539999999999964,0.06918238993709193,6.889999999999873,5.848999999999978,0.44,-1.0,,,12,1,10.0,2024
2024-10-23 12:00:00+00:00|-1.0|vol_trans_fade_h1_low_to_high_h12_tp06_sl065,2024-10-23 12:00:00+00:00,STAGE28A,data/reports/stage28a_discovery_factory_batch_runner/stage28a_exact_trades.csv,volatility_transition_v1,vol_trans_fade_h1_low_to_high_h12_tp06_sl065,-1.8485750000000736,-2.8985750000000734,-3.598575000000073,0,0,0,0,2.8985750000000734,30.76000000000022,10.180000000000291,0.1237721021611181,13.070000000000164,0.3458301453710731,3.7800000000002,5.046000000000004,0.084,-1.0,,,12,2,10.0,2024
2024-10-24 12:00:00+00:00|-1.0|vol_trans_fade_h1_low_to_high_h12_tp06_sl065,2024-10-24 12:00:00+00:00,STAGE28A,data/reports/stage28a_discovery_factory_batch_runner/stage28a_exact_trades.csv,volatility_transition_v1,vol_trans_fade_h1_low_to_high_h12_tp06_sl065,1.1431000000001403,0.0931000000001405,-0.6068999999998592,1,0,0,0,0.0931000000001405,49.92000000000007,12.279999999999745,0.39576547231272213,16.420000000000073,0.8361753958587063,5.430000000000291,6.382000000000062,0.832,-1.0,,,12,3,10.0,2024
2024-10-25 12:00:00+00:00|1.0|vol_trans_fade_h1_low_to_high_h12_tp06_sl065,2024-10-25 12:00:00+00:00,STAGE28A,data/reports/stage28a_discovery_factory_batch_runner/stage28a_exact_trades.csv,volatility_transition_v1,vol_trans_fade_h1_low_to_high_h12_tp06_sl065,-2.101749999999902,-3.1517499999999017,-3.851749999999901,0,0,0,1,3.1517499999999017,29.029999999999745,11.730000000000018,0.7357203751065725,15.730000000000018,0.3146853146853317,8.179999999999836,5.500499999999965,0.32,1.0,,,12,4,10.0,2024
2024-10-28 12:00:00+00:00|1.0|vol_trans_fade_h1_low_to_high_h12_tp06_sl065,2024-10-28 12:00:00+00:00,STAGE28A,data/reports/stage28a_discovery_factory_batch_runner/stage28a_exact_trades.csv,volatility_transition_v1,vol_trans_fade_h1_low_to_high_h12_tp06_sl065,1.9345000000002075,0.8845000000002075,0.1845000000002077,1,1,1,0,0.8845000000002075,10.010000000000218,15.480000000000018,0.062015503875941895,16.909999999999854,0.06386753400357134,5.550000000000182,5.944500000000085,0.608,1.0,,,12,0,10.0,2024
2024-10-29 12:00:00+00:00|1.0|vol_trans_fade_h1_low_to_high_h12_tp06_sl065,2024-10-29 12:00:00+00:00,STAGE28A,data/reports/stage28a_discovery_factory_batch_runner/stage28a_exact_trades.csv,volatility_transition_v1,vol_trans_fade_h1_low_to_high_h12_tp06_sl065,1.444600000000173,0.3946000000001732,-0.3053999999998265,1,0,1,0,0.3946000000001732,21.190000000000055,18.070000000000164,0.8096292197011609,10.590000000000146,0.47969782813974104,6.569999999999709,4.962500000000046,0.116,1.0,,,12,1,10.0,2024
2024-10-30 12:00:00+00:00|-1.0|vol_trans_fade_h1_low_to_high_h12_tp06_sl065,2024-10-30 12:00:00+00:00,STAGE28A,data/reports/stage28a_discovery_factory_batch_runner/stage28a_exact_trades.csv,volatility_transition_v1,vol_trans_fade_h1_low_to_high_h12_tp06_sl065,1.3030000000002473,0.2530000000002474,-0.4469999999997522,1,0,1,0,0.2530000000002474,35.41000000000031,9.389999999999873,0.7518636847710374,11.7800000000002,0.0008488964346534898,4.349999999999909,5.357499999999982,0.276,-1.0,,,12,2,10.0,2024
2024-11-01 12:00:00+00:00|1.0|vol_trans_fade_h1_low_to_high_h12_tp06_sl065,2024-11-01 12:00:00+00:00,STAGE28A,data/reports/stage28a_discovery_factory_batch_runner/stage28a_exact_trades.csv,volatility_transition_v1,vol_trans_fade_h1_low_to_high_h12_tp06_sl065,-2.24994999999999,-3.2999499999999897,-3.9999499999999895,0,0,0,1,3.2999499999999897,58.65000000000009,9.6899999999996,0.9195046439629182,12.86999999999989,0.20512820512819696,7.410000000000309,5.929499999999985,0.552,1.0,,,12,4,11.0,2024
2024-11-04 12:00:00+00:00|-1.0|vol_trans_fade_h1_low_to_high_h12_tp06_sl065,2024-11-04 12:00:00+00:00,STAGE28A,data/reports/stage28a_discovery_factory_batch_runner/stage28a_exact_trades.csv,volatility_transition_v1,vol_trans_fade_h1_low_to_high_h12_tp06_sl065,1.7346999999998842,0.6846999999998844,-0.0153000000001153,1,0,1,0,0.6846999999998844,10.75,12.879999999999654,0.19720496894410183,13.289999999999964,0.15876598946573953,11.550000000000182,6.89849999999999,0.912,-1.0,,,12,0,11.0,2024
2024-11-05 12:00:00+00:00|1.0|vol_trans_fade_h1_low_to_high_h12_tp06_sl065,2024-11-05 12:00:00+00:00,STAGE28A,data/reports/stage28a_discovery_factory_batch_runner/stage28a_exact_trades.csv,volatility_transition_v1,vol_trans_fade_h1_low_to_high_h12_tp06_sl065,1.4943999999999504,0.4443999999999506,-0.2556000000000491,1,0,1,0,0.4443999999999506,18.789999999999964,13.260000000000218,0.12141779788835944,13.2800000000002,0.2567771084337201,6.0,5.523500000000058,0.284,1.0,,,12,1,11.0,2024
2024-11-06 12:00:00+00:00|-1.0|vol_trans_fade_h1_low_to_high_h12_tp06_sl065,2024-11-06 12:00:00+00:00,STAGE28A,data/reports/stage28a_discovery_factory_batch_runner/stage28a_exact_trades.csv,volatility_transition_v1,vol_trans_fade_h1_low_to_high_h12_tp06_sl065,4.936000000000059,3.8860000000000574,3.1860000000000586,1,1,1,0,3.8860000000000574,25.340000000000146,18.98999999999978,0.20326487625066728,42.35999999999967,0.5153446647780948,12.099999999999909,11.119499999999903,1.0,-1.0,,,12,2,11.0,2024
2024-11-07 12:00:00+00:00|-1.0|vol_trans_fade_h1_low_to_high_h12_tp06_sl065,2024-11-07 12:00:00+00:00,STAGE28A,data/reports/stage28a_discovery_factory_batch_runner/stage28a_exact_trades.csv,volatility_transition_v1,vol_trans_fade_h1_low_to_high_h12_tp06_sl065,2.067699999999968,1.017699999999968,0.3176999999999683,1,1,1,0,1.017699999999968,97.4399999999996,20.88000000000011,0.45545977011492883,15.579999999999927,0.7676508344030868,8.5,8.787500000000023,0.892,-1.0,,,12,3,11.0,2024
2024-11-08 12:00:00+00:00|-1.0|vol_trans_fade_h1_low_to_high_h12_tp06_sl065,2024-11-08 12:00:00+00:00,STAGE28A,data/reports/stage28a_discovery_factory_batch_runner/stage28a_exact_trades.csv,volatility_transition_v1,vol_trans_fade_h1_low_to_high_h12_tp06_sl065,1.9243000000000392,0.8743000000000394,0.1743000000000396,1,1,1,0,0.8743000000000394,66.90999999999985,17.09999999999991,0.7777777777777659,16.240000000000236,0.3232758620689608,3.8400000000001455,7.3214999999999915,0.764,-1.0,,,12,4,11.0,2024
2024-11-11 12:00:00+00:00|1.0|vol_trans_fade_h1_low_to_high_h12_tp06_sl065,2024-11-11 12:00:00+00:00,STAGE28A,data/reports/stage28a_discovery_factory_batch_runner/stage28a_exact_trades.csv,volatility_transition_v1,vol_trans_fade_h1_low_to_high_h12_tp06_sl065,-2.44657500000003,-3.4965750000000297,-4.1965750000000295,0,0,0,1,3.4965750000000297,4.230000000000018,19.7199999999998,0.6866125760649139,14.38000000000011,0.7183588317107304,6.989999999999782,5.531500000000006,0.172,1.0,,,12,0,11.0,2024
2024-11-12 12:00:00+00:00|1.0|vol_trans_fade_h1_low_to_high_h12_tp06_sl065,2024-11-12 12:00:00+00:00,STAGE28A,data/reports/stage28a_discovery_factory_batch_runner/stage28a_exact_trades.csv,volatility_transition_v1,vol_trans_fade_h1_low_to_high_h12_tp06_sl065,-4.051750000000174,-5.101750000000175,-5.801750000000174,0,0,0,1,5.101750000000175,75.67999999999984,11.579999999999927,0.5397236614853229,28.460000000000036,0.7350667603654267,9.929999999999836,7.446499999999924,0.7,1.0,,,12,1,11.0,2024
2024-11-13 12:00:00+00:00|-1.0|vol_trans_fade_h1_low_to_high_h12_tp06_sl065,2024-11-13 12:00:00+00:00,STAGE28A,data/reports/stage28a_discovery_factory_batch_runner/stage28a_exact_trades.csv,volatility_transition_v1,vol_trans_fade_h1_low_to_high_h12_tp06_sl065,-2.258074999999826,-3.308074999999826,-4.008074999999826,0,0,0,1,3.308074999999826,37.48000000000002,15.940000000000055,0.4567126725219398,10.599999999999909,0.2584905660377604,4.230000000000018,5.9705000000000155,0.208,-1.0,,,12,2,11.0,2024
2024-11-14 12:00:00+00:00|1.0|vol_trans_fade_h1_low_to_high_h12_tp06_sl065,2024-11-14 12:00:00+00:00,STAGE28A,data/reports/stage28a_discovery_factory_batch_runner/stage28a_exact_trades.csv,volatility_transition_v1,vol_trans_fade_h1_low_to_high_h12_tp06_sl065,-3.317250000000149,-4.3672500000001495,-5.067250000000149,0,0,0,1,4.3672500000001495,48.070000000000164,22.389999999999873,0.25949084412684137,28.460000000000036,0.6398453970484895,21.559999999999945,9.33449999999998,0.888,1.0,,,12,3,11.0,2024
2024-11-15 12:00:00+00:00|1.0|vol_trans_fade_h1_low_to_high_h12_tp06_sl065,2024-11-15 12:00:00+00:00,STAGE28A,data/reports/stage28a_discovery_factory_batch_runner/stage28a_exact_trades.csv,volatility_transition_v1,vol_trans_fade_h1_low_to_high_h12_tp06_sl065,1.672899999999936,0.6228999999999361,-0.0771000000000636,1,0,1,0,0.6228999999999361,44.54999999999973,8.599999999999909,0.02325581395346747,15.809999999999945,0.039848197343460554,4.9699999999998,6.790999999999917,0.336,1.0,,,12,4,11.0,2024
2024-11-18 12:00:00+00:00|-1.0|vol_trans_fade_h1_low_to_high_h12_tp06_sl065,2024-11-18 12:00:00+00:00,STAGE28A,data/reports/stage28a_discovery_factory_batch_runner/stage28a_exact_trades.csv,volatility_transition_v1,vol_trans_fade_h1_low_to_high_h12_tp06_sl065,-2.6240250000001653,-3.674025000000165,-4.374025000000165,0,0,0,1,3.674025000000165,13.230000000000018,34.88000000000011,0.5997706422018351,16.840000000000146,0.1057007125890576,13.460000000000036,8.27900000000002,0.728,-1.0,,,12,0,11.0,2024
2024-11-20 12:00:00+00:00|1.0|vol_trans_fade_h1_low_to_high_h12_tp06_sl065,2024-11-20 12:00:00+00:00,STAGE28A,data/reports/stage28a_discovery_factory_batch_runner/stage28a_exact_trades.csv,volatility_transition_v1,vol_trans_fade_h1_low_to_high_h12_tp06_sl065,-2.438775000000169,-3.4887750000001687,-4.188775000000168,0,0,0,1,3.4887750000001687,29.179999999999836,10.159999999999854,0.14763779527559268,19.740000000000236,0.5916919959472997,4.570000000000164,5.408500000000049,0.048,1.0,,,12,2,11.0,2024
2024-11-21 12:00:00+00:00|1.0|vol_trans_fade_h1_low_to_high_h12_tp06_sl065,2024-11-21 12:00:00+00:00,STAGE28A,data/reports/stage28a_discovery_factory_batch_runner/stage28a_exact_trades.csv,volatility_transition_v1,vol_trans_fade_h1_low_to_high_h12_tp06_sl065,-2.3107249999999118,-3.360724999999911,-4.060724999999911,0,0,0,1,3.360724999999911,36.64000000000033,11.610000000000127,0.41860465116279705,17.059999999999945,0.759671746776089,8.150000000000091,6.018000000000006,0.188,1.0,,,12,3,11.0,2024
2024-11-22 12:00:00+00:00|-1.0|vol_trans_fade_h1_low_to_high_h12_tp06_sl065,2024-11-22 12:00:00+00:00,STAGE28A,data/reports/stage28a_discovery_factory_batch_runner/stage28a_exact_trades.csv,volatility_transition_v1,vol_trans_fade_h1_low_to_high_h12_tp06_sl065,2.034399999999914,0.9843999999999142,0.2843999999999145,1,1,1,0,0.9843999999999142,24.63000000000011,24.070000000000164,0.8109680099709308,25.440000000000055,0.7425314465408739,13.88000000000011,6.913499999999976,0.5,-1.0,,,12,4,11.0,2024
2024-11-25 12:00:00+00:00|-1.0|vol_trans_fade_h1_low_to_high_h12_tp06_sl065,2024-11-25 12:00:00+00:00,STAGE28A,data/reports/stage28a_discovery_factory_batch_runner/stage28a_exact_trades.csv,volatility_transition_v1,vol_trans_fade_h1_low_to_high_h12_tp06_sl065,-3.3620999999999186,-4.412099999999919,-5.112099999999918,0,0,0,1,4.412099999999919,16.51000000000022,62.039999999999964,0.7633784655061202,19.73999999999978,0.26443768996959766,5.349999999999909,10.994000000000028,0.976,-1.0,,,12,0,11.0,2024
2024-11-26 12:00:00+00:00|-1.0|vol_trans_fade_h1_low_to_high_h12_tp06_sl065,2024-11-26 12:00:00+00:00,STAGE28A,data/reports/stage28a_discovery_factory_batch_runner/stage28a_exact_trades.csv,volatility_transition_v1,vol_trans_fade_h1_low_to_high_h12_tp06_sl065,2.1006999999998697,1.0506999999998698,0.3506999999998701,1,1,1,0,1.0506999999998698,111.38000000000011,27.059999999999945,0.588322246858836,22.259999999999764,0.22192273135669843,14.230000000000018,12.309500000000025,0.948,-1.0,,,12,1,11.0,2024
2024-11-27 12:00:00+00:00|1.0|vol_trans_fade_h1_low_to_high_h12_tp06_sl065,2024-11-27 12:00:00+00:00,STAGE28A,data/reports/stage28a_discovery_factory_batch_runner/stage28a_exact_trades.csv,volatility_transition_v1,vol_trans_fade_h1_low_to_high_h12_tp06_sl065,-2.425774999999794,-3.475774999999794,-4.175774999999794,0,0,0,1,3.475774999999794,36.76999999999998,13.510000000000218,0.4885270170244117,15.690000000000055,0.6201402166985331,5.869999999999891,6.533999999999992,0.344,1.0,,,12,2,11.0,2024
2024-11-28 12:00:00+00:00|-1.0|vol_trans_fade_h1_low_to_high_h12_tp06_sl065,2024-11-28 12:00:00+00:00,STAGE28A,data/reports/stage28a_discovery_factory_batch_runner/stage28a_exact_trades.csv,volatility_transition_v1,vol_trans_fade_h1_low_to_high_h12_tp06_sl065,-2.3071499999997287,-3.3571499999997285,-4.057149999999728,0,0,0,1,3.3571499999997285,31.329999999999927,17.48999999999978,0.33390508862208224,19.41000000000031,0.8377125193199126,5.210000000000036,6.377999999999952,0.288,-1.0,,,12,3,11.0,2024
2024-11-29 12:00:00+00:00|-1.0|vol_trans_fade_h1_low_to_high_h12_tp06_sl065,2024-11-29 12:00:00+00:00,STAGE28A,data/reports/stage28a_discovery_factory_batch_runner/stage28a_exact_trades.csv,volatility_transition_v1,vol_trans_fade_h1_low_to_high_h12_tp06_sl065,-2.701050000000214,-3.751050000000214,-4.451050000000214,0,0,0,1,3.751050000000214,28.65000000000009,30.29000000000042,0.6956091119181206,11.809999999999945,0.2464013547840701,8.7800000000002,5.945500000000061,0.224,-1.0,,,12,4,11.0,2024
2024-12-02 12:00:00+00:00|-1.0|vol_trans_fade_h1_low_to_high_h12_tp06_sl065,2024-12-02 12:00:00+00:00,STAGE28A,data/reports/stage28a_discovery_factory_batch_runner/stage28a_exact_trades.csv,volatility_transition_v1,vol_trans_fade_h1_low_to_high_h12_tp06_sl065,1.833399999999892,0.7833999999998924,0.0833999999998926,1,1,1,0,0.7833999999998924,9.420000000000073,29.420000000000073,0.5849762066621343,15.789999999999964,0.45725142495248994,8.269999999999982,8.88050000000003,0.82,-1.0,,,12,0,12.0,2024
2024-12-03 12:00:00+00:00|1.0|vol_trans_fade_h1_low_to_high_h12_tp06_sl065,2024-12-03 12:00:00+00:00,STAGE28A,data/reports/stage28a_discovery_factory_batch_runner/stage28a_exact_trades.csv,volatility_transition_v1,vol_trans_fade_h1_low_to_high_h12_tp06_sl065,-2.350700000000052,-3.400700000000052,-4.100700000000051,0,0,0,1,3.400700000000052,30.550000000000182,11.13000000000011,0.21024258760104833,12.860000000000127,0.21228615863141456,4.110000000000127,5.669999999999936,0.148,1.0,,,12,1,12.0,2024
2024-12-04 12:00:00+00:00|1.0|vol_trans_fade_h1_low_to_high_h12_tp06_sl065,2024-12-04 12:00:00+00:00,STAGE28A,data/reports/stage28a_discovery_factory_batch_runner/stage28a_exact_trades.csv,volatility_transition_v1,vol_trans_fade_h1_low_to_high_h12_tp06_sl065,1.2553000000001702,0.2053000000001703,-0.4946999999998294,1,0,1,0,0.2053000000001703,21.43000000000029,10.960000000000036,0.5136861313868696,14.930000000000291,0.282652377762905,4.119999999999891,5.569000000000028,0.096,1.0,,,12,2,12.0,2024
2024-12-05 12:00:00+00:00|-1.0|vol_trans_fade_h1_low_to_high_h12_tp06_sl065,2024-12-05 12:00:00+00:00,STAGE28A,data/reports/stage28a_discovery_factory_batch_runner/stage28a_exact_trades.csv,volatility_transition_v1,vol_trans_fade_h1_low_to_high_h12_tp06_sl065,1.5372999999998682,0.4872999999998684,-0.2127000000001313,1,0,1,0,0.4872999999998684,24.800000000000182,6.940000000000055,0.5821325648414888,13.88000000000011,0.17939481268009813,4.309999999999945,5.563999999999941,0.088,-1.0,,,12,3,12.0,2024
2024-12-06 12:00:00+00:00|1.0|vol_trans_fade_h1_low_to_high_h12_tp06_sl065,2024-12-06 12:00:00+00:00,STAGE28A,data/reports/stage28a_discovery_factory_batch_runner/stage28a_exact_trades.csv,volatility_transition_v1,vol_trans_fade_h1_low_to_high_h12_tp06_sl065,1.5199000000001432,0.4699000000001434,-0.2300999999998563,1,0,1,0,0.4699000000001434,32.26999999999998,32.11999999999989,0.2624533001245288,12.33999999999969,0.6345218800648398,5.919999999999618,7.535999999999968,0.644,1.0,,,12,4,12.0,2024
2024-12-09 12:00:00+00:00|-1.0|vol_trans_fade_h1_low_to_high_h12_tp06_sl065,2024-12-09 12:00:00+00:00,STAGE28A,data/reports/stage28a_discovery_factory_batch_runner/stage28a_exact_trades.csv,volatility_transition_v1,vol_trans_fade_h1_low_to_high_h12_tp06_sl065,1.404399999999805,0.3543999999998051,-0.3456000000001946,1,0,1,0,0.3543999999998051,11.929999999999836,23.019999999999982,0.1776715899218136,22.470000000000255,0.9577214063195255,8.679999999999836,7.969499999999994,0.684,-1.0,,,12,0,12.0,2024
2024-12-10 12:00:00+00:00|-1.0|vol_trans_fade_h1_low_to_high_h12_tp06_sl065,2024-12-10 12:00:00+00:00,STAGE28A,data/reports/stage28a_discovery_factory_batch_runner/stage28a_exact_trades.csv,volatility_transition_v1,vol_trans_fade_h1_low_to_high_h12_tp06_sl065,-2.2216749999998684,-3.271674999999868,-3.971674999999868,0,0,0,1,3.271674999999868,48.84999999999991,15.91000000000031,0.6140791954745598,15.539999999999964,0.3301158301158379,5.300000000000182,5.652000000000021,0.132,-1.0,,,12,1,12.0,2024
2024-12-11 12:00:00+00:00|-1.0|vol_trans_fade_h1_low_to_high_h12_tp06_sl065,2024-12-11 12:00:00+00:00,STAGE28A,data/reports/stage28a_discovery_factory_batch_runner/stage28a_exact_trades.csv,volatility_transition_v1,vol_trans_fade_h1_low_to_high_h12_tp06_sl065,2.7258999999998195,1.6758999999998196,0.97589999999982,1,1,1,0,1.6758999999998196,38.01999999999998,21.779999999999745,0.5335169880624439,25.350000000000364,0.3932938856015823,9.799999999999727,7.875000000000023,0.84,-1.0,,,12,2,12.0,2024
2024-12-12 12:00:00+00:00|1.0|vol_trans_fade_h1_low_to_high_h12_tp06_sl065,2024-12-12 12:00:00+00:00,STAGE28A,data/reports/stage28a_discovery_factory_batch_runner/stage28a_exact_trades.csv,volatility_transition_v1,vol_trans_fade_h1_low_to_high_h12_tp06_sl065,-2.361425000000145,-3.4114250000001447,-4.111425000000144,0,0,0,1,3.4114250000001447,46.590000000000146,26.139999999999873,0.2895944912012319,10.640000000000327,0.09586466165413068,4.6599999999998545,7.132499999999982,0.624,1.0,,,12,3,12.0,2024
2024-12-13 12:00:00+00:00|1.0|vol_trans_fade_h1_low_to_high_h12_tp06_sl065,2024-12-13 12:00:00+00:00,STAGE28A,data/reports/stage28a_discovery_factory_batch_runner/stage28a_exact_trades.csv,volatility_transition_v1,vol_trans_fade_h1_low_to_high_h12_tp06_sl065,-2.705924999999843,-3.7559249999998423,-4.4559249999998425,0,0,0,1,3.7559249999998423,51.2199999999998,13.740000000000236,0.4832605531295312,25.5,0.8109803921568741,9.480000000000018,6.881000000000062,0.54,1.0,,,12,4,12.0,2024
2024-12-16 12:00:00+00:00|-1.0|vol_trans_fade_h1_low_to_high_h12_tp06_sl065,2024-12-16 12:00:00+00:00,STAGE28A,data/reports/stage28a_discovery_factory_batch_runner/stage28a_exact_trades.csv,volatility_transition_v1,vol_trans_fade_h1_low_to_high_h12_tp06_sl065,-2.068275000000176,-3.118275000000176,-3.818275000000176,0,0,0,1,3.118275000000176,4.569999999999709,12.110000000000127,0.10982658959536856,12.450000000000273,0.48514056224898244,4.389999999999873,5.434999999999991,0.044,-1.0,,,12,0,12.0,2024
2024-12-17 12:00:00+00:00|1.0|vol_trans_fade_h1_low_to_high_h12_tp06_sl065,2024-12-17 12:00:00+00:00,STAGE28A,data/reports/stage28a_discovery_factory_batch_runner/stage28a_exact_trades.csv,volatility_transition_v1,vol_trans_fade_h1_low_to_high_h12_tp06_sl065,1.879899999999816,0.829899999999816,0.1298999999998162,1,1,1,0,0.829899999999816,20.75,7.650000000000091,0.006535947712442001,19.0300000000002,0.7157120336311195,8.070000000000164,5.4200000000000275,0.112,1.0,,,12,1,12.0,2024
2024-12-19 12:00:00+00:00|-1.0|vol_trans_fade_h1_low_to_high_h12_tp06_sl065,2024-12-19 12:00:00+00:00,STAGE28A,data/reports/stage28a_discovery_factory_batch_runner/stage28a_exact_trades.csv,volatility_transition_v1,vol_trans_fade_h1_low_to_high_h12_tp06_sl065,1.959400000000096,0.909400000000096,0.2094000000000964,1,1,1,0,0.909400000000096,68.09999999999991,35.460000000000036,0.5930626057529661,23.2800000000002,0.4463058419243893,4.329999999999927,10.052000000000021,0.992,-1.0,,,12,3,12.0,2024
2024-12-20 12:00:00+00:00|1.0|vol_trans_fade_h1_low_to_high_h12_tp06_sl065,2024-12-20 12:00:00+00:00,STAGE28A,data/reports/stage28a_discovery_factory_batch_runner/stage28a_exact_trades.csv,volatility_transition_v1,vol_trans_fade_h1_low_to_high_h12_tp06_sl065,1.2922000000002298,0.24220000000023,-0.4577999999997697,1,0,1,0,0.24220000000023,43.99000000000024,14.320000000000164,0.3058659217877136,11.180000000000291,0.5661896243291786,3.480000000000018,5.805500000000029,0.22,1.0,,,12,4,12.0,2024
2024-12-23 12:00:00+00:00|1.0|vol_trans_fade_h1_low_to_high_h12_tp06_sl065,2024-12-23 12:00:00+00:00,STAGE28A,data/reports/stage28a_discovery_factory_batch_runner/stage28a_exact_trades.csv,volatility_transition_v1,vol_trans_fade_h1_low_to_high_h12_tp06_sl065,1.2229000000001178,0.1729000000001179,-0.5270999999998818,1,0,1,0,0.1729000000001179,3.1600000000003092,10.0,0.1069999999999709,14.389999999999873,0.44336344683809353,4.690000000000055,5.874000000000047,0.248,1.0,,,12,0,12.0,2024
2024-12-30 12:00:00+00:00|-1.0|vol_trans_fade_h1_low_to_high_h12_tp06_sl065,2024-12-30 12:00:00+00:00,STAGE28A,data/reports/stage28a_discovery_factory_batch_runner/stage28a_exact_trades.csv,volatility_transition_v1,vol_trans_fade_h1_low_to_high_h12_tp06_sl065,1.160200000000168,0.1102000000001681,-0.5897999999998316,1,0,0,0,0.1102000000001681,7.4699999999998,9.489999999999782,0.2012644889357111,15.480000000000018,0.7558139534883594,6.230000000000018,5.448000000000024,0.46,-1.0,,,12,0,12.0,2024
2025-01-03 12:00:00+00:00|-1.0|vol_trans_fade_h1_low_to_high_h12_tp06_sl065,2025-01-03 12:00:00+00:00,STAGE28A,data/reports/stage28a_discovery_factory_batch_runner/stage28a_exact_trades.csv,volatility_transition_v1,vol_trans_fade_h1_low_to_high_h12_tp06_sl065,1.2820000000000618,0.2320000000000619,-0.4679999999999378,1,0,1,0,0.2320000000000619,38.73000000000002,9.019999999999982,0.5000000000000252,13.019999999999982,0.40476190476190393,3.130000000000109,5.6760000000000215,0.56,-1.0,,,12,4,1.0,2025
2025-01-06 12:00:00+00:00|-1.0|vol_trans_fade_h1_low_to_high_h12_tp06_sl065,2025-01-06 12:00:00+00:00,STAGE28A,data/reports/stage28a_discovery_factory_batch_runner/stage28a_exact_trades.csv,volatility_transition_v1,vol_trans_fade_h1_low_to_high_h12_tp06_sl065,-2.1706500000001143,-3.220650000000114,-3.920650000000114,0,0,0,1,3.220650000000114,3.5399999999999636,12.860000000000127,0.43001555209954473,11.090000000000146,0.15148782687103826,4.569999999999709,5.173500000000013,0.348,-1.0,,,12,0,1.0,2025
2025-01-07 12:00:00+00:00|1.0|vol_trans_fade_h1_low_to_high_h12_tp06_sl065,2025-01-07 12:00:00+00:00,STAGE28A,data/reports/stage28a_discovery_factory_batch_runner/stage28a_exact_trades.csv,volatility_transition_v1,vol_trans_fade_h1_low_to_high_h12_tp06_sl065,1.3225000000001272,0.2725000000001274,-0.4274999999998723,1,0,1,0,0.2725000000001274,35.13000000000011,8.300000000000182,0.4325301204819358,9.7800000000002,0.575664621676891,4.029999999999745,5.464499999999975,0.52,1.0,,,12,1,1.0,2025
2025-01-09 12:00:00+00:00|-1.0|vol_trans_fade_h1_low_to_high_h12_tp06_sl065,2025-01-09 12:00:00+00:00,STAGE28A,data/reports/stage28a_discovery_factory_batch_runner/stage28a_exact_trades.csv,volatility_transition_v1,vol_trans_fade_h1_low_to_high_h12_tp06_sl065,1.258299999999872,0.208299999999872,-0.4917000000001277,1,0,1,0,0.208299999999872,24.700000000000273,7.650000000000091,0.44836601307192814,10.929999999999836,0.7758462946020261,4.130000000000109,5.973500000000035,0.728,-1.0,,,12,3,1.0,2025
2025-01-13 12:00:00+00:00|1.0|vol_trans_fade_h1_low_to_high_h12_tp06_sl065,2025-01-13 12:00:00+00:00,STAGE28A,data/reports/stage28a_discovery_factory_batch_runner/stage28a_exact_trades.csv,volatility_transition_v1,vol_trans_fade_h1_low_to_high_h12_tp06_sl065,1.542699999999877,0.4926999999998771,-0.2073000000001226,1,0,1,0,0.4926999999998771,5.670000000000073,13.900000000000091,0.39999999999999347,14.190000000000055,0.45031712473571867,5.360000000000127,6.6055000000000295,0.848,1.0,,,12,0,1.0,2025
2025-01-14 12:00:00+00:00|1.0|vol_trans_fade_h1_low_to_high_h12_tp06_sl065,2025-01-14 12:00:00+00:00,STAGE28A,data/reports/stage28a_discovery_factory_batch_runner/stage28a_exact_trades.csv,volatility_transition_v1,vol_trans_fade_h1_low_to_high_h12_tp06_sl065,1.2405999999999948,0.190599999999995,-0.5094000000000047,1,0,1,0,0.190599999999995,36.73000000000002,12.5300000000002,0.4333599361532123,10.629999999999654,0.644402634054575,6.920000000000073,5.627000000000021,0.46,1.0,,,12,1,1.0,2025
2025-01-16 12:00:00+00:00|-1.0|vol_trans_fade_h1_low_to_high_h12_tp06_sl065,2025-01-16 12:00:00+00:00,STAGE28A,data/reports/stage28a_discovery_factory_batch_runner/stage28a_exact_trades.csv,volatility_transition_v1,vol_trans_fade_h1_low_to_high_h12_tp06_sl065,1.474000000000069,0.4240000000000692,-0.2759999999999305,1,0,1,0,0.4240000000000692,28.210000000000036,9.349999999999909,0.27593582887700024,18.529999999999745,0.5553157042633624,8.599999999999909,5.731999999999971,0.544,-1.0,,,12,3,1.0,2025
2025-01-20 12:00:00+00:00|1.0|vol_trans_fade_h1_low_to_high_h12_tp06_sl065,2025-01-20 12:00:00+00:00,STAGE28A,data/reports/stage28a_discovery_factory_batch_runner/stage28a_exact_trades.csv,volatility_transition_v1,vol_trans_fade_h1_low_to_high_h12_tp06_sl065,1.3092999999998027,0.2592999999998029,-0.4407000000001968,1,0,1,0,0.2592999999998029,11.990000000000236,17.269999999999982,0.5500868558193405,10.960000000000036,0.23448905109486318,5.929999999999836,5.955500000000006,0.644,1.0,,,12,0,1.0,2025
2025-01-21 12:00:00+00:00|1.0|vol_trans_fade_h1_low_to_high_h12_tp06_sl065,2025-01-21 12:00:00+00:00,STAGE28A,data/reports/stage28a_discovery_factory_batch_runner/stage28a_exact_trades.csv,volatility_transition_v1,vol_trans_fade_h1_low_to_high_h12_tp06_sl065,1.6822000000001025,0.6322000000001027,-0.067799999999897,1,0,1,0,0.6322000000001027,24.550000000000182,25.09999999999991,0.6749003984063792,15.799999999999727,0.4974683544303964,7.029999999999745,7.044499999999994,0.944,1.0,,,12,1,1.0,2025
2025-01-22 12:00:00+00:00|-1.0|vol_trans_fade_h1_low_to_high_h12_tp06_sl065,2025-01-22 12:00:00+00:00,STAGE28A,data/reports/stage28a_discovery_factory_batch_runner/stage28a_exact_trades.csv,volatility_transition_v1,vol_trans_fade_h1_low_to_high_h12_tp06_sl065,-2.766049999999814,-3.8160499999998136,-4.516049999999813,0,0,0,1,3.8160499999998136,43.279999999999745,10.9699999999998,0.711030082041962,17.90000000000009,0.44525139664803126,9.569999999999709,6.274499999999944,0.764,-1.0,,,12,2,1.0,2025
2025-01-24 12:00:00+00:00|1.0|vol_trans_fade_h1_low_to_high_h12_tp06_sl065,2025-01-24 12:00:00+00:00,STAGE28A,data/reports/stage28a_discovery_factory_batch_runner/stage28a_exact_trades.csv,volatility_transition_v1,vol_trans_fade_h1_low_to_high_h12_tp06_sl065,-2.1579750000001696,-3.207975000000169,-3.907975000000169,0,0,0,1,3.207975000000169,23.25,23.940000000000055,0.7263993316624826,8.300000000000182,0.44578313253014357,6.769999999999982,5.84699999999998,0.492,1.0,,,12,4,1.0,2025
2025-01-27 12:00:00+00:00|-1.0|vol_trans_fade_h1_low_to_high_h12_tp06_sl065,2025-01-27 12:00:00+00:00,STAGE28A,data/reports/stage28a_discovery_factory_batch_runner/stage28a_exact_trades.csv,volatility_transition_v1,vol_trans_fade_h1_low_to_high_h12_tp06_sl065,-2.728349999999955,-3.778349999999955,-4.4783499999999545,0,0,0,1,3.778349999999955,5.839999999999691,18.460000000000036,0.49620801733476905,23.769999999999982,0.4030290281867873,9.199999999999818,6.344999999999982,0.804,-1.0,,,12,0,1.0,2025
2025-01-28 12:00:00+00:00|-1.0|vol_trans_fade_h1_low_to_high_h12_tp06_sl065,2025-01-28 12:00:00+00:00,STAGE28A,data/reports/stage28a_discovery_factory_batch_runner/stage28a_exact_trades.csv,volatility_transition_v1,vol_trans_fade_h1_low_to_high_h12_tp06_sl065,1.1247999999999592,0.0747999999999593,-0.6252000000000404,1,0,0,0,0.0747999999999593,42.289999999999964,7.579999999999927,0.09366754617414817,10.570000000000164,0.07284768211920245,4.870000000000346,5.74249999999995,0.416,-1.0,,,12,1,1.0,2025
2025-01-30 12:00:00+00:00|1.0|vol_trans_fade_h1_low_to_high_h12_tp06_sl065,2025-01-30 12:00:00+00:00,STAGE28A,data/reports/stage28a_discovery_factory_batch_runner/stage28a_exact_trades.csv,volatility_transition_v1,vol_trans_fade_h1_low_to_high_h12_tp06_sl065,-2.1023999999998524,-3.152399999999852,-3.852399999999852,0,0,0,1,3.152399999999852,21.470000000000255,5.330000000000382,0.035647279549726255,20.539999999999964,0.8695228821811177,5.129999999999654,5.309000000000014,0.328,1.0,,,12,3,1.0,2025
2025-01-31 12:00:00+00:00|-1.0|vol_trans_fade_h1_low_to_high_h12_tp06_sl065,2025-01-31 12:00:00+00:00,STAGE28A,data/reports/stage28a_discovery_factory_batch_runner/stage28a_exact_trades.csv,volatility_transition_v1,vol_trans_fade_h1_low_to_high_h12_tp06_sl065,-2.0708749999999783,-3.120874999999978,-3.820874999999978,0,0,0,1,3.120874999999978,40.40000000000009,7.369999999999891,0.03799185888734728,10.140000000000327,0.16074950690331377,3.6700000000000728,5.485499999999979,0.412,-1.0,,,12,4,1.0,2025
2025-02-03 12:00:00+00:00|1.0|vol_trans_fade_h1_low_to_high_h12_tp06_sl065,2025-02-03 12:00:00+00:00,STAGE28A,data/reports/stage28a_discovery_factory_batch_runner/stage28a_exact_trades.csv,volatility_transition_v1,vol_trans_fade_h1_low_to_high_h12_tp06_sl065,-2.579174999999941,-3.629174999999941,-4.329174999999941,0,0,0,1,3.629174999999941,20.699999999999818,31.9699999999998,0.37566468564278505,20.809999999999945,0.8279673234022136,5.9699999999998,9.39249999999995,0.996,1.0,,,12,0,2.0,2025
2025-02-04 12:00:00+00:00|-1.0|vol_trans_fade_h1_low_to_high_h12_tp06_sl065,2025-02-04 12:00:00+00:00,STAGE28A,data/reports/stage28a_discovery_factory_batch_runner/stage28a_exact_trades.csv,volatility_transition_v1,vol_trans_fade_h1_low_to_high_h12_tp06_sl065,-2.699424999999883,-3.7494249999998823,-4.4494249999998825,0,0,0,1,3.7494249999998823,58.19999999999982,13.329999999999927,0.3885971492873458,14.659999999999854,0.29058663028651166,7.7599999999997635,7.638000000000057,0.856,-1.0,,,12,1,2.0,2025
2025-02-05 12:00:00+00:00|-1.0|vol_trans_fade_h1_low_to_high_h12_tp06_sl065,2025-02-05 12:00:00+00:00,STAGE28A,data/reports/stage28a_discovery_factory_batch_runner/stage28a_exact_trades.csv,volatility_transition_v1,vol_trans_fade_h1_low_to_high_h12_tp06_sl065,-2.3962000000002264,-3.446200000000226,-4.146200000000226,0,0,0,1,3.446200000000226,38.25,18.450000000000273,0.7501355013550104,23.690000000000055,0.5293372731110145,6.710000000000036,6.692500000000064,0.7,-1.0,,,12,2,2.0,2025
2025-02-06 12:00:00+00:00|-1.0|vol_trans_fade_h1_low_to_high_h12_tp06_sl065,2025-02-06 12:00:00+00:00,STAGE28A,data/reports/stage28a_discovery_factory_batch_runner/stage28a_exact_trades.csv,volatility_transition_v1,vol_trans_fade_h1_low_to_high_h12_tp06_sl065,-2.927575000000252,-3.977575000000252,-4.677575000000251,0,0,0,1,3.977575000000252,42.960000000000036,9.550000000000182,0.08167539267017647,22.480000000000018,0.4181494661921745,4.320000000000164,7.462000000000012,0.756,-1.0,,,12,3,2.0,2025
2025-02-07 12:00:00+00:00|-1.0|vol_trans_fade_h1_low_to_high_h12_tp06_sl065,2025-02-07 12:00:00+00:00,STAGE28A,data/reports/stage28a_discovery_factory_batch_runner/stage28a_exact_trades.csv,volatility_transition_v1,vol_trans_fade_h1_low_to_high_h12_tp06_sl065,-2.1917749999998706,-3.2417749999998704,-3.94177499999987,0,0,0,1,3.2417749999998704,39.25,15.579999999999927,0.5353016688061736,11.7199999999998,0.09556313993173293,5.199999999999818,5.98599999999999,0.384,-1.0,,,12,4,2.0,2025
2025-02-10 12:00:00+00:00|-1.0|vol_trans_fade_h1_low_to_high_h12_tp06_sl065,2025-02-10 12:00:00+00:00,STAGE28A,data/reports/stage28a_discovery_factory_batch_runner/stage28a_exact_trades.csv,volatility_transition_v1,vol_trans_fade_h1_low_to_high_h12_tp06_sl065,1.7173000000001593,0.6673000000001594,-0.0326999999998403,1,0,1,0,0.6673000000001594,14.0,23.190000000000055,0.5066839154808095,30.40000000000009,0.7578947368421018,7.099999999999909,8.032499999999981,0.82,-1.0,,,12,0,2.0,2025
2025-02-11 12:00:00+00:00|1.0|vol_trans_fade_h1_low_to_high_h12_tp06_sl065,2025-02-11 12:00:00+00:00,STAGE28A,data/reports/stage28a_discovery_factory_batch_runner/stage28a_exact_trades.csv,volatility_transition_v1,vol_trans_fade_h1_low_to_high_h12_tp06_sl065,-3.6572000000001936,-4.707200000000194,-5.407200000000193,0,0,0,1,4.707200000000194,62.570000000000164,38.029999999999745,0.0381277938469584,27.429999999999836,0.49362012395187915,9.309999999999945,10.76199999999999,0.996,1.0,,,12,1,2.0,2025
2025-02-12 12:00:00+00:00|1.0|vol_trans_fade_h1_low_to_high_h12_tp06_sl065,2025-02-12 12:00:00+00:00,STAGE28A,data/reports/stage28a_discovery_factory_batch_runner/stage28a_exact_trades.csv,volatility_transition_v1,vol_trans_fade_h1_low_to_high_h12_tp06_sl065,1.8717999999998027,0.8217999999998029,0.1217999999998031,1,1,1,0,0.8217999999998029,60.9399999999996,17.070000000000164,0.7861745752782627,16.440000000000055,0.15815085158150247,6.949999999999818,7.326499999999987,0.488,1.0,,,12,2,2.0,2025
2025-02-13 12:00:00+00:00|-1.0|vol_trans_fade_h1_low_to_high_h12_tp06_sl065,2025-02-13 12:00:00+00:00,STAGE28A,data/reports/stage28a_discovery_factory_batch_runner/stage28a_exact_trades.csv,volatility_transition_v1,vol_trans_fade_h1_low_to_high_h12_tp06_sl065,2.0179000000001905,0.9679000000001908,0.267900000000191,1,1,1,0,0.9679000000001908,45.38000000000011,18.759999999999764,0.6780383795309147,13.460000000000036,0.05274888558692678,8.41000000000031,7.1009999999999085,0.336,-1.0,,,12,3,2.0,2025
2025-02-14 12:00:00+00:00|-1.0|vol_trans_fade_h1_low_to_high_h12_tp06_sl065,2025-02-14 12:00:00+00:00,STAGE28A,data/reports/stage28a_discovery_factory_batch_runner/stage28a_exact_trades.csv,volatility_transition_v1,vol_trans_fade_h1_low_to_high_h12_tp06_sl065,-2.340299999999934,-3.3902999999999337,-4.090299999999933,0,0,0,1,3.3902999999999337,31.13000000000011,10.860000000000127,0.24677716390425963,13.309999999999945,0.5416979714500425,4.639999999999873,5.945999999999958,0.084,-1.0,,,12,4,2.0,2025
2025-02-17 12:00:00+00:00|-1.0|vol_trans_fade_h1_low_to_high_h12_tp06_sl065,2025-02-17 12:00:00+00:00,STAGE28A,data/reports/stage28a_discovery_factory_batch_runner/stage28a_exact_trades.csv,volatility_transition_v1,vol_trans_fade_h1_low_to_high_h12_tp06_sl065,2.0511999999997896,1.0011999999997898,0.3011999999997901,1,1,1,0,1.0011999999997898,15.88000000000011,26.809999999999945,0.7411413651622673,18.269999999999982,0.20634920634920556,6.2400000000002365,10.248499999999945,0.9,-1.0,,,12,0,2.0,2025
2025-02-19 12:00:00+00:00|-1.0|vol_trans_fade_h1_low_to_high_h12_tp06_sl065,2025-02-19 12:00:00+00:00,STAGE28A,data/reports/stage28a_discovery_factory_batch_runner/stage28a_exact_trades.csv,volatility_transition_v1,vol_trans_fade_h1_low_to_high_h12_tp06_sl065,-2.3425749999997607,-3.3925749999997605,-4.09257499999976,0,0,0,1,3.3925749999997605,45.25,15.480000000000018,0.31330749354004545,19.0,0.8199999999999962,8.460000000000036,6.546499999999969,0.28,-1.0,,,12,2,2.0,2025
2025-02-20 12:00:00+00:00|1.0|vol_trans_fade_h1_low_to_high_h12_tp06_sl065,2025-02-20 12:00:00+00:00,STAGE28A,data/reports/stage28a_discovery_factory_batch_runner/stage28a_exact_trades.csv,volatility_transition_v1,vol_trans_fade_h1_low_to_high_h12_tp06_sl065,-2.1956750000000285,-3.2456750000000283,-3.945675000000028,0,0,0,1,3.2456750000000283,28.440000000000055,11.75,0.3948936170213045,15.509999999999764,0.7949709864603556,4.9699999999998,6.848999999999978,0.348,1.0,,,12,3,2.0,2025
2025-02-21 12:00:00+00:00|-1.0|vol_trans_fade_h1_low_to_high_h12_tp06_sl065,2025-02-21 12:00:00+00:00,STAGE28A,data/reports/stage28a_discovery_factory_batch_runner/stage28a_exact_trades.csv,volatility_transition_v1,vol_trans_fade_h1_low_to_high_h12_tp06_sl065,-2.849899999999798,-3.8998999999997976,-4.599899999999797,0,0,0,1,3.8998999999997976,30.779999999999745,23.40000000000009,0.5564102564102534,17.309999999999945,0.11900635470825835,6.549999999999727,8.665000000000031,0.764,-1.0,,,12,4,2.0,2025
2025-02-24 12:00:00+00:00|1.0|vol_trans_fade_h1_low_to_high_h12_tp06_sl065,2025-02-24 12:00:00+00:00,STAGE28A,data/reports/stage28a_discovery_factory_batch_runner/stage28a_exact_trades.csv,volatility_transition_v1,vol_trans_fade_h1_low_to_high_h12_tp06_sl065,-2.57787500000004,-3.62787500000004,-4.32787500000004,0,0,0,1,3.62787500000004,6.440000000000055,23.519999999999982,0.15348639455782867,14.259999999999764,0.15848527349227215,5.389999999999873,7.922500000000037,0.556,1.0,,,12,0,2.0,2025
2025-02-25 12:00:00+00:00|1.0|vol_trans_fade_h1_low_to_high_h12_tp06_sl065,2025-02-25 12:00:00+00:00,STAGE28A,data/reports/stage28a_discovery_factory_batch_runner/stage28a_exact_trades.csv,volatility_transition_v1,vol_trans_fade_h1_low_to_high_h12_tp06_sl065,1.6935999999999694,0.6435999999999695,-0.0564000000000302,1,0,1,0,0.6435999999999695,35.16000000000031,18.909999999999854,0.6959280803807486,12.91000000000031,0.05654531371030214,4.919999999999618,6.928999999999974,0.316,1.0,,,12,1,2.0,2025
2025-02-26 12:00:00+00:00|1.0|vol_trans_fade_h1_low_to_high_h12_tp06_sl065,2025-02-26 12:00:00+00:00,STAGE28A,data/reports/stage28a_discovery_factory_batch_runner/stage28a_exact_trades.csv,volatility_transition_v1,vol_trans_fade_h1_low_to_high_h12_tp06_sl065,-3.0517249999998968,-4.101724999999897,-4.801724999999896,0,0,0,1,4.101724999999897,65.84999999999991,17.43000000000029,0.20998278829602945,15.239999999999782,0.1496062992126137,6.6599999999998545,10.047000000000049,0.92,1.0,,,12,2,2.0,2025
2025-02-27 12:00:00+00:00|-1.0|vol_trans_fade_h1_low_to_high_h12_tp06_sl065,2025-02-27 12:00:00+00:00,STAGE28A,data/reports/stage28a_discovery_factory_batch_runner/stage28a_exact_trades.csv,volatility_transition_v1,vol_trans_fade_h1_low_to_high_h12_tp06_sl065,-3.8287999999998648,-4.878799999999865,-5.578799999999864,0,0,0,1,4.878799999999865,39.42000000000007,24.509999999999764,0.8869849041207667,21.610000000000127,0.2512725590004537,16.390000000000327,7.817500000000064,0.608,-1.0,,,12,3,2.0,2025
2025-02-28 12:00:00+00:00|-1.0|vol_trans_fade_h1_low_to_high_h12_tp06_sl065,2025-02-28 12:00:00+00:00,STAGE28A,data/reports/stage28a_discovery_factory_batch_runner/stage28a_exact_trades.csv,volatility_transition_v1,vol_trans_fade_h1_low_to_high_h12_tp06_sl065,-2.6900000000001456,-3.7400000000001454,-4.440000000000145,0,0,0,1,3.7400000000001454,53.149999999999636,28.039999999999964,0.44721825962910056,15.940000000000055,0.04454203262233588,8.480000000000018,8.450999999999999,0.688,-1.0,,,12,4,2.0,2025
2025-03-03 12:00:00+00:00|1.0|vol_trans_fade_h1_low_to_high_h12_tp06_sl065,2025-03-03 12:00:00+00:00,STAGE28A,data/reports/stage28a_discovery_factory_batch_runner/stage28a_exact_trades.csv,volatility_transition_v1,vol_trans_fade_h1_low_to_high_h12_tp06_sl065,1.7362000000001898,0.68620000000019,-0.0137999999998097,1,0,1,0,0.68620000000019,21.38000000000011,21.38000000000011,0.1585594013096284,14.730000000000018,0.30414120841819503,7.220000000000255,8.840499999999997,0.728,1.0,,,12,0,3.0,2025
2025-03-04 12:00:00+00:00|-1.0|vol_trans_fade_h1_low_to_high_h12_tp06_sl065,2025-03-04 12:00:00+00:00,STAGE28A,data/reports/stage28a_discovery_factory_batch_runner/stage28a_exact_trades.csv,volatility_transition_v1,vol_trans_fade_h1_low_to_high_h12_tp06_sl065,2.428899999999794,1.3788999999997942,0.6788999999997944,1,1,1,0,1.3788999999997942,39.940000000000055,11.83999999999969,0.03378378378375394,36.98000000000002,0.6311519740400252,8.809999999999945,8.672000000000025,0.736,-1.0,,,12,1,3.0,2025
2025-03-05 12:00:00+00:00|1.0|vol_trans_fade_h1_low_to_high_h12_tp06_sl065,2025-03-05 12:00:00+00:00,STAGE28A,data/reports/stage28a_discovery_factory_batch_runner/stage28a_exact_trades.csv,volatility_transition_v1,vol_trans_fade_h1_low_to_high_h12_tp06_sl065,-2.733550000000014,-3.7835500000000137,-4.4835500000000135,0,0,0,1,3.7835500000000137,45.84999999999991,16.070000000000164,0.24268823895457692,13.5,0.2125925925925845,9.329999999999927,8.136500000000137,0.552,1.0,,,12,2,3.0,2025
2025-03-06 12:00:00+00:00|1.0|vol_trans_fade_h1_low_to_high_h12_tp06_sl065,2025-03-06 12:00:00+00:00,STAGE28A,data/reports/stage28a_discovery_factory_batch_runner/stage28a_exact_trades.csv,volatility_transition_v1,vol_trans_fade_h1_low_to_high_h12_tp06_sl065,2.366199999999844,1.3161999999998444,0.6161999999998446,1,1,1,0,1.3161999999998444,35.82999999999993,10.510000000000218,0.08658420551858138,31.970000000000255,0.5711604629339887,13.980000000000018,8.158000000000062,0.492,1.0,,,12,3,3.0,2025
2025-03-07 12:00:00+00:00|1.0|vol_trans_fade_h1_low_to_high_h12_tp06_sl065,2025-03-07 12:00:00+00:00,STAGE28A,data/reports/stage28a_discovery_factory_batch_runner/stage28a_exact_trades.csv,volatility_transition_v1,vol_trans_fade_h1_low_to_high_h12_tp06_sl065,-2.1063000000000103,-3.15630000000001,-3.85630000000001,0,0,0,1,3.15630000000001,35.41000000000031,18.309999999999945,0.1982523211359978,16.63000000000011,0.6806975345760454,2.8200000000001637,7.621499999999946,0.228,1.0,,,12,4,3.0,2025
2025-03-10 12:00:00+00:00|-1.0|vol_trans_fade_h1_low_to_high_h12_tp06_sl065,2025-03-10 12:00:00+00:00,STAGE28A,data/reports/stage28a_discovery_factory_batch_runner/stage28a_exact_trades.csv,volatility_transition_v1,vol_trans_fade_h1_low_to_high_h12_tp06_sl065,2.261199999999826,1.2111999999998262,0.5111999999998265,1,1,1,0,1.2111999999998262,7.430000000000291,10.139999999999873,0.0009861932939071404,18.789999999999964,0.4326769558275503,18.75,7.062000000000012,0.096,-1.0,,,12,0,3.0,2025
2025-03-11 12:00:00+00:00|-1.0|vol_trans_fade_h1_low_to_high_h12_tp06_sl065,2025-03-11 12:00:00+00:00,STAGE28A,data/reports/stage28a_discovery_factory_batch_runner/stage28a_exact_trades.csv,volatility_transition_v1,vol_trans_fade_h1_low_to_high_h12_tp06_sl065,-2.2967500000000656,-3.3467500000000654,-4.046750000000065,0,0,0,1,3.3467500000000654,38.289999999999964,20.169999999999618,0.4615765989092772,21.789999999999964,0.6608536025699915,3.75,7.462999999999897,0.216,-1.0,,,12,1,3.0,2025
2025-03-12 12:00:00+00:00|1.0|vol_trans_fade_h1_low_to_high_h12_tp06_sl065,2025-03-12 12:00:00+00:00,STAGE28A,data/reports/stage28a_discovery_factory_batch_runner/stage28a_exact_trades.csv,volatility_transition_v1,vol_trans_fade_h1_low_to_high_h12_tp06_sl065,-2.664649999999801,-3.714649999999801,-4.414649999999801,0,0,0,1,3.714649999999801,41.909999999999854,9.090000000000146,0.10121012101205756,16.450000000000273,0.043161094224925506,11.730000000000018,5.618999999999983,0.024,1.0,,,12,2,3.0,2025
2025-03-13 12:00:00+00:00|-1.0|vol_trans_fade_h1_low_to_high_h12_tp06_sl065,2025-03-13 12:00:00+00:00,STAGE28A,data/reports/stage28a_discovery_factory_batch_runner/stage28a_exact_trades.csv,volatility_transition_v1,vol_trans_fade_h1_low_to_high_h12_tp06_sl065,-2.4377999999997884,-3.487799999999788,-4.187799999999788,0,0,0,1,3.487799999999788,34.40000000000009,14.309999999999945,0.8315863032844261,15.86999999999989,0.043478260869568956,7.820000000000164,5.791999999999985,0.048,-1.0,,,12,3,3.0,2025
2025-03-14 12:00:00+00:00|-1.0|vol_trans_fade_h1_low_to_high_h12_tp06_sl065,2025-03-14 12:00:00+00:00,STAGE28A,data/reports/stage28a_discovery_factory_batch_runner/stage28a_exact_trades.csv,volatility_transition_v1,vol_trans_fade_h1_low_to_high_h12_tp06_sl065,1.6404999999998835,0.5904999999998837,-0.109500000000116,1,0,1,0,0.5904999999998837,56.50999999999976,12.150000000000091,0.27160493827158044,24.0,0.32583333333334014,6.789999999999964,7.393499999999972,0.332,-1.0,,,12,4,3.0,2025
2025-03-17 12:00:00+00:00|-1.0|vol_trans_fade_h1_low_to_high_h12_tp06_sl065,2025-03-17 12:00:00+00:00,STAGE28A,data/reports/stage28a_discovery_factory_batch_runner/stage28a_exact_trades.csv,volatility_transition_v1,vol_trans_fade_h1_low_to_high_h12_tp06_sl065,1.13050000000012,0.0805000000001201,-0.6194999999998796,1,0,0,0,0.0805000000001201,10.909999999999854,11.659999999999854,0.14493996569468917,17.420000000000073,0.9466130884041167,9.199999999999818,5.64699999999998,0.044,-1.0,,,12,0,3.0,2025
2025-03-18 12:00:00+00:00|1.0|vol_trans_fade_h1_low_to_high_h12_tp06_sl065,2025-03-18 12:00:00+00:00,STAGE28A,data/reports/stage28a_discovery_factory_batch_runner/stage28a_exact_trades.csv,volatility_transition_v1,vol_trans_fade_h1_low_to_high_h12_tp06_sl065,-2.980549999999857,-4.030549999999858,-4.730549999999857,0,0,0,1,4.030549999999858,20.670000000000073,17.58999999999969,0.8095508811824919,22.340000000000146,0.4185317815577372,10.389999999999873,6.042499999999995,0.184,1.0,,,12,1,3.0,2025
2025-03-19 12:00:00+00:00|-1.0|vol_trans_fade_h1_low_to_high_h12_tp06_sl065,2025-03-19 12:00:00+00:00,STAGE28A,data/reports/stage28a_discovery_factory_batch_runner/stage28a_exact_trades.csv,volatility_transition_v1,vol_trans_fade_h1_low_to_high_h12_tp06_sl065,-3.066350000000148,-4.116350000000148,-4.816350000000147,0,0,0,1,4.116350000000148,38.73999999999978,11.580000000000382,0.2573402417961934,22.529999999999745,0.08521970705726119,8.319999999999709,5.871499999999992,0.168,-1.0,,,12,2,3.0,2025
2025-03-20 12:00:00+00:00|1.0|vol_trans_fade_h1_low_to_high_h12_tp06_sl065,2025-03-20 12:00:00+00:00,STAGE28A,data/reports/stage28a_discovery_factory_batch_runner/stage28a_exact_trades.csv,volatility_transition_v1,vol_trans_fade_h1_low_to_high_h12_tp06_sl065,1.8378999999998995,0.7878999999998997,0.0878999999998999,1,1,1,0,0.7878999999998997,29.179999999999836,12.38000000000011,0.4491114701130773,28.149999999999636,0.6600355239786916,5.620000000000346,6.7690000000000285,0.412,1.0,,,12,3,3.0,2025
2025-03-24 12:00:00+00:00|1.0|vol_trans_fade_h1_low_to_high_h12_tp06_sl065,2025-03-24 12:00:00+00:00,STAGE28A,data/reports/stage28a_discovery_factory_batch_runner/stage28a_exact_trades.csv,volatility_transition_v1,vol_trans_fade_h1_low_to_high_h12_tp06_sl065,-2.3923000000000685,-3.4423000000000683,-4.142300000000068,0,0,0,1,3.4423000000000683,5.869999999999891,12.66000000000031,0.09794628751976352,15.970000000000255,0.5453976205385033,8.33999999999969,6.266500000000019,0.34,1.0,,,12,0,3.0,2025
2025-03-25 12:00:00+00:00|-1.0|vol_trans_fade_h1_low_to_high_h12_tp06_sl065,2025-03-25 12:00:00+00:00,STAGE28A,data/reports/stage28a_discovery_factory_batch_runner/stage28a_exact_trades.csv,volatility_transition_v1,vol_trans_fade_h1_low_to_high_h12_tp06_sl065,1.365099999999893,0.3150999999998931,-0.3849000000001066,1,0,1,0,0.3150999999998931,30.789999999999964,8.889999999999873,0.4915635545556753,14.550000000000182,0.5862542955326212,4.4900000000002365,6.138500000000045,0.312,-1.0,,,12,1,3.0,2025
2025-03-28 12:00:00+00:00|1.0|vol_trans_fade_h1_low_to_high_h12_tp06_sl065,2025-03-28 12:00:00+00:00,STAGE28A,data/reports/stage28a_discovery_factory_batch_runner/stage28a_exact_trades.csv,volatility_transition_v1,vol_trans_fade_h1_low_to_high_h12_tp06_sl065,-3.091700000000037,-4.1417000000000375,-4.841700000000037,0,0,0,1,4.1417000000000375,42.07999999999993,23.289999999999964,0.7745813653928721,19.770000000000437,0.018715225088535025,6.460000000000036,7.060000000000059,0.624,1.0,,,12,4,3.0,2025
2025-03-31 12:00:00+00:00|1.0|vol_trans_fade_h1_low_to_high_h12_tp06_sl065,2025-03-31 12:00:00+00:00,STAGE28A,data/reports/stage28a_discovery_factory_batch_runner/stage28a_exact_trades.csv,volatility_transition_v1,vol_trans_fade_h1_low_to_high_h12_tp06_sl065,-3.57400000000016,-4.62400000000016,-5.32400000000016,0,0,0,1,4.62400000000016,12.38000000000011,34.820000000000164,0.49109707064904734,22.2199999999998,0.3510351035103419,6.220000000000255,9.962000000000035,0.984,1.0,,,12,0,3.0,2025
2025-04-01 12:00:00+00:00|-1.0|vol_trans_fade_h1_low_to_high_h12_tp06_sl065,2025-04-01 12:00:00+00:00,STAGE28A,data/reports/stage28a_discovery_factory_batch_runner/stage28a_exact_trades.csv,volatility_transition_v1,vol_trans_fade_h1_low_to_high_h12_tp06_sl065,-3.7592499999997018,-4.809249999999702,-5.509249999999701,0,0,0,1,4.809249999999702,51.42000000000007,27.210000000000036,0.8515251745681582,24.809999999999945,0.5630794034663373,9.209999999999582,9.429499999999916,0.928,-1.0,,,12,1,4.0,2025
2025-04-02 12:00:00+00:00|-1.0|vol_trans_fade_h1_low_to_high_h12_tp06_sl065,2025-04-02 12:00:00+00:00,STAGE28A,data/reports/stage28a_discovery_factory_batch_runner/stage28a_exact_trades.csv,volatility_transition_v1,vol_trans_fade_h1_low_to_high_h12_tp06_sl065,2.417800000000079,1.3678000000000794,0.6678000000000797,1,1,1,0,1.3678000000000794,48.38000000000011,27.879999999999654,0.5068149210903976,24.329999999999927,0.23386765310316776,10.610000000000127,9.52900000000002,0.912,-1.0,,,12,2,4.0,2025
2025-04-03 12:00:00+00:00|-1.0|vol_trans_fade_h1_low_to_high_h12_tp06_sl065,2025-04-03 12:00:00+00:00,STAGE28A,data/reports/stage28a_discovery_factory_batch_runner/stage28a_exact_trades.csv,volatility_transition_v1,vol_trans_fade_h1_low_to_high_h12_tp06_sl065,3.335500000000047,2.2855000000000474,1.5855000000000476,1,1,1,0,2.2855000000000474,41.36000000000013,45.86000000000013,0.04513737461839737,33.409999999999854,0.7934750074827995,6.019999999999982,14.436999999999989,0.984,-1.0,,,12,3,4.0,2025
2025-04-04 12:00:00+00:00|1.0|vol_trans_fade_h1_low_to_high_h12_tp06_sl065,2025-04-04 12:00:00+00:00,STAGE28A,data/reports/stage28a_discovery_factory_batch_runner/stage28a_exact_trades.csv,volatility_transition_v1,vol_trans_fade_h1_low_to_high_h12_tp06_sl065,-4.178175000000101,-5.2281750000001015,-5.928175000000101,0,0,0,1,5.2281750000001015,113.61000000000013,29.670000000000073,0.572295247724974,31.329999999999927,0.25247366741143723,15.539999999999964,14.595500000000039,0.9,1.0,,,12,4,4.0,2025
2025-04-07 12:00:00+00:00|-1.0|vol_trans_fade_h1_low_to_high_h12_tp06_sl065,2025-04-07 12:00:00+00:00,STAGE28A,data/reports/stage28a_discovery_factory_batch_runner/stage28a_exact_trades.csv,volatility_transition_v1,vol_trans_fade_h1_low_to_high_h12_tp06_sl065,5.926299999999992,4.876299999999992,4.176299999999992,1,1,1,0,4.876299999999992,31.919999999999618,84.09999999999991,0.11319857312722939,31.210000000000036,0.19801345722524283,17.56999999999971,27.080999999999925,0.972,-1.0,,,12,0,4.0,2025
2025-04-08 12:00:00+00:00|-1.0|vol_trans_fade_h1_low_to_high_h12_tp06_sl065,2025-04-08 12:00:00+00:00,STAGE28A,data/reports/stage28a_discovery_factory_batch_runner/stage28a_exact_trades.csv,volatility_transition_v1,vol_trans_fade_h1_low_to_high_h12_tp06_sl065,-3.9922750000001535,-5.042275000000155,-5.742275000000154,0,0,0,1,5.042275000000155,99.02999999999975,26.2800000000002,0.3047945205479339,24.710000000000036,0.4900849858356985,7.9699999999998,15.305000000000017,0.744,-1.0,,,12,1,4.0,2025
2025-04-09 12:00:00+00:00|-1.0|vol_trans_fade_h1_low_to_high_h12_tp06_sl065,2025-04-09 12:00:00+00:00,STAGE28A,data/reports/stage28a_discovery_factory_batch_runner/stage28a_exact_trades.csv,volatility_transition_v1,vol_trans_fade_h1_low_to_high_h12_tp06_sl065,-5.596474999999918,-6.646474999999919,-7.346474999999918,0,0,0,1,6.646474999999919,47.98000000000002,41.13999999999987,0.5486144871171555,52.7800000000002,0.7663887836301566,12.900000000000091,15.397500000000036,0.74,-1.0,,,12,2,4.0,2025
2025-04-10 12:00:00+00:00|1.0|vol_trans_fade_h1_low_to_high_h12_tp06_sl065,2025-04-10 12:00:00+00:00,STAGE28A,data/reports/stage28a_discovery_factory_batch_runner/stage28a_exact_trades.csv,volatility_transition_v1,vol_trans_fade_h1_low_to_high_h12_tp06_sl065,3.7249000000000714,2.6749000000000707,1.974900000000071,1,1,1,0,2.6749000000000707,129.6500000000001,60.11999999999989,0.7538256819693986,29.460000000000036,0.30040733197557207,10.859999999999673,19.59300000000003,0.824,1.0,,,12,3,4.0,2025
2025-04-11 12:00:00+00:00|-1.0|vol_trans_fade_h1_low_to_high_h12_tp06_sl065,2025-04-11 12:00:00+00:00,STAGE28A,data/reports/stage28a_discovery_factory_batch_runner/stage28a_exact_trades.csv,volatility_transition_v1,vol_trans_fade_h1_low_to_high_h12_tp06_sl065,5.777500000000055,4.727500000000054,4.027500000000055,1,1,1,0,4.727500000000054,117.48000000000002,44.58999999999969,0.6503700381251447,42.960000000000036,0.23114525139664405,18.960000000000036,17.047000000000025,0.72,-1.0,,,12,4,4.0,2025
2025-04-14 12:00:00+00:00|1.0|vol_trans_fade_h1_low_to_high_h12_tp06_sl065,2025-04-14 12:00:00+00:00,STAGE28A,data/reports/stage28a_discovery_factory_batch_runner/stage28a_exact_trades.csv,volatility_transition_v1,vol_trans_fade_h1_low_to_high_h12_tp06_sl065,-4.279575000000113,-5.329575000000114,-6.029575000000113,0,0,0,1,5.329575000000114,20.509999999999764,36.29999999999973,0.31129476584022775,21.460000000000036,0.39422180801491247,13.379999999999654,12.988500000000045,0.352,1.0,,,12,0,4.0,2025
2025-04-15 12:00:00+00:00|-1.0|vol_trans_fade_h1_low_to_high_h12_tp06_sl065,2025-04-15 12:00:00+00:00,STAGE28A,data/reports/stage28a_discovery_factory_batch_runner/stage28a_exact_trades.csv,volatility_transition_v1,vol_trans_fade_h1_low_to_high_h12_tp06_sl065,2.245600000000104,1.195600000000104,0.4956000000001044,1,1,1,0,1.195600000000104,52.00999999999976,18.799999999999727,0.8563829787234118,15.259999999999764,0.38204456094364464,7.710000000000036,9.019999999999936,0.064,-1.0,,,12,1,4.0,2025
2025-04-16 12:00:00+00:00|-1.0|vol_trans_fade_h1_low_to_high_h12_tp06_sl065,2025-04-16 12:00:00+00:00,STAGE28A,data/reports/stage28a_discovery_factory_batch_runner/stage28a_exact_trades.csv,volatility_transition_v1,vol_trans_fade_h1_low_to_high_h12_tp06_sl065,4.350400000000173,3.3004000000001725,2.600400000000173,1,1,1,0,3.3004000000001725,31.389999999999873,51.76000000000022,0.7735703245749574,48.39000000000033,0.4552593511056014,29.170000000000073,11.94849999999999,0.252,-1.0,,,12,2,4.0,2025
2025-04-17 12:00:00+00:00|-1.0|vol_trans_fade_h1_low_to_high_h12_tp06_sl065,2025-04-17 12:00:00+00:00,STAGE28A,data/reports/stage28a_discovery_factory_batch_runner/stage28a_exact_trades.csv,volatility_transition_v1,vol_trans_fade_h1_low_to_high_h12_tp06_sl065,-4.221075000000019,-5.271075000000019,-5.971075000000019,0,0,0,1,5.271075000000019,121.34000000000015,36.90000000000009,0.17723577235772214,32.649999999999636,0.7038284839203759,12.059999999999945,13.138499999999976,0.276,-1.0,,,12,3,4.0,2025
2025-04-21 12:00:00+00:00|-1.0|vol_trans_fade_h1_low_to_high_h12_tp06_sl065,2025-04-21 12:00:00+00:00,STAGE28A,data/reports/stage28a_discovery_factory_batch_runner/stage28a_exact_trades.csv,volatility_transition_v1,vol_trans_fade_h1_low_to_high_h12_tp06_sl065,2.577099999999882,1.5270999999998822,0.8270999999998825,1,1,1,0,1.5270999999998822,24.230000000000018,56.29999999999973,0.6460035523978698,27.25,0.4565137614678919,10.440000000000055,13.979499999999984,0.364,-1.0,,,12,0,4.0,2025
2025-04-22 12:00:00+00:00|1.0|vol_trans_fade_h1_low_to_high_h12_tp06_sl065,2025-04-22 12:00:00+00:00,STAGE28A,data/reports/stage28a_discovery_factory_batch_runner/stage28a_exact_trades.csv,volatility_transition_v1,vol_trans_fade_h1_low_to_high_h12_tp06_sl065,-7.109349999999813,-8.159349999999813,-8.859349999999813,0,0,0,1,8.159349999999813,102.19999999999982,82.3100000000004,0.6886162070222277,56.809999999999945,0.5835240274599564,29.48999999999978,19.012500000000045,0.852,1.0,,,12,1,4.0,2025
2025-04-23 12:00:00+00:00|-1.0|vol_trans_fade_h1_low_to_high_h12_tp06_sl065,2025-04-23 12:00:00+00:00,STAGE28A,data/reports/stage28a_discovery_factory_batch_runner/stage28a_exact_trades.csv,volatility_transition_v1,vol_trans_fade_h1_low_to_high_h12_tp06_sl065,6.121599999999853,5.071599999999853,4.371599999999853,1,1,1,0,5.071599999999853,174.55999999999995,73.46000000000004,0.1497413558399128,57.48999999999978,0.37049921725517937,16.0,26.51699999999994,0.984,-1.0,,,12,2,4.0,2025
2025-04-24 12:00:00+00:00|-1.0|vol_trans_fade_h1_low_to_high_h12_tp06_sl065,2025-04-24 12:00:00+00:00,STAGE28A,data/reports/stage28a_discovery_factory_batch_runner/stage28a_exact_trades.csv,volatility_transition_v1,vol_trans_fade_h1_low_to_high_h12_tp06_sl065,-5.502224999999816,-6.552224999999817,-7.252224999999816,0,0,0,1,6.552224999999817,126.44999999999982,79.0,0.23063291139240252,28.09999999999991,0.312455516014243,14.239999999999782,20.528500000000076,0.78,-1.0,,,12,3,4.0,2025
2025-04-25 12:00:00+00:00|1.0|vol_trans_fade_h1_low_to_high_h12_tp06_sl065,2025-04-25 12:00:00+00:00,STAGE28A,data/reports/stage28a_discovery_factory_batch_runner/stage28a_exact_trades.csv,volatility_transition_v1,vol_trans_fade_h1_low_to_high_h12_tp06_sl065,-5.711849999999776,-6.761849999999777,-7.461849999999776,0,0,0,1,6.761849999999777,79.0,48.029999999999745,0.906516760358123,40.48999999999978,0.7698197085700232,15.950000000000273,17.335500000000003,0.708,1.0,,,12,4,4.0,2025
2025-04-28 12:00:00+00:00|1.0|vol_trans_fade_h1_low_to_high_h12_tp06_sl065,2025-04-28 12:00:00+00:00,STAGE28A,data/reports/stage28a_discovery_factory_batch_runner/stage28a_exact_trades.csv,volatility_transition_v1,vol_trans_fade_h1_low_to_high_h12_tp06_sl065,-4.536975000000075,-5.586975000000075,-6.286975000000075,0,0,0,1,5.586975000000075,21.850000000000364,62.68000000000029,0.3162093171665615,26.480000000000018,0.6182024169184245,9.220000000000255,15.984000000000083,0.54,1.0,,,12,0,4.0,2025
2025-04-29 12:00:00+00:00|1.0|vol_trans_fade_h1_low_to_high_h12_tp06_sl065,2025-04-29 12:00:00+00:00,STAGE28A,data/reports/stage28a_discovery_factory_batch_runner/stage28a_exact_trades.csv,volatility_transition_v1,vol_trans_fade_h1_low_to_high_h12_tp06_sl065,-4.055974999999853,-5.105974999999853,-5.805974999999853,0,0,0,1,5.105974999999853,84.68000000000029,40.26999999999998,0.5495406009436334,19.720000000000255,0.35699797160242763,13.13000000000011,13.893000000000029,0.352,1.0,,,12,1,4.0,2025
2025-04-30 12:00:00+00:00|1.0|vol_trans_fade_h1_low_to_high_h12_tp06_sl065,2025-04-30 12:00:00+00:00,STAGE28A,data/reports/stage28a_discovery_factory_batch_runner/stage28a_exact_trades.csv,volatility_transition_v1,vol_trans_fade_h1_low_to_high_h12_tp06_sl065,-4.318574999999873,-5.368574999999874,-6.068574999999873,0,0,0,1,5.368574999999874,48.690000000000055,24.269999999999982,0.5937371240214201,39.57999999999993,0.7271349166245528,27.36999999999989,11.81749999999995,0.18,1.0,,,12,2,4.0,2025
2025-05-01 12:00:00+00:00|-1.0|vol_trans_fade_h1_low_to_high_h12_tp06_sl065,2025-05-01 12:00:00+00:00,STAGE28A,data/reports/stage28a_discovery_factory_batch_runner/stage28a_exact_trades.csv,volatility_transition_v1,vol_trans_fade_h1_low_to_high_h12_tp06_sl065,-4.050124999999843,-5.100124999999844,-5.800124999999843,0,0,0,1,5.100124999999844,60.86999999999989,61.15000000000009,0.7282093213409596,27.449999999999818,0.39744990892533266,6.630000000000109,14.77049999999997,0.48,-1.0,,,12,3,5.0,2025
2025-05-02 12:00:00+00:00|1.0|vol_trans_fade_h1_low_to_high_h12_tp06_sl065,2025-05-02 12:00:00+00:00,STAGE28A,data/reports/stage28a_discovery_factory_batch_runner/stage28a_exact_trades.csv,volatility_transition_v1,vol_trans_fade_h1_low_to_high_h12_tp06_sl065,-3.857724999999937,-4.907724999999937,-5.607724999999936,0,0,0,1,4.907724999999937,88.20000000000027,31.109999999999673,0.5483767277402805,20.670000000000073,0.49443638122882266,6.319999999999709,11.187499999999977,0.028,1.0,,,12,4,5.0,2025
2025-05-05 12:00:00+00:00|-1.0|vol_trans_fade_h1_low_to_high_h12_tp06_sl065,2025-05-05 12:00:00+00:00,STAGE28A,data/reports/stage28a_discovery_factory_batch_runner/stage28a_exact_trades.csv,volatility_transition_v1,vol_trans_fade_h1_low_to_high_h12_tp06_sl065,2.892999999999938,1.8429999999999385,1.1429999999999385,1,1,1,0,1.8429999999999385,7.070000000000164,34.75,0.4330935251798483,55.36000000000013,0.9750722543352582,19.800000000000182,13.237000000000103,0.228,-1.0,,,12,0,5.0,2025
2025-05-06 12:00:00+00:00|-1.0|vol_trans_fade_h1_low_to_high_h12_tp06_sl065,2025-05-06 12:00:00+00:00,STAGE28A,data/reports/stage28a_discovery_factory_batch_runner/stage28a_exact_trades.csv,volatility_transition_v1,vol_trans_fade_h1_low_to_high_h12_tp06_sl065,-4.551599999999871,-5.601599999999872,-6.301599999999871,0,0,0,1,5.601599999999872,100.18000000000029,63.51999999999998,0.4711901763224157,32.86999999999989,0.6905993306966807,14.449999999999818,14.066500000000042,0.424,-1.0,,,12,1,5.0,2025
2025-05-07 12:00:00+00:00|1.0|vol_trans_fade_h1_low_to_high_h12_tp06_sl065,2025-05-07 12:00:00+00:00,STAGE28A,data/reports/stage28a_discovery_factory_batch_runner/stage28a_exact_trades.csv,volatility_transition_v1,vol_trans_fade_h1_low_to_high_h12_tp06_sl065,-4.11220000000012,-5.162200000000121,-5.86220000000012,0,0,0,1,5.162200000000121,111.4699999999998,78.80000000000018,0.07398477157360296,27.629999999999654,0.20123054650742,10.269999999999982,19.203500000000055,0.844,1.0,,,12,2,5.0,2025
2025-05-08 12:00:00+00:00|1.0|vol_trans_fade_h1_low_to_high_h12_tp06_sl065,2025-05-08 12:00:00+00:00,STAGE28A,data/reports/stage28a_discovery_factory_batch_runner/stage28a_exact_trades.csv,volatility_transition_v1,vol_trans_fade_h1_low_to_high_h12_tp06_sl065,-6.3910999999999145,-7.441099999999915,-8.141099999999915,0,0,0,1,7.441099999999915,78.80000000000018,50.23000000000002,0.5377264582918525,79.16000000000031,0.8227640222334494,7.080000000000382,16.309499999999957,0.672,1.0,,,12,3,5.0,2025
2025-05-09 12:00:00+00:00|-1.0|vol_trans_fade_h1_low_to_high_h12_tp06_sl065,2025-05-09 12:00:00+00:00,STAGE28A,data/reports/stage28a_discovery_factory_batch_runner/stage28a_exact_trades.csv,volatility_transition_v1,vol_trans_fade_h1_low_to_high_h12_tp06_sl065,3.455499999999938,2.4054999999999382,1.7054999999999385,1,1,1,0,2.4054999999999382,126.18000000000029,49.309999999999945,0.3214358142364617,24.079999999999927,0.7093023255813945,8.659999999999854,16.97199999999998,0.808,-1.0,,,12,4,5.0,2025
2025-05-12 12:00:00+00:00|-1.0|vol_trans_fade_h1_low_to_high_h12_tp06_sl065,2025-05-12 12:00:00+00:00,STAGE28A,data/reports/stage28a_discovery_factory_batch_runner/stage28a_exact_trades.csv,volatility_transition_v1,vol_trans_fade_h1_low_to_high_h12_tp06_sl065,5.318500000000222,4.268500000000222,3.5685000000002223,1,1,1,0,4.268500000000222,44.57999999999993,52.61999999999989,0.20600532117066073,70.42999999999984,0.9747266789720325,13.63000000000011,18.930000000000042,0.94,-1.0,,,12,0,5.0,2025
2025-05-13 12:00:00+00:00|1.0|vol_trans_fade_h1_low_to_high_h12_tp06_sl065,2025-05-13 12:00:00+00:00,STAGE28A,data/reports/stage28a_discovery_factory_batch_runner/stage28a_exact_trades.csv,volatility_transition_v1,vol_trans_fade_h1_low_to_high_h12_tp06_sl065,3.155200000000059,2.105200000000059,1.4052000000000593,1,1,1,0,2.105200000000059,103.59999999999991,27.399999999999636,0.1021897810219058,30.669999999999618,0.5441799804369176,10.659999999999854,12.40349999999994,0.18,1.0,,,12,1,5.0,2025
2025-05-14 12:00:00+00:00|1.0|vol_trans_fade_h1_low_to_high_h12_tp06_sl065,2025-05-14 12:00:00+00:00,STAGE28A,data/reports/stage28a_discovery_factory_batch_runner/stage28a_exact_trades.csv,volatility_transition_v1,vol_trans_fade_h1_low_to_high_h12_tp06_sl065,3.1492000000002007,2.099200000000201,1.3992000000002012,1,1,1,0,2.099200000000201,49.629999999999654,30.800000000000182,0.849025974025972,22.360000000000127,0.1797853309481198,13.360000000000127,10.652999999999997,0.056,1.0,,,12,2,5.0,2025
2025-05-15 12:00:00+00:00|-1.0|vol_trans_fade_h1_low_to_high_h12_tp06_sl065,2025-05-15 12:00:00+00:00,STAGE28A,data/reports/stage28a_discovery_factory_batch_runner/stage28a_exact_trades.csv,volatility_transition_v1,vol_trans_fade_h1_low_to_high_h12_tp06_sl065,5.2024000000000346,4.152400000000034,3.4524000000000346,1,1,1,0,4.152400000000034,88.99000000000024,44.320000000000164,0.7274368231046958,50.940000000000055,0.290341578327443,25.139999999999873,15.043000000000097,0.604,-1.0,,,12,3,5.0,2025
2025-05-16 12:00:00+00:00|1.0|vol_trans_fade_h1_low_to_high_h12_tp06_sl065,2025-05-16 12:00:00+00:00,STAGE28A,data/reports/stage28a_discovery_factory_batch_runner/stage28a_exact_trades.csv,volatility_transition_v1,vol_trans_fade_h1_low_to_high_h12_tp06_sl065,3.982899999999881,2.932899999999881,2.2328999999998818,1,1,1,0,2.932899999999881,131.69000000000005,45.57999999999993,0.8600263273365585,35.88000000000011,0.07413600891861333,13.659999999999854,13.450999999999931,0.4,1.0,,,12,4,5.0,2025
2025-05-19 12:00:00+00:00|-1.0|vol_trans_fade_h1_low_to_high_h12_tp06_sl065,2025-05-19 12:00:00+00:00,STAGE28A,data/reports/stage28a_discovery_factory_batch_runner/stage28a_exact_trades.csv,volatility_transition_v1,vol_trans_fade_h1_low_to_high_h12_tp06_sl065,-4.02574999999988,-5.07574999999988,-5.77574999999988,0,0,0,1,5.07574999999988,34.039999999999964,43.0,0.6297674418604634,40.88999999999987,0.7282954267547149,14.83999999999969,16.026999999999997,0.676,-1.0,,,12,0,5.0,2025
2025-05-20 12:00:00+00:00|-1.0|vol_trans_fade_h1_low_to_high_h12_tp06_sl065,2025-05-20 12:00:00+00:00,STAGE28A,data/reports/stage28a_discovery_factory_batch_runner/stage28a_exact_trades.csv,volatility_transition_v1,vol_trans_fade_h1_low_to_high_h12_tp06_sl065,-4.011775000000034,-5.0617750000000346,-5.761775000000034,0,0,0,1,5.0617750000000346,43.039999999999964,28.140000000000327,0.5501066098080805,31.31999999999971,0.7962962962963054,17.4699999999998,10.606999999999994,0.076,-1.0,,,12,1,5.0,2025
2025-05-21 12:00:00+00:00|1.0|vol_trans_fade_h1_low_to_high_h12_tp06_sl065,2025-05-21 12:00:00+00:00,STAGE28A,data/reports/stage28a_discovery_factory_batch_runner/stage28a_exact_trades.csv,volatility_transition_v1,vol_trans_fade_h1_low_to_high_h12_tp06_sl065,3.1047999999999774,2.054799999999977,1.3547999999999778,1,1,1,0,2.054799999999977,92.44000000000005,29.09999999999991,0.3731958762886497,22.159999999999854,0.26579422382673135,8.289999999999964,13.031999999999925,0.316,1.0,,,12,2,5.0,2025
2025-05-22 12:00:00+00:00|1.0|vol_trans_fade_h1_low_to_high_h12_tp06_sl065,2025-05-22 12:00:00+00:00,STAGE28A,data/reports/stage28a_discovery_factory_batch_runner/stage28a_exact_trades.csv,volatility_transition_v1,vol_trans_fade_h1_low_to_high_h12_tp06_sl065,-3.631199999999899,-4.681199999999899,-5.3811999999998985,0,0,0,1,4.681199999999899,39.2800000000002,29.789999999999964,0.5877811346089219,35.23999999999978,0.8688989784336004,19.639999999999873,10.45649999999996,0.092,1.0,,,12,3,5.0,2025
2025-05-23 12:00:00+00:00|1.0|vol_trans_fade_h1_low_to_high_h12_tp06_sl065,2025-05-23 12:00:00+00:00,STAGE28A,data/reports/stage28a_discovery_factory_batch_runner/stage28a_exact_trades.csv,volatility_transition_v1,vol_trans_fade_h1_low_to_high_h12_tp06_sl065,-3.518099999999868,-4.568099999999868,-5.268099999999867,0,0,0,1,4.568099999999868,66.07000000000016,21.76000000000022,0.197150735294114,32.4399999999996,0.8187422934648666,6.820000000000164,11.759500000000026,0.24,1.0,,,12,4,5.0,2025
2025-05-26 12:00:00+00:00|1.0|vol_trans_fade_h1_low_to_high_h12_tp06_sl065,2025-05-26 12:00:00+00:00,STAGE28A,data/reports/stage28a_discovery_factory_batch_runner/stage28a_exact_trades.csv,volatility_transition_v1,vol_trans_fade_h1_low_to_high_h12_tp06_sl065,-2.974049999999897,-4.024049999999898,-4.724049999999897,0,0,0,1,4.024049999999898,14.840000000000146,25.259999999999764,0.1270783847981024,28.269999999999982,0.6742129465864859,8.539999999999964,9.921500000000037,0.028,1.0,,,12,0,5.0,2025
2025-05-27 12:00:00+00:00|-1.0|vol_trans_fade_h1_low_to_high_h12_tp06_sl065,2025-05-27 12:00:00+00:00,STAGE28A,data/reports/stage28a_discovery_factory_batch_runner/stage28a_exact_trades.csv,volatility_transition_v1,vol_trans_fade_h1_low_to_high_h12_tp06_sl065,4.346199999999863,3.2961999999998626,2.596199999999863,1,1,1,0,3.2961999999998626,33.23999999999978,18.09999999999991,0.3596685082872816,48.90000000000009,0.9141104294478474,14.230000000000018,8.959500000000048,0.064,-1.0,,,12,1,5.0,2025
2025-05-28 12:00:00+00:00|-1.0|vol_trans_fade_h1_low_to_high_h12_tp06_sl065,2025-05-28 12:00:00+00:00,STAGE28A,data/reports/stage28a_discovery_factory_batch_runner/stage28a_exact_trades.csv,volatility_transition_v1,vol_trans_fade_h1_low_to_high_h12_tp06_sl065,-3.759900000000107,-4.809900000000107,-5.509900000000107,0,0,0,1,4.809900000000107,64.65999999999985,24.050000000000182,0.22910602910601754,31.070000000000164,0.8464757000321868,8.610000000000127,10.038500000000067,0.16,-1.0,,,12,2,5.0,2025
2025-05-29 12:00:00+00:00|1.0|vol_trans_fade_h1_low_to_high_h12_tp06_sl065,2025-05-29 12:00:00+00:00,STAGE28A,data/reports/stage28a_discovery_factory_batch_runner/stage28a_exact_trades.csv,volatility_transition_v1,vol_trans_fade_h1_low_to_high_h12_tp06_sl065,-3.486899999999969,-4.536899999999969,-5.236899999999968,0,0,0,1,4.536899999999969,48.7199999999998,49.67000000000007,0.2415945238574589,23.240000000000236,0.3222891566265129,11.070000000000164,14.460999999999967,0.792,1.0,,,12,3,5.0,2025
2025-05-30 12:00:00+00:00|-1.0|vol_trans_fade_h1_low_to_high_h12_tp06_sl065,2025-05-30 12:00:00+00:00,STAGE28A,data/reports/stage28a_discovery_factory_batch_runner/stage28a_exact_trades.csv,volatility_transition_v1,vol_trans_fade_h1_low_to_high_h12_tp06_sl065,3.2472999999999046,2.1972999999999048,1.497299999999905,1,1,1,0,2.1972999999999048,85.5,31.449999999999818,0.6311605723370437,17.59999999999991,0.06193181818182677,7.5900000000001455,9.810500000000024,0.144,-1.0,,,12,4,5.0,2025
2025-06-02 12:00:00+00:00|1.0|vol_trans_fade_h1_low_to_high_h12_tp06_sl065,2025-06-02 12:00:00+00:00,STAGE28A,data/reports/stage28a_discovery_factory_batch_runner/stage28a_exact_trades.csv,volatility_transition_v1,vol_trans_fade_h1_low_to_high_h12_tp06_sl065,2.983299999999781,1.933299999999781,1.2332999999997811,1,1,1,0,1.933299999999781,19.170000000000073,20.759999999999764,0.2076107899807319,50.04999999999973,0.7880119880119933,6.299999999999727,10.888499999999954,0.388,1.0,,,12,0,6.0,2025
2025-06-03 12:00:00+00:00|-1.0|vol_trans_fade_h1_low_to_high_h12_tp06_sl065,2025-06-03 12:00:00+00:00,STAGE28A,data/reports/stage28a_discovery_factory_batch_runner/stage28a_exact_trades.csv,volatility_transition_v1,vol_trans_fade_h1_low_to_high_h12_tp06_sl065,2.836000000000149,1.7860000000001492,1.0860000000001495,1,1,1,0,1.7860000000001492,94.19000000000005,32.42000000000007,0.8932757557063532,16.5,0.27636363636363304,5.179999999999836,10.201500000000033,0.248,-1.0,,,12,1,6.0,2025
2025-06-04 12:00:00+00:00|-1.0|vol_trans_fade_h1_low_to_high_h12_tp06_sl065,2025-06-04 12:00:00+00:00,STAGE28A,data/reports/stage28a_discovery_factory_batch_runner/stage28a_exact_trades.csv,volatility_transition_v1,vol_trans_fade_h1_low_to_high_h12_tp06_sl065,-3.510624999999982,-4.560624999999982,-5.2606249999999815,0,0,0,1,4.560624999999982,59.320000000000164,26.11999999999989,0.07465543644716027,17.25,0.2179710144927663,12.38000000000011,9.81999999999989,0.216,-1.0,,,12,2,6.0,2025
2025-06-05 12:00:00+00:00|-1.0|vol_trans_fade_h1_low_to_high_h12_tp06_sl065,2025-06-05 12:00:00+00:00,STAGE28A,data/reports/stage28a_discovery_factory_batch_runner/stage28a_exact_trades.csv,volatility_transition_v1,vol_trans_fade_h1_low_to_high_h12_tp06_sl065,1.9978000000000065,0.9478000000000066,0.2478000000000069,1,1,1,0,0.9478000000000066,40.88999999999987,15.769999999999982,0.24413443246670347,30.279999999999745,0.6647952443857423,7.190000000000055,8.879500000000007,0.08,-1.0,,,12,3,6.0,2025
2025-06-06 12:00:00+00:00|-1.0|vol_trans_fade_h1_low_to_high_h12_tp06_sl065,2025-06-06 12:00:00+00:00,STAGE28A,data/reports/stage28a_discovery_factory_batch_runner/stage28a_exact_trades.csv,volatility_transition_v1,vol_trans_fade_h1_low_to_high_h12_tp06_sl065,-3.2951500000000125,-4.345150000000013,-5.045150000000012,0,0,0,1,4.345150000000013,64.22000000000025,18.7199999999998,0.5694444444444671,22.740000000000236,0.5721196130167143,9.269999999999982,10.873000000000047,0.54,-1.0,,,12,4,6.0,2025
2025-06-09 12:00:00+00:00|1.0|vol_trans_fade_h1_low_to_high_h12_tp06_sl065,2025-06-09 12:00:00+00:00,STAGE28A,data/reports/stage28a_discovery_factory_batch_runner/stage28a_exact_trades.csv,volatility_transition_v1,vol_trans_fade_h1_low_to_high_h12_tp06_sl065,-2.69552500000018,-3.74552500000018,-4.445525000000179,0,0,0,1,3.74552500000018,11.909999999999854,27.629999999999654,0.1458559536735523,19.210000000000036,0.4122852680895397,5.849999999999909,10.457000000000061,0.488,1.0,,,12,0,6.0,2025
2025-06-10 12:00:00+00:00|1.0|vol_trans_fade_h1_low_to_high_h12_tp06_sl065,2025-06-10 12:00:00+00:00,STAGE28A,data/reports/stage28a_discovery_factory_batch_runner/stage28a_exact_trades.csv,volatility_transition_v1,vol_trans_fade_h1_low_to_high_h12_tp06_sl065,2.735500000000138,1.6855000000001383,0.9855000000001386,1,1,1,0,1.6855000000001383,44.629999999999654,25.990000000000236,0.6167756829549673,31.990000000000236,0.6927164738980977,8.66000000000031,8.759499999999957,0.096,1.0,,,12,1,6.0,2025
2025-06-11 12:00:00+00:00|1.0|vol_trans_fade_h1_low_to_high_h12_tp06_sl065,2025-06-11 12:00:00+00:00,STAGE28A,data/reports/stage28a_discovery_factory_batch_runner/stage28a_exact_trades.csv,volatility_transition_v1,vol_trans_fade_h1_low_to_high_h12_tp06_sl065,-3.053350000000228,-4.103350000000228,-4.803350000000227,0,0,0,1,4.103350000000228,47.15000000000009,26.059999999999945,0.5721412125863349,17.140000000000327,0.3302217036172547,4.180000000000291,9.208999999999993,0.18,1.0,,,12,2,6.0,2025
2025-06-12 12:00:00+00:00|-1.0|vol_trans_fade_h1_low_to_high_h12_tp06_sl065,2025-06-12 12:00:00+00:00,STAGE28A,data/reports/stage28a_discovery_factory_batch_runner/stage28a_exact_trades.csv,volatility_transition_v1,vol_trans_fade_h1_low_to_high_h12_tp06_sl065,3.209200000000146,2.1592000000001463,1.4592000000001466,1,1,1,0,2.1592000000001463,54.10999999999967,21.41000000000031,0.20597851471274128,37.07999999999993,0.21467098166127432,14.6899999999996,12.784500000000026,0.916,-1.0,,,12,3,6.0,2025
2025-06-13 12:00:00+00:00|-1.0|vol_trans_fade_h1_low_to_high_h12_tp06_sl065,2025-06-13 12:00:00+00:00,STAGE28A,data/reports/stage28a_discovery_factory_batch_runner/stage28a_exact_trades.csv,volatility_transition_v1,vol_trans_fade_h1_low_to_high_h12_tp06_sl065,3.2575000000000727,2.207500000000073,1.5075000000000731,1,1,1,0,2.207500000000073,60.320000000000164,64.65000000000009,0.6521268368136086,22.43000000000029,0.05840392331698299,11.7199999999998,12.736000000000013,0.916,-1.0,,,12,4,6.0,2025
2025-06-16 12:00:00+00:00|-1.0|vol_trans_fade_h1_low_to_high_h12_tp06_sl065,2025-06-16 12:00:00+00:00,STAGE28A,data/reports/stage28a_discovery_factory_batch_runner/stage28a_exact_trades.csv,volatility_transition_v1,vol_trans_fade_h1_low_to_high_h12_tp06_sl065,3.021700000000146,1.9717000000001463,1.2717000000001466,1,1,1,0,1.9717000000001463,20.269999999999982,23.529999999999745,0.7178070548236317,23.769999999999982,0.8199411022296927,8.63000000000011,10.975999999999999,0.52,-1.0,,,12,0,6.0,2025
2025-06-17 12:00:00+00:00|1.0|vol_trans_fade_h1_low_to_high_h12_tp06_sl065,2025-06-17 12:00:00+00:00,STAGE28A,data/reports/stage28a_discovery_factory_batch_runner/stage28a_exact_trades.csv,volatility_transition_v1,vol_trans_fade_h1_low_to_high_h12_tp06_sl065,-3.338374999999905,-4.388374999999906,-5.088374999999905,0,0,0,1,4.388374999999906,70.05999999999995,29.539999999999964,0.2599864590386019,20.360000000000127,0.10559921414538691,10.7800000000002,10.967500000000063,0.532,1.0,,,12,1,6.0,2025
2025-06-18 12:00:00+00:00|1.0|vol_trans_fade_h1_low_to_high_h12_tp06_sl065,2025-06-18 12:00:00+00:00,STAGE28A,data/reports/stage28a_discovery_factory_batch_runner/stage28a_exact_trades.csv,volatility_transition_v1,vol_trans_fade_h1_low_to_high_h12_tp06_sl065,2.1237999999997554,1.0737999999997556,0.3737999999997559,1,1,1,0,1.0737999999997556,37.070000000000164,25.65000000000009,0.08109161793372008,24.519999999999982,0.5236541598695006,5.839999999999691,9.612500000000022,0.272,1.0,,,12,2,6.0,2025
2025-06-19 12:00:00+00:00|-1.0|vol_trans_fade_h1_low_to_high_h12_tp06_sl065,2025-06-19 12:00:00+00:00,STAGE28A,data/reports/stage28a_discovery_factory_batch_runner/stage28a_exact_trades.csv,volatility_transition_v1,vol_trans_fade_h1_low_to_high_h12_tp06_sl065,3.217599999999857,2.1675999999998568,1.467599999999857,1,1,1,0,2.1675999999998568,37.409999999999854,18.40000000000009,0.08641304347826835,27.670000000000073,0.11962414166967607,9.329999999999927,10.677999999999907,0.496,-1.0,,,12,3,6.0,2025
2025-06-20 12:00:00+00:00|-1.0|vol_trans_fade_h1_low_to_high_h12_tp06_sl065,2025-06-20 12:00:00+00:00,STAGE28A,data/reports/stage28a_discovery_factory_batch_runner/stage28a_exact_trades.csv,volatility_transition_v1,vol_trans_fade_h1_low_to_high_h12_tp06_sl065,2.415699999999924,1.3656999999999244,0.6656999999999247,1,1,1,0,1.3656999999999244,40.36000000000013,25.590000000000146,0.3993747557639602,18.860000000000127,0.01590668080592392,5.730000000000018,8.52300000000007,0.084,-1.0,,,12,4,6.0,2025
2025-06-23 12:00:00+00:00|-1.0|vol_trans_fade_h1_low_to_high_h12_tp06_sl065,2025-06-23 12:00:00+00:00,STAGE28A,data/reports/stage28a_discovery_factory_batch_runner/stage28a_exact_trades.csv,volatility_transition_v1,vol_trans_fade_h1_low_to_high_h12_tp06_sl065,2.2897000000001757,1.2397000000001754,0.5397000000001757,1,1,1,0,1.2397000000001754,23.81999999999971,44.409999999999854,0.3560009006980409,21.91000000000031,0.14696485623002073,4.639999999999873,9.675499999999989,0.392,-1.0,,,12,0,6.0,2025
2025-06-24 12:00:00+00:00|1.0|vol_trans_fade_h1_low_to_high_h12_tp06_sl065,2025-06-24 12:00:00+00:00,STAGE28A,data/reports/stage28a_discovery_factory_batch_runner/stage28a_exact_trades.csv,volatility_transition_v1,vol_trans_fade_h1_low_to_high_h12_tp06_sl065,-4.262675000000035,-5.312675000000036,-6.012675000000035,0,0,0,1,5.312675000000036,49.309999999999945,36.75,0.08408163265306519,37.289999999999964,0.9155269509251784,7.570000000000164,13.613500000000045,0.944,1.0,,,12,1,6.0,2025
2025-06-25 12:00:00+00:00|1.0|vol_trans_fade_h1_low_to_high_h12_tp06_sl065,2025-06-25 12:00:00+00:00,STAGE28A,data/reports/stage28a_discovery_factory_batch_runner/stage28a_exact_trades.csv,volatility_transition_v1,vol_trans_fade_h1_low_to_high_h12_tp06_sl065,1.791700000000128,0.7417000000001281,0.0417000000001284,1,1,1,0,0.7417000000001281,74.55999999999995,14.210000000000036,0.4693877551020447,15.5,0.19935483870965748,5.849999999999909,7.374499999999943,0.004,1.0,,,12,2,6.0,2025
2025-06-26 12:00:00+00:00|-1.0|vol_trans_fade_h1_low_to_high_h12_tp06_sl065,2025-06-26 12:00:00+00:00,STAGE28A,data/reports/stage28a_discovery_factory_batch_runner/stage28a_exact_trades.csv,volatility_transition_v1,vol_trans_fade_h1_low_to_high_h12_tp06_sl065,-2.585674999999901,-3.635674999999901,-4.335674999999901,0,0,0,1,3.635674999999901,25.09999999999991,13.859999999999673,0.3448773448773675,19.23999999999978,0.12577962577963098,5.779999999999745,7.549000000000047,0.076,-1.0,,,12,3,6.0,2025
2025-06-27 12:00:00+00:00|-1.0|vol_trans_fade_h1_low_to_high_h12_tp06_sl065,2025-06-27 12:00:00+00:00,STAGE28A,data/reports/stage28a_discovery_factory_batch_runner/stage28a_exact_trades.csv,volatility_transition_v1,vol_trans_fade_h1_low_to_high_h12_tp06_sl065,-3.8925000000000174,-4.9425000000000185,-5.642500000000018,0,0,0,1,4.9425000000000185,40.289999999999964,35.63000000000011,0.7605950042099305,19.050000000000182,0.6068241469816187,9.11999999999989,9.298000000000025,0.308,-1.0,,,12,4,6.0,2025
2025-06-30 12:00:00+00:00|1.0|vol_trans_fade_h1_low_to_high_h12_tp06_sl065,2025-06-30 12:00:00+00:00,STAGE28A,data/reports/stage28a_discovery_factory_batch_runner/stage28a_exact_trades.csv,volatility_transition_v1,vol_trans_fade_h1_low_to_high_h12_tp06_sl065,2.101599999999871,1.0515999999998713,0.3515999999998715,1,1,1,0,1.0515999999998713,33.51999999999998,34.99000000000024,0.43498142326379396,19.809999999999945,0.4437152953054007,8.2199999999998,10.778500000000031,0.688,1.0,,,12,0,6.0,2025
2025-07-01 12:00:00+00:00|-1.0|vol_trans_fade_h1_low_to_high_h12_tp06_sl065,2025-07-01 12:00:00+00:00,STAGE28A,data/reports/stage28a_discovery_factory_batch_runner/stage28a_exact_trades.csv,volatility_transition_v1,vol_trans_fade_h1_low_to_high_h12_tp06_sl065,-2.691949999999997,-3.741949999999997,-4.441949999999997,0,0,0,1,3.741949999999997,63.93000000000029,20.279999999999745,0.4817554240631215,29.08999999999969,0.8446201443795108,5.430000000000291,7.371000000000049,0.064,-1.0,,,12,1,7.0,2025
2025-07-02 12:00:00+00:00|1.0|vol_trans_fade_h1_low_to_high_h12_tp06_sl065,2025-07-02 12:00:00+00:00,STAGE28A,data/reports/stage28a_discovery_factory_batch_runner/stage28a_exact_trades.csv,volatility_transition_v1,vol_trans_fade_h1_low_to_high_h12_tp06_sl065,-2.6409249999997884,-3.690924999999788,-4.390924999999788,0,0,0,1,3.690924999999788,55.48999999999978,16.179999999999836,0.10074165636589157,16.269999999999982,0.10571604179472997,4.989999999999782,7.049499999999989,0.068,1.0,,,12,2,7.0,2025
2025-07-03 12:00:00+00:00|-1.0|vol_trans_fade_h1_low_to_high_h12_tp06_sl065,2025-07-03 12:00:00+00:00,STAGE28A,data/reports/stage28a_discovery_factory_batch_runner/stage28a_exact_trades.csv,volatility_transition_v1,vol_trans_fade_h1_low_to_high_h12_tp06_sl065,-2.6532750000002125,-3.703275000000213,-4.403275000000212,0,0,0,1,3.703275000000213,34.559999999999945,23.829999999999927,0.607217792698292,19.84999999999991,0.10277078085642181,6.609999999999673,7.583499999999935,0.224,-1.0,,,12,3,7.0,2025
2025-07-04 12:00:00+00:00|1.0|vol_trans_fade_h1_low_to_high_h12_tp06_sl065,2025-07-04 12:00:00+00:00,STAGE28A,data/reports/stage28a_discovery_factory_batch_runner/stage28a_exact_trades.csv,volatility_transition_v1,vol_trans_fade_h1_low_to_high_h12_tp06_sl065,1.3513000000001738,0.301300000000174,-0.3986999999998257,1,0,1,0,0.301300000000174,54.36999999999989,15.200000000000273,0.6059210526315705,12.009999999999764,0.32556203164029407,3.2899999999999636,6.361000000000035,0.02,1.0,,,12,4,7.0,2025
2025-07-07 12:00:00+00:00|-1.0|vol_trans_fade_h1_low_to_high_h12_tp06_sl065,2025-07-07 12:00:00+00:00,STAGE28A,data/reports/stage28a_discovery_factory_batch_runner/stage28a_exact_trades.csv,volatility_transition_v1,vol_trans_fade_h1_low_to_high_h12_tp06_sl065,2.328699999999935,1.278699999999935,0.5786999999999356,1,1,1,0,1.278699999999935,10.329999999999927,36.67000000000007,0.6152167984728634,14.470000000000255,0.13407049067032245,11.470000000000255,8.189999999999964,0.468,-1.0,,,12,0,7.0,2025
2025-07-08 12:00:00+00:00|1.0|vol_trans_fade_h1_low_to_high_h12_tp06_sl065,2025-07-08 12:00:00+00:00,STAGE28A,data/reports/stage28a_discovery_factory_batch_runner/stage28a_exact_trades.csv,volatility_transition_v1,vol_trans_fade_h1_low_to_high_h12_tp06_sl065,1.7802999999998064,0.7302999999998065,0.0302999999998068,1,1,1,0,0.7302999999998065,46.31999999999971,16.210000000000036,0.5077112893275756,18.2800000000002,0.5202407002188246,10.61999999999989,6.893499999999994,0.104,1.0,,,12,1,7.0,2025
2025-07-09 12:00:00+00:00|1.0|vol_trans_fade_h1_low_to_high_h12_tp06_sl065,2025-07-09 12:00:00+00:00,STAGE28A,data/reports/stage28a_discovery_factory_batch_runner/stage28a_exact_trades.csv,volatility_transition_v1,vol_trans_fade_h1_low_to_high_h12_tp06_sl065,-3.05595000000003,-4.10595000000003,-4.8059500000000295,0,0,0,1,4.10595000000003,58.720000000000255,23.039999999999964,0.36067708333333154,15.109999999999673,0.2766379880873545,9.909999999999854,8.819499999999948,0.692,1.0,,,12,2,7.0,2025
2025-07-10 12:00:00+00:00|-1.0|vol_trans_fade_h1_low_to_high_h12_tp06_sl065,2025-07-10 12:00:00+00:00,STAGE28A,data/reports/stage28a_discovery_factory_batch_runner/stage28a_exact_trades.csv,volatility_transition_v1,vol_trans_fade_h1_low_to_high_h12_tp06_sl065,-2.421875000000091,-3.471875000000091,-4.171875000000091,0,0,0,1,3.471875000000091,37.20999999999958,12.9699999999998,0.29452582883575695,15.36999999999989,0.698113207547176,10.199999999999818,7.044999999999982,0.14,-1.0,,,12,3,7.0,2025
2025-07-11 12:00:00+00:00|1.0|vol_trans_fade_h1_low_to_high_h12_tp06_sl065,2025-07-11 12:00:00+00:00,STAGE28A,data/reports/stage28a_discovery_factory_batch_runner/stage28a_exact_trades.csv,volatility_transition_v1,vol_trans_fade_h1_low_to_high_h12_tp06_sl065,2.1991000000001804,1.1491000000001803,0.4491000000001808,1,1,1,0,1.1491000000001803,20.15000000000009,14.420000000000073,0.7302357836338521,14.16000000000031,0.4067796610169557,11.0300000000002,7.511500000000001,0.312,1.0,,,12,4,7.0,2025
2025-07-14 12:00:00+00:00|1.0|vol_trans_fade_h1_low_to_high_h12_tp06_sl065,2025-07-14 12:00:00+00:00,STAGE28A,data/reports/stage28a_discovery_factory_batch_runner/stage28a_exact_trades.csv,volatility_transition_v1,vol_trans_fade_h1_low_to_high_h12_tp06_sl065,2.1067000000001825,1.0567000000001827,0.356700000000183,1,1,1,0,1.0567000000001827,11.590000000000146,20.139999999999873,0.6156901688182805,21.2199999999998,0.6291234684260363,7.1599999999998545,8.205000000000018,0.632,1.0,,,12,0,7.0,2025
2025-07-16 12:00:00+00:00|-1.0|vol_trans_fade_h1_low_to_high_h12_tp06_sl065,2025-07-16 12:00:00+00:00,STAGE28A,data/reports/stage28a_discovery_factory_batch_runner/stage28a_exact_trades.csv,volatility_transition_v1,vol_trans_fade_h1_low_to_high_h12_tp06_sl065,-2.055274999999801,-3.1052749999998013,-3.805274999999801,0,0,0,1,3.1052749999998013,46.159999999999854,11.390000000000327,0.678665496049148,10.139999999999873,0.5601577909270574,5.070000000000164,7.418499999999949,0.328,-1.0,,,12,2,7.0,2025
2025-07-17 12:00:00+00:00|-1.0|vol_trans_fade_h1_low_to_high_h12_tp06_sl065,2025-07-17 12:00:00+00:00,STAGE28A,data/reports/stage28a_discovery_factory_batch_runner/stage28a_exact_trades.csv,volatility_transition_v1,vol_trans_fade_h1_low_to_high_h12_tp06_sl065,-2.804725000000053,-3.854725000000053,-4.554725000000053,0,0,0,1,3.854725000000053,57.909999999999854,16.170000000000073,0.5009276437847787,20.009999999999764,0.7901049475262435,6.519999999999982,10.316500000000019,0.98,-1.0,,,12,3,7.0,2025
2025-07-22 12:00:00+00:00|-1.0|vol_trans_fade_h1_low_to_high_h12_tp06_sl065,2025-07-22 12:00:00+00:00,STAGE28A,data/reports/stage28a_discovery_factory_batch_runner/stage28a_exact_trades.csv,volatility_transition_v1,vol_trans_fade_h1_low_to_high_h12_tp06_sl065,1.1278000000001156,0.0778000000001157,-0.622199999999884,1,0,0,0,0.0778000000001157,56.7199999999998,17.450000000000273,0.38739255014327295,9.409999999999854,0.6992561105207257,3.8700000000003456,6.388499999999999,0.156,-1.0,,,12,1,7.0,2025
2025-07-23 12:00:00+00:00|-1.0|vol_trans_fade_h1_low_to_high_h12_tp06_sl065,2025-07-23 12:00:00+00:00,STAGE28A,data/reports/stage28a_discovery_factory_batch_runner/stage28a_exact_trades.csv,volatility_transition_v1,vol_trans_fade_h1_low_to_high_h12_tp06_sl065,-2.6006250000001274,-3.6506250000001272,-4.350625000000127,0,0,0,1,3.6506250000001272,50.26999999999998,19.579999999999927,0.24463738508682234,17.449999999999818,0.462464183381077,8.109999999999673,7.749999999999932,0.588,-1.0,,,12,2,7.0,2025
2025-07-24 12:00:00+00:00|-1.0|vol_trans_fade_h1_low_to_high_h12_tp06_sl065,2025-07-24 12:00:00+00:00,STAGE28A,data/reports/stage28a_discovery_factory_batch_runner/stage28a_exact_trades.csv,volatility_transition_v1,vol_trans_fade_h1_low_to_high_h12_tp06_sl065,-3.1888749999999164,-4.238874999999917,-4.938874999999916,0,0,0,1,4.238874999999917,57.620000000000346,18.539999999999964,0.1564185544768121,23.389999999999873,0.8610517315092107,8.830000000000382,8.724999999999955,0.864,-1.0,,,12,3,7.0,2025
2025-07-25 12:00:00+00:00|1.0|vol_trans_fade_h1_low_to_high_h12_tp06_sl065,2025-07-25 12:00:00+00:00,STAGE28A,data/reports/stage28a_discovery_factory_batch_runner/stage28a_exact_trades.csv,volatility_transition_v1,vol_trans_fade_h1_low_to_high_h12_tp06_sl065,1.846599999999762,0.7965999999997622,0.0965999999997624,1,1,1,0,0.7965999999997622,41.970000000000255,14.789999999999964,0.6544962812711197,20.38000000000011,0.6506378802747641,10.789999999999964,6.8559999999999945,0.236,1.0,,,12,4,7.0,2025
2025-07-28 12:00:00+00:00|-1.0|vol_trans_fade_h1_low_to_high_h12_tp06_sl065,2025-07-28 12:00:00+00:00,STAGE28A,data/reports/stage28a_discovery_factory_batch_runner/stage28a_exact_trades.csv,volatility_transition_v1,vol_trans_fade_h1_low_to_high_h12_tp06_sl065,-2.533024999999816,-3.583024999999816,-4.283024999999816,0,0,0,1,3.583024999999816,18.269999999999982,26.029999999999745,0.5220898962735412,12.829999999999927,0.4263445050662378,6.440000000000055,8.323999999999888,0.724,-1.0,,,12,0,7.0,2025
2025-07-29 12:00:00+00:00|-1.0|vol_trans_fade_h1_low_to_high_h12_tp06_sl065,2025-07-29 12:00:00+00:00,STAGE28A,data/reports/stage28a_discovery_factory_batch_runner/stage28a_exact_trades.csv,volatility_transition_v1,vol_trans_fade_h1_low_to_high_h12_tp06_sl065,2.2483000000001083,1.1983000000001085,0.4983000000001087,1,1,1,0,1.1983000000001085,43.44999999999982,13.079999999999927,0.1551987767583912,20.879999999999654,0.5727969348659117,13.2199999999998,7.941999999999939,0.64,-1.0,,,12,1,7.0,2025
2025-07-30 12:00:00+00:00|-1.0|vol_trans_fade_h1_low_to_high_h12_tp06_sl065,2025-07-30 12:00:00+00:00,STAGE28A,data/reports/stage28a_discovery_factory_batch_runner/stage28a_exact_trades.csv,volatility_transition_v1,vol_trans_fade_h1_low_to_high_h12_tp06_sl065,1.6105000000001382,0.5605000000001383,-0.1394999999998614,1,0,1,0,0.5605000000001383,26.38000000000011,11.730000000000018,0.06308610400684019,10.860000000000127,0.2651933701657528,5.839999999999691,6.700500000000057,0.212,-1.0,,,12,2,7.0,2025
2025-07-31 12:00:00+00:00|-1.0|vol_trans_fade_h1_low_to_high_h12_tp06_sl065,2025-07-31 12:00:00+00:00,STAGE28A,data/reports/stage28a_discovery_factory_batch_runner/stage28a_exact_trades.csv,volatility_transition_v1,vol_trans_fade_h1_low_to_high_h12_tp06_sl065,2.1817000000000006,1.1317000000000008,0.4317000000000011,1,1,1,0,1.1317000000000008,65.80000000000018,24.590000000000146,0.6547376982513141,21.06999999999971,0.5495965828191783,11.170000000000073,9.422000000000072,0.916,-1.0,,,12,3,7.0,2025
2025-08-01 12:00:00+00:00|-1.0|vol_trans_fade_h1_low_to_high_h12_tp06_sl065,2025-08-01 12:00:00+00:00,STAGE28A,data/reports/stage28a_discovery_factory_batch_runner/stage28a_exact_trades.csv,volatility_transition_v1,vol_trans_fade_h1_low_to_high_h12_tp06_sl065,1.6518999999997503,0.6018999999997505,-0.0981000000002492,1,0,1,0,0.6018999999997505,40.809999999999945,15.559999999999945,0.23136246786631887,15.069999999999709,0.20570670205709513,9.019999999999982,7.391499999999951,0.448,-1.0,,,12,4,8.0,2025
2025-08-04 12:00:00+00:00|-1.0|vol_trans_fade_h1_low_to_high_h12_tp06_sl065,2025-08-04 12:00:00+00:00,STAGE28A,data/reports/stage28a_discovery_factory_batch_runner/stage28a_exact_trades.csv,volatility_transition_v1,vol_trans_fade_h1_low_to_high_h12_tp06_sl065,-2.6545750000001136,-3.7045750000001134,-4.404575000000113,0,0,0,1,3.7045750000001134,11.5300000000002,24.079999999999927,0.04734219269104364,10.960000000000036,0.21350364963504906,5.640000000000327,8.285000000000036,0.656,-1.0,,,12,0,8.0,2025
2025-08-06 12:00:00+00:00|1.0|vol_trans_fade_h1_low_to_high_h12_tp06_sl065,2025-08-06 12:00:00+00:00,STAGE28A,data/reports/stage28a_discovery_factory_batch_runner/stage28a_exact_trades.csv,volatility_transition_v1,vol_trans_fade_h1_low_to_high_h12_tp06_sl065,-2.48590000000022,-3.53590000000022,-4.235900000000219,0,0,0,1,3.53590000000022,40.220000000000255,12.699999999999818,0.4,20.40000000000009,0.7725490196078504,9.740000000000236,6.628500000000008,0.096,1.0,,,12,2,8.0,2025
2025-08-07 12:00:00+00:00|1.0|vol_trans_fade_h1_low_to_high_h12_tp06_sl065,2025-08-07 12:00:00+00:00,STAGE28A,data/reports/stage28a_discovery_factory_batch_runner/stage28a_exact_trades.csv,volatility_transition_v1,vol_trans_fade_h1_low_to_high_h12_tp06_sl065,-3.625024999999914,-4.6750249999999145,-5.375024999999914,0,0,0,1,4.6750249999999145,27.139999999999873,18.960000000000036,0.3992616033755353,25.840000000000146,0.11803405572754296,23.980000000000018,8.107500000000005,0.624,1.0,,,12,3,8.0,2025
2025-08-08 12:00:00+00:00|1.0|vol_trans_fade_h1_low_to_high_h12_tp06_sl065,2025-08-08 12:00:00+00:00,STAGE28A,data/reports/stage28a_discovery_factory_batch_runner/stage28a_exact_trades.csv,volatility_transition_v1,vol_trans_fade_h1_low_to_high_h12_tp06_sl065,-3.3211499999998524,-4.371149999999853,-5.071149999999852,0,0,0,1,4.371149999999853,41.5,27.710000000000036,0.3471670876939689,15.539999999999964,0.30630630630632105,8.490000000000236,10.277999999999974,0.904,1.0,,,12,4,8.0,2025
2025-08-11 12:00:00+00:00|-1.0|vol_trans_fade_h1_low_to_high_h12_tp06_sl065,2025-08-11 12:00:00+00:00,STAGE28A,data/reports/stage28a_discovery_factory_batch_runner/stage28a_exact_trades.csv,volatility_transition_v1,vol_trans_fade_h1_low_to_high_h12_tp06_sl065,-3.269475000000148,-4.319475000000148,-5.019475000000147,0,0,0,1,4.319475000000148,14.559999999999945,37.40000000000009,0.4558823529411681,27.259999999999764,0.9233308877476263,6.989999999999782,10.867999999999961,0.896,-1.0,,,12,0,8.0,2025
2025-08-12 12:00:00+00:00|1.0|vol_trans_fade_h1_low_to_high_h12_tp06_sl065,2025-08-12 12:00:00+00:00,STAGE28A,data/reports/stage28a_discovery_factory_batch_runner/stage28a_exact_trades.csv,volatility_transition_v1,vol_trans_fade_h1_low_to_high_h12_tp06_sl065,-3.3283000000002176,-4.378300000000218,-5.078300000000217,0,0,0,1,4.378300000000218,64.0300000000002,15.070000000000164,0.16323822163238286,15.83999999999969,0.24368686868688147,10.230000000000018,8.98599999999999,0.592,1.0,,,12,1,8.0,2025
2025-08-13 12:00:00+00:00|-1.0|vol_trans_fade_h1_low_to_high_h12_tp06_sl065,2025-08-13 12:00:00+00:00,STAGE28A,data/reports/stage28a_discovery_factory_batch_runner/stage28a_exact_trades.csv,volatility_transition_v1,vol_trans_fade_h1_low_to_high_h12_tp06_sl065,-2.697800000000006,-3.7478000000000073,-4.447800000000006,0,0,0,1,3.7478000000000073,28.0300000000002,11.659999999999854,0.07375643224701013,21.079999999999927,0.7191650853890115,10.559999999999945,7.5870000000000575,0.304,-1.0,,,12,2,8.0,2025
2025-08-14 12:00:00+00:00|-1.0|vol_trans_fade_h1_low_to_high_h12_tp06_sl065,2025-08-14 12:00:00+00:00,STAGE28A,data/reports/stage28a_discovery_factory_batch_runner/stage28a_exact_trades.csv,volatility_transition_v1,vol_trans_fade_h1_low_to_high_h12_tp06_sl065,2.3767000000001643,1.3267000000001643,0.6267000000001648,1,1,1,0,1.3267000000001643,28.230000000000018,19.61999999999989,0.1432212028542284,24.98999999999978,0.16966786714686968,8.769999999999982,7.435999999999967,0.32,-1.0,,,12,3,8.0,2025
2025-08-18 12:00:00+00:00|1.0|vol_trans_fade_h1_low_to_high_h12_tp06_sl065,2025-08-18 12:00:00+00:00,STAGE28A,data/reports/stage28a_discovery_factory_batch_runner/stage28a_exact_trades.csv,volatility_transition_v1,vol_trans_fade_h1_low_to_high_h12_tp06_sl065,-2.5989999999997964,-3.648999999999796,-4.348999999999796,0,0,0,1,3.648999999999796,6.019999999999982,28.190000000000055,0.4522880454061715,13.799999999999727,0.07608695652172086,5.339999999999691,7.390500000000043,0.38,1.0,,,12,0,8.0,2025
2025-08-25 12:00:00+00:00|1.0|vol_trans_fade_h1_low_to_high_h12_tp06_sl065,2025-08-25 12:00:00+00:00,STAGE28A,data/reports/stage28a_discovery_factory_batch_runner/stage28a_exact_trades.csv,volatility_transition_v1,vol_trans_fade_h1_low_to_high_h12_tp06_sl065,0.8776000000001659,-0.172399999999834,-0.8723999999998338,0,0,0,0,0.172399999999834,6.210000000000036,12.260000000000218,0.0016313213703084382,8.019999999999982,0.02369077306733853,3.4899999999997817,6.99350000000004,0.512,1.0,,,12,0,8.0,2025
2025-08-26 12:00:00+00:00|1.0|vol_trans_fade_h1_low_to_high_h12_tp06_sl065,2025-08-26 12:00:00+00:00,STAGE28A,data/reports/stage28a_discovery_factory_batch_runner/stage28a_exact_trades.csv,volatility_transition_v1,vol_trans_fade_h1_low_to_high_h12_tp06_sl065,-2.667900000000009,-3.7179000000000086,-4.417900000000008,0,0,0,1,3.7179000000000086,16.389999999999873,35.129999999999654,0.22687161969826014,12.58999999999969,0.030182684670346602,4.389999999999873,8.015499999999998,0.816,1.0,,,12,1,8.0,2025
2025-09-01 12:00:00+00:00|1.0|vol_trans_fade_h1_low_to_high_h12_tp06_sl065,2025-09-01 12:00:00+00:00,STAGE28A,data/reports/stage28a_discovery_factory_batch_runner/stage28a_exact_trades.csv,volatility_transition_v1,vol_trans_fade_h1_low_to_high_h12_tp06_sl065,-3.664025000000129,-4.714025000000129,-5.414025000000128,0,0,0,1,4.714025000000129,10.070000000000164,48.98000000000002,0.49407921600653865,22.579999999999927,0.22630646589903206,5.260000000000218,10.667500000000041,0.988,1.0,,,12,0,9.0,2025
2025-09-02 12:00:00+00:00|-1.0|vol_trans_fade_h1_low_to_high_h12_tp06_sl065,2025-09-02 12:00:00+00:00,STAGE28A,data/reports/stage28a_discovery_factory_batch_runner/stage28a_exact_trades.csv,volatility_transition_v1,vol_trans_fade_h1_low_to_high_h12_tp06_sl065,-3.6016249999998764,-4.651624999999877,-5.351624999999876,0,0,0,1,4.651624999999877,52.74000000000024,34.159999999999854,0.5793325526932098,28.289999999999964,0.6564156945917191,11.11999999999989,8.394000000000005,0.884,-1.0,,,12,1,9.0,2025
2025-09-03 12:00:00+00:00|-1.0|vol_trans_fade_h1_low_to_high_h12_tp06_sl065,2025-09-03 12:00:00+00:00,STAGE28A,data/reports/stage28a_discovery_factory_batch_runner/stage28a_exact_trades.csv,volatility_transition_v1,vol_trans_fade_h1_low_to_high_h12_tp06_sl065,1.9837000000001352,0.9337000000001354,0.2337000000001357,1,1,1,0,0.9337000000001354,70.11000000000013,20.48999999999978,0.07369448511467934,14.86999999999989,0.24277067921991619,7.460000000000036,10.099500000000035,0.876,-1.0,,,12,2,9.0,2025
2025-09-04 12:00:00+00:00|-1.0|vol_trans_fade_h1_low_to_high_h12_tp06_sl065,2025-09-04 12:00:00+00:00,STAGE28A,data/reports/stage28a_discovery_factory_batch_runner/stage28a_exact_trades.csv,volatility_transition_v1,vol_trans_fade_h1_low_to_high_h12_tp06_sl065,2.472400000000016,1.422400000000016,0.7224000000000164,1,1,1,0,1.422400000000016,52.10999999999967,52.7800000000002,0.6220159151193596,20.90000000000009,0.44928229665073144,8.120000000000346,11.228000000000065,0.96,-1.0,,,12,3,9.0,2025
2025-09-05 12:00:00+00:00|1.0|vol_trans_fade_h1_low_to_high_h12_tp06_sl065,2025-09-05 12:00:00+00:00,STAGE28A,data/reports/stage28a_discovery_factory_batch_runner/stage28a_exact_trades.csv,volatility_transition_v1,vol_trans_fade_h1_low_to_high_h12_tp06_sl065,-2.569424999999774,-3.6194249999997736,-4.319424999999773,0,0,0,1,3.6194249999997736,52.7800000000002,19.300000000000182,0.9113989637305453,16.36999999999989,0.3671350030543835,5.039999999999964,8.858999999999991,0.632,1.0,,,12,4,9.0,2025
2025-09-08 12:00:00+00:00|-1.0|vol_trans_fade_h1_low_to_high_h12_tp06_sl065,2025-09-08 12:00:00+00:00,STAGE28A,data/reports/stage28a_discovery_factory_batch_runner/stage28a_exact_trades.csv,volatility_transition_v1,vol_trans_fade_h1_low_to_high_h12_tp06_sl065,2.381800000000021,1.3318000000000212,0.6318000000000215,1,1,1,0,1.3318000000000212,18.25,18.559999999999945,0.46821120689655604,37.679999999999836,0.8017515923566924,10.159999999999854,10.40600000000004,0.74,-1.0,,,12,0,9.0,2025
2025-09-09 12:00:00+00:00|-1.0|vol_trans_fade_h1_low_to_high_h12_tp06_sl065,2025-09-09 12:00:00+00:00,STAGE28A,data/reports/stage28a_discovery_factory_batch_runner/stage28a_exact_trades.csv,volatility_transition_v1,vol_trans_fade_h1_low_to_high_h12_tp06_sl065,3.1822000000001025,2.1322000000001027,1.432200000000103,1,1,1,0,2.1322000000001027,67.81999999999971,26.2800000000002,0.6255707762556878,22.7199999999998,0.3371478873239602,8.980000000000018,9.348999999999979,0.564,-1.0,,,12,1,9.0,2025
2025-09-10 12:00:00+00:00|-1.0|vol_trans_fade_h1_low_to_high_h12_tp06_sl065,2025-09-10 12:00:00+00:00,STAGE28A,data/reports/stage28a_discovery_factory_batch_runner/stage28a_exact_trades.csv,volatility_transition_v1,vol_trans_fade_h1_low_to_high_h12_tp06_sl065,-2.8024500000002264,-3.852450000000226,-4.552450000000226,0,0,0,1,3.852450000000226,48.75999999999976,21.710000000000036,0.044679871027167126,19.68000000000029,0.9563008130081243,5.539999999999964,10.797500000000037,0.74,-1.0,,,12,2,9.0,2025
2025-09-11 12:00:00+00:00|1.0|vol_trans_fade_h1_low_to_high_h12_tp06_sl065,2025-09-11 12:00:00+00:00,STAGE28A,data/reports/stage28a_discovery_factory_batch_runner/stage28a_exact_trades.csv,volatility_transition_v1,vol_trans_fade_h1_low_to_high_h12_tp06_sl065,2.50149999999976,1.45149999999976,0.7514999999997602,1,1,1,0,1.45149999999976,38.68000000000029,19.309999999999945,0.40963231486275903,23.88000000000011,0.43467336683417346,6.25,8.191499999999996,0.268,1.0,,,12,3,9.0,2025
2025-09-12 12:00:00+00:00|1.0|vol_trans_fade_h1_low_to_high_h12_tp06_sl065,2025-09-12 12:00:00+00:00,STAGE28A,data/reports/stage28a_discovery_factory_batch_runner/stage28a_exact_trades.csv,volatility_transition_v1,vol_trans_fade_h1_low_to_high_h12_tp06_sl065,1.8625000000000909,0.812500000000091,0.1125000000000913,1,1,1,0,0.812500000000091,36.26999999999998,22.779999999999745,0.7949956101843867,19.06999999999971,0.3455689564761296,11.549999999999727,7.400999999999954,0.1,1.0,,,12,4,9.0,2025
2025-09-16 12:00:00+00:00|-1.0|vol_trans_fade_h1_low_to_high_h12_tp06_sl065,2025-09-16 12:00:00+00:00,STAGE28A,data/reports/stage28a_discovery_factory_batch_runner/stage28a_exact_trades.csv,volatility_transition_v1,vol_trans_fade_h1_low_to_high_h12_tp06_sl065,-2.7329000000000634,-3.782900000000063,-4.482900000000063,0,0,0,1,3.782900000000063,58.88000000000011,14.720000000000255,0.1555706521739079,18.590000000000146,0.9214631522323816,11.090000000000146,8.402500000000009,0.272,-1.0,,,12,1,9.0,2025
2025-09-17 12:00:00+00:00|1.0|vol_trans_fade_h1_low_to_high_h12_tp06_sl065,2025-09-17 12:00:00+00:00,STAGE28A,data/reports/stage28a_discovery_factory_batch_runner/stage28a_exact_trades.csv,volatility_transition_v1,vol_trans_fade_h1_low_to_high_h12_tp06_sl065,-3.1196500000001834,-4.169650000000184,-4.869650000000183,0,0,0,1,4.169650000000184,28.450000000000273,21.039999999999964,0.4857414448669115,23.460000000000036,0.5920716112531906,5.449999999999818,7.278500000000008,0.14,1.0,,,12,2,9.0,2025
2025-09-18 12:00:00+00:00|-1.0|vol_trans_fade_h1_low_to_high_h12_tp06_sl065,2025-09-18 12:00:00+00:00,STAGE28A,data/reports/stage28a_discovery_factory_batch_runner/stage28a_exact_trades.csv,volatility_transition_v1,vol_trans_fade_h1_low_to_high_h12_tp06_sl065,-4.085549999999875,-5.135549999999876,-5.835549999999875,0,0,0,1,5.135549999999876,61.32999999999993,20.0,0.2259999999999991,39.059999999999945,0.33666154633895684,11.919999999999618,13.544000000000029,0.996,-1.0,,,12,3,9.0,2025
2025-09-19 12:00:00+00:00|-1.0|vol_trans_fade_h1_low_to_high_h12_tp06_sl065,2025-09-19 12:00:00+00:00,STAGE28A,data/reports/stage28a_discovery_factory_batch_runner/stage28a_exact_trades.csv,volatility_transition_v1,vol_trans_fade_h1_low_to_high_h12_tp06_sl065,-3.007850000000053,-4.0578500000000535,-4.757850000000053,0,0,0,1,4.0578500000000535,45.320000000000164,24.13000000000011,0.551181102362191,17.690000000000055,0.28886376483889836,7.010000000000218,9.244000000000096,0.572,-1.0,,,12,4,9.0,2025
2025-09-22 12:00:00+00:00|-1.0|vol_trans_fade_h1_low_to_high_h12_tp06_sl065,2025-09-22 12:00:00+00:00,STAGE28A,data/reports/stage28a_discovery_factory_batch_runner/stage28a_exact_trades.csv,volatility_transition_v1,vol_trans_fade_h1_low_to_high_h12_tp06_sl065,-3.225599999999849,-4.27559999999985,-4.975599999999849,0,0,0,1,4.27559999999985,8.700000000000273,13.7800000000002,0.5079825834542742,36.529999999999745,0.7601970982754074,10.539999999999964,8.703999999999997,0.46,-1.0,,,12,0,9.0,2025
2025-09-23 12:00:00+00:00|-1.0|vol_trans_fade_h1_low_to_high_h12_tp06_sl065,2025-09-23 12:00:00+00:00,STAGE28A,data/reports/stage28a_discovery_factory_batch_runner/stage28a_exact_trades.csv,volatility_transition_v1,vol_trans_fade_h1_low_to_high_h12_tp06_sl065,2.7000999999999293,1.6500999999999295,0.9500999999999298,1,1,1,0,1.6500999999999295,65.05000000000018,22.389999999999873,0.2880750334970904,48.059999999999945,0.7973366625052062,22.139999999999873,9.718999999999937,0.768,-1.0,,,12,1,9.0,2025
2025-09-24 12:00:00+00:00|1.0|vol_trans_fade_h1_low_to_high_h12_tp06_sl065,2025-09-24 12:00:00+00:00,STAGE28A,data/reports/stage28a_discovery_factory_batch_runner/stage28a_exact_trades.csv,volatility_transition_v1,vol_trans_fade_h1_low_to_high_h12_tp06_sl065,-2.895724999999948,-3.945724999999948,-4.645724999999947,0,0,0,1,3.945724999999948,54.13000000000011,21.070000000000164,0.0014238253440790275,15.989999999999782,0.18886804252658054,10.640000000000327,11.160500000000024,0.836,1.0,,,12,2,9.0,2025
2025-09-25 12:00:00+00:00|-1.0|vol_trans_fade_h1_low_to_high_h12_tp06_sl065,2025-09-25 12:00:00+00:00,STAGE28A,data/reports/stage28a_discovery_factory_batch_runner/stage28a_exact_trades.csv,volatility_transition_v1,vol_trans_fade_h1_low_to_high_h12_tp06_sl065,2.7375999999998384,1.6875999999998386,0.9875999999998388,1,1,1,0,1.6875999999998386,61.67000000000007,22.409999999999854,0.1976796073181758,29.980000000000018,0.6774516344229464,10.519999999999982,10.921500000000014,0.832,-1.0,,,12,3,9.0,2025
2025-09-26 12:00:00+00:00|-1.0|vol_trans_fade_h1_low_to_high_h12_tp06_sl065,2025-09-26 12:00:00+00:00,STAGE28A,data/reports/stage28a_discovery_factory_batch_runner/stage28a_exact_trades.csv,volatility_transition_v1,vol_trans_fade_h1_low_to_high_h12_tp06_sl065,-3.1615750000001754,-4.211575000000176,-4.911575000000175,0,0,0,1,4.211575000000176,39.82999999999993,18.800000000000182,0.17819148936169557,15.920000000000073,0.3762562814070483,8.08999999999969,11.040499999999952,0.764,-1.0,,,12,4,9.0,2025
2025-09-29 12:00:00+00:00|-1.0|vol_trans_fade_h1_low_to_high_h12_tp06_sl065,2025-09-29 12:00:00+00:00,STAGE28A,data/reports/stage28a_discovery_factory_batch_runner/stage28a_exact_trades.csv,volatility_transition_v1,vol_trans_fade_h1_low_to_high_h12_tp06_sl065,3.6916000000000166,2.641600000000017,1.941600000000017,1,1,1,0,2.641600000000017,14.63000000000011,43.039999999999964,0.5534386617100309,27.38000000000011,0.4755295836376892,12.460000000000036,12.924499999999943,0.964,-1.0,,,12,0,9.0,2025
2025-09-30 12:00:00+00:00|1.0|vol_trans_fade_h1_low_to_high_h12_tp06_sl065,2025-09-30 12:00:00+00:00,STAGE28A,data/reports/stage28a_discovery_factory_batch_runner/stage28a_exact_trades.csv,volatility_transition_v1,vol_trans_fade_h1_low_to_high_h12_tp06_sl065,4.964800000000105,3.914800000000105,3.214800000000105,1,1,1,0,3.914800000000105,77.67000000000007,41.659999999999854,0.817330772923675,78.48999999999978,0.8421454962415664,39.54999999999973,11.967499999999996,0.792,1.0,,,12,1,9.0,2025
2025-10-01 12:00:00+00:00|-1.0|vol_trans_fade_h1_low_to_high_h12_tp06_sl065,2025-10-01 12:00:00+00:00,STAGE28A,data/reports/stage28a_discovery_factory_batch_runner/stage28a_exact_trades.csv,volatility_transition_v1,vol_trans_fade_h1_low_to_high_h12_tp06_sl065,3.1665999999999257,2.116599999999926,1.416599999999926,1,1,1,0,2.116599999999926,78.48999999999978,21.0,0.0890476190476355,42.070000000000164,0.6467791775612058,16.31999999999971,12.329999999999995,0.744,-1.0,,,12,2,10.0,2025
2025-10-02 12:00:00+00:00|-1.0|vol_trans_fade_h1_low_to_high_h12_tp06_sl065,2025-10-02 12:00:00+00:00,STAGE28A,data/reports/stage28a_discovery_factory_batch_runner/stage28a_exact_trades.csv,volatility_transition_v1,vol_trans_fade_h1_low_to_high_h12_tp06_sl065,-3.5177749999998924,-4.567774999999893,-5.267774999999892,0,0,0,1,4.567774999999893,42.070000000000164,17.580000000000382,0.24857792946531573,17.940000000000055,0.696209587513921,14.039999999999964,11.076499999999987,0.52,-1.0,,,12,3,10.0,2025
2025-10-03 12:00:00+00:00|-1.0|vol_trans_fade_h1_low_to_high_h12_tp06_sl065,2025-10-03 12:00:00+00:00,STAGE28A,data/reports/stage28a_discovery_factory_batch_runner/stage28a_exact_trades.csv,volatility_transition_v1,vol_trans_fade_h1_low_to_high_h12_tp06_sl065,-3.0670000000000983,-4.117000000000099,-4.817000000000098,0,0,0,1,4.117000000000099,77.53999999999996,25.700000000000273,0.5634241245136135,24.0,0.8966666666666848,5.300000000000182,12.970000000000027,0.844,-1.0,,,12,4,10.0,2025
2025-10-06 12:00:00+00:00|-1.0|vol_trans_fade_h1_low_to_high_h12_tp06_sl065,2025-10-06 12:00:00+00:00,STAGE28A,data/reports/stage28a_discovery_factory_batch_runner/stage28a_exact_trades.csv,volatility_transition_v1,vol_trans_fade_h1_low_to_high_h12_tp06_sl065,3.9277000000000952,2.8777000000000954,2.177700000000096,1,1,1,0,2.8777000000000954,17.269999999999982,47.940000000000055,0.6191072173550229,27.0,0.47259259259260067,14.200000000000273,13.529500000000075,0.912,-1.0,,,12,0,10.0,2025
2025-10-07 12:00:00+00:00|-1.0|vol_trans_fade_h1_low_to_high_h12_tp06_sl065,2025-10-07 12:00:00+00:00,STAGE28A,data/reports/stage28a_discovery_factory_batch_runner/stage28a_exact_trades.csv,volatility_transition_v1,vol_trans_fade_h1_low_to_high_h12_tp06_sl065,3.530500000000211,2.480500000000211,1.7805000000002114,1,1,1,0,2.480500000000211,85.76000000000022,21.690000000000055,0.4568925772245405,35.98000000000002,0.5075041689827741,13.11999999999989,12.48399999999997,0.6,-1.0,,,12,1,10.0,2025
2025-10-08 12:00:00+00:00|-1.0|vol_trans_fade_h1_low_to_high_h12_tp06_sl065,2025-10-08 12:00:00+00:00,STAGE28A,data/reports/stage28a_discovery_factory_batch_runner/stage28a_exact_trades.csv,volatility_transition_v1,vol_trans_fade_h1_low_to_high_h12_tp06_sl065,3.005199999999968,1.955199999999968,1.2551999999999683,1,1,1,0,1.955199999999968,50.070000000000164,33.5,0.750447761194026,34.840000000000146,0.9916762342135357,7.190000000000055,11.744500000000084,0.388,-1.0,,,12,2,10.0,2025
2025-10-09 12:00:00+00:00|-1.0|vol_trans_fade_h1_low_to_high_h12_tp06_sl065,2025-10-09 12:00:00+00:00,STAGE28A,data/reports/stage28a_discovery_factory_batch_runner/stage28a_exact_trades.csv,volatility_transition_v1,vol_trans_fade_h1_low_to_high_h12_tp06_sl065,2.8978000000000974,1.8478000000000976,1.147800000000098,1,1,1,0,1.8478000000000976,76.17000000000007,39.840000000000146,0.13453815261044447,20.940000000000055,0.5076408787010546,10.029999999999745,16.499500000000012,0.98,-1.0,,,12,3,10.0,2025
2025-10-10 12:00:00+00:00|-1.0|vol_trans_fade_h1_low_to_high_h12_tp06_sl065,2025-10-10 12:00:00+00:00,STAGE28A,data/reports/stage28a_discovery_factory_batch_runner/stage28a_exact_trades.csv,volatility_transition_v1,vol_trans_fade_h1_low_to_high_h12_tp06_sl065,4.584099999999944,3.534099999999944,2.8340999999999443,1,1,1,0,3.534099999999944,113.48000000000002,36.04999999999973,0.3722607489597829,59.940000000000055,0.5652318985652256,24.799999999999727,22.048000000000023,1.0,-1.0,,,12,4,10.0,2025
2025-10-13 12:00:00+00:00|-1.0|vol_trans_fade_h1_low_to_high_h12_tp06_sl065,2025-10-13 12:00:00+00:00,STAGE28A,data/reports/stage28a_discovery_factory_batch_runner/stage28a_exact_trades.csv,volatility_transition_v1,vol_trans_fade_h1_low_to_high_h12_tp06_sl065,3.797199999999884,2.7471999999998844,2.0471999999998847,1,1,1,0,2.7471999999998844,46.13000000000011,61.30000000000018,0.15595432300162998,28.690000000000055,0.882886023004527,10.11999999999989,22.6355,0.96,-1.0,,,12,0,10.0,2025
2025-10-14 12:00:00+00:00|-1.0|vol_trans_fade_h1_low_to_high_h12_tp06_sl065,2025-10-14 12:00:00+00:00,STAGE28A,data/reports/stage28a_discovery_factory_batch_runner/stage28a_exact_trades.csv,volatility_transition_v1,vol_trans_fade_h1_low_to_high_h12_tp06_sl065,9.4632999999998,8.413299999999799,7.713299999999799,1,1,1,0,8.413299999999799,117.94000000000051,59.97999999999956,0.8072690896965726,89.0300000000002,0.4022239694485041,20.289999999999964,19.984999999999946,0.892,-1.0,,,12,1,10.0,2025
2025-10-15 12:00:00+00:00|-1.0|vol_trans_fade_h1_low_to_high_h12_tp06_sl065,2025-10-15 12:00:00+00:00,STAGE28A,data/reports/stage28a_discovery_factory_batch_runner/stage28a_exact_trades.csv,volatility_transition_v1,vol_trans_fade_h1_low_to_high_h12_tp06_sl065,-5.2981249999998905,-6.348124999999891,-7.0481249999998905,0,0,0,1,6.348124999999891,89.0300000000002,50.0600000000004,0.5687175389532566,53.57999999999993,0.10246360582308135,10.970000000000255,16.48350000000005,0.648,-1.0,,,12,2,10.0,2025
2025-10-16 12:00:00+00:00|-1.0|vol_trans_fade_h1_low_to_high_h12_tp06_sl065,2025-10-16 12:00:00+00:00,STAGE28A,data/reports/stage28a_discovery_factory_batch_runner/stage28a_exact_trades.csv,volatility_transition_v1,vol_trans_fade_h1_low_to_high_h12_tp06_sl065,4.35129999999972,3.3012999999997192,2.6012999999997195,1,1,1,0,3.3012999999997192,77.52000000000044,42.5,0.4825882352941014,37.970000000000255,0.15011851461679696,7.430000000000291,15.5525000000001,0.544,-1.0,,,12,3,10.0,2025
2025-10-17 12:00:00+00:00|-1.0|vol_trans_fade_h1_low_to_high_h12_tp06_sl065,2025-10-17 12:00:00+00:00,STAGE28A,data/reports/stage28a_discovery_factory_batch_runner/stage28a_exact_trades.csv,volatility_transition_v1,vol_trans_fade_h1_low_to_high_h12_tp06_sl065,9.056799999999749,8.006799999999748,7.306799999999749,1,1,1,0,8.006799999999748,151.92999999999938,100.69999999999982,0.19721946375372104,66.96000000000004,0.39575866188769393,28.539999999999964,31.448500000000013,1.0,-1.0,,,12,4,10.0,2025
2025-10-20 12:00:00+00:00|-1.0|vol_trans_fade_h1_low_to_high_h12_tp06_sl065,2025-10-20 12:00:00+00:00,STAGE28A,data/reports/stage28a_discovery_factory_batch_runner/stage28a_exact_trades.csv,volatility_transition_v1,vol_trans_fade_h1_low_to_high_h12_tp06_sl065,-7.037850000000253,-8.087850000000254,-8.787850000000253,0,0,0,1,8.087850000000254,35.11999999999989,55.51999999999953,0.16264409221903336,46.61000000000058,0.08496030894655819,13.779999999999745,28.580499999999983,0.892,-1.0,,,12,0,10.0,2025
2025-10-21 12:00:00+00:00|1.0|vol_trans_fade_h1_low_to_high_h12_tp06_sl065,2025-10-21 12:00:00+00:00,STAGE28A,data/reports/stage28a_discovery_factory_batch_runner/stage28a_exact_trades.csv,volatility_transition_v1,vol_trans_fade_h1_low_to_high_h12_tp06_sl065,8.343699999999808,7.293699999999808,6.593699999999808,1,1,1,0,7.293699999999808,162.71999999999935,42.36000000000058,0.4952785646836467,102.25,0.796479217603908,57.029999999999745,24.918999999999915,0.84,1.0,,,12,1,10.0,2025
2025-10-22 12:00:00+00:00|1.0|vol_trans_fade_h1_low_to_high_h12_tp06_sl065,2025-10-22 12:00:00+00:00,STAGE28A,data/reports/stage28a_discovery_factory_batch_runner/stage28a_exact_trades.csv,volatility_transition_v1,vol_trans_fade_h1_low_to_high_h12_tp06_sl065,10.616800000000149,9.566800000000148,8.866800000000149,1,1,1,0,9.566800000000148,295.0600000000004,138.77999999999975,0.038406110390545735,101.29000000000042,0.5831770164873084,75.79000000000042,40.98450000000005,0.992,1.0,,,12,2,10.0,2025
2025-10-23 12:00:00+00:00|-1.0|vol_trans_fade_h1_low_to_high_h12_tp06_sl065,2025-10-23 12:00:00+00:00,STAGE28A,data/reports/stage28a_discovery_factory_batch_runner/stage28a_exact_trades.csv,volatility_transition_v1,vol_trans_fade_h1_low_to_high_h12_tp06_sl065,6.707200000000194,5.657200000000193,4.957200000000194,1,1,1,0,5.657200000000193,157.02000000000044,50.55000000000018,0.21444114737883493,57.909999999999854,0.5752029010533513,24.11999999999989,28.535500000000003,0.72,-1.0,,,12,3,10.0,2025
2025-10-24 12:00:00+00:00|1.0|vol_trans_fade_h1_low_to_high_h12_tp06_sl065,2025-10-24 12:00:00+00:00,STAGE28A,data/reports/stage28a_discovery_factory_batch_runner/stage28a_exact_trades.csv,volatility_transition_v1,vol_trans_fade_h1_low_to_high_h12_tp06_sl065,-7.63650000000016,-8.68650000000016,-9.38650000000016,0,0,0,1,8.68650000000016,88.6899999999996,38.25,0.15895424836603494,75.71000000000004,0.8109893012812054,30.449999999999818,19.55200000000002,0.3,1.0,,,12,4,10.0,2025
2025-10-27 12:00:00+00:00|1.0|vol_trans_fade_h1_low_to_high_h12_tp06_sl065,2025-10-27 12:00:00+00:00,STAGE28A,data/reports/stage28a_discovery_factory_batch_runner/stage28a_exact_trades.csv,volatility_transition_v1,vol_trans_fade_h1_low_to_high_h12_tp06_sl065,-6.952699999999913,-8.002699999999914,-8.702699999999913,0,0,0,1,8.002699999999914,47.210000000000036,55.55000000000018,0.6064806480648136,60.00999999999976,0.5222462922846237,20.179999999999836,22.792499999999997,0.472,1.0,,,12,0,10.0,2025
2025-10-28 12:00:00+00:00|-1.0|vol_trans_fade_h1_low_to_high_h12_tp06_sl065,2025-10-28 12:00:00+00:00,STAGE28A,data/reports/stage28a_discovery_factory_batch_runner/stage28a_exact_trades.csv,volatility_transition_v1,vol_trans_fade_h1_low_to_high_h12_tp06_sl065,-8.486050000000068,-9.536050000000069,-10.236050000000068,0,0,0,1,9.536050000000069,137.97000000000025,55.86000000000013,0.19638381668457267,93.62000000000035,0.5054475539414653,24.269999999999982,23.873,0.56,-1.0,,,12,1,10.0,2025
2025-10-29 12:00:00+00:00|-1.0|vol_trans_fade_h1_low_to_high_h12_tp06_sl065,2025-10-29 12:00:00+00:00,STAGE28A,data/reports/stage28a_discovery_factory_batch_runner/stage28a_exact_trades.csv,volatility_transition_v1,vol_trans_fade_h1_low_to_high_h12_tp06_sl065,-6.26077499999983,-7.310774999999831,-8.01077499999983,0,0,0,1,7.310774999999831,133.21000000000004,66.23999999999978,0.04649758454106186,79.11000000000013,0.9027935785614961,16.120000000000346,21.087500000000023,0.256,-1.0,,,12,2,10.0,2025
2025-10-30 12:00:00+00:00|-1.0|vol_trans_fade_h1_low_to_high_h12_tp06_sl065,2025-10-30 12:00:00+00:00,STAGE28A,data/reports/stage28a_discovery_factory_batch_runner/stage28a_exact_trades.csv,volatility_transition_v1,vol_trans_fade_h1_low_to_high_h12_tp06_sl065,6.691000000000168,5.641000000000167,4.941000000000168,1,1,1,0,5.641000000000167,114.34000000000015,67.13000000000011,0.6272903321912715,64.69999999999982,0.1791344667697091,35.86000000000013,26.61099999999999,0.696,-1.0,,,12,3,10.0,2025
2025-10-31 12:00:00+00:00|1.0|vol_trans_fade_h1_low_to_high_h12_tp06_sl065,2025-10-31 12:00:00+00:00,STAGE28A,data/reports/stage28a_discovery_factory_batch_runner/stage28a_exact_trades.csv,volatility_transition_v1,vol_trans_fade_h1_low_to_high_h12_tp06_sl065,-6.166200000000208,-7.216200000000208,-7.916200000000208,0,0,0,1,7.216200000000208,127.87000000000035,56.88000000000011,0.31223628691983446,32.74000000000024,0.06047648136835687,15.300000000000182,19.309000000000015,0.028,1.0,,,12,4,10.0,2025
2025-11-03 12:00:00+00:00|1.0|vol_trans_fade_h1_low_to_high_h12_tp06_sl065,2025-11-03 12:00:00+00:00,STAGE28A,data/reports/stage28a_discovery_factory_batch_runner/stage28a_exact_trades.csv,volatility_transition_v1,vol_trans_fade_h1_low_to_high_h12_tp06_sl065,4.516599999999835,3.466599999999835,2.766599999999835,1,1,1,0,3.466599999999835,21.11999999999989,53.05000000000018,0.45730442978322594,34.289999999999964,0.13648293963255456,32.54999999999973,19.83499999999997,0.108,1.0,,,12,0,11.0,2025
2025-11-04 12:00:00+00:00|1.0|vol_trans_fade_h1_low_to_high_h12_tp06_sl065,2025-11-04 12:00:00+00:00,STAGE28A,data/reports/stage28a_discovery_factory_batch_runner/stage28a_exact_trades.csv,volatility_transition_v1,vol_trans_fade_h1_low_to_high_h12_tp06_sl065,-5.0819999999999705,-6.131999999999971,-6.8319999999999705,0,0,0,1,6.131999999999971,68.20000000000027,30.5,0.3872131147540966,33.81999999999971,0.24837374334712325,9.029999999999745,15.794500000000017,0.016,1.0,,,12,1,11.0,2025
2025-11-05 12:00:00+00:00|1.0|vol_trans_fade_h1_low_to_high_h12_tp06_sl065,2025-11-05 12:00:00+00:00,STAGE28A,data/reports/stage28a_discovery_factory_batch_runner/stage28a_exact_trades.csv,volatility_transition_v1,vol_trans_fade_h1_low_to_high_h12_tp06_sl065,4.1361999999998265,3.086199999999826,2.3861999999998265,1,1,1,0,3.086199999999826,77.37999999999965,44.4399999999996,0.800405040504051,31.25,0.18431999999999243,17.36999999999989,16.875499999999967,0.112,1.0,,,12,2,11.0,2025
2025-11-06 12:00:00+00:00|1.0|vol_trans_fade_h1_low_to_high_h12_tp06_sl065,2025-11-06 12:00:00+00:00,STAGE28A,data/reports/stage28a_discovery_factory_batch_runner/stage28a_exact_trades.csv,volatility_transition_v1,vol_trans_fade_h1_low_to_high_h12_tp06_sl065,-3.8583749999998873,-4.908374999999888,-5.608374999999887,0,0,0,1,4.908374999999888,61.58999999999969,25.949999999999818,0.5865125240847748,34.51999999999998,0.571552723059097,5.960000000000036,10.697000000000026,0.008,1.0,,,12,3,11.0,2025
2025-11-07 12:00:00+00:00|1.0|vol_trans_fade_h1_low_to_high_h12_tp06_sl065,2025-11-07 12:00:00+00:00,STAGE28A,data/reports/stage28a_discovery_factory_batch_runner/stage28a_exact_trades.csv,volatility_transition_v1,vol_trans_fade_h1_low_to_high_h12_tp06_sl065,-3.6552499999998873,-4.705249999999888,-5.405249999999887,0,0,0,1,4.705249999999888,54.86000000000013,29.389999999999873,0.31813542021095437,22.179999999999836,0.42605951307483714,10.599999999999909,12.144000000000029,0.08,1.0,,,12,4,11.0,2025
2025-11-10 12:00:00+00:00|1.0|vol_trans_fade_h1_low_to_high_h12_tp06_sl065,2025-11-10 12:00:00+00:00,STAGE28A,data/reports/stage28a_discovery_factory_batch_runner/stage28a_exact_trades.csv,volatility_transition_v1,vol_trans_fade_h1_low_to_high_h12_tp06_sl065,-4.6809500000000295,-5.73095000000003,-6.4309500000000295,0,0,0,1,5.73095000000003,14.260000000000218,58.99000000000024,0.7174097304627902,35.89000000000033,0.7419894120925011,14.320000000000164,14.20050000000001,0.252,1.0,,,12,0,11.0,2025
2025-11-11 12:00:00+00:00|-1.0|vol_trans_fade_h1_low_to_high_h12_tp06_sl065,2025-11-11 12:00:00+00:00,STAGE28A,data/reports/stage28a_discovery_factory_batch_runner/stage28a_exact_trades.csv,volatility_transition_v1,vol_trans_fade_h1_low_to_high_h12_tp06_sl065,3.495400000000154,2.4454000000001543,1.7454000000001546,1,1,1,0,2.4454000000001543,122.17999999999984,33.89000000000033,0.6878135143110113,21.980000000000473,0.06505914467699091,11.6899999999996,11.922499999999923,0.096,-1.0,,,12,1,11.0,2025
2025-11-12 12:00:00+00:00|1.0|vol_trans_fade_h1_low_to_high_h12_tp06_sl065,2025-11-12 12:00:00+00:00,STAGE28A,data/reports/stage28a_discovery_factory_batch_runner/stage28a_exact_trades.csv,volatility_transition_v1,vol_trans_fade_h1_low_to_high_h12_tp06_sl065,-4.914949999999953,-5.964949999999954,-6.664949999999953,0,0,0,1,5.964949999999954,51.600000000000364,41.720000000000255,0.7739693192713271,34.56999999999971,0.5001446340757915,13.149999999999636,13.96550000000002,0.432,1.0,,,12,2,11.0,2025
2025-11-13 12:00:00+00:00|-1.0|vol_trans_fade_h1_low_to_high_h12_tp06_sl065,2025-11-13 12:00:00+00:00,STAGE28A,data/reports/stage28a_discovery_factory_batch_runner/stage28a_exact_trades.csv,volatility_transition_v1,vol_trans_fade_h1_low_to_high_h12_tp06_sl065,4.112199999999939,3.062199999999939,2.3621999999999392,1,1,1,0,3.062199999999939,112.90999999999985,39.74000000000069,0.4574735782586579,37.099999999999454,0.4256064690027007,14.320000000000618,18.53499999999999,0.76,-1.0,,,12,3,11.0,2025
2025-11-14 12:00:00+00:00|1.0|vol_trans_fade_h1_low_to_high_h12_tp06_sl065,2025-11-14 12:00:00+00:00,STAGE28A,data/reports/stage28a_discovery_factory_batch_runner/stage28a_exact_trades.csv,volatility_transition_v1,vol_trans_fade_h1_low_to_high_h12_tp06_sl065,-6.617950000000382,-7.667950000000383,-8.367950000000382,0,0,0,1,7.667950000000383,100.11999999999989,41.19999999999982,0.4191747572815438,44.849999999999454,0.7906354515050271,13.909999999999854,20.407999999999856,0.948,1.0,,,12,4,11.0,2025
2025-11-17 12:00:00+00:00|-1.0|vol_trans_fade_h1_low_to_high_h12_tp06_sl065,2025-11-17 12:00:00+00:00,STAGE28A,data/reports/stage28a_discovery_factory_batch_runner/stage28a_exact_trades.csv,volatility_transition_v1,vol_trans_fade_h1_low_to_high_h12_tp06_sl065,4.865499999999793,3.8154999999997927,3.115499999999793,1,1,1,0,3.8154999999997927,32.4699999999998,36.690000000000055,0.48460070863996113,46.059999999999945,0.18019973947025048,16.84999999999991,20.263499999999887,0.872,-1.0,,,12,0,11.0,2025
2025-11-18 12:00:00+00:00|-1.0|vol_trans_fade_h1_low_to_high_h12_tp06_sl065,2025-11-18 12:00:00+00:00,STAGE28A,data/reports/stage28a_discovery_factory_batch_runner/stage28a_exact_trades.csv,volatility_transition_v1,vol_trans_fade_h1_low_to_high_h12_tp06_sl065,-6.523049999999875,-7.573049999999876,-8.273049999999875,0,0,0,1,7.573049999999876,99.80999999999995,50.38999999999987,0.5225243103790433,52.279999999999745,0.644988523335883,16.9699999999998,20.479999999999997,0.844,-1.0,,,12,1,11.0,2025
2025-11-19 12:00:00+00:00|-1.0|vol_trans_fade_h1_low_to_high_h12_tp06_sl065,2025-11-19 12:00:00+00:00,STAGE28A,data/reports/stage28a_discovery_factory_batch_runner/stage28a_exact_trades.csv,volatility_transition_v1,vol_trans_fade_h1_low_to_high_h12_tp06_sl065,-5.956574999999793,-7.006574999999794,-7.706574999999793,0,0,0,1,7.006574999999794,84.03999999999996,24.850000000000364,0.06156941649900111,44.95000000000027,0.7506117908787447,35.26999999999998,16.172000000000093,0.54,-1.0,,,12,2,11.0,2025
2025-11-20 12:00:00+00:00|-1.0|vol_trans_fade_h1_low_to_high_h12_tp06_sl065,2025-11-20 12:00:00+00:00,STAGE28A,data/reports/stage28a_discovery_factory_batch_runner/stage28a_exact_trades.csv,volatility_transition_v1,vol_trans_fade_h1_low_to_high_h12_tp06_sl065,-7.632275000000027,-8.682275000000027,-9.382275000000028,0,0,0,1,8.682275000000027,76.84000000000015,69.11999999999944,0.4225983796296336,39.01000000000022,0.403229941040757,17.0,21.98049999999996,0.912,-1.0,,,12,3,11.0,2025
2025-11-21 12:00:00+00:00|-1.0|vol_trans_fade_h1_low_to_high_h12_tp06_sl065,2025-11-21 12:00:00+00:00,STAGE28A,data/reports/stage28a_discovery_factory_batch_runner/stage28a_exact_trades.csv,volatility_transition_v1,vol_trans_fade_h1_low_to_high_h12_tp06_sl065,-7.705724999999893,-8.755724999999893,-9.455724999999893,0,0,0,1,8.755724999999893,71.87999999999965,40.929999999999836,0.6594185194234031,42.33000000000038,0.3534136546184716,23.34999999999991,20.206999999999994,0.704,-1.0,,,12,4,11.0,2025
2025-11-24 12:00:00+00:00|-1.0|vol_trans_fade_h1_low_to_high_h12_tp06_sl065,2025-11-24 12:00:00+00:00,STAGE28A,data/reports/stage28a_discovery_factory_batch_runner/stage28a_exact_trades.csv,volatility_transition_v1,vol_trans_fade_h1_low_to_high_h12_tp06_sl065,3.901900000000205,2.8519000000002053,2.151900000000205,1,1,1,0,2.8519000000002053,12.110000000000127,37.090000000000146,0.8398490159072518,37.44999999999982,0.5321762349799837,11.110000000000127,17.043000000000028,0.344,-1.0,,,12,0,11.0,2025
2025-11-25 12:00:00+00:00|-1.0|vol_trans_fade_h1_low_to_high_h12_tp06_sl065,2025-11-25 12:00:00+00:00,STAGE28A,data/reports/stage28a_discovery_factory_batch_runner/stage28a_exact_trades.csv,volatility_transition_v1,vol_trans_fade_h1_low_to_high_h12_tp06_sl065,4.620999999999549,3.570999999999549,2.870999999999549,1,1,1,0,3.570999999999549,104.51000000000022,33.219999999999345,0.08940397350991583,43.210000000000036,0.21939365887525006,17.539999999999964,16.304500000000008,0.296,-1.0,,,12,1,11.0,2025
2025-11-26 12:00:00+00:00|-1.0|vol_trans_fade_h1_low_to_high_h12_tp06_sl065,2025-11-26 12:00:00+00:00,STAGE28A,data/reports/stage28a_discovery_factory_batch_runner/stage28a_exact_trades.csv,volatility_transition_v1,vol_trans_fade_h1_low_to_high_h12_tp06_sl065,3.4605999999997947,2.410599999999795,1.7105999999997952,1,1,1,0,2.410599999999795,50.42999999999938,39.88000000000011,0.7096288866599826,21.81999999999971,0.08340971585699969,7.980000000000473,14.019499999999743,0.068,-1.0,,,12,2,11.0,2025
2025-11-27 12:00:00+00:00|1.0|vol_trans_fade_h1_low_to_high_h12_tp06_sl065,2025-11-27 12:00:00+00:00,STAGE28A,data/reports/stage28a_discovery_factory_batch_runner/stage28a_exact_trades.csv,volatility_transition_v1,vol_trans_fade_h1_low_to_high_h12_tp06_sl065,2.69529999999977,1.6452999999997702,0.9452999999997704,1,1,1,0,1.6452999999997702,43.900000000000546,25.909999999999854,0.5461211887302441,22.269999999999527,0.26178715761113835,17.55999999999949,10.335499999999865,0.004,1.0,,,12,3,11.0,2025
2025-11-28 12:00:00+00:00|1.0|vol_trans_fade_h1_low_to_high_h12_tp06_sl065,2025-11-28 12:00:00+00:00,STAGE28A,data/reports/stage28a_discovery_factory_batch_runner/stage28a_exact_trades.csv,volatility_transition_v1,vol_trans_fade_h1_low_to_high_h12_tp06_sl065,-5.86102499999979,-6.911024999999791,-7.61102499999979,0,0,0,1,6.911024999999791,25.909999999999854,34.81999999999971,0.7268811028144659,34.909999999999854,0.7023775422514933,9.289999999999964,10.125999999999976,0.088,1.0,,,12,4,11.0,2025
2025-12-01 12:00:00+00:00|-1.0|vol_trans_fade_h1_low_to_high_h12_tp06_sl065,2025-12-01 12:00:00+00:00,STAGE28A,data/reports/stage28a_discovery_factory_batch_runner/stage28a_exact_trades.csv,volatility_transition_v1,vol_trans_fade_h1_low_to_high_h12_tp06_sl065,4.051899999999842,3.001899999999841,2.3018999999998417,1,1,1,0,3.001899999999841,24.699999999999818,50.460000000000036,0.4783987316686546,46.55000000000018,0.2212674543501446,7.970000000000255,17.178500000000078,0.48,-1.0,,,12,0,12.0,2025
2025-12-02 12:00:00+00:00|1.0|vol_trans_fade_h1_low_to_high_h12_tp06_sl065,2025-12-02 12:00:00+00:00,STAGE28A,data/reports/stage28a_discovery_factory_batch_runner/stage28a_exact_trades.csv,volatility_transition_v1,vol_trans_fade_h1_low_to_high_h12_tp06_sl065,4.013800000000083,2.963800000000083,2.2638000000000837,1,1,1,0,2.963800000000083,58.76000000000022,36.529999999999745,0.24035039693404642,44.98999999999978,0.7317181595910254,31.909999999999854,14.91800000000003,0.336,1.0,,,12,1,12.0,2025
2025-12-03 12:00:00+00:00|1.0|vol_trans_fade_h1_low_to_high_h12_tp06_sl065,2025-12-03 12:00:00+00:00,STAGE28A,data/reports/stage28a_discovery_factory_batch_runner/stage28a_exact_trades.csv,volatility_transition_v1,vol_trans_fade_h1_low_to_high_h12_tp06_sl065,2.8609000000000377,1.810900000000038,1.1109000000000382,1,1,1,0,1.810900000000038,72.11999999999989,26.11999999999989,0.3575803981623348,29.220000000000255,0.7488021902806269,10.520000000000437,13.973000000000047,0.272,1.0,,,12,2,12.0,2025
2025-12-04 12:00:00+00:00|-1.0|vol_trans_fade_h1_low_to_high_h12_tp06_sl065,2025-12-04 12:00:00+00:00,STAGE28A,data/reports/stage28a_discovery_factory_batch_runner/stage28a_exact_trades.csv,volatility_transition_v1,vol_trans_fade_h1_low_to_high_h12_tp06_sl065,-4.657225000000471,-5.707225000000472,-6.407225000000471,0,0,0,1,5.707225000000472,46.89000000000033,29.470000000000255,0.34747200542923967,27.340000000000146,0.009509875640095717,18.710000000000036,14.691499999999996,0.412,-1.0,,,12,3,12.0,2025
2025-12-05 12:00:00+00:00|-1.0|vol_trans_fade_h1_low_to_high_h12_tp06_sl065,2025-12-05 12:00:00+00:00,STAGE28A,data/reports/stage28a_discovery_factory_batch_runner/stage28a_exact_trades.csv,volatility_transition_v1,vol_trans_fade_h1_low_to_high_h12_tp06_sl065,-3.3188750000004803,-4.368875000000481,-5.06887500000048,0,0,0,1,4.368875000000481,44.17000000000007,22.579999999999927,0.47387068201952004,16.470000000000255,0.37279902853674757,9.020000000000437,9.626500000000078,0.08,-1.0,,,12,4,12.0,2025
2025-12-08 12:00:00+00:00|1.0|vol_trans_fade_h1_low_to_high_h12_tp06_sl065,2025-12-08 12:00:00+00:00,STAGE28A,data/reports/stage28a_discovery_factory_batch_runner/stage28a_exact_trades.csv,volatility_transition_v1,vol_trans_fade_h1_low_to_high_h12_tp06_sl065,-3.825875000000088,-4.875875000000088,-5.575875000000087,0,0,0,1,4.875875000000088,15.210000000000036,19.06999999999971,0.39066596748819776,17.710000000000036,0.29587803500850823,8.340000000000146,13.539500000000135,0.412,1.0,,,12,0,12.0,2025
2025-12-09 12:00:00+00:00|-1.0|vol_trans_fade_h1_low_to_high_h12_tp06_sl065,2025-12-09 12:00:00+00:00,STAGE28A,data/reports/stage28a_discovery_factory_batch_runner/stage28a_exact_trades.csv,volatility_transition_v1,vol_trans_fade_h1_low_to_high_h12_tp06_sl065,-4.168425000000388,-5.218425000000389,-5.918425000000388,0,0,0,1,5.218425000000389,42.48999999999978,14.079999999999927,0.5589488636363588,42.75,0.39836257309940926,21.979999999999563,10.933499999999867,0.216,-1.0,,,12,1,12.0,2025
2025-12-10 12:00:00+00:00|1.0|vol_trans_fade_h1_low_to_high_h12_tp06_sl065,2025-12-10 12:00:00+00:00,STAGE28A,data/reports/stage28a_discovery_factory_batch_runner/stage28a_exact_trades.csv,volatility_transition_v1,vol_trans_fade_h1_low_to_high_h12_tp06_sl065,-3.177175000000352,-4.2271750000003525,-4.927175000000352,0,0,0,1,4.2271750000003525,51.150000000000546,15.0,0.25533333333332847,26.73999999999978,0.5145848915482547,7.960000000000036,9.911000000000058,0.128,1.0,,,12,2,12.0,2025
2025-12-11 12:00:00+00:00|-1.0|vol_trans_fade_h1_low_to_high_h12_tp06_sl065,2025-12-11 12:00:00+00:00,STAGE28A,data/reports/stage28a_discovery_factory_batch_runner/stage28a_exact_trades.csv,volatility_transition_v1,vol_trans_fade_h1_low_to_high_h12_tp06_sl065,-3.5863500000001296,-4.63635000000013,-5.336350000000129,0,0,0,1,4.63635000000013,56.650000000000546,39.13999999999942,0.4757281553398101,21.590000000000146,0.1491431218156662,11.079999999999927,13.86649999999995,0.68,-1.0,,,12,3,12.0,2025
2025-12-12 12:00:00+00:00|-1.0|vol_trans_fade_h1_low_to_high_h12_tp06_sl065,2025-12-12 12:00:00+00:00,STAGE28A,data/reports/stage28a_discovery_factory_batch_runner/stage28a_exact_trades.csv,volatility_transition_v1,vol_trans_fade_h1_low_to_high_h12_tp06_sl065,3.1483000000001997,2.0983000000001995,1.3983000000001995,1,1,1,0,2.0983000000001995,81.61000000000058,18.800000000000182,0.5281914893616642,64.73999999999978,0.9800741427247597,13.279999999999745,14.255000000000019,0.688,-1.0,,,12,4,12.0,2025
2025-12-15 12:00:00+00:00|1.0|vol_trans_fade_h1_low_to_high_h12_tp06_sl065,2025-12-15 12:00:00+00:00,STAGE28A,data/reports/stage28a_discovery_factory_batch_runner/stage28a_exact_trades.csv,volatility_transition_v1,vol_trans_fade_h1_low_to_high_h12_tp06_sl065,2.7226000000004205,1.6726000000004206,0.9726000000004208,1,1,1,0,1.6726000000004206,13.710000000000036,35.11000000000058,0.6693249786385534,25.270000000000437,0.5385833003561673,7.880000000000109,16.033000000000037,0.82,1.0,,,12,0,12.0,2025
2025-12-16 12:00:00+00:00|1.0|vol_trans_fade_h1_low_to_high_h12_tp06_sl065,2025-12-16 12:00:00+00:00,STAGE28A,data/reports/stage28a_discovery_factory_batch_runner/stage28a_exact_trades.csv,volatility_transition_v1,vol_trans_fade_h1_low_to_high_h12_tp06_sl065,3.3513999999999213,2.301399999999921,1.6013999999999218,1,1,1,0,2.301399999999921,64.84000000000015,37.07000000000062,0.4086862692203772,20.51000000000022,0.5724037055094908,9.350000000000364,14.063500000000158,0.676,1.0,,,12,1,12.0,2025
2025-12-17 12:00:00+00:00|1.0|vol_trans_fade_h1_low_to_high_h12_tp06_sl065,2025-12-17 12:00:00+00:00,STAGE28A,data/reports/stage28a_discovery_factory_batch_runner/stage28a_exact_trades.csv,volatility_transition_v1,vol_trans_fade_h1_low_to_high_h12_tp06_sl065,-4.5148750000003925,-5.564875000000393,-6.2648750000003925,0,0,0,1,5.564875000000393,63.220000000000255,29.93000000000029,0.7327096558636541,35.470000000000255,0.33718635466591346,7.229999999999563,13.675000000000091,0.608,1.0,,,12,2,12.0,2025
2025-12-18 12:00:00+00:00|1.0|vol_trans_fade_h1_low_to_high_h12_tp06_sl065,2025-12-18 12:00:00+00:00,STAGE28A,data/reports/stage28a_discovery_factory_batch_runner/stage28a_exact_trades.csv,volatility_transition_v1,vol_trans_fade_h1_low_to_high_h12_tp06_sl065,2.1622000000001207,1.1122000000001209,0.4122000000001211,1,1,1,0,1.1122000000001209,47.26000000000022,18.51000000000022,0.390059427336584,16.73999999999978,0.3912783751493045,7.649999999999636,11.018499999999994,0.232,1.0,,,12,3,12.0,2025
2025-12-19 12:00:00+00:00|-1.0|vol_trans_fade_h1_low_to_high_h12_tp06_sl065,2025-12-19 12:00:00+00:00,STAGE28A,data/reports/stage28a_discovery_factory_batch_runner/stage28a_exact_trades.csv,volatility_transition_v1,vol_trans_fade_h1_low_to_high_h12_tp06_sl065,2.220099999999911,1.170099999999911,0.4700999999999116,1,1,1,0,1.170099999999911,65.72000000000025,27.599999999999454,0.44818840579710634,15.989999999999782,0.3089430894308735,9.13000000000011,14.62649999999985,0.828,-1.0,,,12,4,12.0,2025
2025-12-22 12:00:00+00:00|-1.0|vol_trans_fade_h1_low_to_high_h12_tp06_sl065,2025-12-22 12:00:00+00:00,STAGE28A,data/reports/stage28a_discovery_factory_batch_runner/stage28a_exact_trades.csv,volatility_transition_v1,vol_trans_fade_h1_low_to_high_h12_tp06_sl065,3.3162999999998646,2.2662999999998648,1.566299999999865,1,1,1,0,2.2662999999998648,18.1200000000008,62.840000000000146,0.6877784850413774,23.599999999999454,0.4338983050847851,6.739999999999782,12.025500000000012,0.376,-1.0,,,12,0,12.0,2025
2025-12-23 12:00:00+00:00|1.0|vol_trans_fade_h1_low_to_high_h12_tp06_sl065,2025-12-23 12:00:00+00:00,STAGE28A,data/reports/stage28a_discovery_factory_batch_runner/stage28a_exact_trades.csv,volatility_transition_v1,vol_trans_fade_h1_low_to_high_h12_tp06_sl065,-4.049150000000372,-5.099150000000373,-5.799150000000372,0,0,0,1,5.099150000000373,122.74000000000069,52.289999999999964,0.42991011665709655,23.69000000000051,0.08104685521313305,13.089999999999236,12.632499999999936,0.492,1.0,,,12,1,12.0,2025
2025-12-24 12:00:00+00:00|-1.0|vol_trans_fade_h1_low_to_high_h12_tp06_sl065,2025-12-24 12:00:00+00:00,STAGE28A,data/reports/stage28a_discovery_factory_batch_runner/stage28a_exact_trades.csv,volatility_transition_v1,vol_trans_fade_h1_low_to_high_h12_tp06_sl065,-4.706625000000349,-5.75662500000035,-6.456625000000349,0,0,0,1,5.75662500000035,75.19000000000051,54.51000000000022,0.07228031553842569,22.300000000000182,0.43094170403585624,13.800000000000182,18.812499999999954,0.984,-1.0,,,12,2,12.0,2025
2025-12-26 12:00:00+00:00|1.0|vol_trans_fade_h1_low_to_high_h12_tp06_sl065,2025-12-26 12:00:00+00:00,STAGE28A,data/reports/stage28a_discovery_factory_batch_runner/stage28a_exact_trades.csv,volatility_transition_v1,vol_trans_fade_h1_low_to_high_h12_tp06_sl065,-3.7010749999995824,-4.751074999999583,-5.451074999999582,0,0,0,1,4.751074999999583,30.289999999999964,61.48999999999978,0.22767929744674012,17.50999999999931,0.311250713877786,8.420000000000073,18.053999999999906,0.9,1.0,,,12,4,12.0,2025
2025-12-29 12:00:00+00:00|-1.0|vol_trans_fade_h1_low_to_high_h12_tp06_sl065,2025-12-29 12:00:00+00:00,STAGE28A,data/reports/stage28a_discovery_factory_batch_runner/stage28a_exact_trades.csv,volatility_transition_v1,vol_trans_fade_h1_low_to_high_h12_tp06_sl065,6.767799999999989,5.717799999999988,5.017799999999989,1,1,1,0,5.717799999999988,26.170000000000073,76.92000000000007,0.15665626625065224,71.97000000000025,0.7582325969153874,16.94000000000051,24.867500000000017,0.996,-1.0,,,12,0,12.0,2025
2025-12-30 12:00:00+00:00|-1.0|vol_trans_fade_h1_low_to_high_h12_tp06_sl065,2025-12-30 12:00:00+00:00,STAGE28A,data/reports/stage28a_discovery_factory_batch_runner/stage28a_exact_trades.csv,volatility_transition_v1,vol_trans_fade_h1_low_to_high_h12_tp06_sl065,5.294800000000032,4.244800000000032,3.5448000000000324,1,1,1,0,4.244800000000032,246.52999999999975,45.98999999999978,0.38704066101326956,41.36000000000058,0.5118471953578282,12.139999999999418,22.87300000000014,0.892,-1.0,,,12,1,12.0,2025
2025-12-31 12:00:00+00:00|-1.0|vol_trans_fade_h1_low_to_high_h12_tp06_sl065,2025-12-31 12:00:00+00:00,STAGE28A,data/reports/stage28a_discovery_factory_batch_runner/stage28a_exact_trades.csv,volatility_transition_v1,vol_trans_fade_h1_low_to_high_h12_tp06_sl065,8.141799999999785,7.091799999999784,6.391799999999785,1,1,1,0,7.091799999999784,80.57999999999993,44.35999999999967,0.13841298467086255,68.73999999999978,0.3840558626709299,29.720000000000255,25.64899999999998,0.94,-1.0,,,12,2,12.0,2025
2026-01-02 12:00:00+00:00|1.0|vol_trans_fade_h1_low_to_high_h12_tp06_sl065,2026-01-02 12:00:00+00:00,STAGE28A,data/reports/stage28a_discovery_factory_batch_runner/stage28a_exact_trades.csv,volatility_transition_v1,vol_trans_fade_h1_low_to_high_h12_tp06_sl065,2.9851000000002386,1.9351000000002387,1.235100000000239,1,1,1,0,1.9351000000002387,26.88000000000011,54.08000000000084,0.4567307692307588,27.51000000000022,0.8269720101781105,8.229999999999563,15.509500000000026,0.492,1.0,,,12,4,1.0,2026
2026-01-05 12:00:00+00:00|-1.0|vol_trans_fade_h1_low_to_high_h12_tp06_sl065,2026-01-05 12:00:00+00:00,STAGE28A,data/reports/stage28a_discovery_factory_batch_runner/stage28a_exact_trades.csv,volatility_transition_v1,vol_trans_fade_h1_low_to_high_h12_tp06_sl065,-4.711824999999953,-5.761824999999954,-6.461824999999953,0,0,0,1,5.761824999999954,30.640000000000327,74.94000000000051,0.425540432345866,38.8100000000004,0.8294254058232226,11.739999999999782,17.78100000000004,0.528,-1.0,,,12,0,1.0,2026
2026-01-06 12:00:00+00:00|1.0|vol_trans_fade_h1_low_to_high_h12_tp06_sl065,2026-01-06 12:00:00+00:00,STAGE28A,data/reports/stage28a_discovery_factory_batch_runner/stage28a_exact_trades.csv,volatility_transition_v1,vol_trans_fade_h1_low_to_high_h12_tp06_sl065,-5.542525000000387,-6.592525000000387,-7.292525000000387,0,0,0,1,6.592525000000387,110.64000000000033,40.539999999999964,0.6625555007400024,32.960000000000036,0.46450242718447765,23.61999999999989,15.958499999999958,0.384,1.0,,,12,1,1.0,2026
2026-01-07 12:00:00+00:00|1.0|vol_trans_fade_h1_low_to_high_h12_tp06_sl065,2026-01-07 12:00:00+00:00,STAGE28A,data/reports/stage28a_discovery_factory_batch_runner/stage28a_exact_trades.csv,volatility_transition_v1,vol_trans_fade_h1_low_to_high_h12_tp06_sl065,-5.37677500000027,-6.426775000000271,-7.12677500000027,0,0,0,1,6.426775000000271,69.30999999999949,40.720000000000255,0.7094793713163101,33.11999999999989,0.011171497584537804,9.090000000000146,16.29350000000004,0.404,1.0,,,12,2,1.0,2026
2026-01-08 12:00:00+00:00|-1.0|vol_trans_fade_h1_low_to_high_h12_tp06_sl065,2026-01-08 12:00:00+00:00,STAGE28A,data/reports/stage28a_discovery_factory_batch_runner/stage28a_exact_trades.csv,volatility_transition_v1,vol_trans_fade_h1_low_to_high_h12_tp06_sl065,4.231299999999829,3.1812999999998284,2.4812999999998286,1,1,1,0,3.1812999999998284,76.98000000000047,36.0,0.8824999999999869,24.0,0.07875000000001364,9.3100000000004,15.073000000000047,0.132,-1.0,,,12,3,1.0,2026
2026-01-09 12:00:00+00:00|-1.0|vol_trans_fade_h1_low_to_high_h12_tp06_sl065,2026-01-09 12:00:00+00:00,STAGE28A,data/reports/stage28a_discovery_factory_batch_runner/stage28a_exact_trades.csv,volatility_transition_v1,vol_trans_fade_h1_low_to_high_h12_tp06_sl065,2.7276999999998224,1.6776999999998226,0.9776999999998228,1,1,1,0,1.6776999999998226,71.64000000000033,31.079999999999927,0.352960102960112,19.199999999999818,0.4234375000000097,9.089999999999236,13.585500000000138,0.004,-1.0,,,12,4,1.0,2026
2026-01-12 12:00:00+00:00|1.0|vol_trans_fade_h1_low_to_high_h12_tp06_sl065,2026-01-12 12:00:00+00:00,STAGE28A,data/reports/stage28a_discovery_factory_batch_runner/stage28a_exact_trades.csv,volatility_transition_v1,vol_trans_fade_h1_low_to_high_h12_tp06_sl065,-4.887325000000237,-5.9373250000002376,-6.637325000000237,0,0,0,1,5.9373250000002376,31.800000000000182,87.85999999999967,0.32540405190075405,33.039999999999964,0.7760290556900559,11.530000000000655,22.671000000000003,0.78,1.0,,,12,0,1.0,2026
2026-01-13 12:00:00+00:00|1.0|vol_trans_fade_h1_low_to_high_h12_tp06_sl065,2026-01-13 12:00:00+00:00,STAGE28A,data/reports/stage28a_discovery_factory_batch_runner/stage28a_exact_trades.csv,volatility_transition_v1,vol_trans_fade_h1_low_to_high_h12_tp06_sl065,4.058800000000156,3.008800000000156,2.308800000000156,1,1,1,0,3.008800000000156,116.96000000000004,32.23000000000047,0.0896680111697265,28.42999999999938,0.3496306718255619,9.94000000000051,16.412000000000035,0.392,1.0,,,12,1,1.0,2026
2026-01-14 12:00:00+00:00|1.0|vol_trans_fade_h1_low_to_high_h12_tp06_sl065,2026-01-14 12:00:00+00:00,STAGE28A,data/reports/stage28a_discovery_factory_batch_runner/stage28a_exact_trades.csv,volatility_transition_v1,vol_trans_fade_h1_low_to_high_h12_tp06_sl065,4.212700000000405,3.1627000000004046,2.462700000000405,1,1,1,0,3.1627000000004046,64.76999999999953,42.88000000000011,0.705457089552237,21.579999999999927,0.15848007414272866,12.399999999999636,17.014499999999998,0.504,1.0,,,12,2,1.0,2026
2026-01-15 12:00:00+00:00|-1.0|vol_trans_fade_h1_low_to_high_h12_tp06_sl065,2026-01-15 12:00:00+00:00,STAGE28A,data/reports/stage28a_discovery_factory_batch_runner/stage28a_exact_trades.csv,volatility_transition_v1,vol_trans_fade_h1_low_to_high_h12_tp06_sl065,-5.148950000000331,-6.198950000000332,-6.898950000000331,0,0,0,1,6.198950000000332,55.220000000000255,51.470000000000255,0.4453079463765292,39.04999999999927,0.7062740076824697,12.36999999999989,18.05650000000005,0.728,-1.0,,,12,3,1.0,2026
2026-01-16 12:00:00+00:00|1.0|vol_trans_fade_h1_low_to_high_h12_tp06_sl065,2026-01-16 12:00:00+00:00,STAGE28A,data/reports/stage28a_discovery_factory_batch_runner/stage28a_exact_trades.csv,volatility_transition_v1,vol_trans_fade_h1_low_to_high_h12_tp06_sl065,-5.110924999999588,-6.1609249999995885,-6.860924999999588,0,0,0,1,6.1609249999995885,51.470000000000255,29.23999999999978,0.3081395348837307,21.81999999999971,0.04353803849678418,9.350000000000364,13.811000000000103,0.036,1.0,,,12,4,1.0,2026
2026-01-19 12:00:00+00:00|-1.0|vol_trans_fade_h1_low_to_high_h12_tp06_sl065,2026-01-19 12:00:00+00:00,STAGE28A,data/reports/stage28a_discovery_factory_batch_runner/stage28a_exact_trades.csv,volatility_transition_v1,vol_trans_fade_h1_low_to_high_h12_tp06_sl065,3.320200000000477,2.2702000000004774,1.5702000000004777,1,1,1,0,2.2702000000004774,70.75,70.75,0.13371024734982384,17.730000000000473,0.0383530738860842,10.759999999999309,24.437500000000046,0.96,-1.0,,,12,0,1.0,2026
2026-01-20 12:00:00+00:00|-1.0|vol_trans_fade_h1_low_to_high_h12_tp06_sl065,2026-01-20 12:00:00+00:00,STAGE28A,data/reports/stage28a_discovery_factory_batch_runner/stage28a_exact_trades.csv,volatility_transition_v1,vol_trans_fade_h1_low_to_high_h12_tp06_sl065,4.258299999999872,3.208299999999872,2.5082999999998723,1,1,1,0,3.208299999999872,70.75,37.38999999999942,0.7983418026210438,43.05000000000018,0.726596980255529,16.0,11.848999999999933,0.056,-1.0,,,12,1,1.0,2026
2026-01-21 12:00:00+00:00|-1.0|vol_trans_fade_h1_low_to_high_h12_tp06_sl065,2026-01-21 12:00:00+00:00,STAGE28A,data/reports/stage28a_discovery_factory_batch_runner/stage28a_exact_trades.csv,volatility_transition_v1,vol_trans_fade_h1_low_to_high_h12_tp06_sl065,7.550499999999738,6.500499999999738,5.800499999999738,1,1,1,0,6.500499999999738,117.38999999999942,112.94999999999982,0.7990261177512187,55.72999999999956,0.06728871343979956,24.76000000000022,23.14899999999998,0.928,-1.0,,,12,2,1.0,2026
2026-01-22 12:00:00+00:00|1.0|vol_trans_fade_h1_low_to_high_h12_tp06_sl065,2026-01-22 12:00:00+00:00,STAGE28A,data/reports/stage28a_discovery_factory_batch_runner/stage28a_exact_trades.csv,volatility_transition_v1,vol_trans_fade_h1_low_to_high_h12_tp06_sl065,4.590700000000107,3.5407000000001063,2.8407000000001066,1,1,1,0,3.5407000000001063,132.3699999999999,62.81999999999971,0.306431072906719,44.42000000000007,0.716343989194049,23.800000000000182,32.16200000000008,0.968,1.0,,,12,3,1.0,2026
2026-01-23 12:00:00+00:00|-1.0|vol_trans_fade_h1_low_to_high_h12_tp06_sl065,2026-01-23 12:00:00+00:00,STAGE28A,data/reports/stage28a_discovery_factory_batch_runner/stage28a_exact_trades.csv,volatility_transition_v1,vol_trans_fade_h1_low_to_high_h12_tp06_sl065,-7.500649999999586,-8.550649999999587,-9.250649999999586,0,0,0,1,8.550649999999587,187.47999999999956,36.32999999999993,0.07349298100743402,67.39999999999964,0.3921364985163269,21.67999999999938,23.0645,0.816,-1.0,,,12,4,1.0,2026
2026-01-26 12:00:00+00:00|-1.0|vol_trans_fade_h1_low_to_high_h12_tp06_sl065,2026-01-26 12:00:00+00:00,STAGE28A,data/reports/stage28a_discovery_factory_batch_runner/stage28a_exact_trades.csv,volatility_transition_v1,vol_trans_fade_h1_low_to_high_h12_tp06_sl065,7.359700000000339,6.309700000000339,5.609700000000339,1,1,1,0,6.309700000000339,37.909999999999854,90.77999999999975,0.33718880810752,58.66999999999916,0.36475200272713226,22.899999999999636,26.066499999999998,0.892,-1.0,,,12,0,1.0,2026
2026-01-27 12:00:00+00:00|-1.0|vol_trans_fade_h1_low_to_high_h12_tp06_sl065,2026-01-27 12:00:00+00:00,STAGE28A,data/reports/stage28a_discovery_factory_batch_runner/stage28a_exact_trades.csv,volatility_transition_v1,vol_trans_fade_h1_low_to_high_h12_tp06_sl065,5.649399999999696,4.599399999999696,3.899399999999696,1,1,1,0,4.599399999999696,120.89999999999964,66.71999999999935,0.3625599520383805,43.279999999999745,0.441543438077629,21.609999999999673,34.34849999999992,0.968,-1.0,,,12,1,1.0,2026
2026-01-28 12:00:00+00:00|1.0|vol_trans_fade_h1_low_to_high_h12_tp06_sl065,2026-01-28 12:00:00+00:00,STAGE28A,data/reports/stage28a_discovery_factory_batch_runner/stage28a_exact_trades.csv,volatility_transition_v1,vol_trans_fade_h1_low_to_high_h12_tp06_sl065,-9.035300000000095,-10.085300000000098,-10.785300000000095,0,0,0,1,10.085300000000098,177.47999999999956,91.47000000000025,0.8015742866513557,70.05000000000018,0.3504639543183327,34.05999999999949,29.87600000000011,0.856,1.0,,,12,2,1.0,2026
2026-01-29 12:00:00+00:00|-1.0|vol_trans_fade_h1_low_to_high_h12_tp06_sl065,2026-01-29 12:00:00+00:00,STAGE28A,data/reports/stage28a_discovery_factory_batch_runner/stage28a_exact_trades.csv,volatility_transition_v1,vol_trans_fade_h1_low_to_high_h12_tp06_sl065,13.629099999999562,12.579099999999562,11.879099999999562,1,1,1,0,12.579099999999562,367.5100000000002,177.09000000000015,0.2549551075724185,120.55000000000018,0.6137702198257957,31.409999999999854,58.22600000000007,0.996,-1.0,,,12,3,1.0,2026
2026-01-30 12:00:00+00:00|1.0|vol_trans_fade_h1_low_to_high_h12_tp06_sl065,2026-01-30 12:00:00+00:00,STAGE28A,data/reports/stage28a_discovery_factory_batch_runner/stage28a_exact_trades.csv,volatility_transition_v1,vol_trans_fade_h1_low_to_high_h12_tp06_sl065,-33.50520000000015,-34.55520000000015,-35.25520000000015,0,0,0,1,34.55520000000015,494.8599999999997,338.6199999999999,0.661360817435473,297.4300000000003,0.3163433412903878,189.0699999999997,105.22049999999994,1.0,1.0,,,12,4,1.0,2026
2026-02-02 12:00:00+00:00|-1.0|vol_trans_fade_h1_low_to_high_h12_tp06_sl065,2026-02-02 12:00:00+00:00,STAGE28A,data/reports/stage28a_discovery_factory_batch_runner/stage28a_exact_trades.csv,volatility_transition_v1,vol_trans_fade_h1_low_to_high_h12_tp06_sl065,34.90900000000001,33.859000000000016,33.15900000000001,1,1,1,0,33.859000000000016,168.01999999999953,300.52999999999975,0.20949655608425147,330.25,0.07887963663891047,126.42999999999938,134.20349999999976,1.0,-1.0,,,12,0,2.0,2026
2026-02-03 12:00:00+00:00|-1.0|vol_trans_fade_h1_low_to_high_h12_tp06_sl065,2026-02-03 12:00:00+00:00,STAGE28A,data/reports/stage28a_discovery_factory_batch_runner/stage28a_exact_trades.csv,volatility_transition_v1,vol_trans_fade_h1_low_to_high_h12_tp06_sl065,14.089000000000306,13.039000000000303,12.339000000000306,1,1,1,0,13.039000000000303,481.1899999999996,189.4900000000007,0.18222597498548535,139.53999999999996,0.6661889064067655,41.55999999999949,70.76500000000006,0.732,-1.0,,,12,1,2.0,2026
2026-02-04 12:00:00+00:00|1.0|vol_trans_fade_h1_low_to_high_h12_tp06_sl065,2026-02-04 12:00:00+00:00,STAGE28A,data/reports/stage28a_discovery_factory_batch_runner/stage28a_exact_trades.csv,volatility_transition_v1,vol_trans_fade_h1_low_to_high_h12_tp06_sl065,9.783700000000318,8.733700000000317,8.033700000000318,1,1,1,0,8.733700000000317,327.28999999999996,170.6200000000008,0.7802133395850385,50.0,0.6368000000000029,43.42000000000007,47.084999999999994,0.576,1.0,,,12,2,2.0,2026
2026-02-05 12:00:00+00:00|1.0|vol_trans_fade_h1_low_to_high_h12_tp06_sl065,2026-02-05 12:00:00+00:00,STAGE28A,data/reports/stage28a_discovery_factory_batch_runner/stage28a_exact_trades.csv,volatility_transition_v1,vol_trans_fade_h1_low_to_high_h12_tp06_sl065,-19.47332499999957,-20.523324999999566,-21.22332499999957,0,0,0,1,20.523324999999566,239.94999999999982,234.41000000000076,0.6337613583038263,116.44999999999982,0.11592958351223719,64.64999999999964,63.08100000000004,0.724,1.0,,,12,3,2.0,2026
2026-02-06 12:00:00+00:00|-1.0|vol_trans_fade_h1_low_to_high_h12_tp06_sl065,2026-02-06 12:00:00+00:00,STAGE28A,data/reports/stage28a_discovery_factory_batch_runner/stage28a_exact_trades.csv,volatility_transition_v1,vol_trans_fade_h1_low_to_high_h12_tp06_sl065,13.89579999999969,12.84579999999969,12.14579999999969,1,1,1,0,12.84579999999969,320.3100000000004,191.01000000000022,0.5794461022983098,95.03999999999996,0.6758207070707027,33.98999999999978,63.07049999999985,0.696,-1.0,,,12,4,2.0,2026
2026-02-09 12:00:00+00:00|1.0|vol_trans_fade_h1_low_to_high_h12_tp06_sl065,2026-02-09 12:00:00+00:00,STAGE28A,data/reports/stage28a_discovery_factory_batch_runner/stage28a_exact_trades.csv,volatility_transition_v1,vol_trans_fade_h1_low_to_high_h12_tp06_sl065,-9.96252499999955,-11.01252499999955,-11.71252499999955,0,0,0,1,11.01252499999955,81.67000000000007,81.67000000000007,0.2937431125260164,62.659999999999854,0.33482285349506097,37.92000000000007,36.01400000000003,0.276,1.0,,,12,0,2.0,2026
2026-02-10 12:00:00+00:00|-1.0|vol_trans_fade_h1_low_to_high_h12_tp06_sl065,2026-02-10 12:00:00+00:00,STAGE28A,data/reports/stage28a_discovery_factory_batch_runner/stage28a_exact_trades.csv,volatility_transition_v1,vol_trans_fade_h1_low_to_high_h12_tp06_sl065,-8.562424999999712,-9.612424999999712,-10.312424999999712,0,0,0,1,9.612424999999712,121.23000000000047,87.30999999999949,0.0027488260222276097,51.73999999999978,0.304020100502523,22.4399999999996,29.527499999999918,0.096,-1.0,,,12,1,2.0,2026
2026-02-11 12:00:00+00:00|-1.0|vol_trans_fade_h1_low_to_high_h12_tp06_sl065,2026-02-11 12:00:00+00:00,STAGE28A,data/reports/stage28a_discovery_factory_batch_runner/stage28a_exact_trades.csv,volatility_transition_v1,vol_trans_fade_h1_low_to_high_h12_tp06_sl065,-6.280599999999685,-7.330599999999686,-8.030599999999685,0,0,0,1,7.330599999999686,90.59999999999945,36.149999999999636,0.11009681881052595,57.410000000000764,0.814318063055206,24.81999999999971,23.562499999999908,0.004,-1.0,,,12,2,2.0,2026
2026-02-12 12:00:00+00:00|-1.0|vol_trans_fade_h1_low_to_high_h12_tp06_sl065,2026-02-12 12:00:00+00:00,STAGE28A,data/reports/stage28a_discovery_factory_batch_runner/stage28a_exact_trades.csv,volatility_transition_v1,vol_trans_fade_h1_low_to_high_h12_tp06_sl065,-6.63387500000008,-7.68387500000008,-8.38387500000008,0,0,0,1,7.68387500000008,99.52999999999975,54.75999999999931,0.13951789627466077,33.48999999999978,0.22066288444312857,14.489999999999782,23.97549999999983,0.02,-1.0,,,12,3,2.0,2026
2026-02-13 12:00:00+00:00|1.0|vol_trans_fade_h1_low_to_high_h12_tp06_sl065,2026-02-13 12:00:00+00:00,STAGE28A,data/reports/stage28a_discovery_factory_batch_runner/stage28a_exact_trades.csv,volatility_transition_v1,vol_trans_fade_h1_low_to_high_h12_tp06_sl065,-9.526375000000009,-10.576375000000008,-11.276375000000009,0,0,0,1,10.576375000000008,221.16999999999916,110.14999999999964,0.510939627780299,44.63000000000011,0.5969079094779152,21.289999999999964,39.90849999999987,0.428,1.0,,,12,4,2.0,2026
2026-02-16 12:00:00+00:00|-1.0|vol_trans_fade_h1_low_to_high_h12_tp06_sl065,2026-02-16 12:00:00+00:00,STAGE28A,data/reports/stage28a_discovery_factory_batch_runner/stage28a_exact_trades.csv,volatility_transition_v1,vol_trans_fade_h1_low_to_high_h12_tp06_sl065,-5.53407500000012,-6.584075000000121,-7.28407500000012,0,0,0,1,6.584075000000121,39.280000000000655,77.38000000000011,0.561643835616438,50.88000000000011,0.5548349056603676,9.390000000000327,25.427499999999963,0.068,-1.0,,,12,0,2.0,2026
2026-02-17 12:00:00+00:00|-1.0|vol_trans_fade_h1_low_to_high_h12_tp06_sl065,2026-02-17 12:00:00+00:00,STAGE28A,data/reports/stage28a_discovery_factory_batch_runner/stage28a_exact_trades.csv,volatility_transition_v1,vol_trans_fade_h1_low_to_high_h12_tp06_sl065,8.709699999999794,7.659699999999793,6.959699999999794,1,1,1,0,7.659699999999793,84.22000000000025,77.25,0.4779288025889977,91.84000000000015,0.4317290940766603,18.979999999999563,24.981999999999925,0.144,-1.0,,,12,1,2.0,2026
2026-02-18 12:00:00+00:00|-1.0|vol_trans_fade_h1_low_to_high_h12_tp06_sl065,2026-02-18 12:00:00+00:00,STAGE28A,data/reports/stage28a_discovery_factory_batch_runner/stage28a_exact_trades.csv,volatility_transition_v1,vol_trans_fade_h1_low_to_high_h12_tp06_sl065,3.896500000000197,2.8465000000001965,2.146500000000197,1,1,1,0,2.8465000000001965,157.21000000000004,86.19999999999982,0.8678654292343452,32.5,0.6058461538461415,10.029999999999745,22.62999999999988,0.1,-1.0,,,12,2,2.0,2026
2026-02-19 12:00:00+00:00|1.0|vol_trans_fade_h1_low_to_high_h12_tp06_sl065,2026-02-19 12:00:00+00:00,STAGE28A,data/reports/stage28a_discovery_factory_batch_runner/stage28a_exact_trades.csv,volatility_transition_v1,vol_trans_fade_h1_low_to_high_h12_tp06_sl065,4.278700000000208,3.228700000000208,2.5287000000002084,1,1,1,0,3.228700000000208,156.84000000000015,28.07000000000062,0.2921268257926483,40.33000000000084,0.22737416315397677,27.38000000000011,17.839500000000044,0.024,1.0,,,12,3,2.0,2026
2026-02-20 12:00:00+00:00|1.0|vol_trans_fade_h1_low_to_high_h12_tp06_sl065,2026-02-20 12:00:00+00:00,STAGE28A,data/reports/stage28a_discovery_factory_batch_runner/stage28a_exact_trades.csv,volatility_transition_v1,vol_trans_fade_h1_low_to_high_h12_tp06_sl065,-6.3690000000002325,-7.419000000000233,-8.119000000000232,0,0,0,1,7.419000000000233,61.32000000000062,32.899999999999636,0.36413373860181447,44.55999999999949,0.7773788150807858,15.099999999999454,19.792500000000018,0.192,1.0,,,12,4,2.0,2026
2026-02-23 12:00:00+00:00|-1.0|vol_trans_fade_h1_low_to_high_h12_tp06_sl065,2026-02-23 12:00:00+00:00,STAGE28A,data/reports/stage28a_discovery_factory_batch_runner/stage28a_exact_trades.csv,volatility_transition_v1,vol_trans_fade_h1_low_to_high_h12_tp06_sl065,-6.218199999999888,-7.268199999999888,-7.968199999999888,0,0,0,1,7.268199999999888,72.84000000000015,77.53999999999996,0.0517152437451549,40.94999999999982,0.05225885225883828,10.239999999999782,29.003999999999998,0.576,-1.0,,,12,0,2.0,2026
2026-02-24 12:00:00+00:00|1.0|vol_trans_fade_h1_low_to_high_h12_tp06_sl065,2026-02-24 12:00:00+00:00,STAGE28A,data/reports/stage28a_discovery_factory_batch_runner/stage28a_exact_trades.csv,volatility_transition_v1,vol_trans_fade_h1_low_to_high_h12_tp06_sl065,5.459500000000299,4.409500000000298,3.7095000000002982,1,1,1,0,4.409500000000298,139.01000000000022,104.50999999999931,0.6400344464644605,29.329999999999927,0.16365496079100558,13.900000000000546,25.59649999999997,0.48,1.0,,,12,1,2.0,2026
2026-02-25 12:00:00+00:00|-1.0|vol_trans_fade_h1_low_to_high_h12_tp06_sl065,2026-02-25 12:00:00+00:00,STAGE28A,data/reports/stage28a_discovery_factory_batch_runner/stage28a_exact_trades.csv,volatility_transition_v1,vol_trans_fade_h1_low_to_high_h12_tp06_sl065,-5.745000000000436,-6.795000000000437,-7.495000000000436,0,0,0,1,6.795000000000437,155.44999999999982,71.0,0.506197183098586,40.400000000000546,0.19306930693069496,17.82000000000062,23.193000000000076,0.38,-1.0,,,12,2,2.0,2026
2026-02-26 12:00:00+00:00|-1.0|vol_trans_fade_h1_low_to_high_h12_tp06_sl065,2026-02-26 12:00:00+00:00,STAGE28A,data/reports/stage28a_discovery_factory_batch_runner/stage28a_exact_trades.csv,volatility_transition_v1,vol_trans_fade_h1_low_to_high_h12_tp06_sl065,4.605399999999827,3.555399999999827,2.855399999999827,1,1,1,0,3.555399999999827,94.65999999999985,43.400000000000546,0.6817972350230362,39.1899999999996,0.5435059964276703,15.889999999999418,21.97749999999987,0.368,-1.0,,,12,3,2.0,2026
2026-02-27 12:00:00+00:00|1.0|vol_trans_fade_h1_low_to_high_h12_tp06_sl065,2026-02-27 12:00:00+00:00,STAGE28A,data/reports/stage28a_discovery_factory_batch_runner/stage28a_exact_trades.csv,volatility_transition_v1,vol_trans_fade_h1_low_to_high_h12_tp06_sl065,-4.8421500000000375,-5.892150000000038,-6.5921500000000375,0,0,0,1,5.892150000000038,74.60999999999967,32.68000000000029,0.08353733170136012,31.48999999999978,0.1292473801206649,10.260000000000218,20.276500000000034,0.252,1.0,,,12,4,2.0,2026
2026-03-02 12:00:00+00:00|1.0|vol_trans_fade_h1_low_to_high_h12_tp06_sl065,2026-03-02 12:00:00+00:00,STAGE28A,data/reports/stage28a_discovery_factory_batch_runner/stage28a_exact_trades.csv,volatility_transition_v1,vol_trans_fade_h1_low_to_high_h12_tp06_sl065,-8.763274999999885,-9.813274999999884,-10.513274999999885,0,0,0,1,9.813274999999884,87.94000000000051,89.74000000000069,0.3510140405616198,78.23999999999978,0.43366564417177245,16.51000000000022,33.927500000000144,0.988,1.0,,,12,0,3.0,2026
2026-03-03 12:00:00+00:00|1.0|vol_trans_fade_h1_low_to_high_h12_tp06_sl065,2026-03-03 12:00:00+00:00,STAGE28A,data/reports/stage28a_discovery_factory_batch_runner/stage28a_exact_trades.csv,volatility_transition_v1,vol_trans_fade_h1_low_to_high_h12_tp06_sl065,14.055700000000252,13.005700000000251,12.305700000000252,1,1,1,0,13.005700000000251,158.2599999999993,50.460000000000036,0.2964724534284587,140.09999999999945,0.804354032833697,77.1299999999992,36.42699999999995,0.98,1.0,,,12,1,3.0,2026
2026-03-04 12:00:00+00:00|-1.0|vol_trans_fade_h1_low_to_high_h12_tp06_sl065,2026-03-04 12:00:00+00:00,STAGE28A,data/reports/stage28a_discovery_factory_batch_runner/stage28a_exact_trades.csv,volatility_transition_v1,vol_trans_fade_h1_low_to_high_h12_tp06_sl065,9.2125,8.1625,7.4625,1,1,1,0,8.1625,382.7999999999993,105.97000000000025,0.29508351420212753,79.67000000000007,0.4089368645663348,25.710000000000036,45.57199999999993,0.92,-1.0,,,12,2,3.0,2026
2026-03-05 12:00:00+00:00|1.0|vol_trans_fade_h1_low_to_high_h12_tp06_sl065,2026-03-05 12:00:00+00:00,STAGE28A,data/reports/stage28a_discovery_factory_batch_runner/stage28a_exact_trades.csv,volatility_transition_v1,vol_trans_fade_h1_low_to_high_h12_tp06_sl065,8.436699999999655,7.386699999999655,6.686699999999656,1,1,1,0,7.386699999999655,121.39000000000033,50.22999999999956,0.11108899064304152,59.60999999999967,0.12028183190739997,26.48999999999978,25.649499999999897,0.572,1.0,,,12,3,3.0,2026
2026-03-06 12:00:00+00:00|1.0|vol_trans_fade_h1_low_to_high_h12_tp06_sl065,2026-03-06 12:00:00+00:00,STAGE28A,data/reports/stage28a_discovery_factory_batch_runner/stage28a_exact_trades.csv,volatility_transition_v1,vol_trans_fade_h1_low_to_high_h12_tp06_sl065,6.156100000000516,5.106100000000515,4.406100000000516,1,1,1,0,5.106100000000515,143.6899999999996,76.73999999999978,0.5422204847537111,54.25,0.6733640552995345,25.550000000000182,27.864000000000033,0.6,1.0,,,12,4,3.0,2026
2026-03-09 12:00:00+00:00|-1.0|vol_trans_fade_h1_low_to_high_h12_tp06_sl065,2026-03-09 12:00:00+00:00,STAGE28A,data/reports/stage28a_discovery_factory_batch_runner/stage28a_exact_trades.csv,volatility_transition_v1,vol_trans_fade_h1_low_to_high_h12_tp06_sl065,8.85010000000002,7.80010000000002,7.100100000000021,1,1,1,0,7.80010000000002,147.64000000000033,176.90999999999985,0.08184952800859469,59.55000000000018,0.053064651553313934,37.210000000000036,43.01200000000017,0.88,-1.0,,,12,0,3.0,2026
2026-03-10 12:00:00+00:00|1.0|vol_trans_fade_h1_low_to_high_h12_tp06_sl065,2026-03-10 12:00:00+00:00,STAGE28A,data/reports/stage28a_discovery_factory_batch_runner/stage28a_exact_trades.csv,volatility_transition_v1,vol_trans_fade_h1_low_to_high_h12_tp06_sl065,-6.000125000000116,-7.050125000000117,-7.750125000000116,0,0,0,1,7.050125000000117,176.90999999999985,69.05000000000018,0.35235336712526955,38.60999999999967,0.3504273504273468,8.910000000000764,23.33850000000002,0.264,1.0,,,12,1,3.0,2026
2026-03-11 12:00:00+00:00|-1.0|vol_trans_fade_h1_low_to_high_h12_tp06_sl065,2026-03-11 12:00:00+00:00,STAGE28A,data/reports/stage28a_discovery_factory_batch_runner/stage28a_exact_trades.csv,volatility_transition_v1,vol_trans_fade_h1_low_to_high_h12_tp06_sl065,5.427699999999641,4.37769999999964,3.677699999999641,1,1,1,0,4.37769999999964,121.13000000000011,39.590000000000146,0.15584743622126926,35.25,0.5140425531914863,17.139999999999418,21.13899999999999,0.096,-1.0,,,12,2,3.0,2026
2026-03-12 12:00:00+00:00|-1.0|vol_trans_fade_h1_low_to_high_h12_tp06_sl065,2026-03-12 12:00:00+00:00,STAGE28A,data/reports/stage28a_discovery_factory_batch_runner/stage28a_exact_trades.csv,volatility_transition_v1,vol_trans_fade_h1_low_to_high_h12_tp06_sl065,4.339599999999701,3.2895999999997003,2.5895999999997006,1,1,1,0,3.2895999999997003,89.92000000000007,56.44999999999982,0.14508414526128655,54.350000000000364,0.7308187672493098,15.800000000000182,20.895500000000037,0.112,-1.0,,,12,3,3.0,2026
2026-03-13 12:00:00+00:00|-1.0|vol_trans_fade_h1_low_to_high_h12_tp06_sl065,2026-03-13 12:00:00+00:00,STAGE28A,data/reports/stage28a_discovery_factory_batch_runner/stage28a_exact_trades.csv,volatility_transition_v1,vol_trans_fade_h1_low_to_high_h12_tp06_sl065,6.269499999999789,5.219499999999789,4.519499999999789,1,1,1,0,5.219499999999789,136.32999999999993,55.710000000000036,0.1202656614611347,49.1299999999992,0.19967433340117344,13.840000000000146,19.944500000000062,0.08,-1.0,,,12,4,3.0,2026
2026-03-16 12:00:00+00:00|1.0|vol_trans_fade_h1_low_to_high_h12_tp06_sl065,2026-03-16 12:00:00+00:00,STAGE28A,data/reports/stage28a_discovery_factory_batch_runner/stage28a_exact_trades.csv,volatility_transition_v1,vol_trans_fade_h1_low_to_high_h12_tp06_sl065,6.24310000000005,5.193100000000049,4.49310000000005,1,1,1,0,5.193100000000049,62.539999999999964,62.710000000000036,0.2433423696380196,65.6899999999996,0.21205662962398336,18.6899999999996,29.076499999999896,0.536,1.0,,,12,0,3.0,2026
2026-03-17 12:00:00+00:00|1.0|vol_trans_fade_h1_low_to_high_h12_tp06_sl065,2026-03-17 12:00:00+00:00,STAGE28A,data/reports/stage28a_discovery_factory_batch_runner/stage28a_exact_trades.csv,volatility_transition_v1,vol_trans_fade_h1_low_to_high_h12_tp06_sl065,5.2149999999996,4.1649999999996,3.4649999999996,1,1,1,0,4.1649999999996,69.77000000000044,46.720000000000255,0.5355308219178146,52.33000000000084,0.7177527231033611,15.970000000000255,19.564000000000078,0.036,1.0,,,12,1,3.0,2026
2026-03-18 12:00:00+00:00|-1.0|vol_trans_fade_h1_low_to_high_h12_tp06_sl065,2026-03-18 12:00:00+00:00,STAGE28A,data/reports/stage28a_discovery_factory_batch_runner/stage28a_exact_trades.csv,volatility_transition_v1,vol_trans_fade_h1_low_to_high_h12_tp06_sl065,4.354600000000028,3.304600000000028,2.604600000000028,1,1,1,0,3.304600000000028,70.88000000000011,33.909999999999854,0.4624004718371999,57.25,0.3369432314410474,10.9399999999996,15.083499999999912,0.004,-1.0,,,12,2,3.0,2026
2026-03-19 12:00:00+00:00|1.0|vol_trans_fade_h1_low_to_high_h12_tp06_sl065,2026-03-19 12:00:00+00:00,STAGE28A,data/reports/stage28a_discovery_factory_batch_runner/stage28a_exact_trades.csv,volatility_transition_v1,vol_trans_fade_h1_low_to_high_h12_tp06_sl065,-17.13982499999984,-18.18982499999984,-18.88982499999984,0,0,0,1,18.18982499999984,209.3699999999999,62.36999999999989,0.2081128747795494,187.1199999999999,0.911928174433516,38.11999999999989,31.954500000000007,0.888,1.0,,,12,3,3.0,2026
2026-03-20 12:00:00+00:00|1.0|vol_trans_fade_h1_low_to_high_h12_tp06_sl065,2026-03-20 12:00:00+00:00,STAGE28A,data/reports/stage28a_discovery_factory_batch_runner/stage28a_exact_trades.csv,volatility_transition_v1,vol_trans_fade_h1_low_to_high_h12_tp06_sl065,-11.571274999999876,-12.621274999999878,-13.321274999999876,0,0,0,1,12.621274999999878,364.7399999999998,101.35999999999967,0.7723954222573028,96.74000000000069,0.788918751292124,40.42999999999938,38.84099999999999,0.84,1.0,,,12,4,3.0,2026
2026-03-23 12:00:00+00:00|-1.0|vol_trans_fade_h1_low_to_high_h12_tp06_sl065,2026-03-23 12:00:00+00:00,STAGE28A,data/reports/stage28a_discovery_factory_batch_runner/stage28a_exact_trades.csv,volatility_transition_v1,vol_trans_fade_h1_low_to_high_h12_tp06_sl065,-33.24519999999993,-34.29519999999993,-34.99519999999993,0,0,0,1,34.29519999999993,86.35999999999967,216.32999999999993,0.4497758054823659,280.8600000000006,0.3504949084953336,84.53999999999996,75.84400000000005,1.0,-1.0,,,12,0,3.0,2026
2026-03-24 12:00:00+00:00|-1.0|vol_trans_fade_h1_low_to_high_h12_tp06_sl065,2026-03-24 12:00:00+00:00,STAGE28A,data/reports/stage28a_discovery_factory_batch_runner/stage28a_exact_trades.csv,volatility_transition_v1,vol_trans_fade_h1_low_to_high_h12_tp06_sl065,-15.549274999999945,-16.599274999999942,-17.299274999999945,0,0,0,1,16.599274999999942,437.1700000000001,141.98999999999978,0.7553348827382221,121.75,0.8636550308008258,34.720000000000255,55.24600000000005,0.868,-1.0,,,12,1,3.0,2026
2026-03-25 12:00:00+00:00|1.0|vol_trans_fade_h1_low_to_high_h12_tp06_sl065,2026-03-25 12:00:00+00:00,STAGE28A,data/reports/stage28a_discovery_factory_batch_runner/stage28a_exact_trades.csv,volatility_transition_v1,vol_trans_fade_h1_low_to_high_h12_tp06_sl065,8.457700000000296,7.407700000000295,6.707700000000296,1,1,1,0,7.407700000000295,245.17999999999938,146.3800000000001,0.1763902172427906,45.51999999999953,0.31480667838313,39.61999999999989,38.915000000000006,0.66,1.0,,,12,2,3.0,2026
2026-03-26 12:00:00+00:00|1.0|vol_trans_fade_h1_low_to_high_h12_tp06_sl065,2026-03-26 12:00:00+00:00,STAGE28A,data/reports/stage28a_discovery_factory_batch_runner/stage28a_exact_trades.csv,volatility_transition_v1,vol_trans_fade_h1_low_to_high_h12_tp06_sl065,11.193399999999563,10.143399999999565,9.443399999999563,1,1,1,0,10.143399999999565,146.3800000000001,54.910000000000764,0.4028410125660095,109.26000000000022,0.7089511257550786,22.229999999999563,34.84450000000011,0.58,1.0,,,12,3,3.0,2026
2026-03-27 12:00:00+00:00|-1.0|vol_trans_fade_h1_low_to_high_h12_tp06_sl065,2026-03-27 12:00:00+00:00,STAGE28A,data/reports/stage28a_discovery_factory_batch_runner/stage28a_exact_trades.csv,volatility_transition_v1,vol_trans_fade_h1_low_to_high_h12_tp06_sl065,6.826599999999781,5.77659999999978,5.076599999999781,1,1,1,0,5.77659999999978,192.66000000000076,73.67999999999938,0.5563246471226945,64.27999999999975,0.48397635345363715,17.469999999999345,33.119499999999924,0.46,-1.0,,,12,4,3.0,2026
2026-03-30 12:00:00+00:00|-1.0|vol_trans_fade_h1_low_to_high_h12_tp06_sl065,2026-03-30 12:00:00+00:00,STAGE28A,data/reports/stage28a_discovery_factory_batch_runner/stage28a_exact_trades.csv,volatility_transition_v1,vol_trans_fade_h1_low_to_high_h12_tp06_sl065,-7.898125000000254,-8.948125000000255,-9.648125000000254,0,0,0,1,8.948125000000255,39.409999999999854,97.78999999999996,0.1155537376009836,64.01999999999953,0.5651358950328109,14.860000000000582,37.560499999999955,0.588,-1.0,,,12,0,3.0,2026
2026-03-31 12:00:00+00:00|-1.0|vol_trans_fade_h1_low_to_high_h12_tp06_sl065,2026-03-31 12:00:00+00:00,STAGE28A,data/reports/stage28a_discovery_factory_batch_runner/stage28a_exact_trades.csv,volatility_transition_v1,vol_trans_fade_h1_low_to_high_h12_tp06_sl065,6.577899999999682,5.527899999999681,4.827899999999682,1,1,1,0,5.527899999999681,160.84999999999945,136.60000000000036,0.3423865300146369,37.849999999999454,0.04042272126815766,14.539999999999964,31.60749999999998,0.272,-1.0,,,12,1,3.0,2026
2026-04-01 12:00:00+00:00|-1.0|vol_trans_fade_h1_low_to_high_h12_tp06_sl065,2026-04-01 12:00:00+00:00,STAGE28A,data/reports/stage28a_discovery_factory_batch_runner/stage28a_exact_trades.csv,volatility_transition_v1,vol_trans_fade_h1_low_to_high_h12_tp06_sl065,-9.900774999999705,-10.950774999999703,-11.650774999999705,0,0,0,1,10.950774999999703,204.27000000000044,62.159999999999854,0.011904761904773053,80.67000000000007,0.5141936283624697,30.13000000000011,30.119500000000063,0.196,-1.0,,,12,2,4.0,2026
2026-04-02 12:00:00+00:00|1.0|vol_trans_fade_h1_low_to_high_h12_tp06_sl065,2026-04-02 12:00:00+00:00,STAGE28A,data/reports/stage28a_discovery_factory_batch_runner/stage28a_exact_trades.csv,volatility_transition_v1,vol_trans_fade_h1_low_to_high_h12_tp06_sl065,-13.735449999999764,-14.785449999999765,-15.485449999999764,0,0,0,1,14.785449999999765,131.1300000000001,150.57999999999993,0.6674193119936249,127.85000000000036,0.4268283144309703,31.18000000000029,39.66400000000003,0.664,1.0,,,12,3,4.0,2026
2026-04-06 12:00:00+00:00|-1.0|vol_trans_fade_h1_low_to_high_h12_tp06_sl065,2026-04-06 12:00:00+00:00,STAGE28A,data/reports/stage28a_discovery_factory_batch_runner/stage28a_exact_trades.csv,volatility_transition_v1,vol_trans_fade_h1_low_to_high_h12_tp06_sl065,6.946000000000277,5.896000000000276,5.196000000000277,1,1,1,0,5.896000000000276,51.22999999999956,70.59000000000015,0.08358124380224584,66.5,0.7993984962405993,16.539999999999964,32.66799999999989,0.264,-1.0,,,12,0,4.0,2026
2026-04-07 12:00:00+00:00|-1.0|vol_trans_fade_h1_low_to_high_h12_tp06_sl065,2026-04-07 12:00:00+00:00,STAGE28A,data/reports/stage28a_discovery_factory_batch_runner/stage28a_exact_trades.csv,volatility_transition_v1,vol_trans_fade_h1_low_to_high_h12_tp06_sl065,-8.84972499999967,-9.899724999999671,-10.59972499999967,0,0,0,1,9.899724999999671,105.48999999999978,51.460000000000036,0.17061795569375532,71.22999999999956,0.3018391127334007,46.539999999999964,22.012999999999874,0.044,-1.0,,,12,1,4.0,2026
2026-04-08 12:00:00+00:00|1.0|vol_trans_fade_h1_low_to_high_h12_tp06_sl065,2026-04-08 12:00:00+00:00,STAGE28A,data/reports/stage28a_discovery_factory_batch_runner/stage28a_exact_trades.csv,volatility_transition_v1,vol_trans_fade_h1_low_to_high_h12_tp06_sl065,-8.566000000000349,-9.61600000000035,-10.316000000000347,0,0,0,1,9.61600000000035,211.28000000000065,140.1299999999992,0.1491472204381693,66.96000000000004,0.2144563918757417,29.210000000000036,34.28150000000001,0.544,1.0,,,12,2,4.0,2026
2026-04-09 12:00:00+00:00|-1.0|vol_trans_fade_h1_low_to_high_h12_tp06_sl065,2026-04-09 12:00:00+00:00,STAGE28A,data/reports/stage28a_discovery_factory_batch_runner/stage28a_exact_trades.csv,volatility_transition_v1,vol_trans_fade_h1_low_to_high_h12_tp06_sl065,6.847900000000118,5.7979000000001175,5.097900000000118,1,1,1,0,5.7979000000001175,154.54999999999927,33.960000000000036,0.176972909305071,29.56999999999971,0.5989178221170176,12.989999999999782,24.908000000000037,0.08,-1.0,,,12,3,4.0,2026
2026-04-10 12:00:00+00:00|1.0|vol_trans_fade_h1_low_to_high_h12_tp06_sl065,2026-04-10 12:00:00+00:00,STAGE28A,data/reports/stage28a_discovery_factory_batch_runner/stage28a_exact_trades.csv,volatility_transition_v1,vol_trans_fade_h1_low_to_high_h12_tp06_sl065,-5.391400000000067,-6.441400000000067,-7.141400000000067,0,0,0,1,6.441400000000067,102.13000000000011,41.600000000000364,0.05817307692307817,39.80999999999949,0.3765385581512176,22.329999999999927,19.503499999999985,0.012,1.0,,,12,4,4.0,2026
2026-04-13 12:00:00+00:00|1.0|vol_trans_fade_h1_low_to_high_h12_tp06_sl065,2026-04-13 12:00:00+00:00,STAGE28A,data/reports/stage28a_discovery_factory_batch_runner/stage28a_exact_trades.csv,volatility_transition_v1,vol_trans_fade_h1_low_to_high_h12_tp06_sl065,4.580800000000091,3.5308000000000903,2.8308000000000906,1,1,1,0,3.5308000000000903,49.659999999999854,83.46000000000004,0.7075245626647405,31.029999999999745,0.1111827263938368,18.13000000000011,23.236499999999932,0.232,1.0,,,12,0,4.0,2026
2026-04-14 12:00:00+00:00|-1.0|vol_trans_fade_h1_low_to_high_h12_tp06_sl065,2026-04-14 12:00:00+00:00,STAGE28A,data/reports/stage28a_discovery_factory_batch_runner/stage28a_exact_trades.csv,volatility_transition_v1,vol_trans_fade_h1_low_to_high_h12_tp06_sl065,4.935100000000057,3.885100000000057,3.185100000000057,1,1,1,0,3.885100000000057,114.48000000000047,31.23999999999978,0.3117797695262436,37.72999999999956,0.2793532997614653,15.649999999999636,17.88549999999991,0.036,-1.0,,,12,1,4.0,2026
2026-04-15 12:00:00+00:00|-1.0|vol_trans_fade_h1_low_to_high_h12_tp06_sl065,2026-04-15 12:00:00+00:00,STAGE28A,data/reports/stage28a_discovery_factory_batch_runner/stage28a_exact_trades.csv,volatility_transition_v1,vol_trans_fade_h1_low_to_high_h12_tp06_sl065,-6.195124999999825,-7.245124999999826,-7.945124999999825,0,0,0,1,7.245124999999826,100.72999999999956,54.25,0.20552995391704398,44.31999999999971,0.5873194945848357,15.949999999999818,18.2,0.096,-1.0,,,12,2,4.0,2026
2026-04-16 12:00:00+00:00|1.0|vol_trans_fade_h1_low_to_high_h12_tp06_sl065,2026-04-16 12:00:00+00:00,STAGE28A,data/reports/stage28a_discovery_factory_batch_runner/stage28a_exact_trades.csv,volatility_transition_v1,vol_trans_fade_h1_low_to_high_h12_tp06_sl065,-5.200950000000011,-6.250950000000012,-6.950950000000011,0,0,0,1,6.250950000000012,85.13999999999942,46.51999999999953,0.3555460017196933,31.529999999999745,0.35172851252775883,15.0600000000004,16.012000000000036,0.016,1.0,,,12,3,4.0,2026
2026-04-17 12:00:00+00:00|-1.0|vol_trans_fade_h1_low_to_high_h12_tp06_sl065,2026-04-17 12:00:00+00:00,STAGE28A,data/reports/stage28a_discovery_factory_batch_runner/stage28a_exact_trades.csv,volatility_transition_v1,vol_trans_fade_h1_low_to_high_h12_tp06_sl065,-4.9766999999998,-6.026699999999801,-6.7266999999998,0,0,0,1,6.026699999999801,65.03999999999996,33.399999999999636,0.042215568862271555,27.38000000000011,0.10336011687362731,15.989999999999782,15.80050000000001,0.072,-1.0,,,12,4,4.0,2026
2026-04-20 12:00:00+00:00|-1.0|vol_trans_fade_h1_low_to_high_h12_tp06_sl065,2026-04-20 12:00:00+00:00,STAGE28A,data/reports/stage28a_discovery_factory_batch_runner/stage28a_exact_trades.csv,volatility_transition_v1,vol_trans_fade_h1_low_to_high_h12_tp06_sl065,4.228599999999824,3.178599999999824,2.4785999999998243,1,1,1,0,3.178599999999824,36.82000000000062,77.25,0.15093851132685895,26.13000000000011,0.027171833141983674,10.090000000000146,21.986500000000024,0.6,-1.0,,,12,0,4.0,2026
2026-04-21 12:00:00+00:00|-1.0|vol_trans_fade_h1_low_to_high_h12_tp06_sl065,2026-04-21 12:00:00+00:00,STAGE28A,data/reports/stage28a_discovery_factory_batch_runner/stage28a_exact_trades.csv,volatility_transition_v1,vol_trans_fade_h1_low_to_high_h12_tp06_sl065,-5.905550000000039,-6.95555000000004,-7.655550000000039,0,0,0,1,6.95555000000004,90.67000000000007,40.399999999999636,0.7566831683168312,25.050000000000182,0.5417165668662519,18.039999999999964,14.880999999999949,0.044,-1.0,,,12,1,4.0,2026
2026-04-22 12:00:00+00:00|1.0|vol_trans_fade_h1_low_to_high_h12_tp06_sl065,2026-04-22 12:00:00+00:00,STAGE28A,data/reports/stage28a_discovery_factory_batch_runner/stage28a_exact_trades.csv,volatility_transition_v1,vol_trans_fade_h1_low_to_high_h12_tp06_sl065,-4.1843500000000855,-5.234350000000086,-5.9343500000000855,0,0,0,1,5.234350000000086,164.42000000000007,49.36000000000058,0.7803889789302891,19.909999999999854,0.14364640883980928,10.279999999999745,23.436499999999977,0.748,1.0,,,12,2,4.0,2026
2026-04-23 12:00:00+00:00|1.0|vol_trans_fade_h1_low_to_high_h12_tp06_sl065,2026-04-23 12:00:00+00:00,STAGE28A,data/reports/stage28a_discovery_factory_batch_runner/stage28a_exact_trades.csv,volatility_transition_v1,vol_trans_fade_h1_low_to_high_h12_tp06_sl065,4.509699999999976,3.459699999999976,2.759699999999976,1,1,1,0,3.459699999999976,56.470000000000255,59.63000000000011,0.37078651685392644,31.92999999999938,0.19417475728155145,22.75999999999931,18.103499999999894,0.428,1.0,,,12,3,4.0,2026
2026-04-24 12:00:00+00:00|1.0|vol_trans_fade_h1_low_to_high_h12_tp06_sl065,2026-04-24 12:00:00+00:00,STAGE28A,data/reports/stage28a_discovery_factory_batch_runner/stage28a_exact_trades.csv,volatility_transition_v1,vol_trans_fade_h1_low_to_high_h12_tp06_sl065,-5.574374999999781,-6.624374999999782,-7.324374999999781,0,0,0,1,6.624374999999782,89.48000000000047,42.279999999999745,0.4973982970671682,39.52000000000044,0.2608805668016267,12.289999999999964,20.423999999999978,0.708,1.0,,,12,4,4.0,2026
2026-04-27 12:00:00+00:00|1.0|vol_trans_fade_h1_low_to_high_h12_tp06_sl065,2026-04-27 12:00:00+00:00,STAGE28A,data/reports/stage28a_discovery_factory_batch_runner/stage28a_exact_trades.csv,volatility_transition_v1,vol_trans_fade_h1_low_to_high_h12_tp06_sl065,-3.9357249999999113,-4.985724999999912,-5.685724999999911,0,0,0,1,4.985724999999912,19.25,57.220000000000255,0.6957357567284206,30.449999999999818,0.671592775041049,9.30999999999949,14.895000000000072,0.096,1.0,,,12,0,4.0,2026
2026-04-28 12:00:00+00:00|1.0|vol_trans_fade_h1_low_to_high_h12_tp06_sl065,2026-04-28 12:00:00+00:00,STAGE28A,data/reports/stage28a_discovery_factory_batch_runner/stage28a_exact_trades.csv,volatility_transition_v1,vol_trans_fade_h1_low_to_high_h12_tp06_sl065,-7.594574999999713,-8.644574999999714,-9.344574999999711,0,0,0,1,8.644574999999714,62.81999999999971,34.590000000000146,0.49031511997687094,66.61000000000058,0.9911424711004333,20.579999999999927,14.017499999999973,0.128,1.0,,,12,1,4.0,2026
2026-04-29 12:00:00+00:00|-1.0|vol_trans_fade_h1_low_to_high_h12_tp06_sl065,2026-04-29 12:00:00+00:00,STAGE28A,data/reports/stage28a_discovery_factory_batch_runner/stage28a_exact_trades.csv,volatility_transition_v1,vol_trans_fade_h1_low_to_high_h12_tp06_sl065,-5.289024999999674,-6.339024999999674,-7.039024999999674,0,0,0,1,6.339024999999674,146.2599999999993,33.97999999999956,0.036492054149493754,55.970000000000255,0.707343219581902,19.329999999999927,14.940500000000203,0.208,-1.0,,,12,2,4.0,2026
2026-04-30 12:00:00+00:00|-1.0|vol_trans_fade_h1_low_to_high_h12_tp06_sl065,2026-04-30 12:00:00+00:00,STAGE28A,data/reports/stage28a_discovery_factory_batch_runner/stage28a_exact_trades.csv,volatility_transition_v1,vol_trans_fade_h1_low_to_high_h12_tp06_sl065,-6.927349999999569,-7.97734999999957,-8.677349999999569,0,0,0,1,7.97734999999957,99.84999999999945,43.11000000000058,0.09255393180235973,91.03999999999996,0.7621924428822534,32.399999999999636,21.205999999999722,0.848,-1.0,,,12,3,4.0,2026
2026-05-01 12:00:00+00:00|1.0|vol_trans_fade_h1_low_to_high_h12_tp06_sl065,2026-05-01 12:00:00+00:00,STAGE28A,data/reports/stage28a_discovery_factory_batch_runner/stage28a_exact_trades.csv,volatility_transition_v1,vol_trans_fade_h1_low_to_high_h12_tp06_sl065,4.062100000000465,3.0121000000004643,2.312100000000465,1,1,1,0,3.0121000000004643,107.63000000000011,21.970000000000255,0.17023213472916424,68.44999999999982,0.9382030679327906,17.359999999999673,14.220500000000039,0.144,1.0,,,12,4,5.0,2026
2026-05-04 12:00:00+00:00|1.0|vol_trans_fade_h1_low_to_high_h12_tp06_sl065,2026-05-04 12:00:00+00:00,STAGE28A,data/reports/stage28a_discovery_factory_batch_runner/stage28a_exact_trades.csv,volatility_transition_v1,vol_trans_fade_h1_low_to_high_h12_tp06_sl065,-5.606875000000036,-6.656875000000037,-7.356875000000036,0,0,0,1,6.656875000000037,16.889999999999418,38.17999999999938,0.09979046621266507,42.73999999999978,0.9333177351427359,7.489999999999782,17.278999999999815,0.348,1.0,,,12,0,5.0,2026
2026-05-05 12:00:00+00:00|-1.0|vol_trans_fade_h1_low_to_high_h12_tp06_sl065,2026-05-05 12:00:00+00:00,STAGE28A,data/reports/stage28a_discovery_factory_batch_runner/stage28a_exact_trades.csv,volatility_transition_v1,vol_trans_fade_h1_low_to_high_h12_tp06_sl065,4.4545000000001895,3.4045000000001893,2.704500000000189,1,1,1,0,3.4045000000001893,128.5099999999993,32.99000000000069,0.5216732343134185,32.52000000000044,0.6685116851168634,14.13000000000011,17.10599999999995,0.32,-1.0,,,12,1,5.0,2026
2026-05-06 12:00:00+00:00|-1.0|vol_trans_fade_h1_low_to_high_h12_tp06_sl065,2026-05-06 12:00:00+00:00,STAGE28A,data/reports/stage28a_discovery_factory_batch_runner/stage28a_exact_trades.csv,volatility_transition_v1,vol_trans_fade_h1_low_to_high_h12_tp06_sl065,-6.630950000000302,-7.680950000000303,-8.380950000000302,0,0,0,1,7.680950000000303,72.96000000000004,105.18000000000029,0.6700893706027788,65.11000000000058,0.8944862540316274,30.789999999999964,18.20449999999987,0.5,-1.0,,,12,2,5.0,2026
2026-05-07 12:00:00+00:00|1.0|vol_trans_fade_h1_low_to_high_h12_tp06_sl065,2026-05-07 12:00:00+00:00,STAGE28A,data/reports/stage28a_discovery_factory_batch_runner/stage28a_exact_trades.csv,volatility_transition_v1,vol_trans_fade_h1_low_to_high_h12_tp06_sl065,-6.854549999999653,-7.904549999999654,-8.604549999999653,0,0,0,1,7.904549999999654,176.60000000000036,35.909999999999854,0.12252854358116552,61.06999999999971,0.48747339119043176,22.650000000000546,17.736999999999945,0.384,1.0,,,12,3,5.0,2026
2026-05-08 12:00:00+00:00|-1.0|vol_trans_fade_h1_low_to_high_h12_tp06_sl065,2026-05-08 12:00:00+00:00,STAGE28A,data/reports/stage28a_discovery_factory_batch_runner/stage28a_exact_trades.csv,volatility_transition_v1,vol_trans_fade_h1_low_to_high_h12_tp06_sl065,5.216499999999906,4.166499999999905,3.4664999999999058,1,1,1,0,4.166499999999905,80.0,50.93000000000029,0.6630669546436154,37.44000000000051,0.20619658119658518,16.780000000000655,23.060000000000127,0.992,-1.0,,,12,4,5.0,2026
2026-05-11 12:00:00+00:00|1.0|vol_trans_fade_h1_low_to_high_h12_tp06_sl065,2026-05-11 12:00:00+00:00,STAGE28A,data/reports/stage28a_discovery_factory_batch_runner/stage28a_exact_trades.csv,volatility_transition_v1,vol_trans_fade_h1_low_to_high_h12_tp06_sl065,-5.5919250000002645,-6.641925000000265,-7.341925000000264,0,0,0,1,6.641925000000265,22.93000000000029,35.22999999999956,0.3735452739142781,32.529999999999745,0.6889025514909324,14.470000000000255,18.375999999999976,0.476,1.0,,,12,0,5.0,2026
2026-05-12 12:00:00+00:00|-1.0|vol_trans_fade_h1_low_to_high_h12_tp06_sl065,2026-05-12 12:00:00+00:00,STAGE28A,data/reports/stage28a_discovery_factory_batch_runner/stage28a_exact_trades.csv,volatility_transition_v1,vol_trans_fade_h1_low_to_high_h12_tp06_sl065,-5.719650000000547,-6.769650000000548,-7.469650000000547,0,0,0,1,6.769650000000548,103.15999999999985,55.06999999999971,0.5616488106046932,43.150000000000546,0.48528389339511785,9.430000000000291,19.012000000000036,0.48,-1.0,,,12,1,5.0,2026
2026-05-13 12:00:00+00:00|1.0|vol_trans_fade_h1_low_to_high_h12_tp06_sl065,2026-05-13 12:00:00+00:00,STAGE28A,data/reports/stage28a_discovery_factory_batch_runner/stage28a_exact_trades.csv,volatility_transition_v1,vol_trans_fade_h1_low_to_high_h12_tp06_sl065,3.947199999999975,2.897199999999976,2.197199999999976,1,1,1,0,2.897199999999976,134.8199999999997,38.69000000000051,0.5420005169294386,29.390000000000327,0.16570261993874913,9.789999999999964,15.846500000000015,0.116,1.0,,,12,2,5.0,2026
2026-05-14 12:00:00+00:00|-1.0|vol_trans_fade_h1_low_to_high_h12_tp06_sl065,2026-05-14 12:00:00+00:00,STAGE28A,data/reports/stage28a_discovery_factory_batch_runner/stage28a_exact_trades.csv,volatility_transition_v1,vol_trans_fade_h1_low_to_high_h12_tp06_sl065,5.57529999999988,4.525299999999879,3.82529999999988,1,1,1,0,4.525299999999879,57.02000000000044,32.970000000000255,0.7546254170457967,49.600000000000364,0.49818548387096484,14.63000000000011,17.600500000000057,0.34,-1.0,,,12,3,5.0,2026
2026-05-15 12:00:00+00:00|1.0|vol_trans_fade_h1_low_to_high_h12_tp06_sl065,2026-05-15 12:00:00+00:00,STAGE28A,data/reports/stage28a_discovery_factory_batch_runner/stage28a_exact_trades.csv,volatility_transition_v1,vol_trans_fade_h1_low_to_high_h12_tp06_sl065,7.636600000000181,6.58660000000018,5.886600000000181,1,1,1,0,6.58660000000018,74.1200000000008,57.9399999999996,0.8066965826717312,89.64999999999964,0.7779141104294486,21.56999999999971,21.18699999999999,0.872,1.0,,,12,4,5.0,2026
2026-05-18 12:00:00+00:00|-1.0|vol_trans_fade_h1_low_to_high_h12_tp06_sl065,2026-05-18 12:00:00+00:00,STAGE28A,data/reports/stage28a_discovery_factory_batch_runner/stage28a_exact_trades.csv,volatility_transition_v1,vol_trans_fade_h1_low_to_high_h12_tp06_sl065,6.295300000000134,5.2453000000001335,4.545300000000134,1,1,1,0,5.2453000000001335,26.420000000000073,74.32000000000062,0.06848762109795618,29.890000000000327,0.07862161257946933,14.38000000000011,24.050000000000182,0.936,-1.0,,,12,0,5.0,2026
2026-05-19 12:00:00+00:00|1.0|vol_trans_fade_h1_low_to_high_h12_tp06_sl065,2026-05-19 12:00:00+00:00,STAGE28A,data/reports/stage28a_discovery_factory_batch_runner/stage28a_exact_trades.csv,volatility_transition_v1,vol_trans_fade_h1_low_to_high_h12_tp06_sl065,5.402199999999903,4.352199999999902,3.652199999999903,1,1,1,0,4.352199999999902,103.57999999999993,45.600000000000364,0.634210526315786,28.25999999999931,0.11075725406936256,22.69000000000051,18.02049999999995,0.324,1.0,,,12,1,5.0,2026
2026-05-20 12:00:00+00:00|-1.0|vol_trans_fade_h1_low_to_high_h12_tp06_sl065,2026-05-20 12:00:00+00:00,STAGE28A,data/reports/stage28a_discovery_factory_batch_runner/stage28a_exact_trades.csv,volatility_transition_v1,vol_trans_fade_h1_low_to_high_h12_tp06_sl065,5.272599999999693,4.222599999999693,3.5225999999996933,1,1,1,0,4.222599999999693,124.22000000000025,55.14000000000033,0.37413855640188587,34.54999999999927,0.6208393632416865,13.0600000000004,21.069000000000095,0.7,-1.0,,,12,2,5.0,2026
2026-05-21 12:00:00+00:00|-1.0|vol_trans_fade_h1_low_to_high_h12_tp06_sl065,2026-05-21 12:00:00+00:00,STAGE28A,data/reports/stage28a_discovery_factory_batch_runner/stage28a_exact_trades.csv,volatility_transition_v1,vol_trans_fade_h1_low_to_high_h12_tp06_sl065,4.875699999999961,3.825699999999961,3.125699999999961,1,1,1,0,3.825699999999961,98.85000000000036,43.460000000000036,0.26346065347445485,31.13000000000011,0.08833922261484067,18.38000000000011,19.53149999999996,0.512,-1.0,,,12,3,5.0,2026
2026-05-22 12:00:00+00:00|1.0|vol_trans_fade_h1_low_to_high_h12_tp06_sl065,2026-05-22 12:00:00+00:00,STAGE28A,data/reports/stage28a_discovery_factory_batch_runner/stage28a_exact_trades.csv,volatility_transition_v1,vol_trans_fade_h1_low_to_high_h12_tp06_sl065,4.438599999999861,3.3885999999998604,2.6885999999998607,1,1,1,0,3.3885999999998604,81.88999999999942,27.229999999999563,0.5233198677928839,28.420000000000073,0.09570724841661674,13.979999999999563,16.46399999999985,0.092,1.0,,,12,4,5.0,2026
2026-05-27 12:00:00+00:00|-1.0|vol_trans_fade_h1_low_to_high_h12_tp06_sl065,2026-05-27 12:00:00+00:00,STAGE28A,data/reports/stage28a_discovery_factory_batch_runner/stage28a_exact_trades.csv,volatility_transition_v1,vol_trans_fade_h1_low_to_high_h12_tp06_sl065,-5.687800000000243,-6.737800000000243,-7.437800000000243,0,0,0,1,6.737800000000243,97.72000000000025,31.00999999999931,0.44953240890035184,41.44000000000051,0.16674710424709868,16.709999999999127,15.934500000000025,0.228,-1.0,,,12,2,5.0,2026
2026-05-28 12:00:00+00:00|1.0|vol_trans_fade_h1_low_to_high_h12_tp06_sl065,2026-05-28 12:00:00+00:00,STAGE28A,data/reports/stage28a_discovery_factory_batch_runner/stage28a_exact_trades.csv,volatility_transition_v1,vol_trans_fade_h1_low_to_high_h12_tp06_sl065,4.949200000000383,3.899200000000383,3.199200000000383,1,1,1,0,3.899200000000383,126.31999999999971,97.43000000000029,0.8483013445550589,32.26000000000022,0.5855548667079755,8.989999999999782,18.55799999999981,0.52,1.0,,,12,3,5.0,2026
2026-05-29 12:00:00+00:00|1.0|vol_trans_fade_h1_low_to_high_h12_tp06_sl065,2026-05-29 12:00:00+00:00,STAGE28A,data/reports/stage28a_discovery_factory_batch_runner/stage28a_exact_trades.csv,volatility_transition_v1,vol_trans_fade_h1_low_to_high_h12_tp06_sl065,-5.680974999999853,-6.730974999999853,-7.430974999999853,0,0,0,1,6.730974999999853,149.91000000000076,31.609999999999673,0.3144574501739862,38.23000000000047,0.7737379021710583,14.950000000000728,16.15900000000006,0.16,1.0,,,12,4,5.0,2026
2026-06-01 12:00:00+00:00|1.0|vol_trans_fade_h1_low_to_high_h12_tp06_sl065,2026-06-01 12:00:00+00:00,STAGE28A,data/reports/stage28a_discovery_factory_batch_runner/stage28a_exact_trades.csv,volatility_transition_v1,vol_trans_fade_h1_low_to_high_h12_tp06_sl065,4.006300000000374,2.956300000000374,2.2563000000003743,1,1,1,0,2.956300000000374,22.170000000000073,36.05999999999949,0.5268996117581882,35.95000000000073,0.56383866481224,13.729999999999563,17.2375,0.372,1.0,,,12,0,6.0,2026
2026-06-02 12:00:00+00:00|1.0|vol_trans_fade_h1_low_to_high_h12_tp06_sl065,2026-06-02 12:00:00+00:00,STAGE28A,data/reports/stage28a_discovery_factory_batch_runner/stage28a_exact_trades.csv,volatility_transition_v1,vol_trans_fade_h1_low_to_high_h12_tp06_sl065,-4.88505000000041,-5.935050000000411,-6.63505000000041,0,0,0,1,5.935050000000411,98.14999999999964,36.25,0.3817931034482799,43.899999999999636,0.6999999999999958,13.13000000000011,17.06349999999993,0.428,1.0,,,12,1,6.0,2026
2026-06-04 12:00:00+00:00|-1.0|vol_trans_fade_h1_low_to_high_h12_tp06_sl065,2026-06-04 12:00:00+00:00,STAGE28A,data/reports/stage28a_discovery_factory_batch_runner/stage28a_exact_trades.csv,volatility_transition_v1,vol_trans_fade_h1_low_to_high_h12_tp06_sl065,-5.151225000000158,-6.201225000000159,-6.901225000000158,0,0,0,1,6.201225000000159,70.15000000000055,52.960000000000036,0.2736027190332283,25.360000000000582,0.2602523659305719,10.610000000000582,18.18199999999997,0.684,-1.0,,,12,3,6.0,2026
2026-06-08 12:00:00+00:00|1.0|vol_trans_fade_h1_low_to_high_h12_tp06_sl065,2026-06-08 12:00:00+00:00,STAGE28A,data/reports/stage28a_discovery_factory_batch_runner/stage28a_exact_trades.csv,volatility_transition_v1,vol_trans_fade_h1_low_to_high_h12_tp06_sl065,-7.865300000000024,-8.915300000000025,-9.615300000000024,0,0,0,1,8.915300000000025,20.30999999999949,53.06999999999971,0.010363670623690887,52.9399999999996,0.42595391008688027,11.63000000000011,23.60150000000008,0.96,1.0,,,12,0,6.0,2026
2026-06-10 12:00:00+00:00|1.0|vol_trans_fade_h1_low_to_high_h12_tp06_sl065,2026-06-10 12:00:00+00:00,STAGE28A,data/reports/stage28a_discovery_factory_batch_runner/stage28a_exact_trades.csv,volatility_transition_v1,vol_trans_fade_h1_low_to_high_h12_tp06_sl065,6.076000000000386,5.026000000000385,4.326000000000386,1,1,1,0,5.026000000000385,126.54999999999927,84.05999999999949,0.8455864858434494,60.32999999999993,0.2671970827117505,25.88000000000011,26.312000000000033,0.992,1.0,,,12,2,6.0,2026
2026-06-11 12:00:00+00:00|1.0|vol_trans_fade_h1_low_to_high_h12_tp06_sl065,2026-06-11 12:00:00+00:00,STAGE28A,data/reports/stage28a_discovery_factory_batch_runner/stage28a_exact_trades.csv,volatility_transition_v1,vol_trans_fade_h1_low_to_high_h12_tp06_sl065,-6.994624999999905,-8.044624999999906,-8.744624999999905,0,0,0,1,8.044624999999906,190.30999999999995,94.00999999999976,0.021380704180408716,42.4399999999996,0.4429783223374153,28.029999999999745,32.94349999999999,0.98,1.0,,,12,3,6.0,2026
2026-06-12 12:00:00+00:00|-1.0|vol_trans_fade_h1_low_to_high_h12_tp06_sl065,2026-06-12 12:00:00+00:00,STAGE28A,data/reports/stage28a_discovery_factory_batch_runner/stage28a_exact_trades.csv,volatility_transition_v1,vol_trans_fade_h1_low_to_high_h12_tp06_sl065,5.831800000000294,4.781800000000294,4.081800000000294,1,1,1,0,4.781800000000294,195.99000000000024,75.21000000000004,0.2955723972875888,57.599999999999454,0.4303819444444479,33.95000000000073,31.288500000000113,0.944,-1.0,,,12,4,6.0,2026
2022-05-03 12:00:00+00:00|1.0|liq_pdl_reclaim_fade_h12_tp06_sl065,2022-05-03 12:00:00+00:00,STAGE28A,data/reports/stage28a_discovery_factory_batch_runner/stage28a_exact_trades.csv,liquidity_sweep_regime_v1,liq_pdl_reclaim_fade_h12_tp06_sl065,-2.3172250000000987,-3.3672250000000985,-4.067225000000098,0,0,0,1,3.3672250000000985,45.32999999999993,7.480000000000018,0.14705882352939925,14.160000000000082,0.34322033898305787,6.25,5.237,,1.0,,,12,1,5.0,2022
2022-06-21 12:00:00+00:00|1.0|liq_pdl_reclaim_fade_h12_tp06_sl065,2022-06-21 12:00:00+00:00,STAGE28A,data/reports/stage28a_discovery_factory_batch_runner/stage28a_exact_trades.csv,liquidity_sweep_regime_v1,liq_pdl_reclaim_fade_h12_tp06_sl065,-1.585325000000103,-2.6353250000001025,-3.3353250000001022,0,0,0,0,2.6353250000001025,11.340000000000146,5.1400000000001,0.4299610894941621,8.159999999999854,0.3566176470588399,4.210000000000036,3.01550000000002,0.084,1.0,,,12,1,6.0,2022
2022-07-08 12:00:00+00:00|1.0|liq_pdl_reclaim_fade_h12_tp06_sl065,2022-07-08 12:00:00+00:00,STAGE28A,data/reports/stage28a_discovery_factory_batch_runner/stage28a_exact_trades.csv,liquidity_sweep_regime_v1,liq_pdl_reclaim_fade_h12_tp06_sl065,1.4136999999999715,0.3636999999999717,-0.336300000000028,1,0,1,0,0.3636999999999717,12.600000000000136,7.740000000000009,0.34625322997413865,10.710000000000036,0.3725490196078427,8.349999999999909,4.0959999999999805,0.412,1.0,,,12,4,7.0,2022
2022-09-16 12:00:00+00:00|1.0|liq_pdl_reclaim_fade_h12_tp06_sl065,2022-09-16 12:00:00+00:00,STAGE28A,data/reports/stage28a_discovery_factory_batch_runner/stage28a_exact_trades.csv,liquidity_sweep_regime_v1,liq_pdl_reclaim_fade_h12_tp06_sl065,-1.6561749999999391,-2.706174999999939,-3.406174999999939,0,0,0,0,2.706174999999939,37.899999999999864,6.4500000000000455,0.26976744186046464,12.11999999999989,0.3902640264026453,5.889999999999873,5.428999999999985,0.944,1.0,,,12,4,9.0,2022
2022-12-28 12:00:00+00:00|1.0|liq_pdl_reclaim_fade_h12_tp06_sl065,2022-12-28 12:00:00+00:00,STAGE28A,data/reports/stage28a_discovery_factory_batch_runner/stage28a_exact_trades.csv,liquidity_sweep_regime_v1,liq_pdl_reclaim_fade_h12_tp06_sl065,-1.756600000000026,-2.8066000000000257,-3.506600000000025,0,0,0,0,2.8066000000000257,33.58999999999992,4.990000000000009,0.11422845691381468,12.950000000000045,0.7158301158301119,3.8400000000001455,5.321499999999981,0.852,1.0,,,12,2,12.0,2022
2023-01-30 12:00:00+00:00|1.0|liq_pdl_reclaim_fade_h12_tp06_sl065,2023-01-30 12:00:00+00:00,STAGE28A,data/reports/stage28a_discovery_factory_batch_runner/stage28a_exact_trades.csv,liquidity_sweep_regime_v1,liq_pdl_reclaim_fade_h12_tp06_sl065,-1.730924999999934,-2.7809249999999337,-3.480924999999933,0,0,0,0,2.7809249999999337,3.4500000000000455,10.049999999999955,0.44975124378109477,13.11999999999989,0.21570121951219137,3.4199999999998454,4.8629999999999995,0.62,1.0,,,12,0,1.0,2023
2023-05-17 12:00:00+00:00|1.0|liq_pdl_reclaim_fade_h12_tp06_sl065,2023-05-17 12:00:00+00:00,STAGE28A,data/reports/stage28a_discovery_factory_batch_runner/stage28a_exact_trades.csv,liquidity_sweep_regime_v1,liq_pdl_reclaim_fade_h12_tp06_sl065,-1.442975000000024,-2.492975000000024,-3.192975000000024,0,0,0,0,2.492975000000024,32.789999999999964,5.0,0.25599999999999457,8.180000000000064,0.892420537897298,3.1900000000000546,3.64050000000002,0.236,1.0,,,12,2,5.0,2023
2023-06-02 22:45:00+00:00|1.0|liq_pdl_reclaim_fade_h12_tp06_sl065,2023-06-02 22:45:00+00:00,STAGE28A,data/reports/stage28a_discovery_factory_batch_runner/stage28a_exact_trades.csv,liquidity_sweep_regime_v1,liq_pdl_reclaim_fade_h12_tp06_sl065,-0.35,-1.4,-2.1,0,0,0,0,1.4,29.720000000000027,9.389999999999873,0.55271565495209,7.849999999999909,0.2496815286624279,2.009999999999991,4.710999999999979,0.672,1.0,,,12,4,6.0,2023
2023-06-28 12:00:00+00:00|1.0|liq_pdl_reclaim_fade_h12_tp06_sl065,2023-06-28 12:00:00+00:00,STAGE28A,data/reports/stage28a_discovery_factory_batch_runner/stage28a_exact_trades.csv,liquidity_sweep_regime_v1,liq_pdl_reclaim_fade_h12_tp06_sl065,-1.3851250000001074,-2.4351250000001072,-3.135125000000107,0,0,0,0,2.4351250000001072,19.659999999999854,3.949999999999818,0.05822784810127311,9.480000000000018,0.8280590717299466,3.3599999999999,3.550500000000022,0.312,1.0,,,12,2,6.0,2023
2023-07-24 12:00:00+00:00|1.0|liq_pdl_reclaim_fade_h12_tp06_sl065,2023-07-24 12:00:00+00:00,STAGE28A,data/reports/stage28a_discovery_factory_batch_runner/stage28a_exact_trades.csv,liquidity_sweep_regime_v1,liq_pdl_reclaim_fade_h12_tp06_sl065,-1.541775000000007,-2.591775000000007,-3.2917750000000066,0,0,0,0,2.591775000000007,2.3999999999998636,3.759999999999991,0.4840425531914736,8.310000000000173,0.6413959085439283,4.519999999999982,3.1549999999999727,0.188,1.0,,,12,0,7.0,2023
2023-08-21 12:00:00+00:00|1.0|liq_pdl_reclaim_fade_h12_tp06_sl065,2023-08-21 12:00:00+00:00,STAGE28A,data/reports/stage28a_discovery_factory_batch_runner/stage28a_exact_trades.csv,liquidity_sweep_regime_v1,liq_pdl_reclaim_fade_h12_tp06_sl065,0.5032000000000153,-0.5467999999999846,-1.2467999999999844,0,0,0,0,0.5467999999999846,2.060000000000173,8.830000000000155,0.15288788221971833,6.619999999999891,0.32326283987917453,1.8599999999999,3.2295000000000185,0.632,1.0,,,12,0,8.0,2023
2023-08-28 12:00:00+00:00|1.0|liq_pdl_reclaim_fade_h12_tp06_sl065,2023-08-28 12:00:00+00:00,STAGE28A,data/reports/stage28a_discovery_factory_batch_runner/stage28a_exact_trades.csv,liquidity_sweep_regime_v1,liq_pdl_reclaim_fade_h12_tp06_sl065,-1.1189499999999044,-2.168949999999904,-2.868949999999904,0,0,0,0,2.168949999999904,1.490000000000009,3.0700000000001637,0.4364820846905038,4.259999999999991,0.5023474178403468,1.7800000000002,3.2365000000000124,0.664,1.0,,,12,0,8.0,2023
2023-09-20 12:00:00+00:00|1.0|liq_pdl_reclaim_fade_h12_tp06_sl065,2023-09-20 12:00:00+00:00,STAGE28A,data/reports/stage28a_discovery_factory_batch_runner/stage28a_exact_trades.csv,liquidity_sweep_regime_v1,liq_pdl_reclaim_fade_h12_tp06_sl065,-1.0136499999999615,-2.0636499999999613,-2.763649999999961,0,0,0,0,2.0636499999999613,7.619999999999891,3.9199999999998454,0.30357142857145447,4.3900000000001,0.27107061503417484,1.6300000000001091,1.9195000000000277,0.04,1.0,,,12,2,9.0,2023
2023-11-06 12:00:00+00:00|1.0|liq_pdl_reclaim_fade_h12_tp06_sl065,2023-11-06 12:00:00+00:00,STAGE28A,data/reports/stage28a_discovery_factory_batch_runner/stage28a_exact_trades.csv,liquidity_sweep_regime_v1,liq_pdl_reclaim_fade_h12_tp06_sl065,-1.370825000000059,-2.420825000000059,-3.1208250000000586,0,0,0,0,2.420825000000059,5.789999999999964,11.179999999999836,0.42397137745975655,6.1099999999999,0.5908346972176692,1.8199999999999363,4.17249999999998,0.316,1.0,,,12,0,11.0,2023
2024-05-30 12:00:00+00:00|1.0|liq_pdl_reclaim_fade_h12_tp06_sl065,2024-05-30 12:00:00+00:00,STAGE28A,data/reports/stage28a_discovery_factory_batch_runner/stage28a_exact_trades.csv,liquidity_sweep_regime_v1,liq_pdl_reclaim_fade_h12_tp06_sl065,-2.418624999999884,-3.4686249999998835,-4.168624999999883,0,0,0,1,3.4686249999998835,28.059999999999945,11.800000000000182,0.2771186440677908,15.559999999999945,0.06876606683805704,3.880000000000109,5.5650000000001,0.432,1.0,,,12,3,5.0,2024
2024-07-22 12:00:00+00:00|1.0|liq_pdl_reclaim_fade_h12_tp06_sl065,2024-07-22 12:00:00+00:00,STAGE28A,data/reports/stage28a_discovery_factory_batch_runner/stage28a_exact_trades.csv,liquidity_sweep_regime_v1,liq_pdl_reclaim_fade_h12_tp06_sl065,-2.233049999999912,-3.283049999999912,-3.983049999999912,0,0,0,1,3.283049999999912,11.319999999999709,11.819999999999709,0.38494077834181845,8.450000000000273,0.2816568047337316,4.800000000000182,5.591500000000042,0.484,1.0,,,12,0,7.0,2024
2024-08-19 12:00:00+00:00|1.0|liq_pdl_reclaim_fade_h12_tp06_sl065,2024-08-19 12:00:00+00:00,STAGE28A,data/reports/stage28a_discovery_factory_batch_runner/stage28a_exact_trades.csv,liquidity_sweep_regime_v1,liq_pdl_reclaim_fade_h12_tp06_sl065,-2.1852749999999106,-3.2352749999999104,-3.93527499999991,0,0,0,1,3.2352749999999104,7.760000000000218,14.5,0.1165517241379348,8.319999999999709,0.3978365384615458,4.849999999999909,6.647000000000025,0.552,1.0,,,12,0,8.0,2024
2024-09-04 12:00:00+00:00|1.0|liq_pdl_reclaim_fade_h12_tp06_sl065,2024-09-04 12:00:00+00:00,STAGE28A,data/reports/stage28a_discovery_factory_batch_runner/stage28a_exact_trades.csv,liquidity_sweep_regime_v1,liq_pdl_reclaim_fade_h12_tp06_sl065,1.4677000000000588,0.417700000000059,-0.2822999999999407,1,0,1,0,0.417700000000059,32.80000000000018,5.679999999999836,0.32922535211266635,24.890000000000327,0.5355564483728488,10.740000000000236,6.1079999999999925,0.7,1.0,,,12,2,9.0,2024
2024-10-03 12:00:00+00:00|1.0|liq_pdl_reclaim_fade_h12_tp06_sl065,2024-10-03 12:00:00+00:00,STAGE28A,data/reports/stage28a_discovery_factory_batch_runner/stage28a_exact_trades.csv,liquidity_sweep_regime_v1,liq_pdl_reclaim_fade_h12_tp06_sl065,-2.2392249999998968,-3.2892249999998966,-3.989224999999896,0,0,0,1,3.2892249999998966,22.240000000000236,9.679999999999836,0.3615702479338904,16.659999999999854,0.6818727490996535,5.599999999999909,5.699000000000001,0.328,1.0,,,12,3,10.0,2024
2025-03-06 12:00:00+00:00|1.0|liq_pdl_reclaim_fade_h12_tp06_sl065,2025-03-06 12:00:00+00:00,STAGE28A,data/reports/stage28a_discovery_factory_batch_runner/stage28a_exact_trades.csv,liquidity_sweep_regime_v1,liq_pdl_reclaim_fade_h12_tp06_sl065,2.366199999999844,1.3161999999998444,0.6161999999998446,1,1,1,0,1.3161999999998444,35.82999999999993,10.510000000000218,0.08658420551858138,31.970000000000255,0.5711604629339887,13.980000000000018,8.158000000000062,0.492,1.0,,,12,3,3.0,2025
2025-04-23 12:00:00+00:00|1.0|liq_pdl_reclaim_fade_h12_tp06_sl065,2025-04-23 12:00:00+00:00,STAGE28A,data/reports/stage28a_discovery_factory_batch_runner/stage28a_exact_trades.csv,liquidity_sweep_regime_v1,liq_pdl_reclaim_fade_h12_tp06_sl065,-7.360899999999765,-8.410899999999765,-9.110899999999765,0,0,0,1,8.410899999999765,174.55999999999995,73.46000000000004,0.1497413558399128,57.48999999999978,0.37049921725517937,16.0,26.51699999999994,0.984,1.0,,,12,2,4.0,2025
2025-07-09 12:00:00+00:00|1.0|liq_pdl_reclaim_fade_h12_tp06_sl065,2025-07-09 12:00:00+00:00,STAGE28A,data/reports/stage28a_discovery_factory_batch_runner/stage28a_exact_trades.csv,liquidity_sweep_regime_v1,liq_pdl_reclaim_fade_h12_tp06_sl065,-3.05595000000003,-4.10595000000003,-4.8059500000000295,0,0,0,1,4.10595000000003,58.720000000000255,23.039999999999964,0.36067708333333154,15.109999999999673,0.2766379880873545,9.909999999999854,8.819499999999948,0.692,1.0,,,12,2,7.0,2025
2025-10-24 12:00:00+00:00|1.0|liq_pdl_reclaim_fade_h12_tp06_sl065,2025-10-24 12:00:00+00:00,STAGE28A,data/reports/stage28a_discovery_factory_batch_runner/stage28a_exact_trades.csv,liquidity_sweep_regime_v1,liq_pdl_reclaim_fade_h12_tp06_sl065,-7.63650000000016,-8.68650000000016,-9.38650000000016,0,0,0,1,8.68650000000016,88.6899999999996,38.25,0.15895424836603494,75.71000000000004,0.8109893012812054,30.449999999999818,19.55200000000002,0.3,1.0,,,12,4,10.0,2025
2025-11-21 12:00:00+00:00|1.0|liq_pdl_reclaim_fade_h12_tp06_sl065,2025-11-21 12:00:00+00:00,STAGE28A,data/reports/stage28a_discovery_factory_batch_runner/stage28a_exact_trades.csv,liquidity_sweep_regime_v1,liq_pdl_reclaim_fade_h12_tp06_sl065,6.4399000000002165,5.389900000000216,4.6899000000002165,1,1,1,0,5.389900000000216,71.87999999999965,40.929999999999836,0.6594185194234031,42.33000000000038,0.3534136546184716,23.34999999999991,20.206999999999994,0.704,1.0,,,12,4,11.0,2025
2022-05-02 14:00:00+00:00|-1.0|handoff_align_follow_h14_tp06_sl065,2022-05-02 14:00:00+00:00,STAGE28A,data/reports/stage28a_discovery_factory_batch_runner/stage28a_exact_trades.csv,session_handoff_imbalance_v1,handoff_align_follow_h14_tp06_sl065,-1.964274999999907,-3.014274999999907,-3.7142749999999065,0,0,0,0,3.014274999999907,3.7100000000000364,15.569999999999936,0.6056518946692423,11.819999999999936,0.6607445008460227,5.009999999999991,,,-1.0,,,14,0,5.0,2022
2022-05-03 14:00:00+00:00|-1.0|handoff_align_follow_h14_tp06_sl065,2022-05-03 14:00:00+00:00,STAGE28A,data/reports/stage28a_discovery_factory_batch_runner/stage28a_exact_trades.csv,session_handoff_imbalance_v1,handoff_align_follow_h14_tp06_sl065,-2.4641250000000583,-3.514125000000058,-4.214125000000058,0,0,0,1,3.514125000000058,45.32999999999993,7.480000000000018,0.14705882352939925,14.160000000000082,0.34322033898305787,5.869999999999891,4.990500000000009,,-1.0,,,14,1,5.0,2022
2022-05-09 14:00:00+00:00|-1.0|handoff_align_follow_h14_tp06_sl065,2022-05-09 14:00:00+00:00,STAGE28A,data/reports/stage28a_discovery_factory_batch_runner/stage28a_exact_trades.csv,session_handoff_imbalance_v1,handoff_align_follow_h14_tp06_sl065,-2.30552500000008,-3.35552500000008,-4.055525000000079,0,0,0,1,3.35552500000008,5.370000000000118,11.849999999999909,0.5544303797468535,13.889999999999873,0.8135349172066441,7.920000000000073,4.748500000000002,0.13793103448275862,-1.0,,,14,0,5.0,2022
2022-05-16 14:00:00+00:00|-1.0|handoff_align_follow_h14_tp06_sl065,2022-05-16 14:00:00+00:00,STAGE28A,data/reports/stage28a_discovery_factory_batch_runner/stage28a_exact_trades.csv,session_handoff_imbalance_v1,handoff_align_follow_h14_tp06_sl065,2.2738000000000738,1.223800000000074,0.5238000000000742,1,1,1,0,1.223800000000074,4.369999999999891,7.9500000000000455,0.04025157232703579,24.470000000000027,0.42296689824274203,7.259999999999991,5.821000000000003,0.5847457627118644,-1.0,,,14,0,5.0,2022
2022-05-23 14:00:00+00:00|1.0|handoff_align_follow_h14_tp06_sl065,2022-05-23 14:00:00+00:00,STAGE28A,data/reports/stage28a_discovery_factory_batch_runner/stage28a_exact_trades.csv,session_handoff_imbalance_v1,handoff_align_follow_h14_tp06_sl065,-1.961024999999927,-3.011024999999927,-3.7110249999999274,0,0,0,0,3.011024999999927,5.880000000000109,11.5,0.5826086956521779,13.299999999999955,0.7541353383458652,5.169999999999845,4.558500000000049,0.144,1.0,,,14,0,5.0,2022
2022-05-24 14:00:00+00:00|1.0|handoff_align_follow_h14_tp06_sl065,2022-05-24 14:00:00+00:00,STAGE28A,data/reports/stage28a_discovery_factory_batch_runner/stage28a_exact_trades.csv,session_handoff_imbalance_v1,handoff_align_follow_h14_tp06_sl065,-1.7393749999999728,-2.7893749999999726,-3.4893749999999724,0,0,0,0,2.7893749999999726,21.809999999999945,6.680000000000064,0.3428143712574763,10.269999999999982,0.08081791626096943,3.240000000000009,3.5674999999999955,0.008,1.0,,,14,1,5.0,2022
2022-05-25 14:00:00+00:00|-1.0|handoff_align_follow_h14_tp06_sl065,2022-05-25 14:00:00+00:00,STAGE28A,data/reports/stage28a_discovery_factory_batch_runner/stage28a_exact_trades.csv,session_handoff_imbalance_v1,handoff_align_follow_h14_tp06_sl065,1.034800000000041,-0.0151999999999588,-0.7151999999999585,0,0,0,0,0.0151999999999588,20.420000000000073,8.389999999999873,0.43623361144218237,8.199999999999818,0.6987804878048958,5.5,3.416999999999973,0.004,-1.0,,,14,2,5.0,2022
2022-05-26 14:00:00+00:00|-1.0|handoff_align_follow_h14_tp06_sl065,2022-05-26 14:00:00+00:00,STAGE28A,data/reports/stage28a_discovery_factory_batch_runner/stage28a_exact_trades.csv,session_handoff_imbalance_v1,handoff_align_follow_h14_tp06_sl065,-1.7562750000000509,-2.8062750000000505,-3.50627500000005,0,0,0,0,2.8062750000000505,26.61999999999989,5.4699999999998,0.4369287020110032,8.629999999999882,0.5758980301274734,4.75,3.9480000000000133,0.12,-1.0,,,14,3,5.0,2022
2022-05-27 14:00:00+00:00|1.0|handoff_align_follow_h14_tp06_sl065,2022-05-27 14:00:00+00:00,STAGE28A,data/reports/stage28a_discovery_factory_batch_runner/stage28a_exact_trades.csv,session_handoff_imbalance_v1,handoff_align_follow_h14_tp06_sl065,-1.580450000000019,-2.630450000000019,-3.3304500000000186,0,0,0,0,2.630450000000019,13.589999999999918,8.430000000000064,0.3760379596678317,8.480000000000018,0.4846698113207687,2.9300000000000637,3.2435000000000174,0.004,1.0,,,14,4,5.0,2022
2022-06-01 14:00:00+00:00|-1.0|handoff_align_follow_h14_tp06_sl065,2022-06-01 14:00:00+00:00,STAGE28A,data/reports/stage28a_discovery_factory_batch_runner/stage28a_exact_trades.csv,session_handoff_imbalance_v1,handoff_align_follow_h14_tp06_sl065,-1.9623250000000556,-3.012325000000055,-3.712325000000055,0,0,0,0,3.012325000000055,22.00999999999999,5.160000000000082,0.20155038759688898,8.710000000000036,0.5993111366245701,4.1400000000001,3.7810000000000175,0.226,-1.0,,,14,2,6.0,2022
2022-06-03 14:00:00+00:00|-1.0|handoff_align_follow_h14_tp06_sl065,2022-06-03 14:00:00+00:00,STAGE28A,data/reports/stage28a_discovery_factory_batch_runner/stage28a_exact_trades.csv,session_handoff_imbalance_v1,handoff_align_follow_h14_tp06_sl065,-1.3165500000000976,-2.3665500000000974,-3.066550000000097,0,0,0,0,2.3665500000000974,26.3599999999999,6.25,0.09119999999998982,5.829999999999927,0.701543739279583,2.1799999999998363,2.515999999999997,0.004,-1.0,,,14,4,6.0,2022
2022-06-10 14:00:00+00:00|-1.0|handoff_align_follow_h14_tp06_sl065,2022-06-10 14:00:00+00:00,STAGE28A,data/reports/stage28a_discovery_factory_batch_runner/stage28a_exact_trades.csv,session_handoff_imbalance_v1,handoff_align_follow_h14_tp06_sl065,0.6451000000000932,-0.4048999999999068,-1.1048999999999063,0,0,0,0,0.4048999999999068,15.290000000000191,3.7799999999999727,0.45767195767190566,5.2199999999998,0.3812260536398631,1.9600000000000364,2.511999999999978,0.004,-1.0,,,14,4,6.0,2022
2022-06-13 14:00:00+00:00|-1.0|handoff_align_follow_h14_tp06_sl065,2022-06-13 14:00:00+00:00,STAGE28A,data/reports/stage28a_discovery_factory_batch_runner/stage28a_exact_trades.csv,session_handoff_imbalance_v1,handoff_align_follow_h14_tp06_sl065,1.3174000000000432,0.2674000000000434,-0.4325999999999563,1,0,1,0,0.2674000000000434,3.7800000000002,18.88000000000011,0.6705508474576276,14.509999999999991,0.6140592694693375,5.039999999999964,5.314500000000043,0.92,-1.0,,,14,0,6.0,2022
2022-06-14 14:00:00+00:00|1.0|handoff_align_follow_h14_tp06_sl065,2022-06-14 14:00:00+00:00,STAGE28A,data/reports/stage28a_discovery_factory_batch_runner/stage28a_exact_trades.csv,session_handoff_imbalance_v1,handoff_align_follow_h14_tp06_sl065,-2.214199999999982,-3.2641999999999824,-3.964199999999982,0,0,0,1,3.2641999999999824,60.1400000000001,18.980000000000018,0.22760800842992265,9.910000000000082,0.14429868819374891,4.720000000000027,4.882500000000005,0.824,1.0,,,14,1,6.0,2022
2022-06-15 14:00:00+00:00|1.0|handoff_align_follow_h14_tp06_sl065,2022-06-15 14:00:00+00:00,STAGE28A,data/reports/stage28a_discovery_factory_batch_runner/stage28a_exact_trades.csv,session_handoff_imbalance_v1,handoff_align_follow_h14_tp06_sl065,-2.1755249999999706,-3.2255249999999704,-3.92552499999997,0,0,0,1,3.2255249999999704,26.5,11.839999999999918,0.5861486486486573,12.980000000000018,0.7534668721109368,4.019999999999982,4.433499999999981,0.68,1.0,,,14,2,6.0,2022
2022-06-22 14:00:00+00:00|-1.0|handoff_align_follow_h14_tp06_sl065,2022-06-22 14:00:00+00:00,STAGE28A,data/reports/stage28a_discovery_factory_batch_runner/stage28a_exact_trades.csv,session_handoff_imbalance_v1,handoff_align_follow_h14_tp06_sl065,1.3645000000000436,0.3145000000000437,-0.385499999999956,1,0,1,0,0.3145000000000437,15.059999999999945,7.599999999999909,0.48289473684212064,6.970000000000027,0.15351506456243322,5.040000000000191,3.806000000000006,0.324,-1.0,,,14,2,6.0,2022
2022-06-24 14:00:00+00:00|1.0|handoff_align_follow_h14_tp06_sl065,2022-06-24 14:00:00+00:00,STAGE28A,data/reports/stage28a_discovery_factory_batch_runner/stage28a_exact_trades.csv,session_handoff_imbalance_v1,handoff_align_follow_h14_tp06_sl065,-1.8807499999998984,-2.930749999999898,-3.630749999999898,0,0,0,0,2.930749999999898,23.519999999999982,4.769999999999982,0.19706498951783188,10.599999999999909,0.34150943396227823,4.2000000000000455,4.063000000000022,0.224,1.0,,,14,4,6.0,2022
2022-06-27 14:00:00+00:00|1.0|handoff_align_follow_h14_tp06_sl065,2022-06-27 14:00:00+00:00,STAGE28A,data/reports/stage28a_discovery_factory_batch_runner/stage28a_exact_trades.csv,session_handoff_imbalance_v1,handoff_align_follow_h14_tp06_sl065,-1.8657999999998995,-2.915799999999899,-3.615799999999899,0,0,0,0,2.915799999999899,4.920000000000073,8.6400000000001,0.12268518518520377,7.1599999999998545,0.34636871508380845,2.8599999999999,3.9579999999999815,0.164,1.0,,,14,0,6.0,2022
2022-06-28 14:00:00+00:00|1.0|handoff_align_follow_h14_tp06_sl065,2022-06-28 14:00:00+00:00,STAGE28A,data/reports/stage28a_discovery_factory_batch_runner/stage28a_exact_trades.csv,session_handoff_imbalance_v1,handoff_align_follow_h14_tp06_sl065,-1.4585749999999735,-2.5085749999999734,-3.208574999999973,0,0,0,0,2.5085749999999734,20.230000000000018,4.779999999999973,0.7656903765690116,5.139999999999873,0.2529182879377406,3.3899999999998727,2.654499999999996,0.004,1.0,,,14,1,6.0,2022
2022-06-30 14:00:00+00:00|-1.0|handoff_align_follow_h14_tp06_sl065,2022-06-30 14:00:00+00:00,STAGE28A,data/reports/stage28a_discovery_factory_batch_runner/stage28a_exact_trades.csv,session_handoff_imbalance_v1,handoff_align_follow_h14_tp06_sl065,0.8356000000000222,-0.2143999999999777,-0.9143999999999776,0,0,0,0,0.2143999999999777,20.939999999999827,4.75,0.21684210526315215,6.769999999999982,0.6469719350074034,2.9400000000000546,2.690500000000031,0.016,-1.0,,,14,3,6.0,2022
2022-07-01 14:00:00+00:00|-1.0|handoff_align_follow_h14_tp06_sl065,2022-07-01 14:00:00+00:00,STAGE28A,data/reports/stage28a_discovery_factory_batch_runner/stage28a_exact_trades.csv,session_handoff_imbalance_v1,handoff_align_follow_h14_tp06_sl065,1.1380000000000563,0.0880000000000564,-0.6119999999999433,1,0,0,0,0.0880000000000564,22.309999999999945,5.990000000000009,0.7979966611018307,10.75,0.5441860465116194,6.420000000000073,3.988000000000022,0.372,-1.0,,,14,4,7.0,2022
2022-07-11 14:00:00+00:00|-1.0|handoff_align_follow_h14_tp06_sl065,2022-07-11 14:00:00+00:00,STAGE28A,data/reports/stage28a_discovery_factory_batch_runner/stage28a_exact_trades.csv,session_handoff_imbalance_v1,handoff_align_follow_h14_tp06_sl065,0.7939000000000306,-0.2560999999999693,-0.9560999999999692,0,0,0,0,0.2560999999999693,4.230000000000018,6.099999999999909,0.16557377049180425,7.990000000000009,0.9386733416770953,3.0399999999999636,3.265499999999997,0.196,-1.0,,,14,0,7.0,2022
2022-07-13 14:00:00+00:00|1.0|handoff_align_follow_h14_tp06_sl065,2022-07-13 14:00:00+00:00,STAGE28A,data/reports/stage28a_discovery_factory_batch_runner/stage28a_exact_trades.csv,session_handoff_imbalance_v1,handoff_align_follow_h14_tp06_sl065,-1.6412249999999404,-2.69122499999994,-3.39122499999994,0,0,0,0,2.69122499999994,21.100000000000136,6.019999999999982,0.245847176079738,7.830000000000155,0.11238825031929651,2.8199999999999363,3.130500000000018,0.092,1.0,,,14,2,7.0,2022
2022-07-14 14:00:00+00:00|-1.0|handoff_align_follow_h14_tp06_sl065,2022-07-14 14:00:00+00:00,STAGE28A,data/reports/stage28a_discovery_factory_batch_runner/stage28a_exact_trades.csv,session_handoff_imbalance_v1,handoff_align_follow_h14_tp06_sl065,1.347400000000016,0.2974000000000161,-0.4025999999999836,1,0,1,0,0.2974000000000161,38.049999999999955,10.920000000000073,0.21245421245422602,20.029999999999973,0.7688467299051365,5.759999999999991,4.701000000000022,0.508,-1.0,,,14,3,7.0,2022
2022-07-15 14:00:00+00:00|-1.0|handoff_align_follow_h14_tp06_sl065,2022-07-15 14:00:00+00:00,STAGE28A,data/reports/stage28a_discovery_factory_batch_runner/stage28a_exact_trades.csv,session_handoff_imbalance_v1,handoff_align_follow_h14_tp06_sl065,0.9753999999999452,-0.0746000000000548,-0.7746000000000546,0,0,0,0,0.0746000000000548,38.809999999999945,8.070000000000164,0.23420074349440326,11.740000000000009,0.5144804088585996,5.800000000000182,4.195500000000038,0.32,-1.0,,,14,4,7.0,2022
2022-07-18 14:00:00+00:00|1.0|handoff_align_follow_h14_tp06_sl065,2022-07-18 14:00:00+00:00,STAGE28A,data/reports/stage28a_discovery_factory_batch_runner/stage28a_exact_trades.csv,session_handoff_imbalance_v1,handoff_align_follow_h14_tp06_sl065,-1.9269000000000236,-2.976900000000023,-3.676900000000023,0,0,0,0,2.976900000000023,3.1399999999998727,11.819999999999936,0.5972927241962953,12.009999999999991,0.5029142381348849,7.630000000000109,3.686000000000013,0.184,1.0,,,14,0,7.0,2022
2022-07-19 14:00:00+00:00|1.0|handoff_align_follow_h14_tp06_sl065,2022-07-19 14:00:00+00:00,STAGE28A,data/reports/stage28a_discovery_factory_batch_runner/stage28a_exact_trades.csv,session_handoff_imbalance_v1,handoff_align_follow_h14_tp06_sl065,-1.4875000000000456,-2.5375000000000454,-3.237500000000045,0,0,0,0,2.5375000000000454,17.99000000000001,4.889999999999873,0.30061349693252876,7.759999999999991,0.49742268041238813,4.150000000000091,2.9555000000000065,0.044,1.0,,,14,1,7.0,2022
2022-07-21 14:00:00+00:00|-1.0|handoff_align_follow_h14_tp06_sl065,2022-07-21 14:00:00+00:00,STAGE28A,data/reports/stage28a_discovery_factory_batch_runner/stage28a_exact_trades.csv,session_handoff_imbalance_v1,handoff_align_follow_h14_tp06_sl065,-2.0848500000000514,-3.134850000000051,-3.834850000000051,0,0,0,1,3.134850000000051,21.980000000000018,7.3400000000001455,0.5953678474114175,11.529999999999973,0.6131830008673184,4.7999999999999545,3.8669999999999844,0.312,-1.0,,,14,3,7.0,2022
2022-07-25 14:00:00+00:00|1.0|handoff_align_follow_h14_tp06_sl065,2022-07-25 14:00:00+00:00,STAGE28A,data/reports/stage28a_discovery_factory_batch_runner/stage28a_exact_trades.csv,session_handoff_imbalance_v1,handoff_align_follow_h14_tp06_sl065,1.062399999999934,0.0123999999999342,-0.6876000000000655,1,0,0,0,0.0123999999999342,1.5700000000001637,8.950000000000045,0.13854748603351988,12.480000000000018,0.5993589743589749,5.5,3.7645000000000097,0.268,1.0,,,14,0,7.0,2022
2022-07-28 14:00:00+00:00|1.0|handoff_align_follow_h14_tp06_sl065,2022-07-28 14:00:00+00:00,STAGE28A,data/reports/stage28a_discovery_factory_batch_runner/stage28a_exact_trades.csv,session_handoff_imbalance_v1,handoff_align_follow_h14_tp06_sl065,-2.035124999999971,-3.085124999999971,-3.7851249999999705,0,0,0,1,3.085124999999971,28.660000000000082,7.730000000000018,0.18111254851230113,13.089999999999918,0.32773109243697407,4.720000000000027,4.786500000000013,0.712,1.0,,,14,3,7.0,2022
2022-07-29 14:00:00+00:00|1.0|handoff_align_follow_h14_tp06_sl065,2022-07-29 14:00:00+00:00,STAGE28A,data/reports/stage28a_discovery_factory_batch_runner/stage28a_exact_trades.csv,session_handoff_imbalance_v1,handoff_align_follow_h14_tp06_sl065,1.1842000000000552,0.1342000000000553,-0.5657999999999443,1,0,0,0,0.1342000000000553,23.1400000000001,11.269999999999982,0.6752440106477295,11.579999999999927,0.22625215889465758,3.759999999999991,3.7009999999999765,0.288,1.0,,,14,4,7.0,2022
2022-08-04 14:00:00+00:00|1.0|handoff_align_follow_h14_tp06_sl065,2022-08-04 14:00:00+00:00,STAGE28A,data/reports/stage28a_discovery_factory_batch_runner/stage28a_exact_trades.csv,session_handoff_imbalance_v1,handoff_align_follow_h14_tp06_sl065,0.7743999999999233,-0.2756000000000767,-0.9756000000000764,0,0,0,0,0.2756000000000767,18.460000000000036,8.320000000000164,0.889423076923043,11.079999999999927,0.8086642599278064,4.7999999999999545,3.2185000000000286,0.036,1.0,,,14,3,8.0,2022
2022-08-15 14:00:00+00:00|-1.0|handoff_align_follow_h14_tp06_sl065,2022-08-15 14:00:00+00:00,STAGE28A,data/reports/stage28a_discovery_factory_batch_runner/stage28a_exact_trades.csv,session_handoff_imbalance_v1,handoff_align_follow_h14_tp06_sl065,0.9900999999998932,-0.0599000000001068,-0.7599000000001066,0,0,0,0,0.0599000000001068,2.5799999999999272,8.339999999999918,0.5851318944844313,17.659999999999854,0.8969422423556086,6.059999999999945,3.610500000000002,0.236,-1.0,,,14,0,8.0,2022
2022-08-18 14:00:00+00:00|1.0|handoff_align_follow_h14_tp06_sl065,2022-08-18 14:00:00+00:00,STAGE28A,data/reports/stage28a_discovery_factory_batch_runner/stage28a_exact_trades.csv,session_handoff_imbalance_v1,handoff_align_follow_h14_tp06_sl065,-1.3737500000000638,-2.423750000000064,-3.1237500000000638,0,0,0,0,2.423750000000064,22.449999999999818,5.760000000000218,0.032986111111119334,8.139999999999873,0.7960687960688108,2.269999999999982,3.1489999999999894,0.14,1.0,,,14,3,8.0,2022
2022-08-19 14:00:00+00:00|-1.0|handoff_align_follow_h14_tp06_sl065,2022-08-19 14:00:00+00:00,STAGE28A,data/reports/stage28a_discovery_factory_batch_runner/stage28a_exact_trades.csv,session_handoff_imbalance_v1,handoff_align_follow_h14_tp06_sl065,-1.486850000000095,-2.536850000000095,-3.2368500000000946,0,0,0,0,2.536850000000095,17.089999999999918,5.740000000000009,0.548780487804893,5.559999999999945,0.13129496402878155,3.6499999999998636,3.026999999999987,0.1,-1.0,,,14,4,8.0,2022
2022-08-22 14:00:00+00:00|-1.0|handoff_align_follow_h14_tp06_sl065,2022-08-22 14:00:00+00:00,STAGE28A,data/reports/stage28a_discovery_factory_batch_runner/stage28a_exact_trades.csv,session_handoff_imbalance_v1,handoff_align_follow_h14_tp06_sl065,0.9556000000001404,-0.0943999999998594,-0.7943999999998592,0,0,0,0,0.0943999999998594,3.1100000000001273,4.170000000000073,0.17266187050360066,14.790000000000191,0.6112237998647632,2.9700000000000273,3.0754999999999995,0.122,-1.0,,,14,0,8.0,2022
2022-08-23 14:00:00+00:00|1.0|handoff_align_follow_h14_tp06_sl065,2022-08-23 14:00:00+00:00,STAGE28A,data/reports/stage28a_discovery_factory_batch_runner/stage28a_exact_trades.csv,session_handoff_imbalance_v1,handoff_align_follow_h14_tp06_sl065,-1.817049999999972,-2.867049999999972,-3.567049999999972,0,0,0,0,2.867049999999972,21.340000000000146,6.380000000000109,0.4247648902821301,9.120000000000118,0.10087719298246281,5.110000000000127,2.9585000000000266,0.08,1.0,,,14,1,8.0,2022
2022-08-25 14:00:00+00:00|1.0|handoff_align_follow_h14_tp06_sl065,2022-08-25 14:00:00+00:00,STAGE28A,data/reports/stage28a_discovery_factory_batch_runner/stage28a_exact_trades.csv,session_handoff_imbalance_v1,handoff_align_follow_h14_tp06_sl065,-1.5606249999999364,-2.610624999999936,-3.310624999999936,0,0,0,0,2.610624999999936,13.490000000000009,7.819999999999936,0.6598465473145647,9.720000000000027,0.7150205761316899,1.849999999999909,2.9059999999999944,0.052,1.0,,,14,3,8.0,2022
2022-08-29 14:00:00+00:00|-1.0|handoff_align_follow_h14_tp06_sl065,2022-08-29 14:00:00+00:00,STAGE28A,data/reports/stage28a_discovery_factory_batch_runner/stage28a_exact_trades.csv,session_handoff_imbalance_v1,handoff_align_follow_h14_tp06_sl065,-1.63732500000001,-2.6873250000000097,-3.387325000000009,0,0,0,0,2.6873250000000097,3.8599999999999,15.049999999999955,0.7495016611295685,5.519999999999982,0.24456521739132986,7.629999999999882,4.213999999999965,0.856,-1.0,,,14,0,8.0,2022
2022-08-30 14:00:00+00:00|-1.0|handoff_align_follow_h14_tp06_sl065,2022-08-30 14:00:00+00:00,STAGE28A,data/reports/stage28a_discovery_factory_batch_runner/stage28a_exact_trades.csv,session_handoff_imbalance_v1,handoff_align_follow_h14_tp06_sl065,0.995800000000054,-0.054199999999946,-0.7541999999999458,0,0,0,0,0.054199999999946,25.179999999999836,6.619999999999891,0.38670694864051586,8.840000000000146,0.07352941176468925,2.3599999999999,3.0020000000000095,0.14,-1.0,,,14,1,8.0,2022
2022-09-01 14:00:00+00:00|-1.0|handoff_align_follow_h14_tp06_sl065,2022-09-01 14:00:00+00:00,STAGE28A,data/reports/stage28a_discovery_factory_batch_runner/stage28a_exact_trades.csv,session_handoff_imbalance_v1,handoff_align_follow_h14_tp06_sl065,0.99699999999998,-0.0530000000000199,-0.7530000000000197,0,0,0,0,0.0530000000000199,16.909999999999854,9.11999999999989,0.7225877192982453,8.200000000000045,0.14878048780488054,5.880000000000109,3.860500000000002,0.644,-1.0,,,14,3,9.0,2022
2022-09-02 14:00:00+00:00|1.0|handoff_align_follow_h14_tp06_sl065,2022-09-02 14:00:00+00:00,STAGE28A,data/reports/stage28a_discovery_factory_batch_runner/stage28a_exact_trades.csv,session_handoff_imbalance_v1,handoff_align_follow_h14_tp06_sl065,0.5110000000001037,-0.5389999999998962,-1.238999999999896,0,0,0,0,0.5389999999998962,22.61999999999989,5.330000000000155,0.7448405253283137,8.539999999999964,0.8723653395784368,2.3400000000001455,3.06550000000002,0.092,1.0,,,14,4,9.0,2022
2022-09-09 14:00:00+00:00|1.0|handoff_align_follow_h14_tp06_sl065,2022-09-09 14:00:00+00:00,STAGE28A,data/reports/stage28a_discovery_factory_batch_runner/stage28a_exact_trades.csv,session_handoff_imbalance_v1,handoff_align_follow_h14_tp06_sl065,-1.89927500000008,-2.94927500000008,-3.6492750000000793,0,0,0,0,2.94927500000008,24.13000000000011,12.230000000000018,0.821749795584623,11.269999999999982,0.7080745341614935,3.380000000000109,3.294500000000005,0.2,1.0,,,14,4,9.0,2022
2022-09-15 14:00:00+00:00|-1.0|handoff_align_follow_h14_tp06_sl065,2022-09-15 14:00:00+00:00,STAGE28A,data/reports/stage28a_discovery_factory_batch_runner/stage28a_exact_trades.csv,session_handoff_imbalance_v1,handoff_align_follow_h14_tp06_sl065,-1.662674999999899,-2.712674999999899,-3.412674999999899,0,0,0,0,2.712674999999899,13.440000000000055,7.509999999999991,0.6378162450066537,7.75,0.4141935483871015,5.509999999999991,3.2019999999999755,0.084,-1.0,,,14,3,9.0,2022
2022-09-19 14:00:00+00:00|-1.0|handoff_align_follow_h14_tp06_sl065,2022-09-19 14:00:00+00:00,STAGE28A,data/reports/stage28a_discovery_factory_batch_runner/stage28a_exact_trades.csv,session_handoff_imbalance_v1,handoff_align_follow_h14_tp06_sl065,1.067500000000018,0.0175000000000182,-0.6824999999999815,1,0,0,0,0.0175000000000182,4.819999999999936,11.710000000000036,0.7856532877882166,10.049999999999955,0.5353233830845677,3.6700000000000728,3.872000000000014,0.344,-1.0,,,14,0,9.0,2022
2022-09-23 14:00:00+00:00|-1.0|handoff_align_follow_h14_tp06_sl065,2022-09-23 14:00:00+00:00,STAGE28A,data/reports/stage28a_discovery_factory_batch_runner/stage28a_exact_trades.csv,session_handoff_imbalance_v1,handoff_align_follow_h14_tp06_sl065,1.757500000000073,0.7075000000000728,0.0075000000000731,1,1,1,0,0.7075000000000728,29.309999999999945,7.279999999999973,0.2967032967033091,21.38000000000011,0.5673526660430225,17.079999999999927,4.471500000000015,0.616,-1.0,,,14,4,9.0,2022
2022-09-27 14:00:00+00:00|1.0|handoff_align_follow_h14_tp06_sl065,2022-09-27 14:00:00+00:00,STAGE28A,data/reports/stage28a_discovery_factory_batch_runner/stage28a_exact_trades.csv,session_handoff_imbalance_v1,handoff_align_follow_h14_tp06_sl065,1.170999999999958,0.1209999999999582,-0.5790000000000415,1,0,0,0,0.1209999999999582,28.61999999999989,10.209999999999809,0.36924583741430483,9.63000000000011,0.1921079958463256,5.2000000000000455,4.8349999999999795,0.472,1.0,,,14,1,9.0,2022
2022-09-28 14:00:00+00:00|-1.0|handoff_align_follow_h14_tp06_sl065,2022-09-28 14:00:00+00:00,STAGE28A,data/reports/stage28a_discovery_factory_batch_runner/stage28a_exact_trades.csv,session_handoff_imbalance_v1,handoff_align_follow_h14_tp06_sl065,-2.7793749999999364,-3.829374999999936,-4.529374999999936,0,0,0,1,3.829374999999936,19.6099999999999,7.720000000000027,0.6968911917098268,10.920000000000073,0.7225274725274768,15.700000000000045,4.566000000000019,0.48,-1.0,,,14,2,9.0,2022
2022-09-29 14:00:00+00:00|-1.0|handoff_align_follow_h14_tp06_sl065,2022-09-29 14:00:00+00:00,STAGE28A,data/reports/stage28a_discovery_factory_batch_runner/stage28a_exact_trades.csv,session_handoff_imbalance_v1,handoff_align_follow_h14_tp06_sl065,1.2958000000000085,0.2458000000000084,-0.4541999999999913,1,0,1,0,0.2458000000000084,47.98000000000002,7.710000000000036,0.4137483787289286,13.070000000000164,0.5057383320581345,4.980000000000018,4.579000000000019,0.428,-1.0,,,14,3,9.0,2022
2022-10-03 14:00:00+00:00|-1.0|handoff_align_follow_h14_tp06_sl065,2022-10-03 14:00:00+00:00,STAGE28A,data/reports/stage28a_discovery_factory_batch_runner/stage28a_exact_trades.csv,session_handoff_imbalance_v1,handoff_align_follow_h14_tp06_sl065,-2.0549500000000536,-3.1049500000000534,-3.804950000000053,0,0,0,1,3.1049500000000534,4.540000000000191,8.75,0.07314285714286857,8.669999999999845,0.26758938869665255,6.849999999999909,4.155500000000018,0.248,-1.0,,,14,0,10.0,2022
2022-10-05 14:00:00+00:00|-1.0|handoff_align_follow_h14_tp06_sl065,2022-10-05 14:00:00+00:00,STAGE28A,data/reports/stage28a_discovery_factory_batch_runner/stage28a_exact_trades.csv,session_handoff_imbalance_v1,handoff_align_follow_h14_tp06_sl065,1.7289999999999508,0.678999999999951,-0.0210000000000487,1,0,1,0,0.678999999999951,34.200000000000045,8.230000000000018,0.7095990279465255,21.699999999999818,0.5949308755760456,9.649999999999864,5.057999999999959,0.424,-1.0,,,14,2,10.0,2022
2022-10-10 14:00:00+00:00|-1.0|handoff_align_follow_h14_tp06_sl065,2022-10-10 14:00:00+00:00,STAGE28A,data/reports/stage28a_discovery_factory_batch_runner/stage28a_exact_trades.csv,session_handoff_imbalance_v1,handoff_align_follow_h14_tp06_sl065,-2.1085750000000645,-3.1585750000000643,-3.858575000000064,0,0,0,1,3.1585750000000643,4.789999999999964,12.700000000000045,0.6787401574803039,11.519999999999982,0.7282986111111209,3.730000000000018,4.37049999999997,0.188,-1.0,,,14,0,10.0,2022
2022-10-17 14:00:00+00:00|1.0|handoff_align_follow_h14_tp06_sl065,2022-10-17 14:00:00+00:00,STAGE28A,data/reports/stage28a_discovery_factory_batch_runner/stage28a_exact_trades.csv,session_handoff_imbalance_v1,handoff_align_follow_h14_tp06_sl065,1.140099999999984,0.090099999999984,-0.6099000000000157,1,0,0,0,0.090099999999984,4.039999999999964,9.529999999999973,0.4952780692549885,9.61999999999989,0.7079002079002102,5.740000000000009,4.2794999999999845,0.176,1.0,,,14,0,10.0,2022
2022-10-19 14:00:00+00:00|-1.0|handoff_align_follow_h14_tp06_sl065,2022-10-19 14:00:00+00:00,STAGE28A,data/reports/stage28a_discovery_factory_batch_runner/stage28a_exact_trades.csv,session_handoff_imbalance_v1,handoff_align_follow_h14_tp06_sl065,-2.208999999999924,-3.2589999999999235,-3.9589999999999232,0,0,0,1,3.2589999999999235,15.049999999999955,5.379999999999882,0.6189591078067338,11.819999999999936,0.6142131979695457,9.360000000000127,4.054499999999973,0.148,-1.0,,,14,2,10.0,2022
2022-10-21 14:00:00+00:00|-1.0|handoff_align_follow_h14_tp06_sl065,2022-10-21 14:00:00+00:00,STAGE28A,data/reports/stage28a_discovery_factory_batch_runner/stage28a_exact_trades.csv,session_handoff_imbalance_v1,handoff_align_follow_h14_tp06_sl065,-2.052350000000024,-3.102350000000024,-3.802350000000024,0,0,0,1,3.102350000000024,23.12000000000012,7.769999999999982,0.653796653796646,10.059999999999945,0.37872763419482763,2.949999999999818,3.885499999999979,0.132,-1.0,,,14,4,10.0,2022
2022-10-24 14:00:00+00:00|-1.0|handoff_align_follow_h14_tp06_sl065,2022-10-24 14:00:00+00:00,STAGE28A,data/reports/stage28a_discovery_factory_batch_runner/stage28a_exact_trades.csv,session_handoff_imbalance_v1,handoff_align_follow_h14_tp06_sl065,-2.172924999999941,-3.222924999999941,-3.9229249999999407,0,0,0,1,3.222924999999941,5.759999999999991,18.470000000000027,0.2793719545208363,14.289999999999964,0.33519944016794795,3.6100000000001273,6.236500000000001,0.876,-1.0,,,14,0,10.0,2022
2022-10-25 14:00:00+00:00|-1.0|handoff_align_follow_h14_tp06_sl065,2022-10-25 14:00:00+00:00,STAGE28A,data/reports/stage28a_discovery_factory_batch_runner/stage28a_exact_trades.csv,session_handoff_imbalance_v1,handoff_align_follow_h14_tp06_sl065,-1.7907249999999295,-2.8407249999999293,-3.540724999999929,0,0,0,0,2.8407249999999293,26.539999999999964,7.680000000000064,0.032552083333333065,13.129999999999882,0.885757806549902,3.3500000000001364,3.44200000000003,0.036,-1.0,,,14,1,10.0,2022
2022-10-26 14:00:00+00:00|1.0|handoff_align_follow_h14_tp06_sl065,2022-10-26 14:00:00+00:00,STAGE28A,data/reports/stage28a_discovery_factory_batch_runner/stage28a_exact_trades.csv,session_handoff_imbalance_v1,handoff_align_follow_h14_tp06_sl065,1.1274999999999635,0.0774999999999637,-0.622500000000036,1,0,0,0,0.0774999999999637,24.060000000000173,7.880000000000109,0.5862944162436329,19.779999999999973,0.6400404448938257,3.9300000000000637,3.749000000000012,0.092,1.0,,,14,2,10.0,2022
2022-10-27 14:00:00+00:00|-1.0|handoff_align_follow_h14_tp06_sl065,2022-10-27 14:00:00+00:00,STAGE28A,data/reports/stage28a_discovery_factory_batch_runner/stage28a_exact_trades.csv,session_handoff_imbalance_v1,handoff_align_follow_h14_tp06_sl065,-1.8293999999999413,-2.8793999999999413,-3.579399999999941,0,0,0,0,2.8793999999999413,25.180000000000064,8.439999999999827,0.06398104265402543,10.589999999999918,0.20774315391879722,3.189999999999827,3.6604999999999563,0.068,-1.0,,,14,3,10.0,2022
2022-11-01 14:00:00+00:00|1.0|handoff_align_follow_h14_tp06_sl065,2022-11-01 14:00:00+00:00,STAGE28A,data/reports/stage28a_discovery_factory_batch_runner/stage28a_exact_trades.csv,session_handoff_imbalance_v1,handoff_align_follow_h14_tp06_sl065,-1.9711000000000696,-3.0211000000000694,-3.721100000000069,0,0,0,0,3.0211000000000694,13.779999999999973,9.440000000000055,0.5889830508474484,15.150000000000091,0.8686468646864538,4.490000000000009,3.558500000000026,0.056,1.0,,,14,1,11.0,2022
2022-11-02 14:00:00+00:00|1.0|handoff_align_follow_h14_tp06_sl065,2022-11-02 14:00:00+00:00,STAGE28A,data/reports/stage28a_discovery_factory_batch_runner/stage28a_exact_trades.csv,session_handoff_imbalance_v1,handoff_align_follow_h14_tp06_sl065,-1.5125249999999597,-2.5625249999999595,-3.2625249999999597,0,0,0,0,2.5625249999999595,26.399999999999864,7.350000000000136,0.31292517006801523,7.3599999999999,0.6983695652174144,1.900000000000091,3.190999999999974,0.004,1.0,,,14,2,11.0,2022
2022-11-07 14:00:00+00:00|1.0|handoff_align_follow_h14_tp06_sl065,2022-11-07 14:00:00+00:00,STAGE28A,data/reports/stage28a_discovery_factory_batch_runner/stage28a_exact_trades.csv,session_handoff_imbalance_v1,handoff_align_follow_h14_tp06_sl065,-1.8037250000000769,-2.8537250000000767,-3.5537250000000764,0,0,0,0,2.8537250000000767,7.900000000000091,9.809999999999945,0.019367991845061737,13.5,0.4274074074074229,2.5299999999999727,4.469000000000017,0.52,1.0,,,14,0,11.0,2022
2022-11-09 14:00:00+00:00|-1.0|handoff_align_follow_h14_tp06_sl065,2022-11-09 14:00:00+00:00,STAGE28A,data/reports/stage28a_discovery_factory_batch_runner/stage28a_exact_trades.csv,session_handoff_imbalance_v1,handoff_align_follow_h14_tp06_sl065,1.088799999999901,0.0387999999999011,-0.6612000000000986,1,0,0,0,0.0387999999999011,52.25,6.430000000000064,0.4790046656298793,11.860000000000127,0.023608768971329654,2.2199999999998,3.6970000000000027,0.216,-1.0,,,14,2,11.0,2022
2022-11-11 14:00:00+00:00|1.0|handoff_align_follow_h14_tp06_sl065,2022-11-11 14:00:00+00:00,STAGE28A,data/reports/stage28a_discovery_factory_batch_runner/stage28a_exact_trades.csv,session_handoff_imbalance_v1,handoff_align_follow_h14_tp06_sl065,1.6683999999999286,0.6183999999999288,-0.0816000000000709,1,0,1,0,0.6183999999999288,53.33999999999992,7.350000000000136,0.11020408163264359,14.100000000000136,0.3702127659574452,5.560000000000173,5.518500000000029,0.832,1.0,,,14,4,11.0,2022
2022-11-14 14:00:00+00:00|-1.0|handoff_align_follow_h14_tp06_sl065,2022-11-14 14:00:00+00:00,STAGE28A,data/reports/stage28a_discovery_factory_batch_runner/stage28a_exact_trades.csv,session_handoff_imbalance_v1,handoff_align_follow_h14_tp06_sl065,-2.0643750000000183,-3.114375000000018,-3.814375000000018,0,0,0,1,3.114375000000018,5.449999999999818,7.4099999999998545,0.29689608636975184,11.839999999999918,0.317567567567569,4.380000000000109,4.1039999999999965,0.304,-1.0,,,14,0,11.0,2022
2022-11-15 14:00:00+00:00|1.0|handoff_align_follow_h14_tp06_sl065,2022-11-15 14:00:00+00:00,STAGE28A,data/reports/stage28a_discovery_factory_batch_runner/stage28a_exact_trades.csv,session_handoff_imbalance_v1,handoff_align_follow_h14_tp06_sl065,1.3740999999999075,0.3240999999999077,-0.375900000000092,1,0,1,0,0.3240999999999077,21.77000000000021,5.259999999999991,0.26615969581750826,15.680000000000064,0.36926020408162885,2.849999999999909,4.0969999999999915,0.244,1.0,,,14,1,11.0,2022
2022-11-18 14:00:00+00:00|1.0|handoff_align_follow_h14_tp06_sl065,2022-11-18 14:00:00+00:00,STAGE28A,data/reports/stage28a_discovery_factory_batch_runner/stage28a_exact_trades.csv,session_handoff_imbalance_v1,handoff_align_follow_h14_tp06_sl065,-1.7959249999999884,-2.8459249999999883,-3.545924999999988,0,0,0,0,2.8459249999999883,20.269999999999982,6.349999999999909,0.3889763779527658,6.980000000000018,0.37392550143264947,5.680000000000064,3.2490000000000236,0.04,1.0,,,14,4,11.0,2022
2022-11-21 14:00:00+00:00|-1.0|handoff_align_follow_h14_tp06_sl065,2022-11-21 14:00:00+00:00,STAGE28A,data/reports/stage28a_discovery_factory_batch_runner/stage28a_exact_trades.csv,session_handoff_imbalance_v1,handoff_align_follow_h14_tp06_sl065,-1.7182499999999892,-2.768249999999989,-3.4682499999999887,0,0,0,0,2.768249999999989,3.1299999999998818,9.099999999999909,0.6912087912087941,10.190000000000055,0.4249263984298461,1.9700000000000273,3.515000000000009,0.076,-1.0,,,14,0,11.0,2022
2022-11-22 14:00:00+00:00|1.0|handoff_align_follow_h14_tp06_sl065,2022-11-22 14:00:00+00:00,STAGE28A,data/reports/stage28a_discovery_factory_batch_runner/stage28a_exact_trades.csv,session_handoff_imbalance_v1,handoff_align_follow_h14_tp06_sl065,-1.638624999999911,-2.688624999999911,-3.3886249999999105,0,0,0,0,2.688624999999911,20.470000000000027,8.220000000000027,0.8004866180048547,8.079999999999927,0.11386138613862389,3.959999999999809,3.3799999999999955,0.068,1.0,,,14,1,11.0,2022
2022-11-24 14:00:00+00:00|1.0|handoff_align_follow_h14_tp06_sl065,2022-11-24 14:00:00+00:00,STAGE28A,data/reports/stage28a_discovery_factory_batch_runner/stage28a_exact_trades.csv,session_handoff_imbalance_v1,handoff_align_follow_h14_tp06_sl065,-1.485874999999942,-2.5358749999999417,-3.235874999999941,0,0,0,0,2.5358749999999417,27.230000000000018,7.830000000000155,0.43550446998720144,6.160000000000082,0.07142857142857933,2.8299999999999272,3.269500000000005,0.056,1.0,,,14,3,11.0,2022
2022-11-28 14:00:00+00:00|1.0|handoff_align_follow_h14_tp06_sl065,2022-11-28 14:00:00+00:00,STAGE28A,data/reports/stage28a_discovery_factory_batch_runner/stage28a_exact_trades.csv,session_handoff_imbalance_v1,handoff_align_follow_h14_tp06_sl065,-1.8853000000000064,-2.9353000000000065,-3.635300000000006,0,0,0,0,2.9353000000000065,5.539999999999964,9.789999999999964,0.06230847803880513,15.220000000000027,0.6005256241787177,4.529999999999973,4.253999999999974,0.612,1.0,,,14,0,11.0,2022
2022-11-29 14:00:00+00:00|1.0|handoff_align_follow_h14_tp06_sl065,2022-11-29 14:00:00+00:00,STAGE28A,data/reports/stage28a_discovery_factory_batch_runner/stage28a_exact_trades.csv,session_handoff_imbalance_v1,handoff_align_follow_h14_tp06_sl065,0.8710000000000037,-0.1789999999999962,-0.878999999999996,0,0,0,0,0.1789999999999962,24.059999999999945,14.629999999999882,0.8523581681476505,7.559999999999945,0.19312169312169933,4.059999999999945,3.4444999999999597,0.248,1.0,,,14,1,11.0,2022
2022-11-30 14:00:00+00:00|1.0|handoff_align_follow_h14_tp06_sl065,2022-11-30 14:00:00+00:00,STAGE28A,data/reports/stage28a_discovery_factory_batch_runner/stage28a_exact_trades.csv,session_handoff_imbalance_v1,handoff_align_follow_h14_tp06_sl065,-1.6181500000001052,-2.668150000000105,-3.368150000000105,0,0,0,0,2.668150000000105,19.48999999999978,7.899999999999864,0.6734177215190197,10.210000000000036,0.4338883447600216,4.079999999999927,3.000499999999988,0.092,1.0,,,14,2,11.0,2022
2022-12-08 14:00:00+00:00|-1.0|handoff_align_follow_h14_tp06_sl065,2022-12-08 14:00:00+00:00,STAGE28A,data/reports/stage28a_discovery_factory_batch_runner/stage28a_exact_trades.csv,session_handoff_imbalance_v1,handoff_align_follow_h14_tp06_sl065,0.6826000000000022,-0.3673999999999977,-1.0673999999999977,0,0,0,0,0.3673999999999977,21.769999999999982,6.779999999999973,0.5176991150442485,5.3900000000001,0.03710575139143124,3.259999999999991,3.3370000000000117,0.172,-1.0,,,14,3,12.0,2022
2022-12-13 14:00:00+00:00|1.0|handoff_align_follow_h14_tp06_sl065,2022-12-13 14:00:00+00:00,STAGE28A,data/reports/stage28a_discovery_factory_batch_runner/stage28a_exact_trades.csv,session_handoff_imbalance_v1,handoff_align_follow_h14_tp06_sl065,-1.5112250000000589,-2.5612250000000585,-3.261225000000058,0,0,0,0,2.5612250000000585,19.5,6.0900000000001455,0.08702791461411495,6.180000000000064,0.7508090614886448,1.9200000000000728,2.9490000000000576,0.012,1.0,,,14,1,12.0,2022
2022-12-14 14:00:00+00:00|-1.0|handoff_align_follow_h14_tp06_sl065,2022-12-14 14:00:00+00:00,STAGE28A,data/reports/stage28a_discovery_factory_batch_runner/stage28a_exact_trades.csv,session_handoff_imbalance_v1,handoff_align_follow_h14_tp06_sl065,0.8031999999999698,-0.2468000000000301,-0.9468000000000298,0,0,0,0,0.2468000000000301,44.50999999999999,4.470000000000027,0.1342281879194419,6.720000000000027,0.029761904761877574,4.220000000000027,3.550000000000034,0.26,-1.0,,,14,2,12.0,2022
2022-12-15 14:00:00+00:00|-1.0|handoff_align_follow_h14_tp06_sl065,2022-12-15 14:00:00+00:00,STAGE28A,data/reports/stage28a_discovery_factory_batch_runner/stage28a_exact_trades.csv,session_handoff_imbalance_v1,handoff_align_follow_h14_tp06_sl065,1.592500000000109,0.5425000000001092,-0.1574999999998905,1,0,1,0,0.5425000000001092,19.310000000000173,19.110000000000127,0.8707482993197154,22.519999999999982,0.6039076376554139,4.470000000000027,5.36950000000005,0.876,-1.0,,,14,3,12.0,2022
2022-12-19 14:00:00+00:00|1.0|handoff_align_follow_h14_tp06_sl065,2022-12-19 14:00:00+00:00,STAGE28A,data/reports/stage28a_discovery_factory_batch_runner/stage28a_exact_trades.csv,session_handoff_imbalance_v1,handoff_align_follow_h14_tp06_sl065,-1.4426500000000488,-2.4926500000000487,-3.1926500000000484,0,0,0,0,2.4926500000000487,2.3400000000001455,5.970000000000027,0.32160804020101574,8.4699999999998,0.3471074380165436,2.7799999999999727,3.198500000000024,0.052,1.0,,,14,0,12.0,2022
2022-12-20 14:00:00+00:00|1.0|handoff_align_follow_h14_tp06_sl065,2022-12-20 14:00:00+00:00,STAGE28A,data/reports/stage28a_discovery_factory_batch_runner/stage28a_exact_trades.csv,session_handoff_imbalance_v1,handoff_align_follow_h14_tp06_sl065,-1.945424999999977,-2.9954249999999774,-3.695424999999977,0,0,0,0,2.9954249999999774,15.0,11.589999999999918,0.2683347713546289,20.910000000000082,0.7723577235772371,4.819999999999936,4.018999999999994,0.504,1.0,,,14,1,12.0,2022
2022-12-21 14:00:00+00:00|-1.0|handoff_align_follow_h14_tp06_sl065,2022-12-21 14:00:00+00:00,STAGE28A,data/reports/stage28a_discovery_factory_batch_runner/stage28a_exact_trades.csv,session_handoff_imbalance_v1,handoff_align_follow_h14_tp06_sl065,-1.4907500000000256,-2.5407500000000254,-3.240750000000025,0,0,0,0,2.5407500000000254,36.52999999999997,6.380000000000109,0.49999999999996436,5.369999999999891,0.1787709497206808,2.5799999999999272,2.8795000000000073,0.004,-1.0,,,14,2,12.0,2022
2022-12-23 14:00:00+00:00|1.0|handoff_align_follow_h14_tp06_sl065,2022-12-23 14:00:00+00:00,STAGE28A,data/reports/stage28a_discovery_factory_batch_runner/stage28a_exact_trades.csv,session_handoff_imbalance_v1,handoff_align_follow_h14_tp06_sl065,-1.382200000000103,-2.4322000000001025,-3.1322000000001022,0,0,0,0,2.4322000000001025,35.58999999999992,4.270000000000209,0.33255269320843167,4.830000000000155,0.780538302277404,2.8199999999999363,3.1560000000000286,0.092,1.0,,,14,4,12.0,2022
2022-12-27 14:00:00+00:00|1.0|handoff_align_follow_h14_tp06_sl065,2022-12-27 14:00:00+00:00,STAGE28A,data/reports/stage28a_discovery_factory_batch_runner/stage28a_exact_trades.csv,session_handoff_imbalance_v1,handoff_align_follow_h14_tp06_sl065,0.4212999999998829,-0.628700000000117,-1.3287000000001168,0,0,0,0,0.628700000000117,4.339999999999918,6.7999999999999545,0.47205882352938683,6.039999999999964,0.6026490066225367,2.0699999999999363,2.9024999999999634,0.02,1.0,,,14,1,12.0,2022
2022-12-28 14:00:00+00:00|-1.0|handoff_align_follow_h14_tp06_sl065,2022-12-28 14:00:00+00:00,STAGE28A,data/reports/stage28a_discovery_factory_batch_runner/stage28a_exact_trades.csv,session_handoff_imbalance_v1,handoff_align_follow_h14_tp06_sl065,-1.821925000000056,-2.871925000000056,-3.5719250000000557,0,0,0,0,2.871925000000056,33.58999999999992,4.990000000000009,0.11422845691381468,12.950000000000045,0.7158301158301119,2.1700000000000728,4.075,0.476,-1.0,,,14,2,12.0,2022
2023-01-04 14:00:00+00:00|1.0|handoff_align_follow_h14_tp06_sl065,2023-01-04 14:00:00+00:00,STAGE28A,data/reports/stage28a_discovery_factory_batch_runner/stage28a_exact_trades.csv,session_handoff_imbalance_v1,handoff_align_follow_h14_tp06_sl065,1.342600000000084,0.2926000000000841,-0.4073999999999156,1,0,1,0,0.2926000000000841,26.210000000000036,12.019999999999982,0.8460898502495914,20.410000000000082,0.5982361587457122,4.990000000000009,4.0845000000000145,0.604,1.0,,,14,2,1.0,2023
2023-01-05 14:00:00+00:00|-1.0|handoff_align_follow_h14_tp06_sl065,2023-01-05 14:00:00+00:00,STAGE28A,data/reports/stage28a_discovery_factory_batch_runner/stage28a_exact_trades.csv,session_handoff_imbalance_v1,handoff_align_follow_h14_tp06_sl065,1.2849999999999908,0.234999999999991,-0.4650000000000087,1,0,1,0,0.234999999999991,29.940000000000055,8.690000000000055,0.3107019562715798,11.779999999999973,0.25806451612902975,4.650000000000091,4.567000000000019,0.644,-1.0,,,14,3,1.0,2023
2023-01-10 14:00:00+00:00|1.0|handoff_align_follow_h14_tp06_sl065,2023-01-10 14:00:00+00:00,STAGE28A,data/reports/stage28a_discovery_factory_batch_runner/stage28a_exact_trades.csv,session_handoff_imbalance_v1,handoff_align_follow_h14_tp06_sl065,0.941500000000042,-0.108499999999958,-0.8084999999999578,0,0,0,0,0.108499999999958,15.169999999999845,8.11999999999989,0.10467980295568323,6.699999999999818,0.5716417910447807,3.189999999999827,3.8564999999999485,0.3,1.0,,,14,1,1.0,2023
2023-01-11 14:00:00+00:00|1.0|handoff_align_follow_h14_tp06_sl065,2023-01-11 14:00:00+00:00,STAGE28A,data/reports/stage28a_discovery_factory_batch_runner/stage28a_exact_trades.csv,session_handoff_imbalance_v1,handoff_align_follow_h14_tp06_sl065,0.8626000000000659,-0.187399999999934,-0.8873999999999338,0,0,0,0,0.187399999999934,12.879999999999882,6.419999999999845,0.09813084112151468,9.120000000000118,0.7565789473683963,3.2000000000000455,3.540499999999997,0.136,1.0,,,14,2,1.0,2023
2023-01-17 14:00:00+00:00|-1.0|handoff_align_follow_h14_tp06_sl065,2023-01-17 14:00:00+00:00,STAGE28A,data/reports/stage28a_discovery_factory_batch_runner/stage28a_exact_trades.csv,session_handoff_imbalance_v1,handoff_align_follow_h14_tp06_sl065,0.9048999999999068,-0.145100000000093,-0.8451000000000928,0,0,0,0,0.145100000000093,18.069999999999936,10.960000000000036,0.5875912408759154,9.029999999999973,0.5658914728682077,6.790000000000191,3.311000000000024,0.048,-1.0,,,14,1,1.0,2023
2023-01-19 14:00:00+00:00|1.0|handoff_align_follow_h14_tp06_sl065,2023-01-19 14:00:00+00:00,STAGE28A,data/reports/stage28a_discovery_factory_batch_runner/stage28a_exact_trades.csv,session_handoff_imbalance_v1,handoff_align_follow_h14_tp06_sl065,-1.8365500000000796,-2.886550000000079,-3.586550000000079,0,0,0,0,2.886550000000079,29.269999999999982,9.970000000000027,0.29388164493481,10.379999999999882,0.023121387283238135,3.6299999999998818,4.21999999999997,0.312,1.0,,,14,3,1.0,2023
2023-01-24 14:00:00+00:00|1.0|handoff_align_follow_h14_tp06_sl065,2023-01-24 14:00:00+00:00,STAGE28A,data/reports/stage28a_discovery_factory_batch_runner/stage28a_exact_trades.csv,session_handoff_imbalance_v1,handoff_align_follow_h14_tp06_sl065,0.8626000000000659,-0.187399999999934,-0.8873999999999338,0,0,0,0,0.187399999999934,24.169999999999845,6.519999999999982,0.21012269938648692,9.960000000000036,0.5672690763052051,3.5599999999999454,3.7484999999999786,0.128,1.0,,,14,1,1.0,2023
2023-01-25 14:00:00+00:00|-1.0|handoff_align_follow_h14_tp06_sl065,2023-01-25 14:00:00+00:00,STAGE28A,data/reports/stage28a_discovery_factory_batch_runner/stage28a_exact_trades.csv,session_handoff_imbalance_v1,handoff_align_follow_h14_tp06_sl065,-1.9327500000000328,-2.9827500000000327,-3.682750000000032,0,0,0,0,2.9827500000000327,25.36999999999989,11.950000000000045,0.7104602510460232,11.019999999999982,0.2676950998184957,3.980000000000018,3.959999999999991,0.188,-1.0,,,14,2,1.0,2023
2023-01-26 14:00:00+00:00|-1.0|handoff_align_follow_h14_tp06_sl065,2023-01-26 14:00:00+00:00,STAGE28A,data/reports/stage28a_discovery_factory_batch_runner/stage28a_exact_trades.csv,session_handoff_imbalance_v1,handoff_align_follow_h14_tp06_sl065,-1.9600500000000007,-3.010050000000001,-3.7100500000000007,0,0,0,0,3.010050000000001,28.659999999999854,6.610000000000127,0.2632375189107376,15.129999999999882,0.6549900859220198,4.529999999999973,4.413999999999999,0.29,-1.0,,,14,3,1.0,2023
2023-01-31 14:00:00+00:00|-1.0|handoff_align_follow_h14_tp06_sl065,2023-01-31 14:00:00+00:00,STAGE28A,data/reports/stage28a_discovery_factory_batch_runner/stage28a_exact_trades.csv,session_handoff_imbalance_v1,handoff_align_follow_h14_tp06_sl065,1.1941000000000712,0.1441000000000714,-0.5558999999999283,1,0,0,0,0.1441000000000714,13.839999999999918,8.539999999999964,0.2412177985948424,19.180000000000064,0.7987486965589214,4.230000000000018,3.6265000000000214,0.052,-1.0,,,14,1,1.0,2023
2023-02-01 14:00:00+00:00|-1.0|handoff_align_follow_h14_tp06_sl065,2023-02-01 14:00:00+00:00,STAGE28A,data/reports/stage28a_discovery_factory_batch_runner/stage28a_exact_trades.csv,session_handoff_imbalance_v1,handoff_align_follow_h14_tp06_sl065,0.7278999999999997,-0.3221000000000003,-1.0221,0,0,0,0,0.3221000000000003,30.279999999999973,4.25,0.3764705882353262,5.929999999999836,0.11973018549747994,4.419999999999845,2.7479999999999563,0.004,-1.0,,,14,2,2.0,2023
2023-02-02 14:00:00+00:00|1.0|handoff_align_follow_h14_tp06_sl065,2023-02-02 14:00:00+00:00,STAGE28A,data/reports/stage28a_discovery_factory_batch_runner/stage28a_exact_trades.csv,session_handoff_imbalance_v1,handoff_align_follow_h14_tp06_sl065,-1.868724999999904,-2.918724999999904,-3.618724999999904,0,0,0,0,2.918724999999904,33.47000000000003,7.100000000000136,0.0408450704225293,8.519999999999982,0.08098591549296433,4.460000000000036,5.932500000000016,0.948,1.0,,,14,3,2.0,2023
2023-02-07 14:00:00+00:00|1.0|handoff_align_follow_h14_tp06_sl065,2023-02-07 14:00:00+00:00,STAGE28A,data/reports/stage28a_discovery_factory_batch_runner/stage28a_exact_trades.csv,session_handoff_imbalance_v1,handoff_align_follow_h14_tp06_sl065,-2.213225000000057,-3.2632250000000567,-3.963225000000056,0,0,0,1,3.2632250000000567,21.3900000000001,8.75,0.5234285714285631,6.900000000000091,0.17536231884054973,6.180000000000064,3.887499999999977,0.088,1.0,,,14,1,2.0,2023
2023-02-08 14:00:00+00:00|1.0|handoff_align_follow_h14_tp06_sl065,2023-02-08 14:00:00+00:00,STAGE28A,data/reports/stage28a_discovery_factory_batch_runner/stage28a_exact_trades.csv,session_handoff_imbalance_v1,handoff_align_follow_h14_tp06_sl065,-2.294799999999986,-3.3447999999999865,-4.044799999999986,0,0,0,1,3.3447999999999865,19.3599999999999,7.039999999999964,0.6022727272727316,13.2199999999998,0.2798789712556809,3.480000000000018,5.923499999999967,0.732,1.0,,,14,2,2.0,2023
2023-02-09 14:00:00+00:00|1.0|handoff_align_follow_h14_tp06_sl065,2023-02-09 14:00:00+00:00,STAGE28A,data/reports/stage28a_discovery_factory_batch_runner/stage28a_exact_trades.csv,session_handoff_imbalance_v1,handoff_align_follow_h14_tp06_sl065,1.0720000000000254,0.0220000000000255,-0.6779999999999742,1,0,0,0,0.0220000000000255,17.3599999999999,8.25,0.5478787878787856,9.329999999999927,0.663451232583052,5.259999999999991,3.5534999999999854,0.04,1.0,,,14,3,2.0,2023
2023-02-13 14:00:00+00:00|-1.0|handoff_align_follow_h14_tp06_sl065,2023-02-13 14:00:00+00:00,STAGE28A,data/reports/stage28a_discovery_factory_batch_runner/stage28a_exact_trades.csv,session_handoff_imbalance_v1,handoff_align_follow_h14_tp06_sl065,-1.9119500000000245,-2.9619500000000243,-3.661950000000024,0,0,0,0,2.9619500000000243,2.6800000000000637,7.569999999999936,0.647291941875843,12.6400000000001,0.06170886075949102,4.0900000000001455,4.031999999999994,0.148,-1.0,,,14,0,2.0,2023
2023-02-14 14:00:00+00:00|1.0|handoff_align_follow_h14_tp06_sl065,2023-02-14 14:00:00+00:00,STAGE28A,data/reports/stage28a_discovery_factory_batch_runner/stage28a_exact_trades.csv,session_handoff_imbalance_v1,handoff_align_follow_h14_tp06_sl065,1.0023999999999886,-0.0476000000000111,-0.7476000000000109,0,0,0,0,0.0476000000000111,16.13000000000011,6.519999999999982,0.5920245398773218,7.099999999999909,0.12394366197181592,6.009999999999991,3.5899999999999976,0.064,1.0,,,14,1,2.0,2023
2023-02-15 14:00:00+00:00|-1.0|handoff_align_follow_h14_tp06_sl065,2023-02-15 14:00:00+00:00,STAGE28A,data/reports/stage28a_discovery_factory_batch_runner/stage28a_exact_trades.csv,session_handoff_imbalance_v1,handoff_align_follow_h14_tp06_sl065,1.4724999999999908,0.422499999999991,-0.2775000000000087,1,0,1,0,0.422499999999991,27.169999999999845,13.559999999999945,0.5243362831858355,16.019999999999982,0.7771535580524381,2.599999999999909,4.6370000000000005,0.344,-1.0,,,14,2,2.0,2023
2023-02-17 14:00:00+00:00|-1.0|handoff_align_follow_h14_tp06_sl065,2023-02-17 14:00:00+00:00,STAGE28A,data/reports/stage28a_discovery_factory_batch_runner/stage28a_exact_trades.csv,session_handoff_imbalance_v1,handoff_align_follow_h14_tp06_sl065,-2.109225000000015,-3.159225000000015,-3.859225000000015,0,0,0,1,3.159225000000015,17.670000000000073,12.660000000000082,0.5979462875197383,9.319999999999936,0.3508583690987129,3.4600000000000364,4.6149999999999975,0.368,-1.0,,,14,4,2.0,2023
2023-02-20 14:00:00+00:00|1.0|handoff_align_follow_h14_tp06_sl065,2023-02-20 14:00:00+00:00,STAGE28A,data/reports/stage28a_discovery_factory_batch_runner/stage28a_exact_trades.csv,session_handoff_imbalance_v1,handoff_align_follow_h14_tp06_sl065,0.7137999999999011,-0.3362000000000988,-1.0362000000000986,0,0,0,0,0.3362000000000988,3.3700000000001182,7.559999999999945,0.5052910052910006,6.3599999999999,0.1289308176100549,2.7799999999999727,3.159999999999991,0.004,1.0,,,14,0,2.0,2023
2023-02-21 14:00:00+00:00|-1.0|handoff_align_follow_h14_tp06_sl065,2023-02-21 14:00:00+00:00,STAGE28A,data/reports/stage28a_discovery_factory_batch_runner/stage28a_exact_trades.csv,session_handoff_imbalance_v1,handoff_align_follow_h14_tp06_sl065,-1.883674999999903,-2.9336749999999028,-3.6336749999999034,0,0,0,0,2.9336749999999028,10.169999999999845,6.710000000000036,0.3859910581222253,8.680000000000064,0.6831797235022803,2.8700000000001182,2.8089999999999917,0.064,-1.0,,,14,1,2.0,2023
2023-02-27 14:00:00+00:00|-1.0|handoff_align_follow_h14_tp06_sl065,2023-02-27 14:00:00+00:00,STAGE28A,data/reports/stage28a_discovery_factory_batch_runner/stage28a_exact_trades.csv,session_handoff_imbalance_v1,handoff_align_follow_h14_tp06_sl065,0.7125999999999749,-0.337400000000025,-1.0374000000000247,0,0,0,0,0.337400000000025,3.119999999999891,7.599999999999909,0.32763157894737355,6.600000000000136,0.20151515151513633,2.269999999999982,3.226999999999987,0.112,-1.0,,,14,0,2.0,2023
2023-02-28 14:00:00+00:00|-1.0|handoff_align_follow_h14_tp06_sl065,2023-02-28 14:00:00+00:00,STAGE28A,data/reports/stage28a_discovery_factory_batch_runner/stage28a_exact_trades.csv,session_handoff_imbalance_v1,handoff_align_follow_h14_tp06_sl065,0.9739000000000942,-0.0760999999999056,-0.7760999999999054,0,0,0,0,0.0760999999999056,13.549999999999955,5.6099999999999,0.5008912655971877,12.400000000000091,0.438709677419356,2.990000000000009,3.1500000000000115,0.12,-1.0,,,14,1,2.0,2023
2023-03-01 14:00:00+00:00|1.0|handoff_align_follow_h14_tp06_sl065,2023-03-01 14:00:00+00:00,STAGE28A,data/reports/stage28a_discovery_factory_batch_runner/stage28a_exact_trades.csv,session_handoff_imbalance_v1,handoff_align_follow_h14_tp06_sl065,-1.9168249999998808,-2.9668249999998806,-3.66682499999988,0,0,0,0,2.9668249999998806,26.559999999999945,8.710000000000036,0.5051664753157373,8.179999999999836,0.6002444987775003,4.120000000000118,3.6204999999999585,0.268,1.0,,,14,2,3.0,2023
2023-03-02 14:00:00+00:00|-1.0|handoff_align_follow_h14_tp06_sl065,2023-03-02 14:00:00+00:00,STAGE28A,data/reports/stage28a_discovery_factory_batch_runner/stage28a_exact_trades.csv,session_handoff_imbalance_v1,handoff_align_follow_h14_tp06_sl065,0.8964999999999691,-0.1535000000000308,-0.8535000000000306,0,0,0,0,0.1535000000000308,21.450000000000045,7.440000000000055,0.29301075268817844,5.220000000000027,0.5363984674329387,5.8599999999999,3.0759999999999876,0.116,-1.0,,,14,3,3.0,2023
2023-03-03 14:00:00+00:00|1.0|handoff_align_follow_h14_tp06_sl065,2023-03-03 14:00:00+00:00,STAGE28A,data/reports/stage28a_discovery_factory_batch_runner/stage28a_exact_trades.csv,session_handoff_imbalance_v1,handoff_align_follow_h14_tp06_sl065,-1.465724999999884,-2.515724999999884,-3.215724999999884,0,0,0,0,2.515724999999884,8.949999999999818,6.009999999999991,0.09816971713812753,9.990000000000009,0.8508508508508501,2.869999999999891,2.843999999999994,0.072,1.0,,,14,4,3.0,2023
2023-03-13 14:00:00+00:00|1.0|handoff_align_follow_h14_tp06_sl065,2023-03-13 14:00:00+00:00,STAGE28A,data/reports/stage28a_discovery_factory_batch_runner/stage28a_exact_trades.csv,session_handoff_imbalance_v1,handoff_align_follow_h14_tp06_sl065,-2.9233499999998918,-3.973349999999891,-4.673349999999891,0,0,0,1,3.973349999999891,22.169999999999845,22.169999999999845,0.43031123139377675,22.269999999999982,0.11899416255052057,10.920000000000073,9.63249999999996,0.968,1.0,,,14,0,3.0,2023
2023-03-14 14:00:00+00:00|-1.0|handoff_align_follow_h14_tp06_sl065,2023-03-14 14:00:00+00:00,STAGE28A,data/reports/stage28a_discovery_factory_batch_runner/stage28a_exact_trades.csv,session_handoff_imbalance_v1,handoff_align_follow_h14_tp06_sl065,1.2996999999999388,0.2496999999999389,-0.4503000000000607,1,0,1,0,0.2496999999999389,43.12999999999988,12.549999999999955,0.7274900398406307,12.61999999999989,0.03328050713152528,2.0800000000001546,4.786500000000013,0.804,-1.0,,,14,1,3.0,2023
2023-03-15 14:00:00+00:00|-1.0|handoff_align_follow_h14_tp06_sl065,2023-03-15 14:00:00+00:00,STAGE28A,data/reports/stage28a_discovery_factory_batch_runner/stage28a_exact_trades.csv,session_handoff_imbalance_v1,handoff_align_follow_h14_tp06_sl065,2.5815999999998893,1.5315999999998895,0.8315999999998898,1,1,1,0,1.5315999999998895,18.75,5.6599999999998545,0.24558303886924177,24.029999999999973,0.28381190178942756,13.649999999999864,5.2549999999999955,0.772,-1.0,,,14,2,3.0,2023
2023-03-17 14:00:00+00:00|1.0|handoff_align_follow_h14_tp06_sl065,2023-03-17 14:00:00+00:00,STAGE28A,data/reports/stage28a_discovery_factory_batch_runner/stage28a_exact_trades.csv,session_handoff_imbalance_v1,handoff_align_follow_h14_tp06_sl065,1.146399999999994,0.0963999999999942,-0.6036000000000055,1,0,0,0,0.0963999999999942,25.8599999999999,12.769999999999982,0.8300704776820792,6.980000000000018,0.04154727793695743,7.899999999999864,4.25599999999996,0.512,1.0,,,14,4,3.0,2023
2023-03-23 14:00:00+00:00|1.0|handoff_align_follow_h14_tp06_sl065,2023-03-23 14:00:00+00:00,STAGE28A,data/reports/stage28a_discovery_factory_batch_runner/stage28a_exact_trades.csv,session_handoff_imbalance_v1,handoff_align_follow_h14_tp06_sl065,-2.3923000000000685,-3.4423000000000683,-4.142300000000068,0,0,0,1,3.4423000000000683,44.49000000000001,13.700000000000045,0.5751824817518143,9.3599999999999,0.01816239316240113,3.119999999999891,7.487499999999988,0.64,1.0,,,14,3,3.0,2023
2023-03-24 14:00:00+00:00|1.0|handoff_align_follow_h14_tp06_sl065,2023-03-24 14:00:00+00:00,STAGE28A,data/reports/stage28a_discovery_factory_batch_runner/stage28a_exact_trades.csv,session_handoff_imbalance_v1,handoff_align_follow_h14_tp06_sl065,1.8549999999999272,0.8049999999999273,0.1049999999999276,1,1,1,0,0.8049999999999273,38.76999999999998,5.119999999999891,0.011718750000034,19.029999999999973,0.026799789805569713,5.329999999999927,6.22249999999998,0.388,1.0,,,14,4,3.0,2023
2023-03-29 14:00:00+00:00|-1.0|handoff_align_follow_h14_tp06_sl065,2023-03-29 14:00:00+00:00,STAGE28A,data/reports/stage28a_discovery_factory_batch_runner/stage28a_exact_trades.csv,session_handoff_imbalance_v1,handoff_align_follow_h14_tp06_sl065,-1.849225000000024,-2.899225000000024,-3.599225000000024,0,0,0,0,2.899225000000024,26.100000000000136,8.519999999999982,0.7500000000000133,10.220000000000027,0.07827788649705993,3.3099999999999454,3.571499999999992,0.004,-1.0,,,14,2,3.0,2023
2023-04-05 14:00:00+00:00|1.0|handoff_align_follow_h14_tp06_sl065,2023-04-05 14:00:00+00:00,STAGE28A,data/reports/stage28a_discovery_factory_batch_runner/stage28a_exact_trades.csv,session_handoff_imbalance_v1,handoff_align_follow_h14_tp06_sl065,0.9798999999999524,-0.0701000000000475,-0.7701000000000473,0,0,0,0,0.0701000000000475,48.01999999999998,5.910000000000082,0.4027072758037354,6.6099999999999,0.22541603630862808,3.3999999999998636,3.4380000000000224,0.004,1.0,,,14,2,4.0,2023
2023-04-11 14:00:00+00:00|1.0|handoff_align_follow_h14_tp06_sl065,2023-04-11 14:00:00+00:00,STAGE28A,data/reports/stage28a_discovery_factory_batch_runner/stage28a_exact_trades.csv,session_handoff_imbalance_v1,handoff_align_follow_h14_tp06_sl065,0.9891999999998916,-0.0608000000001083,-0.7608000000001081,0,0,0,0,0.0608000000001083,24.860000000000127,9.349999999999909,0.6588235294117799,10.100000000000136,0.6920792079207836,3.4700000000000273,3.2189999999999714,0.008,1.0,,,14,1,4.0,2023
2023-04-13 14:00:00+00:00|1.0|handoff_align_follow_h14_tp06_sl065,2023-04-13 14:00:00+00:00,STAGE28A,data/reports/stage28a_discovery_factory_batch_runner/stage28a_exact_trades.csv,session_handoff_imbalance_v1,handoff_align_follow_h14_tp06_sl065,0.9156999999999244,-0.1343000000000755,-0.8343000000000753,0,0,0,0,0.1343000000000755,27.13000000000011,6.1400000000001,0.3697068403908705,13.950000000000045,0.6566308243727635,2.980000000000018,3.8129999999999766,0.132,1.0,,,14,3,4.0,2023
2023-04-17 14:00:00+00:00|1.0|handoff_align_follow_h14_tp06_sl065,2023-04-17 14:00:00+00:00,STAGE28A,data/reports/stage28a_discovery_factory_batch_runner/stage28a_exact_trades.csv,session_handoff_imbalance_v1,handoff_align_follow_h14_tp06_sl065,-1.8752250000000916,-2.9252250000000912,-3.625225000000091,0,0,0,0,2.9252250000000912,7.0,10.759999999999991,0.30669144981412244,11.329999999999927,0.5216240070608907,4.099999999999909,4.7569999999999935,0.36,1.0,,,14,0,4.0,2023
2023-04-18 14:00:00+00:00|1.0|handoff_align_follow_h14_tp06_sl065,2023-04-18 14:00:00+00:00,STAGE28A,data/reports/stage28a_discovery_factory_batch_runner/stage28a_exact_trades.csv,session_handoff_imbalance_v1,handoff_align_follow_h14_tp06_sl065,0.9985000000000582,-0.0514999999999417,-0.7514999999999414,0,0,0,0,0.0514999999999417,33.8900000000001,8.5,0.6588235294117808,8.699999999999818,0.10919540229885809,5.100000000000136,3.599999999999966,0.056,1.0,,,14,1,4.0,2023
2023-04-19 14:00:00+00:00|-1.0|handoff_align_follow_h14_tp06_sl065,2023-04-19 14:00:00+00:00,STAGE28A,data/reports/stage28a_discovery_factory_batch_runner/stage28a_exact_trades.csv,session_handoff_imbalance_v1,handoff_align_follow_h14_tp06_sl065,-2.906775000000016,-3.956775000000016,-4.656775000000016,0,0,0,1,3.956775000000016,20.6099999999999,6.189999999999827,0.34087237479809146,31.710000000000036,0.9274676758120481,5.0,4.589499999999998,0.36,-1.0,,,14,2,4.0,2023
2023-04-21 14:00:00+00:00|-1.0|handoff_align_follow_h14_tp06_sl065,2023-04-21 14:00:00+00:00,STAGE28A,data/reports/stage28a_discovery_factory_batch_runner/stage28a_exact_trades.csv,session_handoff_imbalance_v1,handoff_align_follow_h14_tp06_sl065,-2.6093999999999142,-3.659399999999914,-4.359399999999914,0,0,0,1,3.659399999999914,21.839999999999918,4.940000000000055,0.5161943319837907,20.37999999999988,0.7850834151128603,6.420000000000073,4.572000000000048,0.336,-1.0,,,14,4,4.0,2023
2023-05-01 14:00:00+00:00|-1.0|handoff_align_follow_h14_tp06_sl065,2023-05-01 14:00:00+00:00,STAGE28A,data/reports/stage28a_discovery_factory_batch_runner/stage28a_exact_trades.csv,session_handoff_imbalance_v1,handoff_align_follow_h14_tp06_sl065,-1.5736250000000838,-2.623625000000084,-3.3236250000000838,0,0,0,0,2.623625000000084,3.2999999999999545,11.25,0.5164444444444396,9.319999999999936,0.14377682403432696,4.339999999999918,3.7665000000000193,0.052,-1.0,,,14,0,5.0,2023
2023-05-02 14:00:00+00:00|-1.0|handoff_align_follow_h14_tp06_sl065,2023-05-02 14:00:00+00:00,STAGE28A,data/reports/stage28a_discovery_factory_batch_runner/stage28a_exact_trades.csv,session_handoff_imbalance_v1,handoff_align_follow_h14_tp06_sl065,0.9307000000000244,-0.1192999999999755,-0.8192999999999753,0,0,0,0,0.1192999999999755,28.960000000000036,4.459999999999809,0.12556053811658507,7.899999999999864,0.25949367088607467,5.210000000000036,3.221499999999969,0.004,-1.0,,,14,1,5.0,2023
2023-05-04 14:00:00+00:00|-1.0|handoff_align_follow_h14_tp06_sl065,2023-05-04 14:00:00+00:00,STAGE28A,data/reports/stage28a_discovery_factory_batch_runner/stage28a_exact_trades.csv,session_handoff_imbalance_v1,handoff_align_follow_h14_tp06_sl065,1.3746999999999845,0.3246999999999844,-0.3753000000000153,1,0,1,0,0.3246999999999844,50.37000000000012,39.94999999999982,0.3902377972465636,14.970000000000027,0.2077488309953169,4.069999999999936,8.879000000000019,0.972,-1.0,,,14,3,5.0,2023
2023-05-09 14:00:00+00:00|1.0|handoff_align_follow_h14_tp06_sl065,2023-05-09 14:00:00+00:00,STAGE28A,data/reports/stage28a_discovery_factory_batch_runner/stage28a_exact_trades.csv,session_handoff_imbalance_v1,handoff_align_follow_h14_tp06_sl065,-1.6135999999999968,-2.6635999999999966,-3.3635999999999964,0,0,0,0,2.6635999999999966,15.129999999999882,5.400000000000091,0.4944444444444075,7.330000000000155,0.46248294679400115,3.1099999999999,3.1980000000000244,0.02,1.0,,,14,1,5.0,2023
2023-05-10 14:00:00+00:00|-1.0|handoff_align_follow_h14_tp06_sl065,2023-05-10 14:00:00+00:00,STAGE28A,data/reports/stage28a_discovery_factory_batch_runner/stage28a_exact_trades.csv,session_handoff_imbalance_v1,handoff_align_follow_h14_tp06_sl065,0.7813000000000102,-0.2686999999999897,-0.9686999999999896,0,0,0,0,0.2686999999999897,18.029999999999973,7.679999999999836,0.5572916666667046,6.680000000000064,0.39371257485027794,3.0699999999999363,3.181000000000006,0.028,-1.0,,,14,2,5.0,2023
2023-05-12 14:00:00+00:00|-1.0|handoff_align_follow_h14_tp06_sl065,2023-05-12 14:00:00+00:00,STAGE28A,data/reports/stage28a_discovery_factory_batch_runner/stage28a_exact_trades.csv,session_handoff_imbalance_v1,handoff_align_follow_h14_tp06_sl065,1.1538999999999304,0.1038999999999306,-0.5961000000000691,1,0,0,0,0.1038999999999306,30.1400000000001,8.960000000000036,0.4832589285714185,11.710000000000036,0.7532023911186941,5.079999999999927,3.765999999999997,0.256,-1.0,,,14,4,5.0,2023
2023-05-15 14:00:00+00:00|1.0|handoff_align_follow_h14_tp06_sl065,2023-05-15 14:00:00+00:00,STAGE28A,data/reports/stage28a_discovery_factory_batch_runner/stage28a_exact_trades.csv,session_handoff_imbalance_v1,handoff_align_follow_h14_tp06_sl065,-1.5291000000000623,-2.579100000000062,-3.279100000000062,0,0,0,0,2.579100000000062,4.789999999999964,11.710000000000036,0.2613151152860748,7.720000000000027,0.3121761658031183,2.5799999999999272,3.505499999999995,0.14,1.0,,,14,0,5.0,2023
2023-05-18 14:00:00+00:00|-1.0|handoff_align_follow_h14_tp06_sl065,2023-05-18 14:00:00+00:00,STAGE28A,data/reports/stage28a_discovery_factory_batch_runner/stage28a_exact_trades.csv,session_handoff_imbalance_v1,handoff_align_follow_h14_tp06_sl065,0.9217000000000098,-0.1282999999999901,-0.8282999999999898,0,0,0,0,0.1282999999999901,17.950000000000045,5.4099999999998545,0.13308687615523462,10.519999999999982,0.4591254752851866,2.3099999999999454,2.9860000000000126,0.008,-1.0,,,14,3,5.0,2023
2023-05-19 14:00:00+00:00|1.0|handoff_align_follow_h14_tp06_sl065,2023-05-19 14:00:00+00:00,STAGE28A,data/reports/stage28a_discovery_factory_batch_runner/stage28a_exact_trades.csv,session_handoff_imbalance_v1,handoff_align_follow_h14_tp06_sl065,0.9900999999998932,-0.0599000000001068,-0.7599000000001066,0,0,0,0,0.0599000000001068,33.97999999999979,9.659999999999854,0.4906832298136729,8.100000000000136,0.5469135802469123,4.429999999999836,3.472999999999979,0.144,1.0,,,14,4,5.0,2023
2023-05-23 14:00:00+00:00|-1.0|handoff_align_follow_h14_tp06_sl065,2023-05-23 14:00:00+00:00,STAGE28A,data/reports/stage28a_discovery_factory_batch_runner/stage28a_exact_trades.csv,session_handoff_imbalance_v1,handoff_align_follow_h14_tp06_sl065,-1.879125000000022,-2.9291250000000217,-3.6291250000000215,0,0,0,0,2.9291250000000217,13.670000000000073,12.319999999999936,0.6915584415584437,10.339999999999918,0.5483558994197406,4.480000000000018,3.909999999999991,0.38,-1.0,,,14,1,5.0,2023
2023-05-24 14:00:00+00:00|-1.0|handoff_align_follow_h14_tp06_sl065,2023-05-24 14:00:00+00:00,STAGE28A,data/reports/stage28a_discovery_factory_batch_runner/stage28a_exact_trades.csv,session_handoff_imbalance_v1,handoff_align_follow_h14_tp06_sl065,-1.90902500000002,-2.95902500000002,-3.6590250000000193,0,0,0,0,2.95902500000002,23.449999999999818,4.529999999999973,0.0883002207505223,9.820000000000164,0.036659877800396534,3.1700000000000728,3.6874999999999885,0.184,-1.0,,,14,2,5.0,2023
2023-05-26 14:00:00+00:00|1.0|handoff_align_follow_h14_tp06_sl065,2023-05-26 14:00:00+00:00,STAGE28A,data/reports/stage28a_discovery_factory_batch_runner/stage28a_exact_trades.csv,session_handoff_imbalance_v1,handoff_align_follow_h14_tp06_sl065,-1.635374999999931,-2.685374999999931,-3.3853749999999305,0,0,0,0,2.685374999999931,25.910000000000082,12.120000000000118,0.5140264026402606,10.289999999999964,0.5053449951409197,2.009999999999991,3.6164999999999963,0.12,1.0,,,14,4,5.0,2023
2023-05-31 14:00:00+00:00|-1.0|handoff_align_follow_h14_tp06_sl065,2023-05-31 14:00:00+00:00,STAGE28A,data/reports/stage28a_discovery_factory_batch_runner/stage28a_exact_trades.csv,session_handoff_imbalance_v1,handoff_align_follow_h14_tp06_sl065,-1.831674999999996,-2.8816749999999955,-3.5816749999999957,0,0,0,0,2.8816749999999955,31.529999999999973,6.8400000000001455,0.07748538011695343,10.319999999999936,0.06395348837210135,4.350000000000136,3.3995000000000006,0.12,-1.0,,,14,2,5.0,2023
2023-06-01 14:00:00+00:00|-1.0|handoff_align_follow_h14_tp06_sl065,2023-06-01 14:00:00+00:00,STAGE28A,data/reports/stage28a_discovery_factory_batch_runner/stage28a_exact_trades.csv,session_handoff_imbalance_v1,handoff_align_follow_h14_tp06_sl065,-1.6282250000000205,-2.6782250000000203,-3.37822500000002,0,0,0,0,2.6782250000000203,21.13000000000011,5.470000000000027,0.40036563071298786,12.440000000000055,0.31511254019291224,7.079999999999927,3.6480000000000246,0.176,-1.0,,,14,3,6.0,2023
2023-06-05 14:00:00+00:00|-1.0|handoff_align_follow_h14_tp06_sl065,2023-06-05 14:00:00+00:00,STAGE28A,data/reports/stage28a_discovery_factory_batch_runner/stage28a_exact_trades.csv,session_handoff_imbalance_v1,handoff_align_follow_h14_tp06_sl065,-1.7539999999999965,-2.8039999999999963,-3.503999999999996,0,0,0,0,2.8039999999999963,3.5399999999999636,6.1099999999999,0.2929623567921429,8.799999999999955,0.2590909090909073,3.6399999999998727,3.8770000000000095,0.232,-1.0,,,14,0,6.0,2023
2023-06-07 14:00:00+00:00|-1.0|handoff_align_follow_h14_tp06_sl065,2023-06-07 14:00:00+00:00,STAGE28A,data/reports/stage28a_discovery_factory_batch_runner/stage28a_exact_trades.csv,session_handoff_imbalance_v1,handoff_align_follow_h14_tp06_sl065,-1.6756750000000469,-2.7256750000000465,-3.425675000000046,0,0,0,0,2.7256750000000465,11.980000000000018,3.9199999999998454,0.08673469387753356,10.009999999999991,0.11288711288712389,4.069999999999936,2.901499999999987,0.072,-1.0,,,14,2,6.0,2023
2023-06-08 14:00:00+00:00|1.0|handoff_align_follow_h14_tp06_sl065,2023-06-08 14:00:00+00:00,STAGE28A,data/reports/stage28a_discovery_factory_batch_runner/stage28a_exact_trades.csv,session_handoff_imbalance_v1,handoff_align_follow_h14_tp06_sl065,0.7765000000000782,-0.2734999999999217,-0.9734999999999214,0,0,0,0,0.2734999999999217,30.329999999999927,7.440000000000055,0.5349462365591383,6.319999999999936,0.011075949367078645,2.130000000000109,3.560500000000013,0.208,1.0,,,14,3,6.0,2023
2023-06-09 14:00:00+00:00|-1.0|handoff_align_follow_h14_tp06_sl065,2023-06-09 14:00:00+00:00,STAGE28A,data/reports/stage28a_discovery_factory_batch_runner/stage28a_exact_trades.csv,session_handoff_imbalance_v1,handoff_align_follow_h14_tp06_sl065,0.5518000000000939,-0.498199999999906,-1.1981999999999058,0,0,0,0,0.498199999999906,30.90000000000009,3.25,0.7046153846153734,5.440000000000055,0.34191176470590234,3.3700000000001182,2.263000000000011,0.016,-1.0,,,14,4,6.0,2023
2023-06-13 14:00:00+00:00|1.0|handoff_align_follow_h14_tp06_sl065,2023-06-13 14:00:00+00:00,STAGE28A,data/reports/stage28a_discovery_factory_batch_runner/stage28a_exact_trades.csv,session_handoff_imbalance_v1,handoff_align_follow_h14_tp06_sl065,0.6544000000000324,-0.3955999999999675,-1.0955999999999673,0,0,0,0,0.3955999999999675,17.7800000000002,6.210000000000036,0.6070853462157745,7.149999999999864,0.1706293706293777,3.9600000000000364,3.0479999999999676,0.096,1.0,,,14,1,6.0,2023
2023-06-14 14:00:00+00:00|1.0|handoff_align_follow_h14_tp06_sl065,2023-06-14 14:00:00+00:00,STAGE28A,data/reports/stage28a_discovery_factory_batch_runner/stage28a_exact_trades.csv,session_handoff_imbalance_v1,handoff_align_follow_h14_tp06_sl065,-1.4345249999999852,-2.484524999999985,-3.1845249999999847,0,0,0,0,2.484524999999985,30.730000000000018,7.240000000000009,0.7223756906077364,7.639999999999873,0.2683246073298414,3.6599999999998545,3.5185000000000057,0.224,1.0,,,14,2,6.0,2023
2023-06-15 14:00:00+00:00|-1.0|handoff_align_follow_h14_tp06_sl065,2023-06-15 14:00:00+00:00,STAGE28A,data/reports/stage28a_discovery_factory_batch_runner/stage28a_exact_trades.csv,session_handoff_imbalance_v1,handoff_align_follow_h14_tp06_sl065,1.074099999999953,0.0240999999999531,-0.6759000000000466,1,0,0,0,0.0240999999999531,20.580000000000155,12.930000000000064,0.713070378963649,10.7800000000002,0.09090909090909091,3.4700000000000273,5.103499999999985,0.944,-1.0,,,14,3,6.0,2023
2023-06-22 14:00:00+00:00|-1.0|handoff_align_follow_h14_tp06_sl065,2023-06-22 14:00:00+00:00,STAGE28A,data/reports/stage28a_discovery_factory_batch_runner/stage28a_exact_trades.csv,session_handoff_imbalance_v1,handoff_align_follow_h14_tp06_sl065,0.8791000000000168,-0.1708999999999831,-0.8708999999999829,0,0,0,0,0.1708999999999831,20.25,3.459999999999809,0.2687861271676633,8.180000000000064,0.46210268948654565,2.660000000000082,3.019499999999982,0.156,-1.0,,,14,3,6.0,2023
2023-06-26 14:00:00+00:00|1.0|handoff_align_follow_h14_tp06_sl065,2023-06-26 14:00:00+00:00,STAGE28A,data/reports/stage28a_discovery_factory_batch_runner/stage28a_exact_trades.csv,session_handoff_imbalance_v1,handoff_align_follow_h14_tp06_sl065,-1.5157749999999397,-2.5657749999999395,-3.2657749999999397,0,0,0,0,2.5657749999999395,3.490000000000009,5.870000000000118,0.12776831345825979,11.200000000000045,0.3928571428571494,3.849999999999909,3.3514999999999873,0.196,1.0,,,14,0,6.0,2023
2023-07-03 14:00:00+00:00|-1.0|handoff_align_follow_h14_tp06_sl065,2023-07-03 14:00:00+00:00,STAGE28A,data/reports/stage28a_discovery_factory_batch_runner/stage28a_exact_trades.csv,session_handoff_imbalance_v1,handoff_align_follow_h14_tp06_sl065,0.6544000000000324,-0.3955999999999675,-1.0955999999999673,0,0,0,0,0.3955999999999675,1.1800000000000637,4.940000000000055,0.18825910931170567,10.5,0.4961904761904797,2.630000000000109,2.9180000000000064,0.112,-1.0,,,14,0,7.0,2023
2023-07-04 14:00:00+00:00|1.0|handoff_align_follow_h14_tp06_sl065,2023-07-04 14:00:00+00:00,STAGE28A,data/reports/stage28a_discovery_factory_batch_runner/stage28a_exact_trades.csv,session_handoff_imbalance_v1,handoff_align_follow_h14_tp06_sl065,-1.2268499999998768,-2.2768499999998766,-2.9768499999998763,0,0,0,0,2.2768499999998766,20.950000000000045,3.6399999999998727,0.4807692307692476,7.9099999999998545,0.8609355246523765,2.0800000000001546,2.126499999999987,0.004,1.0,,,14,1,7.0,2023
2023-07-07 14:00:00+00:00|1.0|handoff_align_follow_h14_tp06_sl065,2023-07-07 14:00:00+00:00,STAGE28A,data/reports/stage28a_discovery_factory_batch_runner/stage28a_exact_trades.csv,session_handoff_imbalance_v1,handoff_align_follow_h14_tp06_sl065,0.5065000000000964,-0.5434999999999035,-1.2434999999999032,0,0,0,0,0.5434999999999035,24.910000000000082,2.8099999999999454,0.049822064056895154,6.5499999999999545,0.7709923664122121,2.589999999999918,2.290000000000009,0.064,1.0,,,14,4,7.0,2023
2023-07-11 14:00:00+00:00|1.0|handoff_align_follow_h14_tp06_sl065,2023-07-11 14:00:00+00:00,STAGE28A,data/reports/stage28a_discovery_factory_batch_runner/stage28a_exact_trades.csv,session_handoff_imbalance_v1,handoff_align_follow_h14_tp06_sl065,1.0269999999999526,-0.0230000000000472,-0.7230000000000469,0,0,0,0,0.0230000000000472,15.459999999999809,4.690000000000055,0.3432835820895754,11.970000000000027,0.9598997493734321,3.5699999999999363,2.9950000000000045,0.212,1.0,,,14,1,7.0,2023
2023-07-13 14:00:00+00:00|1.0|handoff_align_follow_h14_tp06_sl065,2023-07-13 14:00:00+00:00,STAGE28A,data/reports/stage28a_discovery_factory_batch_runner/stage28a_exact_trades.csv,session_handoff_imbalance_v1,handoff_align_follow_h14_tp06_sl065,-1.4000750000001063,-2.450075000000106,-3.150075000000106,0,0,0,0,2.450075000000106,27.560000000000173,6.690000000000055,0.38415545590432215,8.11999999999989,0.035714285714281716,2.4199999999998454,2.9824999999999933,0.22,1.0,,,14,3,7.0,2023
2023-07-18 14:00:00+00:00|1.0|handoff_align_follow_h14_tp06_sl065,2023-07-18 14:00:00+00:00,STAGE28A,data/reports/stage28a_discovery_factory_batch_runner/stage28a_exact_trades.csv,session_handoff_imbalance_v1,handoff_align_follow_h14_tp06_sl065,-1.3847999999999048,-2.4347999999999046,-3.1347999999999043,0,0,0,0,2.4347999999999046,14.089999999999918,6.839999999999918,0.7046783625730986,6.329999999999927,0.513428120063197,2.4700000000000273,2.3370000000000006,0.092,1.0,,,14,1,7.0,2023
2023-07-21 14:00:00+00:00|-1.0|handoff_align_follow_h14_tp06_sl065,2023-07-21 14:00:00+00:00,STAGE28A,data/reports/stage28a_discovery_factory_batch_runner/stage28a_exact_trades.csv,session_handoff_imbalance_v1,handoff_align_follow_h14_tp06_sl065,-1.6828249999999572,-2.732824999999957,-3.4328249999999567,0,0,0,0,2.732824999999957,22.090000000000146,3.8600000000001273,0.0984455958548884,11.100000000000136,0.5630630630630561,2.2200000000000273,2.6960000000000037,0.052,-1.0,,,14,4,7.0,2023
2023-07-24 14:00:00+00:00|-1.0|handoff_align_follow_h14_tp06_sl065,2023-07-24 14:00:00+00:00,STAGE28A,data/reports/stage28a_discovery_factory_batch_runner/stage28a_exact_trades.csv,session_handoff_imbalance_v1,handoff_align_follow_h14_tp06_sl065,0.7887999999999465,-0.2612000000000534,-0.9612000000000532,0,0,0,0,0.2612000000000534,2.3999999999998636,3.759999999999991,0.4840425531914736,8.310000000000173,0.6413959085439283,2.6799999999998363,2.964999999999975,0.104,-1.0,,,14,0,7.0,2023
2023-07-25 14:00:00+00:00|1.0|handoff_align_follow_h14_tp06_sl065,2023-07-25 14:00:00+00:00,STAGE28A,data/reports/stage28a_discovery_factory_batch_runner/stage28a_exact_trades.csv,session_handoff_imbalance_v1,handoff_align_follow_h14_tp06_sl065,0.8464000000000397,-0.2035999999999602,-0.90359999999996,0,0,0,0,0.2035999999999602,14.429999999999836,10.349999999999909,0.6434782608695568,4.730000000000018,0.12262156448201375,3.5299999999999727,2.810500000000013,0.068,1.0,,,14,1,7.0,2023
2023-07-31 14:00:00+00:00|-1.0|handoff_align_follow_h14_tp06_sl065,2023-07-31 14:00:00+00:00,STAGE28A,data/reports/stage28a_discovery_factory_batch_runner/stage28a_exact_trades.csv,session_handoff_imbalance_v1,handoff_align_follow_h14_tp06_sl065,0.666399999999976,-0.3836000000000239,-1.0836000000000237,0,0,0,0,0.3836000000000239,2.269999999999982,6.829999999999927,0.806734992679363,6.0499999999999545,0.3884297520661036,2.0,2.9080000000000497,0.076,-1.0,,,14,0,7.0,2023
2023-08-01 14:00:00+00:00|-1.0|handoff_align_follow_h14_tp06_sl065,2023-08-01 14:00:00+00:00,STAGE28A,data/reports/stage28a_discovery_factory_batch_runner/stage28a_exact_trades.csv,session_handoff_imbalance_v1,handoff_align_follow_h14_tp06_sl065,-1.3682250000000296,-2.4182250000000294,-3.118225000000029,0,0,0,0,2.4182250000000294,21.22999999999979,7.0,0.4914285714285792,7.980000000000018,0.6741854636591316,2.9600000000000364,2.598000000000013,0.024,-1.0,,,14,1,8.0,2023
2023-08-03 14:00:00+00:00|1.0|handoff_align_follow_h14_tp06_sl065,2023-08-03 14:00:00+00:00,STAGE28A,data/reports/stage28a_discovery_factory_batch_runner/stage28a_exact_trades.csv,session_handoff_imbalance_v1,handoff_align_follow_h14_tp06_sl065,-1.6412249999999404,-2.69122499999994,-3.39122499999994,0,0,0,0,2.69122499999994,21.810000000000173,5.089999999999918,0.17681728880154776,7.5,0.15333333333331514,4.619999999999891,2.987999999999977,0.096,1.0,,,14,3,8.0,2023
2023-08-04 14:00:00+00:00|-1.0|handoff_align_follow_h14_tp06_sl065,2023-08-04 14:00:00+00:00,STAGE28A,data/reports/stage28a_discovery_factory_batch_runner/stage28a_exact_trades.csv,session_handoff_imbalance_v1,handoff_align_follow_h14_tp06_sl065,0.4405000000000655,-0.6094999999999344,-1.3094999999999342,0,0,0,0,0.6094999999999344,9.400000000000091,4.379999999999882,0.052511415525119724,5.3599999999999,0.3264925373134389,2.6100000000001273,2.5175000000000183,0.016,-1.0,,,14,4,8.0,2023
2023-08-07 14:00:00+00:00|-1.0|handoff_align_follow_h14_tp06_sl065,2023-08-07 14:00:00+00:00,STAGE28A,data/reports/stage28a_discovery_factory_batch_runner/stage28a_exact_trades.csv,session_handoff_imbalance_v1,handoff_align_follow_h14_tp06_sl065,0.5376999999999953,-0.5123000000000046,-1.2123000000000044,0,0,0,0,0.5123000000000046,4.6400000000001,8.450000000000045,0.5254437869822521,5.220000000000027,0.9501915708812281,2.2899999999999636,2.8404999999999974,0.064,-1.0,,,14,0,8.0,2023
2023-08-10 14:00:00+00:00|1.0|handoff_align_follow_h14_tp06_sl065,2023-08-10 14:00:00+00:00,STAGE28A,data/reports/stage28a_discovery_factory_batch_runner/stage28a_exact_trades.csv,session_handoff_imbalance_v1,handoff_align_follow_h14_tp06_sl065,0.508600000000024,-0.5413999999999759,-1.2413999999999756,0,0,0,0,0.5413999999999759,18.330000000000155,4.660000000000082,0.5021459227467547,6.099999999999909,0.377049180327867,2.5599999999999454,2.2569999999999935,0.004,1.0,,,14,3,8.0,2023
2023-08-11 14:00:00+00:00|1.0|handoff_align_follow_h14_tp06_sl065,2023-08-11 14:00:00+00:00,STAGE28A,data/reports/stage28a_discovery_factory_batch_runner/stage28a_exact_trades.csv,session_handoff_imbalance_v1,handoff_align_follow_h14_tp06_sl065,0.3711999999999534,-0.6788000000000465,-1.3788000000000462,0,0,0,0,0.6788000000000465,17.99000000000001,5.129999999999882,0.3781676413255554,7.240000000000009,0.46685082872926487,1.2699999999999818,2.7259999999999875,0.064,1.0,,,14,4,8.0,2023
2023-08-15 14:00:00+00:00|-1.0|handoff_align_follow_h14_tp06_sl065,2023-08-15 14:00:00+00:00,STAGE28A,data/reports/stage28a_discovery_factory_batch_runner/stage28a_exact_trades.csv,session_handoff_imbalance_v1,handoff_align_follow_h14_tp06_sl065,-1.2330250000000889,-2.2830250000000887,-2.9830250000000884,0,0,0,0,2.2830250000000887,13.519999999999982,4.5,0.015555555555541408,4.460000000000036,0.5874439461883625,2.259999999999991,2.3965000000000147,0.032,-1.0,,,14,1,8.0,2023
2023-08-16 14:00:00+00:00|1.0|handoff_align_follow_h14_tp06_sl065,2023-08-16 14:00:00+00:00,STAGE28A,data/reports/stage28a_discovery_factory_batch_runner/stage28a_exact_trades.csv,session_handoff_imbalance_v1,handoff_align_follow_h14_tp06_sl065,0.321100000000024,-0.7288999999999759,-1.4288999999999756,0,0,0,0,0.7288999999999759,15.230000000000018,5.009999999999991,0.5209580838323616,4.4500000000000455,0.45168539325842033,1.1099999999999,2.283000000000004,0.012,1.0,,,14,2,8.0,2023
2023-08-22 14:00:00+00:00|1.0|handoff_align_follow_h14_tp06_sl065,2023-08-22 14:00:00+00:00,STAGE28A,data/reports/stage28a_discovery_factory_batch_runner/stage28a_exact_trades.csv,session_handoff_imbalance_v1,handoff_align_follow_h14_tp06_sl065,0.6325000000000728,-0.4174999999999271,-1.1174999999999269,0,0,0,0,0.4174999999999271,14.160000000000082,3.6100000000001273,0.2576177285318645,9.980000000000018,0.6863727454909716,2.550000000000182,2.644500000000039,0.096,1.0,,,14,1,8.0,2023
2023-08-23 14:00:00+00:00|1.0|handoff_align_follow_h14_tp06_sl065,2023-08-23 14:00:00+00:00,STAGE28A,data/reports/stage28a_discovery_factory_batch_runner/stage28a_exact_trades.csv,session_handoff_imbalance_v1,handoff_align_follow_h14_tp06_sl065,0.6262000000000626,-0.4237999999999373,-1.123799999999937,0,0,0,0,0.4237999999999373,15.450000000000045,5.879999999999882,0.6309523809523998,4.910000000000082,0.25050916496944964,2.8299999999999272,2.014500000000021,0.004,1.0,,,14,2,8.0,2023
2023-08-30 14:00:00+00:00|-1.0|handoff_align_follow_h14_tp06_sl065,2023-08-30 14:00:00+00:00,STAGE28A,data/reports/stage28a_discovery_factory_batch_runner/stage28a_exact_trades.csv,session_handoff_imbalance_v1,handoff_align_follow_h14_tp06_sl065,-1.098800000000074,-2.1488000000000738,-2.848800000000073,0,0,0,0,2.1488000000000738,23.829999999999927,2.2799999999999727,0.17543859649127005,3.75,0.3466666666666545,1.650000000000091,1.880499999999995,0.004,-1.0,,,14,2,8.0,2023
2023-09-05 14:00:00+00:00|-1.0|handoff_align_follow_h14_tp06_sl065,2023-09-05 14:00:00+00:00,STAGE28A,data/reports/stage28a_discovery_factory_batch_runner/stage28a_exact_trades.csv,session_handoff_imbalance_v1,handoff_align_follow_h14_tp06_sl065,0.4351000000000568,-0.6148999999999432,-1.314899999999943,0,0,0,0,0.6148999999999432,9.470000000000027,3.8600000000001273,0.3056994818652914,8.319999999999936,0.7439903846153696,2.1799999999998363,1.7899999999999978,0.056,-1.0,,,14,1,9.0,2023
2023-09-11 14:00:00+00:00|1.0|handoff_align_follow_h14_tp06_sl065,2023-09-11 14:00:00+00:00,STAGE28A,data/reports/stage28a_discovery_factory_batch_runner/stage28a_exact_trades.csv,session_handoff_imbalance_v1,handoff_align_follow_h14_tp06_sl065,0.4851999999999862,-0.5648000000000137,-1.2648000000000137,0,0,0,0,0.5648000000000137,2.5599999999999454,7.430000000000064,0.6850605652759222,7.740000000000009,0.2777777777777598,1.6099999999999,2.6084999999999923,0.552,1.0,,,14,0,9.0,2023
2023-09-15 14:00:00+00:00|1.0|handoff_align_follow_h14_tp06_sl065,2023-09-15 14:00:00+00:00,STAGE28A,data/reports/stage28a_discovery_factory_batch_runner/stage28a_exact_trades.csv,session_handoff_imbalance_v1,handoff_align_follow_h14_tp06_sl065,-1.226850000000104,-2.276850000000104,-2.976850000000104,0,0,0,0,2.276850000000104,11.819999999999936,6.240000000000009,0.8461538461538406,4.680000000000064,0.521367521367526,1.1800000000000637,2.1970000000000254,0.188,1.0,,,14,4,9.0,2023
2023-09-20 14:00:00+00:00|-1.0|handoff_align_follow_h14_tp06_sl065,2023-09-20 14:00:00+00:00,STAGE28A,data/reports/stage28a_discovery_factory_batch_runner/stage28a_exact_trades.csv,session_handoff_imbalance_v1,handoff_align_follow_h14_tp06_sl065,0.2875000000000455,-0.7624999999999544,-1.4624999999999542,0,0,0,0,0.7624999999999544,7.619999999999891,3.9199999999998454,0.30357142857145447,4.3900000000001,0.27107061503417484,1.099999999999909,1.7245000000000232,0.004,-1.0,,,14,2,9.0,2023
2023-09-21 14:00:00+00:00|-1.0|handoff_align_follow_h14_tp06_sl065,2023-09-21 14:00:00+00:00,STAGE28A,data/reports/stage28a_discovery_factory_batch_runner/stage28a_exact_trades.csv,session_handoff_imbalance_v1,handoff_align_follow_h14_tp06_sl065,-1.2222999999999955,-2.2722999999999955,-2.9722999999999957,0,0,0,0,2.2722999999999955,19.519999999999982,7.350000000000136,0.3823129251700535,8.040000000000191,0.4440298507462785,2.339999999999918,3.3370000000000006,0.928,-1.0,,,14,3,9.0,2023
2023-09-22 14:00:00+00:00|1.0|handoff_align_follow_h14_tp06_sl065,2023-09-22 14:00:00+00:00,STAGE28A,data/reports/stage28a_discovery_factory_batch_runner/stage28a_exact_trades.csv,session_handoff_imbalance_v1,handoff_align_follow_h14_tp06_sl065,0.3891999999999825,-0.6608000000000174,-1.360800000000017,0,0,0,0,0.6608000000000174,17.580000000000155,6.259999999999991,0.5782747603834063,5.400000000000091,0.30740740740737527,2.119999999999891,2.0930000000000177,0.136,1.0,,,14,4,9.0,2023
2023-09-25 14:00:00+00:00|-1.0|handoff_align_follow_h14_tp06_sl065,2023-09-25 14:00:00+00:00,STAGE28A,data/reports/stage28a_discovery_factory_batch_runner/stage28a_exact_trades.csv,session_handoff_imbalance_v1,handoff_align_follow_h14_tp06_sl065,0.5557000000000244,-0.4942999999999755,-1.1942999999999753,0,0,0,0,0.4942999999999755,2.0,3.769999999999982,0.5384615384615338,6.2999999999999545,0.13015873015872098,2.7999999999999545,2.1135000000000104,0.19,-1.0,,,14,0,9.0,2023
2023-09-27 14:00:00+00:00|-1.0|handoff_align_follow_h14_tp06_sl065,2023-09-27 14:00:00+00:00,STAGE28A,data/reports/stage28a_discovery_factory_batch_runner/stage28a_exact_trades.csv,session_handoff_imbalance_v1,handoff_align_follow_h14_tp06_sl065,-1.1394249999999375,-2.1894249999999373,-2.889424999999937,0,0,0,0,2.1894249999999373,17.690000000000055,4.459999999999809,0.23991031390139228,5.339999999999918,0.8220973782771424,2.7200000000000273,2.4299999999999953,0.408,-1.0,,,14,2,9.0,2023
2023-09-28 14:00:00+00:00|-1.0|handoff_align_follow_h14_tp06_sl065,2023-09-28 14:00:00+00:00,STAGE28A,data/reports/stage28a_discovery_factory_batch_runner/stage28a_exact_trades.csv,session_handoff_imbalance_v1,handoff_align_follow_h14_tp06_sl065,0.461200000000099,-0.588799999999901,-1.2887999999999007,0,0,0,0,0.588799999999901,31.470000000000027,4.350000000000136,0.537931034482723,4.5499999999999545,0.27472527472527747,1.8600000000001273,2.9760000000000106,0.716,-1.0,,,14,3,9.0,2023
2023-10-02 14:00:00+00:00|-1.0|handoff_align_follow_h14_tp06_sl065,2023-10-02 14:00:00+00:00,STAGE28A,data/reports/stage28a_discovery_factory_batch_runner/stage28a_exact_trades.csv,session_handoff_imbalance_v1,handoff_align_follow_h14_tp06_sl065,-1.9213749999999887,-2.971374999999989,-3.6713749999999887,0,0,0,0,2.971374999999989,5.180000000000064,6.080000000000155,0.4917763157894627,15.189999999999827,0.6036866359447122,3.4500000000000455,4.211000000000001,0.932,-1.0,,,14,0,10.0,2023
2023-10-11 14:00:00+00:00|1.0|handoff_align_follow_h14_tp06_sl065,2023-10-11 14:00:00+00:00,STAGE28A,data/reports/stage28a_discovery_factory_batch_runner/stage28a_exact_trades.csv,session_handoff_imbalance_v1,handoff_align_follow_h14_tp06_sl065,-1.596699999999919,-2.646699999999919,-3.3466999999999185,0,0,0,0,2.646699999999919,12.330000000000155,2.790000000000191,0.11111111111116544,12.52000000000021,0.831469648562293,4.839999999999918,2.7625000000000113,0.056,1.0,,,14,2,10.0,2023
2023-10-12 14:00:00+00:00|1.0|handoff_align_follow_h14_tp06_sl065,2023-10-12 14:00:00+00:00,STAGE28A,data/reports/stage28a_discovery_factory_batch_runner/stage28a_exact_trades.csv,session_handoff_imbalance_v1,handoff_align_follow_h14_tp06_sl065,-1.3311750000001212,-2.381175000000121,-3.081175000000121,0,0,0,0,2.381175000000121,18.6400000000001,5.0499999999999545,0.6079207920792008,5.900000000000091,0.5610169491525244,2.1299999999998818,2.547999999999979,0.016,1.0,,,14,3,10.0,2023
2023-10-13 14:00:00+00:00|1.0|handoff_align_follow_h14_tp06_sl065,2023-10-13 14:00:00+00:00,STAGE28A,data/reports/stage28a_discovery_factory_batch_runner/stage28a_exact_trades.csv,session_handoff_imbalance_v1,handoff_align_follow_h14_tp06_sl065,-1.7162999999999102,-2.76629999999991,-3.46629999999991,0,0,0,0,2.76629999999991,17.139999999999873,5.779999999999973,0.6868512110726723,14.670000000000073,0.9522835719154709,3.2799999999999727,2.709000000000003,0.04,1.0,,,14,4,10.0,2023
2023-10-16 14:00:00+00:00|-1.0|handoff_align_follow_h14_tp06_sl065,2023-10-16 14:00:00+00:00,STAGE28A,data/reports/stage28a_discovery_factory_batch_runner/stage28a_exact_trades.csv,session_handoff_imbalance_v1,handoff_align_follow_h14_tp06_sl065,1.0255000000001018,-0.024499999999898,-0.7244999999998978,0,0,0,0,0.024499999999898,9.159999999999854,12.269999999999982,0.35207823960881585,12.190000000000055,0.31501230516816253,3.8900000000001,4.515499999999986,0.744,-1.0,,,14,0,10.0,2023
2023-10-18 14:00:00+00:00|1.0|handoff_align_follow_h14_tp06_sl065,2023-10-18 14:00:00+00:00,STAGE28A,data/reports/stage28a_discovery_factory_batch_runner/stage28a_exact_trades.csv,session_handoff_imbalance_v1,handoff_align_follow_h14_tp06_sl065,0.8755000000000109,-0.174499999999989,-0.8744999999999887,0,0,0,0,0.174499999999989,19.200000000000045,19.519999999999982,0.6444672131147626,11.029999999999973,0.630099728014491,2.7399999999997817,3.9844999999999913,0.592,1.0,,,14,2,10.0,2023
2023-10-20 14:00:00+00:00|1.0|handoff_align_follow_h14_tp06_sl065,2023-10-20 14:00:00+00:00,STAGE28A,data/reports/stage28a_discovery_factory_batch_runner/stage28a_exact_trades.csv,session_handoff_imbalance_v1,handoff_align_follow_h14_tp06_sl065,-1.8144499999999424,-2.8644499999999424,-3.564449999999942,0,0,0,0,2.8644499999999424,32.50999999999999,10.069999999999936,0.5233366434955328,11.190000000000055,0.4387846291331395,2.0800000000001546,5.636500000000012,0.86,1.0,,,14,4,10.0,2023
2023-10-26 14:00:00+00:00|1.0|handoff_align_follow_h14_tp06_sl065,2023-10-26 14:00:00+00:00,STAGE28A,data/reports/stage28a_discovery_factory_batch_runner/stage28a_exact_trades.csv,session_handoff_imbalance_v1,handoff_align_follow_h14_tp06_sl065,-1.6896500000001198,-2.73965000000012,-3.43965000000012,0,0,0,0,2.73965000000012,24.13000000000011,7.869999999999891,0.6569250317661902,9.559999999999945,0.3650627615062792,5.170000000000073,4.849500000000023,0.508,1.0,,,14,3,10.0,2023
2023-10-30 14:00:00+00:00|-1.0|handoff_align_follow_h14_tp06_sl065,2023-10-30 14:00:00+00:00,STAGE28A,data/reports/stage28a_discovery_factory_batch_runner/stage28a_exact_trades.csv,session_handoff_imbalance_v1,handoff_align_follow_h14_tp06_sl065,-1.7260500000000776,-2.7760500000000774,-3.476050000000077,0,0,0,0,2.7760500000000774,9.659999999999854,9.809999999999945,0.11213047910294752,11.6099999999999,0.6089577950043064,3.150000000000091,5.182499999999971,0.584,-1.0,,,14,0,10.0,2023
2023-11-02 14:00:00+00:00|1.0|handoff_align_follow_h14_tp06_sl065,2023-11-02 14:00:00+00:00,STAGE28A,data/reports/stage28a_discovery_factory_batch_runner/stage28a_exact_trades.csv,session_handoff_imbalance_v1,handoff_align_follow_h14_tp06_sl065,-1.4686499999998888,-2.5186499999998886,-3.2186499999998883,0,0,0,0,2.5186499999998886,22.200000000000045,6.960000000000036,0.5574712643678289,5.899999999999864,0.4915254237288018,2.8999999999998636,3.7864999999999895,0.116,1.0,,,14,3,11.0,2023
2023-11-03 14:00:00+00:00|1.0|handoff_align_follow_h14_tp06_sl065,2023-11-03 14:00:00+00:00,STAGE28A,data/reports/stage28a_discovery_factory_batch_runner/stage28a_exact_trades.csv,session_handoff_imbalance_v1,handoff_align_follow_h14_tp06_sl065,0.6093999999999596,-0.4406000000000403,-1.14060000000004,0,0,0,0,0.4406000000000403,12.200000000000045,4.599999999999909,0.09565217391305723,5.789999999999964,0.44559585492227005,1.75,2.5245000000000006,0.004,1.0,,,14,4,11.0,2023
2023-11-07 14:00:00+00:00|-1.0|handoff_align_follow_h14_tp06_sl065,2023-11-07 14:00:00+00:00,STAGE28A,data/reports/stage28a_discovery_factory_batch_runner/stage28a_exact_trades.csv,session_handoff_imbalance_v1,handoff_align_follow_h14_tp06_sl065,-1.578824999999915,-2.628824999999915,-3.328824999999915,0,0,0,0,2.628824999999915,16.519999999999982,7.3599999999999,0.7228260869565538,10.039999999999964,0.5149402390438111,3.5599999999999454,2.7519999999999643,0.016,-1.0,,,14,1,11.0,2023
2023-11-08 14:00:00+00:00|-1.0|handoff_align_follow_h14_tp06_sl065,2023-11-08 14:00:00+00:00,STAGE28A,data/reports/stage28a_discovery_factory_batch_runner/stage28a_exact_trades.csv,session_handoff_imbalance_v1,handoff_align_follow_h14_tp06_sl065,-1.4501249999999346,-2.5001249999999344,-3.200124999999934,0,0,0,0,2.5001249999999344,21.62999999999988,3.6900000000000546,0.3685636856368854,9.5,0.5821052631578919,3.2799999999999727,2.792499999999984,0.02,-1.0,,,14,2,11.0,2023
2023-11-09 14:00:00+00:00|-1.0|handoff_align_follow_h14_tp06_sl065,2023-11-09 14:00:00+00:00,STAGE28A,data/reports/stage28a_discovery_factory_batch_runner/stage28a_exact_trades.csv,session_handoff_imbalance_v1,handoff_align_follow_h14_tp06_sl065,-1.5190249999999197,-2.5690249999999195,-3.2690249999999192,0,0,0,0,2.5690249999999195,23.529999999999973,6.889999999999873,0.18867924528301575,5.990000000000009,0.40066777963273575,3.2000000000000455,3.161000000000013,0.116,-1.0,,,14,3,11.0,2023
2023-11-10 14:00:00+00:00|-1.0|handoff_align_follow_h14_tp06_sl065,2023-11-10 14:00:00+00:00,STAGE28A,data/reports/stage28a_discovery_factory_batch_runner/stage28a_exact_trades.csv,session_handoff_imbalance_v1,handoff_align_follow_h14_tp06_sl065,0.717700000000059,-0.332299999999941,-1.0322999999999407,0,0,0,0,0.332299999999941,21.11999999999989,4.360000000000127,0.300458715596309,6.629999999999882,0.5505279034691035,6.920000000000073,3.24699999999998,0.156,-1.0,,,14,4,11.0,2023
2023-11-15 14:00:00+00:00|1.0|handoff_align_follow_h14_tp06_sl065,2023-11-15 14:00:00+00:00,STAGE28A,data/reports/stage28a_discovery_factory_batch_runner/stage28a_exact_trades.csv,session_handoff_imbalance_v1,handoff_align_follow_h14_tp06_sl065,0.5550999999999476,-0.4949000000000523,-1.194900000000052,0,0,0,0,0.4949000000000523,33.81000000000017,6.400000000000091,0.7859374999999845,8.25,0.6848484848484683,1.6600000000000819,2.295000000000016,0.008,1.0,,,14,2,11.0,2023
2023-11-16 14:00:00+00:00|1.0|handoff_align_follow_h14_tp06_sl065,2023-11-16 14:00:00+00:00,STAGE28A,data/reports/stage28a_discovery_factory_batch_runner/stage28a_exact_trades.csv,session_handoff_imbalance_v1,handoff_align_follow_h14_tp06_sl065,0.4249000000001161,-0.6250999999998839,-1.3250999999998836,0,0,0,0,0.6250999999998839,19.699999999999818,6.079999999999927,0.35526315789475454,6.4500000000000455,0.3968992248061903,1.6900000000000546,2.532999999999993,0.024,1.0,,,14,3,11.0,2023
2023-11-17 14:00:00+00:00|1.0|handoff_align_follow_h14_tp06_sl065,2023-11-17 14:00:00+00:00,STAGE28A,data/reports/stage28a_discovery_factory_batch_runner/stage28a_exact_trades.csv,session_handoff_imbalance_v1,handoff_align_follow_h14_tp06_sl065,-1.7494500000001154,-2.7994500000001152,-3.499450000000115,0,0,0,0,2.7994500000001152,31.529999999999973,6.4099999999998545,0.5351014040561843,10.810000000000173,0.5383903792784314,4.419999999999845,3.0769999999999866,0.176,1.0,,,14,4,11.0,2023
2023-11-22 14:00:00+00:00|1.0|handoff_align_follow_h14_tp06_sl065,2023-11-22 14:00:00+00:00,STAGE28A,data/reports/stage28a_discovery_factory_batch_runner/stage28a_exact_trades.csv,session_handoff_imbalance_v1,handoff_align_follow_h14_tp06_sl065,-1.663000000000102,-2.7130000000001018,-3.413000000000101,0,0,0,0,2.7130000000001018,30.34999999999991,4.8599999999999,0.0041152263374449015,9.639999999999873,0.19502074688795712,2.9299999999998363,3.286500000000001,0.172,1.0,,,14,2,11.0,2023
2023-11-27 14:00:00+00:00|1.0|handoff_align_follow_h14_tp06_sl065,2023-11-27 14:00:00+00:00,STAGE28A,data/reports/stage28a_discovery_factory_batch_runner/stage28a_exact_trades.csv,session_handoff_imbalance_v1,handoff_align_follow_h14_tp06_sl065,-1.382525000000078,-2.4325250000000778,-3.132525000000077,0,0,0,0,2.4325250000000778,3.6499999999998636,17.639999999999873,0.6031746031746132,6.789999999999964,0.22091310751104684,3.230000000000018,3.5519999999999983,0.352,1.0,,,14,0,11.0,2023
2023-12-01 14:00:00+00:00|1.0|handoff_align_follow_h14_tp06_sl065,2023-12-01 14:00:00+00:00,STAGE28A,data/reports/stage28a_discovery_factory_batch_runner/stage28a_exact_trades.csv,session_handoff_imbalance_v1,handoff_align_follow_h14_tp06_sl065,-1.699725000000035,-2.749725000000035,-3.4497250000000346,0,0,0,0,2.749725000000035,16.060000000000173,6.800000000000182,0.0073529411764971415,10.539999999999964,0.34345351043642347,7.680000000000064,3.5034999999999856,0.292,1.0,,,14,4,12.0,2023
2023-12-04 14:00:00+00:00|-1.0|handoff_align_follow_h14_tp06_sl065,2023-12-04 14:00:00+00:00,STAGE28A,data/reports/stage28a_discovery_factory_batch_runner/stage28a_exact_trades.csv,session_handoff_imbalance_v1,handoff_align_follow_h14_tp06_sl065,2.272899999999845,1.222899999999845,0.5228999999998454,1,1,1,0,1.222899999999845,78.03999999999996,78.03999999999996,0.4173500768836517,32.70000000000027,0.5186544342507613,5.879999999999654,17.293499999999995,0.984,-1.0,,,14,0,12.0,2023
2023-12-05 14:00:00+00:00|-1.0|handoff_align_follow_h14_tp06_sl065,2023-12-05 14:00:00+00:00,STAGE28A,data/reports/stage28a_discovery_factory_batch_runner/stage28a_exact_trades.csv,session_handoff_imbalance_v1,handoff_align_follow_h14_tp06_sl065,-2.351674999999977,-3.4016749999999774,-4.101674999999977,0,0,0,1,3.4016749999999774,129.52999999999975,12.779999999999973,0.13145539906103812,16.480000000000018,0.41868932038835455,5.9500000000000455,5.581000000000006,0.832,-1.0,,,14,1,12.0,2023
2023-12-11 14:00:00+00:00|-1.0|handoff_align_follow_h14_tp06_sl065,2023-12-11 14:00:00+00:00,STAGE28A,data/reports/stage28a_discovery_factory_batch_runner/stage28a_exact_trades.csv,session_handoff_imbalance_v1,handoff_align_follow_h14_tp06_sl065,-1.97175000000002,-3.02175000000002,-3.72175000000002,0,0,0,0,3.02175000000002,3.209999999999809,13.190000000000055,0.7907505686125696,9.36999999999989,0.39274279615796226,3.6099999999999,4.141999999999962,0.344,-1.0,,,14,0,12.0,2023
2023-12-12 14:00:00+00:00|1.0|handoff_align_follow_h14_tp06_sl065,2023-12-12 14:00:00+00:00,STAGE28A,data/reports/stage28a_discovery_factory_batch_runner/stage28a_exact_trades.csv,session_handoff_imbalance_v1,handoff_align_follow_h14_tp06_sl065,-1.4780750000000809,-2.5280750000000807,-3.2280750000000804,0,0,0,0,2.5280750000000807,31.789999999999964,7.870000000000118,0.3354510800508047,6.4500000000000455,0.0945736434108718,2.519999999999982,3.6349999999999683,0.096,1.0,,,14,1,12.0,2023
2023-12-15 14:00:00+00:00|1.0|handoff_align_follow_h14_tp06_sl065,2023-12-15 14:00:00+00:00,STAGE28A,data/reports/stage28a_discovery_factory_batch_runner/stage28a_exact_trades.csv,session_handoff_imbalance_v1,handoff_align_follow_h14_tp06_sl065,0.9393999999998868,-0.110600000000113,-0.8106000000001128,0,0,0,0,0.110600000000113,23.610000000000127,7.410000000000082,0.14170040485832258,10.200000000000045,0.5862745098039207,3.4700000000000273,3.5925000000000296,0.084,1.0,,,14,4,12.0,2023
2023-12-20 14:00:00+00:00|-1.0|handoff_align_follow_h14_tp06_sl065,2023-12-20 14:00:00+00:00,STAGE28A,data/reports/stage28a_discovery_factory_batch_runner/stage28a_exact_trades.csv,session_handoff_imbalance_v1,handoff_align_follow_h14_tp06_sl065,-1.4975749999999608,-2.5475749999999606,-3.2475749999999604,0,0,0,0,2.5475749999999606,25.289999999999964,4.960000000000036,0.09072580645162141,7.820000000000164,0.5843989769820768,4.110000000000127,2.80300000000002,0.008,-1.0,,,14,2,12.0,2023
2024-01-02 14:00:00+00:00|1.0|handoff_align_follow_h14_tp06_sl065,2024-01-02 14:00:00+00:00,STAGE28A,data/reports/stage28a_discovery_factory_batch_runner/stage28a_exact_trades.csv,session_handoff_imbalance_v1,handoff_align_follow_h14_tp06_sl065,1.116100000000097,0.0661000000000968,-0.6338999999999029,1,0,0,0,0.0661000000000968,3.199999999999818,8.299999999999727,0.7060240963855807,9.350000000000364,0.6844919786096088,7.910000000000309,3.9940000000000055,0.524,1.0,,,14,1,1.0,2024
2024-01-08 14:00:00+00:00|-1.0|handoff_align_follow_h14_tp06_sl065,2024-01-08 14:00:00+00:00,STAGE28A,data/reports/stage28a_discovery_factory_batch_runner/stage28a_exact_trades.csv,session_handoff_imbalance_v1,handoff_align_follow_h14_tp06_sl065,1.2139000000001032,0.1639000000001034,-0.5360999999998963,1,0,1,0,0.1639000000001034,2.4299999999998363,11.529999999999973,0.7380745880312238,9.460000000000036,0.8879492600422655,11.1400000000001,4.398999999999989,0.632,-1.0,,,14,0,1.0,2024
2024-01-09 14:00:00+00:00|1.0|handoff_align_follow_h14_tp06_sl065,2024-01-09 14:00:00+00:00,STAGE28A,data/reports/stage28a_discovery_factory_batch_runner/stage28a_exact_trades.csv,session_handoff_imbalance_v1,handoff_align_follow_h14_tp06_sl065,-1.8034000000001016,-2.8534000000001014,-3.553400000000101,0,0,0,0,2.8534000000001014,30.019999999999982,7.939999999999827,0.2783375314861281,8.319999999999936,0.3100961538461748,2.009999999999991,3.7279999999999633,0.248,1.0,,,14,1,1.0,2024
2024-01-15 14:00:00+00:00|1.0|handoff_align_follow_h14_tp06_sl065,2024-01-15 14:00:00+00:00,STAGE28A,data/reports/stage28a_discovery_factory_batch_runner/stage28a_exact_trades.csv,session_handoff_imbalance_v1,handoff_align_follow_h14_tp06_sl065,-1.488474999999744,-2.538474999999744,-3.2384749999997435,0,0,0,0,2.538474999999744,2.5499999999999545,12.220000000000027,0.5327332242226026,6.449999999999818,0.2,2.2199999999998,3.480499999999961,0.096,1.0,,,14,0,1.0,2024
2024-01-16 14:00:00+00:00|-1.0|handoff_align_follow_h14_tp06_sl065,2024-01-16 14:00:00+00:00,STAGE28A,data/reports/stage28a_discovery_factory_batch_runner/stage28a_exact_trades.csv,session_handoff_imbalance_v1,handoff_align_follow_h14_tp06_sl065,-1.9194249999999105,-2.96942499999991,-3.66942499999991,0,0,0,0,2.96942499999991,12.740000000000009,7.170000000000073,0.656903765690375,12.409999999999854,0.6970185334407891,2.8900000000001,2.9940000000000624,0.072,-1.0,,,14,1,1.0,2024
2024-01-17 14:00:00+00:00|-1.0|handoff_align_follow_h14_tp06_sl065,2024-01-17 14:00:00+00:00,STAGE28A,data/reports/stage28a_discovery_factory_batch_runner/stage28a_exact_trades.csv,session_handoff_imbalance_v1,handoff_align_follow_h14_tp06_sl065,1.1251000000001112,0.0751000000001114,-0.6248999999998883,1,0,0,0,0.0751000000001114,31.430000000000064,9.559999999999945,0.28765690376569203,10.870000000000118,0.06439742410301845,3.009999999999991,4.730499999999995,0.588,-1.0,,,14,2,1.0,2024
2024-01-22 14:00:00+00:00|-1.0|handoff_align_follow_h14_tp06_sl065,2024-01-22 14:00:00+00:00,STAGE28A,data/reports/stage28a_discovery_factory_batch_runner/stage28a_exact_trades.csv,session_handoff_imbalance_v1,handoff_align_follow_h14_tp06_sl065,-1.7478250000000115,-2.797825000000012,-3.4978250000000117,0,0,0,0,2.797825000000012,2.8199999999999363,7.399999999999864,0.2851351351351269,7.079999999999927,0.3644067796610425,4.3599999999999,3.378499999999974,0.176,-1.0,,,14,0,1.0,2024
2024-01-23 14:00:00+00:00|1.0|handoff_align_follow_h14_tp06_sl065,2024-01-23 14:00:00+00:00,STAGE28A,data/reports/stage28a_discovery_factory_batch_runner/stage28a_exact_trades.csv,session_handoff_imbalance_v1,handoff_align_follow_h14_tp06_sl065,-1.8592999999999396,-2.909299999999939,-3.609299999999939,0,0,0,0,2.909299999999939,15.519999999999982,8.38000000000011,0.8210023866348201,13.160000000000082,0.19452887537995114,3.7799999999999727,3.54549999999997,0.24,1.0,,,14,1,1.0,2024
2024-01-29 14:00:00+00:00|1.0|handoff_align_follow_h14_tp06_sl065,2024-01-29 14:00:00+00:00,STAGE28A,data/reports/stage28a_discovery_factory_batch_runner/stage28a_exact_trades.csv,session_handoff_imbalance_v1,handoff_align_follow_h14_tp06_sl065,-1.4166499999999815,-2.4666499999999814,-3.166649999999981,0,0,0,0,2.4666499999999814,7.220000000000027,9.13000000000011,0.4928806133625352,9.209999999999809,0.1400651465798035,2.7999999999999545,3.343999999999994,0.224,1.0,,,14,0,1.0,2024
2024-01-30 14:00:00+00:00|1.0|handoff_align_follow_h14_tp06_sl065,2024-01-30 14:00:00+00:00,STAGE28A,data/reports/stage28a_discovery_factory_batch_runner/stage28a_exact_trades.csv,session_handoff_imbalance_v1,handoff_align_follow_h14_tp06_sl065,0.6598000000000411,-0.3901999999999588,-1.0901999999999583,0,0,0,0,0.3901999999999588,18.460000000000036,4.819999999999936,0.13278008298757438,8.829999999999927,0.43488108720271235,4.660000000000082,3.5135000000000334,0.256,1.0,,,14,1,1.0,2024
2024-02-05 14:00:00+00:00|-1.0|handoff_align_follow_h14_tp06_sl065,2024-02-05 14:00:00+00:00,STAGE28A,data/reports/stage28a_discovery_factory_batch_runner/stage28a_exact_trades.csv,session_handoff_imbalance_v1,handoff_align_follow_h14_tp06_sl065,-1.5229250000000776,-2.5729250000000774,-3.272925000000077,0,0,0,0,2.5729250000000774,3.3900000000001,11.839999999999918,0.6173986486486484,11.329999999999927,0.6548984995586843,4.279999999999973,3.9409999999999967,0.396,-1.0,,,14,0,2.0,2024
2024-02-07 14:00:00+00:00|-1.0|handoff_align_follow_h14_tp06_sl065,2024-02-07 14:00:00+00:00,STAGE28A,data/reports/stage28a_discovery_factory_batch_runner/stage28a_exact_trades.csv,session_handoff_imbalance_v1,handoff_align_follow_h14_tp06_sl065,-1.180699999999979,-2.230699999999979,-2.9306999999999785,0,0,0,0,2.230699999999979,16.189999999999827,2.230000000000018,0.004484304932731311,4.889999999999873,0.40286298568508766,2.980000000000018,2.402499999999975,0.004,-1.0,,,14,2,2.0,2024
2024-02-09 14:00:00+00:00|-1.0|handoff_align_follow_h14_tp06_sl065,2024-02-09 14:00:00+00:00,STAGE28A,data/reports/stage28a_discovery_factory_batch_runner/stage28a_exact_trades.csv,session_handoff_imbalance_v1,handoff_align_follow_h14_tp06_sl065,0.4243000000000393,-0.6256999999999606,-1.3256999999999604,0,0,0,0,0.6256999999999606,18.6400000000001,3.1599999999998545,0.49367088607595483,4.460000000000036,0.022421524663656555,2.019999999999982,2.2719999999999687,0.004,-1.0,,,14,4,2.0,2024
2024-02-12 14:00:00+00:00|-1.0|handoff_align_follow_h14_tp06_sl065,2024-02-12 14:00:00+00:00,STAGE28A,data/reports/stage28a_discovery_factory_batch_runner/stage28a_exact_trades.csv,session_handoff_imbalance_v1,handoff_align_follow_h14_tp06_sl065,0.4405000000000655,-0.6094999999999344,-1.3094999999999342,0,0,0,0,0.6094999999999344,2.4199999999998454,4.959999999999809,0.46774193548387616,7.339999999999918,0.30245231607630135,2.3299999999999272,2.227999999999997,0.004,-1.0,,,14,0,2.0,2024
2024-02-13 14:00:00+00:00|1.0|handoff_align_follow_h14_tp06_sl065,2024-02-13 14:00:00+00:00,STAGE28A,data/reports/stage28a_discovery_factory_batch_runner/stage28a_exact_trades.csv,session_handoff_imbalance_v1,handoff_align_follow_h14_tp06_sl065,-1.0906750000000105,-2.14067500000001,-2.84067500000001,0,0,0,0,2.14067500000001,15.639999999999873,4.4099999999998545,0.04081632653062803,9.190000000000055,0.8476605005440606,3.1299999999998818,2.2944999999999824,0.024,1.0,,,14,1,2.0,2024
2024-02-16 14:00:00+00:00|1.0|handoff_align_follow_h14_tp06_sl065,2024-02-16 14:00:00+00:00,STAGE28A,data/reports/stage28a_discovery_factory_batch_runner/stage28a_exact_trades.csv,session_handoff_imbalance_v1,handoff_align_follow_h14_tp06_sl065,0.3324999999998909,-0.717500000000109,-1.4175000000001088,0,0,0,0,0.717500000000109,18.230000000000018,3.2799999999999727,0.06097560975611193,4.819999999999936,0.7406639004149344,1.5,2.0385000000000106,0.004,1.0,,,14,4,2.0,2024
2024-02-19 14:00:00+00:00|1.0|handoff_align_follow_h14_tp06_sl065,2024-02-19 14:00:00+00:00,STAGE28A,data/reports/stage28a_discovery_factory_batch_runner/stage28a_exact_trades.csv,session_handoff_imbalance_v1,handoff_align_follow_h14_tp06_sl065,-1.0932750000000395,-2.14327500000004,-2.8432750000000397,0,0,0,0,2.14327500000004,3.8799999999998818,10.86999999999989,0.48850045998160063,4.650000000000091,0.027956989247285853,1.3599999999999,3.3124999999999885,0.524,1.0,,,14,0,2.0,2024
2024-02-20 14:00:00+00:00|1.0|handoff_align_follow_h14_tp06_sl065,2024-02-20 14:00:00+00:00,STAGE28A,data/reports/stage28a_discovery_factory_batch_runner/stage28a_exact_trades.csv,session_handoff_imbalance_v1,handoff_align_follow_h14_tp06_sl065,-1.3396249999999328,-2.3896249999999326,-3.0896249999999323,0,0,0,0,2.3896249999999326,10.980000000000018,4.650000000000091,0.7053763440860508,9.879999999999882,0.6730769230769174,2.009999999999991,2.2465000000000144,0.076,1.0,,,14,1,2.0,2024
2024-02-22 14:00:00+00:00|1.0|handoff_align_follow_h14_tp06_sl065,2024-02-22 14:00:00+00:00,STAGE28A,data/reports/stage28a_discovery_factory_batch_runner/stage28a_exact_trades.csv,session_handoff_imbalance_v1,handoff_align_follow_h14_tp06_sl065,-1.424125000000095,-2.4741250000000945,-3.1741250000000942,0,0,0,0,2.4741250000000945,12.1400000000001,3.849999999999909,0.7974025974025997,6.670000000000073,0.1004497751124536,2.519999999999982,2.744000000000028,0.284,1.0,,,14,3,2.0,2024
2024-02-27 14:00:00+00:00|1.0|handoff_align_follow_h14_tp06_sl065,2024-02-27 14:00:00+00:00,STAGE28A,data/reports/stage28a_discovery_factory_batch_runner/stage28a_exact_trades.csv,session_handoff_imbalance_v1,handoff_align_follow_h14_tp06_sl065,-1.2684499999998935,-2.3184499999998933,-3.018449999999893,0,0,0,0,2.3184499999998933,12.009999999999991,4.0499999999999545,0.6246913580246917,6.789999999999964,0.42120765832108137,3.1400000000001,2.179500000000007,0.052,1.0,,,14,1,2.0,2024
2024-03-01 14:00:00+00:00|1.0|handoff_align_follow_h14_tp06_sl065,2024-03-01 14:00:00+00:00,STAGE28A,data/reports/stage28a_discovery_factory_batch_runner/stage28a_exact_trades.csv,session_handoff_imbalance_v1,handoff_align_follow_h14_tp06_sl065,1.1040999999999257,0.0540999999999258,-0.6459000000000739,1,0,0,0,0.0540999999999258,22.72999999999979,3.9600000000000364,0.31565656565656275,16.0300000000002,0.5832813474734743,3.5899999999996908,3.085000000000002,0.656,1.0,,,14,4,3.0,2024
2024-03-05 14:00:00+00:00|1.0|handoff_align_follow_h14_tp06_sl065,2024-03-05 14:00:00+00:00,STAGE28A,data/reports/stage28a_discovery_factory_batch_runner/stage28a_exact_trades.csv,session_handoff_imbalance_v1,handoff_align_follow_h14_tp06_sl065,1.1707000000000334,0.1207000000000335,-0.5792999999999662,1,0,0,0,0.1207000000000335,40.370000000000346,6.349999999999909,0.22204724409446847,13.2800000000002,0.5813253012047954,4.549999999999727,4.421500000000014,0.844,1.0,,,14,1,3.0,2024
2024-03-12 14:00:00+00:00|-1.0|handoff_align_follow_h14_tp06_sl065,2024-03-12 14:00:00+00:00,STAGE28A,data/reports/stage28a_discovery_factory_batch_runner/stage28a_exact_trades.csv,session_handoff_imbalance_v1,handoff_align_follow_h14_tp06_sl065,-1.4852249999999914,-2.535224999999991,-3.235224999999991,0,0,0,0,2.535224999999991,14.239999999999782,7.929999999999836,0.5056746532156748,5.539999999999964,0.30685920577622455,5.980000000000018,3.52549999999992,0.352,-1.0,,,14,1,3.0,2024
2024-03-14 14:00:00+00:00|-1.0|handoff_align_follow_h14_tp06_sl065,2024-03-14 14:00:00+00:00,STAGE28A,data/reports/stage28a_discovery_factory_batch_runner/stage28a_exact_trades.csv,session_handoff_imbalance_v1,handoff_align_follow_h14_tp06_sl065,-1.3555499999998577,-2.4055499999998573,-3.105549999999857,0,0,0,0,2.4055499999998573,24.059999999999945,5.920000000000073,0.44087837837839444,4.599999999999909,0.2434782608695463,3.6200000000003456,2.9130000000000336,0.044,-1.0,,,14,3,3.0,2024
2024-03-15 14:00:00+00:00|1.0|handoff_align_follow_h14_tp06_sl065,2024-03-15 14:00:00+00:00,STAGE28A,data/reports/stage28a_discovery_factory_batch_runner/stage28a_exact_trades.csv,session_handoff_imbalance_v1,handoff_align_follow_h14_tp06_sl065,1.0051000000002204,-0.0448999999997794,-0.7448999999997792,0,0,0,0,0.0448999999997794,24.159999999999854,5.289999999999964,0.43100189035920905,9.289999999999964,0.511302475780411,3.1100000000001273,3.0914999999999964,0.032,1.0,,,14,4,3.0,2024
2024-03-20 14:00:00+00:00|-1.0|handoff_align_follow_h14_tp06_sl065,2024-03-20 14:00:00+00:00,STAGE28A,data/reports/stage28a_discovery_factory_batch_runner/stage28a_exact_trades.csv,session_handoff_imbalance_v1,handoff_align_follow_h14_tp06_sl065,-1.4393999999998417,-2.4893999999998413,-3.189399999999841,0,0,0,0,2.4893999999998413,15.599999999999909,5.110000000000127,0.031311154598796576,7.079999999999927,0.3587570621468912,2.75,2.41099999999999,0.004,-1.0,,,14,2,3.0,2024
2024-03-22 14:00:00+00:00|-1.0|handoff_align_follow_h14_tp06_sl065,2024-03-22 14:00:00+00:00,STAGE28A,data/reports/stage28a_discovery_factory_batch_runner/stage28a_exact_trades.csv,session_handoff_imbalance_v1,handoff_align_follow_h14_tp06_sl065,1.2849999999997634,0.2349999999997636,-0.4650000000002361,1,0,1,0,0.2349999999997636,56.07999999999993,14.199999999999818,0.53169014084509,13.659999999999854,0.46998535871157693,2.900000000000091,4.3174999999999955,0.508,-1.0,,,14,4,3.0,2024
2024-03-26 14:00:00+00:00|1.0|handoff_align_follow_h14_tp06_sl065,2024-03-26 14:00:00+00:00,STAGE28A,data/reports/stage28a_discovery_factory_batch_runner/stage28a_exact_trades.csv,session_handoff_imbalance_v1,handoff_align_follow_h14_tp06_sl065,-2.462500000000182,-3.512500000000182,-4.2125000000001815,0,0,0,1,3.512500000000182,17.779999999999745,6.839999999999691,0.09941520467834314,30.460000000000036,0.8365068942875898,4.039999999999964,4.132499999999936,0.504,1.0,,,14,1,3.0,2024
2024-03-27 14:00:00+00:00|1.0|handoff_align_follow_h14_tp06_sl065,2024-03-27 14:00:00+00:00,STAGE28A,data/reports/stage28a_discovery_factory_batch_runner/stage28a_exact_trades.csv,session_handoff_imbalance_v1,handoff_align_follow_h14_tp06_sl065,1.839400000000205,0.7894000000002053,0.0894000000002055,1,1,1,0,0.7894000000002053,32.460000000000036,8.480000000000018,0.12264150943395771,18.800000000000182,0.8202127659574427,10.25,4.687000000000012,0.604,1.0,,,14,2,3.0,2024
2024-03-28 14:00:00+00:00|1.0|handoff_align_follow_h14_tp06_sl065,2024-03-28 14:00:00+00:00,STAGE28A,data/reports/stage28a_discovery_factory_batch_runner/stage28a_exact_trades.csv,session_handoff_imbalance_v1,handoff_align_follow_h14_tp06_sl065,-2.558050000000185,-3.6080500000001847,-4.3080500000001845,0,0,0,1,3.6080500000001847,24.330000000000382,9.559999999999945,0.5041841004184301,22.920000000000073,0.7273123909249374,6.110000000000127,4.665000000000009,0.544,1.0,,,14,3,3.0,2024
2024-04-04 14:00:00+00:00|-1.0|handoff_align_follow_h14_tp06_sl065,2024-04-04 14:00:00+00:00,STAGE28A,data/reports/stage28a_discovery_factory_batch_runner/stage28a_exact_trades.csv,session_handoff_imbalance_v1,handoff_align_follow_h14_tp06_sl065,0.9981999999999062,-0.0518000000000937,-0.7518000000000935,0,0,0,0,0.0518000000000937,36.26999999999998,8.36999999999989,0.30943847072881475,9.809999999999945,0.5983690112130865,2.5099999999997635,5.031999999999925,0.256,-1.0,,,14,3,4.0,2024
2024-04-09 14:00:00+00:00|1.0|handoff_align_follow_h14_tp06_sl065,2024-04-09 14:00:00+00:00,STAGE28A,data/reports/stage28a_discovery_factory_batch_runner/stage28a_exact_trades.csv,session_handoff_imbalance_v1,handoff_align_follow_h14_tp06_sl065,-2.791400000000158,-3.841400000000158,-4.5414000000001575,0,0,0,1,3.841400000000158,51.0300000000002,11.669999999999618,0.43958868894603914,22.269999999999982,0.8630444544230027,8.300000000000182,5.572500000000036,0.304,1.0,,,14,1,4.0,2024
2024-04-12 14:00:00+00:00|1.0|handoff_align_follow_h14_tp06_sl065,2024-04-12 14:00:00+00:00,STAGE28A,data/reports/stage28a_discovery_factory_batch_runner/stage28a_exact_trades.csv,session_handoff_imbalance_v1,handoff_align_follow_h14_tp06_sl065,1.8252999999998791,0.7752999999998793,0.0752999999998795,1,1,1,0,0.7752999999998793,52.0300000000002,23.449999999999818,0.4366737739872009,17.809999999999945,0.7810218978102388,4.480000000000018,7.3875,0.46,1.0,,,14,4,4.0,2024
2024-04-18 14:00:00+00:00|1.0|handoff_align_follow_h14_tp06_sl065,2024-04-18 14:00:00+00:00,STAGE28A,data/reports/stage28a_discovery_factory_batch_runner/stage28a_exact_trades.csv,session_handoff_imbalance_v1,handoff_align_follow_h14_tp06_sl065,1.146099999999842,0.0960999999998422,-0.6039000000001575,1,0,0,0,0.0960999999998422,41.0,12.240000000000236,0.7802287581699344,7.890000000000327,0.6387832699619461,6.820000000000164,7.099500000000035,0.232,1.0,,,14,3,4.0,2024
2024-04-22 14:00:00+00:00|-1.0|handoff_align_follow_h14_tp06_sl065,2024-04-22 14:00:00+00:00,STAGE28A,data/reports/stage28a_discovery_factory_batch_runner/stage28a_exact_trades.csv,session_handoff_imbalance_v1,handoff_align_follow_h14_tp06_sl065,-2.6987749999999324,-3.748774999999932,-4.448774999999932,0,0,0,1,3.748774999999932,6.799999999999727,26.84999999999991,0.5314711359404108,21.490000000000236,0.3922754769660399,5.2800000000002,7.22999999999995,0.212,-1.0,,,14,0,4.0,2024
2024-04-26 14:00:00+00:00|1.0|handoff_align_follow_h14_tp06_sl065,2024-04-26 14:00:00+00:00,STAGE28A,data/reports/stage28a_discovery_factory_batch_runner/stage28a_exact_trades.csv,session_handoff_imbalance_v1,handoff_align_follow_h14_tp06_sl065,-2.4501500000002125,-3.5001500000002124,-4.200150000000212,0,0,0,1,3.5001500000002124,39.539999999999964,10.019999999999982,0.2195608782434952,19.110000000000127,0.7791732077446483,4.550000000000182,5.064500000000112,0.004,1.0,,,14,4,4.0,2024
2024-04-30 14:00:00+00:00|-1.0|handoff_align_follow_h14_tp06_sl065,2024-04-30 14:00:00+00:00,STAGE28A,data/reports/stage28a_discovery_factory_batch_runner/stage28a_exact_trades.csv,session_handoff_imbalance_v1,handoff_align_follow_h14_tp06_sl065,1.3839999999999235,0.3339999999999237,-0.366000000000076,1,0,1,0,0.3339999999999237,26.919999999999618,9.320000000000164,0.6115879828326366,18.879999999999654,0.7733050847457721,3.7800000000002,5.0775000000000095,0.016,-1.0,,,14,1,4.0,2024
2024-05-02 14:00:00+00:00|-1.0|handoff_align_follow_h14_tp06_sl065,2024-05-02 14:00:00+00:00,STAGE28A,data/reports/stage28a_discovery_factory_batch_runner/stage28a_exact_trades.csv,session_handoff_imbalance_v1,handoff_align_follow_h14_tp06_sl065,1.738600000000042,0.6886000000000423,-0.0113999999999574,1,0,1,0,0.6886000000000423,46.82999999999993,9.070000000000164,0.1422271223814708,22.340000000000146,0.8012533572068028,6.619999999999891,7.9275000000000775,0.664,-1.0,,,14,3,5.0,2024
2024-05-03 14:00:00+00:00|-1.0|handoff_align_follow_h14_tp06_sl065,2024-05-03 14:00:00+00:00,STAGE28A,data/reports/stage28a_discovery_factory_batch_runner/stage28a_exact_trades.csv,session_handoff_imbalance_v1,handoff_align_follow_h14_tp06_sl065,-1.964274999999907,-3.014274999999907,-3.7142749999999065,0,0,0,0,3.014274999999907,41.09999999999991,6.440000000000055,0.2096273291925307,10.970000000000255,0.08477666362810113,3.730000000000018,4.5625,0.004,-1.0,,,14,4,5.0,2024
2024-05-06 14:00:00+00:00|1.0|handoff_align_follow_h14_tp06_sl065,2024-05-06 14:00:00+00:00,STAGE28A,data/reports/stage28a_discovery_factory_batch_runner/stage28a_exact_trades.csv,session_handoff_imbalance_v1,handoff_align_follow_h14_tp06_sl065,-2.1547249999999623,-3.204724999999962,-3.904724999999962,0,0,0,1,3.204724999999962,5.210000000000036,23.519999999999982,0.32312925170067663,16.170000000000073,0.741496598639439,3.3200000000001637,6.361499999999978,0.292,1.0,,,14,0,5.0,2024
2024-05-07 14:00:00+00:00|-1.0|handoff_align_follow_h14_tp06_sl065,2024-05-07 14:00:00+00:00,STAGE28A,data/reports/stage28a_discovery_factory_batch_runner/stage28a_exact_trades.csv,session_handoff_imbalance_v1,handoff_align_follow_h14_tp06_sl065,-2.113449999999921,-3.1634499999999206,-3.86344999999992,0,0,0,1,3.1634499999999206,40.370000000000346,10.279999999999745,0.17217898832685075,13.360000000000127,0.8345808383233181,3.730000000000018,4.765999999999963,0.012,-1.0,,,14,1,5.0,2024
2024-05-10 14:00:00+00:00|1.0|handoff_align_follow_h14_tp06_sl065,2024-05-10 14:00:00+00:00,STAGE28A,data/reports/stage28a_discovery_factory_batch_runner/stage28a_exact_trades.csv,session_handoff_imbalance_v1,handoff_align_follow_h14_tp06_sl065,1.5601000000000569,0.5101000000000568,-0.1898999999999429,1,0,1,0,0.5101000000000568,40.63999999999987,10.659999999999854,0.6716697936210086,24.079999999999927,0.7936046511627984,6.829999999999927,5.503999999999996,0.284,1.0,,,14,4,5.0,2024
2024-05-13 14:00:00+00:00|-1.0|handoff_align_follow_h14_tp06_sl065,2024-05-13 14:00:00+00:00,STAGE28A,data/reports/stage28a_discovery_factory_batch_runner/stage28a_exact_trades.csv,session_handoff_imbalance_v1,handoff_align_follow_h14_tp06_sl065,-2.241175000000203,-3.291175000000203,-3.991175000000202,0,0,0,1,3.291175000000203,3.4299999999998363,9.710000000000036,0.4582904222451345,18.139999999999873,0.9404630650496177,4.789999999999964,4.755500000000052,0.084,-1.0,,,14,0,5.0,2024
2024-05-14 14:00:00+00:00|1.0|handoff_align_follow_h14_tp06_sl065,2024-05-14 14:00:00+00:00,STAGE28A,data/reports/stage28a_discovery_factory_batch_runner/stage28a_exact_trades.csv,session_handoff_imbalance_v1,handoff_align_follow_h14_tp06_sl065,-2.004575000000022,-3.0545750000000225,-3.754575000000022,0,0,0,0,3.0545750000000225,32.95000000000027,9.570000000000164,0.5862068965517274,12.2800000000002,0.2394136807817595,4.829999999999927,4.21099999999999,0.016,1.0,,,14,1,5.0,2024
2024-05-15 14:00:00+00:00|1.0|handoff_align_follow_h14_tp06_sl065,2024-05-15 14:00:00+00:00,STAGE28A,data/reports/stage28a_discovery_factory_batch_runner/stage28a_exact_trades.csv,session_handoff_imbalance_v1,handoff_align_follow_h14_tp06_sl065,1.1800000000002,0.1300000000002001,-0.5699999999997996,1,0,0,0,0.1300000000002001,24.920000000000073,6.110000000000127,0.46808510638298984,18.5300000000002,0.47706422018348893,5.610000000000127,4.405000000000041,0.044,1.0,,,14,2,5.0,2024
2024-05-16 14:00:00+00:00|-1.0|handoff_align_follow_h14_tp06_sl065,2024-05-16 14:00:00+00:00,STAGE28A,data/reports/stage28a_discovery_factory_batch_runner/stage28a_exact_trades.csv,session_handoff_imbalance_v1,handoff_align_follow_h14_tp06_sl065,1.134399999999823,0.0843999999998232,-0.6156000000001765,1,0,0,0,0.0843999999998232,38.40000000000009,13.050000000000182,0.029885057471289042,10.909999999999854,0.31072410632446545,4.739999999999782,5.438000000000011,0.388,-1.0,,,14,3,5.0,2024
2024-05-20 14:00:00+00:00|1.0|handoff_align_follow_h14_tp06_sl065,2024-05-20 14:00:00+00:00,STAGE28A,data/reports/stage28a_discovery_factory_batch_runner/stage28a_exact_trades.csv,session_handoff_imbalance_v1,handoff_align_follow_h14_tp06_sl065,-3.568800000000101,-4.6188000000001015,-5.318800000000101,0,0,0,1,4.6188000000001015,8.409999999999854,24.050000000000182,0.8261954261954154,18.210000000000036,0.220757825370674,8.420000000000073,8.390999999999917,0.956,1.0,,,14,0,5.0,2024
2024-05-23 14:00:00+00:00|-1.0|handoff_align_follow_h14_tp06_sl065,2024-05-23 14:00:00+00:00,STAGE28A,data/reports/stage28a_discovery_factory_batch_runner/stage28a_exact_trades.csv,session_handoff_imbalance_v1,handoff_align_follow_h14_tp06_sl065,1.633900000000176,0.5839000000001762,-0.1160999999998235,1,0,1,0,0.5839000000001762,51.76999999999998,16.980000000000018,0.47820965842166563,19.029999999999745,0.44245927482922676,4.059999999999945,6.963000000000034,0.652,-1.0,,,14,3,5.0,2024
2024-05-28 14:00:00+00:00|-1.0|handoff_align_follow_h14_tp06_sl065,2024-05-28 14:00:00+00:00,STAGE28A,data/reports/stage28a_discovery_factory_batch_runner/stage28a_exact_trades.csv,session_handoff_imbalance_v1,handoff_align_follow_h14_tp06_sl065,-1.885624999999982,-2.9356249999999817,-3.6356249999999815,0,0,0,0,2.9356249999999817,26.420000000000073,7.220000000000255,0.17313019390581108,13.699999999999818,0.5335766423357695,3.0400000000004184,3.7600000000000136,0.004,-1.0,,,14,1,5.0,2024
2024-05-29 14:00:00+00:00|-1.0|handoff_align_follow_h14_tp06_sl065,2024-05-29 14:00:00+00:00,STAGE28A,data/reports/stage28a_discovery_factory_batch_runner/stage28a_exact_trades.csv,session_handoff_imbalance_v1,handoff_align_follow_h14_tp06_sl065,-2.246049999999832,-3.296049999999832,-3.996049999999832,0,0,0,1,3.296049999999832,24.059999999999945,7.930000000000291,0.12862547288776097,20.700000000000273,0.6120772946859638,4.119999999999891,4.931000000000063,0.2,-1.0,,,14,2,5.0,2024
2024-05-31 14:00:00+00:00|-1.0|handoff_align_follow_h14_tp06_sl065,2024-05-31 14:00:00+00:00,STAGE28A,data/reports/stage28a_discovery_factory_batch_runner/stage28a_exact_trades.csv,session_handoff_imbalance_v1,handoff_align_follow_h14_tp06_sl065,0.8335000000000946,-0.2164999999999053,-0.9164999999999052,0,0,0,0,0.2164999999999053,29.38000000000011,10.739999999999782,0.036312849162000053,7.370000000000346,0.21709633649929905,2.9600000000000364,4.252500000000078,0.06,-1.0,,,14,4,5.0,2024
2024-06-04 14:00:00+00:00|-1.0|handoff_align_follow_h14_tp06_sl065,2024-06-04 14:00:00+00:00,STAGE28A,data/reports/stage28a_discovery_factory_batch_runner/stage28a_exact_trades.csv,session_handoff_imbalance_v1,handoff_align_follow_h14_tp06_sl065,1.574199999999928,0.5241999999999281,-0.1758000000000716,1,0,1,0,0.5241999999999281,40.159999999999854,9.600000000000364,0.5281249999999971,25.079999999999927,0.6399521531100569,5.960000000000036,5.1059999999999715,0.176,-1.0,,,14,1,6.0,2024
2024-06-10 14:00:00+00:00|-1.0|handoff_align_follow_h14_tp06_sl065,2024-06-10 14:00:00+00:00,STAGE28A,data/reports/stage28a_discovery_factory_batch_runner/stage28a_exact_trades.csv,session_handoff_imbalance_v1,handoff_align_follow_h14_tp06_sl065,1.4778999999997722,0.4278999999997723,-0.2721000000002274,1,0,1,0,0.4278999999997723,8.61999999999989,11.609999999999673,0.18518518518519825,9.740000000000236,0.0020533880903471587,3.4899999999997817,6.4375,0.756,-1.0,,,14,0,6.0,2024
2024-06-12 14:00:00+00:00|-1.0|handoff_align_follow_h14_tp06_sl065,2024-06-12 14:00:00+00:00,STAGE28A,data/reports/stage28a_discovery_factory_batch_runner/stage28a_exact_trades.csv,session_handoff_imbalance_v1,handoff_align_follow_h14_tp06_sl065,-1.6961499999998524,-2.746149999999852,-3.446149999999852,0,0,0,0,2.746149999999852,22.36999999999989,6.8400000000001455,0.42690058479532317,6.910000000000309,0.00289435600578595,2.6200000000003456,3.7629999999999884,0.004,-1.0,,,14,2,6.0,2024
2024-06-14 14:00:00+00:00|1.0|handoff_align_follow_h14_tp06_sl065,2024-06-14 14:00:00+00:00,STAGE28A,data/reports/stage28a_discovery_factory_batch_runner/stage28a_exact_trades.csv,session_handoff_imbalance_v1,handoff_align_follow_h14_tp06_sl065,1.6408000000000356,0.5908000000000357,-0.1091999999999639,1,0,1,0,0.5908000000000357,31.159999999999854,7.050000000000182,0.35886524822690496,19.139999999999873,0.8949843260188204,11.700000000000273,5.167500000000041,0.232,1.0,,,14,4,6.0,2024
2024-06-17 14:00:00+00:00|-1.0|handoff_align_follow_h14_tp06_sl065,2024-06-17 14:00:00+00:00,STAGE28A,data/reports/stage28a_discovery_factory_batch_runner/stage28a_exact_trades.csv,session_handoff_imbalance_v1,handoff_align_follow_h14_tp06_sl065,-1.8924499999999167,-2.942449999999917,-3.6424499999999167,0,0,0,0,2.942449999999917,5.4099999999998545,11.420000000000073,0.39229422066549824,10.769999999999982,0.4001857010213512,2.9699999999998,4.23799999999992,0.028,-1.0,,,14,0,6.0,2024
2024-06-19 14:00:00+00:00|1.0|handoff_align_follow_h14_tp06_sl065,2024-06-19 14:00:00+00:00,STAGE28A,data/reports/stage28a_discovery_factory_batch_runner/stage28a_exact_trades.csv,session_handoff_imbalance_v1,handoff_align_follow_h14_tp06_sl065,0.757300000000123,-0.2926999999998769,-0.9926999999998768,0,0,0,0,0.2926999999998769,26.699999999999818,5.2199999999998,0.003831417624517735,8.190000000000055,0.020757020757029503,2.4699999999998,3.3754999999999655,0.004,1.0,,,14,2,6.0,2024
2024-06-21 14:00:00+00:00|1.0|handoff_align_follow_h14_tp06_sl065,2024-06-21 14:00:00+00:00,STAGE28A,data/reports/stage28a_discovery_factory_batch_runner/stage28a_exact_trades.csv,session_handoff_imbalance_v1,handoff_align_follow_h14_tp06_sl065,-2.052999999999974,-3.1029999999999744,-3.802999999999974,0,0,0,1,3.1029999999999744,37.65000000000009,7.75,0.3496774193548434,13.009999999999764,0.13374327440432499,2.8099999999999454,4.372000000000026,0.168,1.0,,,14,4,6.0,2024
2024-06-24 14:00:00+00:00|1.0|handoff_align_follow_h14_tp06_sl065,2024-06-24 14:00:00+00:00,STAGE28A,data/reports/stage28a_discovery_factory_batch_runner/stage28a_exact_trades.csv,session_handoff_imbalance_v1,handoff_align_follow_h14_tp06_sl065,1.3717000000000552,0.3217000000000554,-0.3782999999999443,1,0,1,0,0.3217000000000554,4.9099999999998545,8.980000000000018,0.4376391982182437,11.960000000000036,0.033444816053519205,2.6399999999998727,4.877500000000009,0.364,1.0,,,14,0,6.0,2024
2024-06-26 14:00:00+00:00|-1.0|handoff_align_follow_h14_tp06_sl065,2024-06-26 14:00:00+00:00,STAGE28A,data/reports/stage28a_discovery_factory_batch_runner/stage28a_exact_trades.csv,session_handoff_imbalance_v1,handoff_align_follow_h14_tp06_sl065,1.4122000000001207,0.3622000000001208,-0.3377999999998788,1,0,1,0,0.3622000000001208,21.789999999999964,13.350000000000364,0.2636704119850102,8.690000000000055,0.11047180667434181,8.75,5.3550000000000635,0.532,-1.0,,,14,2,6.0,2024
2024-06-27 14:00:00+00:00|1.0|handoff_align_follow_h14_tp06_sl065,2024-06-27 14:00:00+00:00,STAGE28A,data/reports/stage28a_discovery_factory_batch_runner/stage28a_exact_trades.csv,session_handoff_imbalance_v1,handoff_align_follow_h14_tp06_sl065,1.1608000000000174,0.1108000000000175,-0.5891999999999822,1,0,0,0,0.1108000000000175,30.350000000000364,3.3899999999998727,0.22123893805310565,17.429999999999836,0.7917383820998457,3.230000000000018,3.4514999999999416,0.06,1.0,,,14,3,6.0,2024
2024-07-01 14:00:00+00:00|1.0|handoff_align_follow_h14_tp06_sl065,2024-07-01 14:00:00+00:00,STAGE28A,data/reports/stage28a_discovery_factory_batch_runner/stage28a_exact_trades.csv,session_handoff_imbalance_v1,handoff_align_follow_h14_tp06_sl065,-2.015625000000091,-3.065625000000091,-3.7656250000000906,0,0,0,1,3.065625000000091,4.139999999999873,6.389999999999873,0.03442879499214465,10.980000000000018,0.24590163934424533,5.049999999999727,4.22199999999998,0.22,1.0,,,14,0,7.0,2024
2024-07-03 14:00:00+00:00|1.0|handoff_align_follow_h14_tp06_sl065,2024-07-03 14:00:00+00:00,STAGE28A,data/reports/stage28a_discovery_factory_batch_runner/stage28a_exact_trades.csv,session_handoff_imbalance_v1,handoff_align_follow_h14_tp06_sl065,-2.2570999999999004,-3.3070999999999,-4.0070999999999,0,0,0,1,3.3070999999999,17.820000000000164,5.660000000000309,0.28798586572430485,15.799999999999727,0.9164556962025199,4.889999999999873,4.015999999999986,0.152,1.0,,,14,2,7.0,2024
2024-07-05 14:00:00+00:00|1.0|handoff_align_follow_h14_tp06_sl065,2024-07-05 14:00:00+00:00,STAGE28A,data/reports/stage28a_discovery_factory_batch_runner/stage28a_exact_trades.csv,session_handoff_imbalance_v1,handoff_align_follow_h14_tp06_sl065,0.9538000000001376,-0.0961999999998624,-0.7961999999998621,0,0,0,0,0.0961999999998624,12.179999999999836,8.960000000000036,0.49218750000003253,6.680000000000291,0.08532934131731798,3.6100000000001273,3.1465000000000147,0.044,1.0,,,14,4,7.0,2024
2024-07-08 14:00:00+00:00|-1.0|handoff_align_follow_h14_tp06_sl065,2024-07-08 14:00:00+00:00,STAGE28A,data/reports/stage28a_discovery_factory_batch_runner/stage28a_exact_trades.csv,session_handoff_imbalance_v1,handoff_align_follow_h14_tp06_sl065,-2.044225000000188,-3.094225000000188,-3.7942250000001874,0,0,0,1,3.094225000000188,5.289999999999964,10.420000000000073,0.22936660268716993,18.5,0.6929729729729818,4.610000000000127,4.802499999999986,0.456,-1.0,,,14,0,7.0,2024
2024-07-10 14:00:00+00:00|1.0|handoff_align_follow_h14_tp06_sl065,2024-07-10 14:00:00+00:00,STAGE28A,data/reports/stage28a_discovery_factory_batch_runner/stage28a_exact_trades.csv,session_handoff_imbalance_v1,handoff_align_follow_h14_tp06_sl065,0.7659999999999855,-0.2840000000000144,-0.9840000000000142,0,0,0,0,0.2840000000000144,22.20999999999958,7.329999999999927,0.5184174624829767,8.309999999999945,0.4500601684716975,3.5599999999999454,3.840000000000032,0.14,1.0,,,14,2,7.0,2024
2024-07-11 14:00:00+00:00|1.0|handoff_align_follow_h14_tp06_sl065,2024-07-11 14:00:00+00:00,STAGE28A,data/reports/stage28a_discovery_factory_batch_runner/stage28a_exact_trades.csv,session_handoff_imbalance_v1,handoff_align_follow_h14_tp06_sl065,1.0440999999999805,-0.0059000000000195,-0.7059000000000193,0,0,0,0,0.0059000000000195,23.670000000000073,9.08999999999969,0.6567656765677071,6.099999999999909,0.8606557377049309,3.5700000000001637,3.390000000000009,0.088,1.0,,,14,3,7.0,2024
2024-07-12 14:00:00+00:00|-1.0|handoff_align_follow_h14_tp06_sl065,2024-07-12 14:00:00+00:00,STAGE28A,data/reports/stage28a_discovery_factory_batch_runner/stage28a_exact_trades.csv,session_handoff_imbalance_v1,handoff_align_follow_h14_tp06_sl065,1.2180999999999584,0.1680999999999586,-0.5319000000000411,1,0,1,0,0.1680999999999586,53.38999999999987,9.550000000000182,0.5350785340313692,9.760000000000218,0.3893442622950453,5.639999999999873,4.976000000000022,0.508,-1.0,,,14,4,7.0,2024
2024-07-15 14:00:00+00:00|1.0|handoff_align_follow_h14_tp06_sl065,2024-07-15 14:00:00+00:00,STAGE28A,data/reports/stage28a_discovery_factory_batch_runner/stage28a_exact_trades.csv,session_handoff_imbalance_v1,handoff_align_follow_h14_tp06_sl065,-2.003925000000072,-3.053925000000072,-3.753925000000072,0,0,0,0,3.053925000000072,7.980000000000018,9.950000000000273,0.40703517587940413,12.690000000000055,0.06619385342790716,5.110000000000127,4.499500000000012,0.268,1.0,,,14,0,7.0,2024
2024-07-16 14:00:00+00:00|1.0|handoff_align_follow_h14_tp06_sl065,2024-07-16 14:00:00+00:00,STAGE28A,data/reports/stage28a_discovery_factory_batch_runner/stage28a_exact_trades.csv,session_handoff_imbalance_v1,handoff_align_follow_h14_tp06_sl065,1.3524999999998726,0.3024999999998727,-0.397500000000127,1,0,1,0,0.3024999999998727,38.409999999999854,11.559999999999945,0.6643598615916845,18.269999999999982,0.75478927203065,3.630000000000109,4.887500000000022,0.412,1.0,,,14,1,7.0,2024
2024-07-17 14:00:00+00:00|1.0|handoff_align_follow_h14_tp06_sl065,2024-07-17 14:00:00+00:00,STAGE28A,data/reports/stage28a_discovery_factory_batch_runner/stage28a_exact_trades.csv,session_handoff_imbalance_v1,handoff_align_follow_h14_tp06_sl065,1.9149999999998728,0.8649999999998728,0.164999999999873,1,1,1,0,0.8649999999998728,49.659999999999854,18.299999999999727,0.15191256830602412,17.019999999999982,0.18801410105759556,9.620000000000346,6.986000000000013,0.928,1.0,,,14,2,7.0,2024
2024-07-19 14:00:00+00:00|-1.0|handoff_align_follow_h14_tp06_sl065,2024-07-19 14:00:00+00:00,STAGE28A,data/reports/stage28a_discovery_factory_batch_runner/stage28a_exact_trades.csv,session_handoff_imbalance_v1,handoff_align_follow_h14_tp06_sl065,1.8403000000002063,0.7903000000002067,0.0903000000002069,1,1,1,0,0.7903000000002067,34.84999999999991,24.679999999999836,0.6288492706645091,16.5,0.7678787878787923,5.7400000000002365,6.868499999999949,0.828,-1.0,,,14,4,7.0,2024
2024-07-22 14:00:00+00:00|-1.0|handoff_align_follow_h14_tp06_sl065,2024-07-22 14:00:00+00:00,STAGE28A,data/reports/stage28a_discovery_factory_batch_runner/stage28a_exact_trades.csv,session_handoff_imbalance_v1,handoff_align_follow_h14_tp06_sl065,-2.22395000000015,-3.27395000000015,-3.9739500000001495,0,0,0,1,3.27395000000015,11.319999999999709,11.819999999999709,0.38494077834181845,8.450000000000273,0.2816568047337316,4.710000000000036,5.155500000000029,0.324,-1.0,,,14,0,7.0,2024
2024-07-23 14:00:00+00:00|1.0|handoff_align_follow_h14_tp06_sl065,2024-07-23 14:00:00+00:00,STAGE28A,data/reports/stage28a_discovery_factory_batch_runner/stage28a_exact_trades.csv,session_handoff_imbalance_v1,handoff_align_follow_h14_tp06_sl065,1.6231000000001583,0.5731000000001587,-0.126899999999841,1,0,1,0,0.5731000000001587,28.23999999999978,9.199999999999818,0.34239130434784276,20.019999999999982,0.43806193806193755,2.680000000000291,4.98100000000004,0.224,1.0,,,14,1,7.0,2024
2024-07-25 14:00:00+00:00|-1.0|handoff_align_follow_h14_tp06_sl065,2024-07-25 14:00:00+00:00,STAGE28A,data/reports/stage28a_discovery_factory_batch_runner/stage28a_exact_trades.csv,session_handoff_imbalance_v1,handoff_align_follow_h14_tp06_sl065,-3.0517249999998968,-4.101724999999897,-4.801724999999896,0,0,0,1,4.101724999999897,35.4699999999998,34.38999999999987,0.6685082872928138,12.909999999999854,0.0859798605732099,10.610000000000127,8.319999999999936,0.96,-1.0,,,14,3,7.0,2024
2024-07-26 14:00:00+00:00|1.0|handoff_align_follow_h14_tp06_sl065,2024-07-26 14:00:00+00:00,STAGE28A,data/reports/stage28a_discovery_factory_batch_runner/stage28a_exact_trades.csv,session_handoff_imbalance_v1,handoff_align_follow_h14_tp06_sl065,1.2400000000001454,0.1900000000001456,-0.5099999999998541,1,0,1,0,0.1900000000001456,48.190000000000055,23.550000000000182,0.36390658174096147,10.0300000000002,0.19541375872382824,2.6400000000003274,6.197500000000036,0.512,1.0,,,14,4,7.0,2024
2024-07-29 14:00:00+00:00|-1.0|handoff_align_follow_h14_tp06_sl065,2024-07-29 14:00:00+00:00,STAGE28A,data/reports/stage28a_discovery_factory_batch_runner/stage28a_exact_trades.csv,session_handoff_imbalance_v1,handoff_align_follow_h14_tp06_sl065,1.4088999999998122,0.3588999999998123,-0.3411000000001873,1,0,1,0,0.3588999999998123,16.730000000000018,16.730000000000018,0.06933652121938481,9.190000000000055,0.17954298150159156,3.319999999999709,6.148999999999978,0.428,-1.0,,,14,0,7.0,2024
2024-07-30 14:00:00+00:00|1.0|handoff_align_follow_h14_tp06_sl065,2024-07-30 14:00:00+00:00,STAGE28A,data/reports/stage28a_discovery_factory_batch_runner/stage28a_exact_trades.csv,session_handoff_imbalance_v1,handoff_align_follow_h14_tp06_sl065,-1.7117500000000292,-2.761750000000029,-3.4617500000000287,0,0,0,0,2.761750000000029,33.460000000000036,9.460000000000036,0.18181818181820805,6.4099999999998545,0.5397815912636684,4.4900000000002365,4.464500000000044,0.012,1.0,,,14,1,7.0,2024
2024-07-31 14:00:00+00:00|1.0|handoff_align_follow_h14_tp06_sl065,2024-07-31 14:00:00+00:00,STAGE28A,data/reports/stage28a_discovery_factory_batch_runner/stage28a_exact_trades.csv,session_handoff_imbalance_v1,handoff_align_follow_h14_tp06_sl065,-2.216475000000264,-3.266475000000264,-3.966475000000264,0,0,0,1,3.266475000000264,36.43000000000029,15.139999999999873,0.47159841479523995,10.990000000000236,0.4003639672429478,5.050000000000182,6.289000000000124,0.48,1.0,,,14,2,7.0,2024
2024-08-01 14:00:00+00:00|-1.0|handoff_align_follow_h14_tp06_sl065,2024-08-01 14:00:00+00:00,STAGE28A,data/reports/stage28a_discovery_factory_batch_runner/stage28a_exact_trades.csv,session_handoff_imbalance_v1,handoff_align_follow_h14_tp06_sl065,-2.1641500000001543,-3.214150000000154,-3.914150000000154,0,0,0,1,3.214150000000154,46.98999999999978,20.950000000000273,0.23293556085919073,18.829999999999927,0.5268189060010439,4.779999999999745,6.687000000000012,0.652,-1.0,,,14,3,8.0,2024
2024-08-02 14:00:00+00:00|1.0|handoff_align_follow_h14_tp06_sl065,2024-08-02 14:00:00+00:00,STAGE28A,data/reports/stage28a_discovery_factory_batch_runner/stage28a_exact_trades.csv,session_handoff_imbalance_v1,handoff_align_follow_h14_tp06_sl065,1.4493999999998777,0.3993999999998778,-0.3006000000001219,1,0,1,0,0.3993999999998778,32.190000000000055,24.539999999999964,0.3793806030970014,14.139999999999873,0.6605374823196768,4.3100000000004,6.537500000000046,0.524,1.0,,,14,4,8.0,2024
2024-08-06 14:00:00+00:00|1.0|handoff_align_follow_h14_tp06_sl065,2024-08-06 14:00:00+00:00,STAGE28A,data/reports/stage28a_discovery_factory_batch_runner/stage28a_exact_trades.csv,session_handoff_imbalance_v1,handoff_align_follow_h14_tp06_sl065,2.245600000000104,1.195600000000104,0.4956000000001044,1,1,1,0,1.195600000000104,94.65999999999985,13.960000000000036,0.005014326647576184,20.720000000000255,0.20945945945944197,4.670000000000073,7.975500000000079,0.688,1.0,,,14,1,8.0,2024
2024-08-08 14:00:00+00:00|1.0|handoff_align_follow_h14_tp06_sl065,2024-08-08 14:00:00+00:00,STAGE28A,data/reports/stage28a_discovery_factory_batch_runner/stage28a_exact_trades.csv,session_handoff_imbalance_v1,handoff_align_follow_h14_tp06_sl065,-2.8625750000001973,-3.912575000000197,-4.612575000000197,0,0,0,1,3.912575000000197,28.01000000000022,14.150000000000091,0.7519434628975127,15.019999999999982,0.1291611185086589,10.229999999999563,5.938000000000011,0.156,1.0,,,14,3,8.0,2024
2024-08-13 14:00:00+00:00|-1.0|handoff_align_follow_h14_tp06_sl065,2024-08-13 14:00:00+00:00,STAGE28A,data/reports/stage28a_discovery_factory_batch_runner/stage28a_exact_trades.csv,session_handoff_imbalance_v1,handoff_align_follow_h14_tp06_sl065,1.1091999999997824,0.0591999999997825,-0.6408000000002172,1,0,0,0,0.0591999999997825,50.149999999999636,16.190000000000055,0.6331068560840003,7.660000000000309,0.3694516971279129,4.0300000000002,5.213500000000067,0.068,-1.0,,,14,1,8.0,2024
2024-08-15 14:00:00+00:00|1.0|handoff_align_follow_h14_tp06_sl065,2024-08-15 14:00:00+00:00,STAGE28A,data/reports/stage28a_discovery_factory_batch_runner/stage28a_exact_trades.csv,session_handoff_imbalance_v1,handoff_align_follow_h14_tp06_sl065,0.8322999999999411,-0.2177000000000588,-0.9177000000000586,0,0,0,0,0.2177000000000588,41.86000000000013,7.900000000000091,0.7367088607595059,8.480000000000018,0.36320754716980197,3.5099999999997635,4.1649999999999405,0.004,1.0,,,14,3,8.0,2024
2024-08-19 14:00:00+00:00|-1.0|handoff_align_follow_h14_tp06_sl065,2024-08-19 14:00:00+00:00,STAGE28A,data/reports/stage28a_discovery_factory_batch_runner/stage28a_exact_trades.csv,session_handoff_imbalance_v1,handoff_align_follow_h14_tp06_sl065,1.4160999999998238,0.366099999999824,-0.3339000000001757,1,0,1,0,0.366099999999824,7.760000000000218,14.5,0.1165517241379348,8.319999999999709,0.3978365384615458,10.5300000000002,6.180000000000041,0.42,-1.0,,,14,0,8.0,2024
2024-08-23 14:00:00+00:00|1.0|handoff_align_follow_h14_tp06_sl065,2024-08-23 14:00:00+00:00,STAGE28A,data/reports/stage28a_discovery_factory_batch_runner/stage28a_exact_trades.csv,session_handoff_imbalance_v1,handoff_align_follow_h14_tp06_sl065,-1.9009000000001837,-2.9509000000001837,-3.650900000000183,0,0,0,0,2.9509000000001837,44.07999999999993,10.150000000000091,0.8068965517241361,11.450000000000273,0.5152838427947157,3.6799999999998363,4.242499999999995,0.012,1.0,,,14,4,8.0,2024
2024-08-28 14:00:00+00:00|-1.0|handoff_align_follow_h14_tp06_sl065,2024-08-28 14:00:00+00:00,STAGE28A,data/reports/stage28a_discovery_factory_batch_runner/stage28a_exact_trades.csv,session_handoff_imbalance_v1,handoff_align_follow_h14_tp06_sl065,1.2321999999998297,0.1821999999998298,-0.5178000000001699,1,0,1,0,0.1821999999998298,22.4399999999996,15.88000000000011,0.6190176322418047,12.849999999999909,0.4513618677042621,7.829999999999927,4.930499999999961,0.136,-1.0,,,14,2,8.0,2024
2024-08-29 14:00:00+00:00|1.0|handoff_align_follow_h14_tp06_sl065,2024-08-29 14:00:00+00:00,STAGE28A,data/reports/stage28a_discovery_factory_batch_runner/stage28a_exact_trades.csv,session_handoff_imbalance_v1,handoff_align_follow_h14_tp06_sl065,-2.2587250000002315,-3.3087250000002317,-4.008725000000231,0,0,0,1,3.3087250000002317,35.45000000000027,12.860000000000127,0.7449455676516199,10.539999999999964,0.5910815939278975,3.5799999999999272,4.7589999999999915,0.092,1.0,,,14,3,8.0,2024
2024-09-10 14:00:00+00:00|-1.0|handoff_align_follow_h14_tp06_sl065,2024-09-10 14:00:00+00:00,STAGE28A,data/reports/stage28a_discovery_factory_batch_runner/stage28a_exact_trades.csv,session_handoff_imbalance_v1,handoff_align_follow_h14_tp06_sl065,1.081300000000192,0.0313000000001921,-0.6686999999998076,1,0,0,0,0.0313000000001921,21.75,6.220000000000255,0.7202572347266616,7.599999999999909,0.4552631578947471,4.470000000000255,3.797000000000003,0.044,-1.0,,,14,1,9.0,2024
2024-09-11 14:00:00+00:00|1.0|handoff_align_follow_h14_tp06_sl065,2024-09-11 14:00:00+00:00,STAGE28A,data/reports/stage28a_discovery_factory_batch_runner/stage28a_exact_trades.csv,session_handoff_imbalance_v1,handoff_align_follow_h14_tp06_sl065,1.2418000000001483,0.1918000000001485,-0.5081999999998512,1,0,1,0,0.1918000000001485,18.289999999999964,7.5300000000002,0.3917662682602576,10.460000000000036,0.35946462715107125,3.5399999999999636,4.158500000000004,0.108,1.0,,,14,2,9.0,2024
2024-09-12 14:00:00+00:00|1.0|handoff_align_follow_h14_tp06_sl065,2024-09-12 14:00:00+00:00,STAGE28A,data/reports/stage28a_discovery_factory_batch_runner/stage28a_exact_trades.csv,session_handoff_imbalance_v1,handoff_align_follow_h14_tp06_sl065,-1.83070000000007,-2.8807000000000698,-3.580700000000069,0,0,0,0,2.8807000000000698,28.09999999999991,5.139999999999873,0.5992217898832691,7.850000000000364,0.36687898089171667,7.880000000000109,3.72999999999995,0.04,1.0,,,14,3,9.0,2024
2024-09-13 14:00:00+00:00|1.0|handoff_align_follow_h14_tp06_sl065,2024-09-13 14:00:00+00:00,STAGE28A,data/reports/stage28a_discovery_factory_batch_runner/stage28a_exact_trades.csv,session_handoff_imbalance_v1,handoff_align_follow_h14_tp06_sl065,-2.415375000000131,-3.465375000000131,-4.165375000000131,0,0,0,1,3.465375000000131,49.059999999999945,13.38000000000011,0.7825112107623104,9.980000000000018,0.0621242484970285,3.7799999999997453,5.006500000000005,0.404,1.0,,,14,4,9.0,2024
2024-09-16 14:00:00+00:00|1.0|handoff_align_follow_h14_tp06_sl065,2024-09-16 14:00:00+00:00,STAGE28A,data/reports/stage28a_discovery_factory_batch_runner/stage28a_exact_trades.csv,session_handoff_imbalance_v1,handoff_align_follow_h14_tp06_sl065,1.4196999999998297,0.3696999999998298,-0.3303000000001699,1,0,1,0,0.3696999999998298,2.8299999999999272,11.409999999999854,0.550394390885213,10.070000000000164,0.08142999006948318,11.050000000000182,4.2650000000000095,0.164,1.0,,,14,0,9.0,2024
2024-09-19 14:00:00+00:00|1.0|handoff_align_follow_h14_tp06_sl065,2024-09-19 14:00:00+00:00,STAGE28A,data/reports/stage28a_discovery_factory_batch_runner/stage28a_exact_trades.csv,session_handoff_imbalance_v1,handoff_align_follow_h14_tp06_sl065,1.682799999999952,0.6327999999999521,-0.0672000000000476,1,0,1,0,0.6327999999999521,53.19999999999982,15.420000000000073,0.30998702983136983,35.34999999999991,0.7932107496463943,6.110000000000127,9.17249999999999,0.996,1.0,,,14,3,9.0,2024
2024-09-20 14:00:00+00:00|1.0|handoff_align_follow_h14_tp06_sl065,2024-09-20 14:00:00+00:00,STAGE28A,data/reports/stage28a_discovery_factory_batch_runner/stage28a_exact_trades.csv,session_handoff_imbalance_v1,handoff_align_follow_h14_tp06_sl065,1.6053999999998267,0.5553999999998269,-0.1446000000001728,1,0,1,0,0.5553999999998269,43.789999999999964,8.75,0.41142857142856104,21.419999999999618,0.6984126984127126,8.0300000000002,4.80750000000005,0.288,1.0,,,14,4,9.0,2024
2024-09-26 14:00:00+00:00|1.0|handoff_align_follow_h14_tp06_sl065,2024-09-26 14:00:00+00:00,STAGE28A,data/reports/stage28a_discovery_factory_batch_runner/stage28a_exact_trades.csv,session_handoff_imbalance_v1,handoff_align_follow_h14_tp06_sl065,-2.2990249999998924,-3.349024999999892,-4.049024999999892,0,0,0,1,3.349024999999892,20.829999999999927,7.170000000000073,0.6094839609484382,12.570000000000164,0.49721559268098,8.150000000000091,4.805499999999938,0.176,1.0,,,14,3,9.0,2024
2024-09-30 14:00:00+00:00|-1.0|handoff_align_follow_h14_tp06_sl065,2024-09-30 14:00:00+00:00,STAGE28A,data/reports/stage28a_discovery_factory_batch_runner/stage28a_exact_trades.csv,session_handoff_imbalance_v1,handoff_align_follow_h14_tp06_sl065,1.8301000000000385,0.7801000000000387,0.0801000000000389,1,1,1,0,0.7801000000000387,6.25,18.659999999999854,0.487674169346194,12.220000000000255,0.3199672667757588,14.2800000000002,6.983499999999981,0.736,-1.0,,,14,0,9.0,2024
2024-10-01 14:00:00+00:00|1.0|handoff_align_follow_h14_tp06_sl065,2024-10-01 14:00:00+00:00,STAGE28A,data/reports/stage28a_discovery_factory_batch_runner/stage28a_exact_trades.csv,session_handoff_imbalance_v1,handoff_align_follow_h14_tp06_sl065,-1.7975499999998648,-2.8475499999998646,-3.5475499999998643,0,0,0,0,2.8475499999998646,41.48000000000002,7.730000000000018,0.3842173350582468,11.840000000000146,0.9045608108108028,2.2400000000002365,4.525000000000046,0.036,1.0,,,14,1,10.0,2024
2024-10-02 14:00:00+00:00|-1.0|handoff_align_follow_h14_tp06_sl065,2024-10-02 14:00:00+00:00,STAGE28A,data/reports/stage28a_discovery_factory_batch_runner/stage28a_exact_trades.csv,session_handoff_imbalance_v1,handoff_align_follow_h14_tp06_sl065,1.3812999999999191,0.3312999999999193,-0.3687000000000804,1,0,1,0,0.3312999999999193,41.01000000000022,7.730000000000018,0.862871927554988,12.019999999999982,0.20632279534109998,5.539999999999964,5.972500000000037,0.38,-1.0,,,14,2,10.0,2024
2024-10-03 14:00:00+00:00|-1.0|handoff_align_follow_h14_tp06_sl065,2024-10-03 14:00:00+00:00,STAGE28A,data/reports/stage28a_discovery_factory_batch_runner/stage28a_exact_trades.csv,session_handoff_imbalance_v1,handoff_align_follow_h14_tp06_sl065,1.558599999999751,0.5085999999997513,-0.1914000000002484,1,0,1,0,0.5085999999997513,22.240000000000236,9.679999999999836,0.3615702479338904,16.659999999999854,0.6818727490996535,4.029999999999745,4.850499999999988,0.092,-1.0,,,14,3,10.0,2024
2024-10-08 14:00:00+00:00|-1.0|handoff_align_follow_h14_tp06_sl065,2024-10-08 14:00:00+00:00,STAGE28A,data/reports/stage28a_discovery_factory_batch_runner/stage28a_exact_trades.csv,session_handoff_imbalance_v1,handoff_align_follow_h14_tp06_sl065,-2.825199999999859,-3.8751999999998583,-4.5751999999998585,0,0,0,1,3.8751999999998583,22.019999999999982,15.289999999999964,0.07586657946369244,17.820000000000164,0.08810325476992982,7.579999999999927,6.80349999999994,0.624,-1.0,,,14,1,10.0,2024
2024-10-09 14:00:00+00:00|-1.0|handoff_align_follow_h14_tp06_sl065,2024-10-09 14:00:00+00:00,STAGE28A,data/reports/stage28a_discovery_factory_batch_runner/stage28a_exact_trades.csv,session_handoff_imbalance_v1,handoff_align_follow_h14_tp06_sl065,1.5102999999998246,0.4602999999998247,-0.239700000000175,1,0,1,0,0.4602999999998247,48.34999999999991,9.390000000000327,0.5175718849840211,15.210000000000036,0.05588428665351131,5.400000000000091,6.047500000000037,0.3,-1.0,,,14,2,10.0,2024
2024-10-10 14:00:00+00:00|1.0|handoff_align_follow_h14_tp06_sl065,2024-10-10 14:00:00+00:00,STAGE28A,data/reports/stage28a_discovery_factory_batch_runner/stage28a_exact_trades.csv,session_handoff_imbalance_v1,handoff_align_follow_h14_tp06_sl065,-1.876850000000195,-2.926850000000195,-3.626850000000194,0,0,0,0,2.926850000000195,19.230000000000018,10.960000000000036,0.2636861313868903,8.2199999999998,0.6630170316301643,2.8799999999996544,4.4834999999999585,0.016,1.0,,,14,3,10.0,2024
2024-10-14 14:00:00+00:00|1.0|handoff_align_follow_h14_tp06_sl065,2024-10-14 14:00:00+00:00,STAGE28A,data/reports/stage28a_discovery_factory_batch_runner/stage28a_exact_trades.csv,session_handoff_imbalance_v1,handoff_align_follow_h14_tp06_sl065,-2.34842499999977,-3.39842499999977,-4.09842499999977,0,0,0,1,3.39842499999977,11.429999999999836,14.259999999999764,0.3709677419354875,11.480000000000018,0.24912891986063787,5.079999999999927,5.48949999999993,0.156,1.0,,,14,0,10.0,2024
2024-10-16 14:00:00+00:00|1.0|handoff_align_follow_h14_tp06_sl065,2024-10-16 14:00:00+00:00,STAGE28A,data/reports/stage28a_discovery_factory_batch_runner/stage28a_exact_trades.csv,session_handoff_imbalance_v1,handoff_align_follow_h14_tp06_sl065,-2.107274999999936,-3.157274999999936,-3.857274999999936,0,0,0,1,3.157274999999936,31.110000000000127,11.359999999999673,0.4383802816901551,17.08999999999969,0.7577530719719431,7.800000000000182,4.8799999999999955,0.044,1.0,,,14,2,10.0,2024
2024-10-17 14:00:00+00:00|1.0|handoff_align_follow_h14_tp06_sl065,2024-10-17 14:00:00+00:00,STAGE28A,data/reports/stage28a_discovery_factory_batch_runner/stage28a_exact_trades.csv,session_handoff_imbalance_v1,handoff_align_follow_h14_tp06_sl065,1.4742999999997664,0.4242999999997665,-0.2757000000002332,1,0,1,0,0.4242999999997665,26.559999999999945,11.63000000000011,0.2579535683576932,9.230000000000018,0.2979414951245931,9.759999999999764,4.642499999999927,0.028,1.0,,,14,3,10.0,2024
2024-10-22 14:00:00+00:00|1.0|handoff_align_follow_h14_tp06_sl065,2024-10-22 14:00:00+00:00,STAGE28A,data/reports/stage28a_discovery_factory_batch_runner/stage28a_exact_trades.csv,session_handoff_imbalance_v1,handoff_align_follow_h14_tp06_sl065,1.2892000000000734,0.2392000000000735,-0.4607999999999261,1,0,1,0,0.2392000000000735,26.529999999999745,14.860000000000127,0.6917900403768581,9.539999999999964,0.06918238993709193,8.960000000000036,5.403499999999963,0.22,1.0,,,14,1,10.0,2024
2024-10-24 14:00:00+00:00|1.0|handoff_align_follow_h14_tp06_sl065,2024-10-24 14:00:00+00:00,STAGE28A,data/reports/stage28a_discovery_factory_batch_runner/stage28a_exact_trades.csv,session_handoff_imbalance_v1,handoff_align_follow_h14_tp06_sl065,-1.9392499999999928,-2.9892499999999926,-3.689249999999992,0,0,0,0,2.9892499999999926,49.92000000000007,12.279999999999745,0.39576547231272213,16.420000000000073,0.8361753958587063,2.880000000000109,4.951000000000045,0.076,1.0,,,14,3,10.0,2024
2024-10-25 14:00:00+00:00|-1.0|handoff_align_follow_h14_tp06_sl065,2024-10-25 14:00:00+00:00,STAGE28A,data/reports/stage28a_discovery_factory_batch_runner/stage28a_exact_trades.csv,session_handoff_imbalance_v1,handoff_align_follow_h14_tp06_sl065,-2.246049999999832,-3.296049999999832,-3.996049999999832,0,0,0,1,3.296049999999832,29.029999999999745,11.730000000000018,0.7357203751065725,15.730000000000018,0.3146853146853317,5.389999999999873,4.611499999999978,0.02,-1.0,,,14,4,10.0,2024
2024-10-28 14:00:00+00:00|-1.0|handoff_align_follow_h14_tp06_sl065,2024-10-28 14:00:00+00:00,STAGE28A,data/reports/stage28a_discovery_factory_batch_runner/stage28a_exact_trades.csv,session_handoff_imbalance_v1,handoff_align_follow_h14_tp06_sl065,1.710699999999997,0.6606999999999972,-0.0393000000000025,1,0,1,0,0.6606999999999972,10.010000000000218,15.480000000000018,0.062015503875941895,16.909999999999854,0.06386753400357134,3.099999999999909,5.823500000000036,0.52,-1.0,,,14,0,10.0,2024
2024-10-30 14:00:00+00:00|1.0|handoff_align_follow_h14_tp06_sl065,2024-10-30 14:00:00+00:00,STAGE28A,data/reports/stage28a_discovery_factory_batch_runner/stage28a_exact_trades.csv,session_handoff_imbalance_v1,handoff_align_follow_h14_tp06_sl065,-2.0991500000001,-3.1491500000001,-3.8491500000000993,0,0,0,1,3.1491500000001,35.41000000000031,9.389999999999873,0.7518636847710374,11.7800000000002,0.0008488964346534898,3.6900000000000546,4.782500000000004,0.064,1.0,,,14,2,10.0,2024
2024-10-31 14:00:00+00:00|-1.0|handoff_align_follow_h14_tp06_sl065,2024-10-31 14:00:00+00:00,STAGE28A,data/reports/stage28a_discovery_factory_batch_runner/stage28a_exact_trades.csv,session_handoff_imbalance_v1,handoff_align_follow_h14_tp06_sl065,1.2405999999999948,0.190599999999995,-0.5094000000000047,1,0,1,0,0.190599999999995,19.139999999999873,8.029999999999745,0.2889165628891952,13.509999999999764,0.2672094744633409,5.920000000000073,4.450499999999965,0.004,-1.0,,,14,3,10.0,2024
2024-11-04 14:00:00+00:00|1.0|handoff_align_follow_h14_tp06_sl065,2024-11-04 14:00:00+00:00,STAGE28A,data/reports/stage28a_discovery_factory_batch_runner/stage28a_exact_trades.csv,session_handoff_imbalance_v1,handoff_align_follow_h14_tp06_sl065,1.6267000000001643,0.5767000000001645,-0.1232999999998352,1,0,1,0,0.5767000000001645,10.75,12.879999999999654,0.19720496894410183,13.289999999999964,0.15876598946573953,4.430000000000291,6.1684999999999945,0.628,1.0,,,14,0,11.0,2024
2024-11-06 14:00:00+00:00|-1.0|handoff_align_follow_h14_tp06_sl065,2024-11-06 14:00:00+00:00,STAGE28A,data/reports/stage28a_discovery_factory_batch_runner/stage28a_exact_trades.csv,session_handoff_imbalance_v1,handoff_align_follow_h14_tp06_sl065,3.991899999999896,2.941899999999896,2.2418999999998963,1,1,1,0,2.941899999999896,25.340000000000146,18.98999999999978,0.20326487625066728,42.35999999999967,0.5153446647780948,26.550000000000182,11.787999999999897,1.0,-1.0,,,14,2,11.0,2024
2024-11-08 14:00:00+00:00|-1.0|handoff_align_follow_h14_tp06_sl065,2024-11-08 14:00:00+00:00,STAGE28A,data/reports/stage28a_discovery_factory_batch_runner/stage28a_exact_trades.csv,session_handoff_imbalance_v1,handoff_align_follow_h14_tp06_sl065,1.9758999999998197,0.9258999999998196,0.2258999999998199,1,1,1,0,0.9258999999998196,66.90999999999985,17.09999999999991,0.7777777777777659,16.240000000000236,0.3232758620689608,8.170000000000073,6.9669999999999614,0.708,-1.0,,,14,4,11.0,2024
2024-11-11 14:00:00+00:00|-1.0|handoff_align_follow_h14_tp06_sl065,2024-11-11 14:00:00+00:00,STAGE28A,data/reports/stage28a_discovery_factory_batch_runner/stage28a_exact_trades.csv,session_handoff_imbalance_v1,handoff_align_follow_h14_tp06_sl065,-2.701050000000214,-3.751050000000214,-4.451050000000214,0,0,0,1,3.751050000000214,4.230000000000018,19.7199999999998,0.6866125760649139,14.38000000000011,0.7183588317107304,8.0300000000002,5.871499999999992,0.264,-1.0,,,14,0,11.0,2024
2024-11-12 14:00:00+00:00|-1.0|handoff_align_follow_h14_tp06_sl065,2024-11-12 14:00:00+00:00,STAGE28A,data/reports/stage28a_discovery_factory_batch_runner/stage28a_exact_trades.csv,session_handoff_imbalance_v1,handoff_align_follow_h14_tp06_sl065,-3.990324999999848,-5.040324999999848,-5.740324999999848,0,0,0,1,5.040324999999848,75.67999999999984,11.579999999999927,0.5397236614853229,28.460000000000036,0.7350667603654267,6.539999999999964,6.680999999999926,0.476,-1.0,,,14,1,11.0,2024
2024-11-13 14:00:00+00:00|1.0|handoff_align_follow_h14_tp06_sl065,2024-11-13 14:00:00+00:00,STAGE28A,data/reports/stage28a_discovery_factory_batch_runner/stage28a_exact_trades.csv,session_handoff_imbalance_v1,handoff_align_follow_h14_tp06_sl065,-2.3844999999997527,-3.4344999999997525,-4.134499999999752,0,0,0,1,3.4344999999997525,37.48000000000002,15.940000000000055,0.4567126725219398,10.599999999999909,0.2584905660377604,5.739999999999782,5.3125,0.072,1.0,,,14,2,11.0,2024
2024-11-14 14:00:00+00:00|-1.0|handoff_align_follow_h14_tp06_sl065,2024-11-14 14:00:00+00:00,STAGE28A,data/reports/stage28a_discovery_factory_batch_runner/stage28a_exact_trades.csv,session_handoff_imbalance_v1,handoff_align_follow_h14_tp06_sl065,2.400100000000202,1.3501000000002024,0.6501000000002026,1,1,1,0,1.3501000000002024,48.070000000000164,22.389999999999873,0.25949084412684137,28.460000000000036,0.6398453970484895,9.900000000000091,8.851999999999999,0.88,-1.0,,,14,3,11.0,2024
2024-11-18 14:00:00+00:00|1.0|handoff_align_follow_h14_tp06_sl065,2024-11-18 14:00:00+00:00,STAGE28A,data/reports/stage28a_discovery_factory_batch_runner/stage28a_exact_trades.csv,session_handoff_imbalance_v1,handoff_align_follow_h14_tp06_sl065,1.8070000000001527,0.7570000000001529,0.0570000000001531,1,1,1,0,0.7570000000001529,13.230000000000018,34.88000000000011,0.5997706422018351,16.840000000000146,0.1057007125890576,4.880000000000109,7.7690000000000285,0.548,1.0,,,14,0,11.0,2024
2024-11-19 14:00:00+00:00|1.0|handoff_align_follow_h14_tp06_sl065,2024-11-19 14:00:00+00:00,STAGE28A,data/reports/stage28a_discovery_factory_batch_runner/stage28a_exact_trades.csv,session_handoff_imbalance_v1,handoff_align_follow_h14_tp06_sl065,1.724500000000171,0.6745000000001711,-0.0254999999998286,1,0,1,0,0.6745000000001711,52.84999999999991,15.36999999999989,0.6649316851008671,18.710000000000036,0.659005879208974,6.949999999999818,5.085000000000036,0.008,1.0,,,14,1,11.0,2024
2024-11-21 14:00:00+00:00|1.0|handoff_align_follow_h14_tp06_sl065,2024-11-21 14:00:00+00:00,STAGE28A,data/reports/stage28a_discovery_factory_batch_runner/stage28a_exact_trades.csv,session_handoff_imbalance_v1,handoff_align_follow_h14_tp06_sl065,1.7061999999999895,0.6561999999999899,-0.0438000000000098,1,0,1,0,0.6561999999999899,36.64000000000033,11.610000000000127,0.41860465116279705,17.059999999999945,0.759671746776089,5.150000000000091,5.526999999999998,0.072,1.0,,,14,3,11.0,2024
2024-11-22 14:00:00+00:00|1.0|handoff_align_follow_h14_tp06_sl065,2024-11-22 14:00:00+00:00,STAGE28A,data/reports/stage28a_discovery_factory_batch_runner/stage28a_exact_trades.csv,session_handoff_imbalance_v1,handoff_align_follow_h14_tp06_sl065,-3.2558249999998226,-4.305824999999823,-5.005824999999822,0,0,0,1,4.305824999999823,24.63000000000011,24.070000000000164,0.8109680099709308,25.440000000000055,0.7425314465408739,13.010000000000218,7.0514999999999874,0.536,1.0,,,14,4,11.0,2024
2024-11-27 14:00:00+00:00|1.0|handoff_align_follow_h14_tp06_sl065,2024-11-27 14:00:00+00:00,STAGE28A,data/reports/stage28a_discovery_factory_batch_runner/stage28a_exact_trades.csv,session_handoff_imbalance_v1,handoff_align_follow_h14_tp06_sl065,-2.306174999999803,-3.3561749999998027,-4.0561749999998025,0,0,0,1,3.3561749999998027,36.76999999999998,13.510000000000218,0.4885270170244117,15.690000000000055,0.6201402166985331,8.940000000000055,5.614500000000021,0.08,1.0,,,14,2,11.0,2024
2024-11-29 14:00:00+00:00|1.0|handoff_align_follow_h14_tp06_sl065,2024-11-29 14:00:00+00:00,STAGE28A,data/reports/stage28a_discovery_factory_batch_runner/stage28a_exact_trades.csv,session_handoff_imbalance_v1,handoff_align_follow_h14_tp06_sl065,1.7040999999998347,0.6540999999998349,-0.0459000000001648,1,0,1,0,0.6540999999998349,28.65000000000009,30.29000000000042,0.6956091119181206,11.809999999999945,0.2464013547840701,4.8400000000001455,5.80450000000003,0.196,1.0,,,14,4,11.0,2024
2024-12-05 14:00:00+00:00|-1.0|handoff_align_follow_h14_tp06_sl065,2024-12-05 14:00:00+00:00,STAGE28A,data/reports/stage28a_discovery_factory_batch_runner/stage28a_exact_trades.csv,session_handoff_imbalance_v1,handoff_align_follow_h14_tp06_sl065,1.2876999999997678,0.2376999999997679,-0.4623000000002317,1,0,1,0,0.2376999999997679,24.800000000000182,6.940000000000055,0.5821325648414888,13.88000000000011,0.17939481268009813,4.470000000000255,5.205499999999961,0.036,-1.0,,,14,3,12.0,2024
2024-12-16 14:00:00+00:00|1.0|handoff_align_follow_h14_tp06_sl065,2024-12-16 14:00:00+00:00,STAGE28A,data/reports/stage28a_discovery_factory_batch_runner/stage28a_exact_trades.csv,session_handoff_imbalance_v1,handoff_align_follow_h14_tp06_sl065,-2.1628499999997985,-3.2128499999997984,-3.912849999999798,0,0,0,1,3.2128499999997984,4.569999999999709,12.110000000000127,0.10982658959536856,12.450000000000273,0.48514056224898244,6.449999999999818,5.236999999999966,0.032,1.0,,,14,0,12.0,2024
2024-12-17 14:00:00+00:00|-1.0|handoff_align_follow_h14_tp06_sl065,2024-12-17 14:00:00+00:00,STAGE28A,data/reports/stage28a_discovery_factory_batch_runner/stage28a_exact_trades.csv,session_handoff_imbalance_v1,handoff_align_follow_h14_tp06_sl065,-2.6318250000000263,-3.681825000000026,-4.381825000000026,0,0,0,1,3.681825000000026,20.75,7.650000000000091,0.006535947712442001,19.0300000000002,0.7157120336311195,6.389999999999873,5.232000000000016,0.084,-1.0,,,14,1,12.0,2024
2024-12-19 14:00:00+00:00|1.0|handoff_align_follow_h14_tp06_sl065,2024-12-19 14:00:00+00:00,STAGE28A,data/reports/stage28a_discovery_factory_batch_runner/stage28a_exact_trades.csv,session_handoff_imbalance_v1,handoff_align_follow_h14_tp06_sl065,-2.9074249999999666,-3.9574249999999664,-4.657424999999966,0,0,0,1,3.9574249999999664,68.09999999999991,35.460000000000036,0.5930626057529661,23.2800000000002,0.4463058419243893,5.799999999999727,10.170999999999982,1.0,1.0,,,14,3,12.0,2024
2024-12-20 14:00:00+00:00|1.0|handoff_align_follow_h14_tp06_sl065,2024-12-20 14:00:00+00:00,STAGE28A,data/reports/stage28a_discovery_factory_batch_runner/stage28a_exact_trades.csv,session_handoff_imbalance_v1,handoff_align_follow_h14_tp06_sl065,1.1470000000002982,0.0970000000002984,-0.6029999999997013,1,0,0,0,0.0970000000002984,43.99000000000024,14.320000000000164,0.3058659217877136,11.180000000000291,0.5661896243291786,4.570000000000164,5.288000000000056,0.144,1.0,,,14,4,12.0,2024
2024-12-23 14:00:00+00:00|1.0|handoff_align_follow_h14_tp06_sl065,2024-12-23 14:00:00+00:00,STAGE28A,data/reports/stage28a_discovery_factory_batch_runner/stage28a_exact_trades.csv,session_handoff_imbalance_v1,handoff_align_follow_h14_tp06_sl065,-2.120274999999856,-3.170274999999856,-3.870274999999856,0,0,0,1,3.170274999999856,3.1600000000003092,10.0,0.1069999999999709,14.389999999999873,0.44336344683809353,7.079999999999927,5.40450000000003,0.152,1.0,,,14,0,12.0,2024
2024-12-26 14:00:00+00:00|1.0|handoff_align_follow_h14_tp06_sl065,2024-12-26 14:00:00+00:00,STAGE28A,data/reports/stage28a_discovery_factory_batch_runner/stage28a_exact_trades.csv,session_handoff_imbalance_v1,handoff_align_follow_h14_tp06_sl065,0.7764999999998509,-0.273500000000149,-0.9735000000001488,0,0,0,0,0.273500000000149,7.519999999999982,16.299999999999727,0.5539877300613713,6.049999999999727,0.2264462809917277,2.2399999999997817,4.323000000000002,0.08,1.0,,,14,3,12.0,2024
2024-12-30 14:00:00+00:00|-1.0|handoff_align_follow_h14_tp06_sl065,2024-12-30 14:00:00+00:00,STAGE28A,data/reports/stage28a_discovery_factory_batch_runner/stage28a_exact_trades.csv,session_handoff_imbalance_v1,handoff_align_follow_h14_tp06_sl065,1.3812999999999191,0.3312999999999193,-0.3687000000000804,1,0,1,0,0.3312999999999193,7.4699999999998,9.489999999999782,0.2012644889357111,15.480000000000018,0.7558139534883594,9.480000000000018,5.614500000000021,0.536,-1.0,,,14,0,12.0,2024
2025-01-02 14:00:00+00:00|1.0|handoff_align_follow_h14_tp06_sl065,2025-01-02 14:00:00+00:00,STAGE28A,data/reports/stage28a_discovery_factory_batch_runner/stage28a_exact_trades.csv,session_handoff_imbalance_v1,handoff_align_follow_h14_tp06_sl065,1.5894999999999526,0.5394999999999528,-0.1605000000000469,1,0,1,0,0.5394999999999528,4.2800000000002,14.769999999999982,0.6899119837508508,15.090000000000146,0.5765407554671792,4.370000000000346,4.9895000000001115,0.344,1.0,,,14,3,1.0,2025
2025-01-06 14:00:00+00:00|-1.0|handoff_align_follow_h14_tp06_sl065,2025-01-06 14:00:00+00:00,STAGE28A,data/reports/stage28a_discovery_factory_batch_runner/stage28a_exact_trades.csv,session_handoff_imbalance_v1,handoff_align_follow_h14_tp06_sl065,-2.7003999999998087,-3.750399999999809,-4.450399999999808,0,0,0,1,3.750399999999809,3.5399999999999636,12.860000000000127,0.43001555209954473,11.090000000000146,0.15148782687103826,16.850000000000364,5.4445000000000165,0.504,-1.0,,,14,0,1.0,2025
2025-01-07 14:00:00+00:00|1.0|handoff_align_follow_h14_tp06_sl065,2025-01-07 14:00:00+00:00,STAGE28A,data/reports/stage28a_discovery_factory_batch_runner/stage28a_exact_trades.csv,session_handoff_imbalance_v1,handoff_align_follow_h14_tp06_sl065,1.1910999999999148,0.1410999999999149,-0.5589000000000848,1,0,0,0,0.1410999999999149,35.13000000000011,8.300000000000182,0.4325301204819358,9.7800000000002,0.575664621676891,6.769999999999982,4.450999999999999,0.152,1.0,,,14,1,1.0,2025
2025-01-10 14:00:00+00:00|1.0|handoff_align_follow_h14_tp06_sl065,2025-01-10 14:00:00+00:00,STAGE28A,data/reports/stage28a_discovery_factory_batch_runner/stage28a_exact_trades.csv,session_handoff_imbalance_v1,handoff_align_follow_h14_tp06_sl065,1.3675000000002,0.3175000000002002,-0.3824999999997995,1,0,1,0,0.3175000000002002,22.809999999999945,6.349999999999909,0.2913385826771552,11.099999999999909,0.827027027027019,2.7800000000002,3.657999999999947,0.004,1.0,,,14,4,1.0,2025
2025-01-13 14:00:00+00:00|-1.0|handoff_align_follow_h14_tp06_sl065,2025-01-13 14:00:00+00:00,STAGE28A,data/reports/stage28a_discovery_factory_batch_runner/stage28a_exact_trades.csv,session_handoff_imbalance_v1,handoff_align_follow_h14_tp06_sl065,-2.737775000000147,-3.787775000000147,-4.487775000000147,0,0,0,1,3.787775000000147,5.670000000000073,13.900000000000091,0.39999999999999347,14.190000000000055,0.45031712473571867,5.130000000000109,5.964000000000032,0.64,-1.0,,,14,0,1.0,2025
2025-01-15 14:00:00+00:00|1.0|handoff_align_follow_h14_tp06_sl065,2025-01-15 14:00:00+00:00,STAGE28A,data/reports/stage28a_discovery_factory_batch_runner/stage28a_exact_trades.csv,session_handoff_imbalance_v1,handoff_align_follow_h14_tp06_sl065,-1.9756499999999504,-3.0256499999999504,-3.72564999999995,0,0,0,0,3.0256499999999504,18.570000000000164,10.11999999999989,0.001976284584978461,14.450000000000273,0.8761245674740218,3.7199999999998,4.245499999999993,0.044,1.0,,,14,2,1.0,2025
2025-01-16 14:00:00+00:00|1.0|handoff_align_follow_h14_tp06_sl065,2025-01-16 14:00:00+00:00,STAGE28A,data/reports/stage28a_discovery_factory_batch_runner/stage28a_exact_trades.csv,session_handoff_imbalance_v1,handoff_align_follow_h14_tp06_sl065,-2.3123500000002424,-3.362350000000242,-4.062350000000242,0,0,0,1,3.362350000000242,28.210000000000036,9.349999999999909,0.27593582887700024,18.529999999999745,0.5553157042633624,4.819999999999709,4.963999999999942,0.156,1.0,,,14,3,1.0,2025
2025-01-20 14:00:00+00:00|1.0|handoff_align_follow_h14_tp06_sl065,2025-01-20 14:00:00+00:00,STAGE28A,data/reports/stage28a_discovery_factory_batch_runner/stage28a_exact_trades.csv,session_handoff_imbalance_v1,handoff_align_follow_h14_tp06_sl065,-2.256774999999925,-3.306774999999925,-4.006774999999925,0,0,0,1,3.306774999999925,11.990000000000236,17.269999999999982,0.5500868558193405,10.960000000000036,0.23448905109486318,7.769999999999982,6.145499999999993,0.756,1.0,,,14,0,1.0,2025
2025-01-22 14:00:00+00:00|1.0|handoff_align_follow_h14_tp06_sl065,2025-01-22 14:00:00+00:00,STAGE28A,data/reports/stage28a_discovery_factory_batch_runner/stage28a_exact_trades.csv,session_handoff_imbalance_v1,handoff_align_follow_h14_tp06_sl065,1.5466000000000348,0.496600000000035,-0.2033999999999647,1,0,1,0,0.496600000000035,43.279999999999745,10.9699999999998,0.711030082041962,17.90000000000009,0.44525139664803126,4.309999999999945,5.7839999999999465,0.508,1.0,,,14,2,1.0,2025
2025-01-23 14:00:00+00:00|-1.0|handoff_align_follow_h14_tp06_sl065,2025-01-23 14:00:00+00:00,STAGE28A,data/reports/stage28a_discovery_factory_batch_runner/stage28a_exact_trades.csv,session_handoff_imbalance_v1,handoff_align_follow_h14_tp06_sl065,-2.3425750000002155,-3.3925750000002157,-4.092575000000215,0,0,0,1,3.3925750000002157,21.449999999999818,6.809999999999945,0.5624082232011686,14.75,0.02440677966102558,3.6400000000003274,3.974500000000103,0.016,-1.0,,,14,3,1.0,2025
2025-01-24 14:00:00+00:00|1.0|handoff_align_follow_h14_tp06_sl065,2025-01-24 14:00:00+00:00,STAGE28A,data/reports/stage28a_discovery_factory_batch_runner/stage28a_exact_trades.csv,session_handoff_imbalance_v1,handoff_align_follow_h14_tp06_sl065,1.337800000000152,0.2878000000001521,-0.4121999999998476,1,0,1,0,0.2878000000001521,23.25,23.940000000000055,0.7263993316624826,8.300000000000182,0.44578313253014357,6.0099999999997635,5.646499999999969,0.384,1.0,,,14,4,1.0,2025
2025-01-28 14:00:00+00:00|1.0|handoff_align_follow_h14_tp06_sl065,2025-01-28 14:00:00+00:00,STAGE28A,data/reports/stage28a_discovery_factory_batch_runner/stage28a_exact_trades.csv,session_handoff_imbalance_v1,handoff_align_follow_h14_tp06_sl065,1.2595000000000254,0.2095000000000255,-0.4904999999999742,1,0,1,0,0.2095000000000255,42.289999999999964,7.579999999999927,0.09366754617414817,10.570000000000164,0.07284768211920245,2.9400000000000546,4.9064999999999825,0.128,1.0,,,14,1,1.0,2025
2025-01-30 14:00:00+00:00|1.0|handoff_align_follow_h14_tp06_sl065,2025-01-30 14:00:00+00:00,STAGE28A,data/reports/stage28a_discovery_factory_batch_runner/stage28a_exact_trades.csv,session_handoff_imbalance_v1,handoff_align_follow_h14_tp06_sl065,-1.9850750000001427,-3.0350750000001425,-3.7350750000001423,0,0,0,0,3.0350750000001425,21.470000000000255,5.330000000000382,0.035647279549726255,20.539999999999964,0.8695228821811177,2.300000000000182,4.884500000000026,0.22,1.0,,,14,3,1.0,2025
2025-01-31 14:00:00+00:00|-1.0|handoff_align_follow_h14_tp06_sl065,2025-01-31 14:00:00+00:00,STAGE28A,data/reports/stage28a_discovery_factory_batch_runner/stage28a_exact_trades.csv,session_handoff_imbalance_v1,handoff_align_follow_h14_tp06_sl065,-2.264249999999811,-3.3142499999998107,-4.0142499999998105,0,0,0,1,3.3142499999998107,40.40000000000009,7.369999999999891,0.03799185888734728,10.140000000000327,0.16074950690331377,8.269999999999982,5.149499999999966,0.296,-1.0,,,14,4,1.0,2025
2025-02-04 14:00:00+00:00|1.0|handoff_align_follow_h14_tp06_sl065,2025-02-04 14:00:00+00:00,STAGE28A,data/reports/stage28a_discovery_factory_batch_runner/stage28a_exact_trades.csv,session_handoff_imbalance_v1,handoff_align_follow_h14_tp06_sl065,-2.7299749999998317,-3.779974999999831,-4.479974999999831,0,0,0,1,3.779974999999831,58.19999999999982,13.329999999999927,0.3885971492873458,14.659999999999854,0.29058663028651166,3.5900000000001455,6.336000000000081,0.664,1.0,,,14,1,2.0,2025
2025-02-05 14:00:00+00:00|1.0|handoff_align_follow_h14_tp06_sl065,2025-02-05 14:00:00+00:00,STAGE28A,data/reports/stage28a_discovery_factory_batch_runner/stage28a_exact_trades.csv,session_handoff_imbalance_v1,handoff_align_follow_h14_tp06_sl065,1.7175999999998566,0.6675999999998568,-0.0324000000001429,1,0,1,0,0.6675999999998568,38.25,18.450000000000273,0.7501355013550104,23.690000000000055,0.5293372731110145,5.839999999999691,6.330500000000052,0.64,1.0,,,14,2,2.0,2025
2025-02-06 14:00:00+00:00|-1.0|handoff_align_follow_h14_tp06_sl065,2025-02-06 14:00:00+00:00,STAGE28A,data/reports/stage28a_discovery_factory_batch_runner/stage28a_exact_trades.csv,session_handoff_imbalance_v1,handoff_align_follow_h14_tp06_sl065,2.078800000000137,1.0288000000001376,0.3288000000001378,1,1,1,0,1.0288000000001376,42.960000000000036,9.550000000000182,0.08167539267017647,22.480000000000018,0.4181494661921745,9.019999999999982,7.0430000000000295,0.664,-1.0,,,14,3,2.0,2025
2025-02-07 14:00:00+00:00|1.0|handoff_align_follow_h14_tp06_sl065,2025-02-07 14:00:00+00:00,STAGE28A,data/reports/stage28a_discovery_factory_batch_runner/stage28a_exact_trades.csv,session_handoff_imbalance_v1,handoff_align_follow_h14_tp06_sl065,1.2276999999998224,0.1776999999998225,-0.5223000000001772,1,0,1,0,0.1776999999998225,39.25,15.579999999999927,0.5353016688061736,11.7199999999998,0.09556313993173293,3.2399999999997817,4.5334999999999805,0.1,1.0,,,14,4,2.0,2025
2025-02-10 14:00:00+00:00|1.0|handoff_align_follow_h14_tp06_sl065,2025-02-10 14:00:00+00:00,STAGE28A,data/reports/stage28a_discovery_factory_batch_runner/stage28a_exact_trades.csv,session_handoff_imbalance_v1,handoff_align_follow_h14_tp06_sl065,-2.6867499999999382,-3.736749999999938,-4.436749999999938,0,0,0,1,3.736749999999938,14.0,23.190000000000055,0.5066839154808095,30.40000000000009,0.7578947368421018,7.4099999999998545,7.080499999999984,0.544,1.0,,,14,0,2.0,2025
2025-02-11 14:00:00+00:00|-1.0|handoff_align_follow_h14_tp06_sl065,2025-02-11 14:00:00+00:00,STAGE28A,data/reports/stage28a_discovery_factory_batch_runner/stage28a_exact_trades.csv,session_handoff_imbalance_v1,handoff_align_follow_h14_tp06_sl065,-3.287025000000176,-4.337025000000176,-5.037025000000176,0,0,0,1,4.337025000000176,62.570000000000164,38.029999999999745,0.0381277938469584,27.429999999999836,0.49362012395187915,4.380000000000109,10.252999999999997,0.98,-1.0,,,14,1,2.0,2025
2025-02-17 14:00:00+00:00|1.0|handoff_align_follow_h14_tp06_sl065,2025-02-17 14:00:00+00:00,STAGE28A,data/reports/stage28a_discovery_factory_batch_runner/stage28a_exact_trades.csv,session_handoff_imbalance_v1,handoff_align_follow_h14_tp06_sl065,1.7022999999998318,0.652299999999832,-0.0477000000001677,1,0,1,0,0.652299999999832,15.88000000000011,26.809999999999945,0.7411413651622673,18.269999999999982,0.20634920634920556,6.0300000000002,8.70499999999995,0.744,1.0,,,14,0,2.0,2025
2025-02-18 14:00:00+00:00|1.0|handoff_align_follow_h14_tp06_sl065,2025-02-18 14:00:00+00:00,STAGE28A,data/reports/stage28a_discovery_factory_batch_runner/stage28a_exact_trades.csv,session_handoff_imbalance_v1,handoff_align_follow_h14_tp06_sl065,1.2600999999998748,0.2100999999998749,-0.4899000000001248,1,0,1,0,0.2100999999998749,28.340000000000146,19.059999999999945,0.600734522560328,8.389999999999873,0.07866507747322041,5.279999999999745,4.747000000000026,0.016,1.0,,,14,1,2.0,2025
2025-02-20 14:00:00+00:00|1.0|handoff_align_follow_h14_tp06_sl065,2025-02-20 14:00:00+00:00,STAGE28A,data/reports/stage28a_discovery_factory_batch_runner/stage28a_exact_trades.csv,session_handoff_imbalance_v1,handoff_align_follow_h14_tp06_sl065,1.4367999999998573,0.3867999999998575,-0.3132000000001422,1,0,1,0,0.3867999999998575,28.440000000000055,11.75,0.3948936170213045,15.509999999999764,0.7949709864603556,5.690000000000055,6.219999999999982,0.184,1.0,,,14,3,2.0,2025
2025-02-24 14:00:00+00:00|1.0|handoff_align_follow_h14_tp06_sl065,2025-02-24 14:00:00+00:00,STAGE28A,data/reports/stage28a_discovery_factory_batch_runner/stage28a_exact_trades.csv,session_handoff_imbalance_v1,handoff_align_follow_h14_tp06_sl065,1.7890000000001236,0.7390000000001238,0.039000000000124,1,1,1,0,0.7390000000001238,6.440000000000055,23.519999999999982,0.15348639455782867,14.259999999999764,0.15848527349227215,10.529999999999745,7.7085000000000035,0.5,1.0,,,14,0,2.0,2025
2025-02-26 14:00:00+00:00|-1.0|handoff_align_follow_h14_tp06_sl065,2025-02-26 14:00:00+00:00,STAGE28A,data/reports/stage28a_discovery_factory_batch_runner/stage28a_exact_trades.csv,session_handoff_imbalance_v1,handoff_align_follow_h14_tp06_sl065,1.491699999999946,0.4416999999999462,-0.2583000000000535,1,0,1,0,0.4416999999999462,65.84999999999991,17.43000000000029,0.20998278829602945,15.239999999999782,0.1496062992126137,3.3400000000001455,8.137500000000045,0.668,-1.0,,,14,2,2.0,2025
2025-02-27 14:00:00+00:00|-1.0|handoff_align_follow_h14_tp06_sl065,2025-02-27 14:00:00+00:00,STAGE28A,data/reports/stage28a_discovery_factory_batch_runner/stage28a_exact_trades.csv,session_handoff_imbalance_v1,handoff_align_follow_h14_tp06_sl065,-3.787199999999848,-4.837199999999848,-5.537199999999848,0,0,0,1,4.837199999999848,39.42000000000007,24.509999999999764,0.8869849041207667,21.610000000000127,0.2512725590004537,11.400000000000091,7.2150000000001,0.46,-1.0,,,14,3,2.0,2025
2025-02-28 14:00:00+00:00|-1.0|handoff_align_follow_h14_tp06_sl065,2025-02-28 14:00:00+00:00,STAGE28A,data/reports/stage28a_discovery_factory_batch_runner/stage28a_exact_trades.csv,session_handoff_imbalance_v1,handoff_align_follow_h14_tp06_sl065,1.8403000000002063,0.7903000000002067,0.0903000000002069,1,1,1,0,0.7903000000002067,53.149999999999636,28.039999999999964,0.44721825962910056,15.940000000000055,0.04454203262233588,4.579999999999927,7.056999999999993,0.332,-1.0,,,14,4,2.0,2025
2025-03-04 14:00:00+00:00|1.0|handoff_align_follow_h14_tp06_sl065,2025-03-04 14:00:00+00:00,STAGE28A,data/reports/stage28a_discovery_factory_batch_runner/stage28a_exact_trades.csv,session_handoff_imbalance_v1,handoff_align_follow_h14_tp06_sl065,2.4066999999999097,1.35669999999991,0.6566999999999101,1,1,1,0,1.35669999999991,39.940000000000055,11.83999999999969,0.03378378378375394,36.98000000000002,0.6311519740400252,8.679999999999836,7.985500000000002,0.568,1.0,,,14,1,3.0,2025
2025-03-06 14:00:00+00:00|-1.0|handoff_align_follow_h14_tp06_sl065,2025-03-06 14:00:00+00:00,STAGE28A,data/reports/stage28a_discovery_factory_batch_runner/stage28a_exact_trades.csv,session_handoff_imbalance_v1,handoff_align_follow_h14_tp06_sl065,2.8308999999998377,1.7808999999998378,1.080899999999838,1,1,1,0,1.7808999999998378,35.82999999999993,10.510000000000218,0.08658420551858138,31.970000000000255,0.5711604629339887,9.009999999999764,7.509500000000048,0.288,-1.0,,,14,3,3.0,2025
2025-03-10 14:00:00+00:00|1.0|handoff_align_follow_h14_tp06_sl065,2025-03-10 14:00:00+00:00,STAGE28A,data/reports/stage28a_discovery_factory_batch_runner/stage28a_exact_trades.csv,session_handoff_imbalance_v1,handoff_align_follow_h14_tp06_sl065,-3.765100000000166,-4.815100000000166,-5.5151000000001655,0,0,0,1,4.815100000000166,7.430000000000291,10.139999999999873,0.0009861932939071404,18.789999999999964,0.4326769558275503,8.989999999999782,7.227999999999975,0.18,1.0,,,14,0,3.0,2025
2025-03-11 14:00:00+00:00|1.0|handoff_align_follow_h14_tp06_sl065,2025-03-11 14:00:00+00:00,STAGE28A,data/reports/stage28a_discovery_factory_batch_runner/stage28a_exact_trades.csv,session_handoff_imbalance_v1,handoff_align_follow_h14_tp06_sl065,-2.113774999999896,-3.163774999999896,-3.863774999999896,0,0,0,1,3.163774999999896,38.289999999999964,20.169999999999618,0.4615765989092772,21.789999999999964,0.6608536025699915,4.629999999999654,6.954999999999882,0.064,1.0,,,14,1,3.0,2025
2025-03-13 14:00:00+00:00|1.0|handoff_align_follow_h14_tp06_sl065,2025-03-13 14:00:00+00:00,STAGE28A,data/reports/stage28a_discovery_factory_batch_runner/stage28a_exact_trades.csv,session_handoff_imbalance_v1,handoff_align_follow_h14_tp06_sl065,1.4709999999999126,0.4209999999999128,-0.2790000000000869,1,0,1,0,0.4209999999999128,34.40000000000009,14.309999999999945,0.8315863032844261,15.86999999999989,0.043478260869568956,4.549999999999727,5.539499999999952,0.024,1.0,,,14,3,3.0,2025
2025-03-18 14:00:00+00:00|1.0|handoff_align_follow_h14_tp06_sl065,2025-03-18 14:00:00+00:00,STAGE28A,data/reports/stage28a_discovery_factory_batch_runner/stage28a_exact_trades.csv,session_handoff_imbalance_v1,handoff_align_follow_h14_tp06_sl065,-2.691949999999997,-3.741949999999997,-4.441949999999997,0,0,0,1,3.741949999999997,20.670000000000073,17.58999999999969,0.8095508811824919,22.340000000000146,0.4185317815577372,7.070000000000164,5.713000000000011,0.096,1.0,,,14,1,3.0,2025
2025-03-21 14:00:00+00:00|-1.0|handoff_align_follow_h14_tp06_sl065,2025-03-21 14:00:00+00:00,STAGE28A,data/reports/stage28a_discovery_factory_batch_runner/stage28a_exact_trades.csv,session_handoff_imbalance_v1,handoff_align_follow_h14_tp06_sl065,-2.4722499999998946,-3.5222499999998944,-4.222249999999894,0,0,0,1,3.5222499999998944,32.0,19.5,0.7379487179487114,13.140000000000327,0.07686453576866005,8.670000000000073,5.160999999999968,0.008,-1.0,,,14,4,3.0,2025
2025-03-25 14:00:00+00:00|1.0|handoff_align_follow_h14_tp06_sl065,2025-03-25 14:00:00+00:00,STAGE28A,data/reports/stage28a_discovery_factory_batch_runner/stage28a_exact_trades.csv,session_handoff_imbalance_v1,handoff_align_follow_h14_tp06_sl065,1.4677000000000588,0.417700000000059,-0.2822999999999407,1,0,1,0,0.417700000000059,30.789999999999964,8.889999999999873,0.4915635545556753,14.550000000000182,0.5862542955326212,5.949999999999818,5.363000000000011,0.032,1.0,,,14,1,3.0,2025
2025-03-27 14:00:00+00:00|1.0|handoff_align_follow_h14_tp06_sl065,2025-03-27 14:00:00+00:00,STAGE28A,data/reports/stage28a_discovery_factory_batch_runner/stage28a_exact_trades.csv,session_handoff_imbalance_v1,handoff_align_follow_h14_tp06_sl065,2.0275000000000545,0.9775000000000548,0.2775000000000549,1,1,1,0,0.9775000000000548,19.840000000000146,21.110000000000127,0.7607768829938346,29.13000000000011,0.5918297288019283,6.570000000000164,5.750499999999988,0.216,1.0,,,14,3,3.0,2025
2025-03-31 14:00:00+00:00|1.0|handoff_align_follow_h14_tp06_sl065,2025-03-31 14:00:00+00:00,STAGE28A,data/reports/stage28a_discovery_factory_batch_runner/stage28a_exact_trades.csv,session_handoff_imbalance_v1,handoff_align_follow_h14_tp06_sl065,-3.345524999999816,-4.395524999999816,-5.095524999999816,0,0,0,1,4.395524999999816,12.38000000000011,34.820000000000164,0.49109707064904734,22.2199999999998,0.3510351035103419,11.7199999999998,9.256000000000018,0.964,1.0,,,14,0,3.0,2025
2025-04-02 14:00:00+00:00|1.0|handoff_align_follow_h14_tp06_sl065,2025-04-02 14:00:00+00:00,STAGE28A,data/reports/stage28a_discovery_factory_batch_runner/stage28a_exact_trades.csv,session_handoff_imbalance_v1,handoff_align_follow_h14_tp06_sl065,-3.4524499999998626,-4.502449999999863,-5.202449999999862,0,0,0,1,4.502449999999863,48.38000000000011,27.879999999999654,0.5068149210903976,24.329999999999927,0.23386765310316776,21.26000000000022,9.791000000000007,0.936,1.0,,,14,2,4.0,2025
2025-04-04 14:00:00+00:00|-1.0|handoff_align_follow_h14_tp06_sl065,2025-04-04 14:00:00+00:00,STAGE28A,data/reports/stage28a_discovery_factory_batch_runner/stage28a_exact_trades.csv,session_handoff_imbalance_v1,handoff_align_follow_h14_tp06_sl065,4.643800000000192,3.593800000000192,2.8938000000001924,1,1,1,0,3.593800000000192,113.61000000000013,29.670000000000073,0.572295247724974,31.329999999999927,0.25247366741143723,25.539999999999964,12.019000000000029,0.856,-1.0,,,14,4,4.0,2025
2025-04-07 14:00:00+00:00|1.0|handoff_align_follow_h14_tp06_sl065,2025-04-07 14:00:00+00:00,STAGE28A,data/reports/stage28a_discovery_factory_batch_runner/stage28a_exact_trades.csv,session_handoff_imbalance_v1,handoff_align_follow_h14_tp06_sl065,-6.497699999999986,-7.547699999999986,-8.247699999999986,0,0,0,1,7.547699999999986,31.919999999999618,84.09999999999991,0.11319857312722939,31.210000000000036,0.19801345722524283,12.25,24.94249999999988,0.96,1.0,,,14,0,4.0,2025
2025-04-08 14:00:00+00:00|1.0|handoff_align_follow_h14_tp06_sl065,2025-04-08 14:00:00+00:00,STAGE28A,data/reports/stage28a_discovery_factory_batch_runner/stage28a_exact_trades.csv,session_handoff_imbalance_v1,handoff_align_follow_h14_tp06_sl065,2.9664999999999053,1.9164999999999053,1.2164999999999058,1,1,1,0,1.9164999999999053,99.02999999999975,26.2800000000002,0.3047945205479339,24.710000000000036,0.4900849858356985,6.079999999999927,12.565500000000043,0.668,1.0,,,14,1,4.0,2025
2025-04-09 14:00:00+00:00|1.0|handoff_align_follow_h14_tp06_sl065,2025-04-09 14:00:00+00:00,STAGE28A,data/reports/stage28a_discovery_factory_batch_runner/stage28a_exact_trades.csv,session_handoff_imbalance_v1,handoff_align_follow_h14_tp06_sl065,-5.221099999999842,-6.2710999999998425,-6.971099999999842,0,0,0,1,6.2710999999998425,47.98000000000002,41.13999999999987,0.5486144871171555,52.7800000000002,0.7663887836301566,8.929999999999836,14.764000000000033,0.712,1.0,,,14,2,4.0,2025
2025-04-16 14:00:00+00:00|1.0|handoff_align_follow_h14_tp06_sl065,2025-04-16 14:00:00+00:00,STAGE28A,data/reports/stage28a_discovery_factory_batch_runner/stage28a_exact_trades.csv,session_handoff_imbalance_v1,handoff_align_follow_h14_tp06_sl065,4.021599999999944,2.971599999999944,2.2715999999999443,1,1,1,0,2.971599999999944,31.389999999999873,51.76000000000022,0.7735703245749574,48.39000000000033,0.4552593511056014,7.110000000000127,11.417999999999983,0.2,1.0,,,14,2,4.0,2025
2025-04-17 14:00:00+00:00|-1.0|handoff_align_follow_h14_tp06_sl065,2025-04-17 14:00:00+00:00,STAGE28A,data/reports/stage28a_discovery_factory_batch_runner/stage28a_exact_trades.csv,session_handoff_imbalance_v1,handoff_align_follow_h14_tp06_sl065,3.11979999999985,2.06979999999985,1.3697999999998505,1,1,1,0,2.06979999999985,121.34000000000015,36.90000000000009,0.17723577235772214,32.649999999999636,0.7038284839203759,12.960000000000036,12.464499999999997,0.224,-1.0,,,14,3,4.0,2025
2025-04-21 14:00:00+00:00|1.0|handoff_align_follow_h14_tp06_sl065,2025-04-21 14:00:00+00:00,STAGE28A,data/reports/stage28a_discovery_factory_batch_runner/stage28a_exact_trades.csv,session_handoff_imbalance_v1,handoff_align_follow_h14_tp06_sl065,2.395600000000195,1.345600000000195,0.6456000000001954,1,1,1,0,1.345600000000195,24.230000000000018,56.29999999999973,0.6460035523978698,27.25,0.4565137614678919,5.75,12.294999999999959,0.216,1.0,,,14,0,4.0,2025
2025-04-24 14:00:00+00:00|1.0|handoff_align_follow_h14_tp06_sl065,2025-04-24 14:00:00+00:00,STAGE28A,data/reports/stage28a_discovery_factory_batch_runner/stage28a_exact_trades.csv,session_handoff_imbalance_v1,handoff_align_follow_h14_tp06_sl065,4.221699999999965,3.1716999999999644,2.4716999999999647,1,1,1,0,3.1716999999999644,126.44999999999982,79.0,0.23063291139240252,28.09999999999991,0.312455516014243,10.9399999999996,18.023000000000025,0.7,1.0,,,14,3,4.0,2025
2025-04-25 14:00:00+00:00|-1.0|handoff_align_follow_h14_tp06_sl065,2025-04-25 14:00:00+00:00,STAGE28A,data/reports/stage28a_discovery_factory_batch_runner/stage28a_exact_trades.csv,session_handoff_imbalance_v1,handoff_align_follow_h14_tp06_sl065,3.8673999999999977,2.817399999999998,2.117399999999998,1,1,1,0,2.817399999999998,79.0,48.029999999999745,0.906516760358123,40.48999999999978,0.7698197085700232,14.289999999999964,16.518500000000017,0.6,-1.0,,,14,4,4.0,2025
2025-04-28 14:00:00+00:00|-1.0|handoff_align_follow_h14_tp06_sl065,2025-04-28 14:00:00+00:00,STAGE28A,data/reports/stage28a_discovery_factory_batch_runner/stage28a_exact_trades.csv,session_handoff_imbalance_v1,handoff_align_follow_h14_tp06_sl065,-4.41899999999996,-5.46899999999996,-6.16899999999996,0,0,0,1,5.46899999999996,21.850000000000364,62.68000000000029,0.3162093171665615,26.480000000000018,0.6182024169184245,18.579999999999927,16.184000000000083,0.556,-1.0,,,14,0,4.0,2025
2025-04-29 14:00:00+00:00|-1.0|handoff_align_follow_h14_tp06_sl065,2025-04-29 14:00:00+00:00,STAGE28A,data/reports/stage28a_discovery_factory_batch_runner/stage28a_exact_trades.csv,session_handoff_imbalance_v1,handoff_align_follow_h14_tp06_sl065,-3.96692499999981,-5.0169249999998105,-5.71692499999981,0,0,0,1,5.0169249999998105,84.68000000000029,40.26999999999998,0.5495406009436334,19.720000000000255,0.35699797160242763,9.309999999999945,12.009000000000038,0.156,-1.0,,,14,1,4.0,2025
2025-04-30 14:00:00+00:00|-1.0|handoff_align_follow_h14_tp06_sl065,2025-04-30 14:00:00+00:00,STAGE28A,data/reports/stage28a_discovery_factory_batch_runner/stage28a_exact_trades.csv,session_handoff_imbalance_v1,handoff_align_follow_h14_tp06_sl065,3.806800000000203,2.756800000000203,2.056800000000204,1,1,1,0,2.756800000000203,48.690000000000055,24.269999999999982,0.5937371240214201,39.57999999999993,0.7271349166245528,8.850000000000364,10.873999999999956,0.1,-1.0,,,14,2,4.0,2025
2025-05-02 14:00:00+00:00|1.0|handoff_align_follow_h14_tp06_sl065,2025-05-02 14:00:00+00:00,STAGE28A,data/reports/stage28a_discovery_factory_batch_runner/stage28a_exact_trades.csv,session_handoff_imbalance_v1,handoff_align_follow_h14_tp06_sl065,2.910699999999815,1.8606999999998155,1.1606999999998155,1,1,1,0,1.8606999999998155,88.20000000000027,31.109999999999673,0.5483767277402805,20.670000000000073,0.49443638122882266,8.340000000000146,10.624499999999989,0.004,1.0,,,14,4,5.0,2025
2025-05-05 14:00:00+00:00|1.0|handoff_align_follow_h14_tp06_sl065,2025-05-05 14:00:00+00:00,STAGE28A,data/reports/stage28a_discovery_factory_batch_runner/stage28a_exact_trades.csv,session_handoff_imbalance_v1,handoff_align_follow_h14_tp06_sl065,-4.546399999999812,-5.596399999999813,-6.296399999999812,0,0,0,1,5.596399999999813,7.070000000000164,34.75,0.4330935251798483,55.36000000000013,0.9750722543352582,10.039999999999964,12.271500000000106,0.116,1.0,,,14,0,5.0,2025
2025-05-06 14:00:00+00:00|1.0|handoff_align_follow_h14_tp06_sl065,2025-05-06 14:00:00+00:00,STAGE28A,data/reports/stage28a_discovery_factory_batch_runner/stage28a_exact_trades.csv,session_handoff_imbalance_v1,handoff_align_follow_h14_tp06_sl065,3.0340000000000145,1.9840000000000144,1.284000000000015,1,1,1,0,1.9840000000000144,100.18000000000029,63.51999999999998,0.4711901763224157,32.86999999999989,0.6905993306966807,7.140000000000327,13.613500000000045,0.344,1.0,,,14,1,5.0,2025
2025-05-13 14:00:00+00:00|1.0|handoff_align_follow_h14_tp06_sl065,2025-05-13 14:00:00+00:00,STAGE28A,data/reports/stage28a_discovery_factory_batch_runner/stage28a_exact_trades.csv,session_handoff_imbalance_v1,handoff_align_follow_h14_tp06_sl065,2.36349999999984,1.31349999999984,0.6134999999998403,1,1,1,0,1.31349999999984,103.59999999999991,27.399999999999636,0.1021897810219058,30.669999999999618,0.5441799804369176,5.0900000000001455,11.403999999999973,0.076,1.0,,,14,1,5.0,2025
2025-05-16 14:00:00+00:00|-1.0|handoff_align_follow_h14_tp06_sl065,2025-05-16 14:00:00+00:00,STAGE28A,data/reports/stage28a_discovery_factory_batch_runner/stage28a_exact_trades.csv,session_handoff_imbalance_v1,handoff_align_follow_h14_tp06_sl065,-5.741424999999799,-6.7914249999998,-7.491424999999799,0,0,0,1,6.7914249999998,131.69000000000005,45.57999999999993,0.8600263273365585,35.88000000000011,0.07413600891861333,42.09999999999991,14.452999999999928,0.548,-1.0,,,14,4,5.0,2025
2025-05-21 14:00:00+00:00|1.0|handoff_align_follow_h14_tp06_sl065,2025-05-21 14:00:00+00:00,STAGE28A,data/reports/stage28a_discovery_factory_batch_runner/stage28a_exact_trades.csv,session_handoff_imbalance_v1,handoff_align_follow_h14_tp06_sl065,2.9707000000002157,1.9207000000002157,1.2207000000002155,1,1,1,0,1.9207000000002157,92.44000000000005,29.09999999999991,0.3731958762886497,22.159999999999854,0.26579422382673135,9.620000000000346,11.132999999999948,0.128,1.0,,,14,2,5.0,2025
2025-05-23 14:00:00+00:00|1.0|handoff_align_follow_h14_tp06_sl065,2025-05-23 14:00:00+00:00,STAGE28A,data/reports/stage28a_discovery_factory_batch_runner/stage28a_exact_trades.csv,session_handoff_imbalance_v1,handoff_align_follow_h14_tp06_sl065,2.2980999999998857,1.248099999999886,0.5480999999998861,1,1,1,0,1.248099999999886,66.07000000000016,21.76000000000022,0.197150735294114,32.4399999999996,0.8187422934648666,8.360000000000127,9.945500000000038,0.028,1.0,,,14,4,5.0,2025
2025-05-27 14:00:00+00:00|-1.0|handoff_align_follow_h14_tp06_sl065,2025-05-27 14:00:00+00:00,STAGE28A,data/reports/stage28a_discovery_factory_batch_runner/stage28a_exact_trades.csv,session_handoff_imbalance_v1,handoff_align_follow_h14_tp06_sl065,4.309000000000106,3.2590000000001056,2.559000000000106,1,1,1,0,3.2590000000001056,33.23999999999978,18.09999999999991,0.3596685082872816,48.90000000000009,0.9141104294478474,8.700000000000273,9.33500000000006,0.1,-1.0,,,14,1,5.0,2025
2025-06-03 14:00:00+00:00|-1.0|handoff_align_follow_h14_tp06_sl065,2025-06-03 14:00:00+00:00,STAGE28A,data/reports/stage28a_discovery_factory_batch_runner/stage28a_exact_trades.csv,session_handoff_imbalance_v1,handoff_align_follow_h14_tp06_sl065,2.476300000000174,1.426300000000174,0.7263000000001743,1,1,1,0,1.426300000000174,94.19000000000005,32.42000000000007,0.8932757557063532,16.5,0.27636363636363304,3.6799999999998363,8.909000000000015,0.064,-1.0,,,14,1,6.0,2025
2025-06-04 14:00:00+00:00|1.0|handoff_align_follow_h14_tp06_sl065,2025-06-04 14:00:00+00:00,STAGE28A,data/reports/stage28a_discovery_factory_batch_runner/stage28a_exact_trades.csv,session_handoff_imbalance_v1,handoff_align_follow_h14_tp06_sl065,-3.38452500000003,-4.434525000000031,-5.13452500000003,0,0,0,1,4.434525000000031,59.320000000000164,26.11999999999989,0.07465543644716027,17.25,0.2179710144927663,16.43000000000029,8.968999999999937,0.088,1.0,,,14,2,6.0,2025
2025-06-11 14:00:00+00:00|1.0|handoff_align_follow_h14_tp06_sl065,2025-06-11 14:00:00+00:00,STAGE28A,data/reports/stage28a_discovery_factory_batch_runner/stage28a_exact_trades.csv,session_handoff_imbalance_v1,handoff_align_follow_h14_tp06_sl065,-3.3630749999998444,-4.413074999999845,-5.113074999999844,0,0,0,1,4.413074999999845,47.15000000000009,26.059999999999945,0.5721412125863349,17.140000000000327,0.3302217036172547,8.2199999999998,8.696000000000026,0.08,1.0,,,14,2,6.0,2025
2025-06-16 14:00:00+00:00|-1.0|handoff_align_follow_h14_tp06_sl065,2025-06-16 14:00:00+00:00,STAGE28A,data/reports/stage28a_discovery_factory_batch_runner/stage28a_exact_trades.csv,session_handoff_imbalance_v1,handoff_align_follow_h14_tp06_sl065,2.752899999999863,1.7028999999998633,1.0028999999998636,1,1,1,0,1.7028999999998633,20.269999999999982,23.529999999999745,0.7178070548236317,23.769999999999982,0.8199411022296927,10.5300000000002,10.622499999999992,0.48,-1.0,,,14,0,6.0,2025
2025-06-17 14:00:00+00:00|-1.0|handoff_align_follow_h14_tp06_sl065,2025-06-17 14:00:00+00:00,STAGE28A,data/reports/stage28a_discovery_factory_batch_runner/stage28a_exact_trades.csv,session_handoff_imbalance_v1,handoff_align_follow_h14_tp06_sl065,2.8443999999998595,1.7943999999998597,1.09439999999986,1,1,1,0,1.7943999999998597,70.05999999999995,29.539999999999964,0.2599864590386019,20.360000000000127,0.10559921414538691,13.429999999999836,9.796000000000026,0.332,-1.0,,,14,1,6.0,2025
2025-06-19 14:00:00+00:00|-1.0|handoff_align_follow_h14_tp06_sl065,2025-06-19 14:00:00+00:00,STAGE28A,data/reports/stage28a_discovery_factory_batch_runner/stage28a_exact_trades.csv,session_handoff_imbalance_v1,handoff_align_follow_h14_tp06_sl065,2.922399999999834,1.8723999999998344,1.1723999999998345,1,1,1,0,1.8723999999998344,37.409999999999854,18.40000000000009,0.08641304347826835,27.670000000000073,0.11962414166967607,9.799999999999727,10.18799999999992,0.432,-1.0,,,14,3,6.0,2025
2025-06-20 14:00:00+00:00|-1.0|handoff_align_follow_h14_tp06_sl065,2025-06-20 14:00:00+00:00,STAGE28A,data/reports/stage28a_discovery_factory_batch_runner/stage28a_exact_trades.csv,session_handoff_imbalance_v1,handoff_align_follow_h14_tp06_sl065,2.0469999999999344,0.9969999999999346,0.2969999999999348,1,1,1,0,0.9969999999999346,40.36000000000013,25.590000000000146,0.3993747557639602,18.860000000000127,0.01590668080592392,2.930000000000291,8.158000000000083,0.036,-1.0,,,14,4,6.0,2025
2025-06-23 14:00:00+00:00|-1.0|handoff_align_follow_h14_tp06_sl065,2025-06-23 14:00:00+00:00,STAGE28A,data/reports/stage28a_discovery_factory_batch_runner/stage28a_exact_trades.csv,session_handoff_imbalance_v1,handoff_align_follow_h14_tp06_sl065,2.107600000000184,1.0576000000001842,0.3576000000001844,1,1,1,0,1.0576000000001842,23.81999999999971,44.409999999999854,0.3560009006980409,21.91000000000031,0.14696485623002073,4.229999999999563,9.49699999999998,0.332,-1.0,,,14,0,6.0,2025
2025-06-24 14:00:00+00:00|-1.0|handoff_align_follow_h14_tp06_sl065,2025-06-24 14:00:00+00:00,STAGE28A,data/reports/stage28a_discovery_factory_batch_runner/stage28a_exact_trades.csv,session_handoff_imbalance_v1,handoff_align_follow_h14_tp06_sl065,2.8897000000000843,1.8397000000000845,1.1397000000000848,1,1,1,0,1.8397000000000845,49.309999999999945,36.75,0.08408163265306519,37.289999999999964,0.9155269509251784,9.150000000000091,12.383000000000061,0.792,-1.0,,,14,1,6.0,2025
2025-06-26 14:00:00+00:00|1.0|handoff_align_follow_h14_tp06_sl065,2025-06-26 14:00:00+00:00,STAGE28A,data/reports/stage28a_discovery_factory_batch_runner/stage28a_exact_trades.csv,session_handoff_imbalance_v1,handoff_align_follow_h14_tp06_sl065,1.7296000000000276,0.6796000000000277,-0.0203999999999719,1,0,1,0,0.6796000000000277,25.09999999999991,13.859999999999673,0.3448773448773675,19.23999999999978,0.12577962577963098,5.5099999999997635,7.147500000000036,0.04,1.0,,,14,3,6.0,2025
2025-06-27 14:00:00+00:00|-1.0|handoff_align_follow_h14_tp06_sl065,2025-06-27 14:00:00+00:00,STAGE28A,data/reports/stage28a_discovery_factory_batch_runner/stage28a_exact_trades.csv,session_handoff_imbalance_v1,handoff_align_follow_h14_tp06_sl065,-3.88794999999991,-4.93794999999991,-5.637949999999909,0,0,0,1,4.93794999999991,40.289999999999964,35.63000000000011,0.7605950042099305,19.050000000000182,0.6068241469816187,11.169999999999618,8.703500000000009,0.208,-1.0,,,14,4,6.0,2025
2025-06-30 14:00:00+00:00|1.0|handoff_align_follow_h14_tp06_sl065,2025-06-30 14:00:00+00:00,STAGE28A,data/reports/stage28a_discovery_factory_batch_runner/stage28a_exact_trades.csv,session_handoff_imbalance_v1,handoff_align_follow_h14_tp06_sl065,2.2560999999999694,1.2060999999999695,0.5060999999999698,1,1,1,0,1.2060999999999695,33.51999999999998,34.99000000000024,0.43498142326379396,19.809999999999945,0.4437152953054007,6.329999999999927,10.632500000000004,0.668,1.0,,,14,0,6.0,2025
2025-07-01 14:00:00+00:00|1.0|handoff_align_follow_h14_tp06_sl065,2025-07-01 14:00:00+00:00,STAGE28A,data/reports/stage28a_discovery_factory_batch_runner/stage28a_exact_trades.csv,session_handoff_imbalance_v1,handoff_align_follow_h14_tp06_sl065,-2.8414499999999863,-3.891449999999986,-4.591449999999986,0,0,0,1,3.891449999999986,63.93000000000029,20.279999999999745,0.4817554240631215,29.08999999999969,0.8446201443795108,5.269999999999982,7.159500000000071,0.044,1.0,,,14,1,7.0,2025
2025-07-02 14:00:00+00:00|-1.0|handoff_align_follow_h14_tp06_sl065,2025-07-02 14:00:00+00:00,STAGE28A,data/reports/stage28a_discovery_factory_batch_runner/stage28a_exact_trades.csv,session_handoff_imbalance_v1,handoff_align_follow_h14_tp06_sl065,-2.692924999999923,-3.742924999999923,-4.4429249999999225,0,0,0,1,3.742924999999923,55.48999999999978,16.179999999999836,0.10074165636589157,16.269999999999982,0.10571604179472997,5.059999999999945,6.6784999999999854,0.032,-1.0,,,14,2,7.0,2025
2025-07-04 14:00:00+00:00|1.0|handoff_align_follow_h14_tp06_sl065,2025-07-04 14:00:00+00:00,STAGE28A,data/reports/stage28a_discovery_factory_batch_runner/stage28a_exact_trades.csv,session_handoff_imbalance_v1,handoff_align_follow_h14_tp06_sl065,1.604200000000128,0.5542000000001281,-0.1457999999998716,1,0,1,0,0.5542000000001281,54.36999999999989,15.200000000000273,0.6059210526315705,12.009999999999764,0.32556203164029407,6.549999999999727,5.810500000000024,0.008,1.0,,,14,4,7.0,2025
2025-07-07 14:00:00+00:00|-1.0|handoff_align_follow_h14_tp06_sl065,2025-07-07 14:00:00+00:00,STAGE28A,data/reports/stage28a_discovery_factory_batch_runner/stage28a_exact_trades.csv,session_handoff_imbalance_v1,handoff_align_follow_h14_tp06_sl065,2.439400000000114,1.3894000000001143,0.6894000000001146,1,1,1,0,1.3894000000001143,10.329999999999927,36.67000000000007,0.6152167984728634,14.470000000000255,0.13407049067032245,14.229999999999563,8.691499999999952,0.52,-1.0,,,14,0,7.0,2025
2025-07-08 14:00:00+00:00|-1.0|handoff_align_follow_h14_tp06_sl065,2025-07-08 14:00:00+00:00,STAGE28A,data/reports/stage28a_discovery_factory_batch_runner/stage28a_exact_trades.csv,session_handoff_imbalance_v1,handoff_align_follow_h14_tp06_sl065,-2.758574999999928,-3.808574999999928,-4.508574999999928,0,0,0,1,3.808574999999928,46.31999999999971,16.210000000000036,0.5077112893275756,18.2800000000002,0.5202407002188246,6.619999999999891,6.558999999999992,0.084,-1.0,,,14,1,7.0,2025
2025-07-09 14:00:00+00:00|-1.0|handoff_align_follow_h14_tp06_sl065,2025-07-09 14:00:00+00:00,STAGE28A,data/reports/stage28a_discovery_factory_batch_runner/stage28a_exact_trades.csv,session_handoff_imbalance_v1,handoff_align_follow_h14_tp06_sl065,-2.877199999999993,-3.927199999999994,-4.627199999999993,0,0,0,1,3.927199999999994,58.720000000000255,23.039999999999964,0.36067708333333154,15.109999999999673,0.2766379880873545,7.639999999999873,7.731499999999937,0.412,-1.0,,,14,2,7.0,2025
2025-07-15 14:00:00+00:00|1.0|handoff_align_follow_h14_tp06_sl065,2025-07-15 14:00:00+00:00,STAGE28A,data/reports/stage28a_discovery_factory_batch_runner/stage28a_exact_trades.csv,session_handoff_imbalance_v1,handoff_align_follow_h14_tp06_sl065,-2.7406999999999244,-3.790699999999924,-4.490699999999924,0,0,0,1,3.790699999999924,34.059999999999945,17.06999999999971,0.7158758055067641,9.0,0.6077777777777555,5.149999999999636,5.471000000000027,0.012,1.0,,,14,1,7.0,2025
2025-07-16 14:00:00+00:00|1.0|handoff_align_follow_h14_tp06_sl065,2025-07-16 14:00:00+00:00,STAGE28A,data/reports/stage28a_discovery_factory_batch_runner/stage28a_exact_trades.csv,session_handoff_imbalance_v1,handoff_align_follow_h14_tp06_sl065,-1.9850750000001427,-3.0350750000001425,-3.7350750000001423,0,0,0,0,3.0350750000001425,46.159999999999854,11.390000000000327,0.678665496049148,10.139999999999873,0.5601577909270574,6.230000000000018,6.547999999999979,0.088,1.0,,,14,2,7.0,2025
2025-07-17 14:00:00+00:00|-1.0|handoff_align_follow_h14_tp06_sl065,2025-07-17 14:00:00+00:00,STAGE28A,data/reports/stage28a_discovery_factory_batch_runner/stage28a_exact_trades.csv,session_handoff_imbalance_v1,handoff_align_follow_h14_tp06_sl065,1.9779999999999744,0.9279999999999746,0.2279999999999749,1,1,1,0,0.9279999999999746,57.909999999999854,16.170000000000073,0.5009276437847787,20.009999999999764,0.7901049475262435,6.139999999999873,8.997000000000025,0.816,-1.0,,,14,3,7.0,2025
2025-07-21 14:00:00+00:00|1.0|handoff_align_follow_h14_tp06_sl065,2025-07-21 14:00:00+00:00,STAGE28A,data/reports/stage28a_discovery_factory_batch_runner/stage28a_exact_trades.csv,session_handoff_imbalance_v1,handoff_align_follow_h14_tp06_sl065,-2.087450000000081,-3.1374500000000807,-3.83745000000008,0,0,0,1,3.1374500000000807,5.199999999999818,13.569999999999709,0.25718496683860403,20.029999999999745,0.7393909136295623,5.220000000000255,5.471499999999901,0.024,1.0,,,14,0,7.0,2025
2025-07-22 14:00:00+00:00|-1.0|handoff_align_follow_h14_tp06_sl065,2025-07-22 14:00:00+00:00,STAGE28A,data/reports/stage28a_discovery_factory_batch_runner/stage28a_exact_trades.csv,session_handoff_imbalance_v1,handoff_align_follow_h14_tp06_sl065,1.1233000000001083,0.0733000000001085,-0.6266999999998912,1,0,0,0,0.0733000000001085,56.7199999999998,17.450000000000273,0.38739255014327295,9.409999999999854,0.6992561105207257,2.8599999999996726,5.479500000000007,0.028,-1.0,,,14,1,7.0,2025
2025-07-24 14:00:00+00:00|-1.0|handoff_align_follow_h14_tp06_sl065,2025-07-24 14:00:00+00:00,STAGE28A,data/reports/stage28a_discovery_factory_batch_runner/stage28a_exact_trades.csv,session_handoff_imbalance_v1,handoff_align_follow_h14_tp06_sl065,2.109400000000187,1.059400000000187,0.3594000000001873,1,1,1,0,1.059400000000187,57.620000000000346,18.539999999999964,0.1564185544768121,23.389999999999873,0.8610517315092107,5.119999999999891,8.17799999999993,0.688,-1.0,,,14,3,7.0,2025
2025-07-25 14:00:00+00:00|-1.0|handoff_align_follow_h14_tp06_sl065,2025-07-25 14:00:00+00:00,STAGE28A,data/reports/stage28a_discovery_factory_batch_runner/stage28a_exact_trades.csv,session_handoff_imbalance_v1,handoff_align_follow_h14_tp06_sl065,-2.6373500000000605,-3.68735000000006,-4.38735000000006,0,0,0,1,3.68735000000006,41.970000000000255,14.789999999999964,0.6544962812711197,20.38000000000011,0.6506378802747641,6.9900000000002365,5.880999999999972,0.096,-1.0,,,14,4,7.0,2025
2025-07-30 14:00:00+00:00|1.0|handoff_align_follow_h14_tp06_sl065,2025-07-30 14:00:00+00:00,STAGE28A,data/reports/stage28a_discovery_factory_batch_runner/stage28a_exact_trades.csv,session_handoff_imbalance_v1,handoff_align_follow_h14_tp06_sl065,-2.558050000000185,-3.6080500000001847,-4.3080500000001845,0,0,0,1,3.6080500000001847,26.38000000000011,11.730000000000018,0.06308610400684019,10.860000000000127,0.2651933701657528,6.2599999999997635,5.80900000000006,0.068,1.0,,,14,2,7.0,2025
2025-07-31 14:00:00+00:00|1.0|handoff_align_follow_h14_tp06_sl065,2025-07-31 14:00:00+00:00,STAGE28A,data/reports/stage28a_discovery_factory_batch_runner/stage28a_exact_trades.csv,session_handoff_imbalance_v1,handoff_align_follow_h14_tp06_sl065,-3.454400000000169,-4.504400000000169,-5.204400000000168,0,0,0,1,4.504400000000169,65.80000000000018,24.590000000000146,0.6547376982513141,21.06999999999971,0.5495965828191783,14.240000000000236,9.315500000000089,0.912,1.0,,,14,3,7.0,2025
2025-08-05 14:00:00+00:00|-1.0|handoff_align_follow_h14_tp06_sl065,2025-08-05 14:00:00+00:00,STAGE28A,data/reports/stage28a_discovery_factory_batch_runner/stage28a_exact_trades.csv,session_handoff_imbalance_v1,handoff_align_follow_h14_tp06_sl065,1.8367000000002007,0.7867000000002009,0.0867000000002011,1,1,1,0,0.7867000000002009,40.25999999999976,10.429999999999836,0.2550335570470135,16.519999999999982,0.7481840193704686,8.849999999999909,5.545500000000038,0.016,-1.0,,,14,1,8.0,2025
2025-08-06 14:00:00+00:00|-1.0|handoff_align_follow_h14_tp06_sl065,2025-08-06 14:00:00+00:00,STAGE28A,data/reports/stage28a_discovery_factory_batch_runner/stage28a_exact_trades.csv,session_handoff_imbalance_v1,handoff_align_follow_h14_tp06_sl065,1.8549999999999272,0.8049999999999273,0.1049999999999276,1,1,1,0,0.8049999999999273,40.220000000000255,12.699999999999818,0.4,20.40000000000009,0.7725490196078504,7.099999999999909,5.973500000000013,0.036,-1.0,,,14,2,8.0,2025
2025-08-08 14:00:00+00:00|-1.0|handoff_align_follow_h14_tp06_sl065,2025-08-08 14:00:00+00:00,STAGE28A,data/reports/stage28a_discovery_factory_batch_runner/stage28a_exact_trades.csv,session_handoff_imbalance_v1,handoff_align_follow_h14_tp06_sl065,-3.439774999999918,-4.489774999999918,-5.189774999999917,0,0,0,1,4.489774999999918,41.5,27.710000000000036,0.3471670876939689,15.539999999999964,0.30630630630632105,16.61999999999989,10.050499999999966,0.88,-1.0,,,14,4,8.0,2025
2025-08-11 14:00:00+00:00|-1.0|handoff_align_follow_h14_tp06_sl065,2025-08-11 14:00:00+00:00,STAGE28A,data/reports/stage28a_discovery_factory_batch_runner/stage28a_exact_trades.csv,session_handoff_imbalance_v1,handoff_align_follow_h14_tp06_sl065,-3.8294499999998153,-4.879449999999816,-5.579449999999815,0,0,0,1,4.879449999999816,14.559999999999945,37.40000000000009,0.4558823529411681,27.259999999999764,0.9233308877476263,10.690000000000055,10.610999999999967,0.86,-1.0,,,14,0,8.0,2025
2025-08-18 14:00:00+00:00|1.0|handoff_align_follow_h14_tp06_sl065,2025-08-18 14:00:00+00:00,STAGE28A,data/reports/stage28a_discovery_factory_batch_runner/stage28a_exact_trades.csv,session_handoff_imbalance_v1,handoff_align_follow_h14_tp06_sl065,-2.4247999999998684,-3.474799999999868,-4.174799999999868,0,0,0,1,3.474799999999868,6.019999999999982,28.190000000000055,0.4522880454061715,13.799999999999727,0.07608695652172086,4.889999999999873,7.232000000000016,0.352,1.0,,,14,0,8.0,2025
2025-08-19 14:00:00+00:00|1.0|handoff_align_follow_h14_tp06_sl065,2025-08-19 14:00:00+00:00,STAGE28A,data/reports/stage28a_discovery_factory_batch_runner/stage28a_exact_trades.csv,session_handoff_imbalance_v1,handoff_align_follow_h14_tp06_sl065,1.2238000000001192,0.1738000000001194,-0.5261999999998803,1,0,1,0,0.1738000000001194,34.79999999999973,15.579999999999927,0.21694480102696564,7.289999999999964,0.20301783264746578,5.989999999999782,4.80799999999997,0.004,1.0,,,14,1,8.0,2025
2025-08-20 14:00:00+00:00|1.0|handoff_align_follow_h14_tp06_sl065,2025-08-20 14:00:00+00:00,STAGE28A,data/reports/stage28a_discovery_factory_batch_runner/stage28a_exact_trades.csv,session_handoff_imbalance_v1,handoff_align_follow_h14_tp06_sl065,-1.9889749999998456,-3.0389749999998457,-3.738974999999845,0,0,0,0,3.0389749999998457,30.36999999999989,7.0300000000002,0.09246088193457645,10.38000000000011,0.8333333333333334,4.0,4.474000000000001,0.004,1.0,,,14,2,8.0,2025
2025-08-21 14:00:00+00:00|-1.0|handoff_align_follow_h14_tp06_sl065,2025-08-21 14:00:00+00:00,STAGE28A,data/reports/stage28a_discovery_factory_batch_runner/stage28a_exact_trades.csv,session_handoff_imbalance_v1,handoff_align_follow_h14_tp06_sl065,1.562499999999909,0.5124999999999091,-0.1875000000000906,1,0,1,0,0.5124999999999091,38.88999999999987,12.33999999999969,0.793354943273923,7.849999999999909,0.09044585987261715,14.150000000000091,4.857500000000004,0.032,-1.0,,,14,3,8.0,2025
2025-08-22 14:00:00+00:00|-1.0|handoff_align_follow_h14_tp06_sl065,2025-08-22 14:00:00+00:00,STAGE28A,data/reports/stage28a_discovery_factory_batch_runner/stage28a_exact_trades.csv,session_handoff_imbalance_v1,handoff_align_follow_h14_tp06_sl065,1.38279999999977,0.3327999999997701,-0.3672000000002295,1,0,1,0,0.3327999999997701,26.9699999999998,9.139999999999873,0.7647702407002553,9.659999999999854,0.1946169772256871,2.7599999999997635,4.326499999999965,0.004,-1.0,,,14,4,8.0,2025
2025-08-26 14:00:00+00:00|1.0|handoff_align_follow_h14_tp06_sl065,2025-08-26 14:00:00+00:00,STAGE28A,data/reports/stage28a_discovery_factory_batch_runner/stage28a_exact_trades.csv,session_handoff_imbalance_v1,handoff_align_follow_h14_tp06_sl065,-2.9269249999998466,-3.9769249999998464,-4.676924999999846,0,0,0,1,3.9769249999998464,16.389999999999873,35.129999999999654,0.22687161969826014,12.58999999999969,0.030182684670346602,7.839999999999691,8.097499999999968,0.836,1.0,,,14,1,8.0,2025
2025-08-29 14:00:00+00:00|-1.0|handoff_align_follow_h14_tp06_sl065,2025-08-29 14:00:00+00:00,STAGE28A,data/reports/stage28a_discovery_factory_batch_runner/stage28a_exact_trades.csv,session_handoff_imbalance_v1,handoff_align_follow_h14_tp06_sl065,-1.944775000000027,-2.994775000000027,-3.6947750000000266,0,0,0,0,2.994775000000027,38.56999999999971,10.489999999999782,0.5633937082936108,8.269999999999982,0.44740024183800253,4.119999999999891,4.599499999999944,0.024,-1.0,,,14,4,8.0,2025
2025-09-01 14:00:00+00:00|1.0|handoff_align_follow_h14_tp06_sl065,2025-09-01 14:00:00+00:00,STAGE28A,data/reports/stage28a_discovery_factory_batch_runner/stage28a_exact_trades.csv,session_handoff_imbalance_v1,handoff_align_follow_h14_tp06_sl065,2.4810999999998784,1.4310999999998786,0.7310999999998788,1,1,1,0,1.4310999999998786,10.070000000000164,48.98000000000002,0.49407921600653865,22.579999999999927,0.22630646589903206,7.579999999999927,10.495500000000016,0.976,1.0,,,14,0,9.0,2025
2025-09-03 14:00:00+00:00|1.0|handoff_align_follow_h14_tp06_sl065,2025-09-03 14:00:00+00:00,STAGE28A,data/reports/stage28a_discovery_factory_batch_runner/stage28a_exact_trades.csv,session_handoff_imbalance_v1,handoff_align_follow_h14_tp06_sl065,-3.1508500000000823,-4.200850000000083,-4.900850000000082,0,0,0,1,4.200850000000083,70.11000000000013,20.48999999999978,0.07369448511467934,14.86999999999989,0.24277067921991619,9.289999999999964,8.954500000000007,0.816,1.0,,,14,2,9.0,2025
2025-09-09 14:00:00+00:00|1.0|handoff_align_follow_h14_tp06_sl065,2025-09-09 14:00:00+00:00,STAGE28A,data/reports/stage28a_discovery_factory_batch_runner/stage28a_exact_trades.csv,session_handoff_imbalance_v1,handoff_align_follow_h14_tp06_sl065,-3.5691250000000765,-4.619125000000077,-5.319125000000076,0,0,0,1,4.619125000000077,67.81999999999971,26.2800000000002,0.6255707762556878,22.7199999999998,0.3371478873239602,7.199999999999818,8.736999999999966,0.436,1.0,,,14,1,9.0,2025
2025-09-10 14:00:00+00:00|1.0|handoff_align_follow_h14_tp06_sl065,2025-09-10 14:00:00+00:00,STAGE28A,data/reports/stage28a_discovery_factory_batch_runner/stage28a_exact_trades.csv,session_handoff_imbalance_v1,handoff_align_follow_h14_tp06_sl065,-2.918475000000035,-3.968475000000035,-4.668475000000035,0,0,0,1,3.968475000000035,48.75999999999976,21.710000000000036,0.044679871027167126,19.68000000000029,0.9563008130081243,5.9900000000002365,8.64650000000006,0.368,1.0,,,14,2,9.0,2025
2025-09-11 14:00:00+00:00|-1.0|handoff_align_follow_h14_tp06_sl065,2025-09-11 14:00:00+00:00,STAGE28A,data/reports/stage28a_discovery_factory_batch_runner/stage28a_exact_trades.csv,session_handoff_imbalance_v1,handoff_align_follow_h14_tp06_sl065,2.2978000000001884,1.2478000000001883,0.5478000000001888,1,1,1,0,1.2478000000001883,38.68000000000029,19.309999999999945,0.40963231486275903,23.88000000000011,0.43467336683417346,4.989999999999782,7.893499999999949,0.224,-1.0,,,14,3,9.0,2025
2025-09-16 14:00:00+00:00|1.0|handoff_align_follow_h14_tp06_sl065,2025-09-16 14:00:00+00:00,STAGE28A,data/reports/stage28a_discovery_factory_batch_runner/stage28a_exact_trades.csv,session_handoff_imbalance_v1,handoff_align_follow_h14_tp06_sl065,1.9536999999999352,0.9036999999999352,0.2036999999999356,1,1,1,0,0.9036999999999352,58.88000000000011,14.720000000000255,0.1555706521739079,18.590000000000146,0.9214631522323816,5.779999999999745,7.6019999999999985,0.132,1.0,,,14,1,9.0,2025
2025-09-17 14:00:00+00:00|-1.0|handoff_align_follow_h14_tp06_sl065,2025-09-17 14:00:00+00:00,STAGE28A,data/reports/stage28a_discovery_factory_batch_runner/stage28a_exact_trades.csv,session_handoff_imbalance_v1,handoff_align_follow_h14_tp06_sl065,2.399199999999746,1.3491999999997462,0.6491999999997464,1,1,1,0,1.3491999999997462,28.450000000000273,21.039999999999964,0.4857414448669115,23.460000000000036,0.5920716112531906,9.209999999999582,6.55,0.06,-1.0,,,14,2,9.0,2025
2025-09-19 14:00:00+00:00|1.0|handoff_align_follow_h14_tp06_sl065,2025-09-19 14:00:00+00:00,STAGE28A,data/reports/stage28a_discovery_factory_batch_runner/stage28a_exact_trades.csv,session_handoff_imbalance_v1,handoff_align_follow_h14_tp06_sl065,1.8252999999998791,0.7752999999998793,0.0752999999998795,1,1,1,0,0.7752999999998793,45.320000000000164,24.13000000000011,0.551181102362191,17.690000000000055,0.28886376483889836,4.069999999999709,7.188000000000102,0.152,1.0,,,14,4,9.0,2025
2025-09-22 14:00:00+00:00|1.0|handoff_align_follow_h14_tp06_sl065,2025-09-22 14:00:00+00:00,STAGE28A,data/reports/stage28a_discovery_factory_batch_runner/stage28a_exact_trades.csv,session_handoff_imbalance_v1,handoff_align_follow_h14_tp06_sl065,-3.4303500000001805,-4.480350000000181,-5.18035000000018,0,0,0,1,4.480350000000181,8.700000000000273,13.7800000000002,0.5079825834542742,36.529999999999745,0.7601970982754074,7.110000000000127,8.242499999999996,0.332,1.0,,,14,0,9.0,2025
2025-09-23 14:00:00+00:00|1.0|handoff_align_follow_h14_tp06_sl065,2025-09-23 14:00:00+00:00,STAGE28A,data/reports/stage28a_discovery_factory_batch_runner/stage28a_exact_trades.csv,session_handoff_imbalance_v1,handoff_align_follow_h14_tp06_sl065,3.012999999999829,1.962999999999829,1.2629999999998294,1,1,1,0,1.962999999999829,65.05000000000018,22.389999999999873,0.2880750334970904,48.059999999999945,0.7973366625052062,6.9099999999998545,9.849499999999944,0.784,1.0,,,14,1,9.0,2025
2025-09-29 14:00:00+00:00|1.0|handoff_align_follow_h14_tp06_sl065,2025-09-29 14:00:00+00:00,STAGE28A,data/reports/stage28a_discovery_factory_batch_runner/stage28a_exact_trades.csv,session_handoff_imbalance_v1,handoff_align_follow_h14_tp06_sl065,3.0307000000001607,1.9807000000001609,1.2807000000001612,1,1,1,0,1.9807000000001609,14.63000000000011,43.039999999999964,0.5534386617100309,27.38000000000011,0.4755295836376892,11.970000000000255,12.663999999999964,0.936,1.0,,,14,0,9.0,2025
2025-10-01 14:00:00+00:00|1.0|handoff_align_follow_h14_tp06_sl065,2025-10-01 14:00:00+00:00,STAGE28A,data/reports/stage28a_discovery_factory_batch_runner/stage28a_exact_trades.csv,session_handoff_imbalance_v1,handoff_align_follow_h14_tp06_sl065,3.4054000000000086,2.355400000000009,1.655400000000009,1,1,1,0,2.355400000000009,78.48999999999978,21.0,0.0890476190476355,42.070000000000164,0.6467791775612058,4.309999999999945,10.48800000000001,0.456,1.0,,,14,2,10.0,2025
2025-10-02 14:00:00+00:00|1.0|handoff_align_follow_h14_tp06_sl065,2025-10-02 14:00:00+00:00,STAGE28A,data/reports/stage28a_discovery_factory_batch_runner/stage28a_exact_trades.csv,session_handoff_imbalance_v1,handoff_align_follow_h14_tp06_sl065,-3.804099999999926,-4.854099999999926,-5.554099999999925,0,0,0,1,4.854099999999926,42.070000000000164,17.580000000000382,0.24857792946531573,17.940000000000055,0.696209587513921,8.019999999999982,9.98599999999999,0.272,1.0,,,14,3,10.0,2025
2025-10-06 14:00:00+00:00|1.0|handoff_align_follow_h14_tp06_sl065,2025-10-06 14:00:00+00:00,STAGE28A,data/reports/stage28a_discovery_factory_batch_runner/stage28a_exact_trades.csv,session_handoff_imbalance_v1,handoff_align_follow_h14_tp06_sl065,3.712600000000202,2.6626000000002024,1.9626000000002024,1,1,1,0,2.6626000000002024,17.269999999999982,47.940000000000055,0.6191072173550229,27.0,0.47259259259260067,14.269999999999982,12.79750000000006,0.772,1.0,,,14,0,10.0,2025
2025-10-08 14:00:00+00:00|1.0|handoff_align_follow_h14_tp06_sl065,2025-10-08 14:00:00+00:00,STAGE28A,data/reports/stage28a_discovery_factory_batch_runner/stage28a_exact_trades.csv,session_handoff_imbalance_v1,handoff_align_follow_h14_tp06_sl065,-4.195400000000154,-5.245400000000155,-5.945400000000154,0,0,0,1,5.245400000000155,50.070000000000164,33.5,0.750447761194026,34.840000000000146,0.9916762342135357,15.940000000000055,11.853000000000089,0.412,1.0,,,14,2,10.0,2025
2025-10-09 14:00:00+00:00|1.0|handoff_align_follow_h14_tp06_sl065,2025-10-09 14:00:00+00:00,STAGE28A,data/reports/stage28a_discovery_factory_batch_runner/stage28a_exact_trades.csv,session_handoff_imbalance_v1,handoff_align_follow_h14_tp06_sl065,2.691400000000067,1.641400000000067,0.9414000000000672,1,1,1,0,1.641400000000067,76.17000000000007,39.840000000000146,0.13453815261044447,20.940000000000055,0.5076408787010546,8.009999999999764,15.47650000000001,0.932,1.0,,,14,3,10.0,2025
2025-10-13 14:00:00+00:00|1.0|handoff_align_follow_h14_tp06_sl065,2025-10-13 14:00:00+00:00,STAGE28A,data/reports/stage28a_discovery_factory_batch_runner/stage28a_exact_trades.csv,session_handoff_imbalance_v1,handoff_align_follow_h14_tp06_sl065,-4.3244249999998825,-5.374424999999883,-6.0744249999998825,0,0,0,1,5.374424999999883,46.13000000000011,61.30000000000018,0.15595432300162998,28.690000000000055,0.882886023004527,13.8100000000004,20.900500000000033,0.936,1.0,,,14,0,10.0,2025
2025-10-15 14:00:00+00:00|1.0|handoff_align_follow_h14_tp06_sl065,2025-10-15 14:00:00+00:00,STAGE28A,data/reports/stage28a_discovery_factory_batch_runner/stage28a_exact_trades.csv,session_handoff_imbalance_v1,handoff_align_follow_h14_tp06_sl065,-6.426200000000426,-7.476200000000427,-8.176200000000426,0,0,0,1,7.476200000000427,89.0300000000002,50.0600000000004,0.5687175389532566,53.57999999999993,0.10246360582308135,15.430000000000291,17.222500000000082,0.684,1.0,,,14,2,10.0,2025
2025-10-21 14:00:00+00:00|-1.0|handoff_align_follow_h14_tp06_sl065,2025-10-21 14:00:00+00:00,STAGE28A,data/reports/stage28a_discovery_factory_batch_runner/stage28a_exact_trades.csv,session_handoff_imbalance_v1,handoff_align_follow_h14_tp06_sl065,9.152199999999905,8.102199999999902,7.402199999999903,1,1,1,0,8.102199999999902,162.71999999999935,42.36000000000058,0.4952785646836467,102.25,0.796479217603908,17.110000000000582,23.570999999999913,0.8,-1.0,,,14,1,10.0,2025
2025-10-27 14:00:00+00:00|-1.0|handoff_align_follow_h14_tp06_sl065,2025-10-27 14:00:00+00:00,STAGE28A,data/reports/stage28a_discovery_factory_batch_runner/stage28a_exact_trades.csv,session_handoff_imbalance_v1,handoff_align_follow_h14_tp06_sl065,6.931899999999951,5.88189999999995,5.181899999999951,1,1,1,0,5.88189999999995,47.210000000000036,55.55000000000018,0.6064806480648136,60.00999999999976,0.5222462922846237,25.829999999999927,23.26549999999993,0.532,-1.0,,,14,0,10.0,2025
2025-10-28 14:00:00+00:00|-1.0|handoff_align_follow_h14_tp06_sl065,2025-10-28 14:00:00+00:00,STAGE28A,data/reports/stage28a_discovery_factory_batch_runner/stage28a_exact_trades.csv,session_handoff_imbalance_v1,handoff_align_follow_h14_tp06_sl065,7.148799999999847,6.098799999999846,5.398799999999847,1,1,1,0,6.098799999999846,137.97000000000025,55.86000000000013,0.19638381668457267,93.62000000000035,0.5054475539414653,19.240000000000236,23.246500000000037,0.492,-1.0,,,14,1,10.0,2025
2025-10-30 14:00:00+00:00|1.0|handoff_align_follow_h14_tp06_sl065,2025-10-30 14:00:00+00:00,STAGE28A,data/reports/stage28a_discovery_factory_batch_runner/stage28a_exact_trades.csv,session_handoff_imbalance_v1,handoff_align_follow_h14_tp06_sl065,-7.342699999999786,-8.392699999999786,-9.092699999999786,0,0,0,1,8.392699999999786,114.34000000000015,67.13000000000011,0.6272903321912715,64.69999999999982,0.1791344667697091,21.109999999999673,27.154999999999973,0.7,1.0,,,14,3,10.0,2025
2025-11-05 14:00:00+00:00|1.0|handoff_align_follow_h14_tp06_sl065,2025-11-05 14:00:00+00:00,STAGE28A,data/reports/stage28a_discovery_factory_batch_runner/stage28a_exact_trades.csv,session_handoff_imbalance_v1,handoff_align_follow_h14_tp06_sl065,3.9513999999998304,2.9013999999998306,2.201399999999831,1,1,1,0,2.9013999999998306,77.37999999999965,44.4399999999996,0.800405040504051,31.25,0.18431999999999243,11.170000000000073,14.44549999999997,0.012,1.0,,,14,2,11.0,2025
2025-11-06 14:00:00+00:00|1.0|handoff_align_follow_h14_tp06_sl065,2025-11-06 14:00:00+00:00,STAGE28A,data/reports/stage28a_discovery_factory_batch_runner/stage28a_exact_trades.csv,session_handoff_imbalance_v1,handoff_align_follow_h14_tp06_sl065,2.8857999999999264,1.8357999999999264,1.1357999999999269,1,1,1,0,1.8357999999999264,61.58999999999969,25.949999999999818,0.5865125240847748,34.51999999999998,0.571552723059097,12.760000000000218,9.838500000000044,0.004,1.0,,,14,3,11.0,2025
2025-11-07 14:00:00+00:00|1.0|handoff_align_follow_h14_tp06_sl065,2025-11-07 14:00:00+00:00,STAGE28A,data/reports/stage28a_discovery_factory_batch_runner/stage28a_exact_trades.csv,session_handoff_imbalance_v1,handoff_align_follow_h14_tp06_sl065,-3.99975000000004,-5.04975000000004,-5.74975000000004,0,0,0,1,5.04975000000004,54.86000000000013,29.389999999999873,0.31813542021095437,22.179999999999836,0.42605951307483714,18.779999999999745,11.219500000000016,0.048,1.0,,,14,4,11.0,2025
2025-11-10 14:00:00+00:00|1.0|handoff_align_follow_h14_tp06_sl065,2025-11-10 14:00:00+00:00,STAGE28A,data/reports/stage28a_discovery_factory_batch_runner/stage28a_exact_trades.csv,session_handoff_imbalance_v1,handoff_align_follow_h14_tp06_sl065,-4.245449999999982,-5.295449999999983,-5.995449999999982,0,0,0,1,5.295449999999983,14.260000000000218,58.99000000000024,0.7174097304627902,35.89000000000033,0.7419894120925011,9.649999999999636,12.417000000000007,0.136,1.0,,,14,0,11.0,2025
2025-11-13 14:00:00+00:00|1.0|handoff_align_follow_h14_tp06_sl065,2025-11-13 14:00:00+00:00,STAGE28A,data/reports/stage28a_discovery_factory_batch_runner/stage28a_exact_trades.csv,session_handoff_imbalance_v1,handoff_align_follow_h14_tp06_sl065,4.527400000000307,3.477400000000307,2.7774000000003074,1,1,1,0,3.477400000000307,112.90999999999985,39.74000000000069,0.4574735782586579,37.099999999999454,0.4256064690027007,12.799999999999272,16.79799999999991,0.652,1.0,,,14,3,11.0,2025
2025-11-20 14:00:00+00:00|-1.0|handoff_align_follow_h14_tp06_sl065,2025-11-20 14:00:00+00:00,STAGE28A,data/reports/stage28a_discovery_factory_batch_runner/stage28a_exact_trades.csv,session_handoff_imbalance_v1,handoff_align_follow_h14_tp06_sl065,6.169600000000083,5.119600000000082,4.419600000000083,1,1,1,0,5.119600000000082,76.84000000000015,69.11999999999944,0.4225983796296336,39.01000000000022,0.403229941040757,17.08999999999969,19.864999999999963,0.724,-1.0,,,14,3,11.0,2025
2025-11-21 14:00:00+00:00|-1.0|handoff_align_follow_h14_tp06_sl065,2025-11-21 14:00:00+00:00,STAGE28A,data/reports/stage28a_discovery_factory_batch_runner/stage28a_exact_trades.csv,session_handoff_imbalance_v1,handoff_align_follow_h14_tp06_sl065,5.590300000000207,4.540300000000206,3.840300000000207,1,1,1,0,4.540300000000206,71.87999999999965,40.929999999999836,0.6594185194234031,42.33000000000038,0.3534136546184716,15.860000000000127,18.83449999999998,0.552,-1.0,,,14,4,11.0,2025
2025-11-25 14:00:00+00:00|-1.0|handoff_align_follow_h14_tp06_sl065,2025-11-25 14:00:00+00:00,STAGE28A,data/reports/stage28a_discovery_factory_batch_runner/stage28a_exact_trades.csv,session_handoff_imbalance_v1,handoff_align_follow_h14_tp06_sl065,4.669000000000233,3.619000000000233,2.919000000000233,1,1,1,0,3.619000000000233,104.51000000000022,33.219999999999345,0.08940397350991583,43.210000000000036,0.21939365887525006,9.6200000000008,15.840000000000032,0.268,-1.0,,,14,1,11.0,2025
2025-11-26 14:00:00+00:00|1.0|handoff_align_follow_h14_tp06_sl065,2025-11-26 14:00:00+00:00,STAGE28A,data/reports/stage28a_discovery_factory_batch_runner/stage28a_exact_trades.csv,session_handoff_imbalance_v1,handoff_align_follow_h14_tp06_sl065,-4.199299999999857,-5.249299999999858,-5.949299999999857,0,0,0,1,5.249299999999858,50.42999999999938,39.88000000000011,0.7096288866599826,21.81999999999971,0.08340971585699969,15.139999999999418,12.563499999999749,0.012,1.0,,,14,2,11.0,2025
2025-12-01 14:00:00+00:00|1.0|handoff_align_follow_h14_tp06_sl065,2025-12-01 14:00:00+00:00,STAGE28A,data/reports/stage28a_discovery_factory_batch_runner/stage28a_exact_trades.csv,session_handoff_imbalance_v1,handoff_align_follow_h14_tp06_sl065,3.54850000000024,2.49850000000024,1.7985000000002405,1,1,1,0,2.49850000000024,24.699999999999818,50.460000000000036,0.4783987316686546,46.55000000000018,0.2212674543501446,10.100000000000364,16.36100000000015,0.42,1.0,,,14,0,12.0,2025
2025-12-02 14:00:00+00:00|-1.0|handoff_align_follow_h14_tp06_sl065,2025-12-02 14:00:00+00:00,STAGE28A,data/reports/stage28a_discovery_factory_batch_runner/stage28a_exact_trades.csv,session_handoff_imbalance_v1,handoff_align_follow_h14_tp06_sl065,-5.002374999999665,-6.052374999999666,-6.752374999999665,0,0,0,1,6.052374999999666,58.76000000000022,36.529999999999745,0.24035039693404642,44.98999999999978,0.7317181595910254,20.970000000000255,13.72500000000009,0.224,-1.0,,,14,1,12.0,2025
2025-12-05 14:00:00+00:00|1.0|handoff_align_follow_h14_tp06_sl065,2025-12-05 14:00:00+00:00,STAGE28A,data/reports/stage28a_discovery_factory_batch_runner/stage28a_exact_trades.csv,session_handoff_imbalance_v1,handoff_align_follow_h14_tp06_sl065,2.1174999999997453,1.0674999999997454,0.3674999999997457,1,1,1,0,1.0674999999997454,44.17000000000007,22.579999999999927,0.47387068201952004,16.470000000000255,0.37279902853674757,5.640000000000327,8.240000000000146,0.004,1.0,,,14,4,12.0,2025
2025-12-10 14:00:00+00:00|-1.0|handoff_align_follow_h14_tp06_sl065,2025-12-10 14:00:00+00:00,STAGE28A,data/reports/stage28a_discovery_factory_batch_runner/stage28a_exact_trades.csv,session_handoff_imbalance_v1,handoff_align_follow_h14_tp06_sl065,2.1156999999997423,1.0656999999997423,0.3656999999997428,1,1,1,0,1.0656999999997423,51.150000000000546,15.0,0.25533333333332847,26.73999999999978,0.5145848915482547,5.270000000000437,8.242000000000052,0.012,-1.0,,,14,2,12.0,2025
2025-12-15 14:00:00+00:00|1.0|handoff_align_follow_h14_tp06_sl065,2025-12-15 14:00:00+00:00,STAGE28A,data/reports/stage28a_discovery_factory_batch_runner/stage28a_exact_trades.csv,session_handoff_imbalance_v1,handoff_align_follow_h14_tp06_sl065,2.5131999999997787,1.463199999999779,0.7631999999997792,1,1,1,0,1.463199999999779,13.710000000000036,35.11000000000058,0.6693249786385534,25.270000000000437,0.5385833003561673,8.239999999999782,11.651500000000032,0.304,1.0,,,14,0,12.0,2025
2025-12-16 14:00:00+00:00|-1.0|handoff_align_follow_h14_tp06_sl065,2025-12-16 14:00:00+00:00,STAGE28A,data/reports/stage28a_discovery_factory_batch_runner/stage28a_exact_trades.csv,session_handoff_imbalance_v1,handoff_align_follow_h14_tp06_sl065,3.102400000000125,2.052400000000125,1.3524000000001255,1,1,1,0,2.052400000000125,64.84000000000015,37.07000000000062,0.4086862692203772,20.51000000000022,0.5724037055094908,5.519999999999527,13.037000000000171,0.5,-1.0,,,14,1,12.0,2025
2025-12-18 14:00:00+00:00|-1.0|handoff_align_follow_h14_tp06_sl065,2025-12-18 14:00:00+00:00,STAGE28A,data/reports/stage28a_discovery_factory_batch_runner/stage28a_exact_trades.csv,session_handoff_imbalance_v1,handoff_align_follow_h14_tp06_sl065,2.0730999999999766,1.0230999999999768,0.323099999999977,1,1,1,0,1.0230999999999768,47.26000000000022,18.51000000000022,0.390059427336584,16.73999999999978,0.3912783751493045,4.140000000000327,9.144500000000017,0.056,-1.0,,,14,3,12.0,2025
2025-12-22 14:00:00+00:00|1.0|handoff_align_follow_h14_tp06_sl065,2025-12-22 14:00:00+00:00,STAGE28A,data/reports/stage28a_discovery_factory_batch_runner/stage28a_exact_trades.csv,session_handoff_imbalance_v1,handoff_align_follow_h14_tp06_sl065,2.1708999999995284,1.1208999999995286,0.4208999999995289,1,1,1,0,1.1208999999995286,18.1200000000008,62.840000000000146,0.6877784850413774,23.599999999999454,0.4338983050847851,5.579999999999927,11.313999999999988,0.28,1.0,,,14,0,12.0,2025
2025-12-24 14:00:00+00:00|-1.0|handoff_align_follow_h14_tp06_sl065,2025-12-24 14:00:00+00:00,STAGE28A,data/reports/stage28a_discovery_factory_batch_runner/stage28a_exact_trades.csv,session_handoff_imbalance_v1,handoff_align_follow_h14_tp06_sl065,3.536800000000221,2.4868000000002213,1.7868000000002215,1,1,1,0,2.4868000000002213,75.19000000000051,54.51000000000022,0.07228031553842569,22.300000000000182,0.43094170403585624,8.839999999999236,16.796499999999924,0.9,-1.0,,,14,2,12.0,2025
2025-12-26 14:00:00+00:00|1.0|handoff_align_follow_h14_tp06_sl065,2025-12-26 14:00:00+00:00,STAGE28A,data/reports/stage28a_discovery_factory_batch_runner/stage28a_exact_trades.csv,session_handoff_imbalance_v1,handoff_align_follow_h14_tp06_sl065,-3.999099999999635,-5.049099999999635,-5.749099999999634,0,0,0,1,5.049099999999635,30.289999999999964,61.48999999999978,0.22767929744674012,17.50999999999931,0.311250713877786,11.970000000000255,18.510999999999967,0.908,1.0,,,14,4,12.0,2025
2025-12-29 14:00:00+00:00|-1.0|handoff_align_follow_h14_tp06_sl065,2025-12-29 14:00:00+00:00,STAGE28A,data/reports/stage28a_discovery_factory_batch_runner/stage28a_exact_trades.csv,session_handoff_imbalance_v1,handoff_align_follow_h14_tp06_sl065,6.127300000000469,5.077300000000468,4.377300000000469,1,1,1,0,5.077300000000468,26.170000000000073,76.92000000000007,0.15665626625065224,71.97000000000025,0.7582325969153874,33.01000000000022,25.081500000000098,1.0,-1.0,,,14,0,12.0,2025
2025-12-30 14:00:00+00:00|1.0|handoff_align_follow_h14_tp06_sl065,2025-12-30 14:00:00+00:00,STAGE28A,data/reports/stage28a_discovery_factory_batch_runner/stage28a_exact_trades.csv,session_handoff_imbalance_v1,handoff_align_follow_h14_tp06_sl065,-6.058950000000186,-7.108950000000187,-7.808950000000186,0,0,0,1,7.108950000000187,246.52999999999975,45.98999999999978,0.38704066101326956,41.36000000000058,0.5118471953578282,8.949999999999818,18.415500000000158,0.764,1.0,,,14,1,12.0,2025
2025-12-31 14:00:00+00:00|-1.0|handoff_align_follow_h14_tp06_sl065,2025-12-31 14:00:00+00:00,STAGE28A,data/reports/stage28a_discovery_factory_batch_runner/stage28a_exact_trades.csv,session_handoff_imbalance_v1,handoff_align_follow_h14_tp06_sl065,5.22970000000023,4.17970000000023,3.4797000000002303,1,1,1,0,4.17970000000023,80.57999999999993,44.35999999999967,0.13841298467086255,68.73999999999978,0.3840558626709299,12.079999999999927,24.92199999999998,0.892,-1.0,,,14,2,12.0,2025
2026-01-02 14:00:00+00:00|1.0|handoff_align_follow_h14_tp06_sl065,2026-01-02 14:00:00+00:00,STAGE28A,data/reports/stage28a_discovery_factory_batch_runner/stage28a_exact_trades.csv,session_handoff_imbalance_v1,handoff_align_follow_h14_tp06_sl065,-4.201249999999709,-5.251249999999709,-5.951249999999709,0,0,0,1,5.251249999999709,26.88000000000011,54.08000000000084,0.4567307692307588,27.51000000000022,0.8269720101781105,8.519999999999527,14.67550000000001,0.412,1.0,,,14,4,1.0,2026
2026-01-05 14:00:00+00:00|1.0|handoff_align_follow_h14_tp06_sl065,2026-01-05 14:00:00+00:00,STAGE28A,data/reports/stage28a_discovery_factory_batch_runner/stage28a_exact_trades.csv,session_handoff_imbalance_v1,handoff_align_follow_h14_tp06_sl065,-4.640974999999889,-5.69097499999989,-6.390974999999889,0,0,0,1,5.69097499999989,30.640000000000327,74.94000000000051,0.425540432345866,38.8100000000004,0.8294254058232226,25.980000000000473,17.086500000000022,0.492,1.0,,,14,0,1.0,2026
2026-01-07 14:00:00+00:00|-1.0|handoff_align_follow_h14_tp06_sl065,2026-01-07 14:00:00+00:00,STAGE28A,data/reports/stage28a_discovery_factory_batch_runner/stage28a_exact_trades.csv,session_handoff_imbalance_v1,handoff_align_follow_h14_tp06_sl065,-4.588000000000283,-5.638000000000284,-6.338000000000283,0,0,0,1,5.638000000000284,69.30999999999949,40.720000000000255,0.7094793713163101,33.11999999999989,0.011171497584537804,18.32000000000062,15.018500000000085,0.204,-1.0,,,14,2,1.0,2026
2026-01-12 14:00:00+00:00|1.0|handoff_align_follow_h14_tp06_sl065,2026-01-12 14:00:00+00:00,STAGE28A,data/reports/stage28a_discovery_factory_batch_runner/stage28a_exact_trades.csv,session_handoff_imbalance_v1,handoff_align_follow_h14_tp06_sl065,3.8533000000001274,2.8033000000001267,2.103300000000127,1,1,1,0,2.8033000000001267,31.800000000000182,87.85999999999967,0.32540405190075405,33.039999999999964,0.7760290556900559,13.159999999999854,21.730000000000018,0.756,1.0,,,14,0,1.0,2026
2026-01-13 14:00:00+00:00|-1.0|handoff_align_follow_h14_tp06_sl065,2026-01-13 14:00:00+00:00,STAGE28A,data/reports/stage28a_discovery_factory_batch_runner/stage28a_exact_trades.csv,session_handoff_imbalance_v1,handoff_align_follow_h14_tp06_sl065,-4.282824999999866,-5.3328249999998665,-6.032824999999866,0,0,0,1,5.3328249999998665,116.96000000000004,32.23000000000047,0.0896680111697265,28.42999999999938,0.3496306718255619,9.849999999999454,14.413499999999976,0.064,-1.0,,,14,1,1.0,2026
2026-01-14 14:00:00+00:00|1.0|handoff_align_follow_h14_tp06_sl065,2026-01-14 14:00:00+00:00,STAGE28A,data/reports/stage28a_discovery_factory_batch_runner/stage28a_exact_trades.csv,session_handoff_imbalance_v1,handoff_align_follow_h14_tp06_sl065,3.45370000000039,2.40370000000039,1.7037000000003903,1,1,1,0,2.40370000000039,64.76999999999953,42.88000000000011,0.705457089552237,21.579999999999927,0.15848007414272866,11.319999999999709,15.359999999999946,0.236,1.0,,,14,2,1.0,2026
2026-01-16 14:00:00+00:00|-1.0|handoff_align_follow_h14_tp06_sl065,2026-01-16 14:00:00+00:00,STAGE28A,data/reports/stage28a_discovery_factory_batch_runner/stage28a_exact_trades.csv,session_handoff_imbalance_v1,handoff_align_follow_h14_tp06_sl065,3.170499999999629,2.120499999999629,1.4204999999996293,1,1,1,0,2.120499999999629,51.470000000000255,29.23999999999978,0.3081395348837307,21.81999999999971,0.04353803849678418,17.31999999999971,12.948000000000093,0.02,-1.0,,,14,4,1.0,2026
2026-01-20 14:00:00+00:00|1.0|handoff_align_follow_h14_tp06_sl065,2026-01-20 14:00:00+00:00,STAGE28A,data/reports/stage28a_discovery_factory_batch_runner/stage28a_exact_trades.csv,session_handoff_imbalance_v1,handoff_align_follow_h14_tp06_sl065,-4.547699999999713,-5.597699999999714,-6.297699999999713,0,0,0,1,5.597699999999714,70.75,37.38999999999942,0.7983418026210438,43.05000000000018,0.726596980255529,13.61999999999989,12.222999999999866,0.072,1.0,,,14,1,1.0,2026
2026-01-22 14:00:00+00:00|1.0|handoff_align_follow_h14_tp06_sl065,2026-01-22 14:00:00+00:00,STAGE28A,data/reports/stage28a_discovery_factory_batch_runner/stage28a_exact_trades.csv,session_handoff_imbalance_v1,handoff_align_follow_h14_tp06_sl065,3.782200000000012,2.732200000000012,2.032200000000012,1,1,1,0,2.732200000000012,132.3699999999999,62.81999999999971,0.306431072906719,44.42000000000007,0.716343989194049,11.899999999999636,28.513000000000012,0.936,1.0,,,14,3,1.0,2026
2026-01-23 14:00:00+00:00|-1.0|handoff_align_follow_h14_tp06_sl065,2026-01-23 14:00:00+00:00,STAGE28A,data/reports/stage28a_discovery_factory_batch_runner/stage28a_exact_trades.csv,session_handoff_imbalance_v1,handoff_align_follow_h14_tp06_sl065,6.701199999999881,5.65119999999988,4.951199999999881,1,1,1,0,5.65119999999988,187.47999999999956,36.32999999999993,0.07349298100743402,67.39999999999964,0.3921364985163269,17.600000000000364,21.09899999999998,0.692,-1.0,,,14,4,1.0,2026
2026-01-26 14:00:00+00:00|1.0|handoff_align_follow_h14_tp06_sl065,2026-01-26 14:00:00+00:00,STAGE28A,data/reports/stage28a_discovery_factory_batch_runner/stage28a_exact_trades.csv,session_handoff_imbalance_v1,handoff_align_follow_h14_tp06_sl065,4.653099999999904,3.603099999999904,2.9030999999999043,1,1,1,0,3.603099999999904,37.909999999999854,90.77999999999975,0.33718880810752,58.66999999999916,0.36475200272713226,14.180000000000291,24.894500000000015,0.836,1.0,,,14,0,1.0,2026
2026-01-27 14:00:00+00:00|1.0|handoff_align_follow_h14_tp06_sl065,2026-01-27 14:00:00+00:00,STAGE28A,data/reports/stage28a_discovery_factory_batch_runner/stage28a_exact_trades.csv,session_handoff_imbalance_v1,handoff_align_follow_h14_tp06_sl065,-6.224050000000352,-7.274050000000352,-7.974050000000352,0,0,0,1,7.274050000000352,120.89999999999964,66.71999999999935,0.3625599520383805,43.279999999999745,0.441543438077629,23.949999999999818,33.30349999999994,0.948,1.0,,,14,1,1.0,2026
2026-01-28 14:00:00+00:00|1.0|handoff_align_follow_h14_tp06_sl065,2026-01-28 14:00:00+00:00,STAGE28A,data/reports/stage28a_discovery_factory_batch_runner/stage28a_exact_trades.csv,session_handoff_imbalance_v1,handoff_align_follow_h14_tp06_sl065,-9.32162500000013,-10.371625000000131,-11.07162500000013,0,0,0,1,10.371625000000131,177.47999999999956,91.47000000000025,0.8015742866513557,70.05000000000018,0.3504639543183327,31.359999999999673,28.32700000000009,0.824,1.0,,,14,2,1.0,2026
2026-01-30 14:00:00+00:00|-1.0|handoff_align_follow_h14_tp06_sl065,2026-01-30 14:00:00+00:00,STAGE28A,data/reports/stage28a_discovery_factory_batch_runner/stage28a_exact_trades.csv,session_handoff_imbalance_v1,handoff_align_follow_h14_tp06_sl065,30.33130000000019,29.281300000000197,28.58130000000019,1,1,1,0,29.281300000000197,494.8599999999997,338.6199999999999,0.661360817435473,297.4300000000003,0.3163433412903878,54.850000000000364,91.3625,0.972,-1.0,,,14,4,1.0,2026
2026-02-03 14:00:00+00:00|1.0|handoff_align_follow_h14_tp06_sl065,2026-02-03 14:00:00+00:00,STAGE28A,data/reports/stage28a_discovery_factory_batch_runner/stage28a_exact_trades.csv,session_handoff_imbalance_v1,handoff_align_follow_h14_tp06_sl065,-14.101725000000078,-15.15172500000008,-15.851725000000078,0,0,0,1,15.15172500000008,481.1899999999996,189.4900000000007,0.18222597498548535,139.53999999999996,0.6661889064067655,35.1299999999992,61.842000000000006,0.724,1.0,,,14,1,2.0,2026
2026-02-05 14:00:00+00:00|-1.0|handoff_align_follow_h14_tp06_sl065,2026-02-05 14:00:00+00:00,STAGE28A,data/reports/stage28a_discovery_factory_batch_runner/stage28a_exact_trades.csv,session_handoff_imbalance_v1,handoff_align_follow_h14_tp06_sl065,-17.441749999999594,-18.49174999999959,-19.191749999999598,0,0,0,1,18.49174999999959,239.94999999999982,234.41000000000076,0.6337613583038263,116.44999999999982,0.11592958351223719,29.970000000000255,55.975000000000044,0.636,-1.0,,,14,3,2.0,2026
2026-02-06 14:00:00+00:00|1.0|handoff_align_follow_h14_tp06_sl065,2026-02-06 14:00:00+00:00,STAGE28A,data/reports/stage28a_discovery_factory_batch_runner/stage28a_exact_trades.csv,session_handoff_imbalance_v1,handoff_align_follow_h14_tp06_sl065,-12.802374999999849,-13.852374999999848,-14.552374999999849,0,0,0,1,13.852374999999848,320.3100000000004,191.01000000000022,0.5794461022983098,95.03999999999996,0.6758207070707027,31.80999999999949,59.70449999999987,0.636,1.0,,,14,4,2.0,2026
2026-02-09 14:00:00+00:00|-1.0|handoff_align_follow_h14_tp06_sl065,2026-02-09 14:00:00+00:00,STAGE28A,data/reports/stage28a_discovery_factory_batch_runner/stage28a_exact_trades.csv,session_handoff_imbalance_v1,handoff_align_follow_h14_tp06_sl065,8.098599999999715,7.048599999999714,6.348599999999715,1,1,1,0,7.048599999999714,81.67000000000007,81.67000000000007,0.2937431125260164,62.659999999999854,0.33482285349506097,29.610000000000582,35.76649999999999,0.268,-1.0,,,14,0,2.0,2026
2026-02-11 14:00:00+00:00|1.0|handoff_align_follow_h14_tp06_sl065,2026-02-11 14:00:00+00:00,STAGE28A,data/reports/stage28a_discovery_factory_batch_runner/stage28a_exact_trades.csv,session_handoff_imbalance_v1,handoff_align_follow_h14_tp06_sl065,6.20199999999968,5.15199999999968,4.45199999999968,1,1,1,0,5.15199999999968,90.59999999999945,36.149999999999636,0.11009681881052595,57.410000000000764,0.814318063055206,34.19000000000051,21.85300000000002,0.004,1.0,,,14,2,2.0,2026
2026-02-12 14:00:00+00:00|1.0|handoff_align_follow_h14_tp06_sl065,2026-02-12 14:00:00+00:00,STAGE28A,data/reports/stage28a_discovery_factory_batch_runner/stage28a_exact_trades.csv,session_handoff_imbalance_v1,handoff_align_follow_h14_tp06_sl065,-5.407324999999764,-6.457324999999765,-7.157324999999764,0,0,0,1,6.457324999999765,99.52999999999975,54.75999999999931,0.13951789627466077,33.48999999999978,0.22066288444312857,8.820000000000618,20.987999999999875,0.004,1.0,,,14,3,2.0,2026
2026-02-17 14:00:00+00:00|-1.0|handoff_align_follow_h14_tp06_sl065,2026-02-17 14:00:00+00:00,STAGE28A,data/reports/stage28a_discovery_factory_batch_runner/stage28a_exact_trades.csv,session_handoff_imbalance_v1,handoff_align_follow_h14_tp06_sl065,-7.217575000000215,-8.267575000000216,-8.967575000000215,0,0,0,1,8.267575000000216,84.22000000000025,77.25,0.4779288025889977,91.84000000000015,0.4317290940766603,17.579999999999927,25.8474999999999,0.18,-1.0,,,14,1,2.0,2026
2026-02-19 14:00:00+00:00|1.0|handoff_align_follow_h14_tp06_sl065,2026-02-19 14:00:00+00:00,STAGE28A,data/reports/stage28a_discovery_factory_batch_runner/stage28a_exact_trades.csv,session_handoff_imbalance_v1,handoff_align_follow_h14_tp06_sl065,-6.160024999999768,-7.210024999999769,-7.910024999999768,0,0,0,1,7.210024999999769,156.84000000000015,28.07000000000062,0.2921268257926483,40.33000000000084,0.22737416315397677,18.210000000000036,16.51550000000011,0.008,1.0,,,14,3,2.0,2026
2026-02-20 14:00:00+00:00|1.0|handoff_align_follow_h14_tp06_sl065,2026-02-20 14:00:00+00:00,STAGE28A,data/reports/stage28a_discovery_factory_batch_runner/stage28a_exact_trades.csv,session_handoff_imbalance_v1,handoff_align_follow_h14_tp06_sl065,-6.357625000000189,-7.407625000000189,-8.107625000000189,0,0,0,1,7.407625000000189,61.32000000000062,32.899999999999636,0.36413373860181447,44.55999999999949,0.7773788150807858,19.1899999999996,18.082499999999982,0.056,1.0,,,14,4,2.0,2026
2026-02-23 14:00:00+00:00|-1.0|handoff_align_follow_h14_tp06_sl065,2026-02-23 14:00:00+00:00,STAGE28A,data/reports/stage28a_discovery_factory_batch_runner/stage28a_exact_trades.csv,session_handoff_imbalance_v1,handoff_align_follow_h14_tp06_sl065,-6.407999999999992,-7.457999999999993,-8.157999999999992,0,0,0,1,7.457999999999993,72.84000000000015,77.53999999999996,0.0517152437451549,40.94999999999982,0.05225885225883828,16.159999999999854,25.51549999999993,0.42,-1.0,,,14,0,2.0,2026
2026-02-25 14:00:00+00:00|1.0|handoff_align_follow_h14_tp06_sl065,2026-02-25 14:00:00+00:00,STAGE28A,data/reports/stage28a_discovery_factory_batch_runner/stage28a_exact_trades.csv,session_handoff_imbalance_v1,handoff_align_follow_h14_tp06_sl065,4.755999999999768,3.7059999999997673,3.0059999999997675,1,1,1,0,3.7059999999997673,155.44999999999982,71.0,0.506197183098586,40.400000000000546,0.19306930693069496,27.409999999999854,21.71100000000006,0.316,1.0,,,14,2,2.0,2026
2026-02-27 14:00:00+00:00|-1.0|handoff_align_follow_h14_tp06_sl065,2026-02-27 14:00:00+00:00,STAGE28A,data/reports/stage28a_discovery_factory_batch_runner/stage28a_exact_trades.csv,session_handoff_imbalance_v1,handoff_align_follow_h14_tp06_sl065,-4.38715000000011,-5.437150000000111,-6.13715000000011,0,0,0,1,5.437150000000111,74.60999999999967,32.68000000000029,0.08353733170136012,31.48999999999978,0.1292473801206649,12.86999999999989,16.673500000000057,0.016,-1.0,,,14,4,2.0,2026
2026-03-04 14:00:00+00:00|1.0|handoff_align_follow_h14_tp06_sl065,2026-03-04 14:00:00+00:00,STAGE28A,data/reports/stage28a_discovery_factory_batch_runner/stage28a_exact_trades.csv,session_handoff_imbalance_v1,handoff_align_follow_h14_tp06_sl065,7.226200000000427,6.176200000000426,5.476200000000427,1,1,1,0,6.176200000000426,382.7999999999993,105.97000000000025,0.29508351420212753,79.67000000000007,0.4089368645663348,12.909999999999854,34.40599999999995,0.872,1.0,,,14,2,3.0,2026
2026-03-09 14:00:00+00:00|1.0|handoff_align_follow_h14_tp06_sl065,2026-03-09 14:00:00+00:00,STAGE28A,data/reports/stage28a_discovery_factory_batch_runner/stage28a_exact_trades.csv,session_handoff_imbalance_v1,handoff_align_follow_h14_tp06_sl065,7.322199999999976,6.272199999999975,5.572199999999976,1,1,1,0,6.272199999999975,147.64000000000033,176.90999999999985,0.08184952800859469,59.55000000000018,0.053064651553313934,17.5,42.69000000000024,0.872,1.0,,,14,0,3.0,2026
2026-03-10 14:00:00+00:00|1.0|handoff_align_follow_h14_tp06_sl065,2026-03-10 14:00:00+00:00,STAGE28A,data/reports/stage28a_discovery_factory_batch_runner/stage28a_exact_trades.csv,session_handoff_imbalance_v1,handoff_align_follow_h14_tp06_sl065,-7.315400000000045,-8.365400000000045,-9.065400000000045,0,0,0,1,8.365400000000045,176.90999999999985,69.05000000000018,0.35235336712526955,38.60999999999967,0.3504273504273468,20.210000000000036,21.79000000000001,0.14,1.0,,,14,1,3.0,2026
2026-03-12 14:00:00+00:00|1.0|handoff_align_follow_h14_tp06_sl065,2026-03-12 14:00:00+00:00,STAGE28A,data/reports/stage28a_discovery_factory_batch_runner/stage28a_exact_trades.csv,session_handoff_imbalance_v1,handoff_align_follow_h14_tp06_sl065,3.840099999999802,2.790099999999802,2.0900999999998024,1,1,1,0,2.790099999999802,89.92000000000007,56.44999999999982,0.14508414526128655,54.350000000000364,0.7308187672493098,11.110000000000582,20.055000000000064,0.08,1.0,,,14,3,3.0,2026
2026-03-23 14:00:00+00:00|-1.0|handoff_align_follow_h14_tp06_sl065,2026-03-23 14:00:00+00:00,STAGE28A,data/reports/stage28a_discovery_factory_batch_runner/stage28a_exact_trades.csv,session_handoff_imbalance_v1,handoff_align_follow_h14_tp06_sl065,-36.51112499999963,-37.56112499999963,-38.26112499999963,0,0,0,1,37.56112499999963,86.35999999999967,216.32999999999993,0.4497758054823659,280.8600000000006,0.3504949084953336,192.1199999999999,82.39050000000002,1.0,-1.0,,,14,0,3.0,2026
2026-03-30 14:00:00+00:00|1.0|handoff_align_follow_h14_tp06_sl065,2026-03-30 14:00:00+00:00,STAGE28A,data/reports/stage28a_discovery_factory_batch_runner/stage28a_exact_trades.csv,session_handoff_imbalance_v1,handoff_align_follow_h14_tp06_sl065,-7.5380250000003794,-8.58802500000038,-9.28802500000038,0,0,0,1,8.58802500000038,39.409999999999854,97.78999999999996,0.1155537376009836,64.01999999999953,0.5651358950328109,12.19000000000051,32.178999999999995,0.36,1.0,,,14,0,3.0,2026
2026-03-31 14:00:00+00:00|1.0|handoff_align_follow_h14_tp06_sl065,2026-03-31 14:00:00+00:00,STAGE28A,data/reports/stage28a_discovery_factory_batch_runner/stage28a_exact_trades.csv,session_handoff_imbalance_v1,handoff_align_follow_h14_tp06_sl065,-7.729775000000336,-8.779775000000337,-9.479775000000336,0,0,0,1,8.779775000000337,160.84999999999945,136.60000000000036,0.3423865300146369,37.849999999999454,0.04042272126815766,32.17999999999938,29.783499999999957,0.24,1.0,,,14,1,3.0,2026
2026-04-01 14:00:00+00:00|1.0|handoff_align_follow_h14_tp06_sl065,2026-04-01 14:00:00+00:00,STAGE28A,data/reports/stage28a_discovery_factory_batch_runner/stage28a_exact_trades.csv,session_handoff_imbalance_v1,handoff_align_follow_h14_tp06_sl065,8.13700000000008,7.08700000000008,6.38700000000008,1,1,1,0,7.08700000000008,204.27000000000044,62.159999999999854,0.011904761904773053,80.67000000000007,0.5141936283624697,23.43000000000029,28.303000000000065,0.092,1.0,,,14,2,4.0,2026
2026-04-02 14:00:00+00:00|-1.0|handoff_align_follow_h14_tp06_sl065,2026-04-02 14:00:00+00:00,STAGE28A,data/reports/stage28a_discovery_factory_batch_runner/stage28a_exact_trades.csv,session_handoff_imbalance_v1,handoff_align_follow_h14_tp06_sl065,9.459400000000096,8.409400000000096,7.709400000000096,1,1,1,0,8.409400000000096,131.1300000000001,150.57999999999993,0.6674193119936249,127.85000000000036,0.4268283144309703,30.8100000000004,38.291500000000084,0.6,-1.0,,,14,3,4.0,2026
2026-04-08 14:00:00+00:00|-1.0|handoff_align_follow_h14_tp06_sl065,2026-04-08 14:00:00+00:00,STAGE28A,data/reports/stage28a_discovery_factory_batch_runner/stage28a_exact_trades.csv,session_handoff_imbalance_v1,handoff_align_follow_h14_tp06_sl065,-9.01449999999986,-10.064499999999862,-10.76449999999986,0,0,0,1,10.064499999999862,211.28000000000065,140.1299999999992,0.1491472204381693,66.96000000000004,0.2144563918757417,24.5,32.95649999999991,0.428,-1.0,,,14,2,4.0,2026
2026-04-13 14:00:00+00:00|1.0|handoff_align_follow_h14_tp06_sl065,2026-04-13 14:00:00+00:00,STAGE28A,data/reports/stage28a_discovery_factory_batch_runner/stage28a_exact_trades.csv,session_handoff_imbalance_v1,handoff_align_follow_h14_tp06_sl065,4.539100000000326,3.489100000000326,2.7891000000003263,1,1,1,0,3.489100000000326,49.659999999999854,83.46000000000004,0.7075245626647405,31.029999999999745,0.1111827263938368,15.38000000000011,21.949999999999953,0.192,1.0,,,14,0,4.0,2026
2026-04-14 14:00:00+00:00|1.0|handoff_align_follow_h14_tp06_sl065,2026-04-14 14:00:00+00:00,STAGE28A,data/reports/stage28a_discovery_factory_batch_runner/stage28a_exact_trades.csv,session_handoff_imbalance_v1,handoff_align_follow_h14_tp06_sl065,-6.888674999999784,-7.938674999999785,-8.638674999999784,0,0,0,1,7.938674999999785,114.48000000000047,31.23999999999978,0.3117797695262436,37.72999999999956,0.2793532997614653,31.529999999999745,18.09399999999987,0.06,1.0,,,14,1,4.0,2026
2026-04-15 14:00:00+00:00|-1.0|handoff_align_follow_h14_tp06_sl065,2026-04-15 14:00:00+00:00,STAGE28A,data/reports/stage28a_discovery_factory_batch_runner/stage28a_exact_trades.csv,session_handoff_imbalance_v1,handoff_align_follow_h14_tp06_sl065,5.4604000000003,4.410400000000299,3.7104000000003,1,1,1,0,4.410400000000299,100.72999999999956,54.25,0.20552995391704398,44.31999999999971,0.5873194945848357,14.63000000000011,17.73449999999998,0.04,-1.0,,,14,2,4.0,2026
2026-04-20 14:00:00+00:00|1.0|handoff_align_follow_h14_tp06_sl065,2026-04-20 14:00:00+00:00,STAGE28A,data/reports/stage28a_discovery_factory_batch_runner/stage28a_exact_trades.csv,session_handoff_imbalance_v1,handoff_align_follow_h14_tp06_sl065,3.849099999999817,2.7990999999998167,2.099099999999817,1,1,1,0,2.7990999999998167,36.82000000000062,77.25,0.15093851132685895,26.13000000000011,0.027171833141983674,10.88000000000011,20.77700000000009,0.532,1.0,,,14,0,4.0,2026
2026-04-21 14:00:00+00:00|-1.0|handoff_align_follow_h14_tp06_sl065,2026-04-21 14:00:00+00:00,STAGE28A,data/reports/stage28a_discovery_factory_batch_runner/stage28a_exact_trades.csv,session_handoff_imbalance_v1,handoff_align_follow_h14_tp06_sl065,-5.409599999999591,-6.459599999999592,-7.159599999999591,0,0,0,1,6.459599999999592,90.67000000000007,40.399999999999636,0.7566831683168312,25.050000000000182,0.5417165668662519,9.569999999999709,12.687499999999954,0.004,-1.0,,,14,1,4.0,2026
2026-04-23 14:00:00+00:00|-1.0|handoff_align_follow_h14_tp06_sl065,2026-04-23 14:00:00+00:00,STAGE28A,data/reports/stage28a_discovery_factory_batch_runner/stage28a_exact_trades.csv,session_handoff_imbalance_v1,handoff_align_follow_h14_tp06_sl065,-5.843800000000192,-6.893800000000192,-7.593800000000192,0,0,0,1,6.893800000000192,56.470000000000255,59.63000000000011,0.37078651685392644,31.92999999999938,0.19417475728155145,17.409999999999854,16.84599999999987,0.26,-1.0,,,14,3,4.0,2026
2026-04-28 14:00:00+00:00|-1.0|handoff_align_follow_h14_tp06_sl065,2026-04-28 14:00:00+00:00,STAGE28A,data/reports/stage28a_discovery_factory_batch_runner/stage28a_exact_trades.csv,session_handoff_imbalance_v1,handoff_align_follow_h14_tp06_sl065,-6.903950000000441,-7.953950000000441,-8.65395000000044,0,0,0,1,7.953950000000441,62.81999999999971,34.590000000000146,0.49031511997687094,66.61000000000058,0.9911424711004333,13.179999999999382,14.229499999999963,0.144,-1.0,,,14,1,4.0,2026
2026-04-30 14:00:00+00:00|1.0|handoff_align_follow_h14_tp06_sl065,2026-04-30 14:00:00+00:00,STAGE28A,data/reports/stage28a_discovery_factory_batch_runner/stage28a_exact_trades.csv,session_handoff_imbalance_v1,handoff_align_follow_h14_tp06_sl065,6.104200000000128,5.054200000000128,4.354200000000128,1,1,1,0,5.054200000000128,99.84999999999945,43.11000000000058,0.09255393180235973,91.03999999999996,0.7621924428822534,23.029999999999745,19.847999999999775,0.664,1.0,,,14,3,4.0,2026
2026-05-01 14:00:00+00:00|-1.0|handoff_align_follow_h14_tp06_sl065,2026-05-01 14:00:00+00:00,STAGE28A,data/reports/stage28a_discovery_factory_batch_runner/stage28a_exact_trades.csv,session_handoff_imbalance_v1,handoff_align_follow_h14_tp06_sl065,-5.261074999999982,-6.311074999999983,-7.011074999999982,0,0,0,1,6.311074999999983,107.63000000000011,21.970000000000255,0.17023213472916424,68.44999999999982,0.9382030679327906,14.6200000000008,13.025000000000045,0.052,-1.0,,,14,4,5.0,2026
2026-05-04 14:00:00+00:00|-1.0|handoff_align_follow_h14_tp06_sl065,2026-05-04 14:00:00+00:00,STAGE28A,data/reports/stage28a_discovery_factory_batch_runner/stage28a_exact_trades.csv,session_handoff_imbalance_v1,handoff_align_follow_h14_tp06_sl065,5.938899999999558,4.888899999999557,4.188899999999558,1,1,1,0,4.888899999999557,16.889999999999418,38.17999999999938,0.09979046621266507,42.73999999999978,0.9333177351427359,49.600000000000364,17.184999999999853,0.348,-1.0,,,14,0,5.0,2026
2026-05-05 14:00:00+00:00|1.0|handoff_align_follow_h14_tp06_sl065,2026-05-05 14:00:00+00:00,STAGE28A,data/reports/stage28a_discovery_factory_batch_runner/stage28a_exact_trades.csv,session_handoff_imbalance_v1,handoff_align_follow_h14_tp06_sl065,-5.483050000000366,-6.533050000000367,-7.233050000000366,0,0,0,1,6.533050000000367,128.5099999999993,32.99000000000069,0.5216732343134185,32.52000000000044,0.6685116851168634,16.6299999999992,15.928999999999906,0.26,1.0,,,14,1,5.0,2026
2026-05-06 14:00:00+00:00|1.0|handoff_align_follow_h14_tp06_sl065,2026-05-06 14:00:00+00:00,STAGE28A,data/reports/stage28a_discovery_factory_batch_runner/stage28a_exact_trades.csv,session_handoff_imbalance_v1,handoff_align_follow_h14_tp06_sl065,6.192099999999664,5.142099999999664,4.442099999999664,1,1,1,0,5.142099999999664,72.96000000000004,105.18000000000029,0.6700893706027788,65.11000000000058,0.8944862540316274,27.230000000000473,18.49099999999994,0.544,1.0,,,14,2,5.0,2026
2026-05-07 14:00:00+00:00|1.0|handoff_align_follow_h14_tp06_sl065,2026-05-07 14:00:00+00:00,STAGE28A,data/reports/stage28a_discovery_factory_batch_runner/stage28a_exact_trades.csv,session_handoff_imbalance_v1,handoff_align_follow_h14_tp06_sl065,6.123399999999856,5.073399999999856,4.373399999999856,1,1,1,0,5.073399999999856,176.60000000000036,35.909999999999854,0.12252854358116552,61.06999999999971,0.48747339119043176,13.170000000000073,16.36949999999997,0.252,1.0,,,14,3,5.0,2026
2026-05-11 14:00:00+00:00|-1.0|handoff_align_follow_h14_tp06_sl065,2026-05-11 14:00:00+00:00,STAGE28A,data/reports/stage28a_discovery_factory_batch_runner/stage28a_exact_trades.csv,session_handoff_imbalance_v1,handoff_align_follow_h14_tp06_sl065,4.019200000000092,2.969200000000092,2.269200000000092,1,1,1,0,2.969200000000092,22.93000000000029,35.22999999999956,0.3735452739142781,32.529999999999745,0.6889025514909324,11.099999999999454,17.16049999999991,0.3,-1.0,,,14,0,5.0,2026
2026-05-12 14:00:00+00:00|-1.0|handoff_align_follow_h14_tp06_sl065,2026-05-12 14:00:00+00:00,STAGE28A,data/reports/stage28a_discovery_factory_batch_runner/stage28a_exact_trades.csv,session_handoff_imbalance_v1,handoff_align_follow_h14_tp06_sl065,-5.629625000000123,-6.679625000000124,-7.379625000000123,0,0,0,1,6.679625000000124,103.15999999999985,55.06999999999971,0.5616488106046932,43.150000000000546,0.48528389339511785,23.13000000000011,17.073500000000013,0.212,-1.0,,,14,1,5.0,2026
2026-05-15 14:00:00+00:00|-1.0|handoff_align_follow_h14_tp06_sl065,2026-05-15 14:00:00+00:00,STAGE28A,data/reports/stage28a_discovery_factory_batch_runner/stage28a_exact_trades.csv,session_handoff_imbalance_v1,handoff_align_follow_h14_tp06_sl065,7.242099999999846,6.192099999999845,5.492099999999846,1,1,1,0,6.192099999999845,74.1200000000008,57.9399999999996,0.8066965826717312,89.64999999999964,0.7779141104294486,28.3100000000004,20.99699999999998,0.852,-1.0,,,14,4,5.0,2026
2026-05-19 14:00:00+00:00|-1.0|handoff_align_follow_h14_tp06_sl065,2026-05-19 14:00:00+00:00,STAGE28A,data/reports/stage28a_discovery_factory_batch_runner/stage28a_exact_trades.csv,session_handoff_imbalance_v1,handoff_align_follow_h14_tp06_sl065,-6.98877500000035,-8.038775000000351,-8.73877500000035,0,0,0,1,8.038775000000351,103.57999999999993,45.600000000000364,0.634210526315786,28.25999999999931,0.11075725406936256,19.029999999999745,16.502999999999975,0.148,-1.0,,,14,1,5.0,2026
2026-05-22 14:00:00+00:00|-1.0|handoff_align_follow_h14_tp06_sl065,2026-05-22 14:00:00+00:00,STAGE28A,data/reports/stage28a_discovery_factory_batch_runner/stage28a_exact_trades.csv,session_handoff_imbalance_v1,handoff_align_follow_h14_tp06_sl065,-5.183400000000438,-6.233400000000438,-6.933400000000438,0,0,0,1,6.233400000000438,81.88999999999942,27.229999999999563,0.5233198677928839,28.420000000000073,0.09570724841661674,26.600000000000364,16.38549999999991,0.092,-1.0,,,14,4,5.0,2026
2026-05-25 14:00:00+00:00|-1.0|handoff_align_follow_h14_tp06_sl065,2026-05-25 14:00:00+00:00,STAGE28A,data/reports/stage28a_discovery_factory_batch_runner/stage28a_exact_trades.csv,session_handoff_imbalance_v1,handoff_align_follow_h14_tp06_sl065,2.759800000000177,1.7098000000001776,1.009800000000178,1,1,1,0,1.7098000000001776,23.219999999999345,37.50999999999931,0.1343641695547869,18.550000000000182,0.42318059299188016,6.1599999999998545,12.796999999999889,0.004,-1.0,,,14,0,5.0,2026
2026-05-26 14:00:00+00:00|-1.0|handoff_align_follow_h14_tp06_sl065,2026-05-26 14:00:00+00:00,STAGE28A,data/reports/stage28a_discovery_factory_batch_runner/stage28a_exact_trades.csv,session_handoff_imbalance_v1,handoff_align_follow_h14_tp06_sl065,4.684899999999653,3.634899999999652,2.934899999999653,1,1,1,0,3.634899999999652,37.50999999999931,52.36999999999989,0.6265037235058329,30.970000000000255,0.6293186955117733,21.11999999999989,14.27299999999991,0.112,-1.0,,,14,1,5.0,2026
2026-05-29 14:00:00+00:00|1.0|handoff_align_follow_h14_tp06_sl065,2026-05-29 14:00:00+00:00,STAGE28A,data/reports/stage28a_discovery_factory_batch_runner/stage28a_exact_trades.csv,session_handoff_imbalance_v1,handoff_align_follow_h14_tp06_sl065,4.718199999999706,3.668199999999706,2.9681999999997064,1,1,1,0,3.668199999999706,149.91000000000076,31.609999999999673,0.3144574501739862,38.23000000000047,0.7737379021710583,17.75,14.360500000000048,0.108,1.0,,,14,4,5.0,2026
2026-06-01 14:00:00+00:00|-1.0|handoff_align_follow_h14_tp06_sl065,2026-06-01 14:00:00+00:00,STAGE28A,data/reports/stage28a_discovery_factory_batch_runner/stage28a_exact_trades.csv,session_handoff_imbalance_v1,handoff_align_follow_h14_tp06_sl065,4.333600000000297,3.283600000000297,2.583600000000297,1,1,1,0,3.283600000000297,22.170000000000073,36.05999999999949,0.5268996117581882,35.95000000000073,0.56383866481224,14.55999999999949,14.727000000000043,0.128,-1.0,,,14,0,6.0,2026
2026-06-02 14:00:00+00:00|1.0|handoff_align_follow_h14_tp06_sl065,2026-06-02 14:00:00+00:00,STAGE28A,data/reports/stage28a_discovery_factory_batch_runner/stage28a_exact_trades.csv,session_handoff_imbalance_v1,handoff_align_follow_h14_tp06_sl065,3.484899999999834,2.434899999999834,1.7348999999998345,1,1,1,0,2.434899999999834,98.14999999999964,36.25,0.3817931034482799,43.899999999999636,0.6999999999999958,9.280000000000655,14.617000000000008,0.128,1.0,,,14,1,6.0,2026
2026-06-03 14:00:00+00:00|-1.0|handoff_align_follow_h14_tp06_sl065,2026-06-03 14:00:00+00:00,STAGE28A,data/reports/stage28a_discovery_factory_batch_runner/stage28a_exact_trades.csv,session_handoff_imbalance_v1,handoff_align_follow_h14_tp06_sl065,6.188800000000265,5.1388000000002645,4.438800000000265,1,1,1,0,5.1388000000002645,78.61999999999989,34.289999999999964,0.01574803149608847,49.039999999999964,0.8429853181076709,25.789999999999964,16.076999999999952,0.3,-1.0,,,14,2,6.0,2026
2026-06-08 14:00:00+00:00|-1.0|handoff_align_follow_h14_tp06_sl065,2026-06-08 14:00:00+00:00,STAGE28A,data/reports/stage28a_discovery_factory_batch_runner/stage28a_exact_trades.csv,session_handoff_imbalance_v1,handoff_align_follow_h14_tp06_sl065,6.293799999999829,5.243799999999828,4.543799999999829,1,1,1,0,5.243799999999828,20.30999999999949,53.06999999999971,0.010363670623690887,52.9399999999996,0.42595391008688027,19.31999999999971,22.36150000000007,0.924,-1.0,,,14,0,6.0,2026
2026-06-10 14:00:00+00:00|-1.0|handoff_align_follow_h14_tp06_sl065,2026-06-10 14:00:00+00:00,STAGE28A,data/reports/stage28a_discovery_factory_batch_runner/stage28a_exact_trades.csv,session_handoff_imbalance_v1,handoff_align_follow_h14_tp06_sl065,6.722199999999612,5.672199999999611,4.972199999999612,1,1,1,0,5.672199999999611,126.54999999999927,84.05999999999949,0.8455864858434494,60.32999999999993,0.2671970827117505,22.980000000000473,25.92100000000005,0.98,-1.0,,,14,2,6.0,2026
2026-06-11 14:00:00+00:00|1.0|handoff_align_follow_h14_tp06_sl065,2026-06-11 14:00:00+00:00,STAGE28A,data/reports/stage28a_discovery_factory_batch_runner/stage28a_exact_trades.csv,session_handoff_imbalance_v1,handoff_align_follow_h14_tp06_sl065,4.7757999999998,3.7257999999997993,3.0257999999997995,1,1,1,0,3.7257999999997993,190.30999999999995,94.00999999999976,0.021380704180408716,42.4399999999996,0.4429783223374153,7.870000000000346,29.50999999999997,0.96,1.0,,,14,3,6.0,2026
2022-05-03 09:00:00+00:00|-1.0|calendar_keep_tue_wed_thu_h9_tp06_sl065,2022-05-03 09:00:00+00:00,STAGE28A,data/reports/stage28a_discovery_factory_batch_runner/stage28a_exact_trades.csv,calendar_time_risk_proxy_v1,calendar_keep_tue_wed_thu_h9_tp06_sl065,-1.582400000000098,-2.6324000000000978,-3.332400000000097,0,0,0,0,2.6324000000000978,45.32999999999993,7.480000000000018,0.14705882352939925,14.160000000000082,0.34322033898305787,3.0399999999999636,5.655499999999995,,-1.0,,,9,1,5.0,2022
2022-05-04 09:00:00+00:00|1.0|calendar_keep_tue_wed_thu_h9_tp06_sl065,2022-05-04 09:00:00+00:00,STAGE28A,data/reports/stage28a_discovery_factory_batch_runner/stage28a_exact_trades.csv,calendar_time_risk_proxy_v1,calendar_keep_tue_wed_thu_h9_tp06_sl065,-1.3545749999999317,-2.4045749999999315,-3.1045749999999317,0,0,0,0,2.4045749999999315,27.660000000000082,7.819999999999936,0.5127877237851983,10.710000000000036,0.4836601307189585,3.5599999999999454,4.6965000000000146,,1.0,,,9,2,5.0,2022
2022-05-05 09:00:00+00:00|-1.0|calendar_keep_tue_wed_thu_h9_tp06_sl065,2022-05-05 09:00:00+00:00,STAGE28A,data/reports/stage28a_discovery_factory_batch_runner/stage28a_exact_trades.csv,calendar_time_risk_proxy_v1,calendar_keep_tue_wed_thu_h9_tp06_sl065,-1.5905249999999342,-2.640524999999934,-3.340524999999934,0,0,0,0,2.640524999999934,28.319999999999936,21.529999999999973,0.8569437993497477,12.660000000000082,0.2993680884676097,3.380000000000109,6.300500000000011,0.873015873015873,-1.0,,,9,3,5.0,2022
2022-05-10 09:00:00+00:00|-1.0|calendar_keep_tue_wed_thu_h9_tp06_sl065,2022-05-10 09:00:00+00:00,STAGE28A,data/reports/stage28a_discovery_factory_batch_runner/stage28a_exact_trades.csv,calendar_time_risk_proxy_v1,calendar_keep_tue_wed_thu_h9_tp06_sl065,0.9949000000000524,-0.0550999999999475,-0.7550999999999473,0,0,0,0,0.0550999999999475,34.0,12.160000000000082,0.9555921052631612,7.910000000000082,0.8520859671302072,2.75,5.229000000000019,0.22962962962962963,-1.0,,,9,1,5.0,2022
2022-05-11 09:00:00+00:00|1.0|calendar_keep_tue_wed_thu_h9_tp06_sl065,2022-05-11 09:00:00+00:00,STAGE28A,data/reports/stage28a_discovery_factory_batch_runner/stage28a_exact_trades.csv,calendar_time_risk_proxy_v1,calendar_keep_tue_wed_thu_h9_tp06_sl065,-1.5645250000000943,-2.614525000000094,-3.314525000000094,0,0,0,0,2.614525000000094,29.940000000000055,8.169999999999845,0.2643818849449355,18.360000000000127,0.8687363834422622,2.3099999999999454,5.6625,0.5471698113207547,1.0,,,9,2,5.0,2022
2022-05-12 09:00:00+00:00|-1.0|calendar_keep_tue_wed_thu_h9_tp06_sl065,2022-05-12 09:00:00+00:00,STAGE28A,data/reports/stage28a_discovery_factory_batch_runner/stage28a_exact_trades.csv,calendar_time_risk_proxy_v1,calendar_keep_tue_wed_thu_h9_tp06_sl065,-1.674049999999943,-2.724049999999943,-3.4240499999999425,0,0,0,0,2.724049999999943,25.949999999999818,7.819999999999936,0.054987212276194346,10.240000000000009,0.4843750000000031,5.210000000000036,5.84649999999998,0.5956284153005464,-1.0,,,9,3,5.0,2022
2022-05-17 09:00:00+00:00|1.0|calendar_keep_tue_wed_thu_h9_tp06_sl065,2022-05-17 09:00:00+00:00,STAGE28A,data/reports/stage28a_discovery_factory_batch_runner/stage28a_exact_trades.csv,calendar_time_risk_proxy_v1,calendar_keep_tue_wed_thu_h9_tp06_sl065,0.6907000000000153,-0.3592999999999846,-1.0592999999999844,0,0,0,0,0.3592999999999846,40.070000000000164,7.480000000000018,0.24064171122993985,7.629999999999882,0.7404980340760391,5.2800000000002,5.3800000000000185,0.288,1.0,,,9,1,5.0,2022
2022-05-18 09:00:00+00:00|1.0|calendar_keep_tue_wed_thu_h9_tp06_sl065,2022-05-18 09:00:00+00:00,STAGE28A,data/reports/stage28a_discovery_factory_batch_runner/stage28a_exact_trades.csv,calendar_time_risk_proxy_v1,calendar_keep_tue_wed_thu_h9_tp06_sl065,-1.652599999999984,-2.702599999999984,-3.402599999999984,0,0,0,0,2.702599999999984,23.24000000000001,9.519999999999982,0.6102941176470542,12.180000000000064,0.9014778325123121,2.6799999999998363,4.651000000000022,0.072,1.0,,,9,2,5.0,2022
2022-05-19 09:00:00+00:00|1.0|calendar_keep_tue_wed_thu_h9_tp06_sl065,2022-05-19 09:00:00+00:00,STAGE28A,data/reports/stage28a_discovery_factory_batch_runner/stage28a_exact_trades.csv,calendar_time_risk_proxy_v1,calendar_keep_tue_wed_thu_h9_tp06_sl065,-1.3266250000000128,-2.3766250000000126,-3.0766250000000124,0,0,0,0,2.3766250000000126,17.430000000000064,3.7799999999999727,0.27777777777776774,19.279999999999973,0.7012448132780084,2.2899999999999636,4.3115000000000006,0.016,1.0,,,9,3,5.0,2022
2022-05-24 09:00:00+00:00|1.0|calendar_keep_tue_wed_thu_h9_tp06_sl065,2022-05-24 09:00:00+00:00,STAGE28A,data/reports/stage28a_discovery_factory_batch_runner/stage28a_exact_trades.csv,calendar_time_risk_proxy_v1,calendar_keep_tue_wed_thu_h9_tp06_sl065,0.4716999999999643,-0.5783000000000356,-1.2783000000000353,0,0,0,0,0.5783000000000356,21.809999999999945,6.680000000000064,0.3428143712574763,10.269999999999982,0.08081791626096943,1.9600000000000364,3.6774999999999975,0.012,1.0,,,9,1,5.0,2022
2022-05-25 09:00:00+00:00|-1.0|calendar_keep_tue_wed_thu_h9_tp06_sl065,2022-05-25 09:00:00+00:00,STAGE28A,data/reports/stage28a_discovery_factory_batch_runner/stage28a_exact_trades.csv,calendar_time_risk_proxy_v1,calendar_keep_tue_wed_thu_h9_tp06_sl065,-1.3188249999999244,-2.368824999999924,-3.068824999999924,0,0,0,0,2.368824999999924,20.420000000000073,8.389999999999873,0.43623361144218237,8.199999999999818,0.6987804878048958,4.529999999999973,3.869999999999993,0.06,-1.0,,,9,2,5.0,2022
2022-05-26 09:00:00+00:00|-1.0|calendar_keep_tue_wed_thu_h9_tp06_sl065,2022-05-26 09:00:00+00:00,STAGE28A,data/reports/stage28a_discovery_factory_batch_runner/stage28a_exact_trades.csv,calendar_time_risk_proxy_v1,calendar_keep_tue_wed_thu_h9_tp06_sl065,0.6654999999999746,-0.3845000000000254,-1.084500000000025,0,0,0,0,0.3845000000000254,26.61999999999989,5.4699999999998,0.4369287020110032,8.629999999999882,0.5758980301274734,3.25,4.287500000000011,0.236,-1.0,,,9,3,5.0,2022
2022-05-31 09:00:00+00:00|1.0|calendar_keep_tue_wed_thu_h9_tp06_sl065,2022-05-31 09:00:00+00:00,STAGE28A,data/reports/stage28a_discovery_factory_batch_runner/stage28a_exact_trades.csv,calendar_time_risk_proxy_v1,calendar_keep_tue_wed_thu_h9_tp06_sl065,-1.2330250000000889,-2.2830250000000887,-2.9830250000000884,0,0,0,0,2.2830250000000887,15.839999999999918,10.900000000000091,0.19633027522936533,8.049999999999955,0.2534161490683199,2.8799999999998818,3.2299999999999955,0.012,1.0,,,9,1,5.0,2022
2022-06-01 09:00:00+00:00|-1.0|calendar_keep_tue_wed_thu_h9_tp06_sl065,2022-06-01 09:00:00+00:00,STAGE28A,data/reports/stage28a_discovery_factory_batch_runner/stage28a_exact_trades.csv,calendar_time_risk_proxy_v1,calendar_keep_tue_wed_thu_h9_tp06_sl065,0.7111000000001241,-0.3388999999998758,-1.0388999999998756,0,0,0,0,0.3388999999998758,22.00999999999999,5.160000000000082,0.20155038759688898,8.710000000000036,0.5993111366245701,3.880000000000109,4.259500000000014,0.536,-1.0,,,9,2,6.0,2022
2022-06-02 09:00:00+00:00|1.0|calendar_keep_tue_wed_thu_h9_tp06_sl065,2022-06-02 09:00:00+00:00,STAGE28A,data/reports/stage28a_discovery_factory_batch_runner/stage28a_exact_trades.csv,calendar_time_risk_proxy_v1,calendar_keep_tue_wed_thu_h9_tp06_sl065,0.4432000000000698,-0.6067999999999301,-1.3067999999999298,0,0,0,0,0.6067999999999301,21.49000000000001,4.849999999999909,0.4659793814433058,10.8599999999999,0.8508287292817767,4.869999999999891,4.024999999999989,0.376,1.0,,,9,3,6.0,2022
2022-06-07 09:00:00+00:00|1.0|calendar_keep_tue_wed_thu_h9_tp06_sl065,2022-06-07 09:00:00+00:00,STAGE28A,data/reports/stage28a_discovery_factory_batch_runner/stage28a_exact_trades.csv,calendar_time_risk_proxy_v1,calendar_keep_tue_wed_thu_h9_tp06_sl065,0.6088000000001103,-0.4411999999998897,-1.1411999999998894,0,0,0,0,0.4411999999998897,17.180000000000064,5.460000000000036,0.2655677655677721,10.450000000000045,0.6842105263157952,4.0300000000002,3.4359999999999786,0.232,1.0,,,9,1,6.0,2022
2022-06-08 09:00:00+00:00|1.0|calendar_keep_tue_wed_thu_h9_tp06_sl065,2022-06-08 09:00:00+00:00,STAGE28A,data/reports/stage28a_discovery_factory_batch_runner/stage28a_exact_trades.csv,calendar_time_risk_proxy_v1,calendar_keep_tue_wed_thu_h9_tp06_sl065,-1.174200000000019,-2.224200000000019,-2.9242000000000186,0,0,0,0,2.224200000000019,18.480000000000018,7.009999999999991,0.8359486447931395,5.5,0.49818181818181984,2.6700000000000728,3.7225000000000366,0.412,1.0,,,9,2,6.0,2022
2022-06-09 09:00:00+00:00|-1.0|calendar_keep_tue_wed_thu_h9_tp06_sl065,2022-06-09 09:00:00+00:00,STAGE28A,data/reports/stage28a_discovery_factory_batch_runner/stage28a_exact_trades.csv,calendar_time_risk_proxy_v1,calendar_keep_tue_wed_thu_h9_tp06_sl065,0.4090000000000146,-0.6409999999999854,-1.340999999999985,0,0,0,0,0.6409999999999854,15.110000000000127,4.420000000000073,0.27149321266968907,7.669999999999845,0.7679269882659702,4.119999999999891,3.393999999999994,0.212,-1.0,,,9,3,6.0,2022
2022-06-14 09:00:00+00:00|1.0|calendar_keep_tue_wed_thu_h9_tp06_sl065,2022-06-14 09:00:00+00:00,STAGE28A,data/reports/stage28a_discovery_factory_batch_runner/stage28a_exact_trades.csv,calendar_time_risk_proxy_v1,calendar_keep_tue_wed_thu_h9_tp06_sl065,0.7123000000000502,-0.3376999999999497,-1.0376999999999494,0,0,0,0,0.3376999999999497,60.1400000000001,18.980000000000018,0.22760800842992265,9.910000000000082,0.14429868819374891,4.25,6.2329999999999925,0.892,1.0,,,9,1,6.0,2022
2022-06-15 09:00:00+00:00|1.0|calendar_keep_tue_wed_thu_h9_tp06_sl065,2022-06-15 09:00:00+00:00,STAGE28A,data/reports/stage28a_discovery_factory_batch_runner/stage28a_exact_trades.csv,calendar_time_risk_proxy_v1,calendar_keep_tue_wed_thu_h9_tp06_sl065,0.7006000000000313,-0.3493999999999686,-1.0493999999999684,0,0,0,0,0.3493999999999686,26.5,11.839999999999918,0.5861486486486573,12.980000000000018,0.7534668721109368,5.769999999999982,4.772499999999968,0.756,1.0,,,9,2,6.0,2022
2022-06-16 09:00:00+00:00|1.0|calendar_keep_tue_wed_thu_h9_tp06_sl065,2022-06-16 09:00:00+00:00,STAGE28A,data/reports/stage28a_discovery_factory_batch_runner/stage28a_exact_trades.csv,calendar_time_risk_proxy_v1,calendar_keep_tue_wed_thu_h9_tp06_sl065,-1.4195749999999865,-2.469574999999986,-3.169574999999986,0,0,0,0,2.469574999999986,34.37999999999988,6.600000000000136,0.1181818181818116,9.560000000000173,0.2834728033472552,3.1599999999998545,6.282500000000004,0.852,1.0,,,9,3,6.0,2022
2022-06-21 09:00:00+00:00|-1.0|calendar_keep_tue_wed_thu_h9_tp06_sl065,2022-06-21 09:00:00+00:00,STAGE28A,data/reports/stage28a_discovery_factory_batch_runner/stage28a_exact_trades.csv,calendar_time_risk_proxy_v1,calendar_keep_tue_wed_thu_h9_tp06_sl065,-1.2700749999999972,-2.320074999999997,-3.0200749999999967,0,0,0,0,2.320074999999997,11.340000000000146,5.1400000000001,0.4299610894941621,8.159999999999854,0.3566176470588399,5.829999999999927,2.8440000000000167,0.036,-1.0,,,9,1,6.0,2022
2022-06-22 09:00:00+00:00|-1.0|calendar_keep_tue_wed_thu_h9_tp06_sl065,2022-06-22 09:00:00+00:00,STAGE28A,data/reports/stage28a_discovery_factory_batch_runner/stage28a_exact_trades.csv,calendar_time_risk_proxy_v1,calendar_keep_tue_wed_thu_h9_tp06_sl065,-1.501149999999916,-2.551149999999916,-3.251149999999916,0,0,0,0,2.551149999999916,15.059999999999945,7.599999999999909,0.48289473684212064,6.970000000000027,0.15351506456243322,2.3099999999999454,4.043499999999983,0.356,-1.0,,,9,2,6.0,2022
2022-06-23 09:00:00+00:00|1.0|calendar_keep_tue_wed_thu_h9_tp06_sl065,2022-06-23 09:00:00+00:00,STAGE28A,data/reports/stage28a_discovery_factory_batch_runner/stage28a_exact_trades.csv,calendar_time_risk_proxy_v1,calendar_keep_tue_wed_thu_h9_tp06_sl065,0.661299999999892,-0.3887000000001079,-1.0887000000001077,0,0,0,0,0.3887000000001079,24.480000000000018,6.289999999999964,0.782193958664563,7.670000000000073,0.10299869621902948,3.979999999999791,4.490000000000009,0.392,1.0,,,9,3,6.0,2022
2022-06-28 09:00:00+00:00|1.0|calendar_keep_tue_wed_thu_h9_tp06_sl065,2022-06-28 09:00:00+00:00,STAGE28A,data/reports/stage28a_discovery_factory_batch_runner/stage28a_exact_trades.csv,calendar_time_risk_proxy_v1,calendar_keep_tue_wed_thu_h9_tp06_sl065,-1.115049999999974,-2.1650499999999737,-2.865049999999973,0,0,0,0,2.1650499999999737,20.230000000000018,4.779999999999973,0.7656903765690116,5.139999999999873,0.2529182879377406,1.6800000000000637,3.0165000000000077,0.044,1.0,,,9,1,6.0,2022
2022-06-29 09:00:00+00:00|-1.0|calendar_keep_tue_wed_thu_h9_tp06_sl065,2022-06-29 09:00:00+00:00,STAGE28A,data/reports/stage28a_discovery_factory_batch_runner/stage28a_exact_trades.csv,calendar_time_risk_proxy_v1,calendar_keep_tue_wed_thu_h9_tp06_sl065,-1.111799999999994,-2.1617999999999937,-2.861799999999993,0,0,0,0,2.1617999999999937,11.039999999999964,4.660000000000082,0.22532188841200346,10.309999999999945,0.5819592628516035,1.6200000000001182,3.068500000000006,0.088,-1.0,,,9,2,6.0,2022
2022-06-30 09:00:00+00:00|-1.0|calendar_keep_tue_wed_thu_h9_tp06_sl065,2022-06-30 09:00:00+00:00,STAGE28A,data/reports/stage28a_discovery_factory_batch_runner/stage28a_exact_trades.csv,calendar_time_risk_proxy_v1,calendar_keep_tue_wed_thu_h9_tp06_sl065,0.4096000000000913,-0.6403999999999086,-1.3403999999999083,0,0,0,0,0.6403999999999086,20.939999999999827,4.75,0.21684210526315215,6.769999999999982,0.6469719350074034,1.7699999999999818,3.942500000000018,0.328,-1.0,,,9,3,6.0,2022
2022-07-05 09:00:00+00:00|-1.0|calendar_keep_tue_wed_thu_h9_tp06_sl065,2022-07-05 09:00:00+00:00,STAGE28A,data/reports/stage28a_discovery_factory_batch_runner/stage28a_exact_trades.csv,calendar_time_risk_proxy_v1,calendar_keep_tue_wed_thu_h9_tp06_sl065,0.4369000000000597,-0.6130999999999402,-1.31309999999994,0,0,0,0,0.6130999999999402,10.349999999999909,5.660000000000082,0.3021201413427582,11.75,0.6289361702127745,1.6700000000000728,2.603999999999985,0.004,-1.0,,,9,1,7.0,2022
2022-07-06 09:00:00+00:00|-1.0|calendar_keep_tue_wed_thu_h9_tp06_sl065,2022-07-06 09:00:00+00:00,STAGE28A,data/reports/stage28a_discovery_factory_batch_runner/stage28a_exact_trades.csv,calendar_time_risk_proxy_v1,calendar_keep_tue_wed_thu_h9_tp06_sl065,0.9393999999998868,-0.110600000000113,-0.8106000000001128,0,0,0,0,0.110600000000113,48.25,7.059999999999945,0.1713881019830093,8.720000000000027,0.6135321100917569,4.980000000000018,5.29899999999999,0.872,-1.0,,,9,2,7.0,2022
2022-07-07 09:00:00+00:00|-1.0|calendar_keep_tue_wed_thu_h9_tp06_sl065,2022-07-07 09:00:00+00:00,STAGE28A,data/reports/stage28a_discovery_factory_batch_runner/stage28a_exact_trades.csv,calendar_time_risk_proxy_v1,calendar_keep_tue_wed_thu_h9_tp06_sl065,0.7842999999999393,-0.2657000000000606,-0.9657000000000604,0,0,0,0,0.2657000000000606,40.66000000000008,10.450000000000045,0.6411483253588532,7.569999999999936,0.33685601056802855,3.6099999999999,5.693999999999994,0.904,-1.0,,,9,3,7.0,2022
2022-07-12 09:00:00+00:00|1.0|calendar_keep_tue_wed_thu_h9_tp06_sl065,2022-07-12 09:00:00+00:00,STAGE28A,data/reports/stage28a_discovery_factory_batch_runner/stage28a_exact_trades.csv,calendar_time_risk_proxy_v1,calendar_keep_tue_wed_thu_h9_tp06_sl065,-2.248650000000089,-3.2986500000000887,-3.998650000000088,0,0,0,1,3.2986500000000887,13.3599999999999,21.100000000000136,0.008056872037918088,13.6099999999999,0.11535635562086317,4.029999999999973,4.444500000000028,0.572,1.0,,,9,1,7.0,2022
2022-07-13 09:00:00+00:00|1.0|calendar_keep_tue_wed_thu_h9_tp06_sl065,2022-07-13 09:00:00+00:00,STAGE28A,data/reports/stage28a_discovery_factory_batch_runner/stage28a_exact_trades.csv,calendar_time_risk_proxy_v1,calendar_keep_tue_wed_thu_h9_tp06_sl065,0.5784999999999855,-0.4715000000000144,-1.1715000000000142,0,0,0,0,0.4715000000000144,21.100000000000136,6.019999999999982,0.245847176079738,7.830000000000155,0.11238825031929651,2.6000000000001364,3.6980000000000017,0.26,1.0,,,9,2,7.0,2022
2022-07-14 09:00:00+00:00|-1.0|calendar_keep_tue_wed_thu_h9_tp06_sl065,2022-07-14 09:00:00+00:00,STAGE28A,data/reports/stage28a_discovery_factory_batch_runner/stage28a_exact_trades.csv,calendar_time_risk_proxy_v1,calendar_keep_tue_wed_thu_h9_tp06_sl065,-1.833625000000075,-2.8836250000000745,-3.5836250000000742,0,0,0,0,2.8836250000000745,38.049999999999955,10.920000000000073,0.21245421245422602,20.029999999999973,0.7688467299051365,2.730000000000018,6.770000000000005,0.996,-1.0,,,9,3,7.0,2022
2022-07-19 09:00:00+00:00|1.0|calendar_keep_tue_wed_thu_h9_tp06_sl065,2022-07-19 09:00:00+00:00,STAGE28A,data/reports/stage28a_discovery_factory_batch_runner/stage28a_exact_trades.csv,calendar_time_risk_proxy_v1,calendar_keep_tue_wed_thu_h9_tp06_sl065,0.4639000000001033,-0.5860999999998966,-1.2860999999998963,0,0,0,0,0.5860999999998966,17.99000000000001,4.889999999999873,0.30061349693252876,7.759999999999991,0.49742268041238813,3.1900000000000546,3.7225000000000135,0.18,1.0,,,9,1,7.0,2022
2022-07-20 09:00:00+00:00|-1.0|calendar_keep_tue_wed_thu_h9_tp06_sl065,2022-07-20 09:00:00+00:00,STAGE28A,data/reports/stage28a_discovery_factory_batch_runner/stage28a_exact_trades.csv,calendar_time_risk_proxy_v1,calendar_keep_tue_wed_thu_h9_tp06_sl065,-1.2941249999999855,-2.3441249999999854,-3.044124999999985,0,0,0,0,2.3441249999999854,13.169999999999845,3.900000000000091,0.02307692307690155,7.980000000000018,0.08771929824561954,3.880000000000109,3.1675000000000297,0.044,-1.0,,,9,2,7.0,2022
2022-07-21 09:00:00+00:00|-1.0|calendar_keep_tue_wed_thu_h9_tp06_sl065,2022-07-21 09:00:00+00:00,STAGE28A,data/reports/stage28a_discovery_factory_batch_runner/stage28a_exact_trades.csv,calendar_time_risk_proxy_v1,calendar_keep_tue_wed_thu_h9_tp06_sl065,0.5092000000001008,-0.5407999999998991,-1.2407999999998989,0,0,0,0,0.5407999999998991,21.980000000000018,7.3400000000001455,0.5953678474114175,11.529999999999973,0.6131830008673184,1.8200000000001637,3.7744999999999775,0.272,-1.0,,,9,3,7.0,2022
2022-07-26 09:00:00+00:00|-1.0|calendar_keep_tue_wed_thu_h9_tp06_sl065,2022-07-26 09:00:00+00:00,STAGE28A,data/reports/stage28a_discovery_factory_batch_runner/stage28a_exact_trades.csv,calendar_time_risk_proxy_v1,calendar_keep_tue_wed_thu_h9_tp06_sl065,-1.4550000000000185,-2.505000000000018,-3.205000000000018,0,0,0,0,2.505000000000018,21.460000000000036,10.149999999999864,0.5320197044335137,8.980000000000018,0.4432071269487762,2.349999999999909,3.4800000000000066,0.16,-1.0,,,9,1,7.0,2022
2022-07-27 09:00:00+00:00|1.0|calendar_keep_tue_wed_thu_h9_tp06_sl065,2022-07-27 09:00:00+00:00,STAGE28A,data/reports/stage28a_discovery_factory_batch_runner/stage28a_exact_trades.csv,calendar_time_risk_proxy_v1,calendar_keep_tue_wed_thu_h9_tp06_sl065,-1.3552250000001096,-2.4052250000001094,-3.105225000000109,0,0,0,0,2.4052250000001094,14.579999999999927,4.2999999999999545,0.34883720930232925,11.460000000000036,0.47382198952878,5.320000000000164,3.317499999999973,0.116,1.0,,,9,2,7.0,2022
2022-07-28 09:00:00+00:00|1.0|calendar_keep_tue_wed_thu_h9_tp06_sl065,2022-07-28 09:00:00+00:00,STAGE28A,data/reports/stage28a_discovery_factory_batch_runner/stage28a_exact_trades.csv,calendar_time_risk_proxy_v1,calendar_keep_tue_wed_thu_h9_tp06_sl065,0.5856999999999971,-0.4643000000000028,-1.1643000000000026,0,0,0,0,0.4643000000000028,28.660000000000082,7.730000000000018,0.18111254851230113,13.089999999999918,0.32773109243697407,3.509999999999991,4.741500000000007,0.692,1.0,,,9,3,7.0,2022
2022-08-02 09:00:00+00:00|-1.0|calendar_keep_tue_wed_thu_h9_tp06_sl065,2022-08-02 09:00:00+00:00,STAGE28A,data/reports/stage28a_discovery_factory_batch_runner/stage28a_exact_trades.csv,calendar_time_risk_proxy_v1,calendar_keep_tue_wed_thu_h9_tp06_sl065,0.612099999999964,-0.4379000000000359,-1.1379000000000357,0,0,0,0,0.4379000000000359,16.699999999999818,9.649999999999864,0.30880829015544664,7.150000000000091,0.008391608391600653,3.290000000000191,4.108000000000027,0.504,-1.0,,,9,1,8.0,2022
2022-08-03 09:00:00+00:00|-1.0|calendar_keep_tue_wed_thu_h9_tp06_sl065,2022-08-03 09:00:00+00:00,STAGE28A,data/reports/stage28a_discovery_factory_batch_runner/stage28a_exact_trades.csv,calendar_time_risk_proxy_v1,calendar_keep_tue_wed_thu_h9_tp06_sl065,-1.5947500000000674,-2.644750000000067,-3.344750000000067,0,0,0,0,2.644750000000067,28.529999999999973,14.2800000000002,0.6435574229691825,6.519999999999982,0.4647239263803652,3.5799999999999272,5.808500000000015,0.944,-1.0,,,9,2,8.0,2022
2022-08-04 09:00:00+00:00|1.0|calendar_keep_tue_wed_thu_h9_tp06_sl065,2022-08-04 09:00:00+00:00,STAGE28A,data/reports/stage28a_discovery_factory_batch_runner/stage28a_exact_trades.csv,calendar_time_risk_proxy_v1,calendar_keep_tue_wed_thu_h9_tp06_sl065,0.5712999999999738,-0.4787000000000261,-1.1787000000000258,0,0,0,0,0.4787000000000261,18.460000000000036,8.320000000000164,0.889423076923043,11.079999999999927,0.8086642599278064,5.259999999999991,4.116500000000042,0.372,1.0,,,9,3,8.0,2022
2022-08-09 09:00:00+00:00|1.0|calendar_keep_tue_wed_thu_h9_tp06_sl065,2022-08-09 09:00:00+00:00,STAGE28A,data/reports/stage28a_discovery_factory_batch_runner/stage28a_exact_trades.csv,calendar_time_risk_proxy_v1,calendar_keep_tue_wed_thu_h9_tp06_sl065,0.3619000000000142,-0.6880999999999857,-1.3880999999999857,0,0,0,0,0.6880999999999857,19.449999999999818,7.440000000000055,0.3360215053763416,9.8599999999999,0.5324543610547722,3.3599999999999,3.1030000000000086,0.024,1.0,,,9,1,8.0,2022
2022-08-10 09:00:00+00:00|1.0|calendar_keep_tue_wed_thu_h9_tp06_sl065,2022-08-10 09:00:00+00:00,STAGE28A,data/reports/stage28a_discovery_factory_batch_runner/stage28a_exact_trades.csv,calendar_time_risk_proxy_v1,calendar_keep_tue_wed_thu_h9_tp06_sl065,-1.0675999999999477,-2.1175999999999475,-2.8175999999999477,0,0,0,0,2.1175999999999475,17.15000000000009,4.0,0.5999999999999659,7.539999999999964,0.3859416445623168,2.2000000000000455,3.2119999999999775,0.06,1.0,,,9,2,8.0,2022
2022-08-11 09:00:00+00:00|1.0|calendar_keep_tue_wed_thu_h9_tp06_sl065,2022-08-11 09:00:00+00:00,STAGE28A,data/reports/stage28a_discovery_factory_batch_runner/stage28a_exact_trades.csv,calendar_time_risk_proxy_v1,calendar_keep_tue_wed_thu_h9_tp06_sl065,0.5661999999998898,-0.4838000000001101,-1.18380000000011,0,0,0,0,0.4838000000001101,20.269999999999982,8.3900000000001,0.6376638855780506,6.789999999999964,0.6465390279823117,3.2199999999998,4.590499999999997,0.6,1.0,,,9,3,8.0,2022
2022-08-16 09:00:00+00:00|-1.0|calendar_keep_tue_wed_thu_h9_tp06_sl065,2022-08-16 09:00:00+00:00,STAGE28A,data/reports/stage28a_discovery_factory_batch_runner/stage28a_exact_trades.csv,calendar_time_risk_proxy_v1,calendar_keep_tue_wed_thu_h9_tp06_sl065,0.3880000000000564,-0.6619999999999435,-1.3619999999999433,0,0,0,0,0.6619999999999435,29.309999999999945,6.2999999999999545,0.46190476190477825,8.120000000000118,0.6896551724137998,1.6300000000001091,3.6069999999999935,0.236,-1.0,,,9,1,8.0,2022
2022-08-17 09:00:00+00:00|-1.0|calendar_keep_tue_wed_thu_h9_tp06_sl065,2022-08-17 09:00:00+00:00,STAGE28A,data/reports/stage28a_discovery_factory_batch_runner/stage28a_exact_trades.csv,calendar_time_risk_proxy_v1,calendar_keep_tue_wed_thu_h9_tp06_sl065,-1.1628249999999754,-2.212824999999975,-2.912824999999975,0,0,0,0,2.212824999999975,11.660000000000082,3.1499999999998636,0.17777777777776815,10.319999999999936,0.22093023255813826,3.6900000000000546,2.9245000000000005,0.052,-1.0,,,9,2,8.0,2022
2022-08-18 09:00:00+00:00|1.0|calendar_keep_tue_wed_thu_h9_tp06_sl065,2022-08-18 09:00:00+00:00,STAGE28A,data/reports/stage28a_discovery_factory_batch_runner/stage28a_exact_trades.csv,calendar_time_risk_proxy_v1,calendar_keep_tue_wed_thu_h9_tp06_sl065,-1.153724999999986,-2.2037249999999857,-2.903724999999985,0,0,0,0,2.2037249999999857,22.449999999999818,5.760000000000218,0.032986111111119334,8.139999999999873,0.7960687960688108,2.519999999999982,3.961000000000001,0.56,1.0,,,9,3,8.0,2022
2022-08-23 09:00:00+00:00|1.0|calendar_keep_tue_wed_thu_h9_tp06_sl065,2022-08-23 09:00:00+00:00,STAGE28A,data/reports/stage28a_discovery_factory_batch_runner/stage28a_exact_trades.csv,calendar_time_risk_proxy_v1,calendar_keep_tue_wed_thu_h9_tp06_sl065,-1.224250000000075,-2.2742500000000745,-2.9742500000000742,0,0,0,0,2.2742500000000745,21.340000000000146,6.380000000000109,0.4247648902821301,9.120000000000118,0.10087719298246281,2.3999999999998636,3.3700000000000045,0.344,1.0,,,9,1,8.0,2022
2022-08-24 09:00:00+00:00|1.0|calendar_keep_tue_wed_thu_h9_tp06_sl065,2022-08-24 09:00:00+00:00,STAGE28A,data/reports/stage28a_discovery_factory_batch_runner/stage28a_exact_trades.csv,calendar_time_risk_proxy_v1,calendar_keep_tue_wed_thu_h9_tp06_sl065,0.2902000000000498,-0.7597999999999501,-1.4597999999999498,0,0,0,0,0.7597999999999501,23.309999999999945,3.979999999999791,0.36934673366836795,9.430000000000064,0.3955461293743365,2.400000000000091,3.6299999999999613,0.472,1.0,,,9,2,8.0,2022
2022-08-25 09:00:00+00:00|1.0|calendar_keep_tue_wed_thu_h9_tp06_sl065,2022-08-25 09:00:00+00:00,STAGE28A,data/reports/stage28a_discovery_factory_batch_runner/stage28a_exact_trades.csv,calendar_time_risk_proxy_v1,calendar_keep_tue_wed_thu_h9_tp06_sl065,-1.1950000000000274,-2.245000000000027,-2.945000000000027,0,0,0,0,2.245000000000027,13.490000000000009,7.819999999999936,0.6598465473145647,9.720000000000027,0.7150205761316899,2.75,3.4000000000000115,0.348,1.0,,,9,3,8.0,2022
2022-08-30 09:00:00+00:00|-1.0|calendar_keep_tue_wed_thu_h9_tp06_sl065,2022-08-30 09:00:00+00:00,STAGE28A,data/reports/stage28a_discovery_factory_batch_runner/stage28a_exact_trades.csv,calendar_time_risk_proxy_v1,calendar_keep_tue_wed_thu_h9_tp06_sl065,-1.3392999999999575,-2.3892999999999573,-3.089299999999957,0,0,0,0,2.3892999999999573,25.179999999999836,6.619999999999891,0.38670694864051586,8.840000000000146,0.07352941176468925,2.3099999999999454,3.8484999999999787,0.652,-1.0,,,9,1,8.0,2022
2022-08-31 09:00:00+00:00|-1.0|calendar_keep_tue_wed_thu_h9_tp06_sl065,2022-08-31 09:00:00+00:00,STAGE28A,data/reports/stage28a_discovery_factory_batch_runner/stage28a_exact_trades.csv,calendar_time_risk_proxy_v1,calendar_keep_tue_wed_thu_h9_tp06_sl065,-1.3308499999999186,-2.3808499999999184,-3.080849999999918,0,0,0,0,2.3808499999999184,19.339999999999918,3.8899999999998727,0.26478149100257237,15.8599999999999,0.8209331651954643,2.9699999999998,2.9989999999999783,0.112,-1.0,,,9,2,8.0,2022
2022-09-01 09:00:00+00:00|-1.0|calendar_keep_tue_wed_thu_h9_tp06_sl065,2022-09-01 09:00:00+00:00,STAGE28A,data/reports/stage28a_discovery_factory_batch_runner/stage28a_exact_trades.csv,calendar_time_risk_proxy_v1,calendar_keep_tue_wed_thu_h9_tp06_sl065,-1.3103749999998855,-2.3603749999998853,-3.060374999999885,0,0,0,0,2.3603749999998853,16.909999999999854,9.11999999999989,0.7225877192982453,8.200000000000045,0.14878048780488054,5.829999999999927,4.3044999999999956,0.848,-1.0,,,9,3,9.0,2022
2022-09-06 09:00:00+00:00|-1.0|calendar_keep_tue_wed_thu_h9_tp06_sl065,2022-09-06 09:00:00+00:00,STAGE28A,data/reports/stage28a_discovery_factory_batch_runner/stage28a_exact_trades.csv,calendar_time_risk_proxy_v1,calendar_keep_tue_wed_thu_h9_tp06_sl065,-1.294774999999936,-2.344774999999936,-3.044774999999936,0,0,0,0,2.344774999999936,8.049999999999955,16.909999999999854,0.2950916617386193,9.699999999999818,0.6608247422680621,4.0900000000001455,3.2525000000000093,0.228,-1.0,,,9,1,9.0,2022
2022-09-07 09:00:00+00:00|1.0|calendar_keep_tue_wed_thu_h9_tp06_sl065,2022-09-07 09:00:00+00:00,STAGE28A,data/reports/stage28a_discovery_factory_batch_runner/stage28a_exact_trades.csv,calendar_time_risk_proxy_v1,calendar_keep_tue_wed_thu_h9_tp06_sl065,-1.5550999999999022,-2.605099999999902,-3.305099999999902,0,0,0,0,2.605099999999902,26.909999999999854,11.450000000000045,0.618340611353703,15.829999999999927,0.8597599494630425,2.8200000000001637,4.2085000000000035,0.748,1.0,,,9,2,9.0,2022
2022-09-08 09:00:00+00:00|1.0|calendar_keep_tue_wed_thu_h9_tp06_sl065,2022-09-08 09:00:00+00:00,STAGE28A,data/reports/stage28a_discovery_factory_batch_runner/stage28a_exact_trades.csv,calendar_time_risk_proxy_v1,calendar_keep_tue_wed_thu_h9_tp06_sl065,-1.408524999999918,-2.4585249999999177,-3.158524999999917,0,0,0,0,2.4585249999999177,28.09999999999991,5.789999999999964,0.6269430051813699,8.8900000000001,0.6850393700787488,2.9500000000000455,3.8695000000000164,0.5,1.0,,,9,3,9.0,2022
2022-09-13 09:00:00+00:00|1.0|calendar_keep_tue_wed_thu_h9_tp06_sl065,2022-09-13 09:00:00+00:00,STAGE28A,data/reports/stage28a_discovery_factory_batch_runner/stage28a_exact_trades.csv,calendar_time_risk_proxy_v1,calendar_keep_tue_wed_thu_h9_tp06_sl065,-1.3594500000000154,-2.409450000000015,-3.109450000000015,0,0,0,0,2.409450000000015,23.170000000000073,6.830000000000155,0.5710102489019038,8.160000000000082,0.6580882352940977,2.9400000000000546,3.811000000000013,0.364,1.0,,,9,1,9.0,2022
2022-09-14 09:00:00+00:00|1.0|calendar_keep_tue_wed_thu_h9_tp06_sl065,2022-09-14 09:00:00+00:00,STAGE28A,data/reports/stage28a_discovery_factory_batch_runner/stage28a_exact_trades.csv,calendar_time_risk_proxy_v1,calendar_keep_tue_wed_thu_h9_tp06_sl065,-1.4894500000001245,-2.5394500000001243,-3.239450000000124,0,0,0,0,2.5394500000001243,34.73000000000002,6.289999999999964,0.25119236883941753,7.259999999999991,0.6170798898071658,3.1700000000000728,5.270000000000039,0.996,1.0,,,9,2,9.0,2022
2022-09-15 09:00:00+00:00|-1.0|calendar_keep_tue_wed_thu_h9_tp06_sl065,2022-09-15 09:00:00+00:00,STAGE28A,data/reports/stage28a_discovery_factory_batch_runner/stage28a_exact_trades.csv,calendar_time_risk_proxy_v1,calendar_keep_tue_wed_thu_h9_tp06_sl065,-1.4312750000000052,-2.481275000000005,-3.1812750000000047,0,0,0,0,2.481275000000005,13.440000000000055,7.509999999999991,0.6378162450066537,7.75,0.4141935483871015,3.650000000000091,3.3424999999999727,0.144,-1.0,,,9,3,9.0,2022
2022-09-20 09:00:00+00:00|-1.0|calendar_keep_tue_wed_thu_h9_tp06_sl065,2022-09-20 09:00:00+00:00,STAGE28A,data/reports/stage28a_discovery_factory_batch_runner/stage28a_exact_trades.csv,calendar_time_risk_proxy_v1,calendar_keep_tue_wed_thu_h9_tp06_sl065,0.4773999999998978,-0.5726000000001021,-1.272600000000102,0,0,0,0,0.5726000000001021,20.230000000000018,6.029999999999973,0.2338308457711212,10.629999999999882,0.8701787394167547,3.1399999999998727,3.5730000000000133,0.188,-1.0,,,9,1,9.0,2022
2022-09-21 09:00:00+00:00|1.0|calendar_keep_tue_wed_thu_h9_tp06_sl065,2022-09-21 09:00:00+00:00,STAGE28A,data/reports/stage28a_discovery_factory_batch_runner/stage28a_exact_trades.csv,calendar_time_risk_proxy_v1,calendar_keep_tue_wed_thu_h9_tp06_sl065,-1.3376750000000812,-2.387675000000081,-3.0876750000000808,0,0,0,0,2.387675000000081,19.49000000000001,4.599999999999909,0.31304347826083817,14.440000000000055,0.6606648199445934,4.410000000000082,3.175000000000023,0.04,1.0,,,9,2,9.0,2022
2022-09-22 09:00:00+00:00|1.0|calendar_keep_tue_wed_thu_h9_tp06_sl065,2022-09-22 09:00:00+00:00,STAGE28A,data/reports/stage28a_discovery_factory_batch_runner/stage28a_exact_trades.csv,calendar_time_risk_proxy_v1,calendar_keep_tue_wed_thu_h9_tp06_sl065,0.8827000000000226,-0.1672999999999773,-0.8672999999999771,0,0,0,0,0.1672999999999773,34.13999999999987,16.600000000000136,0.6379518072289055,22.539999999999964,0.2666370896184561,3.589999999999918,6.47249999999998,0.976,1.0,,,9,3,9.0,2022
2022-09-27 09:00:00+00:00|1.0|calendar_keep_tue_wed_thu_h9_tp06_sl065,2022-09-27 09:00:00+00:00,STAGE28A,data/reports/stage28a_discovery_factory_batch_runner/stage28a_exact_trades.csv,calendar_time_risk_proxy_v1,calendar_keep_tue_wed_thu_h9_tp06_sl065,0.5773000000000593,-0.4726999999999406,-1.1726999999999403,0,0,0,0,0.4726999999999406,28.61999999999989,10.209999999999809,0.36924583741430483,9.63000000000011,0.1921079958463256,5.210000000000036,5.040999999999974,0.516,1.0,,,9,1,9.0,2022
2022-09-28 09:00:00+00:00|-1.0|calendar_keep_tue_wed_thu_h9_tp06_sl065,2022-09-28 09:00:00+00:00,STAGE28A,data/reports/stage28a_discovery_factory_batch_runner/stage28a_exact_trades.csv,calendar_time_risk_proxy_v1,calendar_keep_tue_wed_thu_h9_tp06_sl065,-1.3701750000001085,-2.4201750000001083,-3.120175000000108,0,0,0,0,2.4201750000001083,19.6099999999999,7.720000000000027,0.6968911917098268,10.920000000000073,0.7225274725274768,2.980000000000018,4.032500000000016,0.316,-1.0,,,9,2,9.0,2022
2022-09-29 09:00:00+00:00|-1.0|calendar_keep_tue_wed_thu_h9_tp06_sl065,2022-09-29 09:00:00+00:00,STAGE28A,data/reports/stage28a_discovery_factory_batch_runner/stage28a_exact_trades.csv,calendar_time_risk_proxy_v1,calendar_keep_tue_wed_thu_h9_tp06_sl065,-1.7757749999999306,-2.8257749999999304,-3.52577499999993,0,0,0,0,2.8257749999999304,47.98000000000002,7.710000000000036,0.4137483787289286,13.070000000000164,0.5057383320581345,9.690000000000055,6.343000000000006,0.792,-1.0,,,9,3,9.0,2022
2022-10-04 09:00:00+00:00|1.0|calendar_keep_tue_wed_thu_h9_tp06_sl065,2022-10-04 09:00:00+00:00,STAGE28A,data/reports/stage28a_discovery_factory_batch_runner/stage28a_exact_trades.csv,calendar_time_risk_proxy_v1,calendar_keep_tue_wed_thu_h9_tp06_sl065,0.8482000000000426,-0.2017999999999573,-0.9017999999999572,0,0,0,0,0.2017999999999573,41.819999999999936,7.339999999999918,0.08446866485012232,13.170000000000073,0.6522399392558748,6.440000000000055,5.827999999999998,0.664,1.0,,,9,1,10.0,2022
2022-10-05 09:00:00+00:00|-1.0|calendar_keep_tue_wed_thu_h9_tp06_sl065,2022-10-05 09:00:00+00:00,STAGE28A,data/reports/stage28a_discovery_factory_batch_runner/stage28a_exact_trades.csv,calendar_time_risk_proxy_v1,calendar_keep_tue_wed_thu_h9_tp06_sl065,0.8802999999999429,-0.169700000000057,-0.8697000000000568,0,0,0,0,0.169700000000057,34.200000000000045,8.230000000000018,0.7095990279465255,21.699999999999818,0.5949308755760456,4.350000000000136,4.887499999999989,0.416,-1.0,,,9,2,10.0,2022
2022-10-06 09:00:00+00:00|-1.0|calendar_keep_tue_wed_thu_h9_tp06_sl065,2022-10-06 09:00:00+00:00,STAGE28A,data/reports/stage28a_discovery_factory_batch_runner/stage28a_exact_trades.csv,calendar_time_risk_proxy_v1,calendar_keep_tue_wed_thu_h9_tp06_sl065,0.6645999999999731,-0.3854000000000268,-1.0854000000000266,0,0,0,0,0.3854000000000268,27.309999999999945,9.439999999999827,0.6430084745762762,12.129999999999882,0.6158285243198763,3.5900000000001455,4.90350000000002,0.332,-1.0,,,9,3,10.0,2022
2022-10-11 09:00:00+00:00|1.0|calendar_keep_tue_wed_thu_h9_tp06_sl065,2022-10-11 09:00:00+00:00,STAGE28A,data/reports/stage28a_discovery_factory_batch_runner/stage28a_exact_trades.csv,calendar_time_risk_proxy_v1,calendar_keep_tue_wed_thu_h9_tp06_sl065,1.1098000000000865,0.0598000000000866,-0.6401999999999131,1,0,0,0,0.0598000000000866,34.23000000000002,12.269999999999982,0.37734311328444303,7.810000000000173,0.20102432778487855,4.120000000000118,4.2529999999999974,0.128,1.0,,,9,1,10.0,2022
2022-10-12 09:00:00+00:00|1.0|calendar_keep_tue_wed_thu_h9_tp06_sl065,2022-10-12 09:00:00+00:00,STAGE28A,data/reports/stage28a_discovery_factory_batch_runner/stage28a_exact_trades.csv,calendar_time_risk_proxy_v1,calendar_keep_tue_wed_thu_h9_tp06_sl065,0.8653000000000702,-0.1846999999999297,-0.8846999999999294,0,0,0,0,0.1846999999999297,22.8900000000001,5.490000000000009,0.14207650273223524,10.549999999999955,0.45118483412322385,4.459999999999809,5.0260000000000336,0.54,1.0,,,9,2,10.0,2022
2022-10-13 09:00:00+00:00|1.0|calendar_keep_tue_wed_thu_h9_tp06_sl065,2022-10-13 09:00:00+00:00,STAGE28A,data/reports/stage28a_discovery_factory_batch_runner/stage28a_exact_trades.csv,calendar_time_risk_proxy_v1,calendar_keep_tue_wed_thu_h9_tp06_sl065,0.3481000000000677,-0.7018999999999322,-1.401899999999932,0,0,0,0,0.7018999999999322,16.950000000000045,6.440000000000055,0.669254658385079,10.8900000000001,0.5096418732782281,2.1400000000001,3.280500000000063,0.004,1.0,,,9,3,10.0,2022
2022-10-18 09:00:00+00:00|-1.0|calendar_keep_tue_wed_thu_h9_tp06_sl065,2022-10-18 09:00:00+00:00,STAGE28A,data/reports/stage28a_discovery_factory_batch_runner/stage28a_exact_trades.csv,calendar_time_risk_proxy_v1,calendar_keep_tue_wed_thu_h9_tp06_sl065,-1.6496749999999794,-2.699674999999979,-3.399674999999979,0,0,0,0,2.699674999999979,25.279999999999973,4.639999999999873,0.4008620689655067,12.230000000000018,0.039247751430909035,4.559999999999945,4.326499999999987,0.228,-1.0,,,9,1,10.0,2022
2022-10-19 09:00:00+00:00|-1.0|calendar_keep_tue_wed_thu_h9_tp06_sl065,2022-10-19 09:00:00+00:00,STAGE28A,data/reports/stage28a_discovery_factory_batch_runner/stage28a_exact_trades.csv,calendar_time_risk_proxy_v1,calendar_keep_tue_wed_thu_h9_tp06_sl065,0.4923999999999978,-0.5576000000000021,-1.2576000000000018,0,0,0,0,0.5576000000000021,15.049999999999955,5.379999999999882,0.6189591078067338,11.819999999999936,0.6142131979695457,2.8299999999999272,3.4424999999999613,0.036,-1.0,,,9,2,10.0,2022
2022-10-20 09:00:00+00:00|1.0|calendar_keep_tue_wed_thu_h9_tp06_sl065,2022-10-20 09:00:00+00:00,STAGE28A,data/reports/stage28a_discovery_factory_batch_runner/stage28a_exact_trades.csv,calendar_time_risk_proxy_v1,calendar_keep_tue_wed_thu_h9_tp06_sl065,-1.6766499999999724,-2.7266499999999723,-3.426649999999972,0,0,0,0,2.7266499999999723,26.74000000000001,7.850000000000136,0.21910828025477674,10.799999999999955,0.7990740740740876,3.519999999999982,3.921499999999992,0.116,1.0,,,9,3,10.0,2022
2022-10-25 09:00:00+00:00|-1.0|calendar_keep_tue_wed_thu_h9_tp06_sl065,2022-10-25 09:00:00+00:00,STAGE28A,data/reports/stage28a_discovery_factory_batch_runner/stage28a_exact_trades.csv,calendar_time_risk_proxy_v1,calendar_keep_tue_wed_thu_h9_tp06_sl065,0.5433999999999287,-0.5066000000000712,-1.206600000000071,0,0,0,0,0.5066000000000712,26.539999999999964,7.680000000000064,0.032552083333333065,13.129999999999882,0.885757806549902,3.189999999999827,3.766000000000031,0.076,-1.0,,,9,1,10.0,2022
2022-10-26 09:00:00+00:00|1.0|calendar_keep_tue_wed_thu_h9_tp06_sl065,2022-10-26 09:00:00+00:00,STAGE28A,data/reports/stage28a_discovery_factory_batch_runner/stage28a_exact_trades.csv,calendar_time_risk_proxy_v1,calendar_keep_tue_wed_thu_h9_tp06_sl065,-1.518049999999994,-2.5680499999999937,-3.268049999999993,0,0,0,0,2.5680499999999937,24.060000000000173,7.880000000000109,0.5862944162436329,19.779999999999973,0.6400404448938257,5.150000000000091,4.463000000000022,0.44,1.0,,,9,2,10.0,2022
2022-10-27 09:00:00+00:00|-1.0|calendar_keep_tue_wed_thu_h9_tp06_sl065,2022-10-27 09:00:00+00:00,STAGE28A,data/reports/stage28a_discovery_factory_batch_runner/stage28a_exact_trades.csv,calendar_time_risk_proxy_v1,calendar_keep_tue_wed_thu_h9_tp06_sl065,-1.578824999999915,-2.628824999999915,-3.328824999999915,0,0,0,0,2.628824999999915,25.180000000000064,8.439999999999827,0.06398104265402543,10.589999999999918,0.20774315391879722,4.529999999999973,3.97199999999998,0.18,-1.0,,,9,3,10.0,2022
2022-11-01 09:00:00+00:00|1.0|calendar_keep_tue_wed_thu_h9_tp06_sl065,2022-11-01 09:00:00+00:00,STAGE28A,data/reports/stage28a_discovery_factory_batch_runner/stage28a_exact_trades.csv,calendar_time_risk_proxy_v1,calendar_keep_tue_wed_thu_h9_tp06_sl065,-1.4507750000001125,-2.5007750000001123,-3.200775000000112,0,0,0,0,2.5007750000001123,13.779999999999973,9.440000000000055,0.5889830508474484,15.150000000000091,0.8686468646864538,5.8900000000001,3.5990000000000237,0.064,1.0,,,9,1,11.0,2022
2022-11-02 09:00:00+00:00|1.0|calendar_keep_tue_wed_thu_h9_tp06_sl065,2022-11-02 09:00:00+00:00,STAGE28A,data/reports/stage28a_discovery_factory_batch_runner/stage28a_exact_trades.csv,calendar_time_risk_proxy_v1,calendar_keep_tue_wed_thu_h9_tp06_sl065,0.5518000000000939,-0.498199999999906,-1.1981999999999058,0,0,0,0,0.498199999999906,26.399999999999864,7.350000000000136,0.31292517006801523,7.3599999999999,0.6983695652174144,2.7799999999999727,3.7914999999999623,0.204,1.0,,,9,2,11.0,2022
2022-11-03 09:00:00+00:00|-1.0|calendar_keep_tue_wed_thu_h9_tp06_sl065,2022-11-03 09:00:00+00:00,STAGE28A,data/reports/stage28a_discovery_factory_batch_runner/stage28a_exact_trades.csv,calendar_time_risk_proxy_v1,calendar_keep_tue_wed_thu_h9_tp06_sl065,-1.3175250000000234,-2.367525000000023,-3.067525000000023,0,0,0,0,2.367525000000023,37.6099999999999,9.11999999999989,0.2971491228070251,18.699999999999818,0.8711229946524129,2.9099999999998545,5.076499999999976,0.816,-1.0,,,9,3,11.0,2022
2022-11-08 09:00:00+00:00|1.0|calendar_keep_tue_wed_thu_h9_tp06_sl065,2022-11-08 09:00:00+00:00,STAGE28A,data/reports/stage28a_discovery_factory_batch_runner/stage28a_exact_trades.csv,calendar_time_risk_proxy_v1,calendar_keep_tue_wed_thu_h9_tp06_sl065,0.4710999999998876,-0.5789000000001123,-1.278900000000112,0,0,0,0,0.5789000000001123,14.930000000000064,7.279999999999973,0.5508241758241766,7.3599999999999,0.04347826086955716,3.3099999999999454,3.0909999999999855,0.016,1.0,,,9,1,11.0,2022
2022-11-09 09:00:00+00:00|-1.0|calendar_keep_tue_wed_thu_h9_tp06_sl065,2022-11-09 09:00:00+00:00,STAGE28A,data/reports/stage28a_discovery_factory_batch_runner/stage28a_exact_trades.csv,calendar_time_risk_proxy_v1,calendar_keep_tue_wed_thu_h9_tp06_sl065,0.6336999999999989,-0.416300000000001,-1.1163000000000007,0,0,0,0,0.416300000000001,52.25,6.430000000000064,0.4790046656298793,11.860000000000127,0.023608768971329654,2.259999999999991,5.3175000000000185,0.868,-1.0,,,9,2,11.0,2022
2022-11-10 09:00:00+00:00|-1.0|calendar_keep_tue_wed_thu_h9_tp06_sl065,2022-11-10 09:00:00+00:00,STAGE28A,data/reports/stage28a_discovery_factory_batch_runner/stage28a_exact_trades.csv,calendar_time_risk_proxy_v1,calendar_keep_tue_wed_thu_h9_tp06_sl065,0.6364000000000033,-0.4135999999999966,-1.1135999999999964,0,0,0,0,0.4135999999999966,20.180000000000064,6.259999999999991,0.522364217252394,8.540000000000191,0.18032786885245072,3.730000000000018,4.139999999999975,0.36,-1.0,,,9,3,11.0,2022
2022-11-15 09:00:00+00:00|1.0|calendar_keep_tue_wed_thu_h9_tp06_sl065,2022-11-15 09:00:00+00:00,STAGE28A,data/reports/stage28a_discovery_factory_batch_runner/stage28a_exact_trades.csv,calendar_time_risk_proxy_v1,calendar_keep_tue_wed_thu_h9_tp06_sl065,-1.313950000000068,-2.363950000000068,-3.063950000000068,0,0,0,0,2.363950000000068,21.77000000000021,5.259999999999991,0.26615969581750826,15.680000000000064,0.36926020408162885,2.8199999999999363,3.8385000000000105,0.22,1.0,,,9,1,11.0,2022
2022-11-16 09:00:00+00:00|1.0|calendar_keep_tue_wed_thu_h9_tp06_sl065,2022-11-16 09:00:00+00:00,STAGE28A,data/reports/stage28a_discovery_factory_batch_runner/stage28a_exact_trades.csv,calendar_time_risk_proxy_v1,calendar_keep_tue_wed_thu_h9_tp06_sl065,0.7963000000001103,-0.2536999999998897,-0.9536999999998894,0,0,0,0,0.2536999999998897,19.36999999999989,11.1099999999999,0.8019801980198166,14.039999999999964,0.7343304843304823,2.869999999999891,5.666000000000008,0.776,1.0,,,9,2,11.0,2022
2022-11-17 09:00:00+00:00|1.0|calendar_keep_tue_wed_thu_h9_tp06_sl065,2022-11-17 09:00:00+00:00,STAGE28A,data/reports/stage28a_discovery_factory_batch_runner/stage28a_exact_trades.csv,calendar_time_risk_proxy_v1,calendar_keep_tue_wed_thu_h9_tp06_sl065,0.6280000000000655,-0.4219999999999344,-1.1219999999999342,0,0,0,0,0.4219999999999344,14.7199999999998,12.6099999999999,0.9103885804916819,9.519999999999982,0.012605042016819166,5.569999999999936,4.051500000000021,0.136,1.0,,,9,3,11.0,2022
2022-11-22 09:00:00+00:00|1.0|calendar_keep_tue_wed_thu_h9_tp06_sl065,2022-11-22 09:00:00+00:00,STAGE28A,data/reports/stage28a_discovery_factory_batch_runner/stage28a_exact_trades.csv,calendar_time_risk_proxy_v1,calendar_keep_tue_wed_thu_h9_tp06_sl065,0.4302999999998974,-0.6197000000001025,-1.3197000000001022,0,0,0,0,0.6197000000001025,20.470000000000027,8.220000000000027,0.8004866180048547,8.079999999999927,0.11386138613862389,2.349999999999909,3.5980000000000016,0.1,1.0,,,9,1,11.0,2022
2022-11-23 09:00:00+00:00|1.0|calendar_keep_tue_wed_thu_h9_tp06_sl065,2022-11-23 09:00:00+00:00,STAGE28A,data/reports/stage28a_discovery_factory_batch_runner/stage28a_exact_trades.csv,calendar_time_risk_proxy_v1,calendar_keep_tue_wed_thu_h9_tp06_sl065,-1.3763500000000932,-2.426350000000093,-3.1263500000000928,0,0,0,0,2.426350000000093,12.740000000000009,10.009999999999991,0.6253746253746251,12.180000000000064,0.17733990147783832,3.740000000000009,3.111500000000001,0.024,1.0,,,9,2,11.0,2022
2022-11-24 09:00:00+00:00|1.0|calendar_keep_tue_wed_thu_h9_tp06_sl065,2022-11-24 09:00:00+00:00,STAGE28A,data/reports/stage28a_discovery_factory_batch_runner/stage28a_exact_trades.csv,calendar_time_risk_proxy_v1,calendar_keep_tue_wed_thu_h9_tp06_sl065,-1.1589250000000448,-2.2089250000000447,-2.9089250000000444,0,0,0,0,2.2089250000000447,27.230000000000018,7.830000000000155,0.43550446998720144,6.160000000000082,0.07142857142857933,3.1099999999999,4.258500000000003,0.456,1.0,,,9,3,11.0,2022
2022-11-29 09:00:00+00:00|1.0|calendar_keep_tue_wed_thu_h9_tp06_sl065,2022-11-29 09:00:00+00:00,STAGE28A,data/reports/stage28a_discovery_factory_batch_runner/stage28a_exact_trades.csv,calendar_time_risk_proxy_v1,calendar_keep_tue_wed_thu_h9_tp06_sl065,0.6528999999999542,-0.3971000000000457,-1.0971000000000457,0,0,0,0,0.3971000000000457,24.059999999999945,14.629999999999882,0.8523581681476505,7.559999999999945,0.19312169312169933,3.2000000000000455,3.9324999999999593,0.416,1.0,,,9,1,11.0,2022
2022-11-30 09:00:00+00:00|1.0|calendar_keep_tue_wed_thu_h9_tp06_sl065,2022-11-30 09:00:00+00:00,STAGE28A,data/reports/stage28a_discovery_factory_batch_runner/stage28a_exact_trades.csv,calendar_time_risk_proxy_v1,calendar_keep_tue_wed_thu_h9_tp06_sl065,-1.170950000000039,-2.220950000000039,-2.9209500000000386,0,0,0,0,2.220950000000039,19.48999999999978,7.899999999999864,0.6734177215190197,10.210000000000036,0.4338883447600216,1.8700000000001182,3.3989999999999783,0.228,1.0,,,9,2,11.0,2022
2022-12-01 09:00:00+00:00|-1.0|calendar_keep_tue_wed_thu_h9_tp06_sl065,2022-12-01 09:00:00+00:00,STAGE28A,data/reports/stage28a_discovery_factory_batch_runner/stage28a_exact_trades.csv,calendar_time_risk_proxy_v1,calendar_keep_tue_wed_thu_h9_tp06_sl065,-1.5206500000000234,-2.570650000000023,-3.270650000000023,0,0,0,0,2.570650000000023,28.529999999999973,11.8599999999999,0.5202360876897238,9.029999999999973,0.33111849390919357,4.029999999999973,5.666999999999973,0.984,-1.0,,,9,3,12.0,2022
2022-12-06 09:00:00+00:00|-1.0|calendar_keep_tue_wed_thu_h9_tp06_sl065,2022-12-06 09:00:00+00:00,STAGE28A,data/reports/stage28a_discovery_factory_batch_runner/stage28a_exact_trades.csv,calendar_time_risk_proxy_v1,calendar_keep_tue_wed_thu_h9_tp06_sl065,0.9208000000000084,-0.1291999999999915,-0.8291999999999913,0,0,0,0,0.1291999999999915,44.12999999999988,8.799999999999955,0.35454545454544395,7.7800000000002,0.16709511568125301,4.180000000000064,4.616000000000031,0.704,-1.0,,,9,1,12.0,2022
2022-12-07 09:00:00+00:00|1.0|calendar_keep_tue_wed_thu_h9_tp06_sl065,2022-12-07 09:00:00+00:00,STAGE28A,data/reports/stage28a_discovery_factory_batch_runner/stage28a_exact_trades.csv,calendar_time_risk_proxy_v1,calendar_keep_tue_wed_thu_h9_tp06_sl065,0.6963999999999487,-0.3536000000000512,-1.053600000000051,0,0,0,0,0.3536000000000512,13.570000000000164,6.420000000000073,0.015576323987524598,6.230000000000018,0.2616372391653093,3.509999999999991,3.316499999999985,0.192,1.0,,,9,2,12.0,2022
2022-12-08 09:00:00+00:00|-1.0|calendar_keep_tue_wed_thu_h9_tp06_sl065,2022-12-08 09:00:00+00:00,STAGE28A,data/reports/stage28a_discovery_factory_batch_runner/stage28a_exact_trades.csv,calendar_time_risk_proxy_v1,calendar_keep_tue_wed_thu_h9_tp06_sl065,-1.2434249999999794,-2.293424999999979,-2.993424999999979,0,0,0,0,2.293424999999979,21.769999999999982,6.779999999999973,0.5176991150442485,5.3900000000001,0.03710575139143124,3.269999999999982,4.332000000000005,0.544,-1.0,,,9,3,12.0,2022
2022-12-13 09:00:00+00:00|1.0|calendar_keep_tue_wed_thu_h9_tp06_sl065,2022-12-13 09:00:00+00:00,STAGE28A,data/reports/stage28a_discovery_factory_batch_runner/stage28a_exact_trades.csv,calendar_time_risk_proxy_v1,calendar_keep_tue_wed_thu_h9_tp06_sl065,-1.2014999999999874,-2.251499999999987,-2.951499999999987,0,0,0,0,2.251499999999987,19.5,6.0900000000001455,0.08702791461411495,6.180000000000064,0.7508090614886448,2.0699999999999363,3.405000000000041,0.116,1.0,,,9,1,12.0,2022
2022-12-14 09:00:00+00:00|-1.0|calendar_keep_tue_wed_thu_h9_tp06_sl065,2022-12-14 09:00:00+00:00,STAGE28A,data/reports/stage28a_discovery_factory_batch_runner/stage28a_exact_trades.csv,calendar_time_risk_proxy_v1,calendar_keep_tue_wed_thu_h9_tp06_sl065,-1.1572999999999412,-2.207299999999941,-2.9072999999999407,0,0,0,0,2.207299999999941,44.50999999999999,4.470000000000027,0.1342281879194419,6.720000000000027,0.029761904761877574,3.7000000000000455,5.6720000000000255,0.924,-1.0,,,9,2,12.0,2022
2022-12-15 09:00:00+00:00|-1.0|calendar_keep_tue_wed_thu_h9_tp06_sl065,2022-12-15 09:00:00+00:00,STAGE28A,data/reports/stage28a_discovery_factory_batch_runner/stage28a_exact_trades.csv,calendar_time_risk_proxy_v1,calendar_keep_tue_wed_thu_h9_tp06_sl065,-1.6129500000000463,-2.662950000000046,-3.362950000000046,0,0,0,0,2.662950000000046,19.310000000000173,19.110000000000127,0.8707482993197154,22.519999999999982,0.6039076376554139,3.8799999999998818,4.494000000000028,0.556,-1.0,,,9,3,12.0,2022
2022-12-20 09:00:00+00:00|1.0|calendar_keep_tue_wed_thu_h9_tp06_sl065,2022-12-20 09:00:00+00:00,STAGE28A,data/reports/stage28a_discovery_factory_batch_runner/stage28a_exact_trades.csv,calendar_time_risk_proxy_v1,calendar_keep_tue_wed_thu_h9_tp06_sl065,1.2250000000000454,0.1750000000000455,-0.5249999999999542,1,0,1,0,0.1750000000000455,15.0,11.589999999999918,0.2683347713546289,20.910000000000082,0.7723577235772371,5.639999999999873,3.720500000000004,0.396,1.0,,,9,1,12.0,2022
2022-12-21 09:00:00+00:00|-1.0|calendar_keep_tue_wed_thu_h9_tp06_sl065,2022-12-21 09:00:00+00:00,STAGE28A,data/reports/stage28a_discovery_factory_batch_runner/stage28a_exact_trades.csv,calendar_time_risk_proxy_v1,calendar_keep_tue_wed_thu_h9_tp06_sl065,-1.2772249999999077,-2.3272249999999075,-3.0272249999999072,0,0,0,0,2.3272249999999075,36.52999999999997,6.380000000000109,0.49999999999996436,5.369999999999891,0.1787709497206808,2.230000000000018,4.145000000000005,0.524,-1.0,,,9,2,12.0,2022
2022-12-22 09:00:00+00:00|-1.0|calendar_keep_tue_wed_thu_h9_tp06_sl065,2022-12-22 09:00:00+00:00,STAGE28A,data/reports/stage28a_discovery_factory_batch_runner/stage28a_exact_trades.csv,calendar_time_risk_proxy_v1,calendar_keep_tue_wed_thu_h9_tp06_sl065,-1.2018249999999626,-2.2518249999999624,-2.951824999999962,0,0,0,0,2.2518249999999624,11.930000000000064,6.889999999999873,0.7735849056603811,6.740000000000009,0.827893175074172,5.599999999999909,3.214499999999987,0.136,-1.0,,,9,3,12.0,2022
2022-12-27 09:00:00+00:00|1.0|calendar_keep_tue_wed_thu_h9_tp06_sl065,2022-12-27 09:00:00+00:00,STAGE28A,data/reports/stage28a_discovery_factory_batch_runner/stage28a_exact_trades.csv,calendar_time_risk_proxy_v1,calendar_keep_tue_wed_thu_h9_tp06_sl065,0.3934000000000651,-0.6565999999999348,-1.3565999999999343,0,0,0,0,0.6565999999999348,4.339999999999918,6.7999999999999545,0.47205882352938683,6.039999999999964,0.6026490066225367,2.410000000000082,3.556999999999971,0.368,1.0,,,9,1,12.0,2022
2022-12-28 09:00:00+00:00|-1.0|calendar_keep_tue_wed_thu_h9_tp06_sl065,2022-12-28 09:00:00+00:00,STAGE28A,data/reports/stage28a_discovery_factory_batch_runner/stage28a_exact_trades.csv,calendar_time_risk_proxy_v1,calendar_keep_tue_wed_thu_h9_tp06_sl065,-1.2336750000000394,-2.283675000000039,-2.983675000000039,0,0,0,0,2.283675000000039,33.58999999999992,4.990000000000009,0.11422845691381468,12.950000000000045,0.7158301158301119,2.099999999999909,5.011999999999989,0.784,-1.0,,,9,2,12.0,2022
2022-12-29 09:00:00+00:00|-1.0|calendar_keep_tue_wed_thu_h9_tp06_sl065,2022-12-29 09:00:00+00:00,STAGE28A,data/reports/stage28a_discovery_factory_batch_runner/stage28a_exact_trades.csv,calendar_time_risk_proxy_v1,calendar_keep_tue_wed_thu_h9_tp06_sl065,-1.1631499999999506,-2.2131499999999504,-2.91314999999995,0,0,0,0,2.2131499999999504,17.580000000000155,5.630000000000109,0.5772646536411966,7.6099999999999,0.4809461235216692,2.849999999999909,3.4069999999999823,0.248,-1.0,,,9,3,12.0,2022
2023-01-03 09:00:00+00:00|-1.0|calendar_keep_tue_wed_thu_h9_tp06_sl065,2023-01-03 09:00:00+00:00,STAGE28A,data/reports/stage28a_discovery_factory_batch_runner/stage28a_exact_trades.csv,calendar_time_risk_proxy_v1,calendar_keep_tue_wed_thu_h9_tp06_sl065,1.0071999999999206,-0.0428000000000792,-0.742800000000079,0,0,0,0,0.0428000000000792,6.660000000000082,19.40000000000009,0.5649484536082466,16.24000000000001,0.3663793103448302,4.2000000000000455,4.610000000000002,0.832,-1.0,,,9,1,1.0,2023
2023-01-04 09:00:00+00:00|1.0|calendar_keep_tue_wed_thu_h9_tp06_sl065,2023-01-04 09:00:00+00:00,STAGE28A,data/reports/stage28a_discovery_factory_batch_runner/stage28a_exact_trades.csv,calendar_time_risk_proxy_v1,calendar_keep_tue_wed_thu_h9_tp06_sl065,-1.3731000000001132,-2.423100000000113,-3.123100000000113,0,0,0,0,2.423100000000113,26.210000000000036,12.019999999999982,0.8460898502495914,20.410000000000082,0.5982361587457122,3.240000000000009,4.836500000000001,0.78,1.0,,,9,2,1.0,2023
2023-01-05 09:00:00+00:00|-1.0|calendar_keep_tue_wed_thu_h9_tp06_sl065,2023-01-05 09:00:00+00:00,STAGE28A,data/reports/stage28a_discovery_factory_batch_runner/stage28a_exact_trades.csv,calendar_time_risk_proxy_v1,calendar_keep_tue_wed_thu_h9_tp06_sl065,0.7479999999999564,-0.3020000000000435,-1.0020000000000433,0,0,0,0,0.3020000000000435,29.940000000000055,8.690000000000055,0.3107019562715798,11.779999999999973,0.25806451612902975,4.870000000000118,5.041499999999985,0.78,-1.0,,,9,3,1.0,2023
2023-01-10 09:00:00+00:00|1.0|calendar_keep_tue_wed_thu_h9_tp06_sl065,2023-01-10 09:00:00+00:00,STAGE28A,data/reports/stage28a_discovery_factory_batch_runner/stage28a_exact_trades.csv,calendar_time_risk_proxy_v1,calendar_keep_tue_wed_thu_h9_tp06_sl065,0.5602000000000317,-0.4897999999999682,-1.189799999999968,0,0,0,0,0.4897999999999682,15.169999999999845,8.11999999999989,0.10467980295568323,6.699999999999818,0.5716417910447807,2.75,4.315999999999974,0.436,1.0,,,9,1,1.0,2023
2023-01-11 09:00:00+00:00|1.0|calendar_keep_tue_wed_thu_h9_tp06_sl065,2023-01-11 09:00:00+00:00,STAGE28A,data/reports/stage28a_discovery_factory_batch_runner/stage28a_exact_trades.csv,calendar_time_risk_proxy_v1,calendar_keep_tue_wed_thu_h9_tp06_sl065,-1.5196750000000976,-2.5696750000000974,-3.269675000000097,0,0,0,0,2.5696750000000974,12.879999999999882,6.419999999999845,0.09813084112151468,9.120000000000118,0.7565789473683963,3.4200000000000728,3.873499999999967,0.316,1.0,,,9,2,1.0,2023
2023-01-12 09:00:00+00:00|-1.0|calendar_keep_tue_wed_thu_h9_tp06_sl065,2023-01-12 09:00:00+00:00,STAGE28A,data/reports/stage28a_discovery_factory_batch_runner/stage28a_exact_trades.csv,calendar_time_risk_proxy_v1,calendar_keep_tue_wed_thu_h9_tp06_sl065,-1.1768000000000485,-2.2268000000000483,-2.926800000000048,0,0,0,0,2.2268000000000483,19.480000000000018,10.3599999999999,0.7268339768339812,5.509999999999991,0.032667876588033384,2.3599999999999,3.7234999999999787,0.2,-1.0,,,9,3,1.0,2023
2023-01-17 09:00:00+00:00|-1.0|calendar_keep_tue_wed_thu_h9_tp06_sl065,2023-01-17 09:00:00+00:00,STAGE28A,data/reports/stage28a_discovery_factory_batch_runner/stage28a_exact_trades.csv,calendar_time_risk_proxy_v1,calendar_keep_tue_wed_thu_h9_tp06_sl065,0.7704999999999927,-0.2795000000000072,-0.9795000000000068,0,0,0,0,0.2795000000000072,18.069999999999936,10.960000000000036,0.5875912408759154,9.029999999999973,0.5658914728682077,4.970000000000027,3.0524999999999975,0.008,-1.0,,,9,1,1.0,2023
2023-01-18 09:00:00+00:00|1.0|calendar_keep_tue_wed_thu_h9_tp06_sl065,2023-01-18 09:00:00+00:00,STAGE28A,data/reports/stage28a_discovery_factory_batch_runner/stage28a_exact_trades.csv,calendar_time_risk_proxy_v1,calendar_keep_tue_wed_thu_h9_tp06_sl065,1.157799999999861,0.1077999999998611,-0.5922000000001386,1,0,0,0,0.1077999999998611,15.2800000000002,13.089999999999918,0.7097020626432408,19.339999999999918,0.7699069286453032,6.3900000000001,4.7029999999999745,0.52,1.0,,,9,2,1.0,2023
2023-01-19 09:00:00+00:00|1.0|calendar_keep_tue_wed_thu_h9_tp06_sl065,2023-01-19 09:00:00+00:00,STAGE28A,data/reports/stage28a_discovery_factory_batch_runner/stage28a_exact_trades.csv,calendar_time_risk_proxy_v1,calendar_keep_tue_wed_thu_h9_tp06_sl065,-1.5378750000000765,-2.5878750000000763,-3.287875000000076,0,0,0,0,2.5878750000000763,29.269999999999982,9.970000000000027,0.29388164493481,10.379999999999882,0.023121387283238135,3.2200000000000273,4.642999999999972,0.492,1.0,,,9,3,1.0,2023
2023-01-24 09:00:00+00:00|1.0|calendar_keep_tue_wed_thu_h9_tp06_sl065,2023-01-24 09:00:00+00:00,STAGE28A,data/reports/stage28a_discovery_factory_batch_runner/stage28a_exact_trades.csv,calendar_time_risk_proxy_v1,calendar_keep_tue_wed_thu_h9_tp06_sl065,0.5607999999998811,-0.4892000000001189,-1.1892000000001186,0,0,0,0,0.4892000000001189,24.169999999999845,6.519999999999982,0.21012269938648692,9.960000000000036,0.5672690763052051,6.059999999999945,4.701499999999987,0.648,1.0,,,9,1,1.0,2023
2023-01-25 09:00:00+00:00|-1.0|calendar_keep_tue_wed_thu_h9_tp06_sl065,2023-01-25 09:00:00+00:00,STAGE28A,data/reports/stage28a_discovery_factory_batch_runner/stage28a_exact_trades.csv,calendar_time_risk_proxy_v1,calendar_keep_tue_wed_thu_h9_tp06_sl065,1.089100000000053,0.0391000000000532,-0.6608999999999465,1,0,0,0,0.0391000000000532,25.36999999999989,11.950000000000045,0.7104602510460232,11.019999999999982,0.2676950998184957,7.3400000000001455,4.979999999999973,0.736,-1.0,,,9,2,1.0,2023
2023-01-26 09:00:00+00:00|-1.0|calendar_keep_tue_wed_thu_h9_tp06_sl065,2023-01-26 09:00:00+00:00,STAGE28A,data/reports/stage28a_discovery_factory_batch_runner/stage28a_exact_trades.csv,calendar_time_risk_proxy_v1,calendar_keep_tue_wed_thu_h9_tp06_sl065,-1.471900000000096,-2.521900000000096,-3.221900000000096,0,0,0,0,2.521900000000096,28.659999999999854,6.610000000000127,0.2632375189107376,15.129999999999882,0.6549900859220198,4.240000000000009,4.825000000000022,0.6,-1.0,,,9,3,1.0,2023
2023-01-31 09:00:00+00:00|-1.0|calendar_keep_tue_wed_thu_h9_tp06_sl065,2023-01-31 09:00:00+00:00,STAGE28A,data/reports/stage28a_discovery_factory_batch_runner/stage28a_exact_trades.csv,calendar_time_risk_proxy_v1,calendar_keep_tue_wed_thu_h9_tp06_sl065,0.7152999999999793,-0.3347000000000206,-1.0347000000000204,0,0,0,0,0.3347000000000206,13.839999999999918,8.539999999999964,0.2412177985948424,19.180000000000064,0.7987486965589214,5.3900000000001,3.790000000000009,0.084,-1.0,,,9,1,1.0,2023
2023-02-01 09:00:00+00:00|-1.0|calendar_keep_tue_wed_thu_h9_tp06_sl065,2023-02-01 09:00:00+00:00,STAGE28A,data/reports/stage28a_discovery_factory_batch_runner/stage28a_exact_trades.csv,calendar_time_risk_proxy_v1,calendar_keep_tue_wed_thu_h9_tp06_sl065,-1.203125000000091,-2.253125000000091,-2.9531250000000906,0,0,0,0,2.253125000000091,30.279999999999973,4.25,0.3764705882353262,5.929999999999836,0.11973018549747994,2.4199999999998454,4.104999999999961,0.108,-1.0,,,9,2,2.0,2023
2023-02-02 09:00:00+00:00|1.0|calendar_keep_tue_wed_thu_h9_tp06_sl065,2023-02-02 09:00:00+00:00,STAGE28A,data/reports/stage28a_discovery_factory_batch_runner/stage28a_exact_trades.csv,calendar_time_risk_proxy_v1,calendar_keep_tue_wed_thu_h9_tp06_sl065,-1.4111249999999471,-2.461124999999947,-3.161124999999947,0,0,0,0,2.461124999999947,33.47000000000003,7.100000000000136,0.0408450704225293,8.519999999999982,0.08098591549296433,2.6200000000001182,6.128000000000043,0.976,1.0,,,9,3,2.0,2023
2023-02-07 09:00:00+00:00|1.0|calendar_keep_tue_wed_thu_h9_tp06_sl065,2023-02-07 09:00:00+00:00,STAGE28A,data/reports/stage28a_discovery_factory_batch_runner/stage28a_exact_trades.csv,calendar_time_risk_proxy_v1,calendar_keep_tue_wed_thu_h9_tp06_sl065,0.6553000000000339,-0.3946999999999661,-1.0946999999999658,0,0,0,0,0.3946999999999661,21.3900000000001,8.75,0.5234285714285631,6.900000000000091,0.17536231884054973,3.6599999999998545,3.9954999999999927,0.116,1.0,,,9,1,2.0,2023
2023-02-08 09:00:00+00:00|1.0|calendar_keep_tue_wed_thu_h9_tp06_sl065,2023-02-08 09:00:00+00:00,STAGE28A,data/reports/stage28a_discovery_factory_batch_runner/stage28a_exact_trades.csv,calendar_time_risk_proxy_v1,calendar_keep_tue_wed_thu_h9_tp06_sl065,0.5149000000000342,-0.5350999999999657,-1.2350999999999654,0,0,0,0,0.5350999999999657,19.3599999999999,7.039999999999964,0.6022727272727316,13.2199999999998,0.2798789712556809,2.269999999999982,5.943499999999983,0.756,1.0,,,9,2,2.0,2023
2023-02-09 09:00:00+00:00|1.0|calendar_keep_tue_wed_thu_h9_tp06_sl065,2023-02-09 09:00:00+00:00,STAGE28A,data/reports/stage28a_discovery_factory_batch_runner/stage28a_exact_trades.csv,calendar_time_risk_proxy_v1,calendar_keep_tue_wed_thu_h9_tp06_sl065,0.4509999999999309,-0.599000000000069,-1.2990000000000688,0,0,0,0,0.599000000000069,17.3599999999999,8.25,0.5478787878787856,9.329999999999927,0.663451232583052,2.8500000000001364,3.9569999999999936,0.104,1.0,,,9,3,2.0,2023
2023-02-14 09:00:00+00:00|1.0|calendar_keep_tue_wed_thu_h9_tp06_sl065,2023-02-14 09:00:00+00:00,STAGE28A,data/reports/stage28a_discovery_factory_batch_runner/stage28a_exact_trades.csv,calendar_time_risk_proxy_v1,calendar_keep_tue_wed_thu_h9_tp06_sl065,0.4863999999999123,-0.5636000000000876,-1.263600000000087,0,0,0,0,0.5636000000000876,16.13000000000011,6.519999999999982,0.5920245398773218,7.099999999999909,0.12394366197181592,6.220000000000027,3.5785000000000196,0.052,1.0,,,9,1,2.0,2023
2023-02-15 09:00:00+00:00|-1.0|calendar_keep_tue_wed_thu_h9_tp06_sl065,2023-02-15 09:00:00+00:00,STAGE28A,data/reports/stage28a_discovery_factory_batch_runner/stage28a_exact_trades.csv,calendar_time_risk_proxy_v1,calendar_keep_tue_wed_thu_h9_tp06_sl065,-1.6415499999999157,-2.6915499999999155,-3.3915499999999152,0,0,0,0,2.6915499999999155,27.169999999999845,13.559999999999945,0.5243362831858355,16.019999999999982,0.7771535580524381,4.529999999999973,6.884499999999991,0.924,-1.0,,,9,2,2.0,2023
2023-02-16 09:00:00+00:00|-1.0|calendar_keep_tue_wed_thu_h9_tp06_sl065,2023-02-16 09:00:00+00:00,STAGE28A,data/reports/stage28a_discovery_factory_batch_runner/stage28a_exact_trades.csv,calendar_time_risk_proxy_v1,calendar_keep_tue_wed_thu_h9_tp06_sl065,0.6979000000000269,-0.352099999999973,-1.0520999999999727,0,0,0,0,0.352099999999973,29.50999999999999,8.169999999999845,0.3659730722154303,10.549999999999955,0.1184834123222754,3.740000000000009,3.965499999999963,0.088,-1.0,,,9,3,2.0,2023
2023-02-21 09:00:00+00:00|-1.0|calendar_keep_tue_wed_thu_h9_tp06_sl065,2023-02-21 09:00:00+00:00,STAGE28A,data/reports/stage28a_discovery_factory_batch_runner/stage28a_exact_trades.csv,calendar_time_risk_proxy_v1,calendar_keep_tue_wed_thu_h9_tp06_sl065,0.5622999999999593,-0.4877000000000406,-1.1877000000000404,0,0,0,0,0.4877000000000406,10.169999999999845,6.710000000000036,0.3859910581222253,8.680000000000064,0.6831797235022803,2.1200000000001182,2.4269999999999756,0.004,-1.0,,,9,1,2.0,2023
2023-02-22 09:00:00+00:00|-1.0|calendar_keep_tue_wed_thu_h9_tp06_sl065,2023-02-22 09:00:00+00:00,STAGE28A,data/reports/stage28a_discovery_factory_batch_runner/stage28a_exact_trades.csv,calendar_time_risk_proxy_v1,calendar_keep_tue_wed_thu_h9_tp06_sl065,0.3598000000000866,-0.6901999999999133,-1.390199999999913,0,0,0,0,0.6901999999999133,13.599999999999909,4.370000000000118,0.21967963386727926,9.069999999999936,0.34399117971335613,1.9500000000000455,3.6375000000000113,0.148,-1.0,,,9,2,2.0,2023
2023-02-23 09:00:00+00:00|-1.0|calendar_keep_tue_wed_thu_h9_tp06_sl065,2023-02-23 09:00:00+00:00,STAGE28A,data/reports/stage28a_discovery_factory_batch_runner/stage28a_exact_trades.csv,calendar_time_risk_proxy_v1,calendar_keep_tue_wed_thu_h9_tp06_sl065,-1.3490499999998975,-2.3990499999998973,-3.099049999999897,0,0,0,0,2.3990499999998973,22.430000000000064,7.279999999999973,0.6565934065934053,9.3900000000001,0.3588924387646278,5.139999999999873,4.420000000000016,0.52,-1.0,,,9,3,2.0,2023
2023-02-28 09:00:00+00:00|-1.0|calendar_keep_tue_wed_thu_h9_tp06_sl065,2023-02-28 09:00:00+00:00,STAGE28A,data/reports/stage28a_discovery_factory_batch_runner/stage28a_exact_trades.csv,calendar_time_risk_proxy_v1,calendar_keep_tue_wed_thu_h9_tp06_sl065,-1.3087500000000092,-2.358750000000009,-3.0587500000000087,0,0,0,0,2.358750000000009,13.549999999999955,5.6099999999999,0.5008912655971877,12.400000000000091,0.438709677419356,4.310000000000173,3.0670000000000073,0.108,-1.0,,,9,1,2.0,2023
2023-03-01 09:00:00+00:00|1.0|calendar_keep_tue_wed_thu_h9_tp06_sl065,2023-03-01 09:00:00+00:00,STAGE28A,data/reports/stage28a_discovery_factory_batch_runner/stage28a_exact_trades.csv,calendar_time_risk_proxy_v1,calendar_keep_tue_wed_thu_h9_tp06_sl065,0.5083000000000993,-0.5416999999999006,-1.2416999999999003,0,0,0,0,0.5416999999999006,26.559999999999945,8.710000000000036,0.5051664753157373,8.179999999999836,0.6002444987775003,5.819999999999936,3.712499999999943,0.308,1.0,,,9,2,3.0,2023
2023-03-02 09:00:00+00:00|-1.0|calendar_keep_tue_wed_thu_h9_tp06_sl065,2023-03-02 09:00:00+00:00,STAGE28A,data/reports/stage28a_discovery_factory_batch_runner/stage28a_exact_trades.csv,calendar_time_risk_proxy_v1,calendar_keep_tue_wed_thu_h9_tp06_sl065,-1.2691000000000714,-2.319100000000071,-3.019100000000071,0,0,0,0,2.319100000000071,21.450000000000045,7.440000000000055,0.29301075268817844,5.220000000000027,0.5363984674329387,1.8400000000001455,3.876999999999998,0.436,-1.0,,,9,3,3.0,2023
2023-03-07 09:00:00+00:00|-1.0|calendar_keep_tue_wed_thu_h9_tp06_sl065,2023-03-07 09:00:00+00:00,STAGE28A,data/reports/stage28a_discovery_factory_batch_runner/stage28a_exact_trades.csv,calendar_time_risk_proxy_v1,calendar_keep_tue_wed_thu_h9_tp06_sl065,0.414699999999948,-0.6353000000000519,-1.3353000000000517,0,0,0,0,0.6353000000000519,13.160000000000082,6.430000000000064,0.16329704510107995,8.940000000000055,0.4798657718120735,1.6600000000000819,2.81700000000003,0.068,-1.0,,,9,1,3.0,2023
2023-03-08 09:00:00+00:00|1.0|calendar_keep_tue_wed_thu_h9_tp06_sl065,2023-03-08 09:00:00+00:00,STAGE28A,data/reports/stage28a_discovery_factory_batch_runner/stage28a_exact_trades.csv,calendar_time_risk_proxy_v1,calendar_keep_tue_wed_thu_h9_tp06_sl065,-1.1264250000000176,-2.1764250000000174,-2.876425000000017,0,0,0,0,2.1764250000000174,38.899999999999864,5.070000000000164,0.4773175542406301,4.800000000000182,0.5312499999999704,2.490000000000009,3.797500000000048,0.584,1.0,,,9,2,3.0,2023
2023-03-09 09:00:00+00:00|1.0|calendar_keep_tue_wed_thu_h9_tp06_sl065,2023-03-09 09:00:00+00:00,STAGE28A,data/reports/stage28a_discovery_factory_batch_runner/stage28a_exact_trades.csv,calendar_time_risk_proxy_v1,calendar_keep_tue_wed_thu_h9_tp06_sl065,-0.9895999999999732,-2.039599999999973,-2.7395999999999727,0,0,0,0,2.039599999999973,14.860000000000127,4.480000000000018,0.20535714285715825,6.339999999999918,0.5883280757097896,2.5,3.039499999999987,0.12,1.0,,,9,3,3.0,2023
2023-03-14 09:00:00+00:00|-1.0|calendar_keep_tue_wed_thu_h9_tp06_sl065,2023-03-14 09:00:00+00:00,STAGE28A,data/reports/stage28a_discovery_factory_batch_runner/stage28a_exact_trades.csv,calendar_time_risk_proxy_v1,calendar_keep_tue_wed_thu_h9_tp06_sl065,1.1509000000000014,0.1009000000000015,-0.5990999999999982,1,0,0,0,0.1009000000000015,43.12999999999988,12.549999999999955,0.7274900398406307,12.61999999999989,0.03328050713152528,9.689999999999827,6.907000000000016,0.868,-1.0,,,9,1,3.0,2023
2023-03-15 09:00:00+00:00|-1.0|calendar_keep_tue_wed_thu_h9_tp06_sl065,2023-03-15 09:00:00+00:00,STAGE28A,data/reports/stage28a_discovery_factory_batch_runner/stage28a_exact_trades.csv,calendar_time_risk_proxy_v1,calendar_keep_tue_wed_thu_h9_tp06_sl065,-1.2681249999999182,-2.318124999999918,-3.018124999999918,0,0,0,0,2.318124999999918,18.75,5.6599999999998545,0.24558303886924177,24.029999999999973,0.28381190178942756,3.8199999999999363,4.622000000000014,0.724,-1.0,,,9,2,3.0,2023
2023-03-16 09:00:00+00:00|1.0|calendar_keep_tue_wed_thu_h9_tp06_sl065,2023-03-16 09:00:00+00:00,STAGE28A,data/reports/stage28a_discovery_factory_batch_runner/stage28a_exact_trades.csv,calendar_time_risk_proxy_v1,calendar_keep_tue_wed_thu_h9_tp06_sl065,1.0458999999999832,-0.0041000000000166,-0.7041000000000164,0,0,0,0,0.0041000000000166,51.57999999999993,16.930000000000064,0.24453632604843972,10.720000000000027,0.868470149253724,5.869999999999891,8.017499999999961,0.856,1.0,,,9,3,3.0,2023
2023-03-21 09:00:00+00:00|-1.0|calendar_keep_tue_wed_thu_h9_tp06_sl065,2023-03-21 09:00:00+00:00,STAGE28A,data/reports/stage28a_discovery_factory_batch_runner/stage28a_exact_trades.csv,calendar_time_risk_proxy_v1,calendar_keep_tue_wed_thu_h9_tp06_sl065,1.0044999999999162,-0.0455000000000835,-0.7455000000000833,0,0,0,0,0.0455000000000835,43.950000000000045,9.779999999999973,0.33742331288343186,20.310000000000173,0.6233382570162357,11.420000000000073,6.233499999999981,0.592,-1.0,,,9,1,3.0,2023
2023-03-22 09:00:00+00:00|1.0|calendar_keep_tue_wed_thu_h9_tp06_sl065,2023-03-22 09:00:00+00:00,STAGE28A,data/reports/stage28a_discovery_factory_batch_runner/stage28a_exact_trades.csv,calendar_time_risk_proxy_v1,calendar_keep_tue_wed_thu_h9_tp06_sl065,0.9241000000000896,-0.1258999999999104,-0.8258999999999102,0,0,0,0,0.1258999999999104,49.75,8.330000000000155,0.03121248499399593,11.389999999999873,0.2906057945566271,4.4500000000000455,5.332500000000062,0.368,1.0,,,9,2,3.0,2023
2023-03-23 09:00:00+00:00|1.0|calendar_keep_tue_wed_thu_h9_tp06_sl065,2023-03-23 09:00:00+00:00,STAGE28A,data/reports/stage28a_discovery_factory_batch_runner/stage28a_exact_trades.csv,calendar_time_risk_proxy_v1,calendar_keep_tue_wed_thu_h9_tp06_sl065,1.182699999999977,0.1326999999999771,-0.5673000000000226,1,0,0,0,0.1326999999999771,44.49000000000001,13.700000000000045,0.5751824817518143,9.3599999999999,0.01816239316240113,6.8900000000001,7.8215000000000146,0.712,1.0,,,9,3,3.0,2023
2023-03-28 09:00:00+00:00|-1.0|calendar_keep_tue_wed_thu_h9_tp06_sl065,2023-03-28 09:00:00+00:00,STAGE28A,data/reports/stage28a_discovery_factory_batch_runner/stage28a_exact_trades.csv,calendar_time_risk_proxy_v1,calendar_keep_tue_wed_thu_h9_tp06_sl065,-1.5489249999999175,-2.5989249999999173,-3.298924999999917,0,0,0,0,2.5989249999999173,35.899999999999864,8.460000000000036,0.280141843971644,11.63000000000011,0.5081685296646431,4.160000000000082,4.7995,0.072,-1.0,,,9,1,3.0,2023
2023-03-29 09:00:00+00:00|-1.0|calendar_keep_tue_wed_thu_h9_tp06_sl065,2023-03-29 09:00:00+00:00,STAGE28A,data/reports/stage28a_discovery_factory_batch_runner/stage28a_exact_trades.csv,calendar_time_risk_proxy_v1,calendar_keep_tue_wed_thu_h9_tp06_sl065,0.6927999999999429,-0.357200000000057,-1.0572000000000568,0,0,0,0,0.357200000000057,26.100000000000136,8.519999999999982,0.7500000000000133,10.220000000000027,0.07827788649705993,4.629999999999882,4.229999999999973,0.024,-1.0,,,9,2,3.0,2023
2023-03-30 09:00:00+00:00|1.0|calendar_keep_tue_wed_thu_h9_tp06_sl065,2023-03-30 09:00:00+00:00,STAGE28A,data/reports/stage28a_discovery_factory_batch_runner/stage28a_exact_trades.csv,calendar_time_risk_proxy_v1,calendar_keep_tue_wed_thu_h9_tp06_sl065,-1.65032499999993,-2.7003249999999297,-3.400324999999929,0,0,0,0,2.7003249999999297,15.759999999999991,9.539999999999964,0.4947589098532542,12.559999999999945,0.6162420382165639,5.169999999999845,4.313999999999976,0.088,1.0,,,9,3,3.0,2023
2023-04-04 09:00:00+00:00|1.0|calendar_keep_tue_wed_thu_h9_tp06_sl065,2023-04-04 09:00:00+00:00,STAGE28A,data/reports/stage28a_discovery_factory_batch_runner/stage28a_exact_trades.csv,calendar_time_risk_proxy_v1,calendar_keep_tue_wed_thu_h9_tp06_sl065,0.6019000000000233,-0.4480999999999766,-1.1480999999999764,0,0,0,0,0.4480999999999766,40.72000000000003,7.680000000000064,0.7552083333333508,7.259999999999991,0.6680440771350059,2.759999999999991,4.584500000000025,0.3,1.0,,,9,1,4.0,2023
2023-04-05 09:00:00+00:00|1.0|calendar_keep_tue_wed_thu_h9_tp06_sl065,2023-04-05 09:00:00+00:00,STAGE28A,data/reports/stage28a_discovery_factory_batch_runner/stage28a_exact_trades.csv,calendar_time_risk_proxy_v1,calendar_keep_tue_wed_thu_h9_tp06_sl065,0.429399999999896,-0.620600000000104,-1.3206000000001037,0,0,0,0,0.620600000000104,48.01999999999998,5.910000000000082,0.4027072758037354,6.6099999999999,0.22541603630862808,2.0,5.0905000000000316,0.436,1.0,,,9,2,4.0,2023
2023-04-06 09:00:00+00:00|1.0|calendar_keep_tue_wed_thu_h9_tp06_sl065,2023-04-06 09:00:00+00:00,STAGE28A,data/reports/stage28a_discovery_factory_batch_runner/stage28a_exact_trades.csv,calendar_time_risk_proxy_v1,calendar_keep_tue_wed_thu_h9_tp06_sl065,0.6913000000000921,-0.3586999999999078,-1.0586999999999076,0,0,0,0,0.3586999999999078,22.069999999999936,13.549999999999955,0.6664206642066423,9.879999999999882,0.8289473684210681,3.9700000000000273,4.869500000000016,0.42,1.0,,,9,3,4.0,2023
2023-04-11 09:00:00+00:00|1.0|calendar_keep_tue_wed_thu_h9_tp06_sl065,2023-04-11 09:00:00+00:00,STAGE28A,data/reports/stage28a_discovery_factory_batch_runner/stage28a_exact_trades.csv,calendar_time_risk_proxy_v1,calendar_keep_tue_wed_thu_h9_tp06_sl065,-1.5447000000000115,-2.594700000000012,-3.2947000000000117,0,0,0,0,2.594700000000012,24.860000000000127,9.349999999999909,0.6588235294117799,10.100000000000136,0.6920792079207836,2.849999999999909,3.977999999999997,0.132,1.0,,,9,1,4.0,2023
2023-04-12 09:00:00+00:00|-1.0|calendar_keep_tue_wed_thu_h9_tp06_sl065,2023-04-12 09:00:00+00:00,STAGE28A,data/reports/stage28a_discovery_factory_batch_runner/stage28a_exact_trades.csv,calendar_time_risk_proxy_v1,calendar_keep_tue_wed_thu_h9_tp06_sl065,-1.9207250000000389,-2.9707250000000385,-3.670725000000038,0,0,0,0,2.9707250000000385,18.610000000000127,16.36999999999989,0.8173488087965912,12.539999999999964,0.4976076555023945,3.2999999999999545,3.9134999999999764,0.172,-1.0,,,9,2,4.0,2023
2023-04-13 09:00:00+00:00|1.0|calendar_keep_tue_wed_thu_h9_tp06_sl065,2023-04-13 09:00:00+00:00,STAGE28A,data/reports/stage28a_discovery_factory_batch_runner/stage28a_exact_trades.csv,calendar_time_risk_proxy_v1,calendar_keep_tue_wed_thu_h9_tp06_sl065,-1.5131749999999102,-2.56317499999991,-3.26317499999991,0,0,0,0,2.56317499999991,27.13000000000011,6.1400000000001,0.3697068403908705,13.950000000000045,0.6566308243727635,3.839999999999918,5.714499999999998,0.792,1.0,,,9,3,4.0,2023
2023-04-18 09:00:00+00:00|1.0|calendar_keep_tue_wed_thu_h9_tp06_sl065,2023-04-18 09:00:00+00:00,STAGE28A,data/reports/stage28a_discovery_factory_batch_runner/stage28a_exact_trades.csv,calendar_time_risk_proxy_v1,calendar_keep_tue_wed_thu_h9_tp06_sl065,-1.516099999999915,-2.566099999999915,-3.2660999999999145,0,0,0,0,2.566099999999915,33.8900000000001,8.5,0.6588235294117808,8.699999999999818,0.10919540229885809,5.339999999999918,4.835999999999967,0.328,1.0,,,9,1,4.0,2023
2023-04-19 09:00:00+00:00|-1.0|calendar_keep_tue_wed_thu_h9_tp06_sl065,2023-04-19 09:00:00+00:00,STAGE28A,data/reports/stage28a_discovery_factory_batch_runner/stage28a_exact_trades.csv,calendar_time_risk_proxy_v1,calendar_keep_tue_wed_thu_h9_tp06_sl065,-1.6376499999999852,-2.687649999999985,-3.3876499999999847,0,0,0,0,2.687649999999985,20.6099999999999,6.189999999999827,0.34087237479809146,31.710000000000036,0.9274676758120481,4.809999999999945,3.9560000000000057,0.148,-1.0,,,9,2,4.0,2023
2023-04-20 09:00:00+00:00|1.0|calendar_keep_tue_wed_thu_h9_tp06_sl065,2023-04-20 09:00:00+00:00,STAGE28A,data/reports/stage28a_discovery_factory_batch_runner/stage28a_exact_trades.csv,calendar_time_risk_proxy_v1,calendar_keep_tue_wed_thu_h9_tp06_sl065,-1.559974999999986,-2.6099749999999857,-3.309974999999985,0,0,0,0,2.6099749999999857,38.95999999999981,8.179999999999836,0.20904645476773479,9.779999999999973,0.6932515337423304,3.8400000000001455,4.550500000000033,0.316,1.0,,,9,3,4.0,2023
2023-04-25 09:00:00+00:00|-1.0|calendar_keep_tue_wed_thu_h9_tp06_sl065,2023-04-25 09:00:00+00:00,STAGE28A,data/reports/stage28a_discovery_factory_batch_runner/stage28a_exact_trades.csv,calendar_time_risk_proxy_v1,calendar_keep_tue_wed_thu_h9_tp06_sl065,0.8331999999999425,-0.2168000000000574,-0.9168000000000572,0,0,0,0,0.2168000000000574,18.579999999999927,12.269999999999982,0.013039934800332689,10.289999999999964,0.4528668610301359,4.910000000000082,4.514499999999998,0.36,-1.0,,,9,1,4.0,2023
2023-04-26 09:00:00+00:00|1.0|calendar_keep_tue_wed_thu_h9_tp06_sl065,2023-04-26 09:00:00+00:00,STAGE28A,data/reports/stage28a_discovery_factory_batch_runner/stage28a_exact_trades.csv,calendar_time_risk_proxy_v1,calendar_keep_tue_wed_thu_h9_tp06_sl065,-1.559974999999986,-2.6099749999999857,-3.309974999999985,0,0,0,0,2.6099749999999857,27.710000000000036,9.230000000000018,0.37811484290357555,6.069999999999936,0.7726523887973812,2.8099999999999454,5.815499999999986,0.7,1.0,,,9,2,4.0,2023
2023-04-27 09:00:00+00:00|-1.0|calendar_keep_tue_wed_thu_h9_tp06_sl065,2023-04-27 09:00:00+00:00,STAGE28A,data/reports/stage28a_discovery_factory_batch_runner/stage28a_exact_trades.csv,calendar_time_risk_proxy_v1,calendar_keep_tue_wed_thu_h9_tp06_sl065,-1.8527999999999796,-2.902799999999979,-3.602799999999979,0,0,0,0,2.902799999999979,25.920000000000073,11.960000000000036,0.8127090301003342,6.400000000000091,0.44687499999997804,5.100000000000136,5.088500000000044,0.504,-1.0,,,9,3,4.0,2023
2023-05-02 09:00:00+00:00|-1.0|calendar_keep_tue_wed_thu_h9_tp06_sl065,2023-05-02 09:00:00+00:00,STAGE28A,data/reports/stage28a_discovery_factory_batch_runner/stage28a_exact_trades.csv,calendar_time_risk_proxy_v1,calendar_keep_tue_wed_thu_h9_tp06_sl065,0.4020999999999276,-0.6479000000000723,-1.347900000000072,0,0,0,0,0.6479000000000723,28.960000000000036,4.459999999999809,0.12556053811658507,7.899999999999864,0.25949367088607467,2.9600000000000364,4.308999999999981,0.2,-1.0,,,9,1,5.0,2023
2023-05-03 09:00:00+00:00|-1.0|calendar_keep_tue_wed_thu_h9_tp06_sl065,2023-05-03 09:00:00+00:00,STAGE28A,data/reports/stage28a_discovery_factory_batch_runner/stage28a_exact_trades.csv,calendar_time_risk_proxy_v1,calendar_keep_tue_wed_thu_h9_tp06_sl065,-1.1254500000000918,-2.175450000000092,-2.8754500000000918,0,0,0,0,2.175450000000092,40.909999999999854,4.5300000000002,0.6247240618101109,6.770000000000209,0.20531757754798075,1.9600000000000364,4.580499999999972,0.332,-1.0,,,9,2,5.0,2023
2023-05-04 09:00:00+00:00|-1.0|calendar_keep_tue_wed_thu_h9_tp06_sl065,2023-05-04 09:00:00+00:00,STAGE28A,data/reports/stage28a_discovery_factory_batch_runner/stage28a_exact_trades.csv,calendar_time_risk_proxy_v1,calendar_keep_tue_wed_thu_h9_tp06_sl065,-2.106949999999961,-3.1569499999999606,-3.85694999999996,0,0,0,1,3.1569499999999606,50.37000000000012,39.94999999999982,0.3902377972465636,14.970000000000027,0.2077488309953169,4.129999999999882,9.019500000000004,1.0,-1.0,,,9,3,5.0,2023
2023-05-09 09:00:00+00:00|1.0|calendar_keep_tue_wed_thu_h9_tp06_sl065,2023-05-09 09:00:00+00:00,STAGE28A,data/reports/stage28a_discovery_factory_batch_runner/stage28a_exact_trades.csv,calendar_time_risk_proxy_v1,calendar_keep_tue_wed_thu_h9_tp06_sl065,0.5622999999999593,-0.4877000000000406,-1.1877000000000404,0,0,0,0,0.4877000000000406,15.129999999999882,5.400000000000091,0.4944444444444075,7.330000000000155,0.46248294679400115,3.3700000000001182,3.441500000000019,0.076,1.0,,,9,1,5.0,2023
2023-05-10 09:00:00+00:00|-1.0|calendar_keep_tue_wed_thu_h9_tp06_sl065,2023-05-10 09:00:00+00:00,STAGE28A,data/reports/stage28a_discovery_factory_batch_runner/stage28a_exact_trades.csv,calendar_time_risk_proxy_v1,calendar_keep_tue_wed_thu_h9_tp06_sl065,0.3990999999999985,-0.6509000000000014,-1.350900000000001,0,0,0,0,0.6509000000000014,18.029999999999973,7.679999999999836,0.5572916666667046,6.680000000000064,0.39371257485027794,3.7999999999999545,3.3315000000000055,0.068,-1.0,,,9,2,5.0,2023
2023-05-11 09:00:00+00:00|-1.0|calendar_keep_tue_wed_thu_h9_tp06_sl065,2023-05-11 09:00:00+00:00,STAGE28A,data/reports/stage28a_discovery_factory_batch_runner/stage28a_exact_trades.csv,calendar_time_risk_proxy_v1,calendar_keep_tue_wed_thu_h9_tp06_sl065,0.5194000000000415,-0.5305999999999584,-1.2305999999999582,0,0,0,0,0.5305999999999584,26.679999999999836,7.099999999999909,0.10563380281690277,11.410000000000082,0.47414548641542886,3.099999999999909,5.2564999999999715,0.684,-1.0,,,9,3,5.0,2023
2023-05-16 09:00:00+00:00|-1.0|calendar_keep_tue_wed_thu_h9_tp06_sl065,2023-05-16 09:00:00+00:00,STAGE28A,data/reports/stage28a_discovery_factory_batch_runner/stage28a_exact_trades.csv,calendar_time_risk_proxy_v1,calendar_keep_tue_wed_thu_h9_tp06_sl065,-1.2847000000000208,-2.3347000000000206,-3.0347000000000204,0,0,0,0,2.3347000000000206,15.009999999999991,4.600000000000136,0.21521739130434342,15.0,0.49066666666666,5.289999999999964,3.481500000000017,0.132,-1.0,,,9,1,5.0,2023
2023-05-17 09:00:00+00:00|-1.0|calendar_keep_tue_wed_thu_h9_tp06_sl065,2023-05-17 09:00:00+00:00,STAGE28A,data/reports/stage28a_discovery_factory_batch_runner/stage28a_exact_trades.csv,calendar_time_risk_proxy_v1,calendar_keep_tue_wed_thu_h9_tp06_sl065,-1.2512250000000678,-2.301225000000068,-3.0012250000000678,0,0,0,0,2.301225000000068,32.789999999999964,5.0,0.25599999999999457,8.180000000000064,0.892420537897298,4.060000000000173,4.21400000000001,0.4,-1.0,,,9,2,5.0,2023
2023-05-18 09:00:00+00:00|-1.0|calendar_keep_tue_wed_thu_h9_tp06_sl065,2023-05-18 09:00:00+00:00,STAGE28A,data/reports/stage28a_discovery_factory_batch_runner/stage28a_exact_trades.csv,calendar_time_risk_proxy_v1,calendar_keep_tue_wed_thu_h9_tp06_sl065,0.4144000000000233,-0.6355999999999766,-1.3355999999999764,0,0,0,0,0.6355999999999766,17.950000000000045,5.4099999999998545,0.13308687615523462,10.519999999999982,0.4591254752851866,2.4300000000000637,3.781499999999994,0.308,-1.0,,,9,3,5.0,2023
2023-05-23 09:00:00+00:00|-1.0|calendar_keep_tue_wed_thu_h9_tp06_sl065,2023-05-23 09:00:00+00:00,STAGE28A,data/reports/stage28a_discovery_factory_batch_runner/stage28a_exact_trades.csv,calendar_time_risk_proxy_v1,calendar_keep_tue_wed_thu_h9_tp06_sl065,0.8371000000001004,-0.2128999999998995,-0.9128999999998992,0,0,0,0,0.2128999999998995,13.670000000000073,12.319999999999936,0.6915584415584437,10.339999999999918,0.5483558994197406,4.089999999999918,4.205499999999995,0.528,-1.0,,,9,1,5.0,2023
2023-05-24 09:00:00+00:00|-1.0|calendar_keep_tue_wed_thu_h9_tp06_sl065,2023-05-24 09:00:00+00:00,STAGE28A,data/reports/stage28a_discovery_factory_batch_runner/stage28a_exact_trades.csv,calendar_time_risk_proxy_v1,calendar_keep_tue_wed_thu_h9_tp06_sl065,-1.4634500000000572,-2.513450000000057,-3.2134500000000568,0,0,0,0,2.513450000000057,23.449999999999818,4.529999999999973,0.0883002207505223,9.820000000000164,0.036659877800396534,3.6100000000001273,4.127499999999998,0.4,-1.0,,,9,2,5.0,2023
2023-05-25 09:00:00+00:00|1.0|calendar_keep_tue_wed_thu_h9_tp06_sl065,2023-05-25 09:00:00+00:00,STAGE28A,data/reports/stage28a_discovery_factory_batch_runner/stage28a_exact_trades.csv,calendar_time_risk_proxy_v1,calendar_keep_tue_wed_thu_h9_tp06_sl065,-1.3357250000000025,-2.385725000000002,-3.085725000000002,0,0,0,0,2.385725000000002,28.560000000000173,6.789999999999964,0.5729013254786629,9.850000000000136,0.39187817258884,3.509999999999991,4.757000000000005,0.664,1.0,,,9,3,5.0,2023
2023-05-30 09:00:00+00:00|1.0|calendar_keep_tue_wed_thu_h9_tp06_sl065,2023-05-30 09:00:00+00:00,STAGE28A,data/reports/stage28a_discovery_factory_batch_runner/stage28a_exact_trades.csv,calendar_time_risk_proxy_v1,calendar_keep_tue_wed_thu_h9_tp06_sl065,0.8112999999999829,-0.238700000000017,-0.9387000000000169,0,0,0,0,0.238700000000017,9.490000000000009,7.379999999999882,0.4878048780488068,21.039999999999964,0.6416349809885943,7.009999999999991,2.6319999999999935,0.044,1.0,,,9,1,5.0,2023
2023-05-31 09:00:00+00:00|-1.0|calendar_keep_tue_wed_thu_h9_tp06_sl065,2023-05-31 09:00:00+00:00,STAGE28A,data/reports/stage28a_discovery_factory_batch_runner/stage28a_exact_trades.csv,calendar_time_risk_proxy_v1,calendar_keep_tue_wed_thu_h9_tp06_sl065,-1.5810999999999695,-2.6310999999999694,-3.331099999999969,0,0,0,0,2.6310999999999694,31.529999999999973,6.8400000000001455,0.07748538011695343,10.319999999999936,0.06395348837210135,7.279999999999973,3.788499999999999,0.238,-1.0,,,9,2,5.0,2023
2023-06-01 09:00:00+00:00|-1.0|calendar_keep_tue_wed_thu_h9_tp06_sl065,2023-06-01 09:00:00+00:00,STAGE28A,data/reports/stage28a_discovery_factory_batch_runner/stage28a_exact_trades.csv,calendar_time_risk_proxy_v1,calendar_keep_tue_wed_thu_h9_tp06_sl065,0.7168000000000575,-0.3331999999999424,-1.0331999999999422,0,0,0,0,0.3331999999999424,21.13000000000011,5.470000000000027,0.40036563071298786,12.440000000000055,0.31511254019291224,3.1700000000000728,4.284500000000025,0.464,-1.0,,,9,3,6.0,2023
2023-06-06 09:00:00+00:00|1.0|calendar_keep_tue_wed_thu_h9_tp06_sl065,2023-06-06 09:00:00+00:00,STAGE28A,data/reports/stage28a_discovery_factory_batch_runner/stage28a_exact_trades.csv,calendar_time_risk_proxy_v1,calendar_keep_tue_wed_thu_h9_tp06_sl065,0.6625000000000455,-0.3874999999999544,-1.0874999999999542,0,0,0,0,0.3874999999999544,25.87000000000012,5.519999999999982,0.5851449275362371,6.670000000000073,0.4692653673163531,4.889999999999873,3.7049999999999614,0.172,1.0,,,9,1,6.0,2023
2023-06-07 09:00:00+00:00|-1.0|calendar_keep_tue_wed_thu_h9_tp06_sl065,2023-06-07 09:00:00+00:00,STAGE28A,data/reports/stage28a_discovery_factory_batch_runner/stage28a_exact_trades.csv,calendar_time_risk_proxy_v1,calendar_keep_tue_wed_thu_h9_tp06_sl065,-1.1901249999999437,-2.2401249999999435,-2.9401249999999437,0,0,0,0,2.2401249999999435,11.980000000000018,3.9199999999998454,0.08673469387753356,10.009999999999991,0.11288711288712389,2.300000000000182,3.1389999999999874,0.104,-1.0,,,9,2,6.0,2023
2023-06-08 09:00:00+00:00|1.0|calendar_keep_tue_wed_thu_h9_tp06_sl065,2023-06-08 09:00:00+00:00,STAGE28A,data/reports/stage28a_discovery_factory_batch_runner/stage28a_exact_trades.csv,calendar_time_risk_proxy_v1,calendar_keep_tue_wed_thu_h9_tp06_sl065,0.4144000000000233,-0.6355999999999766,-1.3355999999999764,0,0,0,0,0.6355999999999766,30.329999999999927,7.440000000000055,0.5349462365591383,6.319999999999936,0.011075949367078645,2.1100000000001273,4.6650000000000205,0.692,1.0,,,9,3,6.0,2023
2023-06-13 09:00:00+00:00|1.0|calendar_keep_tue_wed_thu_h9_tp06_sl065,2023-06-13 09:00:00+00:00,STAGE28A,data/reports/stage28a_discovery_factory_batch_runner/stage28a_exact_trades.csv,calendar_time_risk_proxy_v1,calendar_keep_tue_wed_thu_h9_tp06_sl065,-1.2265249999999015,-2.2765249999999013,-2.976524999999901,0,0,0,0,2.2765249999999013,17.7800000000002,6.210000000000036,0.6070853462157745,7.149999999999864,0.1706293706293777,3.199999999999818,3.753999999999985,0.416,1.0,,,9,1,6.0,2023
2023-06-14 09:00:00+00:00|1.0|calendar_keep_tue_wed_thu_h9_tp06_sl065,2023-06-14 09:00:00+00:00,STAGE28A,data/reports/stage28a_discovery_factory_batch_runner/stage28a_exact_trades.csv,calendar_time_risk_proxy_v1,calendar_keep_tue_wed_thu_h9_tp06_sl065,-1.1894749999999932,-2.239474999999993,-2.9394749999999927,0,0,0,0,2.239474999999993,30.730000000000018,7.240000000000009,0.7223756906077364,7.639999999999873,0.2683246073298414,3.1799999999998363,4.843000000000018,0.872,1.0,,,9,2,6.0,2023
2023-06-15 09:00:00+00:00|-1.0|calendar_keep_tue_wed_thu_h9_tp06_sl065,2023-06-15 09:00:00+00:00,STAGE28A,data/reports/stage28a_discovery_factory_batch_runner/stage28a_exact_trades.csv,calendar_time_risk_proxy_v1,calendar_keep_tue_wed_thu_h9_tp06_sl065,0.8662000000000717,-0.1837999999999282,-0.883799999999928,0,0,0,0,0.1837999999999282,20.580000000000155,12.930000000000064,0.713070378963649,10.7800000000002,0.09090909090909091,9.0300000000002,5.319999999999982,1.0,-1.0,,,9,3,6.0,2023
2023-06-20 09:00:00+00:00|1.0|calendar_keep_tue_wed_thu_h9_tp06_sl065,2023-06-20 09:00:00+00:00,STAGE28A,data/reports/stage28a_discovery_factory_batch_runner/stage28a_exact_trades.csv,calendar_time_risk_proxy_v1,calendar_keep_tue_wed_thu_h9_tp06_sl065,0.6028000000000248,-0.4471999999999752,-1.147199999999975,0,0,0,0,0.4471999999999752,10.899999999999864,9.029999999999973,0.2159468438538263,9.8900000000001,0.2517694641051551,3.4200000000000728,2.901000000000022,0.096,1.0,,,9,1,6.0,2023
2023-06-21 09:00:00+00:00|-1.0|calendar_keep_tue_wed_thu_h9_tp06_sl065,2023-06-21 09:00:00+00:00,STAGE28A,data/reports/stage28a_discovery_factory_batch_runner/stage28a_exact_trades.csv,calendar_time_risk_proxy_v1,calendar_keep_tue_wed_thu_h9_tp06_sl065,-1.3425499999999375,-2.3925499999999373,-3.092549999999937,0,0,0,0,2.3925499999999373,26.99000000000001,4.149999999999864,0.10843373493977355,6.149999999999864,0.6065040650406668,2.490000000000009,3.704999999999984,0.42,-1.0,,,9,2,6.0,2023
2023-06-22 09:00:00+00:00|-1.0|calendar_keep_tue_wed_thu_h9_tp06_sl065,2023-06-22 09:00:00+00:00,STAGE28A,data/reports/stage28a_discovery_factory_batch_runner/stage28a_exact_trades.csv,calendar_time_risk_proxy_v1,calendar_keep_tue_wed_thu_h9_tp06_sl065,0.4212999999998829,-0.628700000000117,-1.3287000000001168,0,0,0,0,0.628700000000117,20.25,3.459999999999809,0.2687861271676633,8.180000000000064,0.46210268948654565,2.7799999999999727,3.8779999999999744,0.508,-1.0,,,9,3,6.0,2023
2023-06-27 09:00:00+00:00|-1.0|calendar_keep_tue_wed_thu_h9_tp06_sl065,2023-06-27 09:00:00+00:00,STAGE28A,data/reports/stage28a_discovery_factory_batch_runner/stage28a_exact_trades.csv,calendar_time_risk_proxy_v1,calendar_keep_tue_wed_thu_h9_tp06_sl065,0.5559999999999491,-0.4940000000000508,-1.1940000000000506,0,0,0,0,0.4940000000000508,11.819999999999936,9.349999999999909,0.4064171122994643,5.9500000000000455,0.724369747899145,4.429999999999836,3.3079999999999927,0.192,-1.0,,,9,1,6.0,2023
2023-06-28 09:00:00+00:00|-1.0|calendar_keep_tue_wed_thu_h9_tp06_sl065,2023-06-28 09:00:00+00:00,STAGE28A,data/reports/stage28a_discovery_factory_batch_runner/stage28a_exact_trades.csv,calendar_time_risk_proxy_v1,calendar_keep_tue_wed_thu_h9_tp06_sl065,0.3747999999999593,-0.6752000000000407,-1.3752000000000404,0,0,0,0,0.6752000000000407,19.659999999999854,3.949999999999818,0.05822784810127311,9.480000000000018,0.8280590717299466,1.709999999999809,3.542500000000018,0.308,-1.0,,,9,2,6.0,2023
2023-06-29 09:00:00+00:00|1.0|calendar_keep_tue_wed_thu_h9_tp06_sl065,2023-06-29 09:00:00+00:00,STAGE28A,data/reports/stage28a_discovery_factory_batch_runner/stage28a_exact_trades.csv,calendar_time_risk_proxy_v1,calendar_keep_tue_wed_thu_h9_tp06_sl065,-1.4296499999999015,-2.4796499999999013,-3.179649999999901,0,0,0,0,2.4796499999999013,14.339999999999918,10.029999999999973,0.4386839481555437,5.619999999999891,0.03914590747331522,2.410000000000082,3.2885000000000106,0.204,1.0,,,9,3,6.0,2023
2023-07-04 09:00:00+00:00|1.0|calendar_keep_tue_wed_thu_h9_tp06_sl065,2023-07-04 09:00:00+00:00,STAGE28A,data/reports/stage28a_discovery_factory_batch_runner/stage28a_exact_trades.csv,calendar_time_risk_proxy_v1,calendar_keep_tue_wed_thu_h9_tp06_sl065,-0.9925249999999778,-2.0425249999999777,-2.742524999999977,0,0,0,0,2.0425249999999777,20.950000000000045,3.6399999999998727,0.4807692307692476,7.9099999999998545,0.8609355246523765,1.4100000000000819,2.928500000000008,0.092,1.0,,,9,1,7.0,2023
2023-07-05 09:00:00+00:00|1.0|calendar_keep_tue_wed_thu_h9_tp06_sl065,2023-07-05 09:00:00+00:00,STAGE28A,data/reports/stage28a_discovery_factory_batch_runner/stage28a_exact_trades.csv,calendar_time_risk_proxy_v1,calendar_keep_tue_wed_thu_h9_tp06_sl065,0.2625999999999294,-0.7874000000000705,-1.4874000000000702,0,0,0,0,0.7874000000000705,10.940000000000055,3.9700000000000273,0.42821158690177175,8.25,0.5624242424242546,1.4700000000000273,2.0480000000000134,0.016,1.0,,,9,2,7.0,2023
2023-07-06 09:00:00+00:00|-1.0|calendar_keep_tue_wed_thu_h9_tp06_sl065,2023-07-06 09:00:00+00:00,STAGE28A,data/reports/stage28a_discovery_factory_batch_runner/stage28a_exact_trades.csv,calendar_time_risk_proxy_v1,calendar_keep_tue_wed_thu_h9_tp06_sl065,-1.1254500000000918,-2.175450000000092,-2.8754500000000918,0,0,0,0,2.175450000000092,20.289999999999964,5.2000000000000455,0.3557692307692102,5.379999999999882,0.15055762081783702,3.3899999999998727,3.3749999999999774,0.348,-1.0,,,9,3,7.0,2023
2023-07-11 09:00:00+00:00|1.0|calendar_keep_tue_wed_thu_h9_tp06_sl065,2023-07-11 09:00:00+00:00,STAGE28A,data/reports/stage28a_discovery_factory_batch_runner/stage28a_exact_trades.csv,calendar_time_risk_proxy_v1,calendar_keep_tue_wed_thu_h9_tp06_sl065,-1.262275000000136,-2.312275000000136,-3.012275000000136,0,0,0,0,2.312275000000136,15.459999999999809,4.690000000000055,0.3432835820895754,11.970000000000027,0.9598997493734321,1.9300000000000637,3.1635000000000106,0.26,1.0,,,9,1,7.0,2023
2023-07-12 09:00:00+00:00|-1.0|calendar_keep_tue_wed_thu_h9_tp06_sl065,2023-07-12 09:00:00+00:00,STAGE28A,data/reports/stage28a_discovery_factory_batch_runner/stage28a_exact_trades.csv,calendar_time_risk_proxy_v1,calendar_keep_tue_wed_thu_h9_tp06_sl065,-1.3422249999999625,-2.392224999999962,-3.092224999999962,0,0,0,0,2.392224999999962,14.170000000000073,8.88000000000011,0.5833333333333334,6.5,0.4799999999999832,2.380000000000109,2.724000000000001,0.14,-1.0,,,9,2,7.0,2023
2023-07-13 09:00:00+00:00|1.0|calendar_keep_tue_wed_thu_h9_tp06_sl065,2023-07-13 09:00:00+00:00,STAGE28A,data/reports/stage28a_discovery_factory_batch_runner/stage28a_exact_trades.csv,calendar_time_risk_proxy_v1,calendar_keep_tue_wed_thu_h9_tp06_sl065,-1.4758000000000266,-2.5258000000000265,-3.225800000000026,0,0,0,0,2.5258000000000265,27.560000000000173,6.690000000000055,0.38415545590432215,8.11999999999989,0.035714285714281716,3.099999999999909,4.2065000000000055,0.816,1.0,,,9,3,7.0,2023
2023-07-18 09:00:00+00:00|1.0|calendar_keep_tue_wed_thu_h9_tp06_sl065,2023-07-18 09:00:00+00:00,STAGE28A,data/reports/stage28a_discovery_factory_batch_runner/stage28a_exact_trades.csv,calendar_time_risk_proxy_v1,calendar_keep_tue_wed_thu_h9_tp06_sl065,-1.321424999999954,-2.3714249999999537,-3.071424999999953,0,0,0,0,2.3714249999999537,14.089999999999918,6.839999999999918,0.7046783625730986,6.329999999999927,0.513428120063197,2.7100000000000364,2.929500000000007,0.208,1.0,,,9,1,7.0,2023
2023-07-19 09:00:00+00:00|1.0|calendar_keep_tue_wed_thu_h9_tp06_sl065,2023-07-19 09:00:00+00:00,STAGE28A,data/reports/stage28a_discovery_factory_batch_runner/stage28a_exact_trades.csv,calendar_time_risk_proxy_v1,calendar_keep_tue_wed_thu_h9_tp06_sl065,-1.2362750000000688,-2.2862750000000687,-2.9862750000000684,0,0,0,0,2.2862750000000687,30.559999999999945,4.790000000000191,0.6847599164926601,7.9500000000000455,0.21509433962264485,3.8599999999999,4.246500000000003,0.808,1.0,,,9,2,7.0,2023
2023-07-20 09:00:00+00:00|-1.0|calendar_keep_tue_wed_thu_h9_tp06_sl065,2023-07-20 09:00:00+00:00,STAGE28A,data/reports/stage28a_discovery_factory_batch_runner/stage28a_exact_trades.csv,calendar_time_risk_proxy_v1,calendar_keep_tue_wed_thu_h9_tp06_sl065,-1.3555500000000849,-2.4055500000000847,-3.1055500000000844,0,0,0,0,2.4055500000000847,11.170000000000073,11.850000000000136,0.6607594936708915,7.610000000000127,0.5611038107753138,4.600000000000136,3.416000000000031,0.364,-1.0,,,9,3,7.0,2023
2023-07-25 09:00:00+00:00|1.0|calendar_keep_tue_wed_thu_h9_tp06_sl065,2023-07-25 09:00:00+00:00,STAGE28A,data/reports/stage28a_discovery_factory_batch_runner/stage28a_exact_trades.csv,calendar_time_risk_proxy_v1,calendar_keep_tue_wed_thu_h9_tp06_sl065,0.4558000000000902,-0.5941999999999097,-1.2941999999999094,0,0,0,0,0.5941999999999097,14.429999999999836,10.349999999999909,0.6434782608695568,4.730000000000018,0.12262156448201375,2.770000000000209,3.1345000000000143,0.188,1.0,,,9,1,7.0,2023
2023-07-26 09:00:00+00:00|1.0|calendar_keep_tue_wed_thu_h9_tp06_sl065,2023-07-26 09:00:00+00:00,STAGE28A,data/reports/stage28a_discovery_factory_batch_runner/stage28a_exact_trades.csv,calendar_time_risk_proxy_v1,calendar_keep_tue_wed_thu_h9_tp06_sl065,-1.1137500000000728,-2.1637500000000727,-2.8637500000000724,0,0,0,0,2.1637500000000727,14.290000000000191,4.230000000000018,0.14184397163118356,10.13000000000011,0.7423494570582331,2.650000000000091,3.3164999999999965,0.308,1.0,,,9,2,7.0,2023
2023-07-27 09:00:00+00:00|-1.0|calendar_keep_tue_wed_thu_h9_tp06_sl065,2023-07-27 09:00:00+00:00,STAGE28A,data/reports/stage28a_discovery_factory_batch_runner/stage28a_exact_trades.csv,calendar_time_risk_proxy_v1,calendar_keep_tue_wed_thu_h9_tp06_sl065,-1.301274999999896,-2.351274999999896,-3.051274999999896,0,0,0,0,2.351274999999896,16.339999999999918,11.230000000000018,0.40783615316118854,8.529999999999973,0.30480656506449527,1.7999999999999545,4.1494999999999775,0.884,-1.0,,,9,3,7.0,2023
2023-08-01 09:00:00+00:00|-1.0|calendar_keep_tue_wed_thu_h9_tp06_sl065,2023-08-01 09:00:00+00:00,STAGE28A,data/reports/stage28a_discovery_factory_batch_runner/stage28a_exact_trades.csv,calendar_time_risk_proxy_v1,calendar_keep_tue_wed_thu_h9_tp06_sl065,-1.2222999999999955,-2.2722999999999955,-2.9722999999999957,0,0,0,0,2.2722999999999955,21.22999999999979,7.0,0.4914285714285792,7.980000000000018,0.6741854636591316,1.9600000000000364,3.4254999999999995,0.364,-1.0,,,9,1,8.0,2023
2023-08-02 09:00:00+00:00|1.0|calendar_keep_tue_wed_thu_h9_tp06_sl065,2023-08-02 09:00:00+00:00,STAGE28A,data/reports/stage28a_discovery_factory_batch_runner/stage28a_exact_trades.csv,calendar_time_risk_proxy_v1,calendar_keep_tue_wed_thu_h9_tp06_sl065,0.5631999999999607,-0.4868000000000392,-1.186800000000039,0,0,0,0,0.4868000000000392,24.850000000000136,8.789999999999964,0.2104664391353975,6.620000000000118,0.055891238670711725,3.6399999999998727,3.894000000000028,0.688,1.0,,,9,2,8.0,2023
2023-08-03 09:00:00+00:00|1.0|calendar_keep_tue_wed_thu_h9_tp06_sl065,2023-08-03 09:00:00+00:00,STAGE28A,data/reports/stage28a_discovery_factory_batch_runner/stage28a_exact_trades.csv,calendar_time_risk_proxy_v1,calendar_keep_tue_wed_thu_h9_tp06_sl065,0.5994999999999436,-0.4505000000000563,-1.150500000000056,0,0,0,0,0.4505000000000563,21.810000000000173,5.089999999999918,0.17681728880154776,7.5,0.15333333333331514,2.6499999999998636,3.54699999999998,0.464,1.0,,,9,3,8.0,2023
2023-08-08 09:00:00+00:00|1.0|calendar_keep_tue_wed_thu_h9_tp06_sl065,2023-08-08 09:00:00+00:00,STAGE28A,data/reports/stage28a_discovery_factory_batch_runner/stage28a_exact_trades.csv,calendar_time_risk_proxy_v1,calendar_keep_tue_wed_thu_h9_tp06_sl065,0.4971999999999298,-0.5528000000000701,-1.25280000000007,0,0,0,0,0.5528000000000701,15.170000000000073,6.919999999999845,0.42774566473986636,5.420000000000073,0.3487084870848427,2.2799999999999727,2.986500000000001,0.104,1.0,,,9,1,8.0,2023
2023-08-09 09:00:00+00:00|-1.0|calendar_keep_tue_wed_thu_h9_tp06_sl065,2023-08-09 09:00:00+00:00,STAGE28A,data/reports/stage28a_discovery_factory_batch_runner/stage28a_exact_trades.csv,calendar_time_risk_proxy_v1,calendar_keep_tue_wed_thu_h9_tp06_sl065,-1.192399999999998,-2.2423999999999977,-2.942399999999997,0,0,0,0,2.2423999999999977,15.22999999999979,6.5900000000001455,0.7799696509863409,6.440000000000055,0.6024844720497012,2.0299999999999727,3.1059999999999945,0.184,-1.0,,,9,2,8.0,2023
2023-08-10 09:00:00+00:00|1.0|calendar_keep_tue_wed_thu_h9_tp06_sl065,2023-08-10 09:00:00+00:00,STAGE28A,data/reports/stage28a_discovery_factory_batch_runner/stage28a_exact_trades.csv,calendar_time_risk_proxy_v1,calendar_keep_tue_wed_thu_h9_tp06_sl065,0.4200999999999567,-0.6299000000000432,-1.329900000000043,0,0,0,0,0.6299000000000432,18.330000000000155,4.660000000000082,0.5021459227467547,6.099999999999909,0.377049180327867,3.400000000000091,2.7920000000000074,0.084,1.0,,,9,3,8.0,2023
2023-08-15 09:00:00+00:00|-1.0|calendar_keep_tue_wed_thu_h9_tp06_sl065,2023-08-15 09:00:00+00:00,STAGE28A,data/reports/stage28a_discovery_factory_batch_runner/stage28a_exact_trades.csv,calendar_time_risk_proxy_v1,calendar_keep_tue_wed_thu_h9_tp06_sl065,-1.211249999999927,-2.261249999999927,-2.961249999999927,0,0,0,0,2.261249999999927,13.519999999999982,4.5,0.015555555555541408,4.460000000000036,0.5874439461883625,3.339999999999918,3.2225000000000024,0.44,-1.0,,,9,1,8.0,2023
2023-08-16 09:00:00+00:00|1.0|calendar_keep_tue_wed_thu_h9_tp06_sl065,2023-08-16 09:00:00+00:00,STAGE28A,data/reports/stage28a_discovery_factory_batch_runner/stage28a_exact_trades.csv,calendar_time_risk_proxy_v1,calendar_keep_tue_wed_thu_h9_tp06_sl065,-1.0448500000000878,-2.094850000000088,-2.7948500000000878,0,0,0,0,2.094850000000088,15.230000000000018,5.009999999999991,0.5209580838323616,4.4500000000000455,0.45168539325842033,2.019999999999982,3.3050000000000184,0.5,1.0,,,9,2,8.0,2023
2023-08-17 09:00:00+00:00|1.0|calendar_keep_tue_wed_thu_h9_tp06_sl065,2023-08-17 09:00:00+00:00,STAGE28A,data/reports/stage28a_discovery_factory_batch_runner/stage28a_exact_trades.csv,calendar_time_risk_proxy_v1,calendar_keep_tue_wed_thu_h9_tp06_sl065,-1.0783250000000408,-2.1283250000000407,-2.8283250000000404,0,0,0,0,2.1283250000000407,15.420000000000073,5.419999999999845,0.30442804428046827,5.570000000000164,0.45960502692995875,1.8400000000001455,2.958500000000015,0.28,1.0,,,9,3,8.0,2023
2023-08-22 09:00:00+00:00|1.0|calendar_keep_tue_wed_thu_h9_tp06_sl065,2023-08-22 09:00:00+00:00,STAGE28A,data/reports/stage28a_discovery_factory_batch_runner/stage28a_exact_trades.csv,calendar_time_risk_proxy_v1,calendar_keep_tue_wed_thu_h9_tp06_sl065,-1.2639000000000125,-2.3139000000000123,-3.013900000000012,0,0,0,0,2.3139000000000123,14.160000000000082,3.6100000000001273,0.2576177285318645,9.980000000000018,0.6863727454909716,2.5399999999999636,3.1150000000000317,0.548,1.0,,,9,1,8.0,2023
2023-08-23 09:00:00+00:00|1.0|calendar_keep_tue_wed_thu_h9_tp06_sl065,2023-08-23 09:00:00+00:00,STAGE28A,data/reports/stage28a_discovery_factory_batch_runner/stage28a_exact_trades.csv,calendar_time_risk_proxy_v1,calendar_keep_tue_wed_thu_h9_tp06_sl065,-1.0728000000000066,-2.1228000000000065,-2.822800000000006,0,0,0,0,2.1228000000000065,15.450000000000045,5.879999999999882,0.6309523809523998,4.910000000000082,0.25050916496944964,1.6000000000001364,2.634500000000037,0.1,1.0,,,9,2,8.0,2023
2023-08-24 09:00:00+00:00|-1.0|calendar_keep_tue_wed_thu_h9_tp06_sl065,2023-08-24 09:00:00+00:00,STAGE28A,data/reports/stage28a_discovery_factory_batch_runner/stage28a_exact_trades.csv,calendar_time_risk_proxy_v1,calendar_keep_tue_wed_thu_h9_tp06_sl065,0.3912999999999101,-0.6587000000000898,-1.3587000000000895,0,0,0,0,0.6587000000000898,23.429999999999836,6.710000000000036,0.5722801788375744,3.6400000000001,0.36263736263739765,2.099999999999909,3.086999999999944,0.5,-1.0,,,9,3,8.0,2023
2023-08-29 09:00:00+00:00|-1.0|calendar_keep_tue_wed_thu_h9_tp06_sl065,2023-08-29 09:00:00+00:00,STAGE28A,data/reports/stage28a_discovery_factory_batch_runner/stage28a_exact_trades.csv,calendar_time_risk_proxy_v1,calendar_keep_tue_wed_thu_h9_tp06_sl065,0.2589999999999236,-0.7910000000000763,-1.491000000000076,0,0,0,0,0.7910000000000763,13.430000000000064,6.25,0.7584000000000014,3.9300000000000637,0.2646310432569839,2.3199999999999363,2.4760000000000444,0.14,-1.0,,,9,1,8.0,2023
2023-08-30 09:00:00+00:00|-1.0|calendar_keep_tue_wed_thu_h9_tp06_sl065,2023-08-30 09:00:00+00:00,STAGE28A,data/reports/stage28a_discovery_factory_batch_runner/stage28a_exact_trades.csv,calendar_time_risk_proxy_v1,calendar_keep_tue_wed_thu_h9_tp06_sl065,-0.9317500000000564,-1.9817500000000563,-2.681750000000056,0,0,0,0,1.9817500000000563,23.829999999999927,2.2799999999999727,0.17543859649127005,3.75,0.3466666666666545,1.6299999999998818,2.9215000000000146,0.424,-1.0,,,9,2,8.0,2023
2023-08-31 09:00:00+00:00|-1.0|calendar_keep_tue_wed_thu_h9_tp06_sl065,2023-08-31 09:00:00+00:00,STAGE28A,data/reports/stage28a_discovery_factory_batch_runner/stage28a_exact_trades.csv,calendar_time_risk_proxy_v1,calendar_keep_tue_wed_thu_h9_tp06_sl065,-0.9005499999999301,-1.95054999999993,-2.65054999999993,0,0,0,0,1.95054999999993,14.009999999999991,6.100000000000136,0.08360655737704582,3.089999999999918,0.11650485436890275,1.4600000000000364,2.373000000000013,0.144,-1.0,,,9,3,8.0,2023
2023-09-05 09:00:00+00:00|-1.0|calendar_keep_tue_wed_thu_h9_tp06_sl065,2023-09-05 09:00:00+00:00,STAGE28A,data/reports/stage28a_discovery_factory_batch_runner/stage28a_exact_trades.csv,calendar_time_risk_proxy_v1,calendar_keep_tue_wed_thu_h9_tp06_sl065,-1.043224999999984,-2.093224999999984,-2.793224999999984,0,0,0,0,2.093224999999984,9.470000000000027,3.8600000000001273,0.3056994818652914,8.319999999999936,0.7439903846153696,2.4299999999998363,1.723500000000024,0.028,-1.0,,,9,1,9.0,2023
2023-09-06 09:00:00+00:00|-1.0|calendar_keep_tue_wed_thu_h9_tp06_sl065,2023-09-06 09:00:00+00:00,STAGE28A,data/reports/stage28a_discovery_factory_batch_runner/stage28a_exact_trades.csv,calendar_time_risk_proxy_v1,calendar_keep_tue_wed_thu_h9_tp06_sl065,-0.859275000000116,-1.909275000000116,-2.609275000000116,0,0,0,0,1.909275000000116,13.569999999999936,2.7200000000000273,0.05882352941179421,5.8599999999999,0.2030716723549616,1.3299999999999272,2.222000000000014,0.24,-1.0,,,9,2,9.0,2023
2023-09-07 09:00:00+00:00|-1.0|calendar_keep_tue_wed_thu_h9_tp06_sl065,2023-09-07 09:00:00+00:00,STAGE28A,data/reports/stage28a_discovery_factory_batch_runner/stage28a_exact_trades.csv,calendar_time_risk_proxy_v1,calendar_keep_tue_wed_thu_h9_tp06_sl065,0.2931999999999789,-0.756800000000021,-1.4568000000000207,0,0,0,0,0.756800000000021,13.889999999999873,4.419999999999845,0.5769230769230869,3.400000000000091,0.03529411764709266,1.9800000000000182,2.932000000000005,0.688,-1.0,,,9,3,9.0,2023
2023-09-12 09:00:00+00:00|-1.0|calendar_keep_tue_wed_thu_h9_tp06_sl065,2023-09-12 09:00:00+00:00,STAGE28A,data/reports/stage28a_discovery_factory_batch_runner/stage28a_exact_trades.csv,calendar_time_risk_proxy_v1,calendar_keep_tue_wed_thu_h9_tp06_sl065,-1.0669499999999972,-2.116949999999997,-2.8169499999999967,0,0,0,0,2.116949999999997,14.0,4.029999999999973,0.2853598014888018,5.920000000000073,0.7854729729729403,2.4500000000000455,2.2895000000000207,0.252,-1.0,,,9,1,9.0,2023
2023-09-13 09:00:00+00:00|1.0|calendar_keep_tue_wed_thu_h9_tp06_sl065,2023-09-13 09:00:00+00:00,STAGE28A,data/reports/stage28a_discovery_factory_batch_runner/stage28a_exact_trades.csv,calendar_time_risk_proxy_v1,calendar_keep_tue_wed_thu_h9_tp06_sl065,-1.1283750000000965,-2.1783750000000963,-2.878375000000096,0,0,0,0,2.1783750000000963,16.910000000000082,5.6400000000001,0.6790780141843722,4.369999999999891,0.3729977116705148,3.3500000000001364,2.696000000000049,0.656,1.0,,,9,2,9.0,2023
2023-09-14 09:00:00+00:00|-1.0|calendar_keep_tue_wed_thu_h9_tp06_sl065,2023-09-14 09:00:00+00:00,STAGE28A,data/reports/stage28a_discovery_factory_batch_runner/stage28a_exact_trades.csv,calendar_time_risk_proxy_v1,calendar_keep_tue_wed_thu_h9_tp06_sl065,0.3384999999999764,-0.7115000000000236,-1.4115000000000233,0,0,0,0,0.7115000000000236,10.190000000000055,5.3599999999999,0.15671641791043542,5.760000000000218,0.5711805555555276,3.2800000000002,2.8815000000000053,0.784,-1.0,,,9,3,9.0,2023
2023-09-19 09:00:00+00:00|1.0|calendar_keep_tue_wed_thu_h9_tp06_sl065,2023-09-19 09:00:00+00:00,STAGE28A,data/reports/stage28a_discovery_factory_batch_runner/stage28a_exact_trades.csv,calendar_time_risk_proxy_v1,calendar_keep_tue_wed_thu_h9_tp06_sl065,0.0705999999999221,-0.9794000000000778,-1.6794000000000775,0,0,0,0,0.9794000000000778,11.730000000000018,2.8200000000001637,0.4893617021275892,5.589999999999918,0.5348837209302013,1.5,2.1135000000000104,0.16,1.0,,,9,1,9.0,2023
2023-09-20 09:00:00+00:00|-1.0|calendar_keep_tue_wed_thu_h9_tp06_sl065,2023-09-20 09:00:00+00:00,STAGE28A,data/reports/stage28a_discovery_factory_batch_runner/stage28a_exact_trades.csv,calendar_time_risk_proxy_v1,calendar_keep_tue_wed_thu_h9_tp06_sl065,0.1419999999999618,-0.908000000000038,-1.6080000000000378,0,0,0,0,0.908000000000038,7.619999999999891,3.9199999999998454,0.30357142857145447,4.3900000000001,0.27107061503417484,2.0299999999999727,1.9400000000000204,0.056,-1.0,,,9,2,9.0,2023
2023-09-21 09:00:00+00:00|-1.0|calendar_keep_tue_wed_thu_h9_tp06_sl065,2023-09-21 09:00:00+00:00,STAGE28A,data/reports/stage28a_discovery_factory_batch_runner/stage28a_exact_trades.csv,calendar_time_risk_proxy_v1,calendar_keep_tue_wed_thu_h9_tp06_sl065,0.2559999999999945,-0.7940000000000054,-1.494000000000005,0,0,0,0,0.7940000000000054,19.519999999999982,7.350000000000136,0.3823129251700535,8.040000000000191,0.4440298507462785,1.9800000000000182,3.7004999999999995,0.98,-1.0,,,9,3,9.0,2023
2023-09-26 09:00:00+00:00|1.0|calendar_keep_tue_wed_thu_h9_tp06_sl065,2023-09-26 09:00:00+00:00,STAGE28A,data/reports/stage28a_discovery_factory_batch_runner/stage28a_exact_trades.csv,calendar_time_risk_proxy_v1,calendar_keep_tue_wed_thu_h9_tp06_sl065,-0.8602500000000418,-1.9102500000000415,-2.610250000000041,0,0,0,0,1.9102500000000415,12.0,3.730000000000018,0.7774798927613538,5.860000000000127,0.10238907849831456,1.6199999999998909,2.2755000000000223,0.344,1.0,,,9,1,9.0,2023
2023-09-27 09:00:00+00:00|-1.0|calendar_keep_tue_wed_thu_h9_tp06_sl065,2023-09-27 09:00:00+00:00,STAGE28A,data/reports/stage28a_discovery_factory_batch_runner/stage28a_exact_trades.csv,calendar_time_risk_proxy_v1,calendar_keep_tue_wed_thu_h9_tp06_sl065,0.4639000000001033,-0.5860999999998966,-1.2860999999998963,0,0,0,0,0.5860999999998966,17.690000000000055,4.459999999999809,0.23991031390139228,5.339999999999918,0.8220973782771424,2.7799999999999727,2.8924999999999725,0.728,-1.0,,,9,2,9.0,2023
2023-09-28 09:00:00+00:00|-1.0|calendar_keep_tue_wed_thu_h9_tp06_sl065,2023-09-28 09:00:00+00:00,STAGE28A,data/reports/stage28a_discovery_factory_batch_runner/stage28a_exact_trades.csv,calendar_time_risk_proxy_v1,calendar_keep_tue_wed_thu_h9_tp06_sl065,-1.0383499999999004,-2.0883499999999,-2.7883499999999,0,0,0,0,2.0883499999999,31.470000000000027,4.350000000000136,0.537931034482723,4.5499999999999545,0.27472527472527747,2.650000000000091,3.277000000000021,0.84,-1.0,,,9,3,9.0,2023
2023-10-03 09:00:00+00:00|1.0|calendar_keep_tue_wed_thu_h9_tp06_sl065,2023-10-03 09:00:00+00:00,STAGE28A,data/reports/stage28a_discovery_factory_batch_runner/stage28a_exact_trades.csv,calendar_time_risk_proxy_v1,calendar_keep_tue_wed_thu_h9_tp06_sl065,-1.517075000000068,-2.567075000000068,-3.267075000000068,0,0,0,0,2.567075000000068,21.720000000000027,14.25,0.5361403508772,11.009999999999991,0.5376930063578635,2.7100000000000364,4.469000000000028,0.904,1.0,,,9,1,10.0,2023
2023-10-04 09:00:00+00:00|1.0|calendar_keep_tue_wed_thu_h9_tp06_sl065,2023-10-04 09:00:00+00:00,STAGE28A,data/reports/stage28a_discovery_factory_batch_runner/stage28a_exact_trades.csv,calendar_time_risk_proxy_v1,calendar_keep_tue_wed_thu_h9_tp06_sl065,0.5388999999999214,-0.5111000000000785,-1.2111000000000782,0,0,0,0,0.5111000000000785,18.170000000000073,5.2999999999999545,0.34905660377361364,7.849999999999909,0.1770700636942823,2.759999999999991,4.0790000000000415,0.764,1.0,,,9,2,10.0,2023
2023-10-05 09:00:00+00:00|-1.0|calendar_keep_tue_wed_thu_h9_tp06_sl065,2023-10-05 09:00:00+00:00,STAGE28A,data/reports/stage28a_discovery_factory_batch_runner/stage28a_exact_trades.csv,calendar_time_risk_proxy_v1,calendar_keep_tue_wed_thu_h9_tp06_sl065,-1.086124999999902,-2.1361249999999017,-2.8361249999999014,0,0,0,0,2.1361249999999017,13.930000000000064,7.940000000000055,0.7607052896725629,9.490000000000009,0.6649104320337134,1.9100000000000819,3.730500000000018,0.58,-1.0,,,9,3,10.0,2023
2023-10-10 09:00:00+00:00|-1.0|calendar_keep_tue_wed_thu_h9_tp06_sl065,2023-10-10 09:00:00+00:00,STAGE28A,data/reports/stage28a_discovery_factory_batch_runner/stage28a_exact_trades.csv,calendar_time_risk_proxy_v1,calendar_keep_tue_wed_thu_h9_tp06_sl065,-1.1449499999999715,-2.1949499999999715,-2.8949499999999717,0,0,0,0,2.1949499999999715,19.25999999999999,5.050000000000182,0.20792079207919142,7.339999999999918,0.5640326975477038,2.3600000000001273,3.2215000000000034,0.256,-1.0,,,9,1,10.0,2023
2023-10-11 09:00:00+00:00|1.0|calendar_keep_tue_wed_thu_h9_tp06_sl065,2023-10-11 09:00:00+00:00,STAGE28A,data/reports/stage28a_discovery_factory_batch_runner/stage28a_exact_trades.csv,calendar_time_risk_proxy_v1,calendar_keep_tue_wed_thu_h9_tp06_sl065,-1.02795000000001,-2.0779500000000097,-2.777950000000009,0,0,0,0,2.0779500000000097,12.330000000000155,2.790000000000191,0.11111111111116544,12.52000000000021,0.831469648562293,1.9800000000000182,2.6934999999999834,0.04,1.0,,,9,2,10.0,2023
2023-10-12 09:00:00+00:00|1.0|calendar_keep_tue_wed_thu_h9_tp06_sl065,2023-10-12 09:00:00+00:00,STAGE28A,data/reports/stage28a_discovery_factory_batch_runner/stage28a_exact_trades.csv,calendar_time_risk_proxy_v1,calendar_keep_tue_wed_thu_h9_tp06_sl065,0.3777999999998883,-0.6722000000001116,-1.372200000000111,0,0,0,0,0.6722000000001116,18.6400000000001,5.0499999999999545,0.6079207920792008,5.900000000000091,0.5610169491525244,1.6599999999998545,3.03599999999999,0.1,1.0,,,9,3,10.0,2023
2023-10-17 09:00:00+00:00|1.0|calendar_keep_tue_wed_thu_h9_tp06_sl065,2023-10-17 09:00:00+00:00,STAGE28A,data/reports/stage28a_discovery_factory_batch_runner/stage28a_exact_trades.csv,calendar_time_risk_proxy_v1,calendar_keep_tue_wed_thu_h9_tp06_sl065,-1.3506750000000012,-2.400675000000001,-3.1006750000000007,0,0,0,0,2.400675000000001,22.09999999999991,9.3599999999999,0.22435897435899133,9.639999999999873,0.6390041493775868,2.599999999999909,3.5804999999999723,0.444,1.0,,,9,1,10.0,2023
2023-10-18 09:00:00+00:00|1.0|calendar_keep_tue_wed_thu_h9_tp06_sl065,2023-10-18 09:00:00+00:00,STAGE28A,data/reports/stage28a_discovery_factory_batch_runner/stage28a_exact_trades.csv,calendar_time_risk_proxy_v1,calendar_keep_tue_wed_thu_h9_tp06_sl065,-1.8560499999999596,-2.906049999999959,-3.606049999999959,0,0,0,0,2.906049999999959,19.200000000000045,19.519999999999982,0.6444672131147626,11.029999999999973,0.630099728014491,3.199999999999818,4.73549999999999,0.84,1.0,,,9,2,10.0,2023
2023-10-19 09:00:00+00:00|1.0|calendar_keep_tue_wed_thu_h9_tp06_sl065,2023-10-19 09:00:00+00:00,STAGE28A,data/reports/stage28a_discovery_factory_batch_runner/stage28a_exact_trades.csv,calendar_time_risk_proxy_v1,calendar_keep_tue_wed_thu_h9_tp06_sl065,0.6672999999999775,-0.3827000000000224,-1.0827000000000222,0,0,0,0,0.3827000000000224,39.38999999999987,8.089999999999918,0.41532756489492384,9.13000000000011,0.4841182913472092,3.3400000000001455,5.4074999999999935,0.868,1.0,,,9,3,10.0,2023
2023-10-24 09:00:00+00:00|-1.0|calendar_keep_tue_wed_thu_h9_tp06_sl065,2023-10-24 09:00:00+00:00,STAGE28A,data/reports/stage28a_discovery_factory_batch_runner/stage28a_exact_trades.csv,calendar_time_risk_proxy_v1,calendar_keep_tue_wed_thu_h9_tp06_sl065,0.6585999999998876,-0.3914000000001123,-1.091400000000112,0,0,0,0,0.3914000000001123,21.069999999999936,9.460000000000036,0.40697674418603536,14.259999999999991,0.7180925666199169,2.1699999999998454,4.1750000000000345,0.48,-1.0,,,9,1,10.0,2023
2023-10-25 09:00:00+00:00|-1.0|calendar_keep_tue_wed_thu_h9_tp06_sl065,2023-10-25 09:00:00+00:00,STAGE28A,data/reports/stage28a_discovery_factory_batch_runner/stage28a_exact_trades.csv,calendar_time_risk_proxy_v1,calendar_keep_tue_wed_thu_h9_tp06_sl065,0.6882999999999356,-0.3617000000000643,-1.061700000000064,0,0,0,0,0.3617000000000643,27.230000000000018,7.0900000000001455,0.3808180535966135,7.660000000000082,0.4856396866840715,2.740000000000009,4.599500000000023,0.512,-1.0,,,9,2,10.0,2023
2023-10-26 09:00:00+00:00|1.0|calendar_keep_tue_wed_thu_h9_tp06_sl065,2023-10-26 09:00:00+00:00,STAGE28A,data/reports/stage28a_discovery_factory_batch_runner/stage28a_exact_trades.csv,calendar_time_risk_proxy_v1,calendar_keep_tue_wed_thu_h9_tp06_sl065,-1.43095000000003,-2.4809500000000297,-3.180950000000029,0,0,0,0,2.4809500000000297,24.13000000000011,7.869999999999891,0.6569250317661902,9.559999999999945,0.3650627615062792,4.75,5.531500000000017,0.7,1.0,,,9,3,10.0,2023
2023-10-31 09:00:00+00:00|1.0|calendar_keep_tue_wed_thu_h9_tp06_sl065,2023-10-31 09:00:00+00:00,STAGE28A,data/reports/stage28a_discovery_factory_batch_runner/stage28a_exact_trades.csv,calendar_time_risk_proxy_v1,calendar_keep_tue_wed_thu_h9_tp06_sl065,0.5322999999999866,-0.5177000000000134,-1.217700000000013,0,0,0,0,0.5177000000000134,15.75,6.7000000000000455,0.38656716417908965,7.740000000000009,0.9470284237725993,2.8300000000001546,3.535500000000013,0.048,1.0,,,9,1,10.0,2023
2023-11-01 09:00:00+00:00|1.0|calendar_keep_tue_wed_thu_h9_tp06_sl065,2023-11-01 09:00:00+00:00,STAGE28A,data/reports/stage28a_discovery_factory_batch_runner/stage28a_exact_trades.csv,calendar_time_risk_proxy_v1,calendar_keep_tue_wed_thu_h9_tp06_sl065,-1.3594500000000154,-2.409450000000015,-3.109450000000015,0,0,0,0,2.409450000000015,29.070000000000164,10.86999999999989,0.525298988040487,7.8599999999999,0.7175572519084188,1.9500000000000455,4.516500000000053,0.336,1.0,,,9,2,11.0,2023
2023-11-02 09:00:00+00:00|1.0|calendar_keep_tue_wed_thu_h9_tp06_sl065,2023-11-02 09:00:00+00:00,STAGE28A,data/reports/stage28a_discovery_factory_batch_runner/stage28a_exact_trades.csv,calendar_time_risk_proxy_v1,calendar_keep_tue_wed_thu_h9_tp06_sl065,0.4189000000000306,-0.6310999999999694,-1.331099999999969,0,0,0,0,0.6310999999999694,22.200000000000045,6.960000000000036,0.5574712643678289,5.899999999999864,0.4915254237288018,1.8399999999999181,4.443500000000006,0.32,1.0,,,9,3,11.0,2023
2023-11-07 09:00:00+00:00|-1.0|calendar_keep_tue_wed_thu_h9_tp06_sl065,2023-11-07 09:00:00+00:00,STAGE28A,data/reports/stage28a_discovery_factory_batch_runner/stage28a_exact_trades.csv,calendar_time_risk_proxy_v1,calendar_keep_tue_wed_thu_h9_tp06_sl065,-1.114075000000048,-2.164075000000048,-2.864075000000048,0,0,0,0,2.164075000000048,16.519999999999982,7.3599999999999,0.7228260869565538,10.039999999999964,0.5149402390438111,2.869999999999891,2.8374999999999773,0.024,-1.0,,,9,1,11.0,2023
2023-11-08 09:00:00+00:00|-1.0|calendar_keep_tue_wed_thu_h9_tp06_sl065,2023-11-08 09:00:00+00:00,STAGE28A,data/reports/stage28a_discovery_factory_batch_runner/stage28a_exact_trades.csv,calendar_time_risk_proxy_v1,calendar_keep_tue_wed_thu_h9_tp06_sl065,-1.0776750000000903,-2.12767500000009,-2.82767500000009,0,0,0,0,2.12767500000009,21.62999999999988,3.6900000000000546,0.3685636856368854,9.5,0.5821052631578919,4.009999999999991,3.5959999999999694,0.244,-1.0,,,9,2,11.0,2023
2023-11-09 09:00:00+00:00|-1.0|calendar_keep_tue_wed_thu_h9_tp06_sl065,2023-11-09 09:00:00+00:00,STAGE28A,data/reports/stage28a_discovery_factory_batch_runner/stage28a_exact_trades.csv,calendar_time_risk_proxy_v1,calendar_keep_tue_wed_thu_h9_tp06_sl065,-1.1316250000000765,-2.1816250000000763,-2.881625000000076,0,0,0,0,2.1816250000000763,23.529999999999973,6.889999999999873,0.18867924528301575,5.990000000000009,0.40066777963273575,1.3399999999999181,3.623000000000002,0.308,-1.0,,,9,3,11.0,2023
2023-11-14 09:00:00+00:00|1.0|calendar_keep_tue_wed_thu_h9_tp06_sl065,2023-11-14 09:00:00+00:00,STAGE28A,data/reports/stage28a_discovery_factory_batch_runner/stage28a_exact_trades.csv,calendar_time_risk_proxy_v1,calendar_keep_tue_wed_thu_h9_tp06_sl065,-1.0315249999999652,-2.081524999999965,-2.7815249999999647,0,0,0,0,2.081524999999965,31.539999999999964,4.509999999999991,0.38802660753880347,4.4500000000000455,0.4898876404493964,1.7799999999999727,2.7705000000000153,0.024,1.0,,,9,1,11.0,2023
2023-11-15 09:00:00+00:00|1.0|calendar_keep_tue_wed_thu_h9_tp06_sl065,2023-11-15 09:00:00+00:00,STAGE28A,data/reports/stage28a_discovery_factory_batch_runner/stage28a_exact_trades.csv,calendar_time_risk_proxy_v1,calendar_keep_tue_wed_thu_h9_tp06_sl065,0.4065999999999349,-0.643400000000065,-1.3434000000000648,0,0,0,0,0.643400000000065,33.81000000000017,6.400000000000091,0.7859374999999845,8.25,0.6848484848484683,3.7200000000000273,4.137500000000022,0.684,1.0,,,9,2,11.0,2023
2023-11-16 09:00:00+00:00|1.0|calendar_keep_tue_wed_thu_h9_tp06_sl065,2023-11-16 09:00:00+00:00,STAGE28A,data/reports/stage28a_discovery_factory_batch_runner/stage28a_exact_trades.csv,calendar_time_risk_proxy_v1,calendar_keep_tue_wed_thu_h9_tp06_sl065,0.4588000000000193,-0.5911999999999806,-1.2911999999999804,0,0,0,0,0.5911999999999806,19.699999999999818,6.079999999999927,0.35526315789475454,6.4500000000000455,0.3968992248061903,4.539999999999964,3.7159999999999966,0.468,1.0,,,9,3,11.0,2023
2023-11-21 09:00:00+00:00|-1.0|calendar_keep_tue_wed_thu_h9_tp06_sl065,2023-11-21 09:00:00+00:00,STAGE28A,data/reports/stage28a_discovery_factory_batch_runner/stage28a_exact_trades.csv,calendar_time_risk_proxy_v1,calendar_keep_tue_wed_thu_h9_tp06_sl065,0.6889000000000124,-0.3610999999999875,-1.0610999999999873,0,0,0,0,0.3610999999999875,19.700000000000045,17.019999999999982,0.6404230317273722,10.009999999999991,0.3466533466533497,2.810000000000173,4.241999999999962,0.852,-1.0,,,9,1,11.0,2023
2023-11-22 09:00:00+00:00|1.0|calendar_keep_tue_wed_thu_h9_tp06_sl065,2023-11-22 09:00:00+00:00,STAGE28A,data/reports/stage28a_discovery_factory_batch_runner/stage28a_exact_trades.csv,calendar_time_risk_proxy_v1,calendar_keep_tue_wed_thu_h9_tp06_sl065,-1.309724999999935,-2.359724999999935,-3.0597249999999345,0,0,0,0,2.359724999999935,30.34999999999991,4.8599999999999,0.0041152263374449015,9.639999999999873,0.19502074688795712,2.9700000000000273,3.7610000000000126,0.46,1.0,,,9,2,11.0,2023
2023-11-23 09:00:00+00:00|-1.0|calendar_keep_tue_wed_thu_h9_tp06_sl065,2023-11-23 09:00:00+00:00,STAGE28A,data/reports/stage28a_discovery_factory_batch_runner/stage28a_exact_trades.csv,calendar_time_risk_proxy_v1,calendar_keep_tue_wed_thu_h9_tp06_sl065,-1.2414749999999004,-2.2914749999999,-2.9914749999999,0,0,0,0,2.2914749999999,19.419999999999845,9.160000000000082,0.5262008733624586,6.319999999999936,0.2547468354430607,2.269999999999982,3.693500000000006,0.336,-1.0,,,9,3,11.0,2023
2023-11-28 09:00:00+00:00|1.0|calendar_keep_tue_wed_thu_h9_tp06_sl065,2023-11-28 09:00:00+00:00,STAGE28A,data/reports/stage28a_discovery_factory_batch_runner/stage28a_exact_trades.csv,calendar_time_risk_proxy_v1,calendar_keep_tue_wed_thu_h9_tp06_sl065,-1.276249999999982,-2.3262499999999817,-3.026249999999981,0,0,0,0,2.3262499999999817,17.639999999999873,4.9500000000000455,0.02626262626264807,4.529999999999973,0.09713024282556951,2.4400000000000546,3.1460000000000035,0.252,1.0,,,9,1,11.0,2023
2023-11-29 09:00:00+00:00|-1.0|calendar_keep_tue_wed_thu_h9_tp06_sl065,2023-11-29 09:00:00+00:00,STAGE28A,data/reports/stage28a_discovery_factory_batch_runner/stage28a_exact_trades.csv,calendar_time_risk_proxy_v1,calendar_keep_tue_wed_thu_h9_tp06_sl065,0.7200999999999113,-0.3299000000000887,-1.0299000000000884,0,0,0,0,0.3299000000000887,32.87999999999988,11.659999999999854,0.15694682675814323,13.519999999999754,0.6531065088757462,3.189999999999827,4.746499999999946,0.984,-1.0,,,9,2,11.0,2023
2023-11-30 09:00:00+00:00|-1.0|calendar_keep_tue_wed_thu_h9_tp06_sl065,2023-11-30 09:00:00+00:00,STAGE28A,data/reports/stage28a_discovery_factory_batch_runner/stage28a_exact_trades.csv,calendar_time_risk_proxy_v1,calendar_keep_tue_wed_thu_h9_tp06_sl065,-1.3597749999999906,-2.4097749999999905,-3.10977499999999,0,0,0,0,2.4097749999999905,16.749999999999773,4.540000000000191,0.0,10.160000000000082,0.6102362204724405,4.2000000000000455,3.8725000000000707,0.576,-1.0,,,9,3,11.0,2023
2023-12-05 09:00:00+00:00|-1.0|calendar_keep_tue_wed_thu_h9_tp06_sl065,2023-12-05 09:00:00+00:00,STAGE28A,data/reports/stage28a_discovery_factory_batch_runner/stage28a_exact_trades.csv,calendar_time_risk_proxy_v1,calendar_keep_tue_wed_thu_h9_tp06_sl065,0.8752000000000862,-0.1747999999999137,-0.8747999999999134,0,0,0,0,0.1747999999999137,129.52999999999975,12.779999999999973,0.13145539906103812,16.480000000000018,0.41868932038835455,2.7999999999999545,7.86149999999999,0.868,-1.0,,,9,1,12.0,2023
2023-12-06 09:00:00+00:00|-1.0|calendar_keep_tue_wed_thu_h9_tp06_sl065,2023-12-06 09:00:00+00:00,STAGE28A,data/reports/stage28a_discovery_factory_batch_runner/stage28a_exact_trades.csv,calendar_time_risk_proxy_v1,calendar_keep_tue_wed_thu_h9_tp06_sl065,0.5913999999999305,-0.4586000000000694,-1.1586000000000691,0,0,0,0,0.4586000000000694,31.279999999999973,6.980000000000018,0.43696275071632473,15.710000000000036,0.05919796308084414,3.4199999999998454,5.072999999999991,0.752,-1.0,,,9,2,12.0,2023
2023-12-07 09:00:00+00:00|1.0|calendar_keep_tue_wed_thu_h9_tp06_sl065,2023-12-07 09:00:00+00:00,STAGE28A,data/reports/stage28a_discovery_factory_batch_runner/stage28a_exact_trades.csv,calendar_time_risk_proxy_v1,calendar_keep_tue_wed_thu_h9_tp06_sl065,0.5893000000000029,-0.460699999999997,-1.1606999999999967,0,0,0,0,0.460699999999997,18.700000000000045,4.740000000000009,0.21940928270041385,9.889999999999873,0.765419615773512,3.509999999999991,4.241999999999973,0.556,1.0,,,9,3,12.0,2023
2023-12-12 09:00:00+00:00|1.0|calendar_keep_tue_wed_thu_h9_tp06_sl065,2023-12-12 09:00:00+00:00,STAGE28A,data/reports/stage28a_discovery_factory_batch_runner/stage28a_exact_trades.csv,calendar_time_risk_proxy_v1,calendar_keep_tue_wed_thu_h9_tp06_sl065,-1.2057250000001205,-2.2557250000001203,-2.95572500000012,0,0,0,0,2.2557250000001203,31.789999999999964,7.870000000000118,0.3354510800508047,6.4500000000000455,0.0945736434108718,1.5499999999999545,4.147499999999968,0.3,1.0,,,9,1,12.0,2023
2023-12-13 09:00:00+00:00|1.0|calendar_keep_tue_wed_thu_h9_tp06_sl065,2023-12-13 09:00:00+00:00,STAGE28A,data/reports/stage28a_discovery_factory_batch_runner/stage28a_exact_trades.csv,calendar_time_risk_proxy_v1,calendar_keep_tue_wed_thu_h9_tp06_sl065,-1.2457000000000336,-2.2957000000000334,-2.995700000000033,0,0,0,0,2.2957000000000334,19.50999999999999,5.1099999999999,0.8297455968689026,10.309999999999945,0.48205625606208086,5.809999999999945,3.6484999999999785,0.064,1.0,,,9,2,12.0,2023
2023-12-14 09:00:00+00:00|1.0|calendar_keep_tue_wed_thu_h9_tp06_sl065,2023-12-14 09:00:00+00:00,STAGE28A,data/reports/stage28a_discovery_factory_batch_runner/stage28a_exact_trades.csv,calendar_time_risk_proxy_v1,calendar_keep_tue_wed_thu_h9_tp06_sl065,0.9924999999999728,-0.0575000000000271,-0.7575000000000269,0,0,0,0,0.0575000000000271,60.16000000000008,14.930000000000064,0.10783657066308729,11.049999999999955,0.25610859728506236,3.160000000000082,6.826499999999987,0.84,1.0,,,9,3,12.0,2023
2023-12-19 09:00:00+00:00|1.0|calendar_keep_tue_wed_thu_h9_tp06_sl065,2023-12-19 09:00:00+00:00,STAGE28A,data/reports/stage28a_discovery_factory_batch_runner/stage28a_exact_trades.csv,calendar_time_risk_proxy_v1,calendar_keep_tue_wed_thu_h9_tp06_sl065,-1.335400000000027,-2.385400000000027,-3.0854000000000266,0,0,0,0,2.385400000000027,17.769999999999982,7.649999999999864,0.4575163398692892,6.039999999999964,0.2533112582781427,3.0799999999999272,3.7345000000000255,0.104,1.0,,,9,1,12.0,2023
2023-12-20 09:00:00+00:00|-1.0|calendar_keep_tue_wed_thu_h9_tp06_sl065,2023-12-20 09:00:00+00:00,STAGE28A,data/reports/stage28a_discovery_factory_batch_runner/stage28a_exact_trades.csv,calendar_time_risk_proxy_v1,calendar_keep_tue_wed_thu_h9_tp06_sl065,0.3078999999999269,-0.742100000000073,-1.4421000000000728,0,0,0,0,0.742100000000073,25.289999999999964,4.960000000000036,0.09072580645162141,7.820000000000164,0.5843989769820768,1.8599999999999,3.431000000000006,0.06,-1.0,,,9,2,12.0,2023
2023-12-21 09:00:00+00:00|-1.0|calendar_keep_tue_wed_thu_h9_tp06_sl065,2023-12-21 09:00:00+00:00,STAGE28A,data/reports/stage28a_discovery_factory_batch_runner/stage28a_exact_trades.csv,calendar_time_risk_proxy_v1,calendar_keep_tue_wed_thu_h9_tp06_sl065,-1.1833000000000085,-2.2333000000000083,-2.933300000000008,0,0,0,0,2.2333000000000083,15.990000000000009,6.440000000000055,0.6413043478260632,5.120000000000118,0.4316406249999971,2.740000000000009,3.6809999999999947,0.192,-1.0,,,9,3,12.0,2023
2023-12-26 09:00:00+00:00|-1.0|calendar_keep_tue_wed_thu_h9_tp06_sl065,2023-12-26 09:00:00+00:00,STAGE28A,data/reports/stage28a_discovery_factory_batch_runner/stage28a_exact_trades.csv,calendar_time_risk_proxy_v1,calendar_keep_tue_wed_thu_h9_tp06_sl065,0.3432999999999083,-0.7067000000000916,-1.406700000000091,0,0,0,0,0.7067000000000916,4.400000000000091,11.75,0.775319148936181,4.380000000000109,0.0410958904109205,2.849999999999909,4.731000000000018,0.624,-1.0,,,9,1,12.0,2023
2023-12-27 09:00:00+00:00|1.0|calendar_keep_tue_wed_thu_h9_tp06_sl065,2023-12-27 09:00:00+00:00,STAGE28A,data/reports/stage28a_discovery_factory_batch_runner/stage28a_exact_trades.csv,calendar_time_risk_proxy_v1,calendar_keep_tue_wed_thu_h9_tp06_sl065,0.3286000000001877,-0.7213999999998122,-1.421399999999812,0,0,0,0,0.7213999999998122,15.650000000000091,4.559999999999945,0.07894736842108149,7.7199999999998,0.1411917098445821,3.050000000000182,3.2015000000000327,0.108,1.0,,,9,2,12.0,2023
2023-12-28 09:00:00+00:00|-1.0|calendar_keep_tue_wed_thu_h9_tp06_sl065,2023-12-28 09:00:00+00:00,STAGE28A,data/reports/stage28a_discovery_factory_batch_runner/stage28a_exact_trades.csv,calendar_time_risk_proxy_v1,calendar_keep_tue_wed_thu_h9_tp06_sl065,0.5187999999997374,-0.5312000000002626,-1.2312000000002623,0,0,0,0,0.5312000000002626,22.899999999999636,11.019999999999982,0.6379310344827779,14.870000000000346,0.6348352387356984,2.5900000000001455,4.0775000000000095,0.548,-1.0,,,9,3,12.0,2023
2024-01-02 09:00:00+00:00|1.0|calendar_keep_tue_wed_thu_h9_tp06_sl065,2024-01-02 09:00:00+00:00,STAGE28A,data/reports/stage28a_discovery_factory_batch_runner/stage28a_exact_trades.csv,calendar_time_risk_proxy_v1,calendar_keep_tue_wed_thu_h9_tp06_sl065,-1.4751499999998487,-2.525149999999849,-3.2251499999998483,0,0,0,0,2.525149999999849,3.199999999999818,8.299999999999727,0.7060240963855807,9.350000000000364,0.6844919786096088,3.7800000000002,4.2169999999999845,0.624,1.0,,,9,1,1.0,2024
2024-01-03 09:00:00+00:00|-1.0|calendar_keep_tue_wed_thu_h9_tp06_sl065,2024-01-03 09:00:00+00:00,STAGE28A,data/reports/stage28a_discovery_factory_batch_runner/stage28a_exact_trades.csv,calendar_time_risk_proxy_v1,calendar_keep_tue_wed_thu_h9_tp06_sl065,-1.197925000000032,-2.247925000000032,-2.947925000000032,0,0,0,0,2.247925000000032,22.88000000000011,7.050000000000182,0.7333333333333247,13.200000000000273,0.7446969696969488,1.919999999999618,4.3960000000000035,0.748,-1.0,,,9,2,1.0,2024
2024-01-04 09:00:00+00:00|1.0|calendar_keep_tue_wed_thu_h9_tp06_sl065,2024-01-04 09:00:00+00:00,STAGE28A,data/reports/stage28a_discovery_factory_batch_runner/stage28a_exact_trades.csv,calendar_time_risk_proxy_v1,calendar_keep_tue_wed_thu_h9_tp06_sl065,0.6306999999998425,-0.4193000000001574,-1.1193000000001572,0,0,0,0,0.4193000000001574,35.47000000000003,6.850000000000136,0.0029197080291943666,8.8299999999997,0.578708946772401,4.960000000000264,5.3,0.944,1.0,,,9,3,1.0,2024
2024-01-09 09:00:00+00:00|1.0|calendar_keep_tue_wed_thu_h9_tp06_sl065,2024-01-09 09:00:00+00:00,STAGE28A,data/reports/stage28a_discovery_factory_batch_runner/stage28a_exact_trades.csv,calendar_time_risk_proxy_v1,calendar_keep_tue_wed_thu_h9_tp06_sl065,-1.4553249999999935,-2.5053249999999934,-3.205324999999993,0,0,0,0,2.5053249999999934,30.019999999999982,7.939999999999827,0.2783375314861281,8.319999999999936,0.3100961538461748,3.869999999999891,4.756999999999982,0.644,1.0,,,9,1,1.0,2024
2024-01-10 09:00:00+00:00|1.0|calendar_keep_tue_wed_thu_h9_tp06_sl065,2024-01-10 09:00:00+00:00,STAGE28A,data/reports/stage28a_discovery_factory_batch_runner/stage28a_exact_trades.csv,calendar_time_risk_proxy_v1,calendar_keep_tue_wed_thu_h9_tp06_sl065,-1.4995250000000395,-2.54952500000004,-3.2495250000000397,0,0,0,0,2.54952500000004,15.940000000000055,5.619999999999891,0.18149466192170846,16.539999999999964,0.30290205562273287,3.160000000000082,3.785500000000013,0.28,1.0,,,9,2,1.0,2024
2024-01-11 09:00:00+00:00|-1.0|calendar_keep_tue_wed_thu_h9_tp06_sl065,2024-01-11 09:00:00+00:00,STAGE28A,data/reports/stage28a_discovery_factory_batch_runner/stage28a_exact_trades.csv,calendar_time_risk_proxy_v1,calendar_keep_tue_wed_thu_h9_tp06_sl065,0.4960000000000036,-0.5539999999999963,-1.253999999999996,0,0,0,0,0.5539999999999963,20.089999999999918,7.5,0.7093333333333248,5.479999999999791,0.03832116788321978,2.9200000000000728,3.3739999999999783,0.112,-1.0,,,9,3,1.0,2024
2024-01-16 09:00:00+00:00|-1.0|calendar_keep_tue_wed_thu_h9_tp06_sl065,2024-01-16 09:00:00+00:00,STAGE28A,data/reports/stage28a_discovery_factory_batch_runner/stage28a_exact_trades.csv,calendar_time_risk_proxy_v1,calendar_keep_tue_wed_thu_h9_tp06_sl065,-1.179075000000103,-2.2290750000001025,-2.9290750000001022,0,0,0,0,2.2290750000001025,12.740000000000009,7.170000000000073,0.656903765690375,12.409999999999854,0.6970185334407891,3.1299999999998818,2.5100000000000136,0.004,-1.0,,,9,1,1.0,2024
2024-01-17 09:00:00+00:00|-1.0|calendar_keep_tue_wed_thu_h9_tp06_sl065,2024-01-17 09:00:00+00:00,STAGE28A,data/reports/stage28a_discovery_factory_batch_runner/stage28a_exact_trades.csv,calendar_time_risk_proxy_v1,calendar_keep_tue_wed_thu_h9_tp06_sl065,-1.58174999999992,-2.63174999999992,-3.33174999999992,0,0,0,0,2.63174999999992,31.430000000000064,9.559999999999945,0.28765690376569203,10.870000000000118,0.06439742410301845,3.240000000000009,4.930999999999983,0.68,-1.0,,,9,2,1.0,2024
2024-01-18 09:00:00+00:00|1.0|calendar_keep_tue_wed_thu_h9_tp06_sl065,2024-01-18 09:00:00+00:00,STAGE28A,data/reports/stage28a_discovery_factory_batch_runner/stage28a_exact_trades.csv,calendar_time_risk_proxy_v1,calendar_keep_tue_wed_thu_h9_tp06_sl065,0.6199000000000524,-0.4300999999999475,-1.1300999999999473,0,0,0,0,0.4300999999999475,31.1400000000001,5.559999999999945,0.28057553956833825,8.209999999999809,0.4214372716199622,4.1400000000001,4.424000000000012,0.472,1.0,,,9,3,1.0,2024
2024-01-23 09:00:00+00:00|1.0|calendar_keep_tue_wed_thu_h9_tp06_sl065,2024-01-23 09:00:00+00:00,STAGE28A,data/reports/stage28a_discovery_factory_batch_runner/stage28a_exact_trades.csv,calendar_time_risk_proxy_v1,calendar_keep_tue_wed_thu_h9_tp06_sl065,0.834099999999944,-0.2159000000000559,-0.9159000000000556,0,0,0,0,0.2159000000000559,15.519999999999982,8.38000000000011,0.8210023866348201,13.160000000000082,0.19452887537995114,6.709999999999809,3.8194999999999597,0.372,1.0,,,9,1,1.0,2024
2024-01-24 09:00:00+00:00|1.0|calendar_keep_tue_wed_thu_h9_tp06_sl065,2024-01-24 09:00:00+00:00,STAGE28A,data/reports/stage28a_discovery_factory_batch_runner/stage28a_exact_trades.csv,calendar_time_risk_proxy_v1,calendar_keep_tue_wed_thu_h9_tp06_sl065,-1.2811250000000656,-2.3311250000000654,-3.031125000000065,0,0,0,0,2.3311250000000654,18.340000000000146,5.8599999999999,0.8447098976109437,11.279999999999973,0.7402482269503483,4.210000000000036,3.346499999999992,0.172,1.0,,,9,2,1.0,2024
2024-01-25 09:00:00+00:00|1.0|calendar_keep_tue_wed_thu_h9_tp06_sl065,2024-01-25 09:00:00+00:00,STAGE28A,data/reports/stage28a_discovery_factory_batch_runner/stage28a_exact_trades.csv,calendar_time_risk_proxy_v1,calendar_keep_tue_wed_thu_h9_tp06_sl065,-1.0692250000000514,-2.119225000000051,-2.819225000000051,0,0,0,0,2.119225000000051,25.52000000000021,3.400000000000091,0.18823529411767145,7.019999999999982,0.5270655270655349,2.0599999999999454,3.8460000000000263,0.408,1.0,,,9,3,1.0,2024
2024-01-30 09:00:00+00:00|1.0|calendar_keep_tue_wed_thu_h9_tp06_sl065,2024-01-30 09:00:00+00:00,STAGE28A,data/reports/stage28a_discovery_factory_batch_runner/stage28a_exact_trades.csv,calendar_time_risk_proxy_v1,calendar_keep_tue_wed_thu_h9_tp06_sl065,-1.1218749999999091,-2.171874999999909,-2.8718749999999087,0,0,0,0,2.171874999999909,18.460000000000036,4.819999999999936,0.13278008298757438,8.829999999999927,0.43488108720271235,3.9200000000000728,4.357000000000028,0.72,1.0,,,9,1,1.0,2024
2024-01-31 09:00:00+00:00|1.0|calendar_keep_tue_wed_thu_h9_tp06_sl065,2024-01-31 09:00:00+00:00,STAGE28A,data/reports/stage28a_discovery_factory_batch_runner/stage28a_exact_trades.csv,calendar_time_risk_proxy_v1,calendar_keep_tue_wed_thu_h9_tp06_sl065,-0.9476749999999812,-1.997674999999981,-2.6976749999999807,0,0,0,0,1.997674999999981,19.54000000000019,5.800000000000182,0.32931034482759,7.150000000000091,0.3356643356643441,2.150000000000091,3.8975000000000364,0.428,1.0,,,9,2,1.0,2024
2024-02-01 09:00:00+00:00|-1.0|calendar_keep_tue_wed_thu_h9_tp06_sl065,2024-02-01 09:00:00+00:00,STAGE28A,data/reports/stage28a_discovery_factory_batch_runner/stage28a_exact_trades.csv,calendar_time_risk_proxy_v1,calendar_keep_tue_wed_thu_h9_tp06_sl065,-1.2008500000000368,-2.2508500000000367,-2.9508500000000364,0,0,0,0,2.2508500000000367,25.1400000000001,10.269999999999754,0.559883154819877,15.329999999999927,0.8962818003913943,2.5299999999999727,5.240999999999962,0.992,-1.0,,,9,3,2.0,2024
2024-02-06 09:00:00+00:00|-1.0|calendar_keep_tue_wed_thu_h9_tp06_sl065,2024-02-06 09:00:00+00:00,STAGE28A,data/reports/stage28a_discovery_factory_batch_runner/stage28a_exact_trades.csv,calendar_time_risk_proxy_v1,calendar_keep_tue_wed_thu_h9_tp06_sl065,0.3909999999999854,-0.6590000000000145,-1.3590000000000142,0,0,0,0,0.6590000000000145,27.329999999999927,5.100000000000136,0.24705882352940337,6.990000000000009,0.34477825464947803,3.4700000000000273,3.7300000000000297,0.256,-1.0,,,9,1,2.0,2024
2024-02-07 09:00:00+00:00|-1.0|calendar_keep_tue_wed_thu_h9_tp06_sl065,2024-02-07 09:00:00+00:00,STAGE28A,data/reports/stage28a_discovery_factory_batch_runner/stage28a_exact_trades.csv,calendar_time_risk_proxy_v1,calendar_keep_tue_wed_thu_h9_tp06_sl065,0.133600000000024,-0.916399999999976,-1.6163999999999756,0,0,0,0,0.916399999999976,16.189999999999827,2.230000000000018,0.004484304932731311,4.889999999999873,0.40286298568508766,1.8299999999999272,3.0614999999999895,0.052,-1.0,,,9,2,2.0,2024
2024-02-08 09:00:00+00:00|1.0|calendar_keep_tue_wed_thu_h9_tp06_sl065,2024-02-08 09:00:00+00:00,STAGE28A,data/reports/stage28a_discovery_factory_batch_runner/stage28a_exact_trades.csv,calendar_time_risk_proxy_v1,calendar_keep_tue_wed_thu_h9_tp06_sl065,-1.1160249999998997,-2.1660249999998995,-2.8660249999998992,0,0,0,0,2.1660249999998995,13.970000000000027,7.0,0.6028571428571468,9.599999999999909,0.41041666666665255,1.9400000000000546,3.318000000000018,0.22,1.0,,,9,3,2.0,2024
2024-02-13 09:00:00+00:00|1.0|calendar_keep_tue_wed_thu_h9_tp06_sl065,2024-02-13 09:00:00+00:00,STAGE28A,data/reports/stage28a_discovery_factory_batch_runner/stage28a_exact_trades.csv,calendar_time_risk_proxy_v1,calendar_keep_tue_wed_thu_h9_tp06_sl065,-0.948974999999882,-1.998974999999882,-2.6989749999998818,0,0,0,0,1.998974999999882,15.639999999999873,4.4099999999998545,0.04081632653062803,9.190000000000055,0.8476605005440606,3.369999999999891,3.000499999999988,0.132,1.0,,,9,1,2.0,2024
2024-02-14 09:00:00+00:00|-1.0|calendar_keep_tue_wed_thu_h9_tp06_sl065,2024-02-14 09:00:00+00:00,STAGE28A,data/reports/stage28a_discovery_factory_batch_runner/stage28a_exact_trades.csv,calendar_time_risk_proxy_v1,calendar_keep_tue_wed_thu_h9_tp06_sl065,-0.9441000000000258,-1.9941000000000255,-2.694100000000025,0,0,0,0,1.9941000000000255,39.86999999999989,4.75,0.19578947368422392,7.1400000000001,0.06162464985991891,2.009999999999991,4.437499999999977,0.732,-1.0,,,9,2,2.0,2024
2024-02-15 09:00:00+00:00|1.0|calendar_keep_tue_wed_thu_h9_tp06_sl065,2024-02-15 09:00:00+00:00,STAGE28A,data/reports/stage28a_discovery_factory_batch_runner/stage28a_exact_trades.csv,calendar_time_risk_proxy_v1,calendar_keep_tue_wed_thu_h9_tp06_sl065,-0.9587250000000496,-2.0087250000000494,-2.708725000000049,0,0,0,0,2.0087250000000494,11.839999999999918,4.119999999999891,0.41262135922332294,6.5,0.6123076923076951,1.8799999999998818,3.029499999999973,0.184,1.0,,,9,3,2.0,2024
2024-02-20 09:00:00+00:00|1.0|calendar_keep_tue_wed_thu_h9_tp06_sl065,2024-02-20 09:00:00+00:00,STAGE28A,data/reports/stage28a_discovery_factory_batch_runner/stage28a_exact_trades.csv,calendar_time_risk_proxy_v1,calendar_keep_tue_wed_thu_h9_tp06_sl065,-0.9704250000000684,-2.0204250000000683,-2.720425000000068,0,0,0,0,2.0204250000000683,10.980000000000018,4.650000000000091,0.7053763440860508,9.879999999999882,0.6730769230769174,3.0699999999999363,2.075999999999999,0.024,1.0,,,9,1,2.0,2024
2024-02-21 09:00:00+00:00|-1.0|calendar_keep_tue_wed_thu_h9_tp06_sl065,2024-02-21 09:00:00+00:00,STAGE28A,data/reports/stage28a_discovery_factory_batch_runner/stage28a_exact_trades.csv,calendar_time_risk_proxy_v1,calendar_keep_tue_wed_thu_h9_tp06_sl065,0.3253000000001066,-0.7246999999998933,-1.424699999999893,0,0,0,0,0.7246999999998933,15.829999999999927,8.420000000000073,0.8016627078384729,6.25,0.15520000000000436,1.9399999999998272,2.5110000000000356,0.152,-1.0,,,9,2,2.0,2024
2024-02-22 09:00:00+00:00|1.0|calendar_keep_tue_wed_thu_h9_tp06_sl065,2024-02-22 09:00:00+00:00,STAGE28A,data/reports/stage28a_discovery_factory_batch_runner/stage28a_exact_trades.csv,calendar_time_risk_proxy_v1,calendar_keep_tue_wed_thu_h9_tp06_sl065,-1.0471249999999146,-2.0971249999999144,-2.797124999999914,0,0,0,0,2.0971249999999144,12.1400000000001,3.849999999999909,0.7974025974025997,6.670000000000073,0.1004497751124536,2.240000000000009,2.8530000000000086,0.32,1.0,,,9,3,2.0,2024
2024-02-27 09:00:00+00:00|1.0|calendar_keep_tue_wed_thu_h9_tp06_sl065,2024-02-27 09:00:00+00:00,STAGE28A,data/reports/stage28a_discovery_factory_batch_runner/stage28a_exact_trades.csv,calendar_time_risk_proxy_v1,calendar_keep_tue_wed_thu_h9_tp06_sl065,-0.8989250000000538,-1.9489250000000535,-2.648925000000053,0,0,0,0,1.9489250000000535,12.009999999999991,4.0499999999999545,0.6246913580246917,6.789999999999964,0.42120765832108137,1.7100000000000364,2.4099999999999797,0.128,1.0,,,9,1,2.0,2024
2024-02-28 09:00:00+00:00|-1.0|calendar_keep_tue_wed_thu_h9_tp06_sl065,2024-02-28 09:00:00+00:00,STAGE28A,data/reports/stage28a_discovery_factory_batch_runner/stage28a_exact_trades.csv,calendar_time_risk_proxy_v1,calendar_keep_tue_wed_thu_h9_tp06_sl065,-0.960674999999901,-2.010674999999901,-2.7106749999999007,0,0,0,0,2.010674999999901,10.730000000000018,4.599999999999909,0.01956521739133637,7.720000000000027,0.3873056994818651,3.380000000000109,2.544500000000016,0.208,-1.0,,,9,2,2.0,2024
2024-02-29 09:00:00+00:00|-1.0|calendar_keep_tue_wed_thu_h9_tp06_sl065,2024-02-29 09:00:00+00:00,STAGE28A,data/reports/stage28a_discovery_factory_batch_runner/stage28a_exact_trades.csv,calendar_time_risk_proxy_v1,calendar_keep_tue_wed_thu_h9_tp06_sl065,-0.8719500000000607,-1.9219500000000609,-2.6219500000000604,0,0,0,0,1.9219500000000609,13.420000000000073,3.1299999999998818,0.1629392971246039,7.2999999999999545,0.5931506849315318,1.5900000000001455,2.5559999999999605,0.236,-1.0,,,9,3,2.0,2024
2024-03-05 09:00:00+00:00|1.0|calendar_keep_tue_wed_thu_h9_tp06_sl065,2024-03-05 09:00:00+00:00,STAGE28A,data/reports/stage28a_discovery_factory_batch_runner/stage28a_exact_trades.csv,calendar_time_risk_proxy_v1,calendar_keep_tue_wed_thu_h9_tp06_sl065,0.65649999999996,-0.3935000000000399,-1.0935000000000397,0,0,0,0,0.3935000000000399,40.370000000000346,6.349999999999909,0.22204724409446847,13.2800000000002,0.5813253012047954,4.2599999999997635,5.035500000000025,0.924,1.0,,,9,1,3.0,2024
2024-03-06 09:00:00+00:00|1.0|calendar_keep_tue_wed_thu_h9_tp06_sl065,2024-03-06 09:00:00+00:00,STAGE28A,data/reports/stage28a_discovery_factory_batch_runner/stage28a_exact_trades.csv,calendar_time_risk_proxy_v1,calendar_keep_tue_wed_thu_h9_tp06_sl065,-1.1855750000000629,-2.2355750000000625,-2.935575000000062,0,0,0,0,2.2355750000000625,31.329999999999927,4.799999999999727,0.38333333333338543,7.150000000000091,0.07412587412590117,2.669999999999618,4.847499999999923,0.808,1.0,,,9,2,3.0,2024
2024-03-07 09:00:00+00:00|-1.0|calendar_keep_tue_wed_thu_h9_tp06_sl065,2024-03-07 09:00:00+00:00,STAGE28A,data/reports/stage28a_discovery_factory_batch_runner/stage28a_exact_trades.csv,calendar_time_risk_proxy_v1,calendar_keep_tue_wed_thu_h9_tp06_sl065,-2.146600000000126,-3.196600000000126,-3.8966000000001255,0,0,0,1,3.196600000000126,28.549999999999727,17.11999999999989,0.6407710280374022,8.299999999999727,0.07108433734936268,4.889999999999873,6.566000000000008,1.0,-1.0,,,9,3,3.0,2024
2024-03-12 09:00:00+00:00|-1.0|calendar_keep_tue_wed_thu_h9_tp06_sl065,2024-03-12 09:00:00+00:00,STAGE28A,data/reports/stage28a_discovery_factory_batch_runner/stage28a_exact_trades.csv,calendar_time_risk_proxy_v1,calendar_keep_tue_wed_thu_h9_tp06_sl065,0.6064000000000306,-0.4435999999999693,-1.143599999999969,0,0,0,0,0.4435999999999693,14.239999999999782,7.929999999999836,0.5056746532156748,5.539999999999964,0.30685920577622455,3.5100000000002183,4.267999999999915,0.412,-1.0,,,9,1,3.0,2024
2024-03-13 09:00:00+00:00|-1.0|calendar_keep_tue_wed_thu_h9_tp06_sl065,2024-03-13 09:00:00+00:00,STAGE28A,data/reports/stage28a_discovery_factory_batch_runner/stage28a_exact_trades.csv,calendar_time_risk_proxy_v1,calendar_keep_tue_wed_thu_h9_tp06_sl065,0.520600000000195,-0.5293999999998049,-1.2293999999998046,0,0,0,0,0.5293999999998049,34.179999999999836,5.730000000000018,0.41884816753928156,6.049999999999727,0.6694214876033661,3.1099999999996726,6.182499999999959,0.892,-1.0,,,9,2,3.0,2024
2024-03-14 09:00:00+00:00|-1.0|calendar_keep_tue_wed_thu_h9_tp06_sl065,2024-03-14 09:00:00+00:00,STAGE28A,data/reports/stage28a_discovery_factory_batch_runner/stage28a_exact_trades.csv,calendar_time_risk_proxy_v1,calendar_keep_tue_wed_thu_h9_tp06_sl065,-1.2105999999999768,-2.2605999999999766,-2.9605999999999764,0,0,0,0,2.2605999999999766,24.059999999999945,5.920000000000073,0.44087837837839444,4.599999999999909,0.2434782608695463,2.7400000000002365,3.678500000000008,0.196,-1.0,,,9,3,3.0,2024
2024-03-19 09:00:00+00:00|-1.0|calendar_keep_tue_wed_thu_h9_tp06_sl065,2024-03-19 09:00:00+00:00,STAGE28A,data/reports/stage28a_discovery_factory_batch_runner/stage28a_exact_trades.csv,calendar_time_risk_proxy_v1,calendar_keep_tue_wed_thu_h9_tp06_sl065,-1.4156749999998284,-2.465674999999828,-3.165674999999828,0,0,0,0,2.465674999999828,17.559999999999945,4.1599999999998545,0.16105769230771544,13.179999999999836,0.4613050075872536,3.7800000000002,3.149999999999909,0.02,-1.0,,,9,1,3.0,2024
2024-03-20 09:00:00+00:00|-1.0|calendar_keep_tue_wed_thu_h9_tp06_sl065,2024-03-20 09:00:00+00:00,STAGE28A,data/reports/stage28a_discovery_factory_batch_runner/stage28a_exact_trades.csv,calendar_time_risk_proxy_v1,calendar_keep_tue_wed_thu_h9_tp06_sl065,0.3274000000000342,-0.7225999999999657,-1.4225999999999654,0,0,0,0,0.7225999999999657,15.599999999999909,5.110000000000127,0.031311154598796576,7.079999999999927,0.3587570621468912,1.7899999999999636,3.216500000000019,0.06,-1.0,,,9,2,3.0,2024
2024-03-21 09:00:00+00:00|1.0|calendar_keep_tue_wed_thu_h9_tp06_sl065,2024-03-21 09:00:00+00:00,STAGE28A,data/reports/stage28a_discovery_factory_batch_runner/stage28a_exact_trades.csv,calendar_time_risk_proxy_v1,calendar_keep_tue_wed_thu_h9_tp06_sl065,0.8475999999999658,-0.2024000000000341,-0.9024000000000338,0,0,0,0,0.2024000000000341,56.710000000000036,36.17000000000007,0.017694221730712507,14.86999999999989,0.2958977807666525,5.1899999999996,8.76199999999999,1.0,1.0,,,9,3,3.0,2024
2024-03-26 09:00:00+00:00|1.0|calendar_keep_tue_wed_thu_h9_tp06_sl065,2024-03-26 09:00:00+00:00,STAGE28A,data/reports/stage28a_discovery_factory_batch_runner/stage28a_exact_trades.csv,calendar_time_risk_proxy_v1,calendar_keep_tue_wed_thu_h9_tp06_sl065,0.5140000000000328,-0.5359999999999672,-1.235999999999967,0,0,0,0,0.5359999999999672,17.779999999999745,6.839999999999691,0.09941520467834314,30.460000000000036,0.8365068942875898,3.5599999999999454,3.3664999999999736,0.14,1.0,,,9,1,3.0,2024
2024-03-27 09:00:00+00:00|1.0|calendar_keep_tue_wed_thu_h9_tp06_sl065,2024-03-27 09:00:00+00:00,STAGE28A,data/reports/stage28a_discovery_factory_batch_runner/stage28a_exact_trades.csv,calendar_time_risk_proxy_v1,calendar_keep_tue_wed_thu_h9_tp06_sl065,-1.6282250000000205,-2.6782250000000203,-3.37822500000002,0,0,0,0,2.6782250000000203,32.460000000000036,8.480000000000018,0.12264150943395771,18.800000000000182,0.8202127659574427,3.550000000000182,4.830000000000018,0.636,1.0,,,9,2,3.0,2024
2024-03-28 09:00:00+00:00|1.0|calendar_keep_tue_wed_thu_h9_tp06_sl065,2024-03-28 09:00:00+00:00,STAGE28A,data/reports/stage28a_discovery_factory_batch_runner/stage28a_exact_trades.csv,calendar_time_risk_proxy_v1,calendar_keep_tue_wed_thu_h9_tp06_sl065,0.8899000000000342,-0.1600999999999657,-0.8600999999999654,0,0,0,0,0.1600999999999657,24.330000000000382,9.559999999999945,0.5041841004184301,22.920000000000073,0.7273123909249374,3.8299999999999272,4.437499999999977,0.484,1.0,,,9,3,3.0,2024
2024-04-02 09:00:00+00:00|1.0|calendar_keep_tue_wed_thu_h9_tp06_sl065,2024-04-02 09:00:00+00:00,STAGE28A,data/reports/stage28a_discovery_factory_batch_runner/stage28a_exact_trades.csv,calendar_time_risk_proxy_v1,calendar_keep_tue_wed_thu_h9_tp06_sl065,-1.8748999999998888,-2.9248999999998886,-3.624899999999888,0,0,0,0,2.9248999999998886,37.11999999999989,9.169999999999618,0.22246455834242623,16.440000000000055,0.5675182481751762,5.2400000000002365,7.114500000000021,0.796,1.0,,,9,1,4.0,2024
2024-04-03 09:00:00+00:00|-1.0|calendar_keep_tue_wed_thu_h9_tp06_sl065,2024-04-03 09:00:00+00:00,STAGE28A,data/reports/stage28a_discovery_factory_batch_runner/stage28a_exact_trades.csv,calendar_time_risk_proxy_v1,calendar_keep_tue_wed_thu_h9_tp06_sl065,-1.964274999999907,-3.014274999999907,-3.7142749999999065,0,0,0,0,3.014274999999907,35.35999999999967,11.590000000000146,0.28127696289906623,19.360000000000127,0.6714876033057807,5.029999999999745,7.535000000000037,0.792,-1.0,,,9,2,4.0,2024
2024-04-04 09:00:00+00:00|-1.0|calendar_keep_tue_wed_thu_h9_tp06_sl065,2024-04-04 09:00:00+00:00,STAGE28A,data/reports/stage28a_discovery_factory_batch_runner/stage28a_exact_trades.csv,calendar_time_risk_proxy_v1,calendar_keep_tue_wed_thu_h9_tp06_sl065,0.8944000000000415,-0.1555999999999584,-0.8555999999999582,0,0,0,0,0.1555999999999584,36.26999999999998,8.36999999999989,0.30943847072881475,9.809999999999945,0.5983690112130865,5.670000000000073,5.977999999999975,0.538,-1.0,,,9,3,4.0,2024
2024-04-09 09:00:00+00:00|1.0|calendar_keep_tue_wed_thu_h9_tp06_sl065,2024-04-09 09:00:00+00:00,STAGE28A,data/reports/stage28a_discovery_factory_batch_runner/stage28a_exact_trades.csv,calendar_time_risk_proxy_v1,calendar_keep_tue_wed_thu_h9_tp06_sl065,-2.057225000000108,-3.107225000000108,-3.8072250000001073,0,0,0,1,3.107225000000108,51.0300000000002,11.669999999999618,0.43958868894603914,22.269999999999982,0.8630444544230027,4.019999999999982,6.0535000000000085,0.436,1.0,,,9,1,4.0,2024
2024-04-10 09:00:00+00:00|1.0|calendar_keep_tue_wed_thu_h9_tp06_sl065,2024-04-10 09:00:00+00:00,STAGE28A,data/reports/stage28a_discovery_factory_batch_runner/stage28a_exact_trades.csv,calendar_time_risk_proxy_v1,calendar_keep_tue_wed_thu_h9_tp06_sl065,-1.9298249999998007,-2.9798249999998005,-3.6798249999998,0,0,0,0,2.9798249999998005,28.559999999999945,10.890000000000327,0.09641873278238296,14.990000000000236,0.24016010673784569,4.179999999999836,7.208000000000061,0.568,1.0,,,9,2,4.0,2024
2024-04-11 09:00:00+00:00|-1.0|calendar_keep_tue_wed_thu_h9_tp06_sl065,2024-04-11 09:00:00+00:00,STAGE28A,data/reports/stage28a_discovery_factory_batch_runner/stage28a_exact_trades.csv,calendar_time_risk_proxy_v1,calendar_keep_tue_wed_thu_h9_tp06_sl065,-2.1368499999999586,-3.1868499999999584,-3.886849999999958,0,0,0,1,3.1868499999999584,40.75,13.490000000000236,0.5937731653076074,20.360000000000127,0.6512770137524625,5.700000000000273,8.87199999999998,0.804,-1.0,,,9,3,4.0,2024
2024-04-16 09:00:00+00:00|-1.0|calendar_keep_tue_wed_thu_h9_tp06_sl065,2024-04-16 09:00:00+00:00,STAGE28A,data/reports/stage28a_discovery_factory_batch_runner/stage28a_exact_trades.csv,calendar_time_risk_proxy_v1,calendar_keep_tue_wed_thu_h9_tp06_sl065,-2.391975000000093,-3.441975000000093,-4.141975000000093,0,0,0,1,3.441975000000093,63.18000000000029,12.900000000000091,0.28062015503874926,25.980000000000018,0.6023864511162463,4.080000000000382,10.118000000000029,0.764,-1.0,,,9,1,4.0,2024
2024-04-17 09:00:00+00:00|1.0|calendar_keep_tue_wed_thu_h9_tp06_sl065,2024-04-17 09:00:00+00:00,STAGE28A,data/reports/stage28a_discovery_factory_batch_runner/stage28a_exact_trades.csv,calendar_time_risk_proxy_v1,calendar_keep_tue_wed_thu_h9_tp06_sl065,1.0350999999999655,-0.0149000000000341,-0.7149000000000338,0,0,0,0,0.0149000000000341,35.210000000000036,6.400000000000091,0.5015624999999986,21.559999999999945,0.4809833024118911,7.880000000000109,8.597000000000026,0.564,1.0,,,9,2,4.0,2024
2024-04-18 09:00:00+00:00|1.0|calendar_keep_tue_wed_thu_h9_tp06_sl065,2024-04-18 09:00:00+00:00,STAGE28A,data/reports/stage28a_discovery_factory_batch_runner/stage28a_exact_trades.csv,calendar_time_risk_proxy_v1,calendar_keep_tue_wed_thu_h9_tp06_sl065,1.1388999999998304,0.0888999999998305,-0.6111000000001692,1,0,0,0,0.0888999999998305,41.0,12.240000000000236,0.7802287581699344,7.890000000000327,0.6387832699619461,3.369999999999891,8.125000000000046,0.456,1.0,,,9,3,4.0,2024
2024-04-23 09:00:00+00:00|1.0|calendar_keep_tue_wed_thu_h9_tp06_sl065,2024-04-23 09:00:00+00:00,STAGE28A,data/reports/stage28a_discovery_factory_batch_runner/stage28a_exact_trades.csv,calendar_time_risk_proxy_v1,calendar_keep_tue_wed_thu_h9_tp06_sl065,3.769299999999839,2.7192999999998397,2.01929999999984,1,1,1,0,2.7192999999998397,63.82999999999993,38.82999999999993,0.7180015451970168,23.220000000000255,0.30146425495262374,10.470000000000255,9.953500000000009,0.764,1.0,,,9,1,4.0,2024
2024-04-24 09:00:00+00:00|-1.0|calendar_keep_tue_wed_thu_h9_tp06_sl065,2024-04-24 09:00:00+00:00,STAGE28A,data/reports/stage28a_discovery_factory_batch_runner/stage28a_exact_trades.csv,calendar_time_risk_proxy_v1,calendar_keep_tue_wed_thu_h9_tp06_sl065,-2.296100000000115,-3.346100000000115,-4.046100000000115,0,0,0,1,3.346100000000115,42.88000000000011,12.400000000000091,0.5016129032258233,19.4399999999996,0.6682098765432124,5.309999999999945,7.124000000000114,0.136,-1.0,,,9,2,4.0,2024
2024-04-25 09:00:00+00:00|1.0|calendar_keep_tue_wed_thu_h9_tp06_sl065,2024-04-25 09:00:00+00:00,STAGE28A,data/reports/stage28a_discovery_factory_batch_runner/stage28a_exact_trades.csv,calendar_time_risk_proxy_v1,calendar_keep_tue_wed_thu_h9_tp06_sl065,1.530999999999858,0.4809999999998582,-0.2190000000001415,1,0,1,0,0.4809999999998582,25.480000000000018,17.029999999999745,0.28185554903113647,16.4699999999998,0.7109896782028038,6.190000000000055,6.6869999999999665,0.112,1.0,,,9,3,4.0,2024
2024-04-30 09:00:00+00:00|-1.0|calendar_keep_tue_wed_thu_h9_tp06_sl065,2024-04-30 09:00:00+00:00,STAGE28A,data/reports/stage28a_discovery_factory_batch_runner/stage28a_exact_trades.csv,calendar_time_risk_proxy_v1,calendar_keep_tue_wed_thu_h9_tp06_sl065,1.1199999999997998,0.0699999999998,-0.6300000000001997,1,0,0,0,0.0699999999998,26.919999999999618,9.320000000000164,0.6115879828326366,18.879999999999654,0.7733050847457721,5.139999999999873,5.517500000000018,0.04,-1.0,,,9,1,4.0,2024
2024-05-01 09:00:00+00:00|1.0|calendar_keep_tue_wed_thu_h9_tp06_sl065,2024-05-01 09:00:00+00:00,STAGE28A,data/reports/stage28a_discovery_factory_batch_runner/stage28a_exact_trades.csv,calendar_time_risk_proxy_v1,calendar_keep_tue_wed_thu_h9_tp06_sl065,0.8751999999998589,-0.174800000000141,-0.8748000000001408,0,0,0,0,0.174800000000141,51.51000000000022,10.38000000000011,0.6984585741811102,11.5,0.6782608695652332,5.900000000000091,6.2380000000000795,0.192,1.0,,,9,2,5.0,2024
2024-05-02 09:00:00+00:00|-1.0|calendar_keep_tue_wed_thu_h9_tp06_sl065,2024-05-02 09:00:00+00:00,STAGE28A,data/reports/stage28a_discovery_factory_batch_runner/stage28a_exact_trades.csv,calendar_time_risk_proxy_v1,calendar_keep_tue_wed_thu_h9_tp06_sl065,1.0518999999998413,0.0018999999998414,-0.6981000000001583,1,0,0,0,0.0018999999998414,46.82999999999993,9.070000000000164,0.1422271223814708,22.340000000000146,0.8012533572068028,5.460000000000036,8.09500000000005,0.696,-1.0,,,9,3,5.0,2024
2024-05-07 09:00:00+00:00|-1.0|calendar_keep_tue_wed_thu_h9_tp06_sl065,2024-05-07 09:00:00+00:00,STAGE28A,data/reports/stage28a_discovery_factory_batch_runner/stage28a_exact_trades.csv,calendar_time_risk_proxy_v1,calendar_keep_tue_wed_thu_h9_tp06_sl065,1.0309000000001105,-0.0190999999998893,-0.719099999999889,0,0,0,0,0.0190999999998893,40.370000000000346,10.279999999999745,0.17217898832685075,13.360000000000127,0.8345808383233181,2.8799999999996544,5.944999999999982,0.2,-1.0,,,9,1,5.0,2024
2024-05-08 09:00:00+00:00|-1.0|calendar_keep_tue_wed_thu_h9_tp06_sl065,2024-05-08 09:00:00+00:00,STAGE28A,data/reports/stage28a_discovery_factory_batch_runner/stage28a_exact_trades.csv,calendar_time_risk_proxy_v1,calendar_keep_tue_wed_thu_h9_tp06_sl065,-1.8892000000001643,-2.9392000000001643,-3.639200000000164,0,0,0,0,2.9392000000001643,20.179999999999836,11.240000000000236,0.22775800711742808,17.86999999999989,0.35926133184108067,3.7100000000000364,4.822000000000048,0.04,-1.0,,,9,2,5.0,2024
2024-05-09 09:00:00+00:00|-1.0|calendar_keep_tue_wed_thu_h9_tp06_sl065,2024-05-09 09:00:00+00:00,STAGE28A,data/reports/stage28a_discovery_factory_batch_runner/stage28a_exact_trades.csv,calendar_time_risk_proxy_v1,calendar_keep_tue_wed_thu_h9_tp06_sl065,0.8515000000001237,-0.1984999999998762,-0.898499999999876,0,0,0,0,0.1984999999998762,17.86999999999989,4.970000000000255,0.5010060362173258,13.08999999999969,0.35752482811305936,5.309999999999945,4.488999999999964,0.012,-1.0,,,9,3,5.0,2024
2024-05-14 09:00:00+00:00|1.0|calendar_keep_tue_wed_thu_h9_tp06_sl065,2024-05-14 09:00:00+00:00,STAGE28A,data/reports/stage28a_discovery_factory_batch_runner/stage28a_exact_trades.csv,calendar_time_risk_proxy_v1,calendar_keep_tue_wed_thu_h9_tp06_sl065,0.871599999999853,-0.1784000000001468,-0.8784000000001466,0,0,0,0,0.1784000000001468,32.95000000000027,9.570000000000164,0.5862068965517274,12.2800000000002,0.2394136807817595,3.3099999999999454,4.491999999999985,0.044,1.0,,,9,1,5.0,2024
2024-05-15 09:00:00+00:00|1.0|calendar_keep_tue_wed_thu_h9_tp06_sl065,2024-05-15 09:00:00+00:00,STAGE28A,data/reports/stage28a_discovery_factory_batch_runner/stage28a_exact_trades.csv,calendar_time_risk_proxy_v1,calendar_keep_tue_wed_thu_h9_tp06_sl065,0.784599999999864,-0.2654000000001359,-0.9654000000001356,0,0,0,0,0.2654000000001359,24.920000000000073,6.110000000000127,0.46808510638298984,18.5300000000002,0.47706422018348893,3.3299999999999272,4.844000000000028,0.148,1.0,,,9,2,5.0,2024
2024-05-16 09:00:00+00:00|-1.0|calendar_keep_tue_wed_thu_h9_tp06_sl065,2024-05-16 09:00:00+00:00,STAGE28A,data/reports/stage28a_discovery_factory_batch_runner/stage28a_exact_trades.csv,calendar_time_risk_proxy_v1,calendar_keep_tue_wed_thu_h9_tp06_sl065,-2.128075000000172,-3.178075000000172,-3.8780750000001714,0,0,0,1,3.178075000000172,38.40000000000009,13.050000000000182,0.029885057471289042,10.909999999999854,0.31072410632446545,4.300000000000182,7.878500000000054,0.84,-1.0,,,9,3,5.0,2024
2024-05-21 09:00:00+00:00|1.0|calendar_keep_tue_wed_thu_h9_tp06_sl065,2024-05-21 09:00:00+00:00,STAGE28A,data/reports/stage28a_discovery_factory_batch_runner/stage28a_exact_trades.csv,calendar_time_risk_proxy_v1,calendar_keep_tue_wed_thu_h9_tp06_sl065,-3.301000000000022,-4.351000000000022,-5.0510000000000215,0,0,0,1,4.351000000000022,42.86999999999989,26.63000000000011,0.5005632745024361,13.569999999999709,0.19012527634491064,5.769999999999982,8.472499999999991,0.908,1.0,,,9,1,5.0,2024
2024-05-22 09:00:00+00:00|1.0|calendar_keep_tue_wed_thu_h9_tp06_sl065,2024-05-22 09:00:00+00:00,STAGE28A,data/reports/stage28a_discovery_factory_batch_runner/stage28a_exact_trades.csv,calendar_time_risk_proxy_v1,calendar_keep_tue_wed_thu_h9_tp06_sl065,1.511199999999826,0.4611999999998262,-0.2388000000001735,1,0,1,0,0.4611999999998262,27.610000000000127,13.980000000000018,0.5615164520744172,7.930000000000291,0.3947036569987382,5.869999999999891,5.526499999999965,0.448,1.0,,,9,2,5.0,2024
2024-05-23 09:00:00+00:00|-1.0|calendar_keep_tue_wed_thu_h9_tp06_sl065,2024-05-23 09:00:00+00:00,STAGE28A,data/reports/stage28a_discovery_factory_batch_runner/stage28a_exact_trades.csv,calendar_time_risk_proxy_v1,calendar_keep_tue_wed_thu_h9_tp06_sl065,2.052099999999791,1.0020999999997913,0.3020999999997915,1,1,1,0,1.0020999999997913,51.76999999999998,16.980000000000018,0.47820965842166563,19.029999999999745,0.44245927482922676,14.720000000000255,7.9685000000000175,0.848,-1.0,,,9,3,5.0,2024
2024-05-28 09:00:00+00:00|-1.0|calendar_keep_tue_wed_thu_h9_tp06_sl065,2024-05-28 09:00:00+00:00,STAGE28A,data/reports/stage28a_discovery_factory_batch_runner/stage28a_exact_trades.csv,calendar_time_risk_proxy_v1,calendar_keep_tue_wed_thu_h9_tp06_sl065,-1.8131500000000416,-2.8631500000000414,-3.563150000000041,0,0,0,0,2.8631500000000414,26.420000000000073,7.220000000000255,0.17313019390581108,13.699999999999818,0.5335766423357695,4.150000000000091,3.981500000000051,0.016,-1.0,,,9,1,5.0,2024
2024-05-29 09:00:00+00:00|-1.0|calendar_keep_tue_wed_thu_h9_tp06_sl065,2024-05-29 09:00:00+00:00,STAGE28A,data/reports/stage28a_discovery_factory_batch_runner/stage28a_exact_trades.csv,calendar_time_risk_proxy_v1,calendar_keep_tue_wed_thu_h9_tp06_sl065,-1.847600000000148,-2.897600000000148,-3.597600000000148,0,0,0,0,2.897600000000148,24.059999999999945,7.930000000000291,0.12862547288776097,20.700000000000273,0.6120772946859638,4.870000000000346,5.513000000000079,0.396,-1.0,,,9,2,5.0,2024
2024-05-30 09:00:00+00:00|1.0|calendar_keep_tue_wed_thu_h9_tp06_sl065,2024-05-30 09:00:00+00:00,STAGE28A,data/reports/stage28a_discovery_factory_batch_runner/stage28a_exact_trades.csv,calendar_time_risk_proxy_v1,calendar_keep_tue_wed_thu_h9_tp06_sl065,-2.34127499999986,-3.3912749999998595,-4.091274999999859,0,0,0,1,3.3912749999998595,28.059999999999945,11.800000000000182,0.2771186440677908,15.559999999999945,0.06876606683805704,13.230000000000018,5.715000000000077,0.52,1.0,,,9,3,5.0,2024
2024-06-04 09:00:00+00:00|-1.0|calendar_keep_tue_wed_thu_h9_tp06_sl065,2024-06-04 09:00:00+00:00,STAGE28A,data/reports/stage28a_discovery_factory_batch_runner/stage28a_exact_trades.csv,calendar_time_risk_proxy_v1,calendar_keep_tue_wed_thu_h9_tp06_sl065,0.978399999999874,-0.0716000000001257,-0.7716000000001255,0,0,0,0,0.0716000000001257,40.159999999999854,9.600000000000364,0.5281249999999971,25.079999999999927,0.6399521531100569,2.3099999999999454,5.251999999999976,0.216,-1.0,,,9,1,6.0,2024
2024-06-05 09:00:00+00:00|-1.0|calendar_keep_tue_wed_thu_h9_tp06_sl065,2024-06-05 09:00:00+00:00,STAGE28A,data/reports/stage28a_discovery_factory_batch_runner/stage28a_exact_trades.csv,calendar_time_risk_proxy_v1,calendar_keep_tue_wed_thu_h9_tp06_sl065,-1.8365500000000796,-2.886550000000079,-3.586550000000079,0,0,0,0,2.886550000000079,37.41000000000031,12.010000000000218,0.7993338884262893,13.579999999999927,0.3645066273932139,4.289999999999964,5.559999999999991,0.436,-1.0,,,9,2,6.0,2024
2024-06-06 09:00:00+00:00|-1.0|calendar_keep_tue_wed_thu_h9_tp06_sl065,2024-06-06 09:00:00+00:00,STAGE28A,data/reports/stage28a_discovery_factory_batch_runner/stage28a_exact_trades.csv,calendar_time_risk_proxy_v1,calendar_keep_tue_wed_thu_h9_tp06_sl065,1.4947000000001025,0.4447000000001027,-0.255299999999897,1,0,1,0,0.4447000000001027,31.670000000000073,20.389999999999873,0.564982834722906,12.929999999999836,0.5359628770301565,5.039999999999964,6.170999999999935,0.684,-1.0,,,9,3,6.0,2024
2024-06-11 09:00:00+00:00|1.0|calendar_keep_tue_wed_thu_h9_tp06_sl065,2024-06-11 09:00:00+00:00,STAGE28A,data/reports/stage28a_discovery_factory_batch_runner/stage28a_exact_trades.csv,calendar_time_risk_proxy_v1,calendar_keep_tue_wed_thu_h9_tp06_sl065,-2.0240749999999026,-3.0740749999999024,-3.774074999999902,0,0,0,1,3.0740749999999024,25.990000000000236,13.549999999999727,0.4479704797048181,9.990000000000236,0.2662662662662454,6.619999999999891,4.5864999999999325,0.104,1.0,,,9,1,6.0,2024
2024-06-12 09:00:00+00:00|-1.0|calendar_keep_tue_wed_thu_h9_tp06_sl065,2024-06-12 09:00:00+00:00,STAGE28A,data/reports/stage28a_discovery_factory_batch_runner/stage28a_exact_trades.csv,calendar_time_risk_proxy_v1,calendar_keep_tue_wed_thu_h9_tp06_sl065,-1.6266000000001442,-2.676600000000144,-3.376600000000144,0,0,0,0,2.676600000000144,22.36999999999989,6.8400000000001455,0.42690058479532317,6.910000000000309,0.00289435600578595,3.0399999999999636,4.5479999999999565,0.06,-1.0,,,9,2,6.0,2024
2024-06-13 09:00:00+00:00|1.0|calendar_keep_tue_wed_thu_h9_tp06_sl065,2024-06-13 09:00:00+00:00,STAGE28A,data/reports/stage28a_discovery_factory_batch_runner/stage28a_exact_trades.csv,calendar_time_risk_proxy_v1,calendar_keep_tue_wed_thu_h9_tp06_sl065,1.3488999999998668,0.2988999999998669,-0.4011000000001328,1,0,1,0,0.2988999999998669,31.039999999999964,16.460000000000036,0.4696233292831106,9.580000000000382,0.12526096033400524,3.300000000000182,7.6789999999999505,0.912,1.0,,,9,3,6.0,2024
2024-06-18 09:00:00+00:00|-1.0|calendar_keep_tue_wed_thu_h9_tp06_sl065,2024-06-18 09:00:00+00:00,STAGE28A,data/reports/stage28a_discovery_factory_batch_runner/stage28a_exact_trades.csv,calendar_time_risk_proxy_v1,calendar_keep_tue_wed_thu_h9_tp06_sl065,-1.659099999999944,-2.709099999999944,-3.409099999999944,0,0,0,0,2.709099999999944,23.170000000000073,6.5,0.5292307692307776,14.090000000000146,0.9488999290276939,4.319999999999709,4.5835000000000035,0.104,-1.0,,,9,1,6.0,2024
2024-06-19 09:00:00+00:00|1.0|calendar_keep_tue_wed_thu_h9_tp06_sl065,2024-06-19 09:00:00+00:00,STAGE28A,data/reports/stage28a_discovery_factory_batch_runner/stage28a_exact_trades.csv,calendar_time_risk_proxy_v1,calendar_keep_tue_wed_thu_h9_tp06_sl065,-1.1930499999999484,-2.2430499999999483,-2.943049999999948,0,0,0,0,2.2430499999999483,26.699999999999818,5.2199999999998,0.003831417624517735,8.190000000000055,0.020757020757029503,3.269999999999982,4.828499999999963,0.22,1.0,,,9,2,6.0,2024
2024-06-20 09:00:00+00:00|-1.0|calendar_keep_tue_wed_thu_h9_tp06_sl065,2024-06-20 09:00:00+00:00,STAGE28A,data/reports/stage28a_discovery_factory_batch_runner/stage28a_exact_trades.csv,calendar_time_risk_proxy_v1,calendar_keep_tue_wed_thu_h9_tp06_sl065,1.0642000000001643,0.0142000000001645,-0.6857999999998352,1,0,0,0,0.0142000000001645,11.2800000000002,11.260000000000218,0.3152753108348235,14.260000000000218,0.03366058906030932,5.129999999999654,3.887000000000012,0.088,-1.0,,,9,3,6.0,2024
2024-06-25 09:00:00+00:00|1.0|calendar_keep_tue_wed_thu_h9_tp06_sl065,2024-06-25 09:00:00+00:00,STAGE28A,data/reports/stage28a_discovery_factory_batch_runner/stage28a_exact_trades.csv,calendar_time_risk_proxy_v1,calendar_keep_tue_wed_thu_h9_tp06_sl065,0.9688000000000102,-0.0811999999999897,-0.7811999999999895,0,0,0,0,0.0811999999999897,17.15000000000009,11.150000000000091,0.6852017937219969,11.319999999999709,0.7915194346289989,5.579999999999927,4.092999999999916,0.128,1.0,,,9,1,6.0,2024
2024-06-26 09:00:00+00:00|-1.0|calendar_keep_tue_wed_thu_h9_tp06_sl065,2024-06-26 09:00:00+00:00,STAGE28A,data/reports/stage28a_discovery_factory_batch_runner/stage28a_exact_trades.csv,calendar_time_risk_proxy_v1,calendar_keep_tue_wed_thu_h9_tp06_sl065,-2.1934000000002016,-3.243400000000201,-3.943400000000201,0,0,0,1,3.243400000000201,21.789999999999964,13.350000000000364,0.2636704119850102,8.690000000000055,0.11047180667434181,6.3400000000001455,5.681500000000051,0.644,-1.0,,,9,2,6.0,2024
2024-06-27 09:00:00+00:00|1.0|calendar_keep_tue_wed_thu_h9_tp06_sl065,2024-06-27 09:00:00+00:00,STAGE28A,data/reports/stage28a_discovery_factory_batch_runner/stage28a_exact_trades.csv,calendar_time_risk_proxy_v1,calendar_keep_tue_wed_thu_h9_tp06_sl065,-1.3653000000000248,-2.4153000000000246,-3.1153000000000244,0,0,0,0,2.4153000000000246,30.350000000000364,3.3899999999998727,0.22123893805310565,17.429999999999836,0.7917383820998457,3.769999999999982,4.662499999999977,0.264,1.0,,,9,3,6.0,2024
2024-07-02 09:00:00+00:00|1.0|calendar_keep_tue_wed_thu_h9_tp06_sl065,2024-07-02 09:00:00+00:00,STAGE28A,data/reports/stage28a_discovery_factory_batch_runner/stage28a_exact_trades.csv,calendar_time_risk_proxy_v1,calendar_keep_tue_wed_thu_h9_tp06_sl065,-1.5021250000000692,-2.552125000000069,-3.2521250000000688,0,0,0,0,2.552125000000069,20.0,8.61999999999989,0.6705336426913943,9.099999999999909,0.1329670329670383,4.4699999999998,4.686500000000024,0.408,1.0,,,9,1,7.0,2024
2024-07-03 09:00:00+00:00|1.0|calendar_keep_tue_wed_thu_h9_tp06_sl065,2024-07-03 09:00:00+00:00,STAGE28A,data/reports/stage28a_discovery_factory_batch_runner/stage28a_exact_trades.csv,calendar_time_risk_proxy_v1,calendar_keep_tue_wed_thu_h9_tp06_sl065,-1.445249999999851,-2.4952499999998508,-3.1952499999998505,0,0,0,0,2.4952499999998508,17.820000000000164,5.660000000000309,0.28798586572430485,15.799999999999727,0.9164556962025199,3.800000000000182,4.594500000000016,0.364,1.0,,,9,2,7.0,2024
2024-07-04 09:00:00+00:00|1.0|calendar_keep_tue_wed_thu_h9_tp06_sl065,2024-07-04 09:00:00+00:00,STAGE28A,data/reports/stage28a_discovery_factory_batch_runner/stage28a_exact_trades.csv,calendar_time_risk_proxy_v1,calendar_keep_tue_wed_thu_h9_tp06_sl065,0.8470000000001164,-0.2029999999998835,-0.9029999999998832,0,0,0,0,0.2029999999998835,38.039999999999964,6.5900000000001455,0.12139605462824951,9.259999999999764,0.0377969762419409,3.0599999999999454,4.768499999999972,0.396,1.0,,,9,3,7.0,2024
2024-07-09 09:00:00+00:00|-1.0|calendar_keep_tue_wed_thu_h9_tp06_sl065,2024-07-09 09:00:00+00:00,STAGE28A,data/reports/stage28a_discovery_factory_batch_runner/stage28a_exact_trades.csv,calendar_time_risk_proxy_v1,calendar_keep_tue_wed_thu_h9_tp06_sl065,0.8958999999998923,-0.1541000000001076,-0.8541000000001073,0,0,0,0,0.1541000000001076,40.36999999999989,9.490000000000236,0.8303477344573144,10.409999999999854,0.3170028818443586,4.179999999999836,5.163499999999976,0.592,-1.0,,,9,1,7.0,2024
2024-07-10 09:00:00+00:00|1.0|calendar_keep_tue_wed_thu_h9_tp06_sl065,2024-07-10 09:00:00+00:00,STAGE28A,data/reports/stage28a_discovery_factory_batch_runner/stage28a_exact_trades.csv,calendar_time_risk_proxy_v1,calendar_keep_tue_wed_thu_h9_tp06_sl065,0.794800000000032,-0.2551999999999679,-0.9551999999999676,0,0,0,0,0.2551999999999679,22.20999999999958,7.329999999999927,0.5184174624829767,8.309999999999945,0.4500601684716975,2.949999999999818,4.9705000000000155,0.474,1.0,,,9,2,7.0,2024
2024-07-11 09:00:00+00:00|1.0|calendar_keep_tue_wed_thu_h9_tp06_sl065,2024-07-11 09:00:00+00:00,STAGE28A,data/reports/stage28a_discovery_factory_batch_runner/stage28a_exact_trades.csv,calendar_time_risk_proxy_v1,calendar_keep_tue_wed_thu_h9_tp06_sl065,0.5685999999999695,-0.4814000000000304,-1.1814000000000302,0,0,0,0,0.4814000000000304,23.670000000000073,9.08999999999969,0.6567656765677071,6.099999999999909,0.8606557377049309,1.7900000000004184,4.209500000000025,0.232,1.0,,,9,3,7.0,2024
2024-07-16 09:00:00+00:00|1.0|calendar_keep_tue_wed_thu_h9_tp06_sl065,2024-07-16 09:00:00+00:00,STAGE28A,data/reports/stage28a_discovery_factory_batch_runner/stage28a_exact_trades.csv,calendar_time_risk_proxy_v1,calendar_keep_tue_wed_thu_h9_tp06_sl065,1.1197000000001025,0.0697000000001026,-0.630299999999897,1,0,0,0,0.0697000000001026,38.409999999999854,11.559999999999945,0.6643598615916845,18.269999999999982,0.75478927203065,4.639999999999873,5.41700000000003,0.684,1.0,,,9,1,7.0,2024
2024-07-17 09:00:00+00:00|1.0|calendar_keep_tue_wed_thu_h9_tp06_sl065,2024-07-17 09:00:00+00:00,STAGE28A,data/reports/stage28a_discovery_factory_batch_runner/stage28a_exact_trades.csv,calendar_time_risk_proxy_v1,calendar_keep_tue_wed_thu_h9_tp06_sl065,-2.9701500000001944,-4.020150000000195,-4.720150000000194,0,0,0,1,4.020150000000195,49.659999999999854,18.299999999999727,0.15191256830602412,17.019999999999982,0.18801410105759556,5.5900000000001455,7.71400000000001,0.992,1.0,,,9,2,7.0,2024
2024-07-18 09:00:00+00:00|-1.0|calendar_keep_tue_wed_thu_h9_tp06_sl065,2024-07-18 09:00:00+00:00,STAGE28A,data/reports/stage28a_discovery_factory_batch_runner/stage28a_exact_trades.csv,calendar_time_risk_proxy_v1,calendar_keep_tue_wed_thu_h9_tp06_sl065,1.1845000000002073,0.1345000000002074,-0.5654999999997923,1,0,0,0,0.1345000000002074,32.25999999999976,11.519999999999982,0.7647569444444409,10.329999999999927,0.23523717328168958,4.920000000000073,6.605000000000041,0.796,-1.0,,,9,3,7.0,2024
2024-07-23 09:00:00+00:00|1.0|calendar_keep_tue_wed_thu_h9_tp06_sl065,2024-07-23 09:00:00+00:00,STAGE28A,data/reports/stage28a_discovery_factory_batch_runner/stage28a_exact_trades.csv,calendar_time_risk_proxy_v1,calendar_keep_tue_wed_thu_h9_tp06_sl065,1.1764000000001942,0.1264000000001943,-0.5735999999998054,1,0,0,0,0.1264000000001943,28.23999999999978,9.199999999999818,0.34239130434784276,20.019999999999982,0.43806193806193755,6.079999999999927,5.550500000000056,0.456,1.0,,,9,1,7.0,2024
2024-07-24 09:00:00+00:00|-1.0|calendar_keep_tue_wed_thu_h9_tp06_sl065,2024-07-24 09:00:00+00:00,STAGE28A,data/reports/stage28a_discovery_factory_batch_runner/stage28a_exact_trades.csv,calendar_time_risk_proxy_v1,calendar_keep_tue_wed_thu_h9_tp06_sl065,1.46230000000005,0.4123000000000503,-0.2876999999999494,1,0,1,0,0.4123000000000503,23.950000000000273,13.399999999999636,0.53358208955226,9.379999999999654,0.32622601279323166,4.9099999999998545,4.564999999999964,0.114,-1.0,,,9,2,7.0,2024
2024-07-25 09:00:00+00:00|-1.0|calendar_keep_tue_wed_thu_h9_tp06_sl065,2024-07-25 09:00:00+00:00,STAGE28A,data/reports/stage28a_discovery_factory_batch_runner/stage28a_exact_trades.csv,calendar_time_risk_proxy_v1,calendar_keep_tue_wed_thu_h9_tp06_sl065,2.891199999999935,1.8411999999999356,1.1411999999999356,1,1,1,0,1.8411999999999356,35.4699999999998,34.38999999999987,0.6685082872928138,12.909999999999854,0.0859798605732099,8.779999999999745,8.365999999999962,0.98,-1.0,,,9,3,7.0,2024
2024-07-30 09:00:00+00:00|1.0|calendar_keep_tue_wed_thu_h9_tp06_sl065,2024-07-30 09:00:00+00:00,STAGE28A,data/reports/stage28a_discovery_factory_batch_runner/stage28a_exact_trades.csv,calendar_time_risk_proxy_v1,calendar_keep_tue_wed_thu_h9_tp06_sl065,1.08730000000005,0.0373000000000502,-0.6626999999999494,1,0,0,0,0.0373000000000502,33.460000000000036,9.460000000000036,0.18181818181820805,6.4099999999998545,0.5397815912636684,3.7899999999999636,5.608000000000038,0.264,1.0,,,9,1,7.0,2024
2024-07-31 09:00:00+00:00|1.0|calendar_keep_tue_wed_thu_h9_tp06_sl065,2024-07-31 09:00:00+00:00,STAGE28A,data/reports/stage28a_discovery_factory_batch_runner/stage28a_exact_trades.csv,calendar_time_risk_proxy_v1,calendar_keep_tue_wed_thu_h9_tp06_sl065,1.7454999999999017,0.6954999999999019,-0.0045000000000978,1,0,1,0,0.6954999999999019,36.43000000000029,15.139999999999873,0.47159841479523995,10.990000000000236,0.4003639672429478,4.779999999999745,6.390500000000065,0.512,1.0,,,9,2,7.0,2024
2024-08-01 09:00:00+00:00|-1.0|calendar_keep_tue_wed_thu_h9_tp06_sl065,2024-08-01 09:00:00+00:00,STAGE28A,data/reports/stage28a_discovery_factory_batch_runner/stage28a_exact_trades.csv,calendar_time_risk_proxy_v1,calendar_keep_tue_wed_thu_h9_tp06_sl065,-2.711124999999902,-3.7611249999999017,-4.461124999999901,0,0,0,1,3.7611249999999017,46.98999999999978,20.950000000000273,0.23293556085919073,18.829999999999927,0.5268189060010439,4.349999999999909,7.0049999999999955,0.776,-1.0,,,9,3,8.0,2024
2024-08-06 09:00:00+00:00|1.0|calendar_keep_tue_wed_thu_h9_tp06_sl065,2024-08-06 09:00:00+00:00,STAGE28A,data/reports/stage28a_discovery_factory_batch_runner/stage28a_exact_trades.csv,calendar_time_risk_proxy_v1,calendar_keep_tue_wed_thu_h9_tp06_sl065,1.908400000000165,0.8584000000001653,0.1584000000001655,1,1,1,0,0.8584000000001653,94.65999999999985,13.960000000000036,0.005014326647576184,20.720000000000255,0.20945945945944197,13.66000000000031,11.170500000000107,0.856,1.0,,,9,1,8.0,2024
2024-08-07 09:00:00+00:00|1.0|calendar_keep_tue_wed_thu_h9_tp06_sl065,2024-08-07 09:00:00+00:00,STAGE28A,data/reports/stage28a_discovery_factory_batch_runner/stage28a_exact_trades.csv,calendar_time_risk_proxy_v1,calendar_keep_tue_wed_thu_h9_tp06_sl065,-2.755975000000126,-3.805975000000126,-4.5059750000001255,0,0,0,1,3.805975000000126,36.63000000000011,11.710000000000036,0.22715627668657953,11.829999999999927,0.7007607776838558,7.600000000000364,7.6580000000000155,0.584,1.0,,,9,2,8.0,2024
2024-08-08 09:00:00+00:00|1.0|calendar_keep_tue_wed_thu_h9_tp06_sl065,2024-08-08 09:00:00+00:00,STAGE28A,data/reports/stage28a_discovery_factory_batch_runner/stage28a_exact_trades.csv,calendar_time_risk_proxy_v1,calendar_keep_tue_wed_thu_h9_tp06_sl065,-2.1043500000001587,-3.1543500000001585,-3.8543500000001583,0,0,0,1,3.1543500000001585,28.01000000000022,14.150000000000091,0.7519434628975127,15.019999999999982,0.1291611185086589,3.019999999999982,5.954000000000019,0.148,1.0,,,9,3,8.0,2024
2024-08-13 09:00:00+00:00|-1.0|calendar_keep_tue_wed_thu_h9_tp06_sl065,2024-08-13 09:00:00+00:00,STAGE28A,data/reports/stage28a_discovery_factory_batch_runner/stage28a_exact_trades.csv,calendar_time_risk_proxy_v1,calendar_keep_tue_wed_thu_h9_tp06_sl065,-2.1667499999999564,-3.2167499999999563,-3.916749999999956,0,0,0,1,3.2167499999999563,50.149999999999636,16.190000000000055,0.6331068560840003,7.660000000000309,0.3694516971279129,5.8400000000001455,6.060000000000036,0.34,-1.0,,,9,1,8.0,2024
2024-08-14 09:00:00+00:00|1.0|calendar_keep_tue_wed_thu_h9_tp06_sl065,2024-08-14 09:00:00+00:00,STAGE28A,data/reports/stage28a_discovery_factory_batch_runner/stage28a_exact_trades.csv,calendar_time_risk_proxy_v1,calendar_keep_tue_wed_thu_h9_tp06_sl065,1.288899999999921,0.2388999999999215,-0.4611000000000782,1,0,1,0,0.2388999999999215,18.51000000000022,17.210000000000036,0.2719349215572505,19.289999999999964,0.6174183514774431,3.269999999999982,5.4965000000000375,0.1,1.0,,,9,2,8.0,2024
2024-08-15 09:00:00+00:00|1.0|calendar_keep_tue_wed_thu_h9_tp06_sl065,2024-08-15 09:00:00+00:00,STAGE28A,data/reports/stage28a_discovery_factory_batch_runner/stage28a_exact_trades.csv,calendar_time_risk_proxy_v1,calendar_keep_tue_wed_thu_h9_tp06_sl065,-1.7253999999998997,-2.7753999999998995,-3.4753999999998992,0,0,0,0,2.7753999999998995,41.86000000000013,7.900000000000091,0.7367088607595059,8.480000000000018,0.36320754716980197,4.710000000000036,6.20150000000001,0.364,1.0,,,9,3,8.0,2024
2024-08-20 09:00:00+00:00|1.0|calendar_keep_tue_wed_thu_h9_tp06_sl065,2024-08-20 09:00:00+00:00,STAGE28A,data/reports/stage28a_discovery_factory_batch_runner/stage28a_exact_trades.csv,calendar_time_risk_proxy_v1,calendar_keep_tue_wed_thu_h9_tp06_sl065,1.0878999999998995,0.0378999999998996,-0.6621000000001,1,0,0,0,0.0378999999998996,23.800000000000182,9.5,0.2642105263157646,27.909999999999854,0.7115729129344404,4.279999999999745,5.118999999999983,0.072,1.0,,,9,1,8.0,2024
2024-08-21 09:00:00+00:00|-1.0|calendar_keep_tue_wed_thu_h9_tp06_sl065,2024-08-21 09:00:00+00:00,STAGE28A,data/reports/stage28a_discovery_factory_batch_runner/stage28a_exact_trades.csv,calendar_time_risk_proxy_v1,calendar_keep_tue_wed_thu_h9_tp06_sl065,-2.14464999999982,-3.1946499999998195,-3.894649999999819,0,0,0,1,3.1946499999998195,34.36999999999989,9.070000000000164,0.2987872105843426,15.009999999999764,0.7854763491006096,3.5100000000002183,6.192000000000076,0.496,-1.0,,,9,2,8.0,2024
2024-08-22 09:00:00+00:00|1.0|calendar_keep_tue_wed_thu_h9_tp06_sl065,2024-08-22 09:00:00+00:00,STAGE28A,data/reports/stage28a_discovery_factory_batch_runner/stage28a_exact_trades.csv,calendar_time_risk_proxy_v1,calendar_keep_tue_wed_thu_h9_tp06_sl065,-2.0673000000002504,-3.11730000000025,-3.81730000000025,0,0,0,1,3.11730000000025,26.590000000000146,14.809999999999945,0.7758271438217609,11.340000000000146,0.4276895943562876,5.580000000000382,6.197000000000003,0.528,1.0,,,9,3,8.0,2024
2024-08-27 09:00:00+00:00|1.0|calendar_keep_tue_wed_thu_h9_tp06_sl065,2024-08-27 09:00:00+00:00,STAGE28A,data/reports/stage28a_discovery_factory_batch_runner/stage28a_exact_trades.csv,calendar_time_risk_proxy_v1,calendar_keep_tue_wed_thu_h9_tp06_sl065,-1.910649999999896,-2.960649999999896,-3.660649999999896,0,0,0,0,2.960649999999896,18.050000000000182,11.989999999999782,0.6905754795662966,13.979999999999563,0.006437768240353958,7.190000000000055,4.811000000000012,0.096,1.0,,,9,1,8.0,2024
2024-08-28 09:00:00+00:00|-1.0|calendar_keep_tue_wed_thu_h9_tp06_sl065,2024-08-28 09:00:00+00:00,STAGE28A,data/reports/stage28a_discovery_factory_batch_runner/stage28a_exact_trades.csv,calendar_time_risk_proxy_v1,calendar_keep_tue_wed_thu_h9_tp06_sl065,1.165899999999874,0.1158999999998742,-0.5841000000001255,1,0,0,0,0.1158999999998742,22.4399999999996,15.88000000000011,0.6190176322418047,12.849999999999909,0.4513618677042621,6.190000000000055,5.527000000000044,0.332,-1.0,,,9,2,8.0,2024
2024-08-29 09:00:00+00:00|1.0|calendar_keep_tue_wed_thu_h9_tp06_sl065,2024-08-29 09:00:00+00:00,STAGE28A,data/reports/stage28a_discovery_factory_batch_runner/stage28a_exact_trades.csv,calendar_time_risk_proxy_v1,calendar_keep_tue_wed_thu_h9_tp06_sl065,-1.6776249999998982,-2.727624999999898,-3.427624999999898,0,0,0,0,2.727624999999898,35.45000000000027,12.860000000000127,0.7449455676516199,10.539999999999964,0.5910815939278975,6.129999999999654,5.296499999999992,0.276,1.0,,,9,3,8.0,2024
2024-09-03 09:00:00+00:00|1.0|calendar_keep_tue_wed_thu_h9_tp06_sl065,2024-09-03 09:00:00+00:00,STAGE28A,data/reports/stage28a_discovery_factory_batch_runner/stage28a_exact_trades.csv,calendar_time_risk_proxy_v1,calendar_keep_tue_wed_thu_h9_tp06_sl065,-1.8485750000000736,-2.8985750000000734,-3.598575000000073,0,0,0,0,2.8985750000000734,17.240000000000236,10.08999999999969,0.2775024777007203,13.659999999999854,0.4612005856515223,3.2199999999998,3.45799999999997,0.004,1.0,,,9,1,9.0,2024
2024-09-04 09:00:00+00:00|-1.0|calendar_keep_tue_wed_thu_h9_tp06_sl065,2024-09-04 09:00:00+00:00,STAGE28A,data/reports/stage28a_discovery_factory_batch_runner/stage28a_exact_trades.csv,calendar_time_risk_proxy_v1,calendar_keep_tue_wed_thu_h9_tp06_sl065,-1.505699999999797,-2.555699999999797,-3.2556999999997966,0,0,0,0,2.555699999999797,32.80000000000018,5.679999999999836,0.32922535211266635,24.890000000000327,0.5355564483728488,3.8099999999999454,6.812999999999988,0.904,-1.0,,,9,2,9.0,2024
2024-09-05 09:00:00+00:00|1.0|calendar_keep_tue_wed_thu_h9_tp06_sl065,2024-09-05 09:00:00+00:00,STAGE28A,data/reports/stage28a_discovery_factory_batch_runner/stage28a_exact_trades.csv,calendar_time_risk_proxy_v1,calendar_keep_tue_wed_thu_h9_tp06_sl065,-1.5875999999999295,-2.6375999999999293,-3.337599999999929,0,0,0,0,2.6375999999999293,28.620000000000346,4.880000000000109,0.08811475409832514,23.409999999999854,0.8821016659547296,8.38000000000011,4.761500000000046,0.172,1.0,,,9,3,9.0,2024
2024-09-10 09:00:00+00:00|-1.0|calendar_keep_tue_wed_thu_h9_tp06_sl065,2024-09-10 09:00:00+00:00,STAGE28A,data/reports/stage28a_discovery_factory_batch_runner/stage28a_exact_trades.csv,calendar_time_risk_proxy_v1,calendar_keep_tue_wed_thu_h9_tp06_sl065,0.5856999999999971,-0.4643000000000028,-1.1643000000000026,0,0,0,0,0.4643000000000028,21.75,6.220000000000255,0.7202572347266616,7.599999999999909,0.4552631578947471,4.1899999999996,4.343499999999972,0.104,-1.0,,,9,1,9.0,2024
2024-09-11 09:00:00+00:00|1.0|calendar_keep_tue_wed_thu_h9_tp06_sl065,2024-09-11 09:00:00+00:00,STAGE28A,data/reports/stage28a_discovery_factory_batch_runner/stage28a_exact_trades.csv,calendar_time_risk_proxy_v1,calendar_keep_tue_wed_thu_h9_tp06_sl065,-1.7253999999998997,-2.7753999999998995,-3.4753999999998992,0,0,0,0,2.7753999999998995,18.289999999999964,7.5300000000002,0.3917662682602576,10.460000000000036,0.35946462715107125,3.149999999999636,4.500500000000057,0.164,1.0,,,9,2,9.0,2024
2024-09-12 09:00:00+00:00|1.0|calendar_keep_tue_wed_thu_h9_tp06_sl065,2024-09-12 09:00:00+00:00,STAGE28A,data/reports/stage28a_discovery_factory_batch_runner/stage28a_exact_trades.csv,calendar_time_risk_proxy_v1,calendar_keep_tue_wed_thu_h9_tp06_sl065,0.5725000000001274,-0.4774999999998726,-1.1774999999998723,0,0,0,0,0.4774999999998726,28.09999999999991,5.139999999999873,0.5992217898832691,7.850000000000364,0.36687898089171667,2.7100000000000364,4.923499999999922,0.384,1.0,,,9,3,9.0,2024
2024-09-17 09:00:00+00:00|1.0|calendar_keep_tue_wed_thu_h9_tp06_sl065,2024-09-17 09:00:00+00:00,STAGE28A,data/reports/stage28a_discovery_factory_batch_runner/stage28a_exact_trades.csv,calendar_time_risk_proxy_v1,calendar_keep_tue_wed_thu_h9_tp06_sl065,-1.821599999999853,-2.871599999999853,-3.5715999999998527,0,0,0,0,2.871599999999853,14.300000000000182,9.539999999999964,0.6006289308176143,15.289999999999964,0.23806409417919433,5.010000000000218,4.73850000000009,0.32,1.0,,,9,1,9.0,2024
2024-09-18 09:00:00+00:00|-1.0|calendar_keep_tue_wed_thu_h9_tp06_sl065,2024-09-18 09:00:00+00:00,STAGE28A,data/reports/stage28a_discovery_factory_batch_runner/stage28a_exact_trades.csv,calendar_time_risk_proxy_v1,calendar_keep_tue_wed_thu_h9_tp06_sl065,-1.702324999999837,-2.752324999999837,-3.4523249999998367,0,0,0,0,2.752324999999837,26.2199999999998,8.230000000000018,0.6342648845686255,10.759999999999764,0.369888475836441,3.519999999999982,6.204499999999916,0.768,-1.0,,,9,2,9.0,2024
2024-09-19 09:00:00+00:00|1.0|calendar_keep_tue_wed_thu_h9_tp06_sl065,2024-09-19 09:00:00+00:00,STAGE28A,data/reports/stage28a_discovery_factory_batch_runner/stage28a_exact_trades.csv,calendar_time_risk_proxy_v1,calendar_keep_tue_wed_thu_h9_tp06_sl065,-2.3451750000000176,-3.3951750000000174,-4.095175000000017,0,0,0,1,3.3951750000000174,53.19999999999982,15.420000000000073,0.30998702983136983,35.34999999999991,0.7932107496463943,10.66000000000031,9.074000000000023,1.0,1.0,,,9,3,9.0,2024
2024-09-24 09:00:00+00:00|-1.0|calendar_keep_tue_wed_thu_h9_tp06_sl065,2024-09-24 09:00:00+00:00,STAGE28A,data/reports/stage28a_discovery_factory_batch_runner/stage28a_exact_trades.csv,calendar_time_risk_proxy_v1,calendar_keep_tue_wed_thu_h9_tp06_sl065,1.3992999999999485,0.3492999999999484,-0.3507000000000513,1,0,1,0,0.3492999999999484,21.01000000000022,12.349999999999909,0.5344129554655837,17.549999999999727,0.1908831908832146,14.929999999999836,4.801000000000068,0.284,-1.0,,,9,1,9.0,2024
2024-09-25 09:00:00+00:00|-1.0|calendar_keep_tue_wed_thu_h9_tp06_sl065,2024-09-25 09:00:00+00:00,STAGE28A,data/reports/stage28a_discovery_factory_batch_runner/stage28a_exact_trades.csv,calendar_time_risk_proxy_v1,calendar_keep_tue_wed_thu_h9_tp06_sl065,-2.74850000000024,-3.79850000000024,-4.49850000000024,0,0,0,1,3.79850000000024,41.76999999999998,15.13000000000011,0.15333773959019778,10.159999999999854,0.4498031496063218,5.429999999999836,7.0539999999999505,0.848,-1.0,,,9,2,9.0,2024
2024-09-26 09:00:00+00:00|1.0|calendar_keep_tue_wed_thu_h9_tp06_sl065,2024-09-26 09:00:00+00:00,STAGE28A,data/reports/stage28a_discovery_factory_batch_runner/stage28a_exact_trades.csv,calendar_time_risk_proxy_v1,calendar_keep_tue_wed_thu_h9_tp06_sl065,1.0053999999999177,-0.0446000000000821,-0.7446000000000819,0,0,0,0,0.0446000000000821,20.829999999999927,7.170000000000073,0.6094839609484382,12.570000000000164,0.49721559268098,3.6099999999996726,5.011999999999898,0.272,1.0,,,9,3,9.0,2024
2024-10-01 09:00:00+00:00|1.0|calendar_keep_tue_wed_thu_h9_tp06_sl065,2024-10-01 09:00:00+00:00,STAGE28A,data/reports/stage28a_discovery_factory_batch_runner/stage28a_exact_trades.csv,calendar_time_risk_proxy_v1,calendar_keep_tue_wed_thu_h9_tp06_sl065,0.8173000000000684,-0.2326999999999315,-0.9326999999999313,0,0,0,0,0.2326999999999315,41.48000000000002,7.730000000000018,0.3842173350582468,11.840000000000146,0.9045608108108028,4.819999999999709,6.110000000000037,0.456,1.0,,,9,1,10.0,2024
2024-10-02 09:00:00+00:00|-1.0|calendar_keep_tue_wed_thu_h9_tp06_sl065,2024-10-02 09:00:00+00:00,STAGE28A,data/reports/stage28a_discovery_factory_batch_runner/stage28a_exact_trades.csv,calendar_time_risk_proxy_v1,calendar_keep_tue_wed_thu_h9_tp06_sl065,-2.051050000000123,-3.101050000000123,-3.8010500000001226,0,0,0,1,3.101050000000123,41.01000000000022,7.730000000000018,0.862871927554988,12.019999999999982,0.20632279534109998,11.680000000000291,7.150000000000046,0.744,-1.0,,,9,2,10.0,2024
2024-10-03 09:00:00+00:00|-1.0|calendar_keep_tue_wed_thu_h9_tp06_sl065,2024-10-03 09:00:00+00:00,STAGE28A,data/reports/stage28a_discovery_factory_batch_runner/stage28a_exact_trades.csv,calendar_time_risk_proxy_v1,calendar_keep_tue_wed_thu_h9_tp06_sl065,0.9138999999999214,-0.1361000000000785,-0.8361000000000782,0,0,0,0,0.1361000000000785,22.240000000000236,9.679999999999836,0.3615702479338904,16.659999999999854,0.6818727490996535,4.7599999999997635,5.4365000000000006,0.256,-1.0,,,9,3,10.0,2024
2024-10-08 09:00:00+00:00|-1.0|calendar_keep_tue_wed_thu_h9_tp06_sl065,2024-10-08 09:00:00+00:00,STAGE28A,data/reports/stage28a_discovery_factory_batch_runner/stage28a_exact_trades.csv,calendar_time_risk_proxy_v1,calendar_keep_tue_wed_thu_h9_tp06_sl065,1.828899999999885,0.7788999999998851,0.0788999999998854,1,1,1,0,0.7788999999998851,22.019999999999982,15.289999999999964,0.07586657946369244,17.820000000000164,0.08810325476992982,4.839999999999691,7.160999999999899,0.76,-1.0,,,9,1,10.0,2024
2024-10-09 09:00:00+00:00|-1.0|calendar_keep_tue_wed_thu_h9_tp06_sl065,2024-10-09 09:00:00+00:00,STAGE28A,data/reports/stage28a_discovery_factory_batch_runner/stage28a_exact_trades.csv,calendar_time_risk_proxy_v1,calendar_keep_tue_wed_thu_h9_tp06_sl065,-2.187225000000217,-3.2372250000002167,-3.937225000000217,0,0,0,1,3.2372250000002167,48.34999999999991,9.390000000000327,0.5175718849840211,15.210000000000036,0.05588428665351131,8.690000000000055,7.423500000000013,0.812,-1.0,,,9,2,10.0,2024
2024-10-10 09:00:00+00:00|1.0|calendar_keep_tue_wed_thu_h9_tp06_sl065,2024-10-10 09:00:00+00:00,STAGE28A,data/reports/stage28a_discovery_factory_batch_runner/stage28a_exact_trades.csv,calendar_time_risk_proxy_v1,calendar_keep_tue_wed_thu_h9_tp06_sl065,-1.860925000000043,-2.910925000000043,-3.6109250000000426,0,0,0,0,2.910925000000043,19.230000000000018,10.960000000000036,0.2636861313868903,8.2199999999998,0.6630170316301643,2.9700000000002547,5.227000000000021,0.108,1.0,,,9,3,10.0,2024
2024-10-15 09:00:00+00:00|1.0|calendar_keep_tue_wed_thu_h9_tp06_sl065,2024-10-15 09:00:00+00:00,STAGE28A,data/reports/stage28a_discovery_factory_batch_runner/stage28a_exact_trades.csv,calendar_time_risk_proxy_v1,calendar_keep_tue_wed_thu_h9_tp06_sl065,-2.137174999999934,-3.1871749999999337,-3.887174999999933,0,0,0,1,3.1871749999999337,23.659999999999854,8.349999999999909,0.5185628742514939,17.829999999999927,0.448121144139081,6.289999999999964,5.220000000000004,0.084,1.0,,,9,1,10.0,2024
2024-10-16 09:00:00+00:00|1.0|calendar_keep_tue_wed_thu_h9_tp06_sl065,2024-10-16 09:00:00+00:00,STAGE28A,data/reports/stage28a_discovery_factory_batch_runner/stage28a_exact_trades.csv,calendar_time_risk_proxy_v1,calendar_keep_tue_wed_thu_h9_tp06_sl065,-2.102074999999877,-3.152074999999877,-3.8520749999998767,0,0,0,1,3.152074999999877,31.110000000000127,11.359999999999673,0.4383802816901551,17.08999999999969,0.7577530719719431,4.4699999999998,5.555999999999995,0.212,1.0,,,9,2,10.0,2024
2024-10-17 09:00:00+00:00|1.0|calendar_keep_tue_wed_thu_h9_tp06_sl065,2024-10-17 09:00:00+00:00,STAGE28A,data/reports/stage28a_discovery_factory_batch_runner/stage28a_exact_trades.csv,calendar_time_risk_proxy_v1,calendar_keep_tue_wed_thu_h9_tp06_sl065,1.3641999999998915,0.3141999999998917,-0.385800000000108,1,0,1,0,0.3141999999998917,26.559999999999945,11.63000000000011,0.2579535683576932,9.230000000000018,0.2979414951245931,6.2800000000002,5.429999999999995,0.188,1.0,,,9,3,10.0,2024
2024-10-22 09:00:00+00:00|1.0|calendar_keep_tue_wed_thu_h9_tp06_sl065,2024-10-22 09:00:00+00:00,STAGE28A,data/reports/stage28a_discovery_factory_batch_runner/stage28a_exact_trades.csv,calendar_time_risk_proxy_v1,calendar_keep_tue_wed_thu_h9_tp06_sl065,-1.9057749999998124,-2.955774999999812,-3.655774999999812,0,0,0,0,2.955774999999812,26.529999999999745,14.860000000000127,0.6917900403768581,9.539999999999964,0.06918238993709193,6.110000000000127,5.894500000000039,0.46,1.0,,,9,1,10.0,2024
2024-10-23 09:00:00+00:00|1.0|calendar_keep_tue_wed_thu_h9_tp06_sl065,2024-10-23 09:00:00+00:00,STAGE28A,data/reports/stage28a_discovery_factory_batch_runner/stage28a_exact_trades.csv,calendar_time_risk_proxy_v1,calendar_keep_tue_wed_thu_h9_tp06_sl065,-1.952574999999888,-3.002574999999888,-3.702574999999888,0,0,0,0,3.002574999999888,30.76000000000022,10.180000000000291,0.1237721021611181,13.070000000000164,0.3458301453710731,4.379999999999654,5.548000000000002,0.332,1.0,,,9,2,10.0,2024
2024-10-24 09:00:00+00:00|1.0|calendar_keep_tue_wed_thu_h9_tp06_sl065,2024-10-24 09:00:00+00:00,STAGE28A,data/reports/stage28a_discovery_factory_batch_runner/stage28a_exact_trades.csv,calendar_time_risk_proxy_v1,calendar_keep_tue_wed_thu_h9_tp06_sl065,-1.8875749999998332,-2.9375749999998333,-3.637574999999833,0,0,0,0,2.9375749999998333,49.92000000000007,12.279999999999745,0.39576547231272213,16.420000000000073,0.8361753958587063,3.9400000000000546,6.275000000000046,0.792,1.0,,,9,3,10.0,2024
2024-10-29 09:00:00+00:00|-1.0|calendar_keep_tue_wed_thu_h9_tp06_sl065,2024-10-29 09:00:00+00:00,STAGE28A,data/reports/stage28a_discovery_factory_batch_runner/stage28a_exact_trades.csv,calendar_time_risk_proxy_v1,calendar_keep_tue_wed_thu_h9_tp06_sl065,-2.203474999999889,-3.2534749999998893,-3.953474999999889,0,0,0,1,3.2534749999998893,21.190000000000055,18.070000000000164,0.8096292197011609,10.590000000000146,0.47969782813974104,7.579999999999927,4.893000000000006,0.088,-1.0,,,9,1,10.0,2024
2024-10-30 09:00:00+00:00|1.0|calendar_keep_tue_wed_thu_h9_tp06_sl065,2024-10-30 09:00:00+00:00,STAGE28A,data/reports/stage28a_discovery_factory_batch_runner/stage28a_exact_trades.csv,calendar_time_risk_proxy_v1,calendar_keep_tue_wed_thu_h9_tp06_sl065,1.0738000000000285,0.0238000000000284,-0.6761999999999713,1,0,0,0,0.0238000000000284,35.41000000000031,9.389999999999873,0.7518636847710374,11.7800000000002,0.0008488964346534898,8.580000000000382,5.885499999999979,0.572,1.0,,,9,2,10.0,2024
2024-10-31 09:00:00+00:00|-1.0|calendar_keep_tue_wed_thu_h9_tp06_sl065,2024-10-31 09:00:00+00:00,STAGE28A,data/reports/stage28a_discovery_factory_batch_runner/stage28a_exact_trades.csv,calendar_time_risk_proxy_v1,calendar_keep_tue_wed_thu_h9_tp06_sl065,1.1352999999998246,0.0852999999998247,-0.614700000000175,1,0,0,0,0.0852999999998247,19.139999999999873,8.029999999999745,0.2889165628891952,13.509999999999764,0.2672094744633409,6.380000000000109,5.524999999999977,0.368,-1.0,,,9,3,10.0,2024
2024-11-05 09:00:00+00:00|1.0|calendar_keep_tue_wed_thu_h9_tp06_sl065,2024-11-05 09:00:00+00:00,STAGE28A,data/reports/stage28a_discovery_factory_batch_runner/stage28a_exact_trades.csv,calendar_time_risk_proxy_v1,calendar_keep_tue_wed_thu_h9_tp06_sl065,-2.213875000000008,-3.263875000000007,-3.963875000000007,0,0,0,1,3.263875000000007,18.789999999999964,13.260000000000218,0.12141779788835944,13.2800000000002,0.2567771084337201,7.230000000000018,5.1975000000000815,0.172,1.0,,,9,1,11.0,2024
2024-11-06 09:00:00+00:00|-1.0|calendar_keep_tue_wed_thu_h9_tp06_sl065,2024-11-06 09:00:00+00:00,STAGE28A,data/reports/stage28a_discovery_factory_batch_runner/stage28a_exact_trades.csv,calendar_time_risk_proxy_v1,calendar_keep_tue_wed_thu_h9_tp06_sl065,4.418799999999829,3.3687999999998284,2.6687999999998286,1,1,1,0,3.3687999999998284,25.340000000000146,18.98999999999978,0.20326487625066728,42.35999999999967,0.5153446647780948,38.0,9.56299999999992,1.0,-1.0,,,9,2,11.0,2024
2024-11-07 09:00:00+00:00|1.0|calendar_keep_tue_wed_thu_h9_tp06_sl065,2024-11-07 09:00:00+00:00,STAGE28A,data/reports/stage28a_discovery_factory_batch_runner/stage28a_exact_trades.csv,calendar_time_risk_proxy_v1,calendar_keep_tue_wed_thu_h9_tp06_sl065,-2.5587000000001354,-3.6087000000001352,-4.308700000000135,0,0,0,1,3.6087000000001352,97.4399999999996,20.88000000000011,0.45545977011492883,15.579999999999927,0.7676508344030868,6.710000000000036,11.191500000000065,0.924,1.0,,,9,3,11.0,2024
2024-11-12 09:00:00+00:00|-1.0|calendar_keep_tue_wed_thu_h9_tp06_sl065,2024-11-12 09:00:00+00:00,STAGE28A,data/reports/stage28a_discovery_factory_batch_runner/stage28a_exact_trades.csv,calendar_time_risk_proxy_v1,calendar_keep_tue_wed_thu_h9_tp06_sl065,1.778200000000106,0.7282000000001063,0.0282000000001065,1,1,1,0,0.7282000000001063,75.67999999999984,11.579999999999927,0.5397236614853229,28.460000000000036,0.7350667603654267,6.699999999999818,7.711499999999956,0.736,-1.0,,,9,1,11.0,2024
2024-11-13 09:00:00+00:00|1.0|calendar_keep_tue_wed_thu_h9_tp06_sl065,2024-11-13 09:00:00+00:00,STAGE28A,data/reports/stage28a_discovery_factory_batch_runner/stage28a_exact_trades.csv,calendar_time_risk_proxy_v1,calendar_keep_tue_wed_thu_h9_tp06_sl065,1.4452000000000225,0.3952000000000226,-0.3047999999999771,1,0,1,0,0.3952000000000226,37.48000000000002,15.940000000000055,0.4567126725219398,10.599999999999909,0.2584905660377604,3.230000000000018,6.500000000000045,0.344,1.0,,,9,2,11.0,2024
2024-11-14 09:00:00+00:00|-1.0|calendar_keep_tue_wed_thu_h9_tp06_sl065,2024-11-14 09:00:00+00:00,STAGE28A,data/reports/stage28a_discovery_factory_batch_runner/stage28a_exact_trades.csv,calendar_time_risk_proxy_v1,calendar_keep_tue_wed_thu_h9_tp06_sl065,-2.489799999999923,-3.539799999999923,-4.2397999999999225,0,0,0,1,3.539799999999923,48.070000000000164,22.389999999999873,0.25949084412684137,28.460000000000036,0.6398453970484895,8.639999999999873,8.621499999999992,0.88,-1.0,,,9,3,11.0,2024
2024-11-19 09:00:00+00:00|1.0|calendar_keep_tue_wed_thu_h9_tp06_sl065,2024-11-19 09:00:00+00:00,STAGE28A,data/reports/stage28a_discovery_factory_batch_runner/stage28a_exact_trades.csv,calendar_time_risk_proxy_v1,calendar_keep_tue_wed_thu_h9_tp06_sl065,1.2976000000002386,0.2476000000002387,-0.452399999999761,1,0,1,0,0.2476000000002387,52.84999999999991,15.36999999999989,0.6649316851008671,18.710000000000036,0.659005879208974,5.190000000000055,5.09950000000008,0.008,1.0,,,9,1,11.0,2024
2024-11-20 09:00:00+00:00|-1.0|calendar_keep_tue_wed_thu_h9_tp06_sl065,2024-11-20 09:00:00+00:00,STAGE28A,data/reports/stage28a_discovery_factory_batch_runner/stage28a_exact_trades.csv,calendar_time_risk_proxy_v1,calendar_keep_tue_wed_thu_h9_tp06_sl065,1.0032999999997627,-0.0467000000002371,-0.7467000000002368,0,0,0,0,0.0467000000002371,29.179999999999836,10.159999999999854,0.14763779527559268,19.740000000000236,0.5916919959472997,8.420000000000073,5.8315000000000285,0.076,-1.0,,,9,2,11.0,2024
2024-11-21 09:00:00+00:00|1.0|calendar_keep_tue_wed_thu_h9_tp06_sl065,2024-11-21 09:00:00+00:00,STAGE28A,data/reports/stage28a_discovery_factory_batch_runner/stage28a_exact_trades.csv,calendar_time_risk_proxy_v1,calendar_keep_tue_wed_thu_h9_tp06_sl065,0.968199999999706,-0.0818000000002938,-0.7818000000002936,0,0,0,0,0.0818000000002938,36.64000000000033,11.610000000000127,0.41860465116279705,17.059999999999945,0.759671746776089,5.649999999999636,6.037999999999966,0.188,1.0,,,9,3,11.0,2024
2024-11-26 09:00:00+00:00|-1.0|calendar_keep_tue_wed_thu_h9_tp06_sl065,2024-11-26 09:00:00+00:00,STAGE28A,data/reports/stage28a_discovery_factory_batch_runner/stage28a_exact_trades.csv,calendar_time_risk_proxy_v1,calendar_keep_tue_wed_thu_h9_tp06_sl065,1.546900000000187,0.4969000000001871,-0.2030999999998126,1,0,1,0,0.4969000000001871,111.38000000000011,27.059999999999945,0.588322246858836,22.259999999999764,0.22192273135669843,4.860000000000127,12.17100000000005,0.936,-1.0,,,9,1,11.0,2024
2024-11-27 09:00:00+00:00|1.0|calendar_keep_tue_wed_thu_h9_tp06_sl065,2024-11-27 09:00:00+00:00,STAGE28A,data/reports/stage28a_discovery_factory_batch_runner/stage28a_exact_trades.csv,calendar_time_risk_proxy_v1,calendar_keep_tue_wed_thu_h9_tp06_sl065,-2.3266500000000634,-3.376650000000063,-4.076650000000063,0,0,0,1,3.376650000000063,36.76999999999998,13.510000000000218,0.4885270170244117,15.690000000000055,0.6201402166985331,8.989999999999782,7.133500000000026,0.464,1.0,,,9,2,11.0,2024
2024-11-28 09:00:00+00:00|1.0|calendar_keep_tue_wed_thu_h9_tp06_sl065,2024-11-28 09:00:00+00:00,STAGE28A,data/reports/stage28a_discovery_factory_batch_runner/stage28a_exact_trades.csv,calendar_time_risk_proxy_v1,calendar_keep_tue_wed_thu_h9_tp06_sl065,-2.220374999999968,-3.270374999999967,-3.970374999999967,0,0,0,1,3.270374999999967,31.329999999999927,17.48999999999978,0.33390508862208224,19.41000000000031,0.8377125193199126,7.730000000000018,6.691999999999939,0.404,1.0,,,9,3,11.0,2024
2024-12-03 09:00:00+00:00|1.0|calendar_keep_tue_wed_thu_h9_tp06_sl065,2024-12-03 09:00:00+00:00,STAGE28A,data/reports/stage28a_discovery_factory_batch_runner/stage28a_exact_trades.csv,calendar_time_risk_proxy_v1,calendar_keep_tue_wed_thu_h9_tp06_sl065,-2.025374999999804,-3.0753749999998035,-3.775374999999803,0,0,0,1,3.0753749999998035,30.550000000000182,11.13000000000011,0.21024258760104833,12.860000000000127,0.21228615863141456,8.769999999999982,6.401499999999942,0.412,1.0,,,9,1,12.0,2024
2024-12-04 09:00:00+00:00|-1.0|calendar_keep_tue_wed_thu_h9_tp06_sl065,2024-12-04 09:00:00+00:00,STAGE28A,data/reports/stage28a_discovery_factory_batch_runner/stage28a_exact_trades.csv,calendar_time_risk_proxy_v1,calendar_keep_tue_wed_thu_h9_tp06_sl065,-1.8417500000001383,-2.891750000000138,-3.591750000000138,0,0,0,0,2.891750000000138,21.43000000000029,10.960000000000036,0.5136861313868696,14.930000000000291,0.282652377762905,3.950000000000273,5.86850000000004,0.216,-1.0,,,9,2,12.0,2024
2024-12-05 09:00:00+00:00|-1.0|calendar_keep_tue_wed_thu_h9_tp06_sl065,2024-12-05 09:00:00+00:00,STAGE28A,data/reports/stage28a_discovery_factory_batch_runner/stage28a_exact_trades.csv,calendar_time_risk_proxy_v1,calendar_keep_tue_wed_thu_h9_tp06_sl065,1.20580000000009,0.1558000000000903,-0.5441999999999094,1,0,1,0,0.1558000000000903,24.800000000000182,6.940000000000055,0.5821325648414888,13.88000000000011,0.17939481268009813,7.529999999999745,6.2309999999999715,0.372,-1.0,,,9,3,12.0,2024
2024-12-10 09:00:00+00:00|-1.0|calendar_keep_tue_wed_thu_h9_tp06_sl065,2024-12-10 09:00:00+00:00,STAGE28A,data/reports/stage28a_discovery_factory_batch_runner/stage28a_exact_trades.csv,calendar_time_risk_proxy_v1,calendar_keep_tue_wed_thu_h9_tp06_sl065,1.353399999999874,0.3033999999998742,-0.3966000000001255,1,0,1,0,0.3033999999998742,48.84999999999991,15.91000000000031,0.6140791954745598,15.539999999999964,0.3301158301158379,5.190000000000055,5.983500000000004,0.24,-1.0,,,9,1,12.0,2024
2024-12-11 09:00:00+00:00|1.0|calendar_keep_tue_wed_thu_h9_tp06_sl065,2024-12-11 09:00:00+00:00,STAGE28A,data/reports/stage28a_discovery_factory_batch_runner/stage28a_exact_trades.csv,calendar_time_risk_proxy_v1,calendar_keep_tue_wed_thu_h9_tp06_sl065,3.0183999999998377,1.9683999999998376,1.268399999999838,1,1,1,0,1.9683999999998376,38.01999999999998,21.779999999999745,0.5335169880624439,25.350000000000364,0.3932938856015823,11.579999999999927,7.65600000000004,0.756,1.0,,,9,2,12.0,2024
2024-12-12 09:00:00+00:00|1.0|calendar_keep_tue_wed_thu_h9_tp06_sl065,2024-12-12 09:00:00+00:00,STAGE28A,data/reports/stage28a_discovery_factory_batch_runner/stage28a_exact_trades.csv,calendar_time_risk_proxy_v1,calendar_keep_tue_wed_thu_h9_tp06_sl065,-2.088749999999982,-3.1387499999999817,-3.8387499999999815,0,0,0,1,3.1387499999999817,46.590000000000146,26.139999999999873,0.2895944912012319,10.640000000000327,0.09586466165413068,8.540000000000418,7.4284999999999854,0.676,1.0,,,9,3,12.0,2024
2024-12-17 09:00:00+00:00|-1.0|calendar_keep_tue_wed_thu_h9_tp06_sl065,2024-12-17 09:00:00+00:00,STAGE28A,data/reports/stage28a_discovery_factory_batch_runner/stage28a_exact_trades.csv,calendar_time_risk_proxy_v1,calendar_keep_tue_wed_thu_h9_tp06_sl065,1.2279999999999744,0.1779999999999746,-0.5220000000000251,1,0,1,0,0.1779999999999746,20.75,7.650000000000091,0.006535947712442001,19.0300000000002,0.7157120336311195,8.190000000000055,4.888999999999987,0.04,-1.0,,,9,1,12.0,2024
2024-12-18 09:00:00+00:00|1.0|calendar_keep_tue_wed_thu_h9_tp06_sl065,2024-12-18 09:00:00+00:00,STAGE28A,data/reports/stage28a_discovery_factory_batch_runner/stage28a_exact_trades.csv,calendar_time_risk_proxy_v1,calendar_keep_tue_wed_thu_h9_tp06_sl065,-1.6789249999997993,-2.728924999999799,-3.428924999999799,0,0,0,0,2.728924999999799,25.659999999999854,9.079999999999927,0.2444933920704645,7.559999999999945,0.42857142857146296,3.450000000000273,5.075999999999999,0.06,1.0,,,9,2,12.0,2024
2024-12-19 09:00:00+00:00|1.0|calendar_keep_tue_wed_thu_h9_tp06_sl065,2024-12-19 09:00:00+00:00,STAGE28A,data/reports/stage28a_discovery_factory_batch_runner/stage28a_exact_trades.csv,calendar_time_risk_proxy_v1,calendar_keep_tue_wed_thu_h9_tp06_sl065,-2.6058250000001864,-3.655825000000186,-4.355825000000186,0,0,0,1,3.655825000000186,68.09999999999991,35.460000000000036,0.5930626057529661,23.2800000000002,0.4463058419243893,10.849999999999909,9.716000000000054,1.0,1.0,,,9,3,12.0,2024
2024-12-24 09:00:00+00:00|-1.0|calendar_keep_tue_wed_thu_h9_tp06_sl065,2024-12-24 09:00:00+00:00,STAGE28A,data/reports/stage28a_discovery_factory_batch_runner/stage28a_exact_trades.csv,calendar_time_risk_proxy_v1,calendar_keep_tue_wed_thu_h9_tp06_sl065,-1.5469749999998386,-2.5969749999998384,-3.296974999999838,0,0,0,0,2.5969749999998384,25.279999999999745,8.889999999999873,0.5129358830146243,8.309999999999945,0.5571600481347941,3.3899999999998727,4.464499999999975,0.032,-1.0,,,9,1,12.0,2024
2024-12-24 19:45:00+00:00|1.0|calendar_keep_tue_wed_thu_h9_tp06_sl065,2024-12-24 19:45:00+00:00,STAGE28A,data/reports/stage28a_discovery_factory_batch_runner/stage28a_exact_trades.csv,calendar_time_risk_proxy_v1,calendar_keep_tue_wed_thu_h9_tp06_sl065,-0.35,-1.4,-2.1,0,0,0,0,1.4,25.279999999999745,8.889999999999873,0.5129358830146243,8.309999999999945,0.5571600481347941,6.190000000000055,3.966999999999962,0.024,1.0,,,9,1,12.0,2024
2024-12-26 09:00:00+00:00|1.0|calendar_keep_tue_wed_thu_h9_tp06_sl065,2024-12-26 09:00:00+00:00,STAGE28A,data/reports/stage28a_discovery_factory_batch_runner/stage28a_exact_trades.csv,calendar_time_risk_proxy_v1,calendar_keep_tue_wed_thu_h9_tp06_sl065,-1.563224999999966,-2.6132249999999657,-3.313224999999965,0,0,0,0,2.6132249999999657,7.519999999999982,16.299999999999727,0.5539877300613713,6.049999999999727,0.2264462809917277,2.849999999999909,4.491999999999985,0.096,1.0,,,9,3,12.0,2024
2024-12-31 09:00:00+00:00|1.0|calendar_keep_tue_wed_thu_h9_tp06_sl065,2024-12-31 09:00:00+00:00,STAGE28A,data/reports/stage28a_discovery_factory_batch_runner/stage28a_exact_trades.csv,calendar_time_risk_proxy_v1,calendar_keep_tue_wed_thu_h9_tp06_sl065,0.7569999999999709,-0.293000000000029,-0.9930000000000287,0,0,0,0,0.293000000000029,32.159999999999854,8.059999999999945,0.01488833746896919,15.179999999999836,0.33596837944663793,4.980000000000018,5.733500000000049,0.584,1.0,,,9,1,12.0,2024
2024-12-31 22:45:00+00:00|1.0|calendar_keep_tue_wed_thu_h9_tp06_sl065,2024-12-31 22:45:00+00:00,STAGE28A,data/reports/stage28a_discovery_factory_batch_runner/stage28a_exact_trades.csv,calendar_time_risk_proxy_v1,calendar_keep_tue_wed_thu_h9_tp06_sl065,-0.35,-1.4,-2.1,0,0,0,0,1.4,32.159999999999854,8.059999999999945,0.01488833746896919,15.179999999999836,0.33596837944663793,4.360000000000127,5.330000000000018,0.468,1.0,,,9,1,12.0,2024
2025-01-02 09:00:00+00:00|1.0|calendar_keep_tue_wed_thu_h9_tp06_sl065,2025-01-02 09:00:00+00:00,STAGE28A,data/reports/stage28a_discovery_factory_batch_runner/stage28a_exact_trades.csv,calendar_time_risk_proxy_v1,calendar_keep_tue_wed_thu_h9_tp06_sl065,0.8281000000000859,-0.221899999999914,-0.9218999999999138,0,0,0,0,0.221899999999914,4.2800000000002,14.769999999999982,0.6899119837508508,15.090000000000146,0.5765407554671792,4.260000000000218,5.379500000000098,0.48,1.0,,,9,3,1.0,2025
2025-01-07 09:00:00+00:00|1.0|calendar_keep_tue_wed_thu_h9_tp06_sl065,2025-01-07 09:00:00+00:00,STAGE28A,data/reports/stage28a_discovery_factory_batch_runner/stage28a_exact_trades.csv,calendar_time_risk_proxy_v1,calendar_keep_tue_wed_thu_h9_tp06_sl065,0.94300000000012,-0.1069999999998798,-0.8069999999998796,0,0,0,0,0.1069999999998798,35.13000000000011,8.300000000000182,0.4325301204819358,9.7800000000002,0.575664621676891,6.920000000000073,7.3035000000000085,0.944,1.0,,,9,1,1.0,2025
2025-01-08 09:00:00+00:00|1.0|calendar_keep_tue_wed_thu_h9_tp06_sl065,2025-01-08 09:00:00+00:00,STAGE28A,data/reports/stage28a_discovery_factory_batch_runner/stage28a_exact_trades.csv,calendar_time_risk_proxy_v1,calendar_keep_tue_wed_thu_h9_tp06_sl065,-1.5346249999998691,-2.584624999999869,-3.2846249999998687,0,0,0,0,2.584624999999869,31.429999999999836,6.260000000000218,0.4536741214056856,8.420000000000073,0.7304038004750639,4.079999999999927,5.576999999999998,0.6,1.0,,,9,2,1.0,2025
2025-01-09 09:00:00+00:00|1.0|calendar_keep_tue_wed_thu_h9_tp06_sl065,2025-01-09 09:00:00+00:00,STAGE28A,data/reports/stage28a_discovery_factory_batch_runner/stage28a_exact_trades.csv,calendar_time_risk_proxy_v1,calendar_keep_tue_wed_thu_h9_tp06_sl065,-1.7283250000001318,-2.778325000000132,-3.478325000000132,0,0,0,0,2.778325000000132,24.700000000000273,7.650000000000091,0.44836601307192814,10.929999999999836,0.7758462946020261,8.539999999999964,6.2830000000000155,0.844,1.0,,,9,3,1.0,2025
2025-01-14 09:00:00+00:00|-1.0|calendar_keep_tue_wed_thu_h9_tp06_sl065,2025-01-14 09:00:00+00:00,STAGE28A,data/reports/stage28a_discovery_factory_batch_runner/stage28a_exact_trades.csv,calendar_time_risk_proxy_v1,calendar_keep_tue_wed_thu_h9_tp06_sl065,-1.8277749999998376,-2.8777749999998377,-3.5777749999998374,0,0,0,0,2.8777749999998377,36.73000000000002,12.5300000000002,0.4333599361532123,10.629999999999654,0.644402634054575,2.369999999999891,6.061500000000047,0.628,-1.0,,,9,1,1.0,2025
2025-01-15 09:00:00+00:00|1.0|calendar_keep_tue_wed_thu_h9_tp06_sl065,2025-01-15 09:00:00+00:00,STAGE28A,data/reports/stage28a_discovery_factory_batch_runner/stage28a_exact_trades.csv,calendar_time_risk_proxy_v1,calendar_keep_tue_wed_thu_h9_tp06_sl065,-1.5746000000000095,-2.6246000000000094,-3.324600000000009,0,0,0,0,2.6246000000000094,18.570000000000164,10.11999999999989,0.001976284584978461,14.450000000000273,0.8761245674740218,4.130000000000109,5.056500000000028,0.204,1.0,,,9,2,1.0,2025
2025-01-16 09:00:00+00:00|1.0|calendar_keep_tue_wed_thu_h9_tp06_sl065,2025-01-16 09:00:00+00:00,STAGE28A,data/reports/stage28a_discovery_factory_batch_runner/stage28a_exact_trades.csv,calendar_time_risk_proxy_v1,calendar_keep_tue_wed_thu_h9_tp06_sl065,-1.665599999999904,-2.715599999999904,-3.415599999999904,0,0,0,0,2.715599999999904,28.210000000000036,9.349999999999909,0.27593582887700024,18.529999999999745,0.5553157042633624,5.339999999999691,5.6284999999999625,0.484,1.0,,,9,3,1.0,2025
2025-01-21 09:00:00+00:00|-1.0|calendar_keep_tue_wed_thu_h9_tp06_sl065,2025-01-21 09:00:00+00:00,STAGE28A,data/reports/stage28a_discovery_factory_batch_runner/stage28a_exact_trades.csv,calendar_time_risk_proxy_v1,calendar_keep_tue_wed_thu_h9_tp06_sl065,1.456300000000192,0.4063000000001922,-0.2936999999998075,1,0,1,0,0.4063000000001922,24.550000000000182,25.09999999999991,0.6749003984063792,15.799999999999727,0.4974683544303964,5.9099999999998545,6.606499999999983,0.856,-1.0,,,9,1,1.0,2025
2025-01-22 09:00:00+00:00|1.0|calendar_keep_tue_wed_thu_h9_tp06_sl065,2025-01-22 09:00:00+00:00,STAGE28A,data/reports/stage28a_discovery_factory_batch_runner/stage28a_exact_trades.csv,calendar_time_risk_proxy_v1,calendar_keep_tue_wed_thu_h9_tp06_sl065,-2.095574999999917,-3.145574999999917,-3.8455749999999167,0,0,0,1,3.145574999999917,43.279999999999745,10.9699999999998,0.711030082041962,17.90000000000009,0.44525139664803126,12.720000000000255,6.002999999999974,0.652,1.0,,,9,2,1.0,2025
2025-01-23 09:00:00+00:00|-1.0|calendar_keep_tue_wed_thu_h9_tp06_sl065,2025-01-23 09:00:00+00:00,STAGE28A,data/reports/stage28a_discovery_factory_batch_runner/stage28a_exact_trades.csv,calendar_time_risk_proxy_v1,calendar_keep_tue_wed_thu_h9_tp06_sl065,-1.5482750000001944,-2.598275000000194,-3.298275000000194,0,0,0,0,2.598275000000194,21.449999999999818,6.809999999999945,0.5624082232011686,14.75,0.02440677966102558,4.369999999999891,4.464500000000067,0.088,-1.0,,,9,3,1.0,2025
2025-01-28 09:00:00+00:00|1.0|calendar_keep_tue_wed_thu_h9_tp06_sl065,2025-01-28 09:00:00+00:00,STAGE28A,data/reports/stage28a_discovery_factory_batch_runner/stage28a_exact_trades.csv,calendar_time_risk_proxy_v1,calendar_keep_tue_wed_thu_h9_tp06_sl065,-1.6386250000001383,-2.688625000000138,-3.388625000000138,0,0,0,0,2.688625000000138,42.289999999999964,7.579999999999927,0.09366754617414817,10.570000000000164,0.07284768211920245,3.799999999999727,6.303999999999905,0.768,1.0,,,9,1,1.0,2025
2025-01-29 09:00:00+00:00|1.0|calendar_keep_tue_wed_thu_h9_tp06_sl065,2025-01-29 09:00:00+00:00,STAGE28A,data/reports/stage28a_discovery_factory_batch_runner/stage28a_exact_trades.csv,calendar_time_risk_proxy_v1,calendar_keep_tue_wed_thu_h9_tp06_sl065,-1.349699999999848,-2.399699999999848,-3.099699999999848,0,0,0,0,2.399699999999848,30.639999999999873,4.730000000000018,0.061310782241006875,8.909999999999854,0.48260381593717755,2.9400000000000546,3.4265000000000327,0.004,1.0,,,9,2,1.0,2025
2025-01-30 09:00:00+00:00|1.0|calendar_keep_tue_wed_thu_h9_tp06_sl065,2025-01-30 09:00:00+00:00,STAGE28A,data/reports/stage28a_discovery_factory_batch_runner/stage28a_exact_trades.csv,calendar_time_risk_proxy_v1,calendar_keep_tue_wed_thu_h9_tp06_sl065,-1.5284499999998844,-2.578449999999884,-3.278449999999884,0,0,0,0,2.578449999999884,21.470000000000255,5.330000000000382,0.035647279549726255,20.539999999999964,0.8695228821811177,6.190000000000055,5.074000000000046,0.268,1.0,,,9,3,1.0,2025
2025-02-04 09:00:00+00:00|1.0|calendar_keep_tue_wed_thu_h9_tp06_sl065,2025-02-04 09:00:00+00:00,STAGE28A,data/reports/stage28a_discovery_factory_batch_runner/stage28a_exact_trades.csv,calendar_time_risk_proxy_v1,calendar_keep_tue_wed_thu_h9_tp06_sl065,-2.395875000000251,-3.445875000000251,-4.145875000000251,0,0,0,1,3.445875000000251,58.19999999999982,13.329999999999927,0.3885971492873458,14.659999999999854,0.29058663028651166,5.2800000000002,7.515000000000077,0.848,1.0,,,9,1,2.0,2025
2025-02-05 09:00:00+00:00|1.0|calendar_keep_tue_wed_thu_h9_tp06_sl065,2025-02-05 09:00:00+00:00,STAGE28A,data/reports/stage28a_discovery_factory_batch_runner/stage28a_exact_trades.csv,calendar_time_risk_proxy_v1,calendar_keep_tue_wed_thu_h9_tp06_sl065,-2.2194000000000416,-3.2694000000000414,-3.969400000000041,0,0,0,1,3.2694000000000414,38.25,18.450000000000273,0.7501355013550104,23.690000000000055,0.5293372731110145,4.9699999999998,6.966000000000031,0.736,1.0,,,9,2,2.0,2025
2025-02-06 09:00:00+00:00|-1.0|calendar_keep_tue_wed_thu_h9_tp06_sl065,2025-02-06 09:00:00+00:00,STAGE28A,data/reports/stage28a_discovery_factory_batch_runner/stage28a_exact_trades.csv,calendar_time_risk_proxy_v1,calendar_keep_tue_wed_thu_h9_tp06_sl065,-2.3107249999999118,-3.360724999999911,-4.060724999999911,0,0,0,1,3.360724999999911,42.960000000000036,9.550000000000182,0.08167539267017647,22.480000000000018,0.4181494661921745,13.700000000000273,7.517499999999996,0.792,-1.0,,,9,3,2.0,2025
2025-02-11 09:00:00+00:00|-1.0|calendar_keep_tue_wed_thu_h9_tp06_sl065,2025-02-11 09:00:00+00:00,STAGE28A,data/reports/stage28a_discovery_factory_batch_runner/stage28a_exact_trades.csv,calendar_time_risk_proxy_v1,calendar_keep_tue_wed_thu_h9_tp06_sl065,3.6820000000001527,2.632000000000153,1.9320000000001527,1,1,1,0,2.632000000000153,62.570000000000164,38.029999999999745,0.0381277938469584,27.429999999999836,0.49362012395187915,13.929999999999836,10.47650000000001,1.0,-1.0,,,9,1,2.0,2025
2025-02-12 09:00:00+00:00|1.0|calendar_keep_tue_wed_thu_h9_tp06_sl065,2025-02-12 09:00:00+00:00,STAGE28A,data/reports/stage28a_discovery_factory_batch_runner/stage28a_exact_trades.csv,calendar_time_risk_proxy_v1,calendar_keep_tue_wed_thu_h9_tp06_sl065,-2.8167500000000474,-3.866750000000047,-4.566750000000047,0,0,0,1,3.866750000000047,60.9399999999996,17.070000000000164,0.7861745752782627,16.440000000000055,0.15815085158150247,9.269999999999982,8.332499999999982,0.752,1.0,,,9,2,2.0,2025
2025-02-13 09:00:00+00:00|-1.0|calendar_keep_tue_wed_thu_h9_tp06_sl065,2025-02-13 09:00:00+00:00,STAGE28A,data/reports/stage28a_discovery_factory_batch_runner/stage28a_exact_trades.csv,calendar_time_risk_proxy_v1,calendar_keep_tue_wed_thu_h9_tp06_sl065,1.4349999999998544,0.3849999999998545,-0.3150000000001451,1,0,1,0,0.3849999999998545,45.38000000000011,18.759999999999764,0.6780383795309147,13.460000000000036,0.05274888558692678,6.4699999999998,7.652499999999895,0.52,-1.0,,,9,3,2.0,2025
2025-02-18 09:00:00+00:00|1.0|calendar_keep_tue_wed_thu_h9_tp06_sl065,2025-02-18 09:00:00+00:00,STAGE28A,data/reports/stage28a_discovery_factory_batch_runner/stage28a_exact_trades.csv,calendar_time_risk_proxy_v1,calendar_keep_tue_wed_thu_h9_tp06_sl065,-2.429349999999977,-3.4793499999999766,-4.179349999999976,0,0,0,1,3.4793499999999766,28.340000000000146,19.059999999999945,0.600734522560328,8.389999999999873,0.07866507747322041,4.420000000000073,4.941000000000008,0.012,1.0,,,9,1,2.0,2025
2025-02-19 09:00:00+00:00|1.0|calendar_keep_tue_wed_thu_h9_tp06_sl065,2025-02-19 09:00:00+00:00,STAGE28A,data/reports/stage28a_discovery_factory_batch_runner/stage28a_exact_trades.csv,calendar_time_risk_proxy_v1,calendar_keep_tue_wed_thu_h9_tp06_sl065,-2.329899999999816,-3.379899999999816,-4.079899999999816,0,0,0,1,3.379899999999816,45.25,15.480000000000018,0.31330749354004545,19.0,0.8199999999999962,5.179999999999836,6.528999999999996,0.264,1.0,,,9,2,2.0,2025
2025-02-20 09:00:00+00:00|1.0|calendar_keep_tue_wed_thu_h9_tp06_sl065,2025-02-20 09:00:00+00:00,STAGE28A,data/reports/stage28a_discovery_factory_batch_runner/stage28a_exact_trades.csv,calendar_time_risk_proxy_v1,calendar_keep_tue_wed_thu_h9_tp06_sl065,-2.109224999999788,-3.1592249999997875,-3.859224999999787,0,0,0,1,3.1592249999997875,28.440000000000055,11.75,0.3948936170213045,15.509999999999764,0.7949709864603556,5.039999999999964,7.255499999999984,0.416,1.0,,,9,3,2.0,2025
2025-02-25 09:00:00+00:00|1.0|calendar_keep_tue_wed_thu_h9_tp06_sl065,2025-02-25 09:00:00+00:00,STAGE28A,data/reports/stage28a_discovery_factory_batch_runner/stage28a_exact_trades.csv,calendar_time_risk_proxy_v1,calendar_keep_tue_wed_thu_h9_tp06_sl065,-2.303575000000001,-3.3535750000000006,-4.053575,0,0,0,1,3.3535750000000006,35.16000000000031,18.909999999999854,0.6959280803807486,12.91000000000031,0.05654531371030214,4.900000000000091,6.767999999999961,0.292,1.0,,,9,1,2.0,2025
2025-02-26 09:00:00+00:00|-1.0|calendar_keep_tue_wed_thu_h9_tp06_sl065,2025-02-26 09:00:00+00:00,STAGE28A,data/reports/stage28a_discovery_factory_batch_runner/stage28a_exact_trades.csv,calendar_time_risk_proxy_v1,calendar_keep_tue_wed_thu_h9_tp06_sl065,1.886199999999826,0.8361999999998262,0.1361999999998264,1,1,1,0,0.8361999999998262,65.84999999999991,17.43000000000029,0.20998278829602945,15.239999999999782,0.1496062992126137,9.5,10.316500000000087,0.96,-1.0,,,9,2,2.0,2025
2025-02-27 09:00:00+00:00|-1.0|calendar_keep_tue_wed_thu_h9_tp06_sl065,2025-02-27 09:00:00+00:00,STAGE28A,data/reports/stage28a_discovery_factory_batch_runner/stage28a_exact_trades.csv,calendar_time_risk_proxy_v1,calendar_keep_tue_wed_thu_h9_tp06_sl065,1.96899999999996,0.91899999999996,0.2189999999999603,1,1,1,0,0.91899999999996,39.42000000000007,24.509999999999764,0.8869849041207667,21.610000000000127,0.2512725590004537,7.730000000000018,6.899000000000046,0.348,-1.0,,,9,3,2.0,2025
2025-03-04 09:00:00+00:00|1.0|calendar_keep_tue_wed_thu_h9_tp06_sl065,2025-03-04 09:00:00+00:00,STAGE28A,data/reports/stage28a_discovery_factory_batch_runner/stage28a_exact_trades.csv,calendar_time_risk_proxy_v1,calendar_keep_tue_wed_thu_h9_tp06_sl065,-2.283100000000195,-3.333100000000195,-4.033100000000195,0,0,0,1,3.333100000000195,39.940000000000055,11.83999999999969,0.03378378378375394,36.98000000000002,0.6311519740400252,5.610000000000127,7.185000000000059,0.328,1.0,,,9,1,3.0,2025
2025-03-05 09:00:00+00:00|1.0|calendar_keep_tue_wed_thu_h9_tp06_sl065,2025-03-05 09:00:00+00:00,STAGE28A,data/reports/stage28a_discovery_factory_batch_runner/stage28a_exact_trades.csv,calendar_time_risk_proxy_v1,calendar_keep_tue_wed_thu_h9_tp06_sl065,-2.8544499999999062,-3.904449999999906,-4.604449999999906,0,0,0,1,3.904449999999906,45.84999999999991,16.070000000000164,0.24268823895457692,13.5,0.2125925925925845,8.110000000000127,8.235000000000127,0.58,1.0,,,9,2,3.0,2025
2025-03-06 09:00:00+00:00|-1.0|calendar_keep_tue_wed_thu_h9_tp06_sl065,2025-03-06 09:00:00+00:00,STAGE28A,data/reports/stage28a_discovery_factory_batch_runner/stage28a_exact_trades.csv,calendar_time_risk_proxy_v1,calendar_keep_tue_wed_thu_h9_tp06_sl065,1.1590000000000145,0.1090000000000146,-0.5909999999999851,1,0,0,0,0.1090000000000146,35.82999999999993,10.510000000000218,0.08658420551858138,31.970000000000255,0.5711604629339887,3.25,8.029000000000043,0.444,-1.0,,,9,3,3.0,2025
2025-03-11 09:00:00+00:00|1.0|calendar_keep_tue_wed_thu_h9_tp06_sl065,2025-03-11 09:00:00+00:00,STAGE28A,data/reports/stage28a_discovery_factory_batch_runner/stage28a_exact_trades.csv,calendar_time_risk_proxy_v1,calendar_keep_tue_wed_thu_h9_tp06_sl065,1.3227999999998246,0.2727999999998247,-0.427200000000175,1,0,1,0,0.2727999999998247,38.289999999999964,20.169999999999618,0.4615765989092772,21.789999999999964,0.6608536025699915,9.319999999999709,7.838999999999873,0.312,1.0,,,9,1,3.0,2025
2025-03-12 09:00:00+00:00|-1.0|calendar_keep_tue_wed_thu_h9_tp06_sl065,2025-03-12 09:00:00+00:00,STAGE28A,data/reports/stage28a_discovery_factory_batch_runner/stage28a_exact_trades.csv,calendar_time_risk_proxy_v1,calendar_keep_tue_wed_thu_h9_tp06_sl065,1.3065999999997984,0.2565999999997985,-0.4434000000002012,1,0,1,0,0.2565999999997985,41.909999999999854,9.090000000000146,0.10121012101205756,16.450000000000273,0.043161094224925506,9.789999999999964,5.554499999999962,0.016,-1.0,,,9,2,3.0,2025
2025-03-13 09:00:00+00:00|1.0|calendar_keep_tue_wed_thu_h9_tp06_sl065,2025-03-13 09:00:00+00:00,STAGE28A,data/reports/stage28a_discovery_factory_batch_runner/stage28a_exact_trades.csv,calendar_time_risk_proxy_v1,calendar_keep_tue_wed_thu_h9_tp06_sl065,1.2015999999997802,0.1515999999997803,-0.5484000000002194,1,0,0,0,0.1515999999997803,34.40000000000009,14.309999999999945,0.8315863032844261,15.86999999999989,0.043478260869568956,4.789999999999964,6.024500000000012,0.072,1.0,,,9,3,3.0,2025
2025-03-18 09:00:00+00:00|1.0|calendar_keep_tue_wed_thu_h9_tp06_sl065,2025-03-18 09:00:00+00:00,STAGE28A,data/reports/stage28a_discovery_factory_batch_runner/stage28a_exact_trades.csv,calendar_time_risk_proxy_v1,calendar_keep_tue_wed_thu_h9_tp06_sl065,-2.632799999999952,-3.682799999999952,-4.382799999999952,0,0,0,1,3.682799999999952,20.670000000000073,17.58999999999969,0.8095508811824919,22.340000000000146,0.4185317815577372,6.989999999999782,5.907500000000004,0.152,1.0,,,9,1,3.0,2025
2025-03-19 09:00:00+00:00|-1.0|calendar_keep_tue_wed_thu_h9_tp06_sl065,2025-03-19 09:00:00+00:00,STAGE28A,data/reports/stage28a_discovery_factory_batch_runner/stage28a_exact_trades.csv,calendar_time_risk_proxy_v1,calendar_keep_tue_wed_thu_h9_tp06_sl065,-2.549274999999944,-3.599274999999943,-4.299274999999943,0,0,0,1,3.599274999999943,38.73999999999978,11.580000000000382,0.2573402417961934,22.529999999999745,0.08521970705726119,10.259999999999764,5.880999999999995,0.168,-1.0,,,9,2,3.0,2025
2025-03-20 09:00:00+00:00|-1.0|calendar_keep_tue_wed_thu_h9_tp06_sl065,2025-03-20 09:00:00+00:00,STAGE28A,data/reports/stage28a_discovery_factory_batch_runner/stage28a_exact_trades.csv,calendar_time_risk_proxy_v1,calendar_keep_tue_wed_thu_h9_tp06_sl065,1.6584999999999126,0.6084999999999128,-0.0915000000000869,1,0,1,0,0.6084999999999128,29.179999999999836,12.38000000000011,0.4491114701130773,28.149999999999636,0.6600355239786916,5.869999999999891,6.9360000000000355,0.452,-1.0,,,9,3,3.0,2025
2025-03-25 09:00:00+00:00|1.0|calendar_keep_tue_wed_thu_h9_tp06_sl065,2025-03-25 09:00:00+00:00,STAGE28A,data/reports/stage28a_discovery_factory_batch_runner/stage28a_exact_trades.csv,calendar_time_risk_proxy_v1,calendar_keep_tue_wed_thu_h9_tp06_sl065,-1.931775000000107,-2.981775000000107,-3.6817750000001066,0,0,0,0,2.981775000000107,30.789999999999964,8.889999999999873,0.4915635545556753,14.550000000000182,0.5862542955326212,3.869999999999891,5.973500000000013,0.244,1.0,,,9,1,3.0,2025
2025-03-26 09:00:00+00:00|1.0|calendar_keep_tue_wed_thu_h9_tp06_sl065,2025-03-26 09:00:00+00:00,STAGE28A,data/reports/stage28a_discovery_factory_batch_runner/stage28a_exact_trades.csv,calendar_time_risk_proxy_v1,calendar_keep_tue_wed_thu_h9_tp06_sl065,1.1242000000001098,0.0742000000001099,-0.6257999999998898,1,0,0,0,0.0742000000001099,28.480000000000018,12.690000000000055,0.3065405831363165,18.789999999999964,0.4220329962746063,4.1899999999996,5.6259999999999994,0.12,1.0,,,9,2,3.0,2025
2025-03-27 09:00:00+00:00|1.0|calendar_keep_tue_wed_thu_h9_tp06_sl065,2025-03-27 09:00:00+00:00,STAGE28A,data/reports/stage28a_discovery_factory_batch_runner/stage28a_exact_trades.csv,calendar_time_risk_proxy_v1,calendar_keep_tue_wed_thu_h9_tp06_sl065,1.5694000000002233,0.5194000000002235,-0.1805999999997762,1,0,1,0,0.5194000000002235,19.840000000000146,21.110000000000127,0.7607768829938346,29.13000000000011,0.5918297288019283,6.519999999999982,5.534000000000015,0.08,1.0,,,9,3,3.0,2025
2025-04-01 09:00:00+00:00|-1.0|calendar_keep_tue_wed_thu_h9_tp06_sl065,2025-04-01 09:00:00+00:00,STAGE28A,data/reports/stage28a_discovery_factory_batch_runner/stage28a_exact_trades.csv,calendar_time_risk_proxy_v1,calendar_keep_tue_wed_thu_h9_tp06_sl065,2.294800000000032,1.244800000000032,0.5448000000000324,1,1,1,0,1.244800000000032,51.42000000000007,27.210000000000036,0.8515251745681582,24.809999999999945,0.5630794034663373,18.449999999999818,9.038999999999941,0.888,-1.0,,,9,1,4.0,2025
2025-04-02 09:00:00+00:00|1.0|calendar_keep_tue_wed_thu_h9_tp06_sl065,2025-04-02 09:00:00+00:00,STAGE28A,data/reports/stage28a_discovery_factory_batch_runner/stage28a_exact_trades.csv,calendar_time_risk_proxy_v1,calendar_keep_tue_wed_thu_h9_tp06_sl065,2.148700000000099,1.098700000000099,0.3987000000000993,1,1,1,0,1.098700000000099,48.38000000000011,27.879999999999654,0.5068149210903976,24.329999999999927,0.23386765310316776,9.570000000000164,9.11550000000002,0.856,1.0,,,9,2,4.0,2025
2025-04-03 09:00:00+00:00|-1.0|calendar_keep_tue_wed_thu_h9_tp06_sl065,2025-04-03 09:00:00+00:00,STAGE28A,data/reports/stage28a_discovery_factory_batch_runner/stage28a_exact_trades.csv,calendar_time_risk_proxy_v1,calendar_keep_tue_wed_thu_h9_tp06_sl065,3.2647000000000843,2.2147000000000845,1.5147000000000848,1,1,1,0,2.2147000000000845,41.36000000000013,45.86000000000013,0.04513737461839737,33.409999999999854,0.7934750074827995,16.789999999999964,14.777999999999997,1.0,-1.0,,,9,3,4.0,2025
2025-04-08 09:00:00+00:00|1.0|calendar_keep_tue_wed_thu_h9_tp06_sl065,2025-04-08 09:00:00+00:00,STAGE28A,data/reports/stage28a_discovery_factory_batch_runner/stage28a_exact_trades.csv,calendar_time_risk_proxy_v1,calendar_keep_tue_wed_thu_h9_tp06_sl065,3.248199999999906,2.1981999999999062,1.4981999999999065,1,1,1,0,2.1981999999999062,99.02999999999975,26.2800000000002,0.3047945205479339,24.710000000000036,0.4900849858356985,8.670000000000073,15.957500000000028,0.768,1.0,,,9,1,4.0,2025
2025-04-09 09:00:00+00:00|1.0|calendar_keep_tue_wed_thu_h9_tp06_sl065,2025-04-09 09:00:00+00:00,STAGE28A,data/reports/stage28a_discovery_factory_batch_runner/stage28a_exact_trades.csv,calendar_time_risk_proxy_v1,calendar_keep_tue_wed_thu_h9_tp06_sl065,-5.414800000000104,-6.464800000000105,-7.164800000000104,0,0,0,1,6.464800000000105,47.98000000000002,41.13999999999987,0.5486144871171555,52.7800000000002,0.7663887836301566,15.050000000000182,14.241499999999997,0.7,1.0,,,9,2,4.0,2025
2025-04-10 09:00:00+00:00|-1.0|calendar_keep_tue_wed_thu_h9_tp06_sl065,2025-04-10 09:00:00+00:00,STAGE28A,data/reports/stage28a_discovery_factory_batch_runner/stage28a_exact_trades.csv,calendar_time_risk_proxy_v1,calendar_keep_tue_wed_thu_h9_tp06_sl065,4.841200000000208,3.791200000000208,3.0912000000002084,1,1,1,0,3.791200000000208,129.6500000000001,60.11999999999989,0.7538256819693986,29.460000000000036,0.30040733197557207,19.7800000000002,21.40850000000005,0.9,-1.0,,,9,3,4.0,2025
2025-04-15 09:00:00+00:00|-1.0|calendar_keep_tue_wed_thu_h9_tp06_sl065,2025-04-15 09:00:00+00:00,STAGE28A,data/reports/stage28a_discovery_factory_batch_runner/stage28a_exact_trades.csv,calendar_time_risk_proxy_v1,calendar_keep_tue_wed_thu_h9_tp06_sl065,2.2665999999998347,1.216599999999835,0.5165999999998352,1,1,1,0,1.216599999999835,52.00999999999976,18.799999999999727,0.8563829787234118,15.259999999999764,0.38204456094364464,11.200000000000273,10.771999999999958,0.192,-1.0,,,9,1,4.0,2025
2025-04-16 09:00:00+00:00|1.0|calendar_keep_tue_wed_thu_h9_tp06_sl065,2025-04-16 09:00:00+00:00,STAGE28A,data/reports/stage28a_discovery_factory_batch_runner/stage28a_exact_trades.csv,calendar_time_risk_proxy_v1,calendar_keep_tue_wed_thu_h9_tp06_sl065,3.4131999999998697,2.36319999999987,1.66319999999987,1,1,1,0,2.36319999999987,31.389999999999873,51.76000000000022,0.7735703245749574,48.39000000000033,0.4552593511056014,8.0300000000002,10.89399999999996,0.188,1.0,,,9,2,4.0,2025
2025-04-17 09:00:00+00:00|-1.0|calendar_keep_tue_wed_thu_h9_tp06_sl065,2025-04-17 09:00:00+00:00,STAGE28A,data/reports/stage28a_discovery_factory_batch_runner/stage28a_exact_trades.csv,calendar_time_risk_proxy_v1,calendar_keep_tue_wed_thu_h9_tp06_sl065,4.2550000000000185,3.2050000000000183,2.5050000000000185,1,1,1,0,3.2050000000000183,121.34000000000015,36.90000000000009,0.17723577235772214,32.649999999999636,0.7038284839203759,16.98999999999978,13.286000000000012,0.288,-1.0,,,9,3,4.0,2025
2025-04-22 09:00:00+00:00|-1.0|calendar_keep_tue_wed_thu_h9_tp06_sl065,2025-04-22 09:00:00+00:00,STAGE28A,data/reports/stage28a_discovery_factory_batch_runner/stage28a_exact_trades.csv,calendar_time_risk_proxy_v1,calendar_keep_tue_wed_thu_h9_tp06_sl065,5.091100000000006,4.0411000000000055,3.341100000000006,1,1,1,0,4.0411000000000055,102.19999999999982,82.3100000000004,0.6886162070222277,56.809999999999945,0.5835240274599564,21.990000000000236,17.459500000000048,0.776,-1.0,,,9,1,4.0,2025
2025-04-23 09:00:00+00:00|-1.0|calendar_keep_tue_wed_thu_h9_tp06_sl065,2025-04-23 09:00:00+00:00,STAGE28A,data/reports/stage28a_discovery_factory_batch_runner/stage28a_exact_trades.csv,calendar_time_risk_proxy_v1,calendar_keep_tue_wed_thu_h9_tp06_sl065,6.79240000000018,5.742400000000179,5.04240000000018,1,1,1,0,5.742400000000179,174.55999999999995,73.46000000000004,0.1497413558399128,57.48999999999978,0.37049921725517937,33.31999999999971,26.55799999999997,1.0,-1.0,,,9,2,4.0,2025
2025-04-24 09:00:00+00:00|1.0|calendar_keep_tue_wed_thu_h9_tp06_sl065,2025-04-24 09:00:00+00:00,STAGE28A,data/reports/stage28a_discovery_factory_batch_runner/stage28a_exact_trades.csv,calendar_time_risk_proxy_v1,calendar_keep_tue_wed_thu_h9_tp06_sl065,-6.532475000000067,-7.582475000000068,-8.282475000000067,0,0,0,1,7.582475000000068,126.44999999999982,79.0,0.23063291139240252,28.09999999999991,0.312455516014243,15.010000000000218,21.276500000000077,0.824,1.0,,,9,3,4.0,2025
2025-04-29 09:00:00+00:00|-1.0|calendar_keep_tue_wed_thu_h9_tp06_sl065,2025-04-29 09:00:00+00:00,STAGE28A,data/reports/stage28a_discovery_factory_batch_runner/stage28a_exact_trades.csv,calendar_time_risk_proxy_v1,calendar_keep_tue_wed_thu_h9_tp06_sl065,-4.787875000000076,-5.837875000000077,-6.537875000000076,0,0,0,1,5.837875000000077,84.68000000000029,40.26999999999998,0.5495406009436334,19.720000000000255,0.35699797160242763,11.450000000000273,13.959000000000037,0.352,-1.0,,,9,1,4.0,2025
2025-04-30 09:00:00+00:00|-1.0|calendar_keep_tue_wed_thu_h9_tp06_sl065,2025-04-30 09:00:00+00:00,STAGE28A,data/reports/stage28a_discovery_factory_batch_runner/stage28a_exact_trades.csv,calendar_time_risk_proxy_v1,calendar_keep_tue_wed_thu_h9_tp06_sl065,2.8230999999999766,1.7730999999999768,1.073099999999977,1,1,1,0,1.7730999999999768,48.690000000000055,24.269999999999982,0.5937371240214201,39.57999999999993,0.7271349166245528,6.960000000000036,11.134499999999957,0.12,-1.0,,,9,2,4.0,2025
2025-05-01 09:00:00+00:00|1.0|calendar_keep_tue_wed_thu_h9_tp06_sl065,2025-05-01 09:00:00+00:00,STAGE28A,data/reports/stage28a_discovery_factory_batch_runner/stage28a_exact_trades.csv,calendar_time_risk_proxy_v1,calendar_keep_tue_wed_thu_h9_tp06_sl065,4.072900000000027,3.022900000000027,2.3229000000000277,1,1,1,0,3.022900000000027,60.86999999999989,61.15000000000009,0.7282093213409596,27.449999999999818,0.39744990892533266,15.319999999999709,16.417999999999985,0.6,1.0,,,9,3,5.0,2025
2025-05-06 09:00:00+00:00|1.0|calendar_keep_tue_wed_thu_h9_tp06_sl065,2025-05-06 09:00:00+00:00,STAGE28A,data/reports/stage28a_discovery_factory_batch_runner/stage28a_exact_trades.csv,calendar_time_risk_proxy_v1,calendar_keep_tue_wed_thu_h9_tp06_sl065,5.264500000000135,4.214500000000134,3.514500000000135,1,1,1,0,4.214500000000134,100.18000000000029,63.51999999999998,0.4711901763224157,32.86999999999989,0.6905993306966807,13.700000000000273,13.53100000000004,0.324,1.0,,,9,1,5.0,2025
2025-05-07 09:00:00+00:00|1.0|calendar_keep_tue_wed_thu_h9_tp06_sl065,2025-05-07 09:00:00+00:00,STAGE28A,data/reports/stage28a_discovery_factory_batch_runner/stage28a_exact_trades.csv,calendar_time_risk_proxy_v1,calendar_keep_tue_wed_thu_h9_tp06_sl065,-5.835999999999876,-6.885999999999877,-7.585999999999876,0,0,0,1,6.885999999999877,111.4699999999998,78.80000000000018,0.07398477157360296,27.629999999999654,0.20123054650742,10.789999999999964,19.46250000000009,0.852,1.0,,,9,2,5.0,2025
2025-05-08 09:00:00+00:00|-1.0|calendar_keep_tue_wed_thu_h9_tp06_sl065,2025-05-08 09:00:00+00:00,STAGE28A,data/reports/stage28a_discovery_factory_batch_runner/stage28a_exact_trades.csv,calendar_time_risk_proxy_v1,calendar_keep_tue_wed_thu_h9_tp06_sl065,-6.263050000000112,-7.313050000000112,-8.013050000000112,0,0,0,1,7.313050000000112,78.80000000000018,50.23000000000002,0.5377264582918525,79.16000000000031,0.8227640222334494,29.269999999999982,14.85549999999996,0.544,-1.0,,,9,3,5.0,2025
2025-05-13 09:00:00+00:00|1.0|calendar_keep_tue_wed_thu_h9_tp06_sl065,2025-05-13 09:00:00+00:00,STAGE28A,data/reports/stage28a_discovery_factory_batch_runner/stage28a_exact_trades.csv,calendar_time_risk_proxy_v1,calendar_keep_tue_wed_thu_h9_tp06_sl065,3.958899999999994,2.9088999999999943,2.2088999999999945,1,1,1,0,2.9088999999999943,103.59999999999991,27.399999999999636,0.1021897810219058,30.669999999999618,0.5441799804369176,9.480000000000018,12.776499999999965,0.212,1.0,,,9,1,5.0,2025
2025-05-14 09:00:00+00:00|1.0|calendar_keep_tue_wed_thu_h9_tp06_sl065,2025-05-14 09:00:00+00:00,STAGE28A,data/reports/stage28a_discovery_factory_batch_runner/stage28a_exact_trades.csv,calendar_time_risk_proxy_v1,calendar_keep_tue_wed_thu_h9_tp06_sl065,-4.283474999999816,-5.333474999999817,-6.033474999999816,0,0,0,1,5.333474999999817,49.629999999999654,30.800000000000182,0.849025974025972,22.360000000000127,0.1797853309481198,12.690000000000055,10.183999999999969,0.016,1.0,,,9,2,5.0,2025
2025-05-15 09:00:00+00:00|1.0|calendar_keep_tue_wed_thu_h9_tp06_sl065,2025-05-15 09:00:00+00:00,STAGE28A,data/reports/stage28a_discovery_factory_batch_runner/stage28a_exact_trades.csv,calendar_time_risk_proxy_v1,calendar_keep_tue_wed_thu_h9_tp06_sl065,-5.307225000000107,-6.357225000000108,-7.057225000000107,0,0,0,1,6.357225000000108,88.99000000000024,44.320000000000164,0.7274368231046958,50.940000000000055,0.290341578327443,19.620000000000346,14.314500000000066,0.528,1.0,,,9,3,5.0,2025
2025-05-20 09:00:00+00:00|1.0|calendar_keep_tue_wed_thu_h9_tp06_sl065,2025-05-20 09:00:00+00:00,STAGE28A,data/reports/stage28a_discovery_factory_batch_runner/stage28a_exact_trades.csv,calendar_time_risk_proxy_v1,calendar_keep_tue_wed_thu_h9_tp06_sl065,-4.089125000000058,-5.139125000000059,-5.839125000000058,0,0,0,1,5.139125000000059,43.039999999999964,28.140000000000327,0.5501066098080805,31.31999999999971,0.7962962962963054,9.88000000000011,10.125500000000011,0.024,1.0,,,9,1,5.0,2025
2025-05-21 09:00:00+00:00|1.0|calendar_keep_tue_wed_thu_h9_tp06_sl065,2025-05-21 09:00:00+00:00,STAGE28A,data/reports/stage28a_discovery_factory_batch_runner/stage28a_exact_trades.csv,calendar_time_risk_proxy_v1,calendar_keep_tue_wed_thu_h9_tp06_sl065,3.5667999999999664,2.5167999999999666,1.8167999999999669,1,1,1,0,2.5167999999999666,92.44000000000005,29.09999999999991,0.3731958762886497,22.159999999999854,0.26579422382673135,21.179999999999836,12.979999999999905,0.3,1.0,,,9,2,5.0,2025
2025-05-22 09:00:00+00:00|-1.0|calendar_keep_tue_wed_thu_h9_tp06_sl065,2025-05-22 09:00:00+00:00,STAGE28A,data/reports/stage28a_discovery_factory_batch_runner/stage28a_exact_trades.csv,calendar_time_risk_proxy_v1,calendar_keep_tue_wed_thu_h9_tp06_sl065,2.585199999999895,1.535199999999895,0.8351999999998956,1,1,1,0,1.535199999999895,39.2800000000002,29.789999999999964,0.5877811346089219,35.23999999999978,0.8688989784336004,13.170000000000073,10.609499999999958,0.12,-1.0,,,9,3,5.0,2025
2025-05-27 09:00:00+00:00|-1.0|calendar_keep_tue_wed_thu_h9_tp06_sl065,2025-05-27 09:00:00+00:00,STAGE28A,data/reports/stage28a_discovery_factory_batch_runner/stage28a_exact_trades.csv,calendar_time_risk_proxy_v1,calendar_keep_tue_wed_thu_h9_tp06_sl065,2.506600000000071,1.4566000000000714,0.7566000000000717,1,1,1,0,1.4566000000000714,33.23999999999978,18.09999999999991,0.3596685082872816,48.90000000000009,0.9141104294478474,16.549999999999727,7.233500000000004,0.036,-1.0,,,9,1,5.0,2025
2025-05-28 09:00:00+00:00|1.0|calendar_keep_tue_wed_thu_h9_tp06_sl065,2025-05-28 09:00:00+00:00,STAGE28A,data/reports/stage28a_discovery_factory_batch_runner/stage28a_exact_trades.csv,calendar_time_risk_proxy_v1,calendar_keep_tue_wed_thu_h9_tp06_sl065,3.1186000000001517,2.0686000000001514,1.3686000000001517,1,1,1,0,2.0686000000001514,64.65999999999985,24.050000000000182,0.22910602910601754,31.070000000000164,0.8464757000321868,14.239999999999782,9.785500000000047,0.124,1.0,,,9,2,5.0,2025
2025-05-29 09:00:00+00:00|1.0|calendar_keep_tue_wed_thu_h9_tp06_sl065,2025-05-29 09:00:00+00:00,STAGE28A,data/reports/stage28a_discovery_factory_batch_runner/stage28a_exact_trades.csv,calendar_time_risk_proxy_v1,calendar_keep_tue_wed_thu_h9_tp06_sl065,3.3265000000000327,2.276500000000033,1.576500000000033,1,1,1,0,2.276500000000033,48.7199999999998,49.67000000000007,0.2415945238574589,23.240000000000236,0.3222891566265129,6.630000000000109,14.188999999999965,0.752,1.0,,,9,3,5.0,2025
2025-06-03 09:00:00+00:00|-1.0|calendar_keep_tue_wed_thu_h9_tp06_sl065,2025-06-03 09:00:00+00:00,STAGE28A,data/reports/stage28a_discovery_factory_batch_runner/stage28a_exact_trades.csv,calendar_time_risk_proxy_v1,calendar_keep_tue_wed_thu_h9_tp06_sl065,-3.820675000000029,-4.870675000000029,-5.570675000000028,0,0,0,1,4.870675000000029,94.19000000000005,32.42000000000007,0.8932757557063532,16.5,0.27636363636363304,11.329999999999927,10.224000000000023,0.252,-1.0,,,9,1,6.0,2025
2025-06-04 09:00:00+00:00|1.0|calendar_keep_tue_wed_thu_h9_tp06_sl065,2025-06-04 09:00:00+00:00,STAGE28A,data/reports/stage28a_discovery_factory_batch_runner/stage28a_exact_trades.csv,calendar_time_risk_proxy_v1,calendar_keep_tue_wed_thu_h9_tp06_sl065,-3.47519999999995,-4.52519999999995,-5.225199999999949,0,0,0,1,4.52519999999995,59.320000000000164,26.11999999999989,0.07465543644716027,17.25,0.2179710144927663,8.440000000000055,9.388999999999896,0.16,1.0,,,9,2,6.0,2025
2025-06-05 09:00:00+00:00|1.0|calendar_keep_tue_wed_thu_h9_tp06_sl065,2025-06-05 09:00:00+00:00,STAGE28A,data/reports/stage28a_discovery_factory_batch_runner/stage28a_exact_trades.csv,calendar_time_risk_proxy_v1,calendar_keep_tue_wed_thu_h9_tp06_sl065,-3.1316750000001776,-4.181675000000178,-4.881675000000177,0,0,0,1,4.181675000000178,40.88999999999987,15.769999999999982,0.24413443246670347,30.279999999999745,0.6647952443857423,8.509999999999764,9.80050000000001,0.236,1.0,,,9,3,6.0,2025
2025-06-10 09:00:00+00:00|1.0|calendar_keep_tue_wed_thu_h9_tp06_sl065,2025-06-10 09:00:00+00:00,STAGE28A,data/reports/stage28a_discovery_factory_batch_runner/stage28a_exact_trades.csv,calendar_time_risk_proxy_v1,calendar_keep_tue_wed_thu_h9_tp06_sl065,-3.579200000000219,-4.629200000000219,-5.329200000000219,0,0,0,1,4.629200000000219,44.629999999999654,25.990000000000236,0.6167756829549673,31.990000000000236,0.6927164738980977,12.399999999999636,8.365499999999907,0.076,1.0,,,9,1,6.0,2025
2025-06-11 09:00:00+00:00|1.0|calendar_keep_tue_wed_thu_h9_tp06_sl065,2025-06-11 09:00:00+00:00,STAGE28A,data/reports/stage28a_discovery_factory_batch_runner/stage28a_exact_trades.csv,calendar_time_risk_proxy_v1,calendar_keep_tue_wed_thu_h9_tp06_sl065,-2.817075000000022,-3.8670750000000234,-4.567075000000022,0,0,0,1,3.8670750000000234,47.15000000000009,26.059999999999945,0.5721412125863349,17.140000000000327,0.3302217036172547,7.539999999999964,9.451499999999987,0.272,1.0,,,9,2,6.0,2025
2025-06-12 09:00:00+00:00|-1.0|calendar_keep_tue_wed_thu_h9_tp06_sl065,2025-06-12 09:00:00+00:00,STAGE28A,data/reports/stage28a_discovery_factory_batch_runner/stage28a_exact_trades.csv,calendar_time_risk_proxy_v1,calendar_keep_tue_wed_thu_h9_tp06_sl065,-2.9480500000000576,-3.9980500000000574,-4.698050000000057,0,0,0,1,3.9980500000000574,54.10999999999967,21.41000000000031,0.20597851471274128,37.07999999999993,0.21467098166127432,7.989999999999782,12.240500000000043,0.864,-1.0,,,9,3,6.0,2025
2025-06-17 09:00:00+00:00|-1.0|calendar_keep_tue_wed_thu_h9_tp06_sl065,2025-06-17 09:00:00+00:00,STAGE28A,data/reports/stage28a_discovery_factory_batch_runner/stage28a_exact_trades.csv,calendar_time_risk_proxy_v1,calendar_keep_tue_wed_thu_h9_tp06_sl065,2.778700000000208,1.7287000000002082,1.0287000000002084,1,1,1,0,1.7287000000002082,70.05999999999995,29.539999999999964,0.2599864590386019,20.360000000000127,0.10559921414538691,4.730000000000018,10.877500000000055,0.532,-1.0,,,9,1,6.0,2025
2025-06-18 09:00:00+00:00|-1.0|calendar_keep_tue_wed_thu_h9_tp06_sl065,2025-06-18 09:00:00+00:00,STAGE28A,data/reports/stage28a_discovery_factory_batch_runner/stage28a_exact_trades.csv,calendar_time_risk_proxy_v1,calendar_keep_tue_wed_thu_h9_tp06_sl065,2.326600000000235,1.276600000000235,0.5766000000002354,1,1,1,0,1.276600000000235,37.070000000000164,25.65000000000009,0.08109161793372008,24.519999999999982,0.5236541598695006,11.409999999999854,10.158000000000039,0.412,-1.0,,,9,2,6.0,2025
2025-06-19 09:00:00+00:00|-1.0|calendar_keep_tue_wed_thu_h9_tp06_sl065,2025-06-19 09:00:00+00:00,STAGE28A,data/reports/stage28a_discovery_factory_batch_runner/stage28a_exact_trades.csv,calendar_time_risk_proxy_v1,calendar_keep_tue_wed_thu_h9_tp06_sl065,-3.390700000000016,-4.440700000000016,-5.140700000000015,0,0,0,1,4.440700000000016,37.409999999999854,18.40000000000009,0.08641304347826835,27.670000000000073,0.11962414166967607,15.009999999999764,9.58799999999992,0.284,-1.0,,,9,3,6.0,2025
2025-06-24 09:00:00+00:00|-1.0|calendar_keep_tue_wed_thu_h9_tp06_sl065,2025-06-24 09:00:00+00:00,STAGE28A,data/reports/stage28a_discovery_factory_batch_runner/stage28a_exact_trades.csv,calendar_time_risk_proxy_v1,calendar_keep_tue_wed_thu_h9_tp06_sl065,-3.5587249999999586,-4.608724999999959,-5.308724999999958,0,0,0,1,4.608724999999959,49.309999999999945,36.75,0.08408163265306519,37.289999999999964,0.9155269509251784,22.159999999999854,13.815999999999985,0.98,-1.0,,,9,1,6.0,2025
2025-06-25 09:00:00+00:00|-1.0|calendar_keep_tue_wed_thu_h9_tp06_sl065,2025-06-25 09:00:00+00:00,STAGE28A,data/reports/stage28a_discovery_factory_batch_runner/stage28a_exact_trades.csv,calendar_time_risk_proxy_v1,calendar_keep_tue_wed_thu_h9_tp06_sl065,-2.205424999999741,-3.255424999999741,-3.9554249999997406,0,0,0,1,3.255424999999741,74.55999999999995,14.210000000000036,0.4693877551020447,15.5,0.19935483870965748,6.949999999999818,8.185499999999957,0.02,-1.0,,,9,2,6.0,2025
2025-06-26 09:00:00+00:00|1.0|calendar_keep_tue_wed_thu_h9_tp06_sl065,2025-06-26 09:00:00+00:00,STAGE28A,data/reports/stage28a_discovery_factory_batch_runner/stage28a_exact_trades.csv,calendar_time_risk_proxy_v1,calendar_keep_tue_wed_thu_h9_tp06_sl065,1.6476999999998951,0.5976999999998953,-0.1023000000001044,1,0,1,0,0.5976999999998953,25.09999999999991,13.859999999999673,0.3448773448773675,19.23999999999978,0.12577962577963098,5.779999999999745,7.60750000000005,0.08,1.0,,,9,3,6.0,2025
2025-07-01 09:00:00+00:00|1.0|calendar_keep_tue_wed_thu_h9_tp06_sl065,2025-07-01 09:00:00+00:00,STAGE28A,data/reports/stage28a_discovery_factory_batch_runner/stage28a_exact_trades.csv,calendar_time_risk_proxy_v1,calendar_keep_tue_wed_thu_h9_tp06_sl065,1.590399999999954,0.5403999999999543,-0.1596000000000454,1,0,1,0,0.5403999999999543,63.93000000000029,20.279999999999745,0.4817554240631215,29.08999999999969,0.8446201443795108,9.330000000000382,7.500500000000057,0.08,1.0,,,9,1,7.0,2025
2025-07-02 09:00:00+00:00|-1.0|calendar_keep_tue_wed_thu_h9_tp06_sl065,2025-07-02 09:00:00+00:00,STAGE28A,data/reports/stage28a_discovery_factory_batch_runner/stage28a_exact_trades.csv,calendar_time_risk_proxy_v1,calendar_keep_tue_wed_thu_h9_tp06_sl065,1.6323999999998704,0.5823999999998706,-0.1176000000001291,1,0,1,0,0.5823999999998706,55.48999999999978,16.179999999999836,0.10074165636589157,16.269999999999982,0.10571604179472997,7.279999999999745,6.909999999999991,0.044,-1.0,,,9,2,7.0,2025
2025-07-03 09:00:00+00:00|1.0|calendar_keep_tue_wed_thu_h9_tp06_sl065,2025-07-03 09:00:00+00:00,STAGE28A,data/reports/stage28a_discovery_factory_batch_runner/stage28a_exact_trades.csv,calendar_time_risk_proxy_v1,calendar_keep_tue_wed_thu_h9_tp06_sl065,1.492000000000098,0.4420000000000983,-0.2579999999999014,1,0,1,0,0.4420000000000983,34.559999999999945,23.829999999999927,0.607217792698292,19.84999999999991,0.10277078085642181,10.25,7.683999999999946,0.264,1.0,,,9,3,7.0,2025
2025-07-08 09:00:00+00:00|-1.0|calendar_keep_tue_wed_thu_h9_tp06_sl065,2025-07-08 09:00:00+00:00,STAGE28A,data/reports/stage28a_discovery_factory_batch_runner/stage28a_exact_trades.csv,calendar_time_risk_proxy_v1,calendar_keep_tue_wed_thu_h9_tp06_sl065,-2.409850000000097,-3.4598500000000967,-4.159850000000096,0,0,0,1,3.4598500000000967,46.31999999999971,16.210000000000036,0.5077112893275756,18.2800000000002,0.5202407002188246,7.0,7.360499999999979,0.224,-1.0,,,9,1,7.0,2025
2025-07-09 09:00:00+00:00|-1.0|calendar_keep_tue_wed_thu_h9_tp06_sl065,2025-07-09 09:00:00+00:00,STAGE28A,data/reports/stage28a_discovery_factory_batch_runner/stage28a_exact_trades.csv,calendar_time_risk_proxy_v1,calendar_keep_tue_wed_thu_h9_tp06_sl065,-3.197650000000158,-4.247650000000158,-4.9476500000001575,0,0,0,1,4.247650000000158,58.720000000000255,23.039999999999964,0.36067708333333154,15.109999999999673,0.2766379880873545,8.769999999999982,8.535999999999968,0.616,-1.0,,,9,2,7.0,2025
2025-07-10 09:00:00+00:00|1.0|calendar_keep_tue_wed_thu_h9_tp06_sl065,2025-07-10 09:00:00+00:00,STAGE28A,data/reports/stage28a_discovery_factory_batch_runner/stage28a_exact_trades.csv,calendar_time_risk_proxy_v1,calendar_keep_tue_wed_thu_h9_tp06_sl065,-2.271075000000201,-3.3210750000002007,-4.0210750000002005,0,0,0,1,3.3210750000002007,37.20999999999958,12.9699999999998,0.29452582883575695,15.36999999999989,0.698113207547176,4.4099999999998545,7.328499999999986,0.22,1.0,,,9,3,7.0,2025
2025-07-15 09:00:00+00:00|1.0|calendar_keep_tue_wed_thu_h9_tp06_sl065,2025-07-15 09:00:00+00:00,STAGE28A,data/reports/stage28a_discovery_factory_batch_runner/stage28a_exact_trades.csv,calendar_time_risk_proxy_v1,calendar_keep_tue_wed_thu_h9_tp06_sl065,-2.2493000000000394,-3.299300000000039,-3.999300000000039,0,0,0,1,3.299300000000039,34.059999999999945,17.06999999999971,0.7158758055067641,9.0,0.6077777777777555,4.980000000000018,6.637500000000022,0.084,1.0,,,9,1,7.0,2025
2025-07-16 09:00:00+00:00|1.0|calendar_keep_tue_wed_thu_h9_tp06_sl065,2025-07-16 09:00:00+00:00,STAGE28A,data/reports/stage28a_discovery_factory_batch_runner/stage28a_exact_trades.csv,calendar_time_risk_proxy_v1,calendar_keep_tue_wed_thu_h9_tp06_sl065,-2.216149999999834,-3.266149999999834,-3.9661499999998338,0,0,0,1,3.266149999999834,46.159999999999854,11.390000000000327,0.678665496049148,10.139999999999873,0.5601577909270574,4.1599999999998545,8.091499999999929,0.612,1.0,,,9,2,7.0,2025
2025-07-17 09:00:00+00:00|-1.0|calendar_keep_tue_wed_thu_h9_tp06_sl065,2025-07-17 09:00:00+00:00,STAGE28A,data/reports/stage28a_discovery_factory_batch_runner/stage28a_exact_trades.csv,calendar_time_risk_proxy_v1,calendar_keep_tue_wed_thu_h9_tp06_sl065,-2.56389999999974,-3.613899999999739,-4.313899999999739,0,0,0,1,3.613899999999739,57.909999999999854,16.170000000000073,0.5009276437847787,20.009999999999764,0.7901049475262435,6.949999999999818,9.99450000000004,0.976,-1.0,,,9,3,7.0,2025
2025-07-22 09:00:00+00:00|-1.0|calendar_keep_tue_wed_thu_h9_tp06_sl065,2025-07-22 09:00:00+00:00,STAGE28A,data/reports/stage28a_discovery_factory_batch_runner/stage28a_exact_trades.csv,calendar_time_risk_proxy_v1,calendar_keep_tue_wed_thu_h9_tp06_sl065,1.493199999999797,0.4431999999997971,-0.2568000000002026,1,0,1,0,0.4431999999997971,56.7199999999998,17.450000000000273,0.38739255014327295,9.409999999999854,0.6992561105207257,7.260000000000218,7.286999999999966,0.4,-1.0,,,9,1,7.0,2025
2025-07-23 09:00:00+00:00|1.0|calendar_keep_tue_wed_thu_h9_tp06_sl065,2025-07-23 09:00:00+00:00,STAGE28A,data/reports/stage28a_discovery_factory_batch_runner/stage28a_exact_trades.csv,calendar_time_risk_proxy_v1,calendar_keep_tue_wed_thu_h9_tp06_sl065,-2.608749999999964,-3.658749999999964,-4.358749999999963,0,0,0,1,3.658749999999964,50.26999999999998,19.579999999999927,0.24463738508682234,17.449999999999818,0.462464183381077,7.319999999999709,7.81149999999991,0.608,1.0,,,9,2,7.0,2025
2025-07-24 09:00:00+00:00|-1.0|calendar_keep_tue_wed_thu_h9_tp06_sl065,2025-07-24 09:00:00+00:00,STAGE28A,data/reports/stage28a_discovery_factory_batch_runner/stage28a_exact_trades.csv,calendar_time_risk_proxy_v1,calendar_keep_tue_wed_thu_h9_tp06_sl065,-3.187575000000016,-4.237575000000016,-4.937575000000015,0,0,0,1,4.237575000000016,57.620000000000346,18.539999999999964,0.1564185544768121,23.389999999999873,0.8610517315092107,8.519999999999982,8.716999999999917,0.868,-1.0,,,9,3,7.0,2025
2025-07-29 09:00:00+00:00|1.0|calendar_keep_tue_wed_thu_h9_tp06_sl065,2025-07-29 09:00:00+00:00,STAGE28A,data/reports/stage28a_discovery_factory_batch_runner/stage28a_exact_trades.csv,calendar_time_risk_proxy_v1,calendar_keep_tue_wed_thu_h9_tp06_sl065,-2.5268499999998317,-3.576849999999831,-4.276849999999831,0,0,0,1,3.576849999999831,43.44999999999982,13.079999999999927,0.1551987767583912,20.879999999999654,0.5727969348659117,5.809999999999945,7.6664999999999734,0.572,1.0,,,9,1,7.0,2025
2025-07-30 09:00:00+00:00|1.0|calendar_keep_tue_wed_thu_h9_tp06_sl065,2025-07-30 09:00:00+00:00,STAGE28A,data/reports/stage28a_discovery_factory_batch_runner/stage28a_exact_trades.csv,calendar_time_risk_proxy_v1,calendar_keep_tue_wed_thu_h9_tp06_sl065,1.7533000000002177,0.7033000000002176,0.0033000000002179,1,1,1,0,0.7033000000002176,26.38000000000011,11.730000000000018,0.06308610400684019,10.860000000000127,0.2651933701657528,6.349999999999909,6.908500000000094,0.256,1.0,,,9,2,7.0,2025
2025-07-31 09:00:00+00:00|1.0|calendar_keep_tue_wed_thu_h9_tp06_sl065,2025-07-31 09:00:00+00:00,STAGE28A,data/reports/stage28a_discovery_factory_batch_runner/stage28a_exact_trades.csv,calendar_time_risk_proxy_v1,calendar_keep_tue_wed_thu_h9_tp06_sl065,-2.82682500000019,-3.87682500000019,-4.5768250000001895,0,0,0,1,3.87682500000019,65.80000000000018,24.590000000000146,0.6547376982513141,21.06999999999971,0.5495965828191783,6.849999999999909,9.697000000000049,0.964,1.0,,,9,3,7.0,2025
2025-08-05 09:00:00+00:00|-1.0|calendar_keep_tue_wed_thu_h9_tp06_sl065,2025-08-05 09:00:00+00:00,STAGE28A,data/reports/stage28a_discovery_factory_batch_runner/stage28a_exact_trades.csv,calendar_time_risk_proxy_v1,calendar_keep_tue_wed_thu_h9_tp06_sl065,-2.0828999999999724,-3.1328999999999723,-3.832899999999972,0,0,0,1,3.1328999999999723,40.25999999999976,10.429999999999836,0.2550335570470135,16.519999999999982,0.7481840193704686,6.350000000000364,6.431999999999971,0.068,-1.0,,,9,1,8.0,2025
2025-08-06 09:00:00+00:00|-1.0|calendar_keep_tue_wed_thu_h9_tp06_sl065,2025-08-06 09:00:00+00:00,STAGE28A,data/reports/stage28a_discovery_factory_batch_runner/stage28a_exact_trades.csv,calendar_time_risk_proxy_v1,calendar_keep_tue_wed_thu_h9_tp06_sl065,1.4037999999999555,0.3537999999999557,-0.346200000000044,1,0,1,0,0.3537999999999557,40.220000000000255,12.699999999999818,0.4,20.40000000000009,0.7725490196078504,4.3400000000001455,6.965499999999997,0.176,-1.0,,,9,2,8.0,2025
2025-08-07 09:00:00+00:00|-1.0|calendar_keep_tue_wed_thu_h9_tp06_sl065,2025-08-07 09:00:00+00:00,STAGE28A,data/reports/stage28a_discovery_factory_batch_runner/stage28a_exact_trades.csv,calendar_time_risk_proxy_v1,calendar_keep_tue_wed_thu_h9_tp06_sl065,1.6177000000001498,0.56770000000015,-0.1322999999998497,1,0,1,0,0.56770000000015,27.139999999999873,18.960000000000036,0.3992616033755353,25.840000000000146,0.11803405572754296,9.400000000000091,6.831499999999982,0.164,-1.0,,,9,3,8.0,2025
2025-08-12 09:00:00+00:00|-1.0|calendar_keep_tue_wed_thu_h9_tp06_sl065,2025-08-12 09:00:00+00:00,STAGE28A,data/reports/stage28a_discovery_factory_batch_runner/stage28a_exact_trades.csv,calendar_time_risk_proxy_v1,calendar_keep_tue_wed_thu_h9_tp06_sl065,-2.717949999999837,-3.767949999999837,-4.467949999999837,0,0,0,1,3.767949999999837,64.0300000000002,15.070000000000164,0.16323822163238286,15.83999999999969,0.24368686868688147,5.179999999999836,8.767000000000007,0.568,-1.0,,,9,1,8.0,2025
2025-08-13 09:00:00+00:00|1.0|calendar_keep_tue_wed_thu_h9_tp06_sl065,2025-08-13 09:00:00+00:00,STAGE28A,data/reports/stage28a_discovery_factory_batch_runner/stage28a_exact_trades.csv,calendar_time_risk_proxy_v1,calendar_keep_tue_wed_thu_h9_tp06_sl065,-2.6896750000001703,-3.73967500000017,-4.43967500000017,0,0,0,1,3.73967500000017,28.0300000000002,11.659999999999854,0.07375643224701013,21.079999999999927,0.7191650853890115,6.3400000000001455,8.180500000000075,0.428,1.0,,,9,2,8.0,2025
2025-08-14 09:00:00+00:00|-1.0|calendar_keep_tue_wed_thu_h9_tp06_sl065,2025-08-14 09:00:00+00:00,STAGE28A,data/reports/stage28a_discovery_factory_batch_runner/stage28a_exact_trades.csv,calendar_time_risk_proxy_v1,calendar_keep_tue_wed_thu_h9_tp06_sl065,1.6368999999998777,0.5868999999998779,-0.1131000000001218,1,0,1,0,0.5868999999998779,28.230000000000018,19.61999999999989,0.1432212028542284,24.98999999999978,0.16966786714686968,5.570000000000164,6.55649999999996,0.084,-1.0,,,9,3,8.0,2025
2025-08-19 09:00:00+00:00|1.0|calendar_keep_tue_wed_thu_h9_tp06_sl065,2025-08-19 09:00:00+00:00,STAGE28A,data/reports/stage28a_discovery_factory_batch_runner/stage28a_exact_trades.csv,calendar_time_risk_proxy_v1,calendar_keep_tue_wed_thu_h9_tp06_sl065,-2.2785500000000867,-3.3285500000000865,-4.028550000000086,0,0,0,1,3.3285500000000865,34.79999999999973,15.579999999999927,0.21694480102696564,7.289999999999964,0.20301783264746578,4.809999999999945,5.101499999999987,0.008,1.0,,,9,1,8.0,2025
2025-08-20 09:00:00+00:00|1.0|calendar_keep_tue_wed_thu_h9_tp06_sl065,2025-08-20 09:00:00+00:00,STAGE28A,data/reports/stage28a_discovery_factory_batch_runner/stage28a_exact_trades.csv,calendar_time_risk_proxy_v1,calendar_keep_tue_wed_thu_h9_tp06_sl065,-2.133274999999776,-3.183274999999776,-3.883274999999776,0,0,0,1,3.183274999999776,30.36999999999989,7.0300000000002,0.09246088193457645,10.38000000000011,0.8333333333333334,6.040000000000418,5.717500000000018,0.108,1.0,,,9,2,8.0,2025
2025-08-21 09:00:00+00:00|-1.0|calendar_keep_tue_wed_thu_h9_tp06_sl065,2025-08-21 09:00:00+00:00,STAGE28A,data/reports/stage28a_discovery_factory_batch_runner/stage28a_exact_trades.csv,calendar_time_risk_proxy_v1,calendar_keep_tue_wed_thu_h9_tp06_sl065,-1.7669999999999164,-2.816999999999916,-3.516999999999916,0,0,0,0,2.816999999999916,38.88999999999987,12.33999999999969,0.793354943273923,7.849999999999909,0.09044585987261715,3.630000000000109,5.371000000000026,0.072,-1.0,,,9,3,8.0,2025
2025-08-26 09:00:00+00:00|1.0|calendar_keep_tue_wed_thu_h9_tp06_sl065,2025-08-26 09:00:00+00:00,STAGE28A,data/reports/stage28a_discovery_factory_batch_runner/stage28a_exact_trades.csv,calendar_time_risk_proxy_v1,calendar_keep_tue_wed_thu_h9_tp06_sl065,-2.3591499999998637,-3.409149999999863,-4.109149999999863,0,0,0,1,3.409149999999863,16.389999999999873,35.129999999999654,0.22687161969826014,12.58999999999969,0.030182684670346602,6.5300000000002,7.733000000000016,0.788,1.0,,,9,1,8.0,2025
2025-08-27 09:00:00+00:00|1.0|calendar_keep_tue_wed_thu_h9_tp06_sl065,2025-08-27 09:00:00+00:00,STAGE28A,data/reports/stage28a_discovery_factory_batch_runner/stage28a_exact_trades.csv,calendar_time_risk_proxy_v1,calendar_keep_tue_wed_thu_h9_tp06_sl065,-1.9759749999999257,-3.0259749999999257,-3.725974999999925,0,0,0,0,3.0259749999999257,42.19999999999982,13.800000000000182,0.7543478260869689,11.629999999999654,0.21066208082548113,4.789999999999964,6.10450000000003,0.4,1.0,,,9,2,8.0,2025
2025-08-28 09:00:00+00:00|1.0|calendar_keep_tue_wed_thu_h9_tp06_sl065,2025-08-28 09:00:00+00:00,STAGE28A,data/reports/stage28a_discovery_factory_batch_runner/stage28a_exact_trades.csv,calendar_time_risk_proxy_v1,calendar_keep_tue_wed_thu_h9_tp06_sl065,1.049499999999989,-0.0005000000000108,-0.7005000000000106,0,0,0,0,0.0005000000000108,25.049999999999727,15.08999999999969,0.3770709078860286,13.86999999999989,0.6560922855083227,3.0799999999999272,5.5294999999999845,0.256,1.0,,,9,3,8.0,2025
2025-09-02 09:00:00+00:00|-1.0|calendar_keep_tue_wed_thu_h9_tp06_sl065,2025-09-02 09:00:00+00:00,STAGE28A,data/reports/stage28a_discovery_factory_batch_runner/stage28a_exact_trades.csv,calendar_time_risk_proxy_v1,calendar_keep_tue_wed_thu_h9_tp06_sl065,-3.7930499999998575,-4.843049999999858,-5.543049999999857,0,0,0,1,4.843049999999858,52.74000000000024,34.159999999999854,0.5793325526932098,28.289999999999964,0.6564156945917191,5.670000000000073,7.553999999999974,0.792,-1.0,,,9,1,9.0,2025
2025-09-03 09:00:00+00:00|1.0|calendar_keep_tue_wed_thu_h9_tp06_sl065,2025-09-03 09:00:00+00:00,STAGE28A,data/reports/stage28a_discovery_factory_batch_runner/stage28a_exact_trades.csv,calendar_time_risk_proxy_v1,calendar_keep_tue_wed_thu_h9_tp06_sl065,2.2755999999998493,1.2255999999998497,0.5255999999998497,1,1,1,0,1.2255999999998497,70.11000000000013,20.48999999999978,0.07369448511467934,14.86999999999989,0.24277067921991619,11.039999999999964,11.042000000000007,0.96,1.0,,,9,2,9.0,2025
2025-09-04 09:00:00+00:00|1.0|calendar_keep_tue_wed_thu_h9_tp06_sl065,2025-09-04 09:00:00+00:00,STAGE28A,data/reports/stage28a_discovery_factory_batch_runner/stage28a_exact_trades.csv,calendar_time_risk_proxy_v1,calendar_keep_tue_wed_thu_h9_tp06_sl065,-5.095974999999816,-6.145974999999817,-6.845974999999816,0,0,0,1,6.145974999999817,52.10999999999967,52.7800000000002,0.6220159151193596,20.90000000000009,0.44928229665073144,8.710000000000036,10.991500000000064,0.948,1.0,,,9,3,9.0,2025
2025-09-09 09:00:00+00:00|1.0|calendar_keep_tue_wed_thu_h9_tp06_sl065,2025-09-09 09:00:00+00:00,STAGE28A,data/reports/stage28a_discovery_factory_batch_runner/stage28a_exact_trades.csv,calendar_time_risk_proxy_v1,calendar_keep_tue_wed_thu_h9_tp06_sl065,2.78799999999992,1.73799999999992,1.0379999999999203,1,1,1,0,1.73799999999992,67.81999999999971,26.2800000000002,0.6255707762556878,22.7199999999998,0.3371478873239602,6.380000000000109,8.793000000000006,0.46,1.0,,,9,1,9.0,2025
2025-09-10 09:00:00+00:00|1.0|calendar_keep_tue_wed_thu_h9_tp06_sl065,2025-09-10 09:00:00+00:00,STAGE28A,data/reports/stage28a_discovery_factory_batch_runner/stage28a_exact_trades.csv,calendar_time_risk_proxy_v1,calendar_keep_tue_wed_thu_h9_tp06_sl065,-2.9714500000000954,-4.021450000000096,-4.721450000000095,0,0,0,1,4.021450000000096,48.75999999999976,21.710000000000036,0.044679871027167126,19.68000000000029,0.9563008130081243,5.429999999999836,11.112000000000013,0.82,1.0,,,9,2,9.0,2025
2025-09-11 09:00:00+00:00|-1.0|calendar_keep_tue_wed_thu_h9_tp06_sl065,2025-09-11 09:00:00+00:00,STAGE28A,data/reports/stage28a_discovery_factory_batch_runner/stage28a_exact_trades.csv,calendar_time_risk_proxy_v1,calendar_keep_tue_wed_thu_h9_tp06_sl065,2.1732999999998355,1.1232999999998357,0.4232999999998359,1,1,1,0,1.1232999999998357,38.68000000000029,19.309999999999945,0.40963231486275903,23.88000000000011,0.43467336683417346,10.009999999999764,8.180500000000006,0.276,-1.0,,,9,3,9.0,2025
2025-09-16 09:00:00+00:00|1.0|calendar_keep_tue_wed_thu_h9_tp06_sl065,2025-09-16 09:00:00+00:00,STAGE28A,data/reports/stage28a_discovery_factory_batch_runner/stage28a_exact_trades.csv,calendar_time_risk_proxy_v1,calendar_keep_tue_wed_thu_h9_tp06_sl065,1.345600000000013,0.2956000000000132,-0.4043999999999865,1,0,1,0,0.2956000000000132,58.88000000000011,14.720000000000255,0.1555706521739079,18.590000000000146,0.9214631522323816,4.200000000000273,8.274500000000012,0.232,1.0,,,9,1,9.0,2025
2025-09-17 09:00:00+00:00|-1.0|calendar_keep_tue_wed_thu_h9_tp06_sl065,2025-09-17 09:00:00+00:00,STAGE28A,data/reports/stage28a_discovery_factory_batch_runner/stage28a_exact_trades.csv,calendar_time_risk_proxy_v1,calendar_keep_tue_wed_thu_h9_tp06_sl065,-2.902874999999858,-3.952874999999858,-4.652874999999858,0,0,0,1,3.952874999999858,28.450000000000273,21.039999999999964,0.4857414448669115,23.460000000000036,0.5920716112531906,10.199999999999818,7.27199999999998,0.136,-1.0,,,9,2,9.0,2025
2025-09-18 09:00:00+00:00|1.0|calendar_keep_tue_wed_thu_h9_tp06_sl065,2025-09-18 09:00:00+00:00,STAGE28A,data/reports/stage28a_discovery_factory_batch_runner/stage28a_exact_trades.csv,calendar_time_risk_proxy_v1,calendar_keep_tue_wed_thu_h9_tp06_sl065,2.620299999999952,1.570299999999952,0.8702999999999523,1,1,1,0,1.570299999999952,61.32999999999993,20.0,0.2259999999999991,39.059999999999945,0.33666154633895684,9.890000000000327,12.48050000000003,1.0,1.0,,,9,3,9.0,2025
2025-09-23 09:00:00+00:00|1.0|calendar_keep_tue_wed_thu_h9_tp06_sl065,2025-09-23 09:00:00+00:00,STAGE28A,data/reports/stage28a_discovery_factory_batch_runner/stage28a_exact_trades.csv,calendar_time_risk_proxy_v1,calendar_keep_tue_wed_thu_h9_tp06_sl065,-3.957825000000048,-5.007825000000048,-5.707825000000048,0,0,0,1,5.007825000000048,65.05000000000018,22.389999999999873,0.2880750334970904,48.059999999999945,0.7973366625052062,15.590000000000146,9.271999999999935,0.688,1.0,,,9,1,9.0,2025
2025-09-24 09:00:00+00:00|1.0|calendar_keep_tue_wed_thu_h9_tp06_sl065,2025-09-24 09:00:00+00:00,STAGE28A,data/reports/stage28a_discovery_factory_batch_runner/stage28a_exact_trades.csv,calendar_time_risk_proxy_v1,calendar_keep_tue_wed_thu_h9_tp06_sl065,2.133099999999922,1.0830999999999222,0.3830999999999225,1,1,1,0,1.0830999999999222,54.13000000000011,21.070000000000164,0.0014238253440790275,15.989999999999782,0.18886804252658054,9.100000000000364,11.03599999999999,0.808,1.0,,,9,2,9.0,2025
2025-09-25 09:00:00+00:00|1.0|calendar_keep_tue_wed_thu_h9_tp06_sl065,2025-09-25 09:00:00+00:00,STAGE28A,data/reports/stage28a_discovery_factory_batch_runner/stage28a_exact_trades.csv,calendar_time_risk_proxy_v1,calendar_keep_tue_wed_thu_h9_tp06_sl065,-3.7940249999997833,-4.844024999999784,-5.544024999999783,0,0,0,1,4.844024999999784,61.67000000000007,22.409999999999854,0.1976796073181758,29.980000000000018,0.6774516344229464,7.110000000000127,10.428500000000009,0.78,1.0,,,9,3,9.0,2025
2025-09-30 09:00:00+00:00|-1.0|calendar_keep_tue_wed_thu_h9_tp06_sl065,2025-09-30 09:00:00+00:00,STAGE28A,data/reports/stage28a_discovery_factory_batch_runner/stage28a_exact_trades.csv,calendar_time_risk_proxy_v1,calendar_keep_tue_wed_thu_h9_tp06_sl065,-3.788500000000204,-4.838500000000204,-5.538500000000203,0,0,0,1,4.838500000000204,77.67000000000007,41.659999999999854,0.817330772923675,78.48999999999978,0.8421454962415664,7.690000000000055,10.476500000000055,0.564,-1.0,,,9,1,9.0,2025
2025-10-01 09:00:00+00:00|1.0|calendar_keep_tue_wed_thu_h9_tp06_sl065,2025-10-01 09:00:00+00:00,STAGE28A,data/reports/stage28a_discovery_factory_batch_runner/stage28a_exact_trades.csv,calendar_time_risk_proxy_v1,calendar_keep_tue_wed_thu_h9_tp06_sl065,2.653900000000158,1.603900000000158,0.9039000000001582,1,1,1,0,1.603900000000158,78.48999999999978,21.0,0.0890476190476355,42.070000000000164,0.6467791775612058,7.789999999999964,12.010000000000014,0.72,1.0,,,9,2,10.0,2025
2025-10-02 09:00:00+00:00|1.0|calendar_keep_tue_wed_thu_h9_tp06_sl065,2025-10-02 09:00:00+00:00,STAGE28A,data/reports/stage28a_discovery_factory_batch_runner/stage28a_exact_trades.csv,calendar_time_risk_proxy_v1,calendar_keep_tue_wed_thu_h9_tp06_sl065,-2.7738500000001296,-3.8238500000001294,-4.523850000000129,0,0,0,1,3.8238500000001294,42.070000000000164,17.580000000000382,0.24857792946531573,17.940000000000055,0.696209587513921,7.230000000000018,11.192999999999984,0.536,1.0,,,9,3,10.0,2025
2025-10-07 09:00:00+00:00|-1.0|calendar_keep_tue_wed_thu_h9_tp06_sl065,2025-10-07 09:00:00+00:00,STAGE28A,data/reports/stage28a_discovery_factory_batch_runner/stage28a_exact_trades.csv,calendar_time_risk_proxy_v1,calendar_keep_tue_wed_thu_h9_tp06_sl065,2.831799999999839,1.7817999999998393,1.0817999999998396,1,1,1,0,1.7817999999998393,85.76000000000022,21.690000000000055,0.4568925772245405,35.98000000000002,0.5075041689827741,16.490000000000236,12.58900000000001,0.636,-1.0,,,9,1,10.0,2025
2025-10-08 09:00:00+00:00|1.0|calendar_keep_tue_wed_thu_h9_tp06_sl065,2025-10-08 09:00:00+00:00,STAGE28A,data/reports/stage28a_discovery_factory_batch_runner/stage28a_exact_trades.csv,calendar_time_risk_proxy_v1,calendar_keep_tue_wed_thu_h9_tp06_sl065,3.024699999999848,1.974699999999848,1.2746999999998485,1,1,1,0,1.974699999999848,50.070000000000164,33.5,0.750447761194026,34.840000000000146,0.9916762342135357,12.5,12.22200000000007,0.508,1.0,,,9,2,10.0,2025
2025-10-09 09:00:00+00:00|1.0|calendar_keep_tue_wed_thu_h9_tp06_sl065,2025-10-09 09:00:00+00:00,STAGE28A,data/reports/stage28a_discovery_factory_batch_runner/stage28a_exact_trades.csv,calendar_time_risk_proxy_v1,calendar_keep_tue_wed_thu_h9_tp06_sl065,-5.115150000000176,-6.165150000000176,-6.865150000000176,0,0,0,1,6.165150000000176,76.17000000000007,39.840000000000146,0.13453815261044447,20.940000000000055,0.5076408787010546,9.429999999999836,16.549500000000013,0.992,1.0,,,9,3,10.0,2025
2025-10-14 09:00:00+00:00|-1.0|calendar_keep_tue_wed_thu_h9_tp06_sl065,2025-10-14 09:00:00+00:00,STAGE28A,data/reports/stage28a_discovery_factory_batch_runner/stage28a_exact_trades.csv,calendar_time_risk_proxy_v1,calendar_keep_tue_wed_thu_h9_tp06_sl065,-8.46329999999998,-9.51329999999998,-10.21329999999998,0,0,0,1,9.51329999999998,117.94000000000051,59.97999999999956,0.8072690896965726,89.0300000000002,0.4022239694485041,68.53000000000065,17.415499999999973,0.808,-1.0,,,9,1,10.0,2025
2025-10-15 09:00:00+00:00|1.0|calendar_keep_tue_wed_thu_h9_tp06_sl065,2025-10-15 09:00:00+00:00,STAGE28A,data/reports/stage28a_discovery_factory_batch_runner/stage28a_exact_trades.csv,calendar_time_risk_proxy_v1,calendar_keep_tue_wed_thu_h9_tp06_sl065,-5.591275000000314,-6.641275000000315,-7.341275000000314,0,0,0,1,6.641275000000315,89.0300000000002,50.0600000000004,0.5687175389532566,53.57999999999993,0.10246360582308135,17.11999999999989,17.457499999999936,0.716,1.0,,,9,2,10.0,2025
2025-10-16 09:00:00+00:00|-1.0|calendar_keep_tue_wed_thu_h9_tp06_sl065,2025-10-16 09:00:00+00:00,STAGE28A,data/reports/stage28a_discovery_factory_batch_runner/stage28a_exact_trades.csv,calendar_time_risk_proxy_v1,calendar_keep_tue_wed_thu_h9_tp06_sl065,4.641100000000188,3.591100000000188,2.891100000000188,1,1,1,0,3.591100000000188,77.52000000000044,42.5,0.4825882352941014,37.970000000000255,0.15011851461679696,30.909999999999854,16.037500000000044,0.56,-1.0,,,9,3,10.0,2025
2025-10-21 09:00:00+00:00|-1.0|calendar_keep_tue_wed_thu_h9_tp06_sl065,2025-10-21 09:00:00+00:00,STAGE28A,data/reports/stage28a_discovery_factory_batch_runner/stage28a_exact_trades.csv,calendar_time_risk_proxy_v1,calendar_keep_tue_wed_thu_h9_tp06_sl065,5.320900000000075,4.270900000000074,3.5709000000000746,1,1,1,0,4.270900000000074,162.71999999999935,42.36000000000058,0.4952785646836467,102.25,0.796479217603908,27.199999999999818,23.157499999999935,0.776,-1.0,,,9,1,10.0,2025
2025-10-22 09:00:00+00:00|-1.0|calendar_keep_tue_wed_thu_h9_tp06_sl065,2025-10-22 09:00:00+00:00,STAGE28A,data/reports/stage28a_discovery_factory_batch_runner/stage28a_exact_trades.csv,calendar_time_risk_proxy_v1,calendar_keep_tue_wed_thu_h9_tp06_sl065,8.499099999999453,7.4490999999994525,6.749099999999453,1,1,1,0,7.4490999999994525,295.0600000000004,138.77999999999975,0.038406110390545735,101.29000000000042,0.5831770164873084,20.609999999999673,38.94250000000007,0.98,-1.0,,,9,2,10.0,2025
2025-10-23 09:00:00+00:00|1.0|calendar_keep_tue_wed_thu_h9_tp06_sl065,2025-10-23 09:00:00+00:00,STAGE28A,data/reports/stage28a_discovery_factory_batch_runner/stage28a_exact_trades.csv,calendar_time_risk_proxy_v1,calendar_keep_tue_wed_thu_h9_tp06_sl065,-7.067749999999796,-8.117749999999797,-8.817749999999796,0,0,0,1,8.117749999999797,157.02000000000044,50.55000000000018,0.21444114737883493,57.909999999999854,0.5752029010533513,26.490000000000236,30.846499999999992,0.744,1.0,,,9,3,10.0,2025
2025-10-28 09:00:00+00:00|-1.0|calendar_keep_tue_wed_thu_h9_tp06_sl065,2025-10-28 09:00:00+00:00,STAGE28A,data/reports/stage28a_discovery_factory_batch_runner/stage28a_exact_trades.csv,calendar_time_risk_proxy_v1,calendar_keep_tue_wed_thu_h9_tp06_sl065,6.255100000000221,5.20510000000022,4.505100000000221,1,1,1,0,5.20510000000022,137.97000000000025,55.86000000000013,0.19638381668457267,93.62000000000035,0.5054475539414653,30.2199999999998,23.71300000000001,0.556,-1.0,,,9,1,10.0,2025
2025-10-29 09:00:00+00:00|1.0|calendar_keep_tue_wed_thu_h9_tp06_sl065,2025-10-29 09:00:00+00:00,STAGE28A,data/reports/stage28a_discovery_factory_batch_runner/stage28a_exact_trades.csv,calendar_time_risk_proxy_v1,calendar_keep_tue_wed_thu_h9_tp06_sl065,-7.163950000000204,-8.213950000000205,-8.913950000000204,0,0,0,1,8.213950000000205,133.21000000000004,66.23999999999978,0.04649758454106186,79.11000000000013,0.9027935785614961,25.23999999999978,21.645500000000016,0.272,1.0,,,9,2,10.0,2025
2025-10-30 09:00:00+00:00|1.0|calendar_keep_tue_wed_thu_h9_tp06_sl065,2025-10-30 09:00:00+00:00,STAGE28A,data/reports/stage28a_discovery_factory_batch_runner/stage28a_exact_trades.csv,calendar_time_risk_proxy_v1,calendar_keep_tue_wed_thu_h9_tp06_sl065,-8.6469250000001,-9.6969250000001,-10.3969250000001,0,0,0,1,9.6969250000001,114.34000000000015,67.13000000000011,0.6272903321912715,64.69999999999982,0.1791344667697091,20.59999999999991,25.65150000000001,0.656,1.0,,,9,3,10.0,2025
2025-11-04 09:00:00+00:00|1.0|calendar_keep_tue_wed_thu_h9_tp06_sl065,2025-11-04 09:00:00+00:00,STAGE28A,data/reports/stage28a_discovery_factory_batch_runner/stage28a_exact_trades.csv,calendar_time_risk_proxy_v1,calendar_keep_tue_wed_thu_h9_tp06_sl065,4.185100000000057,3.135100000000057,2.435100000000057,1,1,1,0,3.135100000000057,68.20000000000027,30.5,0.3872131147540966,33.81999999999971,0.24837374334712325,20.980000000000018,15.940500000000043,0.016,1.0,,,9,1,11.0,2025
2025-11-05 09:00:00+00:00|1.0|calendar_keep_tue_wed_thu_h9_tp06_sl065,2025-11-05 09:00:00+00:00,STAGE28A,data/reports/stage28a_discovery_factory_batch_runner/stage28a_exact_trades.csv,calendar_time_risk_proxy_v1,calendar_keep_tue_wed_thu_h9_tp06_sl065,3.6357999999999264,2.5857999999999266,1.8857999999999269,1,1,1,0,2.5857999999999266,77.37999999999965,44.4399999999996,0.800405040504051,31.25,0.18431999999999243,11.769999999999982,17.054500000000008,0.12,1.0,,,9,2,11.0,2025
2025-11-06 09:00:00+00:00|1.0|calendar_keep_tue_wed_thu_h9_tp06_sl065,2025-11-06 09:00:00+00:00,STAGE28A,data/reports/stage28a_discovery_factory_batch_runner/stage28a_exact_trades.csv,calendar_time_risk_proxy_v1,calendar_keep_tue_wed_thu_h9_tp06_sl065,-3.315624999999818,-4.3656249999998185,-5.065624999999818,0,0,0,1,4.3656249999998185,61.58999999999969,25.949999999999818,0.5865125240847748,34.51999999999998,0.571552723059097,10.789999999999964,10.583000000000016,0.004,1.0,,,9,3,11.0,2025
2025-11-11 09:00:00+00:00|-1.0|calendar_keep_tue_wed_thu_h9_tp06_sl065,2025-11-11 09:00:00+00:00,STAGE28A,data/reports/stage28a_discovery_factory_batch_runner/stage28a_exact_trades.csv,calendar_time_risk_proxy_v1,calendar_keep_tue_wed_thu_h9_tp06_sl065,3.334900000000198,2.284900000000198,1.5849000000001985,1,1,1,0,2.284900000000198,122.17999999999984,33.89000000000033,0.6878135143110113,21.980000000000473,0.06505914467699091,11.0,12.523499999999945,0.188,-1.0,,,9,1,11.0,2025
2025-11-12 09:00:00+00:00|1.0|calendar_keep_tue_wed_thu_h9_tp06_sl065,2025-11-12 09:00:00+00:00,STAGE28A,data/reports/stage28a_discovery_factory_batch_runner/stage28a_exact_trades.csv,calendar_time_risk_proxy_v1,calendar_keep_tue_wed_thu_h9_tp06_sl065,-4.853200000000106,-5.903200000000107,-6.603200000000106,0,0,0,1,5.903200000000107,51.600000000000364,41.720000000000255,0.7739693192713271,34.56999999999971,0.5001446340757915,15.760000000000218,13.11550000000002,0.32,1.0,,,9,2,11.0,2025
2025-11-13 09:00:00+00:00|1.0|calendar_keep_tue_wed_thu_h9_tp06_sl065,2025-11-13 09:00:00+00:00,STAGE28A,data/reports/stage28a_discovery_factory_batch_runner/stage28a_exact_trades.csv,calendar_time_risk_proxy_v1,calendar_keep_tue_wed_thu_h9_tp06_sl065,4.46710000000021,3.4171000000002096,2.71710000000021,1,1,1,0,3.4171000000002096,112.90999999999985,39.74000000000069,0.4574735782586579,37.099999999999454,0.4256064690027007,8.86999999999989,17.819999999999983,0.704,1.0,,,9,3,11.0,2025
2025-11-18 09:00:00+00:00|1.0|calendar_keep_tue_wed_thu_h9_tp06_sl065,2025-11-18 09:00:00+00:00,STAGE28A,data/reports/stage28a_discovery_factory_batch_runner/stage28a_exact_trades.csv,calendar_time_risk_proxy_v1,calendar_keep_tue_wed_thu_h9_tp06_sl065,-6.0050000000002,-7.0550000000002,-7.7550000000002,0,0,0,1,7.0550000000002,99.80999999999995,50.38999999999987,0.5225243103790433,52.279999999999745,0.644988523335883,12.789999999999964,20.363499999999977,0.84,1.0,,,9,1,11.0,2025
2025-11-19 09:00:00+00:00|1.0|calendar_keep_tue_wed_thu_h9_tp06_sl065,2025-11-19 09:00:00+00:00,STAGE28A,data/reports/stage28a_discovery_factory_batch_runner/stage28a_exact_trades.csv,calendar_time_risk_proxy_v1,calendar_keep_tue_wed_thu_h9_tp06_sl065,3.8274999999997816,2.777499999999782,2.077499999999782,1,1,1,0,2.777499999999782,84.03999999999996,24.850000000000364,0.06156941649900111,44.95000000000027,0.7506117908787447,9.429999999999836,16.667000000000076,0.572,1.0,,,9,2,11.0,2025
2025-11-20 09:00:00+00:00|-1.0|calendar_keep_tue_wed_thu_h9_tp06_sl065,2025-11-20 09:00:00+00:00,STAGE28A,data/reports/stage28a_discovery_factory_batch_runner/stage28a_exact_trades.csv,calendar_time_risk_proxy_v1,calendar_keep_tue_wed_thu_h9_tp06_sl065,5.552799999999843,4.5027999999998425,3.802799999999843,1,1,1,0,4.5027999999998425,76.84000000000015,69.11999999999944,0.4225983796296336,39.01000000000022,0.403229941040757,18.93000000000029,20.25649999999994,0.792,-1.0,,,9,3,11.0,2025
2025-11-25 09:00:00+00:00|-1.0|calendar_keep_tue_wed_thu_h9_tp06_sl065,2025-11-25 09:00:00+00:00,STAGE28A,data/reports/stage28a_discovery_factory_batch_runner/stage28a_exact_trades.csv,calendar_time_risk_proxy_v1,calendar_keep_tue_wed_thu_h9_tp06_sl065,-4.442725000000428,-5.492725000000428,-6.192725000000428,0,0,0,1,5.492725000000428,104.51000000000022,33.219999999999345,0.08940397350991583,43.210000000000036,0.21939365887525006,13.270000000000437,15.051999999999998,0.232,-1.0,,,9,1,11.0,2025
2025-11-26 09:00:00+00:00|1.0|calendar_keep_tue_wed_thu_h9_tp06_sl065,2025-11-26 09:00:00+00:00,STAGE28A,data/reports/stage28a_discovery_factory_batch_runner/stage28a_exact_trades.csv,calendar_time_risk_proxy_v1,calendar_keep_tue_wed_thu_h9_tp06_sl065,3.5550999999999475,2.505099999999948,1.805099999999948,1,1,1,0,2.505099999999948,50.42999999999938,39.88000000000011,0.7096288866599826,21.81999999999971,0.08340971585699969,15.839999999999236,15.008499999999732,0.14,1.0,,,9,2,11.0,2025
2025-11-27 09:00:00+00:00|1.0|calendar_keep_tue_wed_thu_h9_tp06_sl065,2025-11-27 09:00:00+00:00,STAGE28A,data/reports/stage28a_discovery_factory_batch_runner/stage28a_exact_trades.csv,calendar_time_risk_proxy_v1,calendar_keep_tue_wed_thu_h9_tp06_sl065,-3.591549999999734,-4.641549999999734,-5.341549999999733,0,0,0,1,4.641549999999734,43.900000000000546,25.909999999999854,0.5461211887302441,22.269999999999527,0.26178715761113835,12.199999999999818,11.602999999999884,0.02,1.0,,,9,3,11.0,2025
2025-12-02 09:00:00+00:00|-1.0|calendar_keep_tue_wed_thu_h9_tp06_sl065,2025-12-02 09:00:00+00:00,STAGE28A,data/reports/stage28a_discovery_factory_batch_runner/stage28a_exact_trades.csv,calendar_time_risk_proxy_v1,calendar_keep_tue_wed_thu_h9_tp06_sl065,-4.021849999999722,-5.071849999999722,-5.771849999999722,0,0,0,1,5.071849999999722,58.76000000000022,36.529999999999745,0.24035039693404642,44.98999999999978,0.7317181595910254,22.909999999999854,14.40600000000004,0.284,-1.0,,,9,1,12.0,2025
2025-12-03 09:00:00+00:00|-1.0|calendar_keep_tue_wed_thu_h9_tp06_sl065,2025-12-03 09:00:00+00:00,STAGE28A,data/reports/stage28a_discovery_factory_batch_runner/stage28a_exact_trades.csv,calendar_time_risk_proxy_v1,calendar_keep_tue_wed_thu_h9_tp06_sl065,-3.659799999999996,-4.709799999999996,-5.409799999999995,0,0,0,1,4.709799999999996,72.11999999999989,26.11999999999989,0.3575803981623348,29.220000000000255,0.7488021902806269,6.859999999999673,14.750500000000011,0.34,-1.0,,,9,2,12.0,2025
2025-12-04 09:00:00+00:00|1.0|calendar_keep_tue_wed_thu_h9_tp06_sl065,2025-12-04 09:00:00+00:00,STAGE28A,data/reports/stage28a_discovery_factory_batch_runner/stage28a_exact_trades.csv,calendar_time_risk_proxy_v1,calendar_keep_tue_wed_thu_h9_tp06_sl065,-4.429399999999623,-5.479399999999624,-6.179399999999623,0,0,0,1,5.479399999999624,46.89000000000033,29.470000000000255,0.34747200542923967,27.340000000000146,0.009509875640095717,11.61999999999989,15.159500000000026,0.492,1.0,,,9,3,12.0,2025
2025-12-09 09:00:00+00:00|1.0|calendar_keep_tue_wed_thu_h9_tp06_sl065,2025-12-09 09:00:00+00:00,STAGE28A,data/reports/stage28a_discovery_factory_batch_runner/stage28a_exact_trades.csv,calendar_time_risk_proxy_v1,calendar_keep_tue_wed_thu_h9_tp06_sl065,2.450799999999981,1.4007999999999812,0.7007999999999814,1,1,1,0,1.4007999999999812,42.48999999999978,14.079999999999927,0.5589488636363588,42.75,0.39836257309940926,14.0,10.80099999999993,0.2,1.0,,,9,1,12.0,2025
2025-12-10 09:00:00+00:00|-1.0|calendar_keep_tue_wed_thu_h9_tp06_sl065,2025-12-10 09:00:00+00:00,STAGE28A,data/reports/stage28a_discovery_factory_batch_runner/stage28a_exact_trades.csv,calendar_time_risk_proxy_v1,calendar_keep_tue_wed_thu_h9_tp06_sl065,-3.001025000000118,-4.051025000000118,-4.7510250000001175,0,0,0,1,4.051025000000118,51.150000000000546,15.0,0.25533333333332847,26.73999999999978,0.5145848915482547,8.659999999999854,10.057500000000072,0.144,-1.0,,,9,2,12.0,2025
2025-12-11 09:00:00+00:00|1.0|calendar_keep_tue_wed_thu_h9_tp06_sl065,2025-12-11 09:00:00+00:00,STAGE28A,data/reports/stage28a_discovery_factory_batch_runner/stage28a_exact_trades.csv,calendar_time_risk_proxy_v1,calendar_keep_tue_wed_thu_h9_tp06_sl065,3.151000000000204,2.101000000000204,1.401000000000204,1,1,1,0,2.101000000000204,56.650000000000546,39.13999999999942,0.4757281553398101,21.590000000000146,0.1491431218156662,11.170000000000073,13.791500000000042,0.68,1.0,,,9,3,12.0,2025
2025-12-16 09:00:00+00:00|-1.0|calendar_keep_tue_wed_thu_h9_tp06_sl065,2025-12-16 09:00:00+00:00,STAGE28A,data/reports/stage28a_discovery_factory_batch_runner/stage28a_exact_trades.csv,calendar_time_risk_proxy_v1,calendar_keep_tue_wed_thu_h9_tp06_sl065,3.9003999999999,2.8503999999999,2.1503999999999,1,1,1,0,2.8503999999999,64.84000000000015,37.07000000000062,0.4086862692203772,20.51000000000022,0.5724037055094908,9.400000000000546,13.848000000000047,0.616,-1.0,,,9,1,12.0,2025
2025-12-17 09:00:00+00:00|-1.0|calendar_keep_tue_wed_thu_h9_tp06_sl065,2025-12-17 09:00:00+00:00,STAGE28A,data/reports/stage28a_discovery_factory_batch_runner/stage28a_exact_trades.csv,calendar_time_risk_proxy_v1,calendar_keep_tue_wed_thu_h9_tp06_sl065,3.3184000000004743,2.2684000000004745,1.5684000000004747,1,1,1,0,2.2684000000004745,63.220000000000255,29.93000000000029,0.7327096558636541,35.470000000000255,0.33718635466591346,12.950000000000728,14.335500000000138,0.744,-1.0,,,9,2,12.0,2025
2025-12-18 09:00:00+00:00|-1.0|calendar_keep_tue_wed_thu_h9_tp06_sl065,2025-12-18 09:00:00+00:00,STAGE28A,data/reports/stage28a_discovery_factory_batch_runner/stage28a_exact_trades.csv,calendar_time_risk_proxy_v1,calendar_keep_tue_wed_thu_h9_tp06_sl065,-2.8892250000004425,-3.9392250000004414,-4.639225000000442,0,0,0,1,3.9392250000004414,47.26000000000022,18.51000000000022,0.390059427336584,16.73999999999978,0.3912783751493045,5.380000000000109,11.88150000000005,0.344,-1.0,,,9,3,12.0,2025
2025-12-23 09:00:00+00:00|-1.0|calendar_keep_tue_wed_thu_h9_tp06_sl065,2025-12-23 09:00:00+00:00,STAGE28A,data/reports/stage28a_discovery_factory_batch_runner/stage28a_exact_trades.csv,calendar_time_risk_proxy_v1,calendar_keep_tue_wed_thu_h9_tp06_sl065,-4.100175000000126,-5.150175000000127,-5.850175000000126,0,0,0,1,5.150175000000127,122.74000000000069,52.289999999999964,0.42991011665709655,23.69000000000051,0.08104685521313305,11.989999999999782,12.480499999999983,0.444,-1.0,,,9,1,12.0,2025
2025-12-24 09:00:00+00:00|-1.0|calendar_keep_tue_wed_thu_h9_tp06_sl065,2025-12-24 09:00:00+00:00,STAGE28A,data/reports/stage28a_discovery_factory_batch_runner/stage28a_exact_trades.csv,calendar_time_risk_proxy_v1,calendar_keep_tue_wed_thu_h9_tp06_sl065,4.914100000000326,3.864100000000326,3.1641000000003263,1,1,1,0,3.864100000000326,75.19000000000051,54.51000000000022,0.07228031553842569,22.300000000000182,0.43094170403585624,12.670000000000073,19.080999999999904,1.0,-1.0,,,9,2,12.0,2025
2025-12-24 19:45:00+00:00|1.0|calendar_keep_tue_wed_thu_h9_tp06_sl065,2025-12-24 19:45:00+00:00,STAGE28A,data/reports/stage28a_discovery_factory_batch_runner/stage28a_exact_trades.csv,calendar_time_risk_proxy_v1,calendar_keep_tue_wed_thu_h9_tp06_sl065,-0.35,-1.4,-2.1,0,0,0,0,1.4,75.19000000000051,54.51000000000022,0.07228031553842569,22.300000000000182,0.43094170403585624,22.11999999999989,18.722999999999956,0.976,1.0,,,9,2,12.0,2025
2025-12-30 09:00:00+00:00|1.0|calendar_keep_tue_wed_thu_h9_tp06_sl065,2025-12-30 09:00:00+00:00,STAGE28A,data/reports/stage28a_discovery_factory_batch_runner/stage28a_exact_trades.csv,calendar_time_risk_proxy_v1,calendar_keep_tue_wed_thu_h9_tp06_sl065,-5.393024999999943,-6.443024999999944,-7.143024999999943,0,0,0,1,6.443024999999944,246.52999999999975,45.98999999999978,0.38704066101326956,41.36000000000058,0.5118471953578282,18.520000000000437,25.487500000000182,0.94,1.0,,,9,1,12.0,2025
2025-12-31 09:00:00+00:00|-1.0|calendar_keep_tue_wed_thu_h9_tp06_sl065,2025-12-31 09:00:00+00:00,STAGE28A,data/reports/stage28a_discovery_factory_batch_runner/stage28a_exact_trades.csv,calendar_time_risk_proxy_v1,calendar_keep_tue_wed_thu_h9_tp06_sl065,8.55729999999985,7.50729999999985,6.8072999999998505,1,1,1,0,7.50729999999985,80.57999999999993,44.35999999999967,0.13841298467086255,68.73999999999978,0.3840558626709299,54.44000000000051,24.946000000000005,0.912,-1.0,,,9,2,12.0,2025
2025-12-31 22:45:00+00:00|1.0|calendar_keep_tue_wed_thu_h9_tp06_sl065,2025-12-31 22:45:00+00:00,STAGE28A,data/reports/stage28a_discovery_factory_batch_runner/stage28a_exact_trades.csv,calendar_time_risk_proxy_v1,calendar_keep_tue_wed_thu_h9_tp06_sl065,4.824399999999878,3.774399999999878,3.074399999999878,1,1,1,0,3.774399999999878,80.57999999999993,44.35999999999967,0.13841298467086255,68.73999999999978,0.3840558626709299,15.100000000000364,25.212999999999965,0.892,1.0,,,9,2,12.0,2025
2026-01-06 09:00:00+00:00|-1.0|calendar_keep_tue_wed_thu_h9_tp06_sl065,2026-01-06 09:00:00+00:00,STAGE28A,data/reports/stage28a_discovery_factory_batch_runner/stage28a_exact_trades.csv,calendar_time_risk_proxy_v1,calendar_keep_tue_wed_thu_h9_tp06_sl065,3.5514999999999417,2.501499999999942,1.801499999999942,1,1,1,0,2.501499999999942,110.64000000000033,40.539999999999964,0.6625555007400024,32.960000000000036,0.46450242718447765,15.449999999999818,16.43150000000005,0.424,-1.0,,,9,1,1.0,2026
2026-01-07 09:00:00+00:00|-1.0|calendar_keep_tue_wed_thu_h9_tp06_sl065,2026-01-07 09:00:00+00:00,STAGE28A,data/reports/stage28a_discovery_factory_batch_runner/stage28a_exact_trades.csv,calendar_time_risk_proxy_v1,calendar_keep_tue_wed_thu_h9_tp06_sl065,3.957099999999991,2.907099999999992,2.207099999999992,1,1,1,0,2.907099999999992,69.30999999999949,40.720000000000255,0.7094793713163101,33.11999999999989,0.011171497584537804,18.86999999999989,15.88100000000004,0.348,-1.0,,,9,2,1.0,2026
2026-01-08 09:00:00+00:00|1.0|calendar_keep_tue_wed_thu_h9_tp06_sl065,2026-01-08 09:00:00+00:00,STAGE28A,data/reports/stage28a_discovery_factory_batch_runner/stage28a_exact_trades.csv,calendar_time_risk_proxy_v1,calendar_keep_tue_wed_thu_h9_tp06_sl065,-5.211025000000154,-6.261025000000155,-6.961025000000154,0,0,0,1,6.261025000000155,76.98000000000047,36.0,0.8824999999999869,24.0,0.07875000000001364,21.699999999999818,16.355000000000018,0.36,1.0,,,9,3,1.0,2026
2026-01-13 09:00:00+00:00|-1.0|calendar_keep_tue_wed_thu_h9_tp06_sl065,2026-01-13 09:00:00+00:00,STAGE28A,data/reports/stage28a_discovery_factory_batch_runner/stage28a_exact_trades.csv,calendar_time_risk_proxy_v1,calendar_keep_tue_wed_thu_h9_tp06_sl065,3.3909999999999854,2.340999999999985,1.6409999999999858,1,1,1,0,2.340999999999985,116.96000000000004,32.23000000000047,0.0896680111697265,28.42999999999938,0.3496306718255619,18.6899999999996,17.404499999999963,0.512,-1.0,,,9,1,1.0,2026
2026-01-14 09:00:00+00:00|1.0|calendar_keep_tue_wed_thu_h9_tp06_sl065,2026-01-14 09:00:00+00:00,STAGE28A,data/reports/stage28a_discovery_factory_batch_runner/stage28a_exact_trades.csv,calendar_time_risk_proxy_v1,calendar_keep_tue_wed_thu_h9_tp06_sl065,4.019800000000396,2.969800000000396,2.269800000000396,1,1,1,0,2.969800000000396,64.76999999999953,42.88000000000011,0.705457089552237,21.579999999999927,0.15848007414272866,18.6899999999996,18.068499999999993,0.64,1.0,,,9,2,1.0,2026
2026-01-15 09:00:00+00:00|1.0|calendar_keep_tue_wed_thu_h9_tp06_sl065,2026-01-15 09:00:00+00:00,STAGE28A,data/reports/stage28a_discovery_factory_batch_runner/stage28a_exact_trades.csv,calendar_time_risk_proxy_v1,calendar_keep_tue_wed_thu_h9_tp06_sl065,-6.48339999999971,-7.533399999999711,-8.23339999999971,0,0,0,1,7.533399999999711,55.220000000000255,51.470000000000255,0.4453079463765292,39.04999999999927,0.7062740076824697,18.26000000000022,18.21850000000004,0.744,1.0,,,9,3,1.0,2026
2026-01-20 09:00:00+00:00|1.0|calendar_keep_tue_wed_thu_h9_tp06_sl065,2026-01-20 09:00:00+00:00,STAGE28A,data/reports/stage28a_discovery_factory_batch_runner/stage28a_exact_trades.csv,calendar_time_risk_proxy_v1,calendar_keep_tue_wed_thu_h9_tp06_sl065,3.807400000000052,2.7574000000000525,2.0574000000000527,1,1,1,0,2.7574000000000525,70.75,37.38999999999942,0.7983418026210438,43.05000000000018,0.726596980255529,11.449999999999818,11.228999999999905,0.04,1.0,,,9,1,1.0,2026
2026-01-21 09:00:00+00:00|-1.0|calendar_keep_tue_wed_thu_h9_tp06_sl065,2026-01-21 09:00:00+00:00,STAGE28A,data/reports/stage28a_discovery_factory_batch_runner/stage28a_exact_trades.csv,calendar_time_risk_proxy_v1,calendar_keep_tue_wed_thu_h9_tp06_sl065,-8.789924999999675,-9.839924999999676,-10.539924999999675,0,0,0,1,9.839924999999676,117.38999999999942,112.94999999999982,0.7990261177512187,55.72999999999956,0.06728871343979956,42.5600000000004,22.026999999999997,0.9,-1.0,,,9,2,1.0,2026
2026-01-22 09:00:00+00:00|1.0|calendar_keep_tue_wed_thu_h9_tp06_sl065,2026-01-22 09:00:00+00:00,STAGE28A,data/reports/stage28a_discovery_factory_batch_runner/stage28a_exact_trades.csv,calendar_time_risk_proxy_v1,calendar_keep_tue_wed_thu_h9_tp06_sl065,-5.555525000000307,-6.605525000000307,-7.305525000000307,0,0,0,1,6.605525000000307,132.3699999999999,62.81999999999971,0.306431072906719,44.42000000000007,0.716343989194049,12.829999999999927,32.33500000000008,0.976,1.0,,,9,3,1.0,2026
2026-01-27 09:00:00+00:00|1.0|calendar_keep_tue_wed_thu_h9_tp06_sl065,2026-01-27 09:00:00+00:00,STAGE28A,data/reports/stage28a_discovery_factory_batch_runner/stage28a_exact_trades.csv,calendar_time_risk_proxy_v1,calendar_keep_tue_wed_thu_h9_tp06_sl065,6.05980000000036,5.009800000000359,4.30980000000036,1,1,1,0,5.009800000000359,120.89999999999964,66.71999999999935,0.3625599520383805,43.279999999999745,0.441543438077629,17.280000000000655,34.68999999999996,0.996,1.0,,,9,1,1.0,2026
2026-01-28 09:00:00+00:00|1.0|calendar_keep_tue_wed_thu_h9_tp06_sl065,2026-01-28 09:00:00+00:00,STAGE28A,data/reports/stage28a_discovery_factory_batch_runner/stage28a_exact_trades.csv,calendar_time_risk_proxy_v1,calendar_keep_tue_wed_thu_h9_tp06_sl065,-8.288449999999647,-9.338449999999648,-10.038449999999647,0,0,0,1,9.338449999999648,177.47999999999956,91.47000000000025,0.8015742866513557,70.05000000000018,0.3504639543183327,19.400000000000546,28.39450000000006,0.844,1.0,,,9,2,1.0,2026
2026-01-29 09:00:00+00:00|-1.0|calendar_keep_tue_wed_thu_h9_tp06_sl065,2026-01-29 09:00:00+00:00,STAGE28A,data/reports/stage28a_discovery_factory_batch_runner/stage28a_exact_trades.csv,calendar_time_risk_proxy_v1,calendar_keep_tue_wed_thu_h9_tp06_sl065,12.139300000000183,11.089300000000184,10.389300000000183,1,1,1,0,11.089300000000184,367.5100000000002,177.09000000000015,0.2549551075724185,120.55000000000018,0.6137702198257957,40.72999999999956,55.31000000000004,1.0,-1.0,,,9,3,1.0,2026
2026-02-03 09:00:00+00:00|1.0|calendar_keep_tue_wed_thu_h9_tp06_sl065,2026-02-03 09:00:00+00:00,STAGE28A,data/reports/stage28a_discovery_factory_batch_runner/stage28a_exact_trades.csv,calendar_time_risk_proxy_v1,calendar_keep_tue_wed_thu_h9_tp06_sl065,-17.542825000000086,-18.592825000000083,-19.29282500000009,0,0,0,1,18.592825000000083,481.1899999999996,189.4900000000007,0.18222597498548535,139.53999999999996,0.6661889064067655,77.38999999999942,76.99800000000009,0.764,1.0,,,9,1,2.0,2026
2026-02-04 09:00:00+00:00|-1.0|calendar_keep_tue_wed_thu_h9_tp06_sl065,2026-02-04 09:00:00+00:00,STAGE28A,data/reports/stage28a_discovery_factory_batch_runner/stage28a_exact_trades.csv,calendar_time_risk_proxy_v1,calendar_keep_tue_wed_thu_h9_tp06_sl065,-10.562800000000244,-11.612800000000243,-12.312800000000244,0,0,0,1,11.612800000000243,327.28999999999996,170.6200000000008,0.7802133395850385,50.0,0.6368000000000029,31.539999999999964,48.64099999999994,0.596,-1.0,,,9,2,2.0,2026
2026-02-05 09:00:00+00:00|-1.0|calendar_keep_tue_wed_thu_h9_tp06_sl065,2026-02-05 09:00:00+00:00,STAGE28A,data/reports/stage28a_discovery_factory_batch_runner/stage28a_exact_trades.csv,calendar_time_risk_proxy_v1,calendar_keep_tue_wed_thu_h9_tp06_sl065,21.99820000000036,20.94820000000036,20.24820000000036,1,1,1,0,20.94820000000036,239.94999999999982,234.41000000000076,0.6337613583038263,116.44999999999982,0.11592958351223719,55.3100000000004,60.79850000000006,0.72,-1.0,,,9,3,2.0,2026
2026-02-10 09:00:00+00:00|1.0|calendar_keep_tue_wed_thu_h9_tp06_sl065,2026-02-10 09:00:00+00:00,STAGE28A,data/reports/stage28a_discovery_factory_batch_runner/stage28a_exact_trades.csv,calendar_time_risk_proxy_v1,calendar_keep_tue_wed_thu_h9_tp06_sl065,-8.396675000000505,-9.446675000000504,-10.146675000000505,0,0,0,1,9.446675000000504,121.23000000000047,87.30999999999949,0.0027488260222276097,51.73999999999978,0.304020100502523,26.279999999999745,29.88449999999998,0.104,1.0,,,9,1,2.0,2026
2026-02-11 09:00:00+00:00|1.0|calendar_keep_tue_wed_thu_h9_tp06_sl065,2026-02-11 09:00:00+00:00,STAGE28A,data/reports/stage28a_discovery_factory_batch_runner/stage28a_exact_trades.csv,calendar_time_risk_proxy_v1,calendar_keep_tue_wed_thu_h9_tp06_sl065,5.1550000000001095,4.105000000000109,3.405000000000109,1,1,1,0,4.105000000000109,90.59999999999945,36.149999999999636,0.11009681881052595,57.410000000000764,0.814318063055206,15.170000000000073,24.6895,0.004,1.0,,,9,2,2.0,2026
2026-02-12 09:00:00+00:00|1.0|calendar_keep_tue_wed_thu_h9_tp06_sl065,2026-02-12 09:00:00+00:00,STAGE28A,data/reports/stage28a_discovery_factory_batch_runner/stage28a_exact_trades.csv,calendar_time_risk_proxy_v1,calendar_keep_tue_wed_thu_h9_tp06_sl065,-7.237724999999591,-8.287724999999591,-8.98772499999959,0,0,0,1,8.287724999999591,99.52999999999975,54.75999999999931,0.13951789627466077,33.48999999999978,0.22066288444312857,29.06999999999971,30.011499999999888,0.152,1.0,,,9,3,2.0,2026
2026-02-17 09:00:00+00:00|-1.0|calendar_keep_tue_wed_thu_h9_tp06_sl065,2026-02-17 09:00:00+00:00,STAGE28A,data/reports/stage28a_discovery_factory_batch_runner/stage28a_exact_trades.csv,calendar_time_risk_proxy_v1,calendar_keep_tue_wed_thu_h9_tp06_sl065,-9.741525,-10.791525000000002,-11.491525,0,0,0,1,10.791525000000002,84.22000000000025,77.25,0.4779288025889977,91.84000000000015,0.4317290940766603,27.4399999999996,24.475999999999978,0.128,-1.0,,,9,1,2.0,2026
2026-02-18 09:00:00+00:00|-1.0|calendar_keep_tue_wed_thu_h9_tp06_sl065,2026-02-18 09:00:00+00:00,STAGE28A,data/reports/stage28a_discovery_factory_batch_runner/stage28a_exact_trades.csv,calendar_time_risk_proxy_v1,calendar_keep_tue_wed_thu_h9_tp06_sl065,4.04260000000013,2.9926000000001296,2.29260000000013,1,1,1,0,2.9926000000001296,157.21000000000004,86.19999999999982,0.8678654292343452,32.5,0.6058461538461415,10.650000000000546,25.517999999999894,0.164,-1.0,,,9,2,2.0,2026
2026-02-19 09:00:00+00:00|1.0|calendar_keep_tue_wed_thu_h9_tp06_sl065,2026-02-19 09:00:00+00:00,STAGE28A,data/reports/stage28a_discovery_factory_batch_runner/stage28a_exact_trades.csv,calendar_time_risk_proxy_v1,calendar_keep_tue_wed_thu_h9_tp06_sl065,-4.446300000000155,-5.496300000000156,-6.196300000000155,0,0,0,1,5.496300000000156,156.84000000000015,28.07000000000062,0.2921268257926483,40.33000000000084,0.22737416315397677,23.1899999999996,18.661500000000025,0.056,1.0,,,9,3,2.0,2026
2026-02-24 09:00:00+00:00|1.0|calendar_keep_tue_wed_thu_h9_tp06_sl065,2026-02-24 09:00:00+00:00,STAGE28A,data/reports/stage28a_discovery_factory_batch_runner/stage28a_exact_trades.csv,calendar_time_risk_proxy_v1,calendar_keep_tue_wed_thu_h9_tp06_sl065,-6.855524999999579,-7.90552499999958,-8.605524999999579,0,0,0,1,7.90552499999958,139.01000000000022,104.50999999999931,0.6400344464644605,29.329999999999927,0.16365496079100558,28.449999999999818,25.956499999999913,0.516,1.0,,,9,1,2.0,2026
2026-02-25 09:00:00+00:00|1.0|calendar_keep_tue_wed_thu_h9_tp06_sl065,2026-02-25 09:00:00+00:00,STAGE28A,data/reports/stage28a_discovery_factory_batch_runner/stage28a_exact_trades.csv,calendar_time_risk_proxy_v1,calendar_keep_tue_wed_thu_h9_tp06_sl065,5.020600000000195,3.970600000000195,3.270600000000196,1,1,1,0,3.970600000000195,155.44999999999982,71.0,0.506197183098586,40.400000000000546,0.19306930693069496,19.020000000000437,25.181500000000007,0.496,1.0,,,9,2,2.0,2026
2026-02-26 09:00:00+00:00|-1.0|calendar_keep_tue_wed_thu_h9_tp06_sl065,2026-02-26 09:00:00+00:00,STAGE28A,data/reports/stage28a_discovery_factory_batch_runner/stage28a_exact_trades.csv,calendar_time_risk_proxy_v1,calendar_keep_tue_wed_thu_h9_tp06_sl065,3.9487000000002808,2.898700000000281,2.198700000000281,1,1,1,0,2.898700000000281,94.65999999999985,43.400000000000546,0.6817972350230362,39.1899999999996,0.5435059964276703,9.269999999999527,21.66899999999987,0.344,-1.0,,,9,3,2.0,2026
2026-03-03 09:00:00+00:00|-1.0|calendar_keep_tue_wed_thu_h9_tp06_sl065,2026-03-03 09:00:00+00:00,STAGE28A,data/reports/stage28a_discovery_factory_batch_runner/stage28a_exact_trades.csv,calendar_time_risk_proxy_v1,calendar_keep_tue_wed_thu_h9_tp06_sl065,-11.086375000000409,-12.136375000000408,-12.836375000000409,0,0,0,1,12.136375000000408,158.2599999999993,50.460000000000036,0.2964724534284587,140.09999999999945,0.804354032833697,43.77000000000044,33.022499999999994,0.936,-1.0,,,9,1,3.0,2026
2026-03-04 09:00:00+00:00|1.0|calendar_keep_tue_wed_thu_h9_tp06_sl065,2026-03-04 09:00:00+00:00,STAGE28A,data/reports/stage28a_discovery_factory_batch_runner/stage28a_exact_trades.csv,calendar_time_risk_proxy_v1,calendar_keep_tue_wed_thu_h9_tp06_sl065,-11.325250000000414,-12.375250000000417,-13.075250000000414,0,0,0,1,12.375250000000417,382.7999999999993,105.97000000000025,0.29508351420212753,79.67000000000007,0.4089368645663348,37.86999999999989,60.379999999999974,0.952,1.0,,,9,2,3.0,2026
2026-03-05 09:00:00+00:00|-1.0|calendar_keep_tue_wed_thu_h9_tp06_sl065,2026-03-05 09:00:00+00:00,STAGE28A,data/reports/stage28a_discovery_factory_batch_runner/stage28a_exact_trades.csv,calendar_time_risk_proxy_v1,calendar_keep_tue_wed_thu_h9_tp06_sl065,-8.957624999999643,-10.007624999999644,-10.707624999999643,0,0,0,1,10.007624999999644,121.39000000000033,50.22999999999956,0.11108899064304152,59.60999999999967,0.12028183190739997,47.97999999999956,26.565499999999883,0.636,-1.0,,,9,3,3.0,2026
2026-03-10 09:00:00+00:00|1.0|calendar_keep_tue_wed_thu_h9_tp06_sl065,2026-03-10 09:00:00+00:00,STAGE28A,data/reports/stage28a_discovery_factory_batch_runner/stage28a_exact_trades.csv,calendar_time_risk_proxy_v1,calendar_keep_tue_wed_thu_h9_tp06_sl065,-5.587374999999701,-6.637374999999702,-7.337374999999701,0,0,0,1,6.637374999999702,176.90999999999985,69.05000000000018,0.35235336712526955,38.60999999999967,0.3504273504273468,9.159999999999854,25.005000000000017,0.332,1.0,,,9,1,3.0,2026
2026-03-11 09:00:00+00:00|-1.0|calendar_keep_tue_wed_thu_h9_tp06_sl065,2026-03-11 09:00:00+00:00,STAGE28A,data/reports/stage28a_discovery_factory_batch_runner/stage28a_exact_trades.csv,calendar_time_risk_proxy_v1,calendar_keep_tue_wed_thu_h9_tp06_sl065,4.476399999999922,3.426399999999921,2.7263999999999218,1,1,1,0,3.426399999999921,121.13000000000011,39.590000000000146,0.15584743622126926,35.25,0.5140425531914863,19.25,22.735500000000002,0.248,-1.0,,,9,2,3.0,2026
2026-03-12 09:00:00+00:00|1.0|calendar_keep_tue_wed_thu_h9_tp06_sl065,2026-03-12 09:00:00+00:00,STAGE28A,data/reports/stage28a_discovery_factory_batch_runner/stage28a_exact_trades.csv,calendar_time_risk_proxy_v1,calendar_keep_tue_wed_thu_h9_tp06_sl065,-5.54090000000051,-6.590900000000511,-7.29090000000051,0,0,0,1,6.590900000000511,89.92000000000007,56.44999999999982,0.14508414526128655,54.350000000000364,0.7308187672493098,22.850000000000364,22.40400000000009,0.228,1.0,,,9,3,3.0,2026
2026-03-17 09:00:00+00:00|-1.0|calendar_keep_tue_wed_thu_h9_tp06_sl065,2026-03-17 09:00:00+00:00,STAGE28A,data/reports/stage28a_discovery_factory_batch_runner/stage28a_exact_trades.csv,calendar_time_risk_proxy_v1,calendar_keep_tue_wed_thu_h9_tp06_sl065,4.3381000000003045,3.288100000000304,2.5881000000003045,1,1,1,0,3.288100000000304,69.77000000000044,46.720000000000255,0.5355308219178146,52.33000000000084,0.7177527231033611,17.449999999999818,21.2875,0.148,-1.0,,,9,1,3.0,2026
2026-03-18 09:00:00+00:00|1.0|calendar_keep_tue_wed_thu_h9_tp06_sl065,2026-03-18 09:00:00+00:00,STAGE28A,data/reports/stage28a_discovery_factory_batch_runner/stage28a_exact_trades.csv,calendar_time_risk_proxy_v1,calendar_keep_tue_wed_thu_h9_tp06_sl065,3.82450000000008,2.77450000000008,2.0745000000000804,1,1,1,0,2.77450000000008,70.88000000000011,33.909999999999854,0.4624004718371999,57.25,0.3369432314410474,20.019999999999527,15.59149999999986,0.004,1.0,,,9,2,3.0,2026
2026-03-19 09:00:00+00:00|-1.0|calendar_keep_tue_wed_thu_h9_tp06_sl065,2026-03-19 09:00:00+00:00,STAGE28A,data/reports/stage28a_discovery_factory_batch_runner/stage28a_exact_trades.csv,calendar_time_risk_proxy_v1,calendar_keep_tue_wed_thu_h9_tp06_sl065,7.304199999999946,6.254199999999946,5.5541999999999465,1,1,1,0,6.254199999999946,209.3699999999999,62.36999999999989,0.2081128747795494,187.1199999999999,0.911928174433516,94.14000000000033,32.58100000000004,0.908,-1.0,,,9,3,3.0,2026
2026-03-24 09:00:00+00:00|1.0|calendar_keep_tue_wed_thu_h9_tp06_sl065,2026-03-24 09:00:00+00:00,STAGE28A,data/reports/stage28a_discovery_factory_batch_runner/stage28a_exact_trades.csv,calendar_time_risk_proxy_v1,calendar_keep_tue_wed_thu_h9_tp06_sl065,-16.53922500000008,-17.589225000000077,-18.28922500000008,0,0,0,1,17.589225000000077,437.1700000000001,141.98999999999978,0.7553348827382221,121.75,0.8636550308008258,62.02000000000044,71.92600000000002,0.912,1.0,,,9,1,3.0,2026
2026-03-25 09:00:00+00:00|-1.0|calendar_keep_tue_wed_thu_h9_tp06_sl065,2026-03-25 09:00:00+00:00,STAGE28A,data/reports/stage28a_discovery_factory_batch_runner/stage28a_exact_trades.csv,calendar_time_risk_proxy_v1,calendar_keep_tue_wed_thu_h9_tp06_sl065,6.742300000000251,5.69230000000025,4.992300000000251,1,1,1,0,5.69230000000025,245.17999999999938,146.3800000000001,0.1763902172427906,45.51999999999953,0.31480667838313,23.75,42.5585,0.676,-1.0,,,9,2,3.0,2026
2026-03-26 09:00:00+00:00|-1.0|calendar_keep_tue_wed_thu_h9_tp06_sl065,2026-03-26 09:00:00+00:00,STAGE28A,data/reports/stage28a_discovery_factory_batch_runner/stage28a_exact_trades.csv,calendar_time_risk_proxy_v1,calendar_keep_tue_wed_thu_h9_tp06_sl065,-10.516650000000118,-11.566650000000118,-12.266650000000118,0,0,0,1,11.566650000000118,146.3800000000001,54.910000000000764,0.4028410125660095,109.26000000000022,0.7089511257550786,43.73000000000047,36.50800000000013,0.608,-1.0,,,9,3,3.0,2026
2026-03-31 09:00:00+00:00|1.0|calendar_keep_tue_wed_thu_h9_tp06_sl065,2026-03-31 09:00:00+00:00,STAGE28A,data/reports/stage28a_discovery_factory_batch_runner/stage28a_exact_trades.csv,calendar_time_risk_proxy_v1,calendar_keep_tue_wed_thu_h9_tp06_sl065,-11.452974999999787,-12.502974999999788,-13.202974999999787,0,0,0,1,12.502974999999788,160.84999999999945,136.60000000000036,0.3423865300146369,37.849999999999454,0.04042272126815766,33.599999999999454,33.95500000000006,0.42,1.0,,,9,1,3.0,2026
2026-04-01 09:00:00+00:00|1.0|calendar_keep_tue_wed_thu_h9_tp06_sl065,2026-04-01 09:00:00+00:00,STAGE28A,data/reports/stage28a_discovery_factory_batch_runner/stage28a_exact_trades.csv,calendar_time_risk_proxy_v1,calendar_keep_tue_wed_thu_h9_tp06_sl065,-8.195500000000356,-9.245500000000357,-9.945500000000356,0,0,0,1,9.245500000000357,204.27000000000044,62.159999999999854,0.011904761904773053,80.67000000000007,0.5141936283624697,28.660000000000764,29.81549999999993,0.196,1.0,,,9,2,4.0,2026
2026-04-02 09:00:00+00:00|-1.0|calendar_keep_tue_wed_thu_h9_tp06_sl065,2026-04-02 09:00:00+00:00,STAGE28A,data/reports/stage28a_discovery_factory_batch_runner/stage28a_exact_trades.csv,calendar_time_risk_proxy_v1,calendar_keep_tue_wed_thu_h9_tp06_sl065,14.784100000000215,13.734100000000216,13.034100000000215,1,1,1,0,13.734100000000216,131.1300000000001,150.57999999999993,0.6674193119936249,127.85000000000036,0.4268283144309703,94.5600000000004,37.019000000000005,0.564,-1.0,,,9,3,4.0,2026
2026-04-07 09:00:00+00:00|1.0|calendar_keep_tue_wed_thu_h9_tp06_sl065,2026-04-07 09:00:00+00:00,STAGE28A,data/reports/stage28a_discovery_factory_batch_runner/stage28a_exact_trades.csv,calendar_time_risk_proxy_v1,calendar_keep_tue_wed_thu_h9_tp06_sl065,-9.16432500000028,-10.21432500000028,-10.91432500000028,0,0,0,1,10.21432500000028,105.48999999999978,51.460000000000036,0.17061795569375532,71.22999999999956,0.3018391127334007,38.039999999999964,20.679999999999882,0.028,1.0,,,9,1,4.0,2026
2026-04-08 09:00:00+00:00|-1.0|calendar_keep_tue_wed_thu_h9_tp06_sl065,2026-04-08 09:00:00+00:00,STAGE28A,data/reports/stage28a_discovery_factory_batch_runner/stage28a_exact_trades.csv,calendar_time_risk_proxy_v1,calendar_keep_tue_wed_thu_h9_tp06_sl065,-8.220850000000246,-9.270850000000246,-9.970850000000246,0,0,0,1,9.270850000000246,211.28000000000065,140.1299999999992,0.1491472204381693,66.96000000000004,0.2144563918757417,43.150000000000546,35.56950000000002,0.62,-1.0,,,9,2,4.0,2026
2026-04-09 09:00:00+00:00|1.0|calendar_keep_tue_wed_thu_h9_tp06_sl065,2026-04-09 09:00:00+00:00,STAGE28A,data/reports/stage28a_discovery_factory_batch_runner/stage28a_exact_trades.csv,calendar_time_risk_proxy_v1,calendar_keep_tue_wed_thu_h9_tp06_sl065,-7.267625000000043,-8.317625000000044,-9.017625000000043,0,0,0,1,8.317625000000044,154.54999999999927,33.960000000000036,0.176972909305071,29.56999999999971,0.5989178221170176,20.50999999999931,26.256500000000052,0.088,1.0,,,9,3,4.0,2026
2026-04-14 09:00:00+00:00|1.0|calendar_keep_tue_wed_thu_h9_tp06_sl065,2026-04-14 09:00:00+00:00,STAGE28A,data/reports/stage28a_discovery_factory_batch_runner/stage28a_exact_trades.csv,calendar_time_risk_proxy_v1,calendar_keep_tue_wed_thu_h9_tp06_sl065,3.843999999999505,2.7939999999995053,2.0939999999995056,1,1,1,0,2.7939999999995053,114.48000000000047,31.23999999999978,0.3117797695262436,37.72999999999956,0.2793532997614653,16.159999999999854,17.664499999999908,0.02,1.0,,,9,1,4.0,2026
2026-04-15 09:00:00+00:00|-1.0|calendar_keep_tue_wed_thu_h9_tp06_sl065,2026-04-15 09:00:00+00:00,STAGE28A,data/reports/stage28a_discovery_factory_batch_runner/stage28a_exact_trades.csv,calendar_time_risk_proxy_v1,calendar_keep_tue_wed_thu_h9_tp06_sl065,5.082399999999689,4.032399999999688,3.332399999999689,1,1,1,0,4.032399999999688,100.72999999999956,54.25,0.20552995391704398,44.31999999999971,0.5873194945848357,17.86999999999989,19.199000000000023,0.16,-1.0,,,9,2,4.0,2026
2026-04-16 09:00:00+00:00|-1.0|calendar_keep_tue_wed_thu_h9_tp06_sl065,2026-04-16 09:00:00+00:00,STAGE28A,data/reports/stage28a_discovery_factory_batch_runner/stage28a_exact_trades.csv,calendar_time_risk_proxy_v1,calendar_keep_tue_wed_thu_h9_tp06_sl065,-4.659175000000323,-5.709175000000323,-6.409175000000323,0,0,0,1,5.709175000000323,85.13999999999942,46.51999999999953,0.3555460017196933,31.529999999999745,0.35172851252775883,17.11999999999989,15.955000000000018,0.004,-1.0,,,9,3,4.0,2026
2026-04-21 09:00:00+00:00|-1.0|calendar_keep_tue_wed_thu_h9_tp06_sl065,2026-04-21 09:00:00+00:00,STAGE28A,data/reports/stage28a_discovery_factory_batch_runner/stage28a_exact_trades.csv,calendar_time_risk_proxy_v1,calendar_keep_tue_wed_thu_h9_tp06_sl065,3.795400000000336,2.745400000000336,2.0454000000003365,1,1,1,0,2.745400000000336,90.67000000000007,40.399999999999636,0.7566831683168312,25.050000000000182,0.5417165668662519,13.679999999999382,15.084999999999946,0.064,-1.0,,,9,1,4.0,2026
2026-04-22 09:00:00+00:00|-1.0|calendar_keep_tue_wed_thu_h9_tp06_sl065,2026-04-22 09:00:00+00:00,STAGE28A,data/reports/stage28a_discovery_factory_batch_runner/stage28a_exact_trades.csv,calendar_time_risk_proxy_v1,calendar_keep_tue_wed_thu_h9_tp06_sl065,-4.726449999999749,-5.77644999999975,-6.476449999999749,0,0,0,1,5.77644999999975,164.42000000000007,49.36000000000058,0.7803889789302891,19.909999999999854,0.14364640883980928,19.67999999999938,24.95149999999999,0.816,-1.0,,,9,2,4.0,2026
2026-04-23 09:00:00+00:00|-1.0|calendar_keep_tue_wed_thu_h9_tp06_sl065,2026-04-23 09:00:00+00:00,STAGE28A,data/reports/stage28a_discovery_factory_batch_runner/stage28a_exact_trades.csv,calendar_time_risk_proxy_v1,calendar_keep_tue_wed_thu_h9_tp06_sl065,-6.403775000000314,-7.453775000000315,-8.153775000000314,0,0,0,1,7.453775000000315,56.470000000000255,59.63000000000011,0.37078651685392644,31.92999999999938,0.19417475728155145,22.279999999999745,17.6579999999999,0.348,-1.0,,,9,3,4.0,2026
2026-04-28 09:00:00+00:00|-1.0|calendar_keep_tue_wed_thu_h9_tp06_sl065,2026-04-28 09:00:00+00:00,STAGE28A,data/reports/stage28a_discovery_factory_batch_runner/stage28a_exact_trades.csv,calendar_time_risk_proxy_v1,calendar_keep_tue_wed_thu_h9_tp06_sl065,4.900299999999698,3.8502999999996974,3.1502999999996977,1,1,1,0,3.8502999999996974,62.81999999999971,34.590000000000146,0.49031511997687094,66.61000000000058,0.9911424711004333,44.07999999999993,12.861999999999899,0.044,-1.0,,,9,1,4.0,2026
2026-04-29 09:00:00+00:00|-1.0|calendar_keep_tue_wed_thu_h9_tp06_sl065,2026-04-29 09:00:00+00:00,STAGE28A,data/reports/stage28a_discovery_factory_batch_runner/stage28a_exact_trades.csv,calendar_time_risk_proxy_v1,calendar_keep_tue_wed_thu_h9_tp06_sl065,-5.48760000000002,-6.537600000000021,-7.23760000000002,0,0,0,1,6.537600000000021,146.2599999999993,33.97999999999956,0.036492054149493754,55.970000000000255,0.707343219581902,16.829999999999927,17.580000000000155,0.448,-1.0,,,9,2,4.0,2026
2026-04-30 09:00:00+00:00|1.0|calendar_keep_tue_wed_thu_h9_tp06_sl065,2026-04-30 09:00:00+00:00,STAGE28A,data/reports/stage28a_discovery_factory_batch_runner/stage28a_exact_trades.csv,calendar_time_risk_proxy_v1,calendar_keep_tue_wed_thu_h9_tp06_sl065,-5.800574999999844,-6.850574999999845,-7.550574999999844,0,0,0,1,6.850574999999845,99.84999999999945,43.11000000000058,0.09255393180235973,91.03999999999996,0.7621924428822534,27.48999999999978,20.028499999999802,0.708,1.0,,,9,3,4.0,2026
2026-05-05 09:00:00+00:00|1.0|calendar_keep_tue_wed_thu_h9_tp06_sl065,2026-05-05 09:00:00+00:00,STAGE28A,data/reports/stage28a_discovery_factory_batch_runner/stage28a_exact_trades.csv,calendar_time_risk_proxy_v1,calendar_keep_tue_wed_thu_h9_tp06_sl065,3.4281999999997423,2.3781999999997425,1.6781999999997428,1,1,1,0,2.3781999999997425,128.5099999999993,32.99000000000069,0.5216732343134185,32.52000000000044,0.6685116851168634,20.139999999999418,19.192999999999984,0.592,1.0,,,9,1,5.0,2026
2026-05-06 09:00:00+00:00|1.0|calendar_keep_tue_wed_thu_h9_tp06_sl065,2026-05-06 09:00:00+00:00,STAGE28A,data/reports/stage28a_discovery_factory_batch_runner/stage28a_exact_trades.csv,calendar_time_risk_proxy_v1,calendar_keep_tue_wed_thu_h9_tp06_sl065,4.428699999999845,3.3786999999998444,2.6786999999998446,1,1,1,0,3.3786999999998444,72.96000000000004,105.18000000000029,0.6700893706027788,65.11000000000058,0.8944862540316274,19.079999999999927,17.92749999999978,0.448,1.0,,,9,2,5.0,2026
2026-05-07 09:00:00+00:00|1.0|calendar_keep_tue_wed_thu_h9_tp06_sl065,2026-05-07 09:00:00+00:00,STAGE28A,data/reports/stage28a_discovery_factory_batch_runner/stage28a_exact_trades.csv,calendar_time_risk_proxy_v1,calendar_keep_tue_wed_thu_h9_tp06_sl065,-4.987424999999893,-6.037424999999894,-6.737424999999893,0,0,0,1,6.037424999999894,176.60000000000036,35.909999999999854,0.12252854358116552,61.06999999999971,0.48747339119043176,11.819999999999709,17.707499999999982,0.388,1.0,,,9,3,5.0,2026
2026-05-12 09:00:00+00:00|-1.0|calendar_keep_tue_wed_thu_h9_tp06_sl065,2026-05-12 09:00:00+00:00,STAGE28A,data/reports/stage28a_discovery_factory_batch_runner/stage28a_exact_trades.csv,calendar_time_risk_proxy_v1,calendar_keep_tue_wed_thu_h9_tp06_sl065,4.898199999999997,3.848199999999997,3.148199999999997,1,1,1,0,3.848199999999997,103.15999999999985,55.06999999999971,0.5616488106046932,43.150000000000546,0.48528389339511785,13.070000000000618,19.60149999999994,0.624,-1.0,,,9,1,5.0,2026
2026-05-13 09:00:00+00:00|1.0|calendar_keep_tue_wed_thu_h9_tp06_sl065,2026-05-13 09:00:00+00:00,STAGE28A,data/reports/stage28a_discovery_factory_batch_runner/stage28a_exact_trades.csv,calendar_time_risk_proxy_v1,calendar_keep_tue_wed_thu_h9_tp06_sl065,-5.159025000000474,-6.209025000000475,-6.909025000000474,0,0,0,1,6.209025000000475,134.8199999999997,38.69000000000051,0.5420005169294386,29.390000000000327,0.16570261993874913,13.460000000000036,17.222000000000026,0.22,1.0,,,9,2,5.0,2026
2026-05-14 09:00:00+00:00|1.0|calendar_keep_tue_wed_thu_h9_tp06_sl065,2026-05-14 09:00:00+00:00,STAGE28A,data/reports/stage28a_discovery_factory_batch_runner/stage28a_exact_trades.csv,calendar_time_risk_proxy_v1,calendar_keep_tue_wed_thu_h9_tp06_sl065,5.745400000000155,4.695400000000154,3.9954000000001546,1,1,1,0,4.695400000000154,57.02000000000044,32.970000000000255,0.7546254170457967,49.600000000000364,0.49818548387096484,15.019999999999527,17.450999999999976,0.316,1.0,,,9,3,5.0,2026
2026-05-19 09:00:00+00:00|-1.0|calendar_keep_tue_wed_thu_h9_tp06_sl065,2026-05-19 09:00:00+00:00,STAGE28A,data/reports/stage28a_discovery_factory_batch_runner/stage28a_exact_trades.csv,calendar_time_risk_proxy_v1,calendar_keep_tue_wed_thu_h9_tp06_sl065,5.178400000000147,4.128400000000147,3.4284000000001478,1,1,1,0,4.128400000000147,103.57999999999993,45.600000000000364,0.634210526315786,28.25999999999931,0.11075725406936256,15.489999999999782,19.042999999999893,0.488,-1.0,,,9,1,5.0,2026
2026-05-20 09:00:00+00:00|1.0|calendar_keep_tue_wed_thu_h9_tp06_sl065,2026-05-20 09:00:00+00:00,STAGE28A,data/reports/stage28a_discovery_factory_batch_runner/stage28a_exact_trades.csv,calendar_time_risk_proxy_v1,calendar_keep_tue_wed_thu_h9_tp06_sl065,-7.973849999999947,-9.023849999999948,-9.723849999999947,0,0,0,1,9.023849999999948,124.22000000000025,55.14000000000033,0.37413855640188587,34.54999999999927,0.6208393632416865,17.01000000000022,21.718500000000084,0.772,1.0,,,9,2,5.0,2026
2026-05-21 09:00:00+00:00|1.0|calendar_keep_tue_wed_thu_h9_tp06_sl065,2026-05-21 09:00:00+00:00,STAGE28A,data/reports/stage28a_discovery_factory_batch_runner/stage28a_exact_trades.csv,calendar_time_risk_proxy_v1,calendar_keep_tue_wed_thu_h9_tp06_sl065,4.748500000000059,3.6985000000000574,2.9985000000000586,1,1,1,0,3.6985000000000574,98.85000000000036,43.460000000000036,0.26346065347445485,31.13000000000011,0.08833922261484067,21.610000000000582,18.68649999999993,0.392,1.0,,,9,3,5.0,2026
2026-05-26 09:00:00+00:00|-1.0|calendar_keep_tue_wed_thu_h9_tp06_sl065,2026-05-26 09:00:00+00:00,STAGE28A,data/reports/stage28a_discovery_factory_batch_runner/stage28a_exact_trades.csv,calendar_time_risk_proxy_v1,calendar_keep_tue_wed_thu_h9_tp06_sl065,-4.328974999999991,-5.378974999999992,-6.078974999999991,0,0,0,1,5.378974999999992,37.50999999999931,52.36999999999989,0.6265037235058329,30.970000000000255,0.6293186955117733,11.94000000000051,13.159499999999934,0.076,-1.0,,,9,1,5.0,2026
2026-05-27 09:00:00+00:00|1.0|calendar_keep_tue_wed_thu_h9_tp06_sl065,2026-05-27 09:00:00+00:00,STAGE28A,data/reports/stage28a_discovery_factory_batch_runner/stage28a_exact_trades.csv,calendar_time_risk_proxy_v1,calendar_keep_tue_wed_thu_h9_tp06_sl065,4.041099999999824,2.991099999999824,2.2910999999998243,1,1,1,0,2.991099999999824,97.72000000000025,31.00999999999931,0.44953240890035184,41.44000000000051,0.16674710424709868,21.850000000000364,17.293500000000087,0.46,1.0,,,9,2,5.0,2026
2026-05-28 09:00:00+00:00|1.0|calendar_keep_tue_wed_thu_h9_tp06_sl065,2026-05-28 09:00:00+00:00,STAGE28A,data/reports/stage28a_discovery_factory_batch_runner/stage28a_exact_trades.csv,calendar_time_risk_proxy_v1,calendar_keep_tue_wed_thu_h9_tp06_sl065,6.650500000000102,5.6005000000001015,4.900500000000102,1,1,1,0,5.6005000000001015,126.31999999999971,97.43000000000029,0.8483013445550589,32.26000000000022,0.5855548667079755,28.549999999999272,22.367999999999803,0.876,1.0,,,9,3,5.0,2026
2026-06-02 09:00:00+00:00|1.0|calendar_keep_tue_wed_thu_h9_tp06_sl065,2026-06-02 09:00:00+00:00,STAGE28A,data/reports/stage28a_discovery_factory_batch_runner/stage28a_exact_trades.csv,calendar_time_risk_proxy_v1,calendar_keep_tue_wed_thu_h9_tp06_sl065,4.794999999999527,3.744999999999527,3.0449999999995274,1,1,1,0,3.744999999999527,98.14999999999964,36.25,0.3817931034482799,43.899999999999636,0.6999999999999958,12.899999999999636,16.705999999999904,0.312,1.0,,,9,1,6.0,2026
2026-06-03 09:00:00+00:00|-1.0|calendar_keep_tue_wed_thu_h9_tp06_sl065,2026-06-03 09:00:00+00:00,STAGE28A,data/reports/stage28a_discovery_factory_batch_runner/stage28a_exact_trades.csv,calendar_time_risk_proxy_v1,calendar_keep_tue_wed_thu_h9_tp06_sl065,4.037200000000121,2.987200000000121,2.287200000000121,1,1,1,0,2.987200000000121,78.61999999999989,34.289999999999964,0.01574803149608847,49.039999999999964,0.8429853181076709,17.5,14.986000000000013,0.2,-1.0,,,9,2,6.0,2026
2026-06-04 09:00:00+00:00|-1.0|calendar_keep_tue_wed_thu_h9_tp06_sl065,2026-06-04 09:00:00+00:00,STAGE28A,data/reports/stage28a_discovery_factory_batch_runner/stage28a_exact_trades.csv,calendar_time_risk_proxy_v1,calendar_keep_tue_wed_thu_h9_tp06_sl065,4.763800000000083,3.713800000000083,3.0138000000000837,1,1,1,0,3.713800000000083,70.15000000000055,52.960000000000036,0.2736027190332283,25.360000000000582,0.2602523659305719,15.300000000000182,19.105499999999893,0.828,-1.0,,,9,3,6.0,2026
2026-06-09 09:00:00+00:00|-1.0|calendar_keep_tue_wed_thu_h9_tp06_sl065,2026-06-09 09:00:00+00:00,STAGE28A,data/reports/stage28a_discovery_factory_batch_runner/stage28a_exact_trades.csv,calendar_time_risk_proxy_v1,calendar_keep_tue_wed_thu_h9_tp06_sl065,-5.422275000000445,-6.472275000000446,-7.172275000000445,0,0,0,1,6.472275000000446,84.51999999999953,29.149999999999636,0.2957118353344768,30.11999999999989,0.13313413014609007,20.789999999999964,15.9074999999998,0.232,-1.0,,,9,1,6.0,2026
2026-06-10 09:00:00+00:00|-1.0|calendar_keep_tue_wed_thu_h9_tp06_sl065,2026-06-10 09:00:00+00:00,STAGE28A,data/reports/stage28a_discovery_factory_batch_runner/stage28a_exact_trades.csv,calendar_time_risk_proxy_v1,calendar_keep_tue_wed_thu_h9_tp06_sl065,6.336399999999594,5.286399999999594,4.586399999999594,1,1,1,0,5.286399999999594,126.54999999999927,84.05999999999949,0.8455864858434494,60.32999999999993,0.2671970827117505,35.460000000000036,24.458000000000037,0.972,-1.0,,,9,2,6.0,2026
2026-06-11 09:00:00+00:00|1.0|calendar_keep_tue_wed_thu_h9_tp06_sl065,2026-06-11 09:00:00+00:00,STAGE28A,data/reports/stage28a_discovery_factory_batch_runner/stage28a_exact_trades.csv,calendar_time_risk_proxy_v1,calendar_keep_tue_wed_thu_h9_tp06_sl065,8.383900000000176,7.333900000000176,6.633900000000176,1,1,1,0,7.333900000000176,190.30999999999995,94.00999999999976,0.021380704180408716,42.4399999999996,0.4429783223374153,33.51000000000022,33.03499999999997,0.992,1.0,,,9,3,6.0,2026
2022-07-27 09:00:00+00:00|-1.0|sess_comp_exp_fade_london_h9_q0.7_tp06_sl065,2022-07-27 09:00:00+00:00,STAGE28A,data/reports/stage28a_discovery_factory_batch_runner/stage28a_exact_trades.csv,session_compression_expansion_v1,sess_comp_exp_fade_london_h9_q0.7_tp06_sl065,0.5778999999999087,-0.4721000000000912,-1.172100000000091,0,0,0,0,0.4721000000000912,14.579999999999927,4.2999999999999545,0.34883720930232925,11.460000000000036,0.47382198952878,5.320000000000164,3.317499999999973,0.116,-1.0,,,9,2,7.0,2022
2022-07-28 09:00:00+00:00|-1.0|sess_comp_exp_fade_london_h9_q0.7_tp06_sl065,2022-07-28 09:00:00+00:00,STAGE28A,data/reports/stage28a_discovery_factory_batch_runner/stage28a_exact_trades.csv,session_compression_expansion_v1,sess_comp_exp_fade_london_h9_q0.7_tp06_sl065,-1.3636749999999211,-2.413674999999921,-3.1136749999999207,0,0,0,0,2.413674999999921,28.660000000000082,7.730000000000018,0.18111254851230113,13.089999999999918,0.32773109243697407,3.509999999999991,4.741500000000007,0.692,-1.0,,,9,3,7.0,2022
2022-08-15 09:00:00+00:00|1.0|sess_comp_exp_fade_london_h9_q0.7_tp06_sl065,2022-08-15 09:00:00+00:00,STAGE28A,data/reports/stage28a_discovery_factory_batch_runner/stage28a_exact_trades.csv,session_compression_expansion_v1,sess_comp_exp_fade_london_h9_q0.7_tp06_sl065,0.4356999999999061,-0.6143000000000938,-1.3143000000000935,0,0,0,0,0.6143000000000938,2.5799999999999272,8.339999999999918,0.5851318944844313,17.659999999999854,0.8969422423556086,2.4600000000000364,3.7600000000000025,0.276,1.0,,,9,0,8.0,2022
2022-08-17 09:00:00+00:00|1.0|sess_comp_exp_fade_london_h9_q0.7_tp06_sl065,2022-08-17 09:00:00+00:00,STAGE28A,data/reports/stage28a_discovery_factory_batch_runner/stage28a_exact_trades.csv,session_compression_expansion_v1,sess_comp_exp_fade_london_h9_q0.7_tp06_sl065,0.4002999999999247,-0.6497000000000752,-1.349700000000075,0,0,0,0,0.6497000000000752,11.660000000000082,3.1499999999998636,0.17777777777776815,10.319999999999936,0.22093023255813826,3.6900000000000546,2.9245000000000005,0.052,1.0,,,9,2,8.0,2022
2022-08-22 09:00:00+00:00|1.0|sess_comp_exp_fade_london_h9_q0.7_tp06_sl065,2022-08-22 09:00:00+00:00,STAGE28A,data/reports/stage28a_discovery_factory_batch_runner/stage28a_exact_trades.csv,session_compression_expansion_v1,sess_comp_exp_fade_london_h9_q0.7_tp06_sl065,-1.2427750000000288,-2.2927750000000287,-2.9927750000000284,0,0,0,0,2.2927750000000287,3.1100000000001273,4.170000000000073,0.17266187050360066,14.790000000000191,0.6112237998647632,2.1099999999999,3.3709999999999694,0.332,1.0,,,9,0,8.0,2022
2022-08-31 09:00:00+00:00|1.0|sess_comp_exp_fade_london_h9_q0.7_tp06_sl065,2022-08-31 09:00:00+00:00,STAGE28A,data/reports/stage28a_discovery_factory_batch_runner/stage28a_exact_trades.csv,session_compression_expansion_v1,sess_comp_exp_fade_london_h9_q0.7_tp06_sl065,0.5554000000000997,-0.4945999999999002,-1.1945999999999,0,0,0,0,0.4945999999999002,19.339999999999918,3.8899999999998727,0.26478149100257237,15.8599999999999,0.8209331651954643,2.9699999999998,2.9989999999999783,0.112,1.0,,,9,2,8.0,2022
2022-09-07 09:00:00+00:00|-1.0|sess_comp_exp_fade_london_h9_q0.7_tp06_sl065,2022-09-07 09:00:00+00:00,STAGE28A,data/reports/stage28a_discovery_factory_batch_runner/stage28a_exact_trades.csv,session_compression_expansion_v1,sess_comp_exp_fade_london_h9_q0.7_tp06_sl065,0.7623999999999796,-0.2876000000000203,-0.98760000000002,0,0,0,0,0.2876000000000203,26.909999999999854,11.450000000000045,0.618340611353703,15.829999999999927,0.8597599494630425,2.8200000000001637,4.2085000000000035,0.748,-1.0,,,9,2,9.0,2022
2022-09-09 09:00:00+00:00|-1.0|sess_comp_exp_fade_london_h9_q0.7_tp06_sl065,2022-09-09 09:00:00+00:00,STAGE28A,data/reports/stage28a_discovery_factory_batch_runner/stage28a_exact_trades.csv,session_compression_expansion_v1,sess_comp_exp_fade_london_h9_q0.7_tp06_sl065,0.5338000000000648,-0.5161999999999352,-1.2161999999999349,0,0,0,0,0.5161999999999352,24.13000000000011,12.230000000000018,0.821749795584623,11.269999999999982,0.7080745341614935,2.990000000000009,4.150999999999999,0.592,-1.0,,,9,4,9.0,2022
2022-09-12 09:00:00+00:00|-1.0|sess_comp_exp_fade_london_h9_q0.7_tp06_sl065,2022-09-12 09:00:00+00:00,STAGE28A,data/reports/stage28a_discovery_factory_batch_runner/stage28a_exact_trades.csv,session_compression_expansion_v1,sess_comp_exp_fade_london_h9_q0.7_tp06_sl065,-1.2775500000001103,-2.32755000000011,-3.02755000000011,0,0,0,0,2.32755000000011,3.480000000000018,7.889999999999873,0.7553865652725137,15.549999999999955,0.7491961414790931,3.6099999999999,3.745499999999981,0.3,-1.0,,,9,0,9.0,2022
2022-09-16 09:00:00+00:00|1.0|sess_comp_exp_fade_london_h9_q0.7_tp06_sl065,2022-09-16 09:00:00+00:00,STAGE28A,data/reports/stage28a_discovery_factory_batch_runner/stage28a_exact_trades.csv,session_compression_expansion_v1,sess_comp_exp_fade_london_h9_q0.7_tp06_sl065,0.5088999999999487,-0.5411000000000512,-1.241100000000051,0,0,0,0,0.5411000000000512,37.899999999999864,6.4500000000000455,0.26976744186046464,12.11999999999989,0.3902640264026453,1.849999999999909,5.4164999999999965,0.948,1.0,,,9,4,9.0,2022
2022-09-19 09:00:00+00:00|1.0|sess_comp_exp_fade_london_h9_q0.7_tp06_sl065,2022-09-19 09:00:00+00:00,STAGE28A,data/reports/stage28a_discovery_factory_batch_runner/stage28a_exact_trades.csv,session_compression_expansion_v1,sess_comp_exp_fade_london_h9_q0.7_tp06_sl065,0.6627999999999702,-0.3872000000000297,-1.0872000000000297,0,0,0,0,0.3872000000000297,4.819999999999936,11.710000000000036,0.7856532877882166,10.049999999999955,0.5353233830845677,2.3799999999998818,4.973499999999968,0.784,1.0,,,9,0,9.0,2022
2022-09-21 09:00:00+00:00|-1.0|sess_comp_exp_fade_london_h9_q0.7_tp06_sl065,2022-09-21 09:00:00+00:00,STAGE28A,data/reports/stage28a_discovery_factory_batch_runner/stage28a_exact_trades.csv,session_compression_expansion_v1,sess_comp_exp_fade_london_h9_q0.7_tp06_sl065,0.5617000000001099,-0.48829999999989,-1.1882999999998898,0,0,0,0,0.48829999999989,19.49000000000001,4.599999999999909,0.31304347826083817,14.440000000000055,0.6606648199445934,4.410000000000082,3.175000000000023,0.04,-1.0,,,9,2,9.0,2022
2022-09-22 09:00:00+00:00|-1.0|sess_comp_exp_fade_london_h9_q0.7_tp06_sl065,2022-09-22 09:00:00+00:00,STAGE28A,data/reports/stage28a_discovery_factory_batch_runner/stage28a_exact_trades.csv,session_compression_expansion_v1,sess_comp_exp_fade_london_h9_q0.7_tp06_sl065,-1.6854249999999866,-2.7354249999999865,-3.435424999999986,0,0,0,0,2.7354249999999865,34.13999999999987,16.600000000000136,0.6379518072289055,22.539999999999964,0.2666370896184561,3.589999999999918,6.47249999999998,0.976,-1.0,,,9,3,9.0,2022
2022-09-23 09:00:00+00:00|1.0|sess_comp_exp_fade_london_h9_q0.7_tp06_sl065,2022-09-23 09:00:00+00:00,STAGE28A,data/reports/stage28a_discovery_factory_batch_runner/stage28a_exact_trades.csv,session_compression_expansion_v1,sess_comp_exp_fade_london_h9_q0.7_tp06_sl065,-1.3360499999999775,-2.3860499999999774,-3.086049999999977,0,0,0,0,2.3860499999999774,29.309999999999945,7.279999999999973,0.2967032967033091,21.38000000000011,0.5673526660430225,4.119999999999891,4.4330000000000265,0.596,1.0,,,9,4,9.0,2022
2022-09-26 09:00:00+00:00|-1.0|sess_comp_exp_fade_london_h9_q0.7_tp06_sl065,2022-09-26 09:00:00+00:00,STAGE28A,data/reports/stage28a_discovery_factory_batch_runner/stage28a_exact_trades.csv,session_compression_expansion_v1,sess_comp_exp_fade_london_h9_q0.7_tp06_sl065,-1.9649250000000849,-3.0149250000000847,-3.714925000000085,0,0,0,0,3.0149250000000847,5.389999999999873,19.279999999999973,0.29253112033195583,15.199999999999818,0.22434210526316598,5.629999999999882,7.2934999999999945,0.96,-1.0,,,9,0,9.0,2022
2022-09-28 09:00:00+00:00|1.0|sess_comp_exp_fade_london_h9_q0.7_tp06_sl065,2022-09-28 09:00:00+00:00,STAGE28A,data/reports/stage28a_discovery_factory_batch_runner/stage28a_exact_trades.csv,session_compression_expansion_v1,sess_comp_exp_fade_london_h9_q0.7_tp06_sl065,0.5917000000000826,-0.4582999999999173,-1.158299999999917,0,0,0,0,0.4582999999999173,19.6099999999999,7.720000000000027,0.6968911917098268,10.920000000000073,0.7225274725274768,2.980000000000018,4.032500000000016,0.316,1.0,,,9,2,9.0,2022
2022-09-29 09:00:00+00:00|1.0|sess_comp_exp_fade_london_h9_q0.7_tp06_sl065,2022-09-29 09:00:00+00:00,STAGE28A,data/reports/stage28a_discovery_factory_batch_runner/stage28a_exact_trades.csv,session_compression_expansion_v1,sess_comp_exp_fade_london_h9_q0.7_tp06_sl065,0.9661000000000058,-0.083899999999994,-0.7838999999999938,0,0,0,0,0.083899999999994,47.98000000000002,7.710000000000036,0.4137483787289286,13.070000000000164,0.5057383320581345,9.690000000000055,6.343000000000006,0.792,1.0,,,9,3,9.0,2022
2022-09-30 09:00:00+00:00|-1.0|sess_comp_exp_fade_london_h9_q0.7_tp06_sl065,2022-09-30 09:00:00+00:00,STAGE28A,data/reports/stage28a_discovery_factory_batch_runner/stage28a_exact_trades.csv,session_compression_expansion_v1,sess_comp_exp_fade_london_h9_q0.7_tp06_sl065,0.6118000000000393,-0.4381999999999606,-1.1381999999999604,0,0,0,0,0.4381999999999606,23.40000000000009,5.970000000000027,0.15577889447237175,12.980000000000018,0.41063174114022705,5.229999999999791,4.745999999999969,0.412,-1.0,,,9,4,9.0,2022
2022-10-04 09:00:00+00:00|-1.0|sess_comp_exp_fade_london_h9_q0.7_tp06_sl065,2022-10-04 09:00:00+00:00,STAGE28A,data/reports/stage28a_discovery_factory_batch_runner/stage28a_exact_trades.csv,session_compression_expansion_v1,sess_comp_exp_fade_london_h9_q0.7_tp06_sl065,-1.648050000000103,-2.698050000000103,-3.3980500000001026,0,0,0,0,2.698050000000103,41.819999999999936,7.339999999999918,0.08446866485012232,13.170000000000073,0.6522399392558748,6.440000000000055,5.827999999999998,0.664,-1.0,,,9,1,10.0,2022
2022-10-05 09:00:00+00:00|1.0|sess_comp_exp_fade_london_h9_q0.7_tp06_sl065,2022-10-05 09:00:00+00:00,STAGE28A,data/reports/stage28a_discovery_factory_batch_runner/stage28a_exact_trades.csv,session_compression_expansion_v1,sess_comp_exp_fade_london_h9_q0.7_tp06_sl065,-1.6828249999999572,-2.732824999999957,-3.4328249999999567,0,0,0,0,2.732824999999957,34.200000000000045,8.230000000000018,0.7095990279465255,21.699999999999818,0.5949308755760456,4.350000000000136,4.887499999999989,0.416,1.0,,,9,2,10.0,2022
2022-10-06 09:00:00+00:00|1.0|sess_comp_exp_fade_london_h9_q0.7_tp06_sl065,2022-10-06 09:00:00+00:00,STAGE28A,data/reports/stage28a_discovery_factory_batch_runner/stage28a_exact_trades.csv,session_compression_expansion_v1,sess_comp_exp_fade_london_h9_q0.7_tp06_sl065,-1.4491500000000088,-2.4991500000000086,-3.1991500000000084,0,0,0,0,2.4991500000000086,27.309999999999945,9.439999999999827,0.6430084745762762,12.129999999999882,0.6158285243198763,3.5900000000001455,4.90350000000002,0.332,1.0,,,9,3,10.0,2022
2022-10-14 09:00:00+00:00|1.0|sess_comp_exp_fade_london_h9_q0.7_tp06_sl065,2022-10-14 09:00:00+00:00,STAGE28A,data/reports/stage28a_discovery_factory_batch_runner/stage28a_exact_trades.csv,session_compression_expansion_v1,sess_comp_exp_fade_london_h9_q0.7_tp06_sl065,0.9237999999999374,-0.1262000000000624,-0.8262000000000622,0,0,0,0,0.1262000000000624,40.01999999999998,11.259999999999991,0.3028419182948565,21.539999999999964,0.7000928505106861,3.980000000000018,7.225999999999999,0.988,1.0,,,9,4,10.0,2022
2022-10-18 09:00:00+00:00|1.0|sess_comp_exp_fade_london_h9_q0.7_tp06_sl065,2022-10-18 09:00:00+00:00,STAGE28A,data/reports/stage28a_discovery_factory_batch_runner/stage28a_exact_trades.csv,session_compression_expansion_v1,sess_comp_exp_fade_london_h9_q0.7_tp06_sl065,0.8496999999998934,-0.2003000000001065,-0.9003000000001062,0,0,0,0,0.2003000000001065,25.279999999999973,4.639999999999873,0.4008620689655067,12.230000000000018,0.039247751430909035,4.559999999999945,4.326499999999987,0.228,1.0,,,9,1,10.0,2022
2022-10-19 09:00:00+00:00|1.0|sess_comp_exp_fade_london_h9_q0.7_tp06_sl065,2022-10-19 09:00:00+00:00,STAGE28A,data/reports/stage28a_discovery_factory_batch_runner/stage28a_exact_trades.csv,session_compression_expansion_v1,sess_comp_exp_fade_london_h9_q0.7_tp06_sl065,-1.2626000000001114,-2.3126000000001112,-3.012600000000111,0,0,0,0,2.3126000000001112,15.049999999999955,5.379999999999882,0.6189591078067338,11.819999999999936,0.6142131979695457,2.8299999999999272,3.4424999999999613,0.036,1.0,,,9,2,10.0,2022
2022-10-24 09:00:00+00:00|1.0|sess_comp_exp_fade_london_h9_q0.7_tp06_sl065,2022-10-24 09:00:00+00:00,STAGE28A,data/reports/stage28a_discovery_factory_batch_runner/stage28a_exact_trades.csv,session_compression_expansion_v1,sess_comp_exp_fade_london_h9_q0.7_tp06_sl065,0.6400000000000091,-0.4099999999999908,-1.1099999999999903,0,0,0,0,0.4099999999999908,5.759999999999991,18.470000000000027,0.2793719545208363,14.289999999999964,0.33519944016794795,4.720000000000027,7.217499999999984,0.956,1.0,,,9,0,10.0,2022
2022-10-26 09:00:00+00:00|-1.0|sess_comp_exp_fade_london_h9_q0.7_tp06_sl065,2022-10-26 09:00:00+00:00,STAGE28A,data/reports/stage28a_discovery_factory_batch_runner/stage28a_exact_trades.csv,session_compression_expansion_v1,sess_comp_exp_fade_london_h9_q0.7_tp06_sl065,0.7281999999999244,-0.3218000000000756,-1.021800000000075,0,0,0,0,0.3218000000000756,24.060000000000173,7.880000000000109,0.5862944162436329,19.779999999999973,0.6400404448938257,5.150000000000091,4.463000000000022,0.44,-1.0,,,9,2,10.0,2022
2022-10-28 09:00:00+00:00|1.0|sess_comp_exp_fade_london_h9_q0.7_tp06_sl065,2022-10-28 09:00:00+00:00,STAGE28A,data/reports/stage28a_discovery_factory_batch_runner/stage28a_exact_trades.csv,session_compression_expansion_v1,sess_comp_exp_fade_london_h9_q0.7_tp06_sl065,0.7518999999998869,-0.298100000000113,-0.9981000000001128,0,0,0,0,0.298100000000113,15.939999999999827,6.419999999999845,0.39408099688474046,18.899999999999864,0.7962962962962996,5.769999999999982,4.10799999999997,0.232,1.0,,,9,4,10.0,2022
2022-11-01 09:00:00+00:00|-1.0|sess_comp_exp_fade_london_h9_q0.7_tp06_sl065,2022-11-01 09:00:00+00:00,STAGE28A,data/reports/stage28a_discovery_factory_batch_runner/stage28a_exact_trades.csv,session_compression_expansion_v1,sess_comp_exp_fade_london_h9_q0.7_tp06_sl065,0.6661000000000513,-0.3838999999999486,-1.0838999999999483,0,0,0,0,0.3838999999999486,13.779999999999973,9.440000000000055,0.5889830508474484,15.150000000000091,0.8686468646864538,5.8900000000001,3.5990000000000237,0.064,-1.0,,,9,1,11.0,2022
2022-11-03 09:00:00+00:00|1.0|sess_comp_exp_fade_london_h9_q0.7_tp06_sl065,2022-11-03 09:00:00+00:00,STAGE28A,data/reports/stage28a_discovery_factory_batch_runner/stage28a_exact_trades.csv,session_compression_expansion_v1,sess_comp_exp_fade_london_h9_q0.7_tp06_sl065,0.543100000000004,-0.5068999999999959,-1.2068999999999956,0,0,0,0,0.5068999999999959,37.6099999999999,9.11999999999989,0.2971491228070251,18.699999999999818,0.8711229946524129,2.9099999999998545,5.076499999999976,0.816,1.0,,,9,3,11.0,2022
2022-11-07 09:00:00+00:00|-1.0|sess_comp_exp_fade_london_h9_q0.7_tp06_sl065,2022-11-07 09:00:00+00:00,STAGE28A,data/reports/stage28a_discovery_factory_batch_runner/stage28a_exact_trades.csv,session_compression_expansion_v1,sess_comp_exp_fade_london_h9_q0.7_tp06_sl065,-1.4618249999999535,-2.5118249999999533,-3.211824999999953,0,0,0,0,2.5118249999999533,7.900000000000091,9.809999999999945,0.019367991845061737,13.5,0.4274074074074229,2.199999999999818,5.429500000000019,0.84,-1.0,,,9,0,11.0,2022
2022-11-11 09:00:00+00:00|-1.0|sess_comp_exp_fade_london_h9_q0.7_tp06_sl065,2022-11-11 09:00:00+00:00,STAGE28A,data/reports/stage28a_discovery_factory_batch_runner/stage28a_exact_trades.csv,session_compression_expansion_v1,sess_comp_exp_fade_london_h9_q0.7_tp06_sl065,1.177599999999893,0.1275999999998931,-0.5724000000001066,1,0,0,0,0.1275999999998931,53.33999999999992,7.350000000000136,0.11020408163264359,14.100000000000136,0.3702127659574452,8.710000000000036,6.459000000000015,1.0,-1.0,,,9,4,11.0,2022
2022-11-15 09:00:00+00:00|-1.0|sess_comp_exp_fade_london_h9_q0.7_tp06_sl065,2022-11-15 09:00:00+00:00,STAGE28A,data/reports/stage28a_discovery_factory_batch_runner/stage28a_exact_trades.csv,session_compression_expansion_v1,sess_comp_exp_fade_london_h9_q0.7_tp06_sl065,0.5397999999999229,-0.510200000000077,-1.2102000000000768,0,0,0,0,0.510200000000077,21.77000000000021,5.259999999999991,0.26615969581750826,15.680000000000064,0.36926020408162885,2.8199999999999363,3.8385000000000105,0.22,-1.0,,,9,1,11.0,2022
2022-11-16 09:00:00+00:00|-1.0|sess_comp_exp_fade_london_h9_q0.7_tp06_sl065,2022-11-16 09:00:00+00:00,STAGE28A,data/reports/stage28a_discovery_factory_batch_runner/stage28a_exact_trades.csv,session_compression_expansion_v1,sess_comp_exp_fade_london_h9_q0.7_tp06_sl065,-1.5918250000000629,-2.6418250000000625,-3.341825000000062,0,0,0,0,2.6418250000000625,19.36999999999989,11.1099999999999,0.8019801980198166,14.039999999999964,0.7343304843304823,2.869999999999891,5.666000000000008,0.776,-1.0,,,9,2,11.0,2022
2022-11-23 09:00:00+00:00|-1.0|sess_comp_exp_fade_london_h9_q0.7_tp06_sl065,2022-11-23 09:00:00+00:00,STAGE28A,data/reports/stage28a_discovery_factory_batch_runner/stage28a_exact_trades.csv,session_compression_expansion_v1,sess_comp_exp_fade_london_h9_q0.7_tp06_sl065,0.597400000000016,-0.4525999999999839,-1.1525999999999836,0,0,0,0,0.4525999999999839,12.740000000000009,10.009999999999991,0.6253746253746251,12.180000000000064,0.17733990147783832,3.740000000000009,3.111500000000001,0.024,-1.0,,,9,2,11.0,2022
2022-11-28 09:00:00+00:00|-1.0|sess_comp_exp_fade_london_h9_q0.7_tp06_sl065,2022-11-28 09:00:00+00:00,STAGE28A,data/reports/stage28a_discovery_factory_batch_runner/stage28a_exact_trades.csv,session_compression_expansion_v1,sess_comp_exp_fade_london_h9_q0.7_tp06_sl065,0.5293000000000575,-0.5206999999999424,-1.2206999999999422,0,0,0,0,0.5206999999999424,5.539999999999964,9.789999999999964,0.06230847803880513,15.220000000000027,0.6005256241787177,3.990000000000009,3.9054999999999835,0.396,-1.0,,,9,0,11.0,2022
2022-12-05 09:00:00+00:00|1.0|sess_comp_exp_fade_london_h9_q0.7_tp06_sl065,2022-12-05 09:00:00+00:00,STAGE28A,data/reports/stage28a_discovery_factory_batch_runner/stage28a_exact_trades.csv,session_compression_expansion_v1,sess_comp_exp_fade_london_h9_q0.7_tp06_sl065,0.6127000000000408,-0.4372999999999591,-1.137299999999959,0,0,0,0,0.4372999999999591,4.920000000000073,15.589999999999918,0.6215522771007124,16.15000000000009,0.8476780185758359,5.310000000000173,5.0849999999999795,0.88,1.0,,,9,0,12.0,2022
2022-12-15 09:00:00+00:00|1.0|sess_comp_exp_fade_london_h9_q0.7_tp06_sl065,2022-12-15 09:00:00+00:00,STAGE28A,data/reports/stage28a_discovery_factory_batch_runner/stage28a_exact_trades.csv,session_compression_expansion_v1,sess_comp_exp_fade_london_h9_q0.7_tp06_sl065,0.8157999999999902,-0.2342000000000097,-0.9342000000000096,0,0,0,0,0.2342000000000097,19.310000000000173,19.110000000000127,0.8707482993197154,22.519999999999982,0.6039076376554139,3.8799999999998818,4.494000000000028,0.556,1.0,,,9,3,12.0,2022
2022-12-20 09:00:00+00:00|-1.0|sess_comp_exp_fade_london_h9_q0.7_tp06_sl065,2022-12-20 09:00:00+00:00,STAGE28A,data/reports/stage28a_discovery_factory_batch_runner/stage28a_exact_trades.csv,session_compression_expansion_v1,sess_comp_exp_fade_london_h9_q0.7_tp06_sl065,-2.0562499999999546,-3.1062499999999544,-3.806249999999954,0,0,0,1,3.1062499999999544,15.0,11.589999999999918,0.2683347713546289,20.910000000000082,0.7723577235772371,5.639999999999873,3.720500000000004,0.396,-1.0,,,9,1,12.0,2022
2022-12-28 09:00:00+00:00|1.0|sess_comp_exp_fade_london_h9_q0.7_tp06_sl065,2022-12-28 09:00:00+00:00,STAGE28A,data/reports/stage28a_discovery_factory_batch_runner/stage28a_exact_trades.csv,session_compression_expansion_v1,sess_comp_exp_fade_london_h9_q0.7_tp06_sl065,0.4657000000001062,-0.5842999999998937,-1.2842999999998934,0,0,0,0,0.5842999999998937,33.58999999999992,4.990000000000009,0.11422845691381468,12.950000000000045,0.7158301158301119,2.099999999999909,5.011999999999989,0.784,1.0,,,9,2,12.0,2022
2023-01-03 09:00:00+00:00|1.0|sess_comp_exp_fade_london_h9_q0.7_tp06_sl065,2023-01-03 09:00:00+00:00,STAGE28A,data/reports/stage28a_discovery_factory_batch_runner/stage28a_exact_trades.csv,session_compression_expansion_v1,sess_comp_exp_fade_london_h9_q0.7_tp06_sl065,1.0071999999999206,-0.0428000000000792,-0.742800000000079,0,0,0,0,0.0428000000000792,6.660000000000082,19.40000000000009,0.5649484536082466,16.24000000000001,0.3663793103448302,4.2000000000000455,4.610000000000002,0.832,1.0,,,9,1,1.0,2023
2023-01-04 09:00:00+00:00|-1.0|sess_comp_exp_fade_london_h9_q0.7_tp06_sl065,2023-01-04 09:00:00+00:00,STAGE28A,data/reports/stage28a_discovery_factory_batch_runner/stage28a_exact_trades.csv,session_compression_expansion_v1,sess_comp_exp_fade_london_h9_q0.7_tp06_sl065,0.594400000000087,-0.4555999999999129,-1.1555999999999127,0,0,0,0,0.4555999999999129,26.210000000000036,12.019999999999982,0.8460898502495914,20.410000000000082,0.5982361587457122,3.240000000000009,4.836500000000001,0.78,-1.0,,,9,2,1.0,2023
2023-01-05 09:00:00+00:00|1.0|sess_comp_exp_fade_london_h9_q0.7_tp06_sl065,2023-01-05 09:00:00+00:00,STAGE28A,data/reports/stage28a_discovery_factory_batch_runner/stage28a_exact_trades.csv,session_compression_expansion_v1,sess_comp_exp_fade_london_h9_q0.7_tp06_sl065,-1.5394999999999528,-2.5894999999999526,-3.2894999999999524,0,0,0,0,2.5894999999999526,29.940000000000055,8.690000000000055,0.3107019562715798,11.779999999999973,0.25806451612902975,4.870000000000118,5.041499999999985,0.78,1.0,,,9,3,1.0,2023
2023-01-13 09:00:00+00:00|-1.0|sess_comp_exp_fade_london_h9_q0.7_tp06_sl065,2023-01-13 09:00:00+00:00,STAGE28A,data/reports/stage28a_discovery_factory_batch_runner/stage28a_exact_trades.csv,session_compression_expansion_v1,sess_comp_exp_fade_london_h9_q0.7_tp06_sl065,0.5005000000000109,-0.549499999999989,-1.2494999999999887,0,0,0,0,0.549499999999989,32.710000000000036,6.089999999999918,0.33004926108374677,17.37999999999988,0.575949367088611,3.7799999999999727,6.538999999999999,0.976,-1.0,,,9,4,1.0,2023
2023-01-16 09:00:00+00:00|1.0|sess_comp_exp_fade_london_h9_q0.7_tp06_sl065,2023-01-16 09:00:00+00:00,STAGE28A,data/reports/stage28a_discovery_factory_batch_runner/stage28a_exact_trades.csv,session_compression_expansion_v1,sess_comp_exp_fade_london_h9_q0.7_tp06_sl065,-1.711100000000079,-2.7611000000000785,-3.4611000000000782,0,0,0,0,2.7611000000000785,3.589999999999918,12.11999999999989,0.44389438943895687,11.519999999999982,0.5833333333333366,7.490000000000009,5.7490000000000006,0.836,1.0,,,9,0,1.0,2023
2023-01-18 09:00:00+00:00|-1.0|sess_comp_exp_fade_london_h9_q0.7_tp06_sl065,2023-01-18 09:00:00+00:00,STAGE28A,data/reports/stage28a_discovery_factory_batch_runner/stage28a_exact_trades.csv,session_compression_expansion_v1,sess_comp_exp_fade_london_h9_q0.7_tp06_sl065,-1.983450000000039,-3.033450000000039,-3.733450000000039,0,0,0,0,3.033450000000039,15.2800000000002,13.089999999999918,0.7097020626432408,19.339999999999918,0.7699069286453032,6.3900000000001,4.7029999999999745,0.52,-1.0,,,9,2,1.0,2023
2023-01-20 09:00:00+00:00|-1.0|sess_comp_exp_fade_london_h9_q0.7_tp06_sl065,2023-01-20 09:00:00+00:00,STAGE28A,data/reports/stage28a_discovery_factory_batch_runner/stage28a_exact_trades.csv,session_compression_expansion_v1,sess_comp_exp_fade_london_h9_q0.7_tp06_sl065,0.6327999999999975,-0.4172000000000024,-1.1172000000000022,0,0,0,0,0.4172000000000024,34.190000000000055,11.160000000000082,0.7168458781361955,14.289999999999964,0.4380685794261726,3.0,4.369000000000005,0.4,-1.0,,,9,4,1.0,2023
2023-01-23 09:00:00+00:00|1.0|sess_comp_exp_fade_london_h9_q0.7_tp06_sl065,2023-01-23 09:00:00+00:00,STAGE28A,data/reports/stage28a_discovery_factory_batch_runner/stage28a_exact_trades.csv,session_compression_expansion_v1,sess_comp_exp_fade_london_h9_q0.7_tp06_sl065,0.6591999999999644,-0.3908000000000355,-1.0908000000000353,0,0,0,0,0.3908000000000355,4.019999999999982,11.819999999999936,0.19204737732656463,10.940000000000055,0.28519195612430304,5.4500000000000455,4.204499999999996,0.308,1.0,,,9,0,1.0,2023
2023-01-26 09:00:00+00:00|1.0|sess_comp_exp_fade_london_h9_q0.7_tp06_sl065,2023-01-26 09:00:00+00:00,STAGE28A,data/reports/stage28a_discovery_factory_batch_runner/stage28a_exact_trades.csv,session_compression_expansion_v1,sess_comp_exp_fade_london_h9_q0.7_tp06_sl065,0.6855999999999313,-0.3644000000000686,-1.0644000000000684,0,0,0,0,0.3644000000000686,28.659999999999854,6.610000000000127,0.2632375189107376,15.129999999999882,0.6549900859220198,4.240000000000009,4.825000000000022,0.6,1.0,,,9,3,1.0,2023
2023-01-30 09:00:00+00:00|1.0|sess_comp_exp_fade_london_h9_q0.7_tp06_sl065,2023-01-30 09:00:00+00:00,STAGE28A,data/reports/stage28a_discovery_factory_batch_runner/stage28a_exact_trades.csv,session_compression_expansion_v1,sess_comp_exp_fade_london_h9_q0.7_tp06_sl065,-1.4936750000000305,-2.54367500000003,-3.24367500000003,0,0,0,0,2.54367500000003,3.4500000000000455,10.049999999999955,0.44975124378109477,13.11999999999989,0.21570121951219137,2.839999999999918,4.789999999999997,0.564,1.0,,,9,0,1.0,2023
2023-01-31 09:00:00+00:00|1.0|sess_comp_exp_fade_london_h9_q0.7_tp06_sl065,2023-01-31 09:00:00+00:00,STAGE28A,data/reports/stage28a_discovery_factory_batch_runner/stage28a_exact_trades.csv,session_compression_expansion_v1,sess_comp_exp_fade_london_h9_q0.7_tp06_sl065,-1.5040749999999208,-2.5540749999999206,-3.2540749999999203,0,0,0,0,2.5540749999999206,13.839999999999918,8.539999999999964,0.2412177985948424,19.180000000000064,0.7987486965589214,5.3900000000001,3.790000000000009,0.084,1.0,,,9,1,1.0,2023
2023-02-06 09:00:00+00:00|1.0|sess_comp_exp_fade_london_h9_q0.7_tp06_sl065,2023-02-06 09:00:00+00:00,STAGE28A,data/reports/stage28a_discovery_factory_batch_runner/stage28a_exact_trades.csv,session_compression_expansion_v1,sess_comp_exp_fade_london_h9_q0.7_tp06_sl065,-1.459549999999899,-2.509549999999899,-3.209549999999899,0,0,0,0,2.509549999999899,10.089999999999918,18.769999999999982,0.6904635055940357,11.180000000000064,0.549194991055462,2.9700000000000273,7.544499999999982,0.976,1.0,,,9,0,2.0,2023
2023-02-08 09:00:00+00:00|-1.0|sess_comp_exp_fade_london_h9_q0.7_tp06_sl065,2023-02-08 09:00:00+00:00,STAGE28A,data/reports/stage28a_discovery_factory_batch_runner/stage28a_exact_trades.csv,session_compression_expansion_v1,sess_comp_exp_fade_london_h9_q0.7_tp06_sl065,-1.286975000000075,-2.336975000000075,-3.0369750000000746,0,0,0,0,2.336975000000075,19.3599999999999,7.039999999999964,0.6022727272727316,13.2199999999998,0.2798789712556809,2.269999999999982,5.943499999999983,0.756,-1.0,,,9,2,2.0,2023
2023-02-10 09:00:00+00:00|-1.0|sess_comp_exp_fade_london_h9_q0.7_tp06_sl065,2023-02-10 09:00:00+00:00,STAGE28A,data/reports/stage28a_discovery_factory_batch_runner/stage28a_exact_trades.csv,session_compression_expansion_v1,sess_comp_exp_fade_london_h9_q0.7_tp06_sl065,0.9399999999999636,-0.1100000000000362,-0.810000000000036,0,0,0,0,0.1100000000000362,31.269999999999982,11.579999999999927,0.7236614853195107,19.3599999999999,0.46177685950413744,3.8599999999999,5.93649999999999,0.718,-1.0,,,9,4,2.0,2023
2023-02-13 09:00:00+00:00|1.0|sess_comp_exp_fade_london_h9_q0.7_tp06_sl065,2023-02-13 09:00:00+00:00,STAGE28A,data/reports/stage28a_discovery_factory_batch_runner/stage28a_exact_trades.csv,session_compression_expansion_v1,sess_comp_exp_fade_london_h9_q0.7_tp06_sl065,-1.4865249999998924,-2.536524999999892,-3.236524999999892,0,0,0,0,2.536524999999892,2.6800000000000637,7.569999999999936,0.647291941875843,12.6400000000001,0.06170886075949102,7.240000000000009,4.266499999999985,0.208,1.0,,,9,0,2.0,2023
2023-02-15 09:00:00+00:00|1.0|sess_comp_exp_fade_london_h9_q0.7_tp06_sl065,2023-02-15 09:00:00+00:00,STAGE28A,data/reports/stage28a_discovery_factory_batch_runner/stage28a_exact_trades.csv,session_compression_expansion_v1,sess_comp_exp_fade_london_h9_q0.7_tp06_sl065,0.8421999999999571,-0.2078000000000428,-0.9078000000000426,0,0,0,0,0.2078000000000428,27.169999999999845,13.559999999999945,0.5243362831858355,16.019999999999982,0.7771535580524381,4.529999999999973,6.884499999999991,0.924,1.0,,,9,2,2.0,2023
2023-02-28 09:00:00+00:00|1.0|sess_comp_exp_fade_london_h9_q0.7_tp06_sl065,2023-02-28 09:00:00+00:00,STAGE28A,data/reports/stage28a_discovery_factory_batch_runner/stage28a_exact_trades.csv,session_compression_expansion_v1,sess_comp_exp_fade_london_h9_q0.7_tp06_sl065,0.5349999999999909,-0.515000000000009,-1.2150000000000087,0,0,0,0,0.515000000000009,13.549999999999955,5.6099999999999,0.5008912655971877,12.400000000000091,0.438709677419356,4.310000000000173,3.0670000000000073,0.108,1.0,,,9,1,2.0,2023
2023-03-13 09:00:00+00:00|-1.0|sess_comp_exp_fade_london_h9_q0.7_tp06_sl065,2023-03-13 09:00:00+00:00,STAGE28A,data/reports/stage28a_discovery_factory_batch_runner/stage28a_exact_trades.csv,session_compression_expansion_v1,sess_comp_exp_fade_london_h9_q0.7_tp06_sl065,-2.297075000000041,-3.3470750000000407,-4.04707500000004,0,0,0,1,3.3470750000000407,22.169999999999845,22.169999999999845,0.43031123139377675,22.269999999999982,0.11899416255052057,8.960000000000036,10.234999999999967,1.0,-1.0,,,9,0,3.0,2023
2023-03-14 09:00:00+00:00|1.0|sess_comp_exp_fade_london_h9_q0.7_tp06_sl065,2023-03-14 09:00:00+00:00,STAGE28A,data/reports/stage28a_discovery_factory_batch_runner/stage28a_exact_trades.csv,session_compression_expansion_v1,sess_comp_exp_fade_london_h9_q0.7_tp06_sl065,-1.9759749999999257,-3.0259749999999257,-3.725974999999925,0,0,0,0,3.0259749999999257,43.12999999999988,12.549999999999955,0.7274900398406307,12.61999999999989,0.03328050713152528,9.689999999999827,6.907000000000016,0.868,1.0,,,9,1,3.0,2023
2023-03-15 09:00:00+00:00|1.0|sess_comp_exp_fade_london_h9_q0.7_tp06_sl065,2023-03-15 09:00:00+00:00,STAGE28A,data/reports/stage28a_discovery_factory_batch_runner/stage28a_exact_trades.csv,session_compression_expansion_v1,sess_comp_exp_fade_london_h9_q0.7_tp06_sl065,0.4975000000000819,-0.5524999999999181,-1.2524999999999178,0,0,0,0,0.5524999999999181,18.75,5.6599999999998545,0.24558303886924177,24.029999999999973,0.28381190178942756,3.8199999999999363,4.622000000000014,0.724,1.0,,,9,2,3.0,2023
2023-03-20 09:00:00+00:00|-1.0|sess_comp_exp_fade_london_h9_q0.7_tp06_sl065,2023-03-20 09:00:00+00:00,STAGE28A,data/reports/stage28a_discovery_factory_batch_runner/stage28a_exact_trades.csv,session_compression_expansion_v1,sess_comp_exp_fade_london_h9_q0.7_tp06_sl065,1.8384999999999765,0.7884999999999764,0.0884999999999767,1,1,1,0,0.7884999999999764,15.549999999999955,22.420000000000073,0.4214986619090105,35.87000000000012,0.16085865625871099,11.279999999999973,9.642499999999973,0.944,-1.0,,,9,0,3.0,2023
2023-03-21 09:00:00+00:00|1.0|sess_comp_exp_fade_london_h9_q0.7_tp06_sl065,2023-03-21 09:00:00+00:00,STAGE28A,data/reports/stage28a_discovery_factory_batch_runner/stage28a_exact_trades.csv,session_compression_expansion_v1,sess_comp_exp_fade_london_h9_q0.7_tp06_sl065,-1.8173749999999476,-2.867374999999947,-3.567374999999947,0,0,0,0,2.867374999999947,43.950000000000045,9.779999999999973,0.33742331288343186,20.310000000000173,0.6233382570162357,11.420000000000073,6.233499999999981,0.592,1.0,,,9,1,3.0,2023
2023-03-22 09:00:00+00:00|-1.0|sess_comp_exp_fade_london_h9_q0.7_tp06_sl065,2023-03-22 09:00:00+00:00,STAGE28A,data/reports/stage28a_discovery_factory_batch_runner/stage28a_exact_trades.csv,session_compression_expansion_v1,sess_comp_exp_fade_london_h9_q0.7_tp06_sl065,-1.7302749999999834,-2.780274999999983,-3.480274999999983,0,0,0,0,2.780274999999983,49.75,8.330000000000155,0.03121248499399593,11.389999999999873,0.2906057945566271,4.4500000000000455,5.332500000000062,0.368,-1.0,,,9,2,3.0,2023
2023-03-24 09:00:00+00:00|-1.0|sess_comp_exp_fade_london_h9_q0.7_tp06_sl065,2023-03-24 09:00:00+00:00,STAGE28A,data/reports/stage28a_discovery_factory_batch_runner/stage28a_exact_trades.csv,session_compression_expansion_v1,sess_comp_exp_fade_london_h9_q0.7_tp06_sl065,0.8842000000001008,-0.1657999999998991,-0.8657999999998989,0,0,0,0,0.1657999999998991,38.76999999999998,5.119999999999891,0.011718750000034,19.029999999999973,0.026799789805569713,5.769999999999982,6.578499999999986,0.496,-1.0,,,9,4,3.0,2023
2023-03-30 09:00:00+00:00|-1.0|sess_comp_exp_fade_london_h9_q0.7_tp06_sl065,2023-03-30 09:00:00+00:00,STAGE28A,data/reports/stage28a_discovery_factory_batch_runner/stage28a_exact_trades.csv,session_compression_expansion_v1,sess_comp_exp_fade_london_h9_q0.7_tp06_sl065,0.8502999999999702,-0.1997000000000297,-0.8997000000000295,0,0,0,0,0.1997000000000297,15.759999999999991,9.539999999999964,0.4947589098532542,12.559999999999945,0.6162420382165639,5.169999999999845,4.313999999999976,0.088,-1.0,,,9,3,3.0,2023
2023-03-31 09:00:00+00:00|1.0|sess_comp_exp_fade_london_h9_q0.7_tp06_sl065,2023-03-31 09:00:00+00:00,STAGE28A,data/reports/stage28a_discovery_factory_batch_runner/stage28a_exact_trades.csv,session_compression_expansion_v1,sess_comp_exp_fade_london_h9_q0.7_tp06_sl065,-1.2778750000000856,-2.3278750000000854,-3.027875000000085,0,0,0,0,2.3278750000000854,28.910000000000082,5.970000000000027,0.3417085427135983,11.840000000000146,0.22972972972972922,2.8199999999999363,3.7769999999999526,0.036,1.0,,,9,4,3.0,2023
2023-04-03 09:00:00+00:00|-1.0|sess_comp_exp_fade_london_h9_q0.7_tp06_sl065,2023-04-03 09:00:00+00:00,STAGE28A,data/reports/stage28a_discovery_factory_batch_runner/stage28a_exact_trades.csv,session_compression_expansion_v1,sess_comp_exp_fade_london_h9_q0.7_tp06_sl065,-1.8323249999999465,-2.882324999999946,-3.582324999999946,0,0,0,0,2.882324999999946,12.190000000000055,22.549999999999955,0.4736141906873652,16.539999999999964,0.8657799274486074,2.660000000000082,6.402499999999998,0.604,-1.0,,,9,0,4.0,2023
2023-04-12 09:00:00+00:00|1.0|sess_comp_exp_fade_london_h9_q0.7_tp06_sl065,2023-04-12 09:00:00+00:00,STAGE28A,data/reports/stage28a_discovery_factory_batch_runner/stage28a_exact_trades.csv,session_compression_expansion_v1,sess_comp_exp_fade_london_h9_q0.7_tp06_sl065,1.0999000000000705,0.0499000000000706,-0.6500999999999291,1,0,0,0,0.0499000000000706,18.610000000000127,16.36999999999989,0.8173488087965912,12.539999999999964,0.4976076555023945,3.2999999999999545,3.9134999999999764,0.172,1.0,,,9,2,4.0,2023
2023-04-13 09:00:00+00:00|-1.0|sess_comp_exp_fade_london_h9_q0.7_tp06_sl065,2023-04-13 09:00:00+00:00,STAGE28A,data/reports/stage28a_discovery_factory_batch_runner/stage28a_exact_trades.csv,session_compression_expansion_v1,sess_comp_exp_fade_london_h9_q0.7_tp06_sl065,0.7236999999999171,-0.3263000000000828,-1.0263000000000826,0,0,0,0,0.3263000000000828,27.13000000000011,6.1400000000001,0.3697068403908705,13.950000000000045,0.6566308243727635,3.839999999999918,5.714499999999998,0.792,-1.0,,,9,3,4.0,2023
2023-04-14 09:00:00+00:00|1.0|sess_comp_exp_fade_london_h9_q0.7_tp06_sl065,2023-04-14 09:00:00+00:00,STAGE28A,data/reports/stage28a_discovery_factory_batch_runner/stage28a_exact_trades.csv,session_compression_expansion_v1,sess_comp_exp_fade_london_h9_q0.7_tp06_sl065,-1.7796750000000885,-2.8296750000000883,-3.529675000000088,0,0,0,0,2.8296750000000883,35.00999999999999,8.809999999999945,0.5595913734392842,14.690000000000055,0.43567052416610397,4.059999999999945,5.183000000000016,0.624,1.0,,,9,4,4.0,2023
2023-04-19 09:00:00+00:00|1.0|sess_comp_exp_fade_london_h9_q0.7_tp06_sl065,2023-04-19 09:00:00+00:00,STAGE28A,data/reports/stage28a_discovery_factory_batch_runner/stage28a_exact_trades.csv,session_compression_expansion_v1,sess_comp_exp_fade_london_h9_q0.7_tp06_sl065,0.8385999999999513,-0.2114000000000486,-0.9114000000000484,0,0,0,0,0.2114000000000486,20.6099999999999,6.189999999999827,0.34087237479809146,31.710000000000036,0.9274676758120481,4.809999999999945,3.9560000000000057,0.148,1.0,,,9,2,4.0,2023
2023-04-21 09:00:00+00:00|1.0|sess_comp_exp_fade_london_h9_q0.7_tp06_sl065,2023-04-21 09:00:00+00:00,STAGE28A,data/reports/stage28a_discovery_factory_batch_runner/stage28a_exact_trades.csv,session_compression_expansion_v1,sess_comp_exp_fade_london_h9_q0.7_tp06_sl065,-1.484900000000016,-2.534900000000016,-3.234900000000016,0,0,0,0,2.534900000000016,21.839999999999918,4.940000000000055,0.5161943319837907,20.37999999999988,0.7850834151128603,7.0900000000001455,4.589500000000021,0.344,1.0,,,9,4,4.0,2023
2023-05-04 09:00:00+00:00|1.0|sess_comp_exp_fade_london_h9_q0.7_tp06_sl065,2023-05-04 09:00:00+00:00,STAGE28A,data/reports/stage28a_discovery_factory_batch_runner/stage28a_exact_trades.csv,session_compression_expansion_v1,sess_comp_exp_fade_london_h9_q0.7_tp06_sl065,1.271800000000121,0.2218000000001212,-0.4781999999998785,1,0,1,0,0.2218000000001212,50.37000000000012,39.94999999999982,0.3902377972465636,14.970000000000027,0.2077488309953169,4.129999999999882,9.019500000000004,1.0,1.0,,,9,3,5.0,2023
2023-05-05 09:00:00+00:00|1.0|sess_comp_exp_fade_london_h9_q0.7_tp06_sl065,2023-05-05 09:00:00+00:00,STAGE28A,data/reports/stage28a_discovery_factory_batch_runner/stage28a_exact_trades.csv,session_compression_expansion_v1,sess_comp_exp_fade_london_h9_q0.7_tp06_sl065,0.7263999999999214,-0.3236000000000785,-1.0236000000000782,0,0,0,0,0.3236000000000785,47.87999999999988,7.529999999999973,0.10092961487380694,13.800000000000182,0.8630434782608641,4.019999999999982,5.7139999999999755,0.724,1.0,,,9,4,5.0,2023
2023-05-16 09:00:00+00:00|1.0|sess_comp_exp_fade_london_h9_q0.7_tp06_sl065,2023-05-16 09:00:00+00:00,STAGE28A,data/reports/stage28a_discovery_factory_batch_runner/stage28a_exact_trades.csv,session_compression_expansion_v1,sess_comp_exp_fade_london_h9_q0.7_tp06_sl065,0.5128000000001066,-0.5371999999998933,-1.237199999999893,0,0,0,0,0.5371999999998933,15.009999999999991,4.600000000000136,0.21521739130434342,15.0,0.49066666666666,5.289999999999964,3.481500000000017,0.132,1.0,,,9,1,5.0,2023
2023-05-30 09:00:00+00:00|-1.0|sess_comp_exp_fade_london_h9_q0.7_tp06_sl065,2023-05-30 09:00:00+00:00,STAGE28A,data/reports/stage28a_discovery_factory_batch_runner/stage28a_exact_trades.csv,session_compression_expansion_v1,sess_comp_exp_fade_london_h9_q0.7_tp06_sl065,-1.6080749999999626,-2.6580749999999624,-3.358074999999962,0,0,0,0,2.6580749999999624,9.490000000000009,7.379999999999882,0.4878048780488068,21.039999999999964,0.6416349809885943,7.009999999999991,2.6319999999999935,0.044,-1.0,,,9,1,5.0,2023
2023-06-01 09:00:00+00:00|1.0|sess_comp_exp_fade_london_h9_q0.7_tp06_sl065,2023-06-01 09:00:00+00:00,STAGE28A,data/reports/stage28a_discovery_factory_batch_runner/stage28a_exact_trades.csv,session_compression_expansion_v1,sess_comp_exp_fade_london_h9_q0.7_tp06_sl065,-1.5057000000000245,-2.5557000000000243,-3.255700000000024,0,0,0,0,2.5557000000000243,21.13000000000011,5.470000000000027,0.40036563071298786,12.440000000000055,0.31511254019291224,3.1700000000000728,4.284500000000025,0.464,1.0,,,9,3,6.0,2023
2023-06-26 09:00:00+00:00|-1.0|sess_comp_exp_fade_london_h9_q0.7_tp06_sl065,2023-06-26 09:00:00+00:00,STAGE28A,data/reports/stage28a_discovery_factory_batch_runner/stage28a_exact_trades.csv,session_compression_expansion_v1,sess_comp_exp_fade_london_h9_q0.7_tp06_sl065,-1.3217499999999291,-2.371749999999929,-3.0717499999999287,0,0,0,0,2.371749999999929,3.490000000000009,5.870000000000118,0.12776831345825979,11.200000000000045,0.3928571428571494,3.160000000000082,3.813999999999987,0.4,-1.0,,,9,0,6.0,2023
2023-07-11 09:00:00+00:00|-1.0|sess_comp_exp_fade_london_h9_q0.7_tp06_sl065,2023-07-11 09:00:00+00:00,STAGE28A,data/reports/stage28a_discovery_factory_batch_runner/stage28a_exact_trades.csv,session_compression_expansion_v1,sess_comp_exp_fade_london_h9_q0.7_tp06_sl065,0.4921000000000731,-0.5578999999999268,-1.2578999999999263,0,0,0,0,0.5578999999999268,15.459999999999809,4.690000000000055,0.3432835820895754,11.970000000000027,0.9598997493734321,1.9300000000000637,3.1635000000000106,0.26,-1.0,,,9,1,7.0,2023
2023-07-21 09:00:00+00:00|1.0|sess_comp_exp_fade_london_h9_q0.7_tp06_sl065,2023-07-21 09:00:00+00:00,STAGE28A,data/reports/stage28a_discovery_factory_batch_runner/stage28a_exact_trades.csv,session_compression_expansion_v1,sess_comp_exp_fade_london_h9_q0.7_tp06_sl065,-1.0922999999998866,-2.1422999999998864,-2.842299999999886,0,0,0,0,2.1422999999998864,22.090000000000146,3.8600000000001273,0.0984455958548884,11.100000000000136,0.5630630630630561,2.369999999999891,3.401999999999987,0.344,1.0,,,9,4,7.0,2023
2023-09-29 09:00:00+00:00|-1.0|sess_comp_exp_fade_london_h9_q0.7_tp06_sl065,2023-09-29 09:00:00+00:00,STAGE28A,data/reports/stage28a_discovery_factory_batch_runner/stage28a_exact_trades.csv,session_compression_expansion_v1,sess_comp_exp_fade_london_h9_q0.7_tp06_sl065,0.3921999999999116,-0.6578000000000883,-1.357800000000088,0,0,0,0,0.6578000000000883,21.920000000000073,4.319999999999936,0.23379629629635026,10.939999999999827,0.9396709323583304,3.7999999999999545,3.8639999999999985,0.972,-1.0,,,9,4,9.0,2023
2023-10-03 09:00:00+00:00|-1.0|sess_comp_exp_fade_london_h9_q0.7_tp06_sl065,2023-10-03 09:00:00+00:00,STAGE28A,data/reports/stage28a_discovery_factory_batch_runner/stage28a_exact_trades.csv,session_compression_expansion_v1,sess_comp_exp_fade_london_h9_q0.7_tp06_sl065,0.7272999999999229,-0.322700000000077,-1.0227000000000768,0,0,0,0,0.322700000000077,21.720000000000027,14.25,0.5361403508772,11.009999999999991,0.5376930063578635,2.7100000000000364,4.469000000000028,0.904,-1.0,,,9,1,10.0,2023
2023-10-11 09:00:00+00:00|-1.0|sess_comp_exp_fade_london_h9_q0.7_tp06_sl065,2023-10-11 09:00:00+00:00,STAGE28A,data/reports/stage28a_discovery_factory_batch_runner/stage28a_exact_trades.csv,session_compression_expansion_v1,sess_comp_exp_fade_london_h9_q0.7_tp06_sl065,0.2758000000000266,-0.7741999999999734,-1.474199999999973,0,0,0,0,0.7741999999999734,12.330000000000155,2.790000000000191,0.11111111111116544,12.52000000000021,0.831469648562293,1.9800000000000182,2.6934999999999834,0.04,-1.0,,,9,2,10.0,2023
2023-10-13 09:00:00+00:00|-1.0|sess_comp_exp_fade_london_h9_q0.7_tp06_sl065,2023-10-13 09:00:00+00:00,STAGE28A,data/reports/stage28a_discovery_factory_batch_runner/stage28a_exact_trades.csv,session_compression_expansion_v1,sess_comp_exp_fade_london_h9_q0.7_tp06_sl065,0.2859999999999673,-0.7640000000000327,-1.4640000000000324,0,0,0,0,0.7640000000000327,17.139999999999873,5.779999999999973,0.6868512110726723,14.670000000000073,0.9522835719154709,2.0499999999999545,3.0699999999999705,0.136,-1.0,,,9,4,10.0,2023
2023-10-16 09:00:00+00:00|1.0|sess_comp_exp_fade_london_h9_q0.7_tp06_sl065,2023-10-16 09:00:00+00:00,STAGE28A,data/reports/stage28a_discovery_factory_batch_runner/stage28a_exact_trades.csv,session_compression_expansion_v1,sess_comp_exp_fade_london_h9_q0.7_tp06_sl065,-1.314924999999994,-2.3649249999999937,-3.064924999999993,0,0,0,0,2.3649249999999937,9.159999999999854,12.269999999999982,0.35207823960881585,12.190000000000055,0.31501230516816253,5.900000000000091,6.2904999999999855,0.98,1.0,,,9,0,10.0,2023
2023-10-20 09:00:00+00:00|-1.0|sess_comp_exp_fade_london_h9_q0.7_tp06_sl065,2023-10-20 09:00:00+00:00,STAGE28A,data/reports/stage28a_discovery_factory_batch_runner/stage28a_exact_trades.csv,session_compression_expansion_v1,sess_comp_exp_fade_london_h9_q0.7_tp06_sl065,-1.5716750000000048,-2.6216750000000046,-3.3216750000000044,0,0,0,0,2.6216750000000046,32.50999999999999,10.069999999999936,0.5233366434955328,11.190000000000055,0.4387846291331395,4.019999999999982,5.698500000000001,0.888,-1.0,,,9,4,10.0,2023
2023-10-26 09:00:00+00:00|-1.0|sess_comp_exp_fade_london_h9_q0.7_tp06_sl065,2023-10-26 09:00:00+00:00,STAGE28A,data/reports/stage28a_discovery_factory_batch_runner/stage28a_exact_trades.csv,session_compression_expansion_v1,sess_comp_exp_fade_london_h9_q0.7_tp06_sl065,0.6478000000000975,-0.4021999999999024,-1.102199999999902,0,0,0,0,0.4021999999999024,24.13000000000011,7.869999999999891,0.6569250317661902,9.559999999999945,0.3650627615062792,4.75,5.531500000000017,0.7,-1.0,,,9,3,10.0,2023
2023-10-30 09:00:00+00:00|1.0|sess_comp_exp_fade_london_h9_q0.7_tp06_sl065,2023-10-30 09:00:00+00:00,STAGE28A,data/reports/stage28a_discovery_factory_batch_runner/stage28a_exact_trades.csv,session_compression_expansion_v1,sess_comp_exp_fade_london_h9_q0.7_tp06_sl065,-1.3717999999999848,-2.4217999999999846,-3.1217999999999844,0,0,0,0,2.4217999999999846,9.659999999999854,9.809999999999945,0.11213047910294752,11.6099999999999,0.6089577950043064,5.789999999999964,5.752499999999975,0.792,1.0,,,9,0,10.0,2023
2023-11-07 09:00:00+00:00|1.0|sess_comp_exp_fade_london_h9_q0.7_tp06_sl065,2023-11-07 09:00:00+00:00,STAGE28A,data/reports/stage28a_discovery_factory_batch_runner/stage28a_exact_trades.csv,session_compression_expansion_v1,sess_comp_exp_fade_london_h9_q0.7_tp06_sl065,0.3553000000000793,-0.6946999999999206,-1.3946999999999203,0,0,0,0,0.6946999999999206,16.519999999999982,7.3599999999999,0.7228260869565538,10.039999999999964,0.5149402390438111,2.869999999999891,2.8374999999999773,0.024,1.0,,,9,1,11.0,2023
2023-11-17 09:00:00+00:00|-1.0|sess_comp_exp_fade_london_h9_q0.7_tp06_sl065,2023-11-17 09:00:00+00:00,STAGE28A,data/reports/stage28a_discovery_factory_batch_runner/stage28a_exact_trades.csv,session_compression_expansion_v1,sess_comp_exp_fade_london_h9_q0.7_tp06_sl065,0.3423999999999069,-0.707600000000093,-1.4076000000000928,0,0,0,0,0.707600000000093,31.529999999999973,6.4099999999998545,0.5351014040561843,10.810000000000173,0.5383903792784314,2.0700000000001637,3.673999999999978,0.436,-1.0,,,9,4,11.0,2023
2023-11-21 09:00:00+00:00|1.0|sess_comp_exp_fade_london_h9_q0.7_tp06_sl065,2023-11-21 09:00:00+00:00,STAGE28A,data/reports/stage28a_discovery_factory_batch_runner/stage28a_exact_trades.csv,session_compression_expansion_v1,sess_comp_exp_fade_london_h9_q0.7_tp06_sl065,-1.4754750000000514,-2.525475000000051,-3.225475000000051,0,0,0,0,2.525475000000051,19.700000000000045,17.019999999999982,0.6404230317273722,10.009999999999991,0.3466533466533497,2.810000000000173,4.241999999999962,0.852,1.0,,,9,1,11.0,2023
2023-11-22 09:00:00+00:00|-1.0|sess_comp_exp_fade_london_h9_q0.7_tp06_sl065,2023-11-22 09:00:00+00:00,STAGE28A,data/reports/stage28a_discovery_factory_batch_runner/stage28a_exact_trades.csv,session_compression_expansion_v1,sess_comp_exp_fade_london_h9_q0.7_tp06_sl065,0.5358999999999924,-0.5141000000000076,-1.2141000000000073,0,0,0,0,0.5141000000000076,30.34999999999991,4.8599999999999,0.0041152263374449015,9.639999999999873,0.19502074688795712,2.9700000000000273,3.7610000000000126,0.46,-1.0,,,9,2,11.0,2023
2023-11-29 09:00:00+00:00|1.0|sess_comp_exp_fade_london_h9_q0.7_tp06_sl065,2023-11-29 09:00:00+00:00,STAGE28A,data/reports/stage28a_discovery_factory_batch_runner/stage28a_exact_trades.csv,session_compression_expansion_v1,sess_comp_exp_fade_london_h9_q0.7_tp06_sl065,-1.5092749999999795,-2.5592749999999795,-3.2592749999999797,0,0,0,0,2.5592749999999795,32.87999999999988,11.659999999999854,0.15694682675814323,13.519999999999754,0.6531065088757462,3.189999999999827,4.746499999999946,0.984,1.0,,,9,2,11.0,2023
2023-12-01 09:00:00+00:00|-1.0|sess_comp_exp_fade_london_h9_q0.7_tp06_sl065,2023-12-01 09:00:00+00:00,STAGE28A,data/reports/stage28a_discovery_factory_batch_runner/stage28a_exact_trades.csv,session_compression_expansion_v1,sess_comp_exp_fade_london_h9_q0.7_tp06_sl065,-1.2034500000000663,-2.253450000000066,-2.953450000000066,0,0,0,0,2.253450000000066,16.060000000000173,6.800000000000182,0.0073529411764971415,10.539999999999964,0.34345351043642347,3.2000000000000455,3.677499999999975,0.364,-1.0,,,9,4,12.0,2023
2023-12-04 09:00:00+00:00|1.0|sess_comp_exp_fade_london_h9_q0.7_tp06_sl065,2023-12-04 09:00:00+00:00,STAGE28A,data/reports/stage28a_discovery_factory_batch_runner/stage28a_exact_trades.csv,session_compression_expansion_v1,sess_comp_exp_fade_london_h9_q0.7_tp06_sl065,1.4551000000000385,0.4051000000000386,-0.2948999999999611,1,0,1,0,0.4051000000000386,78.03999999999996,78.03999999999996,0.4173500768836517,32.70000000000027,0.5186544342507613,14.070000000000164,16.97550000000001,1.0,1.0,,,9,0,12.0,2023
2023-12-05 09:00:00+00:00|1.0|sess_comp_exp_fade_london_h9_q0.7_tp06_sl065,2023-12-05 09:00:00+00:00,STAGE28A,data/reports/stage28a_discovery_factory_batch_runner/stage28a_exact_trades.csv,session_compression_expansion_v1,sess_comp_exp_fade_london_h9_q0.7_tp06_sl065,-1.677299999999923,-2.727299999999923,-3.4272999999999225,0,0,0,0,2.727299999999923,129.52999999999975,12.779999999999973,0.13145539906103812,16.480000000000018,0.41868932038835455,2.7999999999999545,7.86149999999999,0.868,1.0,,,9,1,12.0,2023
2023-12-06 09:00:00+00:00|1.0|sess_comp_exp_fade_london_h9_q0.7_tp06_sl065,2023-12-06 09:00:00+00:00,STAGE28A,data/reports/stage28a_discovery_factory_batch_runner/stage28a_exact_trades.csv,session_compression_expansion_v1,sess_comp_exp_fade_london_h9_q0.7_tp06_sl065,-1.369849999999906,-2.4198499999999057,-3.1198499999999054,0,0,0,0,2.4198499999999057,31.279999999999973,6.980000000000018,0.43696275071632473,15.710000000000036,0.05919796308084414,3.4199999999998454,5.072999999999991,0.752,1.0,,,9,2,12.0,2023
2023-12-07 09:00:00+00:00|-1.0|sess_comp_exp_fade_london_h9_q0.7_tp06_sl065,2023-12-07 09:00:00+00:00,STAGE28A,data/reports/stage28a_discovery_factory_batch_runner/stage28a_exact_trades.csv,session_compression_expansion_v1,sess_comp_exp_fade_london_h9_q0.7_tp06_sl065,-1.367575000000079,-2.417575000000079,-3.1175750000000786,0,0,0,0,2.417575000000079,18.700000000000045,4.740000000000009,0.21940928270041385,9.889999999999873,0.765419615773512,3.509999999999991,4.241999999999973,0.556,-1.0,,,9,3,12.0,2023
2023-12-13 09:00:00+00:00|-1.0|sess_comp_exp_fade_london_h9_q0.7_tp06_sl065,2023-12-13 09:00:00+00:00,STAGE28A,data/reports/stage28a_discovery_factory_batch_runner/stage28a_exact_trades.csv,session_compression_expansion_v1,sess_comp_exp_fade_london_h9_q0.7_tp06_sl065,0.4768000000000484,-0.5731999999999515,-1.2731999999999513,0,0,0,0,0.5731999999999515,19.50999999999999,5.1099999999999,0.8297455968689026,10.309999999999945,0.48205625606208086,5.809999999999945,3.6484999999999785,0.064,-1.0,,,9,2,12.0,2023
2023-12-14 09:00:00+00:00|-1.0|sess_comp_exp_fade_london_h9_q0.7_tp06_sl065,2023-12-14 09:00:00+00:00,STAGE28A,data/reports/stage28a_discovery_factory_batch_runner/stage28a_exact_trades.csv,session_compression_expansion_v1,sess_comp_exp_fade_london_h9_q0.7_tp06_sl065,-1.8043750000000276,-2.854375000000027,-3.554375000000027,0,0,0,0,2.854375000000027,60.16000000000008,14.930000000000064,0.10783657066308729,11.049999999999955,0.25610859728506236,3.160000000000082,6.826499999999987,0.84,-1.0,,,9,3,12.0,2023
2023-12-15 09:00:00+00:00|-1.0|sess_comp_exp_fade_london_h9_q0.7_tp06_sl065,2023-12-15 09:00:00+00:00,STAGE28A,data/reports/stage28a_discovery_factory_batch_runner/stage28a_exact_trades.csv,session_compression_expansion_v1,sess_comp_exp_fade_london_h9_q0.7_tp06_sl065,-1.403000000000111,-2.453000000000111,-3.1530000000001106,0,0,0,0,2.453000000000111,23.610000000000127,7.410000000000082,0.14170040485832258,10.200000000000045,0.5862745098039207,1.9600000000000364,4.843500000000029,0.46,-1.0,,,9,4,12.0,2023
2023-12-28 09:00:00+00:00|1.0|sess_comp_exp_fade_london_h9_q0.7_tp06_sl065,2023-12-28 09:00:00+00:00,STAGE28A,data/reports/stage28a_discovery_factory_batch_runner/stage28a_exact_trades.csv,session_compression_expansion_v1,sess_comp_exp_fade_london_h9_q0.7_tp06_sl065,-1.2911999999997534,-2.3411999999997533,-3.041199999999753,0,0,0,0,2.3411999999997533,22.899999999999636,11.019999999999982,0.6379310344827779,14.870000000000346,0.6348352387356984,2.5900000000001455,4.0775000000000095,0.548,1.0,,,9,3,12.0,2023
2023-12-29 09:00:00+00:00|1.0|sess_comp_exp_fade_london_h9_q0.7_tp06_sl065,2023-12-29 09:00:00+00:00,STAGE28A,data/reports/stage28a_discovery_factory_batch_runner/stage28a_exact_trades.csv,session_compression_expansion_v1,sess_comp_exp_fade_london_h9_q0.7_tp06_sl065,-1.1933749999999237,-2.2433749999999235,-2.9433749999999232,0,0,0,0,2.2433749999999235,23.909999999999854,5.570000000000164,0.5727109515259436,12.900000000000091,0.4031007751937815,1.3700000000003456,3.7379999999999654,0.296,1.0,,,9,4,12.0,2023
2024-01-02 09:00:00+00:00|-1.0|sess_comp_exp_fade_london_h9_q0.7_tp06_sl065,2024-01-02 09:00:00+00:00,STAGE28A,data/reports/stage28a_discovery_factory_batch_runner/stage28a_exact_trades.csv,session_compression_expansion_v1,sess_comp_exp_fade_london_h9_q0.7_tp06_sl065,0.6885999999998603,-0.3614000000001396,-1.0614000000001391,0,0,0,0,0.3614000000001396,3.199999999999818,8.299999999999727,0.7060240963855807,9.350000000000364,0.6844919786096088,3.7800000000002,4.2169999999999845,0.624,-1.0,,,9,1,1.0,2024
2024-01-03 09:00:00+00:00|1.0|sess_comp_exp_fade_london_h9_q0.7_tp06_sl065,2024-01-03 09:00:00+00:00,STAGE28A,data/reports/stage28a_discovery_factory_batch_runner/stage28a_exact_trades.csv,session_compression_expansion_v1,sess_comp_exp_fade_london_h9_q0.7_tp06_sl065,0.4327000000002045,-0.6172999999997955,-1.3172999999997952,0,0,0,0,0.6172999999997955,22.88000000000011,7.050000000000182,0.7333333333333247,13.200000000000273,0.7446969696969488,1.919999999999618,4.3960000000000035,0.748,1.0,,,9,2,1.0,2024
2024-01-08 09:00:00+00:00|1.0|sess_comp_exp_fade_london_h9_q0.7_tp06_sl065,2024-01-08 09:00:00+00:00,STAGE28A,data/reports/stage28a_discovery_factory_batch_runner/stage28a_exact_trades.csv,session_compression_expansion_v1,sess_comp_exp_fade_london_h9_q0.7_tp06_sl065,-1.739699999999948,-2.789699999999948,-3.489699999999948,0,0,0,0,2.789699999999948,2.4299999999998363,11.529999999999973,0.7380745880312238,9.460000000000036,0.8879492600422655,3.009999999999991,5.9950000000000045,0.996,1.0,,,9,0,1.0,2024
2024-01-10 09:00:00+00:00|-1.0|sess_comp_exp_fade_london_h9_q0.7_tp06_sl065,2024-01-10 09:00:00+00:00,STAGE28A,data/reports/stage28a_discovery_factory_batch_runner/stage28a_exact_trades.csv,session_compression_expansion_v1,sess_comp_exp_fade_london_h9_q0.7_tp06_sl065,0.7110999999998967,-0.3389000000001032,-1.038900000000103,0,0,0,0,0.3389000000001032,15.940000000000055,5.619999999999891,0.18149466192170846,16.539999999999964,0.30290205562273287,3.160000000000082,3.785500000000013,0.28,-1.0,,,9,2,1.0,2024
2024-01-16 09:00:00+00:00|1.0|sess_comp_exp_fade_london_h9_q0.7_tp06_sl065,2024-01-16 09:00:00+00:00,STAGE28A,data/reports/stage28a_discovery_factory_batch_runner/stage28a_exact_trades.csv,session_compression_expansion_v1,sess_comp_exp_fade_london_h9_q0.7_tp06_sl065,0.4153000000000247,-0.6346999999999752,-1.334699999999975,0,0,0,0,0.6346999999999752,12.740000000000009,7.170000000000073,0.656903765690375,12.409999999999854,0.6970185334407891,3.1299999999998818,2.5100000000000136,0.004,1.0,,,9,1,1.0,2024
2024-01-19 09:00:00+00:00|-1.0|sess_comp_exp_fade_london_h9_q0.7_tp06_sl065,2024-01-19 09:00:00+00:00,STAGE28A,data/reports/stage28a_discovery_factory_batch_runner/stage28a_exact_trades.csv,session_compression_expansion_v1,sess_comp_exp_fade_london_h9_q0.7_tp06_sl065,-1.1014000000001034,-2.1514000000001032,-2.851400000000103,0,0,0,0,2.1514000000001032,18.389999999999873,4.880000000000109,0.594262295081926,10.550000000000182,0.8890995260663241,3.4600000000000364,3.294500000000016,0.148,-1.0,,,9,4,1.0,2024
2024-01-23 09:00:00+00:00|-1.0|sess_comp_exp_fade_london_h9_q0.7_tp06_sl065,2024-01-23 09:00:00+00:00,STAGE28A,data/reports/stage28a_discovery_factory_batch_runner/stage28a_exact_trades.csv,session_compression_expansion_v1,sess_comp_exp_fade_london_h9_q0.7_tp06_sl065,-1.6327749999999015,-2.6827749999999013,-3.382774999999901,0,0,0,0,2.6827749999999013,15.519999999999982,8.38000000000011,0.8210023866348201,13.160000000000082,0.19452887537995114,6.709999999999809,3.8194999999999597,0.372,-1.0,,,9,1,1.0,2024
2024-01-24 09:00:00+00:00|-1.0|sess_comp_exp_fade_london_h9_q0.7_tp06_sl065,2024-01-24 09:00:00+00:00,STAGE28A,data/reports/stage28a_discovery_factory_batch_runner/stage28a_exact_trades.csv,session_compression_expansion_v1,sess_comp_exp_fade_london_h9_q0.7_tp06_sl065,0.5095000000000255,-0.5404999999999744,-1.2404999999999742,0,0,0,0,0.5404999999999744,18.340000000000146,5.8599999999999,0.8447098976109437,11.279999999999973,0.7402482269503483,4.210000000000036,3.346499999999992,0.172,-1.0,,,9,2,1.0,2024
2024-01-29 09:00:00+00:00|-1.0|sess_comp_exp_fade_london_h9_q0.7_tp06_sl065,2024-01-29 09:00:00+00:00,STAGE28A,data/reports/stage28a_discovery_factory_batch_runner/stage28a_exact_trades.csv,session_compression_expansion_v1,sess_comp_exp_fade_london_h9_q0.7_tp06_sl065,0.5065000000000964,-0.5434999999999035,-1.2434999999999032,0,0,0,0,0.5434999999999035,7.220000000000027,9.13000000000011,0.4928806133625352,9.209999999999809,0.1400651465798035,4.110000000000127,3.7995000000000116,0.436,-1.0,,,9,0,1.0,2024
2024-02-05 09:00:00+00:00|1.0|sess_comp_exp_fade_london_h9_q0.7_tp06_sl065,2024-02-05 09:00:00+00:00,STAGE28A,data/reports/stage28a_discovery_factory_batch_runner/stage28a_exact_trades.csv,session_compression_expansion_v1,sess_comp_exp_fade_london_h9_q0.7_tp06_sl065,0.8083000000000539,-0.241699999999946,-0.9416999999999458,0,0,0,0,0.241699999999946,3.3900000000001,11.839999999999918,0.6173986486486484,11.329999999999927,0.6548984995586843,4.380000000000109,5.369499999999983,0.932,1.0,,,9,0,2.0,2024
2024-02-23 09:00:00+00:00|1.0|sess_comp_exp_fade_london_h9_q0.7_tp06_sl065,2024-02-23 09:00:00+00:00,STAGE28A,data/reports/stage28a_discovery_factory_batch_runner/stage28a_exact_trades.csv,session_compression_expansion_v1,sess_comp_exp_fade_london_h9_q0.7_tp06_sl065,-1.133574999999928,-2.183574999999928,-2.883574999999928,0,0,0,0,2.183574999999928,15.36999999999989,4.559999999999945,0.2763157894736855,10.110000000000127,0.2908011869435994,4.4500000000000455,3.166499999999985,0.632,1.0,,,9,4,2.0,2024
2024-03-01 09:00:00+00:00|-1.0|sess_comp_exp_fade_london_h9_q0.7_tp06_sl065,2024-03-01 09:00:00+00:00,STAGE28A,data/reports/stage28a_discovery_factory_batch_runner/stage28a_exact_trades.csv,session_compression_expansion_v1,sess_comp_exp_fade_london_h9_q0.7_tp06_sl065,0.227199999999948,-0.8228000000000519,-1.5228000000000517,0,0,0,0,0.8228000000000519,22.72999999999979,3.9600000000000364,0.31565656565656275,16.0300000000002,0.5832813474734743,3.300000000000182,3.1655000000000313,0.716,-1.0,,,9,4,3.0,2024
2024-03-05 09:00:00+00:00|-1.0|sess_comp_exp_fade_london_h9_q0.7_tp06_sl065,2024-03-05 09:00:00+00:00,STAGE28A,data/reports/stage28a_discovery_factory_batch_runner/stage28a_exact_trades.csv,session_compression_expansion_v1,sess_comp_exp_fade_london_h9_q0.7_tp06_sl065,-1.4403749999997673,-2.490374999999767,-3.190374999999767,0,0,0,0,2.490374999999767,40.370000000000346,6.349999999999909,0.22204724409446847,13.2800000000002,0.5813253012047954,4.2599999999997635,5.035500000000025,0.924,-1.0,,,9,1,3.0,2024
2024-03-07 09:00:00+00:00|1.0|sess_comp_exp_fade_london_h9_q0.7_tp06_sl065,2024-03-07 09:00:00+00:00,STAGE28A,data/reports/stage28a_discovery_factory_batch_runner/stage28a_exact_trades.csv,session_compression_expansion_v1,sess_comp_exp_fade_london_h9_q0.7_tp06_sl065,1.3083999999998013,0.2583999999998014,-0.4416000000001983,1,0,1,0,0.2583999999998014,28.549999999999727,17.11999999999989,0.6407710280374022,8.299999999999727,0.07108433734936268,4.889999999999873,6.566000000000008,1.0,1.0,,,9,3,3.0,2024
2024-03-08 09:00:00+00:00|-1.0|sess_comp_exp_fade_london_h9_q0.7_tp06_sl065,2024-03-08 09:00:00+00:00,STAGE28A,data/reports/stage28a_discovery_factory_batch_runner/stage28a_exact_trades.csv,session_compression_expansion_v1,sess_comp_exp_fade_london_h9_q0.7_tp06_sl065,-1.4052750000001653,-2.455275000000165,-3.155275000000165,0,0,0,0,2.455275000000165,20.460000000000036,9.510000000000218,0.4437434279705739,14.920000000000073,0.724530831099219,5.619999999999891,4.694500000000039,0.628,-1.0,,,9,4,3.0,2024
2024-03-15 09:00:00+00:00|-1.0|sess_comp_exp_fade_london_h9_q0.7_tp06_sl065,2024-03-15 09:00:00+00:00,STAGE28A,data/reports/stage28a_discovery_factory_batch_runner/stage28a_exact_trades.csv,session_compression_expansion_v1,sess_comp_exp_fade_london_h9_q0.7_tp06_sl065,0.5296000000002096,-0.5203999999997904,-1.22039999999979,0,0,0,0,0.5203999999997904,24.159999999999854,5.289999999999964,0.43100189035920905,9.289999999999964,0.511302475780411,3.0100000000002183,3.986500000000001,0.248,-1.0,,,9,4,3.0,2024
2024-03-18 09:00:00+00:00|-1.0|sess_comp_exp_fade_london_h9_q0.7_tp06_sl065,2024-03-18 09:00:00+00:00,STAGE28A,data/reports/stage28a_discovery_factory_batch_runner/stage28a_exact_trades.csv,session_compression_expansion_v1,sess_comp_exp_fade_london_h9_q0.7_tp06_sl065,0.6384999999999309,-0.411500000000069,-1.1115000000000688,0,0,0,0,0.411500000000069,5.369999999999891,11.419999999999618,0.6444833625219242,12.349999999999909,0.8858299595141441,2.4099999999998545,4.513499999999999,0.348,-1.0,,,9,0,3.0,2024
2024-03-19 09:00:00+00:00|1.0|sess_comp_exp_fade_london_h9_q0.7_tp06_sl065,2024-03-19 09:00:00+00:00,STAGE28A,data/reports/stage28a_discovery_factory_batch_runner/stage28a_exact_trades.csv,session_compression_expansion_v1,sess_comp_exp_fade_london_h9_q0.7_tp06_sl065,0.6336999999997716,-0.4163000000002284,-1.116300000000228,0,0,0,0,0.4163000000002284,17.559999999999945,4.1599999999998545,0.16105769230771544,13.179999999999836,0.4613050075872536,3.7800000000002,3.149999999999909,0.02,1.0,,,9,1,3.0,2024
2024-03-21 09:00:00+00:00|-1.0|sess_comp_exp_fade_london_h9_q0.7_tp06_sl065,2024-03-21 09:00:00+00:00,STAGE28A,data/reports/stage28a_discovery_factory_batch_runner/stage28a_exact_trades.csv,session_compression_expansion_v1,sess_comp_exp_fade_london_h9_q0.7_tp06_sl065,-1.6473999999999251,-2.697399999999925,-3.3973999999999247,0,0,0,0,2.697399999999925,56.710000000000036,36.17000000000007,0.017694221730712507,14.86999999999989,0.2958977807666525,5.1899999999996,8.76199999999999,1.0,-1.0,,,9,3,3.0,2024
2024-03-22 09:00:00+00:00|1.0|sess_comp_exp_fade_london_h9_q0.7_tp06_sl065,2024-03-22 09:00:00+00:00,STAGE28A,data/reports/stage28a_discovery_factory_batch_runner/stage28a_exact_trades.csv,session_compression_expansion_v1,sess_comp_exp_fade_london_h9_q0.7_tp06_sl065,0.9574000000001434,-0.0925999999998565,-0.7925999999998563,0,0,0,0,0.0925999999998565,56.07999999999993,14.199999999999818,0.53169014084509,13.659999999999854,0.46998535871157693,6.4099999999998545,5.800499999999988,0.736,1.0,,,9,4,3.0,2024
2024-03-26 09:00:00+00:00|-1.0|sess_comp_exp_fade_london_h9_q0.7_tp06_sl065,2024-03-26 09:00:00+00:00,STAGE28A,data/reports/stage28a_discovery_factory_batch_runner/stage28a_exact_trades.csv,session_compression_expansion_v1,sess_comp_exp_fade_london_h9_q0.7_tp06_sl065,-1.2860000000001492,-2.336000000000149,-3.036000000000149,0,0,0,0,2.336000000000149,17.779999999999745,6.839999999999691,0.09941520467834314,30.460000000000036,0.8365068942875898,3.5599999999999454,3.3664999999999736,0.14,-1.0,,,9,1,3.0,2024
2024-03-27 09:00:00+00:00|-1.0|sess_comp_exp_fade_london_h9_q0.7_tp06_sl065,2024-03-27 09:00:00+00:00,STAGE28A,data/reports/stage28a_discovery_factory_batch_runner/stage28a_exact_trades.csv,session_compression_expansion_v1,sess_comp_exp_fade_london_h9_q0.7_tp06_sl065,0.8299000000000888,-0.2200999999999111,-0.9200999999999108,0,0,0,0,0.2200999999999111,32.460000000000036,8.480000000000018,0.12264150943395771,18.800000000000182,0.8202127659574427,3.550000000000182,4.830000000000018,0.636,-1.0,,,9,2,3.0,2024
2024-03-28 09:00:00+00:00|-1.0|sess_comp_exp_fade_london_h9_q0.7_tp06_sl065,2024-03-28 09:00:00+00:00,STAGE28A,data/reports/stage28a_discovery_factory_batch_runner/stage28a_exact_trades.csv,session_compression_expansion_v1,sess_comp_exp_fade_london_h9_q0.7_tp06_sl065,-1.693225000000075,-2.743225000000075,-3.4432250000000746,0,0,0,0,2.743225000000075,24.330000000000382,9.559999999999945,0.5041841004184301,22.920000000000073,0.7273123909249374,3.8299999999999272,4.437499999999977,0.484,-1.0,,,9,3,3.0,2024
2024-04-01 09:00:00+00:00|1.0|sess_comp_exp_fade_london_h9_q0.7_tp06_sl065,2024-04-01 09:00:00+00:00,STAGE28A,data/reports/stage28a_discovery_factory_batch_runner/stage28a_exact_trades.csv,session_compression_expansion_v1,sess_comp_exp_fade_london_h9_q0.7_tp06_sl065,-2.284075000000121,-3.3340750000001207,-4.03407500000012,0,0,0,1,3.3340750000001207,9.899999999999636,30.36999999999989,0.9045110306223363,16.300000000000182,0.7785276073619299,5.369999999999891,9.038499999999953,0.964,1.0,,,9,0,4.0,2024
2024-04-02 09:00:00+00:00|-1.0|sess_comp_exp_fade_london_h9_q0.7_tp06_sl065,2024-04-02 09:00:00+00:00,STAGE28A,data/reports/stage28a_discovery_factory_batch_runner/stage28a_exact_trades.csv,session_compression_expansion_v1,sess_comp_exp_fade_london_h9_q0.7_tp06_sl065,1.057600000000002,0.0076000000000022,-0.6923999999999975,1,0,0,0,0.0076000000000022,37.11999999999989,9.169999999999618,0.22246455834242623,16.440000000000055,0.5675182481751762,5.2400000000002365,7.114500000000021,0.796,-1.0,,,9,1,4.0,2024
2024-04-03 09:00:00+00:00|1.0|sess_comp_exp_fade_london_h9_q0.7_tp06_sl065,2024-04-03 09:00:00+00:00,STAGE28A,data/reports/stage28a_discovery_factory_batch_runner/stage28a_exact_trades.csv,session_compression_expansion_v1,sess_comp_exp_fade_london_h9_q0.7_tp06_sl065,1.140099999999984,0.090099999999984,-0.6099000000000157,1,0,0,0,0.090099999999984,35.35999999999967,11.590000000000146,0.28127696289906623,19.360000000000127,0.6714876033057807,5.029999999999745,7.535000000000037,0.792,1.0,,,9,2,4.0,2024
2024-04-04 09:00:00+00:00|1.0|sess_comp_exp_fade_london_h9_q0.7_tp06_sl065,2024-04-04 09:00:00+00:00,STAGE28A,data/reports/stage28a_discovery_factory_batch_runner/stage28a_exact_trades.csv,session_compression_expansion_v1,sess_comp_exp_fade_london_h9_q0.7_tp06_sl065,-1.6981000000001587,-2.7481000000001585,-3.4481000000001583,0,0,0,0,2.7481000000001585,36.26999999999998,8.36999999999989,0.30943847072881475,9.809999999999945,0.5983690112130865,5.670000000000073,5.977999999999975,0.538,1.0,,,9,3,4.0,2024
2024-04-05 09:00:00+00:00|-1.0|sess_comp_exp_fade_london_h9_q0.7_tp06_sl065,2024-04-05 09:00:00+00:00,STAGE28A,data/reports/stage28a_discovery_factory_batch_runner/stage28a_exact_trades.csv,session_compression_expansion_v1,sess_comp_exp_fade_london_h9_q0.7_tp06_sl065,-2.6298750000001747,-3.679875000000175,-4.379875000000174,0,0,0,1,3.679875000000175,25.519999999999982,25.579999999999927,0.5136825645035327,16.9699999999998,0.8461991750147494,4.910000000000309,7.480500000000006,0.764,-1.0,,,9,4,4.0,2024
2024-04-08 09:00:00+00:00|1.0|sess_comp_exp_fade_london_h9_q0.7_tp06_sl065,2024-04-08 09:00:00+00:00,STAGE28A,data/reports/stage28a_discovery_factory_batch_runner/stage28a_exact_trades.csv,session_compression_expansion_v1,sess_comp_exp_fade_london_h9_q0.7_tp06_sl065,3.615700000000197,2.5657000000001973,1.865700000000197,1,1,1,0,2.5657000000001973,24.11999999999989,51.0300000000002,0.7460317460317463,13.789999999999964,0.5823060188542583,11.829999999999927,12.957500000000005,1.0,1.0,,,9,0,4.0,2024
2024-04-09 09:00:00+00:00|-1.0|sess_comp_exp_fade_london_h9_q0.7_tp06_sl065,2024-04-09 09:00:00+00:00,STAGE28A,data/reports/stage28a_discovery_factory_batch_runner/stage28a_exact_trades.csv,session_compression_expansion_v1,sess_comp_exp_fade_london_h9_q0.7_tp06_sl065,1.2258999999998197,0.1758999999998196,-0.5241000000001801,1,0,1,0,0.1758999999998196,51.0300000000002,11.669999999999618,0.43958868894603914,22.269999999999982,0.8630444544230027,4.019999999999982,6.0535000000000085,0.436,-1.0,,,9,1,4.0,2024
2024-04-11 09:00:00+00:00|1.0|sess_comp_exp_fade_london_h9_q0.7_tp06_sl065,2024-04-11 09:00:00+00:00,STAGE28A,data/reports/stage28a_discovery_factory_batch_runner/stage28a_exact_trades.csv,session_compression_expansion_v1,sess_comp_exp_fade_london_h9_q0.7_tp06_sl065,1.2993999999997867,0.2493999999997869,-0.4506000000002128,1,0,1,0,0.2493999999997869,40.75,13.490000000000236,0.5937731653076074,20.360000000000127,0.6512770137524625,5.700000000000273,8.87199999999998,0.804,1.0,,,9,3,4.0,2024
2024-04-12 09:00:00+00:00|-1.0|sess_comp_exp_fade_london_h9_q0.7_tp06_sl065,2024-04-12 09:00:00+00:00,STAGE28A,data/reports/stage28a_discovery_factory_batch_runner/stage28a_exact_trades.csv,session_compression_expansion_v1,sess_comp_exp_fade_london_h9_q0.7_tp06_sl065,-2.9464250000001813,-3.996425000000181,-4.696425000000181,0,0,0,1,3.996425000000181,52.0300000000002,23.449999999999818,0.4366737739872009,17.809999999999945,0.7810218978102388,7.180000000000291,8.113000000000033,0.704,-1.0,,,9,4,4.0,2024
2024-04-15 09:00:00+00:00|1.0|sess_comp_exp_fade_london_h9_q0.7_tp06_sl065,2024-04-15 09:00:00+00:00,STAGE28A,data/reports/stage28a_discovery_factory_batch_runner/stage28a_exact_trades.csv,session_compression_expansion_v1,sess_comp_exp_fade_london_h9_q0.7_tp06_sl065,-2.892475000000195,-3.942475000000195,-4.642475000000195,0,0,0,1,3.942475000000195,26.509999999999764,26.509999999999764,0.06563560920406629,17.799999999999727,0.500561797752834,10.489999999999782,16.595499999999948,1.0,1.0,,,9,0,4.0,2024
2024-04-16 09:00:00+00:00|1.0|sess_comp_exp_fade_london_h9_q0.7_tp06_sl065,2024-04-16 09:00:00+00:00,STAGE28A,data/reports/stage28a_discovery_factory_batch_runner/stage28a_exact_trades.csv,session_compression_expansion_v1,sess_comp_exp_fade_london_h9_q0.7_tp06_sl065,1.534900000000016,0.4849000000000161,-0.2150999999999836,1,0,1,0,0.4849000000000161,63.18000000000029,12.900000000000091,0.28062015503874926,25.980000000000018,0.6023864511162463,4.080000000000382,10.118000000000029,0.764,1.0,,,9,1,4.0,2024
2024-04-17 09:00:00+00:00|-1.0|sess_comp_exp_fade_london_h9_q0.7_tp06_sl065,2024-04-17 09:00:00+00:00,STAGE28A,data/reports/stage28a_discovery_factory_batch_runner/stage28a_exact_trades.csv,session_compression_expansion_v1,sess_comp_exp_fade_london_h9_q0.7_tp06_sl065,-1.8505249999999247,-2.900524999999925,-3.6005249999999247,0,0,0,0,2.900524999999925,35.210000000000036,6.400000000000091,0.5015624999999986,21.559999999999945,0.4809833024118911,7.880000000000109,8.597000000000026,0.564,-1.0,,,9,2,4.0,2024
2024-04-19 09:00:00+00:00|1.0|sess_comp_exp_fade_london_h9_q0.7_tp06_sl065,2024-04-19 09:00:00+00:00,STAGE28A,data/reports/stage28a_discovery_factory_batch_runner/stage28a_exact_trades.csv,session_compression_expansion_v1,sess_comp_exp_fade_london_h9_q0.7_tp06_sl065,4.583500000000095,3.5335000000000947,2.833500000000095,1,1,1,0,3.5335000000000947,29.889999999999873,44.15000000000009,0.27859569648924476,15.840000000000146,0.6502525252525021,4.170000000000073,9.876499999999941,0.704,1.0,,,9,4,4.0,2024
2024-04-22 09:00:00+00:00|1.0|sess_comp_exp_fade_london_h9_q0.7_tp06_sl065,2024-04-22 09:00:00+00:00,STAGE28A,data/reports/stage28a_discovery_factory_batch_runner/stage28a_exact_trades.csv,session_compression_expansion_v1,sess_comp_exp_fade_london_h9_q0.7_tp06_sl065,-2.908724999999868,-3.958724999999868,-4.658724999999867,0,0,0,1,3.958724999999868,6.799999999999727,26.84999999999991,0.5314711359404108,21.490000000000236,0.3922754769660399,9.599999999999909,7.997499999999922,0.36,1.0,,,9,0,4.0,2024
2024-04-23 09:00:00+00:00|-1.0|sess_comp_exp_fade_london_h9_q0.7_tp06_sl065,2024-04-23 09:00:00+00:00,STAGE28A,data/reports/stage28a_discovery_factory_batch_runner/stage28a_exact_trades.csv,session_compression_expansion_v1,sess_comp_exp_fade_london_h9_q0.7_tp06_sl065,-4.812575000000015,-5.862575000000016,-6.562575000000015,0,0,0,1,5.862575000000016,63.82999999999993,38.82999999999993,0.7180015451970168,23.220000000000255,0.30146425495262374,10.470000000000255,9.953500000000009,0.764,-1.0,,,9,1,4.0,2024
2024-04-24 09:00:00+00:00|1.0|sess_comp_exp_fade_london_h9_q0.7_tp06_sl065,2024-04-24 09:00:00+00:00,STAGE28A,data/reports/stage28a_discovery_factory_batch_runner/stage28a_exact_trades.csv,session_compression_expansion_v1,sess_comp_exp_fade_london_h9_q0.7_tp06_sl065,1.446400000000176,0.3964000000001761,-0.3035999999998235,1,0,1,0,0.3964000000001761,42.88000000000011,12.400000000000091,0.5016129032258233,19.4399999999996,0.6682098765432124,5.309999999999945,7.124000000000114,0.136,1.0,,,9,2,4.0,2024
2024-04-25 09:00:00+00:00|-1.0|sess_comp_exp_fade_london_h9_q0.7_tp06_sl065,2024-04-25 09:00:00+00:00,STAGE28A,data/reports/stage28a_discovery_factory_batch_runner/stage28a_exact_trades.csv,session_compression_expansion_v1,sess_comp_exp_fade_london_h9_q0.7_tp06_sl065,1.530999999999858,0.4809999999998582,-0.2190000000001415,1,0,1,0,0.4809999999998582,25.480000000000018,17.029999999999745,0.28185554903113647,16.4699999999998,0.7109896782028038,6.190000000000055,6.6869999999999665,0.112,-1.0,,,9,3,4.0,2024
2024-04-26 09:00:00+00:00|-1.0|sess_comp_exp_fade_london_h9_q0.7_tp06_sl065,2024-04-26 09:00:00+00:00,STAGE28A,data/reports/stage28a_discovery_factory_batch_runner/stage28a_exact_trades.csv,session_compression_expansion_v1,sess_comp_exp_fade_london_h9_q0.7_tp06_sl065,-2.0497499999997677,-3.099749999999767,-3.799749999999767,0,0,0,1,3.099749999999767,39.539999999999964,10.019999999999982,0.2195608782434952,19.110000000000127,0.7791732077446483,4.600000000000364,6.834500000000071,0.156,-1.0,,,9,4,4.0,2024
2024-04-29 09:00:00+00:00|-1.0|sess_comp_exp_fade_london_h9_q0.7_tp06_sl065,2024-04-29 09:00:00+00:00,STAGE28A,data/reports/stage28a_discovery_factory_batch_runner/stage28a_exact_trades.csv,session_compression_expansion_v1,sess_comp_exp_fade_london_h9_q0.7_tp06_sl065,1.8340000000001964,0.7840000000001965,0.0840000000001968,1,1,1,0,0.7840000000001965,4.539999999999964,17.149999999999636,0.35801749271137046,16.929999999999836,0.8665091553455263,7.110000000000127,6.805999999999995,0.24,-1.0,,,9,0,4.0,2024
2024-04-30 09:00:00+00:00|1.0|sess_comp_exp_fade_london_h9_q0.7_tp06_sl065,2024-04-30 09:00:00+00:00,STAGE28A,data/reports/stage28a_discovery_factory_batch_runner/stage28a_exact_trades.csv,session_compression_expansion_v1,sess_comp_exp_fade_london_h9_q0.7_tp06_sl065,-1.9425000000002,-2.9925000000002,-3.6925000000002,0,0,0,0,2.9925000000002,26.919999999999618,9.320000000000164,0.6115879828326366,18.879999999999654,0.7733050847457721,5.139999999999873,5.517500000000018,0.04,1.0,,,9,1,4.0,2024
2024-05-02 09:00:00+00:00|1.0|sess_comp_exp_fade_london_h9_q0.7_tp06_sl065,2024-05-02 09:00:00+00:00,STAGE28A,data/reports/stage28a_discovery_factory_batch_runner/stage28a_exact_trades.csv,session_compression_expansion_v1,sess_comp_exp_fade_london_h9_q0.7_tp06_sl065,-1.868724999999904,-2.918724999999904,-3.618724999999904,0,0,0,0,2.918724999999904,46.82999999999993,9.070000000000164,0.1422271223814708,22.340000000000146,0.8012533572068028,5.460000000000036,8.09500000000005,0.696,1.0,,,9,3,5.0,2024
2024-05-03 09:00:00+00:00|1.0|sess_comp_exp_fade_london_h9_q0.7_tp06_sl065,2024-05-03 09:00:00+00:00,STAGE28A,data/reports/stage28a_discovery_factory_batch_runner/stage28a_exact_trades.csv,session_compression_expansion_v1,sess_comp_exp_fade_london_h9_q0.7_tp06_sl065,0.8776000000001659,-0.172399999999834,-0.8723999999998338,0,0,0,0,0.172399999999834,41.09999999999991,6.440000000000055,0.2096273291925307,10.970000000000255,0.08477666362810113,2.9100000000003092,5.8944999999999705,0.164,1.0,,,9,4,5.0,2024
2024-05-06 09:00:00+00:00|-1.0|sess_comp_exp_fade_london_h9_q0.7_tp06_sl065,2024-05-06 09:00:00+00:00,STAGE28A,data/reports/stage28a_discovery_factory_batch_runner/stage28a_exact_trades.csv,session_compression_expansion_v1,sess_comp_exp_fade_london_h9_q0.7_tp06_sl065,-2.2086749999999484,-3.2586749999999483,-3.958674999999948,0,0,0,1,3.2586749999999483,5.210000000000036,23.519999999999982,0.32312925170067663,16.170000000000073,0.741496598639439,5.139999999999873,9.324999999999978,0.932,-1.0,,,9,0,5.0,2024
2024-05-07 09:00:00+00:00|1.0|sess_comp_exp_fade_london_h9_q0.7_tp06_sl065,2024-05-07 09:00:00+00:00,STAGE28A,data/reports/stage28a_discovery_factory_batch_runner/stage28a_exact_trades.csv,session_compression_expansion_v1,sess_comp_exp_fade_london_h9_q0.7_tp06_sl065,-1.8459749999998167,-2.895974999999817,-3.5959749999998163,0,0,0,0,2.895974999999817,40.370000000000346,10.279999999999745,0.17217898832685075,13.360000000000127,0.8345808383233181,2.8799999999996544,5.944999999999982,0.2,1.0,,,9,1,5.0,2024
2024-05-08 09:00:00+00:00|1.0|sess_comp_exp_fade_london_h9_q0.7_tp06_sl065,2024-05-08 09:00:00+00:00,STAGE28A,data/reports/stage28a_discovery_factory_batch_runner/stage28a_exact_trades.csv,session_compression_expansion_v1,sess_comp_exp_fade_london_h9_q0.7_tp06_sl065,1.070799999999872,0.020799999999872,-0.6792000000001277,1,0,0,0,0.020799999999872,20.179999999999836,11.240000000000236,0.22775800711742808,17.86999999999989,0.35926133184108067,3.7100000000000364,4.822000000000048,0.04,1.0,,,9,2,5.0,2024
2024-05-09 09:00:00+00:00|1.0|sess_comp_exp_fade_london_h9_q0.7_tp06_sl065,2024-05-09 09:00:00+00:00,STAGE28A,data/reports/stage28a_discovery_factory_batch_runner/stage28a_exact_trades.csv,session_compression_expansion_v1,sess_comp_exp_fade_london_h9_q0.7_tp06_sl065,-1.6516250000000583,-2.701625000000058,-3.401625000000058,0,0,0,0,2.701625000000058,17.86999999999989,4.970000000000255,0.5010060362173258,13.08999999999969,0.35752482811305936,5.309999999999945,4.488999999999964,0.012,1.0,,,9,3,5.0,2024
2024-05-10 09:00:00+00:00|-1.0|sess_comp_exp_fade_london_h9_q0.7_tp06_sl065,2024-05-10 09:00:00+00:00,STAGE28A,data/reports/stage28a_discovery_factory_batch_runner/stage28a_exact_trades.csv,session_compression_expansion_v1,sess_comp_exp_fade_london_h9_q0.7_tp06_sl065,1.3117000000001098,0.2617000000001099,-0.4382999999998898,1,0,1,0,0.2617000000001099,40.63999999999987,10.659999999999854,0.6716697936210086,24.079999999999927,0.7936046511627984,5.029999999999745,6.434000000000014,0.552,-1.0,,,9,4,5.0,2024
2024-05-13 09:00:00+00:00|1.0|sess_comp_exp_fade_london_h9_q0.7_tp06_sl065,2024-05-13 09:00:00+00:00,STAGE28A,data/reports/stage28a_discovery_factory_batch_runner/stage28a_exact_trades.csv,session_compression_expansion_v1,sess_comp_exp_fade_london_h9_q0.7_tp06_sl065,0.9480999999999769,-0.1019000000000232,-0.8019000000000229,0,0,0,0,0.1019000000000232,3.4299999999998363,9.710000000000036,0.4582904222451345,18.139999999999873,0.9404630650496177,3.8299999999999272,5.991000000000031,0.412,1.0,,,9,0,5.0,2024
2024-05-15 09:00:00+00:00|-1.0|sess_comp_exp_fade_london_h9_q0.7_tp06_sl065,2024-05-15 09:00:00+00:00,STAGE28A,data/reports/stage28a_discovery_factory_batch_runner/stage28a_exact_trades.csv,session_compression_expansion_v1,sess_comp_exp_fade_london_h9_q0.7_tp06_sl065,-1.579150000000118,-2.629150000000118,-3.329150000000117,0,0,0,0,2.629150000000118,24.920000000000073,6.110000000000127,0.46808510638298984,18.5300000000002,0.47706422018348893,3.3299999999999272,4.844000000000028,0.148,-1.0,,,9,2,5.0,2024
2024-05-17 09:00:00+00:00|-1.0|sess_comp_exp_fade_london_h9_q0.7_tp06_sl065,2024-05-17 09:00:00+00:00,STAGE28A,data/reports/stage28a_discovery_factory_batch_runner/stage28a_exact_trades.csv,session_compression_expansion_v1,sess_comp_exp_fade_london_h9_q0.7_tp06_sl065,0.8695000000001528,-0.1804999999998471,-0.8804999999998468,0,0,0,0,0.1804999999998471,26.550000000000182,7.2599999999997635,0.07300275482090395,11.360000000000127,0.42517605633805705,3.7899999999999636,4.568499999999949,0.092,-1.0,,,9,4,5.0,2024
2024-05-20 09:00:00+00:00|-1.0|sess_comp_exp_fade_london_h9_q0.7_tp06_sl065,2024-05-20 09:00:00+00:00,STAGE28A,data/reports/stage28a_discovery_factory_batch_runner/stage28a_exact_trades.csv,session_compression_expansion_v1,sess_comp_exp_fade_london_h9_q0.7_tp06_sl065,2.1811000000001517,1.1311000000001514,0.4311000000001517,1,1,1,0,1.1311000000001514,8.409999999999854,24.050000000000182,0.8261954261954154,18.210000000000036,0.220757825370674,13.019999999999982,8.713499999999954,0.972,-1.0,,,9,0,5.0,2024
2024-05-21 09:00:00+00:00|-1.0|sess_comp_exp_fade_london_h9_q0.7_tp06_sl065,2024-05-21 09:00:00+00:00,STAGE28A,data/reports/stage28a_discovery_factory_batch_runner/stage28a_exact_trades.csv,session_compression_expansion_v1,sess_comp_exp_fade_london_h9_q0.7_tp06_sl065,2.37400000000016,1.3240000000001602,0.6240000000001604,1,1,1,0,1.3240000000001602,42.86999999999989,26.63000000000011,0.5005632745024361,13.569999999999709,0.19012527634491064,5.769999999999982,8.472499999999991,0.908,-1.0,,,9,1,5.0,2024
2024-05-23 09:00:00+00:00|1.0|sess_comp_exp_fade_london_h9_q0.7_tp06_sl065,2024-05-23 09:00:00+00:00,STAGE28A,data/reports/stage28a_discovery_factory_batch_runner/stage28a_exact_trades.csv,session_compression_expansion_v1,sess_comp_exp_fade_london_h9_q0.7_tp06_sl065,-2.9522750000001907,-4.002275000000191,-4.70227500000019,0,0,0,1,4.002275000000191,51.76999999999998,16.980000000000018,0.47820965842166563,19.029999999999745,0.44245927482922676,14.720000000000255,7.9685000000000175,0.848,1.0,,,9,3,5.0,2024
2024-05-28 09:00:00+00:00|1.0|sess_comp_exp_fade_london_h9_q0.7_tp06_sl065,2024-05-28 09:00:00+00:00,STAGE28A,data/reports/stage28a_discovery_factory_batch_runner/stage28a_exact_trades.csv,session_compression_expansion_v1,sess_comp_exp_fade_london_h9_q0.7_tp06_sl065,1.000600000000213,-0.0493999999997867,-0.7493999999997865,0,0,0,0,0.0493999999997867,26.420000000000073,7.220000000000255,0.17313019390581108,13.699999999999818,0.5335766423357695,4.150000000000091,3.981500000000051,0.016,1.0,,,9,1,5.0,2024
2024-05-29 09:00:00+00:00|1.0|sess_comp_exp_fade_london_h9_q0.7_tp06_sl065,2024-05-29 09:00:00+00:00,STAGE28A,data/reports/stage28a_discovery_factory_batch_runner/stage28a_exact_trades.csv,session_compression_expansion_v1,sess_comp_exp_fade_london_h9_q0.7_tp06_sl065,1.0323999999999611,-0.0176000000000384,-0.7176000000000382,0,0,0,0,0.0176000000000384,24.059999999999945,7.930000000000291,0.12862547288776097,20.700000000000273,0.6120772946859638,4.870000000000346,5.513000000000079,0.396,1.0,,,9,2,5.0,2024
2024-05-30 09:00:00+00:00|-1.0|sess_comp_exp_fade_london_h9_q0.7_tp06_sl065,2024-05-30 09:00:00+00:00,STAGE28A,data/reports/stage28a_discovery_factory_batch_runner/stage28a_exact_trades.csv,session_compression_expansion_v1,sess_comp_exp_fade_london_h9_q0.7_tp06_sl065,1.4880999999999402,0.4380999999999404,-0.2619000000000593,1,0,1,0,0.4380999999999404,28.059999999999945,11.800000000000182,0.2771186440677908,15.559999999999945,0.06876606683805704,13.230000000000018,5.715000000000077,0.52,-1.0,,,9,3,5.0,2024
2024-06-03 09:00:00+00:00|-1.0|sess_comp_exp_fade_london_h9_q0.7_tp06_sl065,2024-06-03 09:00:00+00:00,STAGE28A,data/reports/stage28a_discovery_factory_batch_runner/stage28a_exact_trades.csv,session_compression_expansion_v1,sess_comp_exp_fade_london_h9_q0.7_tp06_sl065,-2.1443249999998444,-3.194324999999844,-3.894324999999844,0,0,0,1,3.194324999999844,5.870000000000346,10.070000000000164,0.5004965243296804,14.090000000000146,0.4499645138396082,8.340000000000146,6.945500000000038,0.66,-1.0,,,9,0,6.0,2024
2024-06-04 09:00:00+00:00|1.0|sess_comp_exp_fade_london_h9_q0.7_tp06_sl065,2024-06-04 09:00:00+00:00,STAGE28A,data/reports/stage28a_discovery_factory_batch_runner/stage28a_exact_trades.csv,session_compression_expansion_v1,sess_comp_exp_fade_london_h9_q0.7_tp06_sl065,-1.7891000000000532,-2.839100000000053,-3.5391000000000528,0,0,0,0,2.839100000000053,40.159999999999854,9.600000000000364,0.5281249999999971,25.079999999999927,0.6399521531100569,2.3099999999999454,5.251999999999976,0.216,1.0,,,9,1,6.0,2024
2024-06-05 09:00:00+00:00|1.0|sess_comp_exp_fade_london_h9_q0.7_tp06_sl065,2024-06-05 09:00:00+00:00,STAGE28A,data/reports/stage28a_discovery_factory_batch_runner/stage28a_exact_trades.csv,session_compression_expansion_v1,sess_comp_exp_fade_london_h9_q0.7_tp06_sl065,1.0221999999997933,-0.0278000000002065,-0.7278000000002063,0,0,0,0,0.0278000000002065,37.41000000000031,12.010000000000218,0.7993338884262893,13.579999999999927,0.3645066273932139,4.289999999999964,5.559999999999991,0.436,1.0,,,9,2,6.0,2024
2024-06-06 09:00:00+00:00|1.0|sess_comp_exp_fade_london_h9_q0.7_tp06_sl065,2024-06-06 09:00:00+00:00,STAGE28A,data/reports/stage28a_discovery_factory_batch_runner/stage28a_exact_trades.csv,session_compression_expansion_v1,sess_comp_exp_fade_london_h9_q0.7_tp06_sl065,1.4947000000001025,0.4447000000001027,-0.255299999999897,1,0,1,0,0.4447000000001027,31.670000000000073,20.389999999999873,0.564982834722906,12.929999999999836,0.5359628770301565,5.039999999999964,6.170999999999935,0.684,1.0,,,9,3,6.0,2024
2024-06-07 09:00:00+00:00|1.0|sess_comp_exp_fade_london_h9_q0.7_tp06_sl065,2024-06-07 09:00:00+00:00,STAGE28A,data/reports/stage28a_discovery_factory_batch_runner/stage28a_exact_trades.csv,session_compression_expansion_v1,sess_comp_exp_fade_london_h9_q0.7_tp06_sl065,-2.552850000000126,-3.602850000000126,-4.3028500000001255,0,0,0,1,3.602850000000126,25.20999999999958,12.600000000000364,0.24920634920633192,50.42000000000007,0.8131693772312563,12.599999999999909,6.4240000000000235,0.816,1.0,,,9,4,6.0,2024
2024-06-14 09:00:00+00:00|-1.0|sess_comp_exp_fade_london_h9_q0.7_tp06_sl065,2024-06-14 09:00:00+00:00,STAGE28A,data/reports/stage28a_discovery_factory_batch_runner/stage28a_exact_trades.csv,session_compression_expansion_v1,sess_comp_exp_fade_london_h9_q0.7_tp06_sl065,0.9610000000001492,-0.0889999999998507,-0.7889999999998505,0,0,0,0,0.0889999999998507,31.159999999999854,7.050000000000182,0.35886524822690496,19.139999999999873,0.8949843260188204,6.0099999999997635,6.421499999999969,0.648,-1.0,,,9,4,6.0,2024
2024-06-18 09:00:00+00:00|1.0|sess_comp_exp_fade_london_h9_q0.7_tp06_sl065,2024-06-18 09:00:00+00:00,STAGE28A,data/reports/stage28a_discovery_factory_batch_runner/stage28a_exact_trades.csv,session_compression_expansion_v1,sess_comp_exp_fade_london_h9_q0.7_tp06_sl065,0.8583999999999833,-0.1916000000000166,-0.8916000000000164,0,0,0,0,0.1916000000000166,23.170000000000073,6.5,0.5292307692307776,14.090000000000146,0.9488999290276939,4.319999999999709,4.5835000000000035,0.104,1.0,,,9,1,6.0,2024
2024-06-20 09:00:00+00:00|1.0|sess_comp_exp_fade_london_h9_q0.7_tp06_sl065,2024-06-20 09:00:00+00:00,STAGE28A,data/reports/stage28a_discovery_factory_batch_runner/stage28a_exact_trades.csv,session_compression_expansion_v1,sess_comp_exp_fade_london_h9_q0.7_tp06_sl065,-1.8820499999997995,-2.932049999999799,-3.632049999999799,0,0,0,0,2.932049999999799,11.2800000000002,11.260000000000218,0.3152753108348235,14.260000000000218,0.03366058906030932,5.129999999999654,3.887000000000012,0.088,1.0,,,9,3,6.0,2024
2024-06-21 09:00:00+00:00|-1.0|sess_comp_exp_fade_london_h9_q0.7_tp06_sl065,2024-06-21 09:00:00+00:00,STAGE28A,data/reports/stage28a_discovery_factory_batch_runner/stage28a_exact_trades.csv,session_compression_expansion_v1,sess_comp_exp_fade_london_h9_q0.7_tp06_sl065,0.6105999999998858,-0.4394000000001141,-1.139400000000114,0,0,0,0,0.4394000000001141,37.65000000000009,7.75,0.3496774193548434,13.009999999999764,0.13374327440432499,3.380000000000109,5.344000000000051,0.496,-1.0,,,9,4,6.0,2024
2024-06-27 09:00:00+00:00|-1.0|sess_comp_exp_fade_london_h9_q0.7_tp06_sl065,2024-06-27 09:00:00+00:00,STAGE28A,data/reports/stage28a_discovery_factory_batch_runner/stage28a_exact_trades.csv,session_compression_expansion_v1,sess_comp_exp_fade_london_h9_q0.7_tp06_sl065,0.587199999999848,-0.462800000000152,-1.1628000000001515,0,0,0,0,0.462800000000152,30.350000000000364,3.3899999999998727,0.22123893805310565,17.429999999999836,0.7917383820998457,3.769999999999982,4.662499999999977,0.264,-1.0,,,9,3,6.0,2024
2024-06-28 09:00:00+00:00|-1.0|sess_comp_exp_fade_london_h9_q0.7_tp06_sl065,2024-06-28 09:00:00+00:00,STAGE28A,data/reports/stage28a_discovery_factory_batch_runner/stage28a_exact_trades.csv,session_compression_expansion_v1,sess_comp_exp_fade_london_h9_q0.7_tp06_sl065,0.8115999999999076,-0.2384000000000923,-0.938400000000092,0,0,0,0,0.2384000000000923,34.58999999999969,9.269999999999982,0.5587918015102316,12.099999999999909,0.7033057851239527,6.0900000000001455,4.37800000000002,0.256,-1.0,,,9,4,6.0,2024
2024-07-03 09:00:00+00:00|-1.0|sess_comp_exp_fade_london_h9_q0.7_tp06_sl065,2024-07-03 09:00:00+00:00,STAGE28A,data/reports/stage28a_discovery_factory_batch_runner/stage28a_exact_trades.csv,session_compression_expansion_v1,sess_comp_exp_fade_london_h9_q0.7_tp06_sl065,0.6609999999999673,-0.3890000000000326,-1.0890000000000324,0,0,0,0,0.3890000000000326,17.820000000000164,5.660000000000309,0.28798586572430485,15.799999999999727,0.9164556962025199,3.800000000000182,4.594500000000016,0.364,-1.0,,,9,2,7.0,2024
2024-07-08 09:00:00+00:00|1.0|sess_comp_exp_fade_london_h9_q0.7_tp06_sl065,2024-07-08 09:00:00+00:00,STAGE28A,data/reports/stage28a_discovery_factory_batch_runner/stage28a_exact_trades.csv,session_compression_expansion_v1,sess_comp_exp_fade_london_h9_q0.7_tp06_sl065,-1.7341750000001412,-2.784175000000141,-3.484175000000141,0,0,0,0,2.784175000000141,5.289999999999964,10.420000000000073,0.22936660268716993,18.5,0.6929729729729818,5.190000000000055,6.450499999999965,0.936,1.0,,,9,0,7.0,2024
2024-07-15 09:00:00+00:00|-1.0|sess_comp_exp_fade_london_h9_q0.7_tp06_sl065,2024-07-15 09:00:00+00:00,STAGE28A,data/reports/stage28a_discovery_factory_batch_runner/stage28a_exact_trades.csv,session_compression_expansion_v1,sess_comp_exp_fade_london_h9_q0.7_tp06_sl065,-1.631800000000203,-2.681800000000203,-3.381800000000202,0,0,0,0,2.681800000000203,7.980000000000018,9.950000000000273,0.40703517587940413,12.690000000000055,0.06619385342790716,6.059999999999945,5.042500000000018,0.492,-1.0,,,9,0,7.0,2024
2024-07-16 09:00:00+00:00|-1.0|sess_comp_exp_fade_london_h9_q0.7_tp06_sl065,2024-07-16 09:00:00+00:00,STAGE28A,data/reports/stage28a_discovery_factory_batch_runner/stage28a_exact_trades.csv,session_compression_expansion_v1,sess_comp_exp_fade_london_h9_q0.7_tp06_sl065,1.1197000000001025,0.0697000000001026,-0.630299999999897,1,0,0,0,0.0697000000001026,38.409999999999854,11.559999999999945,0.6643598615916845,18.269999999999982,0.75478927203065,4.639999999999873,5.41700000000003,0.684,-1.0,,,9,1,7.0,2024
2024-07-17 09:00:00+00:00|-1.0|sess_comp_exp_fade_london_h9_q0.7_tp06_sl065,2024-07-17 09:00:00+00:00,STAGE28A,data/reports/stage28a_discovery_factory_batch_runner/stage28a_exact_trades.csv,session_compression_expansion_v1,sess_comp_exp_fade_london_h9_q0.7_tp06_sl065,2.0685999999999694,1.0185999999999695,0.3185999999999698,1,1,1,0,1.0185999999999695,49.659999999999854,18.299999999999727,0.15191256830602412,17.019999999999982,0.18801410105759556,5.5900000000001455,7.71400000000001,0.992,-1.0,,,9,2,7.0,2024
2024-07-19 09:00:00+00:00|1.0|sess_comp_exp_fade_london_h9_q0.7_tp06_sl065,2024-07-19 09:00:00+00:00,STAGE28A,data/reports/stage28a_discovery_factory_batch_runner/stage28a_exact_trades.csv,session_compression_expansion_v1,sess_comp_exp_fade_london_h9_q0.7_tp06_sl065,1.9252000000000409,0.8752000000000408,0.1752000000000411,1,1,1,0,0.8752000000000408,34.84999999999991,24.679999999999836,0.6288492706645091,16.5,0.7678787878787923,5.079999999999927,6.709999999999923,0.804,1.0,,,9,4,7.0,2024
2024-07-23 09:00:00+00:00|-1.0|sess_comp_exp_fade_london_h9_q0.7_tp06_sl065,2024-07-23 09:00:00+00:00,STAGE28A,data/reports/stage28a_discovery_factory_batch_runner/stage28a_exact_trades.csv,session_compression_expansion_v1,sess_comp_exp_fade_london_h9_q0.7_tp06_sl065,-2.003600000000097,-3.0536000000000967,-3.753600000000096,0,0,0,0,3.0536000000000967,28.23999999999978,9.199999999999818,0.34239130434784276,20.019999999999982,0.43806193806193755,6.079999999999927,5.550500000000056,0.456,-1.0,,,9,1,7.0,2024
2024-08-01 09:00:00+00:00|1.0|sess_comp_exp_fade_london_h9_q0.7_tp06_sl065,2024-08-01 09:00:00+00:00,STAGE28A,data/reports/stage28a_discovery_factory_batch_runner/stage28a_exact_trades.csv,session_compression_expansion_v1,sess_comp_exp_fade_london_h9_q0.7_tp06_sl065,1.829500000000189,0.7795000000001893,0.0795000000001895,1,1,1,0,0.7795000000001893,46.98999999999978,20.950000000000273,0.23293556085919073,18.829999999999927,0.5268189060010439,4.349999999999909,7.0049999999999955,0.776,1.0,,,9,3,8.0,2024
2024-08-02 09:00:00+00:00|-1.0|sess_comp_exp_fade_london_h9_q0.7_tp06_sl065,2024-08-02 09:00:00+00:00,STAGE28A,data/reports/stage28a_discovery_factory_batch_runner/stage28a_exact_trades.csv,session_compression_expansion_v1,sess_comp_exp_fade_london_h9_q0.7_tp06_sl065,2.202700000000186,1.1527000000001864,0.4527000000001866,1,1,1,0,1.1527000000001864,32.190000000000055,24.539999999999964,0.3793806030970014,14.139999999999873,0.6605374823196768,9.150000000000091,8.087500000000023,0.904,-1.0,,,9,4,8.0,2024
2024-08-05 09:00:00+00:00|1.0|sess_comp_exp_fade_london_h9_q0.7_tp06_sl065,2024-08-05 09:00:00+00:00,STAGE28A,data/reports/stage28a_discovery_factory_batch_runner/stage28a_exact_trades.csv,session_compression_expansion_v1,sess_comp_exp_fade_london_h9_q0.7_tp06_sl065,3.3358000000001997,2.2858000000001995,1.5858000000001995,1,1,1,0,2.2858000000001995,9.230000000000018,38.48999999999978,0.24941543257990176,39.67000000000007,0.6765817998487547,20.240000000000236,14.849500000000058,1.0,1.0,,,9,0,8.0,2024
2024-08-06 09:00:00+00:00|-1.0|sess_comp_exp_fade_london_h9_q0.7_tp06_sl065,2024-08-06 09:00:00+00:00,STAGE28A,data/reports/stage28a_discovery_factory_batch_runner/stage28a_exact_trades.csv,session_compression_expansion_v1,sess_comp_exp_fade_london_h9_q0.7_tp06_sl065,-2.796600000000217,-3.8466000000002167,-4.5466000000002165,0,0,0,1,3.8466000000002167,94.65999999999985,13.960000000000036,0.005014326647576184,20.720000000000255,0.20945945945944197,13.66000000000031,11.170500000000107,0.856,-1.0,,,9,1,8.0,2024
2024-08-12 09:00:00+00:00|-1.0|sess_comp_exp_fade_london_h9_q0.7_tp06_sl065,2024-08-12 09:00:00+00:00,STAGE28A,data/reports/stage28a_discovery_factory_batch_runner/stage28a_exact_trades.csv,session_compression_expansion_v1,sess_comp_exp_fade_london_h9_q0.7_tp06_sl065,1.0093000000000756,-0.0406999999999242,-0.740699999999924,0,0,0,0,0.0406999999999242,6.519999999999982,9.389999999999873,0.19914802981894741,16.960000000000036,0.8384433962264283,5.929999999999836,5.5110000000000126,0.072,-1.0,,,9,0,8.0,2024
2024-08-14 09:00:00+00:00|-1.0|sess_comp_exp_fade_london_h9_q0.7_tp06_sl065,2024-08-14 09:00:00+00:00,STAGE28A,data/reports/stage28a_discovery_factory_batch_runner/stage28a_exact_trades.csv,session_compression_expansion_v1,sess_comp_exp_fade_london_h9_q0.7_tp06_sl065,-2.125474999999915,-3.175474999999915,-3.8754749999999145,0,0,0,1,3.175474999999915,18.51000000000022,17.210000000000036,0.2719349215572505,19.289999999999964,0.6174183514774431,3.269999999999982,5.4965000000000375,0.1,-1.0,,,9,2,8.0,2024
2024-08-16 09:00:00+00:00|-1.0|sess_comp_exp_fade_london_h9_q0.7_tp06_sl065,2024-08-16 09:00:00+00:00,STAGE28A,data/reports/stage28a_discovery_factory_batch_runner/stage28a_exact_trades.csv,session_compression_expansion_v1,sess_comp_exp_fade_london_h9_q0.7_tp06_sl065,0.9019000000002052,-0.1480999999997947,-0.8480999999997945,0,0,0,0,0.1480999999997947,37.90000000000009,9.2199999999998,0.26030368763559036,13.390000000000327,0.8110530246452473,3.680000000000291,6.6540000000000195,0.536,-1.0,,,9,4,8.0,2024
2024-08-20 09:00:00+00:00|-1.0|sess_comp_exp_fade_london_h9_q0.7_tp06_sl065,2024-08-20 09:00:00+00:00,STAGE28A,data/reports/stage28a_discovery_factory_batch_runner/stage28a_exact_trades.csv,session_compression_expansion_v1,sess_comp_exp_fade_london_h9_q0.7_tp06_sl065,-1.907725000000119,-2.9577250000001185,-3.6577250000001182,0,0,0,0,2.9577250000001185,23.800000000000182,9.5,0.2642105263157646,27.909999999999854,0.7115729129344404,4.279999999999745,5.118999999999983,0.072,-1.0,,,9,1,8.0,2024
2024-08-26 09:00:00+00:00|-1.0|sess_comp_exp_fade_london_h9_q0.7_tp06_sl065,2024-08-26 09:00:00+00:00,STAGE28A,data/reports/stage28a_discovery_factory_batch_runner/stage28a_exact_trades.csv,session_compression_expansion_v1,sess_comp_exp_fade_london_h9_q0.7_tp06_sl065,-1.5573749999999564,-2.6073749999999563,-3.307374999999956,0,0,0,0,2.6073749999999563,3.9699999999998,7.550000000000182,0.3894039735099316,17.070000000000164,0.8904510837727081,2.580000000000382,5.449999999999977,0.224,-1.0,,,9,0,8.0,2024
2024-08-27 09:00:00+00:00|-1.0|sess_comp_exp_fade_london_h9_q0.7_tp06_sl065,2024-08-27 09:00:00+00:00,STAGE28A,data/reports/stage28a_discovery_factory_batch_runner/stage28a_exact_trades.csv,session_compression_expansion_v1,sess_comp_exp_fade_london_h9_q0.7_tp06_sl065,1.090599999999904,0.040599999999904,-0.6594000000000957,1,0,0,0,0.040599999999904,18.050000000000182,11.989999999999782,0.6905754795662966,13.979999999999563,0.006437768240353958,7.190000000000055,4.811000000000012,0.096,-1.0,,,9,1,8.0,2024
2024-08-30 09:00:00+00:00|-1.0|sess_comp_exp_fade_london_h9_q0.7_tp06_sl065,2024-08-30 09:00:00+00:00,STAGE28A,data/reports/stage28a_discovery_factory_batch_runner/stage28a_exact_trades.csv,session_compression_expansion_v1,sess_comp_exp_fade_london_h9_q0.7_tp06_sl065,0.93670000000011,-0.11329999999989,-0.8132999999998898,0,0,0,0,0.11329999999989,25.059999999999945,9.490000000000236,0.7766069546891157,14.860000000000127,0.7301480484522084,3.7800000000002,5.22800000000002,0.264,-1.0,,,9,4,8.0,2024
2024-09-03 09:00:00+00:00|-1.0|sess_comp_exp_fade_london_h9_q0.7_tp06_sl065,2024-09-03 09:00:00+00:00,STAGE28A,data/reports/stage28a_discovery_factory_batch_runner/stage28a_exact_trades.csv,session_compression_expansion_v1,sess_comp_exp_fade_london_h9_q0.7_tp06_sl065,1.0332999999999628,-0.016700000000037,-0.7167000000000368,0,0,0,0,0.016700000000037,17.240000000000236,10.08999999999969,0.2775024777007203,13.659999999999854,0.4612005856515223,3.2199999999998,3.45799999999997,0.004,-1.0,,,9,1,9.0,2024
2024-09-04 09:00:00+00:00|1.0|sess_comp_exp_fade_london_h9_q0.7_tp06_sl065,2024-09-04 09:00:00+00:00,STAGE28A,data/reports/stage28a_discovery_factory_batch_runner/stage28a_exact_trades.csv,session_compression_expansion_v1,sess_comp_exp_fade_london_h9_q0.7_tp06_sl065,0.7168000000000575,-0.3331999999999424,-1.0331999999999422,0,0,0,0,0.3331999999999424,32.80000000000018,5.679999999999836,0.32922535211266635,24.890000000000327,0.5355564483728488,3.8099999999999454,6.812999999999988,0.904,1.0,,,9,2,9.0,2024
2024-09-05 09:00:00+00:00|-1.0|sess_comp_exp_fade_london_h9_q0.7_tp06_sl065,2024-09-05 09:00:00+00:00,STAGE28A,data/reports/stage28a_discovery_factory_batch_runner/stage28a_exact_trades.csv,session_compression_expansion_v1,sess_comp_exp_fade_london_h9_q0.7_tp06_sl065,0.7924000000001797,-0.2575999999998202,-0.95759999999982,0,0,0,0,0.2575999999998202,28.620000000000346,4.880000000000109,0.08811475409832514,23.409999999999854,0.8821016659547296,8.38000000000011,4.761500000000046,0.172,-1.0,,,9,3,9.0,2024
2024-09-09 09:00:00+00:00|1.0|sess_comp_exp_fade_london_h9_q0.7_tp06_sl065,2024-09-09 09:00:00+00:00,STAGE28A,data/reports/stage28a_discovery_factory_batch_runner/stage28a_exact_trades.csv,session_compression_expansion_v1,sess_comp_exp_fade_london_h9_q0.7_tp06_sl065,-1.649674999999752,-2.699674999999752,-3.3996749999997515,0,0,0,0,2.699674999999752,2.3200000000001637,5.6599999999998545,0.2473498233215772,13.860000000000127,0.20923520923521388,10.779999999999745,7.95799999999997,1.0,1.0,,,9,0,9.0,2024
2024-09-19 09:00:00+00:00|-1.0|sess_comp_exp_fade_london_h9_q0.7_tp06_sl065,2024-09-19 09:00:00+00:00,STAGE28A,data/reports/stage28a_discovery_factory_batch_runner/stage28a_exact_trades.csv,session_compression_expansion_v1,sess_comp_exp_fade_london_h9_q0.7_tp06_sl065,1.491699999999946,0.4416999999999462,-0.2583000000000535,1,0,1,0,0.4416999999999462,53.19999999999982,15.420000000000073,0.30998702983136983,35.34999999999991,0.7932107496463943,10.66000000000031,9.074000000000023,1.0,-1.0,,,9,3,9.0,2024
2024-09-20 09:00:00+00:00|-1.0|sess_comp_exp_fade_london_h9_q0.7_tp06_sl065,2024-09-20 09:00:00+00:00,STAGE28A,data/reports/stage28a_discovery_factory_batch_runner/stage28a_exact_trades.csv,session_compression_expansion_v1,sess_comp_exp_fade_london_h9_q0.7_tp06_sl065,0.9333999999998014,-0.1166000000001985,-0.8166000000001983,0,0,0,0,0.1166000000001985,43.789999999999964,8.75,0.41142857142856104,21.419999999999618,0.6984126984127126,2.7899999999999636,5.507000000000062,0.544,-1.0,,,9,4,9.0,2024
2024-09-23 09:00:00+00:00|1.0|sess_comp_exp_fade_london_h9_q0.7_tp06_sl065,2024-09-23 09:00:00+00:00,STAGE28A,data/reports/stage28a_discovery_factory_batch_runner/stage28a_exact_trades.csv,session_compression_expansion_v1,sess_comp_exp_fade_london_h9_q0.7_tp06_sl065,-1.989299999999821,-3.039299999999821,-3.7392999999998207,0,0,0,0,3.039299999999821,3.6200000000003456,14.989999999999782,0.5376917945297209,17.51000000000022,0.39634494574528656,4.440000000000055,5.547999999999979,0.54,1.0,,,9,0,9.0,2024
2024-09-24 09:00:00+00:00|1.0|sess_comp_exp_fade_london_h9_q0.7_tp06_sl065,2024-09-24 09:00:00+00:00,STAGE28A,data/reports/stage28a_discovery_factory_batch_runner/stage28a_exact_trades.csv,session_compression_expansion_v1,sess_comp_exp_fade_london_h9_q0.7_tp06_sl065,-2.2450749999999062,-3.295074999999906,-3.995074999999906,0,0,0,1,3.295074999999906,21.01000000000022,12.349999999999909,0.5344129554655837,17.549999999999727,0.1908831908832146,14.929999999999836,4.801000000000068,0.284,1.0,,,9,1,9.0,2024
2024-10-03 09:00:00+00:00|1.0|sess_comp_exp_fade_london_h9_q0.7_tp06_sl065,2024-10-03 09:00:00+00:00,STAGE28A,data/reports/stage28a_discovery_factory_batch_runner/stage28a_exact_trades.csv,session_compression_expansion_v1,sess_comp_exp_fade_london_h9_q0.7_tp06_sl065,-1.719224999999915,-2.769224999999915,-3.4692249999999145,0,0,0,0,2.769224999999915,22.240000000000236,9.679999999999836,0.3615702479338904,16.659999999999854,0.6818727490996535,4.7599999999997635,5.4365000000000006,0.256,1.0,,,9,3,10.0,2024
2024-10-07 09:00:00+00:00|-1.0|sess_comp_exp_fade_london_h9_q0.7_tp06_sl065,2024-10-07 09:00:00+00:00,STAGE28A,data/reports/stage28a_discovery_factory_batch_runner/stage28a_exact_trades.csv,session_compression_expansion_v1,sess_comp_exp_fade_london_h9_q0.7_tp06_sl065,1.021900000000096,-0.0280999999999038,-0.7280999999999036,0,0,0,0,0.0280999999999038,2.680000000000291,8.609999999999673,0.3832752613240775,17.8100000000004,0.5081414935429522,7.0,8.270000000000028,0.98,-1.0,,,9,0,10.0,2024
2024-10-08 09:00:00+00:00|1.0|sess_comp_exp_fade_london_h9_q0.7_tp06_sl065,2024-10-08 09:00:00+00:00,STAGE28A,data/reports/stage28a_discovery_factory_batch_runner/stage28a_exact_trades.csv,session_compression_expansion_v1,sess_comp_exp_fade_london_h9_q0.7_tp06_sl065,-2.710474999999952,-3.760474999999951,-4.460474999999951,0,0,0,1,3.760474999999951,22.019999999999982,15.289999999999964,0.07586657946369244,17.820000000000164,0.08810325476992982,4.839999999999691,7.160999999999899,0.76,1.0,,,9,1,10.0,2024
2024-10-09 09:00:00+00:00|1.0|sess_comp_exp_fade_london_h9_q0.7_tp06_sl065,2024-10-09 09:00:00+00:00,STAGE28A,data/reports/stage28a_discovery_factory_batch_runner/stage28a_exact_trades.csv,session_compression_expansion_v1,sess_comp_exp_fade_london_h9_q0.7_tp06_sl065,1.345900000000165,0.2959000000001652,-0.4040999999998345,1,0,1,0,0.2959000000001652,48.34999999999991,9.390000000000327,0.5175718849840211,15.210000000000036,0.05588428665351131,8.690000000000055,7.423500000000013,0.812,1.0,,,9,2,10.0,2024
2024-10-15 09:00:00+00:00|-1.0|sess_comp_exp_fade_london_h9_q0.7_tp06_sl065,2024-10-15 09:00:00+00:00,STAGE28A,data/reports/stage28a_discovery_factory_batch_runner/stage28a_exact_trades.csv,session_compression_expansion_v1,sess_comp_exp_fade_london_h9_q0.7_tp06_sl065,1.2996999999999388,0.2496999999999389,-0.4503000000000607,1,0,1,0,0.2496999999999389,23.659999999999854,8.349999999999909,0.5185628742514939,17.829999999999927,0.448121144139081,6.289999999999964,5.220000000000004,0.084,-1.0,,,9,1,10.0,2024
2024-10-24 09:00:00+00:00|-1.0|sess_comp_exp_fade_london_h9_q0.7_tp06_sl065,2024-10-24 09:00:00+00:00,STAGE28A,data/reports/stage28a_discovery_factory_batch_runner/stage28a_exact_trades.csv,session_compression_expansion_v1,sess_comp_exp_fade_london_h9_q0.7_tp06_sl065,1.069300000000021,0.0193000000000211,-0.6806999999999785,1,0,0,0,0.0193000000000211,49.92000000000007,12.279999999999745,0.39576547231272213,16.420000000000073,0.8361753958587063,3.9400000000000546,6.275000000000046,0.792,-1.0,,,9,3,10.0,2024
2024-10-28 09:00:00+00:00|1.0|sess_comp_exp_fade_london_h9_q0.7_tp06_sl065,2024-10-28 09:00:00+00:00,STAGE28A,data/reports/stage28a_discovery_factory_batch_runner/stage28a_exact_trades.csv,session_compression_expansion_v1,sess_comp_exp_fade_london_h9_q0.7_tp06_sl065,-2.2785500000000867,-3.3285500000000865,-4.028550000000086,0,0,0,1,3.3285500000000865,10.010000000000218,15.480000000000018,0.062015503875941895,16.909999999999854,0.06386753400357134,7.039999999999964,6.245000000000073,0.808,1.0,,,9,0,10.0,2024
2024-11-06 09:00:00+00:00|1.0|sess_comp_exp_fade_london_h9_q0.7_tp06_sl065,2024-11-06 09:00:00+00:00,STAGE28A,data/reports/stage28a_discovery_factory_batch_runner/stage28a_exact_trades.csv,session_compression_expansion_v1,sess_comp_exp_fade_london_h9_q0.7_tp06_sl065,-5.516200000000117,-6.5662000000001175,-7.266200000000117,0,0,0,1,6.5662000000001175,25.340000000000146,18.98999999999978,0.20326487625066728,42.35999999999967,0.5153446647780948,38.0,9.56299999999992,1.0,1.0,,,9,2,11.0,2024
2024-11-08 09:00:00+00:00|1.0|sess_comp_exp_fade_london_h9_q0.7_tp06_sl065,2024-11-08 09:00:00+00:00,STAGE28A,data/reports/stage28a_discovery_factory_batch_runner/stage28a_exact_trades.csv,session_compression_expansion_v1,sess_comp_exp_fade_london_h9_q0.7_tp06_sl065,1.38700000000008,0.3370000000000801,-0.3629999999999196,1,0,1,0,0.3370000000000801,66.90999999999985,17.09999999999991,0.7777777777777659,16.240000000000236,0.3232758620689608,9.909999999999854,7.611999999999966,0.808,1.0,,,9,4,11.0,2024
2024-11-12 09:00:00+00:00|1.0|sess_comp_exp_fade_london_h9_q0.7_tp06_sl065,2024-11-12 09:00:00+00:00,STAGE28A,data/reports/stage28a_discovery_factory_batch_runner/stage28a_exact_trades.csv,session_compression_expansion_v1,sess_comp_exp_fade_london_h9_q0.7_tp06_sl065,-2.6555500000000394,-3.705550000000039,-4.405550000000039,0,0,0,1,3.705550000000039,75.67999999999984,11.579999999999927,0.5397236614853229,28.460000000000036,0.7350667603654267,6.699999999999818,7.711499999999956,0.736,1.0,,,9,1,11.0,2024
2024-11-14 09:00:00+00:00|1.0|sess_comp_exp_fade_london_h9_q0.7_tp06_sl065,2024-11-14 09:00:00+00:00,STAGE28A,data/reports/stage28a_discovery_factory_batch_runner/stage28a_exact_trades.csv,session_compression_expansion_v1,sess_comp_exp_fade_london_h9_q0.7_tp06_sl065,1.6251999999998588,0.5751999999998589,-0.1248000000001408,1,0,1,0,0.5751999999998589,48.070000000000164,22.389999999999873,0.25949084412684137,28.460000000000036,0.6398453970484895,8.639999999999873,8.621499999999992,0.88,1.0,,,9,3,11.0,2024
2024-11-18 09:00:00+00:00|-1.0|sess_comp_exp_fade_london_h9_q0.7_tp06_sl065,2024-11-18 09:00:00+00:00,STAGE28A,data/reports/stage28a_discovery_factory_batch_runner/stage28a_exact_trades.csv,session_compression_expansion_v1,sess_comp_exp_fade_london_h9_q0.7_tp06_sl065,1.3207000000001243,0.2707000000001245,-0.4292999999998752,1,0,1,0,0.2707000000001245,13.230000000000018,34.88000000000011,0.5997706422018351,16.840000000000146,0.1057007125890576,7.269999999999982,8.509000000000015,0.8,-1.0,,,9,0,11.0,2024
2024-11-19 09:00:00+00:00|-1.0|sess_comp_exp_fade_london_h9_q0.7_tp06_sl065,2024-11-19 09:00:00+00:00,STAGE28A,data/reports/stage28a_discovery_factory_batch_runner/stage28a_exact_trades.csv,session_compression_expansion_v1,sess_comp_exp_fade_london_h9_q0.7_tp06_sl065,-2.134900000000107,-3.184900000000107,-3.8849000000001066,0,0,0,1,3.184900000000107,52.84999999999991,15.36999999999989,0.6649316851008671,18.710000000000036,0.659005879208974,5.190000000000055,5.09950000000008,0.008,-1.0,,,9,1,11.0,2024
2024-11-20 09:00:00+00:00|1.0|sess_comp_exp_fade_london_h9_q0.7_tp06_sl065,2024-11-20 09:00:00+00:00,STAGE28A,data/reports/stage28a_discovery_factory_batch_runner/stage28a_exact_trades.csv,session_compression_expansion_v1,sess_comp_exp_fade_london_h9_q0.7_tp06_sl065,-1.816074999999819,-2.8660749999998187,-3.5660749999998185,0,0,0,0,2.8660749999998187,29.179999999999836,10.159999999999854,0.14763779527559268,19.740000000000236,0.5916919959472997,8.420000000000073,5.8315000000000285,0.076,1.0,,,9,2,11.0,2024
2024-11-21 09:00:00+00:00|-1.0|sess_comp_exp_fade_london_h9_q0.7_tp06_sl065,2024-11-21 09:00:00+00:00,STAGE28A,data/reports/stage28a_discovery_factory_batch_runner/stage28a_exact_trades.csv,session_compression_expansion_v1,sess_comp_exp_fade_london_h9_q0.7_tp06_sl065,-1.7780499999999848,-2.8280499999999846,-3.5280499999999844,0,0,0,0,2.8280499999999846,36.64000000000033,11.610000000000127,0.41860465116279705,17.059999999999945,0.759671746776089,5.649999999999636,6.037999999999966,0.188,-1.0,,,9,3,11.0,2024
2024-11-22 09:00:00+00:00|-1.0|sess_comp_exp_fade_london_h9_q0.7_tp06_sl065,2024-11-22 09:00:00+00:00,STAGE28A,data/reports/stage28a_discovery_factory_batch_runner/stage28a_exact_trades.csv,session_compression_expansion_v1,sess_comp_exp_fade_london_h9_q0.7_tp06_sl065,-2.631500000000051,-3.681500000000051,-4.381500000000051,0,0,0,1,3.681500000000051,24.63000000000011,24.070000000000164,0.8109680099709308,25.440000000000055,0.7425314465408739,7.329999999999927,6.574499999999989,0.372,-1.0,,,9,4,11.0,2024
2024-11-25 09:00:00+00:00|-1.0|sess_comp_exp_fade_london_h9_q0.7_tp06_sl065,2024-11-25 09:00:00+00:00,STAGE28A,data/reports/stage28a_discovery_factory_batch_runner/stage28a_exact_trades.csv,session_compression_expansion_v1,sess_comp_exp_fade_london_h9_q0.7_tp06_sl065,-4.914624999999978,-5.9646249999999785,-6.664624999999978,0,0,0,1,5.9646249999999785,16.51000000000022,62.039999999999964,0.7633784655061202,19.73999999999978,0.26443768996959766,8.320000000000164,11.677500000000032,0.996,-1.0,,,9,0,11.0,2024
2024-11-26 09:00:00+00:00|1.0|sess_comp_exp_fade_london_h9_q0.7_tp06_sl065,2024-11-26 09:00:00+00:00,STAGE28A,data/reports/stage28a_discovery_factory_batch_runner/stage28a_exact_trades.csv,session_compression_expansion_v1,sess_comp_exp_fade_london_h9_q0.7_tp06_sl065,-2.404975000000013,-3.454975000000013,-4.154975000000013,0,0,0,1,3.454975000000013,111.38000000000011,27.059999999999945,0.588322246858836,22.259999999999764,0.22192273135669843,4.860000000000127,12.17100000000005,0.936,1.0,,,9,1,11.0,2024
2024-11-28 09:00:00+00:00|-1.0|sess_comp_exp_fade_london_h9_q0.7_tp06_sl065,2024-11-28 09:00:00+00:00,STAGE28A,data/reports/stage28a_discovery_factory_batch_runner/stage28a_exact_trades.csv,session_compression_expansion_v1,sess_comp_exp_fade_london_h9_q0.7_tp06_sl065,1.3765000000002146,0.3265000000002147,-0.373499999999785,1,0,1,0,0.3265000000002147,31.329999999999927,17.48999999999978,0.33390508862208224,19.41000000000031,0.8377125193199126,7.730000000000018,6.691999999999939,0.404,-1.0,,,9,3,11.0,2024
2024-12-09 09:00:00+00:00|-1.0|sess_comp_exp_fade_london_h9_q0.7_tp06_sl065,2024-12-09 09:00:00+00:00,STAGE28A,data/reports/stage28a_discovery_factory_batch_runner/stage28a_exact_trades.csv,session_compression_expansion_v1,sess_comp_exp_fade_london_h9_q0.7_tp06_sl065,-2.57202500000003,-3.6220250000000314,-4.32202500000003,0,0,0,1,3.6220250000000314,11.929999999999836,23.019999999999982,0.1776715899218136,22.470000000000255,0.9577214063195255,6.2800000000002,8.517499999999995,0.728,-1.0,,,9,0,12.0,2024
2024-12-11 09:00:00+00:00|-1.0|sess_comp_exp_fade_london_h9_q0.7_tp06_sl065,2024-12-11 09:00:00+00:00,STAGE28A,data/reports/stage28a_discovery_factory_batch_runner/stage28a_exact_trades.csv,session_compression_expansion_v1,sess_comp_exp_fade_london_h9_q0.7_tp06_sl065,-3.9991000000000896,-5.04910000000009,-5.749100000000089,0,0,0,1,5.04910000000009,38.01999999999998,21.779999999999745,0.5335169880624439,25.350000000000364,0.3932938856015823,11.579999999999927,7.65600000000004,0.756,-1.0,,,9,2,12.0,2024
2024-12-13 09:00:00+00:00|1.0|sess_comp_exp_fade_london_h9_q0.7_tp06_sl065,2024-12-13 09:00:00+00:00,STAGE28A,data/reports/stage28a_discovery_factory_batch_runner/stage28a_exact_trades.csv,session_compression_expansion_v1,sess_comp_exp_fade_london_h9_q0.7_tp06_sl065,1.314099999999962,0.2640999999999622,-0.4359000000000375,1,0,1,0,0.2640999999999622,51.2199999999998,13.740000000000236,0.4832605531295312,25.5,0.8109803921568741,7.230000000000018,6.776000000000044,0.532,1.0,,,9,4,12.0,2024
2024-12-17 09:00:00+00:00|1.0|sess_comp_exp_fade_london_h9_q0.7_tp06_sl065,2024-12-17 09:00:00+00:00,STAGE28A,data/reports/stage28a_discovery_factory_batch_runner/stage28a_exact_trades.csv,session_compression_expansion_v1,sess_comp_exp_fade_london_h9_q0.7_tp06_sl065,-2.0594999999999346,-3.1094999999999344,-3.809499999999934,0,0,0,1,3.1094999999999344,20.75,7.650000000000091,0.006535947712442001,19.0300000000002,0.7157120336311195,8.190000000000055,4.888999999999987,0.04,1.0,,,9,1,12.0,2024
2024-12-19 09:00:00+00:00|-1.0|sess_comp_exp_fade_london_h9_q0.7_tp06_sl065,2024-12-19 09:00:00+00:00,STAGE28A,data/reports/stage28a_discovery_factory_batch_runner/stage28a_exact_trades.csv,session_compression_expansion_v1,sess_comp_exp_fade_london_h9_q0.7_tp06_sl065,1.732300000000032,0.6823000000000321,-0.0176999999999676,1,0,1,0,0.6823000000000321,68.09999999999991,35.460000000000036,0.5930626057529661,23.2800000000002,0.4463058419243893,10.849999999999909,9.716000000000054,1.0,-1.0,,,9,3,12.0,2024
2025-01-16 09:00:00+00:00|-1.0|sess_comp_exp_fade_london_h9_q0.7_tp06_sl065,2025-01-16 09:00:00+00:00,STAGE28A,data/reports/stage28a_discovery_factory_batch_runner/stage28a_exact_trades.csv,session_compression_expansion_v1,sess_comp_exp_fade_london_h9_q0.7_tp06_sl065,0.8643999999998414,-0.1856000000001585,-0.8856000000001583,0,0,0,0,0.1856000000001585,28.210000000000036,9.349999999999909,0.27593582887700024,18.529999999999745,0.5553157042633624,5.339999999999691,5.6284999999999625,0.484,-1.0,,,9,3,1.0,2025
2025-01-21 09:00:00+00:00|1.0|sess_comp_exp_fade_london_h9_q0.7_tp06_sl065,2025-01-21 09:00:00+00:00,STAGE28A,data/reports/stage28a_discovery_factory_batch_runner/stage28a_exact_trades.csv,session_compression_expansion_v1,sess_comp_exp_fade_london_h9_q0.7_tp06_sl065,-2.306825000000208,-3.356825000000208,-4.056825000000208,0,0,0,1,3.356825000000208,24.550000000000182,25.09999999999991,0.6749003984063792,15.799999999999727,0.4974683544303964,5.9099999999998545,6.606499999999983,0.856,1.0,,,9,1,1.0,2025
2025-01-22 09:00:00+00:00|-1.0|sess_comp_exp_fade_london_h9_q0.7_tp06_sl065,2025-01-22 09:00:00+00:00,STAGE28A,data/reports/stage28a_discovery_factory_batch_runner/stage28a_exact_trades.csv,session_compression_expansion_v1,sess_comp_exp_fade_london_h9_q0.7_tp06_sl065,1.2613000000000285,0.2113000000000284,-0.4886999999999712,1,0,1,0,0.2113000000000284,43.279999999999745,10.9699999999998,0.711030082041962,17.90000000000009,0.44525139664803126,12.720000000000255,6.002999999999974,0.652,-1.0,,,9,2,1.0,2025
2025-01-27 09:00:00+00:00|-1.0|sess_comp_exp_fade_london_h9_q0.7_tp06_sl065,2025-01-27 09:00:00+00:00,STAGE28A,data/reports/stage28a_discovery_factory_batch_runner/stage28a_exact_trades.csv,session_compression_expansion_v1,sess_comp_exp_fade_london_h9_q0.7_tp06_sl065,1.333899999999994,0.2838999999999942,-0.4161000000000054,1,0,1,0,0.2838999999999942,5.839999999999691,18.460000000000036,0.49620801733476905,23.769999999999982,0.4030290281867873,4.349999999999909,5.985499999999979,0.584,-1.0,,,9,0,1.0,2025
2025-01-30 09:00:00+00:00|-1.0|sess_comp_exp_fade_london_h9_q0.7_tp06_sl065,2025-01-30 09:00:00+00:00,STAGE28A,data/reports/stage28a_discovery_factory_batch_runner/stage28a_exact_trades.csv,session_compression_expansion_v1,sess_comp_exp_fade_london_h9_q0.7_tp06_sl065,0.7377999999997883,-0.3122000000002116,-1.0122000000002114,0,0,0,0,0.3122000000002116,21.470000000000255,5.330000000000382,0.035647279549726255,20.539999999999964,0.8695228821811177,6.190000000000055,5.074000000000046,0.268,-1.0,,,9,3,1.0,2025
2025-02-03 09:00:00+00:00|-1.0|sess_comp_exp_fade_london_h9_q0.7_tp06_sl065,2025-02-03 09:00:00+00:00,STAGE28A,data/reports/stage28a_discovery_factory_batch_runner/stage28a_exact_trades.csv,session_compression_expansion_v1,sess_comp_exp_fade_london_h9_q0.7_tp06_sl065,1.7820999999998093,0.7320999999998095,0.0320999999998097,1,1,1,0,0.7320999999998095,20.699999999999818,31.9699999999998,0.37566468564278505,20.809999999999945,0.8279673234022136,5.179999999999836,9.236500000000001,0.992,-1.0,,,9,0,2.0,2025
2025-02-05 09:00:00+00:00|-1.0|sess_comp_exp_fade_london_h9_q0.7_tp06_sl065,2025-02-05 09:00:00+00:00,STAGE28A,data/reports/stage28a_discovery_factory_batch_runner/stage28a_exact_trades.csv,session_compression_expansion_v1,sess_comp_exp_fade_london_h9_q0.7_tp06_sl065,1.375600000000213,0.3256000000002133,-0.3743999999997864,1,0,1,0,0.3256000000002133,38.25,18.450000000000273,0.7501355013550104,23.690000000000055,0.5293372731110145,4.9699999999998,6.966000000000031,0.736,-1.0,,,9,2,2.0,2025
2025-02-06 09:00:00+00:00|1.0|sess_comp_exp_fade_london_h9_q0.7_tp06_sl065,2025-02-06 09:00:00+00:00,STAGE28A,data/reports/stage28a_discovery_factory_batch_runner/stage28a_exact_trades.csv,session_compression_expansion_v1,sess_comp_exp_fade_london_h9_q0.7_tp06_sl065,1.4599000000001978,0.409900000000198,-0.2900999999998017,1,0,1,0,0.409900000000198,42.960000000000036,9.550000000000182,0.08167539267017647,22.480000000000018,0.4181494661921745,13.700000000000273,7.517499999999996,0.792,1.0,,,9,3,2.0,2025
2025-02-10 09:00:00+00:00|-1.0|sess_comp_exp_fade_london_h9_q0.7_tp06_sl065,2025-02-10 09:00:00+00:00,STAGE28A,data/reports/stage28a_discovery_factory_batch_runner/stage28a_exact_trades.csv,session_compression_expansion_v1,sess_comp_exp_fade_london_h9_q0.7_tp06_sl065,1.2811000000000603,0.2311000000000604,-0.4688999999999392,1,0,1,0,0.2311000000000604,14.0,23.190000000000055,0.5066839154808095,30.40000000000009,0.7578947368421018,13.329999999999927,9.13449999999998,0.94,-1.0,,,9,0,2.0,2025
2025-02-11 09:00:00+00:00|1.0|sess_comp_exp_fade_london_h9_q0.7_tp06_sl065,2025-02-11 09:00:00+00:00,STAGE28A,data/reports/stage28a_discovery_factory_batch_runner/stage28a_exact_trades.csv,session_compression_expansion_v1,sess_comp_exp_fade_london_h9_q0.7_tp06_sl065,-4.717999999999938,-5.7679999999999385,-6.467999999999938,0,0,0,1,5.7679999999999385,62.570000000000164,38.029999999999745,0.0381277938469584,27.429999999999836,0.49362012395187915,13.929999999999836,10.47650000000001,1.0,1.0,,,9,1,2.0,2025
2025-02-17 09:00:00+00:00|-1.0|sess_comp_exp_fade_london_h9_q0.7_tp06_sl065,2025-02-17 09:00:00+00:00,STAGE28A,data/reports/stage28a_discovery_factory_batch_runner/stage28a_exact_trades.csv,session_compression_expansion_v1,sess_comp_exp_fade_london_h9_q0.7_tp06_sl065,1.996599999999853,0.9465999999998532,0.2465999999998533,1,1,1,0,0.9465999999998532,15.88000000000011,26.809999999999945,0.7411413651622673,18.269999999999982,0.20634920634920556,9.609999999999673,10.969499999999925,0.968,-1.0,,,9,0,2.0,2025
2025-02-19 09:00:00+00:00|-1.0|sess_comp_exp_fade_london_h9_q0.7_tp06_sl065,2025-02-19 09:00:00+00:00,STAGE28A,data/reports/stage28a_discovery_factory_batch_runner/stage28a_exact_trades.csv,session_compression_expansion_v1,sess_comp_exp_fade_london_h9_q0.7_tp06_sl065,1.4776000000000749,0.427600000000075,-0.2723999999999247,1,0,1,0,0.427600000000075,45.25,15.480000000000018,0.31330749354004545,19.0,0.8199999999999962,5.179999999999836,6.528999999999996,0.264,-1.0,,,9,2,2.0,2025
2025-02-20 09:00:00+00:00|-1.0|sess_comp_exp_fade_london_h9_q0.7_tp06_sl065,2025-02-20 09:00:00+00:00,STAGE28A,data/reports/stage28a_discovery_factory_batch_runner/stage28a_exact_trades.csv,session_compression_expansion_v1,sess_comp_exp_fade_london_h9_q0.7_tp06_sl065,1.2739000000000489,0.2239000000000488,-0.4760999999999509,1,0,1,0,0.2239000000000488,28.440000000000055,11.75,0.3948936170213045,15.509999999999764,0.7949709864603556,5.039999999999964,7.255499999999984,0.416,-1.0,,,9,3,2.0,2025
2025-02-21 09:00:00+00:00|-1.0|sess_comp_exp_fade_london_h9_q0.7_tp06_sl065,2025-02-21 09:00:00+00:00,STAGE28A,data/reports/stage28a_discovery_factory_batch_runner/stage28a_exact_trades.csv,session_compression_expansion_v1,sess_comp_exp_fade_london_h9_q0.7_tp06_sl065,1.918300000000181,0.8683000000001813,0.1683000000001815,1,1,1,0,0.8683000000001813,30.779999999999745,23.40000000000009,0.5564102564102534,17.309999999999945,0.11900635470825835,5.699999999999818,8.968000000000028,0.84,-1.0,,,9,4,2.0,2025
2025-02-27 09:00:00+00:00|1.0|sess_comp_exp_fade_london_h9_q0.7_tp06_sl065,2025-02-27 09:00:00+00:00,STAGE28A,data/reports/stage28a_discovery_factory_batch_runner/stage28a_exact_trades.csv,session_compression_expansion_v1,sess_comp_exp_fade_london_h9_q0.7_tp06_sl065,-2.862250000000222,-3.912250000000222,-4.612250000000222,0,0,0,1,3.912250000000222,39.42000000000007,24.509999999999764,0.8869849041207667,21.610000000000127,0.2512725590004537,7.730000000000018,6.899000000000046,0.348,1.0,,,9,3,2.0,2025
2025-02-28 09:00:00+00:00|1.0|sess_comp_exp_fade_london_h9_q0.7_tp06_sl065,2025-02-28 09:00:00+00:00,STAGE28A,data/reports/stage28a_discovery_factory_batch_runner/stage28a_exact_trades.csv,session_compression_expansion_v1,sess_comp_exp_fade_london_h9_q0.7_tp06_sl065,1.8915999999998347,0.8415999999998349,0.1415999999998352,1,1,1,0,0.8415999999998349,53.149999999999636,28.039999999999964,0.44721825962910056,15.940000000000055,0.04454203262233588,4.710000000000036,8.572499999999991,0.72,1.0,,,9,4,2.0,2025
2025-03-04 09:00:00+00:00|-1.0|sess_comp_exp_fade_london_h9_q0.7_tp06_sl065,2025-03-04 09:00:00+00:00,STAGE28A,data/reports/stage28a_discovery_factory_batch_runner/stage28a_exact_trades.csv,session_compression_expansion_v1,sess_comp_exp_fade_london_h9_q0.7_tp06_sl065,1.434400000000005,0.3844000000000052,-0.3155999999999945,1,0,1,0,0.3844000000000052,39.940000000000055,11.83999999999969,0.03378378378375394,36.98000000000002,0.6311519740400252,5.610000000000127,7.185000000000059,0.328,-1.0,,,9,1,3.0,2025
2025-03-06 09:00:00+00:00|1.0|sess_comp_exp_fade_london_h9_q0.7_tp06_sl065,2025-03-06 09:00:00+00:00,STAGE28A,data/reports/stage28a_discovery_factory_batch_runner/stage28a_exact_trades.csv,session_compression_expansion_v1,sess_comp_exp_fade_london_h9_q0.7_tp06_sl065,-1.9847500000001677,-3.0347500000001677,-3.734750000000167,0,0,0,0,3.0347500000001677,35.82999999999993,10.510000000000218,0.08658420551858138,31.970000000000255,0.5711604629339887,3.25,8.029000000000043,0.444,1.0,,,9,3,3.0,2025
2025-03-07 09:00:00+00:00|-1.0|sess_comp_exp_fade_london_h9_q0.7_tp06_sl065,2025-03-07 09:00:00+00:00,STAGE28A,data/reports/stage28a_discovery_factory_batch_runner/stage28a_exact_trades.csv,session_compression_expansion_v1,sess_comp_exp_fade_london_h9_q0.7_tp06_sl065,1.2912999999997736,0.2412999999997738,-0.4587000000002259,1,0,1,0,0.2412999999997738,35.41000000000031,18.309999999999945,0.1982523211359978,16.63000000000011,0.6806975345760454,7.069999999999709,8.09149999999995,0.408,-1.0,,,9,4,3.0,2025
2025-03-10 09:00:00+00:00|-1.0|sess_comp_exp_fade_london_h9_q0.7_tp06_sl065,2025-03-10 09:00:00+00:00,STAGE28A,data/reports/stage28a_discovery_factory_batch_runner/stage28a_exact_trades.csv,session_compression_expansion_v1,sess_comp_exp_fade_london_h9_q0.7_tp06_sl065,-2.0708749999999783,-3.120874999999978,-3.820874999999978,0,0,0,1,3.120874999999978,7.430000000000291,10.139999999999873,0.0009861932939071404,18.789999999999964,0.4326769558275503,5.239999999999782,8.058000000000016,0.388,-1.0,,,9,0,3.0,2025
2025-03-11 09:00:00+00:00|-1.0|sess_comp_exp_fade_london_h9_q0.7_tp06_sl065,2025-03-11 09:00:00+00:00,STAGE28A,data/reports/stage28a_discovery_factory_batch_runner/stage28a_exact_trades.csv,session_compression_expansion_v1,sess_comp_exp_fade_london_h9_q0.7_tp06_sl065,-2.162199999999848,-3.212199999999848,-3.912199999999848,0,0,0,1,3.212199999999848,38.289999999999964,20.169999999999618,0.4615765989092772,21.789999999999964,0.6608536025699915,9.319999999999709,7.838999999999873,0.312,-1.0,,,9,1,3.0,2025
2025-03-12 09:00:00+00:00|1.0|sess_comp_exp_fade_london_h9_q0.7_tp06_sl065,2025-03-12 09:00:00+00:00,STAGE28A,data/reports/stage28a_discovery_factory_batch_runner/stage28a_exact_trades.csv,session_compression_expansion_v1,sess_comp_exp_fade_london_h9_q0.7_tp06_sl065,-2.14464999999982,-3.1946499999998195,-3.894649999999819,0,0,0,1,3.1946499999998195,41.909999999999854,9.090000000000146,0.10121012101205756,16.450000000000273,0.043161094224925506,9.789999999999964,5.554499999999962,0.016,1.0,,,9,2,3.0,2025
2025-03-14 09:00:00+00:00|-1.0|sess_comp_exp_fade_london_h9_q0.7_tp06_sl065,2025-03-14 09:00:00+00:00,STAGE28A,data/reports/stage28a_discovery_factory_batch_runner/stage28a_exact_trades.csv,session_compression_expansion_v1,sess_comp_exp_fade_london_h9_q0.7_tp06_sl065,-2.387100000000009,-3.4371000000000094,-4.137100000000009,0,0,0,1,3.4371000000000094,56.50999999999976,12.150000000000091,0.27160493827158044,24.0,0.32583333333334014,6.449999999999818,7.644999999999982,0.392,-1.0,,,9,4,3.0,2025
2025-03-18 09:00:00+00:00|-1.0|sess_comp_exp_fade_london_h9_q0.7_tp06_sl065,2025-03-18 09:00:00+00:00,STAGE28A,data/reports/stage28a_discovery_factory_batch_runner/stage28a_exact_trades.csv,session_compression_expansion_v1,sess_comp_exp_fade_london_h9_q0.7_tp06_sl065,1.7571999999999206,0.7071999999999208,0.007199999999921,1,1,1,0,0.7071999999999208,20.670000000000073,17.58999999999969,0.8095508811824919,22.340000000000146,0.4185317815577372,6.989999999999782,5.907500000000004,0.152,-1.0,,,9,1,3.0,2025
2025-03-19 09:00:00+00:00|1.0|sess_comp_exp_fade_london_h9_q0.7_tp06_sl065,2025-03-19 09:00:00+00:00,STAGE28A,data/reports/stage28a_discovery_factory_batch_runner/stage28a_exact_trades.csv,session_compression_expansion_v1,sess_comp_exp_fade_london_h9_q0.7_tp06_sl065,1.6800999999999475,0.6300999999999477,-0.069900000000052,1,0,1,0,0.6300999999999477,38.73999999999978,11.580000000000382,0.2573402417961934,22.529999999999745,0.08521970705726119,10.259999999999764,5.880999999999995,0.168,1.0,,,9,2,3.0,2025
2025-03-26 09:00:00+00:00|-1.0|sess_comp_exp_fade_london_h9_q0.7_tp06_sl065,2025-03-26 09:00:00+00:00,STAGE28A,data/reports/stage28a_discovery_factory_batch_runner/stage28a_exact_trades.csv,session_compression_expansion_v1,sess_comp_exp_fade_london_h9_q0.7_tp06_sl065,-1.9470499999998536,-2.9970499999998537,-3.697049999999853,0,0,0,0,2.9970499999998537,28.480000000000018,12.690000000000055,0.3065405831363165,18.789999999999964,0.4220329962746063,4.1899999999996,5.6259999999999994,0.12,-1.0,,,9,2,3.0,2025
2025-03-28 09:00:00+00:00|1.0|sess_comp_exp_fade_london_h9_q0.7_tp06_sl065,2025-03-28 09:00:00+00:00,STAGE28A,data/reports/stage28a_discovery_factory_batch_runner/stage28a_exact_trades.csv,session_compression_expansion_v1,sess_comp_exp_fade_london_h9_q0.7_tp06_sl065,1.6107999999998357,0.5607999999998357,-0.139200000000164,1,0,1,0,0.5607999999998357,42.07999999999993,23.289999999999964,0.7745813653928721,19.770000000000437,0.018715225088535025,8.220000000000255,7.275000000000023,0.716,1.0,,,9,4,3.0,2025
2025-03-31 09:00:00+00:00|-1.0|sess_comp_exp_fade_london_h9_q0.7_tp06_sl065,2025-03-31 09:00:00+00:00,STAGE28A,data/reports/stage28a_discovery_factory_batch_runner/stage28a_exact_trades.csv,session_compression_expansion_v1,sess_comp_exp_fade_london_h9_q0.7_tp06_sl065,3.3414999999999053,2.291499999999905,1.5914999999999058,1,1,1,0,2.291499999999905,12.38000000000011,34.820000000000164,0.49109707064904734,22.2199999999998,0.3510351035103419,12.180000000000291,9.99200000000003,0.996,-1.0,,,9,0,3.0,2025
2025-04-01 09:00:00+00:00|1.0|sess_comp_exp_fade_london_h9_q0.7_tp06_sl065,2025-04-01 09:00:00+00:00,STAGE28A,data/reports/stage28a_discovery_factory_batch_runner/stage28a_exact_trades.csv,session_compression_expansion_v1,sess_comp_exp_fade_london_h9_q0.7_tp06_sl065,-3.215199999999732,-4.265199999999732,-4.965199999999731,0,0,0,1,4.265199999999732,51.42000000000007,27.210000000000036,0.8515251745681582,24.809999999999945,0.5630794034663373,18.449999999999818,9.038999999999941,0.888,1.0,,,9,1,4.0,2025
2025-04-02 09:00:00+00:00|-1.0|sess_comp_exp_fade_london_h9_q0.7_tp06_sl065,2025-04-02 09:00:00+00:00,STAGE28A,data/reports/stage28a_discovery_factory_batch_runner/stage28a_exact_trades.csv,session_compression_expansion_v1,sess_comp_exp_fade_london_h9_q0.7_tp06_sl065,-3.056924999999956,-4.106924999999956,-4.806924999999955,0,0,0,1,4.106924999999956,48.38000000000011,27.879999999999654,0.5068149210903976,24.329999999999927,0.23386765310316776,9.570000000000164,9.11550000000002,0.856,-1.0,,,9,2,4.0,2025
2025-04-03 09:00:00+00:00|1.0|sess_comp_exp_fade_london_h9_q0.7_tp06_sl065,2025-04-03 09:00:00+00:00,STAGE28A,data/reports/stage28a_discovery_factory_batch_runner/stage28a_exact_trades.csv,session_compression_expansion_v1,sess_comp_exp_fade_london_h9_q0.7_tp06_sl065,-4.265925000000243,-5.315925000000243,-6.015925000000243,0,0,0,1,5.315925000000243,41.36000000000013,45.86000000000013,0.04513737461839737,33.409999999999854,0.7934750074827995,16.789999999999964,14.777999999999997,1.0,1.0,,,9,3,4.0,2025
2025-04-04 09:00:00+00:00|1.0|sess_comp_exp_fade_london_h9_q0.7_tp06_sl065,2025-04-04 09:00:00+00:00,STAGE28A,data/reports/stage28a_discovery_factory_batch_runner/stage28a_exact_trades.csv,session_compression_expansion_v1,sess_comp_exp_fade_london_h9_q0.7_tp06_sl065,-4.249675000000115,-5.299675000000116,-5.999675000000115,0,0,0,1,5.299675000000116,113.61000000000013,29.670000000000073,0.572295247724974,31.329999999999927,0.25247366741143723,9.970000000000255,16.833500000000072,0.956,1.0,,,9,4,4.0,2025
2025-04-07 09:00:00+00:00|-1.0|sess_comp_exp_fade_london_h9_q0.7_tp06_sl065,2025-04-07 09:00:00+00:00,STAGE28A,data/reports/stage28a_discovery_factory_batch_runner/stage28a_exact_trades.csv,session_compression_expansion_v1,sess_comp_exp_fade_london_h9_q0.7_tp06_sl065,7.505799999999818,6.455799999999817,5.755799999999818,1,1,1,0,6.455799999999817,31.919999999999618,84.09999999999991,0.11319857312722939,31.210000000000036,0.19801345722524283,19.720000000000255,30.0329999999999,0.992,-1.0,,,9,0,4.0,2025
2025-04-08 09:00:00+00:00|-1.0|sess_comp_exp_fade_london_h9_q0.7_tp06_sl065,2025-04-08 09:00:00+00:00,STAGE28A,data/reports/stage28a_discovery_factory_batch_runner/stage28a_exact_trades.csv,session_compression_expansion_v1,sess_comp_exp_fade_london_h9_q0.7_tp06_sl065,-4.248049999999784,-5.298049999999785,-5.998049999999784,0,0,0,1,5.298049999999785,99.02999999999975,26.2800000000002,0.3047945205479339,24.710000000000036,0.4900849858356985,8.670000000000073,15.957500000000028,0.768,-1.0,,,9,1,4.0,2025
2025-04-09 09:00:00+00:00|-1.0|sess_comp_exp_fade_london_h9_q0.7_tp06_sl065,2025-04-09 09:00:00+00:00,STAGE28A,data/reports/stage28a_discovery_factory_batch_runner/stage28a_exact_trades.csv,session_compression_expansion_v1,sess_comp_exp_fade_london_h9_q0.7_tp06_sl065,4.325200000000132,3.275200000000132,2.575200000000132,1,1,1,0,3.275200000000132,47.98000000000002,41.13999999999987,0.5486144871171555,52.7800000000002,0.7663887836301566,15.050000000000182,14.241499999999997,0.7,-1.0,,,9,2,4.0,2025
2025-04-10 09:00:00+00:00|1.0|sess_comp_exp_fade_london_h9_q0.7_tp06_sl065,2025-04-10 09:00:00+00:00,STAGE28A,data/reports/stage28a_discovery_factory_batch_runner/stage28a_exact_trades.csv,session_compression_expansion_v1,sess_comp_exp_fade_london_h9_q0.7_tp06_sl065,-5.973799999999846,-7.023799999999847,-7.723799999999846,0,0,0,1,7.023799999999847,129.6500000000001,60.11999999999989,0.7538256819693986,29.460000000000036,0.30040733197557207,19.7800000000002,21.40850000000005,0.9,1.0,,,9,3,4.0,2025
2025-04-11 09:00:00+00:00|1.0|sess_comp_exp_fade_london_h9_q0.7_tp06_sl065,2025-04-11 09:00:00+00:00,STAGE28A,data/reports/stage28a_discovery_factory_batch_runner/stage28a_exact_trades.csv,session_compression_expansion_v1,sess_comp_exp_fade_london_h9_q0.7_tp06_sl065,4.559500000000208,3.5095000000002075,2.809500000000208,1,1,1,0,3.5095000000002075,117.48000000000002,44.58999999999969,0.6503700381251447,42.960000000000036,0.23114525139664405,32.0300000000002,16.097500000000014,0.64,1.0,,,9,4,4.0,2025
2025-04-14 09:00:00+00:00|1.0|sess_comp_exp_fade_london_h9_q0.7_tp06_sl065,2025-04-14 09:00:00+00:00,STAGE28A,data/reports/stage28a_discovery_factory_batch_runner/stage28a_exact_trades.csv,session_compression_expansion_v1,sess_comp_exp_fade_london_h9_q0.7_tp06_sl065,3.6381999999997783,2.588199999999779,1.8881999999997792,1,1,1,0,2.588199999999779,20.509999999999764,36.29999999999973,0.31129476584022775,21.460000000000036,0.39422180801491247,14.5,14.451500000000033,0.428,1.0,,,9,0,4.0,2025
2025-04-16 09:00:00+00:00|-1.0|sess_comp_exp_fade_london_h9_q0.7_tp06_sl065,2025-04-16 09:00:00+00:00,STAGE28A,data/reports/stage28a_discovery_factory_batch_runner/stage28a_exact_trades.csv,session_compression_expansion_v1,sess_comp_exp_fade_london_h9_q0.7_tp06_sl065,-4.426799999999821,-5.476799999999821,-6.176799999999821,0,0,0,1,5.476799999999821,31.389999999999873,51.76000000000022,0.7735703245749574,48.39000000000033,0.4552593511056014,8.0300000000002,10.89399999999996,0.188,-1.0,,,9,2,4.0,2025
2025-04-17 09:00:00+00:00|1.0|sess_comp_exp_fade_london_h9_q0.7_tp06_sl065,2025-04-17 09:00:00+00:00,STAGE28A,data/reports/stage28a_discovery_factory_batch_runner/stage28a_exact_trades.csv,session_compression_expansion_v1,sess_comp_exp_fade_london_h9_q0.7_tp06_sl065,-5.3387499999999815,-6.388749999999982,-7.0887499999999815,0,0,0,1,6.388749999999982,121.34000000000015,36.90000000000009,0.17723577235772214,32.649999999999636,0.7038284839203759,16.98999999999978,13.286000000000012,0.288,1.0,,,9,3,4.0,2025
2025-04-21 09:00:00+00:00|-1.0|sess_comp_exp_fade_london_h9_q0.7_tp06_sl065,2025-04-21 09:00:00+00:00,STAGE28A,data/reports/stage28a_discovery_factory_batch_runner/stage28a_exact_trades.csv,session_compression_expansion_v1,sess_comp_exp_fade_london_h9_q0.7_tp06_sl065,2.933800000000156,1.883800000000156,1.183800000000156,1,1,1,0,1.883800000000156,24.230000000000018,56.29999999999973,0.6460035523978698,27.25,0.4565137614678919,9.860000000000127,14.714999999999986,0.472,-1.0,,,9,0,4.0,2025
2025-04-22 09:00:00+00:00|1.0|sess_comp_exp_fade_london_h9_q0.7_tp06_sl065,2025-04-22 09:00:00+00:00,STAGE28A,data/reports/stage28a_discovery_factory_batch_runner/stage28a_exact_trades.csv,session_compression_expansion_v1,sess_comp_exp_fade_london_h9_q0.7_tp06_sl065,-6.2445250000001575,-7.294525000000158,-7.994525000000157,0,0,0,1,7.294525000000158,102.19999999999982,82.3100000000004,0.6886162070222277,56.809999999999945,0.5835240274599564,21.990000000000236,17.459500000000048,0.776,1.0,,,9,1,4.0,2025
2025-04-23 09:00:00+00:00|1.0|sess_comp_exp_fade_london_h9_q0.7_tp06_sl065,2025-04-23 09:00:00+00:00,STAGE28A,data/reports/stage28a_discovery_factory_batch_runner/stage28a_exact_trades.csv,session_compression_expansion_v1,sess_comp_exp_fade_london_h9_q0.7_tp06_sl065,-8.087599999999929,-9.13759999999993,-9.837599999999927,0,0,0,1,9.13759999999993,174.55999999999995,73.46000000000004,0.1497413558399128,57.48999999999978,0.37049921725517937,33.31999999999971,26.55799999999997,1.0,1.0,,,9,2,4.0,2025
2025-04-24 09:00:00+00:00|-1.0|sess_comp_exp_fade_london_h9_q0.7_tp06_sl065,2025-04-24 09:00:00+00:00,STAGE28A,data/reports/stage28a_discovery_factory_batch_runner/stage28a_exact_trades.csv,session_compression_expansion_v1,sess_comp_exp_fade_london_h9_q0.7_tp06_sl065,5.356900000000133,4.306900000000132,3.6069000000001328,1,1,1,0,4.306900000000132,126.44999999999982,79.0,0.23063291139240252,28.09999999999991,0.312455516014243,15.010000000000218,21.276500000000077,0.824,-1.0,,,9,3,4.0,2025
2025-04-25 09:00:00+00:00|1.0|sess_comp_exp_fade_london_h9_q0.7_tp06_sl065,2025-04-25 09:00:00+00:00,STAGE28A,data/reports/stage28a_discovery_factory_batch_runner/stage28a_exact_trades.csv,session_compression_expansion_v1,sess_comp_exp_fade_london_h9_q0.7_tp06_sl065,4.811200000000008,3.761200000000008,3.0612000000000084,1,1,1,0,3.761200000000008,79.0,48.029999999999745,0.906516760358123,40.48999999999978,0.7698197085700232,39.940000000000055,16.755499999999962,0.648,1.0,,,9,4,4.0,2025
2025-04-28 09:00:00+00:00|1.0|sess_comp_exp_fade_london_h9_q0.7_tp06_sl065,2025-04-28 09:00:00+00:00,STAGE28A,data/reports/stage28a_discovery_factory_batch_runner/stage28a_exact_trades.csv,session_compression_expansion_v1,sess_comp_exp_fade_london_h9_q0.7_tp06_sl065,-5.610124999999789,-6.660124999999789,-7.360124999999789,0,0,0,1,6.660124999999789,21.850000000000364,62.68000000000029,0.3162093171665615,26.480000000000018,0.6182024169184245,13.090000000000146,16.679500000000054,0.636,1.0,,,9,0,4.0,2025
2025-04-29 09:00:00+00:00|1.0|sess_comp_exp_fade_london_h9_q0.7_tp06_sl065,2025-04-29 09:00:00+00:00,STAGE28A,data/reports/stage28a_discovery_factory_batch_runner/stage28a_exact_trades.csv,session_compression_expansion_v1,sess_comp_exp_fade_london_h9_q0.7_tp06_sl065,3.7465000000001054,2.6965000000001056,1.9965000000001056,1,1,1,0,2.6965000000001056,84.68000000000029,40.26999999999998,0.5495406009436334,19.720000000000255,0.35699797160242763,11.450000000000273,13.959000000000037,0.352,1.0,,,9,1,4.0,2025
2025-04-30 09:00:00+00:00|1.0|sess_comp_exp_fade_london_h9_q0.7_tp06_sl065,2025-04-30 09:00:00+00:00,STAGE28A,data/reports/stage28a_discovery_factory_batch_runner/stage28a_exact_trades.csv,session_compression_expansion_v1,sess_comp_exp_fade_london_h9_q0.7_tp06_sl065,-3.7875249999998233,-4.837524999999824,-5.537524999999823,0,0,0,1,4.837524999999824,48.690000000000055,24.269999999999982,0.5937371240214201,39.57999999999993,0.7271349166245528,6.960000000000036,11.134499999999957,0.12,1.0,,,9,2,4.0,2025
2025-05-01 09:00:00+00:00|-1.0|sess_comp_exp_fade_london_h9_q0.7_tp06_sl065,2025-05-01 09:00:00+00:00,STAGE28A,data/reports/stage28a_discovery_factory_batch_runner/stage28a_exact_trades.csv,session_compression_expansion_v1,sess_comp_exp_fade_london_h9_q0.7_tp06_sl065,-5.141474999999991,-6.191474999999992,-6.891474999999991,0,0,0,1,6.191474999999992,60.86999999999989,61.15000000000009,0.7282093213409596,27.449999999999818,0.39744990892533266,15.319999999999709,16.417999999999985,0.6,-1.0,,,9,3,5.0,2025
2025-05-05 09:00:00+00:00|-1.0|sess_comp_exp_fade_london_h9_q0.7_tp06_sl065,2025-05-05 09:00:00+00:00,STAGE28A,data/reports/stage28a_discovery_factory_batch_runner/stage28a_exact_trades.csv,session_compression_expansion_v1,sess_comp_exp_fade_london_h9_q0.7_tp06_sl065,-4.110575000000244,-5.160575000000245,-5.860575000000244,0,0,0,1,5.160575000000245,7.070000000000164,34.75,0.4330935251798483,55.36000000000013,0.9750722543352582,7.940000000000055,13.654500000000075,0.308,-1.0,,,9,0,5.0,2025
2025-05-06 09:00:00+00:00|-1.0|sess_comp_exp_fade_london_h9_q0.7_tp06_sl065,2025-05-06 09:00:00+00:00,STAGE28A,data/reports/stage28a_discovery_factory_batch_runner/stage28a_exact_trades.csv,session_compression_expansion_v1,sess_comp_exp_fade_london_h9_q0.7_tp06_sl065,-6.432374999999956,-7.482374999999957,-8.182374999999956,0,0,0,1,7.482374999999957,100.18000000000029,63.51999999999998,0.4711901763224157,32.86999999999989,0.6905993306966807,13.700000000000273,13.53100000000004,0.324,-1.0,,,9,1,5.0,2025
2025-05-07 09:00:00+00:00|-1.0|sess_comp_exp_fade_london_h9_q0.7_tp06_sl065,2025-05-07 09:00:00+00:00,STAGE28A,data/reports/stage28a_discovery_factory_batch_runner/stage28a_exact_trades.csv,session_compression_expansion_v1,sess_comp_exp_fade_london_h9_q0.7_tp06_sl065,4.713999999999851,3.663999999999851,2.963999999999851,1,1,1,0,3.663999999999851,111.4699999999998,78.80000000000018,0.07398477157360296,27.629999999999654,0.20123054650742,10.789999999999964,19.46250000000009,0.852,-1.0,,,9,2,5.0,2025
2025-05-08 09:00:00+00:00|1.0|sess_comp_exp_fade_london_h9_q0.7_tp06_sl065,2025-05-08 09:00:00+00:00,STAGE28A,data/reports/stage28a_discovery_factory_batch_runner/stage28a_exact_trades.csv,session_compression_expansion_v1,sess_comp_exp_fade_london_h9_q0.7_tp06_sl065,5.108200000000034,4.058200000000033,3.358200000000034,1,1,1,0,4.058200000000033,78.80000000000018,50.23000000000002,0.5377264582918525,79.16000000000031,0.8227640222334494,29.269999999999982,14.85549999999996,0.544,1.0,,,9,3,5.0,2025
2025-05-09 09:00:00+00:00|-1.0|sess_comp_exp_fade_london_h9_q0.7_tp06_sl065,2025-05-09 09:00:00+00:00,STAGE28A,data/reports/stage28a_discovery_factory_batch_runner/stage28a_exact_trades.csv,session_compression_expansion_v1,sess_comp_exp_fade_london_h9_q0.7_tp06_sl065,-6.641999999999916,-7.691999999999917,-8.391999999999916,0,0,0,1,7.691999999999917,126.18000000000029,49.309999999999945,0.3214358142364617,24.079999999999927,0.7093023255813945,17.360000000000127,17.37800000000002,0.892,-1.0,,,9,4,5.0,2025
2025-05-12 09:00:00+00:00|1.0|sess_comp_exp_fade_london_h9_q0.7_tp06_sl065,2025-05-12 09:00:00+00:00,STAGE28A,data/reports/stage28a_discovery_factory_batch_runner/stage28a_exact_trades.csv,session_compression_expansion_v1,sess_comp_exp_fade_london_h9_q0.7_tp06_sl065,-4.370575000000008,-5.420575000000008,-6.120575000000008,0,0,0,1,5.420575000000008,44.57999999999993,52.61999999999989,0.20600532117066073,70.42999999999984,0.9747266789720325,11.140000000000327,16.403,0.744,1.0,,,9,0,5.0,2025
2025-05-13 09:00:00+00:00|-1.0|sess_comp_exp_fade_london_h9_q0.7_tp06_sl065,2025-05-13 09:00:00+00:00,STAGE28A,data/reports/stage28a_discovery_factory_batch_runner/stage28a_exact_trades.csv,session_compression_expansion_v1,sess_comp_exp_fade_london_h9_q0.7_tp06_sl065,-5.017974999999842,-6.0679749999998425,-6.767974999999842,0,0,0,1,6.0679749999998425,103.59999999999991,27.399999999999636,0.1021897810219058,30.669999999999618,0.5441799804369176,9.480000000000018,12.776499999999965,0.212,-1.0,,,9,1,5.0,2025
2025-05-14 09:00:00+00:00|-1.0|sess_comp_exp_fade_london_h9_q0.7_tp06_sl065,2025-05-14 09:00:00+00:00,STAGE28A,data/reports/stage28a_discovery_factory_batch_runner/stage28a_exact_trades.csv,session_compression_expansion_v1,sess_comp_exp_fade_london_h9_q0.7_tp06_sl065,3.2809000000001105,2.2309000000001107,1.530900000000111,1,1,1,0,2.2309000000001107,49.629999999999654,30.800000000000182,0.849025974025972,22.360000000000127,0.1797853309481198,12.690000000000055,10.183999999999969,0.016,-1.0,,,9,2,5.0,2025
2025-05-15 09:00:00+00:00|-1.0|sess_comp_exp_fade_london_h9_q0.7_tp06_sl065,2025-05-15 09:00:00+00:00,STAGE28A,data/reports/stage28a_discovery_factory_batch_runner/stage28a_exact_trades.csv,session_compression_expansion_v1,sess_comp_exp_fade_london_h9_q0.7_tp06_sl065,4.22589999999982,3.17589999999982,2.47589999999982,1,1,1,0,3.17589999999982,88.99000000000024,44.320000000000164,0.7274368231046958,50.940000000000055,0.290341578327443,19.620000000000346,14.314500000000066,0.528,-1.0,,,9,3,5.0,2025
2025-05-16 09:00:00+00:00|1.0|sess_comp_exp_fade_london_h9_q0.7_tp06_sl065,2025-05-16 09:00:00+00:00,STAGE28A,data/reports/stage28a_discovery_factory_batch_runner/stage28a_exact_trades.csv,session_compression_expansion_v1,sess_comp_exp_fade_london_h9_q0.7_tp06_sl065,-4.8499499999998985,-5.899949999999899,-6.5999499999998985,0,0,0,1,5.899949999999899,131.69000000000005,45.57999999999993,0.8600263273365585,35.88000000000011,0.07413600891861333,10.239999999999782,12.937499999999932,0.292,1.0,,,9,4,5.0,2025
2025-05-19 09:00:00+00:00|-1.0|sess_comp_exp_fade_london_h9_q0.7_tp06_sl065,2025-05-19 09:00:00+00:00,STAGE28A,data/reports/stage28a_discovery_factory_batch_runner/stage28a_exact_trades.csv,session_compression_expansion_v1,sess_comp_exp_fade_london_h9_q0.7_tp06_sl065,3.798999999999887,2.7489999999998878,2.048999999999888,1,1,1,0,2.7489999999998878,34.039999999999964,43.0,0.6297674418604634,40.88999999999987,0.7282954267547149,9.370000000000346,17.650000000000023,0.852,-1.0,,,9,0,5.0,2025
2025-05-20 09:00:00+00:00|-1.0|sess_comp_exp_fade_london_h9_q0.7_tp06_sl065,2025-05-20 09:00:00+00:00,STAGE28A,data/reports/stage28a_discovery_factory_batch_runner/stage28a_exact_trades.csv,session_compression_expansion_v1,sess_comp_exp_fade_london_h9_q0.7_tp06_sl065,3.101500000000124,2.051500000000124,1.351500000000124,1,1,1,0,2.051500000000124,43.039999999999964,28.140000000000327,0.5501066098080805,31.31999999999971,0.7962962962963054,9.88000000000011,10.125500000000011,0.024,-1.0,,,9,1,5.0,2025
2025-05-21 09:00:00+00:00|-1.0|sess_comp_exp_fade_london_h9_q0.7_tp06_sl065,2025-05-21 09:00:00+00:00,STAGE28A,data/reports/stage28a_discovery_factory_batch_runner/stage28a_exact_trades.csv,session_compression_expansion_v1,sess_comp_exp_fade_london_h9_q0.7_tp06_sl065,-4.593199999999888,-5.643199999999888,-6.343199999999888,0,0,0,1,5.643199999999888,92.44000000000005,29.09999999999991,0.3731958762886497,22.159999999999854,0.26579422382673135,21.179999999999836,12.979999999999905,0.3,-1.0,,,9,2,5.0,2025
2025-05-22 09:00:00+00:00|1.0|sess_comp_exp_fade_london_h9_q0.7_tp06_sl065,2025-05-22 09:00:00+00:00,STAGE28A,data/reports/stage28a_discovery_factory_batch_runner/stage28a_exact_trades.csv,session_compression_expansion_v1,sess_comp_exp_fade_london_h9_q0.7_tp06_sl065,-3.5297999999998866,-4.579799999999887,-5.279799999999886,0,0,0,1,4.579799999999887,39.2800000000002,29.789999999999964,0.5877811346089219,35.23999999999978,0.8688989784336004,13.170000000000073,10.609499999999958,0.12,1.0,,,9,3,5.0,2025
2025-05-23 09:00:00+00:00|-1.0|sess_comp_exp_fade_london_h9_q0.7_tp06_sl065,2025-05-23 09:00:00+00:00,STAGE28A,data/reports/stage28a_discovery_factory_batch_runner/stage28a_exact_trades.csv,session_compression_expansion_v1,sess_comp_exp_fade_london_h9_q0.7_tp06_sl065,2.965900000000056,1.915900000000056,1.2159000000000564,1,1,1,0,1.915900000000056,66.07000000000016,21.76000000000022,0.197150735294114,32.4399999999996,0.8187422934648666,13.159999999999854,13.802500000000055,0.532,-1.0,,,9,4,5.0,2025
2025-05-27 09:00:00+00:00|1.0|sess_comp_exp_fade_london_h9_q0.7_tp06_sl065,2025-05-27 09:00:00+00:00,STAGE28A,data/reports/stage28a_discovery_factory_batch_runner/stage28a_exact_trades.csv,session_compression_expansion_v1,sess_comp_exp_fade_london_h9_q0.7_tp06_sl065,2.506600000000071,1.4566000000000714,0.7566000000000717,1,1,1,0,1.4566000000000714,33.23999999999978,18.09999999999991,0.3596685082872816,48.90000000000009,0.9141104294478474,16.549999999999727,7.233500000000004,0.036,1.0,,,9,1,5.0,2025
2025-05-28 09:00:00+00:00|-1.0|sess_comp_exp_fade_london_h9_q0.7_tp06_sl065,2025-05-28 09:00:00+00:00,STAGE28A,data/reports/stage28a_discovery_factory_batch_runner/stage28a_exact_trades.csv,session_compression_expansion_v1,sess_comp_exp_fade_london_h9_q0.7_tp06_sl065,-4.107650000000012,-5.157650000000013,-5.857650000000012,0,0,0,1,5.157650000000013,64.65999999999985,24.050000000000182,0.22910602910601754,31.070000000000164,0.8464757000321868,14.239999999999782,9.785500000000047,0.124,-1.0,,,9,2,5.0,2025
2025-05-29 09:00:00+00:00|-1.0|sess_comp_exp_fade_london_h9_q0.7_tp06_sl065,2025-05-29 09:00:00+00:00,STAGE28A,data/reports/stage28a_discovery_factory_batch_runner/stage28a_exact_trades.csv,session_compression_expansion_v1,sess_comp_exp_fade_london_h9_q0.7_tp06_sl065,-4.332875000000149,-5.3828750000001495,-6.082875000000149,0,0,0,1,5.3828750000001495,48.7199999999998,49.67000000000007,0.2415945238574589,23.240000000000236,0.3222891566265129,6.630000000000109,14.188999999999965,0.752,-1.0,,,9,3,5.0,2025
2025-06-02 09:00:00+00:00|-1.0|sess_comp_exp_fade_london_h9_q0.7_tp06_sl065,2025-06-02 09:00:00+00:00,STAGE28A,data/reports/stage28a_discovery_factory_batch_runner/stage28a_exact_trades.csv,session_compression_expansion_v1,sess_comp_exp_fade_london_h9_q0.7_tp06_sl065,2.223399999999765,1.173399999999765,0.4733999999997653,1,1,1,0,1.173399999999765,19.170000000000073,20.759999999999764,0.2076107899807319,50.04999999999973,0.7880119880119933,11.800000000000182,11.973999999999979,0.564,-1.0,,,9,0,6.0,2025
2025-06-06 09:00:00+00:00|1.0|sess_comp_exp_fade_london_h9_q0.7_tp06_sl065,2025-06-06 09:00:00+00:00,STAGE28A,data/reports/stage28a_discovery_factory_batch_runner/stage28a_exact_trades.csv,session_compression_expansion_v1,sess_comp_exp_fade_london_h9_q0.7_tp06_sl065,2.1555999999999584,1.1055999999999586,0.4055999999999589,1,1,1,0,1.1055999999999586,64.22000000000025,18.7199999999998,0.5694444444444671,22.740000000000236,0.5721196130167143,13.340000000000146,11.715000000000055,0.668,1.0,,,9,4,6.0,2025
2025-06-10 09:00:00+00:00|-1.0|sess_comp_exp_fade_london_h9_q0.7_tp06_sl065,2025-06-10 09:00:00+00:00,STAGE28A,data/reports/stage28a_discovery_factory_batch_runner/stage28a_exact_trades.csv,session_compression_expansion_v1,sess_comp_exp_fade_london_h9_q0.7_tp06_sl065,2.6307999999998173,1.5807999999998177,0.8807999999998177,1,1,1,0,1.5807999999998177,44.629999999999654,25.990000000000236,0.6167756829549673,31.990000000000236,0.6927164738980977,12.399999999999636,8.365499999999907,0.076,-1.0,,,9,1,6.0,2025
2025-06-12 09:00:00+00:00|1.0|sess_comp_exp_fade_london_h9_q0.7_tp06_sl065,2025-06-12 09:00:00+00:00,STAGE28A,data/reports/stage28a_discovery_factory_batch_runner/stage28a_exact_trades.csv,session_compression_expansion_v1,sess_comp_exp_fade_london_h9_q0.7_tp06_sl065,2.048200000000088,0.998200000000088,0.2982000000000884,1,1,1,0,0.998200000000088,54.10999999999967,21.41000000000031,0.20597851471274128,37.07999999999993,0.21467098166127432,7.989999999999782,12.240500000000043,0.864,1.0,,,9,3,6.0,2025
2025-06-13 09:00:00+00:00|1.0|sess_comp_exp_fade_london_h9_q0.7_tp06_sl065,2025-06-13 09:00:00+00:00,STAGE28A,data/reports/stage28a_discovery_factory_batch_runner/stage28a_exact_trades.csv,session_compression_expansion_v1,sess_comp_exp_fade_london_h9_q0.7_tp06_sl065,3.834099999999944,2.784099999999944,2.0840999999999443,1,1,1,0,2.784099999999944,60.320000000000164,64.65000000000009,0.6521268368136086,22.43000000000029,0.05840392331698299,10.789999999999964,13.218500000000017,0.952,1.0,,,9,4,6.0,2025
2025-06-16 09:00:00+00:00|1.0|sess_comp_exp_fade_london_h9_q0.7_tp06_sl065,2025-06-16 09:00:00+00:00,STAGE28A,data/reports/stage28a_discovery_factory_batch_runner/stage28a_exact_trades.csv,session_compression_expansion_v1,sess_comp_exp_fade_london_h9_q0.7_tp06_sl065,-3.571074999999928,-4.621074999999928,-5.321074999999928,0,0,0,1,4.621074999999928,20.269999999999982,23.529999999999745,0.7178070548236317,23.769999999999982,0.8199411022296927,12.529999999999745,11.575499999999987,0.632,1.0,,,9,0,6.0,2025
2025-06-18 09:00:00+00:00|1.0|sess_comp_exp_fade_london_h9_q0.7_tp06_sl065,2025-06-18 09:00:00+00:00,STAGE28A,data/reports/stage28a_discovery_factory_batch_runner/stage28a_exact_trades.csv,session_compression_expansion_v1,sess_comp_exp_fade_london_h9_q0.7_tp06_sl065,-3.249649999999838,-4.299649999999838,-4.999649999999837,0,0,0,1,4.299649999999838,37.070000000000164,25.65000000000009,0.08109161793372008,24.519999999999982,0.5236541598695006,11.409999999999854,10.158000000000039,0.412,1.0,,,9,2,6.0,2025
2025-06-19 09:00:00+00:00|1.0|sess_comp_exp_fade_london_h9_q0.7_tp06_sl065,2025-06-19 09:00:00+00:00,STAGE28A,data/reports/stage28a_discovery_factory_batch_runner/stage28a_exact_trades.csv,session_compression_expansion_v1,sess_comp_exp_fade_london_h9_q0.7_tp06_sl065,2.456799999999839,1.4067999999998393,0.7067999999998396,1,1,1,0,1.4067999999998393,37.409999999999854,18.40000000000009,0.08641304347826835,27.670000000000073,0.11962414166967607,15.009999999999764,9.58799999999992,0.284,1.0,,,9,3,6.0,2025
2025-06-24 09:00:00+00:00|1.0|sess_comp_exp_fade_london_h9_q0.7_tp06_sl065,2025-06-24 09:00:00+00:00,STAGE28A,data/reports/stage28a_discovery_factory_batch_runner/stage28a_exact_trades.csv,session_compression_expansion_v1,sess_comp_exp_fade_london_h9_q0.7_tp06_sl065,2.6118999999997867,1.561899999999787,0.8618999999997872,1,1,1,0,1.561899999999787,49.309999999999945,36.75,0.08408163265306519,37.289999999999964,0.9155269509251784,22.159999999999854,13.815999999999985,0.98,1.0,,,9,1,6.0,2025
2025-07-01 09:00:00+00:00|-1.0|sess_comp_exp_fade_london_h9_q0.7_tp06_sl065,2025-07-01 09:00:00+00:00,STAGE28A,data/reports/stage28a_discovery_factory_batch_runner/stage28a_exact_trades.csv,session_compression_expansion_v1,sess_comp_exp_fade_london_h9_q0.7_tp06_sl065,-2.452100000000064,-3.502100000000064,-4.202100000000064,0,0,0,1,3.502100000000064,63.93000000000029,20.279999999999745,0.4817554240631215,29.08999999999969,0.8446201443795108,9.330000000000382,7.500500000000057,0.08,-1.0,,,9,1,7.0,2025
2025-08-07 09:00:00+00:00|1.0|sess_comp_exp_fade_london_h9_q0.7_tp06_sl065,2025-08-07 09:00:00+00:00,STAGE28A,data/reports/stage28a_discovery_factory_batch_runner/stage28a_exact_trades.csv,session_compression_expansion_v1,sess_comp_exp_fade_london_h9_q0.7_tp06_sl065,-2.4816750000000867,-3.5316750000000865,-4.231675000000086,0,0,0,1,3.5316750000000865,27.139999999999873,18.960000000000036,0.3992616033755353,25.840000000000146,0.11803405572754296,9.400000000000091,6.831499999999982,0.164,1.0,,,9,3,8.0,2025
2025-08-11 09:00:00+00:00|1.0|sess_comp_exp_fade_london_h9_q0.7_tp06_sl065,2025-08-11 09:00:00+00:00,STAGE28A,data/reports/stage28a_discovery_factory_batch_runner/stage28a_exact_trades.csv,session_compression_expansion_v1,sess_comp_exp_fade_london_h9_q0.7_tp06_sl065,2.062299999999959,1.0122999999999591,0.3122999999999596,1,1,1,0,1.0122999999999591,14.559999999999945,37.40000000000009,0.4558823529411681,27.259999999999764,0.9233308877476263,6.110000000000127,11.323999999999979,0.932,1.0,,,9,0,8.0,2025
2025-08-14 09:00:00+00:00|1.0|sess_comp_exp_fade_london_h9_q0.7_tp06_sl065,2025-08-14 09:00:00+00:00,STAGE28A,data/reports/stage28a_discovery_factory_batch_runner/stage28a_exact_trades.csv,session_compression_expansion_v1,sess_comp_exp_fade_london_h9_q0.7_tp06_sl065,-2.502474999999868,-3.5524749999998675,-4.252474999999867,0,0,0,1,3.5524749999998675,28.230000000000018,19.61999999999989,0.1432212028542284,24.98999999999978,0.16966786714686968,5.570000000000164,6.55649999999996,0.084,1.0,,,9,3,8.0,2025
2025-09-02 09:00:00+00:00|1.0|sess_comp_exp_fade_london_h9_q0.7_tp06_sl065,2025-09-02 09:00:00+00:00,STAGE28A,data/reports/stage28a_discovery_factory_batch_runner/stage28a_exact_trades.csv,session_compression_expansion_v1,sess_comp_exp_fade_london_h9_q0.7_tp06_sl065,2.8281999999998333,1.7781999999998337,1.0781999999998335,1,1,1,0,1.7781999999998337,52.74000000000024,34.159999999999854,0.5793325526932098,28.289999999999964,0.6564156945917191,5.670000000000073,7.553999999999974,0.792,1.0,,,9,1,9.0,2025
2025-09-08 09:00:00+00:00|-1.0|sess_comp_exp_fade_london_h9_q0.7_tp06_sl065,2025-09-08 09:00:00+00:00,STAGE28A,data/reports/stage28a_discovery_factory_batch_runner/stage28a_exact_trades.csv,session_compression_expansion_v1,sess_comp_exp_fade_london_h9_q0.7_tp06_sl065,2.135200000000077,1.0852000000000772,0.3852000000000775,1,1,1,0,1.0852000000000772,18.25,18.559999999999945,0.46821120689655604,37.679999999999836,0.8017515923566924,10.38000000000011,11.926500000000033,0.992,-1.0,,,9,0,9.0,2025
2025-09-09 09:00:00+00:00|-1.0|sess_comp_exp_fade_london_h9_q0.7_tp06_sl065,2025-09-09 09:00:00+00:00,STAGE28A,data/reports/stage28a_discovery_factory_batch_runner/stage28a_exact_trades.csv,session_compression_expansion_v1,sess_comp_exp_fade_london_h9_q0.7_tp06_sl065,-3.749499999999989,-4.799499999999989,-5.499499999999989,0,0,0,1,4.799499999999989,67.81999999999971,26.2800000000002,0.6255707762556878,22.7199999999998,0.3371478873239602,6.380000000000109,8.793000000000006,0.46,-1.0,,,9,1,9.0,2025
2025-09-17 09:00:00+00:00|1.0|sess_comp_exp_fade_london_h9_q0.7_tp06_sl065,2025-09-17 09:00:00+00:00,STAGE28A,data/reports/stage28a_discovery_factory_batch_runner/stage28a_exact_trades.csv,session_compression_expansion_v1,sess_comp_exp_fade_london_h9_q0.7_tp06_sl065,2.006499999999869,0.9564999999998692,0.2564999999998694,1,1,1,0,0.9564999999998692,28.450000000000273,21.039999999999964,0.4857414448669115,23.460000000000036,0.5920716112531906,10.199999999999818,7.27199999999998,0.136,1.0,,,9,2,9.0,2025
2025-09-18 09:00:00+00:00|-1.0|sess_comp_exp_fade_london_h9_q0.7_tp06_sl065,2025-09-18 09:00:00+00:00,STAGE28A,data/reports/stage28a_discovery_factory_batch_runner/stage28a_exact_trades.csv,session_compression_expansion_v1,sess_comp_exp_fade_london_h9_q0.7_tp06_sl065,-3.5678250000001754,-4.617825000000176,-5.317825000000175,0,0,0,1,4.617825000000176,61.32999999999993,20.0,0.2259999999999991,39.059999999999945,0.33666154633895684,9.890000000000327,12.48050000000003,1.0,-1.0,,,9,3,9.0,2025
2025-09-22 09:00:00+00:00|-1.0|sess_comp_exp_fade_london_h9_q0.7_tp06_sl065,2025-09-22 09:00:00+00:00,STAGE28A,data/reports/stage28a_discovery_factory_batch_runner/stage28a_exact_trades.csv,session_compression_expansion_v1,sess_comp_exp_fade_london_h9_q0.7_tp06_sl065,1.986699999999837,0.9366999999998372,0.2366999999998373,1,1,1,0,0.9366999999998372,8.700000000000273,13.7800000000002,0.5079825834542742,36.529999999999745,0.7601970982754074,8.509999999999764,8.475,0.4,-1.0,,,9,0,9.0,2025
2025-09-23 09:00:00+00:00|-1.0|sess_comp_exp_fade_london_h9_q0.7_tp06_sl065,2025-09-23 09:00:00+00:00,STAGE28A,data/reports/stage28a_discovery_factory_batch_runner/stage28a_exact_trades.csv,session_compression_expansion_v1,sess_comp_exp_fade_london_h9_q0.7_tp06_sl065,2.980300000000079,1.9303000000000796,1.2303000000000797,1,1,1,0,1.9303000000000796,65.05000000000018,22.389999999999873,0.2880750334970904,48.059999999999945,0.7973366625052062,15.590000000000146,9.271999999999935,0.688,-1.0,,,9,1,9.0,2025
2025-09-25 09:00:00+00:00|-1.0|sess_comp_exp_fade_london_h9_q0.7_tp06_sl065,2025-09-25 09:00:00+00:00,STAGE28A,data/reports/stage28a_discovery_factory_batch_runner/stage28a_exact_trades.csv,session_compression_expansion_v1,sess_comp_exp_fade_london_h9_q0.7_tp06_sl065,2.8290999999998347,1.779099999999835,1.0790999999998352,1,1,1,0,1.779099999999835,61.67000000000007,22.409999999999854,0.1976796073181758,29.980000000000018,0.6774516344229464,7.110000000000127,10.428500000000009,0.78,-1.0,,,9,3,9.0,2025
2025-09-29 09:00:00+00:00|-1.0|sess_comp_exp_fade_london_h9_q0.7_tp06_sl065,2025-09-29 09:00:00+00:00,STAGE28A,data/reports/stage28a_discovery_factory_batch_runner/stage28a_exact_trades.csv,session_compression_expansion_v1,sess_comp_exp_fade_london_h9_q0.7_tp06_sl065,3.9304000000001,2.8804000000001,2.1804000000001,1,1,1,0,2.8804000000001,14.63000000000011,43.039999999999964,0.5534386617100309,27.38000000000011,0.4755295836376892,13.149999999999636,12.880999999999926,0.964,-1.0,,,9,0,9.0,2025
2025-09-30 09:00:00+00:00|1.0|sess_comp_exp_fade_london_h9_q0.7_tp06_sl065,2025-09-30 09:00:00+00:00,STAGE28A,data/reports/stage28a_discovery_factory_batch_runner/stage28a_exact_trades.csv,session_compression_expansion_v1,sess_comp_exp_fade_london_h9_q0.7_tp06_sl065,2.823999999999978,1.7739999999999785,1.0739999999999783,1,1,1,0,1.7739999999999785,77.67000000000007,41.659999999999854,0.817330772923675,78.48999999999978,0.8421454962415664,7.690000000000055,10.476500000000055,0.564,1.0,,,9,1,9.0,2025
2025-10-01 09:00:00+00:00|-1.0|sess_comp_exp_fade_london_h9_q0.7_tp06_sl065,2025-10-01 09:00:00+00:00,STAGE28A,data/reports/stage28a_discovery_factory_batch_runner/stage28a_exact_trades.csv,session_compression_expansion_v1,sess_comp_exp_fade_london_h9_q0.7_tp06_sl065,-3.604225000000133,-4.6542250000001335,-5.354225000000133,0,0,0,1,4.6542250000001335,78.48999999999978,21.0,0.0890476190476355,42.070000000000164,0.6467791775612058,7.789999999999964,12.010000000000014,0.72,-1.0,,,9,2,10.0,2025
2025-10-03 09:00:00+00:00|-1.0|sess_comp_exp_fade_london_h9_q0.7_tp06_sl065,2025-10-03 09:00:00+00:00,STAGE28A,data/reports/stage28a_discovery_factory_batch_runner/stage28a_exact_trades.csv,session_compression_expansion_v1,sess_comp_exp_fade_london_h9_q0.7_tp06_sl065,2.8281999999998333,1.7781999999998337,1.0781999999998335,1,1,1,0,1.7781999999998337,77.53999999999996,25.700000000000273,0.5634241245136135,24.0,0.8966666666666848,15.190000000000055,13.130999999999995,0.9,-1.0,,,9,4,10.0,2025
2025-10-06 09:00:00+00:00|-1.0|sess_comp_exp_fade_london_h9_q0.7_tp06_sl065,2025-10-06 09:00:00+00:00,STAGE28A,data/reports/stage28a_discovery_factory_batch_runner/stage28a_exact_trades.csv,session_compression_expansion_v1,sess_comp_exp_fade_london_h9_q0.7_tp06_sl065,-4.564925000000221,-5.6149250000002215,-6.314925000000221,0,0,0,1,5.6149250000002215,17.269999999999982,47.940000000000055,0.6191072173550229,27.0,0.47259259259260067,17.76000000000022,13.847000000000047,0.932,-1.0,,,9,0,10.0,2025
2025-10-07 09:00:00+00:00|1.0|sess_comp_exp_fade_london_h9_q0.7_tp06_sl065,2025-10-07 09:00:00+00:00,STAGE28A,data/reports/stage28a_discovery_factory_batch_runner/stage28a_exact_trades.csv,session_compression_expansion_v1,sess_comp_exp_fade_london_h9_q0.7_tp06_sl065,-3.796950000000016,-4.846950000000016,-5.546950000000015,0,0,0,1,4.846950000000016,85.76000000000022,21.690000000000055,0.4568925772245405,35.98000000000002,0.5075041689827741,16.490000000000236,12.58900000000001,0.636,1.0,,,9,1,10.0,2025
2025-10-08 09:00:00+00:00|-1.0|sess_comp_exp_fade_london_h9_q0.7_tp06_sl065,2025-10-08 09:00:00+00:00,STAGE28A,data/reports/stage28a_discovery_factory_batch_runner/stage28a_exact_trades.csv,session_compression_expansion_v1,sess_comp_exp_fade_london_h9_q0.7_tp06_sl065,-4.005925000000024,-5.055925000000025,-5.755925000000024,0,0,0,1,5.055925000000025,50.070000000000164,33.5,0.750447761194026,34.840000000000146,0.9916762342135357,12.5,12.22200000000007,0.508,-1.0,,,9,2,10.0,2025
2025-10-10 09:00:00+00:00|-1.0|sess_comp_exp_fade_london_h9_q0.7_tp06_sl065,2025-10-10 09:00:00+00:00,STAGE28A,data/reports/stage28a_discovery_factory_batch_runner/stage28a_exact_trades.csv,session_compression_expansion_v1,sess_comp_exp_fade_london_h9_q0.7_tp06_sl065,4.689699999999812,3.639699999999812,2.939699999999812,1,1,1,0,3.639699999999812,113.48000000000002,36.04999999999973,0.3722607489597829,59.940000000000055,0.5652318985652256,12.210000000000036,20.84050000000004,1.0,-1.0,,,9,4,10.0,2025
2025-10-13 09:00:00+00:00|-1.0|sess_comp_exp_fade_london_h9_q0.7_tp06_sl065,2025-10-13 09:00:00+00:00,STAGE28A,data/reports/stage28a_discovery_factory_batch_runner/stage28a_exact_trades.csv,session_compression_expansion_v1,sess_comp_exp_fade_london_h9_q0.7_tp06_sl065,4.2348999999998345,3.184899999999834,2.4848999999998345,1,1,1,0,3.184899999999834,46.13000000000011,61.30000000000018,0.15595432300162998,28.690000000000055,0.882886023004527,22.65000000000009,23.51450000000002,0.988,-1.0,,,9,0,10.0,2025
2025-10-14 09:00:00+00:00|1.0|sess_comp_exp_fade_london_h9_q0.7_tp06_sl065,2025-10-14 09:00:00+00:00,STAGE28A,data/reports/stage28a_discovery_factory_batch_runner/stage28a_exact_trades.csv,session_compression_expansion_v1,sess_comp_exp_fade_london_h9_q0.7_tp06_sl065,7.139199999999983,6.089199999999982,5.389199999999983,1,1,1,0,6.089199999999982,117.94000000000051,59.97999999999956,0.8072690896965726,89.0300000000002,0.4022239694485041,68.53000000000065,17.415499999999973,0.808,1.0,,,9,1,10.0,2025
2025-10-15 09:00:00+00:00|-1.0|sess_comp_exp_fade_london_h9_q0.7_tp06_sl065,2025-10-15 09:00:00+00:00,STAGE28A,data/reports/stage28a_discovery_factory_batch_runner/stage28a_exact_trades.csv,session_compression_expansion_v1,sess_comp_exp_fade_london_h9_q0.7_tp06_sl065,4.488099999999941,3.4380999999999404,2.7380999999999407,1,1,1,0,3.4380999999999404,89.0300000000002,50.0600000000004,0.5687175389532566,53.57999999999993,0.10246360582308135,17.11999999999989,17.457499999999936,0.716,-1.0,,,9,2,10.0,2025
2025-10-16 09:00:00+00:00|1.0|sess_comp_exp_fade_london_h9_q0.7_tp06_sl065,2025-10-16 09:00:00+00:00,STAGE28A,data/reports/stage28a_discovery_factory_batch_runner/stage28a_exact_trades.csv,session_compression_expansion_v1,sess_comp_exp_fade_london_h9_q0.7_tp06_sl065,-5.75702500000043,-6.807025000000431,-7.50702500000043,0,0,0,1,6.807025000000431,77.52000000000044,42.5,0.4825882352941014,37.970000000000255,0.15011851461679696,30.909999999999854,16.037500000000044,0.56,1.0,,,9,3,10.0,2025
2025-10-17 09:00:00+00:00|1.0|sess_comp_exp_fade_london_h9_q0.7_tp06_sl065,2025-10-17 09:00:00+00:00,STAGE28A,data/reports/stage28a_discovery_factory_batch_runner/stage28a_exact_trades.csv,session_compression_expansion_v1,sess_comp_exp_fade_london_h9_q0.7_tp06_sl065,9.88660000000018,8.83660000000018,8.13660000000018,1,1,1,0,8.83660000000018,151.92999999999938,100.69999999999982,0.19721946375372104,66.96000000000004,0.39575866188769393,36.350000000000364,28.532499999999935,1.0,1.0,,,9,4,10.0,2025
2025-10-20 09:00:00+00:00|1.0|sess_comp_exp_fade_london_h9_q0.7_tp06_sl065,2025-10-20 09:00:00+00:00,STAGE28A,data/reports/stage28a_discovery_factory_batch_runner/stage28a_exact_trades.csv,session_compression_expansion_v1,sess_comp_exp_fade_london_h9_q0.7_tp06_sl065,-6.528899999999885,-7.578899999999885,-8.278899999999885,0,0,0,1,7.578899999999885,35.11999999999989,55.51999999999953,0.16264409221903336,46.61000000000058,0.08496030894655819,26.730000000000473,32.62450000000003,0.928,1.0,,,9,0,10.0,2025
2025-10-21 09:00:00+00:00|1.0|sess_comp_exp_fade_london_h9_q0.7_tp06_sl065,2025-10-21 09:00:00+00:00,STAGE28A,data/reports/stage28a_discovery_factory_batch_runner/stage28a_exact_trades.csv,session_compression_expansion_v1,sess_comp_exp_fade_london_h9_q0.7_tp06_sl065,-6.493474999999853,-7.543474999999853,-8.243474999999853,0,0,0,1,7.543474999999853,162.71999999999935,42.36000000000058,0.4952785646836467,102.25,0.796479217603908,27.199999999999818,23.157499999999935,0.776,1.0,,,9,1,10.0,2025
2025-10-22 09:00:00+00:00|1.0|sess_comp_exp_fade_london_h9_q0.7_tp06_sl065,2025-10-22 09:00:00+00:00,STAGE28A,data/reports/stage28a_discovery_factory_batch_runner/stage28a_exact_trades.csv,session_compression_expansion_v1,sess_comp_exp_fade_london_h9_q0.7_tp06_sl065,-9.93652499999971,-10.98652499999971,-11.68652499999971,0,0,0,1,10.98652499999971,295.0600000000004,138.77999999999975,0.038406110390545735,101.29000000000042,0.5831770164873084,20.609999999999673,38.94250000000007,0.98,1.0,,,9,2,10.0,2025
2025-10-23 09:00:00+00:00|-1.0|sess_comp_exp_fade_london_h9_q0.7_tp06_sl065,2025-10-23 09:00:00+00:00,STAGE28A,data/reports/stage28a_discovery_factory_batch_runner/stage28a_exact_trades.csv,session_compression_expansion_v1,sess_comp_exp_fade_london_h9_q0.7_tp06_sl065,5.851000000000022,4.8010000000000215,4.101000000000022,1,1,1,0,4.8010000000000215,157.02000000000044,50.55000000000018,0.21444114737883493,57.909999999999854,0.5752029010533513,26.490000000000236,30.846499999999992,0.744,-1.0,,,9,3,10.0,2025
2025-10-24 09:00:00+00:00|1.0|sess_comp_exp_fade_london_h9_q0.7_tp06_sl065,2025-10-24 09:00:00+00:00,STAGE28A,data/reports/stage28a_discovery_factory_batch_runner/stage28a_exact_trades.csv,session_compression_expansion_v1,sess_comp_exp_fade_london_h9_q0.7_tp06_sl065,5.25550000000012,4.20550000000012,3.5055000000001204,1,1,1,0,4.20550000000012,88.6899999999996,38.25,0.15895424836603494,75.71000000000004,0.8109893012812054,15.050000000000182,18.812999999999967,0.26,1.0,,,9,4,10.0,2025
2025-10-27 09:00:00+00:00|1.0|sess_comp_exp_fade_london_h9_q0.7_tp06_sl065,2025-10-27 09:00:00+00:00,STAGE28A,data/reports/stage28a_discovery_factory_batch_runner/stage28a_exact_trades.csv,session_compression_expansion_v1,sess_comp_exp_fade_london_h9_q0.7_tp06_sl065,4.976500000000124,3.926500000000124,3.226500000000124,1,1,1,0,3.926500000000124,47.210000000000036,55.55000000000018,0.6064806480648136,60.00999999999976,0.5222462922846237,10.559999999999945,24.12550000000001,0.592,1.0,,,9,0,10.0,2025
2025-10-28 09:00:00+00:00|1.0|sess_comp_exp_fade_london_h9_q0.7_tp06_sl065,2025-10-28 09:00:00+00:00,STAGE28A,data/reports/stage28a_discovery_factory_batch_runner/stage28a_exact_trades.csv,session_compression_expansion_v1,sess_comp_exp_fade_london_h9_q0.7_tp06_sl065,-7.505525000000125,-8.555525000000126,-9.255525000000125,0,0,0,1,8.555525000000126,137.97000000000025,55.86000000000013,0.19638381668457267,93.62000000000035,0.5054475539414653,30.2199999999998,23.71300000000001,0.556,1.0,,,9,1,10.0,2025
2025-10-29 09:00:00+00:00|-1.0|sess_comp_exp_fade_london_h9_q0.7_tp06_sl065,2025-10-29 09:00:00+00:00,STAGE28A,data/reports/stage28a_discovery_factory_batch_runner/stage28a_exact_trades.csv,session_compression_expansion_v1,sess_comp_exp_fade_london_h9_q0.7_tp06_sl065,5.939800000000014,4.8898000000000135,4.189800000000014,1,1,1,0,4.8898000000000135,133.21000000000004,66.23999999999978,0.04649758454106186,79.11000000000013,0.9027935785614961,25.23999999999978,21.645500000000016,0.272,-1.0,,,9,2,10.0,2025
2025-10-30 09:00:00+00:00|-1.0|sess_comp_exp_fade_london_h9_q0.7_tp06_sl065,2025-10-30 09:00:00+00:00,STAGE28A,data/reports/stage28a_discovery_factory_batch_runner/stage28a_exact_trades.csv,session_compression_expansion_v1,sess_comp_exp_fade_london_h9_q0.7_tp06_sl065,7.308699999999954,6.258699999999953,5.558699999999954,1,1,1,0,6.258699999999953,114.34000000000015,67.13000000000011,0.6272903321912715,64.69999999999982,0.1791344667697091,20.59999999999991,25.65150000000001,0.656,-1.0,,,9,3,10.0,2025
2025-10-31 09:00:00+00:00|-1.0|sess_comp_exp_fade_london_h9_q0.7_tp06_sl065,2025-10-31 09:00:00+00:00,STAGE28A,data/reports/stage28a_discovery_factory_batch_runner/stage28a_exact_trades.csv,session_compression_expansion_v1,sess_comp_exp_fade_london_h9_q0.7_tp06_sl065,5.432500000000255,4.382500000000254,3.682500000000255,1,1,1,0,4.382500000000254,127.87000000000035,56.88000000000011,0.31223628691983446,32.74000000000024,0.06047648136835687,12.710000000000036,20.67149999999997,0.084,-1.0,,,9,4,10.0,2025
2025-11-03 09:00:00+00:00|1.0|sess_comp_exp_fade_london_h9_q0.7_tp06_sl065,2025-11-03 09:00:00+00:00,STAGE28A,data/reports/stage28a_discovery_factory_batch_runner/stage28a_exact_trades.csv,session_compression_expansion_v1,sess_comp_exp_fade_london_h9_q0.7_tp06_sl065,4.016799999999785,2.9667999999997847,2.266799999999785,1,1,1,0,2.9667999999997847,21.11999999999989,53.05000000000018,0.45730442978322594,34.289999999999964,0.13648293963255456,8.340000000000146,19.83649999999998,0.104,1.0,,,9,0,11.0,2025
2025-11-04 09:00:00+00:00|-1.0|sess_comp_exp_fade_london_h9_q0.7_tp06_sl065,2025-11-04 09:00:00+00:00,STAGE28A,data/reports/stage28a_discovery_factory_batch_runner/stage28a_exact_trades.csv,session_compression_expansion_v1,sess_comp_exp_fade_london_h9_q0.7_tp06_sl065,4.185100000000057,3.135100000000057,2.435100000000057,1,1,1,0,3.135100000000057,68.20000000000027,30.5,0.3872131147540966,33.81999999999971,0.24837374334712325,20.980000000000018,15.940500000000043,0.016,-1.0,,,9,1,11.0,2025
2025-11-06 09:00:00+00:00|-1.0|sess_comp_exp_fade_london_h9_q0.7_tp06_sl065,2025-11-06 09:00:00+00:00,STAGE28A,data/reports/stage28a_discovery_factory_batch_runner/stage28a_exact_trades.csv,session_compression_expansion_v1,sess_comp_exp_fade_london_h9_q0.7_tp06_sl065,2.387500000000182,1.337500000000182,0.6375000000001823,1,1,1,0,1.337500000000182,61.58999999999969,25.949999999999818,0.5865125240847748,34.51999999999998,0.571552723059097,10.789999999999964,10.583000000000016,0.004,-1.0,,,9,3,11.0,2025
2025-11-10 09:00:00+00:00|-1.0|sess_comp_exp_fade_london_h9_q0.7_tp06_sl065,2025-11-10 09:00:00+00:00,STAGE28A,data/reports/stage28a_discovery_factory_batch_runner/stage28a_exact_trades.csv,session_compression_expansion_v1,sess_comp_exp_fade_london_h9_q0.7_tp06_sl065,3.0997000000001207,2.049700000000121,1.3497000000001211,1,1,1,0,2.049700000000121,14.260000000000218,58.99000000000024,0.7174097304627902,35.89000000000033,0.7419894120925011,11.559999999999945,15.108999999999991,0.284,-1.0,,,9,0,11.0,2025
2025-11-12 09:00:00+00:00|-1.0|sess_comp_exp_fade_london_h9_q0.7_tp06_sl065,2025-11-12 09:00:00+00:00,STAGE28A,data/reports/stage28a_discovery_factory_batch_runner/stage28a_exact_trades.csv,session_compression_expansion_v1,sess_comp_exp_fade_london_h9_q0.7_tp06_sl065,3.806799999999748,2.7567999999997483,2.0567999999997486,1,1,1,0,2.7567999999997483,51.600000000000364,41.720000000000255,0.7739693192713271,34.56999999999971,0.5001446340757915,15.760000000000218,13.11550000000002,0.32,-1.0,,,9,2,11.0,2025
2025-11-13 09:00:00+00:00|-1.0|sess_comp_exp_fade_london_h9_q0.7_tp06_sl065,2025-11-13 09:00:00+00:00,STAGE28A,data/reports/stage28a_discovery_factory_batch_runner/stage28a_exact_trades.csv,session_compression_expansion_v1,sess_comp_exp_fade_london_h9_q0.7_tp06_sl065,-5.568525000000227,-6.618525000000227,-7.318525000000227,0,0,0,1,6.618525000000227,112.90999999999985,39.74000000000069,0.4574735782586579,37.099999999999454,0.4256064690027007,8.86999999999989,17.819999999999983,0.704,-1.0,,,9,3,11.0,2025
2025-11-14 09:00:00+00:00|1.0|sess_comp_exp_fade_london_h9_q0.7_tp06_sl065,2025-11-14 09:00:00+00:00,STAGE28A,data/reports/stage28a_discovery_factory_batch_runner/stage28a_exact_trades.csv,session_compression_expansion_v1,sess_comp_exp_fade_london_h9_q0.7_tp06_sl065,4.362700000000041,3.312700000000041,2.612700000000041,1,1,1,0,3.312700000000041,100.11999999999989,41.19999999999982,0.4191747572815438,44.849999999999454,0.7906354515050271,24.449999999999818,20.267999999999848,0.924,1.0,,,9,4,11.0,2025
2025-11-17 09:00:00+00:00|-1.0|sess_comp_exp_fade_london_h9_q0.7_tp06_sl065,2025-11-17 09:00:00+00:00,STAGE28A,data/reports/stage28a_discovery_factory_batch_runner/stage28a_exact_trades.csv,session_compression_expansion_v1,sess_comp_exp_fade_london_h9_q0.7_tp06_sl065,4.483000000000084,3.433000000000084,2.733000000000084,1,1,1,0,3.433000000000084,32.4699999999998,36.690000000000055,0.48460070863996113,46.059999999999945,0.18019973947025048,17.199999999999818,25.166499999999882,0.968,-1.0,,,9,0,11.0,2025
2025-11-18 09:00:00+00:00|-1.0|sess_comp_exp_fade_london_h9_q0.7_tp06_sl065,2025-11-18 09:00:00+00:00,STAGE28A,data/reports/stage28a_discovery_factory_batch_runner/stage28a_exact_trades.csv,session_compression_expansion_v1,sess_comp_exp_fade_london_h9_q0.7_tp06_sl065,4.8699999999998,3.8199999999998,3.1199999999998003,1,1,1,0,3.8199999999998,99.80999999999995,50.38999999999987,0.5225243103790433,52.279999999999745,0.644988523335883,12.789999999999964,20.363499999999977,0.84,-1.0,,,9,1,11.0,2025
2025-11-19 09:00:00+00:00|-1.0|sess_comp_exp_fade_london_h9_q0.7_tp06_sl065,2025-11-19 09:00:00+00:00,STAGE28A,data/reports/stage28a_discovery_factory_batch_runner/stage28a_exact_trades.csv,session_compression_expansion_v1,sess_comp_exp_fade_london_h9_q0.7_tp06_sl065,-4.875624999999763,-5.925624999999764,-6.625624999999763,0,0,0,1,5.925624999999764,84.03999999999996,24.850000000000364,0.06156941649900111,44.95000000000027,0.7506117908787447,9.429999999999836,16.667000000000076,0.572,-1.0,,,9,2,11.0,2025
2025-11-20 09:00:00+00:00|1.0|sess_comp_exp_fade_london_h9_q0.7_tp06_sl065,2025-11-20 09:00:00+00:00,STAGE28A,data/reports/stage28a_discovery_factory_batch_runner/stage28a_exact_trades.csv,session_compression_expansion_v1,sess_comp_exp_fade_london_h9_q0.7_tp06_sl065,-6.744699999999829,-7.79469999999983,-8.49469999999983,0,0,0,1,7.79469999999983,76.84000000000015,69.11999999999944,0.4225983796296336,39.01000000000022,0.403229941040757,18.93000000000029,20.25649999999994,0.792,1.0,,,9,3,11.0,2025
2025-11-21 09:00:00+00:00|1.0|sess_comp_exp_fade_london_h9_q0.7_tp06_sl065,2025-11-21 09:00:00+00:00,STAGE28A,data/reports/stage28a_discovery_factory_batch_runner/stage28a_exact_trades.csv,session_compression_expansion_v1,sess_comp_exp_fade_london_h9_q0.7_tp06_sl065,-6.757374999999774,-7.807374999999775,-8.507374999999774,0,0,0,1,7.807374999999775,71.87999999999965,40.929999999999836,0.6594185194234031,42.33000000000038,0.3534136546184716,35.309999999999945,20.42049999999997,0.764,1.0,,,9,4,11.0,2025
2025-11-24 09:00:00+00:00|-1.0|sess_comp_exp_fade_london_h9_q0.7_tp06_sl065,2025-11-24 09:00:00+00:00,STAGE28A,data/reports/stage28a_discovery_factory_batch_runner/stage28a_exact_trades.csv,session_compression_expansion_v1,sess_comp_exp_fade_london_h9_q0.7_tp06_sl065,-4.9893750000002,-6.0393750000002,-6.7393750000002,0,0,0,1,6.0393750000002,12.110000000000127,37.090000000000146,0.8398490159072518,37.44999999999982,0.5321762349799837,12.88000000000011,19.380000000000063,0.528,-1.0,,,9,0,11.0,2025
2025-11-25 09:00:00+00:00|1.0|sess_comp_exp_fade_london_h9_q0.7_tp06_sl065,2025-11-25 09:00:00+00:00,STAGE28A,data/reports/stage28a_discovery_factory_batch_runner/stage28a_exact_trades.csv,session_compression_expansion_v1,sess_comp_exp_fade_london_h9_q0.7_tp06_sl065,3.427900000000045,2.377900000000045,1.6779000000000457,1,1,1,0,2.377900000000045,104.51000000000022,33.219999999999345,0.08940397350991583,43.210000000000036,0.21939365887525006,13.270000000000437,15.051999999999998,0.232,1.0,,,9,1,11.0,2025
2025-11-28 09:00:00+00:00|1.0|sess_comp_exp_fade_london_h9_q0.7_tp06_sl065,2025-11-28 09:00:00+00:00,STAGE28A,data/reports/stage28a_discovery_factory_batch_runner/stage28a_exact_trades.csv,session_compression_expansion_v1,sess_comp_exp_fade_london_h9_q0.7_tp06_sl065,2.33080000000009,1.2808000000000903,0.5808000000000906,1,1,1,0,1.2808000000000903,25.909999999999854,34.81999999999971,0.7268811028144659,34.909999999999854,0.7023775422514933,6.859999999999673,9.263999999999896,0.064,1.0,,,9,4,11.0,2025
2025-12-01 09:00:00+00:00|-1.0|sess_comp_exp_fade_london_h9_q0.7_tp06_sl065,2025-12-01 09:00:00+00:00,STAGE28A,data/reports/stage28a_discovery_factory_batch_runner/stage28a_exact_trades.csv,session_compression_expansion_v1,sess_comp_exp_fade_london_h9_q0.7_tp06_sl065,3.936100000000261,2.886100000000261,2.186100000000261,1,1,1,0,2.886100000000261,24.699999999999818,50.460000000000036,0.4783987316686546,46.55000000000018,0.2212674543501446,14.100000000000364,17.54400000000005,0.516,-1.0,,,9,0,12.0,2025
2025-12-02 09:00:00+00:00|1.0|sess_comp_exp_fade_london_h9_q0.7_tp06_sl065,2025-12-02 09:00:00+00:00,STAGE28A,data/reports/stage28a_discovery_factory_batch_runner/stage28a_exact_trades.csv,session_compression_expansion_v1,sess_comp_exp_fade_london_h9_q0.7_tp06_sl065,3.039400000000023,1.9894000000000236,1.2894000000000236,1,1,1,0,1.9894000000000236,58.76000000000022,36.529999999999745,0.24035039693404642,44.98999999999978,0.7317181595910254,22.909999999999854,14.40600000000004,0.284,1.0,,,9,1,12.0,2025
2025-12-09 09:00:00+00:00|-1.0|sess_comp_exp_fade_london_h9_q0.7_tp06_sl065,2025-12-09 09:00:00+00:00,STAGE28A,data/reports/stage28a_discovery_factory_batch_runner/stage28a_exact_trades.csv,session_compression_expansion_v1,sess_comp_exp_fade_london_h9_q0.7_tp06_sl065,-3.3842000000000554,-4.434200000000056,-5.134200000000055,0,0,0,1,4.434200000000056,42.48999999999978,14.079999999999927,0.5589488636363588,42.75,0.39836257309940926,14.0,10.80099999999993,0.2,-1.0,,,9,1,12.0,2025
2025-12-12 09:00:00+00:00|-1.0|sess_comp_exp_fade_london_h9_q0.7_tp06_sl065,2025-12-12 09:00:00+00:00,STAGE28A,data/reports/stage28a_discovery_factory_batch_runner/stage28a_exact_trades.csv,session_compression_expansion_v1,sess_comp_exp_fade_london_h9_q0.7_tp06_sl065,2.019400000000496,0.9694000000004964,0.2694000000004966,1,1,1,0,0.9694000000004964,81.61000000000058,18.800000000000182,0.5281914893616642,64.73999999999978,0.9800741427247597,6.380000000000109,13.957999999999993,0.644,-1.0,,,9,4,12.0,2025
2025-12-17 09:00:00+00:00|1.0|sess_comp_exp_fade_london_h9_q0.7_tp06_sl065,2025-12-17 09:00:00+00:00,STAGE28A,data/reports/stage28a_discovery_factory_batch_runner/stage28a_exact_trades.csv,session_compression_expansion_v1,sess_comp_exp_fade_london_h9_q0.7_tp06_sl065,-4.324100000000362,-5.374100000000363,-6.074100000000362,0,0,0,1,5.374100000000363,63.220000000000255,29.93000000000029,0.7327096558636541,35.470000000000255,0.33718635466591346,12.950000000000728,14.335500000000138,0.744,1.0,,,9,2,12.0,2025
2025-12-29 09:00:00+00:00|1.0|sess_comp_exp_fade_london_h9_q0.7_tp06_sl065,2025-12-29 09:00:00+00:00,STAGE28A,data/reports/stage28a_discovery_factory_batch_runner/stage28a_exact_trades.csv,session_compression_expansion_v1,sess_comp_exp_fade_london_h9_q0.7_tp06_sl065,-6.4902250000001,-7.540225000000101,-8.2402250000001,0,0,0,1,7.540225000000101,26.170000000000073,76.92000000000007,0.15665626625065224,71.97000000000025,0.7582325969153874,39.340000000000146,23.160000000000036,1.0,1.0,,,9,0,12.0,2025
2025-12-30 09:00:00+00:00|-1.0|sess_comp_exp_fade_london_h9_q0.7_tp06_sl065,2025-12-30 09:00:00+00:00,STAGE28A,data/reports/stage28a_discovery_factory_batch_runner/stage28a_exact_trades.csv,session_compression_expansion_v1,sess_comp_exp_fade_london_h9_q0.7_tp06_sl065,4.305099999999948,3.255099999999948,2.555099999999948,1,1,1,0,3.255099999999948,246.52999999999975,45.98999999999978,0.38704066101326956,41.36000000000058,0.5118471953578282,18.520000000000437,25.487500000000182,0.94,-1.0,,,9,1,12.0,2025
2025-12-31 09:00:00+00:00|1.0|sess_comp_exp_fade_london_h9_q0.7_tp06_sl065,2025-12-31 09:00:00+00:00,STAGE28A,data/reports/stage28a_discovery_factory_batch_runner/stage28a_exact_trades.csv,session_compression_expansion_v1,sess_comp_exp_fade_london_h9_q0.7_tp06_sl065,-9.999575000000368,-11.049575000000369,-11.749575000000368,0,0,0,1,11.049575000000369,80.57999999999993,44.35999999999967,0.13841298467086255,68.73999999999978,0.3840558626709299,54.44000000000051,24.946000000000005,0.912,1.0,,,9,2,12.0,2025
2026-01-05 09:00:00+00:00|-1.0|sess_comp_exp_fade_london_h9_q0.7_tp06_sl065,2026-01-05 09:00:00+00:00,STAGE28A,data/reports/stage28a_discovery_factory_batch_runner/stage28a_exact_trades.csv,session_compression_expansion_v1,sess_comp_exp_fade_london_h9_q0.7_tp06_sl065,-5.482075000000441,-6.532075000000441,-7.232075000000441,0,0,0,1,6.532075000000441,30.640000000000327,74.94000000000051,0.425540432345866,38.8100000000004,0.8294254058232226,14.890000000000327,19.987000000000034,0.724,-1.0,,,9,0,1.0,2026
2026-01-07 09:00:00+00:00|1.0|sess_comp_exp_fade_london_h9_q0.7_tp06_sl065,2026-01-07 09:00:00+00:00,STAGE28A,data/reports/stage28a_discovery_factory_batch_runner/stage28a_exact_trades.csv,session_compression_expansion_v1,sess_comp_exp_fade_london_h9_q0.7_tp06_sl065,-5.016024999999535,-6.066024999999536,-6.766024999999535,0,0,0,1,6.066024999999536,69.30999999999949,40.720000000000255,0.7094793713163101,33.11999999999989,0.011171497584537804,18.86999999999989,15.88100000000004,0.348,1.0,,,9,2,1.0,2026
2026-01-12 09:00:00+00:00|-1.0|sess_comp_exp_fade_london_h9_q0.7_tp06_sl065,2026-01-12 09:00:00+00:00,STAGE28A,data/reports/stage28a_discovery_factory_batch_runner/stage28a_exact_trades.csv,session_compression_expansion_v1,sess_comp_exp_fade_london_h9_q0.7_tp06_sl065,3.8551000000001294,2.8051000000001296,2.10510000000013,1,1,1,0,2.8051000000001296,31.800000000000182,87.85999999999967,0.32540405190075405,33.039999999999964,0.7760290556900559,10.990000000000691,23.914499999999954,0.82,-1.0,,,9,0,1.0,2026
2026-01-20 09:00:00+00:00|-1.0|sess_comp_exp_fade_london_h9_q0.7_tp06_sl065,2026-01-20 09:00:00+00:00,STAGE28A,data/reports/stage28a_discovery_factory_batch_runner/stage28a_exact_trades.csv,session_compression_expansion_v1,sess_comp_exp_fade_london_h9_q0.7_tp06_sl065,-4.853850000000056,-5.903850000000057,-6.603850000000056,0,0,0,1,5.903850000000057,70.75,37.38999999999942,0.7983418026210438,43.05000000000018,0.726596980255529,11.449999999999818,11.228999999999905,0.04,-1.0,,,9,1,1.0,2026
2026-01-21 09:00:00+00:00|1.0|sess_comp_exp_fade_london_h9_q0.7_tp06_sl065,2026-01-21 09:00:00+00:00,STAGE28A,data/reports/stage28a_discovery_factory_batch_runner/stage28a_exact_trades.csv,session_compression_expansion_v1,sess_comp_exp_fade_london_h9_q0.7_tp06_sl065,7.440699999999561,6.39069999999956,5.690699999999561,1,1,1,0,6.39069999999956,117.38999999999942,112.94999999999982,0.7990261177512187,55.72999999999956,0.06728871343979956,42.5600000000004,22.026999999999997,0.9,1.0,,,9,2,1.0,2026
2026-01-22 09:00:00+00:00|-1.0|sess_comp_exp_fade_london_h9_q0.7_tp06_sl065,2026-01-22 09:00:00+00:00,STAGE28A,data/reports/stage28a_discovery_factory_batch_runner/stage28a_exact_trades.csv,session_compression_expansion_v1,sess_comp_exp_fade_london_h9_q0.7_tp06_sl065,4.455099999999584,3.405099999999584,2.705099999999584,1,1,1,0,3.405099999999584,132.3699999999999,62.81999999999971,0.306431072906719,44.42000000000007,0.716343989194049,12.829999999999927,32.33500000000008,0.976,-1.0,,,9,3,1.0,2026
2026-01-23 09:00:00+00:00|1.0|sess_comp_exp_fade_london_h9_q0.7_tp06_sl065,2026-01-23 09:00:00+00:00,STAGE28A,data/reports/stage28a_discovery_factory_batch_runner/stage28a_exact_trades.csv,session_compression_expansion_v1,sess_comp_exp_fade_london_h9_q0.7_tp06_sl065,-4.655924999999661,-5.705924999999661,-6.405924999999661,0,0,0,1,5.705924999999661,187.47999999999956,36.32999999999993,0.07349298100743402,67.39999999999964,0.3921364985163269,17.539999999999964,21.3625,0.722,1.0,,,9,4,1.0,2026
2026-01-26 09:00:00+00:00|-1.0|sess_comp_exp_fade_london_h9_q0.7_tp06_sl065,2026-01-26 09:00:00+00:00,STAGE28A,data/reports/stage28a_discovery_factory_batch_runner/stage28a_exact_trades.csv,session_compression_expansion_v1,sess_comp_exp_fade_london_h9_q0.7_tp06_sl065,8.002300000000469,6.952300000000468,6.252300000000469,1,1,1,0,6.952300000000468,37.909999999999854,90.77999999999975,0.33718880810752,58.66999999999916,0.36475200272713226,45.339999999999236,26.526499999999942,0.912,-1.0,,,9,0,1.0,2026
2026-01-27 09:00:00+00:00|-1.0|sess_comp_exp_fade_london_h9_q0.7_tp06_sl065,2026-01-27 09:00:00+00:00,STAGE28A,data/reports/stage28a_discovery_factory_batch_runner/stage28a_exact_trades.csv,session_compression_expansion_v1,sess_comp_exp_fade_london_h9_q0.7_tp06_sl065,-7.293949999999858,-8.34394999999986,-9.043949999999858,0,0,0,1,8.34394999999986,120.89999999999964,66.71999999999935,0.3625599520383805,43.279999999999745,0.441543438077629,17.280000000000655,34.68999999999996,0.996,-1.0,,,9,1,1.0,2026
2026-01-28 09:00:00+00:00|-1.0|sess_comp_exp_fade_london_h9_q0.7_tp06_sl065,2026-01-28 09:00:00+00:00,STAGE28A,data/reports/stage28a_discovery_factory_batch_runner/stage28a_exact_trades.csv,session_compression_expansion_v1,sess_comp_exp_fade_london_h9_q0.7_tp06_sl065,6.977800000000025,5.927800000000024,5.227800000000025,1,1,1,0,5.927800000000024,177.47999999999956,91.47000000000025,0.8015742866513557,70.05000000000018,0.3504639543183327,19.400000000000546,28.39450000000006,0.844,-1.0,,,9,2,1.0,2026
2026-01-29 09:00:00+00:00|1.0|sess_comp_exp_fade_london_h9_q0.7_tp06_sl065,2026-01-29 09:00:00+00:00,STAGE28A,data/reports/stage28a_discovery_factory_batch_runner/stage28a_exact_trades.csv,session_compression_expansion_v1,sess_comp_exp_fade_london_h9_q0.7_tp06_sl065,12.139300000000183,11.089300000000184,10.389300000000183,1,1,1,0,11.089300000000184,367.5100000000002,177.09000000000015,0.2549551075724185,120.55000000000018,0.6137702198257957,40.72999999999956,55.31000000000004,1.0,1.0,,,9,3,1.0,2026
2026-01-30 09:00:00+00:00|1.0|sess_comp_exp_fade_london_h9_q0.7_tp06_sl065,2026-01-30 09:00:00+00:00,STAGE28A,data/reports/stage28a_discovery_factory_batch_runner/stage28a_exact_trades.csv,session_compression_expansion_v1,sess_comp_exp_fade_london_h9_q0.7_tp06_sl065,-28.100449999999547,-29.150449999999545,-29.850449999999547,0,0,0,1,29.150449999999545,494.8599999999997,338.6199999999999,0.661360817435473,297.4300000000003,0.3163433412903878,59.460000000000036,92.42299999999996,1.0,1.0,,,9,4,1.0,2026
2026-02-02 09:00:00+00:00|-1.0|sess_comp_exp_fade_london_h9_q0.7_tp06_sl065,2026-02-02 09:00:00+00:00,STAGE28A,data/reports/stage28a_discovery_factory_batch_runner/stage28a_exact_trades.csv,session_compression_expansion_v1,sess_comp_exp_fade_london_h9_q0.7_tp06_sl065,35.75949999999957,34.70949999999957,34.00949999999957,1,1,1,0,34.70949999999957,168.01999999999953,300.52999999999975,0.20949655608425147,330.25,0.07887963663891047,169.89999999999964,132.1264999999998,1.0,-1.0,,,9,0,2.0,2026
2026-02-03 09:00:00+00:00|-1.0|sess_comp_exp_fade_london_h9_q0.7_tp06_sl065,2026-02-03 09:00:00+00:00,STAGE28A,data/reports/stage28a_discovery_factory_batch_runner/stage28a_exact_trades.csv,session_compression_expansion_v1,sess_comp_exp_fade_london_h9_q0.7_tp06_sl065,15.520299999999589,14.470299999999588,13.770299999999589,1,1,1,0,14.470299999999588,481.1899999999996,189.4900000000007,0.18222597498548535,139.53999999999996,0.6661889064067655,77.38999999999942,76.99800000000009,0.764,-1.0,,,9,1,2.0,2026
2026-02-04 09:00:00+00:00|1.0|sess_comp_exp_fade_london_h9_q0.7_tp06_sl065,2026-02-04 09:00:00+00:00,STAGE28A,data/reports/stage28a_discovery_factory_batch_runner/stage28a_exact_trades.csv,session_compression_expansion_v1,sess_comp_exp_fade_london_h9_q0.7_tp06_sl065,9.077200000000085,8.027200000000084,7.327200000000085,1,1,1,0,8.027200000000084,327.28999999999996,170.6200000000008,0.7802133395850385,50.0,0.6368000000000029,31.539999999999964,48.64099999999994,0.596,1.0,,,9,2,2.0,2026
2026-02-05 09:00:00+00:00|1.0|sess_comp_exp_fade_london_h9_q0.7_tp06_sl065,2026-02-05 09:00:00+00:00,STAGE28A,data/reports/stage28a_discovery_factory_batch_runner/stage28a_exact_trades.csv,session_compression_expansion_v1,sess_comp_exp_fade_london_h9_q0.7_tp06_sl065,-24.560549999999783,-25.610549999999783,-26.310549999999783,0,0,0,1,25.610549999999783,239.94999999999982,234.41000000000076,0.6337613583038263,116.44999999999982,0.11592958351223719,55.3100000000004,60.79850000000006,0.72,1.0,,,9,3,2.0,2026
2026-02-06 09:00:00+00:00|-1.0|sess_comp_exp_fade_london_h9_q0.7_tp06_sl065,2026-02-06 09:00:00+00:00,STAGE28A,data/reports/stage28a_discovery_factory_batch_runner/stage28a_exact_trades.csv,session_compression_expansion_v1,sess_comp_exp_fade_london_h9_q0.7_tp06_sl065,15.066400000000067,14.016400000000068,13.316400000000067,1,1,1,0,14.016400000000068,320.3100000000004,191.01000000000022,0.5794461022983098,95.03999999999996,0.6758207070707027,76.86999999999989,65.68799999999996,0.724,-1.0,,,9,4,2.0,2026
2026-02-09 09:00:00+00:00|1.0|sess_comp_exp_fade_london_h9_q0.7_tp06_sl065,2026-02-09 09:00:00+00:00,STAGE28A,data/reports/stage28a_discovery_factory_batch_runner/stage28a_exact_trades.csv,session_compression_expansion_v1,sess_comp_exp_fade_london_h9_q0.7_tp06_sl065,8.904399999999805,7.854399999999805,7.154399999999805,1,1,1,0,7.854399999999805,81.67000000000007,81.67000000000007,0.2937431125260164,62.659999999999854,0.33482285349506097,31.390000000000327,37.189000000000036,0.296,1.0,,,9,0,2.0,2026
2026-02-10 09:00:00+00:00|-1.0|sess_comp_exp_fade_london_h9_q0.7_tp06_sl065,2026-02-10 09:00:00+00:00,STAGE28A,data/reports/stage28a_discovery_factory_batch_runner/stage28a_exact_trades.csv,session_compression_expansion_v1,sess_comp_exp_fade_london_h9_q0.7_tp06_sl065,7.077700000000187,6.027700000000186,5.327700000000187,1,1,1,0,6.027700000000186,121.23000000000047,87.30999999999949,0.0027488260222276097,51.73999999999978,0.304020100502523,26.279999999999745,29.88449999999998,0.104,-1.0,,,9,1,2.0,2026
2026-02-13 09:00:00+00:00|1.0|sess_comp_exp_fade_london_h9_q0.7_tp06_sl065,2026-02-13 09:00:00+00:00,STAGE28A,data/reports/stage28a_discovery_factory_batch_runner/stage28a_exact_trades.csv,session_compression_expansion_v1,sess_comp_exp_fade_london_h9_q0.7_tp06_sl065,7.462600000000203,6.412600000000202,5.712600000000203,1,1,1,0,6.412600000000202,221.16999999999916,110.14999999999964,0.510939627780299,44.63000000000011,0.5969079094779152,22.55999999999949,39.4014999999999,0.424,1.0,,,9,4,2.0,2026
2026-02-16 09:00:00+00:00|-1.0|sess_comp_exp_fade_london_h9_q0.7_tp06_sl065,2026-02-16 09:00:00+00:00,STAGE28A,data/reports/stage28a_discovery_factory_batch_runner/stage28a_exact_trades.csv,session_compression_expansion_v1,sess_comp_exp_fade_london_h9_q0.7_tp06_sl065,5.562099999999555,4.512099999999554,3.812099999999555,1,1,1,0,4.512099999999554,39.280000000000655,77.38000000000011,0.561643835616438,50.88000000000011,0.5548349056603676,18.13000000000011,28.469500000000018,0.136,-1.0,,,9,0,2.0,2026
2026-02-17 09:00:00+00:00|1.0|sess_comp_exp_fade_london_h9_q0.7_tp06_sl065,2026-02-17 09:00:00+00:00,STAGE28A,data/reports/stage28a_discovery_factory_batch_runner/stage28a_exact_trades.csv,session_compression_expansion_v1,sess_comp_exp_fade_london_h9_q0.7_tp06_sl065,8.319100000000072,7.269100000000071,6.569100000000072,1,1,1,0,7.269100000000071,84.22000000000025,77.25,0.4779288025889977,91.84000000000015,0.4317290940766603,27.4399999999996,24.475999999999978,0.128,1.0,,,9,1,2.0,2026
2026-02-19 09:00:00+00:00|-1.0|sess_comp_exp_fade_london_h9_q0.7_tp06_sl065,2026-02-19 09:00:00+00:00,STAGE28A,data/reports/stage28a_discovery_factory_batch_runner/stage28a_exact_trades.csv,session_compression_expansion_v1,sess_comp_exp_fade_london_h9_q0.7_tp06_sl065,3.431200000000353,2.3812000000003537,1.681200000000354,1,1,1,0,2.3812000000003537,156.84000000000015,28.07000000000062,0.2921268257926483,40.33000000000084,0.22737416315397677,23.1899999999996,18.661500000000025,0.056,-1.0,,,9,3,2.0,2026
2026-02-20 09:00:00+00:00|-1.0|sess_comp_exp_fade_london_h9_q0.7_tp06_sl065,2026-02-20 09:00:00+00:00,STAGE28A,data/reports/stage28a_discovery_factory_batch_runner/stage28a_exact_trades.csv,session_compression_expansion_v1,sess_comp_exp_fade_london_h9_q0.7_tp06_sl065,4.587100000000101,3.5371000000001005,2.8371000000001008,1,1,1,0,3.5371000000001005,61.32000000000062,32.899999999999636,0.36413373860181447,44.55999999999949,0.7773788150807858,18.089999999999236,19.492000000000054,0.168,-1.0,,,9,4,2.0,2026
2026-02-23 09:00:00+00:00|1.0|sess_comp_exp_fade_london_h9_q0.7_tp06_sl065,2026-02-23 09:00:00+00:00,STAGE28A,data/reports/stage28a_discovery_factory_batch_runner/stage28a_exact_trades.csv,session_compression_expansion_v1,sess_comp_exp_fade_london_h9_q0.7_tp06_sl065,-6.283525000000372,-7.333525000000373,-8.033525000000372,0,0,0,1,7.333525000000373,72.84000000000015,77.53999999999996,0.0517152437451549,40.94999999999982,0.05225885225883828,16.13000000000011,29.69599999999996,0.632,1.0,,,9,0,2.0,2026
2026-02-26 09:00:00+00:00|1.0|sess_comp_exp_fade_london_h9_q0.7_tp06_sl065,2026-02-26 09:00:00+00:00,STAGE28A,data/reports/stage28a_discovery_factory_batch_runner/stage28a_exact_trades.csv,session_compression_expansion_v1,sess_comp_exp_fade_london_h9_q0.7_tp06_sl065,-5.006925000000228,-6.056925000000229,-6.756925000000228,0,0,0,1,6.056925000000229,94.65999999999985,43.400000000000546,0.6817972350230362,39.1899999999996,0.5435059964276703,9.269999999999527,21.66899999999987,0.344,1.0,,,9,3,2.0,2026
2026-03-02 09:00:00+00:00|-1.0|sess_comp_exp_fade_london_h9_q0.7_tp06_sl065,2026-03-02 09:00:00+00:00,STAGE28A,data/reports/stage28a_discovery_factory_batch_runner/stage28a_exact_trades.csv,session_compression_expansion_v1,sess_comp_exp_fade_london_h9_q0.7_tp06_sl065,6.978999999999724,5.928999999999723,5.228999999999724,1,1,1,0,5.928999999999723,87.94000000000051,89.74000000000069,0.3510140405616198,78.23999999999978,0.43366564417177245,26.17999999999938,34.288500000000155,1.0,-1.0,,,9,0,3.0,2026
2026-03-03 09:00:00+00:00|1.0|sess_comp_exp_fade_london_h9_q0.7_tp06_sl065,2026-03-03 09:00:00+00:00,STAGE28A,data/reports/stage28a_discovery_factory_batch_runner/stage28a_exact_trades.csv,session_compression_expansion_v1,sess_comp_exp_fade_london_h9_q0.7_tp06_sl065,9.560499999999957,8.510499999999956,7.810499999999957,1,1,1,0,8.510499999999956,158.2599999999993,50.460000000000036,0.2964724534284587,140.09999999999945,0.804354032833697,43.77000000000044,33.022499999999994,0.936,1.0,,,9,1,3.0,2026
2026-03-04 09:00:00+00:00|-1.0|sess_comp_exp_fade_london_h9_q0.7_tp06_sl065,2026-03-04 09:00:00+00:00,STAGE28A,data/reports/stage28a_discovery_factory_batch_runner/stage28a_exact_trades.csv,session_compression_expansion_v1,sess_comp_exp_fade_london_h9_q0.7_tp06_sl065,9.781000000000311,8.731000000000313,8.031000000000313,1,1,1,0,8.731000000000313,382.7999999999993,105.97000000000025,0.29508351420212753,79.67000000000007,0.4089368645663348,37.86999999999989,60.379999999999974,0.952,-1.0,,,9,2,3.0,2026
2026-03-05 09:00:00+00:00|1.0|sess_comp_exp_fade_london_h9_q0.7_tp06_sl065,2026-03-05 09:00:00+00:00,STAGE28A,data/reports/stage28a_discovery_factory_batch_runner/stage28a_exact_trades.csv,session_compression_expansion_v1,sess_comp_exp_fade_london_h9_q0.7_tp06_sl065,7.595499999999811,6.5454999999998105,5.845499999999811,1,1,1,0,6.5454999999998105,121.39000000000033,50.22999999999956,0.11108899064304152,59.60999999999967,0.12028183190739997,47.97999999999956,26.565499999999883,0.636,1.0,,,9,3,3.0,2026
2026-03-06 09:00:00+00:00|1.0|sess_comp_exp_fade_london_h9_q0.7_tp06_sl065,2026-03-06 09:00:00+00:00,STAGE28A,data/reports/stage28a_discovery_factory_batch_runner/stage28a_exact_trades.csv,session_compression_expansion_v1,sess_comp_exp_fade_london_h9_q0.7_tp06_sl065,4.626099999999861,3.5760999999998604,2.8760999999998607,1,1,1,0,3.5760999999998604,143.6899999999996,76.73999999999978,0.5422204847537111,54.25,0.6733640552995345,13.710000000000036,29.561999999999944,0.644,1.0,,,9,4,3.0,2026
2026-03-09 09:00:00+00:00|-1.0|sess_comp_exp_fade_london_h9_q0.7_tp06_sl065,2026-03-09 09:00:00+00:00,STAGE28A,data/reports/stage28a_discovery_factory_batch_runner/stage28a_exact_trades.csv,session_compression_expansion_v1,sess_comp_exp_fade_london_h9_q0.7_tp06_sl065,-9.94465,-10.994650000000002,-11.69465,0,0,0,1,10.994650000000002,147.64000000000033,176.90999999999985,0.08184952800859469,59.55000000000018,0.053064651553313934,36.88000000000011,46.93250000000016,0.924,-1.0,,,9,0,3.0,2026
2026-03-12 09:00:00+00:00|-1.0|sess_comp_exp_fade_london_h9_q0.7_tp06_sl065,2026-03-12 09:00:00+00:00,STAGE28A,data/reports/stage28a_discovery_factory_batch_runner/stage28a_exact_trades.csv,session_compression_expansion_v1,sess_comp_exp_fade_london_h9_q0.7_tp06_sl065,4.441600000000472,3.391600000000472,2.691600000000472,1,1,1,0,3.391600000000472,89.92000000000007,56.44999999999982,0.14508414526128655,54.350000000000364,0.7308187672493098,22.850000000000364,22.40400000000009,0.228,-1.0,,,9,3,3.0,2026
2026-03-13 09:00:00+00:00|1.0|sess_comp_exp_fade_london_h9_q0.7_tp06_sl065,2026-03-13 09:00:00+00:00,STAGE28A,data/reports/stage28a_discovery_factory_batch_runner/stage28a_exact_trades.csv,session_compression_expansion_v1,sess_comp_exp_fade_london_h9_q0.7_tp06_sl065,-5.302024999999594,-6.352024999999594,-7.052024999999594,0,0,0,1,6.352024999999594,136.32999999999993,55.710000000000036,0.1202656614611347,49.1299999999992,0.19967433340117344,22.100000000000364,20.457000000000107,0.112,1.0,,,9,4,3.0,2026
2026-03-16 09:00:00+00:00|1.0|sess_comp_exp_fade_london_h9_q0.7_tp06_sl065,2026-03-16 09:00:00+00:00,STAGE28A,data/reports/stage28a_discovery_factory_batch_runner/stage28a_exact_trades.csv,session_compression_expansion_v1,sess_comp_exp_fade_london_h9_q0.7_tp06_sl065,5.018499999999586,3.968499999999586,3.2684999999995856,1,1,1,0,3.968499999999586,62.539999999999964,62.710000000000036,0.2433423696380196,65.6899999999996,0.21205662962398336,30.519999999999527,31.65949999999998,0.68,1.0,,,9,0,3.0,2026
2026-03-19 09:00:00+00:00|1.0|sess_comp_exp_fade_london_h9_q0.7_tp06_sl065,2026-03-19 09:00:00+00:00,STAGE28A,data/reports/stage28a_discovery_factory_batch_runner/stage28a_exact_trades.csv,session_compression_expansion_v1,sess_comp_exp_fade_london_h9_q0.7_tp06_sl065,-8.642050000000017,-9.692050000000018,-10.392050000000015,0,0,0,1,9.692050000000018,209.3699999999999,62.36999999999989,0.2081128747795494,187.1199999999999,0.911928174433516,94.14000000000033,32.58100000000004,0.908,1.0,,,9,3,3.0,2026
2026-03-20 09:00:00+00:00|1.0|sess_comp_exp_fade_london_h9_q0.7_tp06_sl065,2026-03-20 09:00:00+00:00,STAGE28A,data/reports/stage28a_discovery_factory_batch_runner/stage28a_exact_trades.csv,session_compression_expansion_v1,sess_comp_exp_fade_london_h9_q0.7_tp06_sl065,8.349400000000424,7.299400000000423,6.599400000000424,1,1,1,0,7.299400000000423,364.7399999999998,101.35999999999967,0.7723954222573028,96.74000000000069,0.788918751292124,39.720000000000255,46.81500000000001,0.936,1.0,,,9,4,3.0,2026
2026-03-23 09:00:00+00:00|1.0|sess_comp_exp_fade_london_h9_q0.7_tp06_sl065,2026-03-23 09:00:00+00:00,STAGE28A,data/reports/stage28a_discovery_factory_batch_runner/stage28a_exact_trades.csv,session_compression_expansion_v1,sess_comp_exp_fade_london_h9_q0.7_tp06_sl065,20.482000000000333,19.432000000000336,18.732000000000333,1,1,1,0,19.432000000000336,86.35999999999967,216.32999999999993,0.4497758054823659,280.8600000000006,0.3504949084953336,146.9399999999996,70.35300000000007,1.0,1.0,,,9,0,3.0,2026
2026-03-24 09:00:00+00:00|-1.0|sess_comp_exp_fade_london_h9_q0.7_tp06_sl065,2026-03-24 09:00:00+00:00,STAGE28A,data/reports/stage28a_discovery_factory_batch_runner/stage28a_exact_trades.csv,session_compression_expansion_v1,sess_comp_exp_fade_london_h9_q0.7_tp06_sl065,14.593900000000213,13.543900000000212,12.843900000000213,1,1,1,0,13.543900000000212,437.1700000000001,141.98999999999978,0.7553348827382221,121.75,0.8636550308008258,62.02000000000044,71.92600000000002,0.912,-1.0,,,9,1,3.0,2026
2026-03-25 09:00:00+00:00|1.0|sess_comp_exp_fade_london_h9_q0.7_tp06_sl065,2026-03-25 09:00:00+00:00,STAGE28A,data/reports/stage28a_discovery_factory_batch_runner/stage28a_exact_trades.csv,session_compression_expansion_v1,sess_comp_exp_fade_london_h9_q0.7_tp06_sl065,-8.033324999999968,-9.083324999999968,-9.783324999999968,0,0,0,1,9.083324999999968,245.17999999999938,146.3800000000001,0.1763902172427906,45.51999999999953,0.31480667838313,23.75,42.5585,0.676,1.0,,,9,2,3.0,2026
2026-03-26 09:00:00+00:00|1.0|sess_comp_exp_fade_london_h9_q0.7_tp06_sl065,2026-03-26 09:00:00+00:00,STAGE28A,data/reports/stage28a_discovery_factory_batch_runner/stage28a_exact_trades.csv,session_compression_expansion_v1,sess_comp_exp_fade_london_h9_q0.7_tp06_sl065,9.03460000000032,7.984600000000318,7.284600000000319,1,1,1,0,7.984600000000318,146.3800000000001,54.910000000000764,0.4028410125660095,109.26000000000022,0.7089511257550786,43.73000000000047,36.50800000000013,0.608,1.0,,,9,3,3.0,2026
2026-03-27 09:00:00+00:00|1.0|sess_comp_exp_fade_london_h9_q0.7_tp06_sl065,2026-03-27 09:00:00+00:00,STAGE28A,data/reports/stage28a_discovery_factory_batch_runner/stage28a_exact_trades.csv,session_compression_expansion_v1,sess_comp_exp_fade_london_h9_q0.7_tp06_sl065,-7.939399999999841,-8.989399999999842,-9.68939999999984,0,0,0,1,8.989399999999842,192.66000000000076,73.67999999999938,0.5563246471226945,64.27999999999975,0.48397635345363715,21.029999999999745,35.2099999999999,0.528,1.0,,,9,4,3.0,2026
2026-03-30 09:00:00+00:00|-1.0|sess_comp_exp_fade_london_h9_q0.7_tp06_sl065,2026-03-30 09:00:00+00:00,STAGE28A,data/reports/stage28a_discovery_factory_batch_runner/stage28a_exact_trades.csv,session_compression_expansion_v1,sess_comp_exp_fade_london_h9_q0.7_tp06_sl065,8.923299999999836,7.873299999999835,7.173299999999836,1,1,1,0,7.873299999999835,39.409999999999854,97.78999999999996,0.1155537376009836,64.01999999999953,0.5651358950328109,31.529999999999745,38.44049999999993,0.632,-1.0,,,9,0,3.0,2026
2026-04-01 09:00:00+00:00|-1.0|sess_comp_exp_fade_london_h9_q0.7_tp06_sl065,2026-04-01 09:00:00+00:00,STAGE28A,data/reports/stage28a_discovery_factory_batch_runner/stage28a_exact_trades.csv,session_compression_expansion_v1,sess_comp_exp_fade_london_h9_q0.7_tp06_sl065,6.8920000000001895,5.842000000000189,5.1420000000001895,1,1,1,0,5.842000000000189,204.27000000000044,62.159999999999854,0.011904761904773053,80.67000000000007,0.5141936283624697,28.660000000000764,29.81549999999993,0.196,-1.0,,,9,2,4.0,2026
2026-04-02 09:00:00+00:00|1.0|sess_comp_exp_fade_london_h9_q0.7_tp06_sl065,2026-04-02 09:00:00+00:00,STAGE28A,data/reports/stage28a_discovery_factory_batch_runner/stage28a_exact_trades.csv,session_compression_expansion_v1,sess_comp_exp_fade_london_h9_q0.7_tp06_sl065,-16.745274999999857,-17.795274999999855,-18.495274999999857,0,0,0,1,17.795274999999855,131.1300000000001,150.57999999999993,0.6674193119936249,127.85000000000036,0.4268283144309703,94.5600000000004,37.019000000000005,0.564,1.0,,,9,3,4.0,2026
2026-04-06 09:00:00+00:00|-1.0|sess_comp_exp_fade_london_h9_q0.7_tp06_sl065,2026-04-06 09:00:00+00:00,STAGE28A,data/reports/stage28a_discovery_factory_batch_runner/stage28a_exact_trades.csv,session_compression_expansion_v1,sess_comp_exp_fade_london_h9_q0.7_tp06_sl065,8.232400000000235,7.182400000000234,6.482400000000235,1,1,1,0,7.182400000000234,51.22999999999956,70.59000000000015,0.08358124380224584,66.5,0.7993984962405993,27.140000000000327,35.66599999999994,0.46,-1.0,,,9,0,4.0,2026
2026-04-07 09:00:00+00:00|-1.0|sess_comp_exp_fade_london_h9_q0.7_tp06_sl065,2026-04-07 09:00:00+00:00,STAGE28A,data/reports/stage28a_discovery_factory_batch_runner/stage28a_exact_trades.csv,session_compression_expansion_v1,sess_comp_exp_fade_london_h9_q0.7_tp06_sl065,7.78630000000012,6.736300000000119,6.03630000000012,1,1,1,0,6.736300000000119,105.48999999999978,51.460000000000036,0.17061795569375532,71.22999999999956,0.3018391127334007,38.039999999999964,20.679999999999882,0.028,-1.0,,,9,1,4.0,2026
2026-04-08 09:00:00+00:00|1.0|sess_comp_exp_fade_london_h9_q0.7_tp06_sl065,2026-04-08 09:00:00+00:00,STAGE28A,data/reports/stage28a_discovery_factory_batch_runner/stage28a_exact_trades.csv,session_compression_expansion_v1,sess_comp_exp_fade_london_h9_q0.7_tp06_sl065,6.915400000000227,5.865400000000227,5.165400000000227,1,1,1,0,5.865400000000227,211.28000000000065,140.1299999999992,0.1491472204381693,66.96000000000004,0.2144563918757417,43.150000000000546,35.56950000000002,0.62,1.0,,,9,2,4.0,2026
2026-04-28 09:00:00+00:00|1.0|sess_comp_exp_fade_london_h9_q0.7_tp06_sl065,2026-04-28 09:00:00+00:00,STAGE28A,data/reports/stage28a_discovery_factory_batch_runner/stage28a_exact_trades.csv,session_compression_expansion_v1,sess_comp_exp_fade_london_h9_q0.7_tp06_sl065,-6.037824999999975,-7.087824999999976,-7.787824999999975,0,0,0,1,7.087824999999976,62.81999999999971,34.590000000000146,0.49031511997687094,66.61000000000058,0.9911424711004333,44.07999999999993,12.861999999999899,0.044,1.0,,,9,1,4.0,2026
2026-04-29 09:00:00+00:00|1.0|sess_comp_exp_fade_london_h9_q0.7_tp06_sl065,2026-04-29 09:00:00+00:00,STAGE28A,data/reports/stage28a_discovery_factory_batch_runner/stage28a_exact_trades.csv,session_compression_expansion_v1,sess_comp_exp_fade_london_h9_q0.7_tp06_sl065,4.392400000000089,3.342400000000089,2.642400000000089,1,1,1,0,3.342400000000089,146.2599999999993,33.97999999999956,0.036492054149493754,55.970000000000255,0.707343219581902,16.829999999999927,17.580000000000155,0.448,1.0,,,9,2,4.0,2026
2026-04-30 09:00:00+00:00|-1.0|sess_comp_exp_fade_london_h9_q0.7_tp06_sl065,2026-04-30 09:00:00+00:00,STAGE28A,data/reports/stage28a_discovery_factory_batch_runner/stage28a_exact_trades.csv,session_compression_expansion_v1,sess_comp_exp_fade_london_h9_q0.7_tp06_sl065,4.681299999999647,3.6312999999996474,2.9312999999996467,1,1,1,0,3.6312999999996474,99.84999999999945,43.11000000000058,0.09255393180235973,91.03999999999996,0.7621924428822534,27.48999999999978,20.028499999999802,0.708,-1.0,,,9,3,4.0,2026
2026-05-01 09:00:00+00:00|1.0|sess_comp_exp_fade_london_h9_q0.7_tp06_sl065,2026-05-01 09:00:00+00:00,STAGE28A,data/reports/stage28a_discovery_factory_batch_runner/stage28a_exact_trades.csv,session_compression_expansion_v1,sess_comp_exp_fade_london_h9_q0.7_tp06_sl065,3.5575000000002546,2.5075000000002547,1.807500000000255,1,1,1,0,2.5075000000002547,107.63000000000011,21.970000000000255,0.17023213472916424,68.44999999999982,0.9382030679327906,13.239999999999782,14.232000000000061,0.14,1.0,,,9,4,5.0,2026
2026-05-06 09:00:00+00:00|-1.0|sess_comp_exp_fade_london_h9_q0.7_tp06_sl065,2026-05-06 09:00:00+00:00,STAGE28A,data/reports/stage28a_discovery_factory_batch_runner/stage28a_exact_trades.csv,session_compression_expansion_v1,sess_comp_exp_fade_london_h9_q0.7_tp06_sl065,-5.526924999999755,-6.576924999999756,-7.276924999999755,0,0,0,1,6.576924999999756,72.96000000000004,105.18000000000029,0.6700893706027788,65.11000000000058,0.8944862540316274,19.079999999999927,17.92749999999978,0.448,-1.0,,,9,2,5.0,2026
2026-05-07 09:00:00+00:00|-1.0|sess_comp_exp_fade_london_h9_q0.7_tp06_sl065,2026-05-07 09:00:00+00:00,STAGE28A,data/reports/stage28a_discovery_factory_batch_runner/stage28a_exact_trades.csv,session_compression_expansion_v1,sess_comp_exp_fade_london_h9_q0.7_tp06_sl065,3.930700000000252,2.880700000000252,2.180700000000252,1,1,1,0,2.880700000000252,176.60000000000036,35.909999999999854,0.12252854358116552,61.06999999999971,0.48747339119043176,11.819999999999709,17.707499999999982,0.388,-1.0,,,9,3,5.0,2026
2026-05-14 09:00:00+00:00|-1.0|sess_comp_exp_fade_london_h9_q0.7_tp06_sl065,2026-05-14 09:00:00+00:00,STAGE28A,data/reports/stage28a_discovery_factory_batch_runner/stage28a_exact_trades.csv,session_compression_expansion_v1,sess_comp_exp_fade_london_h9_q0.7_tp06_sl065,-6.953350000000318,-8.003350000000319,-8.703350000000318,0,0,0,1,8.003350000000319,57.02000000000044,32.970000000000255,0.7546254170457967,49.600000000000364,0.49818548387096484,15.019999999999527,17.450999999999976,0.316,-1.0,,,9,3,5.0,2026
2026-05-15 09:00:00+00:00|1.0|sess_comp_exp_fade_london_h9_q0.7_tp06_sl065,2026-05-15 09:00:00+00:00,STAGE28A,data/reports/stage28a_discovery_factory_batch_runner/stage28a_exact_trades.csv,session_compression_expansion_v1,sess_comp_exp_fade_london_h9_q0.7_tp06_sl065,-8.39569999999967,-9.44569999999967,-10.14569999999967,0,0,0,1,9.44569999999967,74.1200000000008,57.9399999999996,0.8066965826717312,89.64999999999964,0.7779141104294486,47.55999999999949,20.124000000000024,0.784,1.0,,,9,4,5.0,2026
2026-06-08 09:00:00+00:00|1.0|sess_comp_exp_fade_london_h9_q0.7_tp06_sl065,2026-06-08 09:00:00+00:00,STAGE28A,data/reports/stage28a_discovery_factory_batch_runner/stage28a_exact_trades.csv,session_compression_expansion_v1,sess_comp_exp_fade_london_h9_q0.7_tp06_sl065,7.211200000000099,6.161200000000099,5.461200000000099,1,1,1,0,6.161200000000099,20.30999999999949,53.06999999999971,0.010363670623690887,52.9399999999996,0.42595391008688027,47.30999999999949,28.075500000000055,1.0,1.0,,,9,0,6.0,2026
2026-06-10 09:00:00+00:00|1.0|sess_comp_exp_fade_london_h9_q0.7_tp06_sl065,2026-06-10 09:00:00+00:00,STAGE28A,data/reports/stage28a_discovery_factory_batch_runner/stage28a_exact_trades.csv,session_compression_expansion_v1,sess_comp_exp_fade_london_h9_q0.7_tp06_sl065,6.336399999999594,5.286399999999594,4.586399999999594,1,1,1,0,5.286399999999594,126.54999999999927,84.05999999999949,0.8455864858434494,60.32999999999993,0.2671970827117505,35.460000000000036,24.458000000000037,0.972,1.0,,,9,2,6.0,2026
2026-06-12 09:00:00+00:00|-1.0|sess_comp_exp_fade_london_h9_q0.7_tp06_sl065,2026-06-12 09:00:00+00:00,STAGE28A,data/reports/stage28a_discovery_factory_batch_runner/stage28a_exact_trades.csv,session_compression_expansion_v1,sess_comp_exp_fade_london_h9_q0.7_tp06_sl065,5.433699999999954,4.383699999999953,3.683699999999954,1,1,1,0,4.383699999999953,195.99000000000024,75.21000000000004,0.2955723972875888,57.599999999999454,0.4303819444444479,22.030000000000655,29.887500000000067,0.916,-1.0,,,9,4,6.0,2026
2022-07-22 12:00:00+00:00|-1.0|vol_trans_fade_h1_high_cooling_h12_tp06_sl065,2022-07-22 12:00:00+00:00,STAGE28A,data/reports/stage28a_discovery_factory_batch_runner/stage28a_exact_trades.csv,volatility_transition_v1,vol_trans_fade_h1_high_cooling_h12_tp06_sl065,0.8655999999999949,-0.184400000000005,-0.8844000000000047,0,0,0,0,0.184400000000005,39.34999999999991,6.4500000000000455,0.5581395348837029,12.649999999999864,0.8426877470355887,3.75,4.2940000000000165,0.46,-1.0,,,12,4,7.0,2022
2022-07-25 12:00:00+00:00|-1.0|vol_trans_fade_h1_high_cooling_h12_tp06_sl065,2022-07-25 12:00:00+00:00,STAGE28A,data/reports/stage28a_discovery_factory_batch_runner/stage28a_exact_trades.csv,volatility_transition_v1,vol_trans_fade_h1_high_cooling_h12_tp06_sl065,0.6871000000000095,-0.3628999999999904,-1.0628999999999902,0,0,0,0,0.3628999999999904,1.5700000000001637,8.950000000000045,0.13854748603351988,12.480000000000018,0.5993589743589749,4.970000000000027,4.344500000000005,0.436,-1.0,,,12,0,7.0,2022
2022-07-26 12:00:00+00:00|1.0|vol_trans_fade_h1_high_cooling_h12_tp06_sl065,2022-07-26 12:00:00+00:00,STAGE28A,data/reports/stage28a_discovery_factory_batch_runner/stage28a_exact_trades.csv,volatility_transition_v1,vol_trans_fade_h1_high_cooling_h12_tp06_sl065,0.6708999999999833,-0.3791000000000166,-1.0791000000000164,0,0,0,0,0.3791000000000166,21.460000000000036,10.149999999999864,0.5320197044335137,8.980000000000018,0.4432071269487762,4.339999999999918,3.4120000000000004,0.148,1.0,,,12,1,7.0,2022
2022-07-27 12:00:00+00:00|-1.0|vol_trans_fade_h1_high_cooling_h12_tp06_sl065,2022-07-27 12:00:00+00:00,STAGE28A,data/reports/stage28a_discovery_factory_batch_runner/stage28a_exact_trades.csv,volatility_transition_v1,vol_trans_fade_h1_high_cooling_h12_tp06_sl065,0.7519000000001143,-0.2980999999998857,-0.9980999999998854,0,0,0,0,0.2980999999998857,14.579999999999927,4.2999999999999545,0.34883720930232925,11.460000000000036,0.47382198952878,5.490000000000009,3.137999999999977,0.06,-1.0,,,12,2,7.0,2022
2022-07-29 12:00:00+00:00|1.0|vol_trans_fade_h1_high_cooling_h12_tp06_sl065,2022-07-29 12:00:00+00:00,STAGE28A,data/reports/stage28a_discovery_factory_batch_runner/stage28a_exact_trades.csv,volatility_transition_v1,vol_trans_fade_h1_high_cooling_h12_tp06_sl065,0.933999999999878,-0.1160000000001217,-0.8160000000001215,0,0,0,0,0.1160000000001217,23.1400000000001,11.269999999999982,0.6752440106477295,11.579999999999927,0.22625215889465758,4.569999999999936,4.194999999999982,0.512,1.0,,,12,4,7.0,2022
2022-08-01 12:00:00+00:00|-1.0|vol_trans_fade_h1_high_cooling_h12_tp06_sl065,2022-08-01 12:00:00+00:00,STAGE28A,data/reports/stage28a_discovery_factory_batch_runner/stage28a_exact_trades.csv,volatility_transition_v1,vol_trans_fade_h1_high_cooling_h12_tp06_sl065,-1.5941000000001169,-2.6441000000001167,-3.3441000000001164,0,0,0,0,2.6441000000001167,2.3300000000001546,5.310000000000173,0.20527306967982725,15.36999999999989,0.7391021470396865,4.8900000000001,4.195000000000027,0.532,-1.0,,,12,0,8.0,2022
2022-08-02 12:00:00+00:00|-1.0|vol_trans_fade_h1_high_cooling_h12_tp06_sl065,2022-08-02 12:00:00+00:00,STAGE28A,data/reports/stage28a_discovery_factory_batch_runner/stage28a_exact_trades.csv,volatility_transition_v1,vol_trans_fade_h1_high_cooling_h12_tp06_sl065,-1.622375000000011,-2.672375000000011,-3.3723750000000106,0,0,0,0,2.672375000000011,16.699999999999818,9.649999999999864,0.30880829015544664,7.150000000000091,0.008391608391600653,3.8199999999999363,4.048500000000024,0.48,-1.0,,,12,1,8.0,2022
2022-08-04 12:00:00+00:00|-1.0|vol_trans_fade_h1_high_cooling_h12_tp06_sl065,2022-08-04 12:00:00+00:00,STAGE28A,data/reports/stage28a_discovery_factory_batch_runner/stage28a_exact_trades.csv,volatility_transition_v1,vol_trans_fade_h1_high_cooling_h12_tp06_sl065,0.7389999999999418,-0.3110000000000581,-1.011000000000058,0,0,0,0,0.3110000000000581,18.460000000000036,8.320000000000164,0.889423076923043,11.079999999999927,0.8086642599278064,4.1400000000001,3.7015000000000327,0.156,-1.0,,,12,3,8.0,2022
2022-08-05 12:00:00+00:00|1.0|vol_trans_fade_h1_high_cooling_h12_tp06_sl065,2022-08-05 12:00:00+00:00,STAGE28A,data/reports/stage28a_discovery_factory_batch_runner/stage28a_exact_trades.csv,volatility_transition_v1,vol_trans_fade_h1_high_cooling_h12_tp06_sl065,-1.5973500000000969,-2.6473500000000967,-3.3473500000000964,0,0,0,0,2.6473500000000967,31.680000000000064,6.100000000000136,0.19180327868853222,7.569999999999936,0.7384412153236414,5.240000000000009,3.774500000000046,0.192,1.0,,,12,4,8.0,2022
2022-08-08 12:00:00+00:00|1.0|vol_trans_fade_h1_high_cooling_h12_tp06_sl065,2022-08-08 12:00:00+00:00,STAGE28A,data/reports/stage28a_discovery_factory_batch_runner/stage28a_exact_trades.csv,volatility_transition_v1,vol_trans_fade_h1_high_cooling_h12_tp06_sl065,-1.389025000000038,-2.4390250000000377,-3.139025000000037,0,0,0,0,2.4390250000000377,4.460000000000036,4.879999999999882,0.0860655737705088,7.879999999999882,0.5418781725888383,5.189999999999827,3.6979999999999906,0.164,1.0,,,12,0,8.0,2022
2022-08-09 12:00:00+00:00|-1.0|vol_trans_fade_h1_high_cooling_h12_tp06_sl065,2022-08-09 12:00:00+00:00,STAGE28A,data/reports/stage28a_discovery_factory_batch_runner/stage28a_exact_trades.csv,volatility_transition_v1,vol_trans_fade_h1_high_cooling_h12_tp06_sl065,0.8101000000000568,-0.2398999999999431,-0.9398999999999428,0,0,0,0,0.2398999999999431,19.449999999999818,7.440000000000055,0.3360215053763416,9.8599999999999,0.5324543610547722,6.940000000000055,3.2850000000000024,0.068,-1.0,,,12,1,8.0,2022
2022-08-10 12:00:00+00:00|-1.0|vol_trans_fade_h1_high_cooling_h12_tp06_sl065,2022-08-10 12:00:00+00:00,STAGE28A,data/reports/stage28a_discovery_factory_batch_runner/stage28a_exact_trades.csv,volatility_transition_v1,vol_trans_fade_h1_high_cooling_h12_tp06_sl065,0.5721999999999753,-0.4778000000000246,-1.1778000000000244,0,0,0,0,0.4778000000000246,17.15000000000009,4.0,0.5999999999999659,7.539999999999964,0.3859416445623168,4.460000000000036,3.00799999999997,0.016,-1.0,,,12,2,8.0,2022
2022-08-11 12:00:00+00:00|-1.0|vol_trans_fade_h1_high_cooling_h12_tp06_sl065,2022-08-11 12:00:00+00:00,STAGE28A,data/reports/stage28a_discovery_factory_batch_runner/stage28a_exact_trades.csv,volatility_transition_v1,vol_trans_fade_h1_high_cooling_h12_tp06_sl065,0.7515999999999622,-0.2984000000000377,-0.9984000000000376,0,0,0,0,0.2984000000000377,20.269999999999982,8.3900000000001,0.6376638855780506,6.789999999999964,0.6465390279823117,4.180000000000064,3.6825000000000045,0.208,-1.0,,,12,3,8.0,2022
2022-08-12 12:00:00+00:00|1.0|vol_trans_fade_h1_high_cooling_h12_tp06_sl065,2022-08-12 12:00:00+00:00,STAGE28A,data/reports/stage28a_discovery_factory_batch_runner/stage28a_exact_trades.csv,volatility_transition_v1,vol_trans_fade_h1_high_cooling_h12_tp06_sl065,0.6490000000000237,-0.4009999999999762,-1.100999999999976,0,0,0,0,0.4009999999999762,15.679999999999836,5.190000000000055,0.6358381502890019,8.059999999999945,0.440446650124095,3.689999999999827,3.7510000000000105,0.256,1.0,,,12,4,8.0,2022
2022-08-15 12:00:00+00:00|1.0|vol_trans_fade_h1_high_cooling_h12_tp06_sl065,2022-08-15 12:00:00+00:00,STAGE28A,data/reports/stage28a_discovery_factory_batch_runner/stage28a_exact_trades.csv,volatility_transition_v1,vol_trans_fade_h1_high_cooling_h12_tp06_sl065,-1.366599999999926,-2.4165999999999257,-3.116599999999925,0,0,0,0,2.4165999999999257,2.5799999999999272,8.339999999999918,0.5851318944844313,17.659999999999854,0.8969422423556086,6.2999999999999545,3.6055000000000064,0.232,1.0,,,12,0,8.0,2022
2022-08-16 12:00:00+00:00|1.0|vol_trans_fade_h1_high_cooling_h12_tp06_sl065,2022-08-16 12:00:00+00:00,STAGE28A,data/reports/stage28a_discovery_factory_batch_runner/stage28a_exact_trades.csv,volatility_transition_v1,vol_trans_fade_h1_high_cooling_h12_tp06_sl065,0.5638000000000375,-0.4861999999999624,-1.1861999999999622,0,0,0,0,0.4861999999999624,29.309999999999945,6.2999999999999545,0.46190476190477825,8.120000000000118,0.6896551724137998,3.0,2.882999999999993,0.016,1.0,,,12,1,8.0,2022
2022-08-17 12:00:00+00:00|-1.0|vol_trans_fade_h1_high_cooling_h12_tp06_sl065,2022-08-17 12:00:00+00:00,STAGE28A,data/reports/stage28a_discovery_factory_batch_runner/stage28a_exact_trades.csv,volatility_transition_v1,vol_trans_fade_h1_high_cooling_h12_tp06_sl065,0.6675999999999022,-0.3824000000000978,-1.0824000000000975,0,0,0,0,0.3824000000000978,11.660000000000082,3.1499999999998636,0.17777777777776815,10.319999999999936,0.22093023255813826,4.990000000000009,2.980499999999995,0.076,-1.0,,,12,2,8.0,2022
2022-08-18 12:00:00+00:00|-1.0|vol_trans_fade_h1_high_cooling_h12_tp06_sl065,2022-08-18 12:00:00+00:00,STAGE28A,data/reports/stage28a_discovery_factory_batch_runner/stage28a_exact_trades.csv,volatility_transition_v1,vol_trans_fade_h1_high_cooling_h12_tp06_sl065,-1.2538250000000972,-2.303825000000097,-3.003825000000097,0,0,0,0,2.303825000000097,22.449999999999818,5.760000000000218,0.032986111111119334,8.139999999999873,0.7960687960688108,3.6699999999998454,3.4864999999999897,0.328,-1.0,,,12,3,8.0,2022
2022-08-19 12:00:00+00:00|-1.0|vol_trans_fade_h1_high_cooling_h12_tp06_sl065,2022-08-19 12:00:00+00:00,STAGE28A,data/reports/stage28a_discovery_factory_batch_runner/stage28a_exact_trades.csv,volatility_transition_v1,vol_trans_fade_h1_high_cooling_h12_tp06_sl065,-1.3588000000000648,-2.4088000000000647,-3.1088000000000644,0,0,0,0,2.4088000000000647,17.089999999999918,5.740000000000009,0.548780487804893,5.559999999999945,0.13129496402878155,2.619999999999891,3.3414999999999964,0.284,-1.0,,,12,4,8.0,2022
2022-08-22 12:00:00+00:00|1.0|vol_trans_fade_h1_high_cooling_h12_tp06_sl065,2022-08-22 12:00:00+00:00,STAGE28A,data/reports/stage28a_discovery_factory_batch_runner/stage28a_exact_trades.csv,volatility_transition_v1,vol_trans_fade_h1_high_cooling_h12_tp06_sl065,0.7380999999999404,-0.3119000000000596,-1.0119000000000593,0,0,0,0,0.3119000000000596,3.1100000000001273,4.170000000000073,0.17266187050360066,14.790000000000191,0.6112237998647632,5.259999999999991,3.296500000000003,0.272,1.0,,,12,0,8.0,2022
2022-08-23 12:00:00+00:00|-1.0|vol_trans_fade_h1_high_cooling_h12_tp06_sl065,2022-08-23 12:00:00+00:00,STAGE28A,data/reports/stage28a_discovery_factory_batch_runner/stage28a_exact_trades.csv,volatility_transition_v1,vol_trans_fade_h1_high_cooling_h12_tp06_sl065,0.8457999999999629,-0.204200000000037,-0.9042000000000368,0,0,0,0,0.204200000000037,21.340000000000146,6.380000000000109,0.4247648902821301,9.120000000000118,0.10087719298246281,6.160000000000082,3.3385000000000105,0.308,-1.0,,,12,1,8.0,2022
2022-08-24 12:00:00+00:00|-1.0|vol_trans_fade_h1_high_cooling_h12_tp06_sl065,2022-08-24 12:00:00+00:00,STAGE28A,data/reports/stage28a_discovery_factory_batch_runner/stage28a_exact_trades.csv,volatility_transition_v1,vol_trans_fade_h1_high_cooling_h12_tp06_sl065,0.6436000000000149,-0.406399999999985,-1.1063999999999847,0,0,0,0,0.406399999999985,23.309999999999945,3.979999999999791,0.36934673366836795,9.430000000000064,0.3955461293743365,5.1099999999999,3.4209999999999696,0.368,-1.0,,,12,2,8.0,2022
2022-08-25 12:00:00+00:00|-1.0|vol_trans_fade_h1_high_cooling_h12_tp06_sl065,2022-08-25 12:00:00+00:00,STAGE28A,data/reports/stage28a_discovery_factory_batch_runner/stage28a_exact_trades.csv,volatility_transition_v1,vol_trans_fade_h1_high_cooling_h12_tp06_sl065,0.6393999999999324,-0.4106000000000676,-1.110600000000067,0,0,0,0,0.4106000000000676,13.490000000000009,7.819999999999936,0.6598465473145647,9.720000000000027,0.7150205761316899,3.4299999999998363,3.345999999999992,0.292,-1.0,,,12,3,8.0,2022
2022-08-26 12:00:00+00:00|1.0|vol_trans_fade_h1_high_cooling_h12_tp06_sl065,2022-08-26 12:00:00+00:00,STAGE28A,data/reports/stage28a_discovery_factory_batch_runner/stage28a_exact_trades.csv,volatility_transition_v1,vol_trans_fade_h1_high_cooling_h12_tp06_sl065,0.6652000000000499,-0.38479999999995,-1.0847999999999498,0,0,0,0,0.38479999999995,15.519999999999982,6.579999999999927,0.03647416413374039,9.5,0.804210526315776,2.9500000000000455,3.1089999999999463,0.16,1.0,,,12,4,8.0,2022
2022-08-30 12:00:00+00:00|-1.0|vol_trans_fade_h1_high_cooling_h12_tp06_sl065,2022-08-30 12:00:00+00:00,STAGE28A,data/reports/stage28a_discovery_factory_batch_runner/stage28a_exact_trades.csv,volatility_transition_v1,vol_trans_fade_h1_high_cooling_h12_tp06_sl065,0.8692000000000007,-0.1807999999999991,-0.8807999999999989,0,0,0,0,0.1807999999999991,25.179999999999836,6.619999999999891,0.38670694864051586,8.840000000000146,0.07352941176468925,6.4500000000000455,3.446499999999992,0.452,-1.0,,,12,1,8.0,2022
2022-08-31 12:00:00+00:00|1.0|vol_trans_fade_h1_high_cooling_h12_tp06_sl065,2022-08-31 12:00:00+00:00,STAGE28A,data/reports/stage28a_discovery_factory_batch_runner/stage28a_exact_trades.csv,volatility_transition_v1,vol_trans_fade_h1_high_cooling_h12_tp06_sl065,-1.6165250000000015,-2.6665250000000014,-3.366525000000001,0,0,0,0,2.6665250000000014,19.339999999999918,3.8899999999998727,0.26478149100257237,15.8599999999999,0.8209331651954643,8.509999999999991,3.240999999999974,0.228,1.0,,,12,2,8.0,2022
2022-09-01 12:00:00+00:00|1.0|vol_trans_fade_h1_high_cooling_h12_tp06_sl065,2022-09-01 12:00:00+00:00,STAGE28A,data/reports/stage28a_discovery_factory_batch_runner/stage28a_exact_trades.csv,volatility_transition_v1,vol_trans_fade_h1_high_cooling_h12_tp06_sl065,-1.6467499999999746,-2.6967499999999744,-3.396749999999974,0,0,0,0,2.6967499999999744,16.909999999999854,9.11999999999989,0.7225877192982453,8.200000000000045,0.14878048780488054,4.5900000000001455,4.0764999999999985,0.788,1.0,,,12,3,9.0,2022
2022-09-02 12:00:00+00:00|-1.0|vol_trans_fade_h1_high_cooling_h12_tp06_sl065,2022-09-02 12:00:00+00:00,STAGE28A,data/reports/stage28a_discovery_factory_batch_runner/stage28a_exact_trades.csv,volatility_transition_v1,vol_trans_fade_h1_high_cooling_h12_tp06_sl065,-1.2187250000000405,-2.2687250000000403,-2.96872500000004,0,0,0,0,2.2687250000000403,22.61999999999989,5.330000000000155,0.7448405253283137,8.539999999999964,0.8723653395784368,2.519999999999982,3.678000000000009,0.488,-1.0,,,12,4,9.0,2022
2022-09-05 12:00:00+00:00|-1.0|vol_trans_fade_h1_high_cooling_h12_tp06_sl065,2022-09-05 12:00:00+00:00,STAGE28A,data/reports/stage28a_discovery_factory_batch_runner/stage28a_exact_trades.csv,volatility_transition_v1,vol_trans_fade_h1_high_cooling_h12_tp06_sl065,-1.5125249999999597,-2.5625249999999595,-3.2625249999999597,0,0,0,0,2.5625249999999595,1.9400000000000546,5.160000000000082,0.354651162790722,6.2999999999999545,0.3365079365079216,3.380000000000109,3.6535000000000197,0.424,-1.0,,,12,0,9.0,2022
2022-09-06 12:00:00+00:00|1.0|vol_trans_fade_h1_high_cooling_h12_tp06_sl065,2022-09-06 12:00:00+00:00,STAGE28A,data/reports/stage28a_discovery_factory_batch_runner/stage28a_exact_trades.csv,volatility_transition_v1,vol_trans_fade_h1_high_cooling_h12_tp06_sl065,0.8211999999999989,-0.228800000000001,-0.9288000000000008,0,0,0,0,0.228800000000001,8.049999999999955,16.909999999999854,0.2950916617386193,9.699999999999818,0.6608247422680621,3.3199999999999363,3.561999999999989,0.416,1.0,,,12,1,9.0,2022
2022-09-07 12:00:00+00:00|-1.0|vol_trans_fade_h1_high_cooling_h12_tp06_sl065,2022-09-07 12:00:00+00:00,STAGE28A,data/reports/stage28a_discovery_factory_batch_runner/stage28a_exact_trades.csv,volatility_transition_v1,vol_trans_fade_h1_high_cooling_h12_tp06_sl065,-1.7562750000000509,-2.8062750000000505,-3.50627500000005,0,0,0,0,2.8062750000000505,26.909999999999854,11.450000000000045,0.618340611353703,15.829999999999927,0.8597599494630425,3.730000000000018,4.347000000000014,0.776,-1.0,,,12,2,9.0,2022
2022-09-08 12:00:00+00:00|-1.0|vol_trans_fade_h1_high_cooling_h12_tp06_sl065,2022-09-08 12:00:00+00:00,STAGE28A,data/reports/stage28a_discovery_factory_batch_runner/stage28a_exact_trades.csv,volatility_transition_v1,vol_trans_fade_h1_high_cooling_h12_tp06_sl065,-1.5612750000001143,-2.611275000000114,-3.311275000000114,0,0,0,0,2.611275000000114,28.09999999999991,5.789999999999964,0.6269430051813699,8.8900000000001,0.6850393700787488,3.3299999999999272,3.8310000000000173,0.464,-1.0,,,12,3,9.0,2022
2022-09-09 12:00:00+00:00|-1.0|vol_trans_fade_h1_high_cooling_h12_tp06_sl065,2022-09-09 12:00:00+00:00,STAGE28A,data/reports/stage28a_discovery_factory_batch_runner/stage28a_exact_trades.csv,volatility_transition_v1,vol_trans_fade_h1_high_cooling_h12_tp06_sl065,-1.7036249999999655,-2.7536249999999654,-3.453624999999965,0,0,0,0,2.7536249999999654,24.13000000000011,12.230000000000018,0.821749795584623,11.269999999999982,0.7080745341614935,2.6200000000001182,3.667999999999995,0.324,-1.0,,,12,4,9.0,2022
2022-09-12 12:00:00+00:00|-1.0|vol_trans_fade_h1_high_cooling_h12_tp06_sl065,2022-09-12 12:00:00+00:00,STAGE28A,data/reports/stage28a_discovery_factory_batch_runner/stage28a_exact_trades.csv,volatility_transition_v1,vol_trans_fade_h1_high_cooling_h12_tp06_sl065,0.9960999999999786,-0.0539000000000213,-0.7539000000000211,0,0,0,0,0.0539000000000213,3.480000000000018,7.889999999999873,0.7553865652725137,15.549999999999955,0.7491961414790931,3.9200000000000728,3.933499999999981,0.444,-1.0,,,12,0,9.0,2022
2022-09-13 12:00:00+00:00|-1.0|vol_trans_fade_h1_high_cooling_h12_tp06_sl065,2022-09-13 12:00:00+00:00,STAGE28A,data/reports/stage28a_discovery_factory_batch_runner/stage28a_exact_trades.csv,volatility_transition_v1,vol_trans_fade_h1_high_cooling_h12_tp06_sl065,-1.4377749999999652,-2.487774999999965,-3.1877749999999647,0,0,0,0,2.487774999999965,23.170000000000073,6.830000000000155,0.5710102489019038,8.160000000000082,0.6580882352940977,4.1400000000001,3.6080000000000156,0.256,-1.0,,,12,1,9.0,2022
2022-09-14 12:00:00+00:00|-1.0|vol_trans_fade_h1_high_cooling_h12_tp06_sl065,2022-09-14 12:00:00+00:00,STAGE28A,data/reports/stage28a_discovery_factory_batch_runner/stage28a_exact_trades.csv,volatility_transition_v1,vol_trans_fade_h1_high_cooling_h12_tp06_sl065,0.9286000000000968,-0.1213999999999031,-0.8213999999999029,0,0,0,0,0.1213999999999031,34.73000000000002,6.289999999999964,0.25119236883941753,7.259999999999991,0.6170798898071658,3.0800000000001546,4.040500000000042,0.484,-1.0,,,12,2,9.0,2022
2022-09-15 12:00:00+00:00|1.0|vol_trans_fade_h1_high_cooling_h12_tp06_sl065,2022-09-15 12:00:00+00:00,STAGE28A,data/reports/stage28a_discovery_factory_batch_runner/stage28a_exact_trades.csv,volatility_transition_v1,vol_trans_fade_h1_high_cooling_h12_tp06_sl065,0.8367999999999484,-0.2132000000000515,-0.9132000000000512,0,0,0,0,0.2132000000000515,13.440000000000055,7.509999999999991,0.6378162450066537,7.75,0.4141935483871015,3.7100000000000364,3.163499999999965,0.072,1.0,,,12,3,9.0,2022
2022-09-20 12:00:00+00:00|1.0|vol_trans_fade_h1_high_cooling_h12_tp06_sl065,2022-09-20 12:00:00+00:00,STAGE28A,data/reports/stage28a_discovery_factory_batch_runner/stage28a_exact_trades.csv,volatility_transition_v1,vol_trans_fade_h1_high_cooling_h12_tp06_sl065,0.8259999999999309,-0.224000000000069,-0.9240000000000688,0,0,0,0,0.224000000000069,20.230000000000018,6.029999999999973,0.2338308457711212,10.629999999999882,0.8701787394167547,4.560000000000173,3.467500000000018,0.128,1.0,,,12,1,9.0,2022
2022-09-21 12:00:00+00:00|-1.0|vol_trans_fade_h1_high_cooling_h12_tp06_sl065,2022-09-21 12:00:00+00:00,STAGE28A,data/reports/stage28a_discovery_factory_batch_runner/stage28a_exact_trades.csv,volatility_transition_v1,vol_trans_fade_h1_high_cooling_h12_tp06_sl065,0.9816999999999552,-0.0683000000000446,-0.7683000000000444,0,0,0,0,0.0683000000000446,19.49000000000001,4.599999999999909,0.31304347826083817,14.440000000000055,0.6606648199445934,2.730000000000018,3.4695000000000276,0.14,-1.0,,,12,2,9.0,2022
2022-09-23 12:00:00+00:00|1.0|vol_trans_fade_h1_high_cooling_h12_tp06_sl065,2022-09-23 12:00:00+00:00,STAGE28A,data/reports/stage28a_discovery_factory_batch_runner/stage28a_exact_trades.csv,volatility_transition_v1,vol_trans_fade_h1_high_cooling_h12_tp06_sl065,-1.688999999999942,-2.7389999999999417,-3.438999999999941,0,0,0,0,2.7389999999999417,29.309999999999945,7.279999999999973,0.2967032967033091,21.38000000000011,0.5673526660430225,7.470000000000027,3.96400000000001,0.412,1.0,,,12,4,9.0,2022
2022-09-28 12:00:00+00:00|1.0|vol_trans_fade_h1_high_cooling_h12_tp06_sl065,2022-09-28 12:00:00+00:00,STAGE28A,data/reports/stage28a_discovery_factory_batch_runner/stage28a_exact_trades.csv,volatility_transition_v1,vol_trans_fade_h1_high_cooling_h12_tp06_sl065,1.2658000000000356,0.2158000000000357,-0.484199999999964,1,0,1,0,0.2158000000000357,19.6099999999999,7.720000000000027,0.6968911917098268,10.920000000000073,0.7225274725274768,5.779999999999973,4.15250000000002,0.348,1.0,,,12,2,9.0,2022
2022-10-03 12:00:00+00:00|1.0|vol_trans_fade_h1_high_cooling_h12_tp06_sl065,2022-10-03 12:00:00+00:00,STAGE28A,data/reports/stage28a_discovery_factory_batch_runner/stage28a_exact_trades.csv,volatility_transition_v1,vol_trans_fade_h1_high_cooling_h12_tp06_sl065,-1.8849750000000316,-2.934975000000031,-3.634975000000031,0,0,0,0,2.934975000000031,4.540000000000191,8.75,0.07314285714286857,8.669999999999845,0.26758938869665255,4.569999999999936,4.359000000000037,0.312,1.0,,,12,0,10.0,2022
2022-10-06 12:00:00+00:00|1.0|vol_trans_fade_h1_high_cooling_h12_tp06_sl065,2022-10-06 12:00:00+00:00,STAGE28A,data/reports/stage28a_discovery_factory_batch_runner/stage28a_exact_trades.csv,volatility_transition_v1,vol_trans_fade_h1_high_cooling_h12_tp06_sl065,-2.089074999999957,-3.139074999999957,-3.8390749999999567,0,0,0,1,3.139074999999957,27.309999999999945,9.439999999999827,0.6430084745762762,12.129999999999882,0.6158285243198763,10.789999999999964,4.537500000000023,0.2,1.0,,,12,3,10.0,2022
2022-10-07 12:00:00+00:00|-1.0|vol_trans_fade_h1_high_cooling_h12_tp06_sl065,2022-10-07 12:00:00+00:00,STAGE28A,data/reports/stage28a_discovery_factory_batch_runner/stage28a_exact_trades.csv,volatility_transition_v1,vol_trans_fade_h1_high_cooling_h12_tp06_sl065,0.9388000000000376,-0.1111999999999624,-0.8111999999999622,0,0,0,0,0.1111999999999624,18.649999999999864,4.269999999999982,0.4637002341920437,6.3900000000001,0.45539906103283395,4.350000000000136,3.736000000000024,0.008,-1.0,,,12,4,10.0,2022
2022-10-11 12:00:00+00:00|-1.0|vol_trans_fade_h1_high_cooling_h12_tp06_sl065,2022-10-11 12:00:00+00:00,STAGE28A,data/reports/stage28a_discovery_factory_batch_runner/stage28a_exact_trades.csv,volatility_transition_v1,vol_trans_fade_h1_high_cooling_h12_tp06_sl065,-1.9788999999999304,-3.0288999999999304,-3.72889999999993,0,0,0,0,3.0288999999999304,34.23000000000002,12.269999999999982,0.37734311328444303,7.810000000000173,0.20102432778487855,5.519999999999982,4.212000000000001,0.116,-1.0,,,12,1,10.0,2022
2022-10-13 12:00:00+00:00|-1.0|vol_trans_fade_h1_high_cooling_h12_tp06_sl065,2022-10-13 12:00:00+00:00,STAGE28A,data/reports/stage28a_discovery_factory_batch_runner/stage28a_exact_trades.csv,volatility_transition_v1,vol_trans_fade_h1_high_cooling_h12_tp06_sl065,0.6886000000000877,-0.3613999999999122,-1.061399999999912,0,0,0,0,0.3613999999999122,16.950000000000045,6.440000000000055,0.669254658385079,10.8900000000001,0.5096418732782281,4.629999999999882,3.225500000000045,0.004,-1.0,,,12,3,10.0,2022
2022-10-18 12:00:00+00:00|1.0|vol_trans_fade_h1_high_cooling_h12_tp06_sl065,2022-10-18 12:00:00+00:00,STAGE28A,data/reports/stage28a_discovery_factory_batch_runner/stage28a_exact_trades.csv,volatility_transition_v1,vol_trans_fade_h1_high_cooling_h12_tp06_sl065,-2.0335000000000947,-3.0835000000000945,-3.7835000000000942,0,0,0,1,3.0835000000000945,25.279999999999973,4.639999999999873,0.4008620689655067,12.230000000000018,0.039247751430909035,7.810000000000173,4.216499999999996,0.148,1.0,,,12,1,10.0,2022
2022-10-19 12:00:00+00:00|1.0|vol_trans_fade_h1_high_cooling_h12_tp06_sl065,2022-10-19 12:00:00+00:00,STAGE28A,data/reports/stage28a_discovery_factory_batch_runner/stage28a_exact_trades.csv,volatility_transition_v1,vol_trans_fade_h1_high_cooling_h12_tp06_sl065,-2.003600000000097,-3.0536000000000967,-3.753600000000096,0,0,0,0,3.0536000000000967,15.049999999999955,5.379999999999882,0.6189591078067338,11.819999999999936,0.6142131979695457,5.620000000000118,3.9754999999999656,0.12,1.0,,,12,2,10.0,2022
2022-10-20 12:00:00+00:00|1.0|vol_trans_fade_h1_high_cooling_h12_tp06_sl065,2022-10-20 12:00:00+00:00,STAGE28A,data/reports/stage28a_discovery_factory_batch_runner/stage28a_exact_trades.csv,volatility_transition_v1,vol_trans_fade_h1_high_cooling_h12_tp06_sl065,-2.055275000000029,-3.1052750000000287,-3.805275000000029,0,0,0,1,3.1052750000000287,26.74000000000001,7.850000000000136,0.21910828025477674,10.799999999999955,0.7990740740740876,4.6400000000001,3.7145000000000095,0.068,1.0,,,12,3,10.0,2022
2022-10-21 12:00:00+00:00|1.0|vol_trans_fade_h1_high_cooling_h12_tp06_sl065,2022-10-21 12:00:00+00:00,STAGE28A,data/reports/stage28a_discovery_factory_batch_runner/stage28a_exact_trades.csv,volatility_transition_v1,vol_trans_fade_h1_high_cooling_h12_tp06_sl065,-1.931775000000107,-2.981775000000107,-3.6817750000001066,0,0,0,0,2.981775000000107,23.12000000000012,7.769999999999982,0.653796653796646,10.059999999999945,0.37872763419482763,4.519999999999982,4.306999999999993,0.36,1.0,,,12,4,10.0,2022
2022-10-25 12:00:00+00:00|1.0|vol_trans_fade_h1_high_cooling_h12_tp06_sl065,2022-10-25 12:00:00+00:00,STAGE28A,data/reports/stage28a_discovery_factory_batch_runner/stage28a_exact_trades.csv,volatility_transition_v1,vol_trans_fade_h1_high_cooling_h12_tp06_sl065,0.8248000000000048,-0.2251999999999951,-0.9251999999999948,0,0,0,0,0.2251999999999951,26.539999999999964,7.680000000000064,0.032552083333333065,13.129999999999882,0.885757806549902,5.470000000000027,3.9075000000000273,0.132,1.0,,,12,1,10.0,2022
2022-10-26 12:00:00+00:00|-1.0|vol_trans_fade_h1_high_cooling_h12_tp06_sl065,2022-10-26 12:00:00+00:00,STAGE28A,data/reports/stage28a_discovery_factory_batch_runner/stage28a_exact_trades.csv,volatility_transition_v1,vol_trans_fade_h1_high_cooling_h12_tp06_sl065,-1.9239750000000184,-2.9739750000000185,-3.673975000000018,0,0,0,0,2.9739750000000185,24.060000000000173,7.880000000000109,0.5862944162436329,19.779999999999973,0.6400404448938257,4.240000000000009,4.604000000000019,0.496,-1.0,,,12,2,10.0,2022
2022-10-27 12:00:00+00:00|-1.0|vol_trans_fade_h1_high_cooling_h12_tp06_sl065,2022-10-27 12:00:00+00:00,STAGE28A,data/reports/stage28a_discovery_factory_batch_runner/stage28a_exact_trades.csv,volatility_transition_v1,vol_trans_fade_h1_high_cooling_h12_tp06_sl065,-1.9486749999999573,-2.9986749999999573,-3.698674999999957,0,0,0,0,2.9986749999999573,25.180000000000064,8.439999999999827,0.06398104265402543,10.589999999999918,0.20774315391879722,4.339999999999918,3.9824999999999706,0.192,-1.0,,,12,3,10.0,2022
2022-10-28 12:00:00+00:00|1.0|vol_trans_fade_h1_high_cooling_h12_tp06_sl065,2022-10-28 12:00:00+00:00,STAGE28A,data/reports/stage28a_discovery_factory_batch_runner/stage28a_exact_trades.csv,volatility_transition_v1,vol_trans_fade_h1_high_cooling_h12_tp06_sl065,0.9865000000001146,-0.0634999999998853,-0.763499999999885,0,0,0,0,0.0634999999998853,15.939999999999827,6.419999999999845,0.39408099688474046,18.899999999999864,0.7962962962962996,5.850000000000136,4.247500000000002,0.332,1.0,,,12,4,10.0,2022
2022-10-31 12:00:00+00:00|-1.0|vol_trans_fade_h1_high_cooling_h12_tp06_sl065,2022-10-31 12:00:00+00:00,STAGE28A,data/reports/stage28a_discovery_factory_batch_runner/stage28a_exact_trades.csv,volatility_transition_v1,vol_trans_fade_h1_high_cooling_h12_tp06_sl065,-1.5261750000000576,-2.5761750000000574,-3.276175000000057,0,0,0,0,2.5761750000000574,3.9200000000000728,4.870000000000118,0.2156057494866384,9.930000000000064,0.4652567975830905,4.479999999999791,3.661500000000012,0.04,-1.0,,,12,0,10.0,2022
2022-11-01 12:00:00+00:00|-1.0|vol_trans_fade_h1_high_cooling_h12_tp06_sl065,2022-11-01 12:00:00+00:00,STAGE28A,data/reports/stage28a_discovery_factory_batch_runner/stage28a_exact_trades.csv,volatility_transition_v1,vol_trans_fade_h1_high_cooling_h12_tp06_sl065,-1.9119500000000245,-2.9619500000000243,-3.661950000000024,0,0,0,0,2.9619500000000243,13.779999999999973,9.440000000000055,0.5889830508474484,15.150000000000091,0.8686468646864538,5.069999999999936,3.6395000000000324,0.084,-1.0,,,12,1,11.0,2022
2022-11-02 12:00:00+00:00|-1.0|vol_trans_fade_h1_high_cooling_h12_tp06_sl065,2022-11-02 12:00:00+00:00,STAGE28A,data/reports/stage28a_discovery_factory_batch_runner/stage28a_exact_trades.csv,volatility_transition_v1,vol_trans_fade_h1_high_cooling_h12_tp06_sl065,-1.4712499999999182,-2.521249999999918,-3.221249999999918,0,0,0,0,2.521249999999918,26.399999999999864,7.350000000000136,0.31292517006801523,7.3599999999999,0.6983695652174144,4.3599999999999,3.5644999999999643,0.06,-1.0,,,12,2,11.0,2022
2022-11-04 12:00:00+00:00|1.0|vol_trans_fade_h1_high_cooling_h12_tp06_sl065,2022-11-04 12:00:00+00:00,STAGE28A,data/reports/stage28a_discovery_factory_batch_runner/stage28a_exact_trades.csv,volatility_transition_v1,vol_trans_fade_h1_high_cooling_h12_tp06_sl065,1.1373999999999795,0.0873999999999797,-0.61260000000002,1,0,0,0,0.0873999999999797,24.37999999999988,18.419999999999845,0.9799131378935997,8.700000000000045,0.3218390804597632,8.700000000000045,4.2875,0.4,1.0,,,12,4,11.0,2022
2022-11-08 12:00:00+00:00|-1.0|vol_trans_fade_h1_high_cooling_h12_tp06_sl065,2022-11-08 12:00:00+00:00,STAGE28A,data/reports/stage28a_discovery_factory_batch_runner/stage28a_exact_trades.csv,volatility_transition_v1,vol_trans_fade_h1_high_cooling_h12_tp06_sl065,0.883299999999872,-0.1667000000001279,-0.8667000000001277,0,0,0,0,0.1667000000001279,14.930000000000064,7.279999999999973,0.5508241758241766,7.3599999999999,0.04347826086955716,6.930000000000064,3.2815000000000056,0.048,-1.0,,,12,1,11.0,2022
2022-11-10 12:00:00+00:00|1.0|vol_trans_fade_h1_high_cooling_h12_tp06_sl065,2022-11-10 12:00:00+00:00,STAGE28A,data/reports/stage28a_discovery_factory_batch_runner/stage28a_exact_trades.csv,volatility_transition_v1,vol_trans_fade_h1_high_cooling_h12_tp06_sl065,-1.819000000000051,-2.869000000000051,-3.5690000000000506,0,0,0,0,2.869000000000051,20.180000000000064,6.259999999999991,0.522364217252394,8.540000000000191,0.18032786885245072,4.190000000000055,4.199999999999989,0.376,1.0,,,12,3,11.0,2022
2022-11-14 12:00:00+00:00|1.0|vol_trans_fade_h1_high_cooling_h12_tp06_sl065,2022-11-14 12:00:00+00:00,STAGE28A,data/reports/stage28a_discovery_factory_batch_runner/stage28a_exact_trades.csv,volatility_transition_v1,vol_trans_fade_h1_high_cooling_h12_tp06_sl065,1.2121000000001003,0.1621000000001005,-0.5378999999998992,1,0,1,0,0.1621000000001005,5.449999999999818,7.4099999999998545,0.29689608636975184,11.839999999999918,0.317567567567569,5.070000000000164,4.508499999999993,0.476,1.0,,,12,0,11.0,2022
2022-11-15 12:00:00+00:00|1.0|vol_trans_fade_h1_high_cooling_h12_tp06_sl065,2022-11-15 12:00:00+00:00,STAGE28A,data/reports/stage28a_discovery_factory_batch_runner/stage28a_exact_trades.csv,volatility_transition_v1,vol_trans_fade_h1_high_cooling_h12_tp06_sl065,-2.104024999999956,-3.154024999999956,-3.854024999999956,0,0,0,1,3.154024999999956,21.77000000000021,5.259999999999991,0.26615969581750826,15.680000000000064,0.36926020408162885,6.019999999999982,4.5020000000000095,0.46,1.0,,,12,1,11.0,2022
2022-11-17 12:00:00+00:00|1.0|vol_trans_fade_h1_high_cooling_h12_tp06_sl065,2022-11-17 12:00:00+00:00,STAGE28A,data/reports/stage28a_discovery_factory_batch_runner/stage28a_exact_trades.csv,volatility_transition_v1,vol_trans_fade_h1_high_cooling_h12_tp06_sl065,0.9018999999999778,-0.1481000000000221,-0.8481000000000218,0,0,0,0,0.1481000000000221,14.7199999999998,12.6099999999999,0.9103885804916819,9.519999999999982,0.012605042016819166,5.039999999999964,3.9125000000000227,0.112,1.0,,,12,3,11.0,2022
2022-11-18 12:00:00+00:00|-1.0|vol_trans_fade_h1_high_cooling_h12_tp06_sl065,2022-11-18 12:00:00+00:00,STAGE28A,data/reports/stage28a_discovery_factory_batch_runner/stage28a_exact_trades.csv,volatility_transition_v1,vol_trans_fade_h1_high_cooling_h12_tp06_sl065,-1.6870500000000903,-2.73705000000009,-3.43705000000009,0,0,0,0,2.73705000000009,20.269999999999982,6.349999999999909,0.3889763779527658,6.980000000000018,0.37392550143264947,6.980000000000018,3.39200000000003,0.048,-1.0,,,12,4,11.0,2022
2022-11-21 12:00:00+00:00|1.0|vol_trans_fade_h1_high_cooling_h12_tp06_sl065,2022-11-21 12:00:00+00:00,STAGE28A,data/reports/stage28a_discovery_factory_batch_runner/stage28a_exact_trades.csv,volatility_transition_v1,vol_trans_fade_h1_high_cooling_h12_tp06_sl065,-1.780325000000039,-2.830325000000039,-3.5303250000000386,0,0,0,0,2.830325000000039,3.1299999999998818,9.099999999999909,0.6912087912087941,10.190000000000055,0.4249263984298461,5.980000000000018,4.150500000000011,0.272,1.0,,,12,0,11.0,2022
2022-11-22 12:00:00+00:00|-1.0|vol_trans_fade_h1_high_cooling_h12_tp06_sl065,2022-11-22 12:00:00+00:00,STAGE28A,data/reports/stage28a_discovery_factory_batch_runner/stage28a_exact_trades.csv,volatility_transition_v1,vol_trans_fade_h1_high_cooling_h12_tp06_sl065,0.7921000000000277,-0.2578999999999722,-0.957899999999972,0,0,0,0,0.2578999999999722,20.470000000000027,8.220000000000027,0.8004866180048547,8.079999999999927,0.11386138613862389,4.579999999999927,3.7014999999999985,0.152,-1.0,,,12,1,11.0,2022
2022-11-23 12:00:00+00:00|-1.0|vol_trans_fade_h1_high_cooling_h12_tp06_sl065,2022-11-23 12:00:00+00:00,STAGE28A,data/reports/stage28a_discovery_factory_batch_runner/stage28a_exact_trades.csv,volatility_transition_v1,vol_trans_fade_h1_high_cooling_h12_tp06_sl065,-1.729950000000008,-2.779950000000008,-3.479950000000008,0,0,0,0,2.779950000000008,12.740000000000009,10.009999999999991,0.6253746253746251,12.180000000000064,0.17733990147783832,4.629999999999882,3.400999999999988,0.108,-1.0,,,12,2,11.0,2022
2022-11-24 12:00:00+00:00|-1.0|vol_trans_fade_h1_high_cooling_h12_tp06_sl065,2022-11-24 12:00:00+00:00,STAGE28A,data/reports/stage28a_discovery_factory_batch_runner/stage28a_exact_trades.csv,volatility_transition_v1,vol_trans_fade_h1_high_cooling_h12_tp06_sl065,0.6576999999998862,-0.3923000000001138,-1.0923000000001135,0,0,0,0,0.3923000000001138,27.230000000000018,7.830000000000155,0.43550446998720144,6.160000000000082,0.07142857142857933,2.5799999999999272,3.7930000000000064,0.204,-1.0,,,12,3,11.0,2022
2022-11-25 12:00:00+00:00|1.0|vol_trans_fade_h1_high_cooling_h12_tp06_sl065,2022-11-25 12:00:00+00:00,STAGE28A,data/reports/stage28a_discovery_factory_batch_runner/stage28a_exact_trades.csv,volatility_transition_v1,vol_trans_fade_h1_high_cooling_h12_tp06_sl065,-1.504399999999896,-2.554399999999896,-3.254399999999896,0,0,0,0,2.554399999999896,9.590000000000146,8.710000000000036,0.3650975889781918,9.769999999999982,0.6223132036847662,4.350000000000136,2.6190000000000055,0.06,1.0,,,12,4,11.0,2022
2022-11-28 12:00:00+00:00|-1.0|vol_trans_fade_h1_high_cooling_h12_tp06_sl065,2022-11-28 12:00:00+00:00,STAGE28A,data/reports/stage28a_discovery_factory_batch_runner/stage28a_exact_trades.csv,volatility_transition_v1,vol_trans_fade_h1_high_cooling_h12_tp06_sl065,-1.7910499999999048,-2.8410499999999046,-3.5410499999999043,0,0,0,0,2.8410499999999046,5.539999999999964,9.789999999999964,0.06230847803880513,15.220000000000027,0.6005256241787177,3.8300000000001546,4.240499999999974,0.604,-1.0,,,12,0,11.0,2022
2022-11-29 12:00:00+00:00|1.0|vol_trans_fade_h1_high_cooling_h12_tp06_sl065,2022-11-29 12:00:00+00:00,STAGE28A,data/reports/stage28a_discovery_factory_batch_runner/stage28a_exact_trades.csv,volatility_transition_v1,vol_trans_fade_h1_high_cooling_h12_tp06_sl065,0.8428000000000339,-0.207199999999966,-0.9071999999999658,0,0,0,0,0.207199999999966,24.059999999999945,14.629999999999882,0.8523581681476505,7.559999999999945,0.19312169312169933,5.570000000000164,3.8889999999999647,0.388,1.0,,,12,1,11.0,2022
2022-11-30 12:00:00+00:00|-1.0|vol_trans_fade_h1_high_cooling_h12_tp06_sl065,2022-11-30 12:00:00+00:00,STAGE28A,data/reports/stage28a_discovery_factory_batch_runner/stage28a_exact_trades.csv,volatility_transition_v1,vol_trans_fade_h1_high_cooling_h12_tp06_sl065,0.7066000000001168,-0.3433999999998831,-1.0433999999998829,0,0,0,0,0.3433999999998831,19.48999999999978,7.899999999999864,0.6734177215190197,10.210000000000036,0.4338883447600216,3.150000000000091,3.249000000000001,0.16,-1.0,,,12,2,11.0,2022
2022-12-02 12:00:00+00:00|1.0|vol_trans_fade_h1_high_cooling_h12_tp06_sl065,2022-12-02 12:00:00+00:00,STAGE28A,data/reports/stage28a_discovery_factory_batch_runner/stage28a_exact_trades.csv,volatility_transition_v1,vol_trans_fade_h1_high_cooling_h12_tp06_sl065,-1.4926999999998771,-2.542699999999877,-3.2426999999998767,0,0,0,0,2.542699999999877,35.86999999999989,8.8599999999999,0.5575620767494481,6.7000000000000455,0.41641791044775295,2.7000000000000455,4.061000000000012,0.572,1.0,,,12,4,12.0,2022
2022-12-05 12:00:00+00:00|1.0|vol_trans_fade_h1_high_cooling_h12_tp06_sl065,2022-12-05 12:00:00+00:00,STAGE28A,data/reports/stage28a_discovery_factory_batch_runner/stage28a_exact_trades.csv,volatility_transition_v1,vol_trans_fade_h1_high_cooling_h12_tp06_sl065,-1.766349999999966,-2.8163499999999657,-3.516349999999965,0,0,0,0,2.8163499999999657,4.920000000000073,15.589999999999918,0.6215522771007124,16.15000000000009,0.8476780185758359,3.9600000000000364,4.4284999999999854,0.696,1.0,,,12,0,12.0,2022
2022-12-06 12:00:00+00:00|1.0|vol_trans_fade_h1_high_cooling_h12_tp06_sl065,2022-12-06 12:00:00+00:00,STAGE28A,data/reports/stage28a_discovery_factory_batch_runner/stage28a_exact_trades.csv,volatility_transition_v1,vol_trans_fade_h1_high_cooling_h12_tp06_sl065,-1.8167249999999968,-2.8667249999999966,-3.5667249999999964,0,0,0,0,2.8667249999999966,44.12999999999988,8.799999999999955,0.35454545454544395,7.7800000000002,0.16709511568125301,3.3500000000001364,4.536500000000046,0.656,1.0,,,12,1,12.0,2022
2022-12-07 12:00:00+00:00|1.0|vol_trans_fade_h1_high_cooling_h12_tp06_sl065,2022-12-07 12:00:00+00:00,STAGE28A,data/reports/stage28a_discovery_factory_batch_runner/stage28a_exact_trades.csv,volatility_transition_v1,vol_trans_fade_h1_high_cooling_h12_tp06_sl065,-1.6587749999999688,-2.7087749999999686,-3.4087749999999684,0,0,0,0,2.7087749999999686,13.570000000000164,6.420000000000073,0.015576323987524598,6.230000000000018,0.2616372391653093,4.150000000000091,3.344999999999993,0.208,1.0,,,12,2,12.0,2022
2022-12-08 12:00:00+00:00|-1.0|vol_trans_fade_h1_high_cooling_h12_tp06_sl065,2022-12-08 12:00:00+00:00,STAGE28A,data/reports/stage28a_discovery_factory_batch_runner/stage28a_exact_trades.csv,volatility_transition_v1,vol_trans_fade_h1_high_cooling_h12_tp06_sl065,0.5998000000000957,-0.4501999999999042,-1.150199999999904,0,0,0,0,0.4501999999999042,21.769999999999982,6.779999999999973,0.5176991150442485,5.3900000000001,0.03710575139143124,3.400000000000091,4.118499999999995,0.452,-1.0,,,12,3,12.0,2022
2022-12-09 12:00:00+00:00|-1.0|vol_trans_fade_h1_high_cooling_h12_tp06_sl065,2022-12-09 12:00:00+00:00,STAGE28A,data/reports/stage28a_discovery_factory_batch_runner/stage28a_exact_trades.csv,volatility_transition_v1,vol_trans_fade_h1_high_cooling_h12_tp06_sl065,-1.6012500000000274,-2.651250000000027,-3.351250000000027,0,0,0,0,2.651250000000027,13.490000000000009,8.980000000000018,0.8006681514476406,8.789999999999964,0.2229806598407073,3.9600000000000364,3.3930000000000176,0.16,-1.0,,,12,4,12.0,2022
2022-12-12 12:00:00+00:00|-1.0|vol_trans_fade_h1_high_cooling_h12_tp06_sl065,2022-12-12 12:00:00+00:00,STAGE28A,data/reports/stage28a_discovery_factory_batch_runner/stage28a_exact_trades.csv,volatility_transition_v1,vol_trans_fade_h1_high_cooling_h12_tp06_sl065,0.6783999999999196,-0.3716000000000803,-1.07160000000008,0,0,0,0,0.3716000000000803,2.3400000000001455,10.309999999999945,0.7332686711930151,7.329999999999927,0.6889495225102326,2.8099999999999454,3.919000000000017,0.34,-1.0,,,12,0,12.0,2022
2022-12-13 12:00:00+00:00|1.0|vol_trans_fade_h1_high_cooling_h12_tp06_sl065,2022-12-13 12:00:00+00:00,STAGE28A,data/reports/stage28a_discovery_factory_batch_runner/stage28a_exact_trades.csv,volatility_transition_v1,vol_trans_fade_h1_high_cooling_h12_tp06_sl065,0.6913000000000921,-0.3586999999999078,-1.0586999999999076,0,0,0,0,0.3586999999999078,19.5,6.0900000000001455,0.08702791461411495,6.180000000000064,0.7508090614886448,2.9500000000000455,3.1980000000000475,0.036,1.0,,,12,1,12.0,2022
2022-12-16 12:00:00+00:00|-1.0|vol_trans_fade_h1_high_cooling_h12_tp06_sl065,2022-12-16 12:00:00+00:00,STAGE28A,data/reports/stage28a_discovery_factory_batch_runner/stage28a_exact_trades.csv,volatility_transition_v1,vol_trans_fade_h1_high_cooling_h12_tp06_sl065,-1.8453250000000936,-2.8953250000000934,-3.595325000000093,0,0,0,0,2.8953250000000934,34.799999999999955,8.639999999999873,0.2685185185185414,10.599999999999909,0.1849056603773635,4.580000000000155,4.216499999999985,0.468,-1.0,,,12,4,12.0,2022
2022-12-19 12:00:00+00:00|1.0|vol_trans_fade_h1_high_cooling_h12_tp06_sl065,2022-12-19 12:00:00+00:00,STAGE28A,data/reports/stage28a_discovery_factory_batch_runner/stage28a_exact_trades.csv,volatility_transition_v1,vol_trans_fade_h1_high_cooling_h12_tp06_sl065,0.7170999999999822,-0.3329000000000177,-1.0329000000000177,0,0,0,0,0.3329000000000177,2.3400000000001455,5.970000000000027,0.32160804020101574,8.4699999999998,0.3471074380165436,3.2799999999999727,3.939500000000021,0.396,1.0,,,12,0,12.0,2022
2022-12-20 12:00:00+00:00|-1.0|vol_trans_fade_h1_high_cooling_h12_tp06_sl065,2022-12-20 12:00:00+00:00,STAGE28A,data/reports/stage28a_discovery_factory_batch_runner/stage28a_exact_trades.csv,volatility_transition_v1,vol_trans_fade_h1_high_cooling_h12_tp06_sl065,1.2232000000000425,0.1732000000000426,-0.5267999999999571,1,0,1,0,0.1732000000000426,15.0,11.589999999999918,0.2683347713546289,20.910000000000082,0.7723577235772371,6.100000000000136,4.336500000000001,0.612,-1.0,,,12,1,12.0,2022
2022-12-21 12:00:00+00:00|1.0|vol_trans_fade_h1_high_cooling_h12_tp06_sl065,2022-12-21 12:00:00+00:00,STAGE28A,data/reports/stage28a_discovery_factory_batch_runner/stage28a_exact_trades.csv,volatility_transition_v1,vol_trans_fade_h1_high_cooling_h12_tp06_sl065,0.7518999999998869,-0.298100000000113,-0.9981000000001128,0,0,0,0,0.298100000000113,36.52999999999997,6.380000000000109,0.49999999999996436,5.369999999999891,0.1787709497206808,3.2899999999999636,3.5725000000000025,0.344,1.0,,,12,2,12.0,2022
2022-12-22 12:00:00+00:00|1.0|vol_trans_fade_h1_high_cooling_h12_tp06_sl065,2022-12-22 12:00:00+00:00,STAGE28A,data/reports/stage28a_discovery_factory_batch_runner/stage28a_exact_trades.csv,volatility_transition_v1,vol_trans_fade_h1_high_cooling_h12_tp06_sl065,-1.4907500000000256,-2.5407500000000254,-3.240750000000025,0,0,0,0,2.5407500000000254,11.930000000000064,6.889999999999873,0.7735849056603811,6.740000000000009,0.827893175074172,3.1700000000000728,3.2569999999999935,0.164,1.0,,,12,3,12.0,2022
2022-12-23 12:00:00+00:00|-1.0|vol_trans_fade_h1_high_cooling_h12_tp06_sl065,2022-12-23 12:00:00+00:00,STAGE28A,data/reports/stage28a_discovery_factory_batch_runner/stage28a_exact_trades.csv,volatility_transition_v1,vol_trans_fade_h1_high_cooling_h12_tp06_sl065,-1.4189250000000355,-2.468925000000036,-3.1689250000000357,0,0,0,0,2.468925000000036,35.58999999999992,4.270000000000209,0.33255269320843167,4.830000000000155,0.780538302277404,3.240000000000009,3.861500000000035,0.44,-1.0,,,12,4,12.0,2022
2022-12-27 12:00:00+00:00|-1.0|vol_trans_fade_h1_high_cooling_h12_tp06_sl065,2022-12-27 12:00:00+00:00,STAGE28A,data/reports/stage28a_discovery_factory_batch_runner/stage28a_exact_trades.csv,volatility_transition_v1,vol_trans_fade_h1_high_cooling_h12_tp06_sl065,0.5697999999998956,-0.4802000000001043,-1.180200000000104,0,0,0,0,0.4802000000001043,4.339999999999918,6.7999999999999545,0.47205882352938683,6.039999999999964,0.6026490066225367,3.480000000000018,3.3944999999999594,0.256,-1.0,,,12,1,12.0,2022
2022-12-29 12:00:00+00:00|1.0|vol_trans_fade_h1_high_cooling_h12_tp06_sl065,2022-12-29 12:00:00+00:00,STAGE28A,data/reports/stage28a_discovery_factory_batch_runner/stage28a_exact_trades.csv,volatility_transition_v1,vol_trans_fade_h1_high_cooling_h12_tp06_sl065,0.6571000000000368,-0.3928999999999631,-1.092899999999963,0,0,0,0,0.3928999999999631,17.580000000000155,5.630000000000109,0.5772646536411966,7.6099999999999,0.4809461235216692,3.240000000000009,3.5114999999999896,0.3,1.0,,,12,3,12.0,2022
2022-12-30 12:00:00+00:00|1.0|vol_trans_fade_h1_high_cooling_h12_tp06_sl065,2022-12-30 12:00:00+00:00,STAGE28A,data/reports/stage28a_discovery_factory_batch_runner/stage28a_exact_trades.csv,volatility_transition_v1,vol_trans_fade_h1_high_cooling_h12_tp06_sl065,0.6742000000000644,-0.3757999999999355,-1.0757999999999353,0,0,0,0,0.3757999999999355,16.450000000000045,5.330000000000155,0.13320825515947762,8.910000000000082,0.043771043771029076,2.5,3.218000000000006,0.152,1.0,,,12,4,12.0,2022
2023-01-06 12:00:00+00:00|1.0|vol_trans_fade_h1_high_cooling_h12_tp06_sl065,2023-01-06 12:00:00+00:00,STAGE28A,data/reports/stage28a_discovery_factory_batch_runner/stage28a_exact_trades.csv,volatility_transition_v1,vol_trans_fade_h1_high_cooling_h12_tp06_sl065,-1.543400000000111,-2.5934000000001105,-3.2934000000001102,0,0,0,0,2.5934000000001105,33.99000000000001,10.930000000000064,0.4858188472095073,7.370000000000118,0.18724559023067666,4.150000000000091,4.134499999999991,0.504,1.0,,,12,4,1.0,2023
2023-01-10 12:00:00+00:00|-1.0|vol_trans_fade_h1_high_cooling_h12_tp06_sl065,2023-01-10 12:00:00+00:00,STAGE28A,data/reports/stage28a_discovery_factory_batch_runner/stage28a_exact_trades.csv,volatility_transition_v1,vol_trans_fade_h1_high_cooling_h12_tp06_sl065,-1.5814249999999448,-2.6314249999999446,-3.3314249999999443,0,0,0,0,2.6314249999999446,15.169999999999845,8.11999999999989,0.10467980295568323,6.699999999999818,0.5716417910447807,2.8099999999999454,4.252999999999952,0.428,-1.0,,,12,1,1.0,2023
2023-01-11 12:00:00+00:00|-1.0|vol_trans_fade_h1_high_cooling_h12_tp06_sl065,2023-01-11 12:00:00+00:00,STAGE28A,data/reports/stage28a_discovery_factory_batch_runner/stage28a_exact_trades.csv,volatility_transition_v1,vol_trans_fade_h1_high_cooling_h12_tp06_sl065,-1.763099999999986,-2.8130999999999857,-3.513099999999985,0,0,0,0,2.8130999999999857,12.879999999999882,6.419999999999845,0.09813084112151468,9.120000000000118,0.7565789473683963,3.3300000000001546,3.859999999999991,0.296,-1.0,,,12,2,1.0,2023
2023-01-12 12:00:00+00:00|-1.0|vol_trans_fade_h1_high_cooling_h12_tp06_sl065,2023-01-12 12:00:00+00:00,STAGE28A,data/reports/stage28a_discovery_factory_batch_runner/stage28a_exact_trades.csv,volatility_transition_v1,vol_trans_fade_h1_high_cooling_h12_tp06_sl065,-1.3132999999998902,-2.36329999999989,-3.0632999999998898,0,0,0,0,2.36329999999989,19.480000000000018,10.3599999999999,0.7268339768339812,5.509999999999991,0.032667876588033384,4.269999999999982,3.481499999999971,0.096,-1.0,,,12,3,1.0,2023
2023-01-17 12:00:00+00:00|1.0|vol_trans_fade_h1_high_cooling_h12_tp06_sl065,2023-01-17 12:00:00+00:00,STAGE28A,data/reports/stage28a_discovery_factory_batch_runner/stage28a_exact_trades.csv,volatility_transition_v1,vol_trans_fade_h1_high_cooling_h12_tp06_sl065,0.8766999999999371,-0.1733000000000628,-0.8733000000000626,0,0,0,0,0.1733000000000628,18.069999999999936,10.960000000000036,0.5875912408759154,9.029999999999973,0.5658914728682077,4.690000000000055,3.144500000000005,0.028,1.0,,,12,1,1.0,2023
2023-01-24 12:00:00+00:00|1.0|vol_trans_fade_h1_high_cooling_h12_tp06_sl065,2023-01-24 12:00:00+00:00,STAGE28A,data/reports/stage28a_discovery_factory_batch_runner/stage28a_exact_trades.csv,volatility_transition_v1,vol_trans_fade_h1_high_cooling_h12_tp06_sl065,0.8698000000000775,-0.1801999999999224,-0.8801999999999222,0,0,0,0,0.1801999999999224,24.169999999999845,6.519999999999982,0.21012269938648692,9.960000000000036,0.5672690763052051,4.269999999999982,4.543999999999983,0.524,1.0,,,12,1,1.0,2023
2023-01-31 12:00:00+00:00|1.0|vol_trans_fade_h1_high_cooling_h12_tp06_sl065,2023-01-31 12:00:00+00:00,STAGE28A,data/reports/stage28a_discovery_factory_batch_runner/stage28a_exact_trades.csv,volatility_transition_v1,vol_trans_fade_h1_high_cooling_h12_tp06_sl065,1.2306999999999788,0.180699999999979,-0.5193000000000207,1,0,1,0,0.180699999999979,13.839999999999918,8.539999999999964,0.2412177985948424,19.180000000000064,0.7987486965589214,4.8599999999999,3.763000000000011,0.076,1.0,,,12,1,1.0,2023
2023-02-01 12:00:00+00:00|1.0|vol_trans_fade_h1_high_cooling_h12_tp06_sl065,2023-02-01 12:00:00+00:00,STAGE28A,data/reports/stage28a_discovery_factory_batch_runner/stage28a_exact_trades.csv,volatility_transition_v1,vol_trans_fade_h1_high_cooling_h12_tp06_sl065,0.6805000000000746,-0.3694999999999253,-1.069499999999925,0,0,0,0,0.3694999999999253,30.279999999999973,4.25,0.3764705882353262,5.929999999999836,0.11973018549747994,2.5900000000001455,3.1814999999999714,0.004,1.0,,,12,2,2.0,2023
2023-02-07 12:00:00+00:00|-1.0|vol_trans_fade_h1_high_cooling_h12_tp06_sl065,2023-02-07 12:00:00+00:00,STAGE28A,data/reports/stage28a_discovery_factory_batch_runner/stage28a_exact_trades.csv,volatility_transition_v1,vol_trans_fade_h1_high_cooling_h12_tp06_sl065,1.1164000000000214,0.0664000000000215,-0.6335999999999782,1,0,0,0,0.0664000000000215,21.3900000000001,8.75,0.5234285714285631,6.900000000000091,0.17536231884054973,6.900000000000091,4.219999999999982,0.184,-1.0,,,12,1,2.0,2023
2023-02-09 12:00:00+00:00|1.0|vol_trans_fade_h1_high_cooling_h12_tp06_sl065,2023-02-09 12:00:00+00:00,STAGE28A,data/reports/stage28a_discovery_factory_batch_runner/stage28a_exact_trades.csv,volatility_transition_v1,vol_trans_fade_h1_high_cooling_h12_tp06_sl065,1.0210000000000945,-0.0289999999999053,-0.7289999999999051,0,0,0,0,0.0289999999999053,17.3599999999999,8.25,0.5478787878787856,9.329999999999927,0.663451232583052,5.5499999999999545,3.9744999999999893,0.108,1.0,,,12,3,2.0,2023
2023-02-13 12:00:00+00:00|1.0|vol_trans_fade_h1_high_cooling_h12_tp06_sl065,2023-02-13 12:00:00+00:00,STAGE28A,data/reports/stage28a_discovery_factory_batch_runner/stage28a_exact_trades.csv,volatility_transition_v1,vol_trans_fade_h1_high_cooling_h12_tp06_sl065,1.1601999999999406,0.1101999999999407,-0.5898000000000589,1,0,0,0,0.1101999999999407,2.6800000000000637,7.569999999999936,0.647291941875843,12.6400000000001,0.06170886075949102,7.830000000000155,4.361999999999989,0.244,1.0,,,12,0,2.0,2023
2023-02-14 12:00:00+00:00|-1.0|vol_trans_fade_h1_high_cooling_h12_tp06_sl065,2023-02-14 12:00:00+00:00,STAGE28A,data/reports/stage28a_discovery_factory_batch_runner/stage28a_exact_trades.csv,volatility_transition_v1,vol_trans_fade_h1_high_cooling_h12_tp06_sl065,-1.7322250000000623,-2.782225000000062,-3.482225000000062,0,0,0,0,2.782225000000062,16.13000000000011,6.519999999999982,0.5920245398773218,7.099999999999909,0.12394366197181592,4.439999999999827,3.581499999999994,0.056,-1.0,,,12,1,2.0,2023
2023-02-16 12:00:00+00:00|1.0|vol_trans_fade_h1_high_cooling_h12_tp06_sl065,2023-02-16 12:00:00+00:00,STAGE28A,data/reports/stage28a_discovery_factory_batch_runner/stage28a_exact_trades.csv,volatility_transition_v1,vol_trans_fade_h1_high_cooling_h12_tp06_sl065,1.12180000000003,0.0718000000000302,-0.6281999999999694,1,0,0,0,0.0718000000000302,29.50999999999999,8.169999999999845,0.3659730722154303,10.549999999999955,0.1184834123222754,5.279999999999973,4.282499999999982,0.224,1.0,,,12,3,2.0,2023
2023-02-20 12:00:00+00:00|-1.0|vol_trans_fade_h1_high_cooling_h12_tp06_sl065,2023-02-20 12:00:00+00:00,STAGE28A,data/reports/stage28a_discovery_factory_batch_runner/stage28a_exact_trades.csv,volatility_transition_v1,vol_trans_fade_h1_high_cooling_h12_tp06_sl065,0.7564000000001215,-0.2935999999998784,-0.993599999999878,0,0,0,0,0.2935999999998784,3.3700000000001182,7.559999999999945,0.5052910052910006,6.3599999999999,0.1289308176100549,2.5499999999999545,3.93599999999999,0.072,-1.0,,,12,0,2.0,2023
2023-02-21 12:00:00+00:00|-1.0|vol_trans_fade_h1_high_cooling_h12_tp06_sl065,2023-02-21 12:00:00+00:00,STAGE28A,data/reports/stage28a_discovery_factory_batch_runner/stage28a_exact_trades.csv,volatility_transition_v1,vol_trans_fade_h1_high_cooling_h12_tp06_sl065,0.9442000000000462,-0.1057999999999537,-0.8057999999999534,0,0,0,0,0.1057999999999537,10.169999999999845,6.710000000000036,0.3859910581222253,8.680000000000064,0.6831797235022803,4.370000000000118,2.7939999999999827,0.056,-1.0,,,12,1,2.0,2023
2023-02-22 12:00:00+00:00|1.0|vol_trans_fade_h1_high_cooling_h12_tp06_sl065,2023-02-22 12:00:00+00:00,STAGE28A,data/reports/stage28a_discovery_factory_batch_runner/stage28a_exact_trades.csv,volatility_transition_v1,vol_trans_fade_h1_high_cooling_h12_tp06_sl065,-1.5274749999999586,-2.5774749999999584,-3.277474999999958,0,0,0,0,2.5774749999999584,13.599999999999909,4.370000000000118,0.21967963386727926,9.069999999999936,0.34399117971335613,3.259999999999991,3.8975000000000137,0.188,1.0,,,12,2,2.0,2023
2023-02-23 12:00:00+00:00|1.0|vol_trans_fade_h1_high_cooling_h12_tp06_sl065,2023-02-23 12:00:00+00:00,STAGE28A,data/reports/stage28a_discovery_factory_batch_runner/stage28a_exact_trades.csv,volatility_transition_v1,vol_trans_fade_h1_high_cooling_h12_tp06_sl065,-1.5307249999999386,-2.5807249999999384,-3.280724999999938,0,0,0,0,2.5807249999999384,22.430000000000064,7.279999999999973,0.6565934065934053,9.3900000000001,0.3588924387646278,1.75,3.859000000000003,0.212,1.0,,,12,3,2.0,2023
2023-02-24 12:00:00+00:00|1.0|vol_trans_fade_h1_high_cooling_h12_tp06_sl065,2023-02-24 12:00:00+00:00,STAGE28A,data/reports/stage28a_discovery_factory_batch_runner/stage28a_exact_trades.csv,volatility_transition_v1,vol_trans_fade_h1_high_cooling_h12_tp06_sl065,0.8412999999999556,-0.2087000000000443,-0.908700000000044,0,0,0,0,0.2087000000000443,16.320000000000164,6.779999999999973,0.3554572271386566,6.529999999999973,0.4992343032159272,3.9700000000000273,3.582000000000005,0.144,1.0,,,12,4,2.0,2023
2023-02-27 12:00:00+00:00|1.0|vol_trans_fade_h1_high_cooling_h12_tp06_sl065,2023-02-27 12:00:00+00:00,STAGE28A,data/reports/stage28a_discovery_factory_batch_runner/stage28a_exact_trades.csv,volatility_transition_v1,vol_trans_fade_h1_high_cooling_h12_tp06_sl065,0.7197999999999866,-0.3302000000000133,-1.030200000000013,0,0,0,0,0.3302000000000133,3.119999999999891,7.599999999999909,0.32763157894737355,6.600000000000136,0.20151515151513633,2.6800000000000637,3.57349999999999,0.156,1.0,,,12,0,2.0,2023
2023-02-28 12:00:00+00:00|1.0|vol_trans_fade_h1_high_cooling_h12_tp06_sl065,2023-02-28 12:00:00+00:00,STAGE28A,data/reports/stage28a_discovery_factory_batch_runner/stage28a_exact_trades.csv,volatility_transition_v1,vol_trans_fade_h1_high_cooling_h12_tp06_sl065,-1.84369999999999,-2.8936999999999897,-3.593699999999989,0,0,0,0,2.8936999999999897,13.549999999999955,5.6099999999999,0.5008912655971877,12.400000000000091,0.438709677419356,3.4400000000000546,3.348500000000013,0.168,1.0,,,12,1,2.0,2023
2023-03-01 12:00:00+00:00|1.0|vol_trans_fade_h1_high_cooling_h12_tp06_sl065,2023-03-01 12:00:00+00:00,STAGE28A,data/reports/stage28a_discovery_factory_batch_runner/stage28a_exact_trades.csv,volatility_transition_v1,vol_trans_fade_h1_high_cooling_h12_tp06_sl065,0.9273999999999432,-0.1226000000000566,-0.8226000000000564,0,0,0,0,0.1226000000000566,26.559999999999945,8.710000000000036,0.5051664753157373,8.179999999999836,0.6002444987775003,7.559999999999945,3.9029999999999405,0.436,1.0,,,12,2,3.0,2023
2023-03-02 12:00:00+00:00|1.0|vol_trans_fade_h1_high_cooling_h12_tp06_sl065,2023-03-02 12:00:00+00:00,STAGE28A,data/reports/stage28a_discovery_factory_batch_runner/stage28a_exact_trades.csv,volatility_transition_v1,vol_trans_fade_h1_high_cooling_h12_tp06_sl065,0.8101000000000568,-0.2398999999999431,-0.9398999999999428,0,0,0,0,0.2398999999999431,21.450000000000045,7.440000000000055,0.29301075268817844,5.220000000000027,0.5363984674329387,4.190000000000055,3.603499999999997,0.26,1.0,,,12,3,3.0,2023
2023-03-03 12:00:00+00:00|-1.0|vol_trans_fade_h1_high_cooling_h12_tp06_sl065,2023-03-03 12:00:00+00:00,STAGE28A,data/reports/stage28a_discovery_factory_batch_runner/stage28a_exact_trades.csv,volatility_transition_v1,vol_trans_fade_h1_high_cooling_h12_tp06_sl065,-1.4328999999998815,-2.4828999999998813,-3.182899999999881,0,0,0,0,2.4828999999998813,8.949999999999818,6.009999999999991,0.09816971713812753,9.990000000000009,0.8508508508508501,3.259999999999991,3.120499999999981,0.124,-1.0,,,12,4,3.0,2023
2023-03-06 12:00:00+00:00|1.0|vol_trans_fade_h1_high_cooling_h12_tp06_sl065,2023-03-06 12:00:00+00:00,STAGE28A,data/reports/stage28a_discovery_factory_batch_runner/stage28a_exact_trades.csv,volatility_transition_v1,vol_trans_fade_h1_high_cooling_h12_tp06_sl065,-1.4956250000001092,-2.545625000000109,-3.245625000000109,0,0,0,0,2.545625000000109,3.290000000000191,5.690000000000055,0.2882249560632837,8.38000000000011,0.46062052505967505,4.4500000000000455,3.7245000000000346,0.5,1.0,,,12,0,3.0,2023
2023-03-07 12:00:00+00:00|1.0|vol_trans_fade_h1_high_cooling_h12_tp06_sl065,2023-03-07 12:00:00+00:00,STAGE28A,data/reports/stage28a_discovery_factory_batch_runner/stage28a_exact_trades.csv,volatility_transition_v1,vol_trans_fade_h1_high_cooling_h12_tp06_sl065,-1.455974999999944,-2.505974999999944,-3.205974999999944,0,0,0,0,2.505974999999944,13.160000000000082,6.430000000000064,0.16329704510107995,8.940000000000055,0.4798657718120735,3.6000000000001364,2.940500000000031,0.08,1.0,,,12,1,3.0,2023
2023-03-08 12:00:00+00:00|-1.0|vol_trans_fade_h1_high_cooling_h12_tp06_sl065,2023-03-08 12:00:00+00:00,STAGE28A,data/reports/stage28a_discovery_factory_batch_runner/stage28a_exact_trades.csv,volatility_transition_v1,vol_trans_fade_h1_high_cooling_h12_tp06_sl065,-1.3136250000000929,-2.3636250000000927,-3.0636250000000924,0,0,0,0,2.3636250000000927,38.899999999999864,5.070000000000164,0.4773175542406301,4.800000000000182,0.5312499999999704,2.2800000000002,3.4715000000000487,0.292,-1.0,,,12,2,3.0,2023
2023-03-09 12:00:00+00:00|1.0|vol_trans_fade_h1_high_cooling_h12_tp06_sl065,2023-03-09 12:00:00+00:00,STAGE28A,data/reports/stage28a_discovery_factory_batch_runner/stage28a_exact_trades.csv,volatility_transition_v1,vol_trans_fade_h1_high_cooling_h12_tp06_sl065,0.5644000000001143,-0.4855999999998857,-1.1855999999998854,0,0,0,0,0.4855999999998857,14.860000000000127,4.480000000000018,0.20535714285715825,6.339999999999918,0.5883280757097896,2.8799999999998818,3.18599999999999,0.208,1.0,,,12,3,3.0,2023
2023-03-10 12:00:00+00:00|1.0|vol_trans_fade_h1_high_cooling_h12_tp06_sl065,2023-03-10 12:00:00+00:00,STAGE28A,data/reports/stage28a_discovery_factory_batch_runner/stage28a_exact_trades.csv,volatility_transition_v1,vol_trans_fade_h1_high_cooling_h12_tp06_sl065,-1.7731749999999011,-2.823174999999901,-3.5231749999999007,0,0,0,0,2.823174999999901,23.679999999999836,7.129999999999882,0.25385694249649027,8.730000000000018,0.345933562428405,5.330000000000155,4.087000000000023,0.888,1.0,,,12,4,3.0,2023
2023-03-15 12:00:00+00:00|-1.0|vol_trans_fade_h1_high_cooling_h12_tp06_sl065,2023-03-15 12:00:00+00:00,STAGE28A,data/reports/stage28a_discovery_factory_batch_runner/stage28a_exact_trades.csv,volatility_transition_v1,vol_trans_fade_h1_high_cooling_h12_tp06_sl065,1.720600000000013,0.6706000000000132,-0.0293999999999865,1,0,1,0,0.6706000000000132,18.75,5.6599999999998545,0.24558303886924177,24.029999999999973,0.28381190178942756,11.990000000000009,4.520500000000004,0.696,-1.0,,,12,2,3.0,2023
2023-03-28 12:00:00+00:00|1.0|vol_trans_fade_h1_high_cooling_h12_tp06_sl065,2023-03-28 12:00:00+00:00,STAGE28A,data/reports/stage28a_discovery_factory_batch_runner/stage28a_exact_trades.csv,volatility_transition_v1,vol_trans_fade_h1_high_cooling_h12_tp06_sl065,-2.068274999999949,-3.1182749999999486,-3.818274999999948,0,0,0,1,3.1182749999999486,35.899999999999864,8.460000000000036,0.280141843971644,11.63000000000011,0.5081685296646431,6.1599999999998545,4.2409999999999854,0.004,1.0,,,12,1,3.0,2023
2023-03-29 12:00:00+00:00|-1.0|vol_trans_fade_h1_high_cooling_h12_tp06_sl065,2023-03-29 12:00:00+00:00,STAGE28A,data/reports/stage28a_discovery_factory_batch_runner/stage28a_exact_trades.csv,volatility_transition_v1,vol_trans_fade_h1_high_cooling_h12_tp06_sl065,0.9492999999999028,-0.100700000000097,-0.8007000000000968,0,0,0,0,0.100700000000097,26.100000000000136,8.519999999999982,0.7500000000000133,10.220000000000027,0.07827788649705993,3.7000000000000455,4.035500000000002,0.02,-1.0,,,12,2,3.0,2023
2023-03-30 12:00:00+00:00|-1.0|vol_trans_fade_h1_high_cooling_h12_tp06_sl065,2023-03-30 12:00:00+00:00,STAGE28A,data/reports/stage28a_discovery_factory_batch_runner/stage28a_exact_trades.csv,volatility_transition_v1,vol_trans_fade_h1_high_cooling_h12_tp06_sl065,-1.8014500000000224,-2.8514500000000225,-3.551450000000022,0,0,0,0,2.8514500000000225,15.759999999999991,9.539999999999964,0.4947589098532542,12.559999999999945,0.6162420382165639,3.619999999999891,4.312999999999965,0.088,-1.0,,,12,3,3.0,2023
2023-03-31 12:00:00+00:00|1.0|vol_trans_fade_h1_high_cooling_h12_tp06_sl065,2023-03-31 12:00:00+00:00,STAGE28A,data/reports/stage28a_discovery_factory_batch_runner/stage28a_exact_trades.csv,volatility_transition_v1,vol_trans_fade_h1_high_cooling_h12_tp06_sl065,-1.883674999999903,-2.9336749999999028,-3.6336749999999034,0,0,0,0,2.9336749999999028,28.910000000000082,5.970000000000027,0.3417085427135983,11.840000000000146,0.22972972972972922,5.520000000000209,4.092499999999961,0.096,1.0,,,12,4,3.0,2023
2023-04-04 12:00:00+00:00|1.0|vol_trans_fade_h1_high_cooling_h12_tp06_sl065,2023-04-04 12:00:00+00:00,STAGE28A,data/reports/stage28a_discovery_factory_batch_runner/stage28a_exact_trades.csv,volatility_transition_v1,vol_trans_fade_h1_high_cooling_h12_tp06_sl065,-1.7026500000000395,-2.75265000000004,-3.4526500000000397,0,0,0,0,2.75265000000004,40.72000000000003,7.680000000000064,0.7552083333333508,7.259999999999991,0.6680440771350059,3.9700000000000273,4.396500000000015,0.216,1.0,,,12,1,4.0,2023
2023-04-11 12:00:00+00:00|-1.0|vol_trans_fade_h1_high_cooling_h12_tp06_sl065,2023-04-11 12:00:00+00:00,STAGE28A,data/reports/stage28a_discovery_factory_batch_runner/stage28a_exact_trades.csv,volatility_transition_v1,vol_trans_fade_h1_high_cooling_h12_tp06_sl065,-1.698749999999882,-2.7487499999998817,-3.4487499999998814,0,0,0,0,2.7487499999998817,24.860000000000127,9.349999999999909,0.6588235294117799,10.100000000000136,0.6920792079207836,6.210000000000036,3.82199999999998,0.096,-1.0,,,12,1,4.0,2023
2023-04-12 12:00:00+00:00|1.0|vol_trans_fade_h1_high_cooling_h12_tp06_sl065,2023-04-12 12:00:00+00:00,STAGE28A,data/reports/stage28a_discovery_factory_batch_runner/stage28a_exact_trades.csv,volatility_transition_v1,vol_trans_fade_h1_high_cooling_h12_tp06_sl065,-1.715974999999935,-2.765974999999935,-3.4659749999999345,0,0,0,0,2.765974999999935,18.610000000000127,16.36999999999989,0.8173488087965912,12.539999999999964,0.4976076555023945,4.709999999999809,4.030999999999961,0.232,1.0,,,12,2,4.0,2023
2023-04-14 12:00:00+00:00|1.0|vol_trans_fade_h1_high_cooling_h12_tp06_sl065,2023-04-14 12:00:00+00:00,STAGE28A,data/reports/stage28a_discovery_factory_batch_runner/stage28a_exact_trades.csv,volatility_transition_v1,vol_trans_fade_h1_high_cooling_h12_tp06_sl065,1.1391999999999824,0.0891999999999826,-0.6108000000000171,1,0,0,0,0.0891999999999826,35.00999999999999,8.809999999999945,0.5595913734392842,14.690000000000055,0.43567052416610397,7.529999999999973,4.707000000000027,0.436,1.0,,,12,4,4.0,2023
2023-04-18 12:00:00+00:00|-1.0|vol_trans_fade_h1_high_cooling_h12_tp06_sl065,2023-04-18 12:00:00+00:00,STAGE28A,data/reports/stage28a_discovery_factory_batch_runner/stage28a_exact_trades.csv,volatility_transition_v1,vol_trans_fade_h1_high_cooling_h12_tp06_sl065,0.8773000000000138,-0.1726999999999861,-0.8726999999999858,0,0,0,0,0.1726999999999861,33.8900000000001,8.5,0.6588235294117808,8.699999999999818,0.10919540229885809,3.2100000000000364,4.388999999999965,0.228,-1.0,,,12,1,4.0,2023
2023-04-20 12:00:00+00:00|1.0|vol_trans_fade_h1_high_cooling_h12_tp06_sl065,2023-04-20 12:00:00+00:00,STAGE28A,data/reports/stage28a_discovery_factory_batch_runner/stage28a_exact_trades.csv,volatility_transition_v1,vol_trans_fade_h1_high_cooling_h12_tp06_sl065,0.977199999999948,-0.0728000000000519,-0.7728000000000517,0,0,0,0,0.0728000000000519,38.95999999999981,8.179999999999836,0.20904645476773479,9.779999999999973,0.6932515337423304,4.539999999999964,4.351500000000021,0.276,1.0,,,12,3,4.0,2023
2023-04-21 12:00:00+00:00|-1.0|vol_trans_fade_h1_high_cooling_h12_tp06_sl065,2023-04-21 12:00:00+00:00,STAGE28A,data/reports/stage28a_discovery_factory_batch_runner/stage28a_exact_trades.csv,volatility_transition_v1,vol_trans_fade_h1_high_cooling_h12_tp06_sl065,-2.4472249999999804,-3.4972249999999803,-4.19722499999998,0,0,0,1,3.4972249999999803,21.839999999999918,4.940000000000055,0.5161943319837907,20.37999999999988,0.7850834151128603,5.490000000000009,4.761000000000036,0.404,-1.0,,,12,4,4.0,2023
2023-04-27 12:00:00+00:00|1.0|vol_trans_fade_h1_high_cooling_h12_tp06_sl065,2023-04-27 12:00:00+00:00,STAGE28A,data/reports/stage28a_discovery_factory_batch_runner/stage28a_exact_trades.csv,volatility_transition_v1,vol_trans_fade_h1_high_cooling_h12_tp06_sl065,-1.8398000000000596,-2.889800000000059,-3.589800000000059,0,0,0,0,2.889800000000059,25.920000000000073,11.960000000000036,0.8127090301003342,6.400000000000091,0.44687499999997804,2.349999999999909,4.818500000000029,0.368,1.0,,,12,3,4.0,2023
2023-04-28 12:00:00+00:00|-1.0|vol_trans_fade_h1_high_cooling_h12_tp06_sl065,2023-04-28 12:00:00+00:00,STAGE28A,data/reports/stage28a_discovery_factory_batch_runner/stage28a_exact_trades.csv,volatility_transition_v1,vol_trans_fade_h1_high_cooling_h12_tp06_sl065,0.9999999999999092,-0.0500000000000908,-0.7500000000000906,0,0,0,0,0.0500000000000908,29.029999999999973,6.509999999999991,0.32872503840243866,10.569999999999936,0.5619678334909993,3.9300000000000637,4.277499999999998,0.144,-1.0,,,12,4,4.0,2023
2023-05-01 12:00:00+00:00|1.0|vol_trans_fade_h1_high_cooling_h12_tp06_sl065,2023-05-01 12:00:00+00:00,STAGE28A,data/reports/stage28a_discovery_factory_batch_runner/stage28a_exact_trades.csv,volatility_transition_v1,vol_trans_fade_h1_high_cooling_h12_tp06_sl065,-1.4475250000001323,-2.4975250000001323,-3.197525000000132,0,0,0,0,2.4975250000001323,3.2999999999999545,11.25,0.5164444444444396,9.319999999999936,0.14377682403432696,4.180000000000064,4.103000000000032,0.096,1.0,,,12,0,5.0,2023
2023-05-02 12:00:00+00:00|1.0|vol_trans_fade_h1_high_cooling_h12_tp06_sl065,2023-05-02 12:00:00+00:00,STAGE28A,data/reports/stage28a_discovery_factory_batch_runner/stage28a_exact_trades.csv,volatility_transition_v1,vol_trans_fade_h1_high_cooling_h12_tp06_sl065,-1.5109000000000834,-2.560900000000083,-3.260900000000083,0,0,0,0,2.560900000000083,28.960000000000036,4.459999999999809,0.12556053811658507,7.899999999999864,0.25949367088607467,3.8199999999999363,3.7164999999999737,0.056,1.0,,,12,1,5.0,2023
2023-05-03 12:00:00+00:00|-1.0|vol_trans_fade_h1_high_cooling_h12_tp06_sl065,2023-05-03 12:00:00+00:00,STAGE28A,data/reports/stage28a_discovery_factory_batch_runner/stage28a_exact_trades.csv,volatility_transition_v1,vol_trans_fade_h1_high_cooling_h12_tp06_sl065,-1.4069000000000416,-2.4569000000000414,-3.156900000000041,0,0,0,0,2.4569000000000414,40.909999999999854,4.5300000000002,0.6247240618101109,6.770000000000209,0.20531757754798075,2.4300000000000637,4.608499999999992,0.342,-1.0,,,12,2,5.0,2023
2023-05-08 12:00:00+00:00|-1.0|vol_trans_fade_h1_high_cooling_h12_tp06_sl065,2023-05-08 12:00:00+00:00,STAGE28A,data/reports/stage28a_discovery_factory_batch_runner/stage28a_exact_trades.csv,volatility_transition_v1,vol_trans_fade_h1_high_cooling_h12_tp06_sl065,0.5820999999999913,-0.4679000000000086,-1.1679000000000084,0,0,0,0,0.4679000000000086,3.8199999999999363,9.689999999999827,0.8926728586171329,4.629999999999882,0.12526997840176446,3.099999999999909,4.463499999999977,0.24,-1.0,,,12,0,5.0,2023
2023-05-09 12:00:00+00:00|-1.0|vol_trans_fade_h1_high_cooling_h12_tp06_sl065,2023-05-09 12:00:00+00:00,STAGE28A,data/reports/stage28a_discovery_factory_batch_runner/stage28a_exact_trades.csv,volatility_transition_v1,vol_trans_fade_h1_high_cooling_h12_tp06_sl065,0.8103999999999815,-0.2396000000000184,-0.9396000000000182,0,0,0,0,0.2396000000000184,15.129999999999882,5.400000000000091,0.4944444444444075,7.330000000000155,0.46248294679400115,4.690000000000055,3.4920000000000413,0.08,-1.0,,,12,1,5.0,2023
2023-05-10 12:00:00+00:00|1.0|vol_trans_fade_h1_high_cooling_h12_tp06_sl065,2023-05-10 12:00:00+00:00,STAGE28A,data/reports/stage28a_discovery_factory_batch_runner/stage28a_exact_trades.csv,volatility_transition_v1,vol_trans_fade_h1_high_cooling_h12_tp06_sl065,0.762100000000055,-0.287899999999945,-0.9878999999999448,0,0,0,0,0.287899999999945,18.029999999999973,7.679999999999836,0.5572916666667046,6.680000000000064,0.39371257485027794,5.559999999999945,3.5410000000000195,0.152,1.0,,,12,2,5.0,2023
2023-05-11 12:00:00+00:00|1.0|vol_trans_fade_h1_high_cooling_h12_tp06_sl065,2023-05-11 12:00:00+00:00,STAGE28A,data/reports/stage28a_discovery_factory_batch_runner/stage28a_exact_trades.csv,volatility_transition_v1,vol_trans_fade_h1_high_cooling_h12_tp06_sl065,1.0449999999999815,-0.0050000000000181,-0.7050000000000178,0,0,0,0,0.0050000000000181,26.679999999999836,7.099999999999909,0.10563380281690277,11.410000000000082,0.47414548641542886,3.7200000000000273,4.563499999999976,0.408,1.0,,,12,3,5.0,2023
2023-05-15 12:00:00+00:00|1.0|vol_trans_fade_h1_high_cooling_h12_tp06_sl065,2023-05-15 12:00:00+00:00,STAGE28A,data/reports/stage28a_discovery_factory_batch_runner/stage28a_exact_trades.csv,volatility_transition_v1,vol_trans_fade_h1_high_cooling_h12_tp06_sl065,-1.594425000000092,-2.644425000000092,-3.344425000000092,0,0,0,0,2.644425000000092,4.789999999999964,11.710000000000036,0.2613151152860748,7.720000000000027,0.3121761658031183,3.8299999999999272,4.288499999999999,0.328,1.0,,,12,0,5.0,2023
2023-05-16 12:00:00+00:00|-1.0|vol_trans_fade_h1_high_cooling_h12_tp06_sl065,2023-05-16 12:00:00+00:00,STAGE28A,data/reports/stage28a_discovery_factory_batch_runner/stage28a_exact_trades.csv,volatility_transition_v1,vol_trans_fade_h1_high_cooling_h12_tp06_sl065,0.8581000000000586,-0.1918999999999413,-0.8918999999999411,0,0,0,0,0.1918999999999413,15.009999999999991,4.600000000000136,0.21521739130434342,15.0,0.49066666666666,1.400000000000091,3.5830000000000153,0.204,-1.0,,,12,1,5.0,2023
2023-05-17 12:00:00+00:00|1.0|vol_trans_fade_h1_high_cooling_h12_tp06_sl065,2023-05-17 12:00:00+00:00,STAGE28A,data/reports/stage28a_discovery_factory_batch_runner/stage28a_exact_trades.csv,volatility_transition_v1,vol_trans_fade_h1_high_cooling_h12_tp06_sl065,-1.442975000000024,-2.492975000000024,-3.192975000000024,0,0,0,0,2.492975000000024,32.789999999999964,5.0,0.25599999999999457,8.180000000000064,0.892420537897298,3.1900000000000546,3.64050000000002,0.236,1.0,,,12,2,5.0,2023
2023-05-18 12:00:00+00:00|-1.0|vol_trans_fade_h1_high_cooling_h12_tp06_sl065,2023-05-18 12:00:00+00:00,STAGE28A,data/reports/stage28a_discovery_factory_batch_runner/stage28a_exact_trades.csv,volatility_transition_v1,vol_trans_fade_h1_high_cooling_h12_tp06_sl065,-1.7020000000000892,-2.752000000000089,-3.4520000000000888,0,0,0,0,2.752000000000089,17.950000000000045,5.4099999999998545,0.13308687615523462,10.519999999999982,0.4591254752851866,4.0,3.813000000000011,0.332,-1.0,,,12,3,5.0,2023
2023-05-19 12:00:00+00:00|1.0|vol_trans_fade_h1_high_cooling_h12_tp06_sl065,2023-05-19 12:00:00+00:00,STAGE28A,data/reports/stage28a_discovery_factory_batch_runner/stage28a_exact_trades.csv,volatility_transition_v1,vol_trans_fade_h1_high_cooling_h12_tp06_sl065,0.8989000000000488,-0.1510999999999511,-0.8510999999999509,0,0,0,0,0.1510999999999511,33.97999999999979,9.659999999999854,0.4906832298136729,8.100000000000136,0.5469135802469123,2.9400000000000546,4.0184999999999835,0.464,1.0,,,12,4,5.0,2023
2023-05-23 12:00:00+00:00|-1.0|vol_trans_fade_h1_high_cooling_h12_tp06_sl065,2023-05-23 12:00:00+00:00,STAGE28A,data/reports/stage28a_discovery_factory_batch_runner/stage28a_exact_trades.csv,volatility_transition_v1,vol_trans_fade_h1_high_cooling_h12_tp06_sl065,-1.8534499999999297,-2.9034499999999297,-3.6034499999999294,0,0,0,0,2.9034499999999297,13.670000000000073,12.319999999999936,0.6915584415584437,10.339999999999918,0.5483558994197406,6.449999999999818,4.186499999999978,0.512,-1.0,,,12,1,5.0,2023
2023-05-24 12:00:00+00:00|-1.0|vol_trans_fade_h1_high_cooling_h12_tp06_sl065,2023-05-24 12:00:00+00:00,STAGE28A,data/reports/stage28a_discovery_factory_batch_runner/stage28a_exact_trades.csv,volatility_transition_v1,vol_trans_fade_h1_high_cooling_h12_tp06_sl065,-1.922349999999915,-2.972349999999915,-3.6723499999999145,0,0,0,0,2.972349999999915,23.449999999999818,4.529999999999973,0.0883002207505223,9.820000000000164,0.036659877800396534,4.1599999999998545,4.439499999999998,0.568,-1.0,,,12,2,5.0,2023
2023-05-25 12:00:00+00:00|-1.0|vol_trans_fade_h1_high_cooling_h12_tp06_sl065,2023-05-25 12:00:00+00:00,STAGE28A,data/reports/stage28a_discovery_factory_batch_runner/stage28a_exact_trades.csv,volatility_transition_v1,vol_trans_fade_h1_high_cooling_h12_tp06_sl065,-1.5518499999999222,-2.601849999999922,-3.301849999999922,0,0,0,0,2.601849999999922,28.560000000000173,6.789999999999964,0.5729013254786629,9.850000000000136,0.39187817258884,5.5499999999999545,4.723500000000001,0.632,-1.0,,,12,3,5.0,2023
2023-05-26 12:00:00+00:00|1.0|vol_trans_fade_h1_high_cooling_h12_tp06_sl065,2023-05-26 12:00:00+00:00,STAGE28A,data/reports/stage28a_discovery_factory_batch_runner/stage28a_exact_trades.csv,volatility_transition_v1,vol_trans_fade_h1_high_cooling_h12_tp06_sl065,0.932799999999952,-0.1172000000000479,-0.8172000000000477,0,0,0,0,0.1172000000000479,25.910000000000082,12.120000000000118,0.5140264026402606,10.289999999999964,0.5053449951409197,5.3400000000001455,4.305500000000018,0.48,1.0,,,12,4,5.0,2023
2023-05-29 12:00:00+00:00|-1.0|vol_trans_fade_h1_high_cooling_h12_tp06_sl065,2023-05-29 12:00:00+00:00,STAGE28A,data/reports/stage28a_discovery_factory_batch_runner/stage28a_exact_trades.csv,volatility_transition_v1,vol_trans_fade_h1_high_cooling_h12_tp06_sl065,-1.2219750000000205,-2.2719750000000203,-2.97197500000002,0,0,0,0,2.2719750000000203,5.179999999999836,5.929999999999836,0.2698145025295414,8.11999999999989,0.0443349753694464,4.730000000000018,3.637499999999966,0.132,-1.0,,,12,0,5.0,2023
2023-05-30 12:00:00+00:00|-1.0|vol_trans_fade_h1_high_cooling_h12_tp06_sl065,2023-05-30 12:00:00+00:00,STAGE28A,data/reports/stage28a_discovery_factory_batch_runner/stage28a_exact_trades.csv,volatility_transition_v1,vol_trans_fade_h1_high_cooling_h12_tp06_sl065,-2.114750000000049,-3.164750000000049,-3.8647500000000488,0,0,0,1,3.164750000000049,9.490000000000009,7.379999999999882,0.4878048780488068,21.039999999999964,0.6416349809885943,5.189999999999827,3.275999999999988,0.124,-1.0,,,12,1,5.0,2023
2023-05-31 12:00:00+00:00|1.0|vol_trans_fade_h1_high_cooling_h12_tp06_sl065,2023-05-31 12:00:00+00:00,STAGE28A,data/reports/stage28a_discovery_factory_batch_runner/stage28a_exact_trades.csv,volatility_transition_v1,vol_trans_fade_h1_high_cooling_h12_tp06_sl065,0.9643000000000028,-0.085699999999997,-0.7856999999999967,0,0,0,0,0.085699999999997,31.529999999999973,6.8400000000001455,0.07748538011695343,10.319999999999936,0.06395348837210135,4.599999999999909,3.6590000000000034,0.192,1.0,,,12,2,5.0,2023
2023-06-01 12:00:00+00:00|-1.0|vol_trans_fade_h1_high_cooling_h12_tp06_sl065,2023-06-01 12:00:00+00:00,STAGE28A,data/reports/stage28a_discovery_factory_batch_runner/stage28a_exact_trades.csv,volatility_transition_v1,vol_trans_fade_h1_high_cooling_h12_tp06_sl065,0.7069000000000415,-0.3430999999999584,-1.0430999999999582,0,0,0,0,0.3430999999999584,21.13000000000011,5.470000000000027,0.40036563071298786,12.440000000000055,0.31511254019291224,3.4200000000000728,4.338000000000022,0.484,-1.0,,,12,3,6.0,2023
2023-06-02 12:00:00+00:00|-1.0|vol_trans_fade_h1_high_cooling_h12_tp06_sl065,2023-06-02 12:00:00+00:00,STAGE28A,data/reports/stage28a_discovery_factory_batch_runner/stage28a_exact_trades.csv,volatility_transition_v1,vol_trans_fade_h1_high_cooling_h12_tp06_sl065,-1.4887999999999466,-2.5387999999999464,-3.238799999999946,0,0,0,0,2.5387999999999464,29.720000000000027,9.389999999999873,0.55271565495209,7.849999999999909,0.2496815286624279,4.869999999999891,3.68449999999998,0.172,-1.0,,,12,4,6.0,2023
2023-06-05 12:00:00+00:00|-1.0|vol_trans_fade_h1_high_cooling_h12_tp06_sl065,2023-06-05 12:00:00+00:00,STAGE28A,data/reports/stage28a_discovery_factory_batch_runner/stage28a_exact_trades.csv,volatility_transition_v1,vol_trans_fade_h1_high_cooling_h12_tp06_sl065,0.816400000000067,-0.2335999999999329,-0.9335999999999328,0,0,0,0,0.2335999999999329,3.5399999999999636,6.1099999999999,0.2929623567921429,8.799999999999955,0.2590909090909073,5.25,4.456000000000029,0.512,-1.0,,,12,0,6.0,2023
2023-06-06 12:00:00+00:00|-1.0|vol_trans_fade_h1_high_cooling_h12_tp06_sl065,2023-06-06 12:00:00+00:00,STAGE28A,data/reports/stage28a_discovery_factory_batch_runner/stage28a_exact_trades.csv,volatility_transition_v1,vol_trans_fade_h1_high_cooling_h12_tp06_sl065,0.8682999999999993,-0.1817000000000006,-0.8817000000000004,0,0,0,0,0.1817000000000006,25.87000000000012,5.519999999999982,0.5851449275362371,6.670000000000073,0.4692653673163531,4.169999999999845,3.5699999999999705,0.136,-1.0,,,12,1,6.0,2023
2023-06-07 12:00:00+00:00|-1.0|vol_trans_fade_h1_high_cooling_h12_tp06_sl065,2023-06-07 12:00:00+00:00,STAGE28A,data/reports/stage28a_discovery_factory_batch_runner/stage28a_exact_trades.csv,volatility_transition_v1,vol_trans_fade_h1_high_cooling_h12_tp06_sl065,-1.4796999999999572,-2.529699999999957,-3.2296999999999567,0,0,0,0,2.529699999999957,11.980000000000018,3.9199999999998454,0.08673469387753356,10.009999999999991,0.11288711288712389,5.889999999999873,3.3504999999999883,0.132,-1.0,,,12,2,6.0,2023
2023-06-08 12:00:00+00:00|-1.0|vol_trans_fade_h1_high_cooling_h12_tp06_sl065,2023-06-08 12:00:00+00:00,STAGE28A,data/reports/stage28a_discovery_factory_batch_runner/stage28a_exact_trades.csv,volatility_transition_v1,vol_trans_fade_h1_high_cooling_h12_tp06_sl065,-1.5219499999999244,-2.571949999999924,-3.271949999999924,0,0,0,0,2.571949999999924,30.329999999999927,7.440000000000055,0.5349462365591383,6.319999999999936,0.011075949367078645,2.3799999999998818,4.5735000000000126,0.656,-1.0,,,12,3,6.0,2023
2023-06-09 12:00:00+00:00|1.0|vol_trans_fade_h1_high_cooling_h12_tp06_sl065,2023-06-09 12:00:00+00:00,STAGE28A,data/reports/stage28a_discovery_factory_batch_runner/stage28a_exact_trades.csv,volatility_transition_v1,vol_trans_fade_h1_high_cooling_h12_tp06_sl065,0.4335999999999785,-0.6164000000000214,-1.316400000000021,0,0,0,0,0.6164000000000214,30.90000000000009,3.25,0.7046153846153734,5.440000000000055,0.34191176470590234,2.6700000000000728,2.827000000000021,0.068,1.0,,,12,4,6.0,2023
2023-06-12 12:00:00+00:00|-1.0|vol_trans_fade_h1_high_cooling_h12_tp06_sl065,2023-06-12 12:00:00+00:00,STAGE28A,data/reports/stage28a_discovery_factory_batch_runner/stage28a_exact_trades.csv,volatility_transition_v1,vol_trans_fade_h1_high_cooling_h12_tp06_sl065,0.7213000000000648,-0.3286999999999351,-1.0286999999999349,0,0,0,0,0.3286999999999351,1.740000000000009,6.239999999999782,0.06891025641026903,9.049999999999955,0.7502762430939224,5.240000000000009,3.434999999999957,0.248,-1.0,,,12,0,6.0,2023
2023-06-13 12:00:00+00:00|-1.0|vol_trans_fade_h1_high_cooling_h12_tp06_sl065,2023-06-13 12:00:00+00:00,STAGE28A,data/reports/stage28a_discovery_factory_batch_runner/stage28a_exact_trades.csv,volatility_transition_v1,vol_trans_fade_h1_high_cooling_h12_tp06_sl065,-1.3864250000000085,-2.4364250000000083,-3.136425000000008,0,0,0,0,2.4364250000000083,17.7800000000002,6.210000000000036,0.6070853462157745,7.149999999999864,0.1706293706293777,3.1599999999998545,3.764999999999975,0.416,-1.0,,,12,1,6.0,2023
2023-06-14 12:00:00+00:00|-1.0|vol_trans_fade_h1_high_cooling_h12_tp06_sl065,2023-06-14 12:00:00+00:00,STAGE28A,data/reports/stage28a_discovery_factory_batch_runner/stage28a_exact_trades.csv,volatility_transition_v1,vol_trans_fade_h1_high_cooling_h12_tp06_sl065,-1.478400000000056,-2.528400000000056,-3.228400000000056,0,0,0,0,2.528400000000056,30.730000000000018,7.240000000000009,0.7223756906077364,7.639999999999873,0.2683246073298414,2.5100000000002183,4.04100000000002,0.568,-1.0,,,12,2,6.0,2023
2023-06-16 12:00:00+00:00|-1.0|vol_trans_fade_h1_high_cooling_h12_tp06_sl065,2023-06-16 12:00:00+00:00,STAGE28A,data/reports/stage28a_discovery_factory_batch_runner/stage28a_exact_trades.csv,volatility_transition_v1,vol_trans_fade_h1_high_cooling_h12_tp06_sl065,-1.6389500000001136,-2.6889500000001134,-3.388950000000113,0,0,0,0,2.6889500000001134,35.600000000000136,6.8900000000001,0.27576197387519064,10.069999999999936,0.7636544190665445,4.029999999999973,4.221000000000027,0.6,-1.0,,,12,4,6.0,2023
2023-06-19 12:00:00+00:00|-1.0|vol_trans_fade_h1_high_cooling_h12_tp06_sl065,2023-06-19 12:00:00+00:00,STAGE28A,data/reports/stage28a_discovery_factory_batch_runner/stage28a_exact_trades.csv,volatility_transition_v1,vol_trans_fade_h1_high_cooling_h12_tp06_sl065,0.5262999999999011,-0.5237000000000989,-1.2237000000000986,0,0,0,0,0.5237000000000989,3.0699999999999363,4.7199999999998,0.5127118644068168,8.539999999999964,0.6217798594847738,3.6799999999998363,3.65799999999997,0.304,-1.0,,,12,0,6.0,2023
2023-06-20 12:00:00+00:00|1.0|vol_trans_fade_h1_high_cooling_h12_tp06_sl065,2023-06-20 12:00:00+00:00,STAGE28A,data/reports/stage28a_discovery_factory_batch_runner/stage28a_exact_trades.csv,volatility_transition_v1,vol_trans_fade_h1_high_cooling_h12_tp06_sl065,0.7515999999999622,-0.2984000000000377,-0.9984000000000376,0,0,0,0,0.2984000000000377,10.899999999999864,9.029999999999973,0.2159468438538263,9.8900000000001,0.2517694641051551,2.7000000000000455,3.047500000000025,0.164,1.0,,,12,1,6.0,2023
2023-06-21 12:00:00+00:00|1.0|vol_trans_fade_h1_high_cooling_h12_tp06_sl065,2023-06-21 12:00:00+00:00,STAGE28A,data/reports/stage28a_discovery_factory_batch_runner/stage28a_exact_trades.csv,volatility_transition_v1,vol_trans_fade_h1_high_cooling_h12_tp06_sl065,0.7317999999999302,-0.3182000000000697,-1.0182000000000695,0,0,0,0,0.3182000000000697,26.99000000000001,4.149999999999864,0.10843373493977355,6.149999999999864,0.6065040650406668,2.2999999999999545,3.3879999999999653,0.256,1.0,,,12,2,6.0,2023
2023-06-22 12:00:00+00:00|1.0|vol_trans_fade_h1_high_cooling_h12_tp06_sl065,2023-06-22 12:00:00+00:00,STAGE28A,data/reports/stage28a_discovery_factory_batch_runner/stage28a_exact_trades.csv,volatility_transition_v1,vol_trans_fade_h1_high_cooling_h12_tp06_sl065,0.8583999999999833,-0.1916000000000166,-0.8916000000000164,0,0,0,0,0.1916000000000166,20.25,3.459999999999809,0.2687861271676633,8.180000000000064,0.46210268948654565,6.539999999999964,3.8329999999999815,0.464,1.0,,,12,3,6.0,2023
2023-06-23 12:00:00+00:00|1.0|vol_trans_fade_h1_high_cooling_h12_tp06_sl065,2023-06-23 12:00:00+00:00,STAGE28A,data/reports/stage28a_discovery_factory_batch_runner/stage28a_exact_trades.csv,volatility_transition_v1,vol_trans_fade_h1_high_cooling_h12_tp06_sl065,0.8370999999998731,-0.2129000000001268,-0.9129000000001266,0,0,0,0,0.2129000000001268,22.579999999999927,6.009999999999991,0.21630615640598277,7.990000000000009,0.6958698372966131,2.980000000000018,3.7489999999999895,0.424,1.0,,,12,4,6.0,2023
2023-06-26 12:00:00+00:00|-1.0|vol_trans_fade_h1_high_cooling_h12_tp06_sl065,2023-06-26 12:00:00+00:00,STAGE28A,data/reports/stage28a_discovery_factory_batch_runner/stage28a_exact_trades.csv,volatility_transition_v1,vol_trans_fade_h1_high_cooling_h12_tp06_sl065,0.70600000000004,-0.3439999999999599,-1.0439999999999596,0,0,0,0,0.3439999999999599,3.490000000000009,5.870000000000118,0.12776831345825979,11.200000000000045,0.3928571428571494,4.430000000000064,3.8724999999999907,0.448,-1.0,,,12,0,6.0,2023
2023-06-27 12:00:00+00:00|1.0|vol_trans_fade_h1_high_cooling_h12_tp06_sl065,2023-06-27 12:00:00+00:00,STAGE28A,data/reports/stage28a_discovery_factory_batch_runner/stage28a_exact_trades.csv,volatility_transition_v1,vol_trans_fade_h1_high_cooling_h12_tp06_sl065,-1.3747249999999895,-2.4247249999999894,-3.124724999999989,0,0,0,0,2.4247249999999894,11.819999999999936,9.349999999999909,0.4064171122994643,5.9500000000000455,0.724369747899145,4.4500000000000455,3.4095000000000026,0.228,1.0,,,12,1,6.0,2023
2023-06-28 12:00:00+00:00|1.0|vol_trans_fade_h1_high_cooling_h12_tp06_sl065,2023-06-28 12:00:00+00:00,STAGE28A,data/reports/stage28a_discovery_factory_batch_runner/stage28a_exact_trades.csv,volatility_transition_v1,vol_trans_fade_h1_high_cooling_h12_tp06_sl065,-1.3851250000001074,-2.4351250000001072,-3.135125000000107,0,0,0,0,2.4351250000001072,19.659999999999854,3.949999999999818,0.05822784810127311,9.480000000000018,0.8280590717299466,3.3599999999999,3.550500000000022,0.312,1.0,,,12,2,6.0,2023
2023-06-29 12:00:00+00:00|-1.0|vol_trans_fade_h1_high_cooling_h12_tp06_sl065,2023-06-29 12:00:00+00:00,STAGE28A,data/reports/stage28a_discovery_factory_batch_runner/stage28a_exact_trades.csv,volatility_transition_v1,vol_trans_fade_h1_high_cooling_h12_tp06_sl065,-1.477424999999903,-2.5274249999999028,-3.2274249999999025,0,0,0,0,2.5274249999999028,14.339999999999918,10.029999999999973,0.4386839481555437,5.619999999999891,0.03914590747331522,3.6299999999998818,3.4644999999999984,0.316,-1.0,,,12,3,6.0,2023
2023-06-30 12:00:00+00:00|1.0|vol_trans_fade_h1_high_cooling_h12_tp06_sl065,2023-06-30 12:00:00+00:00,STAGE28A,data/reports/stage28a_discovery_factory_batch_runner/stage28a_exact_trades.csv,volatility_transition_v1,vol_trans_fade_h1_high_cooling_h12_tp06_sl065,0.6034000000001015,-0.4465999999998984,-1.146599999999898,0,0,0,0,0.4465999999998984,20.1099999999999,2.660000000000082,0.037593984962456146,9.329999999999927,0.33976420150054637,5.009999999999991,3.291999999999973,0.236,1.0,,,12,4,6.0,2023
2023-07-03 12:00:00+00:00|1.0|vol_trans_fade_h1_high_cooling_h12_tp06_sl065,2023-07-03 12:00:00+00:00,STAGE28A,data/reports/stage28a_discovery_factory_batch_runner/stage28a_exact_trades.csv,volatility_transition_v1,vol_trans_fade_h1_high_cooling_h12_tp06_sl065,-1.4543500000000678,-2.504350000000068,-3.2043500000000678,0,0,0,0,2.504350000000068,1.1800000000000637,4.940000000000055,0.18825910931170567,10.5,0.4961904761904797,3.3299999999999272,3.2539999999999965,0.224,1.0,,,12,0,7.0,2023
2023-07-04 12:00:00+00:00|-1.0|vol_trans_fade_h1_high_cooling_h12_tp06_sl065,2023-07-04 12:00:00+00:00,STAGE28A,data/reports/stage28a_discovery_factory_batch_runner/stage28a_exact_trades.csv,volatility_transition_v1,vol_trans_fade_h1_high_cooling_h12_tp06_sl065,0.4369000000000597,-0.6130999999999402,-1.31309999999994,0,0,0,0,0.6130999999999402,20.950000000000045,3.6399999999998727,0.4807692307692476,7.9099999999998545,0.8609355246523765,3.0699999999999363,2.6360000000000015,0.012,-1.0,,,12,1,7.0,2023
2023-07-05 12:00:00+00:00|1.0|vol_trans_fade_h1_high_cooling_h12_tp06_sl065,2023-07-05 12:00:00+00:00,STAGE28A,data/reports/stage28a_discovery_factory_batch_runner/stage28a_exact_trades.csv,volatility_transition_v1,vol_trans_fade_h1_high_cooling_h12_tp06_sl065,-1.2782000000000608,-2.3282000000000607,-3.0282000000000604,0,0,0,0,2.3282000000000607,10.940000000000055,3.9700000000000273,0.42821158690177175,8.25,0.5624242424242546,2.9200000000000728,2.435000000000025,0.092,1.0,,,12,2,7.0,2023
2023-07-06 12:00:00+00:00|1.0|vol_trans_fade_h1_high_cooling_h12_tp06_sl065,2023-07-06 12:00:00+00:00,STAGE28A,data/reports/stage28a_discovery_factory_batch_runner/stage28a_exact_trades.csv,volatility_transition_v1,vol_trans_fade_h1_high_cooling_h12_tp06_sl065,0.4576000000000931,-0.5923999999999068,-1.2923999999999063,0,0,0,0,0.5923999999999068,20.289999999999964,5.2000000000000455,0.3557692307692102,5.379999999999882,0.15055762081783702,3.660000000000082,3.276999999999987,0.276,1.0,,,12,3,7.0,2023
2023-07-07 12:00:00+00:00|-1.0|vol_trans_fade_h1_high_cooling_h12_tp06_sl065,2023-07-07 12:00:00+00:00,STAGE28A,data/reports/stage28a_discovery_factory_batch_runner/stage28a_exact_trades.csv,volatility_transition_v1,vol_trans_fade_h1_high_cooling_h12_tp06_sl065,-1.2287999999999557,-2.2787999999999555,-2.9787999999999557,0,0,0,0,2.2787999999999555,24.910000000000082,2.8099999999999454,0.049822064056895154,6.5499999999999545,0.7709923664122121,2.4300000000000637,2.966000000000008,0.184,-1.0,,,12,4,7.0,2023
2023-07-10 12:00:00+00:00|-1.0|vol_trans_fade_h1_high_cooling_h12_tp06_sl065,2023-07-10 12:00:00+00:00,STAGE28A,data/reports/stage28a_discovery_factory_batch_runner/stage28a_exact_trades.csv,volatility_transition_v1,vol_trans_fade_h1_high_cooling_h12_tp06_sl065,-1.273000000000002,-2.3230000000000017,-3.023000000000001,0,0,0,0,2.3230000000000017,4.289999999999964,5.559999999999945,0.3992805755395772,6.920000000000073,0.0765895953757178,2.9400000000000546,4.028499999999997,0.76,-1.0,,,12,0,7.0,2023
2023-07-11 12:00:00+00:00|-1.0|vol_trans_fade_h1_high_cooling_h12_tp06_sl065,2023-07-11 12:00:00+00:00,STAGE28A,data/reports/stage28a_discovery_factory_batch_runner/stage28a_exact_trades.csv,volatility_transition_v1,vol_trans_fade_h1_high_cooling_h12_tp06_sl065,0.9271000000000186,-0.1228999999999813,-0.8228999999999811,0,0,0,0,0.1228999999999813,15.459999999999809,4.690000000000055,0.3432835820895754,11.970000000000027,0.9598997493734321,5.389999999999873,3.3870000000000005,0.412,-1.0,,,12,1,7.0,2023
2023-07-12 12:00:00+00:00|-1.0|vol_trans_fade_h1_high_cooling_h12_tp06_sl065,2023-07-12 12:00:00+00:00,STAGE28A,data/reports/stage28a_discovery_factory_batch_runner/stage28a_exact_trades.csv,volatility_transition_v1,vol_trans_fade_h1_high_cooling_h12_tp06_sl065,-1.296725000000015,-2.346725000000015,-3.0467250000000146,0,0,0,0,2.346725000000015,14.170000000000073,8.88000000000011,0.5833333333333334,6.5,0.4799999999999832,2.769999999999982,2.596000000000015,0.132,-1.0,,,12,2,7.0,2023
2023-07-13 12:00:00+00:00|1.0|vol_trans_fade_h1_high_cooling_h12_tp06_sl065,2023-07-13 12:00:00+00:00,STAGE28A,data/reports/stage28a_discovery_factory_batch_runner/stage28a_exact_trades.csv,volatility_transition_v1,vol_trans_fade_h1_high_cooling_h12_tp06_sl065,0.8574999999999818,-0.1925000000000181,-0.8925000000000178,0,0,0,0,0.1925000000000181,27.560000000000173,6.690000000000055,0.38415545590432215,8.11999999999989,0.035714285714281716,2.589999999999918,3.8634999999999993,0.708,1.0,,,12,3,7.0,2023
2023-07-14 12:00:00+00:00|1.0|vol_trans_fade_h1_high_cooling_h12_tp06_sl065,2023-07-14 12:00:00+00:00,STAGE28A,data/reports/stage28a_discovery_factory_batch_runner/stage28a_exact_trades.csv,volatility_transition_v1,vol_trans_fade_h1_high_cooling_h12_tp06_sl065,-1.4198999999999615,-2.4698999999999613,-3.169899999999961,0,0,0,0,2.4698999999999613,11.190000000000055,5.370000000000118,0.4897579143388871,8.259999999999991,0.7990314769975686,2.540000000000191,2.9980000000000246,0.24,1.0,,,12,4,7.0,2023
2023-07-17 12:00:00+00:00|-1.0|vol_trans_fade_h1_high_cooling_h12_tp06_sl065,2023-07-17 12:00:00+00:00,STAGE28A,data/reports/stage28a_discovery_factory_batch_runner/stage28a_exact_trades.csv,volatility_transition_v1,vol_trans_fade_h1_high_cooling_h12_tp06_sl065,-1.4731999999999972,-2.523199999999997,-3.2231999999999967,0,0,0,0,2.523199999999997,2.8300000000001546,4.990000000000009,0.1923847695390851,8.600000000000136,0.7697674418604666,5.5,3.594999999999982,0.596,-1.0,,,12,0,7.0,2023
2023-07-18 12:00:00+00:00|-1.0|vol_trans_fade_h1_high_cooling_h12_tp06_sl065,2023-07-18 12:00:00+00:00,STAGE28A,data/reports/stage28a_discovery_factory_batch_runner/stage28a_exact_trades.csv,volatility_transition_v1,vol_trans_fade_h1_high_cooling_h12_tp06_sl065,0.5854000000000724,-0.4645999999999275,-1.1645999999999272,0,0,0,0,0.4645999999999275,14.089999999999918,6.839999999999918,0.7046783625730986,6.329999999999927,0.513428120063197,2.5,2.645000000000016,0.152,-1.0,,,12,1,7.0,2023
2023-07-19 12:00:00+00:00|1.0|vol_trans_fade_h1_high_cooling_h12_tp06_sl065,2023-07-19 12:00:00+00:00,STAGE28A,data/reports/stage28a_discovery_factory_batch_runner/stage28a_exact_trades.csv,volatility_transition_v1,vol_trans_fade_h1_high_cooling_h12_tp06_sl065,-1.4904250000000503,-2.54042500000005,-3.24042500000005,0,0,0,0,2.54042500000005,30.559999999999945,4.790000000000191,0.6847599164926601,7.9500000000000455,0.21509433962264485,1.9099999999998545,3.7074999999999934,0.612,1.0,,,12,2,7.0,2023
2023-07-20 12:00:00+00:00|-1.0|vol_trans_fade_h1_high_cooling_h12_tp06_sl065,2023-07-20 12:00:00+00:00,STAGE28A,data/reports/stage28a_discovery_factory_batch_runner/stage28a_exact_trades.csv,volatility_transition_v1,vol_trans_fade_h1_high_cooling_h12_tp06_sl065,-1.6109999999999671,-2.660999999999967,-3.360999999999967,0,0,0,0,2.660999999999967,11.170000000000073,11.850000000000136,0.6607594936708915,7.610000000000127,0.5611038107753138,5.690000000000055,3.4020000000000437,0.356,-1.0,,,12,3,7.0,2023
2023-07-21 12:00:00+00:00|1.0|vol_trans_fade_h1_high_cooling_h12_tp06_sl065,2023-07-21 12:00:00+00:00,STAGE28A,data/reports/stage28a_discovery_factory_batch_runner/stage28a_exact_trades.csv,volatility_transition_v1,vol_trans_fade_h1_high_cooling_h12_tp06_sl065,0.6954999999999473,-0.3545000000000526,-1.0545000000000524,0,0,0,0,0.3545000000000526,22.090000000000146,3.8600000000001273,0.0984455958548884,11.100000000000136,0.5630630630630561,4.170000000000073,3.352499999999998,0.304,1.0,,,12,4,7.0,2023
2023-07-24 12:00:00+00:00|1.0|vol_trans_fade_h1_high_cooling_h12_tp06_sl065,2023-07-24 12:00:00+00:00,STAGE28A,data/reports/stage28a_discovery_factory_batch_runner/stage28a_exact_trades.csv,volatility_transition_v1,vol_trans_fade_h1_high_cooling_h12_tp06_sl065,-1.541775000000007,-2.591775000000007,-3.2917750000000066,0,0,0,0,2.591775000000007,2.3999999999998636,3.759999999999991,0.4840425531914736,8.310000000000173,0.6413959085439283,4.519999999999982,3.1549999999999727,0.188,1.0,,,12,0,7.0,2023
2023-07-25 12:00:00+00:00|-1.0|vol_trans_fade_h1_high_cooling_h12_tp06_sl065,2023-07-25 12:00:00+00:00,STAGE28A,data/reports/stage28a_discovery_factory_batch_runner/stage28a_exact_trades.csv,volatility_transition_v1,vol_trans_fade_h1_high_cooling_h12_tp06_sl065,0.7242999999999938,-0.3257000000000061,-1.0257000000000058,0,0,0,0,0.3257000000000061,14.429999999999836,10.349999999999909,0.6434782608695568,4.730000000000018,0.12262156448201375,4.0,3.1965000000000146,0.244,-1.0,,,12,1,7.0,2023
2023-07-26 12:00:00+00:00|-1.0|vol_trans_fade_h1_high_cooling_h12_tp06_sl065,2023-07-26 12:00:00+00:00,STAGE28A,data/reports/stage28a_discovery_factory_batch_runner/stage28a_exact_trades.csv,volatility_transition_v1,vol_trans_fade_h1_high_cooling_h12_tp06_sl065,0.5110000000001037,-0.5389999999998962,-1.238999999999896,0,0,0,0,0.5389999999998962,14.290000000000191,4.230000000000018,0.14184397163118356,10.13000000000011,0.7423494570582331,2.380000000000109,2.991500000000008,0.148,-1.0,,,12,2,7.0,2023
2023-07-27 12:00:00+00:00|1.0|vol_trans_fade_h1_high_cooling_h12_tp06_sl065,2023-07-27 12:00:00+00:00,STAGE28A,data/reports/stage28a_discovery_factory_batch_runner/stage28a_exact_trades.csv,volatility_transition_v1,vol_trans_fade_h1_high_cooling_h12_tp06_sl065,-1.6064500000000863,-2.656450000000086,-3.356450000000086,0,0,0,0,2.656450000000086,16.339999999999918,11.230000000000018,0.40783615316118854,8.529999999999973,0.30480656506449527,5.329999999999927,4.56949999999996,0.996,1.0,,,12,3,7.0,2023
2023-07-28 12:00:00+00:00|1.0|vol_trans_fade_h1_high_cooling_h12_tp06_sl065,2023-07-28 12:00:00+00:00,STAGE28A,data/reports/stage28a_discovery_factory_batch_runner/stage28a_exact_trades.csv,volatility_transition_v1,vol_trans_fade_h1_high_cooling_h12_tp06_sl065,0.9108999999999924,-0.1391000000000075,-0.8391000000000073,0,0,0,0,0.1391000000000075,39.559999999999945,9.389999999999873,0.7816826411075873,8.8900000000001,0.2598425196850303,2.6100000000001273,4.498500000000002,0.904,1.0,,,12,4,7.0,2023
2023-07-31 12:00:00+00:00|1.0|vol_trans_fade_h1_high_cooling_h12_tp06_sl065,2023-07-31 12:00:00+00:00,STAGE28A,data/reports/stage28a_discovery_factory_batch_runner/stage28a_exact_trades.csv,volatility_transition_v1,vol_trans_fade_h1_high_cooling_h12_tp06_sl065,0.6030999999999495,-0.4469000000000505,-1.1469000000000502,0,0,0,0,0.4469000000000505,2.269999999999982,6.829999999999927,0.806734992679363,6.0499999999999545,0.3884297520661036,4.789999999999964,3.178000000000054,0.168,1.0,,,12,0,7.0,2023
2023-08-01 12:00:00+00:00|-1.0|vol_trans_fade_h1_high_cooling_h12_tp06_sl065,2023-08-01 12:00:00+00:00,STAGE28A,data/reports/stage28a_discovery_factory_batch_runner/stage28a_exact_trades.csv,volatility_transition_v1,vol_trans_fade_h1_high_cooling_h12_tp06_sl065,-1.3477499999999965,-2.3977499999999963,-3.097749999999996,0,0,0,0,2.3977499999999963,21.22999999999979,7.0,0.4914285714285792,7.980000000000018,0.6741854636591316,2.5599999999999454,3.1485000000000127,0.164,-1.0,,,12,1,8.0,2023
2023-08-02 12:00:00+00:00|-1.0|vol_trans_fade_h1_high_cooling_h12_tp06_sl065,2023-08-02 12:00:00+00:00,STAGE28A,data/reports/stage28a_discovery_factory_batch_runner/stage28a_exact_trades.csv,volatility_transition_v1,vol_trans_fade_h1_high_cooling_h12_tp06_sl065,0.6442000000000917,-0.4057999999999082,-1.105799999999908,0,0,0,0,0.4057999999999082,24.850000000000136,8.789999999999964,0.2104664391353975,6.620000000000118,0.055891238670711725,3.519999999999982,3.4915000000000305,0.36,-1.0,,,12,2,8.0,2023
2023-08-03 12:00:00+00:00|-1.0|vol_trans_fade_h1_high_cooling_h12_tp06_sl065,2023-08-03 12:00:00+00:00,STAGE28A,data/reports/stage28a_discovery_factory_batch_runner/stage28a_exact_trades.csv,volatility_transition_v1,vol_trans_fade_h1_high_cooling_h12_tp06_sl065,0.8565999999999804,-0.1934000000000195,-0.8934000000000193,0,0,0,0,0.1934000000000195,21.810000000000173,5.089999999999918,0.17681728880154776,7.5,0.15333333333331514,3.6900000000000546,3.4054999999999835,0.292,-1.0,,,12,3,8.0,2023
2023-08-04 12:00:00+00:00|1.0|vol_trans_fade_h1_high_cooling_h12_tp06_sl065,2023-08-04 12:00:00+00:00,STAGE28A,data/reports/stage28a_discovery_factory_batch_runner/stage28a_exact_trades.csv,volatility_transition_v1,vol_trans_fade_h1_high_cooling_h12_tp06_sl065,-1.3308499999999186,-2.3808499999999184,-3.080849999999918,0,0,0,0,2.3808499999999184,9.400000000000091,4.379999999999882,0.052511415525119724,5.3599999999999,0.3264925373134389,1.5499999999999545,2.9695000000000165,0.084,1.0,,,12,4,8.0,2023
2023-08-07 12:00:00+00:00|1.0|vol_trans_fade_h1_high_cooling_h12_tp06_sl065,2023-08-07 12:00:00+00:00,STAGE28A,data/reports/stage28a_discovery_factory_batch_runner/stage28a_exact_trades.csv,volatility_transition_v1,vol_trans_fade_h1_high_cooling_h12_tp06_sl065,-1.3383250000000315,-2.388325000000032,-3.0883250000000317,0,0,0,0,2.388325000000032,4.6400000000001,8.450000000000045,0.5254437869822521,5.220000000000027,0.9501915708812281,2.3400000000001455,3.22349999999999,0.192,1.0,,,12,0,8.0,2023
2023-08-08 12:00:00+00:00|-1.0|vol_trans_fade_h1_high_cooling_h12_tp06_sl065,2023-08-08 12:00:00+00:00,STAGE28A,data/reports/stage28a_discovery_factory_batch_runner/stage28a_exact_trades.csv,volatility_transition_v1,vol_trans_fade_h1_high_cooling_h12_tp06_sl065,-1.343850000000066,-2.3938500000000658,-3.093850000000065,0,0,0,0,2.3938500000000658,15.170000000000073,6.919999999999845,0.42774566473986636,5.420000000000073,0.3487084870848427,4.539999999999964,3.052500000000009,0.144,-1.0,,,12,1,8.0,2023
2023-08-09 12:00:00+00:00|1.0|vol_trans_fade_h1_high_cooling_h12_tp06_sl065,2023-08-09 12:00:00+00:00,STAGE28A,data/reports/stage28a_discovery_factory_batch_runner/stage28a_exact_trades.csv,volatility_transition_v1,vol_trans_fade_h1_high_cooling_h12_tp06_sl065,-1.21482500000011,-2.26482500000011,-2.964825000000109,0,0,0,0,2.26482500000011,15.22999999999979,6.5900000000001455,0.7799696509863409,6.440000000000055,0.6024844720497012,3.2799999999999727,2.73900000000001,0.044,1.0,,,12,2,8.0,2023
2023-08-10 12:00:00+00:00|-1.0|vol_trans_fade_h1_high_cooling_h12_tp06_sl065,2023-08-10 12:00:00+00:00,STAGE28A,data/reports/stage28a_discovery_factory_batch_runner/stage28a_exact_trades.csv,volatility_transition_v1,vol_trans_fade_h1_high_cooling_h12_tp06_sl065,-1.3542499999999564,-2.4042499999999563,-3.104249999999956,0,0,0,0,2.4042499999999563,18.330000000000155,4.660000000000082,0.5021459227467547,6.099999999999909,0.377049180327867,2.6099999999999,2.8049999999999953,0.092,-1.0,,,12,3,8.0,2023
2023-08-11 12:00:00+00:00|-1.0|vol_trans_fade_h1_high_cooling_h12_tp06_sl065,2023-08-11 12:00:00+00:00,STAGE28A,data/reports/stage28a_discovery_factory_batch_runner/stage28a_exact_trades.csv,volatility_transition_v1,vol_trans_fade_h1_high_cooling_h12_tp06_sl065,-1.1501500000000306,-2.2001500000000305,-2.90015000000003,0,0,0,0,2.2001500000000305,17.99000000000001,5.129999999999882,0.3781676413255554,7.240000000000009,0.46685082872926487,3.240000000000009,3.4129999999999883,0.408,-1.0,,,12,4,8.0,2023
2023-08-14 12:00:00+00:00|1.0|vol_trans_fade_h1_high_cooling_h12_tp06_sl065,2023-08-14 12:00:00+00:00,STAGE28A,data/reports/stage28a_discovery_factory_batch_runner/stage28a_exact_trades.csv,volatility_transition_v1,vol_trans_fade_h1_high_cooling_h12_tp06_sl065,-1.2359500000000936,-2.2859500000000934,-2.985950000000093,0,0,0,0,2.2859500000000934,2.990000000000009,5.099999999999909,0.18235294117648632,5.559999999999945,0.24280575539566948,2.3599999999999,2.8954999999999926,0.172,1.0,,,12,0,8.0,2023
2023-08-15 12:00:00+00:00|1.0|vol_trans_fade_h1_high_cooling_h12_tp06_sl065,2023-08-15 12:00:00+00:00,STAGE28A,data/reports/stage28a_discovery_factory_batch_runner/stage28a_exact_trades.csv,volatility_transition_v1,vol_trans_fade_h1_high_cooling_h12_tp06_sl065,0.4471000000000004,-0.6028999999999995,-1.3028999999999993,0,0,0,0,0.6028999999999995,13.519999999999982,4.5,0.015555555555541408,4.460000000000036,0.5874439461883625,2.1299999999998818,3.0140000000000216,0.288,1.0,,,12,1,8.0,2023
2023-08-16 12:00:00+00:00|-1.0|vol_trans_fade_h1_high_cooling_h12_tp06_sl065,2023-08-16 12:00:00+00:00,STAGE28A,data/reports/stage28a_discovery_factory_batch_runner/stage28a_exact_trades.csv,volatility_transition_v1,vol_trans_fade_h1_high_cooling_h12_tp06_sl065,0.3402999999999793,-0.7097000000000206,-1.4097000000000204,0,0,0,0,0.7097000000000206,15.230000000000018,5.009999999999991,0.5209580838323616,4.4500000000000455,0.45168539325842033,2.269999999999982,2.9440000000000053,0.22,-1.0,,,12,2,8.0,2023
2023-08-17 12:00:00+00:00|1.0|vol_trans_fade_h1_high_cooling_h12_tp06_sl065,2023-08-17 12:00:00+00:00,STAGE28A,data/reports/stage28a_discovery_factory_batch_runner/stage28a_exact_trades.csv,volatility_transition_v1,vol_trans_fade_h1_high_cooling_h12_tp06_sl065,0.3580000000000837,-0.6919999999999162,-1.391999999999916,0,0,0,0,0.6919999999999162,15.420000000000073,5.419999999999845,0.30442804428046827,5.570000000000164,0.45960502692995875,2.689999999999827,2.992000000000007,0.344,1.0,,,12,3,8.0,2023
2023-08-18 12:00:00+00:00|1.0|vol_trans_fade_h1_high_cooling_h12_tp06_sl065,2023-08-18 12:00:00+00:00,STAGE28A,data/reports/stage28a_discovery_factory_batch_runner/stage28a_exact_trades.csv,volatility_transition_v1,vol_trans_fade_h1_high_cooling_h12_tp06_sl065,0.3819999999999709,-0.668000000000029,-1.3680000000000287,0,0,0,0,0.668000000000029,18.539999999999964,6.210000000000036,0.4541062801932238,2.9199999999998454,0.04452054794516735,2.1900000000000546,2.9649999999999865,0.312,1.0,,,12,4,8.0,2023
2023-08-21 12:00:00+00:00|-1.0|vol_trans_fade_h1_high_cooling_h12_tp06_sl065,2023-08-21 12:00:00+00:00,STAGE28A,data/reports/stage28a_discovery_factory_batch_runner/stage28a_exact_trades.csv,volatility_transition_v1,vol_trans_fade_h1_high_cooling_h12_tp06_sl065,-1.274299999999903,-2.3242999999999028,-3.0242999999999025,0,0,0,0,2.3242999999999028,2.060000000000173,8.830000000000155,0.15288788221971833,6.619999999999891,0.32326283987917453,1.8599999999999,3.2295000000000185,0.632,-1.0,,,12,0,8.0,2023
2023-08-22 12:00:00+00:00|1.0|vol_trans_fade_h1_high_cooling_h12_tp06_sl065,2023-08-22 12:00:00+00:00,STAGE28A,data/reports/stage28a_discovery_factory_batch_runner/stage28a_exact_trades.csv,volatility_transition_v1,vol_trans_fade_h1_high_cooling_h12_tp06_sl065,0.6019000000000233,-0.4480999999999766,-1.1480999999999764,0,0,0,0,0.4480999999999766,14.160000000000082,3.6100000000001273,0.2576177285318645,9.980000000000018,0.6863727454909716,3.939999999999827,3.1185000000000285,0.544,1.0,,,12,1,8.0,2023
2023-08-23 12:00:00+00:00|-1.0|vol_trans_fade_h1_high_cooling_h12_tp06_sl065,2023-08-23 12:00:00+00:00,STAGE28A,data/reports/stage28a_discovery_factory_batch_runner/stage28a_exact_trades.csv,volatility_transition_v1,vol_trans_fade_h1_high_cooling_h12_tp06_sl065,0.5275000000000546,-0.5224999999999453,-1.222499999999945,0,0,0,0,0.5224999999999453,15.450000000000045,5.879999999999882,0.6309523809523998,4.910000000000082,0.25050916496944964,2.0,2.411000000000024,0.056,-1.0,,,12,2,8.0,2023
2023-08-24 12:00:00+00:00|-1.0|vol_trans_fade_h1_high_cooling_h12_tp06_sl065,2023-08-24 12:00:00+00:00,STAGE28A,data/reports/stage28a_discovery_factory_batch_runner/stage28a_exact_trades.csv,volatility_transition_v1,vol_trans_fade_h1_high_cooling_h12_tp06_sl065,0.5469999999999345,-0.5030000000000654,-1.2030000000000651,0,0,0,0,0.5030000000000654,23.429999999999836,6.710000000000036,0.5722801788375744,3.6400000000001,0.36263736263739765,2.480000000000018,2.926999999999964,0.308,-1.0,,,12,3,8.0,2023
2023-08-25 12:00:00+00:00|-1.0|vol_trans_fade_h1_high_cooling_h12_tp06_sl065,2023-08-25 12:00:00+00:00,STAGE28A,data/reports/stage28a_discovery_factory_batch_runner/stage28a_exact_trades.csv,volatility_transition_v1,vol_trans_fade_h1_high_cooling_h12_tp06_sl065,0.4276000000001204,-0.6223999999998795,-1.3223999999998792,0,0,0,0,0.6223999999998795,11.639999999999873,4.470000000000027,0.7919463087248192,5.199999999999818,0.5307692307692475,2.1599999999998545,2.415000000000009,0.072,-1.0,,,12,4,8.0,2023
2023-08-28 12:00:00+00:00|-1.0|vol_trans_fade_h1_high_cooling_h12_tp06_sl065,2023-08-28 12:00:00+00:00,STAGE28A,data/reports/stage28a_discovery_factory_batch_runner/stage28a_exact_trades.csv,volatility_transition_v1,vol_trans_fade_h1_high_cooling_h12_tp06_sl065,0.3598000000000866,-0.6901999999999133,-1.390199999999913,0,0,0,0,0.6901999999999133,1.490000000000009,3.0700000000001637,0.4364820846905038,4.259999999999991,0.5023474178403468,1.7800000000002,3.2365000000000124,0.664,-1.0,,,12,0,8.0,2023
2023-08-29 12:00:00+00:00|1.0|vol_trans_fade_h1_high_cooling_h12_tp06_sl065,2023-08-29 12:00:00+00:00,STAGE28A,data/reports/stage28a_discovery_factory_batch_runner/stage28a_exact_trades.csv,volatility_transition_v1,vol_trans_fade_h1_high_cooling_h12_tp06_sl065,-1.091649999999936,-2.141649999999936,-2.841649999999936,0,0,0,0,2.141649999999936,13.430000000000064,6.25,0.7584000000000014,3.9300000000000637,0.2646310432569839,2.009999999999991,2.5430000000000517,0.16,1.0,,,12,1,8.0,2023
2023-08-30 12:00:00+00:00|-1.0|vol_trans_fade_h1_high_cooling_h12_tp06_sl065,2023-08-30 12:00:00+00:00,STAGE28A,data/reports/stage28a_discovery_factory_batch_runner/stage28a_exact_trades.csv,volatility_transition_v1,vol_trans_fade_h1_high_cooling_h12_tp06_sl065,-1.0360750000000736,-2.0860750000000734,-2.786075000000073,0,0,0,0,2.0860750000000734,23.829999999999927,2.2799999999999727,0.17543859649127005,3.75,0.3466666666666545,1.4700000000000273,2.627999999999986,0.236,-1.0,,,12,2,8.0,2023
2023-08-31 12:00:00+00:00|1.0|vol_trans_fade_h1_high_cooling_h12_tp06_sl065,2023-08-31 12:00:00+00:00,STAGE28A,data/reports/stage28a_discovery_factory_batch_runner/stage28a_exact_trades.csv,volatility_transition_v1,vol_trans_fade_h1_high_cooling_h12_tp06_sl065,-0.96587499999996,-2.01587499999996,-2.71587499999996,0,0,0,0,2.01587499999996,14.009999999999991,6.100000000000136,0.08360655737704582,3.089999999999918,0.11650485436890275,1.2100000000000364,2.1330000000000156,0.064,1.0,,,12,3,8.0,2023
2023-09-01 12:00:00+00:00|1.0|vol_trans_fade_h1_high_cooling_h12_tp06_sl065,2023-09-01 12:00:00+00:00,STAGE28A,data/reports/stage28a_discovery_factory_batch_runner/stage28a_exact_trades.csv,volatility_transition_v1,vol_trans_fade_h1_high_cooling_h12_tp06_sl065,0.2893000000000484,-0.7606999999999515,-1.4606999999999513,0,0,0,0,0.7606999999999515,8.789999999999964,5.3900000000001,0.20222634508351117,6.300000000000182,0.8380952380952096,1.8600000000001273,2.425500000000022,0.24,1.0,,,12,4,9.0,2023
2023-09-04 12:00:00+00:00|1.0|vol_trans_fade_h1_high_cooling_h12_tp06_sl065,2023-09-04 12:00:00+00:00,STAGE28A,data/reports/stage28a_discovery_factory_batch_runner/stage28a_exact_trades.csv,volatility_transition_v1,vol_trans_fade_h1_high_cooling_h12_tp06_sl065,-0.95612500000002,-2.00612500000002,-2.70612500000002,0,0,0,0,2.00612500000002,1.0,6.720000000000027,0.8005952380952173,5.430000000000064,0.7219152854511601,1.8100000000001728,2.7930000000000064,0.496,1.0,,,12,0,9.0,2023
2023-09-05 12:00:00+00:00|1.0|vol_trans_fade_h1_high_cooling_h12_tp06_sl065,2023-09-05 12:00:00+00:00,STAGE28A,data/reports/stage28a_discovery_factory_batch_runner/stage28a_exact_trades.csv,volatility_transition_v1,vol_trans_fade_h1_high_cooling_h12_tp06_sl065,-1.125775000000067,-2.175775000000067,-2.8757750000000666,0,0,0,0,2.175775000000067,9.470000000000027,3.8600000000001273,0.3056994818652914,8.319999999999936,0.7439903846153696,3.490000000000009,1.7455000000000154,0.044,1.0,,,12,1,9.0,2023
2023-09-06 12:00:00+00:00|-1.0|vol_trans_fade_h1_high_cooling_h12_tp06_sl065,2023-09-06 12:00:00+00:00,STAGE28A,data/reports/stage28a_discovery_factory_batch_runner/stage28a_exact_trades.csv,volatility_transition_v1,vol_trans_fade_h1_high_cooling_h12_tp06_sl065,0.35049999999992,-0.69950000000008,-1.3995000000000797,0,0,0,0,0.69950000000008,13.569999999999936,2.7200000000000273,0.05882352941179421,5.8599999999999,0.2030716723549616,2.410000000000082,2.113500000000022,0.192,-1.0,,,12,2,9.0,2023
2023-09-07 12:00:00+00:00|-1.0|vol_trans_fade_h1_high_cooling_h12_tp06_sl065,2023-09-07 12:00:00+00:00,STAGE28A,data/reports/stage28a_discovery_factory_batch_runner/stage28a_exact_trades.csv,volatility_transition_v1,vol_trans_fade_h1_high_cooling_h12_tp06_sl065,-1.113099999999895,-2.1630999999998948,-2.8630999999998945,0,0,0,0,2.1630999999998948,13.889999999999873,4.419999999999845,0.5769230769230869,3.400000000000091,0.03529411764709266,1.9400000000000546,2.8129999999999997,0.66,-1.0,,,12,3,9.0,2023
2023-09-08 12:00:00+00:00|-1.0|vol_trans_fade_h1_high_cooling_h12_tp06_sl065,2023-09-08 12:00:00+00:00,STAGE28A,data/reports/stage28a_discovery_factory_batch_runner/stage28a_exact_trades.csv,volatility_transition_v1,vol_trans_fade_h1_high_cooling_h12_tp06_sl065,0.2566000000000713,-0.7933999999999286,-1.4933999999999283,0,0,0,0,0.7933999999999286,7.3599999999999,8.149999999999864,0.6343558282208506,3.8600000000001273,0.07512953367874457,1.4300000000000637,2.346000000000015,0.324,-1.0,,,12,4,9.0,2023
2023-09-11 12:00:00+00:00|-1.0|vol_trans_fade_h1_high_cooling_h12_tp06_sl065,2023-09-11 12:00:00+00:00,STAGE28A,data/reports/stage28a_discovery_factory_batch_runner/stage28a_exact_trades.csv,volatility_transition_v1,vol_trans_fade_h1_high_cooling_h12_tp06_sl065,-1.3344250000001012,-2.384425000000101,-3.084425000000101,0,0,0,0,2.384425000000101,2.5599999999999454,7.430000000000064,0.6850605652759222,7.740000000000009,0.2777777777777598,2.410000000000082,3.1224999999999907,0.856,-1.0,,,12,0,9.0,2023
2023-09-12 12:00:00+00:00|-1.0|vol_trans_fade_h1_high_cooling_h12_tp06_sl065,2023-09-12 12:00:00+00:00,STAGE28A,data/reports/stage28a_discovery_factory_batch_runner/stage28a_exact_trades.csv,volatility_transition_v1,vol_trans_fade_h1_high_cooling_h12_tp06_sl065,0.2392000000001189,-0.810799999999881,-1.510799999999881,0,0,0,0,0.810799999999881,14.0,4.029999999999973,0.2853598014888018,5.920000000000073,0.7854729729729403,2.740000000000009,2.255000000000018,0.252,-1.0,,,12,1,9.0,2023
2023-09-13 12:00:00+00:00|-1.0|vol_trans_fade_h1_high_cooling_h12_tp06_sl065,2023-09-13 12:00:00+00:00,STAGE28A,data/reports/stage28a_discovery_factory_batch_runner/stage28a_exact_trades.csv,volatility_transition_v1,vol_trans_fade_h1_high_cooling_h12_tp06_sl065,-1.134225000000106,-2.1842250000001058,-2.884225000000105,0,0,0,0,2.1842250000001058,16.910000000000082,5.6400000000001,0.6790780141843722,4.369999999999891,0.3729977116705148,1.4200000000000728,2.339000000000044,0.328,-1.0,,,12,2,9.0,2023
2023-09-14 12:00:00+00:00|-1.0|vol_trans_fade_h1_high_cooling_h12_tp06_sl065,2023-09-14 12:00:00+00:00,STAGE28A,data/reports/stage28a_discovery_factory_batch_runner/stage28a_exact_trades.csv,volatility_transition_v1,vol_trans_fade_h1_high_cooling_h12_tp06_sl065,0.316300000000092,-0.7336999999999079,-1.4336999999999076,0,0,0,0,0.7336999999999079,10.190000000000055,5.3599999999999,0.15671641791043542,5.760000000000218,0.5711805555555276,1.849999999999909,2.5555000000000065,0.504,-1.0,,,12,3,9.0,2023
2023-09-18 12:00:00+00:00|1.0|vol_trans_fade_h1_high_cooling_h12_tp06_sl065,2023-09-18 12:00:00+00:00,STAGE28A,data/reports/stage28a_discovery_factory_batch_runner/stage28a_exact_trades.csv,volatility_transition_v1,vol_trans_fade_h1_high_cooling_h12_tp06_sl065,-1.0789749999999914,-2.128974999999991,-2.828974999999991,0,0,0,0,2.128974999999991,1.2699999999999818,6.9500000000000455,0.7381294964028886,5.480000000000018,0.3357664233576897,1.5599999999999454,2.717500000000007,0.544,1.0,,,12,0,9.0,2023
2023-09-19 12:00:00+00:00|1.0|vol_trans_fade_h1_high_cooling_h12_tp06_sl065,2023-09-19 12:00:00+00:00,STAGE28A,data/reports/stage28a_discovery_factory_batch_runner/stage28a_exact_trades.csv,volatility_transition_v1,vol_trans_fade_h1_high_cooling_h12_tp06_sl065,-0.9863499999999932,-2.036349999999993,-2.7363499999999927,0,0,0,0,2.036349999999993,11.730000000000018,2.8200000000001637,0.4893617021275892,5.589999999999918,0.5348837209302013,1.5900000000001455,2.1115000000000235,0.148,1.0,,,12,1,9.0,2023
2023-09-20 12:00:00+00:00|-1.0|vol_trans_fade_h1_high_cooling_h12_tp06_sl065,2023-09-20 12:00:00+00:00,STAGE28A,data/reports/stage28a_discovery_factory_batch_runner/stage28a_exact_trades.csv,volatility_transition_v1,vol_trans_fade_h1_high_cooling_h12_tp06_sl065,0.2625999999999294,-0.7874000000000705,-1.4874000000000702,0,0,0,0,0.7874000000000705,7.619999999999891,3.9199999999998454,0.30357142857145447,4.3900000000001,0.27107061503417484,1.6300000000001091,1.9195000000000277,0.04,-1.0,,,12,2,9.0,2023
2023-09-21 12:00:00+00:00|1.0|vol_trans_fade_h1_high_cooling_h12_tp06_sl065,2023-09-21 12:00:00+00:00,STAGE28A,data/reports/stage28a_discovery_factory_batch_runner/stage28a_exact_trades.csv,volatility_transition_v1,vol_trans_fade_h1_high_cooling_h12_tp06_sl065,0.3697000000001026,-0.6802999999998973,-1.380299999999897,0,0,0,0,0.6802999999998973,19.519999999999982,7.350000000000136,0.3823129251700535,8.040000000000191,0.4440298507462785,4.559999999999945,3.8875000000000113,1.0,1.0,,,12,3,9.0,2023
2023-09-22 12:00:00+00:00|1.0|vol_trans_fade_h1_high_cooling_h12_tp06_sl065,2023-09-22 12:00:00+00:00,STAGE28A,data/reports/stage28a_discovery_factory_batch_runner/stage28a_exact_trades.csv,volatility_transition_v1,vol_trans_fade_h1_high_cooling_h12_tp06_sl065,0.3283000000000357,-0.7216999999999643,-1.421699999999964,0,0,0,0,0.7216999999999643,17.580000000000155,6.259999999999991,0.5782747603834063,5.400000000000091,0.30740740740737527,1.6600000000000819,2.5430000000000406,0.384,1.0,,,12,4,9.0,2023
2023-09-25 12:00:00+00:00|1.0|vol_trans_fade_h1_high_cooling_h12_tp06_sl065,2023-09-25 12:00:00+00:00,STAGE28A,data/reports/stage28a_discovery_factory_batch_runner/stage28a_exact_trades.csv,volatility_transition_v1,vol_trans_fade_h1_high_cooling_h12_tp06_sl065,0.4797999999999774,-0.5702000000000225,-1.2702000000000222,0,0,0,0,0.5702000000000225,2.0,3.769999999999982,0.5384615384615338,6.2999999999999545,0.13015873015872098,2.8299999999999272,2.2455000000000154,0.28,1.0,,,12,0,9.0,2023
2023-09-26 12:00:00+00:00|-1.0|vol_trans_fade_h1_high_cooling_h12_tp06_sl065,2023-09-26 12:00:00+00:00,STAGE28A,data/reports/stage28a_discovery_factory_batch_runner/stage28a_exact_trades.csv,volatility_transition_v1,vol_trans_fade_h1_high_cooling_h12_tp06_sl065,0.3826000000000477,-0.6673999999999523,-1.367399999999952,0,0,0,0,0.6673999999999523,12.0,3.730000000000018,0.7774798927613538,5.860000000000127,0.10238907849831456,2.5399999999999636,2.4035000000000197,0.42,-1.0,,,12,1,9.0,2023
2023-09-27 12:00:00+00:00|1.0|vol_trans_fade_h1_high_cooling_h12_tp06_sl065,2023-09-27 12:00:00+00:00,STAGE28A,data/reports/stage28a_discovery_factory_batch_runner/stage28a_exact_trades.csv,volatility_transition_v1,vol_trans_fade_h1_high_cooling_h12_tp06_sl065,0.4707999999999629,-0.579200000000037,-1.2792000000000368,0,0,0,0,0.579200000000037,17.690000000000055,4.459999999999809,0.23991031390139228,5.339999999999918,0.8220973782771424,2.7200000000000273,2.6619999999999893,0.54,1.0,,,12,2,9.0,2023
2023-09-28 12:00:00+00:00|1.0|vol_trans_fade_h1_high_cooling_h12_tp06_sl065,2023-09-28 12:00:00+00:00,STAGE28A,data/reports/stage28a_discovery_factory_batch_runner/stage28a_exact_trades.csv,volatility_transition_v1,vol_trans_fade_h1_high_cooling_h12_tp06_sl065,0.4218999999999596,-0.6281000000000403,-1.32810000000004,0,0,0,0,0.6281000000000403,31.470000000000027,4.350000000000136,0.537931034482723,4.5499999999999545,0.27472527472527747,2.5499999999999545,3.367000000000007,0.864,1.0,,,12,3,9.0,2023
2023-09-29 12:00:00+00:00|1.0|vol_trans_fade_h1_high_cooling_h12_tp06_sl065,2023-09-29 12:00:00+00:00,STAGE28A,data/reports/stage28a_discovery_factory_batch_runner/stage28a_exact_trades.csv,volatility_transition_v1,vol_trans_fade_h1_high_cooling_h12_tp06_sl065,-1.2616249999999585,-2.311624999999958,-3.011624999999958,0,0,0,0,2.311624999999958,21.920000000000073,4.319999999999936,0.23379629629635026,10.939999999999827,0.9396709323583304,2.439999999999827,3.824499999999978,0.94,1.0,,,12,4,9.0,2023
2023-10-04 12:00:00+00:00|1.0|vol_trans_fade_h1_high_cooling_h12_tp06_sl065,2023-10-04 12:00:00+00:00,STAGE28A,data/reports/stage28a_discovery_factory_batch_runner/stage28a_exact_trades.csv,volatility_transition_v1,vol_trans_fade_h1_high_cooling_h12_tp06_sl065,0.7098999999999706,-0.3401000000000294,-1.0401000000000291,0,0,0,0,0.3401000000000294,18.170000000000073,5.2999999999999545,0.34905660377361364,7.849999999999909,0.1770700636942823,3.3600000000001273,4.197500000000036,0.78,1.0,,,12,2,10.0,2023
2023-10-05 12:00:00+00:00|1.0|vol_trans_fade_h1_high_cooling_h12_tp06_sl065,2023-10-05 12:00:00+00:00,STAGE28A,data/reports/stage28a_discovery_factory_batch_runner/stage28a_exact_trades.csv,volatility_transition_v1,vol_trans_fade_h1_high_cooling_h12_tp06_sl065,-1.22457500000005,-2.2745750000000498,-2.974575000000049,0,0,0,0,2.2745750000000498,13.930000000000064,7.940000000000055,0.7607052896725629,9.490000000000009,0.6649104320337134,2.7100000000000364,3.573500000000024,0.524,1.0,,,12,3,10.0,2023
2023-10-06 12:00:00+00:00|-1.0|vol_trans_fade_h1_high_cooling_h12_tp06_sl065,2023-10-06 12:00:00+00:00,STAGE28A,data/reports/stage28a_discovery_factory_batch_runner/stage28a_exact_trades.csv,volatility_transition_v1,vol_trans_fade_h1_high_cooling_h12_tp06_sl065,0.3490000000000691,-0.7009999999999308,-1.4009999999999303,0,0,0,0,0.7009999999999308,16.13000000000011,4.75,0.5810526315789455,5.929999999999836,0.5801011804384738,2.8199999999999363,2.8055000000000065,0.292,-1.0,,,12,4,10.0,2023
2023-10-10 12:00:00+00:00|-1.0|vol_trans_fade_h1_high_cooling_h12_tp06_sl065,2023-10-10 12:00:00+00:00,STAGE28A,data/reports/stage28a_discovery_factory_batch_runner/stage28a_exact_trades.csv,volatility_transition_v1,vol_trans_fade_h1_high_cooling_h12_tp06_sl065,-1.4969250000000105,-2.54692500000001,-3.24692500000001,0,0,0,0,2.54692500000001,19.25999999999999,5.050000000000182,0.20792079207919142,7.339999999999918,0.5640326975477038,4.379999999999882,3.4924999999999953,0.364,-1.0,,,12,1,10.0,2023
2023-10-11 12:00:00+00:00|-1.0|vol_trans_fade_h1_high_cooling_h12_tp06_sl065,2023-10-11 12:00:00+00:00,STAGE28A,data/reports/stage28a_discovery_factory_batch_runner/stage28a_exact_trades.csv,volatility_transition_v1,vol_trans_fade_h1_high_cooling_h12_tp06_sl065,0.65649999999996,-0.3935000000000399,-1.0935000000000397,0,0,0,0,0.3935000000000399,12.330000000000155,2.790000000000191,0.11111111111116544,12.52000000000021,0.831469648562293,2.9500000000000455,2.9119999999999893,0.112,-1.0,,,12,2,10.0,2023
2023-10-12 12:00:00+00:00|-1.0|vol_trans_fade_h1_high_cooling_h12_tp06_sl065,2023-10-12 12:00:00+00:00,STAGE28A,data/reports/stage28a_discovery_factory_batch_runner/stage28a_exact_trades.csv,volatility_transition_v1,vol_trans_fade_h1_high_cooling_h12_tp06_sl065,-1.2616249999999585,-2.311624999999958,-3.011624999999958,0,0,0,0,2.311624999999958,18.6400000000001,5.0499999999999545,0.6079207920792008,5.900000000000091,0.5610169491525244,2.849999999999909,2.830999999999983,0.052,-1.0,,,12,3,10.0,2023
2023-10-13 12:00:00+00:00|-1.0|vol_trans_fade_h1_high_cooling_h12_tp06_sl065,2023-10-13 12:00:00+00:00,STAGE28A,data/reports/stage28a_discovery_factory_batch_runner/stage28a_exact_trades.csv,volatility_transition_v1,vol_trans_fade_h1_high_cooling_h12_tp06_sl065,-1.3610749999998917,-2.4110749999998915,-3.1110749999998912,0,0,0,0,2.4110749999998915,17.139999999999873,5.779999999999973,0.6868512110726723,14.670000000000073,0.9522835719154709,2.9600000000000364,2.890999999999997,0.08,-1.0,,,12,4,10.0,2023
2023-10-17 12:00:00+00:00|1.0|vol_trans_fade_h1_high_cooling_h12_tp06_sl065,2023-10-17 12:00:00+00:00,STAGE28A,data/reports/stage28a_discovery_factory_batch_runner/stage28a_exact_trades.csv,volatility_transition_v1,vol_trans_fade_h1_high_cooling_h12_tp06_sl065,-1.4124250000000758,-2.462425000000076,-3.1624250000000758,0,0,0,0,2.462425000000076,22.09999999999991,9.3599999999999,0.22435897435899133,9.639999999999873,0.6390041493775868,1.9200000000000728,3.1454999999999815,0.192,1.0,,,12,1,10.0,2023
2023-10-24 12:00:00+00:00|1.0|vol_trans_fade_h1_high_cooling_h12_tp06_sl065,2023-10-24 12:00:00+00:00,STAGE28A,data/reports/stage28a_discovery_factory_batch_runner/stage28a_exact_trades.csv,volatility_transition_v1,vol_trans_fade_h1_high_cooling_h12_tp06_sl065,0.7419999999998709,-0.308000000000129,-1.0080000000001288,0,0,0,0,0.308000000000129,21.069999999999936,9.460000000000036,0.40697674418603536,14.259999999999991,0.7180925666199169,5.990000000000009,4.156000000000029,0.476,1.0,,,12,1,10.0,2023
2023-10-25 12:00:00+00:00|-1.0|vol_trans_fade_h1_high_cooling_h12_tp06_sl065,2023-10-25 12:00:00+00:00,STAGE28A,data/reports/stage28a_discovery_factory_batch_runner/stage28a_exact_trades.csv,volatility_transition_v1,vol_trans_fade_h1_high_cooling_h12_tp06_sl065,0.8302000000000135,-0.2197999999999864,-0.9197999999999862,0,0,0,0,0.2197999999999864,27.230000000000018,7.0900000000001455,0.3808180535966135,7.660000000000082,0.4856396866840715,4.290000000000191,4.138500000000033,0.38,-1.0,,,12,2,10.0,2023
2023-10-27 12:00:00+00:00|1.0|vol_trans_fade_h1_high_cooling_h12_tp06_sl065,2023-10-27 12:00:00+00:00,STAGE28A,data/reports/stage28a_discovery_factory_batch_runner/stage28a_exact_trades.csv,volatility_transition_v1,vol_trans_fade_h1_high_cooling_h12_tp06_sl065,-1.466375000000062,-2.5163750000000618,-3.216375000000061,0,0,0,0,2.5163750000000618,21.6400000000001,5.900000000000091,0.44406779661014417,4.7000000000000455,0.42340425531914677,1.9800000000000182,3.6904999999999974,0.092,1.0,,,12,4,10.0,2023
2023-10-31 12:00:00+00:00|-1.0|vol_trans_fade_h1_high_cooling_h12_tp06_sl065,2023-10-31 12:00:00+00:00,STAGE28A,data/reports/stage28a_discovery_factory_batch_runner/stage28a_exact_trades.csv,volatility_transition_v1,vol_trans_fade_h1_high_cooling_h12_tp06_sl065,0.5818000000000666,-0.4681999999999333,-1.168199999999933,0,0,0,0,0.4681999999999333,15.75,6.7000000000000455,0.38656716417908965,7.740000000000009,0.9470284237725993,2.3099999999999454,3.2185000000000175,0.024,-1.0,,,12,1,10.0,2023
2023-11-01 12:00:00+00:00|-1.0|vol_trans_fade_h1_high_cooling_h12_tp06_sl065,2023-11-01 12:00:00+00:00,STAGE28A,data/reports/stage28a_discovery_factory_batch_runner/stage28a_exact_trades.csv,volatility_transition_v1,vol_trans_fade_h1_high_cooling_h12_tp06_sl065,0.7860999999999422,-0.2639000000000577,-0.9639000000000576,0,0,0,0,0.2639000000000577,29.070000000000164,10.86999999999989,0.525298988040487,7.8599999999999,0.7175572519084188,3.2200000000000273,4.235000000000047,0.216,-1.0,,,12,2,11.0,2023
2023-11-02 12:00:00+00:00|-1.0|vol_trans_fade_h1_high_cooling_h12_tp06_sl065,2023-11-02 12:00:00+00:00,STAGE28A,data/reports/stage28a_discovery_factory_batch_runner/stage28a_exact_trades.csv,volatility_transition_v1,vol_trans_fade_h1_high_cooling_h12_tp06_sl065,-1.3373499999998786,-2.3873499999998784,-3.087349999999878,0,0,0,0,2.3873499999998784,22.200000000000045,6.960000000000036,0.5574712643678289,5.899999999999864,0.4915254237288018,2.9700000000000273,4.216999999999996,0.228,-1.0,,,12,3,11.0,2023
2023-11-03 12:00:00+00:00|-1.0|vol_trans_fade_h1_high_cooling_h12_tp06_sl065,2023-11-03 12:00:00+00:00,STAGE28A,data/reports/stage28a_discovery_factory_batch_runner/stage28a_exact_trades.csv,volatility_transition_v1,vol_trans_fade_h1_high_cooling_h12_tp06_sl065,0.5595999999999549,-0.490400000000045,-1.1904000000000448,0,0,0,0,0.490400000000045,12.200000000000045,4.599999999999909,0.09565217391305723,5.789999999999964,0.44559585492227005,1.990000000000009,2.8460000000000036,0.008,-1.0,,,12,4,11.0,2023
2023-11-06 12:00:00+00:00|-1.0|vol_trans_fade_h1_high_cooling_h12_tp06_sl065,2023-11-06 12:00:00+00:00,STAGE28A,data/reports/stage28a_discovery_factory_batch_runner/stage28a_exact_trades.csv,volatility_transition_v1,vol_trans_fade_h1_high_cooling_h12_tp06_sl065,0.592299999999932,-0.4577000000000679,-1.1577000000000677,0,0,0,0,0.4577000000000679,5.789999999999964,11.179999999999836,0.42397137745975655,6.1099999999999,0.5908346972176692,1.8199999999999363,4.17249999999998,0.316,-1.0,,,12,0,11.0,2023
2023-11-07 12:00:00+00:00|1.0|vol_trans_fade_h1_high_cooling_h12_tp06_sl065,2023-11-07 12:00:00+00:00,STAGE28A,data/reports/stage28a_discovery_factory_batch_runner/stage28a_exact_trades.csv,volatility_transition_v1,vol_trans_fade_h1_high_cooling_h12_tp06_sl065,0.6979000000000269,-0.352099999999973,-1.0520999999999727,0,0,0,0,0.352099999999973,16.519999999999982,7.3599999999999,0.7228260869565538,10.039999999999964,0.5149402390438111,4.740000000000009,2.889999999999975,0.044,1.0,,,12,1,11.0,2023
2023-11-08 12:00:00+00:00|1.0|vol_trans_fade_h1_high_cooling_h12_tp06_sl065,2023-11-08 12:00:00+00:00,STAGE28A,data/reports/stage28a_discovery_factory_batch_runner/stage28a_exact_trades.csv,volatility_transition_v1,vol_trans_fade_h1_high_cooling_h12_tp06_sl065,0.5992000000000189,-0.450799999999981,-1.1507999999999807,0,0,0,0,0.450799999999981,21.62999999999988,3.6900000000000546,0.3685636856368854,9.5,0.5821052631578919,2.8599999999999,2.951499999999976,0.076,1.0,,,12,2,11.0,2023
2023-11-09 12:00:00+00:00|1.0|vol_trans_fade_h1_high_cooling_h12_tp06_sl065,2023-11-09 12:00:00+00:00,STAGE28A,data/reports/stage28a_discovery_factory_batch_runner/stage28a_exact_trades.csv,volatility_transition_v1,vol_trans_fade_h1_high_cooling_h12_tp06_sl065,-1.3275999999999386,-2.3775999999999384,-3.077599999999938,0,0,0,0,2.3775999999999384,23.529999999999973,6.889999999999873,0.18867924528301575,5.990000000000009,0.40066777963273575,3.2799999999999727,3.6514999999999986,0.328,1.0,,,12,3,11.0,2023
2023-11-10 12:00:00+00:00|1.0|vol_trans_fade_h1_high_cooling_h12_tp06_sl065,2023-11-10 12:00:00+00:00,STAGE28A,data/reports/stage28a_discovery_factory_batch_runner/stage28a_exact_trades.csv,volatility_transition_v1,vol_trans_fade_h1_high_cooling_h12_tp06_sl065,-1.3646500000000743,-2.414650000000074,-3.114650000000074,0,0,0,0,2.414650000000074,21.11999999999989,4.360000000000127,0.300458715596309,6.629999999999882,0.5505279034691035,1.7999999999999545,3.744999999999982,0.408,1.0,,,12,4,11.0,2023
2023-11-14 12:00:00+00:00|-1.0|vol_trans_fade_h1_high_cooling_h12_tp06_sl065,2023-11-14 12:00:00+00:00,STAGE28A,data/reports/stage28a_discovery_factory_batch_runner/stage28a_exact_trades.csv,volatility_transition_v1,vol_trans_fade_h1_high_cooling_h12_tp06_sl065,0.3540999999999258,-0.6959000000000741,-1.395900000000074,0,0,0,0,0.6959000000000741,31.539999999999964,4.509999999999991,0.38802660753880347,4.4500000000000455,0.4898876404493964,2.730000000000018,2.6635000000000217,0.008,-1.0,,,12,1,11.0,2023
2023-11-15 12:00:00+00:00|1.0|vol_trans_fade_h1_high_cooling_h12_tp06_sl065,2023-11-15 12:00:00+00:00,STAGE28A,data/reports/stage28a_discovery_factory_batch_runner/stage28a_exact_trades.csv,volatility_transition_v1,vol_trans_fade_h1_high_cooling_h12_tp06_sl065,-1.3952000000000226,-2.4452000000000225,-3.145200000000022,0,0,0,0,2.4452000000000225,33.81000000000017,6.400000000000091,0.7859374999999845,8.25,0.6848484848484683,2.1900000000000546,3.2765000000000213,0.2,1.0,,,12,2,11.0,2023
2023-11-16 12:00:00+00:00|1.0|vol_trans_fade_h1_high_cooling_h12_tp06_sl065,2023-11-16 12:00:00+00:00,STAGE28A,data/reports/stage28a_discovery_factory_batch_runner/stage28a_exact_trades.csv,volatility_transition_v1,vol_trans_fade_h1_high_cooling_h12_tp06_sl065,-1.245050000000083,-2.295050000000083,-2.9950500000000826,0,0,0,0,2.295050000000083,19.699999999999818,6.079999999999927,0.35526315789475454,6.4500000000000455,0.3968992248061903,2.6800000000000637,3.267999999999995,0.22,1.0,,,12,3,11.0,2023
2023-11-17 12:00:00+00:00|-1.0|vol_trans_fade_h1_high_cooling_h12_tp06_sl065,2023-11-17 12:00:00+00:00,STAGE28A,data/reports/stage28a_discovery_factory_batch_runner/stage28a_exact_trades.csv,volatility_transition_v1,vol_trans_fade_h1_high_cooling_h12_tp06_sl065,0.7105000000000473,-0.3394999999999526,-1.0394999999999524,0,0,0,0,0.3394999999999526,31.529999999999973,6.4099999999998545,0.5351014040561843,10.810000000000173,0.5383903792784314,4.160000000000082,3.644999999999982,0.404,-1.0,,,12,4,11.0,2023
2023-11-20 12:00:00+00:00|-1.0|vol_trans_fade_h1_high_cooling_h12_tp06_sl065,2023-11-20 12:00:00+00:00,STAGE28A,data/reports/stage28a_discovery_factory_batch_runner/stage28a_exact_trades.csv,volatility_transition_v1,vol_trans_fade_h1_high_cooling_h12_tp06_sl065,-1.6162000000000265,-2.666200000000026,-3.366200000000026,0,0,0,0,2.666200000000026,4.460000000000036,11.800000000000182,0.5805084745762545,8.240000000000009,0.6638349514563132,4.289999999999964,3.6120000000000116,0.372,-1.0,,,12,0,11.0,2023
2023-11-22 12:00:00+00:00|-1.0|vol_trans_fade_h1_high_cooling_h12_tp06_sl065,2023-11-22 12:00:00+00:00,STAGE28A,data/reports/stage28a_discovery_factory_batch_runner/stage28a_exact_trades.csv,volatility_transition_v1,vol_trans_fade_h1_high_cooling_h12_tp06_sl065,0.89350000000004,-0.1564999999999599,-0.8564999999999596,0,0,0,0,0.1564999999999599,30.34999999999991,4.8599999999999,0.0041152263374449015,9.639999999999873,0.19502074688795712,4.5,3.6965000000000146,0.376,-1.0,,,12,2,11.0,2023
2023-11-23 12:00:00+00:00|1.0|vol_trans_fade_h1_high_cooling_h12_tp06_sl065,2023-11-23 12:00:00+00:00,STAGE28A,data/reports/stage28a_discovery_factory_batch_runner/stage28a_exact_trades.csv,volatility_transition_v1,vol_trans_fade_h1_high_cooling_h12_tp06_sl065,-1.4039750000000368,-2.4539750000000367,-3.1539750000000364,0,0,0,0,2.4539750000000367,19.419999999999845,9.160000000000082,0.5262008733624586,6.319999999999936,0.2547468354430607,3.2100000000000364,3.581500000000017,0.248,1.0,,,12,3,11.0,2023
2023-11-24 12:00:00+00:00|-1.0|vol_trans_fade_h1_high_cooling_h12_tp06_sl065,2023-11-24 12:00:00+00:00,STAGE28A,data/reports/stage28a_discovery_factory_batch_runner/stage28a_exact_trades.csv,volatility_transition_v1,vol_trans_fade_h1_high_cooling_h12_tp06_sl065,0.3990999999999985,-0.6509000000000014,-1.350900000000001,0,0,0,0,0.6509000000000014,9.38000000000011,3.4400000000000546,0.11627906976740036,4.259999999999991,0.47652582159623874,1.7000000000000455,1.9515000000000213,0.008,-1.0,,,12,4,11.0,2023
2023-11-27 12:00:00+00:00|1.0|vol_trans_fade_h1_high_cooling_h12_tp06_sl065,2023-11-27 12:00:00+00:00,STAGE28A,data/reports/stage28a_discovery_factory_batch_runner/stage28a_exact_trades.csv,volatility_transition_v1,vol_trans_fade_h1_high_cooling_h12_tp06_sl065,0.6895000000000892,-0.3604999999999108,-1.0604999999999103,0,0,0,0,0.3604999999999108,3.6499999999998636,17.639999999999873,0.6031746031746132,6.789999999999964,0.22091310751104684,2.4700000000000273,3.718999999999994,0.474,1.0,,,12,0,11.0,2023
2023-11-28 12:00:00+00:00|-1.0|vol_trans_fade_h1_high_cooling_h12_tp06_sl065,2023-11-28 12:00:00+00:00,STAGE28A,data/reports/stage28a_discovery_factory_batch_runner/stage28a_exact_trades.csv,volatility_transition_v1,vol_trans_fade_h1_high_cooling_h12_tp06_sl065,0.5194000000000415,-0.5305999999999584,-1.2305999999999582,0,0,0,0,0.5305999999999584,17.639999999999873,4.9500000000000455,0.02626262626264807,4.529999999999973,0.09713024282556951,2.25,3.0129999999999884,0.228,-1.0,,,12,1,11.0,2023
2023-11-30 12:00:00+00:00|1.0|vol_trans_fade_h1_high_cooling_h12_tp06_sl065,2023-11-30 12:00:00+00:00,STAGE28A,data/reports/stage28a_discovery_factory_batch_runner/stage28a_exact_trades.csv,volatility_transition_v1,vol_trans_fade_h1_high_cooling_h12_tp06_sl065,0.7677999999999884,-0.2822000000000115,-0.9822000000000112,0,0,0,0,0.2822000000000115,16.749999999999773,4.540000000000191,0.0,10.160000000000082,0.6102362204724405,3.5,3.9705000000000723,0.62,1.0,,,12,3,11.0,2023
2023-12-01 12:00:00+00:00|-1.0|vol_trans_fade_h1_high_cooling_h12_tp06_sl065,2023-12-01 12:00:00+00:00,STAGE28A,data/reports/stage28a_discovery_factory_batch_runner/stage28a_exact_trades.csv,volatility_transition_v1,vol_trans_fade_h1_high_cooling_h12_tp06_sl065,-1.4875000000000456,-2.5375000000000454,-3.237500000000045,0,0,0,0,2.5375000000000454,16.060000000000173,6.800000000000182,0.0073529411764971415,10.539999999999964,0.34345351043642347,4.889999999999873,3.6529999999999747,0.344,-1.0,,,12,4,12.0,2023
2023-12-07 12:00:00+00:00|-1.0|vol_trans_fade_h1_high_cooling_h12_tp06_sl065,2023-12-07 12:00:00+00:00,STAGE28A,data/reports/stage28a_discovery_factory_batch_runner/stage28a_exact_trades.csv,volatility_transition_v1,vol_trans_fade_h1_high_cooling_h12_tp06_sl065,0.8236000000000786,-0.2263999999999213,-0.9263999999999212,0,0,0,0,0.2263999999999213,18.700000000000045,4.740000000000009,0.21940928270041385,9.889999999999873,0.765419615773512,3.5699999999999363,3.9929999999999835,0.42,-1.0,,,12,3,12.0,2023
2023-12-13 12:00:00+00:00|-1.0|vol_trans_fade_h1_high_cooling_h12_tp06_sl065,2023-12-13 12:00:00+00:00,STAGE28A,data/reports/stage28a_discovery_factory_batch_runner/stage28a_exact_trades.csv,volatility_transition_v1,vol_trans_fade_h1_high_cooling_h12_tp06_sl065,0.7596999999999753,-0.2903000000000246,-0.9903000000000244,0,0,0,0,0.2903000000000246,19.50999999999999,5.1099999999999,0.8297455968689026,10.309999999999945,0.48205625606208086,3.1400000000001,3.40799999999997,0.012,-1.0,,,12,2,12.0,2023
2023-12-19 12:00:00+00:00|1.0|vol_trans_fade_h1_high_cooling_h12_tp06_sl065,2023-12-19 12:00:00+00:00,STAGE28A,data/reports/stage28a_discovery_factory_batch_runner/stage28a_exact_trades.csv,volatility_transition_v1,vol_trans_fade_h1_high_cooling_h12_tp06_sl065,-1.3331249999999728,-2.3831249999999726,-3.0831249999999724,0,0,0,0,2.3831249999999726,17.769999999999982,7.649999999999864,0.4575163398692892,6.039999999999964,0.2533112582781427,1.7699999999999818,3.741000000000008,0.116,1.0,,,12,1,12.0,2023
2023-12-20 12:00:00+00:00|1.0|vol_trans_fade_h1_high_cooling_h12_tp06_sl065,2023-12-20 12:00:00+00:00,STAGE28A,data/reports/stage28a_discovery_factory_batch_runner/stage28a_exact_trades.csv,volatility_transition_v1,vol_trans_fade_h1_high_cooling_h12_tp06_sl065,0.5101000000001022,-0.5398999999998977,-1.2398999999998974,0,0,0,0,0.5398999999998977,25.289999999999964,4.960000000000036,0.09072580645162141,7.820000000000164,0.5843989769820768,2.880000000000109,3.3455000000000155,0.048,1.0,,,12,2,12.0,2023
2023-12-21 12:00:00+00:00|1.0|vol_trans_fade_h1_high_cooling_h12_tp06_sl065,2023-12-21 12:00:00+00:00,STAGE28A,data/reports/stage28a_discovery_factory_batch_runner/stage28a_exact_trades.csv,volatility_transition_v1,vol_trans_fade_h1_high_cooling_h12_tp06_sl065,-1.2583749999999785,-2.308374999999978,-3.008374999999978,0,0,0,0,2.308374999999978,15.990000000000009,6.440000000000055,0.6413043478260632,5.120000000000118,0.4316406249999971,2.3599999999999,3.3784999999999856,0.092,1.0,,,12,3,12.0,2023
2023-12-26 12:00:00+00:00|-1.0|vol_trans_fade_h1_high_cooling_h12_tp06_sl065,2023-12-26 12:00:00+00:00,STAGE28A,data/reports/stage28a_discovery_factory_batch_runner/stage28a_exact_trades.csv,volatility_transition_v1,vol_trans_fade_h1_high_cooling_h12_tp06_sl065,-1.1800500000000285,-2.2300500000000283,-2.930050000000028,0,0,0,0,2.2300500000000283,4.400000000000091,11.75,0.775319148936181,4.380000000000109,0.0410958904109205,2.4200000000000728,3.904000000000019,0.372,-1.0,,,12,1,12.0,2023
2023-12-27 12:00:00+00:00|-1.0|vol_trans_fade_h1_high_cooling_h12_tp06_sl065,2023-12-27 12:00:00+00:00,STAGE28A,data/reports/stage28a_discovery_factory_batch_runner/stage28a_exact_trades.csv,volatility_transition_v1,vol_trans_fade_h1_high_cooling_h12_tp06_sl065,0.3969999999998436,-0.6530000000001563,-1.353000000000156,0,0,0,0,0.6530000000001563,15.650000000000091,4.559999999999945,0.07894736842108149,7.7199999999998,0.1411917098445821,1.9600000000000364,3.06400000000001,0.064,-1.0,,,12,2,12.0,2023
2023-12-29 12:00:00+00:00|1.0|vol_trans_fade_h1_high_cooling_h12_tp06_sl065,2023-12-29 12:00:00+00:00,STAGE28A,data/reports/stage28a_discovery_factory_batch_runner/stage28a_exact_trades.csv,volatility_transition_v1,vol_trans_fade_h1_high_cooling_h12_tp06_sl065,-1.3854499999998553,-2.435449999999855,-3.135449999999855,0,0,0,0,2.435449999999855,23.909999999999854,5.570000000000164,0.5727109515259436,12.900000000000091,0.4031007751937815,4.3400000000001455,3.5379999999999656,0.216,1.0,,,12,4,12.0,2023
2024-01-02 12:00:00+00:00|-1.0|vol_trans_fade_h1_high_cooling_h12_tp06_sl065,2024-01-02 12:00:00+00:00,STAGE28A,data/reports/stage28a_discovery_factory_batch_runner/stage28a_exact_trades.csv,volatility_transition_v1,vol_trans_fade_h1_high_cooling_h12_tp06_sl065,-1.724424999999974,-2.7744249999999737,-3.474424999999973,0,0,0,0,2.7744249999999737,3.199999999999818,8.299999999999727,0.7060240963855807,9.350000000000364,0.6844919786096088,5.559999999999945,3.8299999999999956,0.412,-1.0,,,12,1,1.0,2024
2024-01-05 12:00:00+00:00|1.0|vol_trans_fade_h1_high_cooling_h12_tp06_sl065,2024-01-05 12:00:00+00:00,STAGE28A,data/reports/stage28a_discovery_factory_batch_runner/stage28a_exact_trades.csv,volatility_transition_v1,vol_trans_fade_h1_high_cooling_h12_tp06_sl065,0.6963999999999487,-0.3536000000000512,-1.053600000000051,0,0,0,0,0.3536000000000512,14.779999999999745,5.630000000000109,0.05150976909413108,9.599999999999909,0.47187500000000165,5.259999999999991,3.2075000000000045,0.104,1.0,,,12,4,1.0,2024
2024-01-10 12:00:00+00:00|-1.0|vol_trans_fade_h1_high_cooling_h12_tp06_sl065,2024-01-10 12:00:00+00:00,STAGE28A,data/reports/stage28a_discovery_factory_batch_runner/stage28a_exact_trades.csv,volatility_transition_v1,vol_trans_fade_h1_high_cooling_h12_tp06_sl065,1.029699999999957,-0.0203000000000428,-0.7203000000000426,0,0,0,0,0.0203000000000428,15.940000000000055,5.619999999999891,0.18149466192170846,16.539999999999964,0.30290205562273287,1.5600000000001728,3.7875000000000227,0.288,-1.0,,,12,2,1.0,2024
2024-01-11 12:00:00+00:00|-1.0|vol_trans_fade_h1_high_cooling_h12_tp06_sl065,2024-01-11 12:00:00+00:00,STAGE28A,data/reports/stage28a_discovery_factory_batch_runner/stage28a_exact_trades.csv,volatility_transition_v1,vol_trans_fade_h1_high_cooling_h12_tp06_sl065,-1.432249999999931,-2.482249999999931,-3.1822499999999305,0,0,0,0,2.482249999999931,20.089999999999918,7.5,0.7093333333333248,5.479999999999791,0.03832116788321978,2.2899999999999636,3.2264999999999646,0.056,-1.0,,,12,3,1.0,2024
2024-01-16 12:00:00+00:00|1.0|vol_trans_fade_h1_high_cooling_h12_tp06_sl065,2024-01-16 12:00:00+00:00,STAGE28A,data/reports/stage28a_discovery_factory_batch_runner/stage28a_exact_trades.csv,volatility_transition_v1,vol_trans_fade_h1_high_cooling_h12_tp06_sl065,-1.800800000000072,-2.850800000000072,-3.550800000000072,0,0,0,0,2.850800000000072,12.740000000000009,7.170000000000073,0.656903765690375,12.409999999999854,0.6970185334407891,5.2000000000000455,2.9385000000000447,0.06,1.0,,,12,1,1.0,2024
2024-01-19 12:00:00+00:00|-1.0|vol_trans_fade_h1_high_cooling_h12_tp06_sl065,2024-01-19 12:00:00+00:00,STAGE28A,data/reports/stage28a_discovery_factory_batch_runner/stage28a_exact_trades.csv,volatility_transition_v1,vol_trans_fade_h1_high_cooling_h12_tp06_sl065,0.6336999999999989,-0.416300000000001,-1.1163000000000007,0,0,0,0,0.416300000000001,18.389999999999873,4.880000000000109,0.594262295081926,10.550000000000182,0.8890995260663241,3.240000000000009,3.1815000000000166,0.108,-1.0,,,12,4,1.0,2024
2024-01-22 12:00:00+00:00|1.0|vol_trans_fade_h1_high_cooling_h12_tp06_sl065,2024-01-22 12:00:00+00:00,STAGE28A,data/reports/stage28a_discovery_factory_batch_runner/stage28a_exact_trades.csv,volatility_transition_v1,vol_trans_fade_h1_high_cooling_h12_tp06_sl065,-1.96200000000008,-3.01200000000008,-3.71200000000008,0,0,0,0,3.01200000000008,2.8199999999999363,7.399999999999864,0.2851351351351269,7.079999999999927,0.3644067796610425,3.3700000000001182,3.7404999999999746,0.3,1.0,,,12,0,1.0,2024
2024-01-23 12:00:00+00:00|1.0|vol_trans_fade_h1_high_cooling_h12_tp06_sl065,2024-01-23 12:00:00+00:00,STAGE28A,data/reports/stage28a_discovery_factory_batch_runner/stage28a_exact_trades.csv,volatility_transition_v1,vol_trans_fade_h1_high_cooling_h12_tp06_sl065,-2.041299999999956,-3.0912999999999555,-3.7912999999999553,0,0,0,1,3.0912999999999555,15.519999999999982,8.38000000000011,0.8210023866348201,13.160000000000082,0.19452887537995114,3.509999999999991,3.8144999999999754,0.368,1.0,,,12,1,1.0,2024
2024-01-24 12:00:00+00:00|1.0|vol_trans_fade_h1_high_cooling_h12_tp06_sl065,2024-01-24 12:00:00+00:00,STAGE28A,data/reports/stage28a_discovery_factory_batch_runner/stage28a_exact_trades.csv,volatility_transition_v1,vol_trans_fade_h1_high_cooling_h12_tp06_sl065,-1.7328750000000128,-2.7828750000000126,-3.4828750000000124,0,0,0,0,2.7828750000000126,18.340000000000146,5.8599999999999,0.8447098976109437,11.279999999999973,0.7402482269503483,4.189999999999827,3.3179999999999836,0.156,1.0,,,12,2,1.0,2024
2024-01-25 12:00:00+00:00|-1.0|vol_trans_fade_h1_high_cooling_h12_tp06_sl065,2024-01-25 12:00:00+00:00,STAGE28A,data/reports/stage28a_discovery_factory_batch_runner/stage28a_exact_trades.csv,volatility_transition_v1,vol_trans_fade_h1_high_cooling_h12_tp06_sl065,0.6109000000000379,-0.4390999999999621,-1.1390999999999618,0,0,0,0,0.4390999999999621,25.52000000000021,3.400000000000091,0.18823529411767145,7.019999999999982,0.5270655270655349,5.1400000000001,3.9275000000000206,0.472,-1.0,,,12,3,1.0,2024
2024-01-26 12:00:00+00:00|-1.0|vol_trans_fade_h1_high_cooling_h12_tp06_sl065,2024-01-26 12:00:00+00:00,STAGE28A,data/reports/stage28a_discovery_factory_batch_runner/stage28a_exact_trades.csv,volatility_transition_v1,vol_trans_fade_h1_high_cooling_h12_tp06_sl065,0.5343999999999142,-0.5156000000000858,-1.2156000000000855,0,0,0,0,0.5156000000000858,15.400000000000091,4.779999999999973,0.10460251046025164,5.669999999999845,0.41975308641978376,4.240000000000009,3.4959999999999694,0.24,-1.0,,,12,4,1.0,2024
2024-01-29 12:00:00+00:00|1.0|vol_trans_fade_h1_high_cooling_h12_tp06_sl065,2024-01-29 12:00:00+00:00,STAGE28A,data/reports/stage28a_discovery_factory_batch_runner/stage28a_exact_trades.csv,volatility_transition_v1,vol_trans_fade_h1_high_cooling_h12_tp06_sl065,-1.4182750000000852,-2.468275000000085,-3.1682750000000848,0,0,0,0,2.468275000000085,7.220000000000027,9.13000000000011,0.4928806133625352,9.209999999999809,0.1400651465798035,4.120000000000118,3.4339999999999917,0.26,1.0,,,12,0,1.0,2024
2024-01-31 12:00:00+00:00|1.0|vol_trans_fade_h1_high_cooling_h12_tp06_sl065,2024-01-31 12:00:00+00:00,STAGE28A,data/reports/stage28a_discovery_factory_batch_runner/stage28a_exact_trades.csv,volatility_transition_v1,vol_trans_fade_h1_high_cooling_h12_tp06_sl065,0.4966000000000804,-0.5533999999999195,-1.2533999999999192,0,0,0,0,0.5533999999999195,19.54000000000019,5.800000000000182,0.32931034482759,7.150000000000091,0.3356643356643441,1.8599999999999,3.8415000000000417,0.392,1.0,,,12,2,1.0,2024
2024-02-06 12:00:00+00:00|1.0|vol_trans_fade_h1_high_cooling_h12_tp06_sl065,2024-02-06 12:00:00+00:00,STAGE28A,data/reports/stage28a_discovery_factory_batch_runner/stage28a_exact_trades.csv,volatility_transition_v1,vol_trans_fade_h1_high_cooling_h12_tp06_sl065,-1.4000750000001063,-2.450075000000106,-3.150075000000106,0,0,0,0,2.450075000000106,27.329999999999927,5.100000000000136,0.24705882352940337,6.990000000000009,0.34477825464947803,2.490000000000009,3.2870000000000346,0.092,1.0,,,12,1,2.0,2024
2024-02-07 12:00:00+00:00|-1.0|vol_trans_fade_h1_high_cooling_h12_tp06_sl065,2024-02-07 12:00:00+00:00,STAGE28A,data/reports/stage28a_discovery_factory_batch_runner/stage28a_exact_trades.csv,volatility_transition_v1,vol_trans_fade_h1_high_cooling_h12_tp06_sl065,0.3450999999999112,-0.7049000000000887,-1.4049000000000884,0,0,0,0,0.7049000000000887,16.189999999999827,2.230000000000018,0.004484304932731311,4.889999999999873,0.40286298568508766,2.5800000000001546,2.89849999999999,0.032,-1.0,,,12,2,2.0,2024
2024-02-08 12:00:00+00:00|-1.0|vol_trans_fade_h1_high_cooling_h12_tp06_sl065,2024-02-08 12:00:00+00:00,STAGE28A,data/reports/stage28a_discovery_factory_batch_runner/stage28a_exact_trades.csv,volatility_transition_v1,vol_trans_fade_h1_high_cooling_h12_tp06_sl065,-1.3614000000000943,-2.411400000000094,-3.111400000000094,0,0,0,0,2.411400000000094,13.970000000000027,7.0,0.6028571428571468,9.599999999999909,0.41041666666665255,6.25,3.4754999999999994,0.284,-1.0,,,12,3,2.0,2024
2024-02-09 12:00:00+00:00|1.0|vol_trans_fade_h1_high_cooling_h12_tp06_sl065,2024-02-09 12:00:00+00:00,STAGE28A,data/reports/stage28a_discovery_factory_batch_runner/stage28a_exact_trades.csv,volatility_transition_v1,vol_trans_fade_h1_high_cooling_h12_tp06_sl065,0.3700000000000273,-0.6799999999999726,-1.3799999999999724,0,0,0,0,0.6799999999999726,18.6400000000001,3.1599999999998545,0.49367088607595483,4.460000000000036,0.022421524663656555,2.3899999999998727,3.0269999999999753,0.076,1.0,,,12,4,2.0,2024
2024-02-12 12:00:00+00:00|1.0|vol_trans_fade_h1_high_cooling_h12_tp06_sl065,2024-02-12 12:00:00+00:00,STAGE28A,data/reports/stage28a_discovery_factory_batch_runner/stage28a_exact_trades.csv,volatility_transition_v1,vol_trans_fade_h1_high_cooling_h12_tp06_sl065,0.3934000000000651,-0.6565999999999348,-1.3565999999999343,0,0,0,0,0.6565999999999348,2.4199999999998454,4.959999999999809,0.46774193548387616,7.339999999999918,0.30245231607630135,3.490000000000009,2.494500000000005,0.032,1.0,,,12,0,2.0,2024
2024-02-13 12:00:00+00:00|-1.0|vol_trans_fade_h1_high_cooling_h12_tp06_sl065,2024-02-13 12:00:00+00:00,STAGE28A,data/reports/stage28a_discovery_factory_batch_runner/stage28a_exact_trades.csv,volatility_transition_v1,vol_trans_fade_h1_high_cooling_h12_tp06_sl065,0.2742999999999483,-0.7757000000000516,-1.4757000000000513,0,0,0,0,0.7757000000000516,15.639999999999873,4.4099999999998545,0.04081632653062803,9.190000000000055,0.8476605005440606,1.7200000000000273,2.642999999999995,0.064,-1.0,,,12,1,2.0,2024
2024-02-14 12:00:00+00:00|-1.0|vol_trans_fade_h1_high_cooling_h12_tp06_sl065,2024-02-14 12:00:00+00:00,STAGE28A,data/reports/stage28a_discovery_factory_batch_runner/stage28a_exact_trades.csv,volatility_transition_v1,vol_trans_fade_h1_high_cooling_h12_tp06_sl065,-1.3487249999999222,-2.398724999999922,-3.098724999999922,0,0,0,0,2.398724999999922,39.86999999999989,4.75,0.19578947368422392,7.1400000000001,0.06162464985991891,3.0499999999999545,3.4069999999999823,0.432,-1.0,,,12,2,2.0,2024
2024-02-15 12:00:00+00:00|-1.0|vol_trans_fade_h1_high_cooling_h12_tp06_sl065,2024-02-15 12:00:00+00:00,STAGE28A,data/reports/stage28a_discovery_factory_batch_runner/stage28a_exact_trades.csv,volatility_transition_v1,vol_trans_fade_h1_high_cooling_h12_tp06_sl065,-1.0877500000000055,-2.1377500000000054,-2.837750000000005,0,0,0,0,2.1377500000000054,11.839999999999918,4.119999999999891,0.41262135922332294,6.5,0.6123076923076951,2.9299999999998363,2.872499999999968,0.112,-1.0,,,12,3,2.0,2024
2024-02-16 12:00:00+00:00|-1.0|vol_trans_fade_h1_high_cooling_h12_tp06_sl065,2024-02-16 12:00:00+00:00,STAGE28A,data/reports/stage28a_discovery_factory_batch_runner/stage28a_exact_trades.csv,volatility_transition_v1,vol_trans_fade_h1_high_cooling_h12_tp06_sl065,0.2803000000000338,-0.7696999999999661,-1.4696999999999658,0,0,0,0,0.7696999999999661,18.230000000000018,3.2799999999999727,0.06097560975611193,4.819999999999936,0.7406639004149344,2.2100000000000364,2.574500000000023,0.068,-1.0,,,12,4,2.0,2024
2024-02-20 12:00:00+00:00|-1.0|vol_trans_fade_h1_high_cooling_h12_tp06_sl065,2024-02-20 12:00:00+00:00,STAGE28A,data/reports/stage28a_discovery_factory_batch_runner/stage28a_exact_trades.csv,volatility_transition_v1,vol_trans_fade_h1_high_cooling_h12_tp06_sl065,0.4516000000000076,-0.5983999999999923,-1.298399999999992,0,0,0,0,0.5983999999999923,10.980000000000018,4.650000000000091,0.7053763440860508,9.879999999999882,0.6730769230769174,2.630000000000109,2.1740000000000235,0.052,-1.0,,,12,1,2.0,2024
2024-02-21 12:00:00+00:00|-1.0|vol_trans_fade_h1_high_cooling_h12_tp06_sl065,2024-02-21 12:00:00+00:00,STAGE28A,data/reports/stage28a_discovery_factory_batch_runner/stage28a_exact_trades.csv,volatility_transition_v1,vol_trans_fade_h1_high_cooling_h12_tp06_sl065,-1.143975000000046,-2.1939750000000457,-2.893975000000045,0,0,0,0,2.1939750000000457,15.829999999999927,8.420000000000073,0.8016627078384729,6.25,0.15520000000000436,2.740000000000009,2.4915000000000305,0.148,-1.0,,,12,2,2.0,2024
2024-02-22 12:00:00+00:00|1.0|vol_trans_fade_h1_high_cooling_h12_tp06_sl065,2024-02-22 12:00:00+00:00,STAGE28A,data/reports/stage28a_discovery_factory_batch_runner/stage28a_exact_trades.csv,volatility_transition_v1,vol_trans_fade_h1_high_cooling_h12_tp06_sl065,0.607300000000032,-0.4426999999999679,-1.1426999999999676,0,0,0,0,0.4426999999999679,12.1400000000001,3.849999999999909,0.7974025974025997,6.670000000000073,0.1004497751124536,4.720000000000027,2.9905000000000315,0.42,1.0,,,12,3,2.0,2024
2024-02-23 12:00:00+00:00|1.0|vol_trans_fade_h1_high_cooling_h12_tp06_sl065,2024-02-23 12:00:00+00:00,STAGE28A,data/reports/stage28a_discovery_factory_batch_runner/stage28a_exact_trades.csv,volatility_transition_v1,vol_trans_fade_h1_high_cooling_h12_tp06_sl065,-1.426725000000124,-2.476725000000124,-3.176725000000124,0,0,0,0,2.476725000000124,15.36999999999989,4.559999999999945,0.2763157894736855,10.110000000000127,0.2908011869435994,3.8400000000001455,3.2055000000000065,0.688,1.0,,,12,4,2.0,2024
2024-02-26 12:00:00+00:00|1.0|vol_trans_fade_h1_high_cooling_h12_tp06_sl065,2024-02-26 12:00:00+00:00,STAGE28A,data/reports/stage28a_discovery_factory_batch_runner/stage28a_exact_trades.csv,volatility_transition_v1,vol_trans_fade_h1_high_cooling_h12_tp06_sl065,-1.3184999999999492,-2.368499999999949,-3.0684999999999487,0,0,0,0,2.368499999999949,2.7999999999999545,5.069999999999936,0.36489151873765924,5.349999999999909,0.007476635514012018,2.1000000000001364,3.104499999999939,0.544,1.0,,,12,0,2.0,2024
2024-02-27 12:00:00+00:00|1.0|vol_trans_fade_h1_high_cooling_h12_tp06_sl065,2024-02-27 12:00:00+00:00,STAGE28A,data/reports/stage28a_discovery_factory_batch_runner/stage28a_exact_trades.csv,volatility_transition_v1,vol_trans_fade_h1_high_cooling_h12_tp06_sl065,0.3628000000000156,-0.6871999999999843,-1.387199999999984,0,0,0,0,0.6871999999999843,12.009999999999991,4.0499999999999545,0.6246913580246917,6.789999999999964,0.42120765832108137,2.7799999999999727,2.5209999999999924,0.152,1.0,,,12,1,2.0,2024
2024-02-28 12:00:00+00:00|1.0|vol_trans_fade_h1_high_cooling_h12_tp06_sl065,2024-02-28 12:00:00+00:00,STAGE28A,data/reports/stage28a_discovery_factory_batch_runner/stage28a_exact_trades.csv,volatility_transition_v1,vol_trans_fade_h1_high_cooling_h12_tp06_sl065,0.3139000000000124,-0.7360999999999875,-1.4360999999999873,0,0,0,0,0.7360999999999875,10.730000000000018,4.599999999999909,0.01956521739133637,7.720000000000027,0.3873056994818651,2.5599999999999454,2.4649999999999865,0.156,1.0,,,12,2,2.0,2024
2024-02-29 12:00:00+00:00|1.0|vol_trans_fade_h1_high_cooling_h12_tp06_sl065,2024-02-29 12:00:00+00:00,STAGE28A,data/reports/stage28a_discovery_factory_batch_runner/stage28a_exact_trades.csv,volatility_transition_v1,vol_trans_fade_h1_high_cooling_h12_tp06_sl065,0.2997999999999138,-0.7502000000000861,-1.450200000000086,0,0,0,0,0.7502000000000861,13.420000000000073,3.1299999999998818,0.1629392971246039,7.2999999999999545,0.5931506849315318,3.480000000000018,2.3444999999999596,0.124,1.0,,,12,3,2.0,2024
2024-03-01 12:00:00+00:00|-1.0|vol_trans_fade_h1_high_cooling_h12_tp06_sl065,2024-03-01 12:00:00+00:00,STAGE28A,data/reports/stage28a_discovery_factory_batch_runner/stage28a_exact_trades.csv,volatility_transition_v1,vol_trans_fade_h1_high_cooling_h12_tp06_sl065,0.8232999999999265,-0.2267000000000734,-0.9267000000000732,0,0,0,0,0.2267000000000734,22.72999999999979,3.9600000000000364,0.31565656565656275,16.0300000000002,0.5832813474734743,8.089999999999918,2.870000000000016,0.5,-1.0,,,12,4,3.0,2024
2024-03-12 12:00:00+00:00|1.0|vol_trans_fade_h1_high_cooling_h12_tp06_sl065,2024-03-12 12:00:00+00:00,STAGE28A,data/reports/stage28a_discovery_factory_batch_runner/stage28a_exact_trades.csv,volatility_transition_v1,vol_trans_fade_h1_high_cooling_h12_tp06_sl065,0.7105000000000473,-0.3394999999999526,-1.0394999999999524,0,0,0,0,0.3394999999999526,14.239999999999782,7.929999999999836,0.5056746532156748,5.539999999999964,0.30685920577622455,2.7400000000002365,3.7759999999999083,0.372,1.0,,,12,1,3.0,2024
2024-03-14 12:00:00+00:00|-1.0|vol_trans_fade_h1_high_cooling_h12_tp06_sl065,2024-03-14 12:00:00+00:00,STAGE28A,data/reports/stage28a_discovery_factory_batch_runner/stage28a_exact_trades.csv,volatility_transition_v1,vol_trans_fade_h1_high_cooling_h12_tp06_sl065,0.6024999999998727,-0.4475000000001272,-1.147500000000127,0,0,0,0,0.4475000000001272,24.059999999999945,5.920000000000073,0.44087837837839444,4.599999999999909,0.2434782608695463,4.109999999999673,3.210500000000002,0.096,-1.0,,,12,3,3.0,2024
2024-03-15 12:00:00+00:00|-1.0|vol_trans_fade_h1_high_cooling_h12_tp06_sl065,2024-03-15 12:00:00+00:00,STAGE28A,data/reports/stage28a_discovery_factory_batch_runner/stage28a_exact_trades.csv,volatility_transition_v1,vol_trans_fade_h1_high_cooling_h12_tp06_sl065,-1.761149999999907,-2.811149999999907,-3.5111499999999065,0,0,0,0,2.811149999999907,24.159999999999854,5.289999999999964,0.43100189035920905,9.289999999999964,0.511302475780411,5.25,3.510499999999979,0.096,-1.0,,,12,4,3.0,2024
2024-03-18 12:00:00+00:00|-1.0|vol_trans_fade_h1_high_cooling_h12_tp06_sl065,2024-03-18 12:00:00+00:00,STAGE28A,data/reports/stage28a_discovery_factory_batch_runner/stage28a_exact_trades.csv,volatility_transition_v1,vol_trans_fade_h1_high_cooling_h12_tp06_sl065,0.7267000000000735,-0.3232999999999264,-1.0232999999999262,0,0,0,0,0.3232999999999264,5.369999999999891,11.419999999999618,0.6444833625219242,12.349999999999909,0.8858299595141441,2.549999999999727,3.899000000000001,0.18,-1.0,,,12,0,3.0,2024
2024-03-19 12:00:00+00:00|-1.0|vol_trans_fade_h1_high_cooling_h12_tp06_sl065,2024-03-19 12:00:00+00:00,STAGE28A,data/reports/stage28a_discovery_factory_batch_runner/stage28a_exact_trades.csv,volatility_transition_v1,vol_trans_fade_h1_high_cooling_h12_tp06_sl065,1.108900000000085,0.0589000000000852,-0.6410999999999145,1,0,0,0,0.0589000000000852,17.559999999999945,4.1599999999998545,0.16105769230771544,13.179999999999836,0.4613050075872536,2.880000000000109,3.1899999999999182,0.036,-1.0,,,12,1,3.0,2024
2024-03-20 12:00:00+00:00|1.0|vol_trans_fade_h1_high_cooling_h12_tp06_sl065,2024-03-20 12:00:00+00:00,STAGE28A,data/reports/stage28a_discovery_factory_batch_runner/stage28a_exact_trades.csv,volatility_transition_v1,vol_trans_fade_h1_high_cooling_h12_tp06_sl065,-1.319474999999875,-2.3694749999998748,-3.0694749999998745,0,0,0,0,2.3694749999998748,15.599999999999909,5.110000000000127,0.031311154598796576,7.079999999999927,0.3587570621468912,3.0799999999999272,2.7464999999999917,0.004,1.0,,,12,2,3.0,2024
2024-03-26 12:00:00+00:00|-1.0|vol_trans_fade_h1_high_cooling_h12_tp06_sl065,2024-03-26 12:00:00+00:00,STAGE28A,data/reports/stage28a_discovery_factory_batch_runner/stage28a_exact_trades.csv,volatility_transition_v1,vol_trans_fade_h1_high_cooling_h12_tp06_sl065,-2.0494250000002467,-3.0994250000002466,-3.7994250000002463,0,0,0,1,3.0994250000002466,17.779999999999745,6.839999999999691,0.09941520467834314,30.460000000000036,0.8365068942875898,16.730000000000018,3.8649999999999407,0.352,-1.0,,,12,1,3.0,2024
2024-05-09 12:00:00+00:00|-1.0|vol_trans_fade_h1_high_cooling_h12_tp06_sl065,2024-05-09 12:00:00+00:00,STAGE28A,data/reports/stage28a_discovery_factory_batch_runner/stage28a_exact_trades.csv,volatility_transition_v1,vol_trans_fade_h1_high_cooling_h12_tp06_sl065,1.116699999999946,0.0666999999999462,-0.6333000000000535,1,0,0,0,0.0666999999999462,17.86999999999989,4.970000000000255,0.5010060362173258,13.08999999999969,0.35752482811305936,4.349999999999909,4.386499999999955,0.012,-1.0,,,12,3,5.0,2024
2024-05-14 12:00:00+00:00|-1.0|vol_trans_fade_h1_high_cooling_h12_tp06_sl065,2024-05-14 12:00:00+00:00,STAGE28A,data/reports/stage28a_discovery_factory_batch_runner/stage28a_exact_trades.csv,volatility_transition_v1,vol_trans_fade_h1_high_cooling_h12_tp06_sl065,1.0903000000002063,0.0403000000002067,-0.659699999999793,1,0,0,0,0.0403000000002067,32.95000000000027,9.570000000000164,0.5862068965517274,12.2800000000002,0.2394136807817595,6.179999999999836,4.448000000000002,0.044,-1.0,,,12,1,5.0,2024
2024-05-15 12:00:00+00:00|-1.0|vol_trans_fade_h1_high_cooling_h12_tp06_sl065,2024-05-15 12:00:00+00:00,STAGE28A,data/reports/stage28a_discovery_factory_batch_runner/stage28a_exact_trades.csv,volatility_transition_v1,vol_trans_fade_h1_high_cooling_h12_tp06_sl065,1.1422000000001389,0.092200000000139,-0.6077999999998607,1,0,0,0,0.092200000000139,24.920000000000073,6.110000000000127,0.46808510638298984,18.5300000000002,0.47706422018348893,11.789999999999964,4.770500000000015,0.14,-1.0,,,12,2,5.0,2024
2024-05-17 12:00:00+00:00|-1.0|vol_trans_fade_h1_high_cooling_h12_tp06_sl065,2024-05-17 12:00:00+00:00,STAGE28A,data/reports/stage28a_discovery_factory_batch_runner/stage28a_exact_trades.csv,volatility_transition_v1,vol_trans_fade_h1_high_cooling_h12_tp06_sl065,-1.8102249999998092,-2.8602249999998093,-3.560224999999809,0,0,0,0,2.8602249999998093,26.550000000000182,7.2599999999997635,0.07300275482090395,11.360000000000127,0.42517605633805705,4.210000000000036,4.415999999999963,0.056,-1.0,,,12,4,5.0,2024
2024-05-27 12:00:00+00:00|-1.0|vol_trans_fade_h1_high_cooling_h12_tp06_sl065,2024-05-27 12:00:00+00:00,STAGE28A,data/reports/stage28a_discovery_factory_batch_runner/stage28a_exact_trades.csv,volatility_transition_v1,vol_trans_fade_h1_high_cooling_h12_tp06_sl065,0.9625,-0.0874999999999999,-0.7874999999999996,0,0,0,0,0.0874999999999999,8.329999999999927,15.260000000000218,0.38401048492791895,7.970000000000255,0.34755332496861896,7.920000000000073,4.976000000000044,0.176,-1.0,,,12,0,5.0,2024
2024-05-28 12:00:00+00:00|-1.0|vol_trans_fade_h1_high_cooling_h12_tp06_sl065,2024-05-28 12:00:00+00:00,STAGE28A,data/reports/stage28a_discovery_factory_batch_runner/stage28a_exact_trades.csv,volatility_transition_v1,vol_trans_fade_h1_high_cooling_h12_tp06_sl065,-1.9821499999999104,-3.0321499999999104,-3.73214999999991,0,0,0,0,3.0321499999999104,26.420000000000073,7.220000000000255,0.17313019390581108,13.699999999999818,0.5335766423357695,4.7599999999997635,4.3940000000000055,0.08,-1.0,,,12,1,5.0,2024
2024-05-31 12:00:00+00:00|-1.0|vol_trans_fade_h1_high_cooling_h12_tp06_sl065,2024-05-31 12:00:00+00:00,STAGE28A,data/reports/stage28a_discovery_factory_batch_runner/stage28a_exact_trades.csv,volatility_transition_v1,vol_trans_fade_h1_high_cooling_h12_tp06_sl065,0.9475000000001274,-0.1024999999998725,-0.8024999999998723,0,0,0,0,0.1024999999998725,29.38000000000011,10.739999999999782,0.036312849162000053,7.370000000000346,0.21709633649929905,4.140000000000327,4.827500000000077,0.144,-1.0,,,12,4,5.0,2024
2024-06-11 12:00:00+00:00|-1.0|vol_trans_fade_h1_high_cooling_h12_tp06_sl065,2024-06-11 12:00:00+00:00,STAGE28A,data/reports/stage28a_discovery_factory_batch_runner/stage28a_exact_trades.csv,volatility_transition_v1,vol_trans_fade_h1_high_cooling_h12_tp06_sl065,-1.8323249999999465,-2.882324999999946,-3.582324999999946,0,0,0,0,2.882324999999946,25.990000000000236,13.549999999999727,0.4479704797048181,9.990000000000236,0.2662662662662454,4.510000000000218,4.4694999999999485,0.076,-1.0,,,12,1,6.0,2024
2024-06-12 12:00:00+00:00|1.0|vol_trans_fade_h1_high_cooling_h12_tp06_sl065,2024-06-12 12:00:00+00:00,STAGE28A,data/reports/stage28a_discovery_factory_batch_runner/stage28a_exact_trades.csv,volatility_transition_v1,vol_trans_fade_h1_high_cooling_h12_tp06_sl065,-1.58174999999992,-2.63174999999992,-3.33174999999992,0,0,0,0,2.63174999999992,22.36999999999989,6.8400000000001455,0.42690058479532317,6.910000000000309,0.00289435600578595,4.920000000000073,4.254999999999972,0.024,1.0,,,12,2,6.0,2024
2024-06-17 12:00:00+00:00|-1.0|vol_trans_fade_h1_high_cooling_h12_tp06_sl065,2024-06-17 12:00:00+00:00,STAGE28A,data/reports/stage28a_discovery_factory_batch_runner/stage28a_exact_trades.csv,volatility_transition_v1,vol_trans_fade_h1_high_cooling_h12_tp06_sl065,1.181800000000203,0.1318000000002031,-0.5681999999997966,1,0,0,0,0.1318000000002031,5.4099999999998545,11.420000000000073,0.39229422066549824,10.769999999999982,0.4001857010213512,5.8400000000001455,4.699999999999932,0.096,-1.0,,,12,0,6.0,2024
2024-06-18 12:00:00+00:00|1.0|vol_trans_fade_h1_high_cooling_h12_tp06_sl065,2024-06-18 12:00:00+00:00,STAGE28A,data/reports/stage28a_discovery_factory_batch_runner/stage28a_exact_trades.csv,volatility_transition_v1,vol_trans_fade_h1_high_cooling_h12_tp06_sl065,-1.7936500000001616,-2.843650000000161,-3.543650000000161,0,0,0,0,2.843650000000161,23.170000000000073,6.5,0.5292307692307776,14.090000000000146,0.9488999290276939,4.639999999999873,4.691999999999984,0.14,1.0,,,12,1,6.0,2024
2024-06-19 12:00:00+00:00|-1.0|vol_trans_fade_h1_high_cooling_h12_tp06_sl065,2024-06-19 12:00:00+00:00,STAGE28A,data/reports/stage28a_discovery_factory_batch_runner/stage28a_exact_trades.csv,volatility_transition_v1,vol_trans_fade_h1_high_cooling_h12_tp06_sl065,-1.40495000000019,-2.45495000000019,-3.154950000000189,0,0,0,0,2.45495000000019,26.699999999999818,5.2199999999998,0.003831417624517735,8.190000000000055,0.020757020757029503,3.1799999999998363,3.9484999999999673,0.02,-1.0,,,12,2,6.0,2024
2024-06-20 12:00:00+00:00|1.0|vol_trans_fade_h1_high_cooling_h12_tp06_sl065,2024-06-20 12:00:00+00:00,STAGE28A,data/reports/stage28a_discovery_factory_batch_runner/stage28a_exact_trades.csv,volatility_transition_v1,vol_trans_fade_h1_high_cooling_h12_tp06_sl065,1.2303999999998267,0.1803999999998269,-0.5196000000001728,1,0,1,0,0.1803999999998269,11.2800000000002,11.260000000000218,0.3152753108348235,14.260000000000218,0.03366058906030932,6.200000000000273,4.154000000000042,0.124,1.0,,,12,3,6.0,2024
2024-06-21 12:00:00+00:00|-1.0|vol_trans_fade_h1_high_cooling_h12_tp06_sl065,2024-06-21 12:00:00+00:00,STAGE28A,data/reports/stage28a_discovery_factory_batch_runner/stage28a_exact_trades.csv,volatility_transition_v1,vol_trans_fade_h1_high_cooling_h12_tp06_sl065,1.0734999999998762,0.0234999999998763,-0.6765000000001233,1,0,0,0,0.0234999999998763,37.65000000000009,7.75,0.3496774193548434,13.009999999999764,0.13374327440432499,5.489999999999782,5.452500000000032,0.532,-1.0,,,12,4,6.0,2024
2024-06-24 12:00:00+00:00|1.0|vol_trans_fade_h1_high_cooling_h12_tp06_sl065,2024-06-24 12:00:00+00:00,STAGE28A,data/reports/stage28a_discovery_factory_batch_runner/stage28a_exact_trades.csv,volatility_transition_v1,vol_trans_fade_h1_high_cooling_h12_tp06_sl065,1.0819000000000414,0.0319000000000415,-0.6680999999999582,1,0,0,0,0.0319000000000415,4.9099999999998545,8.980000000000018,0.4376391982182437,11.960000000000036,0.033444816053519205,3.630000000000109,5.407500000000004,0.528,1.0,,,12,0,6.0,2024
2024-06-25 12:00:00+00:00|-1.0|vol_trans_fade_h1_high_cooling_h12_tp06_sl065,2024-06-25 12:00:00+00:00,STAGE28A,data/reports/stage28a_discovery_factory_batch_runner/stage28a_exact_trades.csv,volatility_transition_v1,vol_trans_fade_h1_high_cooling_h12_tp06_sl065,-1.8245250000000848,-2.874525000000085,-3.5745250000000848,0,0,0,0,2.874525000000085,17.15000000000009,11.150000000000091,0.6852017937219969,11.319999999999709,0.7915194346289989,7.620000000000346,4.339999999999941,0.196,-1.0,,,12,1,6.0,2024
2024-06-27 12:00:00+00:00|-1.0|vol_trans_fade_h1_high_cooling_h12_tp06_sl065,2024-06-27 12:00:00+00:00,STAGE28A,data/reports/stage28a_discovery_factory_batch_runner/stage28a_exact_trades.csv,volatility_transition_v1,vol_trans_fade_h1_high_cooling_h12_tp06_sl065,0.9814000000000306,-0.0685999999999693,-0.7685999999999691,0,0,0,0,0.0685999999999693,30.350000000000364,3.3899999999998727,0.22123893805310565,17.429999999999836,0.7917383820998457,6.349999999999909,4.153999999999951,0.136,-1.0,,,12,3,6.0,2024
2024-06-28 12:00:00+00:00|-1.0|vol_trans_fade_h1_high_cooling_h12_tp06_sl065,2024-06-28 12:00:00+00:00,STAGE28A,data/reports/stage28a_discovery_factory_batch_runner/stage28a_exact_trades.csv,volatility_transition_v1,vol_trans_fade_h1_high_cooling_h12_tp06_sl065,0.8571999999998298,-0.1928000000001701,-0.8928000000001699,0,0,0,0,0.1928000000001701,34.58999999999969,9.269999999999982,0.5587918015102316,12.099999999999909,0.7033057851239527,5.400000000000091,4.125000000000045,0.16,-1.0,,,12,4,6.0,2024
2024-07-01 12:00:00+00:00|-1.0|vol_trans_fade_h1_high_cooling_h12_tp06_sl065,2024-07-01 12:00:00+00:00,STAGE28A,data/reports/stage28a_discovery_factory_batch_runner/stage28a_exact_trades.csv,volatility_transition_v1,vol_trans_fade_h1_high_cooling_h12_tp06_sl065,1.2418000000001483,0.1918000000001485,-0.5081999999998512,1,0,1,0,0.1918000000001485,4.139999999999873,6.389999999999873,0.03442879499214465,10.980000000000018,0.24590163934424533,4.360000000000127,4.622499999999991,0.38,-1.0,,,12,0,7.0,2024
2024-07-02 12:00:00+00:00|-1.0|vol_trans_fade_h1_high_cooling_h12_tp06_sl065,2024-07-02 12:00:00+00:00,STAGE28A,data/reports/stage28a_discovery_factory_batch_runner/stage28a_exact_trades.csv,volatility_transition_v1,vol_trans_fade_h1_high_cooling_h12_tp06_sl065,1.0156000000000858,-0.034399999999914,-0.7343999999999138,0,0,0,0,0.034399999999914,20.0,8.61999999999989,0.6705336426913943,9.099999999999909,0.1329670329670383,4.010000000000218,4.347000000000048,0.256,-1.0,,,12,1,7.0,2024
2024-07-03 12:00:00+00:00|1.0|vol_trans_fade_h1_high_cooling_h12_tp06_sl065,2024-07-03 12:00:00+00:00,STAGE28A,data/reports/stage28a_discovery_factory_batch_runner/stage28a_exact_trades.csv,volatility_transition_v1,vol_trans_fade_h1_high_cooling_h12_tp06_sl065,-1.94802499999978,-2.9980249999997794,-3.698024999999779,0,0,0,0,2.9980249999997794,17.820000000000164,5.660000000000309,0.28798586572430485,15.799999999999727,0.9164556962025199,4.440000000000055,4.7125,0.412,1.0,,,12,2,7.0,2024
2024-07-04 12:00:00+00:00|-1.0|vol_trans_fade_h1_high_cooling_h12_tp06_sl065,2024-07-04 12:00:00+00:00,STAGE28A,data/reports/stage28a_discovery_factory_batch_runner/stage28a_exact_trades.csv,volatility_transition_v1,vol_trans_fade_h1_high_cooling_h12_tp06_sl065,-1.7608249999999317,-2.8108249999999315,-3.5108249999999317,0,0,0,0,2.8108249999999315,38.039999999999964,6.5900000000001455,0.12139605462824951,9.259999999999764,0.0377969762419409,4.089999999999691,4.4914999999999505,0.276,-1.0,,,12,3,7.0,2024
2024-07-05 12:00:00+00:00|-1.0|vol_trans_fade_h1_high_cooling_h12_tp06_sl065,2024-07-05 12:00:00+00:00,STAGE28A,data/reports/stage28a_discovery_factory_batch_runner/stage28a_exact_trades.csv,volatility_transition_v1,vol_trans_fade_h1_high_cooling_h12_tp06_sl065,0.8092000000000553,-0.2407999999999446,-0.9407999999999443,0,0,0,0,0.2407999999999446,12.179999999999836,8.960000000000036,0.49218750000003253,6.680000000000291,0.08532934131731798,3.430000000000291,3.0345000000000026,0.024,-1.0,,,12,4,7.0,2024
2024-07-08 12:00:00+00:00|1.0|vol_trans_fade_h1_high_cooling_h12_tp06_sl065,2024-07-08 12:00:00+00:00,STAGE28A,data/reports/stage28a_discovery_factory_batch_runner/stage28a_exact_trades.csv,volatility_transition_v1,vol_trans_fade_h1_high_cooling_h12_tp06_sl065,-1.8628749999998944,-2.9128749999998944,-3.612874999999894,0,0,0,0,2.9128749999998944,5.289999999999964,10.420000000000073,0.22936660268716993,18.5,0.6929729729729818,6.820000000000164,5.284999999999991,0.664,1.0,,,12,0,7.0,2024
2024-07-09 12:00:00+00:00|-1.0|vol_trans_fade_h1_high_cooling_h12_tp06_sl065,2024-07-09 12:00:00+00:00,STAGE28A,data/reports/stage28a_discovery_factory_batch_runner/stage28a_exact_trades.csv,volatility_transition_v1,vol_trans_fade_h1_high_cooling_h12_tp06_sl065,0.7894000000000233,-0.2605999999999766,-0.9605999999999764,0,0,0,0,0.2605999999999766,40.36999999999989,9.490000000000236,0.8303477344573144,10.409999999999854,0.3170028818443586,3.7199999999998,5.04549999999997,0.528,-1.0,,,12,1,7.0,2024
2024-07-10 12:00:00+00:00|-1.0|vol_trans_fade_h1_high_cooling_h12_tp06_sl065,2024-07-10 12:00:00+00:00,STAGE28A,data/reports/stage28a_discovery_factory_batch_runner/stage28a_exact_trades.csv,volatility_transition_v1,vol_trans_fade_h1_high_cooling_h12_tp06_sl065,-1.5394999999999528,-2.5894999999999526,-3.2894999999999524,0,0,0,0,2.5894999999999526,22.20999999999958,7.329999999999927,0.5184174624829767,8.309999999999945,0.4500601684716975,2.7399999999997817,4.854500000000007,0.428,-1.0,,,12,2,7.0,2024
2024-07-11 12:00:00+00:00|-1.0|vol_trans_fade_h1_high_cooling_h12_tp06_sl065,2024-07-11 12:00:00+00:00,STAGE28A,data/reports/stage28a_discovery_factory_batch_runner/stage28a_exact_trades.csv,volatility_transition_v1,vol_trans_fade_h1_high_cooling_h12_tp06_sl065,1.0185999999997877,-0.0314000000002123,-0.7314000000002121,0,0,0,0,0.0314000000002123,23.670000000000073,9.08999999999969,0.6567656765677071,6.099999999999909,0.8606557377049309,4.450000000000273,4.125500000000011,0.212,-1.0,,,12,3,7.0,2024
2024-07-15 12:00:00+00:00|-1.0|vol_trans_fade_h1_high_cooling_h12_tp06_sl065,2024-07-15 12:00:00+00:00,STAGE28A,data/reports/stage28a_discovery_factory_batch_runner/stage28a_exact_trades.csv,volatility_transition_v1,vol_trans_fade_h1_high_cooling_h12_tp06_sl065,1.0165000000000872,-0.0334999999999126,-0.7334999999999123,0,0,0,0,0.0334999999999126,7.980000000000018,9.950000000000273,0.40703517587940413,12.690000000000055,0.06619385342790716,5.1599999999998545,4.639499999999998,0.3,-1.0,,,12,0,7.0,2024
2024-07-16 12:00:00+00:00|1.0|vol_trans_fade_h1_high_cooling_h12_tp06_sl065,2024-07-16 12:00:00+00:00,STAGE28A,data/reports/stage28a_discovery_factory_batch_runner/stage28a_exact_trades.csv,volatility_transition_v1,vol_trans_fade_h1_high_cooling_h12_tp06_sl065,-2.179099999999926,-3.2290999999999257,-3.929099999999925,0,0,0,1,3.2290999999999257,38.409999999999854,11.559999999999945,0.6643598615916845,18.269999999999982,0.75478927203065,4.890000000000327,5.369000000000005,0.652,1.0,,,12,1,7.0,2024
2024-07-24 12:00:00+00:00|1.0|vol_trans_fade_h1_high_cooling_h12_tp06_sl065,2024-07-24 12:00:00+00:00,STAGE28A,data/reports/stage28a_discovery_factory_batch_runner/stage28a_exact_trades.csv,volatility_transition_v1,vol_trans_fade_h1_high_cooling_h12_tp06_sl065,-1.9519249999999373,-3.0019249999999373,-3.701924999999937,0,0,0,0,3.0019249999999373,23.950000000000273,13.399999999999636,0.53358208955226,9.379999999999654,0.32622601279323166,4.459999999999582,4.633999999999924,0.124,1.0,,,12,2,7.0,2024
2024-07-30 12:00:00+00:00|1.0|vol_trans_fade_h1_high_cooling_h12_tp06_sl065,2024-07-30 12:00:00+00:00,STAGE28A,data/reports/stage28a_discovery_factory_batch_runner/stage28a_exact_trades.csv,volatility_transition_v1,vol_trans_fade_h1_high_cooling_h12_tp06_sl065,-1.7123999999999795,-2.7623999999999795,-3.4623999999999797,0,0,0,0,2.7623999999999795,33.460000000000036,9.460000000000036,0.18181818181820805,6.4099999999998545,0.5397815912636684,2.9400000000000546,5.174500000000035,0.116,1.0,,,12,1,7.0,2024
2024-08-12 12:00:00+00:00|-1.0|vol_trans_fade_h1_high_cooling_h12_tp06_sl065,2024-08-12 12:00:00+00:00,STAGE28A,data/reports/stage28a_discovery_factory_batch_runner/stage28a_exact_trades.csv,volatility_transition_v1,vol_trans_fade_h1_high_cooling_h12_tp06_sl065,-1.96200000000008,-3.01200000000008,-3.71200000000008,0,0,0,0,3.01200000000008,6.519999999999982,9.389999999999873,0.19914802981894741,16.960000000000036,0.8384433962264283,4.190000000000055,4.987000000000012,0.032,-1.0,,,12,0,8.0,2024
2024-08-14 12:00:00+00:00|-1.0|vol_trans_fade_h1_high_cooling_h12_tp06_sl065,2024-08-14 12:00:00+00:00,STAGE28A,data/reports/stage28a_discovery_factory_batch_runner/stage28a_exact_trades.csv,volatility_transition_v1,vol_trans_fade_h1_high_cooling_h12_tp06_sl065,1.2177999999998064,0.1677999999998065,-0.5322000000001932,1,0,1,0,0.1677999999998065,18.51000000000022,17.210000000000036,0.2719349215572505,19.289999999999964,0.6174183514774431,9.860000000000127,5.772500000000036,0.212,-1.0,,,12,2,8.0,2024
2024-08-15 12:00:00+00:00|1.0|vol_trans_fade_h1_high_cooling_h12_tp06_sl065,2024-08-15 12:00:00+00:00,STAGE28A,data/reports/stage28a_discovery_factory_batch_runner/stage28a_exact_trades.csv,volatility_transition_v1,vol_trans_fade_h1_high_cooling_h12_tp06_sl065,0.9625,-0.0874999999999999,-0.7874999999999996,0,0,0,0,0.0874999999999999,41.86000000000013,7.900000000000091,0.7367088607595059,8.480000000000018,0.36320754716980197,3.649999999999636,5.4629999999999885,0.1,1.0,,,12,3,8.0,2024
2024-08-20 12:00:00+00:00|-1.0|vol_trans_fade_h1_high_cooling_h12_tp06_sl065,2024-08-20 12:00:00+00:00,STAGE28A,data/reports/stage28a_discovery_factory_batch_runner/stage28a_exact_trades.csv,volatility_transition_v1,vol_trans_fade_h1_high_cooling_h12_tp06_sl065,1.975600000000122,0.9256000000001224,0.2256000000001226,1,1,1,0,0.9256000000001224,23.800000000000182,9.5,0.2642105263157646,27.909999999999854,0.7115729129344404,8.679999999999836,5.376499999999988,0.148,-1.0,,,12,1,8.0,2024
2024-08-23 12:00:00+00:00|-1.0|vol_trans_fade_h1_high_cooling_h12_tp06_sl065,2024-08-23 12:00:00+00:00,STAGE28A,data/reports/stage28a_discovery_factory_batch_runner/stage28a_exact_trades.csv,volatility_transition_v1,vol_trans_fade_h1_high_cooling_h12_tp06_sl065,0.960399999999845,-0.0896000000001548,-0.7896000000001546,0,0,0,0,0.0896000000001548,44.07999999999993,10.150000000000091,0.8068965517241361,11.450000000000273,0.5152838427947157,7.0300000000002,5.575499999999988,0.272,-1.0,,,12,4,8.0,2024
2024-08-26 12:00:00+00:00|-1.0|vol_trans_fade_h1_high_cooling_h12_tp06_sl065,2024-08-26 12:00:00+00:00,STAGE28A,data/reports/stage28a_discovery_factory_batch_runner/stage28a_exact_trades.csv,volatility_transition_v1,vol_trans_fade_h1_high_cooling_h12_tp06_sl065,1.0372000000001207,-0.0127999999998791,-0.7127999999998789,0,0,0,0,0.0127999999998791,3.9699999999998,7.550000000000182,0.3894039735099316,17.070000000000164,0.8904510837727081,5.039999999999964,5.440499999999974,0.22,-1.0,,,12,0,8.0,2024
2024-08-27 12:00:00+00:00|-1.0|vol_trans_fade_h1_high_cooling_h12_tp06_sl065,2024-08-27 12:00:00+00:00,STAGE28A,data/reports/stage28a_discovery_factory_batch_runner/stage28a_exact_trades.csv,volatility_transition_v1,vol_trans_fade_h1_high_cooling_h12_tp06_sl065,1.5558999999997467,0.5058999999997469,-0.1941000000002528,1,0,1,0,0.5058999999997469,18.050000000000182,11.989999999999782,0.6905754795662966,13.979999999999563,0.006437768240353958,9.009999999999764,5.43299999999997,0.276,-1.0,,,12,1,8.0,2024
2024-08-28 12:00:00+00:00|1.0|vol_trans_fade_h1_high_cooling_h12_tp06_sl065,2024-08-28 12:00:00+00:00,STAGE28A,data/reports/stage28a_discovery_factory_batch_runner/stage28a_exact_trades.csv,volatility_transition_v1,vol_trans_fade_h1_high_cooling_h12_tp06_sl065,1.2438999999998486,0.1938999999998487,-0.506100000000151,1,0,1,0,0.1938999999998487,22.4399999999996,15.88000000000011,0.6190176322418047,12.849999999999909,0.4513618677042621,3.7599999999997635,5.485499999999979,0.304,1.0,,,12,2,8.0,2024
2024-08-29 12:00:00+00:00|1.0|vol_trans_fade_h1_high_cooling_h12_tp06_sl065,2024-08-29 12:00:00+00:00,STAGE28A,data/reports/stage28a_discovery_factory_batch_runner/stage28a_exact_trades.csv,volatility_transition_v1,vol_trans_fade_h1_high_cooling_h12_tp06_sl065,-2.056250000000182,-3.106250000000182,-3.8062500000001815,0,0,0,1,3.106250000000182,35.45000000000027,12.860000000000127,0.7449455676516199,10.539999999999964,0.5910815939278975,4.980000000000018,4.961999999999989,0.148,1.0,,,12,3,8.0,2024
2024-08-30 12:00:00+00:00|-1.0|vol_trans_fade_h1_high_cooling_h12_tp06_sl065,2024-08-30 12:00:00+00:00,STAGE28A,data/reports/stage28a_discovery_factory_batch_runner/stage28a_exact_trades.csv,volatility_transition_v1,vol_trans_fade_h1_high_cooling_h12_tp06_sl065,1.3729000000002087,0.3229000000002089,-0.3770999999997908,1,0,1,0,0.3229000000002089,25.059999999999945,9.490000000000236,0.7766069546891157,14.860000000000127,0.7301480484522084,7.829999999999927,5.143500000000017,0.22,-1.0,,,12,4,8.0,2024
2024-09-02 12:00:00+00:00|-1.0|vol_trans_fade_h1_high_cooling_h12_tp06_sl065,2024-09-02 12:00:00+00:00,STAGE28A,data/reports/stage28a_discovery_factory_batch_runner/stage28a_exact_trades.csv,volatility_transition_v1,vol_trans_fade_h1_high_cooling_h12_tp06_sl065,-2.224275000000125,-3.274275000000125,-3.974275000000125,0,0,0,1,3.274275000000125,3.4899999999997817,14.970000000000255,0.4736138944555795,12.0,0.2233333333333197,10.010000000000218,5.512000000000012,0.4,-1.0,,,12,0,9.0,2024
2024-09-03 12:00:00+00:00|-1.0|vol_trans_fade_h1_high_cooling_h12_tp06_sl065,2024-09-03 12:00:00+00:00,STAGE28A,data/reports/stage28a_discovery_factory_batch_runner/stage28a_exact_trades.csv,volatility_transition_v1,vol_trans_fade_h1_high_cooling_h12_tp06_sl065,1.0354000000001178,-0.014599999999882,-0.7145999999998818,0,0,0,0,0.014599999999882,17.240000000000236,10.08999999999969,0.2775024777007203,13.659999999999854,0.4612005856515223,5.860000000000127,3.5599999999999454,0.016,-1.0,,,12,1,9.0,2024
2024-09-05 12:00:00+00:00|-1.0|vol_trans_fade_h1_high_cooling_h12_tp06_sl065,2024-09-05 12:00:00+00:00,STAGE28A,data/reports/stage28a_discovery_factory_batch_runner/stage28a_exact_trades.csv,volatility_transition_v1,vol_trans_fade_h1_high_cooling_h12_tp06_sl065,1.3605999999998857,0.3105999999998858,-0.3894000000001139,1,0,1,0,0.3105999999998858,28.620000000000346,4.880000000000109,0.08811475409832514,23.409999999999854,0.8821016659547296,10.679999999999836,4.888000000000057,0.232,-1.0,,,12,3,9.0,2024
2024-09-06 12:00:00+00:00|-1.0|vol_trans_fade_h1_high_cooling_h12_tp06_sl065,2024-09-06 12:00:00+00:00,STAGE28A,data/reports/stage28a_discovery_factory_batch_runner/stage28a_exact_trades.csv,volatility_transition_v1,vol_trans_fade_h1_high_cooling_h12_tp06_sl065,-1.5388500000000025,-2.588850000000002,-3.288850000000002,0,0,0,0,2.588850000000002,29.690000000000055,5.369999999999891,0.3873370577281135,6.360000000000127,0.14622641509431095,2.7399999999997817,3.8994999999999664,0.044,-1.0,,,12,4,9.0,2024
2024-09-10 12:00:00+00:00|1.0|vol_trans_fade_h1_high_cooling_h12_tp06_sl065,2024-09-10 12:00:00+00:00,STAGE28A,data/reports/stage28a_discovery_factory_batch_runner/stage28a_exact_trades.csv,volatility_transition_v1,vol_trans_fade_h1_high_cooling_h12_tp06_sl065,0.883299999999872,-0.1667000000001279,-0.8667000000001277,0,0,0,0,0.1667000000001279,21.75,6.220000000000255,0.7202572347266616,7.599999999999909,0.4552631578947471,2.980000000000018,3.9784999999999853,0.076,1.0,,,12,1,9.0,2024
2024-09-11 12:00:00+00:00|-1.0|vol_trans_fade_h1_high_cooling_h12_tp06_sl065,2024-09-11 12:00:00+00:00,STAGE28A,data/reports/stage28a_discovery_factory_batch_runner/stage28a_exact_trades.csv,volatility_transition_v1,vol_trans_fade_h1_high_cooling_h12_tp06_sl065,1.2442000000000006,0.1942000000000008,-0.5057999999999989,1,0,1,0,0.1942000000000008,18.289999999999964,7.5300000000002,0.3917662682602576,10.460000000000036,0.35946462715107125,6.429999999999836,4.725500000000011,0.272,-1.0,,,12,2,9.0,2024
2024-09-12 12:00:00+00:00|-1.0|vol_trans_fade_h1_high_cooling_h12_tp06_sl065,2024-09-12 12:00:00+00:00,STAGE28A,data/reports/stage28a_discovery_factory_batch_runner/stage28a_exact_trades.csv,volatility_transition_v1,vol_trans_fade_h1_high_cooling_h12_tp06_sl065,0.7539999999998145,-0.2960000000001854,-0.9960000000001852,0,0,0,0,0.2960000000001854,28.09999999999991,5.139999999999873,0.5992217898832691,7.850000000000364,0.36687898089171667,4.170000000000073,4.141499999999951,0.112,-1.0,,,12,3,9.0,2024
2024-09-16 12:00:00+00:00|-1.0|vol_trans_fade_h1_high_cooling_h12_tp06_sl065,2024-09-16 12:00:00+00:00,STAGE28A,data/reports/stage28a_discovery_factory_batch_runner/stage28a_exact_trades.csv,volatility_transition_v1,vol_trans_fade_h1_high_cooling_h12_tp06_sl065,-1.9229999999998653,-2.9729999999998653,-3.672999999999865,0,0,0,0,2.9729999999998653,2.8299999999999272,11.409999999999854,0.550394390885213,10.070000000000164,0.08142999006948318,7.130000000000109,4.294499999999971,0.164,-1.0,,,12,0,9.0,2024
2024-09-17 12:00:00+00:00|1.0|vol_trans_fade_h1_high_cooling_h12_tp06_sl065,2024-09-17 12:00:00+00:00,STAGE28A,data/reports/stage28a_discovery_factory_batch_runner/stage28a_exact_trades.csv,volatility_transition_v1,vol_trans_fade_h1_high_cooling_h12_tp06_sl065,1.2474999999998544,0.1974999999998545,-0.5025000000001452,1,0,1,0,0.1974999999998545,14.300000000000182,9.539999999999964,0.6006289308176143,15.289999999999964,0.23806409417919433,6.4900000000002365,4.568000000000097,0.22,1.0,,,12,1,9.0,2024
2024-09-18 12:00:00+00:00|1.0|vol_trans_fade_h1_high_cooling_h12_tp06_sl065,2024-09-18 12:00:00+00:00,STAGE28A,data/reports/stage28a_discovery_factory_batch_runner/stage28a_exact_trades.csv,volatility_transition_v1,vol_trans_fade_h1_high_cooling_h12_tp06_sl065,-1.764075000000139,-2.814075000000139,-3.5140750000001386,0,0,0,0,2.814075000000139,26.2199999999998,8.230000000000018,0.6342648845686255,10.759999999999764,0.369888475836441,3.6799999999998363,5.252999999999952,0.528,1.0,,,12,2,9.0,2024
2024-09-20 12:00:00+00:00|-1.0|vol_trans_fade_h1_high_cooling_h12_tp06_sl065,2024-09-20 12:00:00+00:00,STAGE28A,data/reports/stage28a_discovery_factory_batch_runner/stage28a_exact_trades.csv,volatility_transition_v1,vol_trans_fade_h1_high_cooling_h12_tp06_sl065,1.2940000000002327,0.2440000000002329,-0.4559999999997668,1,0,1,0,0.2440000000002329,43.789999999999964,8.75,0.41142857142856104,21.419999999999618,0.6984126984127126,7.2599999999997635,5.284500000000048,0.492,-1.0,,,12,4,9.0,2024
2024-09-23 12:00:00+00:00|-1.0|vol_trans_fade_h1_high_cooling_h12_tp06_sl065,2024-09-23 12:00:00+00:00,STAGE28A,data/reports/stage28a_discovery_factory_batch_runner/stage28a_exact_trades.csv,volatility_transition_v1,vol_trans_fade_h1_high_cooling_h12_tp06_sl065,-2.1683749999998327,-3.218374999999833,-3.918374999999832,0,0,0,1,3.218374999999833,3.6200000000003456,14.989999999999782,0.5376917945297209,17.51000000000022,0.39634494574528656,5.119999999999891,5.39549999999997,0.472,-1.0,,,12,0,9.0,2024
2024-09-24 12:00:00+00:00|-1.0|vol_trans_fade_h1_high_cooling_h12_tp06_sl065,2024-09-24 12:00:00+00:00,STAGE28A,data/reports/stage28a_discovery_factory_batch_runner/stage28a_exact_trades.csv,volatility_transition_v1,vol_trans_fade_h1_high_cooling_h12_tp06_sl065,-2.565850000000046,-3.6158500000000457,-4.3158500000000455,0,0,0,1,3.6158500000000457,21.01000000000022,12.349999999999909,0.5344129554655837,17.549999999999727,0.1908831908832146,3.5700000000001637,4.837500000000023,0.312,-1.0,,,12,1,9.0,2024
2024-09-26 12:00:00+00:00|-1.0|vol_trans_fade_h1_high_cooling_h12_tp06_sl065,2024-09-26 12:00:00+00:00,STAGE28A,data/reports/stage28a_discovery_factory_batch_runner/stage28a_exact_trades.csv,volatility_transition_v1,vol_trans_fade_h1_high_cooling_h12_tp06_sl065,-1.9373000000001408,-2.987300000000141,-3.687300000000141,0,0,0,0,2.987300000000141,20.829999999999927,7.170000000000073,0.6094839609484382,12.570000000000164,0.49721559268098,5.890000000000327,5.310999999999899,0.412,-1.0,,,12,3,9.0,2024
2024-10-01 12:00:00+00:00|-1.0|vol_trans_fade_h1_high_cooling_h12_tp06_sl065,2024-10-01 12:00:00+00:00,STAGE28A,data/reports/stage28a_discovery_factory_batch_runner/stage28a_exact_trades.csv,volatility_transition_v1,vol_trans_fade_h1_high_cooling_h12_tp06_sl065,0.9450999999998204,-0.1049000000001796,-0.8049000000001794,0,0,0,0,0.1049000000001796,41.48000000000002,7.730000000000018,0.3842173350582468,11.840000000000146,0.9045608108108028,4.349999999999909,5.171500000000037,0.232,-1.0,,,12,1,10.0,2024
2024-10-03 12:00:00+00:00|1.0|vol_trans_fade_h1_high_cooling_h12_tp06_sl065,2024-10-03 12:00:00+00:00,STAGE28A,data/reports/stage28a_discovery_factory_batch_runner/stage28a_exact_trades.csv,volatility_transition_v1,vol_trans_fade_h1_high_cooling_h12_tp06_sl065,-2.2392249999998968,-3.2892249999998966,-3.989224999999896,0,0,0,1,3.2892249999998966,22.240000000000236,9.679999999999836,0.3615702479338904,16.659999999999854,0.6818727490996535,5.599999999999909,5.699000000000001,0.328,1.0,,,12,3,10.0,2024
2024-10-04 12:00:00+00:00|1.0|vol_trans_fade_h1_high_cooling_h12_tp06_sl065,2024-10-04 12:00:00+00:00,STAGE28A,data/reports/stage28a_discovery_factory_batch_runner/stage28a_exact_trades.csv,volatility_transition_v1,vol_trans_fade_h1_high_cooling_h12_tp06_sl065,0.972700000000168,-0.0772999999998318,-0.7772999999998316,0,0,0,0,0.0772999999998318,25.61999999999989,9.210000000000036,0.5570032573289999,11.019999999999982,0.33212341197820877,2.730000000000018,5.294999999999982,0.216,1.0,,,12,4,10.0,2024
2024-10-10 12:00:00+00:00|1.0|vol_trans_fade_h1_high_cooling_h12_tp06_sl065,2024-10-10 12:00:00+00:00,STAGE28A,data/reports/stage28a_discovery_factory_batch_runner/stage28a_exact_trades.csv,volatility_transition_v1,vol_trans_fade_h1_high_cooling_h12_tp06_sl065,1.027599999999802,-0.0224000000001978,-0.7224000000001976,0,0,0,0,0.0224000000001978,19.230000000000018,10.960000000000036,0.2636861313868903,8.2199999999998,0.6630170316301643,3.769999999999982,5.151999999999998,0.088,1.0,,,12,3,10.0,2024
2024-10-14 12:00:00+00:00|1.0|vol_trans_fade_h1_high_cooling_h12_tp06_sl065,2024-10-14 12:00:00+00:00,STAGE28A,data/reports/stage28a_discovery_factory_batch_runner/stage28a_exact_trades.csv,volatility_transition_v1,vol_trans_fade_h1_high_cooling_h12_tp06_sl065,-2.1706500000001143,-3.220650000000114,-3.920650000000114,0,0,0,1,3.220650000000114,11.429999999999836,14.259999999999764,0.3709677419354875,11.480000000000018,0.24912891986063787,3.5399999999999636,5.671999999999912,0.212,1.0,,,12,0,10.0,2024
2024-10-15 12:00:00+00:00|-1.0|vol_trans_fade_h1_high_cooling_h12_tp06_sl065,2024-10-15 12:00:00+00:00,STAGE28A,data/reports/stage28a_discovery_factory_batch_runner/stage28a_exact_trades.csv,volatility_transition_v1,vol_trans_fade_h1_high_cooling_h12_tp06_sl065,-2.2109499999997757,-3.260949999999775,-3.960949999999775,0,0,0,1,3.260949999999775,23.659999999999854,8.349999999999909,0.5185628742514939,17.829999999999927,0.448121144139081,5.940000000000055,5.407000000000016,0.152,-1.0,,,12,1,10.0,2024
2024-10-16 12:00:00+00:00|-1.0|vol_trans_fade_h1_high_cooling_h12_tp06_sl065,2024-10-16 12:00:00+00:00,STAGE28A,data/reports/stage28a_discovery_factory_batch_runner/stage28a_exact_trades.csv,volatility_transition_v1,vol_trans_fade_h1_high_cooling_h12_tp06_sl065,-2.13229999999985,-3.18229999999985,-3.8822999999998498,0,0,0,1,3.18229999999985,31.110000000000127,11.359999999999673,0.4383802816901551,17.08999999999969,0.7577530719719431,5.489999999999782,5.433999999999992,0.156,-1.0,,,12,2,10.0,2024
2024-10-17 12:00:00+00:00|1.0|vol_trans_fade_h1_high_cooling_h12_tp06_sl065,2024-10-17 12:00:00+00:00,STAGE28A,data/reports/stage28a_discovery_factory_batch_runner/stage28a_exact_trades.csv,volatility_transition_v1,vol_trans_fade_h1_high_cooling_h12_tp06_sl065,-2.1625249999998237,-3.212524999999823,-3.912524999999823,0,0,0,1,3.212524999999823,26.559999999999945,11.63000000000011,0.2579535683576932,9.230000000000018,0.2979414951245931,3.8799999999996544,5.10349999999994,0.08,1.0,,,12,3,10.0,2024
2024-10-18 12:00:00+00:00|-1.0|vol_trans_fade_h1_high_cooling_h12_tp06_sl065,2024-10-18 12:00:00+00:00,STAGE28A,data/reports/stage28a_discovery_factory_batch_runner/stage28a_exact_trades.csv,volatility_transition_v1,vol_trans_fade_h1_high_cooling_h12_tp06_sl065,1.4491000000001804,0.3991000000001805,-0.3008999999998192,1,0,1,0,0.3991000000001805,23.579999999999927,20.360000000000127,0.849214145383097,12.329999999999927,0.11678832116788833,4.550000000000182,5.847000000000025,0.376,-1.0,,,12,4,10.0,2024
2024-10-21 12:00:00+00:00|-1.0|vol_trans_fade_h1_high_cooling_h12_tp06_sl065,2024-10-21 12:00:00+00:00,STAGE28A,data/reports/stage28a_discovery_factory_batch_runner/stage28a_exact_trades.csv,volatility_transition_v1,vol_trans_fade_h1_high_cooling_h12_tp06_sl065,1.1490999999999985,0.0990999999999986,-0.6009000000000011,1,0,0,0,0.0990999999999986,4.5300000000002,13.570000000000164,0.585851142225477,13.420000000000073,0.21833084947837708,3.700000000000273,4.958000000000084,0.064,-1.0,,,12,0,10.0,2024
2024-10-22 12:00:00+00:00|-1.0|vol_trans_fade_h1_high_cooling_h12_tp06_sl065,2024-10-22 12:00:00+00:00,STAGE28A,data/reports/stage28a_discovery_factory_batch_runner/stage28a_exact_trades.csv,volatility_transition_v1,vol_trans_fade_h1_high_cooling_h12_tp06_sl065,1.1737000000001898,0.1237000000001899,-0.5762999999998097,1,0,0,0,0.1237000000001899,26.529999999999745,14.860000000000127,0.6917900403768581,9.539999999999964,0.06918238993709193,6.889999999999873,5.848999999999978,0.44,-1.0,,,12,1,10.0,2024
2024-10-23 12:00:00+00:00|-1.0|vol_trans_fade_h1_high_cooling_h12_tp06_sl065,2024-10-23 12:00:00+00:00,STAGE28A,data/reports/stage28a_discovery_factory_batch_runner/stage28a_exact_trades.csv,volatility_transition_v1,vol_trans_fade_h1_high_cooling_h12_tp06_sl065,-1.8485750000000736,-2.8985750000000734,-3.598575000000073,0,0,0,0,2.8985750000000734,30.76000000000022,10.180000000000291,0.1237721021611181,13.070000000000164,0.3458301453710731,3.7800000000002,5.046000000000004,0.084,-1.0,,,12,2,10.0,2024
2024-10-25 12:00:00+00:00|1.0|vol_trans_fade_h1_high_cooling_h12_tp06_sl065,2024-10-25 12:00:00+00:00,STAGE28A,data/reports/stage28a_discovery_factory_batch_runner/stage28a_exact_trades.csv,volatility_transition_v1,vol_trans_fade_h1_high_cooling_h12_tp06_sl065,-2.101749999999902,-3.1517499999999017,-3.851749999999901,0,0,0,1,3.1517499999999017,29.029999999999745,11.730000000000018,0.7357203751065725,15.730000000000018,0.3146853146853317,8.179999999999836,5.500499999999965,0.32,1.0,,,12,4,10.0,2024
2024-10-28 12:00:00+00:00|1.0|vol_trans_fade_h1_high_cooling_h12_tp06_sl065,2024-10-28 12:00:00+00:00,STAGE28A,data/reports/stage28a_discovery_factory_batch_runner/stage28a_exact_trades.csv,volatility_transition_v1,vol_trans_fade_h1_high_cooling_h12_tp06_sl065,1.9345000000002075,0.8845000000002075,0.1845000000002077,1,1,1,0,0.8845000000002075,10.010000000000218,15.480000000000018,0.062015503875941895,16.909999999999854,0.06386753400357134,5.550000000000182,5.944500000000085,0.608,1.0,,,12,0,10.0,2024
2024-10-29 12:00:00+00:00|1.0|vol_trans_fade_h1_high_cooling_h12_tp06_sl065,2024-10-29 12:00:00+00:00,STAGE28A,data/reports/stage28a_discovery_factory_batch_runner/stage28a_exact_trades.csv,volatility_transition_v1,vol_trans_fade_h1_high_cooling_h12_tp06_sl065,1.444600000000173,0.3946000000001732,-0.3053999999998265,1,0,1,0,0.3946000000001732,21.190000000000055,18.070000000000164,0.8096292197011609,10.590000000000146,0.47969782813974104,6.569999999999709,4.962500000000046,0.116,1.0,,,12,1,10.0,2024
2024-10-30 12:00:00+00:00|-1.0|vol_trans_fade_h1_high_cooling_h12_tp06_sl065,2024-10-30 12:00:00+00:00,STAGE28A,data/reports/stage28a_discovery_factory_batch_runner/stage28a_exact_trades.csv,volatility_transition_v1,vol_trans_fade_h1_high_cooling_h12_tp06_sl065,1.3030000000002473,0.2530000000002474,-0.4469999999997522,1,0,1,0,0.2530000000002474,35.41000000000031,9.389999999999873,0.7518636847710374,11.7800000000002,0.0008488964346534898,4.349999999999909,5.357499999999982,0.276,-1.0,,,12,2,10.0,2024
2024-10-31 12:00:00+00:00|1.0|vol_trans_fade_h1_high_cooling_h12_tp06_sl065,2024-10-31 12:00:00+00:00,STAGE28A,data/reports/stage28a_discovery_factory_batch_runner/stage28a_exact_trades.csv,volatility_transition_v1,vol_trans_fade_h1_high_cooling_h12_tp06_sl065,1.2319000000001323,0.1819000000001325,-0.5180999999998672,1,0,1,0,0.1819000000001325,19.139999999999873,8.029999999999745,0.2889165628891952,13.509999999999764,0.2672094744633409,3.1899999999996,4.784999999999968,0.064,1.0,,,12,3,10.0,2024
2024-11-01 12:00:00+00:00|1.0|vol_trans_fade_h1_high_cooling_h12_tp06_sl065,2024-11-01 12:00:00+00:00,STAGE28A,data/reports/stage28a_discovery_factory_batch_runner/stage28a_exact_trades.csv,volatility_transition_v1,vol_trans_fade_h1_high_cooling_h12_tp06_sl065,-2.24994999999999,-3.2999499999999897,-3.9999499999999895,0,0,0,1,3.2999499999999897,58.65000000000009,9.6899999999996,0.9195046439629182,12.86999999999989,0.20512820512819696,7.410000000000309,5.929499999999985,0.552,1.0,,,12,4,11.0,2024
2024-11-05 12:00:00+00:00|1.0|vol_trans_fade_h1_high_cooling_h12_tp06_sl065,2024-11-05 12:00:00+00:00,STAGE28A,data/reports/stage28a_discovery_factory_batch_runner/stage28a_exact_trades.csv,volatility_transition_v1,vol_trans_fade_h1_high_cooling_h12_tp06_sl065,1.4943999999999504,0.4443999999999506,-0.2556000000000491,1,0,1,0,0.4443999999999506,18.789999999999964,13.260000000000218,0.12141779788835944,13.2800000000002,0.2567771084337201,6.0,5.523500000000058,0.284,1.0,,,12,1,11.0,2024
2024-11-11 12:00:00+00:00|1.0|vol_trans_fade_h1_high_cooling_h12_tp06_sl065,2024-11-11 12:00:00+00:00,STAGE28A,data/reports/stage28a_discovery_factory_batch_runner/stage28a_exact_trades.csv,volatility_transition_v1,vol_trans_fade_h1_high_cooling_h12_tp06_sl065,-2.44657500000003,-3.4965750000000297,-4.1965750000000295,0,0,0,1,3.4965750000000297,4.230000000000018,19.7199999999998,0.6866125760649139,14.38000000000011,0.7183588317107304,6.989999999999782,5.531500000000006,0.172,1.0,,,12,0,11.0,2024
2024-11-13 12:00:00+00:00|-1.0|vol_trans_fade_h1_high_cooling_h12_tp06_sl065,2024-11-13 12:00:00+00:00,STAGE28A,data/reports/stage28a_discovery_factory_batch_runner/stage28a_exact_trades.csv,volatility_transition_v1,vol_trans_fade_h1_high_cooling_h12_tp06_sl065,-2.258074999999826,-3.308074999999826,-4.008074999999826,0,0,0,1,3.308074999999826,37.48000000000002,15.940000000000055,0.4567126725219398,10.599999999999909,0.2584905660377604,4.230000000000018,5.9705000000000155,0.208,-1.0,,,12,2,11.0,2024
2024-11-19 12:00:00+00:00|-1.0|vol_trans_fade_h1_high_cooling_h12_tp06_sl065,2024-11-19 12:00:00+00:00,STAGE28A,data/reports/stage28a_discovery_factory_batch_runner/stage28a_exact_trades.csv,volatility_transition_v1,vol_trans_fade_h1_high_cooling_h12_tp06_sl065,1.6899999999999635,0.6399999999999637,-0.060000000000036,1,0,1,0,0.6399999999999637,52.84999999999991,15.36999999999989,0.6649316851008671,18.710000000000036,0.659005879208974,9.139999999999873,5.153000000000065,0.016,-1.0,,,12,1,11.0,2024
2024-11-20 12:00:00+00:00|1.0|vol_trans_fade_h1_high_cooling_h12_tp06_sl065,2024-11-20 12:00:00+00:00,STAGE28A,data/reports/stage28a_discovery_factory_batch_runner/stage28a_exact_trades.csv,volatility_transition_v1,vol_trans_fade_h1_high_cooling_h12_tp06_sl065,-2.438775000000169,-3.4887750000001687,-4.188775000000168,0,0,0,1,3.4887750000001687,29.179999999999836,10.159999999999854,0.14763779527559268,19.740000000000236,0.5916919959472997,4.570000000000164,5.408500000000049,0.048,1.0,,,12,2,11.0,2024
2024-11-21 12:00:00+00:00|1.0|vol_trans_fade_h1_high_cooling_h12_tp06_sl065,2024-11-21 12:00:00+00:00,STAGE28A,data/reports/stage28a_discovery_factory_batch_runner/stage28a_exact_trades.csv,volatility_transition_v1,vol_trans_fade_h1_high_cooling_h12_tp06_sl065,-2.3107249999999118,-3.360724999999911,-4.060724999999911,0,0,0,1,3.360724999999911,36.64000000000033,11.610000000000127,0.41860465116279705,17.059999999999945,0.759671746776089,8.150000000000091,6.018000000000006,0.188,1.0,,,12,3,11.0,2024
2024-11-27 12:00:00+00:00|1.0|vol_trans_fade_h1_high_cooling_h12_tp06_sl065,2024-11-27 12:00:00+00:00,STAGE28A,data/reports/stage28a_discovery_factory_batch_runner/stage28a_exact_trades.csv,volatility_transition_v1,vol_trans_fade_h1_high_cooling_h12_tp06_sl065,-2.425774999999794,-3.475774999999794,-4.175774999999794,0,0,0,1,3.475774999999794,36.76999999999998,13.510000000000218,0.4885270170244117,15.690000000000055,0.6201402166985331,5.869999999999891,6.533999999999992,0.344,1.0,,,12,2,11.0,2024
2024-11-28 12:00:00+00:00|-1.0|vol_trans_fade_h1_high_cooling_h12_tp06_sl065,2024-11-28 12:00:00+00:00,STAGE28A,data/reports/stage28a_discovery_factory_batch_runner/stage28a_exact_trades.csv,volatility_transition_v1,vol_trans_fade_h1_high_cooling_h12_tp06_sl065,-2.3071499999997287,-3.3571499999997285,-4.057149999999728,0,0,0,1,3.3571499999997285,31.329999999999927,17.48999999999978,0.33390508862208224,19.41000000000031,0.8377125193199126,5.210000000000036,6.377999999999952,0.288,-1.0,,,12,3,11.0,2024
2024-11-29 12:00:00+00:00|-1.0|vol_trans_fade_h1_high_cooling_h12_tp06_sl065,2024-11-29 12:00:00+00:00,STAGE28A,data/reports/stage28a_discovery_factory_batch_runner/stage28a_exact_trades.csv,volatility_transition_v1,vol_trans_fade_h1_high_cooling_h12_tp06_sl065,-2.701050000000214,-3.751050000000214,-4.451050000000214,0,0,0,1,3.751050000000214,28.65000000000009,30.29000000000042,0.6956091119181206,11.809999999999945,0.2464013547840701,8.7800000000002,5.945500000000061,0.224,-1.0,,,12,4,11.0,2024
2024-12-03 12:00:00+00:00|1.0|vol_trans_fade_h1_high_cooling_h12_tp06_sl065,2024-12-03 12:00:00+00:00,STAGE28A,data/reports/stage28a_discovery_factory_batch_runner/stage28a_exact_trades.csv,volatility_transition_v1,vol_trans_fade_h1_high_cooling_h12_tp06_sl065,-2.350700000000052,-3.400700000000052,-4.100700000000051,0,0,0,1,3.400700000000052,30.550000000000182,11.13000000000011,0.21024258760104833,12.860000000000127,0.21228615863141456,4.110000000000127,5.669999999999936,0.148,1.0,,,12,1,12.0,2024
2024-12-04 12:00:00+00:00|1.0|vol_trans_fade_h1_high_cooling_h12_tp06_sl065,2024-12-04 12:00:00+00:00,STAGE28A,data/reports/stage28a_discovery_factory_batch_runner/stage28a_exact_trades.csv,volatility_transition_v1,vol_trans_fade_h1_high_cooling_h12_tp06_sl065,1.2553000000001702,0.2053000000001703,-0.4946999999998294,1,0,1,0,0.2053000000001703,21.43000000000029,10.960000000000036,0.5136861313868696,14.930000000000291,0.282652377762905,4.119999999999891,5.569000000000028,0.096,1.0,,,12,2,12.0,2024
2024-12-05 12:00:00+00:00|-1.0|vol_trans_fade_h1_high_cooling_h12_tp06_sl065,2024-12-05 12:00:00+00:00,STAGE28A,data/reports/stage28a_discovery_factory_batch_runner/stage28a_exact_trades.csv,volatility_transition_v1,vol_trans_fade_h1_high_cooling_h12_tp06_sl065,1.5372999999998682,0.4872999999998684,-0.2127000000001313,1,0,1,0,0.4872999999998684,24.800000000000182,6.940000000000055,0.5821325648414888,13.88000000000011,0.17939481268009813,4.309999999999945,5.563999999999941,0.088,-1.0,,,12,3,12.0,2024
2024-12-10 12:00:00+00:00|-1.0|vol_trans_fade_h1_high_cooling_h12_tp06_sl065,2024-12-10 12:00:00+00:00,STAGE28A,data/reports/stage28a_discovery_factory_batch_runner/stage28a_exact_trades.csv,volatility_transition_v1,vol_trans_fade_h1_high_cooling_h12_tp06_sl065,-2.2216749999998684,-3.271674999999868,-3.971674999999868,0,0,0,1,3.271674999999868,48.84999999999991,15.91000000000031,0.6140791954745598,15.539999999999964,0.3301158301158379,5.300000000000182,5.652000000000021,0.132,-1.0,,,12,1,12.0,2024
2024-12-16 12:00:00+00:00|-1.0|vol_trans_fade_h1_high_cooling_h12_tp06_sl065,2024-12-16 12:00:00+00:00,STAGE28A,data/reports/stage28a_discovery_factory_batch_runner/stage28a_exact_trades.csv,volatility_transition_v1,vol_trans_fade_h1_high_cooling_h12_tp06_sl065,-2.068275000000176,-3.118275000000176,-3.818275000000176,0,0,0,1,3.118275000000176,4.569999999999709,12.110000000000127,0.10982658959536856,12.450000000000273,0.48514056224898244,4.389999999999873,5.434999999999991,0.044,-1.0,,,12,0,12.0,2024
2024-12-17 12:00:00+00:00|1.0|vol_trans_fade_h1_high_cooling_h12_tp06_sl065,2024-12-17 12:00:00+00:00,STAGE28A,data/reports/stage28a_discovery_factory_batch_runner/stage28a_exact_trades.csv,volatility_transition_v1,vol_trans_fade_h1_high_cooling_h12_tp06_sl065,1.879899999999816,0.829899999999816,0.1298999999998162,1,1,1,0,0.829899999999816,20.75,7.650000000000091,0.006535947712442001,19.0300000000002,0.7157120336311195,8.070000000000164,5.4200000000000275,0.112,1.0,,,12,1,12.0,2024
2024-12-18 12:00:00+00:00|1.0|vol_trans_fade_h1_high_cooling_h12_tp06_sl065,2024-12-18 12:00:00+00:00,STAGE28A,data/reports/stage28a_discovery_factory_batch_runner/stage28a_exact_trades.csv,volatility_transition_v1,vol_trans_fade_h1_high_cooling_h12_tp06_sl065,-1.9181250000002368,-2.9681250000002364,-3.668125000000236,0,0,0,0,2.9681250000002364,25.659999999999854,9.079999999999927,0.2444933920704645,7.559999999999945,0.42857142857146296,3.7599999999997635,4.6720000000000255,0.016,1.0,,,12,2,12.0,2024
2024-12-20 12:00:00+00:00|1.0|vol_trans_fade_h1_high_cooling_h12_tp06_sl065,2024-12-20 12:00:00+00:00,STAGE28A,data/reports/stage28a_discovery_factory_batch_runner/stage28a_exact_trades.csv,volatility_transition_v1,vol_trans_fade_h1_high_cooling_h12_tp06_sl065,1.2922000000002298,0.24220000000023,-0.4577999999997697,1,0,1,0,0.24220000000023,43.99000000000024,14.320000000000164,0.3058659217877136,11.180000000000291,0.5661896243291786,3.480000000000018,5.805500000000029,0.22,1.0,,,12,4,12.0,2024
2024-12-23 12:00:00+00:00|1.0|vol_trans_fade_h1_high_cooling_h12_tp06_sl065,2024-12-23 12:00:00+00:00,STAGE28A,data/reports/stage28a_discovery_factory_batch_runner/stage28a_exact_trades.csv,volatility_transition_v1,vol_trans_fade_h1_high_cooling_h12_tp06_sl065,1.2229000000001178,0.1729000000001179,-0.5270999999998818,1,0,1,0,0.1729000000001179,3.1600000000003092,10.0,0.1069999999999709,14.389999999999873,0.44336344683809353,4.690000000000055,5.874000000000047,0.248,1.0,,,12,0,12.0,2024
2024-12-24 12:00:00+00:00|1.0|vol_trans_fade_h1_high_cooling_h12_tp06_sl065,2024-12-24 12:00:00+00:00,STAGE28A,data/reports/stage28a_discovery_factory_batch_runner/stage28a_exact_trades.csv,volatility_transition_v1,vol_trans_fade_h1_high_cooling_h12_tp06_sl065,-1.725724999999875,-2.7757249999998748,-3.4757249999998745,0,0,0,0,2.7757249999998748,25.279999999999745,8.889999999999873,0.5129358830146243,8.309999999999945,0.5571600481347941,5.1599999999998545,4.164999999999987,0.008,1.0,,,12,1,12.0,2024
2024-12-26 12:00:00+00:00|1.0|vol_trans_fade_h1_high_cooling_h12_tp06_sl065,2024-12-26 12:00:00+00:00,STAGE28A,data/reports/stage28a_discovery_factory_batch_runner/stage28a_exact_trades.csv,volatility_transition_v1,vol_trans_fade_h1_high_cooling_h12_tp06_sl065,0.8380000000001019,-0.211999999999898,-0.9119999999998978,0,0,0,0,0.211999999999898,7.519999999999982,16.299999999999727,0.5539877300613713,6.049999999999727,0.2264462809917277,2.3600000000001273,4.461500000000024,0.092,1.0,,,12,3,12.0,2024
2024-12-27 12:00:00+00:00|1.0|vol_trans_fade_h1_high_cooling_h12_tp06_sl065,2024-12-27 12:00:00+00:00,STAGE28A,data/reports/stage28a_discovery_factory_batch_runner/stage28a_exact_trades.csv,volatility_transition_v1,vol_trans_fade_h1_high_cooling_h12_tp06_sl065,-1.9649249999998573,-3.0149249999998573,-3.714924999999857,0,0,0,0,3.0149249999998573,26.139999999999873,6.550000000000182,0.14656488549618468,14.829999999999927,0.4686446392447641,3.9200000000000728,4.466500000000042,0.156,1.0,,,12,4,12.0,2024
2024-12-30 12:00:00+00:00|-1.0|vol_trans_fade_h1_high_cooling_h12_tp06_sl065,2024-12-30 12:00:00+00:00,STAGE28A,data/reports/stage28a_discovery_factory_batch_runner/stage28a_exact_trades.csv,volatility_transition_v1,vol_trans_fade_h1_high_cooling_h12_tp06_sl065,1.160200000000168,0.1102000000001681,-0.5897999999998316,1,0,0,0,0.1102000000001681,7.4699999999998,9.489999999999782,0.2012644889357111,15.480000000000018,0.7558139534883594,6.230000000000018,5.448000000000024,0.46,-1.0,,,12,0,12.0,2024
2024-12-31 12:00:00+00:00|1.0|vol_trans_fade_h1_high_cooling_h12_tp06_sl065,2024-12-31 12:00:00+00:00,STAGE28A,data/reports/stage28a_discovery_factory_batch_runner/stage28a_exact_trades.csv,volatility_transition_v1,vol_trans_fade_h1_high_cooling_h12_tp06_sl065,-1.9701249999999164,-3.020124999999916,-3.720124999999916,0,0,0,0,3.020124999999916,32.159999999999854,8.059999999999945,0.01488833746896919,15.179999999999836,0.33596837944663793,3.8099999999999454,4.888000000000011,0.32,1.0,,,12,1,12.0,2024
2025-01-02 12:00:00+00:00|1.0|vol_trans_fade_h1_high_cooling_h12_tp06_sl065,2025-01-02 12:00:00+00:00,STAGE28A,data/reports/stage28a_discovery_factory_batch_runner/stage28a_exact_trades.csv,volatility_transition_v1,vol_trans_fade_h1_high_cooling_h12_tp06_sl065,-2.099475000000075,-3.149475000000075,-3.8494750000000746,0,0,0,1,3.149475000000075,4.2800000000002,14.769999999999982,0.6899119837508508,15.090000000000146,0.5765407554671792,4.0300000000002,5.122000000000071,0.38,1.0,,,12,3,1.0,2025
2025-01-03 12:00:00+00:00|-1.0|vol_trans_fade_h1_high_cooling_h12_tp06_sl065,2025-01-03 12:00:00+00:00,STAGE28A,data/reports/stage28a_discovery_factory_batch_runner/stage28a_exact_trades.csv,volatility_transition_v1,vol_trans_fade_h1_high_cooling_h12_tp06_sl065,1.2820000000000618,0.2320000000000619,-0.4679999999999378,1,0,1,0,0.2320000000000619,38.73000000000002,9.019999999999982,0.5000000000000252,13.019999999999982,0.40476190476190393,3.130000000000109,5.6760000000000215,0.56,-1.0,,,12,4,1.0,2025
2025-01-06 12:00:00+00:00|-1.0|vol_trans_fade_h1_high_cooling_h12_tp06_sl065,2025-01-06 12:00:00+00:00,STAGE28A,data/reports/stage28a_discovery_factory_batch_runner/stage28a_exact_trades.csv,volatility_transition_v1,vol_trans_fade_h1_high_cooling_h12_tp06_sl065,-2.1706500000001143,-3.220650000000114,-3.920650000000114,0,0,0,1,3.220650000000114,3.5399999999999636,12.860000000000127,0.43001555209954473,11.090000000000146,0.15148782687103826,4.569999999999709,5.173500000000013,0.348,-1.0,,,12,0,1.0,2025
2025-01-07 12:00:00+00:00|1.0|vol_trans_fade_h1_high_cooling_h12_tp06_sl065,2025-01-07 12:00:00+00:00,STAGE28A,data/reports/stage28a_discovery_factory_batch_runner/stage28a_exact_trades.csv,volatility_transition_v1,vol_trans_fade_h1_high_cooling_h12_tp06_sl065,1.3225000000001272,0.2725000000001274,-0.4274999999998723,1,0,1,0,0.2725000000001274,35.13000000000011,8.300000000000182,0.4325301204819358,9.7800000000002,0.575664621676891,4.029999999999745,5.464499999999975,0.52,1.0,,,12,1,1.0,2025
2025-01-08 12:00:00+00:00|-1.0|vol_trans_fade_h1_high_cooling_h12_tp06_sl065,2025-01-08 12:00:00+00:00,STAGE28A,data/reports/stage28a_discovery_factory_batch_runner/stage28a_exact_trades.csv,volatility_transition_v1,vol_trans_fade_h1_high_cooling_h12_tp06_sl065,-1.7211750000002213,-2.771175000000221,-3.471175000000221,0,0,0,0,2.771175000000221,31.429999999999836,6.260000000000218,0.4536741214056856,8.420000000000073,0.7304038004750639,3.150000000000091,4.76700000000003,0.264,-1.0,,,12,2,1.0,2025
2025-01-09 12:00:00+00:00|-1.0|vol_trans_fade_h1_high_cooling_h12_tp06_sl065,2025-01-09 12:00:00+00:00,STAGE28A,data/reports/stage28a_discovery_factory_batch_runner/stage28a_exact_trades.csv,volatility_transition_v1,vol_trans_fade_h1_high_cooling_h12_tp06_sl065,1.258299999999872,0.208299999999872,-0.4917000000001277,1,0,1,0,0.208299999999872,24.700000000000273,7.650000000000091,0.44836601307192814,10.929999999999836,0.7758462946020261,4.130000000000109,5.973500000000035,0.728,-1.0,,,12,3,1.0,2025
2025-01-10 12:00:00+00:00|1.0|vol_trans_fade_h1_high_cooling_h12_tp06_sl065,2025-01-10 12:00:00+00:00,STAGE28A,data/reports/stage28a_discovery_factory_batch_runner/stage28a_exact_trades.csv,volatility_transition_v1,vol_trans_fade_h1_high_cooling_h12_tp06_sl065,-2.1105250000001434,-3.1605250000001432,-3.860525000000143,0,0,0,1,3.1605250000001432,22.809999999999945,6.349999999999909,0.2913385826771552,11.099999999999909,0.827027027027019,4.489999999999782,4.099499999999921,0.024,1.0,,,12,4,1.0,2025
2025-01-14 12:00:00+00:00|1.0|vol_trans_fade_h1_high_cooling_h12_tp06_sl065,2025-01-14 12:00:00+00:00,STAGE28A,data/reports/stage28a_discovery_factory_batch_runner/stage28a_exact_trades.csv,volatility_transition_v1,vol_trans_fade_h1_high_cooling_h12_tp06_sl065,1.2405999999999948,0.190599999999995,-0.5094000000000047,1,0,1,0,0.190599999999995,36.73000000000002,12.5300000000002,0.4333599361532123,10.629999999999654,0.644402634054575,6.920000000000073,5.627000000000021,0.46,1.0,,,12,1,1.0,2025
2025-01-15 12:00:00+00:00|-1.0|vol_trans_fade_h1_high_cooling_h12_tp06_sl065,2025-01-15 12:00:00+00:00,STAGE28A,data/reports/stage28a_discovery_factory_batch_runner/stage28a_exact_trades.csv,volatility_transition_v1,vol_trans_fade_h1_high_cooling_h12_tp06_sl065,-1.876524999999765,-2.926524999999765,-3.6265249999997646,0,0,0,0,2.926524999999765,18.570000000000164,10.11999999999989,0.001976284584978461,14.450000000000273,0.8761245674740218,5.599999999999909,4.552499999999986,0.088,-1.0,,,12,2,1.0,2025
2025-01-16 12:00:00+00:00|-1.0|vol_trans_fade_h1_high_cooling_h12_tp06_sl065,2025-01-16 12:00:00+00:00,STAGE28A,data/reports/stage28a_discovery_factory_batch_runner/stage28a_exact_trades.csv,volatility_transition_v1,vol_trans_fade_h1_high_cooling_h12_tp06_sl065,1.474000000000069,0.4240000000000692,-0.2759999999999305,1,0,1,0,0.4240000000000692,28.210000000000036,9.349999999999909,0.27593582887700024,18.529999999999745,0.5553157042633624,8.599999999999909,5.731999999999971,0.544,-1.0,,,12,3,1.0,2025
2025-01-17 12:00:00+00:00|1.0|vol_trans_fade_h1_high_cooling_h12_tp06_sl065,2025-01-17 12:00:00+00:00,STAGE28A,data/reports/stage28a_discovery_factory_batch_runner/stage28a_exact_trades.csv,volatility_transition_v1,vol_trans_fade_h1_high_cooling_h12_tp06_sl065,1.0617999999998573,0.0117999999998574,-0.6882000000001423,1,0,0,0,0.0117999999998574,34.73000000000002,7.489999999999782,0.006675567423255454,12.769999999999982,0.8433829287392324,8.150000000000091,4.323000000000002,0.056,1.0,,,12,4,1.0,2025
2025-01-20 12:00:00+00:00|1.0|vol_trans_fade_h1_high_cooling_h12_tp06_sl065,2025-01-20 12:00:00+00:00,STAGE28A,data/reports/stage28a_discovery_factory_batch_runner/stage28a_exact_trades.csv,volatility_transition_v1,vol_trans_fade_h1_high_cooling_h12_tp06_sl065,1.3092999999998027,0.2592999999998029,-0.4407000000001968,1,0,1,0,0.2592999999998029,11.990000000000236,17.269999999999982,0.5500868558193405,10.960000000000036,0.23448905109486318,5.929999999999836,5.955500000000006,0.644,1.0,,,12,0,1.0,2025
2025-01-22 12:00:00+00:00|-1.0|vol_trans_fade_h1_high_cooling_h12_tp06_sl065,2025-01-22 12:00:00+00:00,STAGE28A,data/reports/stage28a_discovery_factory_batch_runner/stage28a_exact_trades.csv,volatility_transition_v1,vol_trans_fade_h1_high_cooling_h12_tp06_sl065,-2.766049999999814,-3.8160499999998136,-4.516049999999813,0,0,0,1,3.8160499999998136,43.279999999999745,10.9699999999998,0.711030082041962,17.90000000000009,0.44525139664803126,9.569999999999709,6.274499999999944,0.764,-1.0,,,12,2,1.0,2025
2025-01-23 12:00:00+00:00|1.0|vol_trans_fade_h1_high_cooling_h12_tp06_sl065,2025-01-23 12:00:00+00:00,STAGE28A,data/reports/stage28a_discovery_factory_batch_runner/stage28a_exact_trades.csv,volatility_transition_v1,vol_trans_fade_h1_high_cooling_h12_tp06_sl065,1.2112000000000989,0.161200000000099,-0.5387999999999007,1,0,1,0,0.161200000000099,21.449999999999818,6.809999999999945,0.5624082232011686,14.75,0.02440677966102558,13.039999999999964,4.31050000000007,0.06,1.0,,,12,3,1.0,2025
2025-01-24 12:00:00+00:00|1.0|vol_trans_fade_h1_high_cooling_h12_tp06_sl065,2025-01-24 12:00:00+00:00,STAGE28A,data/reports/stage28a_discovery_factory_batch_runner/stage28a_exact_trades.csv,volatility_transition_v1,vol_trans_fade_h1_high_cooling_h12_tp06_sl065,-2.1579750000001696,-3.207975000000169,-3.907975000000169,0,0,0,1,3.207975000000169,23.25,23.940000000000055,0.7263993316624826,8.300000000000182,0.44578313253014357,6.769999999999982,5.84699999999998,0.492,1.0,,,12,4,1.0,2025
2025-01-27 12:00:00+00:00|-1.0|vol_trans_fade_h1_high_cooling_h12_tp06_sl065,2025-01-27 12:00:00+00:00,STAGE28A,data/reports/stage28a_discovery_factory_batch_runner/stage28a_exact_trades.csv,volatility_transition_v1,vol_trans_fade_h1_high_cooling_h12_tp06_sl065,-2.728349999999955,-3.778349999999955,-4.4783499999999545,0,0,0,1,3.778349999999955,5.839999999999691,18.460000000000036,0.49620801733476905,23.769999999999982,0.4030290281867873,9.199999999999818,6.344999999999982,0.804,-1.0,,,12,0,1.0,2025
2025-01-28 12:00:00+00:00|-1.0|vol_trans_fade_h1_high_cooling_h12_tp06_sl065,2025-01-28 12:00:00+00:00,STAGE28A,data/reports/stage28a_discovery_factory_batch_runner/stage28a_exact_trades.csv,volatility_transition_v1,vol_trans_fade_h1_high_cooling_h12_tp06_sl065,1.1247999999999592,0.0747999999999593,-0.6252000000000404,1,0,0,0,0.0747999999999593,42.289999999999964,7.579999999999927,0.09366754617414817,10.570000000000164,0.07284768211920245,4.870000000000346,5.74249999999995,0.416,-1.0,,,12,1,1.0,2025
2025-01-29 12:00:00+00:00|1.0|vol_trans_fade_h1_high_cooling_h12_tp06_sl065,2025-01-29 12:00:00+00:00,STAGE28A,data/reports/stage28a_discovery_factory_batch_runner/stage28a_exact_trades.csv,volatility_transition_v1,vol_trans_fade_h1_high_cooling_h12_tp06_sl065,0.9520000000001346,-0.0979999999998653,-0.797999999999865,0,0,0,0,0.0979999999998653,30.639999999999873,4.730000000000018,0.061310782241006875,8.909999999999854,0.48260381593717755,3.7899999999999636,3.5335000000000036,0.016,1.0,,,12,2,1.0,2025
2025-01-30 12:00:00+00:00|1.0|vol_trans_fade_h1_high_cooling_h12_tp06_sl065,2025-01-30 12:00:00+00:00,STAGE28A,data/reports/stage28a_discovery_factory_batch_runner/stage28a_exact_trades.csv,volatility_transition_v1,vol_trans_fade_h1_high_cooling_h12_tp06_sl065,-2.1023999999998524,-3.152399999999852,-3.852399999999852,0,0,0,1,3.152399999999852,21.470000000000255,5.330000000000382,0.035647279549726255,20.539999999999964,0.8695228821811177,5.129999999999654,5.309000000000014,0.328,1.0,,,12,3,1.0,2025
2025-01-31 12:00:00+00:00|-1.0|vol_trans_fade_h1_high_cooling_h12_tp06_sl065,2025-01-31 12:00:00+00:00,STAGE28A,data/reports/stage28a_discovery_factory_batch_runner/stage28a_exact_trades.csv,volatility_transition_v1,vol_trans_fade_h1_high_cooling_h12_tp06_sl065,-2.0708749999999783,-3.120874999999978,-3.820874999999978,0,0,0,1,3.120874999999978,40.40000000000009,7.369999999999891,0.03799185888734728,10.140000000000327,0.16074950690331377,3.6700000000000728,5.485499999999979,0.412,-1.0,,,12,4,1.0,2025
2025-02-07 12:00:00+00:00|-1.0|vol_trans_fade_h1_high_cooling_h12_tp06_sl065,2025-02-07 12:00:00+00:00,STAGE28A,data/reports/stage28a_discovery_factory_batch_runner/stage28a_exact_trades.csv,volatility_transition_v1,vol_trans_fade_h1_high_cooling_h12_tp06_sl065,-2.1917749999998706,-3.2417749999998704,-3.94177499999987,0,0,0,1,3.2417749999998704,39.25,15.579999999999927,0.5353016688061736,11.7199999999998,0.09556313993173293,5.199999999999818,5.98599999999999,0.384,-1.0,,,12,4,2.0,2025
2025-02-14 12:00:00+00:00|-1.0|vol_trans_fade_h1_high_cooling_h12_tp06_sl065,2025-02-14 12:00:00+00:00,STAGE28A,data/reports/stage28a_discovery_factory_batch_runner/stage28a_exact_trades.csv,volatility_transition_v1,vol_trans_fade_h1_high_cooling_h12_tp06_sl065,-2.340299999999934,-3.3902999999999337,-4.090299999999933,0,0,0,1,3.3902999999999337,31.13000000000011,10.860000000000127,0.24677716390425963,13.309999999999945,0.5416979714500425,4.639999999999873,5.945999999999958,0.084,-1.0,,,12,4,2.0,2025
2025-02-18 12:00:00+00:00|-1.0|vol_trans_fade_h1_high_cooling_h12_tp06_sl065,2025-02-18 12:00:00+00:00,STAGE28A,data/reports/stage28a_discovery_factory_batch_runner/stage28a_exact_trades.csv,volatility_transition_v1,vol_trans_fade_h1_high_cooling_h12_tp06_sl065,-2.142699999999968,-3.192699999999968,-3.892699999999968,0,0,0,1,3.192699999999968,28.340000000000146,19.059999999999945,0.600734522560328,8.389999999999873,0.07866507747322041,3.3900000000003274,4.717500000000041,0.012,-1.0,,,12,1,2.0,2025
2025-03-12 12:00:00+00:00|1.0|vol_trans_fade_h1_high_cooling_h12_tp06_sl065,2025-03-12 12:00:00+00:00,STAGE28A,data/reports/stage28a_discovery_factory_batch_runner/stage28a_exact_trades.csv,volatility_transition_v1,vol_trans_fade_h1_high_cooling_h12_tp06_sl065,-2.664649999999801,-3.714649999999801,-4.414649999999801,0,0,0,1,3.714649999999801,41.909999999999854,9.090000000000146,0.10121012101205756,16.450000000000273,0.043161094224925506,11.730000000000018,5.618999999999983,0.024,1.0,,,12,2,3.0,2025
2025-03-13 12:00:00+00:00|-1.0|vol_trans_fade_h1_high_cooling_h12_tp06_sl065,2025-03-13 12:00:00+00:00,STAGE28A,data/reports/stage28a_discovery_factory_batch_runner/stage28a_exact_trades.csv,volatility_transition_v1,vol_trans_fade_h1_high_cooling_h12_tp06_sl065,-2.4377999999997884,-3.487799999999788,-4.187799999999788,0,0,0,1,3.487799999999788,34.40000000000009,14.309999999999945,0.8315863032844261,15.86999999999989,0.043478260869568956,7.820000000000164,5.791999999999985,0.048,-1.0,,,12,3,3.0,2025
2025-03-17 12:00:00+00:00|-1.0|vol_trans_fade_h1_high_cooling_h12_tp06_sl065,2025-03-17 12:00:00+00:00,STAGE28A,data/reports/stage28a_discovery_factory_batch_runner/stage28a_exact_trades.csv,volatility_transition_v1,vol_trans_fade_h1_high_cooling_h12_tp06_sl065,1.13050000000012,0.0805000000001201,-0.6194999999998796,1,0,0,0,0.0805000000001201,10.909999999999854,11.659999999999854,0.14493996569468917,17.420000000000073,0.9466130884041167,9.199999999999818,5.64699999999998,0.044,-1.0,,,12,0,3.0,2025
2025-03-18 12:00:00+00:00|1.0|vol_trans_fade_h1_high_cooling_h12_tp06_sl065,2025-03-18 12:00:00+00:00,STAGE28A,data/reports/stage28a_discovery_factory_batch_runner/stage28a_exact_trades.csv,volatility_transition_v1,vol_trans_fade_h1_high_cooling_h12_tp06_sl065,-2.980549999999857,-4.030549999999858,-4.730549999999857,0,0,0,1,4.030549999999858,20.670000000000073,17.58999999999969,0.8095508811824919,22.340000000000146,0.4185317815577372,10.389999999999873,6.042499999999995,0.184,1.0,,,12,1,3.0,2025
2025-03-19 12:00:00+00:00|-1.0|vol_trans_fade_h1_high_cooling_h12_tp06_sl065,2025-03-19 12:00:00+00:00,STAGE28A,data/reports/stage28a_discovery_factory_batch_runner/stage28a_exact_trades.csv,volatility_transition_v1,vol_trans_fade_h1_high_cooling_h12_tp06_sl065,-3.066350000000148,-4.116350000000148,-4.816350000000147,0,0,0,1,4.116350000000148,38.73999999999978,11.580000000000382,0.2573402417961934,22.529999999999745,0.08521970705726119,8.319999999999709,5.871499999999992,0.168,-1.0,,,12,2,3.0,2025
2025-03-20 12:00:00+00:00|1.0|vol_trans_fade_h1_high_cooling_h12_tp06_sl065,2025-03-20 12:00:00+00:00,STAGE28A,data/reports/stage28a_discovery_factory_batch_runner/stage28a_exact_trades.csv,volatility_transition_v1,vol_trans_fade_h1_high_cooling_h12_tp06_sl065,1.8378999999998995,0.7878999999998997,0.0878999999998999,1,1,1,0,0.7878999999998997,29.179999999999836,12.38000000000011,0.4491114701130773,28.149999999999636,0.6600355239786916,5.620000000000346,6.7690000000000285,0.412,1.0,,,12,3,3.0,2025
2025-03-21 12:00:00+00:00|1.0|vol_trans_fade_h1_high_cooling_h12_tp06_sl065,2025-03-21 12:00:00+00:00,STAGE28A,data/reports/stage28a_discovery_factory_batch_runner/stage28a_exact_trades.csv,volatility_transition_v1,vol_trans_fade_h1_high_cooling_h12_tp06_sl065,-2.651649999999881,-3.701649999999881,-4.401649999999881,0,0,0,1,3.701649999999881,32.0,19.5,0.7379487179487114,13.140000000000327,0.07686453576866005,5.2800000000002,5.258999999999946,0.012,1.0,,,12,4,3.0,2025
2025-03-24 12:00:00+00:00|1.0|vol_trans_fade_h1_high_cooling_h12_tp06_sl065,2025-03-24 12:00:00+00:00,STAGE28A,data/reports/stage28a_discovery_factory_batch_runner/stage28a_exact_trades.csv,volatility_transition_v1,vol_trans_fade_h1_high_cooling_h12_tp06_sl065,-2.3923000000000685,-3.4423000000000683,-4.142300000000068,0,0,0,1,3.4423000000000683,5.869999999999891,12.66000000000031,0.09794628751976352,15.970000000000255,0.5453976205385033,8.33999999999969,6.266500000000019,0.34,1.0,,,12,0,3.0,2025
2025-03-25 12:00:00+00:00|-1.0|vol_trans_fade_h1_high_cooling_h12_tp06_sl065,2025-03-25 12:00:00+00:00,STAGE28A,data/reports/stage28a_discovery_factory_batch_runner/stage28a_exact_trades.csv,volatility_transition_v1,vol_trans_fade_h1_high_cooling_h12_tp06_sl065,1.365099999999893,0.3150999999998931,-0.3849000000001066,1,0,1,0,0.3150999999998931,30.789999999999964,8.889999999999873,0.4915635545556753,14.550000000000182,0.5862542955326212,4.4900000000002365,6.138500000000045,0.312,-1.0,,,12,1,3.0,2025
2025-03-26 12:00:00+00:00|1.0|vol_trans_fade_h1_high_cooling_h12_tp06_sl065,2025-03-26 12:00:00+00:00,STAGE28A,data/reports/stage28a_discovery_factory_batch_runner/stage28a_exact_trades.csv,volatility_transition_v1,vol_trans_fade_h1_high_cooling_h12_tp06_sl065,1.2216999999999645,0.1716999999999644,-0.5283000000000353,1,0,1,0,0.1716999999999644,28.480000000000018,12.690000000000055,0.3065405831363165,18.789999999999964,0.4220329962746063,6.619999999999891,5.437499999999977,0.06,1.0,,,12,2,3.0,2025
2025-03-27 12:00:00+00:00|-1.0|vol_trans_fade_h1_high_cooling_h12_tp06_sl065,2025-03-27 12:00:00+00:00,STAGE28A,data/reports/stage28a_discovery_factory_batch_runner/stage28a_exact_trades.csv,volatility_transition_v1,vol_trans_fade_h1_high_cooling_h12_tp06_sl065,1.8025000000001452,0.7525000000001456,0.0525000000001458,1,1,1,0,0.7525000000001456,19.840000000000146,21.110000000000127,0.7607768829938346,29.13000000000011,0.5918297288019283,6.349999999999909,5.275999999999999,0.028,-1.0,,,12,3,3.0,2025
2025-06-05 12:00:00+00:00|-1.0|vol_trans_fade_h1_high_cooling_h12_tp06_sl065,2025-06-05 12:00:00+00:00,STAGE28A,data/reports/stage28a_discovery_factory_batch_runner/stage28a_exact_trades.csv,volatility_transition_v1,vol_trans_fade_h1_high_cooling_h12_tp06_sl065,1.9978000000000065,0.9478000000000066,0.2478000000000069,1,1,1,0,0.9478000000000066,40.88999999999987,15.769999999999982,0.24413443246670347,30.279999999999745,0.6647952443857423,7.190000000000055,8.879500000000007,0.08,-1.0,,,12,3,6.0,2025
2025-06-10 12:00:00+00:00|1.0|vol_trans_fade_h1_high_cooling_h12_tp06_sl065,2025-06-10 12:00:00+00:00,STAGE28A,data/reports/stage28a_discovery_factory_batch_runner/stage28a_exact_trades.csv,volatility_transition_v1,vol_trans_fade_h1_high_cooling_h12_tp06_sl065,2.735500000000138,1.6855000000001383,0.9855000000001386,1,1,1,0,1.6855000000001383,44.629999999999654,25.990000000000236,0.6167756829549673,31.990000000000236,0.6927164738980977,8.66000000000031,8.759499999999957,0.096,1.0,,,12,1,6.0,2025
2025-06-11 12:00:00+00:00|1.0|vol_trans_fade_h1_high_cooling_h12_tp06_sl065,2025-06-11 12:00:00+00:00,STAGE28A,data/reports/stage28a_discovery_factory_batch_runner/stage28a_exact_trades.csv,volatility_transition_v1,vol_trans_fade_h1_high_cooling_h12_tp06_sl065,-3.053350000000228,-4.103350000000228,-4.803350000000227,0,0,0,1,4.103350000000228,47.15000000000009,26.059999999999945,0.5721412125863349,17.140000000000327,0.3302217036172547,4.180000000000291,9.208999999999993,0.18,1.0,,,12,2,6.0,2025
2025-06-18 12:00:00+00:00|1.0|vol_trans_fade_h1_high_cooling_h12_tp06_sl065,2025-06-18 12:00:00+00:00,STAGE28A,data/reports/stage28a_discovery_factory_batch_runner/stage28a_exact_trades.csv,volatility_transition_v1,vol_trans_fade_h1_high_cooling_h12_tp06_sl065,2.1237999999997554,1.0737999999997556,0.3737999999997559,1,1,1,0,1.0737999999997556,37.070000000000164,25.65000000000009,0.08109161793372008,24.519999999999982,0.5236541598695006,5.839999999999691,9.612500000000022,0.272,1.0,,,12,2,6.0,2025
2025-06-20 12:00:00+00:00|-1.0|vol_trans_fade_h1_high_cooling_h12_tp06_sl065,2025-06-20 12:00:00+00:00,STAGE28A,data/reports/stage28a_discovery_factory_batch_runner/stage28a_exact_trades.csv,volatility_transition_v1,vol_trans_fade_h1_high_cooling_h12_tp06_sl065,2.415699999999924,1.3656999999999244,0.6656999999999247,1,1,1,0,1.3656999999999244,40.36000000000013,25.590000000000146,0.3993747557639602,18.860000000000127,0.01590668080592392,5.730000000000018,8.52300000000007,0.084,-1.0,,,12,4,6.0,2025
2025-06-23 12:00:00+00:00|-1.0|vol_trans_fade_h1_high_cooling_h12_tp06_sl065,2025-06-23 12:00:00+00:00,STAGE28A,data/reports/stage28a_discovery_factory_batch_runner/stage28a_exact_trades.csv,volatility_transition_v1,vol_trans_fade_h1_high_cooling_h12_tp06_sl065,2.2897000000001757,1.2397000000001754,0.5397000000001757,1,1,1,0,1.2397000000001754,23.81999999999971,44.409999999999854,0.3560009006980409,21.91000000000031,0.14696485623002073,4.639999999999873,9.675499999999989,0.392,-1.0,,,12,0,6.0,2025
2025-06-25 12:00:00+00:00|1.0|vol_trans_fade_h1_high_cooling_h12_tp06_sl065,2025-06-25 12:00:00+00:00,STAGE28A,data/reports/stage28a_discovery_factory_batch_runner/stage28a_exact_trades.csv,volatility_transition_v1,vol_trans_fade_h1_high_cooling_h12_tp06_sl065,1.791700000000128,0.7417000000001281,0.0417000000001284,1,1,1,0,0.7417000000001281,74.55999999999995,14.210000000000036,0.4693877551020447,15.5,0.19935483870965748,5.849999999999909,7.374499999999943,0.004,1.0,,,12,2,6.0,2025
2025-06-26 12:00:00+00:00|-1.0|vol_trans_fade_h1_high_cooling_h12_tp06_sl065,2025-06-26 12:00:00+00:00,STAGE28A,data/reports/stage28a_discovery_factory_batch_runner/stage28a_exact_trades.csv,volatility_transition_v1,vol_trans_fade_h1_high_cooling_h12_tp06_sl065,-2.585674999999901,-3.635674999999901,-4.335674999999901,0,0,0,1,3.635674999999901,25.09999999999991,13.859999999999673,0.3448773448773675,19.23999999999978,0.12577962577963098,5.779999999999745,7.549000000000047,0.076,-1.0,,,12,3,6.0,2025
2025-06-27 12:00:00+00:00|-1.0|vol_trans_fade_h1_high_cooling_h12_tp06_sl065,2025-06-27 12:00:00+00:00,STAGE28A,data/reports/stage28a_discovery_factory_batch_runner/stage28a_exact_trades.csv,volatility_transition_v1,vol_trans_fade_h1_high_cooling_h12_tp06_sl065,-3.8925000000000174,-4.9425000000000185,-5.642500000000018,0,0,0,1,4.9425000000000185,40.289999999999964,35.63000000000011,0.7605950042099305,19.050000000000182,0.6068241469816187,9.11999999999989,9.298000000000025,0.308,-1.0,,,12,4,6.0,2025
2025-07-01 12:00:00+00:00|-1.0|vol_trans_fade_h1_high_cooling_h12_tp06_sl065,2025-07-01 12:00:00+00:00,STAGE28A,data/reports/stage28a_discovery_factory_batch_runner/stage28a_exact_trades.csv,volatility_transition_v1,vol_trans_fade_h1_high_cooling_h12_tp06_sl065,-2.691949999999997,-3.741949999999997,-4.441949999999997,0,0,0,1,3.741949999999997,63.93000000000029,20.279999999999745,0.4817554240631215,29.08999999999969,0.8446201443795108,5.430000000000291,7.371000000000049,0.064,-1.0,,,12,1,7.0,2025
2025-07-02 12:00:00+00:00|1.0|vol_trans_fade_h1_high_cooling_h12_tp06_sl065,2025-07-02 12:00:00+00:00,STAGE28A,data/reports/stage28a_discovery_factory_batch_runner/stage28a_exact_trades.csv,volatility_transition_v1,vol_trans_fade_h1_high_cooling_h12_tp06_sl065,-2.6409249999997884,-3.690924999999788,-4.390924999999788,0,0,0,1,3.690924999999788,55.48999999999978,16.179999999999836,0.10074165636589157,16.269999999999982,0.10571604179472997,4.989999999999782,7.049499999999989,0.068,1.0,,,12,2,7.0,2025
2025-07-03 12:00:00+00:00|-1.0|vol_trans_fade_h1_high_cooling_h12_tp06_sl065,2025-07-03 12:00:00+00:00,STAGE28A,data/reports/stage28a_discovery_factory_batch_runner/stage28a_exact_trades.csv,volatility_transition_v1,vol_trans_fade_h1_high_cooling_h12_tp06_sl065,-2.6532750000002125,-3.703275000000213,-4.403275000000212,0,0,0,1,3.703275000000213,34.559999999999945,23.829999999999927,0.607217792698292,19.84999999999991,0.10277078085642181,6.609999999999673,7.583499999999935,0.224,-1.0,,,12,3,7.0,2025
2025-07-04 12:00:00+00:00|1.0|vol_trans_fade_h1_high_cooling_h12_tp06_sl065,2025-07-04 12:00:00+00:00,STAGE28A,data/reports/stage28a_discovery_factory_batch_runner/stage28a_exact_trades.csv,volatility_transition_v1,vol_trans_fade_h1_high_cooling_h12_tp06_sl065,1.3513000000001738,0.301300000000174,-0.3986999999998257,1,0,1,0,0.301300000000174,54.36999999999989,15.200000000000273,0.6059210526315705,12.009999999999764,0.32556203164029407,3.2899999999999636,6.361000000000035,0.02,1.0,,,12,4,7.0,2025
2025-07-07 12:00:00+00:00|-1.0|vol_trans_fade_h1_high_cooling_h12_tp06_sl065,2025-07-07 12:00:00+00:00,STAGE28A,data/reports/stage28a_discovery_factory_batch_runner/stage28a_exact_trades.csv,volatility_transition_v1,vol_trans_fade_h1_high_cooling_h12_tp06_sl065,2.328699999999935,1.278699999999935,0.5786999999999356,1,1,1,0,1.278699999999935,10.329999999999927,36.67000000000007,0.6152167984728634,14.470000000000255,0.13407049067032245,11.470000000000255,8.189999999999964,0.468,-1.0,,,12,0,7.0,2025
2025-07-08 12:00:00+00:00|1.0|vol_trans_fade_h1_high_cooling_h12_tp06_sl065,2025-07-08 12:00:00+00:00,STAGE28A,data/reports/stage28a_discovery_factory_batch_runner/stage28a_exact_trades.csv,volatility_transition_v1,vol_trans_fade_h1_high_cooling_h12_tp06_sl065,1.7802999999998064,0.7302999999998065,0.0302999999998068,1,1,1,0,0.7302999999998065,46.31999999999971,16.210000000000036,0.5077112893275756,18.2800000000002,0.5202407002188246,10.61999999999989,6.893499999999994,0.104,1.0,,,12,1,7.0,2025
2025-07-09 12:00:00+00:00|1.0|vol_trans_fade_h1_high_cooling_h12_tp06_sl065,2025-07-09 12:00:00+00:00,STAGE28A,data/reports/stage28a_discovery_factory_batch_runner/stage28a_exact_trades.csv,volatility_transition_v1,vol_trans_fade_h1_high_cooling_h12_tp06_sl065,-3.05595000000003,-4.10595000000003,-4.8059500000000295,0,0,0,1,4.10595000000003,58.720000000000255,23.039999999999964,0.36067708333333154,15.109999999999673,0.2766379880873545,9.909999999999854,8.819499999999948,0.692,1.0,,,12,2,7.0,2025
2025-07-10 12:00:00+00:00|-1.0|vol_trans_fade_h1_high_cooling_h12_tp06_sl065,2025-07-10 12:00:00+00:00,STAGE28A,data/reports/stage28a_discovery_factory_batch_runner/stage28a_exact_trades.csv,volatility_transition_v1,vol_trans_fade_h1_high_cooling_h12_tp06_sl065,-2.421875000000091,-3.471875000000091,-4.171875000000091,0,0,0,1,3.471875000000091,37.20999999999958,12.9699999999998,0.29452582883575695,15.36999999999989,0.698113207547176,10.199999999999818,7.044999999999982,0.14,-1.0,,,12,3,7.0,2025
2025-07-11 12:00:00+00:00|1.0|vol_trans_fade_h1_high_cooling_h12_tp06_sl065,2025-07-11 12:00:00+00:00,STAGE28A,data/reports/stage28a_discovery_factory_batch_runner/stage28a_exact_trades.csv,volatility_transition_v1,vol_trans_fade_h1_high_cooling_h12_tp06_sl065,2.1991000000001804,1.1491000000001803,0.4491000000001808,1,1,1,0,1.1491000000001803,20.15000000000009,14.420000000000073,0.7302357836338521,14.16000000000031,0.4067796610169557,11.0300000000002,7.511500000000001,0.312,1.0,,,12,4,7.0,2025
2025-07-14 12:00:00+00:00|1.0|vol_trans_fade_h1_high_cooling_h12_tp06_sl065,2025-07-14 12:00:00+00:00,STAGE28A,data/reports/stage28a_discovery_factory_batch_runner/stage28a_exact_trades.csv,volatility_transition_v1,vol_trans_fade_h1_high_cooling_h12_tp06_sl065,2.1067000000001825,1.0567000000001827,0.356700000000183,1,1,1,0,1.0567000000001827,11.590000000000146,20.139999999999873,0.6156901688182805,21.2199999999998,0.6291234684260363,7.1599999999998545,8.205000000000018,0.632,1.0,,,12,0,7.0,2025
2025-07-15 12:00:00+00:00|1.0|vol_trans_fade_h1_high_cooling_h12_tp06_sl065,2025-07-15 12:00:00+00:00,STAGE28A,data/reports/stage28a_discovery_factory_batch_runner/stage28a_exact_trades.csv,volatility_transition_v1,vol_trans_fade_h1_high_cooling_h12_tp06_sl065,-2.5690999999997985,-3.6190999999997984,-4.319099999999798,0,0,0,1,3.6190999999997984,34.059999999999945,17.06999999999971,0.7158758055067641,9.0,0.6077777777777555,8.809999999999945,6.257000000000039,0.044,1.0,,,12,1,7.0,2025
2025-07-16 12:00:00+00:00|-1.0|vol_trans_fade_h1_high_cooling_h12_tp06_sl065,2025-07-16 12:00:00+00:00,STAGE28A,data/reports/stage28a_discovery_factory_batch_runner/stage28a_exact_trades.csv,volatility_transition_v1,vol_trans_fade_h1_high_cooling_h12_tp06_sl065,-2.055274999999801,-3.1052749999998013,-3.805274999999801,0,0,0,1,3.1052749999998013,46.159999999999854,11.390000000000327,0.678665496049148,10.139999999999873,0.5601577909270574,5.070000000000164,7.418499999999949,0.328,-1.0,,,12,2,7.0,2025
2025-07-18 12:00:00+00:00|1.0|vol_trans_fade_h1_high_cooling_h12_tp06_sl065,2025-07-18 12:00:00+00:00,STAGE28A,data/reports/stage28a_discovery_factory_batch_runner/stage28a_exact_trades.csv,volatility_transition_v1,vol_trans_fade_h1_high_cooling_h12_tp06_sl065,-2.53204999999989,-3.58204999999989,-4.28204999999989,0,0,0,1,3.58204999999989,42.3100000000004,10.190000000000055,0.85083415112856,23.110000000000127,0.7676330592817022,4.130000000000109,6.179000000000019,0.068,1.0,,,12,4,7.0,2025
2025-07-21 12:00:00+00:00|-1.0|vol_trans_fade_h1_high_cooling_h12_tp06_sl065,2025-07-21 12:00:00+00:00,STAGE28A,data/reports/stage28a_discovery_factory_batch_runner/stage28a_exact_trades.csv,volatility_transition_v1,vol_trans_fade_h1_high_cooling_h12_tp06_sl065,1.552599999999893,0.5025999999998931,-0.1974000000001066,1,0,1,0,0.5025999999998931,5.199999999999818,13.569999999999709,0.25718496683860403,20.029999999999745,0.7393909136295623,3.769999999999982,5.629499999999894,0.036,-1.0,,,12,0,7.0,2025
2025-07-22 12:00:00+00:00|-1.0|vol_trans_fade_h1_high_cooling_h12_tp06_sl065,2025-07-22 12:00:00+00:00,STAGE28A,data/reports/stage28a_discovery_factory_batch_runner/stage28a_exact_trades.csv,volatility_transition_v1,vol_trans_fade_h1_high_cooling_h12_tp06_sl065,1.1278000000001156,0.0778000000001157,-0.622199999999884,1,0,0,0,0.0778000000001157,56.7199999999998,17.450000000000273,0.38739255014327295,9.409999999999854,0.6992561105207257,3.8700000000003456,6.388499999999999,0.156,-1.0,,,12,1,7.0,2025
2025-07-23 12:00:00+00:00|-1.0|vol_trans_fade_h1_high_cooling_h12_tp06_sl065,2025-07-23 12:00:00+00:00,STAGE28A,data/reports/stage28a_discovery_factory_batch_runner/stage28a_exact_trades.csv,volatility_transition_v1,vol_trans_fade_h1_high_cooling_h12_tp06_sl065,-2.6006250000001274,-3.6506250000001272,-4.350625000000127,0,0,0,1,3.6506250000001272,50.26999999999998,19.579999999999927,0.24463738508682234,17.449999999999818,0.462464183381077,8.109999999999673,7.749999999999932,0.588,-1.0,,,12,2,7.0,2025
2025-07-24 12:00:00+00:00|-1.0|vol_trans_fade_h1_high_cooling_h12_tp06_sl065,2025-07-24 12:00:00+00:00,STAGE28A,data/reports/stage28a_discovery_factory_batch_runner/stage28a_exact_trades.csv,volatility_transition_v1,vol_trans_fade_h1_high_cooling_h12_tp06_sl065,-3.1888749999999164,-4.238874999999917,-4.938874999999916,0,0,0,1,4.238874999999917,57.620000000000346,18.539999999999964,0.1564185544768121,23.389999999999873,0.8610517315092107,8.830000000000382,8.724999999999955,0.864,-1.0,,,12,3,7.0,2025
2025-07-25 12:00:00+00:00|1.0|vol_trans_fade_h1_high_cooling_h12_tp06_sl065,2025-07-25 12:00:00+00:00,STAGE28A,data/reports/stage28a_discovery_factory_batch_runner/stage28a_exact_trades.csv,volatility_transition_v1,vol_trans_fade_h1_high_cooling_h12_tp06_sl065,1.846599999999762,0.7965999999997622,0.0965999999997624,1,1,1,0,0.7965999999997622,41.970000000000255,14.789999999999964,0.6544962812711197,20.38000000000011,0.6506378802747641,10.789999999999964,6.8559999999999945,0.236,1.0,,,12,4,7.0,2025
2025-07-28 12:00:00+00:00|-1.0|vol_trans_fade_h1_high_cooling_h12_tp06_sl065,2025-07-28 12:00:00+00:00,STAGE28A,data/reports/stage28a_discovery_factory_batch_runner/stage28a_exact_trades.csv,volatility_transition_v1,vol_trans_fade_h1_high_cooling_h12_tp06_sl065,-2.533024999999816,-3.583024999999816,-4.283024999999816,0,0,0,1,3.583024999999816,18.269999999999982,26.029999999999745,0.5220898962735412,12.829999999999927,0.4263445050662378,6.440000000000055,8.323999999999888,0.724,-1.0,,,12,0,7.0,2025
2025-07-29 12:00:00+00:00|-1.0|vol_trans_fade_h1_high_cooling_h12_tp06_sl065,2025-07-29 12:00:00+00:00,STAGE28A,data/reports/stage28a_discovery_factory_batch_runner/stage28a_exact_trades.csv,volatility_transition_v1,vol_trans_fade_h1_high_cooling_h12_tp06_sl065,2.2483000000001083,1.1983000000001085,0.4983000000001087,1,1,1,0,1.1983000000001085,43.44999999999982,13.079999999999927,0.1551987767583912,20.879999999999654,0.5727969348659117,13.2199999999998,7.941999999999939,0.64,-1.0,,,12,1,7.0,2025
2025-07-30 12:00:00+00:00|-1.0|vol_trans_fade_h1_high_cooling_h12_tp06_sl065,2025-07-30 12:00:00+00:00,STAGE28A,data/reports/stage28a_discovery_factory_batch_runner/stage28a_exact_trades.csv,volatility_transition_v1,vol_trans_fade_h1_high_cooling_h12_tp06_sl065,1.6105000000001382,0.5605000000001383,-0.1394999999998614,1,0,1,0,0.5605000000001383,26.38000000000011,11.730000000000018,0.06308610400684019,10.860000000000127,0.2651933701657528,5.839999999999691,6.700500000000057,0.212,-1.0,,,12,2,7.0,2025
2025-07-31 12:00:00+00:00|-1.0|vol_trans_fade_h1_high_cooling_h12_tp06_sl065,2025-07-31 12:00:00+00:00,STAGE28A,data/reports/stage28a_discovery_factory_batch_runner/stage28a_exact_trades.csv,volatility_transition_v1,vol_trans_fade_h1_high_cooling_h12_tp06_sl065,2.1817000000000006,1.1317000000000008,0.4317000000000011,1,1,1,0,1.1317000000000008,65.80000000000018,24.590000000000146,0.6547376982513141,21.06999999999971,0.5495965828191783,11.170000000000073,9.422000000000072,0.916,-1.0,,,12,3,7.0,2025
2025-08-01 12:00:00+00:00|-1.0|vol_trans_fade_h1_high_cooling_h12_tp06_sl065,2025-08-01 12:00:00+00:00,STAGE28A,data/reports/stage28a_discovery_factory_batch_runner/stage28a_exact_trades.csv,volatility_transition_v1,vol_trans_fade_h1_high_cooling_h12_tp06_sl065,1.6518999999997503,0.6018999999997505,-0.0981000000002492,1,0,1,0,0.6018999999997505,40.809999999999945,15.559999999999945,0.23136246786631887,15.069999999999709,0.20570670205709513,9.019999999999982,7.391499999999951,0.448,-1.0,,,12,4,8.0,2025
2025-08-04 12:00:00+00:00|-1.0|vol_trans_fade_h1_high_cooling_h12_tp06_sl065,2025-08-04 12:00:00+00:00,STAGE28A,data/reports/stage28a_discovery_factory_batch_runner/stage28a_exact_trades.csv,volatility_transition_v1,vol_trans_fade_h1_high_cooling_h12_tp06_sl065,-2.6545750000001136,-3.7045750000001134,-4.404575000000113,0,0,0,1,3.7045750000001134,11.5300000000002,24.079999999999927,0.04734219269104364,10.960000000000036,0.21350364963504906,5.640000000000327,8.285000000000036,0.656,-1.0,,,12,0,8.0,2025
2025-08-05 12:00:00+00:00|1.0|vol_trans_fade_h1_high_cooling_h12_tp06_sl065,2025-08-05 12:00:00+00:00,STAGE28A,data/reports/stage28a_discovery_factory_batch_runner/stage28a_exact_trades.csv,volatility_transition_v1,vol_trans_fade_h1_high_cooling_h12_tp06_sl065,-2.370849999999882,-3.420849999999882,-4.120849999999882,0,0,0,1,3.420849999999882,40.25999999999976,10.429999999999836,0.2550335570470135,16.519999999999982,0.7481840193704686,8.570000000000164,6.284500000000003,0.056,1.0,,,12,1,8.0,2025
2025-08-06 12:00:00+00:00|1.0|vol_trans_fade_h1_high_cooling_h12_tp06_sl065,2025-08-06 12:00:00+00:00,STAGE28A,data/reports/stage28a_discovery_factory_batch_runner/stage28a_exact_trades.csv,volatility_transition_v1,vol_trans_fade_h1_high_cooling_h12_tp06_sl065,-2.48590000000022,-3.53590000000022,-4.235900000000219,0,0,0,1,3.53590000000022,40.220000000000255,12.699999999999818,0.4,20.40000000000009,0.7725490196078504,9.740000000000236,6.628500000000008,0.096,1.0,,,12,2,8.0,2025
2025-08-07 12:00:00+00:00|1.0|vol_trans_fade_h1_high_cooling_h12_tp06_sl065,2025-08-07 12:00:00+00:00,STAGE28A,data/reports/stage28a_discovery_factory_batch_runner/stage28a_exact_trades.csv,volatility_transition_v1,vol_trans_fade_h1_high_cooling_h12_tp06_sl065,-3.625024999999914,-4.6750249999999145,-5.375024999999914,0,0,0,1,4.6750249999999145,27.139999999999873,18.960000000000036,0.3992616033755353,25.840000000000146,0.11803405572754296,23.980000000000018,8.107500000000005,0.624,1.0,,,12,3,8.0,2025
2025-08-12 12:00:00+00:00|1.0|vol_trans_fade_h1_high_cooling_h12_tp06_sl065,2025-08-12 12:00:00+00:00,STAGE28A,data/reports/stage28a_discovery_factory_batch_runner/stage28a_exact_trades.csv,volatility_transition_v1,vol_trans_fade_h1_high_cooling_h12_tp06_sl065,-3.3283000000002176,-4.378300000000218,-5.078300000000217,0,0,0,1,4.378300000000218,64.0300000000002,15.070000000000164,0.16323822163238286,15.83999999999969,0.24368686868688147,10.230000000000018,8.98599999999999,0.592,1.0,,,12,1,8.0,2025
2025-08-13 12:00:00+00:00|-1.0|vol_trans_fade_h1_high_cooling_h12_tp06_sl065,2025-08-13 12:00:00+00:00,STAGE28A,data/reports/stage28a_discovery_factory_batch_runner/stage28a_exact_trades.csv,volatility_transition_v1,vol_trans_fade_h1_high_cooling_h12_tp06_sl065,-2.697800000000006,-3.7478000000000073,-4.447800000000006,0,0,0,1,3.7478000000000073,28.0300000000002,11.659999999999854,0.07375643224701013,21.079999999999927,0.7191650853890115,10.559999999999945,7.5870000000000575,0.304,-1.0,,,12,2,8.0,2025
2025-08-14 12:00:00+00:00|-1.0|vol_trans_fade_h1_high_cooling_h12_tp06_sl065,2025-08-14 12:00:00+00:00,STAGE28A,data/reports/stage28a_discovery_factory_batch_runner/stage28a_exact_trades.csv,volatility_transition_v1,vol_trans_fade_h1_high_cooling_h12_tp06_sl065,2.3767000000001643,1.3267000000001643,0.6267000000001648,1,1,1,0,1.3267000000001643,28.230000000000018,19.61999999999989,0.1432212028542284,24.98999999999978,0.16966786714686968,8.769999999999982,7.435999999999967,0.32,-1.0,,,12,3,8.0,2025
2025-08-15 12:00:00+00:00|1.0|vol_trans_fade_h1_high_cooling_h12_tp06_sl065,2025-08-15 12:00:00+00:00,STAGE28A,data/reports/stage28a_discovery_factory_batch_runner/stage28a_exact_trades.csv,volatility_transition_v1,vol_trans_fade_h1_high_cooling_h12_tp06_sl065,1.7643999999999322,0.7143999999999324,0.0143999999999326,1,1,1,0,0.7143999999999324,45.40000000000009,12.629999999999654,0.795724465558231,10.309999999999945,0.07468477206595402,9.88000000000011,6.41749999999995,0.064,1.0,,,12,4,8.0,2025
2025-08-18 12:00:00+00:00|1.0|vol_trans_fade_h1_high_cooling_h12_tp06_sl065,2025-08-18 12:00:00+00:00,STAGE28A,data/reports/stage28a_discovery_factory_batch_runner/stage28a_exact_trades.csv,volatility_transition_v1,vol_trans_fade_h1_high_cooling_h12_tp06_sl065,-2.5989999999997964,-3.648999999999796,-4.348999999999796,0,0,0,1,3.648999999999796,6.019999999999982,28.190000000000055,0.4522880454061715,13.799999999999727,0.07608695652172086,5.339999999999691,7.390500000000043,0.38,1.0,,,12,0,8.0,2025
2025-08-19 12:00:00+00:00|1.0|vol_trans_fade_h1_high_cooling_h12_tp06_sl065,2025-08-19 12:00:00+00:00,STAGE28A,data/reports/stage28a_discovery_factory_batch_runner/stage28a_exact_trades.csv,volatility_transition_v1,vol_trans_fade_h1_high_cooling_h12_tp06_sl065,1.4061999999998078,0.356199999999808,-0.3438000000001917,1,0,1,0,0.356199999999808,34.79999999999973,15.579999999999927,0.21694480102696564,7.289999999999964,0.20301783264746578,4.420000000000073,5.1424999999999725,0.016,1.0,,,12,1,8.0,2025
2025-08-20 12:00:00+00:00|-1.0|vol_trans_fade_h1_high_cooling_h12_tp06_sl065,2025-08-20 12:00:00+00:00,STAGE28A,data/reports/stage28a_discovery_factory_batch_runner/stage28a_exact_trades.csv,volatility_transition_v1,vol_trans_fade_h1_high_cooling_h12_tp06_sl065,1.2087999999997918,0.158799999999792,-0.5412000000002077,1,0,1,0,0.158799999999792,30.36999999999989,7.0300000000002,0.09246088193457645,10.38000000000011,0.8333333333333334,4.6599999999998545,5.548500000000013,0.064,-1.0,,,12,2,8.0,2025
2025-08-21 12:00:00+00:00|1.0|vol_trans_fade_h1_high_cooling_h12_tp06_sl065,2025-08-21 12:00:00+00:00,STAGE28A,data/reports/stage28a_discovery_factory_batch_runner/stage28a_exact_trades.csv,volatility_transition_v1,vol_trans_fade_h1_high_cooling_h12_tp06_sl065,-1.908050000000094,-2.9580500000000938,-3.6580500000000935,0,0,0,0,2.9580500000000938,38.88999999999987,12.33999999999969,0.793354943273923,7.849999999999909,0.09044585987261715,3.4699999999998,4.92800000000002,0.028,1.0,,,12,3,8.0,2025
2025-08-22 12:00:00+00:00|-1.0|vol_trans_fade_h1_high_cooling_h12_tp06_sl065,2025-08-22 12:00:00+00:00,STAGE28A,data/reports/stage28a_discovery_factory_batch_runner/stage28a_exact_trades.csv,volatility_transition_v1,vol_trans_fade_h1_high_cooling_h12_tp06_sl065,1.3506999999998697,0.3006999999998698,-0.3993000000001299,1,0,1,0,0.3006999999998698,26.9699999999998,9.139999999999873,0.7647702407002553,9.659999999999854,0.1946169772256871,5.230000000000018,5.090000000000009,0.064,-1.0,,,12,4,8.0,2025
2025-08-25 12:00:00+00:00|1.0|vol_trans_fade_h1_high_cooling_h12_tp06_sl065,2025-08-25 12:00:00+00:00,STAGE28A,data/reports/stage28a_discovery_factory_batch_runner/stage28a_exact_trades.csv,volatility_transition_v1,vol_trans_fade_h1_high_cooling_h12_tp06_sl065,0.8776000000001659,-0.172399999999834,-0.8723999999998338,0,0,0,0,0.172399999999834,6.210000000000036,12.260000000000218,0.0016313213703084382,8.019999999999982,0.02369077306733853,3.4899999999997817,6.99350000000004,0.512,1.0,,,12,0,8.0,2025
2025-08-26 12:00:00+00:00|1.0|vol_trans_fade_h1_high_cooling_h12_tp06_sl065,2025-08-26 12:00:00+00:00,STAGE28A,data/reports/stage28a_discovery_factory_batch_runner/stage28a_exact_trades.csv,volatility_transition_v1,vol_trans_fade_h1_high_cooling_h12_tp06_sl065,-2.667900000000009,-3.7179000000000086,-4.417900000000008,0,0,0,1,3.7179000000000086,16.389999999999873,35.129999999999654,0.22687161969826014,12.58999999999969,0.030182684670346602,4.389999999999873,8.015499999999998,0.816,1.0,,,12,1,8.0,2025
2025-08-27 12:00:00+00:00|-1.0|vol_trans_fade_h1_high_cooling_h12_tp06_sl065,2025-08-27 12:00:00+00:00,STAGE28A,data/reports/stage28a_discovery_factory_batch_runner/stage28a_exact_trades.csv,volatility_transition_v1,vol_trans_fade_h1_high_cooling_h12_tp06_sl065,1.373500000000058,0.3235000000000583,-0.3764999999999414,1,0,1,0,0.3235000000000583,42.19999999999982,13.800000000000182,0.7543478260869689,11.629999999999654,0.21066208082548113,3.9699999999998,5.653999999999996,0.288,-1.0,,,12,2,8.0,2025
2025-08-28 12:00:00+00:00|-1.0|vol_trans_fade_h1_high_cooling_h12_tp06_sl065,2025-08-28 12:00:00+00:00,STAGE28A,data/reports/stage28a_discovery_factory_batch_runner/stage28a_exact_trades.csv,volatility_transition_v1,vol_trans_fade_h1_high_cooling_h12_tp06_sl065,1.225600000000122,0.1756000000001223,-0.5243999999998774,1,0,1,0,0.1756000000001223,25.049999999999727,15.08999999999969,0.3770709078860286,13.86999999999989,0.6560922855083227,7.100000000000364,5.584000000000015,0.284,-1.0,,,12,3,8.0,2025
2025-08-29 12:00:00+00:00|1.0|vol_trans_fade_h1_high_cooling_h12_tp06_sl065,2025-08-29 12:00:00+00:00,STAGE28A,data/reports/stage28a_discovery_factory_batch_runner/stage28a_exact_trades.csv,volatility_transition_v1,vol_trans_fade_h1_high_cooling_h12_tp06_sl065,1.0368999999999686,-0.0131000000000311,-0.7131000000000309,0,0,0,0,0.0131000000000311,38.56999999999971,10.489999999999782,0.5633937082936108,8.269999999999982,0.44740024183800253,5.050000000000182,5.327499999999918,0.192,1.0,,,12,4,8.0,2025
2025-09-02 12:00:00+00:00|-1.0|vol_trans_fade_h1_high_cooling_h12_tp06_sl065,2025-09-02 12:00:00+00:00,STAGE28A,data/reports/stage28a_discovery_factory_batch_runner/stage28a_exact_trades.csv,volatility_transition_v1,vol_trans_fade_h1_high_cooling_h12_tp06_sl065,-3.6016249999998764,-4.651624999999877,-5.351624999999876,0,0,0,1,4.651624999999877,52.74000000000024,34.159999999999854,0.5793325526932098,28.289999999999964,0.6564156945917191,11.11999999999989,8.394000000000005,0.884,-1.0,,,12,1,9.0,2025
2025-09-03 12:00:00+00:00|-1.0|vol_trans_fade_h1_high_cooling_h12_tp06_sl065,2025-09-03 12:00:00+00:00,STAGE28A,data/reports/stage28a_discovery_factory_batch_runner/stage28a_exact_trades.csv,volatility_transition_v1,vol_trans_fade_h1_high_cooling_h12_tp06_sl065,1.9837000000001352,0.9337000000001354,0.2337000000001357,1,1,1,0,0.9337000000001354,70.11000000000013,20.48999999999978,0.07369448511467934,14.86999999999989,0.24277067921991619,7.460000000000036,10.099500000000035,0.876,-1.0,,,12,2,9.0,2025
2025-09-05 12:00:00+00:00|1.0|vol_trans_fade_h1_high_cooling_h12_tp06_sl065,2025-09-05 12:00:00+00:00,STAGE28A,data/reports/stage28a_discovery_factory_batch_runner/stage28a_exact_trades.csv,volatility_transition_v1,vol_trans_fade_h1_high_cooling_h12_tp06_sl065,-2.569424999999774,-3.6194249999997736,-4.319424999999773,0,0,0,1,3.6194249999997736,52.7800000000002,19.300000000000182,0.9113989637305453,16.36999999999989,0.3671350030543835,5.039999999999964,8.858999999999991,0.632,1.0,,,12,4,9.0,2025
2025-09-09 12:00:00+00:00|-1.0|vol_trans_fade_h1_high_cooling_h12_tp06_sl065,2025-09-09 12:00:00+00:00,STAGE28A,data/reports/stage28a_discovery_factory_batch_runner/stage28a_exact_trades.csv,volatility_transition_v1,vol_trans_fade_h1_high_cooling_h12_tp06_sl065,3.1822000000001025,2.1322000000001027,1.432200000000103,1,1,1,0,2.1322000000001027,67.81999999999971,26.2800000000002,0.6255707762556878,22.7199999999998,0.3371478873239602,8.980000000000018,9.348999999999979,0.564,-1.0,,,12,1,9.0,2025
2025-09-11 12:00:00+00:00|1.0|vol_trans_fade_h1_high_cooling_h12_tp06_sl065,2025-09-11 12:00:00+00:00,STAGE28A,data/reports/stage28a_discovery_factory_batch_runner/stage28a_exact_trades.csv,volatility_transition_v1,vol_trans_fade_h1_high_cooling_h12_tp06_sl065,2.50149999999976,1.45149999999976,0.7514999999997602,1,1,1,0,1.45149999999976,38.68000000000029,19.309999999999945,0.40963231486275903,23.88000000000011,0.43467336683417346,6.25,8.191499999999996,0.268,1.0,,,12,3,9.0,2025
2025-09-12 12:00:00+00:00|1.0|vol_trans_fade_h1_high_cooling_h12_tp06_sl065,2025-09-12 12:00:00+00:00,STAGE28A,data/reports/stage28a_discovery_factory_batch_runner/stage28a_exact_trades.csv,volatility_transition_v1,vol_trans_fade_h1_high_cooling_h12_tp06_sl065,1.8625000000000909,0.812500000000091,0.1125000000000913,1,1,1,0,0.812500000000091,36.26999999999998,22.779999999999745,0.7949956101843867,19.06999999999971,0.3455689564761296,11.549999999999727,7.400999999999954,0.1,1.0,,,12,4,9.0,2025
2025-09-15 12:00:00+00:00|-1.0|vol_trans_fade_h1_high_cooling_h12_tp06_sl065,2025-09-15 12:00:00+00:00,STAGE28A,data/reports/stage28a_discovery_factory_batch_runner/stage28a_exact_trades.csv,volatility_transition_v1,vol_trans_fade_h1_high_cooling_h12_tp06_sl065,1.5676000000002204,0.5176000000002206,-0.1823999999997791,1,0,1,0,0.5176000000002206,6.779999999999745,19.769999999999982,0.2063732928679783,13.239999999999782,0.3904833836857782,4.900000000000091,6.242499999999973,0.004,-1.0,,,12,0,9.0,2025
2025-09-16 12:00:00+00:00|-1.0|vol_trans_fade_h1_high_cooling_h12_tp06_sl065,2025-09-16 12:00:00+00:00,STAGE28A,data/reports/stage28a_discovery_factory_batch_runner/stage28a_exact_trades.csv,volatility_transition_v1,vol_trans_fade_h1_high_cooling_h12_tp06_sl065,-2.7329000000000634,-3.782900000000063,-4.482900000000063,0,0,0,1,3.782900000000063,58.88000000000011,14.720000000000255,0.1555706521739079,18.590000000000146,0.9214631522323816,11.090000000000146,8.402500000000009,0.272,-1.0,,,12,1,9.0,2025
2025-09-17 12:00:00+00:00|1.0|vol_trans_fade_h1_high_cooling_h12_tp06_sl065,2025-09-17 12:00:00+00:00,STAGE28A,data/reports/stage28a_discovery_factory_batch_runner/stage28a_exact_trades.csv,volatility_transition_v1,vol_trans_fade_h1_high_cooling_h12_tp06_sl065,-3.1196500000001834,-4.169650000000184,-4.869650000000183,0,0,0,1,4.169650000000184,28.450000000000273,21.039999999999964,0.4857414448669115,23.460000000000036,0.5920716112531906,5.449999999999818,7.278500000000008,0.14,1.0,,,12,2,9.0,2025
2025-09-19 12:00:00+00:00|-1.0|vol_trans_fade_h1_high_cooling_h12_tp06_sl065,2025-09-19 12:00:00+00:00,STAGE28A,data/reports/stage28a_discovery_factory_batch_runner/stage28a_exact_trades.csv,volatility_transition_v1,vol_trans_fade_h1_high_cooling_h12_tp06_sl065,-3.007850000000053,-4.0578500000000535,-4.757850000000053,0,0,0,1,4.0578500000000535,45.320000000000164,24.13000000000011,0.551181102362191,17.690000000000055,0.28886376483889836,7.010000000000218,9.244000000000096,0.572,-1.0,,,12,4,9.0,2025
2025-09-22 12:00:00+00:00|-1.0|vol_trans_fade_h1_high_cooling_h12_tp06_sl065,2025-09-22 12:00:00+00:00,STAGE28A,data/reports/stage28a_discovery_factory_batch_runner/stage28a_exact_trades.csv,volatility_transition_v1,vol_trans_fade_h1_high_cooling_h12_tp06_sl065,-3.225599999999849,-4.27559999999985,-4.975599999999849,0,0,0,1,4.27559999999985,8.700000000000273,13.7800000000002,0.5079825834542742,36.529999999999745,0.7601970982754074,10.539999999999964,8.703999999999997,0.46,-1.0,,,12,0,9.0,2025
2025-09-23 12:00:00+00:00|-1.0|vol_trans_fade_h1_high_cooling_h12_tp06_sl065,2025-09-23 12:00:00+00:00,STAGE28A,data/reports/stage28a_discovery_factory_batch_runner/stage28a_exact_trades.csv,volatility_transition_v1,vol_trans_fade_h1_high_cooling_h12_tp06_sl065,2.7000999999999293,1.6500999999999295,0.9500999999999298,1,1,1,0,1.6500999999999295,65.05000000000018,22.389999999999873,0.2880750334970904,48.059999999999945,0.7973366625052062,22.139999999999873,9.718999999999937,0.768,-1.0,,,12,1,9.0,2025
2025-11-06 12:00:00+00:00|1.0|vol_trans_fade_h1_high_cooling_h12_tp06_sl065,2025-11-06 12:00:00+00:00,STAGE28A,data/reports/stage28a_discovery_factory_batch_runner/stage28a_exact_trades.csv,volatility_transition_v1,vol_trans_fade_h1_high_cooling_h12_tp06_sl065,-3.8583749999998873,-4.908374999999888,-5.608374999999887,0,0,0,1,4.908374999999888,61.58999999999969,25.949999999999818,0.5865125240847748,34.51999999999998,0.571552723059097,5.960000000000036,10.697000000000026,0.008,1.0,,,12,3,11.0,2025
2025-11-07 12:00:00+00:00|1.0|vol_trans_fade_h1_high_cooling_h12_tp06_sl065,2025-11-07 12:00:00+00:00,STAGE28A,data/reports/stage28a_discovery_factory_batch_runner/stage28a_exact_trades.csv,volatility_transition_v1,vol_trans_fade_h1_high_cooling_h12_tp06_sl065,-3.6552499999998873,-4.705249999999888,-5.405249999999887,0,0,0,1,4.705249999999888,54.86000000000013,29.389999999999873,0.31813542021095437,22.179999999999836,0.42605951307483714,10.599999999999909,12.144000000000029,0.08,1.0,,,12,4,11.0,2025
2025-11-11 12:00:00+00:00|-1.0|vol_trans_fade_h1_high_cooling_h12_tp06_sl065,2025-11-11 12:00:00+00:00,STAGE28A,data/reports/stage28a_discovery_factory_batch_runner/stage28a_exact_trades.csv,volatility_transition_v1,vol_trans_fade_h1_high_cooling_h12_tp06_sl065,3.495400000000154,2.4454000000001543,1.7454000000001546,1,1,1,0,2.4454000000001543,122.17999999999984,33.89000000000033,0.6878135143110113,21.980000000000473,0.06505914467699091,11.6899999999996,11.922499999999923,0.096,-1.0,,,12,1,11.0,2025
2025-11-27 12:00:00+00:00|1.0|vol_trans_fade_h1_high_cooling_h12_tp06_sl065,2025-11-27 12:00:00+00:00,STAGE28A,data/reports/stage28a_discovery_factory_batch_runner/stage28a_exact_trades.csv,volatility_transition_v1,vol_trans_fade_h1_high_cooling_h12_tp06_sl065,2.69529999999977,1.6452999999997702,0.9452999999997704,1,1,1,0,1.6452999999997702,43.900000000000546,25.909999999999854,0.5461211887302441,22.269999999999527,0.26178715761113835,17.55999999999949,10.335499999999865,0.004,1.0,,,12,3,11.0,2025
2025-11-28 12:00:00+00:00|1.0|vol_trans_fade_h1_high_cooling_h12_tp06_sl065,2025-11-28 12:00:00+00:00,STAGE28A,data/reports/stage28a_discovery_factory_batch_runner/stage28a_exact_trades.csv,volatility_transition_v1,vol_trans_fade_h1_high_cooling_h12_tp06_sl065,-5.86102499999979,-6.911024999999791,-7.61102499999979,0,0,0,1,6.911024999999791,25.909999999999854,34.81999999999971,0.7268811028144659,34.909999999999854,0.7023775422514933,9.289999999999964,10.125999999999976,0.088,1.0,,,12,4,11.0,2025
2025-12-03 12:00:00+00:00|1.0|vol_trans_fade_h1_high_cooling_h12_tp06_sl065,2025-12-03 12:00:00+00:00,STAGE28A,data/reports/stage28a_discovery_factory_batch_runner/stage28a_exact_trades.csv,volatility_transition_v1,vol_trans_fade_h1_high_cooling_h12_tp06_sl065,2.8609000000000377,1.810900000000038,1.1109000000000382,1,1,1,0,1.810900000000038,72.11999999999989,26.11999999999989,0.3575803981623348,29.220000000000255,0.7488021902806269,10.520000000000437,13.973000000000047,0.272,1.0,,,12,2,12.0,2025
2025-12-05 12:00:00+00:00|-1.0|vol_trans_fade_h1_high_cooling_h12_tp06_sl065,2025-12-05 12:00:00+00:00,STAGE28A,data/reports/stage28a_discovery_factory_batch_runner/stage28a_exact_trades.csv,volatility_transition_v1,vol_trans_fade_h1_high_cooling_h12_tp06_sl065,-3.3188750000004803,-4.368875000000481,-5.06887500000048,0,0,0,1,4.368875000000481,44.17000000000007,22.579999999999927,0.47387068201952004,16.470000000000255,0.37279902853674757,9.020000000000437,9.626500000000078,0.08,-1.0,,,12,4,12.0,2025
2025-12-08 12:00:00+00:00|1.0|vol_trans_fade_h1_high_cooling_h12_tp06_sl065,2025-12-08 12:00:00+00:00,STAGE28A,data/reports/stage28a_discovery_factory_batch_runner/stage28a_exact_trades.csv,volatility_transition_v1,vol_trans_fade_h1_high_cooling_h12_tp06_sl065,-3.825875000000088,-4.875875000000088,-5.575875000000087,0,0,0,1,4.875875000000088,15.210000000000036,19.06999999999971,0.39066596748819776,17.710000000000036,0.29587803500850823,8.340000000000146,13.539500000000135,0.412,1.0,,,12,0,12.0,2025
2025-12-09 12:00:00+00:00|-1.0|vol_trans_fade_h1_high_cooling_h12_tp06_sl065,2025-12-09 12:00:00+00:00,STAGE28A,data/reports/stage28a_discovery_factory_batch_runner/stage28a_exact_trades.csv,volatility_transition_v1,vol_trans_fade_h1_high_cooling_h12_tp06_sl065,-4.168425000000388,-5.218425000000389,-5.918425000000388,0,0,0,1,5.218425000000389,42.48999999999978,14.079999999999927,0.5589488636363588,42.75,0.39836257309940926,21.979999999999563,10.933499999999867,0.216,-1.0,,,12,1,12.0,2025
2025-12-10 12:00:00+00:00|1.0|vol_trans_fade_h1_high_cooling_h12_tp06_sl065,2025-12-10 12:00:00+00:00,STAGE28A,data/reports/stage28a_discovery_factory_batch_runner/stage28a_exact_trades.csv,volatility_transition_v1,vol_trans_fade_h1_high_cooling_h12_tp06_sl065,-3.177175000000352,-4.2271750000003525,-4.927175000000352,0,0,0,1,4.2271750000003525,51.150000000000546,15.0,0.25533333333332847,26.73999999999978,0.5145848915482547,7.960000000000036,9.911000000000058,0.128,1.0,,,12,2,12.0,2025
2025-12-11 12:00:00+00:00|-1.0|vol_trans_fade_h1_high_cooling_h12_tp06_sl065,2025-12-11 12:00:00+00:00,STAGE28A,data/reports/stage28a_discovery_factory_batch_runner/stage28a_exact_trades.csv,volatility_transition_v1,vol_trans_fade_h1_high_cooling_h12_tp06_sl065,-3.5863500000001296,-4.63635000000013,-5.336350000000129,0,0,0,1,4.63635000000013,56.650000000000546,39.13999999999942,0.4757281553398101,21.590000000000146,0.1491431218156662,11.079999999999927,13.86649999999995,0.68,-1.0,,,12,3,12.0,2025
2025-12-16 12:00:00+00:00|1.0|vol_trans_fade_h1_high_cooling_h12_tp06_sl065,2025-12-16 12:00:00+00:00,STAGE28A,data/reports/stage28a_discovery_factory_batch_runner/stage28a_exact_trades.csv,volatility_transition_v1,vol_trans_fade_h1_high_cooling_h12_tp06_sl065,3.3513999999999213,2.301399999999921,1.6013999999999218,1,1,1,0,2.301399999999921,64.84000000000015,37.07000000000062,0.4086862692203772,20.51000000000022,0.5724037055094908,9.350000000000364,14.063500000000158,0.676,1.0,,,12,1,12.0,2025
2025-12-18 12:00:00+00:00|1.0|vol_trans_fade_h1_high_cooling_h12_tp06_sl065,2025-12-18 12:00:00+00:00,STAGE28A,data/reports/stage28a_discovery_factory_batch_runner/stage28a_exact_trades.csv,volatility_transition_v1,vol_trans_fade_h1_high_cooling_h12_tp06_sl065,2.1622000000001207,1.1122000000001209,0.4122000000001211,1,1,1,0,1.1122000000001209,47.26000000000022,18.51000000000022,0.390059427336584,16.73999999999978,0.3912783751493045,7.649999999999636,11.018499999999994,0.232,1.0,,,12,3,12.0,2025
2025-12-22 12:00:00+00:00|-1.0|vol_trans_fade_h1_high_cooling_h12_tp06_sl065,2025-12-22 12:00:00+00:00,STAGE28A,data/reports/stage28a_discovery_factory_batch_runner/stage28a_exact_trades.csv,volatility_transition_v1,vol_trans_fade_h1_high_cooling_h12_tp06_sl065,3.3162999999998646,2.2662999999998648,1.566299999999865,1,1,1,0,2.2662999999998648,18.1200000000008,62.840000000000146,0.6877784850413774,23.599999999999454,0.4338983050847851,6.739999999999782,12.025500000000012,0.376,-1.0,,,12,0,12.0,2025
2025-12-23 12:00:00+00:00|1.0|vol_trans_fade_h1_high_cooling_h12_tp06_sl065,2025-12-23 12:00:00+00:00,STAGE28A,data/reports/stage28a_discovery_factory_batch_runner/stage28a_exact_trades.csv,volatility_transition_v1,vol_trans_fade_h1_high_cooling_h12_tp06_sl065,-4.049150000000372,-5.099150000000373,-5.799150000000372,0,0,0,1,5.099150000000373,122.74000000000069,52.289999999999964,0.42991011665709655,23.69000000000051,0.08104685521313305,13.089999999999236,12.632499999999936,0.492,1.0,,,12,1,12.0,2025
2026-01-09 12:00:00+00:00|-1.0|vol_trans_fade_h1_high_cooling_h12_tp06_sl065,2026-01-09 12:00:00+00:00,STAGE28A,data/reports/stage28a_discovery_factory_batch_runner/stage28a_exact_trades.csv,volatility_transition_v1,vol_trans_fade_h1_high_cooling_h12_tp06_sl065,2.7276999999998224,1.6776999999998226,0.9776999999998228,1,1,1,0,1.6776999999998226,71.64000000000033,31.079999999999927,0.352960102960112,19.199999999999818,0.4234375000000097,9.089999999999236,13.585500000000138,0.004,-1.0,,,12,4,1.0,2026
2026-01-16 12:00:00+00:00|1.0|vol_trans_fade_h1_high_cooling_h12_tp06_sl065,2026-01-16 12:00:00+00:00,STAGE28A,data/reports/stage28a_discovery_factory_batch_runner/stage28a_exact_trades.csv,volatility_transition_v1,vol_trans_fade_h1_high_cooling_h12_tp06_sl065,-5.110924999999588,-6.1609249999995885,-6.860924999999588,0,0,0,1,6.1609249999995885,51.470000000000255,29.23999999999978,0.3081395348837307,21.81999999999971,0.04353803849678418,9.350000000000364,13.811000000000103,0.036,1.0,,,12,4,1.0,2026
2026-01-20 12:00:00+00:00|-1.0|vol_trans_fade_h1_high_cooling_h12_tp06_sl065,2026-01-20 12:00:00+00:00,STAGE28A,data/reports/stage28a_discovery_factory_batch_runner/stage28a_exact_trades.csv,volatility_transition_v1,vol_trans_fade_h1_high_cooling_h12_tp06_sl065,4.258299999999872,3.208299999999872,2.5082999999998723,1,1,1,0,3.208299999999872,70.75,37.38999999999942,0.7983418026210438,43.05000000000018,0.726596980255529,16.0,11.848999999999933,0.056,-1.0,,,12,1,1.0,2026
2026-03-13 12:00:00+00:00|-1.0|vol_trans_fade_h1_high_cooling_h12_tp06_sl065,2026-03-13 12:00:00+00:00,STAGE28A,data/reports/stage28a_discovery_factory_batch_runner/stage28a_exact_trades.csv,volatility_transition_v1,vol_trans_fade_h1_high_cooling_h12_tp06_sl065,6.269499999999789,5.219499999999789,4.519499999999789,1,1,1,0,5.219499999999789,136.32999999999993,55.710000000000036,0.1202656614611347,49.1299999999992,0.19967433340117344,13.840000000000146,19.944500000000062,0.08,-1.0,,,12,4,3.0,2026
2026-03-17 12:00:00+00:00|1.0|vol_trans_fade_h1_high_cooling_h12_tp06_sl065,2026-03-17 12:00:00+00:00,STAGE28A,data/reports/stage28a_discovery_factory_batch_runner/stage28a_exact_trades.csv,volatility_transition_v1,vol_trans_fade_h1_high_cooling_h12_tp06_sl065,5.2149999999996,4.1649999999996,3.4649999999996,1,1,1,0,4.1649999999996,69.77000000000044,46.720000000000255,0.5355308219178146,52.33000000000084,0.7177527231033611,15.970000000000255,19.564000000000078,0.036,1.0,,,12,1,3.0,2026
2026-03-18 12:00:00+00:00|-1.0|vol_trans_fade_h1_high_cooling_h12_tp06_sl065,2026-03-18 12:00:00+00:00,STAGE28A,data/reports/stage28a_discovery_factory_batch_runner/stage28a_exact_trades.csv,volatility_transition_v1,vol_trans_fade_h1_high_cooling_h12_tp06_sl065,4.354600000000028,3.304600000000028,2.604600000000028,1,1,1,0,3.304600000000028,70.88000000000011,33.909999999999854,0.4624004718371999,57.25,0.3369432314410474,10.9399999999996,15.083499999999912,0.004,-1.0,,,12,2,3.0,2026
2026-04-07 12:00:00+00:00|-1.0|vol_trans_fade_h1_high_cooling_h12_tp06_sl065,2026-04-07 12:00:00+00:00,STAGE28A,data/reports/stage28a_discovery_factory_batch_runner/stage28a_exact_trades.csv,volatility_transition_v1,vol_trans_fade_h1_high_cooling_h12_tp06_sl065,-8.84972499999967,-9.899724999999671,-10.59972499999967,0,0,0,1,9.899724999999671,105.48999999999978,51.460000000000036,0.17061795569375532,71.22999999999956,0.3018391127334007,46.539999999999964,22.012999999999874,0.044,-1.0,,,12,1,4.0,2026
2026-04-10 12:00:00+00:00|1.0|vol_trans_fade_h1_high_cooling_h12_tp06_sl065,2026-04-10 12:00:00+00:00,STAGE28A,data/reports/stage28a_discovery_factory_batch_runner/stage28a_exact_trades.csv,volatility_transition_v1,vol_trans_fade_h1_high_cooling_h12_tp06_sl065,-5.391400000000067,-6.441400000000067,-7.141400000000067,0,0,0,1,6.441400000000067,102.13000000000011,41.600000000000364,0.05817307692307817,39.80999999999949,0.3765385581512176,22.329999999999927,19.503499999999985,0.012,1.0,,,12,4,4.0,2026
2026-04-14 12:00:00+00:00|-1.0|vol_trans_fade_h1_high_cooling_h12_tp06_sl065,2026-04-14 12:00:00+00:00,STAGE28A,data/reports/stage28a_discovery_factory_batch_runner/stage28a_exact_trades.csv,volatility_transition_v1,vol_trans_fade_h1_high_cooling_h12_tp06_sl065,4.935100000000057,3.885100000000057,3.185100000000057,1,1,1,0,3.885100000000057,114.48000000000047,31.23999999999978,0.3117797695262436,37.72999999999956,0.2793532997614653,15.649999999999636,17.88549999999991,0.036,-1.0,,,12,1,4.0,2026
2026-04-15 12:00:00+00:00|-1.0|vol_trans_fade_h1_high_cooling_h12_tp06_sl065,2026-04-15 12:00:00+00:00,STAGE28A,data/reports/stage28a_discovery_factory_batch_runner/stage28a_exact_trades.csv,volatility_transition_v1,vol_trans_fade_h1_high_cooling_h12_tp06_sl065,-6.195124999999825,-7.245124999999826,-7.945124999999825,0,0,0,1,7.245124999999826,100.72999999999956,54.25,0.20552995391704398,44.31999999999971,0.5873194945848357,15.949999999999818,18.2,0.096,-1.0,,,12,2,4.0,2026
2026-04-16 12:00:00+00:00|1.0|vol_trans_fade_h1_high_cooling_h12_tp06_sl065,2026-04-16 12:00:00+00:00,STAGE28A,data/reports/stage28a_discovery_factory_batch_runner/stage28a_exact_trades.csv,volatility_transition_v1,vol_trans_fade_h1_high_cooling_h12_tp06_sl065,-5.200950000000011,-6.250950000000012,-6.950950000000011,0,0,0,1,6.250950000000012,85.13999999999942,46.51999999999953,0.3555460017196933,31.529999999999745,0.35172851252775883,15.0600000000004,16.012000000000036,0.016,1.0,,,12,3,4.0,2026
2026-04-17 12:00:00+00:00|-1.0|vol_trans_fade_h1_high_cooling_h12_tp06_sl065,2026-04-17 12:00:00+00:00,STAGE28A,data/reports/stage28a_discovery_factory_batch_runner/stage28a_exact_trades.csv,volatility_transition_v1,vol_trans_fade_h1_high_cooling_h12_tp06_sl065,-4.9766999999998,-6.026699999999801,-6.7266999999998,0,0,0,1,6.026699999999801,65.03999999999996,33.399999999999636,0.042215568862271555,27.38000000000011,0.10336011687362731,15.989999999999782,15.80050000000001,0.072,-1.0,,,12,4,4.0,2026
2026-04-21 12:00:00+00:00|-1.0|vol_trans_fade_h1_high_cooling_h12_tp06_sl065,2026-04-21 12:00:00+00:00,STAGE28A,data/reports/stage28a_discovery_factory_batch_runner/stage28a_exact_trades.csv,volatility_transition_v1,vol_trans_fade_h1_high_cooling_h12_tp06_sl065,-5.905550000000039,-6.95555000000004,-7.655550000000039,0,0,0,1,6.95555000000004,90.67000000000007,40.399999999999636,0.7566831683168312,25.050000000000182,0.5417165668662519,18.039999999999964,14.880999999999949,0.044,-1.0,,,12,1,4.0,2026
2026-04-22 12:00:00+00:00|1.0|vol_trans_fade_h1_high_cooling_h12_tp06_sl065,2026-04-22 12:00:00+00:00,STAGE28A,data/reports/stage28a_discovery_factory_batch_runner/stage28a_exact_trades.csv,volatility_transition_v1,vol_trans_fade_h1_high_cooling_h12_tp06_sl065,-4.1843500000000855,-5.234350000000086,-5.9343500000000855,0,0,0,1,5.234350000000086,164.42000000000007,49.36000000000058,0.7803889789302891,19.909999999999854,0.14364640883980928,10.279999999999745,23.436499999999977,0.748,1.0,,,12,2,4.0,2026
2026-04-23 12:00:00+00:00|1.0|vol_trans_fade_h1_high_cooling_h12_tp06_sl065,2026-04-23 12:00:00+00:00,STAGE28A,data/reports/stage28a_discovery_factory_batch_runner/stage28a_exact_trades.csv,volatility_transition_v1,vol_trans_fade_h1_high_cooling_h12_tp06_sl065,4.509699999999976,3.459699999999976,2.759699999999976,1,1,1,0,3.459699999999976,56.470000000000255,59.63000000000011,0.37078651685392644,31.92999999999938,0.19417475728155145,22.75999999999931,18.103499999999894,0.428,1.0,,,12,3,4.0,2026
2026-04-24 12:00:00+00:00|1.0|vol_trans_fade_h1_high_cooling_h12_tp06_sl065,2026-04-24 12:00:00+00:00,STAGE28A,data/reports/stage28a_discovery_factory_batch_runner/stage28a_exact_trades.csv,volatility_transition_v1,vol_trans_fade_h1_high_cooling_h12_tp06_sl065,-5.574374999999781,-6.624374999999782,-7.324374999999781,0,0,0,1,6.624374999999782,89.48000000000047,42.279999999999745,0.4973982970671682,39.52000000000044,0.2608805668016267,12.289999999999964,20.423999999999978,0.708,1.0,,,12,4,4.0,2026
2026-04-27 12:00:00+00:00|1.0|vol_trans_fade_h1_high_cooling_h12_tp06_sl065,2026-04-27 12:00:00+00:00,STAGE28A,data/reports/stage28a_discovery_factory_batch_runner/stage28a_exact_trades.csv,volatility_transition_v1,vol_trans_fade_h1_high_cooling_h12_tp06_sl065,-3.9357249999999113,-4.985724999999912,-5.685724999999911,0,0,0,1,4.985724999999912,19.25,57.220000000000255,0.6957357567284206,30.449999999999818,0.671592775041049,9.30999999999949,14.895000000000072,0.096,1.0,,,12,0,4.0,2026
2026-04-28 12:00:00+00:00|1.0|vol_trans_fade_h1_high_cooling_h12_tp06_sl065,2026-04-28 12:00:00+00:00,STAGE28A,data/reports/stage28a_discovery_factory_batch_runner/stage28a_exact_trades.csv,volatility_transition_v1,vol_trans_fade_h1_high_cooling_h12_tp06_sl065,-7.594574999999713,-8.644574999999714,-9.344574999999711,0,0,0,1,8.644574999999714,62.81999999999971,34.590000000000146,0.49031511997687094,66.61000000000058,0.9911424711004333,20.579999999999927,14.017499999999973,0.128,1.0,,,12,1,4.0,2026
2026-04-29 12:00:00+00:00|-1.0|vol_trans_fade_h1_high_cooling_h12_tp06_sl065,2026-04-29 12:00:00+00:00,STAGE28A,data/reports/stage28a_discovery_factory_batch_runner/stage28a_exact_trades.csv,volatility_transition_v1,vol_trans_fade_h1_high_cooling_h12_tp06_sl065,-5.289024999999674,-6.339024999999674,-7.039024999999674,0,0,0,1,6.339024999999674,146.2599999999993,33.97999999999956,0.036492054149493754,55.970000000000255,0.707343219581902,19.329999999999927,14.940500000000203,0.208,-1.0,,,12,2,4.0,2026
2026-04-30 12:00:00+00:00|-1.0|vol_trans_fade_h1_high_cooling_h12_tp06_sl065,2026-04-30 12:00:00+00:00,STAGE28A,data/reports/stage28a_discovery_factory_batch_runner/stage28a_exact_trades.csv,volatility_transition_v1,vol_trans_fade_h1_high_cooling_h12_tp06_sl065,-6.927349999999569,-7.97734999999957,-8.677349999999569,0,0,0,1,7.97734999999957,99.84999999999945,43.11000000000058,0.09255393180235973,91.03999999999996,0.7621924428822534,32.399999999999636,21.205999999999722,0.848,-1.0,,,12,3,4.0,2026
2026-05-01 12:00:00+00:00|1.0|vol_trans_fade_h1_high_cooling_h12_tp06_sl065,2026-05-01 12:00:00+00:00,STAGE28A,data/reports/stage28a_discovery_factory_batch_runner/stage28a_exact_trades.csv,volatility_transition_v1,vol_trans_fade_h1_high_cooling_h12_tp06_sl065,4.062100000000465,3.0121000000004643,2.312100000000465,1,1,1,0,3.0121000000004643,107.63000000000011,21.970000000000255,0.17023213472916424,68.44999999999982,0.9382030679327906,17.359999999999673,14.220500000000039,0.144,1.0,,,12,4,5.0,2026
2026-05-04 12:00:00+00:00|1.0|vol_trans_fade_h1_high_cooling_h12_tp06_sl065,2026-05-04 12:00:00+00:00,STAGE28A,data/reports/stage28a_discovery_factory_batch_runner/stage28a_exact_trades.csv,volatility_transition_v1,vol_trans_fade_h1_high_cooling_h12_tp06_sl065,-5.606875000000036,-6.656875000000037,-7.356875000000036,0,0,0,1,6.656875000000037,16.889999999999418,38.17999999999938,0.09979046621266507,42.73999999999978,0.9333177351427359,7.489999999999782,17.278999999999815,0.348,1.0,,,12,0,5.0,2026
2026-05-05 12:00:00+00:00|-1.0|vol_trans_fade_h1_high_cooling_h12_tp06_sl065,2026-05-05 12:00:00+00:00,STAGE28A,data/reports/stage28a_discovery_factory_batch_runner/stage28a_exact_trades.csv,volatility_transition_v1,vol_trans_fade_h1_high_cooling_h12_tp06_sl065,4.4545000000001895,3.4045000000001893,2.704500000000189,1,1,1,0,3.4045000000001893,128.5099999999993,32.99000000000069,0.5216732343134185,32.52000000000044,0.6685116851168634,14.13000000000011,17.10599999999995,0.32,-1.0,,,12,1,5.0,2026
2026-05-06 12:00:00+00:00|-1.0|vol_trans_fade_h1_high_cooling_h12_tp06_sl065,2026-05-06 12:00:00+00:00,STAGE28A,data/reports/stage28a_discovery_factory_batch_runner/stage28a_exact_trades.csv,volatility_transition_v1,vol_trans_fade_h1_high_cooling_h12_tp06_sl065,-6.630950000000302,-7.680950000000303,-8.380950000000302,0,0,0,1,7.680950000000303,72.96000000000004,105.18000000000029,0.6700893706027788,65.11000000000058,0.8944862540316274,30.789999999999964,18.20449999999987,0.5,-1.0,,,12,2,5.0,2026
2026-05-07 12:00:00+00:00|1.0|vol_trans_fade_h1_high_cooling_h12_tp06_sl065,2026-05-07 12:00:00+00:00,STAGE28A,data/reports/stage28a_discovery_factory_batch_runner/stage28a_exact_trades.csv,volatility_transition_v1,vol_trans_fade_h1_high_cooling_h12_tp06_sl065,-6.854549999999653,-7.904549999999654,-8.604549999999653,0,0,0,1,7.904549999999654,176.60000000000036,35.909999999999854,0.12252854358116552,61.06999999999971,0.48747339119043176,22.650000000000546,17.736999999999945,0.384,1.0,,,12,3,5.0,2026
2026-05-08 12:00:00+00:00|-1.0|vol_trans_fade_h1_high_cooling_h12_tp06_sl065,2026-05-08 12:00:00+00:00,STAGE28A,data/reports/stage28a_discovery_factory_batch_runner/stage28a_exact_trades.csv,volatility_transition_v1,vol_trans_fade_h1_high_cooling_h12_tp06_sl065,5.216499999999906,4.166499999999905,3.4664999999999058,1,1,1,0,4.166499999999905,80.0,50.93000000000029,0.6630669546436154,37.44000000000051,0.20619658119658518,16.780000000000655,23.060000000000127,0.992,-1.0,,,12,4,5.0,2026
2026-05-11 12:00:00+00:00|1.0|vol_trans_fade_h1_high_cooling_h12_tp06_sl065,2026-05-11 12:00:00+00:00,STAGE28A,data/reports/stage28a_discovery_factory_batch_runner/stage28a_exact_trades.csv,volatility_transition_v1,vol_trans_fade_h1_high_cooling_h12_tp06_sl065,-5.5919250000002645,-6.641925000000265,-7.341925000000264,0,0,0,1,6.641925000000265,22.93000000000029,35.22999999999956,0.3735452739142781,32.529999999999745,0.6889025514909324,14.470000000000255,18.375999999999976,0.476,1.0,,,12,0,5.0,2026
2026-05-12 12:00:00+00:00|-1.0|vol_trans_fade_h1_high_cooling_h12_tp06_sl065,2026-05-12 12:00:00+00:00,STAGE28A,data/reports/stage28a_discovery_factory_batch_runner/stage28a_exact_trades.csv,volatility_transition_v1,vol_trans_fade_h1_high_cooling_h12_tp06_sl065,-5.719650000000547,-6.769650000000548,-7.469650000000547,0,0,0,1,6.769650000000548,103.15999999999985,55.06999999999971,0.5616488106046932,43.150000000000546,0.48528389339511785,9.430000000000291,19.012000000000036,0.48,-1.0,,,12,1,5.0,2026
2026-05-13 12:00:00+00:00|1.0|vol_trans_fade_h1_high_cooling_h12_tp06_sl065,2026-05-13 12:00:00+00:00,STAGE28A,data/reports/stage28a_discovery_factory_batch_runner/stage28a_exact_trades.csv,volatility_transition_v1,vol_trans_fade_h1_high_cooling_h12_tp06_sl065,3.947199999999975,2.897199999999976,2.197199999999976,1,1,1,0,2.897199999999976,134.8199999999997,38.69000000000051,0.5420005169294386,29.390000000000327,0.16570261993874913,9.789999999999964,15.846500000000015,0.116,1.0,,,12,2,5.0,2026
2026-05-14 12:00:00+00:00|-1.0|vol_trans_fade_h1_high_cooling_h12_tp06_sl065,2026-05-14 12:00:00+00:00,STAGE28A,data/reports/stage28a_discovery_factory_batch_runner/stage28a_exact_trades.csv,volatility_transition_v1,vol_trans_fade_h1_high_cooling_h12_tp06_sl065,5.57529999999988,4.525299999999879,3.82529999999988,1,1,1,0,4.525299999999879,57.02000000000044,32.970000000000255,0.7546254170457967,49.600000000000364,0.49818548387096484,14.63000000000011,17.600500000000057,0.34,-1.0,,,12,3,5.0,2026
2026-05-15 12:00:00+00:00|1.0|vol_trans_fade_h1_high_cooling_h12_tp06_sl065,2026-05-15 12:00:00+00:00,STAGE28A,data/reports/stage28a_discovery_factory_batch_runner/stage28a_exact_trades.csv,volatility_transition_v1,vol_trans_fade_h1_high_cooling_h12_tp06_sl065,7.636600000000181,6.58660000000018,5.886600000000181,1,1,1,0,6.58660000000018,74.1200000000008,57.9399999999996,0.8066965826717312,89.64999999999964,0.7779141104294486,21.56999999999971,21.18699999999999,0.872,1.0,,,12,4,5.0,2026
2026-05-19 12:00:00+00:00|1.0|vol_trans_fade_h1_high_cooling_h12_tp06_sl065,2026-05-19 12:00:00+00:00,STAGE28A,data/reports/stage28a_discovery_factory_batch_runner/stage28a_exact_trades.csv,volatility_transition_v1,vol_trans_fade_h1_high_cooling_h12_tp06_sl065,5.402199999999903,4.352199999999902,3.652199999999903,1,1,1,0,4.352199999999902,103.57999999999993,45.600000000000364,0.634210526315786,28.25999999999931,0.11075725406936256,22.69000000000051,18.02049999999995,0.324,1.0,,,12,1,5.0,2026
2026-05-20 12:00:00+00:00|-1.0|vol_trans_fade_h1_high_cooling_h12_tp06_sl065,2026-05-20 12:00:00+00:00,STAGE28A,data/reports/stage28a_discovery_factory_batch_runner/stage28a_exact_trades.csv,volatility_transition_v1,vol_trans_fade_h1_high_cooling_h12_tp06_sl065,5.272599999999693,4.222599999999693,3.5225999999996933,1,1,1,0,4.222599999999693,124.22000000000025,55.14000000000033,0.37413855640188587,34.54999999999927,0.6208393632416865,13.0600000000004,21.069000000000095,0.7,-1.0,,,12,2,5.0,2026
2026-05-21 12:00:00+00:00|-1.0|vol_trans_fade_h1_high_cooling_h12_tp06_sl065,2026-05-21 12:00:00+00:00,STAGE28A,data/reports/stage28a_discovery_factory_batch_runner/stage28a_exact_trades.csv,volatility_transition_v1,vol_trans_fade_h1_high_cooling_h12_tp06_sl065,4.875699999999961,3.825699999999961,3.125699999999961,1,1,1,0,3.825699999999961,98.85000000000036,43.460000000000036,0.26346065347445485,31.13000000000011,0.08833922261484067,18.38000000000011,19.53149999999996,0.512,-1.0,,,12,3,5.0,2026
2026-05-22 12:00:00+00:00|1.0|vol_trans_fade_h1_high_cooling_h12_tp06_sl065,2026-05-22 12:00:00+00:00,STAGE28A,data/reports/stage28a_discovery_factory_batch_runner/stage28a_exact_trades.csv,volatility_transition_v1,vol_trans_fade_h1_high_cooling_h12_tp06_sl065,4.438599999999861,3.3885999999998604,2.6885999999998607,1,1,1,0,3.3885999999998604,81.88999999999942,27.229999999999563,0.5233198677928839,28.420000000000073,0.09570724841661674,13.979999999999563,16.46399999999985,0.092,1.0,,,12,4,5.0,2026
2026-05-25 12:00:00+00:00|1.0|vol_trans_fade_h1_high_cooling_h12_tp06_sl065,2026-05-25 12:00:00+00:00,STAGE28A,data/reports/stage28a_discovery_factory_batch_runner/stage28a_exact_trades.csv,volatility_transition_v1,vol_trans_fade_h1_high_cooling_h12_tp06_sl065,3.039100000000326,1.989100000000326,1.2891000000003263,1,1,1,0,1.989100000000326,23.219999999999345,37.50999999999931,0.1343641695547869,18.550000000000182,0.42318059299188016,11.640000000000327,14.026999999999907,0.008,1.0,,,12,0,5.0,2026
2026-05-26 12:00:00+00:00|1.0|vol_trans_fade_h1_high_cooling_h12_tp06_sl065,2026-05-26 12:00:00+00:00,STAGE28A,data/reports/stage28a_discovery_factory_batch_runner/stage28a_exact_trades.csv,volatility_transition_v1,vol_trans_fade_h1_high_cooling_h12_tp06_sl065,4.054300000000149,3.0043000000001485,2.304300000000149,1,1,1,0,3.0043000000001485,37.50999999999931,52.36999999999989,0.6265037235058329,30.970000000000255,0.6293186955117733,18.799999999999272,13.93199999999988,0.096,1.0,,,12,1,5.0,2026
2026-05-27 12:00:00+00:00|-1.0|vol_trans_fade_h1_high_cooling_h12_tp06_sl065,2026-05-27 12:00:00+00:00,STAGE28A,data/reports/stage28a_discovery_factory_batch_runner/stage28a_exact_trades.csv,volatility_transition_v1,vol_trans_fade_h1_high_cooling_h12_tp06_sl065,-5.687800000000243,-6.737800000000243,-7.437800000000243,0,0,0,1,6.737800000000243,97.72000000000025,31.00999999999931,0.44953240890035184,41.44000000000051,0.16674710424709868,16.709999999999127,15.934500000000025,0.228,-1.0,,,12,2,5.0,2026
2026-05-28 12:00:00+00:00|1.0|vol_trans_fade_h1_high_cooling_h12_tp06_sl065,2026-05-28 12:00:00+00:00,STAGE28A,data/reports/stage28a_discovery_factory_batch_runner/stage28a_exact_trades.csv,volatility_transition_v1,vol_trans_fade_h1_high_cooling_h12_tp06_sl065,4.949200000000383,3.899200000000383,3.199200000000383,1,1,1,0,3.899200000000383,126.31999999999971,97.43000000000029,0.8483013445550589,32.26000000000022,0.5855548667079755,8.989999999999782,18.55799999999981,0.52,1.0,,,12,3,5.0,2026
2026-05-29 12:00:00+00:00|1.0|vol_trans_fade_h1_high_cooling_h12_tp06_sl065,2026-05-29 12:00:00+00:00,STAGE28A,data/reports/stage28a_discovery_factory_batch_runner/stage28a_exact_trades.csv,volatility_transition_v1,vol_trans_fade_h1_high_cooling_h12_tp06_sl065,-5.680974999999853,-6.730974999999853,-7.430974999999853,0,0,0,1,6.730974999999853,149.91000000000076,31.609999999999673,0.3144574501739862,38.23000000000047,0.7737379021710583,14.950000000000728,16.15900000000006,0.16,1.0,,,12,4,5.0,2026
2026-06-01 12:00:00+00:00|1.0|vol_trans_fade_h1_high_cooling_h12_tp06_sl065,2026-06-01 12:00:00+00:00,STAGE28A,data/reports/stage28a_discovery_factory_batch_runner/stage28a_exact_trades.csv,volatility_transition_v1,vol_trans_fade_h1_high_cooling_h12_tp06_sl065,4.006300000000374,2.956300000000374,2.2563000000003743,1,1,1,0,2.956300000000374,22.170000000000073,36.05999999999949,0.5268996117581882,35.95000000000073,0.56383866481224,13.729999999999563,17.2375,0.372,1.0,,,12,0,6.0,2026
2026-06-02 12:00:00+00:00|1.0|vol_trans_fade_h1_high_cooling_h12_tp06_sl065,2026-06-02 12:00:00+00:00,STAGE28A,data/reports/stage28a_discovery_factory_batch_runner/stage28a_exact_trades.csv,volatility_transition_v1,vol_trans_fade_h1_high_cooling_h12_tp06_sl065,-4.88505000000041,-5.935050000000411,-6.63505000000041,0,0,0,1,5.935050000000411,98.14999999999964,36.25,0.3817931034482799,43.899999999999636,0.6999999999999958,13.13000000000011,17.06349999999993,0.428,1.0,,,12,1,6.0,2026
2026-06-03 12:00:00+00:00|1.0|vol_trans_fade_h1_high_cooling_h12_tp06_sl065,2026-06-03 12:00:00+00:00,STAGE28A,data/reports/stage28a_discovery_factory_batch_runner/stage28a_exact_trades.csv,volatility_transition_v1,vol_trans_fade_h1_high_cooling_h12_tp06_sl065,-6.71317500000041,-7.763175000000411,-8.46317500000041,0,0,0,1,7.763175000000411,78.61999999999989,34.289999999999964,0.01574803149608847,49.039999999999964,0.8429853181076709,18.850000000000364,15.719999999999937,0.256,1.0,,,12,2,6.0,2026
2026-06-04 12:00:00+00:00|-1.0|vol_trans_fade_h1_high_cooling_h12_tp06_sl065,2026-06-04 12:00:00+00:00,STAGE28A,data/reports/stage28a_discovery_factory_batch_runner/stage28a_exact_trades.csv,volatility_transition_v1,vol_trans_fade_h1_high_cooling_h12_tp06_sl065,-5.151225000000158,-6.201225000000159,-6.901225000000158,0,0,0,1,6.201225000000159,70.15000000000055,52.960000000000036,0.2736027190332283,25.360000000000582,0.2602523659305719,10.610000000000582,18.18199999999997,0.684,-1.0,,,12,3,6.0,2026
2026-06-05 12:00:00+00:00|-1.0|vol_trans_fade_h1_high_cooling_h12_tp06_sl065,2026-06-05 12:00:00+00:00,STAGE28A,data/reports/stage28a_discovery_factory_batch_runner/stage28a_exact_trades.csv,volatility_transition_v1,vol_trans_fade_h1_high_cooling_h12_tp06_sl065,4.311699999999656,3.261699999999655,2.5616999999996555,1,1,1,0,3.261699999999655,91.14999999999964,46.159999999999854,0.5955372616984373,40.38999999999942,0.5570685813320209,9.430000000000291,14.831000000000177,0.192,-1.0,,,12,4,6.0,2026
2026-06-09 12:00:00+00:00|-1.0|vol_trans_fade_h1_high_cooling_h12_tp06_sl065,2026-06-09 12:00:00+00:00,STAGE28A,data/reports/stage28a_discovery_factory_batch_runner/stage28a_exact_trades.csv,volatility_transition_v1,vol_trans_fade_h1_high_cooling_h12_tp06_sl065,-5.516849999999613,-6.566849999999613,-7.266849999999613,0,0,0,1,6.566849999999613,84.51999999999953,29.149999999999636,0.2957118353344768,30.11999999999989,0.13313413014609007,15.489999999999782,14.515499999999793,0.108,-1.0,,,12,1,6.0,2026
2022-05-02 12:00:00+00:00|-1.0|liq_pdl_breakout_follow_h12_tp06_sl065,2022-05-02 12:00:00+00:00,STAGE28A,data/reports/stage28a_discovery_factory_batch_runner/stage28a_exact_trades.csv,liquidity_sweep_regime_v1,liq_pdl_breakout_follow_h12_tp06_sl065,1.2070000000000165,0.1570000000000164,-0.5429999999999833,1,0,1,0,0.1570000000000164,3.7100000000000364,15.569999999999936,0.6056518946692423,11.819999999999936,0.6607445008460227,6.0499999999999545,,,-1.0,,,12,0,5.0,2022
2022-05-03 12:00:00+00:00|-1.0|liq_pdl_breakout_follow_h12_tp06_sl065,2022-05-03 12:00:00+00:00,STAGE28A,data/reports/stage28a_discovery_factory_batch_runner/stage28a_exact_trades.csv,liquidity_sweep_regime_v1,liq_pdl_breakout_follow_h12_tp06_sl065,1.465900000000056,0.4159000000000561,-0.2840999999999436,1,0,1,0,0.4159000000000561,45.32999999999993,7.480000000000018,0.14705882352939925,14.160000000000082,0.34322033898305787,6.25,5.237,,-1.0,,,12,1,5.0,2022
2022-05-09 12:00:00+00:00|-1.0|liq_pdl_breakout_follow_h12_tp06_sl065,2022-05-09 12:00:00+00:00,STAGE28A,data/reports/stage28a_discovery_factory_batch_runner/stage28a_exact_trades.csv,liquidity_sweep_regime_v1,liq_pdl_breakout_follow_h12_tp06_sl065,1.1292999999999664,0.0792999999999666,-0.6207000000000331,1,0,0,0,0.0792999999999666,5.370000000000118,11.849999999999909,0.5544303797468535,13.889999999999873,0.8135349172066441,7.910000000000082,5.048000000000002,0.19298245614035087,-1.0,,,12,0,5.0,2022
2022-05-16 12:00:00+00:00|-1.0|liq_pdl_breakout_follow_h12_tp06_sl065,2022-05-16 12:00:00+00:00,STAGE28A,data/reports/stage28a_discovery_factory_batch_runner/stage28a_exact_trades.csv,liquidity_sweep_regime_v1,liq_pdl_breakout_follow_h12_tp06_sl065,-2.7140499999999066,-3.7640499999999055,-4.464049999999906,0,0,0,1,3.7640499999999055,4.369999999999891,7.9500000000000455,0.04025157232703579,24.470000000000027,0.42296689824274203,8.379999999999882,6.1785000000000085,0.8076923076923077,-1.0,,,12,0,5.0,2022
2022-06-01 12:00:00+00:00|-1.0|liq_pdl_breakout_follow_h12_tp06_sl065,2022-06-01 12:00:00+00:00,STAGE28A,data/reports/stage28a_discovery_factory_batch_runner/stage28a_exact_trades.csv,liquidity_sweep_regime_v1,liq_pdl_breakout_follow_h12_tp06_sl065,-1.9398999999999436,-2.989899999999943,-3.689899999999943,0,0,0,0,2.989899999999943,22.00999999999999,5.160000000000082,0.20155038759688898,8.710000000000036,0.5993111366245701,7.730000000000018,4.317000000000019,0.604,-1.0,,,12,2,6.0,2022
2022-06-13 12:00:00+00:00|-1.0|liq_pdl_breakout_follow_h12_tp06_sl065,2022-06-13 12:00:00+00:00,STAGE28A,data/reports/stage28a_discovery_factory_batch_runner/stage28a_exact_trades.csv,liquidity_sweep_regime_v1,liq_pdl_breakout_follow_h12_tp06_sl065,1.22529999999997,0.1752999999999702,-0.5247000000000295,1,0,1,0,0.1752999999999702,3.7800000000002,18.88000000000011,0.6705508474576276,14.509999999999991,0.6140592694693375,5.310000000000173,7.113000000000045,0.956,-1.0,,,12,0,6.0,2022
2022-06-21 12:00:00+00:00|-1.0|liq_pdl_breakout_follow_h12_tp06_sl065,2022-06-21 12:00:00+00:00,STAGE28A,data/reports/stage28a_discovery_factory_batch_runner/stage28a_exact_trades.csv,liquidity_sweep_regime_v1,liq_pdl_breakout_follow_h12_tp06_sl065,0.7903000000000248,-0.2596999999999752,-0.9596999999999748,0,0,0,0,0.2596999999999752,11.340000000000146,5.1400000000001,0.4299610894941621,8.159999999999854,0.3566176470588399,4.210000000000036,3.01550000000002,0.084,-1.0,,,12,1,6.0,2022
2022-06-22 12:00:00+00:00|-1.0|liq_pdl_breakout_follow_h12_tp06_sl065,2022-06-22 12:00:00+00:00,STAGE28A,data/reports/stage28a_discovery_factory_batch_runner/stage28a_exact_trades.csv,liquidity_sweep_regime_v1,liq_pdl_breakout_follow_h12_tp06_sl065,0.9679000000000088,-0.0820999999999911,-0.7820999999999909,0,0,0,0,0.0820999999999911,15.059999999999945,7.599999999999909,0.48289473684212064,6.970000000000027,0.15351506456243322,3.4400000000000546,3.9325000000000045,0.348,-1.0,,,12,2,6.0,2022
2022-06-29 12:00:00+00:00|-1.0|liq_pdl_breakout_follow_h12_tp06_sl065,2022-06-29 12:00:00+00:00,STAGE28A,data/reports/stage28a_discovery_factory_batch_runner/stage28a_exact_trades.csv,liquidity_sweep_regime_v1,liq_pdl_breakout_follow_h12_tp06_sl065,-1.4101500000000216,-2.4601500000000214,-3.160150000000021,0,0,0,0,2.4601500000000214,11.039999999999964,4.660000000000082,0.22532188841200346,10.309999999999945,0.5819592628516035,1.9800000000000182,2.950500000000011,0.064,-1.0,,,12,2,6.0,2022
2022-07-01 12:00:00+00:00|-1.0|liq_pdl_breakout_follow_h12_tp06_sl065,2022-07-01 12:00:00+00:00,STAGE28A,data/reports/stage28a_discovery_factory_batch_runner/stage28a_exact_trades.csv,liquidity_sweep_regime_v1,liq_pdl_breakout_follow_h12_tp06_sl065,-1.986700000000019,-3.036700000000019,-3.7367000000000186,0,0,0,0,3.036700000000019,22.309999999999945,5.990000000000009,0.7979966611018307,10.75,0.5441860465116194,3.310000000000173,4.681000000000006,0.72,-1.0,,,12,4,7.0,2022
2022-07-04 12:00:00+00:00|-1.0|liq_pdl_breakout_follow_h12_tp06_sl065,2022-07-04 12:00:00+00:00,STAGE28A,data/reports/stage28a_discovery_factory_batch_runner/stage28a_exact_trades.csv,liquidity_sweep_regime_v1,liq_pdl_breakout_follow_h12_tp06_sl065,-1.3376750000000812,-2.387675000000081,-3.0876750000000808,0,0,0,0,2.387675000000081,2.3299999999999272,8.740000000000009,0.16819221967963682,8.240000000000009,0.6844660194174871,2.769999999999982,4.749500000000012,0.748,-1.0,,,12,0,7.0,2022
2022-07-05 12:00:00+00:00|-1.0|liq_pdl_breakout_follow_h12_tp06_sl065,2022-07-05 12:00:00+00:00,STAGE28A,data/reports/stage28a_discovery_factory_batch_runner/stage28a_exact_trades.csv,liquidity_sweep_regime_v1,liq_pdl_breakout_follow_h12_tp06_sl065,0.715599999999904,-0.3344000000000959,-1.0344000000000957,0,0,0,0,0.3344000000000959,10.349999999999909,5.660000000000082,0.3021201413427582,11.75,0.6289361702127745,5.470000000000027,2.759999999999991,0.056,-1.0,,,12,1,7.0,2022
2022-07-08 12:00:00+00:00|-1.0|liq_pdl_breakout_follow_h12_tp06_sl065,2022-07-08 12:00:00+00:00,STAGE28A,data/reports/stage28a_discovery_factory_batch_runner/stage28a_exact_trades.csv,liquidity_sweep_regime_v1,liq_pdl_breakout_follow_h12_tp06_sl065,-2.260675000000083,-3.310675000000083,-4.010675000000083,0,0,0,1,3.310675000000083,12.600000000000136,7.740000000000009,0.34625322997413865,10.710000000000036,0.3725490196078427,8.349999999999909,4.0959999999999805,0.412,-1.0,,,12,4,7.0,2022
2022-07-11 12:00:00+00:00|-1.0|liq_pdl_breakout_follow_h12_tp06_sl065,2022-07-11 12:00:00+00:00,STAGE28A,data/reports/stage28a_discovery_factory_batch_runner/stage28a_exact_trades.csv,liquidity_sweep_regime_v1,liq_pdl_breakout_follow_h12_tp06_sl065,-1.3796000000000732,-2.429600000000073,-3.1296000000000728,0,0,0,0,2.429600000000073,4.230000000000018,6.099999999999909,0.16557377049180425,7.990000000000009,0.9386733416770953,2.6900000000000546,3.9875000000000114,0.368,-1.0,,,12,0,7.0,2022
2022-07-21 12:00:00+00:00|-1.0|liq_pdl_breakout_follow_h12_tp06_sl065,2022-07-21 12:00:00+00:00,STAGE28A,data/reports/stage28a_discovery_factory_batch_runner/stage28a_exact_trades.csv,liquidity_sweep_regime_v1,liq_pdl_breakout_follow_h12_tp06_sl065,-1.754649999999947,-2.804649999999947,-3.5046499999999465,0,0,0,0,2.804649999999947,21.980000000000018,7.3400000000001455,0.5953678474114175,11.529999999999973,0.6131830008673184,4.6400000000001,3.9344999999999914,0.324,-1.0,,,12,3,7.0,2022
2022-08-15 12:00:00+00:00|-1.0|liq_pdl_breakout_follow_h12_tp06_sl065,2022-08-15 12:00:00+00:00,STAGE28A,data/reports/stage28a_discovery_factory_batch_runner/stage28a_exact_trades.csv,liquidity_sweep_regime_v1,liq_pdl_breakout_follow_h12_tp06_sl065,0.5884000000000015,-0.4615999999999984,-1.1615999999999982,0,0,0,0,0.4615999999999984,2.5799999999999272,8.339999999999918,0.5851318944844313,17.659999999999854,0.8969422423556086,6.2999999999999545,3.6055000000000064,0.232,-1.0,,,12,0,8.0,2022
2022-08-19 12:00:00+00:00|-1.0|liq_pdl_breakout_follow_h12_tp06_sl065,2022-08-19 12:00:00+00:00,STAGE28A,data/reports/stage28a_discovery_factory_batch_runner/stage28a_exact_trades.csv,liquidity_sweep_regime_v1,liq_pdl_breakout_follow_h12_tp06_sl065,-1.3588000000000648,-2.4088000000000647,-3.1088000000000644,0,0,0,0,2.4088000000000647,17.089999999999918,5.740000000000009,0.548780487804893,5.559999999999945,0.13129496402878155,2.619999999999891,3.3414999999999964,0.284,-1.0,,,12,4,8.0,2022
2022-08-22 12:00:00+00:00|-1.0|liq_pdl_breakout_follow_h12_tp06_sl065,2022-08-22 12:00:00+00:00,STAGE28A,data/reports/stage28a_discovery_factory_batch_runner/stage28a_exact_trades.csv,liquidity_sweep_regime_v1,liq_pdl_breakout_follow_h12_tp06_sl065,-1.528775000000087,-2.578775000000087,-3.2787750000000866,0,0,0,0,2.578775000000087,3.1100000000001273,4.170000000000073,0.17266187050360066,14.790000000000191,0.6112237998647632,5.259999999999991,3.296500000000003,0.272,-1.0,,,12,0,8.0,2022
2022-08-29 12:00:00+00:00|-1.0|liq_pdl_breakout_follow_h12_tp06_sl065,2022-08-29 12:00:00+00:00,STAGE28A,data/reports/stage28a_discovery_factory_batch_runner/stage28a_exact_trades.csv,liquidity_sweep_regime_v1,liq_pdl_breakout_follow_h12_tp06_sl065,0.686200000000008,-0.3637999999999919,-1.0637999999999916,0,0,0,0,0.3637999999999919,3.8599999999999,15.049999999999955,0.7495016611295685,5.519999999999982,0.24456521739132986,2.8599999999999,4.907999999999982,0.972,-1.0,,,12,0,8.0,2022
2022-08-31 12:00:00+00:00|-1.0|liq_pdl_breakout_follow_h12_tp06_sl065,2022-08-31 12:00:00+00:00,STAGE28A,data/reports/stage28a_discovery_factory_batch_runner/stage28a_exact_trades.csv,liquidity_sweep_regime_v1,liq_pdl_breakout_follow_h12_tp06_sl065,0.8191000000000713,-0.2308999999999286,-0.9308999999999285,0,0,0,0,0.2308999999999286,19.339999999999918,3.8899999999998727,0.26478149100257237,15.8599999999999,0.8209331651954643,8.509999999999991,3.240999999999974,0.228,-1.0,,,12,2,8.0,2022
2022-09-01 12:00:00+00:00|-1.0|liq_pdl_breakout_follow_h12_tp06_sl065,2022-09-01 12:00:00+00:00,STAGE28A,data/reports/stage28a_discovery_factory_batch_runner/stage28a_exact_trades.csv,liquidity_sweep_regime_v1,liq_pdl_breakout_follow_h12_tp06_sl065,0.8469999999998891,-0.2030000000001108,-0.9030000000001106,0,0,0,0,0.2030000000001108,16.909999999999854,9.11999999999989,0.7225877192982453,8.200000000000045,0.14878048780488054,4.5900000000001455,4.0764999999999985,0.788,-1.0,,,12,3,9.0,2022
2022-09-15 12:00:00+00:00|-1.0|liq_pdl_breakout_follow_h12_tp06_sl065,2022-09-15 12:00:00+00:00,STAGE28A,data/reports/stage28a_discovery_factory_batch_runner/stage28a_exact_trades.csv,liquidity_sweep_regime_v1,liq_pdl_breakout_follow_h12_tp06_sl065,-1.6356999999999062,-2.685699999999906,-3.385699999999906,0,0,0,0,2.685699999999906,13.440000000000055,7.509999999999991,0.6378162450066537,7.75,0.4141935483871015,3.7100000000000364,3.163499999999965,0.072,-1.0,,,12,3,9.0,2022
2022-09-16 12:00:00+00:00|-1.0|liq_pdl_breakout_follow_h12_tp06_sl065,2022-09-16 12:00:00+00:00,STAGE28A,data/reports/stage28a_discovery_factory_batch_runner/stage28a_exact_trades.csv,liquidity_sweep_regime_v1,liq_pdl_breakout_follow_h12_tp06_sl065,0.8556999999999789,-0.194300000000021,-0.8943000000000207,0,0,0,0,0.194300000000021,37.899999999999864,6.4500000000000455,0.26976744186046464,12.11999999999989,0.3902640264026453,5.889999999999873,5.428999999999985,0.944,-1.0,,,12,4,9.0,2022
2022-09-19 12:00:00+00:00|-1.0|liq_pdl_breakout_follow_h12_tp06_sl065,2022-09-19 12:00:00+00:00,STAGE28A,data/reports/stage28a_discovery_factory_batch_runner/stage28a_exact_trades.csv,liquidity_sweep_regime_v1,liq_pdl_breakout_follow_h12_tp06_sl065,0.916900000000078,-0.133099999999922,-0.8330999999999218,0,0,0,0,0.133099999999922,4.819999999999936,11.710000000000036,0.7856532877882166,10.049999999999955,0.5353233830845677,5.810000000000173,4.7430000000000065,0.752,-1.0,,,12,0,9.0,2022
2022-09-28 12:00:00+00:00|-1.0|liq_pdl_breakout_follow_h12_tp06_sl065,2022-09-28 12:00:00+00:00,STAGE28A,data/reports/stage28a_discovery_factory_batch_runner/stage28a_exact_trades.csv,liquidity_sweep_regime_v1,liq_pdl_breakout_follow_h12_tp06_sl065,-2.100450000000001,-3.1504500000000006,-3.85045,0,0,0,1,3.1504500000000006,19.6099999999999,7.720000000000027,0.6968911917098268,10.920000000000073,0.7225274725274768,5.779999999999973,4.15250000000002,0.348,-1.0,,,12,2,9.0,2022
2022-10-10 12:00:00+00:00|-1.0|liq_pdl_breakout_follow_h12_tp06_sl065,2022-10-10 12:00:00+00:00,STAGE28A,data/reports/stage28a_discovery_factory_batch_runner/stage28a_exact_trades.csv,liquidity_sweep_regime_v1,liq_pdl_breakout_follow_h12_tp06_sl065,1.2178000000000335,0.1678000000000339,-0.5321999999999658,1,0,1,0,0.1678000000000339,4.789999999999964,12.700000000000045,0.6787401574803039,11.519999999999982,0.7282986111111209,3.75,4.814499999999964,0.388,-1.0,,,12,0,10.0,2022
2022-10-11 12:00:00+00:00|-1.0|liq_pdl_breakout_follow_h12_tp06_sl065,2022-10-11 12:00:00+00:00,STAGE28A,data/reports/stage28a_discovery_factory_batch_runner/stage28a_exact_trades.csv,liquidity_sweep_regime_v1,liq_pdl_breakout_follow_h12_tp06_sl065,-1.9788999999999304,-3.0288999999999304,-3.72889999999993,0,0,0,0,3.0288999999999304,34.23000000000002,12.269999999999982,0.37734311328444303,7.810000000000173,0.20102432778487855,5.519999999999982,4.212000000000001,0.116,-1.0,,,12,1,10.0,2022
2022-10-19 12:00:00+00:00|-1.0|liq_pdl_breakout_follow_h12_tp06_sl065,2022-10-19 12:00:00+00:00,STAGE28A,data/reports/stage28a_discovery_factory_batch_runner/stage28a_exact_trades.csv,liquidity_sweep_regime_v1,liq_pdl_breakout_follow_h12_tp06_sl065,1.1763999999999668,0.1263999999999669,-0.5736000000000328,1,0,0,0,0.1263999999999669,15.049999999999955,5.379999999999882,0.6189591078067338,11.819999999999936,0.6142131979695457,5.620000000000118,3.9754999999999656,0.12,-1.0,,,12,2,10.0,2022
2022-10-21 12:00:00+00:00|-1.0|liq_pdl_breakout_follow_h12_tp06_sl065,2022-10-21 12:00:00+00:00,STAGE28A,data/reports/stage28a_discovery_factory_batch_runner/stage28a_exact_trades.csv,liquidity_sweep_regime_v1,liq_pdl_breakout_follow_h12_tp06_sl065,1.1101000000000112,0.0601000000000113,-0.6398999999999884,1,0,0,0,0.0601000000000113,23.12000000000012,7.769999999999982,0.653796653796646,10.059999999999945,0.37872763419482763,4.519999999999982,4.306999999999993,0.36,-1.0,,,12,4,10.0,2022
2022-10-24 12:00:00+00:00|-1.0|liq_pdl_breakout_follow_h12_tp06_sl065,2022-10-24 12:00:00+00:00,STAGE28A,data/reports/stage28a_discovery_factory_batch_runner/stage28a_exact_trades.csv,liquidity_sweep_regime_v1,liq_pdl_breakout_follow_h12_tp06_sl065,1.1673999999999525,0.1173999999999524,-0.5826000000000473,1,0,0,0,0.1173999999999524,5.759999999999991,18.470000000000027,0.2793719545208363,14.289999999999964,0.33519944016794795,5.680000000000064,7.034000000000003,0.936,-1.0,,,12,0,10.0,2022
2022-10-25 12:00:00+00:00|-1.0|liq_pdl_breakout_follow_h12_tp06_sl065,2022-10-25 12:00:00+00:00,STAGE28A,data/reports/stage28a_discovery_factory_batch_runner/stage28a_exact_trades.csv,liquidity_sweep_regime_v1,liq_pdl_breakout_follow_h12_tp06_sl065,0.8248000000000048,-0.2251999999999951,-0.9251999999999948,0,0,0,0,0.2251999999999951,26.539999999999964,7.680000000000064,0.032552083333333065,13.129999999999882,0.885757806549902,5.470000000000027,3.9075000000000273,0.132,-1.0,,,12,1,10.0,2022
2022-10-28 12:00:00+00:00|-1.0|liq_pdl_breakout_follow_h12_tp06_sl065,2022-10-28 12:00:00+00:00,STAGE28A,data/reports/stage28a_discovery_factory_batch_runner/stage28a_exact_trades.csv,liquidity_sweep_regime_v1,liq_pdl_breakout_follow_h12_tp06_sl065,-1.7978750000000674,-2.847875000000067,-3.547875000000067,0,0,0,0,2.847875000000067,15.939999999999827,6.419999999999845,0.39408099688474046,18.899999999999864,0.7962962962962996,5.850000000000136,4.247500000000002,0.332,-1.0,,,12,4,10.0,2022
2022-10-31 12:00:00+00:00|-1.0|liq_pdl_breakout_follow_h12_tp06_sl065,2022-10-31 12:00:00+00:00,STAGE28A,data/reports/stage28a_discovery_factory_batch_runner/stage28a_exact_trades.csv,liquidity_sweep_regime_v1,liq_pdl_breakout_follow_h12_tp06_sl065,-1.5261750000000576,-2.5761750000000574,-3.276175000000057,0,0,0,0,2.5761750000000574,3.9200000000000728,4.870000000000118,0.2156057494866384,9.930000000000064,0.4652567975830905,4.479999999999791,3.661500000000012,0.04,-1.0,,,12,0,10.0,2022
2022-11-03 12:00:00+00:00|-1.0|liq_pdl_breakout_follow_h12_tp06_sl065,2022-11-03 12:00:00+00:00,STAGE28A,data/reports/stage28a_discovery_factory_batch_runner/stage28a_exact_trades.csv,liquidity_sweep_regime_v1,liq_pdl_breakout_follow_h12_tp06_sl065,-1.9249499999999444,-2.9749499999999443,-3.674949999999944,0,0,0,0,2.9749499999999443,37.6099999999999,9.11999999999989,0.2971491228070251,18.699999999999818,0.8711229946524129,8.149999999999864,5.466499999999963,0.892,-1.0,,,12,3,11.0,2022
2022-11-14 12:00:00+00:00|-1.0|liq_pdl_breakout_follow_h12_tp06_sl065,2022-11-14 12:00:00+00:00,STAGE28A,data/reports/stage28a_discovery_factory_batch_runner/stage28a_exact_trades.csv,liquidity_sweep_regime_v1,liq_pdl_breakout_follow_h12_tp06_sl065,-2.042275000000109,-3.0922750000001087,-3.792275000000109,0,0,0,1,3.0922750000001087,5.449999999999818,7.4099999999998545,0.29689608636975184,11.839999999999918,0.317567567567569,5.070000000000164,4.508499999999993,0.476,-1.0,,,12,0,11.0,2022
2022-11-17 12:00:00+00:00|-1.0|liq_pdl_breakout_follow_h12_tp06_sl065,2022-11-17 12:00:00+00:00,STAGE28A,data/reports/stage28a_discovery_factory_batch_runner/stage28a_exact_trades.csv,liquidity_sweep_regime_v1,liq_pdl_breakout_follow_h12_tp06_sl065,-1.706224999999995,-2.756224999999995,-3.4562249999999946,0,0,0,0,2.756224999999995,14.7199999999998,12.6099999999999,0.9103885804916819,9.519999999999982,0.012605042016819166,5.039999999999964,3.9125000000000227,0.112,-1.0,,,12,3,11.0,2022
2022-11-21 12:00:00+00:00|-1.0|liq_pdl_breakout_follow_h12_tp06_sl065,2022-11-21 12:00:00+00:00,STAGE28A,data/reports/stage28a_discovery_factory_batch_runner/stage28a_exact_trades.csv,liquidity_sweep_regime_v1,liq_pdl_breakout_follow_h12_tp06_sl065,0.9703000000000884,-0.0796999999999115,-0.7796999999999112,0,0,0,0,0.0796999999999115,3.1299999999998818,9.099999999999909,0.6912087912087941,10.190000000000055,0.4249263984298461,5.980000000000018,4.150500000000011,0.272,-1.0,,,12,0,11.0,2022
2022-11-23 12:00:00+00:00|-1.0|liq_pdl_breakout_follow_h12_tp06_sl065,2022-11-23 12:00:00+00:00,STAGE28A,data/reports/stage28a_discovery_factory_batch_runner/stage28a_exact_trades.csv,liquidity_sweep_regime_v1,liq_pdl_breakout_follow_h12_tp06_sl065,-1.729950000000008,-2.779950000000008,-3.479950000000008,0,0,0,0,2.779950000000008,12.740000000000009,10.009999999999991,0.6253746253746251,12.180000000000064,0.17733990147783832,4.629999999999882,3.400999999999988,0.108,-1.0,,,12,2,11.0,2022
2022-12-12 12:00:00+00:00|-1.0|liq_pdl_breakout_follow_h12_tp06_sl065,2022-12-12 12:00:00+00:00,STAGE28A,data/reports/stage28a_discovery_factory_batch_runner/stage28a_exact_trades.csv,liquidity_sweep_regime_v1,liq_pdl_breakout_follow_h12_tp06_sl065,0.6783999999999196,-0.3716000000000803,-1.07160000000008,0,0,0,0,0.3716000000000803,2.3400000000001455,10.309999999999945,0.7332686711930151,7.329999999999927,0.6889495225102326,2.8099999999999454,3.919000000000017,0.34,-1.0,,,12,0,12.0,2022
2022-12-15 12:00:00+00:00|-1.0|liq_pdl_breakout_follow_h12_tp06_sl065,2022-12-15 12:00:00+00:00,STAGE28A,data/reports/stage28a_discovery_factory_batch_runner/stage28a_exact_trades.csv,liquidity_sweep_regime_v1,liq_pdl_breakout_follow_h12_tp06_sl065,-2.457300000000123,-3.507300000000123,-4.207300000000123,0,0,0,1,3.507300000000123,19.310000000000173,19.110000000000127,0.8707482993197154,22.519999999999982,0.6039076376554139,6.0900000000001455,5.397000000000048,0.876,-1.0,,,12,3,12.0,2022
2022-12-28 12:00:00+00:00|-1.0|liq_pdl_breakout_follow_h12_tp06_sl065,2022-12-28 12:00:00+00:00,STAGE28A,data/reports/stage28a_discovery_factory_batch_runner/stage28a_exact_trades.csv,liquidity_sweep_regime_v1,liq_pdl_breakout_follow_h12_tp06_sl065,0.9483999999999014,-0.1016000000000985,-0.8016000000000982,0,0,0,0,0.1016000000000985,33.58999999999992,4.990000000000009,0.11422845691381468,12.950000000000045,0.7158301158301119,3.8400000000001455,5.321499999999981,0.852,-1.0,,,12,2,12.0,2022
2023-01-16 12:00:00+00:00|-1.0|liq_pdl_breakout_follow_h12_tp06_sl065,2023-01-16 12:00:00+00:00,STAGE28A,data/reports/stage28a_discovery_factory_batch_runner/stage28a_exact_trades.csv,liquidity_sweep_regime_v1,liq_pdl_breakout_follow_h12_tp06_sl065,1.001799999999912,-0.0482000000000879,-0.7482000000000877,0,0,0,0,0.0482000000000879,3.589999999999918,12.11999999999989,0.44389438943895687,11.519999999999982,0.5833333333333366,6.339999999999918,5.479500000000007,0.716,-1.0,,,12,0,1.0,2023
2023-01-17 12:00:00+00:00|-1.0|liq_pdl_breakout_follow_h12_tp06_sl065,2023-01-17 12:00:00+00:00,STAGE28A,data/reports/stage28a_discovery_factory_batch_runner/stage28a_exact_trades.csv,liquidity_sweep_regime_v1,liq_pdl_breakout_follow_h12_tp06_sl065,-1.6789250000000266,-2.7289250000000265,-3.428925000000026,0,0,0,0,2.7289250000000265,18.069999999999936,10.960000000000036,0.5875912408759154,9.029999999999973,0.5658914728682077,4.690000000000055,3.144500000000005,0.028,-1.0,,,12,1,1.0,2023
2023-01-30 12:00:00+00:00|-1.0|liq_pdl_breakout_follow_h12_tp06_sl065,2023-01-30 12:00:00+00:00,STAGE28A,data/reports/stage28a_discovery_factory_batch_runner/stage28a_exact_trades.csv,liquidity_sweep_regime_v1,liq_pdl_breakout_follow_h12_tp06_sl065,0.9246999999999388,-0.125300000000061,-0.8253000000000608,0,0,0,0,0.125300000000061,3.4500000000000455,10.049999999999955,0.44975124378109477,13.11999999999989,0.21570121951219137,3.4199999999998454,4.8629999999999995,0.62,-1.0,,,12,0,1.0,2023
2023-01-31 12:00:00+00:00|-1.0|liq_pdl_breakout_follow_h12_tp06_sl065,2023-01-31 12:00:00+00:00,STAGE28A,data/reports/stage28a_discovery_factory_batch_runner/stage28a_exact_trades.csv,liquidity_sweep_regime_v1,liq_pdl_breakout_follow_h12_tp06_sl065,-2.06242499999994,-3.112424999999939,-3.812424999999939,0,0,0,1,3.112424999999939,13.839999999999918,8.539999999999964,0.2412177985948424,19.180000000000064,0.7987486965589214,4.8599999999999,3.763000000000011,0.076,-1.0,,,12,1,1.0,2023
2023-02-03 12:00:00+00:00|-1.0|liq_pdl_breakout_follow_h12_tp06_sl065,2023-02-03 12:00:00+00:00,STAGE28A,data/reports/stage28a_discovery_factory_batch_runner/stage28a_exact_trades.csv,liquidity_sweep_regime_v1,liq_pdl_breakout_follow_h12_tp06_sl065,-1.9434749999998984,-2.9934749999998984,-3.693474999999898,0,0,0,0,2.9934749999998984,48.44999999999982,7.269999999999982,0.13480055020633022,8.599999999999909,0.490697674418613,5.889999999999873,5.812999999999977,0.86,-1.0,,,12,4,2.0,2023
2023-02-13 12:00:00+00:00|-1.0|liq_pdl_breakout_follow_h12_tp06_sl065,2023-02-13 12:00:00+00:00,STAGE28A,data/reports/stage28a_discovery_factory_batch_runner/stage28a_exact_trades.csv,liquidity_sweep_regime_v1,liq_pdl_breakout_follow_h12_tp06_sl065,-1.9860500000000685,-3.0360500000000683,-3.736050000000068,0,0,0,0,3.0360500000000683,2.6800000000000637,7.569999999999936,0.647291941875843,12.6400000000001,0.06170886075949102,7.830000000000155,4.361999999999989,0.244,-1.0,,,12,0,2.0,2023
2023-02-15 12:00:00+00:00|-1.0|liq_pdl_breakout_follow_h12_tp06_sl065,2023-02-15 12:00:00+00:00,STAGE28A,data/reports/stage28a_discovery_factory_batch_runner/stage28a_exact_trades.csv,liquidity_sweep_regime_v1,liq_pdl_breakout_follow_h12_tp06_sl065,1.373500000000058,0.3235000000000583,-0.3764999999999414,1,0,1,0,0.3235000000000583,27.169999999999845,13.559999999999945,0.5243362831858355,16.019999999999982,0.7771535580524381,4.990000000000009,6.240499999999997,0.74,-1.0,,,12,2,2.0,2023
2023-02-17 12:00:00+00:00|-1.0|liq_pdl_breakout_follow_h12_tp06_sl065,2023-02-17 12:00:00+00:00,STAGE28A,data/reports/stage28a_discovery_factory_batch_runner/stage28a_exact_trades.csv,liquidity_sweep_regime_v1,liq_pdl_breakout_follow_h12_tp06_sl065,-1.9970999999999093,-3.0470999999999093,-3.747099999999909,0,0,0,0,3.0470999999999093,17.670000000000073,12.660000000000082,0.5979462875197383,9.319999999999936,0.3508583690987129,8.709999999999809,5.139499999999998,0.496,-1.0,,,12,4,2.0,2023
2023-02-21 12:00:00+00:00|-1.0|liq_pdl_breakout_follow_h12_tp06_sl065,2023-02-21 12:00:00+00:00,STAGE28A,data/reports/stage28a_discovery_factory_batch_runner/stage28a_exact_trades.csv,liquidity_sweep_regime_v1,liq_pdl_breakout_follow_h12_tp06_sl065,0.9442000000000462,-0.1057999999999537,-0.8057999999999534,0,0,0,0,0.1057999999999537,10.169999999999845,6.710000000000036,0.3859910581222253,8.680000000000064,0.6831797235022803,4.370000000000118,2.7939999999999827,0.056,-1.0,,,12,1,2.0,2023
2023-02-27 12:00:00+00:00|-1.0|liq_pdl_breakout_follow_h12_tp06_sl065,2023-02-27 12:00:00+00:00,STAGE28A,data/reports/stage28a_discovery_factory_batch_runner/stage28a_exact_trades.csv,liquidity_sweep_regime_v1,liq_pdl_breakout_follow_h12_tp06_sl065,-1.5089500000000045,-2.5589500000000043,-3.258950000000004,0,0,0,0,2.5589500000000043,3.119999999999891,7.599999999999909,0.32763157894737355,6.600000000000136,0.20151515151513633,2.6800000000000637,3.57349999999999,0.156,-1.0,,,12,0,2.0,2023
2023-03-06 12:00:00+00:00|-1.0|liq_pdl_breakout_follow_h12_tp06_sl065,2023-03-06 12:00:00+00:00,STAGE28A,data/reports/stage28a_discovery_factory_batch_runner/stage28a_exact_trades.csv,liquidity_sweep_regime_v1,liq_pdl_breakout_follow_h12_tp06_sl065,0.7074999999998909,-0.342500000000109,-1.0425000000001088,0,0,0,0,0.342500000000109,3.290000000000191,5.690000000000055,0.2882249560632837,8.38000000000011,0.46062052505967505,4.4500000000000455,3.7245000000000346,0.5,-1.0,,,12,0,3.0,2023
2023-03-07 12:00:00+00:00|-1.0|liq_pdl_breakout_follow_h12_tp06_sl065,2023-03-07 12:00:00+00:00,STAGE28A,data/reports/stage28a_discovery_factory_batch_runner/stage28a_exact_trades.csv,liquidity_sweep_regime_v1,liq_pdl_breakout_follow_h12_tp06_sl065,0.6708999999999833,-0.3791000000000166,-1.0791000000000164,0,0,0,0,0.3791000000000166,13.160000000000082,6.430000000000064,0.16329704510107995,8.940000000000055,0.4798657718120735,3.6000000000001364,2.940500000000031,0.08,-1.0,,,12,1,3.0,2023
2023-03-27 12:00:00+00:00|-1.0|liq_pdl_breakout_follow_h12_tp06_sl065,2023-03-27 12:00:00+00:00,STAGE28A,data/reports/stage28a_discovery_factory_batch_runner/stage28a_exact_trades.csv,liquidity_sweep_regime_v1,liq_pdl_breakout_follow_h12_tp06_sl065,1.1682999999999537,0.1182999999999538,-0.5817000000000458,1,0,0,0,0.1182999999999538,10.569999999999936,10.569999999999936,0.07473982970671413,19.519999999999982,0.9508196721311456,4.849999999999909,6.034500000000025,0.284,-1.0,,,12,0,3.0,2023
2023-04-19 12:00:00+00:00|-1.0|liq_pdl_breakout_follow_h12_tp06_sl065,2023-04-19 12:00:00+00:00,STAGE28A,data/reports/stage28a_discovery_factory_batch_runner/stage28a_exact_trades.csv,liquidity_sweep_regime_v1,liq_pdl_breakout_follow_h12_tp06_sl065,1.7985999999999875,0.7485999999999877,0.0485999999999879,1,1,1,0,0.7485999999999877,20.6099999999999,6.189999999999827,0.34087237479809146,31.710000000000036,0.9274676758120481,14.740000000000009,5.0615000000000006,0.536,-1.0,,,12,2,4.0,2023
2023-04-21 12:00:00+00:00|-1.0|liq_pdl_breakout_follow_h12_tp06_sl065,2023-04-21 12:00:00+00:00,STAGE28A,data/reports/stage28a_discovery_factory_batch_runner/stage28a_exact_trades.csv,liquidity_sweep_regime_v1,liq_pdl_breakout_follow_h12_tp06_sl065,-2.4472249999999804,-3.4972249999999803,-4.19722499999998,0,0,0,1,3.4972249999999803,21.839999999999918,4.940000000000055,0.5161943319837907,20.37999999999988,0.7850834151128603,5.490000000000009,4.761000000000036,0.404,-1.0,,,12,4,4.0,2023
2023-05-01 12:00:00+00:00|-1.0|liq_pdl_breakout_follow_h12_tp06_sl065,2023-05-01 12:00:00+00:00,STAGE28A,data/reports/stage28a_discovery_factory_batch_runner/stage28a_exact_trades.csv,liquidity_sweep_regime_v1,liq_pdl_breakout_follow_h12_tp06_sl065,0.6631000000001223,-0.3868999999998777,-1.0868999999998774,0,0,0,0,0.3868999999998777,3.2999999999999545,11.25,0.5164444444444396,9.319999999999936,0.14377682403432696,4.180000000000064,4.103000000000032,0.096,-1.0,,,12,0,5.0,2023
2023-05-12 12:00:00+00:00|-1.0|liq_pdl_breakout_follow_h12_tp06_sl065,2023-05-12 12:00:00+00:00,STAGE28A,data/reports/stage28a_discovery_factory_batch_runner/stage28a_exact_trades.csv,liquidity_sweep_regime_v1,liq_pdl_breakout_follow_h12_tp06_sl065,0.9165999999999258,-0.1334000000000741,-0.8334000000000739,0,0,0,0,0.1334000000000741,30.1400000000001,8.960000000000036,0.4832589285714185,11.710000000000036,0.7532023911186941,4.220000000000027,5.039500000000009,0.552,-1.0,,,12,4,5.0,2023
2023-05-17 12:00:00+00:00|-1.0|liq_pdl_breakout_follow_h12_tp06_sl065,2023-05-17 12:00:00+00:00,STAGE28A,data/reports/stage28a_discovery_factory_batch_runner/stage28a_exact_trades.csv,liquidity_sweep_regime_v1,liq_pdl_breakout_follow_h12_tp06_sl065,0.6589000000000397,-0.3910999999999602,-1.09109999999996,0,0,0,0,0.3910999999999602,32.789999999999964,5.0,0.25599999999999457,8.180000000000064,0.892420537897298,3.1900000000000546,3.64050000000002,0.236,-1.0,,,12,2,5.0,2023
2023-05-23 12:00:00+00:00|-1.0|liq_pdl_breakout_follow_h12_tp06_sl065,2023-05-23 12:00:00+00:00,STAGE28A,data/reports/stage28a_discovery_factory_batch_runner/stage28a_exact_trades.csv,liquidity_sweep_regime_v1,liq_pdl_breakout_follow_h12_tp06_sl065,-1.8534499999999297,-2.9034499999999297,-3.6034499999999294,0,0,0,0,2.9034499999999297,13.670000000000073,12.319999999999936,0.6915584415584437,10.339999999999918,0.5483558994197406,6.449999999999818,4.186499999999978,0.512,-1.0,,,12,1,5.0,2023
2023-06-02 22:45:00+00:00|-1.0|liq_pdl_breakout_follow_h12_tp06_sl065,2023-06-02 22:45:00+00:00,STAGE28A,data/reports/stage28a_discovery_factory_batch_runner/stage28a_exact_trades.csv,liquidity_sweep_regime_v1,liq_pdl_breakout_follow_h12_tp06_sl065,-0.35,-1.4,-2.1,0,0,0,0,1.4,29.720000000000027,9.389999999999873,0.55271565495209,7.849999999999909,0.2496815286624279,2.009999999999991,4.710999999999979,0.672,-1.0,,,12,4,6.0,2023
2023-06-05 12:00:00+00:00|-1.0|liq_pdl_breakout_follow_h12_tp06_sl065,2023-06-05 12:00:00+00:00,STAGE28A,data/reports/stage28a_discovery_factory_batch_runner/stage28a_exact_trades.csv,liquidity_sweep_regime_v1,liq_pdl_breakout_follow_h12_tp06_sl065,0.816400000000067,-0.2335999999999329,-0.9335999999999328,0,0,0,0,0.2335999999999329,3.5399999999999636,6.1099999999999,0.2929623567921429,8.799999999999955,0.2590909090909073,5.25,4.456000000000029,0.512,-1.0,,,12,0,6.0,2023
2023-06-15 12:00:00+00:00|-1.0|liq_pdl_breakout_follow_h12_tp06_sl065,2023-06-15 12:00:00+00:00,STAGE28A,data/reports/stage28a_discovery_factory_batch_runner/stage28a_exact_trades.csv,liquidity_sweep_regime_v1,liq_pdl_breakout_follow_h12_tp06_sl065,1.1409999999999854,0.0909999999999855,-0.6090000000000142,1,0,0,0,0.0909999999999855,20.580000000000155,12.930000000000064,0.713070378963649,10.7800000000002,0.09090909090909091,3.8099999999999454,5.0829999999999815,0.948,-1.0,,,12,3,6.0,2023
2023-06-28 12:00:00+00:00|-1.0|liq_pdl_breakout_follow_h12_tp06_sl065,2023-06-28 12:00:00+00:00,STAGE28A,data/reports/stage28a_discovery_factory_batch_runner/stage28a_exact_trades.csv,liquidity_sweep_regime_v1,liq_pdl_breakout_follow_h12_tp06_sl065,0.6055000000000291,-0.4444999999999708,-1.1444999999999703,0,0,0,0,0.4444999999999708,19.659999999999854,3.949999999999818,0.05822784810127311,9.480000000000018,0.8280590717299466,3.3599999999999,3.550500000000022,0.312,-1.0,,,12,2,6.0,2023
2023-07-03 12:00:00+00:00|-1.0|liq_pdl_breakout_follow_h12_tp06_sl065,2023-07-03 12:00:00+00:00,STAGE28A,data/reports/stage28a_discovery_factory_batch_runner/stage28a_exact_trades.csv,liquidity_sweep_regime_v1,liq_pdl_breakout_follow_h12_tp06_sl065,0.6693999999999051,-0.3806000000000948,-1.0806000000000946,0,0,0,0,0.3806000000000948,1.1800000000000637,4.940000000000055,0.18825910931170567,10.5,0.4961904761904797,3.3299999999999272,3.2539999999999965,0.224,-1.0,,,12,0,7.0,2023
2023-07-21 12:00:00+00:00|-1.0|liq_pdl_breakout_follow_h12_tp06_sl065,2023-07-21 12:00:00+00:00,STAGE28A,data/reports/stage28a_discovery_factory_batch_runner/stage28a_exact_trades.csv,liquidity_sweep_regime_v1,liq_pdl_breakout_follow_h12_tp06_sl065,-1.482624999999962,-2.5326249999999617,-3.232624999999961,0,0,0,0,2.5326249999999617,22.090000000000146,3.8600000000001273,0.0984455958548884,11.100000000000136,0.5630630630630561,4.170000000000073,3.352499999999998,0.304,-1.0,,,12,4,7.0,2023
2023-07-24 12:00:00+00:00|-1.0|liq_pdl_breakout_follow_h12_tp06_sl065,2023-07-24 12:00:00+00:00,STAGE28A,data/reports/stage28a_discovery_factory_batch_runner/stage28a_exact_trades.csv,liquidity_sweep_regime_v1,liq_pdl_breakout_follow_h12_tp06_sl065,0.750099999999884,-0.2999000000001159,-0.9999000000001156,0,0,0,0,0.2999000000001159,2.3999999999998636,3.759999999999991,0.4840425531914736,8.310000000000173,0.6413959085439283,4.519999999999982,3.1549999999999727,0.188,-1.0,,,12,0,7.0,2023
2023-07-31 12:00:00+00:00|-1.0|liq_pdl_breakout_follow_h12_tp06_sl065,2023-07-31 12:00:00+00:00,STAGE28A,data/reports/stage28a_discovery_factory_batch_runner/stage28a_exact_trades.csv,liquidity_sweep_regime_v1,liq_pdl_breakout_follow_h12_tp06_sl065,-1.382525000000078,-2.4325250000000778,-3.132525000000077,0,0,0,0,2.4325250000000778,2.269999999999982,6.829999999999927,0.806734992679363,6.0499999999999545,0.3884297520661036,4.789999999999964,3.178000000000054,0.168,-1.0,,,12,0,7.0,2023
2023-08-07 12:00:00+00:00|-1.0|liq_pdl_breakout_follow_h12_tp06_sl065,2023-08-07 12:00:00+00:00,STAGE28A,data/reports/stage28a_discovery_factory_batch_runner/stage28a_exact_trades.csv,liquidity_sweep_regime_v1,liq_pdl_breakout_follow_h12_tp06_sl065,0.5622999999999593,-0.4877000000000406,-1.1877000000000404,0,0,0,0,0.4877000000000406,4.6400000000001,8.450000000000045,0.5254437869822521,5.220000000000027,0.9501915708812281,2.3400000000001455,3.22349999999999,0.192,-1.0,,,12,0,8.0,2023
2023-08-21 12:00:00+00:00|-1.0|liq_pdl_breakout_follow_h12_tp06_sl065,2023-08-21 12:00:00+00:00,STAGE28A,data/reports/stage28a_discovery_factory_batch_runner/stage28a_exact_trades.csv,liquidity_sweep_regime_v1,liq_pdl_breakout_follow_h12_tp06_sl065,-1.274299999999903,-2.3242999999999028,-3.0242999999999025,0,0,0,0,2.3242999999999028,2.060000000000173,8.830000000000155,0.15288788221971833,6.619999999999891,0.32326283987917453,1.8599999999999,3.2295000000000185,0.632,-1.0,,,12,0,8.0,2023
2023-08-28 12:00:00+00:00|-1.0|liq_pdl_breakout_follow_h12_tp06_sl065,2023-08-28 12:00:00+00:00,STAGE28A,data/reports/stage28a_discovery_factory_batch_runner/stage28a_exact_trades.csv,liquidity_sweep_regime_v1,liq_pdl_breakout_follow_h12_tp06_sl065,0.3598000000000866,-0.6901999999999133,-1.390199999999913,0,0,0,0,0.6901999999999133,1.490000000000009,3.0700000000001637,0.4364820846905038,4.259999999999991,0.5023474178403468,1.7800000000002,3.2365000000000124,0.664,-1.0,,,12,0,8.0,2023
2023-09-05 12:00:00+00:00|-1.0|liq_pdl_breakout_follow_h12_tp06_sl065,2023-09-05 12:00:00+00:00,STAGE28A,data/reports/stage28a_discovery_factory_batch_runner/stage28a_exact_trades.csv,liquidity_sweep_regime_v1,liq_pdl_breakout_follow_h12_tp06_sl065,0.3661000000000968,-0.6838999999999031,-1.3838999999999029,0,0,0,0,0.6838999999999031,9.470000000000027,3.8600000000001273,0.3056994818652914,8.319999999999936,0.7439903846153696,3.490000000000009,1.7455000000000154,0.044,-1.0,,,12,1,9.0,2023
2023-09-06 12:00:00+00:00|-1.0|liq_pdl_breakout_follow_h12_tp06_sl065,2023-09-06 12:00:00+00:00,STAGE28A,data/reports/stage28a_discovery_factory_batch_runner/stage28a_exact_trades.csv,liquidity_sweep_regime_v1,liq_pdl_breakout_follow_h12_tp06_sl065,0.35049999999992,-0.69950000000008,-1.3995000000000797,0,0,0,0,0.69950000000008,13.569999999999936,2.7200000000000273,0.05882352941179421,5.8599999999999,0.2030716723549616,2.410000000000082,2.113500000000022,0.192,-1.0,,,12,2,9.0,2023
2023-09-20 12:00:00+00:00|-1.0|liq_pdl_breakout_follow_h12_tp06_sl065,2023-09-20 12:00:00+00:00,STAGE28A,data/reports/stage28a_discovery_factory_batch_runner/stage28a_exact_trades.csv,liquidity_sweep_regime_v1,liq_pdl_breakout_follow_h12_tp06_sl065,0.2625999999999294,-0.7874000000000705,-1.4874000000000702,0,0,0,0,0.7874000000000705,7.619999999999891,3.9199999999998454,0.30357142857145447,4.3900000000001,0.27107061503417484,1.6300000000001091,1.9195000000000277,0.04,-1.0,,,12,2,9.0,2023
2023-09-21 12:00:00+00:00|-1.0|liq_pdl_breakout_follow_h12_tp06_sl065,2023-09-21 12:00:00+00:00,STAGE28A,data/reports/stage28a_discovery_factory_batch_runner/stage28a_exact_trades.csv,liquidity_sweep_regime_v1,liq_pdl_breakout_follow_h12_tp06_sl065,-1.1296749999999975,-2.1796749999999974,-2.879674999999997,0,0,0,0,2.1796749999999974,19.519999999999982,7.350000000000136,0.3823129251700535,8.040000000000191,0.4440298507462785,4.559999999999945,3.8875000000000113,1.0,-1.0,,,12,3,9.0,2023
2023-09-25 12:00:00+00:00|-1.0|liq_pdl_breakout_follow_h12_tp06_sl065,2023-09-25 12:00:00+00:00,STAGE28A,data/reports/stage28a_discovery_factory_batch_runner/stage28a_exact_trades.csv,liquidity_sweep_regime_v1,liq_pdl_breakout_follow_h12_tp06_sl065,-1.2489500000000135,-2.2989500000000134,-2.998950000000013,0,0,0,0,2.2989500000000134,2.0,3.769999999999982,0.5384615384615338,6.2999999999999545,0.13015873015872098,2.8299999999999272,2.2455000000000154,0.28,-1.0,,,12,0,9.0,2023
2023-09-26 12:00:00+00:00|-1.0|liq_pdl_breakout_follow_h12_tp06_sl065,2023-09-26 12:00:00+00:00,STAGE28A,data/reports/stage28a_discovery_factory_batch_runner/stage28a_exact_trades.csv,liquidity_sweep_regime_v1,liq_pdl_breakout_follow_h12_tp06_sl065,0.3826000000000477,-0.6673999999999523,-1.367399999999952,0,0,0,0,0.6673999999999523,12.0,3.730000000000018,0.7774798927613538,5.860000000000127,0.10238907849831456,2.5399999999999636,2.4035000000000197,0.42,-1.0,,,12,1,9.0,2023
2023-09-27 12:00:00+00:00|-1.0|liq_pdl_breakout_follow_h12_tp06_sl065,2023-09-27 12:00:00+00:00,STAGE28A,data/reports/stage28a_discovery_factory_batch_runner/stage28a_exact_trades.csv,liquidity_sweep_regime_v1,liq_pdl_breakout_follow_h12_tp06_sl065,-1.2392000000000736,-2.2892000000000734,-2.989200000000073,0,0,0,0,2.2892000000000734,17.690000000000055,4.459999999999809,0.23991031390139228,5.339999999999918,0.8220973782771424,2.7200000000000273,2.6619999999999893,0.54,-1.0,,,12,2,9.0,2023
2023-10-02 12:00:00+00:00|-1.0|liq_pdl_breakout_follow_h12_tp06_sl065,2023-10-02 12:00:00+00:00,STAGE28A,data/reports/stage28a_discovery_factory_batch_runner/stage28a_exact_trades.csv,liquidity_sweep_regime_v1,liq_pdl_breakout_follow_h12_tp06_sl065,-1.6230249999999615,-2.6730249999999613,-3.373024999999961,0,0,0,0,2.6730249999999613,5.180000000000064,6.080000000000155,0.4917763157894627,15.189999999999827,0.6036866359447122,3.730000000000018,4.725500000000011,0.992,-1.0,,,12,0,10.0,2023
2023-10-03 12:00:00+00:00|-1.0|liq_pdl_breakout_follow_h12_tp06_sl065,2023-10-03 12:00:00+00:00,STAGE28A,data/reports/stage28a_discovery_factory_batch_runner/stage28a_exact_trades.csv,liquidity_sweep_regime_v1,liq_pdl_breakout_follow_h12_tp06_sl065,-1.6317999999999755,-2.6817999999999755,-3.3817999999999757,0,0,0,0,2.6817999999999755,21.720000000000027,14.25,0.5361403508772,11.009999999999991,0.5376930063578635,5.1400000000001,4.457500000000027,0.884,-1.0,,,12,1,10.0,2023
2023-10-16 12:00:00+00:00|-1.0|liq_pdl_breakout_follow_h12_tp06_sl065,2023-10-16 12:00:00+00:00,STAGE28A,data/reports/stage28a_discovery_factory_batch_runner/stage28a_exact_trades.csv,liquidity_sweep_regime_v1,liq_pdl_breakout_follow_h12_tp06_sl065,0.9399999999999636,-0.1100000000000362,-0.810000000000036,0,0,0,0,0.1100000000000362,9.159999999999854,12.269999999999982,0.35207823960881585,12.190000000000055,0.31501230516816253,3.6299999999998818,5.090999999999974,0.884,-1.0,,,12,0,10.0,2023
2023-10-30 12:00:00+00:00|-1.0|liq_pdl_breakout_follow_h12_tp06_sl065,2023-10-30 12:00:00+00:00,STAGE28A,data/reports/stage28a_discovery_factory_batch_runner/stage28a_exact_trades.csv,liquidity_sweep_regime_v1,liq_pdl_breakout_follow_h12_tp06_sl065,1.0123000000000046,-0.0376999999999951,-0.7376999999999949,0,0,0,0,0.0376999999999951,9.659999999999854,9.809999999999945,0.11213047910294752,11.6099999999999,0.6089577950043064,5.509999999999991,5.33249999999997,0.612,-1.0,,,12,0,10.0,2023
2023-11-06 12:00:00+00:00|-1.0|liq_pdl_breakout_follow_h12_tp06_sl065,2023-11-06 12:00:00+00:00,STAGE28A,data/reports/stage28a_discovery_factory_batch_runner/stage28a_exact_trades.csv,liquidity_sweep_regime_v1,liq_pdl_breakout_follow_h12_tp06_sl065,0.592299999999932,-0.4577000000000679,-1.1577000000000677,0,0,0,0,0.4577000000000679,5.789999999999964,11.179999999999836,0.42397137745975655,6.1099999999999,0.5908346972176692,1.8199999999999363,4.17249999999998,0.316,-1.0,,,12,0,11.0,2023
2023-11-07 12:00:00+00:00|-1.0|liq_pdl_breakout_follow_h12_tp06_sl065,2023-11-07 12:00:00+00:00,STAGE28A,data/reports/stage28a_discovery_factory_batch_runner/stage28a_exact_trades.csv,liquidity_sweep_regime_v1,liq_pdl_breakout_follow_h12_tp06_sl065,-1.4852249999999914,-2.535224999999991,-3.235224999999991,0,0,0,0,2.535224999999991,16.519999999999982,7.3599999999999,0.7228260869565538,10.039999999999964,0.5149402390438111,4.740000000000009,2.889999999999975,0.044,-1.0,,,12,1,11.0,2023
2023-11-09 12:00:00+00:00|-1.0|liq_pdl_breakout_follow_h12_tp06_sl065,2023-11-09 12:00:00+00:00,STAGE28A,data/reports/stage28a_discovery_factory_batch_runner/stage28a_exact_trades.csv,liquidity_sweep_regime_v1,liq_pdl_breakout_follow_h12_tp06_sl065,0.5523999999999433,-0.4976000000000566,-1.1976000000000564,0,0,0,0,0.4976000000000566,23.529999999999973,6.889999999999873,0.18867924528301575,5.990000000000009,0.40066777963273575,3.2799999999999727,3.6514999999999986,0.328,-1.0,,,12,3,11.0,2023
2023-12-04 12:00:00+00:00|-1.0|liq_pdl_breakout_follow_h12_tp06_sl065,2023-12-04 12:00:00+00:00,STAGE28A,data/reports/stage28a_discovery_factory_batch_runner/stage28a_exact_trades.csv,liquidity_sweep_regime_v1,liq_pdl_breakout_follow_h12_tp06_sl065,-3.568800000000101,-4.6188000000001015,-5.318800000000101,0,0,0,1,4.6188000000001015,78.03999999999996,78.03999999999996,0.4173500768836517,32.70000000000027,0.5186544342507613,7.899999999999636,17.999500000000022,0.996,-1.0,,,12,0,12.0,2023
2023-12-11 12:00:00+00:00|-1.0|liq_pdl_breakout_follow_h12_tp06_sl065,2023-12-11 12:00:00+00:00,STAGE28A,data/reports/stage28a_discovery_factory_batch_runner/stage28a_exact_trades.csv,liquidity_sweep_regime_v1,liq_pdl_breakout_follow_h12_tp06_sl065,1.052499999999918,0.0024999999999182,-0.6975000000000815,1,0,0,0,0.0024999999999182,3.209999999999809,13.190000000000055,0.7907505686125696,9.36999999999989,0.39274279615796226,5.149999999999864,4.63299999999997,0.536,-1.0,,,12,0,12.0,2023
2024-01-03 12:00:00+00:00|-1.0|liq_pdl_breakout_follow_h12_tp06_sl065,2024-01-03 12:00:00+00:00,STAGE28A,data/reports/stage28a_discovery_factory_batch_runner/stage28a_exact_trades.csv,liquidity_sweep_regime_v1,liq_pdl_breakout_follow_h12_tp06_sl065,-1.6740500000001703,-2.72405000000017,-3.42405000000017,0,0,0,0,2.72405000000017,22.88000000000011,7.050000000000182,0.7333333333333247,13.200000000000273,0.7446969696969488,6.230000000000018,4.221500000000015,0.65,-1.0,,,12,2,1.0,2024
2024-01-08 12:00:00+00:00|-1.0|liq_pdl_breakout_follow_h12_tp06_sl065,2024-01-08 12:00:00+00:00,STAGE28A,data/reports/stage28a_discovery_factory_batch_runner/stage28a_exact_trades.csv,liquidity_sweep_regime_v1,liq_pdl_breakout_follow_h12_tp06_sl065,1.136499999999978,0.0864999999999782,-0.6135000000000215,1,0,0,0,0.0864999999999782,2.4299999999998363,11.529999999999973,0.7380745880312238,9.460000000000036,0.8879492600422655,4.980000000000018,5.1754999999999995,0.848,-1.0,,,12,0,1.0,2024
2024-01-16 12:00:00+00:00|-1.0|liq_pdl_breakout_follow_h12_tp06_sl065,2024-01-16 12:00:00+00:00,STAGE28A,data/reports/stage28a_discovery_factory_batch_runner/stage28a_exact_trades.csv,liquidity_sweep_regime_v1,liq_pdl_breakout_follow_h12_tp06_sl065,0.9891999999998916,-0.0608000000001083,-0.7608000000001081,0,0,0,0,0.0608000000001083,12.740000000000009,7.170000000000073,0.656903765690375,12.409999999999854,0.6970185334407891,5.2000000000000455,2.9385000000000447,0.06,-1.0,,,12,1,1.0,2024
2024-01-17 12:00:00+00:00|-1.0|liq_pdl_breakout_follow_h12_tp06_sl065,2024-01-17 12:00:00+00:00,STAGE28A,data/reports/stage28a_discovery_factory_batch_runner/stage28a_exact_trades.csv,liquidity_sweep_regime_v1,liq_pdl_breakout_follow_h12_tp06_sl065,-1.7520499999999175,-2.8020499999999173,-3.502049999999917,0,0,0,0,2.8020499999999173,31.430000000000064,9.559999999999945,0.28765690376569203,10.870000000000118,0.06439742410301845,5.2999999999999545,4.817499999999984,0.624,-1.0,,,12,2,1.0,2024
2024-01-22 12:00:00+00:00|-1.0|liq_pdl_breakout_follow_h12_tp06_sl065,2024-01-22 12:00:00+00:00,STAGE28A,data/reports/stage28a_discovery_factory_batch_runner/stage28a_exact_trades.csv,liquidity_sweep_regime_v1,liq_pdl_breakout_follow_h12_tp06_sl065,1.1380000000000563,0.0880000000000564,-0.6119999999999433,1,0,0,0,0.0880000000000564,2.8199999999999363,7.399999999999864,0.2851351351351269,7.079999999999927,0.3644067796610425,3.3700000000001182,3.7404999999999746,0.3,-1.0,,,12,0,1.0,2024
2024-02-05 12:00:00+00:00|-1.0|liq_pdl_breakout_follow_h12_tp06_sl065,2024-02-05 12:00:00+00:00,STAGE28A,data/reports/stage28a_discovery_factory_batch_runner/stage28a_exact_trades.csv,liquidity_sweep_regime_v1,liq_pdl_breakout_follow_h12_tp06_sl065,-1.7000500000000105,-2.75005000000001,-3.45005000000001,0,0,0,0,2.75005000000001,3.3900000000001,11.839999999999918,0.6173986486486484,11.329999999999927,0.6548984995586843,3.589999999999918,4.149499999999989,0.524,-1.0,,,12,0,2.0,2024
2024-02-12 12:00:00+00:00|-1.0|liq_pdl_breakout_follow_h12_tp06_sl065,2024-02-12 12:00:00+00:00,STAGE28A,data/reports/stage28a_discovery_factory_batch_runner/stage28a_exact_trades.csv,liquidity_sweep_regime_v1,liq_pdl_breakout_follow_h12_tp06_sl065,-1.1553500000000896,-2.2053500000000894,-2.905350000000089,0,0,0,0,2.2053500000000894,2.4199999999998454,4.959999999999809,0.46774193548387616,7.339999999999918,0.30245231607630135,3.490000000000009,2.494500000000005,0.032,-1.0,,,12,0,2.0,2024
2024-02-23 12:00:00+00:00|-1.0|liq_pdl_breakout_follow_h12_tp06_sl065,2024-02-23 12:00:00+00:00,STAGE28A,data/reports/stage28a_discovery_factory_batch_runner/stage28a_exact_trades.csv,liquidity_sweep_regime_v1,liq_pdl_breakout_follow_h12_tp06_sl065,0.6438999999999396,-0.4061000000000603,-1.10610000000006,0,0,0,0,0.4061000000000603,15.36999999999989,4.559999999999945,0.2763157894736855,10.110000000000127,0.2908011869435994,3.8400000000001455,3.2055000000000065,0.688,-1.0,,,12,4,2.0,2024
2024-02-28 12:00:00+00:00|-1.0|liq_pdl_breakout_follow_h12_tp06_sl065,2024-02-28 12:00:00+00:00,STAGE28A,data/reports/stage28a_discovery_factory_batch_runner/stage28a_exact_trades.csv,liquidity_sweep_regime_v1,liq_pdl_breakout_follow_h12_tp06_sl065,-1.0692250000000514,-2.119225000000051,-2.819225000000051,0,0,0,0,2.119225000000051,10.730000000000018,4.599999999999909,0.01956521739133637,7.720000000000027,0.3873056994818651,2.5599999999999454,2.4649999999999865,0.156,-1.0,,,12,2,2.0,2024
2024-03-22 12:00:00+00:00|-1.0|liq_pdl_breakout_follow_h12_tp06_sl065,2024-03-22 12:00:00+00:00,STAGE28A,data/reports/stage28a_discovery_factory_batch_runner/stage28a_exact_trades.csv,liquidity_sweep_regime_v1,liq_pdl_breakout_follow_h12_tp06_sl065,-2.162199999999848,-3.212199999999848,-3.912199999999848,0,0,0,1,3.212199999999848,56.07999999999993,14.199999999999818,0.53169014084509,13.659999999999854,0.46998535871157693,4.480000000000018,5.3659999999999854,0.692,-1.0,,,12,4,3.0,2024
2024-04-22 12:00:00+00:00|-1.0|liq_pdl_breakout_follow_h12_tp06_sl065,2024-04-22 12:00:00+00:00,STAGE28A,data/reports/stage28a_discovery_factory_batch_runner/stage28a_exact_trades.csv,liquidity_sweep_regime_v1,liq_pdl_breakout_follow_h12_tp06_sl065,-2.850225000000228,-3.900225000000228,-4.600225000000227,0,0,0,1,3.900225000000228,6.799999999999727,26.84999999999991,0.5314711359404108,21.490000000000236,0.3922754769660399,5.049999999999727,7.738999999999919,0.296,-1.0,,,12,0,4.0,2024
2024-04-23 12:00:00+00:00|-1.0|liq_pdl_breakout_follow_h12_tp06_sl065,2024-04-23 12:00:00+00:00,STAGE28A,data/reports/stage28a_discovery_factory_batch_runner/stage28a_exact_trades.csv,liquidity_sweep_regime_v1,liq_pdl_breakout_follow_h12_tp06_sl065,-3.16775000000016,-4.21775000000016,-4.91775000000016,0,0,0,1,4.21775000000016,63.82999999999993,38.82999999999993,0.7180015451970168,23.220000000000255,0.30146425495262374,7.7599999999997635,9.364500000000021,0.688,-1.0,,,12,1,4.0,2024
2024-04-30 12:00:00+00:00|-1.0|liq_pdl_breakout_follow_h12_tp06_sl065,2024-04-30 12:00:00+00:00,STAGE28A,data/reports/stage28a_discovery_factory_batch_runner/stage28a_exact_trades.csv,liquidity_sweep_regime_v1,liq_pdl_breakout_follow_h12_tp06_sl065,1.284399999999914,0.2343999999999142,-0.4656000000000855,1,0,1,0,0.2343999999999142,26.919999999999618,9.320000000000164,0.6115879828326366,18.879999999999654,0.7733050847457721,7.699999999999818,5.457500000000027,0.04,-1.0,,,12,1,4.0,2024
2024-05-08 12:00:00+00:00|-1.0|liq_pdl_breakout_follow_h12_tp06_sl065,2024-05-08 12:00:00+00:00,STAGE28A,data/reports/stage28a_discovery_factory_batch_runner/stage28a_exact_trades.csv,liquidity_sweep_regime_v1,liq_pdl_breakout_follow_h12_tp06_sl065,-1.873924999999963,-2.923924999999963,-3.6239249999999625,0,0,0,0,2.923924999999963,20.179999999999836,11.240000000000236,0.22775800711742808,17.86999999999989,0.35926133184108067,5.5099999999997635,5.075999999999999,0.088,-1.0,,,12,2,5.0,2024
2024-05-13 12:00:00+00:00|-1.0|liq_pdl_breakout_follow_h12_tp06_sl065,2024-05-13 12:00:00+00:00,STAGE28A,data/reports/stage28a_discovery_factory_batch_runner/stage28a_exact_trades.csv,liquidity_sweep_regime_v1,liq_pdl_breakout_follow_h12_tp06_sl065,1.1851000000000569,0.1351000000000568,-0.5648999999999429,1,0,0,0,0.1351000000000568,3.4299999999998363,9.710000000000036,0.4582904222451345,18.139999999999873,0.9404630650496177,8.860000000000127,5.507500000000027,0.276,-1.0,,,12,0,5.0,2024
2024-05-23 12:00:00+00:00|-1.0|liq_pdl_breakout_follow_h12_tp06_sl065,2024-05-23 12:00:00+00:00,STAGE28A,data/reports/stage28a_discovery_factory_batch_runner/stage28a_exact_trades.csv,liquidity_sweep_regime_v1,liq_pdl_breakout_follow_h12_tp06_sl065,2.042499999999927,0.9924999999999272,0.2924999999999276,1,1,1,0,0.9924999999999272,51.76999999999998,16.980000000000018,0.47820965842166563,19.029999999999745,0.44245927482922676,6.710000000000036,8.287500000000046,0.868,-1.0,,,12,3,5.0,2024
2024-05-30 12:00:00+00:00|-1.0|liq_pdl_breakout_follow_h12_tp06_sl065,2024-05-30 12:00:00+00:00,STAGE28A,data/reports/stage28a_discovery_factory_batch_runner/stage28a_exact_trades.csv,liquidity_sweep_regime_v1,liq_pdl_breakout_follow_h12_tp06_sl065,1.5595000000002073,0.5095000000002075,-0.1904999999997922,1,0,1,0,0.5095000000002075,28.059999999999945,11.800000000000182,0.2771186440677908,15.559999999999945,0.06876606683805704,3.880000000000109,5.5650000000001,0.432,-1.0,,,12,3,5.0,2024
2024-06-07 12:00:00+00:00|-1.0|liq_pdl_breakout_follow_h12_tp06_sl065,2024-06-07 12:00:00+00:00,STAGE28A,data/reports/stage28a_discovery_factory_batch_runner/stage28a_exact_trades.csv,liquidity_sweep_regime_v1,liq_pdl_breakout_follow_h12_tp06_sl065,2.8149999999999635,1.7649999999999637,1.064999999999964,1,1,1,0,1.7649999999999637,25.20999999999958,12.600000000000364,0.24920634920633192,50.42000000000007,0.8131693772312563,31.230000000000018,7.787999999999988,0.988,-1.0,,,12,4,6.0,2024
2024-06-17 12:00:00+00:00|-1.0|liq_pdl_breakout_follow_h12_tp06_sl065,2024-06-17 12:00:00+00:00,STAGE28A,data/reports/stage28a_discovery_factory_batch_runner/stage28a_exact_trades.csv,liquidity_sweep_regime_v1,liq_pdl_breakout_follow_h12_tp06_sl065,1.181800000000203,0.1318000000002031,-0.5681999999997966,1,0,0,0,0.1318000000002031,5.4099999999998545,11.420000000000073,0.39229422066549824,10.769999999999982,0.4001857010213512,5.8400000000001455,4.699999999999932,0.096,-1.0,,,12,0,6.0,2024
2024-07-08 12:00:00+00:00|-1.0|liq_pdl_breakout_follow_h12_tp06_sl065,2024-07-08 12:00:00+00:00,STAGE28A,data/reports/stage28a_discovery_factory_batch_runner/stage28a_exact_trades.csv,liquidity_sweep_regime_v1,liq_pdl_breakout_follow_h12_tp06_sl065,1.0464999999998326,-0.0035000000001672,-0.703500000000167,0,0,0,0,0.0035000000001672,5.289999999999964,10.420000000000073,0.22936660268716993,18.5,0.6929729729729818,6.820000000000164,5.284999999999991,0.664,-1.0,,,12,0,7.0,2024
2024-07-19 12:00:00+00:00|-1.0|liq_pdl_breakout_follow_h12_tp06_sl065,2024-07-19 12:00:00+00:00,STAGE28A,data/reports/stage28a_discovery_factory_batch_runner/stage28a_exact_trades.csv,liquidity_sweep_regime_v1,liq_pdl_breakout_follow_h12_tp06_sl065,2.0547999999997955,1.0047999999997956,0.3047999999997959,1,1,1,0,1.0047999999997956,34.84999999999991,24.679999999999836,0.6288492706645091,16.5,0.7678787878787923,5.299999999999727,7.181499999999938,0.908,-1.0,,,12,4,7.0,2024
2024-07-22 12:00:00+00:00|-1.0|liq_pdl_breakout_follow_h12_tp06_sl065,2024-07-22 12:00:00+00:00,STAGE28A,data/reports/stage28a_discovery_factory_batch_runner/stage28a_exact_trades.csv,liquidity_sweep_regime_v1,liq_pdl_breakout_follow_h12_tp06_sl065,1.3882000000002337,0.3382000000002336,-0.3617999999997661,1,0,1,0,0.3382000000002336,11.319999999999709,11.819999999999709,0.38494077834181845,8.450000000000273,0.2816568047337316,4.800000000000182,5.591500000000042,0.484,-1.0,,,12,0,7.0,2024
2024-07-25 12:00:00+00:00|-1.0|liq_pdl_breakout_follow_h12_tp06_sl065,2024-07-25 12:00:00+00:00,STAGE28A,data/reports/stage28a_discovery_factory_batch_runner/stage28a_exact_trades.csv,liquidity_sweep_regime_v1,liq_pdl_breakout_follow_h12_tp06_sl065,2.0451999999999315,0.9951999999999316,0.2951999999999319,1,1,1,0,0.9951999999999316,35.4699999999998,34.38999999999987,0.6685082872928138,12.909999999999854,0.0859798605732099,5.5900000000001455,8.804499999999939,0.992,-1.0,,,12,3,7.0,2024
2024-08-05 12:00:00+00:00|-1.0|liq_pdl_breakout_follow_h12_tp06_sl065,2024-08-05 12:00:00+00:00,STAGE28A,data/reports/stage28a_discovery_factory_batch_runner/stage28a_exact_trades.csv,liquidity_sweep_regime_v1,liq_pdl_breakout_follow_h12_tp06_sl065,3.575200000000132,2.525200000000132,1.825200000000132,1,1,1,0,2.525200000000132,9.230000000000018,38.48999999999978,0.24941543257990176,39.67000000000007,0.6765817998487547,11.070000000000164,14.914500000000066,0.992,-1.0,,,12,0,8.0,2024
2024-08-19 12:00:00+00:00|-1.0|liq_pdl_breakout_follow_h12_tp06_sl065,2024-08-19 12:00:00+00:00,STAGE28A,data/reports/stage28a_discovery_factory_batch_runner/stage28a_exact_trades.csv,liquidity_sweep_regime_v1,liq_pdl_breakout_follow_h12_tp06_sl065,1.3441000000001622,0.2941000000001623,-0.4058999999998374,1,0,1,0,0.2941000000001623,7.760000000000218,14.5,0.1165517241379348,8.319999999999709,0.3978365384615458,4.849999999999909,6.647000000000025,0.552,-1.0,,,12,0,8.0,2024
2024-09-04 12:00:00+00:00|-1.0|liq_pdl_breakout_follow_h12_tp06_sl065,2024-09-04 12:00:00+00:00,STAGE28A,data/reports/stage28a_discovery_factory_batch_runner/stage28a_exact_trades.csv,liquidity_sweep_regime_v1,liq_pdl_breakout_follow_h12_tp06_sl065,1.4677000000000588,0.417700000000059,-0.2822999999999407,1,0,1,0,0.417700000000059,32.80000000000018,5.679999999999836,0.32922535211266635,24.890000000000327,0.5355564483728488,10.740000000000236,6.1079999999999925,0.7,-1.0,,,12,2,9.0,2024
2024-09-09 12:00:00+00:00|-1.0|liq_pdl_breakout_follow_h12_tp06_sl065,2024-09-09 12:00:00+00:00,STAGE28A,data/reports/stage28a_discovery_factory_batch_runner/stage28a_exact_trades.csv,liquidity_sweep_regime_v1,liq_pdl_breakout_follow_h12_tp06_sl065,1.6186000000001513,0.5686000000001514,-0.1313999999998483,1,0,1,0,0.5686000000001514,2.3200000000001637,5.6599999999998545,0.2473498233215772,13.860000000000127,0.20923520923521388,5.550000000000182,6.637499999999955,0.868,-1.0,,,12,0,9.0,2024
2024-09-23 12:00:00+00:00|-1.0|liq_pdl_breakout_follow_h12_tp06_sl065,2024-09-23 12:00:00+00:00,STAGE28A,data/reports/stage28a_discovery_factory_batch_runner/stage28a_exact_trades.csv,liquidity_sweep_regime_v1,liq_pdl_breakout_follow_h12_tp06_sl065,-2.1683749999998327,-3.218374999999833,-3.918374999999832,0,0,0,1,3.218374999999833,3.6200000000003456,14.989999999999782,0.5376917945297209,17.51000000000022,0.39634494574528656,5.119999999999891,5.39549999999997,0.472,-1.0,,,12,0,9.0,2024
2024-09-30 12:00:00+00:00|-1.0|liq_pdl_breakout_follow_h12_tp06_sl065,2024-09-30 12:00:00+00:00,STAGE28A,data/reports/stage28a_discovery_factory_batch_runner/stage28a_exact_trades.csv,liquidity_sweep_regime_v1,liq_pdl_breakout_follow_h12_tp06_sl065,-2.3055249999998524,-3.355524999999852,-4.055524999999852,0,0,0,1,3.355524999999852,6.25,18.659999999999854,0.487674169346194,12.220000000000255,0.3199672667757588,6.019999999999982,7.370499999999993,0.836,-1.0,,,12,0,9.0,2024
2024-10-03 12:00:00+00:00|-1.0|liq_pdl_breakout_follow_h12_tp06_sl065,2024-10-03 12:00:00+00:00,STAGE28A,data/reports/stage28a_discovery_factory_batch_runner/stage28a_exact_trades.csv,liquidity_sweep_regime_v1,liq_pdl_breakout_follow_h12_tp06_sl065,1.3938999999999395,0.3438999999999397,-0.35610000000006,1,0,1,0,0.3438999999999397,22.240000000000236,9.679999999999836,0.3615702479338904,16.659999999999854,0.6818727490996535,5.599999999999909,5.699000000000001,0.328,-1.0,,,12,3,10.0,2024
2024-10-08 12:00:00+00:00|-1.0|liq_pdl_breakout_follow_h12_tp06_sl065,2024-10-08 12:00:00+00:00,STAGE28A,data/reports/stage28a_discovery_factory_batch_runner/stage28a_exact_trades.csv,liquidity_sweep_regime_v1,liq_pdl_breakout_follow_h12_tp06_sl065,-2.632474999999977,-3.6824749999999766,-4.382474999999976,0,0,0,1,3.6824749999999766,22.019999999999982,15.289999999999964,0.07586657946369244,17.820000000000164,0.08810325476992982,11.650000000000091,7.187499999999909,0.756,-1.0,,,12,1,10.0,2024
2024-10-28 12:00:00+00:00|-1.0|liq_pdl_breakout_follow_h12_tp06_sl065,2024-10-28 12:00:00+00:00,STAGE28A,data/reports/stage28a_discovery_factory_batch_runner/stage28a_exact_trades.csv,liquidity_sweep_regime_v1,liq_pdl_breakout_follow_h12_tp06_sl065,1.9345000000002075,0.8845000000002075,0.1845000000002077,1,1,1,0,0.8845000000002075,10.010000000000218,15.480000000000018,0.062015503875941895,16.909999999999854,0.06386753400357134,5.550000000000182,5.944500000000085,0.608,-1.0,,,12,0,10.0,2024
2024-11-06 12:00:00+00:00|-1.0|liq_pdl_breakout_follow_h12_tp06_sl065,2024-11-06 12:00:00+00:00,STAGE28A,data/reports/stage28a_discovery_factory_batch_runner/stage28a_exact_trades.csv,liquidity_sweep_regime_v1,liq_pdl_breakout_follow_h12_tp06_sl065,4.936000000000059,3.8860000000000574,3.1860000000000586,1,1,1,0,3.8860000000000574,25.340000000000146,18.98999999999978,0.20326487625066728,42.35999999999967,0.5153446647780948,12.099999999999909,11.119499999999903,1.0,-1.0,,,12,2,11.0,2024
2024-11-11 12:00:00+00:00|-1.0|liq_pdl_breakout_follow_h12_tp06_sl065,2024-11-11 12:00:00+00:00,STAGE28A,data/reports/stage28a_discovery_factory_batch_runner/stage28a_exact_trades.csv,liquidity_sweep_regime_v1,liq_pdl_breakout_follow_h12_tp06_sl065,1.5853000000000974,0.5353000000000976,-0.1646999999999021,1,0,1,0,0.5353000000000976,4.230000000000018,19.7199999999998,0.6866125760649139,14.38000000000011,0.7183588317107304,6.989999999999782,5.531500000000006,0.172,-1.0,,,12,0,11.0,2024
2024-11-12 12:00:00+00:00|-1.0|liq_pdl_breakout_follow_h12_tp06_sl065,2024-11-12 12:00:00+00:00,STAGE28A,data/reports/stage28a_discovery_factory_batch_runner/stage28a_exact_trades.csv,liquidity_sweep_regime_v1,liq_pdl_breakout_follow_h12_tp06_sl065,3.066999999999916,2.0169999999999164,1.316999999999917,1,1,1,0,2.0169999999999164,75.67999999999984,11.579999999999927,0.5397236614853229,28.460000000000036,0.7350667603654267,9.929999999999836,7.446499999999924,0.7,-1.0,,,12,1,11.0,2024
2024-11-14 12:00:00+00:00|-1.0|liq_pdl_breakout_follow_h12_tp06_sl065,2024-11-14 12:00:00+00:00,STAGE28A,data/reports/stage28a_discovery_factory_batch_runner/stage28a_exact_trades.csv,liquidity_sweep_regime_v1,liq_pdl_breakout_follow_h12_tp06_sl065,2.3890000000000327,1.3390000000000328,0.6390000000000331,1,1,1,0,1.3390000000000328,48.070000000000164,22.389999999999873,0.25949084412684137,28.460000000000036,0.6398453970484895,21.559999999999945,9.33449999999998,0.888,-1.0,,,12,3,11.0,2024
2024-11-25 12:00:00+00:00|-1.0|liq_pdl_breakout_follow_h12_tp06_sl065,2024-11-25 12:00:00+00:00,STAGE28A,data/reports/stage28a_discovery_factory_batch_runner/stage28a_exact_trades.csv,liquidity_sweep_regime_v1,liq_pdl_breakout_follow_h12_tp06_sl065,-3.3620999999999186,-4.412099999999919,-5.112099999999918,0,0,0,1,4.412099999999919,16.51000000000022,62.039999999999964,0.7633784655061202,19.73999999999978,0.26443768996959766,5.349999999999909,10.994000000000028,0.976,-1.0,,,12,0,11.0,2024
2024-12-02 12:00:00+00:00|-1.0|liq_pdl_breakout_follow_h12_tp06_sl065,2024-12-02 12:00:00+00:00,STAGE28A,data/reports/stage28a_discovery_factory_batch_runner/stage28a_exact_trades.csv,liquidity_sweep_regime_v1,liq_pdl_breakout_follow_h12_tp06_sl065,1.833399999999892,0.7833999999998924,0.0833999999998926,1,1,1,0,0.7833999999998924,9.420000000000073,29.420000000000073,0.5849762066621343,15.789999999999964,0.45725142495248994,8.269999999999982,8.88050000000003,0.82,-1.0,,,12,0,12.0,2024
2024-12-13 12:00:00+00:00|-1.0|liq_pdl_breakout_follow_h12_tp06_sl065,2024-12-13 12:00:00+00:00,STAGE28A,data/reports/stage28a_discovery_factory_batch_runner/stage28a_exact_trades.csv,liquidity_sweep_regime_v1,liq_pdl_breakout_follow_h12_tp06_sl065,1.8247000000000295,0.7747000000000299,0.0747000000000301,1,1,1,0,0.7747000000000299,51.2199999999998,13.740000000000236,0.4832605531295312,25.5,0.8109803921568741,9.480000000000018,6.881000000000062,0.54,-1.0,,,12,4,12.0,2024
2024-12-17 12:00:00+00:00|-1.0|liq_pdl_breakout_follow_h12_tp06_sl065,2024-12-17 12:00:00+00:00,STAGE28A,data/reports/stage28a_discovery_factory_batch_runner/stage28a_exact_trades.csv,liquidity_sweep_regime_v1,liq_pdl_breakout_follow_h12_tp06_sl065,-2.7657249999998386,-3.8157249999998384,-4.515724999999838,0,0,0,1,3.8157249999998384,20.75,7.650000000000091,0.006535947712442001,19.0300000000002,0.7157120336311195,8.070000000000164,5.4200000000000275,0.112,-1.0,,,12,1,12.0,2024
2024-12-30 12:00:00+00:00|-1.0|liq_pdl_breakout_follow_h12_tp06_sl065,2024-12-30 12:00:00+00:00,STAGE28A,data/reports/stage28a_discovery_factory_batch_runner/stage28a_exact_trades.csv,liquidity_sweep_regime_v1,liq_pdl_breakout_follow_h12_tp06_sl065,1.160200000000168,0.1102000000001681,-0.5897999999998316,1,0,0,0,0.1102000000001681,7.4699999999998,9.489999999999782,0.2012644889357111,15.480000000000018,0.7558139534883594,6.230000000000018,5.448000000000024,0.46,-1.0,,,12,0,12.0,2024
2025-01-06 12:00:00+00:00|-1.0|liq_pdl_breakout_follow_h12_tp06_sl065,2025-01-06 12:00:00+00:00,STAGE28A,data/reports/stage28a_discovery_factory_batch_runner/stage28a_exact_trades.csv,liquidity_sweep_regime_v1,liq_pdl_breakout_follow_h12_tp06_sl065,-2.1706500000001143,-3.220650000000114,-3.920650000000114,0,0,0,1,3.220650000000114,3.5399999999999636,12.860000000000127,0.43001555209954473,11.090000000000146,0.15148782687103826,4.569999999999709,5.173500000000013,0.348,-1.0,,,12,0,1.0,2025
2025-01-13 12:00:00+00:00|-1.0|liq_pdl_breakout_follow_h12_tp06_sl065,2025-01-13 12:00:00+00:00,STAGE28A,data/reports/stage28a_discovery_factory_batch_runner/stage28a_exact_trades.csv,liquidity_sweep_regime_v1,liq_pdl_breakout_follow_h12_tp06_sl065,-2.4004249999999048,-3.4504249999999046,-4.150424999999904,0,0,0,1,3.4504249999999046,5.670000000000073,13.900000000000091,0.39999999999999347,14.190000000000055,0.45031712473571867,5.360000000000127,6.6055000000000295,0.848,-1.0,,,12,0,1.0,2025
2025-01-27 12:00:00+00:00|-1.0|liq_pdl_breakout_follow_h12_tp06_sl065,2025-01-27 12:00:00+00:00,STAGE28A,data/reports/stage28a_discovery_factory_batch_runner/stage28a_exact_trades.csv,liquidity_sweep_regime_v1,liq_pdl_breakout_follow_h12_tp06_sl065,-2.728349999999955,-3.778349999999955,-4.4783499999999545,0,0,0,1,3.778349999999955,5.839999999999691,18.460000000000036,0.49620801733476905,23.769999999999982,0.4030290281867873,9.199999999999818,6.344999999999982,0.804,-1.0,,,12,0,1.0,2025
2025-02-27 12:00:00+00:00|-1.0|liq_pdl_breakout_follow_h12_tp06_sl065,2025-02-27 12:00:00+00:00,STAGE28A,data/reports/stage28a_discovery_factory_batch_runner/stage28a_exact_trades.csv,liquidity_sweep_regime_v1,liq_pdl_breakout_follow_h12_tp06_sl065,-3.8287999999998648,-4.878799999999865,-5.578799999999864,0,0,0,1,4.878799999999865,39.42000000000007,24.509999999999764,0.8869849041207667,21.610000000000127,0.2512725590004537,16.390000000000327,7.817500000000064,0.608,-1.0,,,12,3,2.0,2025
2025-02-28 12:00:00+00:00|-1.0|liq_pdl_breakout_follow_h12_tp06_sl065,2025-02-28 12:00:00+00:00,STAGE28A,data/reports/stage28a_discovery_factory_batch_runner/stage28a_exact_trades.csv,liquidity_sweep_regime_v1,liq_pdl_breakout_follow_h12_tp06_sl065,-2.6900000000001456,-3.7400000000001454,-4.440000000000145,0,0,0,1,3.7400000000001454,53.149999999999636,28.039999999999964,0.44721825962910056,15.940000000000055,0.04454203262233588,8.480000000000018,8.450999999999999,0.688,-1.0,,,12,4,2.0,2025
2025-03-06 12:00:00+00:00|-1.0|liq_pdl_breakout_follow_h12_tp06_sl065,2025-03-06 12:00:00+00:00,STAGE28A,data/reports/stage28a_discovery_factory_batch_runner/stage28a_exact_trades.csv,liquidity_sweep_regime_v1,liq_pdl_breakout_follow_h12_tp06_sl065,-3.2925500000002104,-4.342550000000211,-5.04255000000021,0,0,0,1,4.342550000000211,35.82999999999993,10.510000000000218,0.08658420551858138,31.970000000000255,0.5711604629339887,13.980000000000018,8.158000000000062,0.492,-1.0,,,12,3,3.0,2025
2025-03-10 12:00:00+00:00|-1.0|liq_pdl_breakout_follow_h12_tp06_sl065,2025-03-10 12:00:00+00:00,STAGE28A,data/reports/stage28a_discovery_factory_batch_runner/stage28a_exact_trades.csv,liquidity_sweep_regime_v1,liq_pdl_breakout_follow_h12_tp06_sl065,2.261199999999826,1.2111999999998262,0.5111999999998265,1,1,1,0,1.2111999999998262,7.430000000000291,10.139999999999873,0.0009861932939071404,18.789999999999964,0.4326769558275503,18.75,7.062000000000012,0.096,-1.0,,,12,0,3.0,2025
2025-04-23 12:00:00+00:00|-1.0|liq_pdl_breakout_follow_h12_tp06_sl065,2025-04-23 12:00:00+00:00,STAGE28A,data/reports/stage28a_discovery_factory_batch_runner/stage28a_exact_trades.csv,liquidity_sweep_regime_v1,liq_pdl_breakout_follow_h12_tp06_sl065,6.121599999999853,5.071599999999853,4.371599999999853,1,1,1,0,5.071599999999853,174.55999999999995,73.46000000000004,0.1497413558399128,57.48999999999978,0.37049921725517937,16.0,26.51699999999994,0.984,-1.0,,,12,2,4.0,2025
2025-04-28 12:00:00+00:00|-1.0|liq_pdl_breakout_follow_h12_tp06_sl065,2025-04-28 12:00:00+00:00,STAGE28A,data/reports/stage28a_discovery_factory_batch_runner/stage28a_exact_trades.csv,liquidity_sweep_regime_v1,liq_pdl_breakout_follow_h12_tp06_sl065,3.514900000000034,2.4649000000000343,1.7649000000000346,1,1,1,0,2.4649000000000343,21.850000000000364,62.68000000000029,0.3162093171665615,26.480000000000018,0.6182024169184245,9.220000000000255,15.984000000000083,0.54,-1.0,,,12,0,4.0,2025
2025-04-30 12:00:00+00:00|-1.0|liq_pdl_breakout_follow_h12_tp06_sl065,2025-04-30 12:00:00+00:00,STAGE28A,data/reports/stage28a_discovery_factory_batch_runner/stage28a_exact_trades.csv,liquidity_sweep_regime_v1,liq_pdl_breakout_follow_h12_tp06_sl065,3.313300000000163,2.263300000000163,1.5633000000001631,1,1,1,0,2.263300000000163,48.690000000000055,24.269999999999982,0.5937371240214201,39.57999999999993,0.7271349166245528,27.36999999999989,11.81749999999995,0.18,-1.0,,,12,2,4.0,2025
2025-05-01 12:00:00+00:00|-1.0|liq_pdl_breakout_follow_h12_tp06_sl065,2025-05-01 12:00:00+00:00,STAGE28A,data/reports/stage28a_discovery_factory_batch_runner/stage28a_exact_trades.csv,liquidity_sweep_regime_v1,liq_pdl_breakout_follow_h12_tp06_sl065,-4.050124999999843,-5.100124999999844,-5.800124999999843,0,0,0,1,5.100124999999844,60.86999999999989,61.15000000000009,0.7282093213409596,27.449999999999818,0.39744990892533266,6.630000000000109,14.77049999999997,0.48,-1.0,,,12,3,5.0,2025
2025-05-08 12:00:00+00:00|-1.0|liq_pdl_breakout_follow_h12_tp06_sl065,2025-05-08 12:00:00+00:00,STAGE28A,data/reports/stage28a_discovery_factory_batch_runner/stage28a_exact_trades.csv,liquidity_sweep_regime_v1,liq_pdl_breakout_follow_h12_tp06_sl065,5.226399999999922,4.176399999999921,3.4763999999999218,1,1,1,0,4.176399999999921,78.80000000000018,50.23000000000002,0.5377264582918525,79.16000000000031,0.8227640222334494,7.080000000000382,16.309499999999957,0.672,-1.0,,,12,3,5.0,2025
2025-05-12 12:00:00+00:00|-1.0|liq_pdl_breakout_follow_h12_tp06_sl065,2025-05-12 12:00:00+00:00,STAGE28A,data/reports/stage28a_discovery_factory_batch_runner/stage28a_exact_trades.csv,liquidity_sweep_regime_v1,liq_pdl_breakout_follow_h12_tp06_sl065,5.318500000000222,4.268500000000222,3.5685000000002223,1,1,1,0,4.268500000000222,44.57999999999993,52.61999999999989,0.20600532117066073,70.42999999999984,0.9747266789720325,13.63000000000011,18.930000000000042,0.94,-1.0,,,12,0,5.0,2025
2025-05-15 12:00:00+00:00|-1.0|liq_pdl_breakout_follow_h12_tp06_sl065,2025-05-15 12:00:00+00:00,STAGE28A,data/reports/stage28a_discovery_factory_batch_runner/stage28a_exact_trades.csv,liquidity_sweep_regime_v1,liq_pdl_breakout_follow_h12_tp06_sl065,5.2024000000000346,4.152400000000034,3.4524000000000346,1,1,1,0,4.152400000000034,88.99000000000024,44.320000000000164,0.7274368231046958,50.940000000000055,0.290341578327443,25.139999999999873,15.043000000000097,0.604,-1.0,,,12,3,5.0,2025
2025-05-26 12:00:00+00:00|-1.0|liq_pdl_breakout_follow_h12_tp06_sl065,2025-05-26 12:00:00+00:00,STAGE28A,data/reports/stage28a_discovery_factory_batch_runner/stage28a_exact_trades.csv,liquidity_sweep_regime_v1,liq_pdl_breakout_follow_h12_tp06_sl065,2.072199999999975,1.0221999999999754,0.3221999999999756,1,1,1,0,1.0221999999999754,14.840000000000146,25.259999999999764,0.1270783847981024,28.269999999999982,0.6742129465864859,8.539999999999964,9.921500000000037,0.028,-1.0,,,12,0,5.0,2025
2025-05-27 12:00:00+00:00|-1.0|liq_pdl_breakout_follow_h12_tp06_sl065,2025-05-27 12:00:00+00:00,STAGE28A,data/reports/stage28a_discovery_factory_batch_runner/stage28a_exact_trades.csv,liquidity_sweep_regime_v1,liq_pdl_breakout_follow_h12_tp06_sl065,4.346199999999863,3.2961999999998626,2.596199999999863,1,1,1,0,3.2961999999998626,33.23999999999978,18.09999999999991,0.3596685082872816,48.90000000000009,0.9141104294478474,14.230000000000018,8.959500000000048,0.064,-1.0,,,12,1,5.0,2025
2025-06-16 12:00:00+00:00|-1.0|liq_pdl_breakout_follow_h12_tp06_sl065,2025-06-16 12:00:00+00:00,STAGE28A,data/reports/stage28a_discovery_factory_batch_runner/stage28a_exact_trades.csv,liquidity_sweep_regime_v1,liq_pdl_breakout_follow_h12_tp06_sl065,3.021700000000146,1.9717000000001463,1.2717000000001466,1,1,1,0,1.9717000000001463,20.269999999999982,23.529999999999745,0.7178070548236317,23.769999999999982,0.8199411022296927,8.63000000000011,10.975999999999999,0.52,-1.0,,,12,0,6.0,2025
2025-06-17 12:00:00+00:00|-1.0|liq_pdl_breakout_follow_h12_tp06_sl065,2025-06-17 12:00:00+00:00,STAGE28A,data/reports/stage28a_discovery_factory_batch_runner/stage28a_exact_trades.csv,liquidity_sweep_regime_v1,liq_pdl_breakout_follow_h12_tp06_sl065,2.4084999999999126,1.3584999999999128,0.658499999999913,1,1,1,0,1.3584999999999128,70.05999999999995,29.539999999999964,0.2599864590386019,20.360000000000127,0.10559921414538691,10.7800000000002,10.967500000000063,0.532,-1.0,,,12,1,6.0,2025
2025-06-23 12:00:00+00:00|-1.0|liq_pdl_breakout_follow_h12_tp06_sl065,2025-06-23 12:00:00+00:00,STAGE28A,data/reports/stage28a_discovery_factory_batch_runner/stage28a_exact_trades.csv,liquidity_sweep_regime_v1,liq_pdl_breakout_follow_h12_tp06_sl065,2.2897000000001757,1.2397000000001754,0.5397000000001757,1,1,1,0,1.2397000000001754,23.81999999999971,44.409999999999854,0.3560009006980409,21.91000000000031,0.14696485623002073,4.639999999999873,9.675499999999989,0.392,-1.0,,,12,0,6.0,2025
2025-06-24 12:00:00+00:00|-1.0|liq_pdl_breakout_follow_h12_tp06_sl065,2025-06-24 12:00:00+00:00,STAGE28A,data/reports/stage28a_discovery_factory_batch_runner/stage28a_exact_trades.csv,liquidity_sweep_regime_v1,liq_pdl_breakout_follow_h12_tp06_sl065,3.261699999999928,2.211699999999928,1.5116999999999283,1,1,1,0,2.211699999999928,49.309999999999945,36.75,0.08408163265306519,37.289999999999964,0.9155269509251784,7.570000000000164,13.613500000000045,0.944,-1.0,,,12,1,6.0,2025
2025-06-27 12:00:00+00:00|-1.0|liq_pdl_breakout_follow_h12_tp06_sl065,2025-06-27 12:00:00+00:00,STAGE28A,data/reports/stage28a_discovery_factory_batch_runner/stage28a_exact_trades.csv,liquidity_sweep_regime_v1,liq_pdl_breakout_follow_h12_tp06_sl065,-3.8925000000000174,-4.9425000000000185,-5.642500000000018,0,0,0,1,4.9425000000000185,40.289999999999964,35.63000000000011,0.7605950042099305,19.050000000000182,0.6068241469816187,9.11999999999989,9.298000000000025,0.308,-1.0,,,12,4,6.0,2025
2025-07-07 12:00:00+00:00|-1.0|liq_pdl_breakout_follow_h12_tp06_sl065,2025-07-07 12:00:00+00:00,STAGE28A,data/reports/stage28a_discovery_factory_batch_runner/stage28a_exact_trades.csv,liquidity_sweep_regime_v1,liq_pdl_breakout_follow_h12_tp06_sl065,2.328699999999935,1.278699999999935,0.5786999999999356,1,1,1,0,1.278699999999935,10.329999999999927,36.67000000000007,0.6152167984728634,14.470000000000255,0.13407049067032245,11.470000000000255,8.189999999999964,0.468,-1.0,,,12,0,7.0,2025
2025-07-09 12:00:00+00:00|-1.0|liq_pdl_breakout_follow_h12_tp06_sl065,2025-07-09 12:00:00+00:00,STAGE28A,data/reports/stage28a_discovery_factory_batch_runner/stage28a_exact_trades.csv,liquidity_sweep_regime_v1,liq_pdl_breakout_follow_h12_tp06_sl065,2.1478000000000974,1.0978000000000976,0.3978000000000978,1,1,1,0,1.0978000000000976,58.720000000000255,23.039999999999964,0.36067708333333154,15.109999999999673,0.2766379880873545,9.909999999999854,8.819499999999948,0.692,-1.0,,,12,2,7.0,2025
2025-07-24 12:00:00+00:00|-1.0|liq_pdl_breakout_follow_h12_tp06_sl065,2025-07-24 12:00:00+00:00,STAGE28A,data/reports/stage28a_discovery_factory_batch_runner/stage28a_exact_trades.csv,liquidity_sweep_regime_v1,liq_pdl_breakout_follow_h12_tp06_sl065,-3.1888749999999164,-4.238874999999917,-4.938874999999916,0,0,0,1,4.238874999999917,57.620000000000346,18.539999999999964,0.1564185544768121,23.389999999999873,0.8610517315092107,8.830000000000382,8.724999999999955,0.864,-1.0,,,12,3,7.0,2025
2025-07-25 12:00:00+00:00|-1.0|liq_pdl_breakout_follow_h12_tp06_sl065,2025-07-25 12:00:00+00:00,STAGE28A,data/reports/stage28a_discovery_factory_batch_runner/stage28a_exact_trades.csv,liquidity_sweep_regime_v1,liq_pdl_breakout_follow_h12_tp06_sl065,-2.729649999999856,-3.779649999999856,-4.479649999999856,0,0,0,1,3.779649999999856,41.970000000000255,14.789999999999964,0.6544962812711197,20.38000000000011,0.6506378802747641,10.789999999999964,6.8559999999999945,0.236,-1.0,,,12,4,7.0,2025
2025-08-11 12:00:00+00:00|-1.0|liq_pdl_breakout_follow_h12_tp06_sl065,2025-08-11 12:00:00+00:00,STAGE28A,data/reports/stage28a_discovery_factory_batch_runner/stage28a_exact_trades.csv,liquidity_sweep_regime_v1,liq_pdl_breakout_follow_h12_tp06_sl065,-3.269475000000148,-4.319475000000148,-5.019475000000147,0,0,0,1,4.319475000000148,14.559999999999945,37.40000000000009,0.4558823529411681,27.259999999999764,0.9233308877476263,6.989999999999782,10.867999999999961,0.896,-1.0,,,12,0,8.0,2025
2025-08-25 12:00:00+00:00|-1.0|liq_pdl_breakout_follow_h12_tp06_sl065,2025-08-25 12:00:00+00:00,STAGE28A,data/reports/stage28a_discovery_factory_batch_runner/stage28a_exact_trades.csv,liquidity_sweep_regime_v1,liq_pdl_breakout_follow_h12_tp06_sl065,-1.6799000000001798,-2.72990000000018,-3.42990000000018,0,0,0,0,2.72990000000018,6.210000000000036,12.260000000000218,0.0016313213703084382,8.019999999999982,0.02369077306733853,3.4899999999997817,6.99350000000004,0.512,-1.0,,,12,0,8.0,2025
2025-09-11 12:00:00+00:00|-1.0|liq_pdl_breakout_follow_h12_tp06_sl065,2025-09-11 12:00:00+00:00,STAGE28A,data/reports/stage28a_discovery_factory_batch_runner/stage28a_exact_trades.csv,liquidity_sweep_regime_v1,liq_pdl_breakout_follow_h12_tp06_sl065,-3.439124999999968,-4.489124999999968,-5.189124999999967,0,0,0,1,4.489124999999968,38.68000000000029,19.309999999999945,0.40963231486275903,23.88000000000011,0.43467336683417346,6.25,8.191499999999996,0.268,-1.0,,,12,3,9.0,2025
2025-09-17 12:00:00+00:00|-1.0|liq_pdl_breakout_follow_h12_tp06_sl065,2025-09-17 12:00:00+00:00,STAGE28A,data/reports/stage28a_discovery_factory_batch_runner/stage28a_exact_trades.csv,liquidity_sweep_regime_v1,liq_pdl_breakout_follow_h12_tp06_sl065,2.2065999999998893,1.1565999999998895,0.4565999999998897,1,1,1,0,1.1565999999998895,28.450000000000273,21.039999999999964,0.4857414448669115,23.460000000000036,0.5920716112531906,5.449999999999818,7.278500000000008,0.14,-1.0,,,12,2,9.0,2025
2025-10-22 12:00:00+00:00|-1.0|liq_pdl_breakout_follow_h12_tp06_sl065,2025-10-22 12:00:00+00:00,STAGE28A,data/reports/stage28a_discovery_factory_batch_runner/stage28a_exact_trades.csv,liquidity_sweep_regime_v1,liq_pdl_breakout_follow_h12_tp06_sl065,-12.23070000000016,-13.28070000000016,-13.98070000000016,0,0,0,1,13.28070000000016,295.0600000000004,138.77999999999975,0.038406110390545735,101.29000000000042,0.5831770164873084,75.79000000000042,40.98450000000005,0.992,-1.0,,,12,2,10.0,2025
2025-10-24 12:00:00+00:00|-1.0|liq_pdl_breakout_follow_h12_tp06_sl065,2025-10-24 12:00:00+00:00,STAGE28A,data/reports/stage28a_discovery_factory_batch_runner/stage28a_exact_trades.csv,liquidity_sweep_regime_v1,liq_pdl_breakout_follow_h12_tp06_sl065,6.376000000000113,5.326000000000112,4.626000000000113,1,1,1,0,5.326000000000112,88.6899999999996,38.25,0.15895424836603494,75.71000000000004,0.8109893012812054,30.449999999999818,19.55200000000002,0.3,-1.0,,,12,4,10.0,2025
2025-10-27 12:00:00+00:00|-1.0|liq_pdl_breakout_follow_h12_tp06_sl065,2025-10-27 12:00:00+00:00,STAGE28A,data/reports/stage28a_discovery_factory_batch_runner/stage28a_exact_trades.csv,liquidity_sweep_regime_v1,liq_pdl_breakout_follow_h12_tp06_sl065,5.7447999999998505,4.69479999999985,3.9947999999998505,1,1,1,0,4.69479999999985,47.210000000000036,55.55000000000018,0.6064806480648136,60.00999999999976,0.5222462922846237,20.179999999999836,22.792499999999997,0.472,-1.0,,,12,0,10.0,2025
2025-10-28 12:00:00+00:00|-1.0|liq_pdl_breakout_follow_h12_tp06_sl065,2025-10-28 12:00:00+00:00,STAGE28A,data/reports/stage28a_discovery_factory_batch_runner/stage28a_exact_trades.csv,liquidity_sweep_regime_v1,liq_pdl_breakout_follow_h12_tp06_sl065,-8.486050000000068,-9.536050000000069,-10.236050000000068,0,0,0,1,9.536050000000069,137.97000000000025,55.86000000000013,0.19638381668457267,93.62000000000035,0.5054475539414653,24.269999999999982,23.873,0.56,-1.0,,,12,1,10.0,2025
2025-11-21 12:00:00+00:00|-1.0|liq_pdl_breakout_follow_h12_tp06_sl065,2025-11-21 12:00:00+00:00,STAGE28A,data/reports/stage28a_discovery_factory_batch_runner/stage28a_exact_trades.csv,liquidity_sweep_regime_v1,liq_pdl_breakout_follow_h12_tp06_sl065,-7.705724999999893,-8.755724999999893,-9.455724999999893,0,0,0,1,8.755724999999893,71.87999999999965,40.929999999999836,0.6594185194234031,42.33000000000038,0.3534136546184716,23.34999999999991,20.206999999999994,0.704,-1.0,,,12,4,11.0,2025
2025-12-02 12:00:00+00:00|-1.0|liq_pdl_breakout_follow_h12_tp06_sl065,2025-12-02 12:00:00+00:00,STAGE28A,data/reports/stage28a_discovery_factory_batch_runner/stage28a_exact_trades.csv,liquidity_sweep_regime_v1,liq_pdl_breakout_follow_h12_tp06_sl065,-5.077450000000317,-6.127450000000318,-6.827450000000317,0,0,0,1,6.127450000000318,58.76000000000022,36.529999999999745,0.24035039693404642,44.98999999999978,0.7317181595910254,31.909999999999854,14.91800000000003,0.336,-1.0,,,12,1,12.0,2025
2025-12-16 12:00:00+00:00|-1.0|liq_pdl_breakout_follow_h12_tp06_sl065,2025-12-16 12:00:00+00:00,STAGE28A,data/reports/stage28a_discovery_factory_batch_runner/stage28a_exact_trades.csv,liquidity_sweep_regime_v1,liq_pdl_breakout_follow_h12_tp06_sl065,-4.359850000000369,-5.40985000000037,-6.109850000000369,0,0,0,1,5.40985000000037,64.84000000000015,37.07000000000062,0.4086862692203772,20.51000000000022,0.5724037055094908,9.350000000000364,14.063500000000158,0.676,-1.0,,,12,1,12.0,2025
2025-12-29 12:00:00+00:00|-1.0|liq_pdl_breakout_follow_h12_tp06_sl065,2025-12-29 12:00:00+00:00,STAGE28A,data/reports/stage28a_discovery_factory_batch_runner/stage28a_exact_trades.csv,liquidity_sweep_regime_v1,liq_pdl_breakout_follow_h12_tp06_sl065,6.767799999999989,5.717799999999988,5.017799999999989,1,1,1,0,5.717799999999988,26.170000000000073,76.92000000000007,0.15665626625065224,71.97000000000025,0.7582325969153874,16.94000000000051,24.867500000000017,0.996,-1.0,,,12,0,12.0,2025
2026-01-30 12:00:00+00:00|-1.0|liq_pdl_breakout_follow_h12_tp06_sl065,2026-01-30 12:00:00+00:00,STAGE28A,data/reports/stage28a_discovery_factory_batch_runner/stage28a_exact_trades.csv,liquidity_sweep_regime_v1,liq_pdl_breakout_follow_h12_tp06_sl065,30.254800000000067,29.20480000000007,28.504800000000067,1,1,1,0,29.20480000000007,494.8599999999997,338.6199999999999,0.661360817435473,297.4300000000003,0.3163433412903878,189.0699999999997,105.22049999999994,1.0,-1.0,,,12,4,1.0,2026
2026-02-16 12:00:00+00:00|-1.0|liq_pdl_breakout_follow_h12_tp06_sl065,2026-02-16 12:00:00+00:00,STAGE28A,data/reports/stage28a_discovery_factory_batch_runner/stage28a_exact_trades.csv,liquidity_sweep_regime_v1,liq_pdl_breakout_follow_h12_tp06_sl065,-5.53407500000012,-6.584075000000121,-7.28407500000012,0,0,0,1,6.584075000000121,39.280000000000655,77.38000000000011,0.561643835616438,50.88000000000011,0.5548349056603676,9.390000000000327,25.427499999999963,0.068,-1.0,,,12,0,2.0,2026
2026-02-17 12:00:00+00:00|-1.0|liq_pdl_breakout_follow_h12_tp06_sl065,2026-02-17 12:00:00+00:00,STAGE28A,data/reports/stage28a_discovery_factory_batch_runner/stage28a_exact_trades.csv,liquidity_sweep_regime_v1,liq_pdl_breakout_follow_h12_tp06_sl065,8.709699999999794,7.659699999999793,6.959699999999794,1,1,1,0,7.659699999999793,84.22000000000025,77.25,0.4779288025889977,91.84000000000015,0.4317290940766603,18.979999999999563,24.981999999999925,0.144,-1.0,,,12,1,2.0,2026
2026-03-19 12:00:00+00:00|-1.0|liq_pdl_breakout_follow_h12_tp06_sl065,2026-03-19 12:00:00+00:00,STAGE28A,data/reports/stage28a_discovery_factory_batch_runner/stage28a_exact_trades.csv,liquidity_sweep_regime_v1,liq_pdl_breakout_follow_h12_tp06_sl065,15.1483000000002,14.0983000000002,13.3983000000002,1,1,1,0,14.0983000000002,209.3699999999999,62.36999999999989,0.2081128747795494,187.1199999999999,0.911928174433516,38.11999999999989,31.954500000000007,0.888,-1.0,,,12,3,3.0,2026
2026-03-23 12:00:00+00:00|-1.0|liq_pdl_breakout_follow_h12_tp06_sl065,2026-03-23 12:00:00+00:00,STAGE28A,data/reports/stage28a_discovery_factory_batch_runner/stage28a_exact_trades.csv,liquidity_sweep_regime_v1,liq_pdl_breakout_follow_h12_tp06_sl065,-33.24519999999993,-34.29519999999993,-34.99519999999993,0,0,0,1,34.29519999999993,86.35999999999967,216.32999999999993,0.4497758054823659,280.8600000000006,0.3504949084953336,84.53999999999996,75.84400000000005,1.0,-1.0,,,12,0,3.0,2026
2026-03-26 12:00:00+00:00|-1.0|liq_pdl_breakout_follow_h12_tp06_sl065,2026-03-26 12:00:00+00:00,STAGE28A,data/reports/stage28a_discovery_factory_batch_runner/stage28a_exact_trades.csv,liquidity_sweep_regime_v1,liq_pdl_breakout_follow_h12_tp06_sl065,-12.855350000000362,-13.905350000000364,-14.605350000000362,0,0,0,1,13.905350000000364,146.3800000000001,54.910000000000764,0.4028410125660095,109.26000000000022,0.7089511257550786,22.229999999999563,34.84450000000011,0.58,-1.0,,,12,3,3.0,2026
2026-04-02 12:00:00+00:00|-1.0|liq_pdl_breakout_follow_h12_tp06_sl065,2026-04-02 12:00:00+00:00,STAGE28A,data/reports/stage28a_discovery_factory_batch_runner/stage28a_exact_trades.csv,liquidity_sweep_regime_v1,liq_pdl_breakout_follow_h12_tp06_sl065,12.005800000000272,10.955800000000272,10.255800000000272,1,1,1,0,10.955800000000272,131.1300000000001,150.57999999999993,0.6674193119936249,127.85000000000036,0.4268283144309703,31.18000000000029,39.66400000000003,0.664,-1.0,,,12,3,4.0,2026
2026-04-23 12:00:00+00:00|-1.0|liq_pdl_breakout_follow_h12_tp06_sl065,2026-04-23 12:00:00+00:00,STAGE28A,data/reports/stage28a_discovery_factory_batch_runner/stage28a_exact_trades.csv,liquidity_sweep_regime_v1,liq_pdl_breakout_follow_h12_tp06_sl065,-5.614675000000352,-6.6646750000003525,-7.364675000000352,0,0,0,1,6.6646750000003525,56.470000000000255,59.63000000000011,0.37078651685392644,31.92999999999938,0.19417475728155145,22.75999999999931,18.103499999999894,0.428,-1.0,,,12,3,4.0,2026
2026-04-28 12:00:00+00:00|-1.0|liq_pdl_breakout_follow_h12_tp06_sl065,2026-04-28 12:00:00+00:00,STAGE28A,data/reports/stage28a_discovery_factory_batch_runner/stage28a_exact_trades.csv,liquidity_sweep_regime_v1,liq_pdl_breakout_follow_h12_tp06_sl065,6.337299999999596,5.287299999999595,4.587299999999596,1,1,1,0,5.287299999999595,62.81999999999971,34.590000000000146,0.49031511997687094,66.61000000000058,0.9911424711004333,20.579999999999927,14.017499999999973,0.128,-1.0,,,12,1,4.0,2026
2026-05-04 12:00:00+00:00|-1.0|liq_pdl_breakout_follow_h12_tp06_sl065,2026-05-04 12:00:00+00:00,STAGE28A,data/reports/stage28a_discovery_factory_batch_runner/stage28a_exact_trades.csv,liquidity_sweep_regime_v1,liq_pdl_breakout_follow_h12_tp06_sl065,4.502499999999964,3.452499999999964,2.752499999999964,1,1,1,0,3.452499999999964,16.889999999999418,38.17999999999938,0.09979046621266507,42.73999999999978,0.9333177351427359,7.489999999999782,17.278999999999815,0.348,-1.0,,,12,0,5.0,2026
2026-05-11 12:00:00+00:00|-1.0|liq_pdl_breakout_follow_h12_tp06_sl065,2026-05-11 12:00:00+00:00,STAGE28A,data/reports/stage28a_discovery_factory_batch_runner/stage28a_exact_trades.csv,liquidity_sweep_regime_v1,liq_pdl_breakout_follow_h12_tp06_sl065,4.488700000000245,3.438700000000245,2.738700000000245,1,1,1,0,3.438700000000245,22.93000000000029,35.22999999999956,0.3735452739142781,32.529999999999745,0.6889025514909324,14.470000000000255,18.375999999999976,0.476,-1.0,,,12,0,5.0,2026
2026-05-15 12:00:00+00:00|-1.0|liq_pdl_breakout_follow_h12_tp06_sl065,2026-05-15 12:00:00+00:00,STAGE28A,data/reports/stage28a_discovery_factory_batch_runner/stage28a_exact_trades.csv,liquidity_sweep_regime_v1,liq_pdl_breakout_follow_h12_tp06_sl065,-9.002149999999892,-10.052149999999893,-10.752149999999892,0,0,0,1,10.052149999999893,74.1200000000008,57.9399999999996,0.8066965826717312,89.64999999999964,0.7779141104294486,21.56999999999971,21.18699999999999,0.872,-1.0,,,12,4,5.0,2026
2026-05-26 12:00:00+00:00|-1.0|liq_pdl_breakout_follow_h12_tp06_sl065,2026-05-26 12:00:00+00:00,STAGE28A,data/reports/stage28a_discovery_factory_batch_runner/stage28a_exact_trades.csv,liquidity_sweep_regime_v1,liq_pdl_breakout_follow_h12_tp06_sl065,-5.121324999999706,-6.171324999999706,-6.871324999999706,0,0,0,1,6.171324999999706,37.50999999999931,52.36999999999989,0.6265037235058329,30.970000000000255,0.6293186955117733,18.799999999999272,13.93199999999988,0.096,-1.0,,,12,1,5.0,2026
2026-05-28 12:00:00+00:00|-1.0|liq_pdl_breakout_follow_h12_tp06_sl065,2026-05-28 12:00:00+00:00,STAGE28A,data/reports/stage28a_discovery_factory_batch_runner/stage28a_exact_trades.csv,liquidity_sweep_regime_v1,liq_pdl_breakout_follow_h12_tp06_sl065,-6.0907999999995805,-7.140799999999581,-7.8407999999995805,0,0,0,1,7.140799999999581,126.31999999999971,97.43000000000029,0.8483013445550589,32.26000000000022,0.5855548667079755,8.989999999999782,18.55799999999981,0.52,-1.0,,,12,3,5.0,2026
2026-06-01 12:00:00+00:00|-1.0|liq_pdl_breakout_follow_h12_tp06_sl065,2026-06-01 12:00:00+00:00,STAGE28A,data/reports/stage28a_discovery_factory_batch_runner/stage28a_exact_trades.csv,liquidity_sweep_regime_v1,liq_pdl_breakout_follow_h12_tp06_sl065,-5.069325000000026,-6.1193250000000265,-6.819325000000026,0,0,0,1,6.1193250000000265,22.170000000000073,36.05999999999949,0.5268996117581882,35.95000000000073,0.56383866481224,13.729999999999563,17.2375,0.372,-1.0,,,12,0,6.0,2026
2026-06-03 12:00:00+00:00|-1.0|liq_pdl_breakout_follow_h12_tp06_sl065,2026-06-03 12:00:00+00:00,STAGE28A,data/reports/stage28a_discovery_factory_batch_runner/stage28a_exact_trades.csv,liquidity_sweep_regime_v1,liq_pdl_breakout_follow_h12_tp06_sl065,5.523700000000099,4.473700000000099,3.7737000000000993,1,1,1,0,4.473700000000099,78.61999999999989,34.289999999999964,0.01574803149608847,49.039999999999964,0.8429853181076709,18.850000000000364,15.719999999999937,0.256,-1.0,,,12,2,6.0,2026
2026-06-08 12:00:00+00:00|-1.0|liq_pdl_breakout_follow_h12_tp06_sl065,2026-06-08 12:00:00+00:00,STAGE28A,data/reports/stage28a_discovery_factory_batch_runner/stage28a_exact_trades.csv,liquidity_sweep_regime_v1,liq_pdl_breakout_follow_h12_tp06_sl065,6.587200000000303,5.537200000000302,4.837200000000303,1,1,1,0,5.537200000000302,20.30999999999949,53.06999999999971,0.010363670623690887,52.9399999999996,0.42595391008688027,11.63000000000011,23.60150000000008,0.96,-1.0,,,12,0,6.0,2026
2026-06-10 12:00:00+00:00|-1.0|liq_pdl_breakout_follow_h12_tp06_sl065,2026-06-10 12:00:00+00:00,STAGE28A,data/reports/stage28a_discovery_factory_batch_runner/stage28a_exact_trades.csv,liquidity_sweep_regime_v1,liq_pdl_breakout_follow_h12_tp06_sl065,-7.311500000000342,-8.361500000000342,-9.061500000000342,0,0,0,1,8.361500000000342,126.54999999999927,84.05999999999949,0.8455864858434494,60.32999999999993,0.2671970827117505,25.88000000000011,26.312000000000033,0.992,-1.0,,,12,2,6.0,2026
2022-05-04 14:00:00+00:00|-1.0|handoff_divergence_fade_h14_tp06_sl065,2022-05-04 14:00:00+00:00,STAGE28A,data/reports/stage28a_discovery_factory_batch_runner/stage28a_exact_trades.csv,session_handoff_imbalance_v1,handoff_divergence_fade_h14_tp06_sl065,-1.8014500000000224,-2.8514500000000225,-3.551450000000022,0,0,0,0,2.8514500000000225,27.660000000000082,7.819999999999936,0.5127877237851983,10.710000000000036,0.4836601307189585,4.809999999999945,3.791999999999996,,-1.0,,,14,2,5.0,2022
2022-05-05 14:00:00+00:00|1.0|handoff_divergence_fade_h14_tp06_sl065,2022-05-05 14:00:00+00:00,STAGE28A,data/reports/stage28a_discovery_factory_batch_runner/stage28a_exact_trades.csv,session_handoff_imbalance_v1,handoff_divergence_fade_h14_tp06_sl065,-2.2073750000000474,-3.257375000000047,-3.957375000000047,0,0,0,1,3.257375000000047,28.319999999999936,21.529999999999973,0.8569437993497477,12.660000000000082,0.2993680884676097,4.120000000000118,6.170500000000027,0.7941176470588235,1.0,,,14,3,5.0,2022
2022-05-06 14:00:00+00:00|-1.0|handoff_divergence_fade_h14_tp06_sl065,2022-05-06 14:00:00+00:00,STAGE28A,data/reports/stage28a_discovery_factory_batch_runner/stage28a_exact_trades.csv,session_handoff_imbalance_v1,handoff_divergence_fade_h14_tp06_sl065,-2.085175000000026,-3.1351750000000265,-3.835175000000026,0,0,0,1,3.1351750000000265,37.289999999999964,12.169999999999845,0.08299096138044403,11.659999999999854,0.5385934819897128,3.5699999999999363,4.788499999999976,0.16304347826086957,-1.0,,,14,4,5.0,2022
2022-05-10 14:00:00+00:00|1.0|handoff_divergence_fade_h14_tp06_sl065,2022-05-10 14:00:00+00:00,STAGE28A,data/reports/stage28a_discovery_factory_batch_runner/stage28a_exact_trades.csv,session_handoff_imbalance_v1,handoff_divergence_fade_h14_tp06_sl065,1.090900000000056,0.0409000000000561,-0.6590999999999436,1,0,0,0,0.0409000000000561,34.0,12.160000000000082,0.9555921052631612,7.910000000000082,0.8520859671302072,2.7000000000000455,4.375000000000034,0.07142857142857142,1.0,,,14,1,5.0,2022
2022-05-11 14:00:00+00:00|-1.0|handoff_divergence_fade_h14_tp06_sl065,2022-05-11 14:00:00+00:00,STAGE28A,data/reports/stage28a_discovery_factory_batch_runner/stage28a_exact_trades.csv,session_handoff_imbalance_v1,handoff_divergence_fade_h14_tp06_sl065,1.3897000000000843,0.3397000000000845,-0.3602999999999152,1,0,1,0,0.3397000000000845,29.940000000000055,8.169999999999845,0.2643818849449355,18.360000000000127,0.8687363834422622,3.099999999999909,5.063,0.21951219512195122,-1.0,,,14,2,5.0,2022
2022-05-12 14:00:00+00:00|1.0|handoff_divergence_fade_h14_tp06_sl065,2022-05-12 14:00:00+00:00,STAGE28A,data/reports/stage28a_discovery_factory_batch_runner/stage28a_exact_trades.csv,session_handoff_imbalance_v1,handoff_divergence_fade_h14_tp06_sl065,1.745199999999977,0.6951999999999772,-0.0048000000000225,1,0,1,0,0.6951999999999772,25.949999999999818,7.819999999999936,0.054987212276194346,10.240000000000009,0.4843750000000031,6.290000000000191,4.927499999999986,0.16489361702127658,1.0,,,14,3,5.0,2022
2022-05-13 14:00:00+00:00|1.0|handoff_divergence_fade_h14_tp06_sl065,2022-05-13 14:00:00+00:00,STAGE28A,data/reports/stage28a_discovery_factory_batch_runner/stage28a_exact_trades.csv,session_handoff_imbalance_v1,handoff_divergence_fade_h14_tp06_sl065,-2.0513750000000983,-3.101375000000098,-3.801375000000098,0,0,0,1,3.101375000000098,39.69999999999982,16.579999999999927,0.3455971049457203,8.480000000000018,0.22287735849057735,7.269999999999982,5.216499999999973,0.2169811320754717,1.0,,,14,4,5.0,2022
2022-05-17 14:00:00+00:00|-1.0|handoff_divergence_fade_h14_tp06_sl065,2022-05-17 14:00:00+00:00,STAGE28A,data/reports/stage28a_discovery_factory_batch_runner/stage28a_exact_trades.csv,session_handoff_imbalance_v1,handoff_divergence_fade_h14_tp06_sl065,-1.92527499999992,-2.9752749999999195,-3.6752749999999192,0,0,0,0,2.9752749999999195,40.070000000000164,7.480000000000018,0.24064171122993985,7.629999999999882,0.7404980340760391,3.7100000000000364,4.464000000000022,0.056,-1.0,,,14,1,5.0,2022
2022-05-18 14:00:00+00:00|-1.0|handoff_divergence_fade_h14_tp06_sl065,2022-05-18 14:00:00+00:00,STAGE28A,data/reports/stage28a_discovery_factory_batch_runner/stage28a_exact_trades.csv,session_handoff_imbalance_v1,handoff_divergence_fade_h14_tp06_sl065,-1.8742499999999385,-2.924249999999938,-3.624249999999938,0,0,0,0,2.924249999999938,23.24000000000001,9.519999999999982,0.6102941176470542,12.180000000000064,0.9014778325123121,4.6400000000001,4.018500000000017,0.028,-1.0,,,14,2,5.0,2022
2022-05-19 14:00:00+00:00|-1.0|handoff_divergence_fade_h14_tp06_sl065,2022-05-19 14:00:00+00:00,STAGE28A,data/reports/stage28a_discovery_factory_batch_runner/stage28a_exact_trades.csv,session_handoff_imbalance_v1,handoff_divergence_fade_h14_tp06_sl065,-2.393924999999945,-3.4439249999999446,-4.143924999999944,0,0,0,1,3.4439249999999446,17.430000000000064,3.7799999999999727,0.27777777777776774,19.279999999999973,0.7012448132780084,4.379999999999882,4.29699999999998,0.024,-1.0,,,14,3,5.0,2022
2022-05-20 14:00:00+00:00|-1.0|handoff_divergence_fade_h14_tp06_sl065,2022-05-20 14:00:00+00:00,STAGE28A,data/reports/stage28a_discovery_factory_batch_runner/stage28a_exact_trades.csv,session_handoff_imbalance_v1,handoff_divergence_fade_h14_tp06_sl065,1.0012000000000625,-0.0487999999999373,-0.7487999999999371,0,0,0,0,0.0487999999999373,38.1400000000001,8.070000000000164,0.034696406443614256,8.430000000000064,0.6370106761565928,3.7100000000000364,3.653500000000031,0.004,-1.0,,,14,4,5.0,2022
2022-05-30 14:00:00+00:00|1.0|handoff_divergence_fade_h14_tp06_sl065,2022-05-30 14:00:00+00:00,STAGE28A,data/reports/stage28a_discovery_factory_batch_runner/stage28a_exact_trades.csv,session_handoff_imbalance_v1,handoff_divergence_fade_h14_tp06_sl065,-1.519349999999895,-2.5693499999998948,-3.2693499999998945,0,0,0,0,2.5693499999998948,3.0699999999999363,12.720000000000027,0.7641509433962269,7.75,0.30967741935485044,4.990000000000009,3.424000000000001,0.02,1.0,,,14,0,5.0,2022
2022-05-31 14:00:00+00:00|-1.0|handoff_divergence_fade_h14_tp06_sl065,2022-05-31 14:00:00+00:00,STAGE28A,data/reports/stage28a_discovery_factory_batch_runner/stage28a_exact_trades.csv,session_handoff_imbalance_v1,handoff_divergence_fade_h14_tp06_sl065,0.9330999999998768,-0.1169000000001232,-0.816900000000123,0,0,0,0,0.1169000000001232,15.839999999999918,10.900000000000091,0.19633027522936533,8.049999999999955,0.2534161490683199,3.730000000000018,3.332000000000005,0.048,-1.0,,,14,1,5.0,2022
2022-06-02 14:00:00+00:00|-1.0|handoff_divergence_fade_h14_tp06_sl065,2022-06-02 14:00:00+00:00,STAGE28A,data/reports/stage28a_discovery_factory_batch_runner/stage28a_exact_trades.csv,session_handoff_imbalance_v1,handoff_divergence_fade_h14_tp06_sl065,0.6622000000001208,-0.3877999999998791,-1.0877999999998789,0,0,0,0,0.3877999999998791,21.49000000000001,4.849999999999909,0.4659793814433058,10.8599999999999,0.8508287292817767,3.2000000000000455,3.0449999999999706,0.004,-1.0,,,14,3,6.0,2022
2022-06-06 14:00:00+00:00|1.0|handoff_divergence_fade_h14_tp06_sl065,2022-06-06 14:00:00+00:00,STAGE28A,data/reports/stage28a_discovery_factory_batch_runner/stage28a_exact_trades.csv,session_handoff_imbalance_v1,handoff_divergence_fade_h14_tp06_sl065,-1.4835999999998877,-2.5335999999998875,-3.2335999999998872,0,0,0,0,2.5335999999998875,2.599999999999909,6.670000000000073,0.599700149925031,5.759999999999991,0.37326388888890527,3.5699999999999363,2.964499999999987,0.024,1.0,,,14,0,6.0,2022
2022-06-07 14:00:00+00:00|-1.0|handoff_divergence_fade_h14_tp06_sl065,2022-06-07 14:00:00+00:00,STAGE28A,data/reports/stage28a_discovery_factory_batch_runner/stage28a_exact_trades.csv,session_handoff_imbalance_v1,handoff_divergence_fade_h14_tp06_sl065,0.9399999999999636,-0.1100000000000362,-0.810000000000036,0,0,0,0,0.1100000000000362,17.180000000000064,5.460000000000036,0.2655677655677721,10.450000000000045,0.6842105263157952,5.8599999999999,3.478999999999985,0.28,-1.0,,,14,1,6.0,2022
2022-06-08 14:00:00+00:00|-1.0|handoff_divergence_fade_h14_tp06_sl065,2022-06-08 14:00:00+00:00,STAGE28A,data/reports/stage28a_discovery_factory_batch_runner/stage28a_exact_trades.csv,session_handoff_imbalance_v1,handoff_divergence_fade_h14_tp06_sl065,0.6580000000000382,-0.3919999999999617,-1.0919999999999614,0,0,0,0,0.3919999999999617,18.480000000000018,7.009999999999991,0.8359486447931395,5.5,0.49818181818181984,4.180000000000064,2.9175000000000524,0.028,-1.0,,,14,2,6.0,2022
2022-06-09 14:00:00+00:00|1.0|handoff_divergence_fade_h14_tp06_sl065,2022-06-09 14:00:00+00:00,STAGE28A,data/reports/stage28a_discovery_factory_batch_runner/stage28a_exact_trades.csv,session_handoff_imbalance_v1,handoff_divergence_fade_h14_tp06_sl065,0.7371999999999389,-0.312800000000061,-1.0128000000000608,0,0,0,0,0.312800000000061,15.110000000000127,4.420000000000073,0.27149321266968907,7.669999999999845,0.7679269882659702,2.9200000000000728,2.769500000000005,0.02,1.0,,,14,3,6.0,2022
2022-06-16 14:00:00+00:00|-1.0|handoff_divergence_fade_h14_tp06_sl065,2022-06-16 14:00:00+00:00,STAGE28A,data/reports/stage28a_discovery_factory_batch_runner/stage28a_exact_trades.csv,session_handoff_imbalance_v1,handoff_divergence_fade_h14_tp06_sl065,1.8657999999999448,0.8157999999999448,0.115799999999945,1,1,1,0,0.8157999999999448,34.37999999999988,6.600000000000136,0.1181818181818116,9.560000000000173,0.2834728033472552,12.410000000000082,6.031000000000029,0.808,-1.0,,,14,3,6.0,2022
2022-06-17 14:00:00+00:00|-1.0|handoff_divergence_fade_h14_tp06_sl065,2022-06-17 14:00:00+00:00,STAGE28A,data/reports/stage28a_discovery_factory_batch_runner/stage28a_exact_trades.csv,session_handoff_imbalance_v1,handoff_divergence_fade_h14_tp06_sl065,-1.866125000000102,-2.9161250000001018,-3.6161250000001015,0,0,0,0,2.9161250000001018,42.25999999999999,14.240000000000009,0.599016853932582,10.61999999999989,0.542372881355937,3.4600000000000364,4.7034999999999965,0.56,-1.0,,,14,4,6.0,2022
2022-06-20 14:00:00+00:00|1.0|handoff_divergence_fade_h14_tp06_sl065,2022-06-20 14:00:00+00:00,STAGE28A,data/reports/stage28a_discovery_factory_batch_runner/stage28a_exact_trades.csv,session_handoff_imbalance_v1,handoff_divergence_fade_h14_tp06_sl065,0.9516999999999826,-0.0983000000000173,-0.7983000000000171,0,0,0,0,0.0983000000000173,5.519999999999982,11.340000000000146,0.43033509700176775,6.120000000000118,0.5065359477124308,4.75,4.097500000000002,0.388,1.0,,,14,0,6.0,2022
2022-06-21 14:00:00+00:00|1.0|handoff_divergence_fade_h14_tp06_sl065,2022-06-21 14:00:00+00:00,STAGE28A,data/reports/stage28a_discovery_factory_batch_runner/stage28a_exact_trades.csv,session_handoff_imbalance_v1,handoff_divergence_fade_h14_tp06_sl065,0.9192999999999302,-0.1307000000000697,-0.8307000000000695,0,0,0,0,0.1307000000000697,11.340000000000146,5.1400000000001,0.4299610894941621,8.159999999999854,0.3566176470588399,3.8799999999998818,3.0260000000000105,0.088,1.0,,,14,1,6.0,2022
2022-06-23 14:00:00+00:00|-1.0|handoff_divergence_fade_h14_tp06_sl065,2022-06-23 14:00:00+00:00,STAGE28A,data/reports/stage28a_discovery_factory_batch_runner/stage28a_exact_trades.csv,session_handoff_imbalance_v1,handoff_divergence_fade_h14_tp06_sl065,-1.8537749999999047,-2.903774999999905,-3.6037749999999047,0,0,0,0,2.903774999999905,24.480000000000018,6.289999999999964,0.782193958664563,7.670000000000073,0.10299869621902948,4.289999999999964,3.286500000000001,0.116,-1.0,,,14,3,6.0,2022
2022-06-29 14:00:00+00:00|1.0|handoff_divergence_fade_h14_tp06_sl065,2022-06-29 14:00:00+00:00,STAGE28A,data/reports/stage28a_discovery_factory_batch_runner/stage28a_exact_trades.csv,session_handoff_imbalance_v1,handoff_divergence_fade_h14_tp06_sl065,1.0884999999999765,0.0384999999999764,-0.6615000000000233,1,0,0,0,0.0384999999999764,11.039999999999964,4.660000000000082,0.22532188841200346,10.309999999999945,0.5819592628516035,11.75,3.140999999999997,0.116,1.0,,,14,2,6.0,2022
2022-07-04 14:00:00+00:00|1.0|handoff_divergence_fade_h14_tp06_sl065,2022-07-04 14:00:00+00:00,STAGE28A,data/reports/stage28a_discovery_factory_batch_runner/stage28a_exact_trades.csv,session_handoff_imbalance_v1,handoff_divergence_fade_h14_tp06_sl065,-1.4621499999999288,-2.5121499999999286,-3.2121499999999283,0,0,0,0,2.5121499999999286,2.3299999999999272,8.740000000000009,0.16819221967963682,8.240000000000009,0.6844660194174871,2.839999999999918,4.012000000000012,0.388,1.0,,,14,0,7.0,2022
2022-07-05 14:00:00+00:00|1.0|handoff_divergence_fade_h14_tp06_sl065,2022-07-05 14:00:00+00:00,STAGE28A,data/reports/stage28a_discovery_factory_batch_runner/stage28a_exact_trades.csv,session_handoff_imbalance_v1,handoff_divergence_fade_h14_tp06_sl065,0.8892999999999575,-0.1607000000000424,-0.8607000000000422,0,0,0,0,0.1607000000000424,10.349999999999909,5.660000000000082,0.3021201413427582,11.75,0.6289361702127745,3.0499999999999545,2.8389999999999986,0.084,1.0,,,14,1,7.0,2022
2022-07-06 14:00:00+00:00|1.0|handoff_divergence_fade_h14_tp06_sl065,2022-07-06 14:00:00+00:00,STAGE28A,data/reports/stage28a_discovery_factory_batch_runner/stage28a_exact_trades.csv,session_handoff_imbalance_v1,handoff_divergence_fade_h14_tp06_sl065,1.161400000000094,0.1114000000000943,-0.5885999999999054,1,0,0,0,0.1114000000000943,48.25,7.059999999999945,0.1713881019830093,8.720000000000027,0.6135321100917569,4.199999999999818,3.9679999999999835,0.368,1.0,,,14,2,7.0,2022
2022-07-07 14:00:00+00:00|1.0|handoff_divergence_fade_h14_tp06_sl065,2022-07-07 14:00:00+00:00,STAGE28A,data/reports/stage28a_discovery_factory_batch_runner/stage28a_exact_trades.csv,session_handoff_imbalance_v1,handoff_divergence_fade_h14_tp06_sl065,-1.7858500000000732,-2.835850000000073,-3.5358500000000728,0,0,0,0,2.835850000000073,40.66000000000008,10.450000000000045,0.6411483253588532,7.569999999999936,0.33685601056802855,3.7200000000000273,4.42249999999998,0.544,1.0,,,14,3,7.0,2022
2022-07-08 14:00:00+00:00|1.0|handoff_divergence_fade_h14_tp06_sl065,2022-07-08 14:00:00+00:00,STAGE28A,data/reports/stage28a_discovery_factory_batch_runner/stage28a_exact_trades.csv,session_handoff_imbalance_v1,handoff_divergence_fade_h14_tp06_sl065,1.5391000000000985,0.4891000000000987,-0.210899999999901,1,0,1,0,0.4891000000000987,12.600000000000136,7.740000000000009,0.34625322997413865,10.710000000000036,0.3725490196078427,6.930000000000064,3.708999999999969,0.288,1.0,,,14,4,7.0,2022
2022-07-12 14:00:00+00:00|-1.0|handoff_divergence_fade_h14_tp06_sl065,2022-07-12 14:00:00+00:00,STAGE28A,data/reports/stage28a_discovery_factory_batch_runner/stage28a_exact_trades.csv,session_handoff_imbalance_v1,handoff_divergence_fade_h14_tp06_sl065,1.2523000000000135,0.2023000000000139,-0.4976999999999858,1,0,1,0,0.2023000000000139,13.3599999999999,21.100000000000136,0.008056872037918088,13.6099999999999,0.11535635562086317,4.459999999999809,4.58950000000001,0.612,-1.0,,,14,1,7.0,2022
2022-07-20 14:00:00+00:00|1.0|handoff_divergence_fade_h14_tp06_sl065,2022-07-20 14:00:00+00:00,STAGE28A,data/reports/stage28a_discovery_factory_batch_runner/stage28a_exact_trades.csv,session_handoff_imbalance_v1,handoff_divergence_fade_h14_tp06_sl065,-1.6002750000001016,-2.6502750000001014,-3.350275000000101,0,0,0,0,2.6502750000001014,13.169999999999845,3.900000000000091,0.02307692307690155,7.980000000000018,0.08771929824561954,6.6400000000001,2.9155000000000313,0.016,1.0,,,14,2,7.0,2022
2022-07-22 14:00:00+00:00|-1.0|handoff_divergence_fade_h14_tp06_sl065,2022-07-22 14:00:00+00:00,STAGE28A,data/reports/stage28a_discovery_factory_batch_runner/stage28a_exact_trades.csv,session_handoff_imbalance_v1,handoff_divergence_fade_h14_tp06_sl065,-1.9269000000000236,-2.976900000000023,-3.676900000000023,0,0,0,0,2.976900000000023,39.34999999999991,6.4500000000000455,0.5581395348837029,12.649999999999864,0.8426877470355887,3.759999999999991,3.5495000000000116,0.192,-1.0,,,14,4,7.0,2022
2022-07-26 14:00:00+00:00|1.0|handoff_divergence_fade_h14_tp06_sl065,2022-07-26 14:00:00+00:00,STAGE28A,data/reports/stage28a_discovery_factory_batch_runner/stage28a_exact_trades.csv,session_handoff_imbalance_v1,handoff_divergence_fade_h14_tp06_sl065,0.7779999999999291,-0.2720000000000708,-0.9720000000000706,0,0,0,0,0.2720000000000708,21.460000000000036,10.149999999999864,0.5320197044335137,8.980000000000018,0.4432071269487762,4.490000000000009,3.3164999999999965,0.108,1.0,,,14,1,7.0,2022
2022-07-27 14:00:00+00:00|-1.0|handoff_divergence_fade_h14_tp06_sl065,2022-07-27 14:00:00+00:00,STAGE28A,data/reports/stage28a_discovery_factory_batch_runner/stage28a_exact_trades.csv,session_handoff_imbalance_v1,handoff_divergence_fade_h14_tp06_sl065,0.762100000000055,-0.287899999999945,-0.9878999999999448,0,0,0,0,0.287899999999945,14.579999999999927,4.2999999999999545,0.34883720930232925,11.460000000000036,0.47382198952878,4.0,2.8509999999999875,0.012,-1.0,,,14,2,7.0,2022
2022-08-01 14:00:00+00:00|-1.0|handoff_divergence_fade_h14_tp06_sl065,2022-08-01 14:00:00+00:00,STAGE28A,data/reports/stage28a_discovery_factory_batch_runner/stage28a_exact_trades.csv,session_handoff_imbalance_v1,handoff_divergence_fade_h14_tp06_sl065,1.0753000000001065,0.0253000000001066,-0.674699999999893,1,0,0,0,0.0253000000001066,2.3300000000001546,5.310000000000173,0.20527306967982725,15.36999999999989,0.7391021470396865,3.9400000000000546,3.940500000000031,0.416,-1.0,,,14,0,8.0,2022
2022-08-02 14:00:00+00:00|1.0|handoff_divergence_fade_h14_tp06_sl065,2022-08-02 14:00:00+00:00,STAGE28A,data/reports/stage28a_discovery_factory_batch_runner/stage28a_exact_trades.csv,session_handoff_imbalance_v1,handoff_divergence_fade_h14_tp06_sl065,-1.781949999999915,-2.831949999999915,-3.531949999999915,0,0,0,0,2.831949999999915,16.699999999999818,9.649999999999864,0.30880829015544664,7.150000000000091,0.008391608391600653,3.0,3.644000000000017,0.268,1.0,,,14,1,8.0,2022
2022-08-03 14:00:00+00:00|1.0|handoff_divergence_fade_h14_tp06_sl065,2022-08-03 14:00:00+00:00,STAGE28A,data/reports/stage28a_discovery_factory_batch_runner/stage28a_exact_trades.csv,session_handoff_imbalance_v1,handoff_divergence_fade_h14_tp06_sl065,0.967299999999932,-0.0827000000000679,-0.7827000000000677,0,0,0,0,0.0827000000000679,28.529999999999973,14.2800000000002,0.6435574229691825,6.519999999999982,0.4647239263803652,6.0900000000001455,4.749500000000023,0.692,1.0,,,14,2,8.0,2022
2022-08-05 14:00:00+00:00|1.0|handoff_divergence_fade_h14_tp06_sl065,2022-08-05 14:00:00+00:00,STAGE28A,data/reports/stage28a_discovery_factory_batch_runner/stage28a_exact_trades.csv,session_handoff_imbalance_v1,handoff_divergence_fade_h14_tp06_sl065,-1.586949999999979,-2.636949999999979,-3.3369499999999785,0,0,0,0,2.636949999999979,31.680000000000064,6.100000000000136,0.19180327868853222,7.569999999999936,0.7384412153236414,3.019999999999982,3.2945000000000393,0.044,1.0,,,14,4,8.0,2022
2022-08-08 14:00:00+00:00|-1.0|handoff_divergence_fade_h14_tp06_sl065,2022-08-08 14:00:00+00:00,STAGE28A,data/reports/stage28a_discovery_factory_batch_runner/stage28a_exact_trades.csv,session_handoff_imbalance_v1,handoff_divergence_fade_h14_tp06_sl065,0.6997000000000299,-0.3502999999999701,-1.0502999999999698,0,0,0,0,0.3502999999999701,4.460000000000036,4.879999999999882,0.0860655737705088,7.879999999999882,0.5418781725888383,3.599999999999909,3.3159999999999856,0.06,-1.0,,,14,0,8.0,2022
2022-08-09 14:00:00+00:00|-1.0|handoff_divergence_fade_h14_tp06_sl065,2022-08-09 14:00:00+00:00,STAGE28A,data/reports/stage28a_discovery_factory_batch_runner/stage28a_exact_trades.csv,session_handoff_imbalance_v1,handoff_divergence_fade_h14_tp06_sl065,1.085799999999972,0.035799999999972,-0.6642000000000277,1,0,0,0,0.035799999999972,19.449999999999818,7.440000000000055,0.3360215053763416,9.8599999999999,0.5324543610547722,4.430000000000064,3.158000000000004,0.032,-1.0,,,14,1,8.0,2022
2022-08-10 14:00:00+00:00|-1.0|handoff_divergence_fade_h14_tp06_sl065,2022-08-10 14:00:00+00:00,STAGE28A,data/reports/stage28a_discovery_factory_batch_runner/stage28a_exact_trades.csv,session_handoff_imbalance_v1,handoff_divergence_fade_h14_tp06_sl065,0.6415000000000873,-0.4084999999999126,-1.1084999999999123,0,0,0,0,0.4084999999999126,17.15000000000009,4.0,0.5999999999999659,7.539999999999964,0.3859416445623168,4.810000000000173,2.6564999999999825,0.004,-1.0,,,14,2,8.0,2022
2022-08-11 14:00:00+00:00|-1.0|handoff_divergence_fade_h14_tp06_sl065,2022-08-11 14:00:00+00:00,STAGE28A,data/reports/stage28a_discovery_factory_batch_runner/stage28a_exact_trades.csv,session_handoff_imbalance_v1,handoff_divergence_fade_h14_tp06_sl065,-1.5746000000000095,-2.6246000000000094,-3.324600000000009,0,0,0,0,2.6246000000000094,20.269999999999982,8.3900000000001,0.6376638855780506,6.789999999999964,0.6465390279823117,2.699999999999818,3.1635000000000106,0.044,-1.0,,,14,3,8.0,2022
2022-08-12 14:00:00+00:00|1.0|handoff_divergence_fade_h14_tp06_sl065,2022-08-12 14:00:00+00:00,STAGE28A,data/reports/stage28a_discovery_factory_batch_runner/stage28a_exact_trades.csv,session_handoff_imbalance_v1,handoff_divergence_fade_h14_tp06_sl065,-1.6194500000000065,-2.669450000000006,-3.369450000000006,0,0,0,0,2.669450000000006,15.679999999999836,5.190000000000055,0.6358381502890019,8.059999999999945,0.440446650124095,2.6299999999998818,3.2745000000000006,0.08,1.0,,,14,4,8.0,2022
2022-08-16 14:00:00+00:00|1.0|handoff_divergence_fade_h14_tp06_sl065,2022-08-16 14:00:00+00:00,STAGE28A,data/reports/stage28a_discovery_factory_batch_runner/stage28a_exact_trades.csv,session_handoff_imbalance_v1,handoff_divergence_fade_h14_tp06_sl065,0.8160999999999149,-0.233900000000085,-0.9339000000000848,0,0,0,0,0.233900000000085,29.309999999999945,6.2999999999999545,0.46190476190477825,8.120000000000118,0.6896551724137998,3.9300000000000637,2.6815000000000055,0.016,1.0,,,14,1,8.0,2022
2022-08-17 14:00:00+00:00|1.0|handoff_divergence_fade_h14_tp06_sl065,2022-08-17 14:00:00+00:00,STAGE28A,data/reports/stage28a_discovery_factory_batch_runner/stage28a_exact_trades.csv,session_handoff_imbalance_v1,handoff_divergence_fade_h14_tp06_sl065,0.7084000000001197,-0.3415999999998802,-1.04159999999988,0,0,0,0,0.3415999999998802,11.660000000000082,3.1499999999998636,0.17777777777776815,10.319999999999936,0.22093023255813826,3.599999999999909,2.7614999999999896,0.024,1.0,,,14,2,8.0,2022
2022-08-24 14:00:00+00:00|-1.0|handoff_divergence_fade_h14_tp06_sl065,2022-08-24 14:00:00+00:00,STAGE28A,data/reports/stage28a_discovery_factory_batch_runner/stage28a_exact_trades.csv,session_handoff_imbalance_v1,handoff_divergence_fade_h14_tp06_sl065,0.8860000000001037,-0.1639999999998962,-0.863999999999896,0,0,0,0,0.1639999999998962,23.309999999999945,3.979999999999791,0.36934673366836795,9.430000000000064,0.3955461293743365,5.830000000000155,2.916999999999973,0.064,-1.0,,,14,2,8.0,2022
2022-08-26 14:00:00+00:00|1.0|handoff_divergence_fade_h14_tp06_sl065,2022-08-26 14:00:00+00:00,STAGE28A,data/reports/stage28a_discovery_factory_batch_runner/stage28a_exact_trades.csv,session_handoff_imbalance_v1,handoff_divergence_fade_h14_tp06_sl065,-1.5586750000000849,-2.6086750000000847,-3.3086750000000844,0,0,0,0,2.6086750000000847,15.519999999999982,6.579999999999927,0.03647416413374039,9.5,0.804210526315776,3.689999999999827,2.7654999999999403,0.02,1.0,,,14,4,8.0,2022
2022-08-31 14:00:00+00:00|1.0|handoff_divergence_fade_h14_tp06_sl065,2022-08-31 14:00:00+00:00,STAGE28A,data/reports/stage28a_discovery_factory_batch_runner/stage28a_exact_trades.csv,session_handoff_imbalance_v1,handoff_divergence_fade_h14_tp06_sl065,-1.8410999999999604,-2.8910999999999603,-3.59109999999996,0,0,0,0,2.8910999999999603,19.339999999999918,3.8899999999998727,0.26478149100257237,15.8599999999999,0.8209331651954643,3.980000000000018,2.881999999999971,0.048,1.0,,,14,2,8.0,2022
2022-09-05 14:00:00+00:00|1.0|handoff_divergence_fade_h14_tp06_sl065,2022-09-05 14:00:00+00:00,STAGE28A,data/reports/stage28a_discovery_factory_batch_runner/stage28a_exact_trades.csv,session_handoff_imbalance_v1,handoff_divergence_fade_h14_tp06_sl065,0.6898000000000138,-0.3601999999999861,-1.0601999999999858,0,0,0,0,0.3601999999999861,1.9400000000000546,5.160000000000082,0.354651162790722,6.2999999999999545,0.3365079365079216,2.8599999999999,3.310000000000014,0.22,1.0,,,14,0,9.0,2022
2022-09-06 14:00:00+00:00|1.0|handoff_divergence_fade_h14_tp06_sl065,2022-09-06 14:00:00+00:00,STAGE28A,data/reports/stage28a_discovery_factory_batch_runner/stage28a_exact_trades.csv,session_handoff_imbalance_v1,handoff_divergence_fade_h14_tp06_sl065,-1.5625750000000154,-2.612575000000015,-3.312575000000015,0,0,0,0,2.612575000000015,8.049999999999955,16.909999999999854,0.2950916617386193,9.699999999999818,0.6608247422680621,2.5499999999999545,3.566499999999985,0.424,1.0,,,14,1,9.0,2022
2022-09-07 14:00:00+00:00|-1.0|handoff_divergence_fade_h14_tp06_sl065,2022-09-07 14:00:00+00:00,STAGE28A,data/reports/stage28a_discovery_factory_batch_runner/stage28a_exact_trades.csv,session_handoff_imbalance_v1,handoff_divergence_fade_h14_tp06_sl065,0.9124000000000706,-0.1375999999999293,-0.8375999999999291,0,0,0,0,0.1375999999999293,26.909999999999854,11.450000000000045,0.618340611353703,15.829999999999927,0.8597599494630425,4.509999999999991,4.073000000000013,0.676,-1.0,,,14,2,9.0,2022
2022-09-08 14:00:00+00:00|-1.0|handoff_divergence_fade_h14_tp06_sl065,2022-09-08 14:00:00+00:00,STAGE28A,data/reports/stage28a_discovery_factory_batch_runner/stage28a_exact_trades.csv,session_handoff_imbalance_v1,handoff_divergence_fade_h14_tp06_sl065,-1.688025000000016,-2.738025000000016,-3.438025000000016,0,0,0,0,2.738025000000016,28.09999999999991,5.789999999999964,0.6269430051813699,8.8900000000001,0.6850393700787488,5.960000000000036,3.374500000000012,0.268,-1.0,,,14,3,9.0,2022
2022-09-12 14:00:00+00:00|-1.0|handoff_divergence_fade_h14_tp06_sl065,2022-09-12 14:00:00+00:00,STAGE28A,data/reports/stage28a_discovery_factory_batch_runner/stage28a_exact_trades.csv,session_handoff_imbalance_v1,handoff_divergence_fade_h14_tp06_sl065,-1.89927500000008,-2.94927500000008,-3.6492750000000793,0,0,0,0,2.94927500000008,3.480000000000018,7.889999999999873,0.7553865652725137,15.549999999999955,0.7491961414790931,4.220000000000027,3.6339999999999804,0.264,-1.0,,,14,0,9.0,2022
2022-09-13 14:00:00+00:00|-1.0|handoff_divergence_fade_h14_tp06_sl065,2022-09-13 14:00:00+00:00,STAGE28A,data/reports/stage28a_discovery_factory_batch_runner/stage28a_exact_trades.csv,session_handoff_imbalance_v1,handoff_divergence_fade_h14_tp06_sl065,0.7510000000001128,-0.2989999999998871,-0.9989999999998868,0,0,0,0,0.2989999999998871,23.170000000000073,6.830000000000155,0.5710102489019038,8.160000000000082,0.6580882352940977,4.039999999999964,3.283500000000015,0.152,-1.0,,,14,1,9.0,2022
2022-09-14 14:00:00+00:00|-1.0|handoff_divergence_fade_h14_tp06_sl065,2022-09-14 14:00:00+00:00,STAGE28A,data/reports/stage28a_discovery_factory_batch_runner/stage28a_exact_trades.csv,session_handoff_imbalance_v1,handoff_divergence_fade_h14_tp06_sl065,0.8748999999999342,-0.1751000000000657,-0.8751000000000655,0,0,0,0,0.1751000000000657,34.73000000000002,6.289999999999964,0.25119236883941753,7.259999999999991,0.6170798898071658,2.480000000000018,3.44350000000004,0.18,-1.0,,,14,2,9.0,2022
2022-09-16 14:00:00+00:00|1.0|handoff_divergence_fade_h14_tp06_sl065,2022-09-16 14:00:00+00:00,STAGE28A,data/reports/stage28a_discovery_factory_batch_runner/stage28a_exact_trades.csv,session_handoff_imbalance_v1,handoff_divergence_fade_h14_tp06_sl065,1.4161000000000512,0.3661000000000514,-0.3338999999999483,1,0,1,0,0.3661000000000514,37.899999999999864,6.4500000000000455,0.26976744186046464,12.11999999999989,0.3902640264026453,8.689999999999827,4.380999999999972,0.712,1.0,,,14,4,9.0,2022
2022-09-20 14:00:00+00:00|1.0|handoff_divergence_fade_h14_tp06_sl065,2022-09-20 14:00:00+00:00,STAGE28A,data/reports/stage28a_discovery_factory_batch_runner/stage28a_exact_trades.csv,session_handoff_imbalance_v1,handoff_divergence_fade_h14_tp06_sl065,0.9417999999999666,-0.1082000000000333,-0.8082000000000331,0,0,0,0,0.1082000000000333,20.230000000000018,6.029999999999973,0.2338308457711212,10.629999999999882,0.8701787394167547,3.4600000000000364,3.049000000000001,0.004,1.0,,,14,1,9.0,2022
2022-09-21 14:00:00+00:00|-1.0|handoff_divergence_fade_h14_tp06_sl065,2022-09-21 14:00:00+00:00,STAGE28A,data/reports/stage28a_discovery_factory_batch_runner/stage28a_exact_trades.csv,session_handoff_imbalance_v1,handoff_divergence_fade_h14_tp06_sl065,-1.77512499999998,-2.82512499999998,-3.52512499999998,0,0,0,0,2.82512499999998,19.49000000000001,4.599999999999909,0.31304347826083817,14.440000000000055,0.6606648199445934,2.990000000000009,3.1025000000000205,0.016,-1.0,,,14,2,9.0,2022
2022-09-22 14:00:00+00:00|-1.0|handoff_divergence_fade_h14_tp06_sl065,2022-09-22 14:00:00+00:00,STAGE28A,data/reports/stage28a_discovery_factory_batch_runner/stage28a_exact_trades.csv,session_handoff_imbalance_v1,handoff_divergence_fade_h14_tp06_sl065,-2.9025500000001103,-3.95255000000011,-4.65255000000011,0,0,0,1,3.95255000000011,34.13999999999987,16.600000000000136,0.6379518072289055,22.539999999999964,0.2666370896184561,4.0900000000001455,7.47249999999998,0.996,-1.0,,,14,3,9.0,2022
2022-09-26 14:00:00+00:00|-1.0|handoff_divergence_fade_h14_tp06_sl065,2022-09-26 14:00:00+00:00,STAGE28A,data/reports/stage28a_discovery_factory_batch_runner/stage28a_exact_trades.csv,session_handoff_imbalance_v1,handoff_divergence_fade_h14_tp06_sl065,-2.6672500000000583,-3.717250000000058,-4.417250000000058,0,0,0,1,3.717250000000058,5.389999999999873,19.279999999999973,0.29253112033195583,15.199999999999818,0.22434210526316598,6.160000000000082,6.389999999999986,0.88,-1.0,,,14,0,9.0,2022
2022-09-30 14:00:00+00:00|-1.0|handoff_divergence_fade_h14_tp06_sl065,2022-09-30 14:00:00+00:00,STAGE28A,data/reports/stage28a_discovery_factory_batch_runner/stage28a_exact_trades.csv,session_handoff_imbalance_v1,handoff_divergence_fade_h14_tp06_sl065,1.4866000000000894,0.4366000000000896,-0.2633999999999101,1,0,1,0,0.4366000000000896,23.40000000000009,5.970000000000027,0.15577889447237175,12.980000000000018,0.41063174114022705,5.370000000000118,4.178999999999985,0.24,-1.0,,,14,4,9.0,2022
2022-10-04 14:00:00+00:00|-1.0|handoff_divergence_fade_h14_tp06_sl065,2022-10-04 14:00:00+00:00,STAGE28A,data/reports/stage28a_discovery_factory_batch_runner/stage28a_exact_trades.csv,session_handoff_imbalance_v1,handoff_divergence_fade_h14_tp06_sl065,-2.2967500000000656,-3.3467500000000654,-4.046750000000065,0,0,0,1,3.3467500000000654,41.819999999999936,7.339999999999918,0.08446866485012232,13.170000000000073,0.6522399392558748,6.539999999999964,4.733000000000004,0.428,-1.0,,,14,1,10.0,2022
2022-10-06 14:00:00+00:00|1.0|handoff_divergence_fade_h14_tp06_sl065,2022-10-06 14:00:00+00:00,STAGE28A,data/reports/stage28a_discovery_factory_batch_runner/stage28a_exact_trades.csv,session_handoff_imbalance_v1,handoff_divergence_fade_h14_tp06_sl065,-2.154075000000012,-3.204075000000012,-3.9040750000000113,0,0,0,1,3.204075000000012,27.309999999999945,9.439999999999827,0.6430084745762762,12.129999999999882,0.6158285243198763,3.709999999999809,3.9895000000000094,0.024,1.0,,,14,3,10.0,2022
2022-10-07 14:00:00+00:00|-1.0|handoff_divergence_fade_h14_tp06_sl065,2022-10-07 14:00:00+00:00,STAGE28A,data/reports/stage28a_discovery_factory_batch_runner/stage28a_exact_trades.csv,session_handoff_imbalance_v1,handoff_divergence_fade_h14_tp06_sl065,1.1527000000000045,0.1027000000000044,-0.5972999999999953,1,0,0,0,0.1027000000000044,18.649999999999864,4.269999999999982,0.4637002341920437,6.3900000000001,0.45539906103283395,6.850000000000136,3.6175000000000184,0.008,-1.0,,,14,4,10.0,2022
2022-10-11 14:00:00+00:00|-1.0|handoff_divergence_fade_h14_tp06_sl065,2022-10-11 14:00:00+00:00,STAGE28A,data/reports/stage28a_discovery_factory_batch_runner/stage28a_exact_trades.csv,session_handoff_imbalance_v1,handoff_divergence_fade_h14_tp06_sl065,-2.1495249999999038,-3.199524999999903,-3.899524999999903,0,0,0,1,3.199524999999903,34.23000000000002,12.269999999999982,0.37734311328444303,7.810000000000173,0.20102432778487855,5.970000000000027,3.797499999999991,0.032,-1.0,,,14,1,10.0,2022
2022-10-12 14:00:00+00:00|-1.0|handoff_divergence_fade_h14_tp06_sl065,2022-10-12 14:00:00+00:00,STAGE28A,data/reports/stage28a_discovery_factory_batch_runner/stage28a_exact_trades.csv,session_handoff_imbalance_v1,handoff_divergence_fade_h14_tp06_sl065,-2.092975000000115,-3.142975000000115,-3.8429750000001146,0,0,0,1,3.142975000000115,22.8900000000001,5.490000000000009,0.14207650273223524,10.549999999999955,0.45118483412322385,3.3700000000001182,4.915000000000009,0.484,-1.0,,,14,2,10.0,2022
2022-10-13 14:00:00+00:00|-1.0|handoff_divergence_fade_h14_tp06_sl065,2022-10-13 14:00:00+00:00,STAGE28A,data/reports/stage28a_discovery_factory_batch_runner/stage28a_exact_trades.csv,session_handoff_imbalance_v1,handoff_divergence_fade_h14_tp06_sl065,-1.5635499999999412,-2.613549999999941,-3.3135499999999407,0,0,0,0,2.613549999999941,16.950000000000045,6.440000000000055,0.669254658385079,10.8900000000001,0.5096418732782281,2.5699999999999363,2.991500000000042,0.004,-1.0,,,14,3,10.0,2022
2022-10-14 14:00:00+00:00|1.0|handoff_divergence_fade_h14_tp06_sl065,2022-10-14 14:00:00+00:00,STAGE28A,data/reports/stage28a_discovery_factory_batch_runner/stage28a_exact_trades.csv,session_handoff_imbalance_v1,handoff_divergence_fade_h14_tp06_sl065,-2.3256749999999102,-3.37567499999991,-4.07567499999991,0,0,0,1,3.37567499999991,40.01999999999998,11.259999999999991,0.3028419182948565,21.539999999999964,0.7000928505106861,5.129999999999882,5.579499999999996,0.74,1.0,,,14,4,10.0,2022
2022-10-18 14:00:00+00:00|1.0|handoff_divergence_fade_h14_tp06_sl065,2022-10-18 14:00:00+00:00,STAGE28A,data/reports/stage28a_discovery_factory_batch_runner/stage28a_exact_trades.csv,session_handoff_imbalance_v1,handoff_divergence_fade_h14_tp06_sl065,1.1689000000000305,0.1189000000000306,-0.5810999999999691,1,0,0,0,0.1189000000000306,25.279999999999973,4.639999999999873,0.4008620689655067,12.230000000000018,0.039247751430909035,3.1499999999998636,4.180999999999983,0.136,1.0,,,14,1,10.0,2022
2022-10-20 14:00:00+00:00|-1.0|handoff_divergence_fade_h14_tp06_sl065,2022-10-20 14:00:00+00:00,STAGE28A,data/reports/stage28a_discovery_factory_batch_runner/stage28a_exact_trades.csv,session_handoff_imbalance_v1,handoff_divergence_fade_h14_tp06_sl065,1.205499999999938,0.1554999999999382,-0.5445000000000615,1,0,1,0,0.1554999999999382,26.74000000000001,7.850000000000136,0.21910828025477674,10.799999999999955,0.7990740740740876,6.1099999999999,3.742000000000007,0.084,-1.0,,,14,3,10.0,2022
2022-10-28 14:00:00+00:00|1.0|handoff_divergence_fade_h14_tp06_sl065,2022-10-28 14:00:00+00:00,STAGE28A,data/reports/stage28a_discovery_factory_batch_runner/stage28a_exact_trades.csv,session_handoff_imbalance_v1,handoff_divergence_fade_h14_tp06_sl065,-1.921050000000014,-2.9710500000000137,-3.6710500000000135,0,0,0,0,2.9710500000000137,15.939999999999827,6.419999999999845,0.39408099688474046,18.899999999999864,0.7962962962962996,2.7899999999999636,3.8634999999999993,0.104,1.0,,,14,4,10.0,2022
2022-10-31 14:00:00+00:00|1.0|handoff_divergence_fade_h14_tp06_sl065,2022-10-31 14:00:00+00:00,STAGE28A,data/reports/stage28a_discovery_factory_batch_runner/stage28a_exact_trades.csv,session_handoff_imbalance_v1,handoff_divergence_fade_h14_tp06_sl065,-1.64707499999995,-2.6970749999999497,-3.397074999999949,0,0,0,0,2.6970749999999497,3.9200000000000728,4.870000000000118,0.2156057494866384,9.930000000000064,0.4652567975830905,3.7899999999999636,3.291999999999996,0.004,1.0,,,14,0,10.0,2022
2022-11-03 14:00:00+00:00|1.0|handoff_divergence_fade_h14_tp06_sl065,2022-11-03 14:00:00+00:00,STAGE28A,data/reports/stage28a_discovery_factory_batch_runner/stage28a_exact_trades.csv,session_handoff_imbalance_v1,handoff_divergence_fade_h14_tp06_sl065,-2.264899999999989,-3.3148999999999886,-4.014899999999988,0,0,0,1,3.3148999999999886,37.6099999999999,9.11999999999989,0.2971491228070251,18.699999999999818,0.8711229946524129,5.539999999999964,5.523499999999944,0.896,1.0,,,14,3,11.0,2022
2022-11-04 14:00:00+00:00|1.0|handoff_divergence_fade_h14_tp06_sl065,2022-11-04 14:00:00+00:00,STAGE28A,data/reports/stage28a_discovery_factory_batch_runner/stage28a_exact_trades.csv,session_handoff_imbalance_v1,handoff_divergence_fade_h14_tp06_sl065,-1.9785749999999556,-3.028574999999955,-3.728574999999955,0,0,0,0,3.028574999999955,24.37999999999988,18.419999999999845,0.9799131378935997,8.700000000000045,0.3218390804597632,4.230000000000018,3.914999999999998,0.248,1.0,,,14,4,11.0,2022
2022-11-08 14:00:00+00:00|-1.0|handoff_divergence_fade_h14_tp06_sl065,2022-11-08 14:00:00+00:00,STAGE28A,data/reports/stage28a_discovery_factory_batch_runner/stage28a_exact_trades.csv,session_handoff_imbalance_v1,handoff_divergence_fade_h14_tp06_sl065,-1.6298499999998968,-2.6798499999998966,-3.3798499999998963,0,0,0,0,2.6798499999998966,14.930000000000064,7.279999999999973,0.5508241758241766,7.3599999999999,0.04347826086955716,3.3900000000001,3.0350000000000024,0.004,-1.0,,,14,1,11.0,2022
2022-11-10 14:00:00+00:00|1.0|handoff_divergence_fade_h14_tp06_sl065,2022-11-10 14:00:00+00:00,STAGE28A,data/reports/stage28a_discovery_factory_batch_runner/stage28a_exact_trades.csv,session_handoff_imbalance_v1,handoff_divergence_fade_h14_tp06_sl065,1.049499999999989,-0.0005000000000108,-0.7005000000000106,0,0,0,0,0.0005000000000108,20.180000000000064,6.259999999999991,0.522364217252394,8.540000000000191,0.18032786885245072,3.7100000000000364,3.529499999999996,0.116,1.0,,,14,3,11.0,2022
2022-11-16 14:00:00+00:00|-1.0|handoff_divergence_fade_h14_tp06_sl065,2022-11-16 14:00:00+00:00,STAGE28A,data/reports/stage28a_discovery_factory_batch_runner/stage28a_exact_trades.csv,session_handoff_imbalance_v1,handoff_divergence_fade_h14_tp06_sl065,-1.805024999999978,-2.8550249999999777,-3.555024999999977,0,0,0,0,2.8550249999999777,19.36999999999989,11.1099999999999,0.8019801980198166,14.039999999999964,0.7343304843304823,3.9700000000000273,4.9375000000000115,0.532,-1.0,,,14,2,11.0,2022
2022-11-17 14:00:00+00:00|-1.0|handoff_divergence_fade_h14_tp06_sl065,2022-11-17 14:00:00+00:00,STAGE28A,data/reports/stage28a_discovery_factory_batch_runner/stage28a_exact_trades.csv,session_handoff_imbalance_v1,handoff_divergence_fade_h14_tp06_sl065,1.002100000000064,-0.0478999999999358,-0.7478999999999356,0,0,0,0,0.0478999999999358,14.7199999999998,12.6099999999999,0.9103885804916819,9.519999999999982,0.012605042016819166,4.2999999999999545,3.632500000000016,0.072,-1.0,,,14,3,11.0,2022
2022-11-23 14:00:00+00:00|-1.0|handoff_divergence_fade_h14_tp06_sl065,2022-11-23 14:00:00+00:00,STAGE28A,data/reports/stage28a_discovery_factory_batch_runner/stage28a_exact_trades.csv,session_handoff_imbalance_v1,handoff_divergence_fade_h14_tp06_sl065,0.9264999999999418,-0.1235000000000581,-0.8235000000000579,0,0,0,0,0.1235000000000581,12.740000000000009,10.009999999999991,0.6253746253746251,12.180000000000064,0.17733990147783832,3.1700000000000728,3.4329999999999927,0.124,-1.0,,,14,2,11.0,2022
2022-11-25 14:00:00+00:00|1.0|handoff_divergence_fade_h14_tp06_sl065,2022-11-25 14:00:00+00:00,STAGE28A,data/reports/stage28a_discovery_factory_batch_runner/stage28a_exact_trades.csv,session_handoff_imbalance_v1,handoff_divergence_fade_h14_tp06_sl065,-1.5186999999999444,-2.5686999999999443,-3.268699999999944,0,0,0,0,2.5686999999999443,9.590000000000146,8.710000000000036,0.3650975889781918,9.769999999999982,0.6223132036847662,2.9500000000000455,2.755000000000007,0.08,1.0,,,14,4,11.0,2022
2022-12-01 14:00:00+00:00|1.0|handoff_divergence_fade_h14_tp06_sl065,2022-12-01 14:00:00+00:00,STAGE28A,data/reports/stage28a_discovery_factory_batch_runner/stage28a_exact_trades.csv,session_handoff_imbalance_v1,handoff_divergence_fade_h14_tp06_sl065,1.0030000000000654,-0.0469999999999344,-0.7469999999999342,0,0,0,0,0.0469999999999344,28.529999999999973,11.8599999999999,0.5202360876897238,9.029999999999973,0.33111849390919357,4.810000000000173,5.159000000000003,0.936,1.0,,,14,3,12.0,2022
2022-12-02 14:00:00+00:00|-1.0|handoff_divergence_fade_h14_tp06_sl065,2022-12-02 14:00:00+00:00,STAGE28A,data/reports/stage28a_discovery_factory_batch_runner/stage28a_exact_trades.csv,session_handoff_imbalance_v1,handoff_divergence_fade_h14_tp06_sl065,-1.4819750000000114,-2.531975000000011,-3.231975000000011,0,0,0,0,2.531975000000011,35.86999999999989,8.8599999999999,0.5575620767494481,6.7000000000000455,0.41641791044775295,2.4600000000000364,3.1020000000000207,0.124,-1.0,,,14,4,12.0,2022
2022-12-05 14:00:00+00:00|1.0|handoff_divergence_fade_h14_tp06_sl065,2022-12-05 14:00:00+00:00,STAGE28A,data/reports/stage28a_discovery_factory_batch_runner/stage28a_exact_trades.csv,session_handoff_imbalance_v1,handoff_divergence_fade_h14_tp06_sl065,-1.6971250000000055,-2.7471250000000054,-3.447125000000005,0,0,0,0,2.7471250000000054,4.920000000000073,15.589999999999918,0.6215522771007124,16.15000000000009,0.8476780185758359,2.6000000000001364,4.1995000000000005,0.58,1.0,,,14,0,12.0,2022
2022-12-06 14:00:00+00:00|1.0|handoff_divergence_fade_h14_tp06_sl065,2022-12-06 14:00:00+00:00,STAGE28A,data/reports/stage28a_discovery_factory_batch_runner/stage28a_exact_trades.csv,session_handoff_imbalance_v1,handoff_divergence_fade_h14_tp06_sl065,-1.699725000000035,-2.749725000000035,-3.4497250000000346,0,0,0,0,2.749725000000035,44.12999999999988,8.799999999999955,0.35454545454544395,7.7800000000002,0.16709511568125301,5.240000000000009,3.9795000000000527,0.464,1.0,,,14,1,12.0,2022
2022-12-07 14:00:00+00:00|-1.0|handoff_divergence_fade_h14_tp06_sl065,2022-12-07 14:00:00+00:00,STAGE28A,data/reports/stage28a_discovery_factory_batch_runner/stage28a_exact_trades.csv,session_handoff_imbalance_v1,handoff_divergence_fade_h14_tp06_sl065,-1.627250000000095,-2.6772500000000945,-3.3772500000000942,0,0,0,0,2.6772500000000945,13.570000000000164,6.420000000000073,0.015576323987524598,6.230000000000018,0.2616372391653093,3.650000000000091,3.2799999999999954,0.18,-1.0,,,14,2,12.0,2022
2022-12-09 14:00:00+00:00|1.0|handoff_divergence_fade_h14_tp06_sl065,2022-12-09 14:00:00+00:00,STAGE28A,data/reports/stage28a_discovery_factory_batch_runner/stage28a_exact_trades.csv,session_handoff_imbalance_v1,handoff_divergence_fade_h14_tp06_sl065,0.9199000000000068,-0.130099999999993,-0.8300999999999927,0,0,0,0,0.130099999999993,13.490000000000009,8.980000000000018,0.8006681514476406,8.789999999999964,0.2229806598407073,7.599999999999909,3.2280000000000086,0.096,1.0,,,14,4,12.0,2022
2022-12-12 14:00:00+00:00|-1.0|handoff_divergence_fade_h14_tp06_sl065,2022-12-12 14:00:00+00:00,STAGE28A,data/reports/stage28a_discovery_factory_batch_runner/stage28a_exact_trades.csv,session_handoff_imbalance_v1,handoff_divergence_fade_h14_tp06_sl065,0.6357999999999265,-0.4142000000000734,-1.1142000000000731,0,0,0,0,0.4142000000000734,2.3400000000001455,10.309999999999945,0.7332686711930151,7.329999999999927,0.6889495225102326,3.939999999999827,3.516000000000008,0.172,-1.0,,,14,0,12.0,2022
2022-12-16 14:00:00+00:00|1.0|handoff_divergence_fade_h14_tp06_sl065,2022-12-16 14:00:00+00:00,STAGE28A,data/reports/stage28a_discovery_factory_batch_runner/stage28a_exact_trades.csv,session_handoff_imbalance_v1,handoff_divergence_fade_h14_tp06_sl065,1.1355999999999766,0.0855999999999768,-0.6144000000000229,1,0,0,0,0.0855999999999768,34.799999999999955,8.639999999999873,0.2685185185185414,10.599999999999909,0.1849056603773635,5.210000000000036,3.5649999999999977,0.264,1.0,,,14,4,12.0,2022
2022-12-22 14:00:00+00:00|1.0|handoff_divergence_fade_h14_tp06_sl065,2022-12-22 14:00:00+00:00,STAGE28A,data/reports/stage28a_discovery_factory_batch_runner/stage28a_exact_trades.csv,session_handoff_imbalance_v1,handoff_divergence_fade_h14_tp06_sl065,0.638800000000083,-0.4111999999999169,-1.1111999999999167,0,0,0,0,0.4111999999999169,11.930000000000064,6.889999999999873,0.7735849056603811,6.740000000000009,0.827893175074172,3.0,2.9349999999999796,0.02,1.0,,,14,3,12.0,2022
2022-12-29 14:00:00+00:00|1.0|handoff_divergence_fade_h14_tp06_sl065,2022-12-29 14:00:00+00:00,STAGE28A,data/reports/stage28a_discovery_factory_batch_runner/stage28a_exact_trades.csv,session_handoff_imbalance_v1,handoff_divergence_fade_h14_tp06_sl065,-1.5004999999999655,-2.5504999999999654,-3.250499999999965,0,0,0,0,2.5504999999999654,17.580000000000155,5.630000000000109,0.5772646536411966,7.6099999999999,0.4809461235216692,2.9200000000000728,3.2374999999999887,0.164,1.0,,,14,3,12.0,2022
2022-12-30 14:00:00+00:00|1.0|handoff_divergence_fade_h14_tp06_sl065,2022-12-30 14:00:00+00:00,STAGE28A,data/reports/stage28a_discovery_factory_batch_runner/stage28a_exact_trades.csv,session_handoff_imbalance_v1,handoff_divergence_fade_h14_tp06_sl065,-1.5294250000000376,-2.5794250000000374,-3.279425000000037,0,0,0,0,2.5794250000000374,16.450000000000045,5.330000000000155,0.13320825515947762,8.910000000000082,0.043771043771029076,4.009999999999991,2.9034999999999966,0.028,1.0,,,14,4,12.0,2022
2023-01-03 14:00:00+00:00|1.0|handoff_divergence_fade_h14_tp06_sl065,2023-01-03 14:00:00+00:00,STAGE28A,data/reports/stage28a_discovery_factory_batch_runner/stage28a_exact_trades.csv,session_handoff_imbalance_v1,handoff_divergence_fade_h14_tp06_sl065,1.6800999999999475,0.6300999999999477,-0.069900000000052,1,0,1,0,0.6300999999999477,6.660000000000082,19.40000000000009,0.5649484536082466,16.24000000000001,0.3663793103448302,4.0,5.278500000000008,0.952,1.0,,,14,1,1.0,2023
2023-01-06 14:00:00+00:00|1.0|handoff_divergence_fade_h14_tp06_sl065,2023-01-06 14:00:00+00:00,STAGE28A,data/reports/stage28a_discovery_factory_batch_runner/stage28a_exact_trades.csv,session_handoff_imbalance_v1,handoff_divergence_fade_h14_tp06_sl065,-1.7413250000000515,-2.791325000000052,-3.4913250000000517,0,0,0,0,2.791325000000052,33.99000000000001,10.930000000000064,0.4858188472095073,7.370000000000118,0.18724559023067666,4.059999999999945,3.640999999999997,0.38,1.0,,,14,4,1.0,2023
2023-01-09 14:00:00+00:00|1.0|handoff_divergence_fade_h14_tp06_sl065,2023-01-09 14:00:00+00:00,STAGE28A,data/reports/stage28a_discovery_factory_batch_runner/stage28a_exact_trades.csv,session_handoff_imbalance_v1,handoff_divergence_fade_h14_tp06_sl065,-1.9064249999999905,-2.95642499999999,-3.65642499999999,0,0,0,0,2.95642499999999,3.5799999999999272,13.239999999999782,0.554380664652571,9.680000000000064,0.556818181818165,2.9600000000000364,3.9534999999999854,0.384,1.0,,,14,0,1.0,2023
2023-01-12 14:00:00+00:00|1.0|handoff_divergence_fade_h14_tp06_sl065,2023-01-12 14:00:00+00:00,STAGE28A,data/reports/stage28a_discovery_factory_batch_runner/stage28a_exact_trades.csv,session_handoff_imbalance_v1,handoff_divergence_fade_h14_tp06_sl065,0.5850999999999204,-0.4649000000000796,-1.164900000000079,0,0,0,0,0.4649000000000796,19.480000000000018,10.3599999999999,0.7268339768339812,5.509999999999991,0.032667876588033384,2.25,3.0534999999999854,0.024,1.0,,,14,3,1.0,2023
2023-01-13 14:00:00+00:00|-1.0|handoff_divergence_fade_h14_tp06_sl065,2023-01-13 14:00:00+00:00,STAGE28A,data/reports/stage28a_discovery_factory_batch_runner/stage28a_exact_trades.csv,session_handoff_imbalance_v1,handoff_divergence_fade_h14_tp06_sl065,-2.111175000000094,-3.1611750000000938,-3.8611750000000935,0,0,0,1,3.1611750000000938,32.710000000000036,6.089999999999918,0.33004926108374677,17.37999999999988,0.575949367088611,7.899999999999864,4.58399999999998,0.532,-1.0,,,14,4,1.0,2023
2023-01-16 14:00:00+00:00|1.0|handoff_divergence_fade_h14_tp06_sl065,2023-01-16 14:00:00+00:00,STAGE28A,data/reports/stage28a_discovery_factory_batch_runner/stage28a_exact_trades.csv,session_handoff_imbalance_v1,handoff_divergence_fade_h14_tp06_sl065,-1.6548750000000385,-2.704875000000038,-3.404875000000038,0,0,0,0,2.704875000000038,3.589999999999918,12.11999999999989,0.44389438943895687,11.519999999999982,0.5833333333333366,3.730000000000018,4.661500000000013,0.468,1.0,,,14,0,1.0,2023
2023-01-18 14:00:00+00:00|-1.0|handoff_divergence_fade_h14_tp06_sl065,2023-01-18 14:00:00+00:00,STAGE28A,data/reports/stage28a_discovery_factory_batch_runner/stage28a_exact_trades.csv,session_handoff_imbalance_v1,handoff_divergence_fade_h14_tp06_sl065,1.0690000000000963,0.0190000000000964,-0.6809999999999032,1,0,0,0,0.0190000000000964,15.2800000000002,13.089999999999918,0.7097020626432408,19.339999999999918,0.7699069286453032,2.730000000000018,4.391499999999974,0.396,-1.0,,,14,2,1.0,2023
2023-01-20 14:00:00+00:00|-1.0|handoff_divergence_fade_h14_tp06_sl065,2023-01-20 14:00:00+00:00,STAGE28A,data/reports/stage28a_discovery_factory_batch_runner/stage28a_exact_trades.csv,session_handoff_imbalance_v1,handoff_divergence_fade_h14_tp06_sl065,1.241799999999921,0.1917999999999211,-0.5082000000000786,1,0,1,0,0.1917999999999211,34.190000000000055,11.160000000000082,0.7168458781361955,14.289999999999964,0.4380685794261726,4.470000000000027,4.506000000000017,0.484,-1.0,,,14,4,1.0,2023
2023-01-23 14:00:00+00:00|1.0|handoff_divergence_fade_h14_tp06_sl065,2023-01-23 14:00:00+00:00,STAGE28A,data/reports/stage28a_discovery_factory_batch_runner/stage28a_exact_trades.csv,session_handoff_imbalance_v1,handoff_divergence_fade_h14_tp06_sl065,1.052499999999918,0.0024999999999182,-0.6975000000000815,1,0,0,0,0.0024999999999182,4.019999999999982,11.819999999999936,0.19204737732656463,10.940000000000055,0.28519195612430304,2.349999999999909,4.019999999999982,0.248,1.0,,,14,0,1.0,2023
2023-01-27 14:00:00+00:00|-1.0|handoff_divergence_fade_h14_tp06_sl065,2023-01-27 14:00:00+00:00,STAGE28A,data/reports/stage28a_discovery_factory_batch_runner/stage28a_exact_trades.csv,session_handoff_imbalance_v1,handoff_divergence_fade_h14_tp06_sl065,0.7695999999999913,-0.2804000000000086,-0.9804000000000084,0,0,0,0,0.2804000000000086,30.470000000000027,15.069999999999936,0.6084936960849444,7.829999999999927,0.8735632183908023,3.2200000000000273,4.175999999999976,0.144,-1.0,,,14,4,1.0,2023
2023-01-30 14:00:00+00:00|1.0|handoff_divergence_fade_h14_tp06_sl065,2023-01-30 14:00:00+00:00,STAGE28A,data/reports/stage28a_discovery_factory_batch_runner/stage28a_exact_trades.csv,session_handoff_imbalance_v1,handoff_divergence_fade_h14_tp06_sl065,-2.0396750000000794,-3.089675000000079,-3.789675000000079,0,0,0,1,3.089675000000079,3.4500000000000455,10.049999999999955,0.44975124378109477,13.11999999999989,0.21570121951219137,8.709999999999809,4.516999999999984,0.316,1.0,,,14,0,1.0,2023
2023-02-03 14:00:00+00:00|1.0|handoff_divergence_fade_h14_tp06_sl065,2023-02-03 14:00:00+00:00,STAGE28A,data/reports/stage28a_discovery_factory_batch_runner/stage28a_exact_trades.csv,session_handoff_imbalance_v1,handoff_divergence_fade_h14_tp06_sl065,1.220500000000038,0.1705000000000383,-0.5294999999999614,1,0,1,0,0.1705000000000383,48.44999999999982,7.269999999999982,0.13480055020633022,8.599999999999909,0.490697674418613,5.179999999999836,4.450499999999965,0.276,1.0,,,14,4,2.0,2023
2023-02-06 14:00:00+00:00|1.0|handoff_divergence_fade_h14_tp06_sl065,2023-02-06 14:00:00+00:00,STAGE28A,data/reports/stage28a_discovery_factory_batch_runner/stage28a_exact_trades.csv,session_handoff_imbalance_v1,handoff_divergence_fade_h14_tp06_sl065,1.239999999999918,0.1899999999999182,-0.5100000000000815,1,0,1,0,0.1899999999999182,10.089999999999918,18.769999999999982,0.6904635055940357,11.180000000000064,0.549194991055462,4.490000000000009,5.453500000000008,0.696,1.0,,,14,0,2.0,2023
2023-02-10 14:00:00+00:00|-1.0|handoff_divergence_fade_h14_tp06_sl065,2023-02-10 14:00:00+00:00,STAGE28A,data/reports/stage28a_discovery_factory_batch_runner/stage28a_exact_trades.csv,session_handoff_imbalance_v1,handoff_divergence_fade_h14_tp06_sl065,-2.370524999999907,-3.420524999999907,-4.1205249999999065,0,0,0,1,3.420524999999907,31.269999999999982,11.579999999999927,0.7236614853195107,19.3599999999999,0.46177685950413744,4.119999999999891,5.591499999999996,0.62,-1.0,,,14,4,2.0,2023
2023-02-16 14:00:00+00:00|1.0|handoff_divergence_fade_h14_tp06_sl065,2023-02-16 14:00:00+00:00,STAGE28A,data/reports/stage28a_discovery_factory_batch_runner/stage28a_exact_trades.csv,session_handoff_imbalance_v1,handoff_divergence_fade_h14_tp06_sl065,0.9126999999999952,-0.1373000000000046,-0.8373000000000044,0,0,0,0,0.1373000000000046,29.50999999999999,8.169999999999845,0.3659730722154303,10.549999999999955,0.1184834123222754,3.1700000000000728,4.06149999999999,0.14,1.0,,,14,3,2.0,2023
2023-02-22 14:00:00+00:00|1.0|handoff_divergence_fade_h14_tp06_sl065,2023-02-22 14:00:00+00:00,STAGE28A,data/reports/stage28a_discovery_factory_batch_runner/stage28a_exact_trades.csv,session_handoff_imbalance_v1,handoff_divergence_fade_h14_tp06_sl065,1.0780000000001109,0.028000000000111,-0.6719999999998887,1,0,0,0,0.028000000000111,13.599999999999909,4.370000000000118,0.21967963386727926,9.069999999999936,0.34399117971335613,6.6400000000001,3.4655000000000085,0.116,1.0,,,14,2,2.0,2023
2023-02-23 14:00:00+00:00|1.0|handoff_divergence_fade_h14_tp06_sl065,2023-02-23 14:00:00+00:00,STAGE28A,data/reports/stage28a_discovery_factory_batch_runner/stage28a_exact_trades.csv,session_handoff_imbalance_v1,handoff_divergence_fade_h14_tp06_sl065,-1.5258500000000823,-2.575850000000082,-3.275850000000082,0,0,0,0,2.575850000000082,22.430000000000064,7.279999999999973,0.6565934065934053,9.3900000000001,0.3588924387646278,4.039999999999964,3.624000000000001,0.168,1.0,,,14,3,2.0,2023
2023-02-24 14:00:00+00:00|1.0|handoff_divergence_fade_h14_tp06_sl065,2023-02-24 14:00:00+00:00,STAGE28A,data/reports/stage28a_discovery_factory_batch_runner/stage28a_exact_trades.csv,session_handoff_imbalance_v1,handoff_divergence_fade_h14_tp06_sl065,-1.8849750000000316,-2.934975000000031,-3.634975000000031,0,0,0,0,2.934975000000031,16.320000000000164,6.779999999999973,0.3554572271386566,6.529999999999973,0.4992343032159272,5.75,3.2545000000000073,0.108,1.0,,,14,4,2.0,2023
2023-03-06 14:00:00+00:00|1.0|handoff_divergence_fade_h14_tp06_sl065,2023-03-06 14:00:00+00:00,STAGE28A,data/reports/stage28a_discovery_factory_batch_runner/stage28a_exact_trades.csv,session_handoff_imbalance_v1,handoff_divergence_fade_h14_tp06_sl065,-1.5109000000000834,-2.560900000000083,-3.260900000000083,0,0,0,0,2.560900000000083,3.290000000000191,5.690000000000055,0.2882249560632837,8.38000000000011,0.46062052505967505,3.6099999999999,3.43100000000004,0.28,1.0,,,14,0,3.0,2023
2023-03-07 14:00:00+00:00|1.0|handoff_divergence_fade_h14_tp06_sl065,2023-03-07 14:00:00+00:00,STAGE28A,data/reports/stage28a_discovery_factory_batch_runner/stage28a_exact_trades.csv,session_handoff_imbalance_v1,handoff_divergence_fade_h14_tp06_sl065,-1.4238000000001194,-2.4738000000001192,-3.173800000000119,0,0,0,0,2.4738000000001192,13.160000000000082,6.430000000000064,0.16329704510107995,8.940000000000055,0.4798657718120735,3.060000000000173,2.78100000000004,0.032,1.0,,,14,1,3.0,2023
2023-03-08 14:00:00+00:00|-1.0|handoff_divergence_fade_h14_tp06_sl065,2023-03-08 14:00:00+00:00,STAGE28A,data/reports/stage28a_discovery_factory_batch_runner/stage28a_exact_trades.csv,session_handoff_imbalance_v1,handoff_divergence_fade_h14_tp06_sl065,0.540100000000075,-0.509899999999925,-1.2098999999999247,0,0,0,0,0.509899999999925,38.899999999999864,5.070000000000164,0.4773175542406301,4.800000000000182,0.5312499999999704,2.6499999999998636,2.6405000000000314,0.004,-1.0,,,14,2,3.0,2023
2023-03-09 14:00:00+00:00|-1.0|handoff_divergence_fade_h14_tp06_sl065,2023-03-09 14:00:00+00:00,STAGE28A,data/reports/stage28a_discovery_factory_batch_runner/stage28a_exact_trades.csv,session_handoff_imbalance_v1,handoff_divergence_fade_h14_tp06_sl065,0.6156999999999698,-0.4343000000000301,-1.1343000000000298,0,0,0,0,0.4343000000000301,14.860000000000127,4.480000000000018,0.20535714285715825,6.339999999999918,0.5883280757097896,2.480000000000018,2.5549999999999953,0.008,-1.0,,,14,3,3.0,2023
2023-03-10 14:00:00+00:00|-1.0|handoff_divergence_fade_h14_tp06_sl065,2023-03-10 14:00:00+00:00,STAGE28A,data/reports/stage28a_discovery_factory_batch_runner/stage28a_exact_trades.csv,session_handoff_imbalance_v1,handoff_divergence_fade_h14_tp06_sl065,-1.82745000000009,-2.8774500000000898,-3.577450000000089,0,0,0,0,2.8774500000000898,23.679999999999836,7.129999999999882,0.25385694249649027,8.730000000000018,0.345933562428405,4.689999999999827,3.7550000000000296,0.636,-1.0,,,14,4,3.0,2023
2023-03-16 14:00:00+00:00|-1.0|handoff_divergence_fade_h14_tp06_sl065,2023-03-16 14:00:00+00:00,STAGE28A,data/reports/stage28a_discovery_factory_batch_runner/stage28a_exact_trades.csv,session_handoff_imbalance_v1,handoff_divergence_fade_h14_tp06_sl065,-2.3029250000000503,-3.35292500000005,-4.05292500000005,0,0,0,1,3.35292500000005,51.57999999999993,16.930000000000064,0.24453632604843972,10.720000000000027,0.868470149253724,4.829999999999927,6.705499999999984,0.784,-1.0,,,14,3,3.0,2023
2023-03-20 14:00:00+00:00|-1.0|handoff_divergence_fade_h14_tp06_sl065,2023-03-20 14:00:00+00:00,STAGE28A,data/reports/stage28a_discovery_factory_batch_runner/stage28a_exact_trades.csv,session_handoff_imbalance_v1,handoff_divergence_fade_h14_tp06_sl065,-4.323449999999957,-5.373449999999957,-6.073449999999957,0,0,0,1,5.373449999999957,15.549999999999955,22.420000000000073,0.4214986619090105,35.87000000000012,0.16085865625871099,6.930000000000064,10.587999999999976,0.988,-1.0,,,14,0,3.0,2023
2023-03-21 14:00:00+00:00|1.0|handoff_divergence_fade_h14_tp06_sl065,2023-03-21 14:00:00+00:00,STAGE28A,data/reports/stage28a_discovery_factory_batch_runner/stage28a_exact_trades.csv,session_handoff_imbalance_v1,handoff_divergence_fade_h14_tp06_sl065,1.5561999999998988,0.506199999999899,-0.1938000000001007,1,0,1,0,0.506199999999899,43.950000000000045,9.779999999999973,0.33742331288343186,20.310000000000173,0.6233382570162357,3.5399999999999636,5.188499999999976,0.412,1.0,,,14,1,3.0,2023
2023-03-22 14:00:00+00:00|-1.0|handoff_divergence_fade_h14_tp06_sl065,2023-03-22 14:00:00+00:00,STAGE28A,data/reports/stage28a_discovery_factory_batch_runner/stage28a_exact_trades.csv,session_handoff_imbalance_v1,handoff_divergence_fade_h14_tp06_sl065,1.457500000000118,0.4075000000001183,-0.2924999999998814,1,0,1,0,0.4075000000001183,49.75,8.330000000000155,0.03121248499399593,11.389999999999873,0.2906057945566271,3.740000000000009,4.490500000000043,0.244,-1.0,,,14,2,3.0,2023
2023-03-27 14:00:00+00:00|1.0|handoff_divergence_fade_h14_tp06_sl065,2023-03-27 14:00:00+00:00,STAGE28A,data/reports/stage28a_discovery_factory_batch_runner/stage28a_exact_trades.csv,session_handoff_imbalance_v1,handoff_divergence_fade_h14_tp06_sl065,-2.57202500000003,-3.6220250000000314,-4.32202500000003,0,0,0,1,3.6220250000000314,10.569999999999936,10.569999999999936,0.07473982970671413,19.519999999999982,0.9508196721311456,9.019999999999982,6.070000000000016,0.3,1.0,,,14,0,3.0,2023
2023-03-28 14:00:00+00:00|1.0|handoff_divergence_fade_h14_tp06_sl065,2023-03-28 14:00:00+00:00,STAGE28A,data/reports/stage28a_discovery_factory_batch_runner/stage28a_exact_trades.csv,session_handoff_imbalance_v1,handoff_divergence_fade_h14_tp06_sl065,1.2358000000000628,0.185800000000063,-0.5141999999999367,1,0,1,0,0.185800000000063,35.899999999999864,8.460000000000036,0.280141843971644,11.63000000000011,0.5081685296646431,3.8299999999999272,3.781499999999994,0.004,1.0,,,14,1,3.0,2023
2023-03-30 14:00:00+00:00|-1.0|handoff_divergence_fade_h14_tp06_sl065,2023-03-30 14:00:00+00:00,STAGE28A,data/reports/stage28a_discovery_factory_batch_runner/stage28a_exact_trades.csv,session_handoff_imbalance_v1,handoff_divergence_fade_h14_tp06_sl065,0.8689000000000761,-0.1810999999999238,-0.8810999999999236,0,0,0,0,0.1810999999999238,15.759999999999991,9.539999999999964,0.4947589098532542,12.559999999999945,0.6162420382165639,4.0900000000001455,3.823499999999979,0.028,-1.0,,,14,3,3.0,2023
2023-03-31 14:00:00+00:00|1.0|handoff_divergence_fade_h14_tp06_sl065,2023-03-31 14:00:00+00:00,STAGE28A,data/reports/stage28a_discovery_factory_batch_runner/stage28a_exact_trades.csv,session_handoff_imbalance_v1,handoff_divergence_fade_h14_tp06_sl065,-2.0094500000001063,-3.059450000000106,-3.759450000000106,0,0,0,0,3.059450000000106,28.910000000000082,5.970000000000027,0.3417085427135983,11.840000000000146,0.22972972972972922,4.0,3.8429999999999724,0.056,1.0,,,14,4,3.0,2023
2023-04-03 14:00:00+00:00|-1.0|handoff_divergence_fade_h14_tp06_sl065,2023-04-03 14:00:00+00:00,STAGE28A,data/reports/stage28a_discovery_factory_batch_runner/stage28a_exact_trades.csv,session_handoff_imbalance_v1,handoff_divergence_fade_h14_tp06_sl065,1.2135999999999512,0.1635999999999513,-0.5364000000000484,1,0,1,0,0.1635999999999513,12.190000000000055,22.549999999999955,0.4736141906873652,16.539999999999964,0.8657799274486074,6.529999999999973,6.290499999999997,0.572,-1.0,,,14,0,4.0,2023
2023-04-04 14:00:00+00:00|-1.0|handoff_divergence_fade_h14_tp06_sl065,2023-04-04 14:00:00+00:00,STAGE28A,data/reports/stage28a_discovery_factory_batch_runner/stage28a_exact_trades.csv,session_handoff_imbalance_v1,handoff_divergence_fade_h14_tp06_sl065,-1.756600000000026,-2.8066000000000257,-3.506600000000025,0,0,0,0,2.8066000000000257,40.72000000000003,7.680000000000064,0.7552083333333508,7.259999999999991,0.6680440771350059,2.9600000000000364,3.6170000000000186,0.012,-1.0,,,14,1,4.0,2023
2023-04-06 14:00:00+00:00|-1.0|handoff_divergence_fade_h14_tp06_sl065,2023-04-06 14:00:00+00:00,STAGE28A,data/reports/stage28a_discovery_factory_batch_runner/stage28a_exact_trades.csv,session_handoff_imbalance_v1,handoff_divergence_fade_h14_tp06_sl065,0.9253000000000156,-0.1246999999999842,-0.824699999999984,0,0,0,0,0.1246999999999842,22.069999999999936,13.549999999999955,0.6664206642066423,9.879999999999882,0.8289473684210681,3.259999999999991,3.5245000000000117,0.024,-1.0,,,14,3,4.0,2023
2023-04-10 14:00:00+00:00|-1.0|handoff_divergence_fade_h14_tp06_sl065,2023-04-10 14:00:00+00:00,STAGE28A,data/reports/stage28a_discovery_factory_batch_runner/stage28a_exact_trades.csv,session_handoff_imbalance_v1,handoff_divergence_fade_h14_tp06_sl065,0.6442000000000917,-0.4057999999999082,-1.105799999999908,0,0,0,0,0.4057999999999082,17.029999999999973,17.65000000000009,0.8271954674220869,12.220000000000027,0.786415711947617,2.9400000000000546,5.214500000000021,0.576,-1.0,,,14,0,4.0,2023
2023-04-12 14:00:00+00:00|1.0|handoff_divergence_fade_h14_tp06_sl065,2023-04-12 14:00:00+00:00,STAGE28A,data/reports/stage28a_discovery_factory_batch_runner/stage28a_exact_trades.csv,session_handoff_imbalance_v1,handoff_divergence_fade_h14_tp06_sl065,0.9072999999999866,-0.1427000000000133,-0.8427000000000131,0,0,0,0,0.1427000000000133,18.610000000000127,16.36999999999989,0.8173488087965912,12.539999999999964,0.4976076555023945,4.210000000000036,3.8029999999999746,0.128,1.0,,,14,2,4.0,2023
2023-04-14 14:00:00+00:00|1.0|handoff_divergence_fade_h14_tp06_sl065,2023-04-14 14:00:00+00:00,STAGE28A,data/reports/stage28a_discovery_factory_batch_runner/stage28a_exact_trades.csv,session_handoff_imbalance_v1,handoff_divergence_fade_h14_tp06_sl065,1.293100000000004,0.2431000000000041,-0.4568999999999956,1,0,1,0,0.2431000000000041,35.00999999999999,8.809999999999945,0.5595913734392842,14.690000000000055,0.43567052416610397,4.560000000000173,4.038500000000033,0.22,1.0,,,14,4,4.0,2023
2023-04-20 14:00:00+00:00|-1.0|handoff_divergence_fade_h14_tp06_sl065,2023-04-20 14:00:00+00:00,STAGE28A,data/reports/stage28a_discovery_factory_batch_runner/stage28a_exact_trades.csv,session_handoff_imbalance_v1,handoff_divergence_fade_h14_tp06_sl065,-2.1316499999999,-3.1816499999998995,-3.8816499999998992,0,0,0,1,3.1816499999998995,38.95999999999981,8.179999999999836,0.20904645476773479,9.779999999999973,0.6932515337423304,5.289999999999964,4.050500000000011,0.19,-1.0,,,14,3,4.0,2023
2023-04-24 14:00:00+00:00|-1.0|handoff_divergence_fade_h14_tp06_sl065,2023-04-24 14:00:00+00:00,STAGE28A,data/reports/stage28a_discovery_factory_batch_runner/stage28a_exact_trades.csv,session_handoff_imbalance_v1,handoff_divergence_fade_h14_tp06_sl065,0.9408999999999652,-0.1091000000000348,-0.8091000000000346,0,0,0,0,0.1091000000000348,3.790000000000191,6.7999999999999545,0.4735294117647131,10.459999999999809,0.22179732313575323,2.339999999999918,3.617000000000007,0.04,-1.0,,,14,0,4.0,2023
2023-04-25 14:00:00+00:00|1.0|handoff_divergence_fade_h14_tp06_sl065,2023-04-25 14:00:00+00:00,STAGE28A,data/reports/stage28a_discovery_factory_batch_runner/stage28a_exact_trades.csv,session_handoff_imbalance_v1,handoff_divergence_fade_h14_tp06_sl065,-2.139774999999964,-3.189774999999963,-3.889774999999963,0,0,0,1,3.189774999999963,18.579999999999927,12.269999999999982,0.013039934800332689,10.289999999999964,0.4528668610301359,6.650000000000091,4.42249999999998,0.324,1.0,,,14,1,4.0,2023
2023-04-26 14:00:00+00:00|-1.0|handoff_divergence_fade_h14_tp06_sl065,2023-04-26 14:00:00+00:00,STAGE28A,data/reports/stage28a_discovery_factory_batch_runner/stage28a_exact_trades.csv,session_handoff_imbalance_v1,handoff_divergence_fade_h14_tp06_sl065,-1.677299999999923,-2.727299999999923,-3.4272999999999225,0,0,0,0,2.727299999999923,27.710000000000036,9.230000000000018,0.37811484290357555,6.069999999999936,0.7726523887973812,1.800000000000182,4.313999999999988,0.212,-1.0,,,14,2,4.0,2023
2023-04-27 14:00:00+00:00|1.0|handoff_divergence_fade_h14_tp06_sl065,2023-04-27 14:00:00+00:00,STAGE28A,data/reports/stage28a_discovery_factory_batch_runner/stage28a_exact_trades.csv,session_handoff_imbalance_v1,handoff_divergence_fade_h14_tp06_sl065,-1.6685249999999088,-2.7185249999999086,-3.4185249999999083,0,0,0,0,2.7185249999999086,25.920000000000073,11.960000000000036,0.8127090301003342,6.400000000000091,0.44687499999997804,5.160000000000082,4.314000000000033,0.172,1.0,,,14,3,4.0,2023
2023-04-28 14:00:00+00:00|1.0|handoff_divergence_fade_h14_tp06_sl065,2023-04-28 14:00:00+00:00,STAGE28A,data/reports/stage28a_discovery_factory_batch_runner/stage28a_exact_trades.csv,session_handoff_imbalance_v1,handoff_divergence_fade_h14_tp06_sl065,-1.686725000000115,-2.736725000000115,-3.4367250000001146,0,0,0,0,2.736725000000115,29.029999999999973,6.509999999999991,0.32872503840243866,10.569999999999936,0.5619678334909993,2.0299999999999727,3.356000000000006,0.008,1.0,,,14,4,4.0,2023
2023-05-03 14:00:00+00:00|1.0|handoff_divergence_fade_h14_tp06_sl065,2023-05-03 14:00:00+00:00,STAGE28A,data/reports/stage28a_discovery_factory_batch_runner/stage28a_exact_trades.csv,session_handoff_imbalance_v1,handoff_divergence_fade_h14_tp06_sl065,-1.4078749999999671,-2.457874999999967,-3.157874999999967,0,0,0,0,2.457874999999967,40.909999999999854,4.5300000000002,0.6247240618101109,6.770000000000209,0.20531757754798075,2.199999999999818,3.282999999999993,0.02,1.0,,,14,2,5.0,2023
2023-05-05 14:00:00+00:00|1.0|handoff_divergence_fade_h14_tp06_sl065,2023-05-05 14:00:00+00:00,STAGE28A,data/reports/stage28a_discovery_factory_batch_runner/stage28a_exact_trades.csv,session_handoff_imbalance_v1,handoff_divergence_fade_h14_tp06_sl065,-1.6860749999999372,-2.736074999999937,-3.4360749999999367,0,0,0,0,2.736074999999937,47.87999999999988,7.529999999999973,0.10092961487380694,13.800000000000182,0.8630434782608641,3.189999999999827,4.325500000000011,0.188,1.0,,,14,4,5.0,2023
2023-05-08 14:00:00+00:00|1.0|handoff_divergence_fade_h14_tp06_sl065,2023-05-08 14:00:00+00:00,STAGE28A,data/reports/stage28a_discovery_factory_batch_runner/stage28a_exact_trades.csv,session_handoff_imbalance_v1,handoff_divergence_fade_h14_tp06_sl065,0.6127000000000408,-0.4372999999999591,-1.137299999999959,0,0,0,0,0.4372999999999591,3.8199999999999363,9.689999999999827,0.8926728586171329,4.629999999999882,0.12526997840176446,2.5799999999999272,3.5384999999999764,0.052,1.0,,,14,0,5.0,2023
2023-05-11 14:00:00+00:00|1.0|handoff_divergence_fade_h14_tp06_sl065,2023-05-11 14:00:00+00:00,STAGE28A,data/reports/stage28a_discovery_factory_batch_runner/stage28a_exact_trades.csv,session_handoff_imbalance_v1,handoff_divergence_fade_h14_tp06_sl065,-2.2343500000000405,-3.2843500000000403,-3.98435000000004,0,0,0,1,3.2843500000000403,26.679999999999836,7.099999999999909,0.10563380281690277,11.410000000000082,0.47414548641542886,3.1100000000001273,3.8114999999999895,0.268,1.0,,,14,3,5.0,2023
2023-05-16 14:00:00+00:00|1.0|handoff_divergence_fade_h14_tp06_sl065,2023-05-16 14:00:00+00:00,STAGE28A,data/reports/stage28a_discovery_factory_batch_runner/stage28a_exact_trades.csv,session_handoff_imbalance_v1,handoff_divergence_fade_h14_tp06_sl065,0.7546000000001186,-0.2953999999998813,-0.995399999999881,0,0,0,0,0.2953999999998813,15.009999999999991,4.600000000000136,0.21521739130434342,15.0,0.49066666666666,2.509999999999991,2.999000000000012,0.012,1.0,,,14,1,5.0,2023
2023-05-17 14:00:00+00:00|1.0|handoff_divergence_fade_h14_tp06_sl065,2023-05-17 14:00:00+00:00,STAGE28A,data/reports/stage28a_discovery_factory_batch_runner/stage28a_exact_trades.csv,session_handoff_imbalance_v1,handoff_divergence_fade_h14_tp06_sl065,0.710799999999972,-0.3392000000000279,-1.0392000000000277,0,0,0,0,0.3392000000000279,32.789999999999964,5.0,0.25599999999999457,8.180000000000064,0.892420537897298,5.199999999999818,3.4170000000000074,0.112,1.0,,,14,2,5.0,2023
2023-05-22 14:00:00+00:00|-1.0|handoff_divergence_fade_h14_tp06_sl065,2023-05-22 14:00:00+00:00,STAGE28A,data/reports/stage28a_discovery_factory_batch_runner/stage28a_exact_trades.csv,session_handoff_imbalance_v1,handoff_divergence_fade_h14_tp06_sl065,-1.7348250000000918,-2.784825000000092,-3.4848250000000918,0,0,0,0,2.784825000000092,4.360000000000127,6.099999999999909,0.3639344262295181,11.349999999999909,0.16123348017620634,3.7799999999999727,5.173000000000013,0.76,-1.0,,,14,0,5.0,2023
2023-05-25 14:00:00+00:00|-1.0|handoff_divergence_fade_h14_tp06_sl065,2023-05-25 14:00:00+00:00,STAGE28A,data/reports/stage28a_discovery_factory_batch_runner/stage28a_exact_trades.csv,session_handoff_imbalance_v1,handoff_divergence_fade_h14_tp06_sl065,-1.6220500000000355,-2.672050000000036,-3.3720500000000357,0,0,0,0,2.672050000000036,28.560000000000173,6.789999999999964,0.5729013254786629,9.850000000000136,0.39187817258884,1.990000000000009,4.216500000000008,0.44,-1.0,,,14,3,5.0,2023
2023-05-29 14:00:00+00:00|1.0|handoff_divergence_fade_h14_tp06_sl065,2023-05-29 14:00:00+00:00,STAGE28A,data/reports/stage28a_discovery_factory_batch_runner/stage28a_exact_trades.csv,session_handoff_imbalance_v1,handoff_divergence_fade_h14_tp06_sl065,0.478899999999976,-0.5711000000000239,-1.2711000000000237,0,0,0,0,0.5711000000000239,5.179999999999836,5.929999999999836,0.2698145025295414,8.11999999999989,0.0443349753694464,1.699999999999818,2.9549999999999614,0.008,1.0,,,14,0,5.0,2023
2023-05-30 14:00:00+00:00|-1.0|handoff_divergence_fade_h14_tp06_sl065,2023-05-30 14:00:00+00:00,STAGE28A,data/reports/stage28a_discovery_factory_batch_runner/stage28a_exact_trades.csv,session_handoff_imbalance_v1,handoff_divergence_fade_h14_tp06_sl065,-2.311375000000089,-3.361375000000089,-4.061375000000089,0,0,0,1,3.361375000000089,9.490000000000009,7.379999999999882,0.4878048780488068,21.039999999999964,0.6416349809885943,3.990000000000009,3.5354999999999905,0.176,-1.0,,,14,1,5.0,2023
2023-06-02 14:00:00+00:00|1.0|handoff_divergence_fade_h14_tp06_sl065,2023-06-02 14:00:00+00:00,STAGE28A,data/reports/stage28a_discovery_factory_batch_runner/stage28a_exact_trades.csv,session_handoff_imbalance_v1,handoff_divergence_fade_h14_tp06_sl065,-1.4023499999999332,-2.452349999999933,-3.1523499999999327,0,0,0,0,2.452349999999933,29.720000000000027,9.389999999999873,0.55271565495209,7.849999999999909,0.2496815286624279,2.6299999999998818,3.162499999999966,0.088,1.0,,,14,4,6.0,2023
2023-06-06 14:00:00+00:00|-1.0|handoff_divergence_fade_h14_tp06_sl065,2023-06-06 14:00:00+00:00,STAGE28A,data/reports/stage28a_discovery_factory_batch_runner/stage28a_exact_trades.csv,session_handoff_imbalance_v1,handoff_divergence_fade_h14_tp06_sl065,-1.615875000000051,-2.665875000000051,-3.3658750000000506,0,0,0,0,2.665875000000051,25.87000000000012,5.519999999999982,0.5851449275362371,6.670000000000073,0.4692653673163531,2.9199999999998454,3.012499999999966,0.088,-1.0,,,14,1,6.0,2023
2023-06-12 14:00:00+00:00|-1.0|handoff_divergence_fade_h14_tp06_sl065,2023-06-12 14:00:00+00:00,STAGE28A,data/reports/stage28a_discovery_factory_batch_runner/stage28a_exact_trades.csv,session_handoff_imbalance_v1,handoff_divergence_fade_h14_tp06_sl065,0.7051000000000386,-0.3448999999999613,-1.044899999999961,0,0,0,0,0.3448999999999613,1.740000000000009,6.239999999999782,0.06891025641026903,9.049999999999955,0.7502762430939224,2.980000000000018,2.865999999999963,0.1,-1.0,,,14,0,6.0,2023
2023-06-16 14:00:00+00:00|-1.0|handoff_divergence_fade_h14_tp06_sl065,2023-06-16 14:00:00+00:00,STAGE28A,data/reports/stage28a_discovery_factory_batch_runner/stage28a_exact_trades.csv,session_handoff_imbalance_v1,handoff_divergence_fade_h14_tp06_sl065,-1.5918250000000629,-2.6418250000000625,-3.341825000000062,0,0,0,0,2.6418250000000625,35.600000000000136,6.8900000000001,0.27576197387519064,10.069999999999936,0.7636544190665445,2.480000000000018,2.9965000000000144,0.068,-1.0,,,14,4,6.0,2023
2023-06-19 14:00:00+00:00|-1.0|handoff_divergence_fade_h14_tp06_sl065,2023-06-19 14:00:00+00:00,STAGE28A,data/reports/stage28a_discovery_factory_batch_runner/stage28a_exact_trades.csv,session_handoff_imbalance_v1,handoff_divergence_fade_h14_tp06_sl065,-1.3649750000000496,-2.4149750000000494,-3.114975000000049,0,0,0,0,2.4149750000000494,3.0699999999999363,4.7199999999998,0.5127118644068168,8.539999999999964,0.6217798594847738,2.019999999999982,3.069499999999971,0.088,-1.0,,,14,0,6.0,2023
2023-06-20 14:00:00+00:00|-1.0|handoff_divergence_fade_h14_tp06_sl065,2023-06-20 14:00:00+00:00,STAGE28A,data/reports/stage28a_discovery_factory_batch_runner/stage28a_exact_trades.csv,session_handoff_imbalance_v1,handoff_divergence_fade_h14_tp06_sl065,0.7864000000000942,-0.2635999999999057,-0.9635999999999054,0,0,0,0,0.2635999999999057,10.899999999999864,9.029999999999973,0.2159468438538263,9.8900000000001,0.2517694641051551,3.060000000000173,2.988500000000033,0.144,-1.0,,,14,1,6.0,2023
2023-06-21 14:00:00+00:00|1.0|handoff_divergence_fade_h14_tp06_sl065,2023-06-21 14:00:00+00:00,STAGE28A,data/reports/stage28a_discovery_factory_batch_runner/stage28a_exact_trades.csv,session_handoff_imbalance_v1,handoff_divergence_fade_h14_tp06_sl065,-1.5560750000000554,-2.606075000000055,-3.306075000000055,0,0,0,0,2.606075000000055,26.99000000000001,4.149999999999864,0.10843373493977355,6.149999999999864,0.6065040650406668,3.4199999999998454,2.72049999999997,0.028,1.0,,,14,2,6.0,2023
2023-06-23 14:00:00+00:00|-1.0|handoff_divergence_fade_h14_tp06_sl065,2023-06-23 14:00:00+00:00,STAGE28A,data/reports/stage28a_discovery_factory_batch_runner/stage28a_exact_trades.csv,session_handoff_imbalance_v1,handoff_divergence_fade_h14_tp06_sl065,-1.545024999999987,-2.595024999999987,-3.2950249999999865,0,0,0,0,2.595024999999987,22.579999999999927,6.009999999999991,0.21630615640598277,7.990000000000009,0.6958698372966131,1.6099999999999,3.153999999999985,0.2,-1.0,,,14,4,6.0,2023
2023-06-27 14:00:00+00:00|1.0|handoff_divergence_fade_h14_tp06_sl065,2023-06-27 14:00:00+00:00,STAGE28A,data/reports/stage28a_discovery_factory_batch_runner/stage28a_exact_trades.csv,session_handoff_imbalance_v1,handoff_divergence_fade_h14_tp06_sl065,-1.3178499999999986,-2.3678499999999985,-3.067849999999998,0,0,0,0,2.3678499999999985,11.819999999999936,9.349999999999909,0.4064171122994643,5.9500000000000455,0.724369747899145,1.8099999999999454,2.9385000000000105,0.084,1.0,,,14,1,6.0,2023
2023-06-28 14:00:00+00:00|1.0|handoff_divergence_fade_h14_tp06_sl065,2023-06-28 14:00:00+00:00,STAGE28A,data/reports/stage28a_discovery_factory_batch_runner/stage28a_exact_trades.csv,session_handoff_imbalance_v1,handoff_divergence_fade_h14_tp06_sl065,-1.6893249999999171,-2.739324999999917,-3.4393249999999167,0,0,0,0,2.739324999999917,19.659999999999854,3.949999999999818,0.05822784810127311,9.480000000000018,0.8280590717299466,2.900000000000091,2.912000000000046,0.08,1.0,,,14,2,6.0,2023
2023-06-29 14:00:00+00:00|-1.0|handoff_divergence_fade_h14_tp06_sl065,2023-06-29 14:00:00+00:00,STAGE28A,data/reports/stage28a_discovery_factory_batch_runner/stage28a_exact_trades.csv,session_handoff_imbalance_v1,handoff_divergence_fade_h14_tp06_sl065,-1.5329999999999928,-2.5829999999999926,-3.2829999999999924,0,0,0,0,2.5829999999999926,14.339999999999918,10.029999999999973,0.4386839481555437,5.619999999999891,0.03914590747331522,5.389999999999873,3.118999999999994,0.188,-1.0,,,14,3,6.0,2023
2023-06-30 14:00:00+00:00|1.0|handoff_divergence_fade_h14_tp06_sl065,2023-06-30 14:00:00+00:00,STAGE28A,data/reports/stage28a_discovery_factory_batch_runner/stage28a_exact_trades.csv,session_handoff_imbalance_v1,handoff_divergence_fade_h14_tp06_sl065,-1.3376750000000812,-2.387675000000081,-3.0876750000000808,0,0,0,0,2.387675000000081,20.1099999999999,2.660000000000082,0.037593984962456146,9.329999999999927,0.33976420150054637,2.25,2.5709999999999695,0.004,1.0,,,14,4,6.0,2023
2023-07-05 14:00:00+00:00|-1.0|handoff_divergence_fade_h14_tp06_sl065,2023-07-05 14:00:00+00:00,STAGE28A,data/reports/stage28a_discovery_factory_batch_runner/stage28a_exact_trades.csv,session_handoff_imbalance_v1,handoff_divergence_fade_h14_tp06_sl065,0.5539000000000215,-0.4960999999999784,-1.1960999999999782,0,0,0,0,0.4960999999999784,10.940000000000055,3.9700000000000273,0.42821158690177175,8.25,0.5624242424242546,3.019999999999982,2.355500000000029,0.088,-1.0,,,14,2,7.0,2023
2023-07-06 14:00:00+00:00|1.0|handoff_divergence_fade_h14_tp06_sl065,2023-07-06 14:00:00+00:00,STAGE28A,data/reports/stage28a_discovery_factory_batch_runner/stage28a_exact_trades.csv,session_handoff_imbalance_v1,handoff_divergence_fade_h14_tp06_sl065,0.628900000000067,-0.421099999999933,-1.1210999999999327,0,0,0,0,0.421099999999933,20.289999999999964,5.2000000000000455,0.3557692307692102,5.379999999999882,0.15055762081783702,7.730000000000018,2.841499999999985,0.144,1.0,,,14,3,7.0,2023
2023-07-10 14:00:00+00:00|-1.0|handoff_divergence_fade_h14_tp06_sl065,2023-07-10 14:00:00+00:00,STAGE28A,data/reports/stage28a_discovery_factory_batch_runner/stage28a_exact_trades.csv,session_handoff_imbalance_v1,handoff_divergence_fade_h14_tp06_sl065,-1.3347500000000765,-2.3847500000000763,-3.084750000000076,0,0,0,0,2.3847500000000763,4.289999999999964,5.559999999999945,0.3992805755395772,6.920000000000073,0.0765895953757178,1.7200000000000273,3.042999999999995,0.228,-1.0,,,14,0,7.0,2023
2023-07-12 14:00:00+00:00|1.0|handoff_divergence_fade_h14_tp06_sl065,2023-07-12 14:00:00+00:00,STAGE28A,data/reports/stage28a_discovery_factory_batch_runner/stage28a_exact_trades.csv,session_handoff_imbalance_v1,handoff_divergence_fade_h14_tp06_sl065,-1.2047499999999671,-2.254749999999967,-2.954749999999967,0,0,0,0,2.254749999999967,14.170000000000073,8.88000000000011,0.5833333333333334,6.5,0.4799999999999832,1.7000000000000455,2.339000000000033,0.092,1.0,,,14,2,7.0,2023
2023-07-14 14:00:00+00:00|1.0|handoff_divergence_fade_h14_tp06_sl065,2023-07-14 14:00:00+00:00,STAGE28A,data/reports/stage28a_discovery_factory_batch_runner/stage28a_exact_trades.csv,session_handoff_imbalance_v1,handoff_divergence_fade_h14_tp06_sl065,-1.343850000000066,-2.3938500000000658,-3.093850000000065,0,0,0,0,2.3938500000000658,11.190000000000055,5.370000000000118,0.4897579143388871,8.259999999999991,0.7990314769975686,1.9399999999998272,2.741000000000008,0.16,1.0,,,14,4,7.0,2023
2023-07-17 14:00:00+00:00|-1.0|handoff_divergence_fade_h14_tp06_sl065,2023-07-17 14:00:00+00:00,STAGE28A,data/reports/stage28a_discovery_factory_batch_runner/stage28a_exact_trades.csv,session_handoff_imbalance_v1,handoff_divergence_fade_h14_tp06_sl065,0.7290999999999258,-0.3209000000000741,-1.020900000000074,0,0,0,0,0.3209000000000741,2.8300000000001546,4.990000000000009,0.1923847695390851,8.600000000000136,0.7697674418604666,2.8999999999998636,3.1794999999999844,0.296,-1.0,,,14,0,7.0,2023
2023-07-19 14:00:00+00:00|-1.0|handoff_divergence_fade_h14_tp06_sl065,2023-07-19 14:00:00+00:00,STAGE28A,data/reports/stage28a_discovery_factory_batch_runner/stage28a_exact_trades.csv,session_handoff_imbalance_v1,handoff_divergence_fade_h14_tp06_sl065,-1.5635499999999412,-2.613549999999941,-3.3135499999999407,0,0,0,0,2.613549999999941,30.559999999999945,4.790000000000191,0.6847599164926601,7.9500000000000455,0.21509433962264485,4.0499999999999545,2.9829999999999925,0.172,-1.0,,,14,2,7.0,2023
2023-07-20 14:00:00+00:00|1.0|handoff_divergence_fade_h14_tp06_sl065,2023-07-20 14:00:00+00:00,STAGE28A,data/reports/stage28a_discovery_factory_batch_runner/stage28a_exact_trades.csv,session_handoff_imbalance_v1,handoff_divergence_fade_h14_tp06_sl065,0.8115999999999076,-0.2384000000000923,-0.938400000000092,0,0,0,0,0.2384000000000923,11.170000000000073,11.850000000000136,0.6607594936708915,7.610000000000127,0.5611038107753138,3.0699999999999363,3.025000000000034,0.164,1.0,,,14,3,7.0,2023
2023-07-26 14:00:00+00:00|-1.0|handoff_divergence_fade_h14_tp06_sl065,2023-07-26 14:00:00+00:00,STAGE28A,data/reports/stage28a_discovery_factory_batch_runner/stage28a_exact_trades.csv,session_handoff_imbalance_v1,handoff_divergence_fade_h14_tp06_sl065,0.5271999999999025,-0.5228000000000974,-1.2228000000000971,0,0,0,0,0.5228000000000974,14.290000000000191,4.230000000000018,0.14184397163118356,10.13000000000011,0.7423494570582331,2.4300000000000637,2.397500000000002,0.016,-1.0,,,14,2,7.0,2023
2023-07-27 14:00:00+00:00|1.0|handoff_divergence_fade_h14_tp06_sl065,2023-07-27 14:00:00+00:00,STAGE28A,data/reports/stage28a_discovery_factory_batch_runner/stage28a_exact_trades.csv,session_handoff_imbalance_v1,handoff_divergence_fade_h14_tp06_sl065,-1.701349999999911,-2.751349999999911,-3.451349999999911,0,0,0,0,2.751349999999911,16.339999999999918,11.230000000000018,0.40783615316118854,8.529999999999973,0.30480656506449527,1.8999999999998636,4.219499999999959,0.912,1.0,,,14,3,7.0,2023
2023-07-28 14:00:00+00:00|1.0|handoff_divergence_fade_h14_tp06_sl065,2023-07-28 14:00:00+00:00,STAGE28A,data/reports/stage28a_discovery_factory_batch_runner/stage28a_exact_trades.csv,session_handoff_imbalance_v1,handoff_divergence_fade_h14_tp06_sl065,-1.62432500000009,-2.6743250000000898,-3.374325000000089,0,0,0,0,2.6743250000000898,39.559999999999945,9.389999999999873,0.7816826411075873,8.8900000000001,0.2598425196850303,3.6200000000001182,3.838500000000022,0.708,1.0,,,14,4,7.0,2023
2023-08-02 14:00:00+00:00|-1.0|handoff_divergence_fade_h14_tp06_sl065,2023-08-02 14:00:00+00:00,STAGE28A,data/reports/stage28a_discovery_factory_batch_runner/stage28a_exact_trades.csv,session_handoff_imbalance_v1,handoff_divergence_fade_h14_tp06_sl065,-1.4952999999999066,-2.5452999999999064,-3.245299999999906,0,0,0,0,2.5452999999999064,24.850000000000136,8.789999999999964,0.2104664391353975,6.620000000000118,0.055891238670711725,4.759999999999991,3.1500000000000457,0.156,-1.0,,,14,2,8.0,2023
2023-08-08 14:00:00+00:00|-1.0|handoff_divergence_fade_h14_tp06_sl065,2023-08-08 14:00:00+00:00,STAGE28A,data/reports/stage28a_discovery_factory_batch_runner/stage28a_exact_trades.csv,session_handoff_imbalance_v1,handoff_divergence_fade_h14_tp06_sl065,0.7123000000000502,-0.3376999999999497,-1.0376999999999494,0,0,0,0,0.3376999999999497,15.170000000000073,6.919999999999845,0.42774566473986636,5.420000000000073,0.3487084870848427,5.029999999999973,2.7745000000000117,0.056,-1.0,,,14,1,8.0,2023
2023-08-09 14:00:00+00:00|1.0|handoff_divergence_fade_h14_tp06_sl065,2023-08-09 14:00:00+00:00,STAGE28A,data/reports/stage28a_discovery_factory_batch_runner/stage28a_exact_trades.csv,session_handoff_imbalance_v1,handoff_divergence_fade_h14_tp06_sl065,0.4398999999999887,-0.6101000000000112,-1.310100000000011,0,0,0,0,0.6101000000000112,15.22999999999979,6.5900000000001455,0.7799696509863409,6.440000000000055,0.6024844720497012,1.9600000000000364,2.294000000000028,0.004,1.0,,,14,2,8.0,2023
2023-08-14 14:00:00+00:00|-1.0|handoff_divergence_fade_h14_tp06_sl065,2023-08-14 14:00:00+00:00,STAGE28A,data/reports/stage28a_discovery_factory_batch_runner/stage28a_exact_trades.csv,session_handoff_imbalance_v1,handoff_divergence_fade_h14_tp06_sl065,-1.2105999999999768,-2.2605999999999766,-2.9605999999999764,0,0,0,0,2.2605999999999766,2.990000000000009,5.099999999999909,0.18235294117648632,5.559999999999945,0.24280575539566948,1.740000000000009,2.588499999999999,0.056,-1.0,,,14,0,8.0,2023
2023-08-17 14:00:00+00:00|-1.0|handoff_divergence_fade_h14_tp06_sl065,2023-08-17 14:00:00+00:00,STAGE28A,data/reports/stage28a_discovery_factory_batch_runner/stage28a_exact_trades.csv,session_handoff_imbalance_v1,handoff_divergence_fade_h14_tp06_sl065,-1.3077750000000834,-2.357775000000083,-3.057775000000083,0,0,0,0,2.357775000000083,15.420000000000073,5.419999999999845,0.30442804428046827,5.570000000000164,0.45960502692995875,4.119999999999891,2.7850000000000135,0.176,-1.0,,,14,3,8.0,2023
2023-08-18 14:00:00+00:00|1.0|handoff_divergence_fade_h14_tp06_sl065,2023-08-18 14:00:00+00:00,STAGE28A,data/reports/stage28a_discovery_factory_batch_runner/stage28a_exact_trades.csv,session_handoff_imbalance_v1,handoff_divergence_fade_h14_tp06_sl065,0.4324000000000524,-0.6175999999999475,-1.3175999999999473,0,0,0,0,0.6175999999999475,18.539999999999964,6.210000000000036,0.4541062801932238,2.9199999999998454,0.04452054794516735,2.810000000000173,2.5975000000000024,0.092,1.0,,,14,4,8.0,2023
2023-08-21 14:00:00+00:00|1.0|handoff_divergence_fade_h14_tp06_sl065,2023-08-21 14:00:00+00:00,STAGE28A,data/reports/stage28a_discovery_factory_batch_runner/stage28a_exact_trades.csv,session_handoff_imbalance_v1,handoff_divergence_fade_h14_tp06_sl065,-1.2499249999999391,-2.299924999999939,-2.999924999999939,0,0,0,0,2.299924999999939,2.060000000000173,8.830000000000155,0.15288788221971833,6.619999999999891,0.32326283987917453,2.8099999999999454,2.96550000000002,0.376,1.0,,,14,0,8.0,2023
2023-08-24 14:00:00+00:00|1.0|handoff_divergence_fade_h14_tp06_sl065,2023-08-24 14:00:00+00:00,STAGE28A,data/reports/stage28a_discovery_factory_batch_runner/stage28a_exact_trades.csv,session_handoff_imbalance_v1,handoff_divergence_fade_h14_tp06_sl065,-1.2437499999999546,-2.2937499999999544,-2.993749999999954,0,0,0,0,2.2937499999999544,23.429999999999836,6.710000000000036,0.5722801788375744,3.6400000000001,0.36263736263739765,1.9400000000000546,2.125999999999965,0.016,1.0,,,14,3,8.0,2023
2023-08-25 14:00:00+00:00|-1.0|handoff_divergence_fade_h14_tp06_sl065,2023-08-25 14:00:00+00:00,STAGE28A,data/reports/stage28a_discovery_factory_batch_runner/stage28a_exact_trades.csv,session_handoff_imbalance_v1,handoff_divergence_fade_h14_tp06_sl065,-1.2642249999999875,-2.3142249999999875,-3.0142249999999877,0,0,0,0,2.3142249999999875,11.639999999999873,4.470000000000027,0.7919463087248192,5.199999999999818,0.5307692307692475,2.0900000000001455,2.0465000000000257,0.012,-1.0,,,14,4,8.0,2023
2023-08-28 14:00:00+00:00|1.0|handoff_divergence_fade_h14_tp06_sl065,2023-08-28 14:00:00+00:00,STAGE28A,data/reports/stage28a_discovery_factory_batch_runner/stage28a_exact_trades.csv,session_handoff_imbalance_v1,handoff_divergence_fade_h14_tp06_sl065,0.2746000000001004,-0.7753999999998995,-1.4753999999998992,0,0,0,0,0.7753999999998995,1.490000000000009,3.0700000000001637,0.4364820846905038,4.259999999999991,0.5023474178403468,1.4200000000000728,2.2510000000000105,0.056,1.0,,,14,0,8.0,2023
2023-08-29 14:00:00+00:00|1.0|handoff_divergence_fade_h14_tp06_sl065,2023-08-29 14:00:00+00:00,STAGE28A,data/reports/stage28a_discovery_factory_batch_runner/stage28a_exact_trades.csv,session_handoff_imbalance_v1,handoff_divergence_fade_h14_tp06_sl065,-1.1378000000000612,-2.187800000000061,-2.8878000000000608,0,0,0,0,2.187800000000061,13.430000000000064,6.25,0.7584000000000014,3.9300000000000637,0.2646310432569839,4.290000000000191,2.421000000000049,0.116,1.0,,,14,1,8.0,2023
2023-08-31 14:00:00+00:00|1.0|handoff_divergence_fade_h14_tp06_sl065,2023-08-31 14:00:00+00:00,STAGE28A,data/reports/stage28a_discovery_factory_batch_runner/stage28a_exact_trades.csv,session_handoff_imbalance_v1,handoff_divergence_fade_h14_tp06_sl065,0.237099999999964,-0.8129000000000359,-1.5129000000000357,0,0,0,0,0.8129000000000359,14.009999999999991,6.100000000000136,0.08360655737704582,3.089999999999918,0.11650485436890275,1.4500000000000455,1.7930000000000177,0.008,1.0,,,14,3,8.0,2023
2023-09-01 14:00:00+00:00|-1.0|handoff_divergence_fade_h14_tp06_sl065,2023-09-01 14:00:00+00:00,STAGE28A,data/reports/stage28a_discovery_factory_batch_runner/stage28a_exact_trades.csv,session_handoff_imbalance_v1,handoff_divergence_fade_h14_tp06_sl065,-1.0019499999999426,-2.0519499999999424,-2.751949999999942,0,0,0,0,2.0519499999999424,8.789999999999964,5.3900000000001,0.20222634508351117,6.300000000000182,0.8380952380952096,0.9199999999998454,2.059000000000026,0.06,-1.0,,,14,4,9.0,2023
2023-09-04 14:00:00+00:00|1.0|handoff_divergence_fade_h14_tp06_sl065,2023-09-04 14:00:00+00:00,STAGE28A,data/reports/stage28a_discovery_factory_batch_runner/stage28a_exact_trades.csv,session_handoff_imbalance_v1,handoff_divergence_fade_h14_tp06_sl065,0.2758000000000266,-0.7741999999999734,-1.474199999999973,0,0,0,0,0.7741999999999734,1.0,6.720000000000027,0.8005952380952173,5.430000000000064,0.7219152854511601,2.4400000000000546,2.044500000000016,0.056,1.0,,,14,0,9.0,2023
2023-09-06 14:00:00+00:00|1.0|handoff_divergence_fade_h14_tp06_sl065,2023-09-06 14:00:00+00:00,STAGE28A,data/reports/stage28a_discovery_factory_batch_runner/stage28a_exact_trades.csv,session_handoff_imbalance_v1,handoff_divergence_fade_h14_tp06_sl065,0.4585000000000946,-0.5914999999999053,-1.291499999999905,0,0,0,0,0.5914999999999053,13.569999999999936,2.7200000000000273,0.05882352941179421,5.8599999999999,0.2030716723549616,2.4200000000000728,1.8495000000000232,0.088,1.0,,,14,2,9.0,2023
2023-09-07 14:00:00+00:00|1.0|handoff_divergence_fade_h14_tp06_sl065,2023-09-07 14:00:00+00:00,STAGE28A,data/reports/stage28a_discovery_factory_batch_runner/stage28a_exact_trades.csv,session_handoff_imbalance_v1,handoff_divergence_fade_h14_tp06_sl065,-1.0922999999998866,-2.1422999999998864,-2.842299999999886,0,0,0,0,2.1422999999998864,13.889999999999873,4.419999999999845,0.5769230769230869,3.400000000000091,0.03529411764709266,1.6899999999998272,1.9589999999999919,0.144,1.0,,,14,3,9.0,2023
2023-09-08 14:00:00+00:00|1.0|handoff_divergence_fade_h14_tp06_sl065,2023-09-08 14:00:00+00:00,STAGE28A,data/reports/stage28a_discovery_factory_batch_runner/stage28a_exact_trades.csv,session_handoff_imbalance_v1,handoff_divergence_fade_h14_tp06_sl065,-1.011049999999932,-2.061049999999932,-2.761049999999932,0,0,0,0,2.061049999999932,7.3599999999999,8.149999999999864,0.6343558282208506,3.8600000000001273,0.07512953367874457,2.2100000000000364,2.0700000000000047,0.184,1.0,,,14,4,9.0,2023
2023-09-12 14:00:00+00:00|1.0|handoff_divergence_fade_h14_tp06_sl065,2023-09-12 14:00:00+00:00,STAGE28A,data/reports/stage28a_discovery_factory_batch_runner/stage28a_exact_trades.csv,session_handoff_imbalance_v1,handoff_divergence_fade_h14_tp06_sl065,-1.0617499999999382,-2.111749999999938,-2.811749999999938,0,0,0,0,2.111749999999938,14.0,4.029999999999973,0.2853598014888018,5.920000000000073,0.7854729729729403,4.639999999999873,2.0180000000000176,0.16,1.0,,,14,1,9.0,2023
2023-09-13 14:00:00+00:00|-1.0|handoff_divergence_fade_h14_tp06_sl065,2023-09-13 14:00:00+00:00,STAGE28A,data/reports/stage28a_discovery_factory_batch_runner/stage28a_exact_trades.csv,session_handoff_imbalance_v1,handoff_divergence_fade_h14_tp06_sl065,-1.0766999999999372,-2.126699999999937,-2.8266999999999367,0,0,0,0,2.126699999999937,16.910000000000082,5.6400000000001,0.6790780141843722,4.369999999999891,0.3729977116705148,1.7699999999999818,1.9835000000000378,0.16,-1.0,,,14,2,9.0,2023
2023-09-14 14:00:00+00:00|1.0|handoff_divergence_fade_h14_tp06_sl065,2023-09-14 14:00:00+00:00,STAGE28A,data/reports/stage28a_discovery_factory_batch_runner/stage28a_exact_trades.csv,session_handoff_imbalance_v1,handoff_divergence_fade_h14_tp06_sl065,0.2760999999999513,-0.7739000000000487,-1.4739000000000484,0,0,0,0,0.7739000000000487,10.190000000000055,5.3599999999999,0.15671641791043542,5.760000000000218,0.5711805555555276,2.8899999999998727,2.206499999999994,0.208,1.0,,,14,3,9.0,2023
2023-09-18 14:00:00+00:00|1.0|handoff_divergence_fade_h14_tp06_sl065,2023-09-18 14:00:00+00:00,STAGE28A,data/reports/stage28a_discovery_factory_batch_runner/stage28a_exact_trades.csv,session_handoff_imbalance_v1,handoff_divergence_fade_h14_tp06_sl065,-1.0906750000000105,-2.14067500000001,-2.84067500000001,0,0,0,0,2.14067500000001,1.2699999999999818,6.9500000000000455,0.7381294964028886,5.480000000000018,0.3357664233576897,1.1800000000000637,2.063000000000011,0.152,1.0,,,14,0,9.0,2023
2023-09-19 14:00:00+00:00|-1.0|handoff_divergence_fade_h14_tp06_sl065,2023-09-19 14:00:00+00:00,STAGE28A,data/reports/stage28a_discovery_factory_batch_runner/stage28a_exact_trades.csv,session_handoff_imbalance_v1,handoff_divergence_fade_h14_tp06_sl065,-0.9954499999999824,-2.0454499999999824,-2.745449999999982,0,0,0,0,2.0454499999999824,11.730000000000018,2.8200000000001637,0.4893617021275892,5.589999999999918,0.5348837209302013,2.259999999999991,1.8170000000000073,0.052,-1.0,,,14,1,9.0,2023
2023-09-26 14:00:00+00:00|-1.0|handoff_divergence_fade_h14_tp06_sl065,2023-09-26 14:00:00+00:00,STAGE28A,data/reports/stage28a_discovery_factory_batch_runner/stage28a_exact_trades.csv,session_handoff_imbalance_v1,handoff_divergence_fade_h14_tp06_sl065,-1.2479750000000878,-2.297975000000088,-2.9979750000000878,0,0,0,0,2.297975000000088,12.0,3.730000000000018,0.7774798927613538,5.860000000000127,0.10238907849831456,2.119999999999891,1.8790000000000078,0.032,-1.0,,,14,1,9.0,2023
2023-09-29 14:00:00+00:00|-1.0|handoff_divergence_fade_h14_tp06_sl065,2023-09-29 14:00:00+00:00,STAGE28A,data/reports/stage28a_discovery_factory_batch_runner/stage28a_exact_trades.csv,session_handoff_imbalance_v1,handoff_divergence_fade_h14_tp06_sl065,-1.3067999999999302,-2.35679999999993,-3.05679999999993,0,0,0,0,2.35679999999993,21.920000000000073,4.319999999999936,0.23379629629635026,10.939999999999827,0.9396709323583304,1.2899999999999636,3.1699999999999933,0.744,-1.0,,,14,4,9.0,2023
2023-10-03 14:00:00+00:00|-1.0|handoff_divergence_fade_h14_tp06_sl065,2023-10-03 14:00:00+00:00,STAGE28A,data/reports/stage28a_discovery_factory_batch_runner/stage28a_exact_trades.csv,session_handoff_imbalance_v1,handoff_divergence_fade_h14_tp06_sl065,-1.6698250000000372,-2.719825000000037,-3.4198250000000368,0,0,0,0,2.719825000000037,21.720000000000027,14.25,0.5361403508772,11.009999999999991,0.5376930063578635,2.380000000000109,3.9970000000000367,0.82,-1.0,,,14,1,10.0,2023
2023-10-04 14:00:00+00:00|-1.0|handoff_divergence_fade_h14_tp06_sl065,2023-10-04 14:00:00+00:00,STAGE28A,data/reports/stage28a_discovery_factory_batch_runner/stage28a_exact_trades.csv,session_handoff_imbalance_v1,handoff_divergence_fade_h14_tp06_sl065,0.7939000000000306,-0.2560999999999693,-0.9560999999999692,0,0,0,0,0.2560999999999693,18.170000000000073,5.2999999999999545,0.34905660377361364,7.849999999999909,0.1770700636942823,2.1399999999998727,3.3530000000000086,0.504,-1.0,,,14,2,10.0,2023
2023-10-05 14:00:00+00:00|1.0|handoff_divergence_fade_h14_tp06_sl065,2023-10-05 14:00:00+00:00,STAGE28A,data/reports/stage28a_discovery_factory_batch_runner/stage28a_exact_trades.csv,session_handoff_imbalance_v1,handoff_divergence_fade_h14_tp06_sl065,0.4951000000000022,-0.5548999999999977,-1.2548999999999977,0,0,0,0,0.5548999999999977,13.930000000000064,7.940000000000055,0.7607052896725629,9.490000000000009,0.6649104320337134,3.2899999999999636,3.199000000000024,0.408,1.0,,,14,3,10.0,2023
2023-10-06 14:00:00+00:00|1.0|handoff_divergence_fade_h14_tp06_sl065,2023-10-06 14:00:00+00:00,STAGE28A,data/reports/stage28a_discovery_factory_batch_runner/stage28a_exact_trades.csv,session_handoff_imbalance_v1,handoff_divergence_fade_h14_tp06_sl065,-1.3110250000000634,-2.361025000000063,-3.061025000000063,0,0,0,0,2.361025000000063,16.13000000000011,4.75,0.5810526315789455,5.929999999999836,0.5801011804384738,4.600000000000136,2.5315000000000167,0.188,1.0,,,14,4,10.0,2023
2023-10-09 14:00:00+00:00|1.0|handoff_divergence_fade_h14_tp06_sl065,2023-10-09 14:00:00+00:00,STAGE28A,data/reports/stage28a_discovery_factory_batch_runner/stage28a_exact_trades.csv,session_handoff_imbalance_v1,handoff_divergence_fade_h14_tp06_sl065,-1.332150000000047,-2.382150000000047,-3.0821500000000466,0,0,0,0,2.382150000000047,9.849999999999909,9.849999999999909,0.15532994923857735,6.470000000000027,0.006182380216377658,2.1599999999998545,4.607500000000004,0.836,1.0,,,14,0,10.0,2023
2023-10-10 14:00:00+00:00|1.0|handoff_divergence_fade_h14_tp06_sl065,2023-10-10 14:00:00+00:00,STAGE28A,data/reports/stage28a_discovery_factory_batch_runner/stage28a_exact_trades.csv,session_handoff_imbalance_v1,handoff_divergence_fade_h14_tp06_sl065,0.7197999999999866,-0.3302000000000133,-1.030200000000013,0,0,0,0,0.3302000000000133,19.25999999999999,5.050000000000182,0.20792079207919142,7.339999999999918,0.5640326975477038,2.019999999999982,3.0669999999999957,0.204,1.0,,,14,1,10.0,2023
2023-10-17 14:00:00+00:00|-1.0|handoff_divergence_fade_h14_tp06_sl065,2023-10-17 14:00:00+00:00,STAGE28A,data/reports/stage28a_discovery_factory_batch_runner/stage28a_exact_trades.csv,session_handoff_imbalance_v1,handoff_divergence_fade_h14_tp06_sl065,-1.5840249999999745,-2.634024999999974,-3.334024999999974,0,0,0,0,2.634024999999974,22.09999999999991,9.3599999999999,0.22435897435899133,9.639999999999873,0.6390041493775868,3.959999999999809,3.039499999999964,0.132,-1.0,,,14,1,10.0,2023
2023-10-19 14:00:00+00:00|-1.0|handoff_divergence_fade_h14_tp06_sl065,2023-10-19 14:00:00+00:00,STAGE28A,data/reports/stage28a_discovery_factory_batch_runner/stage28a_exact_trades.csv,session_handoff_imbalance_v1,handoff_divergence_fade_h14_tp06_sl065,0.9273999999999432,-0.1226000000000566,-0.8226000000000564,0,0,0,0,0.1226000000000566,39.38999999999987,8.089999999999918,0.41532756489492384,9.13000000000011,0.4841182913472092,2.4400000000000546,4.312000000000023,0.676,-1.0,,,14,3,10.0,2023
2023-10-23 14:00:00+00:00|-1.0|handoff_divergence_fade_h14_tp06_sl065,2023-10-23 14:00:00+00:00,STAGE28A,data/reports/stage28a_discovery_factory_batch_runner/stage28a_exact_trades.csv,session_handoff_imbalance_v1,handoff_divergence_fade_h14_tp06_sl065,0.8881000000000313,-0.1618999999999686,-0.8618999999999684,0,0,0,0,0.1618999999999686,16.730000000000018,16.730000000000018,0.16198445905559075,10.169999999999845,0.40019665683384714,3.240000000000009,6.733499999999992,0.952,-1.0,,,14,0,10.0,2023
2023-10-24 14:00:00+00:00|1.0|handoff_divergence_fade_h14_tp06_sl065,2023-10-24 14:00:00+00:00,STAGE28A,data/reports/stage28a_discovery_factory_batch_runner/stage28a_exact_trades.csv,session_handoff_imbalance_v1,handoff_divergence_fade_h14_tp06_sl065,1.279599999999982,0.2295999999999822,-0.4704000000000174,1,0,1,0,0.2295999999999822,21.069999999999936,9.460000000000036,0.40697674418603536,14.259999999999991,0.7180925666199169,6.460000000000036,4.0580000000000265,0.436,1.0,,,14,1,10.0,2023
2023-10-25 14:00:00+00:00|1.0|handoff_divergence_fade_h14_tp06_sl065,2023-10-25 14:00:00+00:00,STAGE28A,data/reports/stage28a_discovery_factory_batch_runner/stage28a_exact_trades.csv,session_handoff_imbalance_v1,handoff_divergence_fade_h14_tp06_sl065,-1.742949999999928,-2.792949999999928,-3.492949999999928,0,0,0,0,2.792949999999928,27.230000000000018,7.0900000000001455,0.3808180535966135,7.660000000000082,0.4856396866840715,4.539999999999964,3.9265000000000327,0.296,1.0,,,14,2,10.0,2023
2023-10-27 14:00:00+00:00|1.0|handoff_divergence_fade_h14_tp06_sl065,2023-10-27 14:00:00+00:00,STAGE28A,data/reports/stage28a_discovery_factory_batch_runner/stage28a_exact_trades.csv,session_handoff_imbalance_v1,handoff_divergence_fade_h14_tp06_sl065,0.7441000000000259,-0.3058999999999741,-1.0058999999999738,0,0,0,0,0.3058999999999741,21.6400000000001,5.900000000000091,0.44406779661014417,4.7000000000000455,0.42340425531914677,5.5300000000002,3.3100000000000023,0.06,1.0,,,14,4,10.0,2023
2023-10-31 14:00:00+00:00|-1.0|handoff_divergence_fade_h14_tp06_sl065,2023-10-31 14:00:00+00:00,STAGE28A,data/reports/stage28a_discovery_factory_batch_runner/stage28a_exact_trades.csv,session_handoff_imbalance_v1,handoff_divergence_fade_h14_tp06_sl065,-1.4394000000000688,-2.4894000000000687,-3.1894000000000684,0,0,0,0,2.4894000000000687,15.75,6.7000000000000455,0.38656716417908965,7.740000000000009,0.9470284237725993,2.730000000000018,2.8055000000000065,0.004,-1.0,,,14,1,10.0,2023
2023-11-01 14:00:00+00:00|-1.0|handoff_divergence_fade_h14_tp06_sl065,2023-11-01 14:00:00+00:00,STAGE28A,data/reports/stage28a_discovery_factory_batch_runner/stage28a_exact_trades.csv,session_handoff_imbalance_v1,handoff_divergence_fade_h14_tp06_sl065,-1.525525000000107,-2.575525000000107,-3.2755250000001066,0,0,0,0,2.575525000000107,29.070000000000164,10.86999999999989,0.525298988040487,7.8599999999999,0.7175572519084188,2.800000000000182,3.6795000000000413,0.076,-1.0,,,14,2,11.0,2023
2023-11-06 14:00:00+00:00|-1.0|handoff_divergence_fade_h14_tp06_sl065,2023-11-06 14:00:00+00:00,STAGE28A,data/reports/stage28a_discovery_factory_batch_runner/stage28a_exact_trades.csv,session_handoff_imbalance_v1,handoff_divergence_fade_h14_tp06_sl065,-1.3184999999999492,-2.368499999999949,-3.0684999999999487,0,0,0,0,2.368499999999949,5.789999999999964,11.179999999999836,0.42397137745975655,6.1099999999999,0.5908346972176692,1.3600000000001273,3.577499999999975,0.156,-1.0,,,14,0,11.0,2023
2023-11-13 14:00:00+00:00|-1.0|handoff_divergence_fade_h14_tp06_sl065,2023-11-13 14:00:00+00:00,STAGE28A,data/reports/stage28a_discovery_factory_batch_runner/stage28a_exact_trades.csv,session_handoff_imbalance_v1,handoff_divergence_fade_h14_tp06_sl065,-1.5508749999999965,-2.6008749999999963,-3.300874999999996,0,0,0,0,2.6008749999999963,23.48999999999978,24.25999999999999,0.19167353668589718,5.509999999999991,0.6950998185117847,2.519999999999982,5.017999999999984,0.884,-1.0,,,14,0,11.0,2023
2023-11-14 14:00:00+00:00|-1.0|handoff_divergence_fade_h14_tp06_sl065,2023-11-14 14:00:00+00:00,STAGE28A,data/reports/stage28a_discovery_factory_batch_runner/stage28a_exact_trades.csv,session_handoff_imbalance_v1,handoff_divergence_fade_h14_tp06_sl065,-1.1329249999999775,-2.1829249999999774,-2.882924999999977,0,0,0,0,2.1829249999999774,31.539999999999964,4.509999999999991,0.38802660753880347,4.4500000000000455,0.4898876404493964,2.019999999999982,2.3120000000000234,0.004,-1.0,,,14,1,11.0,2023
2023-11-20 14:00:00+00:00|1.0|handoff_divergence_fade_h14_tp06_sl065,2023-11-20 14:00:00+00:00,STAGE28A,data/reports/stage28a_discovery_factory_batch_runner/stage28a_exact_trades.csv,session_handoff_imbalance_v1,handoff_divergence_fade_h14_tp06_sl065,0.7729000000000724,-0.2770999999999275,-0.9770999999999272,0,0,0,0,0.2770999999999275,4.460000000000036,11.800000000000182,0.5805084745762545,8.240000000000009,0.6638349514563132,4.009999999999991,3.5240000000000236,0.316,1.0,,,14,0,11.0,2023
2023-11-21 14:00:00+00:00|1.0|handoff_divergence_fade_h14_tp06_sl065,2023-11-21 14:00:00+00:00,STAGE28A,data/reports/stage28a_discovery_factory_batch_runner/stage28a_exact_trades.csv,session_handoff_imbalance_v1,handoff_divergence_fade_h14_tp06_sl065,0.8838999999999487,-0.1661000000000512,-0.8661000000000509,0,0,0,0,0.1661000000000512,19.700000000000045,17.019999999999982,0.6404230317273722,10.009999999999991,0.3466533466533497,2.8900000000001,4.069499999999982,0.752,1.0,,,14,1,11.0,2023
2023-11-23 14:00:00+00:00|1.0|handoff_divergence_fade_h14_tp06_sl065,2023-11-23 14:00:00+00:00,STAGE28A,data/reports/stage28a_discovery_factory_batch_runner/stage28a_exact_trades.csv,session_handoff_imbalance_v1,handoff_divergence_fade_h14_tp06_sl065,0.6012999999999465,-0.4487000000000534,-1.1487000000000531,0,0,0,0,0.4487000000000534,19.419999999999845,9.160000000000082,0.5262008733624586,6.319999999999936,0.2547468354430607,1.4500000000000455,3.0030000000000086,0.08,1.0,,,14,3,11.0,2023
2023-11-24 14:00:00+00:00|-1.0|handoff_divergence_fade_h14_tp06_sl065,2023-11-24 14:00:00+00:00,STAGE28A,data/reports/stage28a_discovery_factory_batch_runner/stage28a_exact_trades.csv,session_handoff_imbalance_v1,handoff_divergence_fade_h14_tp06_sl065,0.4239999999998872,-0.6260000000001127,-1.3260000000001124,0,0,0,0,0.6260000000001127,9.38000000000011,3.4400000000000546,0.11627906976740036,4.259999999999991,0.47652582159623874,1.5800000000001546,1.918000000000029,0.004,-1.0,,,14,4,11.0,2023
2023-11-28 14:00:00+00:00|-1.0|handoff_divergence_fade_h14_tp06_sl065,2023-11-28 14:00:00+00:00,STAGE28A,data/reports/stage28a_discovery_factory_batch_runner/stage28a_exact_trades.csv,session_handoff_imbalance_v1,handoff_divergence_fade_h14_tp06_sl065,0.4651000000000295,-0.5848999999999704,-1.2848999999999702,0,0,0,0,0.5848999999999704,17.639999999999873,4.9500000000000455,0.02626262626264807,4.529999999999973,0.09713024282556951,1.3099999999999454,2.776999999999987,0.196,-1.0,,,14,1,11.0,2023
2023-11-29 14:00:00+00:00|1.0|handoff_divergence_fade_h14_tp06_sl065,2023-11-29 14:00:00+00:00,STAGE28A,data/reports/stage28a_discovery_factory_batch_runner/stage28a_exact_trades.csv,session_handoff_imbalance_v1,handoff_divergence_fade_h14_tp06_sl065,0.7740999999999986,-0.2759000000000013,-0.9759000000000012,0,0,0,0,0.2759000000000013,32.87999999999988,11.659999999999854,0.15694682675814323,13.519999999999754,0.6531065088757462,2.8099999999999454,4.2999999999999545,0.876,1.0,,,14,2,11.0,2023
2023-12-06 14:00:00+00:00|1.0|handoff_divergence_fade_h14_tp06_sl065,2023-12-06 14:00:00+00:00,STAGE28A,data/reports/stage28a_discovery_factory_batch_runner/stage28a_exact_trades.csv,session_handoff_imbalance_v1,handoff_divergence_fade_h14_tp06_sl065,1.2507999999999355,0.2007999999999357,-0.499200000000064,1,0,1,0,0.2007999999999357,31.279999999999973,6.980000000000018,0.43696275071632473,15.710000000000036,0.05919796308084414,2.990000000000009,4.354999999999995,0.656,1.0,,,14,2,12.0,2023
2023-12-07 14:00:00+00:00|-1.0|handoff_divergence_fade_h14_tp06_sl065,2023-12-07 14:00:00+00:00,STAGE28A,data/reports/stage28a_discovery_factory_batch_runner/stage28a_exact_trades.csv,session_handoff_imbalance_v1,handoff_divergence_fade_h14_tp06_sl065,-1.657800000000043,-2.707800000000043,-3.4078000000000426,0,0,0,0,2.707800000000043,18.700000000000045,4.740000000000009,0.21940928270041385,9.889999999999873,0.765419615773512,4.870000000000118,3.493999999999994,0.244,-1.0,,,14,3,12.0,2023
2023-12-08 14:00:00+00:00|1.0|handoff_divergence_fade_h14_tp06_sl065,2023-12-08 14:00:00+00:00,STAGE28A,data/reports/stage28a_discovery_factory_batch_runner/stage28a_exact_trades.csv,session_handoff_imbalance_v1,handoff_divergence_fade_h14_tp06_sl065,-1.6490250000000288,-2.6990250000000287,-3.3990250000000284,0,0,0,0,2.6990250000000287,19.700000000000045,7.100000000000136,0.48309859154929546,5.870000000000118,0.2913117546848385,2.1700000000000728,3.6079999999999925,0.22,1.0,,,14,4,12.0,2023
2023-12-13 14:00:00+00:00|-1.0|handoff_divergence_fade_h14_tp06_sl065,2023-12-13 14:00:00+00:00,STAGE28A,data/reports/stage28a_discovery_factory_batch_runner/stage28a_exact_trades.csv,session_handoff_imbalance_v1,handoff_divergence_fade_h14_tp06_sl065,-1.3770000000000435,-2.427000000000044,-3.1270000000000437,0,0,0,0,2.427000000000044,19.50999999999999,5.1099999999999,0.8297455968689026,10.309999999999945,0.48205625606208086,1.3899999999998727,2.896499999999969,0.004,-1.0,,,14,2,12.0,2023
2023-12-14 14:00:00+00:00|-1.0|handoff_divergence_fade_h14_tp06_sl065,2023-12-14 14:00:00+00:00,STAGE28A,data/reports/stage28a_discovery_factory_batch_runner/stage28a_exact_trades.csv,session_handoff_imbalance_v1,handoff_divergence_fade_h14_tp06_sl065,-2.0247250000000805,-3.0747250000000803,-3.77472500000008,0,0,0,1,3.0747250000000803,60.16000000000008,14.930000000000064,0.10783657066308729,11.049999999999955,0.25610859728506236,2.130000000000109,7.142500000000007,0.84,-1.0,,,14,3,12.0,2023
2023-12-18 14:00:00+00:00|1.0|handoff_divergence_fade_h14_tp06_sl065,2023-12-18 14:00:00+00:00,STAGE28A,data/reports/stage28a_discovery_factory_batch_runner/stage28a_exact_trades.csv,session_handoff_imbalance_v1,handoff_divergence_fade_h14_tp06_sl065,0.8710000000000037,-0.1789999999999962,-0.878999999999996,0,0,0,0,0.1789999999999962,4.940000000000055,8.149999999999864,0.6920245398772966,8.159999999999854,0.45833333333334264,3.790000000000191,4.294499999999994,0.28,1.0,,,14,0,12.0,2023
2023-12-19 14:00:00+00:00|-1.0|handoff_divergence_fade_h14_tp06_sl065,2023-12-19 14:00:00+00:00,STAGE28A,data/reports/stage28a_discovery_factory_batch_runner/stage28a_exact_trades.csv,session_handoff_imbalance_v1,handoff_divergence_fade_h14_tp06_sl065,0.4942000000000007,-0.5557999999999992,-1.255799999999999,0,0,0,0,0.5557999999999992,17.769999999999982,7.649999999999864,0.4575163398692892,6.039999999999964,0.2533112582781427,1.8199999999999363,3.41400000000001,0.048,-1.0,,,14,1,12.0,2023
2023-12-21 14:00:00+00:00|1.0|handoff_divergence_fade_h14_tp06_sl065,2023-12-21 14:00:00+00:00,STAGE28A,data/reports/stage28a_discovery_factory_batch_runner/stage28a_exact_trades.csv,session_handoff_imbalance_v1,handoff_divergence_fade_h14_tp06_sl065,0.4353999999999814,-0.6146000000000185,-1.3146000000000182,0,0,0,0,0.6146000000000185,15.990000000000009,6.440000000000055,0.6413043478260632,5.120000000000118,0.4316406249999971,1.4799999999997908,2.9144999999999754,0.028,1.0,,,14,3,12.0,2023
2023-12-22 14:00:00+00:00|-1.0|handoff_divergence_fade_h14_tp06_sl065,2023-12-22 14:00:00+00:00,STAGE28A,data/reports/stage28a_discovery_factory_batch_runner/stage28a_exact_trades.csv,session_handoff_imbalance_v1,handoff_divergence_fade_h14_tp06_sl065,0.7987000000001899,-0.25129999999981,-0.9512999999998096,0,0,0,0,0.25129999999981,21.38000000000011,8.6099999999999,0.3716608594657207,10.230000000000018,0.6021505376344377,7.75,4.130499999999972,0.476,-1.0,,,14,4,12.0,2023
2023-12-26 14:00:00+00:00|1.0|handoff_divergence_fade_h14_tp06_sl065,2023-12-26 14:00:00+00:00,STAGE28A,data/reports/stage28a_discovery_factory_batch_runner/stage28a_exact_trades.csv,session_handoff_imbalance_v1,handoff_divergence_fade_h14_tp06_sl065,0.2944000000001324,-0.7555999999998675,-1.4555999999998672,0,0,0,0,0.7555999999998675,4.400000000000091,11.75,0.775319148936181,4.380000000000109,0.0410958904109205,1.2100000000000364,2.953999999999996,0.04,1.0,,,14,1,12.0,2023
2023-12-27 14:00:00+00:00|-1.0|handoff_divergence_fade_h14_tp06_sl065,2023-12-27 14:00:00+00:00,STAGE28A,data/reports/stage28a_discovery_factory_batch_runner/stage28a_exact_trades.csv,session_handoff_imbalance_v1,handoff_divergence_fade_h14_tp06_sl065,-1.3415750000000115,-2.391575000000012,-3.0915750000000117,0,0,0,0,2.391575000000012,15.650000000000091,4.559999999999945,0.07894736842108149,7.7199999999998,0.1411917098445821,4.230000000000018,3.075999999999999,0.072,-1.0,,,14,2,12.0,2023
2023-12-28 14:00:00+00:00|1.0|handoff_divergence_fade_h14_tp06_sl065,2023-12-28 14:00:00+00:00,STAGE28A,data/reports/stage28a_discovery_factory_batch_runner/stage28a_exact_trades.csv,session_handoff_imbalance_v1,handoff_divergence_fade_h14_tp06_sl065,1.2229000000001178,0.1729000000001179,-0.5270999999998818,1,0,1,0,0.1729000000001179,22.899999999999636,11.019999999999982,0.6379310344827779,14.870000000000346,0.6348352387356984,3.4299999999998363,3.8290000000000193,0.404,1.0,,,14,3,12.0,2023
2023-12-29 14:00:00+00:00|1.0|handoff_divergence_fade_h14_tp06_sl065,2023-12-29 14:00:00+00:00,STAGE28A,data/reports/stage28a_discovery_factory_batch_runner/stage28a_exact_trades.csv,session_handoff_imbalance_v1,handoff_divergence_fade_h14_tp06_sl065,0.7867000000000189,-0.263299999999981,-0.9632999999999808,0,0,0,0,0.263299999999981,23.909999999999854,5.570000000000164,0.5727109515259436,12.900000000000091,0.4031007751937815,3.549999999999727,3.2714999999999463,0.152,1.0,,,14,4,12.0,2023
2024-01-03 14:00:00+00:00|1.0|handoff_divergence_fade_h14_tp06_sl065,2024-01-03 14:00:00+00:00,STAGE28A,data/reports/stage28a_discovery_factory_batch_runner/stage28a_exact_trades.csv,session_handoff_imbalance_v1,handoff_divergence_fade_h14_tp06_sl065,1.2660999999999605,0.2160999999999604,-0.4839000000000393,1,0,1,0,0.2160999999999604,22.88000000000011,7.050000000000182,0.7333333333333247,13.200000000000273,0.7446969696969488,9.110000000000127,3.75150000000001,0.344,1.0,,,14,2,1.0,2024
2024-01-04 14:00:00+00:00|-1.0|handoff_divergence_fade_h14_tp06_sl065,2024-01-04 14:00:00+00:00,STAGE28A,data/reports/stage28a_discovery_factory_batch_runner/stage28a_exact_trades.csv,session_handoff_imbalance_v1,handoff_divergence_fade_h14_tp06_sl065,0.9318999999999504,-0.1181000000000493,-0.8181000000000491,0,0,0,0,0.1181000000000493,35.47000000000003,6.850000000000136,0.0029197080291943666,8.8299999999997,0.578708946772401,3.480000000000018,3.6149999999999864,0.26,-1.0,,,14,3,1.0,2024
2024-01-05 14:00:00+00:00|1.0|handoff_divergence_fade_h14_tp06_sl065,2024-01-05 14:00:00+00:00,STAGE28A,data/reports/stage28a_discovery_factory_batch_runner/stage28a_exact_trades.csv,session_handoff_imbalance_v1,handoff_divergence_fade_h14_tp06_sl065,-1.462474999999904,-2.512474999999904,-3.212474999999904,0,0,0,0,2.512474999999904,14.779999999999745,5.630000000000109,0.05150976909413108,9.599999999999909,0.47187500000000165,3.209999999999809,2.768999999999983,0.012,1.0,,,14,4,1.0,2024
2024-01-10 14:00:00+00:00|-1.0|handoff_divergence_fade_h14_tp06_sl065,2024-01-10 14:00:00+00:00,STAGE28A,data/reports/stage28a_discovery_factory_batch_runner/stage28a_exact_trades.csv,session_handoff_imbalance_v1,handoff_divergence_fade_h14_tp06_sl065,0.893199999999888,-0.1568000000001119,-0.8568000000001117,0,0,0,0,0.1568000000001119,15.940000000000055,5.619999999999891,0.18149466192170846,16.539999999999964,0.30290205562273287,2.5599999999999454,3.5490000000000124,0.192,-1.0,,,14,2,1.0,2024
2024-01-11 14:00:00+00:00|1.0|handoff_divergence_fade_h14_tp06_sl065,2024-01-11 14:00:00+00:00,STAGE28A,data/reports/stage28a_discovery_factory_batch_runner/stage28a_exact_trades.csv,session_handoff_imbalance_v1,handoff_divergence_fade_h14_tp06_sl065,0.5818000000000666,-0.4681999999999333,-1.168199999999933,0,0,0,0,0.4681999999999333,20.089999999999918,7.5,0.7093333333333248,5.479999999999791,0.03832116788321978,3.060000000000173,2.8924999999999725,0.012,1.0,,,14,3,1.0,2024
2024-01-12 14:00:00+00:00|-1.0|handoff_divergence_fade_h14_tp06_sl065,2024-01-12 14:00:00+00:00,STAGE28A,data/reports/stage28a_discovery_factory_batch_runner/stage28a_exact_trades.csv,session_handoff_imbalance_v1,handoff_divergence_fade_h14_tp06_sl065,1.0929999999997562,0.0429999999997563,-0.6570000000002434,1,0,0,0,0.0429999999997563,26.470000000000027,6.9500000000000455,0.08345323741006093,12.599999999999909,0.8976190476190498,3.1599999999998545,4.844499999999994,0.704,-1.0,,,14,4,1.0,2024
2024-01-18 14:00:00+00:00|-1.0|handoff_divergence_fade_h14_tp06_sl065,2024-01-18 14:00:00+00:00,STAGE28A,data/reports/stage28a_discovery_factory_batch_runner/stage28a_exact_trades.csv,session_handoff_imbalance_v1,handoff_divergence_fade_h14_tp06_sl065,0.8290000000000873,-0.2209999999999126,-0.9209999999999124,0,0,0,0,0.2209999999999126,31.1400000000001,5.559999999999945,0.28057553956833825,8.209999999999809,0.4214372716199622,2.6900000000000546,3.3585000000000265,0.152,-1.0,,,14,3,1.0,2024
2024-01-19 14:00:00+00:00|-1.0|handoff_divergence_fade_h14_tp06_sl065,2024-01-19 14:00:00+00:00,STAGE28A,data/reports/stage28a_discovery_factory_batch_runner/stage28a_exact_trades.csv,session_handoff_imbalance_v1,handoff_divergence_fade_h14_tp06_sl065,0.6778000000000702,-0.3721999999999297,-1.0721999999999294,0,0,0,0,0.3721999999999297,18.389999999999873,4.880000000000109,0.594262295081926,10.550000000000182,0.8890995260663241,3.1900000000000546,3.0110000000000126,0.08,-1.0,,,14,4,1.0,2024
2024-01-24 14:00:00+00:00|-1.0|handoff_divergence_fade_h14_tp06_sl065,2024-01-24 14:00:00+00:00,STAGE28A,data/reports/stage28a_discovery_factory_batch_runner/stage28a_exact_trades.csv,session_handoff_imbalance_v1,handoff_divergence_fade_h14_tp06_sl065,-1.7491249999999128,-2.7991249999999126,-3.4991249999999123,0,0,0,0,2.7991249999999126,18.340000000000146,5.8599999999999,0.8447098976109437,11.279999999999973,0.7402482269503483,3.4200000000000728,3.2504999999999997,0.14,-1.0,,,14,2,1.0,2024
2024-01-25 14:00:00+00:00|-1.0|handoff_divergence_fade_h14_tp06_sl065,2024-01-25 14:00:00+00:00,STAGE28A,data/reports/stage28a_discovery_factory_batch_runner/stage28a_exact_trades.csv,session_handoff_imbalance_v1,handoff_divergence_fade_h14_tp06_sl065,-1.461175000000003,-2.511175000000003,-3.2111750000000026,0,0,0,0,2.511175000000003,25.52000000000021,3.400000000000091,0.18823529411767145,7.019999999999982,0.5270655270655349,3.0599999999999454,3.098000000000013,0.104,-1.0,,,14,3,1.0,2024
2024-01-26 14:00:00+00:00|1.0|handoff_divergence_fade_h14_tp06_sl065,2024-01-26 14:00:00+00:00,STAGE28A,data/reports/stage28a_discovery_factory_batch_runner/stage28a_exact_trades.csv,session_handoff_imbalance_v1,handoff_divergence_fade_h14_tp06_sl065,-1.3841499999999545,-2.434149999999954,-3.134149999999954,0,0,0,0,2.434149999999954,15.400000000000091,4.779999999999973,0.10460251046025164,5.669999999999845,0.41975308641978376,2.270000000000209,3.018499999999972,0.068,1.0,,,14,4,1.0,2024
2024-01-31 14:00:00+00:00|-1.0|handoff_divergence_fade_h14_tp06_sl065,2024-01-31 14:00:00+00:00,STAGE28A,data/reports/stage28a_discovery_factory_batch_runner/stage28a_exact_trades.csv,session_handoff_imbalance_v1,handoff_divergence_fade_h14_tp06_sl065,0.5032000000000153,-0.5467999999999846,-1.2467999999999844,0,0,0,0,0.5467999999999846,19.54000000000019,5.800000000000182,0.32931034482759,7.150000000000091,0.3356643356643441,2.0700000000001637,2.53100000000004,0.004,-1.0,,,14,2,1.0,2024
2024-02-01 14:00:00+00:00|1.0|handoff_divergence_fade_h14_tp06_sl065,2024-02-01 14:00:00+00:00,STAGE28A,data/reports/stage28a_discovery_factory_batch_runner/stage28a_exact_trades.csv,session_handoff_imbalance_v1,handoff_divergence_fade_h14_tp06_sl065,-1.9295000000000528,-2.9795000000000527,-3.679500000000053,0,0,0,0,2.9795000000000527,25.1400000000001,10.269999999999754,0.559883154819877,15.329999999999927,0.8962818003913943,4.440000000000055,4.853499999999963,0.944,1.0,,,14,3,2.0,2024
2024-02-02 14:00:00+00:00|1.0|handoff_divergence_fade_h14_tp06_sl065,2024-02-02 14:00:00+00:00,STAGE28A,data/reports/stage28a_discovery_factory_batch_runner/stage28a_exact_trades.csv,session_handoff_imbalance_v1,handoff_divergence_fade_h14_tp06_sl065,-1.321100000000206,-2.371100000000206,-3.0711000000002056,0,0,0,0,2.371100000000206,35.590000000000146,4.920000000000073,0.052845528455235706,4.200000000000273,0.10000000000001083,2.4400000000000546,3.6259999999999764,0.264,1.0,,,14,4,2.0,2024
2024-02-06 14:00:00+00:00|1.0|handoff_divergence_fade_h14_tp06_sl065,2024-02-06 14:00:00+00:00,STAGE28A,data/reports/stage28a_discovery_factory_batch_runner/stage28a_exact_trades.csv,session_handoff_imbalance_v1,handoff_divergence_fade_h14_tp06_sl065,-1.4026749999999084,-2.452674999999908,-3.152674999999908,0,0,0,0,2.452674999999908,27.329999999999927,5.100000000000136,0.24705882352940337,6.990000000000009,0.34477825464947803,4.6099999999999,2.8900000000000206,0.02,1.0,,,14,1,2.0,2024
2024-02-08 14:00:00+00:00|-1.0|handoff_divergence_fade_h14_tp06_sl065,2024-02-08 14:00:00+00:00,STAGE28A,data/reports/stage28a_discovery_factory_batch_runner/stage28a_exact_trades.csv,session_handoff_imbalance_v1,handoff_divergence_fade_h14_tp06_sl065,0.9442000000000462,-0.1057999999999537,-0.8057999999999534,0,0,0,0,0.1057999999999537,13.970000000000027,7.0,0.6028571428571468,9.599999999999909,0.41041666666665255,8.440000000000055,3.101499999999999,0.112,-1.0,,,14,3,2.0,2024
2024-02-14 14:00:00+00:00|1.0|handoff_divergence_fade_h14_tp06_sl065,2024-02-14 14:00:00+00:00,STAGE28A,data/reports/stage28a_discovery_factory_batch_runner/stage28a_exact_trades.csv,session_handoff_imbalance_v1,handoff_divergence_fade_h14_tp06_sl065,0.7398999999999433,-0.3101000000000566,-1.0101000000000564,0,0,0,0,0.3101000000000566,39.86999999999989,4.75,0.19578947368422392,7.1400000000001,0.06162464985991891,2.6699999999998454,2.7494999999999776,0.096,1.0,,,14,2,2.0,2024
2024-02-15 14:00:00+00:00|-1.0|handoff_divergence_fade_h14_tp06_sl065,2024-02-15 14:00:00+00:00,STAGE28A,data/reports/stage28a_discovery_factory_batch_runner/stage28a_exact_trades.csv,session_handoff_imbalance_v1,handoff_divergence_fade_h14_tp06_sl065,0.3745000000000346,-0.6754999999999654,-1.375499999999965,0,0,0,0,0.6754999999999654,11.839999999999918,4.119999999999891,0.41262135922332294,6.5,0.6123076923076951,2.2899999999999636,2.5559999999999716,0.06,-1.0,,,14,3,2.0,2024
2024-02-21 14:00:00+00:00|1.0|handoff_divergence_fade_h14_tp06_sl065,2024-02-21 14:00:00+00:00,STAGE28A,data/reports/stage28a_discovery_factory_batch_runner/stage28a_exact_trades.csv,session_handoff_imbalance_v1,handoff_divergence_fade_h14_tp06_sl065,-1.1546999999999117,-2.2046999999999115,-2.9046999999999112,0,0,0,0,2.2046999999999115,15.829999999999927,8.420000000000073,0.8016627078384729,6.25,0.15520000000000436,2.599999999999909,2.255000000000018,0.088,1.0,,,14,2,2.0,2024
2024-02-23 14:00:00+00:00|1.0|handoff_divergence_fade_h14_tp06_sl065,2024-02-23 14:00:00+00:00,STAGE28A,data/reports/stage28a_discovery_factory_batch_runner/stage28a_exact_trades.csv,session_handoff_imbalance_v1,handoff_divergence_fade_h14_tp06_sl065,0.5899000000000797,-0.4600999999999202,-1.16009999999992,0,0,0,0,0.4600999999999202,15.36999999999989,4.559999999999945,0.2763157894736855,10.110000000000127,0.2908011869435994,1.8500000000001364,3.1380000000000337,0.612,1.0,,,14,4,2.0,2024
2024-02-26 14:00:00+00:00|-1.0|handoff_divergence_fade_h14_tp06_sl065,2024-02-26 14:00:00+00:00,STAGE28A,data/reports/stage28a_discovery_factory_batch_runner/stage28a_exact_trades.csv,session_handoff_imbalance_v1,handoff_divergence_fade_h14_tp06_sl065,-1.3796000000000732,-2.429600000000073,-3.1296000000000728,0,0,0,0,2.429600000000073,2.7999999999999545,5.069999999999936,0.36489151873765924,5.349999999999909,0.007476635514012018,2.150000000000091,2.711999999999955,0.268,-1.0,,,14,0,2.0,2024
2024-02-28 14:00:00+00:00|1.0|handoff_divergence_fade_h14_tp06_sl065,2024-02-28 14:00:00+00:00,STAGE28A,data/reports/stage28a_discovery_factory_batch_runner/stage28a_exact_trades.csv,session_handoff_imbalance_v1,handoff_divergence_fade_h14_tp06_sl065,-1.1462500000001,-2.1962500000001,-2.8962500000001,0,0,0,0,2.1962500000001,10.730000000000018,4.599999999999909,0.01956521739133637,7.720000000000027,0.3873056994818651,1.1300000000001091,2.3359999999999785,0.116,1.0,,,14,2,2.0,2024
2024-02-29 14:00:00+00:00|1.0|handoff_divergence_fade_h14_tp06_sl065,2024-02-29 14:00:00+00:00,STAGE28A,data/reports/stage28a_discovery_factory_batch_runner/stage28a_exact_trades.csv,session_handoff_imbalance_v1,handoff_divergence_fade_h14_tp06_sl065,0.4536999999999352,-0.5963000000000647,-1.2963000000000644,0,0,0,0,0.5963000000000647,13.420000000000073,3.1299999999998818,0.1629392971246039,7.2999999999999545,0.5931506849315318,2.910000000000082,2.187499999999966,0.064,1.0,,,14,3,2.0,2024
2024-03-04 14:00:00+00:00|-1.0|handoff_divergence_fade_h14_tp06_sl065,2024-03-04 14:00:00+00:00,STAGE28A,data/reports/stage28a_discovery_factory_batch_runner/stage28a_exact_trades.csv,session_handoff_imbalance_v1,handoff_divergence_fade_h14_tp06_sl065,-1.348399999999947,-2.398399999999947,-3.0983999999999465,0,0,0,0,2.398399999999947,4.239999999999782,6.610000000000127,0.4175491679274077,7.710000000000036,0.41115434500649256,2.769999999999982,3.0870000000000117,0.612,-1.0,,,14,0,3.0,2024
2024-03-06 14:00:00+00:00|-1.0|handoff_divergence_fade_h14_tp06_sl065,2024-03-06 14:00:00+00:00,STAGE28A,data/reports/stage28a_discovery_factory_batch_runner/stage28a_exact_trades.csv,session_handoff_imbalance_v1,handoff_divergence_fade_h14_tp06_sl065,-1.813799999999992,-2.863799999999992,-3.563799999999992,0,0,0,0,2.863799999999992,31.329999999999927,4.799999999999727,0.38333333333338543,7.150000000000091,0.07412587412590117,6.970000000000255,3.491999999999939,0.676,-1.0,,,14,2,3.0,2024
2024-03-07 14:00:00+00:00|1.0|handoff_divergence_fade_h14_tp06_sl065,2024-03-07 14:00:00+00:00,STAGE28A,data/reports/stage28a_discovery_factory_batch_runner/stage28a_exact_trades.csv,session_handoff_imbalance_v1,handoff_divergence_fade_h14_tp06_sl065,-1.7734999999998764,-2.823499999999876,-3.523499999999876,0,0,0,0,2.823499999999876,28.549999999999727,17.11999999999989,0.6407710280374022,8.299999999999727,0.07108433734936268,4.420000000000073,5.361999999999966,0.824,1.0,,,14,3,3.0,2024
2024-03-08 14:00:00+00:00|-1.0|handoff_divergence_fade_h14_tp06_sl065,2024-03-08 14:00:00+00:00,STAGE28A,data/reports/stage28a_discovery_factory_batch_runner/stage28a_exact_trades.csv,session_handoff_imbalance_v1,handoff_divergence_fade_h14_tp06_sl065,-1.8992749999998524,-2.949274999999852,-3.649274999999852,0,0,0,0,2.949274999999852,20.460000000000036,9.510000000000218,0.4437434279705739,14.920000000000073,0.724530831099219,3.3799999999996544,4.175000000000045,0.584,-1.0,,,14,4,3.0,2024
2024-03-11 14:00:00+00:00|1.0|handoff_divergence_fade_h14_tp06_sl065,2024-03-11 14:00:00+00:00,STAGE28A,data/reports/stage28a_discovery_factory_batch_runner/stage28a_exact_trades.csv,session_handoff_imbalance_v1,handoff_divergence_fade_h14_tp06_sl065,-1.785199999999895,-2.835199999999895,-3.535199999999895,0,0,0,0,2.835199999999895,6.599999999999909,12.099999999999909,0.08595041322313814,7.160000000000309,0.40502793296088907,3.099999999999909,5.174500000000057,0.684,1.0,,,14,0,3.0,2024
2024-03-13 14:00:00+00:00|1.0|handoff_divergence_fade_h14_tp06_sl065,2024-03-13 14:00:00+00:00,STAGE28A,data/reports/stage28a_discovery_factory_batch_runner/stage28a_exact_trades.csv,session_handoff_imbalance_v1,handoff_divergence_fade_h14_tp06_sl065,-1.4988749999998618,-2.5488749999998617,-3.2488749999998614,0,0,0,0,2.5488749999998617,34.179999999999836,5.730000000000018,0.41884816753928156,6.049999999999727,0.6694214876033661,2.6900000000000546,3.9274999999999407,0.288,1.0,,,14,2,3.0,2024
2024-03-18 14:00:00+00:00|-1.0|handoff_divergence_fade_h14_tp06_sl065,2024-03-18 14:00:00+00:00,STAGE28A,data/reports/stage28a_discovery_factory_batch_runner/stage28a_exact_trades.csv,session_handoff_imbalance_v1,handoff_divergence_fade_h14_tp06_sl065,-1.5521749999998975,-2.6021749999998973,-3.302174999999897,0,0,0,0,2.6021749999998973,5.369999999999891,11.419999999999618,0.6444833625219242,12.349999999999909,0.8858299595141441,3.050000000000182,3.6674999999999955,0.096,-1.0,,,14,0,3.0,2024
2024-03-19 14:00:00+00:00|1.0|handoff_divergence_fade_h14_tp06_sl065,2024-03-19 14:00:00+00:00,STAGE28A,data/reports/stage28a_discovery_factory_batch_runner/stage28a_exact_trades.csv,session_handoff_imbalance_v1,handoff_divergence_fade_h14_tp06_sl065,-1.8658000000001267,-2.9158000000001265,-3.6158000000001262,0,0,0,0,2.9158000000001265,17.559999999999945,4.1599999999998545,0.16105769230771544,13.179999999999836,0.4613050075872536,2.9700000000002547,3.1089999999999236,0.016,1.0,,,14,1,3.0,2024
2024-03-21 14:00:00+00:00|-1.0|handoff_divergence_fade_h14_tp06_sl065,2024-03-21 14:00:00+00:00,STAGE28A,data/reports/stage28a_discovery_factory_batch_runner/stage28a_exact_trades.csv,session_handoff_imbalance_v1,handoff_divergence_fade_h14_tp06_sl065,1.4491000000001804,0.3991000000001805,-0.3008999999998192,1,0,1,0,0.3991000000001805,56.710000000000036,36.17000000000007,0.017694221730712507,14.86999999999989,0.2958977807666525,3.380000000000109,8.758999999999968,0.98,-1.0,,,14,3,3.0,2024
2024-03-25 14:00:00+00:00|1.0|handoff_divergence_fade_h14_tp06_sl065,2024-03-25 14:00:00+00:00,STAGE28A,data/reports/stage28a_discovery_factory_batch_runner/stage28a_exact_trades.csv,session_handoff_imbalance_v1,handoff_divergence_fade_h14_tp06_sl065,-1.9243000000002213,-2.974300000000221,-3.674300000000221,0,0,0,0,2.974300000000221,4.119999999999891,14.300000000000182,0.2930069930069931,7.529999999999745,0.13014608233732422,3.9200000000000728,4.719999999999982,0.6,1.0,,,14,0,3.0,2024
2024-04-01 14:00:00+00:00|1.0|handoff_divergence_fade_h14_tp06_sl065,2024-04-01 14:00:00+00:00,STAGE28A,data/reports/stage28a_discovery_factory_batch_runner/stage28a_exact_trades.csv,session_handoff_imbalance_v1,handoff_divergence_fade_h14_tp06_sl065,-2.2346749999997884,-3.284674999999788,-3.984674999999788,0,0,0,1,3.284674999999788,9.899999999999636,30.36999999999989,0.9045110306223363,16.300000000000182,0.7785276073619299,7.879999999999654,8.235499999999934,0.892,1.0,,,14,0,4.0,2024
2024-04-02 14:00:00+00:00|-1.0|handoff_divergence_fade_h14_tp06_sl065,2024-04-02 14:00:00+00:00,STAGE28A,data/reports/stage28a_discovery_factory_batch_runner/stage28a_exact_trades.csv,session_handoff_imbalance_v1,handoff_divergence_fade_h14_tp06_sl065,1.4437000000001716,0.3937000000001718,-0.3062999999998279,1,0,1,0,0.3937000000001718,37.11999999999989,9.169999999999618,0.22246455834242623,16.440000000000055,0.5675182481751762,9.550000000000182,5.9435000000000855,0.684,-1.0,,,14,1,4.0,2024
2024-04-03 14:00:00+00:00|1.0|handoff_divergence_fade_h14_tp06_sl065,2024-04-03 14:00:00+00:00,STAGE28A,data/reports/stage28a_discovery_factory_batch_runner/stage28a_exact_trades.csv,session_handoff_imbalance_v1,handoff_divergence_fade_h14_tp06_sl065,-2.494350000000032,-3.544350000000031,-4.244350000000031,0,0,0,1,3.544350000000031,35.35999999999967,11.590000000000146,0.28127696289906623,19.360000000000127,0.6714876033057807,3.4100000000003092,6.42000000000005,0.66,1.0,,,14,2,4.0,2024
2024-04-05 14:00:00+00:00|-1.0|handoff_divergence_fade_h14_tp06_sl065,2024-04-05 14:00:00+00:00,STAGE28A,data/reports/stage28a_discovery_factory_batch_runner/stage28a_exact_trades.csv,session_handoff_imbalance_v1,handoff_divergence_fade_h14_tp06_sl065,1.696899999999823,0.6468999999998233,-0.0531000000001764,1,0,1,0,0.6468999999998233,25.519999999999982,25.579999999999927,0.5136825645035327,16.9699999999998,0.8461991750147494,5.330000000000382,7.618500000000017,0.792,-1.0,,,14,4,4.0,2024
2024-04-08 14:00:00+00:00|1.0|handoff_divergence_fade_h14_tp06_sl065,2024-04-08 14:00:00+00:00,STAGE28A,data/reports/stage28a_discovery_factory_batch_runner/stage28a_exact_trades.csv,session_handoff_imbalance_v1,handoff_divergence_fade_h14_tp06_sl065,2.0199999999998908,0.969999999999891,0.2699999999998912,1,1,1,0,0.969999999999891,24.11999999999989,51.0300000000002,0.7460317460317463,13.789999999999964,0.5823060188542583,8.36999999999989,10.769000000000005,0.96,1.0,,,14,0,4.0,2024
2024-04-10 14:00:00+00:00|-1.0|handoff_divergence_fade_h14_tp06_sl065,2024-04-10 14:00:00+00:00,STAGE28A,data/reports/stage28a_discovery_factory_batch_runner/stage28a_exact_trades.csv,session_handoff_imbalance_v1,handoff_divergence_fade_h14_tp06_sl065,-2.129375000000073,-3.1793750000000727,-3.879375000000072,0,0,0,1,3.1793750000000727,28.559999999999945,10.890000000000327,0.09641873278238296,14.990000000000236,0.24016010673784569,4.920000000000073,5.740500000000043,0.244,-1.0,,,14,2,4.0,2024
2024-04-11 14:00:00+00:00|1.0|handoff_divergence_fade_h14_tp06_sl065,2024-04-11 14:00:00+00:00,STAGE28A,data/reports/stage28a_discovery_factory_batch_runner/stage28a_exact_trades.csv,session_handoff_imbalance_v1,handoff_divergence_fade_h14_tp06_sl065,-2.7095000000000256,-3.759500000000026,-4.459500000000025,0,0,0,1,3.759500000000026,40.75,13.490000000000236,0.5937731653076074,20.360000000000127,0.6512770137524625,8.480000000000018,7.3055000000000065,0.504,1.0,,,14,3,4.0,2024
2024-04-15 14:00:00+00:00|1.0|handoff_divergence_fade_h14_tp06_sl065,2024-04-15 14:00:00+00:00,STAGE28A,data/reports/stage28a_discovery_factory_batch_runner/stage28a_exact_trades.csv,session_handoff_imbalance_v1,handoff_divergence_fade_h14_tp06_sl065,-3.053349999999773,-4.103349999999773,-4.803349999999773,0,0,0,1,4.103349999999773,26.509999999999764,26.509999999999764,0.06563560920406629,17.799999999999727,0.500561797752834,7.809999999999945,13.439499999999953,0.932,1.0,,,14,0,4.0,2024
2024-04-16 14:00:00+00:00|1.0|handoff_divergence_fade_h14_tp06_sl065,2024-04-16 14:00:00+00:00,STAGE28A,data/reports/stage28a_discovery_factory_batch_runner/stage28a_exact_trades.csv,session_handoff_imbalance_v1,handoff_divergence_fade_h14_tp06_sl065,2.2242999999997664,1.1742999999997663,0.4742999999997668,1,1,1,0,1.1742999999997663,63.18000000000029,12.900000000000091,0.28062015503874926,25.980000000000018,0.6023864511162463,6.630000000000109,9.274000000000024,0.708,1.0,,,14,1,4.0,2024
2024-04-17 14:00:00+00:00|-1.0|handoff_divergence_fade_h14_tp06_sl065,2024-04-17 14:00:00+00:00,STAGE28A,data/reports/stage28a_discovery_factory_batch_runner/stage28a_exact_trades.csv,session_handoff_imbalance_v1,handoff_divergence_fade_h14_tp06_sl065,1.7139999999998508,0.6639999999998509,-0.0360000000001488,1,0,1,0,0.6639999999998509,35.210000000000036,6.400000000000091,0.5015624999999986,21.559999999999945,0.4809833024118911,8.730000000000018,7.742000000000052,0.4,-1.0,,,14,2,4.0,2024
2024-04-19 14:00:00+00:00|1.0|handoff_divergence_fade_h14_tp06_sl065,2024-04-19 14:00:00+00:00,STAGE28A,data/reports/stage28a_discovery_factory_batch_runner/stage28a_exact_trades.csv,session_handoff_imbalance_v1,handoff_divergence_fade_h14_tp06_sl065,2.358399999999983,1.3083999999999834,0.6083999999999836,1,1,1,0,1.3083999999999834,29.889999999999873,44.15000000000009,0.27859569648924476,15.840000000000146,0.6502525252525021,3.650000000000091,9.280499999999961,0.64,1.0,,,14,4,4.0,2024
2024-04-23 14:00:00+00:00|-1.0|handoff_divergence_fade_h14_tp06_sl065,2024-04-23 14:00:00+00:00,STAGE28A,data/reports/stage28a_discovery_factory_batch_runner/stage28a_exact_trades.csv,session_handoff_imbalance_v1,handoff_divergence_fade_h14_tp06_sl065,-3.2769500000000336,-4.326950000000034,-5.026950000000033,0,0,0,1,4.326950000000034,63.82999999999993,38.82999999999993,0.7180015451970168,23.220000000000255,0.30146425495262374,10.539999999999964,9.324000000000002,0.664,-1.0,,,14,1,4.0,2024
2024-04-24 14:00:00+00:00|1.0|handoff_divergence_fade_h14_tp06_sl065,2024-04-24 14:00:00+00:00,STAGE28A,data/reports/stage28a_discovery_factory_batch_runner/stage28a_exact_trades.csv,session_handoff_imbalance_v1,handoff_divergence_fade_h14_tp06_sl065,1.375300000000061,0.3253000000000612,-0.3746999999999385,1,0,1,0,0.3253000000000612,42.88000000000011,12.400000000000091,0.5016129032258233,19.4399999999996,0.6682098765432124,4.190000000000055,5.403500000000122,0.008,1.0,,,14,2,4.0,2024
2024-04-25 14:00:00+00:00|-1.0|handoff_divergence_fade_h14_tp06_sl065,2024-04-25 14:00:00+00:00,STAGE28A,data/reports/stage28a_discovery_factory_batch_runner/stage28a_exact_trades.csv,session_handoff_imbalance_v1,handoff_divergence_fade_h14_tp06_sl065,1.1739999999998871,0.1239999999998873,-0.5760000000001124,1,0,0,0,0.1239999999998873,25.480000000000018,17.029999999999745,0.28185554903113647,16.4699999999998,0.7109896782028038,4.420000000000073,5.720499999999947,0.02,-1.0,,,14,3,4.0,2024
2024-04-29 14:00:00+00:00|-1.0|handoff_divergence_fade_h14_tp06_sl065,2024-04-29 14:00:00+00:00,STAGE28A,data/reports/stage28a_discovery_factory_batch_runner/stage28a_exact_trades.csv,session_handoff_imbalance_v1,handoff_divergence_fade_h14_tp06_sl065,-2.0146500000001653,-3.064650000000165,-3.764650000000165,0,0,0,1,3.064650000000165,4.539999999999964,17.149999999999636,0.35801749271137046,16.929999999999836,0.8665091553455263,4.1599999999998545,5.763000000000034,0.048,-1.0,,,14,0,4.0,2024
2024-05-01 14:00:00+00:00|-1.0|handoff_divergence_fade_h14_tp06_sl065,2024-05-01 14:00:00+00:00,STAGE28A,data/reports/stage28a_discovery_factory_batch_runner/stage28a_exact_trades.csv,session_handoff_imbalance_v1,handoff_divergence_fade_h14_tp06_sl065,-1.9610250000001543,-3.011025000000154,-3.711025000000154,0,0,0,0,3.011025000000154,51.51000000000022,10.38000000000011,0.6984585741811102,11.5,0.6782608695652332,5.190000000000055,5.098500000000035,0.028,-1.0,,,14,2,5.0,2024
2024-05-08 14:00:00+00:00|1.0|handoff_divergence_fade_h14_tp06_sl065,2024-05-08 14:00:00+00:00,STAGE28A,data/reports/stage28a_discovery_factory_batch_runner/stage28a_exact_trades.csv,session_handoff_imbalance_v1,handoff_divergence_fade_h14_tp06_sl065,1.2418000000001483,0.1918000000001485,-0.5081999999998512,1,0,1,0,0.1918000000001485,20.179999999999836,11.240000000000236,0.22775800711742808,17.86999999999989,0.35926133184108067,6.5099999999997635,4.693000000000007,0.024,1.0,,,14,2,5.0,2024
2024-05-09 14:00:00+00:00|1.0|handoff_divergence_fade_h14_tp06_sl065,2024-05-09 14:00:00+00:00,STAGE28A,data/reports/stage28a_discovery_factory_batch_runner/stage28a_exact_trades.csv,session_handoff_imbalance_v1,handoff_divergence_fade_h14_tp06_sl065,1.158400000000165,0.1084000000001652,-0.5915999999998345,1,0,0,0,0.1084000000001652,17.86999999999989,4.970000000000255,0.5010060362173258,13.08999999999969,0.35752482811305936,5.570000000000164,4.021499999999969,0.004,1.0,,,14,3,5.0,2024
2024-05-17 14:00:00+00:00|-1.0|handoff_divergence_fade_h14_tp06_sl065,2024-05-17 14:00:00+00:00,STAGE28A,data/reports/stage28a_discovery_factory_batch_runner/stage28a_exact_trades.csv,session_handoff_imbalance_v1,handoff_divergence_fade_h14_tp06_sl065,1.1472999999999955,0.0972999999999957,-0.602700000000004,1,0,0,0,0.0972999999999957,26.550000000000182,7.2599999999997635,0.07300275482090395,11.360000000000127,0.42517605633805705,5.7599999999997635,4.010499999999956,0.012,-1.0,,,14,4,5.0,2024
2024-05-21 14:00:00+00:00|-1.0|handoff_divergence_fade_h14_tp06_sl065,2024-05-21 14:00:00+00:00,STAGE28A,data/reports/stage28a_discovery_factory_batch_runner/stage28a_exact_trades.csv,session_handoff_imbalance_v1,handoff_divergence_fade_h14_tp06_sl065,-2.76800000000012,-3.81800000000012,-4.51800000000012,0,0,0,1,3.81800000000012,42.86999999999989,26.63000000000011,0.5005632745024361,13.569999999999709,0.19012527634491064,5.040000000000418,7.332499999999959,0.8,-1.0,,,14,1,5.0,2024
2024-05-22 14:00:00+00:00|-1.0|handoff_divergence_fade_h14_tp06_sl065,2024-05-22 14:00:00+00:00,STAGE28A,data/reports/stage28a_discovery_factory_batch_runner/stage28a_exact_trades.csv,session_handoff_imbalance_v1,handoff_divergence_fade_h14_tp06_sl065,1.357600000000184,0.3076000000001841,-0.3923999999998155,1,0,1,0,0.3076000000001841,27.610000000000127,13.980000000000018,0.5615164520744172,7.930000000000291,0.3947036569987382,5.139999999999873,5.018499999999927,0.292,-1.0,,,14,2,5.0,2024
2024-05-24 14:00:00+00:00|-1.0|handoff_divergence_fade_h14_tp06_sl065,2024-05-24 14:00:00+00:00,STAGE28A,data/reports/stage28a_discovery_factory_batch_runner/stage28a_exact_trades.csv,session_handoff_imbalance_v1,handoff_divergence_fade_h14_tp06_sl065,1.4113000000001192,0.3613000000001194,-0.3386999999998803,1,0,1,0,0.3613000000001194,56.809999999999945,9.710000000000036,0.028836251287353145,12.7199999999998,0.5463836477987721,6.9399999999996,5.839999999999918,0.404,-1.0,,,14,4,5.0,2024
2024-05-27 14:00:00+00:00|1.0|handoff_divergence_fade_h14_tp06_sl065,2024-05-27 14:00:00+00:00,STAGE28A,data/reports/stage28a_discovery_factory_batch_runner/stage28a_exact_trades.csv,session_handoff_imbalance_v1,handoff_divergence_fade_h14_tp06_sl065,0.8692000000000007,-0.1807999999999991,-0.8807999999999989,0,0,0,0,0.1807999999999991,8.329999999999927,15.260000000000218,0.38401048492791895,7.970000000000255,0.34755332496861896,3.3900000000003274,4.506500000000051,0.064,1.0,,,14,0,5.0,2024
2024-05-30 14:00:00+00:00|-1.0|handoff_divergence_fade_h14_tp06_sl065,2024-05-30 14:00:00+00:00,STAGE28A,data/reports/stage28a_discovery_factory_batch_runner/stage28a_exact_trades.csv,session_handoff_imbalance_v1,handoff_divergence_fade_h14_tp06_sl065,1.6089999999998326,0.5589999999998327,-0.141000000000167,1,0,1,0,0.5589999999998327,28.059999999999945,11.800000000000182,0.2771186440677908,15.559999999999945,0.06876606683805704,10.240000000000236,5.583000000000107,0.452,-1.0,,,14,3,5.0,2024
2024-06-03 14:00:00+00:00|-1.0|handoff_divergence_fade_h14_tp06_sl065,2024-06-03 14:00:00+00:00,STAGE28A,data/reports/stage28a_discovery_factory_batch_runner/stage28a_exact_trades.csv,session_handoff_imbalance_v1,handoff_divergence_fade_h14_tp06_sl065,1.5003999999998086,0.4503999999998087,-0.249600000000191,1,0,1,0,0.4503999999998087,5.870000000000346,10.070000000000164,0.5004965243296804,14.090000000000146,0.4499645138396082,7.049999999999727,5.60450000000003,0.404,-1.0,,,14,0,6.0,2024
2024-06-05 14:00:00+00:00|1.0|handoff_divergence_fade_h14_tp06_sl065,2024-06-05 14:00:00+00:00,STAGE28A,data/reports/stage28a_discovery_factory_batch_runner/stage28a_exact_trades.csv,session_handoff_imbalance_v1,handoff_divergence_fade_h14_tp06_sl065,1.2505000000000108,0.200500000000011,-0.4994999999999887,1,0,1,0,0.200500000000011,37.41000000000031,12.010000000000218,0.7993338884262893,13.579999999999927,0.3645066273932139,5.989999999999782,4.324999999999909,0.064,1.0,,,14,2,6.0,2024
2024-06-06 14:00:00+00:00|1.0|handoff_divergence_fade_h14_tp06_sl065,2024-06-06 14:00:00+00:00,STAGE28A,data/reports/stage28a_discovery_factory_batch_runner/stage28a_exact_trades.csv,session_handoff_imbalance_v1,handoff_divergence_fade_h14_tp06_sl065,-1.815749999999844,-2.8657499999998435,-3.565749999999843,0,0,0,0,2.8657499999998435,31.670000000000073,20.389999999999873,0.564982834722906,12.929999999999836,0.5359628770301565,2.5,4.977999999999952,0.168,1.0,,,14,3,6.0,2024
2024-06-07 14:00:00+00:00|1.0|handoff_divergence_fade_h14_tp06_sl065,2024-06-07 14:00:00+00:00,STAGE28A,data/reports/stage28a_discovery_factory_batch_runner/stage28a_exact_trades.csv,session_handoff_imbalance_v1,handoff_divergence_fade_h14_tp06_sl065,2.885500000000229,1.8355000000002293,1.1355000000002295,1,1,1,0,1.8355000000002293,25.20999999999958,12.600000000000364,0.24920634920633192,50.42000000000007,0.8131693772312563,7.300000000000182,7.6160000000000085,0.988,1.0,,,14,4,6.0,2024
2024-06-11 14:00:00+00:00|-1.0|handoff_divergence_fade_h14_tp06_sl065,2024-06-11 14:00:00+00:00,STAGE28A,data/reports/stage28a_discovery_factory_batch_runner/stage28a_exact_trades.csv,session_handoff_imbalance_v1,handoff_divergence_fade_h14_tp06_sl065,-1.9727250000001733,-3.022725000000173,-3.722725000000173,0,0,0,0,3.022725000000173,25.990000000000236,13.549999999999727,0.4479704797048181,9.990000000000236,0.2662662662662454,3.5899999999996908,4.304499999999939,0.056,-1.0,,,14,1,6.0,2024
2024-06-13 14:00:00+00:00|-1.0|handoff_divergence_fade_h14_tp06_sl065,2024-06-13 14:00:00+00:00,STAGE28A,data/reports/stage28a_discovery_factory_batch_runner/stage28a_exact_trades.csv,session_handoff_imbalance_v1,handoff_divergence_fade_h14_tp06_sl065,-1.939574999999968,-2.989574999999968,-3.689574999999968,0,0,0,0,2.989574999999968,31.039999999999964,16.460000000000036,0.4696233292831106,9.580000000000382,0.12526096033400524,4.639999999999873,5.940499999999974,0.524,-1.0,,,14,3,6.0,2024
2024-06-18 14:00:00+00:00|1.0|handoff_divergence_fade_h14_tp06_sl065,2024-06-18 14:00:00+00:00,STAGE28A,data/reports/stage28a_discovery_factory_batch_runner/stage28a_exact_trades.csv,session_handoff_imbalance_v1,handoff_divergence_fade_h14_tp06_sl065,-1.8485750000000736,-2.8985750000000734,-3.598575000000073,0,0,0,0,2.8985750000000734,23.170000000000073,6.5,0.5292307692307776,14.090000000000146,0.9488999290276939,5.799999999999727,4.316499999999974,0.056,1.0,,,14,1,6.0,2024
2024-06-20 14:00:00+00:00|1.0|handoff_divergence_fade_h14_tp06_sl065,2024-06-20 14:00:00+00:00,STAGE28A,data/reports/stage28a_discovery_factory_batch_runner/stage28a_exact_trades.csv,session_handoff_imbalance_v1,handoff_divergence_fade_h14_tp06_sl065,-1.9568000000000207,-3.006800000000021,-3.7068000000000207,0,0,0,0,3.006800000000021,11.2800000000002,11.260000000000218,0.3152753108348235,14.260000000000218,0.03366058906030932,7.3400000000001455,4.11200000000008,0.124,1.0,,,14,3,6.0,2024
2024-06-25 14:00:00+00:00|-1.0|handoff_divergence_fade_h14_tp06_sl065,2024-06-25 14:00:00+00:00,STAGE28A,data/reports/stage28a_discovery_factory_batch_runner/stage28a_exact_trades.csv,session_handoff_imbalance_v1,handoff_divergence_fade_h14_tp06_sl065,-1.9281999999999244,-2.978199999999924,-3.678199999999924,0,0,0,0,2.978199999999924,17.15000000000009,11.150000000000091,0.6852017937219969,11.319999999999709,0.7915194346289989,4.4900000000002365,4.069499999999971,0.124,-1.0,,,14,1,6.0,2024
2024-06-28 14:00:00+00:00|-1.0|handoff_divergence_fade_h14_tp06_sl065,2024-06-28 14:00:00+00:00,STAGE28A,data/reports/stage28a_discovery_factory_batch_runner/stage28a_exact_trades.csv,session_handoff_imbalance_v1,handoff_divergence_fade_h14_tp06_sl065,-1.8310250000000448,-2.881025000000045,-3.5810250000000448,0,0,0,0,2.881025000000045,34.58999999999969,9.269999999999982,0.5587918015102316,12.099999999999909,0.7033057851239527,7.360000000000127,3.9765000000000557,0.126,-1.0,,,14,4,6.0,2024
2024-07-02 14:00:00+00:00|-1.0|handoff_divergence_fade_h14_tp06_sl065,2024-07-02 14:00:00+00:00,STAGE28A,data/reports/stage28a_discovery_factory_batch_runner/stage28a_exact_trades.csv,session_handoff_imbalance_v1,handoff_divergence_fade_h14_tp06_sl065,1.1944000000002233,0.1444000000002234,-0.5555999999997763,1,0,0,0,0.1444000000002234,20.0,8.61999999999989,0.6705336426913943,9.099999999999909,0.1329670329670383,3.450000000000273,3.7285000000000537,0.096,-1.0,,,14,1,7.0,2024
2024-07-04 14:00:00+00:00|-1.0|handoff_divergence_fade_h14_tp06_sl065,2024-07-04 14:00:00+00:00,STAGE28A,data/reports/stage28a_discovery_factory_batch_runner/stage28a_exact_trades.csv,session_handoff_imbalance_v1,handoff_divergence_fade_h14_tp06_sl065,0.933100000000104,-0.1168999999998958,-0.8168999999998956,0,0,0,0,0.1168999999998958,38.039999999999964,6.5900000000001455,0.12139605462824951,9.259999999999764,0.0377969762419409,2.9100000000003092,3.786499999999978,0.036,-1.0,,,14,3,7.0,2024
2024-07-09 14:00:00+00:00|1.0|handoff_divergence_fade_h14_tp06_sl065,2024-07-09 14:00:00+00:00,STAGE28A,data/reports/stage28a_discovery_factory_batch_runner/stage28a_exact_trades.csv,session_handoff_imbalance_v1,handoff_divergence_fade_h14_tp06_sl065,0.9066999999999098,-0.1433000000000901,-0.8433000000000899,0,0,0,0,0.1433000000000901,40.36999999999989,9.490000000000236,0.8303477344573144,10.409999999999854,0.3170028818443586,3.480000000000018,4.74549999999997,0.404,1.0,,,14,1,7.0,2024
2024-07-18 14:00:00+00:00|1.0|handoff_divergence_fade_h14_tp06_sl065,2024-07-18 14:00:00+00:00,STAGE28A,data/reports/stage28a_discovery_factory_batch_runner/stage28a_exact_trades.csv,session_handoff_imbalance_v1,handoff_divergence_fade_h14_tp06_sl065,-1.9662250000002133,-3.016225000000213,-3.716225000000213,0,0,0,0,3.016225000000213,32.25999999999976,11.519999999999982,0.7647569444444409,10.329999999999927,0.23523717328168958,4.579999999999927,5.128500000000031,0.424,1.0,,,14,3,7.0,2024
2024-07-24 14:00:00+00:00|1.0|handoff_divergence_fade_h14_tp06_sl065,2024-07-24 14:00:00+00:00,STAGE28A,data/reports/stage28a_discovery_factory_batch_runner/stage28a_exact_trades.csv,session_handoff_imbalance_v1,handoff_divergence_fade_h14_tp06_sl065,-1.9649249999998573,-3.0149249999998573,-3.714924999999857,0,0,0,0,3.0149249999998573,23.950000000000273,13.399999999999636,0.53358208955226,9.379999999999654,0.32622601279323166,4.2800000000002,4.2979999999999565,0.076,1.0,,,14,2,7.0,2024
2024-08-05 14:00:00+00:00|1.0|handoff_divergence_fade_h14_tp06_sl065,2024-08-05 14:00:00+00:00,STAGE28A,data/reports/stage28a_discovery_factory_batch_runner/stage28a_exact_trades.csv,session_handoff_imbalance_v1,handoff_divergence_fade_h14_tp06_sl065,-4.663075000000026,-5.7130750000000265,-6.413075000000026,0,0,0,1,5.7130750000000265,9.230000000000018,38.48999999999978,0.24941543257990176,39.67000000000007,0.6765817998487547,17.43000000000029,12.713500000000067,0.964,1.0,,,14,0,8.0,2024
2024-08-07 14:00:00+00:00|-1.0|handoff_divergence_fade_h14_tp06_sl065,2024-08-07 14:00:00+00:00,STAGE28A,data/reports/stage28a_discovery_factory_batch_runner/stage28a_exact_trades.csv,session_handoff_imbalance_v1,handoff_divergence_fade_h14_tp06_sl065,1.3915000000000872,0.3415000000000874,-0.3584999999999123,1,0,1,0,0.3415000000000874,36.63000000000011,11.710000000000036,0.22715627668657953,11.829999999999927,0.7007607776838558,4.920000000000073,6.225500000000011,0.252,-1.0,,,14,2,8.0,2024
2024-08-09 14:00:00+00:00|-1.0|handoff_divergence_fade_h14_tp06_sl065,2024-08-09 14:00:00+00:00,STAGE28A,data/reports/stage28a_discovery_factory_batch_runner/stage28a_exact_trades.csv,session_handoff_imbalance_v1,handoff_divergence_fade_h14_tp06_sl065,1.2492999999998573,0.1992999999998574,-0.5007000000001423,1,0,1,0,0.1992999999998574,47.190000000000055,9.679999999999836,0.4845041322314188,10.159999999999854,0.24606299212598778,8.389999999999873,5.290499999999997,0.04,-1.0,,,14,4,8.0,2024
2024-08-12 14:00:00+00:00|-1.0|handoff_divergence_fade_h14_tp06_sl065,2024-08-12 14:00:00+00:00,STAGE28A,data/reports/stage28a_discovery_factory_batch_runner/stage28a_exact_trades.csv,session_handoff_imbalance_v1,handoff_divergence_fade_h14_tp06_sl065,-1.9031750000000105,-2.95317500000001,-3.65317500000001,0,0,0,0,2.95317500000001,6.519999999999982,9.389999999999873,0.19914802981894741,16.960000000000036,0.8384433962264283,3.2800000000002,4.541000000000031,0.024,-1.0,,,14,0,8.0,2024
2024-08-14 14:00:00+00:00|-1.0|handoff_divergence_fade_h14_tp06_sl065,2024-08-14 14:00:00+00:00,STAGE28A,data/reports/stage28a_discovery_factory_batch_runner/stage28a_exact_trades.csv,session_handoff_imbalance_v1,handoff_divergence_fade_h14_tp06_sl065,-2.205425000000196,-3.255425000000196,-3.9554250000001954,0,0,0,1,3.255425000000196,18.51000000000022,17.210000000000036,0.2719349215572505,19.289999999999964,0.6174183514774431,5.630000000000109,4.983500000000049,0.024,-1.0,,,14,2,8.0,2024
2024-08-16 14:00:00+00:00|-1.0|handoff_divergence_fade_h14_tp06_sl065,2024-08-16 14:00:00+00:00,STAGE28A,data/reports/stage28a_discovery_factory_batch_runner/stage28a_exact_trades.csv,session_handoff_imbalance_v1,handoff_divergence_fade_h14_tp06_sl065,1.3605999999998857,0.3105999999998858,-0.3894000000001139,1,0,1,0,0.3105999999998858,37.90000000000009,9.2199999999998,0.26030368763559036,13.390000000000327,0.8110530246452473,5.320000000000164,4.537500000000068,0.02,-1.0,,,14,4,8.0,2024
2024-08-20 14:00:00+00:00|-1.0|handoff_divergence_fade_h14_tp06_sl065,2024-08-20 14:00:00+00:00,STAGE28A,data/reports/stage28a_discovery_factory_batch_runner/stage28a_exact_trades.csv,session_handoff_imbalance_v1,handoff_divergence_fade_h14_tp06_sl065,-2.88532499999983,-3.9353249999998297,-4.635324999999829,0,0,0,1,3.9353249999998297,23.800000000000182,9.5,0.2642105263157646,27.909999999999854,0.7115729129344404,4.070000000000164,4.804999999999973,0.04,-1.0,,,14,1,8.0,2024
2024-08-21 14:00:00+00:00|1.0|handoff_divergence_fade_h14_tp06_sl065,2024-08-21 14:00:00+00:00,STAGE28A,data/reports/stage28a_discovery_factory_batch_runner/stage28a_exact_trades.csv,session_handoff_imbalance_v1,handoff_divergence_fade_h14_tp06_sl065,1.4668000000000574,0.4168000000000575,-0.2831999999999421,1,0,1,0,0.4168000000000575,34.36999999999989,9.070000000000164,0.2987872105843426,15.009999999999764,0.7854763491006096,5.209999999999582,5.8735000000000355,0.348,1.0,,,14,2,8.0,2024
2024-08-22 14:00:00+00:00|-1.0|handoff_divergence_fade_h14_tp06_sl065,2024-08-22 14:00:00+00:00,STAGE28A,data/reports/stage28a_discovery_factory_batch_runner/stage28a_exact_trades.csv,session_handoff_imbalance_v1,handoff_divergence_fade_h14_tp06_sl065,1.503399999999965,0.4533999999999651,-0.2466000000000345,1,0,1,0,0.4533999999999651,26.590000000000146,14.809999999999945,0.7758271438217609,11.340000000000146,0.4276895943562876,3.9600000000000364,5.286500000000001,0.144,-1.0,,,14,3,8.0,2024
2024-08-26 14:00:00+00:00|-1.0|handoff_divergence_fade_h14_tp06_sl065,2024-08-26 14:00:00+00:00,STAGE28A,data/reports/stage28a_discovery_factory_batch_runner/stage28a_exact_trades.csv,session_handoff_imbalance_v1,handoff_divergence_fade_h14_tp06_sl065,1.191700000000219,0.1417000000002191,-0.5582999999997806,1,0,0,0,0.1417000000002191,3.9699999999998,7.550000000000182,0.3894039735099316,17.070000000000164,0.8904510837727081,4.070000000000164,4.188999999999988,0.02,-1.0,,,14,0,8.0,2024
2024-08-27 14:00:00+00:00|-1.0|handoff_divergence_fade_h14_tp06_sl065,2024-08-27 14:00:00+00:00,STAGE28A,data/reports/stage28a_discovery_factory_batch_runner/stage28a_exact_trades.csv,session_handoff_imbalance_v1,handoff_divergence_fade_h14_tp06_sl065,-2.4836249999999382,-3.533624999999938,-4.233624999999938,0,0,0,1,3.533624999999938,18.050000000000182,11.989999999999782,0.6905754795662966,13.979999999999563,0.006437768240353958,3.5900000000001455,4.931499999999983,0.128,-1.0,,,14,1,8.0,2024
2024-08-30 14:00:00+00:00|-1.0|handoff_divergence_fade_h14_tp06_sl065,2024-08-30 14:00:00+00:00,STAGE28A,data/reports/stage28a_discovery_factory_batch_runner/stage28a_exact_trades.csv,session_handoff_imbalance_v1,handoff_divergence_fade_h14_tp06_sl065,1.6483000000001993,0.5983000000001995,-0.1016999999998002,1,0,1,0,0.5983000000001995,25.059999999999945,9.490000000000236,0.7766069546891157,14.860000000000127,0.7301480484522084,9.710000000000036,4.881500000000005,0.132,-1.0,,,14,4,8.0,2024
2024-09-02 14:00:00+00:00|-1.0|handoff_divergence_fade_h14_tp06_sl065,2024-09-02 14:00:00+00:00,STAGE28A,data/reports/stage28a_discovery_factory_batch_runner/stage28a_exact_trades.csv,session_handoff_imbalance_v1,handoff_divergence_fade_h14_tp06_sl065,-2.335749999999825,-3.3857499999998253,-4.085749999999825,0,0,0,1,3.3857499999998253,3.4899999999997817,14.970000000000255,0.4736138944555795,12.0,0.2233333333333197,3.8600000000001273,5.064500000000021,0.192,-1.0,,,14,0,9.0,2024
2024-09-03 14:00:00+00:00|-1.0|handoff_divergence_fade_h14_tp06_sl065,2024-09-03 14:00:00+00:00,STAGE28A,data/reports/stage28a_discovery_factory_batch_runner/stage28a_exact_trades.csv,session_handoff_imbalance_v1,handoff_divergence_fade_h14_tp06_sl065,1.2247000000001207,0.1747000000001208,-0.5252999999998789,1,0,1,0,0.1747000000001208,17.240000000000236,10.08999999999969,0.2775024777007203,13.659999999999854,0.4612005856515223,8.559999999999945,3.7939999999999143,0.028,-1.0,,,14,1,9.0,2024
2024-09-04 14:00:00+00:00|1.0|handoff_divergence_fade_h14_tp06_sl065,2024-09-04 14:00:00+00:00,STAGE28A,data/reports/stage28a_discovery_factory_batch_runner/stage28a_exact_trades.csv,session_handoff_imbalance_v1,handoff_divergence_fade_h14_tp06_sl065,-2.8040750000001027,-3.8540750000001034,-4.554075000000102,0,0,0,1,3.8540750000001034,32.80000000000018,5.679999999999836,0.32922535211266635,24.890000000000327,0.5355564483728488,8.840000000000146,5.412500000000023,0.396,1.0,,,14,2,9.0,2024
2024-09-05 14:00:00+00:00|-1.0|handoff_divergence_fade_h14_tp06_sl065,2024-09-05 14:00:00+00:00,STAGE28A,data/reports/stage28a_discovery_factory_batch_runner/stage28a_exact_trades.csv,session_handoff_imbalance_v1,handoff_divergence_fade_h14_tp06_sl065,-2.222974999999769,-3.2729749999997693,-3.972974999999769,0,0,0,1,3.2729749999997693,28.620000000000346,4.880000000000109,0.08811475409832514,23.409999999999854,0.8821016659547296,3.5899999999996908,4.004000000000042,0.056,-1.0,,,14,3,9.0,2024
2024-09-06 14:00:00+00:00|1.0|handoff_divergence_fade_h14_tp06_sl065,2024-09-06 14:00:00+00:00,STAGE28A,data/reports/stage28a_discovery_factory_batch_runner/stage28a_exact_trades.csv,session_handoff_imbalance_v1,handoff_divergence_fade_h14_tp06_sl065,0.8556999999999789,-0.194300000000021,-0.8943000000000207,0,0,0,0,0.194300000000021,29.690000000000055,5.369999999999891,0.3873370577281135,6.360000000000127,0.14622641509431095,2.549999999999727,3.2074999999999365,0.004,1.0,,,14,4,9.0,2024
2024-09-09 14:00:00+00:00|1.0|handoff_divergence_fade_h14_tp06_sl065,2024-09-09 14:00:00+00:00,STAGE28A,data/reports/stage28a_discovery_factory_batch_runner/stage28a_exact_trades.csv,session_handoff_imbalance_v1,handoff_divergence_fade_h14_tp06_sl065,-2.371174999999857,-3.4211749999998573,-4.121174999999857,0,0,0,1,3.4211749999998573,2.3200000000001637,5.6599999999998545,0.2473498233215772,13.860000000000127,0.20923520923521388,5.829999999999927,5.708999999999969,0.652,1.0,,,14,0,9.0,2024
2024-09-17 14:00:00+00:00|-1.0|handoff_divergence_fade_h14_tp06_sl065,2024-09-17 14:00:00+00:00,STAGE28A,data/reports/stage28a_discovery_factory_batch_runner/stage28a_exact_trades.csv,session_handoff_imbalance_v1,handoff_divergence_fade_h14_tp06_sl065,-2.276274999999805,-3.326274999999805,-4.026274999999805,0,0,0,1,3.326274999999805,14.300000000000182,9.539999999999964,0.6006289308176143,15.289999999999964,0.23806409417919433,6.450000000000273,4.287500000000113,0.16,-1.0,,,14,1,9.0,2024
2024-09-18 14:00:00+00:00|1.0|handoff_divergence_fade_h14_tp06_sl065,2024-09-18 14:00:00+00:00,STAGE28A,data/reports/stage28a_discovery_factory_batch_runner/stage28a_exact_trades.csv,session_handoff_imbalance_v1,handoff_divergence_fade_h14_tp06_sl065,-1.8183500000001005,-2.8683500000001003,-3.5683500000001,0,0,0,0,2.8683500000001003,26.2199999999998,8.230000000000018,0.6342648845686255,10.759999999999764,0.369888475836441,7.059999999999945,4.961999999999944,0.4,1.0,,,14,2,9.0,2024
2024-09-23 14:00:00+00:00|1.0|handoff_divergence_fade_h14_tp06_sl065,2024-09-23 14:00:00+00:00,STAGE28A,data/reports/stage28a_discovery_factory_batch_runner/stage28a_exact_trades.csv,session_handoff_imbalance_v1,handoff_divergence_fade_h14_tp06_sl065,1.412499999999818,0.3624999999998182,-0.3375000000001815,1,0,1,0,0.3624999999998182,3.6200000000003456,14.989999999999782,0.5376917945297209,17.51000000000022,0.39634494574528656,2.850000000000364,4.665999999999985,0.2,1.0,,,14,0,9.0,2024
2024-09-24 14:00:00+00:00|1.0|handoff_divergence_fade_h14_tp06_sl065,2024-09-24 14:00:00+00:00,STAGE28A,data/reports/stage28a_discovery_factory_batch_runner/stage28a_exact_trades.csv,session_handoff_imbalance_v1,handoff_divergence_fade_h14_tp06_sl065,1.3996000000001003,0.3496000000001005,-0.3503999999998992,1,0,1,0,0.3496000000001005,21.01000000000022,12.349999999999909,0.5344129554655837,17.549999999999727,0.1908831908832146,5.6599999999998545,4.533500000000004,0.148,1.0,,,14,1,9.0,2024
2024-09-25 14:00:00+00:00|1.0|handoff_divergence_fade_h14_tp06_sl065,2024-09-25 14:00:00+00:00,STAGE28A,data/reports/stage28a_discovery_factory_batch_runner/stage28a_exact_trades.csv,session_handoff_imbalance_v1,handoff_divergence_fade_h14_tp06_sl065,1.2672999999998864,0.2172999999998865,-0.4827000000001131,1,0,1,0,0.2172999999998865,41.76999999999998,15.13000000000011,0.15333773959019778,10.159999999999854,0.4498031496063218,3.8299999999999272,6.099499999999944,0.636,1.0,,,14,2,9.0,2024
2024-09-27 14:00:00+00:00|1.0|handoff_divergence_fade_h14_tp06_sl065,2024-09-27 14:00:00+00:00,STAGE28A,data/reports/stage28a_discovery_factory_batch_runner/stage28a_exact_trades.csv,session_handoff_imbalance_v1,handoff_divergence_fade_h14_tp06_sl065,-2.272375000000102,-3.3223750000001018,-4.0223750000001015,0,0,0,1,3.3223750000001018,30.809999999999945,7.579999999999927,0.14775725593666247,15.519999999999982,0.6359536082474457,3.5100000000002183,5.196500000000038,0.344,1.0,,,14,4,9.0,2024
2024-10-04 14:00:00+00:00|1.0|handoff_divergence_fade_h14_tp06_sl065,2024-10-04 14:00:00+00:00,STAGE28A,data/reports/stage28a_discovery_factory_batch_runner/stage28a_exact_trades.csv,session_handoff_imbalance_v1,handoff_divergence_fade_h14_tp06_sl065,0.9994000000000596,-0.0505999999999402,-0.75059999999994,0,0,0,0,0.0505999999999402,25.61999999999989,9.210000000000036,0.5570032573289999,11.019999999999982,0.33212341197820877,3.5599999999999454,4.304999999999995,0.004,1.0,,,14,4,10.0,2024
2024-10-07 14:00:00+00:00|-1.0|handoff_divergence_fade_h14_tp06_sl065,2024-10-07 14:00:00+00:00,STAGE28A,data/reports/stage28a_discovery_factory_batch_runner/stage28a_exact_trades.csv,session_handoff_imbalance_v1,handoff_divergence_fade_h14_tp06_sl065,-2.2431250000000547,-3.2931250000000545,-3.993125000000054,0,0,0,1,3.2931250000000545,2.680000000000291,8.609999999999673,0.3832752613240775,17.8100000000004,0.5081414935429522,3.2799999999997453,5.317500000000041,0.224,-1.0,,,14,0,10.0,2024
2024-10-11 14:00:00+00:00|1.0|handoff_divergence_fade_h14_tp06_sl065,2024-10-11 14:00:00+00:00,STAGE28A,data/reports/stage28a_discovery_factory_batch_runner/stage28a_exact_trades.csv,session_handoff_imbalance_v1,handoff_divergence_fade_h14_tp06_sl065,1.3023999999999432,0.2523999999999433,-0.4476000000000564,1,0,1,0,0.2523999999999433,25.800000000000182,17.980000000000018,0.9566184649610567,10.989999999999782,0.6960873521383296,5.2199999999998,5.9990000000000006,0.32,1.0,,,14,4,10.0,2024
2024-10-15 14:00:00+00:00|-1.0|handoff_divergence_fade_h14_tp06_sl065,2024-10-15 14:00:00+00:00,STAGE28A,data/reports/stage28a_discovery_factory_batch_runner/stage28a_exact_trades.csv,session_handoff_imbalance_v1,handoff_divergence_fade_h14_tp06_sl065,-2.1342500000001565,-3.1842500000001563,-3.884250000000156,0,0,0,1,3.1842500000001563,23.659999999999854,8.349999999999909,0.5185628742514939,17.829999999999927,0.448121144139081,4.069999999999709,4.548500000000013,0.032,-1.0,,,14,1,10.0,2024
2024-10-18 14:00:00+00:00|1.0|handoff_divergence_fade_h14_tp06_sl065,2024-10-18 14:00:00+00:00,STAGE28A,data/reports/stage28a_discovery_factory_batch_runner/stage28a_exact_trades.csv,session_handoff_imbalance_v1,handoff_divergence_fade_h14_tp06_sl065,-2.398475000000053,-3.448475000000053,-4.148475000000053,0,0,0,1,3.448475000000053,23.579999999999927,20.360000000000127,0.849214145383097,12.329999999999927,0.11678832116788833,5.260000000000218,5.261500000000046,0.132,1.0,,,14,4,10.0,2024
2024-10-21 14:00:00+00:00|1.0|handoff_divergence_fade_h14_tp06_sl065,2024-10-21 14:00:00+00:00,STAGE28A,data/reports/stage28a_discovery_factory_batch_runner/stage28a_exact_trades.csv,session_handoff_imbalance_v1,handoff_divergence_fade_h14_tp06_sl065,1.4353000000000065,0.3853000000000066,-0.3146999999999931,1,0,1,0,0.3853000000000066,4.5300000000002,13.570000000000164,0.585851142225477,13.420000000000073,0.21833084947837708,7.170000000000073,4.947000000000093,0.06,1.0,,,14,0,10.0,2024
2024-10-23 14:00:00+00:00|-1.0|handoff_divergence_fade_h14_tp06_sl065,2024-10-23 14:00:00+00:00,STAGE28A,data/reports/stage28a_discovery_factory_batch_runner/stage28a_exact_trades.csv,session_handoff_imbalance_v1,handoff_divergence_fade_h14_tp06_sl065,1.0669000000001687,0.0169000000001688,-0.6830999999998308,1,0,0,0,0.0169000000001688,30.76000000000022,10.180000000000291,0.1237721021611181,13.070000000000164,0.3458301453710731,2.7800000000002,4.768499999999994,0.044,-1.0,,,14,2,10.0,2024
2024-10-29 14:00:00+00:00|1.0|handoff_divergence_fade_h14_tp06_sl065,2024-10-29 14:00:00+00:00,STAGE28A,data/reports/stage28a_discovery_factory_batch_runner/stage28a_exact_trades.csv,session_handoff_imbalance_v1,handoff_divergence_fade_h14_tp06_sl065,-2.264249999999811,-3.3142499999998107,-4.0142499999998105,0,0,0,1,3.3142499999998107,21.190000000000055,18.070000000000164,0.8096292197011609,10.590000000000146,0.47969782813974104,6.980000000000018,5.003000000000043,0.136,1.0,,,14,1,10.0,2024
2024-11-01 14:00:00+00:00|1.0|handoff_divergence_fade_h14_tp06_sl065,2024-11-01 14:00:00+00:00,STAGE28A,data/reports/stage28a_discovery_factory_batch_runner/stage28a_exact_trades.csv,session_handoff_imbalance_v1,handoff_divergence_fade_h14_tp06_sl065,-2.2990249999998924,-3.349024999999892,-4.049024999999892,0,0,0,1,3.349024999999892,58.65000000000009,9.6899999999996,0.9195046439629182,12.86999999999989,0.20512820512819696,4.460000000000036,4.923999999999978,0.08,1.0,,,14,4,11.0,2024
2024-11-05 14:00:00+00:00|-1.0|handoff_divergence_fade_h14_tp06_sl065,2024-11-05 14:00:00+00:00,STAGE28A,data/reports/stage28a_discovery_factory_batch_runner/stage28a_exact_trades.csv,session_handoff_imbalance_v1,handoff_divergence_fade_h14_tp06_sl065,1.472200000000066,0.4222000000000663,-0.2777999999999334,1,0,1,0,0.4222000000000663,18.789999999999964,13.260000000000218,0.12141779788835944,13.2800000000002,0.2567771084337201,5.130000000000109,5.106500000000028,0.136,-1.0,,,14,1,11.0,2024
2024-11-07 14:00:00+00:00|-1.0|handoff_divergence_fade_h14_tp06_sl065,2024-11-07 14:00:00+00:00,STAGE28A,data/reports/stage28a_discovery_factory_batch_runner/stage28a_exact_trades.csv,session_handoff_imbalance_v1,handoff_divergence_fade_h14_tp06_sl065,-2.8447000000001936,-3.8947000000001935,-4.594700000000193,0,0,0,1,3.8947000000001935,97.4399999999996,20.88000000000011,0.45545977011492883,15.579999999999927,0.7676508344030868,4.25,7.612000000000057,0.872,-1.0,,,14,3,11.0,2024
2024-11-15 14:00:00+00:00|1.0|handoff_divergence_fade_h14_tp06_sl065,2024-11-15 14:00:00+00:00,STAGE28A,data/reports/stage28a_discovery_factory_batch_runner/stage28a_exact_trades.csv,session_handoff_imbalance_v1,handoff_divergence_fade_h14_tp06_sl065,1.740700000000197,0.6907000000001973,-0.0092999999998024,1,0,1,0,0.6907000000001973,44.54999999999973,8.599999999999909,0.02325581395346747,15.809999999999945,0.039848197343460554,6.760000000000218,6.196999999999934,0.176,1.0,,,14,4,11.0,2024
2024-11-20 14:00:00+00:00|1.0|handoff_divergence_fade_h14_tp06_sl065,2024-11-20 14:00:00+00:00,STAGE28A,data/reports/stage28a_discovery_factory_batch_runner/stage28a_exact_trades.csv,session_handoff_imbalance_v1,handoff_divergence_fade_h14_tp06_sl065,1.5222999999999955,0.4722999999999957,-0.227700000000004,1,0,1,0,0.4722999999999957,29.179999999999836,10.159999999999854,0.14763779527559268,19.740000000000236,0.5916919959472997,6.669999999999618,4.9200000000000275,0.004,1.0,,,14,2,11.0,2024
2024-11-25 14:00:00+00:00|-1.0|handoff_divergence_fade_h14_tp06_sl065,2024-11-25 14:00:00+00:00,STAGE28A,data/reports/stage28a_discovery_factory_batch_runner/stage28a_exact_trades.csv,session_handoff_imbalance_v1,handoff_divergence_fade_h14_tp06_sl065,-2.9899750000000496,-4.03997500000005,-4.739975000000049,0,0,0,1,4.03997500000005,16.51000000000022,62.039999999999964,0.7633784655061202,19.73999999999978,0.26443768996959766,11.090000000000146,11.172000000000025,0.976,-1.0,,,14,0,11.0,2024
2024-11-26 14:00:00+00:00|1.0|handoff_divergence_fade_h14_tp06_sl065,2024-11-26 14:00:00+00:00,STAGE28A,data/reports/stage28a_discovery_factory_batch_runner/stage28a_exact_trades.csv,session_handoff_imbalance_v1,handoff_divergence_fade_h14_tp06_sl065,-2.9581250000002,-4.0081250000002,-4.7081250000002,0,0,0,1,4.0081250000002,111.38000000000011,27.059999999999945,0.588322246858836,22.259999999999764,0.22192273135669843,5.550000000000182,9.96700000000003,0.872,1.0,,,14,1,11.0,2024
2024-11-28 14:00:00+00:00|-1.0|handoff_divergence_fade_h14_tp06_sl065,2024-11-28 14:00:00+00:00,STAGE28A,data/reports/stage28a_discovery_factory_batch_runner/stage28a_exact_trades.csv,session_handoff_imbalance_v1,handoff_divergence_fade_h14_tp06_sl065,1.206999999999789,0.156999999999789,-0.5430000000002106,1,0,1,0,0.156999999999789,31.329999999999927,17.48999999999978,0.33390508862208224,19.41000000000031,0.8377125193199126,4.569999999999709,5.661999999999966,0.076,-1.0,,,14,3,11.0,2024
2024-12-02 14:00:00+00:00|-1.0|handoff_divergence_fade_h14_tp06_sl065,2024-12-02 14:00:00+00:00,STAGE28A,data/reports/stage28a_discovery_factory_batch_runner/stage28a_exact_trades.csv,session_handoff_imbalance_v1,handoff_divergence_fade_h14_tp06_sl065,2.014900000000034,0.9649000000000344,0.2649000000000345,1,1,1,0,0.9649000000000344,9.420000000000073,29.420000000000073,0.5849762066621343,15.789999999999964,0.45725142495248994,10.600000000000364,8.734000000000037,0.804,-1.0,,,14,0,12.0,2024
2024-12-03 14:00:00+00:00|-1.0|handoff_divergence_fade_h14_tp06_sl065,2024-12-03 14:00:00+00:00,STAGE28A,data/reports/stage28a_discovery_factory_batch_runner/stage28a_exact_trades.csv,session_handoff_imbalance_v1,handoff_divergence_fade_h14_tp06_sl065,-2.065349999999944,-3.115349999999944,-3.815349999999944,0,0,0,1,3.115349999999944,30.550000000000182,11.13000000000011,0.21024258760104833,12.860000000000127,0.21228615863141456,2.930000000000291,5.068999999999937,0.032,-1.0,,,14,1,12.0,2024
2024-12-04 14:00:00+00:00|1.0|handoff_divergence_fade_h14_tp06_sl065,2024-12-04 14:00:00+00:00,STAGE28A,data/reports/stage28a_discovery_factory_batch_runner/stage28a_exact_trades.csv,session_handoff_imbalance_v1,handoff_divergence_fade_h14_tp06_sl065,-2.1160500000001776,-3.166050000000177,-3.866050000000177,0,0,0,1,3.166050000000177,21.43000000000029,10.960000000000036,0.5136861313868696,14.930000000000291,0.282652377762905,4.260000000000218,4.944500000000039,0.024,1.0,,,14,2,12.0,2024
2024-12-06 14:00:00+00:00|1.0|handoff_divergence_fade_h14_tp06_sl065,2024-12-06 14:00:00+00:00,STAGE28A,data/reports/stage28a_discovery_factory_batch_runner/stage28a_exact_trades.csv,session_handoff_imbalance_v1,handoff_divergence_fade_h14_tp06_sl065,-2.345824999999968,-3.395824999999968,-4.095824999999968,0,0,0,1,3.395824999999968,32.26999999999998,32.11999999999989,0.2624533001245288,12.33999999999969,0.6345218800648398,6.800000000000182,7.2189999999999825,0.616,1.0,,,14,4,12.0,2024
2024-12-09 14:00:00+00:00|-1.0|handoff_divergence_fade_h14_tp06_sl065,2024-12-09 14:00:00+00:00,STAGE28A,data/reports/stage28a_discovery_factory_batch_runner/stage28a_exact_trades.csv,session_handoff_imbalance_v1,handoff_divergence_fade_h14_tp06_sl065,1.5192999999998391,0.4692999999998393,-0.2307000000001604,1,0,1,0,0.4692999999998393,11.929999999999836,23.019999999999982,0.1776715899218136,22.470000000000255,0.9577214063195255,6.950000000000273,7.844500000000016,0.672,-1.0,,,14,0,12.0,2024
2024-12-10 14:00:00+00:00|1.0|handoff_divergence_fade_h14_tp06_sl065,2024-12-10 14:00:00+00:00,STAGE28A,data/reports/stage28a_discovery_factory_batch_runner/stage28a_exact_trades.csv,session_handoff_imbalance_v1,handoff_divergence_fade_h14_tp06_sl065,-2.53854999999985,-3.58854999999985,-4.28854999999985,0,0,0,1,3.58854999999985,48.84999999999991,15.91000000000031,0.6140791954745598,15.539999999999964,0.3301158301158379,5.710000000000036,5.439000000000033,0.068,1.0,,,14,1,12.0,2024
2024-12-11 14:00:00+00:00|-1.0|handoff_divergence_fade_h14_tp06_sl065,2024-12-11 14:00:00+00:00,STAGE28A,data/reports/stage28a_discovery_factory_batch_runner/stage28a_exact_trades.csv,session_handoff_imbalance_v1,handoff_divergence_fade_h14_tp06_sl065,1.974999999999818,0.9249999999998182,0.2249999999998184,1,1,1,0,0.9249999999998182,38.01999999999998,21.779999999999745,0.5335169880624439,25.350000000000364,0.3932938856015823,4.989999999999782,7.5815000000000055,0.752,-1.0,,,14,2,12.0,2024
2024-12-12 14:00:00+00:00|-1.0|handoff_divergence_fade_h14_tp06_sl065,2024-12-12 14:00:00+00:00,STAGE28A,data/reports/stage28a_discovery_factory_batch_runner/stage28a_exact_trades.csv,session_handoff_imbalance_v1,handoff_divergence_fade_h14_tp06_sl065,1.6627000000002226,0.6127000000002227,-0.087299999999777,1,0,1,0,0.6127000000002227,46.590000000000146,26.139999999999873,0.2895944912012319,10.640000000000327,0.09586466165413068,6.110000000000127,6.694999999999982,0.56,-1.0,,,14,3,12.0,2024
2024-12-13 14:00:00+00:00|1.0|handoff_divergence_fade_h14_tp06_sl065,2024-12-13 14:00:00+00:00,STAGE28A,data/reports/stage28a_discovery_factory_batch_runner/stage28a_exact_trades.csv,session_handoff_imbalance_v1,handoff_divergence_fade_h14_tp06_sl065,-2.740049999999974,-3.7900499999999737,-4.4900499999999735,0,0,0,1,3.7900499999999737,51.2199999999998,13.740000000000236,0.4832605531295312,25.5,0.8109803921568741,5.059999999999945,5.801500000000033,0.132,1.0,,,14,4,12.0,2024
2024-12-18 14:00:00+00:00|-1.0|handoff_divergence_fade_h14_tp06_sl065,2024-12-18 14:00:00+00:00,STAGE28A,data/reports/stage28a_discovery_factory_batch_runner/stage28a_exact_trades.csv,session_handoff_imbalance_v1,handoff_divergence_fade_h14_tp06_sl065,1.045599999999831,-0.0044000000001687,-0.7044000000001684,0,0,0,0,0.0044000000001687,25.659999999999854,9.079999999999927,0.2444933920704645,7.559999999999945,0.42857142857146296,3.600000000000364,4.206500000000074,0.004,-1.0,,,14,2,12.0,2024
2024-12-24 14:00:00+00:00|1.0|handoff_divergence_fade_h14_tp06_sl065,2024-12-24 14:00:00+00:00,STAGE28A,data/reports/stage28a_discovery_factory_batch_runner/stage28a_exact_trades.csv,session_handoff_imbalance_v1,handoff_divergence_fade_h14_tp06_sl065,0.9156999999999244,-0.1343000000000755,-0.8343000000000753,0,0,0,0,0.1343000000000755,25.279999999999745,8.889999999999873,0.5129358830146243,8.309999999999945,0.5571600481347941,3.800000000000182,3.9269999999999983,0.004,1.0,,,14,1,12.0,2024
2024-12-27 14:00:00+00:00|1.0|handoff_divergence_fade_h14_tp06_sl065,2024-12-27 14:00:00+00:00,STAGE28A,data/reports/stage28a_discovery_factory_batch_runner/stage28a_exact_trades.csv,session_handoff_imbalance_v1,handoff_divergence_fade_h14_tp06_sl065,-1.9099999999999453,-2.9599999999999453,-3.659999999999945,0,0,0,0,2.9599999999999453,26.139999999999873,6.550000000000182,0.14656488549618468,14.829999999999927,0.4686446392447641,3.699999999999818,3.9865000000000466,0.032,1.0,,,14,4,12.0,2024
2024-12-31 14:00:00+00:00|-1.0|handoff_divergence_fade_h14_tp06_sl065,2024-12-31 14:00:00+00:00,STAGE28A,data/reports/stage28a_discovery_factory_batch_runner/stage28a_exact_trades.csv,session_handoff_imbalance_v1,handoff_divergence_fade_h14_tp06_sl065,-1.9561500000000709,-3.0061500000000705,-3.70615000000007,0,0,0,0,3.0061500000000705,32.159999999999854,8.059999999999945,0.01488833746896919,15.179999999999836,0.33596837944663793,4.580000000000382,4.335500000000025,0.136,-1.0,,,14,1,12.0,2024
2025-01-03 14:00:00+00:00|1.0|handoff_divergence_fade_h14_tp06_sl065,2025-01-03 14:00:00+00:00,STAGE28A,data/reports/stage28a_discovery_factory_batch_runner/stage28a_exact_trades.csv,session_handoff_imbalance_v1,handoff_divergence_fade_h14_tp06_sl065,-2.0845249999998487,-3.134524999999849,-3.834524999999848,0,0,0,1,3.134524999999849,38.73000000000002,9.019999999999982,0.5000000000000252,13.019999999999982,0.40476190476190393,2.9099999999998545,4.994499999999993,0.324,1.0,,,14,4,1.0,2025
2025-01-08 14:00:00+00:00|-1.0|handoff_divergence_fade_h14_tp06_sl065,2025-01-08 14:00:00+00:00,STAGE28A,data/reports/stage28a_discovery_factory_batch_runner/stage28a_exact_trades.csv,session_handoff_imbalance_v1,handoff_divergence_fade_h14_tp06_sl065,0.9376000000001112,-0.1123999999998885,-0.8123999999998883,0,0,0,0,0.1123999999998885,31.429999999999836,6.260000000000218,0.4536741214056856,8.420000000000073,0.7304038004750639,5.539999999999964,4.005500000000029,0.036,-1.0,,,14,2,1.0,2025
2025-01-09 14:00:00+00:00|-1.0|handoff_divergence_fade_h14_tp06_sl065,2025-01-09 14:00:00+00:00,STAGE28A,data/reports/stage28a_discovery_factory_batch_runner/stage28a_exact_trades.csv,session_handoff_imbalance_v1,handoff_divergence_fade_h14_tp06_sl065,1.4778999999997722,0.4278999999997723,-0.2721000000002274,1,0,1,0,0.4278999999997723,24.700000000000273,7.650000000000091,0.44836601307192814,10.929999999999836,0.7758462946020261,7.829999999999927,5.766499999999996,0.684,-1.0,,,14,3,1.0,2025
2025-01-14 14:00:00+00:00|1.0|handoff_divergence_fade_h14_tp06_sl065,2025-01-14 14:00:00+00:00,STAGE28A,data/reports/stage28a_discovery_factory_batch_runner/stage28a_exact_trades.csv,session_handoff_imbalance_v1,handoff_divergence_fade_h14_tp06_sl065,1.3479999999998653,0.2979999999998655,-0.4020000000001342,1,0,1,0,0.2979999999998655,36.73000000000002,12.5300000000002,0.4333599361532123,10.629999999999654,0.644402634054575,5.180000000000291,5.005500000000029,0.168,1.0,,,14,1,1.0,2025
2025-01-17 14:00:00+00:00|1.0|handoff_divergence_fade_h14_tp06_sl065,2025-01-17 14:00:00+00:00,STAGE28A,data/reports/stage28a_discovery_factory_batch_runner/stage28a_exact_trades.csv,session_handoff_imbalance_v1,handoff_divergence_fade_h14_tp06_sl065,1.1518000000000028,0.101800000000003,-0.5981999999999967,1,0,0,0,0.101800000000003,34.73000000000002,7.489999999999782,0.006675567423255454,12.769999999999982,0.8433829287392324,5.110000000000127,4.073000000000024,0.028,1.0,,,14,4,1.0,2025
2025-01-21 14:00:00+00:00|1.0|handoff_divergence_fade_h14_tp06_sl065,2025-01-21 14:00:00+00:00,STAGE28A,data/reports/stage28a_discovery_factory_batch_runner/stage28a_exact_trades.csv,session_handoff_imbalance_v1,handoff_divergence_fade_h14_tp06_sl065,1.7944000000001323,0.7444000000001325,0.0444000000001327,1,1,1,0,0.7444000000001325,24.550000000000182,25.09999999999991,0.6749003984063792,15.799999999999727,0.4974683544303964,8.13000000000011,6.8680000000000065,0.92,1.0,,,14,1,1.0,2025
2025-01-27 14:00:00+00:00|-1.0|handoff_divergence_fade_h14_tp06_sl065,2025-01-27 14:00:00+00:00,STAGE28A,data/reports/stage28a_discovery_factory_batch_runner/stage28a_exact_trades.csv,session_handoff_imbalance_v1,handoff_divergence_fade_h14_tp06_sl065,-3.0426250000001347,-4.092625000000135,-4.792625000000134,0,0,0,1,4.092625000000135,5.839999999999691,18.460000000000036,0.49620801733476905,23.769999999999982,0.4030290281867873,6.880000000000109,6.187999999999988,0.716,-1.0,,,14,0,1.0,2025
2025-01-29 14:00:00+00:00|-1.0|handoff_divergence_fade_h14_tp06_sl065,2025-01-29 14:00:00+00:00,STAGE28A,data/reports/stage28a_discovery_factory_batch_runner/stage28a_exact_trades.csv,session_handoff_imbalance_v1,handoff_divergence_fade_h14_tp06_sl065,0.9945999999999005,-0.0554000000000995,-0.7554000000000993,0,0,0,0,0.0554000000000995,30.639999999999873,4.730000000000018,0.061310782241006875,8.909999999999854,0.48260381593717755,2.3200000000001637,3.2705000000000384,0.004,-1.0,,,14,2,1.0,2025
2025-02-03 14:00:00+00:00|-1.0|handoff_divergence_fade_h14_tp06_sl065,2025-02-03 14:00:00+00:00,STAGE28A,data/reports/stage28a_discovery_factory_batch_runner/stage28a_exact_trades.csv,session_handoff_imbalance_v1,handoff_divergence_fade_h14_tp06_sl065,-2.665950000000157,-3.715950000000157,-4.415950000000157,0,0,0,1,3.715950000000157,20.699999999999818,31.9699999999998,0.37566468564278505,20.809999999999945,0.8279673234022136,6.420000000000073,9.355499999999983,0.988,-1.0,,,14,0,2.0,2025
2025-02-12 14:00:00+00:00|-1.0|handoff_divergence_fade_h14_tp06_sl065,2025-02-12 14:00:00+00:00,STAGE28A,data/reports/stage28a_discovery_factory_batch_runner/stage28a_exact_trades.csv,session_handoff_imbalance_v1,handoff_divergence_fade_h14_tp06_sl065,1.9794999999998253,0.9294999999998256,0.2294999999998257,1,1,1,0,0.9294999999998256,60.9399999999996,17.070000000000164,0.7861745752782627,16.440000000000055,0.15815085158150247,6.619999999999891,6.934000000000014,0.38,-1.0,,,14,2,2.0,2025
2025-02-13 14:00:00+00:00|1.0|handoff_divergence_fade_h14_tp06_sl065,2025-02-13 14:00:00+00:00,STAGE28A,data/reports/stage28a_discovery_factory_batch_runner/stage28a_exact_trades.csv,session_handoff_imbalance_v1,handoff_divergence_fade_h14_tp06_sl065,-2.762475000000086,-3.8124750000000858,-4.5124750000000855,0,0,0,1,3.8124750000000858,45.38000000000011,18.759999999999764,0.6780383795309147,13.460000000000036,0.05274888558692678,2.9299999999998363,6.279999999999927,0.2,1.0,,,14,3,2.0,2025
2025-02-14 14:00:00+00:00|-1.0|handoff_divergence_fade_h14_tp06_sl065,2025-02-14 14:00:00+00:00,STAGE28A,data/reports/stage28a_discovery_factory_batch_runner/stage28a_exact_trades.csv,session_handoff_imbalance_v1,handoff_divergence_fade_h14_tp06_sl065,-2.391975000000093,-3.441975000000093,-4.141975000000093,0,0,0,1,3.441975000000093,31.13000000000011,10.860000000000127,0.24677716390425963,13.309999999999945,0.5416979714500425,8.38000000000011,5.79399999999996,0.08,-1.0,,,14,4,2.0,2025
2025-02-19 14:00:00+00:00|-1.0|handoff_divergence_fade_h14_tp06_sl065,2025-02-19 14:00:00+00:00,STAGE28A,data/reports/stage28a_discovery_factory_batch_runner/stage28a_exact_trades.csv,session_handoff_imbalance_v1,handoff_divergence_fade_h14_tp06_sl065,1.588299999999799,0.5382999999997993,-0.1617000000002004,1,0,1,0,0.5382999999997993,45.25,15.480000000000018,0.31330749354004545,19.0,0.8199999999999962,12.150000000000091,6.527499999999963,0.268,-1.0,,,14,2,2.0,2025
2025-02-21 14:00:00+00:00|-1.0|handoff_divergence_fade_h14_tp06_sl065,2025-02-21 14:00:00+00:00,STAGE28A,data/reports/stage28a_discovery_factory_batch_runner/stage28a_exact_trades.csv,session_handoff_imbalance_v1,handoff_divergence_fade_h14_tp06_sl065,1.828600000000188,0.7786000000001878,0.078600000000188,1,1,1,0,0.7786000000001878,30.779999999999745,23.40000000000009,0.5564102564102534,17.309999999999945,0.11900635470825835,8.059999999999945,7.986500000000047,0.616,-1.0,,,14,4,2.0,2025
2025-02-25 14:00:00+00:00|-1.0|handoff_divergence_fade_h14_tp06_sl065,2025-02-25 14:00:00+00:00,STAGE28A,data/reports/stage28a_discovery_factory_batch_runner/stage28a_exact_trades.csv,session_handoff_imbalance_v1,handoff_divergence_fade_h14_tp06_sl065,1.5831999999999424,0.5331999999999426,-0.1668000000000571,1,0,1,0,0.5331999999999426,35.16000000000031,18.909999999999854,0.6959280803807486,12.91000000000031,0.05654531371030214,3.380000000000109,5.726499999999964,0.088,-1.0,,,14,1,2.0,2025
2025-03-03 14:00:00+00:00|-1.0|handoff_divergence_fade_h14_tp06_sl065,2025-03-03 14:00:00+00:00,STAGE28A,data/reports/stage28a_discovery_factory_batch_runner/stage28a_exact_trades.csv,session_handoff_imbalance_v1,handoff_divergence_fade_h14_tp06_sl065,-2.580474999999842,-3.630474999999842,-4.330474999999842,0,0,0,1,3.630474999999842,21.38000000000011,21.38000000000011,0.1585594013096284,14.730000000000018,0.30414120841819503,4.150000000000091,8.091000000000008,0.568,-1.0,,,14,0,3.0,2025
2025-03-05 14:00:00+00:00|-1.0|handoff_divergence_fade_h14_tp06_sl065,2025-03-05 14:00:00+00:00,STAGE28A,data/reports/stage28a_discovery_factory_batch_runner/stage28a_exact_trades.csv,session_handoff_imbalance_v1,handoff_divergence_fade_h14_tp06_sl065,1.9695999999998093,0.9195999999998096,0.2195999999998097,1,1,1,0,0.9195999999998096,45.84999999999991,16.070000000000164,0.24268823895457692,13.5,0.2125925925925845,5.199999999999818,7.3140000000001235,0.284,-1.0,,,14,2,3.0,2025
2025-03-07 14:00:00+00:00|-1.0|handoff_divergence_fade_h14_tp06_sl065,2025-03-07 14:00:00+00:00,STAGE28A,data/reports/stage28a_discovery_factory_batch_runner/stage28a_exact_trades.csv,session_handoff_imbalance_v1,handoff_divergence_fade_h14_tp06_sl065,-2.1524500000001354,-3.2024500000001352,-3.902450000000135,0,0,0,1,3.2024500000001352,35.41000000000031,18.309999999999945,0.1982523211359978,16.63000000000011,0.6806975345760454,5.460000000000036,6.780499999999938,0.036,-1.0,,,14,4,3.0,2025
2025-03-12 14:00:00+00:00|1.0|handoff_divergence_fade_h14_tp06_sl065,2025-03-12 14:00:00+00:00,STAGE28A,data/reports/stage28a_discovery_factory_batch_runner/stage28a_exact_trades.csv,session_handoff_imbalance_v1,handoff_divergence_fade_h14_tp06_sl065,1.5595000000002073,0.5095000000002075,-0.1904999999997922,1,0,1,0,0.5095000000002075,41.909999999999854,9.090000000000146,0.10121012101205756,16.450000000000273,0.043161094224925506,4.0300000000002,5.2834999999999805,0.012,1.0,,,14,2,3.0,2025
2025-03-14 14:00:00+00:00|-1.0|handoff_divergence_fade_h14_tp06_sl065,2025-03-14 14:00:00+00:00,STAGE28A,data/reports/stage28a_discovery_factory_batch_runner/stage28a_exact_trades.csv,session_handoff_imbalance_v1,handoff_divergence_fade_h14_tp06_sl065,2.287299999999868,1.2372999999998684,0.5372999999998687,1,1,1,0,1.2372999999998684,56.50999999999976,12.150000000000091,0.27160493827158044,24.0,0.32583333333334014,5.920000000000073,6.931999999999993,0.216,-1.0,,,14,4,3.0,2025
2025-03-17 14:00:00+00:00|-1.0|handoff_divergence_fade_h14_tp06_sl065,2025-03-17 14:00:00+00:00,STAGE28A,data/reports/stage28a_discovery_factory_batch_runner/stage28a_exact_trades.csv,session_handoff_imbalance_v1,handoff_divergence_fade_h14_tp06_sl065,-2.2236250000001747,-3.2736250000001745,-3.9736250000001743,0,0,0,1,3.2736250000001745,10.909999999999854,11.659999999999854,0.14493996569468917,17.420000000000073,0.9466130884041167,4.650000000000091,5.369999999999959,0.016,-1.0,,,14,0,3.0,2025
2025-03-19 14:00:00+00:00|1.0|handoff_divergence_fade_h14_tp06_sl065,2025-03-19 14:00:00+00:00,STAGE28A,data/reports/stage28a_discovery_factory_batch_runner/stage28a_exact_trades.csv,session_handoff_imbalance_v1,handoff_divergence_fade_h14_tp06_sl065,-2.6438500000000205,-3.69385000000002,-4.39385000000002,0,0,0,1,3.69385000000002,38.73999999999978,11.580000000000382,0.2573402417961934,22.529999999999745,0.08521970705726119,6.220000000000255,5.879000000000019,0.172,1.0,,,14,2,3.0,2025
2025-03-20 14:00:00+00:00|1.0|handoff_divergence_fade_h14_tp06_sl065,2025-03-20 14:00:00+00:00,STAGE28A,data/reports/stage28a_discovery_factory_batch_runner/stage28a_exact_trades.csv,session_handoff_imbalance_v1,handoff_divergence_fade_h14_tp06_sl065,-2.951624999999785,-4.001624999999786,-4.701624999999785,0,0,0,1,4.001624999999786,29.179999999999836,12.38000000000011,0.4491114701130773,28.149999999999636,0.6600355239786916,5.769999999999982,7.195499999999993,0.524,1.0,,,14,3,3.0,2025
2025-03-24 14:00:00+00:00|-1.0|handoff_divergence_fade_h14_tp06_sl065,2025-03-24 14:00:00+00:00,STAGE28A,data/reports/stage28a_discovery_factory_batch_runner/stage28a_exact_trades.csv,session_handoff_imbalance_v1,handoff_divergence_fade_h14_tp06_sl065,1.604200000000128,0.5542000000001281,-0.1457999999998716,1,0,1,0,0.5542000000001281,5.869999999999891,12.66000000000031,0.09794628751976352,15.970000000000255,0.5453976205385033,4.9099999999998545,6.294000000000006,0.356,-1.0,,,14,0,3.0,2025
2025-03-26 14:00:00+00:00|-1.0|handoff_divergence_fade_h14_tp06_sl065,2025-03-26 14:00:00+00:00,STAGE28A,data/reports/stage28a_discovery_factory_batch_runner/stage28a_exact_trades.csv,session_handoff_imbalance_v1,handoff_divergence_fade_h14_tp06_sl065,1.384599999999773,0.3345999999997731,-0.3654000000002266,1,0,1,0,0.3345999999997731,28.480000000000018,12.690000000000055,0.3065405831363165,18.789999999999964,0.4220329962746063,7.0900000000001455,5.155999999999994,0.012,-1.0,,,14,2,3.0,2025
2025-03-28 14:00:00+00:00|1.0|handoff_divergence_fade_h14_tp06_sl065,2025-03-28 14:00:00+00:00,STAGE28A,data/reports/stage28a_discovery_factory_batch_runner/stage28a_exact_trades.csv,session_handoff_imbalance_v1,handoff_divergence_fade_h14_tp06_sl065,-2.9213999999998124,-3.971399999999812,-4.671399999999812,0,0,0,1,3.971399999999812,42.07999999999993,23.289999999999964,0.7745813653928721,19.770000000000437,0.018715225088535025,5.75,6.365000000000054,0.492,1.0,,,14,4,3.0,2025
2025-04-01 14:00:00+00:00|1.0|handoff_divergence_fade_h14_tp06_sl065,2025-04-01 14:00:00+00:00,STAGE28A,data/reports/stage28a_discovery_factory_batch_runner/stage28a_exact_trades.csv,session_handoff_imbalance_v1,handoff_divergence_fade_h14_tp06_sl065,-3.353325000000132,-4.403325000000132,-5.103325000000131,0,0,0,1,4.403325000000132,51.42000000000007,27.210000000000036,0.8515251745681582,24.809999999999945,0.5630794034663373,8.150000000000091,8.14999999999991,0.824,1.0,,,14,1,4.0,2025
2025-04-03 14:00:00+00:00|1.0|handoff_divergence_fade_h14_tp06_sl065,2025-04-03 14:00:00+00:00,STAGE28A,data/reports/stage28a_discovery_factory_batch_runner/stage28a_exact_trades.csv,session_handoff_imbalance_v1,handoff_divergence_fade_h14_tp06_sl065,-5.508400000000256,-6.5584000000002565,-7.258400000000256,0,0,0,1,6.5584000000002565,41.36000000000013,45.86000000000013,0.04513737461839737,33.409999999999854,0.7934750074827995,33.66000000000031,15.246000000000004,1.0,1.0,,,14,3,4.0,2025
2025-04-10 14:00:00+00:00|1.0|handoff_divergence_fade_h14_tp06_sl065,2025-04-10 14:00:00+00:00,STAGE28A,data/reports/stage28a_discovery_factory_batch_runner/stage28a_exact_trades.csv,session_handoff_imbalance_v1,handoff_divergence_fade_h14_tp06_sl065,3.518800000000192,2.468800000000192,1.7688000000001924,1,1,1,0,2.468800000000192,129.6500000000001,60.11999999999989,0.7538256819693986,29.460000000000036,0.30040733197557207,8.210000000000036,18.404000000000018,0.788,1.0,,,14,3,4.0,2025
2025-04-11 14:00:00+00:00|1.0|handoff_divergence_fade_h14_tp06_sl065,2025-04-11 14:00:00+00:00,STAGE28A,data/reports/stage28a_discovery_factory_batch_runner/stage28a_exact_trades.csv,session_handoff_imbalance_v1,handoff_divergence_fade_h14_tp06_sl065,-6.934824999999909,-7.98482499999991,-8.68482499999991,0,0,0,1,7.98482499999991,117.48000000000002,44.58999999999969,0.6503700381251447,42.960000000000036,0.23114525139664405,27.699999999999818,16.4115,0.632,1.0,,,14,4,4.0,2025
2025-04-14 14:00:00+00:00|1.0|handoff_divergence_fade_h14_tp06_sl065,2025-04-14 14:00:00+00:00,STAGE28A,data/reports/stage28a_discovery_factory_batch_runner/stage28a_exact_trades.csv,session_handoff_imbalance_v1,handoff_divergence_fade_h14_tp06_sl065,-4.768375000000196,-5.818375000000197,-6.518375000000196,0,0,0,1,5.818375000000197,20.509999999999764,36.29999999999973,0.31129476584022775,21.460000000000036,0.39422180801491247,18.269999999999982,13.06700000000003,0.352,1.0,,,14,0,4.0,2025
2025-04-15 14:00:00+00:00|1.0|handoff_divergence_fade_h14_tp06_sl065,2025-04-15 14:00:00+00:00,STAGE28A,data/reports/stage28a_discovery_factory_batch_runner/stage28a_exact_trades.csv,session_handoff_imbalance_v1,handoff_divergence_fade_h14_tp06_sl065,-3.057899999999881,-4.107899999999882,-4.807899999999881,0,0,0,1,4.107899999999882,52.00999999999976,18.799999999999727,0.8563829787234118,15.259999999999764,0.38204456094364464,7.319999999999709,7.9614999999999325,0.016,1.0,,,14,1,4.0,2025
2025-04-22 14:00:00+00:00|1.0|handoff_divergence_fade_h14_tp06_sl065,2025-04-22 14:00:00+00:00,STAGE28A,data/reports/stage28a_discovery_factory_batch_runner/stage28a_exact_trades.csv,session_handoff_imbalance_v1,handoff_divergence_fade_h14_tp06_sl065,-7.1893000000000935,-8.239300000000094,-8.939300000000094,0,0,0,1,8.239300000000094,102.19999999999982,82.3100000000004,0.6886162070222277,56.809999999999945,0.5835240274599564,16.88000000000011,18.472000000000094,0.848,1.0,,,14,1,4.0,2025
2025-04-23 14:00:00+00:00|1.0|handoff_divergence_fade_h14_tp06_sl065,2025-04-23 14:00:00+00:00,STAGE28A,data/reports/stage28a_discovery_factory_batch_runner/stage28a_exact_trades.csv,session_handoff_imbalance_v1,handoff_divergence_fade_h14_tp06_sl065,-7.300449999999818,-8.35044999999982,-9.050449999999818,0,0,0,1,8.35044999999982,174.55999999999995,73.46000000000004,0.1497413558399128,57.48999999999978,0.37049921725517937,19.56999999999971,25.56849999999995,0.96,1.0,,,14,2,4.0,2025
2025-05-01 14:00:00+00:00|-1.0|handoff_divergence_fade_h14_tp06_sl065,2025-05-01 14:00:00+00:00,STAGE28A,data/reports/stage28a_discovery_factory_batch_runner/stage28a_exact_trades.csv,session_handoff_imbalance_v1,handoff_divergence_fade_h14_tp06_sl065,2.98809999999994,1.9380999999999404,1.2380999999999407,1,1,1,0,1.9380999999999404,60.86999999999989,61.15000000000009,0.7282093213409596,27.449999999999818,0.39744990892533266,11.700000000000273,14.161499999999979,0.396,-1.0,,,14,3,5.0,2025
2025-05-07 14:00:00+00:00|-1.0|handoff_divergence_fade_h14_tp06_sl065,2025-05-07 14:00:00+00:00,STAGE28A,data/reports/stage28a_discovery_factory_batch_runner/stage28a_exact_trades.csv,session_handoff_imbalance_v1,handoff_divergence_fade_h14_tp06_sl065,-4.779749999999785,-5.829749999999786,-6.529749999999785,0,0,0,1,5.829749999999786,111.4699999999998,78.80000000000018,0.07398477157360296,27.629999999999654,0.20123054650742,24.090000000000146,19.69450000000004,0.88,-1.0,,,14,2,5.0,2025
2025-05-08 14:00:00+00:00|1.0|handoff_divergence_fade_h14_tp06_sl065,2025-05-08 14:00:00+00:00,STAGE28A,data/reports/stage28a_discovery_factory_batch_runner/stage28a_exact_trades.csv,session_handoff_imbalance_v1,handoff_divergence_fade_h14_tp06_sl065,4.433199999999852,3.383199999999852,2.683199999999852,1,1,1,0,3.383199999999852,78.80000000000018,50.23000000000002,0.5377264582918525,79.16000000000031,0.8227640222334494,16.240000000000236,15.99549999999997,0.632,1.0,,,14,3,5.0,2025
2025-05-09 14:00:00+00:00|-1.0|handoff_divergence_fade_h14_tp06_sl065,2025-05-09 14:00:00+00:00,STAGE28A,data/reports/stage28a_discovery_factory_batch_runner/stage28a_exact_trades.csv,session_handoff_imbalance_v1,handoff_divergence_fade_h14_tp06_sl065,2.805999999999949,1.7559999999999492,1.0559999999999494,1,1,1,0,1.7559999999999492,126.18000000000029,49.309999999999945,0.3214358142364617,24.079999999999927,0.7093023255813945,7.75,16.309499999999957,0.662,-1.0,,,14,4,5.0,2025
2025-05-12 14:00:00+00:00|1.0|handoff_divergence_fade_h14_tp06_sl065,2025-05-12 14:00:00+00:00,STAGE28A,data/reports/stage28a_discovery_factory_batch_runner/stage28a_exact_trades.csv,session_handoff_imbalance_v1,handoff_divergence_fade_h14_tp06_sl065,-7.511700000000109,-8.56170000000011,-9.26170000000011,0,0,0,1,8.56170000000011,44.57999999999993,52.61999999999989,0.20600532117066073,70.42999999999984,0.9747266789720325,11.75,18.898500000000034,0.936,1.0,,,14,0,5.0,2025
2025-05-14 14:00:00+00:00|-1.0|handoff_divergence_fade_h14_tp06_sl065,2025-05-14 14:00:00+00:00,STAGE28A,data/reports/stage28a_discovery_factory_batch_runner/stage28a_exact_trades.csv,session_handoff_imbalance_v1,handoff_divergence_fade_h14_tp06_sl065,2.9650000000000545,1.9150000000000549,1.215000000000055,1,1,1,0,1.9150000000000549,49.629999999999654,30.800000000000182,0.849025974025972,22.360000000000127,0.1797853309481198,6.900000000000091,9.232000000000017,0.004,-1.0,,,14,2,5.0,2025
2025-05-15 14:00:00+00:00|-1.0|handoff_divergence_fade_h14_tp06_sl065,2025-05-15 14:00:00+00:00,STAGE28A,data/reports/stage28a_discovery_factory_batch_runner/stage28a_exact_trades.csv,session_handoff_imbalance_v1,handoff_divergence_fade_h14_tp06_sl065,4.638400000000184,3.5884000000001834,2.888400000000184,1,1,1,0,3.5884000000001834,88.99000000000024,44.320000000000164,0.7274368231046958,50.940000000000055,0.290341578327443,14.86999999999989,14.491500000000064,0.548,-1.0,,,14,3,5.0,2025
2025-05-19 14:00:00+00:00|-1.0|handoff_divergence_fade_h14_tp06_sl065,2025-05-19 14:00:00+00:00,STAGE28A,data/reports/stage28a_discovery_factory_batch_runner/stage28a_exact_trades.csv,session_handoff_imbalance_v1,handoff_divergence_fade_h14_tp06_sl065,3.0516999999998915,2.001699999999892,1.301699999999892,1,1,1,0,2.001699999999892,34.039999999999964,43.0,0.6297674418604634,40.88999999999987,0.7282954267547149,10.920000000000073,15.573000000000025,0.608,-1.0,,,14,0,5.0,2025
2025-05-20 14:00:00+00:00|-1.0|handoff_divergence_fade_h14_tp06_sl065,2025-05-20 14:00:00+00:00,STAGE28A,data/reports/stage28a_discovery_factory_batch_runner/stage28a_exact_trades.csv,session_handoff_imbalance_v1,handoff_divergence_fade_h14_tp06_sl065,-3.7221999999997935,-4.772199999999794,-5.472199999999793,0,0,0,1,4.772199999999794,43.039999999999964,28.140000000000327,0.5501066098080805,31.31999999999971,0.7962962962963054,6.449999999999818,9.57449999999999,0.012,-1.0,,,14,1,5.0,2025
2025-05-22 14:00:00+00:00|1.0|handoff_divergence_fade_h14_tp06_sl065,2025-05-22 14:00:00+00:00,STAGE28A,data/reports/stage28a_discovery_factory_batch_runner/stage28a_exact_trades.csv,session_handoff_imbalance_v1,handoff_divergence_fade_h14_tp06_sl065,-4.605549999999857,-5.655549999999858,-6.355549999999857,0,0,0,1,5.655549999999858,39.2800000000002,29.789999999999964,0.5877811346089219,35.23999999999978,0.8688989784336004,18.920000000000073,10.56999999999996,0.128,1.0,,,14,3,5.0,2025
2025-05-26 14:00:00+00:00|1.0|handoff_divergence_fade_h14_tp06_sl065,2025-05-26 14:00:00+00:00,STAGE28A,data/reports/stage28a_discovery_factory_batch_runner/stage28a_exact_trades.csv,session_handoff_imbalance_v1,handoff_divergence_fade_h14_tp06_sl065,2.304399999999896,1.254399999999896,0.5543999999998963,1,1,1,0,1.254399999999896,14.840000000000146,25.259999999999764,0.1270783847981024,28.269999999999982,0.6742129465864859,5.049999999999727,9.132000000000016,0.004,1.0,,,14,0,5.0,2025
2025-05-28 14:00:00+00:00|-1.0|handoff_divergence_fade_h14_tp06_sl065,2025-05-28 14:00:00+00:00,STAGE28A,data/reports/stage28a_discovery_factory_batch_runner/stage28a_exact_trades.csv,session_handoff_imbalance_v1,handoff_divergence_fade_h14_tp06_sl065,-3.3543000000000576,-4.404300000000058,-5.104300000000057,0,0,0,1,4.404300000000058,64.65999999999985,24.050000000000182,0.22910602910601754,31.070000000000164,0.8464757000321868,12.840000000000146,9.420000000000096,0.112,-1.0,,,14,2,5.0,2025
2025-05-29 14:00:00+00:00|-1.0|handoff_divergence_fade_h14_tp06_sl065,2025-05-29 14:00:00+00:00,STAGE28A,data/reports/stage28a_discovery_factory_batch_runner/stage28a_exact_trades.csv,session_handoff_imbalance_v1,handoff_divergence_fade_h14_tp06_sl065,-3.6006499999999506,-4.650649999999951,-5.35064999999995,0,0,0,1,4.650649999999951,48.7199999999998,49.67000000000007,0.2415945238574589,23.240000000000236,0.3222891566265129,18.809999999999945,14.389999999999963,0.772,-1.0,,,14,3,5.0,2025
2025-05-30 14:00:00+00:00|-1.0|handoff_divergence_fade_h14_tp06_sl065,2025-05-30 14:00:00+00:00,STAGE28A,data/reports/stage28a_discovery_factory_batch_runner/stage28a_exact_trades.csv,session_handoff_imbalance_v1,handoff_divergence_fade_h14_tp06_sl065,-3.7956500000001134,-4.845650000000115,-5.545650000000114,0,0,0,1,4.845650000000115,85.5,31.449999999999818,0.6311605723370437,17.59999999999991,0.06193181818182677,8.069999999999709,9.245499999999993,0.096,-1.0,,,14,4,5.0,2025
2025-06-02 14:00:00+00:00|-1.0|handoff_divergence_fade_h14_tp06_sl065,2025-06-02 14:00:00+00:00,STAGE28A,data/reports/stage28a_discovery_factory_batch_runner/stage28a_exact_trades.csv,session_handoff_imbalance_v1,handoff_divergence_fade_h14_tp06_sl065,-3.968550000000141,-5.0185500000001415,-5.718550000000141,0,0,0,1,5.0185500000001415,19.170000000000073,20.759999999999764,0.2076107899807319,50.04999999999973,0.7880119880119933,6.839999999999691,10.013999999999964,0.2,-1.0,,,14,0,6.0,2025
2025-06-05 14:00:00+00:00|-1.0|handoff_divergence_fade_h14_tp06_sl065,2025-06-05 14:00:00+00:00,STAGE28A,data/reports/stage28a_discovery_factory_batch_runner/stage28a_exact_trades.csv,session_handoff_imbalance_v1,handoff_divergence_fade_h14_tp06_sl065,2.4817000000001825,1.4317000000001827,0.731700000000183,1,1,1,0,1.4317000000001827,40.88999999999987,15.769999999999982,0.24413443246670347,30.279999999999745,0.6647952443857423,12.13000000000011,8.082500000000005,0.052,-1.0,,,14,3,6.0,2025
2025-06-06 14:00:00+00:00|1.0|handoff_divergence_fade_h14_tp06_sl065,2025-06-06 14:00:00+00:00,STAGE28A,data/reports/stage28a_discovery_factory_batch_runner/stage28a_exact_trades.csv,session_handoff_imbalance_v1,handoff_divergence_fade_h14_tp06_sl065,-3.248349999999937,-4.298349999999937,-4.998349999999936,0,0,0,1,4.298349999999937,64.22000000000025,18.7199999999998,0.5694444444444671,22.740000000000236,0.5721196130167143,5.029999999999745,9.93100000000004,0.32,1.0,,,14,4,6.0,2025
2025-06-09 14:00:00+00:00|-1.0|handoff_divergence_fade_h14_tp06_sl065,2025-06-09 14:00:00+00:00,STAGE28A,data/reports/stage28a_discovery_factory_batch_runner/stage28a_exact_trades.csv,session_handoff_imbalance_v1,handoff_divergence_fade_h14_tp06_sl065,1.9920999999998457,0.9420999999998458,0.2420999999998461,1,1,1,0,0.9420999999998458,11.909999999999854,27.629999999999654,0.1458559536735523,19.210000000000036,0.4122852680895397,7.5900000000001455,9.076000000000068,0.148,-1.0,,,14,0,6.0,2025
2025-06-10 14:00:00+00:00|-1.0|handoff_divergence_fade_h14_tp06_sl065,2025-06-10 14:00:00+00:00,STAGE28A,data/reports/stage28a_discovery_factory_batch_runner/stage28a_exact_trades.csv,session_handoff_imbalance_v1,handoff_divergence_fade_h14_tp06_sl065,2.276800000000003,1.226800000000003,0.5268000000000033,1,1,1,0,1.226800000000003,44.629999999999654,25.990000000000236,0.6167756829549673,31.990000000000236,0.6927164738980977,7.8400000000001455,8.300499999999989,0.056,-1.0,,,14,1,6.0,2025
2025-06-12 14:00:00+00:00|1.0|handoff_divergence_fade_h14_tp06_sl065,2025-06-12 14:00:00+00:00,STAGE28A,data/reports/stage28a_discovery_factory_batch_runner/stage28a_exact_trades.csv,session_handoff_imbalance_v1,handoff_divergence_fade_h14_tp06_sl065,-5.03552499999987,-6.085524999999871,-6.78552499999987,0,0,0,1,6.085524999999871,54.10999999999967,21.41000000000031,0.20597851471274128,37.07999999999993,0.21467098166127432,23.409999999999854,13.124000000000024,0.932,1.0,,,14,3,6.0,2025
2025-06-13 14:00:00+00:00|1.0|handoff_divergence_fade_h14_tp06_sl065,2025-06-13 14:00:00+00:00,STAGE28A,data/reports/stage28a_discovery_factory_batch_runner/stage28a_exact_trades.csv,session_handoff_imbalance_v1,handoff_divergence_fade_h14_tp06_sl065,-4.505775000000176,-5.555775000000176,-6.255775000000176,0,0,0,1,5.555775000000176,60.320000000000164,64.65000000000009,0.6521268368136086,22.43000000000029,0.05840392331698299,15.980000000000018,12.420500000000015,0.892,1.0,,,14,4,6.0,2025
2025-06-18 14:00:00+00:00|1.0|handoff_divergence_fade_h14_tp06_sl065,2025-06-18 14:00:00+00:00,STAGE28A,data/reports/stage28a_discovery_factory_batch_runner/stage28a_exact_trades.csv,session_handoff_imbalance_v1,handoff_divergence_fade_h14_tp06_sl065,2.055699999999797,1.005699999999797,0.3056999999997973,1,1,1,0,1.005699999999797,37.070000000000164,25.65000000000009,0.08109161793372008,24.519999999999982,0.5236541598695006,6.75,8.582000000000017,0.072,1.0,,,14,2,6.0,2025
2025-06-25 14:00:00+00:00|1.0|handoff_divergence_fade_h14_tp06_sl065,2025-06-25 14:00:00+00:00,STAGE28A,data/reports/stage28a_discovery_factory_batch_runner/stage28a_exact_trades.csv,session_handoff_imbalance_v1,handoff_divergence_fade_h14_tp06_sl065,-2.903199999999833,-3.953199999999833,-4.653199999999833,0,0,0,1,3.953199999999833,74.55999999999995,14.210000000000036,0.4693877551020447,15.5,0.19935483870965748,5.170000000000073,6.224499999999966,0.004,1.0,,,14,2,6.0,2025
2025-07-03 14:00:00+00:00|-1.0|handoff_divergence_fade_h14_tp06_sl065,2025-07-03 14:00:00+00:00,STAGE28A,data/reports/stage28a_discovery_factory_batch_runner/stage28a_exact_trades.csv,session_handoff_imbalance_v1,handoff_divergence_fade_h14_tp06_sl065,-2.8814250000001267,-3.9314250000001274,-4.631425000000126,0,0,0,1,3.9314250000001274,34.559999999999945,23.829999999999927,0.607217792698292,19.84999999999991,0.10277078085642181,10.509999999999764,7.666499999999928,0.272,-1.0,,,14,3,7.0,2025
2025-07-10 14:00:00+00:00|-1.0|handoff_divergence_fade_h14_tp06_sl065,2025-07-10 14:00:00+00:00,STAGE28A,data/reports/stage28a_discovery_factory_batch_runner/stage28a_exact_trades.csv,session_handoff_imbalance_v1,handoff_divergence_fade_h14_tp06_sl065,1.6701999999999315,0.6201999999999317,-0.079800000000068,1,0,1,0,0.6201999999999317,37.20999999999958,12.9699999999998,0.29452582883575695,15.36999999999989,0.698113207547176,6.4699999999998,6.402499999999963,0.052,-1.0,,,14,3,7.0,2025
2025-07-11 14:00:00+00:00|1.0|handoff_divergence_fade_h14_tp06_sl065,2025-07-11 14:00:00+00:00,STAGE28A,data/reports/stage28a_discovery_factory_batch_runner/stage28a_exact_trades.csv,session_handoff_imbalance_v1,handoff_divergence_fade_h14_tp06_sl065,-3.04295000000011,-4.09295000000011,-4.7929500000001095,0,0,0,1,4.09295000000011,20.15000000000009,14.420000000000073,0.7302357836338521,14.16000000000031,0.4067796610169557,8.710000000000036,6.863499999999999,0.112,1.0,,,14,4,7.0,2025
2025-07-14 14:00:00+00:00|-1.0|handoff_divergence_fade_h14_tp06_sl065,2025-07-14 14:00:00+00:00,STAGE28A,data/reports/stage28a_discovery_factory_batch_runner/stage28a_exact_trades.csv,session_handoff_imbalance_v1,handoff_divergence_fade_h14_tp06_sl065,2.0412999999997736,0.9912999999997738,0.2912999999997741,1,1,1,0,0.9912999999997738,11.590000000000146,20.139999999999873,0.6156901688182805,21.2199999999998,0.6291234684260363,4.9099999999998545,7.4965000000000375,0.324,-1.0,,,14,0,7.0,2025
2025-07-18 14:00:00+00:00|-1.0|handoff_divergence_fade_h14_tp06_sl065,2025-07-18 14:00:00+00:00,STAGE28A,data/reports/stage28a_discovery_factory_batch_runner/stage28a_exact_trades.csv,session_handoff_imbalance_v1,handoff_divergence_fade_h14_tp06_sl065,1.6087000000001352,0.5587000000001354,-0.1412999999998643,1,0,1,0,0.5587000000001354,42.3100000000004,10.190000000000055,0.85083415112856,23.110000000000127,0.7676330592817022,4.820000000000164,5.431500000000028,0.004,-1.0,,,14,4,7.0,2025
2025-07-23 14:00:00+00:00|-1.0|handoff_divergence_fade_h14_tp06_sl065,2025-07-23 14:00:00+00:00,STAGE28A,data/reports/stage28a_discovery_factory_batch_runner/stage28a_exact_trades.csv,session_handoff_imbalance_v1,handoff_divergence_fade_h14_tp06_sl065,-2.696825000000081,-3.7468250000000807,-4.44682500000008,0,0,0,1,3.7468250000000807,50.26999999999998,19.579999999999927,0.24463738508682234,17.449999999999818,0.462464183381077,10.359999999999673,6.727999999999929,0.236,-1.0,,,14,2,7.0,2025
2025-07-28 14:00:00+00:00|1.0|handoff_divergence_fade_h14_tp06_sl065,2025-07-28 14:00:00+00:00,STAGE28A,data/reports/stage28a_discovery_factory_batch_runner/stage28a_exact_trades.csv,session_handoff_imbalance_v1,handoff_divergence_fade_h14_tp06_sl065,1.679199999999946,0.6291999999999462,-0.0708000000000534,1,0,1,0,0.6291999999999462,18.269999999999982,26.029999999999745,0.5220898962735412,12.829999999999927,0.4263445050662378,4.569999999999709,7.525999999999885,0.508,1.0,,,14,0,7.0,2025
2025-07-29 14:00:00+00:00|-1.0|handoff_divergence_fade_h14_tp06_sl065,2025-07-29 14:00:00+00:00,STAGE28A,data/reports/stage28a_discovery_factory_batch_runner/stage28a_exact_trades.csv,session_handoff_imbalance_v1,handoff_divergence_fade_h14_tp06_sl065,2.20600000000004,1.15600000000004,0.4560000000000404,1,1,1,0,1.15600000000004,43.44999999999982,13.079999999999927,0.1551987767583912,20.879999999999654,0.5727969348659117,4.360000000000127,6.443999999999937,0.196,-1.0,,,14,1,7.0,2025
2025-08-01 14:00:00+00:00|-1.0|handoff_divergence_fade_h14_tp06_sl065,2025-08-01 14:00:00+00:00,STAGE28A,data/reports/stage28a_discovery_factory_batch_runner/stage28a_exact_trades.csv,session_handoff_imbalance_v1,handoff_divergence_fade_h14_tp06_sl065,1.777599999999802,0.7275999999998022,0.0275999999998024,1,1,1,0,0.7275999999998022,40.809999999999945,15.559999999999945,0.23136246786631887,15.069999999999709,0.20570670205709513,9.699999999999818,6.984499999999935,0.296,-1.0,,,14,4,8.0,2025
2025-08-04 14:00:00+00:00|1.0|handoff_divergence_fade_h14_tp06_sl065,2025-08-04 14:00:00+00:00,STAGE28A,data/reports/stage28a_discovery_factory_batch_runner/stage28a_exact_trades.csv,session_handoff_imbalance_v1,handoff_divergence_fade_h14_tp06_sl065,-2.822600000000057,-3.8726000000000567,-4.572600000000056,0,0,0,1,3.8726000000000567,11.5300000000002,24.079999999999927,0.04734219269104364,10.960000000000036,0.21350364963504906,5.899999999999636,7.652500000000032,0.468,1.0,,,14,0,8.0,2025
2025-08-07 14:00:00+00:00|1.0|handoff_divergence_fade_h14_tp06_sl065,2025-08-07 14:00:00+00:00,STAGE28A,data/reports/stage28a_discovery_factory_batch_runner/stage28a_exact_trades.csv,session_handoff_imbalance_v1,handoff_divergence_fade_h14_tp06_sl065,-3.926625000000149,-4.9766250000001495,-5.676625000000149,0,0,0,1,4.9766250000001495,27.139999999999873,18.960000000000036,0.3992616033755353,25.840000000000146,0.11803405572754296,7.0099999999997635,7.968499999999994,0.596,1.0,,,14,3,8.0,2025
2025-08-12 14:00:00+00:00|1.0|handoff_divergence_fade_h14_tp06_sl065,2025-08-12 14:00:00+00:00,STAGE28A,data/reports/stage28a_discovery_factory_batch_runner/stage28a_exact_trades.csv,session_handoff_imbalance_v1,handoff_divergence_fade_h14_tp06_sl065,-3.335450000000128,-4.385450000000128,-5.085450000000128,0,0,0,1,4.385450000000128,64.0300000000002,15.070000000000164,0.16323822163238286,15.83999999999969,0.24368686868688147,6.539999999999964,8.069999999999983,0.472,1.0,,,14,1,8.0,2025
2025-08-13 14:00:00+00:00|-1.0|handoff_divergence_fade_h14_tp06_sl065,2025-08-13 14:00:00+00:00,STAGE28A,data/reports/stage28a_discovery_factory_batch_runner/stage28a_exact_trades.csv,session_handoff_imbalance_v1,handoff_divergence_fade_h14_tp06_sl065,-2.790099999999802,-3.840099999999802,-4.540099999999802,0,0,0,1,3.840099999999802,28.0300000000002,11.659999999999854,0.07375643224701013,21.079999999999927,0.7191650853890115,3.9099999999998545,6.57000000000005,0.092,-1.0,,,14,2,8.0,2025
2025-08-14 14:00:00+00:00|1.0|handoff_divergence_fade_h14_tp06_sl065,2025-08-14 14:00:00+00:00,STAGE28A,data/reports/stage28a_discovery_factory_batch_runner/stage28a_exact_trades.csv,session_handoff_imbalance_v1,handoff_divergence_fade_h14_tp06_sl065,2.651200000000153,1.6012000000001536,0.901200000000154,1,1,1,0,1.6012000000001536,28.230000000000018,19.61999999999989,0.1432212028542284,24.98999999999978,0.16966786714686968,6.880000000000109,7.410999999999968,0.316,1.0,,,14,3,8.0,2025
2025-08-15 14:00:00+00:00|1.0|handoff_divergence_fade_h14_tp06_sl065,2025-08-15 14:00:00+00:00,STAGE28A,data/reports/stage28a_discovery_factory_batch_runner/stage28a_exact_trades.csv,session_handoff_imbalance_v1,handoff_divergence_fade_h14_tp06_sl065,1.9383999999999104,0.8883999999999106,0.1883999999999108,1,1,1,0,0.8883999999999106,45.40000000000009,12.629999999999654,0.795724465558231,10.309999999999945,0.07468477206595402,6.339999999999691,5.830999999999972,0.02,1.0,,,14,4,8.0,2025
2025-08-25 14:00:00+00:00|1.0|handoff_divergence_fade_h14_tp06_sl065,2025-08-25 14:00:00+00:00,STAGE28A,data/reports/stage28a_discovery_factory_batch_runner/stage28a_exact_trades.csv,session_handoff_imbalance_v1,handoff_divergence_fade_h14_tp06_sl065,1.0060000000002218,-0.0439999999997779,-0.7439999999997777,0,0,0,0,0.0439999999997779,6.210000000000036,12.260000000000218,0.0016313213703084382,8.019999999999982,0.02369077306733853,3.269999999999982,4.7970000000000255,0.036,1.0,,,14,0,8.0,2025
2025-08-27 14:00:00+00:00|-1.0|handoff_divergence_fade_h14_tp06_sl065,2025-08-27 14:00:00+00:00,STAGE28A,data/reports/stage28a_discovery_factory_batch_runner/stage28a_exact_trades.csv,session_handoff_imbalance_v1,handoff_divergence_fade_h14_tp06_sl065,1.377100000000064,0.3271000000000641,-0.3728999999999356,1,0,1,0,0.3271000000000641,42.19999999999982,13.800000000000182,0.7543478260869689,11.629999999999654,0.21066208082548113,4.2800000000002,5.426999999999998,0.208,-1.0,,,14,2,8.0,2025
2025-08-28 14:00:00+00:00|-1.0|handoff_divergence_fade_h14_tp06_sl065,2025-08-28 14:00:00+00:00,STAGE28A,data/reports/stage28a_discovery_factory_batch_runner/stage28a_exact_trades.csv,session_handoff_imbalance_v1,handoff_divergence_fade_h14_tp06_sl065,-2.1966499999999543,-3.246649999999954,-3.946649999999954,0,0,0,1,3.246649999999954,25.049999999999727,15.08999999999969,0.3770709078860286,13.86999999999989,0.6560922855083227,5.380000000000109,5.012500000000022,0.1,-1.0,,,14,3,8.0,2025
2025-09-02 14:00:00+00:00|1.0|handoff_divergence_fade_h14_tp06_sl065,2025-09-02 14:00:00+00:00,STAGE28A,data/reports/stage28a_discovery_factory_batch_runner/stage28a_exact_trades.csv,session_handoff_imbalance_v1,handoff_divergence_fade_h14_tp06_sl065,-3.579200000000219,-4.629200000000219,-5.329200000000219,0,0,0,1,4.629200000000219,52.74000000000024,34.159999999999854,0.5793325526932098,28.289999999999964,0.6564156945917191,10.1899999999996,8.386499999999955,0.88,1.0,,,14,1,9.0,2025
2025-09-04 14:00:00+00:00|-1.0|handoff_divergence_fade_h14_tp06_sl065,2025-09-04 14:00:00+00:00,STAGE28A,data/reports/stage28a_discovery_factory_batch_runner/stage28a_exact_trades.csv,session_handoff_imbalance_v1,handoff_divergence_fade_h14_tp06_sl065,2.5561000000001517,1.5061000000001514,0.8061000000001517,1,1,1,0,1.5061000000001514,52.10999999999967,52.7800000000002,0.6220159151193596,20.90000000000009,0.44928229665073144,8.409999999999854,10.760500000000025,0.912,-1.0,,,14,3,9.0,2025
2025-09-05 14:00:00+00:00|1.0|handoff_divergence_fade_h14_tp06_sl065,2025-09-05 14:00:00+00:00,STAGE28A,data/reports/stage28a_discovery_factory_batch_runner/stage28a_exact_trades.csv,session_handoff_imbalance_v1,handoff_divergence_fade_h14_tp06_sl065,1.6026999999998224,0.5526999999998226,-0.1473000000001771,1,0,1,0,0.5526999999998226,52.7800000000002,19.300000000000182,0.9113989637305453,16.36999999999989,0.3671350030543835,3.5,7.8579999999999925,0.552,1.0,,,14,4,9.0,2025
2025-09-08 14:00:00+00:00|-1.0|handoff_divergence_fade_h14_tp06_sl065,2025-09-08 14:00:00+00:00,STAGE28A,data/reports/stage28a_discovery_factory_batch_runner/stage28a_exact_trades.csv,session_handoff_imbalance_v1,handoff_divergence_fade_h14_tp06_sl065,2.511699999999928,1.461699999999928,0.7616999999999283,1,1,1,0,1.461699999999928,18.25,18.559999999999945,0.46821120689655604,37.679999999999836,0.8017515923566924,8.760000000000218,9.243000000000029,0.588,-1.0,,,14,0,9.0,2025
2025-09-12 14:00:00+00:00|1.0|handoff_divergence_fade_h14_tp06_sl065,2025-09-12 14:00:00+00:00,STAGE28A,data/reports/stage28a_discovery_factory_batch_runner/stage28a_exact_trades.csv,session_handoff_imbalance_v1,handoff_divergence_fade_h14_tp06_sl065,-2.959100000000126,-4.009100000000126,-4.7091000000001255,0,0,0,1,4.009100000000126,36.26999999999998,22.779999999999745,0.7949956101843867,19.06999999999971,0.3455689564761296,5.980000000000018,6.641999999999962,0.072,1.0,,,14,4,9.0,2025
2025-09-15 14:00:00+00:00|1.0|handoff_divergence_fade_h14_tp06_sl065,2025-09-15 14:00:00+00:00,STAGE28A,data/reports/stage28a_discovery_factory_batch_runner/stage28a_exact_trades.csv,session_handoff_imbalance_v1,handoff_divergence_fade_h14_tp06_sl065,-2.9230250000001434,-3.9730250000001432,-4.673025000000143,0,0,0,1,3.9730250000001432,6.779999999999745,19.769999999999982,0.2063732928679783,13.239999999999782,0.3904833836857782,7.160000000000309,6.4509999999999765,0.044,1.0,,,14,0,9.0,2025
2025-09-18 14:00:00+00:00|-1.0|handoff_divergence_fade_h14_tp06_sl065,2025-09-18 14:00:00+00:00,STAGE28A,data/reports/stage28a_discovery_factory_batch_runner/stage28a_exact_trades.csv,session_handoff_imbalance_v1,handoff_divergence_fade_h14_tp06_sl065,2.6811999999998988,1.631199999999899,0.9311999999998992,1,1,1,0,1.631199999999899,61.32999999999993,20.0,0.2259999999999991,39.059999999999945,0.33666154633895684,6.970000000000255,13.359500000000049,0.988,-1.0,,,14,3,9.0,2025
2025-09-24 14:00:00+00:00|-1.0|handoff_divergence_fade_h14_tp06_sl065,2025-09-24 14:00:00+00:00,STAGE28A,data/reports/stage28a_discovery_factory_batch_runner/stage28a_exact_trades.csv,session_handoff_imbalance_v1,handoff_divergence_fade_h14_tp06_sl065,2.114500000000044,1.0645000000000435,0.364500000000044,1,1,1,0,1.0645000000000435,54.13000000000011,21.070000000000164,0.0014238253440790275,15.989999999999782,0.18886804252658054,8.899999999999636,10.448000000000002,0.788,-1.0,,,14,2,9.0,2025
2025-09-25 14:00:00+00:00|-1.0|handoff_divergence_fade_h14_tp06_sl065,2025-09-25 14:00:00+00:00,STAGE28A,data/reports/stage28a_discovery_factory_batch_runner/stage28a_exact_trades.csv,session_handoff_imbalance_v1,handoff_divergence_fade_h14_tp06_sl065,-3.971474999999919,-5.021474999999919,-5.721474999999918,0,0,0,1,5.021474999999919,61.67000000000007,22.409999999999854,0.1976796073181758,29.980000000000018,0.6774516344229464,5.1599999999998545,10.226000000000022,0.756,-1.0,,,14,3,9.0,2025
2025-09-26 14:00:00+00:00|-1.0|handoff_divergence_fade_h14_tp06_sl065,2025-09-26 14:00:00+00:00,STAGE28A,data/reports/stage28a_discovery_factory_batch_runner/stage28a_exact_trades.csv,session_handoff_imbalance_v1,handoff_divergence_fade_h14_tp06_sl065,-2.923675000000094,-3.9736750000000938,-4.6736750000000935,0,0,0,1,3.9736750000000938,39.82999999999993,18.800000000000182,0.17819148936169557,15.920000000000073,0.3762562814070483,11.75,10.182999999999947,0.656,-1.0,,,14,4,9.0,2025
2025-09-30 14:00:00+00:00|1.0|handoff_divergence_fade_h14_tp06_sl065,2025-09-30 14:00:00+00:00,STAGE28A,data/reports/stage28a_discovery_factory_batch_runner/stage28a_exact_trades.csv,session_handoff_imbalance_v1,handoff_divergence_fade_h14_tp06_sl065,5.576800000000185,4.5268000000001845,3.826800000000185,1,1,1,0,4.5268000000001845,77.67000000000007,41.659999999999854,0.817330772923675,78.48999999999978,0.8421454962415664,16.300000000000182,12.581999999999994,0.884,1.0,,,14,1,9.0,2025
2025-10-03 14:00:00+00:00|-1.0|handoff_divergence_fade_h14_tp06_sl065,2025-10-03 14:00:00+00:00,STAGE28A,data/reports/stage28a_discovery_factory_batch_runner/stage28a_exact_trades.csv,session_handoff_imbalance_v1,handoff_divergence_fade_h14_tp06_sl065,-2.8814250000001267,-3.9314250000001274,-4.631425000000126,0,0,0,1,3.9314250000001274,77.53999999999996,25.700000000000273,0.5634241245136135,24.0,0.8966666666666848,5.519999999999982,9.910000000000059,0.26,-1.0,,,14,4,10.0,2025
2025-10-07 14:00:00+00:00|1.0|handoff_divergence_fade_h14_tp06_sl065,2025-10-07 14:00:00+00:00,STAGE28A,data/reports/stage28a_discovery_factory_batch_runner/stage28a_exact_trades.csv,session_handoff_imbalance_v1,handoff_divergence_fade_h14_tp06_sl065,-4.249675000000115,-5.299675000000116,-5.999675000000115,0,0,0,1,5.299675000000116,85.76000000000022,21.690000000000055,0.4568925772245405,35.98000000000002,0.5075041689827741,8.850000000000364,11.615999999999985,0.416,1.0,,,14,1,10.0,2025
2025-10-10 14:00:00+00:00|-1.0|handoff_divergence_fade_h14_tp06_sl065,2025-10-10 14:00:00+00:00,STAGE28A,data/reports/stage28a_discovery_factory_batch_runner/stage28a_exact_trades.csv,session_handoff_imbalance_v1,handoff_divergence_fade_h14_tp06_sl065,4.7305000000000295,3.680500000000029,2.980500000000029,1,1,1,0,3.680500000000029,113.48000000000002,36.04999999999973,0.3722607489597829,59.940000000000055,0.5652318985652256,9.400000000000091,20.048000000000048,0.964,-1.0,,,14,4,10.0,2025
2025-10-14 14:00:00+00:00|1.0|handoff_divergence_fade_h14_tp06_sl065,2025-10-14 14:00:00+00:00,STAGE28A,data/reports/stage28a_discovery_factory_batch_runner/stage28a_exact_trades.csv,session_handoff_imbalance_v1,handoff_divergence_fade_h14_tp06_sl065,6.822999999999775,5.772999999999774,5.072999999999775,1,1,1,0,5.772999999999774,117.94000000000051,59.97999999999956,0.8072690896965726,89.0300000000002,0.4022239694485041,19.029999999999745,20.52099999999998,0.916,1.0,,,14,1,10.0,2025
2025-10-16 14:00:00+00:00|1.0|handoff_divergence_fade_h14_tp06_sl065,2025-10-16 14:00:00+00:00,STAGE28A,data/reports/stage28a_discovery_factory_batch_runner/stage28a_exact_trades.csv,session_handoff_imbalance_v1,handoff_divergence_fade_h14_tp06_sl065,3.6777999999998423,2.627799999999843,1.9277999999998432,1,1,1,0,2.627799999999843,77.52000000000044,42.5,0.4825882352941014,37.970000000000255,0.15011851461679696,11.80999999999949,15.288000000000057,0.516,1.0,,,14,3,10.0,2025
2025-10-17 14:00:00+00:00|1.0|handoff_divergence_fade_h14_tp06_sl065,2025-10-17 14:00:00+00:00,STAGE28A,data/reports/stage28a_discovery_factory_batch_runner/stage28a_exact_trades.csv,session_handoff_imbalance_v1,handoff_divergence_fade_h14_tp06_sl065,8.373100000000159,7.323100000000158,6.623100000000159,1,1,1,0,7.323100000000158,151.92999999999938,100.69999999999982,0.19721946375372104,66.96000000000004,0.39575866188769393,22.4399999999996,31.051000000000023,0.988,1.0,,,14,4,10.0,2025
2025-10-20 14:00:00+00:00|1.0|handoff_divergence_fade_h14_tp06_sl065,2025-10-20 14:00:00+00:00,STAGE28A,data/reports/stage28a_discovery_factory_batch_runner/stage28a_exact_trades.csv,session_handoff_imbalance_v1,handoff_divergence_fade_h14_tp06_sl065,5.274099999999999,4.224099999999998,3.524099999999999,1,1,1,0,4.224099999999998,35.11999999999989,55.51999999999953,0.16264409221903336,46.61000000000058,0.08496030894655819,15.180000000000291,25.701999999999998,0.868,1.0,,,14,0,10.0,2025
2025-10-22 14:00:00+00:00|1.0|handoff_divergence_fade_h14_tp06_sl065,2025-10-22 14:00:00+00:00,STAGE28A,data/reports/stage28a_discovery_factory_batch_runner/stage28a_exact_trades.csv,session_handoff_imbalance_v1,handoff_divergence_fade_h14_tp06_sl065,-15.44722499999998,-16.49722499999998,-17.19722499999998,0,0,0,1,16.49722499999998,295.0600000000004,138.77999999999975,0.038406110390545735,101.29000000000042,0.5831770164873084,66.73999999999978,38.06950000000004,0.952,1.0,,,14,2,10.0,2025
2025-10-23 14:00:00+00:00|-1.0|handoff_divergence_fade_h14_tp06_sl065,2025-10-23 14:00:00+00:00,STAGE28A,data/reports/stage28a_discovery_factory_batch_runner/stage28a_exact_trades.csv,session_handoff_imbalance_v1,handoff_divergence_fade_h14_tp06_sl065,6.737499999999637,5.687499999999636,4.987499999999637,1,1,1,0,5.687499999999636,157.02000000000044,50.55000000000018,0.21444114737883493,57.909999999999854,0.5752029010533513,23.36999999999989,24.460500000000003,0.636,-1.0,,,14,3,10.0,2025
2025-10-24 14:00:00+00:00|1.0|handoff_divergence_fade_h14_tp06_sl065,2025-10-24 14:00:00+00:00,STAGE28A,data/reports/stage28a_discovery_factory_batch_runner/stage28a_exact_trades.csv,session_handoff_imbalance_v1,handoff_divergence_fade_h14_tp06_sl065,-7.772674999999799,-8.8226749999998,-9.5226749999998,0,0,0,1,8.8226749999998,88.6899999999996,38.25,0.15895424836603494,75.71000000000004,0.8109893012812054,17.139999999999873,19.1660000000001,0.284,1.0,,,14,4,10.0,2025
2025-10-29 14:00:00+00:00|-1.0|handoff_divergence_fade_h14_tp06_sl065,2025-10-29 14:00:00+00:00,STAGE28A,data/reports/stage28a_discovery_factory_batch_runner/stage28a_exact_trades.csv,session_handoff_imbalance_v1,handoff_divergence_fade_h14_tp06_sl065,4.380399999999918,3.330399999999918,2.630399999999918,1,1,1,0,3.330399999999918,133.21000000000004,66.23999999999978,0.04649758454106186,79.11000000000013,0.9027935785614961,15.309999999999945,20.386000000000035,0.232,-1.0,,,14,2,10.0,2025
2025-10-31 14:00:00+00:00|-1.0|handoff_divergence_fade_h14_tp06_sl065,2025-10-31 14:00:00+00:00,STAGE28A,data/reports/stage28a_discovery_factory_batch_runner/stage28a_exact_trades.csv,session_handoff_imbalance_v1,handoff_divergence_fade_h14_tp06_sl065,-5.46810000000014,-6.518100000000141,-7.21810000000014,0,0,0,1,6.518100000000141,127.87000000000035,56.88000000000011,0.31223628691983446,32.74000000000024,0.06047648136835687,9.449999999999818,18.043000000000053,0.004,-1.0,,,14,4,10.0,2025
2025-11-03 14:00:00+00:00|1.0|handoff_divergence_fade_h14_tp06_sl065,2025-11-03 14:00:00+00:00,STAGE28A,data/reports/stage28a_discovery_factory_batch_runner/stage28a_exact_trades.csv,session_handoff_imbalance_v1,handoff_divergence_fade_h14_tp06_sl065,-5.463225000000056,-6.513225000000057,-7.213225000000056,0,0,0,1,6.513225000000057,21.11999999999989,53.05000000000018,0.45730442978322594,34.289999999999964,0.13648293963255456,14.319999999999709,19.584499999999956,0.1,1.0,,,14,0,11.0,2025
2025-11-04 14:00:00+00:00|-1.0|handoff_divergence_fade_h14_tp06_sl065,2025-11-04 14:00:00+00:00,STAGE28A,data/reports/stage28a_discovery_factory_batch_runner/stage28a_exact_trades.csv,session_handoff_imbalance_v1,handoff_divergence_fade_h14_tp06_sl065,3.297699999999986,2.2476999999999863,1.5476999999999863,1,1,1,0,2.2476999999999863,68.20000000000027,30.5,0.3872131147540966,33.81999999999971,0.24837374334712325,8.659999999999854,14.225999999999999,0.004,-1.0,,,14,1,11.0,2025
2025-11-11 14:00:00+00:00|1.0|handoff_divergence_fade_h14_tp06_sl065,2025-11-11 14:00:00+00:00,STAGE28A,data/reports/stage28a_discovery_factory_batch_runner/stage28a_exact_trades.csv,session_handoff_imbalance_v1,handoff_divergence_fade_h14_tp06_sl065,2.837799999999697,1.7877999999996974,1.0877999999996977,1,1,1,0,1.7877999999996974,122.17999999999984,33.89000000000033,0.6878135143110113,21.980000000000473,0.06505914467699091,5.4099999999998545,10.778499999999894,0.028,1.0,,,14,1,11.0,2025
2025-11-12 14:00:00+00:00|-1.0|handoff_divergence_fade_h14_tp06_sl065,2025-11-12 14:00:00+00:00,STAGE28A,data/reports/stage28a_discovery_factory_batch_runner/stage28a_exact_trades.csv,session_handoff_imbalance_v1,handoff_divergence_fade_h14_tp06_sl065,3.6678999999998263,2.617899999999827,1.9178999999998272,1,1,1,0,2.617899999999827,51.600000000000364,41.720000000000255,0.7739693192713271,34.56999999999971,0.5001446340757915,7.949999999999818,12.275000000000045,0.2,-1.0,,,14,2,11.0,2025
2025-11-14 14:00:00+00:00|1.0|handoff_divergence_fade_h14_tp06_sl065,2025-11-14 14:00:00+00:00,STAGE28A,data/reports/stage28a_discovery_factory_batch_runner/stage28a_exact_trades.csv,session_handoff_imbalance_v1,handoff_divergence_fade_h14_tp06_sl065,6.198700000000281,5.1487000000002805,4.448700000000281,1,1,1,0,5.1487000000002805,100.11999999999989,41.19999999999982,0.4191747572815438,44.849999999999454,0.7906354515050271,39.17000000000007,19.617499999999836,0.876,1.0,,,14,4,11.0,2025
2025-11-17 14:00:00+00:00|-1.0|handoff_divergence_fade_h14_tp06_sl065,2025-11-17 14:00:00+00:00,STAGE28A,data/reports/stage28a_discovery_factory_batch_runner/stage28a_exact_trades.csv,session_handoff_imbalance_v1,handoff_divergence_fade_h14_tp06_sl065,-6.000125000000116,-7.050125000000117,-7.750125000000116,0,0,0,1,7.050125000000117,32.4699999999998,36.690000000000055,0.48460070863996113,46.059999999999945,0.18019973947025048,25.009999999999764,19.67849999999987,0.828,-1.0,,,14,0,11.0,2025
2025-11-18 14:00:00+00:00|-1.0|handoff_divergence_fade_h14_tp06_sl065,2025-11-18 14:00:00+00:00,STAGE28A,data/reports/stage28a_discovery_factory_batch_runner/stage28a_exact_trades.csv,session_handoff_imbalance_v1,handoff_divergence_fade_h14_tp06_sl065,4.964800000000105,3.914800000000105,3.214800000000105,1,1,1,0,3.914800000000105,99.80999999999995,50.38999999999987,0.5225243103790433,52.279999999999745,0.644988523335883,13.309999999999945,19.88149999999998,0.788,-1.0,,,14,1,11.0,2025
2025-11-19 14:00:00+00:00|-1.0|handoff_divergence_fade_h14_tp06_sl065,2025-11-19 14:00:00+00:00,STAGE28A,data/reports/stage28a_discovery_factory_batch_runner/stage28a_exact_trades.csv,session_handoff_imbalance_v1,handoff_divergence_fade_h14_tp06_sl065,4.392699999999786,3.342699999999786,2.6426999999997864,1,1,1,0,3.342699999999786,84.03999999999996,24.850000000000364,0.06156941649900111,44.95000000000027,0.7506117908787447,10.979999999999563,14.947000000000093,0.496,-1.0,,,14,2,11.0,2025
2025-11-24 14:00:00+00:00|-1.0|handoff_divergence_fade_h14_tp06_sl065,2025-11-24 14:00:00+00:00,STAGE28A,data/reports/stage28a_discovery_factory_batch_runner/stage28a_exact_trades.csv,session_handoff_imbalance_v1,handoff_divergence_fade_h14_tp06_sl065,-4.580849999999918,-5.630849999999919,-6.330849999999918,0,0,0,1,5.630849999999919,12.110000000000127,37.090000000000146,0.8398490159072518,37.44999999999982,0.5321762349799837,8.519999999999982,15.180000000000017,0.26,-1.0,,,14,0,11.0,2025
2025-11-27 14:00:00+00:00|-1.0|handoff_divergence_fade_h14_tp06_sl065,2025-11-27 14:00:00+00:00,STAGE28A,data/reports/stage28a_discovery_factory_batch_runner/stage28a_exact_trades.csv,session_handoff_imbalance_v1,handoff_divergence_fade_h14_tp06_sl065,2.316699999999764,1.2666999999997643,0.5666999999997646,1,1,1,0,1.2666999999997643,43.900000000000546,25.909999999999854,0.5461211887302441,22.269999999999527,0.26178715761113835,6.5,8.787999999999874,0.004,-1.0,,,14,3,11.0,2025
2025-11-28 14:00:00+00:00|1.0|handoff_divergence_fade_h14_tp06_sl065,2025-11-28 14:00:00+00:00,STAGE28A,data/reports/stage28a_discovery_factory_batch_runner/stage28a_exact_trades.csv,session_handoff_imbalance_v1,handoff_divergence_fade_h14_tp06_sl065,-6.939049999999588,-7.989049999999587,-8.689049999999588,0,0,0,1,7.989049999999587,25.909999999999854,34.81999999999971,0.7268811028144659,34.909999999999854,0.7023775422514933,17.409999999999854,11.150499999999965,0.104,1.0,,,14,4,11.0,2025
2025-12-03 14:00:00+00:00|1.0|handoff_divergence_fade_h14_tp06_sl065,2025-12-03 14:00:00+00:00,STAGE28A,data/reports/stage28a_discovery_factory_batch_runner/stage28a_exact_trades.csv,session_handoff_imbalance_v1,handoff_divergence_fade_h14_tp06_sl065,2.78799999999992,1.73799999999992,1.0379999999999203,1,1,1,0,1.73799999999992,72.11999999999989,26.11999999999989,0.3575803981623348,29.220000000000255,0.7488021902806269,12.029999999999745,11.38050000000003,0.12,1.0,,,14,2,12.0,2025
2025-12-04 14:00:00+00:00|-1.0|handoff_divergence_fade_h14_tp06_sl065,2025-12-04 14:00:00+00:00,STAGE28A,data/reports/stage28a_discovery_factory_batch_runner/stage28a_exact_trades.csv,session_handoff_imbalance_v1,handoff_divergence_fade_h14_tp06_sl065,3.0087999999999737,1.958799999999974,1.2587999999999742,1,1,1,0,1.958799999999974,46.89000000000033,29.470000000000255,0.34747200542923967,27.340000000000146,0.009509875640095717,9.300000000000182,12.4875,0.176,-1.0,,,14,3,12.0,2025
2025-12-08 14:00:00+00:00|1.0|handoff_divergence_fade_h14_tp06_sl065,2025-12-08 14:00:00+00:00,STAGE28A,data/reports/stage28a_discovery_factory_batch_runner/stage28a_exact_trades.csv,session_handoff_imbalance_v1,handoff_divergence_fade_h14_tp06_sl065,-3.879824999999619,-4.929824999999619,-5.629824999999618,0,0,0,1,4.929824999999619,15.210000000000036,19.06999999999971,0.39066596748819776,17.710000000000036,0.29587803500850823,14.490000000000691,11.110000000000174,0.168,1.0,,,14,0,12.0,2025
2025-12-09 14:00:00+00:00|-1.0|handoff_divergence_fade_h14_tp06_sl065,2025-12-09 14:00:00+00:00,STAGE28A,data/reports/stage28a_discovery_factory_batch_runner/stage28a_exact_trades.csv,session_handoff_imbalance_v1,handoff_divergence_fade_h14_tp06_sl065,-3.746249999999782,-4.796249999999782,-5.496249999999781,0,0,0,1,4.796249999999782,42.48999999999978,14.079999999999927,0.5589488636363588,42.75,0.39836257309940926,5.170000000000073,9.7474999999999,0.108,-1.0,,,14,1,12.0,2025
2025-12-11 14:00:00+00:00|-1.0|handoff_divergence_fade_h14_tp06_sl065,2025-12-11 14:00:00+00:00,STAGE28A,data/reports/stage28a_discovery_factory_batch_runner/stage28a_exact_trades.csv,session_handoff_imbalance_v1,handoff_divergence_fade_h14_tp06_sl065,2.56359999999986,1.5135999999998604,0.8135999999998607,1,1,1,0,1.5135999999998604,56.650000000000546,39.13999999999942,0.4757281553398101,21.590000000000146,0.1491431218156662,9.289999999999964,13.664499999999908,0.648,-1.0,,,14,3,12.0,2025
2025-12-12 14:00:00+00:00|-1.0|handoff_divergence_fade_h14_tp06_sl065,2025-12-12 14:00:00+00:00,STAGE28A,data/reports/stage28a_discovery_factory_batch_runner/stage28a_exact_trades.csv,session_handoff_imbalance_v1,handoff_divergence_fade_h14_tp06_sl065,-4.887650000000212,-5.937650000000213,-6.637650000000212,0,0,0,1,5.937650000000213,81.61000000000058,18.800000000000182,0.5281914893616642,64.73999999999978,0.9800741427247597,12.260000000000218,12.594500000000016,0.468,-1.0,,,14,4,12.0,2025
2025-12-17 14:00:00+00:00|1.0|handoff_divergence_fade_h14_tp06_sl065,2025-12-17 14:00:00+00:00,STAGE28A,data/reports/stage28a_discovery_factory_batch_runner/stage28a_exact_trades.csv,session_handoff_imbalance_v1,handoff_divergence_fade_h14_tp06_sl065,3.0148000000002866,1.9648000000002868,1.264800000000287,1,1,1,0,1.9648000000002868,63.220000000000255,29.93000000000029,0.7327096558636541,35.470000000000255,0.33718635466591346,5.380000000000109,12.561000000000103,0.464,1.0,,,14,2,12.0,2025
2025-12-19 14:00:00+00:00|-1.0|handoff_divergence_fade_h14_tp06_sl065,2025-12-19 14:00:00+00:00,STAGE28A,data/reports/stage28a_discovery_factory_batch_runner/stage28a_exact_trades.csv,session_handoff_imbalance_v1,handoff_divergence_fade_h14_tp06_sl065,-2.951300000000265,-4.001300000000265,-4.7013000000002645,0,0,0,1,4.001300000000265,65.72000000000025,27.599999999999454,0.44818840579710634,15.989999999999782,0.3089430894308735,4.279999999999745,12.863999999999805,0.488,-1.0,,,14,4,12.0,2025
2025-12-23 14:00:00+00:00|1.0|handoff_divergence_fade_h14_tp06_sl065,2025-12-23 14:00:00+00:00,STAGE28A,data/reports/stage28a_discovery_factory_batch_runner/stage28a_exact_trades.csv,session_handoff_imbalance_v1,handoff_divergence_fade_h14_tp06_sl065,2.7303999999998267,1.680399999999827,0.9803999999998272,1,1,1,0,1.680399999999827,122.74000000000069,52.289999999999964,0.42991011665709655,23.69000000000051,0.08104685521313305,11.11999999999989,11.705499999999983,0.32,1.0,,,14,1,12.0,2025
2026-01-06 14:00:00+00:00|1.0|handoff_divergence_fade_h14_tp06_sl065,2026-01-06 14:00:00+00:00,STAGE28A,data/reports/stage28a_discovery_factory_batch_runner/stage28a_exact_trades.csv,session_handoff_imbalance_v1,handoff_divergence_fade_h14_tp06_sl065,3.769300000000294,2.719300000000294,2.0193000000002943,1,1,1,0,2.719300000000294,110.64000000000033,40.539999999999964,0.6625555007400024,32.960000000000036,0.46450242718447765,15.720000000000255,15.115499999999974,0.272,1.0,,,14,1,1.0,2026
2026-01-08 14:00:00+00:00|-1.0|handoff_divergence_fade_h14_tp06_sl065,2026-01-08 14:00:00+00:00,STAGE28A,data/reports/stage28a_discovery_factory_batch_runner/stage28a_exact_trades.csv,session_handoff_imbalance_v1,handoff_divergence_fade_h14_tp06_sl065,-4.462224999999853,-5.512224999999853,-6.212224999999853,0,0,0,1,5.512224999999853,76.98000000000047,36.0,0.8824999999999869,24.0,0.07875000000001364,10.659999999999854,13.829000000000041,0.06,-1.0,,,14,3,1.0,2026
2026-01-09 14:00:00+00:00|-1.0|handoff_divergence_fade_h14_tp06_sl065,2026-01-09 14:00:00+00:00,STAGE28A,data/reports/stage28a_discovery_factory_batch_runner/stage28a_exact_trades.csv,session_handoff_imbalance_v1,handoff_divergence_fade_h14_tp06_sl065,-3.6253499999998895,-4.67534999999989,-5.375349999999889,0,0,0,1,4.67534999999989,71.64000000000033,31.079999999999927,0.352960102960112,19.199999999999818,0.4234375000000097,7.3200000000006185,11.874500000000172,0.004,-1.0,,,14,4,1.0,2026
2026-01-15 14:00:00+00:00|-1.0|handoff_divergence_fade_h14_tp06_sl065,2026-01-15 14:00:00+00:00,STAGE28A,data/reports/stage28a_discovery_factory_batch_runner/stage28a_exact_trades.csv,session_handoff_imbalance_v1,handoff_divergence_fade_h14_tp06_sl065,-3.9087500000001456,-4.958750000000146,-5.658750000000145,0,0,0,1,4.958750000000146,55.220000000000255,51.470000000000255,0.4453079463765292,39.04999999999927,0.7062740076824697,7.449999999999818,16.015000000000008,0.404,-1.0,,,14,3,1.0,2026
2026-01-19 14:00:00+00:00|-1.0|handoff_divergence_fade_h14_tp06_sl065,2026-01-19 14:00:00+00:00,STAGE28A,data/reports/stage28a_discovery_factory_batch_runner/stage28a_exact_trades.csv,session_handoff_imbalance_v1,handoff_divergence_fade_h14_tp06_sl065,3.107800000000134,2.057800000000134,1.3578000000001342,1,1,1,0,2.057800000000134,70.75,70.75,0.13371024734982384,17.730000000000473,0.0383530738860842,7.729999999999563,19.610500000000002,0.852,-1.0,,,14,0,1.0,2026
2026-01-21 14:00:00+00:00|1.0|handoff_divergence_fade_h14_tp06_sl065,2026-01-21 14:00:00+00:00,STAGE28A,data/reports/stage28a_discovery_factory_batch_runner/stage28a_exact_trades.csv,session_handoff_imbalance_v1,handoff_divergence_fade_h14_tp06_sl065,-6.495424999999704,-7.545424999999705,-8.245424999999704,0,0,0,1,7.545424999999705,117.38999999999942,112.94999999999982,0.7990261177512187,55.72999999999956,0.06728871343979956,16.329999999999927,21.908000000000037,0.88,1.0,,,14,2,1.0,2026
2026-01-29 14:00:00+00:00|1.0|handoff_divergence_fade_h14_tp06_sl065,2026-01-29 14:00:00+00:00,STAGE28A,data/reports/stage28a_discovery_factory_batch_runner/stage28a_exact_trades.csv,session_handoff_imbalance_v1,handoff_divergence_fade_h14_tp06_sl065,-14.749124999999912,-15.799124999999911,-16.499124999999914,0,0,0,1,15.799124999999911,367.5100000000002,177.09000000000015,0.2549551075724185,120.55000000000018,0.6137702198257957,57.88000000000011,58.16300000000005,0.988,1.0,,,14,3,1.0,2026
2026-02-02 14:00:00+00:00|-1.0|handoff_divergence_fade_h14_tp06_sl065,2026-02-02 14:00:00+00:00,STAGE28A,data/reports/stage28a_discovery_factory_batch_runner/stage28a_exact_trades.csv,session_handoff_imbalance_v1,handoff_divergence_fade_h14_tp06_sl065,-28.57137500000008,-29.62137500000008,-30.32137500000008,0,0,0,1,29.62137500000008,168.01999999999953,300.52999999999975,0.20949655608425147,330.25,0.07887963663891047,75.32999999999993,131.77799999999974,0.98,-1.0,,,14,0,2.0,2026
2026-02-04 14:00:00+00:00|1.0|handoff_divergence_fade_h14_tp06_sl065,2026-02-04 14:00:00+00:00,STAGE28A,data/reports/stage28a_discovery_factory_batch_runner/stage28a_exact_trades.csv,session_handoff_imbalance_v1,handoff_divergence_fade_h14_tp06_sl065,10.25440000000017,9.204400000000168,8.50440000000017,1,1,1,0,9.204400000000168,327.28999999999996,170.6200000000008,0.7802133395850385,50.0,0.6368000000000029,39.69999999999982,45.91349999999993,0.568,1.0,,,14,2,2.0,2026
2026-02-10 14:00:00+00:00|-1.0|handoff_divergence_fade_h14_tp06_sl065,2026-02-10 14:00:00+00:00,STAGE28A,data/reports/stage28a_discovery_factory_batch_runner/stage28a_exact_trades.csv,session_handoff_imbalance_v1,handoff_divergence_fade_h14_tp06_sl065,-7.9189249999995805,-8.968924999999581,-9.66892499999958,0,0,0,1,8.968924999999581,121.23000000000047,87.30999999999949,0.0027488260222276097,51.73999999999978,0.304020100502523,13.070000000000618,27.509499999999935,0.04,-1.0,,,14,1,2.0,2026
2026-02-13 14:00:00+00:00|1.0|handoff_divergence_fade_h14_tp06_sl065,2026-02-13 14:00:00+00:00,STAGE28A,data/reports/stage28a_discovery_factory_batch_runner/stage28a_exact_trades.csv,session_handoff_imbalance_v1,handoff_divergence_fade_h14_tp06_sl065,-9.140275000000292,-10.190275000000293,-10.890275000000292,0,0,0,1,10.190275000000293,221.16999999999916,110.14999999999964,0.510939627780299,44.63000000000011,0.5969079094779152,20.909999999999854,38.98449999999984,0.412,1.0,,,14,4,2.0,2026
2026-02-16 14:00:00+00:00|-1.0|handoff_divergence_fade_h14_tp06_sl065,2026-02-16 14:00:00+00:00,STAGE28A,data/reports/stage28a_discovery_factory_batch_runner/stage28a_exact_trades.csv,session_handoff_imbalance_v1,handoff_divergence_fade_h14_tp06_sl065,-5.202249999999912,-6.252249999999913,-6.952249999999912,0,0,0,1,6.252249999999913,39.280000000000655,77.38000000000011,0.561643835616438,50.88000000000011,0.5548349056603676,8.860000000000582,21.48149999999996,0.02,-1.0,,,14,0,2.0,2026
2026-02-18 14:00:00+00:00|1.0|handoff_divergence_fade_h14_tp06_sl065,2026-02-18 14:00:00+00:00,STAGE28A,data/reports/stage28a_discovery_factory_batch_runner/stage28a_exact_trades.csv,session_handoff_imbalance_v1,handoff_divergence_fade_h14_tp06_sl065,-5.05470000000023,-6.10470000000023,-6.80470000000023,0,0,0,1,6.10470000000023,157.21000000000004,86.19999999999982,0.8678654292343452,32.5,0.6058461538461415,11.230000000000473,19.071499999999922,0.024,1.0,,,14,2,2.0,2026
2026-02-24 14:00:00+00:00|-1.0|handoff_divergence_fade_h14_tp06_sl065,2026-02-24 14:00:00+00:00,STAGE28A,data/reports/stage28a_discovery_factory_batch_runner/stage28a_exact_trades.csv,session_handoff_imbalance_v1,handoff_divergence_fade_h14_tp06_sl065,4.4860000000002405,3.43600000000024,2.7360000000002405,1,1,1,0,3.43600000000024,139.01000000000022,104.50999999999931,0.6400344464644605,29.329999999999927,0.16365496079100558,7.389999999999418,22.717499999999973,0.356,-1.0,,,14,1,2.0,2026
2026-02-26 14:00:00+00:00|1.0|handoff_divergence_fade_h14_tp06_sl065,2026-02-26 14:00:00+00:00,STAGE28A,data/reports/stage28a_discovery_factory_batch_runner/stage28a_exact_trades.csv,session_handoff_imbalance_v1,handoff_divergence_fade_h14_tp06_sl065,-6.038474999999925,-7.088474999999926,-7.788474999999925,0,0,0,1,7.088474999999926,94.65999999999985,43.400000000000546,0.6817972350230362,39.1899999999996,0.5435059964276703,17.039999999999964,20.832999999999902,0.284,1.0,,,14,3,2.0,2026
2026-03-02 14:00:00+00:00|-1.0|handoff_divergence_fade_h14_tp06_sl065,2026-03-02 14:00:00+00:00,STAGE28A,data/reports/stage28a_discovery_factory_batch_runner/stage28a_exact_trades.csv,session_handoff_imbalance_v1,handoff_divergence_fade_h14_tp06_sl065,7.601500000000124,6.551500000000123,5.851500000000124,1,1,1,0,6.551500000000123,87.94000000000051,89.74000000000069,0.3510140405616198,78.23999999999978,0.43366564417177245,25.390000000000327,32.934500000000114,0.96,-1.0,,,14,0,3.0,2026
2026-03-03 14:00:00+00:00|1.0|handoff_divergence_fade_h14_tp06_sl065,2026-03-03 14:00:00+00:00,STAGE28A,data/reports/stage28a_discovery_factory_batch_runner/stage28a_exact_trades.csv,session_handoff_imbalance_v1,handoff_divergence_fade_h14_tp06_sl065,-22.562774999999966,-23.612774999999964,-24.312774999999966,0,0,0,1,23.612774999999964,158.2599999999993,50.460000000000036,0.2964724534284587,140.09999999999945,0.804354032833697,189.3800000000001,41.96899999999996,1.0,1.0,,,14,1,3.0,2026
2026-03-05 14:00:00+00:00|1.0|handoff_divergence_fade_h14_tp06_sl065,2026-03-05 14:00:00+00:00,STAGE28A,data/reports/stage28a_discovery_factory_batch_runner/stage28a_exact_trades.csv,session_handoff_imbalance_v1,handoff_divergence_fade_h14_tp06_sl065,-7.339775000000008,-8.389775000000009,-9.089775000000008,0,0,0,1,8.389775000000009,121.39000000000033,50.22999999999956,0.11108899064304152,59.60999999999967,0.12028183190739997,11.019999999999527,23.210999999999878,0.44,1.0,,,14,3,3.0,2026
2026-03-06 14:00:00+00:00|1.0|handoff_divergence_fade_h14_tp06_sl065,2026-03-06 14:00:00+00:00,STAGE28A,data/reports/stage28a_discovery_factory_batch_runner/stage28a_exact_trades.csv,session_handoff_imbalance_v1,handoff_divergence_fade_h14_tp06_sl065,-8.788299999999799,-9.8382999999998,-10.5382999999998,0,0,0,1,9.8382999999998,143.6899999999996,76.73999999999978,0.5422204847537111,54.25,0.6733640552995345,36.460000000000036,25.72950000000001,0.492,1.0,,,14,4,3.0,2026
2026-03-11 14:00:00+00:00|1.0|handoff_divergence_fade_h14_tp06_sl065,2026-03-11 14:00:00+00:00,STAGE28A,data/reports/stage28a_discovery_factory_batch_runner/stage28a_exact_trades.csv,session_handoff_imbalance_v1,handoff_divergence_fade_h14_tp06_sl065,-7.128849999999693,-8.178849999999693,-8.878849999999693,0,0,0,1,8.178849999999693,121.13000000000011,39.590000000000146,0.15584743622126926,35.25,0.5140425531914863,17.69000000000051,19.71550000000002,0.052,1.0,,,14,2,3.0,2026
2026-03-13 14:00:00+00:00|1.0|handoff_divergence_fade_h14_tp06_sl065,2026-03-13 14:00:00+00:00,STAGE28A,data/reports/stage28a_discovery_factory_batch_runner/stage28a_exact_trades.csv,session_handoff_imbalance_v1,handoff_divergence_fade_h14_tp06_sl065,6.501099999999861,5.45109999999986,4.751099999999861,1,1,1,0,5.45109999999986,136.32999999999993,55.710000000000036,0.1202656614611347,49.1299999999992,0.19967433340117344,21.409999999999854,18.93500000000008,0.028,1.0,,,14,4,3.0,2026
2026-03-16 14:00:00+00:00|1.0|handoff_divergence_fade_h14_tp06_sl065,2026-03-16 14:00:00+00:00,STAGE28A,data/reports/stage28a_discovery_factory_batch_runner/stage28a_exact_trades.csv,session_handoff_imbalance_v1,handoff_divergence_fade_h14_tp06_sl065,-8.462325000000055,-9.512325000000056,-10.212325000000057,0,0,0,1,9.512325000000056,62.539999999999964,62.710000000000036,0.2433423696380196,65.6899999999996,0.21205662962398336,29.25999999999931,28.326999999999817,0.516,1.0,,,14,0,3.0,2026
2026-03-17 14:00:00+00:00|1.0|handoff_divergence_fade_h14_tp06_sl065,2026-03-17 14:00:00+00:00,STAGE28A,data/reports/stage28a_discovery_factory_batch_runner/stage28a_exact_trades.csv,session_handoff_imbalance_v1,handoff_divergence_fade_h14_tp06_sl065,-6.208124999999745,-7.258124999999746,-7.958124999999745,0,0,0,1,7.258124999999746,69.77000000000044,46.720000000000255,0.5355308219178146,52.33000000000084,0.7177527231033611,14.5,17.92800000000011,0.004,1.0,,,14,1,3.0,2026
2026-03-18 14:00:00+00:00|-1.0|handoff_divergence_fade_h14_tp06_sl065,2026-03-18 14:00:00+00:00,STAGE28A,data/reports/stage28a_discovery_factory_batch_runner/stage28a_exact_trades.csv,session_handoff_imbalance_v1,handoff_divergence_fade_h14_tp06_sl065,-9.109724999999887,-10.15972499999989,-10.859724999999887,0,0,0,1,10.15972499999989,70.88000000000011,33.909999999999854,0.4624004718371999,57.25,0.3369432314410474,48.67999999999938,16.116499999999906,0.048,-1.0,,,14,2,3.0,2026
2026-03-19 14:00:00+00:00|1.0|handoff_divergence_fade_h14_tp06_sl065,2026-03-19 14:00:00+00:00,STAGE28A,data/reports/stage28a_discovery_factory_batch_runner/stage28a_exact_trades.csv,session_handoff_imbalance_v1,handoff_divergence_fade_h14_tp06_sl065,16.501300000000263,15.451300000000264,14.751300000000263,1,1,1,0,15.451300000000264,209.3699999999999,62.36999999999989,0.2081128747795494,187.1199999999999,0.911928174433516,48.470000000000255,34.19349999999999,0.916,1.0,,,14,3,3.0,2026
2026-03-20 14:00:00+00:00|1.0|handoff_divergence_fade_h14_tp06_sl065,2026-03-20 14:00:00+00:00,STAGE28A,data/reports/stage28a_discovery_factory_batch_runner/stage28a_exact_trades.csv,session_handoff_imbalance_v1,handoff_divergence_fade_h14_tp06_sl065,-12.057475000000158,-13.10747500000016,-13.807475000000158,0,0,0,1,13.10747500000016,364.7399999999998,101.35999999999967,0.7723954222573028,96.74000000000069,0.788918751292124,37.100000000000364,35.32399999999998,0.824,1.0,,,14,4,3.0,2026
2026-03-24 14:00:00+00:00|-1.0|handoff_divergence_fade_h14_tp06_sl065,2026-03-24 14:00:00+00:00,STAGE28A,data/reports/stage28a_discovery_factory_batch_runner/stage28a_exact_trades.csv,session_handoff_imbalance_v1,handoff_divergence_fade_h14_tp06_sl065,12.630400000000373,11.580400000000372,10.880400000000373,1,1,1,0,11.580400000000372,437.1700000000001,141.98999999999978,0.7553348827382221,121.75,0.8636550308008258,67.23000000000047,50.217000000000056,0.828,-1.0,,,14,1,3.0,2026
2026-03-25 14:00:00+00:00|1.0|handoff_divergence_fade_h14_tp06_sl065,2026-03-25 14:00:00+00:00,STAGE28A,data/reports/stage28a_discovery_factory_batch_runner/stage28a_exact_trades.csv,session_handoff_imbalance_v1,handoff_divergence_fade_h14_tp06_sl065,-8.593625000000065,-9.643625000000066,-10.343625000000063,0,0,0,1,9.643625000000066,245.17999999999938,146.3800000000001,0.1763902172427906,45.51999999999953,0.31480667838313,29.51000000000022,36.59450000000006,0.628,1.0,,,14,2,3.0,2026
2026-03-26 14:00:00+00:00|1.0|handoff_divergence_fade_h14_tp06_sl065,2026-03-26 14:00:00+00:00,STAGE28A,data/reports/stage28a_discovery_factory_batch_runner/stage28a_exact_trades.csv,session_handoff_imbalance_v1,handoff_divergence_fade_h14_tp06_sl065,-11.829000000000269,-12.87900000000027,-13.579000000000269,0,0,0,1,12.87900000000027,146.3800000000001,54.910000000000764,0.4028410125660095,109.26000000000022,0.7089511257550786,37.30999999999949,33.79450000000006,0.556,1.0,,,14,3,3.0,2026
2026-03-27 14:00:00+00:00|1.0|handoff_divergence_fade_h14_tp06_sl065,2026-03-27 14:00:00+00:00,STAGE28A,data/reports/stage28a_discovery_factory_batch_runner/stage28a_exact_trades.csv,session_handoff_imbalance_v1,handoff_divergence_fade_h14_tp06_sl065,-6.985524999999688,-8.035524999999689,-8.735524999999688,0,0,0,1,8.035524999999689,192.66000000000076,73.67999999999938,0.5563246471226945,64.27999999999975,0.48397635345363715,21.970000000000255,31.505499999999937,0.388,1.0,,,14,4,3.0,2026
2026-04-06 14:00:00+00:00|-1.0|handoff_divergence_fade_h14_tp06_sl065,2026-04-06 14:00:00+00:00,STAGE28A,data/reports/stage28a_discovery_factory_batch_runner/stage28a_exact_trades.csv,session_handoff_imbalance_v1,handoff_divergence_fade_h14_tp06_sl065,-7.398600000000078,-8.448600000000079,-9.148600000000078,0,0,0,1,8.448600000000079,51.22999999999956,70.59000000000015,0.08358124380224584,66.5,0.7993984962405993,12.300000000000182,29.091999999999917,0.084,-1.0,,,14,0,4.0,2026
2026-04-07 14:00:00+00:00|-1.0|handoff_divergence_fade_h14_tp06_sl065,2026-04-07 14:00:00+00:00,STAGE28A,data/reports/stage28a_discovery_factory_batch_runner/stage28a_exact_trades.csv,session_handoff_imbalance_v1,handoff_divergence_fade_h14_tp06_sl065,-10.209199999999871,-11.259199999999874,-11.959199999999871,0,0,0,1,11.259199999999874,105.48999999999978,51.460000000000036,0.17061795569375532,71.22999999999956,0.3018391127334007,31.409999999999854,22.44949999999985,0.052,-1.0,,,14,1,4.0,2026
2026-04-09 14:00:00+00:00|-1.0|handoff_divergence_fade_h14_tp06_sl065,2026-04-09 14:00:00+00:00,STAGE28A,data/reports/stage28a_discovery_factory_batch_runner/stage28a_exact_trades.csv,session_handoff_imbalance_v1,handoff_divergence_fade_h14_tp06_sl065,-7.145750000000225,-8.195750000000226,-8.895750000000225,0,0,0,1,8.195750000000226,154.54999999999927,33.960000000000036,0.176972909305071,29.56999999999971,0.5989178221170176,22.900000000000546,21.678000000000065,0.044,-1.0,,,14,3,4.0,2026
2026-04-10 14:00:00+00:00|1.0|handoff_divergence_fade_h14_tp06_sl065,2026-04-10 14:00:00+00:00,STAGE28A,data/reports/stage28a_discovery_factory_batch_runner/stage28a_exact_trades.csv,session_handoff_imbalance_v1,handoff_divergence_fade_h14_tp06_sl065,4.815100000000166,3.765100000000166,3.0651000000001662,1,1,1,0,3.765100000000166,102.13000000000011,41.600000000000364,0.05817307692307817,39.80999999999949,0.3765385581512176,18.090000000000146,18.050999999999977,0.004,1.0,,,14,4,4.0,2026
2026-04-16 14:00:00+00:00|1.0|handoff_divergence_fade_h14_tp06_sl065,2026-04-16 14:00:00+00:00,STAGE28A,data/reports/stage28a_discovery_factory_batch_runner/stage28a_exact_trades.csv,session_handoff_imbalance_v1,handoff_divergence_fade_h14_tp06_sl065,4.296399999999631,3.2463999999996305,2.5463999999996307,1,1,1,0,3.2463999999996305,85.13999999999942,46.51999999999953,0.3555460017196933,31.529999999999745,0.35172851252775883,12.069999999999709,15.250500000000011,0.004,1.0,,,14,3,4.0,2026
2026-04-17 14:00:00+00:00|-1.0|handoff_divergence_fade_h14_tp06_sl065,2026-04-17 14:00:00+00:00,STAGE28A,data/reports/stage28a_discovery_factory_batch_runner/stage28a_exact_trades.csv,session_handoff_imbalance_v1,handoff_divergence_fade_h14_tp06_sl065,-4.8632750000002485,-5.913275000000249,-6.6132750000002485,0,0,0,1,5.913275000000249,65.03999999999996,33.399999999999636,0.042215568862271555,27.38000000000011,0.10336011687362731,11.720000000000255,13.384500000000026,0.004,-1.0,,,14,4,4.0,2026
2026-04-22 14:00:00+00:00|1.0|handoff_divergence_fade_h14_tp06_sl065,2026-04-22 14:00:00+00:00,STAGE28A,data/reports/stage28a_discovery_factory_batch_runner/stage28a_exact_trades.csv,session_handoff_imbalance_v1,handoff_divergence_fade_h14_tp06_sl065,3.079599999999482,2.029599999999482,1.3295999999994823,1,1,1,0,2.029599999999482,164.42000000000007,49.36000000000058,0.7803889789302891,19.909999999999854,0.14364640883980928,14.219999999999345,20.076999999999906,0.564,1.0,,,14,2,4.0,2026
2026-04-24 14:00:00+00:00|-1.0|handoff_divergence_fade_h14_tp06_sl065,2026-04-24 14:00:00+00:00,STAGE28A,data/reports/stage28a_discovery_factory_batch_runner/stage28a_exact_trades.csv,session_handoff_imbalance_v1,handoff_divergence_fade_h14_tp06_sl065,4.761100000000079,3.711100000000079,3.011100000000079,1,1,1,0,3.711100000000079,89.48000000000047,42.279999999999745,0.4973982970671682,39.52000000000044,0.2608805668016267,11.539999999999964,20.03449999999998,0.68,-1.0,,,14,4,4.0,2026
2026-04-27 14:00:00+00:00|1.0|handoff_divergence_fade_h14_tp06_sl065,2026-04-27 14:00:00+00:00,STAGE28A,data/reports/stage28a_discovery_factory_batch_runner/stage28a_exact_trades.csv,session_handoff_imbalance_v1,handoff_divergence_fade_h14_tp06_sl065,2.9349999999998544,1.8849999999998543,1.1849999999998548,1,1,1,0,1.8849999999998543,19.25,57.220000000000255,0.6957357567284206,30.449999999999818,0.671592775041049,11.1299999999992,13.310500000000001,0.016,1.0,,,14,0,4.0,2026
2026-04-29 14:00:00+00:00|1.0|handoff_divergence_fade_h14_tp06_sl065,2026-04-29 14:00:00+00:00,STAGE28A,data/reports/stage28a_discovery_factory_batch_runner/stage28a_exact_trades.csv,session_handoff_imbalance_v1,handoff_divergence_fade_h14_tp06_sl065,-6.071950000000106,-7.121950000000107,-7.821950000000106,0,0,0,1,7.121950000000107,146.2599999999993,33.97999999999956,0.036492054149493754,55.970000000000255,0.707343219581902,21.5,15.137500000000182,0.252,1.0,,,14,2,4.0,2026
2026-05-08 14:00:00+00:00|1.0|handoff_divergence_fade_h14_tp06_sl065,2026-05-08 14:00:00+00:00,STAGE28A,data/reports/stage28a_discovery_factory_batch_runner/stage28a_exact_trades.csv,session_handoff_imbalance_v1,handoff_divergence_fade_h14_tp06_sl065,4.88949999999968,3.83949999999968,3.13949999999968,1,1,1,0,3.83949999999968,80.0,50.93000000000029,0.6630669546436154,37.44000000000051,0.20619658119658518,16.61999999999989,22.197500000000172,0.952,1.0,,,14,4,5.0,2026
2026-05-13 14:00:00+00:00|-1.0|handoff_divergence_fade_h14_tp06_sl065,2026-05-13 14:00:00+00:00,STAGE28A,data/reports/stage28a_discovery_factory_batch_runner/stage28a_exact_trades.csv,session_handoff_imbalance_v1,handoff_divergence_fade_h14_tp06_sl065,4.011399999999776,2.961399999999776,2.2613999999997763,1,1,1,0,2.961399999999776,134.8199999999997,38.69000000000051,0.5420005169294386,29.390000000000327,0.16570261993874913,16.799999999999272,14.623500000000012,0.064,-1.0,,,14,2,5.0,2026
2026-05-14 14:00:00+00:00|-1.0|handoff_divergence_fade_h14_tp06_sl065,2026-05-14 14:00:00+00:00,STAGE28A,data/reports/stage28a_discovery_factory_batch_runner/stage28a_exact_trades.csv,session_handoff_imbalance_v1,handoff_divergence_fade_h14_tp06_sl065,4.708600000000297,3.658600000000297,2.958600000000297,1,1,1,0,3.658600000000297,57.02000000000044,32.970000000000255,0.7546254170457967,49.600000000000364,0.49818548387096484,14.039999999999964,16.847500000000036,0.22,-1.0,,,14,3,5.0,2026
2026-05-18 14:00:00+00:00|-1.0|handoff_divergence_fade_h14_tp06_sl065,2026-05-18 14:00:00+00:00,STAGE28A,data/reports/stage28a_discovery_factory_batch_runner/stage28a_exact_trades.csv,session_handoff_imbalance_v1,handoff_divergence_fade_h14_tp06_sl065,5.114799999999741,4.064799999999741,3.3647999999997413,1,1,1,0,4.064799999999741,26.420000000000073,74.32000000000062,0.06848762109795618,29.890000000000327,0.07862161257946933,15.529999999999745,21.863500000000112,0.824,-1.0,,,14,0,5.0,2026
2026-05-20 14:00:00+00:00|-1.0|handoff_divergence_fade_h14_tp06_sl065,2026-05-20 14:00:00+00:00,STAGE28A,data/reports/stage28a_discovery_factory_batch_runner/stage28a_exact_trades.csv,session_handoff_imbalance_v1,handoff_divergence_fade_h14_tp06_sl065,-6.141825000000244,-7.191825000000245,-7.891825000000244,0,0,0,1,7.191825000000245,124.22000000000025,55.14000000000033,0.37413855640188587,34.54999999999927,0.6208393632416865,12.1299999999992,17.51100000000006,0.208,-1.0,,,14,2,5.0,2026
2026-05-21 14:00:00+00:00|-1.0|handoff_divergence_fade_h14_tp06_sl065,2026-05-21 14:00:00+00:00,STAGE28A,data/reports/stage28a_discovery_factory_batch_runner/stage28a_exact_trades.csv,session_handoff_imbalance_v1,handoff_divergence_fade_h14_tp06_sl065,5.456800000000294,4.406800000000294,3.7068000000002943,1,1,1,0,4.406800000000294,98.85000000000036,43.460000000000036,0.26346065347445485,31.13000000000011,0.08833922261484067,30.220000000000255,17.10600000000004,0.176,-1.0,,,14,3,5.0,2026
2026-05-27 14:00:00+00:00|-1.0|handoff_divergence_fade_h14_tp06_sl065,2026-05-27 14:00:00+00:00,STAGE28A,data/reports/stage28a_discovery_factory_batch_runner/stage28a_exact_trades.csv,session_handoff_imbalance_v1,handoff_divergence_fade_h14_tp06_sl065,5.019999999999891,3.969999999999891,3.269999999999891,1,1,1,0,3.969999999999891,97.72000000000025,31.00999999999931,0.44953240890035184,41.44000000000051,0.16674710424709868,47.75999999999931,17.05499999999997,0.418,-1.0,,,14,2,5.0,2026
2026-05-28 14:00:00+00:00|-1.0|handoff_divergence_fade_h14_tp06_sl065,2026-05-28 14:00:00+00:00,STAGE28A,data/reports/stage28a_discovery_factory_batch_runner/stage28a_exact_trades.csv,session_handoff_imbalance_v1,handoff_divergence_fade_h14_tp06_sl065,4.847799999999916,3.797799999999916,3.097799999999916,1,1,1,0,3.797799999999916,126.31999999999971,97.43000000000029,0.8483013445550589,32.26000000000022,0.5855548667079755,28.329999999999927,17.274499999999808,0.372,-1.0,,,14,3,5.0,2026
2026-06-04 14:00:00+00:00|1.0|handoff_divergence_fade_h14_tp06_sl065,2026-06-04 14:00:00+00:00,STAGE28A,data/reports/stage28a_discovery_factory_batch_runner/stage28a_exact_trades.csv,session_handoff_imbalance_v1,handoff_divergence_fade_h14_tp06_sl065,-4.916574999999829,-5.96657499999983,-6.666574999999829,0,0,0,1,5.96657499999983,70.15000000000055,52.960000000000036,0.2736027190332283,25.360000000000582,0.2602523659305719,9.44000000000051,16.578499999999984,0.396,1.0,,,14,3,6.0,2026
2026-06-05 14:00:00+00:00|-1.0|handoff_divergence_fade_h14_tp06_sl065,2026-06-05 14:00:00+00:00,STAGE28A,data/reports/stage28a_discovery_factory_batch_runner/stage28a_exact_trades.csv,session_handoff_imbalance_v1,handoff_divergence_fade_h14_tp06_sl065,-4.864250000000174,-5.914250000000175,-6.614250000000174,0,0,0,1,5.914250000000175,91.14999999999964,46.159999999999854,0.5955372616984373,40.38999999999942,0.5570685813320209,6.1799999999993815,12.545000000000073,0.036,-1.0,,,14,4,6.0,2026
2026-06-09 14:00:00+00:00|1.0|handoff_divergence_fade_h14_tp06_sl065,2026-06-09 14:00:00+00:00,STAGE28A,data/reports/stage28a_discovery_factory_batch_runner/stage28a_exact_trades.csv,session_handoff_imbalance_v1,handoff_divergence_fade_h14_tp06_sl065,4.330000000000291,3.280000000000291,2.5800000000002914,1,1,1,0,3.280000000000291,84.51999999999953,29.149999999999636,0.2957118353344768,30.11999999999989,0.13313413014609007,15.25,13.794499999999834,0.036,1.0,,,14,1,6.0,2026
2026-06-12 14:00:00+00:00|-1.0|handoff_divergence_fade_h14_tp06_sl065,2026-06-12 14:00:00+00:00,STAGE28A,data/reports/stage28a_discovery_factory_batch_runner/stage28a_exact_trades.csv,session_handoff_imbalance_v1,handoff_divergence_fade_h14_tp06_sl065,6.060399999999754,5.010399999999754,4.310399999999754,1,1,1,0,5.010399999999754,195.99000000000024,75.21000000000004,0.2955723972875888,57.599999999999454,0.4303819444444479,22.73999999999978,30.211000000000105,0.912,-1.0,,,14,4,6.0,2026
2022-05-03 13:00:00+00:00|-1.0|calendar_drop_monday_h13_tp06_sl065,2022-05-03 13:00:00+00:00,STAGE28A,data/reports/stage28a_discovery_factory_batch_runner/stage28a_exact_trades.csv,calendar_time_risk_proxy_v1,calendar_drop_monday_h13_tp06_sl065,1.501599999999962,0.4515999999999622,-0.2484000000000374,1,0,1,0,0.4515999999999622,45.32999999999993,7.480000000000018,0.14705882352939925,14.160000000000082,0.34322033898305787,6.2000000000000455,5.05150000000001,,-1.0,,,13,1,5.0,2022
2022-05-04 13:00:00+00:00|1.0|calendar_drop_monday_h13_tp06_sl065,2022-05-04 13:00:00+00:00,STAGE28A,data/reports/stage28a_discovery_factory_batch_runner/stage28a_exact_trades.csv,calendar_time_risk_proxy_v1,calendar_drop_monday_h13_tp06_sl065,-1.7881249999999,-2.8381249999999,-3.5381249999999,0,0,0,0,2.8381249999999,27.660000000000082,7.819999999999936,0.5127877237851983,10.710000000000036,0.4836601307189585,3.7799999999999727,4.123500000000002,,1.0,,,13,2,5.0,2022
2022-05-05 13:00:00+00:00|-1.0|calendar_drop_monday_h13_tp06_sl065,2022-05-05 13:00:00+00:00,STAGE28A,data/reports/stage28a_discovery_factory_batch_runner/stage28a_exact_trades.csv,calendar_time_risk_proxy_v1,calendar_drop_monday_h13_tp06_sl065,1.297899999999936,0.247899999999936,-0.4521000000000637,1,0,1,0,0.247899999999936,28.319999999999936,21.529999999999973,0.8569437993497477,12.660000000000082,0.2993680884676097,5.529999999999973,6.233000000000016,0.8208955223880597,-1.0,,,13,3,5.0,2022
2022-05-06 13:00:00+00:00|1.0|calendar_drop_monday_h13_tp06_sl065,2022-05-06 13:00:00+00:00,STAGE28A,data/reports/stage28a_discovery_factory_batch_runner/stage28a_exact_trades.csv,calendar_time_risk_proxy_v1,calendar_drop_monday_h13_tp06_sl065,1.197399999999925,0.1473999999999251,-0.5526000000000746,1,0,0,0,0.1473999999999251,37.289999999999964,12.169999999999845,0.08299096138044403,11.659999999999854,0.5385934819897128,4.1599999999998545,5.233499999999981,0.23076923076923078,1.0,,,13,4,5.0,2022
2022-05-06 22:45:00+00:00|1.0|calendar_drop_monday_h13_tp06_sl065,2022-05-06 22:45:00+00:00,STAGE28A,data/reports/stage28a_discovery_factory_batch_runner/stage28a_exact_trades.csv,calendar_time_risk_proxy_v1,calendar_drop_monday_h13_tp06_sl065,1.2834999999999126,0.2334999999999127,-0.4665000000000869,1,0,1,0,0.2334999999999127,37.289999999999964,12.169999999999845,0.08299096138044403,11.659999999999854,0.5385934819897128,2.1200000000001182,5.645999999999992,0.42,1.0,,,13,4,5.0,2022
2022-05-10 13:00:00+00:00|-1.0|calendar_drop_monday_h13_tp06_sl065,2022-05-10 13:00:00+00:00,STAGE28A,data/reports/stage28a_discovery_factory_batch_runner/stage28a_exact_trades.csv,calendar_time_risk_proxy_v1,calendar_drop_monday_h13_tp06_sl065,-2.000350000000117,-3.0503500000001167,-3.750350000000117,0,0,0,0,3.0503500000001167,34.0,12.160000000000082,0.9555921052631612,7.910000000000082,0.8520859671302072,6.560000000000173,4.665000000000032,0.10071942446043165,-1.0,,,13,1,5.0,2022
2022-05-11 13:00:00+00:00|1.0|calendar_drop_monday_h13_tp06_sl065,2022-05-11 13:00:00+00:00,STAGE28A,data/reports/stage28a_discovery_factory_batch_runner/stage28a_exact_trades.csv,calendar_time_risk_proxy_v1,calendar_drop_monday_h13_tp06_sl065,-2.238899999999921,-3.2888999999999213,-3.988899999999921,0,0,0,1,3.2888999999999213,29.940000000000055,8.169999999999845,0.2643818849449355,18.360000000000127,0.8687363834422622,3.660000000000082,5.631000000000006,0.49693251533742333,1.0,,,13,2,5.0,2022
2022-05-12 13:00:00+00:00|-1.0|calendar_drop_monday_h13_tp06_sl065,2022-05-12 13:00:00+00:00,STAGE28A,data/reports/stage28a_discovery_factory_batch_runner/stage28a_exact_trades.csv,calendar_time_risk_proxy_v1,calendar_drop_monday_h13_tp06_sl065,-2.4794000000000325,-3.5294000000000323,-4.229400000000032,0,0,0,1,3.5294000000000323,25.949999999999818,7.819999999999936,0.054987212276194346,10.240000000000009,0.4843750000000031,5.4500000000000455,4.973999999999978,0.1657754010695187,-1.0,,,13,3,5.0,2022
2022-05-13 13:00:00+00:00|-1.0|calendar_drop_monday_h13_tp06_sl065,2022-05-13 13:00:00+00:00,STAGE28A,data/reports/stage28a_discovery_factory_batch_runner/stage28a_exact_trades.csv,calendar_time_risk_proxy_v1,calendar_drop_monday_h13_tp06_sl065,-1.9015499999999064,-2.9515499999999064,-3.651549999999906,0,0,0,0,2.9515499999999064,39.69999999999982,16.579999999999927,0.3455971049457203,8.480000000000018,0.22287735849057735,2.75,5.222999999999979,0.21800947867298578,-1.0,,,13,4,5.0,2022
2022-05-13 22:45:00+00:00|1.0|calendar_drop_monday_h13_tp06_sl065,2022-05-13 22:45:00+00:00,STAGE28A,data/reports/stage28a_discovery_factory_batch_runner/stage28a_exact_trades.csv,calendar_time_risk_proxy_v1,calendar_drop_monday_h13_tp06_sl065,-1.8498749999999744,-2.8998749999999744,-3.599874999999974,0,0,0,0,2.8998749999999744,39.69999999999982,16.579999999999927,0.3455971049457203,8.480000000000018,0.22287735849057735,2.4400000000000546,5.502999999999963,0.37727272727272726,1.0,,,13,4,5.0,2022
2022-05-17 13:00:00+00:00|1.0|calendar_drop_monday_h13_tp06_sl065,2022-05-17 13:00:00+00:00,STAGE28A,data/reports/stage28a_discovery_factory_batch_runner/stage28a_exact_trades.csv,calendar_time_risk_proxy_v1,calendar_drop_monday_h13_tp06_sl065,1.0684000000000196,0.0184000000000197,-0.68159999999998,1,0,0,0,0.0184000000000197,40.070000000000164,7.480000000000018,0.24064171122993985,7.629999999999882,0.7404980340760391,3.839999999999918,4.68850000000001,0.08,1.0,,,13,1,5.0,2022
2022-05-18 13:00:00+00:00|1.0|calendar_drop_monday_h13_tp06_sl065,2022-05-18 13:00:00+00:00,STAGE28A,data/reports/stage28a_discovery_factory_batch_runner/stage28a_exact_trades.csv,calendar_time_risk_proxy_v1,calendar_drop_monday_h13_tp06_sl065,1.0855000000000472,0.0355000000000473,-0.6644999999999524,1,0,0,0,0.0355000000000473,23.24000000000001,9.519999999999982,0.6102941176470542,12.180000000000064,0.9014778325123121,6.0900000000001455,4.16550000000002,0.04,1.0,,,13,2,5.0,2022
2022-05-19 13:00:00+00:00|1.0|calendar_drop_monday_h13_tp06_sl065,2022-05-19 13:00:00+00:00,STAGE28A,data/reports/stage28a_discovery_factory_batch_runner/stage28a_exact_trades.csv,calendar_time_risk_proxy_v1,calendar_drop_monday_h13_tp06_sl065,1.4100999999999655,0.3600999999999659,-0.3399000000000338,1,0,1,0,0.3600999999999659,17.430000000000064,3.7799999999999727,0.27777777777776774,19.279999999999973,0.7012448132780084,8.879999999999882,4.315999999999986,0.032,1.0,,,13,3,5.0,2022
2022-05-20 13:00:00+00:00|1.0|calendar_drop_monday_h13_tp06_sl065,2022-05-20 13:00:00+00:00,STAGE28A,data/reports/stage28a_discovery_factory_batch_runner/stage28a_exact_trades.csv,calendar_time_risk_proxy_v1,calendar_drop_monday_h13_tp06_sl065,-1.912275,-2.9622749999999995,-3.6622749999999993,0,0,0,0,2.9622749999999995,38.1400000000001,8.070000000000164,0.034696406443614256,8.430000000000064,0.6370106761565928,3.5699999999999363,3.8445000000000276,0.004,1.0,,,13,4,5.0,2022
2022-05-20 22:45:00+00:00|1.0|calendar_drop_monday_h13_tp06_sl065,2022-05-20 22:45:00+00:00,STAGE28A,data/reports/stage28a_discovery_factory_batch_runner/stage28a_exact_trades.csv,calendar_time_risk_proxy_v1,calendar_drop_monday_h13_tp06_sl065,-1.6789250000000266,-2.7289250000000265,-3.428925000000026,0,0,0,0,2.7289250000000265,38.1400000000001,8.070000000000164,0.034696406443614256,8.430000000000064,0.6370106761565928,2.7200000000000273,4.5380000000000225,0.136,1.0,,,13,4,5.0,2022
2022-05-24 13:00:00+00:00|1.0|calendar_drop_monday_h13_tp06_sl065,2022-05-24 13:00:00+00:00,STAGE28A,data/reports/stage28a_discovery_factory_batch_runner/stage28a_exact_trades.csv,calendar_time_risk_proxy_v1,calendar_drop_monday_h13_tp06_sl065,0.9370000000000346,-0.1129999999999653,-0.8129999999999651,0,0,0,0,0.1129999999999653,21.809999999999945,6.680000000000064,0.3428143712574763,10.269999999999982,0.08081791626096943,3.240000000000009,3.6629999999999994,0.012,1.0,,,13,1,5.0,2022
2022-05-25 13:00:00+00:00|-1.0|calendar_drop_monday_h13_tp06_sl065,2022-05-25 13:00:00+00:00,STAGE28A,data/reports/stage28a_discovery_factory_batch_runner/stage28a_exact_trades.csv,calendar_time_risk_proxy_v1,calendar_drop_monday_h13_tp06_sl065,-1.7527000000000954,-2.8027000000000952,-3.502700000000095,0,0,0,0,2.8027000000000952,20.420000000000073,8.389999999999873,0.43623361144218237,8.199999999999818,0.6987804878048958,3.740000000000009,3.5694999999999824,0.016,-1.0,,,13,2,5.0,2022
2022-05-26 13:00:00+00:00|-1.0|calendar_drop_monday_h13_tp06_sl065,2022-05-26 13:00:00+00:00,STAGE28A,data/reports/stage28a_discovery_factory_batch_runner/stage28a_exact_trades.csv,calendar_time_risk_proxy_v1,calendar_drop_monday_h13_tp06_sl065,0.87849999999994,-0.1715000000000599,-0.8715000000000597,0,0,0,0,0.1715000000000599,26.61999999999989,5.4699999999998,0.4369287020110032,8.629999999999882,0.5758980301274734,4.259999999999991,3.927500000000009,0.108,-1.0,,,13,3,5.0,2022
2022-05-27 13:00:00+00:00|1.0|calendar_drop_monday_h13_tp06_sl065,2022-05-27 13:00:00+00:00,STAGE28A,data/reports/stage28a_discovery_factory_batch_runner/stage28a_exact_trades.csv,calendar_time_risk_proxy_v1,calendar_drop_monday_h13_tp06_sl065,-1.6607250000000475,-2.710725000000048,-3.4107250000000477,0,0,0,0,2.710725000000048,13.589999999999918,8.430000000000064,0.3760379596678317,8.480000000000018,0.4846698113207687,3.6400000000001,3.474000000000012,0.012,1.0,,,13,4,5.0,2022
2022-05-27 22:45:00+00:00|1.0|calendar_drop_monday_h13_tp06_sl065,2022-05-27 22:45:00+00:00,STAGE28A,data/reports/stage28a_discovery_factory_batch_runner/stage28a_exact_trades.csv,calendar_time_risk_proxy_v1,calendar_drop_monday_h13_tp06_sl065,-0.35,-1.4,-2.1,0,0,0,0,1.4,13.589999999999918,8.430000000000064,0.3760379596678317,8.480000000000018,0.4846698113207687,1.9300000000000637,4.1390000000000216,0.28,1.0,,,13,4,5.0,2022
2022-05-31 13:00:00+00:00|1.0|calendar_drop_monday_h13_tp06_sl065,2022-05-31 13:00:00+00:00,STAGE28A,data/reports/stage28a_discovery_factory_batch_runner/stage28a_exact_trades.csv,calendar_time_risk_proxy_v1,calendar_drop_monday_h13_tp06_sl065,-1.5616000000000896,-2.6116000000000894,-3.311600000000089,0,0,0,0,2.6116000000000894,15.839999999999918,10.900000000000091,0.19633027522936533,8.049999999999955,0.2534161490683199,4.989999999999782,3.4480000000000017,0.08,1.0,,,13,1,5.0,2022
2022-06-01 13:00:00+00:00|-1.0|calendar_drop_monday_h13_tp06_sl065,2022-06-01 13:00:00+00:00,STAGE28A,data/reports/stage28a_discovery_factory_batch_runner/stage28a_exact_trades.csv,calendar_time_risk_proxy_v1,calendar_drop_monday_h13_tp06_sl065,-1.9333999999999836,-2.983399999999983,-3.683399999999983,0,0,0,0,2.983399999999983,22.00999999999999,5.160000000000082,0.20155038759688898,8.710000000000036,0.5993111366245701,3.490000000000009,4.145000000000016,0.456,-1.0,,,13,2,6.0,2022
2022-06-02 13:00:00+00:00|1.0|calendar_drop_monday_h13_tp06_sl065,2022-06-02 13:00:00+00:00,STAGE28A,data/reports/stage28a_discovery_factory_batch_runner/stage28a_exact_trades.csv,calendar_time_risk_proxy_v1,calendar_drop_monday_h13_tp06_sl065,-1.4182750000000852,-2.468275000000085,-3.1682750000000848,0,0,0,0,2.468275000000085,21.49000000000001,4.849999999999909,0.4659793814433058,10.8599999999999,0.8508287292817767,2.869999999999891,3.276499999999976,0.032,1.0,,,13,3,6.0,2022
2022-06-03 13:00:00+00:00|-1.0|calendar_drop_monday_h13_tp06_sl065,2022-06-03 13:00:00+00:00,STAGE28A,data/reports/stage28a_discovery_factory_batch_runner/stage28a_exact_trades.csv,calendar_time_risk_proxy_v1,calendar_drop_monday_h13_tp06_sl065,0.5875,-0.4624999999999999,-1.1624999999999996,0,0,0,0,0.4624999999999999,26.3599999999999,6.25,0.09119999999998982,5.829999999999927,0.701543739279583,1.9700000000000273,2.7125,0.004,-1.0,,,13,4,6.0,2022
2022-06-03 22:45:00+00:00|1.0|calendar_drop_monday_h13_tp06_sl065,2022-06-03 22:45:00+00:00,STAGE28A,data/reports/stage28a_discovery_factory_batch_runner/stage28a_exact_trades.csv,calendar_time_risk_proxy_v1,calendar_drop_monday_h13_tp06_sl065,-0.35,-1.4,-2.1,0,0,0,0,1.4,26.3599999999999,6.25,0.09119999999998982,5.829999999999927,0.701543739279583,3.3999999999998636,3.9710000000000036,0.48,1.0,,,13,4,6.0,2022
2022-06-07 13:00:00+00:00|1.0|calendar_drop_monday_h13_tp06_sl065,2022-06-07 13:00:00+00:00,STAGE28A,data/reports/stage28a_discovery_factory_batch_runner/stage28a_exact_trades.csv,calendar_time_risk_proxy_v1,calendar_drop_monday_h13_tp06_sl065,0.8901999999999589,-0.159800000000041,-0.8598000000000408,0,0,0,0,0.159800000000041,17.180000000000064,5.460000000000036,0.2655677655677721,10.450000000000045,0.6842105263157952,2.509999999999991,3.4334999999999924,0.228,1.0,,,13,1,6.0,2022
2022-06-08 13:00:00+00:00|1.0|calendar_drop_monday_h13_tp06_sl065,2022-06-08 13:00:00+00:00,STAGE28A,data/reports/stage28a_discovery_factory_batch_runner/stage28a_exact_trades.csv,calendar_time_risk_proxy_v1,calendar_drop_monday_h13_tp06_sl065,-1.37212499999996,-2.42212499999996,-3.12212499999996,0,0,0,0,2.42212499999996,18.480000000000018,7.009999999999991,0.8359486447931395,5.5,0.49818181818181984,2.8300000000001546,2.9820000000000504,0.036,1.0,,,13,2,6.0,2022
2022-06-09 13:00:00+00:00|-1.0|calendar_drop_monday_h13_tp06_sl065,2022-06-09 13:00:00+00:00,STAGE28A,data/reports/stage28a_discovery_factory_batch_runner/stage28a_exact_trades.csv,calendar_time_risk_proxy_v1,calendar_drop_monday_h13_tp06_sl065,0.7438000000001012,-0.3061999999998988,-1.0061999999998985,0,0,0,0,0.3061999999998988,15.110000000000127,4.420000000000073,0.27149321266968907,7.669999999999845,0.7679269882659702,2.1900000000000546,2.8504999999999994,0.02,-1.0,,,13,3,6.0,2022
2022-06-10 13:00:00+00:00|-1.0|calendar_drop_monday_h13_tp06_sl065,2022-06-10 13:00:00+00:00,STAGE28A,data/reports/stage28a_discovery_factory_batch_runner/stage28a_exact_trades.csv,calendar_time_risk_proxy_v1,calendar_drop_monday_h13_tp06_sl065,-1.4390750000000936,-2.4890750000000934,-3.189075000000093,0,0,0,0,2.4890750000000934,15.290000000000191,3.7799999999999727,0.45767195767190566,5.2199999999998,0.3812260536398631,2.869999999999891,2.762499999999977,0.016,-1.0,,,13,4,6.0,2022
2022-06-10 22:45:00+00:00|1.0|calendar_drop_monday_h13_tp06_sl065,2022-06-10 22:45:00+00:00,STAGE28A,data/reports/stage28a_discovery_factory_batch_runner/stage28a_exact_trades.csv,calendar_time_risk_proxy_v1,calendar_drop_monday_h13_tp06_sl065,-0.35,-1.4,-2.1,0,0,0,0,1.4,15.290000000000191,3.7799999999999727,0.45767195767190566,5.2199999999998,0.3812260536398631,6.589999999999918,6.919499999999959,1.0,1.0,,,13,4,6.0,2022
2022-06-14 13:00:00+00:00|1.0|calendar_drop_monday_h13_tp06_sl065,2022-06-14 13:00:00+00:00,STAGE28A,data/reports/stage28a_discovery_factory_batch_runner/stage28a_exact_trades.csv,calendar_time_risk_proxy_v1,calendar_drop_monday_h13_tp06_sl065,1.3242999999999028,0.2742999999999029,-0.4257000000000968,1,0,1,0,0.2742999999999029,60.1400000000001,18.980000000000018,0.22760800842992265,9.910000000000082,0.14429868819374891,4.170000000000073,5.033500000000004,0.832,1.0,,,13,1,6.0,2022
2022-06-15 13:00:00+00:00|1.0|calendar_drop_monday_h13_tp06_sl065,2022-06-15 13:00:00+00:00,STAGE28A,data/reports/stage28a_discovery_factory_batch_runner/stage28a_exact_trades.csv,calendar_time_risk_proxy_v1,calendar_drop_monday_h13_tp06_sl065,1.3273000000000592,0.2773000000000594,-0.4226999999999403,1,0,1,0,0.2773000000000594,26.5,11.839999999999918,0.5861486486486573,12.980000000000018,0.7534668721109368,5.680000000000064,4.512999999999977,0.7,1.0,,,13,2,6.0,2022
2022-06-16 13:00:00+00:00|1.0|calendar_drop_monday_h13_tp06_sl065,2022-06-16 13:00:00+00:00,STAGE28A,data/reports/stage28a_discovery_factory_batch_runner/stage28a_exact_trades.csv,calendar_time_risk_proxy_v1,calendar_drop_monday_h13_tp06_sl065,1.634200000000101,0.5842000000001009,-0.1157999999998988,1,0,1,0,0.5842000000001009,34.37999999999988,6.600000000000136,0.1181818181818116,9.560000000000173,0.2834728033472552,6.8900000000001,5.7155000000000316,0.788,1.0,,,13,3,6.0,2022
2022-06-17 13:00:00+00:00|1.0|calendar_drop_monday_h13_tp06_sl065,2022-06-17 13:00:00+00:00,STAGE28A,data/reports/stage28a_discovery_factory_batch_runner/stage28a_exact_trades.csv,calendar_time_risk_proxy_v1,calendar_drop_monday_h13_tp06_sl065,0.9814000000000306,-0.0685999999999693,-0.7685999999999691,0,0,0,0,0.0685999999999693,42.25999999999999,14.240000000000009,0.599016853932582,10.61999999999989,0.542372881355937,4.929999999999836,4.941499999999996,0.62,1.0,,,13,4,6.0,2022
2022-06-17 22:45:00+00:00|1.0|calendar_drop_monday_h13_tp06_sl065,2022-06-17 22:45:00+00:00,STAGE28A,data/reports/stage28a_discovery_factory_batch_runner/stage28a_exact_trades.csv,calendar_time_risk_proxy_v1,calendar_drop_monday_h13_tp06_sl065,-0.35,-1.4,-2.1,0,0,0,0,1.4,42.25999999999999,14.240000000000009,0.599016853932582,10.61999999999989,0.542372881355937,3.1100000000001273,4.685000000000002,0.544,1.0,,,13,4,6.0,2022
2022-06-21 13:00:00+00:00|-1.0|calendar_drop_monday_h13_tp06_sl065,2022-06-21 13:00:00+00:00,STAGE28A,data/reports/stage28a_discovery_factory_batch_runner/stage28a_exact_trades.csv,calendar_time_risk_proxy_v1,calendar_drop_monday_h13_tp06_sl065,0.8559999999999036,-0.1940000000000963,-0.894000000000096,0,0,0,0,0.1940000000000963,11.340000000000146,5.1400000000001,0.4299610894941621,8.159999999999854,0.3566176470588399,3.990000000000009,3.0650000000000204,0.088,-1.0,,,13,1,6.0,2022
2022-06-22 13:00:00+00:00|-1.0|calendar_drop_monday_h13_tp06_sl065,2022-06-22 13:00:00+00:00,STAGE28A,data/reports/stage28a_discovery_factory_batch_runner/stage28a_exact_trades.csv,calendar_time_risk_proxy_v1,calendar_drop_monday_h13_tp06_sl065,-1.883674999999903,-2.9336749999999028,-3.6336749999999034,0,0,0,0,2.9336749999999028,15.059999999999945,7.599999999999909,0.48289473684212064,6.970000000000027,0.15351506456243322,5.829999999999927,3.9059999999999944,0.344,-1.0,,,13,2,6.0,2022
2022-06-23 13:00:00+00:00|1.0|calendar_drop_monday_h13_tp06_sl065,2022-06-23 13:00:00+00:00,STAGE28A,data/reports/stage28a_discovery_factory_batch_runner/stage28a_exact_trades.csv,calendar_time_risk_proxy_v1,calendar_drop_monday_h13_tp06_sl065,-1.849225000000024,-2.899225000000024,-3.599225000000024,0,0,0,0,2.899225000000024,24.480000000000018,6.289999999999964,0.782193958664563,7.670000000000073,0.10299869621902948,3.2200000000000273,3.4095000000000026,0.148,1.0,,,13,3,6.0,2022
2022-06-24 13:00:00+00:00|1.0|calendar_drop_monday_h13_tp06_sl065,2022-06-24 13:00:00+00:00,STAGE28A,data/reports/stage28a_discovery_factory_batch_runner/stage28a_exact_trades.csv,calendar_time_risk_proxy_v1,calendar_drop_monday_h13_tp06_sl065,1.0077999999999974,-0.0422000000000024,-0.7422000000000022,0,0,0,0,0.0422000000000024,23.519999999999982,4.769999999999982,0.19706498951783188,10.599999999999909,0.34150943396227823,3.259999999999991,4.0785000000000196,0.228,1.0,,,13,4,6.0,2022
2022-06-24 22:45:00+00:00|1.0|calendar_drop_monday_h13_tp06_sl065,2022-06-24 22:45:00+00:00,STAGE28A,data/reports/stage28a_discovery_factory_batch_runner/stage28a_exact_trades.csv,calendar_time_risk_proxy_v1,calendar_drop_monday_h13_tp06_sl065,0.7116999999999735,-0.3383000000000264,-1.0383000000000262,0,0,0,0,0.3383000000000264,23.519999999999982,4.769999999999982,0.19706498951783188,10.599999999999909,0.34150943396227823,4.059999999999945,4.313999999999976,0.284,1.0,,,13,4,6.0,2022
2022-06-28 13:00:00+00:00|1.0|calendar_drop_monday_h13_tp06_sl065,2022-06-28 13:00:00+00:00,STAGE28A,data/reports/stage28a_discovery_factory_batch_runner/stage28a_exact_trades.csv,calendar_time_risk_proxy_v1,calendar_drop_monday_h13_tp06_sl065,-1.4377749999999652,-2.487774999999965,-3.1877749999999647,0,0,0,0,2.487774999999965,20.230000000000018,4.779999999999973,0.7656903765690116,5.139999999999873,0.2529182879377406,3.449999999999818,2.6975000000000025,0.008,1.0,,,13,1,6.0,2022
2022-06-29 13:00:00+00:00|-1.0|calendar_drop_monday_h13_tp06_sl065,2022-06-29 13:00:00+00:00,STAGE28A,data/reports/stage28a_discovery_factory_batch_runner/stage28a_exact_trades.csv,calendar_time_risk_proxy_v1,calendar_drop_monday_h13_tp06_sl065,0.8365000000000237,-0.2134999999999762,-0.913499999999976,0,0,0,0,0.2134999999999762,11.039999999999964,4.660000000000082,0.22532188841200346,10.309999999999945,0.5819592628516035,6.449999999999818,2.9034999999999966,0.06,-1.0,,,13,2,6.0,2022
2022-06-30 13:00:00+00:00|-1.0|calendar_drop_monday_h13_tp06_sl065,2022-06-30 13:00:00+00:00,STAGE28A,data/reports/stage28a_discovery_factory_batch_runner/stage28a_exact_trades.csv,calendar_time_risk_proxy_v1,calendar_drop_monday_h13_tp06_sl065,0.7912000000000262,-0.2587999999999737,-0.9587999999999736,0,0,0,0,0.2587999999999737,20.939999999999827,4.75,0.21684210526315215,6.769999999999982,0.6469719350074034,5.080000000000155,2.8190000000000284,0.036,-1.0,,,13,3,6.0,2022
2022-07-01 13:00:00+00:00|-1.0|calendar_drop_monday_h13_tp06_sl065,2022-07-01 13:00:00+00:00,STAGE28A,data/reports/stage28a_discovery_factory_batch_runner/stage28a_exact_trades.csv,calendar_time_risk_proxy_v1,calendar_drop_monday_h13_tp06_sl065,-2.1316499999999,-3.1816499999998995,-3.8816499999998992,0,0,0,1,3.1816499999998995,22.309999999999945,5.990000000000009,0.7979966611018307,10.75,0.5441860465116194,3.0699999999999363,4.32650000000001,0.532,-1.0,,,13,4,7.0,2022
2022-07-01 22:45:00+00:00|1.0|calendar_drop_monday_h13_tp06_sl065,2022-07-01 22:45:00+00:00,STAGE28A,data/reports/stage28a_discovery_factory_batch_runner/stage28a_exact_trades.csv,calendar_time_risk_proxy_v1,calendar_drop_monday_h13_tp06_sl065,-0.35,-1.4,-2.1,0,0,0,0,1.4,22.309999999999945,5.990000000000009,0.7979966611018307,10.75,0.5441860465116194,4.75,5.46500000000002,0.936,1.0,,,13,4,7.0,2022
2022-07-05 13:00:00+00:00|-1.0|calendar_drop_monday_h13_tp06_sl065,2022-07-05 13:00:00+00:00,STAGE28A,data/reports/stage28a_discovery_factory_batch_runner/stage28a_exact_trades.csv,calendar_time_risk_proxy_v1,calendar_drop_monday_h13_tp06_sl065,-1.6188000000000555,-2.668800000000056,-3.3688000000000557,0,0,0,0,2.668800000000056,10.349999999999909,5.660000000000082,0.3021201413427582,11.75,0.6289361702127745,4.990000000000009,2.788499999999999,0.064,-1.0,,,13,1,7.0,2022
2022-07-06 13:00:00+00:00|-1.0|calendar_drop_monday_h13_tp06_sl065,2022-07-06 13:00:00+00:00,STAGE28A,data/reports/stage28a_discovery_factory_batch_runner/stage28a_exact_trades.csv,calendar_time_risk_proxy_v1,calendar_drop_monday_h13_tp06_sl065,-2.147900000000027,-3.197900000000027,-3.8979000000000266,0,0,0,1,3.197900000000027,48.25,7.059999999999945,0.1713881019830093,8.720000000000027,0.6135321100917569,3.6800000000000637,4.74899999999999,0.7,-1.0,,,13,2,7.0,2022
2022-07-07 13:00:00+00:00|-1.0|calendar_drop_monday_h13_tp06_sl065,2022-07-07 13:00:00+00:00,STAGE28A,data/reports/stage28a_discovery_factory_batch_runner/stage28a_exact_trades.csv,calendar_time_risk_proxy_v1,calendar_drop_monday_h13_tp06_sl065,0.913300000000072,-0.1366999999999278,-0.8366999999999276,0,0,0,0,0.1366999999999278,40.66000000000008,10.450000000000045,0.6411483253588532,7.569999999999936,0.33685601056802855,3.9099999999998545,5.087999999999977,0.732,-1.0,,,13,3,7.0,2022
2022-07-08 13:00:00+00:00|-1.0|calendar_drop_monday_h13_tp06_sl065,2022-07-08 13:00:00+00:00,STAGE28A,data/reports/stage28a_discovery_factory_batch_runner/stage28a_exact_trades.csv,calendar_time_risk_proxy_v1,calendar_drop_monday_h13_tp06_sl065,-2.312999999999965,-3.3629999999999654,-4.062999999999965,0,0,0,1,3.3629999999999654,12.600000000000136,7.740000000000009,0.34625322997413865,10.710000000000036,0.3725490196078427,4.059999999999945,3.7604999999999675,0.292,-1.0,,,13,4,7.0,2022
2022-07-08 22:45:00+00:00|1.0|calendar_drop_monday_h13_tp06_sl065,2022-07-08 22:45:00+00:00,STAGE28A,data/reports/stage28a_discovery_factory_batch_runner/stage28a_exact_trades.csv,calendar_time_risk_proxy_v1,calendar_drop_monday_h13_tp06_sl065,0.6853000000000066,-0.3646999999999933,-1.064699999999993,0,0,0,0,0.3646999999999933,12.600000000000136,7.740000000000009,0.34625322997413865,10.710000000000036,0.3725490196078427,2.5699999999999363,5.355500000000006,0.804,1.0,,,13,4,7.0,2022
2022-07-12 13:00:00+00:00|1.0|calendar_drop_monday_h13_tp06_sl065,2022-07-12 13:00:00+00:00,STAGE28A,data/reports/stage28a_discovery_factory_batch_runner/stage28a_exact_trades.csv,calendar_time_risk_proxy_v1,calendar_drop_monday_h13_tp06_sl065,-2.03382500000007,-3.0838250000000698,-3.7838250000000695,0,0,0,1,3.0838250000000698,13.3599999999999,21.100000000000136,0.008056872037918088,13.6099999999999,0.11535635562086317,3.2000000000000455,4.644500000000027,0.616,1.0,,,13,1,7.0,2022
2022-07-13 13:00:00+00:00|1.0|calendar_drop_monday_h13_tp06_sl065,2022-07-13 13:00:00+00:00,STAGE28A,data/reports/stage28a_discovery_factory_batch_runner/stage28a_exact_trades.csv,calendar_time_risk_proxy_v1,calendar_drop_monday_h13_tp06_sl065,0.8734000000000833,-0.1765999999999166,-0.8765999999999163,0,0,0,0,0.1765999999999166,21.100000000000136,6.019999999999982,0.245847176079738,7.830000000000155,0.11238825031929651,3.560000000000173,3.191500000000019,0.132,1.0,,,13,2,7.0,2022
2022-07-14 13:00:00+00:00|-1.0|calendar_drop_monday_h13_tp06_sl065,2022-07-14 13:00:00+00:00,STAGE28A,data/reports/stage28a_discovery_factory_batch_runner/stage28a_exact_trades.csv,calendar_time_risk_proxy_v1,calendar_drop_monday_h13_tp06_sl065,-2.203475000000117,-3.2534750000001167,-3.953475000000117,0,0,0,1,3.2534750000001167,38.049999999999955,10.920000000000073,0.21245421245422602,20.029999999999973,0.7688467299051365,5.120000000000118,5.5450000000000275,0.784,-1.0,,,13,3,7.0,2022
2022-07-15 13:00:00+00:00|-1.0|calendar_drop_monday_h13_tp06_sl065,2022-07-15 13:00:00+00:00,STAGE28A,data/reports/stage28a_discovery_factory_batch_runner/stage28a_exact_trades.csv,calendar_time_risk_proxy_v1,calendar_drop_monday_h13_tp06_sl065,-1.7539999999999965,-2.8039999999999963,-3.503999999999996,0,0,0,0,2.8039999999999963,38.809999999999945,8.070000000000164,0.23420074349440326,11.740000000000009,0.5144804088585996,3.2000000000000455,4.4470000000000365,0.376,-1.0,,,13,4,7.0,2022
2022-07-15 22:45:00+00:00|1.0|calendar_drop_monday_h13_tp06_sl065,2022-07-15 22:45:00+00:00,STAGE28A,data/reports/stage28a_discovery_factory_batch_runner/stage28a_exact_trades.csv,calendar_time_risk_proxy_v1,calendar_drop_monday_h13_tp06_sl065,-0.35,-1.4,-2.1,0,0,0,0,1.4,38.809999999999945,8.070000000000164,0.23420074349440326,11.740000000000009,0.5144804088585996,1.3800000000001091,4.825500000000045,0.516,1.0,,,13,4,7.0,2022
2022-07-19 13:00:00+00:00|1.0|calendar_drop_monday_h13_tp06_sl065,2022-07-19 13:00:00+00:00,STAGE28A,data/reports/stage28a_discovery_factory_batch_runner/stage28a_exact_trades.csv,calendar_time_risk_proxy_v1,calendar_drop_monday_h13_tp06_sl065,-1.451425000000063,-2.501425000000063,-3.2014250000000626,0,0,0,0,2.501425000000063,17.99000000000001,4.889999999999873,0.30061349693252876,7.759999999999991,0.49742268041238813,3.0499999999999545,3.078999999999996,0.056,1.0,,,13,1,7.0,2022
2022-07-20 13:00:00+00:00|-1.0|calendar_drop_monday_h13_tp06_sl065,2022-07-20 13:00:00+00:00,STAGE28A,data/reports/stage28a_discovery_factory_batch_runner/stage28a_exact_trades.csv,calendar_time_risk_proxy_v1,calendar_drop_monday_h13_tp06_sl065,-1.4673499999999875,-2.5173499999999875,-3.2173499999999877,0,0,0,0,2.5173499999999875,13.169999999999845,3.900000000000091,0.02307692307690155,7.980000000000018,0.08771929824561954,6.129999999999882,2.814500000000032,0.008,-1.0,,,13,2,7.0,2022
2022-07-21 13:00:00+00:00|-1.0|calendar_drop_monday_h13_tp06_sl065,2022-07-21 13:00:00+00:00,STAGE28A,data/reports/stage28a_discovery_factory_batch_runner/stage28a_exact_trades.csv,calendar_time_risk_proxy_v1,calendar_drop_monday_h13_tp06_sl065,-1.9087000000000445,-2.9587000000000443,-3.658700000000044,0,0,0,0,2.9587000000000443,21.980000000000018,7.3400000000001455,0.5953678474114175,11.529999999999973,0.6131830008673184,4.2199999999998,3.8129999999999766,0.292,-1.0,,,13,3,7.0,2022
2022-07-22 13:00:00+00:00|1.0|calendar_drop_monday_h13_tp06_sl065,2022-07-22 13:00:00+00:00,STAGE28A,data/reports/stage28a_discovery_factory_batch_runner/stage28a_exact_trades.csv,calendar_time_risk_proxy_v1,calendar_drop_monday_h13_tp06_sl065,-1.90577500000004,-2.95577500000004,-3.6557750000000393,0,0,0,0,2.95577500000004,39.34999999999991,6.4500000000000455,0.5581395348837029,12.649999999999864,0.8426877470355887,8.009999999999991,3.8400000000000203,0.308,1.0,,,13,4,7.0,2022
2022-07-22 22:45:00+00:00|1.0|calendar_drop_monday_h13_tp06_sl065,2022-07-22 22:45:00+00:00,STAGE28A,data/reports/stage28a_discovery_factory_batch_runner/stage28a_exact_trades.csv,calendar_time_risk_proxy_v1,calendar_drop_monday_h13_tp06_sl065,-0.35,-1.4,-2.1,0,0,0,0,1.4,39.34999999999991,6.4500000000000455,0.5581395348837029,12.649999999999864,0.8426877470355887,6.2000000000000455,4.8830000000000044,0.676,1.0,,,13,4,7.0,2022
2022-07-26 13:00:00+00:00|-1.0|calendar_drop_monday_h13_tp06_sl065,2022-07-26 13:00:00+00:00,STAGE28A,data/reports/stage28a_discovery_factory_batch_runner/stage28a_exact_trades.csv,calendar_time_risk_proxy_v1,calendar_drop_monday_h13_tp06_sl065,-1.494974999999931,-2.544974999999931,-3.244974999999931,0,0,0,0,2.544974999999931,21.460000000000036,10.149999999999864,0.5320197044335137,8.980000000000018,0.4432071269487762,5.529999999999973,3.3735000000000013,0.132,-1.0,,,13,1,7.0,2022
2022-07-27 13:00:00+00:00|1.0|calendar_drop_monday_h13_tp06_sl065,2022-07-27 13:00:00+00:00,STAGE28A,data/reports/stage28a_discovery_factory_batch_runner/stage28a_exact_trades.csv,calendar_time_risk_proxy_v1,calendar_drop_monday_h13_tp06_sl065,0.7734999999999218,-0.2765000000000781,-0.976500000000078,0,0,0,0,0.2765000000000781,14.579999999999927,4.2999999999999545,0.34883720930232925,11.460000000000036,0.47382198952878,3.0800000000001546,3.018999999999983,0.036,1.0,,,13,2,7.0,2022
2022-07-28 13:00:00+00:00|1.0|calendar_drop_monday_h13_tp06_sl065,2022-07-28 13:00:00+00:00,STAGE28A,data/reports/stage28a_discovery_factory_batch_runner/stage28a_exact_trades.csv,calendar_time_risk_proxy_v1,calendar_drop_monday_h13_tp06_sl065,-1.933075000000008,-2.983075000000008,-3.683075000000008,0,0,0,0,2.983075000000008,28.660000000000082,7.730000000000018,0.18111254851230113,13.089999999999918,0.32773109243697407,6.100000000000136,4.770500000000004,0.708,1.0,,,13,3,7.0,2022
2022-07-29 13:00:00+00:00|1.0|calendar_drop_monday_h13_tp06_sl065,2022-07-29 13:00:00+00:00,STAGE28A,data/reports/stage28a_discovery_factory_batch_runner/stage28a_exact_trades.csv,calendar_time_risk_proxy_v1,calendar_drop_monday_h13_tp06_sl065,-2.0042500000000474,-3.054250000000047,-3.754250000000047,0,0,0,0,3.054250000000047,23.1400000000001,11.269999999999982,0.6752440106477295,11.579999999999927,0.22625215889465758,8.099999999999909,3.908499999999981,0.392,1.0,,,13,4,7.0,2022
2022-07-29 22:45:00+00:00|1.0|calendar_drop_monday_h13_tp06_sl065,2022-07-29 22:45:00+00:00,STAGE28A,data/reports/stage28a_discovery_factory_batch_runner/stage28a_exact_trades.csv,calendar_time_risk_proxy_v1,calendar_drop_monday_h13_tp06_sl065,-0.35,-1.4,-2.1,0,0,0,0,1.4,23.1400000000001,11.269999999999982,0.6752440106477295,11.579999999999927,0.22625215889465758,2.769999999999982,4.687999999999988,0.716,1.0,,,13,4,7.0,2022
2022-08-02 13:00:00+00:00|-1.0|calendar_drop_monday_h13_tp06_sl065,2022-08-02 13:00:00+00:00,STAGE28A,data/reports/stage28a_discovery_factory_batch_runner/stage28a_exact_trades.csv,calendar_time_risk_proxy_v1,calendar_drop_monday_h13_tp06_sl065,-1.7156499999999597,-2.7656499999999595,-3.4656499999999597,0,0,0,0,2.7656499999999595,16.699999999999818,9.649999999999864,0.30880829015544664,7.150000000000091,0.008391608391600653,2.509999999999991,3.8615000000000235,0.368,-1.0,,,13,1,8.0,2022
2022-08-03 13:00:00+00:00|-1.0|calendar_drop_monday_h13_tp06_sl065,2022-08-03 13:00:00+00:00,STAGE28A,data/reports/stage28a_discovery_factory_batch_runner/stage28a_exact_trades.csv,calendar_time_risk_proxy_v1,calendar_drop_monday_h13_tp06_sl065,-1.6730750000000172,-2.723075000000017,-3.4230750000000167,0,0,0,0,2.723075000000017,28.529999999999973,14.2800000000002,0.6435574229691825,6.519999999999982,0.4647239263803652,1.9700000000000273,4.958000000000015,0.8,-1.0,,,13,2,8.0,2022
2022-08-04 13:00:00+00:00|1.0|calendar_drop_monday_h13_tp06_sl065,2022-08-04 13:00:00+00:00,STAGE28A,data/reports/stage28a_discovery_factory_batch_runner/stage28a_exact_trades.csv,calendar_time_risk_proxy_v1,calendar_drop_monday_h13_tp06_sl065,0.8137000000000626,-0.2362999999999373,-0.9362999999999372,0,0,0,0,0.2362999999999373,18.460000000000036,8.320000000000164,0.889423076923043,11.079999999999927,0.8086642599278064,4.079999999999927,3.4970000000000367,0.1,1.0,,,13,3,8.0,2022
2022-08-05 13:00:00+00:00|-1.0|calendar_drop_monday_h13_tp06_sl065,2022-08-05 13:00:00+00:00,STAGE28A,data/reports/stage28a_discovery_factory_batch_runner/stage28a_exact_trades.csv,calendar_time_risk_proxy_v1,calendar_drop_monday_h13_tp06_sl065,-1.6067750000000616,-2.6567750000000614,-3.356775000000061,0,0,0,0,2.6567750000000614,31.680000000000064,6.100000000000136,0.19180327868853222,7.569999999999936,0.7384412153236414,2.730000000000018,3.4200000000000386,0.088,-1.0,,,13,4,8.0,2022
2022-08-05 22:45:00+00:00|1.0|calendar_drop_monday_h13_tp06_sl065,2022-08-05 22:45:00+00:00,STAGE28A,data/reports/stage28a_discovery_factory_batch_runner/stage28a_exact_trades.csv,calendar_time_risk_proxy_v1,calendar_drop_monday_h13_tp06_sl065,0.750400000000036,-0.2995999999999639,-0.9995999999999636,0,0,0,0,0.2995999999999639,31.680000000000064,6.100000000000136,0.19180327868853222,7.569999999999936,0.7384412153236414,3.5399999999999636,4.851500000000021,0.812,1.0,,,13,4,8.0,2022
2022-08-09 13:00:00+00:00|1.0|calendar_drop_monday_h13_tp06_sl065,2022-08-09 13:00:00+00:00,STAGE28A,data/reports/stage28a_discovery_factory_batch_runner/stage28a_exact_trades.csv,calendar_time_risk_proxy_v1,calendar_drop_monday_h13_tp06_sl065,-1.7539999999999965,-2.8039999999999963,-3.503999999999996,0,0,0,0,2.8039999999999963,19.449999999999818,7.440000000000055,0.3360215053763416,9.8599999999999,0.5324543610547722,3.9600000000000364,3.273000000000002,0.064,1.0,,,13,1,8.0,2022
2022-08-10 13:00:00+00:00|1.0|calendar_drop_monday_h13_tp06_sl065,2022-08-10 13:00:00+00:00,STAGE28A,data/reports/stage28a_discovery_factory_batch_runner/stage28a_exact_trades.csv,calendar_time_risk_proxy_v1,calendar_drop_monday_h13_tp06_sl065,-1.4098250000000463,-2.459825000000046,-3.159825000000046,0,0,0,0,2.459825000000046,17.15000000000009,4.0,0.5999999999999659,7.539999999999964,0.3859416445623168,3.4500000000000455,2.7889999999999757,0.008,1.0,,,13,2,8.0,2022
2022-08-11 13:00:00+00:00|1.0|calendar_drop_monday_h13_tp06_sl065,2022-08-11 13:00:00+00:00,STAGE28A,data/reports/stage28a_discovery_factory_batch_runner/stage28a_exact_trades.csv,calendar_time_risk_proxy_v1,calendar_drop_monday_h13_tp06_sl065,-1.6214000000000852,-2.671400000000085,-3.3714000000000848,0,0,0,0,2.671400000000085,20.269999999999982,8.3900000000001,0.6376638855780506,6.789999999999964,0.6465390279823117,2.560000000000173,3.3920000000000186,0.12,1.0,,,13,3,8.0,2022
2022-08-12 13:00:00+00:00|-1.0|calendar_drop_monday_h13_tp06_sl065,2022-08-12 13:00:00+00:00,STAGE28A,data/reports/stage28a_discovery_factory_batch_runner/stage28a_exact_trades.csv,calendar_time_risk_proxy_v1,calendar_drop_monday_h13_tp06_sl065,-1.5359249999999975,-2.5859249999999974,-3.285924999999997,0,0,0,0,2.5859249999999974,15.679999999999836,5.190000000000055,0.6358381502890019,8.059999999999945,0.440446650124095,2.5599999999999454,3.473000000000013,0.176,-1.0,,,13,4,8.0,2022
2022-08-12 22:45:00+00:00|1.0|calendar_drop_monday_h13_tp06_sl065,2022-08-12 22:45:00+00:00,STAGE28A,data/reports/stage28a_discovery_factory_batch_runner/stage28a_exact_trades.csv,calendar_time_risk_proxy_v1,calendar_drop_monday_h13_tp06_sl065,-0.35,-1.4,-2.1,0,0,0,0,1.4,15.679999999999836,5.190000000000055,0.6358381502890019,8.059999999999945,0.440446650124095,3.6800000000000637,4.034999999999991,0.452,1.0,,,13,4,8.0,2022
2022-08-16 13:00:00+00:00|-1.0|calendar_drop_monday_h13_tp06_sl065,2022-08-16 13:00:00+00:00,STAGE28A,data/reports/stage28a_discovery_factory_batch_runner/stage28a_exact_trades.csv,calendar_time_risk_proxy_v1,calendar_drop_monday_h13_tp06_sl065,0.6580000000000382,-0.3919999999999617,-1.0919999999999614,0,0,0,0,0.3919999999999617,29.309999999999945,6.2999999999999545,0.46190476190477825,8.120000000000118,0.6896551724137998,2.1200000000001182,2.6595000000000026,0.012,-1.0,,,13,1,8.0,2022
2022-08-17 13:00:00+00:00|-1.0|calendar_drop_monday_h13_tp06_sl065,2022-08-17 13:00:00+00:00,STAGE28A,data/reports/stage28a_discovery_factory_batch_runner/stage28a_exact_trades.csv,calendar_time_risk_proxy_v1,calendar_drop_monday_h13_tp06_sl065,0.6967000000001008,-0.3532999999998991,-1.0532999999998989,0,0,0,0,0.3532999999998991,11.660000000000082,3.1499999999998636,0.17777777777776815,10.319999999999936,0.22093023255813826,2.589999999999918,2.806499999999994,0.032,-1.0,,,13,2,8.0,2022
2022-08-18 13:00:00+00:00|1.0|calendar_drop_monday_h13_tp06_sl065,2022-08-18 13:00:00+00:00,STAGE28A,data/reports/stage28a_discovery_factory_batch_runner/stage28a_exact_trades.csv,calendar_time_risk_proxy_v1,calendar_drop_monday_h13_tp06_sl065,-1.3373499999998786,-2.3873499999998784,-3.087349999999878,0,0,0,0,2.3873499999998784,22.449999999999818,5.760000000000218,0.032986111111119334,8.139999999999873,0.7960687960688108,3.6799999999998363,3.254999999999984,0.184,1.0,,,13,3,8.0,2022
2022-08-19 13:00:00+00:00|-1.0|calendar_drop_monday_h13_tp06_sl065,2022-08-19 13:00:00+00:00,STAGE28A,data/reports/stage28a_discovery_factory_batch_runner/stage28a_exact_trades.csv,calendar_time_risk_proxy_v1,calendar_drop_monday_h13_tp06_sl065,-1.4969250000000105,-2.54692500000001,-3.24692500000001,0,0,0,0,2.54692500000001,17.089999999999918,5.740000000000009,0.548780487804893,5.559999999999945,0.13129496402878155,1.9500000000000455,3.080499999999995,0.116,-1.0,,,13,4,8.0,2022
2022-08-19 22:45:00+00:00|1.0|calendar_drop_monday_h13_tp06_sl065,2022-08-19 22:45:00+00:00,STAGE28A,data/reports/stage28a_discovery_factory_batch_runner/stage28a_exact_trades.csv,calendar_time_risk_proxy_v1,calendar_drop_monday_h13_tp06_sl065,0.5649999999999636,-0.4850000000000363,-1.185000000000036,0,0,0,0,0.4850000000000363,17.089999999999918,5.740000000000009,0.548780487804893,5.559999999999945,0.13129496402878155,3.2100000000000364,3.7059999999999604,0.528,1.0,,,13,4,8.0,2022
2022-08-23 13:00:00+00:00|1.0|calendar_drop_monday_h13_tp06_sl065,2022-08-23 13:00:00+00:00,STAGE28A,data/reports/stage28a_discovery_factory_batch_runner/stage28a_exact_trades.csv,calendar_time_risk_proxy_v1,calendar_drop_monday_h13_tp06_sl065,1.0096000000000005,-0.0403999999999995,-0.7403999999999993,0,0,0,0,0.0403999999999995,21.340000000000146,6.380000000000109,0.4247648902821301,9.120000000000118,0.10087719298246281,3.6499999999998636,3.1120000000000116,0.15,1.0,,,13,1,8.0,2022
2022-08-24 13:00:00+00:00|1.0|calendar_drop_monday_h13_tp06_sl065,2022-08-24 13:00:00+00:00,STAGE28A,data/reports/stage28a_discovery_factory_batch_runner/stage28a_exact_trades.csv,calendar_time_risk_proxy_v1,calendar_drop_monday_h13_tp06_sl065,-1.5118750000000092,-2.561875000000009,-3.2618750000000087,0,0,0,0,2.561875000000009,23.309999999999945,3.979999999999791,0.36934673366836795,9.430000000000064,0.3955461293743365,4.75,2.976999999999964,0.1,1.0,,,13,2,8.0,2022
2022-08-25 13:00:00+00:00|1.0|calendar_drop_monday_h13_tp06_sl065,2022-08-25 13:00:00+00:00,STAGE28A,data/reports/stage28a_discovery_factory_batch_runner/stage28a_exact_trades.csv,calendar_time_risk_proxy_v1,calendar_drop_monday_h13_tp06_sl065,-1.4822999999999866,-2.5322999999999865,-3.232299999999986,0,0,0,0,2.5322999999999865,13.490000000000009,7.819999999999936,0.6598465473145647,9.720000000000027,0.7150205761316899,2.6400000000001,3.2789999999999964,0.244,1.0,,,13,3,8.0,2022
2022-08-26 13:00:00+00:00|-1.0|calendar_drop_monday_h13_tp06_sl065,2022-08-26 13:00:00+00:00,STAGE28A,data/reports/stage28a_discovery_factory_batch_runner/stage28a_exact_trades.csv,calendar_time_risk_proxy_v1,calendar_drop_monday_h13_tp06_sl065,-1.6032000000001063,-2.653200000000106,-3.353200000000106,0,0,0,0,2.653200000000106,15.519999999999982,6.579999999999927,0.03647416413374039,9.5,0.804210526315776,3.2200000000000273,2.849499999999955,0.044,-1.0,,,13,4,8.0,2022
2022-08-26 22:45:00+00:00|1.0|calendar_drop_monday_h13_tp06_sl065,2022-08-26 22:45:00+00:00,STAGE28A,data/reports/stage28a_discovery_factory_batch_runner/stage28a_exact_trades.csv,calendar_time_risk_proxy_v1,calendar_drop_monday_h13_tp06_sl065,0.8545000000000528,-0.1954999999999471,-0.8954999999999469,0,0,0,0,0.1954999999999471,15.519999999999982,6.579999999999927,0.03647416413374039,9.5,0.804210526315776,2.8500000000001364,4.438999999999953,0.988,1.0,,,13,4,8.0,2022
2022-08-30 13:00:00+00:00|-1.0|calendar_drop_monday_h13_tp06_sl065,2022-08-30 13:00:00+00:00,STAGE28A,data/reports/stage28a_discovery_factory_batch_runner/stage28a_exact_trades.csv,calendar_time_risk_proxy_v1,calendar_drop_monday_h13_tp06_sl065,-1.7689499999999954,-2.818949999999995,-3.518949999999995,0,0,0,0,2.818949999999995,25.179999999999836,6.619999999999891,0.38670694864051586,8.840000000000146,0.07352941176468925,3.310000000000173,3.280000000000007,0.292,-1.0,,,13,1,8.0,2022
2022-08-31 13:00:00+00:00|-1.0|calendar_drop_monday_h13_tp06_sl065,2022-08-31 13:00:00+00:00,STAGE28A,data/reports/stage28a_discovery_factory_batch_runner/stage28a_exact_trades.csv,calendar_time_risk_proxy_v1,calendar_drop_monday_h13_tp06_sl065,0.9960999999999786,-0.0539000000000213,-0.7539000000000211,0,0,0,0,0.0539000000000213,19.339999999999918,3.8899999999998727,0.26478149100257237,15.8599999999999,0.8209331651954643,3.769999999999982,3.2459999999999694,0.228,-1.0,,,13,2,8.0,2022
2022-09-01 13:00:00+00:00|-1.0|calendar_drop_monday_h13_tp06_sl065,2022-09-01 13:00:00+00:00,STAGE28A,data/reports/stage28a_discovery_factory_batch_runner/stage28a_exact_trades.csv,calendar_time_risk_proxy_v1,calendar_drop_monday_h13_tp06_sl065,-1.8365500000000796,-2.886550000000079,-3.586550000000079,0,0,0,0,2.886550000000079,16.909999999999854,9.11999999999989,0.7225877192982453,8.200000000000045,0.14878048780488054,6.619999999999891,4.009999999999991,0.752,-1.0,,,13,3,9.0,2022
2022-09-02 13:00:00+00:00|1.0|calendar_drop_monday_h13_tp06_sl065,2022-09-02 13:00:00+00:00,STAGE28A,data/reports/stage28a_discovery_factory_batch_runner/stage28a_exact_trades.csv,calendar_time_risk_proxy_v1,calendar_drop_monday_h13_tp06_sl065,-1.2824249999999666,-2.3324249999999664,-3.032424999999966,0,0,0,0,2.3324249999999664,22.61999999999989,5.330000000000155,0.7448405253283137,8.539999999999964,0.8723653395784368,2.900000000000091,3.4545000000000075,0.352,1.0,,,13,4,9.0,2022
2022-09-02 22:45:00+00:00|1.0|calendar_drop_monday_h13_tp06_sl065,2022-09-02 22:45:00+00:00,STAGE28A,data/reports/stage28a_discovery_factory_batch_runner/stage28a_exact_trades.csv,calendar_time_risk_proxy_v1,calendar_drop_monday_h13_tp06_sl065,-0.35,-1.4,-2.1,0,0,0,0,1.4,22.61999999999989,5.330000000000155,0.7448405253283137,8.539999999999964,0.8723653395784368,4.710000000000036,3.7680000000000065,0.544,1.0,,,13,4,9.0,2022
2022-09-06 13:00:00+00:00|-1.0|calendar_drop_monday_h13_tp06_sl065,2022-09-06 13:00:00+00:00,STAGE28A,data/reports/stage28a_discovery_factory_batch_runner/stage28a_exact_trades.csv,calendar_time_risk_proxy_v1,calendar_drop_monday_h13_tp06_sl065,0.8004999999999655,-0.2495000000000344,-0.9495000000000342,0,0,0,0,0.2495000000000344,8.049999999999955,16.909999999999854,0.2950916617386193,9.699999999999818,0.6608247422680621,2.3299999999999272,3.5514999999999874,0.416,-1.0,,,13,1,9.0,2022
2022-09-07 13:00:00+00:00|1.0|calendar_drop_monday_h13_tp06_sl065,2022-09-07 13:00:00+00:00,STAGE28A,data/reports/stage28a_discovery_factory_batch_runner/stage28a_exact_trades.csv,calendar_time_risk_proxy_v1,calendar_drop_monday_h13_tp06_sl065,0.9412000000001172,-0.1087999999998827,-0.8087999999998825,0,0,0,0,0.1087999999998827,26.909999999999854,11.450000000000045,0.618340611353703,15.829999999999927,0.8597599494630425,3.25,4.207000000000017,0.732,1.0,,,13,2,9.0,2022
2022-09-08 13:00:00+00:00|1.0|calendar_drop_monday_h13_tp06_sl065,2022-09-08 13:00:00+00:00,STAGE28A,data/reports/stage28a_discovery_factory_batch_runner/stage28a_exact_trades.csv,calendar_time_risk_proxy_v1,calendar_drop_monday_h13_tp06_sl065,0.8074000000000524,-0.2425999999999475,-0.9425999999999471,0,0,0,0,0.2425999999999475,28.09999999999991,5.789999999999964,0.6269430051813699,8.8900000000001,0.6850393700787488,3.4300000000000637,3.6340000000000146,0.376,1.0,,,13,3,9.0,2022
2022-09-09 13:00:00+00:00|1.0|calendar_drop_monday_h13_tp06_sl065,2022-09-09 13:00:00+00:00,STAGE28A,data/reports/stage28a_discovery_factory_batch_runner/stage28a_exact_trades.csv,calendar_time_risk_proxy_v1,calendar_drop_monday_h13_tp06_sl065,0.9864999999998872,-0.0635000000001126,-0.7635000000001124,0,0,0,0,0.0635000000001126,24.13000000000011,12.230000000000018,0.821749795584623,11.269999999999982,0.7080745341614935,3.6900000000000546,3.5004999999999997,0.264,1.0,,,13,4,9.0,2022
2022-09-09 22:45:00+00:00|1.0|calendar_drop_monday_h13_tp06_sl065,2022-09-09 22:45:00+00:00,STAGE28A,data/reports/stage28a_discovery_factory_batch_runner/stage28a_exact_trades.csv,calendar_time_risk_proxy_v1,calendar_drop_monday_h13_tp06_sl065,-0.35,-1.4,-2.1,0,0,0,0,1.4,24.13000000000011,12.230000000000018,0.821749795584623,11.269999999999982,0.7080745341614935,1.9600000000000364,4.281500000000006,0.676,1.0,,,13,4,9.0,2022
2022-09-13 13:00:00+00:00|1.0|calendar_drop_monday_h13_tp06_sl065,2022-09-13 13:00:00+00:00,STAGE28A,data/reports/stage28a_discovery_factory_batch_runner/stage28a_exact_trades.csv,calendar_time_risk_proxy_v1,calendar_drop_monday_h13_tp06_sl065,-1.4533749999999146,-2.5033749999999144,-3.203374999999914,0,0,0,0,2.5033749999999144,23.170000000000073,6.830000000000155,0.5710102489019038,8.160000000000082,0.6580882352940977,3.130000000000109,3.321000000000015,0.164,1.0,,,13,1,9.0,2022
2022-09-14 13:00:00+00:00|1.0|calendar_drop_monday_h13_tp06_sl065,2022-09-14 13:00:00+00:00,STAGE28A,data/reports/stage28a_discovery_factory_batch_runner/stage28a_exact_trades.csv,calendar_time_risk_proxy_v1,calendar_drop_monday_h13_tp06_sl065,-1.670799999999963,-2.720799999999963,-3.4207999999999625,0,0,0,0,2.720799999999963,34.73000000000002,6.289999999999964,0.25119236883941753,7.259999999999991,0.6170798898071658,2.9500000000000455,3.564000000000044,0.22,1.0,,,13,2,9.0,2022
2022-09-15 13:00:00+00:00|-1.0|calendar_drop_monday_h13_tp06_sl065,2022-09-15 13:00:00+00:00,STAGE28A,data/reports/stage28a_discovery_factory_batch_runner/stage28a_exact_trades.csv,calendar_time_risk_proxy_v1,calendar_drop_monday_h13_tp06_sl065,-1.5742750000000345,-2.624275000000034,-3.324275000000034,0,0,0,0,2.624275000000034,13.440000000000055,7.509999999999991,0.6378162450066537,7.75,0.4141935483871015,3.8700000000001182,3.1519999999999753,0.068,-1.0,,,13,3,9.0,2022
2022-09-16 13:00:00+00:00|-1.0|calendar_drop_monday_h13_tp06_sl065,2022-09-16 13:00:00+00:00,STAGE28A,data/reports/stage28a_discovery_factory_batch_runner/stage28a_exact_trades.csv,calendar_time_risk_proxy_v1,calendar_drop_monday_h13_tp06_sl065,-1.979875000000084,-3.029875000000084,-3.7298750000000833,0,0,0,0,3.029875000000084,37.899999999999864,6.4500000000000455,0.26976744186046464,12.11999999999989,0.3902640264026453,7.3599999999999,5.310999999999979,0.928,-1.0,,,13,4,9.0,2022
2022-09-16 22:45:00+00:00|1.0|calendar_drop_monday_h13_tp06_sl065,2022-09-16 22:45:00+00:00,STAGE28A,data/reports/stage28a_discovery_factory_batch_runner/stage28a_exact_trades.csv,calendar_time_risk_proxy_v1,calendar_drop_monday_h13_tp06_sl065,0.8250999999999294,-0.2249000000000705,-0.9249000000000702,0,0,0,0,0.2249000000000705,37.899999999999864,6.4500000000000455,0.26976744186046464,12.11999999999989,0.3902640264026453,4.940000000000055,5.365999999999962,0.932,1.0,,,13,4,9.0,2022
2022-09-20 13:00:00+00:00|-1.0|calendar_drop_monday_h13_tp06_sl065,2022-09-20 13:00:00+00:00,STAGE28A,data/reports/stage28a_discovery_factory_batch_runner/stage28a_exact_trades.csv,calendar_time_risk_proxy_v1,calendar_drop_monday_h13_tp06_sl065,-1.6984249999999066,-2.7484249999999064,-3.448424999999906,0,0,0,0,2.7484249999999064,20.230000000000018,6.029999999999973,0.2338308457711212,10.629999999999882,0.8701787394167547,3.6799999999998363,3.3575000000000044,0.092,-1.0,,,13,1,9.0,2022
2022-09-21 13:00:00+00:00|1.0|calendar_drop_monday_h13_tp06_sl065,2022-09-21 13:00:00+00:00,STAGE28A,data/reports/stage28a_discovery_factory_batch_runner/stage28a_exact_trades.csv,calendar_time_risk_proxy_v1,calendar_drop_monday_h13_tp06_sl065,-1.8778250000001209,-2.9278250000001207,-3.62782500000012,0,0,0,0,2.9278250000001207,19.49000000000001,4.599999999999909,0.31304347826083817,14.440000000000055,0.6606648199445934,3.990000000000009,3.2250000000000227,0.048,1.0,,,13,2,9.0,2022
2022-09-22 13:00:00+00:00|1.0|calendar_drop_monday_h13_tp06_sl065,2022-09-22 13:00:00+00:00,STAGE28A,data/reports/stage28a_discovery_factory_batch_runner/stage28a_exact_trades.csv,calendar_time_risk_proxy_v1,calendar_drop_monday_h13_tp06_sl065,1.8657999999999448,0.8157999999999448,0.115799999999945,1,1,1,0,0.8157999999999448,34.13999999999987,16.600000000000136,0.6379518072289055,22.539999999999964,0.2666370896184561,6.839999999999918,7.60799999999997,1.0,1.0,,,13,3,9.0,2022
2022-09-23 13:00:00+00:00|-1.0|calendar_drop_monday_h13_tp06_sl065,2022-09-23 13:00:00+00:00,STAGE28A,data/reports/stage28a_discovery_factory_batch_runner/stage28a_exact_trades.csv,calendar_time_risk_proxy_v1,calendar_drop_monday_h13_tp06_sl065,1.2669999999999615,0.2169999999999619,-0.4830000000000378,1,0,1,0,0.2169999999999619,29.309999999999945,7.279999999999973,0.2967032967033091,21.38000000000011,0.5673526660430225,10.400000000000091,3.988000000000011,0.42,-1.0,,,13,4,9.0,2022
2022-09-23 22:45:00+00:00|1.0|calendar_drop_monday_h13_tp06_sl065,2022-09-23 22:45:00+00:00,STAGE28A,data/reports/stage28a_discovery_factory_batch_runner/stage28a_exact_trades.csv,calendar_time_risk_proxy_v1,calendar_drop_monday_h13_tp06_sl065,1.131700000000046,0.0817000000000462,-0.6182999999999534,1,0,0,0,0.0817000000000462,29.309999999999945,7.279999999999973,0.2967032967033091,21.38000000000011,0.5673526660430225,5.75,5.946000000000015,0.892,1.0,,,13,4,9.0,2022
2022-09-27 13:00:00+00:00|1.0|calendar_drop_monday_h13_tp06_sl065,2022-09-27 13:00:00+00:00,STAGE28A,data/reports/stage28a_discovery_factory_batch_runner/stage28a_exact_trades.csv,calendar_time_risk_proxy_v1,calendar_drop_monday_h13_tp06_sl065,-1.988650000000098,-3.0386500000000978,-3.7386500000000975,0,0,0,0,3.0386500000000978,28.61999999999989,10.209999999999809,0.36924583741430483,9.63000000000011,0.1921079958463256,4.690000000000055,4.840999999999974,0.476,1.0,,,13,1,9.0,2022
2022-09-28 13:00:00+00:00|-1.0|calendar_drop_monday_h13_tp06_sl065,2022-09-28 13:00:00+00:00,STAGE28A,data/reports/stage28a_discovery_factory_batch_runner/stage28a_exact_trades.csv,calendar_time_risk_proxy_v1,calendar_drop_monday_h13_tp06_sl065,1.5520000000000436,0.5020000000000437,-0.197999999999956,1,0,1,0,0.5020000000000437,19.6099999999999,7.720000000000027,0.6968911917098268,10.920000000000073,0.7225274725274768,4.220000000000027,4.09050000000002,0.332,-1.0,,,13,2,9.0,2022
2022-09-29 13:00:00+00:00|-1.0|calendar_drop_monday_h13_tp06_sl065,2022-09-29 13:00:00+00:00,STAGE28A,data/reports/stage28a_discovery_factory_batch_runner/stage28a_exact_trades.csv,calendar_time_risk_proxy_v1,calendar_drop_monday_h13_tp06_sl065,1.4202999999999064,0.3702999999999066,-0.3297000000000931,1,0,1,0,0.3702999999999066,47.98000000000002,7.710000000000036,0.4137483787289286,13.070000000000164,0.5057383320581345,6.990000000000009,4.693000000000017,0.444,-1.0,,,13,3,9.0,2022
2022-09-30 13:00:00+00:00|1.0|calendar_drop_monday_h13_tp06_sl065,2022-09-30 13:00:00+00:00,STAGE28A,data/reports/stage28a_discovery_factory_batch_runner/stage28a_exact_trades.csv,calendar_time_risk_proxy_v1,calendar_drop_monday_h13_tp06_sl065,1.452099999999882,0.4020999999998822,-0.2979000000001175,1,0,1,0,0.4020999999998822,23.40000000000009,5.970000000000027,0.15577889447237175,12.980000000000018,0.41063174114022705,5.339999999999918,4.456499999999972,0.348,1.0,,,13,4,9.0,2022
2022-09-30 22:45:00+00:00|1.0|calendar_drop_monday_h13_tp06_sl065,2022-09-30 22:45:00+00:00,STAGE28A,data/reports/stage28a_discovery_factory_batch_runner/stage28a_exact_trades.csv,calendar_time_risk_proxy_v1,calendar_drop_monday_h13_tp06_sl065,-0.35,-1.4,-2.1,0,0,0,0,1.4,23.40000000000009,5.970000000000027,0.15577889447237175,12.980000000000018,0.41063174114022705,3.3600000000001273,4.76450000000001,0.456,1.0,,,13,4,9.0,2022
2022-10-04 13:00:00+00:00|1.0|calendar_drop_monday_h13_tp06_sl065,2022-10-04 13:00:00+00:00,STAGE28A,data/reports/stage28a_discovery_factory_batch_runner/stage28a_exact_trades.csv,calendar_time_risk_proxy_v1,calendar_drop_monday_h13_tp06_sl065,1.3131999999999606,0.2631999999999608,-0.4368000000000389,1,0,1,0,0.2631999999999608,41.819999999999936,7.339999999999918,0.08446866485012232,13.170000000000073,0.6522399392558748,4.329999999999927,5.523500000000001,0.576,1.0,,,13,1,10.0,2022
2022-10-05 13:00:00+00:00|-1.0|calendar_drop_monday_h13_tp06_sl065,2022-10-05 13:00:00+00:00,STAGE28A,data/reports/stage28a_discovery_factory_batch_runner/stage28a_exact_trades.csv,calendar_time_risk_proxy_v1,calendar_drop_monday_h13_tp06_sl065,-2.4095249999998942,-3.459524999999894,-4.159524999999894,0,0,0,1,3.459524999999894,34.200000000000045,8.230000000000018,0.7095990279465255,21.699999999999818,0.5949308755760456,9.069999999999936,5.20849999999997,0.464,-1.0,,,13,2,10.0,2022
2022-10-06 13:00:00+00:00|-1.0|calendar_drop_monday_h13_tp06_sl065,2022-10-06 13:00:00+00:00,STAGE28A,data/reports/stage28a_discovery_factory_batch_runner/stage28a_exact_trades.csv,calendar_time_risk_proxy_v1,calendar_drop_monday_h13_tp06_sl065,1.259200000000101,0.2092000000001008,-0.4907999999998989,1,0,1,0,0.2092000000001008,27.309999999999945,9.439999999999827,0.6430084745762762,12.129999999999882,0.6158285243198763,4.039999999999964,4.338500000000022,0.106,-1.0,,,13,3,10.0,2022
2022-10-07 13:00:00+00:00|1.0|calendar_drop_monday_h13_tp06_sl065,2022-10-07 13:00:00+00:00,STAGE28A,data/reports/stage28a_discovery_factory_batch_runner/stage28a_exact_trades.csv,calendar_time_risk_proxy_v1,calendar_drop_monday_h13_tp06_sl065,1.0801000000000385,0.0301000000000386,-0.6698999999999611,1,0,0,0,0.0301000000000386,18.649999999999864,4.269999999999982,0.4637002341920437,6.3900000000001,0.45539906103283395,3.740000000000009,3.5820000000000163,0.004,1.0,,,13,4,10.0,2022
2022-10-07 22:45:00+00:00|1.0|calendar_drop_monday_h13_tp06_sl065,2022-10-07 22:45:00+00:00,STAGE28A,data/reports/stage28a_discovery_factory_batch_runner/stage28a_exact_trades.csv,calendar_time_risk_proxy_v1,calendar_drop_monday_h13_tp06_sl065,1.1193999999999504,0.0693999999999506,-0.6306000000000491,1,0,0,0,0.0693999999999506,18.649999999999864,4.269999999999982,0.4637002341920437,6.3900000000001,0.45539906103283395,3.839999999999918,5.5434999999999945,0.64,1.0,,,13,4,10.0,2022
2022-10-11 13:00:00+00:00|1.0|calendar_drop_monday_h13_tp06_sl065,2022-10-11 13:00:00+00:00,STAGE28A,data/reports/stage28a_discovery_factory_batch_runner/stage28a_exact_trades.csv,calendar_time_risk_proxy_v1,calendar_drop_monday_h13_tp06_sl065,1.2363999999999122,0.1863999999999124,-0.5136000000000873,1,0,1,0,0.1863999999999124,34.23000000000002,12.269999999999982,0.37734311328444303,7.810000000000173,0.20102432778487855,4.990000000000009,4.1370000000000005,0.08,1.0,,,13,1,10.0,2022
2022-10-12 13:00:00+00:00|1.0|calendar_drop_monday_h13_tp06_sl065,2022-10-12 13:00:00+00:00,STAGE28A,data/reports/stage28a_discovery_factory_batch_runner/stage28a_exact_trades.csv,calendar_time_risk_proxy_v1,calendar_drop_monday_h13_tp06_sl065,-2.074449999999933,-3.1244499999999333,-3.824449999999933,0,0,0,1,3.1244499999999333,22.8900000000001,5.490000000000009,0.14207650273223524,10.549999999999955,0.45118483412322385,4.449999999999818,5.134500000000003,0.58,1.0,,,13,2,10.0,2022
2022-10-13 13:00:00+00:00|1.0|calendar_drop_monday_h13_tp06_sl065,2022-10-13 13:00:00+00:00,STAGE28A,data/reports/stage28a_discovery_factory_batch_runner/stage28a_exact_trades.csv,calendar_time_risk_proxy_v1,calendar_drop_monday_h13_tp06_sl065,-1.6145749999999226,-2.6645749999999224,-3.364574999999922,0,0,0,0,2.6645749999999224,16.950000000000045,6.440000000000055,0.669254658385079,10.8900000000001,0.5096418732782281,3.4700000000000273,3.1000000000000454,0.004,1.0,,,13,3,10.0,2022
2022-10-14 13:00:00+00:00|-1.0|calendar_drop_monday_h13_tp06_sl065,2022-10-14 13:00:00+00:00,STAGE28A,data/reports/stage28a_discovery_factory_batch_runner/stage28a_exact_trades.csv,calendar_time_risk_proxy_v1,calendar_drop_monday_h13_tp06_sl065,-2.245399999999881,-3.2953999999998813,-3.995399999999881,0,0,0,1,3.2953999999998813,40.01999999999998,11.259999999999991,0.3028419182948565,21.539999999999964,0.7000928505106861,10.539999999999964,5.641999999999996,0.76,-1.0,,,13,4,10.0,2022
2022-10-14 22:45:00+00:00|1.0|calendar_drop_monday_h13_tp06_sl065,2022-10-14 22:45:00+00:00,STAGE28A,data/reports/stage28a_discovery_factory_batch_runner/stage28a_exact_trades.csv,calendar_time_risk_proxy_v1,calendar_drop_monday_h13_tp06_sl065,-0.35,-1.4,-2.1,0,0,0,0,1.4,40.01999999999998,11.259999999999991,0.3028419182948565,21.539999999999964,0.7000928505106861,3.9500000000000455,6.210500000000013,0.928,1.0,,,13,4,10.0,2022
2022-10-18 13:00:00+00:00|-1.0|calendar_drop_monday_h13_tp06_sl065,2022-10-18 13:00:00+00:00,STAGE28A,data/reports/stage28a_discovery_factory_batch_runner/stage28a_exact_trades.csv,calendar_time_risk_proxy_v1,calendar_drop_monday_h13_tp06_sl065,1.1601999999999406,0.1101999999999407,-0.5898000000000589,1,0,0,0,0.1101999999999407,25.279999999999973,4.639999999999873,0.4008620689655067,12.230000000000018,0.039247751430909035,4.869999999999891,4.23549999999999,0.16,-1.0,,,13,1,10.0,2022
2022-10-19 13:00:00+00:00|-1.0|calendar_drop_monday_h13_tp06_sl065,2022-10-19 13:00:00+00:00,STAGE28A,data/reports/stage28a_discovery_factory_batch_runner/stage28a_exact_trades.csv,calendar_time_risk_proxy_v1,calendar_drop_monday_h13_tp06_sl065,-2.060800000000063,-3.110800000000063,-3.810800000000063,0,0,0,1,3.110800000000063,15.049999999999955,5.379999999999882,0.6189591078067338,11.819999999999936,0.6142131979695457,3.0499999999999545,3.871999999999969,0.1,-1.0,,,13,2,10.0,2022
2022-10-20 13:00:00+00:00|1.0|calendar_drop_monday_h13_tp06_sl065,2022-10-20 13:00:00+00:00,STAGE28A,data/reports/stage28a_discovery_factory_batch_runner/stage28a_exact_trades.csv,calendar_time_risk_proxy_v1,calendar_drop_monday_h13_tp06_sl065,1.0720000000000254,0.0220000000000255,-0.6779999999999742,1,0,0,0,0.0220000000000255,26.74000000000001,7.850000000000136,0.21910828025477674,10.799999999999955,0.7990740740740876,6.809999999999945,3.747000000000014,0.088,1.0,,,13,3,10.0,2022
2022-10-21 13:00:00+00:00|-1.0|calendar_drop_monday_h13_tp06_sl065,2022-10-21 13:00:00+00:00,STAGE28A,data/reports/stage28a_discovery_factory_batch_runner/stage28a_exact_trades.csv,calendar_time_risk_proxy_v1,calendar_drop_monday_h13_tp06_sl065,-2.004575000000022,-3.0545750000000225,-3.754575000000022,0,0,0,0,3.0545750000000225,23.12000000000012,7.769999999999982,0.653796653796646,10.059999999999945,0.37872763419482763,5.3900000000001,4.369499999999993,0.416,-1.0,,,13,4,10.0,2022
2022-10-21 22:45:00+00:00|1.0|calendar_drop_monday_h13_tp06_sl065,2022-10-21 22:45:00+00:00,STAGE28A,data/reports/stage28a_discovery_factory_batch_runner/stage28a_exact_trades.csv,calendar_time_risk_proxy_v1,calendar_drop_monday_h13_tp06_sl065,-0.35,-1.4,-2.1,0,0,0,0,1.4,23.12000000000012,7.769999999999982,0.653796653796646,10.059999999999945,0.37872763419482763,3.6499999999998636,5.90799999999997,0.896,1.0,,,13,4,10.0,2022
2022-10-25 13:00:00+00:00|-1.0|calendar_drop_monday_h13_tp06_sl065,2022-10-25 13:00:00+00:00,STAGE28A,data/reports/stage28a_discovery_factory_batch_runner/stage28a_exact_trades.csv,calendar_time_risk_proxy_v1,calendar_drop_monday_h13_tp06_sl065,-1.7088250000000245,-2.7588250000000243,-3.458825000000024,0,0,0,0,2.7588250000000243,26.539999999999964,7.680000000000064,0.032552083333333065,13.129999999999882,0.885757806549902,4.970000000000027,3.6740000000000235,0.06,-1.0,,,13,1,10.0,2022
2022-10-26 13:00:00+00:00|1.0|calendar_drop_monday_h13_tp06_sl065,2022-10-26 13:00:00+00:00,STAGE28A,data/reports/stage28a_discovery_factory_batch_runner/stage28a_exact_trades.csv,calendar_time_risk_proxy_v1,calendar_drop_monday_h13_tp06_sl065,1.2228999999998904,0.1728999999998905,-0.5271000000001091,1,0,1,0,0.1728999999998905,24.060000000000173,7.880000000000109,0.5862944162436329,19.779999999999973,0.6400404448938257,5.8599999999999,3.980000000000018,0.172,1.0,,,13,2,10.0,2022
2022-10-27 13:00:00+00:00|-1.0|calendar_drop_monday_h13_tp06_sl065,2022-10-27 13:00:00+00:00,STAGE28A,data/reports/stage28a_discovery_factory_batch_runner/stage28a_exact_trades.csv,calendar_time_risk_proxy_v1,calendar_drop_monday_h13_tp06_sl065,1.1157999999999446,0.0657999999999447,-0.6342000000000549,1,0,0,0,0.0657999999999447,25.180000000000064,8.439999999999827,0.06398104265402543,10.589999999999918,0.20774315391879722,2.6499999999998636,3.827999999999963,0.12,-1.0,,,13,3,10.0,2022
2022-10-28 13:00:00+00:00|-1.0|calendar_drop_monday_h13_tp06_sl065,2022-10-28 13:00:00+00:00,STAGE28A,data/reports/stage28a_discovery_factory_batch_runner/stage28a_exact_trades.csv,calendar_time_risk_proxy_v1,calendar_drop_monday_h13_tp06_sl065,1.1655999999999491,0.1155999999999495,-0.5844000000000502,1,0,0,0,0.1155999999999495,15.939999999999827,6.419999999999845,0.39408099688474046,18.899999999999864,0.7962962962962996,4.789999999999964,4.1019999999999985,0.232,-1.0,,,13,4,10.0,2022
2022-10-28 22:45:00+00:00|1.0|calendar_drop_monday_h13_tp06_sl065,2022-10-28 22:45:00+00:00,STAGE28A,data/reports/stage28a_discovery_factory_batch_runner/stage28a_exact_trades.csv,calendar_time_risk_proxy_v1,calendar_drop_monday_h13_tp06_sl065,-0.35,-1.4,-2.1,0,0,0,0,1.4,15.939999999999827,6.419999999999845,0.39408099688474046,18.899999999999864,0.7962962962962996,2.6099999999999,5.006000000000006,0.756,1.0,,,13,4,10.0,2022
2022-11-01 13:00:00+00:00|1.0|calendar_drop_monday_h13_tp06_sl065,2022-11-01 13:00:00+00:00,STAGE28A,data/reports/stage28a_discovery_factory_batch_runner/stage28a_exact_trades.csv,calendar_time_risk_proxy_v1,calendar_drop_monday_h13_tp06_sl065,-1.973375000000124,-3.023375000000124,-3.7233750000001233,0,0,0,0,3.023375000000124,13.779999999999973,9.440000000000055,0.5889830508474484,15.150000000000091,0.8686468646864538,2.990000000000009,3.5405000000000313,0.048,1.0,,,13,1,11.0,2022
2022-11-02 13:00:00+00:00|1.0|calendar_drop_monday_h13_tp06_sl065,2022-11-02 13:00:00+00:00,STAGE28A,data/reports/stage28a_discovery_factory_batch_runner/stage28a_exact_trades.csv,calendar_time_risk_proxy_v1,calendar_drop_monday_h13_tp06_sl065,-1.4777500000001056,-2.5277500000001054,-3.227750000000105,0,0,0,0,2.5277500000001054,26.399999999999864,7.350000000000136,0.31292517006801523,7.3599999999999,0.6983695652174144,2.589999999999918,3.285499999999968,0.004,1.0,,,13,2,11.0,2022
2022-11-03 13:00:00+00:00|-1.0|calendar_drop_monday_h13_tp06_sl065,2022-11-03 13:00:00+00:00,STAGE28A,data/reports/stage28a_discovery_factory_batch_runner/stage28a_exact_trades.csv,calendar_time_risk_proxy_v1,calendar_drop_monday_h13_tp06_sl065,1.2013000000000829,0.151300000000083,-0.5486999999999167,1,0,0,0,0.151300000000083,37.6099999999999,9.11999999999989,0.2971491228070251,18.699999999999818,0.8711229946524129,4.6099999999999,5.437499999999955,0.888,-1.0,,,13,3,11.0,2022
2022-11-04 13:00:00+00:00|-1.0|calendar_drop_monday_h13_tp06_sl065,2022-11-04 13:00:00+00:00,STAGE28A,data/reports/stage28a_discovery_factory_batch_runner/stage28a_exact_trades.csv,calendar_time_risk_proxy_v1,calendar_drop_monday_h13_tp06_sl065,1.2613000000000285,0.2113000000000284,-0.4886999999999712,1,0,1,0,0.2113000000000284,24.37999999999988,18.419999999999845,0.9799131378935997,8.700000000000045,0.3218390804597632,6.6099999999999,3.9944999999999937,0.284,-1.0,,,13,4,11.0,2022
2022-11-04 22:45:00+00:00|1.0|calendar_drop_monday_h13_tp06_sl065,2022-11-04 22:45:00+00:00,STAGE28A,data/reports/stage28a_discovery_factory_batch_runner/stage28a_exact_trades.csv,calendar_time_risk_proxy_v1,calendar_drop_monday_h13_tp06_sl065,-0.35,-1.4,-2.1,0,0,0,0,1.4,24.37999999999988,18.419999999999845,0.9799131378935997,8.700000000000045,0.3218390804597632,2.5700000000001637,6.009500000000014,0.924,1.0,,,13,4,11.0,2022
2022-11-08 13:00:00+00:00|1.0|calendar_drop_monday_h13_tp06_sl065,2022-11-08 13:00:00+00:00,STAGE28A,data/reports/stage28a_discovery_factory_batch_runner/stage28a_exact_trades.csv,calendar_time_risk_proxy_v1,calendar_drop_monday_h13_tp06_sl065,-1.6802249999999277,-2.7302249999999275,-3.4302249999999272,0,0,0,0,2.7302249999999275,14.930000000000064,7.279999999999973,0.5508241758241766,7.3599999999999,0.04347826086955716,2.2199999999998,3.167999999999995,0.024,1.0,,,13,1,11.0,2022
2022-11-09 13:00:00+00:00|-1.0|calendar_drop_monday_h13_tp06_sl065,2022-11-09 13:00:00+00:00,STAGE28A,data/reports/stage28a_discovery_factory_batch_runner/stage28a_exact_trades.csv,calendar_time_risk_proxy_v1,calendar_drop_monday_h13_tp06_sl065,1.0743999999998777,0.0243999999998778,-0.6756000000001219,1,0,0,0,0.0243999999998778,52.25,6.430000000000064,0.4790046656298793,11.860000000000127,0.023608768971329654,5.019999999999982,5.360500000000013,0.864,-1.0,,,13,2,11.0,2022
2022-11-10 13:00:00+00:00|-1.0|calendar_drop_monday_h13_tp06_sl065,2022-11-10 13:00:00+00:00,STAGE28A,data/reports/stage28a_discovery_factory_batch_runner/stage28a_exact_trades.csv,calendar_time_risk_proxy_v1,calendar_drop_monday_h13_tp06_sl065,-1.9515999999999625,-3.001599999999962,-3.701599999999962,0,0,0,0,3.001599999999962,20.180000000000064,6.259999999999991,0.522364217252394,8.540000000000191,0.18032786885245072,4.430000000000064,4.087999999999999,0.34,-1.0,,,13,3,11.0,2022
2022-11-11 13:00:00+00:00|1.0|calendar_drop_monday_h13_tp06_sl065,2022-11-11 13:00:00+00:00,STAGE28A,data/reports/stage28a_discovery_factory_batch_runner/stage28a_exact_trades.csv,calendar_time_risk_proxy_v1,calendar_drop_monday_h13_tp06_sl065,-2.574950000000036,-3.624950000000035,-4.324950000000035,0,0,0,1,3.624950000000035,53.33999999999992,7.350000000000136,0.11020408163264359,14.100000000000136,0.3702127659574452,9.220000000000027,5.719000000000017,0.892,1.0,,,13,4,11.0,2022
2022-11-11 22:45:00+00:00|1.0|calendar_drop_monday_h13_tp06_sl065,2022-11-11 22:45:00+00:00,STAGE28A,data/reports/stage28a_discovery_factory_batch_runner/stage28a_exact_trades.csv,calendar_time_risk_proxy_v1,calendar_drop_monday_h13_tp06_sl065,-0.35,-1.4,-2.1,0,0,0,0,1.4,53.33999999999992,7.350000000000136,0.11020408163264359,14.100000000000136,0.3702127659574452,3.5699999999999363,6.103000000000032,0.96,1.0,,,13,4,11.0,2022
2022-11-15 13:00:00+00:00|1.0|calendar_drop_monday_h13_tp06_sl065,2022-11-15 13:00:00+00:00,STAGE28A,data/reports/stage28a_discovery_factory_batch_runner/stage28a_exact_trades.csv,calendar_time_risk_proxy_v1,calendar_drop_monday_h13_tp06_sl065,1.3207000000001243,0.2707000000001245,-0.4292999999998752,1,0,1,0,0.2707000000001245,21.77000000000021,5.259999999999991,0.26615969581750826,15.680000000000064,0.36926020408162885,3.5799999999999272,4.282500000000004,0.336,1.0,,,13,1,11.0,2022
2022-11-16 13:00:00+00:00|1.0|calendar_drop_monday_h13_tp06_sl065,2022-11-16 13:00:00+00:00,STAGE28A,data/reports/stage28a_discovery_factory_batch_runner/stage28a_exact_trades.csv,calendar_time_risk_proxy_v1,calendar_drop_monday_h13_tp06_sl065,1.024900000000025,-0.0250999999999748,-0.7250999999999745,0,0,0,0,0.0250999999999748,19.36999999999989,11.1099999999999,0.8019801980198166,14.039999999999964,0.7343304843304823,3.8099999999999454,5.0350000000000135,0.544,1.0,,,13,2,11.0,2022
2022-11-17 13:00:00+00:00|1.0|calendar_drop_monday_h13_tp06_sl065,2022-11-17 13:00:00+00:00,STAGE28A,data/reports/stage28a_discovery_factory_batch_runner/stage28a_exact_trades.csv,calendar_time_risk_proxy_v1,calendar_drop_monday_h13_tp06_sl065,0.9742000000000188,-0.075799999999981,-0.7757999999999807,0,0,0,0,0.075799999999981,14.7199999999998,12.6099999999999,0.9103885804916819,9.519999999999982,0.012605042016819166,4.259999999999991,3.760000000000025,0.1,1.0,,,13,3,11.0,2022
2022-11-18 13:00:00+00:00|1.0|calendar_drop_monday_h13_tp06_sl065,2022-11-18 13:00:00+00:00,STAGE28A,data/reports/stage28a_discovery_factory_batch_runner/stage28a_exact_trades.csv,calendar_time_risk_proxy_v1,calendar_drop_monday_h13_tp06_sl065,0.8949999999998909,-0.155000000000109,-0.8550000000001088,0,0,0,0,0.155000000000109,20.269999999999982,6.349999999999909,0.3889763779527658,6.980000000000018,0.37392550143264947,2.75,3.1925000000000296,0.032,1.0,,,13,4,11.0,2022
2022-11-18 22:45:00+00:00|1.0|calendar_drop_monday_h13_tp06_sl065,2022-11-18 22:45:00+00:00,STAGE28A,data/reports/stage28a_discovery_factory_batch_runner/stage28a_exact_trades.csv,calendar_time_risk_proxy_v1,calendar_drop_monday_h13_tp06_sl065,-0.35,-1.4,-2.1,0,0,0,0,1.4,20.269999999999982,6.349999999999909,0.3889763779527658,6.980000000000018,0.37392550143264947,2.130000000000109,4.390500000000031,0.416,1.0,,,13,4,11.0,2022
2022-11-22 13:00:00+00:00|1.0|calendar_drop_monday_h13_tp06_sl065,2022-11-22 13:00:00+00:00,STAGE28A,data/reports/stage28a_discovery_factory_batch_runner/stage28a_exact_trades.csv,calendar_time_risk_proxy_v1,calendar_drop_monday_h13_tp06_sl065,0.7632999999999811,-0.2867000000000188,-0.9867000000000186,0,0,0,0,0.2867000000000188,20.470000000000027,8.220000000000027,0.8004866180048547,8.079999999999927,0.11386138613862389,2.1800000000000637,3.4860000000000015,0.072,1.0,,,13,1,11.0,2022
2022-11-23 13:00:00+00:00|1.0|calendar_drop_monday_h13_tp06_sl065,2022-11-23 13:00:00+00:00,STAGE28A,data/reports/stage28a_discovery_factory_batch_runner/stage28a_exact_trades.csv,calendar_time_risk_proxy_v1,calendar_drop_monday_h13_tp06_sl065,0.9352000000000316,-0.1147999999999682,-0.814799999999968,0,0,0,0,0.1147999999999682,12.740000000000009,10.009999999999991,0.6253746253746251,12.180000000000064,0.17733990147783832,5.330000000000155,3.4209999999999923,0.116,1.0,,,13,2,11.0,2022
2022-11-24 13:00:00+00:00|1.0|calendar_drop_monday_h13_tp06_sl065,2022-11-24 13:00:00+00:00,STAGE28A,data/reports/stage28a_discovery_factory_batch_runner/stage28a_exact_trades.csv,calendar_time_risk_proxy_v1,calendar_drop_monday_h13_tp06_sl065,0.7393000000000939,-0.310699999999906,-1.0106999999999058,0,0,0,0,0.310699999999906,27.230000000000018,7.830000000000155,0.43550446998720144,6.160000000000082,0.07142857142857933,4.019999999999982,3.3895000000000097,0.104,1.0,,,13,3,11.0,2022
2022-11-25 13:00:00+00:00|-1.0|calendar_drop_monday_h13_tp06_sl065,2022-11-25 13:00:00+00:00,STAGE28A,data/reports/stage28a_discovery_factory_batch_runner/stage28a_exact_trades.csv,calendar_time_risk_proxy_v1,calendar_drop_monday_h13_tp06_sl065,0.7384000000000924,-0.3115999999999075,-1.0115999999999072,0,0,0,0,0.3115999999999075,9.590000000000146,8.710000000000036,0.3650975889781918,9.769999999999982,0.6223132036847662,4.230000000000018,2.702500000000009,0.068,-1.0,,,13,4,11.0,2022
2022-11-25 20:15:00+00:00|1.0|calendar_drop_monday_h13_tp06_sl065,2022-11-25 20:15:00+00:00,STAGE28A,data/reports/stage28a_discovery_factory_batch_runner/stage28a_exact_trades.csv,calendar_time_risk_proxy_v1,calendar_drop_monday_h13_tp06_sl065,-1.6415499999999157,-2.6915499999999155,-3.3915499999999152,0,0,0,0,2.6915499999999155,9.590000000000146,8.710000000000036,0.3650975889781918,9.769999999999982,0.6223132036847662,4.610000000000127,3.530499999999995,0.264,1.0,,,13,4,11.0,2022
2022-11-29 13:00:00+00:00|1.0|calendar_drop_monday_h13_tp06_sl065,2022-11-29 13:00:00+00:00,STAGE28A,data/reports/stage28a_discovery_factory_batch_runner/stage28a_exact_trades.csv,calendar_time_risk_proxy_v1,calendar_drop_monday_h13_tp06_sl065,0.8479000000001179,-0.202099999999882,-0.9020999999998818,0,0,0,0,0.202099999999882,24.059999999999945,14.629999999999882,0.8523581681476505,7.559999999999945,0.19312169312169933,2.480000000000018,3.597999999999968,0.276,1.0,,,13,1,11.0,2022
2022-11-30 13:00:00+00:00|1.0|calendar_drop_monday_h13_tp06_sl065,2022-11-30 13:00:00+00:00,STAGE28A,data/reports/stage28a_discovery_factory_batch_runner/stage28a_exact_trades.csv,calendar_time_risk_proxy_v1,calendar_drop_monday_h13_tp06_sl065,0.7779999999999291,-0.2720000000000708,-0.9720000000000706,0,0,0,0,0.2720000000000708,19.48999999999978,7.899999999999864,0.6734177215190197,10.210000000000036,0.4338883447600216,4.7000000000000455,3.161500000000001,0.132,1.0,,,13,2,11.0,2022
2022-12-01 13:00:00+00:00|-1.0|calendar_drop_monday_h13_tp06_sl065,2022-12-01 13:00:00+00:00,STAGE28A,data/reports/stage28a_discovery_factory_batch_runner/stage28a_exact_trades.csv,calendar_time_risk_proxy_v1,calendar_drop_monday_h13_tp06_sl065,1.0830999999999675,0.0330999999999677,-0.666900000000032,1,0,0,0,0.0330999999999677,28.529999999999973,11.8599999999999,0.5202360876897238,9.029999999999973,0.33111849390919357,3.550000000000182,5.318999999999994,0.96,-1.0,,,13,3,12.0,2022
2022-12-02 13:00:00+00:00|1.0|calendar_drop_monday_h13_tp06_sl065,2022-12-02 13:00:00+00:00,STAGE28A,data/reports/stage28a_discovery_factory_batch_runner/stage28a_exact_trades.csv,calendar_time_risk_proxy_v1,calendar_drop_monday_h13_tp06_sl065,-1.498224999999911,-2.548224999999911,-3.248224999999911,0,0,0,0,2.548224999999911,35.86999999999989,8.8599999999999,0.5575620767494481,6.7000000000000455,0.41641791044775295,2.509999999999991,3.4725000000000135,0.292,1.0,,,13,4,12.0,2022
2022-12-02 22:45:00+00:00|1.0|calendar_drop_monday_h13_tp06_sl065,2022-12-02 22:45:00+00:00,STAGE28A,data/reports/stage28a_discovery_factory_batch_runner/stage28a_exact_trades.csv,calendar_time_risk_proxy_v1,calendar_drop_monday_h13_tp06_sl065,-0.35,-1.4,-2.1,0,0,0,0,1.4,35.86999999999989,8.8599999999999,0.5575620767494481,6.7000000000000455,0.41641791044775295,5.1099999999999,4.74849999999999,0.82,1.0,,,13,4,12.0,2022
2022-12-06 13:00:00+00:00|-1.0|calendar_drop_monday_h13_tp06_sl065,2022-12-06 13:00:00+00:00,STAGE28A,data/reports/stage28a_discovery_factory_batch_runner/stage28a_exact_trades.csv,calendar_time_risk_proxy_v1,calendar_drop_monday_h13_tp06_sl065,-1.7302749999999834,-2.780274999999983,-3.480274999999983,0,0,0,0,2.780274999999983,44.12999999999988,8.799999999999955,0.35454545454544395,7.7800000000002,0.16709511568125301,4.040000000000191,4.261500000000058,0.552,-1.0,,,13,1,12.0,2022
2022-12-07 13:00:00+00:00|1.0|calendar_drop_monday_h13_tp06_sl065,2022-12-07 13:00:00+00:00,STAGE28A,data/reports/stage28a_discovery_factory_batch_runner/stage28a_exact_trades.csv,calendar_time_risk_proxy_v1,calendar_drop_monday_h13_tp06_sl065,0.8493999999999687,-0.2006000000000312,-0.9006000000000309,0,0,0,0,0.2006000000000312,13.570000000000164,6.420000000000073,0.015576323987524598,6.230000000000018,0.2616372391653093,3.5699999999999363,3.2814999999999825,0.184,1.0,,,13,2,12.0,2022
2022-12-08 13:00:00+00:00|-1.0|calendar_drop_monday_h13_tp06_sl065,2022-12-08 13:00:00+00:00,STAGE28A,data/reports/stage28a_discovery_factory_batch_runner/stage28a_exact_trades.csv,calendar_time_risk_proxy_v1,calendar_drop_monday_h13_tp06_sl065,-1.3828500000000532,-2.432850000000053,-3.1328500000000528,0,0,0,0,2.432850000000053,21.769999999999982,6.779999999999973,0.5176991150442485,5.3900000000001,0.03710575139143124,2.790000000000191,3.6840000000000144,0.264,-1.0,,,13,3,12.0,2022
2022-12-09 13:00:00+00:00|-1.0|calendar_drop_monday_h13_tp06_sl065,2022-12-09 13:00:00+00:00,STAGE28A,data/reports/stage28a_discovery_factory_batch_runner/stage28a_exact_trades.csv,calendar_time_risk_proxy_v1,calendar_drop_monday_h13_tp06_sl065,-1.5505500000000212,-2.600550000000021,-3.3005500000000207,0,0,0,0,2.600550000000021,13.490000000000009,8.980000000000018,0.8006681514476406,8.789999999999964,0.2229806598407073,2.1400000000001,3.091500000000019,0.08,-1.0,,,13,4,12.0,2022
2022-12-09 22:45:00+00:00|1.0|calendar_drop_monday_h13_tp06_sl065,2022-12-09 22:45:00+00:00,STAGE28A,data/reports/stage28a_discovery_factory_batch_runner/stage28a_exact_trades.csv,calendar_time_risk_proxy_v1,calendar_drop_monday_h13_tp06_sl065,0.8232999999999265,-0.2267000000000734,-0.9267000000000732,0,0,0,0,0.2267000000000734,13.490000000000009,8.980000000000018,0.8006681514476406,8.789999999999964,0.2229806598407073,3.3600000000001273,4.763000000000022,0.784,1.0,,,13,4,12.0,2022
2022-12-13 13:00:00+00:00|1.0|calendar_drop_monday_h13_tp06_sl065,2022-12-13 13:00:00+00:00,STAGE28A,data/reports/stage28a_discovery_factory_batch_runner/stage28a_exact_trades.csv,calendar_time_risk_proxy_v1,calendar_drop_monday_h13_tp06_sl065,0.7761999999999262,-0.2738000000000737,-0.9738000000000736,0,0,0,0,0.2738000000000737,19.5,6.0900000000001455,0.08702791461411495,6.180000000000064,0.7508090614886448,4.990000000000009,3.209500000000048,0.044,1.0,,,13,1,12.0,2022
2022-12-14 13:00:00+00:00|-1.0|calendar_drop_monday_h13_tp06_sl065,2022-12-14 13:00:00+00:00,STAGE28A,data/reports/stage28a_discovery_factory_batch_runner/stage28a_exact_trades.csv,calendar_time_risk_proxy_v1,calendar_drop_monday_h13_tp06_sl065,-1.583699999999999,-2.633699999999999,-3.3336999999999986,0,0,0,0,2.633699999999999,44.50999999999999,4.470000000000027,0.1342281879194419,6.720000000000027,0.029761904761877574,3.480000000000018,4.1275000000000315,0.46,-1.0,,,13,2,12.0,2022
2022-12-15 13:00:00+00:00|-1.0|calendar_drop_monday_h13_tp06_sl065,2022-12-15 13:00:00+00:00,STAGE28A,data/reports/stage28a_discovery_factory_batch_runner/stage28a_exact_trades.csv,calendar_time_risk_proxy_v1,calendar_drop_monday_h13_tp06_sl065,1.6944999999999708,0.644499999999971,-0.0555000000000287,1,0,1,0,0.644499999999971,19.310000000000173,19.110000000000127,0.8707482993197154,22.519999999999982,0.6039076376554139,4.019999999999982,5.377000000000043,0.876,-1.0,,,13,3,12.0,2022
2022-12-16 13:00:00+00:00|-1.0|calendar_drop_monday_h13_tp06_sl065,2022-12-16 13:00:00+00:00,STAGE28A,data/reports/stage28a_discovery_factory_batch_runner/stage28a_exact_trades.csv,calendar_time_risk_proxy_v1,calendar_drop_monday_h13_tp06_sl065,1.1637999999999464,0.1137999999999466,-0.5862000000000531,1,0,0,0,0.1137999999999466,34.799999999999955,8.639999999999873,0.2685185185185414,10.599999999999909,0.1849056603773635,3.9300000000000637,3.8604999999999903,0.368,-1.0,,,13,4,12.0,2022
2022-12-16 22:45:00+00:00|1.0|calendar_drop_monday_h13_tp06_sl065,2022-12-16 22:45:00+00:00,STAGE28A,data/reports/stage28a_discovery_factory_batch_runner/stage28a_exact_trades.csv,calendar_time_risk_proxy_v1,calendar_drop_monday_h13_tp06_sl065,0.6639999999998963,-0.3860000000001036,-1.086000000000103,0,0,0,0,0.3860000000001036,34.799999999999955,8.639999999999873,0.2685185185185414,10.599999999999909,0.1849056603773635,2.7100000000000364,4.4970000000000026,0.592,1.0,,,13,4,12.0,2022
2022-12-20 13:00:00+00:00|1.0|calendar_drop_monday_h13_tp06_sl065,2022-12-20 13:00:00+00:00,STAGE28A,data/reports/stage28a_discovery_factory_batch_runner/stage28a_exact_trades.csv,calendar_time_risk_proxy_v1,calendar_drop_monday_h13_tp06_sl065,-2.0152999999998884,-3.065299999999888,-3.765299999999888,0,0,0,1,3.065299999999888,15.0,11.589999999999918,0.2683347713546289,20.910000000000082,0.7723577235772371,2.599999999999909,4.288999999999999,0.6,1.0,,,13,1,12.0,2022
2022-12-21 13:00:00+00:00|-1.0|calendar_drop_monday_h13_tp06_sl065,2022-12-21 13:00:00+00:00,STAGE28A,data/reports/stage28a_discovery_factory_batch_runner/stage28a_exact_trades.csv,calendar_time_risk_proxy_v1,calendar_drop_monday_h13_tp06_sl065,-1.5635499999999412,-2.613549999999941,-3.3135499999999407,0,0,0,0,2.613549999999941,36.52999999999997,6.380000000000109,0.49999999999996436,5.369999999999891,0.1787709497206808,2.8300000000001546,3.1885000000000105,0.056,-1.0,,,13,2,12.0,2022
2022-12-22 13:00:00+00:00|-1.0|calendar_drop_monday_h13_tp06_sl065,2022-12-22 13:00:00+00:00,STAGE28A,data/reports/stage28a_discovery_factory_batch_runner/stage28a_exact_trades.csv,calendar_time_risk_proxy_v1,calendar_drop_monday_h13_tp06_sl065,-1.454675000000043,-2.504675000000043,-3.2046750000000426,0,0,0,0,2.504675000000043,11.930000000000064,6.889999999999873,0.7735849056603811,6.740000000000009,0.827893175074172,2.4099999999998545,3.1659999999999853,0.096,-1.0,,,13,3,12.0,2022
2022-12-23 13:00:00+00:00|1.0|calendar_drop_monday_h13_tp06_sl065,2022-12-23 13:00:00+00:00,STAGE28A,data/reports/stage28a_discovery_factory_batch_runner/stage28a_exact_trades.csv,calendar_time_risk_proxy_v1,calendar_drop_monday_h13_tp06_sl065,-1.3981250000000274,-2.448125000000027,-3.148125000000027,0,0,0,0,2.448125000000027,35.58999999999992,4.270000000000209,0.33255269320843167,4.830000000000155,0.780538302277404,2.2799999999999727,3.41850000000004,0.24,1.0,,,13,4,12.0,2022
2022-12-23 22:45:00+00:00|1.0|calendar_drop_monday_h13_tp06_sl065,2022-12-23 22:45:00+00:00,STAGE28A,data/reports/stage28a_discovery_factory_batch_runner/stage28a_exact_trades.csv,calendar_time_risk_proxy_v1,calendar_drop_monday_h13_tp06_sl065,-0.35,-1.4,-2.1,0,0,0,0,1.4,35.58999999999992,4.270000000000209,0.33255269320843167,4.830000000000155,0.780538302277404,2.0699999999999363,3.4269999999999983,0.276,1.0,,,13,4,12.0,2022
2022-12-27 13:00:00+00:00|1.0|calendar_drop_monday_h13_tp06_sl065,2022-12-27 13:00:00+00:00,STAGE28A,data/reports/stage28a_discovery_factory_batch_runner/stage28a_exact_trades.csv,calendar_time_risk_proxy_v1,calendar_drop_monday_h13_tp06_sl065,0.471999999999889,-0.5780000000001109,-1.2780000000001106,0,0,0,0,0.5780000000001109,4.339999999999918,6.7999999999999545,0.47205882352938683,6.039999999999964,0.6026490066225367,1.7300000000000182,3.2569999999999597,0.176,1.0,,,13,1,12.0,2022
2022-12-28 13:00:00+00:00|-1.0|calendar_drop_monday_h13_tp06_sl065,2022-12-28 13:00:00+00:00,STAGE28A,data/reports/stage28a_discovery_factory_batch_runner/stage28a_exact_trades.csv,calendar_time_risk_proxy_v1,calendar_drop_monday_h13_tp06_sl065,1.0573000000000774,0.0073000000000775,-0.6926999999999222,1,0,0,0,0.0073000000000775,33.58999999999992,4.990000000000009,0.11422845691381468,12.950000000000045,0.7158301158301119,6.120000000000118,5.231999999999994,0.836,-1.0,,,13,2,12.0,2022
2022-12-29 13:00:00+00:00|-1.0|calendar_drop_monday_h13_tp06_sl065,2022-12-29 13:00:00+00:00,STAGE28A,data/reports/stage28a_discovery_factory_batch_runner/stage28a_exact_trades.csv,calendar_time_risk_proxy_v1,calendar_drop_monday_h13_tp06_sl065,0.6916000000000168,-0.3583999999999832,-1.058399999999983,0,0,0,0,0.3583999999999832,17.580000000000155,5.630000000000109,0.5772646536411966,7.6099999999999,0.4809461235216692,5.019999999999982,3.463499999999988,0.284,-1.0,,,13,3,12.0,2022
2022-12-30 13:00:00+00:00|-1.0|calendar_drop_monday_h13_tp06_sl065,2022-12-30 13:00:00+00:00,STAGE28A,data/reports/stage28a_discovery_factory_batch_runner/stage28a_exact_trades.csv,calendar_time_risk_proxy_v1,calendar_drop_monday_h13_tp06_sl065,-1.4917249999999511,-2.541724999999951,-3.241724999999951,0,0,0,0,2.541724999999951,16.450000000000045,5.330000000000155,0.13320825515947762,8.910000000000082,0.043771043771029076,3.2999999999999545,2.982000000000005,0.04,-1.0,,,13,4,12.0,2022
2022-12-30 22:45:00+00:00|1.0|calendar_drop_monday_h13_tp06_sl065,2022-12-30 22:45:00+00:00,STAGE28A,data/reports/stage28a_discovery_factory_batch_runner/stage28a_exact_trades.csv,calendar_time_risk_proxy_v1,calendar_drop_monday_h13_tp06_sl065,-0.35,-1.4,-2.1,0,0,0,0,1.4,16.450000000000045,5.330000000000155,0.13320825515947762,8.910000000000082,0.043771043771029076,4.240000000000009,3.991499999999985,0.572,1.0,,,13,4,12.0,2022
2023-01-03 13:00:00+00:00|-1.0|calendar_drop_monday_h13_tp06_sl065,2023-01-03 13:00:00+00:00,STAGE28A,data/reports/stage28a_discovery_factory_batch_runner/stage28a_exact_trades.csv,calendar_time_risk_proxy_v1,calendar_drop_monday_h13_tp06_sl065,-2.4816750000000867,-3.5316750000000865,-4.231675000000086,0,0,0,1,3.5316750000000865,6.660000000000082,19.40000000000009,0.5649484536082466,16.24000000000001,0.3663793103448302,5.650000000000091,5.305000000000007,0.964,-1.0,,,13,1,1.0,2023
2023-01-04 13:00:00+00:00|1.0|calendar_drop_monday_h13_tp06_sl065,2023-01-04 13:00:00+00:00,STAGE28A,data/reports/stage28a_discovery_factory_batch_runner/stage28a_exact_trades.csv,calendar_time_risk_proxy_v1,calendar_drop_monday_h13_tp06_sl065,-2.2271999999999026,-3.2771999999999024,-3.977199999999902,0,0,0,1,3.2771999999999024,26.210000000000036,12.019999999999982,0.8460898502495914,20.410000000000082,0.5982361587457122,3.9200000000000728,4.726000000000011,0.76,1.0,,,13,2,1.0,2023
2023-01-05 13:00:00+00:00|-1.0|calendar_drop_monday_h13_tp06_sl065,2023-01-05 13:00:00+00:00,STAGE28A,data/reports/stage28a_discovery_factory_batch_runner/stage28a_exact_trades.csv,calendar_time_risk_proxy_v1,calendar_drop_monday_h13_tp06_sl065,1.2781000000001312,0.2281000000001314,-0.4718999999998683,1,0,1,0,0.2281000000001314,29.940000000000055,8.690000000000055,0.3107019562715798,11.779999999999973,0.25806451612902975,3.7000000000000455,4.808500000000015,0.688,-1.0,,,13,3,1.0,2023
2023-01-06 13:00:00+00:00|-1.0|calendar_drop_monday_h13_tp06_sl065,2023-01-06 13:00:00+00:00,STAGE28A,data/reports/stage28a_discovery_factory_batch_runner/stage28a_exact_trades.csv,calendar_time_risk_proxy_v1,calendar_drop_monday_h13_tp06_sl065,-1.5765500000000885,-2.6265500000000883,-3.326550000000088,0,0,0,0,2.6265500000000883,33.99000000000001,10.930000000000064,0.4858188472095073,7.370000000000118,0.18724559023067666,3.9200000000000728,4.009499999999991,0.464,-1.0,,,13,4,1.0,2023
2023-01-06 22:45:00+00:00|1.0|calendar_drop_monday_h13_tp06_sl065,2023-01-06 22:45:00+00:00,STAGE28A,data/reports/stage28a_discovery_factory_batch_runner/stage28a_exact_trades.csv,calendar_time_risk_proxy_v1,calendar_drop_monday_h13_tp06_sl065,-0.35,-1.4,-2.1,0,0,0,0,1.4,33.99000000000001,10.930000000000064,0.4858188472095073,7.370000000000118,0.18724559023067666,1.7899999999999636,5.639999999999986,0.94,1.0,,,13,4,1.0,2023
2023-01-10 13:00:00+00:00|1.0|calendar_drop_monday_h13_tp06_sl065,2023-01-10 13:00:00+00:00,STAGE28A,data/reports/stage28a_discovery_factory_batch_runner/stage28a_exact_trades.csv,calendar_time_risk_proxy_v1,calendar_drop_monday_h13_tp06_sl065,0.8313999999999396,-0.2186000000000603,-0.91860000000006,0,0,0,0,0.2186000000000603,15.169999999999845,8.11999999999989,0.10467980295568323,6.699999999999818,0.5716417910447807,3.6400000000001,4.05599999999996,0.376,1.0,,,13,1,1.0,2023
2023-01-11 13:00:00+00:00|1.0|calendar_drop_monday_h13_tp06_sl065,2023-01-11 13:00:00+00:00,STAGE28A,data/reports/stage28a_discovery_factory_batch_runner/stage28a_exact_trades.csv,calendar_time_risk_proxy_v1,calendar_drop_monday_h13_tp06_sl065,0.8577999999999065,-0.1922000000000934,-0.8922000000000931,0,0,0,0,0.1922000000000934,12.879999999999882,6.419999999999845,0.09813084112151468,9.120000000000118,0.7565789473683963,3.3199999999999363,3.6774999999999975,0.22,1.0,,,13,2,1.0,2023
2023-01-12 13:00:00+00:00|-1.0|calendar_drop_monday_h13_tp06_sl065,2023-01-12 13:00:00+00:00,STAGE28A,data/reports/stage28a_discovery_factory_batch_runner/stage28a_exact_trades.csv,calendar_time_risk_proxy_v1,calendar_drop_monday_h13_tp06_sl065,0.5902000000000044,-0.4597999999999955,-1.1597999999999953,0,0,0,0,0.4597999999999955,19.480000000000018,10.3599999999999,0.7268339768339812,5.509999999999991,0.032667876588033384,1.9200000000000728,3.150499999999977,0.032,-1.0,,,13,3,1.0,2023
2023-01-13 13:00:00+00:00|1.0|calendar_drop_monday_h13_tp06_sl065,2023-01-13 13:00:00+00:00,STAGE28A,data/reports/stage28a_discovery_factory_batch_runner/stage28a_exact_trades.csv,calendar_time_risk_proxy_v1,calendar_drop_monday_h13_tp06_sl065,1.2315999999999805,0.1815999999999804,-0.5184000000000193,1,0,1,0,0.1815999999999804,32.710000000000036,6.089999999999918,0.33004926108374677,17.37999999999988,0.575949367088611,2.3300000000001546,4.693499999999995,0.564,1.0,,,13,4,1.0,2023
2023-01-13 22:45:00+00:00|1.0|calendar_drop_monday_h13_tp06_sl065,2023-01-13 22:45:00+00:00,STAGE28A,data/reports/stage28a_discovery_factory_batch_runner/stage28a_exact_trades.csv,calendar_time_risk_proxy_v1,calendar_drop_monday_h13_tp06_sl065,-0.35,-1.4,-2.1,0,0,0,0,1.4,32.710000000000036,6.089999999999918,0.33004926108374677,17.37999999999988,0.575949367088611,2.3199999999999363,5.618999999999994,0.806,1.0,,,13,4,1.0,2023
2023-01-17 13:00:00+00:00|-1.0|calendar_drop_monday_h13_tp06_sl065,2023-01-17 13:00:00+00:00,STAGE28A,data/reports/stage28a_discovery_factory_batch_runner/stage28a_exact_trades.csv,calendar_time_risk_proxy_v1,calendar_drop_monday_h13_tp06_sl065,-1.63732500000001,-2.6873250000000097,-3.387325000000009,0,0,0,0,2.6873250000000097,18.069999999999936,10.960000000000036,0.5875912408759154,9.029999999999973,0.5658914728682077,3.759999999999991,3.1420000000000075,0.028,-1.0,,,13,1,1.0,2023
2023-01-18 13:00:00+00:00|1.0|calendar_drop_monday_h13_tp06_sl065,2023-01-18 13:00:00+00:00,STAGE28A,data/reports/stage28a_discovery_factory_batch_runner/stage28a_exact_trades.csv,calendar_time_risk_proxy_v1,calendar_drop_monday_h13_tp06_sl065,1.1572000000000116,0.1072000000000117,-0.592799999999988,1,0,0,0,0.1072000000000117,15.2800000000002,13.089999999999918,0.7097020626432408,19.339999999999918,0.7699069286453032,3.7200000000000273,4.592999999999972,0.476,1.0,,,13,2,1.0,2023
2023-01-19 13:00:00+00:00|1.0|calendar_drop_monday_h13_tp06_sl065,2023-01-19 13:00:00+00:00,STAGE28A,data/reports/stage28a_discovery_factory_batch_runner/stage28a_exact_trades.csv,calendar_time_risk_proxy_v1,calendar_drop_monday_h13_tp06_sl065,-1.7939749999999095,-2.8439749999999093,-3.543974999999909,0,0,0,0,2.8439749999999093,29.269999999999982,9.970000000000027,0.29388164493481,10.379999999999882,0.023121387283238135,3.800000000000182,4.57049999999997,0.464,1.0,,,13,3,1.0,2023
2023-01-20 13:00:00+00:00|1.0|calendar_drop_monday_h13_tp06_sl065,2023-01-20 13:00:00+00:00,STAGE28A,data/reports/stage28a_discovery_factory_batch_runner/stage28a_exact_trades.csv,calendar_time_risk_proxy_v1,calendar_drop_monday_h13_tp06_sl065,-2.028625000000011,-3.078625000000011,-3.7786250000000106,0,0,0,1,3.078625000000011,34.190000000000055,11.160000000000082,0.7168458781361955,14.289999999999964,0.4380685794261726,3.2899999999999636,4.657000000000016,0.556,1.0,,,13,4,1.0,2023
2023-01-20 22:45:00+00:00|1.0|calendar_drop_monday_h13_tp06_sl065,2023-01-20 22:45:00+00:00,STAGE28A,data/reports/stage28a_discovery_factory_batch_runner/stage28a_exact_trades.csv,calendar_time_risk_proxy_v1,calendar_drop_monday_h13_tp06_sl065,0.7837000000000899,-0.26629999999991,-0.9662999999999098,0,0,0,0,0.26629999999991,34.190000000000055,11.160000000000082,0.7168458781361955,14.289999999999964,0.4380685794261726,2.759999999999991,4.601000000000022,0.568,1.0,,,13,4,1.0,2023
2023-01-24 13:00:00+00:00|1.0|calendar_drop_monday_h13_tp06_sl065,2023-01-24 13:00:00+00:00,STAGE28A,data/reports/stage28a_discovery_factory_batch_runner/stage28a_exact_trades.csv,calendar_time_risk_proxy_v1,calendar_drop_monday_h13_tp06_sl065,0.9618999999999231,-0.0881000000000766,-0.7881000000000764,0,0,0,0,0.0881000000000766,24.169999999999845,6.519999999999982,0.21012269938648692,9.960000000000036,0.5672690763052051,4.179999999999836,4.219499999999982,0.312,1.0,,,13,1,1.0,2023
2023-01-25 13:00:00+00:00|-1.0|calendar_drop_monday_h13_tp06_sl065,2023-01-25 13:00:00+00:00,STAGE28A,data/reports/stage28a_discovery_factory_batch_runner/stage28a_exact_trades.csv,calendar_time_risk_proxy_v1,calendar_drop_monday_h13_tp06_sl065,1.1385999999999057,0.0885999999999058,-0.6114000000000939,1,0,0,0,0.0885999999999058,25.36999999999989,11.950000000000045,0.7104602510460232,11.019999999999982,0.2676950998184957,5.7800000000002,4.73599999999999,0.588,-1.0,,,13,2,1.0,2023
2023-01-26 13:00:00+00:00|-1.0|calendar_drop_monday_h13_tp06_sl065,2023-01-26 13:00:00+00:00,STAGE28A,data/reports/stage28a_discovery_factory_batch_runner/stage28a_exact_trades.csv,calendar_time_risk_proxy_v1,calendar_drop_monday_h13_tp06_sl065,1.187800000000061,0.1378000000000612,-0.5621999999999385,1,0,0,0,0.1378000000000612,28.659999999999854,6.610000000000127,0.2632375189107376,15.129999999999882,0.6549900859220198,2.0299999999999727,4.674000000000001,0.468,-1.0,,,13,3,1.0,2023
2023-01-27 13:00:00+00:00|1.0|calendar_drop_monday_h13_tp06_sl065,2023-01-27 13:00:00+00:00,STAGE28A,data/reports/stage28a_discovery_factory_batch_runner/stage28a_exact_trades.csv,calendar_time_risk_proxy_v1,calendar_drop_monday_h13_tp06_sl065,0.7876000000000204,-0.2623999999999795,-0.9623999999999792,0,0,0,0,0.2623999999999795,30.470000000000027,15.069999999999936,0.6084936960849444,7.829999999999927,0.8735632183908023,3.990000000000009,4.602999999999975,0.368,1.0,,,13,4,1.0,2023
2023-01-27 22:45:00+00:00|1.0|calendar_drop_monday_h13_tp06_sl065,2023-01-27 22:45:00+00:00,STAGE28A,data/reports/stage28a_discovery_factory_batch_runner/stage28a_exact_trades.csv,calendar_time_risk_proxy_v1,calendar_drop_monday_h13_tp06_sl065,0.9106000000000676,-0.1393999999999322,-0.839399999999932,0,0,0,0,0.1393999999999322,30.470000000000027,15.069999999999936,0.6084936960849444,7.829999999999927,0.8735632183908023,2.240000000000009,4.980999999999983,0.66,1.0,,,13,4,1.0,2023
2023-01-31 13:00:00+00:00|-1.0|calendar_drop_monday_h13_tp06_sl065,2023-01-31 13:00:00+00:00,STAGE28A,data/reports/stage28a_discovery_factory_batch_runner/stage28a_exact_trades.csv,calendar_time_risk_proxy_v1,calendar_drop_monday_h13_tp06_sl065,1.0702000000000225,0.0202000000000226,-0.6797999999999771,1,0,0,0,0.0202000000000226,13.839999999999918,8.539999999999964,0.2412177985948424,19.180000000000064,0.7987486965589214,3.8500000000001364,3.6990000000000123,0.06,-1.0,,,13,1,1.0,2023
2023-02-01 13:00:00+00:00|-1.0|calendar_drop_monday_h13_tp06_sl065,2023-02-01 13:00:00+00:00,STAGE28A,data/reports/stage28a_discovery_factory_batch_runner/stage28a_exact_trades.csv,calendar_time_risk_proxy_v1,calendar_drop_monday_h13_tp06_sl065,0.6817000000000007,-0.3682999999999992,-1.068299999999999,0,0,0,0,0.3682999999999992,30.279999999999973,4.25,0.3764705882353262,5.929999999999836,0.11973018549747994,3.509999999999991,2.965499999999963,0.004,-1.0,,,13,2,2.0,2023
2023-02-02 13:00:00+00:00|1.0|calendar_drop_monday_h13_tp06_sl065,2023-02-02 13:00:00+00:00,STAGE28A,data/reports/stage28a_discovery_factory_batch_runner/stage28a_exact_trades.csv,calendar_time_risk_proxy_v1,calendar_drop_monday_h13_tp06_sl065,1.1716000000000348,0.121600000000035,-0.5783999999999647,1,0,0,0,0.121600000000035,33.47000000000003,7.100000000000136,0.0408450704225293,8.519999999999982,0.08098591549296433,5.6599999999998545,6.189000000000021,0.968,1.0,,,13,3,2.0,2023
2023-02-03 13:00:00+00:00|-1.0|calendar_drop_monday_h13_tp06_sl065,2023-02-03 13:00:00+00:00,STAGE28A,data/reports/stage28a_discovery_factory_batch_runner/stage28a_exact_trades.csv,calendar_time_risk_proxy_v1,calendar_drop_monday_h13_tp06_sl065,-1.986700000000019,-3.036700000000019,-3.7367000000000186,0,0,0,0,3.036700000000019,48.44999999999982,7.269999999999982,0.13480055020633022,8.599999999999909,0.490697674418613,3.8899999999998727,4.705499999999972,0.42,-1.0,,,13,4,2.0,2023
2023-02-03 22:45:00+00:00|1.0|calendar_drop_monday_h13_tp06_sl065,2023-02-03 22:45:00+00:00,STAGE28A,data/reports/stage28a_discovery_factory_batch_runner/stage28a_exact_trades.csv,calendar_time_risk_proxy_v1,calendar_drop_monday_h13_tp06_sl065,-0.35,-1.4,-2.1,0,0,0,0,1.4,48.44999999999982,7.269999999999982,0.13480055020633022,8.599999999999909,0.490697674418613,3.1499999999998636,6.459499999999958,0.964,1.0,,,13,4,2.0,2023
2023-02-07 13:00:00+00:00|1.0|calendar_drop_monday_h13_tp06_sl065,2023-02-07 13:00:00+00:00,STAGE28A,data/reports/stage28a_discovery_factory_batch_runner/stage28a_exact_trades.csv,calendar_time_risk_proxy_v1,calendar_drop_monday_h13_tp06_sl065,-2.0257000000000063,-3.075700000000006,-3.775700000000006,0,0,0,1,3.075700000000006,21.3900000000001,8.75,0.5234285714285631,6.900000000000091,0.17536231884054973,3.6799999999998363,4.125499999999977,0.16,1.0,,,13,1,2.0,2023
2023-02-08 13:00:00+00:00|1.0|calendar_drop_monday_h13_tp06_sl065,2023-02-08 13:00:00+00:00,STAGE28A,data/reports/stage28a_discovery_factory_batch_runner/stage28a_exact_trades.csv,calendar_time_risk_proxy_v1,calendar_drop_monday_h13_tp06_sl065,1.4019999999999526,0.3519999999999528,-0.3480000000000469,1,0,1,0,0.3519999999999528,19.3599999999999,7.039999999999964,0.6022727272727316,13.2199999999998,0.2798789712556809,7.430000000000064,6.410499999999968,0.864,1.0,,,13,2,2.0,2023
2023-02-09 13:00:00+00:00|1.0|calendar_drop_monday_h13_tp06_sl065,2023-02-09 13:00:00+00:00,STAGE28A,data/reports/stage28a_discovery_factory_batch_runner/stage28a_exact_trades.csv,calendar_time_risk_proxy_v1,calendar_drop_monday_h13_tp06_sl065,1.062700000000086,0.0127000000000863,-0.6872999999999134,1,0,0,0,0.0127000000000863,17.3599999999999,8.25,0.5478787878787856,9.329999999999927,0.663451232583052,5.129999999999882,3.5294999999999845,0.036,1.0,,,13,3,2.0,2023
2023-02-10 13:00:00+00:00|1.0|calendar_drop_monday_h13_tp06_sl065,2023-02-10 13:00:00+00:00,STAGE28A,data/reports/stage28a_discovery_factory_batch_runner/stage28a_exact_trades.csv,calendar_time_risk_proxy_v1,calendar_drop_monday_h13_tp06_sl065,1.5612999999999828,0.511299999999983,-0.1887000000000167,1,0,1,0,0.511299999999983,31.269999999999982,11.579999999999927,0.7236614853195107,19.3599999999999,0.46177685950413744,4.509999999999991,5.849500000000001,0.664,1.0,,,13,4,2.0,2023
2023-02-10 22:45:00+00:00|1.0|calendar_drop_monday_h13_tp06_sl065,2023-02-10 22:45:00+00:00,STAGE28A,data/reports/stage28a_discovery_factory_batch_runner/stage28a_exact_trades.csv,calendar_time_risk_proxy_v1,calendar_drop_monday_h13_tp06_sl065,-0.35,-1.4,-2.1,0,0,0,0,1.4,31.269999999999982,11.579999999999927,0.7236614853195107,19.3599999999999,0.46177685950413744,3.2999999999999545,5.420000000000004,0.596,1.0,,,13,4,2.0,2023
2023-02-14 13:00:00+00:00|1.0|calendar_drop_monday_h13_tp06_sl065,2023-02-14 13:00:00+00:00,STAGE28A,data/reports/stage28a_discovery_factory_batch_runner/stage28a_exact_trades.csv,calendar_time_risk_proxy_v1,calendar_drop_monday_h13_tp06_sl065,1.0086999999999988,-0.041300000000001,-0.7413000000000007,0,0,0,0,0.041300000000001,16.13000000000011,6.519999999999982,0.5920245398773218,7.099999999999909,0.12394366197181592,4.0,3.477499999999998,0.036,1.0,,,13,1,2.0,2023
2023-02-15 13:00:00+00:00|-1.0|calendar_drop_monday_h13_tp06_sl065,2023-02-15 13:00:00+00:00,STAGE28A,data/reports/stage28a_discovery_factory_batch_runner/stage28a_exact_trades.csv,calendar_time_risk_proxy_v1,calendar_drop_monday_h13_tp06_sl065,-2.3481000000000223,-3.398100000000022,-4.098100000000022,0,0,0,1,3.398100000000022,27.169999999999845,13.559999999999945,0.5243362831858355,16.019999999999982,0.7771535580524381,3.9500000000000455,5.293000000000006,0.48,-1.0,,,13,2,2.0,2023
2023-02-16 13:00:00+00:00|-1.0|calendar_drop_monday_h13_tp06_sl065,2023-02-16 13:00:00+00:00,STAGE28A,data/reports/stage28a_discovery_factory_batch_runner/stage28a_exact_trades.csv,calendar_time_risk_proxy_v1,calendar_drop_monday_h13_tp06_sl065,1.0048000000000683,-0.0451999999999315,-0.7451999999999313,0,0,0,0,0.0451999999999315,29.50999999999999,8.169999999999845,0.3659730722154303,10.549999999999955,0.1184834123222754,3.7999999999999545,4.165999999999985,0.168,-1.0,,,13,3,2.0,2023
2023-02-17 13:00:00+00:00|-1.0|calendar_drop_monday_h13_tp06_sl065,2023-02-17 13:00:00+00:00,STAGE28A,data/reports/stage28a_discovery_factory_batch_runner/stage28a_exact_trades.csv,calendar_time_risk_proxy_v1,calendar_drop_monday_h13_tp06_sl065,-2.1505000000000565,-3.2005000000000563,-3.900500000000056,0,0,0,1,3.2005000000000563,17.670000000000073,12.660000000000082,0.5979462875197383,9.319999999999936,0.3508583690987129,3.509999999999991,4.853499999999997,0.416,-1.0,,,13,4,2.0,2023
2023-02-17 22:45:00+00:00|1.0|calendar_drop_monday_h13_tp06_sl065,2023-02-17 22:45:00+00:00,STAGE28A,data/reports/stage28a_discovery_factory_batch_runner/stage28a_exact_trades.csv,calendar_time_risk_proxy_v1,calendar_drop_monday_h13_tp06_sl065,-0.35,-1.4,-2.1,0,0,0,0,1.4,17.670000000000073,12.660000000000082,0.5979462875197383,9.319999999999936,0.3508583690987129,1.6800000000000637,4.791999999999985,0.416,1.0,,,13,4,2.0,2023
2023-02-21 13:00:00+00:00|-1.0|calendar_drop_monday_h13_tp06_sl065,2023-02-21 13:00:00+00:00,STAGE28A,data/reports/stage28a_discovery_factory_batch_runner/stage28a_exact_trades.csv,calendar_time_risk_proxy_v1,calendar_drop_monday_h13_tp06_sl065,-1.8053499999999527,-2.855349999999953,-3.5553499999999527,0,0,0,0,2.855349999999953,10.169999999999845,6.710000000000036,0.3859910581222253,8.680000000000064,0.6831797235022803,4.170000000000073,2.790499999999986,0.056,-1.0,,,13,1,2.0,2023
2023-02-22 13:00:00+00:00|-1.0|calendar_drop_monday_h13_tp06_sl065,2023-02-22 13:00:00+00:00,STAGE28A,data/reports/stage28a_discovery_factory_batch_runner/stage28a_exact_trades.csv,calendar_time_risk_proxy_v1,calendar_drop_monday_h13_tp06_sl065,0.908199999999988,-0.1418000000000119,-0.8418000000000117,0,0,0,0,0.1418000000000119,13.599999999999909,4.370000000000118,0.21967963386727926,9.069999999999936,0.34399117971335613,2.6299999999998818,3.536500000000012,0.124,-1.0,,,13,2,2.0,2023
2023-02-23 13:00:00+00:00|-1.0|calendar_drop_monday_h13_tp06_sl065,2023-02-23 13:00:00+00:00,STAGE28A,data/reports/stage28a_discovery_factory_batch_runner/stage28a_exact_trades.csv,calendar_time_risk_proxy_v1,calendar_drop_monday_h13_tp06_sl065,-1.572974999999906,-2.6229749999999057,-3.3229749999999054,0,0,0,0,2.6229749999999057,22.430000000000064,7.279999999999973,0.6565934065934053,9.3900000000001,0.3588924387646278,2.900000000000091,3.769500000000005,0.2,-1.0,,,13,3,2.0,2023
2023-02-24 13:00:00+00:00|-1.0|calendar_drop_monday_h13_tp06_sl065,2023-02-24 13:00:00+00:00,STAGE28A,data/reports/stage28a_discovery_factory_batch_runner/stage28a_exact_trades.csv,calendar_time_risk_proxy_v1,calendar_drop_monday_h13_tp06_sl065,0.9411999999998898,-0.1088000000001101,-0.8088000000001099,0,0,0,0,0.1088000000001101,16.320000000000164,6.779999999999973,0.3554572271386566,6.529999999999973,0.4992343032159272,3.1299999999998818,3.3700000000000045,0.112,-1.0,,,13,4,2.0,2023
2023-02-24 22:45:00+00:00|1.0|calendar_drop_monday_h13_tp06_sl065,2023-02-24 22:45:00+00:00,STAGE28A,data/reports/stage28a_discovery_factory_batch_runner/stage28a_exact_trades.csv,calendar_time_risk_proxy_v1,calendar_drop_monday_h13_tp06_sl065,0.693100000000095,-0.3568999999999049,-1.0568999999999047,0,0,0,0,0.3568999999999049,16.320000000000164,6.779999999999973,0.3554572271386566,6.529999999999973,0.4992343032159272,1.759999999999991,3.8284999999999854,0.244,1.0,,,13,4,2.0,2023
2023-02-28 13:00:00+00:00|-1.0|calendar_drop_monday_h13_tp06_sl065,2023-02-28 13:00:00+00:00,STAGE28A,data/reports/stage28a_discovery_factory_batch_runner/stage28a_exact_trades.csv,calendar_time_risk_proxy_v1,calendar_drop_monday_h13_tp06_sl065,1.0776999999999588,0.0276999999999589,-0.6723000000000408,1,0,0,0,0.0276999999999589,13.549999999999955,5.6099999999999,0.5008912655971877,12.400000000000091,0.438709677419356,3.6800000000000637,3.311500000000012,0.164,-1.0,,,13,1,2.0,2023
2023-03-01 13:00:00+00:00|1.0|calendar_drop_monday_h13_tp06_sl065,2023-03-01 13:00:00+00:00,STAGE28A,data/reports/stage28a_discovery_factory_batch_runner/stage28a_exact_trades.csv,calendar_time_risk_proxy_v1,calendar_drop_monday_h13_tp06_sl065,1.0014999999999872,-0.0485000000000126,-0.7485000000000124,0,0,0,0,0.0485000000000126,26.559999999999945,8.710000000000036,0.5051664753157373,8.179999999999836,0.6002444987775003,4.190000000000055,3.8149999999999524,0.38,1.0,,,13,2,3.0,2023
2023-03-02 13:00:00+00:00|-1.0|calendar_drop_monday_h13_tp06_sl065,2023-03-02 13:00:00+00:00,STAGE28A,data/reports/stage28a_discovery_factory_batch_runner/stage28a_exact_trades.csv,calendar_time_risk_proxy_v1,calendar_drop_monday_h13_tp06_sl065,-1.6045000000000074,-2.654500000000007,-3.354500000000007,0,0,0,0,2.654500000000007,21.450000000000045,7.440000000000055,0.29301075268817844,5.220000000000027,0.5363984674329387,2.2200000000000273,3.3319999999999936,0.184,-1.0,,,13,3,3.0,2023
2023-03-03 13:00:00+00:00|1.0|calendar_drop_monday_h13_tp06_sl065,2023-03-03 13:00:00+00:00,STAGE28A,data/reports/stage28a_discovery_factory_batch_runner/stage28a_exact_trades.csv,calendar_time_risk_proxy_v1,calendar_drop_monday_h13_tp06_sl065,-1.451425000000063,-2.501425000000063,-3.2014250000000626,0,0,0,0,2.501425000000063,8.949999999999818,6.009999999999991,0.09816971713812753,9.990000000000009,0.8508508508508501,2.650000000000091,2.942999999999995,0.076,1.0,,,13,4,3.0,2023
2023-03-03 22:45:00+00:00|1.0|calendar_drop_monday_h13_tp06_sl065,2023-03-03 22:45:00+00:00,STAGE28A,data/reports/stage28a_discovery_factory_batch_runner/stage28a_exact_trades.csv,calendar_time_risk_proxy_v1,calendar_drop_monday_h13_tp06_sl065,-0.35,-1.4,-2.1,0,0,0,0,1.4,8.949999999999818,6.009999999999991,0.09816971713812753,9.990000000000009,0.8508508508508501,4.720000000000027,3.466499999999985,0.284,1.0,,,13,4,3.0,2023
2023-03-07 13:00:00+00:00|-1.0|calendar_drop_monday_h13_tp06_sl065,2023-03-07 13:00:00+00:00,STAGE28A,data/reports/stage28a_discovery_factory_batch_runner/stage28a_exact_trades.csv,calendar_time_risk_proxy_v1,calendar_drop_monday_h13_tp06_sl065,0.6600999999999658,-0.3899000000000341,-1.0899000000000338,0,0,0,0,0.3899000000000341,13.160000000000082,6.430000000000064,0.16329704510107995,8.940000000000055,0.4798657718120735,1.650000000000091,2.8590000000000373,0.06,-1.0,,,13,1,3.0,2023
2023-03-08 13:00:00+00:00|1.0|calendar_drop_monday_h13_tp06_sl065,2023-03-08 13:00:00+00:00,STAGE28A,data/reports/stage28a_discovery_factory_batch_runner/stage28a_exact_trades.csv,calendar_time_risk_proxy_v1,calendar_drop_monday_h13_tp06_sl065,-1.370825000000059,-2.420825000000059,-3.1208250000000586,0,0,0,0,2.420825000000059,38.899999999999864,5.070000000000164,0.4773175542406301,4.800000000000182,0.5312499999999704,2.4300000000000637,3.313000000000045,0.2,1.0,,,13,2,3.0,2023
2023-03-09 13:00:00+00:00|1.0|calendar_drop_monday_h13_tp06_sl065,2023-03-09 13:00:00+00:00,STAGE28A,data/reports/stage28a_discovery_factory_batch_runner/stage28a_exact_trades.csv,calendar_time_risk_proxy_v1,calendar_drop_monday_h13_tp06_sl065,-1.37537499999994,-2.42537499999994,-3.12537499999994,0,0,0,0,2.42537499999994,14.860000000000127,4.480000000000018,0.20535714285715825,6.339999999999918,0.5883280757097896,1.6800000000000637,2.8404999999999974,0.036,1.0,,,13,3,3.0,2023
2023-03-10 13:00:00+00:00|1.0|calendar_drop_monday_h13_tp06_sl065,2023-03-10 13:00:00+00:00,STAGE28A,data/reports/stage28a_discovery_factory_batch_runner/stage28a_exact_trades.csv,calendar_time_risk_proxy_v1,calendar_drop_monday_h13_tp06_sl065,-1.8245250000000848,-2.874525000000085,-3.5745250000000848,0,0,0,0,2.874525000000085,23.679999999999836,7.129999999999882,0.25385694249649027,8.730000000000018,0.345933562428405,4.080000000000155,3.894500000000039,0.76,1.0,,,13,4,3.0,2023
2023-03-10 22:45:00+00:00|1.0|calendar_drop_monday_h13_tp06_sl065,2023-03-10 22:45:00+00:00,STAGE28A,data/reports/stage28a_discovery_factory_batch_runner/stage28a_exact_trades.csv,calendar_time_risk_proxy_v1,calendar_drop_monday_h13_tp06_sl065,-2.3513500000000023,-3.401350000000002,-4.101350000000002,0,0,0,1,3.401350000000002,23.679999999999836,7.129999999999882,0.25385694249649027,8.730000000000018,0.345933562428405,3.939999999999827,6.0380000000000225,1.0,1.0,,,13,4,3.0,2023
2023-03-14 13:00:00+00:00|-1.0|calendar_drop_monday_h13_tp06_sl065,2023-03-14 13:00:00+00:00,STAGE28A,data/reports/stage28a_discovery_factory_batch_runner/stage28a_exact_trades.csv,calendar_time_risk_proxy_v1,calendar_drop_monday_h13_tp06_sl065,-2.383200000000079,-3.433200000000079,-4.133200000000079,0,0,0,1,3.433200000000079,43.12999999999988,12.549999999999955,0.7274900398406307,12.61999999999989,0.03328050713152528,3.769999999999982,5.18850000000001,0.828,-1.0,,,13,1,3.0,2023
2023-03-15 13:00:00+00:00|-1.0|calendar_drop_monday_h13_tp06_sl065,2023-03-15 13:00:00+00:00,STAGE28A,data/reports/stage28a_discovery_factory_batch_runner/stage28a_exact_trades.csv,calendar_time_risk_proxy_v1,calendar_drop_monday_h13_tp06_sl065,-2.9178250000000845,-3.967825000000084,-4.667825000000084,0,0,0,1,3.967825000000084,18.75,5.6599999999998545,0.24558303886924177,24.029999999999973,0.28381190178942756,13.539999999999964,4.8125,0.74,-1.0,,,13,2,3.0,2023
2023-03-16 13:00:00+00:00|1.0|calendar_drop_monday_h13_tp06_sl065,2023-03-16 13:00:00+00:00,STAGE28A,data/reports/stage28a_discovery_factory_batch_runner/stage28a_exact_trades.csv,calendar_time_risk_proxy_v1,calendar_drop_monday_h13_tp06_sl065,-2.4514500000001136,-3.5014500000001134,-4.201450000000113,0,0,0,1,3.5014500000001134,51.57999999999993,16.930000000000064,0.24453632604843972,10.720000000000027,0.868470149253724,4.350000000000136,6.749499999999989,0.788,1.0,,,13,3,3.0,2023
2023-03-17 13:00:00+00:00|1.0|calendar_drop_monday_h13_tp06_sl065,2023-03-17 13:00:00+00:00,STAGE28A,data/reports/stage28a_discovery_factory_batch_runner/stage28a_exact_trades.csv,calendar_time_risk_proxy_v1,calendar_drop_monday_h13_tp06_sl065,-2.0065250000001016,-3.0565250000001014,-3.756525000000101,0,0,0,0,3.0565250000001014,25.8599999999999,12.769999999999982,0.8300704776820792,6.980000000000018,0.04154727793695743,3.769999999999982,4.405999999999972,0.532,1.0,,,13,4,3.0,2023
2023-03-17 22:45:00+00:00|1.0|calendar_drop_monday_h13_tp06_sl065,2023-03-17 22:45:00+00:00,STAGE28A,data/reports/stage28a_discovery_factory_batch_runner/stage28a_exact_trades.csv,calendar_time_risk_proxy_v1,calendar_drop_monday_h13_tp06_sl065,-3.573999999999933,-4.623999999999933,-5.323999999999932,0,0,0,1,4.623999999999933,25.8599999999999,12.769999999999982,0.8300704776820792,6.980000000000018,0.04154727793695743,10.960000000000036,7.446499999999958,0.816,1.0,,,13,4,3.0,2023
2023-03-21 13:00:00+00:00|-1.0|calendar_drop_monday_h13_tp06_sl065,2023-03-21 13:00:00+00:00,STAGE28A,data/reports/stage28a_discovery_factory_batch_runner/stage28a_exact_trades.csv,calendar_time_risk_proxy_v1,calendar_drop_monday_h13_tp06_sl065,1.7377000000000409,0.6877000000000408,-0.0122999999999589,1,0,1,0,0.6877000000000408,43.950000000000045,9.779999999999973,0.33742331288343186,20.310000000000173,0.6233382570162357,5.069999999999936,5.340999999999974,0.44,-1.0,,,13,1,3.0,2023
2023-03-22 13:00:00+00:00|1.0|calendar_drop_monday_h13_tp06_sl065,2023-03-22 13:00:00+00:00,STAGE28A,data/reports/stage28a_discovery_factory_batch_runner/stage28a_exact_trades.csv,calendar_time_risk_proxy_v1,calendar_drop_monday_h13_tp06_sl065,-2.249625000000014,-3.2996250000000145,-3.999625000000014,0,0,0,1,3.2996250000000145,49.75,8.330000000000155,0.03121248499399593,11.389999999999873,0.2906057945566271,5.069999999999936,4.805000000000052,0.28,1.0,,,13,2,3.0,2023
2023-03-23 13:00:00+00:00|1.0|calendar_drop_monday_h13_tp06_sl065,2023-03-23 13:00:00+00:00,STAGE28A,data/reports/stage28a_discovery_factory_batch_runner/stage28a_exact_trades.csv,calendar_time_risk_proxy_v1,calendar_drop_monday_h13_tp06_sl065,1.653099999999904,0.603099999999904,-0.0969000000000956,1,0,1,0,0.603099999999904,44.49000000000001,13.700000000000045,0.5751824817518143,9.3599999999999,0.01816239316240113,4.4099999999998545,7.595999999999992,0.66,1.0,,,13,3,3.0,2023
2023-03-24 13:00:00+00:00|1.0|calendar_drop_monday_h13_tp06_sl065,2023-03-24 13:00:00+00:00,STAGE28A,data/reports/stage28a_discovery_factory_batch_runner/stage28a_exact_trades.csv,calendar_time_risk_proxy_v1,calendar_drop_monday_h13_tp06_sl065,1.875400000000036,0.8254000000000361,0.1254000000000363,1,1,1,0,0.8254000000000361,38.76999999999998,5.119999999999891,0.011718750000034,19.029999999999973,0.026799789805569713,7.7000000000000455,6.421999999999992,0.452,1.0,,,13,4,3.0,2023
2023-03-24 22:45:00+00:00|1.0|calendar_drop_monday_h13_tp06_sl065,2023-03-24 22:45:00+00:00,STAGE28A,data/reports/stage28a_discovery_factory_batch_runner/stage28a_exact_trades.csv,calendar_time_risk_proxy_v1,calendar_drop_monday_h13_tp06_sl065,-0.35,-1.4,-2.1,0,0,0,0,1.4,38.76999999999998,5.119999999999891,0.011718750000034,19.029999999999973,0.026799789805569713,3.75,6.845500000000004,0.536,1.0,,,13,4,3.0,2023
2023-03-28 13:00:00+00:00|-1.0|calendar_drop_monday_h13_tp06_sl065,2023-03-28 13:00:00+00:00,STAGE28A,data/reports/stage28a_discovery_factory_batch_runner/stage28a_exact_trades.csv,calendar_time_risk_proxy_v1,calendar_drop_monday_h13_tp06_sl065,-2.1667499999999564,-3.2167499999999563,-3.916749999999956,0,0,0,1,3.2167499999999563,35.899999999999864,8.460000000000036,0.280141843971644,11.63000000000011,0.5081685296646431,4.680000000000064,4.132999999999993,0.004,-1.0,,,13,1,3.0,2023
2023-03-29 13:00:00+00:00|-1.0|calendar_drop_monday_h13_tp06_sl065,2023-03-29 13:00:00+00:00,STAGE28A,data/reports/stage28a_discovery_factory_batch_runner/stage28a_exact_trades.csv,calendar_time_risk_proxy_v1,calendar_drop_monday_h13_tp06_sl065,-1.781949999999915,-2.831949999999915,-3.531949999999915,0,0,0,0,2.831949999999915,26.100000000000136,8.519999999999982,0.7500000000000133,10.220000000000027,0.07827788649705993,3.740000000000009,3.960500000000002,0.02,-1.0,,,13,2,3.0,2023
2023-03-30 13:00:00+00:00|1.0|calendar_drop_monday_h13_tp06_sl065,2023-03-30 13:00:00+00:00,STAGE28A,data/reports/stage28a_discovery_factory_batch_runner/stage28a_exact_trades.csv,calendar_time_risk_proxy_v1,calendar_drop_monday_h13_tp06_sl065,0.9805000000000292,-0.0694999999999708,-0.7694999999999705,0,0,0,0,0.0694999999999708,15.759999999999991,9.539999999999964,0.4947589098532542,12.559999999999945,0.6162420382165639,1.6600000000000819,4.042999999999973,0.048,1.0,,,13,3,3.0,2023
2023-03-31 13:00:00+00:00|-1.0|calendar_drop_monday_h13_tp06_sl065,2023-03-31 13:00:00+00:00,STAGE28A,data/reports/stage28a_discovery_factory_batch_runner/stage28a_exact_trades.csv,calendar_time_risk_proxy_v1,calendar_drop_monday_h13_tp06_sl065,-1.9740250000000743,-3.024025000000074,-3.724025000000074,0,0,0,0,3.024025000000074,28.910000000000082,5.970000000000027,0.3417085427135983,11.840000000000146,0.22972972972972922,5.240000000000009,4.062999999999965,0.096,-1.0,,,13,4,3.0,2023
2023-03-31 22:45:00+00:00|1.0|calendar_drop_monday_h13_tp06_sl065,2023-03-31 22:45:00+00:00,STAGE28A,data/reports/stage28a_discovery_factory_batch_runner/stage28a_exact_trades.csv,calendar_time_risk_proxy_v1,calendar_drop_monday_h13_tp06_sl065,-0.35,-1.4,-2.1,0,0,0,0,1.4,28.910000000000082,5.970000000000027,0.3417085427135983,11.840000000000146,0.22972972972972922,4.869999999999891,5.1099999999999905,0.392,1.0,,,13,4,3.0,2023
2023-04-04 13:00:00+00:00|1.0|calendar_drop_monday_h13_tp06_sl065,2023-04-04 13:00:00+00:00,STAGE28A,data/reports/stage28a_discovery_factory_batch_runner/stage28a_exact_trades.csv,calendar_time_risk_proxy_v1,calendar_drop_monday_h13_tp06_sl065,0.87849999999994,-0.1715000000000599,-0.8715000000000597,0,0,0,0,0.1715000000000599,40.72000000000003,7.680000000000064,0.7552083333333508,7.259999999999991,0.6680440771350059,3.6200000000001182,4.161000000000013,0.124,1.0,,,13,1,4.0,2023
2023-04-05 13:00:00+00:00|1.0|calendar_drop_monday_h13_tp06_sl065,2023-04-05 13:00:00+00:00,STAGE28A,data/reports/stage28a_discovery_factory_batch_runner/stage28a_exact_trades.csv,calendar_time_risk_proxy_v1,calendar_drop_monday_h13_tp06_sl065,-1.753350000000046,-2.8033500000000457,-3.503350000000045,0,0,0,0,2.8033500000000457,48.01999999999998,5.910000000000082,0.4027072758037354,6.6099999999999,0.22541603630862808,3.369999999999891,4.895500000000027,0.416,1.0,,,13,2,4.0,2023
2023-04-06 13:00:00+00:00|1.0|calendar_drop_monday_h13_tp06_sl065,2023-04-06 13:00:00+00:00,STAGE28A,data/reports/stage28a_discovery_factory_batch_runner/stage28a_exact_trades.csv,calendar_time_risk_proxy_v1,calendar_drop_monday_h13_tp06_sl065,0.9708999999999378,-0.0791000000000621,-0.7791000000000619,0,0,0,0,0.0791000000000621,22.069999999999936,13.549999999999955,0.6664206642066423,9.879999999999882,0.8289473684210681,3.259999999999991,4.436500000000012,0.276,1.0,,,13,3,4.0,2023
2023-04-06 23:45:00+00:00|1.0|calendar_drop_monday_h13_tp06_sl065,2023-04-06 23:45:00+00:00,STAGE28A,data/reports/stage28a_discovery_factory_batch_runner/stage28a_exact_trades.csv,calendar_time_risk_proxy_v1,calendar_drop_monday_h13_tp06_sl065,-0.35,-1.4,-2.1,0,0,0,0,1.4,22.069999999999936,13.549999999999955,0.6664206642066423,9.879999999999882,0.8289473684210681,3.2800000000002,5.0350000000000135,0.504,1.0,,,13,3,4.0,2023
2023-04-11 13:00:00+00:00|1.0|calendar_drop_monday_h13_tp06_sl065,2023-04-11 13:00:00+00:00,STAGE28A,data/reports/stage28a_discovery_factory_batch_runner/stage28a_exact_trades.csv,calendar_time_risk_proxy_v1,calendar_drop_monday_h13_tp06_sl065,0.9661000000000058,-0.083899999999994,-0.7838999999999938,0,0,0,0,0.083899999999994,24.860000000000127,9.349999999999909,0.6588235294117799,10.100000000000136,0.6920792079207836,2.8599999999999,3.5599999999999796,0.036,1.0,,,13,1,4.0,2023
2023-04-12 13:00:00+00:00|-1.0|calendar_drop_monday_h13_tp06_sl065,2023-04-12 13:00:00+00:00,STAGE28A,data/reports/stage28a_discovery_factory_batch_runner/stage28a_exact_trades.csv,calendar_time_risk_proxy_v1,calendar_drop_monday_h13_tp06_sl065,0.8829999999999473,-0.1670000000000526,-0.8670000000000524,0,0,0,0,0.1670000000000526,18.610000000000127,16.36999999999989,0.8173488087965912,12.539999999999964,0.4976076555023945,3.0,3.838499999999965,0.152,-1.0,,,13,2,4.0,2023
2023-04-13 13:00:00+00:00|1.0|calendar_drop_monday_h13_tp06_sl065,2023-04-13 13:00:00+00:00,STAGE28A,data/reports/stage28a_discovery_factory_batch_runner/stage28a_exact_trades.csv,calendar_time_risk_proxy_v1,calendar_drop_monday_h13_tp06_sl065,-1.7754499999999551,-2.825449999999955,-3.525449999999955,0,0,0,0,2.825449999999955,27.13000000000011,6.1400000000001,0.3697068403908705,13.950000000000045,0.6566308243727635,2.9199999999998454,4.161999999999978,0.308,1.0,,,13,3,4.0,2023
2023-04-14 13:00:00+00:00|-1.0|calendar_drop_monday_h13_tp06_sl065,2023-04-14 13:00:00+00:00,STAGE28A,data/reports/stage28a_discovery_factory_batch_runner/stage28a_exact_trades.csv,calendar_time_risk_proxy_v1,calendar_drop_monday_h13_tp06_sl065,1.199199999999928,0.149199999999928,-0.5508000000000717,1,0,0,0,0.149199999999928,35.00999999999999,8.809999999999945,0.5595913734392842,14.690000000000055,0.43567052416610397,4.289999999999964,4.561500000000024,0.404,-1.0,,,13,4,4.0,2023
2023-04-14 22:45:00+00:00|1.0|calendar_drop_monday_h13_tp06_sl065,2023-04-14 22:45:00+00:00,STAGE28A,data/reports/stage28a_discovery_factory_batch_runner/stage28a_exact_trades.csv,calendar_time_risk_proxy_v1,calendar_drop_monday_h13_tp06_sl065,1.3185999999999694,0.2685999999999695,-0.4314000000000302,1,0,1,0,0.2685999999999695,35.00999999999999,8.809999999999945,0.5595913734392842,14.690000000000055,0.43567052416610397,3.5,6.793500000000028,0.984,1.0,,,13,4,4.0,2023
2023-04-18 13:00:00+00:00|1.0|calendar_drop_monday_h13_tp06_sl065,2023-04-18 13:00:00+00:00,STAGE28A,data/reports/stage28a_discovery_factory_batch_runner/stage28a_exact_trades.csv,calendar_time_risk_proxy_v1,calendar_drop_monday_h13_tp06_sl065,1.019799999999941,-0.0302000000000588,-0.7302000000000586,0,0,0,0,0.0302000000000588,33.8900000000001,8.5,0.6588235294117808,8.699999999999818,0.10919540229885809,5.029999999999973,4.1374999999999655,0.208,1.0,,,13,1,4.0,2023
2023-04-19 13:00:00+00:00|-1.0|calendar_drop_monday_h13_tp06_sl065,2023-04-19 13:00:00+00:00,STAGE28A,data/reports/stage28a_discovery_factory_batch_runner/stage28a_exact_trades.csv,calendar_time_risk_proxy_v1,calendar_drop_monday_h13_tp06_sl065,-2.968199999999888,-4.018199999999888,-4.718199999999888,0,0,0,1,4.018199999999888,20.6099999999999,6.189999999999827,0.34087237479809146,31.710000000000036,0.9274676758120481,7.639999999999873,4.9204999999999925,0.476,-1.0,,,13,2,4.0,2023
2023-04-20 13:00:00+00:00|1.0|calendar_drop_monday_h13_tp06_sl065,2023-04-20 13:00:00+00:00,STAGE28A,data/reports/stage28a_discovery_factory_batch_runner/stage28a_exact_trades.csv,calendar_time_risk_proxy_v1,calendar_drop_monday_h13_tp06_sl065,1.2103000000000974,0.1603000000000976,-0.5396999999999021,1,0,1,0,0.1603000000000976,38.95999999999981,8.179999999999836,0.20904645476773479,9.779999999999973,0.6932515337423304,7.809999999999945,4.066000000000019,0.2,1.0,,,13,3,4.0,2023
2023-04-21 13:00:00+00:00|-1.0|calendar_drop_monday_h13_tp06_sl065,2023-04-21 13:00:00+00:00,STAGE28A,data/reports/stage28a_discovery_factory_batch_runner/stage28a_exact_trades.csv,calendar_time_risk_proxy_v1,calendar_drop_monday_h13_tp06_sl065,1.7208999999999377,0.6708999999999379,-0.0291000000000618,1,0,1,0,0.6708999999999379,21.839999999999918,4.940000000000055,0.5161943319837907,20.37999999999988,0.7850834151128603,5.4500000000000455,4.8180000000000405,0.424,-1.0,,,13,4,4.0,2023
2023-04-21 22:45:00+00:00|1.0|calendar_drop_monday_h13_tp06_sl065,2023-04-21 22:45:00+00:00,STAGE28A,data/reports/stage28a_discovery_factory_batch_runner/stage28a_exact_trades.csv,calendar_time_risk_proxy_v1,calendar_drop_monday_h13_tp06_sl065,-0.35,-1.4,-2.1,0,0,0,0,1.4,21.839999999999918,4.940000000000055,0.5161943319837907,20.37999999999988,0.7850834151128603,3.75,6.726500000000044,0.944,1.0,,,13,4,4.0,2023
2023-04-25 13:00:00+00:00|-1.0|calendar_drop_monday_h13_tp06_sl065,2023-04-25 13:00:00+00:00,STAGE28A,data/reports/stage28a_discovery_factory_batch_runner/stage28a_exact_trades.csv,calendar_time_risk_proxy_v1,calendar_drop_monday_h13_tp06_sl065,1.202500000000009,0.1525000000000091,-0.5474999999999905,1,0,1,0,0.1525000000000091,18.579999999999927,12.269999999999982,0.013039934800332689,10.289999999999964,0.4528668610301359,3.839999999999918,4.624499999999978,0.412,-1.0,,,13,1,4.0,2023
2023-04-26 13:00:00+00:00|1.0|calendar_drop_monday_h13_tp06_sl065,2023-04-26 13:00:00+00:00,STAGE28A,data/reports/stage28a_discovery_factory_batch_runner/stage28a_exact_trades.csv,calendar_time_risk_proxy_v1,calendar_drop_monday_h13_tp06_sl065,0.9420999999998912,-0.1079000000001086,-0.8079000000001084,0,0,0,0,0.1079000000001086,27.710000000000036,9.230000000000018,0.37811484290357555,6.069999999999936,0.7726523887973812,3.119999999999891,4.515499999999986,0.262,1.0,,,13,2,4.0,2023
2023-04-27 13:00:00+00:00|-1.0|calendar_drop_monday_h13_tp06_sl065,2023-04-27 13:00:00+00:00,STAGE28A,data/reports/stage28a_discovery_factory_batch_runner/stage28a_exact_trades.csv,calendar_time_risk_proxy_v1,calendar_drop_monday_h13_tp06_sl065,1.0485999999999875,-0.0014000000000122,-0.701400000000012,0,0,0,0,0.0014000000000122,25.920000000000073,11.960000000000036,0.8127090301003342,6.400000000000091,0.44687499999997804,3.1099999999999,4.386000000000024,0.18,-1.0,,,13,3,4.0,2023
2023-04-28 13:00:00+00:00|-1.0|calendar_drop_monday_h13_tp06_sl065,2023-04-28 13:00:00+00:00,STAGE28A,data/reports/stage28a_discovery_factory_batch_runner/stage28a_exact_trades.csv,calendar_time_risk_proxy_v1,calendar_drop_monday_h13_tp06_sl065,1.016800000000012,-0.0331999999999879,-0.7331999999999876,0,0,0,0,0.0331999999999879,29.029999999999973,6.509999999999991,0.32872503840243866,10.569999999999936,0.5619678334909993,1.900000000000091,3.6395000000000097,0.028,-1.0,,,13,4,4.0,2023
2023-04-28 22:45:00+00:00|1.0|calendar_drop_monday_h13_tp06_sl065,2023-04-28 22:45:00+00:00,STAGE28A,data/reports/stage28a_discovery_factory_batch_runner/stage28a_exact_trades.csv,calendar_time_risk_proxy_v1,calendar_drop_monday_h13_tp06_sl065,-0.35,-1.4,-2.1,0,0,0,0,1.4,29.029999999999973,6.509999999999991,0.32872503840243866,10.569999999999936,0.5619678334909993,2.5100000000002183,4.724500000000023,0.356,1.0,,,13,4,4.0,2023
2023-05-02 13:00:00+00:00|-1.0|calendar_drop_monday_h13_tp06_sl065,2023-05-02 13:00:00+00:00,STAGE28A,data/reports/stage28a_discovery_factory_batch_runner/stage28a_exact_trades.csv,calendar_time_risk_proxy_v1,calendar_drop_monday_h13_tp06_sl065,0.933100000000104,-0.1168999999998958,-0.8168999999998956,0,0,0,0,0.1168999999998958,28.960000000000036,4.459999999999809,0.12556053811658507,7.899999999999864,0.25949367088607467,5.7999999999999545,3.559499999999969,0.032,-1.0,,,13,1,5.0,2023
2023-05-03 13:00:00+00:00|-1.0|calendar_drop_monday_h13_tp06_sl065,2023-05-03 13:00:00+00:00,STAGE28A,data/reports/stage28a_discovery_factory_batch_runner/stage28a_exact_trades.csv,calendar_time_risk_proxy_v1,calendar_drop_monday_h13_tp06_sl065,-1.4260749999999462,-2.476074999999946,-3.176074999999946,0,0,0,0,2.476074999999946,40.909999999999854,4.5300000000002,0.6247240618101109,6.770000000000209,0.20531757754798075,2.1800000000000637,4.468499999999994,0.252,-1.0,,,13,2,5.0,2023
2023-05-04 13:00:00+00:00|-1.0|calendar_drop_monday_h13_tp06_sl065,2023-05-04 13:00:00+00:00,STAGE28A,data/reports/stage28a_discovery_factory_batch_runner/stage28a_exact_trades.csv,calendar_time_risk_proxy_v1,calendar_drop_monday_h13_tp06_sl065,1.3593999999999595,0.3093999999999597,-0.39060000000004,1,0,1,0,0.3093999999999597,50.37000000000012,39.94999999999982,0.3902377972465636,14.970000000000027,0.2077488309953169,4.800000000000182,9.180500000000029,0.988,-1.0,,,13,3,5.0,2023
2023-05-05 13:00:00+00:00|-1.0|calendar_drop_monday_h13_tp06_sl065,2023-05-05 13:00:00+00:00,STAGE28A,data/reports/stage28a_discovery_factory_batch_runner/stage28a_exact_trades.csv,calendar_time_risk_proxy_v1,calendar_drop_monday_h13_tp06_sl065,-1.6789250000000266,-2.7289250000000265,-3.428925000000026,0,0,0,0,2.7289250000000265,47.87999999999988,7.529999999999973,0.10092961487380694,13.800000000000182,0.8630434782608641,2.900000000000091,4.995000000000016,0.504,-1.0,,,13,4,5.0,2023
2023-05-05 22:45:00+00:00|1.0|calendar_drop_monday_h13_tp06_sl065,2023-05-05 22:45:00+00:00,STAGE28A,data/reports/stage28a_discovery_factory_batch_runner/stage28a_exact_trades.csv,calendar_time_risk_proxy_v1,calendar_drop_monday_h13_tp06_sl065,-0.35,-1.4,-2.1,0,0,0,0,1.4,47.87999999999988,7.529999999999973,0.10092961487380694,13.800000000000182,0.8630434782608641,3.2100000000000364,6.204000000000031,0.824,1.0,,,13,4,5.0,2023
2023-05-09 13:00:00+00:00|1.0|calendar_drop_monday_h13_tp06_sl065,2023-05-09 13:00:00+00:00,STAGE28A,data/reports/stage28a_discovery_factory_batch_runner/stage28a_exact_trades.csv,calendar_time_risk_proxy_v1,calendar_drop_monday_h13_tp06_sl065,0.8155000000000655,-0.2344999999999344,-0.9344999999999342,0,0,0,0,0.2344999999999344,15.129999999999882,5.400000000000091,0.4944444444444075,7.330000000000155,0.46248294679400115,3.5299999999999727,3.223000000000036,0.028,1.0,,,13,1,5.0,2023
2023-05-10 13:00:00+00:00|-1.0|calendar_drop_monday_h13_tp06_sl065,2023-05-10 13:00:00+00:00,STAGE28A,data/reports/stage28a_discovery_factory_batch_runner/stage28a_exact_trades.csv,calendar_time_risk_proxy_v1,calendar_drop_monday_h13_tp06_sl065,-1.6006000000000769,-2.6506000000000767,-3.3506000000000764,0,0,0,0,2.6506000000000767,18.029999999999973,7.679999999999836,0.5572916666667046,6.680000000000064,0.39371257485027794,2.0,3.263000000000011,0.052,-1.0,,,13,2,5.0,2023
2023-05-11 13:00:00+00:00|-1.0|calendar_drop_monday_h13_tp06_sl065,2023-05-11 13:00:00+00:00,STAGE28A,data/reports/stage28a_discovery_factory_batch_runner/stage28a_exact_trades.csv,calendar_time_risk_proxy_v1,calendar_drop_monday_h13_tp06_sl065,1.2196000000000369,0.1696000000000368,-0.5303999999999629,1,0,1,0,0.1696000000000368,26.679999999999836,7.099999999999909,0.10563380281690277,11.410000000000082,0.47414548641542886,6.420000000000073,4.1474999999999795,0.308,-1.0,,,13,3,5.0,2023
2023-05-12 13:00:00+00:00|-1.0|calendar_drop_monday_h13_tp06_sl065,2023-05-12 13:00:00+00:00,STAGE28A,data/reports/stage28a_discovery_factory_batch_runner/stage28a_exact_trades.csv,calendar_time_risk_proxy_v1,calendar_drop_monday_h13_tp06_sl065,1.0932999999999082,0.0432999999999084,-0.6567000000000913,1,0,0,0,0.0432999999999084,30.1400000000001,8.960000000000036,0.4832589285714185,11.710000000000036,0.7532023911186941,6.180000000000064,4.002500000000009,0.304,-1.0,,,13,4,5.0,2023
2023-05-12 22:45:00+00:00|1.0|calendar_drop_monday_h13_tp06_sl065,2023-05-12 22:45:00+00:00,STAGE28A,data/reports/stage28a_discovery_factory_batch_runner/stage28a_exact_trades.csv,calendar_time_risk_proxy_v1,calendar_drop_monday_h13_tp06_sl065,0.7533999999999651,-0.2966000000000348,-0.9966000000000346,0,0,0,0,0.2966000000000348,30.1400000000001,8.960000000000036,0.4832589285714185,11.710000000000036,0.7532023911186941,1.8299999999999272,4.8720000000000026,0.532,1.0,,,13,4,5.0,2023
2023-05-16 13:00:00+00:00|-1.0|calendar_drop_monday_h13_tp06_sl065,2023-05-16 13:00:00+00:00,STAGE28A,data/reports/stage28a_discovery_factory_batch_runner/stage28a_exact_trades.csv,calendar_time_risk_proxy_v1,calendar_drop_monday_h13_tp06_sl065,0.9205000000000836,-0.1294999999999162,-0.829499999999916,0,0,0,0,0.1294999999999162,15.009999999999991,4.600000000000136,0.21521739130434342,15.0,0.49066666666666,1.4200000000000728,3.2670000000000186,0.064,-1.0,,,13,1,5.0,2023
2023-05-17 13:00:00+00:00|-1.0|calendar_drop_monday_h13_tp06_sl065,2023-05-17 13:00:00+00:00,STAGE28A,data/reports/stage28a_discovery_factory_batch_runner/stage28a_exact_trades.csv,calendar_time_risk_proxy_v1,calendar_drop_monday_h13_tp06_sl065,0.7644999999999073,-0.2855000000000927,-0.9855000000000924,0,0,0,0,0.2855000000000927,32.789999999999964,5.0,0.25599999999999457,8.180000000000064,0.892420537897298,2.25,3.4830000000000156,0.132,-1.0,,,13,2,5.0,2023
2023-05-18 13:00:00+00:00|-1.0|calendar_drop_monday_h13_tp06_sl065,2023-05-18 13:00:00+00:00,STAGE28A,data/reports/stage28a_discovery_factory_batch_runner/stage28a_exact_trades.csv,calendar_time_risk_proxy_v1,calendar_drop_monday_h13_tp06_sl065,0.9226000000000112,-0.1273999999999886,-0.8273999999999884,0,0,0,0,0.1273999999999886,17.950000000000045,5.4099999999998545,0.13308687615523462,10.519999999999982,0.4591254752851866,2.910000000000082,3.3850000000000136,0.104,-1.0,,,13,3,5.0,2023
2023-05-19 13:00:00+00:00|1.0|calendar_drop_monday_h13_tp06_sl065,2023-05-19 13:00:00+00:00,STAGE28A,data/reports/stage28a_discovery_factory_batch_runner/stage28a_exact_trades.csv,calendar_time_risk_proxy_v1,calendar_drop_monday_h13_tp06_sl065,0.9945999999999005,-0.0554000000000995,-0.7554000000000993,0,0,0,0,0.0554000000000995,33.97999999999979,9.659999999999854,0.4906832298136729,8.100000000000136,0.5469135802469123,3.8600000000001273,3.631499999999994,0.26,1.0,,,13,4,5.0,2023
2023-05-19 22:45:00+00:00|1.0|calendar_drop_monday_h13_tp06_sl065,2023-05-19 22:45:00+00:00,STAGE28A,data/reports/stage28a_discovery_factory_batch_runner/stage28a_exact_trades.csv,calendar_time_risk_proxy_v1,calendar_drop_monday_h13_tp06_sl065,-0.35,-1.4,-2.1,0,0,0,0,1.4,33.97999999999979,9.659999999999854,0.4906832298136729,8.100000000000136,0.5469135802469123,6.410000000000082,5.492499999999995,0.82,1.0,,,13,4,5.0,2023
2023-05-23 13:00:00+00:00|-1.0|calendar_drop_monday_h13_tp06_sl065,2023-05-23 13:00:00+00:00,STAGE28A,data/reports/stage28a_discovery_factory_batch_runner/stage28a_exact_trades.csv,calendar_time_risk_proxy_v1,calendar_drop_monday_h13_tp06_sl065,-1.910649999999896,-2.960649999999896,-3.660649999999896,0,0,0,0,2.960649999999896,13.670000000000073,12.319999999999936,0.6915584415584437,10.339999999999918,0.5483558994197406,4.3900000000001,4.175499999999988,0.504,-1.0,,,13,1,5.0,2023
2023-05-24 13:00:00+00:00|-1.0|calendar_drop_monday_h13_tp06_sl065,2023-05-24 13:00:00+00:00,STAGE28A,data/reports/stage28a_discovery_factory_batch_runner/stage28a_exact_trades.csv,calendar_time_risk_proxy_v1,calendar_drop_monday_h13_tp06_sl065,-2.011399999999958,-3.0613999999999577,-3.761399999999957,0,0,0,0,3.0613999999999577,23.449999999999818,4.529999999999973,0.0883002207505223,9.820000000000164,0.036659877800396534,3.199999999999818,3.878999999999985,0.28,-1.0,,,13,2,5.0,2023
2023-05-25 13:00:00+00:00|1.0|calendar_drop_monday_h13_tp06_sl065,2023-05-25 13:00:00+00:00,STAGE28A,data/reports/stage28a_discovery_factory_batch_runner/stage28a_exact_trades.csv,calendar_time_risk_proxy_v1,calendar_drop_monday_h13_tp06_sl065,0.84399999999996,-0.2060000000000399,-0.9060000000000396,0,0,0,0,0.2060000000000399,28.560000000000173,6.789999999999964,0.5729013254786629,9.850000000000136,0.39187817258884,3.509999999999991,4.429500000000007,0.536,1.0,,,13,3,5.0,2023
2023-05-26 13:00:00+00:00|1.0|calendar_drop_monday_h13_tp06_sl065,2023-05-26 13:00:00+00:00,STAGE28A,data/reports/stage28a_discovery_factory_batch_runner/stage28a_exact_trades.csv,calendar_time_risk_proxy_v1,calendar_drop_monday_h13_tp06_sl065,-1.7796750000000885,-2.8296750000000883,-3.529675000000088,0,0,0,0,2.8296750000000883,25.910000000000082,12.120000000000118,0.5140264026402606,10.289999999999964,0.5053449951409197,2.4199999999998454,3.8940000000000055,0.256,1.0,,,13,4,5.0,2023
2023-05-26 22:45:00+00:00|1.0|calendar_drop_monday_h13_tp06_sl065,2023-05-26 22:45:00+00:00,STAGE28A,data/reports/stage28a_discovery_factory_batch_runner/stage28a_exact_trades.csv,calendar_time_risk_proxy_v1,calendar_drop_monday_h13_tp06_sl065,-0.35,-1.4,-2.1,0,0,0,0,1.4,25.910000000000082,12.120000000000118,0.5140264026402606,10.289999999999964,0.5053449951409197,2.4600000000000364,4.622500000000002,0.62,1.0,,,13,4,5.0,2023
2023-05-30 13:00:00+00:00|1.0|calendar_drop_monday_h13_tp06_sl065,2023-05-30 13:00:00+00:00,STAGE28A,data/reports/stage28a_discovery_factory_batch_runner/stage28a_exact_trades.csv,calendar_time_risk_proxy_v1,calendar_drop_monday_h13_tp06_sl065,-2.4205749999999626,-3.4705749999999624,-4.170574999999962,0,0,0,1,3.4705749999999624,9.490000000000009,7.379999999999882,0.4878048780488068,21.039999999999964,0.6416349809885943,10.600000000000136,3.56099999999999,0.18,1.0,,,13,1,5.0,2023
2023-05-31 13:00:00+00:00|-1.0|calendar_drop_monday_h13_tp06_sl065,2023-05-31 13:00:00+00:00,STAGE28A,data/reports/stage28a_discovery_factory_batch_runner/stage28a_exact_trades.csv,calendar_time_risk_proxy_v1,calendar_drop_monday_h13_tp06_sl065,1.125400000000036,0.0754000000000361,-0.6245999999999636,1,0,0,0,0.0754000000000361,31.529999999999973,6.8400000000001455,0.07748538011695343,10.319999999999936,0.06395348837210135,5.139999999999873,3.6284999999999967,0.176,-1.0,,,13,2,5.0,2023
2023-06-01 13:00:00+00:00|-1.0|calendar_drop_monday_h13_tp06_sl065,2023-06-01 13:00:00+00:00,STAGE28A,data/reports/stage28a_discovery_factory_batch_runner/stage28a_exact_trades.csv,calendar_time_risk_proxy_v1,calendar_drop_monday_h13_tp06_sl065,-1.5151249999999892,-2.565124999999989,-3.2651249999999887,0,0,0,0,2.565124999999989,21.13000000000011,5.470000000000027,0.40036563071298786,12.440000000000055,0.31511254019291224,5.370000000000118,4.007000000000028,0.324,-1.0,,,13,3,6.0,2023
2023-06-02 13:00:00+00:00|-1.0|calendar_drop_monday_h13_tp06_sl065,2023-06-02 13:00:00+00:00,STAGE28A,data/reports/stage28a_discovery_factory_batch_runner/stage28a_exact_trades.csv,calendar_time_risk_proxy_v1,calendar_drop_monday_h13_tp06_sl065,0.6927999999999429,-0.357200000000057,-1.0572000000000568,0,0,0,0,0.357200000000057,29.720000000000027,9.389999999999873,0.55271565495209,7.849999999999909,0.2496815286624279,2.980000000000018,3.410499999999979,0.108,-1.0,,,13,4,6.0,2023
2023-06-02 22:45:00+00:00|1.0|calendar_drop_monday_h13_tp06_sl065,2023-06-02 22:45:00+00:00,STAGE28A,data/reports/stage28a_discovery_factory_batch_runner/stage28a_exact_trades.csv,calendar_time_risk_proxy_v1,calendar_drop_monday_h13_tp06_sl065,-0.35,-1.4,-2.1,0,0,0,0,1.4,29.720000000000027,9.389999999999873,0.55271565495209,7.849999999999909,0.2496815286624279,2.009999999999991,4.710999999999979,0.672,1.0,,,13,4,6.0,2023
2023-06-06 13:00:00+00:00|1.0|calendar_drop_monday_h13_tp06_sl065,2023-06-06 13:00:00+00:00,STAGE28A,data/reports/stage28a_discovery_factory_batch_runner/stage28a_exact_trades.csv,calendar_time_risk_proxy_v1,calendar_drop_monday_h13_tp06_sl065,0.8967999999998938,-0.1532000000001061,-0.8532000000001059,0,0,0,0,0.1532000000001061,25.87000000000012,5.519999999999982,0.5851449275362371,6.670000000000073,0.4692653673163531,3.3199999999999363,3.434999999999968,0.12,1.0,,,13,1,6.0,2023
2023-06-07 13:00:00+00:00|-1.0|calendar_drop_monday_h13_tp06_sl065,2023-06-07 13:00:00+00:00,STAGE28A,data/reports/stage28a_discovery_factory_batch_runner/stage28a_exact_trades.csv,calendar_time_risk_proxy_v1,calendar_drop_monday_h13_tp06_sl065,-1.6233499999999368,-2.6733499999999366,-3.3733499999999363,0,0,0,0,2.6733499999999366,11.980000000000018,3.9199999999998454,0.08673469387753356,10.009999999999991,0.11288711288712389,3.160000000000082,2.9924999999999953,0.092,-1.0,,,13,2,6.0,2023
2023-06-08 13:00:00+00:00|1.0|calendar_drop_monday_h13_tp06_sl065,2023-06-08 13:00:00+00:00,STAGE28A,data/reports/stage28a_discovery_factory_batch_runner/stage28a_exact_trades.csv,calendar_time_risk_proxy_v1,calendar_drop_monday_h13_tp06_sl065,0.7402000000000953,-0.3097999999999046,-1.0097999999999043,0,0,0,0,0.3097999999999046,30.329999999999927,7.440000000000055,0.5349462365591383,6.319999999999936,0.011075949367078645,2.8599999999999,4.110500000000013,0.452,1.0,,,13,3,6.0,2023
2023-06-09 13:00:00+00:00|-1.0|calendar_drop_monday_h13_tp06_sl065,2023-06-09 13:00:00+00:00,STAGE28A,data/reports/stage28a_discovery_factory_batch_runner/stage28a_exact_trades.csv,calendar_time_risk_proxy_v1,calendar_drop_monday_h13_tp06_sl065,0.4896999999999935,-0.5603000000000065,-1.2603000000000062,0,0,0,0,0.5603000000000065,30.90000000000009,3.25,0.7046153846153734,5.440000000000055,0.34191176470590234,2.089999999999918,2.3620000000000116,0.024,-1.0,,,13,4,6.0,2023
2023-06-09 22:45:00+00:00|1.0|calendar_drop_monday_h13_tp06_sl065,2023-06-09 22:45:00+00:00,STAGE28A,data/reports/stage28a_discovery_factory_batch_runner/stage28a_exact_trades.csv,calendar_time_risk_proxy_v1,calendar_drop_monday_h13_tp06_sl065,-0.35,-1.4,-2.1,0,0,0,0,1.4,30.90000000000009,3.25,0.7046153846153734,5.440000000000055,0.34191176470590234,1.9200000000000728,3.4049999999999954,0.236,1.0,,,13,4,6.0,2023
2023-06-13 13:00:00+00:00|1.0|calendar_drop_monday_h13_tp06_sl065,2023-06-13 13:00:00+00:00,STAGE28A,data/reports/stage28a_discovery_factory_batch_runner/stage28a_exact_trades.csv,calendar_time_risk_proxy_v1,calendar_drop_monday_h13_tp06_sl065,-1.449474999999984,-2.499474999999984,-3.199474999999984,0,0,0,0,2.499474999999984,17.7800000000002,6.210000000000036,0.6070853462157745,7.149999999999864,0.1706293706293777,1.900000000000091,3.1184999999999716,0.112,1.0,,,13,1,6.0,2023
2023-06-14 13:00:00+00:00|1.0|calendar_drop_monday_h13_tp06_sl065,2023-06-14 13:00:00+00:00,STAGE28A,data/reports/stage28a_discovery_factory_batch_runner/stage28a_exact_trades.csv,calendar_time_risk_proxy_v1,calendar_drop_monday_h13_tp06_sl065,-1.540149999999903,-2.590149999999903,-3.290149999999903,0,0,0,0,2.590149999999903,30.730000000000018,7.240000000000009,0.7223756906077364,7.639999999999873,0.2683246073298414,3.0399999999999636,3.581500000000017,0.256,1.0,,,13,2,6.0,2023
2023-06-15 13:00:00+00:00|-1.0|calendar_drop_monday_h13_tp06_sl065,2023-06-15 13:00:00+00:00,STAGE28A,data/reports/stage28a_discovery_factory_batch_runner/stage28a_exact_trades.csv,calendar_time_risk_proxy_v1,calendar_drop_monday_h13_tp06_sl065,-2.0611250000000383,-3.111125000000038,-3.811125000000038,0,0,0,1,3.111125000000038,20.580000000000155,12.930000000000064,0.713070378963649,10.7800000000002,0.09090909090909091,5.059999999999945,5.140999999999986,0.956,-1.0,,,13,3,6.0,2023
2023-06-16 13:00:00+00:00|1.0|calendar_drop_monday_h13_tp06_sl065,2023-06-16 13:00:00+00:00,STAGE28A,data/reports/stage28a_discovery_factory_batch_runner/stage28a_exact_trades.csv,calendar_time_risk_proxy_v1,calendar_drop_monday_h13_tp06_sl065,0.8631999999999153,-0.1868000000000846,-0.8868000000000844,0,0,0,0,0.1868000000000846,35.600000000000136,6.8900000000001,0.27576197387519064,10.069999999999936,0.7636544190665445,1.5499999999999545,3.2890000000000215,0.124,1.0,,,13,4,6.0,2023
2023-06-16 22:45:00+00:00|1.0|calendar_drop_monday_h13_tp06_sl065,2023-06-16 22:45:00+00:00,STAGE28A,data/reports/stage28a_discovery_factory_batch_runner/stage28a_exact_trades.csv,calendar_time_risk_proxy_v1,calendar_drop_monday_h13_tp06_sl065,-0.35,-1.4,-2.1,0,0,0,0,1.4,35.600000000000136,6.8900000000001,0.27576197387519064,10.069999999999936,0.7636544190665445,1.8500000000001364,4.161500000000023,0.592,1.0,,,13,4,6.0,2023
2023-06-20 13:00:00+00:00|1.0|calendar_drop_monday_h13_tp06_sl065,2023-06-20 13:00:00+00:00,STAGE28A,data/reports/stage28a_discovery_factory_batch_runner/stage28a_exact_trades.csv,calendar_time_risk_proxy_v1,calendar_drop_monday_h13_tp06_sl065,0.7267000000000735,-0.3232999999999264,-1.0232999999999262,0,0,0,0,0.3232999999999264,10.899999999999864,9.029999999999973,0.2159468438538263,9.8900000000001,0.2517694641051551,2.3500000000001364,2.943000000000029,0.128,1.0,,,13,1,6.0,2023
2023-06-21 13:00:00+00:00|-1.0|calendar_drop_monday_h13_tp06_sl065,2023-06-21 13:00:00+00:00,STAGE28A,data/reports/stage28a_discovery_factory_batch_runner/stage28a_exact_trades.csv,calendar_time_risk_proxy_v1,calendar_drop_monday_h13_tp06_sl065,-1.619125000000031,-2.669125000000031,-3.3691250000000306,0,0,0,0,2.669125000000031,26.99000000000001,4.149999999999864,0.10843373493977355,6.149999999999864,0.6065040650406668,3.759999999999991,2.8664999999999736,0.096,-1.0,,,13,2,6.0,2023
2023-06-22 13:00:00+00:00|-1.0|calendar_drop_monday_h13_tp06_sl065,2023-06-22 13:00:00+00:00,STAGE28A,data/reports/stage28a_discovery_factory_batch_runner/stage28a_exact_trades.csv,calendar_time_risk_proxy_v1,calendar_drop_monday_h13_tp06_sl065,0.8703999999999269,-0.179600000000073,-0.8796000000000728,0,0,0,0,0.179600000000073,20.25,3.459999999999809,0.2687861271676633,8.180000000000064,0.46210268948654565,3.230000000000018,3.4029999999999747,0.24,-1.0,,,13,3,6.0,2023
2023-06-23 13:00:00+00:00|1.0|calendar_drop_monday_h13_tp06_sl065,2023-06-23 13:00:00+00:00,STAGE28A,data/reports/stage28a_discovery_factory_batch_runner/stage28a_exact_trades.csv,calendar_time_risk_proxy_v1,calendar_drop_monday_h13_tp06_sl065,-1.5927999999999884,-2.6427999999999883,-3.342799999999988,0,0,0,0,2.6427999999999883,22.579999999999927,6.009999999999991,0.21630615640598277,7.990000000000009,0.6958698372966131,2.6499999999998636,3.46099999999999,0.276,1.0,,,13,4,6.0,2023
2023-06-23 22:45:00+00:00|1.0|calendar_drop_monday_h13_tp06_sl065,2023-06-23 22:45:00+00:00,STAGE28A,data/reports/stage28a_discovery_factory_batch_runner/stage28a_exact_trades.csv,calendar_time_risk_proxy_v1,calendar_drop_monday_h13_tp06_sl065,-0.35,-1.4,-2.1,0,0,0,0,1.4,22.579999999999927,6.009999999999991,0.21630615640598277,7.990000000000009,0.6958698372966131,1.6099999999999,4.291999999999985,0.764,1.0,,,13,4,6.0,2023
2023-06-27 13:00:00+00:00|-1.0|calendar_drop_monday_h13_tp06_sl065,2023-06-27 13:00:00+00:00,STAGE28A,data/reports/stage28a_discovery_factory_batch_runner/stage28a_exact_trades.csv,calendar_time_risk_proxy_v1,calendar_drop_monday_h13_tp06_sl065,0.5893000000000029,-0.460699999999997,-1.1606999999999967,0,0,0,0,0.460699999999997,11.819999999999936,9.349999999999909,0.4064171122994643,5.9500000000000455,0.724369747899145,1.9800000000000182,3.00150000000001,0.12,-1.0,,,13,1,6.0,2023
2023-06-28 13:00:00+00:00|-1.0|calendar_drop_monday_h13_tp06_sl065,2023-06-28 13:00:00+00:00,STAGE28A,data/reports/stage28a_discovery_factory_batch_runner/stage28a_exact_trades.csv,calendar_time_risk_proxy_v1,calendar_drop_monday_h13_tp06_sl065,0.8074000000000524,-0.2425999999999475,-0.9425999999999471,0,0,0,0,0.2425999999999475,19.659999999999854,3.949999999999818,0.05822784810127311,9.480000000000018,0.8280590717299466,4.790000000000191,3.394500000000039,0.224,-1.0,,,13,2,6.0,2023
2023-06-29 13:00:00+00:00|1.0|calendar_drop_monday_h13_tp06_sl065,2023-06-29 13:00:00+00:00,STAGE28A,data/reports/stage28a_discovery_factory_batch_runner/stage28a_exact_trades.csv,calendar_time_risk_proxy_v1,calendar_drop_monday_h13_tp06_sl065,-1.5440500000000612,-2.594050000000061,-3.2940500000000608,0,0,0,0,2.594050000000061,14.339999999999918,10.029999999999973,0.4386839481555437,5.619999999999891,0.03914590747331522,2.3600000000001273,3.148000000000002,0.188,1.0,,,13,3,6.0,2023
2023-06-30 13:00:00+00:00|-1.0|calendar_drop_monday_h13_tp06_sl065,2023-06-30 13:00:00+00:00,STAGE28A,data/reports/stage28a_discovery_factory_batch_runner/stage28a_exact_trades.csv,calendar_time_risk_proxy_v1,calendar_drop_monday_h13_tp06_sl065,0.6729999999999109,-0.377000000000089,-1.0770000000000888,0,0,0,0,0.377000000000089,20.1099999999999,2.660000000000082,0.037593984962456146,9.329999999999927,0.33976420150054637,3.939999999999827,3.1489999999999667,0.2,-1.0,,,13,4,6.0,2023
2023-06-30 22:45:00+00:00|1.0|calendar_drop_monday_h13_tp06_sl065,2023-06-30 22:45:00+00:00,STAGE28A,data/reports/stage28a_discovery_factory_batch_runner/stage28a_exact_trades.csv,calendar_time_risk_proxy_v1,calendar_drop_monday_h13_tp06_sl065,-0.35,-1.4,-2.1,0,0,0,0,1.4,20.1099999999999,2.660000000000082,0.037593984962456146,9.329999999999927,0.33976420150054637,1.509999999999991,3.5249999999999773,0.4,1.0,,,13,4,6.0,2023
2023-07-04 13:00:00+00:00|1.0|calendar_drop_monday_h13_tp06_sl065,2023-07-04 13:00:00+00:00,STAGE28A,data/reports/stage28a_discovery_factory_batch_runner/stage28a_exact_trades.csv,calendar_time_risk_proxy_v1,calendar_drop_monday_h13_tp06_sl065,-1.192399999999998,-2.2423999999999977,-2.942399999999997,0,0,0,0,2.2423999999999977,20.950000000000045,3.6399999999998727,0.4807692307692476,7.9099999999998545,0.8609355246523765,2.1099999999999,2.3639999999999874,0.004,1.0,,,13,1,7.0,2023
2023-07-05 13:00:00+00:00|1.0|calendar_drop_monday_h13_tp06_sl065,2023-07-05 13:00:00+00:00,STAGE28A,data/reports/stage28a_discovery_factory_batch_runner/stage28a_exact_trades.csv,calendar_time_risk_proxy_v1,calendar_drop_monday_h13_tp06_sl065,-1.3253249999998844,-2.375324999999884,-3.075324999999884,0,0,0,0,2.375324999999884,10.940000000000055,3.9700000000000273,0.42821158690177175,8.25,0.5624242424242546,2.269999999999982,2.3440000000000283,0.084,1.0,,,13,2,7.0,2023
2023-07-06 13:00:00+00:00|-1.0|calendar_drop_monday_h13_tp06_sl065,2023-07-06 13:00:00+00:00,STAGE28A,data/reports/stage28a_discovery_factory_batch_runner/stage28a_exact_trades.csv,calendar_time_risk_proxy_v1,calendar_drop_monday_h13_tp06_sl065,0.4921000000000731,-0.5578999999999268,-1.2578999999999263,0,0,0,0,0.5578999999999268,20.289999999999964,5.2000000000000455,0.3557692307692102,5.379999999999882,0.15055762081783702,2.8900000000001,2.8044999999999844,0.132,-1.0,,,13,3,7.0,2023
2023-07-07 13:00:00+00:00|1.0|calendar_drop_monday_h13_tp06_sl065,2023-07-07 13:00:00+00:00,STAGE28A,data/reports/stage28a_discovery_factory_batch_runner/stage28a_exact_trades.csv,calendar_time_risk_proxy_v1,calendar_drop_monday_h13_tp06_sl065,0.4867000000000644,-0.5632999999999355,-1.2632999999999353,0,0,0,0,0.5632999999999355,24.910000000000082,2.8099999999999454,0.049822064056895154,6.5499999999999545,0.7709923664122121,2.3599999999999,2.5665000000000076,0.116,1.0,,,13,4,7.0,2023
2023-07-07 22:45:00+00:00|1.0|calendar_drop_monday_h13_tp06_sl065,2023-07-07 22:45:00+00:00,STAGE28A,data/reports/stage28a_discovery_factory_batch_runner/stage28a_exact_trades.csv,calendar_time_risk_proxy_v1,calendar_drop_monday_h13_tp06_sl065,-0.35,-1.4,-2.1,0,0,0,0,1.4,24.910000000000082,2.8099999999999454,0.049822064056895154,6.5499999999999545,0.7709923664122121,1.849999999999909,4.249499999999989,0.868,1.0,,,13,4,7.0,2023
2023-07-11 13:00:00+00:00|1.0|calendar_drop_monday_h13_tp06_sl065,2023-07-11 13:00:00+00:00,STAGE28A,data/reports/stage28a_discovery_factory_batch_runner/stage28a_exact_trades.csv,calendar_time_risk_proxy_v1,calendar_drop_monday_h13_tp06_sl065,-1.803074999999899,-2.8530749999998988,-3.5530749999998985,0,0,0,0,2.8530749999998988,15.459999999999809,4.690000000000055,0.3432835820895754,11.970000000000027,0.9598997493734321,3.4700000000000273,3.030500000000006,0.228,1.0,,,13,1,7.0,2023
2023-07-12 13:00:00+00:00|-1.0|calendar_drop_monday_h13_tp06_sl065,2023-07-12 13:00:00+00:00,STAGE28A,data/reports/stage28a_discovery_factory_batch_runner/stage28a_exact_trades.csv,calendar_time_risk_proxy_v1,calendar_drop_monday_h13_tp06_sl065,0.5295999999999822,-0.5204000000000177,-1.2204000000000177,0,0,0,0,0.5204000000000177,14.170000000000073,8.88000000000011,0.5833333333333334,6.5,0.4799999999999832,1.9500000000000455,2.4640000000000213,0.116,-1.0,,,13,2,7.0,2023
2023-07-13 13:00:00+00:00|1.0|calendar_drop_monday_h13_tp06_sl065,2023-07-13 13:00:00+00:00,STAGE28A,data/reports/stage28a_discovery_factory_batch_runner/stage28a_exact_trades.csv,calendar_time_risk_proxy_v1,calendar_drop_monday_h13_tp06_sl065,-1.4894499999998971,-2.539449999999897,-3.2394499999998967,0,0,0,0,2.539449999999897,27.560000000000173,6.690000000000055,0.38415545590432215,8.11999999999989,0.035714285714281716,1.599999999999909,3.1245000000000003,0.264,1.0,,,13,3,7.0,2023
2023-07-14 13:00:00+00:00|-1.0|calendar_drop_monday_h13_tp06_sl065,2023-07-14 13:00:00+00:00,STAGE28A,data/reports/stage28a_discovery_factory_batch_runner/stage28a_exact_trades.csv,calendar_time_risk_proxy_v1,calendar_drop_monday_h13_tp06_sl065,0.6375999999999294,-0.4124000000000705,-1.1124000000000702,0,0,0,0,0.4124000000000705,11.190000000000055,5.370000000000118,0.4897579143388871,8.259999999999991,0.7990314769975686,2.0299999999999727,2.863500000000022,0.196,-1.0,,,13,4,7.0,2023
2023-07-14 22:45:00+00:00|1.0|calendar_drop_monday_h13_tp06_sl065,2023-07-14 22:45:00+00:00,STAGE28A,data/reports/stage28a_discovery_factory_batch_runner/stage28a_exact_trades.csv,calendar_time_risk_proxy_v1,calendar_drop_monday_h13_tp06_sl065,-0.35,-1.4,-2.1,0,0,0,0,1.4,11.190000000000055,5.370000000000118,0.4897579143388871,8.259999999999991,0.7990314769975686,1.9500000000000455,3.4994999999999665,0.56,1.0,,,13,4,7.0,2023
2023-07-18 13:00:00+00:00|1.0|calendar_drop_monday_h13_tp06_sl065,2023-07-18 13:00:00+00:00,STAGE28A,data/reports/stage28a_discovery_factory_batch_runner/stage28a_exact_trades.csv,calendar_time_risk_proxy_v1,calendar_drop_monday_h13_tp06_sl065,-1.4146999999999026,-2.4646999999999024,-3.164699999999902,0,0,0,0,2.4646999999999024,14.089999999999918,6.839999999999918,0.7046783625730986,6.329999999999927,0.513428120063197,2.119999999999891,2.4560000000000057,0.124,1.0,,,13,1,7.0,2023
2023-07-19 13:00:00+00:00|1.0|calendar_drop_monday_h13_tp06_sl065,2023-07-19 13:00:00+00:00,STAGE28A,data/reports/stage28a_discovery_factory_batch_runner/stage28a_exact_trades.csv,calendar_time_risk_proxy_v1,calendar_drop_monday_h13_tp06_sl065,0.7477000000000317,-0.3022999999999682,-1.002299999999968,0,0,0,0,0.3022999999999682,30.559999999999945,4.790000000000191,0.6847599164926601,7.9500000000000455,0.21509433962264485,2.310000000000173,3.4075000000000046,0.388,1.0,,,13,2,7.0,2023
2023-07-20 13:00:00+00:00|-1.0|calendar_drop_monday_h13_tp06_sl065,2023-07-20 13:00:00+00:00,STAGE28A,data/reports/stage28a_discovery_factory_batch_runner/stage28a_exact_trades.csv,calendar_time_risk_proxy_v1,calendar_drop_monday_h13_tp06_sl065,0.8977000000001226,-0.1522999999998773,-0.852299999999877,0,0,0,0,0.1522999999998773,11.170000000000073,11.850000000000136,0.6607594936708915,7.610000000000127,0.5611038107753138,1.7699999999999818,3.2790000000000417,0.252,-1.0,,,13,3,7.0,2023
2023-07-21 13:00:00+00:00|-1.0|calendar_drop_monday_h13_tp06_sl065,2023-07-21 13:00:00+00:00,STAGE28A,data/reports/stage28a_discovery_factory_batch_runner/stage28a_exact_trades.csv,calendar_time_risk_proxy_v1,calendar_drop_monday_h13_tp06_sl065,-1.6805500000001303,-2.73055000000013,-3.43055000000013,0,0,0,0,2.73055000000013,22.090000000000146,3.8600000000001273,0.0984455958548884,11.100000000000136,0.5630630630630561,3.5,3.1629999999999994,0.188,-1.0,,,13,4,7.0,2023
2023-07-21 22:45:00+00:00|1.0|calendar_drop_monday_h13_tp06_sl065,2023-07-21 22:45:00+00:00,STAGE28A,data/reports/stage28a_discovery_factory_batch_runner/stage28a_exact_trades.csv,calendar_time_risk_proxy_v1,calendar_drop_monday_h13_tp06_sl065,-0.35,-1.4,-2.1,0,0,0,0,1.4,22.090000000000146,3.8600000000001273,0.0984455958548884,11.100000000000136,0.5630630630630561,1.5399999999999636,3.542999999999972,0.508,1.0,,,13,4,7.0,2023
2023-07-25 13:00:00+00:00|1.0|calendar_drop_monday_h13_tp06_sl065,2023-07-25 13:00:00+00:00,STAGE28A,data/reports/stage28a_discovery_factory_batch_runner/stage28a_exact_trades.csv,calendar_time_risk_proxy_v1,calendar_drop_monday_h13_tp06_sl065,-1.612625000000071,-2.662625000000071,-3.3626250000000706,0,0,0,0,2.662625000000071,14.429999999999836,10.349999999999909,0.6434782608695568,4.730000000000018,0.12262156448201375,2.4200000000000728,2.896000000000015,0.1,1.0,,,13,1,7.0,2023
2023-07-26 13:00:00+00:00|1.0|calendar_drop_monday_h13_tp06_sl065,2023-07-26 13:00:00+00:00,STAGE28A,data/reports/stage28a_discovery_factory_batch_runner/stage28a_exact_trades.csv,calendar_time_risk_proxy_v1,calendar_drop_monday_h13_tp06_sl065,-1.2990000000000692,-2.349000000000069,-3.0490000000000688,0,0,0,0,2.349000000000069,14.290000000000191,4.230000000000018,0.14184397163118356,10.13000000000011,0.7423494570582331,1.4500000000000455,2.803500000000008,0.064,1.0,,,13,2,7.0,2023
2023-07-27 13:00:00+00:00|-1.0|calendar_drop_monday_h13_tp06_sl065,2023-07-27 13:00:00+00:00,STAGE28A,data/reports/stage28a_discovery_factory_batch_runner/stage28a_exact_trades.csv,calendar_time_risk_proxy_v1,calendar_drop_monday_h13_tp06_sl065,-1.6779500000001009,-2.7279500000001007,-3.4279500000001004,0,0,0,0,2.7279500000001007,16.339999999999918,11.230000000000018,0.40783615316118854,8.529999999999973,0.30480656506449527,4.529999999999973,4.3784999999999625,0.956,-1.0,,,13,3,7.0,2023
2023-07-28 13:00:00+00:00|-1.0|calendar_drop_monday_h13_tp06_sl065,2023-07-28 13:00:00+00:00,STAGE28A,data/reports/stage28a_discovery_factory_batch_runner/stage28a_exact_trades.csv,calendar_time_risk_proxy_v1,calendar_drop_monday_h13_tp06_sl065,0.8533000000001266,-0.1966999999998733,-0.896699999999873,0,0,0,0,0.1966999999998733,39.559999999999945,9.389999999999873,0.7816826411075873,8.8900000000001,0.2598425196850303,5.400000000000091,3.9145000000000096,0.736,-1.0,,,13,4,7.0,2023
2023-07-28 22:45:00+00:00|1.0|calendar_drop_monday_h13_tp06_sl065,2023-07-28 22:45:00+00:00,STAGE28A,data/reports/stage28a_discovery_factory_batch_runner/stage28a_exact_trades.csv,calendar_time_risk_proxy_v1,calendar_drop_monday_h13_tp06_sl065,-0.35,-1.4,-2.1,0,0,0,0,1.4,39.559999999999945,9.389999999999873,0.7816826411075873,8.8900000000001,0.2598425196850303,1.9200000000000728,4.113000000000056,0.792,1.0,,,13,4,7.0,2023
2023-08-01 13:00:00+00:00|-1.0|calendar_drop_monday_h13_tp06_sl065,2023-08-01 13:00:00+00:00,STAGE28A,data/reports/stage28a_discovery_factory_batch_runner/stage28a_exact_trades.csv,calendar_time_risk_proxy_v1,calendar_drop_monday_h13_tp06_sl065,0.5259999999999764,-0.5240000000000236,-1.2240000000000233,0,0,0,0,0.5240000000000236,21.22999999999979,7.0,0.4914285714285792,7.980000000000018,0.6741854636591316,2.009999999999991,2.770000000000016,0.048,-1.0,,,13,1,8.0,2023
2023-08-02 13:00:00+00:00|1.0|calendar_drop_monday_h13_tp06_sl065,2023-08-02 13:00:00+00:00,STAGE28A,data/reports/stage28a_discovery_factory_batch_runner/stage28a_exact_trades.csv,calendar_time_risk_proxy_v1,calendar_drop_monday_h13_tp06_sl065,0.6330999999999222,-0.4169000000000777,-1.1169000000000775,0,0,0,0,0.4169000000000777,24.850000000000136,8.789999999999964,0.2104664391353975,6.620000000000118,0.055891238670711725,2.9400000000000546,3.4225000000000363,0.328,1.0,,,13,2,8.0,2023
2023-08-03 13:00:00+00:00|1.0|calendar_drop_monday_h13_tp06_sl065,2023-08-03 13:00:00+00:00,STAGE28A,data/reports/stage28a_discovery_factory_batch_runner/stage28a_exact_trades.csv,calendar_time_risk_proxy_v1,calendar_drop_monday_h13_tp06_sl065,0.7984000000000379,-0.2515999999999621,-0.9515999999999618,0,0,0,0,0.2515999999999621,21.810000000000173,5.089999999999918,0.17681728880154776,7.5,0.15333333333331514,2.3900000000001,3.321499999999992,0.232,1.0,,,13,3,8.0,2023
2023-08-04 13:00:00+00:00|-1.0|calendar_drop_monday_h13_tp06_sl065,2023-08-04 13:00:00+00:00,STAGE28A,data/reports/stage28a_discovery_factory_batch_runner/stage28a_exact_trades.csv,calendar_time_risk_proxy_v1,calendar_drop_monday_h13_tp06_sl065,-1.3123249999999644,-2.3623249999999643,-3.062324999999964,0,0,0,0,2.3623249999999643,9.400000000000091,4.379999999999882,0.052511415525119724,5.3599999999999,0.3264925373134389,1.990000000000009,2.6965000000000146,0.032,-1.0,,,13,4,8.0,2023
2023-08-04 22:45:00+00:00|1.0|calendar_drop_monday_h13_tp06_sl065,2023-08-04 22:45:00+00:00,STAGE28A,data/reports/stage28a_discovery_factory_batch_runner/stage28a_exact_trades.csv,calendar_time_risk_proxy_v1,calendar_drop_monday_h13_tp06_sl065,-0.35,-1.4,-2.1,0,0,0,0,1.4,9.400000000000091,4.379999999999882,0.052511415525119724,5.3599999999999,0.3264925373134389,2.2999999999999545,3.863499999999976,0.696,1.0,,,13,4,8.0,2023
2023-08-08 13:00:00+00:00|1.0|calendar_drop_monday_h13_tp06_sl065,2023-08-08 13:00:00+00:00,STAGE28A,data/reports/stage28a_discovery_factory_batch_runner/stage28a_exact_trades.csv,calendar_time_risk_proxy_v1,calendar_drop_monday_h13_tp06_sl065,0.6789999999999964,-0.3710000000000035,-1.0710000000000033,0,0,0,0,0.3710000000000035,15.170000000000073,6.919999999999845,0.42774566473986636,5.420000000000073,0.3487084870848427,2.880000000000109,2.794000000000017,0.056,1.0,,,13,1,8.0,2023
2023-08-09 13:00:00+00:00|-1.0|calendar_drop_monday_h13_tp06_sl065,2023-08-09 13:00:00+00:00,STAGE28A,data/reports/stage28a_discovery_factory_batch_runner/stage28a_exact_trades.csv,calendar_time_risk_proxy_v1,calendar_drop_monday_h13_tp06_sl065,0.4389999999999873,-0.6110000000000126,-1.3110000000000124,0,0,0,0,0.6110000000000126,15.22999999999979,6.5900000000001455,0.7799696509863409,6.440000000000055,0.6024844720497012,2.4700000000000273,2.55300000000002,0.028,-1.0,,,13,2,8.0,2023
2023-08-10 13:00:00+00:00|1.0|calendar_drop_monday_h13_tp06_sl065,2023-08-10 13:00:00+00:00,STAGE28A,data/reports/stage28a_discovery_factory_batch_runner/stage28a_exact_trades.csv,calendar_time_risk_proxy_v1,calendar_drop_monday_h13_tp06_sl065,0.5859999999999218,-0.4640000000000781,-1.164000000000078,0,0,0,0,0.4640000000000781,18.330000000000155,4.660000000000082,0.5021459227467547,6.099999999999909,0.377049180327867,2.4600000000000364,2.702999999999997,0.048,1.0,,,13,3,8.0,2023
2023-08-11 13:00:00+00:00|1.0|calendar_drop_monday_h13_tp06_sl065,2023-08-11 13:00:00+00:00,STAGE28A,data/reports/stage28a_discovery_factory_batch_runner/stage28a_exact_trades.csv,calendar_time_risk_proxy_v1,calendar_drop_monday_h13_tp06_sl065,0.4279000000000451,-0.6220999999999548,-1.3220999999999543,0,0,0,0,0.6220999999999548,17.99000000000001,5.129999999999882,0.3781676413255554,7.240000000000009,0.46685082872926487,2.7000000000000455,3.1319999999999935,0.288,1.0,,,13,4,8.0,2023
2023-08-11 22:45:00+00:00|1.0|calendar_drop_monday_h13_tp06_sl065,2023-08-11 22:45:00+00:00,STAGE28A,data/reports/stage28a_discovery_factory_batch_runner/stage28a_exact_trades.csv,calendar_time_risk_proxy_v1,calendar_drop_monday_h13_tp06_sl065,-0.35,-1.4,-2.1,0,0,0,0,1.4,17.99000000000001,5.129999999999882,0.3781676413255554,7.240000000000009,0.46685082872926487,1.2999999999999545,2.978999999999985,0.208,1.0,,,13,4,8.0,2023
2023-08-15 13:00:00+00:00|-1.0|calendar_drop_monday_h13_tp06_sl065,2023-08-15 13:00:00+00:00,STAGE28A,data/reports/stage28a_discovery_factory_batch_runner/stage28a_exact_trades.csv,calendar_time_risk_proxy_v1,calendar_drop_monday_h13_tp06_sl065,0.498700000000008,-0.5512999999999919,-1.2512999999999916,0,0,0,0,0.5512999999999919,13.519999999999982,4.5,0.015555555555541408,4.460000000000036,0.5874439461883625,2.0299999999999727,2.701000000000022,0.08,-1.0,,,13,1,8.0,2023
2023-08-16 13:00:00+00:00|1.0|calendar_drop_monday_h13_tp06_sl065,2023-08-16 13:00:00+00:00,STAGE28A,data/reports/stage28a_discovery_factory_batch_runner/stage28a_exact_trades.csv,calendar_time_risk_proxy_v1,calendar_drop_monday_h13_tp06_sl065,-1.101725000000079,-2.1517250000000785,-2.8517250000000782,0,0,0,0,2.1517250000000785,15.230000000000018,5.009999999999991,0.5209580838323616,4.4500000000000455,0.45168539325842033,1.9600000000000364,2.6745000000000116,0.076,1.0,,,13,2,8.0,2023
2023-08-17 13:00:00+00:00|1.0|calendar_drop_monday_h13_tp06_sl065,2023-08-17 13:00:00+00:00,STAGE28A,data/reports/stage28a_discovery_factory_batch_runner/stage28a_exact_trades.csv,calendar_time_risk_proxy_v1,calendar_drop_monday_h13_tp06_sl065,-1.2252250000000005,-2.2752250000000003,-2.975225,0,0,0,0,2.2752250000000003,15.420000000000073,5.419999999999845,0.30442804428046827,5.570000000000164,0.45960502692995875,1.6600000000000819,2.7180000000000177,0.132,1.0,,,13,3,8.0,2023
2023-08-18 13:00:00+00:00|-1.0|calendar_drop_monday_h13_tp06_sl065,2023-08-18 13:00:00+00:00,STAGE28A,data/reports/stage28a_discovery_factory_batch_runner/stage28a_exact_trades.csv,calendar_time_risk_proxy_v1,calendar_drop_monday_h13_tp06_sl065,0.4500999999999294,-0.5999000000000705,-1.2999000000000702,0,0,0,0,0.5999000000000705,18.539999999999964,6.210000000000036,0.4541062801932238,2.9199999999998454,0.04452054794516735,1.4700000000000273,2.649499999999989,0.096,-1.0,,,13,4,8.0,2023
2023-08-18 22:45:00+00:00|1.0|calendar_drop_monday_h13_tp06_sl065,2023-08-18 22:45:00+00:00,STAGE28A,data/reports/stage28a_discovery_factory_batch_runner/stage28a_exact_trades.csv,calendar_time_risk_proxy_v1,calendar_drop_monday_h13_tp06_sl065,-0.35,-1.4,-2.1,0,0,0,0,1.4,18.539999999999964,6.210000000000036,0.4541062801932238,2.9199999999998454,0.04452054794516735,1.7100000000000364,2.9175000000000297,0.292,1.0,,,13,4,8.0,2023
2023-08-22 13:00:00+00:00|1.0|calendar_drop_monday_h13_tp06_sl065,2023-08-22 13:00:00+00:00,STAGE28A,data/reports/stage28a_discovery_factory_batch_runner/stage28a_exact_trades.csv,calendar_time_risk_proxy_v1,calendar_drop_monday_h13_tp06_sl065,-1.4303000000000794,-2.480300000000079,-3.180300000000079,0,0,0,0,2.480300000000079,14.160000000000082,3.6100000000001273,0.2576177285318645,9.980000000000018,0.6863727454909716,4.329999999999927,2.81700000000003,0.224,1.0,,,13,1,8.0,2023
2023-08-23 13:00:00+00:00|1.0|calendar_drop_monday_h13_tp06_sl065,2023-08-23 13:00:00+00:00,STAGE28A,data/reports/stage28a_discovery_factory_batch_runner/stage28a_exact_trades.csv,calendar_time_risk_proxy_v1,calendar_drop_monday_h13_tp06_sl065,-1.3588000000000648,-2.4088000000000647,-3.1088000000000644,0,0,0,0,2.4088000000000647,15.450000000000045,5.879999999999882,0.6309523809523998,4.910000000000082,0.25050916496944964,3.3500000000001364,2.1565000000000283,0.004,1.0,,,13,2,8.0,2023
2023-08-24 13:00:00+00:00|-1.0|calendar_drop_monday_h13_tp06_sl065,2023-08-24 13:00:00+00:00,STAGE28A,data/reports/stage28a_discovery_factory_batch_runner/stage28a_exact_trades.csv,calendar_time_risk_proxy_v1,calendar_drop_monday_h13_tp06_sl065,0.53799999999992,-0.51200000000008,-1.2120000000000797,0,0,0,0,0.51200000000008,23.429999999999836,6.710000000000036,0.5722801788375744,3.6400000000001,0.36263736263739765,1.7100000000000364,2.21899999999996,0.024,-1.0,,,13,3,8.0,2023
2023-08-25 13:00:00+00:00|1.0|calendar_drop_monday_h13_tp06_sl065,2023-08-25 13:00:00+00:00,STAGE28A,data/reports/stage28a_discovery_factory_batch_runner/stage28a_exact_trades.csv,calendar_time_risk_proxy_v1,calendar_drop_monday_h13_tp06_sl065,0.493599999999924,-0.556400000000076,-1.2564000000000757,0,0,0,0,0.556400000000076,11.639999999999873,4.470000000000027,0.7919463087248192,5.199999999999818,0.5307692307692475,2.8299999999999272,2.3150000000000093,0.048,1.0,,,13,4,8.0,2023
2023-08-25 22:45:00+00:00|1.0|calendar_drop_monday_h13_tp06_sl065,2023-08-25 22:45:00+00:00,STAGE28A,data/reports/stage28a_discovery_factory_batch_runner/stage28a_exact_trades.csv,calendar_time_risk_proxy_v1,calendar_drop_monday_h13_tp06_sl065,-0.35,-1.4,-2.1,0,0,0,0,1.4,11.639999999999873,4.470000000000027,0.7919463087248192,5.199999999999818,0.5307692307692475,2.8199999999999363,3.509000000000026,0.952,1.0,,,13,4,8.0,2023
2023-08-29 13:00:00+00:00|-1.0|calendar_drop_monday_h13_tp06_sl065,2023-08-29 13:00:00+00:00,STAGE28A,data/reports/stage28a_discovery_factory_batch_runner/stage28a_exact_trades.csv,calendar_time_risk_proxy_v1,calendar_drop_monday_h13_tp06_sl065,-1.1004249999999502,-2.15042499999995,-2.85042499999995,0,0,0,0,2.15042499999995,13.430000000000064,6.25,0.7584000000000014,3.9300000000000637,0.2646310432569839,1.9200000000000728,2.336000000000047,0.092,-1.0,,,13,1,8.0,2023
2023-08-30 13:00:00+00:00|-1.0|calendar_drop_monday_h13_tp06_sl065,2023-08-30 13:00:00+00:00,STAGE28A,data/reports/stage28a_discovery_factory_batch_runner/stage28a_exact_trades.csv,calendar_time_risk_proxy_v1,calendar_drop_monday_h13_tp06_sl065,-1.1221999999998844,-2.172199999999884,-2.872199999999884,0,0,0,0,2.172199999999884,23.829999999999927,2.2799999999999727,0.17543859649127005,3.75,0.3466666666666545,2.8200000000001637,2.5104999999999906,0.164,-1.0,,,13,2,8.0,2023
2023-08-31 13:00:00+00:00|-1.0|calendar_drop_monday_h13_tp06_sl065,2023-08-31 13:00:00+00:00,STAGE28A,data/reports/stage28a_discovery_factory_batch_runner/stage28a_exact_trades.csv,calendar_time_risk_proxy_v1,calendar_drop_monday_h13_tp06_sl065,-0.9866749999999684,-2.0366749999999683,-2.736674999999968,0,0,0,0,2.0366749999999683,14.009999999999991,6.100000000000136,0.08360655737704582,3.089999999999918,0.11650485436890275,1.4800000000000182,1.9180000000000177,0.016,-1.0,,,13,3,8.0,2023
2023-09-01 13:00:00+00:00|1.0|calendar_drop_monday_h13_tp06_sl065,2023-09-01 13:00:00+00:00,STAGE28A,data/reports/stage28a_discovery_factory_batch_runner/stage28a_exact_trades.csv,calendar_time_risk_proxy_v1,calendar_drop_monday_h13_tp06_sl065,-1.000000000000091,-2.050000000000091,-2.7500000000000906,0,0,0,0,2.050000000000091,8.789999999999964,5.3900000000001,0.20222634508351117,6.300000000000182,0.8380952380952096,1.5900000000001455,2.213500000000033,0.116,1.0,,,13,4,9.0,2023
2023-09-01 22:45:00+00:00|1.0|calendar_drop_monday_h13_tp06_sl065,2023-09-01 22:45:00+00:00,STAGE28A,data/reports/stage28a_discovery_factory_batch_runner/stage28a_exact_trades.csv,calendar_time_risk_proxy_v1,calendar_drop_monday_h13_tp06_sl065,-0.35,-1.4,-2.1,0,0,0,0,1.4,8.789999999999964,5.3900000000001,0.20222634508351117,6.300000000000182,0.8380952380952096,0.9299999999998363,3.377999999999986,0.892,1.0,,,13,4,9.0,2023
2023-09-05 13:00:00+00:00|-1.0|calendar_drop_monday_h13_tp06_sl065,2023-09-05 13:00:00+00:00,STAGE28A,data/reports/stage28a_discovery_factory_batch_runner/stage28a_exact_trades.csv,calendar_time_risk_proxy_v1,calendar_drop_monday_h13_tp06_sl065,0.4222000000001117,-0.6277999999998882,-1.327799999999888,0,0,0,0,0.6277999999998882,9.470000000000027,3.8600000000001273,0.3056994818652914,8.319999999999936,0.7439903846153696,2.9200000000000728,1.7990000000000124,0.064,-1.0,,,13,1,9.0,2023
2023-09-06 13:00:00+00:00|-1.0|calendar_drop_monday_h13_tp06_sl065,2023-09-06 13:00:00+00:00,STAGE28A,data/reports/stage28a_discovery_factory_batch_runner/stage28a_exact_trades.csv,calendar_time_risk_proxy_v1,calendar_drop_monday_h13_tp06_sl065,0.4966000000000804,-0.5533999999999195,-1.2533999999999192,0,0,0,0,0.5533999999999195,13.569999999999936,2.7200000000000273,0.05882352941179421,5.8599999999999,0.2030716723549616,2.759999999999991,1.8785000000000196,0.092,-1.0,,,13,2,9.0,2023
2023-09-07 13:00:00+00:00|-1.0|calendar_drop_monday_h13_tp06_sl065,2023-09-07 13:00:00+00:00,STAGE28A,data/reports/stage28a_discovery_factory_batch_runner/stage28a_exact_trades.csv,calendar_time_risk_proxy_v1,calendar_drop_monday_h13_tp06_sl065,0.3226000000001022,-0.7273999999998977,-1.4273999999998974,0,0,0,0,0.7273999999998977,13.889999999999873,4.419999999999845,0.5769230769230869,3.400000000000091,0.03529411764709266,1.9500000000000455,2.5085000000000037,0.464,-1.0,,,13,3,9.0,2023
2023-09-08 13:00:00+00:00|-1.0|calendar_drop_monday_h13_tp06_sl065,2023-09-08 13:00:00+00:00,STAGE28A,data/reports/stage28a_discovery_factory_batch_runner/stage28a_exact_trades.csv,calendar_time_risk_proxy_v1,calendar_drop_monday_h13_tp06_sl065,-1.0461499999999888,-2.0961499999999886,-2.7961499999999884,0,0,0,0,2.0961499999999886,7.3599999999999,8.149999999999864,0.6343558282208506,3.8600000000001273,0.07512953367874457,1.9200000000000728,2.1760000000000104,0.228,-1.0,,,13,4,9.0,2023
2023-09-08 22:45:00+00:00|1.0|calendar_drop_monday_h13_tp06_sl065,2023-09-08 22:45:00+00:00,STAGE28A,data/reports/stage28a_discovery_factory_batch_runner/stage28a_exact_trades.csv,calendar_time_risk_proxy_v1,calendar_drop_monday_h13_tp06_sl065,-0.35,-1.4,-2.1,0,0,0,0,1.4,7.3599999999999,8.149999999999864,0.6343558282208506,3.8600000000001273,0.07512953367874457,2.2899999999999636,2.8845000000000143,0.724,1.0,,,13,4,9.0,2023
2023-09-12 13:00:00+00:00|-1.0|calendar_drop_monday_h13_tp06_sl065,2023-09-12 13:00:00+00:00,STAGE28A,data/reports/stage28a_discovery_factory_batch_runner/stage28a_exact_trades.csv,calendar_time_risk_proxy_v1,calendar_drop_monday_h13_tp06_sl065,0.2269000000000233,-0.8230999999999766,-1.5230999999999764,0,0,0,0,0.8230999999999766,14.0,4.029999999999973,0.2853598014888018,5.920000000000073,0.7854729729729403,1.4700000000000273,2.043000000000018,0.164,-1.0,,,13,1,9.0,2023
2023-09-13 13:00:00+00:00|1.0|calendar_drop_monday_h13_tp06_sl065,2023-09-13 13:00:00+00:00,STAGE28A,data/reports/stage28a_discovery_factory_batch_runner/stage28a_exact_trades.csv,calendar_time_risk_proxy_v1,calendar_drop_monday_h13_tp06_sl065,0.3544000000000779,-0.6955999999999221,-1.3955999999999218,0,0,0,0,0.6955999999999221,16.910000000000082,5.6400000000001,0.6790780141843722,4.369999999999891,0.3729977116705148,1.7200000000000273,2.210000000000048,0.224,1.0,,,13,2,9.0,2023
2023-09-14 13:00:00+00:00|-1.0|calendar_drop_monday_h13_tp06_sl065,2023-09-14 13:00:00+00:00,STAGE28A,data/reports/stage28a_discovery_factory_batch_runner/stage28a_exact_trades.csv,calendar_time_risk_proxy_v1,calendar_drop_monday_h13_tp06_sl065,0.3051999999999225,-0.7448000000000774,-1.4448000000000771,0,0,0,0,0.7448000000000774,10.190000000000055,5.3599999999999,0.15671641791043542,5.760000000000218,0.5711805555555276,1.4800000000000182,2.3125,0.28,-1.0,,,13,3,9.0,2023
2023-09-15 13:00:00+00:00|1.0|calendar_drop_monday_h13_tp06_sl065,2023-09-15 13:00:00+00:00,STAGE28A,data/reports/stage28a_discovery_factory_batch_runner/stage28a_exact_trades.csv,calendar_time_risk_proxy_v1,calendar_drop_monday_h13_tp06_sl065,-1.2392000000000736,-2.2892000000000734,-2.989200000000073,0,0,0,0,2.2892000000000734,11.819999999999936,6.240000000000009,0.8461538461538406,4.680000000000064,0.521367521367526,1.509999999999991,2.6095000000000255,0.48,1.0,,,13,4,9.0,2023
2023-09-15 22:45:00+00:00|1.0|calendar_drop_monday_h13_tp06_sl065,2023-09-15 22:45:00+00:00,STAGE28A,data/reports/stage28a_discovery_factory_batch_runner/stage28a_exact_trades.csv,calendar_time_risk_proxy_v1,calendar_drop_monday_h13_tp06_sl065,-0.35,-1.4,-2.1,0,0,0,0,1.4,11.819999999999936,6.240000000000009,0.8461538461538406,4.680000000000064,0.521367521367526,1.1000000000001364,2.9700000000000273,0.768,1.0,,,13,4,9.0,2023
2023-09-19 13:00:00+00:00|1.0|calendar_drop_monday_h13_tp06_sl065,2023-09-19 13:00:00+00:00,STAGE28A,data/reports/stage28a_discovery_factory_batch_runner/stage28a_exact_trades.csv,calendar_time_risk_proxy_v1,calendar_drop_monday_h13_tp06_sl065,0.2571999999999207,-0.7928000000000792,-1.492800000000079,0,0,0,0,0.7928000000000792,11.730000000000018,2.8200000000001637,0.4893617021275892,5.589999999999918,0.5348837209302013,1.7799999999999727,1.9490000000000123,0.08,1.0,,,13,1,9.0,2023
2023-09-20 13:00:00+00:00|-1.0|calendar_drop_monday_h13_tp06_sl065,2023-09-20 13:00:00+00:00,STAGE28A,data/reports/stage28a_discovery_factory_batch_runner/stage28a_exact_trades.csv,calendar_time_risk_proxy_v1,calendar_drop_monday_h13_tp06_sl065,0.3222999999999502,-0.7277000000000498,-1.4277000000000497,0,0,0,0,0.7277000000000498,7.619999999999891,3.9199999999998454,0.30357142857145447,4.3900000000001,0.27107061503417484,2.730000000000018,1.8790000000000304,0.032,-1.0,,,13,2,9.0,2023
2023-09-21 13:00:00+00:00|-1.0|calendar_drop_monday_h13_tp06_sl065,2023-09-21 13:00:00+00:00,STAGE28A,data/reports/stage28a_discovery_factory_batch_runner/stage28a_exact_trades.csv,calendar_time_risk_proxy_v1,calendar_drop_monday_h13_tp06_sl065,0.4087000000000899,-0.64129999999991,-1.3412999999999098,0,0,0,0,0.64129999999991,19.519999999999982,7.350000000000136,0.3823129251700535,8.040000000000191,0.4440298507462785,2.3500000000001364,3.428000000000009,0.948,-1.0,,,13,3,9.0,2023
2023-09-22 13:00:00+00:00|1.0|calendar_drop_monday_h13_tp06_sl065,2023-09-22 13:00:00+00:00,STAGE28A,data/reports/stage28a_discovery_factory_batch_runner/stage28a_exact_trades.csv,calendar_time_risk_proxy_v1,calendar_drop_monday_h13_tp06_sl065,0.3459999999999127,-0.7040000000000872,-1.404000000000087,0,0,0,0,0.7040000000000872,17.580000000000155,6.259999999999991,0.5782747603834063,5.400000000000091,0.30740740740737527,2.509999999999991,2.41700000000003,0.32,1.0,,,13,4,9.0,2023
2023-09-22 22:45:00+00:00|1.0|calendar_drop_monday_h13_tp06_sl065,2023-09-22 22:45:00+00:00,STAGE28A,data/reports/stage28a_discovery_factory_batch_runner/stage28a_exact_trades.csv,calendar_time_risk_proxy_v1,calendar_drop_monday_h13_tp06_sl065,-0.35,-1.4,-2.1,0,0,0,0,1.4,17.580000000000155,6.259999999999991,0.5782747603834063,5.400000000000091,0.30740740740737527,1.6199999999998909,2.2900000000000205,0.284,1.0,,,13,4,9.0,2023
2023-09-26 13:00:00+00:00|1.0|calendar_drop_monday_h13_tp06_sl065,2023-09-26 13:00:00+00:00,STAGE28A,data/reports/stage28a_discovery_factory_batch_runner/stage28a_exact_trades.csv,calendar_time_risk_proxy_v1,calendar_drop_monday_h13_tp06_sl065,0.4329999999999018,-0.6170000000000981,-1.317000000000098,0,0,0,0,0.6170000000000981,12.0,3.730000000000018,0.7774798927613538,5.860000000000127,0.10238907849831456,1.75,2.2880000000000225,0.348,1.0,,,13,1,9.0,2023
2023-09-27 13:00:00+00:00|-1.0|calendar_drop_monday_h13_tp06_sl065,2023-09-27 13:00:00+00:00,STAGE28A,data/reports/stage28a_discovery_factory_batch_runner/stage28a_exact_trades.csv,calendar_time_risk_proxy_v1,calendar_drop_monday_h13_tp06_sl065,-1.233350000000064,-2.283350000000064,-2.983350000000064,0,0,0,0,2.283350000000064,17.690000000000055,4.459999999999809,0.23991031390139228,5.339999999999918,0.8220973782771424,2.0499999999999545,2.484999999999991,0.426,-1.0,,,13,2,9.0,2023
2023-09-28 13:00:00+00:00|-1.0|calendar_drop_monday_h13_tp06_sl065,2023-09-28 13:00:00+00:00,STAGE28A,data/reports/stage28a_discovery_factory_batch_runner/stage28a_exact_trades.csv,calendar_time_risk_proxy_v1,calendar_drop_monday_h13_tp06_sl065,0.5070999999999458,-0.5429000000000541,-1.242900000000054,0,0,0,0,0.5429000000000541,31.470000000000027,4.350000000000136,0.537931034482723,4.5499999999999545,0.27472527472527747,3.4600000000000364,3.155500000000006,0.792,-1.0,,,13,3,9.0,2023
2023-09-29 13:00:00+00:00|1.0|calendar_drop_monday_h13_tp06_sl065,2023-09-29 13:00:00+00:00,STAGE28A,data/reports/stage28a_discovery_factory_batch_runner/stage28a_exact_trades.csv,calendar_time_risk_proxy_v1,calendar_drop_monday_h13_tp06_sl065,-1.2986749999998666,-2.3486749999998664,-3.048674999999866,0,0,0,0,2.3486749999998664,21.920000000000073,4.319999999999936,0.23379629629635026,10.939999999999827,0.9396709323583304,2.6200000000001182,3.664499999999987,0.9,1.0,,,13,4,9.0,2023
2023-09-29 22:45:00+00:00|1.0|calendar_drop_monday_h13_tp06_sl065,2023-09-29 22:45:00+00:00,STAGE28A,data/reports/stage28a_discovery_factory_batch_runner/stage28a_exact_trades.csv,calendar_time_risk_proxy_v1,calendar_drop_monday_h13_tp06_sl065,0.9579999999999927,-0.0920000000000071,-0.7920000000000069,0,0,0,0,0.0920000000000071,21.920000000000073,4.319999999999936,0.23379629629635026,10.939999999999827,0.9396709323583304,4.589999999999918,4.357000000000016,1.0,1.0,,,13,4,9.0,2023
2023-10-03 13:00:00+00:00|1.0|calendar_drop_monday_h13_tp06_sl065,2023-10-03 13:00:00+00:00,STAGE28A,data/reports/stage28a_discovery_factory_batch_runner/stage28a_exact_trades.csv,calendar_time_risk_proxy_v1,calendar_drop_monday_h13_tp06_sl065,0.8739999999999327,-0.1760000000000672,-0.876000000000067,0,0,0,0,0.1760000000000672,21.720000000000027,14.25,0.5361403508772,11.009999999999991,0.5376930063578635,4.240000000000009,4.363500000000033,0.868,1.0,,,13,1,10.0,2023
2023-10-04 13:00:00+00:00|1.0|calendar_drop_monday_h13_tp06_sl065,2023-10-04 13:00:00+00:00,STAGE28A,data/reports/stage28a_discovery_factory_batch_runner/stage28a_exact_trades.csv,calendar_time_risk_proxy_v1,calendar_drop_monday_h13_tp06_sl065,-1.540475000000106,-2.5904750000001058,-3.290475000000105,0,0,0,0,2.5904750000001058,18.170000000000073,5.2999999999999545,0.34905660377361364,7.849999999999909,0.1770700636942823,3.1099999999999,3.950000000000023,0.72,1.0,,,13,2,10.0,2023
2023-10-05 13:00:00+00:00|-1.0|calendar_drop_monday_h13_tp06_sl065,2023-10-05 13:00:00+00:00,STAGE28A,data/reports/stage28a_discovery_factory_batch_runner/stage28a_exact_trades.csv,calendar_time_risk_proxy_v1,calendar_drop_monday_h13_tp06_sl065,0.5329000000000633,-0.5170999999999366,-1.2170999999999363,0,0,0,0,0.5170999999999366,13.930000000000064,7.940000000000055,0.7607052896725629,9.490000000000009,0.6649104320337134,3.6800000000000637,3.2740000000000236,0.42,-1.0,,,13,3,10.0,2023
2023-10-06 13:00:00+00:00|-1.0|calendar_drop_monday_h13_tp06_sl065,2023-10-06 13:00:00+00:00,STAGE28A,data/reports/stage28a_discovery_factory_batch_runner/stage28a_exact_trades.csv,calendar_time_risk_proxy_v1,calendar_drop_monday_h13_tp06_sl065,0.5074000000000979,-0.542599999999902,-1.2425999999999018,0,0,0,0,0.542599999999902,16.13000000000011,4.75,0.5810526315789455,5.929999999999836,0.5801011804384738,2.270000000000209,2.5350000000000135,0.188,-1.0,,,13,4,10.0,2023
2023-10-06 22:45:00+00:00|1.0|calendar_drop_monday_h13_tp06_sl065,2023-10-06 22:45:00+00:00,STAGE28A,data/reports/stage28a_discovery_factory_batch_runner/stage28a_exact_trades.csv,calendar_time_risk_proxy_v1,calendar_drop_monday_h13_tp06_sl065,-0.35,-1.4,-2.1,0,0,0,0,1.4,16.13000000000011,4.75,0.5810526315789455,5.929999999999836,0.5801011804384738,2.490000000000009,4.393000000000018,0.824,1.0,,,13,4,10.0,2023
2023-10-10 13:00:00+00:00|-1.0|calendar_drop_monday_h13_tp06_sl065,2023-10-10 13:00:00+00:00,STAGE28A,data/reports/stage28a_discovery_factory_batch_runner/stage28a_exact_trades.csv,calendar_time_risk_proxy_v1,calendar_drop_monday_h13_tp06_sl065,0.7801000000000841,-0.2698999999999159,-0.9698999999999156,0,0,0,0,0.2698999999999159,19.25999999999999,5.050000000000182,0.20792079207919142,7.339999999999918,0.5640326975477038,2.0499999999999545,3.3339999999999916,0.296,-1.0,,,13,1,10.0,2023
2023-10-11 13:00:00+00:00|1.0|calendar_drop_monday_h13_tp06_sl065,2023-10-11 13:00:00+00:00,STAGE28A,data/reports/stage28a_discovery_factory_batch_runner/stage28a_exact_trades.csv,calendar_time_risk_proxy_v1,calendar_drop_monday_h13_tp06_sl065,0.7326999999999316,-0.3173000000000683,-1.017300000000068,0,0,0,0,0.3173000000000683,12.330000000000155,2.790000000000191,0.11111111111116544,12.52000000000021,0.831469648562293,2.020000000000209,2.790000000000009,0.056,1.0,,,13,2,10.0,2023
2023-10-12 13:00:00+00:00|1.0|calendar_drop_monday_h13_tp06_sl065,2023-10-12 13:00:00+00:00,STAGE28A,data/reports/stage28a_discovery_factory_batch_runner/stage28a_exact_trades.csv,calendar_time_risk_proxy_v1,calendar_drop_monday_h13_tp06_sl065,-1.295099999999911,-2.345099999999911,-3.045099999999911,0,0,0,0,2.345099999999911,18.6400000000001,5.0499999999999545,0.6079207920792008,5.900000000000091,0.5610169491525244,2.519999999999982,2.612999999999988,0.016,1.0,,,13,3,10.0,2023
2023-10-13 13:00:00+00:00|1.0|calendar_drop_monday_h13_tp06_sl065,2023-10-13 13:00:00+00:00,STAGE28A,data/reports/stage28a_discovery_factory_batch_runner/stage28a_exact_trades.csv,calendar_time_risk_proxy_v1,calendar_drop_monday_h13_tp06_sl065,0.7441000000000259,-0.3058999999999741,-1.0058999999999738,0,0,0,0,0.3058999999999741,17.139999999999873,5.779999999999973,0.6868512110726723,14.670000000000073,0.9522835719154709,5.740000000000009,2.820500000000004,0.064,1.0,,,13,4,10.0,2023
2023-10-13 22:45:00+00:00|1.0|calendar_drop_monday_h13_tp06_sl065,2023-10-13 22:45:00+00:00,STAGE28A,data/reports/stage28a_discovery_factory_batch_runner/stage28a_exact_trades.csv,calendar_time_risk_proxy_v1,calendar_drop_monday_h13_tp06_sl065,-0.35,-1.4,-2.1,0,0,0,0,1.4,17.139999999999873,5.779999999999973,0.6868512110726723,14.670000000000073,0.9522835719154709,3.1099999999999,5.395499999999993,0.964,1.0,,,13,4,10.0,2023
2023-10-17 13:00:00+00:00|1.0|calendar_drop_monday_h13_tp06_sl065,2023-10-17 13:00:00+00:00,STAGE28A,data/reports/stage28a_discovery_factory_batch_runner/stage28a_exact_trades.csv,calendar_time_risk_proxy_v1,calendar_drop_monday_h13_tp06_sl065,-1.5183749999999692,-2.568374999999969,-3.2683749999999687,0,0,0,0,2.568374999999969,22.09999999999991,9.3599999999999,0.22435897435899133,9.639999999999873,0.6390041493775868,4.919999999999845,3.052499999999975,0.132,1.0,,,13,1,10.0,2023
2023-10-18 13:00:00+00:00|1.0|calendar_drop_monday_h13_tp06_sl065,2023-10-18 13:00:00+00:00,STAGE28A,data/reports/stage28a_discovery_factory_batch_runner/stage28a_exact_trades.csv,calendar_time_risk_proxy_v1,calendar_drop_monday_h13_tp06_sl065,0.9489999999999782,-0.1010000000000217,-0.8010000000000215,0,0,0,0,0.1010000000000217,19.200000000000045,19.519999999999982,0.6444672131147626,11.029999999999973,0.630099728014491,7.880000000000109,4.2580000000000044,0.728,1.0,,,13,2,10.0,2023
2023-10-19 13:00:00+00:00|1.0|calendar_drop_monday_h13_tp06_sl065,2023-10-19 13:00:00+00:00,STAGE28A,data/reports/stage28a_discovery_factory_batch_runner/stage28a_exact_trades.csv,calendar_time_risk_proxy_v1,calendar_drop_monday_h13_tp06_sl065,0.9936999999998988,-0.056300000000101,-0.7563000000001008,0,0,0,0,0.056300000000101,39.38999999999987,8.089999999999918,0.41532756489492384,9.13000000000011,0.4841182913472092,2.9200000000000728,4.947000000000014,0.796,1.0,,,13,3,10.0,2023
2023-10-20 13:00:00+00:00|1.0|calendar_drop_monday_h13_tp06_sl065,2023-10-20 13:00:00+00:00,STAGE28A,data/reports/stage28a_discovery_factory_batch_runner/stage28a_exact_trades.csv,calendar_time_risk_proxy_v1,calendar_drop_monday_h13_tp06_sl065,1.075899999999956,0.025899999999956,-0.6741000000000437,1,0,0,0,0.025899999999956,32.50999999999999,10.069999999999936,0.5233366434955328,11.190000000000055,0.4387846291331395,5.039999999999964,5.7995,0.904,1.0,,,13,4,10.0,2023
2023-10-20 23:45:00+00:00|1.0|calendar_drop_monday_h13_tp06_sl065,2023-10-20 23:45:00+00:00,STAGE28A,data/reports/stage28a_discovery_factory_batch_runner/stage28a_exact_trades.csv,calendar_time_risk_proxy_v1,calendar_drop_monday_h13_tp06_sl065,-0.35,-1.4,-2.1,0,0,0,0,1.4,32.50999999999999,10.069999999999936,0.5233366434955328,11.190000000000055,0.4387846291331395,3.1599999999998545,6.09100000000002,0.94,1.0,,,13,4,10.0,2023
2023-10-24 13:00:00+00:00|-1.0|calendar_drop_monday_h13_tp06_sl065,2023-10-24 13:00:00+00:00,STAGE28A,data/reports/stage28a_discovery_factory_batch_runner/stage28a_exact_trades.csv,calendar_time_risk_proxy_v1,calendar_drop_monday_h13_tp06_sl065,-1.79462499999986,-2.84462499999986,-3.54462499999986,0,0,0,0,2.84462499999986,21.069999999999936,9.460000000000036,0.40697674418603536,14.259999999999991,0.7180925666199169,7.629999999999882,4.0440000000000165,0.432,-1.0,,,13,1,10.0,2023
2023-10-25 13:00:00+00:00|-1.0|calendar_drop_monday_h13_tp06_sl065,2023-10-25 13:00:00+00:00,STAGE28A,data/reports/stage28a_discovery_factory_batch_runner/stage28a_exact_trades.csv,calendar_time_risk_proxy_v1,calendar_drop_monday_h13_tp06_sl065,0.8842000000001008,-0.1657999999998991,-0.8657999999998989,0,0,0,0,0.1657999999998991,27.230000000000018,7.0900000000001455,0.3808180535966135,7.660000000000082,0.4856396866840715,2.519999999999982,3.90450000000003,0.292,-1.0,,,13,2,10.0,2023
2023-10-26 13:00:00+00:00|1.0|calendar_drop_monday_h13_tp06_sl065,2023-10-26 13:00:00+00:00,STAGE28A,data/reports/stage28a_discovery_factory_batch_runner/stage28a_exact_trades.csv,calendar_time_risk_proxy_v1,calendar_drop_monday_h13_tp06_sl065,-1.677299999999923,-2.727299999999923,-3.4272999999999225,0,0,0,0,2.727299999999923,24.13000000000011,7.869999999999891,0.6569250317661902,9.559999999999945,0.3650627615062792,2.7899999999999636,5.137500000000022,0.588,1.0,,,13,3,10.0,2023
2023-10-27 13:00:00+00:00|-1.0|calendar_drop_monday_h13_tp06_sl065,2023-10-27 13:00:00+00:00,STAGE28A,data/reports/stage28a_discovery_factory_batch_runner/stage28a_exact_trades.csv,calendar_time_risk_proxy_v1,calendar_drop_monday_h13_tp06_sl065,0.6943000000000211,-0.3556999999999788,-1.0556999999999783,0,0,0,0,0.3556999999999788,21.6400000000001,5.900000000000091,0.44406779661014417,4.7000000000000455,0.42340425531914677,2.7100000000000364,3.463499999999999,0.068,-1.0,,,13,4,10.0,2023
2023-10-27 23:45:00+00:00|1.0|calendar_drop_monday_h13_tp06_sl065,2023-10-27 23:45:00+00:00,STAGE28A,data/reports/stage28a_discovery_factory_batch_runner/stage28a_exact_trades.csv,calendar_time_risk_proxy_v1,calendar_drop_monday_h13_tp06_sl065,-0.35,-1.4,-2.1,0,0,0,0,1.4,21.6400000000001,5.900000000000091,0.44406779661014417,4.7000000000000455,0.42340425531914677,4.579999999999927,4.945000000000027,0.524,1.0,,,13,4,10.0,2023
2023-10-31 13:00:00+00:00|1.0|calendar_drop_monday_h13_tp06_sl065,2023-10-31 13:00:00+00:00,STAGE28A,data/reports/stage28a_discovery_factory_batch_runner/stage28a_exact_trades.csv,calendar_time_risk_proxy_v1,calendar_drop_monday_h13_tp06_sl065,0.6541000000001077,-0.3958999999998922,-1.095899999999892,0,0,0,0,0.3958999999998922,15.75,6.7000000000000455,0.38656716417908965,7.740000000000009,0.9470284237725993,3.589999999999918,2.8775000000000093,0.004,1.0,,,13,1,10.0,2023
2023-11-01 13:00:00+00:00|1.0|calendar_drop_monday_h13_tp06_sl065,2023-11-01 13:00:00+00:00,STAGE28A,data/reports/stage28a_discovery_factory_batch_runner/stage28a_exact_trades.csv,calendar_time_risk_proxy_v1,calendar_drop_monday_h13_tp06_sl065,0.6945999999999458,-0.3554000000000541,-1.055400000000054,0,0,0,0,0.3554000000000541,29.070000000000164,10.86999999999989,0.525298988040487,7.8599999999999,0.7175572519084188,2.0499999999999545,3.884500000000037,0.104,1.0,,,13,2,11.0,2023
2023-11-02 13:00:00+00:00|1.0|calendar_drop_monday_h13_tp06_sl065,2023-11-02 13:00:00+00:00,STAGE28A,data/reports/stage28a_discovery_factory_batch_runner/stage28a_exact_trades.csv,calendar_time_risk_proxy_v1,calendar_drop_monday_h13_tp06_sl065,-1.3994249999999284,-2.449424999999928,-3.149424999999928,0,0,0,0,2.449424999999928,22.200000000000045,6.960000000000036,0.5574712643678289,5.899999999999864,0.4915254237288018,3.630000000000109,4.084000000000003,0.196,1.0,,,13,3,11.0,2023
2023-11-03 13:00:00+00:00|1.0|calendar_drop_monday_h13_tp06_sl065,2023-11-03 13:00:00+00:00,STAGE28A,data/reports/stage28a_discovery_factory_batch_runner/stage28a_exact_trades.csv,calendar_time_risk_proxy_v1,calendar_drop_monday_h13_tp06_sl065,0.6057999999999538,-0.4442000000000461,-1.1442000000000458,0,0,0,0,0.4442000000000461,12.200000000000045,4.599999999999909,0.09565217391305723,5.789999999999964,0.44559585492227005,2.7200000000000273,2.75,0.004,1.0,,,13,4,11.0,2023
2023-11-03 22:45:00+00:00|1.0|calendar_drop_monday_h13_tp06_sl065,2023-11-03 22:45:00+00:00,STAGE28A,data/reports/stage28a_discovery_factory_batch_runner/stage28a_exact_trades.csv,calendar_time_risk_proxy_v1,calendar_drop_monday_h13_tp06_sl065,-0.35,-1.4,-2.1,0,0,0,0,1.4,12.200000000000045,4.599999999999909,0.09565217391305723,5.789999999999964,0.44559585492227005,3.589999999999918,4.617499999999984,0.548,1.0,,,13,4,11.0,2023
2023-11-07 13:00:00+00:00|-1.0|calendar_drop_monday_h13_tp06_sl065,2023-11-07 13:00:00+00:00,STAGE28A,data/reports/stage28a_discovery_factory_batch_runner/stage28a_exact_trades.csv,calendar_time_risk_proxy_v1,calendar_drop_monday_h13_tp06_sl065,0.7092999999998938,-0.3407000000001061,-1.040700000000106,0,0,0,0,0.3407000000001061,16.519999999999982,7.3599999999999,0.7228260869565538,10.039999999999964,0.5149402390438111,2.5499999999999545,2.810999999999967,0.024,-1.0,,,13,1,11.0,2023
2023-11-08 13:00:00+00:00|-1.0|calendar_drop_monday_h13_tp06_sl065,2023-11-08 13:00:00+00:00,STAGE28A,data/reports/stage28a_discovery_factory_batch_runner/stage28a_exact_trades.csv,calendar_time_risk_proxy_v1,calendar_drop_monday_h13_tp06_sl065,0.7387000000000171,-0.3112999999999828,-1.0112999999999823,0,0,0,0,0.3112999999999828,21.62999999999988,3.6900000000000546,0.3685636856368854,9.5,0.5821052631578919,5.8900000000001,2.8899999999999864,0.056,-1.0,,,13,2,11.0,2023
2023-11-09 13:00:00+00:00|-1.0|calendar_drop_monday_h13_tp06_sl065,2023-11-09 13:00:00+00:00,STAGE28A,data/reports/stage28a_discovery_factory_batch_runner/stage28a_exact_trades.csv,calendar_time_risk_proxy_v1,calendar_drop_monday_h13_tp06_sl065,0.6105999999998858,-0.4394000000001141,-1.139400000000114,0,0,0,0,0.4394000000001141,23.529999999999973,6.889999999999873,0.18867924528301575,5.990000000000009,0.40066777963273575,3.1700000000000728,3.483500000000004,0.224,-1.0,,,13,3,11.0,2023
2023-11-10 13:00:00+00:00|-1.0|calendar_drop_monday_h13_tp06_sl065,2023-11-10 13:00:00+00:00,STAGE28A,data/reports/stage28a_discovery_factory_batch_runner/stage28a_exact_trades.csv,calendar_time_risk_proxy_v1,calendar_drop_monday_h13_tp06_sl065,-1.44069999999997,-2.4906999999999697,-3.190699999999969,0,0,0,0,2.4906999999999697,21.11999999999989,4.360000000000127,0.300458715596309,6.629999999999882,0.5505279034691035,2.869999999999891,3.377499999999975,0.196,-1.0,,,13,4,11.0,2023
2023-11-10 23:45:00+00:00|1.0|calendar_drop_monday_h13_tp06_sl065,2023-11-10 23:45:00+00:00,STAGE28A,data/reports/stage28a_discovery_factory_batch_runner/stage28a_exact_trades.csv,calendar_time_risk_proxy_v1,calendar_drop_monday_h13_tp06_sl065,-1.3315000000000965,-2.3815000000000963,-3.081500000000096,0,0,0,0,2.3815000000000963,21.11999999999989,4.360000000000127,0.300458715596309,6.629999999999882,0.5505279034691035,2.0399999999999636,3.773000000000013,0.452,1.0,,,13,4,11.0,2023
2023-11-14 13:00:00+00:00|1.0|calendar_drop_monday_h13_tp06_sl065,2023-11-14 13:00:00+00:00,STAGE28A,data/reports/stage28a_discovery_factory_batch_runner/stage28a_exact_trades.csv,calendar_time_risk_proxy_v1,calendar_drop_monday_h13_tp06_sl065,0.3774999999999636,-0.6725000000000363,-1.372500000000036,0,0,0,0,0.6725000000000363,31.539999999999964,4.509999999999991,0.38802660753880347,4.4500000000000455,0.4898876404493964,1.900000000000091,2.572500000000025,0.008,1.0,,,13,1,11.0,2023
2023-11-15 13:00:00+00:00|1.0|calendar_drop_monday_h13_tp06_sl065,2023-11-15 13:00:00+00:00,STAGE28A,data/reports/stage28a_discovery_factory_batch_runner/stage28a_exact_trades.csv,calendar_time_risk_proxy_v1,calendar_drop_monday_h13_tp06_sl065,0.6613000000001193,-0.3886999999998806,-1.0886999999998803,0,0,0,0,0.3886999999998806,33.81000000000017,6.400000000000091,0.7859374999999845,8.25,0.6848484848484683,2.8299999999999272,2.5545000000000186,0.016,1.0,,,13,2,11.0,2023
2023-11-16 13:00:00+00:00|1.0|calendar_drop_monday_h13_tp06_sl065,2023-11-16 13:00:00+00:00,STAGE28A,data/reports/stage28a_discovery_factory_batch_runner/stage28a_exact_trades.csv,calendar_time_risk_proxy_v1,calendar_drop_monday_h13_tp06_sl065,-1.258050000000003,-2.308050000000003,-3.0080500000000026,0,0,0,0,2.308050000000003,19.699999999999818,6.079999999999927,0.35526315789475454,6.4500000000000455,0.3968992248061903,2.0599999999999454,2.8094999999999914,0.084,1.0,,,13,3,11.0,2023
2023-11-17 13:00:00+00:00|1.0|calendar_drop_monday_h13_tp06_sl065,2023-11-17 13:00:00+00:00,STAGE28A,data/reports/stage28a_discovery_factory_batch_runner/stage28a_exact_trades.csv,calendar_time_risk_proxy_v1,calendar_drop_monday_h13_tp06_sl065,0.7801000000000841,-0.2698999999999159,-0.9698999999999156,0,0,0,0,0.2698999999999159,31.529999999999973,6.4099999999998545,0.5351014040561843,10.810000000000173,0.5383903792784314,2.800000000000182,3.22349999999999,0.224,1.0,,,13,4,11.0,2023
2023-11-17 23:45:00+00:00|1.0|calendar_drop_monday_h13_tp06_sl065,2023-11-17 23:45:00+00:00,STAGE28A,data/reports/stage28a_discovery_factory_batch_runner/stage28a_exact_trades.csv,calendar_time_risk_proxy_v1,calendar_drop_monday_h13_tp06_sl065,-0.35,-1.4,-2.1,0,0,0,0,1.4,31.529999999999973,6.4099999999998545,0.5351014040561843,10.810000000000173,0.5383903792784314,2.0299999999999727,3.6260000000000105,0.38,1.0,,,13,4,11.0,2023
2023-11-21 13:00:00+00:00|-1.0|calendar_drop_monday_h13_tp06_sl065,2023-11-21 13:00:00+00:00,STAGE28A,data/reports/stage28a_discovery_factory_batch_runner/stage28a_exact_trades.csv,calendar_time_risk_proxy_v1,calendar_drop_monday_h13_tp06_sl065,-1.6386250000001383,-2.688625000000138,-3.388625000000138,0,0,0,0,2.688625000000138,19.700000000000045,17.019999999999982,0.6404230317273722,10.009999999999991,0.3466533466533497,4.650000000000091,4.1404999999999745,0.8,-1.0,,,13,1,11.0,2023
2023-11-22 13:00:00+00:00|1.0|calendar_drop_monday_h13_tp06_sl065,2023-11-22 13:00:00+00:00,STAGE28A,data/reports/stage28a_discovery_factory_batch_runner/stage28a_exact_trades.csv,calendar_time_risk_proxy_v1,calendar_drop_monday_h13_tp06_sl065,-1.6564999999999146,-2.7064999999999144,-3.406499999999914,0,0,0,0,2.7064999999999144,30.34999999999991,4.8599999999999,0.0041152263374449015,9.639999999999873,0.19502074688795712,3.3199999999999363,3.366500000000008,0.196,1.0,,,13,2,11.0,2023
2023-11-23 13:00:00+00:00|-1.0|calendar_drop_monday_h13_tp06_sl065,2023-11-23 13:00:00+00:00,STAGE28A,data/reports/stage28a_discovery_factory_batch_runner/stage28a_exact_trades.csv,calendar_time_risk_proxy_v1,calendar_drop_monday_h13_tp06_sl065,-1.4104749999999968,-2.4604749999999966,-3.1604749999999964,0,0,0,0,2.4604749999999966,19.419999999999845,9.160000000000082,0.5262008733624586,6.319999999999936,0.2547468354430607,2.6499999999998636,3.5185000000000057,0.22,-1.0,,,13,3,11.0,2023
2023-11-24 13:00:00+00:00|1.0|calendar_drop_monday_h13_tp06_sl065,2023-11-24 13:00:00+00:00,STAGE28A,data/reports/stage28a_discovery_factory_batch_runner/stage28a_exact_trades.csv,calendar_time_risk_proxy_v1,calendar_drop_monday_h13_tp06_sl065,0.414699999999948,-0.6353000000000519,-1.3353000000000517,0,0,0,0,0.6353000000000519,9.38000000000011,3.4400000000000546,0.11627906976740036,4.259999999999991,0.47652582159623874,1.9099999999998545,1.9805000000000177,0.02,1.0,,,13,4,11.0,2023
2023-11-24 23:00:00+00:00|1.0|calendar_drop_monday_h13_tp06_sl065,2023-11-24 23:00:00+00:00,STAGE28A,data/reports/stage28a_discovery_factory_batch_runner/stage28a_exact_trades.csv,calendar_time_risk_proxy_v1,calendar_drop_monday_h13_tp06_sl065,-0.35,-1.4,-2.1,0,0,0,0,1.4,9.38000000000011,3.4400000000000546,0.11627906976740036,4.259999999999991,0.47652582159623874,0.0,2.6599999999999797,0.14,1.0,,,13,4,11.0,2023
2023-11-28 13:00:00+00:00|1.0|calendar_drop_monday_h13_tp06_sl065,2023-11-28 13:00:00+00:00,STAGE28A,data/reports/stage28a_discovery_factory_batch_runner/stage28a_exact_trades.csv,calendar_time_risk_proxy_v1,calendar_drop_monday_h13_tp06_sl065,-1.289249999999902,-2.3392499999999017,-3.0392499999999014,0,0,0,0,2.3392499999999017,17.639999999999873,4.9500000000000455,0.02626262626264807,4.529999999999973,0.09713024282556951,2.75,3.025499999999988,0.232,1.0,,,13,1,11.0,2023
2023-11-29 13:00:00+00:00|-1.0|calendar_drop_monday_h13_tp06_sl065,2023-11-29 13:00:00+00:00,STAGE28A,data/reports/stage28a_discovery_factory_batch_runner/stage28a_exact_trades.csv,calendar_time_risk_proxy_v1,calendar_drop_monday_h13_tp06_sl065,0.8230000000000018,-0.2269999999999981,-0.9269999999999978,0,0,0,0,0.2269999999999981,32.87999999999988,11.659999999999854,0.15694682675814323,13.519999999999754,0.6531065088757462,2.509999999999991,4.550499999999954,0.936,-1.0,,,13,2,11.0,2023
2023-11-30 13:00:00+00:00|-1.0|calendar_drop_monday_h13_tp06_sl065,2023-11-30 13:00:00+00:00,STAGE28A,data/reports/stage28a_discovery_factory_batch_runner/stage28a_exact_trades.csv,calendar_time_risk_proxy_v1,calendar_drop_monday_h13_tp06_sl065,-1.6506499999999051,-2.700649999999905,-3.4006499999999047,0,0,0,0,2.700649999999905,16.749999999999773,4.540000000000191,0.0,10.160000000000082,0.6102362204724405,3.759999999999991,3.731000000000063,0.448,-1.0,,,13,3,11.0,2023
2023-12-01 13:00:00+00:00|1.0|calendar_drop_monday_h13_tp06_sl065,2023-12-01 13:00:00+00:00,STAGE28A,data/reports/stage28a_discovery_factory_batch_runner/stage28a_exact_trades.csv,calendar_time_risk_proxy_v1,calendar_drop_monday_h13_tp06_sl065,0.8031999999999698,-0.2468000000000301,-0.9468000000000298,0,0,0,0,0.2468000000000301,16.060000000000173,6.800000000000182,0.0073529411764971415,10.539999999999964,0.34345351043642347,3.9200000000000728,3.4109999999999787,0.268,1.0,,,13,4,12.0,2023
2023-12-01 23:45:00+00:00|1.0|calendar_drop_monday_h13_tp06_sl065,2023-12-01 23:45:00+00:00,STAGE28A,data/reports/stage28a_discovery_factory_batch_runner/stage28a_exact_trades.csv,calendar_time_risk_proxy_v1,calendar_drop_monday_h13_tp06_sl065,-0.35,-1.4,-2.1,0,0,0,0,1.4,16.060000000000173,6.800000000000182,0.0073529411764971415,10.539999999999964,0.34345351043642347,4.5300000000002,5.846000000000015,1.0,1.0,,,13,4,12.0,2023
2023-12-05 13:00:00+00:00|-1.0|calendar_drop_monday_h13_tp06_sl065,2023-12-05 13:00:00+00:00,STAGE28A,data/reports/stage28a_discovery_factory_batch_runner/stage28a_exact_trades.csv,calendar_time_risk_proxy_v1,calendar_drop_monday_h13_tp06_sl065,1.3413999999999304,0.2913999999999306,-0.4086000000000691,1,0,1,0,0.2913999999999306,129.52999999999975,12.779999999999973,0.13145539906103812,16.480000000000018,0.41868932038835455,6.600000000000136,6.945000000000005,0.852,-1.0,,,13,1,12.0,2023
2023-12-06 13:00:00+00:00|-1.0|calendar_drop_monday_h13_tp06_sl065,2023-12-06 13:00:00+00:00,STAGE28A,data/reports/stage28a_discovery_factory_batch_runner/stage28a_exact_trades.csv,calendar_time_risk_proxy_v1,calendar_drop_monday_h13_tp06_sl065,-2.10240000000008,-3.15240000000008,-3.8524000000000793,0,0,0,1,3.15240000000008,31.279999999999973,6.980000000000018,0.43696275071632473,15.710000000000036,0.05919796308084414,2.7799999999999727,5.052499999999986,0.736,-1.0,,,13,2,12.0,2023
2023-12-07 13:00:00+00:00|1.0|calendar_drop_monday_h13_tp06_sl065,2023-12-07 13:00:00+00:00,STAGE28A,data/reports/stage28a_discovery_factory_batch_runner/stage28a_exact_trades.csv,calendar_time_risk_proxy_v1,calendar_drop_monday_h13_tp06_sl065,0.8748999999999342,-0.1751000000000657,-0.8751000000000655,0,0,0,0,0.1751000000000657,18.700000000000045,4.740000000000009,0.21940928270041385,9.889999999999873,0.765419615773512,2.589999999999918,3.713999999999987,0.312,1.0,,,13,3,12.0,2023
2023-12-08 13:00:00+00:00|-1.0|calendar_drop_monday_h13_tp06_sl065,2023-12-08 13:00:00+00:00,STAGE28A,data/reports/stage28a_discovery_factory_batch_runner/stage28a_exact_trades.csv,calendar_time_risk_proxy_v1,calendar_drop_monday_h13_tp06_sl065,-1.6821750000000066,-2.7321750000000065,-3.432175000000006,0,0,0,0,2.7321750000000065,19.700000000000045,7.100000000000136,0.48309859154929546,5.870000000000118,0.2913117546848385,5.259999999999991,3.792499999999984,0.288,-1.0,,,13,4,12.0,2023
2023-12-08 23:45:00+00:00|1.0|calendar_drop_monday_h13_tp06_sl065,2023-12-08 23:45:00+00:00,STAGE28A,data/reports/stage28a_discovery_factory_batch_runner/stage28a_exact_trades.csv,calendar_time_risk_proxy_v1,calendar_drop_monday_h13_tp06_sl065,-0.35,-1.4,-2.1,0,0,0,0,1.4,19.700000000000045,7.100000000000136,0.48309859154929546,5.870000000000118,0.2913117546848385,3.4700000000000273,5.1230000000000135,0.684,1.0,,,13,4,12.0,2023
2023-12-12 13:00:00+00:00|1.0|calendar_drop_monday_h13_tp06_sl065,2023-12-12 13:00:00+00:00,STAGE28A,data/reports/stage28a_discovery_factory_batch_runner/stage28a_exact_trades.csv,calendar_time_risk_proxy_v1,calendar_drop_monday_h13_tp06_sl065,-1.4267249999998968,-2.4767249999998966,-3.1767249999998963,0,0,0,0,2.4767249999998966,31.789999999999964,7.870000000000118,0.3354510800508047,6.4500000000000455,0.0945736434108718,3.0799999999999272,3.8839999999999693,0.156,1.0,,,13,1,12.0,2023
2023-12-13 13:00:00+00:00|1.0|calendar_drop_monday_h13_tp06_sl065,2023-12-13 13:00:00+00:00,STAGE28A,data/reports/stage28a_discovery_factory_batch_runner/stage28a_exact_trades.csv,calendar_time_risk_proxy_v1,calendar_drop_monday_h13_tp06_sl065,0.7876000000000204,-0.2623999999999795,-0.9623999999999792,0,0,0,0,0.2623999999999795,19.50999999999999,5.1099999999999,0.8297455968689026,10.309999999999945,0.48205625606208086,2.1099999999999,3.0304999999999724,0.004,1.0,,,13,2,12.0,2023
2023-12-14 13:00:00+00:00|1.0|calendar_drop_monday_h13_tp06_sl065,2023-12-14 13:00:00+00:00,STAGE28A,data/reports/stage28a_discovery_factory_batch_runner/stage28a_exact_trades.csv,calendar_time_risk_proxy_v1,calendar_drop_monday_h13_tp06_sl065,1.3350999999999202,0.2850999999999204,-0.4149000000000793,1,0,1,0,0.2850999999999204,60.16000000000008,14.930000000000064,0.10783657066308729,11.049999999999955,0.25610859728506236,4.3900000000001,7.2600000000000025,0.844,1.0,,,13,3,12.0,2023
2023-12-15 13:00:00+00:00|1.0|calendar_drop_monday_h13_tp06_sl065,2023-12-15 13:00:00+00:00,STAGE28A,data/reports/stage28a_discovery_factory_batch_runner/stage28a_exact_trades.csv,calendar_time_risk_proxy_v1,calendar_drop_monday_h13_tp06_sl065,0.888399999999956,-0.1616000000000439,-0.8616000000000437,0,0,0,0,0.1616000000000439,23.610000000000127,7.410000000000082,0.14170040485832258,10.200000000000045,0.5862745098039207,3.240000000000009,3.943000000000029,0.192,1.0,,,13,4,12.0,2023
2023-12-15 23:45:00+00:00|1.0|calendar_drop_monday_h13_tp06_sl065,2023-12-15 23:45:00+00:00,STAGE28A,data/reports/stage28a_discovery_factory_batch_runner/stage28a_exact_trades.csv,calendar_time_risk_proxy_v1,calendar_drop_monday_h13_tp06_sl065,-0.35,-1.4,-2.1,0,0,0,0,1.4,23.610000000000127,7.410000000000082,0.14170040485832258,10.200000000000045,0.5862745098039207,4.230000000000018,4.7580000000000044,0.408,1.0,,,13,4,12.0,2023
2023-12-19 13:00:00+00:00|1.0|calendar_drop_monday_h13_tp06_sl065,2023-12-19 13:00:00+00:00,STAGE28A,data/reports/stage28a_discovery_factory_batch_runner/stage28a_exact_trades.csv,calendar_time_risk_proxy_v1,calendar_drop_monday_h13_tp06_sl065,-1.3480749999999715,-2.3980749999999715,-3.0980749999999717,0,0,0,0,2.3980749999999715,17.769999999999982,7.649999999999864,0.4575163398692892,6.039999999999964,0.2533112582781427,2.6400000000001,3.570000000000016,0.064,1.0,,,13,1,12.0,2023
2023-12-20 13:00:00+00:00|-1.0|calendar_drop_monday_h13_tp06_sl065,2023-12-20 13:00:00+00:00,STAGE28A,data/reports/stage28a_discovery_factory_batch_runner/stage28a_exact_trades.csv,calendar_time_risk_proxy_v1,calendar_drop_monday_h13_tp06_sl065,0.6064000000000306,-0.4435999999999693,-1.143599999999969,0,0,0,0,0.4435999999999693,25.289999999999964,4.960000000000036,0.09072580645162141,7.820000000000164,0.5843989769820768,4.740000000000009,2.918500000000017,0.012,-1.0,,,13,2,12.0,2023
2023-12-21 13:00:00+00:00|-1.0|calendar_drop_monday_h13_tp06_sl065,2023-12-21 13:00:00+00:00,STAGE28A,data/reports/stage28a_discovery_factory_batch_runner/stage28a_exact_trades.csv,calendar_time_risk_proxy_v1,calendar_drop_monday_h13_tp06_sl065,0.471999999999889,-0.5780000000001109,-1.2780000000001106,0,0,0,0,0.5780000000001109,15.990000000000009,6.440000000000055,0.6413043478260632,5.120000000000118,0.4316406249999971,3.0599999999999454,3.243499999999983,0.064,-1.0,,,13,3,12.0,2023
2023-12-22 13:00:00+00:00|1.0|calendar_drop_monday_h13_tp06_sl065,2023-12-22 13:00:00+00:00,STAGE28A,data/reports/stage28a_discovery_factory_batch_runner/stage28a_exact_trades.csv,calendar_time_risk_proxy_v1,calendar_drop_monday_h13_tp06_sl065,-1.2843749999998182,-2.334374999999818,-3.0343749999998177,0,0,0,0,2.334374999999818,21.38000000000011,8.6099999999999,0.3716608594657207,10.230000000000018,0.6021505376344377,3.7600000000002183,4.050499999999966,0.436,1.0,,,13,4,12.0,2023
2023-12-22 23:45:00+00:00|1.0|calendar_drop_monday_h13_tp06_sl065,2023-12-22 23:45:00+00:00,STAGE28A,data/reports/stage28a_discovery_factory_batch_runner/stage28a_exact_trades.csv,calendar_time_risk_proxy_v1,calendar_drop_monday_h13_tp06_sl065,-0.35,-1.4,-2.1,0,0,0,0,1.4,21.38000000000011,8.6099999999999,0.3716608594657207,10.230000000000018,0.6021505376344377,1.9200000000000728,4.967500000000041,0.736,1.0,,,13,4,12.0,2023
2023-12-26 13:00:00+00:00|-1.0|calendar_drop_monday_h13_tp06_sl065,2023-12-26 13:00:00+00:00,STAGE28A,data/reports/stage28a_discovery_factory_batch_runner/stage28a_exact_trades.csv,calendar_time_risk_proxy_v1,calendar_drop_monday_h13_tp06_sl065,-1.1079000000000634,-2.157900000000063,-2.857900000000063,0,0,0,0,2.157900000000063,4.400000000000091,11.75,0.775319148936181,4.380000000000109,0.0410958904109205,2.0,3.4450000000000047,0.124,-1.0,,,13,1,12.0,2023
2023-12-27 13:00:00+00:00|1.0|calendar_drop_monday_h13_tp06_sl065,2023-12-27 13:00:00+00:00,STAGE28A,data/reports/stage28a_discovery_factory_batch_runner/stage28a_exact_trades.csv,calendar_time_risk_proxy_v1,calendar_drop_monday_h13_tp06_sl065,-1.3464500000000954,-2.3964500000000952,-3.096450000000095,0,0,0,0,2.3964500000000952,15.650000000000091,4.559999999999945,0.07894736842108149,7.7199999999998,0.1411917098445821,7.1599999999998545,3.0519999999999983,0.064,1.0,,,13,2,12.0,2023
2023-12-28 13:00:00+00:00|-1.0|calendar_drop_monday_h13_tp06_sl065,2023-12-28 13:00:00+00:00,STAGE28A,data/reports/stage28a_discovery_factory_batch_runner/stage28a_exact_trades.csv,calendar_time_risk_proxy_v1,calendar_drop_monday_h13_tp06_sl065,1.1523999999998522,0.1023999999998523,-0.5976000000001473,1,0,0,0,0.1023999999998523,22.899999999999636,11.019999999999982,0.6379310344827779,14.870000000000346,0.6348352387356984,4.559999999999945,4.307500000000028,0.632,-1.0,,,13,3,12.0,2023
2023-12-29 13:00:00+00:00|-1.0|calendar_drop_monday_h13_tp06_sl065,2023-12-29 13:00:00+00:00,STAGE28A,data/reports/stage28a_discovery_factory_batch_runner/stage28a_exact_trades.csv,calendar_time_risk_proxy_v1,calendar_drop_monday_h13_tp06_sl065,-1.4962750000000598,-2.54627500000006,-3.2462750000000598,0,0,0,0,2.54627500000006,23.909999999999854,5.570000000000164,0.5727109515259436,12.900000000000091,0.4031007751937815,3.9400000000000546,3.3699999999999593,0.168,-1.0,,,13,4,12.0,2023
2023-12-29 23:45:00+00:00|1.0|calendar_drop_monday_h13_tp06_sl065,2023-12-29 23:45:00+00:00,STAGE28A,data/reports/stage28a_discovery_factory_batch_runner/stage28a_exact_trades.csv,calendar_time_risk_proxy_v1,calendar_drop_monday_h13_tp06_sl065,-0.35,-1.4,-2.1,0,0,0,0,1.4,23.909999999999854,5.570000000000164,0.5727109515259436,12.900000000000091,0.4031007751937815,4.75,4.066499999999996,0.544,1.0,,,13,4,12.0,2023
2024-01-02 13:00:00+00:00|1.0|calendar_drop_monday_h13_tp06_sl065,2024-01-02 13:00:00+00:00,STAGE28A,data/reports/stage28a_discovery_factory_batch_runner/stage28a_exact_trades.csv,calendar_time_risk_proxy_v1,calendar_drop_monday_h13_tp06_sl065,0.9115000000000693,-0.1384999999999308,-0.8384999999999305,0,0,0,0,0.1384999999999308,3.199999999999818,8.299999999999727,0.7060240963855807,9.350000000000364,0.6844919786096088,4.279999999999745,3.8254999999999884,0.404,1.0,,,13,1,1.0,2024
2024-01-03 13:00:00+00:00|-1.0|calendar_drop_monday_h13_tp06_sl065,2024-01-03 13:00:00+00:00,STAGE28A,data/reports/stage28a_discovery_factory_batch_runner/stage28a_exact_trades.csv,calendar_time_risk_proxy_v1,calendar_drop_monday_h13_tp06_sl065,-1.8111999999997352,-2.861199999999735,-3.561199999999735,0,0,0,0,2.861199999999735,22.88000000000011,7.050000000000182,0.7333333333333247,13.200000000000273,0.7446969696969488,4.5,4.033500000000004,0.54,-1.0,,,13,2,1.0,2024
2024-01-04 13:00:00+00:00|1.0|calendar_drop_monday_h13_tp06_sl065,2024-01-04 13:00:00+00:00,STAGE28A,data/reports/stage28a_discovery_factory_batch_runner/stage28a_exact_trades.csv,calendar_time_risk_proxy_v1,calendar_drop_monday_h13_tp06_sl065,-1.8261499999999613,-2.8761499999999613,-3.576149999999961,0,0,0,0,2.8761499999999613,35.47000000000003,6.850000000000136,0.0029197080291943666,8.8299999999997,0.578708946772401,4.169999999999845,4.273999999999978,0.652,1.0,,,13,3,1.0,2024
2024-01-05 13:00:00+00:00|-1.0|calendar_drop_monday_h13_tp06_sl065,2024-01-05 13:00:00+00:00,STAGE28A,data/reports/stage28a_discovery_factory_batch_runner/stage28a_exact_trades.csv,calendar_time_risk_proxy_v1,calendar_drop_monday_h13_tp06_sl065,-1.550225000000046,-2.6002250000000457,-3.300225000000045,0,0,0,0,2.6002250000000457,14.779999999999745,5.630000000000109,0.05150976909413108,9.599999999999909,0.47187500000000165,2.949999999999818,3.039499999999998,0.04,-1.0,,,13,4,1.0,2024
2024-01-05 23:45:00+00:00|1.0|calendar_drop_monday_h13_tp06_sl065,2024-01-05 23:45:00+00:00,STAGE28A,data/reports/stage28a_discovery_factory_batch_runner/stage28a_exact_trades.csv,calendar_time_risk_proxy_v1,calendar_drop_monday_h13_tp06_sl065,-0.35,-1.4,-2.1,0,0,0,0,1.4,14.779999999999745,5.630000000000109,0.05150976909413108,9.599999999999909,0.47187500000000165,2.910000000000082,5.8125,1.0,1.0,,,13,4,1.0,2024
2024-01-09 13:00:00+00:00|1.0|calendar_drop_monday_h13_tp06_sl065,2024-01-09 13:00:00+00:00,STAGE28A,data/reports/stage28a_discovery_factory_batch_runner/stage28a_exact_trades.csv,calendar_time_risk_proxy_v1,calendar_drop_monday_h13_tp06_sl065,1.101399999999921,0.0513999999999215,-0.6486000000000782,1,0,0,0,0.0513999999999215,30.019999999999982,7.939999999999827,0.2783375314861281,8.319999999999936,0.3100961538461748,3.7999999999999545,4.097999999999968,0.436,1.0,,,13,1,1.0,2024
2024-01-10 13:00:00+00:00|1.0|calendar_drop_monday_h13_tp06_sl065,2024-01-10 13:00:00+00:00,STAGE28A,data/reports/stage28a_discovery_factory_batch_runner/stage28a_exact_trades.csv,calendar_time_risk_proxy_v1,calendar_drop_monday_h13_tp06_sl065,-1.7162999999999102,-2.76629999999991,-3.46629999999991,0,0,0,0,2.76629999999991,15.940000000000055,5.619999999999891,0.18149466192170846,16.539999999999964,0.30290205562273287,5.759999999999991,3.7665000000000193,0.268,1.0,,,13,2,1.0,2024
2024-01-11 13:00:00+00:00|-1.0|calendar_drop_monday_h13_tp06_sl065,2024-01-11 13:00:00+00:00,STAGE28A,data/reports/stage28a_discovery_factory_batch_runner/stage28a_exact_trades.csv,calendar_time_risk_proxy_v1,calendar_drop_monday_h13_tp06_sl065,0.5694999999999709,-0.480500000000029,-1.1805000000000287,0,0,0,0,0.480500000000029,20.089999999999918,7.5,0.7093333333333248,5.479999999999791,0.03832116788321978,2.230000000000018,2.9879999999999654,0.012,-1.0,,,13,3,1.0,2024
2024-01-12 13:00:00+00:00|1.0|calendar_drop_monday_h13_tp06_sl065,2024-01-12 13:00:00+00:00,STAGE28A,data/reports/stage28a_discovery_factory_batch_runner/stage28a_exact_trades.csv,calendar_time_risk_proxy_v1,calendar_drop_monday_h13_tp06_sl065,0.8788000000000921,-0.1711999999999078,-0.8711999999999076,0,0,0,0,0.1711999999999078,26.470000000000027,6.9500000000000455,0.08345323741006093,12.599999999999909,0.8976190476190498,8.099999999999909,5.077499999999998,0.768,1.0,,,13,4,1.0,2024
2024-01-12 23:45:00+00:00|1.0|calendar_drop_monday_h13_tp06_sl065,2024-01-12 23:45:00+00:00,STAGE28A,data/reports/stage28a_discovery_factory_batch_runner/stage28a_exact_trades.csv,calendar_time_risk_proxy_v1,calendar_drop_monday_h13_tp06_sl065,-0.35,-1.4,-2.1,0,0,0,0,1.4,26.470000000000027,6.9500000000000455,0.08345323741006093,12.599999999999909,0.8976190476190498,1.5800000000001546,5.02950000000003,0.724,1.0,,,13,4,1.0,2024
2024-01-16 13:00:00+00:00|-1.0|calendar_drop_monday_h13_tp06_sl065,2024-01-16 13:00:00+00:00,STAGE28A,data/reports/stage28a_discovery_factory_batch_runner/stage28a_exact_trades.csv,calendar_time_risk_proxy_v1,calendar_drop_monday_h13_tp06_sl065,0.9834999999999582,-0.0665000000000417,-0.7665000000000415,0,0,0,0,0.0665000000000417,12.740000000000009,7.170000000000073,0.656903765690375,12.409999999999854,0.6970185334407891,3.1700000000000728,2.9890000000000554,0.068,-1.0,,,13,1,1.0,2024
2024-01-17 13:00:00+00:00|-1.0|calendar_drop_monday_h13_tp06_sl065,2024-01-17 13:00:00+00:00,STAGE28A,data/reports/stage28a_discovery_factory_batch_runner/stage28a_exact_trades.csv,calendar_time_risk_proxy_v1,calendar_drop_monday_h13_tp06_sl065,-1.8586499999999888,-2.9086499999999886,-3.608649999999989,0,0,0,0,2.9086499999999886,31.430000000000064,9.559999999999945,0.28765690376569203,10.870000000000118,0.06439742410301845,5.580000000000155,4.8125,0.62,-1.0,,,13,2,1.0,2024
2024-01-18 13:00:00+00:00|1.0|calendar_drop_monday_h13_tp06_sl065,2024-01-18 13:00:00+00:00,STAGE28A,data/reports/stage28a_discovery_factory_batch_runner/stage28a_exact_trades.csv,calendar_time_risk_proxy_v1,calendar_drop_monday_h13_tp06_sl065,0.775,-0.2749999999999999,-0.9749999999999996,0,0,0,0,0.2749999999999999,31.1400000000001,5.559999999999945,0.28057553956833825,8.209999999999809,0.4214372716199622,2.990000000000009,3.6185000000000174,0.228,1.0,,,13,3,1.0,2024
2024-01-19 13:00:00+00:00|1.0|calendar_drop_monday_h13_tp06_sl065,2024-01-19 13:00:00+00:00,STAGE28A,data/reports/stage28a_discovery_factory_batch_runner/stage28a_exact_trades.csv,calendar_time_risk_proxy_v1,calendar_drop_monday_h13_tp06_sl065,0.6445000000000164,-0.4054999999999835,-1.1054999999999833,0,0,0,0,0.4054999999999835,18.389999999999873,4.880000000000109,0.594262295081926,10.550000000000182,0.8890995260663241,2.019999999999982,3.05300000000002,0.092,1.0,,,13,4,1.0,2024
2024-01-19 23:45:00+00:00|1.0|calendar_drop_monday_h13_tp06_sl065,2024-01-19 23:45:00+00:00,STAGE28A,data/reports/stage28a_discovery_factory_batch_runner/stage28a_exact_trades.csv,calendar_time_risk_proxy_v1,calendar_drop_monday_h13_tp06_sl065,-0.35,-1.4,-2.1,0,0,0,0,1.4,18.389999999999873,4.880000000000109,0.594262295081926,10.550000000000182,0.8890995260663241,1.759999999999991,3.975,0.38,1.0,,,13,4,1.0,2024
2024-01-23 13:00:00+00:00|1.0|calendar_drop_monday_h13_tp06_sl065,2024-01-23 13:00:00+00:00,STAGE28A,data/reports/stage28a_discovery_factory_batch_runner/stage28a_exact_trades.csv,calendar_time_risk_proxy_v1,calendar_drop_monday_h13_tp06_sl065,-2.007175000000052,-3.057175000000052,-3.757175000000052,0,0,0,0,3.057175000000052,15.519999999999982,8.38000000000011,0.8210023866348201,13.160000000000082,0.19452887537995114,3.990000000000009,3.646499999999969,0.288,1.0,,,13,1,1.0,2024
2024-01-24 13:00:00+00:00|1.0|calendar_drop_monday_h13_tp06_sl065,2024-01-24 13:00:00+00:00,STAGE28A,data/reports/stage28a_discovery_factory_batch_runner/stage28a_exact_trades.csv,calendar_time_risk_proxy_v1,calendar_drop_monday_h13_tp06_sl065,1.0125999999999291,-0.0374000000000704,-0.7374000000000702,0,0,0,0,0.0374000000000704,18.340000000000146,5.8599999999999,0.8447098976109437,11.279999999999973,0.7402482269503483,3.6800000000000637,3.2684999999999946,0.14,1.0,,,13,2,1.0,2024
2024-01-25 13:00:00+00:00|1.0|calendar_drop_monday_h13_tp06_sl065,2024-01-25 13:00:00+00:00,STAGE28A,data/reports/stage28a_discovery_factory_batch_runner/stage28a_exact_trades.csv,calendar_time_risk_proxy_v1,calendar_drop_monday_h13_tp06_sl065,0.673300000000063,-0.376699999999937,-1.0766999999999367,0,0,0,0,0.376699999999937,25.52000000000021,3.400000000000091,0.18823529411767145,7.019999999999982,0.5270655270655349,2.3099999999999454,3.466000000000008,0.248,1.0,,,13,3,1.0,2024
2024-01-26 13:00:00+00:00|-1.0|calendar_drop_monday_h13_tp06_sl065,2024-01-26 13:00:00+00:00,STAGE28A,data/reports/stage28a_discovery_factory_batch_runner/stage28a_exact_trades.csv,calendar_time_risk_proxy_v1,calendar_drop_monday_h13_tp06_sl065,-1.3607499999999164,-2.410749999999916,-3.110749999999916,0,0,0,0,2.410749999999916,15.400000000000091,4.779999999999973,0.10460251046025164,5.669999999999845,0.41975308641978376,3.0599999999999454,3.3049999999999615,0.156,-1.0,,,13,4,1.0,2024
2024-01-26 23:45:00+00:00|1.0|calendar_drop_monday_h13_tp06_sl065,2024-01-26 23:45:00+00:00,STAGE28A,data/reports/stage28a_discovery_factory_batch_runner/stage28a_exact_trades.csv,calendar_time_risk_proxy_v1,calendar_drop_monday_h13_tp06_sl065,-0.35,-1.4,-2.1,0,0,0,0,1.4,15.400000000000091,4.779999999999973,0.10460251046025164,5.669999999999845,0.41975308641978376,2.8199999999999363,3.141000000000031,0.136,1.0,,,13,4,1.0,2024
2024-01-30 13:00:00+00:00|1.0|calendar_drop_monday_h13_tp06_sl065,2024-01-30 13:00:00+00:00,STAGE28A,data/reports/stage28a_discovery_factory_batch_runner/stage28a_exact_trades.csv,calendar_time_risk_proxy_v1,calendar_drop_monday_h13_tp06_sl065,0.6210999999999786,-0.4289000000000214,-1.128900000000021,0,0,0,0,0.4289000000000214,18.460000000000036,4.819999999999936,0.13278008298757438,8.829999999999927,0.43488108720271235,2.3299999999999272,3.5630000000000335,0.28,1.0,,,13,1,1.0,2024
2024-01-31 13:00:00+00:00|1.0|calendar_drop_monday_h13_tp06_sl065,2024-01-31 13:00:00+00:00,STAGE28A,data/reports/stage28a_discovery_factory_batch_runner/stage28a_exact_trades.csv,calendar_time_risk_proxy_v1,calendar_drop_monday_h13_tp06_sl065,-1.3132999999998902,-2.36329999999989,-3.0632999999998898,0,0,0,0,2.36329999999989,19.54000000000019,5.800000000000182,0.32931034482759,7.150000000000091,0.3356643356643441,2.0,3.3815000000000395,0.164,1.0,,,13,2,1.0,2024
2024-02-01 13:00:00+00:00|-1.0|calendar_drop_monday_h13_tp06_sl065,2024-02-01 13:00:00+00:00,STAGE28A,data/reports/stage28a_discovery_factory_batch_runner/stage28a_exact_trades.csv,calendar_time_risk_proxy_v1,calendar_drop_monday_h13_tp06_sl065,0.9820000000001072,-0.0679999999998925,-0.7679999999998923,0,0,0,0,0.0679999999998925,25.1400000000001,10.269999999999754,0.559883154819877,15.329999999999927,0.8962818003913943,10.25,4.909499999999957,0.948,-1.0,,,13,3,2.0,2024
2024-02-02 13:00:00+00:00|-1.0|calendar_drop_monday_h13_tp06_sl065,2024-02-02 13:00:00+00:00,STAGE28A,data/reports/stage28a_discovery_factory_batch_runner/stage28a_exact_trades.csv,calendar_time_risk_proxy_v1,calendar_drop_monday_h13_tp06_sl065,-1.379924999999821,-2.429924999999821,-3.1299249999998207,0,0,0,0,2.429924999999821,35.590000000000146,4.920000000000073,0.052845528455235706,4.200000000000273,0.10000000000001083,2.730000000000018,4.127499999999975,0.58,-1.0,,,13,4,2.0,2024
2024-02-02 23:45:00+00:00|1.0|calendar_drop_monday_h13_tp06_sl065,2024-02-02 23:45:00+00:00,STAGE28A,data/reports/stage28a_discovery_factory_batch_runner/stage28a_exact_trades.csv,calendar_time_risk_proxy_v1,calendar_drop_monday_h13_tp06_sl065,-1.4303000000000794,-2.480300000000079,-3.180300000000079,0,0,0,0,2.480300000000079,35.590000000000146,4.920000000000073,0.052845528455235706,4.200000000000273,0.10000000000001083,2.3500000000001364,4.453499999999963,0.748,1.0,,,13,4,2.0,2024
2024-02-06 13:00:00+00:00|-1.0|calendar_drop_monday_h13_tp06_sl065,2024-02-06 13:00:00+00:00,STAGE28A,data/reports/stage28a_discovery_factory_batch_runner/stage28a_exact_trades.csv,calendar_time_risk_proxy_v1,calendar_drop_monday_h13_tp06_sl065,0.6145000000000437,-0.4354999999999562,-1.135499999999956,0,0,0,0,0.4354999999999562,27.329999999999927,5.100000000000136,0.24705882352940337,6.990000000000009,0.34477825464947803,2.8899999999998727,2.9900000000000317,0.02,-1.0,,,13,1,2.0,2024
2024-02-07 13:00:00+00:00|-1.0|calendar_drop_monday_h13_tp06_sl065,2024-02-07 13:00:00+00:00,STAGE28A,data/reports/stage28a_discovery_factory_batch_runner/stage28a_exact_trades.csv,calendar_time_risk_proxy_v1,calendar_drop_monday_h13_tp06_sl065,0.3382000000000517,-0.7117999999999483,-1.411799999999948,0,0,0,0,0.7117999999999483,16.189999999999827,2.230000000000018,0.004484304932731311,4.889999999999873,0.40286298568508766,1.699999999999818,2.6769999999999756,0.016,-1.0,,,13,2,2.0,2024
2024-02-08 13:00:00+00:00|1.0|calendar_drop_monday_h13_tp06_sl065,2024-02-08 13:00:00+00:00,STAGE28A,data/reports/stage28a_discovery_factory_batch_runner/stage28a_exact_trades.csv,calendar_time_risk_proxy_v1,calendar_drop_monday_h13_tp06_sl065,0.7617999999999029,-0.288200000000097,-0.9882000000000968,0,0,0,0,0.288200000000097,13.970000000000027,7.0,0.6028571428571468,9.599999999999909,0.41041666666665255,3.75,3.0735000000000015,0.1,1.0,,,13,3,2.0,2024
2024-02-09 13:00:00+00:00|-1.0|calendar_drop_monday_h13_tp06_sl065,2024-02-09 13:00:00+00:00,STAGE28A,data/reports/stage28a_discovery_factory_batch_runner/stage28a_exact_trades.csv,calendar_time_risk_proxy_v1,calendar_drop_monday_h13_tp06_sl065,0.4209999999999582,-0.6290000000000417,-1.3290000000000417,0,0,0,0,0.6290000000000417,18.6400000000001,3.1599999999998545,0.49367088607595483,4.460000000000036,0.022421524663656555,2.1599999999998545,2.4484999999999673,0.02,-1.0,,,13,4,2.0,2024
2024-02-09 23:45:00+00:00|1.0|calendar_drop_monday_h13_tp06_sl065,2024-02-09 23:45:00+00:00,STAGE28A,data/reports/stage28a_discovery_factory_batch_runner/stage28a_exact_trades.csv,calendar_time_risk_proxy_v1,calendar_drop_monday_h13_tp06_sl065,-0.35,-1.4,-2.1,0,0,0,0,1.4,18.6400000000001,3.1599999999998545,0.49367088607595483,4.460000000000036,0.022421524663656555,2.3199999999999363,3.3504999999999883,0.284,1.0,,,13,4,2.0,2024
2024-02-13 13:00:00+00:00|1.0|calendar_drop_monday_h13_tp06_sl065,2024-02-13 13:00:00+00:00,STAGE28A,data/reports/stage28a_discovery_factory_batch_runner/stage28a_exact_trades.csv,calendar_time_risk_proxy_v1,calendar_drop_monday_h13_tp06_sl065,-1.0643499999999677,-2.1143499999999675,-2.8143499999999677,0,0,0,0,2.1143499999999675,15.639999999999873,4.4099999999998545,0.04081632653062803,9.190000000000055,0.8476605005440606,1.9500000000000455,2.382499999999993,0.028,1.0,,,13,1,2.0,2024
2024-02-14 13:00:00+00:00|-1.0|calendar_drop_monday_h13_tp06_sl065,2024-02-14 13:00:00+00:00,STAGE28A,data/reports/stage28a_discovery_factory_batch_runner/stage28a_exact_trades.csv,calendar_time_risk_proxy_v1,calendar_drop_monday_h13_tp06_sl065,0.6684999999999036,-0.3815000000000963,-1.081500000000096,0,0,0,0,0.3815000000000963,39.86999999999989,4.75,0.19578947368422392,7.1400000000001,0.06162464985991891,3.240000000000009,2.9044999999999845,0.124,-1.0,,,13,2,2.0,2024
2024-02-15 13:00:00+00:00|1.0|calendar_drop_monday_h13_tp06_sl065,2024-02-15 13:00:00+00:00,STAGE28A,data/reports/stage28a_discovery_factory_batch_runner/stage28a_exact_trades.csv,calendar_time_risk_proxy_v1,calendar_drop_monday_h13_tp06_sl065,0.390099999999984,-0.6599000000000159,-1.3599000000000157,0,0,0,0,0.6599000000000159,11.839999999999918,4.119999999999891,0.41262135922332294,6.5,0.6123076923076951,2.1800000000000637,2.6799999999999726,0.084,1.0,,,13,3,2.0,2024
2024-02-16 13:00:00+00:00|1.0|calendar_drop_monday_h13_tp06_sl065,2024-02-16 13:00:00+00:00,STAGE28A,data/reports/stage28a_discovery_factory_batch_runner/stage28a_exact_trades.csv,calendar_time_risk_proxy_v1,calendar_drop_monday_h13_tp06_sl065,-1.0942499999999655,-2.1442499999999654,-2.844249999999965,0,0,0,0,2.1442499999999654,18.230000000000018,3.2799999999999727,0.06097560975611193,4.819999999999936,0.7406639004149344,2.8099999999999454,2.381500000000017,0.04,1.0,,,13,4,2.0,2024
2024-02-16 23:45:00+00:00|1.0|calendar_drop_monday_h13_tp06_sl065,2024-02-16 23:45:00+00:00,STAGE28A,data/reports/stage28a_discovery_factory_batch_runner/stage28a_exact_trades.csv,calendar_time_risk_proxy_v1,calendar_drop_monday_h13_tp06_sl065,-0.35,-1.4,-2.1,0,0,0,0,1.4,18.230000000000018,3.2799999999999727,0.06097560975611193,4.819999999999936,0.7406639004149344,1.8399999999999181,3.817499999999984,0.712,1.0,,,13,4,2.0,2024
2024-02-20 13:00:00+00:00|1.0|calendar_drop_monday_h13_tp06_sl065,2024-02-20 13:00:00+00:00,STAGE28A,data/reports/stage28a_discovery_factory_batch_runner/stage28a_exact_trades.csv,calendar_time_risk_proxy_v1,calendar_drop_monday_h13_tp06_sl065,0.5467000000000098,-0.5032999999999901,-1.2032999999999898,0,0,0,0,0.5032999999999901,10.980000000000018,4.650000000000091,0.7053763440860508,9.879999999999882,0.6730769230769174,4.079999999999927,2.237500000000023,0.072,1.0,,,13,1,2.0,2024
2024-02-21 13:00:00+00:00|-1.0|calendar_drop_monday_h13_tp06_sl065,2024-02-21 13:00:00+00:00,STAGE28A,data/reports/stage28a_discovery_factory_batch_runner/stage28a_exact_trades.csv,calendar_time_risk_proxy_v1,calendar_drop_monday_h13_tp06_sl065,-1.135525000000007,-2.185525000000007,-2.8855250000000066,0,0,0,0,2.185525000000007,15.829999999999927,8.420000000000073,0.8016627078384729,6.25,0.15520000000000436,2.1699999999998454,2.332500000000027,0.108,-1.0,,,13,2,2.0,2024
2024-02-22 13:00:00+00:00|1.0|calendar_drop_monday_h13_tp06_sl065,2024-02-22 13:00:00+00:00,STAGE28A,data/reports/stage28a_discovery_factory_batch_runner/stage28a_exact_trades.csv,calendar_time_risk_proxy_v1,calendar_drop_monday_h13_tp06_sl065,0.6531999999998789,-0.396800000000121,-1.0968000000001208,0,0,0,0,0.396800000000121,12.1400000000001,3.849999999999909,0.7974025974025997,6.670000000000073,0.1004497751124536,2.019999999999982,2.9270000000000325,0.388,1.0,,,13,3,2.0,2024
2024-02-23 13:00:00+00:00|-1.0|calendar_drop_monday_h13_tp06_sl065,2024-02-23 13:00:00+00:00,STAGE28A,data/reports/stage28a_discovery_factory_batch_runner/stage28a_exact_trades.csv,calendar_time_risk_proxy_v1,calendar_drop_monday_h13_tp06_sl065,-1.4865249999998924,-2.536524999999892,-3.236524999999892,0,0,0,0,2.536524999999892,15.36999999999989,4.559999999999945,0.2763157894736855,10.110000000000127,0.2908011869435994,6.790000000000191,3.301500000000021,0.74,-1.0,,,13,4,2.0,2024
2024-02-23 23:45:00+00:00|1.0|calendar_drop_monday_h13_tp06_sl065,2024-02-23 23:45:00+00:00,STAGE28A,data/reports/stage28a_discovery_factory_batch_runner/stage28a_exact_trades.csv,calendar_time_risk_proxy_v1,calendar_drop_monday_h13_tp06_sl065,-0.35,-1.4,-2.1,0,0,0,0,1.4,15.36999999999989,4.559999999999945,0.2763157894736855,10.110000000000127,0.2908011869435994,1.759999999999991,3.9100000000000135,0.876,1.0,,,13,4,2.0,2024
2024-02-27 13:00:00+00:00|1.0|calendar_drop_monday_h13_tp06_sl065,2024-02-27 13:00:00+00:00,STAGE28A,data/reports/stage28a_discovery_factory_batch_runner/stage28a_exact_trades.csv,calendar_time_risk_proxy_v1,calendar_drop_monday_h13_tp06_sl065,-1.1920750000000226,-2.2420750000000225,-2.942075000000022,0,0,0,0,2.2420750000000225,12.009999999999991,4.0499999999999545,0.6246913580246917,6.789999999999964,0.42120765832108137,2.130000000000109,2.2745000000000006,0.088,1.0,,,13,1,2.0,2024
2024-02-28 13:00:00+00:00|-1.0|calendar_drop_monday_h13_tp06_sl065,2024-02-28 13:00:00+00:00,STAGE28A,data/reports/stage28a_discovery_factory_batch_runner/stage28a_exact_trades.csv,calendar_time_risk_proxy_v1,calendar_drop_monday_h13_tp06_sl065,-1.1283750000000965,-2.1783750000000963,-2.878375000000096,0,0,0,0,2.1783750000000963,10.730000000000018,4.599999999999909,0.01956521739133637,7.720000000000027,0.3873056994818651,3.1099999999999,2.473999999999978,0.164,-1.0,,,13,2,2.0,2024
2024-02-29 13:00:00+00:00|-1.0|calendar_drop_monday_h13_tp06_sl065,2024-02-29 13:00:00+00:00,STAGE28A,data/reports/stage28a_discovery_factory_batch_runner/stage28a_exact_trades.csv,calendar_time_risk_proxy_v1,calendar_drop_monday_h13_tp06_sl065,0.3826000000000477,-0.6673999999999523,-1.367399999999952,0,0,0,0,0.6673999999999523,13.420000000000073,3.1299999999998818,0.1629392971246039,7.2999999999999545,0.5931506849315318,4.240000000000009,2.2214999999999576,0.072,-1.0,,,13,3,2.0,2024
2024-03-01 13:00:00+00:00|1.0|calendar_drop_monday_h13_tp06_sl065,2024-03-01 13:00:00+00:00,STAGE28A,data/reports/stage28a_discovery_factory_batch_runner/stage28a_exact_trades.csv,calendar_time_risk_proxy_v1,calendar_drop_monday_h13_tp06_sl065,-1.81770000000015,-2.86770000000015,-3.567700000000149,0,0,0,0,2.86770000000015,22.72999999999979,3.9600000000000364,0.31565656565656275,16.0300000000002,0.5832813474734743,9.170000000000073,3.109500000000014,0.68,1.0,,,13,4,3.0,2024
2024-03-01 23:45:00+00:00|1.0|calendar_drop_monday_h13_tp06_sl065,2024-03-01 23:45:00+00:00,STAGE28A,data/reports/stage28a_discovery_factory_batch_runner/stage28a_exact_trades.csv,calendar_time_risk_proxy_v1,calendar_drop_monday_h13_tp06_sl065,-0.35,-1.4,-2.1,0,0,0,0,1.4,22.72999999999979,3.9600000000000364,0.31565656565656275,16.0300000000002,0.5832813474734743,2.319999999999709,5.787499999999977,1.0,1.0,,,13,4,3.0,2024
2024-03-05 13:00:00+00:00|1.0|calendar_drop_monday_h13_tp06_sl065,2024-03-05 13:00:00+00:00,STAGE28A,data/reports/stage28a_discovery_factory_batch_runner/stage28a_exact_trades.csv,calendar_time_risk_proxy_v1,calendar_drop_monday_h13_tp06_sl065,-2.000349999999889,-3.0503499999998893,-3.750349999999889,0,0,0,0,3.0503499999998893,40.370000000000346,6.349999999999909,0.22204724409446847,13.2800000000002,0.5813253012047954,3.880000000000109,4.7870000000000115,0.864,1.0,,,13,1,3.0,2024
2024-03-06 13:00:00+00:00|1.0|calendar_drop_monday_h13_tp06_sl065,2024-03-06 13:00:00+00:00,STAGE28A,data/reports/stage28a_discovery_factory_batch_runner/stage28a_exact_trades.csv,calendar_time_risk_proxy_v1,calendar_drop_monday_h13_tp06_sl065,-1.7273499999997513,-2.777349999999751,-3.477349999999751,0,0,0,0,2.777349999999751,31.329999999999927,4.799999999999727,0.38333333333338543,7.150000000000091,0.07412587412590117,4.029999999999745,3.9264999999999417,0.732,1.0,,,13,2,3.0,2024
2024-03-07 13:00:00+00:00|-1.0|calendar_drop_monday_h13_tp06_sl065,2024-03-07 13:00:00+00:00,STAGE28A,data/reports/stage28a_discovery_factory_batch_runner/stage28a_exact_trades.csv,calendar_time_risk_proxy_v1,calendar_drop_monday_h13_tp06_sl065,-1.7604999999999564,-2.8104999999999563,-3.510499999999956,0,0,0,0,2.8104999999999563,28.549999999999727,17.11999999999989,0.6407710280374022,8.299999999999727,0.07108433734936268,2.819999999999709,5.8159999999999625,0.908,-1.0,,,13,3,3.0,2024
2024-03-08 13:00:00+00:00|1.0|calendar_drop_monday_h13_tp06_sl065,2024-03-08 13:00:00+00:00,STAGE28A,data/reports/stage28a_discovery_factory_batch_runner/stage28a_exact_trades.csv,calendar_time_risk_proxy_v1,calendar_drop_monday_h13_tp06_sl065,1.027899999999954,-0.0221000000000457,-0.7221000000000455,0,0,0,0,0.0221000000000457,20.460000000000036,9.510000000000218,0.4437434279705739,14.920000000000073,0.724530831099219,3.8899999999998727,4.308500000000049,0.588,1.0,,,13,4,3.0,2024
2024-03-08 23:45:00+00:00|1.0|calendar_drop_monday_h13_tp06_sl065,2024-03-08 23:45:00+00:00,STAGE28A,data/reports/stage28a_discovery_factory_batch_runner/stage28a_exact_trades.csv,calendar_time_risk_proxy_v1,calendar_drop_monday_h13_tp06_sl065,-0.35,-1.4,-2.1,0,0,0,0,1.4,20.460000000000036,9.510000000000218,0.4437434279705739,14.920000000000073,0.724530831099219,2.4899999999997817,7.282499999999937,0.996,1.0,,,13,4,3.0,2024
2024-03-12 13:00:00+00:00|-1.0|calendar_drop_monday_h13_tp06_sl065,2024-03-12 13:00:00+00:00,STAGE28A,data/reports/stage28a_discovery_factory_batch_runner/stage28a_exact_trades.csv,calendar_time_risk_proxy_v1,calendar_drop_monday_h13_tp06_sl065,-1.4384249999999157,-2.4884249999999155,-3.1884249999999152,0,0,0,0,2.4884249999999155,14.239999999999782,7.929999999999836,0.5056746532156748,5.539999999999964,0.30685920577622455,2.230000000000018,3.506999999999903,0.352,-1.0,,,13,1,3.0,2024
2024-03-13 13:00:00+00:00|-1.0|calendar_drop_monday_h13_tp06_sl065,2024-03-13 13:00:00+00:00,STAGE28A,data/reports/stage28a_discovery_factory_batch_runner/stage28a_exact_trades.csv,calendar_time_risk_proxy_v1,calendar_drop_monday_h13_tp06_sl065,-1.4328999999998815,-2.4828999999998813,-3.182899999999881,0,0,0,0,2.4828999999998813,34.179999999999836,5.730000000000018,0.41884816753928156,6.049999999999727,0.6694214876033661,5.5099999999997635,4.154999999999927,0.3,-1.0,,,13,2,3.0,2024
2024-03-14 13:00:00+00:00|-1.0|calendar_drop_monday_h13_tp06_sl065,2024-03-14 13:00:00+00:00,STAGE28A,data/reports/stage28a_discovery_factory_batch_runner/stage28a_exact_trades.csv,calendar_time_risk_proxy_v1,calendar_drop_monday_h13_tp06_sl065,-1.3197999999998502,-2.36979999999985,-3.0697999999998498,0,0,0,0,2.36979999999985,24.059999999999945,5.920000000000073,0.44087837837839444,4.599999999999909,0.2434782608695463,2.869999999999891,3.046000000000004,0.056,-1.0,,,13,3,3.0,2024
2024-03-15 13:00:00+00:00|1.0|calendar_drop_monday_h13_tp06_sl065,2024-03-15 13:00:00+00:00,STAGE28A,data/reports/stage28a_discovery_factory_batch_runner/stage28a_exact_trades.csv,calendar_time_risk_proxy_v1,calendar_drop_monday_h13_tp06_sl065,0.952299999999832,-0.0977000000001679,-0.7977000000001677,0,0,0,0,0.0977000000001679,24.159999999999854,5.289999999999964,0.43100189035920905,9.289999999999964,0.511302475780411,4.059999999999945,3.408499999999981,0.076,1.0,,,13,4,3.0,2024
2024-03-15 22:45:00+00:00|1.0|calendar_drop_monday_h13_tp06_sl065,2024-03-15 22:45:00+00:00,STAGE28A,data/reports/stage28a_discovery_factory_batch_runner/stage28a_exact_trades.csv,calendar_time_risk_proxy_v1,calendar_drop_monday_h13_tp06_sl065,0.7584999999998218,-0.2915000000001781,-0.991500000000178,0,0,0,0,0.2915000000001781,24.159999999999854,5.289999999999964,0.43100189035920905,9.289999999999964,0.511302475780411,3.0599999999999454,4.423000000000002,0.344,1.0,,,13,4,3.0,2024
2024-03-19 13:00:00+00:00|-1.0|calendar_drop_monday_h13_tp06_sl065,2024-03-19 13:00:00+00:00,STAGE28A,data/reports/stage28a_discovery_factory_batch_runner/stage28a_exact_trades.csv,calendar_time_risk_proxy_v1,calendar_drop_monday_h13_tp06_sl065,-1.92202499999994,-2.9720249999999395,-3.6720249999999393,0,0,0,0,2.9720249999999395,17.559999999999945,4.1599999999998545,0.16105769230771544,13.179999999999836,0.4613050075872536,3.869999999999891,3.177499999999918,0.036,-1.0,,,13,1,3.0,2024
2024-03-20 13:00:00+00:00|-1.0|calendar_drop_monday_h13_tp06_sl065,2024-03-20 13:00:00+00:00,STAGE28A,data/reports/stage28a_discovery_factory_batch_runner/stage28a_exact_trades.csv,calendar_time_risk_proxy_v1,calendar_drop_monday_h13_tp06_sl065,-1.378949999999895,-2.428949999999895,-3.128949999999895,0,0,0,0,2.428949999999895,15.599999999999909,5.110000000000127,0.031311154598796576,7.079999999999927,0.3587570621468912,2.5099999999997635,2.52349999999999,0.004,-1.0,,,13,2,3.0,2024
2024-03-21 13:00:00+00:00|1.0|calendar_drop_monday_h13_tp06_sl065,2024-03-21 13:00:00+00:00,STAGE28A,data/reports/stage28a_discovery_factory_batch_runner/stage28a_exact_trades.csv,calendar_time_risk_proxy_v1,calendar_drop_monday_h13_tp06_sl065,-2.309749999999985,-3.3597499999999854,-4.059749999999985,0,0,0,1,3.3597499999999854,56.710000000000036,36.17000000000007,0.017694221730712507,14.86999999999989,0.2958977807666525,6.569999999999709,8.787499999999977,0.988,1.0,,,13,3,3.0,2024
2024-03-22 13:00:00+00:00|-1.0|calendar_drop_monday_h13_tp06_sl065,2024-03-22 13:00:00+00:00,STAGE28A,data/reports/stage28a_discovery_factory_batch_runner/stage28a_exact_trades.csv,calendar_time_risk_proxy_v1,calendar_drop_monday_h13_tp06_sl065,1.3005999999999402,0.2505999999999404,-0.4494000000000593,1,0,1,0,0.2505999999999404,56.07999999999993,14.199999999999818,0.53169014084509,13.659999999999854,0.46998535871157693,2.7100000000000364,4.692999999999984,0.604,-1.0,,,13,4,3.0,2024
2024-03-22 22:45:00+00:00|1.0|calendar_drop_monday_h13_tp06_sl065,2024-03-22 22:45:00+00:00,STAGE28A,data/reports/stage28a_discovery_factory_batch_runner/stage28a_exact_trades.csv,calendar_time_risk_proxy_v1,calendar_drop_monday_h13_tp06_sl065,-0.35,-1.4,-2.1,0,0,0,0,1.4,56.07999999999993,14.199999999999818,0.53169014084509,13.659999999999854,0.46998535871157693,3.319999999999709,5.963500000000022,0.756,1.0,,,13,4,3.0,2024
2024-03-26 13:00:00+00:00|1.0|calendar_drop_monday_h13_tp06_sl065,2024-03-26 13:00:00+00:00,STAGE28A,data/reports/stage28a_discovery_factory_batch_runner/stage28a_exact_trades.csv,calendar_time_risk_proxy_v1,calendar_drop_monday_h13_tp06_sl065,-2.34777499999982,-3.3977749999998195,-4.097774999999819,0,0,0,1,3.3977749999998195,17.779999999999745,6.839999999999691,0.09941520467834314,30.460000000000036,0.8365068942875898,9.3100000000004,4.076999999999953,0.496,1.0,,,13,1,3.0,2024
2024-03-27 13:00:00+00:00|1.0|calendar_drop_monday_h13_tp06_sl065,2024-03-27 13:00:00+00:00,STAGE28A,data/reports/stage28a_discovery_factory_batch_runner/stage28a_exact_trades.csv,calendar_time_risk_proxy_v1,calendar_drop_monday_h13_tp06_sl065,1.5381999999998697,0.4881999999998698,-0.2118000000001298,1,0,1,0,0.4881999999998698,32.460000000000036,8.480000000000018,0.12264150943395771,18.800000000000182,0.8202127659574427,5.809999999999945,4.6720000000000255,0.6,1.0,,,13,2,3.0,2024
2024-03-28 13:00:00+00:00|1.0|calendar_drop_monday_h13_tp06_sl065,2024-03-28 13:00:00+00:00,STAGE28A,data/reports/stage28a_discovery_factory_batch_runner/stage28a_exact_trades.csv,calendar_time_risk_proxy_v1,calendar_drop_monday_h13_tp06_sl065,-2.364674999999897,-3.4146749999998973,-4.114674999999897,0,0,0,1,3.4146749999998973,24.330000000000382,9.559999999999945,0.5041841004184301,22.920000000000073,0.7273123909249374,16.63000000000011,4.6440000000000055,0.538,1.0,,,13,3,3.0,2024
2024-03-28 22:45:00+00:00|1.0|calendar_drop_monday_h13_tp06_sl065,2024-03-28 22:45:00+00:00,STAGE28A,data/reports/stage28a_discovery_factory_batch_runner/stage28a_exact_trades.csv,calendar_time_risk_proxy_v1,calendar_drop_monday_h13_tp06_sl065,-2.586974999999802,-3.636974999999802,-4.336974999999802,0,0,0,1,3.636974999999802,24.330000000000382,9.559999999999945,0.5041841004184301,22.920000000000073,0.7273123909249374,4.319999999999709,6.866000000000031,0.912,1.0,,,13,3,3.0,2024
2024-04-02 13:00:00+00:00|1.0|calendar_drop_monday_h13_tp06_sl065,2024-04-02 13:00:00+00:00,STAGE28A,data/reports/stage28a_discovery_factory_batch_runner/stage28a_exact_trades.csv,calendar_time_risk_proxy_v1,calendar_drop_monday_h13_tp06_sl065,1.31800000000012,0.2680000000001201,-0.4319999999998796,1,0,1,0,0.2680000000001201,37.11999999999989,9.169999999999618,0.22246455834242623,16.440000000000055,0.5675182481751762,7.210000000000036,6.227000000000066,0.728,1.0,,,13,1,4.0,2024
2024-04-03 13:00:00+00:00|-1.0|calendar_drop_monday_h13_tp06_sl065,2024-04-03 13:00:00+00:00,STAGE28A,data/reports/stage28a_discovery_factory_batch_runner/stage28a_exact_trades.csv,calendar_time_risk_proxy_v1,calendar_drop_monday_h13_tp06_sl065,-2.519699999999921,-3.5696999999999206,-4.26969999999992,0,0,0,1,3.5696999999999206,35.35999999999967,11.590000000000146,0.28127696289906623,19.360000000000127,0.6714876033057807,5.150000000000091,7.227500000000032,0.736,-1.0,,,13,2,4.0,2024
2024-04-04 13:00:00+00:00|-1.0|calendar_drop_monday_h13_tp06_sl065,2024-04-04 13:00:00+00:00,STAGE28A,data/reports/stage28a_discovery_factory_batch_runner/stage28a_exact_trades.csv,calendar_time_risk_proxy_v1,calendar_drop_monday_h13_tp06_sl065,1.1035000000000763,0.0535000000000764,-0.6464999999999232,1,0,0,0,0.0535000000000764,36.26999999999998,8.36999999999989,0.30943847072881475,9.809999999999945,0.5983690112130865,3.2899999999999636,5.460999999999944,0.38,-1.0,,,13,3,4.0,2024
2024-04-05 13:00:00+00:00|1.0|calendar_drop_monday_h13_tp06_sl065,2024-04-05 13:00:00+00:00,STAGE28A,data/reports/stage28a_discovery_factory_batch_runner/stage28a_exact_trades.csv,calendar_time_risk_proxy_v1,calendar_drop_monday_h13_tp06_sl065,-2.680899999999929,-3.7308999999999286,-4.430899999999928,0,0,0,1,3.7308999999999286,25.519999999999982,25.579999999999927,0.5136825645035327,16.9699999999998,0.8461991750147494,6.940000000000055,7.961500000000001,0.856,1.0,,,13,4,4.0,2024
2024-04-05 23:45:00+00:00|1.0|calendar_drop_monday_h13_tp06_sl065,2024-04-05 23:45:00+00:00,STAGE28A,data/reports/stage28a_discovery_factory_batch_runner/stage28a_exact_trades.csv,calendar_time_risk_proxy_v1,calendar_drop_monday_h13_tp06_sl065,-0.35,-1.4,-2.1,0,0,0,0,1.4,25.519999999999982,25.579999999999927,0.5136825645035327,16.9699999999998,0.8461991750147494,4.579999999999927,8.988500000000021,0.948,1.0,,,13,4,4.0,2024
2024-04-09 13:00:00+00:00|1.0|calendar_drop_monday_h13_tp06_sl065,2024-04-09 13:00:00+00:00,STAGE28A,data/reports/stage28a_discovery_factory_batch_runner/stage28a_exact_trades.csv,calendar_time_risk_proxy_v1,calendar_drop_monday_h13_tp06_sl065,1.8130000000000108,0.763000000000011,0.0630000000000112,1,1,1,0,0.763000000000011,51.0300000000002,11.669999999999618,0.43958868894603914,22.269999999999982,0.8630444544230027,8.110000000000127,5.683000000000038,0.324,1.0,,,13,1,4.0,2024
2024-04-10 13:00:00+00:00|1.0|calendar_drop_monday_h13_tp06_sl065,2024-04-10 13:00:00+00:00,STAGE28A,data/reports/stage28a_discovery_factory_batch_runner/stage28a_exact_trades.csv,calendar_time_risk_proxy_v1,calendar_drop_monday_h13_tp06_sl065,-2.1709750000000896,-3.2209750000000894,-3.920975000000089,0,0,0,1,3.2209750000000894,28.559999999999945,10.890000000000327,0.09641873278238296,14.990000000000236,0.24016010673784569,9.75,6.445500000000038,0.4,1.0,,,13,2,4.0,2024
2024-04-11 13:00:00+00:00|-1.0|calendar_drop_monday_h13_tp06_sl065,2024-04-11 13:00:00+00:00,STAGE28A,data/reports/stage28a_discovery_factory_batch_runner/stage28a_exact_trades.csv,calendar_time_risk_proxy_v1,calendar_drop_monday_h13_tp06_sl065,1.939600000000064,0.8896000000000641,0.1896000000000643,1,1,1,0,0.8896000000000641,40.75,13.490000000000236,0.5937731653076074,20.360000000000127,0.6512770137524625,7.230000000000018,7.8875,0.668,-1.0,,,13,3,4.0,2024
2024-04-12 13:00:00+00:00|1.0|calendar_drop_monday_h13_tp06_sl065,2024-04-12 13:00:00+00:00,STAGE28A,data/reports/stage28a_discovery_factory_batch_runner/stage28a_exact_trades.csv,calendar_time_risk_proxy_v1,calendar_drop_monday_h13_tp06_sl065,1.8771999999998117,0.8271999999998116,0.1271999999998119,1,1,1,0,0.8271999999998116,52.0300000000002,23.449999999999818,0.4366737739872009,17.809999999999945,0.7810218978102388,6.869999999999891,7.888000000000011,0.612,1.0,,,13,4,4.0,2024
2024-04-12 23:45:00+00:00|1.0|calendar_drop_monday_h13_tp06_sl065,2024-04-12 23:45:00+00:00,STAGE28A,data/reports/stage28a_discovery_factory_batch_runner/stage28a_exact_trades.csv,calendar_time_risk_proxy_v1,calendar_drop_monday_h13_tp06_sl065,-0.35,-1.4,-2.1,0,0,0,0,1.4,52.0300000000002,23.449999999999818,0.4366737739872009,17.809999999999945,0.7810218978102388,11.5,13.90400000000002,1.0,1.0,,,13,4,4.0,2024
2024-04-16 13:00:00+00:00|-1.0|calendar_drop_monday_h13_tp06_sl065,2024-04-16 13:00:00+00:00,STAGE28A,data/reports/stage28a_discovery_factory_batch_runner/stage28a_exact_trades.csv,calendar_time_risk_proxy_v1,calendar_drop_monday_h13_tp06_sl065,2.1060999999998784,1.0560999999998786,0.3560999999998788,1,1,1,0,1.0560999999998786,63.18000000000029,12.900000000000091,0.28062015503874926,25.980000000000018,0.6023864511162463,5.679999999999836,10.346500000000015,0.76,-1.0,,,13,1,4.0,2024
2024-04-17 13:00:00+00:00|1.0|calendar_drop_monday_h13_tp06_sl065,2024-04-17 13:00:00+00:00,STAGE28A,data/reports/stage28a_discovery_factory_batch_runner/stage28a_exact_trades.csv,calendar_time_risk_proxy_v1,calendar_drop_monday_h13_tp06_sl065,1.8067000000000009,0.7567000000000008,0.056700000000001,1,1,1,0,0.7567000000000008,35.210000000000036,6.400000000000091,0.5015624999999986,21.559999999999945,0.4809833024118911,4.470000000000255,8.293000000000053,0.512,1.0,,,13,2,4.0,2024
2024-04-18 13:00:00+00:00|1.0|calendar_drop_monday_h13_tp06_sl065,2024-04-18 13:00:00+00:00,STAGE28A,data/reports/stage28a_discovery_factory_batch_runner/stage28a_exact_trades.csv,calendar_time_risk_proxy_v1,calendar_drop_monday_h13_tp06_sl065,1.0440999999999805,-0.0059000000000195,-0.7059000000000193,0,0,0,0,0.0059000000000195,41.0,12.240000000000236,0.7802287581699344,7.890000000000327,0.6387832699619461,2.980000000000018,7.231500000000028,0.244,1.0,,,13,3,4.0,2024
2024-04-19 13:00:00+00:00|-1.0|calendar_drop_monday_h13_tp06_sl065,2024-04-19 13:00:00+00:00,STAGE28A,data/reports/stage28a_discovery_factory_batch_runner/stage28a_exact_trades.csv,calendar_time_risk_proxy_v1,calendar_drop_monday_h13_tp06_sl065,2.340099999999802,1.2900999999998022,0.5900999999998024,1,1,1,0,1.2900999999998022,29.889999999999873,44.15000000000009,0.27859569648924476,15.840000000000146,0.6502525252525021,6.170000000000073,9.861499999999955,0.688,-1.0,,,13,4,4.0,2024
2024-04-19 23:45:00+00:00|1.0|calendar_drop_monday_h13_tp06_sl065,2024-04-19 23:45:00+00:00,STAGE28A,data/reports/stage28a_discovery_factory_batch_runner/stage28a_exact_trades.csv,calendar_time_risk_proxy_v1,calendar_drop_monday_h13_tp06_sl065,-0.35,-1.4,-2.1,0,0,0,0,1.4,29.889999999999873,44.15000000000009,0.27859569648924476,15.840000000000146,0.6502525252525021,11.539999999999964,11.448999999999955,0.864,1.0,,,13,4,4.0,2024
2024-04-23 13:00:00+00:00|1.0|calendar_drop_monday_h13_tp06_sl065,2024-04-23 13:00:00+00:00,STAGE28A,data/reports/stage28a_discovery_factory_batch_runner/stage28a_exact_trades.csv,calendar_time_risk_proxy_v1,calendar_drop_monday_h13_tp06_sl065,-3.367624999999953,-4.417624999999953,-5.117624999999952,0,0,0,1,4.417624999999953,63.82999999999993,38.82999999999993,0.7180015451970168,23.220000000000255,0.30146425495262374,11.920000000000073,9.332500000000005,0.672,1.0,,,13,1,4.0,2024
2024-04-24 13:00:00+00:00|-1.0|calendar_drop_monday_h13_tp06_sl065,2024-04-24 13:00:00+00:00,STAGE28A,data/reports/stage28a_discovery_factory_batch_runner/stage28a_exact_trades.csv,calendar_time_risk_proxy_v1,calendar_drop_monday_h13_tp06_sl065,1.4943999999999504,0.4443999999999506,-0.2556000000000491,1,0,1,0,0.4443999999999506,42.88000000000011,12.400000000000091,0.5016129032258233,19.4399999999996,0.6682098765432124,7.519999999999982,6.071000000000117,0.028,-1.0,,,13,2,4.0,2024
2024-04-25 13:00:00+00:00|1.0|calendar_drop_monday_h13_tp06_sl065,2024-04-25 13:00:00+00:00,STAGE28A,data/reports/stage28a_discovery_factory_batch_runner/stage28a_exact_trades.csv,calendar_time_risk_proxy_v1,calendar_drop_monday_h13_tp06_sl065,1.1512000000001534,0.1012000000001536,-0.5987999999998461,1,0,0,0,0.1012000000001536,25.480000000000018,17.029999999999745,0.28185554903113647,16.4699999999998,0.7109896782028038,3.400000000000091,6.169999999999959,0.04,1.0,,,13,3,4.0,2024
2024-04-26 13:00:00+00:00|1.0|calendar_drop_monday_h13_tp06_sl065,2024-04-26 13:00:00+00:00,STAGE28A,data/reports/stage28a_discovery_factory_batch_runner/stage28a_exact_trades.csv,calendar_time_risk_proxy_v1,calendar_drop_monday_h13_tp06_sl065,-2.5980249999998706,-3.6480249999998704,-4.34802499999987,0,0,0,1,3.6480249999998704,39.539999999999964,10.019999999999982,0.2195608782434952,19.110000000000127,0.7791732077446483,5.7400000000002365,6.228500000000099,0.064,1.0,,,13,4,4.0,2024
2024-04-26 23:45:00+00:00|1.0|calendar_drop_monday_h13_tp06_sl065,2024-04-26 23:45:00+00:00,STAGE28A,data/reports/stage28a_discovery_factory_batch_runner/stage28a_exact_trades.csv,calendar_time_risk_proxy_v1,calendar_drop_monday_h13_tp06_sl065,-0.35,-1.4,-2.1,0,0,0,0,1.4,39.539999999999964,10.019999999999982,0.2195608782434952,19.110000000000127,0.7791732077446483,4.779999999999745,6.5955000000000386,0.152,1.0,,,13,4,4.0,2024
2024-04-30 13:00:00+00:00|-1.0|calendar_drop_monday_h13_tp06_sl065,2024-04-30 13:00:00+00:00,STAGE28A,data/reports/stage28a_discovery_factory_batch_runner/stage28a_exact_trades.csv,calendar_time_risk_proxy_v1,calendar_drop_monday_h13_tp06_sl065,1.4475999999998748,0.3975999999998749,-0.3024000000001248,1,0,1,0,0.3975999999998749,26.919999999999618,9.320000000000164,0.6115879828326366,18.879999999999654,0.7733050847457721,5.059999999999945,5.167000000000007,0.02,-1.0,,,13,1,4.0,2024
2024-05-01 13:00:00+00:00|1.0|calendar_drop_monday_h13_tp06_sl065,2024-05-01 13:00:00+00:00,STAGE28A,data/reports/stage28a_discovery_factory_batch_runner/stage28a_exact_trades.csv,calendar_time_risk_proxy_v1,calendar_drop_monday_h13_tp06_sl065,-1.898949999999877,-2.948949999999877,-3.6489499999998767,0,0,0,0,2.948949999999877,51.51000000000022,10.38000000000011,0.6984585741811102,11.5,0.6782608695652332,7.360000000000127,5.703000000000043,0.088,1.0,,,13,2,5.0,2024
2024-05-02 13:00:00+00:00|-1.0|calendar_drop_monday_h13_tp06_sl065,2024-05-02 13:00:00+00:00,STAGE28A,data/reports/stage28a_discovery_factory_batch_runner/stage28a_exact_trades.csv,calendar_time_risk_proxy_v1,calendar_drop_monday_h13_tp06_sl065,-2.526524999999856,-3.576524999999856,-4.276524999999856,0,0,0,1,3.576524999999856,46.82999999999993,9.070000000000164,0.1422271223814708,22.340000000000146,0.8012533572068028,6.7400000000002365,8.24950000000008,0.76,-1.0,,,13,3,5.0,2024
2024-05-03 13:00:00+00:00|-1.0|calendar_drop_monday_h13_tp06_sl065,2024-05-03 13:00:00+00:00,STAGE28A,data/reports/stage28a_discovery_factory_batch_runner/stage28a_exact_trades.csv,calendar_time_risk_proxy_v1,calendar_drop_monday_h13_tp06_sl065,-1.94900000000016,-2.99900000000016,-3.69900000000016,0,0,0,0,2.99900000000016,41.09999999999991,6.440000000000055,0.2096273291925307,10.970000000000255,0.08477666362810113,3.730000000000018,5.232499999999982,0.064,-1.0,,,13,4,5.0,2024
2024-05-03 23:45:00+00:00|1.0|calendar_drop_monday_h13_tp06_sl065,2024-05-03 23:45:00+00:00,STAGE28A,data/reports/stage28a_discovery_factory_batch_runner/stage28a_exact_trades.csv,calendar_time_risk_proxy_v1,calendar_drop_monday_h13_tp06_sl065,1.2436000000001513,0.1936000000001514,-0.5063999999998483,1,0,1,0,0.1936000000001514,41.09999999999991,6.440000000000055,0.2096273291925307,10.970000000000255,0.08477666362810113,5.289999999999964,8.04100000000003,0.732,1.0,,,13,4,5.0,2024
2024-05-07 13:00:00+00:00|-1.0|calendar_drop_monday_h13_tp06_sl065,2024-05-07 13:00:00+00:00,STAGE28A,data/reports/stage28a_discovery_factory_batch_runner/stage28a_exact_trades.csv,calendar_time_risk_proxy_v1,calendar_drop_monday_h13_tp06_sl065,1.2831999999997603,0.2331999999997607,-0.466800000000239,1,0,1,0,0.2331999999997607,40.370000000000346,10.279999999999745,0.17217898832685075,13.360000000000127,0.8345808383233181,4.529999999999745,5.159999999999968,0.052,-1.0,,,13,1,5.0,2024
2024-05-08 13:00:00+00:00|-1.0|calendar_drop_monday_h13_tp06_sl065,2024-05-08 13:00:00+00:00,STAGE28A,data/reports/stage28a_discovery_factory_batch_runner/stage28a_exact_trades.csv,calendar_time_risk_proxy_v1,calendar_drop_monday_h13_tp06_sl065,1.1557000000001607,0.1057000000001608,-0.5942999999998388,1,0,0,0,0.1057000000001608,20.179999999999836,11.240000000000236,0.22775800711742808,17.86999999999989,0.35926133184108067,4.429999999999836,4.8720000000000026,0.056,-1.0,,,13,2,5.0,2024
2024-05-09 13:00:00+00:00|-1.0|calendar_drop_monday_h13_tp06_sl065,2024-05-09 13:00:00+00:00,STAGE28A,data/reports/stage28a_discovery_factory_batch_runner/stage28a_exact_trades.csv,calendar_time_risk_proxy_v1,calendar_drop_monday_h13_tp06_sl065,-1.9889749999998456,-3.0389749999998457,-3.738974999999845,0,0,0,0,3.0389749999998457,17.86999999999989,4.970000000000255,0.5010060362173258,13.08999999999969,0.35752482811305936,5.210000000000036,4.1729999999999565,0.004,-1.0,,,13,3,5.0,2024
2024-05-10 13:00:00+00:00|1.0|calendar_drop_monday_h13_tp06_sl065,2024-05-10 13:00:00+00:00,STAGE28A,data/reports/stage28a_discovery_factory_batch_runner/stage28a_exact_trades.csv,calendar_time_risk_proxy_v1,calendar_drop_monday_h13_tp06_sl065,-2.463800000000083,-3.513800000000083,-4.213800000000083,0,0,0,1,3.513800000000083,40.63999999999987,10.659999999999854,0.6716697936210086,24.079999999999927,0.7936046511627984,5.8400000000001455,5.9384999999999994,0.4,1.0,,,13,4,5.0,2024
2024-05-10 23:45:00+00:00|1.0|calendar_drop_monday_h13_tp06_sl065,2024-05-10 23:45:00+00:00,STAGE28A,data/reports/stage28a_discovery_factory_batch_runner/stage28a_exact_trades.csv,calendar_time_risk_proxy_v1,calendar_drop_monday_h13_tp06_sl065,-0.35,-1.4,-2.1,0,0,0,0,1.4,40.63999999999987,10.659999999999854,0.6716697936210086,24.079999999999927,0.7936046511627984,5.25,7.160500000000002,0.82,1.0,,,13,4,5.0,2024
2024-05-14 13:00:00+00:00|1.0|calendar_drop_monday_h13_tp06_sl065,2024-05-14 13:00:00+00:00,STAGE28A,data/reports/stage28a_discovery_factory_batch_runner/stage28a_exact_trades.csv,calendar_time_risk_proxy_v1,calendar_drop_monday_h13_tp06_sl065,-2.015300000000116,-3.065300000000116,-3.7653000000001153,0,0,0,1,3.065300000000116,32.95000000000027,9.570000000000164,0.5862068965517274,12.2800000000002,0.2394136807817595,4.670000000000073,4.2309999999999945,0.016,1.0,,,13,1,5.0,2024
2024-05-15 13:00:00+00:00|1.0|calendar_drop_monday_h13_tp06_sl065,2024-05-15 13:00:00+00:00,STAGE28A,data/reports/stage28a_discovery_factory_batch_runner/stage28a_exact_trades.csv,calendar_time_risk_proxy_v1,calendar_drop_monday_h13_tp06_sl065,-2.0400000000000547,-3.0900000000000545,-3.790000000000054,0,0,0,1,3.0900000000000545,24.920000000000073,6.110000000000127,0.46808510638298984,18.5300000000002,0.47706422018348893,6.0600000000004,4.572000000000026,0.084,1.0,,,13,2,5.0,2024
2024-05-16 13:00:00+00:00|-1.0|calendar_drop_monday_h13_tp06_sl065,2024-05-16 13:00:00+00:00,STAGE28A,data/reports/stage28a_discovery_factory_batch_runner/stage28a_exact_trades.csv,calendar_time_risk_proxy_v1,calendar_drop_monday_h13_tp06_sl065,1.1017000000000734,0.0517000000000735,-0.6482999999999262,1,0,0,0,0.0517000000000735,38.40000000000009,13.050000000000182,0.029885057471289042,10.909999999999854,0.31072410632446545,4.1599999999998545,6.196500000000038,0.544,-1.0,,,13,3,5.0,2024
2024-05-17 13:00:00+00:00|1.0|calendar_drop_monday_h13_tp06_sl065,2024-05-17 13:00:00+00:00,STAGE28A,data/reports/stage28a_discovery_factory_batch_runner/stage28a_exact_trades.csv,calendar_time_risk_proxy_v1,calendar_drop_monday_h13_tp06_sl065,-1.944450000000052,-2.994450000000052,-3.6944500000000513,0,0,0,0,2.994450000000052,26.550000000000182,7.2599999999997635,0.07300275482090395,11.360000000000127,0.42517605633805705,4.900000000000091,4.127999999999974,0.016,1.0,,,13,4,5.0,2024
2024-05-17 23:45:00+00:00|1.0|calendar_drop_monday_h13_tp06_sl065,2024-05-17 23:45:00+00:00,STAGE28A,data/reports/stage28a_discovery_factory_batch_runner/stage28a_exact_trades.csv,calendar_time_risk_proxy_v1,calendar_drop_monday_h13_tp06_sl065,1.7049999999998362,0.6549999999998364,-0.0450000000001633,1,0,1,0,0.6549999999998364,26.550000000000182,7.2599999999997635,0.07300275482090395,11.360000000000127,0.42517605633805705,6.300000000000182,6.510499999999979,0.712,1.0,,,13,4,5.0,2024
2024-05-21 13:00:00+00:00|1.0|calendar_drop_monday_h13_tp06_sl065,2024-05-21 13:00:00+00:00,STAGE28A,data/reports/stage28a_discovery_factory_batch_runner/stage28a_exact_trades.csv,calendar_time_risk_proxy_v1,calendar_drop_monday_h13_tp06_sl065,1.9677999999998064,0.9177999999998064,0.2177999999998068,1,1,1,0,0.9177999999998064,42.86999999999989,26.63000000000011,0.5005632745024361,13.569999999999709,0.19012527634491064,7.949999999999818,7.520499999999947,0.808,1.0,,,13,1,5.0,2024
2024-05-22 13:00:00+00:00|1.0|calendar_drop_monday_h13_tp06_sl065,2024-05-22 13:00:00+00:00,STAGE28A,data/reports/stage28a_discovery_factory_batch_runner/stage28a_exact_trades.csv,calendar_time_risk_proxy_v1,calendar_drop_monday_h13_tp06_sl065,1.5138999999998304,0.4638999999998305,-0.2361000000001691,1,0,1,0,0.4638999999998305,27.610000000000127,13.980000000000018,0.5615164520744172,7.930000000000291,0.3947036569987382,3.5299999999997453,5.077499999999918,0.304,1.0,,,13,2,5.0,2024
2024-05-23 13:00:00+00:00|-1.0|calendar_drop_monday_h13_tp06_sl065,2024-05-23 13:00:00+00:00,STAGE28A,data/reports/stage28a_discovery_factory_batch_runner/stage28a_exact_trades.csv,calendar_time_risk_proxy_v1,calendar_drop_monday_h13_tp06_sl065,2.133700000000226,1.0837000000002264,0.3837000000002266,1,1,1,0,1.0837000000002264,51.76999999999998,16.980000000000018,0.47820965842166563,19.029999999999745,0.44245927482922676,5.489999999999782,8.192500000000019,0.86,-1.0,,,13,3,5.0,2024
2024-05-24 13:00:00+00:00|1.0|calendar_drop_monday_h13_tp06_sl065,2024-05-24 13:00:00+00:00,STAGE28A,data/reports/stage28a_discovery_factory_batch_runner/stage28a_exact_trades.csv,calendar_time_risk_proxy_v1,calendar_drop_monday_h13_tp06_sl065,-2.16577500000003,-3.2157750000000305,-3.91577500000003,0,0,0,1,3.2157750000000305,56.809999999999945,9.710000000000036,0.028836251287353145,12.7199999999998,0.5463836477987721,5.7599999999997635,6.609499999999935,0.496,1.0,,,13,4,5.0,2024
2024-05-24 23:45:00+00:00|1.0|calendar_drop_monday_h13_tp06_sl065,2024-05-24 23:45:00+00:00,STAGE28A,data/reports/stage28a_discovery_factory_batch_runner/stage28a_exact_trades.csv,calendar_time_risk_proxy_v1,calendar_drop_monday_h13_tp06_sl065,0.654399999999805,-0.3956000000001949,-1.0956000000001946,0,0,0,0,0.3956000000001949,56.809999999999945,9.710000000000036,0.028836251287353145,12.7199999999998,0.5463836477987721,2.900000000000091,5.5479999999999565,0.348,1.0,,,13,4,5.0,2024
2024-05-28 13:00:00+00:00|-1.0|calendar_drop_monday_h13_tp06_sl065,2024-05-28 13:00:00+00:00,STAGE28A,data/reports/stage28a_discovery_factory_batch_runner/stage28a_exact_trades.csv,calendar_time_risk_proxy_v1,calendar_drop_monday_h13_tp06_sl065,1.157799999999861,0.1077999999998611,-0.5922000000001386,1,0,0,0,0.1077999999998611,26.420000000000073,7.220000000000255,0.17313019390581108,13.699999999999818,0.5335766423357695,2.819999999999709,4.2375,0.056,-1.0,,,13,1,5.0,2024
2024-05-29 13:00:00+00:00|-1.0|calendar_drop_monday_h13_tp06_sl065,2024-05-29 13:00:00+00:00,STAGE28A,data/reports/stage28a_discovery_factory_batch_runner/stage28a_exact_trades.csv,calendar_time_risk_proxy_v1,calendar_drop_monday_h13_tp06_sl065,-2.273350000000028,-3.323350000000028,-4.023350000000027,0,0,0,1,3.323350000000028,24.059999999999945,7.930000000000291,0.12862547288776097,20.700000000000273,0.6120772946859638,5.320000000000164,5.17150000000006,0.272,-1.0,,,13,2,5.0,2024
2024-05-30 13:00:00+00:00|1.0|calendar_drop_monday_h13_tp06_sl065,2024-05-30 13:00:00+00:00,STAGE28A,data/reports/stage28a_discovery_factory_batch_runner/stage28a_exact_trades.csv,calendar_time_risk_proxy_v1,calendar_drop_monday_h13_tp06_sl065,1.7560000000002218,0.706000000000222,0.0060000000002222,1,1,1,0,0.706000000000222,28.059999999999945,11.800000000000182,0.2771186440677908,15.559999999999945,0.06876606683805704,6.309999999999945,5.321000000000095,0.308,1.0,,,13,3,5.0,2024
2024-05-31 13:00:00+00:00|-1.0|calendar_drop_monday_h13_tp06_sl065,2024-05-31 13:00:00+00:00,STAGE28A,data/reports/stage28a_discovery_factory_batch_runner/stage28a_exact_trades.csv,calendar_time_risk_proxy_v1,calendar_drop_monday_h13_tp06_sl065,0.9336999999999536,-0.1163000000000464,-0.8163000000000462,0,0,0,0,0.1163000000000464,29.38000000000011,10.739999999999782,0.036312849162000053,7.370000000000346,0.21709633649929905,3.5,4.557500000000073,0.1,-1.0,,,13,4,5.0,2024
2024-05-31 23:45:00+00:00|1.0|calendar_drop_monday_h13_tp06_sl065,2024-05-31 23:45:00+00:00,STAGE28A,data/reports/stage28a_discovery_factory_batch_runner/stage28a_exact_trades.csv,calendar_time_risk_proxy_v1,calendar_drop_monday_h13_tp06_sl065,1.546900000000187,0.4969000000001871,-0.2030999999998126,1,0,1,0,0.4969000000001871,29.38000000000011,10.739999999999782,0.036312849162000053,7.370000000000346,0.21709633649929905,7.639999999999873,6.846000000000004,0.644,1.0,,,13,4,5.0,2024
2024-06-04 13:00:00+00:00|-1.0|calendar_drop_monday_h13_tp06_sl065,2024-06-04 13:00:00+00:00,STAGE28A,data/reports/stage28a_discovery_factory_batch_runner/stage28a_exact_trades.csv,calendar_time_risk_proxy_v1,calendar_drop_monday_h13_tp06_sl065,1.499499999999807,0.4494999999998073,-0.2505000000001924,1,0,1,0,0.4494999999998073,40.159999999999854,9.600000000000364,0.5281249999999971,25.079999999999927,0.6399521531100569,7.400000000000091,5.378999999999974,0.296,-1.0,,,13,1,6.0,2024
2024-06-05 13:00:00+00:00|-1.0|calendar_drop_monday_h13_tp06_sl065,2024-06-05 13:00:00+00:00,STAGE28A,data/reports/stage28a_discovery_factory_batch_runner/stage28a_exact_trades.csv,calendar_time_risk_proxy_v1,calendar_drop_monday_h13_tp06_sl065,-2.2012000000000627,-3.2512000000000625,-3.951200000000062,0,0,0,1,3.2512000000000625,37.41000000000031,12.010000000000218,0.7993338884262893,13.579999999999927,0.3645066273932139,2.869999999999891,4.862499999999931,0.124,-1.0,,,13,2,6.0,2024
2024-06-06 13:00:00+00:00|-1.0|calendar_drop_monday_h13_tp06_sl065,2024-06-06 13:00:00+00:00,STAGE28A,data/reports/stage28a_discovery_factory_batch_runner/stage28a_exact_trades.csv,calendar_time_risk_proxy_v1,calendar_drop_monday_h13_tp06_sl065,1.001799999999912,-0.0482000000000879,-0.7482000000000877,0,0,0,0,0.0482000000000879,31.670000000000073,20.389999999999873,0.564982834722906,12.929999999999836,0.5359628770301565,5.349999999999909,5.662499999999954,0.544,-1.0,,,13,3,6.0,2024
2024-06-07 13:00:00+00:00|-1.0|calendar_drop_monday_h13_tp06_sl065,2024-06-07 13:00:00+00:00,STAGE28A,data/reports/stage28a_discovery_factory_batch_runner/stage28a_exact_trades.csv,calendar_time_risk_proxy_v1,calendar_drop_monday_h13_tp06_sl065,2.954200000000037,1.9042000000000368,1.2042000000000377,1,1,1,0,1.9042000000000368,25.20999999999958,12.600000000000364,0.24920634920633192,50.42000000000007,0.8131693772312563,10.519999999999982,7.641499999999996,0.988,-1.0,,,13,4,6.0,2024
2024-06-07 23:45:00+00:00|1.0|calendar_drop_monday_h13_tp06_sl065,2024-06-07 23:45:00+00:00,STAGE28A,data/reports/stage28a_discovery_factory_batch_runner/stage28a_exact_trades.csv,calendar_time_risk_proxy_v1,calendar_drop_monday_h13_tp06_sl065,-0.35,-1.4,-2.1,0,0,0,0,1.4,25.20999999999958,12.600000000000364,0.24920634920633192,50.42000000000007,0.8131693772312563,13.88000000000011,11.647500000000013,1.0,1.0,,,13,4,6.0,2024
2024-06-11 13:00:00+00:00|1.0|calendar_drop_monday_h13_tp06_sl065,2024-06-11 13:00:00+00:00,STAGE28A,data/reports/stage28a_discovery_factory_batch_runner/stage28a_exact_trades.csv,calendar_time_risk_proxy_v1,calendar_drop_monday_h13_tp06_sl065,1.147899999999845,0.0978999999998451,-0.6021000000001546,1,0,0,0,0.0978999999998451,25.990000000000236,13.549999999999727,0.4479704797048181,9.990000000000236,0.2662662662662454,5.869999999999891,4.3929999999999385,0.068,1.0,,,13,1,6.0,2024
2024-06-12 13:00:00+00:00|-1.0|calendar_drop_monday_h13_tp06_sl065,2024-06-12 13:00:00+00:00,STAGE28A,data/reports/stage28a_discovery_factory_batch_runner/stage28a_exact_trades.csv,calendar_time_risk_proxy_v1,calendar_drop_monday_h13_tp06_sl065,-1.7101250000001529,-2.7601250000001527,-3.4601250000001524,0,0,0,0,2.7601250000001527,22.36999999999989,6.8400000000001455,0.42690058479532317,6.910000000000309,0.00289435600578595,3.25,3.8984999999999674,0.004,-1.0,,,13,2,6.0,2024
2024-06-13 13:00:00+00:00|1.0|calendar_drop_monday_h13_tp06_sl065,2024-06-13 13:00:00+00:00,STAGE28A,data/reports/stage28a_discovery_factory_batch_runner/stage28a_exact_trades.csv,calendar_time_risk_proxy_v1,calendar_drop_monday_h13_tp06_sl065,-1.878150000000096,-2.928150000000096,-3.628150000000096,0,0,0,0,2.928150000000096,31.039999999999964,16.460000000000036,0.4696233292831106,9.580000000000382,0.12526096033400524,5.0300000000002,6.201499999999965,0.628,1.0,,,13,3,6.0,2024
2024-06-14 13:00:00+00:00|1.0|calendar_drop_monday_h13_tp06_sl065,2024-06-14 13:00:00+00:00,STAGE28A,data/reports/stage28a_discovery_factory_batch_runner/stage28a_exact_trades.csv,calendar_time_risk_proxy_v1,calendar_drop_monday_h13_tp06_sl065,-2.3305500000002213,-3.380550000000221,-4.080550000000221,0,0,0,1,3.380550000000221,31.159999999999854,7.050000000000182,0.35886524822690496,19.139999999999873,0.8949843260188204,7.5300000000002,5.026000000000022,0.196,1.0,,,13,4,6.0,2024
2024-06-14 23:45:00+00:00|1.0|calendar_drop_monday_h13_tp06_sl065,2024-06-14 23:45:00+00:00,STAGE28A,data/reports/stage28a_discovery_factory_batch_runner/stage28a_exact_trades.csv,calendar_time_risk_proxy_v1,calendar_drop_monday_h13_tp06_sl065,-0.35,-1.4,-2.1,0,0,0,0,1.4,31.159999999999854,7.050000000000182,0.35886524822690496,19.139999999999873,0.8949843260188204,3.1900000000000546,6.1255000000000335,0.56,1.0,,,13,4,6.0,2024
2024-06-18 13:00:00+00:00|-1.0|calendar_drop_monday_h13_tp06_sl065,2024-06-18 13:00:00+00:00,STAGE28A,data/reports/stage28a_discovery_factory_batch_runner/stage28a_exact_trades.csv,calendar_time_risk_proxy_v1,calendar_drop_monday_h13_tp06_sl065,0.9297999999997956,-0.1202000000002043,-0.8202000000002041,0,0,0,0,0.1202000000002043,23.170000000000073,6.5,0.5292307692307776,14.090000000000146,0.9488999290276939,3.3600000000001273,4.485500000000002,0.072,-1.0,,,13,1,6.0,2024
2024-06-19 13:00:00+00:00|1.0|calendar_drop_monday_h13_tp06_sl065,2024-06-19 13:00:00+00:00,STAGE28A,data/reports/stage28a_discovery_factory_batch_runner/stage28a_exact_trades.csv,calendar_time_risk_proxy_v1,calendar_drop_monday_h13_tp06_sl065,-1.537225000000126,-2.587225000000126,-3.287225000000125,0,0,0,0,2.587225000000126,26.699999999999818,5.2199999999998,0.003831417624517735,8.190000000000055,0.020757020757029503,5.0900000000001455,3.493999999999983,0.004,1.0,,,13,2,6.0,2024
2024-06-20 13:00:00+00:00|-1.0|calendar_drop_monday_h13_tp06_sl065,2024-06-20 13:00:00+00:00,STAGE28A,data/reports/stage28a_discovery_factory_batch_runner/stage28a_exact_trades.csv,calendar_time_risk_proxy_v1,calendar_drop_monday_h13_tp06_sl065,1.169800000000032,0.1198000000000321,-0.5801999999999676,1,0,0,0,0.1198000000000321,11.2800000000002,11.260000000000218,0.3152753108348235,14.260000000000218,0.03366058906030932,4.130000000000109,3.9765000000000557,0.108,-1.0,,,13,3,6.0,2024
2024-06-21 13:00:00+00:00|1.0|calendar_drop_monday_h13_tp06_sl065,2024-06-21 13:00:00+00:00,STAGE28A,data/reports/stage28a_discovery_factory_batch_runner/stage28a_exact_trades.csv,calendar_time_risk_proxy_v1,calendar_drop_monday_h13_tp06_sl065,1.2276999999998224,0.1776999999998225,-0.5223000000001772,1,0,1,0,0.1776999999998225,37.65000000000009,7.75,0.3496774193548434,13.009999999999764,0.13374327440432499,4.390000000000327,5.033500000000049,0.396,1.0,,,13,4,6.0,2024
2024-06-21 23:45:00+00:00|1.0|calendar_drop_monday_h13_tp06_sl065,2024-06-21 23:45:00+00:00,STAGE28A,data/reports/stage28a_discovery_factory_batch_runner/stage28a_exact_trades.csv,calendar_time_risk_proxy_v1,calendar_drop_monday_h13_tp06_sl065,-0.35,-1.4,-2.1,0,0,0,0,1.4,37.65000000000009,7.75,0.3496774193548434,13.009999999999764,0.13374327440432499,2.9200000000000728,7.004500000000007,0.836,1.0,,,13,4,6.0,2024
2024-06-25 13:00:00+00:00|1.0|calendar_drop_monday_h13_tp06_sl065,2024-06-25 13:00:00+00:00,STAGE28A,data/reports/stage28a_discovery_factory_batch_runner/stage28a_exact_trades.csv,calendar_time_risk_proxy_v1,calendar_drop_monday_h13_tp06_sl065,-1.982799999999861,-3.032799999999861,-3.7327999999998607,0,0,0,0,3.032799999999861,17.15000000000009,11.150000000000091,0.6852017937219969,11.319999999999709,0.7915194346289989,4.769999999999982,4.180999999999949,0.152,1.0,,,13,1,6.0,2024
2024-06-26 13:00:00+00:00|-1.0|calendar_drop_monday_h13_tp06_sl065,2024-06-26 13:00:00+00:00,STAGE28A,data/reports/stage28a_discovery_factory_batch_runner/stage28a_exact_trades.csv,calendar_time_risk_proxy_v1,calendar_drop_monday_h13_tp06_sl065,-2.143674999999894,-3.1936749999998937,-3.893674999999893,0,0,0,1,3.1936749999998937,21.789999999999964,13.350000000000364,0.2636704119850102,8.690000000000055,0.11047180667434181,2.730000000000018,5.347500000000059,0.532,-1.0,,,13,2,6.0,2024
2024-06-27 13:00:00+00:00|1.0|calendar_drop_monday_h13_tp06_sl065,2024-06-27 13:00:00+00:00,STAGE28A,data/reports/stage28a_discovery_factory_batch_runner/stage28a_exact_trades.csv,calendar_time_risk_proxy_v1,calendar_drop_monday_h13_tp06_sl065,-2.018224999999893,-3.068224999999893,-3.7682249999998927,0,0,0,1,3.068224999999893,30.350000000000364,3.3899999999998727,0.22123893805310565,17.429999999999836,0.7917383820998457,6.599999999999909,3.5849999999999453,0.072,1.0,,,13,3,6.0,2024
2024-06-28 13:00:00+00:00|1.0|calendar_drop_monday_h13_tp06_sl065,2024-06-28 13:00:00+00:00,STAGE28A,data/reports/stage28a_discovery_factory_batch_runner/stage28a_exact_trades.csv,calendar_time_risk_proxy_v1,calendar_drop_monday_h13_tp06_sl065,-1.7270250000002307,-2.7770250000002306,-3.4770250000002303,0,0,0,0,2.7770250000002306,34.58999999999969,9.269999999999982,0.5587918015102316,12.099999999999909,0.7033057851239527,3.0700000000001637,4.011000000000058,0.132,1.0,,,13,4,6.0,2024
2024-06-28 23:45:00+00:00|1.0|calendar_drop_monday_h13_tp06_sl065,2024-06-28 23:45:00+00:00,STAGE28A,data/reports/stage28a_discovery_factory_batch_runner/stage28a_exact_trades.csv,calendar_time_risk_proxy_v1,calendar_drop_monday_h13_tp06_sl065,-0.35,-1.4,-2.1,0,0,0,0,1.4,34.58999999999969,9.269999999999982,0.5587918015102316,12.099999999999909,0.7033057851239527,3.2800000000002,5.501000000000045,0.708,1.0,,,13,4,6.0,2024
2024-07-02 13:00:00+00:00|1.0|calendar_drop_monday_h13_tp06_sl065,2024-07-02 13:00:00+00:00,STAGE28A,data/reports/stage28a_discovery_factory_batch_runner/stage28a_exact_trades.csv,calendar_time_risk_proxy_v1,calendar_drop_monday_h13_tp06_sl065,1.1593000000001663,0.1093000000001667,-0.590699999999833,1,0,0,0,0.1093000000001667,20.0,8.61999999999989,0.6705336426913943,9.099999999999909,0.1329670329670383,7.779999999999745,4.302500000000032,0.236,1.0,,,13,1,7.0,2024
2024-07-03 13:00:00+00:00|1.0|calendar_drop_monday_h13_tp06_sl065,2024-07-03 13:00:00+00:00,STAGE28A,data/reports/stage28a_discovery_factory_batch_runner/stage28a_exact_trades.csv,calendar_time_risk_proxy_v1,calendar_drop_monday_h13_tp06_sl065,1.3182999999998173,0.2682999999998174,-0.4317000000001822,1,0,1,0,0.2682999999998174,17.820000000000164,5.660000000000309,0.28798586572430485,15.799999999999727,0.9164556962025199,4.339999999999691,4.3839999999999915,0.296,1.0,,,13,2,7.0,2024
2024-07-04 13:00:00+00:00|1.0|calendar_drop_monday_h13_tp06_sl065,2024-07-04 13:00:00+00:00,STAGE28A,data/reports/stage28a_discovery_factory_batch_runner/stage28a_exact_trades.csv,calendar_time_risk_proxy_v1,calendar_drop_monday_h13_tp06_sl065,0.9900999999998932,-0.0599000000001068,-0.7599000000001066,0,0,0,0,0.0599000000001068,38.039999999999964,6.5900000000001455,0.12139605462824951,9.259999999999764,0.0377969762419409,3.4299999999998363,4.107499999999959,0.116,1.0,,,13,3,7.0,2024
2024-07-05 13:00:00+00:00|1.0|calendar_drop_monday_h13_tp06_sl065,2024-07-05 13:00:00+00:00,STAGE28A,data/reports/stage28a_discovery_factory_batch_runner/stage28a_exact_trades.csv,calendar_time_risk_proxy_v1,calendar_drop_monday_h13_tp06_sl065,0.8614000000001397,-0.1885999999998602,-0.88859999999986,0,0,0,0,0.1885999999998602,12.179999999999836,8.960000000000036,0.49218750000003253,6.680000000000291,0.08532934131731798,4.860000000000127,3.106000000000017,0.036,1.0,,,13,4,7.0,2024
2024-07-05 23:45:00+00:00|1.0|calendar_drop_monday_h13_tp06_sl065,2024-07-05 23:45:00+00:00,STAGE28A,data/reports/stage28a_discovery_factory_batch_runner/stage28a_exact_trades.csv,calendar_time_risk_proxy_v1,calendar_drop_monday_h13_tp06_sl065,-0.35,-1.4,-2.1,0,0,0,0,1.4,12.179999999999836,8.960000000000036,0.49218750000003253,6.680000000000291,0.08532934131731798,4.789999999999964,6.13900000000001,0.904,1.0,,,13,4,7.0,2024
2024-07-09 13:00:00+00:00|-1.0|calendar_drop_monday_h13_tp06_sl065,2024-07-09 13:00:00+00:00,STAGE28A,data/reports/stage28a_discovery_factory_batch_runner/stage28a_exact_trades.csv,calendar_time_risk_proxy_v1,calendar_drop_monday_h13_tp06_sl065,-1.668525000000136,-2.718525000000136,-3.418525000000136,0,0,0,0,2.718525000000136,40.36999999999989,9.490000000000236,0.8303477344573144,10.409999999999854,0.3170028818443586,3.7400000000002365,4.889499999999975,0.476,-1.0,,,13,1,7.0,2024
2024-07-10 13:00:00+00:00|1.0|calendar_drop_monday_h13_tp06_sl065,2024-07-10 13:00:00+00:00,STAGE28A,data/reports/stage28a_discovery_factory_batch_runner/stage28a_exact_trades.csv,calendar_time_risk_proxy_v1,calendar_drop_monday_h13_tp06_sl065,-1.6103500000000168,-2.6603500000000166,-3.3603500000000164,0,0,0,0,2.6603500000000166,22.20999999999958,7.329999999999927,0.5184174624829767,8.309999999999945,0.4500601684716975,2.480000000000018,4.531500000000028,0.288,1.0,,,13,2,7.0,2024
2024-07-11 13:00:00+00:00|1.0|calendar_drop_monday_h13_tp06_sl065,2024-07-11 13:00:00+00:00,STAGE28A,data/reports/stage28a_discovery_factory_batch_runner/stage28a_exact_trades.csv,calendar_time_risk_proxy_v1,calendar_drop_monday_h13_tp06_sl065,-1.8654750000001517,-2.9154750000001517,-3.615475000000151,0,0,0,0,2.9154750000001517,23.670000000000073,9.08999999999969,0.6567656765677071,6.099999999999909,0.8606557377049309,3.2199999999998,3.767999999999984,0.144,1.0,,,13,3,7.0,2024
2024-07-12 13:00:00+00:00|-1.0|calendar_drop_monday_h13_tp06_sl065,2024-07-12 13:00:00+00:00,STAGE28A,data/reports/stage28a_discovery_factory_batch_runner/stage28a_exact_trades.csv,calendar_time_risk_proxy_v1,calendar_drop_monday_h13_tp06_sl065,-2.098175000000174,-3.148175000000174,-3.8481750000001735,0,0,0,1,3.148175000000174,53.38999999999987,9.550000000000182,0.5350785340313692,9.760000000000218,0.3893442622950453,5.119999999999891,5.3715000000000375,0.7,-1.0,,,13,4,7.0,2024
2024-07-12 23:45:00+00:00|1.0|calendar_drop_monday_h13_tp06_sl065,2024-07-12 23:45:00+00:00,STAGE28A,data/reports/stage28a_discovery_factory_batch_runner/stage28a_exact_trades.csv,calendar_time_risk_proxy_v1,calendar_drop_monday_h13_tp06_sl065,-0.35,-1.4,-2.1,0,0,0,0,1.4,53.38999999999987,9.550000000000182,0.5350785340313692,9.760000000000218,0.3893442622950453,2.5700000000001637,5.277500000000032,0.656,1.0,,,13,4,7.0,2024
2024-07-16 13:00:00+00:00|1.0|calendar_drop_monday_h13_tp06_sl065,2024-07-16 13:00:00+00:00,STAGE28A,data/reports/stage28a_discovery_factory_batch_runner/stage28a_exact_trades.csv,calendar_time_risk_proxy_v1,calendar_drop_monday_h13_tp06_sl065,-2.216149999999834,-3.266149999999834,-3.9661499999998338,0,0,0,1,3.266149999999834,38.409999999999854,11.559999999999945,0.6643598615916845,18.269999999999982,0.75478927203065,8.320000000000164,5.3940000000000285,0.66,1.0,,,13,1,7.0,2024
2024-07-17 13:00:00+00:00|1.0|calendar_drop_monday_h13_tp06_sl065,2024-07-17 13:00:00+00:00,STAGE28A,data/reports/stage28a_discovery_factory_batch_runner/stage28a_exact_trades.csv,calendar_time_risk_proxy_v1,calendar_drop_monday_h13_tp06_sl065,1.8268000000001847,0.7768000000001849,0.0768000000001851,1,1,1,0,0.7768000000001849,49.659999999999854,18.299999999999727,0.15191256830602412,17.019999999999982,0.18801410105759556,5.699999999999818,7.180999999999995,0.952,1.0,,,13,2,7.0,2024
2024-07-18 13:00:00+00:00|-1.0|calendar_drop_monday_h13_tp06_sl065,2024-07-18 13:00:00+00:00,STAGE28A,data/reports/stage28a_discovery_factory_batch_runner/stage28a_exact_trades.csv,calendar_time_risk_proxy_v1,calendar_drop_monday_h13_tp06_sl065,1.2031000000000858,0.1531000000000859,-0.5468999999999138,1,0,1,0,0.1531000000000859,32.25999999999976,11.519999999999982,0.7647569444444409,10.329999999999927,0.23523717328168958,3.099999999999909,6.02800000000002,0.692,-1.0,,,13,3,7.0,2024
2024-07-19 13:00:00+00:00|-1.0|calendar_drop_monday_h13_tp06_sl065,2024-07-19 13:00:00+00:00,STAGE28A,data/reports/stage28a_discovery_factory_batch_runner/stage28a_exact_trades.csv,calendar_time_risk_proxy_v1,calendar_drop_monday_h13_tp06_sl065,-3.026375000000008,-4.076375000000008,-4.776375000000007,0,0,0,1,4.076375000000008,34.84999999999991,24.679999999999836,0.6288492706645091,16.5,0.7678787878787923,6.269999999999982,7.066999999999939,0.872,-1.0,,,13,4,7.0,2024
2024-07-19 23:45:00+00:00|1.0|calendar_drop_monday_h13_tp06_sl065,2024-07-19 23:45:00+00:00,STAGE28A,data/reports/stage28a_discovery_factory_batch_runner/stage28a_exact_trades.csv,calendar_time_risk_proxy_v1,calendar_drop_monday_h13_tp06_sl065,-1.836225000000104,-2.886225000000104,-3.586225000000104,0,0,0,0,2.886225000000104,34.84999999999991,24.679999999999836,0.6288492706645091,16.5,0.7678787878787923,3.119999999999891,7.5514999999999874,0.932,1.0,,,13,4,7.0,2024
2024-07-23 13:00:00+00:00|1.0|calendar_drop_monday_h13_tp06_sl065,2024-07-23 13:00:00+00:00,STAGE28A,data/reports/stage28a_discovery_factory_batch_runner/stage28a_exact_trades.csv,calendar_time_risk_proxy_v1,calendar_drop_monday_h13_tp06_sl065,1.7665000000000872,0.7165000000000874,0.0165000000000876,1,1,1,0,0.7165000000000874,28.23999999999978,9.199999999999818,0.34239130434784276,20.019999999999982,0.43806193806193755,4.9099999999998545,5.389500000000021,0.384,1.0,,,13,1,7.0,2024
2024-07-24 13:00:00+00:00|-1.0|calendar_drop_monday_h13_tp06_sl065,2024-07-24 13:00:00+00:00,STAGE28A,data/reports/stage28a_discovery_factory_batch_runner/stage28a_exact_trades.csv,calendar_time_risk_proxy_v1,calendar_drop_monday_h13_tp06_sl065,-1.9990499999999884,-3.0490499999999883,-3.749049999999988,0,0,0,0,3.0490499999999883,23.950000000000273,13.399999999999636,0.53358208955226,9.379999999999654,0.32622601279323166,5.019999999999982,4.474999999999932,0.088,-1.0,,,13,2,7.0,2024
2024-07-25 13:00:00+00:00|-1.0|calendar_drop_monday_h13_tp06_sl065,2024-07-25 13:00:00+00:00,STAGE28A,data/reports/stage28a_discovery_factory_batch_runner/stage28a_exact_trades.csv,calendar_time_risk_proxy_v1,calendar_drop_monday_h13_tp06_sl065,2.1789999999999963,1.1289999999999965,0.4289999999999967,1,1,1,0,1.1289999999999965,35.4699999999998,34.38999999999987,0.6685082872928138,12.909999999999854,0.0859798605732099,5.730000000000018,8.440499999999929,0.972,-1.0,,,13,3,7.0,2024
2024-07-26 13:00:00+00:00|1.0|calendar_drop_monday_h13_tp06_sl065,2024-07-26 13:00:00+00:00,STAGE28A,data/reports/stage28a_discovery_factory_batch_runner/stage28a_exact_trades.csv,calendar_time_risk_proxy_v1,calendar_drop_monday_h13_tp06_sl065,-2.261974999999984,-3.311974999999984,-4.011974999999984,0,0,0,1,3.311974999999984,48.190000000000055,23.550000000000182,0.36390658174096147,10.0300000000002,0.19541375872382824,2.849999999999909,6.586000000000013,0.584,1.0,,,13,4,7.0,2024
2024-07-26 23:45:00+00:00|1.0|calendar_drop_monday_h13_tp06_sl065,2024-07-26 23:45:00+00:00,STAGE28A,data/reports/stage28a_discovery_factory_batch_runner/stage28a_exact_trades.csv,calendar_time_risk_proxy_v1,calendar_drop_monday_h13_tp06_sl065,-0.35,-1.4,-2.1,0,0,0,0,1.4,48.190000000000055,23.550000000000182,0.36390658174096147,10.0300000000002,0.19541375872382824,4.369999999999891,6.606999999999948,0.612,1.0,,,13,4,7.0,2024
2024-07-30 13:00:00+00:00|1.0|calendar_drop_monday_h13_tp06_sl065,2024-07-30 13:00:00+00:00,STAGE28A,data/reports/stage28a_discovery_factory_batch_runner/stage28a_exact_trades.csv,calendar_time_risk_proxy_v1,calendar_drop_monday_h13_tp06_sl065,0.8893000000001848,-0.1606999999998151,-0.8606999999998148,0,0,0,0,0.1606999999998151,33.460000000000036,9.460000000000036,0.18181818181820805,6.4099999999998545,0.5397815912636684,2.2600000000002183,4.942500000000041,0.068,1.0,,,13,1,7.0,2024
2024-07-31 13:00:00+00:00|1.0|calendar_drop_monday_h13_tp06_sl065,2024-07-31 13:00:00+00:00,STAGE28A,data/reports/stage28a_discovery_factory_batch_runner/stage28a_exact_trades.csv,calendar_time_risk_proxy_v1,calendar_drop_monday_h13_tp06_sl065,-2.229475000000184,-3.279475000000184,-3.979475000000184,0,0,0,1,3.279475000000184,36.43000000000029,15.139999999999873,0.47159841479523995,10.990000000000236,0.4003639672429478,4.430000000000291,6.458000000000107,0.528,1.0,,,13,2,7.0,2024
2024-08-01 13:00:00+00:00|-1.0|calendar_drop_monday_h13_tp06_sl065,2024-08-01 13:00:00+00:00,STAGE28A,data/reports/stage28a_discovery_factory_batch_runner/stage28a_exact_trades.csv,calendar_time_risk_proxy_v1,calendar_drop_monday_h13_tp06_sl065,1.47549999999992,0.42549999999992,-0.2745000000000797,1,0,1,0,0.42549999999992,46.98999999999978,20.950000000000273,0.23293556085919073,18.829999999999927,0.5268189060010439,4.900000000000091,6.938000000000011,0.756,-1.0,,,13,3,8.0,2024
2024-08-02 13:00:00+00:00|1.0|calendar_drop_monday_h13_tp06_sl065,2024-08-02 13:00:00+00:00,STAGE28A,data/reports/stage28a_discovery_factory_batch_runner/stage28a_exact_trades.csv,calendar_time_risk_proxy_v1,calendar_drop_monday_h13_tp06_sl065,1.6822000000001025,0.6322000000001027,-0.067799999999897,1,0,1,0,0.6322000000001027,32.190000000000055,24.539999999999964,0.3793806030970014,14.139999999999873,0.6605374823196768,3.4099999999998545,7.270000000000027,0.768,1.0,,,13,4,8.0,2024
2024-08-02 23:45:00+00:00|1.0|calendar_drop_monday_h13_tp06_sl065,2024-08-02 23:45:00+00:00,STAGE28A,data/reports/stage28a_discovery_factory_batch_runner/stage28a_exact_trades.csv,calendar_time_risk_proxy_v1,calendar_drop_monday_h13_tp06_sl065,-0.35,-1.4,-2.1,0,0,0,0,1.4,32.190000000000055,24.539999999999964,0.3793806030970014,14.139999999999873,0.6605374823196768,12.329999999999927,11.997500000000036,1.0,1.0,,,13,4,8.0,2024
2024-08-06 13:00:00+00:00|1.0|calendar_drop_monday_h13_tp06_sl065,2024-08-06 13:00:00+00:00,STAGE28A,data/reports/stage28a_discovery_factory_batch_runner/stage28a_exact_trades.csv,calendar_time_risk_proxy_v1,calendar_drop_monday_h13_tp06_sl065,-3.5259000000001834,-4.575900000000184,-5.275900000000183,0,0,0,1,4.575900000000184,94.65999999999985,13.960000000000036,0.005014326647576184,20.720000000000255,0.20945945945944197,5.320000000000164,8.264500000000089,0.744,1.0,,,13,1,8.0,2024
2024-08-07 13:00:00+00:00|1.0|calendar_drop_monday_h13_tp06_sl065,2024-08-07 13:00:00+00:00,STAGE28A,data/reports/stage28a_discovery_factory_batch_runner/stage28a_exact_trades.csv,calendar_time_risk_proxy_v1,calendar_drop_monday_h13_tp06_sl065,-2.3321750000000976,-3.3821750000000974,-4.082175000000097,0,0,0,1,3.3821750000000974,36.63000000000011,11.710000000000036,0.22715627668657953,11.829999999999927,0.7007607776838558,3.930000000000291,6.822499999999991,0.396,1.0,,,13,2,8.0,2024
2024-08-08 13:00:00+00:00|1.0|calendar_drop_monday_h13_tp06_sl065,2024-08-08 13:00:00+00:00,STAGE28A,data/reports/stage28a_discovery_factory_batch_runner/stage28a_exact_trades.csv,calendar_time_risk_proxy_v1,calendar_drop_monday_h13_tp06_sl065,1.679500000000098,0.6295000000000983,-0.0704999999999014,1,0,1,0,0.6295000000000983,28.01000000000022,14.150000000000091,0.7519434628975127,15.019999999999982,0.1291611185086589,5.150000000000091,5.698000000000024,0.1,1.0,,,13,3,8.0,2024
2024-08-09 13:00:00+00:00|1.0|calendar_drop_monday_h13_tp06_sl065,2024-08-09 13:00:00+00:00,STAGE28A,data/reports/stage28a_discovery_factory_batch_runner/stage28a_exact_trades.csv,calendar_time_risk_proxy_v1,calendar_drop_monday_h13_tp06_sl065,1.227099999999973,0.1770999999999731,-0.5229000000000266,1,0,1,0,0.1770999999999731,47.190000000000055,9.679999999999836,0.4845041322314188,10.159999999999854,0.24606299212598778,2.9600000000000364,5.6220000000000026,0.092,1.0,,,13,4,8.0,2024
2024-08-09 23:45:00+00:00|1.0|calendar_drop_monday_h13_tp06_sl065,2024-08-09 23:45:00+00:00,STAGE28A,data/reports/stage28a_discovery_factory_batch_runner/stage28a_exact_trades.csv,calendar_time_risk_proxy_v1,calendar_drop_monday_h13_tp06_sl065,-0.35,-1.4,-2.1,0,0,0,0,1.4,47.190000000000055,9.679999999999836,0.4845041322314188,10.159999999999854,0.24606299212598778,2.6900000000000546,6.089499999999998,0.224,1.0,,,13,4,8.0,2024
2024-08-13 13:00:00+00:00|-1.0|calendar_drop_monday_h13_tp06_sl065,2024-08-13 13:00:00+00:00,STAGE28A,data/reports/stage28a_discovery_factory_batch_runner/stage28a_exact_trades.csv,calendar_time_risk_proxy_v1,calendar_drop_monday_h13_tp06_sl065,-2.028625000000011,-3.078625000000011,-3.7786250000000106,0,0,0,1,3.078625000000011,50.149999999999636,16.190000000000055,0.6331068560840003,7.660000000000309,0.3694516971279129,3.150000000000091,5.561000000000059,0.14,-1.0,,,13,1,8.0,2024
2024-08-14 13:00:00+00:00|1.0|calendar_drop_monday_h13_tp06_sl065,2024-08-14 13:00:00+00:00,STAGE28A,data/reports/stage28a_discovery_factory_batch_runner/stage28a_exact_trades.csv,calendar_time_risk_proxy_v1,calendar_drop_monday_h13_tp06_sl065,-2.1628499999997985,-3.2128499999997984,-3.912849999999798,0,0,0,1,3.2128499999997984,18.51000000000022,17.210000000000036,0.2719349215572505,19.289999999999964,0.6174183514774431,4.269999999999982,5.153500000000031,0.036,1.0,,,13,2,8.0,2024
2024-08-15 13:00:00+00:00|1.0|calendar_drop_monday_h13_tp06_sl065,2024-08-15 13:00:00+00:00,STAGE28A,data/reports/stage28a_discovery_factory_batch_runner/stage28a_exact_trades.csv,calendar_time_risk_proxy_v1,calendar_drop_monday_h13_tp06_sl065,-1.8082749999999577,-2.8582749999999577,-3.558274999999957,0,0,0,0,2.8582749999999577,41.86000000000013,7.900000000000091,0.7367088607595059,8.480000000000018,0.36320754716980197,1.8999999999996362,4.555499999999961,0.016,1.0,,,13,3,8.0,2024
2024-08-16 13:00:00+00:00|1.0|calendar_drop_monday_h13_tp06_sl065,2024-08-16 13:00:00+00:00,STAGE28A,data/reports/stage28a_discovery_factory_batch_runner/stage28a_exact_trades.csv,calendar_time_risk_proxy_v1,calendar_drop_monday_h13_tp06_sl065,-2.045525000000089,-3.0955250000000887,-3.795525000000088,0,0,0,1,3.0955250000000887,37.90000000000009,9.2199999999998,0.26030368763559036,13.390000000000327,0.8110530246452473,3.0700000000001637,4.9780000000000655,0.04,1.0,,,13,4,8.0,2024
2024-08-16 23:45:00+00:00|1.0|calendar_drop_monday_h13_tp06_sl065,2024-08-16 23:45:00+00:00,STAGE28A,data/reports/stage28a_discovery_factory_batch_runner/stage28a_exact_trades.csv,calendar_time_risk_proxy_v1,calendar_drop_monday_h13_tp06_sl065,-0.35,-1.4,-2.1,0,0,0,0,1.4,37.90000000000009,9.2199999999998,0.26030368763559036,13.390000000000327,0.8110530246452473,7.3100000000004,7.434000000000128,0.724,1.0,,,13,4,8.0,2024
2024-08-20 13:00:00+00:00|1.0|calendar_drop_monday_h13_tp06_sl065,2024-08-20 13:00:00+00:00,STAGE28A,data/reports/stage28a_discovery_factory_batch_runner/stage28a_exact_trades.csv,calendar_time_risk_proxy_v1,calendar_drop_monday_h13_tp06_sl065,2.006499999999869,0.9564999999998692,0.2564999999998694,1,1,1,0,0.9564999999998692,23.800000000000182,9.5,0.2642105263157646,27.909999999999854,0.7115729129344404,5.519999999999982,5.144999999999982,0.08,1.0,,,13,1,8.0,2024
2024-08-21 13:00:00+00:00|-1.0|calendar_drop_monday_h13_tp06_sl065,2024-08-21 13:00:00+00:00,STAGE28A,data/reports/stage28a_discovery_factory_batch_runner/stage28a_exact_trades.csv,calendar_time_risk_proxy_v1,calendar_drop_monday_h13_tp06_sl065,-2.37539999999999,-3.4253999999999905,-4.12539999999999,0,0,0,1,3.4253999999999905,34.36999999999989,9.070000000000164,0.2987872105843426,15.009999999999764,0.7854763491006096,4.589999999999691,6.100000000000068,0.44,-1.0,,,13,2,8.0,2024
2024-08-22 13:00:00+00:00|1.0|calendar_drop_monday_h13_tp06_sl065,2024-08-22 13:00:00+00:00,STAGE28A,data/reports/stage28a_discovery_factory_batch_runner/stage28a_exact_trades.csv,calendar_time_risk_proxy_v1,calendar_drop_monday_h13_tp06_sl065,1.5775000000002364,0.5275000000002366,-0.1724999999997631,1,0,1,0,0.5275000000002366,26.590000000000146,14.809999999999945,0.7758271438217609,11.340000000000146,0.4276895943562876,6.849999999999909,5.757500000000005,0.328,1.0,,,13,3,8.0,2024
2024-08-23 13:00:00+00:00|1.0|calendar_drop_monday_h13_tp06_sl065,2024-08-23 13:00:00+00:00,STAGE28A,data/reports/stage28a_discovery_factory_batch_runner/stage28a_exact_trades.csv,calendar_time_risk_proxy_v1,calendar_drop_monday_h13_tp06_sl065,-1.920075000000088,-2.970075000000088,-3.670075000000088,0,0,0,0,2.970075000000088,44.07999999999993,10.150000000000091,0.8068965517241361,11.450000000000273,0.5152838427947157,4.910000000000309,4.900999999999999,0.06,1.0,,,13,4,8.0,2024
2024-08-23 23:45:00+00:00|1.0|calendar_drop_monday_h13_tp06_sl065,2024-08-23 23:45:00+00:00,STAGE28A,data/reports/stage28a_discovery_factory_batch_runner/stage28a_exact_trades.csv,calendar_time_risk_proxy_v1,calendar_drop_monday_h13_tp06_sl065,-0.35,-1.4,-2.1,0,0,0,0,1.4,44.07999999999993,10.150000000000091,0.8068965517241361,11.450000000000273,0.5152838427947157,4.869999999999891,5.832000000000017,0.396,1.0,,,13,4,8.0,2024
2024-08-27 13:00:00+00:00|1.0|calendar_drop_monday_h13_tp06_sl065,2024-08-27 13:00:00+00:00,STAGE28A,data/reports/stage28a_discovery_factory_batch_runner/stage28a_exact_trades.csv,calendar_time_risk_proxy_v1,calendar_drop_monday_h13_tp06_sl065,1.6552000000000588,0.605200000000059,-0.0947999999999407,1,0,1,0,0.605200000000059,18.050000000000182,11.989999999999782,0.6905754795662966,13.979999999999563,0.006437768240353958,5.670000000000073,5.167499999999973,0.196,1.0,,,13,1,8.0,2024
2024-08-28 13:00:00+00:00|-1.0|calendar_drop_monday_h13_tp06_sl065,2024-08-28 13:00:00+00:00,STAGE28A,data/reports/stage28a_discovery_factory_batch_runner/stage28a_exact_trades.csv,calendar_time_risk_proxy_v1,calendar_drop_monday_h13_tp06_sl065,-2.055924999999752,-3.105924999999752,-3.805924999999752,0,0,0,1,3.105924999999752,22.4399999999996,15.88000000000011,0.6190176322418047,12.849999999999909,0.4513618677042621,3.7100000000000364,5.0939999999999825,0.172,-1.0,,,13,2,8.0,2024
2024-08-29 13:00:00+00:00|1.0|calendar_drop_monday_h13_tp06_sl065,2024-08-29 13:00:00+00:00,STAGE28A,data/reports/stage28a_discovery_factory_batch_runner/stage28a_exact_trades.csv,calendar_time_risk_proxy_v1,calendar_drop_monday_h13_tp06_sl065,-2.314300000000094,-3.3643000000000938,-4.0643000000000935,0,0,0,1,3.3643000000000938,35.45000000000027,12.860000000000127,0.7449455676516199,10.539999999999964,0.5910815939278975,8.480000000000018,4.832999999999993,0.112,1.0,,,13,3,8.0,2024
2024-08-30 13:00:00+00:00|1.0|calendar_drop_monday_h13_tp06_sl065,2024-08-30 13:00:00+00:00,STAGE28A,data/reports/stage28a_discovery_factory_batch_runner/stage28a_exact_trades.csv,calendar_time_risk_proxy_v1,calendar_drop_monday_h13_tp06_sl065,1.5259000000000014,0.4759000000000015,-0.2240999999999982,1,0,1,0,0.4759000000000015,25.059999999999945,9.490000000000236,0.7766069546891157,14.860000000000127,0.7301480484522084,4.180000000000291,4.791500000000019,0.088,1.0,,,13,4,8.0,2024
2024-08-30 23:45:00+00:00|1.0|calendar_drop_monday_h13_tp06_sl065,2024-08-30 23:45:00+00:00,STAGE28A,data/reports/stage28a_discovery_factory_batch_runner/stage28a_exact_trades.csv,calendar_time_risk_proxy_v1,calendar_drop_monday_h13_tp06_sl065,-0.35,-1.4,-2.1,0,0,0,0,1.4,25.059999999999945,9.490000000000236,0.7766069546891157,14.860000000000127,0.7301480484522084,5.6599999999998545,6.474500000000035,0.8,1.0,,,13,4,8.0,2024
2024-09-03 13:00:00+00:00|1.0|calendar_drop_monday_h13_tp06_sl065,2024-09-03 13:00:00+00:00,STAGE28A,data/reports/stage28a_discovery_factory_batch_runner/stage28a_exact_trades.csv,calendar_time_risk_proxy_v1,calendar_drop_monday_h13_tp06_sl065,-1.90902500000002,-2.95902500000002,-3.6590250000000193,0,0,0,0,2.95902500000002,17.240000000000236,10.08999999999969,0.2775024777007203,13.659999999999854,0.4612005856515223,4.1599999999998545,3.5479999999999334,0.016,1.0,,,13,1,9.0,2024
2024-09-04 13:00:00+00:00|-1.0|calendar_drop_monday_h13_tp06_sl065,2024-09-04 13:00:00+00:00,STAGE28A,data/reports/stage28a_discovery_factory_batch_runner/stage28a_exact_trades.csv,calendar_time_risk_proxy_v1,calendar_drop_monday_h13_tp06_sl065,-2.616224999999849,-3.666224999999849,-4.366224999999849,0,0,0,1,3.666224999999849,32.80000000000018,5.679999999999836,0.32922535211266635,24.890000000000327,0.5355564483728488,11.41000000000031,5.5715000000000146,0.468,-1.0,,,13,2,9.0,2024
2024-09-05 13:00:00+00:00|1.0|calendar_drop_monday_h13_tp06_sl065,2024-09-05 13:00:00+00:00,STAGE28A,data/reports/stage28a_discovery_factory_batch_runner/stage28a_exact_trades.csv,calendar_time_risk_proxy_v1,calendar_drop_monday_h13_tp06_sl065,-2.327300000000014,-3.3773000000000137,-4.0773000000000135,0,0,0,1,3.3773000000000137,28.620000000000346,4.880000000000109,0.08811475409832514,23.409999999999854,0.8821016659547296,2.519999999999982,4.613000000000056,0.132,1.0,,,13,3,9.0,2024
2024-09-06 13:00:00+00:00|-1.0|calendar_drop_monday_h13_tp06_sl065,2024-09-06 13:00:00+00:00,STAGE28A,data/reports/stage28a_discovery_factory_batch_runner/stage28a_exact_trades.csv,calendar_time_risk_proxy_v1,calendar_drop_monday_h13_tp06_sl065,0.8290000000000873,-0.2209999999999126,-0.9209999999999124,0,0,0,0,0.2209999999999126,29.690000000000055,5.369999999999891,0.3873370577281135,6.360000000000127,0.14622641509431095,3.480000000000018,3.726999999999953,0.024,-1.0,,,13,4,9.0,2024
2024-09-06 23:45:00+00:00|1.0|calendar_drop_monday_h13_tp06_sl065,2024-09-06 23:45:00+00:00,STAGE28A,data/reports/stage28a_discovery_factory_batch_runner/stage28a_exact_trades.csv,calendar_time_risk_proxy_v1,calendar_drop_monday_h13_tp06_sl065,-0.35,-1.4,-2.1,0,0,0,0,1.4,29.690000000000055,5.369999999999891,0.3873370577281135,6.360000000000127,0.14622641509431095,6.170000000000073,7.743499999999995,1.0,1.0,,,13,4,9.0,2024
2024-09-10 13:00:00+00:00|-1.0|calendar_drop_monday_h13_tp06_sl065,2024-09-10 13:00:00+00:00,STAGE28A,data/reports/stage28a_discovery_factory_batch_runner/stage28a_exact_trades.csv,calendar_time_risk_proxy_v1,calendar_drop_monday_h13_tp06_sl065,-1.831674999999996,-2.8816749999999955,-3.5816749999999957,0,0,0,0,2.8816749999999955,21.75,6.220000000000255,0.7202572347266616,7.599999999999909,0.4552631578947471,5.820000000000164,3.971499999999992,0.076,-1.0,,,13,1,9.0,2024
2024-09-11 13:00:00+00:00|1.0|calendar_drop_monday_h13_tp06_sl065,2024-09-11 13:00:00+00:00,STAGE28A,data/reports/stage28a_discovery_factory_batch_runner/stage28a_exact_trades.csv,calendar_time_risk_proxy_v1,calendar_drop_monday_h13_tp06_sl065,1.34380000000001,0.2938000000000103,-0.4061999999999894,1,0,1,0,0.2938000000000103,18.289999999999964,7.5300000000002,0.3917662682602576,10.460000000000036,0.35946462715107125,2.6599999999998545,4.4,0.152,1.0,,,13,2,9.0,2024
2024-09-12 13:00:00+00:00|1.0|calendar_drop_monday_h13_tp06_sl065,2024-09-12 13:00:00+00:00,STAGE28A,data/reports/stage28a_discovery_factory_batch_runner/stage28a_exact_trades.csv,calendar_time_risk_proxy_v1,calendar_drop_monday_h13_tp06_sl065,-1.623674999999912,-2.673674999999912,-3.373674999999912,0,0,0,0,2.673674999999912,28.09999999999991,5.139999999999873,0.5992217898832691,7.850000000000364,0.36687898089171667,2.8299999999999272,3.802999999999952,0.056,1.0,,,13,3,9.0,2024
2024-09-13 13:00:00+00:00|1.0|calendar_drop_monday_h13_tp06_sl065,2024-09-13 13:00:00+00:00,STAGE28A,data/reports/stage28a_discovery_factory_batch_runner/stage28a_exact_trades.csv,calendar_time_risk_proxy_v1,calendar_drop_monday_h13_tp06_sl065,1.6146999999999934,0.5646999999999935,-0.1353000000000062,1,0,1,0,0.5646999999999935,49.059999999999945,13.38000000000011,0.7825112107623104,9.980000000000018,0.0621242484970285,6.0,5.459000000000015,0.54,1.0,,,13,4,9.0,2024
2024-09-13 23:45:00+00:00|1.0|calendar_drop_monday_h13_tp06_sl065,2024-09-13 23:45:00+00:00,STAGE28A,data/reports/stage28a_discovery_factory_batch_runner/stage28a_exact_trades.csv,calendar_time_risk_proxy_v1,calendar_drop_monday_h13_tp06_sl065,-0.35,-1.4,-2.1,0,0,0,0,1.4,49.059999999999945,13.38000000000011,0.7825112107623104,9.980000000000018,0.0621242484970285,4.289999999999964,5.833499999999981,0.664,1.0,,,13,4,9.0,2024
2024-09-17 13:00:00+00:00|1.0|calendar_drop_monday_h13_tp06_sl065,2024-09-17 13:00:00+00:00,STAGE28A,data/reports/stage28a_discovery_factory_batch_runner/stage28a_exact_trades.csv,calendar_time_risk_proxy_v1,calendar_drop_monday_h13_tp06_sl065,1.4014000000001032,0.3514000000001034,-0.3485999999998963,1,0,1,0,0.3514000000001034,14.300000000000182,9.539999999999964,0.6006289308176143,15.289999999999964,0.23806409417919433,8.460000000000036,4.588000000000102,0.228,1.0,,,13,1,9.0,2024
2024-09-18 13:00:00+00:00|-1.0|calendar_drop_monday_h13_tp06_sl065,2024-09-18 13:00:00+00:00,STAGE28A,data/reports/stage28a_discovery_factory_batch_runner/stage28a_exact_trades.csv,calendar_time_risk_proxy_v1,calendar_drop_monday_h13_tp06_sl065,-1.6763249999999972,-2.726324999999997,-3.4263249999999967,0,0,0,0,2.726324999999997,26.2199999999998,8.230000000000018,0.6342648845686255,10.759999999999764,0.369888475836441,3.9899999999997817,5.132999999999948,0.488,-1.0,,,13,2,9.0,2024
2024-09-19 13:00:00+00:00|1.0|calendar_drop_monday_h13_tp06_sl065,2024-09-19 13:00:00+00:00,STAGE28A,data/reports/stage28a_discovery_factory_batch_runner/stage28a_exact_trades.csv,calendar_time_risk_proxy_v1,calendar_drop_monday_h13_tp06_sl065,-2.615574999999899,-3.6655749999998983,-4.3655749999998985,0,0,0,1,3.6655749999998983,53.19999999999982,15.420000000000073,0.30998702983136983,35.34999999999991,0.7932107496463943,10.940000000000055,9.204999999999995,1.0,1.0,,,13,3,9.0,2024
2024-09-20 13:00:00+00:00|1.0|calendar_drop_monday_h13_tp06_sl065,2024-09-20 13:00:00+00:00,STAGE28A,data/reports/stage28a_discovery_factory_batch_runner/stage28a_exact_trades.csv,calendar_time_risk_proxy_v1,calendar_drop_monday_h13_tp06_sl065,1.501599999999962,0.4515999999999622,-0.2484000000000374,1,0,1,0,0.4515999999999622,43.789999999999964,8.75,0.41142857142856104,21.419999999999618,0.6984126984127126,8.039999999999964,5.049000000000047,0.416,1.0,,,13,4,9.0,2024
2024-09-20 23:45:00+00:00|1.0|calendar_drop_monday_h13_tp06_sl065,2024-09-20 23:45:00+00:00,STAGE28A,data/reports/stage28a_discovery_factory_batch_runner/stage28a_exact_trades.csv,calendar_time_risk_proxy_v1,calendar_drop_monday_h13_tp06_sl065,-0.35,-1.4,-2.1,0,0,0,0,1.4,43.789999999999964,8.75,0.41142857142856104,21.419999999999618,0.6984126984127126,2.630000000000109,6.5069999999999935,0.716,1.0,,,13,4,9.0,2024
2024-09-24 13:00:00+00:00|-1.0|calendar_drop_monday_h13_tp06_sl065,2024-09-24 13:00:00+00:00,STAGE28A,data/reports/stage28a_discovery_factory_batch_runner/stage28a_exact_trades.csv,calendar_time_risk_proxy_v1,calendar_drop_monday_h13_tp06_sl065,-2.5625999999998386,-3.6125999999998384,-4.312599999999838,0,0,0,1,3.6125999999998384,21.01000000000022,12.349999999999909,0.5344129554655837,17.549999999999727,0.1908831908832146,3.75,4.588500000000022,0.172,-1.0,,,13,1,9.0,2024
2024-09-25 13:00:00+00:00|-1.0|calendar_drop_monday_h13_tp06_sl065,2024-09-25 13:00:00+00:00,STAGE28A,data/reports/stage28a_discovery_factory_batch_runner/stage28a_exact_trades.csv,calendar_time_risk_proxy_v1,calendar_drop_monday_h13_tp06_sl065,-2.327300000000014,-3.3773000000000137,-4.0773000000000135,0,0,0,1,3.3773000000000137,41.76999999999998,15.13000000000011,0.15333773959019778,10.159999999999854,0.4498031496063218,4.919999999999618,6.537499999999954,0.724,-1.0,,,13,2,9.0,2024
2024-09-26 13:00:00+00:00|1.0|calendar_drop_monday_h13_tp06_sl065,2024-09-26 13:00:00+00:00,STAGE28A,data/reports/stage28a_discovery_factory_batch_runner/stage28a_exact_trades.csv,calendar_time_risk_proxy_v1,calendar_drop_monday_h13_tp06_sl065,-2.0318750000002184,-3.081875000000218,-3.781875000000218,0,0,0,1,3.081875000000218,20.829999999999927,7.170000000000073,0.6094839609484382,12.570000000000164,0.49721559268098,2.869999999999891,5.068999999999915,0.308,1.0,,,13,3,9.0,2024
2024-09-27 13:00:00+00:00|-1.0|calendar_drop_monday_h13_tp06_sl065,2024-09-27 13:00:00+00:00,STAGE28A,data/reports/stage28a_discovery_factory_batch_runner/stage28a_exact_trades.csv,calendar_time_risk_proxy_v1,calendar_drop_monday_h13_tp06_sl065,-2.3975000000001274,-3.4475000000001272,-4.147500000000127,0,0,0,1,3.4475000000001272,30.809999999999945,7.579999999999927,0.14775725593666247,15.519999999999982,0.6359536082474457,6.569999999999709,5.522500000000036,0.448,-1.0,,,13,4,9.0,2024
2024-09-27 23:45:00+00:00|1.0|calendar_drop_monday_h13_tp06_sl065,2024-09-27 23:45:00+00:00,STAGE28A,data/reports/stage28a_discovery_factory_batch_runner/stage28a_exact_trades.csv,calendar_time_risk_proxy_v1,calendar_drop_monday_h13_tp06_sl065,-2.4212250000001405,-3.4712250000001403,-4.17122500000014,0,0,0,1,3.4712250000001403,30.809999999999945,7.579999999999927,0.14775725593666247,15.519999999999982,0.6359536082474457,7.239999999999782,7.094000000000051,0.816,1.0,,,13,4,9.0,2024
2024-10-01 13:00:00+00:00|1.0|calendar_drop_monday_h13_tp06_sl065,2024-10-01 13:00:00+00:00,STAGE28A,data/reports/stage28a_discovery_factory_batch_runner/stage28a_exact_trades.csv,calendar_time_risk_proxy_v1,calendar_drop_monday_h13_tp06_sl065,0.991899999999896,-0.0581000000001039,-0.7581000000001037,0,0,0,0,0.0581000000001039,41.48000000000002,7.730000000000018,0.3842173350582468,11.840000000000146,0.9045608108108028,3.9400000000000546,4.787000000000035,0.108,1.0,,,13,1,10.0,2024
2024-10-02 13:00:00+00:00|-1.0|calendar_drop_monday_h13_tp06_sl065,2024-10-02 13:00:00+00:00,STAGE28A,data/reports/stage28a_discovery_factory_batch_runner/stage28a_exact_trades.csv,calendar_time_risk_proxy_v1,calendar_drop_monday_h13_tp06_sl065,1.6168000000001483,0.5668000000001485,-0.1331999999998512,1,0,1,0,0.5668000000001485,41.01000000000022,7.730000000000018,0.862871927554988,12.019999999999982,0.20632279534109998,3.8900000000003274,6.3150000000000315,0.464,-1.0,,,13,2,10.0,2024
2024-10-03 13:00:00+00:00|-1.0|calendar_drop_monday_h13_tp06_sl065,2024-10-03 13:00:00+00:00,STAGE28A,data/reports/stage28a_discovery_factory_batch_runner/stage28a_exact_trades.csv,calendar_time_risk_proxy_v1,calendar_drop_monday_h13_tp06_sl065,-2.399125000000004,-3.4491250000000035,-4.149125000000003,0,0,0,1,3.4491250000000035,22.240000000000236,9.679999999999836,0.3615702479338904,16.659999999999854,0.6818727490996535,6.559999999999945,5.445500000000015,0.26,-1.0,,,13,3,10.0,2024
2024-10-04 13:00:00+00:00|-1.0|calendar_drop_monday_h13_tp06_sl065,2024-10-04 13:00:00+00:00,STAGE28A,data/reports/stage28a_discovery_factory_batch_runner/stage28a_exact_trades.csv,calendar_time_risk_proxy_v1,calendar_drop_monday_h13_tp06_sl065,0.9648999999998524,-0.0851000000001476,-0.7851000000001473,0,0,0,0,0.0851000000001476,25.61999999999989,9.210000000000036,0.5570032573289999,11.019999999999982,0.33212341197820877,3.3200000000001637,4.973000000000002,0.116,-1.0,,,13,4,10.0,2024
2024-10-04 23:45:00+00:00|1.0|calendar_drop_monday_h13_tp06_sl065,2024-10-04 23:45:00+00:00,STAGE28A,data/reports/stage28a_discovery_factory_batch_runner/stage28a_exact_trades.csv,calendar_time_risk_proxy_v1,calendar_drop_monday_h13_tp06_sl065,-0.35,-1.4,-2.1,0,0,0,0,1.4,25.61999999999989,9.210000000000036,0.5570032573289999,11.019999999999982,0.33212341197820877,9.279999999999745,8.370000000000005,1.0,1.0,,,13,4,10.0,2024
2024-10-08 13:00:00+00:00|-1.0|calendar_drop_monday_h13_tp06_sl065,2024-10-08 13:00:00+00:00,STAGE28A,data/reports/stage28a_discovery_factory_batch_runner/stage28a_exact_trades.csv,calendar_time_risk_proxy_v1,calendar_drop_monday_h13_tp06_sl065,-2.7381000000001223,-3.788100000000122,-4.488100000000122,0,0,0,1,3.788100000000122,22.019999999999982,15.289999999999964,0.07586657946369244,17.820000000000164,0.08810325476992982,6.2400000000002365,6.793499999999926,0.616,-1.0,,,13,1,10.0,2024
2024-10-09 13:00:00+00:00|-1.0|calendar_drop_monday_h13_tp06_sl065,2024-10-09 13:00:00+00:00,STAGE28A,data/reports/stage28a_discovery_factory_batch_runner/stage28a_exact_trades.csv,calendar_time_risk_proxy_v1,calendar_drop_monday_h13_tp06_sl065,-2.38774999999996,-3.43774999999996,-4.13774999999996,0,0,0,1,3.43774999999996,48.34999999999991,9.390000000000327,0.5175718849840211,15.210000000000036,0.05588428665351131,3.8700000000003456,6.842500000000041,0.584,-1.0,,,13,2,10.0,2024
2024-10-10 13:00:00+00:00|1.0|calendar_drop_monday_h13_tp06_sl065,2024-10-10 13:00:00+00:00,STAGE28A,data/reports/stage28a_discovery_factory_batch_runner/stage28a_exact_trades.csv,calendar_time_risk_proxy_v1,calendar_drop_monday_h13_tp06_sl065,1.096300000000065,0.0463000000000648,-0.6536999999999349,1,0,0,0,0.0463000000000648,19.230000000000018,10.960000000000036,0.2636861313868903,8.2199999999998,0.6630170316301643,4.079999999999927,4.6664999999999734,0.028,1.0,,,13,3,10.0,2024
2024-10-11 13:00:00+00:00|-1.0|calendar_drop_monday_h13_tp06_sl065,2024-10-11 13:00:00+00:00,STAGE28A,data/reports/stage28a_discovery_factory_batch_runner/stage28a_exact_trades.csv,calendar_time_risk_proxy_v1,calendar_drop_monday_h13_tp06_sl065,-2.0724999999998546,-3.1224999999998544,-3.822499999999854,0,0,0,1,3.1224999999998544,25.800000000000182,17.980000000000018,0.9566184649610567,10.989999999999782,0.6960873521383296,5.529999999999745,6.082500000000005,0.34,-1.0,,,13,4,10.0,2024
2024-10-11 23:45:00+00:00|1.0|calendar_drop_monday_h13_tp06_sl065,2024-10-11 23:45:00+00:00,STAGE28A,data/reports/stage28a_discovery_factory_batch_runner/stage28a_exact_trades.csv,calendar_time_risk_proxy_v1,calendar_drop_monday_h13_tp06_sl065,-0.35,-1.4,-2.1,0,0,0,0,1.4,25.800000000000182,17.980000000000018,0.9566184649610567,10.989999999999782,0.6960873521383296,3.630000000000109,5.878999999999905,0.284,1.0,,,13,4,10.0,2024
2024-10-15 13:00:00+00:00|1.0|calendar_drop_monday_h13_tp06_sl065,2024-10-15 13:00:00+00:00,STAGE28A,data/reports/stage28a_discovery_factory_batch_runner/stage28a_exact_trades.csv,calendar_time_risk_proxy_v1,calendar_drop_monday_h13_tp06_sl065,-2.291225000000032,-3.341225000000031,-4.041225000000031,0,0,0,1,3.341225000000031,23.659999999999854,8.349999999999909,0.5185628742514939,17.829999999999927,0.448121144139081,4.460000000000036,4.957000000000017,0.056,1.0,,,13,1,10.0,2024
2024-10-16 13:00:00+00:00|1.0|calendar_drop_monday_h13_tp06_sl065,2024-10-16 13:00:00+00:00,STAGE28A,data/reports/stage28a_discovery_factory_batch_runner/stage28a_exact_trades.csv,calendar_time_risk_proxy_v1,calendar_drop_monday_h13_tp06_sl065,1.4154999999999744,0.3654999999999746,-0.3345000000000251,1,0,1,0,0.3654999999999746,31.110000000000127,11.359999999999673,0.4383802816901551,17.08999999999969,0.7577530719719431,4.679999999999836,5.308499999999981,0.12,1.0,,,13,2,10.0,2024
2024-10-17 13:00:00+00:00|1.0|calendar_drop_monday_h13_tp06_sl065,2024-10-17 13:00:00+00:00,STAGE28A,data/reports/stage28a_discovery_factory_batch_runner/stage28a_exact_trades.csv,calendar_time_risk_proxy_v1,calendar_drop_monday_h13_tp06_sl065,-2.3185249999997724,-3.368524999999772,-4.068524999999772,0,0,0,1,3.368524999999772,26.559999999999945,11.63000000000011,0.2579535683576932,9.230000000000018,0.2979414951245931,5.200000000000273,4.719999999999937,0.032,1.0,,,13,3,10.0,2024
2024-10-18 13:00:00+00:00|-1.0|calendar_drop_monday_h13_tp06_sl065,2024-10-18 13:00:00+00:00,STAGE28A,data/reports/stage28a_discovery_factory_batch_runner/stage28a_exact_trades.csv,calendar_time_risk_proxy_v1,calendar_drop_monday_h13_tp06_sl065,1.5195999999999912,0.4695999999999913,-0.2304000000000083,1,0,1,0,0.4695999999999913,23.579999999999927,20.360000000000127,0.849214145383097,12.329999999999927,0.11678832116788833,7.010000000000218,5.587500000000046,0.272,-1.0,,,13,4,10.0,2024
2024-10-18 23:45:00+00:00|1.0|calendar_drop_monday_h13_tp06_sl065,2024-10-18 23:45:00+00:00,STAGE28A,data/reports/stage28a_discovery_factory_batch_runner/stage28a_exact_trades.csv,calendar_time_risk_proxy_v1,calendar_drop_monday_h13_tp06_sl065,-0.35,-1.4,-2.1,0,0,0,0,1.4,23.579999999999927,20.360000000000127,0.849214145383097,12.329999999999927,0.11678832116788833,2.449999999999818,6.2260000000000675,0.608,1.0,,,13,4,10.0,2024
2024-10-22 13:00:00+00:00|1.0|calendar_drop_monday_h13_tp06_sl065,2024-10-22 13:00:00+00:00,STAGE28A,data/reports/stage28a_discovery_factory_batch_runner/stage28a_exact_trades.csv,calendar_time_risk_proxy_v1,calendar_drop_monday_h13_tp06_sl065,-2.139124999999785,-3.1891249999997853,-3.889124999999785,0,0,0,1,3.1891249999997853,26.529999999999745,14.860000000000127,0.6917900403768581,9.539999999999964,0.06918238993709193,6.309999999999945,5.823499999999967,0.416,1.0,,,13,1,10.0,2024
2024-10-23 13:00:00+00:00|1.0|calendar_drop_monday_h13_tp06_sl065,2024-10-23 13:00:00+00:00,STAGE28A,data/reports/stage28a_discovery_factory_batch_runner/stage28a_exact_trades.csv,calendar_time_risk_proxy_v1,calendar_drop_monday_h13_tp06_sl065,1.1190999999997984,0.0690999999997985,-0.6309000000002012,1,0,0,0,0.0690999999997985,30.76000000000022,10.180000000000291,0.1237721021611181,13.070000000000164,0.3458301453710731,7.739999999999782,5.100499999999988,0.1,1.0,,,13,2,10.0,2024
2024-10-24 13:00:00+00:00|1.0|calendar_drop_monday_h13_tp06_sl065,2024-10-24 13:00:00+00:00,STAGE28A,data/reports/stage28a_discovery_factory_batch_runner/stage28a_exact_trades.csv,calendar_time_risk_proxy_v1,calendar_drop_monday_h13_tp06_sl065,1.1541999999998551,0.1041999999998553,-0.5958000000001444,1,0,0,0,0.1041999999998553,49.92000000000007,12.279999999999745,0.39576547231272213,16.420000000000073,0.8361753958587063,3.230000000000018,5.922000000000049,0.54,1.0,,,13,3,10.0,2024
2024-10-25 13:00:00+00:00|-1.0|calendar_drop_monday_h13_tp06_sl065,2024-10-25 13:00:00+00:00,STAGE28A,data/reports/stage28a_discovery_factory_batch_runner/stage28a_exact_trades.csv,calendar_time_risk_proxy_v1,calendar_drop_monday_h13_tp06_sl065,-2.2102999999998247,-3.260299999999825,-3.960299999999824,0,0,0,1,3.260299999999825,29.029999999999745,11.730000000000018,0.7357203751065725,15.730000000000018,0.3146853146853317,4.320000000000164,5.034999999999991,0.096,-1.0,,,13,4,10.0,2024
2024-10-25 23:45:00+00:00|1.0|calendar_drop_monday_h13_tp06_sl065,2024-10-25 23:45:00+00:00,STAGE28A,data/reports/stage28a_discovery_factory_batch_runner/stage28a_exact_trades.csv,calendar_time_risk_proxy_v1,calendar_drop_monday_h13_tp06_sl065,-0.35,-1.4,-2.1,0,0,0,0,1.4,29.029999999999745,11.730000000000018,0.7357203751065725,15.730000000000018,0.3146853146853317,4.099999999999909,5.9585000000000035,0.632,1.0,,,13,4,10.0,2024
2024-10-29 13:00:00+00:00|-1.0|calendar_drop_monday_h13_tp06_sl065,2024-10-29 13:00:00+00:00,STAGE28A,data/reports/stage28a_discovery_factory_batch_runner/stage28a_exact_trades.csv,calendar_time_risk_proxy_v1,calendar_drop_monday_h13_tp06_sl065,1.278400000000056,0.2284000000000561,-0.4715999999999436,1,0,1,0,0.2284000000000561,21.190000000000055,18.070000000000164,0.8096292197011609,10.590000000000146,0.47969782813974104,5.789999999999964,4.903000000000043,0.092,-1.0,,,13,1,10.0,2024
2024-10-30 13:00:00+00:00|1.0|calendar_drop_monday_h13_tp06_sl065,2024-10-30 13:00:00+00:00,STAGE28A,data/reports/stage28a_discovery_factory_batch_runner/stage28a_exact_trades.csv,calendar_time_risk_proxy_v1,calendar_drop_monday_h13_tp06_sl065,1.235199999999986,0.1851999999999862,-0.5148000000000135,1,0,1,0,0.1851999999999862,35.41000000000031,9.389999999999873,0.7518636847710374,11.7800000000002,0.0008488964346534898,6.300000000000182,5.081999999999994,0.16,1.0,,,13,2,10.0,2024
2024-10-31 13:00:00+00:00|-1.0|calendar_drop_monday_h13_tp06_sl065,2024-10-31 13:00:00+00:00,STAGE28A,data/reports/stage28a_discovery_factory_batch_runner/stage28a_exact_trades.csv,calendar_time_risk_proxy_v1,calendar_drop_monday_h13_tp06_sl065,-2.143999999999869,-3.193999999999869,-3.8939999999998687,0,0,0,1,3.193999999999869,19.139999999999873,8.029999999999745,0.2889165628891952,13.509999999999764,0.2672094744633409,8.0,4.854499999999962,0.072,-1.0,,,13,3,10.0,2024
2024-11-01 13:00:00+00:00|-1.0|calendar_drop_monday_h13_tp06_sl065,2024-11-01 13:00:00+00:00,STAGE28A,data/reports/stage28a_discovery_factory_batch_runner/stage28a_exact_trades.csv,calendar_time_risk_proxy_v1,calendar_drop_monday_h13_tp06_sl065,-2.408875000000171,-3.458875000000171,-4.158875000000171,0,0,0,1,3.458875000000171,58.65000000000009,9.6899999999996,0.9195046439629182,12.86999999999989,0.20512820512819696,6.980000000000018,5.167999999999983,0.18,-1.0,,,13,4,11.0,2024
2024-11-01 22:45:00+00:00|1.0|calendar_drop_monday_h13_tp06_sl065,2024-11-01 22:45:00+00:00,STAGE28A,data/reports/stage28a_discovery_factory_batch_runner/stage28a_exact_trades.csv,calendar_time_risk_proxy_v1,calendar_drop_monday_h13_tp06_sl065,-0.35,-1.4,-2.1,0,0,0,0,1.4,58.65000000000009,9.6899999999996,0.9195046439629182,12.86999999999989,0.20512820512819696,3.880000000000109,6.580500000000006,0.872,1.0,,,13,4,11.0,2024
2024-11-05 13:00:00+00:00|1.0|calendar_drop_monday_h13_tp06_sl065,2024-11-05 13:00:00+00:00,STAGE28A,data/reports/stage28a_discovery_factory_batch_runner/stage28a_exact_trades.csv,calendar_time_risk_proxy_v1,calendar_drop_monday_h13_tp06_sl065,1.5159999999999854,0.4659999999999855,-0.2340000000000142,1,0,1,0,0.4659999999999855,18.789999999999964,13.260000000000218,0.12141779788835944,13.2800000000002,0.2567771084337201,4.639999999999873,5.242500000000041,0.188,1.0,,,13,1,11.0,2024
2024-11-06 13:00:00+00:00|-1.0|calendar_drop_monday_h13_tp06_sl065,2024-11-06 13:00:00+00:00,STAGE28A,data/reports/stage28a_discovery_factory_batch_runner/stage28a_exact_trades.csv,calendar_time_risk_proxy_v1,calendar_drop_monday_h13_tp06_sl065,4.879600000000119,3.829600000000119,3.129600000000119,1,1,1,0,3.829600000000119,25.340000000000146,18.98999999999978,0.20326487625066728,42.35999999999967,0.5153446647780948,8.429999999999836,11.11949999999988,0.996,-1.0,,,13,2,11.0,2024
2024-11-07 13:00:00+00:00|1.0|calendar_drop_monday_h13_tp06_sl065,2024-11-07 13:00:00+00:00,STAGE28A,data/reports/stage28a_discovery_factory_batch_runner/stage28a_exact_trades.csv,calendar_time_risk_proxy_v1,calendar_drop_monday_h13_tp06_sl065,1.991199999999844,0.9411999999998444,0.2411999999998446,1,1,1,0,0.9411999999998444,97.4399999999996,20.88000000000011,0.45545977011492883,15.579999999999927,0.7676508344030868,8.550000000000182,8.320500000000038,0.888,1.0,,,13,3,11.0,2024
2024-11-08 13:00:00+00:00|-1.0|calendar_drop_monday_h13_tp06_sl065,2024-11-08 13:00:00+00:00,STAGE28A,data/reports/stage28a_discovery_factory_batch_runner/stage28a_exact_trades.csv,calendar_time_risk_proxy_v1,calendar_drop_monday_h13_tp06_sl065,-2.860949999999866,-3.910949999999866,-4.610949999999866,0,0,0,1,3.910949999999866,66.90999999999985,17.09999999999991,0.7777777777777659,16.240000000000236,0.3232758620689608,7.2599999999997635,7.055999999999972,0.724,-1.0,,,13,4,11.0,2024
2024-11-08 23:45:00+00:00|1.0|calendar_drop_monday_h13_tp06_sl065,2024-11-08 23:45:00+00:00,STAGE28A,data/reports/stage28a_discovery_factory_batch_runner/stage28a_exact_trades.csv,calendar_time_risk_proxy_v1,calendar_drop_monday_h13_tp06_sl065,-0.35,-1.4,-2.1,0,0,0,0,1.4,66.90999999999985,17.09999999999991,0.7777777777777659,16.240000000000236,0.3232758620689608,3.630000000000109,7.134500000000048,0.708,1.0,,,13,4,11.0,2024
2024-11-12 13:00:00+00:00|-1.0|calendar_drop_monday_h13_tp06_sl065,2024-11-12 13:00:00+00:00,STAGE28A,data/reports/stage28a_discovery_factory_batch_runner/stage28a_exact_trades.csv,calendar_time_risk_proxy_v1,calendar_drop_monday_h13_tp06_sl065,2.91279999999997,1.8627999999999705,1.1627999999999703,1,1,1,0,1.8627999999999705,75.67999999999984,11.579999999999927,0.5397236614853229,28.460000000000036,0.7350667603654267,8.900000000000091,6.995999999999936,0.596,-1.0,,,13,1,11.0,2024
2024-11-13 13:00:00+00:00|1.0|calendar_drop_monday_h13_tp06_sl065,2024-11-13 13:00:00+00:00,STAGE28A,data/reports/stage28a_discovery_factory_batch_runner/stage28a_exact_trades.csv,calendar_time_risk_proxy_v1,calendar_drop_monday_h13_tp06_sl065,1.5066999999998187,0.4566999999998189,-0.2433000000001808,1,0,1,0,0.4566999999998189,37.48000000000002,15.940000000000055,0.4567126725219398,10.599999999999909,0.2584905660377604,3.4400000000000546,5.74200000000003,0.16,1.0,,,13,2,11.0,2024
2024-11-14 13:00:00+00:00|-1.0|calendar_drop_monday_h13_tp06_sl065,2024-11-14 13:00:00+00:00,STAGE28A,data/reports/stage28a_discovery_factory_batch_runner/stage28a_exact_trades.csv,calendar_time_risk_proxy_v1,calendar_drop_monday_h13_tp06_sl065,-3.3604750000000423,-4.4104750000000426,-5.110475000000042,0,0,0,1,4.4104750000000426,48.070000000000164,22.389999999999873,0.25949084412684137,28.460000000000036,0.6398453970484895,8.980000000000018,9.02199999999998,0.884,-1.0,,,13,3,11.0,2024
2024-11-15 13:00:00+00:00|-1.0|calendar_drop_monday_h13_tp06_sl065,2024-11-15 13:00:00+00:00,STAGE28A,data/reports/stage28a_discovery_factory_batch_runner/stage28a_exact_trades.csv,calendar_time_risk_proxy_v1,calendar_drop_monday_h13_tp06_sl065,-2.5158000000002176,-3.565800000000217,-4.265800000000217,0,0,0,1,3.565800000000217,44.54999999999973,8.599999999999909,0.02325581395346747,15.809999999999945,0.039848197343460554,7.339999999999691,6.577499999999918,0.244,-1.0,,,13,4,11.0,2024
2024-11-15 23:45:00+00:00|1.0|calendar_drop_monday_h13_tp06_sl065,2024-11-15 23:45:00+00:00,STAGE28A,data/reports/stage28a_discovery_factory_batch_runner/stage28a_exact_trades.csv,calendar_time_risk_proxy_v1,calendar_drop_monday_h13_tp06_sl065,-0.35,-1.4,-2.1,0,0,0,0,1.4,44.54999999999973,8.599999999999909,0.02325581395346747,15.809999999999945,0.039848197343460554,3.9899999999997817,7.276999999999953,0.488,1.0,,,13,4,11.0,2024
2024-11-19 13:00:00+00:00|1.0|calendar_drop_monday_h13_tp06_sl065,2024-11-19 13:00:00+00:00,STAGE28A,data/reports/stage28a_discovery_factory_batch_runner/stage28a_exact_trades.csv,calendar_time_risk_proxy_v1,calendar_drop_monday_h13_tp06_sl065,-2.643525000000045,-3.693525000000045,-4.393525000000045,0,0,0,1,3.693525000000045,52.84999999999991,15.36999999999989,0.6649316851008671,18.710000000000036,0.659005879208974,6.579999999999927,5.111500000000047,0.016,1.0,,,13,1,11.0,2024
2024-11-20 13:00:00+00:00|-1.0|calendar_drop_monday_h13_tp06_sl065,2024-11-20 13:00:00+00:00,STAGE28A,data/reports/stage28a_discovery_factory_batch_runner/stage28a_exact_trades.csv,calendar_time_risk_proxy_v1,calendar_drop_monday_h13_tp06_sl065,-2.329899999999816,-3.379899999999816,-4.079899999999816,0,0,0,1,3.379899999999816,29.179999999999836,10.159999999999854,0.14763779527559268,19.740000000000236,0.5916919959472997,5.2400000000002365,4.97000000000005,0.004,-1.0,,,13,2,11.0,2024
2024-11-21 13:00:00+00:00|1.0|calendar_drop_monday_h13_tp06_sl065,2024-11-21 13:00:00+00:00,STAGE28A,data/reports/stage28a_discovery_factory_batch_runner/stage28a_exact_trades.csv,calendar_time_risk_proxy_v1,calendar_drop_monday_h13_tp06_sl065,-2.3620750000000954,-3.4120750000000952,-4.112075000000095,0,0,0,1,3.4120750000000952,36.64000000000033,11.610000000000127,0.41860465116279705,17.059999999999945,0.759671746776089,5.239999999999782,5.6704999999999925,0.084,1.0,,,13,3,11.0,2024
2024-11-22 13:00:00+00:00|1.0|calendar_drop_monday_h13_tp06_sl065,2024-11-22 13:00:00+00:00,STAGE28A,data/reports/stage28a_discovery_factory_batch_runner/stage28a_exact_trades.csv,calendar_time_risk_proxy_v1,calendar_drop_monday_h13_tp06_sl065,2.057799999999952,1.007799999999952,0.3077999999999523,1,1,1,0,1.007799999999952,24.63000000000011,24.070000000000164,0.8109680099709308,25.440000000000055,0.7425314465408739,5.920000000000073,6.7069999999999705,0.432,1.0,,,13,4,11.0,2024
2024-11-22 23:45:00+00:00|1.0|calendar_drop_monday_h13_tp06_sl065,2024-11-22 23:45:00+00:00,STAGE28A,data/reports/stage28a_discovery_factory_batch_runner/stage28a_exact_trades.csv,calendar_time_risk_proxy_v1,calendar_drop_monday_h13_tp06_sl065,-2.0270000000001347,-3.0770000000001345,-3.7770000000001342,0,0,0,1,3.0770000000001345,24.63000000000011,24.070000000000164,0.8109680099709308,25.440000000000055,0.7425314465408739,3.730000000000018,8.074500000000011,0.8,1.0,,,13,4,11.0,2024
2024-11-26 13:00:00+00:00|-1.0|calendar_drop_monday_h13_tp06_sl065,2024-11-26 13:00:00+00:00,STAGE28A,data/reports/stage28a_discovery_factory_batch_runner/stage28a_exact_trades.csv,calendar_time_risk_proxy_v1,calendar_drop_monday_h13_tp06_sl065,-2.9200999999999118,-3.970099999999911,-4.670099999999911,0,0,0,1,3.970099999999911,111.38000000000011,27.059999999999945,0.588322246858836,22.259999999999764,0.22192273135669843,8.079999999999927,10.456500000000005,0.876,-1.0,,,13,1,11.0,2024
2024-11-27 13:00:00+00:00|1.0|calendar_drop_monday_h13_tp06_sl065,2024-11-27 13:00:00+00:00,STAGE28A,data/reports/stage28a_discovery_factory_batch_runner/stage28a_exact_trades.csv,calendar_time_risk_proxy_v1,calendar_drop_monday_h13_tp06_sl065,1.4280999999999948,0.378099999999995,-0.3219000000000047,1,0,1,0,0.378099999999995,36.76999999999998,13.510000000000218,0.4885270170244117,15.690000000000055,0.6201402166985331,2.180000000000291,5.795500000000016,0.116,1.0,,,13,2,11.0,2024
2024-11-28 13:00:00+00:00|1.0|calendar_drop_monday_h13_tp06_sl065,2024-11-28 13:00:00+00:00,STAGE28A,data/reports/stage28a_discovery_factory_batch_runner/stage28a_exact_trades.csv,calendar_time_risk_proxy_v1,calendar_drop_monday_h13_tp06_sl065,-2.264899999999761,-3.3148999999997613,-4.014899999999761,0,0,0,1,3.3148999999997613,31.329999999999927,17.48999999999978,0.33390508862208224,19.41000000000031,0.8377125193199126,4.7400000000002365,6.230499999999961,0.248,1.0,,,13,3,11.0,2024
2024-11-29 13:00:00+00:00|1.0|calendar_drop_monday_h13_tp06_sl065,2024-11-29 13:00:00+00:00,STAGE28A,data/reports/stage28a_discovery_factory_batch_runner/stage28a_exact_trades.csv,calendar_time_risk_proxy_v1,calendar_drop_monday_h13_tp06_sl065,-2.612000000000171,-3.662000000000171,-4.362000000000171,0,0,0,1,3.662000000000171,28.65000000000009,30.29000000000042,0.6956091119181206,11.809999999999945,0.2464013547840701,4.549999999999727,5.9180000000000295,0.212,1.0,,,13,4,11.0,2024
2024-11-29 21:30:00+00:00|1.0|calendar_drop_monday_h13_tp06_sl065,2024-11-29 21:30:00+00:00,STAGE28A,data/reports/stage28a_discovery_factory_batch_runner/stage28a_exact_trades.csv,calendar_time_risk_proxy_v1,calendar_drop_monday_h13_tp06_sl065,-0.35,-1.4,-2.1,0,0,0,0,1.4,28.65000000000009,30.29000000000042,0.6956091119181206,11.809999999999945,0.2464013547840701,8.920000000000073,7.049000000000047,0.616,1.0,,,13,4,11.0,2024
2024-12-03 13:00:00+00:00|1.0|calendar_drop_monday_h13_tp06_sl065,2024-12-03 13:00:00+00:00,STAGE28A,data/reports/stage28a_discovery_factory_batch_runner/stage28a_exact_trades.csv,calendar_time_risk_proxy_v1,calendar_drop_monday_h13_tp06_sl065,1.3564000000000305,0.3064000000000306,-0.3935999999999691,1,0,1,0,0.3064000000000306,30.550000000000182,11.13000000000011,0.21024258760104833,12.860000000000127,0.21228615863141456,3.1700000000000728,5.37699999999993,0.068,1.0,,,13,1,12.0,2024
2024-12-04 13:00:00+00:00|-1.0|calendar_drop_monday_h13_tp06_sl065,2024-12-04 13:00:00+00:00,STAGE28A,data/reports/stage28a_discovery_factory_batch_runner/stage28a_exact_trades.csv,calendar_time_risk_proxy_v1,calendar_drop_monday_h13_tp06_sl065,-2.0624250000001667,-3.1124250000001665,-3.8124250000001663,0,0,0,1,3.1124250000001665,21.43000000000029,10.960000000000036,0.5136861313868696,14.930000000000291,0.282652377762905,4.269999999999982,5.29050000000002,0.044,-1.0,,,13,2,12.0,2024
2024-12-05 13:00:00+00:00|-1.0|calendar_drop_monday_h13_tp06_sl065,2024-12-05 13:00:00+00:00,STAGE28A,data/reports/stage28a_discovery_factory_batch_runner/stage28a_exact_trades.csv,calendar_time_risk_proxy_v1,calendar_drop_monday_h13_tp06_sl065,-2.1368499999999586,-3.1868499999999584,-3.886849999999958,0,0,0,1,3.1868499999999584,24.800000000000182,6.940000000000055,0.5821325648414888,13.88000000000011,0.17939481268009813,5.820000000000164,5.433999999999946,0.052,-1.0,,,13,3,12.0,2024
2024-12-06 13:00:00+00:00|-1.0|calendar_drop_monday_h13_tp06_sl065,2024-12-06 13:00:00+00:00,STAGE28A,data/reports/stage28a_discovery_factory_batch_runner/stage28a_exact_trades.csv,calendar_time_risk_proxy_v1,calendar_drop_monday_h13_tp06_sl065,1.541200000000026,0.4912000000000263,-0.2087999999999734,1,0,1,0,0.4912000000000263,32.26999999999998,32.11999999999989,0.2624533001245288,12.33999999999969,0.6345218800648398,7.460000000000036,7.382499999999959,0.624,-1.0,,,13,4,12.0,2024
2024-12-06 23:45:00+00:00|1.0|calendar_drop_monday_h13_tp06_sl065,2024-12-06 23:45:00+00:00,STAGE28A,data/reports/stage28a_discovery_factory_batch_runner/stage28a_exact_trades.csv,calendar_time_risk_proxy_v1,calendar_drop_monday_h13_tp06_sl065,-0.35,-1.4,-2.1,0,0,0,0,1.4,32.26999999999998,32.11999999999989,0.2624533001245288,12.33999999999969,0.6345218800648398,4.8400000000001455,8.058999999999992,0.712,1.0,,,13,4,12.0,2024
2024-12-10 13:00:00+00:00|-1.0|calendar_drop_monday_h13_tp06_sl065,2024-12-10 13:00:00+00:00,STAGE28A,data/reports/stage28a_discovery_factory_batch_runner/stage28a_exact_trades.csv,calendar_time_risk_proxy_v1,calendar_drop_monday_h13_tp06_sl065,1.5669999999999162,0.5169999999999164,-0.1830000000000833,1,0,1,0,0.5169999999999164,48.84999999999991,15.91000000000031,0.6140791954745598,15.539999999999964,0.3301158301158379,12.319999999999709,5.638500000000022,0.124,-1.0,,,13,1,12.0,2024
2024-12-11 13:00:00+00:00|1.0|calendar_drop_monday_h13_tp06_sl065,2024-12-11 13:00:00+00:00,STAGE28A,data/reports/stage28a_discovery_factory_batch_runner/stage28a_exact_trades.csv,calendar_time_risk_proxy_v1,calendar_drop_monday_h13_tp06_sl065,2.2168000000000574,1.1668000000000576,0.4668000000000578,1,1,1,0,1.1668000000000576,38.01999999999998,21.779999999999745,0.5335169880624439,25.350000000000364,0.3932938856015823,7.4900000000002365,7.634500000000026,0.756,1.0,,,13,2,12.0,2024
2024-12-12 13:00:00+00:00|1.0|calendar_drop_monday_h13_tp06_sl065,2024-12-12 13:00:00+00:00,STAGE28A,data/reports/stage28a_discovery_factory_batch_runner/stage28a_exact_trades.csv,calendar_time_risk_proxy_v1,calendar_drop_monday_h13_tp06_sl065,1.6132000000001423,0.5632000000001427,-0.136799999999857,1,0,1,0,0.5632000000001427,46.590000000000146,26.139999999999873,0.2895944912012319,10.640000000000327,0.09586466165413068,6.0,6.914999999999987,0.592,1.0,,,13,3,12.0,2024
2024-12-13 13:00:00+00:00|-1.0|calendar_drop_monday_h13_tp06_sl065,2024-12-13 13:00:00+00:00,STAGE28A,data/reports/stage28a_discovery_factory_batch_runner/stage28a_exact_trades.csv,calendar_time_risk_proxy_v1,calendar_drop_monday_h13_tp06_sl065,-2.742975000000206,-3.792975000000206,-4.4929750000002056,0,0,0,1,3.792975000000206,51.2199999999998,13.740000000000236,0.4832605531295312,25.5,0.8109803921568741,5.059999999999945,6.2040000000000415,0.296,-1.0,,,13,4,12.0,2024
2024-12-13 23:45:00+00:00|1.0|calendar_drop_monday_h13_tp06_sl065,2024-12-13 23:45:00+00:00,STAGE28A,data/reports/stage28a_discovery_factory_batch_runner/stage28a_exact_trades.csv,calendar_time_risk_proxy_v1,calendar_drop_monday_h13_tp06_sl065,-0.35,-1.4,-2.1,0,0,0,0,1.4,51.2199999999998,13.740000000000236,0.4832605531295312,25.5,0.8109803921568741,7.0,6.908500000000049,0.536,1.0,,,13,4,12.0,2024
2024-12-17 13:00:00+00:00|-1.0|calendar_drop_monday_h13_tp06_sl065,2024-12-17 13:00:00+00:00,STAGE28A,data/reports/stage28a_discovery_factory_batch_runner/stage28a_exact_trades.csv,calendar_time_risk_proxy_v1,calendar_drop_monday_h13_tp06_sl065,1.9138000000001736,0.863800000000174,0.1638000000001742,1,1,1,0,0.863800000000174,20.75,7.650000000000091,0.006535947712442001,19.0300000000002,0.7157120336311195,5.079999999999927,5.214500000000021,0.08,-1.0,,,13,1,12.0,2024
2024-12-18 13:00:00+00:00|1.0|calendar_drop_monday_h13_tp06_sl065,2024-12-18 13:00:00+00:00,STAGE28A,data/reports/stage28a_discovery_factory_batch_runner/stage28a_exact_trades.csv,calendar_time_risk_proxy_v1,calendar_drop_monday_h13_tp06_sl065,-1.8443499999999404,-2.89434999999994,-3.59434999999994,0,0,0,0,2.89434999999994,25.659999999999854,9.079999999999927,0.2444933920704645,7.559999999999945,0.42857142857146296,3.1700000000000728,4.38100000000004,0.004,1.0,,,13,2,12.0,2024
2024-12-19 13:00:00+00:00|1.0|calendar_drop_monday_h13_tp06_sl065,2024-12-19 13:00:00+00:00,STAGE28A,data/reports/stage28a_discovery_factory_batch_runner/stage28a_exact_trades.csv,calendar_time_risk_proxy_v1,calendar_drop_monday_h13_tp06_sl065,-3.028324999999859,-4.078324999999859,-4.7783249999998585,0,0,0,1,4.078324999999859,68.09999999999991,35.460000000000036,0.5930626057529661,23.2800000000002,0.4463058419243893,9.039999999999964,10.11400000000001,0.996,1.0,,,13,3,12.0,2024
2024-12-20 13:00:00+00:00|1.0|calendar_drop_monday_h13_tp06_sl065,2024-12-20 13:00:00+00:00,STAGE28A,data/reports/stage28a_discovery_factory_batch_runner/stage28a_exact_trades.csv,calendar_time_risk_proxy_v1,calendar_drop_monday_h13_tp06_sl065,1.2202000000001134,0.1702000000001136,-0.5297999999998861,1,0,1,0,0.1702000000001136,43.99000000000024,14.320000000000164,0.3058659217877136,11.180000000000291,0.5661896243291786,2.900000000000091,5.50750000000005,0.164,1.0,,,13,4,12.0,2024
2024-12-20 23:45:00+00:00|1.0|calendar_drop_monday_h13_tp06_sl065,2024-12-20 23:45:00+00:00,STAGE28A,data/reports/stage28a_discovery_factory_batch_runner/stage28a_exact_trades.csv,calendar_time_risk_proxy_v1,calendar_drop_monday_h13_tp06_sl065,-0.35,-1.4,-2.1,0,0,0,0,1.4,43.99000000000024,14.320000000000164,0.3058659217877136,11.180000000000291,0.5661896243291786,5.920000000000073,6.560500000000093,0.452,1.0,,,13,4,12.0,2024
2024-12-24 13:00:00+00:00|-1.0|calendar_drop_monday_h13_tp06_sl065,2024-12-24 13:00:00+00:00,STAGE28A,data/reports/stage28a_discovery_factory_batch_runner/stage28a_exact_trades.csv,calendar_time_risk_proxy_v1,calendar_drop_monday_h13_tp06_sl065,0.8875000000001819,-0.162499999999818,-0.8624999999998177,0,0,0,0,0.162499999999818,25.279999999999745,8.889999999999873,0.5129358830146243,8.309999999999945,0.5571600481347941,4.7199999999998,4.0959999999999805,0.008,-1.0,,,13,1,12.0,2024
2024-12-24 19:45:00+00:00|1.0|calendar_drop_monday_h13_tp06_sl065,2024-12-24 19:45:00+00:00,STAGE28A,data/reports/stage28a_discovery_factory_batch_runner/stage28a_exact_trades.csv,calendar_time_risk_proxy_v1,calendar_drop_monday_h13_tp06_sl065,-0.35,-1.4,-2.1,0,0,0,0,1.4,25.279999999999745,8.889999999999873,0.5129358830146243,8.309999999999945,0.5571600481347941,6.190000000000055,3.966999999999962,0.024,1.0,,,13,1,12.0,2024
2024-12-26 13:00:00+00:00|1.0|calendar_drop_monday_h13_tp06_sl065,2024-12-26 13:00:00+00:00,STAGE28A,data/reports/stage28a_discovery_factory_batch_runner/stage28a_exact_trades.csv,calendar_time_risk_proxy_v1,calendar_drop_monday_h13_tp06_sl065,-1.5973500000000969,-2.6473500000000967,-3.3473500000000964,0,0,0,0,2.6473500000000967,7.519999999999982,16.299999999999727,0.5539877300613713,6.049999999999727,0.2264462809917277,2.599999999999909,4.40150000000001,0.088,1.0,,,13,3,12.0,2024
2024-12-27 13:00:00+00:00|-1.0|calendar_drop_monday_h13_tp06_sl065,2024-12-27 13:00:00+00:00,STAGE28A,data/reports/stage28a_discovery_factory_batch_runner/stage28a_exact_trades.csv,calendar_time_risk_proxy_v1,calendar_drop_monday_h13_tp06_sl065,-2.0539749999999004,-3.1039749999999,-3.8039749999999,0,0,0,1,3.1039749999999,26.139999999999873,6.550000000000182,0.14656488549618468,14.829999999999927,0.4686446392447641,4.510000000000218,4.311000000000059,0.104,-1.0,,,13,4,12.0,2024
2024-12-27 23:45:00+00:00|1.0|calendar_drop_monday_h13_tp06_sl065,2024-12-27 23:45:00+00:00,STAGE28A,data/reports/stage28a_discovery_factory_batch_runner/stage28a_exact_trades.csv,calendar_time_risk_proxy_v1,calendar_drop_monday_h13_tp06_sl065,-1.8719750000001116,-2.9219750000001112,-3.621975000000111,0,0,0,0,2.9219750000001112,26.139999999999873,6.550000000000182,0.14656488549618468,14.829999999999927,0.4686446392447641,8.050000000000182,5.124000000000069,0.364,1.0,,,13,4,12.0,2024
2024-12-31 13:00:00+00:00|1.0|calendar_drop_monday_h13_tp06_sl065,2024-12-31 13:00:00+00:00,STAGE28A,data/reports/stage28a_discovery_factory_batch_runner/stage28a_exact_trades.csv,calendar_time_risk_proxy_v1,calendar_drop_monday_h13_tp06_sl065,1.1674000000001796,0.1174000000001798,-0.5825999999998199,1,0,0,0,0.1174000000001798,32.159999999999854,8.059999999999945,0.01488833746896919,15.179999999999836,0.33596837944663793,4.809999999999945,4.7085000000000035,0.272,1.0,,,13,1,12.0,2024
2024-12-31 22:45:00+00:00|1.0|calendar_drop_monday_h13_tp06_sl065,2024-12-31 22:45:00+00:00,STAGE28A,data/reports/stage28a_discovery_factory_batch_runner/stage28a_exact_trades.csv,calendar_time_risk_proxy_v1,calendar_drop_monday_h13_tp06_sl065,-0.35,-1.4,-2.1,0,0,0,0,1.4,32.159999999999854,8.059999999999945,0.01488833746896919,15.179999999999836,0.33596837944663793,4.360000000000127,5.330000000000018,0.468,1.0,,,13,1,12.0,2024
2025-01-02 13:00:00+00:00|1.0|calendar_drop_monday_h13_tp06_sl065,2025-01-02 13:00:00+00:00,STAGE28A,data/reports/stage28a_discovery_factory_batch_runner/stage28a_exact_trades.csv,calendar_time_risk_proxy_v1,calendar_drop_monday_h13_tp06_sl065,-2.3783250000002227,-3.4283250000002226,-4.128325000000222,0,0,0,1,3.4283250000002226,4.2800000000002,14.769999999999982,0.6899119837508508,15.090000000000146,0.5765407554671792,13.570000000000164,5.480000000000087,0.52,1.0,,,13,3,1.0,2025
2025-01-03 13:00:00+00:00|-1.0|calendar_drop_monday_h13_tp06_sl065,2025-01-03 13:00:00+00:00,STAGE28A,data/reports/stage28a_discovery_factory_batch_runner/stage28a_exact_trades.csv,calendar_time_risk_proxy_v1,calendar_drop_monday_h13_tp06_sl065,1.321899999999823,0.2718999999998233,-0.4281000000001764,1,0,1,0,0.2718999999998233,38.73000000000002,9.019999999999982,0.5000000000000252,13.019999999999982,0.40476190476190393,4.799999999999727,5.378500000000008,0.432,-1.0,,,13,4,1.0,2025
2025-01-03 23:45:00+00:00|1.0|calendar_drop_monday_h13_tp06_sl065,2025-01-03 23:45:00+00:00,STAGE28A,data/reports/stage28a_discovery_factory_batch_runner/stage28a_exact_trades.csv,calendar_time_risk_proxy_v1,calendar_drop_monday_h13_tp06_sl065,0.7434999999999491,-0.3065000000000508,-1.0065000000000506,0,0,0,0,0.3065000000000508,38.73000000000002,9.019999999999982,0.5000000000000252,13.019999999999982,0.40476190476190393,3.1599999999998545,5.38299999999997,0.452,1.0,,,13,4,1.0,2025
2025-01-07 13:00:00+00:00|1.0|calendar_drop_monday_h13_tp06_sl065,2025-01-07 13:00:00+00:00,STAGE28A,data/reports/stage28a_discovery_factory_batch_runner/stage28a_exact_trades.csv,calendar_time_risk_proxy_v1,calendar_drop_monday_h13_tp06_sl065,1.1989000000002306,0.1489000000002307,-0.551099999999769,1,0,0,0,0.1489000000002307,35.13000000000011,8.300000000000182,0.4325301204819358,9.7800000000002,0.575664621676891,3.4600000000000364,4.616999999999985,0.212,1.0,,,13,1,1.0,2025
2025-01-08 13:00:00+00:00|1.0|calendar_drop_monday_h13_tp06_sl065,2025-01-08 13:00:00+00:00,STAGE28A,data/reports/stage28a_discovery_factory_batch_runner/stage28a_exact_trades.csv,calendar_time_risk_proxy_v1,calendar_drop_monday_h13_tp06_sl065,-1.699725000000035,-2.749725000000035,-3.4497250000000346,0,0,0,0,2.749725000000035,31.429999999999836,6.260000000000218,0.4536741214056856,8.420000000000073,0.7304038004750639,2.4900000000002365,4.52950000000003,0.188,1.0,,,13,2,1.0,2025
2025-01-09 13:00:00+00:00|1.0|calendar_drop_monday_h13_tp06_sl065,2025-01-09 13:00:00+00:00,STAGE28A,data/reports/stage28a_discovery_factory_batch_runner/stage28a_exact_trades.csv,calendar_time_risk_proxy_v1,calendar_drop_monday_h13_tp06_sl065,-2.209324999999899,-3.2593249999998988,-3.9593249999998985,0,0,0,1,3.2593249999998988,24.700000000000273,7.650000000000091,0.44836601307192814,10.929999999999836,0.7758462946020261,4.129999999999654,5.8055000000000065,0.696,1.0,,,13,3,1.0,2025
2025-01-10 13:00:00+00:00|1.0|calendar_drop_monday_h13_tp06_sl065,2025-01-10 13:00:00+00:00,STAGE28A,data/reports/stage28a_discovery_factory_batch_runner/stage28a_exact_trades.csv,calendar_time_risk_proxy_v1,calendar_drop_monday_h13_tp06_sl065,-2.170000000000164,-3.220000000000164,-3.9200000000001634,0,0,0,1,3.220000000000164,22.809999999999945,6.349999999999909,0.2913385826771552,11.099999999999909,0.827027027027019,4.360000000000127,3.888499999999931,0.008,1.0,,,13,4,1.0,2025
2025-01-10 23:45:00+00:00|1.0|calendar_drop_monday_h13_tp06_sl065,2025-01-10 23:45:00+00:00,STAGE28A,data/reports/stage28a_discovery_factory_batch_runner/stage28a_exact_trades.csv,calendar_time_risk_proxy_v1,calendar_drop_monday_h13_tp06_sl065,-0.35,-1.4,-2.1,0,0,0,0,1.4,22.809999999999945,6.349999999999909,0.2913385826771552,11.099999999999909,0.827027027027019,6.400000000000091,6.687499999999955,0.92,1.0,,,13,4,1.0,2025
2025-01-14 13:00:00+00:00|-1.0|calendar_drop_monday_h13_tp06_sl065,2025-01-14 13:00:00+00:00,STAGE28A,data/reports/stage28a_discovery_factory_batch_runner/stage28a_exact_trades.csv,calendar_time_risk_proxy_v1,calendar_drop_monday_h13_tp06_sl065,-2.0991500000001,-3.1491500000001,-3.8491500000000993,0,0,0,1,3.1491500000001,36.73000000000002,12.5300000000002,0.4333599361532123,10.629999999999654,0.644402634054575,4.190000000000055,5.336000000000013,0.32,-1.0,,,13,1,1.0,2025
2025-01-15 13:00:00+00:00|1.0|calendar_drop_monday_h13_tp06_sl065,2025-01-15 13:00:00+00:00,STAGE28A,data/reports/stage28a_discovery_factory_batch_runner/stage28a_exact_trades.csv,calendar_time_risk_proxy_v1,calendar_drop_monday_h13_tp06_sl065,1.1100999999997838,0.0600999999997839,-0.6399000000002157,1,0,0,0,0.0600999999997839,18.570000000000164,10.11999999999989,0.001976284584978461,14.450000000000273,0.8761245674740218,4.220000000000255,4.448000000000002,0.08,1.0,,,13,2,1.0,2025
2025-01-16 13:00:00+00:00|1.0|calendar_drop_monday_h13_tp06_sl065,2025-01-16 13:00:00+00:00,STAGE28A,data/reports/stage28a_discovery_factory_batch_runner/stage28a_exact_trades.csv,calendar_time_risk_proxy_v1,calendar_drop_monday_h13_tp06_sl065,1.4506000000000312,0.4006000000000314,-0.2993999999999683,1,0,1,0,0.4006000000000314,28.210000000000036,9.349999999999909,0.27593582887700024,18.529999999999745,0.5553157042633624,3.8899999999998727,5.035499999999956,0.192,1.0,,,13,3,1.0,2025
2025-01-17 13:00:00+00:00|-1.0|calendar_drop_monday_h13_tp06_sl065,2025-01-17 13:00:00+00:00,STAGE28A,data/reports/stage28a_discovery_factory_batch_runner/stage28a_exact_trades.csv,calendar_time_risk_proxy_v1,calendar_drop_monday_h13_tp06_sl065,1.1065000000002327,0.0565000000002329,-0.6434999999997668,1,0,0,0,0.0565000000002329,34.73000000000002,7.489999999999782,0.006675567423255454,12.769999999999982,0.8433829287392324,3.4299999999998363,4.174500000000012,0.036,-1.0,,,13,4,1.0,2025
2025-01-17 23:45:00+00:00|1.0|calendar_drop_monday_h13_tp06_sl065,2025-01-17 23:45:00+00:00,STAGE28A,data/reports/stage28a_discovery_factory_batch_runner/stage28a_exact_trades.csv,calendar_time_risk_proxy_v1,calendar_drop_monday_h13_tp06_sl065,-0.35,-1.4,-2.1,0,0,0,0,1.4,34.73000000000002,7.489999999999782,0.006675567423255454,12.769999999999982,0.8433829287392324,4.2400000000002365,4.995499999999993,0.232,1.0,,,13,4,1.0,2025
2025-01-21 13:00:00+00:00|-1.0|calendar_drop_monday_h13_tp06_sl065,2025-01-21 13:00:00+00:00,STAGE28A,data/reports/stage28a_discovery_factory_batch_runner/stage28a_exact_trades.csv,calendar_time_risk_proxy_v1,calendar_drop_monday_h13_tp06_sl065,1.8007000000001423,0.7507000000001427,0.0507000000001429,1,1,1,0,0.7507000000001427,24.550000000000182,25.09999999999991,0.6749003984063792,15.799999999999727,0.4974683544303964,5.150000000000091,6.870499999999993,0.92,-1.0,,,13,1,1.0,2025
2025-01-22 13:00:00+00:00|1.0|calendar_drop_monday_h13_tp06_sl065,2025-01-22 13:00:00+00:00,STAGE28A,data/reports/stage28a_discovery_factory_batch_runner/stage28a_exact_trades.csv,calendar_time_risk_proxy_v1,calendar_drop_monday_h13_tp06_sl065,-2.64320000000007,-3.6932000000000698,-4.3932000000000695,0,0,0,1,3.6932000000000698,43.279999999999745,10.9699999999998,0.711030082041962,17.90000000000009,0.44525139664803126,5.170000000000073,5.861499999999933,0.544,1.0,,,13,2,1.0,2025
2025-01-23 13:00:00+00:00|-1.0|calendar_drop_monday_h13_tp06_sl065,2025-01-23 13:00:00+00:00,STAGE28A,data/reports/stage28a_discovery_factory_batch_runner/stage28a_exact_trades.csv,calendar_time_risk_proxy_v1,calendar_drop_monday_h13_tp06_sl065,-2.0949249999999666,-3.1449249999999664,-3.844924999999966,0,0,0,1,3.1449249999999664,21.449999999999818,6.809999999999945,0.5624082232011686,14.75,0.02440677966102558,7.380000000000109,4.288000000000079,0.06,-1.0,,,13,3,1.0,2025
2025-01-24 13:00:00+00:00|1.0|calendar_drop_monday_h13_tp06_sl065,2025-01-24 13:00:00+00:00,STAGE28A,data/reports/stage28a_discovery_factory_batch_runner/stage28a_exact_trades.csv,calendar_time_risk_proxy_v1,calendar_drop_monday_h13_tp06_sl065,1.2903999999997722,0.2403999999997723,-0.4596000000002274,1,0,1,0,0.2403999999997723,23.25,23.940000000000055,0.7263993316624826,8.300000000000182,0.44578313253014357,4.7400000000002365,5.724999999999977,0.42,1.0,,,13,4,1.0,2025
2025-01-24 23:45:00+00:00|1.0|calendar_drop_monday_h13_tp06_sl065,2025-01-24 23:45:00+00:00,STAGE28A,data/reports/stage28a_discovery_factory_batch_runner/stage28a_exact_trades.csv,calendar_time_risk_proxy_v1,calendar_drop_monday_h13_tp06_sl065,-0.35,-1.4,-2.1,0,0,0,0,1.4,23.25,23.940000000000055,0.7263993316624826,8.300000000000182,0.44578313253014357,4.150000000000091,5.934999999999991,0.528,1.0,,,13,4,1.0,2025
2025-01-28 13:00:00+00:00|1.0|calendar_drop_monday_h13_tp06_sl065,2025-01-28 13:00:00+00:00,STAGE28A,data/reports/stage28a_discovery_factory_batch_runner/stage28a_exact_trades.csv,calendar_time_risk_proxy_v1,calendar_drop_monday_h13_tp06_sl065,-2.0279750000000605,-3.0779750000000603,-3.77797500000006,0,0,0,1,3.0779750000000603,42.289999999999964,7.579999999999927,0.09366754617414817,10.570000000000164,0.07284768211920245,4.930000000000291,5.334999999999968,0.22,1.0,,,13,1,1.0,2025
2025-01-29 13:00:00+00:00|1.0|calendar_drop_monday_h13_tp06_sl065,2025-01-29 13:00:00+00:00,STAGE28A,data/reports/stage28a_discovery_factory_batch_runner/stage28a_exact_trades.csv,calendar_time_risk_proxy_v1,calendar_drop_monday_h13_tp06_sl065,-1.831999999999971,-2.881999999999971,-3.5819999999999705,0,0,0,0,2.881999999999971,30.639999999999873,4.730000000000018,0.061310782241006875,8.909999999999854,0.48260381593717755,6.360000000000127,3.4740000000000237,0.012,1.0,,,13,2,1.0,2025
2025-01-30 13:00:00+00:00|1.0|calendar_drop_monday_h13_tp06_sl065,2025-01-30 13:00:00+00:00,STAGE28A,data/reports/stage28a_discovery_factory_batch_runner/stage28a_exact_trades.csv,calendar_time_risk_proxy_v1,calendar_drop_monday_h13_tp06_sl065,1.278700000000208,0.2287000000002081,-0.4712999999997915,1,0,1,0,0.2287000000002081,21.470000000000255,5.330000000000382,0.035647279549726255,20.539999999999964,0.8695228821811177,5.420000000000073,5.335500000000025,0.344,1.0,,,13,3,1.0,2025
2025-01-31 13:00:00+00:00|-1.0|calendar_drop_monday_h13_tp06_sl065,2025-01-31 13:00:00+00:00,STAGE28A,data/reports/stage28a_discovery_factory_batch_runner/stage28a_exact_trades.csv,calendar_time_risk_proxy_v1,calendar_drop_monday_h13_tp06_sl065,1.394799999999941,0.3447999999999411,-0.3552000000000586,1,0,1,0,0.3447999999999411,40.40000000000009,7.369999999999891,0.03799185888734728,10.140000000000327,0.16074950690331377,4.150000000000091,5.239999999999986,0.324,-1.0,,,13,4,1.0,2025
2025-01-31 23:45:00+00:00|1.0|calendar_drop_monday_h13_tp06_sl065,2025-01-31 23:45:00+00:00,STAGE28A,data/reports/stage28a_discovery_factory_batch_runner/stage28a_exact_trades.csv,calendar_time_risk_proxy_v1,calendar_drop_monday_h13_tp06_sl065,-0.35,-1.4,-2.1,0,0,0,0,1.4,40.40000000000009,7.369999999999891,0.03799185888734728,10.140000000000327,0.16074950690331377,7.779999999999745,6.324500000000057,0.792,1.0,,,13,4,1.0,2025
2025-02-04 13:00:00+00:00|1.0|calendar_drop_monday_h13_tp06_sl065,2025-02-04 13:00:00+00:00,STAGE28A,data/reports/stage28a_discovery_factory_batch_runner/stage28a_exact_trades.csv,calendar_time_risk_proxy_v1,calendar_drop_monday_h13_tp06_sl065,1.8420999999997547,0.7920999999997549,0.0920999999997551,1,1,1,0,0.7920999999997549,58.19999999999982,13.329999999999927,0.3885971492873458,14.659999999999854,0.29058663028651166,7.200000000000273,6.982500000000073,0.764,1.0,,,13,1,2.0,2025
2025-02-05 13:00:00+00:00|1.0|calendar_drop_monday_h13_tp06_sl065,2025-02-05 13:00:00+00:00,STAGE28A,data/reports/stage28a_discovery_factory_batch_runner/stage28a_exact_trades.csv,calendar_time_risk_proxy_v1,calendar_drop_monday_h13_tp06_sl065,1.767699999999786,0.7176999999997862,0.0176999999997864,1,1,1,0,0.7176999999997862,38.25,18.450000000000273,0.7501355013550104,23.690000000000055,0.5293372731110145,10.980000000000018,6.628000000000066,0.696,1.0,,,13,2,2.0,2025
2025-02-06 13:00:00+00:00|-1.0|calendar_drop_monday_h13_tp06_sl065,2025-02-06 13:00:00+00:00,STAGE28A,data/reports/stage28a_discovery_factory_batch_runner/stage28a_exact_trades.csv,calendar_time_risk_proxy_v1,calendar_drop_monday_h13_tp06_sl065,-3.026050000000032,-4.076050000000032,-4.776050000000032,0,0,0,1,4.076050000000032,42.960000000000036,9.550000000000182,0.08167539267017647,22.480000000000018,0.4181494661921745,6.110000000000127,7.170500000000016,0.688,-1.0,,,13,3,2.0,2025
2025-02-07 13:00:00+00:00|1.0|calendar_drop_monday_h13_tp06_sl065,2025-02-07 13:00:00+00:00,STAGE28A,data/reports/stage28a_discovery_factory_batch_runner/stage28a_exact_trades.csv,calendar_time_risk_proxy_v1,calendar_drop_monday_h13_tp06_sl065,1.3810000000002218,0.331000000000222,-0.3689999999997777,1,0,1,0,0.331000000000222,39.25,15.579999999999927,0.5353016688061736,11.7199999999998,0.09556313993173293,5.779999999999745,5.33599999999999,0.264,1.0,,,13,4,2.0,2025
2025-02-07 23:45:00+00:00|1.0|calendar_drop_monday_h13_tp06_sl065,2025-02-07 23:45:00+00:00,STAGE28A,data/reports/stage28a_discovery_factory_batch_runner/stage28a_exact_trades.csv,calendar_time_risk_proxy_v1,calendar_drop_monday_h13_tp06_sl065,-0.35,-1.4,-2.1,0,0,0,0,1.4,39.25,15.579999999999927,0.5353016688061736,11.7199999999998,0.09556313993173293,4.420000000000073,8.076999999999952,0.876,1.0,,,13,4,2.0,2025
2025-02-11 13:00:00+00:00|-1.0|calendar_drop_monday_h13_tp06_sl065,2025-02-11 13:00:00+00:00,STAGE28A,data/reports/stage28a_discovery_factory_batch_runner/stage28a_exact_trades.csv,calendar_time_risk_proxy_v1,calendar_drop_monday_h13_tp06_sl065,2.6199999999998,1.5699999999998,0.8699999999998003,1,1,1,0,1.5699999999998,62.570000000000164,38.029999999999745,0.0381277938469584,27.429999999999836,0.49362012395187915,5.299999999999727,10.384999999999991,0.984,-1.0,,,13,1,2.0,2025
2025-02-12 13:00:00+00:00|1.0|calendar_drop_monday_h13_tp06_sl065,2025-02-12 13:00:00+00:00,STAGE28A,data/reports/stage28a_discovery_factory_batch_runner/stage28a_exact_trades.csv,calendar_time_risk_proxy_v1,calendar_drop_monday_h13_tp06_sl065,2.113900000000194,1.0639000000001944,0.3639000000001946,1,1,1,0,1.0639000000001944,60.9399999999996,17.070000000000164,0.7861745752782627,16.440000000000055,0.15815085158150247,10.550000000000182,7.384500000000003,0.508,1.0,,,13,2,2.0,2025
2025-02-13 13:00:00+00:00|-1.0|calendar_drop_monday_h13_tp06_sl065,2025-02-13 13:00:00+00:00,STAGE28A,data/reports/stage28a_discovery_factory_batch_runner/stage28a_exact_trades.csv,calendar_time_risk_proxy_v1,calendar_drop_monday_h13_tp06_sl065,1.8888999999998304,0.8388999999998306,0.1388999999998308,1,1,1,0,0.8388999999998306,45.38000000000011,18.759999999999764,0.6780383795309147,13.460000000000036,0.05274888558692678,5.619999999999891,6.579499999999916,0.248,-1.0,,,13,3,2.0,2025
2025-02-14 13:00:00+00:00|1.0|calendar_drop_monday_h13_tp06_sl065,2025-02-14 13:00:00+00:00,STAGE28A,data/reports/stage28a_discovery_factory_batch_runner/stage28a_exact_trades.csv,calendar_time_risk_proxy_v1,calendar_drop_monday_h13_tp06_sl065,1.592199999999957,0.5421999999999572,-0.1578000000000425,1,0,1,0,0.5421999999999572,31.13000000000011,10.860000000000127,0.24677716390425963,13.309999999999945,0.5416979714500425,5.789999999999964,5.694999999999959,0.072,1.0,,,13,4,2.0,2025
2025-02-14 23:45:00+00:00|1.0|calendar_drop_monday_h13_tp06_sl065,2025-02-14 23:45:00+00:00,STAGE28A,data/reports/stage28a_discovery_factory_batch_runner/stage28a_exact_trades.csv,calendar_time_risk_proxy_v1,calendar_drop_monday_h13_tp06_sl065,-0.35,-1.4,-2.1,0,0,0,0,1.4,31.13000000000011,10.860000000000127,0.24677716390425963,13.309999999999945,0.5416979714500425,9.279999999999745,9.063499999999953,0.836,1.0,,,13,4,2.0,2025
2025-02-18 13:00:00+00:00|1.0|calendar_drop_monday_h13_tp06_sl065,2025-02-18 13:00:00+00:00,STAGE28A,data/reports/stage28a_discovery_factory_batch_runner/stage28a_exact_trades.csv,calendar_time_risk_proxy_v1,calendar_drop_monday_h13_tp06_sl065,1.269099999999889,0.2190999999998895,-0.4809000000001102,1,0,1,0,0.2190999999998895,28.340000000000146,19.059999999999945,0.600734522560328,8.389999999999873,0.07866507747322041,6.429999999999836,4.858000000000038,0.016,1.0,,,13,1,2.0,2025
2025-02-19 13:00:00+00:00|1.0|calendar_drop_monday_h13_tp06_sl065,2025-02-19 13:00:00+00:00,STAGE28A,data/reports/stage28a_discovery_factory_batch_runner/stage28a_exact_trades.csv,calendar_time_risk_proxy_v1,calendar_drop_monday_h13_tp06_sl065,1.4317000000000006,0.3817000000000008,-0.3182999999999989,1,0,1,0,0.3817000000000008,45.25,15.480000000000018,0.31330749354004545,19.0,0.8199999999999962,4.399999999999636,6.214499999999953,0.184,1.0,,,13,2,2.0,2025
2025-02-20 13:00:00+00:00|1.0|calendar_drop_monday_h13_tp06_sl065,2025-02-20 13:00:00+00:00,STAGE28A,data/reports/stage28a_discovery_factory_batch_runner/stage28a_exact_trades.csv,calendar_time_risk_proxy_v1,calendar_drop_monday_h13_tp06_sl065,-2.287324999999873,-3.3373249999998733,-4.037324999999873,0,0,0,1,3.3373249999998733,28.440000000000055,11.75,0.3948936170213045,15.509999999999764,0.7949709864603556,5.789999999999964,6.62199999999998,0.316,1.0,,,13,3,2.0,2025
2025-02-21 13:00:00+00:00|1.0|calendar_drop_monday_h13_tp06_sl065,2025-02-21 13:00:00+00:00,STAGE28A,data/reports/stage28a_discovery_factory_batch_runner/stage28a_exact_trades.csv,calendar_time_risk_proxy_v1,calendar_drop_monday_h13_tp06_sl065,-2.5495999999999186,-3.5995999999999184,-4.299599999999918,0,0,0,1,3.5995999999999184,30.779999999999745,23.40000000000009,0.5564102564102534,17.309999999999945,0.11900635470825835,2.119999999999891,7.984000000000037,0.616,1.0,,,13,4,2.0,2025
2025-02-21 23:45:00+00:00|1.0|calendar_drop_monday_h13_tp06_sl065,2025-02-21 23:45:00+00:00,STAGE28A,data/reports/stage28a_discovery_factory_batch_runner/stage28a_exact_trades.csv,calendar_time_risk_proxy_v1,calendar_drop_monday_h13_tp06_sl065,-0.35,-1.4,-2.1,0,0,0,0,1.4,30.779999999999745,23.40000000000009,0.5564102564102534,17.309999999999945,0.11900635470825835,4.799999999999727,9.135000000000014,0.852,1.0,,,13,4,2.0,2025
2025-02-25 13:00:00+00:00|1.0|calendar_drop_monday_h13_tp06_sl065,2025-02-25 13:00:00+00:00,STAGE28A,data/reports/stage28a_discovery_factory_batch_runner/stage28a_exact_trades.csv,calendar_time_risk_proxy_v1,calendar_drop_monday_h13_tp06_sl065,1.7341000000000348,0.684100000000035,-0.0158999999999647,1,0,1,0,0.684100000000035,35.16000000000031,18.909999999999854,0.6959280803807486,12.91000000000031,0.05654531371030214,4.079999999999927,6.0479999999999565,0.116,1.0,,,13,1,2.0,2025
2025-02-26 13:00:00+00:00|-1.0|calendar_drop_monday_h13_tp06_sl065,2025-02-26 13:00:00+00:00,STAGE28A,data/reports/stage28a_discovery_factory_batch_runner/stage28a_exact_trades.csv,calendar_time_risk_proxy_v1,calendar_drop_monday_h13_tp06_sl065,1.7544999999999162,0.7044999999999164,0.0044999999999166,1,1,1,0,0.7044999999999164,65.84999999999991,17.43000000000029,0.20998278829602945,15.239999999999782,0.1496062992126137,5.800000000000182,9.700000000000045,0.888,-1.0,,,13,2,2.0,2025
2025-02-27 13:00:00+00:00|-1.0|calendar_drop_monday_h13_tp06_sl065,2025-02-27 13:00:00+00:00,STAGE28A,data/reports/stage28a_discovery_factory_batch_runner/stage28a_exact_trades.csv,calendar_time_risk_proxy_v1,calendar_drop_monday_h13_tp06_sl065,2.8030000000002477,1.7530000000002477,1.0530000000002475,1,1,1,0,1.7530000000002477,39.42000000000007,24.509999999999764,0.8869849041207667,21.610000000000127,0.2512725590004537,8.100000000000364,7.4455000000000835,0.524,-1.0,,,13,3,2.0,2025
2025-02-28 13:00:00+00:00|-1.0|calendar_drop_monday_h13_tp06_sl065,2025-02-28 13:00:00+00:00,STAGE28A,data/reports/stage28a_discovery_factory_batch_runner/stage28a_exact_trades.csv,calendar_time_risk_proxy_v1,calendar_drop_monday_h13_tp06_sl065,1.770100000000093,0.7201000000000932,0.0201000000000934,1,1,1,0,0.7201000000000932,53.149999999999636,28.039999999999964,0.44721825962910056,15.940000000000055,0.04454203262233588,4.230000000000018,7.43900000000001,0.464,-1.0,,,13,4,2.0,2025
2025-02-28 23:45:00+00:00|1.0|calendar_drop_monday_h13_tp06_sl065,2025-02-28 23:45:00+00:00,STAGE28A,data/reports/stage28a_discovery_factory_batch_runner/stage28a_exact_trades.csv,calendar_time_risk_proxy_v1,calendar_drop_monday_h13_tp06_sl065,-0.35,-1.4,-2.1,0,0,0,0,1.4,53.149999999999636,28.039999999999964,0.44721825962910056,15.940000000000055,0.04454203262233588,7.400000000000091,9.184500000000003,0.828,1.0,,,13,4,2.0,2025
2025-03-04 13:00:00+00:00|1.0|calendar_drop_monday_h13_tp06_sl065,2025-03-04 13:00:00+00:00,STAGE28A,data/reports/stage28a_discovery_factory_batch_runner/stage28a_exact_trades.csv,calendar_time_risk_proxy_v1,calendar_drop_monday_h13_tp06_sl065,-3.434249999999884,-4.484249999999884,-5.184249999999883,0,0,0,1,4.484249999999884,39.940000000000055,11.83999999999969,0.03378378378375394,36.98000000000002,0.6311519740400252,5.980000000000018,8.387000000000011,0.664,1.0,,,13,1,3.0,2025
2025-03-05 13:00:00+00:00|1.0|calendar_drop_monday_h13_tp06_sl065,2025-03-05 13:00:00+00:00,STAGE28A,data/reports/stage28a_discovery_factory_batch_runner/stage28a_exact_trades.csv,calendar_time_risk_proxy_v1,calendar_drop_monday_h13_tp06_sl065,1.956999999999789,0.9069999999997892,0.2069999999997893,1,1,1,0,0.9069999999997892,45.84999999999991,16.070000000000164,0.24268823895457692,13.5,0.2125925925925845,10.069999999999709,7.649000000000138,0.372,1.0,,,13,2,3.0,2025
2025-03-06 13:00:00+00:00|-1.0|calendar_drop_monday_h13_tp06_sl065,2025-03-06 13:00:00+00:00,STAGE28A,data/reports/stage28a_discovery_factory_batch_runner/stage28a_exact_trades.csv,calendar_time_risk_proxy_v1,calendar_drop_monday_h13_tp06_sl065,-3.604875000000084,-4.654875000000084,-5.354875000000083,0,0,0,1,4.654875000000084,35.82999999999993,10.510000000000218,0.08658420551858138,31.970000000000255,0.5711604629339887,13.25,7.8430000000000515,0.36,-1.0,,,13,3,3.0,2025
2025-03-07 13:00:00+00:00|1.0|calendar_drop_monday_h13_tp06_sl065,2025-03-07 13:00:00+00:00,STAGE28A,data/reports/stage28a_discovery_factory_batch_runner/stage28a_exact_trades.csv,calendar_time_risk_proxy_v1,calendar_drop_monday_h13_tp06_sl065,-2.209324999999899,-3.2593249999998988,-3.9593249999998985,0,0,0,1,3.2593249999998988,35.41000000000031,18.309999999999945,0.1982523211359978,16.63000000000011,0.6806975345760454,4.809999999999945,7.198499999999944,0.136,1.0,,,13,4,3.0,2025
2025-03-07 23:45:00+00:00|1.0|calendar_drop_monday_h13_tp06_sl065,2025-03-07 23:45:00+00:00,STAGE28A,data/reports/stage28a_discovery_factory_batch_runner/stage28a_exact_trades.csv,calendar_time_risk_proxy_v1,calendar_drop_monday_h13_tp06_sl065,-0.35,-1.4,-2.1,0,0,0,0,1.4,35.41000000000031,18.309999999999945,0.1982523211359978,16.63000000000011,0.6806975345760454,6.430000000000291,8.490999999999985,0.548,1.0,,,13,4,3.0,2025
2025-03-11 13:00:00+00:00|1.0|calendar_drop_monday_h13_tp06_sl065,2025-03-11 13:00:00+00:00,STAGE28A,data/reports/stage28a_discovery_factory_batch_runner/stage28a_exact_trades.csv,calendar_time_risk_proxy_v1,calendar_drop_monday_h13_tp06_sl065,1.4893000000000938,0.4393000000000939,-0.2606999999999058,1,0,1,0,0.4393000000000939,38.289999999999964,20.169999999999618,0.4615765989092772,21.789999999999964,0.6608536025699915,3.5,7.216999999999894,0.156,1.0,,,13,1,3.0,2025
2025-03-12 13:00:00+00:00|-1.0|calendar_drop_monday_h13_tp06_sl065,2025-03-12 13:00:00+00:00,STAGE28A,data/reports/stage28a_discovery_factory_batch_runner/stage28a_exact_trades.csv,calendar_time_risk_proxy_v1,calendar_drop_monday_h13_tp06_sl065,1.6647999999999228,0.614799999999923,-0.0852000000000767,1,0,1,0,0.614799999999923,41.909999999999854,9.090000000000146,0.10121012101205756,16.450000000000273,0.043161094224925506,4.2199999999998,5.377499999999964,0.012,-1.0,,,13,2,3.0,2025
2025-03-13 13:00:00+00:00|1.0|calendar_drop_monday_h13_tp06_sl065,2025-03-13 13:00:00+00:00,STAGE28A,data/reports/stage28a_discovery_factory_batch_runner/stage28a_exact_trades.csv,calendar_time_risk_proxy_v1,calendar_drop_monday_h13_tp06_sl065,1.4497000000000295,0.3997000000000299,-0.3002999999999698,1,0,1,0,0.3997000000000299,34.40000000000009,14.309999999999945,0.8315863032844261,15.86999999999989,0.043478260869568956,6.4099999999998545,5.7049999999999725,0.044,1.0,,,13,3,3.0,2025
2025-03-14 13:00:00+00:00|1.0|calendar_drop_monday_h13_tp06_sl065,2025-03-14 13:00:00+00:00,STAGE28A,data/reports/stage28a_discovery_factory_batch_runner/stage28a_exact_trades.csv,calendar_time_risk_proxy_v1,calendar_drop_monday_h13_tp06_sl065,-3.105349999999908,-4.155349999999908,-4.855349999999907,0,0,0,1,4.155349999999908,56.50999999999976,12.150000000000091,0.27160493827158044,24.0,0.32583333333334014,18.200000000000273,7.23599999999999,0.284,1.0,,,13,4,3.0,2025
2025-03-14 22:45:00+00:00|1.0|calendar_drop_monday_h13_tp06_sl065,2025-03-14 22:45:00+00:00,STAGE28A,data/reports/stage28a_discovery_factory_batch_runner/stage28a_exact_trades.csv,calendar_time_risk_proxy_v1,calendar_drop_monday_h13_tp06_sl065,1.308400000000256,0.2584000000002562,-0.4415999999997435,1,0,1,0,0.2584000000002562,56.50999999999976,12.150000000000091,0.27160493827158044,24.0,0.32583333333334014,3.8099999999999454,7.4200000000000275,0.344,1.0,,,13,4,3.0,2025
2025-03-18 13:00:00+00:00|1.0|calendar_drop_monday_h13_tp06_sl065,2025-03-18 13:00:00+00:00,STAGE28A,data/reports/stage28a_discovery_factory_batch_runner/stage28a_exact_trades.csv,calendar_time_risk_proxy_v1,calendar_drop_monday_h13_tp06_sl065,1.7787999999999555,0.7287999999999557,0.0287999999999559,1,1,1,0,0.7287999999999557,20.670000000000073,17.58999999999969,0.8095508811824919,22.340000000000146,0.4185317815577372,6.230000000000018,5.679999999999995,0.08,1.0,,,13,1,3.0,2025
2025-03-19 13:00:00+00:00|-1.0|calendar_drop_monday_h13_tp06_sl065,2025-03-19 13:00:00+00:00,STAGE28A,data/reports/stage28a_discovery_factory_batch_runner/stage28a_exact_trades.csv,calendar_time_risk_proxy_v1,calendar_drop_monday_h13_tp06_sl065,2.0781999999998333,1.0281999999998337,0.3281999999998337,1,1,1,0,1.0281999999998337,38.73999999999978,11.580000000000382,0.2573402417961934,22.529999999999745,0.08521970705726119,9.609999999999673,5.933999999999992,0.196,-1.0,,,13,2,3.0,2025
2025-03-20 13:00:00+00:00|-1.0|calendar_drop_monday_h13_tp06_sl065,2025-03-20 13:00:00+00:00,STAGE28A,data/reports/stage28a_discovery_factory_batch_runner/stage28a_exact_trades.csv,calendar_time_risk_proxy_v1,calendar_drop_monday_h13_tp06_sl065,-2.8876000000001114,-3.9376000000001112,-4.637600000000111,0,0,0,1,3.9376000000001112,29.179999999999836,12.38000000000011,0.4491114701130773,28.149999999999636,0.6600355239786916,16.08999999999969,7.208000000000015,0.528,-1.0,,,13,3,3.0,2025
2025-03-21 13:00:00+00:00|-1.0|calendar_drop_monday_h13_tp06_sl065,2025-03-21 13:00:00+00:00,STAGE28A,data/reports/stage28a_discovery_factory_batch_runner/stage28a_exact_trades.csv,calendar_time_risk_proxy_v1,calendar_drop_monday_h13_tp06_sl065,1.5204999999999926,0.4704999999999928,-0.2295000000000069,1,0,1,0,0.4704999999999928,32.0,19.5,0.7379487179487114,13.140000000000327,0.07686453576866005,3.8400000000001455,4.945999999999958,0.004,-1.0,,,13,4,3.0,2025
2025-03-21 22:45:00+00:00|1.0|calendar_drop_monday_h13_tp06_sl065,2025-03-21 22:45:00+00:00,STAGE28A,data/reports/stage28a_discovery_factory_batch_runner/stage28a_exact_trades.csv,calendar_time_risk_proxy_v1,calendar_drop_monday_h13_tp06_sl065,-0.35,-1.4,-2.1,0,0,0,0,1.4,32.0,19.5,0.7379487179487114,13.140000000000327,0.07686453576866005,6.0,7.981000000000018,0.868,1.0,,,13,4,3.0,2025
2025-03-25 13:00:00+00:00|1.0|calendar_drop_monday_h13_tp06_sl065,2025-03-25 13:00:00+00:00,STAGE28A,data/reports/stage28a_discovery_factory_batch_runner/stage28a_exact_trades.csv,calendar_time_risk_proxy_v1,calendar_drop_monday_h13_tp06_sl065,1.3198000000001229,0.269800000000123,-0.4301999999998767,1,0,1,0,0.269800000000123,30.789999999999964,8.889999999999873,0.4915635545556753,14.550000000000182,0.5862542955326212,4.1599999999998545,5.54200000000003,0.068,1.0,,,13,1,3.0,2025
2025-03-26 13:00:00+00:00|1.0|calendar_drop_monday_h13_tp06_sl065,2025-03-26 13:00:00+00:00,STAGE28A,data/reports/stage28a_discovery_factory_batch_runner/stage28a_exact_trades.csv,calendar_time_risk_proxy_v1,calendar_drop_monday_h13_tp06_sl065,-2.112474999999995,-3.162474999999995,-3.8624749999999946,0,0,0,1,3.162474999999995,28.480000000000018,12.690000000000055,0.3065405831363165,18.789999999999964,0.4220329962746063,8.059999999999945,5.297999999999979,0.032,1.0,,,13,2,3.0,2025
2025-03-27 13:00:00+00:00|1.0|calendar_drop_monday_h13_tp06_sl065,2025-03-27 13:00:00+00:00,STAGE28A,data/reports/stage28a_discovery_factory_batch_runner/stage28a_exact_trades.csv,calendar_time_risk_proxy_v1,calendar_drop_monday_h13_tp06_sl065,-2.777424999999857,-3.827424999999857,-4.527424999999857,0,0,0,1,3.827424999999857,19.840000000000146,21.110000000000127,0.7607768829938346,29.13000000000011,0.5918297288019283,16.09999999999991,5.74699999999998,0.212,1.0,,,13,3,3.0,2025
2025-03-28 13:00:00+00:00|-1.0|calendar_drop_monday_h13_tp06_sl065,2025-03-28 13:00:00+00:00,STAGE28A,data/reports/stage28a_discovery_factory_batch_runner/stage28a_exact_trades.csv,calendar_time_risk_proxy_v1,calendar_drop_monday_h13_tp06_sl065,-2.9477250000000823,-3.997725000000082,-4.697725000000082,0,0,0,1,3.997725000000082,42.07999999999993,23.289999999999964,0.7745813653928721,19.770000000000437,0.018715225088535025,7.179999999999836,6.467000000000053,0.508,-1.0,,,13,4,3.0,2025
2025-03-28 22:45:00+00:00|1.0|calendar_drop_monday_h13_tp06_sl065,2025-03-28 22:45:00+00:00,STAGE28A,data/reports/stage28a_discovery_factory_batch_runner/stage28a_exact_trades.csv,calendar_time_risk_proxy_v1,calendar_drop_monday_h13_tp06_sl065,-0.35,-1.4,-2.1,0,0,0,0,1.4,42.07999999999993,23.289999999999964,0.7745813653928721,19.770000000000437,0.018715225088535025,2.400000000000091,9.158500000000004,1.0,1.0,,,13,4,3.0,2025
2025-04-01 13:00:00+00:00|-1.0|calendar_drop_monday_h13_tp06_sl065,2025-04-01 13:00:00+00:00,STAGE28A,data/reports/stage28a_discovery_factory_batch_runner/stage28a_exact_trades.csv,calendar_time_risk_proxy_v1,calendar_drop_monday_h13_tp06_sl065,2.8600000000000363,1.8100000000000365,1.1100000000000367,1,1,1,0,1.8100000000000365,51.42000000000007,27.210000000000036,0.8515251745681582,24.809999999999945,0.5630794034663373,3.7799999999997453,8.379499999999917,0.832,-1.0,,,13,1,4.0,2025
2025-04-02 13:00:00+00:00|1.0|calendar_drop_monday_h13_tp06_sl065,2025-04-02 13:00:00+00:00,STAGE28A,data/reports/stage28a_discovery_factory_batch_runner/stage28a_exact_trades.csv,calendar_time_risk_proxy_v1,calendar_drop_monday_h13_tp06_sl065,-3.2242999999999484,-4.274299999999949,-4.974299999999948,0,0,0,1,4.274299999999949,48.38000000000011,27.879999999999654,0.5068149210903976,24.329999999999927,0.23386765310316776,4.4699999999998,9.309999999999992,0.884,1.0,,,13,2,4.0,2025
2025-04-03 13:00:00+00:00|-1.0|calendar_drop_monday_h13_tp06_sl065,2025-04-03 13:00:00+00:00,STAGE28A,data/reports/stage28a_discovery_factory_batch_runner/stage28a_exact_trades.csv,calendar_time_risk_proxy_v1,calendar_drop_monday_h13_tp06_sl065,3.6283000000002175,2.5783000000002176,1.878300000000218,1,1,1,0,2.5783000000002176,41.36000000000013,45.86000000000013,0.04513737461839737,33.409999999999854,0.7934750074827995,8.0,14.06049999999998,0.968,-1.0,,,13,3,4.0,2025
2025-04-04 13:00:00+00:00|-1.0|calendar_drop_monday_h13_tp06_sl065,2025-04-04 13:00:00+00:00,STAGE28A,data/reports/stage28a_discovery_factory_batch_runner/stage28a_exact_trades.csv,calendar_time_risk_proxy_v1,calendar_drop_monday_h13_tp06_sl065,3.347500000000218,2.2975000000002184,1.5975000000002186,1,1,1,0,2.2975000000002184,113.61000000000013,29.670000000000073,0.572295247724974,31.329999999999927,0.25247366741143723,12.059999999999945,13.235000000000037,0.868,-1.0,,,13,4,4.0,2025
2025-04-04 23:45:00+00:00|1.0|calendar_drop_monday_h13_tp06_sl065,2025-04-04 23:45:00+00:00,STAGE28A,data/reports/stage28a_discovery_factory_batch_runner/stage28a_exact_trades.csv,calendar_time_risk_proxy_v1,calendar_drop_monday_h13_tp06_sl065,-0.35,-1.4,-2.1,0,0,0,0,1.4,113.61000000000013,29.670000000000073,0.572295247724974,31.329999999999927,0.25247366741143723,18.769999999999982,19.32099999999998,0.984,1.0,,,13,4,4.0,2025
2025-04-08 13:00:00+00:00|1.0|calendar_drop_monday_h13_tp06_sl065,2025-04-08 13:00:00+00:00,STAGE28A,data/reports/stage28a_discovery_factory_batch_runner/stage28a_exact_trades.csv,calendar_time_risk_proxy_v1,calendar_drop_monday_h13_tp06_sl065,3.2031999999998333,2.153199999999833,1.4531999999998335,1,1,1,0,2.153199999999833,99.02999999999975,26.2800000000002,0.3047945205479339,24.710000000000036,0.4900849858356985,12.850000000000364,14.336000000000036,0.708,1.0,,,13,1,4.0,2025
2025-04-09 13:00:00+00:00|1.0|calendar_drop_monday_h13_tp06_sl065,2025-04-09 13:00:00+00:00,STAGE28A,data/reports/stage28a_discovery_factory_batch_runner/stage28a_exact_trades.csv,calendar_time_risk_proxy_v1,calendar_drop_monday_h13_tp06_sl065,4.2733000000002,3.2233000000001995,2.5233000000002,1,1,1,0,3.2233000000001995,47.98000000000002,41.13999999999987,0.5486144871171555,52.7800000000002,0.7663887836301566,10.75,14.925000000000045,0.72,1.0,,,13,2,4.0,2025
2025-04-10 13:00:00+00:00|-1.0|calendar_drop_monday_h13_tp06_sl065,2025-04-10 13:00:00+00:00,STAGE28A,data/reports/stage28a_discovery_factory_batch_runner/stage28a_exact_trades.csv,calendar_time_risk_proxy_v1,calendar_drop_monday_h13_tp06_sl065,3.765099999999984,2.715099999999984,2.0150999999999843,1,1,1,0,2.715099999999984,129.6500000000001,60.11999999999989,0.7538256819693986,29.460000000000036,0.30040733197557207,14.829999999999927,18.808000000000014,0.804,-1.0,,,13,3,4.0,2025
2025-04-11 13:00:00+00:00|-1.0|calendar_drop_monday_h13_tp06_sl065,2025-04-11 13:00:00+00:00,STAGE28A,data/reports/stage28a_discovery_factory_batch_runner/stage28a_exact_trades.csv,calendar_time_risk_proxy_v1,calendar_drop_monday_h13_tp06_sl065,6.285699999999816,5.235699999999815,4.535699999999816,1,1,1,0,5.235699999999815,117.48000000000002,44.58999999999969,0.6503700381251447,42.960000000000036,0.23114525139664405,18.049999999999727,16.929500000000008,0.704,-1.0,,,13,4,4.0,2025
2025-04-11 23:45:00+00:00|1.0|calendar_drop_monday_h13_tp06_sl065,2025-04-11 23:45:00+00:00,STAGE28A,data/reports/stage28a_discovery_factory_batch_runner/stage28a_exact_trades.csv,calendar_time_risk_proxy_v1,calendar_drop_monday_h13_tp06_sl065,-4.031924999999864,-5.081924999999865,-5.781924999999864,0,0,0,1,5.081924999999865,117.48000000000002,44.58999999999969,0.6503700381251447,42.960000000000036,0.23114525139664405,8.190000000000055,17.83900000000001,0.744,1.0,,,13,4,4.0,2025
2025-04-15 13:00:00+00:00|-1.0|calendar_drop_monday_h13_tp06_sl065,2025-04-15 13:00:00+00:00,STAGE28A,data/reports/stage28a_discovery_factory_batch_runner/stage28a_exact_trades.csv,calendar_time_risk_proxy_v1,calendar_drop_monday_h13_tp06_sl065,2.3335000000000945,1.283500000000095,0.5835000000000949,1,1,1,0,1.283500000000095,52.00999999999976,18.799999999999727,0.8563829787234118,15.259999999999764,0.38204456094364464,9.0,8.617999999999938,0.028,-1.0,,,13,1,4.0,2025
2025-04-16 13:00:00+00:00|1.0|calendar_drop_monday_h13_tp06_sl065,2025-04-16 13:00:00+00:00,STAGE28A,data/reports/stage28a_discovery_factory_batch_runner/stage28a_exact_trades.csv,calendar_time_risk_proxy_v1,calendar_drop_monday_h13_tp06_sl065,3.895899999999892,2.8458999999998924,2.1458999999998927,1,1,1,0,2.8458999999998924,31.389999999999873,51.76000000000022,0.7735703245749574,48.39000000000033,0.4552593511056014,10.7199999999998,11.749999999999977,0.224,1.0,,,13,2,4.0,2025
2025-04-17 13:00:00+00:00|-1.0|calendar_drop_monday_h13_tp06_sl065,2025-04-17 13:00:00+00:00,STAGE28A,data/reports/stage28a_discovery_factory_batch_runner/stage28a_exact_trades.csv,calendar_time_risk_proxy_v1,calendar_drop_monday_h13_tp06_sl065,-4.047200000000066,-5.097200000000067,-5.797200000000066,0,0,0,1,5.097200000000067,121.34000000000015,36.90000000000009,0.17723577235772214,32.649999999999636,0.7038284839203759,6.239999999999782,12.475999999999976,0.224,-1.0,,,13,3,4.0,2025
2025-04-17 23:45:00+00:00|1.0|calendar_drop_monday_h13_tp06_sl065,2025-04-17 23:45:00+00:00,STAGE28A,data/reports/stage28a_discovery_factory_batch_runner/stage28a_exact_trades.csv,calendar_time_risk_proxy_v1,calendar_drop_monday_h13_tp06_sl065,-0.35,-1.4,-2.1,0,0,0,0,1.4,121.34000000000015,36.90000000000009,0.17723577235772214,32.649999999999636,0.7038284839203759,10.859999999999673,14.703999999999974,0.448,1.0,,,13,3,4.0,2025
2025-04-22 13:00:00+00:00|-1.0|calendar_drop_monday_h13_tp06_sl065,2025-04-22 13:00:00+00:00,STAGE28A,data/reports/stage28a_discovery_factory_batch_runner/stage28a_exact_trades.csv,calendar_time_risk_proxy_v1,calendar_drop_monday_h13_tp06_sl065,6.034000000000015,4.984000000000014,4.284000000000015,1,1,1,0,4.984000000000014,102.19999999999982,82.3100000000004,0.6886162070222277,56.809999999999945,0.5835240274599564,14.8100000000004,18.692000000000075,0.848,-1.0,,,13,1,4.0,2025
2025-04-23 13:00:00+00:00|-1.0|calendar_drop_monday_h13_tp06_sl065,2025-04-23 13:00:00+00:00,STAGE28A,data/reports/stage28a_discovery_factory_batch_runner/stage28a_exact_trades.csv,calendar_time_risk_proxy_v1,calendar_drop_monday_h13_tp06_sl065,6.822999999999775,5.772999999999774,5.072999999999775,1,1,1,0,5.772999999999774,174.55999999999995,73.46000000000004,0.1497413558399128,57.48999999999978,0.37049921725517937,23.18000000000029,25.63149999999996,0.968,-1.0,,,13,2,4.0,2025
2025-04-24 13:00:00+00:00|1.0|calendar_drop_monday_h13_tp06_sl065,2025-04-24 13:00:00+00:00,STAGE28A,data/reports/stage28a_discovery_factory_batch_runner/stage28a_exact_trades.csv,calendar_time_risk_proxy_v1,calendar_drop_monday_h13_tp06_sl065,-5.812599999999838,-6.862599999999839,-7.562599999999838,0,0,0,1,6.862599999999839,126.44999999999982,79.0,0.23063291139240252,28.09999999999991,0.312455516014243,17.419999999999618,19.277500000000053,0.756,1.0,,,13,3,4.0,2025
2025-04-25 13:00:00+00:00|-1.0|calendar_drop_monday_h13_tp06_sl065,2025-04-25 13:00:00+00:00,STAGE28A,data/reports/stage28a_discovery_factory_batch_runner/stage28a_exact_trades.csv,calendar_time_risk_proxy_v1,calendar_drop_monday_h13_tp06_sl065,-5.763524999999936,-6.813524999999936,-7.513524999999936,0,0,0,1,6.813524999999936,79.0,48.029999999999745,0.906516760358123,40.48999999999978,0.7698197085700232,16.579999999999927,16.981500000000004,0.668,-1.0,,,13,4,4.0,2025
2025-04-25 23:45:00+00:00|1.0|calendar_drop_monday_h13_tp06_sl065,2025-04-25 23:45:00+00:00,STAGE28A,data/reports/stage28a_discovery_factory_batch_runner/stage28a_exact_trades.csv,calendar_time_risk_proxy_v1,calendar_drop_monday_h13_tp06_sl065,-0.35,-1.4,-2.1,0,0,0,0,1.4,79.0,48.029999999999745,0.906516760358123,40.48999999999978,0.7698197085700232,24.539999999999964,16.793000000000006,0.668,1.0,,,13,4,4.0,2025
2025-04-29 13:00:00+00:00|-1.0|calendar_drop_monday_h13_tp06_sl065,2025-04-29 13:00:00+00:00,STAGE28A,data/reports/stage28a_discovery_factory_batch_runner/stage28a_exact_trades.csv,calendar_time_risk_proxy_v1,calendar_drop_monday_h13_tp06_sl065,3.1195000000001527,2.069500000000153,1.3695000000001532,1,1,1,0,2.069500000000153,84.68000000000029,40.26999999999998,0.5495406009436334,19.720000000000255,0.35699797160242763,7.269999999999982,13.547000000000049,0.296,-1.0,,,13,1,4.0,2025
2025-04-30 13:00:00+00:00|-1.0|calendar_drop_monday_h13_tp06_sl065,2025-04-30 13:00:00+00:00,STAGE28A,data/reports/stage28a_discovery_factory_batch_runner/stage28a_exact_trades.csv,calendar_time_risk_proxy_v1,calendar_drop_monday_h13_tp06_sl065,-4.5262499999999815,-5.576249999999982,-6.2762499999999815,0,0,0,1,5.576249999999982,48.690000000000055,24.269999999999982,0.5937371240214201,39.57999999999993,0.7271349166245528,11.799999999999727,11.332499999999936,0.14,-1.0,,,13,2,4.0,2025
2025-05-01 13:00:00+00:00|1.0|calendar_drop_monday_h13_tp06_sl065,2025-05-01 13:00:00+00:00,STAGE28A,data/reports/stage28a_discovery_factory_batch_runner/stage28a_exact_trades.csv,calendar_time_risk_proxy_v1,calendar_drop_monday_h13_tp06_sl065,3.155799999999908,2.1057999999999084,1.405799999999909,1,1,1,0,2.1057999999999084,60.86999999999989,61.15000000000009,0.7282093213409596,27.449999999999818,0.39744990892533266,20.409999999999854,14.614999999999963,0.46,1.0,,,13,3,5.0,2025
2025-05-02 13:00:00+00:00|1.0|calendar_drop_monday_h13_tp06_sl065,2025-05-02 13:00:00+00:00,STAGE28A,data/reports/stage28a_discovery_factory_batch_runner/stage28a_exact_trades.csv,calendar_time_risk_proxy_v1,calendar_drop_monday_h13_tp06_sl065,2.971599999999762,1.9215999999997624,1.2215999999997624,1,1,1,0,1.9215999999997624,88.20000000000027,31.109999999999673,0.5483767277402805,20.670000000000073,0.49443638122882266,11.980000000000018,11.065999999999985,0.016,1.0,,,13,4,5.0,2025
2025-05-02 23:45:00+00:00|1.0|calendar_drop_monday_h13_tp06_sl065,2025-05-02 23:45:00+00:00,STAGE28A,data/reports/stage28a_discovery_factory_batch_runner/stage28a_exact_trades.csv,calendar_time_risk_proxy_v1,calendar_drop_monday_h13_tp06_sl065,-0.35,-1.4,-2.1,0,0,0,0,1.4,88.20000000000027,31.109999999999673,0.5483767277402805,20.670000000000073,0.49443638122882266,8.110000000000127,13.264999999999986,0.212,1.0,,,13,4,5.0,2025
2025-05-06 13:00:00+00:00|1.0|calendar_drop_monday_h13_tp06_sl065,2025-05-06 13:00:00+00:00,STAGE28A,data/reports/stage28a_discovery_factory_batch_runner/stage28a_exact_trades.csv,calendar_time_risk_proxy_v1,calendar_drop_monday_h13_tp06_sl065,-4.483025000000088,-5.533025000000089,-6.233025000000088,0,0,0,1,5.533025000000089,100.18000000000029,63.51999999999998,0.4711901763224157,32.86999999999989,0.6905993306966807,11.739999999999782,14.196000000000026,0.444,1.0,,,13,1,5.0,2025
2025-05-07 13:00:00+00:00|1.0|calendar_drop_monday_h13_tp06_sl065,2025-05-07 13:00:00+00:00,STAGE28A,data/reports/stage28a_discovery_factory_batch_runner/stage28a_exact_trades.csv,calendar_time_risk_proxy_v1,calendar_drop_monday_h13_tp06_sl065,-4.804124999999749,-5.854124999999749,-6.554124999999749,0,0,0,1,5.854124999999749,111.4699999999998,78.80000000000018,0.07398477157360296,27.629999999999654,0.20123054650742,15.36999999999989,19.48150000000005,0.86,1.0,,,13,2,5.0,2025
2025-05-08 13:00:00+00:00|-1.0|calendar_drop_monday_h13_tp06_sl065,2025-05-08 13:00:00+00:00,STAGE28A,data/reports/stage28a_discovery_factory_batch_runner/stage28a_exact_trades.csv,calendar_time_risk_proxy_v1,calendar_drop_monday_h13_tp06_sl065,5.340099999999802,4.290099999999802,3.5900999999998024,1,1,1,0,4.290099999999802,78.80000000000018,50.23000000000002,0.5377264582918525,79.16000000000031,0.8227640222334494,13.0,16.130499999999962,0.648,-1.0,,,13,3,5.0,2025
2025-05-09 13:00:00+00:00|1.0|calendar_drop_monday_h13_tp06_sl065,2025-05-09 13:00:00+00:00,STAGE28A,data/reports/stage28a_discovery_factory_batch_runner/stage28a_exact_trades.csv,calendar_time_risk_proxy_v1,calendar_drop_monday_h13_tp06_sl065,-4.128449999999793,-5.178449999999794,-5.878449999999793,0,0,0,1,5.178449999999794,126.18000000000029,49.309999999999945,0.3214358142364617,24.079999999999927,0.7093023255813945,5.7199999999998,16.525499999999965,0.712,1.0,,,13,4,5.0,2025
2025-05-09 23:45:00+00:00|1.0|calendar_drop_monday_h13_tp06_sl065,2025-05-09 23:45:00+00:00,STAGE28A,data/reports/stage28a_discovery_factory_batch_runner/stage28a_exact_trades.csv,calendar_time_risk_proxy_v1,calendar_drop_monday_h13_tp06_sl065,2.1417999999997845,1.0917999999997847,0.391799999999785,1,1,1,0,1.0917999999997847,126.18000000000029,49.309999999999945,0.3214358142364617,24.079999999999927,0.7093023255813945,14.359999999999673,13.973999999999933,0.44,1.0,,,13,4,5.0,2025
2025-05-13 13:00:00+00:00|1.0|calendar_drop_monday_h13_tp06_sl065,2025-05-13 13:00:00+00:00,STAGE28A,data/reports/stage28a_discovery_factory_batch_runner/stage28a_exact_trades.csv,calendar_time_risk_proxy_v1,calendar_drop_monday_h13_tp06_sl065,2.764599999999882,1.7145999999998822,1.0145999999998825,1,1,1,0,1.7145999999998822,103.59999999999991,27.399999999999636,0.1021897810219058,30.669999999999618,0.5441799804369176,6.079999999999927,11.865499999999951,0.116,1.0,,,13,1,5.0,2025
2025-05-14 13:00:00+00:00|1.0|calendar_drop_monday_h13_tp06_sl065,2025-05-14 13:00:00+00:00,STAGE28A,data/reports/stage28a_discovery_factory_batch_runner/stage28a_exact_trades.csv,calendar_time_risk_proxy_v1,calendar_drop_monday_h13_tp06_sl065,-4.064425000000119,-5.11442500000012,-5.814425000000119,0,0,0,1,5.11442500000012,49.629999999999654,30.800000000000182,0.849025974025972,22.360000000000127,0.1797853309481198,7.360000000000127,10.046499999999991,0.012,1.0,,,13,2,5.0,2025
2025-05-15 13:00:00+00:00|1.0|calendar_drop_monday_h13_tp06_sl065,2025-05-15 13:00:00+00:00,STAGE28A,data/reports/stage28a_discovery_factory_batch_runner/stage28a_exact_trades.csv,calendar_time_risk_proxy_v1,calendar_drop_monday_h13_tp06_sl065,-6.468774999999914,-7.518774999999914,-8.218774999999914,0,0,0,1,7.518774999999914,88.99000000000024,44.320000000000164,0.7274368231046958,50.940000000000055,0.290341578327443,12.239999999999782,14.491500000000087,0.548,1.0,,,13,3,5.0,2025
2025-05-16 13:00:00+00:00|-1.0|calendar_drop_monday_h13_tp06_sl065,2025-05-16 13:00:00+00:00,STAGE28A,data/reports/stage28a_discovery_factory_batch_runner/stage28a_exact_trades.csv,calendar_time_risk_proxy_v1,calendar_drop_monday_h13_tp06_sl065,-5.144399999999768,-6.194399999999769,-6.894399999999768,0,0,0,1,6.194399999999769,131.69000000000005,45.57999999999993,0.8600263273365585,35.88000000000011,0.07413600891861333,9.079999999999927,13.179999999999927,0.332,-1.0,,,13,4,5.0,2025
2025-05-16 23:45:00+00:00|1.0|calendar_drop_monday_h13_tp06_sl065,2025-05-16 23:45:00+00:00,STAGE28A,data/reports/stage28a_discovery_factory_batch_runner/stage28a_exact_trades.csv,calendar_time_risk_proxy_v1,calendar_drop_monday_h13_tp06_sl065,-0.35,-1.4,-2.1,0,0,0,0,1.4,131.69000000000005,45.57999999999993,0.8600263273365585,35.88000000000011,0.07413600891861333,8.210000000000036,15.963499999999954,0.716,1.0,,,13,4,5.0,2025
2025-05-20 13:00:00+00:00|1.0|calendar_drop_monday_h13_tp06_sl065,2025-05-20 13:00:00+00:00,STAGE28A,data/reports/stage28a_discovery_factory_batch_runner/stage28a_exact_trades.csv,calendar_time_risk_proxy_v1,calendar_drop_monday_h13_tp06_sl065,3.096399999999812,2.0463999999998124,1.3463999999998126,1,1,1,0,2.0463999999998124,43.039999999999964,28.140000000000327,0.5501066098080805,31.31999999999971,0.7962962962963054,8.679999999999836,10.191499999999996,0.04,1.0,,,13,1,5.0,2025
2025-05-21 13:00:00+00:00|1.0|calendar_drop_monday_h13_tp06_sl065,2025-05-21 13:00:00+00:00,STAGE28A,data/reports/stage28a_discovery_factory_batch_runner/stage28a_exact_trades.csv,calendar_time_risk_proxy_v1,calendar_drop_monday_h13_tp06_sl065,3.1588000000000647,2.108800000000065,1.4088000000000651,1,1,1,0,2.108800000000065,92.44000000000005,29.09999999999991,0.3731958762886497,22.159999999999854,0.26579422382673135,6.3400000000001455,11.911499999999933,0.176,1.0,,,13,2,5.0,2025
2025-05-22 13:00:00+00:00|-1.0|calendar_drop_monday_h13_tp06_sl065,2025-05-22 13:00:00+00:00,STAGE28A,data/reports/stage28a_discovery_factory_batch_runner/stage28a_exact_trades.csv,calendar_time_risk_proxy_v1,calendar_drop_monday_h13_tp06_sl065,3.005199999999968,1.955199999999968,1.2551999999999683,1,1,1,0,1.955199999999968,39.2800000000002,29.789999999999964,0.5877811346089219,35.23999999999978,0.8688989784336004,9.629999999999654,10.234999999999946,0.06,-1.0,,,13,3,5.0,2025
2025-05-23 13:00:00+00:00|1.0|calendar_drop_monday_h13_tp06_sl065,2025-05-23 13:00:00+00:00,STAGE28A,data/reports/stage28a_discovery_factory_batch_runner/stage28a_exact_trades.csv,calendar_time_risk_proxy_v1,calendar_drop_monday_h13_tp06_sl065,2.61309999999994,1.5630999999999404,0.8630999999999407,1,1,1,0,1.5630999999999404,66.07000000000016,21.76000000000022,0.197150735294114,32.4399999999996,0.8187422934648666,9.150000000000091,10.784000000000038,0.168,1.0,,,13,4,5.0,2025
2025-05-23 23:45:00+00:00|1.0|calendar_drop_monday_h13_tp06_sl065,2025-05-23 23:45:00+00:00,STAGE28A,data/reports/stage28a_discovery_factory_batch_runner/stage28a_exact_trades.csv,calendar_time_risk_proxy_v1,calendar_drop_monday_h13_tp06_sl065,-0.35,-1.4,-2.1,0,0,0,0,1.4,66.07000000000016,21.76000000000022,0.197150735294114,32.4399999999996,0.8187422934648666,7.410000000000309,12.607000000000017,0.392,1.0,,,13,4,5.0,2025
2025-05-27 13:00:00+00:00|-1.0|calendar_drop_monday_h13_tp06_sl065,2025-05-27 13:00:00+00:00,STAGE28A,data/reports/stage28a_discovery_factory_batch_runner/stage28a_exact_trades.csv,calendar_time_risk_proxy_v1,calendar_drop_monday_h13_tp06_sl065,4.396300000000247,3.3463000000002467,2.646300000000247,1,1,1,0,3.3463000000002467,33.23999999999978,18.09999999999991,0.3596685082872816,48.90000000000009,0.9141104294478474,14.960000000000036,9.271000000000049,0.096,-1.0,,,13,1,5.0,2025
2025-05-28 13:00:00+00:00|1.0|calendar_drop_monday_h13_tp06_sl065,2025-05-28 13:00:00+00:00,STAGE28A,data/reports/stage28a_discovery_factory_batch_runner/stage28a_exact_trades.csv,calendar_time_risk_proxy_v1,calendar_drop_monday_h13_tp06_sl065,2.69950000000008,1.64950000000008,0.9495000000000804,1,1,1,0,1.64950000000008,64.65999999999985,24.050000000000182,0.22910602910601754,31.070000000000164,0.8464757000321868,5.320000000000164,9.679000000000087,0.124,1.0,,,13,2,5.0,2025
2025-05-29 13:00:00+00:00|1.0|calendar_drop_monday_h13_tp06_sl065,2025-05-29 13:00:00+00:00,STAGE28A,data/reports/stage28a_discovery_factory_batch_runner/stage28a_exact_trades.csv,calendar_time_risk_proxy_v1,calendar_drop_monday_h13_tp06_sl065,-3.628925000000072,-4.678925000000072,-5.378925000000072,0,0,0,1,4.678925000000072,48.7199999999998,49.67000000000007,0.2415945238574589,23.240000000000236,0.3222891566265129,6.980000000000018,13.875999999999976,0.708,1.0,,,13,3,5.0,2025
2025-05-30 13:00:00+00:00|1.0|calendar_drop_monday_h13_tp06_sl065,2025-05-30 13:00:00+00:00,STAGE28A,data/reports/stage28a_discovery_factory_batch_runner/stage28a_exact_trades.csv,calendar_time_risk_proxy_v1,calendar_drop_monday_h13_tp06_sl065,-4.305899999999928,-5.355899999999929,-6.055899999999928,0,0,0,1,5.355899999999929,85.5,31.449999999999818,0.6311605723370437,17.59999999999991,0.06193181818182677,6.649999999999636,9.561000000000012,0.124,1.0,,,13,4,5.0,2025
2025-05-30 23:45:00+00:00|1.0|calendar_drop_monday_h13_tp06_sl065,2025-05-30 23:45:00+00:00,STAGE28A,data/reports/stage28a_discovery_factory_batch_runner/stage28a_exact_trades.csv,calendar_time_risk_proxy_v1,calendar_drop_monday_h13_tp06_sl065,-0.35,-1.4,-2.1,0,0,0,0,1.4,85.5,31.449999999999818,0.6311605723370437,17.59999999999991,0.06193181818182677,3.4200000000000728,12.199499999999967,0.612,1.0,,,13,4,5.0,2025
2025-06-03 13:00:00+00:00|-1.0|calendar_drop_monday_h13_tp06_sl065,2025-06-03 13:00:00+00:00,STAGE28A,data/reports/stage28a_discovery_factory_batch_runner/stage28a_exact_trades.csv,calendar_time_risk_proxy_v1,calendar_drop_monday_h13_tp06_sl065,2.9475999999998748,1.897599999999875,1.1975999999998752,1,1,1,0,1.897599999999875,94.19000000000005,32.42000000000007,0.8932757557063532,16.5,0.27636363636363304,7.6599999999998545,9.29100000000003,0.108,-1.0,,,13,1,6.0,2025
2025-06-04 13:00:00+00:00|1.0|calendar_drop_monday_h13_tp06_sl065,2025-06-04 13:00:00+00:00,STAGE28A,data/reports/stage28a_discovery_factory_batch_runner/stage28a_exact_trades.csv,calendar_time_risk_proxy_v1,calendar_drop_monday_h13_tp06_sl065,2.5819000000000414,1.5319000000000416,0.8319000000000418,1,1,1,0,1.5319000000000416,59.320000000000164,26.11999999999989,0.07465543644716027,17.25,0.2179710144927663,5.600000000000364,8.997499999999922,0.096,1.0,,,13,2,6.0,2025
2025-06-05 13:00:00+00:00|1.0|calendar_drop_monday_h13_tp06_sl065,2025-06-05 13:00:00+00:00,STAGE28A,data/reports/stage28a_discovery_factory_batch_runner/stage28a_exact_trades.csv,calendar_time_risk_proxy_v1,calendar_drop_monday_h13_tp06_sl065,2.480500000000029,1.4305000000000292,0.7305000000000295,1,1,1,0,1.4305000000000292,40.88999999999987,15.769999999999982,0.24413443246670347,30.279999999999745,0.6647952443857423,17.199999999999818,9.147000000000002,0.148,1.0,,,13,3,6.0,2025
2025-06-06 13:00:00+00:00|-1.0|calendar_drop_monday_h13_tp06_sl065,2025-06-06 13:00:00+00:00,STAGE28A,data/reports/stage28a_discovery_factory_batch_runner/stage28a_exact_trades.csv,calendar_time_risk_proxy_v1,calendar_drop_monday_h13_tp06_sl065,-3.493074999999953,-4.543074999999954,-5.243074999999953,0,0,0,1,4.543074999999954,64.22000000000025,18.7199999999998,0.5694444444444671,22.740000000000236,0.5721196130167143,12.539999999999964,10.640500000000042,0.508,-1.0,,,13,4,6.0,2025
2025-06-06 23:45:00+00:00|1.0|calendar_drop_monday_h13_tp06_sl065,2025-06-06 23:45:00+00:00,STAGE28A,data/reports/stage28a_discovery_factory_batch_runner/stage28a_exact_trades.csv,calendar_time_risk_proxy_v1,calendar_drop_monday_h13_tp06_sl065,-0.35,-1.4,-2.1,0,0,0,0,1.4,64.22000000000025,18.7199999999998,0.5694444444444671,22.740000000000236,0.5721196130167143,7.670000000000073,11.182000000000016,0.604,1.0,,,13,4,6.0,2025
2025-06-10 13:00:00+00:00|1.0|calendar_drop_monday_h13_tp06_sl065,2025-06-10 13:00:00+00:00,STAGE28A,data/reports/stage28a_discovery_factory_batch_runner/stage28a_exact_trades.csv,calendar_time_risk_proxy_v1,calendar_drop_monday_h13_tp06_sl065,2.4810999999998784,1.4310999999998786,0.7310999999998788,1,1,1,0,1.4310999999998786,44.629999999999654,25.990000000000236,0.6167756829549673,31.990000000000236,0.6927164738980977,4.610000000000127,8.441999999999984,0.068,1.0,,,13,1,6.0,2025
2025-06-11 13:00:00+00:00|1.0|calendar_drop_monday_h13_tp06_sl065,2025-06-11 13:00:00+00:00,STAGE28A,data/reports/stage28a_discovery_factory_batch_runner/stage28a_exact_trades.csv,calendar_time_risk_proxy_v1,calendar_drop_monday_h13_tp06_sl065,-3.288325000000077,-4.3383250000000775,-5.038325000000077,0,0,0,1,4.3383250000000775,47.15000000000009,26.059999999999945,0.5721412125863349,17.140000000000327,0.3302217036172547,13.240000000000236,9.195500000000015,0.18,1.0,,,13,2,6.0,2025
2025-06-12 13:00:00+00:00|-1.0|calendar_drop_monday_h13_tp06_sl065,2025-06-12 13:00:00+00:00,STAGE28A,data/reports/stage28a_discovery_factory_batch_runner/stage28a_exact_trades.csv,calendar_time_risk_proxy_v1,calendar_drop_monday_h13_tp06_sl065,3.465099999999802,2.415099999999802,1.7150999999998024,1,1,1,0,2.415099999999802,54.10999999999967,21.41000000000031,0.20597851471274128,37.07999999999993,0.21467098166127432,12.5,12.585000000000036,0.912,-1.0,,,13,3,6.0,2025
2025-06-13 13:00:00+00:00|-1.0|calendar_drop_monday_h13_tp06_sl065,2025-06-13 13:00:00+00:00,STAGE28A,data/reports/stage28a_discovery_factory_batch_runner/stage28a_exact_trades.csv,calendar_time_risk_proxy_v1,calendar_drop_monday_h13_tp06_sl065,-4.438174999999864,-5.488174999999865,-6.188174999999864,0,0,0,1,5.488174999999865,60.320000000000164,64.65000000000009,0.6521268368136086,22.43000000000029,0.05840392331698299,7.2400000000002365,12.121500000000015,0.816,-1.0,,,13,4,6.0,2025
2025-06-13 23:45:00+00:00|1.0|calendar_drop_monday_h13_tp06_sl065,2025-06-13 23:45:00+00:00,STAGE28A,data/reports/stage28a_discovery_factory_batch_runner/stage28a_exact_trades.csv,calendar_time_risk_proxy_v1,calendar_drop_monday_h13_tp06_sl065,-0.35,-1.4,-2.1,0,0,0,0,1.4,60.320000000000164,64.65000000000009,0.6521268368136086,22.43000000000029,0.05840392331698299,6.460000000000036,13.577000000000044,0.952,1.0,,,13,4,6.0,2025
2025-06-17 13:00:00+00:00|-1.0|calendar_drop_monday_h13_tp06_sl065,2025-06-17 13:00:00+00:00,STAGE28A,data/reports/stage28a_discovery_factory_batch_runner/stage28a_exact_trades.csv,calendar_time_risk_proxy_v1,calendar_drop_monday_h13_tp06_sl065,2.7052000000002407,1.655200000000241,0.9552000000002412,1,1,1,0,1.655200000000241,70.05999999999995,29.539999999999964,0.2599864590386019,20.360000000000127,0.10559921414538691,10.139999999999873,9.720500000000039,0.324,-1.0,,,13,1,6.0,2025
2025-06-18 13:00:00+00:00|-1.0|calendar_drop_monday_h13_tp06_sl065,2025-06-18 13:00:00+00:00,STAGE28A,data/reports/stage28a_discovery_factory_batch_runner/stage28a_exact_trades.csv,calendar_time_risk_proxy_v1,calendar_drop_monday_h13_tp06_sl065,2.062899999999809,1.0128999999998087,0.312899999999809,1,1,1,0,1.0128999999998087,37.070000000000164,25.65000000000009,0.08109161793372008,24.519999999999982,0.5236541598695006,10.019999999999982,9.534500000000026,0.252,-1.0,,,13,2,6.0,2025
2025-06-19 13:00:00+00:00|-1.0|calendar_drop_monday_h13_tp06_sl065,2025-06-19 13:00:00+00:00,STAGE28A,data/reports/stage28a_discovery_factory_batch_runner/stage28a_exact_trades.csv,calendar_time_risk_proxy_v1,calendar_drop_monday_h13_tp06_sl065,3.3828999999999723,2.3328999999999724,1.6328999999999727,1,1,1,0,2.3328999999999724,37.409999999999854,18.40000000000009,0.08641304347826835,27.670000000000073,0.11962414166967607,9.88000000000011,10.623499999999922,0.482,-1.0,,,13,3,6.0,2025
2025-06-20 13:00:00+00:00|-1.0|calendar_drop_monday_h13_tp06_sl065,2025-06-20 13:00:00+00:00,STAGE28A,data/reports/stage28a_discovery_factory_batch_runner/stage28a_exact_trades.csv,calendar_time_risk_proxy_v1,calendar_drop_monday_h13_tp06_sl065,2.464600000000155,1.414600000000155,0.7146000000001553,1,1,1,0,1.414600000000155,40.36000000000013,25.590000000000146,0.3993747557639602,18.860000000000127,0.01590668080592392,9.909999999999854,8.579500000000076,0.096,-1.0,,,13,4,6.0,2025
2025-06-20 23:45:00+00:00|1.0|calendar_drop_monday_h13_tp06_sl065,2025-06-20 23:45:00+00:00,STAGE28A,data/reports/stage28a_discovery_factory_batch_runner/stage28a_exact_trades.csv,calendar_time_risk_proxy_v1,calendar_drop_monday_h13_tp06_sl065,-0.35,-1.4,-2.1,0,0,0,0,1.4,40.36000000000013,25.590000000000146,0.3993747557639602,18.860000000000127,0.01590668080592392,5.799999999999727,8.892499999999995,0.152,1.0,,,13,4,6.0,2025
2025-06-24 13:00:00+00:00|-1.0|calendar_drop_monday_h13_tp06_sl065,2025-06-24 13:00:00+00:00,STAGE28A,data/reports/stage28a_discovery_factory_batch_runner/stage28a_exact_trades.csv,calendar_time_risk_proxy_v1,calendar_drop_monday_h13_tp06_sl065,-4.461899999999877,-5.511899999999878,-6.211899999999877,0,0,0,1,5.511899999999878,49.309999999999945,36.75,0.08408163265306519,37.289999999999964,0.9155269509251784,10.820000000000164,12.75750000000005,0.852,-1.0,,,13,1,6.0,2025
2025-06-25 13:00:00+00:00|-1.0|calendar_drop_monday_h13_tp06_sl065,2025-06-25 13:00:00+00:00,STAGE28A,data/reports/stage28a_discovery_factory_batch_runner/stage28a_exact_trades.csv,calendar_time_risk_proxy_v1,calendar_drop_monday_h13_tp06_sl065,1.851399999999921,0.8013999999999215,0.1013999999999217,1,1,1,0,0.8013999999999215,74.55999999999995,14.210000000000036,0.4693877551020447,15.5,0.19935483870965748,5.700000000000273,6.538999999999964,0.004,-1.0,,,13,2,6.0,2025
2025-06-26 13:00:00+00:00|1.0|calendar_drop_monday_h13_tp06_sl065,2025-06-26 13:00:00+00:00,STAGE28A,data/reports/stage28a_discovery_factory_batch_runner/stage28a_exact_trades.csv,calendar_time_risk_proxy_v1,calendar_drop_monday_h13_tp06_sl065,1.8445000000000615,0.7945000000000619,0.0945000000000622,1,1,1,0,0.7945000000000619,25.09999999999991,13.859999999999673,0.3448773448773675,19.23999999999978,0.12577962577963098,9.980000000000018,7.567000000000053,0.08,1.0,,,13,3,6.0,2025
2025-06-27 13:00:00+00:00|-1.0|calendar_drop_monday_h13_tp06_sl065,2025-06-27 13:00:00+00:00,STAGE28A,data/reports/stage28a_discovery_factory_batch_runner/stage28a_exact_trades.csv,calendar_time_risk_proxy_v1,calendar_drop_monday_h13_tp06_sl065,3.049300000000039,1.9993000000000396,1.2993000000000396,1,1,1,0,1.9993000000000396,40.289999999999964,35.63000000000011,0.7605950042099305,19.050000000000182,0.6068241469816187,7.5300000000002,8.739000000000033,0.208,-1.0,,,13,4,6.0,2025
2025-06-27 23:45:00+00:00|1.0|calendar_drop_monday_h13_tp06_sl065,2025-06-27 23:45:00+00:00,STAGE28A,data/reports/stage28a_discovery_factory_batch_runner/stage28a_exact_trades.csv,calendar_time_risk_proxy_v1,calendar_drop_monday_h13_tp06_sl065,-0.35,-1.4,-2.1,0,0,0,0,1.4,40.289999999999964,35.63000000000011,0.7605950042099305,19.050000000000182,0.6068241469816187,8.070000000000164,10.479999999999995,0.616,1.0,,,13,4,6.0,2025
2025-07-01 13:00:00+00:00|1.0|calendar_drop_monday_h13_tp06_sl065,2025-07-01 13:00:00+00:00,STAGE28A,data/reports/stage28a_discovery_factory_batch_runner/stage28a_exact_trades.csv,calendar_time_risk_proxy_v1,calendar_drop_monday_h13_tp06_sl065,-2.8996250000001056,-3.9496250000001054,-4.649625000000105,0,0,0,1,3.9496250000001054,63.93000000000029,20.279999999999745,0.4817554240631215,29.08999999999969,0.8446201443795108,9.88000000000011,7.409500000000071,0.072,1.0,,,13,1,7.0,2025
2025-07-02 13:00:00+00:00|-1.0|calendar_drop_monday_h13_tp06_sl065,2025-07-02 13:00:00+00:00,STAGE28A,data/reports/stage28a_discovery_factory_batch_runner/stage28a_exact_trades.csv,calendar_time_risk_proxy_v1,calendar_drop_monday_h13_tp06_sl065,-2.834300000000076,-3.884300000000076,-4.584300000000075,0,0,0,1,3.884300000000076,55.48999999999978,16.179999999999836,0.10074165636589157,16.269999999999982,0.10571604179472997,9.11999999999989,6.954499999999984,0.056,-1.0,,,13,2,7.0,2025
2025-07-03 13:00:00+00:00|1.0|calendar_drop_monday_h13_tp06_sl065,2025-07-03 13:00:00+00:00,STAGE28A,data/reports/stage28a_discovery_factory_batch_runner/stage28a_exact_trades.csv,calendar_time_risk_proxy_v1,calendar_drop_monday_h13_tp06_sl065,2.0014000000000123,0.9514000000000123,0.2514000000000127,1,1,1,0,0.9514000000000123,34.559999999999945,23.829999999999927,0.607217792698292,19.84999999999991,0.10277078085642181,12.480000000000018,7.623499999999945,0.244,1.0,,,13,3,7.0,2025
2025-07-04 13:00:00+00:00|1.0|calendar_drop_monday_h13_tp06_sl065,2025-07-04 13:00:00+00:00,STAGE28A,data/reports/stage28a_discovery_factory_batch_runner/stage28a_exact_trades.csv,calendar_time_risk_proxy_v1,calendar_drop_monday_h13_tp06_sl065,-2.404650000000038,-3.4546500000000377,-4.1546500000000375,0,0,0,1,3.4546500000000377,54.36999999999989,15.200000000000273,0.6059210526315705,12.009999999999764,0.32556203164029407,10.0,6.044500000000039,0.012,1.0,,,13,4,7.0,2025
2025-07-04 19:45:00+00:00|1.0|calendar_drop_monday_h13_tp06_sl065,2025-07-04 19:45:00+00:00,STAGE28A,data/reports/stage28a_discovery_factory_batch_runner/stage28a_exact_trades.csv,calendar_time_risk_proxy_v1,calendar_drop_monday_h13_tp06_sl065,-0.35,-1.4,-2.1,0,0,0,0,1.4,54.36999999999989,15.200000000000273,0.6059210526315705,12.009999999999764,0.32556203164029407,3.0599999999999454,5.513999999999987,0.016,1.0,,,13,4,7.0,2025
2025-07-08 13:00:00+00:00|-1.0|calendar_drop_monday_h13_tp06_sl065,2025-07-08 13:00:00+00:00,STAGE28A,data/reports/stage28a_discovery_factory_batch_runner/stage28a_exact_trades.csv,calendar_time_risk_proxy_v1,calendar_drop_monday_h13_tp06_sl065,1.8693999999999504,0.8193999999999506,0.1193999999999508,1,1,1,0,0.8193999999999506,46.31999999999971,16.210000000000036,0.5077112893275756,18.2800000000002,0.5202407002188246,5.579999999999927,6.630999999999995,0.088,-1.0,,,13,1,7.0,2025
2025-07-09 13:00:00+00:00|-1.0|calendar_drop_monday_h13_tp06_sl065,2025-07-09 13:00:00+00:00,STAGE28A,data/reports/stage28a_discovery_factory_batch_runner/stage28a_exact_trades.csv,calendar_time_risk_proxy_v1,calendar_drop_monday_h13_tp06_sl065,-3.022474999999849,-4.07247499999985,-4.772474999999849,0,0,0,1,4.07247499999985,58.720000000000255,23.039999999999964,0.36067708333333154,15.109999999999673,0.2766379880873545,5.960000000000036,8.421499999999947,0.604,-1.0,,,13,2,7.0,2025
2025-07-10 13:00:00+00:00|1.0|calendar_drop_monday_h13_tp06_sl065,2025-07-10 13:00:00+00:00,STAGE28A,data/reports/stage28a_discovery_factory_batch_runner/stage28a_exact_trades.csv,calendar_time_risk_proxy_v1,calendar_drop_monday_h13_tp06_sl065,1.6426000000000385,0.5926000000000387,-0.107399999999961,1,0,1,0,0.5926000000000387,37.20999999999958,12.9699999999998,0.29452582883575695,15.36999999999989,0.698113207547176,6.9699999999998,6.726999999999975,0.084,1.0,,,13,3,7.0,2025
2025-07-11 13:00:00+00:00|-1.0|calendar_drop_monday_h13_tp06_sl065,2025-07-11 13:00:00+00:00,STAGE28A,data/reports/stage28a_discovery_factory_batch_runner/stage28a_exact_trades.csv,calendar_time_risk_proxy_v1,calendar_drop_monday_h13_tp06_sl065,-3.220725000000221,-4.270725000000221,-4.97072500000022,0,0,0,1,4.270725000000221,20.15000000000009,14.420000000000073,0.7302357836338521,14.16000000000031,0.4067796610169557,7.260000000000218,6.9990000000000006,0.144,-1.0,,,13,4,7.0,2025
2025-07-11 23:45:00+00:00|1.0|calendar_drop_monday_h13_tp06_sl065,2025-07-11 23:45:00+00:00,STAGE28A,data/reports/stage28a_discovery_factory_batch_runner/stage28a_exact_trades.csv,calendar_time_risk_proxy_v1,calendar_drop_monday_h13_tp06_sl065,-0.35,-1.4,-2.1,0,0,0,0,1.4,20.15000000000009,14.420000000000073,0.7302357836338521,14.16000000000031,0.4067796610169557,4.099999999999909,8.598500000000012,0.708,1.0,,,13,4,7.0,2025
2025-07-15 13:00:00+00:00|1.0|calendar_drop_monday_h13_tp06_sl065,2025-07-15 13:00:00+00:00,STAGE28A,data/reports/stage28a_discovery_factory_batch_runner/stage28a_exact_trades.csv,calendar_time_risk_proxy_v1,calendar_drop_monday_h13_tp06_sl065,-2.8027750000002016,-3.8527750000002015,-4.552775000000201,0,0,0,1,3.8527750000002015,34.059999999999945,17.06999999999971,0.7158758055067641,9.0,0.6077777777777555,6.110000000000127,5.974000000000046,0.04,1.0,,,13,1,7.0,2025
2025-07-16 13:00:00+00:00|1.0|calendar_drop_monday_h13_tp06_sl065,2025-07-16 13:00:00+00:00,STAGE28A,data/reports/stage28a_discovery_factory_batch_runner/stage28a_exact_trades.csv,calendar_time_risk_proxy_v1,calendar_drop_monday_h13_tp06_sl065,1.1914000000000668,0.141400000000067,-0.5585999999999327,1,0,0,0,0.141400000000067,46.159999999999854,11.390000000000327,0.678665496049148,10.139999999999873,0.5601577909270574,3.8099999999999454,6.712999999999965,0.128,1.0,,,13,2,7.0,2025
2025-07-17 13:00:00+00:00|-1.0|calendar_drop_monday_h13_tp06_sl065,2025-07-17 13:00:00+00:00,STAGE28A,data/reports/stage28a_discovery_factory_batch_runner/stage28a_exact_trades.csv,calendar_time_risk_proxy_v1,calendar_drop_monday_h13_tp06_sl065,-2.9045000000001893,-3.954500000000189,-4.654500000000189,0,0,0,1,3.954500000000189,57.909999999999854,16.170000000000073,0.5009276437847787,20.009999999999764,0.7901049475262435,7.769999999999982,9.837000000000035,0.956,-1.0,,,13,3,7.0,2025
2025-07-18 13:00:00+00:00|1.0|calendar_drop_monday_h13_tp06_sl065,2025-07-18 13:00:00+00:00,STAGE28A,data/reports/stage28a_discovery_factory_batch_runner/stage28a_exact_trades.csv,calendar_time_risk_proxy_v1,calendar_drop_monday_h13_tp06_sl065,-2.596075000000019,-3.646075000000019,-4.346075000000019,0,0,0,1,3.646075000000019,42.3100000000004,10.190000000000055,0.85083415112856,23.110000000000127,0.7676330592817022,7.470000000000255,6.027500000000032,0.064,1.0,,,13,4,7.0,2025
2025-07-18 23:45:00+00:00|1.0|calendar_drop_monday_h13_tp06_sl065,2025-07-18 23:45:00+00:00,STAGE28A,data/reports/stage28a_discovery_factory_batch_runner/stage28a_exact_trades.csv,calendar_time_risk_proxy_v1,calendar_drop_monday_h13_tp06_sl065,-0.35,-1.4,-2.1,0,0,0,0,1.4,42.3100000000004,10.190000000000055,0.85083415112856,23.110000000000127,0.7676330592817022,5.119999999999891,6.080000000000018,0.1,1.0,,,13,4,7.0,2025
2025-07-22 13:00:00+00:00|-1.0|calendar_drop_monday_h13_tp06_sl065,2025-07-22 13:00:00+00:00,STAGE28A,data/reports/stage28a_discovery_factory_batch_runner/stage28a_exact_trades.csv,calendar_time_risk_proxy_v1,calendar_drop_monday_h13_tp06_sl065,-2.0257000000002336,-3.075700000000233,-3.775700000000233,0,0,0,1,3.075700000000233,56.7199999999998,17.450000000000273,0.38739255014327295,9.409999999999854,0.6992561105207257,6.070000000000164,6.11550000000002,0.132,-1.0,,,13,1,7.0,2025
2025-07-23 13:00:00+00:00|1.0|calendar_drop_monday_h13_tp06_sl065,2025-07-23 13:00:00+00:00,STAGE28A,data/reports/stage28a_discovery_factory_batch_runner/stage28a_exact_trades.csv,calendar_time_risk_proxy_v1,calendar_drop_monday_h13_tp06_sl065,1.9441000000000712,0.8941000000000714,0.1941000000000716,1,1,1,0,0.8941000000000714,50.26999999999998,19.579999999999927,0.24463738508682234,17.449999999999818,0.462464183381077,5.5099999999997635,7.339999999999941,0.432,1.0,,,13,2,7.0,2025
2025-07-24 13:00:00+00:00|-1.0|calendar_drop_monday_h13_tp06_sl065,2025-07-24 13:00:00+00:00,STAGE28A,data/reports/stage28a_discovery_factory_batch_runner/stage28a_exact_trades.csv,calendar_time_risk_proxy_v1,calendar_drop_monday_h13_tp06_sl065,-3.2363249999999426,-4.286324999999943,-4.986324999999942,0,0,0,1,4.286324999999943,57.620000000000346,18.539999999999964,0.1564185544768121,23.389999999999873,0.8610517315092107,8.049999999999727,8.378999999999929,0.768,-1.0,,,13,3,7.0,2025
2025-07-25 13:00:00+00:00|-1.0|calendar_drop_monday_h13_tp06_sl065,2025-07-25 13:00:00+00:00,STAGE28A,data/reports/stage28a_discovery_factory_batch_runner/stage28a_exact_trades.csv,calendar_time_risk_proxy_v1,calendar_drop_monday_h13_tp06_sl065,1.797399999999834,0.7473999999998342,0.0473999999998344,1,1,1,0,0.7473999999998342,41.970000000000255,14.789999999999964,0.6544962812711197,20.38000000000011,0.6506378802747641,5.799999999999727,6.113999999999964,0.144,-1.0,,,13,4,7.0,2025
2025-07-25 23:45:00+00:00|1.0|calendar_drop_monday_h13_tp06_sl065,2025-07-25 23:45:00+00:00,STAGE28A,data/reports/stage28a_discovery_factory_batch_runner/stage28a_exact_trades.csv,calendar_time_risk_proxy_v1,calendar_drop_monday_h13_tp06_sl065,0.940599999999813,-0.1094000000001869,-0.8094000000001866,0,0,0,0,0.1094000000001869,41.970000000000255,14.789999999999964,0.6544962812711197,20.38000000000011,0.6506378802747641,3.0099999999997635,7.130999999999972,0.36,1.0,,,13,4,7.0,2025
2025-07-29 13:00:00+00:00|1.0|calendar_drop_monday_h13_tp06_sl065,2025-07-29 13:00:00+00:00,STAGE28A,data/reports/stage28a_discovery_factory_batch_runner/stage28a_exact_trades.csv,calendar_time_risk_proxy_v1,calendar_drop_monday_h13_tp06_sl065,-3.157999999999993,-4.207999999999993,-4.907999999999992,0,0,0,1,4.207999999999993,43.44999999999982,13.079999999999927,0.1551987767583912,20.879999999999654,0.5727969348659117,7.329999999999927,6.872999999999934,0.276,1.0,,,13,1,7.0,2025
2025-07-30 13:00:00+00:00|1.0|calendar_drop_monday_h13_tp06_sl065,2025-07-30 13:00:00+00:00,STAGE28A,data/reports/stage28a_discovery_factory_batch_runner/stage28a_exact_trades.csv,calendar_time_risk_proxy_v1,calendar_drop_monday_h13_tp06_sl065,1.7413000000000465,0.6913000000000467,-0.008699999999953,1,0,1,0,0.6913000000000467,26.38000000000011,11.730000000000018,0.06308610400684019,10.860000000000127,0.2651933701657528,4.890000000000327,6.377500000000078,0.176,1.0,,,13,2,7.0,2025
2025-07-31 13:00:00+00:00|1.0|calendar_drop_monday_h13_tp06_sl065,2025-07-31 13:00:00+00:00,STAGE28A,data/reports/stage28a_discovery_factory_batch_runner/stage28a_exact_trades.csv,calendar_time_risk_proxy_v1,calendar_drop_monday_h13_tp06_sl065,-3.2541999999999462,-4.3041999999999465,-5.004199999999946,0,0,0,1,4.3041999999999465,65.80000000000018,24.590000000000146,0.6547376982513141,21.06999999999971,0.5495965828191783,8.260000000000218,8.957500000000072,0.872,1.0,,,13,3,7.0,2025
2025-08-01 13:00:00+00:00|1.0|calendar_drop_monday_h13_tp06_sl065,2025-08-01 13:00:00+00:00,STAGE28A,data/reports/stage28a_discovery_factory_batch_runner/stage28a_exact_trades.csv,calendar_time_risk_proxy_v1,calendar_drop_monday_h13_tp06_sl065,1.661199999999917,0.6111999999999171,-0.0888000000000825,1,0,1,0,0.6111999999999171,40.809999999999945,15.559999999999945,0.23136246786631887,15.069999999999709,0.20570670205709513,3.619999999999891,7.0864999999999325,0.336,1.0,,,13,4,8.0,2025
2025-08-01 23:45:00+00:00|1.0|calendar_drop_monday_h13_tp06_sl065,2025-08-01 23:45:00+00:00,STAGE28A,data/reports/stage28a_discovery_factory_batch_runner/stage28a_exact_trades.csv,calendar_time_risk_proxy_v1,calendar_drop_monday_h13_tp06_sl065,-0.35,-1.4,-2.1,0,0,0,0,1.4,40.809999999999945,15.559999999999945,0.23136246786631887,15.069999999999709,0.20570670205709513,13.690000000000055,10.481999999999925,1.0,1.0,,,13,4,8.0,2025
2025-08-05 13:00:00+00:00|-1.0|calendar_drop_monday_h13_tp06_sl065,2025-08-05 13:00:00+00:00,STAGE28A,data/reports/stage28a_discovery_factory_batch_runner/stage28a_exact_trades.csv,calendar_time_risk_proxy_v1,calendar_drop_monday_h13_tp06_sl065,-2.7293249999998808,-3.7793249999998806,-4.47932499999988,0,0,0,1,3.7793249999998806,40.25999999999976,10.429999999999836,0.2550335570470135,16.519999999999982,0.7481840193704686,7.330000000000382,5.739000000000033,0.016,-1.0,,,13,1,8.0,2025
2025-08-06 13:00:00+00:00|-1.0|calendar_drop_monday_h13_tp06_sl065,2025-08-06 13:00:00+00:00,STAGE28A,data/reports/stage28a_discovery_factory_batch_runner/stage28a_exact_trades.csv,calendar_time_risk_proxy_v1,calendar_drop_monday_h13_tp06_sl065,1.7910999999998238,0.741099999999824,0.0410999999998242,1,1,1,0,0.741099999999824,40.220000000000255,12.699999999999818,0.4,20.40000000000009,0.7725490196078504,9.559999999999945,6.420500000000016,0.072,-1.0,,,13,2,8.0,2025
2025-08-07 13:00:00+00:00|-1.0|calendar_drop_monday_h13_tp06_sl065,2025-08-07 13:00:00+00:00,STAGE28A,data/reports/stage28a_discovery_factory_batch_runner/stage28a_exact_trades.csv,calendar_time_risk_proxy_v1,calendar_drop_monday_h13_tp06_sl065,2.8405000000001563,1.7905000000001563,1.0905000000001568,1,1,1,0,1.7905000000001563,27.139999999999873,18.960000000000036,0.3992616033755353,25.840000000000146,0.11803405572754296,8.050000000000182,8.108500000000003,0.628,-1.0,,,13,3,8.0,2025
2025-08-08 13:00:00+00:00|-1.0|calendar_drop_monday_h13_tp06_sl065,2025-08-08 13:00:00+00:00,STAGE28A,data/reports/stage28a_discovery_factory_batch_runner/stage28a_exact_trades.csv,calendar_time_risk_proxy_v1,calendar_drop_monday_h13_tp06_sl065,-3.293200000000161,-4.343200000000161,-5.04320000000016,0,0,0,1,4.343200000000161,41.5,27.710000000000036,0.3471670876939689,15.539999999999964,0.30630630630632105,7.320000000000164,9.961499999999978,0.876,-1.0,,,13,4,8.0,2025
2025-08-08 23:45:00+00:00|1.0|calendar_drop_monday_h13_tp06_sl065,2025-08-08 23:45:00+00:00,STAGE28A,data/reports/stage28a_discovery_factory_batch_runner/stage28a_exact_trades.csv,calendar_time_risk_proxy_v1,calendar_drop_monday_h13_tp06_sl065,-0.35,-1.4,-2.1,0,0,0,0,1.4,41.5,27.710000000000036,0.3471670876939689,15.539999999999964,0.30630630630632105,8.480000000000018,11.741999999999962,0.996,1.0,,,13,4,8.0,2025
2025-08-12 13:00:00+00:00|-1.0|calendar_drop_monday_h13_tp06_sl065,2025-08-12 13:00:00+00:00,STAGE28A,data/reports/stage28a_discovery_factory_batch_runner/stage28a_exact_trades.csv,calendar_time_risk_proxy_v1,calendar_drop_monday_h13_tp06_sl065,2.479000000000178,1.4290000000001783,0.7290000000001786,1,1,1,0,1.4290000000001783,64.0300000000002,15.070000000000164,0.16323822163238286,15.83999999999969,0.24368686868688147,7.360000000000127,8.634500000000003,0.544,-1.0,,,13,1,8.0,2025
2025-08-13 13:00:00+00:00|1.0|calendar_drop_monday_h13_tp06_sl065,2025-08-13 13:00:00+00:00,STAGE28A,data/reports/stage28a_discovery_factory_batch_runner/stage28a_exact_trades.csv,calendar_time_risk_proxy_v1,calendar_drop_monday_h13_tp06_sl065,1.9828000000001336,0.932800000000134,0.2328000000001342,1,1,1,0,0.932800000000134,28.0300000000002,11.659999999999854,0.07375643224701013,21.079999999999927,0.7191650853890115,8.019999999999982,7.145500000000061,0.232,1.0,,,13,2,8.0,2025
2025-08-14 13:00:00+00:00|-1.0|calendar_drop_monday_h13_tp06_sl065,2025-08-14 13:00:00+00:00,STAGE28A,data/reports/stage28a_discovery_factory_batch_runner/stage28a_exact_trades.csv,calendar_time_risk_proxy_v1,calendar_drop_monday_h13_tp06_sl065,2.599000000000069,1.5490000000000692,0.8490000000000695,1,1,1,0,1.5490000000000692,28.230000000000018,19.61999999999989,0.1432212028542284,24.98999999999978,0.16966786714686968,13.989999999999782,7.551499999999964,0.34,-1.0,,,13,3,8.0,2025
2025-08-15 13:00:00+00:00|-1.0|calendar_drop_monday_h13_tp06_sl065,2025-08-15 13:00:00+00:00,STAGE28A,data/reports/stage28a_discovery_factory_batch_runner/stage28a_exact_trades.csv,calendar_time_risk_proxy_v1,calendar_drop_monday_h13_tp06_sl065,-2.8349500000000263,-3.884950000000026,-4.584950000000026,0,0,0,1,3.884950000000026,45.40000000000009,12.629999999999654,0.795724465558231,10.309999999999945,0.07468477206595402,6.470000000000255,6.131999999999971,0.044,-1.0,,,13,4,8.0,2025
2025-08-15 23:45:00+00:00|1.0|calendar_drop_monday_h13_tp06_sl065,2025-08-15 23:45:00+00:00,STAGE28A,data/reports/stage28a_discovery_factory_batch_runner/stage28a_exact_trades.csv,calendar_time_risk_proxy_v1,calendar_drop_monday_h13_tp06_sl065,-0.35,-1.4,-2.1,0,0,0,0,1.4,45.40000000000009,12.629999999999654,0.795724465558231,10.309999999999945,0.07468477206595402,5.180000000000291,6.378000000000043,0.092,1.0,,,13,4,8.0,2025
2025-08-19 13:00:00+00:00|1.0|calendar_drop_monday_h13_tp06_sl065,2025-08-19 13:00:00+00:00,STAGE28A,data/reports/stage28a_discovery_factory_batch_runner/stage28a_exact_trades.csv,calendar_time_risk_proxy_v1,calendar_drop_monday_h13_tp06_sl065,-2.2073750000000474,-3.257375000000047,-3.957375000000047,0,0,0,1,3.257375000000047,34.79999999999973,15.579999999999927,0.21694480102696564,7.289999999999964,0.20301783264746578,2.699999999999818,4.820999999999981,0.004,1.0,,,13,1,8.0,2025
2025-08-20 13:00:00+00:00|1.0|calendar_drop_monday_h13_tp06_sl065,2025-08-20 13:00:00+00:00,STAGE28A,data/reports/stage28a_discovery_factory_batch_runner/stage28a_exact_trades.csv,calendar_time_risk_proxy_v1,calendar_drop_monday_h13_tp06_sl065,-2.029924999999912,-3.079924999999912,-3.779924999999912,0,0,0,1,3.079924999999912,30.36999999999989,7.0300000000002,0.09246088193457645,10.38000000000011,0.8333333333333334,3.9299999999998363,5.073000000000002,0.028,1.0,,,13,2,8.0,2025
2025-08-21 13:00:00+00:00|-1.0|calendar_drop_monday_h13_tp06_sl065,2025-08-21 13:00:00+00:00,STAGE28A,data/reports/stage28a_discovery_factory_batch_runner/stage28a_exact_trades.csv,calendar_time_risk_proxy_v1,calendar_drop_monday_h13_tp06_sl065,1.17579999999989,0.1257999999998902,-0.5742000000001095,1,0,0,0,0.1257999999998902,38.88999999999987,12.33999999999969,0.793354943273923,7.849999999999909,0.09044585987261715,4.1599999999998545,4.661500000000001,0.012,-1.0,,,13,3,8.0,2025
2025-08-22 13:00:00+00:00|-1.0|calendar_drop_monday_h13_tp06_sl065,2025-08-22 13:00:00+00:00,STAGE28A,data/reports/stage28a_discovery_factory_batch_runner/stage28a_exact_trades.csv,calendar_time_risk_proxy_v1,calendar_drop_monday_h13_tp06_sl065,1.434099999999853,0.3840999999998531,-0.3159000000001466,1,0,1,0,0.3840999999998531,26.9699999999998,9.139999999999873,0.7647702407002553,9.659999999999854,0.1946169772256871,3.4200000000000728,4.6944999999999935,0.016,-1.0,,,13,4,8.0,2025
2025-08-22 23:45:00+00:00|1.0|calendar_drop_monday_h13_tp06_sl065,2025-08-22 23:45:00+00:00,STAGE28A,data/reports/stage28a_discovery_factory_batch_runner/stage28a_exact_trades.csv,calendar_time_risk_proxy_v1,calendar_drop_monday_h13_tp06_sl065,-0.35,-1.4,-2.1,0,0,0,0,1.4,26.9699999999998,9.139999999999873,0.7647702407002553,9.659999999999854,0.1946169772256871,4.690000000000055,7.526999999999975,0.628,1.0,,,13,4,8.0,2025
2025-08-26 13:00:00+00:00|1.0|calendar_drop_monday_h13_tp06_sl065,2025-08-26 13:00:00+00:00,STAGE28A,data/reports/stage28a_discovery_factory_batch_runner/stage28a_exact_trades.csv,calendar_time_risk_proxy_v1,calendar_drop_monday_h13_tp06_sl065,1.9032999999998537,0.8532999999998538,0.1532999999998541,1,1,1,0,0.8532999999998538,16.389999999999873,35.129999999999654,0.22687161969826014,12.58999999999969,0.030182684670346602,8.9699999999998,8.00849999999998,0.816,1.0,,,13,1,8.0,2025
2025-08-27 13:00:00+00:00|1.0|calendar_drop_monday_h13_tp06_sl065,2025-08-27 13:00:00+00:00,STAGE28A,data/reports/stage28a_discovery_factory_batch_runner/stage28a_exact_trades.csv,calendar_time_risk_proxy_v1,calendar_drop_monday_h13_tp06_sl065,-2.2785500000000867,-3.3285500000000865,-4.028550000000086,0,0,0,1,3.3285500000000865,42.19999999999982,13.800000000000182,0.7543478260869689,11.629999999999654,0.21066208082548113,7.799999999999727,5.670999999999981,0.292,1.0,,,13,2,8.0,2025
2025-08-28 13:00:00+00:00|1.0|calendar_drop_monday_h13_tp06_sl065,2025-08-28 13:00:00+00:00,STAGE28A,data/reports/stage28a_discovery_factory_batch_runner/stage28a_exact_trades.csv,calendar_time_risk_proxy_v1,calendar_drop_monday_h13_tp06_sl065,1.3402000000000045,0.2902000000000044,-0.4097999999999953,1,0,1,0,0.2902000000000044,25.049999999999727,15.08999999999969,0.3770709078860286,13.86999999999989,0.6560922855083227,3.0900000000001455,5.275500000000011,0.176,1.0,,,13,3,8.0,2025
2025-08-29 13:00:00+00:00|-1.0|calendar_drop_monday_h13_tp06_sl065,2025-08-29 13:00:00+00:00,STAGE28A,data/reports/stage28a_discovery_factory_batch_runner/stage28a_exact_trades.csv,calendar_time_risk_proxy_v1,calendar_drop_monday_h13_tp06_sl065,-1.9281999999999244,-2.978199999999924,-3.678199999999924,0,0,0,0,2.978199999999924,38.56999999999971,10.489999999999782,0.5633937082936108,8.269999999999982,0.44740024183800253,4.260000000000218,4.737499999999931,0.04,-1.0,,,13,4,8.0,2025
2025-08-29 23:45:00+00:00|1.0|calendar_drop_monday_h13_tp06_sl065,2025-08-29 23:45:00+00:00,STAGE28A,data/reports/stage28a_discovery_factory_batch_runner/stage28a_exact_trades.csv,calendar_time_risk_proxy_v1,calendar_drop_monday_h13_tp06_sl065,-0.35,-1.4,-2.1,0,0,0,0,1.4,38.56999999999971,10.489999999999782,0.5633937082936108,8.269999999999982,0.44740024183800253,12.210000000000036,6.845499999999992,0.756,1.0,,,13,4,8.0,2025
2025-09-02 13:00:00+00:00|-1.0|calendar_drop_monday_h13_tp06_sl065,2025-09-02 13:00:00+00:00,STAGE28A,data/reports/stage28a_discovery_factory_batch_runner/stage28a_exact_trades.csv,calendar_time_risk_proxy_v1,calendar_drop_monday_h13_tp06_sl065,2.754699999999866,1.7046999999998662,1.0046999999998665,1,1,1,0,1.7046999999998662,52.74000000000024,34.159999999999854,0.5793325526932098,28.289999999999964,0.6564156945917191,4.25,8.384999999999991,0.88,-1.0,,,13,1,9.0,2025
2025-09-03 13:00:00+00:00|1.0|calendar_drop_monday_h13_tp06_sl065,2025-09-03 13:00:00+00:00,STAGE28A,data/reports/stage28a_discovery_factory_batch_runner/stage28a_exact_trades.csv,calendar_time_risk_proxy_v1,calendar_drop_monday_h13_tp06_sl065,2.015800000000036,0.9658000000000356,0.265800000000036,1,1,1,0,0.9658000000000356,70.11000000000013,20.48999999999978,0.07369448511467934,14.86999999999989,0.24277067921991619,7.869999999999891,9.721500000000015,0.856,1.0,,,13,2,9.0,2025
2025-09-04 13:00:00+00:00|1.0|calendar_drop_monday_h13_tp06_sl065,2025-09-04 13:00:00+00:00,STAGE28A,data/reports/stage28a_discovery_factory_batch_runner/stage28a_exact_trades.csv,calendar_time_risk_proxy_v1,calendar_drop_monday_h13_tp06_sl065,-3.717000000000189,-4.7670000000001895,-5.467000000000189,0,0,0,1,4.7670000000001895,52.10999999999967,52.7800000000002,0.6220159151193596,20.90000000000009,0.44928229665073144,8.169999999999618,11.038500000000045,0.94,1.0,,,13,3,9.0,2025
2025-09-05 13:00:00+00:00|-1.0|calendar_drop_monday_h13_tp06_sl065,2025-09-05 13:00:00+00:00,STAGE28A,data/reports/stage28a_discovery_factory_batch_runner/stage28a_exact_trades.csv,calendar_time_risk_proxy_v1,calendar_drop_monday_h13_tp06_sl065,-2.6295500000001995,-3.6795500000001993,-4.379550000000199,0,0,0,1,3.6795500000001993,52.7800000000002,19.300000000000182,0.9113989637305453,16.36999999999989,0.3671350030543835,7.690000000000055,8.279500000000008,0.584,-1.0,,,13,4,9.0,2025
2025-09-05 23:45:00+00:00|1.0|calendar_drop_monday_h13_tp06_sl065,2025-09-05 23:45:00+00:00,STAGE28A,data/reports/stage28a_discovery_factory_batch_runner/stage28a_exact_trades.csv,calendar_time_risk_proxy_v1,calendar_drop_monday_h13_tp06_sl065,-0.35,-1.4,-2.1,0,0,0,0,1.4,52.7800000000002,19.300000000000182,0.9113989637305453,16.36999999999989,0.3671350030543835,3.300000000000182,10.207500000000005,0.776,1.0,,,13,4,9.0,2025
2025-09-09 13:00:00+00:00|1.0|calendar_drop_monday_h13_tp06_sl065,2025-09-09 13:00:00+00:00,STAGE28A,data/reports/stage28a_discovery_factory_batch_runner/stage28a_exact_trades.csv,calendar_time_risk_proxy_v1,calendar_drop_monday_h13_tp06_sl065,-4.16354999999985,-5.2135499999998505,-5.91354999999985,0,0,0,1,5.2135499999998505,67.81999999999971,26.2800000000002,0.6255707762556878,22.7199999999998,0.3371478873239602,8.900000000000091,8.972499999999991,0.48,1.0,,,13,1,9.0,2025
2025-09-10 13:00:00+00:00|1.0|calendar_drop_monday_h13_tp06_sl065,2025-09-10 13:00:00+00:00,STAGE28A,data/reports/stage28a_discovery_factory_batch_runner/stage28a_exact_trades.csv,calendar_time_risk_proxy_v1,calendar_drop_monday_h13_tp06_sl065,2.0911000000000057,1.041100000000006,0.3411000000000062,1,1,1,0,1.041100000000006,48.75999999999976,21.710000000000036,0.044679871027167126,19.68000000000029,0.9563008130081243,11.020000000000437,10.254500000000053,0.644,1.0,,,13,2,9.0,2025
2025-09-11 13:00:00+00:00|-1.0|calendar_drop_monday_h13_tp06_sl065,2025-09-11 13:00:00+00:00,STAGE28A,data/reports/stage28a_discovery_factory_batch_runner/stage28a_exact_trades.csv,calendar_time_risk_proxy_v1,calendar_drop_monday_h13_tp06_sl065,2.696800000000076,1.6468000000000758,0.946800000000076,1,1,1,0,1.6468000000000758,38.68000000000029,19.309999999999945,0.40963231486275903,23.88000000000011,0.43467336683417346,12.049999999999727,8.210999999999967,0.268,-1.0,,,13,3,9.0,2025
2025-09-12 13:00:00+00:00|-1.0|calendar_drop_monday_h13_tp06_sl065,2025-09-12 13:00:00+00:00,STAGE28A,data/reports/stage28a_discovery_factory_batch_runner/stage28a_exact_trades.csv,calendar_time_risk_proxy_v1,calendar_drop_monday_h13_tp06_sl065,-3.0156499999999142,-4.0656499999999145,-4.765649999999914,0,0,0,1,4.0656499999999145,36.26999999999998,22.779999999999745,0.7949956101843867,19.06999999999971,0.3455689564761296,9.230000000000018,6.932999999999947,0.08,-1.0,,,13,4,9.0,2025
2025-09-12 23:45:00+00:00|1.0|calendar_drop_monday_h13_tp06_sl065,2025-09-12 23:45:00+00:00,STAGE28A,data/reports/stage28a_discovery_factory_batch_runner/stage28a_exact_trades.csv,calendar_time_risk_proxy_v1,calendar_drop_monday_h13_tp06_sl065,-1.706224999999995,-2.756224999999995,-3.4562249999999946,0,0,0,0,2.756224999999995,36.26999999999998,22.779999999999745,0.7949956101843867,19.06999999999971,0.3455689564761296,4.879999999999654,6.730499999999893,0.052,1.0,,,13,4,9.0,2025
2025-09-16 13:00:00+00:00|1.0|calendar_drop_monday_h13_tp06_sl065,2025-09-16 13:00:00+00:00,STAGE28A,data/reports/stage28a_discovery_factory_batch_runner/stage28a_exact_trades.csv,calendar_time_risk_proxy_v1,calendar_drop_monday_h13_tp06_sl065,-2.7956249999998364,-3.845624999999836,-4.545624999999836,0,0,0,1,3.845624999999836,58.88000000000011,14.720000000000255,0.1555706521739079,18.590000000000146,0.9214631522323816,5.820000000000164,7.810000000000014,0.148,1.0,,,13,1,9.0,2025
2025-09-17 13:00:00+00:00|-1.0|calendar_drop_monday_h13_tp06_sl065,2025-09-17 13:00:00+00:00,STAGE28A,data/reports/stage28a_discovery_factory_batch_runner/stage28a_exact_trades.csv,calendar_time_risk_proxy_v1,calendar_drop_monday_h13_tp06_sl065,-3.36989999999978,-4.41989999999978,-5.119899999999779,0,0,0,1,4.41989999999978,28.450000000000273,21.039999999999964,0.4857414448669115,23.460000000000036,0.5920716112531906,7.080000000000382,6.962500000000023,0.112,-1.0,,,13,2,9.0,2025
2025-09-18 13:00:00+00:00|1.0|calendar_drop_monday_h13_tp06_sl065,2025-09-18 13:00:00+00:00,STAGE28A,data/reports/stage28a_discovery_factory_batch_runner/stage28a_exact_trades.csv,calendar_time_risk_proxy_v1,calendar_drop_monday_h13_tp06_sl065,3.251799999999912,2.201799999999912,1.5017999999999123,1,1,1,0,2.201799999999912,61.32999999999993,20.0,0.2259999999999991,39.059999999999945,0.33666154633895684,8.38000000000011,13.482000000000038,0.992,1.0,,,13,3,9.0,2025
2025-09-19 13:00:00+00:00|1.0|calendar_drop_monday_h13_tp06_sl065,2025-09-19 13:00:00+00:00,STAGE28A,data/reports/stage28a_discovery_factory_batch_runner/stage28a_exact_trades.csv,calendar_time_risk_proxy_v1,calendar_drop_monday_h13_tp06_sl065,-2.9415500000000976,-3.9915500000000974,-4.691550000000097,0,0,0,1,3.9915500000000974,45.320000000000164,24.13000000000011,0.551181102362191,17.690000000000055,0.28886376483889836,3.5700000000001637,7.592000000000098,0.204,1.0,,,13,4,9.0,2025
2025-09-19 23:45:00+00:00|1.0|calendar_drop_monday_h13_tp06_sl065,2025-09-19 23:45:00+00:00,STAGE28A,data/reports/stage28a_discovery_factory_batch_runner/stage28a_exact_trades.csv,calendar_time_risk_proxy_v1,calendar_drop_monday_h13_tp06_sl065,-0.35,-1.4,-2.1,0,0,0,0,1.4,45.320000000000164,24.13000000000011,0.551181102362191,17.690000000000055,0.28886376483889836,3.8399999999996908,9.58850000000009,0.656,1.0,,,13,4,9.0,2025
2025-09-23 13:00:00+00:00|1.0|calendar_drop_monday_h13_tp06_sl065,2025-09-23 13:00:00+00:00,STAGE28A,data/reports/stage28a_discovery_factory_batch_runner/stage28a_exact_trades.csv,calendar_time_risk_proxy_v1,calendar_drop_monday_h13_tp06_sl065,-4.175899999999819,-5.22589999999982,-5.925899999999819,0,0,0,1,5.22589999999982,65.05000000000018,22.389999999999873,0.2880750334970904,48.059999999999945,0.7973366625052062,16.890000000000327,9.975999999999953,0.8,1.0,,,13,1,9.0,2025
2025-09-24 13:00:00+00:00|1.0|calendar_drop_monday_h13_tp06_sl065,2025-09-24 13:00:00+00:00,STAGE28A,data/reports/stage28a_discovery_factory_batch_runner/stage28a_exact_trades.csv,calendar_time_risk_proxy_v1,calendar_drop_monday_h13_tp06_sl065,2.097700000000168,1.0477000000001682,0.3477000000001684,1,1,1,0,1.0477000000001682,54.13000000000011,21.070000000000164,0.0014238253440790275,15.989999999999782,0.18886804252658054,8.4399999999996,10.861000000000013,0.804,1.0,,,13,2,9.0,2025
2025-09-25 13:00:00+00:00|1.0|calendar_drop_monday_h13_tp06_sl065,2025-09-25 13:00:00+00:00,STAGE28A,data/reports/stage28a_discovery_factory_batch_runner/stage28a_exact_trades.csv,calendar_time_risk_proxy_v1,calendar_drop_monday_h13_tp06_sl065,2.828800000000137,1.7788000000001376,1.078800000000138,1,1,1,0,1.7788000000001376,61.67000000000007,22.409999999999854,0.1976796073181758,29.980000000000018,0.6774516344229464,10.600000000000364,10.752500000000031,0.816,1.0,,,13,3,9.0,2025
2025-09-26 13:00:00+00:00|1.0|calendar_drop_monday_h13_tp06_sl065,2025-09-26 13:00:00+00:00,STAGE28A,data/reports/stage28a_discovery_factory_batch_runner/stage28a_exact_trades.csv,calendar_time_risk_proxy_v1,calendar_drop_monday_h13_tp06_sl065,-3.225599999999849,-4.27559999999985,-4.975599999999849,0,0,0,1,4.27559999999985,39.82999999999993,18.800000000000182,0.17819148936169557,15.920000000000073,0.3762562814070483,7.269999999999982,10.227499999999964,0.672,1.0,,,13,4,9.0,2025
2025-09-26 23:45:00+00:00|1.0|calendar_drop_monday_h13_tp06_sl065,2025-09-26 23:45:00+00:00,STAGE28A,data/reports/stage28a_discovery_factory_batch_runner/stage28a_exact_trades.csv,calendar_time_risk_proxy_v1,calendar_drop_monday_h13_tp06_sl065,-0.35,-1.4,-2.1,0,0,0,0,1.4,39.82999999999993,18.800000000000182,0.17819148936169557,15.920000000000073,0.3762562814070483,14.010000000000218,10.37699999999993,0.676,1.0,,,13,4,9.0,2025
2025-09-30 13:00:00+00:00|-1.0|calendar_drop_monday_h13_tp06_sl065,2025-09-30 13:00:00+00:00,STAGE28A,data/reports/stage28a_discovery_factory_batch_runner/stage28a_exact_trades.csv,calendar_time_risk_proxy_v1,calendar_drop_monday_h13_tp06_sl065,-6.561725000000115,-7.611725000000115,-8.311725000000115,0,0,0,1,7.611725000000115,77.67000000000007,41.659999999999854,0.817330772923675,78.48999999999978,0.8421454962415664,28.289999999999964,12.436999999999989,0.86,-1.0,,,13,1,9.0,2025
2025-10-01 13:00:00+00:00|1.0|calendar_drop_monday_h13_tp06_sl065,2025-10-01 13:00:00+00:00,STAGE28A,data/reports/stage28a_discovery_factory_batch_runner/stage28a_exact_trades.csv,calendar_time_risk_proxy_v1,calendar_drop_monday_h13_tp06_sl065,-4.413474999999925,-5.463474999999926,-6.163474999999925,0,0,0,1,5.463474999999926,78.48999999999978,21.0,0.0890476190476355,42.070000000000164,0.6467791775612058,11.659999999999854,11.985500000000002,0.7,1.0,,,13,2,10.0,2025
2025-10-02 13:00:00+00:00|1.0|calendar_drop_monday_h13_tp06_sl065,2025-10-02 13:00:00+00:00,STAGE28A,data/reports/stage28a_discovery_factory_batch_runner/stage28a_exact_trades.csv,calendar_time_risk_proxy_v1,calendar_drop_monday_h13_tp06_sl065,2.7148000000001047,1.6648000000001049,0.9648000000001052,1,1,1,0,1.6648000000001049,42.070000000000164,17.580000000000382,0.24857792946531573,17.940000000000055,0.696209587513921,6.289999999999964,10.726999999999999,0.46,1.0,,,13,3,10.0,2025
2025-10-03 13:00:00+00:00|1.0|calendar_drop_monday_h13_tp06_sl065,2025-10-03 13:00:00+00:00,STAGE28A,data/reports/stage28a_discovery_factory_batch_runner/stage28a_exact_trades.csv,calendar_time_risk_proxy_v1,calendar_drop_monday_h13_tp06_sl065,-3.0250750000001063,-4.075075000000107,-4.775075000000106,0,0,0,1,4.075075000000107,77.53999999999996,25.700000000000273,0.5634241245136135,24.0,0.8966666666666848,7.970000000000255,12.19350000000004,0.668,1.0,,,13,4,10.0,2025
2025-10-03 23:45:00+00:00|1.0|calendar_drop_monday_h13_tp06_sl065,2025-10-03 23:45:00+00:00,STAGE28A,data/reports/stage28a_discovery_factory_batch_runner/stage28a_exact_trades.csv,calendar_time_risk_proxy_v1,calendar_drop_monday_h13_tp06_sl065,-0.35,-1.4,-2.1,0,0,0,0,1.4,77.53999999999996,25.700000000000273,0.5634241245136135,24.0,0.8966666666666848,5.4900000000002365,11.073000000000093,0.508,1.0,,,13,4,10.0,2025
2025-10-07 13:00:00+00:00|-1.0|calendar_drop_monday_h13_tp06_sl065,2025-10-07 13:00:00+00:00,STAGE28A,data/reports/stage28a_discovery_factory_batch_runner/stage28a_exact_trades.csv,calendar_time_risk_proxy_v1,calendar_drop_monday_h13_tp06_sl065,-4.448574999999982,-5.498574999999983,-6.198574999999982,0,0,0,1,5.498574999999983,85.76000000000022,21.690000000000055,0.4568925772245405,35.98000000000002,0.5075041689827741,12.11999999999989,12.101499999999964,0.524,-1.0,,,13,1,10.0,2025
2025-10-08 13:00:00+00:00|1.0|calendar_drop_monday_h13_tp06_sl065,2025-10-08 13:00:00+00:00,STAGE28A,data/reports/stage28a_discovery_factory_batch_runner/stage28a_exact_trades.csv,calendar_time_risk_proxy_v1,calendar_drop_monday_h13_tp06_sl065,-4.19052500000007,-5.240525000000071,-5.94052500000007,0,0,0,1,5.240525000000071,50.070000000000164,33.5,0.750447761194026,34.840000000000146,0.9916762342135357,18.720000000000255,11.9265000000001,0.42,1.0,,,13,2,10.0,2025
2025-10-09 13:00:00+00:00|1.0|calendar_drop_monday_h13_tp06_sl065,2025-10-09 13:00:00+00:00,STAGE28A,data/reports/stage28a_discovery_factory_batch_runner/stage28a_exact_trades.csv,calendar_time_risk_proxy_v1,calendar_drop_monday_h13_tp06_sl065,2.778700000000208,1.7287000000002082,1.0287000000002084,1,1,1,0,1.7287000000002082,76.17000000000007,39.840000000000146,0.13453815261044447,20.940000000000055,0.5076408787010546,7.730000000000018,15.73900000000001,0.94,1.0,,,13,3,10.0,2025
2025-10-10 13:00:00+00:00|1.0|calendar_drop_monday_h13_tp06_sl065,2025-10-10 13:00:00+00:00,STAGE28A,data/reports/stage28a_discovery_factory_batch_runner/stage28a_exact_trades.csv,calendar_time_risk_proxy_v1,calendar_drop_monday_h13_tp06_sl065,4.855899999999929,3.805899999999929,3.105899999999929,1,1,1,0,3.805899999999929,113.48000000000002,36.04999999999973,0.3722607489597829,59.940000000000055,0.5652318985652256,16.640000000000327,20.821000000000048,0.984,1.0,,,13,4,10.0,2025
2025-10-10 23:45:00+00:00|1.0|calendar_drop_monday_h13_tp06_sl065,2025-10-10 23:45:00+00:00,STAGE28A,data/reports/stage28a_discovery_factory_batch_runner/stage28a_exact_trades.csv,calendar_time_risk_proxy_v1,calendar_drop_monday_h13_tp06_sl065,-6.954325000000244,-8.004325000000245,-8.704325000000244,0,0,0,1,8.004325000000245,113.48000000000002,36.04999999999973,0.3722607489597829,59.940000000000055,0.5652318985652256,25.13000000000011,19.075500000000012,0.924,1.0,,,13,4,10.0,2025
2025-10-14 13:00:00+00:00|-1.0|calendar_drop_monday_h13_tp06_sl065,2025-10-14 13:00:00+00:00,STAGE28A,data/reports/stage28a_discovery_factory_batch_runner/stage28a_exact_trades.csv,calendar_time_risk_proxy_v1,calendar_drop_monday_h13_tp06_sl065,-10.810124999999609,-11.860124999999607,-12.560124999999609,0,0,0,1,11.860124999999607,117.94000000000051,59.97999999999956,0.8072690896965726,89.0300000000002,0.4022239694485041,22.270000000000437,20.231499999999983,0.904,-1.0,,,13,1,10.0,2025
2025-10-15 13:00:00+00:00|1.0|calendar_drop_monday_h13_tp06_sl065,2025-10-15 13:00:00+00:00,STAGE28A,data/reports/stage28a_discovery_factory_batch_runner/stage28a_exact_trades.csv,calendar_time_risk_proxy_v1,calendar_drop_monday_h13_tp06_sl065,-6.200975000000289,-7.25097500000029,-7.950975000000289,0,0,0,1,7.25097500000029,89.0300000000002,50.0600000000004,0.5687175389532566,53.57999999999993,0.10246360582308135,47.43000000000029,17.262500000000045,0.688,1.0,,,13,2,10.0,2025
2025-10-16 13:00:00+00:00|-1.0|calendar_drop_monday_h13_tp06_sl065,2025-10-16 13:00:00+00:00,STAGE28A,data/reports/stage28a_discovery_factory_batch_runner/stage28a_exact_trades.csv,calendar_time_risk_proxy_v1,calendar_drop_monday_h13_tp06_sl065,-5.7255000000001015,-6.775500000000102,-7.475500000000101,0,0,0,1,6.775500000000102,77.52000000000044,42.5,0.4825882352941014,37.970000000000255,0.15011851461679696,19.329999999999927,15.7400000000001,0.548,-1.0,,,13,3,10.0,2025
2025-10-17 13:00:00+00:00|-1.0|calendar_drop_monday_h13_tp06_sl065,2025-10-17 13:00:00+00:00,STAGE28A,data/reports/stage28a_discovery_factory_batch_runner/stage28a_exact_trades.csv,calendar_time_risk_proxy_v1,calendar_drop_monday_h13_tp06_sl065,8.451099999999679,7.401099999999678,6.701099999999679,1,1,1,0,7.401099999999678,151.92999999999938,100.69999999999982,0.19721946375372104,66.96000000000004,0.39575866188769393,16.140000000000327,31.05650000000005,0.992,-1.0,,,13,4,10.0,2025
2025-10-17 23:45:00+00:00|1.0|calendar_drop_monday_h13_tp06_sl065,2025-10-17 23:45:00+00:00,STAGE28A,data/reports/stage28a_discovery_factory_batch_runner/stage28a_exact_trades.csv,calendar_time_risk_proxy_v1,calendar_drop_monday_h13_tp06_sl065,-0.35,-1.4,-2.1,0,0,0,0,1.4,151.92999999999938,100.69999999999982,0.19721946375372104,66.96000000000004,0.39575866188769393,25.06999999999971,36.54650000000006,0.98,1.0,,,13,4,10.0,2025
2025-10-21 13:00:00+00:00|-1.0|calendar_drop_monday_h13_tp06_sl065,2025-10-21 13:00:00+00:00,STAGE28A,data/reports/stage28a_discovery_factory_batch_runner/stage28a_exact_trades.csv,calendar_time_risk_proxy_v1,calendar_drop_monday_h13_tp06_sl065,8.885499999999775,7.835499999999774,7.135499999999775,1,1,1,0,7.835499999999774,162.71999999999935,42.36000000000058,0.4952785646836467,102.25,0.796479217603908,23.349999999999454,24.80199999999986,0.836,-1.0,,,13,1,10.0,2025
2025-10-22 13:00:00+00:00|-1.0|calendar_drop_monday_h13_tp06_sl065,2025-10-22 13:00:00+00:00,STAGE28A,data/reports/stage28a_discovery_factory_batch_runner/stage28a_exact_trades.csv,calendar_time_risk_proxy_v1,calendar_drop_monday_h13_tp06_sl065,11.170300000000134,10.120300000000134,9.420300000000134,1,1,1,0,10.120300000000134,295.0600000000004,138.77999999999975,0.038406110390545735,101.29000000000042,0.5831770164873084,40.149999999999636,40.10100000000004,0.984,-1.0,,,13,2,10.0,2025
2025-10-23 13:00:00+00:00|1.0|calendar_drop_monday_h13_tp06_sl065,2025-10-23 13:00:00+00:00,STAGE28A,data/reports/stage28a_discovery_factory_batch_runner/stage28a_exact_trades.csv,calendar_time_risk_proxy_v1,calendar_drop_monday_h13_tp06_sl065,-8.32452499999963,-9.37452499999963,-10.07452499999963,0,0,0,1,9.37452499999963,157.02000000000044,50.55000000000018,0.21444114737883493,57.909999999999854,0.5752029010533513,14.19000000000051,26.659000000000013,0.7,1.0,,,13,3,10.0,2025
2025-10-24 13:00:00+00:00|-1.0|calendar_drop_monday_h13_tp06_sl065,2025-10-24 13:00:00+00:00,STAGE28A,data/reports/stage28a_discovery_factory_batch_runner/stage28a_exact_trades.csv,calendar_time_risk_proxy_v1,calendar_drop_monday_h13_tp06_sl065,6.718900000000213,5.668900000000212,4.968900000000213,1,1,1,0,5.668900000000212,88.6899999999996,38.25,0.15895424836603494,75.71000000000004,0.8109893012812054,19.16000000000031,19.243000000000073,0.288,-1.0,,,13,4,10.0,2025
2025-10-24 23:45:00+00:00|1.0|calendar_drop_monday_h13_tp06_sl065,2025-10-24 23:45:00+00:00,STAGE28A,data/reports/stage28a_discovery_factory_batch_runner/stage28a_exact_trades.csv,calendar_time_risk_proxy_v1,calendar_drop_monday_h13_tp06_sl065,-0.35,-1.4,-2.1,0,0,0,0,1.4,88.6899999999996,38.25,0.15895424836603494,75.71000000000004,0.8109893012812054,15.149999999999636,22.283500000000096,0.452,1.0,,,13,4,10.0,2025
2025-10-28 13:00:00+00:00|-1.0|calendar_drop_monday_h13_tp06_sl065,2025-10-28 13:00:00+00:00,STAGE28A,data/reports/stage28a_discovery_factory_batch_runner/stage28a_exact_trades.csv,calendar_time_risk_proxy_v1,calendar_drop_monday_h13_tp06_sl065,-8.682675000000108,-9.732675000000109,-10.432675000000108,0,0,0,1,9.732675000000109,137.97000000000025,55.86000000000013,0.19638381668457267,93.62000000000035,0.5054475539414653,30.68000000000029,23.399000000000022,0.512,-1.0,,,13,1,10.0,2025
2025-10-29 13:00:00+00:00|1.0|calendar_drop_monday_h13_tp06_sl065,2025-10-29 13:00:00+00:00,STAGE28A,data/reports/stage28a_discovery_factory_batch_runner/stage28a_exact_trades.csv,calendar_time_risk_proxy_v1,calendar_drop_monday_h13_tp06_sl065,4.87420000000011,3.82420000000011,3.1242000000001102,1,1,1,0,3.82420000000011,133.21000000000004,66.23999999999978,0.04649758454106186,79.11000000000013,0.9027935785614961,12.370000000000346,20.742500000000042,0.244,1.0,,,13,2,10.0,2025
2025-10-30 13:00:00+00:00|1.0|calendar_drop_monday_h13_tp06_sl065,2025-10-30 13:00:00+00:00,STAGE28A,data/reports/stage28a_discovery_factory_batch_runner/stage28a_exact_trades.csv,calendar_time_risk_proxy_v1,calendar_drop_monday_h13_tp06_sl065,6.310899999999856,5.260899999999856,4.560899999999856,1,1,1,0,5.260899999999856,114.34000000000015,67.13000000000011,0.6272903321912715,64.69999999999982,0.1791344667697091,27.230000000000018,27.245499999999993,0.704,1.0,,,13,3,10.0,2025
2025-10-31 13:00:00+00:00|1.0|calendar_drop_monday_h13_tp06_sl065,2025-10-31 13:00:00+00:00,STAGE28A,data/reports/stage28a_discovery_factory_batch_runner/stage28a_exact_trades.csv,calendar_time_risk_proxy_v1,calendar_drop_monday_h13_tp06_sl065,4.651000000000204,3.601000000000204,2.901000000000204,1,1,1,0,3.601000000000204,127.87000000000035,56.88000000000011,0.31223628691983446,32.74000000000024,0.06047648136835687,13.0600000000004,18.55750000000005,0.004,1.0,,,13,4,10.0,2025
2025-10-31 22:45:00+00:00|1.0|calendar_drop_monday_h13_tp06_sl065,2025-10-31 22:45:00+00:00,STAGE28A,data/reports/stage28a_discovery_factory_batch_runner/stage28a_exact_trades.csv,calendar_time_risk_proxy_v1,calendar_drop_monday_h13_tp06_sl065,-0.35,-1.4,-2.1,0,0,0,0,1.4,127.87000000000035,56.88000000000011,0.31223628691983446,32.74000000000024,0.06047648136835687,14.329999999999927,19.193000000000005,0.048,1.0,,,13,4,10.0,2025
2025-11-04 13:00:00+00:00|1.0|calendar_drop_monday_h13_tp06_sl065,2025-11-04 13:00:00+00:00,STAGE28A,data/reports/stage28a_discovery_factory_batch_runner/stage28a_exact_trades.csv,calendar_time_risk_proxy_v1,calendar_drop_monday_h13_tp06_sl065,3.7312000000000807,2.681200000000081,1.981200000000081,1,1,1,0,2.681200000000081,68.20000000000027,30.5,0.3872131147540966,33.81999999999971,0.24837374334712325,11.489999999999782,15.157500000000004,0.008,1.0,,,13,1,11.0,2025
2025-11-05 13:00:00+00:00|1.0|calendar_drop_monday_h13_tp06_sl065,2025-11-05 13:00:00+00:00,STAGE28A,data/reports/stage28a_discovery_factory_batch_runner/stage28a_exact_trades.csv,calendar_time_risk_proxy_v1,calendar_drop_monday_h13_tp06_sl065,4.084000000000197,3.0340000000001965,2.334000000000197,1,1,1,0,3.0340000000001965,77.37999999999965,44.4399999999996,0.800405040504051,31.25,0.18431999999999243,15.75,15.218499999999972,0.024,1.0,,,13,2,11.0,2025
2025-11-06 13:00:00+00:00|1.0|calendar_drop_monday_h13_tp06_sl065,2025-11-06 13:00:00+00:00,STAGE28A,data/reports/stage28a_discovery_factory_batch_runner/stage28a_exact_trades.csv,calendar_time_risk_proxy_v1,calendar_drop_monday_h13_tp06_sl065,2.8762000000000625,1.8262000000000629,1.126200000000063,1,1,1,0,1.8262000000000629,61.58999999999969,25.949999999999818,0.5865125240847748,34.51999999999998,0.571552723059097,7.070000000000164,10.239000000000033,0.004,1.0,,,13,3,11.0,2025
2025-11-07 13:00:00+00:00|1.0|calendar_drop_monday_h13_tp06_sl065,2025-11-07 13:00:00+00:00,STAGE28A,data/reports/stage28a_discovery_factory_batch_runner/stage28a_exact_trades.csv,calendar_time_risk_proxy_v1,calendar_drop_monday_h13_tp06_sl065,2.888800000000083,1.838800000000083,1.1388000000000833,1,1,1,0,1.838800000000083,54.86000000000013,29.389999999999873,0.31813542021095437,22.179999999999836,0.42605951307483714,6.610000000000127,11.209000000000037,0.044,1.0,,,13,4,11.0,2025
2025-11-07 23:45:00+00:00|1.0|calendar_drop_monday_h13_tp06_sl065,2025-11-07 23:45:00+00:00,STAGE28A,data/reports/stage28a_discovery_factory_batch_runner/stage28a_exact_trades.csv,calendar_time_risk_proxy_v1,calendar_drop_monday_h13_tp06_sl065,-0.35,-1.4,-2.1,0,0,0,0,1.4,54.86000000000013,29.389999999999873,0.31813542021095437,22.179999999999836,0.42605951307483714,13.090000000000146,13.583499999999981,0.188,1.0,,,13,4,11.0,2025
2025-11-11 13:00:00+00:00|-1.0|calendar_drop_monday_h13_tp06_sl065,2025-11-11 13:00:00+00:00,STAGE28A,data/reports/stage28a_discovery_factory_batch_runner/stage28a_exact_trades.csv,calendar_time_risk_proxy_v1,calendar_drop_monday_h13_tp06_sl065,-3.971474999999919,-5.021474999999919,-5.721474999999918,0,0,0,1,5.021474999999919,122.17999999999984,33.89000000000033,0.6878135143110113,21.980000000000473,0.06505914467699091,7.1599999999998545,11.308499999999913,0.056,-1.0,,,13,1,11.0,2025
2025-11-12 13:00:00+00:00|1.0|calendar_drop_monday_h13_tp06_sl065,2025-11-12 13:00:00+00:00,STAGE28A,data/reports/stage28a_discovery_factory_batch_runner/stage28a_exact_trades.csv,calendar_time_risk_proxy_v1,calendar_drop_monday_h13_tp06_sl065,-4.965324999999757,-6.015324999999757,-6.715324999999757,0,0,0,1,6.015324999999757,51.600000000000364,41.720000000000255,0.7739693192713271,34.56999999999971,0.5001446340757915,10.8100000000004,13.348500000000058,0.352,1.0,,,13,2,11.0,2025
2025-11-13 13:00:00+00:00|1.0|calendar_drop_monday_h13_tp06_sl065,2025-11-13 13:00:00+00:00,STAGE28A,data/reports/stage28a_discovery_factory_batch_runner/stage28a_exact_trades.csv,calendar_time_risk_proxy_v1,calendar_drop_monday_h13_tp06_sl065,-5.443399999999746,-6.493399999999747,-7.193399999999746,0,0,0,1,6.493399999999747,112.90999999999985,39.74000000000069,0.4574735782586579,37.099999999999454,0.4256064690027007,18.549999999999272,18.722999999999956,0.772,1.0,,,13,3,11.0,2025
2025-11-14 13:00:00+00:00|-1.0|calendar_drop_monday_h13_tp06_sl065,2025-11-14 13:00:00+00:00,STAGE28A,data/reports/stage28a_discovery_factory_batch_runner/stage28a_exact_trades.csv,calendar_time_risk_proxy_v1,calendar_drop_monday_h13_tp06_sl065,-6.900374999999803,-7.950374999999804,-8.650374999999803,0,0,0,1,7.950374999999804,100.11999999999989,41.19999999999982,0.4191747572815438,44.849999999999454,0.7906354515050271,11.11999999999989,18.576999999999863,0.792,-1.0,,,13,4,11.0,2025
2025-11-14 23:45:00+00:00|1.0|calendar_drop_monday_h13_tp06_sl065,2025-11-14 23:45:00+00:00,STAGE28A,data/reports/stage28a_discovery_factory_batch_runner/stage28a_exact_trades.csv,calendar_time_risk_proxy_v1,calendar_drop_monday_h13_tp06_sl065,-0.35,-1.4,-2.1,0,0,0,0,1.4,100.11999999999989,41.19999999999982,0.4191747572815438,44.849999999999454,0.7906354515050271,17.019999999999982,24.93699999999992,1.0,1.0,,,13,4,11.0,2025
2025-11-18 13:00:00+00:00|1.0|calendar_drop_monday_h13_tp06_sl065,2025-11-18 13:00:00+00:00,STAGE28A,data/reports/stage28a_discovery_factory_batch_runner/stage28a_exact_trades.csv,calendar_time_risk_proxy_v1,calendar_drop_monday_h13_tp06_sl065,-6.149625000000105,-7.199625000000106,-7.899625000000105,0,0,0,1,7.199625000000106,99.80999999999995,50.38999999999987,0.5225243103790433,52.279999999999745,0.644988523335883,12.899999999999636,20.05499999999997,0.8,1.0,,,13,1,11.0,2025
2025-11-19 13:00:00+00:00|1.0|calendar_drop_monday_h13_tp06_sl065,2025-11-19 13:00:00+00:00,STAGE28A,data/reports/stage28a_discovery_factory_batch_runner/stage28a_exact_trades.csv,calendar_time_risk_proxy_v1,calendar_drop_monday_h13_tp06_sl065,4.422699999999532,3.3726999999995315,2.672699999999532,1,1,1,0,3.3726999999995315,84.03999999999996,24.850000000000364,0.06156941649900111,44.95000000000027,0.7506117908787447,11.990000000000691,15.576000000000112,0.516,1.0,,,13,2,11.0,2025
2025-11-20 13:00:00+00:00|-1.0|calendar_drop_monday_h13_tp06_sl065,2025-11-20 13:00:00+00:00,STAGE28A,data/reports/stage28a_discovery_factory_batch_runner/stage28a_exact_trades.csv,calendar_time_risk_proxy_v1,calendar_drop_monday_h13_tp06_sl065,-7.42102500000019,-8.471025000000191,-9.17102500000019,0,0,0,1,8.471025000000191,76.84000000000015,69.11999999999944,0.4225983796296336,39.01000000000022,0.403229941040757,9.940000000000055,21.13399999999997,0.876,-1.0,,,13,3,11.0,2025
2025-11-21 13:00:00+00:00|-1.0|calendar_drop_monday_h13_tp06_sl065,2025-11-21 13:00:00+00:00,STAGE28A,data/reports/stage28a_discovery_factory_batch_runner/stage28a_exact_trades.csv,calendar_time_risk_proxy_v1,calendar_drop_monday_h13_tp06_sl065,6.1516000000000535,5.101600000000053,4.4016000000000535,1,1,1,0,5.101600000000053,71.87999999999965,40.929999999999836,0.6594185194234031,42.33000000000038,0.3534136546184716,20.389999999999873,19.463499999999975,0.6,-1.0,,,13,4,11.0,2025
2025-11-21 23:45:00+00:00|1.0|calendar_drop_monday_h13_tp06_sl065,2025-11-21 23:45:00+00:00,STAGE28A,data/reports/stage28a_discovery_factory_batch_runner/stage28a_exact_trades.csv,calendar_time_risk_proxy_v1,calendar_drop_monday_h13_tp06_sl065,-0.35,-1.4,-2.1,0,0,0,0,1.4,71.87999999999965,40.929999999999836,0.6594185194234031,42.33000000000038,0.3534136546184716,33.61000000000013,21.756500000000027,0.88,1.0,,,13,4,11.0,2025
2025-11-25 13:00:00+00:00|-1.0|calendar_drop_monday_h13_tp06_sl065,2025-11-25 13:00:00+00:00,STAGE28A,data/reports/stage28a_discovery_factory_batch_runner/stage28a_exact_trades.csv,calendar_time_risk_proxy_v1,calendar_drop_monday_h13_tp06_sl065,4.771299999999792,3.721299999999792,3.0212999999997923,1,1,1,0,3.721299999999792,104.51000000000022,33.219999999999345,0.08940397350991583,43.210000000000036,0.21939365887525006,11.259999999999309,15.99549999999997,0.284,-1.0,,,13,1,11.0,2025
2025-11-26 13:00:00+00:00|1.0|calendar_drop_monday_h13_tp06_sl065,2025-11-26 13:00:00+00:00,STAGE28A,data/reports/stage28a_discovery_factory_batch_runner/stage28a_exact_trades.csv,calendar_time_risk_proxy_v1,calendar_drop_monday_h13_tp06_sl065,3.3655000000002477,2.3155000000002475,1.6155000000002475,1,1,1,0,2.3155000000002475,50.42999999999938,39.88000000000011,0.7096288866599826,21.81999999999971,0.08340971585699969,9.090000000000146,12.598499999999785,0.012,1.0,,,13,2,11.0,2025
2025-11-27 13:00:00+00:00|1.0|calendar_drop_monday_h13_tp06_sl065,2025-11-27 13:00:00+00:00,STAGE28A,data/reports/stage28a_discovery_factory_batch_runner/stage28a_exact_trades.csv,calendar_time_risk_proxy_v1,calendar_drop_monday_h13_tp06_sl065,2.496700000000055,1.4467000000000554,0.7467000000000557,1,1,1,0,1.4467000000000554,43.900000000000546,25.909999999999854,0.5461211887302441,22.269999999999527,0.26178715761113835,8.109999999999673,9.91649999999986,0.004,1.0,,,13,3,11.0,2025
2025-11-28 13:00:00+00:00|-1.0|calendar_drop_monday_h13_tp06_sl065,2025-11-28 13:00:00+00:00,STAGE28A,data/reports/stage28a_discovery_factory_batch_runner/stage28a_exact_trades.csv,calendar_time_risk_proxy_v1,calendar_drop_monday_h13_tp06_sl065,5.278300000000309,4.228300000000308,3.528300000000309,1,1,1,0,4.228300000000308,25.909999999999854,34.81999999999971,0.7268811028144659,34.909999999999854,0.7023775422514933,17.48999999999978,10.71899999999996,0.1,-1.0,,,13,4,11.0,2025
2025-11-28 21:30:00+00:00|1.0|calendar_drop_monday_h13_tp06_sl065,2025-11-28 21:30:00+00:00,STAGE28A,data/reports/stage28a_discovery_factory_batch_runner/stage28a_exact_trades.csv,calendar_time_risk_proxy_v1,calendar_drop_monday_h13_tp06_sl065,-0.35,-1.4,-2.1,0,0,0,0,1.4,25.909999999999854,34.81999999999971,0.7268811028144659,34.909999999999854,0.7023775422514933,14.969999999999345,13.702499999999963,0.216,1.0,,,13,4,11.0,2025
2025-12-02 13:00:00+00:00|-1.0|calendar_drop_monday_h13_tp06_sl065,2025-12-02 13:00:00+00:00,STAGE28A,data/reports/stage28a_discovery_factory_batch_runner/stage28a_exact_trades.csv,calendar_time_risk_proxy_v1,calendar_drop_monday_h13_tp06_sl065,-5.297799999999915,-6.347799999999916,-7.047799999999915,0,0,0,1,6.347799999999916,58.76000000000022,36.529999999999745,0.24035039693404642,44.98999999999978,0.7317181595910254,9.960000000000036,13.937500000000046,0.248,-1.0,,,13,1,12.0,2025
2025-12-03 13:00:00+00:00|-1.0|calendar_drop_monday_h13_tp06_sl065,2025-12-03 13:00:00+00:00,STAGE28A,data/reports/stage28a_discovery_factory_batch_runner/stage28a_exact_trades.csv,calendar_time_risk_proxy_v1,calendar_drop_monday_h13_tp06_sl065,-3.6529749999996057,-4.702974999999606,-5.402974999999605,0,0,0,1,4.702974999999606,72.11999999999989,26.11999999999989,0.3575803981623348,29.220000000000255,0.7488021902806269,10.140000000000327,13.567500000000063,0.224,-1.0,,,13,2,12.0,2025
2025-12-04 13:00:00+00:00|1.0|calendar_drop_monday_h13_tp06_sl065,2025-12-04 13:00:00+00:00,STAGE28A,data/reports/stage28a_discovery_factory_batch_runner/stage28a_exact_trades.csv,calendar_time_risk_proxy_v1,calendar_drop_monday_h13_tp06_sl065,-3.989350000000377,-5.039350000000377,-5.7393500000003765,0,0,0,1,5.039350000000377,46.89000000000033,29.470000000000255,0.34747200542923967,27.340000000000146,0.009509875640095717,6.0,13.181500000000005,0.212,1.0,,,13,3,12.0,2025
2025-12-05 13:00:00+00:00|1.0|calendar_drop_monday_h13_tp06_sl065,2025-12-05 13:00:00+00:00,STAGE28A,data/reports/stage28a_discovery_factory_batch_runner/stage28a_exact_trades.csv,calendar_time_risk_proxy_v1,calendar_drop_monday_h13_tp06_sl065,-3.0572500000003857,-4.107250000000386,-4.807250000000385,0,0,0,1,4.107250000000386,44.17000000000007,22.579999999999927,0.47387068201952004,16.470000000000255,0.37279902853674757,4.950000000000728,8.892500000000108,0.044,1.0,,,13,4,12.0,2025
2025-12-05 23:45:00+00:00|1.0|calendar_drop_monday_h13_tp06_sl065,2025-12-05 23:45:00+00:00,STAGE28A,data/reports/stage28a_discovery_factory_batch_runner/stage28a_exact_trades.csv,calendar_time_risk_proxy_v1,calendar_drop_monday_h13_tp06_sl065,-0.35,-1.4,-2.1,0,0,0,0,1.4,44.17000000000007,22.579999999999927,0.47387068201952004,16.470000000000255,0.37279902853674757,8.4399999999996,12.357500000000254,0.288,1.0,,,13,4,12.0,2025
2025-12-09 13:00:00+00:00|1.0|calendar_drop_monday_h13_tp06_sl065,2025-12-09 13:00:00+00:00,STAGE28A,data/reports/stage28a_discovery_factory_batch_runner/stage28a_exact_trades.csv,calendar_time_risk_proxy_v1,calendar_drop_monday_h13_tp06_sl065,2.9196999999998297,1.8696999999998296,1.16969999999983,1,1,1,0,1.8696999999998296,42.48999999999978,14.079999999999927,0.5589488636363588,42.75,0.39836257309940926,7.0900000000001455,10.495999999999867,0.144,1.0,,,13,1,12.0,2025
2025-12-10 13:00:00+00:00|-1.0|calendar_drop_monday_h13_tp06_sl065,2025-12-10 13:00:00+00:00,STAGE28A,data/reports/stage28a_discovery_factory_batch_runner/stage28a_exact_trades.csv,calendar_time_risk_proxy_v1,calendar_drop_monday_h13_tp06_sl065,2.232999999999629,1.182999999999629,0.4829999999996293,1,1,1,0,1.182999999999629,51.150000000000546,15.0,0.25533333333332847,26.73999999999978,0.5145848915482547,8.529999999999745,9.297500000000037,0.1,-1.0,,,13,2,12.0,2025
2025-12-11 13:00:00+00:00|1.0|calendar_drop_monday_h13_tp06_sl065,2025-12-11 13:00:00+00:00,STAGE28A,data/reports/stage28a_discovery_factory_batch_runner/stage28a_exact_trades.csv,calendar_time_risk_proxy_v1,calendar_drop_monday_h13_tp06_sl065,2.582799999999588,1.5327999999995885,0.8327999999995885,1,1,1,0,1.5327999999995885,56.650000000000546,39.13999999999942,0.4757281553398101,21.590000000000146,0.1491431218156662,14.139999999999418,13.8099999999999,0.668,1.0,,,13,3,12.0,2025
2025-12-12 13:00:00+00:00|1.0|calendar_drop_monday_h13_tp06_sl065,2025-12-12 13:00:00+00:00,STAGE28A,data/reports/stage28a_discovery_factory_batch_runner/stage28a_exact_trades.csv,calendar_time_risk_proxy_v1,calendar_drop_monday_h13_tp06_sl065,-4.596124999999665,-5.646124999999666,-6.346124999999665,0,0,0,1,5.646124999999666,81.61000000000058,18.800000000000182,0.5281914893616642,64.73999999999978,0.9800741427247597,16.06999999999971,13.740999999999985,0.576,1.0,,,13,4,12.0,2025
2025-12-12 23:45:00+00:00|1.0|calendar_drop_monday_h13_tp06_sl065,2025-12-12 23:45:00+00:00,STAGE28A,data/reports/stage28a_discovery_factory_batch_runner/stage28a_exact_trades.csv,calendar_time_risk_proxy_v1,calendar_drop_monday_h13_tp06_sl065,-0.35,-1.4,-2.1,0,0,0,0,1.4,81.61000000000058,18.800000000000182,0.5281914893616642,64.73999999999978,0.9800741427247597,14.3100000000004,17.766499999999997,0.984,1.0,,,13,4,12.0,2025
2025-12-16 13:00:00+00:00|-1.0|calendar_drop_monday_h13_tp06_sl065,2025-12-16 13:00:00+00:00,STAGE28A,data/reports/stage28a_discovery_factory_batch_runner/stage28a_exact_trades.csv,calendar_time_risk_proxy_v1,calendar_drop_monday_h13_tp06_sl065,-4.040375000000131,-5.090375000000131,-5.790375000000131,0,0,0,1,5.090375000000131,64.84000000000015,37.07000000000062,0.4086862692203772,20.51000000000022,0.5724037055094908,9.199999999999818,13.560000000000173,0.568,-1.0,,,13,1,12.0,2025
2025-12-17 13:00:00+00:00|-1.0|calendar_drop_monday_h13_tp06_sl065,2025-12-17 13:00:00+00:00,STAGE28A,data/reports/stage28a_discovery_factory_batch_runner/stage28a_exact_trades.csv,calendar_time_risk_proxy_v1,calendar_drop_monday_h13_tp06_sl065,-4.318899999999848,-5.368899999999849,-6.068899999999848,0,0,0,1,5.368899999999849,63.220000000000255,29.93000000000029,0.7327096558636541,35.470000000000255,0.33718635466591346,15.420000000000073,13.417500000000109,0.552,-1.0,,,13,2,12.0,2025
2025-12-18 13:00:00+00:00|-1.0|calendar_drop_monday_h13_tp06_sl065,2025-12-18 13:00:00+00:00,STAGE28A,data/reports/stage28a_discovery_factory_batch_runner/stage28a_exact_trades.csv,calendar_time_risk_proxy_v1,calendar_drop_monday_h13_tp06_sl065,2.135200000000077,1.0852000000000772,0.3852000000000775,1,1,1,0,1.0852000000000772,47.26000000000022,18.51000000000022,0.390059427336584,16.73999999999978,0.3912783751493045,5.690000000000509,10.159999999999991,0.116,-1.0,,,13,3,12.0,2025
2025-12-19 13:00:00+00:00|1.0|calendar_drop_monday_h13_tp06_sl065,2025-12-19 13:00:00+00:00,STAGE28A,data/reports/stage28a_discovery_factory_batch_runner/stage28a_exact_trades.csv,calendar_time_risk_proxy_v1,calendar_drop_monday_h13_tp06_sl065,2.1820000000001527,1.1320000000001529,0.4320000000001531,1,1,1,0,1.1320000000001529,65.72000000000025,27.599999999999454,0.44818840579710634,15.989999999999782,0.3089430894308735,9.30999999999949,13.465499999999793,0.56,1.0,,,13,4,12.0,2025
2025-12-19 23:45:00+00:00|1.0|calendar_drop_monday_h13_tp06_sl065,2025-12-19 23:45:00+00:00,STAGE28A,data/reports/stage28a_discovery_factory_batch_runner/stage28a_exact_trades.csv,calendar_time_risk_proxy_v1,calendar_drop_monday_h13_tp06_sl065,-0.35,-1.4,-2.1,0,0,0,0,1.4,65.72000000000025,27.599999999999454,0.44818840579710634,15.989999999999782,0.3089430894308735,9.55999999999949,10.482499999999982,0.136,1.0,,,13,4,12.0,2025
2025-12-23 13:00:00+00:00|-1.0|calendar_drop_monday_h13_tp06_sl065,2025-12-23 13:00:00+00:00,STAGE28A,data/reports/stage28a_discovery_factory_batch_runner/stage28a_exact_trades.csv,calendar_time_risk_proxy_v1,calendar_drop_monday_h13_tp06_sl065,-3.56717499999977,-4.61717499999977,-5.31717499999977,0,0,0,1,4.61717499999977,122.74000000000069,52.289999999999964,0.42991011665709655,23.69000000000051,0.08104685521313305,7.970000000000255,12.317999999999984,0.404,-1.0,,,13,1,12.0,2025
2025-12-24 13:00:00+00:00|-1.0|calendar_drop_monday_h13_tp06_sl065,2025-12-24 13:00:00+00:00,STAGE28A,data/reports/stage28a_discovery_factory_batch_runner/stage28a_exact_trades.csv,calendar_time_risk_proxy_v1,calendar_drop_monday_h13_tp06_sl065,3.773199999999997,2.723199999999997,2.023199999999997,1,1,1,0,2.723199999999997,75.19000000000051,54.51000000000022,0.07228031553842569,22.300000000000182,0.43094170403585624,17.61999999999989,17.785499999999956,0.936,-1.0,,,13,2,12.0,2025
2025-12-24 19:45:00+00:00|1.0|calendar_drop_monday_h13_tp06_sl065,2025-12-24 19:45:00+00:00,STAGE28A,data/reports/stage28a_discovery_factory_batch_runner/stage28a_exact_trades.csv,calendar_time_risk_proxy_v1,calendar_drop_monday_h13_tp06_sl065,-0.35,-1.4,-2.1,0,0,0,0,1.4,75.19000000000051,54.51000000000022,0.07228031553842569,22.300000000000182,0.43094170403585624,22.11999999999989,18.722999999999956,0.976,1.0,,,13,2,12.0,2025
2025-12-26 13:00:00+00:00|1.0|calendar_drop_monday_h13_tp06_sl065,2025-12-26 13:00:00+00:00,STAGE28A,data/reports/stage28a_discovery_factory_batch_runner/stage28a_exact_trades.csv,calendar_time_risk_proxy_v1,calendar_drop_monday_h13_tp06_sl065,3.052000000000044,2.002000000000044,1.302000000000044,1,1,1,0,2.002000000000044,30.289999999999964,61.48999999999978,0.22767929744674012,17.50999999999931,0.311250713877786,12.13000000000011,18.21849999999995,0.904,1.0,,,13,4,12.0,2025
2025-12-26 23:45:00+00:00|1.0|calendar_drop_monday_h13_tp06_sl065,2025-12-26 23:45:00+00:00,STAGE28A,data/reports/stage28a_discovery_factory_batch_runner/stage28a_exact_trades.csv,calendar_time_risk_proxy_v1,calendar_drop_monday_h13_tp06_sl065,-0.35,-1.4,-2.1,0,0,0,0,1.4,30.289999999999964,61.48999999999978,0.22767929744674012,17.50999999999931,0.311250713877786,13.590000000000146,16.057999999999993,0.768,1.0,,,13,4,12.0,2025
2025-12-30 13:00:00+00:00|1.0|calendar_drop_monday_h13_tp06_sl065,2025-12-30 13:00:00+00:00,STAGE28A,data/reports/stage28a_discovery_factory_batch_runner/stage28a_exact_trades.csv,calendar_time_risk_proxy_v1,calendar_drop_monday_h13_tp06_sl065,5.162799999999516,4.112799999999515,3.412799999999516,1,1,1,0,4.112799999999515,246.52999999999975,45.98999999999978,0.38704066101326956,41.36000000000058,0.5118471953578282,23.890000000000327,20.83650000000016,0.868,1.0,,,13,1,12.0,2025
2025-12-31 13:00:00+00:00|-1.0|calendar_drop_monday_h13_tp06_sl065,2025-12-31 13:00:00+00:00,STAGE28A,data/reports/stage28a_discovery_factory_batch_runner/stage28a_exact_trades.csv,calendar_time_risk_proxy_v1,calendar_drop_monday_h13_tp06_sl065,6.081099999999788,5.031099999999787,4.331099999999788,1,1,1,0,5.031099999999787,80.57999999999993,44.35999999999967,0.13841298467086255,68.73999999999978,0.3840558626709299,27.550000000000182,25.217499999999973,0.92,-1.0,,,13,2,12.0,2025
2025-12-31 22:45:00+00:00|1.0|calendar_drop_monday_h13_tp06_sl065,2025-12-31 22:45:00+00:00,STAGE28A,data/reports/stage28a_discovery_factory_batch_runner/stage28a_exact_trades.csv,calendar_time_risk_proxy_v1,calendar_drop_monday_h13_tp06_sl065,4.824399999999878,3.774399999999878,3.074399999999878,1,1,1,0,3.774399999999878,80.57999999999993,44.35999999999967,0.13841298467086255,68.73999999999978,0.3840558626709299,15.100000000000364,25.212999999999965,0.892,1.0,,,13,2,12.0,2025
2026-01-02 13:00:00+00:00|1.0|calendar_drop_monday_h13_tp06_sl065,2026-01-02 13:00:00+00:00,STAGE28A,data/reports/stage28a_discovery_factory_batch_runner/stage28a_exact_trades.csv,calendar_time_risk_proxy_v1,calendar_drop_monday_h13_tp06_sl065,3.226299999999719,2.1762999999997192,1.4762999999997195,1,1,1,0,2.1762999999997192,26.88000000000011,54.08000000000084,0.4567307692307588,27.51000000000022,0.8269720101781105,14.020000000000437,15.186500000000024,0.456,1.0,,,13,4,1.0,2026
2026-01-02 23:45:00+00:00|1.0|calendar_drop_monday_h13_tp06_sl065,2026-01-02 23:45:00+00:00,STAGE28A,data/reports/stage28a_discovery_factory_batch_runner/stage28a_exact_trades.csv,calendar_time_risk_proxy_v1,calendar_drop_monday_h13_tp06_sl065,-0.35,-1.4,-2.1,0,0,0,0,1.4,26.88000000000011,54.08000000000084,0.4567307692307588,27.51000000000022,0.8269720101781105,14.140000000000327,15.15600000000004,0.42,1.0,,,13,4,1.0,2026
2026-01-06 13:00:00+00:00|-1.0|calendar_drop_monday_h13_tp06_sl065,2026-01-06 13:00:00+00:00,STAGE28A,data/reports/stage28a_discovery_factory_batch_runner/stage28a_exact_trades.csv,calendar_time_risk_proxy_v1,calendar_drop_monday_h13_tp06_sl065,-4.887325000000237,-5.9373250000002376,-6.637325000000237,0,0,0,1,5.9373250000002376,110.64000000000033,40.539999999999964,0.6625555007400024,32.960000000000036,0.46450242718447765,13.220000000000255,15.324999999999955,0.312,-1.0,,,13,1,1.0,2026
2026-01-07 13:00:00+00:00|-1.0|calendar_drop_monday_h13_tp06_sl065,2026-01-07 13:00:00+00:00,STAGE28A,data/reports/stage28a_discovery_factory_batch_runner/stage28a_exact_trades.csv,calendar_time_risk_proxy_v1,calendar_drop_monday_h13_tp06_sl065,3.720099999999911,2.6700999999999118,1.970099999999912,1,1,1,0,2.6700999999999118,69.30999999999949,40.720000000000255,0.7094793713163101,33.11999999999989,0.011171497584537804,8.900000000000546,15.482000000000061,0.284,-1.0,,,13,2,1.0,2026
2026-01-08 13:00:00+00:00|1.0|calendar_drop_monday_h13_tp06_sl065,2026-01-08 13:00:00+00:00,STAGE28A,data/reports/stage28a_discovery_factory_batch_runner/stage28a_exact_trades.csv,calendar_time_risk_proxy_v1,calendar_drop_monday_h13_tp06_sl065,3.7765000000003055,2.7265000000003057,2.026500000000306,1,1,1,0,2.7265000000003057,76.98000000000047,36.0,0.8824999999999869,24.0,0.07875000000001364,11.590000000000146,14.72700000000009,0.084,1.0,,,13,3,1.0,2026
2026-01-09 13:00:00+00:00|1.0|calendar_drop_monday_h13_tp06_sl065,2026-01-09 13:00:00+00:00,STAGE28A,data/reports/stage28a_discovery_factory_batch_runner/stage28a_exact_trades.csv,calendar_time_risk_proxy_v1,calendar_drop_monday_h13_tp06_sl065,-3.5772499999999128,-4.627249999999913,-5.327249999999912,0,0,0,1,4.627249999999913,71.64000000000033,31.079999999999927,0.352960102960112,19.199999999999818,0.4234375000000097,7.130000000000109,12.93400000000015,0.004,1.0,,,13,4,1.0,2026
2026-01-09 23:45:00+00:00|1.0|calendar_drop_monday_h13_tp06_sl065,2026-01-09 23:45:00+00:00,STAGE28A,data/reports/stage28a_discovery_factory_batch_runner/stage28a_exact_trades.csv,calendar_time_risk_proxy_v1,calendar_drop_monday_h13_tp06_sl065,-0.35,-1.4,-2.1,0,0,0,0,1.4,71.64000000000033,31.079999999999927,0.352960102960112,19.199999999999818,0.4234375000000097,11.5,14.717500000000063,0.084,1.0,,,13,4,1.0,2026
2026-01-13 13:00:00+00:00|-1.0|calendar_drop_monday_h13_tp06_sl065,2026-01-13 13:00:00+00:00,STAGE28A,data/reports/stage28a_discovery_factory_batch_runner/stage28a_exact_trades.csv,calendar_time_risk_proxy_v1,calendar_drop_monday_h13_tp06_sl065,-4.6601500000002485,-5.710150000000249,-6.4101500000002485,0,0,0,1,5.710150000000249,116.96000000000004,32.23000000000047,0.0896680111697265,28.42999999999938,0.3496306718255619,7.829999999999927,15.20250000000001,0.184,-1.0,,,13,1,1.0,2026
2026-01-14 13:00:00+00:00|1.0|calendar_drop_monday_h13_tp06_sl065,2026-01-14 13:00:00+00:00,STAGE28A,data/reports/stage28a_discovery_factory_batch_runner/stage28a_exact_trades.csv,calendar_time_risk_proxy_v1,calendar_drop_monday_h13_tp06_sl065,-4.402749999999832,-5.452749999999833,-6.152749999999832,0,0,0,1,5.452749999999833,64.76999999999953,42.88000000000011,0.705457089552237,21.579999999999927,0.15848007414272866,10.30999999999949,16.248499999999968,0.396,1.0,,,13,2,1.0,2026
2026-01-15 13:00:00+00:00|1.0|calendar_drop_monday_h13_tp06_sl065,2026-01-15 13:00:00+00:00,STAGE28A,data/reports/stage28a_discovery_factory_batch_runner/stage28a_exact_trades.csv,calendar_time_risk_proxy_v1,calendar_drop_monday_h13_tp06_sl065,3.132700000000477,2.0827000000004774,1.3827000000004777,1,1,1,0,2.0827000000004774,55.220000000000255,51.470000000000255,0.4453079463765292,39.04999999999927,0.7062740076824697,10.829999999999927,16.995000000000026,0.56,1.0,,,13,3,1.0,2026
2026-01-16 13:00:00+00:00|-1.0|calendar_drop_monday_h13_tp06_sl065,2026-01-16 13:00:00+00:00,STAGE28A,data/reports/stage28a_discovery_factory_batch_runner/stage28a_exact_trades.csv,calendar_time_risk_proxy_v1,calendar_drop_monday_h13_tp06_sl065,3.7389999999999417,2.688999999999942,1.988999999999942,1,1,1,0,2.688999999999942,51.470000000000255,29.23999999999978,0.3081395348837307,21.81999999999971,0.04353803849678418,11.319999999999709,12.791500000000088,0.012,-1.0,,,13,4,1.0,2026
2026-01-16 23:45:00+00:00|1.0|calendar_drop_monday_h13_tp06_sl065,2026-01-16 23:45:00+00:00,STAGE28A,data/reports/stage28a_discovery_factory_batch_runner/stage28a_exact_trades.csv,calendar_time_risk_proxy_v1,calendar_drop_monday_h13_tp06_sl065,-0.35,-1.4,-2.1,0,0,0,0,1.4,51.470000000000255,29.23999999999978,0.3081395348837307,21.81999999999971,0.04353803849678418,14.900000000000546,18.534500000000072,0.868,1.0,,,13,4,1.0,2026
2026-01-20 13:00:00+00:00|1.0|calendar_drop_monday_h13_tp06_sl065,2026-01-20 13:00:00+00:00,STAGE28A,data/reports/stage28a_discovery_factory_batch_runner/stage28a_exact_trades.csv,calendar_time_risk_proxy_v1,calendar_drop_monday_h13_tp06_sl065,-4.814200000000346,-5.864200000000347,-6.564200000000346,0,0,0,1,5.864200000000347,70.75,37.38999999999942,0.7983418026210438,43.05000000000018,0.726596980255529,11.769999999999527,11.975499999999874,0.068,1.0,,,13,1,1.0,2026
2026-01-21 13:00:00+00:00|-1.0|calendar_drop_monday_h13_tp06_sl065,2026-01-21 13:00:00+00:00,STAGE28A,data/reports/stage28a_discovery_factory_batch_runner/stage28a_exact_trades.csv,calendar_time_risk_proxy_v1,calendar_drop_monday_h13_tp06_sl065,6.82240000000038,5.7724000000003794,5.07240000000038,1,1,1,0,5.7724000000003794,117.38999999999942,112.94999999999982,0.7990261177512187,55.72999999999956,0.06728871343979956,7.260000000000218,22.390000000000008,0.892,-1.0,,,13,2,1.0,2026
2026-01-22 13:00:00+00:00|1.0|calendar_drop_monday_h13_tp06_sl065,2026-01-22 13:00:00+00:00,STAGE28A,data/reports/stage28a_discovery_factory_batch_runner/stage28a_exact_trades.csv,calendar_time_risk_proxy_v1,calendar_drop_monday_h13_tp06_sl065,3.972400000000016,2.922400000000016,2.2224000000000164,1,1,1,0,2.922400000000016,132.3699999999999,62.81999999999971,0.306431072906719,44.42000000000007,0.716343989194049,12.259999999999309,30.707500000000028,0.94,1.0,,,13,3,1.0,2026
2026-01-23 13:00:00+00:00|-1.0|calendar_drop_monday_h13_tp06_sl065,2026-01-23 13:00:00+00:00,STAGE28A,data/reports/stage28a_discovery_factory_batch_runner/stage28a_exact_trades.csv,calendar_time_risk_proxy_v1,calendar_drop_monday_h13_tp06_sl065,-7.585800000000381,-8.635800000000382,-9.33580000000038,0,0,0,1,8.635800000000382,187.47999999999956,36.32999999999993,0.07349298100743402,67.39999999999964,0.3921364985163269,16.6899999999996,22.539999999999964,0.78,-1.0,,,13,4,1.0,2026
2026-01-23 23:45:00+00:00|1.0|calendar_drop_monday_h13_tp06_sl065,2026-01-23 23:45:00+00:00,STAGE28A,data/reports/stage28a_discovery_factory_batch_runner/stage28a_exact_trades.csv,calendar_time_risk_proxy_v1,calendar_drop_monday_h13_tp06_sl065,-0.35,-1.4,-2.1,0,0,0,0,1.4,187.47999999999956,36.32999999999993,0.07349298100743402,67.39999999999964,0.3921364985163269,14.8100000000004,21.896499999999925,0.728,1.0,,,13,4,1.0,2026
2026-01-27 13:00:00+00:00|1.0|calendar_drop_monday_h13_tp06_sl065,2026-01-27 13:00:00+00:00,STAGE28A,data/reports/stage28a_discovery_factory_batch_runner/stage28a_exact_trades.csv,calendar_time_risk_proxy_v1,calendar_drop_monday_h13_tp06_sl065,-6.362499999999818,-7.412499999999818,-8.112499999999818,0,0,0,1,7.412499999999818,120.89999999999964,66.71999999999935,0.3625599520383805,43.279999999999745,0.441543438077629,16.399999999999636,33.254499999999915,0.948,1.0,,,13,1,1.0,2026
2026-01-28 13:00:00+00:00|1.0|calendar_drop_monday_h13_tp06_sl065,2026-01-28 13:00:00+00:00,STAGE28A,data/reports/stage28a_discovery_factory_batch_runner/stage28a_exact_trades.csv,calendar_time_risk_proxy_v1,calendar_drop_monday_h13_tp06_sl065,8.051499999999942,7.001499999999941,6.301499999999942,1,1,1,0,7.001499999999941,177.47999999999956,91.47000000000025,0.8015742866513557,70.05000000000018,0.3504639543183327,16.449999999999818,28.926500000000125,0.84,1.0,,,13,2,1.0,2026
2026-01-29 13:00:00+00:00|-1.0|calendar_drop_monday_h13_tp06_sl065,2026-01-29 13:00:00+00:00,STAGE28A,data/reports/stage28a_discovery_factory_batch_runner/stage28a_exact_trades.csv,calendar_time_risk_proxy_v1,calendar_drop_monday_h13_tp06_sl065,13.499199999999655,12.449199999999657,11.749199999999655,1,1,1,0,12.449199999999657,367.5100000000002,177.09000000000015,0.2549551075724185,120.55000000000018,0.6137702198257957,42.60999999999967,58.37200000000003,1.0,-1.0,,,13,3,1.0,2026
2026-01-30 13:00:00+00:00|-1.0|calendar_drop_monday_h13_tp06_sl065,2026-01-30 13:00:00+00:00,STAGE28A,data/reports/stage28a_discovery_factory_batch_runner/stage28a_exact_trades.csv,calendar_time_risk_proxy_v1,calendar_drop_monday_h13_tp06_sl065,31.307500000000253,30.257500000000256,29.557500000000253,1,1,1,0,30.257500000000256,494.8599999999997,338.6199999999999,0.661360817435473,297.4300000000003,0.3163433412903878,121.40999999999985,108.37899999999995,1.0,-1.0,,,13,4,1.0,2026
2026-01-30 23:45:00+00:00|1.0|calendar_drop_monday_h13_tp06_sl065,2026-01-30 23:45:00+00:00,STAGE28A,data/reports/stage28a_discovery_factory_batch_runner/stage28a_exact_trades.csv,calendar_time_risk_proxy_v1,calendar_drop_monday_h13_tp06_sl065,-0.35,-1.4,-2.1,0,0,0,0,1.4,494.8599999999997,338.6199999999999,0.661360817435473,297.4300000000003,0.3163433412903878,122.4399999999996,110.78399999999992,1.0,1.0,,,13,4,1.0,2026
2026-02-03 13:00:00+00:00|1.0|calendar_drop_monday_h13_tp06_sl065,2026-02-03 13:00:00+00:00,STAGE28A,data/reports/stage28a_discovery_factory_batch_runner/stage28a_exact_trades.csv,calendar_time_risk_proxy_v1,calendar_drop_monday_h13_tp06_sl065,-14.74522500000021,-15.79522500000021,-16.49522500000021,0,0,0,1,15.79522500000021,481.1899999999996,189.4900000000007,0.18222597498548535,139.53999999999996,0.6661889064067655,27.98999999999978,66.50050000000006,0.728,1.0,,,13,1,2.0,2026
2026-02-04 13:00:00+00:00|-1.0|calendar_drop_monday_h13_tp06_sl065,2026-02-04 13:00:00+00:00,STAGE28A,data/reports/stage28a_discovery_factory_batch_runner/stage28a_exact_trades.csv,calendar_time_risk_proxy_v1,calendar_drop_monday_h13_tp06_sl065,-11.170225000000393,-12.220225000000392,-12.920225000000393,0,0,0,1,12.220225000000392,327.28999999999996,170.6200000000008,0.7802133395850385,50.0,0.6368000000000029,22.479999999999563,46.102499999999964,0.572,-1.0,,,13,2,2.0,2026
2026-02-05 13:00:00+00:00|-1.0|calendar_drop_monday_h13_tp06_sl065,2026-02-05 13:00:00+00:00,STAGE28A,data/reports/stage28a_discovery_factory_batch_runner/stage28a_exact_trades.csv,calendar_time_risk_proxy_v1,calendar_drop_monday_h13_tp06_sl065,15.326800000000183,14.276800000000184,13.576800000000183,1,1,1,0,14.276800000000184,239.94999999999982,234.41000000000076,0.6337613583038263,116.44999999999982,0.11592958351223719,38.779999999999745,60.45800000000004,0.704,-1.0,,,13,3,2.0,2026
2026-02-06 13:00:00+00:00|1.0|calendar_drop_monday_h13_tp06_sl065,2026-02-06 13:00:00+00:00,STAGE28A,data/reports/stage28a_discovery_factory_batch_runner/stage28a_exact_trades.csv,calendar_time_risk_proxy_v1,calendar_drop_monday_h13_tp06_sl065,-14.052975000000153,-15.102975000000152,-15.802975000000153,0,0,0,1,15.102975000000152,320.3100000000004,191.01000000000022,0.5794461022983098,95.03999999999996,0.6758207070707027,28.18000000000029,61.26499999999987,0.672,1.0,,,13,4,2.0,2026
2026-02-06 23:45:00+00:00|1.0|calendar_drop_monday_h13_tp06_sl065,2026-02-06 23:45:00+00:00,STAGE28A,data/reports/stage28a_discovery_factory_batch_runner/stage28a_exact_trades.csv,calendar_time_risk_proxy_v1,calendar_drop_monday_h13_tp06_sl065,-0.35,-1.4,-2.1,0,0,0,0,1.4,320.3100000000004,191.01000000000022,0.5794461022983098,95.03999999999996,0.6758207070707027,22.36999999999989,42.722999999999956,0.336,1.0,,,13,4,2.0,2026
2026-02-10 13:00:00+00:00|1.0|calendar_drop_monday_h13_tp06_sl065,2026-02-10 13:00:00+00:00,STAGE28A,data/reports/stage28a_discovery_factory_batch_runner/stage28a_exact_trades.csv,calendar_time_risk_proxy_v1,calendar_drop_monday_h13_tp06_sl065,-8.217274999999608,-9.267274999999607,-9.967274999999608,0,0,0,1,9.267274999999607,121.23000000000047,87.30999999999949,0.0027488260222276097,51.73999999999978,0.304020100502523,21.25,28.691499999999905,0.072,1.0,,,13,1,2.0,2026
2026-02-11 13:00:00+00:00|1.0|calendar_drop_monday_h13_tp06_sl065,2026-02-11 13:00:00+00:00,STAGE28A,data/reports/stage28a_discovery_factory_batch_runner/stage28a_exact_trades.csv,calendar_time_risk_proxy_v1,calendar_drop_monday_h13_tp06_sl065,-6.915324999999575,-7.965324999999575,-8.665324999999575,0,0,0,1,7.965324999999575,90.59999999999945,36.149999999999636,0.11009681881052595,57.410000000000764,0.814318063055206,38.44000000000051,22.60649999999996,0.004,1.0,,,13,2,2.0,2026
2026-02-12 13:00:00+00:00|1.0|calendar_drop_monday_h13_tp06_sl065,2026-02-12 13:00:00+00:00,STAGE28A,data/reports/stage28a_discovery_factory_batch_runner/stage28a_exact_trades.csv,calendar_time_risk_proxy_v1,calendar_drop_monday_h13_tp06_sl065,5.003500000000168,3.953500000000168,3.253500000000168,1,1,1,0,3.953500000000168,99.52999999999975,54.75999999999931,0.13951789627466077,33.48999999999978,0.22066288444312857,21.0,22.683999999999834,0.012,1.0,,,13,3,2.0,2026
2026-02-13 13:00:00+00:00|-1.0|calendar_drop_monday_h13_tp06_sl065,2026-02-13 13:00:00+00:00,STAGE28A,data/reports/stage28a_discovery_factory_batch_runner/stage28a_exact_trades.csv,calendar_time_risk_proxy_v1,calendar_drop_monday_h13_tp06_sl065,7.672299999999632,6.622299999999632,5.922299999999632,1,1,1,0,6.622299999999632,221.16999999999916,110.14999999999964,0.510939627780299,44.63000000000011,0.5969079094779152,33.589999999999236,39.67549999999983,0.428,-1.0,,,13,4,2.0,2026
2026-02-13 23:45:00+00:00|1.0|calendar_drop_monday_h13_tp06_sl065,2026-02-13 23:45:00+00:00,STAGE28A,data/reports/stage28a_discovery_factory_batch_runner/stage28a_exact_trades.csv,calendar_time_risk_proxy_v1,calendar_drop_monday_h13_tp06_sl065,-0.35,-1.4,-2.1,0,0,0,0,1.4,221.16999999999916,110.14999999999964,0.510939627780299,44.63000000000011,0.5969079094779152,12.61999999999989,29.988999999999987,0.188,1.0,,,13,4,2.0,2026
2026-02-17 13:00:00+00:00|-1.0|calendar_drop_monday_h13_tp06_sl065,2026-02-17 13:00:00+00:00,STAGE28A,data/reports/stage28a_discovery_factory_batch_runner/stage28a_exact_trades.csv,calendar_time_risk_proxy_v1,calendar_drop_monday_h13_tp06_sl065,6.825400000000082,5.775400000000081,5.075400000000082,1,1,1,0,5.775400000000081,84.22000000000025,77.25,0.4779288025889977,91.84000000000015,0.4317290940766603,31.599999999999454,25.8724999999999,0.184,-1.0,,,13,1,2.0,2026
2026-02-18 13:00:00+00:00|-1.0|calendar_drop_monday_h13_tp06_sl065,2026-02-18 13:00:00+00:00,STAGE28A,data/reports/stage28a_discovery_factory_batch_runner/stage28a_exact_trades.csv,calendar_time_risk_proxy_v1,calendar_drop_monday_h13_tp06_sl065,3.955900000000293,2.9059000000002926,2.205900000000293,1,1,1,0,2.9059000000002926,157.21000000000004,86.19999999999982,0.8678654292343452,32.5,0.6058461538461415,14.720000000000255,20.17499999999991,0.04,-1.0,,,13,2,2.0,2026
2026-02-19 13:00:00+00:00|1.0|calendar_drop_monday_h13_tp06_sl065,2026-02-19 13:00:00+00:00,STAGE28A,data/reports/stage28a_discovery_factory_batch_runner/stage28a_exact_trades.csv,calendar_time_risk_proxy_v1,calendar_drop_monday_h13_tp06_sl065,-5.8659000000003285,-6.915900000000329,-7.615900000000328,0,0,0,1,6.915900000000329,156.84000000000015,28.07000000000062,0.2921268257926483,40.33000000000084,0.22737416315397677,14.44000000000051,16.48700000000008,0.004,1.0,,,13,3,2.0,2026
2026-02-20 13:00:00+00:00|1.0|calendar_drop_monday_h13_tp06_sl065,2026-02-20 13:00:00+00:00,STAGE28A,data/reports/stage28a_discovery_factory_batch_runner/stage28a_exact_trades.csv,calendar_time_risk_proxy_v1,calendar_drop_monday_h13_tp06_sl065,-6.432049999999981,-7.482049999999981,-8.18204999999998,0,0,0,1,7.482049999999981,61.32000000000062,32.899999999999636,0.36413373860181447,44.55999999999949,0.7773788150807858,18.900000000000546,18.425000000000047,0.084,1.0,,,13,4,2.0,2026
2026-02-20 23:45:00+00:00|1.0|calendar_drop_monday_h13_tp06_sl065,2026-02-20 23:45:00+00:00,STAGE28A,data/reports/stage28a_discovery_factory_batch_runner/stage28a_exact_trades.csv,calendar_time_risk_proxy_v1,calendar_drop_monday_h13_tp06_sl065,-0.35,-1.4,-2.1,0,0,0,0,1.4,61.32000000000062,32.899999999999636,0.36413373860181447,44.55999999999949,0.7773788150807858,20.17999999999938,22.526999999999862,0.312,1.0,,,13,4,2.0,2026
2026-02-24 13:00:00+00:00|1.0|calendar_drop_monday_h13_tp06_sl065,2026-02-24 13:00:00+00:00,STAGE28A,data/reports/stage28a_discovery_factory_batch_runner/stage28a_exact_trades.csv,calendar_time_risk_proxy_v1,calendar_drop_monday_h13_tp06_sl065,-6.407025000000067,-7.457025000000067,-8.157025000000067,0,0,0,1,7.457025000000067,139.01000000000022,104.50999999999931,0.6400344464644605,29.329999999999927,0.16365496079100558,17.82000000000062,23.55999999999999,0.372,1.0,,,13,1,2.0,2026
2026-02-25 13:00:00+00:00|1.0|calendar_drop_monday_h13_tp06_sl065,2026-02-25 13:00:00+00:00,STAGE28A,data/reports/stage28a_discovery_factory_batch_runner/stage28a_exact_trades.csv,calendar_time_risk_proxy_v1,calendar_drop_monday_h13_tp06_sl065,4.429599999999846,3.379599999999846,2.679599999999846,1,1,1,0,3.379599999999846,155.44999999999982,71.0,0.506197183098586,40.400000000000546,0.19306930693069496,25.0,22.19850000000006,0.336,1.0,,,13,2,2.0,2026
2026-02-26 13:00:00+00:00|-1.0|calendar_drop_monday_h13_tp06_sl065,2026-02-26 13:00:00+00:00,STAGE28A,data/reports/stage28a_discovery_factory_batch_runner/stage28a_exact_trades.csv,calendar_time_risk_proxy_v1,calendar_drop_monday_h13_tp06_sl065,4.752699999999459,3.7026999999994583,3.002699999999459,1,1,1,0,3.7026999999994583,94.65999999999985,43.400000000000546,0.6817972350230362,39.1899999999996,0.5435059964276703,24.050000000000182,21.468999999999916,0.332,-1.0,,,13,3,2.0,2026
2026-02-27 13:00:00+00:00|-1.0|calendar_drop_monday_h13_tp06_sl065,2026-02-27 13:00:00+00:00,STAGE28A,data/reports/stage28a_discovery_factory_batch_runner/stage28a_exact_trades.csv,calendar_time_risk_proxy_v1,calendar_drop_monday_h13_tp06_sl065,-4.592874999999912,-5.642874999999913,-6.342874999999912,0,0,0,1,5.642874999999913,74.60999999999967,32.68000000000029,0.08353733170136012,31.48999999999978,0.1292473801206649,12.0600000000004,19.138000000000055,0.152,-1.0,,,13,4,2.0,2026
2026-02-27 23:45:00+00:00|1.0|calendar_drop_monday_h13_tp06_sl065,2026-02-27 23:45:00+00:00,STAGE28A,data/reports/stage28a_discovery_factory_batch_runner/stage28a_exact_trades.csv,calendar_time_risk_proxy_v1,calendar_drop_monday_h13_tp06_sl065,-0.35,-1.4,-2.1,0,0,0,0,1.4,74.60999999999967,32.68000000000029,0.08353733170136012,31.48999999999978,0.1292473801206649,16.730000000000473,18.952500000000146,0.152,1.0,,,13,4,2.0,2026
2026-03-03 13:00:00+00:00|-1.0|calendar_drop_monday_h13_tp06_sl065,2026-03-03 13:00:00+00:00,STAGE28A,data/reports/stage28a_discovery_factory_batch_runner/stage28a_exact_trades.csv,calendar_time_risk_proxy_v1,calendar_drop_monday_h13_tp06_sl065,-17.573699999999555,-18.623699999999552,-19.323699999999555,0,0,0,1,18.623699999999552,158.2599999999993,50.460000000000036,0.2964724534284587,140.09999999999945,0.804354032833697,49.88000000000011,34.52399999999993,0.972,-1.0,,,13,1,3.0,2026
2026-03-04 13:00:00+00:00|1.0|calendar_drop_monday_h13_tp06_sl065,2026-03-04 13:00:00+00:00,STAGE28A,data/reports/stage28a_discovery_factory_batch_runner/stage28a_exact_trades.csv,calendar_time_risk_proxy_v1,calendar_drop_monday_h13_tp06_sl065,8.353300000000127,7.303300000000126,6.603300000000127,1,1,1,0,7.303300000000126,382.7999999999993,105.97000000000025,0.29508351420212753,79.67000000000007,0.4089368645663348,22.420000000000073,38.758499999999955,0.904,1.0,,,13,2,3.0,2026
2026-03-05 13:00:00+00:00|-1.0|calendar_drop_monday_h13_tp06_sl065,2026-03-05 13:00:00+00:00,STAGE28A,data/reports/stage28a_discovery_factory_batch_runner/stage28a_exact_trades.csv,calendar_time_risk_proxy_v1,calendar_drop_monday_h13_tp06_sl065,7.264599999999882,6.214599999999882,5.5145999999998825,1,1,1,0,6.214599999999882,121.39000000000033,50.22999999999956,0.11108899064304152,59.60999999999967,0.12028183190739997,21.340000000000146,24.423999999999886,0.48,-1.0,,,13,3,3.0,2026
2026-03-06 13:00:00+00:00|-1.0|calendar_drop_monday_h13_tp06_sl065,2026-03-06 13:00:00+00:00,STAGE28A,data/reports/stage28a_discovery_factory_batch_runner/stage28a_exact_trades.csv,calendar_time_risk_proxy_v1,calendar_drop_monday_h13_tp06_sl065,-7.604649999999856,-8.654649999999856,-9.354649999999856,0,0,0,1,8.654649999999856,143.6899999999996,76.73999999999978,0.5422204847537111,54.25,0.6733640552995345,16.86999999999989,26.763000000000012,0.572,-1.0,,,13,4,3.0,2026
2026-03-06 23:45:00+00:00|1.0|calendar_drop_monday_h13_tp06_sl065,2026-03-06 23:45:00+00:00,STAGE28A,data/reports/stage28a_discovery_factory_batch_runner/stage28a_exact_trades.csv,calendar_time_risk_proxy_v1,calendar_drop_monday_h13_tp06_sl065,-0.35,-1.4,-2.1,0,0,0,0,1.4,143.6899999999996,76.73999999999978,0.5422204847537111,54.25,0.6733640552995345,13.020000000000437,27.936000000000014,0.592,1.0,,,13,4,3.0,2026
2026-03-10 13:00:00+00:00|1.0|calendar_drop_monday_h13_tp06_sl065,2026-03-10 13:00:00+00:00,STAGE28A,data/reports/stage28a_discovery_factory_batch_runner/stage28a_exact_trades.csv,calendar_time_risk_proxy_v1,calendar_drop_monday_h13_tp06_sl065,-6.728450000000157,-7.778450000000157,-8.478450000000157,0,0,0,1,7.778450000000157,176.90999999999985,69.05000000000018,0.35235336712526955,38.60999999999967,0.3504273504273468,27.339999999999236,21.969500000000018,0.148,1.0,,,13,1,3.0,2026
2026-03-11 13:00:00+00:00|-1.0|calendar_drop_monday_h13_tp06_sl065,2026-03-11 13:00:00+00:00,STAGE28A,data/reports/stage28a_discovery_factory_batch_runner/stage28a_exact_trades.csv,calendar_time_risk_proxy_v1,calendar_drop_monday_h13_tp06_sl065,5.535100000000421,4.48510000000042,3.785100000000421,1,1,1,0,4.48510000000042,121.13000000000011,39.590000000000146,0.15584743622126926,35.25,0.5140425531914863,18.13000000000011,20.601499999999987,0.064,-1.0,,,13,2,3.0,2026
2026-03-12 13:00:00+00:00|1.0|calendar_drop_monday_h13_tp06_sl065,2026-03-12 13:00:00+00:00,STAGE28A,data/reports/stage28a_discovery_factory_batch_runner/stage28a_exact_trades.csv,calendar_time_risk_proxy_v1,calendar_drop_monday_h13_tp06_sl065,3.979600000000028,2.929600000000028,2.229600000000028,1,1,1,0,2.929600000000028,89.92000000000007,56.44999999999982,0.14508414526128655,54.350000000000364,0.7308187672493098,15.360000000000582,20.58150000000005,0.096,1.0,,,13,3,3.0,2026
2026-03-13 13:00:00+00:00|-1.0|calendar_drop_monday_h13_tp06_sl065,2026-03-13 13:00:00+00:00,STAGE28A,data/reports/stage28a_discovery_factory_batch_runner/stage28a_exact_trades.csv,calendar_time_risk_proxy_v1,calendar_drop_monday_h13_tp06_sl065,-7.93257500000036,-8.982575000000361,-9.68257500000036,0,0,0,1,8.982575000000361,136.32999999999993,55.710000000000036,0.1202656614611347,49.1299999999992,0.19967433340117344,18.26000000000022,19.618500000000086,0.072,-1.0,,,13,4,3.0,2026
2026-03-13 22:45:00+00:00|1.0|calendar_drop_monday_h13_tp06_sl065,2026-03-13 22:45:00+00:00,STAGE28A,data/reports/stage28a_discovery_factory_batch_runner/stage28a_exact_trades.csv,calendar_time_risk_proxy_v1,calendar_drop_monday_h13_tp06_sl065,-0.35,-1.4,-2.1,0,0,0,0,1.4,136.32999999999993,55.710000000000036,0.1202656614611347,49.1299999999992,0.19967433340117344,40.219999999999345,23.812000000000033,0.368,1.0,,,13,4,3.0,2026
2026-03-17 13:00:00+00:00|-1.0|calendar_drop_monday_h13_tp06_sl065,2026-03-17 13:00:00+00:00,STAGE28A,data/reports/stage28a_discovery_factory_batch_runner/stage28a_exact_trades.csv,calendar_time_risk_proxy_v1,calendar_drop_monday_h13_tp06_sl065,5.022699999999896,3.9726999999998953,3.272699999999896,1,1,1,0,3.9726999999998953,69.77000000000044,46.720000000000255,0.5355308219178146,52.33000000000084,0.7177527231033611,24.07000000000062,18.284000000000106,0.004,-1.0,,,13,1,3.0,2026
2026-03-18 13:00:00+00:00|1.0|calendar_drop_monday_h13_tp06_sl065,2026-03-18 13:00:00+00:00,STAGE28A,data/reports/stage28a_discovery_factory_batch_runner/stage28a_exact_trades.csv,calendar_time_risk_proxy_v1,calendar_drop_monday_h13_tp06_sl065,-6.574725000000035,-7.624725000000035,-8.324725000000035,0,0,0,1,7.624725000000035,70.88000000000011,33.909999999999854,0.4624004718371999,57.25,0.3369432314410474,33.11999999999989,15.87299999999991,0.028,1.0,,,13,2,3.0,2026
2026-03-19 13:00:00+00:00|-1.0|calendar_drop_monday_h13_tp06_sl065,2026-03-19 13:00:00+00:00,STAGE28A,data/reports/stage28a_discovery_factory_batch_runner/stage28a_exact_trades.csv,calendar_time_risk_proxy_v1,calendar_drop_monday_h13_tp06_sl065,16.759000000000377,15.709000000000378,15.00900000000038,1,1,1,0,15.709000000000378,209.3699999999999,62.36999999999989,0.2081128747795494,187.1199999999999,0.911928174433516,53.06999999999971,32.71500000000001,0.904,-1.0,,,13,3,3.0,2026
2026-03-20 13:00:00+00:00|-1.0|calendar_drop_monday_h13_tp06_sl065,2026-03-20 13:00:00+00:00,STAGE28A,data/reports/stage28a_discovery_factory_batch_runner/stage28a_exact_trades.csv,calendar_time_risk_proxy_v1,calendar_drop_monday_h13_tp06_sl065,10.827999999999884,9.777999999999883,9.077999999999884,1,1,1,0,9.777999999999883,364.7399999999998,101.35999999999967,0.7723954222573028,96.74000000000069,0.788918751292124,32.159999999999854,37.078499999999984,0.836,-1.0,,,13,4,3.0,2026
2026-03-20 22:45:00+00:00|1.0|calendar_drop_monday_h13_tp06_sl065,2026-03-20 22:45:00+00:00,STAGE28A,data/reports/stage28a_discovery_factory_batch_runner/stage28a_exact_trades.csv,calendar_time_risk_proxy_v1,calendar_drop_monday_h13_tp06_sl065,-0.35,-1.4,-2.1,0,0,0,0,1.4,364.7399999999998,101.35999999999967,0.7723954222573028,96.74000000000069,0.788918751292124,31.0600000000004,45.05350000000003,0.904,1.0,,,13,4,3.0,2026
2026-03-24 13:00:00+00:00|1.0|calendar_drop_monday_h13_tp06_sl065,2026-03-24 13:00:00+00:00,STAGE28A,data/reports/stage28a_discovery_factory_batch_runner/stage28a_exact_trades.csv,calendar_time_risk_proxy_v1,calendar_drop_monday_h13_tp06_sl065,-15.258725000000233,-16.30872500000023,-17.008725000000233,0,0,0,1,16.30872500000023,437.1700000000001,141.98999999999978,0.7553348827382221,121.75,0.8636550308008258,26.81999999999971,53.630500000000026,0.864,1.0,,,13,1,3.0,2026
2026-03-25 13:00:00+00:00|-1.0|calendar_drop_monday_h13_tp06_sl065,2026-03-25 13:00:00+00:00,STAGE28A,data/reports/stage28a_discovery_factory_batch_runner/stage28a_exact_trades.csv,calendar_time_risk_proxy_v1,calendar_drop_monday_h13_tp06_sl065,7.436199999999554,6.386199999999553,5.686199999999554,1,1,1,0,6.386199999999553,245.17999999999938,146.3800000000001,0.1763902172427906,45.51999999999953,0.31480667838313,11.180000000000291,36.84300000000003,0.632,-1.0,,,13,2,3.0,2026
2026-03-26 13:00:00+00:00|-1.0|calendar_drop_monday_h13_tp06_sl065,2026-03-26 13:00:00+00:00,STAGE28A,data/reports/stage28a_discovery_factory_batch_runner/stage28a_exact_trades.csv,calendar_time_risk_proxy_v1,calendar_drop_monday_h13_tp06_sl065,-11.578425000000244,-12.628425000000243,-13.328425000000244,0,0,0,1,12.628425000000243,146.3800000000001,54.910000000000764,0.4028410125660095,109.26000000000022,0.7089511257550786,30.920000000000073,34.094000000000094,0.568,-1.0,,,13,3,3.0,2026
2026-03-27 13:00:00+00:00|-1.0|calendar_drop_monday_h13_tp06_sl065,2026-03-27 13:00:00+00:00,STAGE28A,data/reports/stage28a_discovery_factory_batch_runner/stage28a_exact_trades.csv,calendar_time_risk_proxy_v1,calendar_drop_monday_h13_tp06_sl065,5.991999999999644,4.941999999999643,4.241999999999644,1,1,1,0,4.941999999999643,192.66000000000076,73.67999999999938,0.5563246471226945,64.27999999999975,0.48397635345363715,21.949999999999818,32.14149999999991,0.42,-1.0,,,13,4,3.0,2026
2026-03-27 22:45:00+00:00|1.0|calendar_drop_monday_h13_tp06_sl065,2026-03-27 22:45:00+00:00,STAGE28A,data/reports/stage28a_discovery_factory_batch_runner/stage28a_exact_trades.csv,calendar_time_risk_proxy_v1,calendar_drop_monday_h13_tp06_sl065,8.715099999999802,7.665099999999802,6.965099999999802,1,1,1,0,7.665099999999802,192.66000000000076,73.67999999999938,0.5563246471226945,64.27999999999975,0.48397635345363715,25.339999999999236,31.86499999999978,0.4,1.0,,,13,4,3.0,2026
2026-03-31 13:00:00+00:00|1.0|calendar_drop_monday_h13_tp06_sl065,2026-03-31 13:00:00+00:00,STAGE28A,data/reports/stage28a_discovery_factory_batch_runner/stage28a_exact_trades.csv,calendar_time_risk_proxy_v1,calendar_drop_monday_h13_tp06_sl065,-7.560449999999582,-8.610449999999583,-9.310449999999582,0,0,0,1,8.610449999999583,160.84999999999945,136.60000000000036,0.3423865300146369,37.849999999999454,0.04042272126815766,21.81999999999971,29.62199999999998,0.224,1.0,,,13,1,3.0,2026
2026-04-01 13:00:00+00:00|1.0|calendar_drop_monday_h13_tp06_sl065,2026-04-01 13:00:00+00:00,STAGE28A,data/reports/stage28a_discovery_factory_batch_runner/stage28a_exact_trades.csv,calendar_time_risk_proxy_v1,calendar_drop_monday_h13_tp06_sl065,8.578299999999581,7.5282999999995805,6.828299999999581,1,1,1,0,7.5282999999995805,204.27000000000044,62.159999999999854,0.011904761904773053,80.67000000000007,0.5141936283624697,16.98999999999978,28.883000000000038,0.12,1.0,,,13,2,4.0,2026
2026-04-02 13:00:00+00:00|-1.0|calendar_drop_monday_h13_tp06_sl065,2026-04-02 13:00:00+00:00,STAGE28A,data/reports/stage28a_discovery_factory_batch_runner/stage28a_exact_trades.csv,calendar_time_risk_proxy_v1,calendar_drop_monday_h13_tp06_sl065,12.178600000000552,11.128600000000551,10.428600000000552,1,1,1,0,11.128600000000551,131.1300000000001,150.57999999999993,0.6674193119936249,127.85000000000036,0.4268283144309703,18.770000000000437,38.95450000000005,0.644,-1.0,,,13,3,4.0,2026
2026-04-02 23:45:00+00:00|1.0|calendar_drop_monday_h13_tp06_sl065,2026-04-02 23:45:00+00:00,STAGE28A,data/reports/stage28a_discovery_factory_batch_runner/stage28a_exact_trades.csv,calendar_time_risk_proxy_v1,calendar_drop_monday_h13_tp06_sl065,-7.93809999999994,-8.98809999999994,-9.68809999999994,0,0,0,1,8.98809999999994,131.1300000000001,150.57999999999993,0.6674193119936249,127.85000000000036,0.4268283144309703,20.31999999999971,43.87049999999999,0.668,1.0,,,13,3,4.0,2026
2026-04-07 13:00:00+00:00|1.0|calendar_drop_monday_h13_tp06_sl065,2026-04-07 13:00:00+00:00,STAGE28A,data/reports/stage28a_discovery_factory_batch_runner/stage28a_exact_trades.csv,calendar_time_risk_proxy_v1,calendar_drop_monday_h13_tp06_sl065,-9.974550000000454,-11.024550000000454,-11.724550000000454,0,0,0,1,11.024550000000454,105.48999999999978,51.460000000000036,0.17061795569375532,71.22999999999956,0.3018391127334007,35.4399999999996,22.736499999999886,0.052,1.0,,,13,1,4.0,2026
2026-04-08 13:00:00+00:00|-1.0|calendar_drop_monday_h13_tp06_sl065,2026-04-08 13:00:00+00:00,STAGE28A,data/reports/stage28a_discovery_factory_batch_runner/stage28a_exact_trades.csv,calendar_time_risk_proxy_v1,calendar_drop_monday_h13_tp06_sl065,7.928800000000047,6.878800000000046,6.178800000000047,1,1,1,0,6.878800000000046,211.28000000000065,140.1299999999992,0.1491472204381693,66.96000000000004,0.2144563918757417,29.849999999999454,34.414499999999954,0.556,-1.0,,,13,2,4.0,2026
2026-04-09 13:00:00+00:00|1.0|calendar_drop_monday_h13_tp06_sl065,2026-04-09 13:00:00+00:00,STAGE28A,data/reports/stage28a_discovery_factory_batch_runner/stage28a_exact_trades.csv,calendar_time_risk_proxy_v1,calendar_drop_monday_h13_tp06_sl065,6.556600000000254,5.506600000000253,4.806600000000254,1,1,1,0,5.506600000000253,154.54999999999927,33.960000000000036,0.176972909305071,29.56999999999971,0.5989178221170176,10.170000000000073,23.505500000000076,0.072,1.0,,,13,3,4.0,2026
2026-04-10 13:00:00+00:00|-1.0|calendar_drop_monday_h13_tp06_sl065,2026-04-10 13:00:00+00:00,STAGE28A,data/reports/stage28a_discovery_factory_batch_runner/stage28a_exact_trades.csv,calendar_time_risk_proxy_v1,calendar_drop_monday_h13_tp06_sl065,-5.852575000000433,-6.902575000000434,-7.602575000000433,0,0,0,1,6.902575000000434,102.13000000000011,41.600000000000364,0.05817307692307817,39.80999999999949,0.3765385581512176,20.00999999999931,18.59099999999994,0.004,-1.0,,,13,4,4.0,2026
2026-04-10 23:45:00+00:00|1.0|calendar_drop_monday_h13_tp06_sl065,2026-04-10 23:45:00+00:00,STAGE28A,data/reports/stage28a_discovery_factory_batch_runner/stage28a_exact_trades.csv,calendar_time_risk_proxy_v1,calendar_drop_monday_h13_tp06_sl065,-0.35,-1.4,-2.1,0,0,0,0,1.4,102.13000000000011,41.600000000000364,0.05817307692307817,39.80999999999949,0.3765385581512176,12.210000000000036,18.75699999999997,0.044,1.0,,,13,4,4.0,2026
2026-04-14 13:00:00+00:00|1.0|calendar_drop_monday_h13_tp06_sl065,2026-04-14 13:00:00+00:00,STAGE28A,data/reports/stage28a_discovery_factory_batch_runner/stage28a_exact_trades.csv,calendar_time_risk_proxy_v1,calendar_drop_monday_h13_tp06_sl065,5.138500000000386,4.088500000000385,3.388500000000386,1,1,1,0,4.088500000000385,114.48000000000047,31.23999999999978,0.3117797695262436,37.72999999999956,0.2793532997614653,17.42999999999938,17.625499999999874,0.02,1.0,,,13,1,4.0,2026
2026-04-15 13:00:00+00:00|-1.0|calendar_drop_monday_h13_tp06_sl065,2026-04-15 13:00:00+00:00,STAGE28A,data/reports/stage28a_discovery_factory_batch_runner/stage28a_exact_trades.csv,calendar_time_risk_proxy_v1,calendar_drop_monday_h13_tp06_sl065,5.634400000000278,4.584400000000278,3.8844000000002783,1,1,1,0,4.584400000000278,100.72999999999956,54.25,0.20552995391704398,44.31999999999971,0.5873194945848357,33.01999999999953,18.240499999999976,0.1,-1.0,,,13,2,4.0,2026
2026-04-16 13:00:00+00:00|-1.0|calendar_drop_monday_h13_tp06_sl065,2026-04-16 13:00:00+00:00,STAGE28A,data/reports/stage28a_discovery_factory_batch_runner/stage28a_exact_trades.csv,calendar_time_risk_proxy_v1,calendar_drop_monday_h13_tp06_sl065,-5.444699999999648,-6.494699999999648,-7.194699999999648,0,0,0,1,6.494699999999648,85.13999999999942,46.51999999999953,0.3555460017196933,31.529999999999745,0.35172851252775883,11.010000000000218,15.487500000000045,0.004,-1.0,,,13,3,4.0,2026
2026-04-17 13:00:00+00:00|1.0|calendar_drop_monday_h13_tp06_sl065,2026-04-17 13:00:00+00:00,STAGE28A,data/reports/stage28a_discovery_factory_batch_runner/stage28a_exact_trades.csv,calendar_time_risk_proxy_v1,calendar_drop_monday_h13_tp06_sl065,-4.990024999999696,-6.040024999999696,-6.740024999999696,0,0,0,1,6.040024999999696,65.03999999999996,33.399999999999636,0.042215568862271555,27.38000000000011,0.10336011687362731,10.930000000000291,14.4125,0.012,1.0,,,13,4,4.0,2026
2026-04-17 23:45:00+00:00|1.0|calendar_drop_monday_h13_tp06_sl065,2026-04-17 23:45:00+00:00,STAGE28A,data/reports/stage28a_discovery_factory_batch_runner/stage28a_exact_trades.csv,calendar_time_risk_proxy_v1,calendar_drop_monday_h13_tp06_sl065,-0.35,-1.4,-2.1,0,0,0,0,1.4,65.03999999999996,33.399999999999636,0.042215568862271555,27.38000000000011,0.10336011687362731,8.4399999999996,19.439500000000088,0.42,1.0,,,13,4,4.0,2026
2026-04-21 13:00:00+00:00|-1.0|calendar_drop_monday_h13_tp06_sl065,2026-04-21 13:00:00+00:00,STAGE28A,data/reports/stage28a_discovery_factory_batch_runner/stage28a_exact_trades.csv,calendar_time_risk_proxy_v1,calendar_drop_monday_h13_tp06_sl065,-5.919524999999885,-6.969524999999885,-7.669524999999885,0,0,0,1,6.969524999999885,90.67000000000007,40.399999999999636,0.7566831683168312,25.050000000000182,0.5417165668662519,8.170000000000073,13.963499999999977,0.012,-1.0,,,13,1,4.0,2026
2026-04-22 13:00:00+00:00|-1.0|calendar_drop_monday_h13_tp06_sl065,2026-04-22 13:00:00+00:00,STAGE28A,data/reports/stage28a_discovery_factory_batch_runner/stage28a_exact_trades.csv,calendar_time_risk_proxy_v1,calendar_drop_monday_h13_tp06_sl065,-4.55679999999993,-5.6067999999999305,-6.30679999999993,0,0,0,1,5.6067999999999305,164.42000000000007,49.36000000000058,0.7803889789302891,19.909999999999854,0.14364640883980928,9.9399999999996,22.309999999999945,0.692,-1.0,,,13,2,4.0,2026
2026-04-23 13:00:00+00:00|-1.0|calendar_drop_monday_h13_tp06_sl065,2026-04-23 13:00:00+00:00,STAGE28A,data/reports/stage28a_discovery_factory_batch_runner/stage28a_exact_trades.csv,calendar_time_risk_proxy_v1,calendar_drop_monday_h13_tp06_sl065,-6.040749999999752,-7.090749999999753,-7.790749999999752,0,0,0,1,7.090749999999753,56.470000000000255,59.63000000000011,0.37078651685392644,31.92999999999938,0.19417475728155145,8.960000000000036,17.336999999999897,0.324,-1.0,,,13,3,4.0,2026
2026-04-24 13:00:00+00:00|1.0|calendar_drop_monday_h13_tp06_sl065,2026-04-24 13:00:00+00:00,STAGE28A,data/reports/stage28a_discovery_factory_batch_runner/stage28a_exact_trades.csv,calendar_time_risk_proxy_v1,calendar_drop_monday_h13_tp06_sl065,-5.4658249999998585,-6.515824999999859,-7.215824999999858,0,0,0,1,6.515824999999859,89.48000000000047,42.279999999999745,0.4973982970671682,39.52000000000044,0.2608805668016267,17.30999999999949,20.427999999999976,0.708,1.0,,,13,4,4.0,2026
2026-04-24 23:45:00+00:00|1.0|calendar_drop_monday_h13_tp06_sl065,2026-04-24 23:45:00+00:00,STAGE28A,data/reports/stage28a_discovery_factory_batch_runner/stage28a_exact_trades.csv,calendar_time_risk_proxy_v1,calendar_drop_monday_h13_tp06_sl065,-0.35,-1.4,-2.1,0,0,0,0,1.4,89.48000000000047,42.279999999999745,0.4973982970671682,39.52000000000044,0.2608805668016267,12.430000000000291,18.95449999999996,0.568,1.0,,,13,4,4.0,2026
2026-04-28 13:00:00+00:00|-1.0|calendar_drop_monday_h13_tp06_sl065,2026-04-28 13:00:00+00:00,STAGE28A,data/reports/stage28a_discovery_factory_batch_runner/stage28a_exact_trades.csv,calendar_time_risk_proxy_v1,calendar_drop_monday_h13_tp06_sl065,6.796600000000035,5.746600000000035,5.046600000000035,1,1,1,0,5.746600000000035,62.81999999999971,34.590000000000146,0.49031511997687094,66.61000000000058,0.9911424711004333,25.390000000000327,14.57449999999999,0.168,-1.0,,,13,1,4.0,2026
2026-04-29 13:00:00+00:00|-1.0|calendar_drop_monday_h13_tp06_sl065,2026-04-29 13:00:00+00:00,STAGE28A,data/reports/stage28a_discovery_factory_batch_runner/stage28a_exact_trades.csv,calendar_time_risk_proxy_v1,calendar_drop_monday_h13_tp06_sl065,5.11600000000035,4.066000000000349,3.3660000000003496,1,1,1,0,4.066000000000349,146.2599999999993,33.97999999999956,0.036492054149493754,55.970000000000255,0.707343219581902,29.19000000000051,15.228000000000202,0.264,-1.0,,,13,2,4.0,2026
2026-04-30 13:00:00+00:00|1.0|calendar_drop_monday_h13_tp06_sl065,2026-04-30 13:00:00+00:00,STAGE28A,data/reports/stage28a_discovery_factory_batch_runner/stage28a_exact_trades.csv,calendar_time_risk_proxy_v1,calendar_drop_monday_h13_tp06_sl065,5.790999999999622,4.740999999999621,4.040999999999622,1,1,1,0,4.740999999999621,99.84999999999945,43.11000000000058,0.09255393180235973,91.03999999999996,0.7621924428822534,17.480000000000473,19.930999999999766,0.688,1.0,,,13,3,4.0,2026
2026-05-01 13:00:00+00:00|-1.0|calendar_drop_monday_h13_tp06_sl065,2026-05-01 13:00:00+00:00,STAGE28A,data/reports/stage28a_discovery_factory_batch_runner/stage28a_exact_trades.csv,calendar_time_risk_proxy_v1,calendar_drop_monday_h13_tp06_sl065,4.203100000000086,3.153100000000086,2.453100000000086,1,1,1,0,3.153100000000086,107.63000000000011,21.970000000000255,0.17023213472916424,68.44999999999982,0.9382030679327906,12.63000000000011,13.105000000000018,0.056,-1.0,,,13,4,5.0,2026
2026-05-01 23:45:00+00:00|1.0|calendar_drop_monday_h13_tp06_sl065,2026-05-01 23:45:00+00:00,STAGE28A,data/reports/stage28a_discovery_factory_batch_runner/stage28a_exact_trades.csv,calendar_time_risk_proxy_v1,calendar_drop_monday_h13_tp06_sl065,-0.35,-1.4,-2.1,0,0,0,0,1.4,107.63000000000011,21.970000000000255,0.17023213472916424,68.44999999999982,0.9382030679327906,18.769999999999527,19.694500000000062,0.652,1.0,,,13,4,5.0,2026
2026-05-05 13:00:00+00:00|1.0|calendar_drop_monday_h13_tp06_sl065,2026-05-05 13:00:00+00:00,STAGE28A,data/reports/stage28a_discovery_factory_batch_runner/stage28a_exact_trades.csv,calendar_time_risk_proxy_v1,calendar_drop_monday_h13_tp06_sl065,-5.345574999999917,-6.395574999999917,-7.095574999999917,0,0,0,1,6.395574999999917,128.5099999999993,32.99000000000069,0.5216732343134185,32.52000000000044,0.6685116851168634,9.300000000000182,16.57849999999994,0.292,1.0,,,13,1,5.0,2026
2026-05-06 13:00:00+00:00|1.0|calendar_drop_monday_h13_tp06_sl065,2026-05-06 13:00:00+00:00,STAGE28A,data/reports/stage28a_discovery_factory_batch_runner/stage28a_exact_trades.csv,calendar_time_risk_proxy_v1,calendar_drop_monday_h13_tp06_sl065,5.85759999999973,4.807599999999729,4.10759999999973,1,1,1,0,4.807599999999729,72.96000000000004,105.18000000000029,0.6700893706027788,65.11000000000058,0.8944862540316274,19.26000000000022,18.14699999999989,0.484,1.0,,,13,2,5.0,2026
2026-05-07 13:00:00+00:00|1.0|calendar_drop_monday_h13_tp06_sl065,2026-05-07 13:00:00+00:00,STAGE28A,data/reports/stage28a_discovery_factory_batch_runner/stage28a_exact_trades.csv,calendar_time_risk_proxy_v1,calendar_drop_monday_h13_tp06_sl065,-7.344649999999637,-8.394649999999638,-9.094649999999636,0,0,0,1,8.394649999999638,176.60000000000036,35.909999999999854,0.12252854358116552,61.06999999999971,0.48747339119043176,17.550000000000182,16.67999999999997,0.26,1.0,,,13,3,5.0,2026
2026-05-08 13:00:00+00:00|-1.0|calendar_drop_monday_h13_tp06_sl065,2026-05-08 13:00:00+00:00,STAGE28A,data/reports/stage28a_discovery_factory_batch_runner/stage28a_exact_trades.csv,calendar_time_risk_proxy_v1,calendar_drop_monday_h13_tp06_sl065,5.247700000000259,4.197700000000259,3.4977000000002594,1,1,1,0,4.197700000000259,80.0,50.93000000000029,0.6630669546436154,37.44000000000051,0.20619658119658518,15.270000000000437,22.481500000000143,0.964,-1.0,,,13,4,5.0,2026
2026-05-08 23:45:00+00:00|1.0|calendar_drop_monday_h13_tp06_sl065,2026-05-08 23:45:00+00:00,STAGE28A,data/reports/stage28a_discovery_factory_batch_runner/stage28a_exact_trades.csv,calendar_time_risk_proxy_v1,calendar_drop_monday_h13_tp06_sl065,-0.35,-1.4,-2.1,0,0,0,0,1.4,80.0,50.93000000000029,0.6630669546436154,37.44000000000051,0.20619658119658518,5.769999999999527,19.480000000000246,0.664,1.0,,,13,4,5.0,2026
2026-05-12 13:00:00+00:00|-1.0|calendar_drop_monday_h13_tp06_sl065,2026-05-12 13:00:00+00:00,STAGE28A,data/reports/stage28a_discovery_factory_batch_runner/stage28a_exact_trades.csv,calendar_time_risk_proxy_v1,calendar_drop_monday_h13_tp06_sl065,4.458100000000195,3.408100000000195,2.708100000000196,1,1,1,0,3.408100000000195,103.15999999999985,55.06999999999971,0.5616488106046932,43.150000000000546,0.48528389339511785,10.920000000000073,17.077500000000008,0.216,-1.0,,,13,1,5.0,2026
2026-05-13 13:00:00+00:00|1.0|calendar_drop_monday_h13_tp06_sl065,2026-05-13 13:00:00+00:00,STAGE28A,data/reports/stage28a_discovery_factory_batch_runner/stage28a_exact_trades.csv,calendar_time_risk_proxy_v1,calendar_drop_monday_h13_tp06_sl065,4.3579000000003365,3.307900000000336,2.6079000000003365,1,1,1,0,3.307900000000336,134.8199999999997,38.69000000000051,0.5420005169294386,29.390000000000327,0.16570261993874913,15.720000000000255,15.04350000000004,0.088,1.0,,,13,2,5.0,2026
2026-05-14 13:00:00+00:00|1.0|calendar_drop_monday_h13_tp06_sl065,2026-05-14 13:00:00+00:00,STAGE28A,data/reports/stage28a_discovery_factory_batch_runner/stage28a_exact_trades.csv,calendar_time_risk_proxy_v1,calendar_drop_monday_h13_tp06_sl065,5.162200000000121,4.11220000000012,3.412200000000121,1,1,1,0,4.11220000000012,57.02000000000044,32.970000000000255,0.7546254170457967,49.600000000000364,0.49818548387096484,14.029999999999745,17.047000000000025,0.236,1.0,,,13,3,5.0,2026
2026-05-15 13:00:00+00:00|-1.0|calendar_drop_monday_h13_tp06_sl065,2026-05-15 13:00:00+00:00,STAGE28A,data/reports/stage28a_discovery_factory_batch_runner/stage28a_exact_trades.csv,calendar_time_risk_proxy_v1,calendar_drop_monday_h13_tp06_sl065,8.009499999999571,6.95949999999957,6.259499999999571,1,1,1,0,6.95949999999957,74.1200000000008,57.9399999999996,0.8066965826717312,89.64999999999964,0.7779141104294486,31.80999999999949,20.737999999999964,0.832,-1.0,,,13,4,5.0,2026
2026-05-15 23:45:00+00:00|1.0|calendar_drop_monday_h13_tp06_sl065,2026-05-15 23:45:00+00:00,STAGE28A,data/reports/stage28a_discovery_factory_batch_runner/stage28a_exact_trades.csv,calendar_time_risk_proxy_v1,calendar_drop_monday_h13_tp06_sl065,-0.35,-1.4,-2.1,0,0,0,0,1.4,74.1200000000008,57.9399999999996,0.8066965826717312,89.64999999999964,0.7779141104294486,15.039999999999964,25.392000000000007,0.988,1.0,,,13,4,5.0,2026
2026-05-19 13:00:00+00:00|-1.0|calendar_drop_monday_h13_tp06_sl065,2026-05-19 13:00:00+00:00,STAGE28A,data/reports/stage28a_discovery_factory_batch_runner/stage28a_exact_trades.csv,calendar_time_risk_proxy_v1,calendar_drop_monday_h13_tp06_sl065,5.705800000000091,4.65580000000009,3.9558000000000906,1,1,1,0,4.65580000000009,103.57999999999993,45.600000000000364,0.634210526315786,28.25999999999931,0.11075725406936256,10.529999999999745,17.435999999999968,0.248,-1.0,,,13,1,5.0,2026
2026-05-20 13:00:00+00:00|1.0|calendar_drop_monday_h13_tp06_sl065,2026-05-20 13:00:00+00:00,STAGE28A,data/reports/stage28a_discovery_factory_batch_runner/stage28a_exact_trades.csv,calendar_time_risk_proxy_v1,calendar_drop_monday_h13_tp06_sl065,5.53420000000042,4.484200000000419,3.78420000000042,1,1,1,0,4.484200000000419,124.22000000000025,55.14000000000033,0.37413855640188587,34.54999999999927,0.6208393632416865,18.210000000000036,18.370500000000085,0.32,1.0,,,13,2,5.0,2026
2026-05-21 13:00:00+00:00|1.0|calendar_drop_monday_h13_tp06_sl065,2026-05-21 13:00:00+00:00,STAGE28A,data/reports/stage28a_discovery_factory_batch_runner/stage28a_exact_trades.csv,calendar_time_risk_proxy_v1,calendar_drop_monday_h13_tp06_sl065,-6.145074999999997,-7.195074999999997,-7.895074999999997,0,0,0,1,7.195074999999997,98.85000000000036,43.460000000000036,0.26346065347445485,31.13000000000011,0.08833922261484067,15.180000000000291,19.1,0.44,1.0,,,13,3,5.0,2026
2026-05-22 13:00:00+00:00|-1.0|calendar_drop_monday_h13_tp06_sl065,2026-05-22 13:00:00+00:00,STAGE28A,data/reports/stage28a_discovery_factory_batch_runner/stage28a_exact_trades.csv,calendar_time_risk_proxy_v1,calendar_drop_monday_h13_tp06_sl065,4.8295000000001895,3.779500000000189,3.079500000000189,1,1,1,0,3.779500000000189,81.88999999999942,27.229999999999563,0.5233198677928839,28.420000000000073,0.09570724841661674,20.980000000000473,15.908999999999878,0.084,-1.0,,,13,4,5.0,2026
2026-05-22 23:45:00+00:00|1.0|calendar_drop_monday_h13_tp06_sl065,2026-05-22 23:45:00+00:00,STAGE28A,data/reports/stage28a_discovery_factory_batch_runner/stage28a_exact_trades.csv,calendar_time_risk_proxy_v1,calendar_drop_monday_h13_tp06_sl065,-0.35,-1.4,-2.1,0,0,0,0,1.4,81.88999999999942,27.229999999999563,0.5233198677928839,28.420000000000073,0.09570724841661674,11.4399999999996,16.384499999999935,0.116,1.0,,,13,4,5.0,2026
2026-05-26 13:00:00+00:00|-1.0|calendar_drop_monday_h13_tp06_sl065,2026-05-26 13:00:00+00:00,STAGE28A,data/reports/stage28a_discovery_factory_batch_runner/stage28a_exact_trades.csv,calendar_time_risk_proxy_v1,calendar_drop_monday_h13_tp06_sl065,4.528600000000006,3.478600000000006,2.778600000000006,1,1,1,0,3.478600000000006,37.50999999999931,52.36999999999989,0.6265037235058329,30.970000000000255,0.6293186955117733,14.220000000000255,13.7849999999999,0.096,-1.0,,,13,1,5.0,2026
2026-05-27 13:00:00+00:00|1.0|calendar_drop_monday_h13_tp06_sl065,2026-05-27 13:00:00+00:00,STAGE28A,data/reports/stage28a_discovery_factory_batch_runner/stage28a_exact_trades.csv,calendar_time_risk_proxy_v1,calendar_drop_monday_h13_tp06_sl065,-5.497675000000163,-6.547675000000163,-7.247675000000163,0,0,0,1,6.547675000000163,97.72000000000025,31.00999999999931,0.44953240890035184,41.44000000000051,0.16674710424709868,10.69000000000051,15.516500000000041,0.192,1.0,,,13,2,5.0,2026
2026-05-28 13:00:00+00:00|1.0|calendar_drop_monday_h13_tp06_sl065,2026-05-28 13:00:00+00:00,STAGE28A,data/reports/stage28a_discovery_factory_batch_runner/stage28a_exact_trades.csv,calendar_time_risk_proxy_v1,calendar_drop_monday_h13_tp06_sl065,-6.177575000000251,-7.227575000000252,-7.927575000000251,0,0,0,1,7.227575000000252,126.31999999999971,97.43000000000029,0.8483013445550589,32.26000000000022,0.5855548667079755,12.599999999999454,17.31949999999979,0.384,1.0,,,13,3,5.0,2026
2026-05-29 13:00:00+00:00|1.0|calendar_drop_monday_h13_tp06_sl065,2026-05-29 13:00:00+00:00,STAGE28A,data/reports/stage28a_discovery_factory_batch_runner/stage28a_exact_trades.csv,calendar_time_risk_proxy_v1,calendar_drop_monday_h13_tp06_sl065,4.803400000000147,3.753400000000147,3.0534000000001478,1,1,1,0,3.753400000000147,149.91000000000076,31.609999999999673,0.3144574501739862,38.23000000000047,0.7737379021710583,26.07000000000062,16.443000000000076,0.208,1.0,,,13,4,5.0,2026
2026-05-29 23:45:00+00:00|1.0|calendar_drop_monday_h13_tp06_sl065,2026-05-29 23:45:00+00:00,STAGE28A,data/reports/stage28a_discovery_factory_batch_runner/stage28a_exact_trades.csv,calendar_time_risk_proxy_v1,calendar_drop_monday_h13_tp06_sl065,-0.35,-1.4,-2.1,0,0,0,0,1.4,149.91000000000076,31.609999999999673,0.3144574501739862,38.23000000000047,0.7737379021710583,17.25,18.682499999999983,0.54,1.0,,,13,4,5.0,2026
2026-06-02 13:00:00+00:00|1.0|calendar_drop_monday_h13_tp06_sl065,2026-06-02 13:00:00+00:00,STAGE28A,data/reports/stage28a_discovery_factory_batch_runner/stage28a_exact_trades.csv,calendar_time_risk_proxy_v1,calendar_drop_monday_h13_tp06_sl065,3.8458000000004176,2.7958000000004177,2.095800000000418,1,1,1,0,2.7958000000004177,98.14999999999964,36.25,0.3817931034482799,43.899999999999636,0.6999999999999958,13.510000000000218,14.99399999999996,0.14,1.0,,,13,1,6.0,2026
2026-06-03 13:00:00+00:00|-1.0|calendar_drop_monday_h13_tp06_sl065,2026-06-03 13:00:00+00:00,STAGE28A,data/reports/stage28a_discovery_factory_batch_runner/stage28a_exact_trades.csv,calendar_time_risk_proxy_v1,calendar_drop_monday_h13_tp06_sl065,6.293500000000131,5.243500000000131,4.543500000000131,1,1,1,0,5.243500000000131,78.61999999999989,34.289999999999964,0.01574803149608847,49.039999999999964,0.8429853181076709,19.93000000000029,15.617499999999973,0.248,-1.0,,,13,2,6.0,2026
2026-06-04 13:00:00+00:00|-1.0|calendar_drop_monday_h13_tp06_sl065,2026-06-04 13:00:00+00:00,STAGE28A,data/reports/stage28a_discovery_factory_batch_runner/stage28a_exact_trades.csv,calendar_time_risk_proxy_v1,calendar_drop_monday_h13_tp06_sl065,3.8557000000004336,2.8057000000004337,2.105700000000434,1,1,1,0,2.8057000000004337,70.15000000000055,52.960000000000036,0.2736027190332283,25.360000000000582,0.2602523659305719,14.579999999999927,16.95399999999995,0.492,-1.0,,,13,3,6.0,2026
2026-06-05 13:00:00+00:00|1.0|calendar_drop_monday_h13_tp06_sl065,2026-06-05 13:00:00+00:00,STAGE28A,data/reports/stage28a_discovery_factory_batch_runner/stage28a_exact_trades.csv,calendar_time_risk_proxy_v1,calendar_drop_monday_h13_tp06_sl065,-5.328675000000294,-6.378675000000294,-7.078675000000294,0,0,0,1,6.378675000000294,91.14999999999964,46.159999999999854,0.5955372616984373,40.38999999999942,0.5570685813320209,10.389999999999418,14.364500000000135,0.14,1.0,,,13,4,6.0,2026
2026-06-05 23:45:00+00:00|1.0|calendar_drop_monday_h13_tp06_sl065,2026-06-05 23:45:00+00:00,STAGE28A,data/reports/stage28a_discovery_factory_batch_runner/stage28a_exact_trades.csv,calendar_time_risk_proxy_v1,calendar_drop_monday_h13_tp06_sl065,-0.35,-1.4,-2.1,0,0,0,0,1.4,91.14999999999964,46.159999999999854,0.5955372616984373,40.38999999999942,0.5570685813320209,11.11999999999989,22.085000000000083,0.968,1.0,,,13,4,6.0,2026
2026-06-09 13:00:00+00:00|-1.0|calendar_drop_monday_h13_tp06_sl065,2026-06-09 13:00:00+00:00,STAGE28A,data/reports/stage28a_discovery_factory_batch_runner/stage28a_exact_trades.csv,calendar_time_risk_proxy_v1,calendar_drop_monday_h13_tp06_sl065,4.766799999999785,3.7167999999997847,3.016799999999785,1,1,1,0,3.7167999999997847,84.51999999999953,29.149999999999636,0.2957118353344768,30.11999999999989,0.13313413014609007,11.539999999999964,13.842999999999801,0.04,-1.0,,,13,1,6.0,2026
2026-06-10 13:00:00+00:00|-1.0|calendar_drop_monday_h13_tp06_sl065,2026-06-10 13:00:00+00:00,STAGE28A,data/reports/stage28a_discovery_factory_batch_runner/stage28a_exact_trades.csv,calendar_time_risk_proxy_v1,calendar_drop_monday_h13_tp06_sl065,-8.285199999999895,-9.335199999999896,-10.035199999999897,0,0,0,1,9.335199999999896,126.54999999999927,84.05999999999949,0.8455864858434494,60.32999999999993,0.2671970827117505,16.359999999999673,26.670499999999993,0.992,-1.0,,,13,2,6.0,2026
2026-06-11 13:00:00+00:00|1.0|calendar_drop_monday_h13_tp06_sl065,2026-06-11 13:00:00+00:00,STAGE28A,data/reports/stage28a_discovery_factory_batch_runner/stage28a_exact_trades.csv,calendar_time_risk_proxy_v1,calendar_drop_monday_h13_tp06_sl065,-7.14509999999982,-8.19509999999982,-8.89509999999982,0,0,0,1,8.19509999999982,190.30999999999995,94.00999999999976,0.021380704180408716,42.4399999999996,0.4429783223374153,18.849999999999454,31.769499999999972,0.968,1.0,,,13,3,6.0,2026
2026-06-12 13:00:00+00:00|1.0|calendar_drop_monday_h13_tp06_sl065,2026-06-12 13:00:00+00:00,STAGE28A,data/reports/stage28a_discovery_factory_batch_runner/stage28a_exact_trades.csv,calendar_time_risk_proxy_v1,calendar_drop_monday_h13_tp06_sl065,-7.122350000000187,-8.172350000000188,-8.872350000000187,0,0,0,1,8.172350000000188,195.99000000000024,75.21000000000004,0.2955723972875888,57.599999999999454,0.4303819444444479,10.399999999999636,30.334000000000106,0.916,1.0,,,13,4,6.0,2026
2022-07-25 12:00:00+00:00|1.0|sess_comp_exp_follow_london_h12_q0.3_tp06_sl065,2022-07-25 12:00:00+00:00,STAGE28A,data/reports/stage28a_discovery_factory_batch_runner/stage28a_exact_trades.csv,session_compression_expansion_v1,sess_comp_exp_follow_london_h12_q0.3_tp06_sl065,-1.4735249999999724,-2.5235249999999723,-3.223524999999972,0,0,0,0,2.5235249999999723,1.5700000000001637,8.950000000000045,0.13854748603351988,12.480000000000018,0.5993589743589749,4.970000000000027,4.344500000000005,0.436,1.0,,,12,0,7.0,2022
2022-07-26 12:00:00+00:00|-1.0|sess_comp_exp_follow_london_h12_q0.3_tp06_sl065,2022-07-26 12:00:00+00:00,STAGE28A,data/reports/stage28a_discovery_factory_batch_runner/stage28a_exact_trades.csv,session_compression_expansion_v1,sess_comp_exp_follow_london_h12_q0.3_tp06_sl065,-1.455974999999944,-2.505974999999944,-3.205974999999944,0,0,0,0,2.505974999999944,21.460000000000036,10.149999999999864,0.5320197044335137,8.980000000000018,0.4432071269487762,4.339999999999918,3.4120000000000004,0.148,-1.0,,,12,1,7.0,2022
2022-08-02 12:00:00+00:00|-1.0|sess_comp_exp_follow_london_h12_q0.3_tp06_sl065,2022-08-02 12:00:00+00:00,STAGE28A,data/reports/stage28a_discovery_factory_batch_runner/stage28a_exact_trades.csv,session_compression_expansion_v1,sess_comp_exp_follow_london_h12_q0.3_tp06_sl065,-1.622375000000011,-2.672375000000011,-3.3723750000000106,0,0,0,0,2.672375000000011,16.699999999999818,9.649999999999864,0.30880829015544664,7.150000000000091,0.008391608391600653,3.8199999999999363,4.048500000000024,0.48,-1.0,,,12,1,8.0,2022
2022-08-03 12:00:00+00:00|-1.0|sess_comp_exp_follow_london_h12_q0.3_tp06_sl065,2022-08-03 12:00:00+00:00,STAGE28A,data/reports/stage28a_discovery_factory_batch_runner/stage28a_exact_trades.csv,session_compression_expansion_v1,sess_comp_exp_follow_london_h12_q0.3_tp06_sl065,0.868599999999924,-0.1814000000000759,-0.8814000000000757,0,0,0,0,0.1814000000000759,28.529999999999973,14.2800000000002,0.6435574229691825,6.519999999999982,0.4647239263803652,4.230000000000018,5.412500000000011,0.888,-1.0,,,12,2,8.0,2022
2022-08-10 12:00:00+00:00|1.0|sess_comp_exp_follow_london_h12_q0.3_tp06_sl065,2022-08-10 12:00:00+00:00,STAGE28A,data/reports/stage28a_discovery_factory_batch_runner/stage28a_exact_trades.csv,session_compression_expansion_v1,sess_comp_exp_follow_london_h12_q0.3_tp06_sl065,-1.3490499999998975,-2.3990499999998973,-3.099049999999897,0,0,0,0,2.3990499999998973,17.15000000000009,4.0,0.5999999999999659,7.539999999999964,0.3859416445623168,4.460000000000036,3.00799999999997,0.016,1.0,,,12,2,8.0,2022
2022-08-11 12:00:00+00:00|1.0|sess_comp_exp_follow_london_h12_q0.3_tp06_sl065,2022-08-11 12:00:00+00:00,STAGE28A,data/reports/stage28a_discovery_factory_batch_runner/stage28a_exact_trades.csv,session_compression_expansion_v1,sess_comp_exp_follow_london_h12_q0.3_tp06_sl065,-1.543400000000111,-2.5934000000001105,-3.2934000000001102,0,0,0,0,2.5934000000001105,20.269999999999982,8.3900000000001,0.6376638855780506,6.789999999999964,0.6465390279823117,4.180000000000064,3.6825000000000045,0.208,1.0,,,12,3,8.0,2022
2022-08-18 12:00:00+00:00|1.0|sess_comp_exp_follow_london_h12_q0.3_tp06_sl065,2022-08-18 12:00:00+00:00,STAGE28A,data/reports/stage28a_discovery_factory_batch_runner/stage28a_exact_trades.csv,session_compression_expansion_v1,sess_comp_exp_follow_london_h12_q0.3_tp06_sl065,0.4842999999999847,-0.5657000000000152,-1.265700000000015,0,0,0,0,0.5657000000000152,22.449999999999818,5.760000000000218,0.032986111111119334,8.139999999999873,0.7960687960688108,3.6699999999998454,3.4864999999999897,0.328,1.0,,,12,3,8.0,2022
2022-08-19 12:00:00+00:00|-1.0|sess_comp_exp_follow_london_h12_q0.3_tp06_sl065,2022-08-19 12:00:00+00:00,STAGE28A,data/reports/stage28a_discovery_factory_batch_runner/stage28a_exact_trades.csv,session_compression_expansion_v1,sess_comp_exp_follow_london_h12_q0.3_tp06_sl065,-1.3588000000000648,-2.4088000000000647,-3.1088000000000644,0,0,0,0,2.4088000000000647,17.089999999999918,5.740000000000009,0.548780487804893,5.559999999999945,0.13129496402878155,2.619999999999891,3.3414999999999964,0.284,-1.0,,,12,4,8.0,2022
2022-08-29 12:00:00+00:00|-1.0|sess_comp_exp_follow_london_h12_q0.3_tp06_sl065,2022-08-29 12:00:00+00:00,STAGE28A,data/reports/stage28a_discovery_factory_batch_runner/stage28a_exact_trades.csv,session_compression_expansion_v1,sess_comp_exp_follow_london_h12_q0.3_tp06_sl065,0.686200000000008,-0.3637999999999919,-1.0637999999999916,0,0,0,0,0.3637999999999919,3.8599999999999,15.049999999999955,0.7495016611295685,5.519999999999982,0.24456521739132986,2.8599999999999,4.907999999999982,0.972,-1.0,,,12,0,8.0,2022
2022-09-02 12:00:00+00:00|1.0|sess_comp_exp_follow_london_h12_q0.3_tp06_sl065,2022-09-02 12:00:00+00:00,STAGE28A,data/reports/stage28a_discovery_factory_batch_runner/stage28a_exact_trades.csv,session_compression_expansion_v1,sess_comp_exp_follow_london_h12_q0.3_tp06_sl065,0.4518999999999323,-0.5981000000000676,-1.298100000000067,0,0,0,0,0.5981000000000676,22.61999999999989,5.330000000000155,0.7448405253283137,8.539999999999964,0.8723653395784368,2.519999999999982,3.678000000000009,0.488,1.0,,,12,4,9.0,2022
2022-09-05 12:00:00+00:00|-1.0|sess_comp_exp_follow_london_h12_q0.3_tp06_sl065,2022-09-05 12:00:00+00:00,STAGE28A,data/reports/stage28a_discovery_factory_batch_runner/stage28a_exact_trades.csv,session_compression_expansion_v1,sess_comp_exp_follow_london_h12_q0.3_tp06_sl065,-1.5125249999999597,-2.5625249999999595,-3.2625249999999597,0,0,0,0,2.5625249999999595,1.9400000000000546,5.160000000000082,0.354651162790722,6.2999999999999545,0.3365079365079216,3.380000000000109,3.6535000000000197,0.424,-1.0,,,12,0,9.0,2022
2022-09-13 12:00:00+00:00|1.0|sess_comp_exp_follow_london_h12_q0.3_tp06_sl065,2022-09-13 12:00:00+00:00,STAGE28A,data/reports/stage28a_discovery_factory_batch_runner/stage28a_exact_trades.csv,session_compression_expansion_v1,sess_comp_exp_follow_london_h12_q0.3_tp06_sl065,0.6541000000001077,-0.3958999999998922,-1.095899999999892,0,0,0,0,0.3958999999998922,23.170000000000073,6.830000000000155,0.5710102489019038,8.160000000000082,0.6580882352940977,4.1400000000001,3.6080000000000156,0.256,1.0,,,12,1,9.0,2022
2022-10-03 12:00:00+00:00|-1.0|sess_comp_exp_follow_london_h12_q0.3_tp06_sl065,2022-10-03 12:00:00+00:00,STAGE28A,data/reports/stage28a_discovery_factory_batch_runner/stage28a_exact_trades.csv,session_compression_expansion_v1,sess_comp_exp_follow_london_h12_q0.3_tp06_sl065,1.0668999999999411,0.0168999999999415,-0.6831000000000582,1,0,0,0,0.0168999999999415,4.540000000000191,8.75,0.07314285714286857,8.669999999999845,0.26758938869665255,4.569999999999936,4.359000000000037,0.312,-1.0,,,12,0,10.0,2022
2022-10-07 12:00:00+00:00|1.0|sess_comp_exp_follow_london_h12_q0.3_tp06_sl065,2022-10-07 12:00:00+00:00,STAGE28A,data/reports/stage28a_discovery_factory_batch_runner/stage28a_exact_trades.csv,session_compression_expansion_v1,sess_comp_exp_follow_london_h12_q0.3_tp06_sl065,-1.7462000000001354,-2.7962000000001352,-3.496200000000135,0,0,0,0,2.7962000000001352,18.649999999999864,4.269999999999982,0.4637002341920437,6.3900000000001,0.45539906103283395,4.350000000000136,3.736000000000024,0.008,1.0,,,12,4,10.0,2022
2022-11-02 12:00:00+00:00|1.0|sess_comp_exp_follow_london_h12_q0.3_tp06_sl065,2022-11-02 12:00:00+00:00,STAGE28A,data/reports/stage28a_discovery_factory_batch_runner/stage28a_exact_trades.csv,session_compression_expansion_v1,sess_comp_exp_follow_london_h12_q0.3_tp06_sl065,0.6850000000000819,-0.364999999999918,-1.0649999999999178,0,0,0,0,0.364999999999918,26.399999999999864,7.350000000000136,0.31292517006801523,7.3599999999999,0.6983695652174144,4.3599999999999,3.5644999999999643,0.06,1.0,,,12,2,11.0,2022
2022-11-08 12:00:00+00:00|1.0|sess_comp_exp_follow_london_h12_q0.3_tp06_sl065,2022-11-08 12:00:00+00:00,STAGE28A,data/reports/stage28a_discovery_factory_batch_runner/stage28a_exact_trades.csv,session_compression_expansion_v1,sess_comp_exp_follow_london_h12_q0.3_tp06_sl065,-1.6860749999999372,-2.736074999999937,-3.4360749999999367,0,0,0,0,2.736074999999937,14.930000000000064,7.279999999999973,0.5508241758241766,7.3599999999999,0.04347826086955716,6.930000000000064,3.2815000000000056,0.048,1.0,,,12,1,11.0,2022
2022-11-18 12:00:00+00:00|1.0|sess_comp_exp_follow_london_h12_q0.3_tp06_sl065,2022-11-18 12:00:00+00:00,STAGE28A,data/reports/stage28a_discovery_factory_batch_runner/stage28a_exact_trades.csv,session_compression_expansion_v1,sess_comp_exp_follow_london_h12_q0.3_tp06_sl065,0.8842000000001008,-0.1657999999998991,-0.8657999999998989,0,0,0,0,0.1657999999998991,20.269999999999982,6.349999999999909,0.3889763779527658,6.980000000000018,0.37392550143264947,6.980000000000018,3.39200000000003,0.048,1.0,,,12,4,11.0,2022
2022-11-24 12:00:00+00:00|1.0|sess_comp_exp_follow_london_h12_q0.3_tp06_sl065,2022-11-24 12:00:00+00:00,STAGE28A,data/reports/stage28a_discovery_factory_batch_runner/stage28a_exact_trades.csv,session_compression_expansion_v1,sess_comp_exp_follow_london_h12_q0.3_tp06_sl065,-1.4416749999998957,-2.4916749999998955,-3.1916749999998952,0,0,0,0,2.4916749999998955,27.230000000000018,7.830000000000155,0.43550446998720144,6.160000000000082,0.07142857142857933,2.5799999999999272,3.7930000000000064,0.204,1.0,,,12,3,11.0,2022
2022-11-29 12:00:00+00:00|1.0|sess_comp_exp_follow_london_h12_q0.3_tp06_sl065,2022-11-29 12:00:00+00:00,STAGE28A,data/reports/stage28a_discovery_factory_batch_runner/stage28a_exact_trades.csv,session_compression_expansion_v1,sess_comp_exp_follow_london_h12_q0.3_tp06_sl065,0.8428000000000339,-0.207199999999966,-0.9071999999999658,0,0,0,0,0.207199999999966,24.059999999999945,14.629999999999882,0.8523581681476505,7.559999999999945,0.19312169312169933,5.570000000000164,3.8889999999999647,0.388,1.0,,,12,1,11.0,2022
2022-12-02 12:00:00+00:00|1.0|sess_comp_exp_follow_london_h12_q0.3_tp06_sl065,2022-12-02 12:00:00+00:00,STAGE28A,data/reports/stage28a_discovery_factory_batch_runner/stage28a_exact_trades.csv,session_compression_expansion_v1,sess_comp_exp_follow_london_h12_q0.3_tp06_sl065,-1.4926999999998771,-2.542699999999877,-3.2426999999998767,0,0,0,0,2.542699999999877,35.86999999999989,8.8599999999999,0.5575620767494481,6.7000000000000455,0.41641791044775295,2.7000000000000455,4.061000000000012,0.572,1.0,,,12,4,12.0,2022
2022-12-06 12:00:00+00:00|-1.0|sess_comp_exp_follow_london_h12_q0.3_tp06_sl065,2022-12-06 12:00:00+00:00,STAGE28A,data/reports/stage28a_discovery_factory_batch_runner/stage28a_exact_trades.csv,session_compression_expansion_v1,sess_comp_exp_follow_london_h12_q0.3_tp06_sl065,1.0039000000000668,-0.0460999999999329,-0.7460999999999327,0,0,0,0,0.0460999999999329,44.12999999999988,8.799999999999955,0.35454545454544395,7.7800000000002,0.16709511568125301,3.3500000000001364,4.536500000000046,0.656,-1.0,,,12,1,12.0,2022
2022-12-07 12:00:00+00:00|1.0|sess_comp_exp_follow_london_h12_q0.3_tp06_sl065,2022-12-07 12:00:00+00:00,STAGE28A,data/reports/stage28a_discovery_factory_batch_runner/stage28a_exact_trades.csv,session_compression_expansion_v1,sess_comp_exp_follow_london_h12_q0.3_tp06_sl065,-1.6587749999999688,-2.7087749999999686,-3.4087749999999684,0,0,0,0,2.7087749999999686,13.570000000000164,6.420000000000073,0.015576323987524598,6.230000000000018,0.2616372391653093,4.150000000000091,3.344999999999993,0.208,1.0,,,12,2,12.0,2022
2022-12-08 12:00:00+00:00|-1.0|sess_comp_exp_follow_london_h12_q0.3_tp06_sl065,2022-12-08 12:00:00+00:00,STAGE28A,data/reports/stage28a_discovery_factory_batch_runner/stage28a_exact_trades.csv,session_compression_expansion_v1,sess_comp_exp_follow_london_h12_q0.3_tp06_sl065,0.5998000000000957,-0.4501999999999042,-1.150199999999904,0,0,0,0,0.4501999999999042,21.769999999999982,6.779999999999973,0.5176991150442485,5.3900000000001,0.03710575139143124,3.400000000000091,4.118499999999995,0.452,-1.0,,,12,3,12.0,2022
2022-12-12 12:00:00+00:00|1.0|sess_comp_exp_follow_london_h12_q0.3_tp06_sl065,2022-12-12 12:00:00+00:00,STAGE28A,data/reports/stage28a_discovery_factory_batch_runner/stage28a_exact_trades.csv,session_compression_expansion_v1,sess_comp_exp_follow_london_h12_q0.3_tp06_sl065,-1.4641000000000075,-2.514100000000008,-3.2141000000000077,0,0,0,0,2.514100000000008,2.3400000000001455,10.309999999999945,0.7332686711930151,7.329999999999927,0.6889495225102326,2.8099999999999454,3.919000000000017,0.34,1.0,,,12,0,12.0,2022
2022-12-13 12:00:00+00:00|1.0|sess_comp_exp_follow_london_h12_q0.3_tp06_sl065,2022-12-13 12:00:00+00:00,STAGE28A,data/reports/stage28a_discovery_factory_batch_runner/stage28a_exact_trades.csv,session_compression_expansion_v1,sess_comp_exp_follow_london_h12_q0.3_tp06_sl065,0.6913000000000921,-0.3586999999999078,-1.0586999999999076,0,0,0,0,0.3586999999999078,19.5,6.0900000000001455,0.08702791461411495,6.180000000000064,0.7508090614886448,2.9500000000000455,3.1980000000000475,0.036,1.0,,,12,1,12.0,2022
2022-12-14 12:00:00+00:00|-1.0|sess_comp_exp_follow_london_h12_q0.3_tp06_sl065,2022-12-14 12:00:00+00:00,STAGE28A,data/reports/stage28a_discovery_factory_batch_runner/stage28a_exact_trades.csv,session_compression_expansion_v1,sess_comp_exp_follow_london_h12_q0.3_tp06_sl065,-1.5294250000000376,-2.5794250000000374,-3.279425000000037,0,0,0,0,2.5794250000000374,44.50999999999999,4.470000000000027,0.1342281879194419,6.720000000000027,0.029761904761877574,2.5399999999999636,4.634000000000026,0.624,-1.0,,,12,2,12.0,2022
2022-12-21 12:00:00+00:00|-1.0|sess_comp_exp_follow_london_h12_q0.3_tp06_sl065,2022-12-21 12:00:00+00:00,STAGE28A,data/reports/stage28a_discovery_factory_batch_runner/stage28a_exact_trades.csv,session_compression_expansion_v1,sess_comp_exp_follow_london_h12_q0.3_tp06_sl065,0.7518999999998869,-0.298100000000113,-0.9981000000001128,0,0,0,0,0.298100000000113,36.52999999999997,6.380000000000109,0.49999999999996436,5.369999999999891,0.1787709497206808,3.2899999999999636,3.5725000000000025,0.344,-1.0,,,12,2,12.0,2022
2022-12-22 12:00:00+00:00|-1.0|sess_comp_exp_follow_london_h12_q0.3_tp06_sl065,2022-12-22 12:00:00+00:00,STAGE28A,data/reports/stage28a_discovery_factory_batch_runner/stage28a_exact_trades.csv,session_compression_expansion_v1,sess_comp_exp_follow_london_h12_q0.3_tp06_sl065,0.7029999999998836,-0.3470000000001163,-1.047000000000116,0,0,0,0,0.3470000000001163,11.930000000000064,6.889999999999873,0.7735849056603811,6.740000000000009,0.827893175074172,3.1700000000000728,3.2569999999999935,0.164,-1.0,,,12,3,12.0,2022
2022-12-23 12:00:00+00:00|1.0|sess_comp_exp_follow_london_h12_q0.3_tp06_sl065,2022-12-23 12:00:00+00:00,STAGE28A,data/reports/stage28a_discovery_factory_batch_runner/stage28a_exact_trades.csv,session_compression_expansion_v1,sess_comp_exp_follow_london_h12_q0.3_tp06_sl065,0.636699999999928,-0.4133000000000719,-1.1133000000000717,0,0,0,0,0.4133000000000719,35.58999999999992,4.270000000000209,0.33255269320843167,4.830000000000155,0.780538302277404,3.240000000000009,3.861500000000035,0.44,1.0,,,12,4,12.0,2022
2022-12-27 12:00:00+00:00|1.0|sess_comp_exp_follow_london_h12_q0.3_tp06_sl065,2022-12-27 12:00:00+00:00,STAGE28A,data/reports/stage28a_discovery_factory_batch_runner/stage28a_exact_trades.csv,session_compression_expansion_v1,sess_comp_exp_follow_london_h12_q0.3_tp06_sl065,-1.3464500000000954,-2.3964500000000952,-3.096450000000095,0,0,0,0,2.3964500000000952,4.339999999999918,6.7999999999999545,0.47205882352938683,6.039999999999964,0.6026490066225367,3.480000000000018,3.3944999999999594,0.256,1.0,,,12,1,12.0,2022
2022-12-29 12:00:00+00:00|-1.0|sess_comp_exp_follow_london_h12_q0.3_tp06_sl065,2022-12-29 12:00:00+00:00,STAGE28A,data/reports/stage28a_discovery_factory_batch_runner/stage28a_exact_trades.csv,session_compression_expansion_v1,sess_comp_exp_follow_london_h12_q0.3_tp06_sl065,-1.4410249999999452,-2.491024999999945,-3.1910249999999447,0,0,0,0,2.491024999999945,17.580000000000155,5.630000000000109,0.5772646536411966,7.6099999999999,0.4809461235216692,3.240000000000009,3.5114999999999896,0.3,-1.0,,,12,3,12.0,2022
2023-01-06 12:00:00+00:00|-1.0|sess_comp_exp_follow_london_h12_q0.3_tp06_sl065,2023-01-06 12:00:00+00:00,STAGE28A,data/reports/stage28a_discovery_factory_batch_runner/stage28a_exact_trades.csv,session_compression_expansion_v1,sess_comp_exp_follow_london_h12_q0.3_tp06_sl065,0.7515999999999622,-0.2984000000000377,-0.9984000000000376,0,0,0,0,0.2984000000000377,33.99000000000001,10.930000000000064,0.4858188472095073,7.370000000000118,0.18724559023067666,4.150000000000091,4.134499999999991,0.504,-1.0,,,12,4,1.0,2023
2023-01-10 12:00:00+00:00|1.0|sess_comp_exp_follow_london_h12_q0.3_tp06_sl065,2023-01-10 12:00:00+00:00,STAGE28A,data/reports/stage28a_discovery_factory_batch_runner/stage28a_exact_trades.csv,session_compression_expansion_v1,sess_comp_exp_follow_london_h12_q0.3_tp06_sl065,0.7867000000000189,-0.263299999999981,-0.9632999999999808,0,0,0,0,0.263299999999981,15.169999999999845,8.11999999999989,0.10467980295568323,6.699999999999818,0.5716417910447807,2.8099999999999454,4.252999999999952,0.428,1.0,,,12,1,1.0,2023
2023-01-12 12:00:00+00:00|-1.0|sess_comp_exp_follow_london_h12_q0.3_tp06_sl065,2023-01-12 12:00:00+00:00,STAGE28A,data/reports/stage28a_discovery_factory_batch_runner/stage28a_exact_trades.csv,session_compression_expansion_v1,sess_comp_exp_follow_london_h12_q0.3_tp06_sl065,-1.3132999999998902,-2.36329999999989,-3.0632999999998898,0,0,0,0,2.36329999999989,19.480000000000018,10.3599999999999,0.7268339768339812,5.509999999999991,0.032667876588033384,4.269999999999982,3.481499999999971,0.096,-1.0,,,12,3,1.0,2023
2023-01-27 12:00:00+00:00|1.0|sess_comp_exp_follow_london_h12_q0.3_tp06_sl065,2023-01-27 12:00:00+00:00,STAGE28A,data/reports/stage28a_discovery_factory_batch_runner/stage28a_exact_trades.csv,session_compression_expansion_v1,sess_comp_exp_follow_london_h12_q0.3_tp06_sl065,-1.540475000000106,-2.5904750000001058,-3.290475000000105,0,0,0,0,2.5904750000001058,30.470000000000027,15.069999999999936,0.6084936960849444,7.829999999999927,0.8735632183908023,3.6700000000000728,5.045999999999981,0.668,1.0,,,12,4,1.0,2023
2023-02-01 12:00:00+00:00|-1.0|sess_comp_exp_follow_london_h12_q0.3_tp06_sl065,2023-02-01 12:00:00+00:00,STAGE28A,data/reports/stage28a_discovery_factory_batch_runner/stage28a_exact_trades.csv,session_compression_expansion_v1,sess_comp_exp_follow_london_h12_q0.3_tp06_sl065,-1.466375000000062,-2.5163750000000618,-3.216375000000061,0,0,0,0,2.5163750000000618,30.279999999999973,4.25,0.3764705882353262,5.929999999999836,0.11973018549747994,2.5900000000001455,3.1814999999999714,0.004,-1.0,,,12,2,2.0,2023
2023-02-07 12:00:00+00:00|1.0|sess_comp_exp_follow_london_h12_q0.3_tp06_sl065,2023-02-07 12:00:00+00:00,STAGE28A,data/reports/stage28a_discovery_factory_batch_runner/stage28a_exact_trades.csv,session_compression_expansion_v1,sess_comp_exp_follow_london_h12_q0.3_tp06_sl065,-1.9386000000000423,-2.988600000000042,-3.688600000000042,0,0,0,0,2.988600000000042,21.3900000000001,8.75,0.5234285714285631,6.900000000000091,0.17536231884054973,6.900000000000091,4.219999999999982,0.184,1.0,,,12,1,2.0,2023
2023-02-14 12:00:00+00:00|1.0|sess_comp_exp_follow_london_h12_q0.3_tp06_sl065,2023-02-14 12:00:00+00:00,STAGE28A,data/reports/stage28a_discovery_factory_batch_runner/stage28a_exact_trades.csv,session_compression_expansion_v1,sess_comp_exp_follow_london_h12_q0.3_tp06_sl065,0.9259000000000924,-0.1240999999999075,-0.8240999999999072,0,0,0,0,0.1240999999999075,16.13000000000011,6.519999999999982,0.5920245398773218,7.099999999999909,0.12394366197181592,4.439999999999827,3.581499999999994,0.056,1.0,,,12,1,2.0,2023
2023-02-20 12:00:00+00:00|1.0|sess_comp_exp_follow_london_h12_q0.3_tp06_sl065,2023-02-20 12:00:00+00:00,STAGE28A,data/reports/stage28a_discovery_factory_batch_runner/stage28a_exact_trades.csv,session_compression_expansion_v1,sess_comp_exp_follow_london_h12_q0.3_tp06_sl065,-1.5485999999999422,-2.598599999999942,-3.298599999999942,0,0,0,0,2.598599999999942,3.3700000000001182,7.559999999999945,0.5052910052910006,6.3599999999999,0.1289308176100549,2.5499999999999545,3.93599999999999,0.072,1.0,,,12,0,2.0,2023
2023-02-24 12:00:00+00:00|-1.0|sess_comp_exp_follow_london_h12_q0.3_tp06_sl065,2023-02-24 12:00:00+00:00,STAGE28A,data/reports/stage28a_discovery_factory_batch_runner/stage28a_exact_trades.csv,session_compression_expansion_v1,sess_comp_exp_follow_london_h12_q0.3_tp06_sl065,-1.64057499999999,-2.6905749999999897,-3.390574999999989,0,0,0,0,2.6905749999999897,16.320000000000164,6.779999999999973,0.3554572271386566,6.529999999999973,0.4992343032159272,3.9700000000000273,3.582000000000005,0.144,-1.0,,,12,4,2.0,2023
2023-02-27 12:00:00+00:00|-1.0|sess_comp_exp_follow_london_h12_q0.3_tp06_sl065,2023-02-27 12:00:00+00:00,STAGE28A,data/reports/stage28a_discovery_factory_batch_runner/stage28a_exact_trades.csv,session_compression_expansion_v1,sess_comp_exp_follow_london_h12_q0.3_tp06_sl065,-1.5089500000000045,-2.5589500000000043,-3.258950000000004,0,0,0,0,2.5589500000000043,3.119999999999891,7.599999999999909,0.32763157894737355,6.600000000000136,0.20151515151513633,2.6800000000000637,3.57349999999999,0.156,-1.0,,,12,0,2.0,2023
2023-03-02 12:00:00+00:00|-1.0|sess_comp_exp_follow_london_h12_q0.3_tp06_sl065,2023-03-02 12:00:00+00:00,STAGE28A,data/reports/stage28a_discovery_factory_batch_runner/stage28a_exact_trades.csv,session_compression_expansion_v1,sess_comp_exp_follow_london_h12_q0.3_tp06_sl065,-1.6067750000000616,-2.6567750000000614,-3.356775000000061,0,0,0,0,2.6567750000000614,21.450000000000045,7.440000000000055,0.29301075268817844,5.220000000000027,0.5363984674329387,4.190000000000055,3.603499999999997,0.26,-1.0,,,12,3,3.0,2023
2023-03-08 12:00:00+00:00|1.0|sess_comp_exp_follow_london_h12_q0.3_tp06_sl065,2023-03-08 12:00:00+00:00,STAGE28A,data/reports/stage28a_discovery_factory_batch_runner/stage28a_exact_trades.csv,session_compression_expansion_v1,sess_comp_exp_follow_london_h12_q0.3_tp06_sl065,0.5394999999999982,-0.5105000000000017,-1.2105000000000017,0,0,0,0,0.5105000000000017,38.899999999999864,5.070000000000164,0.4773175542406301,4.800000000000182,0.5312499999999704,2.2800000000002,3.4715000000000487,0.292,1.0,,,12,2,3.0,2023
2023-03-09 12:00:00+00:00|1.0|sess_comp_exp_follow_london_h12_q0.3_tp06_sl065,2023-03-09 12:00:00+00:00,STAGE28A,data/reports/stage28a_discovery_factory_batch_runner/stage28a_exact_trades.csv,session_compression_expansion_v1,sess_comp_exp_follow_london_h12_q0.3_tp06_sl065,0.5644000000001143,-0.4855999999998857,-1.1855999999998854,0,0,0,0,0.4855999999998857,14.860000000000127,4.480000000000018,0.20535714285715825,6.339999999999918,0.5883280757097896,2.8799999999998818,3.18599999999999,0.208,1.0,,,12,3,3.0,2023
2023-03-17 12:00:00+00:00|1.0|sess_comp_exp_follow_london_h12_q0.3_tp06_sl065,2023-03-17 12:00:00+00:00,STAGE28A,data/reports/stage28a_discovery_factory_batch_runner/stage28a_exact_trades.csv,session_compression_expansion_v1,sess_comp_exp_follow_london_h12_q0.3_tp06_sl065,1.161400000000094,0.1114000000000943,-0.5885999999999054,1,0,0,0,0.1114000000000943,25.8599999999999,12.769999999999982,0.8300704776820792,6.980000000000018,0.04154727793695743,4.809999999999945,4.847999999999968,0.572,1.0,,,12,4,3.0,2023
2023-04-04 12:00:00+00:00|1.0|sess_comp_exp_follow_london_h12_q0.3_tp06_sl065,2023-04-04 12:00:00+00:00,STAGE28A,data/reports/stage28a_discovery_factory_batch_runner/stage28a_exact_trades.csv,session_compression_expansion_v1,sess_comp_exp_follow_london_h12_q0.3_tp06_sl065,-1.7026500000000395,-2.75265000000004,-3.4526500000000397,0,0,0,0,2.75265000000004,40.72000000000003,7.680000000000064,0.7552083333333508,7.259999999999991,0.6680440771350059,3.9700000000000273,4.396500000000015,0.216,1.0,,,12,1,4.0,2023
2023-04-05 12:00:00+00:00|1.0|sess_comp_exp_follow_london_h12_q0.3_tp06_sl065,2023-04-05 12:00:00+00:00,STAGE28A,data/reports/stage28a_discovery_factory_batch_runner/stage28a_exact_trades.csv,session_compression_expansion_v1,sess_comp_exp_follow_london_h12_q0.3_tp06_sl065,0.850900000000047,-0.1990999999999529,-0.8990999999999527,0,0,0,0,0.1990999999999529,48.01999999999998,5.910000000000082,0.4027072758037354,6.6099999999999,0.22541603630862808,4.899999999999864,5.217000000000041,0.468,1.0,,,12,2,4.0,2023
2023-04-26 12:00:00+00:00|1.0|sess_comp_exp_follow_london_h12_q0.3_tp06_sl065,2023-04-26 12:00:00+00:00,STAGE28A,data/reports/stage28a_discovery_factory_batch_runner/stage28a_exact_trades.csv,session_compression_expansion_v1,sess_comp_exp_follow_london_h12_q0.3_tp06_sl065,-1.6002750000001016,-2.6502750000001014,-3.350275000000101,0,0,0,0,2.6502750000001014,27.710000000000036,9.230000000000018,0.37811484290357555,6.069999999999936,0.7726523887973812,2.9300000000000637,4.840999999999985,0.404,1.0,,,12,2,4.0,2023
2023-04-27 12:00:00+00:00|-1.0|sess_comp_exp_follow_london_h12_q0.3_tp06_sl065,2023-04-27 12:00:00+00:00,STAGE28A,data/reports/stage28a_discovery_factory_batch_runner/stage28a_exact_trades.csv,session_compression_expansion_v1,sess_comp_exp_follow_london_h12_q0.3_tp06_sl065,1.0251999999999497,-0.0248000000000501,-0.7248000000000498,0,0,0,0,0.0248000000000501,25.920000000000073,11.960000000000036,0.8127090301003342,6.400000000000091,0.44687499999997804,2.349999999999909,4.818500000000029,0.368,-1.0,,,12,3,4.0,2023
2023-05-02 12:00:00+00:00|-1.0|sess_comp_exp_follow_london_h12_q0.3_tp06_sl065,2023-05-02 12:00:00+00:00,STAGE28A,data/reports/stage28a_discovery_factory_batch_runner/stage28a_exact_trades.csv,session_compression_expansion_v1,sess_comp_exp_follow_london_h12_q0.3_tp06_sl065,0.7215999999999895,-0.3284000000000104,-1.0284000000000102,0,0,0,0,0.3284000000000104,28.960000000000036,4.459999999999809,0.12556053811658507,7.899999999999864,0.25949367088607467,3.8199999999999363,3.7164999999999737,0.056,-1.0,,,12,1,5.0,2023
2023-05-03 12:00:00+00:00|-1.0|sess_comp_exp_follow_london_h12_q0.3_tp06_sl065,2023-05-03 12:00:00+00:00,STAGE28A,data/reports/stage28a_discovery_factory_batch_runner/stage28a_exact_trades.csv,session_compression_expansion_v1,sess_comp_exp_follow_london_h12_q0.3_tp06_sl065,-1.4069000000000416,-2.4569000000000414,-3.156900000000041,0,0,0,0,2.4569000000000414,40.909999999999854,4.5300000000002,0.6247240618101109,6.770000000000209,0.20531757754798075,2.4300000000000637,4.608499999999992,0.342,-1.0,,,12,2,5.0,2023
2023-05-08 12:00:00+00:00|-1.0|sess_comp_exp_follow_london_h12_q0.3_tp06_sl065,2023-05-08 12:00:00+00:00,STAGE28A,data/reports/stage28a_discovery_factory_batch_runner/stage28a_exact_trades.csv,session_compression_expansion_v1,sess_comp_exp_follow_london_h12_q0.3_tp06_sl065,0.5820999999999913,-0.4679000000000086,-1.1679000000000084,0,0,0,0,0.4679000000000086,3.8199999999999363,9.689999999999827,0.8926728586171329,4.629999999999882,0.12526997840176446,3.099999999999909,4.463499999999977,0.24,-1.0,,,12,0,5.0,2023
2023-05-09 12:00:00+00:00|1.0|sess_comp_exp_follow_london_h12_q0.3_tp06_sl065,2023-05-09 12:00:00+00:00,STAGE28A,data/reports/stage28a_discovery_factory_batch_runner/stage28a_exact_trades.csv,session_compression_expansion_v1,sess_comp_exp_follow_london_h12_q0.3_tp06_sl065,-1.6071000000000368,-2.6571000000000367,-3.3571000000000364,0,0,0,0,2.6571000000000367,15.129999999999882,5.400000000000091,0.4944444444444075,7.330000000000155,0.46248294679400115,4.690000000000055,3.4920000000000413,0.08,1.0,,,12,1,5.0,2023
2023-05-10 12:00:00+00:00|-1.0|sess_comp_exp_follow_london_h12_q0.3_tp06_sl065,2023-05-10 12:00:00+00:00,STAGE28A,data/reports/stage28a_discovery_factory_batch_runner/stage28a_exact_trades.csv,session_compression_expansion_v1,sess_comp_exp_follow_london_h12_q0.3_tp06_sl065,-1.554774999999927,-2.604774999999927,-3.3047749999999265,0,0,0,0,2.604774999999927,18.029999999999973,7.679999999999836,0.5572916666667046,6.680000000000064,0.39371257485027794,5.559999999999945,3.5410000000000195,0.152,-1.0,,,12,2,5.0,2023
2023-05-12 12:00:00+00:00|-1.0|sess_comp_exp_follow_london_h12_q0.3_tp06_sl065,2023-05-12 12:00:00+00:00,STAGE28A,data/reports/stage28a_discovery_factory_batch_runner/stage28a_exact_trades.csv,session_compression_expansion_v1,sess_comp_exp_follow_london_h12_q0.3_tp06_sl065,0.9165999999999258,-0.1334000000000741,-0.8334000000000739,0,0,0,0,0.1334000000000741,30.1400000000001,8.960000000000036,0.4832589285714185,11.710000000000036,0.7532023911186941,4.220000000000027,5.039500000000009,0.552,-1.0,,,12,4,5.0,2023
2023-05-15 12:00:00+00:00|1.0|sess_comp_exp_follow_london_h12_q0.3_tp06_sl065,2023-05-15 12:00:00+00:00,STAGE28A,data/reports/stage28a_discovery_factory_batch_runner/stage28a_exact_trades.csv,session_compression_expansion_v1,sess_comp_exp_follow_london_h12_q0.3_tp06_sl065,-1.594425000000092,-2.644425000000092,-3.344425000000092,0,0,0,0,2.644425000000092,4.789999999999964,11.710000000000036,0.2613151152860748,7.720000000000027,0.3121761658031183,3.8299999999999272,4.288499999999999,0.328,1.0,,,12,0,5.0,2023
2023-05-17 12:00:00+00:00|-1.0|sess_comp_exp_follow_london_h12_q0.3_tp06_sl065,2023-05-17 12:00:00+00:00,STAGE28A,data/reports/stage28a_discovery_factory_batch_runner/stage28a_exact_trades.csv,session_compression_expansion_v1,sess_comp_exp_follow_london_h12_q0.3_tp06_sl065,0.6589000000000397,-0.3910999999999602,-1.09109999999996,0,0,0,0,0.3910999999999602,32.789999999999964,5.0,0.25599999999999457,8.180000000000064,0.892420537897298,3.1900000000000546,3.64050000000002,0.236,-1.0,,,12,2,5.0,2023
2023-06-02 12:00:00+00:00|-1.0|sess_comp_exp_follow_london_h12_q0.3_tp06_sl065,2023-06-02 12:00:00+00:00,STAGE28A,data/reports/stage28a_discovery_factory_batch_runner/stage28a_exact_trades.csv,session_compression_expansion_v1,sess_comp_exp_follow_london_h12_q0.3_tp06_sl065,-1.4887999999999466,-2.5387999999999464,-3.238799999999946,0,0,0,0,2.5387999999999464,29.720000000000027,9.389999999999873,0.55271565495209,7.849999999999909,0.2496815286624279,4.869999999999891,3.68449999999998,0.172,-1.0,,,12,4,6.0,2023
2023-06-06 12:00:00+00:00|1.0|sess_comp_exp_follow_london_h12_q0.3_tp06_sl065,2023-06-06 12:00:00+00:00,STAGE28A,data/reports/stage28a_discovery_factory_batch_runner/stage28a_exact_trades.csv,session_compression_expansion_v1,sess_comp_exp_follow_london_h12_q0.3_tp06_sl065,0.8682999999999993,-0.1817000000000006,-0.8817000000000004,0,0,0,0,0.1817000000000006,25.87000000000012,5.519999999999982,0.5851449275362371,6.670000000000073,0.4692653673163531,4.169999999999845,3.5699999999999705,0.136,1.0,,,12,1,6.0,2023
2023-06-08 12:00:00+00:00|1.0|sess_comp_exp_follow_london_h12_q0.3_tp06_sl065,2023-06-08 12:00:00+00:00,STAGE28A,data/reports/stage28a_discovery_factory_batch_runner/stage28a_exact_trades.csv,session_compression_expansion_v1,sess_comp_exp_follow_london_h12_q0.3_tp06_sl065,0.7317999999999302,-0.3182000000000697,-1.0182000000000695,0,0,0,0,0.3182000000000697,30.329999999999927,7.440000000000055,0.5349462365591383,6.319999999999936,0.011075949367078645,2.3799999999998818,4.5735000000000126,0.656,1.0,,,12,3,6.0,2023
2023-06-09 12:00:00+00:00|-1.0|sess_comp_exp_follow_london_h12_q0.3_tp06_sl065,2023-06-09 12:00:00+00:00,STAGE28A,data/reports/stage28a_discovery_factory_batch_runner/stage28a_exact_trades.csv,session_compression_expansion_v1,sess_comp_exp_follow_london_h12_q0.3_tp06_sl065,-1.198899999999958,-2.2488999999999577,-2.948899999999957,0,0,0,0,2.2488999999999577,30.90000000000009,3.25,0.7046153846153734,5.440000000000055,0.34191176470590234,2.6700000000000728,2.827000000000021,0.068,-1.0,,,12,4,6.0,2023
2023-06-13 12:00:00+00:00|1.0|sess_comp_exp_follow_london_h12_q0.3_tp06_sl065,2023-06-13 12:00:00+00:00,STAGE28A,data/reports/stage28a_discovery_factory_batch_runner/stage28a_exact_trades.csv,session_compression_expansion_v1,sess_comp_exp_follow_london_h12_q0.3_tp06_sl065,0.6066999999999553,-0.4433000000000446,-1.1433000000000444,0,0,0,0,0.4433000000000446,17.7800000000002,6.210000000000036,0.6070853462157745,7.149999999999864,0.1706293706293777,3.1599999999998545,3.764999999999975,0.416,1.0,,,12,1,6.0,2023
2023-06-14 12:00:00+00:00|1.0|sess_comp_exp_follow_london_h12_q0.3_tp06_sl065,2023-06-14 12:00:00+00:00,STAGE28A,data/reports/stage28a_discovery_factory_batch_runner/stage28a_exact_trades.csv,session_compression_expansion_v1,sess_comp_exp_follow_london_h12_q0.3_tp06_sl065,0.6916000000000168,-0.3583999999999832,-1.058399999999983,0,0,0,0,0.3583999999999832,30.730000000000018,7.240000000000009,0.7223756906077364,7.639999999999873,0.2683246073298414,2.5100000000002183,4.04100000000002,0.568,1.0,,,12,2,6.0,2023
2023-06-19 12:00:00+00:00|1.0|sess_comp_exp_follow_london_h12_q0.3_tp06_sl065,2023-06-19 12:00:00+00:00,STAGE28A,data/reports/stage28a_discovery_factory_batch_runner/stage28a_exact_trades.csv,session_compression_expansion_v1,sess_comp_exp_follow_london_h12_q0.3_tp06_sl065,0.5262999999999011,-0.5237000000000989,-1.2237000000000986,0,0,0,0,0.5237000000000989,3.0699999999999363,4.7199999999998,0.5127118644068168,8.539999999999964,0.6217798594847738,3.6799999999998363,3.65799999999997,0.304,1.0,,,12,0,6.0,2023
2023-06-21 12:00:00+00:00|-1.0|sess_comp_exp_follow_london_h12_q0.3_tp06_sl065,2023-06-21 12:00:00+00:00,STAGE28A,data/reports/stage28a_discovery_factory_batch_runner/stage28a_exact_trades.csv,session_compression_expansion_v1,sess_comp_exp_follow_london_h12_q0.3_tp06_sl065,-1.5219499999999244,-2.571949999999924,-3.271949999999924,0,0,0,0,2.571949999999924,26.99000000000001,4.149999999999864,0.10843373493977355,6.149999999999864,0.6065040650406668,2.2999999999999545,3.3879999999999653,0.256,-1.0,,,12,2,6.0,2023
2023-06-27 12:00:00+00:00|-1.0|sess_comp_exp_follow_london_h12_q0.3_tp06_sl065,2023-06-27 12:00:00+00:00,STAGE28A,data/reports/stage28a_discovery_factory_batch_runner/stage28a_exact_trades.csv,session_compression_expansion_v1,sess_comp_exp_follow_london_h12_q0.3_tp06_sl065,0.5958999999999378,-0.4541000000000621,-1.154100000000062,0,0,0,0,0.4541000000000621,11.819999999999936,9.349999999999909,0.4064171122994643,5.9500000000000455,0.724369747899145,4.4500000000000455,3.4095000000000026,0.228,-1.0,,,12,1,6.0,2023
2023-06-29 12:00:00+00:00|1.0|sess_comp_exp_follow_london_h12_q0.3_tp06_sl065,2023-06-29 12:00:00+00:00,STAGE28A,data/reports/stage28a_discovery_factory_batch_runner/stage28a_exact_trades.csv,session_compression_expansion_v1,sess_comp_exp_follow_london_h12_q0.3_tp06_sl065,0.6907000000000153,-0.3592999999999846,-1.0592999999999844,0,0,0,0,0.3592999999999846,14.339999999999918,10.029999999999973,0.4386839481555437,5.619999999999891,0.03914590747331522,3.6299999999998818,3.4644999999999984,0.316,1.0,,,12,3,6.0,2023
2023-07-04 12:00:00+00:00|1.0|sess_comp_exp_follow_london_h12_q0.3_tp06_sl065,2023-07-04 12:00:00+00:00,STAGE28A,data/reports/stage28a_discovery_factory_batch_runner/stage28a_exact_trades.csv,session_compression_expansion_v1,sess_comp_exp_follow_london_h12_q0.3_tp06_sl065,-1.2024749999999131,-2.252474999999913,-2.9524749999999127,0,0,0,0,2.252474999999913,20.950000000000045,3.6399999999998727,0.4807692307692476,7.9099999999998545,0.8609355246523765,3.0699999999999363,2.6360000000000015,0.012,1.0,,,12,1,7.0,2023
2023-07-05 12:00:00+00:00|1.0|sess_comp_exp_follow_london_h12_q0.3_tp06_sl065,2023-07-05 12:00:00+00:00,STAGE28A,data/reports/stage28a_discovery_factory_batch_runner/stage28a_exact_trades.csv,session_compression_expansion_v1,sess_comp_exp_follow_london_h12_q0.3_tp06_sl065,-1.2782000000000608,-2.3282000000000607,-3.0282000000000604,0,0,0,0,2.3282000000000607,10.940000000000055,3.9700000000000273,0.42821158690177175,8.25,0.5624242424242546,2.9200000000000728,2.435000000000025,0.092,1.0,,,12,2,7.0,2023
2023-07-06 12:00:00+00:00|-1.0|sess_comp_exp_follow_london_h12_q0.3_tp06_sl065,2023-07-06 12:00:00+00:00,STAGE28A,data/reports/stage28a_discovery_factory_batch_runner/stage28a_exact_trades.csv,session_compression_expansion_v1,sess_comp_exp_follow_london_h12_q0.3_tp06_sl065,-1.2249000000000252,-2.274900000000025,-2.9749000000000247,0,0,0,0,2.274900000000025,20.289999999999964,5.2000000000000455,0.3557692307692102,5.379999999999882,0.15055762081783702,3.660000000000082,3.276999999999987,0.276,-1.0,,,12,3,7.0,2023
2023-07-07 12:00:00+00:00|1.0|sess_comp_exp_follow_london_h12_q0.3_tp06_sl065,2023-07-07 12:00:00+00:00,STAGE28A,data/reports/stage28a_discovery_factory_batch_runner/stage28a_exact_trades.csv,session_compression_expansion_v1,sess_comp_exp_follow_london_h12_q0.3_tp06_sl065,0.461200000000099,-0.588799999999901,-1.2887999999999007,0,0,0,0,0.588799999999901,24.910000000000082,2.8099999999999454,0.049822064056895154,6.5499999999999545,0.7709923664122121,2.4300000000000637,2.966000000000008,0.184,1.0,,,12,4,7.0,2023
2023-07-10 12:00:00+00:00|1.0|sess_comp_exp_follow_london_h12_q0.3_tp06_sl065,2023-07-10 12:00:00+00:00,STAGE28A,data/reports/stage28a_discovery_factory_batch_runner/stage28a_exact_trades.csv,session_compression_expansion_v1,sess_comp_exp_follow_london_h12_q0.3_tp06_sl065,0.5020000000000892,-0.5479999999999108,-1.2479999999999103,0,0,0,0,0.5479999999999108,4.289999999999964,5.559999999999945,0.3992805755395772,6.920000000000073,0.0765895953757178,2.9400000000000546,4.028499999999997,0.76,1.0,,,12,0,7.0,2023
2023-07-12 12:00:00+00:00|-1.0|sess_comp_exp_follow_london_h12_q0.3_tp06_sl065,2023-07-12 12:00:00+00:00,STAGE28A,data/reports/stage28a_discovery_factory_batch_runner/stage28a_exact_trades.csv,session_compression_expansion_v1,sess_comp_exp_follow_london_h12_q0.3_tp06_sl065,-1.296725000000015,-2.346725000000015,-3.0467250000000146,0,0,0,0,2.346725000000015,14.170000000000073,8.88000000000011,0.5833333333333334,6.5,0.4799999999999832,2.769999999999982,2.596000000000015,0.132,-1.0,,,12,2,7.0,2023
2023-07-17 12:00:00+00:00|1.0|sess_comp_exp_follow_london_h12_q0.3_tp06_sl065,2023-07-17 12:00:00+00:00,STAGE28A,data/reports/stage28a_discovery_factory_batch_runner/stage28a_exact_trades.csv,session_compression_expansion_v1,sess_comp_exp_follow_london_h12_q0.3_tp06_sl065,0.6868000000000848,-0.3631999999999151,-1.0631999999999149,0,0,0,0,0.3631999999999151,2.8300000000001546,4.990000000000009,0.1923847695390851,8.600000000000136,0.7697674418604666,5.5,3.594999999999982,0.596,1.0,,,12,0,7.0,2023
2023-07-18 12:00:00+00:00|1.0|sess_comp_exp_follow_london_h12_q0.3_tp06_sl065,2023-07-18 12:00:00+00:00,STAGE28A,data/reports/stage28a_discovery_factory_batch_runner/stage28a_exact_trades.csv,session_compression_expansion_v1,sess_comp_exp_follow_london_h12_q0.3_tp06_sl065,0.5854000000000724,-0.4645999999999275,-1.1645999999999272,0,0,0,0,0.4645999999999275,14.089999999999918,6.839999999999918,0.7046783625730986,6.329999999999927,0.513428120063197,2.5,2.645000000000016,0.152,1.0,,,12,1,7.0,2023
2023-07-25 12:00:00+00:00|1.0|sess_comp_exp_follow_london_h12_q0.3_tp06_sl065,2023-07-25 12:00:00+00:00,STAGE28A,data/reports/stage28a_discovery_factory_batch_runner/stage28a_exact_trades.csv,session_compression_expansion_v1,sess_comp_exp_follow_london_h12_q0.3_tp06_sl065,-1.513825000000088,-2.563825000000088,-3.263825000000088,0,0,0,0,2.563825000000088,14.429999999999836,10.349999999999909,0.6434782608695568,4.730000000000018,0.12262156448201375,4.0,3.1965000000000146,0.244,1.0,,,12,1,7.0,2023
2023-07-31 12:00:00+00:00|-1.0|sess_comp_exp_follow_london_h12_q0.3_tp06_sl065,2023-07-31 12:00:00+00:00,STAGE28A,data/reports/stage28a_discovery_factory_batch_runner/stage28a_exact_trades.csv,session_compression_expansion_v1,sess_comp_exp_follow_london_h12_q0.3_tp06_sl065,-1.382525000000078,-2.4325250000000778,-3.132525000000077,0,0,0,0,2.4325250000000778,2.269999999999982,6.829999999999927,0.806734992679363,6.0499999999999545,0.3884297520661036,4.789999999999964,3.178000000000054,0.168,-1.0,,,12,0,7.0,2023
2023-08-02 12:00:00+00:00|1.0|sess_comp_exp_follow_london_h12_q0.3_tp06_sl065,2023-08-02 12:00:00+00:00,STAGE28A,data/reports/stage28a_discovery_factory_batch_runner/stage28a_exact_trades.csv,session_compression_expansion_v1,sess_comp_exp_follow_london_h12_q0.3_tp06_sl065,-1.4270500000000994,-2.4770500000000992,-3.177050000000099,0,0,0,0,2.4770500000000992,24.850000000000136,8.789999999999964,0.2104664391353975,6.620000000000118,0.055891238670711725,3.519999999999982,3.4915000000000305,0.36,1.0,,,12,2,8.0,2023
2023-08-04 12:00:00+00:00|-1.0|sess_comp_exp_follow_london_h12_q0.3_tp06_sl065,2023-08-04 12:00:00+00:00,STAGE28A,data/reports/stage28a_discovery_factory_batch_runner/stage28a_exact_trades.csv,session_compression_expansion_v1,sess_comp_exp_follow_london_h12_q0.3_tp06_sl065,0.5554000000000997,-0.4945999999999002,-1.1945999999999,0,0,0,0,0.4945999999999002,9.400000000000091,4.379999999999882,0.052511415525119724,5.3599999999999,0.3264925373134389,1.5499999999999545,2.9695000000000165,0.084,-1.0,,,12,4,8.0,2023
2023-08-07 12:00:00+00:00|-1.0|sess_comp_exp_follow_london_h12_q0.3_tp06_sl065,2023-08-07 12:00:00+00:00,STAGE28A,data/reports/stage28a_discovery_factory_batch_runner/stage28a_exact_trades.csv,session_compression_expansion_v1,sess_comp_exp_follow_london_h12_q0.3_tp06_sl065,0.5622999999999593,-0.4877000000000406,-1.1877000000000404,0,0,0,0,0.4877000000000406,4.6400000000001,8.450000000000045,0.5254437869822521,5.220000000000027,0.9501915708812281,2.3400000000001455,3.22349999999999,0.192,-1.0,,,12,0,8.0,2023
2023-08-08 12:00:00+00:00|1.0|sess_comp_exp_follow_london_h12_q0.3_tp06_sl065,2023-08-08 12:00:00+00:00,STAGE28A,data/reports/stage28a_discovery_factory_batch_runner/stage28a_exact_trades.csv,session_compression_expansion_v1,sess_comp_exp_follow_london_h12_q0.3_tp06_sl065,0.5674000000000433,-0.4825999999999566,-1.1825999999999564,0,0,0,0,0.4825999999999566,15.170000000000073,6.919999999999845,0.42774566473986636,5.420000000000073,0.3487084870848427,4.539999999999964,3.052500000000009,0.144,1.0,,,12,1,8.0,2023
2023-08-09 12:00:00+00:00|-1.0|sess_comp_exp_follow_london_h12_q0.3_tp06_sl065,2023-08-09 12:00:00+00:00,STAGE28A,data/reports/stage28a_discovery_factory_batch_runner/stage28a_exact_trades.csv,session_compression_expansion_v1,sess_comp_exp_follow_london_h12_q0.3_tp06_sl065,0.4482999999999265,-0.6017000000000734,-1.3017000000000731,0,0,0,0,0.6017000000000734,15.22999999999979,6.5900000000001455,0.7799696509863409,6.440000000000055,0.6024844720497012,3.2799999999999727,2.73900000000001,0.044,-1.0,,,12,2,8.0,2023
2023-08-10 12:00:00+00:00|1.0|sess_comp_exp_follow_london_h12_q0.3_tp06_sl065,2023-08-10 12:00:00+00:00,STAGE28A,data/reports/stage28a_discovery_factory_batch_runner/stage28a_exact_trades.csv,session_compression_expansion_v1,sess_comp_exp_follow_london_h12_q0.3_tp06_sl065,0.5769999999999073,-0.4730000000000927,-1.1730000000000924,0,0,0,0,0.4730000000000927,18.330000000000155,4.660000000000082,0.5021459227467547,6.099999999999909,0.377049180327867,2.6099999999999,2.8049999999999953,0.092,1.0,,,12,3,8.0,2023
2023-08-11 12:00:00+00:00|1.0|sess_comp_exp_follow_london_h12_q0.3_tp06_sl065,2023-08-11 12:00:00+00:00,STAGE28A,data/reports/stage28a_discovery_factory_batch_runner/stage28a_exact_trades.csv,session_compression_expansion_v1,sess_comp_exp_follow_london_h12_q0.3_tp06_sl065,0.3885999999999058,-0.6614000000000941,-1.361400000000094,0,0,0,0,0.6614000000000941,17.99000000000001,5.129999999999882,0.3781676413255554,7.240000000000009,0.46685082872926487,3.240000000000009,3.4129999999999883,0.408,1.0,,,12,4,8.0,2023
2023-08-14 12:00:00+00:00|1.0|sess_comp_exp_follow_london_h12_q0.3_tp06_sl065,2023-08-14 12:00:00+00:00,STAGE28A,data/reports/stage28a_discovery_factory_batch_runner/stage28a_exact_trades.csv,session_compression_expansion_v1,sess_comp_exp_follow_london_h12_q0.3_tp06_sl065,-1.2359500000000936,-2.2859500000000934,-2.985950000000093,0,0,0,0,2.2859500000000934,2.990000000000009,5.099999999999909,0.18235294117648632,5.559999999999945,0.24280575539566948,2.3599999999999,2.8954999999999926,0.172,1.0,,,12,0,8.0,2023
2023-08-15 12:00:00+00:00|-1.0|sess_comp_exp_follow_london_h12_q0.3_tp06_sl065,2023-08-15 12:00:00+00:00,STAGE28A,data/reports/stage28a_discovery_factory_batch_runner/stage28a_exact_trades.csv,session_compression_expansion_v1,sess_comp_exp_follow_london_h12_q0.3_tp06_sl065,-1.2135249999999815,-2.2635249999999814,-2.963524999999981,0,0,0,0,2.2635249999999814,13.519999999999982,4.5,0.015555555555541408,4.460000000000036,0.5874439461883625,2.1299999999998818,3.0140000000000216,0.288,-1.0,,,12,1,8.0,2023
2023-08-16 12:00:00+00:00|1.0|sess_comp_exp_follow_london_h12_q0.3_tp06_sl065,2023-08-16 12:00:00+00:00,STAGE28A,data/reports/stage28a_discovery_factory_batch_runner/stage28a_exact_trades.csv,session_compression_expansion_v1,sess_comp_exp_follow_london_h12_q0.3_tp06_sl065,-1.0978249999999208,-2.1478249999999206,-2.8478249999999203,0,0,0,0,2.1478249999999206,15.230000000000018,5.009999999999991,0.5209580838323616,4.4500000000000455,0.45168539325842033,2.269999999999982,2.9440000000000053,0.22,1.0,,,12,2,8.0,2023
2023-08-17 12:00:00+00:00|1.0|sess_comp_exp_follow_london_h12_q0.3_tp06_sl065,2023-08-17 12:00:00+00:00,STAGE28A,data/reports/stage28a_discovery_factory_batch_runner/stage28a_exact_trades.csv,session_compression_expansion_v1,sess_comp_exp_follow_london_h12_q0.3_tp06_sl065,0.3580000000000837,-0.6919999999999162,-1.391999999999916,0,0,0,0,0.6919999999999162,15.420000000000073,5.419999999999845,0.30442804428046827,5.570000000000164,0.45960502692995875,2.689999999999827,2.992000000000007,0.344,1.0,,,12,3,8.0,2023
2023-08-18 12:00:00+00:00|-1.0|sess_comp_exp_follow_london_h12_q0.3_tp06_sl065,2023-08-18 12:00:00+00:00,STAGE28A,data/reports/stage28a_discovery_factory_batch_runner/stage28a_exact_trades.csv,session_compression_expansion_v1,sess_comp_exp_follow_london_h12_q0.3_tp06_sl065,-1.1429999999998928,-2.1929999999998926,-2.8929999999998923,0,0,0,0,2.1929999999998926,18.539999999999964,6.210000000000036,0.4541062801932238,2.9199999999998454,0.04452054794516735,2.1900000000000546,2.9649999999999865,0.312,-1.0,,,12,4,8.0,2023
2023-08-21 12:00:00+00:00|-1.0|sess_comp_exp_follow_london_h12_q0.3_tp06_sl065,2023-08-21 12:00:00+00:00,STAGE28A,data/reports/stage28a_discovery_factory_batch_runner/stage28a_exact_trades.csv,session_compression_expansion_v1,sess_comp_exp_follow_london_h12_q0.3_tp06_sl065,-1.274299999999903,-2.3242999999999028,-3.0242999999999025,0,0,0,0,2.3242999999999028,2.060000000000173,8.830000000000155,0.15288788221971833,6.619999999999891,0.32326283987917453,1.8599999999999,3.2295000000000185,0.632,-1.0,,,12,0,8.0,2023
2023-08-23 12:00:00+00:00|1.0|sess_comp_exp_follow_london_h12_q0.3_tp06_sl065,2023-08-23 12:00:00+00:00,STAGE28A,data/reports/stage28a_discovery_factory_batch_runner/stage28a_exact_trades.csv,session_compression_expansion_v1,sess_comp_exp_follow_london_h12_q0.3_tp06_sl065,-1.3006249999999455,-2.3506249999999453,-3.050624999999945,0,0,0,0,2.3506249999999453,15.450000000000045,5.879999999999882,0.6309523809523998,4.910000000000082,0.25050916496944964,2.0,2.411000000000024,0.056,1.0,,,12,2,8.0,2023
2023-08-24 12:00:00+00:00|-1.0|sess_comp_exp_follow_london_h12_q0.3_tp06_sl065,2023-08-24 12:00:00+00:00,STAGE28A,data/reports/stage28a_discovery_factory_batch_runner/stage28a_exact_trades.csv,session_compression_expansion_v1,sess_comp_exp_follow_london_h12_q0.3_tp06_sl065,0.5469999999999345,-0.5030000000000654,-1.2030000000000651,0,0,0,0,0.5030000000000654,23.429999999999836,6.710000000000036,0.5722801788375744,3.6400000000001,0.36263736263739765,2.480000000000018,2.926999999999964,0.308,-1.0,,,12,3,8.0,2023
2023-08-25 12:00:00+00:00|1.0|sess_comp_exp_follow_london_h12_q0.3_tp06_sl065,2023-08-25 12:00:00+00:00,STAGE28A,data/reports/stage28a_discovery_factory_batch_runner/stage28a_exact_trades.csv,session_compression_expansion_v1,sess_comp_exp_follow_london_h12_q0.3_tp06_sl065,0.4276000000001204,-0.6223999999998795,-1.3223999999998792,0,0,0,0,0.6223999999998795,11.639999999999873,4.470000000000027,0.7919463087248192,5.199999999999818,0.5307692307692475,2.1599999999998545,2.415000000000009,0.072,1.0,,,12,4,8.0,2023
2023-08-28 12:00:00+00:00|-1.0|sess_comp_exp_follow_london_h12_q0.3_tp06_sl065,2023-08-28 12:00:00+00:00,STAGE28A,data/reports/stage28a_discovery_factory_batch_runner/stage28a_exact_trades.csv,session_compression_expansion_v1,sess_comp_exp_follow_london_h12_q0.3_tp06_sl065,0.3598000000000866,-0.6901999999999133,-1.390199999999913,0,0,0,0,0.6901999999999133,1.490000000000009,3.0700000000001637,0.4364820846905038,4.259999999999991,0.5023474178403468,1.7800000000002,3.2365000000000124,0.664,-1.0,,,12,0,8.0,2023
2023-08-29 12:00:00+00:00|-1.0|sess_comp_exp_follow_london_h12_q0.3_tp06_sl065,2023-08-29 12:00:00+00:00,STAGE28A,data/reports/stage28a_discovery_factory_batch_runner/stage28a_exact_trades.csv,session_compression_expansion_v1,sess_comp_exp_follow_london_h12_q0.3_tp06_sl065,0.3346000000000458,-0.7153999999999541,-1.4153999999999538,0,0,0,0,0.7153999999999541,13.430000000000064,6.25,0.7584000000000014,3.9300000000000637,0.2646310432569839,2.009999999999991,2.5430000000000517,0.16,-1.0,,,12,1,8.0,2023
2023-08-30 12:00:00+00:00|-1.0|sess_comp_exp_follow_london_h12_q0.3_tp06_sl065,2023-08-30 12:00:00+00:00,STAGE28A,data/reports/stage28a_discovery_factory_batch_runner/stage28a_exact_trades.csv,session_compression_expansion_v1,sess_comp_exp_follow_london_h12_q0.3_tp06_sl065,-1.0360750000000736,-2.0860750000000734,-2.786075000000073,0,0,0,0,2.0860750000000734,23.829999999999927,2.2799999999999727,0.17543859649127005,3.75,0.3466666666666545,1.4700000000000273,2.627999999999986,0.236,-1.0,,,12,2,8.0,2023
2023-08-31 12:00:00+00:00|-1.0|sess_comp_exp_follow_london_h12_q0.3_tp06_sl065,2023-08-31 12:00:00+00:00,STAGE28A,data/reports/stage28a_discovery_factory_batch_runner/stage28a_exact_trades.csv,session_compression_expansion_v1,sess_comp_exp_follow_london_h12_q0.3_tp06_sl065,0.2185000000000855,-0.8314999999999144,-1.5314999999999142,0,0,0,0,0.8314999999999144,14.009999999999991,6.100000000000136,0.08360655737704582,3.089999999999918,0.11650485436890275,1.2100000000000364,2.1330000000000156,0.064,-1.0,,,12,3,8.0,2023
2023-09-01 12:00:00+00:00|1.0|sess_comp_exp_follow_london_h12_q0.3_tp06_sl065,2023-09-01 12:00:00+00:00,STAGE28A,data/reports/stage28a_discovery_factory_batch_runner/stage28a_exact_trades.csv,session_compression_expansion_v1,sess_comp_exp_follow_london_h12_q0.3_tp06_sl065,0.2893000000000484,-0.7606999999999515,-1.4606999999999513,0,0,0,0,0.7606999999999515,8.789999999999964,5.3900000000001,0.20222634508351117,6.300000000000182,0.8380952380952096,1.8600000000001273,2.425500000000022,0.24,1.0,,,12,4,9.0,2023
2023-09-04 12:00:00+00:00|-1.0|sess_comp_exp_follow_london_h12_q0.3_tp06_sl065,2023-09-04 12:00:00+00:00,STAGE28A,data/reports/stage28a_discovery_factory_batch_runner/stage28a_exact_trades.csv,session_compression_expansion_v1,sess_comp_exp_follow_london_h12_q0.3_tp06_sl065,0.2095000000000709,-0.840499999999929,-1.5404999999999287,0,0,0,0,0.840499999999929,1.0,6.720000000000027,0.8005952380952173,5.430000000000064,0.7219152854511601,1.8100000000001728,2.7930000000000064,0.496,-1.0,,,12,0,9.0,2023
2023-09-05 12:00:00+00:00|-1.0|sess_comp_exp_follow_london_h12_q0.3_tp06_sl065,2023-09-05 12:00:00+00:00,STAGE28A,data/reports/stage28a_discovery_factory_batch_runner/stage28a_exact_trades.csv,session_compression_expansion_v1,sess_comp_exp_follow_london_h12_q0.3_tp06_sl065,0.3661000000000968,-0.6838999999999031,-1.3838999999999029,0,0,0,0,0.6838999999999031,9.470000000000027,3.8600000000001273,0.3056994818652914,8.319999999999936,0.7439903846153696,3.490000000000009,1.7455000000000154,0.044,-1.0,,,12,1,9.0,2023
2023-09-06 12:00:00+00:00|-1.0|sess_comp_exp_follow_london_h12_q0.3_tp06_sl065,2023-09-06 12:00:00+00:00,STAGE28A,data/reports/stage28a_discovery_factory_batch_runner/stage28a_exact_trades.csv,session_compression_expansion_v1,sess_comp_exp_follow_london_h12_q0.3_tp06_sl065,0.35049999999992,-0.69950000000008,-1.3995000000000797,0,0,0,0,0.69950000000008,13.569999999999936,2.7200000000000273,0.05882352941179421,5.8599999999999,0.2030716723549616,2.410000000000082,2.113500000000022,0.192,-1.0,,,12,2,9.0,2023
2023-09-07 12:00:00+00:00|-1.0|sess_comp_exp_follow_london_h12_q0.3_tp06_sl065,2023-09-07 12:00:00+00:00,STAGE28A,data/reports/stage28a_discovery_factory_batch_runner/stage28a_exact_trades.csv,session_compression_expansion_v1,sess_comp_exp_follow_london_h12_q0.3_tp06_sl065,-1.113099999999895,-2.1630999999998948,-2.8630999999998945,0,0,0,0,2.1630999999998948,13.889999999999873,4.419999999999845,0.5769230769230869,3.400000000000091,0.03529411764709266,1.9400000000000546,2.8129999999999997,0.66,-1.0,,,12,3,9.0,2023
2023-09-08 12:00:00+00:00|-1.0|sess_comp_exp_follow_london_h12_q0.3_tp06_sl065,2023-09-08 12:00:00+00:00,STAGE28A,data/reports/stage28a_discovery_factory_batch_runner/stage28a_exact_trades.csv,session_compression_expansion_v1,sess_comp_exp_follow_london_h12_q0.3_tp06_sl065,0.2566000000000713,-0.7933999999999286,-1.4933999999999283,0,0,0,0,0.7933999999999286,7.3599999999999,8.149999999999864,0.6343558282208506,3.8600000000001273,0.07512953367874457,1.4300000000000637,2.346000000000015,0.324,-1.0,,,12,4,9.0,2023
2023-09-12 12:00:00+00:00|-1.0|sess_comp_exp_follow_london_h12_q0.3_tp06_sl065,2023-09-12 12:00:00+00:00,STAGE28A,data/reports/stage28a_discovery_factory_batch_runner/stage28a_exact_trades.csv,session_compression_expansion_v1,sess_comp_exp_follow_london_h12_q0.3_tp06_sl065,0.2392000000001189,-0.810799999999881,-1.510799999999881,0,0,0,0,0.810799999999881,14.0,4.029999999999973,0.2853598014888018,5.920000000000073,0.7854729729729403,2.740000000000009,2.255000000000018,0.252,-1.0,,,12,1,9.0,2023
2023-09-13 12:00:00+00:00|1.0|sess_comp_exp_follow_london_h12_q0.3_tp06_sl065,2023-09-13 12:00:00+00:00,STAGE28A,data/reports/stage28a_discovery_factory_batch_runner/stage28a_exact_trades.csv,session_compression_expansion_v1,sess_comp_exp_follow_london_h12_q0.3_tp06_sl065,0.3738999999999578,-0.6761000000000421,-1.3761000000000418,0,0,0,0,0.6761000000000421,16.910000000000082,5.6400000000001,0.6790780141843722,4.369999999999891,0.3729977116705148,1.4200000000000728,2.339000000000044,0.328,1.0,,,12,2,9.0,2023
2023-09-14 12:00:00+00:00|-1.0|sess_comp_exp_follow_london_h12_q0.3_tp06_sl065,2023-09-14 12:00:00+00:00,STAGE28A,data/reports/stage28a_discovery_factory_batch_runner/stage28a_exact_trades.csv,session_compression_expansion_v1,sess_comp_exp_follow_london_h12_q0.3_tp06_sl065,0.316300000000092,-0.7336999999999079,-1.4336999999999076,0,0,0,0,0.7336999999999079,10.190000000000055,5.3599999999999,0.15671641791043542,5.760000000000218,0.5711805555555276,1.849999999999909,2.5555000000000065,0.504,-1.0,,,12,3,9.0,2023
2023-09-15 12:00:00+00:00|1.0|sess_comp_exp_follow_london_h12_q0.3_tp06_sl065,2023-09-15 12:00:00+00:00,STAGE28A,data/reports/stage28a_discovery_factory_batch_runner/stage28a_exact_trades.csv,session_compression_expansion_v1,sess_comp_exp_follow_london_h12_q0.3_tp06_sl065,0.4552000000000135,-0.5947999999999865,-1.2947999999999862,0,0,0,0,0.5947999999999865,11.819999999999936,6.240000000000009,0.8461538461538406,4.680000000000064,0.521367521367526,1.7100000000000364,2.8135000000000217,0.652,1.0,,,12,4,9.0,2023
2023-09-18 12:00:00+00:00|-1.0|sess_comp_exp_follow_london_h12_q0.3_tp06_sl065,2023-09-18 12:00:00+00:00,STAGE28A,data/reports/stage28a_discovery_factory_batch_runner/stage28a_exact_trades.csv,session_compression_expansion_v1,sess_comp_exp_follow_london_h12_q0.3_tp06_sl065,0.3229000000000269,-0.727099999999973,-1.4270999999999727,0,0,0,0,0.727099999999973,1.2699999999999818,6.9500000000000455,0.7381294964028886,5.480000000000018,0.3357664233576897,1.5599999999999454,2.717500000000007,0.544,-1.0,,,12,0,9.0,2023
2023-09-19 12:00:00+00:00|1.0|sess_comp_exp_follow_london_h12_q0.3_tp06_sl065,2023-09-19 12:00:00+00:00,STAGE28A,data/reports/stage28a_discovery_factory_batch_runner/stage28a_exact_trades.csv,session_compression_expansion_v1,sess_comp_exp_follow_london_h12_q0.3_tp06_sl065,-0.9863499999999932,-2.036349999999993,-2.7363499999999927,0,0,0,0,2.036349999999993,11.730000000000018,2.8200000000001637,0.4893617021275892,5.589999999999918,0.5348837209302013,1.5900000000001455,2.1115000000000235,0.148,1.0,,,12,1,9.0,2023
2023-09-20 12:00:00+00:00|-1.0|sess_comp_exp_follow_london_h12_q0.3_tp06_sl065,2023-09-20 12:00:00+00:00,STAGE28A,data/reports/stage28a_discovery_factory_batch_runner/stage28a_exact_trades.csv,session_compression_expansion_v1,sess_comp_exp_follow_london_h12_q0.3_tp06_sl065,0.2625999999999294,-0.7874000000000705,-1.4874000000000702,0,0,0,0,0.7874000000000705,7.619999999999891,3.9199999999998454,0.30357142857145447,4.3900000000001,0.27107061503417484,1.6300000000001091,1.9195000000000277,0.04,-1.0,,,12,2,9.0,2023
2023-09-22 12:00:00+00:00|1.0|sess_comp_exp_follow_london_h12_q0.3_tp06_sl065,2023-09-22 12:00:00+00:00,STAGE28A,data/reports/stage28a_discovery_factory_batch_runner/stage28a_exact_trades.csv,session_compression_expansion_v1,sess_comp_exp_follow_london_h12_q0.3_tp06_sl065,0.3283000000000357,-0.7216999999999643,-1.421699999999964,0,0,0,0,0.7216999999999643,17.580000000000155,6.259999999999991,0.5782747603834063,5.400000000000091,0.30740740740737527,1.6600000000000819,2.5430000000000406,0.384,1.0,,,12,4,9.0,2023
2023-09-25 12:00:00+00:00|-1.0|sess_comp_exp_follow_london_h12_q0.3_tp06_sl065,2023-09-25 12:00:00+00:00,STAGE28A,data/reports/stage28a_discovery_factory_batch_runner/stage28a_exact_trades.csv,session_compression_expansion_v1,sess_comp_exp_follow_london_h12_q0.3_tp06_sl065,-1.2489500000000135,-2.2989500000000134,-2.998950000000013,0,0,0,0,2.2989500000000134,2.0,3.769999999999982,0.5384615384615338,6.2999999999999545,0.13015873015872098,2.8299999999999272,2.2455000000000154,0.28,-1.0,,,12,0,9.0,2023
2023-09-26 12:00:00+00:00|1.0|sess_comp_exp_follow_london_h12_q0.3_tp06_sl065,2023-09-26 12:00:00+00:00,STAGE28A,data/reports/stage28a_discovery_factory_batch_runner/stage28a_exact_trades.csv,session_compression_expansion_v1,sess_comp_exp_follow_london_h12_q0.3_tp06_sl065,-1.1436500000000709,-2.1936500000000705,-2.89365000000007,0,0,0,0,2.1936500000000705,12.0,3.730000000000018,0.7774798927613538,5.860000000000127,0.10238907849831456,2.5399999999999636,2.4035000000000197,0.42,1.0,,,12,1,9.0,2023
2023-09-27 12:00:00+00:00|-1.0|sess_comp_exp_follow_london_h12_q0.3_tp06_sl065,2023-09-27 12:00:00+00:00,STAGE28A,data/reports/stage28a_discovery_factory_batch_runner/stage28a_exact_trades.csv,session_compression_expansion_v1,sess_comp_exp_follow_london_h12_q0.3_tp06_sl065,-1.2392000000000736,-2.2892000000000734,-2.989200000000073,0,0,0,0,2.2892000000000734,17.690000000000055,4.459999999999809,0.23991031390139228,5.339999999999918,0.8220973782771424,2.7200000000000273,2.6619999999999893,0.54,-1.0,,,12,2,9.0,2023
2023-09-28 12:00:00+00:00|-1.0|sess_comp_exp_follow_london_h12_q0.3_tp06_sl065,2023-09-28 12:00:00+00:00,STAGE28A,data/reports/stage28a_discovery_factory_batch_runner/stage28a_exact_trades.csv,session_compression_expansion_v1,sess_comp_exp_follow_london_h12_q0.3_tp06_sl065,-1.1862250000000132,-2.236225000000013,-2.9362250000000127,0,0,0,0,2.236225000000013,31.470000000000027,4.350000000000136,0.537931034482723,4.5499999999999545,0.27472527472527747,2.5499999999999545,3.367000000000007,0.864,-1.0,,,12,3,9.0,2023
2023-10-06 12:00:00+00:00|-1.0|sess_comp_exp_follow_london_h12_q0.3_tp06_sl065,2023-10-06 12:00:00+00:00,STAGE28A,data/reports/stage28a_discovery_factory_batch_runner/stage28a_exact_trades.csv,session_compression_expansion_v1,sess_comp_exp_follow_london_h12_q0.3_tp06_sl065,0.3490000000000691,-0.7009999999999308,-1.4009999999999303,0,0,0,0,0.7009999999999308,16.13000000000011,4.75,0.5810526315789455,5.929999999999836,0.5801011804384738,2.8199999999999363,2.8055000000000065,0.292,-1.0,,,12,4,10.0,2023
2023-10-12 12:00:00+00:00|1.0|sess_comp_exp_follow_london_h12_q0.3_tp06_sl065,2023-10-12 12:00:00+00:00,STAGE28A,data/reports/stage28a_discovery_factory_batch_runner/stage28a_exact_trades.csv,session_compression_expansion_v1,sess_comp_exp_follow_london_h12_q0.3_tp06_sl065,0.4914999999999964,-0.5585000000000035,-1.2585000000000033,0,0,0,0,0.5585000000000035,18.6400000000001,5.0499999999999545,0.6079207920792008,5.900000000000091,0.5610169491525244,2.849999999999909,2.830999999999983,0.052,1.0,,,12,3,10.0,2023
2023-10-18 12:00:00+00:00|1.0|sess_comp_exp_follow_london_h12_q0.3_tp06_sl065,2023-10-18 12:00:00+00:00,STAGE28A,data/reports/stage28a_discovery_factory_batch_runner/stage28a_exact_trades.csv,session_compression_expansion_v1,sess_comp_exp_follow_london_h12_q0.3_tp06_sl065,0.7416999999999462,-0.3083000000000537,-1.0083000000000537,0,0,0,0,0.3083000000000537,19.200000000000045,19.519999999999982,0.6444672131147626,11.029999999999973,0.630099728014491,2.509999999999991,4.400499999999999,0.772,1.0,,,12,2,10.0,2023
2023-10-27 12:00:00+00:00|-1.0|sess_comp_exp_follow_london_h12_q0.3_tp06_sl065,2023-10-27 12:00:00+00:00,STAGE28A,data/reports/stage28a_discovery_factory_batch_runner/stage28a_exact_trades.csv,session_compression_expansion_v1,sess_comp_exp_follow_london_h12_q0.3_tp06_sl065,0.6805000000000746,-0.3694999999999253,-1.069499999999925,0,0,0,0,0.3694999999999253,21.6400000000001,5.900000000000091,0.44406779661014417,4.7000000000000455,0.42340425531914677,1.9800000000000182,3.6904999999999974,0.092,-1.0,,,12,4,10.0,2023
2023-11-02 12:00:00+00:00|1.0|sess_comp_exp_follow_london_h12_q0.3_tp06_sl065,2023-11-02 12:00:00+00:00,STAGE28A,data/reports/stage28a_discovery_factory_batch_runner/stage28a_exact_trades.csv,session_compression_expansion_v1,sess_comp_exp_follow_london_h12_q0.3_tp06_sl065,0.5613999999999578,-0.4886000000000421,-1.1886000000000418,0,0,0,0,0.4886000000000421,22.200000000000045,6.960000000000036,0.5574712643678289,5.899999999999864,0.4915254237288018,2.9700000000000273,4.216999999999996,0.228,1.0,,,12,3,11.0,2023
2023-11-03 12:00:00+00:00|1.0|sess_comp_exp_follow_london_h12_q0.3_tp06_sl065,2023-11-03 12:00:00+00:00,STAGE28A,data/reports/stage28a_discovery_factory_batch_runner/stage28a_exact_trades.csv,session_compression_expansion_v1,sess_comp_exp_follow_london_h12_q0.3_tp06_sl065,-1.335400000000027,-2.385400000000027,-3.0854000000000266,0,0,0,0,2.385400000000027,12.200000000000045,4.599999999999909,0.09565217391305723,5.789999999999964,0.44559585492227005,1.990000000000009,2.8460000000000036,0.008,1.0,,,12,4,11.0,2023
2023-11-06 12:00:00+00:00|1.0|sess_comp_exp_follow_london_h12_q0.3_tp06_sl065,2023-11-06 12:00:00+00:00,STAGE28A,data/reports/stage28a_discovery_factory_batch_runner/stage28a_exact_trades.csv,session_compression_expansion_v1,sess_comp_exp_follow_london_h12_q0.3_tp06_sl065,-1.370825000000059,-2.420825000000059,-3.1208250000000586,0,0,0,0,2.420825000000059,5.789999999999964,11.179999999999836,0.42397137745975655,6.1099999999999,0.5908346972176692,1.8199999999999363,4.17249999999998,0.316,1.0,,,12,0,11.0,2023
2023-11-08 12:00:00+00:00|-1.0|sess_comp_exp_follow_london_h12_q0.3_tp06_sl065,2023-11-08 12:00:00+00:00,STAGE28A,data/reports/stage28a_discovery_factory_batch_runner/stage28a_exact_trades.csv,session_compression_expansion_v1,sess_comp_exp_follow_london_h12_q0.3_tp06_sl065,-1.3782999999999448,-2.4282999999999446,-3.1282999999999443,0,0,0,0,2.4282999999999446,21.62999999999988,3.6900000000000546,0.3685636856368854,9.5,0.5821052631578919,2.8599999999999,2.951499999999976,0.076,-1.0,,,12,2,11.0,2023
2023-11-09 12:00:00+00:00|-1.0|sess_comp_exp_follow_london_h12_q0.3_tp06_sl065,2023-11-09 12:00:00+00:00,STAGE28A,data/reports/stage28a_discovery_factory_batch_runner/stage28a_exact_trades.csv,session_compression_expansion_v1,sess_comp_exp_follow_london_h12_q0.3_tp06_sl065,0.5523999999999433,-0.4976000000000566,-1.1976000000000564,0,0,0,0,0.4976000000000566,23.529999999999973,6.889999999999873,0.18867924528301575,5.990000000000009,0.40066777963273575,3.2799999999999727,3.6514999999999986,0.328,-1.0,,,12,3,11.0,2023
2023-11-10 12:00:00+00:00|-1.0|sess_comp_exp_follow_london_h12_q0.3_tp06_sl065,2023-11-10 12:00:00+00:00,STAGE28A,data/reports/stage28a_discovery_factory_batch_runner/stage28a_exact_trades.csv,session_compression_expansion_v1,sess_comp_exp_follow_london_h12_q0.3_tp06_sl065,0.5865999999999986,-0.4634000000000013,-1.163400000000001,0,0,0,0,0.4634000000000013,21.11999999999989,4.360000000000127,0.300458715596309,6.629999999999882,0.5505279034691035,1.7999999999999545,3.744999999999982,0.408,-1.0,,,12,4,11.0,2023
2023-11-13 12:00:00+00:00|1.0|sess_comp_exp_follow_london_h12_q0.3_tp06_sl065,2023-11-13 12:00:00+00:00,STAGE28A,data/reports/stage28a_discovery_factory_batch_runner/stage28a_exact_trades.csv,session_compression_expansion_v1,sess_comp_exp_follow_london_h12_q0.3_tp06_sl065,0.6199000000000524,-0.4300999999999475,-1.1300999999999473,0,0,0,0,0.4300999999999475,23.48999999999978,24.25999999999999,0.19167353668589718,5.509999999999991,0.6950998185117847,4.470000000000027,5.431999999999983,0.908,1.0,,,12,0,11.0,2023
2023-11-14 12:00:00+00:00|1.0|sess_comp_exp_follow_london_h12_q0.3_tp06_sl065,2023-11-14 12:00:00+00:00,STAGE28A,data/reports/stage28a_discovery_factory_batch_runner/stage28a_exact_trades.csv,session_compression_expansion_v1,sess_comp_exp_follow_london_h12_q0.3_tp06_sl065,-1.1127749999999197,-2.1627749999999195,-2.8627749999999192,0,0,0,0,2.1627749999999195,31.539999999999964,4.509999999999991,0.38802660753880347,4.4500000000000455,0.4898876404493964,2.730000000000018,2.6635000000000217,0.008,1.0,,,12,1,11.0,2023
2023-11-24 12:00:00+00:00|1.0|sess_comp_exp_follow_london_h12_q0.3_tp06_sl065,2023-11-24 12:00:00+00:00,STAGE28A,data/reports/stage28a_discovery_factory_batch_runner/stage28a_exact_trades.csv,session_compression_expansion_v1,sess_comp_exp_follow_london_h12_q0.3_tp06_sl065,0.3990999999999985,-0.6509000000000014,-1.350900000000001,0,0,0,0,0.6509000000000014,9.38000000000011,3.4400000000000546,0.11627906976740036,4.259999999999991,0.47652582159623874,1.7000000000000455,1.9515000000000213,0.008,1.0,,,12,4,11.0,2023
2023-11-28 12:00:00+00:00|1.0|sess_comp_exp_follow_london_h12_q0.3_tp06_sl065,2023-11-28 12:00:00+00:00,STAGE28A,data/reports/stage28a_discovery_factory_batch_runner/stage28a_exact_trades.csv,session_compression_expansion_v1,sess_comp_exp_follow_london_h12_q0.3_tp06_sl065,-1.291849999999931,-2.341849999999931,-3.041849999999931,0,0,0,0,2.341849999999931,17.639999999999873,4.9500000000000455,0.02626262626264807,4.529999999999973,0.09713024282556951,2.25,3.0129999999999884,0.228,1.0,,,12,1,11.0,2023
2023-12-08 12:00:00+00:00|-1.0|sess_comp_exp_follow_london_h12_q0.3_tp06_sl065,2023-12-08 12:00:00+00:00,STAGE28A,data/reports/stage28a_discovery_factory_batch_runner/stage28a_exact_trades.csv,session_compression_expansion_v1,sess_comp_exp_follow_london_h12_q0.3_tp06_sl065,0.8092000000000553,-0.2407999999999446,-0.9407999999999443,0,0,0,0,0.2407999999999446,19.700000000000045,7.100000000000136,0.48309859154929546,5.870000000000118,0.2913117546848385,2.4600000000000364,4.139499999999987,0.428,-1.0,,,12,4,12.0,2023
2023-12-20 12:00:00+00:00|-1.0|sess_comp_exp_follow_london_h12_q0.3_tp06_sl065,2023-12-20 12:00:00+00:00,STAGE28A,data/reports/stage28a_discovery_factory_batch_runner/stage28a_exact_trades.csv,session_compression_expansion_v1,sess_comp_exp_follow_london_h12_q0.3_tp06_sl065,-1.281775000000016,-2.331775000000016,-3.031775000000016,0,0,0,0,2.331775000000016,25.289999999999964,4.960000000000036,0.09072580645162141,7.820000000000164,0.5843989769820768,2.880000000000109,3.3455000000000155,0.048,-1.0,,,12,2,12.0,2023
2023-12-21 12:00:00+00:00|-1.0|sess_comp_exp_follow_london_h12_q0.3_tp06_sl065,2023-12-21 12:00:00+00:00,STAGE28A,data/reports/stage28a_discovery_factory_batch_runner/stage28a_exact_trades.csv,session_compression_expansion_v1,sess_comp_exp_follow_london_h12_q0.3_tp06_sl065,0.4885000000000673,-0.5614999999999326,-1.2614999999999323,0,0,0,0,0.5614999999999326,15.990000000000009,6.440000000000055,0.6413043478260632,5.120000000000118,0.4316406249999971,2.3599999999999,3.3784999999999856,0.092,-1.0,,,12,3,12.0,2023
2023-12-26 12:00:00+00:00|-1.0|sess_comp_exp_follow_london_h12_q0.3_tp06_sl065,2023-12-26 12:00:00+00:00,STAGE28A,data/reports/stage28a_discovery_factory_batch_runner/stage28a_exact_trades.csv,session_compression_expansion_v1,sess_comp_exp_follow_london_h12_q0.3_tp06_sl065,-1.1800500000000285,-2.2300500000000283,-2.930050000000028,0,0,0,0,2.2300500000000283,4.400000000000091,11.75,0.775319148936181,4.380000000000109,0.0410958904109205,2.4200000000000728,3.904000000000019,0.372,-1.0,,,12,1,12.0,2023
2023-12-27 12:00:00+00:00|1.0|sess_comp_exp_follow_london_h12_q0.3_tp06_sl065,2023-12-27 12:00:00+00:00,STAGE28A,data/reports/stage28a_discovery_factory_batch_runner/stage28a_exact_trades.csv,session_compression_expansion_v1,sess_comp_exp_follow_london_h12_q0.3_tp06_sl065,0.3969999999998436,-0.6530000000001563,-1.353000000000156,0,0,0,0,0.6530000000001563,15.650000000000091,4.559999999999945,0.07894736842108149,7.7199999999998,0.1411917098445821,1.9600000000000364,3.06400000000001,0.064,1.0,,,12,2,12.0,2023
2024-01-11 12:00:00+00:00|-1.0|sess_comp_exp_follow_london_h12_q0.3_tp06_sl065,2024-01-11 12:00:00+00:00,STAGE28A,data/reports/stage28a_discovery_factory_batch_runner/stage28a_exact_trades.csv,session_compression_expansion_v1,sess_comp_exp_follow_london_h12_q0.3_tp06_sl065,-1.432249999999931,-2.482249999999931,-3.1822499999999305,0,0,0,0,2.482249999999931,20.089999999999918,7.5,0.7093333333333248,5.479999999999791,0.03832116788321978,2.2899999999999636,3.2264999999999646,0.056,-1.0,,,12,3,1.0,2024
2024-01-15 12:00:00+00:00|1.0|sess_comp_exp_follow_london_h12_q0.3_tp06_sl065,2024-01-15 12:00:00+00:00,STAGE28A,data/reports/stage28a_discovery_factory_batch_runner/stage28a_exact_trades.csv,session_compression_expansion_v1,sess_comp_exp_follow_london_h12_q0.3_tp06_sl065,0.7062999999997374,-0.3437000000002626,-1.0437000000002623,0,0,0,0,0.3437000000002626,2.5499999999999545,12.220000000000027,0.5327332242226026,6.449999999999818,0.2,4.019999999999982,4.045500000000016,0.384,1.0,,,12,0,1.0,2024
2024-01-25 12:00:00+00:00|1.0|sess_comp_exp_follow_london_h12_q0.3_tp06_sl065,2024-01-25 12:00:00+00:00,STAGE28A,data/reports/stage28a_discovery_factory_batch_runner/stage28a_exact_trades.csv,session_compression_expansion_v1,sess_comp_exp_follow_london_h12_q0.3_tp06_sl065,-1.3909750000001169,-2.4409750000001167,-3.1409750000001164,0,0,0,0,2.4409750000001167,25.52000000000021,3.400000000000091,0.18823529411767145,7.019999999999982,0.5270655270655349,5.1400000000001,3.9275000000000206,0.472,1.0,,,12,3,1.0,2024
2024-01-26 12:00:00+00:00|-1.0|sess_comp_exp_follow_london_h12_q0.3_tp06_sl065,2024-01-26 12:00:00+00:00,STAGE28A,data/reports/stage28a_discovery_factory_batch_runner/stage28a_exact_trades.csv,session_compression_expansion_v1,sess_comp_exp_follow_london_h12_q0.3_tp06_sl065,0.5343999999999142,-0.5156000000000858,-1.2156000000000855,0,0,0,0,0.5156000000000858,15.400000000000091,4.779999999999973,0.10460251046025164,5.669999999999845,0.41975308641978376,4.240000000000009,3.4959999999999694,0.24,-1.0,,,12,4,1.0,2024
2024-02-02 12:00:00+00:00|-1.0|sess_comp_exp_follow_london_h12_q0.3_tp06_sl065,2024-02-02 12:00:00+00:00,STAGE28A,data/reports/stage28a_discovery_factory_batch_runner/stage28a_exact_trades.csv,session_compression_expansion_v1,sess_comp_exp_follow_london_h12_q0.3_tp06_sl065,-1.3253249999998844,-2.375324999999884,-3.075324999999884,0,0,0,0,2.375324999999884,35.590000000000146,4.920000000000073,0.052845528455235706,4.200000000000273,0.10000000000001083,2.2400000000002365,4.528999999999985,0.8,-1.0,,,12,4,2.0,2024
2024-02-07 12:00:00+00:00|-1.0|sess_comp_exp_follow_london_h12_q0.3_tp06_sl065,2024-02-07 12:00:00+00:00,STAGE28A,data/reports/stage28a_discovery_factory_batch_runner/stage28a_exact_trades.csv,session_compression_expansion_v1,sess_comp_exp_follow_london_h12_q0.3_tp06_sl065,0.3450999999999112,-0.7049000000000887,-1.4049000000000884,0,0,0,0,0.7049000000000887,16.189999999999827,2.230000000000018,0.004484304932731311,4.889999999999873,0.40286298568508766,2.5800000000001546,2.89849999999999,0.032,-1.0,,,12,2,2.0,2024
2024-02-09 12:00:00+00:00|-1.0|sess_comp_exp_follow_london_h12_q0.3_tp06_sl065,2024-02-09 12:00:00+00:00,STAGE28A,data/reports/stage28a_discovery_factory_batch_runner/stage28a_exact_trades.csv,session_compression_expansion_v1,sess_comp_exp_follow_london_h12_q0.3_tp06_sl065,-1.1299999999999728,-2.1799999999999726,-2.8799999999999724,0,0,0,0,2.1799999999999726,18.6400000000001,3.1599999999998545,0.49367088607595483,4.460000000000036,0.022421524663656555,2.3899999999998727,3.0269999999999753,0.076,-1.0,,,12,4,2.0,2024
2024-02-15 12:00:00+00:00|1.0|sess_comp_exp_follow_london_h12_q0.3_tp06_sl065,2024-02-15 12:00:00+00:00,STAGE28A,data/reports/stage28a_discovery_factory_batch_runner/stage28a_exact_trades.csv,session_compression_expansion_v1,sess_comp_exp_follow_london_h12_q0.3_tp06_sl065,0.33100000000004,-0.7189999999999599,-1.4189999999999596,0,0,0,0,0.7189999999999599,11.839999999999918,4.119999999999891,0.41262135922332294,6.5,0.6123076923076951,2.9299999999998363,2.872499999999968,0.112,1.0,,,12,3,2.0,2024
2024-02-16 12:00:00+00:00|1.0|sess_comp_exp_follow_london_h12_q0.3_tp06_sl065,2024-02-16 12:00:00+00:00,STAGE28A,data/reports/stage28a_discovery_factory_batch_runner/stage28a_exact_trades.csv,session_compression_expansion_v1,sess_comp_exp_follow_london_h12_q0.3_tp06_sl065,0.2803000000000338,-0.7696999999999661,-1.4696999999999658,0,0,0,0,0.7696999999999661,18.230000000000018,3.2799999999999727,0.06097560975611193,4.819999999999936,0.7406639004149344,2.2100000000000364,2.574500000000023,0.068,1.0,,,12,4,2.0,2024
2024-02-19 12:00:00+00:00|1.0|sess_comp_exp_follow_london_h12_q0.3_tp06_sl065,2024-02-19 12:00:00+00:00,STAGE28A,data/reports/stage28a_discovery_factory_batch_runner/stage28a_exact_trades.csv,session_compression_expansion_v1,sess_comp_exp_follow_london_h12_q0.3_tp06_sl065,0.350800000000072,-0.6991999999999279,-1.3991999999999276,0,0,0,0,0.6991999999999279,3.8799999999998818,10.86999999999989,0.48850045998160063,4.650000000000091,0.027956989247285853,1.4300000000000637,4.016999999999996,0.752,1.0,,,12,0,2.0,2024
2024-02-26 12:00:00+00:00|1.0|sess_comp_exp_follow_london_h12_q0.3_tp06_sl065,2024-02-26 12:00:00+00:00,STAGE28A,data/reports/stage28a_discovery_factory_batch_runner/stage28a_exact_trades.csv,session_compression_expansion_v1,sess_comp_exp_follow_london_h12_q0.3_tp06_sl065,-1.3184999999999492,-2.368499999999949,-3.0684999999999487,0,0,0,0,2.368499999999949,2.7999999999999545,5.069999999999936,0.36489151873765924,5.349999999999909,0.007476635514012018,2.1000000000001364,3.104499999999939,0.544,1.0,,,12,0,2.0,2024
2024-02-29 12:00:00+00:00|-1.0|sess_comp_exp_follow_london_h12_q0.3_tp06_sl065,2024-02-29 12:00:00+00:00,STAGE28A,data/reports/stage28a_discovery_factory_batch_runner/stage28a_exact_trades.csv,session_compression_expansion_v1,sess_comp_exp_follow_london_h12_q0.3_tp06_sl065,0.2997999999999138,-0.7502000000000861,-1.450200000000086,0,0,0,0,0.7502000000000861,13.420000000000073,3.1299999999998818,0.1629392971246039,7.2999999999999545,0.5931506849315318,3.480000000000018,2.3444999999999596,0.124,-1.0,,,12,3,2.0,2024
2024-03-12 12:00:00+00:00|-1.0|sess_comp_exp_follow_london_h12_q0.3_tp06_sl065,2024-03-12 12:00:00+00:00,STAGE28A,data/reports/stage28a_discovery_factory_batch_runner/stage28a_exact_trades.csv,session_compression_expansion_v1,sess_comp_exp_follow_london_h12_q0.3_tp06_sl065,-1.4988749999998618,-2.5488749999998617,-3.2488749999998614,0,0,0,0,2.5488749999998617,14.239999999999782,7.929999999999836,0.5056746532156748,5.539999999999964,0.30685920577622455,2.7400000000002365,3.7759999999999083,0.372,-1.0,,,12,1,3.0,2024
2024-03-13 12:00:00+00:00|-1.0|sess_comp_exp_follow_london_h12_q0.3_tp06_sl065,2024-03-13 12:00:00+00:00,STAGE28A,data/reports/stage28a_discovery_factory_batch_runner/stage28a_exact_trades.csv,session_compression_expansion_v1,sess_comp_exp_follow_london_h12_q0.3_tp06_sl065,0.587199999999848,-0.462800000000152,-1.1628000000001515,0,0,0,0,0.462800000000152,34.179999999999836,5.730000000000018,0.41884816753928156,6.049999999999727,0.6694214876033661,2.6899999999996,4.567999999999938,0.364,-1.0,,,12,2,3.0,2024
2024-03-14 12:00:00+00:00|-1.0|sess_comp_exp_follow_london_h12_q0.3_tp06_sl065,2024-03-14 12:00:00+00:00,STAGE28A,data/reports/stage28a_discovery_factory_batch_runner/stage28a_exact_trades.csv,session_compression_expansion_v1,sess_comp_exp_follow_london_h12_q0.3_tp06_sl065,0.6024999999998727,-0.4475000000001272,-1.147500000000127,0,0,0,0,0.4475000000001272,24.059999999999945,5.920000000000073,0.44087837837839444,4.599999999999909,0.2434782608695463,4.109999999999673,3.210500000000002,0.096,-1.0,,,12,3,3.0,2024
2024-06-12 12:00:00+00:00|-1.0|sess_comp_exp_follow_london_h12_q0.3_tp06_sl065,2024-06-12 12:00:00+00:00,STAGE28A,data/reports/stage28a_discovery_factory_batch_runner/stage28a_exact_trades.csv,session_compression_expansion_v1,sess_comp_exp_follow_london_h12_q0.3_tp06_sl065,0.787000000000171,-0.2629999999998289,-0.9629999999998288,0,0,0,0,0.2629999999998289,22.36999999999989,6.8400000000001455,0.42690058479532317,6.910000000000309,0.00289435600578595,4.920000000000073,4.254999999999972,0.024,-1.0,,,12,2,6.0,2024
2024-07-05 12:00:00+00:00|1.0|sess_comp_exp_follow_london_h12_q0.3_tp06_sl065,2024-07-05 12:00:00+00:00,STAGE28A,data/reports/stage28a_discovery_factory_batch_runner/stage28a_exact_trades.csv,session_compression_expansion_v1,sess_comp_exp_follow_london_h12_q0.3_tp06_sl065,-1.6057999999999084,-2.655799999999908,-3.355799999999908,0,0,0,0,2.655799999999908,12.179999999999836,8.960000000000036,0.49218750000003253,6.680000000000291,0.08532934131731798,3.430000000000291,3.0345000000000026,0.024,1.0,,,12,4,7.0,2024
2024-07-11 12:00:00+00:00|1.0|sess_comp_exp_follow_london_h12_q0.3_tp06_sl065,2024-07-11 12:00:00+00:00,STAGE28A,data/reports/stage28a_discovery_factory_batch_runner/stage28a_exact_trades.csv,session_compression_expansion_v1,sess_comp_exp_follow_london_h12_q0.3_tp06_sl065,-1.8326499999999213,-2.8826499999999213,-3.582649999999921,0,0,0,0,2.8826499999999213,23.670000000000073,9.08999999999969,0.6567656765677071,6.099999999999909,0.8606557377049309,4.450000000000273,4.125500000000011,0.212,1.0,,,12,3,7.0,2024
2024-07-30 12:00:00+00:00|1.0|sess_comp_exp_follow_london_h12_q0.3_tp06_sl065,2024-07-30 12:00:00+00:00,STAGE28A,data/reports/stage28a_discovery_factory_batch_runner/stage28a_exact_trades.csv,session_compression_expansion_v1,sess_comp_exp_follow_london_h12_q0.3_tp06_sl065,-1.7123999999999795,-2.7623999999999795,-3.4623999999999797,0,0,0,0,2.7623999999999795,33.460000000000036,9.460000000000036,0.18181818181820805,6.4099999999998545,0.5397815912636684,2.9400000000000546,5.174500000000035,0.116,1.0,,,12,1,7.0,2024
2024-08-13 12:00:00+00:00|-1.0|sess_comp_exp_follow_london_h12_q0.3_tp06_sl065,2024-08-13 12:00:00+00:00,STAGE28A,data/reports/stage28a_discovery_factory_batch_runner/stage28a_exact_trades.csv,session_compression_expansion_v1,sess_comp_exp_follow_london_h12_q0.3_tp06_sl065,-2.16512500000008,-3.21512500000008,-3.91512500000008,0,0,0,1,3.21512500000008,50.149999999999636,16.190000000000055,0.6331068560840003,7.660000000000309,0.3694516971279129,5.360000000000127,6.175000000000068,0.388,-1.0,,,12,1,8.0,2024
2024-08-29 12:00:00+00:00|1.0|sess_comp_exp_follow_london_h12_q0.3_tp06_sl065,2024-08-29 12:00:00+00:00,STAGE28A,data/reports/stage28a_discovery_factory_batch_runner/stage28a_exact_trades.csv,session_compression_expansion_v1,sess_comp_exp_follow_london_h12_q0.3_tp06_sl065,-2.056250000000182,-3.106250000000182,-3.8062500000001815,0,0,0,1,3.106250000000182,35.45000000000027,12.860000000000127,0.7449455676516199,10.539999999999964,0.5910815939278975,4.980000000000018,4.961999999999989,0.148,1.0,,,12,3,8.0,2024
2024-09-06 12:00:00+00:00|-1.0|sess_comp_exp_follow_london_h12_q0.3_tp06_sl065,2024-09-06 12:00:00+00:00,STAGE28A,data/reports/stage28a_discovery_factory_batch_runner/stage28a_exact_trades.csv,session_compression_expansion_v1,sess_comp_exp_follow_london_h12_q0.3_tp06_sl065,-1.5388500000000025,-2.588850000000002,-3.288850000000002,0,0,0,0,2.588850000000002,29.690000000000055,5.369999999999891,0.3873370577281135,6.360000000000127,0.14622641509431095,2.7399999999997817,3.8994999999999664,0.044,-1.0,,,12,4,9.0,2024
2024-09-10 12:00:00+00:00|-1.0|sess_comp_exp_follow_london_h12_q0.3_tp06_sl065,2024-09-10 12:00:00+00:00,STAGE28A,data/reports/stage28a_discovery_factory_batch_runner/stage28a_exact_trades.csv,session_compression_expansion_v1,sess_comp_exp_follow_london_h12_q0.3_tp06_sl065,-1.6860750000001643,-2.7360750000001643,-3.436075000000164,0,0,0,0,2.7360750000001643,21.75,6.220000000000255,0.7202572347266616,7.599999999999909,0.4552631578947471,2.980000000000018,3.9784999999999853,0.076,-1.0,,,12,1,9.0,2024
2024-09-12 12:00:00+00:00|1.0|sess_comp_exp_follow_london_h12_q0.3_tp06_sl065,2024-09-12 12:00:00+00:00,STAGE28A,data/reports/stage28a_discovery_factory_batch_runner/stage28a_exact_trades.csv,session_compression_expansion_v1,sess_comp_exp_follow_london_h12_q0.3_tp06_sl065,-1.5459999999999128,-2.5959999999999126,-3.2959999999999123,0,0,0,0,2.5959999999999126,28.09999999999991,5.139999999999873,0.5992217898832691,7.850000000000364,0.36687898089171667,4.170000000000073,4.141499999999951,0.112,1.0,,,12,3,9.0,2024
2024-09-13 12:00:00+00:00|1.0|sess_comp_exp_follow_london_h12_q0.3_tp06_sl065,2024-09-13 12:00:00+00:00,STAGE28A,data/reports/stage28a_discovery_factory_batch_runner/stage28a_exact_trades.csv,session_compression_expansion_v1,sess_comp_exp_follow_london_h12_q0.3_tp06_sl065,1.3492000000000188,0.299200000000019,-0.4007999999999807,1,0,1,0,0.299200000000019,49.059999999999945,13.38000000000011,0.7825112107623104,9.980000000000018,0.0621242484970285,5.279999999999745,6.62950000000003,0.808,1.0,,,12,4,9.0,2024
2024-10-10 12:00:00+00:00|1.0|sess_comp_exp_follow_london_h12_q0.3_tp06_sl065,2024-10-10 12:00:00+00:00,STAGE28A,data/reports/stage28a_discovery_factory_batch_runner/stage28a_exact_trades.csv,session_compression_expansion_v1,sess_comp_exp_follow_london_h12_q0.3_tp06_sl065,1.027599999999802,-0.0224000000001978,-0.7224000000001976,0,0,0,0,0.0224000000001978,19.230000000000018,10.960000000000036,0.2636861313868903,8.2199999999998,0.6630170316301643,3.769999999999982,5.151999999999998,0.088,1.0,,,12,3,10.0,2024
2024-10-11 12:00:00+00:00|-1.0|sess_comp_exp_follow_london_h12_q0.3_tp06_sl065,2024-10-11 12:00:00+00:00,STAGE28A,data/reports/stage28a_discovery_factory_batch_runner/stage28a_exact_trades.csv,session_compression_expansion_v1,sess_comp_exp_follow_london_h12_q0.3_tp06_sl065,1.0858000000001993,0.0358000000001994,-0.6641999999998003,1,0,0,0,0.0358000000001994,25.800000000000182,17.980000000000018,0.9566184649610567,10.989999999999782,0.6960873521383296,7.139999999999873,6.407000000000016,0.424,-1.0,,,12,4,10.0,2024
2024-10-17 12:00:00+00:00|1.0|sess_comp_exp_follow_london_h12_q0.3_tp06_sl065,2024-10-17 12:00:00+00:00,STAGE28A,data/reports/stage28a_discovery_factory_batch_runner/stage28a_exact_trades.csv,session_compression_expansion_v1,sess_comp_exp_follow_london_h12_q0.3_tp06_sl065,-2.1625249999998237,-3.212524999999823,-3.912524999999823,0,0,0,1,3.212524999999823,26.559999999999945,11.63000000000011,0.2579535683576932,9.230000000000018,0.2979414951245931,3.8799999999996544,5.10349999999994,0.08,1.0,,,12,3,10.0,2024
2024-10-22 12:00:00+00:00|1.0|sess_comp_exp_follow_london_h12_q0.3_tp06_sl065,2024-10-22 12:00:00+00:00,STAGE28A,data/reports/stage28a_discovery_factory_batch_runner/stage28a_exact_trades.csv,session_compression_expansion_v1,sess_comp_exp_follow_london_h12_q0.3_tp06_sl065,-2.0006749999998648,-3.0506749999998646,-3.750674999999864,0,0,0,0,3.0506749999998646,26.529999999999745,14.860000000000127,0.6917900403768581,9.539999999999964,0.06918238993709193,6.889999999999873,5.848999999999978,0.44,1.0,,,12,1,10.0,2024
2024-12-10 12:00:00+00:00|-1.0|sess_comp_exp_follow_london_h12_q0.3_tp06_sl065,2024-12-10 12:00:00+00:00,STAGE28A,data/reports/stage28a_discovery_factory_batch_runner/stage28a_exact_trades.csv,session_compression_expansion_v1,sess_comp_exp_follow_london_h12_q0.3_tp06_sl065,-2.2216749999998684,-3.271674999999868,-3.971674999999868,0,0,0,1,3.271674999999868,48.84999999999991,15.91000000000031,0.6140791954745598,15.539999999999964,0.3301158301158379,5.300000000000182,5.652000000000021,0.132,-1.0,,,12,1,12.0,2024
2024-12-12 12:00:00+00:00|1.0|sess_comp_exp_follow_london_h12_q0.3_tp06_sl065,2024-12-12 12:00:00+00:00,STAGE28A,data/reports/stage28a_discovery_factory_batch_runner/stage28a_exact_trades.csv,session_compression_expansion_v1,sess_comp_exp_follow_london_h12_q0.3_tp06_sl065,-2.361425000000145,-3.4114250000001447,-4.111425000000144,0,0,0,1,3.4114250000001447,46.590000000000146,26.139999999999873,0.2895944912012319,10.640000000000327,0.09586466165413068,4.6599999999998545,7.132499999999982,0.624,1.0,,,12,3,12.0,2024
2024-12-18 12:00:00+00:00|1.0|sess_comp_exp_follow_london_h12_q0.3_tp06_sl065,2024-12-18 12:00:00+00:00,STAGE28A,data/reports/stage28a_discovery_factory_batch_runner/stage28a_exact_trades.csv,session_compression_expansion_v1,sess_comp_exp_follow_london_h12_q0.3_tp06_sl065,-1.9181250000002368,-2.9681250000002364,-3.668125000000236,0,0,0,0,2.9681250000002364,25.659999999999854,9.079999999999927,0.2444933920704645,7.559999999999945,0.42857142857146296,3.7599999999997635,4.6720000000000255,0.016,1.0,,,12,2,12.0,2024
2024-12-23 12:00:00+00:00|1.0|sess_comp_exp_follow_london_h12_q0.3_tp06_sl065,2024-12-23 12:00:00+00:00,STAGE28A,data/reports/stage28a_discovery_factory_batch_runner/stage28a_exact_trades.csv,session_compression_expansion_v1,sess_comp_exp_follow_london_h12_q0.3_tp06_sl065,1.2229000000001178,0.1729000000001179,-0.5270999999998818,1,0,1,0,0.1729000000001179,3.1600000000003092,10.0,0.1069999999999709,14.389999999999873,0.44336344683809353,4.690000000000055,5.874000000000047,0.248,1.0,,,12,0,12.0,2024
2024-12-24 12:00:00+00:00|-1.0|sess_comp_exp_follow_london_h12_q0.3_tp06_sl065,2024-12-24 12:00:00+00:00,STAGE28A,data/reports/stage28a_discovery_factory_batch_runner/stage28a_exact_trades.csv,session_compression_expansion_v1,sess_comp_exp_follow_london_h12_q0.3_tp06_sl065,0.9198999999997796,-0.1301000000002203,-0.8301000000002201,0,0,0,0,0.1301000000002203,25.279999999999745,8.889999999999873,0.5129358830146243,8.309999999999945,0.5571600481347941,5.1599999999998545,4.164999999999987,0.008,-1.0,,,12,1,12.0,2024
2024-12-26 12:00:00+00:00|1.0|sess_comp_exp_follow_london_h12_q0.3_tp06_sl065,2024-12-26 12:00:00+00:00,STAGE28A,data/reports/stage28a_discovery_factory_batch_runner/stage28a_exact_trades.csv,session_compression_expansion_v1,sess_comp_exp_follow_london_h12_q0.3_tp06_sl065,0.8380000000001019,-0.211999999999898,-0.9119999999998978,0,0,0,0,0.211999999999898,7.519999999999982,16.299999999999727,0.5539877300613713,6.049999999999727,0.2264462809917277,2.3600000000001273,4.461500000000024,0.092,1.0,,,12,3,12.0,2024
2025-01-02 12:00:00+00:00|1.0|sess_comp_exp_follow_london_h12_q0.3_tp06_sl065,2025-01-02 12:00:00+00:00,STAGE28A,data/reports/stage28a_discovery_factory_batch_runner/stage28a_exact_trades.csv,session_compression_expansion_v1,sess_comp_exp_follow_london_h12_q0.3_tp06_sl065,-2.099475000000075,-3.149475000000075,-3.8494750000000746,0,0,0,1,3.149475000000075,4.2800000000002,14.769999999999982,0.6899119837508508,15.090000000000146,0.5765407554671792,4.0300000000002,5.122000000000071,0.38,1.0,,,12,3,1.0,2025
2025-01-07 12:00:00+00:00|1.0|sess_comp_exp_follow_london_h12_q0.3_tp06_sl065,2025-01-07 12:00:00+00:00,STAGE28A,data/reports/stage28a_discovery_factory_batch_runner/stage28a_exact_trades.csv,session_compression_expansion_v1,sess_comp_exp_follow_london_h12_q0.3_tp06_sl065,1.3225000000001272,0.2725000000001274,-0.4274999999998723,1,0,1,0,0.2725000000001274,35.13000000000011,8.300000000000182,0.4325301204819358,9.7800000000002,0.575664621676891,4.029999999999745,5.464499999999975,0.52,1.0,,,12,1,1.0,2025
2025-01-08 12:00:00+00:00|1.0|sess_comp_exp_follow_london_h12_q0.3_tp06_sl065,2025-01-08 12:00:00+00:00,STAGE28A,data/reports/stage28a_discovery_factory_batch_runner/stage28a_exact_trades.csv,session_compression_expansion_v1,sess_comp_exp_follow_london_h12_q0.3_tp06_sl065,0.9156999999999244,-0.1343000000000755,-0.8343000000000753,0,0,0,0,0.1343000000000755,31.429999999999836,6.260000000000218,0.4536741214056856,8.420000000000073,0.7304038004750639,3.150000000000091,4.76700000000003,0.264,1.0,,,12,2,1.0,2025
2025-01-09 12:00:00+00:00|1.0|sess_comp_exp_follow_london_h12_q0.3_tp06_sl065,2025-01-09 12:00:00+00:00,STAGE28A,data/reports/stage28a_discovery_factory_batch_runner/stage28a_exact_trades.csv,session_compression_expansion_v1,sess_comp_exp_follow_london_h12_q0.3_tp06_sl065,1.258299999999872,0.208299999999872,-0.4917000000001277,1,0,1,0,0.208299999999872,24.700000000000273,7.650000000000091,0.44836601307192814,10.929999999999836,0.7758462946020261,4.130000000000109,5.973500000000035,0.728,1.0,,,12,3,1.0,2025
2025-01-13 12:00:00+00:00|-1.0|sess_comp_exp_follow_london_h12_q0.3_tp06_sl065,2025-01-13 12:00:00+00:00,STAGE28A,data/reports/stage28a_discovery_factory_batch_runner/stage28a_exact_trades.csv,session_compression_expansion_v1,sess_comp_exp_follow_london_h12_q0.3_tp06_sl065,-2.4004249999999048,-3.4504249999999046,-4.150424999999904,0,0,0,1,3.4504249999999046,5.670000000000073,13.900000000000091,0.39999999999999347,14.190000000000055,0.45031712473571867,5.360000000000127,6.6055000000000295,0.848,-1.0,,,12,0,1.0,2025
2025-01-24 12:00:00+00:00|1.0|sess_comp_exp_follow_london_h12_q0.3_tp06_sl065,2025-01-24 12:00:00+00:00,STAGE28A,data/reports/stage28a_discovery_factory_batch_runner/stage28a_exact_trades.csv,session_compression_expansion_v1,sess_comp_exp_follow_london_h12_q0.3_tp06_sl065,-2.1579750000001696,-3.207975000000169,-3.907975000000169,0,0,0,1,3.207975000000169,23.25,23.940000000000055,0.7263993316624826,8.300000000000182,0.44578313253014357,6.769999999999982,5.84699999999998,0.492,1.0,,,12,4,1.0,2025
2025-01-29 12:00:00+00:00|1.0|sess_comp_exp_follow_london_h12_q0.3_tp06_sl065,2025-01-29 12:00:00+00:00,STAGE28A,data/reports/stage28a_discovery_factory_batch_runner/stage28a_exact_trades.csv,session_compression_expansion_v1,sess_comp_exp_follow_london_h12_q0.3_tp06_sl065,0.9520000000001346,-0.0979999999998653,-0.797999999999865,0,0,0,0,0.0979999999998653,30.639999999999873,4.730000000000018,0.061310782241006875,8.909999999999854,0.48260381593717755,3.7899999999999636,3.5335000000000036,0.016,1.0,,,12,2,1.0,2025
2025-01-31 12:00:00+00:00|-1.0|sess_comp_exp_follow_london_h12_q0.3_tp06_sl065,2025-01-31 12:00:00+00:00,STAGE28A,data/reports/stage28a_discovery_factory_batch_runner/stage28a_exact_trades.csv,session_compression_expansion_v1,sess_comp_exp_follow_london_h12_q0.3_tp06_sl065,-2.0708749999999783,-3.120874999999978,-3.820874999999978,0,0,0,1,3.120874999999978,40.40000000000009,7.369999999999891,0.03799185888734728,10.140000000000327,0.16074950690331377,3.6700000000000728,5.485499999999979,0.412,-1.0,,,12,4,1.0,2025
2025-02-18 12:00:00+00:00|1.0|sess_comp_exp_follow_london_h12_q0.3_tp06_sl065,2025-02-18 12:00:00+00:00,STAGE28A,data/reports/stage28a_discovery_factory_batch_runner/stage28a_exact_trades.csv,session_compression_expansion_v1,sess_comp_exp_follow_london_h12_q0.3_tp06_sl065,1.3047999999997957,0.2547999999997956,-0.4452000000002041,1,0,1,0,0.2547999999997956,28.340000000000146,19.059999999999945,0.600734522560328,8.389999999999873,0.07866507747322041,3.3900000000003274,4.717500000000041,0.012,1.0,,,12,1,2.0,2025
2025-06-25 12:00:00+00:00|-1.0|sess_comp_exp_follow_london_h12_q0.3_tp06_sl065,2025-06-25 12:00:00+00:00,STAGE28A,data/reports/stage28a_discovery_factory_batch_runner/stage28a_exact_trades.csv,session_compression_expansion_v1,sess_comp_exp_follow_london_h12_q0.3_tp06_sl065,-2.670174999999836,-3.720174999999836,-4.420174999999835,0,0,0,1,3.720174999999836,74.55999999999995,14.210000000000036,0.4693877551020447,15.5,0.19935483870965748,5.849999999999909,7.374499999999943,0.004,-1.0,,,12,2,6.0,2025
2025-07-04 12:00:00+00:00|1.0|sess_comp_exp_follow_london_h12_q0.3_tp06_sl065,2025-07-04 12:00:00+00:00,STAGE28A,data/reports/stage28a_discovery_factory_batch_runner/stage28a_exact_trades.csv,session_compression_expansion_v1,sess_comp_exp_follow_london_h12_q0.3_tp06_sl065,1.3513000000001738,0.301300000000174,-0.3986999999998257,1,0,1,0,0.301300000000174,54.36999999999989,15.200000000000273,0.6059210526315705,12.009999999999764,0.32556203164029407,3.2899999999999636,6.361000000000035,0.02,1.0,,,12,4,7.0,2025
2025-07-07 12:00:00+00:00|-1.0|sess_comp_exp_follow_london_h12_q0.3_tp06_sl065,2025-07-07 12:00:00+00:00,STAGE28A,data/reports/stage28a_discovery_factory_batch_runner/stage28a_exact_trades.csv,session_compression_expansion_v1,sess_comp_exp_follow_london_h12_q0.3_tp06_sl065,2.328699999999935,1.278699999999935,0.5786999999999356,1,1,1,0,1.278699999999935,10.329999999999927,36.67000000000007,0.6152167984728634,14.470000000000255,0.13407049067032245,11.470000000000255,8.189999999999964,0.468,-1.0,,,12,0,7.0,2025
2025-07-11 12:00:00+00:00|-1.0|sess_comp_exp_follow_london_h12_q0.3_tp06_sl065,2025-07-11 12:00:00+00:00,STAGE28A,data/reports/stage28a_discovery_factory_batch_runner/stage28a_exact_trades.csv,session_compression_expansion_v1,sess_comp_exp_follow_london_h12_q0.3_tp06_sl065,-3.1115249999998924,-4.161524999999893,-4.861524999999892,0,0,0,1,4.161524999999893,20.15000000000009,14.420000000000073,0.7302357836338521,14.16000000000031,0.4067796610169557,11.0300000000002,7.511500000000001,0.312,-1.0,,,12,4,7.0,2025
2025-07-15 12:00:00+00:00|1.0|sess_comp_exp_follow_london_h12_q0.3_tp06_sl065,2025-07-15 12:00:00+00:00,STAGE28A,data/reports/stage28a_discovery_factory_batch_runner/stage28a_exact_trades.csv,session_compression_expansion_v1,sess_comp_exp_follow_london_h12_q0.3_tp06_sl065,-2.5690999999997985,-3.6190999999997984,-4.319099999999798,0,0,0,1,3.6190999999997984,34.059999999999945,17.06999999999971,0.7158758055067641,9.0,0.6077777777777555,8.809999999999945,6.257000000000039,0.044,1.0,,,12,1,7.0,2025
2025-07-16 12:00:00+00:00|1.0|sess_comp_exp_follow_london_h12_q0.3_tp06_sl065,2025-07-16 12:00:00+00:00,STAGE28A,data/reports/stage28a_discovery_factory_batch_runner/stage28a_exact_trades.csv,session_compression_expansion_v1,sess_comp_exp_follow_london_h12_q0.3_tp06_sl065,1.2240999999998166,0.1740999999998167,-0.525900000000183,1,0,1,0,0.1740999999998167,46.159999999999854,11.390000000000327,0.678665496049148,10.139999999999873,0.5601577909270574,5.070000000000164,7.418499999999949,0.328,1.0,,,12,2,7.0,2025
2025-07-22 12:00:00+00:00|-1.0|sess_comp_exp_follow_london_h12_q0.3_tp06_sl065,2025-07-22 12:00:00+00:00,STAGE28A,data/reports/stage28a_discovery_factory_batch_runner/stage28a_exact_trades.csv,session_compression_expansion_v1,sess_comp_exp_follow_london_h12_q0.3_tp06_sl065,1.1278000000001156,0.0778000000001157,-0.622199999999884,1,0,0,0,0.0778000000001157,56.7199999999998,17.450000000000273,0.38739255014327295,9.409999999999854,0.6992561105207257,3.8700000000003456,6.388499999999999,0.156,-1.0,,,12,1,7.0,2025
2025-07-23 12:00:00+00:00|1.0|sess_comp_exp_follow_london_h12_q0.3_tp06_sl065,2025-07-23 12:00:00+00:00,STAGE28A,data/reports/stage28a_discovery_factory_batch_runner/stage28a_exact_trades.csv,session_compression_expansion_v1,sess_comp_exp_follow_london_h12_q0.3_tp06_sl065,1.7274999999998726,0.6774999999998728,-0.0225000000001269,1,0,1,0,0.6774999999998728,50.26999999999998,19.579999999999927,0.24463738508682234,17.449999999999818,0.462464183381077,8.109999999999673,7.749999999999932,0.588,1.0,,,12,2,7.0,2025
2025-07-28 12:00:00+00:00|-1.0|sess_comp_exp_follow_london_h12_q0.3_tp06_sl065,2025-07-28 12:00:00+00:00,STAGE28A,data/reports/stage28a_discovery_factory_batch_runner/stage28a_exact_trades.csv,session_compression_expansion_v1,sess_comp_exp_follow_london_h12_q0.3_tp06_sl065,-2.533024999999816,-3.583024999999816,-4.283024999999816,0,0,0,1,3.583024999999816,18.269999999999982,26.029999999999745,0.5220898962735412,12.829999999999927,0.4263445050662378,6.440000000000055,8.323999999999888,0.724,-1.0,,,12,0,7.0,2025
2025-07-30 12:00:00+00:00|1.0|sess_comp_exp_follow_london_h12_q0.3_tp06_sl065,2025-07-30 12:00:00+00:00,STAGE28A,data/reports/stage28a_discovery_factory_batch_runner/stage28a_exact_trades.csv,session_compression_expansion_v1,sess_comp_exp_follow_london_h12_q0.3_tp06_sl065,-2.473874999999771,-3.5238749999997707,-4.2238749999997705,0,0,0,1,3.5238749999997707,26.38000000000011,11.730000000000018,0.06308610400684019,10.860000000000127,0.2651933701657528,5.839999999999691,6.700500000000057,0.212,1.0,,,12,2,7.0,2025
2025-08-04 12:00:00+00:00|-1.0|sess_comp_exp_follow_london_h12_q0.3_tp06_sl065,2025-08-04 12:00:00+00:00,STAGE28A,data/reports/stage28a_discovery_factory_batch_runner/stage28a_exact_trades.csv,session_compression_expansion_v1,sess_comp_exp_follow_london_h12_q0.3_tp06_sl065,-2.6545750000001136,-3.7045750000001134,-4.404575000000113,0,0,0,1,3.7045750000001134,11.5300000000002,24.079999999999927,0.04734219269104364,10.960000000000036,0.21350364963504906,5.640000000000327,8.285000000000036,0.656,-1.0,,,12,0,8.0,2025
2025-08-05 12:00:00+00:00|-1.0|sess_comp_exp_follow_london_h12_q0.3_tp06_sl065,2025-08-05 12:00:00+00:00,STAGE28A,data/reports/stage28a_discovery_factory_batch_runner/stage28a_exact_trades.csv,session_compression_expansion_v1,sess_comp_exp_follow_london_h12_q0.3_tp06_sl065,1.515400000000136,0.4654000000001361,-0.2345999999998635,1,0,1,0,0.4654000000001361,40.25999999999976,10.429999999999836,0.2550335570470135,16.519999999999982,0.7481840193704686,8.570000000000164,6.284500000000003,0.056,-1.0,,,12,1,8.0,2025
2025-08-06 12:00:00+00:00|-1.0|sess_comp_exp_follow_london_h12_q0.3_tp06_sl065,2025-08-06 12:00:00+00:00,STAGE28A,data/reports/stage28a_discovery_factory_batch_runner/stage28a_exact_trades.csv,session_compression_expansion_v1,sess_comp_exp_follow_london_h12_q0.3_tp06_sl065,1.621599999999853,0.5715999999998531,-0.1284000000001466,1,0,1,0,0.5715999999998531,40.220000000000255,12.699999999999818,0.4,20.40000000000009,0.7725490196078504,9.740000000000236,6.628500000000008,0.096,-1.0,,,12,2,8.0,2025
2025-08-15 12:00:00+00:00|-1.0|sess_comp_exp_follow_london_h12_q0.3_tp06_sl065,2025-08-15 12:00:00+00:00,STAGE28A,data/reports/stage28a_discovery_factory_batch_runner/stage28a_exact_trades.csv,session_compression_expansion_v1,sess_comp_exp_follow_london_h12_q0.3_tp06_sl065,-2.640600000000268,-3.690600000000268,-4.390600000000267,0,0,0,1,3.690600000000268,45.40000000000009,12.629999999999654,0.795724465558231,10.309999999999945,0.07468477206595402,9.88000000000011,6.41749999999995,0.064,-1.0,,,12,4,8.0,2025
2025-08-18 12:00:00+00:00|1.0|sess_comp_exp_follow_london_h12_q0.3_tp06_sl065,2025-08-18 12:00:00+00:00,STAGE28A,data/reports/stage28a_discovery_factory_batch_runner/stage28a_exact_trades.csv,session_compression_expansion_v1,sess_comp_exp_follow_london_h12_q0.3_tp06_sl065,-2.5989999999997964,-3.648999999999796,-4.348999999999796,0,0,0,1,3.648999999999796,6.019999999999982,28.190000000000055,0.4522880454061715,13.799999999999727,0.07608695652172086,5.339999999999691,7.390500000000043,0.38,1.0,,,12,0,8.0,2025
2025-08-19 12:00:00+00:00|1.0|sess_comp_exp_follow_london_h12_q0.3_tp06_sl065,2025-08-19 12:00:00+00:00,STAGE28A,data/reports/stage28a_discovery_factory_batch_runner/stage28a_exact_trades.csv,session_compression_expansion_v1,sess_comp_exp_follow_london_h12_q0.3_tp06_sl065,1.4061999999998078,0.356199999999808,-0.3438000000001917,1,0,1,0,0.356199999999808,34.79999999999973,15.579999999999927,0.21694480102696564,7.289999999999964,0.20301783264746578,4.420000000000073,5.1424999999999725,0.016,1.0,,,12,1,8.0,2025
2025-08-20 12:00:00+00:00|1.0|sess_comp_exp_follow_london_h12_q0.3_tp06_sl065,2025-08-20 12:00:00+00:00,STAGE28A,data/reports/stage28a_discovery_factory_batch_runner/stage28a_exact_trades.csv,session_compression_expansion_v1,sess_comp_exp_follow_london_h12_q0.3_tp06_sl065,-2.0387000000001536,-3.088700000000153,-3.788700000000153,0,0,0,1,3.088700000000153,30.36999999999989,7.0300000000002,0.09246088193457645,10.38000000000011,0.8333333333333334,4.6599999999998545,5.548500000000013,0.064,1.0,,,12,2,8.0,2025
2025-08-21 12:00:00+00:00|-1.0|sess_comp_exp_follow_london_h12_q0.3_tp06_sl065,2025-08-21 12:00:00+00:00,STAGE28A,data/reports/stage28a_discovery_factory_batch_runner/stage28a_exact_trades.csv,session_compression_expansion_v1,sess_comp_exp_follow_london_h12_q0.3_tp06_sl065,1.0882000000000516,0.0382000000000517,-0.661799999999948,1,0,0,0,0.0382000000000517,38.88999999999987,12.33999999999969,0.793354943273923,7.849999999999909,0.09044585987261715,3.4699999999998,4.92800000000002,0.028,-1.0,,,12,3,8.0,2025
2025-08-22 12:00:00+00:00|-1.0|sess_comp_exp_follow_london_h12_q0.3_tp06_sl065,2025-08-22 12:00:00+00:00,STAGE28A,data/reports/stage28a_discovery_factory_batch_runner/stage28a_exact_trades.csv,session_compression_expansion_v1,sess_comp_exp_follow_london_h12_q0.3_tp06_sl065,1.3506999999998697,0.3006999999998698,-0.3993000000001299,1,0,1,0,0.3006999999998698,26.9699999999998,9.139999999999873,0.7647702407002553,9.659999999999854,0.1946169772256871,5.230000000000018,5.090000000000009,0.064,-1.0,,,12,4,8.0,2025
2025-08-25 12:00:00+00:00|-1.0|sess_comp_exp_follow_london_h12_q0.3_tp06_sl065,2025-08-25 12:00:00+00:00,STAGE28A,data/reports/stage28a_discovery_factory_batch_runner/stage28a_exact_trades.csv,session_compression_expansion_v1,sess_comp_exp_follow_london_h12_q0.3_tp06_sl065,-1.6799000000001798,-2.72990000000018,-3.42990000000018,0,0,0,0,2.72990000000018,6.210000000000036,12.260000000000218,0.0016313213703084382,8.019999999999982,0.02369077306733853,3.4899999999997817,6.99350000000004,0.512,-1.0,,,12,0,8.0,2025
2025-08-26 12:00:00+00:00|1.0|sess_comp_exp_follow_london_h12_q0.3_tp06_sl065,2025-08-26 12:00:00+00:00,STAGE28A,data/reports/stage28a_discovery_factory_batch_runner/stage28a_exact_trades.csv,session_compression_expansion_v1,sess_comp_exp_follow_london_h12_q0.3_tp06_sl065,-2.667900000000009,-3.7179000000000086,-4.417900000000008,0,0,0,1,3.7179000000000086,16.389999999999873,35.129999999999654,0.22687161969826014,12.58999999999969,0.030182684670346602,4.389999999999873,8.015499999999998,0.816,1.0,,,12,1,8.0,2025
2025-08-27 12:00:00+00:00|1.0|sess_comp_exp_follow_london_h12_q0.3_tp06_sl065,2025-08-27 12:00:00+00:00,STAGE28A,data/reports/stage28a_discovery_factory_batch_runner/stage28a_exact_trades.csv,session_compression_expansion_v1,sess_comp_exp_follow_london_h12_q0.3_tp06_sl065,-2.21712499999976,-3.26712499999976,-3.96712499999976,0,0,0,1,3.26712499999976,42.19999999999982,13.800000000000182,0.7543478260869689,11.629999999999654,0.21066208082548113,3.9699999999998,5.653999999999996,0.288,1.0,,,12,2,8.0,2025
2025-08-28 12:00:00+00:00|1.0|sess_comp_exp_follow_london_h12_q0.3_tp06_sl065,2025-08-28 12:00:00+00:00,STAGE28A,data/reports/stage28a_discovery_factory_batch_runner/stage28a_exact_trades.csv,session_compression_expansion_v1,sess_comp_exp_follow_london_h12_q0.3_tp06_sl065,-2.0569000000001325,-3.1069000000001323,-3.806900000000132,0,0,0,1,3.1069000000001323,25.049999999999727,15.08999999999969,0.3770709078860286,13.86999999999989,0.6560922855083227,7.100000000000364,5.584000000000015,0.284,1.0,,,12,3,8.0,2025
2025-08-29 12:00:00+00:00|-1.0|sess_comp_exp_follow_london_h12_q0.3_tp06_sl065,2025-08-29 12:00:00+00:00,STAGE28A,data/reports/stage28a_discovery_factory_batch_runner/stage28a_exact_trades.csv,session_compression_expansion_v1,sess_comp_exp_follow_london_h12_q0.3_tp06_sl065,1.0368999999999686,-0.0131000000000311,-0.7131000000000309,0,0,0,0,0.0131000000000311,38.56999999999971,10.489999999999782,0.5633937082936108,8.269999999999982,0.44740024183800253,5.050000000000182,5.327499999999918,0.192,-1.0,,,12,4,8.0,2025
2025-09-03 12:00:00+00:00|1.0|sess_comp_exp_follow_london_h12_q0.3_tp06_sl065,2025-09-03 12:00:00+00:00,STAGE28A,data/reports/stage28a_discovery_factory_batch_runner/stage28a_exact_trades.csv,session_compression_expansion_v1,sess_comp_exp_follow_london_h12_q0.3_tp06_sl065,-2.8781749999999198,-3.928174999999919,-4.628174999999919,0,0,0,1,3.928174999999919,70.11000000000013,20.48999999999978,0.07369448511467934,14.86999999999989,0.24277067921991619,7.460000000000036,10.099500000000035,0.876,1.0,,,12,2,9.0,2025
2025-09-10 12:00:00+00:00|1.0|sess_comp_exp_follow_london_h12_q0.3_tp06_sl065,2025-09-10 12:00:00+00:00,STAGE28A,data/reports/stage28a_discovery_factory_batch_runner/stage28a_exact_trades.csv,session_compression_expansion_v1,sess_comp_exp_follow_london_h12_q0.3_tp06_sl065,1.9138000000001736,0.863800000000174,0.1638000000001742,1,1,1,0,0.863800000000174,48.75999999999976,21.710000000000036,0.044679871027167126,19.68000000000029,0.9563008130081243,5.539999999999964,10.797500000000037,0.74,1.0,,,12,2,9.0,2025
2025-09-15 12:00:00+00:00|-1.0|sess_comp_exp_follow_london_h12_q0.3_tp06_sl065,2025-09-15 12:00:00+00:00,STAGE28A,data/reports/stage28a_discovery_factory_batch_runner/stage28a_exact_trades.csv,session_compression_expansion_v1,sess_comp_exp_follow_london_h12_q0.3_tp06_sl065,1.5676000000002204,0.5176000000002206,-0.1823999999997791,1,0,1,0,0.5176000000002206,6.779999999999745,19.769999999999982,0.2063732928679783,13.239999999999782,0.3904833836857782,4.900000000000091,6.242499999999973,0.004,-1.0,,,12,0,9.0,2025
2025-12-05 12:00:00+00:00|1.0|sess_comp_exp_follow_london_h12_q0.3_tp06_sl065,2025-12-05 12:00:00+00:00,STAGE28A,data/reports/stage28a_discovery_factory_batch_runner/stage28a_exact_trades.csv,session_compression_expansion_v1,sess_comp_exp_follow_london_h12_q0.3_tp06_sl065,2.3904999999998835,1.3404999999998837,0.6404999999998839,1,1,1,0,1.3404999999998837,44.17000000000007,22.579999999999927,0.47387068201952004,16.470000000000255,0.37279902853674757,9.020000000000437,9.626500000000078,0.08,1.0,,,12,4,12.0,2025
2025-12-08 12:00:00+00:00|-1.0|sess_comp_exp_follow_london_h12_q0.3_tp06_sl065,2025-12-08 12:00:00+00:00,STAGE28A,data/reports/stage28a_discovery_factory_batch_runner/stage28a_exact_trades.csv,session_compression_expansion_v1,sess_comp_exp_follow_london_h12_q0.3_tp06_sl065,2.8584999999997307,1.8084999999997309,1.1084999999997311,1,1,1,0,1.8084999999997309,15.210000000000036,19.06999999999971,0.39066596748819776,17.710000000000036,0.29587803500850823,8.340000000000146,13.539500000000135,0.412,-1.0,,,12,0,12.0,2025
2025-12-11 12:00:00+00:00|1.0|sess_comp_exp_follow_london_h12_q0.3_tp06_sl065,2025-12-11 12:00:00+00:00,STAGE28A,data/reports/stage28a_discovery_factory_batch_runner/stage28a_exact_trades.csv,session_compression_expansion_v1,sess_comp_exp_follow_london_h12_q0.3_tp06_sl065,2.6373999999999795,1.5873999999999795,0.88739999999998,1,1,1,0,1.5873999999999795,56.650000000000546,39.13999999999942,0.4757281553398101,21.590000000000146,0.1491431218156662,11.079999999999927,13.86649999999995,0.68,1.0,,,12,3,12.0,2025
2025-12-18 12:00:00+00:00|-1.0|sess_comp_exp_follow_london_h12_q0.3_tp06_sl065,2025-12-18 12:00:00+00:00,STAGE28A,data/reports/stage28a_discovery_factory_batch_runner/stage28a_exact_trades.csv,session_compression_expansion_v1,sess_comp_exp_follow_london_h12_q0.3_tp06_sl065,2.1622000000001207,1.1122000000001209,0.4122000000001211,1,1,1,0,1.1122000000001209,47.26000000000022,18.51000000000022,0.390059427336584,16.73999999999978,0.3912783751493045,7.649999999999636,11.018499999999994,0.232,-1.0,,,12,3,12.0,2025
2025-12-19 12:00:00+00:00|1.0|sess_comp_exp_follow_london_h12_q0.3_tp06_sl065,2025-12-19 12:00:00+00:00,STAGE28A,data/reports/stage28a_discovery_factory_batch_runner/stage28a_exact_trades.csv,session_compression_expansion_v1,sess_comp_exp_follow_london_h12_q0.3_tp06_sl065,-3.13427499999998,-4.18427499999998,-4.884274999999979,0,0,0,1,4.18427499999998,65.72000000000025,27.599999999999454,0.44818840579710634,15.989999999999782,0.3089430894308735,9.13000000000011,14.62649999999985,0.828,1.0,,,12,4,12.0,2025
2025-12-26 12:00:00+00:00|1.0|sess_comp_exp_follow_london_h12_q0.3_tp06_sl065,2025-12-26 12:00:00+00:00,STAGE28A,data/reports/stage28a_discovery_factory_batch_runner/stage28a_exact_trades.csv,session_compression_expansion_v1,sess_comp_exp_follow_london_h12_q0.3_tp06_sl065,-3.7010749999995824,-4.751074999999583,-5.451074999999582,0,0,0,1,4.751074999999583,30.289999999999964,61.48999999999978,0.22767929744674012,17.50999999999931,0.311250713877786,8.420000000000073,18.053999999999906,0.9,1.0,,,12,4,12.0,2025
2026-01-19 12:00:00+00:00|1.0|sess_comp_exp_follow_london_h12_q0.3_tp06_sl065,2026-01-19 12:00:00+00:00,STAGE28A,data/reports/stage28a_discovery_factory_batch_runner/stage28a_exact_trades.csv,session_compression_expansion_v1,sess_comp_exp_follow_london_h12_q0.3_tp06_sl065,-4.326050000000214,-5.376050000000214,-6.076050000000214,0,0,0,1,5.376050000000214,70.75,70.75,0.13371024734982384,17.730000000000473,0.0383530738860842,10.759999999999309,24.437500000000046,0.96,1.0,,,12,0,1.0,2026
2026-04-20 12:00:00+00:00|1.0|sess_comp_exp_follow_london_h12_q0.3_tp06_sl065,2026-04-20 12:00:00+00:00,STAGE28A,data/reports/stage28a_discovery_factory_batch_runner/stage28a_exact_trades.csv,session_compression_expansion_v1,sess_comp_exp_follow_london_h12_q0.3_tp06_sl065,-5.310149999999885,-6.360149999999885,-7.060149999999885,0,0,0,1,6.360149999999885,36.82000000000062,77.25,0.15093851132685895,26.13000000000011,0.027171833141983674,10.090000000000146,21.986500000000024,0.6,1.0,,,12,0,4.0,2026
2026-04-21 12:00:00+00:00|-1.0|sess_comp_exp_follow_london_h12_q0.3_tp06_sl065,2026-04-21 12:00:00+00:00,STAGE28A,data/reports/stage28a_discovery_factory_batch_runner/stage28a_exact_trades.csv,session_compression_expansion_v1,sess_comp_exp_follow_london_h12_q0.3_tp06_sl065,-5.905550000000039,-6.95555000000004,-7.655550000000039,0,0,0,1,6.95555000000004,90.67000000000007,40.399999999999636,0.7566831683168312,25.050000000000182,0.5417165668662519,18.039999999999964,14.880999999999949,0.044,-1.0,,,12,1,4.0,2026
2026-04-22 12:00:00+00:00|-1.0|sess_comp_exp_follow_london_h12_q0.3_tp06_sl065,2026-04-22 12:00:00+00:00,STAGE28A,data/reports/stage28a_discovery_factory_batch_runner/stage28a_exact_trades.csv,session_compression_expansion_v1,sess_comp_exp_follow_london_h12_q0.3_tp06_sl065,3.1893999999996594,2.13939999999966,1.4393999999996598,1,1,1,0,2.13939999999966,164.42000000000007,49.36000000000058,0.7803889789302891,19.909999999999854,0.14364640883980928,10.279999999999745,23.436499999999977,0.748,-1.0,,,12,2,4.0,2026
2026-04-27 12:00:00+00:00|-1.0|sess_comp_exp_follow_london_h12_q0.3_tp06_sl065,2026-04-27 12:00:00+00:00,STAGE28A,data/reports/stage28a_discovery_factory_batch_runner/stage28a_exact_trades.csv,session_compression_expansion_v1,sess_comp_exp_follow_london_h12_q0.3_tp06_sl065,2.959900000000198,1.909900000000198,1.2099000000001985,1,1,1,0,1.909900000000198,19.25,57.220000000000255,0.6957357567284206,30.449999999999818,0.671592775041049,9.30999999999949,14.895000000000072,0.096,-1.0,,,12,0,4.0,2026
2026-05-13 12:00:00+00:00|1.0|sess_comp_exp_follow_london_h12_q0.3_tp06_sl065,2026-05-13 12:00:00+00:00,STAGE28A,data/reports/stage28a_discovery_factory_batch_runner/stage28a_exact_trades.csv,session_compression_expansion_v1,sess_comp_exp_follow_london_h12_q0.3_tp06_sl065,3.947199999999975,2.897199999999976,2.197199999999976,1,1,1,0,2.897199999999976,134.8199999999997,38.69000000000051,0.5420005169294386,29.390000000000327,0.16570261993874913,9.789999999999964,15.846500000000015,0.116,1.0,,,12,2,5.0,2026
2026-05-19 12:00:00+00:00|-1.0|sess_comp_exp_follow_london_h12_q0.3_tp06_sl065,2026-05-19 12:00:00+00:00,STAGE28A,data/reports/stage28a_discovery_factory_batch_runner/stage28a_exact_trades.csv,session_compression_expansion_v1,sess_comp_exp_follow_london_h12_q0.3_tp06_sl065,-6.581549999999515,-7.631549999999516,-8.331549999999515,0,0,0,1,7.631549999999516,103.57999999999993,45.600000000000364,0.634210526315786,28.25999999999931,0.11075725406936256,22.69000000000051,18.02049999999995,0.324,-1.0,,,12,1,5.0,2026
2026-05-21 12:00:00+00:00|1.0|sess_comp_exp_follow_london_h12_q0.3_tp06_sl065,2026-05-21 12:00:00+00:00,STAGE28A,data/reports/stage28a_discovery_factory_batch_runner/stage28a_exact_trades.csv,session_compression_expansion_v1,sess_comp_exp_follow_london_h12_q0.3_tp06_sl065,-6.0111750000001845,-7.061175000000185,-7.761175000000184,0,0,0,1,7.061175000000185,98.85000000000036,43.460000000000036,0.26346065347445485,31.13000000000011,0.08833922261484067,18.38000000000011,19.53149999999996,0.512,1.0,,,12,3,5.0,2026
2026-05-22 12:00:00+00:00|-1.0|sess_comp_exp_follow_london_h12_q0.3_tp06_sl065,2026-05-22 12:00:00+00:00,STAGE28A,data/reports/stage28a_discovery_factory_batch_runner/stage28a_exact_trades.csv,session_compression_expansion_v1,sess_comp_exp_follow_london_h12_q0.3_tp06_sl065,-5.537649999999848,-6.587649999999849,-7.287649999999848,0,0,0,1,6.587649999999849,81.88999999999942,27.229999999999563,0.5233198677928839,28.420000000000073,0.09570724841661674,13.979999999999563,16.46399999999985,0.092,-1.0,,,12,4,5.0,2026
2026-05-25 12:00:00+00:00|-1.0|sess_comp_exp_follow_london_h12_q0.3_tp06_sl065,2026-05-25 12:00:00+00:00,STAGE28A,data/reports/stage28a_discovery_factory_batch_runner/stage28a_exact_trades.csv,session_compression_expansion_v1,sess_comp_exp_follow_london_h12_q0.3_tp06_sl065,-4.021524999999746,-5.071524999999747,-5.771524999999746,0,0,0,1,5.071524999999747,23.219999999999345,37.50999999999931,0.1343641695547869,18.550000000000182,0.42318059299188016,11.640000000000327,14.026999999999907,0.008,-1.0,,,12,0,5.0,2026
2026-05-26 12:00:00+00:00|-1.0|sess_comp_exp_follow_london_h12_q0.3_tp06_sl065,2026-05-26 12:00:00+00:00,STAGE28A,data/reports/stage28a_discovery_factory_batch_runner/stage28a_exact_trades.csv,session_compression_expansion_v1,sess_comp_exp_follow_london_h12_q0.3_tp06_sl065,-5.121324999999706,-6.171324999999706,-6.871324999999706,0,0,0,1,6.171324999999706,37.50999999999931,52.36999999999989,0.6265037235058329,30.970000000000255,0.6293186955117733,18.799999999999272,13.93199999999988,0.096,-1.0,,,12,1,5.0,2026
2026-05-28 12:00:00+00:00|1.0|sess_comp_exp_follow_london_h12_q0.3_tp06_sl065,2026-05-28 12:00:00+00:00,STAGE28A,data/reports/stage28a_discovery_factory_batch_runner/stage28a_exact_trades.csv,session_compression_expansion_v1,sess_comp_exp_follow_london_h12_q0.3_tp06_sl065,4.949200000000383,3.899200000000383,3.199200000000383,1,1,1,0,3.899200000000383,126.31999999999971,97.43000000000029,0.8483013445550589,32.26000000000022,0.5855548667079755,8.989999999999782,18.55799999999981,0.52,1.0,,,12,3,5.0,2026
2026-05-29 12:00:00+00:00|1.0|sess_comp_exp_follow_london_h12_q0.3_tp06_sl065,2026-05-29 12:00:00+00:00,STAGE28A,data/reports/stage28a_discovery_factory_batch_runner/stage28a_exact_trades.csv,session_compression_expansion_v1,sess_comp_exp_follow_london_h12_q0.3_tp06_sl065,-5.680974999999853,-6.730974999999853,-7.430974999999853,0,0,0,1,6.730974999999853,149.91000000000076,31.609999999999673,0.3144574501739862,38.23000000000047,0.7737379021710583,14.950000000000728,16.15900000000006,0.16,1.0,,,12,4,5.0,2026
2026-06-04 12:00:00+00:00|-1.0|sess_comp_exp_follow_london_h12_q0.3_tp06_sl065,2026-06-04 12:00:00+00:00,STAGE28A,data/reports/stage28a_discovery_factory_batch_runner/stage28a_exact_trades.csv,session_compression_expansion_v1,sess_comp_exp_follow_london_h12_q0.3_tp06_sl065,-5.151225000000158,-6.201225000000159,-6.901225000000158,0,0,0,1,6.201225000000159,70.15000000000055,52.960000000000036,0.2736027190332283,25.360000000000582,0.2602523659305719,10.610000000000582,18.18199999999997,0.684,-1.0,,,12,3,6.0,2026
2026-06-09 12:00:00+00:00|-1.0|sess_comp_exp_follow_london_h12_q0.3_tp06_sl065,2026-06-09 12:00:00+00:00,STAGE28A,data/reports/stage28a_discovery_factory_batch_runner/stage28a_exact_trades.csv,session_compression_expansion_v1,sess_comp_exp_follow_london_h12_q0.3_tp06_sl065,-5.516849999999613,-6.566849999999613,-7.266849999999613,0,0,0,1,6.566849999999613,84.51999999999953,29.149999999999636,0.2957118353344768,30.11999999999989,0.13313413014609007,15.489999999999782,14.515499999999793,0.108,-1.0,,,12,1,6.0,2026
2022-07-22 13:00:00+00:00|1.0|vol_trans_follow_h1_low_to_high_h13_tp06_sl065,2022-07-22 13:00:00+00:00,STAGE28A,data/reports/stage28a_discovery_factory_batch_runner/stage28a_exact_trades.csv,volatility_transition_v1,vol_trans_follow_h1_low_to_high_h13_tp06_sl065,-1.90577500000004,-2.95577500000004,-3.6557750000000393,0,0,0,0,2.95577500000004,39.34999999999991,6.4500000000000455,0.5581395348837029,12.649999999999864,0.8426877470355887,8.009999999999991,3.8400000000000203,0.308,1.0,,,13,4,7.0,2022
2022-07-25 13:00:00+00:00|1.0|vol_trans_follow_h1_low_to_high_h13_tp06_sl065,2022-07-25 13:00:00+00:00,STAGE28A,data/reports/stage28a_discovery_factory_batch_runner/stage28a_exact_trades.csv,volatility_transition_v1,vol_trans_follow_h1_low_to_high_h13_tp06_sl065,0.9990999999999076,-0.0509000000000923,-0.750900000000092,0,0,0,0,0.0509000000000923,1.5700000000001637,8.950000000000045,0.13854748603351988,12.480000000000018,0.5993589743589749,7.980000000000018,3.9800000000000066,0.34,1.0,,,13,0,7.0,2022
2022-07-28 13:00:00+00:00|-1.0|vol_trans_follow_h1_low_to_high_h13_tp06_sl065,2022-07-28 13:00:00+00:00,STAGE28A,data/reports/stage28a_discovery_factory_batch_runner/stage28a_exact_trades.csv,volatility_transition_v1,vol_trans_follow_h1_low_to_high_h13_tp06_sl065,1.1112999999999371,0.0612999999999375,-0.6387000000000622,1,0,0,0,0.0612999999999375,28.660000000000082,7.730000000000018,0.18111254851230113,13.089999999999918,0.32773109243697407,6.100000000000136,4.770500000000004,0.708,-1.0,,,13,3,7.0,2022
2022-07-29 13:00:00+00:00|-1.0|vol_trans_follow_h1_low_to_high_h13_tp06_sl065,2022-07-29 13:00:00+00:00,STAGE28A,data/reports/stage28a_discovery_factory_batch_runner/stage28a_exact_trades.csv,volatility_transition_v1,vol_trans_follow_h1_low_to_high_h13_tp06_sl065,1.1770000000000436,0.1270000000000437,-0.572999999999956,1,0,0,0,0.1270000000000437,23.1400000000001,11.269999999999982,0.6752440106477295,11.579999999999927,0.22625215889465758,8.099999999999909,3.908499999999981,0.392,-1.0,,,13,4,7.0,2022
2022-08-01 13:00:00+00:00|1.0|vol_trans_follow_h1_low_to_high_h13_tp06_sl065,2022-08-01 13:00:00+00:00,STAGE28A,data/reports/stage28a_discovery_factory_batch_runner/stage28a_exact_trades.csv,volatility_transition_v1,vol_trans_follow_h1_low_to_high_h13_tp06_sl065,1.013200000000006,-0.0367999999999937,-0.7367999999999935,0,0,0,0,0.0367999999999937,2.3300000000001546,5.310000000000173,0.20527306967982725,15.36999999999989,0.7391021470396865,8.900000000000091,4.3110000000000355,0.568,1.0,,,13,0,8.0,2022
2022-08-02 13:00:00+00:00|1.0|vol_trans_follow_h1_low_to_high_h13_tp06_sl065,2022-08-02 13:00:00+00:00,STAGE28A,data/reports/stage28a_discovery_factory_batch_runner/stage28a_exact_trades.csv,volatility_transition_v1,vol_trans_follow_h1_low_to_high_h13_tp06_sl065,0.9106000000000676,-0.1393999999999322,-0.839399999999932,0,0,0,0,0.1393999999999322,16.699999999999818,9.649999999999864,0.30880829015544664,7.150000000000091,0.008391608391600653,2.509999999999991,3.8615000000000235,0.368,1.0,,,13,1,8.0,2022
2022-08-03 13:00:00+00:00|1.0|vol_trans_follow_h1_low_to_high_h13_tp06_sl065,2022-08-03 13:00:00+00:00,STAGE28A,data/reports/stage28a_discovery_factory_batch_runner/stage28a_exact_trades.csv,volatility_transition_v1,vol_trans_follow_h1_low_to_high_h13_tp06_sl065,0.8712999999999284,-0.1787000000000715,-0.8787000000000713,0,0,0,0,0.1787000000000715,28.529999999999973,14.2800000000002,0.6435574229691825,6.519999999999982,0.4647239263803652,1.9700000000000273,4.958000000000015,0.8,1.0,,,13,2,8.0,2022
2022-08-04 13:00:00+00:00|1.0|vol_trans_follow_h1_low_to_high_h13_tp06_sl065,2022-08-04 13:00:00+00:00,STAGE28A,data/reports/stage28a_discovery_factory_batch_runner/stage28a_exact_trades.csv,volatility_transition_v1,vol_trans_follow_h1_low_to_high_h13_tp06_sl065,0.8137000000000626,-0.2362999999999373,-0.9362999999999372,0,0,0,0,0.2362999999999373,18.460000000000036,8.320000000000164,0.889423076923043,11.079999999999927,0.8086642599278064,4.079999999999927,3.4970000000000367,0.1,1.0,,,13,3,8.0,2022
2022-08-15 13:00:00+00:00|-1.0|vol_trans_follow_h1_low_to_high_h13_tp06_sl065,2022-08-15 13:00:00+00:00,STAGE28A,data/reports/stage28a_discovery_factory_batch_runner/stage28a_exact_trades.csv,volatility_transition_v1,vol_trans_follow_h1_low_to_high_h13_tp06_sl065,-1.6903000000000703,-2.74030000000007,-3.44030000000007,0,0,0,0,2.74030000000007,2.5799999999999272,8.339999999999918,0.5851318944844313,17.659999999999854,0.8969422423556086,6.709999999999809,3.6345000000000027,0.24,-1.0,,,13,0,8.0,2022
2022-08-29 13:00:00+00:00|1.0|vol_trans_follow_h1_low_to_high_h13_tp06_sl065,2022-08-29 13:00:00+00:00,STAGE28A,data/reports/stage28a_discovery_factory_batch_runner/stage28a_exact_trades.csv,volatility_transition_v1,vol_trans_follow_h1_low_to_high_h13_tp06_sl065,0.6873999999999342,-0.3626000000000657,-1.0626000000000655,0,0,0,0,0.3626000000000657,3.8599999999999,15.049999999999955,0.7495016611295685,5.519999999999982,0.24456521739132986,2.8299999999999272,4.653499999999974,0.964,1.0,,,13,0,8.0,2022
2022-08-30 13:00:00+00:00|-1.0|vol_trans_follow_h1_low_to_high_h13_tp06_sl065,2022-08-30 13:00:00+00:00,STAGE28A,data/reports/stage28a_discovery_factory_batch_runner/stage28a_exact_trades.csv,volatility_transition_v1,vol_trans_follow_h1_low_to_high_h13_tp06_sl065,-1.7689499999999954,-2.818949999999995,-3.518949999999995,0,0,0,0,2.818949999999995,25.179999999999836,6.619999999999891,0.38670694864051586,8.840000000000146,0.07352941176468925,3.310000000000173,3.280000000000007,0.292,-1.0,,,13,1,8.0,2022
2022-09-01 13:00:00+00:00|1.0|vol_trans_follow_h1_low_to_high_h13_tp06_sl065,2022-09-01 13:00:00+00:00,STAGE28A,data/reports/stage28a_discovery_factory_batch_runner/stage28a_exact_trades.csv,volatility_transition_v1,vol_trans_follow_h1_low_to_high_h13_tp06_sl065,1.0222000000000206,-0.0277999999999791,-0.7277999999999789,0,0,0,0,0.0277999999999791,16.909999999999854,9.11999999999989,0.7225877192982453,8.200000000000045,0.14878048780488054,6.619999999999891,4.009999999999991,0.752,1.0,,,13,3,9.0,2022
2022-09-02 13:00:00+00:00|1.0|vol_trans_follow_h1_low_to_high_h13_tp06_sl065,2022-09-02 13:00:00+00:00,STAGE28A,data/reports/stage28a_discovery_factory_batch_runner/stage28a_exact_trades.csv,volatility_transition_v1,vol_trans_follow_h1_low_to_high_h13_tp06_sl065,-1.2824249999999666,-2.3324249999999664,-3.032424999999966,0,0,0,0,2.3324249999999664,22.61999999999989,5.330000000000155,0.7448405253283137,8.539999999999964,0.8723653395784368,2.900000000000091,3.4545000000000075,0.352,1.0,,,13,4,9.0,2022
2022-09-05 13:00:00+00:00|1.0|vol_trans_follow_h1_low_to_high_h13_tp06_sl065,2022-09-05 13:00:00+00:00,STAGE28A,data/reports/stage28a_discovery_factory_batch_runner/stage28a_exact_trades.csv,volatility_transition_v1,vol_trans_follow_h1_low_to_high_h13_tp06_sl065,-1.5424249999999575,-2.5924249999999573,-3.292424999999957,0,0,0,0,2.5924249999999573,1.9400000000000546,5.160000000000082,0.354651162790722,6.2999999999999545,0.3365079365079216,4.0499999999999545,3.5100000000000136,0.356,1.0,,,13,0,9.0,2022
2022-09-06 13:00:00+00:00|-1.0|vol_trans_follow_h1_low_to_high_h13_tp06_sl065,2022-09-06 13:00:00+00:00,STAGE28A,data/reports/stage28a_discovery_factory_batch_runner/stage28a_exact_trades.csv,volatility_transition_v1,vol_trans_follow_h1_low_to_high_h13_tp06_sl065,0.8004999999999655,-0.2495000000000344,-0.9495000000000342,0,0,0,0,0.2495000000000344,8.049999999999955,16.909999999999854,0.2950916617386193,9.699999999999818,0.6608247422680621,2.3299999999999272,3.5514999999999874,0.416,-1.0,,,13,1,9.0,2022
2022-09-07 13:00:00+00:00|1.0|vol_trans_follow_h1_low_to_high_h13_tp06_sl065,2022-09-07 13:00:00+00:00,STAGE28A,data/reports/stage28a_discovery_factory_batch_runner/stage28a_exact_trades.csv,volatility_transition_v1,vol_trans_follow_h1_low_to_high_h13_tp06_sl065,0.9412000000001172,-0.1087999999998827,-0.8087999999998825,0,0,0,0,0.1087999999998827,26.909999999999854,11.450000000000045,0.618340611353703,15.829999999999927,0.8597599494630425,3.25,4.207000000000017,0.732,1.0,,,13,2,9.0,2022
2022-09-08 13:00:00+00:00|1.0|vol_trans_follow_h1_low_to_high_h13_tp06_sl065,2022-09-08 13:00:00+00:00,STAGE28A,data/reports/stage28a_discovery_factory_batch_runner/stage28a_exact_trades.csv,volatility_transition_v1,vol_trans_follow_h1_low_to_high_h13_tp06_sl065,0.8074000000000524,-0.2425999999999475,-0.9425999999999471,0,0,0,0,0.2425999999999475,28.09999999999991,5.789999999999964,0.6269430051813699,8.8900000000001,0.6850393700787488,3.4300000000000637,3.6340000000000146,0.376,1.0,,,13,3,9.0,2022
2022-09-09 13:00:00+00:00|-1.0|vol_trans_follow_h1_low_to_high_h13_tp06_sl065,2022-09-09 13:00:00+00:00,STAGE28A,data/reports/stage28a_discovery_factory_batch_runner/stage28a_exact_trades.csv,volatility_transition_v1,vol_trans_follow_h1_low_to_high_h13_tp06_sl065,-1.7978750000000674,-2.847875000000067,-3.547875000000067,0,0,0,0,2.847875000000067,24.13000000000011,12.230000000000018,0.821749795584623,11.269999999999982,0.7080745341614935,3.6900000000000546,3.5004999999999997,0.264,-1.0,,,13,4,9.0,2022
2022-09-12 13:00:00+00:00|-1.0|vol_trans_follow_h1_low_to_high_h13_tp06_sl065,2022-09-12 13:00:00+00:00,STAGE28A,data/reports/stage28a_discovery_factory_batch_runner/stage28a_exact_trades.csv,volatility_transition_v1,vol_trans_follow_h1_low_to_high_h13_tp06_sl065,-1.8625499999999195,-2.912549999999919,-3.612549999999919,0,0,0,0,2.912549999999919,3.480000000000018,7.889999999999873,0.7553865652725137,15.549999999999955,0.7491961414790931,3.099999999999909,3.6769999999999756,0.284,-1.0,,,13,0,9.0,2022
2022-09-14 13:00:00+00:00|1.0|vol_trans_follow_h1_low_to_high_h13_tp06_sl065,2022-09-14 13:00:00+00:00,STAGE28A,data/reports/stage28a_discovery_factory_batch_runner/stage28a_exact_trades.csv,volatility_transition_v1,vol_trans_follow_h1_low_to_high_h13_tp06_sl065,-1.670799999999963,-2.720799999999963,-3.4207999999999625,0,0,0,0,2.720799999999963,34.73000000000002,6.289999999999964,0.25119236883941753,7.259999999999991,0.6170798898071658,2.9500000000000455,3.564000000000044,0.22,1.0,,,13,2,9.0,2022
2022-09-16 13:00:00+00:00|1.0|vol_trans_follow_h1_low_to_high_h13_tp06_sl065,2022-09-16 13:00:00+00:00,STAGE28A,data/reports/stage28a_discovery_factory_batch_runner/stage28a_exact_trades.csv,volatility_transition_v1,vol_trans_follow_h1_low_to_high_h13_tp06_sl065,1.1545000000000072,0.1045000000000073,-0.5954999999999924,1,0,0,0,0.1045000000000073,37.899999999999864,6.4500000000000455,0.26976744186046464,12.11999999999989,0.3902640264026453,7.3599999999999,5.310999999999979,0.928,1.0,,,13,4,9.0,2022
2022-09-19 13:00:00+00:00|1.0|vol_trans_follow_h1_low_to_high_h13_tp06_sl065,2022-09-19 13:00:00+00:00,STAGE28A,data/reports/stage28a_discovery_factory_batch_runner/stage28a_exact_trades.csv,volatility_transition_v1,vol_trans_follow_h1_low_to_high_h13_tp06_sl065,1.000300000000061,-0.0496999999999387,-0.7496999999999385,0,0,0,0,0.0496999999999387,4.819999999999936,11.710000000000036,0.7856532877882166,10.049999999999955,0.5353233830845677,2.759999999999991,4.4565000000000055,0.692,1.0,,,13,0,9.0,2022
2022-09-22 13:00:00+00:00|-1.0|vol_trans_follow_h1_low_to_high_h13_tp06_sl065,2022-09-22 13:00:00+00:00,STAGE28A,data/reports/stage28a_discovery_factory_batch_runner/stage28a_exact_trades.csv,volatility_transition_v1,vol_trans_follow_h1_low_to_high_h13_tp06_sl065,-2.750450000000092,-3.800450000000092,-4.500450000000091,0,0,0,1,3.800450000000092,34.13999999999987,16.600000000000136,0.6379518072289055,22.539999999999964,0.2666370896184561,6.839999999999918,7.60799999999997,1.0,-1.0,,,13,3,9.0,2022
2022-09-23 13:00:00+00:00|-1.0|vol_trans_follow_h1_low_to_high_h13_tp06_sl065,2022-09-23 13:00:00+00:00,STAGE28A,data/reports/stage28a_discovery_factory_batch_runner/stage28a_exact_trades.csv,volatility_transition_v1,vol_trans_follow_h1_low_to_high_h13_tp06_sl065,1.2669999999999615,0.2169999999999619,-0.4830000000000378,1,0,1,0,0.2169999999999619,29.309999999999945,7.279999999999973,0.2967032967033091,21.38000000000011,0.5673526660430225,10.400000000000091,3.988000000000011,0.42,-1.0,,,13,4,9.0,2022
2022-09-26 13:00:00+00:00|-1.0|vol_trans_follow_h1_low_to_high_h13_tp06_sl065,2022-09-26 13:00:00+00:00,STAGE28A,data/reports/stage28a_discovery_factory_batch_runner/stage28a_exact_trades.csv,volatility_transition_v1,vol_trans_follow_h1_low_to_high_h13_tp06_sl065,-2.746874999999909,-3.796874999999909,-4.496874999999909,0,0,0,1,3.796874999999909,5.389999999999873,19.279999999999973,0.29253112033195583,15.199999999999818,0.22434210526316598,5.720000000000027,6.382999999999981,0.88,-1.0,,,13,0,9.0,2022
2022-09-27 13:00:00+00:00|-1.0|vol_trans_follow_h1_low_to_high_h13_tp06_sl065,2022-09-27 13:00:00+00:00,STAGE28A,data/reports/stage28a_discovery_factory_batch_runner/stage28a_exact_trades.csv,volatility_transition_v1,vol_trans_follow_h1_low_to_high_h13_tp06_sl065,1.1626000000000205,0.1126000000000204,-0.5873999999999793,1,0,0,0,0.1126000000000204,28.61999999999989,10.209999999999809,0.36924583741430483,9.63000000000011,0.1921079958463256,4.690000000000055,4.840999999999974,0.476,-1.0,,,13,1,9.0,2022
2022-09-28 13:00:00+00:00|-1.0|vol_trans_follow_h1_low_to_high_h13_tp06_sl065,2022-09-28 13:00:00+00:00,STAGE28A,data/reports/stage28a_discovery_factory_batch_runner/stage28a_exact_trades.csv,volatility_transition_v1,vol_trans_follow_h1_low_to_high_h13_tp06_sl065,1.5520000000000436,0.5020000000000437,-0.197999999999956,1,0,1,0,0.5020000000000437,19.6099999999999,7.720000000000027,0.6968911917098268,10.920000000000073,0.7225274725274768,4.220000000000027,4.09050000000002,0.332,-1.0,,,13,2,9.0,2022
2022-09-29 13:00:00+00:00|1.0|vol_trans_follow_h1_low_to_high_h13_tp06_sl065,2022-09-29 13:00:00+00:00,STAGE28A,data/reports/stage28a_discovery_factory_batch_runner/stage28a_exact_trades.csv,volatility_transition_v1,vol_trans_follow_h1_low_to_high_h13_tp06_sl065,1.4202999999999064,0.3702999999999066,-0.3297000000000931,1,0,1,0,0.3702999999999066,47.98000000000002,7.710000000000036,0.4137483787289286,13.070000000000164,0.5057383320581345,6.990000000000009,4.693000000000017,0.444,1.0,,,13,3,9.0,2022
2022-09-30 13:00:00+00:00|-1.0|vol_trans_follow_h1_low_to_high_h13_tp06_sl065,2022-09-30 13:00:00+00:00,STAGE28A,data/reports/stage28a_discovery_factory_batch_runner/stage28a_exact_trades.csv,volatility_transition_v1,vol_trans_follow_h1_low_to_high_h13_tp06_sl065,-2.3022750000001,-3.3522750000001,-4.052275000000099,0,0,0,1,3.3522750000001,23.40000000000009,5.970000000000027,0.15577889447237175,12.980000000000018,0.41063174114022705,5.339999999999918,4.456499999999972,0.348,-1.0,,,13,4,9.0,2022
2022-10-03 13:00:00+00:00|-1.0|vol_trans_follow_h1_low_to_high_h13_tp06_sl065,2022-10-03 13:00:00+00:00,STAGE28A,data/reports/stage28a_discovery_factory_batch_runner/stage28a_exact_trades.csv,volatility_transition_v1,vol_trans_follow_h1_low_to_high_h13_tp06_sl065,1.2070000000000165,0.1570000000000164,-0.5429999999999833,1,0,1,0,0.1570000000000164,4.540000000000191,8.75,0.07314285714286857,8.669999999999845,0.26758938869665255,3.6699999999998454,4.096500000000026,0.224,-1.0,,,13,0,10.0,2022
2022-10-04 13:00:00+00:00|-1.0|vol_trans_follow_h1_low_to_high_h13_tp06_sl065,2022-10-04 13:00:00+00:00,STAGE28A,data/reports/stage28a_discovery_factory_batch_runner/stage28a_exact_trades.csv,volatility_transition_v1,vol_trans_follow_h1_low_to_high_h13_tp06_sl065,-2.151799999999957,-3.2017999999999573,-3.901799999999957,0,0,0,1,3.2017999999999573,41.819999999999936,7.339999999999918,0.08446866485012232,13.170000000000073,0.6522399392558748,4.329999999999927,5.523500000000001,0.576,-1.0,,,13,1,10.0,2022
2022-10-05 13:00:00+00:00|-1.0|vol_trans_follow_h1_low_to_high_h13_tp06_sl065,2022-10-05 13:00:00+00:00,STAGE28A,data/reports/stage28a_discovery_factory_batch_runner/stage28a_exact_trades.csv,volatility_transition_v1,vol_trans_follow_h1_low_to_high_h13_tp06_sl065,-2.4095249999998942,-3.459524999999894,-4.159524999999894,0,0,0,1,3.459524999999894,34.200000000000045,8.230000000000018,0.7095990279465255,21.699999999999818,0.5949308755760456,9.069999999999936,5.20849999999997,0.464,-1.0,,,13,2,10.0,2022
2022-10-06 13:00:00+00:00|1.0|vol_trans_follow_h1_low_to_high_h13_tp06_sl065,2022-10-06 13:00:00+00:00,STAGE28A,data/reports/stage28a_discovery_factory_batch_runner/stage28a_exact_trades.csv,volatility_transition_v1,vol_trans_follow_h1_low_to_high_h13_tp06_sl065,-2.0933000000000903,-3.14330000000009,-3.84330000000009,0,0,0,1,3.14330000000009,27.309999999999945,9.439999999999827,0.6430084745762762,12.129999999999882,0.6158285243198763,4.039999999999964,4.338500000000022,0.106,1.0,,,13,3,10.0,2022
2022-10-07 13:00:00+00:00|1.0|vol_trans_follow_h1_low_to_high_h13_tp06_sl065,2022-10-07 13:00:00+00:00,STAGE28A,data/reports/stage28a_discovery_factory_batch_runner/stage28a_exact_trades.csv,volatility_transition_v1,vol_trans_follow_h1_low_to_high_h13_tp06_sl065,1.0801000000000385,0.0301000000000386,-0.6698999999999611,1,0,0,0,0.0301000000000386,18.649999999999864,4.269999999999982,0.4637002341920437,6.3900000000001,0.45539906103283395,3.740000000000009,3.5820000000000163,0.004,1.0,,,13,4,10.0,2022
2022-10-10 13:00:00+00:00|1.0|vol_trans_follow_h1_low_to_high_h13_tp06_sl065,2022-10-10 13:00:00+00:00,STAGE28A,data/reports/stage28a_discovery_factory_batch_runner/stage28a_exact_trades.csv,volatility_transition_v1,vol_trans_follow_h1_low_to_high_h13_tp06_sl065,-2.1355500000000576,-3.1855500000000574,-3.885550000000057,0,0,0,1,3.1855500000000574,4.789999999999964,12.700000000000045,0.6787401574803039,11.519999999999982,0.7282986111111209,6.5,4.689999999999964,0.344,1.0,,,13,0,10.0,2022
2022-10-11 13:00:00+00:00|-1.0|vol_trans_follow_h1_low_to_high_h13_tp06_sl065,2022-10-11 13:00:00+00:00,STAGE28A,data/reports/stage28a_discovery_factory_batch_runner/stage28a_exact_trades.csv,volatility_transition_v1,vol_trans_follow_h1_low_to_high_h13_tp06_sl065,-2.068599999999924,-3.118599999999924,-3.818599999999924,0,0,0,1,3.118599999999924,34.23000000000002,12.269999999999982,0.37734311328444303,7.810000000000173,0.20102432778487855,4.990000000000009,4.1370000000000005,0.08,-1.0,,,13,1,10.0,2022
2022-10-12 13:00:00+00:00|1.0|vol_trans_follow_h1_low_to_high_h13_tp06_sl065,2022-10-12 13:00:00+00:00,STAGE28A,data/reports/stage28a_discovery_factory_batch_runner/stage28a_exact_trades.csv,volatility_transition_v1,vol_trans_follow_h1_low_to_high_h13_tp06_sl065,-2.074449999999933,-3.1244499999999333,-3.824449999999933,0,0,0,1,3.1244499999999333,22.8900000000001,5.490000000000009,0.14207650273223524,10.549999999999955,0.45118483412322385,4.449999999999818,5.134500000000003,0.58,1.0,,,13,2,10.0,2022
2022-10-14 13:00:00+00:00|-1.0|vol_trans_follow_h1_low_to_high_h13_tp06_sl065,2022-10-14 13:00:00+00:00,STAGE28A,data/reports/stage28a_discovery_factory_batch_runner/stage28a_exact_trades.csv,volatility_transition_v1,vol_trans_follow_h1_low_to_high_h13_tp06_sl065,-2.245399999999881,-3.2953999999998813,-3.995399999999881,0,0,0,1,3.2953999999998813,40.01999999999998,11.259999999999991,0.3028419182948565,21.539999999999964,0.7000928505106861,10.539999999999964,5.641999999999996,0.76,-1.0,,,13,4,10.0,2022
2022-10-17 13:00:00+00:00|1.0|vol_trans_follow_h1_low_to_high_h13_tp06_sl065,2022-10-17 13:00:00+00:00,STAGE28A,data/reports/stage28a_discovery_factory_batch_runner/stage28a_exact_trades.csv,volatility_transition_v1,vol_trans_follow_h1_low_to_high_h13_tp06_sl065,-1.904800000000114,-2.954800000000114,-3.6548000000001135,0,0,0,0,2.954800000000114,4.039999999999964,9.529999999999973,0.4952780692549885,9.61999999999989,0.7079002079002102,3.3799999999998818,4.3639999999999874,0.228,1.0,,,13,0,10.0,2022
2022-10-18 13:00:00+00:00|1.0|vol_trans_follow_h1_low_to_high_h13_tp06_sl065,2022-10-18 13:00:00+00:00,STAGE28A,data/reports/stage28a_discovery_factory_batch_runner/stage28a_exact_trades.csv,volatility_transition_v1,vol_trans_follow_h1_low_to_high_h13_tp06_sl065,-1.9860500000000685,-3.0360500000000683,-3.736050000000068,0,0,0,0,3.0360500000000683,25.279999999999973,4.639999999999873,0.4008620689655067,12.230000000000018,0.039247751430909035,4.869999999999891,4.23549999999999,0.16,1.0,,,13,1,10.0,2022
2022-10-19 13:00:00+00:00|1.0|vol_trans_follow_h1_low_to_high_h13_tp06_sl065,2022-10-19 13:00:00+00:00,STAGE28A,data/reports/stage28a_discovery_factory_batch_runner/stage28a_exact_trades.csv,volatility_transition_v1,vol_trans_follow_h1_low_to_high_h13_tp06_sl065,1.2291999999999006,0.1791999999999007,-0.520800000000099,1,0,1,0,0.1791999999999007,15.049999999999955,5.379999999999882,0.6189591078067338,11.819999999999936,0.6142131979695457,3.0499999999999545,3.871999999999969,0.1,1.0,,,13,2,10.0,2022
2022-10-20 13:00:00+00:00|1.0|vol_trans_follow_h1_low_to_high_h13_tp06_sl065,2022-10-20 13:00:00+00:00,STAGE28A,data/reports/stage28a_discovery_factory_batch_runner/stage28a_exact_trades.csv,volatility_transition_v1,vol_trans_follow_h1_low_to_high_h13_tp06_sl065,1.0720000000000254,0.0220000000000255,-0.6779999999999742,1,0,0,0,0.0220000000000255,26.74000000000001,7.850000000000136,0.21910828025477674,10.799999999999955,0.7990740740740876,6.809999999999945,3.747000000000014,0.088,1.0,,,13,3,10.0,2022
2022-10-21 13:00:00+00:00|1.0|vol_trans_follow_h1_low_to_high_h13_tp06_sl065,2022-10-21 13:00:00+00:00,STAGE28A,data/reports/stage28a_discovery_factory_batch_runner/stage28a_exact_trades.csv,volatility_transition_v1,vol_trans_follow_h1_low_to_high_h13_tp06_sl065,1.1772999999999685,0.1272999999999684,-0.5727000000000313,1,0,0,0,0.1272999999999684,23.12000000000012,7.769999999999982,0.653796653796646,10.059999999999945,0.37872763419482763,5.3900000000001,4.369499999999993,0.416,1.0,,,13,4,10.0,2022
2022-10-24 13:00:00+00:00|1.0|vol_trans_follow_h1_low_to_high_h13_tp06_sl065,2022-10-24 13:00:00+00:00,STAGE28A,data/reports/stage28a_discovery_factory_batch_runner/stage28a_exact_trades.csv,volatility_transition_v1,vol_trans_follow_h1_low_to_high_h13_tp06_sl065,1.3003000000000156,0.2503000000000157,-0.449699999999984,1,0,1,0,0.2503000000000157,5.759999999999991,18.470000000000027,0.2793719545208363,14.289999999999964,0.33519944016794795,4.5499999999999545,6.571999999999991,0.896,1.0,,,13,0,10.0,2022
2022-10-25 13:00:00+00:00|-1.0|vol_trans_follow_h1_low_to_high_h13_tp06_sl065,2022-10-25 13:00:00+00:00,STAGE28A,data/reports/stage28a_discovery_factory_batch_runner/stage28a_exact_trades.csv,volatility_transition_v1,vol_trans_follow_h1_low_to_high_h13_tp06_sl065,-1.7088250000000245,-2.7588250000000243,-3.458825000000024,0,0,0,0,2.7588250000000243,26.539999999999964,7.680000000000064,0.032552083333333065,13.129999999999882,0.885757806549902,4.970000000000027,3.6740000000000235,0.06,-1.0,,,13,1,10.0,2022
2022-10-26 13:00:00+00:00|-1.0|vol_trans_follow_h1_low_to_high_h13_tp06_sl065,2022-10-26 13:00:00+00:00,STAGE28A,data/reports/stage28a_discovery_factory_batch_runner/stage28a_exact_trades.csv,volatility_transition_v1,vol_trans_follow_h1_low_to_high_h13_tp06_sl065,1.2228999999998904,0.1728999999998905,-0.5271000000001091,1,0,1,0,0.1728999999998905,24.060000000000173,7.880000000000109,0.5862944162436329,19.779999999999973,0.6400404448938257,5.8599999999999,3.980000000000018,0.172,-1.0,,,13,2,10.0,2022
2022-10-27 13:00:00+00:00|-1.0|vol_trans_follow_h1_low_to_high_h13_tp06_sl065,2022-10-27 13:00:00+00:00,STAGE28A,data/reports/stage28a_discovery_factory_batch_runner/stage28a_exact_trades.csv,volatility_transition_v1,vol_trans_follow_h1_low_to_high_h13_tp06_sl065,1.1157999999999446,0.0657999999999447,-0.6342000000000549,1,0,0,0,0.0657999999999447,25.180000000000064,8.439999999999827,0.06398104265402543,10.589999999999918,0.20774315391879722,2.6499999999998636,3.827999999999963,0.12,-1.0,,,13,3,10.0,2022
2022-10-28 13:00:00+00:00|-1.0|vol_trans_follow_h1_low_to_high_h13_tp06_sl065,2022-10-28 13:00:00+00:00,STAGE28A,data/reports/stage28a_discovery_factory_batch_runner/stage28a_exact_trades.csv,volatility_transition_v1,vol_trans_follow_h1_low_to_high_h13_tp06_sl065,1.1655999999999491,0.1155999999999495,-0.5844000000000502,1,0,0,0,0.1155999999999495,15.939999999999827,6.419999999999845,0.39408099688474046,18.899999999999864,0.7962962962962996,4.789999999999964,4.1019999999999985,0.232,-1.0,,,13,4,10.0,2022
2022-11-01 13:00:00+00:00|1.0|vol_trans_follow_h1_low_to_high_h13_tp06_sl065,2022-11-01 13:00:00+00:00,STAGE28A,data/reports/stage28a_discovery_factory_batch_runner/stage28a_exact_trades.csv,volatility_transition_v1,vol_trans_follow_h1_low_to_high_h13_tp06_sl065,-1.973375000000124,-3.023375000000124,-3.7233750000001233,0,0,0,0,3.023375000000124,13.779999999999973,9.440000000000055,0.5889830508474484,15.150000000000091,0.8686468646864538,2.990000000000009,3.5405000000000313,0.048,1.0,,,13,1,11.0,2022
2022-11-03 13:00:00+00:00|-1.0|vol_trans_follow_h1_low_to_high_h13_tp06_sl065,2022-11-03 13:00:00+00:00,STAGE28A,data/reports/stage28a_discovery_factory_batch_runner/stage28a_exact_trades.csv,volatility_transition_v1,vol_trans_follow_h1_low_to_high_h13_tp06_sl065,1.2013000000000829,0.151300000000083,-0.5486999999999167,1,0,0,0,0.151300000000083,37.6099999999999,9.11999999999989,0.2971491228070251,18.699999999999818,0.8711229946524129,4.6099999999999,5.437499999999955,0.888,-1.0,,,13,3,11.0,2022
2022-11-04 13:00:00+00:00|1.0|vol_trans_follow_h1_low_to_high_h13_tp06_sl065,2022-11-04 13:00:00+00:00,STAGE28A,data/reports/stage28a_discovery_factory_batch_runner/stage28a_exact_trades.csv,volatility_transition_v1,vol_trans_follow_h1_low_to_high_h13_tp06_sl065,-2.095574999999917,-3.145574999999917,-3.8455749999999167,0,0,0,1,3.145574999999917,24.37999999999988,18.419999999999845,0.9799131378935997,8.700000000000045,0.3218390804597632,6.6099999999999,3.9944999999999937,0.284,1.0,,,13,4,11.0,2022
2022-11-07 13:00:00+00:00|-1.0|vol_trans_follow_h1_low_to_high_h13_tp06_sl065,2022-11-07 13:00:00+00:00,STAGE28A,data/reports/stage28a_discovery_factory_batch_runner/stage28a_exact_trades.csv,volatility_transition_v1,vol_trans_follow_h1_low_to_high_h13_tp06_sl065,-1.8131500000000416,-2.8631500000000414,-3.563150000000041,0,0,0,0,2.8631500000000414,7.900000000000091,9.809999999999945,0.019367991845061737,13.5,0.4274074074074229,2.8500000000001364,4.5675000000000185,0.564,-1.0,,,13,0,11.0,2022
2022-11-09 13:00:00+00:00|1.0|vol_trans_follow_h1_low_to_high_h13_tp06_sl065,2022-11-09 13:00:00+00:00,STAGE28A,data/reports/stage28a_discovery_factory_batch_runner/stage28a_exact_trades.csv,volatility_transition_v1,vol_trans_follow_h1_low_to_high_h13_tp06_sl065,-1.893100000000095,-2.943100000000095,-3.643100000000095,0,0,0,0,2.943100000000095,52.25,6.430000000000064,0.4790046656298793,11.860000000000127,0.023608768971329654,5.019999999999982,5.360500000000013,0.864,1.0,,,13,2,11.0,2022
2022-11-10 13:00:00+00:00|1.0|vol_trans_follow_h1_low_to_high_h13_tp06_sl065,2022-11-10 13:00:00+00:00,STAGE28A,data/reports/stage28a_discovery_factory_batch_runner/stage28a_exact_trades.csv,volatility_transition_v1,vol_trans_follow_h1_low_to_high_h13_tp06_sl065,1.128399999999965,0.0783999999999651,-0.6216000000000346,1,0,0,0,0.0783999999999651,20.180000000000064,6.259999999999991,0.522364217252394,8.540000000000191,0.18032786885245072,4.430000000000064,4.087999999999999,0.34,1.0,,,13,3,11.0,2022
2022-11-11 13:00:00+00:00|-1.0|vol_trans_follow_h1_low_to_high_h13_tp06_sl065,2022-11-11 13:00:00+00:00,STAGE28A,data/reports/stage28a_discovery_factory_batch_runner/stage28a_exact_trades.csv,volatility_transition_v1,vol_trans_follow_h1_low_to_high_h13_tp06_sl065,1.70379999999991,0.6537999999999102,-0.0462000000000895,1,0,1,0,0.6537999999999102,53.33999999999992,7.350000000000136,0.11020408163264359,14.100000000000136,0.3702127659574452,9.220000000000027,5.719000000000017,0.892,-1.0,,,13,4,11.0,2022
2022-11-14 13:00:00+00:00|1.0|vol_trans_follow_h1_low_to_high_h13_tp06_sl065,2022-11-14 13:00:00+00:00,STAGE28A,data/reports/stage28a_discovery_factory_batch_runner/stage28a_exact_trades.csv,volatility_transition_v1,vol_trans_follow_h1_low_to_high_h13_tp06_sl065,1.230400000000054,0.1804000000000543,-0.5195999999999454,1,0,1,0,0.1804000000000543,5.449999999999818,7.4099999999998545,0.29689608636975184,11.839999999999918,0.317567567567569,3.939999999999827,4.200499999999988,0.328,1.0,,,13,0,11.0,2022
2022-11-15 13:00:00+00:00|1.0|vol_trans_follow_h1_low_to_high_h13_tp06_sl065,2022-11-15 13:00:00+00:00,STAGE28A,data/reports/stage28a_discovery_factory_batch_runner/stage28a_exact_trades.csv,volatility_transition_v1,vol_trans_follow_h1_low_to_high_h13_tp06_sl065,1.3207000000001243,0.2707000000001245,-0.4292999999998752,1,0,1,0,0.2707000000001245,21.77000000000021,5.259999999999991,0.26615969581750826,15.680000000000064,0.36926020408162885,3.5799999999999272,4.282500000000004,0.336,1.0,,,13,1,11.0,2022
2022-11-16 13:00:00+00:00|-1.0|vol_trans_follow_h1_low_to_high_h13_tp06_sl065,2022-11-16 13:00:00+00:00,STAGE28A,data/reports/stage28a_discovery_factory_batch_runner/stage28a_exact_trades.csv,volatility_transition_v1,vol_trans_follow_h1_low_to_high_h13_tp06_sl065,1.024900000000025,-0.0250999999999748,-0.7250999999999745,0,0,0,0,0.0250999999999748,19.36999999999989,11.1099999999999,0.8019801980198166,14.039999999999964,0.7343304843304823,3.8099999999999454,5.0350000000000135,0.544,-1.0,,,13,2,11.0,2022
2022-11-17 13:00:00+00:00|-1.0|vol_trans_follow_h1_low_to_high_h13_tp06_sl065,2022-11-17 13:00:00+00:00,STAGE28A,data/reports/stage28a_discovery_factory_batch_runner/stage28a_exact_trades.csv,volatility_transition_v1,vol_trans_follow_h1_low_to_high_h13_tp06_sl065,-1.7845499999999448,-2.8345499999999446,-3.5345499999999443,0,0,0,0,2.8345499999999446,14.7199999999998,12.6099999999999,0.9103885804916819,9.519999999999982,0.012605042016819166,4.259999999999991,3.760000000000025,0.1,-1.0,,,13,3,11.0,2022
2022-11-21 13:00:00+00:00|1.0|vol_trans_follow_h1_low_to_high_h13_tp06_sl065,2022-11-21 13:00:00+00:00,STAGE28A,data/reports/stage28a_discovery_factory_batch_runner/stage28a_exact_trades.csv,volatility_transition_v1,vol_trans_follow_h1_low_to_high_h13_tp06_sl065,-1.7624500000000354,-2.812450000000035,-3.512450000000035,0,0,0,0,2.812450000000035,3.1299999999998818,9.099999999999909,0.6912087912087941,10.190000000000055,0.4249263984298461,4.120000000000118,3.794500000000016,0.152,1.0,,,13,0,11.0,2022
2022-11-22 13:00:00+00:00|-1.0|vol_trans_follow_h1_low_to_high_h13_tp06_sl065,2022-11-22 13:00:00+00:00,STAGE28A,data/reports/stage28a_discovery_factory_batch_runner/stage28a_exact_trades.csv,volatility_transition_v1,vol_trans_follow_h1_low_to_high_h13_tp06_sl065,-1.5560750000000554,-2.606075000000055,-3.306075000000055,0,0,0,0,2.606075000000055,20.470000000000027,8.220000000000027,0.8004866180048547,8.079999999999927,0.11386138613862389,2.1800000000000637,3.4860000000000015,0.072,-1.0,,,13,1,11.0,2022
2022-11-24 13:00:00+00:00|-1.0|vol_trans_follow_h1_low_to_high_h13_tp06_sl065,2022-11-24 13:00:00+00:00,STAGE28A,data/reports/stage28a_discovery_factory_batch_runner/stage28a_exact_trades.csv,volatility_transition_v1,vol_trans_follow_h1_low_to_high_h13_tp06_sl065,-1.530074999999988,-2.580074999999988,-3.280074999999988,0,0,0,0,2.580074999999988,27.230000000000018,7.830000000000155,0.43550446998720144,6.160000000000082,0.07142857142857933,4.019999999999982,3.3895000000000097,0.104,-1.0,,,13,3,11.0,2022
2022-11-28 13:00:00+00:00|-1.0|vol_trans_follow_h1_low_to_high_h13_tp06_sl065,2022-11-28 13:00:00+00:00,STAGE28A,data/reports/stage28a_discovery_factory_batch_runner/stage28a_exact_trades.csv,volatility_transition_v1,vol_trans_follow_h1_low_to_high_h13_tp06_sl065,1.0567000000000006,0.0067000000000008,-0.6932999999999989,1,0,0,0,0.0067000000000008,5.539999999999964,9.789999999999964,0.06230847803880513,15.220000000000027,0.6005256241787177,3.259999999999991,4.301499999999976,0.632,-1.0,,,13,0,11.0,2022
2022-11-29 13:00:00+00:00|1.0|vol_trans_follow_h1_low_to_high_h13_tp06_sl065,2022-11-29 13:00:00+00:00,STAGE28A,data/reports/stage28a_discovery_factory_batch_runner/stage28a_exact_trades.csv,volatility_transition_v1,vol_trans_follow_h1_low_to_high_h13_tp06_sl065,0.8479000000001179,-0.202099999999882,-0.9020999999998818,0,0,0,0,0.202099999999882,24.059999999999945,14.629999999999882,0.8523581681476505,7.559999999999945,0.19312169312169933,2.480000000000018,3.597999999999968,0.276,1.0,,,13,1,11.0,2022
2022-12-01 13:00:00+00:00|-1.0|vol_trans_follow_h1_low_to_high_h13_tp06_sl065,2022-12-01 13:00:00+00:00,STAGE28A,data/reports/stage28a_discovery_factory_batch_runner/stage28a_exact_trades.csv,volatility_transition_v1,vol_trans_follow_h1_low_to_high_h13_tp06_sl065,1.0830999999999675,0.0330999999999677,-0.666900000000032,1,0,0,0,0.0330999999999677,28.529999999999973,11.8599999999999,0.5202360876897238,9.029999999999973,0.33111849390919357,3.550000000000182,5.318999999999994,0.96,-1.0,,,13,3,12.0,2022
2022-12-02 13:00:00+00:00|-1.0|vol_trans_follow_h1_low_to_high_h13_tp06_sl065,2022-12-02 13:00:00+00:00,STAGE28A,data/reports/stage28a_discovery_factory_batch_runner/stage28a_exact_trades.csv,volatility_transition_v1,vol_trans_follow_h1_low_to_high_h13_tp06_sl065,0.7098999999999706,-0.3401000000000294,-1.0401000000000291,0,0,0,0,0.3401000000000294,35.86999999999989,8.8599999999999,0.5575620767494481,6.7000000000000455,0.41641791044775295,2.509999999999991,3.4725000000000135,0.292,-1.0,,,13,4,12.0,2022
2022-12-05 13:00:00+00:00|-1.0|vol_trans_follow_h1_low_to_high_h13_tp06_sl065,2022-12-05 13:00:00+00:00,STAGE28A,data/reports/stage28a_discovery_factory_batch_runner/stage28a_exact_trades.csv,volatility_transition_v1,vol_trans_follow_h1_low_to_high_h13_tp06_sl065,1.039599999999973,-0.0104000000000268,-0.7104000000000266,0,0,0,0,0.0104000000000268,4.920000000000073,15.589999999999918,0.6215522771007124,16.15000000000009,0.8476780185758359,4.150000000000091,4.377499999999998,0.66,-1.0,,,13,0,12.0,2022
2022-12-06 13:00:00+00:00|1.0|vol_trans_follow_h1_low_to_high_h13_tp06_sl065,2022-12-06 13:00:00+00:00,STAGE28A,data/reports/stage28a_discovery_factory_batch_runner/stage28a_exact_trades.csv,volatility_transition_v1,vol_trans_follow_h1_low_to_high_h13_tp06_sl065,0.9241000000000896,-0.1258999999999104,-0.8258999999999102,0,0,0,0,0.1258999999999104,44.12999999999988,8.799999999999955,0.35454545454544395,7.7800000000002,0.16709511568125301,4.040000000000191,4.261500000000058,0.552,1.0,,,13,1,12.0,2022
2022-12-08 13:00:00+00:00|1.0|vol_trans_follow_h1_low_to_high_h13_tp06_sl065,2022-12-08 13:00:00+00:00,STAGE28A,data/reports/stage28a_discovery_factory_batch_runner/stage28a_exact_trades.csv,volatility_transition_v1,vol_trans_follow_h1_low_to_high_h13_tp06_sl065,0.6034000000001015,-0.4465999999998984,-1.146599999999898,0,0,0,0,0.4465999999998984,21.769999999999982,6.779999999999973,0.5176991150442485,5.3900000000001,0.03710575139143124,2.790000000000191,3.6840000000000144,0.264,1.0,,,13,3,12.0,2022
2022-12-12 13:00:00+00:00|1.0|vol_trans_follow_h1_low_to_high_h13_tp06_sl065,2022-12-12 13:00:00+00:00,STAGE28A,data/reports/stage28a_discovery_factory_batch_runner/stage28a_exact_trades.csv,volatility_transition_v1,vol_trans_follow_h1_low_to_high_h13_tp06_sl065,0.6438999999999396,-0.4061000000000603,-1.10610000000006,0,0,0,0,0.4061000000000603,2.3400000000001455,10.309999999999945,0.7332686711930151,7.329999999999927,0.6889495225102326,3.009999999999991,3.818500000000017,0.284,1.0,,,13,0,12.0,2022
2022-12-14 13:00:00+00:00|1.0|vol_trans_follow_h1_low_to_high_h13_tp06_sl065,2022-12-14 13:00:00+00:00,STAGE28A,data/reports/stage28a_discovery_factory_batch_runner/stage28a_exact_trades.csv,volatility_transition_v1,vol_trans_follow_h1_low_to_high_h13_tp06_sl065,0.7887999999999465,-0.2612000000000534,-0.9612000000000532,0,0,0,0,0.2612000000000534,44.50999999999999,4.470000000000027,0.1342281879194419,6.720000000000027,0.029761904761877574,3.480000000000018,4.1275000000000315,0.46,1.0,,,13,2,12.0,2022
2022-12-15 13:00:00+00:00|-1.0|vol_trans_follow_h1_low_to_high_h13_tp06_sl065,2022-12-15 13:00:00+00:00,STAGE28A,data/reports/stage28a_discovery_factory_batch_runner/stage28a_exact_trades.csv,volatility_transition_v1,vol_trans_follow_h1_low_to_high_h13_tp06_sl065,1.6944999999999708,0.644499999999971,-0.0555000000000287,1,0,1,0,0.644499999999971,19.310000000000173,19.110000000000127,0.8707482993197154,22.519999999999982,0.6039076376554139,4.019999999999982,5.377000000000043,0.876,-1.0,,,13,3,12.0,2022
2022-12-16 13:00:00+00:00|1.0|vol_trans_follow_h1_low_to_high_h13_tp06_sl065,2022-12-16 13:00:00+00:00,STAGE28A,data/reports/stage28a_discovery_factory_batch_runner/stage28a_exact_trades.csv,volatility_transition_v1,vol_trans_follow_h1_low_to_high_h13_tp06_sl065,-1.989949999999999,-3.039949999999999,-3.739949999999999,0,0,0,0,3.039949999999999,34.799999999999955,8.639999999999873,0.2685185185185414,10.599999999999909,0.1849056603773635,3.9300000000000637,3.8604999999999903,0.368,1.0,,,13,4,12.0,2022
2022-12-20 13:00:00+00:00|-1.0|vol_trans_follow_h1_low_to_high_h13_tp06_sl065,2022-12-20 13:00:00+00:00,STAGE28A,data/reports/stage28a_discovery_factory_batch_runner/stage28a_exact_trades.csv,volatility_transition_v1,vol_trans_follow_h1_low_to_high_h13_tp06_sl065,1.1871999999999845,0.1371999999999844,-0.5628000000000153,1,0,0,0,0.1371999999999844,15.0,11.589999999999918,0.2683347713546289,20.910000000000082,0.7723577235772371,2.599999999999909,4.288999999999999,0.6,-1.0,,,13,1,12.0,2022
2022-12-28 13:00:00+00:00|1.0|vol_trans_follow_h1_low_to_high_h13_tp06_sl065,2022-12-28 13:00:00+00:00,STAGE28A,data/reports/stage28a_discovery_factory_batch_runner/stage28a_exact_trades.csv,volatility_transition_v1,vol_trans_follow_h1_low_to_high_h13_tp06_sl065,-1.8745749999999133,-2.9245749999999133,-3.624574999999913,0,0,0,0,2.9245749999999133,33.58999999999992,4.990000000000009,0.11422845691381468,12.950000000000045,0.7158301158301119,6.120000000000118,5.231999999999994,0.836,1.0,,,13,2,12.0,2022
2022-12-29 13:00:00+00:00|-1.0|vol_trans_follow_h1_low_to_high_h13_tp06_sl065,2022-12-29 13:00:00+00:00,STAGE28A,data/reports/stage28a_discovery_factory_batch_runner/stage28a_exact_trades.csv,volatility_transition_v1,vol_trans_follow_h1_low_to_high_h13_tp06_sl065,0.6916000000000168,-0.3583999999999832,-1.058399999999983,0,0,0,0,0.3583999999999832,17.580000000000155,5.630000000000109,0.5772646536411966,7.6099999999999,0.4809461235216692,5.019999999999982,3.463499999999988,0.284,-1.0,,,13,3,12.0,2022
2023-01-03 13:00:00+00:00|-1.0|vol_trans_follow_h1_low_to_high_h13_tp06_sl065,2023-01-03 13:00:00+00:00,STAGE28A,data/reports/stage28a_discovery_factory_batch_runner/stage28a_exact_trades.csv,volatility_transition_v1,vol_trans_follow_h1_low_to_high_h13_tp06_sl065,-2.4816750000000867,-3.5316750000000865,-4.231675000000086,0,0,0,1,3.5316750000000865,6.660000000000082,19.40000000000009,0.5649484536082466,16.24000000000001,0.3663793103448302,5.650000000000091,5.305000000000007,0.964,-1.0,,,13,1,1.0,2023
2023-01-04 13:00:00+00:00|-1.0|vol_trans_follow_h1_low_to_high_h13_tp06_sl065,2023-01-04 13:00:00+00:00,STAGE28A,data/reports/stage28a_discovery_factory_batch_runner/stage28a_exact_trades.csv,volatility_transition_v1,vol_trans_follow_h1_low_to_high_h13_tp06_sl065,1.3827999999999974,0.3327999999999975,-0.3672000000000022,1,0,1,0,0.3327999999999975,26.210000000000036,12.019999999999982,0.8460898502495914,20.410000000000082,0.5982361587457122,3.9200000000000728,4.726000000000011,0.76,-1.0,,,13,2,1.0,2023
2023-01-05 13:00:00+00:00|1.0|vol_trans_follow_h1_low_to_high_h13_tp06_sl065,2023-01-05 13:00:00+00:00,STAGE28A,data/reports/stage28a_discovery_factory_batch_runner/stage28a_exact_trades.csv,volatility_transition_v1,vol_trans_follow_h1_low_to_high_h13_tp06_sl065,-2.1137750000001234,-3.1637750000001232,-3.863775000000123,0,0,0,1,3.1637750000001232,29.940000000000055,8.690000000000055,0.3107019562715798,11.779999999999973,0.25806451612902975,3.7000000000000455,4.808500000000015,0.688,1.0,,,13,3,1.0,2023
2023-01-06 13:00:00+00:00|1.0|vol_trans_follow_h1_low_to_high_h13_tp06_sl065,2023-01-06 13:00:00+00:00,STAGE28A,data/reports/stage28a_discovery_factory_batch_runner/stage28a_exact_trades.csv,volatility_transition_v1,vol_trans_follow_h1_low_to_high_h13_tp06_sl065,0.7822000000000117,-0.2677999999999882,-0.967799999999988,0,0,0,0,0.2677999999999882,33.99000000000001,10.930000000000064,0.4858188472095073,7.370000000000118,0.18724559023067666,3.9200000000000728,4.009499999999991,0.464,1.0,,,13,4,1.0,2023
2023-01-09 13:00:00+00:00|-1.0|vol_trans_follow_h1_low_to_high_h13_tp06_sl065,2023-01-09 13:00:00+00:00,STAGE28A,data/reports/stage28a_discovery_factory_batch_runner/stage28a_exact_trades.csv,volatility_transition_v1,vol_trans_follow_h1_low_to_high_h13_tp06_sl065,1.0467999999999846,-0.0032000000000151,-0.7032000000000149,0,0,0,0,0.0032000000000151,3.5799999999999272,13.239999999999782,0.554380664652571,9.680000000000064,0.556818181818165,3.4400000000000546,4.782999999999982,0.596,-1.0,,,13,0,1.0,2023
2023-01-10 13:00:00+00:00|-1.0|vol_trans_follow_h1_low_to_high_h13_tp06_sl065,2023-01-10 13:00:00+00:00,STAGE28A,data/reports/stage28a_discovery_factory_batch_runner/stage28a_exact_trades.csv,volatility_transition_v1,vol_trans_follow_h1_low_to_high_h13_tp06_sl065,-1.6298499999998968,-2.6798499999998966,-3.3798499999998963,0,0,0,0,2.6798499999998966,15.169999999999845,8.11999999999989,0.10467980295568323,6.699999999999818,0.5716417910447807,3.6400000000001,4.05599999999996,0.376,-1.0,,,13,1,1.0,2023
2023-01-11 13:00:00+00:00|1.0|vol_trans_follow_h1_low_to_high_h13_tp06_sl065,2023-01-11 13:00:00+00:00,STAGE28A,data/reports/stage28a_discovery_factory_batch_runner/stage28a_exact_trades.csv,volatility_transition_v1,vol_trans_follow_h1_low_to_high_h13_tp06_sl065,0.8577999999999065,-0.1922000000000934,-0.8922000000000931,0,0,0,0,0.1922000000000934,12.879999999999882,6.419999999999845,0.09813084112151468,9.120000000000118,0.7565789473683963,3.3199999999999363,3.6774999999999975,0.22,1.0,,,13,2,1.0,2023
2023-01-13 13:00:00+00:00|1.0|vol_trans_follow_h1_low_to_high_h13_tp06_sl065,2023-01-13 13:00:00+00:00,STAGE28A,data/reports/stage28a_discovery_factory_batch_runner/stage28a_exact_trades.csv,volatility_transition_v1,vol_trans_follow_h1_low_to_high_h13_tp06_sl065,1.2315999999999805,0.1815999999999804,-0.5184000000000193,1,0,1,0,0.1815999999999804,32.710000000000036,6.089999999999918,0.33004926108374677,17.37999999999988,0.575949367088611,2.3300000000001546,4.693499999999995,0.564,1.0,,,13,4,1.0,2023
2023-01-16 13:00:00+00:00|-1.0|vol_trans_follow_h1_low_to_high_h13_tp06_sl065,2023-01-16 13:00:00+00:00,STAGE28A,data/reports/stage28a_discovery_factory_batch_runner/stage28a_exact_trades.csv,volatility_transition_v1,vol_trans_follow_h1_low_to_high_h13_tp06_sl065,-1.7838999999999945,-2.833899999999994,-3.533899999999994,0,0,0,0,2.833899999999994,3.589999999999918,12.11999999999989,0.44389438943895687,11.519999999999982,0.5833333333333366,3.020000000000209,4.967500000000018,0.552,-1.0,,,13,0,1.0,2023
2023-01-18 13:00:00+00:00|-1.0|vol_trans_follow_h1_low_to_high_h13_tp06_sl065,2023-01-18 13:00:00+00:00,STAGE28A,data/reports/stage28a_discovery_factory_batch_runner/stage28a_exact_trades.csv,volatility_transition_v1,vol_trans_follow_h1_low_to_high_h13_tp06_sl065,-1.9828000000000885,-3.0328000000000883,-3.732800000000088,0,0,0,0,3.0328000000000883,15.2800000000002,13.089999999999918,0.7097020626432408,19.339999999999918,0.7699069286453032,3.7200000000000273,4.592999999999972,0.476,-1.0,,,13,2,1.0,2023
2023-01-19 13:00:00+00:00|-1.0|vol_trans_follow_h1_low_to_high_h13_tp06_sl065,2023-01-19 13:00:00+00:00,STAGE28A,data/reports/stage28a_discovery_factory_batch_runner/stage28a_exact_trades.csv,volatility_transition_v1,vol_trans_follow_h1_low_to_high_h13_tp06_sl065,0.9829000000001088,-0.0670999999998911,-0.7670999999998909,0,0,0,0,0.0670999999998911,29.269999999999982,9.970000000000027,0.29388164493481,10.379999999999882,0.023121387283238135,3.800000000000182,4.57049999999997,0.464,-1.0,,,13,3,1.0,2023
2023-01-20 13:00:00+00:00|1.0|vol_trans_follow_h1_low_to_high_h13_tp06_sl065,2023-01-20 13:00:00+00:00,STAGE28A,data/reports/stage28a_discovery_factory_batch_runner/stage28a_exact_trades.csv,volatility_transition_v1,vol_trans_follow_h1_low_to_high_h13_tp06_sl065,-2.028625000000011,-3.078625000000011,-3.7786250000000106,0,0,0,1,3.078625000000011,34.190000000000055,11.160000000000082,0.7168458781361955,14.289999999999964,0.4380685794261726,3.2899999999999636,4.657000000000016,0.556,1.0,,,13,4,1.0,2023
2023-01-23 13:00:00+00:00|1.0|vol_trans_follow_h1_low_to_high_h13_tp06_sl065,2023-01-23 13:00:00+00:00,STAGE28A,data/reports/stage28a_discovery_factory_batch_runner/stage28a_exact_trades.csv,volatility_transition_v1,vol_trans_follow_h1_low_to_high_h13_tp06_sl065,-1.9207250000000389,-2.9707250000000385,-3.670725000000038,0,0,0,0,2.9707250000000385,4.019999999999982,11.819999999999936,0.19204737732656463,10.940000000000055,0.28519195612430304,3.4600000000000364,4.262999999999988,0.336,1.0,,,13,0,1.0,2023
2023-01-24 13:00:00+00:00|1.0|vol_trans_follow_h1_low_to_high_h13_tp06_sl065,2023-01-24 13:00:00+00:00,STAGE28A,data/reports/stage28a_discovery_factory_batch_runner/stage28a_exact_trades.csv,volatility_transition_v1,vol_trans_follow_h1_low_to_high_h13_tp06_sl065,0.9618999999999231,-0.0881000000000766,-0.7881000000000764,0,0,0,0,0.0881000000000766,24.169999999999845,6.519999999999982,0.21012269938648692,9.960000000000036,0.5672690763052051,4.179999999999836,4.219499999999982,0.312,1.0,,,13,1,1.0,2023
2023-01-25 13:00:00+00:00|-1.0|vol_trans_follow_h1_low_to_high_h13_tp06_sl065,2023-01-25 13:00:00+00:00,STAGE28A,data/reports/stage28a_discovery_factory_batch_runner/stage28a_exact_trades.csv,volatility_transition_v1,vol_trans_follow_h1_low_to_high_h13_tp06_sl065,1.1385999999999057,0.0885999999999058,-0.6114000000000939,1,0,0,0,0.0885999999999058,25.36999999999989,11.950000000000045,0.7104602510460232,11.019999999999982,0.2676950998184957,5.7800000000002,4.73599999999999,0.588,-1.0,,,13,2,1.0,2023
2023-01-26 13:00:00+00:00|-1.0|vol_trans_follow_h1_low_to_high_h13_tp06_sl065,2023-01-26 13:00:00+00:00,STAGE28A,data/reports/stage28a_discovery_factory_batch_runner/stage28a_exact_trades.csv,volatility_transition_v1,vol_trans_follow_h1_low_to_high_h13_tp06_sl065,1.187800000000061,0.1378000000000612,-0.5621999999999385,1,0,0,0,0.1378000000000612,28.659999999999854,6.610000000000127,0.2632375189107376,15.129999999999882,0.6549900859220198,2.0299999999999727,4.674000000000001,0.468,-1.0,,,13,3,1.0,2023
2023-01-27 13:00:00+00:00|1.0|vol_trans_follow_h1_low_to_high_h13_tp06_sl065,2023-01-27 13:00:00+00:00,STAGE28A,data/reports/stage28a_discovery_factory_batch_runner/stage28a_exact_trades.csv,volatility_transition_v1,vol_trans_follow_h1_low_to_high_h13_tp06_sl065,0.7876000000000204,-0.2623999999999795,-0.9623999999999792,0,0,0,0,0.2623999999999795,30.470000000000027,15.069999999999936,0.6084936960849444,7.829999999999927,0.8735632183908023,3.990000000000009,4.602999999999975,0.368,1.0,,,13,4,1.0,2023
2023-01-30 13:00:00+00:00|1.0|vol_trans_follow_h1_low_to_high_h13_tp06_sl065,2023-01-30 13:00:00+00:00,STAGE28A,data/reports/stage28a_discovery_factory_batch_runner/stage28a_exact_trades.csv,volatility_transition_v1,vol_trans_follow_h1_low_to_high_h13_tp06_sl065,1.0059999999999945,-0.0440000000000053,-0.7440000000000051,0,0,0,0,0.0440000000000053,3.4500000000000455,10.049999999999955,0.44975124378109477,13.11999999999989,0.21570121951219137,6.190000000000055,4.700999999999999,0.464,1.0,,,13,0,1.0,2023
2023-01-31 13:00:00+00:00|1.0|vol_trans_follow_h1_low_to_high_h13_tp06_sl065,2023-01-31 13:00:00+00:00,STAGE28A,data/reports/stage28a_discovery_factory_batch_runner/stage28a_exact_trades.csv,volatility_transition_v1,vol_trans_follow_h1_low_to_high_h13_tp06_sl065,-1.8885499999999864,-2.9385499999999865,-3.638549999999986,0,0,0,0,2.9385499999999865,13.839999999999918,8.539999999999964,0.2412177985948424,19.180000000000064,0.7987486965589214,3.8500000000001364,3.6990000000000123,0.06,1.0,,,13,1,1.0,2023
2023-02-02 13:00:00+00:00|-1.0|vol_trans_follow_h1_low_to_high_h13_tp06_sl065,2023-02-02 13:00:00+00:00,STAGE28A,data/reports/stage28a_discovery_factory_batch_runner/stage28a_exact_trades.csv,volatility_transition_v1,vol_trans_follow_h1_low_to_high_h13_tp06_sl065,-1.998400000000038,-3.0484000000000377,-3.7484000000000375,0,0,0,0,3.0484000000000377,33.47000000000003,7.100000000000136,0.0408450704225293,8.519999999999982,0.08098591549296433,5.6599999999998545,6.189000000000021,0.968,-1.0,,,13,3,2.0,2023
2023-02-03 13:00:00+00:00|-1.0|vol_trans_follow_h1_low_to_high_h13_tp06_sl065,2023-02-03 13:00:00+00:00,STAGE28A,data/reports/stage28a_discovery_factory_batch_runner/stage28a_exact_trades.csv,volatility_transition_v1,vol_trans_follow_h1_low_to_high_h13_tp06_sl065,-1.986700000000019,-3.036700000000019,-3.7367000000000186,0,0,0,0,3.036700000000019,48.44999999999982,7.269999999999982,0.13480055020633022,8.599999999999909,0.490697674418613,3.8899999999998727,4.705499999999972,0.42,-1.0,,,13,4,2.0,2023
2023-02-06 13:00:00+00:00|-1.0|vol_trans_follow_h1_low_to_high_h13_tp06_sl065,2023-02-06 13:00:00+00:00,STAGE28A,data/reports/stage28a_discovery_factory_batch_runner/stage28a_exact_trades.csv,volatility_transition_v1,vol_trans_follow_h1_low_to_high_h13_tp06_sl065,1.2588999999999486,0.2088999999999488,-0.4911000000000509,1,0,1,0,0.2088999999999488,10.089999999999918,18.769999999999982,0.6904635055940357,11.180000000000064,0.549194991055462,2.6000000000001364,5.891500000000008,0.792,-1.0,,,13,0,2.0,2023
2023-02-07 13:00:00+00:00|-1.0|vol_trans_follow_h1_low_to_high_h13_tp06_sl065,2023-02-07 13:00:00+00:00,STAGE28A,data/reports/stage28a_discovery_factory_batch_runner/stage28a_exact_trades.csv,volatility_transition_v1,vol_trans_follow_h1_low_to_high_h13_tp06_sl065,1.1968000000000756,0.1468000000000757,-0.553199999999924,1,0,0,0,0.1468000000000757,21.3900000000001,8.75,0.5234285714285631,6.900000000000091,0.17536231884054973,3.6799999999998363,4.125499999999977,0.16,-1.0,,,13,1,2.0,2023
2023-02-08 13:00:00+00:00|-1.0|vol_trans_follow_h1_low_to_high_h13_tp06_sl065,2023-02-08 13:00:00+00:00,STAGE28A,data/reports/stage28a_discovery_factory_batch_runner/stage28a_exact_trades.csv,volatility_transition_v1,vol_trans_follow_h1_low_to_high_h13_tp06_sl065,1.4019999999999526,0.3519999999999528,-0.3480000000000469,1,0,1,0,0.3519999999999528,19.3599999999999,7.039999999999964,0.6022727272727316,13.2199999999998,0.2798789712556809,7.430000000000064,6.410499999999968,0.864,-1.0,,,13,2,2.0,2023
2023-02-09 13:00:00+00:00|1.0|vol_trans_follow_h1_low_to_high_h13_tp06_sl065,2023-02-09 13:00:00+00:00,STAGE28A,data/reports/stage28a_discovery_factory_batch_runner/stage28a_exact_trades.csv,volatility_transition_v1,vol_trans_follow_h1_low_to_high_h13_tp06_sl065,1.062700000000086,0.0127000000000863,-0.6872999999999134,1,0,0,0,0.0127000000000863,17.3599999999999,8.25,0.5478787878787856,9.329999999999927,0.663451232583052,5.129999999999882,3.5294999999999845,0.036,1.0,,,13,3,2.0,2023
2023-02-10 13:00:00+00:00|-1.0|vol_trans_follow_h1_low_to_high_h13_tp06_sl065,2023-02-10 13:00:00+00:00,STAGE28A,data/reports/stage28a_discovery_factory_batch_runner/stage28a_exact_trades.csv,volatility_transition_v1,vol_trans_follow_h1_low_to_high_h13_tp06_sl065,-2.4205749999999626,-3.4705749999999624,-4.170574999999962,0,0,0,1,3.4705749999999624,31.269999999999982,11.579999999999927,0.7236614853195107,19.3599999999999,0.46177685950413744,4.509999999999991,5.849500000000001,0.664,-1.0,,,13,4,2.0,2023
2023-02-13 13:00:00+00:00|1.0|vol_trans_follow_h1_low_to_high_h13_tp06_sl065,2023-02-13 13:00:00+00:00,STAGE28A,data/reports/stage28a_discovery_factory_batch_runner/stage28a_exact_trades.csv,volatility_transition_v1,vol_trans_follow_h1_low_to_high_h13_tp06_sl065,-2.031874999999991,-3.081874999999991,-3.781874999999991,0,0,0,1,3.081874999999991,2.6800000000000637,7.569999999999936,0.647291941875843,12.6400000000001,0.06170886075949102,5.3900000000001,4.215499999999986,0.2,1.0,,,13,0,2.0,2023
2023-02-14 13:00:00+00:00|-1.0|vol_trans_follow_h1_low_to_high_h13_tp06_sl065,2023-02-14 13:00:00+00:00,STAGE28A,data/reports/stage28a_discovery_factory_batch_runner/stage28a_exact_trades.csv,volatility_transition_v1,vol_trans_follow_h1_low_to_high_h13_tp06_sl065,-1.821925000000056,-2.871925000000056,-3.5719250000000557,0,0,0,0,2.871925000000056,16.13000000000011,6.519999999999982,0.5920245398773218,7.099999999999909,0.12394366197181592,4.0,3.477499999999998,0.036,-1.0,,,13,1,2.0,2023
2023-02-15 13:00:00+00:00|-1.0|vol_trans_follow_h1_low_to_high_h13_tp06_sl065,2023-02-15 13:00:00+00:00,STAGE28A,data/reports/stage28a_discovery_factory_batch_runner/stage28a_exact_trades.csv,volatility_transition_v1,vol_trans_follow_h1_low_to_high_h13_tp06_sl065,-2.3481000000000223,-3.398100000000022,-4.098100000000022,0,0,0,1,3.398100000000022,27.169999999999845,13.559999999999945,0.5243362831858355,16.019999999999982,0.7771535580524381,3.9500000000000455,5.293000000000006,0.48,-1.0,,,13,2,2.0,2023
2023-02-16 13:00:00+00:00|1.0|vol_trans_follow_h1_low_to_high_h13_tp06_sl065,2023-02-16 13:00:00+00:00,STAGE28A,data/reports/stage28a_discovery_factory_batch_runner/stage28a_exact_trades.csv,volatility_transition_v1,vol_trans_follow_h1_low_to_high_h13_tp06_sl065,-1.8176999999999224,-2.8676999999999224,-3.567699999999922,0,0,0,0,2.8676999999999224,29.50999999999999,8.169999999999845,0.3659730722154303,10.549999999999955,0.1184834123222754,3.7999999999999545,4.165999999999985,0.168,1.0,,,13,3,2.0,2023
2023-02-17 13:00:00+00:00|-1.0|vol_trans_follow_h1_low_to_high_h13_tp06_sl065,2023-02-17 13:00:00+00:00,STAGE28A,data/reports/stage28a_discovery_factory_batch_runner/stage28a_exact_trades.csv,volatility_transition_v1,vol_trans_follow_h1_low_to_high_h13_tp06_sl065,-2.1505000000000565,-3.2005000000000563,-3.900500000000056,0,0,0,1,3.2005000000000563,17.670000000000073,12.660000000000082,0.5979462875197383,9.319999999999936,0.3508583690987129,3.509999999999991,4.853499999999997,0.416,-1.0,,,13,4,2.0,2023
2023-02-20 13:00:00+00:00|-1.0|vol_trans_follow_h1_low_to_high_h13_tp06_sl065,2023-02-20 13:00:00+00:00,STAGE28A,data/reports/stage28a_discovery_factory_batch_runner/stage28a_exact_trades.csv,volatility_transition_v1,vol_trans_follow_h1_low_to_high_h13_tp06_sl065,0.6999999999999545,-0.3500000000000454,-1.0500000000000451,0,0,0,0,0.3500000000000454,3.3700000000001182,7.559999999999945,0.5052910052910006,6.3599999999999,0.1289308176100549,2.0299999999999727,3.7389999999999874,0.048,-1.0,,,13,0,2.0,2023
2023-02-22 13:00:00+00:00|-1.0|vol_trans_follow_h1_low_to_high_h13_tp06_sl065,2023-02-22 13:00:00+00:00,STAGE28A,data/reports/stage28a_discovery_factory_batch_runner/stage28a_exact_trades.csv,volatility_transition_v1,vol_trans_follow_h1_low_to_high_h13_tp06_sl065,0.908199999999988,-0.1418000000000119,-0.8418000000000117,0,0,0,0,0.1418000000000119,13.599999999999909,4.370000000000118,0.21967963386727926,9.069999999999936,0.34399117971335613,2.6299999999998818,3.536500000000012,0.124,-1.0,,,13,2,2.0,2023
2023-02-23 13:00:00+00:00|1.0|vol_trans_follow_h1_low_to_high_h13_tp06_sl065,2023-02-23 13:00:00+00:00,STAGE28A,data/reports/stage28a_discovery_factory_batch_runner/stage28a_exact_trades.csv,volatility_transition_v1,vol_trans_follow_h1_low_to_high_h13_tp06_sl065,0.7788999999999305,-0.2711000000000694,-0.9711000000000692,0,0,0,0,0.2711000000000694,22.430000000000064,7.279999999999973,0.6565934065934053,9.3900000000001,0.3588924387646278,2.900000000000091,3.769500000000005,0.2,1.0,,,13,3,2.0,2023
2023-02-24 13:00:00+00:00|1.0|vol_trans_follow_h1_low_to_high_h13_tp06_sl065,2023-02-24 13:00:00+00:00,STAGE28A,data/reports/stage28a_discovery_factory_batch_runner/stage28a_exact_trades.csv,volatility_transition_v1,vol_trans_follow_h1_low_to_high_h13_tp06_sl065,-1.7487999999999375,-2.7987999999999373,-3.498799999999937,0,0,0,0,2.7987999999999373,16.320000000000164,6.779999999999973,0.3554572271386566,6.529999999999973,0.4992343032159272,3.1299999999998818,3.3700000000000045,0.112,1.0,,,13,4,2.0,2023
2023-03-01 13:00:00+00:00|1.0|vol_trans_follow_h1_low_to_high_h13_tp06_sl065,2023-03-01 13:00:00+00:00,STAGE28A,data/reports/stage28a_discovery_factory_batch_runner/stage28a_exact_trades.csv,volatility_transition_v1,vol_trans_follow_h1_low_to_high_h13_tp06_sl065,1.0014999999999872,-0.0485000000000126,-0.7485000000000124,0,0,0,0,0.0485000000000126,26.559999999999945,8.710000000000036,0.5051664753157373,8.179999999999836,0.6002444987775003,4.190000000000055,3.8149999999999524,0.38,1.0,,,13,2,3.0,2023
2023-03-06 13:00:00+00:00|-1.0|vol_trans_follow_h1_low_to_high_h13_tp06_sl065,2023-03-06 13:00:00+00:00,STAGE28A,data/reports/stage28a_discovery_factory_batch_runner/stage28a_exact_trades.csv,volatility_transition_v1,vol_trans_follow_h1_low_to_high_h13_tp06_sl065,-1.5274749999999586,-2.5774749999999584,-3.277474999999958,0,0,0,0,2.5774749999999584,3.290000000000191,5.690000000000055,0.2882249560632837,8.38000000000011,0.46062052505967505,3.1400000000001,3.5700000000000385,0.356,-1.0,,,13,0,3.0,2023
2023-03-10 13:00:00+00:00|1.0|vol_trans_follow_h1_low_to_high_h13_tp06_sl065,2023-03-10 13:00:00+00:00,STAGE28A,data/reports/stage28a_discovery_factory_batch_runner/stage28a_exact_trades.csv,volatility_transition_v1,vol_trans_follow_h1_low_to_high_h13_tp06_sl065,-1.8245250000000848,-2.874525000000085,-3.5745250000000848,0,0,0,0,2.874525000000085,23.679999999999836,7.129999999999882,0.25385694249649027,8.730000000000018,0.345933562428405,4.080000000000155,3.894500000000039,0.76,1.0,,,13,4,3.0,2023
2023-03-13 13:00:00+00:00|-1.0|vol_trans_follow_h1_low_to_high_h13_tp06_sl065,2023-03-13 13:00:00+00:00,STAGE28A,data/reports/stage28a_discovery_factory_batch_runner/stage28a_exact_trades.csv,volatility_transition_v1,vol_trans_follow_h1_low_to_high_h13_tp06_sl065,1.9867000000000643,0.9367000000000644,0.2367000000000647,1,1,1,0,0.9367000000000644,22.169999999999845,22.169999999999845,0.43031123139377675,22.269999999999982,0.11899416255052057,6.9500000000000455,9.58099999999996,0.968,-1.0,,,13,0,3.0,2023
2023-03-14 13:00:00+00:00|1.0|vol_trans_follow_h1_low_to_high_h13_tp06_sl065,2023-03-14 13:00:00+00:00,STAGE28A,data/reports/stage28a_discovery_factory_batch_runner/stage28a_exact_trades.csv,volatility_transition_v1,vol_trans_follow_h1_low_to_high_h13_tp06_sl065,1.5268000000000028,0.476800000000003,-0.2231999999999967,1,0,1,0,0.476800000000003,43.12999999999988,12.549999999999955,0.7274900398406307,12.61999999999989,0.03328050713152528,3.769999999999982,5.18850000000001,0.828,1.0,,,13,1,3.0,2023
2023-03-15 13:00:00+00:00|1.0|vol_trans_follow_h1_low_to_high_h13_tp06_sl065,2023-03-15 13:00:00+00:00,STAGE28A,data/reports/stage28a_discovery_factory_batch_runner/stage28a_exact_trades.csv,volatility_transition_v1,vol_trans_follow_h1_low_to_high_h13_tp06_sl065,2.020300000000043,0.970300000000043,0.2703000000000433,1,1,1,0,0.970300000000043,18.75,5.6599999999998545,0.24558303886924177,24.029999999999973,0.28381190178942756,13.539999999999964,4.8125,0.74,1.0,,,13,2,3.0,2023
2023-03-16 13:00:00+00:00|1.0|vol_trans_follow_h1_low_to_high_h13_tp06_sl065,2023-03-16 13:00:00+00:00,STAGE28A,data/reports/stage28a_discovery_factory_batch_runner/stage28a_exact_trades.csv,volatility_transition_v1,vol_trans_follow_h1_low_to_high_h13_tp06_sl065,-2.4514500000001136,-3.5014500000001134,-4.201450000000113,0,0,0,1,3.5014500000001134,51.57999999999993,16.930000000000064,0.24453632604843972,10.720000000000027,0.868470149253724,4.350000000000136,6.749499999999989,0.788,1.0,,,13,3,3.0,2023
2023-03-17 13:00:00+00:00|-1.0|vol_trans_follow_h1_low_to_high_h13_tp06_sl065,2023-03-17 13:00:00+00:00,STAGE28A,data/reports/stage28a_discovery_factory_batch_runner/stage28a_exact_trades.csv,volatility_transition_v1,vol_trans_follow_h1_low_to_high_h13_tp06_sl065,1.1790999999999712,0.1290999999999713,-0.5709000000000284,1,0,0,0,0.1290999999999713,25.8599999999999,12.769999999999982,0.8300704776820792,6.980000000000018,0.04154727793695743,3.769999999999982,4.405999999999972,0.532,-1.0,,,13,4,3.0,2023
2023-03-20 13:00:00+00:00|-1.0|vol_trans_follow_h1_low_to_high_h13_tp06_sl065,2023-03-20 13:00:00+00:00,STAGE28A,data/reports/stage28a_discovery_factory_batch_runner/stage28a_exact_trades.csv,volatility_transition_v1,vol_trans_follow_h1_low_to_high_h13_tp06_sl065,-4.681924999999955,-5.731924999999956,-6.431924999999955,0,0,0,1,5.731924999999956,15.549999999999955,22.420000000000073,0.4214986619090105,35.87000000000012,0.16085865625871099,14.710000000000036,10.59599999999997,0.992,-1.0,,,13,0,3.0,2023
2023-03-21 13:00:00+00:00|-1.0|vol_trans_follow_h1_low_to_high_h13_tp06_sl065,2023-03-21 13:00:00+00:00,STAGE28A,data/reports/stage28a_discovery_factory_batch_runner/stage28a_exact_trades.csv,volatility_transition_v1,vol_trans_follow_h1_low_to_high_h13_tp06_sl065,1.7377000000000409,0.6877000000000408,-0.0122999999999589,1,0,1,0,0.6877000000000408,43.950000000000045,9.779999999999973,0.33742331288343186,20.310000000000173,0.6233382570162357,5.069999999999936,5.340999999999974,0.44,-1.0,,,13,1,3.0,2023
2023-03-22 13:00:00+00:00|-1.0|vol_trans_follow_h1_low_to_high_h13_tp06_sl065,2023-03-22 13:00:00+00:00,STAGE28A,data/reports/stage28a_discovery_factory_batch_runner/stage28a_exact_trades.csv,volatility_transition_v1,vol_trans_follow_h1_low_to_high_h13_tp06_sl065,1.4035000000000308,0.353500000000031,-0.3464999999999687,1,0,1,0,0.353500000000031,49.75,8.330000000000155,0.03121248499399593,11.389999999999873,0.2906057945566271,5.069999999999936,4.805000000000052,0.28,-1.0,,,13,2,3.0,2023
2023-03-23 13:00:00+00:00|-1.0|vol_trans_follow_h1_low_to_high_h13_tp06_sl065,2023-03-23 13:00:00+00:00,STAGE28A,data/reports/stage28a_discovery_factory_batch_runner/stage28a_exact_trades.csv,volatility_transition_v1,vol_trans_follow_h1_low_to_high_h13_tp06_sl065,-2.520024999999896,-3.570024999999896,-4.270024999999896,0,0,0,1,3.570024999999896,44.49000000000001,13.700000000000045,0.5751824817518143,9.3599999999999,0.01816239316240113,4.4099999999998545,7.595999999999992,0.66,-1.0,,,13,3,3.0,2023
2023-03-24 13:00:00+00:00|-1.0|vol_trans_follow_h1_low_to_high_h13_tp06_sl065,2023-03-24 13:00:00+00:00,STAGE28A,data/reports/stage28a_discovery_factory_batch_runner/stage28a_exact_trades.csv,volatility_transition_v1,vol_trans_follow_h1_low_to_high_h13_tp06_sl065,-2.7608499999999823,-3.810849999999982,-4.510849999999982,0,0,0,1,3.810849999999982,38.76999999999998,5.119999999999891,0.011718750000034,19.029999999999973,0.026799789805569713,7.7000000000000455,6.421999999999992,0.452,-1.0,,,13,4,3.0,2023
2023-03-27 13:00:00+00:00|-1.0|vol_trans_follow_h1_low_to_high_h13_tp06_sl065,2023-03-27 13:00:00+00:00,STAGE28A,data/reports/stage28a_discovery_factory_batch_runner/stage28a_exact_trades.csv,volatility_transition_v1,vol_trans_follow_h1_low_to_high_h13_tp06_sl065,-2.491750000000002,-3.5417500000000017,-4.2417500000000015,0,0,0,1,3.5417500000000017,10.569999999999936,10.569999999999936,0.07473982970671413,19.519999999999982,0.9508196721311456,12.740000000000009,6.0490000000000235,0.288,-1.0,,,13,0,3.0,2023
2023-03-28 13:00:00+00:00|1.0|vol_trans_follow_h1_low_to_high_h13_tp06_sl065,2023-03-28 13:00:00+00:00,STAGE28A,data/reports/stage28a_discovery_factory_batch_runner/stage28a_exact_trades.csv,volatility_transition_v1,vol_trans_follow_h1_low_to_high_h13_tp06_sl065,1.3269999999999071,0.2769999999999073,-0.4230000000000924,1,0,1,0,0.2769999999999073,35.899999999999864,8.460000000000036,0.280141843971644,11.63000000000011,0.5081685296646431,4.680000000000064,4.132999999999993,0.004,1.0,,,13,1,3.0,2023
2023-03-29 13:00:00+00:00|1.0|vol_trans_follow_h1_low_to_high_h13_tp06_sl065,2023-03-29 13:00:00+00:00,STAGE28A,data/reports/stage28a_discovery_factory_batch_runner/stage28a_exact_trades.csv,volatility_transition_v1,vol_trans_follow_h1_low_to_high_h13_tp06_sl065,0.9717999999999392,-0.0782000000000606,-0.7782000000000604,0,0,0,0,0.0782000000000606,26.100000000000136,8.519999999999982,0.7500000000000133,10.220000000000027,0.07827788649705993,3.740000000000009,3.960500000000002,0.02,1.0,,,13,2,3.0,2023
2023-03-30 13:00:00+00:00|-1.0|vol_trans_follow_h1_low_to_high_h13_tp06_sl065,2023-03-30 13:00:00+00:00,STAGE28A,data/reports/stage28a_discovery_factory_batch_runner/stage28a_exact_trades.csv,volatility_transition_v1,vol_trans_follow_h1_low_to_high_h13_tp06_sl065,-1.79137499999988,-2.84137499999988,-3.54137499999988,0,0,0,0,2.84137499999988,15.759999999999991,9.539999999999964,0.4947589098532542,12.559999999999945,0.6162420382165639,1.6600000000000819,4.042999999999973,0.048,-1.0,,,13,3,3.0,2023
2023-03-31 13:00:00+00:00|1.0|vol_trans_follow_h1_low_to_high_h13_tp06_sl065,2023-03-31 13:00:00+00:00,STAGE28A,data/reports/stage28a_discovery_factory_batch_runner/stage28a_exact_trades.csv,volatility_transition_v1,vol_trans_follow_h1_low_to_high_h13_tp06_sl065,1.1490999999999985,0.0990999999999986,-0.6009000000000011,1,0,0,0,0.0990999999999986,28.910000000000082,5.970000000000027,0.3417085427135983,11.840000000000146,0.22972972972972922,5.240000000000009,4.062999999999965,0.096,1.0,,,13,4,3.0,2023
2023-04-03 13:00:00+00:00|1.0|vol_trans_follow_h1_low_to_high_h13_tp06_sl065,2023-04-03 13:00:00+00:00,STAGE28A,data/reports/stage28a_discovery_factory_batch_runner/stage28a_exact_trades.csv,volatility_transition_v1,vol_trans_follow_h1_low_to_high_h13_tp06_sl065,-2.0721750000001067,-3.1221750000001065,-3.822175000000106,0,0,0,1,3.1221750000001065,12.190000000000055,22.549999999999955,0.4736141906873652,16.539999999999964,0.8657799274486074,3.9400000000000546,6.254499999999996,0.552,1.0,,,13,0,4.0,2023
2023-04-04 13:00:00+00:00|1.0|vol_trans_follow_h1_low_to_high_h13_tp06_sl065,2023-04-04 13:00:00+00:00,STAGE28A,data/reports/stage28a_discovery_factory_batch_runner/stage28a_exact_trades.csv,volatility_transition_v1,vol_trans_follow_h1_low_to_high_h13_tp06_sl065,0.87849999999994,-0.1715000000000599,-0.8715000000000597,0,0,0,0,0.1715000000000599,40.72000000000003,7.680000000000064,0.7552083333333508,7.259999999999991,0.6680440771350059,3.6200000000001182,4.161000000000013,0.124,1.0,,,13,1,4.0,2023
2023-04-05 13:00:00+00:00|1.0|vol_trans_follow_h1_low_to_high_h13_tp06_sl065,2023-04-05 13:00:00+00:00,STAGE28A,data/reports/stage28a_discovery_factory_batch_runner/stage28a_exact_trades.csv,volatility_transition_v1,vol_trans_follow_h1_low_to_high_h13_tp06_sl065,-1.753350000000046,-2.8033500000000457,-3.503350000000045,0,0,0,0,2.8033500000000457,48.01999999999998,5.910000000000082,0.4027072758037354,6.6099999999999,0.22541603630862808,3.369999999999891,4.895500000000027,0.416,1.0,,,13,2,4.0,2023
2023-04-06 13:00:00+00:00|1.0|vol_trans_follow_h1_low_to_high_h13_tp06_sl065,2023-04-06 13:00:00+00:00,STAGE28A,data/reports/stage28a_discovery_factory_batch_runner/stage28a_exact_trades.csv,volatility_transition_v1,vol_trans_follow_h1_low_to_high_h13_tp06_sl065,0.9708999999999378,-0.0791000000000621,-0.7791000000000619,0,0,0,0,0.0791000000000621,22.069999999999936,13.549999999999955,0.6664206642066423,9.879999999999882,0.8289473684210681,3.259999999999991,4.436500000000012,0.276,1.0,,,13,3,4.0,2023
2023-04-10 13:00:00+00:00|1.0|vol_trans_follow_h1_low_to_high_h13_tp06_sl065,2023-04-10 13:00:00+00:00,STAGE28A,data/reports/stage28a_discovery_factory_batch_runner/stage28a_exact_trades.csv,volatility_transition_v1,vol_trans_follow_h1_low_to_high_h13_tp06_sl065,-1.4810000000000856,-2.5310000000000854,-3.231000000000085,0,0,0,0,2.5310000000000854,17.029999999999973,17.65000000000009,0.8271954674220869,12.220000000000027,0.786415711947617,4.930000000000064,5.2620000000000235,0.588,1.0,,,13,0,4.0,2023
2023-04-11 13:00:00+00:00|-1.0|vol_trans_follow_h1_low_to_high_h13_tp06_sl065,2023-04-11 13:00:00+00:00,STAGE28A,data/reports/stage28a_discovery_factory_batch_runner/stage28a_exact_trades.csv,volatility_transition_v1,vol_trans_follow_h1_low_to_high_h13_tp06_sl065,-1.7757749999999306,-2.8257749999999304,-3.52577499999993,0,0,0,0,2.8257749999999304,24.860000000000127,9.349999999999909,0.6588235294117799,10.100000000000136,0.6920792079207836,2.8599999999999,3.5599999999999796,0.036,-1.0,,,13,1,4.0,2023
2023-04-12 13:00:00+00:00|1.0|vol_trans_follow_h1_low_to_high_h13_tp06_sl065,2023-04-12 13:00:00+00:00,STAGE28A,data/reports/stage28a_discovery_factory_batch_runner/stage28a_exact_trades.csv,volatility_transition_v1,vol_trans_follow_h1_low_to_high_h13_tp06_sl065,-1.685749999999962,-2.7357499999999617,-3.435749999999961,0,0,0,0,2.7357499999999617,18.610000000000127,16.36999999999989,0.8173488087965912,12.539999999999964,0.4976076555023945,3.0,3.838499999999965,0.152,1.0,,,13,2,4.0,2023
2023-04-13 13:00:00+00:00|1.0|vol_trans_follow_h1_low_to_high_h13_tp06_sl065,2023-04-13 13:00:00+00:00,STAGE28A,data/reports/stage28a_discovery_factory_batch_runner/stage28a_exact_trades.csv,volatility_transition_v1,vol_trans_follow_h1_low_to_high_h13_tp06_sl065,-1.7754499999999551,-2.825449999999955,-3.525449999999955,0,0,0,0,2.825449999999955,27.13000000000011,6.1400000000001,0.3697068403908705,13.950000000000045,0.6566308243727635,2.9199999999998454,4.161999999999978,0.308,1.0,,,13,3,4.0,2023
2023-04-14 13:00:00+00:00|1.0|vol_trans_follow_h1_low_to_high_h13_tp06_sl065,2023-04-14 13:00:00+00:00,STAGE28A,data/reports/stage28a_discovery_factory_batch_runner/stage28a_exact_trades.csv,volatility_transition_v1,vol_trans_follow_h1_low_to_high_h13_tp06_sl065,-2.028300000000036,-3.078300000000036,-3.7783000000000353,0,0,0,1,3.078300000000036,35.00999999999999,8.809999999999945,0.5595913734392842,14.690000000000055,0.43567052416610397,4.289999999999964,4.561500000000024,0.404,1.0,,,13,4,4.0,2023
2023-04-17 13:00:00+00:00|1.0|vol_trans_follow_h1_low_to_high_h13_tp06_sl065,2023-04-17 13:00:00+00:00,STAGE28A,data/reports/stage28a_discovery_factory_batch_runner/stage28a_exact_trades.csv,volatility_transition_v1,vol_trans_follow_h1_low_to_high_h13_tp06_sl065,1.2112000000000989,0.161200000000099,-0.5387999999999007,1,0,1,0,0.161200000000099,7.0,10.759999999999991,0.30669144981412244,11.329999999999927,0.5216240070608907,2.3899999999998727,5.830000000000007,0.724,1.0,,,13,0,4.0,2023
2023-04-18 13:00:00+00:00|-1.0|vol_trans_follow_h1_low_to_high_h13_tp06_sl065,2023-04-18 13:00:00+00:00,STAGE28A,data/reports/stage28a_discovery_factory_batch_runner/stage28a_exact_trades.csv,volatility_transition_v1,vol_trans_follow_h1_low_to_high_h13_tp06_sl065,-1.83395000000005,-2.8839500000000498,-3.583950000000049,0,0,0,0,2.8839500000000498,33.8900000000001,8.5,0.6588235294117808,8.699999999999818,0.10919540229885809,5.029999999999973,4.1374999999999655,0.208,-1.0,,,13,1,4.0,2023
2023-04-19 13:00:00+00:00|-1.0|vol_trans_follow_h1_low_to_high_h13_tp06_sl065,2023-04-19 13:00:00+00:00,STAGE28A,data/reports/stage28a_discovery_factory_batch_runner/stage28a_exact_trades.csv,volatility_transition_v1,vol_trans_follow_h1_low_to_high_h13_tp06_sl065,-2.968199999999888,-4.018199999999888,-4.718199999999888,0,0,0,1,4.018199999999888,20.6099999999999,6.189999999999827,0.34087237479809146,31.710000000000036,0.9274676758120481,7.639999999999873,4.9204999999999925,0.476,-1.0,,,13,2,4.0,2023
2023-04-20 13:00:00+00:00|1.0|vol_trans_follow_h1_low_to_high_h13_tp06_sl065,2023-04-20 13:00:00+00:00,STAGE28A,data/reports/stage28a_discovery_factory_batch_runner/stage28a_exact_trades.csv,volatility_transition_v1,vol_trans_follow_h1_low_to_high_h13_tp06_sl065,1.2103000000000974,0.1603000000000976,-0.5396999999999021,1,0,1,0,0.1603000000000976,38.95999999999981,8.179999999999836,0.20904645476773479,9.779999999999973,0.6932515337423304,7.809999999999945,4.066000000000019,0.2,1.0,,,13,3,4.0,2023
2023-04-21 13:00:00+00:00|-1.0|vol_trans_follow_h1_low_to_high_h13_tp06_sl065,2023-04-21 13:00:00+00:00,STAGE28A,data/reports/stage28a_discovery_factory_batch_runner/stage28a_exact_trades.csv,volatility_transition_v1,vol_trans_follow_h1_low_to_high_h13_tp06_sl065,1.7208999999999377,0.6708999999999379,-0.0291000000000618,1,0,1,0,0.6708999999999379,21.839999999999918,4.940000000000055,0.5161943319837907,20.37999999999988,0.7850834151128603,5.4500000000000455,4.8180000000000405,0.424,-1.0,,,13,4,4.0,2023
2023-04-24 13:00:00+00:00|-1.0|vol_trans_follow_h1_low_to_high_h13_tp06_sl065,2023-04-24 13:00:00+00:00,STAGE28A,data/reports/stage28a_discovery_factory_batch_runner/stage28a_exact_trades.csv,volatility_transition_v1,vol_trans_follow_h1_low_to_high_h13_tp06_sl065,-1.844999999999891,-2.8949999999998908,-3.5949999999998905,0,0,0,0,2.8949999999998908,3.790000000000191,6.7999999999999545,0.4735294117647131,10.459999999999809,0.22179732313575323,4.0,4.293000000000018,0.256,-1.0,,,13,0,4.0,2023
2023-04-25 13:00:00+00:00|-1.0|vol_trans_follow_h1_low_to_high_h13_tp06_sl065,2023-04-25 13:00:00+00:00,STAGE28A,data/reports/stage28a_discovery_factory_batch_runner/stage28a_exact_trades.csv,volatility_transition_v1,vol_trans_follow_h1_low_to_high_h13_tp06_sl065,1.202500000000009,0.1525000000000091,-0.5474999999999905,1,0,1,0,0.1525000000000091,18.579999999999927,12.269999999999982,0.013039934800332689,10.289999999999964,0.4528668610301359,3.839999999999918,4.624499999999978,0.412,-1.0,,,13,1,4.0,2023
2023-04-26 13:00:00+00:00|1.0|vol_trans_follow_h1_low_to_high_h13_tp06_sl065,2023-04-26 13:00:00+00:00,STAGE28A,data/reports/stage28a_discovery_factory_batch_runner/stage28a_exact_trades.csv,volatility_transition_v1,vol_trans_follow_h1_low_to_high_h13_tp06_sl065,0.9420999999998912,-0.1079000000001086,-0.8079000000001084,0,0,0,0,0.1079000000001086,27.710000000000036,9.230000000000018,0.37811484290357555,6.069999999999936,0.7726523887973812,3.119999999999891,4.515499999999986,0.262,1.0,,,13,2,4.0,2023
2023-04-27 13:00:00+00:00|-1.0|vol_trans_follow_h1_low_to_high_h13_tp06_sl065,2023-04-27 13:00:00+00:00,STAGE28A,data/reports/stage28a_discovery_factory_batch_runner/stage28a_exact_trades.csv,volatility_transition_v1,vol_trans_follow_h1_low_to_high_h13_tp06_sl065,1.0485999999999875,-0.0014000000000122,-0.701400000000012,0,0,0,0,0.0014000000000122,25.920000000000073,11.960000000000036,0.8127090301003342,6.400000000000091,0.44687499999997804,3.1099999999999,4.386000000000024,0.18,-1.0,,,13,3,4.0,2023
2023-04-28 13:00:00+00:00|-1.0|vol_trans_follow_h1_low_to_high_h13_tp06_sl065,2023-04-28 13:00:00+00:00,STAGE28A,data/reports/stage28a_discovery_factory_batch_runner/stage28a_exact_trades.csv,volatility_transition_v1,vol_trans_follow_h1_low_to_high_h13_tp06_sl065,1.016800000000012,-0.0331999999999879,-0.7331999999999876,0,0,0,0,0.0331999999999879,29.029999999999973,6.509999999999991,0.32872503840243866,10.569999999999936,0.5619678334909993,1.900000000000091,3.6395000000000097,0.028,-1.0,,,13,4,4.0,2023
2023-05-01 13:00:00+00:00|1.0|vol_trans_follow_h1_low_to_high_h13_tp06_sl065,2023-05-01 13:00:00+00:00,STAGE28A,data/reports/stage28a_discovery_factory_batch_runner/stage28a_exact_trades.csv,volatility_transition_v1,vol_trans_follow_h1_low_to_high_h13_tp06_sl065,-1.5499000000000709,-2.5999000000000705,-3.29990000000007,0,0,0,0,2.5999000000000705,3.2999999999999545,11.25,0.5164444444444396,9.319999999999936,0.14377682403432696,8.230000000000018,4.131500000000028,0.12,1.0,,,13,0,5.0,2023
2023-05-02 13:00:00+00:00|1.0|vol_trans_follow_h1_low_to_high_h13_tp06_sl065,2023-05-02 13:00:00+00:00,STAGE28A,data/reports/stage28a_discovery_factory_batch_runner/stage28a_exact_trades.csv,volatility_transition_v1,vol_trans_follow_h1_low_to_high_h13_tp06_sl065,-1.740024999999923,-2.790024999999923,-3.490024999999923,0,0,0,0,2.790024999999923,28.960000000000036,4.459999999999809,0.12556053811658507,7.899999999999864,0.25949367088607467,5.7999999999999545,3.559499999999969,0.032,1.0,,,13,1,5.0,2023
2023-05-03 13:00:00+00:00|1.0|vol_trans_follow_h1_low_to_high_h13_tp06_sl065,2023-05-03 13:00:00+00:00,STAGE28A,data/reports/stage28a_discovery_factory_batch_runner/stage28a_exact_trades.csv,volatility_transition_v1,vol_trans_follow_h1_low_to_high_h13_tp06_sl065,0.6433000000000902,-0.4066999999999097,-1.1066999999999094,0,0,0,0,0.4066999999999097,40.909999999999854,4.5300000000002,0.6247240618101109,6.770000000000209,0.20531757754798075,2.1800000000000637,4.468499999999994,0.252,1.0,,,13,2,5.0,2023
2023-05-04 13:00:00+00:00|1.0|vol_trans_follow_h1_low_to_high_h13_tp06_sl065,2023-05-04 13:00:00+00:00,STAGE28A,data/reports/stage28a_discovery_factory_batch_runner/stage28a_exact_trades.csv,volatility_transition_v1,vol_trans_follow_h1_low_to_high_h13_tp06_sl065,-2.201850000000013,-3.251850000000013,-3.9518500000000127,0,0,0,1,3.251850000000013,50.37000000000012,39.94999999999982,0.3902377972465636,14.970000000000027,0.2077488309953169,4.800000000000182,9.180500000000029,0.988,1.0,,,13,3,5.0,2023
2023-05-05 13:00:00+00:00|-1.0|vol_trans_follow_h1_low_to_high_h13_tp06_sl065,2023-05-05 13:00:00+00:00,STAGE28A,data/reports/stage28a_discovery_factory_batch_runner/stage28a_exact_trades.csv,volatility_transition_v1,vol_trans_follow_h1_low_to_high_h13_tp06_sl065,-1.6789250000000266,-2.7289250000000265,-3.428925000000026,0,0,0,0,2.7289250000000265,47.87999999999988,7.529999999999973,0.10092961487380694,13.800000000000182,0.8630434782608641,2.900000000000091,4.995000000000016,0.504,-1.0,,,13,4,5.0,2023
2023-05-08 13:00:00+00:00|1.0|vol_trans_follow_h1_low_to_high_h13_tp06_sl065,2023-05-08 13:00:00+00:00,STAGE28A,data/reports/stage28a_discovery_factory_batch_runner/stage28a_exact_trades.csv,volatility_transition_v1,vol_trans_follow_h1_low_to_high_h13_tp06_sl065,-1.4202249999999368,-2.4702249999999366,-3.1702249999999363,0,0,0,0,2.4702249999999366,3.8199999999999363,9.689999999999827,0.8926728586171329,4.629999999999882,0.12526997840176446,2.2200000000000273,3.9744999999999777,0.108,1.0,,,13,0,5.0,2023
2023-05-11 13:00:00+00:00|1.0|vol_trans_follow_h1_low_to_high_h13_tp06_sl065,2023-05-11 13:00:00+00:00,STAGE28A,data/reports/stage28a_discovery_factory_batch_runner/stage28a_exact_trades.csv,volatility_transition_v1,vol_trans_follow_h1_low_to_high_h13_tp06_sl065,-2.050399999999945,-3.100399999999945,-3.8003999999999447,0,0,0,1,3.100399999999945,26.679999999999836,7.099999999999909,0.10563380281690277,11.410000000000082,0.47414548641542886,6.420000000000073,4.1474999999999795,0.308,1.0,,,13,3,5.0,2023
2023-05-12 13:00:00+00:00|-1.0|vol_trans_follow_h1_low_to_high_h13_tp06_sl065,2023-05-12 13:00:00+00:00,STAGE28A,data/reports/stage28a_discovery_factory_batch_runner/stage28a_exact_trades.csv,volatility_transition_v1,vol_trans_follow_h1_low_to_high_h13_tp06_sl065,1.0932999999999082,0.0432999999999084,-0.6567000000000913,1,0,0,0,0.0432999999999084,30.1400000000001,8.960000000000036,0.4832589285714185,11.710000000000036,0.7532023911186941,6.180000000000064,4.002500000000009,0.304,-1.0,,,13,4,5.0,2023
2023-05-15 13:00:00+00:00|-1.0|vol_trans_follow_h1_low_to_high_h13_tp06_sl065,2023-05-15 13:00:00+00:00,STAGE28A,data/reports/stage28a_discovery_factory_batch_runner/stage28a_exact_trades.csv,volatility_transition_v1,vol_trans_follow_h1_low_to_high_h13_tp06_sl065,0.8155000000000655,-0.2344999999999344,-0.9344999999999342,0,0,0,0,0.2344999999999344,4.789999999999964,11.710000000000036,0.2613151152860748,7.720000000000027,0.3121761658031183,2.740000000000009,3.9409999999999967,0.288,-1.0,,,13,0,5.0,2023
2023-05-22 13:00:00+00:00|-1.0|vol_trans_follow_h1_low_to_high_h13_tp06_sl065,2023-05-22 13:00:00+00:00,STAGE28A,data/reports/stage28a_discovery_factory_batch_runner/stage28a_exact_trades.csv,volatility_transition_v1,vol_trans_follow_h1_low_to_high_h13_tp06_sl065,-1.7767500000000838,-2.826750000000084,-3.5267500000000838,0,0,0,0,2.826750000000084,4.360000000000127,6.099999999999909,0.3639344262295181,11.349999999999909,0.16123348017620634,3.3199999999999363,5.224000000000013,0.78,-1.0,,,13,0,5.0,2023
2023-05-23 13:00:00+00:00|-1.0|vol_trans_follow_h1_low_to_high_h13_tp06_sl065,2023-05-23 13:00:00+00:00,STAGE28A,data/reports/stage28a_discovery_factory_batch_runner/stage28a_exact_trades.csv,volatility_transition_v1,vol_trans_follow_h1_low_to_high_h13_tp06_sl065,-1.910649999999896,-2.960649999999896,-3.660649999999896,0,0,0,0,2.960649999999896,13.670000000000073,12.319999999999936,0.6915584415584437,10.339999999999918,0.5483558994197406,4.3900000000001,4.175499999999988,0.504,-1.0,,,13,1,5.0,2023
2023-05-24 13:00:00+00:00|-1.0|vol_trans_follow_h1_low_to_high_h13_tp06_sl065,2023-05-24 13:00:00+00:00,STAGE28A,data/reports/stage28a_discovery_factory_batch_runner/stage28a_exact_trades.csv,volatility_transition_v1,vol_trans_follow_h1_low_to_high_h13_tp06_sl065,-2.011399999999958,-3.0613999999999577,-3.761399999999957,0,0,0,0,3.0613999999999577,23.449999999999818,4.529999999999973,0.0883002207505223,9.820000000000164,0.036659877800396534,3.199999999999818,3.878999999999985,0.28,-1.0,,,13,2,5.0,2023
2023-05-25 13:00:00+00:00|-1.0|vol_trans_follow_h1_low_to_high_h13_tp06_sl065,2023-05-25 13:00:00+00:00,STAGE28A,data/reports/stage28a_discovery_factory_batch_runner/stage28a_exact_trades.csv,volatility_transition_v1,vol_trans_follow_h1_low_to_high_h13_tp06_sl065,-1.6434999999999946,-2.6934999999999945,-3.393499999999994,0,0,0,0,2.6934999999999945,28.560000000000173,6.789999999999964,0.5729013254786629,9.850000000000136,0.39187817258884,3.509999999999991,4.429500000000007,0.536,-1.0,,,13,3,5.0,2023
2023-05-26 13:00:00+00:00|1.0|vol_trans_follow_h1_low_to_high_h13_tp06_sl065,2023-05-26 13:00:00+00:00,STAGE28A,data/reports/stage28a_discovery_factory_batch_runner/stage28a_exact_trades.csv,volatility_transition_v1,vol_trans_follow_h1_low_to_high_h13_tp06_sl065,-1.7796750000000885,-2.8296750000000883,-3.529675000000088,0,0,0,0,2.8296750000000883,25.910000000000082,12.120000000000118,0.5140264026402606,10.289999999999964,0.5053449951409197,2.4199999999998454,3.8940000000000055,0.256,1.0,,,13,4,5.0,2023
2023-06-01 13:00:00+00:00|1.0|vol_trans_follow_h1_low_to_high_h13_tp06_sl065,2023-06-01 13:00:00+00:00,STAGE28A,data/reports/stage28a_discovery_factory_batch_runner/stage28a_exact_trades.csv,volatility_transition_v1,vol_trans_follow_h1_low_to_high_h13_tp06_sl065,0.72549999999992,-0.3245000000000799,-1.0245000000000797,0,0,0,0,0.3245000000000799,21.13000000000011,5.470000000000027,0.40036563071298786,12.440000000000055,0.31511254019291224,5.370000000000118,4.007000000000028,0.324,1.0,,,13,3,6.0,2023
2023-06-05 13:00:00+00:00|1.0|vol_trans_follow_h1_low_to_high_h13_tp06_sl065,2023-06-05 13:00:00+00:00,STAGE28A,data/reports/stage28a_discovery_factory_batch_runner/stage28a_exact_trades.csv,volatility_transition_v1,vol_trans_follow_h1_low_to_high_h13_tp06_sl065,0.9697000000000116,-0.0802999999999882,-0.780299999999988,0,0,0,0,0.0802999999999882,3.5399999999999636,6.1099999999999,0.2929623567921429,8.799999999999955,0.2590909090909073,5.669999999999845,4.006000000000017,0.276,1.0,,,13,0,6.0,2023
2023-06-08 13:00:00+00:00|-1.0|vol_trans_follow_h1_low_to_high_h13_tp06_sl065,2023-06-08 13:00:00+00:00,STAGE28A,data/reports/stage28a_discovery_factory_batch_runner/stage28a_exact_trades.csv,volatility_transition_v1,vol_trans_follow_h1_low_to_high_h13_tp06_sl065,-1.531049999999914,-2.5810499999999137,-3.281049999999913,0,0,0,0,2.5810499999999137,30.329999999999927,7.440000000000055,0.5349462365591383,6.319999999999936,0.011075949367078645,2.8599999999999,4.110500000000013,0.452,-1.0,,,13,3,6.0,2023
2023-06-15 13:00:00+00:00|1.0|vol_trans_follow_h1_low_to_high_h13_tp06_sl065,2023-06-15 13:00:00+00:00,STAGE28A,data/reports/stage28a_discovery_factory_batch_runner/stage28a_exact_trades.csv,volatility_transition_v1,vol_trans_follow_h1_low_to_high_h13_tp06_sl065,1.2295000000000529,0.1795000000000528,-0.5204999999999469,1,0,1,0,0.1795000000000528,20.580000000000155,12.930000000000064,0.713070378963649,10.7800000000002,0.09090909090909091,5.059999999999945,5.140999999999986,0.956,1.0,,,13,3,6.0,2023
2023-06-26 13:00:00+00:00|-1.0|vol_trans_follow_h1_low_to_high_h13_tp06_sl065,2023-06-26 13:00:00+00:00,STAGE28A,data/reports/stage28a_discovery_factory_batch_runner/stage28a_exact_trades.csv,volatility_transition_v1,vol_trans_follow_h1_low_to_high_h13_tp06_sl065,0.7693000000000666,-0.2806999999999333,-0.9806999999999332,0,0,0,0,0.2806999999999333,3.490000000000009,5.870000000000118,0.12776831345825979,11.200000000000045,0.3928571428571494,3.1099999999999,3.5994999999999893,0.276,-1.0,,,13,0,6.0,2023
2023-07-10 13:00:00+00:00|-1.0|vol_trans_follow_h1_low_to_high_h13_tp06_sl065,2023-07-10 13:00:00+00:00,STAGE28A,data/reports/stage28a_discovery_factory_batch_runner/stage28a_exact_trades.csv,volatility_transition_v1,vol_trans_follow_h1_low_to_high_h13_tp06_sl065,0.5764000000000579,-0.473599999999942,-1.1735999999999418,0,0,0,0,0.473599999999942,4.289999999999964,5.559999999999945,0.3992805755395772,6.920000000000073,0.0765895953757178,3.519999999999982,3.5985000000000014,0.584,-1.0,,,13,0,7.0,2023
2023-07-27 13:00:00+00:00|-1.0|vol_trans_follow_h1_low_to_high_h13_tp06_sl065,2023-07-27 13:00:00+00:00,STAGE28A,data/reports/stage28a_discovery_factory_batch_runner/stage28a_exact_trades.csv,volatility_transition_v1,vol_trans_follow_h1_low_to_high_h13_tp06_sl065,-1.6779500000001009,-2.7279500000001007,-3.4279500000001004,0,0,0,0,2.7279500000001007,16.339999999999918,11.230000000000018,0.40783615316118854,8.529999999999973,0.30480656506449527,4.529999999999973,4.3784999999999625,0.956,-1.0,,,13,3,7.0,2023
2023-07-28 13:00:00+00:00|1.0|vol_trans_follow_h1_low_to_high_h13_tp06_sl065,2023-07-28 13:00:00+00:00,STAGE28A,data/reports/stage28a_discovery_factory_batch_runner/stage28a_exact_trades.csv,volatility_transition_v1,vol_trans_follow_h1_low_to_high_h13_tp06_sl065,-1.6535750000001372,-2.703575000000137,-3.403575000000137,0,0,0,0,2.703575000000137,39.559999999999945,9.389999999999873,0.7816826411075873,8.8900000000001,0.2598425196850303,5.400000000000091,3.9145000000000096,0.736,1.0,,,13,4,7.0,2023
2023-08-02 13:00:00+00:00|-1.0|vol_trans_follow_h1_low_to_high_h13_tp06_sl065,2023-08-02 13:00:00+00:00,STAGE28A,data/reports/stage28a_discovery_factory_batch_runner/stage28a_exact_trades.csv,volatility_transition_v1,vol_trans_follow_h1_low_to_high_h13_tp06_sl065,-1.4150250000001052,-2.465025000000105,-3.165025000000105,0,0,0,0,2.465025000000105,24.850000000000136,8.789999999999964,0.2104664391353975,6.620000000000118,0.055891238670711725,2.9400000000000546,3.4225000000000363,0.328,-1.0,,,13,2,8.0,2023
2023-09-21 13:00:00+00:00|1.0|vol_trans_follow_h1_low_to_high_h13_tp06_sl065,2023-09-21 13:00:00+00:00,STAGE28A,data/reports/stage28a_discovery_factory_batch_runner/stage28a_exact_trades.csv,volatility_transition_v1,vol_trans_follow_h1_low_to_high_h13_tp06_sl065,-1.1719249999999648,-2.2219249999999646,-2.9219249999999644,0,0,0,0,2.2219249999999646,19.519999999999982,7.350000000000136,0.3823129251700535,8.040000000000191,0.4440298507462785,2.3500000000001364,3.428000000000009,0.948,1.0,,,13,3,9.0,2023
2023-09-28 13:00:00+00:00|1.0|vol_trans_follow_h1_low_to_high_h13_tp06_sl065,2023-09-28 13:00:00+00:00,STAGE28A,data/reports/stage28a_discovery_factory_batch_runner/stage28a_exact_trades.csv,volatility_transition_v1,vol_trans_follow_h1_low_to_high_h13_tp06_sl065,-1.278525000000036,-2.328525000000036,-3.028525000000036,0,0,0,0,2.328525000000036,31.470000000000027,4.350000000000136,0.537931034482723,4.5499999999999545,0.27472527472527747,3.4600000000000364,3.155500000000006,0.792,1.0,,,13,3,9.0,2023
2023-09-29 13:00:00+00:00|1.0|vol_trans_follow_h1_low_to_high_h13_tp06_sl065,2023-09-29 13:00:00+00:00,STAGE28A,data/reports/stage28a_discovery_factory_batch_runner/stage28a_exact_trades.csv,volatility_transition_v1,vol_trans_follow_h1_low_to_high_h13_tp06_sl065,-1.2986749999998666,-2.3486749999998664,-3.048674999999866,0,0,0,0,2.3486749999998664,21.920000000000073,4.319999999999936,0.23379629629635026,10.939999999999827,0.9396709323583304,2.6200000000001182,3.664499999999987,0.9,1.0,,,13,4,9.0,2023
2023-10-02 13:00:00+00:00|-1.0|vol_trans_follow_h1_low_to_high_h13_tp06_sl065,2023-10-02 13:00:00+00:00,STAGE28A,data/reports/stage28a_discovery_factory_batch_runner/stage28a_exact_trades.csv,volatility_transition_v1,vol_trans_follow_h1_low_to_high_h13_tp06_sl065,-1.8999250000000305,-2.94992500000003,-3.64992500000003,0,0,0,0,2.94992500000003,5.180000000000064,6.080000000000155,0.4917763157894627,15.189999999999827,0.6036866359447122,8.599999999999909,4.6745,0.984,-1.0,,,13,0,10.0,2023
2023-10-03 13:00:00+00:00|1.0|vol_trans_follow_h1_low_to_high_h13_tp06_sl065,2023-10-03 13:00:00+00:00,STAGE28A,data/reports/stage28a_discovery_factory_batch_runner/stage28a_exact_trades.csv,volatility_transition_v1,vol_trans_follow_h1_low_to_high_h13_tp06_sl065,0.8739999999999327,-0.1760000000000672,-0.876000000000067,0,0,0,0,0.1760000000000672,21.720000000000027,14.25,0.5361403508772,11.009999999999991,0.5376930063578635,4.240000000000009,4.363500000000033,0.868,1.0,,,13,1,10.0,2023
2023-10-04 13:00:00+00:00|-1.0|vol_trans_follow_h1_low_to_high_h13_tp06_sl065,2023-10-04 13:00:00+00:00,STAGE28A,data/reports/stage28a_discovery_factory_batch_runner/stage28a_exact_trades.csv,volatility_transition_v1,vol_trans_follow_h1_low_to_high_h13_tp06_sl065,0.7488999999999578,-0.3011000000000421,-1.0011000000000418,0,0,0,0,0.3011000000000421,18.170000000000073,5.2999999999999545,0.34905660377361364,7.849999999999909,0.1770700636942823,3.1099999999999,3.950000000000023,0.72,-1.0,,,13,2,10.0,2023
2023-10-05 13:00:00+00:00|1.0|vol_trans_follow_h1_low_to_high_h13_tp06_sl065,2023-10-05 13:00:00+00:00,STAGE28A,data/reports/stage28a_discovery_factory_batch_runner/stage28a_exact_trades.csv,volatility_transition_v1,vol_trans_follow_h1_low_to_high_h13_tp06_sl065,-1.306474999999955,-2.356474999999955,-3.0564749999999545,0,0,0,0,2.356474999999955,13.930000000000064,7.940000000000055,0.7607052896725629,9.490000000000009,0.6649104320337134,3.6800000000000637,3.2740000000000236,0.42,1.0,,,13,3,10.0,2023
2023-10-09 13:00:00+00:00|1.0|vol_trans_follow_h1_low_to_high_h13_tp06_sl065,2023-10-09 13:00:00+00:00,STAGE28A,data/reports/stage28a_discovery_factory_batch_runner/stage28a_exact_trades.csv,volatility_transition_v1,vol_trans_follow_h1_low_to_high_h13_tp06_sl065,-1.462800000000107,-2.5128000000001065,-3.2128000000001062,0,0,0,0,2.5128000000001065,9.849999999999909,9.849999999999909,0.15532994923857735,6.470000000000027,0.006182380216377658,2.380000000000109,5.029500000000008,0.948,1.0,,,13,0,10.0,2023
2023-10-10 13:00:00+00:00|-1.0|vol_trans_follow_h1_low_to_high_h13_tp06_sl065,2023-10-10 13:00:00+00:00,STAGE28A,data/reports/stage28a_discovery_factory_batch_runner/stage28a_exact_trades.csv,volatility_transition_v1,vol_trans_follow_h1_low_to_high_h13_tp06_sl065,0.7801000000000841,-0.2698999999999159,-0.9698999999999156,0,0,0,0,0.2698999999999159,19.25999999999999,5.050000000000182,0.20792079207919142,7.339999999999918,0.5640326975477038,2.0499999999999545,3.3339999999999916,0.296,-1.0,,,13,1,10.0,2023
2023-10-16 13:00:00+00:00|1.0|vol_trans_follow_h1_low_to_high_h13_tp06_sl065,2023-10-16 13:00:00+00:00,STAGE28A,data/reports/stage28a_discovery_factory_batch_runner/stage28a_exact_trades.csv,volatility_transition_v1,vol_trans_follow_h1_low_to_high_h13_tp06_sl065,1.076200000000108,0.0262000000001081,-0.6737999999998916,1,0,0,0,0.0262000000001081,9.159999999999854,12.269999999999982,0.35207823960881585,12.190000000000055,0.31501230516816253,5.319999999999936,4.965999999999974,0.86,1.0,,,13,0,10.0,2023
2023-10-17 13:00:00+00:00|1.0|vol_trans_follow_h1_low_to_high_h13_tp06_sl065,2023-10-17 13:00:00+00:00,STAGE28A,data/reports/stage28a_discovery_factory_batch_runner/stage28a_exact_trades.csv,volatility_transition_v1,vol_trans_follow_h1_low_to_high_h13_tp06_sl065,-1.5183749999999692,-2.568374999999969,-3.2683749999999687,0,0,0,0,2.568374999999969,22.09999999999991,9.3599999999999,0.22435897435899133,9.639999999999873,0.6390041493775868,4.919999999999845,3.052499999999975,0.132,1.0,,,13,1,10.0,2023
2023-10-18 13:00:00+00:00|1.0|vol_trans_follow_h1_low_to_high_h13_tp06_sl065,2023-10-18 13:00:00+00:00,STAGE28A,data/reports/stage28a_discovery_factory_batch_runner/stage28a_exact_trades.csv,volatility_transition_v1,vol_trans_follow_h1_low_to_high_h13_tp06_sl065,0.9489999999999782,-0.1010000000000217,-0.8010000000000215,0,0,0,0,0.1010000000000217,19.200000000000045,19.519999999999982,0.6444672131147626,11.029999999999973,0.630099728014491,7.880000000000109,4.2580000000000044,0.728,1.0,,,13,2,10.0,2023
2023-10-19 13:00:00+00:00|1.0|vol_trans_follow_h1_low_to_high_h13_tp06_sl065,2023-10-19 13:00:00+00:00,STAGE28A,data/reports/stage28a_discovery_factory_batch_runner/stage28a_exact_trades.csv,volatility_transition_v1,vol_trans_follow_h1_low_to_high_h13_tp06_sl065,0.9936999999998988,-0.056300000000101,-0.7563000000001008,0,0,0,0,0.056300000000101,39.38999999999987,8.089999999999918,0.41532756489492384,9.13000000000011,0.4841182913472092,2.9200000000000728,4.947000000000014,0.796,1.0,,,13,3,10.0,2023
2023-10-20 13:00:00+00:00|-1.0|vol_trans_follow_h1_low_to_high_h13_tp06_sl065,2023-10-20 13:00:00+00:00,STAGE28A,data/reports/stage28a_discovery_factory_batch_runner/stage28a_exact_trades.csv,volatility_transition_v1,vol_trans_follow_h1_low_to_high_h13_tp06_sl065,-1.8947249999999716,-2.944724999999971,-3.644724999999971,0,0,0,0,2.944724999999971,32.50999999999999,10.069999999999936,0.5233366434955328,11.190000000000055,0.4387846291331395,5.039999999999964,5.7995,0.904,-1.0,,,13,4,10.0,2023
2023-10-23 13:00:00+00:00|-1.0|vol_trans_follow_h1_low_to_high_h13_tp06_sl065,2023-10-23 13:00:00+00:00,STAGE28A,data/reports/stage28a_discovery_factory_batch_runner/stage28a_exact_trades.csv,volatility_transition_v1,vol_trans_follow_h1_low_to_high_h13_tp06_sl065,0.9147999999999228,-0.135200000000077,-0.8352000000000768,0,0,0,0,0.135200000000077,16.730000000000018,16.730000000000018,0.16198445905559075,10.169999999999845,0.40019665683384714,5.929999999999836,6.939499999999998,0.956,-1.0,,,13,0,10.0,2023
2023-10-24 13:00:00+00:00|-1.0|vol_trans_follow_h1_low_to_high_h13_tp06_sl065,2023-10-24 13:00:00+00:00,STAGE28A,data/reports/stage28a_discovery_factory_batch_runner/stage28a_exact_trades.csv,volatility_transition_v1,vol_trans_follow_h1_low_to_high_h13_tp06_sl065,-1.79462499999986,-2.84462499999986,-3.54462499999986,0,0,0,0,2.84462499999986,21.069999999999936,9.460000000000036,0.40697674418603536,14.259999999999991,0.7180925666199169,7.629999999999882,4.0440000000000165,0.432,-1.0,,,13,1,10.0,2023
2023-10-25 13:00:00+00:00|-1.0|vol_trans_follow_h1_low_to_high_h13_tp06_sl065,2023-10-25 13:00:00+00:00,STAGE28A,data/reports/stage28a_discovery_factory_batch_runner/stage28a_exact_trades.csv,volatility_transition_v1,vol_trans_follow_h1_low_to_high_h13_tp06_sl065,0.8842000000001008,-0.1657999999998991,-0.8657999999998989,0,0,0,0,0.1657999999998991,27.230000000000018,7.0900000000001455,0.3808180535966135,7.660000000000082,0.4856396866840715,2.519999999999982,3.90450000000003,0.292,-1.0,,,13,2,10.0,2023
2023-10-26 13:00:00+00:00|-1.0|vol_trans_follow_h1_low_to_high_h13_tp06_sl065,2023-10-26 13:00:00+00:00,STAGE28A,data/reports/stage28a_discovery_factory_batch_runner/stage28a_exact_trades.csv,volatility_transition_v1,vol_trans_follow_h1_low_to_high_h13_tp06_sl065,0.8752000000000862,-0.1747999999999137,-0.8747999999999134,0,0,0,0,0.1747999999999137,24.13000000000011,7.869999999999891,0.6569250317661902,9.559999999999945,0.3650627615062792,2.7899999999999636,5.137500000000022,0.588,-1.0,,,13,3,10.0,2023
2023-10-27 13:00:00+00:00|-1.0|vol_trans_follow_h1_low_to_high_h13_tp06_sl065,2023-10-27 13:00:00+00:00,STAGE28A,data/reports/stage28a_discovery_factory_batch_runner/stage28a_exact_trades.csv,volatility_transition_v1,vol_trans_follow_h1_low_to_high_h13_tp06_sl065,0.6943000000000211,-0.3556999999999788,-1.0556999999999783,0,0,0,0,0.3556999999999788,21.6400000000001,5.900000000000091,0.44406779661014417,4.7000000000000455,0.42340425531914677,2.7100000000000364,3.463499999999999,0.068,-1.0,,,13,4,10.0,2023
2023-10-30 13:00:00+00:00|-1.0|vol_trans_follow_h1_low_to_high_h13_tp06_sl065,2023-10-30 13:00:00+00:00,STAGE28A,data/reports/stage28a_discovery_factory_batch_runner/stage28a_exact_trades.csv,volatility_transition_v1,vol_trans_follow_h1_low_to_high_h13_tp06_sl065,1.0023999999999886,-0.0476000000000111,-0.7476000000000109,0,0,0,0,0.0476000000000111,9.659999999999854,9.809999999999945,0.11213047910294752,11.6099999999999,0.6089577950043064,3.269999999999982,5.254499999999962,0.596,-1.0,,,13,0,10.0,2023
2023-11-01 13:00:00+00:00|1.0|vol_trans_follow_h1_low_to_high_h13_tp06_sl065,2023-11-01 13:00:00+00:00,STAGE28A,data/reports/stage28a_discovery_factory_batch_runner/stage28a_exact_trades.csv,volatility_transition_v1,vol_trans_follow_h1_low_to_high_h13_tp06_sl065,0.6945999999999458,-0.3554000000000541,-1.055400000000054,0,0,0,0,0.3554000000000541,29.070000000000164,10.86999999999989,0.525298988040487,7.8599999999999,0.7175572519084188,2.0499999999999545,3.884500000000037,0.104,1.0,,,13,2,11.0,2023
2023-11-02 13:00:00+00:00|1.0|vol_trans_follow_h1_low_to_high_h13_tp06_sl065,2023-11-02 13:00:00+00:00,STAGE28A,data/reports/stage28a_discovery_factory_batch_runner/stage28a_exact_trades.csv,volatility_transition_v1,vol_trans_follow_h1_low_to_high_h13_tp06_sl065,-1.3994249999999284,-2.449424999999928,-3.149424999999928,0,0,0,0,2.449424999999928,22.200000000000045,6.960000000000036,0.5574712643678289,5.899999999999864,0.4915254237288018,3.630000000000109,4.084000000000003,0.196,1.0,,,13,3,11.0,2023
2023-11-06 13:00:00+00:00|1.0|vol_trans_follow_h1_low_to_high_h13_tp06_sl065,2023-11-06 13:00:00+00:00,STAGE28A,data/reports/stage28a_discovery_factory_batch_runner/stage28a_exact_trades.csv,volatility_transition_v1,vol_trans_follow_h1_low_to_high_h13_tp06_sl065,-1.3275999999999386,-2.3775999999999384,-3.077599999999938,0,0,0,0,2.3775999999999384,5.789999999999964,11.179999999999836,0.42397137745975655,6.1099999999999,0.5908346972176692,2.119999999999891,3.755499999999972,0.208,1.0,,,13,0,11.0,2023
2023-11-08 13:00:00+00:00|-1.0|vol_trans_follow_h1_low_to_high_h13_tp06_sl065,2023-11-08 13:00:00+00:00,STAGE28A,data/reports/stage28a_discovery_factory_batch_runner/stage28a_exact_trades.csv,volatility_transition_v1,vol_trans_follow_h1_low_to_high_h13_tp06_sl065,0.7387000000000171,-0.3112999999999828,-1.0112999999999823,0,0,0,0,0.3112999999999828,21.62999999999988,3.6900000000000546,0.3685636856368854,9.5,0.5821052631578919,5.8900000000001,2.8899999999999864,0.056,-1.0,,,13,2,11.0,2023
2023-11-09 13:00:00+00:00|1.0|vol_trans_follow_h1_low_to_high_h13_tp06_sl065,2023-11-09 13:00:00+00:00,STAGE28A,data/reports/stage28a_discovery_factory_batch_runner/stage28a_exact_trades.csv,volatility_transition_v1,vol_trans_follow_h1_low_to_high_h13_tp06_sl065,-1.3906499999999142,-2.440649999999914,-3.140649999999914,0,0,0,0,2.440649999999914,23.529999999999973,6.889999999999873,0.18867924528301575,5.990000000000009,0.40066777963273575,3.1700000000000728,3.483500000000004,0.224,1.0,,,13,3,11.0,2023
2023-11-10 13:00:00+00:00|1.0|vol_trans_follow_h1_low_to_high_h13_tp06_sl065,2023-11-10 13:00:00+00:00,STAGE28A,data/reports/stage28a_discovery_factory_batch_runner/stage28a_exact_trades.csv,volatility_transition_v1,vol_trans_follow_h1_low_to_high_h13_tp06_sl065,0.6568000000001121,-0.3931999999998878,-1.0931999999998876,0,0,0,0,0.3931999999998878,21.11999999999989,4.360000000000127,0.300458715596309,6.629999999999882,0.5505279034691035,2.869999999999891,3.377499999999975,0.196,1.0,,,13,4,11.0,2023
2023-11-13 13:00:00+00:00|1.0|vol_trans_follow_h1_low_to_high_h13_tp06_sl065,2023-11-13 13:00:00+00:00,STAGE28A,data/reports/stage28a_discovery_factory_batch_runner/stage28a_exact_trades.csv,volatility_transition_v1,vol_trans_follow_h1_low_to_high_h13_tp06_sl065,0.6877000000000862,-0.3622999999999137,-1.0622999999999134,0,0,0,0,0.3622999999999137,23.48999999999978,24.25999999999999,0.19167353668589718,5.509999999999991,0.6950998185117847,2.5499999999999545,5.204499999999984,0.892,1.0,,,13,0,11.0,2023
2023-11-17 13:00:00+00:00|1.0|vol_trans_follow_h1_low_to_high_h13_tp06_sl065,2023-11-17 13:00:00+00:00,STAGE28A,data/reports/stage28a_discovery_factory_batch_runner/stage28a_exact_trades.csv,volatility_transition_v1,vol_trans_follow_h1_low_to_high_h13_tp06_sl065,0.7801000000000841,-0.2698999999999159,-0.9698999999999156,0,0,0,0,0.2698999999999159,31.529999999999973,6.4099999999998545,0.5351014040561843,10.810000000000173,0.5383903792784314,2.800000000000182,3.22349999999999,0.224,1.0,,,13,4,11.0,2023
2023-11-20 13:00:00+00:00|-1.0|vol_trans_follow_h1_low_to_high_h13_tp06_sl065,2023-11-20 13:00:00+00:00,STAGE28A,data/reports/stage28a_discovery_factory_batch_runner/stage28a_exact_trades.csv,volatility_transition_v1,vol_trans_follow_h1_low_to_high_h13_tp06_sl065,-1.591175000000112,-2.641175000000112,-3.341175000000112,0,0,0,0,2.641175000000112,4.460000000000036,11.800000000000182,0.5805084745762545,8.240000000000009,0.6638349514563132,4.470000000000027,3.6175000000000184,0.38,-1.0,,,13,0,11.0,2023
2023-11-21 13:00:00+00:00|1.0|vol_trans_follow_h1_low_to_high_h13_tp06_sl065,2023-11-21 13:00:00+00:00,STAGE28A,data/reports/stage28a_discovery_factory_batch_runner/stage28a_exact_trades.csv,volatility_transition_v1,vol_trans_follow_h1_low_to_high_h13_tp06_sl065,0.8394999999999527,-0.2105000000000472,-0.9105000000000468,0,0,0,0,0.2105000000000472,19.700000000000045,17.019999999999982,0.6404230317273722,10.009999999999991,0.3466533466533497,4.650000000000091,4.1404999999999745,0.8,1.0,,,13,1,11.0,2023
2023-11-22 13:00:00+00:00|-1.0|vol_trans_follow_h1_low_to_high_h13_tp06_sl065,2023-11-22 13:00:00+00:00,STAGE28A,data/reports/stage28a_discovery_factory_batch_runner/stage28a_exact_trades.csv,volatility_transition_v1,vol_trans_follow_h1_low_to_high_h13_tp06_sl065,0.856000000000131,-0.1939999999998689,-0.8939999999998687,0,0,0,0,0.1939999999998689,30.34999999999991,4.8599999999999,0.0041152263374449015,9.639999999999873,0.19502074688795712,3.3199999999999363,3.366500000000008,0.196,-1.0,,,13,2,11.0,2023
2023-11-23 13:00:00+00:00|-1.0|vol_trans_follow_h1_low_to_high_h13_tp06_sl065,2023-11-23 13:00:00+00:00,STAGE28A,data/reports/stage28a_discovery_factory_batch_runner/stage28a_exact_trades.csv,volatility_transition_v1,vol_trans_follow_h1_low_to_high_h13_tp06_sl065,-1.4104749999999968,-2.4604749999999966,-3.1604749999999964,0,0,0,0,2.4604749999999966,19.419999999999845,9.160000000000082,0.5262008733624586,6.319999999999936,0.2547468354430607,2.6499999999998636,3.5185000000000057,0.22,-1.0,,,13,3,11.0,2023
2023-11-27 13:00:00+00:00|1.0|vol_trans_follow_h1_low_to_high_h13_tp06_sl065,2023-11-27 13:00:00+00:00,STAGE28A,data/reports/stage28a_discovery_factory_batch_runner/stage28a_exact_trades.csv,volatility_transition_v1,vol_trans_follow_h1_low_to_high_h13_tp06_sl065,0.6546999999999571,-0.3953000000000428,-1.0953000000000426,0,0,0,0,0.3953000000000428,3.6499999999998636,17.639999999999873,0.6031746031746132,6.789999999999964,0.22091310751104684,3.2899999999999636,3.703999999999996,0.452,1.0,,,13,0,11.0,2023
2023-11-28 13:00:00+00:00|-1.0|vol_trans_follow_h1_low_to_high_h13_tp06_sl065,2023-11-28 13:00:00+00:00,STAGE28A,data/reports/stage28a_discovery_factory_batch_runner/stage28a_exact_trades.csv,volatility_transition_v1,vol_trans_follow_h1_low_to_high_h13_tp06_sl065,0.5169999999999618,-0.5330000000000381,-1.2330000000000378,0,0,0,0,0.5330000000000381,17.639999999999873,4.9500000000000455,0.02626262626264807,4.529999999999973,0.09713024282556951,2.75,3.025499999999988,0.232,-1.0,,,13,1,11.0,2023
2023-11-29 13:00:00+00:00|-1.0|vol_trans_follow_h1_low_to_high_h13_tp06_sl065,2023-11-29 13:00:00+00:00,STAGE28A,data/reports/stage28a_discovery_factory_batch_runner/stage28a_exact_trades.csv,volatility_transition_v1,vol_trans_follow_h1_low_to_high_h13_tp06_sl065,0.8230000000000018,-0.2269999999999981,-0.9269999999999978,0,0,0,0,0.2269999999999981,32.87999999999988,11.659999999999854,0.15694682675814323,13.519999999999754,0.6531065088757462,2.509999999999991,4.550499999999954,0.936,-1.0,,,13,2,11.0,2023
2023-11-30 13:00:00+00:00|-1.0|vol_trans_follow_h1_low_to_high_h13_tp06_sl065,2023-11-30 13:00:00+00:00,STAGE28A,data/reports/stage28a_discovery_factory_batch_runner/stage28a_exact_trades.csv,volatility_transition_v1,vol_trans_follow_h1_low_to_high_h13_tp06_sl065,-1.6506499999999051,-2.700649999999905,-3.4006499999999047,0,0,0,0,2.700649999999905,16.749999999999773,4.540000000000191,0.0,10.160000000000082,0.6102362204724405,3.759999999999991,3.731000000000063,0.448,-1.0,,,13,3,11.0,2023
2023-12-01 13:00:00+00:00|-1.0|vol_trans_follow_h1_low_to_high_h13_tp06_sl065,2023-12-01 13:00:00+00:00,STAGE28A,data/reports/stage28a_discovery_factory_batch_runner/stage28a_exact_trades.csv,volatility_transition_v1,vol_trans_follow_h1_low_to_high_h13_tp06_sl065,-1.5992999999999484,-2.6492999999999483,-3.349299999999948,0,0,0,0,2.6492999999999483,16.060000000000173,6.800000000000182,0.0073529411764971415,10.539999999999964,0.34345351043642347,3.9200000000000728,3.4109999999999787,0.268,-1.0,,,13,4,12.0,2023
2023-12-04 13:00:00+00:00|-1.0|vol_trans_follow_h1_low_to_high_h13_tp06_sl065,2023-12-04 13:00:00+00:00,STAGE28A,data/reports/stage28a_discovery_factory_batch_runner/stage28a_exact_trades.csv,volatility_transition_v1,vol_trans_follow_h1_low_to_high_h13_tp06_sl065,-3.46220000000003,-4.51220000000003,-5.2122000000000295,0,0,0,1,4.51220000000003,78.03999999999996,78.03999999999996,0.4173500768836517,32.70000000000027,0.5186544342507613,7.0300000000002,17.78850000000002,0.992,-1.0,,,13,0,12.0,2023
2023-12-05 13:00:00+00:00|-1.0|vol_trans_follow_h1_low_to_high_h13_tp06_sl065,2023-12-05 13:00:00+00:00,STAGE28A,data/reports/stage28a_discovery_factory_batch_runner/stage28a_exact_trades.csv,volatility_transition_v1,vol_trans_follow_h1_low_to_high_h13_tp06_sl065,1.3413999999999304,0.2913999999999306,-0.4086000000000691,1,0,1,0,0.2913999999999306,129.52999999999975,12.779999999999973,0.13145539906103812,16.480000000000018,0.41868932038835455,6.600000000000136,6.945000000000005,0.852,-1.0,,,13,1,12.0,2023
2023-12-06 13:00:00+00:00|1.0|vol_trans_follow_h1_low_to_high_h13_tp06_sl065,2023-12-06 13:00:00+00:00,STAGE28A,data/reports/stage28a_discovery_factory_batch_runner/stage28a_exact_trades.csv,volatility_transition_v1,vol_trans_follow_h1_low_to_high_h13_tp06_sl065,1.2676000000000385,0.2176000000000386,-0.4823999999999611,1,0,1,0,0.2176000000000386,31.279999999999973,6.980000000000018,0.43696275071632473,15.710000000000036,0.05919796308084414,2.7799999999999727,5.052499999999986,0.736,1.0,,,13,2,12.0,2023
2023-12-07 13:00:00+00:00|-1.0|vol_trans_follow_h1_low_to_high_h13_tp06_sl065,2023-12-07 13:00:00+00:00,STAGE28A,data/reports/stage28a_discovery_factory_batch_runner/stage28a_exact_trades.csv,volatility_transition_v1,vol_trans_follow_h1_low_to_high_h13_tp06_sl065,0.8748999999999342,-0.1751000000000657,-0.8751000000000655,0,0,0,0,0.1751000000000657,18.700000000000045,4.740000000000009,0.21940928270041385,9.889999999999873,0.765419615773512,2.589999999999918,3.713999999999987,0.312,-1.0,,,13,3,12.0,2023
2023-12-08 13:00:00+00:00|1.0|vol_trans_follow_h1_low_to_high_h13_tp06_sl065,2023-12-08 13:00:00+00:00,STAGE28A,data/reports/stage28a_discovery_factory_batch_runner/stage28a_exact_trades.csv,volatility_transition_v1,vol_trans_follow_h1_low_to_high_h13_tp06_sl065,0.8797000000000935,-0.1702999999999064,-0.8702999999999061,0,0,0,0,0.1702999999999064,19.700000000000045,7.100000000000136,0.48309859154929546,5.870000000000118,0.2913117546848385,5.259999999999991,3.792499999999984,0.288,1.0,,,13,4,12.0,2023
2023-12-11 13:00:00+00:00|-1.0|vol_trans_follow_h1_low_to_high_h13_tp06_sl065,2023-12-11 13:00:00+00:00,STAGE28A,data/reports/stage28a_discovery_factory_batch_runner/stage28a_exact_trades.csv,volatility_transition_v1,vol_trans_follow_h1_low_to_high_h13_tp06_sl065,1.090900000000056,0.0409000000000561,-0.6590999999999436,1,0,0,0,0.0409000000000561,3.209999999999809,13.190000000000055,0.7907505686125696,9.36999999999989,0.39274279615796226,3.599999999999909,4.384499999999969,0.452,-1.0,,,13,0,12.0,2023
2023-12-12 13:00:00+00:00|1.0|vol_trans_follow_h1_low_to_high_h13_tp06_sl065,2023-12-12 13:00:00+00:00,STAGE28A,data/reports/stage28a_discovery_factory_batch_runner/stage28a_exact_trades.csv,volatility_transition_v1,vol_trans_follow_h1_low_to_high_h13_tp06_sl065,-1.4267249999998968,-2.4767249999998966,-3.1767249999998963,0,0,0,0,2.4767249999998966,31.789999999999964,7.870000000000118,0.3354510800508047,6.4500000000000455,0.0945736434108718,3.0799999999999272,3.8839999999999693,0.156,1.0,,,13,1,12.0,2023
2023-12-13 13:00:00+00:00|1.0|vol_trans_follow_h1_low_to_high_h13_tp06_sl065,2023-12-13 13:00:00+00:00,STAGE28A,data/reports/stage28a_discovery_factory_batch_runner/stage28a_exact_trades.csv,volatility_transition_v1,vol_trans_follow_h1_low_to_high_h13_tp06_sl065,0.7876000000000204,-0.2623999999999795,-0.9623999999999792,0,0,0,0,0.2623999999999795,19.50999999999999,5.1099999999999,0.8297455968689026,10.309999999999945,0.48205625606208086,2.1099999999999,3.0304999999999724,0.004,1.0,,,13,2,12.0,2023
2023-12-14 13:00:00+00:00|-1.0|vol_trans_follow_h1_low_to_high_h13_tp06_sl065,2023-12-14 13:00:00+00:00,STAGE28A,data/reports/stage28a_discovery_factory_batch_runner/stage28a_exact_trades.csv,volatility_transition_v1,vol_trans_follow_h1_low_to_high_h13_tp06_sl065,-2.1755249999999706,-3.2255249999999704,-3.92552499999997,0,0,0,1,3.2255249999999704,60.16000000000008,14.930000000000064,0.10783657066308729,11.049999999999955,0.25610859728506236,4.3900000000001,7.2600000000000025,0.844,-1.0,,,13,3,12.0,2023
2023-12-15 13:00:00+00:00|-1.0|vol_trans_follow_h1_low_to_high_h13_tp06_sl065,2023-12-15 13:00:00+00:00,STAGE28A,data/reports/stage28a_discovery_factory_batch_runner/stage28a_exact_trades.csv,volatility_transition_v1,vol_trans_follow_h1_low_to_high_h13_tp06_sl065,-1.6915999999999711,-2.741599999999971,-3.441599999999971,0,0,0,0,2.741599999999971,23.610000000000127,7.410000000000082,0.14170040485832258,10.200000000000045,0.5862745098039207,3.240000000000009,3.943000000000029,0.192,-1.0,,,13,4,12.0,2023
2023-12-18 13:00:00+00:00|-1.0|vol_trans_follow_h1_low_to_high_h13_tp06_sl065,2023-12-18 13:00:00+00:00,STAGE28A,data/reports/stage28a_discovery_factory_batch_runner/stage28a_exact_trades.csv,volatility_transition_v1,vol_trans_follow_h1_low_to_high_h13_tp06_sl065,0.8845000000000255,-0.1654999999999744,-0.8654999999999742,0,0,0,0,0.1654999999999744,4.940000000000055,8.149999999999864,0.6920245398772966,8.159999999999854,0.45833333333334264,5.740000000000009,4.274999999999989,0.264,-1.0,,,13,0,12.0,2023
2023-12-19 13:00:00+00:00|-1.0|vol_trans_follow_h1_low_to_high_h13_tp06_sl065,2023-12-19 13:00:00+00:00,STAGE28A,data/reports/stage28a_discovery_factory_batch_runner/stage28a_exact_trades.csv,volatility_transition_v1,vol_trans_follow_h1_low_to_high_h13_tp06_sl065,0.5712999999999738,-0.4787000000000261,-1.1787000000000258,0,0,0,0,0.4787000000000261,17.769999999999982,7.649999999999864,0.4575163398692892,6.039999999999964,0.2533112582781427,2.6400000000001,3.570000000000016,0.064,-1.0,,,13,1,12.0,2023
2023-12-20 13:00:00+00:00|-1.0|vol_trans_follow_h1_low_to_high_h13_tp06_sl065,2023-12-20 13:00:00+00:00,STAGE28A,data/reports/stage28a_discovery_factory_batch_runner/stage28a_exact_trades.csv,volatility_transition_v1,vol_trans_follow_h1_low_to_high_h13_tp06_sl065,0.6064000000000306,-0.4435999999999693,-1.143599999999969,0,0,0,0,0.4435999999999693,25.289999999999964,4.960000000000036,0.09072580645162141,7.820000000000164,0.5843989769820768,4.740000000000009,2.918500000000017,0.012,-1.0,,,13,2,12.0,2023
2023-12-21 13:00:00+00:00|-1.0|vol_trans_follow_h1_low_to_high_h13_tp06_sl065,2023-12-21 13:00:00+00:00,STAGE28A,data/reports/stage28a_discovery_factory_batch_runner/stage28a_exact_trades.csv,volatility_transition_v1,vol_trans_follow_h1_low_to_high_h13_tp06_sl065,0.471999999999889,-0.5780000000001109,-1.2780000000001106,0,0,0,0,0.5780000000001109,15.990000000000009,6.440000000000055,0.6413043478260632,5.120000000000118,0.4316406249999971,3.0599999999999454,3.243499999999983,0.064,-1.0,,,13,3,12.0,2023
2023-12-22 13:00:00+00:00|1.0|vol_trans_follow_h1_low_to_high_h13_tp06_sl065,2023-12-22 13:00:00+00:00,STAGE28A,data/reports/stage28a_discovery_factory_batch_runner/stage28a_exact_trades.csv,volatility_transition_v1,vol_trans_follow_h1_low_to_high_h13_tp06_sl065,-1.2843749999998182,-2.334374999999818,-3.0343749999998177,0,0,0,0,2.334374999999818,21.38000000000011,8.6099999999999,0.3716608594657207,10.230000000000018,0.6021505376344377,3.7600000000002183,4.050499999999966,0.436,1.0,,,13,4,12.0,2023
2023-12-26 13:00:00+00:00|1.0|vol_trans_follow_h1_low_to_high_h13_tp06_sl065,2023-12-26 13:00:00+00:00,STAGE28A,data/reports/stage28a_discovery_factory_batch_runner/stage28a_exact_trades.csv,volatility_transition_v1,vol_trans_follow_h1_low_to_high_h13_tp06_sl065,0.3495999999999185,-0.7004000000000814,-1.4004000000000811,0,0,0,0,0.7004000000000814,4.400000000000091,11.75,0.775319148936181,4.380000000000109,0.0410958904109205,2.0,3.4450000000000047,0.124,1.0,,,13,1,12.0,2023
2023-12-27 13:00:00+00:00|-1.0|vol_trans_follow_h1_low_to_high_h13_tp06_sl065,2023-12-27 13:00:00+00:00,STAGE28A,data/reports/stage28a_discovery_factory_batch_runner/stage28a_exact_trades.csv,volatility_transition_v1,vol_trans_follow_h1_low_to_high_h13_tp06_sl065,0.569800000000123,-0.4801999999998769,-1.180199999999877,0,0,0,0,0.4801999999998769,15.650000000000091,4.559999999999945,0.07894736842108149,7.7199999999998,0.1411917098445821,7.1599999999998545,3.0519999999999983,0.064,-1.0,,,13,2,12.0,2023
2023-12-28 13:00:00+00:00|1.0|vol_trans_follow_h1_low_to_high_h13_tp06_sl065,2023-12-28 13:00:00+00:00,STAGE28A,data/reports/stage28a_discovery_factory_batch_runner/stage28a_exact_trades.csv,volatility_transition_v1,vol_trans_follow_h1_low_to_high_h13_tp06_sl065,-1.9775999999998024,-3.027599999999802,-3.7275999999998017,0,0,0,0,3.027599999999802,22.899999999999636,11.019999999999982,0.6379310344827779,14.870000000000346,0.6348352387356984,4.559999999999945,4.307500000000028,0.632,1.0,,,13,3,12.0,2023
2023-12-29 13:00:00+00:00|-1.0|vol_trans_follow_h1_low_to_high_h13_tp06_sl065,2023-12-29 13:00:00+00:00,STAGE28A,data/reports/stage28a_discovery_factory_batch_runner/stage28a_exact_trades.csv,volatility_transition_v1,vol_trans_follow_h1_low_to_high_h13_tp06_sl065,-1.4962750000000598,-2.54627500000006,-3.2462750000000598,0,0,0,0,2.54627500000006,23.909999999999854,5.570000000000164,0.5727109515259436,12.900000000000091,0.4031007751937815,3.9400000000000546,3.3699999999999593,0.168,-1.0,,,13,4,12.0,2023
2024-01-02 13:00:00+00:00|-1.0|vol_trans_follow_h1_low_to_high_h13_tp06_sl065,2024-01-02 13:00:00+00:00,STAGE28A,data/reports/stage28a_discovery_factory_batch_runner/stage28a_exact_trades.csv,volatility_transition_v1,vol_trans_follow_h1_low_to_high_h13_tp06_sl065,-1.7166250000001129,-2.7666250000001127,-3.4666250000001124,0,0,0,0,2.7666250000001127,3.199999999999818,8.299999999999727,0.7060240963855807,9.350000000000364,0.6844919786096088,4.279999999999745,3.8254999999999884,0.404,-1.0,,,13,1,1.0,2024
2024-01-03 13:00:00+00:00|-1.0|vol_trans_follow_h1_low_to_high_h13_tp06_sl065,2024-01-03 13:00:00+00:00,STAGE28A,data/reports/stage28a_discovery_factory_batch_runner/stage28a_exact_trades.csv,volatility_transition_v1,vol_trans_follow_h1_low_to_high_h13_tp06_sl065,-1.8111999999997352,-2.861199999999735,-3.561199999999735,0,0,0,0,2.861199999999735,22.88000000000011,7.050000000000182,0.7333333333333247,13.200000000000273,0.7446969696969488,4.5,4.033500000000004,0.54,-1.0,,,13,2,1.0,2024
2024-01-04 13:00:00+00:00|-1.0|vol_trans_follow_h1_low_to_high_h13_tp06_sl065,2024-01-04 13:00:00+00:00,STAGE28A,data/reports/stage28a_discovery_factory_batch_runner/stage28a_exact_trades.csv,volatility_transition_v1,vol_trans_follow_h1_low_to_high_h13_tp06_sl065,1.0125999999999291,-0.0374000000000704,-0.7374000000000702,0,0,0,0,0.0374000000000704,35.47000000000003,6.850000000000136,0.0029197080291943666,8.8299999999997,0.578708946772401,4.169999999999845,4.273999999999978,0.652,-1.0,,,13,3,1.0,2024
2024-01-05 13:00:00+00:00|1.0|vol_trans_follow_h1_low_to_high_h13_tp06_sl065,2024-01-05 13:00:00+00:00,STAGE28A,data/reports/stage28a_discovery_factory_batch_runner/stage28a_exact_trades.csv,volatility_transition_v1,vol_trans_follow_h1_low_to_high_h13_tp06_sl065,0.7578999999999724,-0.2921000000000275,-0.9921000000000272,0,0,0,0,0.2921000000000275,14.779999999999745,5.630000000000109,0.05150976909413108,9.599999999999909,0.47187500000000165,2.949999999999818,3.039499999999998,0.04,1.0,,,13,4,1.0,2024
2024-01-08 13:00:00+00:00|-1.0|vol_trans_follow_h1_low_to_high_h13_tp06_sl065,2024-01-08 13:00:00+00:00,STAGE28A,data/reports/stage28a_discovery_factory_batch_runner/stage28a_exact_trades.csv,volatility_transition_v1,vol_trans_follow_h1_low_to_high_h13_tp06_sl065,-1.7422999999999775,-2.7922999999999774,-3.492299999999977,0,0,0,0,2.7922999999999774,2.4299999999998363,11.529999999999973,0.7380745880312238,9.460000000000036,0.8879492600422655,2.519999999999982,4.4464999999999915,0.644,-1.0,,,13,0,1.0,2024
2024-01-09 13:00:00+00:00|1.0|vol_trans_follow_h1_low_to_high_h13_tp06_sl065,2024-01-09 13:00:00+00:00,STAGE28A,data/reports/stage28a_discovery_factory_batch_runner/stage28a_exact_trades.csv,volatility_transition_v1,vol_trans_follow_h1_low_to_high_h13_tp06_sl065,1.101399999999921,0.0513999999999215,-0.6486000000000782,1,0,0,0,0.0513999999999215,30.019999999999982,7.939999999999827,0.2783375314861281,8.319999999999936,0.3100961538461748,3.7999999999999545,4.097999999999968,0.436,1.0,,,13,1,1.0,2024
2024-01-10 13:00:00+00:00|-1.0|vol_trans_follow_h1_low_to_high_h13_tp06_sl065,2024-01-10 13:00:00+00:00,STAGE28A,data/reports/stage28a_discovery_factory_batch_runner/stage28a_exact_trades.csv,volatility_transition_v1,vol_trans_follow_h1_low_to_high_h13_tp06_sl065,0.9111999999999172,-0.1388000000000828,-0.8388000000000826,0,0,0,0,0.1388000000000828,15.940000000000055,5.619999999999891,0.18149466192170846,16.539999999999964,0.30290205562273287,5.759999999999991,3.7665000000000193,0.268,-1.0,,,13,2,1.0,2024
2024-01-11 13:00:00+00:00|1.0|vol_trans_follow_h1_low_to_high_h13_tp06_sl065,2024-01-11 13:00:00+00:00,STAGE28A,data/reports/stage28a_discovery_factory_batch_runner/stage28a_exact_trades.csv,volatility_transition_v1,vol_trans_follow_h1_low_to_high_h13_tp06_sl065,-1.3461249999998928,-2.3961249999998926,-3.0961249999998923,0,0,0,0,2.3961249999998926,20.089999999999918,7.5,0.7093333333333248,5.479999999999791,0.03832116788321978,2.230000000000018,2.9879999999999654,0.012,1.0,,,13,3,1.0,2024
2024-01-12 13:00:00+00:00|1.0|vol_trans_follow_h1_low_to_high_h13_tp06_sl065,2024-01-12 13:00:00+00:00,STAGE28A,data/reports/stage28a_discovery_factory_batch_runner/stage28a_exact_trades.csv,volatility_transition_v1,vol_trans_follow_h1_low_to_high_h13_tp06_sl065,0.8788000000000921,-0.1711999999999078,-0.8711999999999076,0,0,0,0,0.1711999999999078,26.470000000000027,6.9500000000000455,0.08345323741006093,12.599999999999909,0.8976190476190498,8.099999999999909,5.077499999999998,0.768,1.0,,,13,4,1.0,2024
2024-01-15 13:00:00+00:00|-1.0|vol_trans_follow_h1_low_to_high_h13_tp06_sl065,2024-01-15 13:00:00+00:00,STAGE28A,data/reports/stage28a_discovery_factory_batch_runner/stage28a_exact_trades.csv,volatility_transition_v1,vol_trans_follow_h1_low_to_high_h13_tp06_sl065,-1.550225000000046,-2.6002250000000457,-3.300225000000045,0,0,0,0,2.6002250000000457,2.5499999999999545,12.220000000000027,0.5327332242226026,6.449999999999818,0.2,2.9699999999998,3.734999999999991,0.204,-1.0,,,13,0,1.0,2024
2024-01-16 13:00:00+00:00|-1.0|vol_trans_follow_h1_low_to_high_h13_tp06_sl065,2024-01-16 13:00:00+00:00,STAGE28A,data/reports/stage28a_discovery_factory_batch_runner/stage28a_exact_trades.csv,volatility_transition_v1,vol_trans_follow_h1_low_to_high_h13_tp06_sl065,0.9834999999999582,-0.0665000000000417,-0.7665000000000415,0,0,0,0,0.0665000000000417,12.740000000000009,7.170000000000073,0.656903765690375,12.409999999999854,0.6970185334407891,3.1700000000000728,2.9890000000000554,0.068,-1.0,,,13,1,1.0,2024
2024-01-17 13:00:00+00:00|1.0|vol_trans_follow_h1_low_to_high_h13_tp06_sl065,2024-01-17 13:00:00+00:00,STAGE28A,data/reports/stage28a_discovery_factory_batch_runner/stage28a_exact_trades.csv,volatility_transition_v1,vol_trans_follow_h1_low_to_high_h13_tp06_sl065,1.042599999999902,-0.0074000000000977,-0.7074000000000975,0,0,0,0,0.0074000000000977,31.430000000000064,9.559999999999945,0.28765690376569203,10.870000000000118,0.06439742410301845,5.580000000000155,4.8125,0.62,1.0,,,13,2,1.0,2024
2024-01-18 13:00:00+00:00|1.0|vol_trans_follow_h1_low_to_high_h13_tp06_sl065,2024-01-18 13:00:00+00:00,STAGE28A,data/reports/stage28a_discovery_factory_batch_runner/stage28a_exact_trades.csv,volatility_transition_v1,vol_trans_follow_h1_low_to_high_h13_tp06_sl065,0.775,-0.2749999999999999,-0.9749999999999996,0,0,0,0,0.2749999999999999,31.1400000000001,5.559999999999945,0.28057553956833825,8.209999999999809,0.4214372716199622,2.990000000000009,3.6185000000000174,0.228,1.0,,,13,3,1.0,2024
2024-01-19 13:00:00+00:00|1.0|vol_trans_follow_h1_low_to_high_h13_tp06_sl065,2024-01-19 13:00:00+00:00,STAGE28A,data/reports/stage28a_discovery_factory_batch_runner/stage28a_exact_trades.csv,volatility_transition_v1,vol_trans_follow_h1_low_to_high_h13_tp06_sl065,0.6445000000000164,-0.4054999999999835,-1.1054999999999833,0,0,0,0,0.4054999999999835,18.389999999999873,4.880000000000109,0.594262295081926,10.550000000000182,0.8890995260663241,2.019999999999982,3.05300000000002,0.092,1.0,,,13,4,1.0,2024
2024-01-22 13:00:00+00:00|1.0|vol_trans_follow_h1_low_to_high_h13_tp06_sl065,2024-01-22 13:00:00+00:00,STAGE28A,data/reports/stage28a_discovery_factory_batch_runner/stage28a_exact_trades.csv,volatility_transition_v1,vol_trans_follow_h1_low_to_high_h13_tp06_sl065,1.0747000000000295,0.0247000000000299,-0.6752999999999698,1,0,0,0,0.0247000000000299,2.8199999999999363,7.399999999999864,0.2851351351351269,7.079999999999927,0.3644067796610425,3.490000000000009,3.4704999999999813,0.204,1.0,,,13,0,1.0,2024
2024-01-23 13:00:00+00:00|-1.0|vol_trans_follow_h1_low_to_high_h13_tp06_sl065,2024-01-23 13:00:00+00:00,STAGE28A,data/reports/stage28a_discovery_factory_batch_runner/stage28a_exact_trades.csv,volatility_transition_v1,vol_trans_follow_h1_low_to_high_h13_tp06_sl065,1.179700000000048,0.1297000000000481,-0.5702999999999516,1,0,0,0,0.1297000000000481,15.519999999999982,8.38000000000011,0.8210023866348201,13.160000000000082,0.19452887537995114,3.990000000000009,3.646499999999969,0.288,-1.0,,,13,1,1.0,2024
2024-01-24 13:00:00+00:00|1.0|vol_trans_follow_h1_low_to_high_h13_tp06_sl065,2024-01-24 13:00:00+00:00,STAGE28A,data/reports/stage28a_discovery_factory_batch_runner/stage28a_exact_trades.csv,volatility_transition_v1,vol_trans_follow_h1_low_to_high_h13_tp06_sl065,1.0125999999999291,-0.0374000000000704,-0.7374000000000702,0,0,0,0,0.0374000000000704,18.340000000000146,5.8599999999999,0.8447098976109437,11.279999999999973,0.7402482269503483,3.6800000000000637,3.2684999999999946,0.14,1.0,,,13,2,1.0,2024
2024-01-25 13:00:00+00:00|1.0|vol_trans_follow_h1_low_to_high_h13_tp06_sl065,2024-01-25 13:00:00+00:00,STAGE28A,data/reports/stage28a_discovery_factory_batch_runner/stage28a_exact_trades.csv,volatility_transition_v1,vol_trans_follow_h1_low_to_high_h13_tp06_sl065,0.673300000000063,-0.376699999999937,-1.0766999999999367,0,0,0,0,0.376699999999937,25.52000000000021,3.400000000000091,0.18823529411767145,7.019999999999982,0.5270655270655349,2.3099999999999454,3.466000000000008,0.248,1.0,,,13,3,1.0,2024
2024-01-26 13:00:00+00:00|1.0|vol_trans_follow_h1_low_to_high_h13_tp06_sl065,2024-01-26 13:00:00+00:00,STAGE28A,data/reports/stage28a_discovery_factory_batch_runner/stage28a_exact_trades.csv,volatility_transition_v1,vol_trans_follow_h1_low_to_high_h13_tp06_sl065,0.5829999999999927,-0.4670000000000072,-1.167000000000007,0,0,0,0,0.4670000000000072,15.400000000000091,4.779999999999973,0.10460251046025164,5.669999999999845,0.41975308641978376,3.0599999999999454,3.3049999999999615,0.156,1.0,,,13,4,1.0,2024
2024-01-29 13:00:00+00:00|-1.0|vol_trans_follow_h1_low_to_high_h13_tp06_sl065,2024-01-29 13:00:00+00:00,STAGE28A,data/reports/stage28a_discovery_factory_batch_runner/stage28a_exact_trades.csv,volatility_transition_v1,vol_trans_follow_h1_low_to_high_h13_tp06_sl065,-1.4787250000000314,-2.528725000000031,-3.228725000000031,0,0,0,0,2.528725000000031,7.220000000000027,9.13000000000011,0.4928806133625352,9.209999999999809,0.1400651465798035,2.990000000000009,3.376999999999987,0.24,-1.0,,,13,0,1.0,2024
2024-01-30 13:00:00+00:00|-1.0|vol_trans_follow_h1_low_to_high_h13_tp06_sl065,2024-01-30 13:00:00+00:00,STAGE28A,data/reports/stage28a_discovery_factory_batch_runner/stage28a_exact_trades.csv,volatility_transition_v1,vol_trans_follow_h1_low_to_high_h13_tp06_sl065,0.6210999999999786,-0.4289000000000214,-1.128900000000021,0,0,0,0,0.4289000000000214,18.460000000000036,4.819999999999936,0.13278008298757438,8.829999999999927,0.43488108720271235,2.3299999999999272,3.5630000000000335,0.28,-1.0,,,13,1,1.0,2024
2024-01-31 13:00:00+00:00|-1.0|vol_trans_follow_h1_low_to_high_h13_tp06_sl065,2024-01-31 13:00:00+00:00,STAGE28A,data/reports/stage28a_discovery_factory_batch_runner/stage28a_exact_trades.csv,volatility_transition_v1,vol_trans_follow_h1_low_to_high_h13_tp06_sl065,0.5392000000000735,-0.5107999999999264,-1.2107999999999262,0,0,0,0,0.5107999999999264,19.54000000000019,5.800000000000182,0.32931034482759,7.150000000000091,0.3356643356643441,2.0,3.3815000000000395,0.164,-1.0,,,13,2,1.0,2024
2024-02-01 13:00:00+00:00|-1.0|vol_trans_follow_h1_low_to_high_h13_tp06_sl065,2024-02-01 13:00:00+00:00,STAGE28A,data/reports/stage28a_discovery_factory_batch_runner/stage28a_exact_trades.csv,volatility_transition_v1,vol_trans_follow_h1_low_to_high_h13_tp06_sl065,0.9820000000001072,-0.0679999999998925,-0.7679999999998923,0,0,0,0,0.0679999999998925,25.1400000000001,10.269999999999754,0.559883154819877,15.329999999999927,0.8962818003913943,10.25,4.909499999999957,0.948,-1.0,,,13,3,2.0,2024
2024-02-02 13:00:00+00:00|1.0|vol_trans_follow_h1_low_to_high_h13_tp06_sl065,2024-02-02 13:00:00+00:00,STAGE28A,data/reports/stage28a_discovery_factory_batch_runner/stage28a_exact_trades.csv,volatility_transition_v1,vol_trans_follow_h1_low_to_high_h13_tp06_sl065,0.6006999999998698,-0.4493000000001301,-1.14930000000013,0,0,0,0,0.4493000000001301,35.590000000000146,4.920000000000073,0.052845528455235706,4.200000000000273,0.10000000000001083,2.730000000000018,4.127499999999975,0.58,1.0,,,13,4,2.0,2024
2024-02-05 13:00:00+00:00|1.0|vol_trans_follow_h1_low_to_high_h13_tp06_sl065,2024-02-05 13:00:00+00:00,STAGE28A,data/reports/stage28a_discovery_factory_batch_runner/stage28a_exact_trades.csv,volatility_transition_v1,vol_trans_follow_h1_low_to_high_h13_tp06_sl065,-1.636350000000084,-2.686350000000084,-3.386350000000084,0,0,0,0,2.686350000000084,3.3900000000001,11.839999999999918,0.6173986486486484,11.329999999999927,0.6548984995586843,2.910000000000082,3.944999999999993,0.404,1.0,,,13,0,2.0,2024
2024-02-06 13:00:00+00:00|1.0|vol_trans_follow_h1_low_to_high_h13_tp06_sl065,2024-02-06 13:00:00+00:00,STAGE28A,data/reports/stage28a_discovery_factory_batch_runner/stage28a_exact_trades.csv,volatility_transition_v1,vol_trans_follow_h1_low_to_high_h13_tp06_sl065,-1.3948750000000474,-2.444875000000047,-3.144875000000047,0,0,0,0,2.444875000000047,27.329999999999927,5.100000000000136,0.24705882352940337,6.990000000000009,0.34477825464947803,2.8899999999998727,2.9900000000000317,0.02,1.0,,,13,1,2.0,2024
2024-02-08 13:00:00+00:00|1.0|vol_trans_follow_h1_low_to_high_h13_tp06_sl065,2024-02-08 13:00:00+00:00,STAGE28A,data/reports/stage28a_discovery_factory_batch_runner/stage28a_exact_trades.csv,volatility_transition_v1,vol_trans_follow_h1_low_to_high_h13_tp06_sl065,0.7617999999999029,-0.288200000000097,-0.9882000000000968,0,0,0,0,0.288200000000097,13.970000000000027,7.0,0.6028571428571468,9.599999999999909,0.41041666666665255,3.75,3.0735000000000015,0.1,1.0,,,13,3,2.0,2024
2024-02-14 13:00:00+00:00|1.0|vol_trans_follow_h1_low_to_high_h13_tp06_sl065,2024-02-14 13:00:00+00:00,STAGE28A,data/reports/stage28a_discovery_factory_batch_runner/stage28a_exact_trades.csv,volatility_transition_v1,vol_trans_follow_h1_low_to_high_h13_tp06_sl065,-1.4533749999999146,-2.5033749999999144,-3.203374999999914,0,0,0,0,2.5033749999999144,39.86999999999989,4.75,0.19578947368422392,7.1400000000001,0.06162464985991891,3.240000000000009,2.9044999999999845,0.124,1.0,,,13,2,2.0,2024
2024-02-19 13:00:00+00:00|-1.0|vol_trans_follow_h1_low_to_high_h13_tp06_sl065,2024-02-19 13:00:00+00:00,STAGE28A,data/reports/stage28a_discovery_factory_batch_runner/stage28a_exact_trades.csv,volatility_transition_v1,vol_trans_follow_h1_low_to_high_h13_tp06_sl065,-1.0831999999998971,-2.133199999999897,-2.8331999999998967,0,0,0,0,2.133199999999897,3.8799999999998818,10.86999999999989,0.48850045998160063,4.650000000000091,0.027956989247285853,2.3099999999999454,3.430499999999995,0.62,-1.0,,,13,0,2.0,2024
2024-02-22 13:00:00+00:00|-1.0|vol_trans_follow_h1_low_to_high_h13_tp06_sl065,2024-02-22 13:00:00+00:00,STAGE28A,data/reports/stage28a_discovery_factory_batch_runner/stage28a_exact_trades.csv,volatility_transition_v1,vol_trans_follow_h1_low_to_high_h13_tp06_sl065,-1.4368000000000394,-2.486800000000039,-3.186800000000039,0,0,0,0,2.486800000000039,12.1400000000001,3.849999999999909,0.7974025974025997,6.670000000000073,0.1004497751124536,2.019999999999982,2.9270000000000325,0.388,-1.0,,,13,3,2.0,2024
2024-02-23 13:00:00+00:00|1.0|vol_trans_follow_h1_low_to_high_h13_tp06_sl065,2024-02-23 13:00:00+00:00,STAGE28A,data/reports/stage28a_discovery_factory_batch_runner/stage28a_exact_trades.csv,volatility_transition_v1,vol_trans_follow_h1_low_to_high_h13_tp06_sl065,0.6990999999999531,-0.3509000000000468,-1.0509000000000466,0,0,0,0,0.3509000000000468,15.36999999999989,4.559999999999945,0.2763157894736855,10.110000000000127,0.2908011869435994,6.790000000000191,3.301500000000021,0.74,1.0,,,13,4,2.0,2024
2024-02-26 13:00:00+00:00|-1.0|vol_trans_follow_h1_low_to_high_h13_tp06_sl065,2024-02-26 13:00:00+00:00,STAGE28A,data/reports/stage28a_discovery_factory_batch_runner/stage28a_exact_trades.csv,volatility_transition_v1,vol_trans_follow_h1_low_to_high_h13_tp06_sl065,0.6436000000000149,-0.406399999999985,-1.1063999999999847,0,0,0,0,0.406399999999985,2.7999999999999545,5.069999999999936,0.36489151873765924,5.349999999999909,0.007476635514012018,3.740000000000009,3.023999999999944,0.464,-1.0,,,13,0,2.0,2024
2024-03-01 13:00:00+00:00|1.0|vol_trans_follow_h1_low_to_high_h13_tp06_sl065,2024-03-01 13:00:00+00:00,STAGE28A,data/reports/stage28a_discovery_factory_batch_runner/stage28a_exact_trades.csv,volatility_transition_v1,vol_trans_follow_h1_low_to_high_h13_tp06_sl065,-1.81770000000015,-2.86770000000015,-3.567700000000149,0,0,0,0,2.86770000000015,22.72999999999979,3.9600000000000364,0.31565656565656275,16.0300000000002,0.5832813474734743,9.170000000000073,3.109500000000014,0.68,1.0,,,13,4,3.0,2024
2024-03-04 13:00:00+00:00|-1.0|vol_trans_follow_h1_low_to_high_h13_tp06_sl065,2024-03-04 13:00:00+00:00,STAGE28A,data/reports/stage28a_discovery_factory_batch_runner/stage28a_exact_trades.csv,volatility_transition_v1,vol_trans_follow_h1_low_to_high_h13_tp06_sl065,0.6082000000000335,-0.4417999999999664,-1.1417999999999662,0,0,0,0,0.4417999999999664,4.239999999999782,6.610000000000127,0.4175491679274077,7.710000000000036,0.41115434500649256,3.180000000000291,3.5870000000000117,0.828,-1.0,,,13,0,3.0,2024
2024-03-05 13:00:00+00:00|-1.0|vol_trans_follow_h1_low_to_high_h13_tp06_sl065,2024-03-05 13:00:00+00:00,STAGE28A,data/reports/stage28a_discovery_factory_batch_runner/stage28a_exact_trades.csv,volatility_transition_v1,vol_trans_follow_h1_low_to_high_h13_tp06_sl065,1.1734000000000375,0.1234000000000379,-0.5765999999999618,1,0,0,0,0.1234000000000379,40.370000000000346,6.349999999999909,0.22204724409446847,13.2800000000002,0.5813253012047954,3.880000000000109,4.7870000000000115,0.864,-1.0,,,13,1,3.0,2024
2024-03-06 13:00:00+00:00|-1.0|vol_trans_follow_h1_low_to_high_h13_tp06_sl065,2024-03-06 13:00:00+00:00,STAGE28A,data/reports/stage28a_discovery_factory_batch_runner/stage28a_exact_trades.csv,volatility_transition_v1,vol_trans_follow_h1_low_to_high_h13_tp06_sl065,0.9214000000000852,-0.1285999999999147,-0.8285999999999145,0,0,0,0,0.1285999999999147,31.329999999999927,4.799999999999727,0.38333333333338543,7.150000000000091,0.07412587412590117,4.029999999999745,3.9264999999999417,0.732,-1.0,,,13,2,3.0,2024
2024-03-07 13:00:00+00:00|1.0|vol_trans_follow_h1_low_to_high_h13_tp06_sl065,2024-03-07 13:00:00+00:00,STAGE28A,data/reports/stage28a_discovery_factory_batch_runner/stage28a_exact_trades.csv,volatility_transition_v1,vol_trans_follow_h1_low_to_high_h13_tp06_sl065,0.9520000000001346,-0.0979999999998653,-0.797999999999865,0,0,0,0,0.0979999999998653,28.549999999999727,17.11999999999989,0.6407710280374022,8.299999999999727,0.07108433734936268,2.819999999999709,5.8159999999999625,0.908,1.0,,,13,3,3.0,2024
2024-03-08 13:00:00+00:00|-1.0|vol_trans_follow_h1_low_to_high_h13_tp06_sl065,2024-03-08 13:00:00+00:00,STAGE28A,data/reports/stage28a_discovery_factory_batch_runner/stage28a_exact_trades.csv,volatility_transition_v1,vol_trans_follow_h1_low_to_high_h13_tp06_sl065,-1.842725000000064,-2.892725000000064,-3.592725000000064,0,0,0,0,2.892725000000064,20.460000000000036,9.510000000000218,0.4437434279705739,14.920000000000073,0.724530831099219,3.8899999999998727,4.308500000000049,0.588,-1.0,,,13,4,3.0,2024
2024-03-11 13:00:00+00:00|-1.0|vol_trans_follow_h1_low_to_high_h13_tp06_sl065,2024-03-11 13:00:00+00:00,STAGE28A,data/reports/stage28a_discovery_factory_batch_runner/stage28a_exact_trades.csv,volatility_transition_v1,vol_trans_follow_h1_low_to_high_h13_tp06_sl065,-1.7413250000000515,-2.791325000000052,-3.4913250000000517,0,0,0,0,2.791325000000052,6.599999999999909,12.099999999999909,0.08595041322313814,7.160000000000309,0.40502793296088907,3.849999999999909,5.740000000000054,0.8,-1.0,,,13,0,3.0,2024
2024-03-12 13:00:00+00:00|-1.0|vol_trans_follow_h1_low_to_high_h13_tp06_sl065,2024-03-12 13:00:00+00:00,STAGE28A,data/reports/stage28a_discovery_factory_batch_runner/stage28a_exact_trades.csv,volatility_transition_v1,vol_trans_follow_h1_low_to_high_h13_tp06_sl065,-1.4384249999999157,-2.4884249999999155,-3.1884249999999152,0,0,0,0,2.4884249999999155,14.239999999999782,7.929999999999836,0.5056746532156748,5.539999999999964,0.30685920577622455,2.230000000000018,3.506999999999903,0.352,-1.0,,,13,1,3.0,2024
2024-03-13 13:00:00+00:00|1.0|vol_trans_follow_h1_low_to_high_h13_tp06_sl065,2024-03-13 13:00:00+00:00,STAGE28A,data/reports/stage28a_discovery_factory_batch_runner/stage28a_exact_trades.csv,volatility_transition_v1,vol_trans_follow_h1_low_to_high_h13_tp06_sl065,0.6496000000001004,-0.4003999999998995,-1.1003999999998992,0,0,0,0,0.4003999999998995,34.179999999999836,5.730000000000018,0.41884816753928156,6.049999999999727,0.6694214876033661,5.5099999999997635,4.154999999999927,0.3,1.0,,,13,2,3.0,2024
2024-03-14 13:00:00+00:00|1.0|vol_trans_follow_h1_low_to_high_h13_tp06_sl065,2024-03-14 13:00:00+00:00,STAGE28A,data/reports/stage28a_discovery_factory_batch_runner/stage28a_exact_trades.csv,volatility_transition_v1,vol_trans_follow_h1_low_to_high_h13_tp06_sl065,0.5451999999999316,-0.5048000000000683,-1.204800000000068,0,0,0,0,0.5048000000000683,24.059999999999945,5.920000000000073,0.44087837837839444,4.599999999999909,0.2434782608695463,2.869999999999891,3.046000000000004,0.056,1.0,,,13,3,3.0,2024
2024-03-15 13:00:00+00:00|-1.0|vol_trans_follow_h1_low_to_high_h13_tp06_sl065,2024-03-15 13:00:00+00:00,STAGE28A,data/reports/stage28a_discovery_factory_batch_runner/stage28a_exact_trades.csv,volatility_transition_v1,vol_trans_follow_h1_low_to_high_h13_tp06_sl065,-1.7608249999999317,-2.8108249999999315,-3.5108249999999317,0,0,0,0,2.8108249999999315,24.159999999999854,5.289999999999964,0.43100189035920905,9.289999999999964,0.511302475780411,4.059999999999945,3.408499999999981,0.076,-1.0,,,13,4,3.0,2024
2024-03-18 13:00:00+00:00|1.0|vol_trans_follow_h1_low_to_high_h13_tp06_sl065,2024-03-18 13:00:00+00:00,STAGE28A,data/reports/stage28a_discovery_factory_batch_runner/stage28a_exact_trades.csv,volatility_transition_v1,vol_trans_follow_h1_low_to_high_h13_tp06_sl065,0.7494999999998072,-0.3005000000001927,-1.0005000000001925,0,0,0,0,0.3005000000001927,5.369999999999891,11.419999999999618,0.6444833625219242,12.349999999999909,0.8858299595141441,3.8899999999998727,3.7884999999999764,0.128,1.0,,,13,0,3.0,2024
2024-03-19 13:00:00+00:00|1.0|vol_trans_follow_h1_low_to_high_h13_tp06_sl065,2024-03-19 13:00:00+00:00,STAGE28A,data/reports/stage28a_discovery_factory_batch_runner/stage28a_exact_trades.csv,volatility_transition_v1,vol_trans_follow_h1_low_to_high_h13_tp06_sl065,1.101100000000224,0.0511000000002241,-0.6488999999997755,1,0,0,0,0.0511000000002241,17.559999999999945,4.1599999999998545,0.16105769230771544,13.179999999999836,0.4613050075872536,3.869999999999891,3.177499999999918,0.036,1.0,,,13,1,3.0,2024
2024-03-21 13:00:00+00:00|1.0|vol_trans_follow_h1_low_to_high_h13_tp06_sl065,2024-03-21 13:00:00+00:00,STAGE28A,data/reports/stage28a_discovery_factory_batch_runner/stage28a_exact_trades.csv,volatility_transition_v1,vol_trans_follow_h1_low_to_high_h13_tp06_sl065,-2.309749999999985,-3.3597499999999854,-4.059749999999985,0,0,0,1,3.3597499999999854,56.710000000000036,36.17000000000007,0.017694221730712507,14.86999999999989,0.2958977807666525,6.569999999999709,8.787499999999977,0.988,1.0,,,13,3,3.0,2024
2024-03-22 13:00:00+00:00|1.0|vol_trans_follow_h1_low_to_high_h13_tp06_sl065,2024-03-22 13:00:00+00:00,STAGE28A,data/reports/stage28a_discovery_factory_batch_runner/stage28a_exact_trades.csv,volatility_transition_v1,vol_trans_follow_h1_low_to_high_h13_tp06_sl065,-2.13814999999986,-3.1881499999998595,-3.888149999999859,0,0,0,1,3.1881499999998595,56.07999999999993,14.199999999999818,0.53169014084509,13.659999999999854,0.46998535871157693,2.7100000000000364,4.692999999999984,0.604,1.0,,,13,4,3.0,2024
2024-03-26 13:00:00+00:00|1.0|vol_trans_follow_h1_low_to_high_h13_tp06_sl065,2024-03-26 13:00:00+00:00,STAGE28A,data/reports/stage28a_discovery_factory_batch_runner/stage28a_exact_trades.csv,volatility_transition_v1,vol_trans_follow_h1_low_to_high_h13_tp06_sl065,-2.34777499999982,-3.3977749999998195,-4.097774999999819,0,0,0,1,3.3977749999998195,17.779999999999745,6.839999999999691,0.09941520467834314,30.460000000000036,0.8365068942875898,9.3100000000004,4.076999999999953,0.496,1.0,,,13,1,3.0,2024
2024-03-27 13:00:00+00:00|1.0|vol_trans_follow_h1_low_to_high_h13_tp06_sl065,2024-03-27 13:00:00+00:00,STAGE28A,data/reports/stage28a_discovery_factory_batch_runner/stage28a_exact_trades.csv,volatility_transition_v1,vol_trans_follow_h1_low_to_high_h13_tp06_sl065,1.5381999999998697,0.4881999999998698,-0.2118000000001298,1,0,1,0,0.4881999999998698,32.460000000000036,8.480000000000018,0.12264150943395771,18.800000000000182,0.8202127659574427,5.809999999999945,4.6720000000000255,0.6,1.0,,,13,2,3.0,2024
2024-03-28 13:00:00+00:00|1.0|vol_trans_follow_h1_low_to_high_h13_tp06_sl065,2024-03-28 13:00:00+00:00,STAGE28A,data/reports/stage28a_discovery_factory_batch_runner/stage28a_exact_trades.csv,volatility_transition_v1,vol_trans_follow_h1_low_to_high_h13_tp06_sl065,-2.364674999999897,-3.4146749999998973,-4.114674999999897,0,0,0,1,3.4146749999998973,24.330000000000382,9.559999999999945,0.5041841004184301,22.920000000000073,0.7273123909249374,16.63000000000011,4.6440000000000055,0.538,1.0,,,13,3,3.0,2024
2024-04-01 13:00:00+00:00|-1.0|vol_trans_follow_h1_low_to_high_h13_tp06_sl065,2024-04-01 13:00:00+00:00,STAGE28A,data/reports/stage28a_discovery_factory_batch_runner/stage28a_exact_trades.csv,volatility_transition_v1,vol_trans_follow_h1_low_to_high_h13_tp06_sl065,1.3095999999999548,0.259599999999955,-0.4404000000000447,1,0,1,0,0.259599999999955,9.899999999999636,30.36999999999989,0.9045110306223363,16.300000000000182,0.7785276073619299,8.990000000000236,8.083999999999946,0.884,-1.0,,,13,0,4.0,2024
2024-04-02 13:00:00+00:00|-1.0|vol_trans_follow_h1_low_to_high_h13_tp06_sl065,2024-04-02 13:00:00+00:00,STAGE28A,data/reports/stage28a_discovery_factory_batch_runner/stage28a_exact_trades.csv,volatility_transition_v1,vol_trans_follow_h1_low_to_high_h13_tp06_sl065,-2.157000000000244,-3.207000000000244,-3.9070000000002434,0,0,0,1,3.207000000000244,37.11999999999989,9.169999999999618,0.22246455834242623,16.440000000000055,0.5675182481751762,7.210000000000036,6.227000000000066,0.728,-1.0,,,13,1,4.0,2024
2024-04-03 13:00:00+00:00|-1.0|vol_trans_follow_h1_low_to_high_h13_tp06_sl065,2024-04-03 13:00:00+00:00,STAGE28A,data/reports/stage28a_discovery_factory_batch_runner/stage28a_exact_trades.csv,volatility_transition_v1,vol_trans_follow_h1_low_to_high_h13_tp06_sl065,-2.519699999999921,-3.5696999999999206,-4.26969999999992,0,0,0,1,3.5696999999999206,35.35999999999967,11.590000000000146,0.28127696289906623,19.360000000000127,0.6714876033057807,5.150000000000091,7.227500000000032,0.736,-1.0,,,13,2,4.0,2024
2024-04-04 13:00:00+00:00|1.0|vol_trans_follow_h1_low_to_high_h13_tp06_sl065,2024-04-04 13:00:00+00:00,STAGE28A,data/reports/stage28a_discovery_factory_batch_runner/stage28a_exact_trades.csv,volatility_transition_v1,vol_trans_follow_h1_low_to_high_h13_tp06_sl065,1.1035000000000763,0.0535000000000764,-0.6464999999999232,1,0,0,0,0.0535000000000764,36.26999999999998,8.36999999999989,0.30943847072881475,9.809999999999945,0.5983690112130865,3.2899999999999636,5.460999999999944,0.38,1.0,,,13,3,4.0,2024
2024-04-05 13:00:00+00:00|1.0|vol_trans_follow_h1_low_to_high_h13_tp06_sl065,2024-04-05 13:00:00+00:00,STAGE28A,data/reports/stage28a_discovery_factory_batch_runner/stage28a_exact_trades.csv,volatility_transition_v1,vol_trans_follow_h1_low_to_high_h13_tp06_sl065,-2.680899999999929,-3.7308999999999286,-4.430899999999928,0,0,0,1,3.7308999999999286,25.519999999999982,25.579999999999927,0.5136825645035327,16.9699999999998,0.8461991750147494,6.940000000000055,7.961500000000001,0.856,1.0,,,13,4,4.0,2024
2024-04-08 13:00:00+00:00|1.0|vol_trans_follow_h1_low_to_high_h13_tp06_sl065,2024-04-08 13:00:00+00:00,STAGE28A,data/reports/stage28a_discovery_factory_batch_runner/stage28a_exact_trades.csv,volatility_transition_v1,vol_trans_follow_h1_low_to_high_h13_tp06_sl065,2.188300000000163,1.138300000000163,0.4383000000001633,1,1,1,0,1.138300000000163,24.11999999999989,51.0300000000002,0.7460317460317463,13.789999999999964,0.5823060188542583,3.680000000000291,11.00200000000002,0.968,1.0,,,13,0,4.0,2024
2024-04-09 13:00:00+00:00|1.0|vol_trans_follow_h1_low_to_high_h13_tp06_sl065,2024-04-09 13:00:00+00:00,STAGE28A,data/reports/stage28a_discovery_factory_batch_runner/stage28a_exact_trades.csv,volatility_transition_v1,vol_trans_follow_h1_low_to_high_h13_tp06_sl065,1.8130000000000108,0.763000000000011,0.0630000000000112,1,1,1,0,0.763000000000011,51.0300000000002,11.669999999999618,0.43958868894603914,22.269999999999982,0.8630444544230027,8.110000000000127,5.683000000000038,0.324,1.0,,,13,1,4.0,2024
2024-04-10 13:00:00+00:00|-1.0|vol_trans_follow_h1_low_to_high_h13_tp06_sl065,2024-04-10 13:00:00+00:00,STAGE28A,data/reports/stage28a_discovery_factory_batch_runner/stage28a_exact_trades.csv,volatility_transition_v1,vol_trans_follow_h1_low_to_high_h13_tp06_sl065,1.3308999999998377,0.2808999999998378,-0.4191000000001619,1,0,1,0,0.2808999999998378,28.559999999999945,10.890000000000327,0.09641873278238296,14.990000000000236,0.24016010673784569,9.75,6.445500000000038,0.4,-1.0,,,13,2,4.0,2024
2024-04-11 13:00:00+00:00|1.0|vol_trans_follow_h1_low_to_high_h13_tp06_sl065,2024-04-11 13:00:00+00:00,STAGE28A,data/reports/stage28a_discovery_factory_batch_runner/stage28a_exact_trades.csv,volatility_transition_v1,vol_trans_follow_h1_low_to_high_h13_tp06_sl065,-2.830399999999918,-3.8803999999999177,-4.580399999999917,0,0,0,1,3.8803999999999177,40.75,13.490000000000236,0.5937731653076074,20.360000000000127,0.6512770137524625,7.230000000000018,7.8875,0.668,1.0,,,13,3,4.0,2024
2024-04-12 13:00:00+00:00|1.0|vol_trans_follow_h1_low_to_high_h13_tp06_sl065,2024-04-12 13:00:00+00:00,STAGE28A,data/reports/stage28a_discovery_factory_batch_runner/stage28a_exact_trades.csv,volatility_transition_v1,vol_trans_follow_h1_low_to_high_h13_tp06_sl065,1.8771999999998117,0.8271999999998116,0.1271999999998119,1,1,1,0,0.8271999999998116,52.0300000000002,23.449999999999818,0.4366737739872009,17.809999999999945,0.7810218978102388,6.869999999999891,7.888000000000011,0.612,1.0,,,13,4,4.0,2024
2024-04-15 13:00:00+00:00|-1.0|vol_trans_follow_h1_low_to_high_h13_tp06_sl065,2024-04-15 13:00:00+00:00,STAGE28A,data/reports/stage28a_discovery_factory_batch_runner/stage28a_exact_trades.csv,volatility_transition_v1,vol_trans_follow_h1_low_to_high_h13_tp06_sl065,-3.098849999999948,-4.148849999999948,-4.848849999999947,0,0,0,1,4.148849999999948,26.509999999999764,26.509999999999764,0.06563560920406629,17.799999999999727,0.500561797752834,7.230000000000018,15.498499999999945,0.956,-1.0,,,13,0,4.0,2024
2024-04-16 13:00:00+00:00|1.0|vol_trans_follow_h1_low_to_high_h13_tp06_sl065,2024-04-16 13:00:00+00:00,STAGE28A,data/reports/stage28a_discovery_factory_batch_runner/stage28a_exact_trades.csv,volatility_transition_v1,vol_trans_follow_h1_low_to_high_h13_tp06_sl065,-3.0107749999998306,-4.060774999999831,-4.76077499999983,0,0,0,1,4.060774999999831,63.18000000000029,12.900000000000091,0.28062015503874926,25.980000000000018,0.6023864511162463,5.679999999999836,10.346500000000015,0.76,1.0,,,13,1,4.0,2024
2024-04-17 13:00:00+00:00|-1.0|vol_trans_follow_h1_low_to_high_h13_tp06_sl065,2024-04-17 13:00:00+00:00,STAGE28A,data/reports/stage28a_discovery_factory_batch_runner/stage28a_exact_trades.csv,volatility_transition_v1,vol_trans_follow_h1_low_to_high_h13_tp06_sl065,-2.686424999999963,-3.736424999999963,-4.4364249999999625,0,0,0,1,3.736424999999963,35.210000000000036,6.400000000000091,0.5015624999999986,21.559999999999945,0.4809833024118911,4.470000000000255,8.293000000000053,0.512,-1.0,,,13,2,4.0,2024
2024-04-18 13:00:00+00:00|-1.0|vol_trans_follow_h1_low_to_high_h13_tp06_sl065,2024-04-18 13:00:00+00:00,STAGE28A,data/reports/stage28a_discovery_factory_batch_runner/stage28a_exact_trades.csv,volatility_transition_v1,vol_trans_follow_h1_low_to_high_h13_tp06_sl065,-1.8602750000000925,-2.9102750000000923,-3.610275000000092,0,0,0,0,2.9102750000000923,41.0,12.240000000000236,0.7802287581699344,7.890000000000327,0.6387832699619461,2.980000000000018,7.231500000000028,0.244,-1.0,,,13,3,4.0,2024
2024-04-19 13:00:00+00:00|-1.0|vol_trans_follow_h1_low_to_high_h13_tp06_sl065,2024-04-19 13:00:00+00:00,STAGE28A,data/reports/stage28a_discovery_factory_batch_runner/stage28a_exact_trades.csv,volatility_transition_v1,vol_trans_follow_h1_low_to_high_h13_tp06_sl065,2.340099999999802,1.2900999999998022,0.5900999999998024,1,1,1,0,1.2900999999998022,29.889999999999873,44.15000000000009,0.27859569648924476,15.840000000000146,0.6502525252525021,6.170000000000073,9.861499999999955,0.688,-1.0,,,13,4,4.0,2024
2024-04-22 13:00:00+00:00|1.0|vol_trans_follow_h1_low_to_high_h13_tp06_sl065,2024-04-22 13:00:00+00:00,STAGE28A,data/reports/stage28a_discovery_factory_batch_runner/stage28a_exact_trades.csv,volatility_transition_v1,vol_trans_follow_h1_low_to_high_h13_tp06_sl065,-2.8349500000000263,-3.884950000000026,-4.584950000000026,0,0,0,1,3.884950000000026,6.799999999999727,26.84999999999991,0.5314711359404108,21.490000000000236,0.3922754769660399,4.5300000000002,7.301499999999942,0.224,1.0,,,13,0,4.0,2024
2024-04-23 13:00:00+00:00|-1.0|vol_trans_follow_h1_low_to_high_h13_tp06_sl065,2024-04-23 13:00:00+00:00,STAGE28A,data/reports/stage28a_discovery_factory_batch_runner/stage28a_exact_trades.csv,volatility_transition_v1,vol_trans_follow_h1_low_to_high_h13_tp06_sl065,2.4354999999999563,1.3854999999999564,0.6854999999999567,1,1,1,0,1.3854999999999564,63.82999999999993,38.82999999999993,0.7180015451970168,23.220000000000255,0.30146425495262374,11.920000000000073,9.332500000000005,0.672,-1.0,,,13,1,4.0,2024
2024-04-24 13:00:00+00:00|-1.0|vol_trans_follow_h1_low_to_high_h13_tp06_sl065,2024-04-24 13:00:00+00:00,STAGE28A,data/reports/stage28a_discovery_factory_batch_runner/stage28a_exact_trades.csv,volatility_transition_v1,vol_trans_follow_h1_low_to_high_h13_tp06_sl065,1.4943999999999504,0.4443999999999506,-0.2556000000000491,1,0,1,0,0.4443999999999506,42.88000000000011,12.400000000000091,0.5016129032258233,19.4399999999996,0.6682098765432124,7.519999999999982,6.071000000000117,0.028,-1.0,,,13,2,4.0,2024
2024-04-25 13:00:00+00:00|-1.0|vol_trans_follow_h1_low_to_high_h13_tp06_sl065,2024-04-25 13:00:00+00:00,STAGE28A,data/reports/stage28a_discovery_factory_batch_runner/stage28a_exact_trades.csv,volatility_transition_v1,vol_trans_follow_h1_low_to_high_h13_tp06_sl065,-1.9762999999999007,-3.026299999999901,-3.7262999999999007,0,0,0,0,3.026299999999901,25.480000000000018,17.029999999999745,0.28185554903113647,16.4699999999998,0.7109896782028038,3.400000000000091,6.169999999999959,0.04,-1.0,,,13,3,4.0,2024
2024-04-26 13:00:00+00:00|1.0|vol_trans_follow_h1_low_to_high_h13_tp06_sl065,2024-04-26 13:00:00+00:00,STAGE28A,data/reports/stage28a_discovery_factory_batch_runner/stage28a_exact_trades.csv,volatility_transition_v1,vol_trans_follow_h1_low_to_high_h13_tp06_sl065,-2.5980249999998706,-3.6480249999998704,-4.34802499999987,0,0,0,1,3.6480249999998704,39.539999999999964,10.019999999999982,0.2195608782434952,19.110000000000127,0.7791732077446483,5.7400000000002365,6.228500000000099,0.064,1.0,,,13,4,4.0,2024
2024-04-29 13:00:00+00:00|1.0|vol_trans_follow_h1_low_to_high_h13_tp06_sl065,2024-04-29 13:00:00+00:00,STAGE28A,data/reports/stage28a_discovery_factory_batch_runner/stage28a_exact_trades.csv,volatility_transition_v1,vol_trans_follow_h1_low_to_high_h13_tp06_sl065,1.2505000000000108,0.200500000000011,-0.4994999999999887,1,0,1,0,0.200500000000011,4.539999999999964,17.149999999999636,0.35801749271137046,16.929999999999836,0.8665091553455263,7.6599999999998545,5.875000000000023,0.052,1.0,,,13,0,4.0,2024
2024-04-30 13:00:00+00:00|1.0|vol_trans_follow_h1_low_to_high_h13_tp06_sl065,2024-04-30 13:00:00+00:00,STAGE28A,data/reports/stage28a_discovery_factory_batch_runner/stage28a_exact_trades.csv,volatility_transition_v1,vol_trans_follow_h1_low_to_high_h13_tp06_sl065,-2.297400000000016,-3.347400000000016,-4.047400000000016,0,0,0,1,3.347400000000016,26.919999999999618,9.320000000000164,0.6115879828326366,18.879999999999654,0.7733050847457721,5.059999999999945,5.167000000000007,0.02,1.0,,,13,1,4.0,2024
2024-05-01 13:00:00+00:00|1.0|vol_trans_follow_h1_low_to_high_h13_tp06_sl065,2024-05-01 13:00:00+00:00,STAGE28A,data/reports/stage28a_discovery_factory_batch_runner/stage28a_exact_trades.csv,volatility_transition_v1,vol_trans_follow_h1_low_to_high_h13_tp06_sl065,-1.898949999999877,-2.948949999999877,-3.6489499999998767,0,0,0,0,2.948949999999877,51.51000000000022,10.38000000000011,0.6984585741811102,11.5,0.6782608695652332,7.360000000000127,5.703000000000043,0.088,1.0,,,13,2,5.0,2024
2024-05-02 13:00:00+00:00|-1.0|vol_trans_follow_h1_low_to_high_h13_tp06_sl065,2024-05-02 13:00:00+00:00,STAGE28A,data/reports/stage28a_discovery_factory_batch_runner/stage28a_exact_trades.csv,volatility_transition_v1,vol_trans_follow_h1_low_to_high_h13_tp06_sl065,-2.526524999999856,-3.576524999999856,-4.276524999999856,0,0,0,1,3.576524999999856,46.82999999999993,9.070000000000164,0.1422271223814708,22.340000000000146,0.8012533572068028,6.7400000000002365,8.24950000000008,0.76,-1.0,,,13,3,5.0,2024
2024-05-03 13:00:00+00:00|1.0|vol_trans_follow_h1_low_to_high_h13_tp06_sl065,2024-05-03 13:00:00+00:00,STAGE28A,data/reports/stage28a_discovery_factory_batch_runner/stage28a_exact_trades.csv,volatility_transition_v1,vol_trans_follow_h1_low_to_high_h13_tp06_sl065,1.126000000000113,0.0760000000001128,-0.6239999999998869,1,0,0,0,0.0760000000001128,41.09999999999991,6.440000000000055,0.2096273291925307,10.970000000000255,0.08477666362810113,3.730000000000018,5.232499999999982,0.064,1.0,,,13,4,5.0,2024
2024-05-06 13:00:00+00:00|1.0|vol_trans_follow_h1_low_to_high_h13_tp06_sl065,2024-05-06 13:00:00+00:00,STAGE28A,data/reports/stage28a_discovery_factory_batch_runner/stage28a_exact_trades.csv,volatility_transition_v1,vol_trans_follow_h1_low_to_high_h13_tp06_sl065,-2.143024999999944,-3.193024999999943,-3.893024999999943,0,0,0,1,3.193024999999943,5.210000000000036,23.519999999999982,0.32312925170067663,16.170000000000073,0.741496598639439,6.420000000000073,6.660999999999968,0.412,1.0,,,13,0,5.0,2024
2024-05-07 13:00:00+00:00|-1.0|vol_trans_follow_h1_low_to_high_h13_tp06_sl065,2024-05-07 13:00:00+00:00,STAGE28A,data/reports/stage28a_discovery_factory_batch_runner/stage28a_exact_trades.csv,volatility_transition_v1,vol_trans_follow_h1_low_to_high_h13_tp06_sl065,1.2831999999997603,0.2331999999997607,-0.466800000000239,1,0,1,0,0.2331999999997607,40.370000000000346,10.279999999999745,0.17217898832685075,13.360000000000127,0.8345808383233181,4.529999999999745,5.159999999999968,0.052,-1.0,,,13,1,5.0,2024
2024-05-08 13:00:00+00:00|1.0|vol_trans_follow_h1_low_to_high_h13_tp06_sl065,2024-05-08 13:00:00+00:00,STAGE28A,data/reports/stage28a_discovery_factory_batch_runner/stage28a_exact_trades.csv,volatility_transition_v1,vol_trans_follow_h1_low_to_high_h13_tp06_sl065,-1.9811749999999848,-3.0311749999999846,-3.731174999999984,0,0,0,0,3.0311749999999846,20.179999999999836,11.240000000000236,0.22775800711742808,17.86999999999989,0.35926133184108067,4.429999999999836,4.8720000000000026,0.056,1.0,,,13,2,5.0,2024
2024-05-09 13:00:00+00:00|-1.0|vol_trans_follow_h1_low_to_high_h13_tp06_sl065,2024-05-09 13:00:00+00:00,STAGE28A,data/reports/stage28a_discovery_factory_batch_runner/stage28a_exact_trades.csv,volatility_transition_v1,vol_trans_follow_h1_low_to_high_h13_tp06_sl065,-1.9889749999998456,-3.0389749999998457,-3.738974999999845,0,0,0,0,3.0389749999998457,17.86999999999989,4.970000000000255,0.5010060362173258,13.08999999999969,0.35752482811305936,5.210000000000036,4.1729999999999565,0.004,-1.0,,,13,3,5.0,2024
2024-05-10 13:00:00+00:00|1.0|vol_trans_follow_h1_low_to_high_h13_tp06_sl065,2024-05-10 13:00:00+00:00,STAGE28A,data/reports/stage28a_discovery_factory_batch_runner/stage28a_exact_trades.csv,volatility_transition_v1,vol_trans_follow_h1_low_to_high_h13_tp06_sl065,-2.463800000000083,-3.513800000000083,-4.213800000000083,0,0,0,1,3.513800000000083,40.63999999999987,10.659999999999854,0.6716697936210086,24.079999999999927,0.7936046511627984,5.8400000000001455,5.9384999999999994,0.4,1.0,,,13,4,5.0,2024
2024-05-13 13:00:00+00:00|-1.0|vol_trans_follow_h1_low_to_high_h13_tp06_sl065,2024-05-13 13:00:00+00:00,STAGE28A,data/reports/stage28a_discovery_factory_batch_runner/stage28a_exact_trades.csv,volatility_transition_v1,vol_trans_follow_h1_low_to_high_h13_tp06_sl065,1.3002999999997882,0.2502999999997883,-0.4497000000002114,1,0,1,0,0.2502999999997883,3.4299999999998363,9.710000000000036,0.4582904222451345,18.139999999999873,0.9404630650496177,5.269999999999982,5.000000000000045,0.144,-1.0,,,13,0,5.0,2024
2024-05-14 13:00:00+00:00|1.0|vol_trans_follow_h1_low_to_high_h13_tp06_sl065,2024-05-14 13:00:00+00:00,STAGE28A,data/reports/stage28a_discovery_factory_batch_runner/stage28a_exact_trades.csv,volatility_transition_v1,vol_trans_follow_h1_low_to_high_h13_tp06_sl065,-2.015300000000116,-3.065300000000116,-3.7653000000001153,0,0,0,1,3.065300000000116,32.95000000000027,9.570000000000164,0.5862068965517274,12.2800000000002,0.2394136807817595,4.670000000000073,4.2309999999999945,0.016,1.0,,,13,1,5.0,2024
2024-05-15 13:00:00+00:00|-1.0|vol_trans_follow_h1_low_to_high_h13_tp06_sl065,2024-05-15 13:00:00+00:00,STAGE28A,data/reports/stage28a_discovery_factory_batch_runner/stage28a_exact_trades.csv,volatility_transition_v1,vol_trans_follow_h1_low_to_high_h13_tp06_sl065,1.2099999999999451,0.1599999999999455,-0.5400000000000542,1,0,1,0,0.1599999999999455,24.920000000000073,6.110000000000127,0.46808510638298984,18.5300000000002,0.47706422018348893,6.0600000000004,4.572000000000026,0.084,-1.0,,,13,2,5.0,2024
2024-05-16 13:00:00+00:00|-1.0|vol_trans_follow_h1_low_to_high_h13_tp06_sl065,2024-05-16 13:00:00+00:00,STAGE28A,data/reports/stage28a_discovery_factory_batch_runner/stage28a_exact_trades.csv,volatility_transition_v1,vol_trans_follow_h1_low_to_high_h13_tp06_sl065,1.1017000000000734,0.0517000000000735,-0.6482999999999262,1,0,0,0,0.0517000000000735,38.40000000000009,13.050000000000182,0.029885057471289042,10.909999999999854,0.31072410632446545,4.1599999999998545,6.196500000000038,0.544,-1.0,,,13,3,5.0,2024
2024-05-17 13:00:00+00:00|-1.0|vol_trans_follow_h1_low_to_high_h13_tp06_sl065,2024-05-17 13:00:00+00:00,STAGE28A,data/reports/stage28a_discovery_factory_batch_runner/stage28a_exact_trades.csv,volatility_transition_v1,vol_trans_follow_h1_low_to_high_h13_tp06_sl065,1.1217999999998027,0.0717999999998029,-0.6282000000001968,1,0,0,0,0.0717999999998029,26.550000000000182,7.2599999999997635,0.07300275482090395,11.360000000000127,0.42517605633805705,4.900000000000091,4.127999999999974,0.016,-1.0,,,13,4,5.0,2024
2024-05-20 13:00:00+00:00|1.0|vol_trans_follow_h1_low_to_high_h13_tp06_sl065,2024-05-20 13:00:00+00:00,STAGE28A,data/reports/stage28a_discovery_factory_batch_runner/stage28a_exact_trades.csv,volatility_transition_v1,vol_trans_follow_h1_low_to_high_h13_tp06_sl065,-3.686449999999786,-4.736449999999786,-5.436449999999786,0,0,0,1,4.736449999999786,8.409999999999854,24.050000000000182,0.8261954261954154,18.210000000000036,0.220757825370674,8.359999999999673,8.760499999999912,0.968,1.0,,,13,0,5.0,2024
2024-05-21 13:00:00+00:00|-1.0|vol_trans_follow_h1_low_to_high_h13_tp06_sl065,2024-05-21 13:00:00+00:00,STAGE28A,data/reports/stage28a_discovery_factory_batch_runner/stage28a_exact_trades.csv,volatility_transition_v1,vol_trans_follow_h1_low_to_high_h13_tp06_sl065,-2.860949999999866,-3.910949999999866,-4.610949999999866,0,0,0,1,3.910949999999866,42.86999999999989,26.63000000000011,0.5005632745024361,13.569999999999709,0.19012527634491064,7.949999999999818,7.520499999999947,0.808,-1.0,,,13,1,5.0,2024
2024-05-22 13:00:00+00:00|1.0|vol_trans_follow_h1_low_to_high_h13_tp06_sl065,2024-05-22 13:00:00+00:00,STAGE28A,data/reports/stage28a_discovery_factory_batch_runner/stage28a_exact_trades.csv,volatility_transition_v1,vol_trans_follow_h1_low_to_high_h13_tp06_sl065,1.5138999999998304,0.4638999999998305,-0.2361000000001691,1,0,1,0,0.4638999999998305,27.610000000000127,13.980000000000018,0.5615164520744172,7.930000000000291,0.3947036569987382,3.5299999999997453,5.077499999999918,0.304,1.0,,,13,2,5.0,2024
2024-05-23 13:00:00+00:00|1.0|vol_trans_follow_h1_low_to_high_h13_tp06_sl065,2024-05-23 13:00:00+00:00,STAGE28A,data/reports/stage28a_discovery_factory_batch_runner/stage28a_exact_trades.csv,volatility_transition_v1,vol_trans_follow_h1_low_to_high_h13_tp06_sl065,-3.0406749999998284,-4.090674999999829,-4.790674999999828,0,0,0,1,4.090674999999829,51.76999999999998,16.980000000000018,0.47820965842166563,19.029999999999745,0.44245927482922676,5.489999999999782,8.192500000000019,0.86,1.0,,,13,3,5.0,2024
2024-05-24 13:00:00+00:00|-1.0|vol_trans_follow_h1_low_to_high_h13_tp06_sl065,2024-05-24 13:00:00+00:00,STAGE28A,data/reports/stage28a_discovery_factory_batch_runner/stage28a_exact_trades.csv,volatility_transition_v1,vol_trans_follow_h1_low_to_high_h13_tp06_sl065,1.326100000000133,0.2761000000001332,-0.4238999999998665,1,0,1,0,0.2761000000001332,56.809999999999945,9.710000000000036,0.028836251287353145,12.7199999999998,0.5463836477987721,5.7599999999997635,6.609499999999935,0.496,-1.0,,,13,4,5.0,2024
2024-05-27 13:00:00+00:00|-1.0|vol_trans_follow_h1_low_to_high_h13_tp06_sl065,2024-05-27 13:00:00+00:00,STAGE28A,data/reports/stage28a_discovery_factory_batch_runner/stage28a_exact_trades.csv,volatility_transition_v1,vol_trans_follow_h1_low_to_high_h13_tp06_sl065,0.9655000000001565,-0.0844999999998434,-0.7844999999998432,0,0,0,0,0.0844999999998434,8.329999999999927,15.260000000000218,0.38401048492791895,7.970000000000255,0.34755332496861896,2.769999999999982,4.728500000000054,0.096,-1.0,,,13,0,5.0,2024
2024-05-28 13:00:00+00:00|-1.0|vol_trans_follow_h1_low_to_high_h13_tp06_sl065,2024-05-28 13:00:00+00:00,STAGE28A,data/reports/stage28a_discovery_factory_batch_runner/stage28a_exact_trades.csv,volatility_transition_v1,vol_trans_follow_h1_low_to_high_h13_tp06_sl065,1.157799999999861,0.1077999999998611,-0.5922000000001386,1,0,0,0,0.1077999999998611,26.420000000000073,7.220000000000255,0.17313019390581108,13.699999999999818,0.5335766423357695,2.819999999999709,4.2375,0.056,-1.0,,,13,1,5.0,2024
2024-05-29 13:00:00+00:00|1.0|vol_trans_follow_h1_low_to_high_h13_tp06_sl065,2024-05-29 13:00:00+00:00,STAGE28A,data/reports/stage28a_discovery_factory_batch_runner/stage28a_exact_trades.csv,volatility_transition_v1,vol_trans_follow_h1_low_to_high_h13_tp06_sl065,1.4253999999999905,0.3753999999999906,-0.3246000000000091,1,0,1,0,0.3753999999999906,24.059999999999945,7.930000000000291,0.12862547288776097,20.700000000000273,0.6120772946859638,5.320000000000164,5.17150000000006,0.272,1.0,,,13,2,5.0,2024
2024-05-30 13:00:00+00:00|-1.0|vol_trans_follow_h1_low_to_high_h13_tp06_sl065,2024-05-30 13:00:00+00:00,STAGE28A,data/reports/stage28a_discovery_factory_batch_runner/stage28a_exact_trades.csv,volatility_transition_v1,vol_trans_follow_h1_low_to_high_h13_tp06_sl065,-2.631500000000051,-3.681500000000051,-4.381500000000051,0,0,0,1,3.681500000000051,28.059999999999945,11.800000000000182,0.2771186440677908,15.559999999999945,0.06876606683805704,6.309999999999945,5.321000000000095,0.308,-1.0,,,13,3,5.0,2024
2024-05-31 13:00:00+00:00|-1.0|vol_trans_follow_h1_low_to_high_h13_tp06_sl065,2024-05-31 13:00:00+00:00,STAGE28A,data/reports/stage28a_discovery_factory_batch_runner/stage28a_exact_trades.csv,volatility_transition_v1,vol_trans_follow_h1_low_to_high_h13_tp06_sl065,0.9336999999999536,-0.1163000000000464,-0.8163000000000462,0,0,0,0,0.1163000000000464,29.38000000000011,10.739999999999782,0.036312849162000053,7.370000000000346,0.21709633649929905,3.5,4.557500000000073,0.1,-1.0,,,13,4,5.0,2024
2024-06-03 13:00:00+00:00|1.0|vol_trans_follow_h1_low_to_high_h13_tp06_sl065,2024-06-03 13:00:00+00:00,STAGE28A,data/reports/stage28a_discovery_factory_batch_runner/stage28a_exact_trades.csv,volatility_transition_v1,vol_trans_follow_h1_low_to_high_h13_tp06_sl065,1.7431000000000494,0.6931000000000496,-0.0068999999999501,1,0,1,0,0.6931000000000496,5.870000000000346,10.070000000000164,0.5004965243296804,14.090000000000146,0.4499645138396082,4.450000000000273,5.673000000000025,0.444,1.0,,,13,0,6.0,2024
2024-06-04 13:00:00+00:00|-1.0|vol_trans_follow_h1_low_to_high_h13_tp06_sl065,2024-06-04 13:00:00+00:00,STAGE28A,data/reports/stage28a_discovery_factory_batch_runner/stage28a_exact_trades.csv,volatility_transition_v1,vol_trans_follow_h1_low_to_high_h13_tp06_sl065,1.499499999999807,0.4494999999998073,-0.2505000000001924,1,0,1,0,0.4494999999998073,40.159999999999854,9.600000000000364,0.5281249999999971,25.079999999999927,0.6399521531100569,7.400000000000091,5.378999999999974,0.296,-1.0,,,13,1,6.0,2024
2024-06-05 13:00:00+00:00|-1.0|vol_trans_follow_h1_low_to_high_h13_tp06_sl065,2024-06-05 13:00:00+00:00,STAGE28A,data/reports/stage28a_discovery_factory_batch_runner/stage28a_exact_trades.csv,volatility_transition_v1,vol_trans_follow_h1_low_to_high_h13_tp06_sl065,-2.2012000000000627,-3.2512000000000625,-3.951200000000062,0,0,0,1,3.2512000000000625,37.41000000000031,12.010000000000218,0.7993338884262893,13.579999999999927,0.3645066273932139,2.869999999999891,4.862499999999931,0.124,-1.0,,,13,2,6.0,2024
2024-06-06 13:00:00+00:00|-1.0|vol_trans_follow_h1_low_to_high_h13_tp06_sl065,2024-06-06 13:00:00+00:00,STAGE28A,data/reports/stage28a_discovery_factory_batch_runner/stage28a_exact_trades.csv,volatility_transition_v1,vol_trans_follow_h1_low_to_high_h13_tp06_sl065,1.001799999999912,-0.0482000000000879,-0.7482000000000877,0,0,0,0,0.0482000000000879,31.670000000000073,20.389999999999873,0.564982834722906,12.929999999999836,0.5359628770301565,5.349999999999909,5.662499999999954,0.544,-1.0,,,13,3,6.0,2024
2024-06-07 13:00:00+00:00|-1.0|vol_trans_follow_h1_low_to_high_h13_tp06_sl065,2024-06-07 13:00:00+00:00,STAGE28A,data/reports/stage28a_discovery_factory_batch_runner/stage28a_exact_trades.csv,volatility_transition_v1,vol_trans_follow_h1_low_to_high_h13_tp06_sl065,2.954200000000037,1.9042000000000368,1.2042000000000377,1,1,1,0,1.9042000000000368,25.20999999999958,12.600000000000364,0.24920634920633192,50.42000000000007,0.8131693772312563,10.519999999999982,7.641499999999996,0.988,-1.0,,,13,4,6.0,2024
2024-06-10 13:00:00+00:00|1.0|vol_trans_follow_h1_low_to_high_h13_tp06_sl065,2024-06-10 13:00:00+00:00,STAGE28A,data/reports/stage28a_discovery_factory_batch_runner/stage28a_exact_trades.csv,volatility_transition_v1,vol_trans_follow_h1_low_to_high_h13_tp06_sl065,1.5354999999998653,0.4854999999998655,-0.2145000000001342,1,0,1,0,0.4854999999998655,8.61999999999989,11.609999999999673,0.18518518518519825,9.740000000000236,0.0020533880903471587,5.650000000000091,6.812500000000023,0.856,1.0,,,13,0,6.0,2024
2024-06-11 13:00:00+00:00|1.0|vol_trans_follow_h1_low_to_high_h13_tp06_sl065,2024-06-11 13:00:00+00:00,STAGE28A,data/reports/stage28a_discovery_factory_batch_runner/stage28a_exact_trades.csv,volatility_transition_v1,vol_trans_follow_h1_low_to_high_h13_tp06_sl065,1.147899999999845,0.0978999999998451,-0.6021000000001546,1,0,0,0,0.0978999999998451,25.990000000000236,13.549999999999727,0.4479704797048181,9.990000000000236,0.2662662662662454,5.869999999999891,4.3929999999999385,0.068,1.0,,,13,1,6.0,2024
2024-06-12 13:00:00+00:00|1.0|vol_trans_follow_h1_low_to_high_h13_tp06_sl065,2024-06-12 13:00:00+00:00,STAGE28A,data/reports/stage28a_discovery_factory_batch_runner/stage28a_exact_trades.csv,volatility_transition_v1,vol_trans_follow_h1_low_to_high_h13_tp06_sl065,0.905500000000211,-0.1444999999997889,-0.8444999999997886,0,0,0,0,0.1444999999997889,22.36999999999989,6.8400000000001455,0.42690058479532317,6.910000000000309,0.00289435600578595,3.25,3.8984999999999674,0.004,1.0,,,13,2,6.0,2024
2024-06-13 13:00:00+00:00|-1.0|vol_trans_follow_h1_low_to_high_h13_tp06_sl065,2024-06-13 13:00:00+00:00,STAGE28A,data/reports/stage28a_discovery_factory_batch_runner/stage28a_exact_trades.csv,volatility_transition_v1,vol_trans_follow_h1_low_to_high_h13_tp06_sl065,1.0606000000001583,0.0106000000001587,-0.689399999999841,1,0,0,0,0.0106000000001587,31.039999999999964,16.460000000000036,0.4696233292831106,9.580000000000382,0.12526096033400524,5.0300000000002,6.201499999999965,0.628,-1.0,,,13,3,6.0,2024
2024-06-14 13:00:00+00:00|1.0|vol_trans_follow_h1_low_to_high_h13_tp06_sl065,2024-06-14 13:00:00+00:00,STAGE28A,data/reports/stage28a_discovery_factory_batch_runner/stage28a_exact_trades.csv,volatility_transition_v1,vol_trans_follow_h1_low_to_high_h13_tp06_sl065,-2.3305500000002213,-3.380550000000221,-4.080550000000221,0,0,0,1,3.380550000000221,31.159999999999854,7.050000000000182,0.35886524822690496,19.139999999999873,0.8949843260188204,7.5300000000002,5.026000000000022,0.196,1.0,,,13,4,6.0,2024
2024-06-17 13:00:00+00:00|-1.0|vol_trans_follow_h1_low_to_high_h13_tp06_sl065,2024-06-17 13:00:00+00:00,STAGE28A,data/reports/stage28a_discovery_factory_batch_runner/stage28a_exact_trades.csv,volatility_transition_v1,vol_trans_follow_h1_low_to_high_h13_tp06_sl065,1.1674000000001796,0.1174000000001798,-0.5825999999998199,1,0,0,0,0.1174000000001798,5.4099999999998545,11.420000000000073,0.39229422066549824,10.769999999999982,0.4001857010213512,3.380000000000109,4.493499999999926,0.056,-1.0,,,13,0,6.0,2024
2024-06-18 13:00:00+00:00|-1.0|vol_trans_follow_h1_low_to_high_h13_tp06_sl065,2024-06-18 13:00:00+00:00,STAGE28A,data/reports/stage28a_discovery_factory_batch_runner/stage28a_exact_trades.csv,volatility_transition_v1,vol_trans_follow_h1_low_to_high_h13_tp06_sl065,0.9297999999997956,-0.1202000000002043,-0.8202000000002041,0,0,0,0,0.1202000000002043,23.170000000000073,6.5,0.5292307692307776,14.090000000000146,0.9488999290276939,3.3600000000001273,4.485500000000002,0.072,-1.0,,,13,1,6.0,2024
2024-06-20 13:00:00+00:00|1.0|vol_trans_follow_h1_low_to_high_h13_tp06_sl065,2024-06-20 13:00:00+00:00,STAGE28A,data/reports/stage28a_discovery_factory_batch_runner/stage28a_exact_trades.csv,volatility_transition_v1,vol_trans_follow_h1_low_to_high_h13_tp06_sl065,1.169800000000032,0.1198000000000321,-0.5801999999999676,1,0,0,0,0.1198000000000321,11.2800000000002,11.260000000000218,0.3152753108348235,14.260000000000218,0.03366058906030932,4.130000000000109,3.9765000000000557,0.108,1.0,,,13,3,6.0,2024
2024-06-21 13:00:00+00:00|-1.0|vol_trans_follow_h1_low_to_high_h13_tp06_sl065,2024-06-21 13:00:00+00:00,STAGE28A,data/reports/stage28a_discovery_factory_batch_runner/stage28a_exact_trades.csv,volatility_transition_v1,vol_trans_follow_h1_low_to_high_h13_tp06_sl065,-2.05917499999996,-3.109174999999959,-3.809174999999959,0,0,0,1,3.109174999999959,37.65000000000009,7.75,0.3496774193548434,13.009999999999764,0.13374327440432499,4.390000000000327,5.033500000000049,0.396,-1.0,,,13,4,6.0,2024
2024-06-24 13:00:00+00:00|-1.0|vol_trans_follow_h1_low_to_high_h13_tp06_sl065,2024-06-24 13:00:00+00:00,STAGE28A,data/reports/stage28a_discovery_factory_batch_runner/stage28a_exact_trades.csv,volatility_transition_v1,vol_trans_follow_h1_low_to_high_h13_tp06_sl065,1.39330000000009,0.3433000000000903,-0.3566999999999094,1,0,1,0,0.3433000000000903,4.9099999999998545,8.980000000000018,0.4376391982182437,11.960000000000036,0.033444816053519205,10.13000000000011,5.319000000000005,0.508,-1.0,,,13,0,6.0,2024
2024-06-25 13:00:00+00:00|1.0|vol_trans_follow_h1_low_to_high_h13_tp06_sl065,2024-06-25 13:00:00+00:00,STAGE28A,data/reports/stage28a_discovery_factory_batch_runner/stage28a_exact_trades.csv,volatility_transition_v1,vol_trans_follow_h1_low_to_high_h13_tp06_sl065,-1.982799999999861,-3.032799999999861,-3.7327999999998607,0,0,0,0,3.032799999999861,17.15000000000009,11.150000000000091,0.6852017937219969,11.319999999999709,0.7915194346289989,4.769999999999982,4.180999999999949,0.152,1.0,,,13,1,6.0,2024
2024-06-26 13:00:00+00:00|1.0|vol_trans_follow_h1_low_to_high_h13_tp06_sl065,2024-06-26 13:00:00+00:00,STAGE28A,data/reports/stage28a_discovery_factory_batch_runner/stage28a_exact_trades.csv,volatility_transition_v1,vol_trans_follow_h1_low_to_high_h13_tp06_sl065,1.3057000000002517,0.2557000000002518,-0.4442999999997479,1,0,1,0,0.2557000000002518,21.789999999999964,13.350000000000364,0.2636704119850102,8.690000000000055,0.11047180667434181,2.730000000000018,5.347500000000059,0.532,1.0,,,13,2,6.0,2024
2024-06-27 13:00:00+00:00|1.0|vol_trans_follow_h1_low_to_high_h13_tp06_sl065,2024-06-27 13:00:00+00:00,STAGE28A,data/reports/stage28a_discovery_factory_batch_runner/stage28a_exact_trades.csv,volatility_transition_v1,vol_trans_follow_h1_low_to_high_h13_tp06_sl065,-2.018224999999893,-3.068224999999893,-3.7682249999998927,0,0,0,1,3.068224999999893,30.350000000000364,3.3899999999998727,0.22123893805310565,17.429999999999836,0.7917383820998457,6.599999999999909,3.5849999999999453,0.072,1.0,,,13,3,6.0,2024
2024-06-28 13:00:00+00:00|1.0|vol_trans_follow_h1_low_to_high_h13_tp06_sl065,2024-06-28 13:00:00+00:00,STAGE28A,data/reports/stage28a_discovery_factory_batch_runner/stage28a_exact_trades.csv,volatility_transition_v1,vol_trans_follow_h1_low_to_high_h13_tp06_sl065,-1.7270250000002307,-2.7770250000002306,-3.4770250000002303,0,0,0,0,2.7770250000002306,34.58999999999969,9.269999999999982,0.5587918015102316,12.099999999999909,0.7033057851239527,3.0700000000001637,4.011000000000058,0.132,1.0,,,13,4,6.0,2024
2024-07-01 13:00:00+00:00|1.0|vol_trans_follow_h1_low_to_high_h13_tp06_sl065,2024-07-01 13:00:00+00:00,STAGE28A,data/reports/stage28a_discovery_factory_batch_runner/stage28a_exact_trades.csv,volatility_transition_v1,vol_trans_follow_h1_low_to_high_h13_tp06_sl065,1.209099999999944,0.159099999999944,-0.5409000000000557,1,0,1,0,0.159099999999944,4.139999999999873,6.389999999999873,0.03442879499214465,10.980000000000018,0.24590163934424533,4.019999999999982,4.279999999999996,0.24,1.0,,,13,0,7.0,2024
2024-07-02 13:00:00+00:00|-1.0|vol_trans_follow_h1_low_to_high_h13_tp06_sl065,2024-07-02 13:00:00+00:00,STAGE28A,data/reports/stage28a_discovery_factory_batch_runner/stage28a_exact_trades.csv,volatility_transition_v1,vol_trans_follow_h1_low_to_high_h13_tp06_sl065,-1.9850750000001427,-3.0350750000001425,-3.7350750000001423,0,0,0,0,3.0350750000001425,20.0,8.61999999999989,0.6705336426913943,9.099999999999909,0.1329670329670383,7.779999999999745,4.302500000000032,0.236,-1.0,,,13,1,7.0,2024
2024-07-03 13:00:00+00:00|1.0|vol_trans_follow_h1_low_to_high_h13_tp06_sl065,2024-07-03 13:00:00+00:00,STAGE28A,data/reports/stage28a_discovery_factory_batch_runner/stage28a_exact_trades.csv,volatility_transition_v1,vol_trans_follow_h1_low_to_high_h13_tp06_sl065,1.3182999999998173,0.2682999999998174,-0.4317000000001822,1,0,1,0,0.2682999999998174,17.820000000000164,5.660000000000309,0.28798586572430485,15.799999999999727,0.9164556962025199,4.339999999999691,4.3839999999999915,0.296,1.0,,,13,2,7.0,2024
2024-07-04 13:00:00+00:00|-1.0|vol_trans_follow_h1_low_to_high_h13_tp06_sl065,2024-07-04 13:00:00+00:00,STAGE28A,data/reports/stage28a_discovery_factory_batch_runner/stage28a_exact_trades.csv,volatility_transition_v1,vol_trans_follow_h1_low_to_high_h13_tp06_sl065,-1.801774999999998,-2.8517749999999977,-3.551774999999997,0,0,0,0,2.8517749999999977,38.039999999999964,6.5900000000001455,0.12139605462824951,9.259999999999764,0.0377969762419409,3.4299999999998363,4.107499999999959,0.116,-1.0,,,13,3,7.0,2024
2024-07-08 13:00:00+00:00|-1.0|vol_trans_follow_h1_low_to_high_h13_tp06_sl065,2024-07-08 13:00:00+00:00,STAGE28A,data/reports/stage28a_discovery_factory_batch_runner/stage28a_exact_trades.csv,volatility_transition_v1,vol_trans_follow_h1_low_to_high_h13_tp06_sl065,1.2285999999998238,0.178599999999824,-0.5214000000001757,1,0,1,0,0.178599999999824,5.289999999999964,10.420000000000073,0.22936660268716993,18.5,0.6929729729729818,5.5,5.064999999999986,0.568,-1.0,,,13,0,7.0,2024
2024-07-09 13:00:00+00:00|1.0|vol_trans_follow_h1_low_to_high_h13_tp06_sl065,2024-07-09 13:00:00+00:00,STAGE28A,data/reports/stage28a_discovery_factory_batch_runner/stage28a_exact_trades.csv,volatility_transition_v1,vol_trans_follow_h1_low_to_high_h13_tp06_sl065,0.8670999999998458,-0.1829000000001541,-0.8829000000001539,0,0,0,0,0.1829000000001541,40.36999999999989,9.490000000000236,0.8303477344573144,10.409999999999854,0.3170028818443586,3.7400000000002365,4.889499999999975,0.476,1.0,,,13,1,7.0,2024
2024-07-10 13:00:00+00:00|-1.0|vol_trans_follow_h1_low_to_high_h13_tp06_sl065,2024-07-10 13:00:00+00:00,STAGE28A,data/reports/stage28a_discovery_factory_batch_runner/stage28a_exact_trades.csv,volatility_transition_v1,vol_trans_follow_h1_low_to_high_h13_tp06_sl065,0.8133999999999105,-0.2366000000000894,-0.9366000000000893,0,0,0,0,0.2366000000000894,22.20999999999958,7.329999999999927,0.5184174624829767,8.309999999999945,0.4500601684716975,2.480000000000018,4.531500000000028,0.288,-1.0,,,13,2,7.0,2024
2024-07-11 13:00:00+00:00|1.0|vol_trans_follow_h1_low_to_high_h13_tp06_sl065,2024-07-11 13:00:00+00:00,STAGE28A,data/reports/stage28a_discovery_factory_batch_runner/stage28a_exact_trades.csv,volatility_transition_v1,vol_trans_follow_h1_low_to_high_h13_tp06_sl065,-1.8654750000001517,-2.9154750000001517,-3.615475000000151,0,0,0,0,2.9154750000001517,23.670000000000073,9.08999999999969,0.6567656765677071,6.099999999999909,0.8606557377049309,3.2199999999998,3.767999999999984,0.144,1.0,,,13,3,7.0,2024
2024-07-12 13:00:00+00:00|-1.0|vol_trans_follow_h1_low_to_high_h13_tp06_sl065,2024-07-12 13:00:00+00:00,STAGE28A,data/reports/stage28a_discovery_factory_batch_runner/stage28a_exact_trades.csv,volatility_transition_v1,vol_trans_follow_h1_low_to_high_h13_tp06_sl065,-2.098175000000174,-3.148175000000174,-3.8481750000001735,0,0,0,1,3.148175000000174,53.38999999999987,9.550000000000182,0.5350785340313692,9.760000000000218,0.3893442622950453,5.119999999999891,5.3715000000000375,0.7,-1.0,,,13,4,7.0,2024
2024-07-15 13:00:00+00:00|-1.0|vol_trans_follow_h1_low_to_high_h13_tp06_sl065,2024-07-15 13:00:00+00:00,STAGE28A,data/reports/stage28a_discovery_factory_batch_runner/stage28a_exact_trades.csv,volatility_transition_v1,vol_trans_follow_h1_low_to_high_h13_tp06_sl065,-1.983449999999812,-3.0334499999998115,-3.733449999999811,0,0,0,0,3.0334499999998115,7.980000000000018,9.950000000000273,0.40703517587940413,12.690000000000055,0.06619385342790716,4.8100000000004,4.527500000000009,0.272,-1.0,,,13,0,7.0,2024
2024-07-16 13:00:00+00:00|1.0|vol_trans_follow_h1_low_to_high_h13_tp06_sl065,2024-07-16 13:00:00+00:00,STAGE28A,data/reports/stage28a_discovery_factory_batch_runner/stage28a_exact_trades.csv,volatility_transition_v1,vol_trans_follow_h1_low_to_high_h13_tp06_sl065,-2.216149999999834,-3.266149999999834,-3.9661499999998338,0,0,0,1,3.266149999999834,38.409999999999854,11.559999999999945,0.6643598615916845,18.269999999999982,0.75478927203065,8.320000000000164,5.3940000000000285,0.66,1.0,,,13,1,7.0,2024
2024-07-17 13:00:00+00:00|1.0|vol_trans_follow_h1_low_to_high_h13_tp06_sl065,2024-07-17 13:00:00+00:00,STAGE28A,data/reports/stage28a_discovery_factory_batch_runner/stage28a_exact_trades.csv,volatility_transition_v1,vol_trans_follow_h1_low_to_high_h13_tp06_sl065,1.8268000000001847,0.7768000000001849,0.0768000000001851,1,1,1,0,0.7768000000001849,49.659999999999854,18.299999999999727,0.15191256830602412,17.019999999999982,0.18801410105759556,5.699999999999818,7.180999999999995,0.952,1.0,,,13,2,7.0,2024
2024-07-18 13:00:00+00:00|-1.0|vol_trans_follow_h1_low_to_high_h13_tp06_sl065,2024-07-18 13:00:00+00:00,STAGE28A,data/reports/stage28a_discovery_factory_batch_runner/stage28a_exact_trades.csv,volatility_transition_v1,vol_trans_follow_h1_low_to_high_h13_tp06_sl065,1.2031000000000858,0.1531000000000859,-0.5468999999999138,1,0,1,0,0.1531000000000859,32.25999999999976,11.519999999999982,0.7647569444444409,10.329999999999927,0.23523717328168958,3.099999999999909,6.02800000000002,0.692,-1.0,,,13,3,7.0,2024
2024-07-19 13:00:00+00:00|-1.0|vol_trans_follow_h1_low_to_high_h13_tp06_sl065,2024-07-19 13:00:00+00:00,STAGE28A,data/reports/stage28a_discovery_factory_batch_runner/stage28a_exact_trades.csv,volatility_transition_v1,vol_trans_follow_h1_low_to_high_h13_tp06_sl065,-3.026375000000008,-4.076375000000008,-4.776375000000007,0,0,0,1,4.076375000000008,34.84999999999991,24.679999999999836,0.6288492706645091,16.5,0.7678787878787923,6.269999999999982,7.066999999999939,0.872,-1.0,,,13,4,7.0,2024
2024-07-22 13:00:00+00:00|1.0|vol_trans_follow_h1_low_to_high_h13_tp06_sl065,2024-07-22 13:00:00+00:00,STAGE28A,data/reports/stage28a_discovery_factory_batch_runner/stage28a_exact_trades.csv,volatility_transition_v1,vol_trans_follow_h1_low_to_high_h13_tp06_sl065,1.4448999999998704,0.3948999999998706,-0.3051000000001291,1,0,1,0,0.3948999999998706,11.319999999999709,11.819999999999709,0.38494077834181845,8.450000000000273,0.2816568047337316,5.789999999999964,5.450500000000034,0.432,1.0,,,13,0,7.0,2024
2024-07-23 13:00:00+00:00|1.0|vol_trans_follow_h1_low_to_high_h13_tp06_sl065,2024-07-23 13:00:00+00:00,STAGE28A,data/reports/stage28a_discovery_factory_batch_runner/stage28a_exact_trades.csv,volatility_transition_v1,vol_trans_follow_h1_low_to_high_h13_tp06_sl065,1.7665000000000872,0.7165000000000874,0.0165000000000876,1,1,1,0,0.7165000000000874,28.23999999999978,9.199999999999818,0.34239130434784276,20.019999999999982,0.43806193806193755,4.9099999999998545,5.389500000000021,0.384,1.0,,,13,1,7.0,2024
2024-07-24 13:00:00+00:00|1.0|vol_trans_follow_h1_low_to_high_h13_tp06_sl065,2024-07-24 13:00:00+00:00,STAGE28A,data/reports/stage28a_discovery_factory_batch_runner/stage28a_exact_trades.csv,volatility_transition_v1,vol_trans_follow_h1_low_to_high_h13_tp06_sl065,1.1721999999998842,0.1221999999998844,-0.5778000000001153,1,0,0,0,0.1221999999998844,23.950000000000273,13.399999999999636,0.53358208955226,9.379999999999654,0.32622601279323166,5.019999999999982,4.474999999999932,0.088,1.0,,,13,2,7.0,2024
2024-07-25 13:00:00+00:00|-1.0|vol_trans_follow_h1_low_to_high_h13_tp06_sl065,2024-07-25 13:00:00+00:00,STAGE28A,data/reports/stage28a_discovery_factory_batch_runner/stage28a_exact_trades.csv,volatility_transition_v1,vol_trans_follow_h1_low_to_high_h13_tp06_sl065,2.1789999999999963,1.1289999999999965,0.4289999999999967,1,1,1,0,1.1289999999999965,35.4699999999998,34.38999999999987,0.6685082872928138,12.909999999999854,0.0859798605732099,5.730000000000018,8.440499999999929,0.972,-1.0,,,13,3,7.0,2024
2024-07-26 13:00:00+00:00|1.0|vol_trans_follow_h1_low_to_high_h13_tp06_sl065,2024-07-26 13:00:00+00:00,STAGE28A,data/reports/stage28a_discovery_factory_batch_runner/stage28a_exact_trades.csv,volatility_transition_v1,vol_trans_follow_h1_low_to_high_h13_tp06_sl065,-2.261974999999984,-3.311974999999984,-4.011974999999984,0,0,0,1,3.311974999999984,48.190000000000055,23.550000000000182,0.36390658174096147,10.0300000000002,0.19541375872382824,2.849999999999909,6.586000000000013,0.584,1.0,,,13,4,7.0,2024
2024-07-29 13:00:00+00:00|1.0|vol_trans_follow_h1_low_to_high_h13_tp06_sl065,2024-07-29 13:00:00+00:00,STAGE28A,data/reports/stage28a_discovery_factory_batch_runner/stage28a_exact_trades.csv,volatility_transition_v1,vol_trans_follow_h1_low_to_high_h13_tp06_sl065,1.475800000000072,0.4258000000000721,-0.2741999999999276,1,0,1,0,0.4258000000000721,16.730000000000018,16.730000000000018,0.06933652121938481,9.190000000000055,0.17954298150159156,3.4099999999998545,6.329499999999984,0.492,1.0,,,13,0,7.0,2024
2024-07-30 13:00:00+00:00|-1.0|vol_trans_follow_h1_low_to_high_h13_tp06_sl065,2024-07-30 13:00:00+00:00,STAGE28A,data/reports/stage28a_discovery_factory_batch_runner/stage28a_exact_trades.csv,volatility_transition_v1,vol_trans_follow_h1_low_to_high_h13_tp06_sl065,-1.6925750000001245,-2.7425750000001243,-3.442575000000124,0,0,0,0,2.7425750000001243,33.460000000000036,9.460000000000036,0.18181818181820805,6.4099999999998545,0.5397815912636684,2.2600000000002183,4.942500000000041,0.068,-1.0,,,13,1,7.0,2024
2024-07-31 13:00:00+00:00|-1.0|vol_trans_follow_h1_low_to_high_h13_tp06_sl065,2024-07-31 13:00:00+00:00,STAGE28A,data/reports/stage28a_discovery_factory_batch_runner/stage28a_exact_trades.csv,volatility_transition_v1,vol_trans_follow_h1_low_to_high_h13_tp06_sl065,1.384899999999925,0.3348999999999251,-0.3651000000000746,1,0,1,0,0.3348999999999251,36.43000000000029,15.139999999999873,0.47159841479523995,10.990000000000236,0.4003639672429478,4.430000000000291,6.458000000000107,0.528,-1.0,,,13,2,7.0,2024
2024-08-01 13:00:00+00:00|-1.0|vol_trans_follow_h1_low_to_high_h13_tp06_sl065,2024-08-01 13:00:00+00:00,STAGE28A,data/reports/stage28a_discovery_factory_batch_runner/stage28a_exact_trades.csv,volatility_transition_v1,vol_trans_follow_h1_low_to_high_h13_tp06_sl065,1.47549999999992,0.42549999999992,-0.2745000000000797,1,0,1,0,0.42549999999992,46.98999999999978,20.950000000000273,0.23293556085919073,18.829999999999927,0.5268189060010439,4.900000000000091,6.938000000000011,0.756,-1.0,,,13,3,8.0,2024
2024-08-02 13:00:00+00:00|1.0|vol_trans_follow_h1_low_to_high_h13_tp06_sl065,2024-08-02 13:00:00+00:00,STAGE28A,data/reports/stage28a_discovery_factory_batch_runner/stage28a_exact_trades.csv,volatility_transition_v1,vol_trans_follow_h1_low_to_high_h13_tp06_sl065,1.6822000000001025,0.6322000000001027,-0.067799999999897,1,0,1,0,0.6322000000001027,32.190000000000055,24.539999999999964,0.3793806030970014,14.139999999999873,0.6605374823196768,3.4099999999998545,7.270000000000027,0.768,1.0,,,13,4,8.0,2024
2024-08-05 13:00:00+00:00|-1.0|vol_trans_follow_h1_low_to_high_h13_tp06_sl065,2024-08-05 13:00:00+00:00,STAGE28A,data/reports/stage28a_discovery_factory_batch_runner/stage28a_exact_trades.csv,volatility_transition_v1,vol_trans_follow_h1_low_to_high_h13_tp06_sl065,3.692199999999866,2.642199999999866,1.9421999999998665,1,1,1,0,2.642199999999866,9.230000000000018,38.48999999999978,0.24941543257990176,39.67000000000007,0.6765817998487547,9.550000000000182,13.082000000000061,0.968,-1.0,,,13,0,8.0,2024
2024-08-06 13:00:00+00:00|1.0|vol_trans_follow_h1_low_to_high_h13_tp06_sl065,2024-08-06 13:00:00+00:00,STAGE28A,data/reports/stage28a_discovery_factory_batch_runner/stage28a_exact_trades.csv,volatility_transition_v1,vol_trans_follow_h1_low_to_high_h13_tp06_sl065,-3.5259000000001834,-4.575900000000184,-5.275900000000183,0,0,0,1,4.575900000000184,94.65999999999985,13.960000000000036,0.005014326647576184,20.720000000000255,0.20945945945944197,5.320000000000164,8.264500000000089,0.744,1.0,,,13,1,8.0,2024
2024-08-07 13:00:00+00:00|1.0|vol_trans_follow_h1_low_to_high_h13_tp06_sl065,2024-08-07 13:00:00+00:00,STAGE28A,data/reports/stage28a_discovery_factory_batch_runner/stage28a_exact_trades.csv,volatility_transition_v1,vol_trans_follow_h1_low_to_high_h13_tp06_sl065,-2.3321750000000976,-3.3821750000000974,-4.082175000000097,0,0,0,1,3.3821750000000974,36.63000000000011,11.710000000000036,0.22715627668657953,11.829999999999927,0.7007607776838558,3.930000000000291,6.822499999999991,0.396,1.0,,,13,2,8.0,2024
2024-08-08 13:00:00+00:00|1.0|vol_trans_follow_h1_low_to_high_h13_tp06_sl065,2024-08-08 13:00:00+00:00,STAGE28A,data/reports/stage28a_discovery_factory_batch_runner/stage28a_exact_trades.csv,volatility_transition_v1,vol_trans_follow_h1_low_to_high_h13_tp06_sl065,1.679500000000098,0.6295000000000983,-0.0704999999999014,1,0,1,0,0.6295000000000983,28.01000000000022,14.150000000000091,0.7519434628975127,15.019999999999982,0.1291611185086589,5.150000000000091,5.698000000000024,0.1,1.0,,,13,3,8.0,2024
2024-08-09 13:00:00+00:00|-1.0|vol_trans_follow_h1_low_to_high_h13_tp06_sl065,2024-08-09 13:00:00+00:00,STAGE28A,data/reports/stage28a_discovery_factory_batch_runner/stage28a_exact_trades.csv,volatility_transition_v1,vol_trans_follow_h1_low_to_high_h13_tp06_sl065,-2.058525000000009,-3.1085250000000086,-3.808525000000008,0,0,0,1,3.1085250000000086,47.190000000000055,9.679999999999836,0.4845041322314188,10.159999999999854,0.24606299212598778,2.9600000000000364,5.6220000000000026,0.092,-1.0,,,13,4,8.0,2024
2024-08-12 13:00:00+00:00|1.0|vol_trans_follow_h1_low_to_high_h13_tp06_sl065,2024-08-12 13:00:00+00:00,STAGE28A,data/reports/stage28a_discovery_factory_batch_runner/stage28a_exact_trades.csv,volatility_transition_v1,vol_trans_follow_h1_low_to_high_h13_tp06_sl065,1.1739999999998871,0.1239999999998873,-0.5760000000001124,1,0,0,0,0.1239999999998873,6.519999999999982,9.389999999999873,0.19914802981894741,16.960000000000036,0.8384433962264283,4.480000000000018,4.683000000000016,0.028,1.0,,,13,0,8.0,2024
2024-08-13 13:00:00+00:00|1.0|vol_trans_follow_h1_low_to_high_h13_tp06_sl065,2024-08-13 13:00:00+00:00,STAGE28A,data/reports/stage28a_discovery_factory_batch_runner/stage28a_exact_trades.csv,volatility_transition_v1,vol_trans_follow_h1_low_to_high_h13_tp06_sl065,1.19950000000008,0.1495000000000801,-0.5504999999999196,1,0,0,0,0.1495000000000801,50.149999999999636,16.190000000000055,0.6331068560840003,7.660000000000309,0.3694516971279129,3.150000000000091,5.561000000000059,0.14,1.0,,,13,1,8.0,2024
2024-08-14 13:00:00+00:00|-1.0|vol_trans_follow_h1_low_to_high_h13_tp06_sl065,2024-08-14 13:00:00+00:00,STAGE28A,data/reports/stage28a_discovery_factory_batch_runner/stage28a_exact_trades.csv,volatility_transition_v1,vol_trans_follow_h1_low_to_high_h13_tp06_sl065,1.3234000000001287,0.2734000000001289,-0.4265999999998708,1,0,1,0,0.2734000000001289,18.51000000000022,17.210000000000036,0.2719349215572505,19.289999999999964,0.6174183514774431,4.269999999999982,5.153500000000031,0.036,-1.0,,,13,2,8.0,2024
2024-08-15 13:00:00+00:00|1.0|vol_trans_follow_h1_low_to_high_h13_tp06_sl065,2024-08-15 13:00:00+00:00,STAGE28A,data/reports/stage28a_discovery_factory_batch_runner/stage28a_exact_trades.csv,volatility_transition_v1,vol_trans_follow_h1_low_to_high_h13_tp06_sl065,-1.8082749999999577,-2.8582749999999577,-3.558274999999957,0,0,0,0,2.8582749999999577,41.86000000000013,7.900000000000091,0.7367088607595059,8.480000000000018,0.36320754716980197,1.8999999999996362,4.555499999999961,0.016,1.0,,,13,3,8.0,2024
2024-08-16 13:00:00+00:00|1.0|vol_trans_follow_h1_low_to_high_h13_tp06_sl065,2024-08-16 13:00:00+00:00,STAGE28A,data/reports/stage28a_discovery_factory_batch_runner/stage28a_exact_trades.csv,volatility_transition_v1,vol_trans_follow_h1_low_to_high_h13_tp06_sl065,-2.045525000000089,-3.0955250000000887,-3.795525000000088,0,0,0,1,3.0955250000000887,37.90000000000009,9.2199999999998,0.26030368763559036,13.390000000000327,0.8110530246452473,3.0700000000001637,4.9780000000000655,0.04,1.0,,,13,4,8.0,2024
2024-08-19 13:00:00+00:00|-1.0|vol_trans_follow_h1_low_to_high_h13_tp06_sl065,2024-08-19 13:00:00+00:00,STAGE28A,data/reports/stage28a_discovery_factory_batch_runner/stage28a_exact_trades.csv,volatility_transition_v1,vol_trans_follow_h1_low_to_high_h13_tp06_sl065,-2.133600000000206,-3.183600000000206,-3.8836000000002056,0,0,0,1,3.183600000000206,7.760000000000218,14.5,0.1165517241379348,8.319999999999709,0.3978365384615458,4.130000000000109,5.984000000000037,0.312,-1.0,,,13,0,8.0,2024
2024-08-20 13:00:00+00:00|1.0|vol_trans_follow_h1_low_to_high_h13_tp06_sl065,2024-08-20 13:00:00+00:00,STAGE28A,data/reports/stage28a_discovery_factory_batch_runner/stage28a_exact_trades.csv,volatility_transition_v1,vol_trans_follow_h1_low_to_high_h13_tp06_sl065,2.006499999999869,0.9564999999998692,0.2564999999998694,1,1,1,0,0.9564999999998692,23.800000000000182,9.5,0.2642105263157646,27.909999999999854,0.7115729129344404,5.519999999999982,5.144999999999982,0.08,1.0,,,13,1,8.0,2024
2024-08-21 13:00:00+00:00|-1.0|vol_trans_follow_h1_low_to_high_h13_tp06_sl065,2024-08-21 13:00:00+00:00,STAGE28A,data/reports/stage28a_discovery_factory_batch_runner/stage28a_exact_trades.csv,volatility_transition_v1,vol_trans_follow_h1_low_to_high_h13_tp06_sl065,-2.37539999999999,-3.4253999999999905,-4.12539999999999,0,0,0,1,3.4253999999999905,34.36999999999989,9.070000000000164,0.2987872105843426,15.009999999999764,0.7854763491006096,4.589999999999691,6.100000000000068,0.44,-1.0,,,13,2,8.0,2024
2024-08-22 13:00:00+00:00|1.0|vol_trans_follow_h1_low_to_high_h13_tp06_sl065,2024-08-22 13:00:00+00:00,STAGE28A,data/reports/stage28a_discovery_factory_batch_runner/stage28a_exact_trades.csv,volatility_transition_v1,vol_trans_follow_h1_low_to_high_h13_tp06_sl065,1.5775000000002364,0.5275000000002366,-0.1724999999997631,1,0,1,0,0.5275000000002366,26.590000000000146,14.809999999999945,0.7758271438217609,11.340000000000146,0.4276895943562876,6.849999999999909,5.757500000000005,0.328,1.0,,,13,3,8.0,2024
2024-08-23 13:00:00+00:00|1.0|vol_trans_follow_h1_low_to_high_h13_tp06_sl065,2024-08-23 13:00:00+00:00,STAGE28A,data/reports/stage28a_discovery_factory_batch_runner/stage28a_exact_trades.csv,volatility_transition_v1,vol_trans_follow_h1_low_to_high_h13_tp06_sl065,-1.920075000000088,-2.970075000000088,-3.670075000000088,0,0,0,0,2.970075000000088,44.07999999999993,10.150000000000091,0.8068965517241361,11.450000000000273,0.5152838427947157,4.910000000000309,4.900999999999999,0.06,1.0,,,13,4,8.0,2024
2024-08-26 13:00:00+00:00|1.0|vol_trans_follow_h1_low_to_high_h13_tp06_sl065,2024-08-26 13:00:00+00:00,STAGE28A,data/reports/stage28a_discovery_factory_batch_runner/stage28a_exact_trades.csv,volatility_transition_v1,vol_trans_follow_h1_low_to_high_h13_tp06_sl065,1.0858000000001993,0.0358000000001994,-0.6641999999998003,1,0,0,0,0.0358000000001994,3.9699999999998,7.550000000000182,0.3894039735099316,17.070000000000164,0.8904510837727081,2.1900000000000546,4.500499999999988,0.04,1.0,,,13,0,8.0,2024
2024-08-27 13:00:00+00:00|-1.0|vol_trans_follow_h1_low_to_high_h13_tp06_sl065,2024-08-27 13:00:00+00:00,STAGE28A,data/reports/stage28a_discovery_factory_batch_runner/stage28a_exact_trades.csv,volatility_transition_v1,vol_trans_follow_h1_low_to_high_h13_tp06_sl065,-2.5223000000001776,-3.572300000000177,-4.272300000000177,0,0,0,1,3.572300000000177,18.050000000000182,11.989999999999782,0.6905754795662966,13.979999999999563,0.006437768240353958,5.670000000000073,5.167499999999973,0.196,-1.0,,,13,1,8.0,2024
2024-08-28 13:00:00+00:00|1.0|vol_trans_follow_h1_low_to_high_h13_tp06_sl065,2024-08-28 13:00:00+00:00,STAGE28A,data/reports/stage28a_discovery_factory_batch_runner/stage28a_exact_trades.csv,volatility_transition_v1,vol_trans_follow_h1_low_to_high_h13_tp06_sl065,1.2247000000001207,0.1747000000001208,-0.5252999999998789,1,0,1,0,0.1747000000001208,22.4399999999996,15.88000000000011,0.6190176322418047,12.849999999999909,0.4513618677042621,3.7100000000000364,5.0939999999999825,0.172,1.0,,,13,2,8.0,2024
2024-08-29 13:00:00+00:00|1.0|vol_trans_follow_h1_low_to_high_h13_tp06_sl065,2024-08-29 13:00:00+00:00,STAGE28A,data/reports/stage28a_discovery_factory_batch_runner/stage28a_exact_trades.csv,volatility_transition_v1,vol_trans_follow_h1_low_to_high_h13_tp06_sl065,-2.314300000000094,-3.3643000000000938,-4.0643000000000935,0,0,0,1,3.3643000000000938,35.45000000000027,12.860000000000127,0.7449455676516199,10.539999999999964,0.5910815939278975,8.480000000000018,4.832999999999993,0.112,1.0,,,13,3,8.0,2024
2024-08-30 13:00:00+00:00|1.0|vol_trans_follow_h1_low_to_high_h13_tp06_sl065,2024-08-30 13:00:00+00:00,STAGE28A,data/reports/stage28a_discovery_factory_batch_runner/stage28a_exact_trades.csv,volatility_transition_v1,vol_trans_follow_h1_low_to_high_h13_tp06_sl065,1.5259000000000014,0.4759000000000015,-0.2240999999999982,1,0,1,0,0.4759000000000015,25.059999999999945,9.490000000000236,0.7766069546891157,14.860000000000127,0.7301480484522084,4.180000000000291,4.791500000000019,0.088,1.0,,,13,4,8.0,2024
2024-09-02 13:00:00+00:00|-1.0|vol_trans_follow_h1_low_to_high_h13_tp06_sl065,2024-09-02 13:00:00+00:00,STAGE28A,data/reports/stage28a_discovery_factory_batch_runner/stage28a_exact_trades.csv,volatility_transition_v1,vol_trans_follow_h1_low_to_high_h13_tp06_sl065,1.5183999999998377,0.4683999999998378,-0.2316000000001619,1,0,1,0,0.4683999999998378,3.4899999999997817,14.970000000000255,0.4736138944555795,12.0,0.2233333333333197,8.429999999999836,5.336000000000013,0.324,-1.0,,,13,0,9.0,2024
2024-09-04 13:00:00+00:00|1.0|vol_trans_follow_h1_low_to_high_h13_tp06_sl065,2024-09-04 13:00:00+00:00,STAGE28A,data/reports/stage28a_discovery_factory_batch_runner/stage28a_exact_trades.csv,volatility_transition_v1,vol_trans_follow_h1_low_to_high_h13_tp06_sl065,1.741899999999896,0.691899999999896,-0.0081000000001036,1,0,1,0,0.691899999999896,32.80000000000018,5.679999999999836,0.32922535211266635,24.890000000000327,0.5355564483728488,11.41000000000031,5.5715000000000146,0.468,1.0,,,13,2,9.0,2024
2024-09-05 13:00:00+00:00|1.0|vol_trans_follow_h1_low_to_high_h13_tp06_sl065,2024-09-05 13:00:00+00:00,STAGE28A,data/reports/stage28a_discovery_factory_batch_runner/stage28a_exact_trades.csv,volatility_transition_v1,vol_trans_follow_h1_low_to_high_h13_tp06_sl065,-2.327300000000014,-3.3773000000000137,-4.0773000000000135,0,0,0,1,3.3773000000000137,28.620000000000346,4.880000000000109,0.08811475409832514,23.409999999999854,0.8821016659547296,2.519999999999982,4.613000000000056,0.132,1.0,,,13,3,9.0,2024
2024-09-09 13:00:00+00:00|1.0|vol_trans_follow_h1_low_to_high_h13_tp06_sl065,2024-09-09 13:00:00+00:00,STAGE28A,data/reports/stage28a_discovery_factory_batch_runner/stage28a_exact_trades.csv,volatility_transition_v1,vol_trans_follow_h1_low_to_high_h13_tp06_sl065,1.7368000000000392,0.6868000000000394,-0.0131999999999603,1,0,1,0,0.6868000000000394,2.3200000000001637,5.6599999999998545,0.2473498233215772,13.860000000000127,0.20923520923521388,5.550000000000182,6.155499999999961,0.812,1.0,,,13,0,9.0,2024
2024-09-11 13:00:00+00:00|-1.0|vol_trans_follow_h1_low_to_high_h13_tp06_sl065,2024-09-11 13:00:00+00:00,STAGE28A,data/reports/stage28a_discovery_factory_batch_runner/stage28a_exact_trades.csv,volatility_transition_v1,vol_trans_follow_h1_low_to_high_h13_tp06_sl065,-2.1849499999999358,-3.234949999999935,-3.934949999999935,0,0,0,1,3.234949999999935,18.289999999999964,7.5300000000002,0.3917662682602576,10.460000000000036,0.35946462715107125,2.6599999999998545,4.4,0.152,-1.0,,,13,2,9.0,2024
2024-09-13 13:00:00+00:00|-1.0|vol_trans_follow_h1_low_to_high_h13_tp06_sl065,2024-09-13 13:00:00+00:00,STAGE28A,data/reports/stage28a_discovery_factory_batch_runner/stage28a_exact_trades.csv,volatility_transition_v1,vol_trans_follow_h1_low_to_high_h13_tp06_sl065,-2.4784249999998798,-3.528424999999879,-4.228424999999879,0,0,0,1,3.528424999999879,49.059999999999945,13.38000000000011,0.7825112107623104,9.980000000000018,0.0621242484970285,6.0,5.459000000000015,0.54,-1.0,,,13,4,9.0,2024
2024-09-16 13:00:00+00:00|-1.0|vol_trans_follow_h1_low_to_high_h13_tp06_sl065,2024-09-16 13:00:00+00:00,STAGE28A,data/reports/stage28a_discovery_factory_batch_runner/stage28a_exact_trades.csv,volatility_transition_v1,vol_trans_follow_h1_low_to_high_h13_tp06_sl065,-2.085175000000254,-3.135175000000254,-3.8351750000002536,0,0,0,1,3.135175000000254,2.8299999999999272,11.409999999999854,0.550394390885213,10.070000000000164,0.08142999006948318,4.040000000000418,4.147499999999991,0.128,-1.0,,,13,0,9.0,2024
2024-09-17 13:00:00+00:00|-1.0|vol_trans_follow_h1_low_to_high_h13_tp06_sl065,2024-09-17 13:00:00+00:00,STAGE28A,data/reports/stage28a_discovery_factory_batch_runner/stage28a_exact_trades.csv,volatility_transition_v1,vol_trans_follow_h1_low_to_high_h13_tp06_sl065,-2.247350000000188,-3.297350000000188,-3.9973500000001874,0,0,0,1,3.297350000000188,14.300000000000182,9.539999999999964,0.6006289308176143,15.289999999999964,0.23806409417919433,8.460000000000036,4.588000000000102,0.228,-1.0,,,13,1,9.0,2024
2024-09-18 13:00:00+00:00|1.0|vol_trans_follow_h1_low_to_high_h13_tp06_sl065,2024-09-18 13:00:00+00:00,STAGE28A,data/reports/stage28a_discovery_factory_batch_runner/stage28a_exact_trades.csv,volatility_transition_v1,vol_trans_follow_h1_low_to_high_h13_tp06_sl065,0.8742999999998574,-0.1757000000001425,-0.8757000000001423,0,0,0,0,0.1757000000001425,26.2199999999998,8.230000000000018,0.6342648845686255,10.759999999999764,0.369888475836441,3.9899999999997817,5.132999999999948,0.488,1.0,,,13,2,9.0,2024
2024-09-19 13:00:00+00:00|1.0|vol_trans_follow_h1_low_to_high_h13_tp06_sl065,2024-09-19 13:00:00+00:00,STAGE28A,data/reports/stage28a_discovery_factory_batch_runner/stage28a_exact_trades.csv,volatility_transition_v1,vol_trans_follow_h1_low_to_high_h13_tp06_sl065,-2.615574999999899,-3.6655749999998983,-4.3655749999998985,0,0,0,1,3.6655749999998983,53.19999999999982,15.420000000000073,0.30998702983136983,35.34999999999991,0.7932107496463943,10.940000000000055,9.204999999999995,1.0,1.0,,,13,3,9.0,2024
2024-09-20 13:00:00+00:00|-1.0|vol_trans_follow_h1_low_to_high_h13_tp06_sl065,2024-09-20 13:00:00+00:00,STAGE28A,data/reports/stage28a_discovery_factory_batch_runner/stage28a_exact_trades.csv,volatility_transition_v1,vol_trans_follow_h1_low_to_high_h13_tp06_sl065,1.501599999999962,0.4515999999999622,-0.2484000000000374,1,0,1,0,0.4515999999999622,43.789999999999964,8.75,0.41142857142856104,21.419999999999618,0.6984126984127126,8.039999999999964,5.049000000000047,0.416,-1.0,,,13,4,9.0,2024
2024-09-23 13:00:00+00:00|1.0|vol_trans_follow_h1_low_to_high_h13_tp06_sl065,2024-09-23 13:00:00+00:00,STAGE28A,data/reports/stage28a_discovery_factory_batch_runner/stage28a_exact_trades.csv,volatility_transition_v1,vol_trans_follow_h1_low_to_high_h13_tp06_sl065,-2.2769250000002104,-3.32692500000021,-4.02692500000021,0,0,0,1,3.32692500000021,3.6200000000003456,14.989999999999782,0.5376917945297209,17.51000000000022,0.39634494574528656,6.6599999999998545,5.1084999999999585,0.396,1.0,,,13,0,9.0,2024
2024-09-24 13:00:00+00:00|1.0|vol_trans_follow_h1_low_to_high_h13_tp06_sl065,2024-09-24 13:00:00+00:00,STAGE28A,data/reports/stage28a_discovery_factory_batch_runner/stage28a_exact_trades.csv,volatility_transition_v1,vol_trans_follow_h1_low_to_high_h13_tp06_sl065,1.6923999999998158,0.642399999999816,-0.0576000000001837,1,0,1,0,0.642399999999816,21.01000000000022,12.349999999999909,0.5344129554655837,17.549999999999727,0.1908831908832146,3.75,4.588500000000022,0.172,1.0,,,13,1,9.0,2024
2024-09-25 13:00:00+00:00|1.0|vol_trans_follow_h1_low_to_high_h13_tp06_sl065,2024-09-25 13:00:00+00:00,STAGE28A,data/reports/stage28a_discovery_factory_batch_runner/stage28a_exact_trades.csv,volatility_transition_v1,vol_trans_follow_h1_low_to_high_h13_tp06_sl065,1.4751999999997678,0.425199999999768,-0.2748000000002317,1,0,1,0,0.425199999999768,41.76999999999998,15.13000000000011,0.15333773959019778,10.159999999999854,0.4498031496063218,4.919999999999618,6.537499999999954,0.724,1.0,,,13,2,9.0,2024
2024-09-26 13:00:00+00:00|-1.0|vol_trans_follow_h1_low_to_high_h13_tp06_sl065,2024-09-26 13:00:00+00:00,STAGE28A,data/reports/stage28a_discovery_factory_batch_runner/stage28a_exact_trades.csv,volatility_transition_v1,vol_trans_follow_h1_low_to_high_h13_tp06_sl065,1.2025000000002364,0.1525000000002365,-0.5474999999997632,1,0,1,0,0.1525000000002365,20.829999999999927,7.170000000000073,0.6094839609484382,12.570000000000164,0.49721559268098,2.869999999999891,5.068999999999915,0.308,-1.0,,,13,3,9.0,2024
2024-09-27 13:00:00+00:00|1.0|vol_trans_follow_h1_low_to_high_h13_tp06_sl065,2024-09-27 13:00:00+00:00,STAGE28A,data/reports/stage28a_discovery_factory_batch_runner/stage28a_exact_trades.csv,volatility_transition_v1,vol_trans_follow_h1_low_to_high_h13_tp06_sl065,1.5399999999998726,0.4899999999998727,-0.2100000000001269,1,0,1,0,0.4899999999998727,30.809999999999945,7.579999999999927,0.14775725593666247,15.519999999999982,0.6359536082474457,6.569999999999709,5.522500000000036,0.448,1.0,,,13,4,9.0,2024
2024-09-30 13:00:00+00:00|-1.0|vol_trans_follow_h1_low_to_high_h13_tp06_sl065,2024-09-30 13:00:00+00:00,STAGE28A,data/reports/stage28a_discovery_factory_batch_runner/stage28a_exact_trades.csv,volatility_transition_v1,vol_trans_follow_h1_low_to_high_h13_tp06_sl065,1.5105999999999766,0.4605999999999768,-0.2394000000000229,1,0,1,0,0.4605999999999768,6.25,18.659999999999854,0.487674169346194,12.220000000000255,0.3199672667757588,5.289999999999964,6.7634999999999765,0.7,-1.0,,,13,0,9.0,2024
2024-10-01 13:00:00+00:00|1.0|vol_trans_follow_h1_low_to_high_h13_tp06_sl065,2024-10-01 13:00:00+00:00,STAGE28A,data/reports/stage28a_discovery_factory_batch_runner/stage28a_exact_trades.csv,volatility_transition_v1,vol_trans_follow_h1_low_to_high_h13_tp06_sl065,0.991899999999896,-0.0581000000001039,-0.7581000000001037,0,0,0,0,0.0581000000001039,41.48000000000002,7.730000000000018,0.3842173350582468,11.840000000000146,0.9045608108108028,3.9400000000000546,4.787000000000035,0.108,1.0,,,13,1,10.0,2024
2024-10-02 13:00:00+00:00|1.0|vol_trans_follow_h1_low_to_high_h13_tp06_sl065,2024-10-02 13:00:00+00:00,STAGE28A,data/reports/stage28a_discovery_factory_batch_runner/stage28a_exact_trades.csv,volatility_transition_v1,vol_trans_follow_h1_low_to_high_h13_tp06_sl065,-2.480700000000161,-3.5307000000001607,-4.23070000000016,0,0,0,1,3.5307000000001607,41.01000000000022,7.730000000000018,0.862871927554988,12.019999999999982,0.20632279534109998,3.8900000000003274,6.3150000000000315,0.464,1.0,,,13,2,10.0,2024
2024-10-03 13:00:00+00:00|-1.0|vol_trans_follow_h1_low_to_high_h13_tp06_sl065,2024-10-03 13:00:00+00:00,STAGE28A,data/reports/stage28a_discovery_factory_batch_runner/stage28a_exact_trades.csv,volatility_transition_v1,vol_trans_follow_h1_low_to_high_h13_tp06_sl065,-2.399125000000004,-3.4491250000000035,-4.149125000000003,0,0,0,1,3.4491250000000035,22.240000000000236,9.679999999999836,0.3615702479338904,16.659999999999854,0.6818727490996535,6.559999999999945,5.445500000000015,0.26,-1.0,,,13,3,10.0,2024
2024-10-04 13:00:00+00:00|-1.0|vol_trans_follow_h1_low_to_high_h13_tp06_sl065,2024-10-04 13:00:00+00:00,STAGE28A,data/reports/stage28a_discovery_factory_batch_runner/stage28a_exact_trades.csv,volatility_transition_v1,vol_trans_follow_h1_low_to_high_h13_tp06_sl065,0.9648999999998524,-0.0851000000001476,-0.7851000000001473,0,0,0,0,0.0851000000001476,25.61999999999989,9.210000000000036,0.5570032573289999,11.019999999999982,0.33212341197820877,3.3200000000001637,4.973000000000002,0.116,-1.0,,,13,4,10.0,2024
2024-10-07 13:00:00+00:00|1.0|vol_trans_follow_h1_low_to_high_h13_tp06_sl065,2024-10-07 13:00:00+00:00,STAGE28A,data/reports/stage28a_discovery_factory_batch_runner/stage28a_exact_trades.csv,volatility_transition_v1,vol_trans_follow_h1_low_to_high_h13_tp06_sl065,-2.2450749999999062,-3.295074999999906,-3.995074999999906,0,0,0,1,3.295074999999906,2.680000000000291,8.609999999999673,0.3832752613240775,17.8100000000004,0.5081414935429522,6.620000000000346,6.27000000000005,0.484,1.0,,,13,0,10.0,2024
2024-10-08 13:00:00+00:00|1.0|vol_trans_follow_h1_low_to_high_h13_tp06_sl065,2024-10-08 13:00:00+00:00,STAGE28A,data/reports/stage28a_discovery_factory_batch_runner/stage28a_exact_trades.csv,volatility_transition_v1,vol_trans_follow_h1_low_to_high_h13_tp06_sl065,1.8544000000000775,0.8044000000000779,0.1044000000000782,1,1,1,0,0.8044000000000779,22.019999999999982,15.289999999999964,0.07586657946369244,17.820000000000164,0.08810325476992982,6.2400000000002365,6.793499999999926,0.616,1.0,,,13,1,10.0,2024
2024-10-09 13:00:00+00:00|1.0|vol_trans_follow_h1_low_to_high_h13_tp06_sl065,2024-10-09 13:00:00+00:00,STAGE28A,data/reports/stage28a_discovery_factory_batch_runner/stage28a_exact_trades.csv,volatility_transition_v1,vol_trans_follow_h1_low_to_high_h13_tp06_sl065,1.530999999999858,0.4809999999998582,-0.2190000000001415,1,0,1,0,0.4809999999998582,48.34999999999991,9.390000000000327,0.5175718849840211,15.210000000000036,0.05588428665351131,3.8700000000003456,6.842500000000041,0.584,1.0,,,13,2,10.0,2024
2024-10-10 13:00:00+00:00|1.0|vol_trans_follow_h1_low_to_high_h13_tp06_sl065,2024-10-10 13:00:00+00:00,STAGE28A,data/reports/stage28a_discovery_factory_batch_runner/stage28a_exact_trades.csv,volatility_transition_v1,vol_trans_follow_h1_low_to_high_h13_tp06_sl065,1.096300000000065,0.0463000000000648,-0.6536999999999349,1,0,0,0,0.0463000000000648,19.230000000000018,10.960000000000036,0.2636861313868903,8.2199999999998,0.6630170316301643,4.079999999999927,4.6664999999999734,0.028,1.0,,,13,3,10.0,2024
2024-10-11 13:00:00+00:00|-1.0|vol_trans_follow_h1_low_to_high_h13_tp06_sl065,2024-10-11 13:00:00+00:00,STAGE28A,data/reports/stage28a_discovery_factory_batch_runner/stage28a_exact_trades.csv,volatility_transition_v1,vol_trans_follow_h1_low_to_high_h13_tp06_sl065,-2.0724999999998546,-3.1224999999998544,-3.822499999999854,0,0,0,1,3.1224999999998544,25.800000000000182,17.980000000000018,0.9566184649610567,10.989999999999782,0.6960873521383296,5.529999999999745,6.082500000000005,0.34,-1.0,,,13,4,10.0,2024
2024-10-14 13:00:00+00:00|-1.0|vol_trans_follow_h1_low_to_high_h13_tp06_sl065,2024-10-14 13:00:00+00:00,STAGE28A,data/reports/stage28a_discovery_factory_batch_runner/stage28a_exact_trades.csv,volatility_transition_v1,vol_trans_follow_h1_low_to_high_h13_tp06_sl065,1.4304999999998471,0.3804999999998473,-0.3195000000001524,1,0,1,0,0.3804999999998473,11.429999999999836,14.259999999999764,0.3709677419354875,11.480000000000018,0.24912891986063787,6.179999999999836,5.545499999999924,0.176,-1.0,,,13,0,10.0,2024
2024-10-15 13:00:00+00:00|-1.0|vol_trans_follow_h1_low_to_high_h13_tp06_sl065,2024-10-15 13:00:00+00:00,STAGE28A,data/reports/stage28a_discovery_factory_batch_runner/stage28a_exact_trades.csv,volatility_transition_v1,vol_trans_follow_h1_low_to_high_h13_tp06_sl065,1.4419000000001687,0.3919000000001689,-0.3080999999998308,1,0,1,0,0.3919000000001689,23.659999999999854,8.349999999999909,0.5185628742514939,17.829999999999927,0.448121144139081,4.460000000000036,4.957000000000017,0.056,-1.0,,,13,1,10.0,2024
2024-10-16 13:00:00+00:00|1.0|vol_trans_follow_h1_low_to_high_h13_tp06_sl065,2024-10-16 13:00:00+00:00,STAGE28A,data/reports/stage28a_discovery_factory_batch_runner/stage28a_exact_trades.csv,volatility_transition_v1,vol_trans_follow_h1_low_to_high_h13_tp06_sl065,1.4154999999999744,0.3654999999999746,-0.3345000000000251,1,0,1,0,0.3654999999999746,31.110000000000127,11.359999999999673,0.4383802816901551,17.08999999999969,0.7577530719719431,4.679999999999836,5.308499999999981,0.12,1.0,,,13,2,10.0,2024
2024-10-17 13:00:00+00:00|-1.0|vol_trans_follow_h1_low_to_high_h13_tp06_sl065,2024-10-17 13:00:00+00:00,STAGE28A,data/reports/stage28a_discovery_factory_batch_runner/stage28a_exact_trades.csv,volatility_transition_v1,vol_trans_follow_h1_low_to_high_h13_tp06_sl065,1.4670999999997547,0.4170999999997549,-0.2829000000002448,1,0,1,0,0.4170999999997549,26.559999999999945,11.63000000000011,0.2579535683576932,9.230000000000018,0.2979414951245931,5.200000000000273,4.719999999999937,0.032,-1.0,,,13,3,10.0,2024
2024-10-18 13:00:00+00:00|1.0|vol_trans_follow_h1_low_to_high_h13_tp06_sl065,2024-10-18 13:00:00+00:00,STAGE28A,data/reports/stage28a_discovery_factory_batch_runner/stage28a_exact_trades.csv,volatility_transition_v1,vol_trans_follow_h1_low_to_high_h13_tp06_sl065,-2.37539999999999,-3.4253999999999905,-4.12539999999999,0,0,0,1,3.4253999999999905,23.579999999999927,20.360000000000127,0.849214145383097,12.329999999999927,0.11678832116788833,7.010000000000218,5.587500000000046,0.272,1.0,,,13,4,10.0,2024
2024-10-21 13:00:00+00:00|1.0|vol_trans_follow_h1_low_to_high_h13_tp06_sl065,2024-10-21 13:00:00+00:00,STAGE28A,data/reports/stage28a_discovery_factory_batch_runner/stage28a_exact_trades.csv,volatility_transition_v1,vol_trans_follow_h1_low_to_high_h13_tp06_sl065,1.3311999999999895,0.2811999999999899,-0.4188000000000098,1,0,1,0,0.2811999999999899,4.5300000000002,13.570000000000164,0.585851142225477,13.420000000000073,0.21833084947837708,6.160000000000309,4.8650000000001,0.048,1.0,,,13,0,10.0,2024
2024-10-22 13:00:00+00:00|-1.0|vol_trans_follow_h1_low_to_high_h13_tp06_sl065,2024-10-22 13:00:00+00:00,STAGE28A,data/reports/stage28a_discovery_factory_batch_runner/stage28a_exact_trades.csv,volatility_transition_v1,vol_trans_follow_h1_low_to_high_h13_tp06_sl065,1.3014999999999417,0.2514999999999419,-0.4485000000000578,1,0,1,0,0.2514999999999419,26.529999999999745,14.860000000000127,0.6917900403768581,9.539999999999964,0.06918238993709193,6.309999999999945,5.823499999999967,0.416,-1.0,,,13,1,10.0,2024
2024-10-23 13:00:00+00:00|-1.0|vol_trans_follow_h1_low_to_high_h13_tp06_sl065,2024-10-23 13:00:00+00:00,STAGE28A,data/reports/stage28a_discovery_factory_batch_runner/stage28a_exact_trades.csv,volatility_transition_v1,vol_trans_follow_h1_low_to_high_h13_tp06_sl065,-1.94152499999982,-2.9915249999998195,-3.691524999999819,0,0,0,0,2.9915249999998195,30.76000000000022,10.180000000000291,0.1237721021611181,13.070000000000164,0.3458301453710731,7.739999999999782,5.100499999999988,0.1,-1.0,,,13,2,10.0,2024
2024-10-24 13:00:00+00:00|-1.0|vol_trans_follow_h1_low_to_high_h13_tp06_sl065,2024-10-24 13:00:00+00:00,STAGE28A,data/reports/stage28a_discovery_factory_batch_runner/stage28a_exact_trades.csv,volatility_transition_v1,vol_trans_follow_h1_low_to_high_h13_tp06_sl065,-1.9795500000001085,-3.0295500000001083,-3.729550000000108,0,0,0,0,3.0295500000001083,49.92000000000007,12.279999999999745,0.39576547231272213,16.420000000000073,0.8361753958587063,3.230000000000018,5.922000000000049,0.54,-1.0,,,13,3,10.0,2024
2024-10-25 13:00:00+00:00|1.0|vol_trans_follow_h1_low_to_high_h13_tp06_sl065,2024-10-25 13:00:00+00:00,STAGE28A,data/reports/stage28a_discovery_factory_batch_runner/stage28a_exact_trades.csv,volatility_transition_v1,vol_trans_follow_h1_low_to_high_h13_tp06_sl065,1.367200000000048,0.3172000000000481,-0.3827999999999516,1,0,1,0,0.3172000000000481,29.029999999999745,11.730000000000018,0.7357203751065725,15.730000000000018,0.3146853146853317,4.320000000000164,5.034999999999991,0.096,1.0,,,13,4,10.0,2024
2024-10-28 13:00:00+00:00|1.0|vol_trans_follow_h1_low_to_high_h13_tp06_sl065,2024-10-28 13:00:00+00:00,STAGE28A,data/reports/stage28a_discovery_factory_batch_runner/stage28a_exact_trades.csv,volatility_transition_v1,vol_trans_follow_h1_low_to_high_h13_tp06_sl065,1.87629999999981,0.8262999999998102,0.1262999999998104,1,1,1,0,0.8262999999998102,10.010000000000218,15.480000000000018,0.062015503875941895,16.909999999999854,0.06386753400357134,5.449999999999818,5.938000000000057,0.604,1.0,,,13,0,10.0,2024
2024-10-29 13:00:00+00:00|-1.0|vol_trans_follow_h1_low_to_high_h13_tp06_sl065,2024-10-29 13:00:00+00:00,STAGE28A,data/reports/stage28a_discovery_factory_batch_runner/stage28a_exact_trades.csv,volatility_transition_v1,vol_trans_follow_h1_low_to_high_h13_tp06_sl065,1.278400000000056,0.2284000000000561,-0.4715999999999436,1,0,1,0,0.2284000000000561,21.190000000000055,18.070000000000164,0.8096292197011609,10.590000000000146,0.47969782813974104,5.789999999999964,4.903000000000043,0.092,-1.0,,,13,1,10.0,2024
2024-10-30 13:00:00+00:00|-1.0|vol_trans_follow_h1_low_to_high_h13_tp06_sl065,2024-10-30 13:00:00+00:00,STAGE28A,data/reports/stage28a_discovery_factory_batch_runner/stage28a_exact_trades.csv,volatility_transition_v1,vol_trans_follow_h1_low_to_high_h13_tp06_sl065,-2.067299999999796,-3.1172999999997955,-3.817299999999795,0,0,0,1,3.1172999999997955,35.41000000000031,9.389999999999873,0.7518636847710374,11.7800000000002,0.0008488964346534898,6.300000000000182,5.081999999999994,0.16,-1.0,,,13,2,10.0,2024
2024-10-31 13:00:00+00:00|1.0|vol_trans_follow_h1_low_to_high_h13_tp06_sl065,2024-10-31 13:00:00+00:00,STAGE28A,data/reports/stage28a_discovery_factory_batch_runner/stage28a_exact_trades.csv,volatility_transition_v1,vol_trans_follow_h1_low_to_high_h13_tp06_sl065,1.305999999999949,0.2559999999999491,-0.4440000000000506,1,0,1,0,0.2559999999999491,19.139999999999873,8.029999999999745,0.2889165628891952,13.509999999999764,0.2672094744633409,8.0,4.854499999999962,0.072,1.0,,,13,3,10.0,2024
2024-11-01 13:00:00+00:00|-1.0|vol_trans_follow_h1_low_to_high_h13_tp06_sl065,2024-11-01 13:00:00+00:00,STAGE28A,data/reports/stage28a_discovery_factory_batch_runner/stage28a_exact_trades.csv,volatility_transition_v1,vol_trans_follow_h1_low_to_high_h13_tp06_sl065,-2.408875000000171,-3.458875000000171,-4.158875000000171,0,0,0,1,3.458875000000171,58.65000000000009,9.6899999999996,0.9195046439629182,12.86999999999989,0.20512820512819696,6.980000000000018,5.167999999999983,0.18,-1.0,,,13,4,11.0,2024
2024-11-04 13:00:00+00:00|-1.0|vol_trans_follow_h1_low_to_high_h13_tp06_sl065,2024-11-04 13:00:00+00:00,STAGE28A,data/reports/stage28a_discovery_factory_batch_runner/stage28a_exact_trades.csv,volatility_transition_v1,vol_trans_follow_h1_low_to_high_h13_tp06_sl065,-2.575275000000238,-3.625275000000238,-4.325275000000238,0,0,0,1,3.625275000000238,10.75,12.879999999999654,0.19720496894410183,13.289999999999964,0.15876598946573953,7.809999999999945,6.327499999999986,0.72,-1.0,,,13,0,11.0,2024
2024-11-05 13:00:00+00:00|-1.0|vol_trans_follow_h1_low_to_high_h13_tp06_sl065,2024-11-05 13:00:00+00:00,STAGE28A,data/reports/stage28a_discovery_factory_batch_runner/stage28a_exact_trades.csv,volatility_transition_v1,vol_trans_follow_h1_low_to_high_h13_tp06_sl065,-2.3714999999998327,-3.421499999999833,-4.121499999999832,0,0,0,1,3.421499999999833,18.789999999999964,13.260000000000218,0.12141779788835944,13.2800000000002,0.2567771084337201,4.639999999999873,5.242500000000041,0.188,-1.0,,,13,1,11.0,2024
2024-11-06 13:00:00+00:00|-1.0|vol_trans_follow_h1_low_to_high_h13_tp06_sl065,2024-11-06 13:00:00+00:00,STAGE28A,data/reports/stage28a_discovery_factory_batch_runner/stage28a_exact_trades.csv,volatility_transition_v1,vol_trans_follow_h1_low_to_high_h13_tp06_sl065,4.879600000000119,3.829600000000119,3.129600000000119,1,1,1,0,3.829600000000119,25.340000000000146,18.98999999999978,0.20326487625066728,42.35999999999967,0.5153446647780948,8.429999999999836,11.11949999999988,0.996,-1.0,,,13,2,11.0,2024
2024-11-07 13:00:00+00:00|1.0|vol_trans_follow_h1_low_to_high_h13_tp06_sl065,2024-11-07 13:00:00+00:00,STAGE28A,data/reports/stage28a_discovery_factory_batch_runner/stage28a_exact_trades.csv,volatility_transition_v1,vol_trans_follow_h1_low_to_high_h13_tp06_sl065,1.991199999999844,0.9411999999998444,0.2411999999998446,1,1,1,0,0.9411999999998444,97.4399999999996,20.88000000000011,0.45545977011492883,15.579999999999927,0.7676508344030868,8.550000000000182,8.320500000000038,0.888,1.0,,,13,3,11.0,2024
2024-11-08 13:00:00+00:00|-1.0|vol_trans_follow_h1_low_to_high_h13_tp06_sl065,2024-11-08 13:00:00+00:00,STAGE28A,data/reports/stage28a_discovery_factory_batch_runner/stage28a_exact_trades.csv,volatility_transition_v1,vol_trans_follow_h1_low_to_high_h13_tp06_sl065,-2.860949999999866,-3.910949999999866,-4.610949999999866,0,0,0,1,3.910949999999866,66.90999999999985,17.09999999999991,0.7777777777777659,16.240000000000236,0.3232758620689608,7.2599999999997635,7.055999999999972,0.724,-1.0,,,13,4,11.0,2024
2024-11-11 13:00:00+00:00|-1.0|vol_trans_follow_h1_low_to_high_h13_tp06_sl065,2024-11-11 13:00:00+00:00,STAGE28A,data/reports/stage28a_discovery_factory_batch_runner/stage28a_exact_trades.csv,volatility_transition_v1,vol_trans_follow_h1_low_to_high_h13_tp06_sl065,1.789599999999973,0.7395999999999732,0.0395999999999734,1,1,1,0,0.7395999999999732,4.230000000000018,19.7199999999998,0.6866125760649139,14.38000000000011,0.7183588317107304,14.38000000000011,5.786500000000001,0.248,-1.0,,,13,0,11.0,2024
2024-11-12 13:00:00+00:00|1.0|vol_trans_follow_h1_low_to_high_h13_tp06_sl065,2024-11-12 13:00:00+00:00,STAGE28A,data/reports/stage28a_discovery_factory_batch_runner/stage28a_exact_trades.csv,volatility_transition_v1,vol_trans_follow_h1_low_to_high_h13_tp06_sl065,-3.884700000000157,-4.9347000000001575,-5.634700000000157,0,0,0,1,4.9347000000001575,75.67999999999984,11.579999999999927,0.5397236614853229,28.460000000000036,0.7350667603654267,8.900000000000091,6.995999999999936,0.596,1.0,,,13,1,11.0,2024
2024-11-13 13:00:00+00:00|1.0|vol_trans_follow_h1_low_to_high_h13_tp06_sl065,2024-11-13 13:00:00+00:00,STAGE28A,data/reports/stage28a_discovery_factory_batch_runner/stage28a_exact_trades.csv,volatility_transition_v1,vol_trans_follow_h1_low_to_high_h13_tp06_sl065,1.5066999999998187,0.4566999999998189,-0.2433000000001808,1,0,1,0,0.4566999999998189,37.48000000000002,15.940000000000055,0.4567126725219398,10.599999999999909,0.2584905660377604,3.4400000000000546,5.74200000000003,0.16,1.0,,,13,2,11.0,2024
2024-11-14 13:00:00+00:00|1.0|vol_trans_follow_h1_low_to_high_h13_tp06_sl065,2024-11-14 13:00:00+00:00,STAGE28A,data/reports/stage28a_discovery_factory_batch_runner/stage28a_exact_trades.csv,volatility_transition_v1,vol_trans_follow_h1_low_to_high_h13_tp06_sl065,2.428899999999794,1.3788999999997942,0.6788999999997944,1,1,1,0,1.3788999999997942,48.070000000000164,22.389999999999873,0.25949084412684137,28.460000000000036,0.6398453970484895,8.980000000000018,9.02199999999998,0.884,1.0,,,13,3,11.0,2024
2024-11-15 13:00:00+00:00|1.0|vol_trans_follow_h1_low_to_high_h13_tp06_sl065,2024-11-15 13:00:00+00:00,STAGE28A,data/reports/stage28a_discovery_factory_batch_runner/stage28a_exact_trades.csv,volatility_transition_v1,vol_trans_follow_h1_low_to_high_h13_tp06_sl065,1.6492000000002007,0.5992000000002009,-0.1007999999997988,1,0,1,0,0.5992000000002009,44.54999999999973,8.599999999999909,0.02325581395346747,15.809999999999945,0.039848197343460554,7.339999999999691,6.577499999999918,0.244,1.0,,,13,4,11.0,2024
2024-11-18 13:00:00+00:00|-1.0|vol_trans_follow_h1_low_to_high_h13_tp06_sl065,2024-11-18 13:00:00+00:00,STAGE28A,data/reports/stage28a_discovery_factory_batch_runner/stage28a_exact_trades.csv,volatility_transition_v1,vol_trans_follow_h1_low_to_high_h13_tp06_sl065,-2.6084249999999884,-3.658424999999988,-4.358424999999988,0,0,0,1,3.658424999999988,13.230000000000018,34.88000000000011,0.5997706422018351,16.840000000000146,0.1057007125890576,7.139999999999873,8.087500000000023,0.664,-1.0,,,13,0,11.0,2024
2024-11-19 13:00:00+00:00|1.0|vol_trans_follow_h1_low_to_high_h13_tp06_sl065,2024-11-19 13:00:00+00:00,STAGE28A,data/reports/stage28a_discovery_factory_batch_runner/stage28a_exact_trades.csv,volatility_transition_v1,vol_trans_follow_h1_low_to_high_h13_tp06_sl065,-2.643525000000045,-3.693525000000045,-4.393525000000045,0,0,0,1,3.693525000000045,52.84999999999991,15.36999999999989,0.6649316851008671,18.710000000000036,0.659005879208974,6.579999999999927,5.111500000000047,0.016,1.0,,,13,1,11.0,2024
2024-11-20 13:00:00+00:00|1.0|vol_trans_follow_h1_low_to_high_h13_tp06_sl065,2024-11-20 13:00:00+00:00,STAGE28A,data/reports/stage28a_discovery_factory_batch_runner/stage28a_exact_trades.csv,volatility_transition_v1,vol_trans_follow_h1_low_to_high_h13_tp06_sl065,1.4776000000000749,0.427600000000075,-0.2723999999999247,1,0,1,0,0.427600000000075,29.179999999999836,10.159999999999854,0.14763779527559268,19.740000000000236,0.5916919959472997,5.2400000000002365,4.97000000000005,0.004,1.0,,,13,2,11.0,2024
2024-11-21 13:00:00+00:00|1.0|vol_trans_follow_h1_low_to_high_h13_tp06_sl065,2024-11-21 13:00:00+00:00,STAGE28A,data/reports/stage28a_discovery_factory_batch_runner/stage28a_exact_trades.csv,volatility_transition_v1,vol_trans_follow_h1_low_to_high_h13_tp06_sl065,-2.3620750000000954,-3.4120750000000952,-4.112075000000095,0,0,0,1,3.4120750000000952,36.64000000000033,11.610000000000127,0.41860465116279705,17.059999999999945,0.759671746776089,5.239999999999782,5.6704999999999925,0.084,1.0,,,13,3,11.0,2024
2024-11-22 13:00:00+00:00|1.0|vol_trans_follow_h1_low_to_high_h13_tp06_sl065,2024-11-22 13:00:00+00:00,STAGE28A,data/reports/stage28a_discovery_factory_batch_runner/stage28a_exact_trades.csv,volatility_transition_v1,vol_trans_follow_h1_low_to_high_h13_tp06_sl065,2.057799999999952,1.007799999999952,0.3077999999999523,1,1,1,0,1.007799999999952,24.63000000000011,24.070000000000164,0.8109680099709308,25.440000000000055,0.7425314465408739,5.920000000000073,6.7069999999999705,0.432,1.0,,,13,4,11.0,2024
2024-11-25 13:00:00+00:00|1.0|vol_trans_follow_h1_low_to_high_h13_tp06_sl065,2024-11-25 13:00:00+00:00,STAGE28A,data/reports/stage28a_discovery_factory_batch_runner/stage28a_exact_trades.csv,volatility_transition_v1,vol_trans_follow_h1_low_to_high_h13_tp06_sl065,-3.019550000000072,-4.069550000000072,-4.769550000000072,0,0,0,1,4.069550000000072,16.51000000000022,62.039999999999964,0.7633784655061202,19.73999999999978,0.26443768996959766,9.129999999999654,10.903500000000031,0.972,1.0,,,13,0,11.0,2024
2024-11-26 13:00:00+00:00|1.0|vol_trans_follow_h1_low_to_high_h13_tp06_sl065,2024-11-26 13:00:00+00:00,STAGE28A,data/reports/stage28a_discovery_factory_batch_runner/stage28a_exact_trades.csv,volatility_transition_v1,vol_trans_follow_h1_low_to_high_h13_tp06_sl065,2.022400000000198,0.972400000000198,0.2724000000001982,1,1,1,0,0.972400000000198,111.38000000000011,27.059999999999945,0.588322246858836,22.259999999999764,0.22192273135669843,8.079999999999927,10.456500000000005,0.876,1.0,,,13,1,11.0,2024
2024-11-27 13:00:00+00:00|1.0|vol_trans_follow_h1_low_to_high_h13_tp06_sl065,2024-11-27 13:00:00+00:00,STAGE28A,data/reports/stage28a_discovery_factory_batch_runner/stage28a_exact_trades.csv,volatility_transition_v1,vol_trans_follow_h1_low_to_high_h13_tp06_sl065,1.4280999999999948,0.378099999999995,-0.3219000000000047,1,0,1,0,0.378099999999995,36.76999999999998,13.510000000000218,0.4885270170244117,15.690000000000055,0.6201402166985331,2.180000000000291,5.795500000000016,0.116,1.0,,,13,2,11.0,2024
2024-11-28 13:00:00+00:00|1.0|vol_trans_follow_h1_low_to_high_h13_tp06_sl065,2024-11-28 13:00:00+00:00,STAGE28A,data/reports/stage28a_discovery_factory_batch_runner/stage28a_exact_trades.csv,volatility_transition_v1,vol_trans_follow_h1_low_to_high_h13_tp06_sl065,-2.264899999999761,-3.3148999999997613,-4.014899999999761,0,0,0,1,3.3148999999997613,31.329999999999927,17.48999999999978,0.33390508862208224,19.41000000000031,0.8377125193199126,4.7400000000002365,6.230499999999961,0.248,1.0,,,13,3,11.0,2024
2024-11-29 13:00:00+00:00|-1.0|vol_trans_follow_h1_low_to_high_h13_tp06_sl065,2024-11-29 13:00:00+00:00,STAGE28A,data/reports/stage28a_discovery_factory_batch_runner/stage28a_exact_trades.csv,volatility_transition_v1,vol_trans_follow_h1_low_to_high_h13_tp06_sl065,1.7380000000001927,0.6880000000001929,-0.0119999999998068,1,0,1,0,0.6880000000001929,28.65000000000009,30.29000000000042,0.6956091119181206,11.809999999999945,0.2464013547840701,4.549999999999727,5.9180000000000295,0.212,-1.0,,,13,4,11.0,2024
2024-12-02 13:00:00+00:00|1.0|vol_trans_follow_h1_low_to_high_h13_tp06_sl065,2024-12-02 13:00:00+00:00,STAGE28A,data/reports/stage28a_discovery_factory_batch_runner/stage28a_exact_trades.csv,volatility_transition_v1,vol_trans_follow_h1_low_to_high_h13_tp06_sl065,-2.5752749999997837,-3.625274999999783,-4.325274999999783,0,0,0,1,3.625274999999783,9.420000000000073,29.420000000000073,0.5849762066621343,15.789999999999964,0.45725142495248994,4.349999999999909,8.745500000000016,0.808,1.0,,,13,0,12.0,2024
2024-12-03 13:00:00+00:00|-1.0|vol_trans_follow_h1_low_to_high_h13_tp06_sl065,2024-12-03 13:00:00+00:00,STAGE28A,data/reports/stage28a_discovery_factory_batch_runner/stage28a_exact_trades.csv,volatility_transition_v1,vol_trans_follow_h1_low_to_high_h13_tp06_sl065,-2.198599999999806,-3.2485999999998056,-3.948599999999805,0,0,0,1,3.2485999999998056,30.550000000000182,11.13000000000011,0.21024258760104833,12.860000000000127,0.21228615863141456,3.1700000000000728,5.37699999999993,0.068,-1.0,,,13,1,12.0,2024
2024-12-04 13:00:00+00:00|1.0|vol_trans_follow_h1_low_to_high_h13_tp06_sl065,2024-12-04 13:00:00+00:00,STAGE28A,data/reports/stage28a_discovery_factory_batch_runner/stage28a_exact_trades.csv,volatility_transition_v1,vol_trans_follow_h1_low_to_high_h13_tp06_sl065,1.2306999999999788,0.180699999999979,-0.5193000000000207,1,0,1,0,0.180699999999979,21.43000000000029,10.960000000000036,0.5136861313868696,14.930000000000291,0.282652377762905,4.269999999999982,5.29050000000002,0.044,1.0,,,13,2,12.0,2024
2024-12-05 13:00:00+00:00|1.0|vol_trans_follow_h1_low_to_high_h13_tp06_sl065,2024-12-05 13:00:00+00:00,STAGE28A,data/reports/stage28a_discovery_factory_batch_runner/stage28a_exact_trades.csv,volatility_transition_v1,vol_trans_follow_h1_low_to_high_h13_tp06_sl065,1.2993999999997867,0.2493999999997869,-0.4506000000002128,1,0,1,0,0.2493999999997869,24.800000000000182,6.940000000000055,0.5821325648414888,13.88000000000011,0.17939481268009813,5.820000000000164,5.433999999999946,0.052,1.0,,,13,3,12.0,2024
2024-12-06 13:00:00+00:00|-1.0|vol_trans_follow_h1_low_to_high_h13_tp06_sl065,2024-12-06 13:00:00+00:00,STAGE28A,data/reports/stage28a_discovery_factory_batch_runner/stage28a_exact_trades.csv,volatility_transition_v1,vol_trans_follow_h1_low_to_high_h13_tp06_sl065,1.541200000000026,0.4912000000000263,-0.2087999999999734,1,0,1,0,0.4912000000000263,32.26999999999998,32.11999999999989,0.2624533001245288,12.33999999999969,0.6345218800648398,7.460000000000036,7.382499999999959,0.624,-1.0,,,13,4,12.0,2024
2024-12-09 13:00:00+00:00|1.0|vol_trans_follow_h1_low_to_high_h13_tp06_sl065,2024-12-09 13:00:00+00:00,STAGE28A,data/reports/stage28a_discovery_factory_batch_runner/stage28a_exact_trades.csv,volatility_transition_v1,vol_trans_follow_h1_low_to_high_h13_tp06_sl065,1.3306000000001403,0.2806000000001405,-0.4193999999998592,1,0,1,0,0.2806000000001405,11.929999999999836,23.019999999999982,0.1776715899218136,22.470000000000255,0.9577214063195255,4.860000000000127,7.803999999999997,0.664,1.0,,,13,0,12.0,2024
2024-12-10 13:00:00+00:00|1.0|vol_trans_follow_h1_low_to_high_h13_tp06_sl065,2024-12-10 13:00:00+00:00,STAGE28A,data/reports/stage28a_discovery_factory_batch_runner/stage28a_exact_trades.csv,volatility_transition_v1,vol_trans_follow_h1_low_to_high_h13_tp06_sl065,1.5669999999999162,0.5169999999999164,-0.1830000000000833,1,0,1,0,0.5169999999999164,48.84999999999991,15.91000000000031,0.6140791954745598,15.539999999999964,0.3301158301158379,12.319999999999709,5.638500000000022,0.124,1.0,,,13,1,12.0,2024
2024-12-11 13:00:00+00:00|-1.0|vol_trans_follow_h1_low_to_high_h13_tp06_sl065,2024-12-11 13:00:00+00:00,STAGE28A,data/reports/stage28a_discovery_factory_batch_runner/stage28a_exact_trades.csv,volatility_transition_v1,vol_trans_follow_h1_low_to_high_h13_tp06_sl065,-3.130699999999797,-4.180699999999797,-4.880699999999797,0,0,0,1,4.180699999999797,38.01999999999998,21.779999999999745,0.5335169880624439,25.350000000000364,0.3932938856015823,7.4900000000002365,7.634500000000026,0.756,-1.0,,,13,2,12.0,2024
2024-12-12 13:00:00+00:00|-1.0|vol_trans_follow_h1_low_to_high_h13_tp06_sl065,2024-12-12 13:00:00+00:00,STAGE28A,data/reports/stage28a_discovery_factory_batch_runner/stage28a_exact_trades.csv,volatility_transition_v1,vol_trans_follow_h1_low_to_high_h13_tp06_sl065,-2.476800000000003,-3.526800000000003,-4.2268000000000026,0,0,0,1,3.526800000000003,46.590000000000146,26.139999999999873,0.2895944912012319,10.640000000000327,0.09586466165413068,6.0,6.914999999999987,0.592,-1.0,,,13,3,12.0,2024
2024-12-13 13:00:00+00:00|-1.0|vol_trans_follow_h1_low_to_high_h13_tp06_sl065,2024-12-13 13:00:00+00:00,STAGE28A,data/reports/stage28a_discovery_factory_batch_runner/stage28a_exact_trades.csv,volatility_transition_v1,vol_trans_follow_h1_low_to_high_h13_tp06_sl065,-2.742975000000206,-3.792975000000206,-4.4929750000002056,0,0,0,1,3.792975000000206,51.2199999999998,13.740000000000236,0.4832605531295312,25.5,0.8109803921568741,5.059999999999945,6.2040000000000415,0.296,-1.0,,,13,4,12.0,2024
2024-12-16 13:00:00+00:00|1.0|vol_trans_follow_h1_low_to_high_h13_tp06_sl065,2024-12-16 13:00:00+00:00,STAGE28A,data/reports/stage28a_discovery_factory_batch_runner/stage28a_exact_trades.csv,volatility_transition_v1,vol_trans_follow_h1_low_to_high_h13_tp06_sl065,-2.0858250000002045,-3.1358250000002044,-3.835825000000204,0,0,0,1,3.1358250000002044,4.569999999999709,12.110000000000127,0.10982658959536856,12.450000000000273,0.48514056224898244,3.230000000000018,5.1964999999999915,0.024,1.0,,,13,0,12.0,2024
2024-12-17 13:00:00+00:00|-1.0|vol_trans_follow_h1_low_to_high_h13_tp06_sl065,2024-12-17 13:00:00+00:00,STAGE28A,data/reports/stage28a_discovery_factory_batch_runner/stage28a_exact_trades.csv,volatility_transition_v1,vol_trans_follow_h1_low_to_high_h13_tp06_sl065,1.9138000000001736,0.863800000000174,0.1638000000001742,1,1,1,0,0.863800000000174,20.75,7.650000000000091,0.006535947712442001,19.0300000000002,0.7157120336311195,5.079999999999927,5.214500000000021,0.08,-1.0,,,13,1,12.0,2024
2024-12-19 13:00:00+00:00|-1.0|vol_trans_follow_h1_low_to_high_h13_tp06_sl065,2024-12-19 13:00:00+00:00,STAGE28A,data/reports/stage28a_discovery_factory_batch_runner/stage28a_exact_trades.csv,volatility_transition_v1,vol_trans_follow_h1_low_to_high_h13_tp06_sl065,2.1222999999999046,1.0722999999999048,0.372299999999905,1,1,1,0,1.0722999999999048,68.09999999999991,35.460000000000036,0.5930626057529661,23.2800000000002,0.4463058419243893,9.039999999999964,10.11400000000001,0.996,-1.0,,,13,3,12.0,2024
2024-12-20 13:00:00+00:00|-1.0|vol_trans_follow_h1_low_to_high_h13_tp06_sl065,2024-12-20 13:00:00+00:00,STAGE28A,data/reports/stage28a_discovery_factory_batch_runner/stage28a_exact_trades.csv,volatility_transition_v1,vol_trans_follow_h1_low_to_high_h13_tp06_sl065,-2.051050000000123,-3.101050000000123,-3.8010500000001226,0,0,0,1,3.101050000000123,43.99000000000024,14.320000000000164,0.3058659217877136,11.180000000000291,0.5661896243291786,2.900000000000091,5.50750000000005,0.164,-1.0,,,13,4,12.0,2024
2024-12-23 13:00:00+00:00|-1.0|vol_trans_follow_h1_low_to_high_h13_tp06_sl065,2024-12-23 13:00:00+00:00,STAGE28A,data/reports/stage28a_discovery_factory_batch_runner/stage28a_exact_trades.csv,volatility_transition_v1,vol_trans_follow_h1_low_to_high_h13_tp06_sl065,1.303899999999794,0.2538999999997942,-0.4461000000002055,1,0,1,0,0.2538999999997942,3.1600000000003092,10.0,0.1069999999999709,14.389999999999873,0.44336344683809353,8.039999999999964,5.527000000000044,0.184,-1.0,,,13,0,12.0,2024
2024-12-30 13:00:00+00:00|-1.0|vol_trans_follow_h1_low_to_high_h13_tp06_sl065,2024-12-30 13:00:00+00:00,STAGE28A,data/reports/stage28a_discovery_factory_batch_runner/stage28a_exact_trades.csv,volatility_transition_v1,vol_trans_follow_h1_low_to_high_h13_tp06_sl065,1.27480000000005,0.2248000000000503,-0.4751999999999494,1,0,1,0,0.2248000000000503,7.4699999999998,9.489999999999782,0.2012644889357111,15.480000000000018,0.7558139534883594,4.789999999999964,5.360000000000014,0.432,-1.0,,,13,0,12.0,2024
2025-01-02 13:00:00+00:00|1.0|vol_trans_follow_h1_low_to_high_h13_tp06_sl065,2025-01-02 13:00:00+00:00,STAGE28A,data/reports/stage28a_discovery_factory_batch_runner/stage28a_exact_trades.csv,volatility_transition_v1,vol_trans_follow_h1_low_to_high_h13_tp06_sl065,-2.3783250000002227,-3.4283250000002226,-4.128325000000222,0,0,0,1,3.4283250000002226,4.2800000000002,14.769999999999982,0.6899119837508508,15.090000000000146,0.5765407554671792,13.570000000000164,5.480000000000087,0.52,1.0,,,13,3,1.0,2025
2025-01-03 13:00:00+00:00|1.0|vol_trans_follow_h1_low_to_high_h13_tp06_sl065,2025-01-03 13:00:00+00:00,STAGE28A,data/reports/stage28a_discovery_factory_batch_runner/stage28a_exact_trades.csv,volatility_transition_v1,vol_trans_follow_h1_low_to_high_h13_tp06_sl065,-2.1612249999999222,-3.211224999999922,-3.911224999999922,0,0,0,1,3.211224999999922,38.73000000000002,9.019999999999982,0.5000000000000252,13.019999999999982,0.40476190476190393,4.799999999999727,5.378500000000008,0.432,1.0,,,13,4,1.0,2025
2025-01-06 13:00:00+00:00|1.0|vol_trans_follow_h1_low_to_high_h13_tp06_sl065,2025-01-06 13:00:00+00:00,STAGE28A,data/reports/stage28a_discovery_factory_batch_runner/stage28a_exact_trades.csv,volatility_transition_v1,vol_trans_follow_h1_low_to_high_h13_tp06_sl065,-2.258074999999826,-3.308074999999826,-4.008074999999826,0,0,0,1,3.308074999999826,3.5399999999999636,12.860000000000127,0.43001555209954473,11.090000000000146,0.15148782687103826,4.1599999999998545,5.014499999999998,0.296,1.0,,,13,0,1.0,2025
2025-01-09 13:00:00+00:00|1.0|vol_trans_follow_h1_low_to_high_h13_tp06_sl065,2025-01-09 13:00:00+00:00,STAGE28A,data/reports/stage28a_discovery_factory_batch_runner/stage28a_exact_trades.csv,volatility_transition_v1,vol_trans_follow_h1_low_to_high_h13_tp06_sl065,-2.209324999999899,-3.2593249999998988,-3.9593249999998985,0,0,0,1,3.2593249999998988,24.700000000000273,7.650000000000091,0.44836601307192814,10.929999999999836,0.7758462946020261,4.129999999999654,5.8055000000000065,0.696,1.0,,,13,3,1.0,2025
2025-01-13 13:00:00+00:00|-1.0|vol_trans_follow_h1_low_to_high_h13_tp06_sl065,2025-01-13 13:00:00+00:00,STAGE28A,data/reports/stage28a_discovery_factory_batch_runner/stage28a_exact_trades.csv,volatility_transition_v1,vol_trans_follow_h1_low_to_high_h13_tp06_sl065,1.6402000000001862,0.5902000000001864,-0.1097999999998133,1,0,1,0,0.5902000000001864,5.670000000000073,13.900000000000091,0.39999999999999347,14.190000000000055,0.45031712473571867,7.820000000000164,6.219000000000028,0.756,-1.0,,,13,0,1.0,2025
2025-01-14 13:00:00+00:00|-1.0|vol_trans_follow_h1_low_to_high_h13_tp06_sl065,2025-01-14 13:00:00+00:00,STAGE28A,data/reports/stage28a_discovery_factory_batch_runner/stage28a_exact_trades.csv,volatility_transition_v1,vol_trans_follow_h1_low_to_high_h13_tp06_sl065,-2.0991500000001,-3.1491500000001,-3.8491500000000993,0,0,0,1,3.1491500000001,36.73000000000002,12.5300000000002,0.4333599361532123,10.629999999999654,0.644402634054575,4.190000000000055,5.336000000000013,0.32,-1.0,,,13,1,1.0,2025
2025-01-16 13:00:00+00:00|1.0|vol_trans_follow_h1_low_to_high_h13_tp06_sl065,2025-01-16 13:00:00+00:00,STAGE28A,data/reports/stage28a_discovery_factory_batch_runner/stage28a_exact_trades.csv,volatility_transition_v1,vol_trans_follow_h1_low_to_high_h13_tp06_sl065,1.4506000000000312,0.4006000000000314,-0.2993999999999683,1,0,1,0,0.4006000000000314,28.210000000000036,9.349999999999909,0.27593582887700024,18.529999999999745,0.5553157042633624,3.8899999999998727,5.035499999999956,0.192,1.0,,,13,3,1.0,2025
2025-01-20 13:00:00+00:00|1.0|vol_trans_follow_h1_low_to_high_h13_tp06_sl065,2025-01-20 13:00:00+00:00,STAGE28A,data/reports/stage28a_discovery_factory_batch_runner/stage28a_exact_trades.csv,volatility_transition_v1,vol_trans_follow_h1_low_to_high_h13_tp06_sl065,-2.224275000000125,-3.274275000000125,-3.974275000000125,0,0,0,1,3.274275000000125,11.990000000000236,17.269999999999982,0.5500868558193405,10.960000000000036,0.23448905109486318,4.769999999999982,5.941499999999996,0.632,1.0,,,13,0,1.0,2025
2025-01-21 13:00:00+00:00|-1.0|vol_trans_follow_h1_low_to_high_h13_tp06_sl065,2025-01-21 13:00:00+00:00,STAGE28A,data/reports/stage28a_discovery_factory_batch_runner/stage28a_exact_trades.csv,volatility_transition_v1,vol_trans_follow_h1_low_to_high_h13_tp06_sl065,1.8007000000001423,0.7507000000001427,0.0507000000001429,1,1,1,0,0.7507000000001427,24.550000000000182,25.09999999999991,0.6749003984063792,15.799999999999727,0.4974683544303964,5.150000000000091,6.870499999999993,0.92,-1.0,,,13,1,1.0,2025
2025-01-22 13:00:00+00:00|1.0|vol_trans_follow_h1_low_to_high_h13_tp06_sl065,2025-01-22 13:00:00+00:00,STAGE28A,data/reports/stage28a_discovery_factory_batch_runner/stage28a_exact_trades.csv,volatility_transition_v1,vol_trans_follow_h1_low_to_high_h13_tp06_sl065,-2.64320000000007,-3.6932000000000698,-4.3932000000000695,0,0,0,1,3.6932000000000698,43.279999999999745,10.9699999999998,0.711030082041962,17.90000000000009,0.44525139664803126,5.170000000000073,5.861499999999933,0.544,1.0,,,13,2,1.0,2025
2025-01-24 13:00:00+00:00|1.0|vol_trans_follow_h1_low_to_high_h13_tp06_sl065,2025-01-24 13:00:00+00:00,STAGE28A,data/reports/stage28a_discovery_factory_batch_runner/stage28a_exact_trades.csv,volatility_transition_v1,vol_trans_follow_h1_low_to_high_h13_tp06_sl065,1.2903999999997722,0.2403999999997723,-0.4596000000002274,1,0,1,0,0.2403999999997723,23.25,23.940000000000055,0.7263993316624826,8.300000000000182,0.44578313253014357,4.7400000000002365,5.724999999999977,0.42,1.0,,,13,4,1.0,2025
2025-01-27 13:00:00+00:00|1.0|vol_trans_follow_h1_low_to_high_h13_tp06_sl065,2025-01-27 13:00:00+00:00,STAGE28A,data/reports/stage28a_discovery_factory_batch_runner/stage28a_exact_trades.csv,volatility_transition_v1,vol_trans_follow_h1_low_to_high_h13_tp06_sl065,1.9878999999999905,0.9378999999999906,0.2378999999999909,1,1,1,0,0.9378999999999906,5.839999999999691,18.460000000000036,0.49620801733476905,23.769999999999982,0.4030290281867873,8.210000000000036,6.233999999999992,0.744,1.0,,,13,0,1.0,2025
2025-01-28 13:00:00+00:00|-1.0|vol_trans_follow_h1_low_to_high_h13_tp06_sl065,2025-01-28 13:00:00+00:00,STAGE28A,data/reports/stage28a_discovery_factory_batch_runner/stage28a_exact_trades.csv,volatility_transition_v1,vol_trans_follow_h1_low_to_high_h13_tp06_sl065,1.1989000000002306,0.1489000000002307,-0.551099999999769,1,0,0,0,0.1489000000002307,42.289999999999964,7.579999999999927,0.09366754617414817,10.570000000000164,0.07284768211920245,4.930000000000291,5.334999999999968,0.22,-1.0,,,13,1,1.0,2025
2025-01-30 13:00:00+00:00|1.0|vol_trans_follow_h1_low_to_high_h13_tp06_sl065,2025-01-30 13:00:00+00:00,STAGE28A,data/reports/stage28a_discovery_factory_batch_runner/stage28a_exact_trades.csv,volatility_transition_v1,vol_trans_follow_h1_low_to_high_h13_tp06_sl065,1.278700000000208,0.2287000000002081,-0.4712999999997915,1,0,1,0,0.2287000000002081,21.470000000000255,5.330000000000382,0.035647279549726255,20.539999999999964,0.8695228821811177,5.420000000000073,5.335500000000025,0.344,1.0,,,13,3,1.0,2025
2025-01-31 13:00:00+00:00|1.0|vol_trans_follow_h1_low_to_high_h13_tp06_sl065,2025-01-31 13:00:00+00:00,STAGE28A,data/reports/stage28a_discovery_factory_batch_runner/stage28a_exact_trades.csv,volatility_transition_v1,vol_trans_follow_h1_low_to_high_h13_tp06_sl065,-2.2401999999998226,-3.2901999999998224,-3.990199999999822,0,0,0,1,3.2901999999998224,40.40000000000009,7.369999999999891,0.03799185888734728,10.140000000000327,0.16074950690331377,4.150000000000091,5.239999999999986,0.324,1.0,,,13,4,1.0,2025
2025-02-03 13:00:00+00:00|1.0|vol_trans_follow_h1_low_to_high_h13_tp06_sl065,2025-02-03 13:00:00+00:00,STAGE28A,data/reports/stage28a_discovery_factory_batch_runner/stage28a_exact_trades.csv,volatility_transition_v1,vol_trans_follow_h1_low_to_high_h13_tp06_sl065,-2.785875000000124,-3.835875000000124,-4.535875000000123,0,0,0,1,3.835875000000124,20.699999999999818,31.9699999999998,0.37566468564278505,20.809999999999945,0.8279673234022136,7.130000000000109,9.304999999999973,0.984,1.0,,,13,0,2.0,2025
2025-02-04 13:00:00+00:00|-1.0|vol_trans_follow_h1_low_to_high_h13_tp06_sl065,2025-02-04 13:00:00+00:00,STAGE28A,data/reports/stage28a_discovery_factory_batch_runner/stage28a_exact_trades.csv,volatility_transition_v1,vol_trans_follow_h1_low_to_high_h13_tp06_sl065,-2.7247749999997724,-3.774774999999772,-4.474774999999772,0,0,0,1,3.774774999999772,58.19999999999982,13.329999999999927,0.3885971492873458,14.659999999999854,0.29058663028651166,7.200000000000273,6.982500000000073,0.764,-1.0,,,13,1,2.0,2025
2025-02-05 13:00:00+00:00|-1.0|vol_trans_follow_h1_low_to_high_h13_tp06_sl065,2025-02-05 13:00:00+00:00,STAGE28A,data/reports/stage28a_discovery_factory_batch_runner/stage28a_exact_trades.csv,volatility_transition_v1,vol_trans_follow_h1_low_to_high_h13_tp06_sl065,-2.644174999999996,-3.694174999999996,-4.394174999999995,0,0,0,1,3.694174999999996,38.25,18.450000000000273,0.7501355013550104,23.690000000000055,0.5293372731110145,10.980000000000018,6.628000000000066,0.696,-1.0,,,13,2,2.0,2025
2025-02-06 13:00:00+00:00|-1.0|vol_trans_follow_h1_low_to_high_h13_tp06_sl065,2025-02-06 13:00:00+00:00,STAGE28A,data/reports/stage28a_discovery_factory_batch_runner/stage28a_exact_trades.csv,volatility_transition_v1,vol_trans_follow_h1_low_to_high_h13_tp06_sl065,-3.026050000000032,-4.076050000000032,-4.776050000000032,0,0,0,1,4.076050000000032,42.960000000000036,9.550000000000182,0.08167539267017647,22.480000000000018,0.4181494661921745,6.110000000000127,7.170500000000016,0.688,-1.0,,,13,3,2.0,2025
2025-02-07 13:00:00+00:00|-1.0|vol_trans_follow_h1_low_to_high_h13_tp06_sl065,2025-02-07 13:00:00+00:00,STAGE28A,data/reports/stage28a_discovery_factory_batch_runner/stage28a_exact_trades.csv,volatility_transition_v1,vol_trans_follow_h1_low_to_high_h13_tp06_sl065,1.3810000000002218,0.331000000000222,-0.3689999999997777,1,0,1,0,0.331000000000222,39.25,15.579999999999927,0.5353016688061736,11.7199999999998,0.09556313993173293,5.779999999999745,5.33599999999999,0.264,-1.0,,,13,4,2.0,2025
2025-02-10 13:00:00+00:00|-1.0|vol_trans_follow_h1_low_to_high_h13_tp06_sl065,2025-02-10 13:00:00+00:00,STAGE28A,data/reports/stage28a_discovery_factory_batch_runner/stage28a_exact_trades.csv,volatility_transition_v1,vol_trans_follow_h1_low_to_high_h13_tp06_sl065,-2.724124999999822,-3.7741249999998217,-4.474124999999821,0,0,0,1,3.7741249999998217,14.0,23.190000000000055,0.5066839154808095,30.40000000000009,0.7578947368421018,8.090000000000146,7.770000000000005,0.764,-1.0,,,13,0,2.0,2025
2025-02-11 13:00:00+00:00|-1.0|vol_trans_follow_h1_low_to_high_h13_tp06_sl065,2025-02-11 13:00:00+00:00,STAGE28A,data/reports/stage28a_discovery_factory_batch_runner/stage28a_exact_trades.csv,volatility_transition_v1,vol_trans_follow_h1_low_to_high_h13_tp06_sl065,2.6199999999998,1.5699999999998,0.8699999999998003,1,1,1,0,1.5699999999998,62.570000000000164,38.029999999999745,0.0381277938469584,27.429999999999836,0.49362012395187915,5.299999999999727,10.384999999999991,0.984,-1.0,,,13,1,2.0,2025
2025-02-12 13:00:00+00:00|-1.0|vol_trans_follow_h1_low_to_high_h13_tp06_sl065,2025-02-12 13:00:00+00:00,STAGE28A,data/reports/stage28a_discovery_factory_batch_runner/stage28a_exact_trades.csv,volatility_transition_v1,vol_trans_follow_h1_low_to_high_h13_tp06_sl065,-3.019225000000097,-4.069225000000097,-4.769225000000096,0,0,0,1,4.069225000000097,60.9399999999996,17.070000000000164,0.7861745752782627,16.440000000000055,0.15815085158150247,10.550000000000182,7.384500000000003,0.508,-1.0,,,13,2,2.0,2025
2025-02-13 13:00:00+00:00|1.0|vol_trans_follow_h1_low_to_high_h13_tp06_sl065,2025-02-13 13:00:00+00:00,STAGE28A,data/reports/stage28a_discovery_factory_batch_runner/stage28a_exact_trades.csv,volatility_transition_v1,vol_trans_follow_h1_low_to_high_h13_tp06_sl065,1.8888999999998304,0.8388999999998306,0.1388999999998308,1,1,1,0,0.8388999999998306,45.38000000000011,18.759999999999764,0.6780383795309147,13.460000000000036,0.05274888558692678,5.619999999999891,6.579499999999916,0.248,1.0,,,13,3,2.0,2025
2025-02-14 13:00:00+00:00|1.0|vol_trans_follow_h1_low_to_high_h13_tp06_sl065,2025-02-14 13:00:00+00:00,STAGE28A,data/reports/stage28a_discovery_factory_batch_runner/stage28a_exact_trades.csv,volatility_transition_v1,vol_trans_follow_h1_low_to_high_h13_tp06_sl065,1.592199999999957,0.5421999999999572,-0.1578000000000425,1,0,1,0,0.5421999999999572,31.13000000000011,10.860000000000127,0.24677716390425963,13.309999999999945,0.5416979714500425,5.789999999999964,5.694999999999959,0.072,1.0,,,13,4,2.0,2025
2025-02-17 13:00:00+00:00|1.0|vol_trans_follow_h1_low_to_high_h13_tp06_sl065,2025-02-17 13:00:00+00:00,STAGE28A,data/reports/stage28a_discovery_factory_batch_runner/stage28a_exact_trades.csv,volatility_transition_v1,vol_trans_follow_h1_low_to_high_h13_tp06_sl065,1.9776999999998224,0.9276999999998226,0.2276999999998228,1,1,1,0,0.9276999999998226,15.88000000000011,26.809999999999945,0.7411413651622673,18.269999999999982,0.20634920634920556,7.489999999999782,9.176499999999942,0.812,1.0,,,13,0,2.0,2025
2025-02-19 13:00:00+00:00|-1.0|vol_trans_follow_h1_low_to_high_h13_tp06_sl065,2025-02-19 13:00:00+00:00,STAGE28A,data/reports/stage28a_discovery_factory_batch_runner/stage28a_exact_trades.csv,volatility_transition_v1,vol_trans_follow_h1_low_to_high_h13_tp06_sl065,-2.280174999999963,-3.330174999999963,-4.0301749999999625,0,0,0,1,3.330174999999963,45.25,15.480000000000018,0.31330749354004545,19.0,0.8199999999999962,4.399999999999636,6.214499999999953,0.184,-1.0,,,13,2,2.0,2025
2025-02-20 13:00:00+00:00|1.0|vol_trans_follow_h1_low_to_high_h13_tp06_sl065,2025-02-20 13:00:00+00:00,STAGE28A,data/reports/stage28a_discovery_factory_batch_runner/stage28a_exact_trades.csv,volatility_transition_v1,vol_trans_follow_h1_low_to_high_h13_tp06_sl065,-2.287324999999873,-3.3373249999998733,-4.037324999999873,0,0,0,1,3.3373249999998733,28.440000000000055,11.75,0.3948936170213045,15.509999999999764,0.7949709864603556,5.789999999999964,6.62199999999998,0.316,1.0,,,13,3,2.0,2025
2025-02-21 13:00:00+00:00|1.0|vol_trans_follow_h1_low_to_high_h13_tp06_sl065,2025-02-21 13:00:00+00:00,STAGE28A,data/reports/stage28a_discovery_factory_batch_runner/stage28a_exact_trades.csv,volatility_transition_v1,vol_trans_follow_h1_low_to_high_h13_tp06_sl065,-2.5495999999999186,-3.5995999999999184,-4.299599999999918,0,0,0,1,3.5995999999999184,30.779999999999745,23.40000000000009,0.5564102564102534,17.309999999999945,0.11900635470825835,2.119999999999891,7.984000000000037,0.616,1.0,,,13,4,2.0,2025
2025-02-24 13:00:00+00:00|-1.0|vol_trans_follow_h1_low_to_high_h13_tp06_sl065,2025-02-24 13:00:00+00:00,STAGE28A,data/reports/stage28a_discovery_factory_batch_runner/stage28a_exact_trades.csv,volatility_transition_v1,vol_trans_follow_h1_low_to_high_h13_tp06_sl065,-2.538224999999875,-3.5882249999998748,-4.2882249999998745,0,0,0,1,3.5882249999998748,6.440000000000055,23.519999999999982,0.15348639455782867,14.259999999999764,0.15848527349227215,10.2199999999998,7.7345000000000255,0.504,-1.0,,,13,0,2.0,2025
2025-02-25 13:00:00+00:00|-1.0|vol_trans_follow_h1_low_to_high_h13_tp06_sl065,2025-02-25 13:00:00+00:00,STAGE28A,data/reports/stage28a_discovery_factory_batch_runner/stage28a_exact_trades.csv,volatility_transition_v1,vol_trans_follow_h1_low_to_high_h13_tp06_sl065,-2.607775000000038,-3.6577750000000377,-4.3577750000000375,0,0,0,1,3.6577750000000377,35.16000000000031,18.909999999999854,0.6959280803807486,12.91000000000031,0.05654531371030214,4.079999999999927,6.0479999999999565,0.116,-1.0,,,13,1,2.0,2025
2025-02-26 13:00:00+00:00|-1.0|vol_trans_follow_h1_low_to_high_h13_tp06_sl065,2025-02-26 13:00:00+00:00,STAGE28A,data/reports/stage28a_discovery_factory_batch_runner/stage28a_exact_trades.csv,volatility_transition_v1,vol_trans_follow_h1_low_to_high_h13_tp06_sl065,1.7544999999999162,0.7044999999999164,0.0044999999999166,1,1,1,0,0.7044999999999164,65.84999999999991,17.43000000000029,0.20998278829602945,15.239999999999782,0.1496062992126137,5.800000000000182,9.700000000000045,0.888,-1.0,,,13,2,2.0,2025
2025-02-27 13:00:00+00:00|1.0|vol_trans_follow_h1_low_to_high_h13_tp06_sl065,2025-02-27 13:00:00+00:00,STAGE28A,data/reports/stage28a_discovery_factory_batch_runner/stage28a_exact_trades.csv,volatility_transition_v1,vol_trans_follow_h1_low_to_high_h13_tp06_sl065,-3.765750000000117,-4.815750000000117,-5.515750000000116,0,0,0,1,4.815750000000117,39.42000000000007,24.509999999999764,0.8869849041207667,21.610000000000127,0.2512725590004537,8.100000000000364,7.4455000000000835,0.524,1.0,,,13,3,2.0,2025
2025-02-28 13:00:00+00:00|1.0|vol_trans_follow_h1_low_to_high_h13_tp06_sl065,2025-02-28 13:00:00+00:00,STAGE28A,data/reports/stage28a_discovery_factory_batch_runner/stage28a_exact_trades.csv,volatility_transition_v1,vol_trans_follow_h1_low_to_high_h13_tp06_sl065,-2.646774999999798,-3.6967749999997976,-4.396774999999797,0,0,0,1,3.6967749999997976,53.149999999999636,28.039999999999964,0.44721825962910056,15.940000000000055,0.04454203262233588,4.230000000000018,7.43900000000001,0.464,1.0,,,13,4,2.0,2025
2025-03-03 13:00:00+00:00|1.0|vol_trans_follow_h1_low_to_high_h13_tp06_sl065,2025-03-03 13:00:00+00:00,STAGE28A,data/reports/stage28a_discovery_factory_batch_runner/stage28a_exact_trades.csv,volatility_transition_v1,vol_trans_follow_h1_low_to_high_h13_tp06_sl065,-2.626624999999968,-3.676624999999967,-4.376624999999967,0,0,0,1,3.676624999999967,21.38000000000011,21.38000000000011,0.1585594013096284,14.730000000000018,0.30414120841819503,6.349999999999909,8.26199999999999,0.612,1.0,,,13,0,3.0,2025
2025-03-04 13:00:00+00:00|-1.0|vol_trans_follow_h1_low_to_high_h13_tp06_sl065,2025-03-04 13:00:00+00:00,STAGE28A,data/reports/stage28a_discovery_factory_batch_runner/stage28a_exact_trades.csv,volatility_transition_v1,vol_trans_follow_h1_low_to_high_h13_tp06_sl065,2.4969999999997525,1.4469999999997527,0.746999999999753,1,1,1,0,1.4469999999997527,39.940000000000055,11.83999999999969,0.03378378378375394,36.98000000000002,0.6311519740400252,5.980000000000018,8.387000000000011,0.664,-1.0,,,13,1,3.0,2025
2025-03-05 13:00:00+00:00|-1.0|vol_trans_follow_h1_low_to_high_h13_tp06_sl065,2025-03-05 13:00:00+00:00,STAGE28A,data/reports/stage28a_discovery_factory_batch_runner/stage28a_exact_trades.csv,volatility_transition_v1,vol_trans_follow_h1_low_to_high_h13_tp06_sl065,-2.8492499999998477,-3.899249999999847,-4.599249999999847,0,0,0,1,3.899249999999847,45.84999999999991,16.070000000000164,0.24268823895457692,13.5,0.2125925925925845,10.069999999999709,7.649000000000138,0.372,-1.0,,,13,2,3.0,2025
2025-03-06 13:00:00+00:00|1.0|vol_trans_follow_h1_low_to_high_h13_tp06_sl065,2025-03-06 13:00:00+00:00,STAGE28A,data/reports/stage28a_discovery_factory_batch_runner/stage28a_exact_trades.csv,volatility_transition_v1,vol_trans_follow_h1_low_to_high_h13_tp06_sl065,2.654500000000007,1.6045000000000074,0.9045000000000076,1,1,1,0,1.6045000000000074,35.82999999999993,10.510000000000218,0.08658420551858138,31.970000000000255,0.5711604629339887,13.25,7.8430000000000515,0.36,1.0,,,13,3,3.0,2025
2025-03-07 13:00:00+00:00|-1.0|vol_trans_follow_h1_low_to_high_h13_tp06_sl065,2025-03-07 13:00:00+00:00,STAGE28A,data/reports/stage28a_discovery_factory_batch_runner/stage28a_exact_trades.csv,volatility_transition_v1,vol_trans_follow_h1_low_to_high_h13_tp06_sl065,1.3663000000000465,0.3163000000000466,-0.3836999999999531,1,0,1,0,0.3163000000000466,35.41000000000031,18.309999999999945,0.1982523211359978,16.63000000000011,0.6806975345760454,4.809999999999945,7.198499999999944,0.136,-1.0,,,13,4,3.0,2025
2025-03-10 13:00:00+00:00|-1.0|vol_trans_follow_h1_low_to_high_h13_tp06_sl065,2025-03-10 13:00:00+00:00,STAGE28A,data/reports/stage28a_discovery_factory_batch_runner/stage28a_exact_trades.csv,volatility_transition_v1,vol_trans_follow_h1_low_to_high_h13_tp06_sl065,2.4916000000001985,1.4416000000001987,0.741600000000199,1,1,1,0,1.4416000000001987,7.430000000000291,10.139999999999873,0.0009861932939071404,18.789999999999964,0.4326769558275503,13.099999999999909,7.328499999999986,0.2,-1.0,,,13,0,3.0,2025
2025-03-11 13:00:00+00:00|1.0|vol_trans_follow_h1_low_to_high_h13_tp06_sl065,2025-03-11 13:00:00+00:00,STAGE28A,data/reports/stage28a_discovery_factory_batch_runner/stage28a_exact_trades.csv,volatility_transition_v1,vol_trans_follow_h1_low_to_high_h13_tp06_sl065,1.4893000000000938,0.4393000000000939,-0.2606999999999058,1,0,1,0,0.4393000000000939,38.289999999999964,20.169999999999618,0.4615765989092772,21.789999999999964,0.6608536025699915,3.5,7.216999999999894,0.156,1.0,,,13,1,3.0,2025
2025-03-12 13:00:00+00:00|-1.0|vol_trans_follow_h1_low_to_high_h13_tp06_sl065,2025-03-12 13:00:00+00:00,STAGE28A,data/reports/stage28a_discovery_factory_batch_runner/stage28a_exact_trades.csv,volatility_transition_v1,vol_trans_follow_h1_low_to_high_h13_tp06_sl065,1.6647999999999228,0.614799999999923,-0.0852000000000767,1,0,1,0,0.614799999999923,41.909999999999854,9.090000000000146,0.10121012101205756,16.450000000000273,0.043161094224925506,4.2199999999998,5.377499999999964,0.012,-1.0,,,13,2,3.0,2025
2025-03-13 13:00:00+00:00|-1.0|vol_trans_follow_h1_low_to_high_h13_tp06_sl065,2025-03-13 13:00:00+00:00,STAGE28A,data/reports/stage28a_discovery_factory_batch_runner/stage28a_exact_trades.csv,volatility_transition_v1,vol_trans_follow_h1_low_to_high_h13_tp06_sl065,-2.299674999999843,-3.3496749999998428,-4.0496749999998425,0,0,0,1,3.3496749999998428,34.40000000000009,14.309999999999945,0.8315863032844261,15.86999999999989,0.043478260869568956,6.4099999999998545,5.7049999999999725,0.044,-1.0,,,13,3,3.0,2025
2025-03-14 13:00:00+00:00|-1.0|vol_trans_follow_h1_low_to_high_h13_tp06_sl065,2025-03-14 13:00:00+00:00,STAGE28A,data/reports/stage28a_discovery_factory_batch_runner/stage28a_exact_trades.csv,volatility_transition_v1,vol_trans_follow_h1_low_to_high_h13_tp06_sl065,2.19340000000002,1.1434000000000195,0.44340000000002,1,1,1,0,1.1434000000000195,56.50999999999976,12.150000000000091,0.27160493827158044,24.0,0.32583333333334014,18.200000000000273,7.23599999999999,0.284,-1.0,,,13,4,3.0,2025
2025-03-17 13:00:00+00:00|1.0|vol_trans_follow_h1_low_to_high_h13_tp06_sl065,2025-03-17 13:00:00+00:00,STAGE28A,data/reports/stage28a_discovery_factory_batch_runner/stage28a_exact_trades.csv,volatility_transition_v1,vol_trans_follow_h1_low_to_high_h13_tp06_sl065,-1.9840999999997624,-3.034099999999762,-3.7340999999997617,0,0,0,0,3.034099999999762,10.909999999999854,11.659999999999854,0.14493996569468917,17.420000000000073,0.9466130884041167,4.769999999999982,5.485999999999967,0.024,1.0,,,13,0,3.0,2025
2025-03-18 13:00:00+00:00|1.0|vol_trans_follow_h1_low_to_high_h13_tp06_sl065,2025-03-18 13:00:00+00:00,STAGE28A,data/reports/stage28a_discovery_factory_batch_runner/stage28a_exact_trades.csv,volatility_transition_v1,vol_trans_follow_h1_low_to_high_h13_tp06_sl065,1.7787999999999555,0.7287999999999557,0.0287999999999559,1,1,1,0,0.7287999999999557,20.670000000000073,17.58999999999969,0.8095508811824919,22.340000000000146,0.4185317815577372,6.230000000000018,5.679999999999995,0.08,1.0,,,13,1,3.0,2025
2025-03-19 13:00:00+00:00|1.0|vol_trans_follow_h1_low_to_high_h13_tp06_sl065,2025-03-19 13:00:00+00:00,STAGE28A,data/reports/stage28a_discovery_factory_batch_runner/stage28a_exact_trades.csv,volatility_transition_v1,vol_trans_follow_h1_low_to_high_h13_tp06_sl065,2.0781999999998333,1.0281999999998337,0.3281999999998337,1,1,1,0,1.0281999999998337,38.73999999999978,11.580000000000382,0.2573402417961934,22.529999999999745,0.08521970705726119,9.609999999999673,5.933999999999992,0.196,1.0,,,13,2,3.0,2025
2025-03-20 13:00:00+00:00|-1.0|vol_trans_follow_h1_low_to_high_h13_tp06_sl065,2025-03-20 13:00:00+00:00,STAGE28A,data/reports/stage28a_discovery_factory_batch_runner/stage28a_exact_trades.csv,volatility_transition_v1,vol_trans_follow_h1_low_to_high_h13_tp06_sl065,-2.8876000000001114,-3.9376000000001112,-4.637600000000111,0,0,0,1,3.9376000000001112,29.179999999999836,12.38000000000011,0.4491114701130773,28.149999999999636,0.6600355239786916,16.08999999999969,7.208000000000015,0.528,-1.0,,,13,3,3.0,2025
2025-03-24 13:00:00+00:00|1.0|vol_trans_follow_h1_low_to_high_h13_tp06_sl065,2025-03-24 13:00:00+00:00,STAGE28A,data/reports/stage28a_discovery_factory_batch_runner/stage28a_exact_trades.csv,volatility_transition_v1,vol_trans_follow_h1_low_to_high_h13_tp06_sl065,-2.580149999999867,-3.6301499999998663,-4.3301499999998665,0,0,0,1,3.6301499999998663,5.869999999999891,12.66000000000031,0.09794628751976352,15.970000000000255,0.5453976205385033,9.7800000000002,6.3615000000000235,0.368,1.0,,,13,0,3.0,2025
2025-03-25 13:00:00+00:00|1.0|vol_trans_follow_h1_low_to_high_h13_tp06_sl065,2025-03-25 13:00:00+00:00,STAGE28A,data/reports/stage28a_discovery_factory_batch_runner/stage28a_exact_trades.csv,volatility_transition_v1,vol_trans_follow_h1_low_to_high_h13_tp06_sl065,1.3198000000001229,0.269800000000123,-0.4301999999998767,1,0,1,0,0.269800000000123,30.789999999999964,8.889999999999873,0.4915635545556753,14.550000000000182,0.5862542955326212,4.1599999999998545,5.54200000000003,0.068,1.0,,,13,1,3.0,2025
2025-03-26 13:00:00+00:00|1.0|vol_trans_follow_h1_low_to_high_h13_tp06_sl065,2025-03-26 13:00:00+00:00,STAGE28A,data/reports/stage28a_discovery_factory_batch_runner/stage28a_exact_trades.csv,volatility_transition_v1,vol_trans_follow_h1_low_to_high_h13_tp06_sl065,-2.112474999999995,-3.162474999999995,-3.8624749999999946,0,0,0,1,3.162474999999995,28.480000000000018,12.690000000000055,0.3065405831363165,18.789999999999964,0.4220329962746063,8.059999999999945,5.297999999999979,0.032,1.0,,,13,2,3.0,2025
2025-03-27 13:00:00+00:00|1.0|vol_trans_follow_h1_low_to_high_h13_tp06_sl065,2025-03-27 13:00:00+00:00,STAGE28A,data/reports/stage28a_discovery_factory_batch_runner/stage28a_exact_trades.csv,volatility_transition_v1,vol_trans_follow_h1_low_to_high_h13_tp06_sl065,-2.777424999999857,-3.827424999999857,-4.527424999999857,0,0,0,1,3.827424999999857,19.840000000000146,21.110000000000127,0.7607768829938346,29.13000000000011,0.5918297288019283,16.09999999999991,5.74699999999998,0.212,1.0,,,13,3,3.0,2025
2025-03-28 13:00:00+00:00|1.0|vol_trans_follow_h1_low_to_high_h13_tp06_sl065,2025-03-28 13:00:00+00:00,STAGE28A,data/reports/stage28a_discovery_factory_batch_runner/stage28a_exact_trades.csv,volatility_transition_v1,vol_trans_follow_h1_low_to_high_h13_tp06_sl065,2.047899999999936,0.997899999999936,0.2978999999999363,1,1,1,0,0.997899999999936,42.07999999999993,23.289999999999964,0.7745813653928721,19.770000000000437,0.018715225088535025,7.179999999999836,6.467000000000053,0.508,1.0,,,13,4,3.0,2025
2025-03-31 13:00:00+00:00|-1.0|vol_trans_follow_h1_low_to_high_h13_tp06_sl065,2025-03-31 13:00:00+00:00,STAGE28A,data/reports/stage28a_discovery_factory_batch_runner/stage28a_exact_trades.csv,volatility_transition_v1,vol_trans_follow_h1_low_to_high_h13_tp06_sl065,2.747200000000157,1.6972000000001572,0.9972000000001576,1,1,1,0,1.6972000000001572,12.38000000000011,34.820000000000164,0.49109707064904734,22.2199999999998,0.3510351035103419,11.239999999999782,9.588500000000021,0.972,-1.0,,,13,0,3.0,2025
2025-04-01 13:00:00+00:00|1.0|vol_trans_follow_h1_low_to_high_h13_tp06_sl065,2025-04-01 13:00:00+00:00,STAGE28A,data/reports/stage28a_discovery_factory_batch_runner/stage28a_exact_trades.csv,volatility_transition_v1,vol_trans_follow_h1_low_to_high_h13_tp06_sl065,-3.827499999999964,-4.877499999999964,-5.577499999999963,0,0,0,1,4.877499999999964,51.42000000000007,27.210000000000036,0.8515251745681582,24.809999999999945,0.5630794034663373,3.7799999999997453,8.379499999999917,0.832,1.0,,,13,1,4.0,2025
2025-04-02 13:00:00+00:00|-1.0|vol_trans_follow_h1_low_to_high_h13_tp06_sl065,2025-04-02 13:00:00+00:00,STAGE28A,data/reports/stage28a_discovery_factory_batch_runner/stage28a_exact_trades.csv,volatility_transition_v1,vol_trans_follow_h1_low_to_high_h13_tp06_sl065,2.303200000000197,1.2532000000001973,0.5532000000001975,1,1,1,0,1.2532000000001973,48.38000000000011,27.879999999999654,0.5068149210903976,24.329999999999927,0.23386765310316776,4.4699999999998,9.309999999999992,0.884,-1.0,,,13,2,4.0,2025
2025-04-03 13:00:00+00:00|-1.0|vol_trans_follow_h1_low_to_high_h13_tp06_sl065,2025-04-03 13:00:00+00:00,STAGE28A,data/reports/stage28a_discovery_factory_batch_runner/stage28a_exact_trades.csv,volatility_transition_v1,vol_trans_follow_h1_low_to_high_h13_tp06_sl065,3.6283000000002175,2.5783000000002176,1.878300000000218,1,1,1,0,2.5783000000002176,41.36000000000013,45.86000000000013,0.04513737461839737,33.409999999999854,0.7934750074827995,8.0,14.06049999999998,0.968,-1.0,,,13,3,4.0,2025
2025-04-04 13:00:00+00:00|1.0|vol_trans_follow_h1_low_to_high_h13_tp06_sl065,2025-04-04 13:00:00+00:00,STAGE28A,data/reports/stage28a_discovery_factory_batch_runner/stage28a_exact_trades.csv,volatility_transition_v1,vol_trans_follow_h1_low_to_high_h13_tp06_sl065,-4.355625000000236,-5.405625000000237,-6.105625000000236,0,0,0,1,5.405625000000237,113.61000000000013,29.670000000000073,0.572295247724974,31.329999999999927,0.25247366741143723,12.059999999999945,13.235000000000037,0.868,1.0,,,13,4,4.0,2025
2025-04-07 13:00:00+00:00|-1.0|vol_trans_follow_h1_low_to_high_h13_tp06_sl065,2025-04-07 13:00:00+00:00,STAGE28A,data/reports/stage28a_discovery_factory_batch_runner/stage28a_exact_trades.csv,volatility_transition_v1,vol_trans_follow_h1_low_to_high_h13_tp06_sl065,-6.986500000000069,-8.03650000000007,-8.736500000000069,0,0,0,1,8.03650000000007,31.919999999999618,84.09999999999991,0.11319857312722939,31.210000000000036,0.19801345722524283,13.6899999999996,26.00549999999989,0.968,-1.0,,,13,0,4.0,2025
2025-04-08 13:00:00+00:00|-1.0|vol_trans_follow_h1_low_to_high_h13_tp06_sl065,2025-04-08 13:00:00+00:00,STAGE28A,data/reports/stage28a_discovery_factory_batch_runner/stage28a_exact_trades.csv,volatility_transition_v1,vol_trans_follow_h1_low_to_high_h13_tp06_sl065,-4.199299999999857,-5.249299999999858,-5.949299999999857,0,0,0,1,5.249299999999858,99.02999999999975,26.2800000000002,0.3047945205479339,24.710000000000036,0.4900849858356985,12.850000000000364,14.336000000000036,0.708,-1.0,,,13,1,4.0,2025
2025-04-09 13:00:00+00:00|1.0|vol_trans_follow_h1_low_to_high_h13_tp06_sl065,2025-04-09 13:00:00+00:00,STAGE28A,data/reports/stage28a_discovery_factory_batch_runner/stage28a_exact_trades.csv,volatility_transition_v1,vol_trans_follow_h1_low_to_high_h13_tp06_sl065,4.2733000000002,3.2233000000001995,2.5233000000002,1,1,1,0,3.2233000000001995,47.98000000000002,41.13999999999987,0.5486144871171555,52.7800000000002,0.7663887836301566,10.75,14.925000000000045,0.72,1.0,,,13,2,4.0,2025
2025-04-10 13:00:00+00:00|1.0|vol_trans_follow_h1_low_to_high_h13_tp06_sl065,2025-04-10 13:00:00+00:00,STAGE28A,data/reports/stage28a_discovery_factory_batch_runner/stage28a_exact_trades.csv,volatility_transition_v1,vol_trans_follow_h1_low_to_high_h13_tp06_sl065,-4.8080249999999065,-5.858024999999907,-6.5580249999999065,0,0,0,1,5.858024999999907,129.6500000000001,60.11999999999989,0.7538256819693986,29.460000000000036,0.30040733197557207,14.829999999999927,18.808000000000014,0.804,1.0,,,13,3,4.0,2025
2025-04-11 13:00:00+00:00|1.0|vol_trans_follow_h1_low_to_high_h13_tp06_sl065,2025-04-11 13:00:00+00:00,STAGE28A,data/reports/stage28a_discovery_factory_batch_runner/stage28a_exact_trades.csv,volatility_transition_v1,vol_trans_follow_h1_low_to_high_h13_tp06_sl065,-7.538674999999875,-8.588674999999876,-9.288674999999875,0,0,0,1,8.588674999999876,117.48000000000002,44.58999999999969,0.6503700381251447,42.960000000000036,0.23114525139664405,18.049999999999727,16.929500000000008,0.704,1.0,,,13,4,4.0,2025
2025-04-14 13:00:00+00:00|-1.0|vol_trans_follow_h1_low_to_high_h13_tp06_sl065,2025-04-14 13:00:00+00:00,STAGE28A,data/reports/stage28a_discovery_factory_batch_runner/stage28a_exact_trades.csv,volatility_transition_v1,vol_trans_follow_h1_low_to_high_h13_tp06_sl065,-4.397875000000203,-5.447875000000204,-6.147875000000203,0,0,0,1,5.447875000000204,20.509999999999764,36.29999999999973,0.31129476584022775,21.460000000000036,0.39422180801491247,10.75,12.78000000000004,0.344,-1.0,,,13,0,4.0,2025
2025-04-15 13:00:00+00:00|-1.0|vol_trans_follow_h1_low_to_high_h13_tp06_sl065,2025-04-15 13:00:00+00:00,STAGE28A,data/reports/stage28a_discovery_factory_batch_runner/stage28a_exact_trades.csv,volatility_transition_v1,vol_trans_follow_h1_low_to_high_h13_tp06_sl065,2.3335000000000945,1.283500000000095,0.5835000000000949,1,1,1,0,1.283500000000095,52.00999999999976,18.799999999999727,0.8563829787234118,15.259999999999764,0.38204456094364464,9.0,8.617999999999938,0.028,-1.0,,,13,1,4.0,2025
2025-04-16 13:00:00+00:00|-1.0|vol_trans_follow_h1_low_to_high_h13_tp06_sl065,2025-04-16 13:00:00+00:00,STAGE28A,data/reports/stage28a_discovery_factory_batch_runner/stage28a_exact_trades.csv,volatility_transition_v1,vol_trans_follow_h1_low_to_high_h13_tp06_sl065,-4.949725000000035,-5.999725000000035,-6.699725000000035,0,0,0,1,5.999725000000035,31.389999999999873,51.76000000000022,0.7735703245749574,48.39000000000033,0.4552593511056014,10.7199999999998,11.749999999999977,0.224,-1.0,,,13,2,4.0,2025
2025-04-17 13:00:00+00:00|-1.0|vol_trans_follow_h1_low_to_high_h13_tp06_sl065,2025-04-17 13:00:00+00:00,STAGE28A,data/reports/stage28a_discovery_factory_batch_runner/stage28a_exact_trades.csv,volatility_transition_v1,vol_trans_follow_h1_low_to_high_h13_tp06_sl065,-4.047200000000066,-5.097200000000067,-5.797200000000066,0,0,0,1,5.097200000000067,121.34000000000015,36.90000000000009,0.17723577235772214,32.649999999999636,0.7038284839203759,6.239999999999782,12.475999999999976,0.224,-1.0,,,13,3,4.0,2025
2025-04-21 13:00:00+00:00|1.0|vol_trans_follow_h1_low_to_high_h13_tp06_sl065,2025-04-21 13:00:00+00:00,STAGE28A,data/reports/stage28a_discovery_factory_batch_runner/stage28a_exact_trades.csv,volatility_transition_v1,vol_trans_follow_h1_low_to_high_h13_tp06_sl065,-3.2941750000000867,-4.344175000000087,-5.044175000000086,0,0,0,1,4.344175000000087,24.230000000000018,56.29999999999973,0.6460035523978698,27.25,0.4565137614678919,6.049999999999727,12.712999999999965,0.252,1.0,,,13,0,4.0,2025
2025-04-22 13:00:00+00:00|1.0|vol_trans_follow_h1_low_to_high_h13_tp06_sl065,2025-04-22 13:00:00+00:00,STAGE28A,data/reports/stage28a_discovery_factory_batch_runner/stage28a_exact_trades.csv,volatility_transition_v1,vol_trans_follow_h1_low_to_high_h13_tp06_sl065,-7.266000000000167,-8.316000000000168,-9.016000000000169,0,0,0,1,8.316000000000168,102.19999999999982,82.3100000000004,0.6886162070222277,56.809999999999945,0.5835240274599564,14.8100000000004,18.692000000000075,0.848,1.0,,,13,1,4.0,2025
2025-04-23 13:00:00+00:00|-1.0|vol_trans_follow_h1_low_to_high_h13_tp06_sl065,2025-04-23 13:00:00+00:00,STAGE28A,data/reports/stage28a_discovery_factory_batch_runner/stage28a_exact_trades.csv,volatility_transition_v1,vol_trans_follow_h1_low_to_high_h13_tp06_sl065,6.822999999999775,5.772999999999774,5.072999999999775,1,1,1,0,5.772999999999774,174.55999999999995,73.46000000000004,0.1497413558399128,57.48999999999978,0.37049921725517937,23.18000000000029,25.63149999999996,0.968,-1.0,,,13,2,4.0,2025
2025-04-24 13:00:00+00:00|-1.0|vol_trans_follow_h1_low_to_high_h13_tp06_sl065,2025-04-24 13:00:00+00:00,STAGE28A,data/reports/stage28a_discovery_factory_batch_runner/stage28a_exact_trades.csv,volatility_transition_v1,vol_trans_follow_h1_low_to_high_h13_tp06_sl065,4.692399999999816,3.642399999999816,2.9423999999998163,1,1,1,0,3.642399999999816,126.44999999999982,79.0,0.23063291139240252,28.09999999999991,0.312455516014243,17.419999999999618,19.277500000000053,0.756,-1.0,,,13,3,4.0,2025
2025-04-25 13:00:00+00:00|-1.0|vol_trans_follow_h1_low_to_high_h13_tp06_sl065,2025-04-25 13:00:00+00:00,STAGE28A,data/reports/stage28a_discovery_factory_batch_runner/stage28a_exact_trades.csv,volatility_transition_v1,vol_trans_follow_h1_low_to_high_h13_tp06_sl065,-5.763524999999936,-6.813524999999936,-7.513524999999936,0,0,0,1,6.813524999999936,79.0,48.029999999999745,0.906516760358123,40.48999999999978,0.7698197085700232,16.579999999999927,16.981500000000004,0.668,-1.0,,,13,4,4.0,2025
2025-04-28 13:00:00+00:00|-1.0|vol_trans_follow_h1_low_to_high_h13_tp06_sl065,2025-04-28 13:00:00+00:00,STAGE28A,data/reports/stage28a_discovery_factory_batch_runner/stage28a_exact_trades.csv,volatility_transition_v1,vol_trans_follow_h1_low_to_high_h13_tp06_sl065,3.6010000000000217,2.551000000000022,1.8510000000000224,1,1,1,0,2.551000000000022,21.850000000000364,62.68000000000029,0.3162093171665615,26.480000000000018,0.6182024169184245,12.800000000000182,16.01350000000009,0.54,-1.0,,,13,0,4.0,2025
2025-04-29 13:00:00+00:00|-1.0|vol_trans_follow_h1_low_to_high_h13_tp06_sl065,2025-04-29 13:00:00+00:00,STAGE28A,data/reports/stage28a_discovery_factory_batch_runner/stage28a_exact_trades.csv,volatility_transition_v1,vol_trans_follow_h1_low_to_high_h13_tp06_sl065,3.1195000000001527,2.069500000000153,1.3695000000001532,1,1,1,0,2.069500000000153,84.68000000000029,40.26999999999998,0.5495406009436334,19.720000000000255,0.35699797160242763,7.269999999999982,13.547000000000049,0.296,-1.0,,,13,1,4.0,2025
2025-04-30 13:00:00+00:00|-1.0|vol_trans_follow_h1_low_to_high_h13_tp06_sl065,2025-04-30 13:00:00+00:00,STAGE28A,data/reports/stage28a_discovery_factory_batch_runner/stage28a_exact_trades.csv,volatility_transition_v1,vol_trans_follow_h1_low_to_high_h13_tp06_sl065,-4.5262499999999815,-5.576249999999982,-6.2762499999999815,0,0,0,1,5.576249999999982,48.690000000000055,24.269999999999982,0.5937371240214201,39.57999999999993,0.7271349166245528,11.799999999999727,11.332499999999936,0.14,-1.0,,,13,2,4.0,2025
2025-05-01 13:00:00+00:00|-1.0|vol_trans_follow_h1_low_to_high_h13_tp06_sl065,2025-05-01 13:00:00+00:00,STAGE28A,data/reports/stage28a_discovery_factory_batch_runner/stage28a_exact_trades.csv,volatility_transition_v1,vol_trans_follow_h1_low_to_high_h13_tp06_sl065,-4.147950000000128,-5.197950000000128,-5.897950000000128,0,0,0,1,5.197950000000128,60.86999999999989,61.15000000000009,0.7282093213409596,27.449999999999818,0.39744990892533266,20.409999999999854,14.614999999999963,0.46,-1.0,,,13,3,5.0,2025
2025-05-02 13:00:00+00:00|1.0|vol_trans_follow_h1_low_to_high_h13_tp06_sl065,2025-05-02 13:00:00+00:00,STAGE28A,data/reports/stage28a_discovery_factory_batch_runner/stage28a_exact_trades.csv,volatility_transition_v1,vol_trans_follow_h1_low_to_high_h13_tp06_sl065,2.971599999999762,1.9215999999997624,1.2215999999997624,1,1,1,0,1.9215999999997624,88.20000000000027,31.109999999999673,0.5483767277402805,20.670000000000073,0.49443638122882266,11.980000000000018,11.065999999999985,0.016,1.0,,,13,4,5.0,2025
2025-05-05 13:00:00+00:00|1.0|vol_trans_follow_h1_low_to_high_h13_tp06_sl065,2025-05-05 13:00:00+00:00,STAGE28A,data/reports/stage28a_discovery_factory_batch_runner/stage28a_exact_trades.csv,volatility_transition_v1,vol_trans_follow_h1_low_to_high_h13_tp06_sl065,3.3906999999998333,2.340699999999833,1.6406999999998335,1,1,1,0,2.340699999999833,7.070000000000164,34.75,0.4330935251798483,55.36000000000013,0.9750722543352582,26.809999999999945,13.4650000000001,0.28,1.0,,,13,0,5.0,2025
2025-05-06 13:00:00+00:00|1.0|vol_trans_follow_h1_low_to_high_h13_tp06_sl065,2025-05-06 13:00:00+00:00,STAGE28A,data/reports/stage28a_discovery_factory_batch_runner/stage28a_exact_trades.csv,volatility_transition_v1,vol_trans_follow_h1_low_to_high_h13_tp06_sl065,-4.483025000000088,-5.533025000000089,-6.233025000000088,0,0,0,1,5.533025000000089,100.18000000000029,63.51999999999998,0.4711901763224157,32.86999999999989,0.6905993306966807,11.739999999999782,14.196000000000026,0.444,1.0,,,13,1,5.0,2025
2025-05-07 13:00:00+00:00|-1.0|vol_trans_follow_h1_low_to_high_h13_tp06_sl065,2025-05-07 13:00:00+00:00,STAGE28A,data/reports/stage28a_discovery_factory_batch_runner/stage28a_exact_trades.csv,volatility_transition_v1,vol_trans_follow_h1_low_to_high_h13_tp06_sl065,3.761499999999978,2.7114999999999783,2.0114999999999785,1,1,1,0,2.7114999999999783,111.4699999999998,78.80000000000018,0.07398477157360296,27.629999999999654,0.20123054650742,15.36999999999989,19.48150000000005,0.86,-1.0,,,13,2,5.0,2025
2025-05-08 13:00:00+00:00|-1.0|vol_trans_follow_h1_low_to_high_h13_tp06_sl065,2025-05-08 13:00:00+00:00,STAGE28A,data/reports/stage28a_discovery_factory_batch_runner/stage28a_exact_trades.csv,volatility_transition_v1,vol_trans_follow_h1_low_to_high_h13_tp06_sl065,5.340099999999802,4.290099999999802,3.5900999999998024,1,1,1,0,4.290099999999802,78.80000000000018,50.23000000000002,0.5377264582918525,79.16000000000031,0.8227640222334494,13.0,16.130499999999962,0.648,-1.0,,,13,3,5.0,2025
2025-05-09 13:00:00+00:00|-1.0|vol_trans_follow_h1_low_to_high_h13_tp06_sl065,2025-05-09 13:00:00+00:00,STAGE28A,data/reports/stage28a_discovery_factory_batch_runner/stage28a_exact_trades.csv,volatility_transition_v1,vol_trans_follow_h1_low_to_high_h13_tp06_sl065,3.137799999999879,2.0877999999998798,1.3877999999998796,1,1,1,0,2.0877999999998798,126.18000000000029,49.309999999999945,0.3214358142364617,24.079999999999927,0.7093023255813945,5.7199999999998,16.525499999999965,0.712,-1.0,,,13,4,5.0,2025
2025-05-12 13:00:00+00:00|-1.0|vol_trans_follow_h1_low_to_high_h13_tp06_sl065,2025-05-12 13:00:00+00:00,STAGE28A,data/reports/stage28a_discovery_factory_batch_runner/stage28a_exact_trades.csv,volatility_transition_v1,vol_trans_follow_h1_low_to_high_h13_tp06_sl065,5.8261000000001335,4.776100000000133,4.0761000000001335,1,1,1,0,4.776100000000133,44.57999999999993,52.61999999999989,0.20600532117066073,70.42999999999984,0.9747266789720325,18.329999999999927,18.80450000000003,0.932,-1.0,,,13,0,5.0,2025
2025-05-13 13:00:00+00:00|-1.0|vol_trans_follow_h1_low_to_high_h13_tp06_sl065,2025-05-13 13:00:00+00:00,STAGE28A,data/reports/stage28a_discovery_factory_batch_runner/stage28a_exact_trades.csv,volatility_transition_v1,vol_trans_follow_h1_low_to_high_h13_tp06_sl065,-3.7241500000001,-4.7741500000001,-5.474150000000099,0,0,0,1,4.7741500000001,103.59999999999991,27.399999999999636,0.1021897810219058,30.669999999999618,0.5441799804369176,6.079999999999927,11.865499999999951,0.116,-1.0,,,13,1,5.0,2025
2025-05-14 13:00:00+00:00|-1.0|vol_trans_follow_h1_low_to_high_h13_tp06_sl065,2025-05-14 13:00:00+00:00,STAGE28A,data/reports/stage28a_discovery_factory_batch_runner/stage28a_exact_trades.csv,volatility_transition_v1,vol_trans_follow_h1_low_to_high_h13_tp06_sl065,3.078699999999935,2.0286999999999358,1.3286999999999356,1,1,1,0,2.0286999999999358,49.629999999999654,30.800000000000182,0.849025974025972,22.360000000000127,0.1797853309481198,7.360000000000127,10.046499999999991,0.012,-1.0,,,13,2,5.0,2025
2025-05-15 13:00:00+00:00|1.0|vol_trans_follow_h1_low_to_high_h13_tp06_sl065,2025-05-15 13:00:00+00:00,STAGE28A,data/reports/stage28a_discovery_factory_batch_runner/stage28a_exact_trades.csv,volatility_transition_v1,vol_trans_follow_h1_low_to_high_h13_tp06_sl065,-6.468774999999914,-7.518774999999914,-8.218774999999914,0,0,0,1,7.518774999999914,88.99000000000024,44.320000000000164,0.7274368231046958,50.940000000000055,0.290341578327443,12.239999999999782,14.491500000000087,0.548,1.0,,,13,3,5.0,2025
2025-05-16 13:00:00+00:00|1.0|vol_trans_follow_h1_low_to_high_h13_tp06_sl065,2025-05-16 13:00:00+00:00,STAGE28A,data/reports/stage28a_discovery_factory_batch_runner/stage28a_exact_trades.csv,volatility_transition_v1,vol_trans_follow_h1_low_to_high_h13_tp06_sl065,4.075600000000032,3.025600000000032,2.325600000000032,1,1,1,0,3.025600000000032,131.69000000000005,45.57999999999993,0.8600263273365585,35.88000000000011,0.07413600891861333,9.079999999999927,13.179999999999927,0.332,1.0,,,13,4,5.0,2025
2025-05-19 13:00:00+00:00|-1.0|vol_trans_follow_h1_low_to_high_h13_tp06_sl065,2025-05-19 13:00:00+00:00,STAGE28A,data/reports/stage28a_discovery_factory_batch_runner/stage28a_exact_trades.csv,volatility_transition_v1,vol_trans_follow_h1_low_to_high_h13_tp06_sl065,3.1836999999999533,2.133699999999953,1.4336999999999538,1,1,1,0,2.133699999999953,34.039999999999964,43.0,0.6297674418604634,40.88999999999987,0.7282954267547149,13.920000000000073,15.645500000000016,0.62,-1.0,,,13,0,5.0,2025
2025-05-20 13:00:00+00:00|1.0|vol_trans_follow_h1_low_to_high_h13_tp06_sl065,2025-05-20 13:00:00+00:00,STAGE28A,data/reports/stage28a_discovery_factory_batch_runner/stage28a_exact_trades.csv,volatility_transition_v1,vol_trans_follow_h1_low_to_high_h13_tp06_sl065,3.096399999999812,2.0463999999998124,1.3463999999998126,1,1,1,0,2.0463999999998124,43.039999999999964,28.140000000000327,0.5501066098080805,31.31999999999971,0.7962962962963054,8.679999999999836,10.191499999999996,0.04,1.0,,,13,1,5.0,2025
2025-05-21 13:00:00+00:00|1.0|vol_trans_follow_h1_low_to_high_h13_tp06_sl065,2025-05-21 13:00:00+00:00,STAGE28A,data/reports/stage28a_discovery_factory_batch_runner/stage28a_exact_trades.csv,volatility_transition_v1,vol_trans_follow_h1_low_to_high_h13_tp06_sl065,3.1588000000000647,2.108800000000065,1.4088000000000651,1,1,1,0,2.108800000000065,92.44000000000005,29.09999999999991,0.3731958762886497,22.159999999999854,0.26579422382673135,6.3400000000001455,11.911499999999933,0.176,1.0,,,13,2,5.0,2025
2025-05-22 13:00:00+00:00|-1.0|vol_trans_follow_h1_low_to_high_h13_tp06_sl065,2025-05-22 13:00:00+00:00,STAGE28A,data/reports/stage28a_discovery_factory_batch_runner/stage28a_exact_trades.csv,volatility_transition_v1,vol_trans_follow_h1_low_to_high_h13_tp06_sl065,3.005199999999968,1.955199999999968,1.2551999999999683,1,1,1,0,1.955199999999968,39.2800000000002,29.789999999999964,0.5877811346089219,35.23999999999978,0.8688989784336004,9.629999999999654,10.234999999999946,0.06,-1.0,,,13,3,5.0,2025
2025-05-23 13:00:00+00:00|1.0|vol_trans_follow_h1_low_to_high_h13_tp06_sl065,2025-05-23 13:00:00+00:00,STAGE28A,data/reports/stage28a_discovery_factory_batch_runner/stage28a_exact_trades.csv,volatility_transition_v1,vol_trans_follow_h1_low_to_high_h13_tp06_sl065,2.61309999999994,1.5630999999999404,0.8630999999999407,1,1,1,0,1.5630999999999404,66.07000000000016,21.76000000000022,0.197150735294114,32.4399999999996,0.8187422934648666,9.150000000000091,10.784000000000038,0.168,1.0,,,13,4,5.0,2025
2025-05-26 13:00:00+00:00|-1.0|vol_trans_follow_h1_low_to_high_h13_tp06_sl065,2025-05-26 13:00:00+00:00,STAGE28A,data/reports/stage28a_discovery_factory_batch_runner/stage28a_exact_trades.csv,volatility_transition_v1,vol_trans_follow_h1_low_to_high_h13_tp06_sl065,2.4462999999999737,1.396299999999974,0.6962999999999742,1,1,1,0,1.396299999999974,14.840000000000146,25.259999999999764,0.1270783847981024,28.269999999999982,0.6742129465864859,12.549999999999727,9.395000000000028,0.012,-1.0,,,13,0,5.0,2025
2025-05-27 13:00:00+00:00|-1.0|vol_trans_follow_h1_low_to_high_h13_tp06_sl065,2025-05-27 13:00:00+00:00,STAGE28A,data/reports/stage28a_discovery_factory_batch_runner/stage28a_exact_trades.csv,volatility_transition_v1,vol_trans_follow_h1_low_to_high_h13_tp06_sl065,4.396300000000247,3.3463000000002467,2.646300000000247,1,1,1,0,3.3463000000002467,33.23999999999978,18.09999999999991,0.3596685082872816,48.90000000000009,0.9141104294478474,14.960000000000036,9.271000000000049,0.096,-1.0,,,13,1,5.0,2025
2025-05-28 13:00:00+00:00|1.0|vol_trans_follow_h1_low_to_high_h13_tp06_sl065,2025-05-28 13:00:00+00:00,STAGE28A,data/reports/stage28a_discovery_factory_batch_runner/stage28a_exact_trades.csv,volatility_transition_v1,vol_trans_follow_h1_low_to_high_h13_tp06_sl065,2.69950000000008,1.64950000000008,0.9495000000000804,1,1,1,0,1.64950000000008,64.65999999999985,24.050000000000182,0.22910602910601754,31.070000000000164,0.8464757000321868,5.320000000000164,9.679000000000087,0.124,1.0,,,13,2,5.0,2025
2025-05-29 13:00:00+00:00|1.0|vol_trans_follow_h1_low_to_high_h13_tp06_sl065,2025-05-29 13:00:00+00:00,STAGE28A,data/reports/stage28a_discovery_factory_batch_runner/stage28a_exact_trades.csv,volatility_transition_v1,vol_trans_follow_h1_low_to_high_h13_tp06_sl065,-3.628925000000072,-4.678925000000072,-5.378925000000072,0,0,0,1,4.678925000000072,48.7199999999998,49.67000000000007,0.2415945238574589,23.240000000000236,0.3222891566265129,6.980000000000018,13.875999999999976,0.708,1.0,,,13,3,5.0,2025
2025-05-30 13:00:00+00:00|-1.0|vol_trans_follow_h1_low_to_high_h13_tp06_sl065,2025-05-30 13:00:00+00:00,STAGE28A,data/reports/stage28a_discovery_factory_batch_runner/stage28a_exact_trades.csv,volatility_transition_v1,vol_trans_follow_h1_low_to_high_h13_tp06_sl065,3.301600000000144,2.251600000000144,1.5516000000001444,1,1,1,0,2.251600000000144,85.5,31.449999999999818,0.6311605723370437,17.59999999999991,0.06193181818182677,6.649999999999636,9.561000000000012,0.124,-1.0,,,13,4,5.0,2025
2025-06-02 13:00:00+00:00|-1.0|vol_trans_follow_h1_low_to_high_h13_tp06_sl065,2025-06-02 13:00:00+00:00,STAGE28A,data/reports/stage28a_discovery_factory_batch_runner/stage28a_exact_trades.csv,volatility_transition_v1,vol_trans_follow_h1_low_to_high_h13_tp06_sl065,-3.906474999999864,-4.956474999999864,-5.656474999999864,0,0,0,1,4.956474999999864,19.170000000000073,20.759999999999764,0.2076107899807319,50.04999999999973,0.7880119880119933,8.010000000000218,10.502499999999964,0.32,-1.0,,,13,0,6.0,2025
2025-06-03 13:00:00+00:00|-1.0|vol_trans_follow_h1_low_to_high_h13_tp06_sl065,2025-06-03 13:00:00+00:00,STAGE28A,data/reports/stage28a_discovery_factory_batch_runner/stage28a_exact_trades.csv,volatility_transition_v1,vol_trans_follow_h1_low_to_high_h13_tp06_sl065,2.9475999999998748,1.897599999999875,1.1975999999998752,1,1,1,0,1.897599999999875,94.19000000000005,32.42000000000007,0.8932757557063532,16.5,0.27636363636363304,7.6599999999998545,9.29100000000003,0.108,-1.0,,,13,1,6.0,2025
2025-06-04 13:00:00+00:00|1.0|vol_trans_follow_h1_low_to_high_h13_tp06_sl065,2025-06-04 13:00:00+00:00,STAGE28A,data/reports/stage28a_discovery_factory_batch_runner/stage28a_exact_trades.csv,volatility_transition_v1,vol_trans_follow_h1_low_to_high_h13_tp06_sl065,2.5819000000000414,1.5319000000000416,0.8319000000000418,1,1,1,0,1.5319000000000416,59.320000000000164,26.11999999999989,0.07465543644716027,17.25,0.2179710144927663,5.600000000000364,8.997499999999922,0.096,1.0,,,13,2,6.0,2025
2025-06-05 13:00:00+00:00|1.0|vol_trans_follow_h1_low_to_high_h13_tp06_sl065,2025-06-05 13:00:00+00:00,STAGE28A,data/reports/stage28a_discovery_factory_batch_runner/stage28a_exact_trades.csv,volatility_transition_v1,vol_trans_follow_h1_low_to_high_h13_tp06_sl065,2.480500000000029,1.4305000000000292,0.7305000000000295,1,1,1,0,1.4305000000000292,40.88999999999987,15.769999999999982,0.24413443246670347,30.279999999999745,0.6647952443857423,17.199999999999818,9.147000000000002,0.148,1.0,,,13,3,6.0,2025
2025-06-06 13:00:00+00:00|-1.0|vol_trans_follow_h1_low_to_high_h13_tp06_sl065,2025-06-06 13:00:00+00:00,STAGE28A,data/reports/stage28a_discovery_factory_batch_runner/stage28a_exact_trades.csv,volatility_transition_v1,vol_trans_follow_h1_low_to_high_h13_tp06_sl065,-3.493074999999953,-4.543074999999954,-5.243074999999953,0,0,0,1,4.543074999999954,64.22000000000025,18.7199999999998,0.5694444444444671,22.740000000000236,0.5721196130167143,12.539999999999964,10.640500000000042,0.508,-1.0,,,13,4,6.0,2025
2025-06-09 13:00:00+00:00|-1.0|vol_trans_follow_h1_low_to_high_h13_tp06_sl065,2025-06-09 13:00:00+00:00,STAGE28A,data/reports/stage28a_discovery_factory_batch_runner/stage28a_exact_trades.csv,volatility_transition_v1,vol_trans_follow_h1_low_to_high_h13_tp06_sl065,2.00109999999986,0.9510999999998604,0.2510999999998606,1,1,1,0,0.9510999999998604,11.909999999999854,27.629999999999654,0.1458559536735523,19.210000000000036,0.4122852680895397,6.599999999999909,9.362500000000068,0.208,-1.0,,,13,0,6.0,2025
2025-06-10 13:00:00+00:00|1.0|vol_trans_follow_h1_low_to_high_h13_tp06_sl065,2025-06-10 13:00:00+00:00,STAGE28A,data/reports/stage28a_discovery_factory_batch_runner/stage28a_exact_trades.csv,volatility_transition_v1,vol_trans_follow_h1_low_to_high_h13_tp06_sl065,2.4810999999998784,1.4310999999998786,0.7310999999998788,1,1,1,0,1.4310999999998786,44.629999999999654,25.990000000000236,0.6167756829549673,31.990000000000236,0.6927164738980977,4.610000000000127,8.441999999999984,0.068,1.0,,,13,1,6.0,2025
2025-06-11 13:00:00+00:00|-1.0|vol_trans_follow_h1_low_to_high_h13_tp06_sl065,2025-06-11 13:00:00+00:00,STAGE28A,data/reports/stage28a_discovery_factory_batch_runner/stage28a_exact_trades.csv,volatility_transition_v1,vol_trans_follow_h1_low_to_high_h13_tp06_sl065,2.362300000000141,1.3123000000001412,0.6123000000001415,1,1,1,0,1.3123000000001412,47.15000000000009,26.059999999999945,0.5721412125863349,17.140000000000327,0.3302217036172547,13.240000000000236,9.195500000000015,0.18,-1.0,,,13,2,6.0,2025
2025-06-12 13:00:00+00:00|1.0|vol_trans_follow_h1_low_to_high_h13_tp06_sl065,2025-06-12 13:00:00+00:00,STAGE28A,data/reports/stage28a_discovery_factory_batch_runner/stage28a_exact_trades.csv,volatility_transition_v1,vol_trans_follow_h1_low_to_high_h13_tp06_sl065,-4.483025000000088,-5.533025000000089,-6.233025000000088,0,0,0,1,5.533025000000089,54.10999999999967,21.41000000000031,0.20597851471274128,37.07999999999993,0.21467098166127432,12.5,12.585000000000036,0.912,1.0,,,13,3,6.0,2025
2025-06-13 13:00:00+00:00|-1.0|vol_trans_follow_h1_low_to_high_h13_tp06_sl065,2025-06-13 13:00:00+00:00,STAGE28A,data/reports/stage28a_discovery_factory_batch_runner/stage28a_exact_trades.csv,volatility_transition_v1,vol_trans_follow_h1_low_to_high_h13_tp06_sl065,-4.438174999999864,-5.488174999999865,-6.188174999999864,0,0,0,1,5.488174999999865,60.320000000000164,64.65000000000009,0.6521268368136086,22.43000000000029,0.05840392331698299,7.2400000000002365,12.121500000000015,0.816,-1.0,,,13,4,6.0,2025
2025-06-16 13:00:00+00:00|-1.0|vol_trans_follow_h1_low_to_high_h13_tp06_sl065,2025-06-16 13:00:00+00:00,STAGE28A,data/reports/stage28a_discovery_factory_batch_runner/stage28a_exact_trades.csv,volatility_transition_v1,vol_trans_follow_h1_low_to_high_h13_tp06_sl065,-4.0296500000000375,-5.079650000000038,-5.7796500000000375,0,0,0,1,5.079650000000038,20.269999999999982,23.529999999999745,0.7178070548236317,23.769999999999982,0.8199411022296927,7.589999999999691,10.56049999999998,0.476,-1.0,,,13,0,6.0,2025
2025-06-17 13:00:00+00:00|1.0|vol_trans_follow_h1_low_to_high_h13_tp06_sl065,2025-06-17 13:00:00+00:00,STAGE28A,data/reports/stage28a_discovery_factory_batch_runner/stage28a_exact_trades.csv,volatility_transition_v1,vol_trans_follow_h1_low_to_high_h13_tp06_sl065,-3.659799999999996,-4.709799999999996,-5.409799999999995,0,0,0,1,4.709799999999996,70.05999999999995,29.539999999999964,0.2599864590386019,20.360000000000127,0.10559921414538691,10.139999999999873,9.720500000000039,0.324,1.0,,,13,1,6.0,2025
2025-06-18 13:00:00+00:00|-1.0|vol_trans_follow_h1_low_to_high_h13_tp06_sl065,2025-06-18 13:00:00+00:00,STAGE28A,data/reports/stage28a_discovery_factory_batch_runner/stage28a_exact_trades.csv,volatility_transition_v1,vol_trans_follow_h1_low_to_high_h13_tp06_sl065,2.062899999999809,1.0128999999998087,0.312899999999809,1,1,1,0,1.0128999999998087,37.070000000000164,25.65000000000009,0.08109161793372008,24.519999999999982,0.5236541598695006,10.019999999999982,9.534500000000026,0.252,-1.0,,,13,2,6.0,2025
2025-06-19 13:00:00+00:00|1.0|vol_trans_follow_h1_low_to_high_h13_tp06_sl065,2025-06-19 13:00:00+00:00,STAGE28A,data/reports/stage28a_discovery_factory_batch_runner/stage28a_exact_trades.csv,volatility_transition_v1,vol_trans_follow_h1_low_to_high_h13_tp06_sl065,-4.3939750000000455,-5.443975000000046,-6.1439750000000455,0,0,0,1,5.443975000000046,37.409999999999854,18.40000000000009,0.08641304347826835,27.670000000000073,0.11962414166967607,9.88000000000011,10.623499999999922,0.482,1.0,,,13,3,6.0,2025
2025-06-20 13:00:00+00:00|1.0|vol_trans_follow_h1_low_to_high_h13_tp06_sl065,2025-06-20 13:00:00+00:00,STAGE28A,data/reports/stage28a_discovery_factory_batch_runner/stage28a_exact_trades.csv,volatility_transition_v1,vol_trans_follow_h1_low_to_high_h13_tp06_sl065,-3.399149999999827,-4.449149999999827,-5.1491499999998265,0,0,0,1,4.449149999999827,40.36000000000013,25.590000000000146,0.3993747557639602,18.860000000000127,0.01590668080592392,9.909999999999854,8.579500000000076,0.096,1.0,,,13,4,6.0,2025
2025-06-23 13:00:00+00:00|1.0|vol_trans_follow_h1_low_to_high_h13_tp06_sl065,2025-06-23 13:00:00+00:00,STAGE28A,data/reports/stage28a_discovery_factory_batch_runner/stage28a_exact_trades.csv,volatility_transition_v1,vol_trans_follow_h1_low_to_high_h13_tp06_sl065,2.3710000000000035,1.3210000000000035,0.621000000000004,1,1,1,0,1.3210000000000035,23.81999999999971,44.409999999999854,0.3560009006980409,21.91000000000031,0.14696485623002073,7.350000000000364,9.581000000000017,0.356,1.0,,,13,0,6.0,2025
2025-06-24 13:00:00+00:00|-1.0|vol_trans_follow_h1_low_to_high_h13_tp06_sl065,2025-06-24 13:00:00+00:00,STAGE28A,data/reports/stage28a_discovery_factory_batch_runner/stage28a_exact_trades.csv,volatility_transition_v1,vol_trans_follow_h1_low_to_high_h13_tp06_sl065,-4.461899999999877,-5.511899999999878,-6.211899999999877,0,0,0,1,5.511899999999878,49.309999999999945,36.75,0.08408163265306519,37.289999999999964,0.9155269509251784,10.820000000000164,12.75750000000005,0.852,-1.0,,,13,1,6.0,2025
2025-06-25 13:00:00+00:00|-1.0|vol_trans_follow_h1_low_to_high_h13_tp06_sl065,2025-06-25 13:00:00+00:00,STAGE28A,data/reports/stage28a_discovery_factory_batch_runner/stage28a_exact_trades.csv,volatility_transition_v1,vol_trans_follow_h1_low_to_high_h13_tp06_sl065,1.851399999999921,0.8013999999999215,0.1013999999999217,1,1,1,0,0.8013999999999215,74.55999999999995,14.210000000000036,0.4693877551020447,15.5,0.19935483870965748,5.700000000000273,6.538999999999964,0.004,-1.0,,,13,2,6.0,2025
2025-06-26 13:00:00+00:00|-1.0|vol_trans_follow_h1_low_to_high_h13_tp06_sl065,2025-06-26 13:00:00+00:00,STAGE28A,data/reports/stage28a_discovery_factory_batch_runner/stage28a_exact_trades.csv,volatility_transition_v1,vol_trans_follow_h1_low_to_high_h13_tp06_sl065,-2.727375000000029,-3.777375000000029,-4.477375000000029,0,0,0,1,3.777375000000029,25.09999999999991,13.859999999999673,0.3448773448773675,19.23999999999978,0.12577962577963098,9.980000000000018,7.567000000000053,0.08,-1.0,,,13,3,6.0,2025
2025-06-27 13:00:00+00:00|-1.0|vol_trans_follow_h1_low_to_high_h13_tp06_sl065,2025-06-27 13:00:00+00:00,STAGE28A,data/reports/stage28a_discovery_factory_batch_runner/stage28a_exact_trades.csv,volatility_transition_v1,vol_trans_follow_h1_low_to_high_h13_tp06_sl065,3.049300000000039,1.9993000000000396,1.2993000000000396,1,1,1,0,1.9993000000000396,40.289999999999964,35.63000000000011,0.7605950042099305,19.050000000000182,0.6068241469816187,7.5300000000002,8.739000000000033,0.208,-1.0,,,13,4,6.0,2025
2025-06-30 13:00:00+00:00|-1.0|vol_trans_follow_h1_low_to_high_h13_tp06_sl065,2025-06-30 13:00:00+00:00,STAGE28A,data/reports/stage28a_discovery_factory_batch_runner/stage28a_exact_trades.csv,volatility_transition_v1,vol_trans_follow_h1_low_to_high_h13_tp06_sl065,2.2488999999999577,1.198899999999958,0.4988999999999581,1,1,1,0,1.198899999999958,33.51999999999998,34.99000000000024,0.43498142326379396,19.809999999999945,0.4437152953054007,11.679999999999836,10.642500000000018,0.668,-1.0,,,13,0,6.0,2025
2025-07-01 13:00:00+00:00|1.0|vol_trans_follow_h1_low_to_high_h13_tp06_sl065,2025-07-01 13:00:00+00:00,STAGE28A,data/reports/stage28a_discovery_factory_batch_runner/stage28a_exact_trades.csv,volatility_transition_v1,vol_trans_follow_h1_low_to_high_h13_tp06_sl065,-2.8996250000001056,-3.9496250000001054,-4.649625000000105,0,0,0,1,3.9496250000001054,63.93000000000029,20.279999999999745,0.4817554240631215,29.08999999999969,0.8446201443795108,9.88000000000011,7.409500000000071,0.072,1.0,,,13,1,7.0,2025
2025-07-02 13:00:00+00:00|1.0|vol_trans_follow_h1_low_to_high_h13_tp06_sl065,2025-07-02 13:00:00+00:00,STAGE28A,data/reports/stage28a_discovery_factory_batch_runner/stage28a_exact_trades.csv,volatility_transition_v1,vol_trans_follow_h1_low_to_high_h13_tp06_sl065,1.9432000000000695,0.8932000000000699,0.1932000000000702,1,1,1,0,0.8932000000000699,55.48999999999978,16.179999999999836,0.10074165636589157,16.269999999999982,0.10571604179472997,9.11999999999989,6.954499999999984,0.056,1.0,,,13,2,7.0,2025
2025-07-03 13:00:00+00:00|-1.0|vol_trans_follow_h1_low_to_high_h13_tp06_sl065,2025-07-03 13:00:00+00:00,STAGE28A,data/reports/stage28a_discovery_factory_batch_runner/stage28a_exact_trades.csv,volatility_transition_v1,vol_trans_follow_h1_low_to_high_h13_tp06_sl065,-2.897349999999824,-3.947349999999824,-4.647349999999824,0,0,0,1,3.947349999999824,34.559999999999945,23.829999999999927,0.607217792698292,19.84999999999991,0.10277078085642181,12.480000000000018,7.623499999999945,0.244,-1.0,,,13,3,7.0,2025
2025-07-04 13:00:00+00:00|-1.0|vol_trans_follow_h1_low_to_high_h13_tp06_sl065,2025-07-04 13:00:00+00:00,STAGE28A,data/reports/stage28a_discovery_factory_batch_runner/stage28a_exact_trades.csv,volatility_transition_v1,vol_trans_follow_h1_low_to_high_h13_tp06_sl065,1.5466000000000348,0.496600000000035,-0.2033999999999647,1,0,1,0,0.496600000000035,54.36999999999989,15.200000000000273,0.6059210526315705,12.009999999999764,0.32556203164029407,10.0,6.044500000000039,0.012,-1.0,,,13,4,7.0,2025
2025-07-07 13:00:00+00:00|-1.0|vol_trans_follow_h1_low_to_high_h13_tp06_sl065,2025-07-07 13:00:00+00:00,STAGE28A,data/reports/stage28a_discovery_factory_batch_runner/stage28a_exact_trades.csv,volatility_transition_v1,vol_trans_follow_h1_low_to_high_h13_tp06_sl065,2.1060999999998784,1.0560999999998786,0.3560999999998788,1,1,1,0,1.0560999999998786,10.329999999999927,36.67000000000007,0.6152167984728634,14.470000000000255,0.13407049067032245,5.799999999999727,8.152499999999964,0.46,-1.0,,,13,0,7.0,2025
2025-07-08 13:00:00+00:00|-1.0|vol_trans_follow_h1_low_to_high_h13_tp06_sl065,2025-07-08 13:00:00+00:00,STAGE28A,data/reports/stage28a_discovery_factory_batch_runner/stage28a_exact_trades.csv,volatility_transition_v1,vol_trans_follow_h1_low_to_high_h13_tp06_sl065,1.8693999999999504,0.8193999999999506,0.1193999999999508,1,1,1,0,0.8193999999999506,46.31999999999971,16.210000000000036,0.5077112893275756,18.2800000000002,0.5202407002188246,5.579999999999927,6.630999999999995,0.088,-1.0,,,13,1,7.0,2025
2025-07-09 13:00:00+00:00|1.0|vol_trans_follow_h1_low_to_high_h13_tp06_sl065,2025-07-09 13:00:00+00:00,STAGE28A,data/reports/stage28a_discovery_factory_batch_runner/stage28a_exact_trades.csv,volatility_transition_v1,vol_trans_follow_h1_low_to_high_h13_tp06_sl065,2.116899999999896,1.066899999999896,0.3668999999998963,1,1,1,0,1.066899999999896,58.720000000000255,23.039999999999964,0.36067708333333154,15.109999999999673,0.2766379880873545,5.960000000000036,8.421499999999947,0.604,1.0,,,13,2,7.0,2025
2025-07-10 13:00:00+00:00|-1.0|vol_trans_follow_h1_low_to_high_h13_tp06_sl065,2025-07-10 13:00:00+00:00,STAGE28A,data/reports/stage28a_discovery_factory_batch_runner/stage28a_exact_trades.csv,volatility_transition_v1,vol_trans_follow_h1_low_to_high_h13_tp06_sl065,-2.5086499999998524,-3.558649999999852,-4.258649999999852,0,0,0,1,3.558649999999852,37.20999999999958,12.9699999999998,0.29452582883575695,15.36999999999989,0.698113207547176,6.9699999999998,6.726999999999975,0.084,-1.0,,,13,3,7.0,2025
2025-07-11 13:00:00+00:00|1.0|vol_trans_follow_h1_low_to_high_h13_tp06_sl065,2025-07-11 13:00:00+00:00,STAGE28A,data/reports/stage28a_discovery_factory_batch_runner/stage28a_exact_trades.csv,volatility_transition_v1,vol_trans_follow_h1_low_to_high_h13_tp06_sl065,2.2998999999998886,1.2498999999998888,0.549899999999889,1,1,1,0,1.2498999999998888,20.15000000000009,14.420000000000073,0.7302357836338521,14.16000000000031,0.4067796610169557,7.260000000000218,6.9990000000000006,0.144,1.0,,,13,4,7.0,2025
2025-07-14 13:00:00+00:00|1.0|vol_trans_follow_h1_low_to_high_h13_tp06_sl065,2025-07-14 13:00:00+00:00,STAGE28A,data/reports/stage28a_discovery_factory_batch_runner/stage28a_exact_trades.csv,volatility_transition_v1,vol_trans_follow_h1_low_to_high_h13_tp06_sl065,-3.078700000000117,-4.1287000000001175,-4.828700000000117,0,0,0,1,4.1287000000001175,11.590000000000146,20.139999999999873,0.6156901688182805,21.2199999999998,0.6291234684260363,6.230000000000018,7.844500000000039,0.504,1.0,,,13,0,7.0,2025
2025-07-16 13:00:00+00:00|-1.0|vol_trans_follow_h1_low_to_high_h13_tp06_sl065,2025-07-16 13:00:00+00:00,STAGE28A,data/reports/stage28a_discovery_factory_batch_runner/stage28a_exact_trades.csv,volatility_transition_v1,vol_trans_follow_h1_low_to_high_h13_tp06_sl065,-2.019850000000224,-3.069850000000224,-3.769850000000224,0,0,0,1,3.069850000000224,46.159999999999854,11.390000000000327,0.678665496049148,10.139999999999873,0.5601577909270574,3.8099999999999454,6.712999999999965,0.128,-1.0,,,13,2,7.0,2025
2025-07-17 13:00:00+00:00|-1.0|vol_trans_follow_h1_low_to_high_h13_tp06_sl065,2025-07-17 13:00:00+00:00,STAGE28A,data/reports/stage28a_discovery_factory_batch_runner/stage28a_exact_trades.csv,volatility_transition_v1,vol_trans_follow_h1_low_to_high_h13_tp06_sl065,-2.9045000000001893,-3.954500000000189,-4.654500000000189,0,0,0,1,3.954500000000189,57.909999999999854,16.170000000000073,0.5009276437847787,20.009999999999764,0.7901049475262435,7.769999999999982,9.837000000000035,0.956,-1.0,,,13,3,7.0,2025
2025-07-18 13:00:00+00:00|1.0|vol_trans_follow_h1_low_to_high_h13_tp06_sl065,2025-07-18 13:00:00+00:00,STAGE28A,data/reports/stage28a_discovery_factory_batch_runner/stage28a_exact_trades.csv,volatility_transition_v1,vol_trans_follow_h1_low_to_high_h13_tp06_sl065,-2.596075000000019,-3.646075000000019,-4.346075000000019,0,0,0,1,3.646075000000019,42.3100000000004,10.190000000000055,0.85083415112856,23.110000000000127,0.7676330592817022,7.470000000000255,6.027500000000032,0.064,1.0,,,13,4,7.0,2025
2025-07-22 13:00:00+00:00|-1.0|vol_trans_follow_h1_low_to_high_h13_tp06_sl065,2025-07-22 13:00:00+00:00,STAGE28A,data/reports/stage28a_discovery_factory_batch_runner/stage28a_exact_trades.csv,volatility_transition_v1,vol_trans_follow_h1_low_to_high_h13_tp06_sl065,-2.0257000000002336,-3.075700000000233,-3.775700000000233,0,0,0,1,3.075700000000233,56.7199999999998,17.450000000000273,0.38739255014327295,9.409999999999854,0.6992561105207257,6.070000000000164,6.11550000000002,0.132,-1.0,,,13,1,7.0,2025
2025-07-23 13:00:00+00:00|1.0|vol_trans_follow_h1_low_to_high_h13_tp06_sl065,2025-07-23 13:00:00+00:00,STAGE28A,data/reports/stage28a_discovery_factory_batch_runner/stage28a_exact_trades.csv,volatility_transition_v1,vol_trans_follow_h1_low_to_high_h13_tp06_sl065,1.9441000000000712,0.8941000000000714,0.1941000000000716,1,1,1,0,0.8941000000000714,50.26999999999998,19.579999999999927,0.24463738508682234,17.449999999999818,0.462464183381077,5.5099999999997635,7.339999999999941,0.432,1.0,,,13,2,7.0,2025
2025-07-24 13:00:00+00:00|-1.0|vol_trans_follow_h1_low_to_high_h13_tp06_sl065,2025-07-24 13:00:00+00:00,STAGE28A,data/reports/stage28a_discovery_factory_batch_runner/stage28a_exact_trades.csv,volatility_transition_v1,vol_trans_follow_h1_low_to_high_h13_tp06_sl065,-3.2363249999999426,-4.286324999999943,-4.986324999999942,0,0,0,1,4.286324999999943,57.620000000000346,18.539999999999964,0.1564185544768121,23.389999999999873,0.8610517315092107,8.049999999999727,8.378999999999929,0.768,-1.0,,,13,3,7.0,2025
2025-07-25 13:00:00+00:00|1.0|vol_trans_follow_h1_low_to_high_h13_tp06_sl065,2025-07-25 13:00:00+00:00,STAGE28A,data/reports/stage28a_discovery_factory_batch_runner/stage28a_exact_trades.csv,volatility_transition_v1,vol_trans_follow_h1_low_to_high_h13_tp06_sl065,-2.6763499999998204,-3.72634999999982,-4.42634999999982,0,0,0,1,3.72634999999982,41.970000000000255,14.789999999999964,0.6544962812711197,20.38000000000011,0.6506378802747641,5.799999999999727,6.113999999999964,0.144,1.0,,,13,4,7.0,2025
2025-07-28 13:00:00+00:00|1.0|vol_trans_follow_h1_low_to_high_h13_tp06_sl065,2025-07-28 13:00:00+00:00,STAGE28A,data/reports/stage28a_discovery_factory_batch_runner/stage28a_exact_trades.csv,volatility_transition_v1,vol_trans_follow_h1_low_to_high_h13_tp06_sl065,-2.615249999999924,-3.665249999999924,-4.365249999999923,0,0,0,1,3.665249999999924,18.269999999999982,26.029999999999745,0.5220898962735412,12.829999999999927,0.4263445050662378,4.769999999999982,7.843999999999892,0.596,1.0,,,13,0,7.0,2025
2025-07-29 13:00:00+00:00|-1.0|vol_trans_follow_h1_low_to_high_h13_tp06_sl065,2025-07-29 13:00:00+00:00,STAGE28A,data/reports/stage28a_discovery_factory_batch_runner/stage28a_exact_trades.csv,volatility_transition_v1,vol_trans_follow_h1_low_to_high_h13_tp06_sl065,2.242000000000098,1.1920000000000983,0.4920000000000986,1,1,1,0,1.1920000000000983,43.44999999999982,13.079999999999927,0.1551987767583912,20.879999999999654,0.5727969348659117,7.329999999999927,6.872999999999934,0.276,-1.0,,,13,1,7.0,2025
2025-07-30 13:00:00+00:00|-1.0|vol_trans_follow_h1_low_to_high_h13_tp06_sl065,2025-07-30 13:00:00+00:00,STAGE28A,data/reports/stage28a_discovery_factory_batch_runner/stage28a_exact_trades.csv,volatility_transition_v1,vol_trans_follow_h1_low_to_high_h13_tp06_sl065,-2.615574999999899,-3.6655749999998983,-4.3655749999998985,0,0,0,1,3.6655749999998983,26.38000000000011,11.730000000000018,0.06308610400684019,10.860000000000127,0.2651933701657528,4.890000000000327,6.377500000000078,0.176,-1.0,,,13,2,7.0,2025
2025-07-31 13:00:00+00:00|-1.0|vol_trans_follow_h1_low_to_high_h13_tp06_sl065,2025-07-31 13:00:00+00:00,STAGE28A,data/reports/stage28a_discovery_factory_batch_runner/stage28a_exact_trades.csv,volatility_transition_v1,vol_trans_follow_h1_low_to_high_h13_tp06_sl065,2.33080000000009,1.2808000000000903,0.5808000000000906,1,1,1,0,1.2808000000000903,65.80000000000018,24.590000000000146,0.6547376982513141,21.06999999999971,0.5495965828191783,8.260000000000218,8.957500000000072,0.872,-1.0,,,13,3,7.0,2025
2025-08-01 13:00:00+00:00|1.0|vol_trans_follow_h1_low_to_high_h13_tp06_sl065,2025-08-01 13:00:00+00:00,STAGE28A,data/reports/stage28a_discovery_factory_batch_runner/stage28a_exact_trades.csv,volatility_transition_v1,vol_trans_follow_h1_low_to_high_h13_tp06_sl065,1.661199999999917,0.6111999999999171,-0.0888000000000825,1,0,1,0,0.6111999999999171,40.809999999999945,15.559999999999945,0.23136246786631887,15.069999999999709,0.20570670205709513,3.619999999999891,7.0864999999999325,0.336,1.0,,,13,4,8.0,2025
2025-08-04 13:00:00+00:00|-1.0|vol_trans_follow_h1_low_to_high_h13_tp06_sl065,2025-08-04 13:00:00+00:00,STAGE28A,data/reports/stage28a_discovery_factory_batch_runner/stage28a_exact_trades.csv,volatility_transition_v1,vol_trans_follow_h1_low_to_high_h13_tp06_sl065,1.8639999999999417,0.8139999999999419,0.1139999999999421,1,1,1,0,0.8139999999999419,11.5300000000002,24.079999999999927,0.04734219269104364,10.960000000000036,0.21350364963504906,4.850000000000364,7.843500000000063,0.532,-1.0,,,13,0,8.0,2025
2025-08-06 13:00:00+00:00|-1.0|vol_trans_follow_h1_low_to_high_h13_tp06_sl065,2025-08-06 13:00:00+00:00,STAGE28A,data/reports/stage28a_discovery_factory_batch_runner/stage28a_exact_trades.csv,volatility_transition_v1,vol_trans_follow_h1_low_to_high_h13_tp06_sl065,1.7910999999998238,0.741099999999824,0.0410999999998242,1,1,1,0,0.741099999999824,40.220000000000255,12.699999999999818,0.4,20.40000000000009,0.7725490196078504,9.559999999999945,6.420500000000016,0.072,-1.0,,,13,2,8.0,2025
2025-08-07 13:00:00+00:00|-1.0|vol_trans_follow_h1_low_to_high_h13_tp06_sl065,2025-08-07 13:00:00+00:00,STAGE28A,data/reports/stage28a_discovery_factory_batch_runner/stage28a_exact_trades.csv,volatility_transition_v1,vol_trans_follow_h1_low_to_high_h13_tp06_sl065,2.8405000000001563,1.7905000000001563,1.0905000000001568,1,1,1,0,1.7905000000001563,27.139999999999873,18.960000000000036,0.3992616033755353,25.840000000000146,0.11803405572754296,8.050000000000182,8.108500000000003,0.628,-1.0,,,13,3,8.0,2025
2025-08-08 13:00:00+00:00|1.0|vol_trans_follow_h1_low_to_high_h13_tp06_sl065,2025-08-08 13:00:00+00:00,STAGE28A,data/reports/stage28a_discovery_factory_batch_runner/stage28a_exact_trades.csv,volatility_transition_v1,vol_trans_follow_h1_low_to_high_h13_tp06_sl065,2.3668000000001483,1.3168000000001483,0.6168000000001488,1,1,1,0,1.3168000000001483,41.5,27.710000000000036,0.3471670876939689,15.539999999999964,0.30630630630632105,7.320000000000164,9.961499999999978,0.876,1.0,,,13,4,8.0,2025
2025-08-11 13:00:00+00:00|-1.0|vol_trans_follow_h1_low_to_high_h13_tp06_sl065,2025-08-11 13:00:00+00:00,STAGE28A,data/reports/stage28a_discovery_factory_batch_runner/stage28a_exact_trades.csv,volatility_transition_v1,vol_trans_follow_h1_low_to_high_h13_tp06_sl065,2.809599999999955,1.759599999999955,1.0595999999999552,1,1,1,0,1.759599999999955,14.559999999999945,37.40000000000009,0.4558823529411681,27.259999999999764,0.9233308877476263,10.58999999999969,10.402999999999953,0.832,-1.0,,,13,0,8.0,2025
2025-08-12 13:00:00+00:00|-1.0|vol_trans_follow_h1_low_to_high_h13_tp06_sl065,2025-08-12 13:00:00+00:00,STAGE28A,data/reports/stage28a_discovery_factory_batch_runner/stage28a_exact_trades.csv,volatility_transition_v1,vol_trans_follow_h1_low_to_high_h13_tp06_sl065,2.479000000000178,1.4290000000001783,0.7290000000001786,1,1,1,0,1.4290000000001783,64.0300000000002,15.070000000000164,0.16323822163238286,15.83999999999969,0.24368686868688147,7.360000000000127,8.634500000000003,0.544,-1.0,,,13,1,8.0,2025
2025-08-13 13:00:00+00:00|1.0|vol_trans_follow_h1_low_to_high_h13_tp06_sl065,2025-08-13 13:00:00+00:00,STAGE28A,data/reports/stage28a_discovery_factory_batch_runner/stage28a_exact_trades.csv,volatility_transition_v1,vol_trans_follow_h1_low_to_high_h13_tp06_sl065,1.9828000000001336,0.932800000000134,0.2328000000001342,1,1,1,0,0.932800000000134,28.0300000000002,11.659999999999854,0.07375643224701013,21.079999999999927,0.7191650853890115,8.019999999999982,7.145500000000061,0.232,1.0,,,13,2,8.0,2025
2025-08-14 13:00:00+00:00|1.0|vol_trans_follow_h1_low_to_high_h13_tp06_sl065,2025-08-14 13:00:00+00:00,STAGE28A,data/reports/stage28a_discovery_factory_batch_runner/stage28a_exact_trades.csv,volatility_transition_v1,vol_trans_follow_h1_low_to_high_h13_tp06_sl065,-3.544750000000113,-4.594750000000113,-5.294750000000112,0,0,0,1,4.594750000000113,28.230000000000018,19.61999999999989,0.1432212028542284,24.98999999999978,0.16966786714686968,13.989999999999782,7.551499999999964,0.34,1.0,,,13,3,8.0,2025
2025-08-18 13:00:00+00:00|-1.0|vol_trans_follow_h1_low_to_high_h13_tp06_sl065,2025-08-18 13:00:00+00:00,STAGE28A,data/reports/stage28a_discovery_factory_batch_runner/stage28a_exact_trades.csv,volatility_transition_v1,vol_trans_follow_h1_low_to_high_h13_tp06_sl065,1.7148999999998522,0.6648999999998524,-0.0351000000001473,1,0,1,0,0.6648999999998524,6.019999999999982,28.190000000000055,0.4522880454061715,13.799999999999727,0.07608695652172086,4.070000000000164,7.169500000000039,0.34,-1.0,,,13,0,8.0,2025
2025-08-26 13:00:00+00:00|-1.0|vol_trans_follow_h1_low_to_high_h13_tp06_sl065,2025-08-26 13:00:00+00:00,STAGE28A,data/reports/stage28a_discovery_factory_batch_runner/stage28a_exact_trades.csv,volatility_transition_v1,vol_trans_follow_h1_low_to_high_h13_tp06_sl065,-2.7910750000001827,-3.841075000000183,-4.541075000000182,0,0,0,1,3.841075000000183,16.389999999999873,35.129999999999654,0.22687161969826014,12.58999999999969,0.030182684670346602,8.9699999999998,8.00849999999998,0.816,-1.0,,,13,1,8.0,2025
2025-09-01 13:00:00+00:00|-1.0|vol_trans_follow_h1_low_to_high_h13_tp06_sl065,2025-09-01 13:00:00+00:00,STAGE28A,data/reports/stage28a_discovery_factory_batch_runner/stage28a_exact_trades.csv,volatility_transition_v1,vol_trans_follow_h1_low_to_high_h13_tp06_sl065,2.828800000000137,1.7788000000001376,1.078800000000138,1,1,1,0,1.7788000000001376,10.070000000000164,48.98000000000002,0.49407921600653865,22.579999999999927,0.22630646589903206,9.819999999999709,10.550000000000022,0.984,-1.0,,,13,0,9.0,2025
2025-09-02 13:00:00+00:00|-1.0|vol_trans_follow_h1_low_to_high_h13_tp06_sl065,2025-09-02 13:00:00+00:00,STAGE28A,data/reports/stage28a_discovery_factory_batch_runner/stage28a_exact_trades.csv,volatility_transition_v1,vol_trans_follow_h1_low_to_high_h13_tp06_sl065,2.754699999999866,1.7046999999998662,1.0046999999998665,1,1,1,0,1.7046999999998662,52.74000000000024,34.159999999999854,0.5793325526932098,28.289999999999964,0.6564156945917191,4.25,8.384999999999991,0.88,-1.0,,,13,1,9.0,2025
2025-09-03 13:00:00+00:00|-1.0|vol_trans_follow_h1_low_to_high_h13_tp06_sl065,2025-09-03 13:00:00+00:00,STAGE28A,data/reports/stage28a_discovery_factory_batch_runner/stage28a_exact_trades.csv,volatility_transition_v1,vol_trans_follow_h1_low_to_high_h13_tp06_sl065,-2.912950000000001,-3.9629500000000006,-4.66295,0,0,0,1,3.9629500000000006,70.11000000000013,20.48999999999978,0.07369448511467934,14.86999999999989,0.24277067921991619,7.869999999999891,9.721500000000015,0.856,-1.0,,,13,2,9.0,2025
2025-09-04 13:00:00+00:00|-1.0|vol_trans_follow_h1_low_to_high_h13_tp06_sl065,2025-09-04 13:00:00+00:00,STAGE28A,data/reports/stage28a_discovery_factory_batch_runner/stage28a_exact_trades.csv,volatility_transition_v1,vol_trans_follow_h1_low_to_high_h13_tp06_sl065,2.7580000000001745,1.7080000000001747,1.008000000000175,1,1,1,0,1.7080000000001747,52.10999999999967,52.7800000000002,0.6220159151193596,20.90000000000009,0.44928229665073144,8.169999999999618,11.038500000000045,0.94,-1.0,,,13,3,9.0,2025
2025-09-05 13:00:00+00:00|1.0|vol_trans_follow_h1_low_to_high_h13_tp06_sl065,2025-09-05 13:00:00+00:00,STAGE28A,data/reports/stage28a_discovery_factory_batch_runner/stage28a_exact_trades.csv,volatility_transition_v1,vol_trans_follow_h1_low_to_high_h13_tp06_sl065,1.754200000000219,0.7042000000002191,0.0042000000002193,1,1,1,0,0.7042000000002191,52.7800000000002,19.300000000000182,0.9113989637305453,16.36999999999989,0.3671350030543835,7.690000000000055,8.279500000000008,0.584,1.0,,,13,4,9.0,2025
2025-09-08 13:00:00+00:00|1.0|vol_trans_follow_h1_low_to_high_h13_tp06_sl065,2025-09-08 13:00:00+00:00,STAGE28A,data/reports/stage28a_discovery_factory_batch_runner/stage28a_exact_trades.csv,volatility_transition_v1,vol_trans_follow_h1_low_to_high_h13_tp06_sl065,-3.496325000000161,-4.546325000000161,-5.24632500000016,0,0,0,1,4.546325000000161,18.25,18.559999999999945,0.46821120689655604,37.679999999999836,0.8017515923566924,6.2599999999997635,9.490000000000032,0.636,1.0,,,13,0,9.0,2025
2025-09-09 13:00:00+00:00|1.0|vol_trans_follow_h1_low_to_high_h13_tp06_sl065,2025-09-09 13:00:00+00:00,STAGE28A,data/reports/stage28a_discovery_factory_batch_runner/stage28a_exact_trades.csv,volatility_transition_v1,vol_trans_follow_h1_low_to_high_h13_tp06_sl065,-4.16354999999985,-5.2135499999998505,-5.91354999999985,0,0,0,1,5.2135499999998505,67.81999999999971,26.2800000000002,0.6255707762556878,22.7199999999998,0.3371478873239602,8.900000000000091,8.972499999999991,0.48,1.0,,,13,1,9.0,2025
2025-09-10 13:00:00+00:00|1.0|vol_trans_follow_h1_low_to_high_h13_tp06_sl065,2025-09-10 13:00:00+00:00,STAGE28A,data/reports/stage28a_discovery_factory_batch_runner/stage28a_exact_trades.csv,volatility_transition_v1,vol_trans_follow_h1_low_to_high_h13_tp06_sl065,2.0911000000000057,1.041100000000006,0.3411000000000062,1,1,1,0,1.041100000000006,48.75999999999976,21.710000000000036,0.044679871027167126,19.68000000000029,0.9563008130081243,11.020000000000437,10.254500000000053,0.644,1.0,,,13,2,9.0,2025
2025-09-11 13:00:00+00:00|-1.0|vol_trans_follow_h1_low_to_high_h13_tp06_sl065,2025-09-11 13:00:00+00:00,STAGE28A,data/reports/stage28a_discovery_factory_batch_runner/stage28a_exact_trades.csv,volatility_transition_v1,vol_trans_follow_h1_low_to_high_h13_tp06_sl065,2.696800000000076,1.6468000000000758,0.946800000000076,1,1,1,0,1.6468000000000758,38.68000000000029,19.309999999999945,0.40963231486275903,23.88000000000011,0.43467336683417346,12.049999999999727,8.210999999999967,0.268,-1.0,,,13,3,9.0,2025
2025-09-12 13:00:00+00:00|1.0|vol_trans_follow_h1_low_to_high_h13_tp06_sl065,2025-09-12 13:00:00+00:00,STAGE28A,data/reports/stage28a_discovery_factory_batch_runner/stage28a_exact_trades.csv,volatility_transition_v1,vol_trans_follow_h1_low_to_high_h13_tp06_sl065,2.1105999999998857,1.060599999999886,0.3605999999998861,1,1,1,0,1.060599999999886,36.26999999999998,22.779999999999745,0.7949956101843867,19.06999999999971,0.3455689564761296,9.230000000000018,6.932999999999947,0.08,1.0,,,13,4,9.0,2025
2025-09-16 13:00:00+00:00|1.0|vol_trans_follow_h1_low_to_high_h13_tp06_sl065,2025-09-16 13:00:00+00:00,STAGE28A,data/reports/stage28a_discovery_factory_batch_runner/stage28a_exact_trades.csv,volatility_transition_v1,vol_trans_follow_h1_low_to_high_h13_tp06_sl065,-2.7956249999998364,-3.845624999999836,-4.545624999999836,0,0,0,1,3.845624999999836,58.88000000000011,14.720000000000255,0.1555706521739079,18.590000000000146,0.9214631522323816,5.820000000000164,7.810000000000014,0.148,1.0,,,13,1,9.0,2025
2025-09-17 13:00:00+00:00|1.0|vol_trans_follow_h1_low_to_high_h13_tp06_sl065,2025-09-17 13:00:00+00:00,STAGE28A,data/reports/stage28a_discovery_factory_batch_runner/stage28a_exact_trades.csv,volatility_transition_v1,vol_trans_follow_h1_low_to_high_h13_tp06_sl065,2.4376000000001112,1.3876000000001114,0.6876000000001117,1,1,1,0,1.3876000000001114,28.450000000000273,21.039999999999964,0.4857414448669115,23.460000000000036,0.5920716112531906,7.080000000000382,6.962500000000023,0.112,1.0,,,13,2,9.0,2025
2025-09-18 13:00:00+00:00|1.0|vol_trans_follow_h1_low_to_high_h13_tp06_sl065,2025-09-18 13:00:00+00:00,STAGE28A,data/reports/stage28a_discovery_factory_batch_runner/stage28a_exact_trades.csv,volatility_transition_v1,vol_trans_follow_h1_low_to_high_h13_tp06_sl065,3.251799999999912,2.201799999999912,1.5017999999999123,1,1,1,0,2.201799999999912,61.32999999999993,20.0,0.2259999999999991,39.059999999999945,0.33666154633895684,8.38000000000011,13.482000000000038,0.992,1.0,,,13,3,9.0,2025
2025-09-19 13:00:00+00:00|1.0|vol_trans_follow_h1_low_to_high_h13_tp06_sl065,2025-09-19 13:00:00+00:00,STAGE28A,data/reports/stage28a_discovery_factory_batch_runner/stage28a_exact_trades.csv,volatility_transition_v1,vol_trans_follow_h1_low_to_high_h13_tp06_sl065,-2.9415500000000976,-3.9915500000000974,-4.691550000000097,0,0,0,1,3.9915500000000974,45.320000000000164,24.13000000000011,0.551181102362191,17.690000000000055,0.28886376483889836,3.5700000000001637,7.592000000000098,0.204,1.0,,,13,4,9.0,2025
2025-09-22 13:00:00+00:00|1.0|vol_trans_follow_h1_low_to_high_h13_tp06_sl065,2025-09-22 13:00:00+00:00,STAGE28A,data/reports/stage28a_discovery_factory_batch_runner/stage28a_exact_trades.csv,volatility_transition_v1,vol_trans_follow_h1_low_to_high_h13_tp06_sl065,2.635299999999825,1.5852999999998247,0.885299999999825,1,1,1,0,1.5852999999998247,8.700000000000273,13.7800000000002,0.5079825834542742,36.529999999999745,0.7601970982754074,7.379999999999654,8.426499999999987,0.384,1.0,,,13,0,9.0,2025
2025-09-23 13:00:00+00:00|1.0|vol_trans_follow_h1_low_to_high_h13_tp06_sl065,2025-09-23 13:00:00+00:00,STAGE28A,data/reports/stage28a_discovery_factory_batch_runner/stage28a_exact_trades.csv,volatility_transition_v1,vol_trans_follow_h1_low_to_high_h13_tp06_sl065,-4.175899999999819,-5.22589999999982,-5.925899999999819,0,0,0,1,5.22589999999982,65.05000000000018,22.389999999999873,0.2880750334970904,48.059999999999945,0.7973366625052062,16.890000000000327,9.975999999999953,0.8,1.0,,,13,1,9.0,2025
2025-09-24 13:00:00+00:00|-1.0|vol_trans_follow_h1_low_to_high_h13_tp06_sl065,2025-09-24 13:00:00+00:00,STAGE28A,data/reports/stage28a_discovery_factory_batch_runner/stage28a_exact_trades.csv,volatility_transition_v1,vol_trans_follow_h1_low_to_high_h13_tp06_sl065,-3.0016750000000685,-4.051675000000069,-4.751675000000068,0,0,0,1,4.051675000000069,54.13000000000011,21.070000000000164,0.0014238253440790275,15.989999999999782,0.18886804252658054,8.4399999999996,10.861000000000013,0.804,-1.0,,,13,2,9.0,2025
2025-09-25 13:00:00+00:00|1.0|vol_trans_follow_h1_low_to_high_h13_tp06_sl065,2025-09-25 13:00:00+00:00,STAGE28A,data/reports/stage28a_discovery_factory_batch_runner/stage28a_exact_trades.csv,volatility_transition_v1,vol_trans_follow_h1_low_to_high_h13_tp06_sl065,2.828800000000137,1.7788000000001376,1.078800000000138,1,1,1,0,1.7788000000001376,61.67000000000007,22.409999999999854,0.1976796073181758,29.980000000000018,0.6774516344229464,10.600000000000364,10.752500000000031,0.816,1.0,,,13,3,9.0,2025
2025-09-26 13:00:00+00:00|-1.0|vol_trans_follow_h1_low_to_high_h13_tp06_sl065,2025-09-26 13:00:00+00:00,STAGE28A,data/reports/stage28a_discovery_factory_batch_runner/stage28a_exact_trades.csv,volatility_transition_v1,vol_trans_follow_h1_low_to_high_h13_tp06_sl065,2.304399999999896,1.254399999999896,0.5543999999998963,1,1,1,0,1.254399999999896,39.82999999999993,18.800000000000182,0.17819148936169557,15.920000000000073,0.3762562814070483,7.269999999999982,10.227499999999964,0.672,-1.0,,,13,4,9.0,2025
2025-09-29 13:00:00+00:00|-1.0|vol_trans_follow_h1_low_to_high_h13_tp06_sl065,2025-09-29 13:00:00+00:00,STAGE28A,data/reports/stage28a_discovery_factory_batch_runner/stage28a_exact_trades.csv,volatility_transition_v1,vol_trans_follow_h1_low_to_high_h13_tp06_sl065,-4.405675000000064,-5.455675000000065,-6.155675000000064,0,0,0,1,5.455675000000065,14.63000000000011,43.039999999999964,0.5534386617100309,27.38000000000011,0.4755295836376892,12.670000000000073,12.45499999999995,0.912,-1.0,,,13,0,9.0,2025
2025-09-30 13:00:00+00:00|-1.0|vol_trans_follow_h1_low_to_high_h13_tp06_sl065,2025-09-30 13:00:00+00:00,STAGE28A,data/reports/stage28a_discovery_factory_batch_runner/stage28a_exact_trades.csv,volatility_transition_v1,vol_trans_follow_h1_low_to_high_h13_tp06_sl065,-6.561725000000115,-7.611725000000115,-8.311725000000115,0,0,0,1,7.611725000000115,77.67000000000007,41.659999999999854,0.817330772923675,78.48999999999978,0.8421454962415664,28.289999999999964,12.436999999999989,0.86,-1.0,,,13,1,9.0,2025
2025-10-01 13:00:00+00:00|-1.0|vol_trans_follow_h1_low_to_high_h13_tp06_sl065,2025-10-01 13:00:00+00:00,STAGE28A,data/reports/stage28a_discovery_factory_batch_runner/stage28a_exact_trades.csv,volatility_transition_v1,vol_trans_follow_h1_low_to_high_h13_tp06_sl065,3.4009000000000014,2.350900000000001,1.6509000000000018,1,1,1,0,2.350900000000001,78.48999999999978,21.0,0.0890476190476355,42.070000000000164,0.6467791775612058,11.659999999999854,11.985500000000002,0.7,-1.0,,,13,2,10.0,2025
2025-10-02 13:00:00+00:00|1.0|vol_trans_follow_h1_low_to_high_h13_tp06_sl065,2025-10-02 13:00:00+00:00,STAGE28A,data/reports/stage28a_discovery_factory_batch_runner/stage28a_exact_trades.csv,volatility_transition_v1,vol_trans_follow_h1_low_to_high_h13_tp06_sl065,2.7148000000001047,1.6648000000001049,0.9648000000001052,1,1,1,0,1.6648000000001049,42.070000000000164,17.580000000000382,0.24857792946531573,17.940000000000055,0.696209587513921,6.289999999999964,10.726999999999999,0.46,1.0,,,13,3,10.0,2025
2025-10-03 13:00:00+00:00|-1.0|vol_trans_follow_h1_low_to_high_h13_tp06_sl065,2025-10-03 13:00:00+00:00,STAGE28A,data/reports/stage28a_discovery_factory_batch_runner/stage28a_exact_trades.csv,volatility_transition_v1,vol_trans_follow_h1_low_to_high_h13_tp06_sl065,2.119300000000203,1.069300000000203,0.3693000000002033,1,1,1,0,1.069300000000203,77.53999999999996,25.700000000000273,0.5634241245136135,24.0,0.8966666666666848,7.970000000000255,12.19350000000004,0.668,-1.0,,,13,4,10.0,2025
2025-10-06 13:00:00+00:00|-1.0|vol_trans_follow_h1_low_to_high_h13_tp06_sl065,2025-10-06 13:00:00+00:00,STAGE28A,data/reports/stage28a_discovery_factory_batch_runner/stage28a_exact_trades.csv,volatility_transition_v1,vol_trans_follow_h1_low_to_high_h13_tp06_sl065,3.9342999999998023,2.884299999999803,2.184299999999803,1,1,1,0,2.884299999999803,17.269999999999982,47.940000000000055,0.6191072173550229,27.0,0.47259259259260067,8.389999999999873,12.964000000000055,0.816,-1.0,,,13,0,10.0,2025
2025-10-07 13:00:00+00:00|1.0|vol_trans_follow_h1_low_to_high_h13_tp06_sl065,2025-10-07 13:00:00+00:00,STAGE28A,data/reports/stage28a_discovery_factory_batch_runner/stage28a_exact_trades.csv,volatility_transition_v1,vol_trans_follow_h1_low_to_high_h13_tp06_sl065,3.4333000000000538,2.383300000000054,1.6833000000000542,1,1,1,0,2.383300000000054,85.76000000000022,21.690000000000055,0.4568925772245405,35.98000000000002,0.5075041689827741,12.11999999999989,12.101499999999964,0.524,1.0,,,13,1,10.0,2025
2025-10-08 13:00:00+00:00|1.0|vol_trans_follow_h1_low_to_high_h13_tp06_sl065,2025-10-08 13:00:00+00:00,STAGE28A,data/reports/stage28a_discovery_factory_batch_runner/stage28a_exact_trades.csv,volatility_transition_v1,vol_trans_follow_h1_low_to_high_h13_tp06_sl065,-4.19052500000007,-5.240525000000071,-5.94052500000007,0,0,0,1,5.240525000000071,50.070000000000164,33.5,0.750447761194026,34.840000000000146,0.9916762342135357,18.720000000000255,11.9265000000001,0.42,1.0,,,13,2,10.0,2025
2025-10-09 13:00:00+00:00|-1.0|vol_trans_follow_h1_low_to_high_h13_tp06_sl065,2025-10-09 13:00:00+00:00,STAGE28A,data/reports/stage28a_discovery_factory_batch_runner/stage28a_exact_trades.csv,volatility_transition_v1,vol_trans_follow_h1_low_to_high_h13_tp06_sl065,-3.739424999999847,-4.789424999999847,-5.489424999999846,0,0,0,1,4.789424999999847,76.17000000000007,39.840000000000146,0.13453815261044447,20.940000000000055,0.5076408787010546,7.730000000000018,15.73900000000001,0.94,-1.0,,,13,3,10.0,2025
2025-10-10 13:00:00+00:00|1.0|vol_trans_follow_h1_low_to_high_h13_tp06_sl065,2025-10-10 13:00:00+00:00,STAGE28A,data/reports/stage28a_discovery_factory_batch_runner/stage28a_exact_trades.csv,volatility_transition_v1,vol_trans_follow_h1_low_to_high_h13_tp06_sl065,4.855899999999929,3.805899999999929,3.105899999999929,1,1,1,0,3.805899999999929,113.48000000000002,36.04999999999973,0.3722607489597829,59.940000000000055,0.5652318985652256,16.640000000000327,20.821000000000048,0.984,1.0,,,13,4,10.0,2025
2025-10-13 13:00:00+00:00|-1.0|vol_trans_follow_h1_low_to_high_h13_tp06_sl065,2025-10-13 13:00:00+00:00,STAGE28A,data/reports/stage28a_discovery_factory_batch_runner/stage28a_exact_trades.csv,volatility_transition_v1,vol_trans_follow_h1_low_to_high_h13_tp06_sl065,-4.8788749999999705,-5.928874999999971,-6.6288749999999705,0,0,0,1,5.928874999999971,46.13000000000011,61.30000000000018,0.15595432300162998,28.690000000000055,0.882886023004527,9.370000000000346,21.93100000000002,0.952,-1.0,,,13,0,10.0,2025
2025-10-14 13:00:00+00:00|-1.0|vol_trans_follow_h1_low_to_high_h13_tp06_sl065,2025-10-14 13:00:00+00:00,STAGE28A,data/reports/stage28a_discovery_factory_batch_runner/stage28a_exact_trades.csv,volatility_transition_v1,vol_trans_follow_h1_low_to_high_h13_tp06_sl065,-10.810124999999609,-11.860124999999607,-12.560124999999609,0,0,0,1,11.860124999999607,117.94000000000051,59.97999999999956,0.8072690896965726,89.0300000000002,0.4022239694485041,22.270000000000437,20.231499999999983,0.904,-1.0,,,13,1,10.0,2025
2025-10-15 13:00:00+00:00|-1.0|vol_trans_follow_h1_low_to_high_h13_tp06_sl065,2025-10-15 13:00:00+00:00,STAGE28A,data/reports/stage28a_discovery_factory_batch_runner/stage28a_exact_trades.csv,volatility_transition_v1,vol_trans_follow_h1_low_to_high_h13_tp06_sl065,5.050899999999638,4.000899999999637,3.300899999999638,1,1,1,0,4.000899999999637,89.0300000000002,50.0600000000004,0.5687175389532566,53.57999999999993,0.10246360582308135,47.43000000000029,17.262500000000045,0.688,-1.0,,,13,2,10.0,2025
2025-10-16 13:00:00+00:00|1.0|vol_trans_follow_h1_low_to_high_h13_tp06_sl065,2025-10-16 13:00:00+00:00,STAGE28A,data/reports/stage28a_discovery_factory_batch_runner/stage28a_exact_trades.csv,volatility_transition_v1,vol_trans_follow_h1_low_to_high_h13_tp06_sl065,4.612000000000444,3.562000000000444,2.862000000000444,1,1,1,0,3.562000000000444,77.52000000000044,42.5,0.4825882352941014,37.970000000000255,0.15011851461679696,19.329999999999927,15.7400000000001,0.548,1.0,,,13,3,10.0,2025
2025-10-17 13:00:00+00:00|-1.0|vol_trans_follow_h1_low_to_high_h13_tp06_sl065,2025-10-17 13:00:00+00:00,STAGE28A,data/reports/stage28a_discovery_factory_batch_runner/stage28a_exact_trades.csv,volatility_transition_v1,vol_trans_follow_h1_low_to_high_h13_tp06_sl065,8.451099999999679,7.401099999999678,6.701099999999679,1,1,1,0,7.401099999999678,151.92999999999938,100.69999999999982,0.19721946375372104,66.96000000000004,0.39575866188769393,16.140000000000327,31.05650000000005,0.992,-1.0,,,13,4,10.0,2025
2025-10-20 13:00:00+00:00|1.0|vol_trans_follow_h1_low_to_high_h13_tp06_sl065,2025-10-20 13:00:00+00:00,STAGE28A,data/reports/stage28a_discovery_factory_batch_runner/stage28a_exact_trades.csv,volatility_transition_v1,vol_trans_follow_h1_low_to_high_h13_tp06_sl065,-7.412574999999924,-8.462574999999925,-9.162574999999924,0,0,0,1,8.462574999999925,35.11999999999989,55.51999999999953,0.16264409221903336,46.61000000000058,0.08496030894655819,13.170000000000073,26.351499999999987,0.876,1.0,,,13,0,10.0,2025
2025-10-21 13:00:00+00:00|-1.0|vol_trans_follow_h1_low_to_high_h13_tp06_sl065,2025-10-21 13:00:00+00:00,STAGE28A,data/reports/stage28a_discovery_factory_batch_runner/stage28a_exact_trades.csv,volatility_transition_v1,vol_trans_follow_h1_low_to_high_h13_tp06_sl065,8.885499999999775,7.835499999999774,7.135499999999775,1,1,1,0,7.835499999999774,162.71999999999935,42.36000000000058,0.4952785646836467,102.25,0.796479217603908,23.349999999999454,24.80199999999986,0.836,-1.0,,,13,1,10.0,2025
2025-10-22 13:00:00+00:00|-1.0|vol_trans_follow_h1_low_to_high_h13_tp06_sl065,2025-10-22 13:00:00+00:00,STAGE28A,data/reports/stage28a_discovery_factory_batch_runner/stage28a_exact_trades.csv,volatility_transition_v1,vol_trans_follow_h1_low_to_high_h13_tp06_sl065,11.170300000000134,10.120300000000134,9.420300000000134,1,1,1,0,10.120300000000134,295.0600000000004,138.77999999999975,0.038406110390545735,101.29000000000042,0.5831770164873084,40.149999999999636,40.10100000000004,0.984,-1.0,,,13,2,10.0,2025
2025-10-23 13:00:00+00:00|1.0|vol_trans_follow_h1_low_to_high_h13_tp06_sl065,2025-10-23 13:00:00+00:00,STAGE28A,data/reports/stage28a_discovery_factory_batch_runner/stage28a_exact_trades.csv,volatility_transition_v1,vol_trans_follow_h1_low_to_high_h13_tp06_sl065,-8.32452499999963,-9.37452499999963,-10.07452499999963,0,0,0,1,9.37452499999963,157.02000000000044,50.55000000000018,0.21444114737883493,57.909999999999854,0.5752029010533513,14.19000000000051,26.659000000000013,0.7,1.0,,,13,3,10.0,2025
2025-10-24 13:00:00+00:00|-1.0|vol_trans_follow_h1_low_to_high_h13_tp06_sl065,2025-10-24 13:00:00+00:00,STAGE28A,data/reports/stage28a_discovery_factory_batch_runner/stage28a_exact_trades.csv,volatility_transition_v1,vol_trans_follow_h1_low_to_high_h13_tp06_sl065,6.718900000000213,5.668900000000212,4.968900000000213,1,1,1,0,5.668900000000212,88.6899999999996,38.25,0.15895424836603494,75.71000000000004,0.8109893012812054,19.16000000000031,19.243000000000073,0.288,-1.0,,,13,4,10.0,2025
2025-10-27 13:00:00+00:00|-1.0|vol_trans_follow_h1_low_to_high_h13_tp06_sl065,2025-10-27 13:00:00+00:00,STAGE28A,data/reports/stage28a_discovery_factory_batch_runner/stage28a_exact_trades.csv,volatility_transition_v1,vol_trans_follow_h1_low_to_high_h13_tp06_sl065,-7.619925000000057,-8.669925000000058,-9.369925000000055,0,0,0,1,8.669925000000058,47.210000000000036,55.55000000000018,0.6064806480648136,60.00999999999976,0.5222462922846237,18.759999999999764,22.817499999999974,0.476,-1.0,,,13,0,10.0,2025
2025-10-28 13:00:00+00:00|1.0|vol_trans_follow_h1_low_to_high_h13_tp06_sl065,2025-10-28 13:00:00+00:00,STAGE28A,data/reports/stage28a_discovery_factory_batch_runner/stage28a_exact_trades.csv,volatility_transition_v1,vol_trans_follow_h1_low_to_high_h13_tp06_sl065,7.341699999999856,6.291699999999855,5.591699999999856,1,1,1,0,6.291699999999855,137.97000000000025,55.86000000000013,0.19638381668457267,93.62000000000035,0.5054475539414653,30.68000000000029,23.399000000000022,0.512,1.0,,,13,1,10.0,2025
2025-10-29 13:00:00+00:00|-1.0|vol_trans_follow_h1_low_to_high_h13_tp06_sl065,2025-10-29 13:00:00+00:00,STAGE28A,data/reports/stage28a_discovery_factory_batch_runner/stage28a_exact_trades.csv,volatility_transition_v1,vol_trans_follow_h1_low_to_high_h13_tp06_sl065,-6.009549999999853,-7.059549999999854,-7.759549999999853,0,0,0,1,7.059549999999854,133.21000000000004,66.23999999999978,0.04649758454106186,79.11000000000013,0.9027935785614961,12.370000000000346,20.742500000000042,0.244,-1.0,,,13,2,10.0,2025
2025-10-30 13:00:00+00:00|-1.0|vol_trans_follow_h1_low_to_high_h13_tp06_sl065,2025-10-30 13:00:00+00:00,STAGE28A,data/reports/stage28a_discovery_factory_batch_runner/stage28a_exact_trades.csv,volatility_transition_v1,vol_trans_follow_h1_low_to_high_h13_tp06_sl065,-7.565975000000071,-8.615975000000072,-9.315975000000073,0,0,0,1,8.615975000000072,114.34000000000015,67.13000000000011,0.6272903321912715,64.69999999999982,0.1791344667697091,27.230000000000018,27.245499999999993,0.704,-1.0,,,13,3,10.0,2025
2025-10-31 13:00:00+00:00|-1.0|vol_trans_follow_h1_low_to_high_h13_tp06_sl065,2025-10-31 13:00:00+00:00,STAGE28A,data/reports/stage28a_discovery_factory_batch_runner/stage28a_exact_trades.csv,volatility_transition_v1,vol_trans_follow_h1_low_to_high_h13_tp06_sl065,-5.767750000000069,-6.8177500000000695,-7.517750000000069,0,0,0,1,6.8177500000000695,127.87000000000035,56.88000000000011,0.31223628691983446,32.74000000000024,0.06047648136835687,13.0600000000004,18.55750000000005,0.004,-1.0,,,13,4,10.0,2025
2025-11-03 13:00:00+00:00|-1.0|vol_trans_follow_h1_low_to_high_h13_tp06_sl065,2025-11-03 13:00:00+00:00,STAGE28A,data/reports/stage28a_discovery_factory_batch_runner/stage28a_exact_trades.csv,volatility_transition_v1,vol_trans_follow_h1_low_to_high_h13_tp06_sl065,4.456300000000192,3.406300000000192,2.7063000000001924,1,1,1,0,3.406300000000192,21.11999999999989,53.05000000000018,0.45730442978322594,34.289999999999964,0.13648293963255456,10.449999999999818,19.519499999999972,0.092,-1.0,,,13,0,11.0,2025
2025-11-04 13:00:00+00:00|1.0|vol_trans_follow_h1_low_to_high_h13_tp06_sl065,2025-11-04 13:00:00+00:00,STAGE28A,data/reports/stage28a_discovery_factory_batch_runner/stage28a_exact_trades.csv,volatility_transition_v1,vol_trans_follow_h1_low_to_high_h13_tp06_sl065,3.7312000000000807,2.681200000000081,1.981200000000081,1,1,1,0,2.681200000000081,68.20000000000027,30.5,0.3872131147540966,33.81999999999971,0.24837374334712325,11.489999999999782,15.157500000000004,0.008,1.0,,,13,1,11.0,2025
2025-11-05 13:00:00+00:00|-1.0|vol_trans_follow_h1_low_to_high_h13_tp06_sl065,2025-11-05 13:00:00+00:00,STAGE28A,data/reports/stage28a_discovery_factory_batch_runner/stage28a_exact_trades.csv,volatility_transition_v1,vol_trans_follow_h1_low_to_high_h13_tp06_sl065,-5.153499999999985,-6.203499999999986,-6.903499999999985,0,0,0,1,6.203499999999986,77.37999999999965,44.4399999999996,0.800405040504051,31.25,0.18431999999999243,15.75,15.218499999999972,0.024,-1.0,,,13,2,11.0,2025
2025-11-06 13:00:00+00:00|-1.0|vol_trans_follow_h1_low_to_high_h13_tp06_sl065,2025-11-06 13:00:00+00:00,STAGE28A,data/reports/stage28a_discovery_factory_batch_runner/stage28a_exact_trades.csv,volatility_transition_v1,vol_trans_follow_h1_low_to_high_h13_tp06_sl065,-3.845049999999992,-4.895049999999992,-5.595049999999992,0,0,0,1,4.895049999999992,61.58999999999969,25.949999999999818,0.5865125240847748,34.51999999999998,0.571552723059097,7.070000000000164,10.239000000000033,0.004,-1.0,,,13,3,11.0,2025
2025-11-07 13:00:00+00:00|1.0|vol_trans_follow_h1_low_to_high_h13_tp06_sl065,2025-11-07 13:00:00+00:00,STAGE28A,data/reports/stage28a_discovery_factory_batch_runner/stage28a_exact_trades.csv,volatility_transition_v1,vol_trans_follow_h1_low_to_high_h13_tp06_sl065,2.888800000000083,1.838800000000083,1.1388000000000833,1,1,1,0,1.838800000000083,54.86000000000013,29.389999999999873,0.31813542021095437,22.179999999999836,0.42605951307483714,6.610000000000127,11.209000000000037,0.044,1.0,,,13,4,11.0,2025
2025-11-10 13:00:00+00:00|1.0|vol_trans_follow_h1_low_to_high_h13_tp06_sl065,2025-11-10 13:00:00+00:00,STAGE28A,data/reports/stage28a_discovery_factory_batch_runner/stage28a_exact_trades.csv,volatility_transition_v1,vol_trans_follow_h1_low_to_high_h13_tp06_sl065,3.4918000000001483,2.4418000000001485,1.7418000000001488,1,1,1,0,2.4418000000001485,14.260000000000218,58.99000000000024,0.7174097304627902,35.89000000000033,0.7419894120925011,7.380000000000109,13.820500000000015,0.22,1.0,,,13,0,11.0,2025
2025-11-11 13:00:00+00:00|-1.0|vol_trans_follow_h1_low_to_high_h13_tp06_sl065,2025-11-11 13:00:00+00:00,STAGE28A,data/reports/stage28a_discovery_factory_batch_runner/stage28a_exact_trades.csv,volatility_transition_v1,vol_trans_follow_h1_low_to_high_h13_tp06_sl065,-3.971474999999919,-5.021474999999919,-5.721474999999918,0,0,0,1,5.021474999999919,122.17999999999984,33.89000000000033,0.6878135143110113,21.980000000000473,0.06505914467699091,7.1599999999998545,11.308499999999913,0.056,-1.0,,,13,1,11.0,2025
2025-11-12 13:00:00+00:00|1.0|vol_trans_follow_h1_low_to_high_h13_tp06_sl065,2025-11-12 13:00:00+00:00,STAGE28A,data/reports/stage28a_discovery_factory_batch_runner/stage28a_exact_trades.csv,volatility_transition_v1,vol_trans_follow_h1_low_to_high_h13_tp06_sl065,-4.965324999999757,-6.015324999999757,-6.715324999999757,0,0,0,1,6.015324999999757,51.600000000000364,41.720000000000255,0.7739693192713271,34.56999999999971,0.5001446340757915,10.8100000000004,13.348500000000058,0.352,1.0,,,13,2,11.0,2025
2025-11-13 13:00:00+00:00|-1.0|vol_trans_follow_h1_low_to_high_h13_tp06_sl065,2025-11-13 13:00:00+00:00,STAGE28A,data/reports/stage28a_discovery_factory_batch_runner/stage28a_exact_trades.csv,volatility_transition_v1,vol_trans_follow_h1_low_to_high_h13_tp06_sl065,4.351600000000326,3.301600000000326,2.6016000000003263,1,1,1,0,3.301600000000326,112.90999999999985,39.74000000000069,0.4574735782586579,37.099999999999454,0.4256064690027007,18.549999999999272,18.722999999999956,0.772,-1.0,,,13,3,11.0,2025
2025-11-14 13:00:00+00:00|-1.0|vol_trans_follow_h1_low_to_high_h13_tp06_sl065,2025-11-14 13:00:00+00:00,STAGE28A,data/reports/stage28a_discovery_factory_batch_runner/stage28a_exact_trades.csv,volatility_transition_v1,vol_trans_follow_h1_low_to_high_h13_tp06_sl065,-6.900374999999803,-7.950374999999804,-8.650374999999803,0,0,0,1,7.950374999999804,100.11999999999989,41.19999999999982,0.4191747572815438,44.849999999999454,0.7906354515050271,11.11999999999989,18.576999999999863,0.792,-1.0,,,13,4,11.0,2025
2025-11-17 13:00:00+00:00|-1.0|vol_trans_follow_h1_low_to_high_h13_tp06_sl065,2025-11-17 13:00:00+00:00,STAGE28A,data/reports/stage28a_discovery_factory_batch_runner/stage28a_exact_trades.csv,volatility_transition_v1,vol_trans_follow_h1_low_to_high_h13_tp06_sl065,4.63779999999988,3.5877999999998798,2.88779999999988,1,1,1,0,3.5877999999998798,32.4699999999998,36.690000000000055,0.48460070863996113,46.059999999999945,0.18019973947025048,21.769999999999982,19.9484999999999,0.856,-1.0,,,13,0,11.0,2025
2025-11-18 13:00:00+00:00|1.0|vol_trans_follow_h1_low_to_high_h13_tp06_sl065,2025-11-18 13:00:00+00:00,STAGE28A,data/reports/stage28a_discovery_factory_batch_runner/stage28a_exact_trades.csv,volatility_transition_v1,vol_trans_follow_h1_low_to_high_h13_tp06_sl065,-6.149625000000105,-7.199625000000106,-7.899625000000105,0,0,0,1,7.199625000000106,99.80999999999995,50.38999999999987,0.5225243103790433,52.279999999999745,0.644988523335883,12.899999999999636,20.05499999999997,0.8,1.0,,,13,1,11.0,2025
2025-11-19 13:00:00+00:00|-1.0|vol_trans_follow_h1_low_to_high_h13_tp06_sl065,2025-11-19 13:00:00+00:00,STAGE28A,data/reports/stage28a_discovery_factory_batch_runner/stage28a_exact_trades.csv,volatility_transition_v1,vol_trans_follow_h1_low_to_high_h13_tp06_sl065,-5.52042500000025,-6.570425000000251,-7.27042500000025,0,0,0,1,6.570425000000251,84.03999999999996,24.850000000000364,0.06156941649900111,44.95000000000027,0.7506117908787447,11.990000000000691,15.576000000000112,0.516,-1.0,,,13,2,11.0,2025
2025-11-20 13:00:00+00:00|-1.0|vol_trans_follow_h1_low_to_high_h13_tp06_sl065,2025-11-20 13:00:00+00:00,STAGE28A,data/reports/stage28a_discovery_factory_batch_runner/stage28a_exact_trades.csv,volatility_transition_v1,vol_trans_follow_h1_low_to_high_h13_tp06_sl065,-7.42102500000019,-8.471025000000191,-9.17102500000019,0,0,0,1,8.471025000000191,76.84000000000015,69.11999999999944,0.4225983796296336,39.01000000000022,0.403229941040757,9.940000000000055,21.13399999999997,0.876,-1.0,,,13,3,11.0,2025
2025-11-21 13:00:00+00:00|-1.0|vol_trans_follow_h1_low_to_high_h13_tp06_sl065,2025-11-21 13:00:00+00:00,STAGE28A,data/reports/stage28a_discovery_factory_batch_runner/stage28a_exact_trades.csv,volatility_transition_v1,vol_trans_follow_h1_low_to_high_h13_tp06_sl065,6.1516000000000535,5.101600000000053,4.4016000000000535,1,1,1,0,5.101600000000053,71.87999999999965,40.929999999999836,0.6594185194234031,42.33000000000038,0.3534136546184716,20.389999999999873,19.463499999999975,0.6,-1.0,,,13,4,11.0,2025
2025-11-24 13:00:00+00:00|-1.0|vol_trans_follow_h1_low_to_high_h13_tp06_sl065,2025-11-24 13:00:00+00:00,STAGE28A,data/reports/stage28a_discovery_factory_batch_runner/stage28a_exact_trades.csv,volatility_transition_v1,vol_trans_follow_h1_low_to_high_h13_tp06_sl065,-4.7742250000002056,-5.824225000000206,-6.5242250000002056,0,0,0,1,5.824225000000206,12.110000000000127,37.090000000000146,0.8398490159072518,37.44999999999982,0.5321762349799837,13.58999999999969,16.62750000000001,0.32,-1.0,,,13,0,11.0,2025
2025-11-25 13:00:00+00:00|1.0|vol_trans_follow_h1_low_to_high_h13_tp06_sl065,2025-11-25 13:00:00+00:00,STAGE28A,data/reports/stage28a_discovery_factory_batch_runner/stage28a_exact_trades.csv,volatility_transition_v1,vol_trans_follow_h1_low_to_high_h13_tp06_sl065,-5.898074999999698,-6.948074999999699,-7.648074999999698,0,0,0,1,6.948074999999699,104.51000000000022,33.219999999999345,0.08940397350991583,43.210000000000036,0.21939365887525006,11.259999999999309,15.99549999999997,0.284,1.0,,,13,1,11.0,2025
2025-11-26 13:00:00+00:00|-1.0|vol_trans_follow_h1_low_to_high_h13_tp06_sl065,2025-11-26 13:00:00+00:00,STAGE28A,data/reports/stage28a_discovery_factory_batch_runner/stage28a_exact_trades.csv,volatility_transition_v1,vol_trans_follow_h1_low_to_high_h13_tp06_sl065,-4.375125000000116,-5.425125000000117,-6.125125000000116,0,0,0,1,5.425125000000117,50.42999999999938,39.88000000000011,0.7096288866599826,21.81999999999971,0.08340971585699969,9.090000000000146,12.598499999999785,0.012,-1.0,,,13,2,11.0,2025
2025-11-27 13:00:00+00:00|-1.0|vol_trans_follow_h1_low_to_high_h13_tp06_sl065,2025-11-27 13:00:00+00:00,STAGE28A,data/reports/stage28a_discovery_factory_batch_runner/stage28a_exact_trades.csv,volatility_transition_v1,vol_trans_follow_h1_low_to_high_h13_tp06_sl065,-3.4339249999999084,-4.483924999999909,-5.183924999999908,0,0,0,1,4.483924999999909,43.900000000000546,25.909999999999854,0.5461211887302441,22.269999999999527,0.26178715761113835,8.109999999999673,9.91649999999986,0.004,-1.0,,,13,3,11.0,2025
2025-11-28 13:00:00+00:00|-1.0|vol_trans_follow_h1_low_to_high_h13_tp06_sl065,2025-11-28 13:00:00+00:00,STAGE28A,data/reports/stage28a_discovery_factory_batch_runner/stage28a_exact_trades.csv,volatility_transition_v1,vol_trans_follow_h1_low_to_high_h13_tp06_sl065,5.278300000000309,4.228300000000308,3.528300000000309,1,1,1,0,4.228300000000308,25.909999999999854,34.81999999999971,0.7268811028144659,34.909999999999854,0.7023775422514933,17.48999999999978,10.71899999999996,0.1,-1.0,,,13,4,11.0,2025
2025-12-01 13:00:00+00:00|1.0|vol_trans_follow_h1_low_to_high_h13_tp06_sl065,2025-12-01 13:00:00+00:00,STAGE28A,data/reports/stage28a_discovery_factory_batch_runner/stage28a_exact_trades.csv,volatility_transition_v1,vol_trans_follow_h1_low_to_high_h13_tp06_sl065,3.4306000000000494,2.3806000000000496,1.6806000000000498,1,1,1,0,2.3806000000000496,24.699999999999818,50.460000000000036,0.4783987316686546,46.55000000000018,0.2212674543501446,13.3100000000004,17.146500000000106,0.476,1.0,,,13,0,12.0,2025
2025-12-02 13:00:00+00:00|-1.0|vol_trans_follow_h1_low_to_high_h13_tp06_sl065,2025-12-02 13:00:00+00:00,STAGE28A,data/reports/stage28a_discovery_factory_batch_runner/stage28a_exact_trades.csv,volatility_transition_v1,vol_trans_follow_h1_low_to_high_h13_tp06_sl065,-5.297799999999915,-6.347799999999916,-7.047799999999915,0,0,0,1,6.347799999999916,58.76000000000022,36.529999999999745,0.24035039693404642,44.98999999999978,0.7317181595910254,9.960000000000036,13.937500000000046,0.248,-1.0,,,13,1,12.0,2025
2025-12-03 13:00:00+00:00|-1.0|vol_trans_follow_h1_low_to_high_h13_tp06_sl065,2025-12-03 13:00:00+00:00,STAGE28A,data/reports/stage28a_discovery_factory_batch_runner/stage28a_exact_trades.csv,volatility_transition_v1,vol_trans_follow_h1_low_to_high_h13_tp06_sl065,-3.6529749999996057,-4.702974999999606,-5.402974999999605,0,0,0,1,4.702974999999606,72.11999999999989,26.11999999999989,0.3575803981623348,29.220000000000255,0.7488021902806269,10.140000000000327,13.567500000000063,0.224,-1.0,,,13,2,12.0,2025
2025-12-04 13:00:00+00:00|-1.0|vol_trans_follow_h1_low_to_high_h13_tp06_sl065,2025-12-04 13:00:00+00:00,STAGE28A,data/reports/stage28a_discovery_factory_batch_runner/stage28a_exact_trades.csv,volatility_transition_v1,vol_trans_follow_h1_low_to_high_h13_tp06_sl065,3.009400000000278,1.959400000000278,1.2594000000002783,1,1,1,0,1.959400000000278,46.89000000000033,29.470000000000255,0.34747200542923967,27.340000000000146,0.009509875640095717,6.0,13.181500000000005,0.212,-1.0,,,13,3,12.0,2025
2025-12-05 13:00:00+00:00|-1.0|vol_trans_follow_h1_low_to_high_h13_tp06_sl065,2025-12-05 13:00:00+00:00,STAGE28A,data/reports/stage28a_discovery_factory_batch_runner/stage28a_exact_trades.csv,volatility_transition_v1,vol_trans_follow_h1_low_to_high_h13_tp06_sl065,2.148999999999796,1.0989999999997964,0.3989999999997966,1,1,1,0,1.0989999999997964,44.17000000000007,22.579999999999927,0.47387068201952004,16.470000000000255,0.37279902853674757,4.950000000000728,8.892500000000108,0.044,-1.0,,,13,4,12.0,2025
2025-12-08 13:00:00+00:00|-1.0|vol_trans_follow_h1_low_to_high_h13_tp06_sl065,2025-12-08 13:00:00+00:00,STAGE28A,data/reports/stage28a_discovery_factory_batch_runner/stage28a_exact_trades.csv,volatility_transition_v1,vol_trans_follow_h1_low_to_high_h13_tp06_sl065,2.7103000000000974,1.6603000000000976,0.960300000000098,1,1,1,0,1.6603000000000976,15.210000000000036,19.06999999999971,0.39066596748819776,17.710000000000036,0.29587803500850823,9.029999999999745,12.737000000000126,0.344,-1.0,,,13,0,12.0,2025
2025-12-09 13:00:00+00:00|1.0|vol_trans_follow_h1_low_to_high_h13_tp06_sl065,2025-12-09 13:00:00+00:00,STAGE28A,data/reports/stage28a_discovery_factory_batch_runner/stage28a_exact_trades.csv,volatility_transition_v1,vol_trans_follow_h1_low_to_high_h13_tp06_sl065,2.9196999999998297,1.8696999999998296,1.16969999999983,1,1,1,0,1.8696999999998296,42.48999999999978,14.079999999999927,0.5589488636363588,42.75,0.39836257309940926,7.0900000000001455,10.495999999999867,0.144,1.0,,,13,1,12.0,2025
2025-12-10 13:00:00+00:00|-1.0|vol_trans_follow_h1_low_to_high_h13_tp06_sl065,2025-12-10 13:00:00+00:00,STAGE28A,data/reports/stage28a_discovery_factory_batch_runner/stage28a_exact_trades.csv,volatility_transition_v1,vol_trans_follow_h1_low_to_high_h13_tp06_sl065,2.232999999999629,1.182999999999629,0.4829999999996293,1,1,1,0,1.182999999999629,51.150000000000546,15.0,0.25533333333332847,26.73999999999978,0.5145848915482547,8.529999999999745,9.297500000000037,0.1,-1.0,,,13,2,12.0,2025
2025-12-11 13:00:00+00:00|-1.0|vol_trans_follow_h1_low_to_high_h13_tp06_sl065,2025-12-11 13:00:00+00:00,STAGE28A,data/reports/stage28a_discovery_factory_batch_runner/stage28a_exact_trades.csv,volatility_transition_v1,vol_trans_follow_h1_low_to_high_h13_tp06_sl065,-3.5272000000000845,-4.577200000000085,-5.277200000000084,0,0,0,1,4.577200000000085,56.650000000000546,39.13999999999942,0.4757281553398101,21.590000000000146,0.1491431218156662,14.139999999999418,13.8099999999999,0.668,-1.0,,,13,3,12.0,2025
2025-12-12 13:00:00+00:00|1.0|vol_trans_follow_h1_low_to_high_h13_tp06_sl065,2025-12-12 13:00:00+00:00,STAGE28A,data/reports/stage28a_discovery_factory_batch_runner/stage28a_exact_trades.csv,volatility_transition_v1,vol_trans_follow_h1_low_to_high_h13_tp06_sl065,-4.596124999999665,-5.646124999999666,-6.346124999999665,0,0,0,1,5.646124999999666,81.61000000000058,18.800000000000182,0.5281914893616642,64.73999999999978,0.9800741427247597,16.06999999999971,13.740999999999985,0.576,1.0,,,13,4,12.0,2025
2025-12-15 13:00:00+00:00|-1.0|vol_trans_follow_h1_low_to_high_h13_tp06_sl065,2025-12-15 13:00:00+00:00,STAGE28A,data/reports/stage28a_discovery_factory_batch_runner/stage28a_exact_trades.csv,volatility_transition_v1,vol_trans_follow_h1_low_to_high_h13_tp06_sl065,2.492800000000352,1.4428000000003522,0.7428000000003525,1,1,1,0,1.4428000000003522,13.710000000000036,35.11000000000058,0.6693249786385534,25.270000000000437,0.5385833003561673,10.5,13.16550000000002,0.452,-1.0,,,13,0,12.0,2025
2025-12-16 13:00:00+00:00|-1.0|vol_trans_follow_h1_low_to_high_h13_tp06_sl065,2025-12-16 13:00:00+00:00,STAGE28A,data/reports/stage28a_discovery_factory_batch_runner/stage28a_exact_trades.csv,volatility_transition_v1,vol_trans_follow_h1_low_to_high_h13_tp06_sl065,-4.040375000000131,-5.090375000000131,-5.790375000000131,0,0,0,1,5.090375000000131,64.84000000000015,37.07000000000062,0.4086862692203772,20.51000000000022,0.5724037055094908,9.199999999999818,13.560000000000173,0.568,-1.0,,,13,1,12.0,2025
2025-12-17 13:00:00+00:00|1.0|vol_trans_follow_h1_low_to_high_h13_tp06_sl065,2025-12-17 13:00:00+00:00,STAGE28A,data/reports/stage28a_discovery_factory_batch_runner/stage28a_exact_trades.csv,volatility_transition_v1,vol_trans_follow_h1_low_to_high_h13_tp06_sl065,3.31359999999986,2.2635999999998604,1.5635999999998609,1,1,1,0,2.2635999999998604,63.220000000000255,29.93000000000029,0.7327096558636541,35.470000000000255,0.33718635466591346,15.420000000000073,13.417500000000109,0.552,1.0,,,13,2,12.0,2025
2025-12-18 13:00:00+00:00|1.0|vol_trans_follow_h1_low_to_high_h13_tp06_sl065,2025-12-18 13:00:00+00:00,STAGE28A,data/reports/stage28a_discovery_factory_batch_runner/stage28a_exact_trades.csv,volatility_transition_v1,vol_trans_follow_h1_low_to_high_h13_tp06_sl065,-3.0422999999997047,-4.092299999999705,-4.792299999999704,0,0,0,1,4.092299999999705,47.26000000000022,18.51000000000022,0.390059427336584,16.73999999999978,0.3912783751493045,5.690000000000509,10.159999999999991,0.116,1.0,,,13,3,12.0,2025
2025-12-19 13:00:00+00:00|-1.0|vol_trans_follow_h1_low_to_high_h13_tp06_sl065,2025-12-19 13:00:00+00:00,STAGE28A,data/reports/stage28a_discovery_factory_batch_runner/stage28a_exact_trades.csv,volatility_transition_v1,vol_trans_follow_h1_low_to_high_h13_tp06_sl065,-3.093000000000393,-4.143000000000393,-4.8430000000003925,0,0,0,1,4.143000000000393,65.72000000000025,27.599999999999454,0.44818840579710634,15.989999999999782,0.3089430894308735,9.30999999999949,13.465499999999793,0.56,-1.0,,,13,4,12.0,2025
2025-12-22 13:00:00+00:00|-1.0|vol_trans_follow_h1_low_to_high_h13_tp06_sl065,2025-12-22 13:00:00+00:00,STAGE28A,data/reports/stage28a_discovery_factory_batch_runner/stage28a_exact_trades.csv,volatility_transition_v1,vol_trans_follow_h1_low_to_high_h13_tp06_sl065,-3.780699999999888,-4.830699999999888,-5.530699999999888,0,0,0,1,4.830699999999888,18.1200000000008,62.840000000000146,0.6877784850413774,23.599999999999454,0.4338983050847851,9.609999999999673,11.659000000000015,0.336,-1.0,,,13,0,12.0,2025
2025-12-23 13:00:00+00:00|1.0|vol_trans_follow_h1_low_to_high_h13_tp06_sl065,2025-12-23 13:00:00+00:00,STAGE28A,data/reports/stage28a_discovery_factory_batch_runner/stage28a_exact_trades.csv,volatility_transition_v1,vol_trans_follow_h1_low_to_high_h13_tp06_sl065,2.619699999999648,1.569699999999648,0.8696999999996482,1,1,1,0,1.569699999999648,122.74000000000069,52.289999999999964,0.42991011665709655,23.69000000000051,0.08104685521313305,7.970000000000255,12.317999999999984,0.404,1.0,,,13,1,12.0,2025
2025-12-24 13:00:00+00:00|-1.0|vol_trans_follow_h1_low_to_high_h13_tp06_sl065,2025-12-24 13:00:00+00:00,STAGE28A,data/reports/stage28a_discovery_factory_batch_runner/stage28a_exact_trades.csv,volatility_transition_v1,vol_trans_follow_h1_low_to_high_h13_tp06_sl065,3.773199999999997,2.723199999999997,2.023199999999997,1,1,1,0,2.723199999999997,75.19000000000051,54.51000000000022,0.07228031553842569,22.300000000000182,0.43094170403585624,17.61999999999989,17.785499999999956,0.936,-1.0,,,13,2,12.0,2025
2025-12-26 13:00:00+00:00|1.0|vol_trans_follow_h1_low_to_high_h13_tp06_sl065,2025-12-26 13:00:00+00:00,STAGE28A,data/reports/stage28a_discovery_factory_batch_runner/stage28a_exact_trades.csv,volatility_transition_v1,vol_trans_follow_h1_low_to_high_h13_tp06_sl065,3.052000000000044,2.002000000000044,1.302000000000044,1,1,1,0,2.002000000000044,30.289999999999964,61.48999999999978,0.22767929744674012,17.50999999999931,0.311250713877786,12.13000000000011,18.21849999999995,0.904,1.0,,,13,4,12.0,2025
2025-12-29 13:00:00+00:00|-1.0|vol_trans_follow_h1_low_to_high_h13_tp06_sl065,2025-12-29 13:00:00+00:00,STAGE28A,data/reports/stage28a_discovery_factory_batch_runner/stage28a_exact_trades.csv,volatility_transition_v1,vol_trans_follow_h1_low_to_high_h13_tp06_sl065,-7.8006250000004,-8.8506250000004,-9.5506250000004,0,0,0,1,8.8506250000004,26.170000000000073,76.92000000000007,0.15665626625065224,71.97000000000025,0.7582325969153874,17.44000000000051,24.355500000000074,0.988,-1.0,,,13,0,12.0,2025
2025-12-30 13:00:00+00:00|1.0|vol_trans_follow_h1_low_to_high_h13_tp06_sl065,2025-12-30 13:00:00+00:00,STAGE28A,data/reports/stage28a_discovery_factory_batch_runner/stage28a_exact_trades.csv,volatility_transition_v1,vol_trans_follow_h1_low_to_high_h13_tp06_sl065,5.162799999999516,4.112799999999515,3.412799999999516,1,1,1,0,4.112799999999515,246.52999999999975,45.98999999999978,0.38704066101326956,41.36000000000058,0.5118471953578282,23.890000000000327,20.83650000000016,0.868,1.0,,,13,1,12.0,2025
2025-12-31 13:00:00+00:00|-1.0|vol_trans_follow_h1_low_to_high_h13_tp06_sl065,2025-12-31 13:00:00+00:00,STAGE28A,data/reports/stage28a_discovery_factory_batch_runner/stage28a_exact_trades.csv,volatility_transition_v1,vol_trans_follow_h1_low_to_high_h13_tp06_sl065,6.081099999999788,5.031099999999787,4.331099999999788,1,1,1,0,5.031099999999787,80.57999999999993,44.35999999999967,0.13841298467086255,68.73999999999978,0.3840558626709299,27.550000000000182,25.217499999999973,0.92,-1.0,,,13,2,12.0,2025
2026-01-02 13:00:00+00:00|1.0|vol_trans_follow_h1_low_to_high_h13_tp06_sl065,2026-01-02 13:00:00+00:00,STAGE28A,data/reports/stage28a_discovery_factory_batch_runner/stage28a_exact_trades.csv,volatility_transition_v1,vol_trans_follow_h1_low_to_high_h13_tp06_sl065,3.226299999999719,2.1762999999997192,1.4762999999997195,1,1,1,0,2.1762999999997192,26.88000000000011,54.08000000000084,0.4567307692307588,27.51000000000022,0.8269720101781105,14.020000000000437,15.186500000000024,0.456,1.0,,,13,4,1.0,2026
2026-01-05 13:00:00+00:00|1.0|vol_trans_follow_h1_low_to_high_h13_tp06_sl065,2026-01-05 13:00:00+00:00,STAGE28A,data/reports/stage28a_discovery_factory_batch_runner/stage28a_exact_trades.csv,volatility_transition_v1,vol_trans_follow_h1_low_to_high_h13_tp06_sl065,-4.229525000000285,-5.279525000000286,-5.979525000000285,0,0,0,1,5.279525000000286,30.640000000000327,74.94000000000051,0.425540432345866,38.8100000000004,0.8294254058232226,9.029999999999745,16.90100000000002,0.484,1.0,,,13,0,1.0,2026
2026-01-06 13:00:00+00:00|1.0|vol_trans_follow_h1_low_to_high_h13_tp06_sl065,2026-01-06 13:00:00+00:00,STAGE28A,data/reports/stage28a_discovery_factory_batch_runner/stage28a_exact_trades.csv,volatility_transition_v1,vol_trans_follow_h1_low_to_high_h13_tp06_sl065,3.838299999999799,2.7882999999997997,2.0882999999997995,1,1,1,0,2.7882999999997997,110.64000000000033,40.539999999999964,0.6625555007400024,32.960000000000036,0.46450242718447765,13.220000000000255,15.324999999999955,0.312,1.0,,,13,1,1.0,2026
2026-01-07 13:00:00+00:00|1.0|vol_trans_follow_h1_low_to_high_h13_tp06_sl065,2026-01-07 13:00:00+00:00,STAGE28A,data/reports/stage28a_discovery_factory_batch_runner/stage28a_exact_trades.csv,volatility_transition_v1,vol_trans_follow_h1_low_to_high_h13_tp06_sl065,-4.759274999999979,-5.80927499999998,-6.509274999999979,0,0,0,1,5.80927499999998,69.30999999999949,40.720000000000255,0.7094793713163101,33.11999999999989,0.011171497584537804,8.900000000000546,15.482000000000061,0.284,1.0,,,13,2,1.0,2026
2026-01-08 13:00:00+00:00|1.0|vol_trans_follow_h1_low_to_high_h13_tp06_sl065,2026-01-08 13:00:00+00:00,STAGE28A,data/reports/stage28a_discovery_factory_batch_runner/stage28a_exact_trades.csv,volatility_transition_v1,vol_trans_follow_h1_low_to_high_h13_tp06_sl065,3.7765000000003055,2.7265000000003057,2.026500000000306,1,1,1,0,2.7265000000003057,76.98000000000047,36.0,0.8824999999999869,24.0,0.07875000000001364,11.590000000000146,14.72700000000009,0.084,1.0,,,13,3,1.0,2026
2026-01-09 13:00:00+00:00|1.0|vol_trans_follow_h1_low_to_high_h13_tp06_sl065,2026-01-09 13:00:00+00:00,STAGE28A,data/reports/stage28a_discovery_factory_batch_runner/stage28a_exact_trades.csv,volatility_transition_v1,vol_trans_follow_h1_low_to_high_h13_tp06_sl065,-3.5772499999999128,-4.627249999999913,-5.327249999999912,0,0,0,1,4.627249999999913,71.64000000000033,31.079999999999927,0.352960102960112,19.199999999999818,0.4234375000000097,7.130000000000109,12.93400000000015,0.004,1.0,,,13,4,1.0,2026
2026-01-12 13:00:00+00:00|1.0|vol_trans_follow_h1_low_to_high_h13_tp06_sl065,2026-01-12 13:00:00+00:00,STAGE28A,data/reports/stage28a_discovery_factory_batch_runner/stage28a_exact_trades.csv,volatility_transition_v1,vol_trans_follow_h1_low_to_high_h13_tp06_sl065,-4.605549999999857,-5.655549999999858,-6.355549999999857,0,0,0,1,5.655549999999858,31.800000000000182,87.85999999999967,0.32540405190075405,33.039999999999964,0.7760290556900559,9.340000000000146,21.8,0.764,1.0,,,13,0,1.0,2026
2026-01-13 13:00:00+00:00|1.0|vol_trans_follow_h1_low_to_high_h13_tp06_sl065,2026-01-13 13:00:00+00:00,STAGE28A,data/reports/stage28a_discovery_factory_batch_runner/stage28a_exact_trades.csv,volatility_transition_v1,vol_trans_follow_h1_low_to_high_h13_tp06_sl065,3.6286000000003695,2.5786000000003697,1.87860000000037,1,1,1,0,2.5786000000003697,116.96000000000004,32.23000000000047,0.0896680111697265,28.42999999999938,0.3496306718255619,7.829999999999927,15.20250000000001,0.184,1.0,,,13,1,1.0,2026
2026-01-14 13:00:00+00:00|1.0|vol_trans_follow_h1_low_to_high_h13_tp06_sl065,2026-01-14 13:00:00+00:00,STAGE28A,data/reports/stage28a_discovery_factory_batch_runner/stage28a_exact_trades.csv,volatility_transition_v1,vol_trans_follow_h1_low_to_high_h13_tp06_sl065,-4.402749999999832,-5.452749999999833,-6.152749999999832,0,0,0,1,5.452749999999833,64.76999999999953,42.88000000000011,0.705457089552237,21.579999999999927,0.15848007414272866,10.30999999999949,16.248499999999968,0.396,1.0,,,13,2,1.0,2026
2026-01-15 13:00:00+00:00|1.0|vol_trans_follow_h1_low_to_high_h13_tp06_sl065,2026-01-15 13:00:00+00:00,STAGE28A,data/reports/stage28a_discovery_factory_batch_runner/stage28a_exact_trades.csv,volatility_transition_v1,vol_trans_follow_h1_low_to_high_h13_tp06_sl065,3.132700000000477,2.0827000000004774,1.3827000000004777,1,1,1,0,2.0827000000004774,55.220000000000255,51.470000000000255,0.4453079463765292,39.04999999999927,0.7062740076824697,10.829999999999927,16.995000000000026,0.56,1.0,,,13,3,1.0,2026
2026-01-16 13:00:00+00:00|-1.0|vol_trans_follow_h1_low_to_high_h13_tp06_sl065,2026-01-16 13:00:00+00:00,STAGE28A,data/reports/stage28a_discovery_factory_batch_runner/stage28a_exact_trades.csv,volatility_transition_v1,vol_trans_follow_h1_low_to_high_h13_tp06_sl065,3.7389999999999417,2.688999999999942,1.988999999999942,1,1,1,0,2.688999999999942,51.470000000000255,29.23999999999978,0.3081395348837307,21.81999999999971,0.04353803849678418,11.319999999999709,12.791500000000088,0.012,-1.0,,,13,4,1.0,2026
2026-01-19 13:00:00+00:00|-1.0|vol_trans_follow_h1_low_to_high_h13_tp06_sl065,2026-01-19 13:00:00+00:00,STAGE28A,data/reports/stage28a_discovery_factory_batch_runner/stage28a_exact_trades.csv,volatility_transition_v1,vol_trans_follow_h1_low_to_high_h13_tp06_sl065,3.196599999999671,2.146599999999671,1.4465999999996717,1,1,1,0,2.146599999999671,70.75,70.75,0.13371024734982384,17.730000000000473,0.0383530738860842,9.960000000000036,20.762000000000036,0.876,-1.0,,,13,0,1.0,2026
2026-01-20 13:00:00+00:00|-1.0|vol_trans_follow_h1_low_to_high_h13_tp06_sl065,2026-01-20 13:00:00+00:00,STAGE28A,data/reports/stage28a_discovery_factory_batch_runner/stage28a_exact_trades.csv,volatility_transition_v1,vol_trans_follow_h1_low_to_high_h13_tp06_sl065,3.77079999999969,2.72079999999969,2.0207999999996904,1,1,1,0,2.72079999999969,70.75,37.38999999999942,0.7983418026210438,43.05000000000018,0.726596980255529,11.769999999999527,11.975499999999874,0.068,-1.0,,,13,1,1.0,2026
2026-01-21 13:00:00+00:00|1.0|vol_trans_follow_h1_low_to_high_h13_tp06_sl065,2026-01-21 13:00:00+00:00,STAGE28A,data/reports/stage28a_discovery_factory_batch_runner/stage28a_exact_trades.csv,volatility_transition_v1,vol_trans_follow_h1_low_to_high_h13_tp06_sl065,-8.120099999999729,-9.17009999999973,-9.870099999999727,0,0,0,1,9.17009999999973,117.38999999999942,112.94999999999982,0.7990261177512187,55.72999999999956,0.06728871343979956,7.260000000000218,22.390000000000008,0.892,1.0,,,13,2,1.0,2026
2026-01-22 13:00:00+00:00|1.0|vol_trans_follow_h1_low_to_high_h13_tp06_sl065,2026-01-22 13:00:00+00:00,STAGE28A,data/reports/stage28a_discovery_factory_batch_runner/stage28a_exact_trades.csv,volatility_transition_v1,vol_trans_follow_h1_low_to_high_h13_tp06_sl065,3.972400000000016,2.922400000000016,2.2224000000000164,1,1,1,0,2.922400000000016,132.3699999999999,62.81999999999971,0.306431072906719,44.42000000000007,0.716343989194049,12.259999999999309,30.707500000000028,0.94,1.0,,,13,3,1.0,2026
2026-01-23 13:00:00+00:00|1.0|vol_trans_follow_h1_low_to_high_h13_tp06_sl065,2026-01-23 13:00:00+00:00,STAGE28A,data/reports/stage28a_discovery_factory_batch_runner/stage28a_exact_trades.csv,volatility_transition_v1,vol_trans_follow_h1_low_to_high_h13_tp06_sl065,6.329199999999583,5.279199999999582,4.579199999999583,1,1,1,0,5.279199999999582,187.47999999999956,36.32999999999993,0.07349298100743402,67.39999999999964,0.3921364985163269,16.6899999999996,22.539999999999964,0.78,1.0,,,13,4,1.0,2026
2026-01-26 13:00:00+00:00|1.0|vol_trans_follow_h1_low_to_high_h13_tp06_sl065,2026-01-26 13:00:00+00:00,STAGE28A,data/reports/stage28a_discovery_factory_batch_runner/stage28a_exact_trades.csv,volatility_transition_v1,vol_trans_follow_h1_low_to_high_h13_tp06_sl065,-7.456125000000247,-8.506125000000248,-9.206125000000249,0,0,0,1,8.506125000000248,37.909999999999854,90.77999999999975,0.33718880810752,58.66999999999916,0.36475200272713226,16.4399999999996,25.635999999999967,0.88,1.0,,,13,0,1.0,2026
2026-01-27 13:00:00+00:00|-1.0|vol_trans_follow_h1_low_to_high_h13_tp06_sl065,2026-01-27 13:00:00+00:00,STAGE28A,data/reports/stage28a_discovery_factory_batch_runner/stage28a_exact_trades.csv,volatility_transition_v1,vol_trans_follow_h1_low_to_high_h13_tp06_sl065,5.200000000000182,4.1500000000001815,3.4500000000001823,1,1,1,0,4.1500000000001815,120.89999999999964,66.71999999999935,0.3625599520383805,43.279999999999745,0.441543438077629,16.399999999999636,33.254499999999915,0.948,-1.0,,,13,1,1.0,2026
2026-01-28 13:00:00+00:00|-1.0|vol_trans_follow_h1_low_to_high_h13_tp06_sl065,2026-01-28 13:00:00+00:00,STAGE28A,data/reports/stage28a_discovery_factory_batch_runner/stage28a_exact_trades.csv,volatility_transition_v1,vol_trans_follow_h1_low_to_high_h13_tp06_sl065,8.051499999999942,7.001499999999941,6.301499999999942,1,1,1,0,7.001499999999941,177.47999999999956,91.47000000000025,0.8015742866513557,70.05000000000018,0.3504639543183327,16.449999999999818,28.926500000000125,0.84,-1.0,,,13,2,1.0,2026
2026-01-29 13:00:00+00:00|-1.0|vol_trans_follow_h1_low_to_high_h13_tp06_sl065,2026-01-29 13:00:00+00:00,STAGE28A,data/reports/stage28a_discovery_factory_batch_runner/stage28a_exact_trades.csv,volatility_transition_v1,vol_trans_follow_h1_low_to_high_h13_tp06_sl065,13.499199999999655,12.449199999999657,11.749199999999655,1,1,1,0,12.449199999999657,367.5100000000002,177.09000000000015,0.2549551075724185,120.55000000000018,0.6137702198257957,42.60999999999967,58.37200000000003,1.0,-1.0,,,13,3,1.0,2026
2026-01-30 13:00:00+00:00|1.0|vol_trans_follow_h1_low_to_high_h13_tp06_sl065,2026-01-30 13:00:00+00:00,STAGE28A,data/reports/stage28a_discovery_factory_batch_runner/stage28a_exact_trades.csv,volatility_transition_v1,vol_trans_follow_h1_low_to_high_h13_tp06_sl065,-34.64562499999975,-35.695624999999744,-36.39562499999975,0,0,0,1,35.695624999999744,494.8599999999997,338.6199999999999,0.661360817435473,297.4300000000003,0.3163433412903878,121.40999999999985,108.37899999999995,1.0,1.0,,,13,4,1.0,2026
2026-02-02 13:00:00+00:00|-1.0|vol_trans_follow_h1_low_to_high_h13_tp06_sl065,2026-02-02 13:00:00+00:00,STAGE28A,data/reports/stage28a_discovery_factory_batch_runner/stage28a_exact_trades.csv,volatility_transition_v1,vol_trans_follow_h1_low_to_high_h13_tp06_sl065,33.571000000000275,32.52100000000028,31.821000000000275,1,1,1,0,32.52100000000028,168.01999999999953,300.52999999999975,0.20949655608425147,330.25,0.07887963663891047,76.39999999999964,133.36349999999976,0.992,-1.0,,,13,0,2.0,2026
2026-02-03 13:00:00+00:00|-1.0|vol_trans_follow_h1_low_to_high_h13_tp06_sl065,2026-02-03 13:00:00+00:00,STAGE28A,data/reports/stage28a_discovery_factory_batch_runner/stage28a_exact_trades.csv,volatility_transition_v1,vol_trans_follow_h1_low_to_high_h13_tp06_sl065,12.937900000000264,11.887900000000265,11.187900000000264,1,1,1,0,11.887900000000265,481.1899999999996,189.4900000000007,0.18222597498548535,139.53999999999996,0.6661889064067655,27.98999999999978,66.50050000000006,0.728,-1.0,,,13,1,2.0,2026
2026-02-04 13:00:00+00:00|-1.0|vol_trans_follow_h1_low_to_high_h13_tp06_sl065,2026-02-04 13:00:00+00:00,STAGE28A,data/reports/stage28a_discovery_factory_batch_runner/stage28a_exact_trades.csv,volatility_transition_v1,vol_trans_follow_h1_low_to_high_h13_tp06_sl065,-11.170225000000393,-12.220225000000392,-12.920225000000393,0,0,0,1,12.220225000000392,327.28999999999996,170.6200000000008,0.7802133395850385,50.0,0.6368000000000029,22.479999999999563,46.102499999999964,0.572,-1.0,,,13,2,2.0,2026
2026-02-05 13:00:00+00:00|1.0|vol_trans_follow_h1_low_to_high_h13_tp06_sl065,2026-02-05 13:00:00+00:00,STAGE28A,data/reports/stage28a_discovery_factory_batch_runner/stage28a_exact_trades.csv,volatility_transition_v1,vol_trans_follow_h1_low_to_high_h13_tp06_sl065,-17.33319999999967,-18.38319999999967,-19.08319999999967,0,0,0,1,18.38319999999967,239.94999999999982,234.41000000000076,0.6337613583038263,116.44999999999982,0.11592958351223719,38.779999999999745,60.45800000000004,0.704,1.0,,,13,3,2.0,2026
2026-02-06 13:00:00+00:00|1.0|vol_trans_follow_h1_low_to_high_h13_tp06_sl065,2026-02-06 13:00:00+00:00,STAGE28A,data/reports/stage28a_discovery_factory_batch_runner/stage28a_exact_trades.csv,volatility_transition_v1,vol_trans_follow_h1_low_to_high_h13_tp06_sl065,-14.052975000000153,-15.102975000000152,-15.802975000000153,0,0,0,1,15.102975000000152,320.3100000000004,191.01000000000022,0.5794461022983098,95.03999999999996,0.6758207070707027,28.18000000000029,61.26499999999987,0.672,1.0,,,13,4,2.0,2026
2026-02-09 13:00:00+00:00|-1.0|vol_trans_follow_h1_low_to_high_h13_tp06_sl065,2026-02-09 13:00:00+00:00,STAGE28A,data/reports/stage28a_discovery_factory_batch_runner/stage28a_exact_trades.csv,volatility_transition_v1,vol_trans_follow_h1_low_to_high_h13_tp06_sl065,-10.338875000000009,-11.388875000000008,-12.088875000000009,0,0,0,1,11.388875000000008,81.67000000000007,81.67000000000007,0.2937431125260164,62.659999999999854,0.33482285349506097,32.469999999999345,35.83349999999996,0.272,-1.0,,,13,0,2.0,2026
2026-02-10 13:00:00+00:00|1.0|vol_trans_follow_h1_low_to_high_h13_tp06_sl065,2026-02-10 13:00:00+00:00,STAGE28A,data/reports/stage28a_discovery_factory_batch_runner/stage28a_exact_trades.csv,volatility_transition_v1,vol_trans_follow_h1_low_to_high_h13_tp06_sl065,-8.217274999999608,-9.267274999999607,-9.967274999999608,0,0,0,1,9.267274999999607,121.23000000000047,87.30999999999949,0.0027488260222276097,51.73999999999978,0.304020100502523,21.25,28.691499999999905,0.072,1.0,,,13,1,2.0,2026
2026-02-11 13:00:00+00:00|1.0|vol_trans_follow_h1_low_to_high_h13_tp06_sl065,2026-02-11 13:00:00+00:00,STAGE28A,data/reports/stage28a_discovery_factory_batch_runner/stage28a_exact_trades.csv,volatility_transition_v1,vol_trans_follow_h1_low_to_high_h13_tp06_sl065,-6.915324999999575,-7.965324999999575,-8.665324999999575,0,0,0,1,7.965324999999575,90.59999999999945,36.149999999999636,0.11009681881052595,57.410000000000764,0.814318063055206,38.44000000000051,22.60649999999996,0.004,1.0,,,13,2,2.0,2026
2026-02-12 13:00:00+00:00|-1.0|vol_trans_follow_h1_low_to_high_h13_tp06_sl065,2026-02-12 13:00:00+00:00,STAGE28A,data/reports/stage28a_discovery_factory_batch_runner/stage28a_exact_trades.csv,volatility_transition_v1,vol_trans_follow_h1_low_to_high_h13_tp06_sl065,-6.14962499999965,-7.199624999999651,-7.89962499999965,0,0,0,1,7.199624999999651,99.52999999999975,54.75999999999931,0.13951789627466077,33.48999999999978,0.22066288444312857,21.0,22.683999999999834,0.012,-1.0,,,13,3,2.0,2026
2026-02-13 13:00:00+00:00|-1.0|vol_trans_follow_h1_low_to_high_h13_tp06_sl065,2026-02-13 13:00:00+00:00,STAGE28A,data/reports/stage28a_discovery_factory_batch_runner/stage28a_exact_trades.csv,volatility_transition_v1,vol_trans_follow_h1_low_to_high_h13_tp06_sl065,7.672299999999632,6.622299999999632,5.922299999999632,1,1,1,0,6.622299999999632,221.16999999999916,110.14999999999964,0.510939627780299,44.63000000000011,0.5969079094779152,33.589999999999236,39.67549999999983,0.428,-1.0,,,13,4,2.0,2026
2026-02-16 13:00:00+00:00|-1.0|vol_trans_follow_h1_low_to_high_h13_tp06_sl065,2026-02-16 13:00:00+00:00,STAGE28A,data/reports/stage28a_discovery_factory_batch_runner/stage28a_exact_trades.csv,volatility_transition_v1,vol_trans_follow_h1_low_to_high_h13_tp06_sl065,-5.741099999999824,-6.791099999999824,-7.491099999999824,0,0,0,1,6.791099999999824,39.280000000000655,77.38000000000011,0.561643835616438,50.88000000000011,0.5548349056603676,16.6899999999996,23.948999999999934,0.044,-1.0,,,13,0,2.0,2026
2026-02-17 13:00:00+00:00|-1.0|vol_trans_follow_h1_low_to_high_h13_tp06_sl065,2026-02-17 13:00:00+00:00,STAGE28A,data/reports/stage28a_discovery_factory_batch_runner/stage28a_exact_trades.csv,volatility_transition_v1,vol_trans_follow_h1_low_to_high_h13_tp06_sl065,6.825400000000082,5.775400000000081,5.075400000000082,1,1,1,0,5.775400000000081,84.22000000000025,77.25,0.4779288025889977,91.84000000000015,0.4317290940766603,31.599999999999454,25.8724999999999,0.184,-1.0,,,13,1,2.0,2026
2026-02-18 13:00:00+00:00|-1.0|vol_trans_follow_h1_low_to_high_h13_tp06_sl065,2026-02-18 13:00:00+00:00,STAGE28A,data/reports/stage28a_discovery_factory_batch_runner/stage28a_exact_trades.csv,volatility_transition_v1,vol_trans_follow_h1_low_to_high_h13_tp06_sl065,3.955900000000293,2.9059000000002926,2.205900000000293,1,1,1,0,2.9059000000002926,157.21000000000004,86.19999999999982,0.8678654292343452,32.5,0.6058461538461415,14.720000000000255,20.17499999999991,0.04,-1.0,,,13,2,2.0,2026
2026-02-19 13:00:00+00:00|-1.0|vol_trans_follow_h1_low_to_high_h13_tp06_sl065,2026-02-19 13:00:00+00:00,STAGE28A,data/reports/stage28a_discovery_factory_batch_runner/stage28a_exact_trades.csv,volatility_transition_v1,vol_trans_follow_h1_low_to_high_h13_tp06_sl065,4.741599999999744,3.691599999999744,2.991599999999744,1,1,1,0,3.691599999999744,156.84000000000015,28.07000000000062,0.2921268257926483,40.33000000000084,0.22737416315397677,14.44000000000051,16.48700000000008,0.004,-1.0,,,13,3,2.0,2026
2026-02-20 13:00:00+00:00|1.0|vol_trans_follow_h1_low_to_high_h13_tp06_sl065,2026-02-20 13:00:00+00:00,STAGE28A,data/reports/stage28a_discovery_factory_batch_runner/stage28a_exact_trades.csv,volatility_transition_v1,vol_trans_follow_h1_low_to_high_h13_tp06_sl065,-6.432049999999981,-7.482049999999981,-8.18204999999998,0,0,0,1,7.482049999999981,61.32000000000062,32.899999999999636,0.36413373860181447,44.55999999999949,0.7773788150807858,18.900000000000546,18.425000000000047,0.084,1.0,,,13,4,2.0,2026
2026-02-23 13:00:00+00:00|1.0|vol_trans_follow_h1_low_to_high_h13_tp06_sl065,2026-02-23 13:00:00+00:00,STAGE28A,data/reports/stage28a_discovery_factory_batch_runner/stage28a_exact_trades.csv,volatility_transition_v1,vol_trans_follow_h1_low_to_high_h13_tp06_sl065,5.772099999999592,4.722099999999591,4.022099999999592,1,1,1,0,4.722099999999591,72.84000000000015,77.53999999999996,0.0517152437451549,40.94999999999982,0.05225885225883828,18.169999999999163,26.22649999999994,0.464,1.0,,,13,0,2.0,2026
2026-02-24 13:00:00+00:00|1.0|vol_trans_follow_h1_low_to_high_h13_tp06_sl065,2026-02-24 13:00:00+00:00,STAGE28A,data/reports/stage28a_discovery_factory_batch_runner/stage28a_exact_trades.csv,volatility_transition_v1,vol_trans_follow_h1_low_to_high_h13_tp06_sl065,-6.407025000000067,-7.457025000000067,-8.157025000000067,0,0,0,1,7.457025000000067,139.01000000000022,104.50999999999931,0.6400344464644605,29.329999999999927,0.16365496079100558,17.82000000000062,23.55999999999999,0.372,1.0,,,13,1,2.0,2026
2026-02-25 13:00:00+00:00|-1.0|vol_trans_follow_h1_low_to_high_h13_tp06_sl065,2026-02-25 13:00:00+00:00,STAGE28A,data/reports/stage28a_discovery_factory_batch_runner/stage28a_exact_trades.csv,volatility_transition_v1,vol_trans_follow_h1_low_to_high_h13_tp06_sl065,-5.527899999999681,-6.577899999999682,-7.277899999999681,0,0,0,1,6.577899999999682,155.44999999999982,71.0,0.506197183098586,40.400000000000546,0.19306930693069496,25.0,22.19850000000006,0.336,-1.0,,,13,2,2.0,2026
2026-02-26 13:00:00+00:00|-1.0|vol_trans_follow_h1_low_to_high_h13_tp06_sl065,2026-02-26 13:00:00+00:00,STAGE28A,data/reports/stage28a_discovery_factory_batch_runner/stage28a_exact_trades.csv,volatility_transition_v1,vol_trans_follow_h1_low_to_high_h13_tp06_sl065,4.752699999999459,3.7026999999994583,3.002699999999459,1,1,1,0,3.7026999999994583,94.65999999999985,43.400000000000546,0.6817972350230362,39.1899999999996,0.5435059964276703,24.050000000000182,21.468999999999916,0.332,-1.0,,,13,3,2.0,2026
2026-02-27 13:00:00+00:00|1.0|vol_trans_follow_h1_low_to_high_h13_tp06_sl065,2026-02-27 13:00:00+00:00,STAGE28A,data/reports/stage28a_discovery_factory_batch_runner/stage28a_exact_trades.csv,volatility_transition_v1,vol_trans_follow_h1_low_to_high_h13_tp06_sl065,3.566500000000269,2.5165000000002693,1.8165000000002696,1,1,1,0,2.5165000000002693,74.60999999999967,32.68000000000029,0.08353733170136012,31.48999999999978,0.1292473801206649,12.0600000000004,19.138000000000055,0.152,1.0,,,13,4,2.0,2026
2026-03-02 13:00:00+00:00|-1.0|vol_trans_follow_h1_low_to_high_h13_tp06_sl065,2026-03-02 13:00:00+00:00,STAGE28A,data/reports/stage28a_discovery_factory_batch_runner/stage28a_exact_trades.csv,volatility_transition_v1,vol_trans_follow_h1_low_to_high_h13_tp06_sl065,-8.853950000000259,-9.90395000000026,-10.60395000000026,0,0,0,1,9.90395000000026,87.94000000000051,89.74000000000069,0.3510140405616198,78.23999999999978,0.43366564417177245,21.519999999999527,33.4380000000001,0.98,-1.0,,,13,0,3.0,2026
2026-03-03 13:00:00+00:00|-1.0|vol_trans_follow_h1_low_to_high_h13_tp06_sl065,2026-03-03 13:00:00+00:00,STAGE28A,data/reports/stage28a_discovery_factory_batch_runner/stage28a_exact_trades.csv,volatility_transition_v1,vol_trans_follow_h1_low_to_high_h13_tp06_sl065,-17.573699999999555,-18.623699999999552,-19.323699999999555,0,0,0,1,18.623699999999552,158.2599999999993,50.460000000000036,0.2964724534284587,140.09999999999945,0.804354032833697,49.88000000000011,34.52399999999993,0.972,-1.0,,,13,1,3.0,2026
2026-03-04 13:00:00+00:00|1.0|vol_trans_follow_h1_low_to_high_h13_tp06_sl065,2026-03-04 13:00:00+00:00,STAGE28A,data/reports/stage28a_discovery_factory_batch_runner/stage28a_exact_trades.csv,volatility_transition_v1,vol_trans_follow_h1_low_to_high_h13_tp06_sl065,8.353300000000127,7.303300000000126,6.603300000000127,1,1,1,0,7.303300000000126,382.7999999999993,105.97000000000025,0.29508351420212753,79.67000000000007,0.4089368645663348,22.420000000000073,38.758499999999955,0.904,1.0,,,13,2,3.0,2026
2026-03-05 13:00:00+00:00|1.0|vol_trans_follow_h1_low_to_high_h13_tp06_sl065,2026-03-05 13:00:00+00:00,STAGE28A,data/reports/stage28a_discovery_factory_batch_runner/stage28a_exact_trades.csv,volatility_transition_v1,vol_trans_follow_h1_low_to_high_h13_tp06_sl065,-8.599149999999645,-9.649149999999644,-10.349149999999645,0,0,0,1,9.649149999999644,121.39000000000033,50.22999999999956,0.11108899064304152,59.60999999999967,0.12028183190739997,21.340000000000146,24.423999999999886,0.48,1.0,,,13,3,3.0,2026
2026-03-06 13:00:00+00:00|1.0|vol_trans_follow_h1_low_to_high_h13_tp06_sl065,2026-03-06 13:00:00+00:00,STAGE28A,data/reports/stage28a_discovery_factory_batch_runner/stage28a_exact_trades.csv,volatility_transition_v1,vol_trans_follow_h1_low_to_high_h13_tp06_sl065,6.346600000000217,5.2966000000002165,4.596600000000217,1,1,1,0,5.2966000000002165,143.6899999999996,76.73999999999978,0.5422204847537111,54.25,0.6733640552995345,16.86999999999989,26.763000000000012,0.572,1.0,,,13,4,3.0,2026
2026-03-09 13:00:00+00:00|-1.0|vol_trans_follow_h1_low_to_high_h13_tp06_sl065,2026-03-09 13:00:00+00:00,STAGE28A,data/reports/stage28a_discovery_factory_batch_runner/stage28a_exact_trades.csv,volatility_transition_v1,vol_trans_follow_h1_low_to_high_h13_tp06_sl065,7.769499999999789,6.719499999999789,6.019499999999789,1,1,1,0,6.719499999999789,147.64000000000033,176.90999999999985,0.08184952800859469,59.55000000000018,0.053064651553313934,26.69000000000051,42.99500000000021,0.876,-1.0,,,13,0,3.0,2026
2026-03-10 13:00:00+00:00|-1.0|vol_trans_follow_h1_low_to_high_h13_tp06_sl065,2026-03-10 13:00:00+00:00,STAGE28A,data/reports/stage28a_discovery_factory_batch_runner/stage28a_exact_trades.csv,volatility_transition_v1,vol_trans_follow_h1_low_to_high_h13_tp06_sl065,5.537800000000425,4.487800000000425,3.787800000000425,1,1,1,0,4.487800000000425,176.90999999999985,69.05000000000018,0.35235336712526955,38.60999999999967,0.3504273504273468,27.339999999999236,21.969500000000018,0.148,-1.0,,,13,1,3.0,2026
2026-03-11 13:00:00+00:00|-1.0|vol_trans_follow_h1_low_to_high_h13_tp06_sl065,2026-03-11 13:00:00+00:00,STAGE28A,data/reports/stage28a_discovery_factory_batch_runner/stage28a_exact_trades.csv,volatility_transition_v1,vol_trans_follow_h1_low_to_high_h13_tp06_sl065,5.535100000000421,4.48510000000042,3.785100000000421,1,1,1,0,4.48510000000042,121.13000000000011,39.590000000000146,0.15584743622126926,35.25,0.5140425531914863,18.13000000000011,20.601499999999987,0.064,-1.0,,,13,2,3.0,2026
2026-03-12 13:00:00+00:00|-1.0|vol_trans_follow_h1_low_to_high_h13_tp06_sl065,2026-03-12 13:00:00+00:00,STAGE28A,data/reports/stage28a_discovery_factory_batch_runner/stage28a_exact_trades.csv,volatility_transition_v1,vol_trans_follow_h1_low_to_high_h13_tp06_sl065,-5.0404000000004086,-6.090400000000409,-6.7904000000004086,0,0,0,1,6.090400000000409,89.92000000000007,56.44999999999982,0.14508414526128655,54.350000000000364,0.7308187672493098,15.360000000000582,20.58150000000005,0.096,-1.0,,,13,3,3.0,2026
2026-03-13 13:00:00+00:00|1.0|vol_trans_follow_h1_low_to_high_h13_tp06_sl065,2026-03-13 13:00:00+00:00,STAGE28A,data/reports/stage28a_discovery_factory_batch_runner/stage28a_exact_trades.csv,volatility_transition_v1,vol_trans_follow_h1_low_to_high_h13_tp06_sl065,6.649300000000403,5.599300000000403,4.899300000000403,1,1,1,0,5.599300000000403,136.32999999999993,55.710000000000036,0.1202656614611347,49.1299999999992,0.19967433340117344,18.26000000000022,19.618500000000086,0.072,1.0,,,13,4,3.0,2026
2026-03-16 13:00:00+00:00|1.0|vol_trans_follow_h1_low_to_high_h13_tp06_sl065,2026-03-16 13:00:00+00:00,STAGE28A,data/reports/stage28a_discovery_factory_batch_runner/stage28a_exact_trades.csv,volatility_transition_v1,vol_trans_follow_h1_low_to_high_h13_tp06_sl065,6.535599999999613,5.485599999999613,4.785599999999613,1,1,1,0,5.485599999999613,62.539999999999964,62.710000000000036,0.2433423696380196,65.6899999999996,0.21205662962398336,29.00999999999931,28.55599999999986,0.536,1.0,,,13,0,3.0,2026
2026-03-17 13:00:00+00:00|-1.0|vol_trans_follow_h1_low_to_high_h13_tp06_sl065,2026-03-17 13:00:00+00:00,STAGE28A,data/reports/stage28a_discovery_factory_batch_runner/stage28a_exact_trades.csv,volatility_transition_v1,vol_trans_follow_h1_low_to_high_h13_tp06_sl065,5.022699999999896,3.9726999999998953,3.272699999999896,1,1,1,0,3.9726999999998953,69.77000000000044,46.720000000000255,0.5355308219178146,52.33000000000084,0.7177527231033611,24.07000000000062,18.284000000000106,0.004,-1.0,,,13,1,3.0,2026
2026-03-18 13:00:00+00:00|-1.0|vol_trans_follow_h1_low_to_high_h13_tp06_sl065,2026-03-18 13:00:00+00:00,STAGE28A,data/reports/stage28a_discovery_factory_batch_runner/stage28a_exact_trades.csv,volatility_transition_v1,vol_trans_follow_h1_low_to_high_h13_tp06_sl065,5.395899999999893,4.345899999999892,3.6458999999998927,1,1,1,0,4.345899999999892,70.88000000000011,33.909999999999854,0.4624004718371999,57.25,0.3369432314410474,33.11999999999989,15.87299999999991,0.028,-1.0,,,13,2,3.0,2026
2026-03-19 13:00:00+00:00|-1.0|vol_trans_follow_h1_low_to_high_h13_tp06_sl065,2026-03-19 13:00:00+00:00,STAGE28A,data/reports/stage28a_discovery_factory_batch_runner/stage28a_exact_trades.csv,volatility_transition_v1,vol_trans_follow_h1_low_to_high_h13_tp06_sl065,16.759000000000377,15.709000000000378,15.00900000000038,1,1,1,0,15.709000000000378,209.3699999999999,62.36999999999989,0.2081128747795494,187.1199999999999,0.911928174433516,53.06999999999971,32.71500000000001,0.904,-1.0,,,13,3,3.0,2026
2026-03-20 13:00:00+00:00|-1.0|vol_trans_follow_h1_low_to_high_h13_tp06_sl065,2026-03-20 13:00:00+00:00,STAGE28A,data/reports/stage28a_discovery_factory_batch_runner/stage28a_exact_trades.csv,volatility_transition_v1,vol_trans_follow_h1_low_to_high_h13_tp06_sl065,10.827999999999884,9.777999999999883,9.077999999999884,1,1,1,0,9.777999999999883,364.7399999999998,101.35999999999967,0.7723954222573028,96.74000000000069,0.788918751292124,32.159999999999854,37.078499999999984,0.836,-1.0,,,13,4,3.0,2026
2026-03-23 13:00:00+00:00|1.0|vol_trans_follow_h1_low_to_high_h13_tp06_sl065,2026-03-23 13:00:00+00:00,STAGE28A,data/reports/stage28a_discovery_factory_batch_runner/stage28a_exact_trades.csv,volatility_transition_v1,vol_trans_follow_h1_low_to_high_h13_tp06_sl065,-38.06982500000013,-39.11982500000013,-39.81982500000013,0,0,0,1,39.11982500000013,86.35999999999967,216.32999999999993,0.4497758054823659,280.8600000000006,0.3504949084953336,39.779999999999745,75.86650000000004,1.0,1.0,,,13,0,3.0,2026
2026-03-24 13:00:00+00:00|1.0|vol_trans_follow_h1_low_to_high_h13_tp06_sl065,2026-03-24 13:00:00+00:00,STAGE28A,data/reports/stage28a_discovery_factory_batch_runner/stage28a_exact_trades.csv,volatility_transition_v1,vol_trans_follow_h1_low_to_high_h13_tp06_sl065,-15.258725000000233,-16.30872500000023,-17.008725000000233,0,0,0,1,16.30872500000023,437.1700000000001,141.98999999999978,0.7553348827382221,121.75,0.8636550308008258,26.81999999999971,53.630500000000026,0.864,1.0,,,13,1,3.0,2026
2026-03-25 13:00:00+00:00|1.0|vol_trans_follow_h1_low_to_high_h13_tp06_sl065,2026-03-25 13:00:00+00:00,STAGE28A,data/reports/stage28a_discovery_factory_batch_runner/stage28a_exact_trades.csv,volatility_transition_v1,vol_trans_follow_h1_low_to_high_h13_tp06_sl065,-8.785050000000046,-9.835050000000049,-10.535050000000046,0,0,0,1,9.835050000000049,245.17999999999938,146.3800000000001,0.1763902172427906,45.51999999999953,0.31480667838313,11.180000000000291,36.84300000000003,0.632,1.0,,,13,2,3.0,2026
2026-03-26 13:00:00+00:00|1.0|vol_trans_follow_h1_low_to_high_h13_tp06_sl065,2026-03-26 13:00:00+00:00,STAGE28A,data/reports/stage28a_discovery_factory_batch_runner/stage28a_exact_trades.csv,volatility_transition_v1,vol_trans_follow_h1_low_to_high_h13_tp06_sl065,10.014700000000085,8.964700000000084,8.264700000000085,1,1,1,0,8.964700000000084,146.3800000000001,54.910000000000764,0.4028410125660095,109.26000000000022,0.7089511257550786,30.920000000000073,34.094000000000094,0.568,1.0,,,13,3,3.0,2026
2026-03-27 13:00:00+00:00|-1.0|vol_trans_follow_h1_low_to_high_h13_tp06_sl065,2026-03-27 13:00:00+00:00,STAGE28A,data/reports/stage28a_discovery_factory_batch_runner/stage28a_exact_trades.csv,volatility_transition_v1,vol_trans_follow_h1_low_to_high_h13_tp06_sl065,5.991999999999644,4.941999999999643,4.241999999999644,1,1,1,0,4.941999999999643,192.66000000000076,73.67999999999938,0.5563246471226945,64.27999999999975,0.48397635345363715,21.949999999999818,32.14149999999991,0.42,-1.0,,,13,4,3.0,2026
2026-03-30 13:00:00+00:00|-1.0|vol_trans_follow_h1_low_to_high_h13_tp06_sl065,2026-03-30 13:00:00+00:00,STAGE28A,data/reports/stage28a_discovery_factory_batch_runner/stage28a_exact_trades.csv,volatility_transition_v1,vol_trans_follow_h1_low_to_high_h13_tp06_sl065,6.853599999999824,5.803599999999824,5.103599999999824,1,1,1,0,5.803599999999824,39.409999999999854,97.78999999999996,0.1155537376009836,64.01999999999953,0.5651358950328109,16.920000000000073,34.23499999999994,0.448,-1.0,,,13,0,3.0,2026
2026-03-31 13:00:00+00:00|-1.0|vol_trans_follow_h1_low_to_high_h13_tp06_sl065,2026-03-31 13:00:00+00:00,STAGE28A,data/reports/stage28a_discovery_factory_batch_runner/stage28a_exact_trades.csv,volatility_transition_v1,vol_trans_follow_h1_low_to_high_h13_tp06_sl065,6.305799999999545,5.255799999999544,4.555799999999545,1,1,1,0,5.255799999999544,160.84999999999945,136.60000000000036,0.3423865300146369,37.849999999999454,0.04042272126815766,21.81999999999971,29.62199999999998,0.224,-1.0,,,13,1,3.0,2026
2026-04-01 13:00:00+00:00|-1.0|vol_trans_follow_h1_low_to_high_h13_tp06_sl065,2026-04-01 13:00:00+00:00,STAGE28A,data/reports/stage28a_discovery_factory_batch_runner/stage28a_exact_trades.csv,volatility_transition_v1,vol_trans_follow_h1_low_to_high_h13_tp06_sl065,-10.022324999999546,-11.072324999999546,-11.772324999999546,0,0,0,1,11.072324999999546,204.27000000000044,62.159999999999854,0.011904761904773053,80.67000000000007,0.5141936283624697,16.98999999999978,28.883000000000038,0.12,-1.0,,,13,2,4.0,2026
2026-04-02 13:00:00+00:00|1.0|vol_trans_follow_h1_low_to_high_h13_tp06_sl065,2026-04-02 13:00:00+00:00,STAGE28A,data/reports/stage28a_discovery_factory_batch_runner/stage28a_exact_trades.csv,volatility_transition_v1,vol_trans_follow_h1_low_to_high_h13_tp06_sl065,-13.922650000000068,-14.972650000000067,-15.672650000000068,0,0,0,1,14.972650000000067,131.1300000000001,150.57999999999993,0.6674193119936249,127.85000000000036,0.4268283144309703,18.770000000000437,38.95450000000005,0.644,1.0,,,13,3,4.0,2026
2026-04-06 13:00:00+00:00|-1.0|vol_trans_follow_h1_low_to_high_h13_tp06_sl065,2026-04-06 13:00:00+00:00,STAGE28A,data/reports/stage28a_discovery_factory_batch_runner/stage28a_exact_trades.csv,volatility_transition_v1,vol_trans_follow_h1_low_to_high_h13_tp06_sl065,-8.007000000000152,-9.057000000000151,-9.757000000000152,0,0,0,1,9.057000000000151,51.22999999999956,70.59000000000015,0.08358124380224584,66.5,0.7993984962405993,15.5600000000004,30.030499999999893,0.144,-1.0,,,13,0,4.0,2026
2026-04-07 13:00:00+00:00|-1.0|vol_trans_follow_h1_low_to_high_h13_tp06_sl065,2026-04-07 13:00:00+00:00,STAGE28A,data/reports/stage28a_discovery_factory_batch_runner/stage28a_exact_trades.csv,volatility_transition_v1,vol_trans_follow_h1_low_to_high_h13_tp06_sl065,8.53420000000042,7.484200000000419,6.78420000000042,1,1,1,0,7.484200000000419,105.48999999999978,51.460000000000036,0.17061795569375532,71.22999999999956,0.3018391127334007,35.4399999999996,22.736499999999886,0.052,-1.0,,,13,1,4.0,2026
2026-04-08 13:00:00+00:00|-1.0|vol_trans_follow_h1_low_to_high_h13_tp06_sl065,2026-04-08 13:00:00+00:00,STAGE28A,data/reports/stage28a_discovery_factory_batch_runner/stage28a_exact_trades.csv,volatility_transition_v1,vol_trans_follow_h1_low_to_high_h13_tp06_sl065,7.928800000000047,6.878800000000046,6.178800000000047,1,1,1,0,6.878800000000046,211.28000000000065,140.1299999999992,0.1491472204381693,66.96000000000004,0.2144563918757417,29.849999999999454,34.414499999999954,0.556,-1.0,,,13,2,4.0,2026
2026-04-09 13:00:00+00:00|1.0|vol_trans_follow_h1_low_to_high_h13_tp06_sl065,2026-04-09 13:00:00+00:00,STAGE28A,data/reports/stage28a_discovery_factory_batch_runner/stage28a_exact_trades.csv,volatility_transition_v1,vol_trans_follow_h1_low_to_high_h13_tp06_sl065,6.556600000000254,5.506600000000253,4.806600000000254,1,1,1,0,5.506600000000253,154.54999999999927,33.960000000000036,0.176972909305071,29.56999999999971,0.5989178221170176,10.170000000000073,23.505500000000076,0.072,1.0,,,13,3,4.0,2026
2026-04-10 13:00:00+00:00|1.0|vol_trans_follow_h1_low_to_high_h13_tp06_sl065,2026-04-10 13:00:00+00:00,STAGE28A,data/reports/stage28a_discovery_factory_batch_runner/stage28a_exact_trades.csv,volatility_transition_v1,vol_trans_follow_h1_low_to_high_h13_tp06_sl065,4.729300000000331,3.6793000000003295,2.9793000000003307,1,1,1,0,3.6793000000003295,102.13000000000011,41.600000000000364,0.05817307692307817,39.80999999999949,0.3765385581512176,20.00999999999931,18.59099999999994,0.004,1.0,,,13,4,4.0,2026
2026-04-13 13:00:00+00:00|-1.0|vol_trans_follow_h1_low_to_high_h13_tp06_sl065,2026-04-13 13:00:00+00:00,STAGE28A,data/reports/stage28a_discovery_factory_batch_runner/stage28a_exact_trades.csv,volatility_transition_v1,vol_trans_follow_h1_low_to_high_h13_tp06_sl065,4.416999999999826,3.366999999999825,2.6669999999998257,1,1,1,0,3.366999999999825,49.659999999999854,83.46000000000004,0.7075245626647405,31.029999999999745,0.1111827263938368,17.86999999999989,22.75049999999992,0.216,-1.0,,,13,0,4.0,2026
2026-04-14 13:00:00+00:00|-1.0|vol_trans_follow_h1_low_to_high_h13_tp06_sl065,2026-04-14 13:00:00+00:00,STAGE28A,data/reports/stage28a_discovery_factory_batch_runner/stage28a_exact_trades.csv,volatility_transition_v1,vol_trans_follow_h1_low_to_high_h13_tp06_sl065,5.138500000000386,4.088500000000385,3.388500000000386,1,1,1,0,4.088500000000385,114.48000000000047,31.23999999999978,0.3117797695262436,37.72999999999956,0.2793532997614653,17.42999999999938,17.625499999999874,0.02,-1.0,,,13,1,4.0,2026
2026-04-15 13:00:00+00:00|-1.0|vol_trans_follow_h1_low_to_high_h13_tp06_sl065,2026-04-15 13:00:00+00:00,STAGE28A,data/reports/stage28a_discovery_factory_batch_runner/stage28a_exact_trades.csv,volatility_transition_v1,vol_trans_follow_h1_low_to_high_h13_tp06_sl065,5.634400000000278,4.584400000000278,3.8844000000002783,1,1,1,0,4.584400000000278,100.72999999999956,54.25,0.20552995391704398,44.31999999999971,0.5873194945848357,33.01999999999953,18.240499999999976,0.1,-1.0,,,13,2,4.0,2026
2026-04-16 13:00:00+00:00|-1.0|vol_trans_follow_h1_low_to_high_h13_tp06_sl065,2026-04-16 13:00:00+00:00,STAGE28A,data/reports/stage28a_discovery_factory_batch_runner/stage28a_exact_trades.csv,volatility_transition_v1,vol_trans_follow_h1_low_to_high_h13_tp06_sl065,-5.444699999999648,-6.494699999999648,-7.194699999999648,0,0,0,1,6.494699999999648,85.13999999999942,46.51999999999953,0.3555460017196933,31.529999999999745,0.35172851252775883,11.010000000000218,15.487500000000045,0.004,-1.0,,,13,3,4.0,2026
2026-04-17 13:00:00+00:00|-1.0|vol_trans_follow_h1_low_to_high_h13_tp06_sl065,2026-04-17 13:00:00+00:00,STAGE28A,data/reports/stage28a_discovery_factory_batch_runner/stage28a_exact_trades.csv,volatility_transition_v1,vol_trans_follow_h1_low_to_high_h13_tp06_sl065,3.933099999999649,2.8830999999996494,2.1830999999996497,1,1,1,0,2.8830999999996494,65.03999999999996,33.399999999999636,0.042215568862271555,27.38000000000011,0.10336011687362731,10.930000000000291,14.4125,0.012,-1.0,,,13,4,4.0,2026
2026-04-20 13:00:00+00:00|-1.0|vol_trans_follow_h1_low_to_high_h13_tp06_sl065,2026-04-20 13:00:00+00:00,STAGE28A,data/reports/stage28a_discovery_factory_batch_runner/stage28a_exact_trades.csv,volatility_transition_v1,vol_trans_follow_h1_low_to_high_h13_tp06_sl065,4.419400000000133,3.3694000000001325,2.6694000000001328,1,1,1,0,3.3694000000001325,36.82000000000062,77.25,0.15093851132685895,26.13000000000011,0.027171833141983674,14.44000000000051,21.482000000000063,0.576,-1.0,,,13,0,4.0,2026
2026-04-21 13:00:00+00:00|-1.0|vol_trans_follow_h1_low_to_high_h13_tp06_sl065,2026-04-21 13:00:00+00:00,STAGE28A,data/reports/stage28a_discovery_factory_batch_runner/stage28a_exact_trades.csv,volatility_transition_v1,vol_trans_follow_h1_low_to_high_h13_tp06_sl065,-5.919524999999885,-6.969524999999885,-7.669524999999885,0,0,0,1,6.969524999999885,90.67000000000007,40.399999999999636,0.7566831683168312,25.050000000000182,0.5417165668662519,8.170000000000073,13.963499999999977,0.012,-1.0,,,13,1,4.0,2026
2026-04-22 13:00:00+00:00|-1.0|vol_trans_follow_h1_low_to_high_h13_tp06_sl065,2026-04-22 13:00:00+00:00,STAGE28A,data/reports/stage28a_discovery_factory_batch_runner/stage28a_exact_trades.csv,volatility_transition_v1,vol_trans_follow_h1_low_to_high_h13_tp06_sl065,-4.55679999999993,-5.6067999999999305,-6.30679999999993,0,0,0,1,5.6067999999999305,164.42000000000007,49.36000000000058,0.7803889789302891,19.909999999999854,0.14364640883980928,9.9399999999996,22.309999999999945,0.692,-1.0,,,13,2,4.0,2026
2026-04-23 13:00:00+00:00|-1.0|vol_trans_follow_h1_low_to_high_h13_tp06_sl065,2026-04-23 13:00:00+00:00,STAGE28A,data/reports/stage28a_discovery_factory_batch_runner/stage28a_exact_trades.csv,volatility_transition_v1,vol_trans_follow_h1_low_to_high_h13_tp06_sl065,-6.040749999999752,-7.090749999999753,-7.790749999999752,0,0,0,1,7.090749999999753,56.470000000000255,59.63000000000011,0.37078651685392644,31.92999999999938,0.19417475728155145,8.960000000000036,17.336999999999897,0.324,-1.0,,,13,3,4.0,2026
2026-04-24 13:00:00+00:00|-1.0|vol_trans_follow_h1_low_to_high_h13_tp06_sl065,2026-04-24 13:00:00+00:00,STAGE28A,data/reports/stage28a_discovery_factory_batch_runner/stage28a_exact_trades.csv,volatility_transition_v1,vol_trans_follow_h1_low_to_high_h13_tp06_sl065,4.37230000000036,3.3223000000003595,2.62230000000036,1,1,1,0,3.3223000000003595,89.48000000000047,42.279999999999745,0.4973982970671682,39.52000000000044,0.2608805668016267,17.30999999999949,20.427999999999976,0.708,-1.0,,,13,4,4.0,2026
2026-04-27 13:00:00+00:00|-1.0|vol_trans_follow_h1_low_to_high_h13_tp06_sl065,2026-04-27 13:00:00+00:00,STAGE28A,data/reports/stage28a_discovery_factory_batch_runner/stage28a_exact_trades.csv,volatility_transition_v1,vol_trans_follow_h1_low_to_high_h13_tp06_sl065,-4.007874999999876,-5.057874999999877,-5.757874999999876,0,0,0,1,5.057874999999877,19.25,57.220000000000255,0.6957357567284206,30.449999999999818,0.671592775041049,8.670000000000073,13.660000000000036,0.032,-1.0,,,13,0,4.0,2026
2026-04-28 13:00:00+00:00|-1.0|vol_trans_follow_h1_low_to_high_h13_tp06_sl065,2026-04-28 13:00:00+00:00,STAGE28A,data/reports/stage28a_discovery_factory_batch_runner/stage28a_exact_trades.csv,volatility_transition_v1,vol_trans_follow_h1_low_to_high_h13_tp06_sl065,6.796600000000035,5.746600000000035,5.046600000000035,1,1,1,0,5.746600000000035,62.81999999999971,34.590000000000146,0.49031511997687094,66.61000000000058,0.9911424711004333,25.390000000000327,14.57449999999999,0.168,-1.0,,,13,1,4.0,2026
2026-04-29 13:00:00+00:00|-1.0|vol_trans_follow_h1_low_to_high_h13_tp06_sl065,2026-04-29 13:00:00+00:00,STAGE28A,data/reports/stage28a_discovery_factory_batch_runner/stage28a_exact_trades.csv,volatility_transition_v1,vol_trans_follow_h1_low_to_high_h13_tp06_sl065,5.11600000000035,4.066000000000349,3.3660000000003496,1,1,1,0,4.066000000000349,146.2599999999993,33.97999999999956,0.036492054149493754,55.970000000000255,0.707343219581902,29.19000000000051,15.228000000000202,0.264,-1.0,,,13,2,4.0,2026
2026-04-30 13:00:00+00:00|1.0|vol_trans_follow_h1_low_to_high_h13_tp06_sl065,2026-04-30 13:00:00+00:00,STAGE28A,data/reports/stage28a_discovery_factory_batch_runner/stage28a_exact_trades.csv,volatility_transition_v1,vol_trans_follow_h1_low_to_high_h13_tp06_sl065,5.790999999999622,4.740999999999621,4.040999999999622,1,1,1,0,4.740999999999621,99.84999999999945,43.11000000000058,0.09255393180235973,91.03999999999996,0.7621924428822534,17.480000000000473,19.930999999999766,0.688,1.0,,,13,3,4.0,2026
2026-05-04 13:00:00+00:00|-1.0|vol_trans_follow_h1_low_to_high_h13_tp06_sl065,2026-05-04 13:00:00+00:00,STAGE28A,data/reports/stage28a_discovery_factory_batch_runner/stage28a_exact_trades.csv,volatility_transition_v1,vol_trans_follow_h1_low_to_high_h13_tp06_sl065,-6.707324999999946,-7.757324999999946,-8.457324999999946,0,0,0,1,7.757324999999946,16.889999999999418,38.17999999999938,0.09979046621266507,42.73999999999978,0.9333177351427359,11.859999999999673,16.141499999999816,0.296,-1.0,,,13,0,5.0,2026
2026-05-05 13:00:00+00:00|-1.0|vol_trans_follow_h1_low_to_high_h13_tp06_sl065,2026-05-05 13:00:00+00:00,STAGE28A,data/reports/stage28a_discovery_factory_batch_runner/stage28a_exact_trades.csv,volatility_transition_v1,vol_trans_follow_h1_low_to_high_h13_tp06_sl065,4.261299999999574,3.2112999999995737,2.511299999999574,1,1,1,0,3.2112999999995737,128.5099999999993,32.99000000000069,0.5216732343134185,32.52000000000044,0.6685116851168634,9.300000000000182,16.57849999999994,0.292,-1.0,,,13,1,5.0,2026
2026-05-06 13:00:00+00:00|1.0|vol_trans_follow_h1_low_to_high_h13_tp06_sl065,2026-05-06 13:00:00+00:00,STAGE28A,data/reports/stage28a_discovery_factory_batch_runner/stage28a_exact_trades.csv,volatility_transition_v1,vol_trans_follow_h1_low_to_high_h13_tp06_sl065,5.85759999999973,4.807599999999729,4.10759999999973,1,1,1,0,4.807599999999729,72.96000000000004,105.18000000000029,0.6700893706027788,65.11000000000058,0.8944862540316274,19.26000000000022,18.14699999999989,0.484,1.0,,,13,2,5.0,2026
2026-05-07 13:00:00+00:00|-1.0|vol_trans_follow_h1_low_to_high_h13_tp06_sl065,2026-05-07 13:00:00+00:00,STAGE28A,data/reports/stage28a_discovery_factory_batch_runner/stage28a_exact_trades.csv,volatility_transition_v1,vol_trans_follow_h1_low_to_high_h13_tp06_sl065,6.106600000000436,5.056600000000435,4.356600000000436,1,1,1,0,5.056600000000435,176.60000000000036,35.909999999999854,0.12252854358116552,61.06999999999971,0.48747339119043176,17.550000000000182,16.67999999999997,0.26,-1.0,,,13,3,5.0,2026
2026-05-08 13:00:00+00:00|-1.0|vol_trans_follow_h1_low_to_high_h13_tp06_sl065,2026-05-08 13:00:00+00:00,STAGE28A,data/reports/stage28a_discovery_factory_batch_runner/stage28a_exact_trades.csv,volatility_transition_v1,vol_trans_follow_h1_low_to_high_h13_tp06_sl065,5.247700000000259,4.197700000000259,3.4977000000002594,1,1,1,0,4.197700000000259,80.0,50.93000000000029,0.6630669546436154,37.44000000000051,0.20619658119658518,15.270000000000437,22.481500000000143,0.964,-1.0,,,13,4,5.0,2026
2026-05-11 13:00:00+00:00|-1.0|vol_trans_follow_h1_low_to_high_h13_tp06_sl065,2026-05-11 13:00:00+00:00,STAGE28A,data/reports/stage28a_discovery_factory_batch_runner/stage28a_exact_trades.csv,volatility_transition_v1,vol_trans_follow_h1_low_to_high_h13_tp06_sl065,4.9279000000000455,3.877900000000045,3.177900000000045,1,1,1,0,3.877900000000045,22.93000000000029,35.22999999999956,0.3735452739142781,32.529999999999745,0.6889025514909324,19.359999999999673,17.544999999999938,0.328,-1.0,,,13,0,5.0,2026
2026-05-12 13:00:00+00:00|-1.0|vol_trans_follow_h1_low_to_high_h13_tp06_sl065,2026-05-12 13:00:00+00:00,STAGE28A,data/reports/stage28a_discovery_factory_batch_runner/stage28a_exact_trades.csv,volatility_transition_v1,vol_trans_follow_h1_low_to_high_h13_tp06_sl065,4.458100000000195,3.408100000000195,2.708100000000196,1,1,1,0,3.408100000000195,103.15999999999985,55.06999999999971,0.5616488106046932,43.150000000000546,0.48528389339511785,10.920000000000073,17.077500000000008,0.216,-1.0,,,13,1,5.0,2026
2026-05-13 13:00:00+00:00|1.0|vol_trans_follow_h1_low_to_high_h13_tp06_sl065,2026-05-13 13:00:00+00:00,STAGE28A,data/reports/stage28a_discovery_factory_batch_runner/stage28a_exact_trades.csv,volatility_transition_v1,vol_trans_follow_h1_low_to_high_h13_tp06_sl065,4.3579000000003365,3.307900000000336,2.6079000000003365,1,1,1,0,3.307900000000336,134.8199999999997,38.69000000000051,0.5420005169294386,29.390000000000327,0.16570261993874913,15.720000000000255,15.04350000000004,0.088,1.0,,,13,2,5.0,2026
2026-05-14 13:00:00+00:00|1.0|vol_trans_follow_h1_low_to_high_h13_tp06_sl065,2026-05-14 13:00:00+00:00,STAGE28A,data/reports/stage28a_discovery_factory_batch_runner/stage28a_exact_trades.csv,volatility_transition_v1,vol_trans_follow_h1_low_to_high_h13_tp06_sl065,5.162200000000121,4.11220000000012,3.412200000000121,1,1,1,0,4.11220000000012,57.02000000000044,32.970000000000255,0.7546254170457967,49.600000000000364,0.49818548387096484,14.029999999999745,17.047000000000025,0.236,1.0,,,13,3,5.0,2026
2026-05-15 13:00:00+00:00|-1.0|vol_trans_follow_h1_low_to_high_h13_tp06_sl065,2026-05-15 13:00:00+00:00,STAGE28A,data/reports/stage28a_discovery_factory_batch_runner/stage28a_exact_trades.csv,volatility_transition_v1,vol_trans_follow_h1_low_to_high_h13_tp06_sl065,8.009499999999571,6.95949999999957,6.259499999999571,1,1,1,0,6.95949999999957,74.1200000000008,57.9399999999996,0.8066965826717312,89.64999999999964,0.7779141104294486,31.80999999999949,20.737999999999964,0.832,-1.0,,,13,4,5.0,2026
2026-05-18 13:00:00+00:00|-1.0|vol_trans_follow_h1_low_to_high_h13_tp06_sl065,2026-05-18 13:00:00+00:00,STAGE28A,data/reports/stage28a_discovery_factory_batch_runner/stage28a_exact_trades.csv,volatility_transition_v1,vol_trans_follow_h1_low_to_high_h13_tp06_sl065,5.531500000000415,4.481500000000414,3.781500000000415,1,1,1,0,4.481500000000414,26.420000000000073,74.32000000000062,0.06848762109795618,29.890000000000327,0.07862161257946933,11.61999999999989,22.575500000000147,0.892,-1.0,,,13,0,5.0,2026
2026-05-19 13:00:00+00:00|-1.0|vol_trans_follow_h1_low_to_high_h13_tp06_sl065,2026-05-19 13:00:00+00:00,STAGE28A,data/reports/stage28a_discovery_factory_batch_runner/stage28a_exact_trades.csv,volatility_transition_v1,vol_trans_follow_h1_low_to_high_h13_tp06_sl065,5.705800000000091,4.65580000000009,3.9558000000000906,1,1,1,0,4.65580000000009,103.57999999999993,45.600000000000364,0.634210526315786,28.25999999999931,0.11075725406936256,10.529999999999745,17.435999999999968,0.248,-1.0,,,13,1,5.0,2026
2026-05-20 13:00:00+00:00|1.0|vol_trans_follow_h1_low_to_high_h13_tp06_sl065,2026-05-20 13:00:00+00:00,STAGE28A,data/reports/stage28a_discovery_factory_batch_runner/stage28a_exact_trades.csv,volatility_transition_v1,vol_trans_follow_h1_low_to_high_h13_tp06_sl065,5.53420000000042,4.484200000000419,3.78420000000042,1,1,1,0,4.484200000000419,124.22000000000025,55.14000000000033,0.37413855640188587,34.54999999999927,0.6208393632416865,18.210000000000036,18.370500000000085,0.32,1.0,,,13,2,5.0,2026
2026-05-21 13:00:00+00:00|-1.0|vol_trans_follow_h1_low_to_high_h13_tp06_sl065,2026-05-21 13:00:00+00:00,STAGE28A,data/reports/stage28a_discovery_factory_batch_runner/stage28a_exact_trades.csv,volatility_transition_v1,vol_trans_follow_h1_low_to_high_h13_tp06_sl065,4.999299999999858,3.9492999999998575,3.2492999999998577,1,1,1,0,3.9492999999998575,98.85000000000036,43.460000000000036,0.26346065347445485,31.13000000000011,0.08833922261484067,15.180000000000291,19.1,0.44,-1.0,,,13,3,5.0,2026
2026-05-22 13:00:00+00:00|1.0|vol_trans_follow_h1_low_to_high_h13_tp06_sl065,2026-05-22 13:00:00+00:00,STAGE28A,data/reports/stage28a_discovery_factory_batch_runner/stage28a_exact_trades.csv,volatility_transition_v1,vol_trans_follow_h1_low_to_high_h13_tp06_sl065,-5.961125000000356,-7.011125000000357,-7.711125000000356,0,0,0,1,7.011125000000357,81.88999999999942,27.229999999999563,0.5233198677928839,28.420000000000073,0.09570724841661674,20.980000000000473,15.908999999999878,0.084,1.0,,,13,4,5.0,2026
2026-05-25 13:00:00+00:00|1.0|vol_trans_follow_h1_low_to_high_h13_tp06_sl065,2026-05-25 13:00:00+00:00,STAGE28A,data/reports/stage28a_discovery_factory_batch_runner/stage28a_exact_trades.csv,volatility_transition_v1,vol_trans_follow_h1_low_to_high_h13_tp06_sl065,-4.111225000000195,-5.161225000000195,-5.861225000000195,0,0,0,1,5.161225000000195,23.219999999999345,37.50999999999931,0.1343641695547869,18.550000000000182,0.42318059299188016,14.039999999999964,13.586499999999887,0.008,1.0,,,13,0,5.0,2026
2026-05-27 13:00:00+00:00|-1.0|vol_trans_follow_h1_low_to_high_h13_tp06_sl065,2026-05-27 13:00:00+00:00,STAGE28A,data/reports/stage28a_discovery_factory_batch_runner/stage28a_exact_trades.csv,volatility_transition_v1,vol_trans_follow_h1_low_to_high_h13_tp06_sl065,4.401699999999801,3.3516999999998007,2.651699999999801,1,1,1,0,3.3516999999998007,97.72000000000025,31.00999999999931,0.44953240890035184,41.44000000000051,0.16674710424709868,10.69000000000051,15.516500000000041,0.192,-1.0,,,13,2,5.0,2026
2026-05-28 13:00:00+00:00|1.0|vol_trans_follow_h1_low_to_high_h13_tp06_sl065,2026-05-28 13:00:00+00:00,STAGE28A,data/reports/stage28a_discovery_factory_batch_runner/stage28a_exact_trades.csv,volatility_transition_v1,vol_trans_follow_h1_low_to_high_h13_tp06_sl065,-6.177575000000251,-7.227575000000252,-7.927575000000251,0,0,0,1,7.227575000000252,126.31999999999971,97.43000000000029,0.8483013445550589,32.26000000000022,0.5855548667079755,12.599999999999454,17.31949999999979,0.384,1.0,,,13,3,5.0,2026
2026-05-29 13:00:00+00:00|1.0|vol_trans_follow_h1_low_to_high_h13_tp06_sl065,2026-05-29 13:00:00+00:00,STAGE28A,data/reports/stage28a_discovery_factory_batch_runner/stage28a_exact_trades.csv,volatility_transition_v1,vol_trans_follow_h1_low_to_high_h13_tp06_sl065,4.803400000000147,3.753400000000147,3.0534000000001478,1,1,1,0,3.753400000000147,149.91000000000076,31.609999999999673,0.3144574501739862,38.23000000000047,0.7737379021710583,26.07000000000062,16.443000000000076,0.208,1.0,,,13,4,5.0,2026
2026-06-01 13:00:00+00:00|-1.0|vol_trans_follow_h1_low_to_high_h13_tp06_sl065,2026-06-01 13:00:00+00:00,STAGE28A,data/reports/stage28a_discovery_factory_batch_runner/stage28a_exact_trades.csv,volatility_transition_v1,vol_trans_follow_h1_low_to_high_h13_tp06_sl065,4.338400000000002,3.288400000000001,2.588400000000002,1,1,1,0,3.288400000000001,22.170000000000073,36.05999999999949,0.5268996117581882,35.95000000000073,0.56383866481224,17.19000000000051,15.870500000000039,0.164,-1.0,,,13,0,6.0,2026
2026-06-03 13:00:00+00:00|-1.0|vol_trans_follow_h1_low_to_high_h13_tp06_sl065,2026-06-03 13:00:00+00:00,STAGE28A,data/reports/stage28a_discovery_factory_batch_runner/stage28a_exact_trades.csv,volatility_transition_v1,vol_trans_follow_h1_low_to_high_h13_tp06_sl065,6.293500000000131,5.243500000000131,4.543500000000131,1,1,1,0,5.243500000000131,78.61999999999989,34.289999999999964,0.01574803149608847,49.039999999999964,0.8429853181076709,19.93000000000029,15.617499999999973,0.248,-1.0,,,13,2,6.0,2026
2026-06-04 13:00:00+00:00|1.0|vol_trans_follow_h1_low_to_high_h13_tp06_sl065,2026-06-04 13:00:00+00:00,STAGE28A,data/reports/stage28a_discovery_factory_batch_runner/stage28a_exact_trades.csv,volatility_transition_v1,vol_trans_follow_h1_low_to_high_h13_tp06_sl065,-4.906174999999712,-5.956174999999712,-6.656174999999712,0,0,0,1,5.956174999999712,70.15000000000055,52.960000000000036,0.2736027190332283,25.360000000000582,0.2602523659305719,14.579999999999927,16.95399999999995,0.492,1.0,,,13,3,6.0,2026
2026-06-08 13:00:00+00:00|1.0|vol_trans_follow_h1_low_to_high_h13_tp06_sl065,2026-06-08 13:00:00+00:00,STAGE28A,data/reports/stage28a_discovery_factory_batch_runner/stage28a_exact_trades.csv,volatility_transition_v1,vol_trans_follow_h1_low_to_high_h13_tp06_sl065,-8.562424999999712,-9.612424999999712,-10.312424999999712,0,0,0,1,9.612424999999712,20.30999999999949,53.06999999999971,0.010363670623690887,52.9399999999996,0.42595391008688027,28.890000000000327,23.318500000000085,0.944,1.0,,,13,0,6.0,2026
2026-06-10 13:00:00+00:00|-1.0|vol_trans_follow_h1_low_to_high_h13_tp06_sl065,2026-06-10 13:00:00+00:00,STAGE28A,data/reports/stage28a_discovery_factory_batch_runner/stage28a_exact_trades.csv,volatility_transition_v1,vol_trans_follow_h1_low_to_high_h13_tp06_sl065,-8.285199999999895,-9.335199999999896,-10.035199999999897,0,0,0,1,9.335199999999896,126.54999999999927,84.05999999999949,0.8455864858434494,60.32999999999993,0.2671970827117505,16.359999999999673,26.670499999999993,0.992,-1.0,,,13,2,6.0,2026
2026-06-11 13:00:00+00:00|1.0|vol_trans_follow_h1_low_to_high_h13_tp06_sl065,2026-06-11 13:00:00+00:00,STAGE28A,data/reports/stage28a_discovery_factory_batch_runner/stage28a_exact_trades.csv,volatility_transition_v1,vol_trans_follow_h1_low_to_high_h13_tp06_sl065,-7.14509999999982,-8.19509999999982,-8.89509999999982,0,0,0,1,8.19509999999982,190.30999999999995,94.00999999999976,0.021380704180408716,42.4399999999996,0.4429783223374153,18.849999999999454,31.769499999999972,0.968,1.0,,,13,3,6.0,2026
2026-06-12 13:00:00+00:00|1.0|vol_trans_follow_h1_low_to_high_h13_tp06_sl065,2026-06-12 13:00:00+00:00,STAGE28A,data/reports/stage28a_discovery_factory_batch_runner/stage28a_exact_trades.csv,volatility_transition_v1,vol_trans_follow_h1_low_to_high_h13_tp06_sl065,-7.122350000000187,-8.172350000000188,-8.872350000000187,0,0,0,1,8.172350000000188,195.99000000000024,75.21000000000004,0.2955723972875888,57.599999999999454,0.4303819444444479,10.399999999999636,30.334000000000106,0.916,1.0,,,13,4,6.0,2026
2022-05-17 12:00:00+00:00|-1.0|liq_asia_high_reclaim_fade_h12_tp06_sl065,2022-05-17 12:00:00+00:00,STAGE28A,data/reports/stage28a_discovery_factory_batch_runner/stage28a_exact_trades.csv,liquidity_sweep_regime_v1,liq_asia_high_reclaim_fade_h12_tp06_sl065,0.9802000000001044,-0.0697999999998955,-0.7697999999998952,0,0,0,0,0.0697999999998955,40.070000000000164,7.480000000000018,0.24064171122993985,7.629999999999882,0.7404980340760391,5.269999999999982,4.784500000000014,0.096,-1.0,,,12,1,5.0,2022
2022-07-22 12:00:00+00:00|-1.0|liq_asia_high_reclaim_fade_h12_tp06_sl065,2022-07-22 12:00:00+00:00,STAGE28A,data/reports/stage28a_discovery_factory_batch_runner/stage28a_exact_trades.csv,liquidity_sweep_regime_v1,liq_asia_high_reclaim_fade_h12_tp06_sl065,0.8655999999999949,-0.184400000000005,-0.8844000000000047,0,0,0,0,0.184400000000005,39.34999999999991,6.4500000000000455,0.5581395348837029,12.649999999999864,0.8426877470355887,3.75,4.2940000000000165,0.46,-1.0,,,12,4,7.0,2022
2022-07-29 12:00:00+00:00|-1.0|liq_asia_high_reclaim_fade_h12_tp06_sl065,2022-07-29 12:00:00+00:00,STAGE28A,data/reports/stage28a_discovery_factory_batch_runner/stage28a_exact_trades.csv,liquidity_sweep_regime_v1,liq_asia_high_reclaim_fade_h12_tp06_sl065,-1.7410000000000765,-2.7910000000000763,-3.491000000000076,0,0,0,0,2.7910000000000763,23.1400000000001,11.269999999999982,0.6752440106477295,11.579999999999927,0.22625215889465758,4.569999999999936,4.194999999999982,0.512,-1.0,,,12,4,7.0,2022
2022-08-01 12:00:00+00:00|-1.0|liq_asia_high_reclaim_fade_h12_tp06_sl065,2022-08-01 12:00:00+00:00,STAGE28A,data/reports/stage28a_discovery_factory_batch_runner/stage28a_exact_trades.csv,liquidity_sweep_regime_v1,liq_asia_high_reclaim_fade_h12_tp06_sl065,-1.5941000000001169,-2.6441000000001167,-3.3441000000001164,0,0,0,0,2.6441000000001167,2.3300000000001546,5.310000000000173,0.20527306967982725,15.36999999999989,0.7391021470396865,4.8900000000001,4.195000000000027,0.532,-1.0,,,12,0,8.0,2022
2022-09-08 12:00:00+00:00|-1.0|liq_asia_high_reclaim_fade_h12_tp06_sl065,2022-09-08 12:00:00+00:00,STAGE28A,data/reports/stage28a_discovery_factory_batch_runner/stage28a_exact_trades.csv,liquidity_sweep_regime_v1,liq_asia_high_reclaim_fade_h12_tp06_sl065,-1.5612750000001143,-2.611275000000114,-3.311275000000114,0,0,0,0,2.611275000000114,28.09999999999991,5.789999999999964,0.6269430051813699,8.8900000000001,0.6850393700787488,3.3299999999999272,3.8310000000000173,0.464,-1.0,,,12,3,9.0,2022
2022-09-26 12:00:00+00:00|-1.0|liq_asia_high_reclaim_fade_h12_tp06_sl065,2022-09-26 12:00:00+00:00,STAGE28A,data/reports/stage28a_discovery_factory_batch_runner/stage28a_exact_trades.csv,liquidity_sweep_regime_v1,liq_asia_high_reclaim_fade_h12_tp06_sl065,1.7442999999999755,0.6942999999999757,-0.005700000000024,1,0,1,0,0.6942999999999757,5.389999999999873,19.279999999999973,0.29253112033195583,15.199999999999818,0.22434210526316598,4.809999999999945,6.820499999999981,0.944,-1.0,,,12,0,9.0,2022
2022-12-19 12:00:00+00:00|-1.0|liq_asia_high_reclaim_fade_h12_tp06_sl065,2022-12-19 12:00:00+00:00,STAGE28A,data/reports/stage28a_discovery_factory_batch_runner/stage28a_exact_trades.csv,liquidity_sweep_regime_v1,liq_asia_high_reclaim_fade_h12_tp06_sl065,0.7170999999999822,-0.3329000000000177,-1.0329000000000177,0,0,0,0,0.3329000000000177,2.3400000000001455,5.970000000000027,0.32160804020101574,8.4699999999998,0.3471074380165436,3.2799999999999727,3.939500000000021,0.396,-1.0,,,12,0,12.0,2022
2022-12-29 12:00:00+00:00|-1.0|liq_asia_high_reclaim_fade_h12_tp06_sl065,2022-12-29 12:00:00+00:00,STAGE28A,data/reports/stage28a_discovery_factory_batch_runner/stage28a_exact_trades.csv,liquidity_sweep_regime_v1,liq_asia_high_reclaim_fade_h12_tp06_sl065,-1.4410249999999452,-2.491024999999945,-3.1910249999999447,0,0,0,0,2.491024999999945,17.580000000000155,5.630000000000109,0.5772646536411966,7.6099999999999,0.4809461235216692,3.240000000000009,3.5114999999999896,0.3,-1.0,,,12,3,12.0,2022
2023-01-10 12:00:00+00:00|-1.0|liq_asia_high_reclaim_fade_h12_tp06_sl065,2023-01-10 12:00:00+00:00,STAGE28A,data/reports/stage28a_discovery_factory_batch_runner/stage28a_exact_trades.csv,liquidity_sweep_regime_v1,liq_asia_high_reclaim_fade_h12_tp06_sl065,-1.5814249999999448,-2.6314249999999446,-3.3314249999999443,0,0,0,0,2.6314249999999446,15.169999999999845,8.11999999999989,0.10467980295568323,6.699999999999818,0.5716417910447807,2.8099999999999454,4.252999999999952,0.428,-1.0,,,12,1,1.0,2023
2023-01-24 12:00:00+00:00|-1.0|liq_asia_high_reclaim_fade_h12_tp06_sl065,2023-01-24 12:00:00+00:00,STAGE28A,data/reports/stage28a_discovery_factory_batch_runner/stage28a_exact_trades.csv,liquidity_sweep_regime_v1,liq_asia_high_reclaim_fade_h12_tp06_sl065,-1.6714499999999135,-2.7214499999999133,-3.421449999999913,0,0,0,0,2.7214499999999133,24.169999999999845,6.519999999999982,0.21012269938648692,9.960000000000036,0.5672690763052051,4.269999999999982,4.543999999999983,0.524,-1.0,,,12,1,1.0,2023
2023-02-20 12:00:00+00:00|-1.0|liq_asia_high_reclaim_fade_h12_tp06_sl065,2023-02-20 12:00:00+00:00,STAGE28A,data/reports/stage28a_discovery_factory_batch_runner/stage28a_exact_trades.csv,liquidity_sweep_regime_v1,liq_asia_high_reclaim_fade_h12_tp06_sl065,0.7564000000001215,-0.2935999999998784,-0.993599999999878,0,0,0,0,0.2935999999998784,3.3700000000001182,7.559999999999945,0.5052910052910006,6.3599999999999,0.1289308176100549,2.5499999999999545,3.93599999999999,0.072,-1.0,,,12,0,2.0,2023
2023-03-08 12:00:00+00:00|-1.0|liq_asia_high_reclaim_fade_h12_tp06_sl065,2023-03-08 12:00:00+00:00,STAGE28A,data/reports/stage28a_discovery_factory_batch_runner/stage28a_exact_trades.csv,liquidity_sweep_regime_v1,liq_asia_high_reclaim_fade_h12_tp06_sl065,-1.3136250000000929,-2.3636250000000927,-3.0636250000000924,0,0,0,0,2.3636250000000927,38.899999999999864,5.070000000000164,0.4773175542406301,4.800000000000182,0.5312499999999704,2.2800000000002,3.4715000000000487,0.292,-1.0,,,12,2,3.0,2023
2023-03-15 12:00:00+00:00|-1.0|liq_asia_high_reclaim_fade_h12_tp06_sl065,2023-03-15 12:00:00+00:00,STAGE28A,data/reports/stage28a_discovery_factory_batch_runner/stage28a_exact_trades.csv,liquidity_sweep_regime_v1,liq_asia_high_reclaim_fade_h12_tp06_sl065,1.720600000000013,0.6706000000000132,-0.0293999999999865,1,0,1,0,0.6706000000000132,18.75,5.6599999999998545,0.24558303886924177,24.029999999999973,0.28381190178942756,11.990000000000009,4.520500000000004,0.696,-1.0,,,12,2,3.0,2023
2023-03-23 12:00:00+00:00|-1.0|liq_asia_high_reclaim_fade_h12_tp06_sl065,2023-03-23 12:00:00+00:00,STAGE28A,data/reports/stage28a_discovery_factory_batch_runner/stage28a_exact_trades.csv,liquidity_sweep_regime_v1,liq_asia_high_reclaim_fade_h12_tp06_sl065,-2.548624999999993,-3.5986249999999926,-4.298624999999992,0,0,0,1,3.5986249999999926,44.49000000000001,13.700000000000045,0.5751824817518143,9.3599999999999,0.01816239316240113,3.9299999999998363,7.823000000000002,0.704,-1.0,,,12,3,3.0,2023
2023-04-24 12:00:00+00:00|-1.0|liq_asia_high_reclaim_fade_h12_tp06_sl065,2023-04-24 12:00:00+00:00,STAGE28A,data/reports/stage28a_discovery_factory_batch_runner/stage28a_exact_trades.csv,liquidity_sweep_regime_v1,liq_asia_high_reclaim_fade_h12_tp06_sl065,-1.7962499999999637,-2.8462499999999635,-3.5462499999999637,0,0,0,0,2.8462499999999635,3.790000000000191,6.7999999999999545,0.4735294117647131,10.459999999999809,0.22179732313575323,4.410000000000082,5.368000000000018,0.588,-1.0,,,12,0,4.0,2023
2023-05-22 12:00:00+00:00|-1.0|liq_asia_high_reclaim_fade_h12_tp06_sl065,2023-05-22 12:00:00+00:00,STAGE28A,data/reports/stage28a_discovery_factory_batch_runner/stage28a_exact_trades.csv,liquidity_sweep_regime_v1,liq_asia_high_reclaim_fade_h12_tp06_sl065,0.8856999999999516,-0.1643000000000483,-0.864300000000048,0,0,0,0,0.1643000000000483,4.360000000000127,6.099999999999909,0.3639344262295181,11.349999999999909,0.16123348017620634,5.620000000000118,5.354000000000019,0.812,-1.0,,,12,0,5.0,2023
2023-05-25 12:00:00+00:00|-1.0|liq_asia_high_reclaim_fade_h12_tp06_sl065,2023-05-25 12:00:00+00:00,STAGE28A,data/reports/stage28a_discovery_factory_batch_runner/stage28a_exact_trades.csv,liquidity_sweep_regime_v1,liq_asia_high_reclaim_fade_h12_tp06_sl065,-1.5518499999999222,-2.601849999999922,-3.301849999999922,0,0,0,0,2.601849999999922,28.560000000000173,6.789999999999964,0.5729013254786629,9.850000000000136,0.39187817258884,5.5499999999999545,4.723500000000001,0.632,-1.0,,,12,3,5.0,2023
2023-06-20 12:00:00+00:00|-1.0|liq_asia_high_reclaim_fade_h12_tp06_sl065,2023-06-20 12:00:00+00:00,STAGE28A,data/reports/stage28a_discovery_factory_batch_runner/stage28a_exact_trades.csv,liquidity_sweep_regime_v1,liq_asia_high_reclaim_fade_h12_tp06_sl065,-1.543400000000111,-2.5934000000001105,-3.2934000000001102,0,0,0,0,2.5934000000001105,10.899999999999864,9.029999999999973,0.2159468438538263,9.8900000000001,0.2517694641051551,2.7000000000000455,3.047500000000025,0.164,-1.0,,,12,1,6.0,2023
2023-07-17 12:00:00+00:00|-1.0|liq_asia_high_reclaim_fade_h12_tp06_sl065,2023-07-17 12:00:00+00:00,STAGE28A,data/reports/stage28a_discovery_factory_batch_runner/stage28a_exact_trades.csv,liquidity_sweep_regime_v1,liq_asia_high_reclaim_fade_h12_tp06_sl065,-1.4731999999999972,-2.523199999999997,-3.2231999999999967,0,0,0,0,2.523199999999997,2.8300000000001546,4.990000000000009,0.1923847695390851,8.600000000000136,0.7697674418604666,5.5,3.594999999999982,0.596,-1.0,,,12,0,7.0,2023
2023-07-25 12:00:00+00:00|-1.0|liq_asia_high_reclaim_fade_h12_tp06_sl065,2023-07-25 12:00:00+00:00,STAGE28A,data/reports/stage28a_discovery_factory_batch_runner/stage28a_exact_trades.csv,liquidity_sweep_regime_v1,liq_asia_high_reclaim_fade_h12_tp06_sl065,0.7242999999999938,-0.3257000000000061,-1.0257000000000058,0,0,0,0,0.3257000000000061,14.429999999999836,10.349999999999909,0.6434782608695568,4.730000000000018,0.12262156448201375,4.0,3.1965000000000146,0.244,-1.0,,,12,1,7.0,2023
2023-11-02 12:00:00+00:00|-1.0|liq_asia_high_reclaim_fade_h12_tp06_sl065,2023-11-02 12:00:00+00:00,STAGE28A,data/reports/stage28a_discovery_factory_batch_runner/stage28a_exact_trades.csv,liquidity_sweep_regime_v1,liq_asia_high_reclaim_fade_h12_tp06_sl065,-1.3373499999998786,-2.3873499999998784,-3.087349999999878,0,0,0,0,2.3873499999998784,22.200000000000045,6.960000000000036,0.5574712643678289,5.899999999999864,0.4915254237288018,2.9700000000000273,4.216999999999996,0.228,-1.0,,,12,3,11.0,2023
2023-12-13 12:00:00+00:00|-1.0|liq_asia_high_reclaim_fade_h12_tp06_sl065,2023-12-13 12:00:00+00:00,STAGE28A,data/reports/stage28a_discovery_factory_batch_runner/stage28a_exact_trades.csv,liquidity_sweep_regime_v1,liq_asia_high_reclaim_fade_h12_tp06_sl065,0.7596999999999753,-0.2903000000000246,-0.9903000000000244,0,0,0,0,0.2903000000000246,19.50999999999999,5.1099999999999,0.8297455968689026,10.309999999999945,0.48205625606208086,3.1400000000001,3.40799999999997,0.012,-1.0,,,12,2,12.0,2023
2023-12-18 12:00:00+00:00|-1.0|liq_asia_high_reclaim_fade_h12_tp06_sl065,2023-12-18 12:00:00+00:00,STAGE28A,data/reports/stage28a_discovery_factory_batch_runner/stage28a_exact_trades.csv,liquidity_sweep_regime_v1,liq_asia_high_reclaim_fade_h12_tp06_sl065,0.7945000000001073,-0.2554999999998926,-0.9554999999998924,0,0,0,0,0.2554999999998926,4.940000000000055,8.149999999999864,0.6920245398772966,8.159999999999854,0.45833333333334264,5.369999999999891,4.3124999999999885,0.276,-1.0,,,12,0,12.0,2023
2023-12-27 12:00:00+00:00|-1.0|liq_asia_high_reclaim_fade_h12_tp06_sl065,2023-12-27 12:00:00+00:00,STAGE28A,data/reports/stage28a_discovery_factory_batch_runner/stage28a_exact_trades.csv,liquidity_sweep_regime_v1,liq_asia_high_reclaim_fade_h12_tp06_sl065,0.3969999999998436,-0.6530000000001563,-1.353000000000156,0,0,0,0,0.6530000000001563,15.650000000000091,4.559999999999945,0.07894736842108149,7.7199999999998,0.1411917098445821,1.9600000000000364,3.06400000000001,0.064,-1.0,,,12,2,12.0,2023
2024-01-23 12:00:00+00:00|-1.0|liq_asia_high_reclaim_fade_h12_tp06_sl065,2024-01-23 12:00:00+00:00,STAGE28A,data/reports/stage28a_discovery_factory_batch_runner/stage28a_exact_trades.csv,liquidity_sweep_regime_v1,liq_asia_high_reclaim_fade_h12_tp06_sl065,1.2111999999998715,0.1611999999998716,-0.5388000000001281,1,0,1,0,0.1611999999998716,15.519999999999982,8.38000000000011,0.8210023866348201,13.160000000000082,0.19452887537995114,3.509999999999991,3.8144999999999754,0.368,-1.0,,,12,1,1.0,2024
2024-02-16 12:00:00+00:00|-1.0|liq_asia_high_reclaim_fade_h12_tp06_sl065,2024-02-16 12:00:00+00:00,STAGE28A,data/reports/stage28a_discovery_factory_batch_runner/stage28a_exact_trades.csv,liquidity_sweep_regime_v1,liq_asia_high_reclaim_fade_h12_tp06_sl065,0.2803000000000338,-0.7696999999999661,-1.4696999999999658,0,0,0,0,0.7696999999999661,18.230000000000018,3.2799999999999727,0.06097560975611193,4.819999999999936,0.7406639004149344,2.2100000000000364,2.574500000000023,0.068,-1.0,,,12,4,2.0,2024
2024-03-06 12:00:00+00:00|-1.0|liq_asia_high_reclaim_fade_h12_tp06_sl065,2024-03-06 12:00:00+00:00,STAGE28A,data/reports/stage28a_discovery_factory_batch_runner/stage28a_exact_trades.csv,liquidity_sweep_regime_v1,liq_asia_high_reclaim_fade_h12_tp06_sl065,-1.6727499999998146,-2.7227499999998144,-3.422749999999814,0,0,0,0,2.7227499999998144,31.329999999999927,4.799999999999727,0.38333333333338543,7.150000000000091,0.07412587412590117,5.110000000000127,4.169499999999948,0.76,-1.0,,,12,2,3.0,2024
2024-06-19 12:00:00+00:00|-1.0|liq_asia_high_reclaim_fade_h12_tp06_sl065,2024-06-19 12:00:00+00:00,STAGE28A,data/reports/stage28a_discovery_factory_batch_runner/stage28a_exact_trades.csv,liquidity_sweep_regime_v1,liq_asia_high_reclaim_fade_h12_tp06_sl065,-1.40495000000019,-2.45495000000019,-3.154950000000189,0,0,0,0,2.45495000000019,26.699999999999818,5.2199999999998,0.003831417624517735,8.190000000000055,0.020757020757029503,3.1799999999998363,3.9484999999999673,0.02,-1.0,,,12,2,6.0,2024
2024-07-01 12:00:00+00:00|-1.0|liq_asia_high_reclaim_fade_h12_tp06_sl065,2024-07-01 12:00:00+00:00,STAGE28A,data/reports/stage28a_discovery_factory_batch_runner/stage28a_exact_trades.csv,liquidity_sweep_regime_v1,liq_asia_high_reclaim_fade_h12_tp06_sl065,1.2418000000001483,0.1918000000001485,-0.5081999999998512,1,0,1,0,0.1918000000001485,4.139999999999873,6.389999999999873,0.03442879499214465,10.980000000000018,0.24590163934424533,4.360000000000127,4.622499999999991,0.38,-1.0,,,12,0,7.0,2024
2024-09-02 12:00:00+00:00|-1.0|liq_asia_high_reclaim_fade_h12_tp06_sl065,2024-09-02 12:00:00+00:00,STAGE28A,data/reports/stage28a_discovery_factory_batch_runner/stage28a_exact_trades.csv,liquidity_sweep_regime_v1,liq_asia_high_reclaim_fade_h12_tp06_sl065,-2.224275000000125,-3.274275000000125,-3.974275000000125,0,0,0,1,3.274275000000125,3.4899999999997817,14.970000000000255,0.4736138944555795,12.0,0.2233333333333197,10.010000000000218,5.512000000000012,0.4,-1.0,,,12,0,9.0,2024
2024-10-07 12:00:00+00:00|-1.0|liq_asia_high_reclaim_fade_h12_tp06_sl065,2024-10-07 12:00:00+00:00,STAGE28A,data/reports/stage28a_discovery_factory_batch_runner/stage28a_exact_trades.csv,liquidity_sweep_regime_v1,liq_asia_high_reclaim_fade_h12_tp06_sl065,-2.067624999999771,-3.1176249999997707,-3.8176249999997705,0,0,0,1,3.1176249999997707,2.680000000000291,8.609999999999673,0.3832752613240775,17.8100000000004,0.5081414935429522,5.269999999999982,6.675000000000023,0.612,-1.0,,,12,0,10.0,2024
2024-10-15 12:00:00+00:00|-1.0|liq_asia_high_reclaim_fade_h12_tp06_sl065,2024-10-15 12:00:00+00:00,STAGE28A,data/reports/stage28a_discovery_factory_batch_runner/stage28a_exact_trades.csv,liquidity_sweep_regime_v1,liq_asia_high_reclaim_fade_h12_tp06_sl065,-2.2109499999997757,-3.260949999999775,-3.960949999999775,0,0,0,1,3.260949999999775,23.659999999999854,8.349999999999909,0.5185628742514939,17.829999999999927,0.448121144139081,5.940000000000055,5.407000000000016,0.152,-1.0,,,12,1,10.0,2024
2024-11-05 12:00:00+00:00|-1.0|liq_asia_high_reclaim_fade_h12_tp06_sl065,2024-11-05 12:00:00+00:00,STAGE28A,data/reports/stage28a_discovery_factory_batch_runner/stage28a_exact_trades.csv,liquidity_sweep_regime_v1,liq_asia_high_reclaim_fade_h12_tp06_sl065,1.4943999999999504,0.4443999999999506,-0.2556000000000491,1,0,1,0,0.4443999999999506,18.789999999999964,13.260000000000218,0.12141779788835944,13.2800000000002,0.2567771084337201,6.0,5.523500000000058,0.284,-1.0,,,12,1,11.0,2024
2024-11-29 12:00:00+00:00|-1.0|liq_asia_high_reclaim_fade_h12_tp06_sl065,2024-11-29 12:00:00+00:00,STAGE28A,data/reports/stage28a_discovery_factory_batch_runner/stage28a_exact_trades.csv,liquidity_sweep_regime_v1,liq_asia_high_reclaim_fade_h12_tp06_sl065,-2.701050000000214,-3.751050000000214,-4.451050000000214,0,0,0,1,3.751050000000214,28.65000000000009,30.29000000000042,0.6956091119181206,11.809999999999945,0.2464013547840701,8.7800000000002,5.945500000000061,0.224,-1.0,,,12,4,11.0,2024
2025-03-05 12:00:00+00:00|-1.0|liq_asia_high_reclaim_fade_h12_tp06_sl065,2025-03-05 12:00:00+00:00,STAGE28A,data/reports/stage28a_discovery_factory_batch_runner/stage28a_exact_trades.csv,liquidity_sweep_regime_v1,liq_asia_high_reclaim_fade_h12_tp06_sl065,1.8502000000002223,0.8002000000002227,0.100200000000223,1,1,1,0,0.8002000000002227,45.84999999999991,16.070000000000164,0.24268823895457692,13.5,0.2125925925925845,9.329999999999927,8.136500000000137,0.552,-1.0,,,12,2,3.0,2025
2025-03-13 12:00:00+00:00|-1.0|liq_asia_high_reclaim_fade_h12_tp06_sl065,2025-03-13 12:00:00+00:00,STAGE28A,data/reports/stage28a_discovery_factory_batch_runner/stage28a_exact_trades.csv,liquidity_sweep_regime_v1,liq_asia_high_reclaim_fade_h12_tp06_sl065,-2.4377999999997884,-3.487799999999788,-4.187799999999788,0,0,0,1,3.487799999999788,34.40000000000009,14.309999999999945,0.8315863032844261,15.86999999999989,0.043478260869568956,7.820000000000164,5.791999999999985,0.048,-1.0,,,12,3,3.0,2025
2025-04-08 12:00:00+00:00|-1.0|liq_asia_high_reclaim_fade_h12_tp06_sl065,2025-04-08 12:00:00+00:00,STAGE28A,data/reports/stage28a_discovery_factory_batch_runner/stage28a_exact_trades.csv,liquidity_sweep_regime_v1,liq_asia_high_reclaim_fade_h12_tp06_sl065,-3.9922750000001535,-5.042275000000155,-5.742275000000154,0,0,0,1,5.042275000000155,99.02999999999975,26.2800000000002,0.3047945205479339,24.710000000000036,0.4900849858356985,7.9699999999998,15.305000000000017,0.744,-1.0,,,12,1,4.0,2025
2025-04-15 12:00:00+00:00|-1.0|liq_asia_high_reclaim_fade_h12_tp06_sl065,2025-04-15 12:00:00+00:00,STAGE28A,data/reports/stage28a_discovery_factory_batch_runner/stage28a_exact_trades.csv,liquidity_sweep_regime_v1,liq_asia_high_reclaim_fade_h12_tp06_sl065,2.245600000000104,1.195600000000104,0.4956000000001044,1,1,1,0,1.195600000000104,52.00999999999976,18.799999999999727,0.8563829787234118,15.259999999999764,0.38204456094364464,7.710000000000036,9.019999999999936,0.064,-1.0,,,12,1,4.0,2025
2025-06-26 12:00:00+00:00|-1.0|liq_asia_high_reclaim_fade_h12_tp06_sl065,2025-06-26 12:00:00+00:00,STAGE28A,data/reports/stage28a_discovery_factory_batch_runner/stage28a_exact_trades.csv,liquidity_sweep_regime_v1,liq_asia_high_reclaim_fade_h12_tp06_sl065,-2.585674999999901,-3.635674999999901,-4.335674999999901,0,0,0,1,3.635674999999901,25.09999999999991,13.859999999999673,0.3448773448773675,19.23999999999978,0.12577962577963098,5.779999999999745,7.549000000000047,0.076,-1.0,,,12,3,6.0,2025
2025-06-30 12:00:00+00:00|-1.0|liq_asia_high_reclaim_fade_h12_tp06_sl065,2025-06-30 12:00:00+00:00,STAGE28A,data/reports/stage28a_discovery_factory_batch_runner/stage28a_exact_trades.csv,liquidity_sweep_regime_v1,liq_asia_high_reclaim_fade_h12_tp06_sl065,-3.0059000000002016,-4.055900000000202,-4.755900000000201,0,0,0,1,4.055900000000202,33.51999999999998,34.99000000000024,0.43498142326379396,19.809999999999945,0.4437152953054007,8.2199999999998,10.778500000000031,0.688,-1.0,,,12,0,6.0,2025
2025-09-26 12:00:00+00:00|-1.0|liq_asia_high_reclaim_fade_h12_tp06_sl065,2025-09-26 12:00:00+00:00,STAGE28A,data/reports/stage28a_discovery_factory_batch_runner/stage28a_exact_trades.csv,liquidity_sweep_regime_v1,liq_asia_high_reclaim_fade_h12_tp06_sl065,-3.1615750000001754,-4.211575000000176,-4.911575000000175,0,0,0,1,4.211575000000176,39.82999999999993,18.800000000000182,0.17819148936169557,15.920000000000073,0.3762562814070483,8.08999999999969,11.040499999999952,0.764,-1.0,,,12,4,9.0,2025
2025-10-03 12:00:00+00:00|-1.0|liq_asia_high_reclaim_fade_h12_tp06_sl065,2025-10-03 12:00:00+00:00,STAGE28A,data/reports/stage28a_discovery_factory_batch_runner/stage28a_exact_trades.csv,liquidity_sweep_regime_v1,liq_asia_high_reclaim_fade_h12_tp06_sl065,-3.0670000000000983,-4.117000000000099,-4.817000000000098,0,0,0,1,4.117000000000099,77.53999999999996,25.700000000000273,0.5634241245136135,24.0,0.8966666666666848,5.300000000000182,12.970000000000027,0.844,-1.0,,,12,4,10.0,2025
2025-10-09 12:00:00+00:00|-1.0|liq_asia_high_reclaim_fade_h12_tp06_sl065,2025-10-09 12:00:00+00:00,STAGE28A,data/reports/stage28a_discovery_factory_batch_runner/stage28a_exact_trades.csv,liquidity_sweep_regime_v1,liq_asia_high_reclaim_fade_h12_tp06_sl065,2.8978000000000974,1.8478000000000976,1.147800000000098,1,1,1,0,1.8478000000000976,76.17000000000007,39.840000000000146,0.13453815261044447,20.940000000000055,0.5076408787010546,10.029999999999745,16.499500000000012,0.98,-1.0,,,12,3,10.0,2025
2026-02-25 12:00:00+00:00|-1.0|liq_asia_high_reclaim_fade_h12_tp06_sl065,2026-02-25 12:00:00+00:00,STAGE28A,data/reports/stage28a_discovery_factory_batch_runner/stage28a_exact_trades.csv,liquidity_sweep_regime_v1,liq_asia_high_reclaim_fade_h12_tp06_sl065,-5.745000000000436,-6.795000000000437,-7.495000000000436,0,0,0,1,6.795000000000437,155.44999999999982,71.0,0.506197183098586,40.400000000000546,0.19306930693069496,17.82000000000062,23.193000000000076,0.38,-1.0,,,12,2,2.0,2026
2026-03-02 12:00:00+00:00|-1.0|liq_asia_high_reclaim_fade_h12_tp06_sl065,2026-03-02 12:00:00+00:00,STAGE28A,data/reports/stage28a_discovery_factory_batch_runner/stage28a_exact_trades.csv,liquidity_sweep_regime_v1,liq_asia_high_reclaim_fade_h12_tp06_sl065,7.416099999999824,6.366099999999824,5.666099999999824,1,1,1,0,6.366099999999824,87.94000000000051,89.74000000000069,0.3510140405616198,78.23999999999978,0.43366564417177245,16.51000000000022,33.927500000000144,0.988,-1.0,,,12,0,3.0,2026
2026-04-01 12:00:00+00:00|-1.0|liq_asia_high_reclaim_fade_h12_tp06_sl065,2026-04-01 12:00:00+00:00,STAGE28A,data/reports/stage28a_discovery_factory_batch_runner/stage28a_exact_trades.csv,liquidity_sweep_regime_v1,liq_asia_high_reclaim_fade_h12_tp06_sl065,-9.900774999999705,-10.950774999999703,-11.650774999999705,0,0,0,1,10.950774999999703,204.27000000000044,62.159999999999854,0.011904761904773053,80.67000000000007,0.5141936283624697,30.13000000000011,30.119500000000063,0.196,-1.0,,,12,2,4.0,2026
2026-04-09 12:00:00+00:00|-1.0|liq_asia_high_reclaim_fade_h12_tp06_sl065,2026-04-09 12:00:00+00:00,STAGE28A,data/reports/stage28a_discovery_factory_batch_runner/stage28a_exact_trades.csv,liquidity_sweep_regime_v1,liq_asia_high_reclaim_fade_h12_tp06_sl065,6.847900000000118,5.7979000000001175,5.097900000000118,1,1,1,0,5.7979000000001175,154.54999999999927,33.960000000000036,0.176972909305071,29.56999999999971,0.5989178221170176,12.989999999999782,24.908000000000037,0.08,-1.0,,,12,3,4.0,2026
2026-04-13 12:00:00+00:00|-1.0|liq_asia_high_reclaim_fade_h12_tp06_sl065,2026-04-13 12:00:00+00:00,STAGE28A,data/reports/stage28a_discovery_factory_batch_runner/stage28a_exact_trades.csv,liquidity_sweep_regime_v1,liq_asia_high_reclaim_fade_h12_tp06_sl065,-5.691699999999946,-6.7416999999999465,-7.441699999999946,0,0,0,1,6.7416999999999465,49.659999999999854,83.46000000000004,0.7075245626647405,31.029999999999745,0.1111827263938368,18.13000000000011,23.236499999999932,0.232,-1.0,,,12,0,4.0,2026
2022-05-02 15:00:00+00:00|-1.0|handoff_align_follow_h15_tp06_sl065,2022-05-02 15:00:00+00:00,STAGE28A,data/reports/stage28a_discovery_factory_batch_runner/stage28a_exact_trades.csv,session_handoff_imbalance_v1,handoff_align_follow_h15_tp06_sl065,-1.9691499999999904,-3.0191499999999905,-3.71914999999999,0,0,0,0,3.0191499999999905,3.7100000000000364,15.569999999999936,0.6056518946692423,11.819999999999936,0.6607445008460227,6.490000000000009,,,-1.0,,,15,0,5.0,2022
2022-05-03 15:00:00+00:00|-1.0|handoff_align_follow_h15_tp06_sl065,2022-05-03 15:00:00+00:00,STAGE28A,data/reports/stage28a_discovery_factory_batch_runner/stage28a_exact_trades.csv,session_handoff_imbalance_v1,handoff_align_follow_h15_tp06_sl065,-2.291550000000006,-3.3415500000000065,-4.041550000000006,0,0,0,1,3.3415500000000065,45.32999999999993,7.480000000000018,0.14705882352939925,14.160000000000082,0.34322033898305787,5.4500000000000455,4.65250000000002,,-1.0,,,15,1,5.0,2022
2022-05-09 15:00:00+00:00|-1.0|handoff_align_follow_h15_tp06_sl065,2022-05-09 15:00:00+00:00,STAGE28A,data/reports/stage28a_discovery_factory_batch_runner/stage28a_exact_trades.csv,session_handoff_imbalance_v1,handoff_align_follow_h15_tp06_sl065,1.616799999999921,0.5667999999999211,-0.1332000000000786,1,0,1,0,0.5667999999999211,5.370000000000118,11.849999999999909,0.5544303797468535,13.889999999999873,0.8135349172066441,5.720000000000027,4.611000000000013,0.10256410256410256,-1.0,,,15,0,5.0,2022
2022-05-16 15:00:00+00:00|-1.0|handoff_align_follow_h15_tp06_sl065,2022-05-16 15:00:00+00:00,STAGE28A,data/reports/stage28a_discovery_factory_batch_runner/stage28a_exact_trades.csv,session_handoff_imbalance_v1,handoff_align_follow_h15_tp06_sl065,2.345500000000038,1.2955000000000385,0.5955000000000386,1,1,1,0,1.2955000000000385,4.369999999999891,7.9500000000000455,0.04025157232703579,24.470000000000027,0.42296689824274203,8.049999999999955,5.745500000000004,0.5527426160337553,-1.0,,,15,0,5.0,2022
2022-05-23 15:00:00+00:00|1.0|handoff_align_follow_h15_tp06_sl065,2022-05-23 15:00:00+00:00,STAGE28A,data/reports/stage28a_discovery_factory_batch_runner/stage28a_exact_trades.csv,session_handoff_imbalance_v1,handoff_align_follow_h15_tp06_sl065,-1.9902749999999745,-3.040274999999974,-3.740274999999974,0,0,0,0,3.040274999999974,5.880000000000109,11.5,0.5826086956521779,13.299999999999955,0.7541353383458652,3.1699999999998454,4.360000000000037,0.076,1.0,,,15,0,5.0,2022
2022-05-24 15:00:00+00:00|1.0|handoff_align_follow_h15_tp06_sl065,2022-05-24 15:00:00+00:00,STAGE28A,data/reports/stage28a_discovery_factory_batch_runner/stage28a_exact_trades.csv,session_handoff_imbalance_v1,handoff_align_follow_h15_tp06_sl065,-1.6067750000000616,-2.6567750000000614,-3.356775000000061,0,0,0,0,2.6567750000000614,21.809999999999945,6.680000000000064,0.3428143712574763,10.269999999999982,0.08081791626096943,2.9200000000000728,3.4844999999999913,0.004,1.0,,,15,1,5.0,2022
2022-05-25 15:00:00+00:00|-1.0|handoff_align_follow_h15_tp06_sl065,2022-05-25 15:00:00+00:00,STAGE28A,data/reports/stage28a_discovery_factory_batch_runner/stage28a_exact_trades.csv,session_handoff_imbalance_v1,handoff_align_follow_h15_tp06_sl065,-1.841424999999936,-2.8914249999999355,-3.5914249999999357,0,0,0,0,2.8914249999999355,20.420000000000073,8.389999999999873,0.43623361144218237,8.199999999999818,0.6987804878048958,5.0300000000002,3.43449999999998,0.008,-1.0,,,15,2,5.0,2022
2022-05-26 15:00:00+00:00|-1.0|handoff_align_follow_h15_tp06_sl065,2022-05-26 15:00:00+00:00,STAGE28A,data/reports/stage28a_discovery_factory_batch_runner/stage28a_exact_trades.csv,session_handoff_imbalance_v1,handoff_align_follow_h15_tp06_sl065,1.108599999999933,0.0585999999999331,-0.6414000000000666,1,0,0,0,0.0585999999999331,26.61999999999989,5.4699999999998,0.4369287020110032,8.629999999999882,0.5758980301274734,5.9500000000000455,3.7840000000000145,0.072,-1.0,,,15,3,5.0,2022
2022-05-27 15:00:00+00:00|1.0|handoff_align_follow_h15_tp06_sl065,2022-05-27 15:00:00+00:00,STAGE28A,data/reports/stage28a_discovery_factory_batch_runner/stage28a_exact_trades.csv,session_handoff_imbalance_v1,handoff_align_follow_h15_tp06_sl065,-1.6555249999999888,-2.7055249999999886,-3.4055249999999884,0,0,0,0,2.7055249999999886,13.589999999999918,8.430000000000064,0.3760379596678317,8.480000000000018,0.4846698113207687,2.9300000000000637,3.196000000000015,0.004,1.0,,,15,4,5.0,2022
2022-06-01 15:00:00+00:00|-1.0|handoff_align_follow_h15_tp06_sl065,2022-06-01 15:00:00+00:00,STAGE28A,data/reports/stage28a_discovery_factory_batch_runner/stage28a_exact_trades.csv,session_handoff_imbalance_v1,handoff_align_follow_h15_tp06_sl065,1.118800000000101,0.0688000000001012,-0.6311999999998985,1,0,0,0,0.0688000000001012,22.00999999999999,5.160000000000082,0.20155038759688898,8.710000000000036,0.5993111366245701,3.2999999999999545,3.600500000000011,0.148,-1.0,,,15,2,6.0,2022
2022-06-03 15:00:00+00:00|-1.0|handoff_align_follow_h15_tp06_sl065,2022-06-03 15:00:00+00:00,STAGE28A,data/reports/stage28a_discovery_factory_batch_runner/stage28a_exact_trades.csv,session_handoff_imbalance_v1,handoff_align_follow_h15_tp06_sl065,0.6409000000000106,-0.4090999999999893,-1.109099999999989,0,0,0,0,0.4090999999999893,26.3599999999999,6.25,0.09119999999998982,5.829999999999927,0.701543739279583,4.3900000000001,2.5180000000000065,0.008,-1.0,,,15,4,6.0,2022
2022-06-10 15:00:00+00:00|-1.0|handoff_align_follow_h15_tp06_sl065,2022-06-10 15:00:00+00:00,STAGE28A,data/reports/stage28a_discovery_factory_batch_runner/stage28a_exact_trades.csv,session_handoff_imbalance_v1,handoff_align_follow_h15_tp06_sl065,0.9124000000000706,-0.1375999999999293,-0.8375999999999291,0,0,0,0,0.1375999999999293,15.290000000000191,3.7799999999999727,0.45767195767190566,5.2199999999998,0.3812260536398631,9.879999999999882,2.813499999999965,0.032,-1.0,,,15,4,6.0,2022
2022-06-13 15:00:00+00:00|-1.0|handoff_align_follow_h15_tp06_sl065,2022-06-13 15:00:00+00:00,STAGE28A,data/reports/stage28a_discovery_factory_batch_runner/stage28a_exact_trades.csv,session_handoff_imbalance_v1,handoff_align_follow_h15_tp06_sl065,-2.211274999999978,-3.2612749999999777,-3.9612749999999775,0,0,0,1,3.2612749999999777,3.7800000000002,18.88000000000011,0.6705508474576276,14.509999999999991,0.6140592694693375,5.3599999999999,4.9540000000000415,0.916,-1.0,,,15,0,6.0,2022
2022-06-14 15:00:00+00:00|1.0|handoff_align_follow_h15_tp06_sl065,2022-06-14 15:00:00+00:00,STAGE28A,data/reports/stage28a_discovery_factory_batch_runner/stage28a_exact_trades.csv,session_handoff_imbalance_v1,handoff_align_follow_h15_tp06_sl065,1.5847000000000206,0.5347000000000208,-0.1652999999999789,1,0,1,0,0.5347000000000208,60.1400000000001,18.980000000000018,0.22760800842992265,9.910000000000082,0.14429868819374891,9.230000000000018,5.096000000000004,0.832,1.0,,,15,1,6.0,2022
2022-06-15 15:00:00+00:00|1.0|handoff_align_follow_h15_tp06_sl065,2022-06-15 15:00:00+00:00,STAGE28A,data/reports/stage28a_discovery_factory_batch_runner/stage28a_exact_trades.csv,session_handoff_imbalance_v1,handoff_align_follow_h15_tp06_sl065,1.5099999999999,0.4599999999999,-0.2400000000000997,1,0,1,0,0.4599999999999,26.5,11.839999999999918,0.5861486486486573,12.980000000000018,0.7534668721109368,11.009999999999991,4.6734999999999784,0.72,1.0,,,15,2,6.0,2022
2022-06-22 15:00:00+00:00|-1.0|handoff_align_follow_h15_tp06_sl065,2022-06-22 15:00:00+00:00,STAGE28A,data/reports/stage28a_discovery_factory_batch_runner/stage28a_exact_trades.csv,session_handoff_imbalance_v1,handoff_align_follow_h15_tp06_sl065,-2.2935000000000856,-3.3435000000000854,-4.043500000000085,0,0,0,1,3.3435000000000854,15.059999999999945,7.599999999999909,0.48289473684212064,6.970000000000027,0.15351506456243322,10.850000000000136,4.0170000000000075,0.372,-1.0,,,15,2,6.0,2022
2022-06-24 15:00:00+00:00|1.0|handoff_align_follow_h15_tp06_sl065,2022-06-24 15:00:00+00:00,STAGE28A,data/reports/stage28a_discovery_factory_batch_runner/stage28a_exact_trades.csv,session_handoff_imbalance_v1,handoff_align_follow_h15_tp06_sl065,1.151500000000078,0.1015000000000783,-0.5984999999999214,1,0,0,0,0.1015000000000783,23.519999999999982,4.769999999999982,0.19706498951783188,10.599999999999909,0.34150943396227823,4.6599999999998545,3.780000000000018,0.16,1.0,,,15,4,6.0,2022
2022-06-27 15:00:00+00:00|1.0|handoff_align_follow_h15_tp06_sl065,2022-06-27 15:00:00+00:00,STAGE28A,data/reports/stage28a_discovery_factory_batch_runner/stage28a_exact_trades.csv,session_handoff_imbalance_v1,handoff_align_follow_h15_tp06_sl065,-1.8891999999999367,-2.939199999999937,-3.6391999999999367,0,0,0,0,2.939199999999937,4.920000000000073,8.6400000000001,0.12268518518520377,7.1599999999998545,0.34636871508380845,4.029999999999973,3.9049999999999843,0.152,1.0,,,15,0,6.0,2022
2022-06-28 15:00:00+00:00|1.0|handoff_align_follow_h15_tp06_sl065,2022-06-28 15:00:00+00:00,STAGE28A,data/reports/stage28a_discovery_factory_batch_runner/stage28a_exact_trades.csv,session_handoff_imbalance_v1,handoff_align_follow_h15_tp06_sl065,0.8157999999999902,-0.2342000000000097,-0.9342000000000096,0,0,0,0,0.2342000000000097,20.230000000000018,4.779999999999973,0.7656903765690116,5.139999999999873,0.2529182879377406,5.170000000000073,2.641499999999996,0.004,1.0,,,15,1,6.0,2022
2022-06-30 15:00:00+00:00|-1.0|handoff_align_follow_h15_tp06_sl065,2022-06-30 15:00:00+00:00,STAGE28A,data/reports/stage28a_discovery_factory_batch_runner/stage28a_exact_trades.csv,session_handoff_imbalance_v1,handoff_align_follow_h15_tp06_sl065,1.116100000000097,0.0661000000000968,-0.6338999999999029,1,0,0,0,0.0661000000000968,20.939999999999827,4.75,0.21684210526315215,6.769999999999982,0.6469719350074034,10.460000000000036,3.012500000000034,0.084,-1.0,,,15,3,6.0,2022
2022-07-01 15:00:00+00:00|-1.0|handoff_align_follow_h15_tp06_sl065,2022-07-01 15:00:00+00:00,STAGE28A,data/reports/stage28a_discovery_factory_batch_runner/stage28a_exact_trades.csv,session_handoff_imbalance_v1,handoff_align_follow_h15_tp06_sl065,-2.110199999999941,-3.1601999999999406,-3.86019999999994,0,0,0,1,3.1601999999999406,22.309999999999945,5.990000000000009,0.7979966611018307,10.75,0.5441860465116194,6.5,3.8410000000000197,0.32,-1.0,,,15,4,7.0,2022
2022-07-11 15:00:00+00:00|-1.0|handoff_align_follow_h15_tp06_sl065,2022-07-11 15:00:00+00:00,STAGE28A,data/reports/stage28a_discovery_factory_batch_runner/stage28a_exact_trades.csv,session_handoff_imbalance_v1,handoff_align_follow_h15_tp06_sl065,0.8139999999999873,-0.2360000000000126,-0.9360000000000124,0,0,0,0,0.2360000000000126,4.230000000000018,6.099999999999909,0.16557377049180425,7.990000000000009,0.9386733416770953,4.460000000000036,3.159999999999991,0.154,-1.0,,,15,0,7.0,2022
2022-07-13 15:00:00+00:00|1.0|handoff_align_follow_h15_tp06_sl065,2022-07-13 15:00:00+00:00,STAGE28A,data/reports/stage28a_discovery_factory_batch_runner/stage28a_exact_trades.csv,session_handoff_imbalance_v1,handoff_align_follow_h15_tp06_sl065,-1.5382000000000515,-2.588200000000052,-3.2882000000000517,0,0,0,0,2.588200000000052,21.100000000000136,6.019999999999982,0.245847176079738,7.830000000000155,0.11238825031929651,3.3900000000001,3.058500000000015,0.084,1.0,,,15,2,7.0,2022
2022-07-14 15:00:00+00:00|-1.0|handoff_align_follow_h15_tp06_sl065,2022-07-14 15:00:00+00:00,STAGE28A,data/reports/stage28a_discovery_factory_batch_runner/stage28a_exact_trades.csv,session_handoff_imbalance_v1,handoff_align_follow_h15_tp06_sl065,1.3347999999999955,0.2847999999999957,-0.415200000000004,1,0,1,0,0.2847999999999957,38.049999999999955,10.920000000000073,0.21245421245422602,20.029999999999973,0.7688467299051365,6.150000000000091,4.564000000000021,0.476,-1.0,,,15,3,7.0,2022
2022-07-15 15:00:00+00:00|-1.0|handoff_align_follow_h15_tp06_sl065,2022-07-15 15:00:00+00:00,STAGE28A,data/reports/stage28a_discovery_factory_batch_runner/stage28a_exact_trades.csv,session_handoff_imbalance_v1,handoff_align_follow_h15_tp06_sl065,-1.6217250000000605,-2.6717250000000603,-3.37172500000006,0,0,0,0,2.6717250000000603,38.809999999999945,8.070000000000164,0.23420074349440326,11.740000000000009,0.5144804088585996,3.6900000000000546,3.8375000000000457,0.224,-1.0,,,15,4,7.0,2022
2022-07-18 15:00:00+00:00|1.0|handoff_align_follow_h15_tp06_sl065,2022-07-18 15:00:00+00:00,STAGE28A,data/reports/stage28a_discovery_factory_batch_runner/stage28a_exact_trades.csv,session_handoff_imbalance_v1,handoff_align_follow_h15_tp06_sl065,1.1536000000000055,0.1036000000000059,-0.5963999999999938,1,0,0,0,0.1036000000000059,3.1399999999998727,11.819999999999936,0.5972927241962953,12.009999999999991,0.5029142381348849,4.039999999999964,3.6495000000000117,0.172,1.0,,,15,0,7.0,2022
2022-07-19 15:00:00+00:00|1.0|handoff_align_follow_h15_tp06_sl065,2022-07-19 15:00:00+00:00,STAGE28A,data/reports/stage28a_discovery_factory_batch_runner/stage28a_exact_trades.csv,session_handoff_imbalance_v1,handoff_align_follow_h15_tp06_sl065,0.791800000000103,-0.2581999999998969,-0.9581999999998968,0,0,0,0,0.2581999999998969,17.99000000000001,4.889999999999873,0.30061349693252876,7.759999999999991,0.49742268041238813,5.2000000000000455,2.905000000000007,0.04,1.0,,,15,1,7.0,2022
2022-07-21 15:00:00+00:00|-1.0|handoff_align_follow_h15_tp06_sl065,2022-07-21 15:00:00+00:00,STAGE28A,data/reports/stage28a_discovery_factory_batch_runner/stage28a_exact_trades.csv,session_handoff_imbalance_v1,handoff_align_follow_h15_tp06_sl065,-1.9558250000000956,-3.0058250000000952,-3.705825000000095,0,0,0,0,3.0058250000000952,21.980000000000018,7.3400000000001455,0.5953678474114175,11.529999999999973,0.6131830008673184,4.210000000000036,3.9024999999999865,0.328,-1.0,,,15,3,7.0,2022
2022-07-25 15:00:00+00:00|1.0|handoff_align_follow_h15_tp06_sl065,2022-07-25 15:00:00+00:00,STAGE28A,data/reports/stage28a_discovery_factory_batch_runner/stage28a_exact_trades.csv,session_handoff_imbalance_v1,handoff_align_follow_h15_tp06_sl065,-1.9873499999999693,-3.0373499999999694,-3.737349999999969,0,0,0,0,3.0373499999999694,1.5700000000001637,8.950000000000045,0.13854748603351988,12.480000000000018,0.5993589743589749,5.789999999999964,3.8330000000000153,0.292,1.0,,,15,0,7.0,2022
2022-07-28 15:00:00+00:00|1.0|handoff_align_follow_h15_tp06_sl065,2022-07-28 15:00:00+00:00,STAGE28A,data/reports/stage28a_discovery_factory_batch_runner/stage28a_exact_trades.csv,session_handoff_imbalance_v1,handoff_align_follow_h15_tp06_sl065,1.1799999999999726,0.1299999999999728,-0.5700000000000269,1,0,0,0,0.1299999999999728,28.660000000000082,7.730000000000018,0.18111254851230113,13.089999999999918,0.32773109243697407,3.209999999999809,4.753499999999997,0.704,1.0,,,15,3,7.0,2022
2022-07-29 15:00:00+00:00|1.0|handoff_align_follow_h15_tp06_sl065,2022-07-29 15:00:00+00:00,STAGE28A,data/reports/stage28a_discovery_factory_batch_runner/stage28a_exact_trades.csv,session_handoff_imbalance_v1,handoff_align_follow_h15_tp06_sl065,1.2532000000000152,0.2032000000000153,-0.4967999999999843,1,0,1,0,0.2032000000000153,23.1400000000001,11.269999999999982,0.6752440106477295,11.579999999999927,0.22625215889465758,3.790000000000191,3.655499999999995,0.276,1.0,,,15,4,7.0,2022
2022-08-04 15:00:00+00:00|1.0|handoff_align_follow_h15_tp06_sl065,2022-08-04 15:00:00+00:00,STAGE28A,data/reports/stage28a_discovery_factory_batch_runner/stage28a_exact_trades.csv,session_handoff_imbalance_v1,handoff_align_follow_h15_tp06_sl065,-1.7176000000000389,-2.7676000000000385,-3.467600000000038,0,0,0,0,2.7676000000000385,18.460000000000036,8.320000000000164,0.889423076923043,11.079999999999927,0.8086642599278064,5.619999999999891,3.3335000000000266,0.064,1.0,,,15,3,8.0,2022
2022-08-15 15:00:00+00:00|-1.0|handoff_align_follow_h15_tp06_sl065,2022-08-15 15:00:00+00:00,STAGE28A,data/reports/stage28a_discovery_factory_batch_runner/stage28a_exact_trades.csv,session_handoff_imbalance_v1,handoff_align_follow_h15_tp06_sl065,1.1601999999999406,0.1101999999999407,-0.5898000000000589,1,0,0,0,0.1101999999999407,2.5799999999999272,8.339999999999918,0.5851318944844313,17.659999999999854,0.8969422423556086,5.4500000000000455,3.619500000000005,0.244,-1.0,,,15,0,8.0,2022
2022-08-18 15:00:00+00:00|1.0|handoff_align_follow_h15_tp06_sl065,2022-08-18 15:00:00+00:00,STAGE28A,data/reports/stage28a_discovery_factory_batch_runner/stage28a_exact_trades.csv,session_handoff_imbalance_v1,handoff_align_follow_h15_tp06_sl065,0.6697000000000571,-0.3802999999999428,-1.0802999999999423,0,0,0,0,0.3802999999999428,22.449999999999818,5.760000000000218,0.032986111111119334,8.139999999999873,0.7960687960688108,3.009999999999991,3.039999999999998,0.1,1.0,,,15,3,8.0,2022
2022-08-19 15:00:00+00:00|-1.0|handoff_align_follow_h15_tp06_sl065,2022-08-19 15:00:00+00:00,STAGE28A,data/reports/stage28a_discovery_factory_batch_runner/stage28a_exact_trades.csv,session_handoff_imbalance_v1,handoff_align_follow_h15_tp06_sl065,-1.5229250000000776,-2.5729250000000774,-3.272925000000077,0,0,0,0,2.5729250000000774,17.089999999999918,5.740000000000009,0.548780487804893,5.559999999999945,0.13129496402878155,3.6499999999998636,2.9304999999999723,0.068,-1.0,,,15,4,8.0,2022
2022-08-22 15:00:00+00:00|-1.0|handoff_align_follow_h15_tp06_sl065,2022-08-22 15:00:00+00:00,STAGE28A,data/reports/stage28a_discovery_factory_batch_runner/stage28a_exact_trades.csv,session_handoff_imbalance_v1,handoff_align_follow_h15_tp06_sl065,1.0879000000001269,0.037900000000127,-0.6620999999998727,1,0,0,0,0.037900000000127,3.1100000000001273,4.170000000000073,0.17266187050360066,14.790000000000191,0.6112237998647632,5.480000000000018,3.180000000000007,0.196,-1.0,,,15,0,8.0,2022
2022-08-23 15:00:00+00:00|1.0|handoff_align_follow_h15_tp06_sl065,2022-08-23 15:00:00+00:00,STAGE28A,data/reports/stage28a_discovery_factory_batch_runner/stage28a_exact_trades.csv,session_handoff_imbalance_v1,handoff_align_follow_h15_tp06_sl065,1.0165000000000872,-0.0334999999999126,-0.7334999999999123,0,0,0,0,0.0334999999999126,21.340000000000146,6.380000000000109,0.4247648902821301,9.120000000000118,0.10087719298246281,3.6299999999998818,2.9475000000000136,0.076,1.0,,,15,1,8.0,2022
2022-08-25 15:00:00+00:00|1.0|handoff_align_follow_h15_tp06_sl065,2022-08-25 15:00:00+00:00,STAGE28A,data/reports/stage28a_discovery_factory_batch_runner/stage28a_exact_trades.csv,session_handoff_imbalance_v1,handoff_align_follow_h15_tp06_sl065,0.8079999999999018,-0.2420000000000981,-0.942000000000098,0,0,0,0,0.2420000000000981,13.490000000000009,7.819999999999936,0.6598465473145647,9.720000000000027,0.7150205761316899,3.519999999999982,2.8159999999999967,0.032,1.0,,,15,3,8.0,2022
2022-08-29 15:00:00+00:00|-1.0|handoff_align_follow_h15_tp06_sl065,2022-08-29 15:00:00+00:00,STAGE28A,data/reports/stage28a_discovery_factory_batch_runner/stage28a_exact_trades.csv,session_handoff_imbalance_v1,handoff_align_follow_h15_tp06_sl065,0.9003999999998996,-0.1496000000001003,-0.8496000000001,0,0,0,0,0.1496000000001003,3.8599999999999,15.049999999999955,0.7495016611295685,5.519999999999982,0.24456521739132986,3.9400000000000546,4.042999999999973,0.792,-1.0,,,15,0,8.0,2022
2022-08-30 15:00:00+00:00|-1.0|handoff_align_follow_h15_tp06_sl065,2022-08-30 15:00:00+00:00,STAGE28A,data/reports/stage28a_discovery_factory_batch_runner/stage28a_exact_trades.csv,session_handoff_imbalance_v1,handoff_align_follow_h15_tp06_sl065,1.0152999999999337,-0.0347000000000661,-0.7347000000000659,0,0,0,0,0.0347000000000661,25.179999999999836,6.619999999999891,0.38670694864051586,8.840000000000146,0.07352941176468925,3.7799999999999727,3.0245000000000117,0.148,-1.0,,,15,1,8.0,2022
2022-09-01 15:00:00+00:00|-1.0|handoff_align_follow_h15_tp06_sl065,2022-09-01 15:00:00+00:00,STAGE28A,data/reports/stage28a_discovery_factory_batch_runner/stage28a_exact_trades.csv,session_handoff_imbalance_v1,handoff_align_follow_h15_tp06_sl065,-1.798525000000018,-2.8485250000000177,-3.548525000000017,0,0,0,0,2.8485250000000177,16.909999999999854,9.11999999999989,0.7225877192982453,8.200000000000045,0.14878048780488054,2.8299999999999272,3.8019999999999983,0.628,-1.0,,,15,3,9.0,2022
2022-09-02 15:00:00+00:00|1.0|handoff_align_follow_h15_tp06_sl065,2022-09-02 15:00:00+00:00,STAGE28A,data/reports/stage28a_discovery_factory_batch_runner/stage28a_exact_trades.csv,session_handoff_imbalance_v1,handoff_align_follow_h15_tp06_sl065,0.5257000000000517,-0.5242999999999483,-1.224299999999948,0,0,0,0,0.5242999999999483,22.61999999999989,5.330000000000155,0.7448405253283137,8.539999999999964,0.8723653395784368,2.3099999999999454,2.8430000000000177,0.016,1.0,,,15,4,9.0,2022
2022-09-09 15:00:00+00:00|1.0|handoff_align_follow_h15_tp06_sl065,2022-09-09 15:00:00+00:00,STAGE28A,data/reports/stage28a_discovery_factory_batch_runner/stage28a_exact_trades.csv,session_handoff_imbalance_v1,handoff_align_follow_h15_tp06_sl065,-2.031550000000016,-3.081550000000016,-3.7815500000000153,0,0,0,1,3.081550000000016,24.13000000000011,12.230000000000018,0.821749795584623,11.269999999999982,0.7080745341614935,8.589999999999918,3.567500000000007,0.296,1.0,,,15,4,9.0,2022
2022-09-15 15:00:00+00:00|-1.0|handoff_align_follow_h15_tp06_sl065,2022-09-15 15:00:00+00:00,STAGE28A,data/reports/stage28a_discovery_factory_batch_runner/stage28a_exact_trades.csv,session_handoff_imbalance_v1,handoff_align_follow_h15_tp06_sl065,0.9075999999999111,-0.1424000000000886,-0.8424000000000884,0,0,0,0,0.1424000000000886,13.440000000000055,7.509999999999991,0.6378162450066537,7.75,0.4141935483871015,3.240000000000009,3.1409999999999743,0.068,-1.0,,,15,3,9.0,2022
2022-09-19 15:00:00+00:00|-1.0|handoff_align_follow_h15_tp06_sl065,2022-09-19 15:00:00+00:00,STAGE28A,data/reports/stage28a_discovery_factory_batch_runner/stage28a_exact_trades.csv,session_handoff_imbalance_v1,handoff_align_follow_h15_tp06_sl065,-1.9763000000001285,-3.0263000000001283,-3.726300000000128,0,0,0,0,3.0263000000001283,4.819999999999936,11.710000000000036,0.7856532877882166,10.049999999999955,0.5353233830845677,5.310000000000173,3.86550000000002,0.34,-1.0,,,15,0,9.0,2022
2022-09-23 15:00:00+00:00|-1.0|handoff_align_follow_h15_tp06_sl065,2022-09-23 15:00:00+00:00,STAGE28A,data/reports/stage28a_discovery_factory_batch_runner/stage28a_exact_trades.csv,session_handoff_imbalance_v1,handoff_align_follow_h15_tp06_sl065,1.976500000000124,0.9265000000001238,0.226500000000124,1,1,1,0,0.9265000000001238,29.309999999999945,7.279999999999973,0.2967032967033091,21.38000000000011,0.5673526660430225,7.080000000000155,4.57750000000002,0.632,-1.0,,,15,4,9.0,2022
2022-09-27 15:00:00+00:00|1.0|handoff_align_follow_h15_tp06_sl065,2022-09-27 15:00:00+00:00,STAGE28A,data/reports/stage28a_discovery_factory_batch_runner/stage28a_exact_trades.csv,session_handoff_imbalance_v1,handoff_align_follow_h15_tp06_sl065,1.183000000000129,0.1330000000001292,-0.5669999999998705,1,0,0,0,0.1330000000001292,28.61999999999989,10.209999999999809,0.36924583741430483,9.63000000000011,0.1921079958463256,5.829999999999927,4.576499999999976,0.44,1.0,,,15,1,9.0,2022
2022-09-28 15:00:00+00:00|-1.0|handoff_align_follow_h15_tp06_sl065,2022-09-28 15:00:00+00:00,STAGE28A,data/reports/stage28a_discovery_factory_batch_runner/stage28a_exact_trades.csv,session_handoff_imbalance_v1,handoff_align_follow_h15_tp06_sl065,2.008600000000024,0.958600000000024,0.2586000000000243,1,1,1,0,0.958600000000024,19.6099999999999,7.720000000000027,0.6968911917098268,10.920000000000073,0.7225274725274768,7.819999999999936,4.660500000000013,0.496,-1.0,,,15,2,9.0,2022
2022-09-29 15:00:00+00:00|-1.0|handoff_align_follow_h15_tp06_sl065,2022-09-29 15:00:00+00:00,STAGE28A,data/reports/stage28a_discovery_factory_batch_runner/stage28a_exact_trades.csv,session_handoff_imbalance_v1,handoff_align_follow_h15_tp06_sl065,-2.154399999999987,-3.204399999999987,-3.9043999999999865,0,0,0,1,3.204399999999987,47.98000000000002,7.710000000000036,0.4137483787289286,13.070000000000164,0.5057383320581345,4.149999999999864,4.273000000000013,0.316,-1.0,,,15,3,9.0,2022
2022-10-03 15:00:00+00:00|-1.0|handoff_align_follow_h15_tp06_sl065,2022-10-03 15:00:00+00:00,STAGE28A,data/reports/stage28a_discovery_factory_batch_runner/stage28a_exact_trades.csv,session_handoff_imbalance_v1,handoff_align_follow_h15_tp06_sl065,-1.911300000000074,-2.9613000000000738,-3.6613000000000735,0,0,0,0,2.9613000000000738,4.540000000000191,8.75,0.07314285714286857,8.669999999999845,0.26758938869665255,3.1000000000001364,4.1045000000000185,0.228,-1.0,,,15,0,10.0,2022
2022-10-05 15:00:00+00:00|-1.0|handoff_align_follow_h15_tp06_sl065,2022-10-05 15:00:00+00:00,STAGE28A,data/reports/stage28a_discovery_factory_batch_runner/stage28a_exact_trades.csv,session_handoff_imbalance_v1,handoff_align_follow_h15_tp06_sl065,-2.532375000000093,-3.5823750000000927,-4.282375000000092,0,0,0,1,3.5823750000000927,34.200000000000045,8.230000000000018,0.7095990279465255,21.699999999999818,0.5949308755760456,7.920000000000073,5.011499999999967,0.408,-1.0,,,15,2,10.0,2022
2022-10-10 15:00:00+00:00|-1.0|handoff_align_follow_h15_tp06_sl065,2022-10-10 15:00:00+00:00,STAGE28A,data/reports/stage28a_discovery_factory_batch_runner/stage28a_exact_trades.csv,session_handoff_imbalance_v1,handoff_align_follow_h15_tp06_sl065,-2.2505999999999404,-3.30059999999994,-4.00059999999994,0,0,0,1,3.30059999999994,4.789999999999964,12.700000000000045,0.6787401574803039,11.519999999999982,0.7282986111111209,7.5,4.5134999999999765,0.276,-1.0,,,15,0,10.0,2022
2022-10-17 15:00:00+00:00|1.0|handoff_align_follow_h15_tp06_sl065,2022-10-17 15:00:00+00:00,STAGE28A,data/reports/stage28a_discovery_factory_batch_runner/stage28a_exact_trades.csv,session_handoff_imbalance_v1,handoff_align_follow_h15_tp06_sl065,1.0192000000000916,-0.0307999999999082,-0.730799999999908,0,0,0,0,0.0307999999999082,4.039999999999964,9.529999999999973,0.4952780692549885,9.61999999999989,0.7079002079002102,2.3299999999999272,4.057999999999981,0.104,1.0,,,15,0,10.0,2022
2022-10-19 15:00:00+00:00|-1.0|handoff_align_follow_h15_tp06_sl065,2022-10-19 15:00:00+00:00,STAGE28A,data/reports/stage28a_discovery_factory_batch_runner/stage28a_exact_trades.csv,session_handoff_imbalance_v1,handoff_align_follow_h15_tp06_sl065,1.276600000000053,0.2266000000000532,-0.4733999999999465,1,0,1,0,0.2266000000000532,15.049999999999955,5.379999999999882,0.6189591078067338,11.819999999999936,0.6142131979695457,3.7999999999999545,3.893499999999972,0.104,-1.0,,,15,2,10.0,2022
2022-10-21 15:00:00+00:00|-1.0|handoff_align_follow_h15_tp06_sl065,2022-10-21 15:00:00+00:00,STAGE28A,data/reports/stage28a_discovery_factory_batch_runner/stage28a_exact_trades.csv,session_handoff_imbalance_v1,handoff_align_follow_h15_tp06_sl065,-2.0773749999999382,-3.127374999999938,-3.827374999999938,0,0,0,1,3.127374999999938,23.12000000000012,7.769999999999982,0.653796653796646,10.059999999999945,0.37872763419482763,5.100000000000136,3.8849999999999794,0.132,-1.0,,,15,4,10.0,2022
2022-10-24 15:00:00+00:00|-1.0|handoff_align_follow_h15_tp06_sl065,2022-10-24 15:00:00+00:00,STAGE28A,data/reports/stage28a_discovery_factory_batch_runner/stage28a_exact_trades.csv,session_handoff_imbalance_v1,handoff_align_follow_h15_tp06_sl065,1.26850000000004,0.2185000000000401,-0.4814999999999596,1,0,1,0,0.2185000000000401,5.759999999999991,18.470000000000027,0.2793719545208363,14.289999999999964,0.33519944016794795,5.180000000000064,5.77650000000001,0.812,-1.0,,,15,0,10.0,2022
2022-10-25 15:00:00+00:00|-1.0|handoff_align_follow_h15_tp06_sl065,2022-10-25 15:00:00+00:00,STAGE28A,data/reports/stage28a_discovery_factory_batch_runner/stage28a_exact_trades.csv,session_handoff_imbalance_v1,handoff_align_follow_h15_tp06_sl065,1.0269999999999526,-0.0230000000000472,-0.7230000000000469,0,0,0,0,0.0230000000000472,26.539999999999964,7.680000000000064,0.032552083333333065,13.129999999999882,0.885757806549902,6.599999999999909,3.463500000000022,0.044,-1.0,,,15,1,10.0,2022
2022-10-26 15:00:00+00:00|1.0|handoff_align_follow_h15_tp06_sl065,2022-10-26 15:00:00+00:00,STAGE28A,data/reports/stage28a_discovery_factory_batch_runner/stage28a_exact_trades.csv,session_handoff_imbalance_v1,handoff_align_follow_h15_tp06_sl065,-1.8927749999998924,-2.942774999999892,-3.642774999999892,0,0,0,0,2.942774999999892,24.060000000000173,7.880000000000109,0.5862944162436329,19.779999999999973,0.6400404448938257,4.079999999999927,3.7610000000000015,0.096,1.0,,,15,2,10.0,2022
2022-10-27 15:00:00+00:00|-1.0|handoff_align_follow_h15_tp06_sl065,2022-10-27 15:00:00+00:00,STAGE28A,data/reports/stage28a_discovery_factory_batch_runner/stage28a_exact_trades.csv,session_handoff_imbalance_v1,handoff_align_follow_h15_tp06_sl065,-1.6483750000000783,-2.698375000000078,-3.398375000000078,0,0,0,0,2.698375000000078,25.180000000000064,8.439999999999827,0.06398104265402543,10.589999999999918,0.20774315391879722,3.1499999999998636,3.493499999999949,0.048,-1.0,,,15,3,10.0,2022
2022-11-01 15:00:00+00:00|1.0|handoff_align_follow_h15_tp06_sl065,2022-11-01 15:00:00+00:00,STAGE28A,data/reports/stage28a_discovery_factory_batch_runner/stage28a_exact_trades.csv,session_handoff_imbalance_v1,handoff_align_follow_h15_tp06_sl065,-1.7796750000000885,-2.8296750000000883,-3.529675000000088,0,0,0,0,2.8296750000000883,13.779999999999973,9.440000000000055,0.5889830508474484,15.150000000000091,0.8686468646864538,5.269999999999982,3.629500000000019,0.084,1.0,,,15,1,11.0,2022
2022-11-02 15:00:00+00:00|1.0|handoff_align_follow_h15_tp06_sl065,2022-11-02 15:00:00+00:00,STAGE28A,data/reports/stage28a_discovery_factory_batch_runner/stage28a_exact_trades.csv,session_handoff_imbalance_v1,handoff_align_follow_h15_tp06_sl065,-1.749775000000091,-2.7997750000000905,-3.4997750000000902,0,0,0,0,2.7997750000000905,26.399999999999864,7.350000000000136,0.31292517006801523,7.3599999999999,0.6983695652174144,5.009999999999991,3.0369999999999777,0.004,1.0,,,15,2,11.0,2022
2022-11-07 15:00:00+00:00|1.0|handoff_align_follow_h15_tp06_sl065,2022-11-07 15:00:00+00:00,STAGE28A,data/reports/stage28a_discovery_factory_batch_runner/stage28a_exact_trades.csv,session_handoff_imbalance_v1,handoff_align_follow_h15_tp06_sl065,0.9532000000000608,-0.0967999999999391,-0.7967999999999389,0,0,0,0,0.0967999999999391,7.900000000000091,9.809999999999945,0.019367991845061737,13.5,0.4274074074074229,3.3900000000001,4.3105000000000135,0.412,1.0,,,15,0,11.0,2022
2022-11-09 15:00:00+00:00|-1.0|handoff_align_follow_h15_tp06_sl065,2022-11-09 15:00:00+00:00,STAGE28A,data/reports/stage28a_discovery_factory_batch_runner/stage28a_exact_trades.csv,session_handoff_imbalance_v1,handoff_align_follow_h15_tp06_sl065,-1.806324999999879,-2.8563249999998788,-3.5563249999998785,0,0,0,0,2.8563249999998788,52.25,6.430000000000064,0.4790046656298793,11.860000000000127,0.023608768971329654,2.990000000000009,3.619500000000005,0.148,-1.0,,,15,2,11.0,2022
2022-11-11 15:00:00+00:00|1.0|handoff_align_follow_h15_tp06_sl065,2022-11-11 15:00:00+00:00,STAGE28A,data/reports/stage28a_discovery_factory_batch_runner/stage28a_exact_trades.csv,session_handoff_imbalance_v1,handoff_align_follow_h15_tp06_sl065,1.5175000000000636,0.4675000000000637,-0.2324999999999359,1,0,1,0,0.4675000000000637,53.33999999999992,7.350000000000136,0.11020408163264359,14.100000000000136,0.3702127659574452,5.009999999999991,5.37950000000003,0.788,1.0,,,15,4,11.0,2022
2022-11-14 15:00:00+00:00|-1.0|handoff_align_follow_h15_tp06_sl065,2022-11-14 15:00:00+00:00,STAGE28A,data/reports/stage28a_discovery_factory_batch_runner/stage28a_exact_trades.csv,session_handoff_imbalance_v1,handoff_align_follow_h15_tp06_sl065,-2.0578750000000583,-3.107875000000058,-3.807875000000058,0,0,0,1,3.107875000000058,5.449999999999818,7.4099999999998545,0.29689608636975184,11.839999999999918,0.317567567567569,6.509999999999991,4.1704999999999925,0.328,-1.0,,,15,0,11.0,2022
2022-11-15 15:00:00+00:00|1.0|handoff_align_follow_h15_tp06_sl065,2022-11-15 15:00:00+00:00,STAGE28A,data/reports/stage28a_discovery_factory_batch_runner/stage28a_exact_trades.csv,session_handoff_imbalance_v1,handoff_align_follow_h15_tp06_sl065,-1.878150000000096,-2.928150000000096,-3.628150000000096,0,0,0,0,2.928150000000096,21.77000000000021,5.259999999999991,0.26615969581750826,15.680000000000064,0.36926020408162885,3.439999999999827,4.000499999999988,0.232,1.0,,,15,1,11.0,2022
2022-11-18 15:00:00+00:00|1.0|handoff_align_follow_h15_tp06_sl065,2022-11-18 15:00:00+00:00,STAGE28A,data/reports/stage28a_discovery_factory_batch_runner/stage28a_exact_trades.csv,session_handoff_imbalance_v1,handoff_align_follow_h15_tp06_sl065,-1.7774000000000345,-2.827400000000034,-3.527400000000034,0,0,0,0,2.827400000000034,20.269999999999982,6.349999999999909,0.3889763779527658,6.980000000000018,0.37392550143264947,3.480000000000018,3.17800000000002,0.032,1.0,,,15,4,11.0,2022
2022-11-21 15:00:00+00:00|-1.0|handoff_align_follow_h15_tp06_sl065,2022-11-21 15:00:00+00:00,STAGE28A,data/reports/stage28a_discovery_factory_batch_runner/stage28a_exact_trades.csv,session_handoff_imbalance_v1,handoff_align_follow_h15_tp06_sl065,0.8455000000000382,-0.2044999999999617,-0.9044999999999614,0,0,0,0,0.2044999999999617,3.1299999999998818,9.099999999999909,0.6912087912087941,10.190000000000055,0.4249263984298461,1.9200000000000728,3.3620000000000116,0.064,-1.0,,,15,0,11.0,2022
2022-11-22 15:00:00+00:00|1.0|handoff_align_follow_h15_tp06_sl065,2022-11-22 15:00:00+00:00,STAGE28A,data/reports/stage28a_discovery_factory_batch_runner/stage28a_exact_trades.csv,session_handoff_imbalance_v1,handoff_align_follow_h15_tp06_sl065,0.794800000000032,-0.2551999999999679,-0.9551999999999676,0,0,0,0,0.2551999999999679,20.470000000000027,8.220000000000027,0.8004866180048547,8.079999999999927,0.11386138613862389,2.7200000000000273,3.3084999999999924,0.064,1.0,,,15,1,11.0,2022
2022-11-24 15:00:00+00:00|1.0|handoff_align_follow_h15_tp06_sl065,2022-11-24 15:00:00+00:00,STAGE28A,data/reports/stage28a_discovery_factory_batch_runner/stage28a_exact_trades.csv,session_handoff_imbalance_v1,handoff_align_follow_h15_tp06_sl065,-1.35262500000008,-2.40262500000008,-3.10262500000008,0,0,0,0,2.40262500000008,27.230000000000018,7.830000000000155,0.43550446998720144,6.160000000000082,0.07142857142857933,1.599999999999909,3.2164999999999964,0.052,1.0,,,15,3,11.0,2022
2022-11-28 15:00:00+00:00|1.0|handoff_align_follow_h15_tp06_sl065,2022-11-28 15:00:00+00:00,STAGE28A,data/reports/stage28a_discovery_factory_batch_runner/stage28a_exact_trades.csv,session_handoff_imbalance_v1,handoff_align_follow_h15_tp06_sl065,1.0044999999999162,-0.0455000000000835,-0.7455000000000833,0,0,0,0,0.0455000000000835,5.539999999999964,9.789999999999964,0.06230847803880513,15.220000000000027,0.6005256241787177,4.980000000000018,4.224499999999978,0.596,1.0,,,15,0,11.0,2022
2022-11-29 15:00:00+00:00|1.0|handoff_align_follow_h15_tp06_sl065,2022-11-29 15:00:00+00:00,STAGE28A,data/reports/stage28a_discovery_factory_batch_runner/stage28a_exact_trades.csv,session_handoff_imbalance_v1,handoff_align_follow_h15_tp06_sl065,0.9259000000000924,-0.1240999999999075,-0.8240999999999072,0,0,0,0,0.1240999999999075,24.059999999999945,14.629999999999882,0.8523581681476505,7.559999999999945,0.19312169312169933,4.439999999999827,3.4249999999999545,0.244,1.0,,,15,1,11.0,2022
2022-11-30 15:00:00+00:00|1.0|handoff_align_follow_h15_tp06_sl065,2022-11-30 15:00:00+00:00,STAGE28A,data/reports/stage28a_discovery_factory_batch_runner/stage28a_exact_trades.csv,session_handoff_imbalance_v1,handoff_align_follow_h15_tp06_sl065,0.8085999999999786,-0.2414000000000213,-0.9414000000000212,0,0,0,0,0.2414000000000213,19.48999999999978,7.899999999999864,0.6734177215190197,10.210000000000036,0.4338883447600216,2.980000000000018,2.8604999999999903,0.088,1.0,,,15,2,11.0,2022
2022-12-08 15:00:00+00:00|-1.0|handoff_align_follow_h15_tp06_sl065,2022-12-08 15:00:00+00:00,STAGE28A,data/reports/stage28a_discovery_factory_batch_runner/stage28a_exact_trades.csv,session_handoff_imbalance_v1,handoff_align_follow_h15_tp06_sl065,0.7333000000000084,-0.3166999999999915,-1.0166999999999913,0,0,0,0,0.3166999999999915,21.769999999999982,6.779999999999973,0.5176991150442485,5.3900000000001,0.03710575139143124,3.5599999999999454,3.200500000000011,0.128,-1.0,,,15,3,12.0,2022
2022-12-13 15:00:00+00:00|1.0|handoff_align_follow_h15_tp06_sl065,2022-12-13 15:00:00+00:00,STAGE28A,data/reports/stage28a_discovery_factory_batch_runner/stage28a_exact_trades.csv,session_handoff_imbalance_v1,handoff_align_follow_h15_tp06_sl065,0.7348000000000866,-0.3151999999999133,-1.015199999999913,0,0,0,0,0.3151999999999133,19.5,6.0900000000001455,0.08702791461411495,6.180000000000064,0.7508090614886448,3.4600000000000364,2.9400000000000546,0.012,1.0,,,15,1,12.0,2022
2022-12-14 15:00:00+00:00|-1.0|handoff_align_follow_h15_tp06_sl065,2022-12-14 15:00:00+00:00,STAGE28A,data/reports/stage28a_discovery_factory_batch_runner/stage28a_exact_trades.csv,session_handoff_imbalance_v1,handoff_align_follow_h15_tp06_sl065,0.8040999999999713,-0.2459000000000286,-0.9459000000000284,0,0,0,0,0.2459000000000286,44.50999999999999,4.470000000000027,0.1342281879194419,6.720000000000027,0.029761904761877574,3.2899999999999636,3.2640000000000327,0.076,-1.0,,,15,2,12.0,2022
2022-12-15 15:00:00+00:00|-1.0|handoff_align_follow_h15_tp06_sl065,2022-12-15 15:00:00+00:00,STAGE28A,data/reports/stage28a_discovery_factory_batch_runner/stage28a_exact_trades.csv,session_handoff_imbalance_v1,handoff_align_follow_h15_tp06_sl065,1.320699999999897,0.2706999999998971,-0.4293000000001026,1,0,1,0,0.2706999999998971,19.310000000000173,19.110000000000127,0.8707482993197154,22.519999999999982,0.6039076376554139,3.2200000000000273,5.426000000000045,0.888,-1.0,,,15,3,12.0,2022
2022-12-19 15:00:00+00:00|1.0|handoff_align_follow_h15_tp06_sl065,2022-12-19 15:00:00+00:00,STAGE28A,data/reports/stage28a_discovery_factory_batch_runner/stage28a_exact_trades.csv,session_handoff_imbalance_v1,handoff_align_follow_h15_tp06_sl065,0.6472000000000208,-0.4027999999999792,-1.102799999999979,0,0,0,0,0.4027999999999792,2.3400000000001455,5.970000000000027,0.32160804020101574,8.4699999999998,0.3471074380165436,2.3700000000001182,3.158000000000027,0.04,1.0,,,15,0,12.0,2022
2022-12-20 15:00:00+00:00|1.0|handoff_align_follow_h15_tp06_sl065,2022-12-20 15:00:00+00:00,STAGE28A,data/reports/stage28a_discovery_factory_batch_runner/stage28a_exact_trades.csv,session_handoff_imbalance_v1,handoff_align_follow_h15_tp06_sl065,1.259200000000101,0.2092000000001008,-0.4907999999998989,1,0,1,0,0.2092000000001008,15.0,11.589999999999918,0.2683347713546289,20.910000000000082,0.7723577235772371,9.799999999999955,4.232999999999981,0.592,1.0,,,15,1,12.0,2022
2022-12-21 15:00:00+00:00|-1.0|handoff_align_follow_h15_tp06_sl065,2022-12-21 15:00:00+00:00,STAGE28A,data/reports/stage28a_discovery_factory_batch_runner/stage28a_exact_trades.csv,session_handoff_imbalance_v1,handoff_align_follow_h15_tp06_sl065,0.6424000000000888,-0.4075999999999111,-1.1075999999999109,0,0,0,0,0.4075999999999111,36.52999999999997,6.380000000000109,0.49999999999996436,5.369999999999891,0.1787709497206808,2.6800000000000637,2.793500000000006,0.004,-1.0,,,15,2,12.0,2022
2022-12-23 15:00:00+00:00|1.0|handoff_align_follow_h15_tp06_sl065,2022-12-23 15:00:00+00:00,STAGE28A,data/reports/stage28a_discovery_factory_batch_runner/stage28a_exact_trades.csv,session_handoff_imbalance_v1,handoff_align_follow_h15_tp06_sl065,-1.4000750000001063,-2.450075000000106,-3.150075000000106,0,0,0,0,2.450075000000106,35.58999999999992,4.270000000000209,0.33255269320843167,4.830000000000155,0.780538302277404,2.150000000000091,3.135000000000025,0.076,1.0,,,15,4,12.0,2022
2022-12-27 15:00:00+00:00|1.0|handoff_align_follow_h15_tp06_sl065,2022-12-27 15:00:00+00:00,STAGE28A,data/reports/stage28a_discovery_factory_batch_runner/stage28a_exact_trades.csv,session_handoff_imbalance_v1,handoff_align_follow_h15_tp06_sl065,0.4288000000000466,-0.6211999999999533,-1.321199999999953,0,0,0,0,0.6211999999999533,4.339999999999918,6.7999999999999545,0.47205882352938683,6.039999999999964,0.6026490066225367,3.1700000000000728,2.9084999999999694,0.024,1.0,,,15,1,12.0,2022
2022-12-28 15:00:00+00:00|-1.0|handoff_align_follow_h15_tp06_sl065,2022-12-28 15:00:00+00:00,STAGE28A,data/reports/stage28a_discovery_factory_batch_runner/stage28a_exact_trades.csv,session_handoff_imbalance_v1,handoff_align_follow_h15_tp06_sl065,-1.6935500000000503,-2.74355000000005,-3.44355000000005,0,0,0,0,2.74355000000005,33.58999999999992,4.990000000000009,0.11422845691381468,12.950000000000045,0.7158301158301119,3.25,3.8654999999999973,0.432,-1.0,,,15,2,12.0,2022
2023-01-04 15:00:00+00:00|1.0|handoff_align_follow_h15_tp06_sl065,2023-01-04 15:00:00+00:00,STAGE28A,data/reports/stage28a_discovery_factory_batch_runner/stage28a_exact_trades.csv,session_handoff_imbalance_v1,handoff_align_follow_h15_tp06_sl065,1.19950000000008,0.1495000000000801,-0.5504999999999196,1,0,0,0,0.1495000000000801,26.210000000000036,12.019999999999982,0.8460898502495914,20.410000000000082,0.5982361587457122,7.399999999999864,4.155500000000006,0.628,1.0,,,15,2,1.0,2023
2023-01-05 15:00:00+00:00|-1.0|handoff_align_follow_h15_tp06_sl065,2023-01-05 15:00:00+00:00,STAGE28A,data/reports/stage28a_discovery_factory_batch_runner/stage28a_exact_trades.csv,session_handoff_imbalance_v1,handoff_align_follow_h15_tp06_sl065,-1.976950000000079,-3.026950000000079,-3.726950000000079,0,0,0,0,3.026950000000079,29.940000000000055,8.690000000000055,0.3107019562715798,11.779999999999973,0.25806451612902975,4.070000000000164,4.552500000000032,0.632,-1.0,,,15,3,1.0,2023
2023-01-10 15:00:00+00:00|1.0|handoff_align_follow_h15_tp06_sl065,2023-01-10 15:00:00+00:00,STAGE28A,data/reports/stage28a_discovery_factory_batch_runner/stage28a_exact_trades.csv,session_handoff_imbalance_v1,handoff_align_follow_h15_tp06_sl065,0.9223000000000866,-0.1276999999999133,-0.8276999999999131,0,0,0,0,0.1276999999999133,15.169999999999845,8.11999999999989,0.10467980295568323,6.699999999999818,0.5716417910447807,5.2999999999999545,3.8589999999999463,0.304,1.0,,,15,1,1.0,2023
2023-01-11 15:00:00+00:00|1.0|handoff_align_follow_h15_tp06_sl065,2023-01-11 15:00:00+00:00,STAGE28A,data/reports/stage28a_discovery_factory_batch_runner/stage28a_exact_trades.csv,session_handoff_imbalance_v1,handoff_align_follow_h15_tp06_sl065,-1.7387250000000225,-2.788725000000022,-3.488725000000022,0,0,0,0,2.788725000000022,12.879999999999882,6.419999999999845,0.09813084112151468,9.120000000000118,0.7565789473683963,7.580000000000155,3.610500000000002,0.188,1.0,,,15,2,1.0,2023
2023-01-17 15:00:00+00:00|-1.0|handoff_align_follow_h15_tp06_sl065,2023-01-17 15:00:00+00:00,STAGE28A,data/reports/stage28a_discovery_factory_batch_runner/stage28a_exact_trades.csv,session_handoff_imbalance_v1,handoff_align_follow_h15_tp06_sl065,-1.730924999999934,-2.7809249999999337,-3.480924999999933,0,0,0,0,2.7809249999999337,18.069999999999936,10.960000000000036,0.5875912408759154,9.029999999999973,0.5658914728682077,5.839999999999918,3.488500000000022,0.068,-1.0,,,15,1,1.0,2023
2023-01-19 15:00:00+00:00|1.0|handoff_align_follow_h15_tp06_sl065,2023-01-19 15:00:00+00:00,STAGE28A,data/reports/stage28a_discovery_factory_batch_runner/stage28a_exact_trades.csv,session_handoff_imbalance_v1,handoff_align_follow_h15_tp06_sl065,0.9372999999999592,-0.1127000000000406,-0.8127000000000404,0,0,0,0,0.1127000000000406,29.269999999999982,9.970000000000027,0.29388164493481,10.379999999999882,0.023121387283238135,3.9500000000000455,4.072999999999979,0.28,1.0,,,15,3,1.0,2023
2023-01-24 15:00:00+00:00|1.0|handoff_align_follow_h15_tp06_sl065,2023-01-24 15:00:00+00:00,STAGE28A,data/reports/stage28a_discovery_factory_batch_runner/stage28a_exact_trades.csv,session_handoff_imbalance_v1,handoff_align_follow_h15_tp06_sl065,-1.582400000000098,-2.6324000000000978,-3.332400000000097,0,0,0,0,2.6324000000000978,24.169999999999845,6.519999999999982,0.21012269938648692,9.960000000000036,0.5672690763052051,3.160000000000082,3.6474999999999795,0.1,1.0,,,15,1,1.0,2023
2023-01-25 15:00:00+00:00|-1.0|handoff_align_follow_h15_tp06_sl065,2023-01-25 15:00:00+00:00,STAGE28A,data/reports/stage28a_discovery_factory_batch_runner/stage28a_exact_trades.csv,session_handoff_imbalance_v1,handoff_align_follow_h15_tp06_sl065,-1.8362249999998768,-2.8862249999998766,-3.5862249999998763,0,0,0,0,2.8862249999998766,25.36999999999989,11.950000000000045,0.7104602510460232,11.019999999999982,0.2676950998184957,4.560000000000173,3.889999999999998,0.172,-1.0,,,15,2,1.0,2023
2023-01-26 15:00:00+00:00|-1.0|handoff_align_follow_h15_tp06_sl065,2023-01-26 15:00:00+00:00,STAGE28A,data/reports/stage28a_discovery_factory_batch_runner/stage28a_exact_trades.csv,session_handoff_imbalance_v1,handoff_align_follow_h15_tp06_sl065,1.0402000000000498,-0.00979999999995,-0.7097999999999498,0,0,0,0,0.00979999999995,28.659999999999854,6.610000000000127,0.2632375189107376,15.129999999999882,0.6549900859220198,2.9700000000000273,4.119000000000005,0.172,-1.0,,,15,3,1.0,2023
2023-01-31 15:00:00+00:00|-1.0|handoff_align_follow_h15_tp06_sl065,2023-01-31 15:00:00+00:00,STAGE28A,data/reports/stage28a_discovery_factory_batch_runner/stage28a_exact_trades.csv,session_handoff_imbalance_v1,handoff_align_follow_h15_tp06_sl065,1.2261999999999715,0.1761999999999717,-0.523800000000028,1,0,1,0,0.1761999999999717,13.839999999999918,8.539999999999964,0.2412177985948424,19.180000000000064,0.7987486965589214,11.919999999999845,4.061500000000012,0.144,-1.0,,,15,1,1.0,2023
2023-02-01 15:00:00+00:00|-1.0|handoff_align_follow_h15_tp06_sl065,2023-02-01 15:00:00+00:00,STAGE28A,data/reports/stage28a_discovery_factory_batch_runner/stage28a_exact_trades.csv,session_handoff_imbalance_v1,handoff_align_follow_h15_tp06_sl065,-1.5908500000001369,-2.6408500000001367,-3.3408500000001364,0,0,0,0,2.6408500000001367,30.279999999999973,4.25,0.3764705882353262,5.929999999999836,0.11973018549747994,3.6100000000001273,2.764499999999964,0.008,-1.0,,,15,2,2.0,2023
2023-02-02 15:00:00+00:00|1.0|handoff_align_follow_h15_tp06_sl065,2023-02-02 15:00:00+00:00,STAGE28A,data/reports/stage28a_discovery_factory_batch_runner/stage28a_exact_trades.csv,session_handoff_imbalance_v1,handoff_align_follow_h15_tp06_sl065,0.9246999999999388,-0.125300000000061,-0.8253000000000608,0,0,0,0,0.125300000000061,33.47000000000003,7.100000000000136,0.0408450704225293,8.519999999999982,0.08098591549296433,3.25,5.716500000000008,0.932,1.0,,,15,3,2.0,2023
2023-02-07 15:00:00+00:00|1.0|handoff_align_follow_h15_tp06_sl065,2023-02-07 15:00:00+00:00,STAGE28A,data/reports/stage28a_discovery_factory_batch_runner/stage28a_exact_trades.csv,session_handoff_imbalance_v1,handoff_align_follow_h15_tp06_sl065,1.3411000000000055,0.2911000000000059,-0.4088999999999938,1,0,1,0,0.2911000000000059,21.3900000000001,8.75,0.5234285714285631,6.900000000000091,0.17536231884054973,5.380000000000109,3.91099999999999,0.096,1.0,,,15,1,2.0,2023
2023-02-08 15:00:00+00:00|1.0|handoff_align_follow_h15_tp06_sl065,2023-02-08 15:00:00+00:00,STAGE28A,data/reports/stage28a_discovery_factory_batch_runner/stage28a_exact_trades.csv,session_handoff_imbalance_v1,handoff_align_follow_h15_tp06_sl065,1.1725000000000363,0.1225000000000364,-0.5774999999999633,1,0,0,0,0.1225000000000364,19.3599999999999,7.039999999999964,0.6022727272727316,13.2199999999998,0.2798789712556809,5.220000000000027,5.887999999999965,0.72,1.0,,,15,2,2.0,2023
2023-02-09 15:00:00+00:00|1.0|handoff_align_follow_h15_tp06_sl065,2023-02-09 15:00:00+00:00,STAGE28A,data/reports/stage28a_discovery_factory_batch_runner/stage28a_exact_trades.csv,session_handoff_imbalance_v1,handoff_align_follow_h15_tp06_sl065,-1.8238749999999075,-2.873874999999907,-3.573874999999907,0,0,0,0,2.873874999999907,17.3599999999999,8.25,0.5478787878787856,9.329999999999927,0.663451232583052,3.9099999999998545,3.416499999999985,0.028,1.0,,,15,3,2.0,2023
2023-02-13 15:00:00+00:00|-1.0|handoff_align_follow_h15_tp06_sl065,2023-02-13 15:00:00+00:00,STAGE28A,data/reports/stage28a_discovery_factory_batch_runner/stage28a_exact_trades.csv,session_handoff_imbalance_v1,handoff_align_follow_h15_tp06_sl065,-2.009125000000131,-3.059125000000131,-3.7591250000001306,0,0,0,0,3.059125000000131,2.6800000000000637,7.569999999999936,0.647291941875843,12.6400000000001,0.06170886075949102,3.6400000000001,3.953500000000008,0.108,-1.0,,,15,0,2.0,2023
2023-02-14 15:00:00+00:00|1.0|handoff_align_follow_h15_tp06_sl065,2023-02-14 15:00:00+00:00,STAGE28A,data/reports/stage28a_discovery_factory_batch_runner/stage28a_exact_trades.csv,session_handoff_imbalance_v1,handoff_align_follow_h15_tp06_sl065,1.0794999999999615,0.0294999999999618,-0.6705000000000378,1,0,0,0,0.0294999999999618,16.13000000000011,6.519999999999982,0.5920245398773218,7.099999999999909,0.12394366197181592,5.220000000000027,3.5875,0.064,1.0,,,15,1,2.0,2023
2023-02-15 15:00:00+00:00|-1.0|handoff_align_follow_h15_tp06_sl065,2023-02-15 15:00:00+00:00,STAGE28A,data/reports/stage28a_discovery_factory_batch_runner/stage28a_exact_trades.csv,session_handoff_imbalance_v1,handoff_align_follow_h15_tp06_sl065,1.1461000000000694,0.0961000000000695,-0.6038999999999302,1,0,0,0,0.0961000000000695,27.169999999999845,13.559999999999945,0.5243362831858355,16.019999999999982,0.7771535580524381,3.0,4.242999999999995,0.224,-1.0,,,15,2,2.0,2023
2023-02-17 15:00:00+00:00|-1.0|handoff_align_follow_h15_tp06_sl065,2023-02-17 15:00:00+00:00,STAGE28A,data/reports/stage28a_discovery_factory_batch_runner/stage28a_exact_trades.csv,session_handoff_imbalance_v1,handoff_align_follow_h15_tp06_sl065,1.1281000000000403,0.0781000000000404,-0.6218999999999593,1,0,0,0,0.0781000000000404,17.670000000000073,12.660000000000082,0.5979462875197383,9.319999999999936,0.3508583690987129,4.369999999999891,4.2934999999999945,0.244,-1.0,,,15,4,2.0,2023
2023-02-20 15:00:00+00:00|1.0|handoff_align_follow_h15_tp06_sl065,2023-02-20 15:00:00+00:00,STAGE28A,data/reports/stage28a_discovery_factory_batch_runner/stage28a_exact_trades.csv,session_handoff_imbalance_v1,handoff_align_follow_h15_tp06_sl065,0.6154000000000451,-0.4345999999999548,-1.1345999999999543,0,0,0,0,0.4345999999999548,3.3700000000001182,7.559999999999945,0.5052910052910006,6.3599999999999,0.1289308176100549,2.2200000000000273,2.9479999999999906,0.004,1.0,,,15,0,2.0,2023
2023-02-21 15:00:00+00:00|-1.0|handoff_align_follow_h15_tp06_sl065,2023-02-21 15:00:00+00:00,STAGE28A,data/reports/stage28a_discovery_factory_batch_runner/stage28a_exact_trades.csv,session_handoff_imbalance_v1,handoff_align_follow_h15_tp06_sl065,0.972400000000016,-0.0775999999999839,-0.7775999999999836,0,0,0,0,0.0775999999999839,10.169999999999845,6.710000000000036,0.3859910581222253,8.680000000000064,0.6831797235022803,4.029999999999973,2.7959999999999923,0.064,-1.0,,,15,1,2.0,2023
2023-02-27 15:00:00+00:00|-1.0|handoff_align_follow_h15_tp06_sl065,2023-02-27 15:00:00+00:00,STAGE28A,data/reports/stage28a_discovery_factory_batch_runner/stage28a_exact_trades.csv,session_handoff_imbalance_v1,handoff_align_follow_h15_tp06_sl065,-1.5044000000001234,-2.5544000000001232,-3.254400000000123,0,0,0,0,2.5544000000001232,3.119999999999891,7.599999999999909,0.32763157894737355,6.600000000000136,0.20151515151513633,3.259999999999991,3.158499999999992,0.104,-1.0,,,15,0,2.0,2023
2023-02-28 15:00:00+00:00|-1.0|handoff_align_follow_h15_tp06_sl065,2023-02-28 15:00:00+00:00,STAGE28A,data/reports/stage28a_discovery_factory_batch_runner/stage28a_exact_trades.csv,session_handoff_imbalance_v1,handoff_align_follow_h15_tp06_sl065,0.84399999999996,-0.2060000000000399,-0.9060000000000396,0,0,0,0,0.2060000000000399,13.549999999999955,5.6099999999999,0.5008912655971877,12.400000000000091,0.438709677419356,2.0,3.0235000000000127,0.104,-1.0,,,15,1,2.0,2023
2023-03-01 15:00:00+00:00|1.0|handoff_align_follow_h15_tp06_sl065,2023-03-01 15:00:00+00:00,STAGE28A,data/reports/stage28a_discovery_factory_batch_runner/stage28a_exact_trades.csv,session_handoff_imbalance_v1,handoff_align_follow_h15_tp06_sl065,1.1685999999998784,0.1185999999998785,-0.5814000000001212,1,0,0,0,0.1185999999998785,26.559999999999945,8.710000000000036,0.5051664753157373,8.179999999999836,0.6002444987775003,6.1099999999999,3.708499999999958,0.312,1.0,,,15,2,3.0,2023
2023-03-02 15:00:00+00:00|-1.0|handoff_align_follow_h15_tp06_sl065,2023-03-02 15:00:00+00:00,STAGE28A,data/reports/stage28a_discovery_factory_batch_runner/stage28a_exact_trades.csv,session_handoff_imbalance_v1,handoff_align_follow_h15_tp06_sl065,0.9334000000000288,-0.1165999999999711,-0.8165999999999709,0,0,0,0,0.1165999999999711,21.450000000000045,7.440000000000055,0.29301075268817844,5.220000000000027,0.5363984674329387,6.569999999999936,3.144499999999982,0.128,-1.0,,,15,3,3.0,2023
2023-03-03 15:00:00+00:00|1.0|handoff_align_follow_h15_tp06_sl065,2023-03-03 15:00:00+00:00,STAGE28A,data/reports/stage28a_discovery_factory_batch_runner/stage28a_exact_trades.csv,session_handoff_imbalance_v1,handoff_align_follow_h15_tp06_sl065,-1.5248749999999291,-2.574874999999929,-3.2748749999999287,0,0,0,0,2.574874999999929,8.949999999999818,6.009999999999991,0.09816971713812753,9.990000000000009,0.8508508508508501,4.099999999999909,2.9114999999999895,0.076,1.0,,,15,4,3.0,2023
2023-03-13 15:00:00+00:00|1.0|handoff_align_follow_h15_tp06_sl065,2023-03-13 15:00:00+00:00,STAGE28A,data/reports/stage28a_discovery_factory_batch_runner/stage28a_exact_trades.csv,session_handoff_imbalance_v1,handoff_align_follow_h15_tp06_sl065,-3.363400000000047,-4.413400000000047,-5.113400000000047,0,0,0,1,4.413400000000047,22.169999999999845,22.169999999999845,0.43031123139377675,22.269999999999982,0.11899416255052057,15.5,9.898499999999967,0.972,1.0,,,15,0,3.0,2023
2023-03-14 15:00:00+00:00|-1.0|handoff_align_follow_h15_tp06_sl065,2023-03-14 15:00:00+00:00,STAGE28A,data/reports/stage28a_discovery_factory_batch_runner/stage28a_exact_trades.csv,session_handoff_imbalance_v1,handoff_align_follow_h15_tp06_sl065,1.6548999999999068,0.604899999999907,-0.0951000000000927,1,0,1,0,0.604899999999907,43.12999999999988,12.549999999999955,0.7274900398406307,12.61999999999989,0.03328050713152528,13.549999999999955,5.146500000000003,0.824,-1.0,,,15,1,3.0,2023
2023-03-15 15:00:00+00:00|-1.0|handoff_align_follow_h15_tp06_sl065,2023-03-15 15:00:00+00:00,STAGE28A,data/reports/stage28a_discovery_factory_batch_runner/stage28a_exact_trades.csv,session_handoff_imbalance_v1,handoff_align_follow_h15_tp06_sl065,2.957800000000043,1.907800000000043,1.2078000000000433,1,1,1,0,1.907800000000043,18.75,5.6599999999998545,0.24558303886924177,24.029999999999973,0.28381190178942756,13.199999999999818,5.568999999999994,0.78,-1.0,,,15,2,3.0,2023
2023-03-17 15:00:00+00:00|1.0|handoff_align_follow_h15_tp06_sl065,2023-03-17 15:00:00+00:00,STAGE28A,data/reports/stage28a_discovery_factory_batch_runner/stage28a_exact_trades.csv,session_handoff_imbalance_v1,handoff_align_follow_h15_tp06_sl065,-2.211274999999978,-3.2612749999999777,-3.9612749999999775,0,0,0,1,3.2612749999999777,25.8599999999999,12.769999999999982,0.8300704776820792,6.980000000000018,0.04154727793695743,11.11999999999989,4.507999999999958,0.532,1.0,,,15,4,3.0,2023
2023-03-23 15:00:00+00:00|1.0|handoff_align_follow_h15_tp06_sl065,2023-03-23 15:00:00+00:00,STAGE28A,data/reports/stage28a_discovery_factory_batch_runner/stage28a_exact_trades.csv,session_handoff_imbalance_v1,handoff_align_follow_h15_tp06_sl065,-2.530749999999989,-3.580749999999989,-4.280749999999989,0,0,0,1,3.580749999999989,44.49000000000001,13.700000000000045,0.5751824817518143,9.3599999999999,0.01816239316240113,13.819999999999936,7.9669999999999845,0.716,1.0,,,15,3,3.0,2023
2023-03-24 15:00:00+00:00|1.0|handoff_align_follow_h15_tp06_sl065,2023-03-24 15:00:00+00:00,STAGE28A,data/reports/stage28a_discovery_factory_batch_runner/stage28a_exact_trades.csv,session_handoff_imbalance_v1,handoff_align_follow_h15_tp06_sl065,-3.044250000000011,-4.094250000000011,-4.794250000000011,0,0,0,1,4.094250000000011,38.76999999999998,5.119999999999891,0.011718750000034,19.029999999999973,0.026799789805569713,9.810000000000173,6.089499999999987,0.356,1.0,,,15,4,3.0,2023
2023-03-29 15:00:00+00:00|-1.0|handoff_align_follow_h15_tp06_sl065,2023-03-29 15:00:00+00:00,STAGE28A,data/reports/stage28a_discovery_factory_batch_runner/stage28a_exact_trades.csv,session_handoff_imbalance_v1,handoff_align_follow_h15_tp06_sl065,-1.9756499999999504,-3.0256499999999504,-3.72564999999995,0,0,0,0,3.0256499999999504,26.100000000000136,8.519999999999982,0.7500000000000133,10.220000000000027,0.07827788649705993,5.279999999999973,3.640999999999997,0.008,-1.0,,,15,2,3.0,2023
2023-04-05 15:00:00+00:00|1.0|handoff_align_follow_h15_tp06_sl065,2023-04-05 15:00:00+00:00,STAGE28A,data/reports/stage28a_discovery_factory_batch_runner/stage28a_exact_trades.csv,session_handoff_imbalance_v1,handoff_align_follow_h15_tp06_sl065,0.9003999999998996,-0.1496000000001003,-0.8496000000001,0,0,0,0,0.1496000000001003,48.01999999999998,5.910000000000082,0.4027072758037354,6.6099999999999,0.22541603630862808,3.0,3.2090000000000147,0.004,1.0,,,15,2,4.0,2023
2023-04-11 15:00:00+00:00|1.0|handoff_align_follow_h15_tp06_sl065,2023-04-11 15:00:00+00:00,STAGE28A,data/reports/stage28a_discovery_factory_batch_runner/stage28a_exact_trades.csv,session_handoff_imbalance_v1,handoff_align_follow_h15_tp06_sl065,-1.7185749999999644,-2.7685749999999643,-3.468574999999964,0,0,0,0,2.7685749999999643,24.860000000000127,9.349999999999909,0.6588235294117799,10.100000000000136,0.6920792079207836,4.990000000000009,3.3284999999999743,0.012,1.0,,,15,1,4.0,2023
2023-04-13 15:00:00+00:00|1.0|handoff_align_follow_h15_tp06_sl065,2023-04-13 15:00:00+00:00,STAGE28A,data/reports/stage28a_discovery_factory_batch_runner/stage28a_exact_trades.csv,session_handoff_imbalance_v1,handoff_align_follow_h15_tp06_sl065,0.7686999999999898,-0.2813000000000101,-0.9813000000000098,0,0,0,0,0.2813000000000101,27.13000000000011,6.1400000000001,0.3697068403908705,13.950000000000045,0.6566308243727635,3.209999999999809,3.780499999999961,0.124,1.0,,,15,3,4.0,2023
2023-04-17 15:00:00+00:00|1.0|handoff_align_follow_h15_tp06_sl065,2023-04-17 15:00:00+00:00,STAGE28A,data/reports/stage28a_discovery_factory_batch_runner/stage28a_exact_trades.csv,session_handoff_imbalance_v1,handoff_align_follow_h15_tp06_sl065,0.9570999999999912,-0.0929000000000086,-0.7929000000000084,0,0,0,0,0.0929000000000086,7.0,10.759999999999991,0.30669144981412244,11.329999999999927,0.5216240070608907,5.220000000000027,4.668999999999994,0.336,1.0,,,15,0,4.0,2023
2023-04-18 15:00:00+00:00|1.0|handoff_align_follow_h15_tp06_sl065,2023-04-18 15:00:00+00:00,STAGE28A,data/reports/stage28a_discovery_factory_batch_runner/stage28a_exact_trades.csv,session_handoff_imbalance_v1,handoff_align_follow_h15_tp06_sl065,-1.6786000000000514,-2.728600000000051,-3.428600000000051,0,0,0,0,2.728600000000051,33.8900000000001,8.5,0.6588235294117808,8.699999999999818,0.10919540229885809,2.0,3.3544999999999616,0.02,1.0,,,15,1,4.0,2023
2023-04-19 15:00:00+00:00|-1.0|handoff_align_follow_h15_tp06_sl065,2023-04-19 15:00:00+00:00,STAGE28A,data/reports/stage28a_discovery_factory_batch_runner/stage28a_exact_trades.csv,session_handoff_imbalance_v1,handoff_align_follow_h15_tp06_sl065,1.7199999999999362,0.6699999999999364,-0.0300000000000633,1,0,1,0,0.6699999999999364,20.6099999999999,6.189999999999827,0.34087237479809146,31.710000000000036,0.9274676758120481,3.9699999999998,4.550999999999988,0.348,-1.0,,,15,2,4.0,2023
2023-04-21 15:00:00+00:00|-1.0|handoff_align_follow_h15_tp06_sl065,2023-04-21 15:00:00+00:00,STAGE28A,data/reports/stage28a_discovery_factory_batch_runner/stage28a_exact_trades.csv,session_handoff_imbalance_v1,handoff_align_follow_h15_tp06_sl065,-2.300325000000021,-3.3503250000000206,-4.05032500000002,0,0,0,1,3.3503250000000206,21.839999999999918,4.940000000000055,0.5161943319837907,20.37999999999988,0.7850834151128603,3.759999999999991,4.497000000000037,0.312,-1.0,,,15,4,4.0,2023
2023-05-01 15:00:00+00:00|-1.0|handoff_align_follow_h15_tp06_sl065,2023-05-01 15:00:00+00:00,STAGE28A,data/reports/stage28a_discovery_factory_batch_runner/stage28a_exact_trades.csv,session_handoff_imbalance_v1,handoff_align_follow_h15_tp06_sl065,0.9214000000000852,-0.1285999999999147,-0.8285999999999145,0,0,0,0,0.1285999999999147,3.2999999999999545,11.25,0.5164444444444396,9.319999999999936,0.14377682403432696,3.050000000000182,3.558500000000026,0.028,-1.0,,,15,0,5.0,2023
2023-05-02 15:00:00+00:00|-1.0|handoff_align_follow_h15_tp06_sl065,2023-05-02 15:00:00+00:00,STAGE28A,data/reports/stage28a_discovery_factory_batch_runner/stage28a_exact_trades.csv,session_handoff_imbalance_v1,handoff_align_follow_h15_tp06_sl065,0.9048999999999068,-0.145100000000093,-0.8451000000000928,0,0,0,0,0.145100000000093,28.960000000000036,4.459999999999809,0.12556053811658507,7.899999999999864,0.25949367088607467,4.3599999999999,3.2024999999999637,0.004,-1.0,,,15,1,5.0,2023
2023-05-04 15:00:00+00:00|-1.0|handoff_align_follow_h15_tp06_sl065,2023-05-04 15:00:00+00:00,STAGE28A,data/reports/stage28a_discovery_factory_batch_runner/stage28a_exact_trades.csv,session_handoff_imbalance_v1,handoff_align_follow_h15_tp06_sl065,-2.014649999999938,-3.0646499999999377,-3.7646499999999374,0,0,0,0,3.0646499999999377,50.37000000000012,39.94999999999982,0.3902377972465636,14.970000000000027,0.2077488309953169,5.220000000000027,8.810000000000025,0.968,-1.0,,,15,3,5.0,2023
2023-05-09 15:00:00+00:00|1.0|handoff_align_follow_h15_tp06_sl065,2023-05-09 15:00:00+00:00,STAGE28A,data/reports/stage28a_discovery_factory_batch_runner/stage28a_exact_trades.csv,session_handoff_imbalance_v1,handoff_align_follow_h15_tp06_sl065,-1.5154499999999644,-2.5654499999999643,-3.265449999999964,0,0,0,0,2.5654499999999643,15.129999999999882,5.400000000000091,0.4944444444444075,7.330000000000155,0.46248294679400115,2.2200000000000273,2.987500000000023,0.008,1.0,,,15,1,5.0,2023
2023-05-10 15:00:00+00:00|-1.0|handoff_align_follow_h15_tp06_sl065,2023-05-10 15:00:00+00:00,STAGE28A,data/reports/stage28a_discovery_factory_batch_runner/stage28a_exact_trades.csv,session_handoff_imbalance_v1,handoff_align_follow_h15_tp06_sl065,-1.477424999999903,-2.5274249999999028,-3.2274249999999025,0,0,0,0,2.5274249999999028,18.029999999999973,7.679999999999836,0.5572916666667046,6.680000000000064,0.39371257485027794,3.4500000000000455,3.1920000000000073,0.032,-1.0,,,15,2,5.0,2023
2023-05-12 15:00:00+00:00|-1.0|handoff_align_follow_h15_tp06_sl065,2023-05-12 15:00:00+00:00,STAGE28A,data/reports/stage28a_discovery_factory_batch_runner/stage28a_exact_trades.csv,session_handoff_imbalance_v1,handoff_align_follow_h15_tp06_sl065,1.1112999999999371,0.0612999999999375,-0.6387000000000622,1,0,0,0,0.0612999999999375,30.1400000000001,8.960000000000036,0.4832589285714185,11.710000000000036,0.7532023911186941,3.519999999999982,3.501499999999987,0.144,-1.0,,,15,4,5.0,2023
2023-05-15 15:00:00+00:00|1.0|handoff_align_follow_h15_tp06_sl065,2023-05-15 15:00:00+00:00,STAGE28A,data/reports/stage28a_discovery_factory_batch_runner/stage28a_exact_trades.csv,session_handoff_imbalance_v1,handoff_align_follow_h15_tp06_sl065,0.7369000000000142,-0.3130999999999857,-1.0130999999999857,0,0,0,0,0.3130999999999857,4.789999999999964,11.710000000000036,0.2613151152860748,7.720000000000027,0.3121761658031183,3.880000000000109,3.5340000000000034,0.156,1.0,,,15,0,5.0,2023
2023-05-18 15:00:00+00:00|-1.0|handoff_align_follow_h15_tp06_sl065,2023-05-18 15:00:00+00:00,STAGE28A,data/reports/stage28a_discovery_factory_batch_runner/stage28a_exact_trades.csv,session_handoff_imbalance_v1,handoff_align_follow_h15_tp06_sl065,-1.672750000000042,-2.7227500000000417,-3.422750000000041,0,0,0,0,2.7227500000000417,17.950000000000045,5.4099999999998545,0.13308687615523462,10.519999999999982,0.4591254752851866,3.259999999999991,2.960500000000013,0.008,-1.0,,,15,3,5.0,2023
2023-05-19 15:00:00+00:00|1.0|handoff_align_follow_h15_tp06_sl065,2023-05-19 15:00:00+00:00,STAGE28A,data/reports/stage28a_discovery_factory_batch_runner/stage28a_exact_trades.csv,session_handoff_imbalance_v1,handoff_align_follow_h15_tp06_sl065,-1.6152250000001005,-2.6652250000001003,-3.3652250000001,0,0,0,0,2.6652250000001003,33.97999999999979,9.659999999999854,0.4906832298136729,8.100000000000136,0.5469135802469123,3.5599999999999454,3.407499999999982,0.124,1.0,,,15,4,5.0,2023
2023-05-23 15:00:00+00:00|-1.0|handoff_align_follow_h15_tp06_sl065,2023-05-23 15:00:00+00:00,STAGE28A,data/reports/stage28a_discovery_factory_batch_runner/stage28a_exact_trades.csv,session_handoff_imbalance_v1,handoff_align_follow_h15_tp06_sl065,1.0062999999999191,-0.0437000000000806,-0.7437000000000804,0,0,0,0,0.0437000000000806,13.670000000000073,12.319999999999936,0.6915584415584437,10.339999999999918,0.5483558994197406,2.9400000000000546,3.8719999999999914,0.36,-1.0,,,15,1,5.0,2023
2023-05-24 15:00:00+00:00|-1.0|handoff_align_follow_h15_tp06_sl065,2023-05-24 15:00:00+00:00,STAGE28A,data/reports/stage28a_discovery_factory_batch_runner/stage28a_exact_trades.csv,session_handoff_imbalance_v1,handoff_align_follow_h15_tp06_sl065,-1.8053499999999527,-2.855349999999953,-3.5553499999999527,0,0,0,0,2.855349999999953,23.449999999999818,4.529999999999973,0.0883002207505223,9.820000000000164,0.036659877800396534,5.789999999999964,3.7469999999999914,0.2,-1.0,,,15,2,5.0,2023
2023-05-26 15:00:00+00:00|1.0|handoff_align_follow_h15_tp06_sl065,2023-05-26 15:00:00+00:00,STAGE28A,data/reports/stage28a_discovery_factory_batch_runner/stage28a_exact_trades.csv,session_handoff_imbalance_v1,handoff_align_follow_h15_tp06_sl065,-1.5463250000001154,-2.5963250000001152,-3.296325000000115,0,0,0,0,2.5963250000001152,25.910000000000082,12.120000000000118,0.5140264026402606,10.289999999999964,0.5053449951409197,2.730000000000018,3.570999999999992,0.104,1.0,,,15,4,5.0,2023
2023-05-31 15:00:00+00:00|-1.0|handoff_align_follow_h15_tp06_sl065,2023-05-31 15:00:00+00:00,STAGE28A,data/reports/stage28a_discovery_factory_batch_runner/stage28a_exact_trades.csv,session_handoff_imbalance_v1,handoff_align_follow_h15_tp06_sl065,0.8901999999999589,-0.159800000000041,-0.8598000000000408,0,0,0,0,0.159800000000041,31.529999999999973,6.8400000000001455,0.07748538011695343,10.319999999999936,0.06395348837210135,3.8099999999999454,3.3725000000000023,0.116,-1.0,,,15,2,5.0,2023
2023-06-01 15:00:00+00:00|-1.0|handoff_align_follow_h15_tp06_sl065,2023-06-01 15:00:00+00:00,STAGE28A,data/reports/stage28a_discovery_factory_batch_runner/stage28a_exact_trades.csv,session_handoff_imbalance_v1,handoff_align_follow_h15_tp06_sl065,-1.5456749999999375,-2.5956749999999373,-3.295674999999937,0,0,0,0,2.5956749999999373,21.13000000000011,5.470000000000027,0.40036563071298786,12.440000000000055,0.31511254019291224,2.1299999999998818,3.5115000000000123,0.136,-1.0,,,15,3,6.0,2023
2023-06-05 15:00:00+00:00|-1.0|handoff_align_follow_h15_tp06_sl065,2023-06-05 15:00:00+00:00,STAGE28A,data/reports/stage28a_discovery_factory_batch_runner/stage28a_exact_trades.csv,session_handoff_imbalance_v1,handoff_align_follow_h15_tp06_sl065,1.0341999999999645,-0.0158000000000355,-0.7158000000000353,0,0,0,0,0.0158000000000355,3.5399999999999636,6.1099999999999,0.2929623567921429,8.799999999999955,0.2590909090909073,5.839999999999918,3.954499999999996,0.268,-1.0,,,15,0,6.0,2023
2023-06-07 15:00:00+00:00|-1.0|handoff_align_follow_h15_tp06_sl065,2023-06-07 15:00:00+00:00,STAGE28A,data/reports/stage28a_discovery_factory_batch_runner/stage28a_exact_trades.csv,session_handoff_imbalance_v1,handoff_align_follow_h15_tp06_sl065,0.737500000000091,-0.3124999999999089,-1.0124999999999087,0,0,0,0,0.3124999999999089,11.980000000000018,3.9199999999998454,0.08673469387753356,10.009999999999991,0.11288711288712389,4.350000000000136,2.8309999999999946,0.064,-1.0,,,15,2,6.0,2023
2023-06-08 15:00:00+00:00|1.0|handoff_align_follow_h15_tp06_sl065,2023-06-08 15:00:00+00:00,STAGE28A,data/reports/stage28a_discovery_factory_batch_runner/stage28a_exact_trades.csv,session_handoff_imbalance_v1,handoff_align_follow_h15_tp06_sl065,0.6609999999999673,-0.3890000000000326,-1.0890000000000324,0,0,0,0,0.3890000000000326,30.329999999999927,7.440000000000055,0.5349462365591383,6.319999999999936,0.011075949367078645,2.9200000000000728,3.092000000000007,0.116,1.0,,,15,3,6.0,2023
2023-06-09 15:00:00+00:00|-1.0|handoff_align_follow_h15_tp06_sl065,2023-06-09 15:00:00+00:00,STAGE28A,data/reports/stage28a_discovery_factory_batch_runner/stage28a_exact_trades.csv,session_handoff_imbalance_v1,handoff_align_follow_h15_tp06_sl065,0.6330999999999222,-0.4169000000000777,-1.1169000000000775,0,0,0,0,0.4169000000000777,30.90000000000009,3.25,0.7046153846153734,5.440000000000055,0.34191176470590234,3.869999999999891,2.3080000000000043,0.02,-1.0,,,15,4,6.0,2023
2023-06-13 15:00:00+00:00|1.0|handoff_align_follow_h15_tp06_sl065,2023-06-13 15:00:00+00:00,STAGE28A,data/reports/stage28a_discovery_factory_batch_runner/stage28a_exact_trades.csv,session_handoff_imbalance_v1,handoff_align_follow_h15_tp06_sl065,0.562900000000036,-0.4870999999999639,-1.1870999999999636,0,0,0,0,0.4870999999999639,17.7800000000002,6.210000000000036,0.6070853462157745,7.149999999999864,0.1706293706293777,2.7000000000000455,2.941499999999974,0.076,1.0,,,15,1,6.0,2023
2023-06-14 15:00:00+00:00|1.0|handoff_align_follow_h15_tp06_sl065,2023-06-14 15:00:00+00:00,STAGE28A,data/reports/stage28a_discovery_factory_batch_runner/stage28a_exact_trades.csv,session_handoff_imbalance_v1,handoff_align_follow_h15_tp06_sl065,-1.428999999999951,-2.478999999999951,-3.1789999999999505,0,0,0,0,2.478999999999951,30.730000000000018,7.240000000000009,0.7223756906077364,7.639999999999873,0.2683246073298414,2.2999999999999545,3.0800000000000067,0.08,1.0,,,15,2,6.0,2023
2023-06-15 15:00:00+00:00|-1.0|handoff_align_follow_h15_tp06_sl065,2023-06-15 15:00:00+00:00,STAGE28A,data/reports/stage28a_discovery_factory_batch_runner/stage28a_exact_trades.csv,session_handoff_imbalance_v1,handoff_align_follow_h15_tp06_sl065,-1.857350000000088,-2.907350000000088,-3.6073500000000873,0,0,0,0,2.907350000000088,20.580000000000155,12.930000000000064,0.713070378963649,10.7800000000002,0.09090909090909091,6.029999999999973,5.2219999999999915,0.972,-1.0,,,15,3,6.0,2023
2023-06-22 15:00:00+00:00|-1.0|handoff_align_follow_h15_tp06_sl065,2023-06-22 15:00:00+00:00,STAGE28A,data/reports/stage28a_discovery_factory_batch_runner/stage28a_exact_trades.csv,session_handoff_imbalance_v1,handoff_align_follow_h15_tp06_sl065,0.9523000000000592,-0.0976999999999406,-0.7976999999999403,0,0,0,0,0.0976999999999406,20.25,3.459999999999809,0.2687861271676633,8.180000000000064,0.46210268948654565,4.490000000000009,3.0609999999999786,0.176,-1.0,,,15,3,6.0,2023
2023-06-26 15:00:00+00:00|1.0|handoff_align_follow_h15_tp06_sl065,2023-06-26 15:00:00+00:00,STAGE28A,data/reports/stage28a_discovery_factory_batch_runner/stage28a_exact_trades.csv,session_handoff_imbalance_v1,handoff_align_follow_h15_tp06_sl065,-1.3776499999999945,-2.427649999999994,-3.127649999999994,0,0,0,0,2.427649999999994,3.490000000000009,5.870000000000118,0.12776831345825979,11.200000000000045,0.3928571428571494,1.4100000000000819,3.081999999999982,0.168,1.0,,,15,0,6.0,2023
2023-07-03 15:00:00+00:00|-1.0|handoff_align_follow_h15_tp06_sl065,2023-07-03 15:00:00+00:00,STAGE28A,data/reports/stage28a_discovery_factory_batch_runner/stage28a_exact_trades.csv,session_handoff_imbalance_v1,handoff_align_follow_h15_tp06_sl065,0.6075999999999567,-0.4424000000000432,-1.142400000000043,0,0,0,0,0.4424000000000432,1.1800000000000637,4.940000000000055,0.18825910931170567,10.5,0.4961904761904797,2.410000000000082,2.7965000000000146,0.056,-1.0,,,15,0,7.0,2023
2023-07-04 15:00:00+00:00|1.0|handoff_align_follow_h15_tp06_sl065,2023-07-04 15:00:00+00:00,STAGE28A,data/reports/stage28a_discovery_factory_batch_runner/stage28a_exact_trades.csv,session_handoff_imbalance_v1,handoff_align_follow_h15_tp06_sl065,-1.2235999999998968,-2.2735999999998966,-2.9735999999998963,0,0,0,0,2.2735999999998966,20.950000000000045,3.6399999999998727,0.4807692307692476,7.9099999999998545,0.8609355246523765,2.009999999999991,2.0079999999999814,0.004,1.0,,,15,1,7.0,2023
2023-07-07 15:00:00+00:00|1.0|handoff_align_follow_h15_tp06_sl065,2023-07-07 15:00:00+00:00,STAGE28A,data/reports/stage28a_discovery_factory_batch_runner/stage28a_exact_trades.csv,session_handoff_imbalance_v1,handoff_align_follow_h15_tp06_sl065,0.48400000000006,-0.5659999999999399,-1.2659999999999396,0,0,0,0,0.5659999999999399,24.910000000000082,2.8099999999999454,0.049822064056895154,6.5499999999999545,0.7709923664122121,2.480000000000018,2.188000000000011,0.04,1.0,,,15,4,7.0,2023
2023-07-11 15:00:00+00:00|1.0|handoff_align_follow_h15_tp06_sl065,2023-07-11 15:00:00+00:00,STAGE28A,data/reports/stage28a_discovery_factory_batch_runner/stage28a_exact_trades.csv,session_handoff_imbalance_v1,handoff_align_follow_h15_tp06_sl065,-1.5378750000000765,-2.5878750000000763,-3.287875000000076,0,0,0,0,2.5878750000000763,15.459999999999809,4.690000000000055,0.3432835820895754,11.970000000000027,0.9598997493734321,2.8199999999999363,3.009000000000003,0.232,1.0,,,15,1,7.0,2023
2023-07-13 15:00:00+00:00|1.0|handoff_align_follow_h15_tp06_sl065,2023-07-13 15:00:00+00:00,STAGE28A,data/reports/stage28a_discovery_factory_batch_runner/stage28a_exact_trades.csv,session_handoff_imbalance_v1,handoff_align_follow_h15_tp06_sl065,-1.3324750000000225,-2.382475000000022,-3.082475000000022,0,0,0,0,2.382475000000022,27.560000000000173,6.690000000000055,0.38415545590432215,8.11999999999989,0.035714285714281716,2.7899999999999636,2.8729999999999905,0.2,1.0,,,15,3,7.0,2023
2023-07-18 15:00:00+00:00|1.0|handoff_align_follow_h15_tp06_sl065,2023-07-18 15:00:00+00:00,STAGE28A,data/reports/stage28a_discovery_factory_batch_runner/stage28a_exact_trades.csv,session_handoff_imbalance_v1,handoff_align_follow_h15_tp06_sl065,0.9036999999999809,-0.1463000000000192,-0.8463000000000189,0,0,0,0,0.1463000000000192,14.089999999999918,6.839999999999918,0.7046783625730986,6.329999999999927,0.513428120063197,11.190000000000055,2.702999999999997,0.164,1.0,,,15,1,7.0,2023
2023-07-21 15:00:00+00:00|-1.0|handoff_align_follow_h15_tp06_sl065,2023-07-21 15:00:00+00:00,STAGE28A,data/reports/stage28a_discovery_factory_batch_runner/stage28a_exact_trades.csv,session_handoff_imbalance_v1,handoff_align_follow_h15_tp06_sl065,-1.7475000000000365,-2.7975000000000363,-3.497500000000036,0,0,0,0,2.7975000000000363,22.090000000000146,3.8600000000001273,0.0984455958548884,11.100000000000136,0.5630630630630561,4.579999999999927,2.735500000000002,0.068,-1.0,,,15,4,7.0,2023
2023-07-24 15:00:00+00:00|-1.0|handoff_align_follow_h15_tp06_sl065,2023-07-24 15:00:00+00:00,STAGE28A,data/reports/stage28a_discovery_factory_batch_runner/stage28a_exact_trades.csv,session_handoff_imbalance_v1,handoff_align_follow_h15_tp06_sl065,0.7333000000000084,-0.3166999999999915,-1.0166999999999913,0,0,0,0,0.3166999999999915,2.3999999999998636,3.759999999999991,0.4840425531914736,8.310000000000173,0.6413959085439283,3.1699999999998454,2.8199999999999705,0.076,-1.0,,,15,0,7.0,2023
2023-07-25 15:00:00+00:00|1.0|handoff_align_follow_h15_tp06_sl065,2023-07-25 15:00:00+00:00,STAGE28A,data/reports/stage28a_discovery_factory_batch_runner/stage28a_exact_trades.csv,session_handoff_imbalance_v1,handoff_align_follow_h15_tp06_sl065,0.981100000000106,-0.068899999999894,-0.7688999999998938,0,0,0,0,0.068899999999894,14.429999999999836,10.349999999999909,0.6434782608695568,4.730000000000018,0.12262156448201375,7.690000000000055,2.974500000000012,0.124,1.0,,,15,1,7.0,2023
2023-07-31 15:00:00+00:00|-1.0|handoff_align_follow_h15_tp06_sl065,2023-07-31 15:00:00+00:00,STAGE28A,data/reports/stage28a_discovery_factory_batch_runner/stage28a_exact_trades.csv,session_handoff_imbalance_v1,handoff_align_follow_h15_tp06_sl065,-1.406250000000091,-2.456250000000091,-3.1562500000000906,0,0,0,0,2.456250000000091,2.269999999999982,6.829999999999927,0.806734992679363,6.0499999999999545,0.3884297520661036,3.189999999999827,2.8860000000000356,0.072,-1.0,,,15,0,7.0,2023
2023-08-01 15:00:00+00:00|-1.0|handoff_align_follow_h15_tp06_sl065,2023-08-01 15:00:00+00:00,STAGE28A,data/reports/stage28a_discovery_factory_batch_runner/stage28a_exact_trades.csv,session_handoff_imbalance_v1,handoff_align_follow_h15_tp06_sl065,0.7321000000000822,-0.3178999999999177,-1.0178999999999174,0,0,0,0,0.3178999999999177,21.22999999999979,7.0,0.4914285714285792,7.980000000000018,0.6741854636591316,3.5599999999999454,2.530500000000006,0.024,-1.0,,,15,1,8.0,2023
2023-08-03 15:00:00+00:00|1.0|handoff_align_follow_h15_tp06_sl065,2023-08-03 15:00:00+00:00,STAGE28A,data/reports/stage28a_discovery_factory_batch_runner/stage28a_exact_trades.csv,session_handoff_imbalance_v1,handoff_align_follow_h15_tp06_sl065,-1.7510749999999915,-2.8010749999999915,-3.5010749999999917,0,0,0,0,2.8010749999999915,21.810000000000173,5.089999999999918,0.17681728880154776,7.5,0.15333333333331514,3.9500000000000455,2.987999999999977,0.098,1.0,,,15,3,8.0,2023
2023-08-04 15:00:00+00:00|-1.0|handoff_align_follow_h15_tp06_sl065,2023-08-04 15:00:00+00:00,STAGE28A,data/reports/stage28a_discovery_factory_batch_runner/stage28a_exact_trades.csv,session_handoff_imbalance_v1,handoff_align_follow_h15_tp06_sl065,0.4434999999999945,-0.6065000000000054,-1.306500000000005,0,0,0,0,0.6065000000000054,9.400000000000091,4.379999999999882,0.052511415525119724,5.3599999999999,0.3264925373134389,2.119999999999891,2.3265000000000216,0.008,-1.0,,,15,4,8.0,2023
2023-08-07 15:00:00+00:00|-1.0|handoff_align_follow_h15_tp06_sl065,2023-08-07 15:00:00+00:00,STAGE28A,data/reports/stage28a_discovery_factory_batch_runner/stage28a_exact_trades.csv,session_handoff_imbalance_v1,handoff_align_follow_h15_tp06_sl065,-1.3110250000000634,-2.361025000000063,-3.061025000000063,0,0,0,0,2.361025000000063,4.6400000000001,8.450000000000045,0.5254437869822521,5.220000000000027,0.9501915708812281,2.6000000000001364,2.6475000000000137,0.036,-1.0,,,15,0,8.0,2023
2023-08-10 15:00:00+00:00|1.0|handoff_align_follow_h15_tp06_sl065,2023-08-10 15:00:00+00:00,STAGE28A,data/reports/stage28a_discovery_factory_batch_runner/stage28a_exact_trades.csv,session_handoff_imbalance_v1,handoff_align_follow_h15_tp06_sl065,-1.1780999999999495,-2.2280999999999493,-2.928099999999949,0,0,0,0,2.2280999999999493,18.330000000000155,4.660000000000082,0.5021459227467547,6.099999999999909,0.377049180327867,1.8799999999998818,2.19849999999999,0.004,1.0,,,15,3,8.0,2023
2023-08-11 15:00:00+00:00|1.0|handoff_align_follow_h15_tp06_sl065,2023-08-11 15:00:00+00:00,STAGE28A,data/reports/stage28a_discovery_factory_batch_runner/stage28a_exact_trades.csv,session_handoff_imbalance_v1,handoff_align_follow_h15_tp06_sl065,-1.1267499999999928,-2.1767499999999926,-2.8767499999999924,0,0,0,0,2.1767499999999926,17.99000000000001,5.129999999999882,0.3781676413255554,7.240000000000009,0.46685082872926487,1.7100000000000364,2.43599999999999,0.032,1.0,,,15,4,8.0,2023
2023-08-15 15:00:00+00:00|-1.0|handoff_align_follow_h15_tp06_sl065,2023-08-15 15:00:00+00:00,STAGE28A,data/reports/stage28a_discovery_factory_batch_runner/stage28a_exact_trades.csv,session_handoff_imbalance_v1,handoff_align_follow_h15_tp06_sl065,-1.2674749999999677,-2.3174749999999675,-3.0174749999999677,0,0,0,0,2.3174749999999675,13.519999999999982,4.5,0.015555555555541408,4.460000000000036,0.5874439461883625,2.410000000000082,2.3615000000000124,0.032,-1.0,,,15,1,8.0,2023
2023-08-16 15:00:00+00:00|1.0|handoff_align_follow_h15_tp06_sl065,2023-08-16 15:00:00+00:00,STAGE28A,data/reports/stage28a_discovery_factory_batch_runner/stage28a_exact_trades.csv,session_handoff_imbalance_v1,handoff_align_follow_h15_tp06_sl065,-1.0835250000000998,-2.1335250000001,-2.8335250000000998,0,0,0,0,2.1335250000001,15.230000000000018,5.009999999999991,0.5209580838323616,4.4500000000000455,0.45168539325842033,3.5699999999999363,2.234500000000003,0.008,1.0,,,15,2,8.0,2023
2023-08-22 15:00:00+00:00|1.0|handoff_align_follow_h15_tp06_sl065,2023-08-22 15:00:00+00:00,STAGE28A,data/reports/stage28a_discovery_factory_batch_runner/stage28a_exact_trades.csv,session_handoff_imbalance_v1,handoff_align_follow_h15_tp06_sl065,-1.3344250000001012,-2.384425000000101,-3.084425000000101,0,0,0,0,2.384425000000101,14.160000000000082,3.6100000000001273,0.2576177285318645,9.980000000000018,0.6863727454909716,1.9199999999998454,2.5465000000000257,0.076,1.0,,,15,1,8.0,2023
2023-08-23 15:00:00+00:00|1.0|handoff_align_follow_h15_tp06_sl065,2023-08-23 15:00:00+00:00,STAGE28A,data/reports/stage28a_discovery_factory_batch_runner/stage28a_exact_trades.csv,session_handoff_imbalance_v1,handoff_align_follow_h15_tp06_sl065,0.5992000000000189,-0.450799999999981,-1.1507999999999807,0,0,0,0,0.450799999999981,15.450000000000045,5.879999999999882,0.6309523809523998,4.910000000000082,0.25050916496944964,1.8299999999999272,1.9015000000000213,0.004,1.0,,,15,2,8.0,2023
2023-08-30 15:00:00+00:00|-1.0|handoff_align_follow_h15_tp06_sl065,2023-08-30 15:00:00+00:00,STAGE28A,data/reports/stage28a_discovery_factory_batch_runner/stage28a_exact_trades.csv,session_handoff_imbalance_v1,handoff_align_follow_h15_tp06_sl065,-1.0939249999999905,-2.14392499999999,-2.84392499999999,0,0,0,0,2.14392499999999,23.829999999999927,2.2799999999999727,0.17543859649127005,3.75,0.3466666666666545,2.4199999999998454,1.7539999999999965,0.004,-1.0,,,15,2,8.0,2023
2023-09-05 15:00:00+00:00|-1.0|handoff_align_follow_h15_tp06_sl065,2023-09-05 15:00:00+00:00,STAGE28A,data/reports/stage28a_discovery_factory_batch_runner/stage28a_exact_trades.csv,session_handoff_imbalance_v1,handoff_align_follow_h15_tp06_sl065,0.4434999999999945,-0.6065000000000054,-1.306500000000005,0,0,0,0,0.6065000000000054,9.470000000000027,3.8600000000001273,0.3056994818652914,8.319999999999936,0.7439903846153696,2.0,1.7919999999999958,0.06,-1.0,,,15,1,9.0,2023
2023-09-11 15:00:00+00:00|1.0|handoff_align_follow_h15_tp06_sl065,2023-09-11 15:00:00+00:00,STAGE28A,data/reports/stage28a_discovery_factory_batch_runner/stage28a_exact_trades.csv,session_handoff_imbalance_v1,handoff_align_follow_h15_tp06_sl065,-1.188175000000092,-2.238175000000092,-2.938175000000092,0,0,0,0,2.238175000000092,2.5599999999999454,7.430000000000064,0.6850605652759222,7.740000000000009,0.2777777777777598,1.8300000000001546,2.4485000000000015,0.412,1.0,,,15,0,9.0,2023
2023-09-15 15:00:00+00:00|1.0|handoff_align_follow_h15_tp06_sl065,2023-09-15 15:00:00+00:00,STAGE28A,data/reports/stage28a_discovery_factory_batch_runner/stage28a_exact_trades.csv,session_handoff_imbalance_v1,handoff_align_follow_h15_tp06_sl065,0.3984999999999218,-0.6515000000000781,-1.351500000000078,0,0,0,0,0.6515000000000781,11.819999999999936,6.240000000000009,0.8461538461538406,4.680000000000064,0.521367521367526,3.240000000000009,2.0780000000000314,0.164,1.0,,,15,4,9.0,2023
2023-09-20 15:00:00+00:00|-1.0|handoff_align_follow_h15_tp06_sl065,2023-09-20 15:00:00+00:00,STAGE28A,data/reports/stage28a_discovery_factory_batch_runner/stage28a_exact_trades.csv,session_handoff_imbalance_v1,handoff_align_follow_h15_tp06_sl065,-1.0243750000000549,-2.0743750000000545,-2.774375000000054,0,0,0,0,2.0743750000000545,7.619999999999891,3.9199999999998454,0.30357142857145447,4.3900000000001,0.27107061503417484,1.6899999999998272,1.6590000000000145,0.004,-1.0,,,15,2,9.0,2023
2023-09-21 15:00:00+00:00|-1.0|handoff_align_follow_h15_tp06_sl065,2023-09-21 15:00:00+00:00,STAGE28A,data/reports/stage28a_discovery_factory_batch_runner/stage28a_exact_trades.csv,session_handoff_imbalance_v1,handoff_align_follow_h15_tp06_sl065,-1.3165500000000976,-2.3665500000000974,-3.066550000000097,0,0,0,0,2.3665500000000974,19.519999999999982,7.350000000000136,0.3823129251700535,8.040000000000191,0.4440298507462785,5.039999999999964,3.380499999999995,0.94,-1.0,,,15,3,9.0,2023
2023-09-22 15:00:00+00:00|1.0|handoff_align_follow_h15_tp06_sl065,2023-09-22 15:00:00+00:00,STAGE28A,data/reports/stage28a_discovery_factory_batch_runner/stage28a_exact_trades.csv,session_handoff_imbalance_v1,handoff_align_follow_h15_tp06_sl065,0.3921999999999116,-0.6578000000000883,-1.357800000000088,0,0,0,0,0.6578000000000883,17.580000000000155,6.259999999999991,0.5782747603834063,5.400000000000091,0.30740740740737527,2.3099999999999454,2.0035000000000194,0.092,1.0,,,15,4,9.0,2023
2023-09-25 15:00:00+00:00|-1.0|handoff_align_follow_h15_tp06_sl065,2023-09-25 15:00:00+00:00,STAGE28A,data/reports/stage28a_discovery_factory_batch_runner/stage28a_exact_trades.csv,session_handoff_imbalance_v1,handoff_align_follow_h15_tp06_sl065,-1.2024749999999131,-2.252474999999913,-2.9524749999999127,0,0,0,0,2.252474999999913,2.0,3.769999999999982,0.5384615384615338,6.2999999999999545,0.13015873015872098,1.3300000000001546,2.0730000000000133,0.124,-1.0,,,15,0,9.0,2023
2023-09-27 15:00:00+00:00|-1.0|handoff_align_follow_h15_tp06_sl065,2023-09-27 15:00:00+00:00,STAGE28A,data/reports/stage28a_discovery_factory_batch_runner/stage28a_exact_trades.csv,session_handoff_imbalance_v1,handoff_align_follow_h15_tp06_sl065,-1.1556750000000648,-2.2056750000000647,-2.9056750000000644,0,0,0,0,2.2056750000000647,17.690000000000055,4.459999999999809,0.23991031390139228,5.339999999999918,0.8220973782771424,1.6700000000000728,2.233000000000004,0.292,-1.0,,,15,2,9.0,2023
2023-09-28 15:00:00+00:00|-1.0|handoff_align_follow_h15_tp06_sl065,2023-09-28 15:00:00+00:00,STAGE28A,data/reports/stage28a_discovery_factory_batch_runner/stage28a_exact_trades.csv,session_handoff_imbalance_v1,handoff_align_follow_h15_tp06_sl065,0.43449999999998,-0.6155000000000199,-1.3155000000000197,0,0,0,0,0.6155000000000199,31.470000000000027,4.350000000000136,0.537931034482723,4.5499999999999545,0.27472527472527747,2.2100000000000364,2.8225000000000136,0.608,-1.0,,,15,3,9.0,2023
2023-10-02 15:00:00+00:00|-1.0|handoff_align_follow_h15_tp06_sl065,2023-10-02 15:00:00+00:00,STAGE28A,data/reports/stage28a_discovery_factory_batch_runner/stage28a_exact_trades.csv,session_handoff_imbalance_v1,handoff_align_follow_h15_tp06_sl065,-1.8167249999999968,-2.8667249999999966,-3.5667249999999964,0,0,0,0,2.8667249999999966,5.180000000000064,6.080000000000155,0.4917763157894627,15.189999999999827,0.6036866359447122,4.720000000000027,4.005499999999995,0.912,-1.0,,,15,0,10.0,2023
2023-10-11 15:00:00+00:00|1.0|handoff_align_follow_h15_tp06_sl065,2023-10-11 15:00:00+00:00,STAGE28A,data/reports/stage28a_discovery_factory_batch_runner/stage28a_exact_trades.csv,session_handoff_imbalance_v1,handoff_align_follow_h15_tp06_sl065,0.747400000000107,-0.3025999999998929,-1.002599999999893,0,0,0,0,0.3025999999998929,12.330000000000155,2.790000000000191,0.11111111111116544,12.52000000000021,0.831469648562293,3.7000000000000455,2.6315000000000053,0.036,1.0,,,15,2,10.0,2023
2023-10-12 15:00:00+00:00|1.0|handoff_align_follow_h15_tp06_sl065,2023-10-12 15:00:00+00:00,STAGE28A,data/reports/stage28a_discovery_factory_batch_runner/stage28a_exact_trades.csv,session_handoff_imbalance_v1,handoff_align_follow_h15_tp06_sl065,0.5374000000000706,-0.5125999999999293,-1.212599999999929,0,0,0,0,0.5125999999999293,18.6400000000001,5.0499999999999545,0.6079207920792008,5.900000000000091,0.5610169491525244,3.3299999999999272,2.5084999999999695,0.008,1.0,,,15,3,10.0,2023
2023-10-13 15:00:00+00:00|1.0|handoff_align_follow_h15_tp06_sl065,2023-10-13 15:00:00+00:00,STAGE28A,data/reports/stage28a_discovery_factory_batch_runner/stage28a_exact_trades.csv,session_handoff_imbalance_v1,handoff_align_follow_h15_tp06_sl065,1.151199999999926,0.1011999999999262,-0.5988000000000735,1,0,0,0,0.1011999999999262,17.139999999999873,5.779999999999973,0.6868512110726723,14.670000000000073,0.9522835719154709,12.509999999999991,3.1980000000000017,0.216,1.0,,,15,4,10.0,2023
2023-10-16 15:00:00+00:00|-1.0|handoff_align_follow_h15_tp06_sl065,2023-10-16 15:00:00+00:00,STAGE28A,data/reports/stage28a_discovery_factory_batch_runner/stage28a_exact_trades.csv,session_handoff_imbalance_v1,handoff_align_follow_h15_tp06_sl065,0.9036999999999809,-0.1463000000000192,-0.8463000000000189,0,0,0,0,0.1463000000000192,9.159999999999854,12.269999999999982,0.35207823960881585,12.190000000000055,0.31501230516816253,3.4700000000000273,4.390499999999986,0.688,-1.0,,,15,0,10.0,2023
2023-10-18 15:00:00+00:00|1.0|handoff_align_follow_h15_tp06_sl065,2023-10-18 15:00:00+00:00,STAGE28A,data/reports/stage28a_discovery_factory_batch_runner/stage28a_exact_trades.csv,session_handoff_imbalance_v1,handoff_align_follow_h15_tp06_sl065,0.9072999999999866,-0.1427000000000133,-0.8427000000000131,0,0,0,0,0.1427000000000133,19.200000000000045,19.519999999999982,0.6444672131147626,11.029999999999973,0.630099728014491,3.259999999999991,3.9574999999999934,0.592,1.0,,,15,2,10.0,2023
2023-10-20 15:00:00+00:00|1.0|handoff_align_follow_h15_tp06_sl065,2023-10-20 15:00:00+00:00,STAGE28A,data/reports/stage28a_discovery_factory_batch_runner/stage28a_exact_trades.csv,session_handoff_imbalance_v1,handoff_align_follow_h15_tp06_sl065,-1.833625000000075,-2.8836250000000745,-3.5836250000000742,0,0,0,0,2.8836250000000745,32.50999999999999,10.069999999999936,0.5233366434955328,11.190000000000055,0.4387846291331395,9.47999999999979,5.611500000000001,0.852,1.0,,,15,4,10.0,2023
2023-10-26 15:00:00+00:00|1.0|handoff_align_follow_h15_tp06_sl065,2023-10-26 15:00:00+00:00,STAGE28A,data/reports/stage28a_discovery_factory_batch_runner/stage28a_exact_trades.csv,session_handoff_imbalance_v1,handoff_align_follow_h15_tp06_sl065,0.8824000000000979,-0.167599999999902,-0.8675999999999018,0,0,0,0,0.167599999999902,24.13000000000011,7.869999999999891,0.6569250317661902,9.559999999999945,0.3650627615062792,5.099999999999909,4.0240000000000125,0.244,1.0,,,15,3,10.0,2023
2023-10-30 15:00:00+00:00|-1.0|handoff_align_follow_h15_tp06_sl065,2023-10-30 15:00:00+00:00,STAGE28A,data/reports/stage28a_discovery_factory_batch_runner/stage28a_exact_trades.csv,session_handoff_imbalance_v1,handoff_align_follow_h15_tp06_sl065,1.093899999999985,0.0438999999999851,-0.6561000000000146,1,0,0,0,0.0438999999999851,9.659999999999854,9.809999999999945,0.11213047910294752,11.6099999999999,0.6089577950043064,6.2000000000000455,4.793999999999971,0.44,-1.0,,,15,0,10.0,2023
2023-11-02 15:00:00+00:00|1.0|handoff_align_follow_h15_tp06_sl065,2023-11-02 15:00:00+00:00,STAGE28A,data/reports/stage28a_discovery_factory_batch_runner/stage28a_exact_trades.csv,session_handoff_imbalance_v1,handoff_align_follow_h15_tp06_sl065,0.7831000000000131,-0.2668999999999868,-0.9668999999999864,0,0,0,0,0.2668999999999868,22.200000000000045,6.960000000000036,0.5574712643678289,5.899999999999864,0.4915254237288018,4.0900000000001455,3.6989999999999896,0.104,1.0,,,15,3,11.0,2023
2023-11-03 15:00:00+00:00|1.0|handoff_align_follow_h15_tp06_sl065,2023-11-03 15:00:00+00:00,STAGE28A,data/reports/stage28a_discovery_factory_batch_runner/stage28a_exact_trades.csv,session_handoff_imbalance_v1,handoff_align_follow_h15_tp06_sl065,-2.0429250000000594,-3.092925000000059,-3.792925000000059,0,0,0,1,3.092925000000059,12.200000000000045,4.599999999999909,0.09565217391305723,5.789999999999964,0.44559585492227005,18.659999999999854,3.2389999999999985,0.052,1.0,,,15,4,11.0,2023
2023-11-07 15:00:00+00:00|-1.0|handoff_align_follow_h15_tp06_sl065,2023-11-07 15:00:00+00:00,STAGE28A,data/reports/stage28a_discovery_factory_batch_runner/stage28a_exact_trades.csv,session_handoff_imbalance_v1,handoff_align_follow_h15_tp06_sl065,-1.722474999999895,-2.7724749999998948,-3.4724749999998945,0,0,0,0,2.7724749999998948,16.519999999999982,7.3599999999999,0.7228260869565538,10.039999999999964,0.5149402390438111,7.119999999999891,2.8979999999999677,0.056,-1.0,,,15,1,11.0,2023
2023-11-08 15:00:00+00:00|-1.0|handoff_align_follow_h15_tp06_sl065,2023-11-08 15:00:00+00:00,STAGE28A,data/reports/stage28a_discovery_factory_batch_runner/stage28a_exact_trades.csv,session_handoff_imbalance_v1,handoff_align_follow_h15_tp06_sl065,0.6943000000000211,-0.3556999999999788,-1.0556999999999783,0,0,0,0,0.3556999999999788,21.62999999999988,3.6900000000000546,0.3685636856368854,9.5,0.5821052631578919,2.589999999999918,2.7544999999999846,0.02,-1.0,,,15,2,11.0,2023
2023-11-09 15:00:00+00:00|-1.0|handoff_align_follow_h15_tp06_sl065,2023-11-09 15:00:00+00:00,STAGE28A,data/reports/stage28a_discovery_factory_batch_runner/stage28a_exact_trades.csv,session_handoff_imbalance_v1,handoff_align_follow_h15_tp06_sl065,0.7348000000000866,-0.3151999999999133,-1.015199999999913,0,0,0,0,0.3151999999999133,23.529999999999973,6.889999999999873,0.18867924528301575,5.990000000000009,0.40066777963273575,3.8300000000001546,3.066500000000019,0.108,-1.0,,,15,3,11.0,2023
2023-11-10 15:00:00+00:00|-1.0|handoff_align_follow_h15_tp06_sl065,2023-11-10 15:00:00+00:00,STAGE28A,data/reports/stage28a_discovery_factory_batch_runner/stage28a_exact_trades.csv,session_handoff_imbalance_v1,handoff_align_follow_h15_tp06_sl065,-1.684775000000036,-2.734775000000036,-3.434775000000036,0,0,0,0,2.734775000000036,21.11999999999989,4.360000000000127,0.300458715596309,6.629999999999882,0.5505279034691035,5.630000000000109,3.331499999999983,0.18,-1.0,,,15,4,11.0,2023
2023-11-15 15:00:00+00:00|1.0|handoff_align_follow_h15_tp06_sl065,2023-11-15 15:00:00+00:00,STAGE28A,data/reports/stage28a_discovery_factory_batch_runner/stage28a_exact_trades.csv,session_handoff_imbalance_v1,handoff_align_follow_h15_tp06_sl065,-1.3617250000000696,-2.4117250000000694,-3.111725000000069,0,0,0,0,2.4117250000000694,33.81000000000017,6.400000000000091,0.7859374999999845,8.25,0.6848484848484683,3.1000000000001364,2.2845000000000253,0.008,1.0,,,15,2,11.0,2023
2023-11-16 15:00:00+00:00|1.0|handoff_align_follow_h15_tp06_sl065,2023-11-16 15:00:00+00:00,STAGE28A,data/reports/stage28a_discovery_factory_batch_runner/stage28a_exact_trades.csv,session_handoff_imbalance_v1,handoff_align_follow_h15_tp06_sl065,0.4446999999999207,-0.6053000000000792,-1.305300000000079,0,0,0,0,0.6053000000000792,19.699999999999818,6.079999999999927,0.35526315789475454,6.4500000000000455,0.3968992248061903,3.5700000000001637,2.483500000000004,0.02,1.0,,,15,3,11.0,2023
2023-11-17 15:00:00+00:00|1.0|handoff_align_follow_h15_tp06_sl065,2023-11-17 15:00:00+00:00,STAGE28A,data/reports/stage28a_discovery_factory_batch_runner/stage28a_exact_trades.csv,session_handoff_imbalance_v1,handoff_align_follow_h15_tp06_sl065,-1.7735000000001038,-2.823500000000104,-3.5235000000001038,0,0,0,0,2.823500000000104,31.529999999999973,6.4099999999998545,0.5351014040561843,10.810000000000173,0.5383903792784314,3.0699999999999363,2.838999999999987,0.112,1.0,,,15,4,11.0,2023
2023-11-22 15:00:00+00:00|1.0|handoff_align_follow_h15_tp06_sl065,2023-11-22 15:00:00+00:00,STAGE28A,data/reports/stage28a_discovery_factory_batch_runner/stage28a_exact_trades.csv,session_handoff_imbalance_v1,handoff_align_follow_h15_tp06_sl065,0.8182000000000699,-0.23179999999993,-0.9317999999999298,0,0,0,0,0.23179999999993,30.34999999999991,4.8599999999999,0.0041152263374449015,9.639999999999873,0.19502074688795712,3.019999999999982,3.1055000000000064,0.12,1.0,,,15,2,11.0,2023
2023-11-27 15:00:00+00:00|1.0|handoff_align_follow_h15_tp06_sl065,2023-11-27 15:00:00+00:00,STAGE28A,data/reports/stage28a_discovery_factory_batch_runner/stage28a_exact_trades.csv,session_handoff_imbalance_v1,handoff_align_follow_h15_tp06_sl065,0.602199999999948,-0.4478000000000519,-1.1478000000000517,0,0,0,0,0.4478000000000519,3.6499999999998636,17.639999999999873,0.6031746031746132,6.789999999999964,0.22091310751104684,2.8700000000001182,3.5410000000000084,0.344,1.0,,,15,0,11.0,2023
2023-12-01 15:00:00+00:00|1.0|handoff_align_follow_h15_tp06_sl065,2023-12-01 15:00:00+00:00,STAGE28A,data/reports/stage28a_discovery_factory_batch_runner/stage28a_exact_trades.csv,session_handoff_imbalance_v1,handoff_align_follow_h15_tp06_sl065,-1.7838999999999945,-2.833899999999994,-3.533899999999994,0,0,0,0,2.833899999999994,16.060000000000173,6.800000000000182,0.0073529411764971415,10.539999999999964,0.34345351043642347,4.669999999999845,3.549499999999978,0.32,1.0,,,15,4,12.0,2023
2023-12-04 15:00:00+00:00|-1.0|handoff_align_follow_h15_tp06_sl065,2023-12-04 15:00:00+00:00,STAGE28A,data/reports/stage28a_discovery_factory_batch_runner/stage28a_exact_trades.csv,session_handoff_imbalance_v1,handoff_align_follow_h15_tp06_sl065,-2.574949999999808,-3.624949999999808,-4.324949999999808,0,0,0,1,3.624949999999808,78.03999999999996,78.03999999999996,0.4173500768836517,32.70000000000027,0.5186544342507613,5.730000000000018,17.06300000000001,0.98,-1.0,,,15,0,12.0,2023
2023-12-05 15:00:00+00:00|-1.0|handoff_align_follow_h15_tp06_sl065,2023-12-05 15:00:00+00:00,STAGE28A,data/reports/stage28a_discovery_factory_batch_runner/stage28a_exact_trades.csv,session_handoff_imbalance_v1,handoff_align_follow_h15_tp06_sl065,1.4896000000000185,0.4396000000000186,-0.2603999999999811,1,0,1,0,0.4396000000000186,129.52999999999975,12.779999999999973,0.13145539906103812,16.480000000000018,0.41868932038835455,4.180000000000064,5.429500000000007,0.828,-1.0,,,15,1,12.0,2023
2023-12-11 15:00:00+00:00|-1.0|handoff_align_follow_h15_tp06_sl065,2023-12-11 15:00:00+00:00,STAGE28A,data/reports/stage28a_discovery_factory_batch_runner/stage28a_exact_trades.csv,session_handoff_imbalance_v1,handoff_align_follow_h15_tp06_sl065,-1.7257250000001023,-2.775725000000102,-3.475725000000102,0,0,0,0,2.775725000000102,3.209999999999809,13.190000000000055,0.7907505686125696,9.36999999999989,0.39274279615796226,2.8799999999998818,3.8844999999999574,0.208,-1.0,,,15,0,12.0,2023
2023-12-12 15:00:00+00:00|1.0|handoff_align_follow_h15_tp06_sl065,2023-12-12 15:00:00+00:00,STAGE28A,data/reports/stage28a_discovery_factory_batch_runner/stage28a_exact_trades.csv,session_handoff_imbalance_v1,handoff_align_follow_h15_tp06_sl065,-1.4878250000000208,-2.5378250000000206,-3.2378250000000204,0,0,0,0,2.5378250000000206,31.789999999999964,7.870000000000118,0.3354510800508047,6.4500000000000455,0.0945736434108718,2.25,3.537499999999966,0.076,1.0,,,15,1,12.0,2023
2023-12-15 15:00:00+00:00|1.0|handoff_align_follow_h15_tp06_sl065,2023-12-15 15:00:00+00:00,STAGE28A,data/reports/stage28a_discovery_factory_batch_runner/stage28a_exact_trades.csv,session_handoff_imbalance_v1,handoff_align_follow_h15_tp06_sl065,0.9501999999999045,-0.0998000000000955,-0.7998000000000953,0,0,0,0,0.0998000000000955,23.610000000000127,7.410000000000082,0.14170040485832258,10.200000000000045,0.5862745098039207,3.980000000000018,3.619000000000028,0.096,1.0,,,15,4,12.0,2023
2023-12-20 15:00:00+00:00|-1.0|handoff_align_follow_h15_tp06_sl065,2023-12-20 15:00:00+00:00,STAGE28A,data/reports/stage28a_discovery_factory_batch_runner/stage28a_exact_trades.csv,session_handoff_imbalance_v1,handoff_align_follow_h15_tp06_sl065,0.7267000000000735,-0.3232999999999264,-1.0232999999999262,0,0,0,0,0.3232999999999264,25.289999999999964,4.960000000000036,0.09072580645162141,7.820000000000164,0.5843989769820768,3.1699999999998454,2.6745000000000116,0.004,-1.0,,,15,2,12.0,2023
2024-01-02 15:00:00+00:00|1.0|handoff_align_follow_h15_tp06_sl065,2024-01-02 15:00:00+00:00,STAGE28A,data/reports/stage28a_discovery_factory_batch_runner/stage28a_exact_trades.csv,session_handoff_imbalance_v1,handoff_align_follow_h15_tp06_sl065,1.189900000000216,0.1399000000002161,-0.5600999999997835,1,0,0,0,0.1399000000002161,3.199999999999818,8.299999999999727,0.7060240963855807,9.350000000000364,0.6844919786096088,4.4099999999998545,4.0375,0.564,1.0,,,15,1,1.0,2024
2024-01-08 15:00:00+00:00|-1.0|handoff_align_follow_h15_tp06_sl065,2024-01-08 15:00:00+00:00,STAGE28A,data/reports/stage28a_discovery_factory_batch_runner/stage28a_exact_trades.csv,session_handoff_imbalance_v1,handoff_align_follow_h15_tp06_sl065,-2.071849999999904,-3.121849999999904,-3.821849999999904,0,0,0,1,3.121849999999904,2.4299999999998363,11.529999999999973,0.7380745880312238,9.460000000000036,0.8879492600422655,5.870000000000118,4.447499999999991,0.644,-1.0,,,15,0,1.0,2024
2024-01-09 15:00:00+00:00|1.0|handoff_align_follow_h15_tp06_sl065,2024-01-09 15:00:00+00:00,STAGE28A,data/reports/stage28a_discovery_factory_batch_runner/stage28a_exact_trades.csv,session_handoff_imbalance_v1,handoff_align_follow_h15_tp06_sl065,-1.6006000000000769,-2.6506000000000767,-3.3506000000000764,0,0,0,0,2.6506000000000767,30.019999999999982,7.939999999999827,0.2783375314861281,8.319999999999936,0.3100961538461748,2.3199999999999363,3.5704999999999587,0.2,1.0,,,15,1,1.0,2024
2024-01-15 15:00:00+00:00|1.0|handoff_align_follow_h15_tp06_sl065,2024-01-15 15:00:00+00:00,STAGE28A,data/reports/stage28a_discovery_factory_batch_runner/stage28a_exact_trades.csv,session_handoff_imbalance_v1,handoff_align_follow_h15_tp06_sl065,-1.3961749999999484,-2.4461749999999483,-3.146174999999948,0,0,0,0,2.4461749999999483,2.5499999999999545,12.220000000000027,0.5327332242226026,6.449999999999818,0.2,2.349999999999909,3.2454999999999474,0.036,1.0,,,15,0,1.0,2024
2024-01-16 15:00:00+00:00|-1.0|handoff_align_follow_h15_tp06_sl065,2024-01-16 15:00:00+00:00,STAGE28A,data/reports/stage28a_discovery_factory_batch_runner/stage28a_exact_trades.csv,session_handoff_imbalance_v1,handoff_align_follow_h15_tp06_sl065,-2.152449999999908,-3.202449999999908,-3.902449999999908,0,0,0,1,3.202449999999908,12.740000000000009,7.170000000000073,0.656903765690375,12.409999999999854,0.6970185334407891,4.379999999999882,2.9830000000000383,0.064,-1.0,,,15,1,1.0,2024
2024-01-17 15:00:00+00:00|-1.0|handoff_align_follow_h15_tp06_sl065,2024-01-17 15:00:00+00:00,STAGE28A,data/reports/stage28a_discovery_factory_batch_runner/stage28a_exact_trades.csv,session_handoff_imbalance_v1,handoff_align_follow_h15_tp06_sl065,1.0096000000000005,-0.0403999999999995,-0.7403999999999993,0,0,0,0,0.0403999999999995,31.430000000000064,9.559999999999945,0.28765690376569203,10.870000000000118,0.06439742410301845,5.230000000000018,4.550999999999999,0.54,-1.0,,,15,2,1.0,2024
2024-01-22 15:00:00+00:00|-1.0|handoff_align_follow_h15_tp06_sl065,2024-01-22 15:00:00+00:00,STAGE28A,data/reports/stage28a_discovery_factory_batch_runner/stage28a_exact_trades.csv,session_handoff_imbalance_v1,handoff_align_follow_h15_tp06_sl065,-1.7874749999999495,-2.8374749999999493,-3.537474999999949,0,0,0,0,2.8374749999999493,2.8199999999999363,7.399999999999864,0.2851351351351269,7.079999999999927,0.3644067796610425,4.919999999999845,3.3904999999999745,0.184,-1.0,,,15,0,1.0,2024
2024-01-23 15:00:00+00:00|1.0|handoff_align_follow_h15_tp06_sl065,2024-01-23 15:00:00+00:00,STAGE28A,data/reports/stage28a_discovery_factory_batch_runner/stage28a_exact_trades.csv,session_handoff_imbalance_v1,handoff_align_follow_h15_tp06_sl065,0.8673999999999978,-0.1826000000000021,-0.8826000000000018,0,0,0,0,0.1826000000000021,15.519999999999982,8.38000000000011,0.8210023866348201,13.160000000000082,0.19452887537995114,3.7100000000000364,3.5934999999999717,0.268,1.0,,,15,1,1.0,2024
2024-01-29 15:00:00+00:00|1.0|handoff_align_follow_h15_tp06_sl065,2024-01-29 15:00:00+00:00,STAGE28A,data/reports/stage28a_discovery_factory_batch_runner/stage28a_exact_trades.csv,session_handoff_imbalance_v1,handoff_align_follow_h15_tp06_sl065,0.5496999999999389,-0.500300000000061,-1.2003000000000608,0,0,0,0,0.500300000000061,7.220000000000027,9.13000000000011,0.4928806133625352,9.209999999999809,0.1400651465798035,2.1800000000000637,3.336000000000001,0.22,1.0,,,15,0,1.0,2024
2024-01-30 15:00:00+00:00|1.0|handoff_align_follow_h15_tp06_sl065,2024-01-30 15:00:00+00:00,STAGE28A,data/reports/stage28a_discovery_factory_batch_runner/stage28a_exact_trades.csv,session_handoff_imbalance_v1,handoff_align_follow_h15_tp06_sl065,0.6726999999999862,-0.3773000000000137,-1.0773000000000137,0,0,0,0,0.3773000000000137,18.460000000000036,4.819999999999936,0.13278008298757438,8.829999999999927,0.43488108720271235,2.6599999999998545,3.4545000000000186,0.22,1.0,,,15,1,1.0,2024
2024-02-05 15:00:00+00:00|-1.0|handoff_align_follow_h15_tp06_sl065,2024-02-05 15:00:00+00:00,STAGE28A,data/reports/stage28a_discovery_factory_batch_runner/stage28a_exact_trades.csv,session_handoff_imbalance_v1,handoff_align_follow_h15_tp06_sl065,0.6255999999999858,-0.4244000000000141,-1.1244000000000138,0,0,0,0,0.4244000000000141,3.3900000000001,11.839999999999918,0.6173986486486484,11.329999999999927,0.6548984995586843,5.399999999999864,4.06099999999999,0.464,-1.0,,,15,0,2.0,2024
2024-02-07 15:00:00+00:00|-1.0|handoff_align_follow_h15_tp06_sl065,2024-02-07 15:00:00+00:00,STAGE28A,data/reports/stage28a_discovery_factory_batch_runner/stage28a_exact_trades.csv,session_handoff_imbalance_v1,handoff_align_follow_h15_tp06_sl065,-1.2486250000000385,-2.298625000000038,-2.998625000000038,0,0,0,0,2.298625000000038,16.189999999999827,2.230000000000018,0.004484304932731311,4.889999999999873,0.40286298568508766,3.6700000000000728,2.4049999999999843,0.008,-1.0,,,15,2,2.0,2024
2024-02-09 15:00:00+00:00|-1.0|handoff_align_follow_h15_tp06_sl065,2024-02-09 15:00:00+00:00,STAGE28A,data/reports/stage28a_discovery_factory_batch_runner/stage28a_exact_trades.csv,session_handoff_imbalance_v1,handoff_align_follow_h15_tp06_sl065,-1.2460250000000088,-2.2960250000000086,-2.9960250000000084,0,0,0,0,2.2960250000000086,18.6400000000001,3.1599999999998545,0.49367088607595483,4.460000000000036,0.022421524663656555,3.630000000000109,2.2349999999999794,0.004,-1.0,,,15,4,2.0,2024
2024-02-12 15:00:00+00:00|-1.0|handoff_align_follow_h15_tp06_sl065,2024-02-12 15:00:00+00:00,STAGE28A,data/reports/stage28a_discovery_factory_batch_runner/stage28a_exact_trades.csv,session_handoff_imbalance_v1,handoff_align_follow_h15_tp06_sl065,0.513399999999956,-0.5366000000000439,-1.2366000000000437,0,0,0,0,0.5366000000000439,2.4199999999998454,4.959999999999809,0.46774193548387616,7.339999999999918,0.30245231607630135,1.8100000000001728,2.1435000000000057,0.004,-1.0,,,15,0,2.0,2024
2024-02-13 15:00:00+00:00|1.0|handoff_align_follow_h15_tp06_sl065,2024-02-13 15:00:00+00:00,STAGE28A,data/reports/stage28a_discovery_factory_batch_runner/stage28a_exact_trades.csv,session_handoff_imbalance_v1,handoff_align_follow_h15_tp06_sl065,-1.0913249999999608,-2.1413249999999606,-2.8413249999999604,0,0,0,0,2.1413249999999606,15.639999999999873,4.4099999999998545,0.04081632653062803,9.190000000000055,0.8476605005440606,1.6100000000001273,2.151499999999987,0.008,1.0,,,15,1,2.0,2024
2024-02-16 15:00:00+00:00|1.0|handoff_align_follow_h15_tp06_sl065,2024-02-16 15:00:00+00:00,STAGE28A,data/reports/stage28a_discovery_factory_batch_runner/stage28a_exact_trades.csv,session_handoff_imbalance_v1,handoff_align_follow_h15_tp06_sl065,0.2850999999999658,-0.7649000000000341,-1.4649000000000338,0,0,0,0,0.7649000000000341,18.230000000000018,3.2799999999999727,0.06097560975611193,4.819999999999936,0.7406639004149344,1.6199999999998909,1.967500000000007,0.004,1.0,,,15,4,2.0,2024
2024-02-19 15:00:00+00:00|1.0|handoff_align_follow_h15_tp06_sl065,2024-02-19 15:00:00+00:00,STAGE28A,data/reports/stage28a_discovery_factory_batch_runner/stage28a_exact_trades.csv,session_handoff_imbalance_v1,handoff_align_follow_h15_tp06_sl065,-1.106599999999935,-2.156599999999935,-2.8565999999999345,0,0,0,0,2.156599999999935,3.8799999999998818,10.86999999999989,0.48850045998160063,4.650000000000091,0.027956989247285853,3.1099999999999,3.1839999999999806,0.4,1.0,,,15,0,2.0,2024
2024-02-20 15:00:00+00:00|1.0|handoff_align_follow_h15_tp06_sl065,2024-02-20 15:00:00+00:00,STAGE28A,data/reports/stage28a_discovery_factory_batch_runner/stage28a_exact_trades.csv,session_handoff_imbalance_v1,handoff_align_follow_h15_tp06_sl065,-1.3389749999999825,-2.388974999999982,-3.088974999999982,0,0,0,0,2.388974999999982,10.980000000000018,4.650000000000091,0.7053763440860508,9.879999999999882,0.6730769230769174,1.7899999999999636,2.194000000000017,0.06,1.0,,,15,1,2.0,2024
2024-02-22 15:00:00+00:00|1.0|handoff_align_follow_h15_tp06_sl065,2024-02-22 15:00:00+00:00,STAGE28A,data/reports/stage28a_discovery_factory_batch_runner/stage28a_exact_trades.csv,session_handoff_imbalance_v1,handoff_align_follow_h15_tp06_sl065,-1.3958499999999732,-2.445849999999973,-3.1458499999999727,0,0,0,0,2.445849999999973,12.1400000000001,3.849999999999909,0.7974025974025997,6.670000000000073,0.1004497751124536,2.1799999999998363,2.724500000000023,0.284,1.0,,,15,3,2.0,2024
2024-02-27 15:00:00+00:00|1.0|handoff_align_follow_h15_tp06_sl065,2024-02-27 15:00:00+00:00,STAGE28A,data/reports/stage28a_discovery_factory_batch_runner/stage28a_exact_trades.csv,session_handoff_imbalance_v1,handoff_align_follow_h15_tp06_sl065,0.5286999999999807,-0.5213000000000192,-1.221300000000019,0,0,0,0,0.5213000000000192,12.009999999999991,4.0499999999999545,0.6246913580246917,6.789999999999964,0.42120765832108137,1.9800000000000182,2.1355000000000017,0.036,1.0,,,15,1,2.0,2024
2024-03-01 15:00:00+00:00|1.0|handoff_align_follow_h15_tp06_sl065,2024-03-01 15:00:00+00:00,STAGE28A,data/reports/stage28a_discovery_factory_batch_runner/stage28a_exact_trades.csv,session_handoff_imbalance_v1,handoff_align_follow_h15_tp06_sl065,1.031800000000112,-0.0181999999998878,-0.7181999999998876,0,0,0,0,0.0181999999998878,22.72999999999979,3.9600000000000364,0.31565656565656275,16.0300000000002,0.5832813474734743,4.699999999999818,3.089499999999987,0.656,1.0,,,15,4,3.0,2024
2024-03-05 15:00:00+00:00|1.0|handoff_align_follow_h15_tp06_sl065,2024-03-05 15:00:00+00:00,STAGE28A,data/reports/stage28a_discovery_factory_batch_runner/stage28a_exact_trades.csv,session_handoff_imbalance_v1,handoff_align_follow_h15_tp06_sl065,-2.0435749999997825,-3.0935749999997824,-3.793574999999782,0,0,0,1,3.0935749999997824,40.370000000000346,6.349999999999909,0.22204724409446847,13.2800000000002,0.5813253012047954,4.089999999999691,4.018999999999982,0.832,1.0,,,15,1,3.0,2024
2024-03-12 15:00:00+00:00|-1.0|handoff_align_follow_h15_tp06_sl065,2024-03-12 15:00:00+00:00,STAGE28A,data/reports/stage28a_discovery_factory_batch_runner/stage28a_exact_trades.csv,session_handoff_imbalance_v1,handoff_align_follow_h15_tp06_sl065,-2.893775000000096,-3.943775000000096,-4.643775000000096,0,0,0,1,3.943775000000096,14.239999999999782,7.929999999999836,0.5056746532156748,5.539999999999964,0.30685920577622455,20.699999999999818,4.256499999999915,0.408,-1.0,,,15,1,3.0,2024
2024-03-14 15:00:00+00:00|-1.0|handoff_align_follow_h15_tp06_sl065,2024-03-14 15:00:00+00:00,STAGE28A,data/reports/stage28a_discovery_factory_batch_runner/stage28a_exact_trades.csv,session_handoff_imbalance_v1,handoff_align_follow_h15_tp06_sl065,1.1572000000000116,0.1072000000000117,-0.592799999999988,1,0,0,0,0.1072000000000117,24.059999999999945,5.920000000000073,0.44087837837839444,4.599999999999909,0.2434782608695463,9.940000000000055,3.154500000000053,0.076,-1.0,,,15,3,3.0,2024
2024-03-15 15:00:00+00:00|1.0|handoff_align_follow_h15_tp06_sl065,2024-03-15 15:00:00+00:00,STAGE28A,data/reports/stage28a_discovery_factory_batch_runner/stage28a_exact_trades.csv,session_handoff_imbalance_v1,handoff_align_follow_h15_tp06_sl065,1.314099999999962,0.2640999999999622,-0.4359000000000375,1,0,1,0,0.2640999999999622,24.159999999999854,5.289999999999964,0.43100189035920905,9.289999999999964,0.511302475780411,9.759999999999764,3.401499999999987,0.072,1.0,,,15,4,3.0,2024
2024-03-20 15:00:00+00:00|-1.0|handoff_align_follow_h15_tp06_sl065,2024-03-20 15:00:00+00:00,STAGE28A,data/reports/stage28a_discovery_factory_batch_runner/stage28a_exact_trades.csv,session_handoff_imbalance_v1,handoff_align_follow_h15_tp06_sl065,0.8133999999999105,-0.2366000000000894,-0.9366000000000893,0,0,0,0,0.2366000000000894,15.599999999999909,5.110000000000127,0.031311154598796576,7.079999999999927,0.3587570621468912,5.649999999999636,2.549999999999977,0.012,-1.0,,,15,2,3.0,2024
2024-03-22 15:00:00+00:00|-1.0|handoff_align_follow_h15_tp06_sl065,2024-03-22 15:00:00+00:00,STAGE28A,data/reports/stage28a_discovery_factory_batch_runner/stage28a_exact_trades.csv,session_handoff_imbalance_v1,handoff_align_follow_h15_tp06_sl065,1.1536000000000055,0.1036000000000059,-0.5963999999999938,1,0,0,0,0.1036000000000059,56.07999999999993,14.199999999999818,0.53169014084509,13.659999999999854,0.46998535871157693,10.360000000000127,4.4705000000000155,0.528,-1.0,,,15,4,3.0,2024
2024-03-26 15:00:00+00:00|1.0|handoff_align_follow_h15_tp06_sl065,2024-03-26 15:00:00+00:00,STAGE28A,data/reports/stage28a_discovery_factory_batch_runner/stage28a_exact_trades.csv,session_handoff_imbalance_v1,handoff_align_follow_h15_tp06_sl065,-2.835924999999952,-3.885924999999952,-4.585924999999952,0,0,0,1,3.885924999999952,17.779999999999745,6.839999999999691,0.09941520467834314,30.460000000000036,0.8365068942875898,10.7199999999998,4.526499999999942,0.584,1.0,,,15,1,3.0,2024
2024-03-27 15:00:00+00:00|1.0|handoff_align_follow_h15_tp06_sl065,2024-03-27 15:00:00+00:00,STAGE28A,data/reports/stage28a_discovery_factory_batch_runner/stage28a_exact_trades.csv,session_handoff_imbalance_v1,handoff_align_follow_h15_tp06_sl065,2.0532999999999446,1.0032999999999448,0.303299999999945,1,1,1,0,1.0032999999999448,32.460000000000036,8.480000000000018,0.12264150943395771,18.800000000000182,0.8202127659574427,4.889999999999873,4.7245000000000115,0.62,1.0,,,15,2,3.0,2024
2024-03-28 15:00:00+00:00|1.0|handoff_align_follow_h15_tp06_sl065,2024-03-28 15:00:00+00:00,STAGE28A,data/reports/stage28a_discovery_factory_batch_runner/stage28a_exact_trades.csv,session_handoff_imbalance_v1,handoff_align_follow_h15_tp06_sl065,2.239899999999943,1.1898999999999431,0.4898999999999436,1,1,1,0,1.1898999999999431,24.330000000000382,9.559999999999945,0.5041841004184301,22.920000000000073,0.7273123909249374,11.010000000000218,5.076000000000022,0.644,1.0,,,15,3,3.0,2024
2024-04-04 15:00:00+00:00|-1.0|handoff_align_follow_h15_tp06_sl065,2024-04-04 15:00:00+00:00,STAGE28A,data/reports/stage28a_discovery_factory_batch_runner/stage28a_exact_trades.csv,session_handoff_imbalance_v1,handoff_align_follow_h15_tp06_sl065,-2.0120499999999084,-3.062049999999908,-3.762049999999908,0,0,0,0,3.062049999999908,36.26999999999998,8.36999999999989,0.30943847072881475,9.809999999999945,0.5983690112130865,6.339999999999691,4.968499999999926,0.248,-1.0,,,15,3,4.0,2024
2024-04-09 15:00:00+00:00|1.0|handoff_align_follow_h15_tp06_sl065,2024-04-09 15:00:00+00:00,STAGE28A,data/reports/stage28a_discovery_factory_batch_runner/stage28a_exact_trades.csv,session_handoff_imbalance_v1,handoff_align_follow_h15_tp06_sl065,1.889799999999832,0.839799999999832,0.1397999999998322,1,1,1,0,0.839799999999832,51.0300000000002,11.669999999999618,0.43958868894603914,22.269999999999982,0.8630444544230027,7.0300000000002,5.629000000000042,0.308,1.0,,,15,1,4.0,2024
2024-04-12 15:00:00+00:00|1.0|handoff_align_follow_h15_tp06_sl065,2024-04-12 15:00:00+00:00,STAGE28A,data/reports/stage28a_discovery_factory_batch_runner/stage28a_exact_trades.csv,session_handoff_imbalance_v1,handoff_align_follow_h15_tp06_sl065,1.7368000000000392,0.6868000000000394,-0.0131999999999603,1,0,1,0,0.6868000000000394,52.0300000000002,23.449999999999818,0.4366737739872009,17.809999999999945,0.7810218978102388,7.630000000000109,7.37349999999999,0.452,1.0,,,15,4,4.0,2024
2024-04-18 15:00:00+00:00|1.0|handoff_align_follow_h15_tp06_sl065,2024-04-18 15:00:00+00:00,STAGE28A,data/reports/stage28a_discovery_factory_batch_runner/stage28a_exact_trades.csv,session_handoff_imbalance_v1,handoff_align_follow_h15_tp06_sl065,-2.090374999999858,-3.140374999999858,-3.8403749999998578,0,0,0,1,3.140374999999858,41.0,12.240000000000236,0.7802287581699344,7.890000000000327,0.6387832699619461,6.320000000000164,6.836500000000046,0.2,1.0,,,15,3,4.0,2024
2024-04-22 15:00:00+00:00|-1.0|handoff_align_follow_h15_tp06_sl065,2024-04-22 15:00:00+00:00,STAGE28A,data/reports/stage28a_discovery_factory_batch_runner/stage28a_exact_trades.csv,session_handoff_imbalance_v1,handoff_align_follow_h15_tp06_sl065,2.05059999999994,1.0005999999999404,0.3005999999999407,1,1,1,0,1.0005999999999404,6.799999999999727,26.84999999999991,0.5314711359404108,21.490000000000236,0.3922754769660399,18.149999999999636,7.646499999999946,0.28,-1.0,,,15,0,4.0,2024
2024-04-26 15:00:00+00:00|1.0|handoff_align_follow_h15_tp06_sl065,2024-04-26 15:00:00+00:00,STAGE28A,data/reports/stage28a_discovery_factory_batch_runner/stage28a_exact_trades.csv,session_handoff_imbalance_v1,handoff_align_follow_h15_tp06_sl065,1.5105999999999766,0.4605999999999768,-0.2394000000000229,1,0,1,0,0.4605999999999768,39.539999999999964,10.019999999999982,0.2195608782434952,19.110000000000127,0.7791732077446483,5.109999999999673,4.843000000000098,0.004,1.0,,,15,4,4.0,2024
2024-04-30 15:00:00+00:00|-1.0|handoff_align_follow_h15_tp06_sl065,2024-04-30 15:00:00+00:00,STAGE28A,data/reports/stage28a_discovery_factory_batch_runner/stage28a_exact_trades.csv,session_handoff_imbalance_v1,handoff_align_follow_h15_tp06_sl065,1.3911999999999352,0.3411999999999353,-0.3588000000000644,1,0,1,0,0.3411999999999353,26.919999999999618,9.320000000000164,0.6115879828326366,18.879999999999654,0.7733050847457721,5.989999999999782,5.071000000000003,0.016,-1.0,,,15,1,4.0,2024
2024-05-02 15:00:00+00:00|-1.0|handoff_align_follow_h15_tp06_sl065,2024-05-02 15:00:00+00:00,STAGE28A,data/reports/stage28a_discovery_factory_batch_runner/stage28a_exact_trades.csv,session_handoff_imbalance_v1,handoff_align_follow_h15_tp06_sl065,1.643199999999888,0.593199999999888,-0.1068000000001117,1,0,1,0,0.593199999999888,46.82999999999993,9.070000000000164,0.1422271223814708,22.340000000000146,0.8012533572068028,5.400000000000091,7.806000000000085,0.652,-1.0,,,15,3,5.0,2024
2024-05-03 15:00:00+00:00|-1.0|handoff_align_follow_h15_tp06_sl065,2024-05-03 15:00:00+00:00,STAGE28A,data/reports/stage28a_discovery_factory_batch_runner/stage28a_exact_trades.csv,session_handoff_imbalance_v1,handoff_align_follow_h15_tp06_sl065,1.128399999999965,0.0783999999999651,-0.6216000000000346,1,0,0,0,0.0783999999999651,41.09999999999991,6.440000000000055,0.2096273291925307,10.970000000000255,0.08477666362810113,3.5299999999997453,4.2589999999999915,0.004,-1.0,,,15,4,5.0,2024
2024-05-06 15:00:00+00:00|1.0|handoff_align_follow_h15_tp06_sl065,2024-05-06 15:00:00+00:00,STAGE28A,data/reports/stage28a_discovery_factory_batch_runner/stage28a_exact_trades.csv,session_handoff_imbalance_v1,handoff_align_follow_h15_tp06_sl065,1.4967999999998027,0.4467999999998029,-0.2532000000001968,1,0,1,0,0.4467999999998029,5.210000000000036,23.519999999999982,0.32312925170067663,16.170000000000073,0.741496598639439,6.4099999999998545,6.3159999999999625,0.28,1.0,,,15,0,5.0,2024
2024-05-07 15:00:00+00:00|-1.0|handoff_align_follow_h15_tp06_sl065,2024-05-07 15:00:00+00:00,STAGE28A,data/reports/stage28a_discovery_factory_batch_runner/stage28a_exact_trades.csv,session_handoff_imbalance_v1,handoff_align_follow_h15_tp06_sl065,1.29429999999993,0.2442999999999302,-0.4557000000000695,1,0,1,0,0.2442999999999302,40.370000000000346,10.279999999999745,0.17217898832685075,13.360000000000127,0.8345808383233181,4.380000000000109,4.688499999999976,0.012,-1.0,,,15,1,5.0,2024
2024-05-10 15:00:00+00:00|1.0|handoff_align_follow_h15_tp06_sl065,2024-05-10 15:00:00+00:00,STAGE28A,data/reports/stage28a_discovery_factory_batch_runner/stage28a_exact_trades.csv,session_handoff_imbalance_v1,handoff_align_follow_h15_tp06_sl065,1.4551000000000385,0.4051000000000386,-0.2948999999999611,1,0,1,0,0.4051000000000386,40.63999999999987,10.659999999999854,0.6716697936210086,24.079999999999927,0.7936046511627984,4.440000000000055,5.255499999999984,0.244,1.0,,,15,4,5.0,2024
2024-05-13 15:00:00+00:00|-1.0|handoff_align_follow_h15_tp06_sl065,2024-05-13 15:00:00+00:00,STAGE28A,data/reports/stage28a_discovery_factory_batch_runner/stage28a_exact_trades.csv,session_handoff_imbalance_v1,handoff_align_follow_h15_tp06_sl065,1.4830000000000836,0.4330000000000837,-0.2669999999999159,1,0,1,0,0.4330000000000837,3.4299999999998363,9.710000000000036,0.4582904222451345,18.139999999999873,0.9404630650496177,8.150000000000091,4.750000000000045,0.084,-1.0,,,15,0,5.0,2024
2024-05-14 15:00:00+00:00|1.0|handoff_align_follow_h15_tp06_sl065,2024-05-14 15:00:00+00:00,STAGE28A,data/reports/stage28a_discovery_factory_batch_runner/stage28a_exact_trades.csv,session_handoff_imbalance_v1,handoff_align_follow_h15_tp06_sl065,-1.992875000000004,-3.0428750000000035,-3.7428750000000033,0,0,0,0,3.0428750000000035,32.95000000000027,9.570000000000164,0.5862068965517274,12.2800000000002,0.2394136807817595,3.7600000000002183,3.8019999999999983,0.004,1.0,,,15,1,5.0,2024
2024-05-15 15:00:00+00:00|1.0|handoff_align_follow_h15_tp06_sl065,2024-05-15 15:00:00+00:00,STAGE28A,data/reports/stage28a_discovery_factory_batch_runner/stage28a_exact_trades.csv,session_handoff_imbalance_v1,handoff_align_follow_h15_tp06_sl065,-2.0400000000000547,-3.0900000000000545,-3.790000000000054,0,0,0,1,3.0900000000000545,24.920000000000073,6.110000000000127,0.46808510638298984,18.5300000000002,0.47706422018348893,4.7400000000002365,4.315000000000055,0.032,1.0,,,15,2,5.0,2024
2024-05-16 15:00:00+00:00|-1.0|handoff_align_follow_h15_tp06_sl065,2024-05-16 15:00:00+00:00,STAGE28A,data/reports/stage28a_discovery_factory_batch_runner/stage28a_exact_trades.csv,session_handoff_imbalance_v1,handoff_align_follow_h15_tp06_sl065,1.246900000000005,0.1969000000000051,-0.5030999999999946,1,0,1,0,0.1969000000000051,38.40000000000009,13.050000000000182,0.029885057471289042,10.909999999999854,0.31072410632446545,5.059999999999945,5.060000000000014,0.272,-1.0,,,15,3,5.0,2024
2024-05-20 15:00:00+00:00|1.0|handoff_align_follow_h15_tp06_sl065,2024-05-20 15:00:00+00:00,STAGE28A,data/reports/stage28a_discovery_factory_batch_runner/stage28a_exact_trades.csv,session_handoff_imbalance_v1,handoff_align_follow_h15_tp06_sl065,2.4814000000000305,1.4314000000000306,0.7314000000000309,1,1,1,0,1.4314000000000306,8.409999999999854,24.050000000000182,0.8261954261954154,18.210000000000036,0.220757825370674,9.519999999999982,8.545999999999912,0.964,1.0,,,15,0,5.0,2024
2024-05-23 15:00:00+00:00|-1.0|handoff_align_follow_h15_tp06_sl065,2024-05-23 15:00:00+00:00,STAGE28A,data/reports/stage28a_discovery_factory_batch_runner/stage28a_exact_trades.csv,session_handoff_imbalance_v1,handoff_align_follow_h15_tp06_sl065,1.410699999999815,0.3606999999998153,-0.3393000000001844,1,0,1,0,0.3606999999998153,51.76999999999998,16.980000000000018,0.47820965842166563,19.029999999999745,0.44245927482922676,3.7199999999998,6.709500000000025,0.604,-1.0,,,15,3,5.0,2024
2024-05-28 15:00:00+00:00|-1.0|handoff_align_follow_h15_tp06_sl065,2024-05-28 15:00:00+00:00,STAGE28A,data/reports/stage28a_discovery_factory_batch_runner/stage28a_exact_trades.csv,session_handoff_imbalance_v1,handoff_align_follow_h15_tp06_sl065,0.9715000000000146,-0.0784999999999853,-0.7784999999999851,0,0,0,0,0.0784999999999853,26.420000000000073,7.220000000000255,0.17313019390581108,13.699999999999818,0.5335766423357695,4.860000000000127,3.7830000000000155,0.012,-1.0,,,15,1,5.0,2024
2024-05-29 15:00:00+00:00|-1.0|handoff_align_follow_h15_tp06_sl065,2024-05-29 15:00:00+00:00,STAGE28A,data/reports/stage28a_discovery_factory_batch_runner/stage28a_exact_trades.csv,session_handoff_imbalance_v1,handoff_align_follow_h15_tp06_sl065,1.4374000000001614,0.3874000000001616,-0.3125999999998381,1,0,1,0,0.3874000000001616,24.059999999999945,7.930000000000291,0.12862547288776097,20.700000000000273,0.6120772946859638,8.269999999999982,4.890000000000077,0.188,-1.0,,,15,2,5.0,2024
2024-05-31 15:00:00+00:00|-1.0|handoff_align_follow_h15_tp06_sl065,2024-05-31 15:00:00+00:00,STAGE28A,data/reports/stage28a_discovery_factory_batch_runner/stage28a_exact_trades.csv,session_handoff_imbalance_v1,handoff_align_follow_h15_tp06_sl065,0.7795000000000073,-0.2704999999999926,-0.9704999999999924,0,0,0,0,0.2704999999999926,29.38000000000011,10.739999999999782,0.036312849162000053,7.370000000000346,0.21709633649929905,2.299999999999727,4.171000000000072,0.048,-1.0,,,15,4,5.0,2024
2024-06-04 15:00:00+00:00|-1.0|handoff_align_follow_h15_tp06_sl065,2024-06-04 15:00:00+00:00,STAGE28A,data/reports/stage28a_discovery_factory_batch_runner/stage28a_exact_trades.csv,session_handoff_imbalance_v1,handoff_align_follow_h15_tp06_sl065,-2.379625000000124,-3.429625000000124,-4.129625000000123,0,0,0,1,3.429625000000124,40.159999999999854,9.600000000000364,0.5281249999999971,25.079999999999927,0.6399521531100569,4.440000000000055,4.886999999999989,0.124,-1.0,,,15,1,6.0,2024
2024-06-10 15:00:00+00:00|-1.0|handoff_align_follow_h15_tp06_sl065,2024-06-10 15:00:00+00:00,STAGE28A,data/reports/stage28a_discovery_factory_batch_runner/stage28a_exact_trades.csv,session_handoff_imbalance_v1,handoff_align_follow_h15_tp06_sl065,1.343499999999858,0.2934999999998582,-0.4065000000001415,1,0,1,0,0.2934999999998582,8.61999999999989,11.609999999999673,0.18518518518519825,9.740000000000236,0.0020533880903471587,7.420000000000073,6.237000000000012,0.712,-1.0,,,15,0,6.0,2024
2024-06-12 15:00:00+00:00|-1.0|handoff_align_follow_h15_tp06_sl065,2024-06-12 15:00:00+00:00,STAGE28A,data/reports/stage28a_discovery_factory_batch_runner/stage28a_exact_trades.csv,session_handoff_imbalance_v1,handoff_align_follow_h15_tp06_sl065,0.814600000000064,-0.2353999999999358,-0.9353999999999356,0,0,0,0,0.2353999999999358,22.36999999999989,6.8400000000001455,0.42690058479532317,6.910000000000309,0.00289435600578595,2.5300000000002,3.584500000000003,0.004,-1.0,,,15,2,6.0,2024
2024-06-14 15:00:00+00:00|1.0|handoff_align_follow_h15_tp06_sl065,2024-06-14 15:00:00+00:00,STAGE28A,data/reports/stage28a_discovery_factory_batch_runner/stage28a_exact_trades.csv,session_handoff_imbalance_v1,handoff_align_follow_h15_tp06_sl065,1.9093000000001663,0.8593000000001667,0.1593000000001669,1,1,1,0,0.8593000000001667,31.159999999999854,7.050000000000182,0.35886524822690496,19.139999999999873,0.8949843260188204,10.480000000000018,4.723500000000035,0.12,1.0,,,15,4,6.0,2024
2024-06-17 15:00:00+00:00|-1.0|handoff_align_follow_h15_tp06_sl065,2024-06-17 15:00:00+00:00,STAGE28A,data/reports/stage28a_discovery_factory_batch_runner/stage28a_exact_trades.csv,session_handoff_imbalance_v1,handoff_align_follow_h15_tp06_sl065,1.1328999999999725,0.0828999999999724,-0.6171000000000273,1,0,0,0,0.0828999999999724,5.4099999999998545,11.420000000000073,0.39229422066549824,10.769999999999982,0.4001857010213512,4.289999999999964,4.129999999999927,0.024,-1.0,,,15,0,6.0,2024
2024-06-19 15:00:00+00:00|1.0|handoff_align_follow_h15_tp06_sl065,2024-06-19 15:00:00+00:00,STAGE28A,data/reports/stage28a_discovery_factory_batch_runner/stage28a_exact_trades.csv,session_handoff_imbalance_v1,handoff_align_follow_h15_tp06_sl065,0.8286999999999353,-0.2213000000000646,-0.9213000000000644,0,0,0,0,0.2213000000000646,26.699999999999818,5.2199999999998,0.003831417624517735,8.190000000000055,0.020757020757029503,5.25,3.0859999999999674,0.004,1.0,,,15,2,6.0,2024
2024-06-21 15:00:00+00:00|1.0|handoff_align_follow_h15_tp06_sl065,2024-06-21 15:00:00+00:00,STAGE28A,data/reports/stage28a_discovery_factory_batch_runner/stage28a_exact_trades.csv,session_handoff_imbalance_v1,handoff_align_follow_h15_tp06_sl065,1.205499999999938,0.1554999999999382,-0.5445000000000615,1,0,1,0,0.1554999999999382,37.65000000000009,7.75,0.3496774193548434,13.009999999999764,0.13374327440432499,5.2400000000002365,3.930000000000041,0.104,1.0,,,15,4,6.0,2024
2024-06-24 15:00:00+00:00|1.0|handoff_align_follow_h15_tp06_sl065,2024-06-24 15:00:00+00:00,STAGE28A,data/reports/stage28a_discovery_factory_batch_runner/stage28a_exact_trades.csv,session_handoff_imbalance_v1,handoff_align_follow_h15_tp06_sl065,-2.1852749999999106,-3.2352749999999104,-3.93527499999991,0,0,0,1,3.2352749999999104,4.9099999999998545,8.980000000000018,0.4376391982182437,11.960000000000036,0.033444816053519205,3.950000000000273,4.793500000000018,0.312,1.0,,,15,0,6.0,2024
2024-06-26 15:00:00+00:00|-1.0|handoff_align_follow_h15_tp06_sl065,2024-06-26 15:00:00+00:00,STAGE28A,data/reports/stage28a_discovery_factory_batch_runner/stage28a_exact_trades.csv,session_handoff_imbalance_v1,handoff_align_follow_h15_tp06_sl065,1.5141999999999824,0.4641999999999826,-0.2358000000000171,1,0,1,0,0.4641999999999826,21.789999999999964,13.350000000000364,0.2636704119850102,8.690000000000055,0.11047180667434181,9.550000000000182,5.2260000000000675,0.488,-1.0,,,15,2,6.0,2024
2024-06-27 15:00:00+00:00|1.0|handoff_align_follow_h15_tp06_sl065,2024-06-27 15:00:00+00:00,STAGE28A,data/reports/stage28a_discovery_factory_batch_runner/stage28a_exact_trades.csv,session_handoff_imbalance_v1,handoff_align_follow_h15_tp06_sl065,-1.9951499999998303,-3.0451499999998304,-3.74514999999983,0,0,0,0,3.0451499999998304,30.350000000000364,3.3899999999998727,0.22123893805310565,17.429999999999836,0.7917383820998457,4.4699999999998,3.266999999999939,0.028,1.0,,,15,3,6.0,2024
2024-07-01 15:00:00+00:00|1.0|handoff_align_follow_h15_tp06_sl065,2024-07-01 15:00:00+00:00,STAGE28A,data/reports/stage28a_discovery_factory_batch_runner/stage28a_exact_trades.csv,session_handoff_imbalance_v1,handoff_align_follow_h15_tp06_sl065,1.1536000000000055,0.1036000000000059,-0.5963999999999938,1,0,0,0,0.1036000000000059,4.139999999999873,6.389999999999873,0.03442879499214465,10.980000000000018,0.24590163934424533,6.170000000000073,4.290999999999985,0.248,1.0,,,15,0,7.0,2024
2024-07-03 15:00:00+00:00|1.0|handoff_align_follow_h15_tp06_sl065,2024-07-03 15:00:00+00:00,STAGE28A,data/reports/stage28a_discovery_factory_batch_runner/stage28a_exact_trades.csv,session_handoff_imbalance_v1,handoff_align_follow_h15_tp06_sl065,1.314400000000114,0.2644000000001143,-0.4355999999998854,1,0,1,0,0.2644000000001143,17.820000000000164,5.660000000000309,0.28798586572430485,15.799999999999727,0.9164556962025199,4.480000000000018,3.9264999999999874,0.124,1.0,,,15,2,7.0,2024
2024-07-05 15:00:00+00:00|1.0|handoff_align_follow_h15_tp06_sl065,2024-07-05 15:00:00+00:00,STAGE28A,data/reports/stage28a_discovery_factory_batch_runner/stage28a_exact_trades.csv,session_handoff_imbalance_v1,handoff_align_follow_h15_tp06_sl065,1.0111000000000785,-0.0388999999999213,-0.7388999999999211,0,0,0,0,0.0388999999999213,12.179999999999836,8.960000000000036,0.49218750000003253,6.680000000000291,0.08532934131731798,3.7099999999995816,3.140499999999997,0.044,1.0,,,15,4,7.0,2024
2024-07-08 15:00:00+00:00|-1.0|handoff_align_follow_h15_tp06_sl065,2024-07-08 15:00:00+00:00,STAGE28A,data/reports/stage28a_discovery_factory_batch_runner/stage28a_exact_trades.csv,session_handoff_imbalance_v1,handoff_align_follow_h15_tp06_sl065,-1.8710000000001856,-2.921000000000185,-3.621000000000185,0,0,0,0,2.921000000000185,5.289999999999964,10.420000000000073,0.22936660268716993,18.5,0.6929729729729818,3.2799999999997453,4.786999999999966,0.448,-1.0,,,15,0,7.0,2024
2024-07-10 15:00:00+00:00|1.0|handoff_align_follow_h15_tp06_sl065,2024-07-10 15:00:00+00:00,STAGE28A,data/reports/stage28a_discovery_factory_batch_runner/stage28a_exact_trades.csv,session_handoff_imbalance_v1,handoff_align_follow_h15_tp06_sl065,0.7144000000002052,-0.3355999999997947,-1.0355999999997945,0,0,0,0,0.3355999999997947,22.20999999999958,7.329999999999927,0.5184174624829767,8.309999999999945,0.4500601684716975,5.960000000000036,3.4885000000000446,0.104,1.0,,,15,2,7.0,2024
2024-07-11 15:00:00+00:00|1.0|handoff_align_follow_h15_tp06_sl065,2024-07-11 15:00:00+00:00,STAGE28A,data/reports/stage28a_discovery_factory_batch_runner/stage28a_exact_trades.csv,session_handoff_imbalance_v1,handoff_align_follow_h15_tp06_sl065,-1.8378499999999804,-2.8878499999999803,-3.58784999999998,0,0,0,0,2.8878499999999803,23.670000000000073,9.08999999999969,0.6567656765677071,6.099999999999909,0.8606557377049309,4.349999999999909,3.2700000000000045,0.068,1.0,,,15,3,7.0,2024
2024-07-12 15:00:00+00:00|-1.0|handoff_align_follow_h15_tp06_sl065,2024-07-12 15:00:00+00:00,STAGE28A,data/reports/stage28a_discovery_factory_batch_runner/stage28a_exact_trades.csv,session_handoff_imbalance_v1,handoff_align_follow_h15_tp06_sl065,1.1638000000001738,0.1138000000001739,-0.5861999999998257,1,0,0,0,0.1138000000001739,53.38999999999987,9.550000000000182,0.5350785340313692,9.760000000000218,0.3893442622950453,4.369999999999891,4.5915000000000195,0.324,-1.0,,,15,4,7.0,2024
2024-07-15 15:00:00+00:00|1.0|handoff_align_follow_h15_tp06_sl065,2024-07-15 15:00:00+00:00,STAGE28A,data/reports/stage28a_discovery_factory_batch_runner/stage28a_exact_trades.csv,session_handoff_imbalance_v1,handoff_align_follow_h15_tp06_sl065,-1.9948249999998555,-3.044824999999855,-3.744824999999855,0,0,0,0,3.044824999999855,7.980000000000018,9.950000000000273,0.40703517587940413,12.690000000000055,0.06619385342790716,5.860000000000127,4.534000000000015,0.284,1.0,,,15,0,7.0,2024
2024-07-16 15:00:00+00:00|1.0|handoff_align_follow_h15_tp06_sl065,2024-07-16 15:00:00+00:00,STAGE28A,data/reports/stage28a_discovery_factory_batch_runner/stage28a_exact_trades.csv,session_handoff_imbalance_v1,handoff_align_follow_h15_tp06_sl065,1.3320999999999912,0.2820999999999913,-0.4179000000000084,1,0,1,0,0.2820999999999913,38.409999999999854,11.559999999999945,0.6643598615916845,18.269999999999982,0.75478927203065,4.239999999999782,4.794499999999994,0.364,1.0,,,15,1,7.0,2024
2024-07-17 15:00:00+00:00|1.0|handoff_align_follow_h15_tp06_sl065,2024-07-17 15:00:00+00:00,STAGE28A,data/reports/stage28a_discovery_factory_batch_runner/stage28a_exact_trades.csv,session_handoff_imbalance_v1,handoff_align_follow_h15_tp06_sl065,-2.78164999999999,-3.8316499999999913,-4.53164999999999,0,0,0,1,3.8316499999999913,49.659999999999854,18.299999999999727,0.15191256830602412,17.019999999999982,0.18801410105759556,5.989999999999782,6.6160000000000085,0.868,1.0,,,15,2,7.0,2024
2024-07-19 15:00:00+00:00|-1.0|handoff_align_follow_h15_tp06_sl065,2024-07-19 15:00:00+00:00,STAGE28A,data/reports/stage28a_discovery_factory_batch_runner/stage28a_exact_trades.csv,session_handoff_imbalance_v1,handoff_align_follow_h15_tp06_sl065,-2.61037499999984,-3.66037499999984,-4.36037499999984,0,0,0,1,3.66037499999984,34.84999999999991,24.679999999999836,0.6288492706645091,16.5,0.7678787878787923,5.869999999999891,6.76749999999995,0.792,-1.0,,,15,4,7.0,2024
2024-07-22 15:00:00+00:00|-1.0|handoff_align_follow_h15_tp06_sl065,2024-07-22 15:00:00+00:00,STAGE28A,data/reports/stage28a_discovery_factory_batch_runner/stage28a_exact_trades.csv,session_handoff_imbalance_v1,handoff_align_follow_h15_tp06_sl065,-2.214849999999933,-3.264849999999933,-3.9648499999999327,0,0,0,1,3.264849999999933,11.319999999999709,11.819999999999709,0.38494077834181845,8.450000000000273,0.2816568047337316,9.58999999999969,5.305999999999995,0.372,-1.0,,,15,0,7.0,2024
2024-07-23 15:00:00+00:00|1.0|handoff_align_follow_h15_tp06_sl065,2024-07-23 15:00:00+00:00,STAGE28A,data/reports/stage28a_discovery_factory_batch_runner/stage28a_exact_trades.csv,session_handoff_imbalance_v1,handoff_align_follow_h15_tp06_sl065,-2.471274999999969,-3.5212749999999686,-4.221274999999968,0,0,0,1,3.5212749999999686,28.23999999999978,9.199999999999818,0.34239130434784276,20.019999999999982,0.43806193806193755,5.960000000000036,4.96700000000003,0.208,1.0,,,15,1,7.0,2024
2024-07-25 15:00:00+00:00|-1.0|handoff_align_follow_h15_tp06_sl065,2024-07-25 15:00:00+00:00,STAGE28A,data/reports/stage28a_discovery_factory_batch_runner/stage28a_exact_trades.csv,session_handoff_imbalance_v1,handoff_align_follow_h15_tp06_sl065,-3.0396999999999026,-4.089699999999903,-4.789699999999902,0,0,0,1,4.089699999999903,35.4699999999998,34.38999999999987,0.6685082872928138,12.909999999999854,0.0859798605732099,13.629999999999654,8.551499999999919,0.972,-1.0,,,15,3,7.0,2024
2024-07-26 15:00:00+00:00|1.0|handoff_align_follow_h15_tp06_sl065,2024-07-26 15:00:00+00:00,STAGE28A,data/reports/stage28a_discovery_factory_batch_runner/stage28a_exact_trades.csv,session_handoff_imbalance_v1,handoff_align_follow_h15_tp06_sl065,-2.0120499999999084,-3.062049999999908,-3.762049999999908,0,0,0,0,3.062049999999908,48.190000000000055,23.550000000000182,0.36390658174096147,10.0300000000002,0.19541375872382824,5.5300000000002,6.15750000000005,0.508,1.0,,,15,4,7.0,2024
2024-07-29 15:00:00+00:00|-1.0|handoff_align_follow_h15_tp06_sl065,2024-07-29 15:00:00+00:00,STAGE28A,data/reports/stage28a_discovery_factory_batch_runner/stage28a_exact_trades.csv,session_handoff_imbalance_v1,handoff_align_follow_h15_tp06_sl065,1.4284000000001469,0.378400000000147,-0.3215999999998526,1,0,1,0,0.378400000000147,16.730000000000018,16.730000000000018,0.06933652121938481,9.190000000000055,0.17954298150159156,6.170000000000073,6.170999999999981,0.436,-1.0,,,15,0,7.0,2024
2024-07-30 15:00:00+00:00|1.0|handoff_align_follow_h15_tp06_sl065,2024-07-30 15:00:00+00:00,STAGE28A,data/reports/stage28a_discovery_factory_batch_runner/stage28a_exact_trades.csv,session_handoff_imbalance_v1,handoff_align_follow_h15_tp06_sl065,0.8641000000001441,-0.1858999999998558,-0.8858999999998556,0,0,0,0,0.1858999999998558,33.460000000000036,9.460000000000036,0.18181818181820805,6.4099999999998545,0.5397815912636684,5.260000000000218,4.060000000000059,0.004,1.0,,,15,1,7.0,2024
2024-07-31 15:00:00+00:00|1.0|handoff_align_follow_h15_tp06_sl065,2024-07-31 15:00:00+00:00,STAGE28A,data/reports/stage28a_discovery_factory_batch_runner/stage28a_exact_trades.csv,session_handoff_imbalance_v1,handoff_align_follow_h15_tp06_sl065,1.227099999999973,0.1770999999999731,-0.5229000000000266,1,0,1,0,0.1770999999999731,36.43000000000029,15.139999999999873,0.47159841479523995,10.990000000000236,0.4003639672429478,5.179999999999836,6.097500000000105,0.408,1.0,,,15,2,7.0,2024
2024-08-01 15:00:00+00:00|-1.0|handoff_align_follow_h15_tp06_sl065,2024-08-01 15:00:00+00:00,STAGE28A,data/reports/stage28a_discovery_factory_batch_runner/stage28a_exact_trades.csv,session_handoff_imbalance_v1,handoff_align_follow_h15_tp06_sl065,1.4172999999999774,0.3672999999999775,-0.3327000000000222,1,0,1,0,0.3672999999999775,46.98999999999978,20.950000000000273,0.23293556085919073,18.829999999999927,0.5268189060010439,8.489999999999782,6.902500000000009,0.752,-1.0,,,15,3,8.0,2024
2024-08-02 15:00:00+00:00|1.0|handoff_align_follow_h15_tp06_sl065,2024-08-02 15:00:00+00:00,STAGE28A,data/reports/stage28a_discovery_factory_batch_runner/stage28a_exact_trades.csv,session_handoff_imbalance_v1,handoff_align_follow_h15_tp06_sl065,1.3800999999997656,0.3300999999997658,-0.3699000000002339,1,0,1,0,0.3300999999997658,32.190000000000055,24.539999999999964,0.3793806030970014,14.139999999999873,0.6605374823196768,7.089999999999691,6.409000000000015,0.484,1.0,,,15,4,8.0,2024
2024-08-06 15:00:00+00:00|1.0|handoff_align_follow_h15_tp06_sl065,2024-08-06 15:00:00+00:00,STAGE28A,data/reports/stage28a_discovery_factory_batch_runner/stage28a_exact_trades.csv,session_handoff_imbalance_v1,handoff_align_follow_h15_tp06_sl065,-2.699424999999883,-3.7494249999998823,-4.4494249999998825,0,0,0,1,3.7494249999998823,94.65999999999985,13.960000000000036,0.005014326647576184,20.720000000000255,0.20945945945944197,5.040000000000418,7.43850000000009,0.624,1.0,,,15,1,8.0,2024
2024-08-08 15:00:00+00:00|1.0|handoff_align_follow_h15_tp06_sl065,2024-08-08 15:00:00+00:00,STAGE28A,data/reports/stage28a_discovery_factory_batch_runner/stage28a_exact_trades.csv,session_handoff_imbalance_v1,handoff_align_follow_h15_tp06_sl065,-2.783274999999867,-3.8332749999998663,-4.5332749999998665,0,0,0,1,3.8332749999998663,28.01000000000022,14.150000000000091,0.7519434628975127,15.019999999999982,0.1291611185086589,8.909999999999854,5.889499999999998,0.156,1.0,,,15,3,8.0,2024
2024-08-13 15:00:00+00:00|-1.0|handoff_align_follow_h15_tp06_sl065,2024-08-13 15:00:00+00:00,STAGE28A,data/reports/stage28a_discovery_factory_batch_runner/stage28a_exact_trades.csv,session_handoff_imbalance_v1,handoff_align_follow_h15_tp06_sl065,1.078899999999885,0.0288999999998851,-0.6711000000001146,1,0,0,0,0.0288999999998851,50.149999999999636,16.190000000000055,0.6331068560840003,7.660000000000309,0.3694516971279129,5.099999999999909,5.093500000000063,0.056,-1.0,,,15,1,8.0,2024
2024-08-15 15:00:00+00:00|1.0|handoff_align_follow_h15_tp06_sl065,2024-08-15 15:00:00+00:00,STAGE28A,data/reports/stage28a_discovery_factory_batch_runner/stage28a_exact_trades.csv,session_handoff_imbalance_v1,handoff_align_follow_h15_tp06_sl065,-1.6464249999999994,-2.696424999999999,-3.396424999999999,0,0,0,0,2.696424999999999,41.86000000000013,7.900000000000091,0.7367088607595059,8.480000000000018,0.36320754716980197,6.25,3.97699999999993,0.004,1.0,,,15,3,8.0,2024
2024-08-19 15:00:00+00:00|-1.0|handoff_align_follow_h15_tp06_sl065,2024-08-19 15:00:00+00:00,STAGE28A,data/reports/stage28a_discovery_factory_batch_runner/stage28a_exact_trades.csv,session_handoff_imbalance_v1,handoff_align_follow_h15_tp06_sl065,1.5565000000000508,0.506500000000051,-0.1934999999999487,1,0,1,0,0.506500000000051,7.760000000000218,14.5,0.1165517241379348,8.319999999999709,0.3978365384615458,8.669999999999618,6.309000000000014,0.456,-1.0,,,15,0,8.0,2024
2024-08-23 15:00:00+00:00|1.0|handoff_align_follow_h15_tp06_sl065,2024-08-23 15:00:00+00:00,STAGE28A,data/reports/stage28a_discovery_factory_batch_runner/stage28a_exact_trades.csv,session_handoff_imbalance_v1,handoff_align_follow_h15_tp06_sl065,1.0779999999998835,0.0279999999998836,-0.6720000000001161,1,0,0,0,0.0279999999998836,44.07999999999993,10.150000000000091,0.8068965517241361,11.450000000000273,0.5152838427947157,5.059999999999945,4.038499999999999,0.008,1.0,,,15,4,8.0,2024
2024-08-28 15:00:00+00:00|-1.0|handoff_align_follow_h15_tp06_sl065,2024-08-28 15:00:00+00:00,STAGE28A,data/reports/stage28a_discovery_factory_batch_runner/stage28a_exact_trades.csv,session_handoff_imbalance_v1,handoff_align_follow_h15_tp06_sl065,1.1914000000000668,0.141400000000067,-0.5585999999999327,1,0,0,0,0.141400000000067,22.4399999999996,15.88000000000011,0.6190176322418047,12.849999999999909,0.4513618677042621,4.690000000000055,4.725499999999966,0.076,-1.0,,,15,2,8.0,2024
2024-08-29 15:00:00+00:00|1.0|handoff_align_follow_h15_tp06_sl065,2024-08-29 15:00:00+00:00,STAGE28A,data/reports/stage28a_discovery_factory_batch_runner/stage28a_exact_trades.csv,session_handoff_imbalance_v1,handoff_align_follow_h15_tp06_sl065,1.3971999999997933,0.3471999999997934,-0.3528000000002063,1,0,1,0,0.3471999999997934,35.45000000000027,12.860000000000127,0.7449455676516199,10.539999999999964,0.5910815939278975,4.309999999999945,4.710499999999979,0.076,1.0,,,15,3,8.0,2024
2024-09-10 15:00:00+00:00|-1.0|handoff_align_follow_h15_tp06_sl065,2024-09-10 15:00:00+00:00,STAGE28A,data/reports/stage28a_discovery_factory_batch_runner/stage28a_exact_trades.csv,session_handoff_imbalance_v1,handoff_align_follow_h15_tp06_sl065,1.021599999999944,-0.0284000000000559,-0.7284000000000557,0,0,0,0,0.0284000000000559,21.75,6.220000000000255,0.7202572347266616,7.599999999999909,0.4552631578947471,2.980000000000018,3.653500000000008,0.032,-1.0,,,15,1,9.0,2024
2024-09-11 15:00:00+00:00|1.0|handoff_align_follow_h15_tp06_sl065,2024-09-11 15:00:00+00:00,STAGE28A,data/reports/stage28a_discovery_factory_batch_runner/stage28a_exact_trades.csv,session_handoff_imbalance_v1,handoff_align_follow_h15_tp06_sl065,1.216899999999805,0.1668999999998051,-0.5331000000001946,1,0,1,0,0.1668999999998051,18.289999999999964,7.5300000000002,0.3917662682602576,10.460000000000036,0.35946462715107125,3.4200000000000728,3.8190000000000053,0.06,1.0,,,15,2,9.0,2024
2024-09-12 15:00:00+00:00|1.0|handoff_align_follow_h15_tp06_sl065,2024-09-12 15:00:00+00:00,STAGE28A,data/reports/stage28a_discovery_factory_batch_runner/stage28a_exact_trades.csv,session_handoff_imbalance_v1,handoff_align_follow_h15_tp06_sl065,1.0453000000001338,-0.004699999999866,-0.7046999999998658,0,0,0,0,0.004699999999866,28.09999999999991,5.139999999999873,0.5992217898832691,7.850000000000364,0.36687898089171667,7.329999999999927,3.7734999999999443,0.048,1.0,,,15,3,9.0,2024
2024-09-13 15:00:00+00:00|1.0|handoff_align_follow_h15_tp06_sl065,2024-09-13 15:00:00+00:00,STAGE28A,data/reports/stage28a_discovery_factory_batch_runner/stage28a_exact_trades.csv,session_handoff_imbalance_v1,handoff_align_follow_h15_tp06_sl065,1.4587000000000443,0.4087000000000444,-0.2912999999999552,1,0,1,0,0.4087000000000444,49.059999999999945,13.38000000000011,0.7825112107623104,9.980000000000018,0.0621242484970285,4.600000000000364,4.927500000000009,0.4,1.0,,,15,4,9.0,2024
2024-09-16 15:00:00+00:00|1.0|handoff_align_follow_h15_tp06_sl065,2024-09-16 15:00:00+00:00,STAGE28A,data/reports/stage28a_discovery_factory_batch_runner/stage28a_exact_trades.csv,session_handoff_imbalance_v1,handoff_align_follow_h15_tp06_sl065,-2.154075000000012,-3.204075000000012,-3.9040750000000113,0,0,0,1,3.204075000000012,2.8299999999999272,11.409999999999854,0.550394390885213,10.070000000000164,0.08142999006948318,4.480000000000018,4.233000000000016,0.156,1.0,,,15,0,9.0,2024
2024-09-19 15:00:00+00:00|1.0|handoff_align_follow_h15_tp06_sl065,2024-09-19 15:00:00+00:00,STAGE28A,data/reports/stage28a_discovery_factory_batch_runner/stage28a_exact_trades.csv,session_handoff_imbalance_v1,handoff_align_follow_h15_tp06_sl065,-2.460549999999876,-3.5105499999998755,-4.210549999999875,0,0,0,1,3.5105499999998755,53.19999999999982,15.420000000000073,0.30998702983136983,35.34999999999991,0.7932107496463943,5.369999999999891,9.114999999999986,0.984,1.0,,,15,3,9.0,2024
2024-09-20 15:00:00+00:00|1.0|handoff_align_follow_h15_tp06_sl065,2024-09-20 15:00:00+00:00,STAGE28A,data/reports/stage28a_discovery_factory_batch_runner/stage28a_exact_trades.csv,session_handoff_imbalance_v1,handoff_align_follow_h15_tp06_sl065,-2.2772500000001856,-3.327250000000185,-4.027250000000185,0,0,0,1,3.327250000000185,43.789999999999964,8.75,0.41142857142856104,21.419999999999618,0.6984126984127126,5.150000000000091,4.615000000000054,0.2,1.0,,,15,4,9.0,2024
2024-09-26 15:00:00+00:00|1.0|handoff_align_follow_h15_tp06_sl065,2024-09-26 15:00:00+00:00,STAGE28A,data/reports/stage28a_discovery_factory_batch_runner/stage28a_exact_trades.csv,session_handoff_imbalance_v1,handoff_align_follow_h15_tp06_sl065,1.9228000000001884,0.8728000000001885,0.1728000000001888,1,1,1,0,0.8728000000001885,20.829999999999927,7.170000000000073,0.6094839609484382,12.570000000000164,0.49721559268098,13.309999999999945,5.193499999999949,0.376,1.0,,,15,3,9.0,2024
2024-09-30 15:00:00+00:00|-1.0|handoff_align_follow_h15_tp06_sl065,2024-09-30 15:00:00+00:00,STAGE28A,data/reports/stage28a_discovery_factory_batch_runner/stage28a_exact_trades.csv,session_handoff_imbalance_v1,handoff_align_follow_h15_tp06_sl065,1.788100000000122,0.7381000000001223,0.0381000000001225,1,1,1,0,0.7381000000001223,6.25,18.659999999999854,0.487674169346194,12.220000000000255,0.3199672667757588,8.36999999999989,6.885499999999979,0.712,-1.0,,,15,0,9.0,2024
2024-10-01 15:00:00+00:00|1.0|handoff_align_follow_h15_tp06_sl065,2024-10-01 15:00:00+00:00,STAGE28A,data/reports/stage28a_discovery_factory_batch_runner/stage28a_exact_trades.csv,session_handoff_imbalance_v1,handoff_align_follow_h15_tp06_sl065,-1.993199999999979,-3.043199999999979,-3.7431999999999785,0,0,0,0,3.043199999999979,41.48000000000002,7.730000000000018,0.3842173350582468,11.840000000000146,0.9045608108108028,5.109999999999673,4.473500000000035,0.016,1.0,,,15,1,10.0,2024
2024-10-02 15:00:00+00:00|-1.0|handoff_align_follow_h15_tp06_sl065,2024-10-02 15:00:00+00:00,STAGE28A,data/reports/stage28a_discovery_factory_batch_runner/stage28a_exact_trades.csv,session_handoff_imbalance_v1,handoff_align_follow_h15_tp06_sl065,1.325799999999981,0.2757999999999811,-0.4242000000000185,1,0,1,0,0.2757999999999811,41.01000000000022,7.730000000000018,0.862871927554988,12.019999999999982,0.20632279534109998,4.609999999999673,5.628500000000031,0.324,-1.0,,,15,2,10.0,2024
2024-10-03 15:00:00+00:00|-1.0|handoff_align_follow_h15_tp06_sl065,2024-10-03 15:00:00+00:00,STAGE28A,data/reports/stage28a_discovery_factory_batch_runner/stage28a_exact_trades.csv,session_handoff_imbalance_v1,handoff_align_follow_h15_tp06_sl065,-2.4010749999998557,-3.451074999999855,-4.151074999999855,0,0,0,1,3.451074999999855,22.240000000000236,9.679999999999836,0.3615702479338904,16.659999999999854,0.6818727490996535,5.400000000000091,4.638999999999987,0.048,-1.0,,,15,3,10.0,2024
2024-10-08 15:00:00+00:00|-1.0|handoff_align_follow_h15_tp06_sl065,2024-10-08 15:00:00+00:00,STAGE28A,data/reports/stage28a_discovery_factory_batch_runner/stage28a_exact_trades.csv,session_handoff_imbalance_v1,handoff_align_follow_h15_tp06_sl065,1.7850999999999655,0.7350999999999659,0.0350999999999661,1,1,1,0,0.7350999999999659,22.019999999999982,15.289999999999964,0.07586657946369244,17.820000000000164,0.08810325476992982,5.860000000000127,6.545499999999947,0.496,-1.0,,,15,1,10.0,2024
2024-10-09 15:00:00+00:00|-1.0|handoff_align_follow_h15_tp06_sl065,2024-10-09 15:00:00+00:00,STAGE28A,data/reports/stage28a_discovery_factory_batch_runner/stage28a_exact_trades.csv,session_handoff_imbalance_v1,handoff_align_follow_h15_tp06_sl065,1.3888000000000829,0.338800000000083,-0.3611999999999167,1,0,1,0,0.338800000000083,48.34999999999991,9.390000000000327,0.5175718849840211,15.210000000000036,0.05588428665351131,5.460000000000036,5.504500000000053,0.172,-1.0,,,15,2,10.0,2024
2024-10-10 15:00:00+00:00|1.0|handoff_align_follow_h15_tp06_sl065,2024-10-10 15:00:00+00:00,STAGE28A,data/reports/stage28a_discovery_factory_batch_runner/stage28a_exact_trades.csv,session_handoff_imbalance_v1,handoff_align_follow_h15_tp06_sl065,-1.8719750000001116,-2.9219750000001112,-3.621975000000111,0,0,0,0,2.9219750000001112,19.230000000000018,10.960000000000036,0.2636861313868903,8.2199999999998,0.6630170316301643,7.599999999999909,4.438999999999941,0.012,1.0,,,15,3,10.0,2024
2024-10-14 15:00:00+00:00|1.0|handoff_align_follow_h15_tp06_sl065,2024-10-14 15:00:00+00:00,STAGE28A,data/reports/stage28a_discovery_factory_batch_runner/stage28a_exact_trades.csv,session_handoff_imbalance_v1,handoff_align_follow_h15_tp06_sl065,1.327900000000136,0.2779000000001361,-0.4220999999998636,1,0,1,0,0.2779000000001361,11.429999999999836,14.259999999999764,0.3709677419354875,11.480000000000018,0.24912891986063787,5.779999999999745,5.601499999999919,0.192,1.0,,,15,0,10.0,2024
2024-10-16 15:00:00+00:00|1.0|handoff_align_follow_h15_tp06_sl065,2024-10-16 15:00:00+00:00,STAGE28A,data/reports/stage28a_discovery_factory_batch_runner/stage28a_exact_trades.csv,session_handoff_imbalance_v1,handoff_align_follow_h15_tp06_sl065,-1.96200000000008,-3.01200000000008,-3.71200000000008,0,0,0,0,3.01200000000008,31.110000000000127,11.359999999999673,0.4383802816901551,17.08999999999969,0.7577530719719431,7.680000000000291,4.873000000000024,0.044,1.0,,,15,2,10.0,2024
2024-10-17 15:00:00+00:00|1.0|handoff_align_follow_h15_tp06_sl065,2024-10-17 15:00:00+00:00,STAGE28A,data/reports/stage28a_discovery_factory_batch_runner/stage28a_exact_trades.csv,session_handoff_imbalance_v1,handoff_align_follow_h15_tp06_sl065,1.4700999999999111,0.4200999999999113,-0.2799000000000884,1,0,1,0,0.4200999999999113,26.559999999999945,11.63000000000011,0.2579535683576932,9.230000000000018,0.2979414951245931,7.730000000000018,4.624499999999943,0.024,1.0,,,15,3,10.0,2024
2024-10-22 15:00:00+00:00|1.0|handoff_align_follow_h15_tp06_sl065,2024-10-22 15:00:00+00:00,STAGE28A,data/reports/stage28a_discovery_factory_batch_runner/stage28a_exact_trades.csv,session_handoff_imbalance_v1,handoff_align_follow_h15_tp06_sl065,-2.2190750000000663,-3.269075000000066,-3.969075000000066,0,0,0,1,3.269075000000066,26.529999999999745,14.860000000000127,0.6917900403768581,9.539999999999964,0.06918238993709193,9.7800000000002,5.379999999999972,0.212,1.0,,,15,1,10.0,2024
2024-10-24 15:00:00+00:00|1.0|handoff_align_follow_h15_tp06_sl065,2024-10-24 15:00:00+00:00,STAGE28A,data/reports/stage28a_discovery_factory_batch_runner/stage28a_exact_trades.csv,session_handoff_imbalance_v1,handoff_align_follow_h15_tp06_sl065,-1.847600000000148,-2.897600000000148,-3.597600000000148,0,0,0,0,2.897600000000148,49.92000000000007,12.279999999999745,0.39576547231272213,16.420000000000073,0.8361753958587063,4.4900000000002365,4.483500000000049,0.012,1.0,,,15,3,10.0,2024
2024-10-25 15:00:00+00:00|-1.0|handoff_align_follow_h15_tp06_sl065,2024-10-25 15:00:00+00:00,STAGE28A,data/reports/stage28a_discovery_factory_batch_runner/stage28a_exact_trades.csv,session_handoff_imbalance_v1,handoff_align_follow_h15_tp06_sl065,-2.3659749999997985,-3.4159749999997984,-4.115974999999798,0,0,0,1,3.4159749999997984,29.029999999999745,11.730000000000018,0.7357203751065725,15.730000000000018,0.3146853146853317,8.320000000000164,4.650999999999977,0.032,-1.0,,,15,4,10.0,2024
2024-10-28 15:00:00+00:00|-1.0|handoff_align_follow_h15_tp06_sl065,2024-10-28 15:00:00+00:00,STAGE28A,data/reports/stage28a_discovery_factory_batch_runner/stage28a_exact_trades.csv,session_handoff_imbalance_v1,handoff_align_follow_h15_tp06_sl065,1.6507000000000516,0.6007000000000517,-0.0992999999999479,1,0,1,0,0.6007000000000517,10.010000000000218,15.480000000000018,0.062015503875941895,16.909999999999854,0.06386753400357134,4.449999999999818,5.730000000000018,0.492,-1.0,,,15,0,10.0,2024
2024-10-30 15:00:00+00:00|1.0|handoff_align_follow_h15_tp06_sl065,2024-10-30 15:00:00+00:00,STAGE28A,data/reports/stage28a_discovery_factory_batch_runner/stage28a_exact_trades.csv,session_handoff_imbalance_v1,handoff_align_follow_h15_tp06_sl065,-2.364674999999897,-3.4146749999998973,-4.114674999999897,0,0,0,1,3.4146749999998973,35.41000000000031,9.389999999999873,0.7518636847710374,11.7800000000002,0.0008488964346534898,9.879999999999654,4.970499999999992,0.116,1.0,,,15,2,10.0,2024
2024-10-31 15:00:00+00:00|-1.0|handoff_align_follow_h15_tp06_sl065,2024-10-31 15:00:00+00:00,STAGE28A,data/reports/stage28a_discovery_factory_batch_runner/stage28a_exact_trades.csv,session_handoff_imbalance_v1,handoff_align_follow_h15_tp06_sl065,-2.3978250000001027,-3.4478250000001025,-4.147825000000102,0,0,0,1,3.4478250000001025,19.139999999999873,8.029999999999745,0.2889165628891952,13.509999999999764,0.2672094744633409,10.149999999999636,4.736999999999943,0.056,-1.0,,,15,3,10.0,2024
2024-11-04 15:00:00+00:00|1.0|handoff_align_follow_h15_tp06_sl065,2024-11-04 15:00:00+00:00,STAGE28A,data/reports/stage28a_discovery_factory_batch_runner/stage28a_exact_trades.csv,session_handoff_imbalance_v1,handoff_align_follow_h15_tp06_sl065,-2.415375000000131,-3.465375000000131,-4.165375000000131,0,0,0,1,3.465375000000131,10.75,12.879999999999654,0.19720496894410183,13.289999999999964,0.15876598946573953,4.510000000000218,6.110500000000002,0.604,1.0,,,15,0,11.0,2024
2024-11-06 15:00:00+00:00|-1.0|handoff_align_follow_h15_tp06_sl065,2024-11-06 15:00:00+00:00,STAGE28A,data/reports/stage28a_discovery_factory_batch_runner/stage28a_exact_trades.csv,session_handoff_imbalance_v1,handoff_align_follow_h15_tp06_sl065,-5.203549999999813,-6.253549999999814,-6.953549999999813,0,0,0,1,6.253549999999814,25.340000000000146,18.98999999999978,0.20326487625066728,42.35999999999967,0.5153446647780948,14.690000000000055,12.113999999999896,1.0,-1.0,,,15,2,11.0,2024
2024-11-08 15:00:00+00:00|-1.0|handoff_align_follow_h15_tp06_sl065,2024-11-08 15:00:00+00:00,STAGE28A,data/reports/stage28a_discovery_factory_batch_runner/stage28a_exact_trades.csv,session_handoff_imbalance_v1,handoff_align_follow_h15_tp06_sl065,1.8247000000000295,0.7747000000000299,0.0747000000000301,1,1,1,0,0.7747000000000299,66.90999999999985,17.09999999999991,0.7777777777777659,16.240000000000236,0.3232758620689608,6.900000000000091,6.871499999999969,0.684,-1.0,,,15,4,11.0,2024
2024-11-11 15:00:00+00:00|-1.0|handoff_align_follow_h15_tp06_sl065,2024-11-11 15:00:00+00:00,STAGE28A,data/reports/stage28a_discovery_factory_batch_runner/stage28a_exact_trades.csv,session_handoff_imbalance_v1,handoff_align_follow_h15_tp06_sl065,2.064099999999962,1.0140999999999625,0.3140999999999625,1,1,1,0,1.0140999999999625,4.230000000000018,19.7199999999998,0.6866125760649139,14.38000000000011,0.7183588317107304,6.400000000000091,5.939999999999986,0.292,-1.0,,,15,0,11.0,2024
2024-11-12 15:00:00+00:00|-1.0|handoff_align_follow_h15_tp06_sl065,2024-11-12 15:00:00+00:00,STAGE28A,data/reports/stage28a_discovery_factory_batch_runner/stage28a_exact_trades.csv,session_handoff_imbalance_v1,handoff_align_follow_h15_tp06_sl065,-3.502825000000121,-4.552825000000121,-5.25282500000012,0,0,0,1,4.552825000000121,75.67999999999984,11.579999999999927,0.5397236614853229,28.460000000000036,0.7350667603654267,9.25,6.865499999999929,0.556,-1.0,,,15,1,11.0,2024
2024-11-13 15:00:00+00:00|1.0|handoff_align_follow_h15_tp06_sl065,2024-11-13 15:00:00+00:00,STAGE28A,data/reports/stage28a_discovery_factory_batch_runner/stage28a_exact_trades.csv,session_handoff_imbalance_v1,handoff_align_follow_h15_tp06_sl065,1.4808999999999286,0.4308999999999288,-0.2691000000000709,1,0,1,0,0.4308999999999288,37.48000000000002,15.940000000000055,0.4567126725219398,10.599999999999909,0.2584905660377604,3.7600000000002183,5.1825000000000045,0.048,1.0,,,15,2,11.0,2024
2024-11-14 15:00:00+00:00|-1.0|handoff_align_follow_h15_tp06_sl065,2024-11-14 15:00:00+00:00,STAGE28A,data/reports/stage28a_discovery_factory_batch_runner/stage28a_exact_trades.csv,session_handoff_imbalance_v1,handoff_align_follow_h15_tp06_sl065,2.3371000000001003,1.2871000000001005,0.5871000000001008,1,1,1,0,1.2871000000001005,48.070000000000164,22.389999999999873,0.25949084412684137,28.460000000000036,0.6398453970484895,6.809999999999945,8.13599999999999,0.78,-1.0,,,15,3,11.0,2024
2024-11-18 15:00:00+00:00|1.0|handoff_align_follow_h15_tp06_sl065,2024-11-18 15:00:00+00:00,STAGE28A,data/reports/stage28a_discovery_factory_batch_runner/stage28a_exact_trades.csv,session_handoff_imbalance_v1,handoff_align_follow_h15_tp06_sl065,-2.7601999999998044,-3.810199999999804,-4.510199999999804,0,0,0,1,3.810199999999804,13.230000000000018,34.88000000000011,0.5997706422018351,16.840000000000146,0.1057007125890576,6.7800000000002,7.878000000000043,0.596,1.0,,,15,0,11.0,2024
2024-11-19 15:00:00+00:00|1.0|handoff_align_follow_h15_tp06_sl065,2024-11-19 15:00:00+00:00,STAGE28A,data/reports/stage28a_discovery_factory_batch_runner/stage28a_exact_trades.csv,session_handoff_imbalance_v1,handoff_align_follow_h15_tp06_sl065,-2.80049999999992,-3.85049999999992,-4.55049999999992,0,0,0,1,3.85049999999992,52.84999999999991,15.36999999999989,0.6649316851008671,18.710000000000036,0.659005879208974,10.5300000000002,5.332000000000039,0.068,1.0,,,15,1,11.0,2024
2024-11-21 15:00:00+00:00|1.0|handoff_align_follow_h15_tp06_sl065,2024-11-21 15:00:00+00:00,STAGE28A,data/reports/stage28a_discovery_factory_batch_runner/stage28a_exact_trades.csv,session_handoff_imbalance_v1,handoff_align_follow_h15_tp06_sl065,-2.782949999999892,-3.832949999999892,-4.532949999999891,0,0,0,1,3.832949999999892,36.64000000000033,11.610000000000127,0.41860465116279705,17.059999999999945,0.759671746776089,8.849999999999909,5.733999999999992,0.1,1.0,,,15,3,11.0,2024
2024-11-22 15:00:00+00:00|1.0|handoff_align_follow_h15_tp06_sl065,2024-11-22 15:00:00+00:00,STAGE28A,data/reports/stage28a_discovery_factory_batch_runner/stage28a_exact_trades.csv,session_handoff_imbalance_v1,handoff_align_follow_h15_tp06_sl065,2.4781000000001767,1.428100000000177,0.7281000000001772,1,1,1,0,1.428100000000177,24.63000000000011,24.070000000000164,0.8109680099709308,25.440000000000055,0.7425314465408739,7.739999999999782,7.019999999999982,0.532,1.0,,,15,4,11.0,2024
2024-11-27 15:00:00+00:00|1.0|handoff_align_follow_h15_tp06_sl065,2024-11-27 15:00:00+00:00,STAGE28A,data/reports/stage28a_discovery_factory_batch_runner/stage28a_exact_trades.csv,session_handoff_imbalance_v1,handoff_align_follow_h15_tp06_sl065,1.6923999999998158,0.642399999999816,-0.0576000000001837,1,0,1,0,0.642399999999816,36.76999999999998,13.510000000000218,0.4885270170244117,15.690000000000055,0.6201402166985331,5.539999999999964,5.641500000000019,0.084,1.0,,,15,2,11.0,2024
2024-11-29 15:00:00+00:00|1.0|handoff_align_follow_h15_tp06_sl065,2024-11-29 15:00:00+00:00,STAGE28A,data/reports/stage28a_discovery_factory_batch_runner/stage28a_exact_trades.csv,session_handoff_imbalance_v1,handoff_align_follow_h15_tp06_sl065,1.7512000000000625,0.7012000000000627,0.0012000000000629,1,1,1,0,0.7012000000000627,28.65000000000009,30.29000000000042,0.6956091119181206,11.809999999999945,0.2464013547840701,5.920000000000073,5.759000000000038,0.184,1.0,,,15,4,11.0,2024
2024-12-05 15:00:00+00:00|-1.0|handoff_align_follow_h15_tp06_sl065,2024-12-05 15:00:00+00:00,STAGE28A,data/reports/stage28a_discovery_factory_batch_runner/stage28a_exact_trades.csv,session_handoff_imbalance_v1,handoff_align_follow_h15_tp06_sl065,-2.146600000000126,-3.196600000000126,-3.8966000000001255,0,0,0,1,3.196600000000126,24.800000000000182,6.940000000000055,0.5821325648414888,13.88000000000011,0.17939481268009813,5.829999999999927,5.0679999999999605,0.024,-1.0,,,15,3,12.0,2024
2024-12-16 15:00:00+00:00|1.0|handoff_align_follow_h15_tp06_sl065,2024-12-16 15:00:00+00:00,STAGE28A,data/reports/stage28a_discovery_factory_batch_runner/stage28a_exact_trades.csv,session_handoff_imbalance_v1,handoff_align_follow_h15_tp06_sl065,-2.2398749999998477,-3.289874999999847,-3.989874999999847,0,0,0,1,3.289874999999847,4.569999999999709,12.110000000000127,0.10982658959536856,12.450000000000273,0.48514056224898244,6.889999999999873,5.246999999999957,0.036,1.0,,,15,0,12.0,2024
2024-12-17 15:00:00+00:00|-1.0|handoff_align_follow_h15_tp06_sl065,2024-12-17 15:00:00+00:00,STAGE28A,data/reports/stage28a_discovery_factory_batch_runner/stage28a_exact_trades.csv,session_handoff_imbalance_v1,handoff_align_follow_h15_tp06_sl065,-2.6084249999999884,-3.658424999999988,-4.358424999999988,0,0,0,1,3.658424999999988,20.75,7.650000000000091,0.006535947712442001,19.0300000000002,0.7157120336311195,4.859999999999673,5.114499999999998,0.072,-1.0,,,15,1,12.0,2024
2024-12-19 15:00:00+00:00|1.0|handoff_align_follow_h15_tp06_sl065,2024-12-19 15:00:00+00:00,STAGE28A,data/reports/stage28a_discovery_factory_batch_runner/stage28a_exact_trades.csv,session_handoff_imbalance_v1,handoff_align_follow_h15_tp06_sl065,1.866699999999946,0.8166999999999462,0.1166999999999465,1,1,1,0,0.8166999999999462,68.09999999999991,35.460000000000036,0.5930626057529661,23.2800000000002,0.4463058419243893,12.670000000000073,10.476499999999987,1.0,1.0,,,15,3,12.0,2024
2024-12-20 15:00:00+00:00|1.0|handoff_align_follow_h15_tp06_sl065,2024-12-20 15:00:00+00:00,STAGE28A,data/reports/stage28a_discovery_factory_batch_runner/stage28a_exact_trades.csv,session_handoff_imbalance_v1,handoff_align_follow_h15_tp06_sl065,1.0642000000001643,0.0142000000001645,-0.6857999999998352,1,0,0,0,0.0142000000001645,43.99000000000024,14.320000000000164,0.3058659217877136,11.180000000000291,0.5661896243291786,3.9900000000002365,5.025500000000079,0.092,1.0,,,15,4,12.0,2024
2024-12-23 15:00:00+00:00|1.0|handoff_align_follow_h15_tp06_sl065,2024-12-23 15:00:00+00:00,STAGE28A,data/reports/stage28a_discovery_factory_batch_runner/stage28a_exact_trades.csv,session_handoff_imbalance_v1,handoff_align_follow_h15_tp06_sl065,-2.128400000000147,-3.178400000000147,-3.8784000000001466,0,0,0,1,3.178400000000147,3.1600000000003092,10.0,0.1069999999999709,14.389999999999873,0.44336344683809353,4.609999999999673,5.373000000000002,0.152,1.0,,,15,0,12.0,2024
2024-12-26 15:00:00+00:00|1.0|handoff_align_follow_h15_tp06_sl065,2024-12-26 15:00:00+00:00,STAGE28A,data/reports/stage28a_discovery_factory_batch_runner/stage28a_exact_trades.csv,session_handoff_imbalance_v1,handoff_align_follow_h15_tp06_sl065,-1.5596499999997833,-2.609649999999783,-3.309649999999783,0,0,0,0,2.609649999999783,7.519999999999982,16.299999999999727,0.5539877300613713,6.049999999999727,0.2264462809917277,3.7599999999997635,4.3379999999999885,0.084,1.0,,,15,3,12.0,2024
2024-12-30 15:00:00+00:00|-1.0|handoff_align_follow_h15_tp06_sl065,2024-12-30 15:00:00+00:00,STAGE28A,data/reports/stage28a_discovery_factory_batch_runner/stage28a_exact_trades.csv,session_handoff_imbalance_v1,handoff_align_follow_h15_tp06_sl065,-2.386125000000084,-3.436125000000084,-4.136125000000083,0,0,0,1,3.436125000000084,7.4699999999998,9.489999999999782,0.2012644889357111,15.480000000000018,0.7558139534883594,6.930000000000291,5.755500000000029,0.584,-1.0,,,15,0,12.0,2024
2025-01-02 15:00:00+00:00|1.0|handoff_align_follow_h15_tp06_sl065,2025-01-02 15:00:00+00:00,STAGE28A,data/reports/stage28a_discovery_factory_batch_runner/stage28a_exact_trades.csv,session_handoff_imbalance_v1,handoff_align_follow_h15_tp06_sl065,1.7157999999998537,0.6657999999998538,-0.0342000000001458,1,0,1,0,0.6657999999998538,4.2800000000002,14.769999999999982,0.6899119837508508,15.090000000000146,0.5765407554671792,6.0900000000001455,5.0500000000001135,0.36,1.0,,,15,3,1.0,2025
2025-01-06 15:00:00+00:00|-1.0|handoff_align_follow_h15_tp06_sl065,2025-01-06 15:00:00+00:00,STAGE28A,data/reports/stage28a_discovery_factory_batch_runner/stage28a_exact_trades.csv,session_handoff_imbalance_v1,handoff_align_follow_h15_tp06_sl065,1.9893999999998413,0.9393999999998416,0.2393999999998417,1,1,1,0,0.9393999999998416,3.5399999999999636,12.860000000000127,0.43001555209954473,11.090000000000146,0.15148782687103826,5.75,5.556000000000017,0.564,-1.0,,,15,0,1.0,2025
2025-01-07 15:00:00+00:00|1.0|handoff_align_follow_h15_tp06_sl065,2025-01-07 15:00:00+00:00,STAGE28A,data/reports/stage28a_discovery_factory_batch_runner/stage28a_exact_trades.csv,session_handoff_imbalance_v1,handoff_align_follow_h15_tp06_sl065,-2.15862500000012,-3.20862500000012,-3.90862500000012,0,0,0,1,3.20862500000012,35.13000000000011,8.300000000000182,0.4325301204819358,9.7800000000002,0.575664621676891,5.260000000000218,4.275,0.08,1.0,,,15,1,1.0,2025
2025-01-10 15:00:00+00:00|1.0|handoff_align_follow_h15_tp06_sl065,2025-01-10 15:00:00+00:00,STAGE28A,data/reports/stage28a_discovery_factory_batch_runner/stage28a_exact_trades.csv,session_handoff_imbalance_v1,handoff_align_follow_h15_tp06_sl065,-2.180399999999827,-3.2303999999998267,-3.9303999999998265,0,0,0,1,3.2303999999998267,22.809999999999945,6.349999999999909,0.2913385826771552,11.099999999999909,0.827027027027019,6.559999999999945,3.7494999999999434,0.008,1.0,,,15,4,1.0,2025
2025-01-13 15:00:00+00:00|-1.0|handoff_align_follow_h15_tp06_sl065,2025-01-13 15:00:00+00:00,STAGE28A,data/reports/stage28a_discovery_factory_batch_runner/stage28a_exact_trades.csv,session_handoff_imbalance_v1,handoff_align_follow_h15_tp06_sl065,-2.942849999999998,-3.9928499999999993,-4.692849999999998,0,0,0,1,3.9928499999999993,5.670000000000073,13.900000000000091,0.39999999999999347,14.190000000000055,0.45031712473571867,12.63000000000011,6.314500000000043,0.788,-1.0,,,15,0,1.0,2025
2025-01-15 15:00:00+00:00|1.0|handoff_align_follow_h15_tp06_sl065,2025-01-15 15:00:00+00:00,STAGE28A,data/reports/stage28a_discovery_factory_batch_runner/stage28a_exact_trades.csv,session_handoff_imbalance_v1,handoff_align_follow_h15_tp06_sl065,-1.904149999999936,-2.954149999999936,-3.654149999999936,0,0,0,0,2.954149999999936,18.570000000000164,10.11999999999989,0.001976284584978461,14.450000000000273,0.8761245674740218,3.4600000000000364,4.209500000000003,0.044,1.0,,,15,2,1.0,2025
2025-01-16 15:00:00+00:00|1.0|handoff_align_follow_h15_tp06_sl065,2025-01-16 15:00:00+00:00,STAGE28A,data/reports/stage28a_discovery_factory_batch_runner/stage28a_exact_trades.csv,session_handoff_imbalance_v1,handoff_align_follow_h15_tp06_sl065,-2.506700000000001,-3.5567000000000006,-4.2567,0,0,0,1,3.5567000000000006,28.210000000000036,9.349999999999909,0.27593582887700024,18.529999999999745,0.5553157042633624,7.389999999999873,4.678999999999928,0.12,1.0,,,15,3,1.0,2025
2025-01-20 15:00:00+00:00|1.0|handoff_align_follow_h15_tp06_sl065,2025-01-20 15:00:00+00:00,STAGE28A,data/reports/stage28a_discovery_factory_batch_runner/stage28a_exact_trades.csv,session_handoff_imbalance_v1,handoff_align_follow_h15_tp06_sl065,-2.256774999999925,-3.306774999999925,-4.006774999999925,0,0,0,1,3.306774999999925,11.990000000000236,17.269999999999982,0.5500868558193405,10.960000000000036,0.23448905109486318,4.119999999999891,6.054499999999985,0.716,1.0,,,15,0,1.0,2025
2025-01-22 15:00:00+00:00|1.0|handoff_align_follow_h15_tp06_sl065,2025-01-22 15:00:00+00:00,STAGE28A,data/reports/stage28a_discovery_factory_batch_runner/stage28a_exact_trades.csv,session_handoff_imbalance_v1,handoff_align_follow_h15_tp06_sl065,1.5325000000001636,0.4825000000001638,-0.2174999999998359,1,0,1,0,0.4825000000001638,43.279999999999745,10.9699999999998,0.711030082041962,17.90000000000009,0.44525139664803126,7.0,5.764999999999963,0.488,1.0,,,15,2,1.0,2025
2025-01-23 15:00:00+00:00|-1.0|handoff_align_follow_h15_tp06_sl065,2025-01-23 15:00:00+00:00,STAGE28A,data/reports/stage28a_discovery_factory_batch_runner/stage28a_exact_trades.csv,session_handoff_imbalance_v1,handoff_align_follow_h15_tp06_sl065,-2.7234749999998717,-3.773474999999871,-4.473474999999871,0,0,0,1,3.773474999999871,21.449999999999818,6.809999999999945,0.5624082232011686,14.75,0.02440677966102558,11.41000000000031,4.328000000000111,0.076,-1.0,,,15,3,1.0,2025
2025-01-24 15:00:00+00:00|1.0|handoff_align_follow_h15_tp06_sl065,2025-01-24 15:00:00+00:00,STAGE28A,data/reports/stage28a_discovery_factory_batch_runner/stage28a_exact_trades.csv,session_handoff_imbalance_v1,handoff_align_follow_h15_tp06_sl065,-2.1979499999998557,-3.247949999999855,-3.947949999999855,0,0,0,1,3.247949999999855,23.25,23.940000000000055,0.7263993316624826,8.300000000000182,0.44578313253014357,2.980000000000018,5.139999999999963,0.224,1.0,,,15,4,1.0,2025
2025-01-28 15:00:00+00:00|1.0|handoff_align_follow_h15_tp06_sl065,2025-01-28 15:00:00+00:00,STAGE28A,data/reports/stage28a_discovery_factory_batch_runner/stage28a_exact_trades.csv,session_handoff_imbalance_v1,handoff_align_follow_h15_tp06_sl065,1.157799999999861,0.1077999999998611,-0.5922000000001386,1,0,0,0,0.1077999999998611,42.289999999999964,7.579999999999927,0.09366754617414817,10.570000000000164,0.07284768211920245,4.370000000000346,4.633000000000015,0.092,1.0,,,15,1,1.0,2025
2025-01-30 15:00:00+00:00|1.0|handoff_align_follow_h15_tp06_sl065,2025-01-30 15:00:00+00:00,STAGE28A,data/reports/stage28a_discovery_factory_batch_runner/stage28a_exact_trades.csv,session_handoff_imbalance_v1,handoff_align_follow_h15_tp06_sl065,-1.9246250000001963,-2.9746250000001964,-3.674625000000196,0,0,0,0,2.9746250000001964,21.470000000000255,5.330000000000382,0.035647279549726255,20.539999999999964,0.8695228821811177,4.989999999999782,4.740499999999997,0.196,1.0,,,15,3,1.0,2025
2025-01-31 15:00:00+00:00|-1.0|handoff_align_follow_h15_tp06_sl065,2025-01-31 15:00:00+00:00,STAGE28A,data/reports/stage28a_discovery_factory_batch_runner/stage28a_exact_trades.csv,session_handoff_imbalance_v1,handoff_align_follow_h15_tp06_sl065,-2.2418250000001536,-3.291825000000153,-3.991825000000153,0,0,0,1,3.291825000000153,40.40000000000009,7.369999999999891,0.03799185888734728,10.140000000000327,0.16074950690331377,7.8400000000001455,5.1319999999999935,0.288,-1.0,,,15,4,1.0,2025
2025-02-04 15:00:00+00:00|1.0|handoff_align_follow_h15_tp06_sl065,2025-02-04 15:00:00+00:00,STAGE28A,data/reports/stage28a_discovery_factory_batch_runner/stage28a_exact_trades.csv,session_handoff_imbalance_v1,handoff_align_follow_h15_tp06_sl065,-2.482000000000062,-3.5320000000000618,-4.2320000000000615,0,0,0,1,3.5320000000000618,58.19999999999982,13.329999999999927,0.3885971492873458,14.659999999999854,0.29058663028651166,8.549999999999727,6.152000000000067,0.592,1.0,,,15,1,2.0,2025
2025-02-05 15:00:00+00:00|1.0|handoff_align_follow_h15_tp06_sl065,2025-02-05 15:00:00+00:00,STAGE28A,data/reports/stage28a_discovery_factory_batch_runner/stage28a_exact_trades.csv,session_handoff_imbalance_v1,handoff_align_follow_h15_tp06_sl065,-2.5729999999999564,-3.622999999999956,-4.322999999999956,0,0,0,1,3.622999999999956,38.25,18.450000000000273,0.7501355013550104,23.690000000000055,0.5293372731110145,3.8299999999999272,6.023500000000058,0.536,1.0,,,15,2,2.0,2025
2025-02-06 15:00:00+00:00|-1.0|handoff_align_follow_h15_tp06_sl065,2025-02-06 15:00:00+00:00,STAGE28A,data/reports/stage28a_discovery_factory_batch_runner/stage28a_exact_trades.csv,session_handoff_imbalance_v1,handoff_align_follow_h15_tp06_sl065,-3.0169499999998157,-4.066949999999816,-4.766949999999815,0,0,0,1,4.066949999999816,42.960000000000036,9.550000000000182,0.08167539267017647,22.480000000000018,0.4181494661921745,6.600000000000364,6.459500000000048,0.588,-1.0,,,15,3,2.0,2025
2025-02-07 15:00:00+00:00|1.0|handoff_align_follow_h15_tp06_sl065,2025-02-07 15:00:00+00:00,STAGE28A,data/reports/stage28a_discovery_factory_batch_runner/stage28a_exact_trades.csv,session_handoff_imbalance_v1,handoff_align_follow_h15_tp06_sl065,1.286199999999917,0.2361999999999171,-0.4638000000000826,1,0,1,0,0.2361999999999171,39.25,15.579999999999927,0.5353016688061736,11.7199999999998,0.09556313993173293,4.670000000000073,4.473999999999978,0.092,1.0,,,15,4,2.0,2025
2025-02-10 15:00:00+00:00|1.0|handoff_align_follow_h15_tp06_sl065,2025-02-10 15:00:00+00:00,STAGE28A,data/reports/stage28a_discovery_factory_batch_runner/stage28a_exact_trades.csv,session_handoff_imbalance_v1,handoff_align_follow_h15_tp06_sl065,-2.660100000000148,-3.710100000000148,-4.410100000000147,0,0,0,1,3.710100000000148,14.0,23.190000000000055,0.5066839154808095,30.40000000000009,0.7578947368421018,4.320000000000164,6.828499999999986,0.492,1.0,,,15,0,2.0,2025
2025-02-11 15:00:00+00:00|-1.0|handoff_align_follow_h15_tp06_sl065,2025-02-11 15:00:00+00:00,STAGE28A,data/reports/stage28a_discovery_factory_batch_runner/stage28a_exact_trades.csv,session_handoff_imbalance_v1,handoff_align_follow_h15_tp06_sl065,-3.50802500000018,-4.55802500000018,-5.258025000000179,0,0,0,1,4.55802500000018,62.570000000000164,38.029999999999745,0.0381277938469584,27.429999999999836,0.49362012395187915,17.5,10.579999999999995,0.988,-1.0,,,15,1,2.0,2025
2025-02-17 15:00:00+00:00|1.0|handoff_align_follow_h15_tp06_sl065,2025-02-17 15:00:00+00:00,STAGE28A,data/reports/stage28a_discovery_factory_batch_runner/stage28a_exact_trades.csv,session_handoff_imbalance_v1,handoff_align_follow_h15_tp06_sl065,1.6674999999999272,0.6174999999999273,-0.0825000000000724,1,0,1,0,0.6174999999999273,15.88000000000011,26.809999999999945,0.7411413651622673,18.269999999999982,0.20634920634920556,6.299999999999727,8.423999999999932,0.688,1.0,,,15,0,2.0,2025
2025-02-18 15:00:00+00:00|1.0|handoff_align_follow_h15_tp06_sl065,2025-02-18 15:00:00+00:00,STAGE28A,data/reports/stage28a_discovery_factory_batch_runner/stage28a_exact_trades.csv,session_handoff_imbalance_v1,handoff_align_follow_h15_tp06_sl065,1.28799999999992,0.23799999999992,-0.4620000000000797,1,0,1,0,0.23799999999992,28.340000000000146,19.059999999999945,0.600734522560328,8.389999999999873,0.07866507747322041,6.720000000000255,4.772500000000036,0.02,1.0,,,15,1,2.0,2025
2025-02-20 15:00:00+00:00|1.0|handoff_align_follow_h15_tp06_sl065,2025-02-20 15:00:00+00:00,STAGE28A,data/reports/stage28a_discovery_factory_batch_runner/stage28a_exact_trades.csv,session_handoff_imbalance_v1,handoff_align_follow_h15_tp06_sl065,1.6935999999999694,0.6435999999999695,-0.0564000000000302,1,0,1,0,0.6435999999999695,28.440000000000055,11.75,0.3948936170213045,15.509999999999764,0.7949709864603556,11.799999999999727,6.412999999999988,0.232,1.0,,,15,3,2.0,2025
2025-02-24 15:00:00+00:00|1.0|handoff_align_follow_h15_tp06_sl065,2025-02-24 15:00:00+00:00,STAGE28A,data/reports/stage28a_discovery_factory_batch_runner/stage28a_exact_trades.csv,session_handoff_imbalance_v1,handoff_align_follow_h15_tp06_sl065,-2.63670000000011,-3.68670000000011,-4.3867000000001095,0,0,0,1,3.68670000000011,6.440000000000055,23.519999999999982,0.15348639455782867,14.259999999999764,0.15848527349227215,5.630000000000109,7.720000000000004,0.508,1.0,,,15,0,2.0,2025
2025-02-26 15:00:00+00:00|-1.0|handoff_align_follow_h15_tp06_sl065,2025-02-26 15:00:00+00:00,STAGE28A,data/reports/stage28a_discovery_factory_batch_runner/stage28a_exact_trades.csv,session_handoff_imbalance_v1,handoff_align_follow_h15_tp06_sl065,-2.3494000000001507,-3.3994000000001505,-4.09940000000015,0,0,0,1,3.3994000000001505,65.84999999999991,17.43000000000029,0.20998278829602945,15.239999999999782,0.1496062992126137,5.369999999999891,7.476500000000033,0.492,-1.0,,,15,2,2.0,2025
2025-02-27 15:00:00+00:00|-1.0|handoff_align_follow_h15_tp06_sl065,2025-02-27 15:00:00+00:00,STAGE28A,data/reports/stage28a_discovery_factory_batch_runner/stage28a_exact_trades.csv,session_handoff_imbalance_v1,handoff_align_follow_h15_tp06_sl065,-3.6256749999998648,-4.675674999999865,-5.375674999999864,0,0,0,1,4.675674999999865,39.42000000000007,24.509999999999764,0.8869849041207667,21.610000000000127,0.2512725590004537,5.5900000000001455,7.162000000000103,0.436,-1.0,,,15,3,2.0,2025
2025-02-28 15:00:00+00:00|-1.0|handoff_align_follow_h15_tp06_sl065,2025-02-28 15:00:00+00:00,STAGE28A,data/reports/stage28a_discovery_factory_batch_runner/stage28a_exact_trades.csv,session_handoff_imbalance_v1,handoff_align_follow_h15_tp06_sl065,1.8967000000001464,0.8467000000001463,0.1467000000001466,1,1,1,0,0.8467000000001463,53.149999999999636,28.039999999999964,0.44721825962910056,15.940000000000055,0.04454203262233588,10.610000000000127,7.269999999999982,0.42,-1.0,,,15,4,2.0,2025
2025-03-04 15:00:00+00:00|1.0|handoff_align_follow_h15_tp06_sl065,2025-03-04 15:00:00+00:00,STAGE28A,data/reports/stage28a_discovery_factory_batch_runner/stage28a_exact_trades.csv,session_handoff_imbalance_v1,handoff_align_follow_h15_tp06_sl065,-3.0227999999998247,-4.072799999999825,-4.772799999999824,0,0,0,1,4.072799999999825,39.940000000000055,11.83999999999969,0.03378378378375394,36.98000000000002,0.6311519740400252,6.7800000000002,7.974000000000001,0.56,1.0,,,15,1,3.0,2025
2025-03-06 15:00:00+00:00|-1.0|handoff_align_follow_h15_tp06_sl065,2025-03-06 15:00:00+00:00,STAGE28A,data/reports/stage28a_discovery_factory_batch_runner/stage28a_exact_trades.csv,session_handoff_imbalance_v1,handoff_align_follow_h15_tp06_sl065,2.695599999999922,1.6455999999999222,0.9455999999999224,1,1,1,0,1.6455999999999222,35.82999999999993,10.510000000000218,0.08658420551858138,31.970000000000255,0.5711604629339887,7.940000000000055,7.166500000000042,0.164,-1.0,,,15,3,3.0,2025
2025-03-10 15:00:00+00:00|1.0|handoff_align_follow_h15_tp06_sl065,2025-03-10 15:00:00+00:00,STAGE28A,data/reports/stage28a_discovery_factory_batch_runner/stage28a_exact_trades.csv,session_handoff_imbalance_v1,handoff_align_follow_h15_tp06_sl065,-3.665974999999981,-4.715974999999981,-5.41597499999998,0,0,0,1,4.715974999999981,7.430000000000291,10.139999999999873,0.0009861932939071404,18.789999999999964,0.4326769558275503,7.169999999999618,7.2534999999999625,0.184,1.0,,,15,0,3.0,2025
2025-03-11 15:00:00+00:00|1.0|handoff_align_follow_h15_tp06_sl065,2025-03-11 15:00:00+00:00,STAGE28A,data/reports/stage28a_discovery_factory_batch_runner/stage28a_exact_trades.csv,session_handoff_imbalance_v1,handoff_align_follow_h15_tp06_sl065,1.4217999999999846,0.3717999999999848,-0.3282000000000149,1,0,1,0,0.3717999999999848,38.289999999999964,20.169999999999618,0.4615765989092772,21.789999999999964,0.6608536025699915,5.519999999999982,6.684499999999867,0.028,1.0,,,15,1,3.0,2025
2025-03-13 15:00:00+00:00|1.0|handoff_align_follow_h15_tp06_sl065,2025-03-13 15:00:00+00:00,STAGE28A,data/reports/stage28a_discovery_factory_batch_runner/stage28a_exact_trades.csv,session_handoff_imbalance_v1,handoff_align_follow_h15_tp06_sl065,1.8474999999997637,0.7974999999997636,0.0974999999997638,1,1,1,0,0.7974999999997636,34.40000000000009,14.309999999999945,0.8315863032844261,15.86999999999989,0.043478260869568956,8.260000000000218,5.388999999999965,0.02,1.0,,,15,3,3.0,2025
2025-03-18 15:00:00+00:00|1.0|handoff_align_follow_h15_tp06_sl065,2025-03-18 15:00:00+00:00,STAGE28A,data/reports/stage28a_discovery_factory_batch_runner/stage28a_exact_trades.csv,session_handoff_imbalance_v1,handoff_align_follow_h15_tp06_sl065,1.953399999999783,0.9033999999997832,0.2033999999997835,1,1,1,0,0.9033999999997832,20.670000000000073,17.58999999999969,0.8095508811824919,22.340000000000146,0.4185317815577372,8.9399999999996,5.924499999999989,0.172,1.0,,,15,1,3.0,2025
2025-03-21 15:00:00+00:00|-1.0|handoff_align_follow_h15_tp06_sl065,2025-03-21 15:00:00+00:00,STAGE28A,data/reports/stage28a_discovery_factory_batch_runner/stage28a_exact_trades.csv,session_handoff_imbalance_v1,handoff_align_follow_h15_tp06_sl065,1.5858999999999468,0.535899999999947,-0.1641000000000527,1,0,1,0,0.535899999999947,32.0,19.5,0.7379487179487114,13.140000000000327,0.07686453576866005,4.6599999999998545,4.944999999999959,0.004,-1.0,,,15,4,3.0,2025
2025-03-25 15:00:00+00:00|1.0|handoff_align_follow_h15_tp06_sl065,2025-03-25 15:00:00+00:00,STAGE28A,data/reports/stage28a_discovery_factory_batch_runner/stage28a_exact_trades.csv,session_handoff_imbalance_v1,handoff_align_follow_h15_tp06_sl065,-2.364674999999897,-3.4146749999998973,-4.114674999999897,0,0,0,1,3.4146749999998973,30.789999999999964,8.889999999999873,0.4915635545556753,14.550000000000182,0.5862542955326212,9.010000000000218,5.4325000000000045,0.052,1.0,,,15,1,3.0,2025
2025-03-27 15:00:00+00:00|1.0|handoff_align_follow_h15_tp06_sl065,2025-03-27 15:00:00+00:00,STAGE28A,data/reports/stage28a_discovery_factory_batch_runner/stage28a_exact_trades.csv,session_handoff_imbalance_v1,handoff_align_follow_h15_tp06_sl065,2.2189000000002124,1.1689000000002123,0.4689000000002128,1,1,1,0,1.1689000000002123,19.840000000000146,21.110000000000127,0.7607768829938346,29.13000000000011,0.5918297288019283,8.779999999999745,5.9489999999999785,0.328,1.0,,,15,3,3.0,2025
2025-03-31 15:00:00+00:00|1.0|handoff_align_follow_h15_tp06_sl065,2025-03-31 15:00:00+00:00,STAGE28A,data/reports/stage28a_discovery_factory_batch_runner/stage28a_exact_trades.csv,session_handoff_imbalance_v1,handoff_align_follow_h15_tp06_sl065,-3.1378500000001623,-4.187850000000163,-4.887850000000162,0,0,0,1,4.187850000000163,12.38000000000011,34.820000000000164,0.49109707064904734,22.2199999999998,0.3510351035103419,6.289999999999964,9.264500000000021,0.964,1.0,,,15,0,3.0,2025
2025-04-02 15:00:00+00:00|1.0|handoff_align_follow_h15_tp06_sl065,2025-04-02 15:00:00+00:00,STAGE28A,data/reports/stage28a_discovery_factory_batch_runner/stage28a_exact_trades.csv,session_handoff_imbalance_v1,handoff_align_follow_h15_tp06_sl065,2.5702000000000225,1.5202000000000226,0.8202000000000229,1,1,1,0,1.5202000000000226,48.38000000000011,27.879999999999654,0.5068149210903976,24.329999999999927,0.23386765310316776,9.440000000000055,9.283500000000004,0.876,1.0,,,15,2,4.0,2025
2025-04-04 15:00:00+00:00|-1.0|handoff_align_follow_h15_tp06_sl065,2025-04-04 15:00:00+00:00,STAGE28A,data/reports/stage28a_discovery_factory_batch_runner/stage28a_exact_trades.csv,session_handoff_imbalance_v1,handoff_align_follow_h15_tp06_sl065,-7.305649999999877,-8.355649999999878,-9.055649999999876,0,0,0,1,8.355649999999878,113.61000000000013,29.670000000000073,0.572295247724974,31.329999999999927,0.25247366741143723,40.81999999999971,12.790000000000031,0.86,-1.0,,,15,4,4.0,2025
2025-04-07 15:00:00+00:00|1.0|handoff_align_follow_h15_tp06_sl065,2025-04-07 15:00:00+00:00,STAGE28A,data/reports/stage28a_discovery_factory_batch_runner/stage28a_exact_trades.csv,session_handoff_imbalance_v1,handoff_align_follow_h15_tp06_sl065,4.598499999999968,3.548499999999968,2.848499999999968,1,1,1,0,3.548499999999968,31.919999999999618,84.09999999999991,0.11319857312722939,31.210000000000036,0.19801345722524283,15.710000000000036,24.76899999999989,0.956,1.0,,,15,0,4.0,2025
2025-04-08 15:00:00+00:00|1.0|handoff_align_follow_h15_tp06_sl065,2025-04-08 15:00:00+00:00,STAGE28A,data/reports/stage28a_discovery_factory_batch_runner/stage28a_exact_trades.csv,session_handoff_imbalance_v1,handoff_align_follow_h15_tp06_sl065,-3.979925000000185,-5.029925000000185,-5.7299250000001845,0,0,0,1,5.029925000000185,99.02999999999975,26.2800000000002,0.3047945205479339,24.710000000000036,0.4900849858356985,10.779999999999745,11.857000000000017,0.656,1.0,,,15,1,4.0,2025
2025-04-09 15:00:00+00:00|1.0|handoff_align_follow_h15_tp06_sl065,2025-04-09 15:00:00+00:00,STAGE28A,data/reports/stage28a_discovery_factory_batch_runner/stage28a_exact_trades.csv,session_handoff_imbalance_v1,handoff_align_follow_h15_tp06_sl065,4.241199999999845,3.1911999999998444,2.4911999999998446,1,1,1,0,3.1911999999998444,47.98000000000002,41.13999999999987,0.5486144871171555,52.7800000000002,0.7663887836301566,31.940000000000055,15.810500000000024,0.758,1.0,,,15,2,4.0,2025
2025-04-16 15:00:00+00:00|1.0|handoff_align_follow_h15_tp06_sl065,2025-04-16 15:00:00+00:00,STAGE28A,data/reports/stage28a_discovery_factory_batch_runner/stage28a_exact_trades.csv,session_handoff_imbalance_v1,handoff_align_follow_h15_tp06_sl065,4.2942999999999305,3.2442999999999302,2.5442999999999305,1,1,1,0,3.2442999999999302,31.389999999999873,51.76000000000022,0.7735703245749574,48.39000000000033,0.4552593511056014,20.620000000000346,12.0885,0.268,1.0,,,15,2,4.0,2025
2025-04-17 15:00:00+00:00|-1.0|handoff_align_follow_h15_tp06_sl065,2025-04-17 15:00:00+00:00,STAGE28A,data/reports/stage28a_discovery_factory_batch_runner/stage28a_exact_trades.csv,session_handoff_imbalance_v1,handoff_align_follow_h15_tp06_sl065,3.301299999999992,2.251299999999992,1.5512999999999924,1,1,1,0,2.251299999999992,121.34000000000015,36.90000000000009,0.17723577235772214,32.649999999999636,0.7038284839203759,10.039999999999964,11.823000000000002,0.164,-1.0,,,15,3,4.0,2025
2025-04-21 15:00:00+00:00|1.0|handoff_align_follow_h15_tp06_sl065,2025-04-21 15:00:00+00:00,STAGE28A,data/reports/stage28a_discovery_factory_batch_runner/stage28a_exact_trades.csv,session_handoff_imbalance_v1,handoff_align_follow_h15_tp06_sl065,2.7297999999999774,1.6797999999999775,0.9797999999999778,1,1,1,0,1.6797999999999775,24.230000000000018,56.29999999999973,0.6460035523978698,27.25,0.4565137614678919,19.40000000000009,12.079999999999973,0.2,1.0,,,15,0,4.0,2025
2025-04-24 15:00:00+00:00|1.0|handoff_align_follow_h15_tp06_sl065,2025-04-24 15:00:00+00:00,STAGE28A,data/reports/stage28a_discovery_factory_batch_runner/stage28a_exact_trades.csv,session_handoff_imbalance_v1,handoff_align_follow_h15_tp06_sl065,3.797500000000036,2.7475000000000365,2.0475000000000367,1,1,1,0,2.7475000000000365,126.44999999999982,79.0,0.23063291139240252,28.09999999999991,0.312455516014243,14.240000000000236,17.48100000000004,0.68,1.0,,,15,3,4.0,2025
2025-04-25 15:00:00+00:00|-1.0|handoff_align_follow_h15_tp06_sl065,2025-04-25 15:00:00+00:00,STAGE28A,data/reports/stage28a_discovery_factory_batch_runner/stage28a_exact_trades.csv,session_handoff_imbalance_v1,handoff_align_follow_h15_tp06_sl065,-4.783649999999943,-5.833649999999944,-6.533649999999943,0,0,0,1,5.833649999999944,79.0,48.029999999999745,0.906516760358123,40.48999999999978,0.7698197085700232,12.960000000000036,16.624500000000033,0.624,-1.0,,,15,4,4.0,2025
2025-04-28 15:00:00+00:00|-1.0|handoff_align_follow_h15_tp06_sl065,2025-04-28 15:00:00+00:00,STAGE28A,data/reports/stage28a_discovery_factory_batch_runner/stage28a_exact_trades.csv,session_handoff_imbalance_v1,handoff_align_follow_h15_tp06_sl065,-4.026724999999805,-5.076724999999806,-5.776724999999805,0,0,0,1,5.076724999999806,21.850000000000364,62.68000000000029,0.3162093171665615,26.480000000000018,0.6182024169184245,12.139999999999873,16.43450000000007,0.576,-1.0,,,15,0,4.0,2025
2025-04-29 15:00:00+00:00|-1.0|handoff_align_follow_h15_tp06_sl065,2025-04-29 15:00:00+00:00,STAGE28A,data/reports/stage28a_discovery_factory_batch_runner/stage28a_exact_trades.csv,session_handoff_imbalance_v1,handoff_align_follow_h15_tp06_sl065,2.654500000000007,1.6045000000000074,0.9045000000000076,1,1,1,0,1.6045000000000074,84.68000000000029,40.26999999999998,0.5495406009436334,19.720000000000255,0.35699797160242763,8.059999999999945,11.571000000000026,0.136,-1.0,,,15,1,4.0,2025
2025-04-30 15:00:00+00:00|-1.0|handoff_align_follow_h15_tp06_sl065,2025-04-30 15:00:00+00:00,STAGE28A,data/reports/stage28a_discovery_factory_batch_runner/stage28a_exact_trades.csv,session_handoff_imbalance_v1,handoff_align_follow_h15_tp06_sl065,4.164999999999873,3.1149999999998728,2.414999999999873,1,1,1,0,3.1149999999998728,48.690000000000055,24.269999999999982,0.5937371240214201,39.57999999999993,0.7271349166245528,13.25,11.022999999999957,0.12,-1.0,,,15,2,4.0,2025
2025-05-02 15:00:00+00:00|1.0|handoff_align_follow_h15_tp06_sl065,2025-05-02 15:00:00+00:00,STAGE28A,data/reports/stage28a_discovery_factory_batch_runner/stage28a_exact_trades.csv,session_handoff_imbalance_v1,handoff_align_follow_h15_tp06_sl065,-3.61949999999988,-4.66949999999988,-5.36949999999988,0,0,0,1,4.66949999999988,88.20000000000027,31.109999999999673,0.5483767277402805,20.670000000000073,0.49443638122882266,11.289999999999964,10.348000000000003,0.004,1.0,,,15,4,5.0,2025
2025-05-05 15:00:00+00:00|1.0|handoff_align_follow_h15_tp06_sl065,2025-05-05 15:00:00+00:00,STAGE28A,data/reports/stage28a_discovery_factory_batch_runner/stage28a_exact_trades.csv,session_handoff_imbalance_v1,handoff_align_follow_h15_tp06_sl065,3.479200000000128,2.429200000000128,1.7292000000001284,1,1,1,0,2.429200000000128,7.070000000000164,34.75,0.4330935251798483,55.36000000000013,0.9750722543352582,7.599999999999909,11.981000000000108,0.096,1.0,,,15,0,5.0,2025
2025-05-06 15:00:00+00:00|1.0|handoff_align_follow_h15_tp06_sl065,2025-05-06 15:00:00+00:00,STAGE28A,data/reports/stage28a_discovery_factory_batch_runner/stage28a_exact_trades.csv,session_handoff_imbalance_v1,handoff_align_follow_h15_tp06_sl065,-4.1437249999999946,-5.193724999999995,-5.8937249999999946,0,0,0,1,5.193724999999995,100.18000000000029,63.51999999999998,0.4711901763224157,32.86999999999989,0.6905993306966807,11.25,13.742000000000052,0.376,1.0,,,15,1,5.0,2025
2025-05-13 15:00:00+00:00|1.0|handoff_align_follow_h15_tp06_sl065,2025-05-13 15:00:00+00:00,STAGE28A,data/reports/stage28a_discovery_factory_batch_runner/stage28a_exact_trades.csv,session_handoff_imbalance_v1,handoff_align_follow_h15_tp06_sl065,2.4183999999999286,1.3683999999999288,0.668399999999929,1,1,1,0,1.3683999999999288,103.59999999999991,27.399999999999636,0.1021897810219058,30.669999999999618,0.5441799804369176,9.789999999999964,11.337499999999954,0.072,1.0,,,15,1,5.0,2025
2025-05-16 15:00:00+00:00|-1.0|handoff_align_follow_h15_tp06_sl065,2025-05-16 15:00:00+00:00,STAGE28A,data/reports/stage28a_discovery_factory_batch_runner/stage28a_exact_trades.csv,session_handoff_imbalance_v1,handoff_align_follow_h15_tp06_sl065,5.203899999999885,4.153899999999885,3.4538999999998854,1,1,1,0,4.153899999999885,131.69000000000005,45.57999999999993,0.8600263273365585,35.88000000000011,0.07413600891861333,24.860000000000127,14.921999999999935,0.628,-1.0,,,15,4,5.0,2025
2025-05-21 15:00:00+00:00|1.0|handoff_align_follow_h15_tp06_sl065,2025-05-21 15:00:00+00:00,STAGE28A,data/reports/stage28a_discovery_factory_batch_runner/stage28a_exact_trades.csv,session_handoff_imbalance_v1,handoff_align_follow_h15_tp06_sl065,-3.813850000000093,-4.8638500000000935,-5.563850000000093,0,0,0,1,4.8638500000000935,92.44000000000005,29.09999999999991,0.3731958762886497,22.159999999999854,0.26579422382673135,9.83999999999969,11.120499999999925,0.124,1.0,,,15,2,5.0,2025
2025-05-23 15:00:00+00:00|1.0|handoff_align_follow_h15_tp06_sl065,2025-05-23 15:00:00+00:00,STAGE28A,data/reports/stage28a_discovery_factory_batch_runner/stage28a_exact_trades.csv,session_handoff_imbalance_v1,handoff_align_follow_h15_tp06_sl065,3.213700000000153,2.1637000000001536,1.463700000000154,1,1,1,0,2.1637000000001536,66.07000000000016,21.76000000000022,0.197150735294114,32.4399999999996,0.8187422934648666,25.2800000000002,10.34500000000005,0.076,1.0,,,15,4,5.0,2025
2025-05-27 15:00:00+00:00|-1.0|handoff_align_follow_h15_tp06_sl065,2025-05-27 15:00:00+00:00,STAGE28A,data/reports/stage28a_discovery_factory_batch_runner/stage28a_exact_trades.csv,session_handoff_imbalance_v1,handoff_align_follow_h15_tp06_sl065,3.896200000000044,2.8462000000000445,2.1462000000000447,1,1,1,0,2.8462000000000445,33.23999999999978,18.09999999999991,0.3596685082872816,48.90000000000009,0.9141104294478474,10.349999999999909,9.554000000000041,0.116,-1.0,,,15,1,5.0,2025
2025-06-03 15:00:00+00:00|-1.0|handoff_align_follow_h15_tp06_sl065,2025-06-03 15:00:00+00:00,STAGE28A,data/reports/stage28a_discovery_factory_batch_runner/stage28a_exact_trades.csv,session_handoff_imbalance_v1,handoff_align_follow_h15_tp06_sl065,-2.8941000000000714,-3.944100000000071,-4.644100000000071,0,0,0,1,3.944100000000071,94.19000000000005,32.42000000000007,0.8932757557063532,16.5,0.27636363636363304,6.960000000000036,8.809500000000003,0.064,-1.0,,,15,1,6.0,2025
2025-06-04 15:00:00+00:00|1.0|handoff_align_follow_h15_tp06_sl065,2025-06-04 15:00:00+00:00,STAGE28A,data/reports/stage28a_discovery_factory_batch_runner/stage28a_exact_trades.csv,session_handoff_imbalance_v1,handoff_align_follow_h15_tp06_sl065,2.5422999999999774,1.4922999999999775,0.7922999999999778,1,1,1,0,1.4922999999999775,59.320000000000164,26.11999999999989,0.07465543644716027,17.25,0.2179710144927663,8.25,9.008999999999947,0.104,1.0,,,15,2,6.0,2025
2025-06-11 15:00:00+00:00|1.0|handoff_align_follow_h15_tp06_sl065,2025-06-11 15:00:00+00:00,STAGE28A,data/reports/stage28a_discovery_factory_batch_runner/stage28a_exact_trades.csv,session_handoff_imbalance_v1,handoff_align_follow_h15_tp06_sl065,-3.4638249999999062,-4.5138249999999065,-5.213824999999906,0,0,0,1,4.5138249999999065,47.15000000000009,26.059999999999945,0.5721412125863349,17.140000000000327,0.3302217036172547,9.110000000000127,8.850000000000023,0.112,1.0,,,15,2,6.0,2025
2025-06-16 15:00:00+00:00|-1.0|handoff_align_follow_h15_tp06_sl065,2025-06-16 15:00:00+00:00,STAGE28A,data/reports/stage28a_discovery_factory_batch_runner/stage28a_exact_trades.csv,session_handoff_imbalance_v1,handoff_align_follow_h15_tp06_sl065,2.41929999999993,1.3692999999999302,0.6692999999999305,1,1,1,0,1.3692999999999302,20.269999999999982,23.529999999999745,0.7178070548236317,23.769999999999982,0.8199411022296927,11.819999999999709,10.62199999999998,0.48,-1.0,,,15,0,6.0,2025
2025-06-17 15:00:00+00:00|-1.0|handoff_align_follow_h15_tp06_sl065,2025-06-17 15:00:00+00:00,STAGE28A,data/reports/stage28a_discovery_factory_batch_runner/stage28a_exact_trades.csv,session_handoff_imbalance_v1,handoff_align_follow_h15_tp06_sl065,-3.784275000000071,-4.834275000000071,-5.53427500000007,0,0,0,1,4.834275000000071,70.05999999999995,29.539999999999964,0.2599864590386019,20.360000000000127,0.10559921414538691,11.769999999999982,9.955000000000041,0.376,-1.0,,,15,1,6.0,2025
2025-06-19 15:00:00+00:00|-1.0|handoff_align_follow_h15_tp06_sl065,2025-06-19 15:00:00+00:00,STAGE28A,data/reports/stage28a_discovery_factory_batch_runner/stage28a_exact_trades.csv,session_handoff_imbalance_v1,handoff_align_follow_h15_tp06_sl065,-3.5765999999999623,-4.6265999999999625,-5.326599999999962,0,0,0,1,4.6265999999999625,37.409999999999854,18.40000000000009,0.08641304347826835,27.670000000000073,0.11962414166967607,5.039999999999964,9.860499999999934,0.344,-1.0,,,15,3,6.0,2025
2025-06-20 15:00:00+00:00|-1.0|handoff_align_follow_h15_tp06_sl065,2025-06-20 15:00:00+00:00,STAGE28A,data/reports/stage28a_discovery_factory_batch_runner/stage28a_exact_trades.csv,session_handoff_imbalance_v1,handoff_align_follow_h15_tp06_sl065,-2.725750000000153,-3.7757500000001527,-4.475750000000152,0,0,0,1,3.7757500000001527,40.36000000000013,25.590000000000146,0.3993747557639602,18.860000000000127,0.01590668080592392,9.210000000000036,8.155500000000075,0.032,-1.0,,,15,4,6.0,2025
2025-06-23 15:00:00+00:00|-1.0|handoff_align_follow_h15_tp06_sl065,2025-06-23 15:00:00+00:00,STAGE28A,data/reports/stage28a_discovery_factory_batch_runner/stage28a_exact_trades.csv,session_handoff_imbalance_v1,handoff_align_follow_h15_tp06_sl065,-3.28507499999987,-4.33507499999987,-5.035074999999869,0,0,0,1,4.33507499999987,23.81999999999971,44.409999999999854,0.3560009006980409,21.91000000000031,0.14696485623002073,14.199999999999818,9.927999999999974,0.448,-1.0,,,15,0,6.0,2025
2025-06-24 15:00:00+00:00|-1.0|handoff_align_follow_h15_tp06_sl065,2025-06-24 15:00:00+00:00,STAGE28A,data/reports/stage28a_discovery_factory_batch_runner/stage28a_exact_trades.csv,session_handoff_imbalance_v1,handoff_align_follow_h15_tp06_sl065,-3.621125000000211,-4.671125000000211,-5.371125000000211,0,0,0,1,4.671125000000211,49.309999999999945,36.75,0.08408163265306519,37.289999999999964,0.9155269509251784,11.010000000000218,12.676000000000068,0.836,-1.0,,,15,1,6.0,2025
2025-06-26 15:00:00+00:00|1.0|handoff_align_follow_h15_tp06_sl065,2025-06-26 15:00:00+00:00,STAGE28A,data/reports/stage28a_discovery_factory_batch_runner/stage28a_exact_trades.csv,session_handoff_imbalance_v1,handoff_align_follow_h15_tp06_sl065,-2.6106999999998157,-3.660699999999815,-4.360699999999815,0,0,0,1,3.660699999999815,25.09999999999991,13.859999999999673,0.3448773448773675,19.23999999999978,0.12577962577963098,12.519999999999982,7.501000000000022,0.08,1.0,,,15,3,6.0,2025
2025-06-27 15:00:00+00:00|-1.0|handoff_align_follow_h15_tp06_sl065,2025-06-27 15:00:00+00:00,STAGE28A,data/reports/stage28a_discovery_factory_batch_runner/stage28a_exact_trades.csv,session_handoff_imbalance_v1,handoff_align_follow_h15_tp06_sl065,-3.7998749999997927,-4.849874999999793,-5.549874999999792,0,0,0,1,4.849874999999793,40.289999999999964,35.63000000000011,0.7605950042099305,19.050000000000182,0.6068241469816187,11.849999999999909,8.970499999999992,0.268,-1.0,,,15,4,6.0,2025
2025-06-30 15:00:00+00:00|1.0|handoff_align_follow_h15_tp06_sl065,2025-06-30 15:00:00+00:00,STAGE28A,data/reports/stage28a_discovery_factory_batch_runner/stage28a_exact_trades.csv,session_handoff_imbalance_v1,handoff_align_follow_h15_tp06_sl065,2.281600000000162,1.2316000000001623,0.5316000000001626,1,1,1,0,1.2316000000001623,33.51999999999998,34.99000000000024,0.43498142326379396,19.809999999999945,0.4437152953054007,9.210000000000036,10.834500000000002,0.708,1.0,,,15,0,6.0,2025
2025-07-01 15:00:00+00:00|1.0|handoff_align_follow_h15_tp06_sl065,2025-07-01 15:00:00+00:00,STAGE28A,data/reports/stage28a_discovery_factory_batch_runner/stage28a_exact_trades.csv,session_handoff_imbalance_v1,handoff_align_follow_h15_tp06_sl065,1.7670999999999366,0.7170999999999368,0.017099999999937,1,1,1,0,0.7170999999999368,63.93000000000029,20.279999999999745,0.4817554240631215,29.08999999999969,0.8446201443795108,5.940000000000055,7.104000000000065,0.036,1.0,,,15,1,7.0,2025
2025-07-02 15:00:00+00:00|-1.0|handoff_align_follow_h15_tp06_sl065,2025-07-02 15:00:00+00:00,STAGE28A,data/reports/stage28a_discovery_factory_batch_runner/stage28a_exact_trades.csv,session_handoff_imbalance_v1,handoff_align_follow_h15_tp06_sl065,-2.599975000000177,-3.6499750000001767,-4.3499750000001765,0,0,0,1,3.6499750000001767,55.48999999999978,16.179999999999836,0.10074165636589157,16.269999999999982,0.10571604179472997,7.879999999999654,6.59249999999995,0.028,-1.0,,,15,2,7.0,2025
2025-07-04 15:00:00+00:00|1.0|handoff_align_follow_h15_tp06_sl065,2025-07-04 15:00:00+00:00,STAGE28A,data/reports/stage28a_discovery_factory_batch_runner/stage28a_exact_trades.csv,session_handoff_imbalance_v1,handoff_align_follow_h15_tp06_sl065,-2.396199999999772,-3.4461999999997714,-4.146199999999771,0,0,0,1,3.4461999999997714,54.36999999999989,15.200000000000273,0.6059210526315705,12.009999999999764,0.32556203164029407,3.449999999999818,5.566000000000008,0.004,1.0,,,15,4,7.0,2025
2025-07-07 15:00:00+00:00|-1.0|handoff_align_follow_h15_tp06_sl065,2025-07-07 15:00:00+00:00,STAGE28A,data/reports/stage28a_discovery_factory_batch_runner/stage28a_exact_trades.csv,session_handoff_imbalance_v1,handoff_align_follow_h15_tp06_sl065,-3.2506250000002184,-4.300625000000219,-5.000625000000218,0,0,0,1,4.300625000000219,10.329999999999927,36.67000000000007,0.6152167984728634,14.470000000000255,0.13407049067032245,7.849999999999909,8.76499999999994,0.532,-1.0,,,15,0,7.0,2025
2025-07-08 15:00:00+00:00|-1.0|handoff_align_follow_h15_tp06_sl065,2025-07-08 15:00:00+00:00,STAGE28A,data/reports/stage28a_discovery_factory_batch_runner/stage28a_exact_trades.csv,session_handoff_imbalance_v1,handoff_align_follow_h15_tp06_sl065,2.073999999999978,1.0239999999999785,0.3239999999999785,1,1,1,0,1.0239999999999785,46.31999999999971,16.210000000000036,0.5077112893275756,18.2800000000002,0.5202407002188246,7.389999999999873,6.63599999999999,0.096,-1.0,,,15,1,7.0,2025
2025-07-09 15:00:00+00:00|-1.0|handoff_align_follow_h15_tp06_sl065,2025-07-09 15:00:00+00:00,STAGE28A,data/reports/stage28a_discovery_factory_batch_runner/stage28a_exact_trades.csv,session_handoff_imbalance_v1,handoff_align_follow_h15_tp06_sl065,2.050299999999788,1.0002999999997884,0.3002999999997886,1,1,1,0,1.0002999999997884,58.720000000000255,23.039999999999964,0.36067708333333154,15.109999999999673,0.2766379880873545,12.679999999999836,7.704499999999916,0.408,-1.0,,,15,2,7.0,2025
2025-07-15 15:00:00+00:00|1.0|handoff_align_follow_h15_tp06_sl065,2025-07-15 15:00:00+00:00,STAGE28A,data/reports/stage28a_discovery_factory_batch_runner/stage28a_exact_trades.csv,session_handoff_imbalance_v1,handoff_align_follow_h15_tp06_sl065,-2.6519749999998568,-3.701974999999857,-4.401974999999856,0,0,0,1,3.701974999999857,34.059999999999945,17.06999999999971,0.7158758055067641,9.0,0.6077777777777555,8.279999999999745,5.52650000000001,0.028,1.0,,,15,1,7.0,2025
2025-07-16 15:00:00+00:00|1.0|handoff_align_follow_h15_tp06_sl065,2025-07-16 15:00:00+00:00,STAGE28A,data/reports/stage28a_discovery_factory_batch_runner/stage28a_exact_trades.csv,session_handoff_imbalance_v1,handoff_align_follow_h15_tp06_sl065,1.3149999999999635,0.2649999999999637,-0.435000000000036,1,0,1,0,0.2649999999999637,46.159999999999854,11.390000000000327,0.678665496049148,10.139999999999873,0.5601577909270574,6.4900000000002365,5.648500000000013,0.036,1.0,,,15,2,7.0,2025
2025-07-17 15:00:00+00:00|-1.0|handoff_align_follow_h15_tp06_sl065,2025-07-17 15:00:00+00:00,STAGE28A,data/reports/stage28a_discovery_factory_batch_runner/stage28a_exact_trades.csv,session_handoff_imbalance_v1,handoff_align_follow_h15_tp06_sl065,1.7931999999999788,0.743199999999979,0.0431999999999792,1,1,1,0,0.743199999999979,57.909999999999854,16.170000000000073,0.5009276437847787,20.009999999999764,0.7901049475262435,6.1599999999998545,7.237500000000023,0.224,-1.0,,,15,3,7.0,2025
2025-07-21 15:00:00+00:00|1.0|handoff_align_follow_h15_tp06_sl065,2025-07-21 15:00:00+00:00,STAGE28A,data/reports/stage28a_discovery_factory_batch_runner/stage28a_exact_trades.csv,session_handoff_imbalance_v1,handoff_align_follow_h15_tp06_sl065,1.2240999999998166,0.1740999999998167,-0.525900000000183,1,0,1,0,0.1740999999998167,5.199999999999818,13.569999999999709,0.25718496683860403,20.029999999999745,0.7393909136295623,10.33999999999969,5.675499999999897,0.06,1.0,,,15,0,7.0,2025
2025-07-22 15:00:00+00:00|-1.0|handoff_align_follow_h15_tp06_sl065,2025-07-22 15:00:00+00:00,STAGE28A,data/reports/stage28a_discovery_factory_batch_runner/stage28a_exact_trades.csv,session_handoff_imbalance_v1,handoff_align_follow_h15_tp06_sl065,1.2018999999999322,0.1518999999999324,-0.5481000000000673,1,0,0,0,0.1518999999999324,56.7199999999998,17.450000000000273,0.38739255014327295,9.409999999999854,0.6992561105207257,4.949999999999818,5.463499999999999,0.02,-1.0,,,15,1,7.0,2025
2025-07-24 15:00:00+00:00|-1.0|handoff_align_follow_h15_tp06_sl065,2025-07-24 15:00:00+00:00,STAGE28A,data/reports/stage28a_discovery_factory_batch_runner/stage28a_exact_trades.csv,session_handoff_imbalance_v1,handoff_align_follow_h15_tp06_sl065,1.966600000000108,0.9166000000001078,0.216600000000108,1,1,1,0,0.9166000000001078,57.620000000000346,18.539999999999964,0.1564185544768121,23.389999999999873,0.8610517315092107,5.200000000000273,7.556999999999948,0.532,-1.0,,,15,3,7.0,2025
2025-07-25 15:00:00+00:00|-1.0|handoff_align_follow_h15_tp06_sl065,2025-07-25 15:00:00+00:00,STAGE28A,data/reports/stage28a_discovery_factory_batch_runner/stage28a_exact_trades.csv,session_handoff_imbalance_v1,handoff_align_follow_h15_tp06_sl065,1.752100000000064,0.7021000000000641,0.0021000000000643,1,1,1,0,0.7021000000000641,41.970000000000255,14.789999999999964,0.6544962812711197,20.38000000000011,0.6506378802747641,6.480000000000018,5.961999999999989,0.116,-1.0,,,15,4,7.0,2025
2025-07-30 15:00:00+00:00|1.0|handoff_align_follow_h15_tp06_sl065,2025-07-30 15:00:00+00:00,STAGE28A,data/reports/stage28a_discovery_factory_batch_runner/stage28a_exact_trades.csv,session_handoff_imbalance_v1,handoff_align_follow_h15_tp06_sl065,1.8612999999999371,0.8112999999999375,0.1112999999999377,1,1,1,0,0.8112999999999375,26.38000000000011,11.730000000000018,0.06308610400684019,10.860000000000127,0.2651933701657528,7.619999999999891,5.466500000000042,0.024,1.0,,,15,2,7.0,2025
2025-07-31 15:00:00+00:00|1.0|handoff_align_follow_h15_tp06_sl065,2025-07-31 15:00:00+00:00,STAGE28A,data/reports/stage28a_discovery_factory_batch_runner/stage28a_exact_trades.csv,session_handoff_imbalance_v1,handoff_align_follow_h15_tp06_sl065,-3.5021750000001703,-4.552175000000171,-5.25217500000017,0,0,0,1,4.552175000000171,65.80000000000018,24.590000000000146,0.6547376982513141,21.06999999999971,0.5495965828191783,12.519999999999982,9.213000000000102,0.912,1.0,,,15,3,7.0,2025
2025-08-05 15:00:00+00:00|-1.0|handoff_align_follow_h15_tp06_sl065,2025-08-05 15:00:00+00:00,STAGE28A,data/reports/stage28a_discovery_factory_batch_runner/stage28a_exact_trades.csv,session_handoff_imbalance_v1,handoff_align_follow_h15_tp06_sl065,1.8247000000000295,0.7747000000000299,0.0747000000000301,1,1,1,0,0.7747000000000299,40.25999999999976,10.429999999999836,0.2550335570470135,16.519999999999982,0.7481840193704686,4.2400000000002365,5.488000000000056,0.016,-1.0,,,15,1,8.0,2025
2025-08-06 15:00:00+00:00|-1.0|handoff_align_follow_h15_tp06_sl065,2025-08-06 15:00:00+00:00,STAGE28A,data/reports/stage28a_discovery_factory_batch_runner/stage28a_exact_trades.csv,session_handoff_imbalance_v1,handoff_align_follow_h15_tp06_sl065,-2.7085250000001,-3.7585250000001,-4.458525000000099,0,0,0,1,3.7585250000001,40.220000000000255,12.699999999999818,0.4,20.40000000000009,0.7725490196078504,6.289999999999964,5.897500000000013,0.028,-1.0,,,15,2,8.0,2025
2025-08-08 15:00:00+00:00|-1.0|handoff_align_follow_h15_tp06_sl065,2025-08-08 15:00:00+00:00,STAGE28A,data/reports/stage28a_discovery_factory_batch_runner/stage28a_exact_trades.csv,session_handoff_imbalance_v1,handoff_align_follow_h15_tp06_sl065,-3.410849999999846,-4.460849999999846,-5.160849999999845,0,0,0,1,4.460849999999846,41.5,27.710000000000036,0.3471670876939689,15.539999999999964,0.30630630630632105,8.180000000000291,10.151999999999997,0.896,-1.0,,,15,4,8.0,2025
2025-08-11 15:00:00+00:00|-1.0|handoff_align_follow_h15_tp06_sl065,2025-08-11 15:00:00+00:00,STAGE28A,data/reports/stage28a_discovery_factory_batch_runner/stage28a_exact_trades.csv,session_handoff_imbalance_v1,handoff_align_follow_h15_tp06_sl065,-3.609750000000168,-4.659750000000168,-5.359750000000167,0,0,0,1,4.659750000000168,14.559999999999945,37.40000000000009,0.4558823529411681,27.259999999999764,0.9233308877476263,9.009999999999764,10.708999999999946,0.876,-1.0,,,15,0,8.0,2025
2025-08-18 15:00:00+00:00|1.0|handoff_align_follow_h15_tp06_sl065,2025-08-18 15:00:00+00:00,STAGE28A,data/reports/stage28a_discovery_factory_batch_runner/stage28a_exact_trades.csv,session_handoff_imbalance_v1,handoff_align_follow_h15_tp06_sl065,-2.213875000000008,-3.263875000000007,-3.963875000000007,0,0,0,1,3.263875000000007,6.019999999999982,28.190000000000055,0.4522880454061715,13.799999999999727,0.07608695652172086,4.180000000000291,7.106000000000018,0.312,1.0,,,15,0,8.0,2025
2025-08-19 15:00:00+00:00|1.0|handoff_align_follow_h15_tp06_sl065,2025-08-19 15:00:00+00:00,STAGE28A,data/reports/stage28a_discovery_factory_batch_runner/stage28a_exact_trades.csv,session_handoff_imbalance_v1,handoff_align_follow_h15_tp06_sl065,1.1226999999998042,0.0726999999998043,-0.6273000000001954,1,0,0,0,0.0726999999998043,34.79999999999973,15.579999999999927,0.21694480102696564,7.289999999999964,0.20301783264746578,5.4900000000002365,4.853499999999985,0.012,1.0,,,15,1,8.0,2025
2025-08-20 15:00:00+00:00|1.0|handoff_align_follow_h15_tp06_sl065,2025-08-20 15:00:00+00:00,STAGE28A,data/reports/stage28a_discovery_factory_batch_runner/stage28a_exact_trades.csv,session_handoff_imbalance_v1,handoff_align_follow_h15_tp06_sl065,-2.030899999999838,-3.0808999999998377,-3.780899999999837,0,0,0,1,3.0808999999998377,30.36999999999989,7.0300000000002,0.09246088193457645,10.38000000000011,0.8333333333333334,7.1599999999998545,4.574499999999989,0.008,1.0,,,15,2,8.0,2025
2025-08-21 15:00:00+00:00|-1.0|handoff_align_follow_h15_tp06_sl065,2025-08-21 15:00:00+00:00,STAGE28A,data/reports/stage28a_discovery_factory_batch_runner/stage28a_exact_trades.csv,session_handoff_imbalance_v1,handoff_align_follow_h15_tp06_sl065,1.73829999999989,0.6882999999998902,-0.0117000000001095,1,0,1,0,0.6882999999998902,38.88999999999987,12.33999999999969,0.793354943273923,7.849999999999909,0.09044585987261715,9.039999999999964,4.908500000000004,0.036,-1.0,,,15,3,8.0,2025
2025-08-22 15:00:00+00:00|-1.0|handoff_align_follow_h15_tp06_sl065,2025-08-22 15:00:00+00:00,STAGE28A,data/reports/stage28a_discovery_factory_batch_runner/stage28a_exact_trades.csv,session_handoff_imbalance_v1,handoff_align_follow_h15_tp06_sl065,-2.134900000000107,-3.184900000000107,-3.8849000000001066,0,0,0,1,3.184900000000107,26.9699999999998,9.139999999999873,0.7647702407002553,9.659999999999854,0.1946169772256871,3.349999999999909,4.064999999999964,0.004,-1.0,,,15,4,8.0,2025
2025-08-26 15:00:00+00:00|1.0|handoff_align_follow_h15_tp06_sl065,2025-08-26 15:00:00+00:00,STAGE28A,data/reports/stage28a_discovery_factory_batch_runner/stage28a_exact_trades.csv,session_handoff_imbalance_v1,handoff_align_follow_h15_tp06_sl065,-2.777099999999882,-3.827099999999882,-4.527099999999882,0,0,0,1,3.827099999999882,16.389999999999873,35.129999999999654,0.22687161969826014,12.58999999999969,0.030182684670346602,9.769999999999982,8.366999999999985,0.872,1.0,,,15,1,8.0,2025
2025-08-29 15:00:00+00:00|-1.0|handoff_align_follow_h15_tp06_sl065,2025-08-29 15:00:00+00:00,STAGE28A,data/reports/stage28a_discovery_factory_batch_runner/stage28a_exact_trades.csv,session_handoff_imbalance_v1,handoff_align_follow_h15_tp06_sl065,-1.957774999999947,-3.007774999999947,-3.7077749999999465,0,0,0,0,3.007774999999947,38.56999999999971,10.489999999999782,0.5633937082936108,8.269999999999982,0.44740024183800253,6.920000000000073,4.513499999999953,0.02,-1.0,,,15,4,8.0,2025
2025-09-01 15:00:00+00:00|1.0|handoff_align_follow_h15_tp06_sl065,2025-09-01 15:00:00+00:00,STAGE28A,data/reports/stage28a_discovery_factory_batch_runner/stage28a_exact_trades.csv,session_handoff_imbalance_v1,handoff_align_follow_h15_tp06_sl065,-3.0423000000001594,-4.09230000000016,-4.792300000000159,0,0,0,1,4.09230000000016,10.070000000000164,48.98000000000002,0.49407921600653865,22.579999999999927,0.22630646589903206,5.920000000000073,10.438000000000011,0.972,1.0,,,15,0,9.0,2025
2025-09-03 15:00:00+00:00|1.0|handoff_align_follow_h15_tp06_sl065,2025-09-03 15:00:00+00:00,STAGE28A,data/reports/stage28a_discovery_factory_batch_runner/stage28a_exact_trades.csv,session_handoff_imbalance_v1,handoff_align_follow_h15_tp06_sl065,2.269299999999839,1.2192999999998393,0.5192999999998396,1,1,1,0,1.2192999999998393,70.11000000000013,20.48999999999978,0.07369448511467934,14.86999999999989,0.24277067921991619,9.710000000000036,8.906500000000005,0.812,1.0,,,15,2,9.0,2025
2025-09-09 15:00:00+00:00|1.0|handoff_align_follow_h15_tp06_sl065,2025-09-09 15:00:00+00:00,STAGE28A,data/reports/stage28a_discovery_factory_batch_runner/stage28a_exact_trades.csv,session_handoff_imbalance_v1,handoff_align_follow_h15_tp06_sl065,-3.2220250000001216,-4.272025000000122,-4.972025000000121,0,0,0,1,4.272025000000122,67.81999999999971,26.2800000000002,0.6255707762556878,22.7199999999998,0.3371478873239602,7.190000000000055,8.441999999999984,0.412,1.0,,,15,1,9.0,2025
2025-09-10 15:00:00+00:00|1.0|handoff_align_follow_h15_tp06_sl065,2025-09-10 15:00:00+00:00,STAGE28A,data/reports/stage28a_discovery_factory_batch_runner/stage28a_exact_trades.csv,session_handoff_imbalance_v1,handoff_align_follow_h15_tp06_sl065,1.827099999999882,0.7770999999998822,0.0770999999998824,1,1,1,0,0.7770999999998822,48.75999999999976,21.710000000000036,0.044679871027167126,19.68000000000029,0.9563008130081243,7.6599999999998545,8.052500000000055,0.32,1.0,,,15,2,9.0,2025
2025-09-11 15:00:00+00:00|-1.0|handoff_align_follow_h15_tp06_sl065,2025-09-11 15:00:00+00:00,STAGE28A,data/reports/stage28a_discovery_factory_batch_runner/stage28a_exact_trades.csv,session_handoff_imbalance_v1,handoff_align_follow_h15_tp06_sl065,2.0613999999999577,1.011399999999958,0.3113999999999581,1,1,1,0,1.011399999999958,38.68000000000029,19.309999999999945,0.40963231486275903,23.88000000000011,0.43467336683417346,6.829999999999927,7.731499999999937,0.212,-1.0,,,15,3,9.0,2025
2025-09-16 15:00:00+00:00|1.0|handoff_align_follow_h15_tp06_sl065,2025-09-16 15:00:00+00:00,STAGE28A,data/reports/stage28a_discovery_factory_batch_runner/stage28a_exact_trades.csv,session_handoff_imbalance_v1,handoff_align_follow_h15_tp06_sl065,1.7742999999999485,0.7242999999999484,0.0242999999999486,1,1,1,0,0.7242999999999484,58.88000000000011,14.720000000000255,0.1555706521739079,18.590000000000146,0.9214631522323816,8.940000000000055,7.106999999999994,0.12,1.0,,,15,1,9.0,2025
2025-09-17 15:00:00+00:00|-1.0|handoff_align_follow_h15_tp06_sl065,2025-09-17 15:00:00+00:00,STAGE28A,data/reports/stage28a_discovery_factory_batch_runner/stage28a_exact_trades.csv,session_handoff_imbalance_v1,handoff_align_follow_h15_tp06_sl065,-3.2363249999999426,-4.286324999999943,-4.986324999999942,0,0,0,1,4.286324999999943,28.450000000000273,21.039999999999964,0.4857414448669115,23.460000000000036,0.5920716112531906,10.050000000000182,6.560500000000002,0.064,-1.0,,,15,2,9.0,2025
2025-09-19 15:00:00+00:00|1.0|handoff_align_follow_h15_tp06_sl065,2025-09-19 15:00:00+00:00,STAGE28A,data/reports/stage28a_discovery_factory_batch_runner/stage28a_exact_trades.csv,session_handoff_imbalance_v1,handoff_align_follow_h15_tp06_sl065,-2.448524999999881,-3.4985249999998813,-4.198524999999881,0,0,0,1,3.4985249999998813,45.320000000000164,24.13000000000011,0.551181102362191,17.690000000000055,0.28886376483889836,10.210000000000036,7.410000000000105,0.176,1.0,,,15,4,9.0,2025
2025-09-22 15:00:00+00:00|1.0|handoff_align_follow_h15_tp06_sl065,2025-09-22 15:00:00+00:00,STAGE28A,data/reports/stage28a_discovery_factory_batch_runner/stage28a_exact_trades.csv,session_handoff_imbalance_v1,handoff_align_follow_h15_tp06_sl065,2.0664999999998144,1.0164999999998146,0.3164999999998148,1,1,1,0,1.0164999999998146,8.700000000000273,13.7800000000002,0.5079825834542742,36.529999999999745,0.7601970982754074,7.019999999999982,8.258999999999991,0.34,1.0,,,15,0,9.0,2025
2025-09-23 15:00:00+00:00|1.0|handoff_align_follow_h15_tp06_sl065,2025-09-23 15:00:00+00:00,STAGE28A,data/reports/stage28a_discovery_factory_batch_runner/stage28a_exact_trades.csv,session_handoff_imbalance_v1,handoff_align_follow_h15_tp06_sl065,3.24940000000006,2.19940000000006,1.49940000000006,1,1,1,0,2.19940000000006,65.05000000000018,22.389999999999873,0.2880750334970904,48.059999999999945,0.7973366625052062,8.86999999999989,9.645999999999958,0.756,1.0,,,15,1,9.0,2025
2025-09-29 15:00:00+00:00|1.0|handoff_align_follow_h15_tp06_sl065,2025-09-29 15:00:00+00:00,STAGE28A,data/reports/stage28a_discovery_factory_batch_runner/stage28a_exact_trades.csv,session_handoff_imbalance_v1,handoff_align_follow_h15_tp06_sl065,3.0790000000000872,2.0290000000000874,1.3290000000000877,1,1,1,0,2.0290000000000874,14.63000000000011,43.039999999999964,0.5534386617100309,27.38000000000011,0.4755295836376892,15.150000000000091,12.938999999999988,0.968,1.0,,,15,0,9.0,2025
2025-10-01 15:00:00+00:00|1.0|handoff_align_follow_h15_tp06_sl065,2025-10-01 15:00:00+00:00,STAGE28A,data/reports/stage28a_discovery_factory_batch_runner/stage28a_exact_trades.csv,session_handoff_imbalance_v1,handoff_align_follow_h15_tp06_sl065,2.982100000000082,1.9321000000000823,1.2321000000000826,1,1,1,0,1.9321000000000823,78.48999999999978,21.0,0.0890476190476355,42.070000000000164,0.6467791775612058,10.319999999999709,9.851499999999987,0.32,1.0,,,15,2,10.0,2025
2025-10-02 15:00:00+00:00|1.0|handoff_align_follow_h15_tp06_sl065,2025-10-02 15:00:00+00:00,STAGE28A,data/reports/stage28a_discovery_factory_batch_runner/stage28a_exact_trades.csv,session_handoff_imbalance_v1,handoff_align_follow_h15_tp06_sl065,2.6134000000000923,1.5634000000000925,0.8634000000000928,1,1,1,0,1.5634000000000925,42.070000000000164,17.580000000000382,0.24857792946531573,17.940000000000055,0.696209587513921,6.889999999999873,9.389999999999986,0.196,1.0,,,15,3,10.0,2025
2025-10-06 15:00:00+00:00|1.0|handoff_align_follow_h15_tp06_sl065,2025-10-06 15:00:00+00:00,STAGE28A,data/reports/stage28a_discovery_factory_batch_runner/stage28a_exact_trades.csv,session_handoff_imbalance_v1,handoff_align_follow_h15_tp06_sl065,-4.960450000000128,-6.010450000000128,-6.710450000000128,0,0,0,1,6.010450000000128,17.269999999999982,47.940000000000055,0.6191072173550229,27.0,0.47259259259260067,11.66000000000031,12.931500000000074,0.804,1.0,,,15,0,10.0,2025
2025-10-08 15:00:00+00:00|1.0|handoff_align_follow_h15_tp06_sl065,2025-10-08 15:00:00+00:00,STAGE28A,data/reports/stage28a_discovery_factory_batch_runner/stage28a_exact_trades.csv,session_handoff_imbalance_v1,handoff_align_follow_h15_tp06_sl065,-4.155100000000038,-5.205100000000039,-5.905100000000038,0,0,0,1,5.205100000000039,50.070000000000164,33.5,0.750447761194026,34.840000000000146,0.9916762342135357,5.980000000000018,10.697500000000081,0.212,1.0,,,15,2,10.0,2025
2025-10-09 15:00:00+00:00|1.0|handoff_align_follow_h15_tp06_sl065,2025-10-09 15:00:00+00:00,STAGE28A,data/reports/stage28a_discovery_factory_batch_runner/stage28a_exact_trades.csv,session_handoff_imbalance_v1,handoff_align_follow_h15_tp06_sl065,2.448699999999826,1.3986999999998262,0.6986999999998265,1,1,1,0,1.3986999999998262,76.17000000000007,39.840000000000146,0.13453815261044447,20.940000000000055,0.5076408787010546,13.239999999999782,15.474499999999988,0.928,1.0,,,15,3,10.0,2025
2025-10-13 15:00:00+00:00|1.0|handoff_align_follow_h15_tp06_sl065,2025-10-13 15:00:00+00:00,STAGE28A,data/reports/stage28a_discovery_factory_batch_runner/stage28a_exact_trades.csv,session_handoff_imbalance_v1,handoff_align_follow_h15_tp06_sl065,3.137500000000182,2.087500000000182,1.3875000000001825,1,1,1,0,2.087500000000182,46.13000000000011,61.30000000000018,0.15595432300162998,28.690000000000055,0.882886023004527,10.900000000000091,20.390500000000042,0.916,1.0,,,15,0,10.0,2025
2025-10-15 15:00:00+00:00|1.0|handoff_align_follow_h15_tp06_sl065,2025-10-15 15:00:00+00:00,STAGE28A,data/reports/stage28a_discovery_factory_batch_runner/stage28a_exact_trades.csv,session_handoff_imbalance_v1,handoff_align_follow_h15_tp06_sl065,5.304999999999746,4.254999999999745,3.5549999999997457,1,1,1,0,4.254999999999745,89.0300000000002,50.0600000000004,0.5687175389532566,53.57999999999993,0.10246360582308135,10.719999999999345,16.932000000000063,0.668,1.0,,,15,2,10.0,2025
2025-10-21 15:00:00+00:00|-1.0|handoff_align_follow_h15_tp06_sl065,2025-10-21 15:00:00+00:00,STAGE28A,data/reports/stage28a_discovery_factory_batch_runner/stage28a_exact_trades.csv,session_handoff_imbalance_v1,handoff_align_follow_h15_tp06_sl065,-11.957700000000475,-13.007700000000478,-13.707700000000475,0,0,0,1,13.007700000000478,162.71999999999935,42.36000000000058,0.4952785646836467,102.25,0.796479217603908,27.050000000000182,23.751499999999943,0.808,-1.0,,,15,1,10.0,2025
2025-10-27 15:00:00+00:00|-1.0|handoff_align_follow_h15_tp06_sl065,2025-10-27 15:00:00+00:00,STAGE28A,data/reports/stage28a_discovery_factory_batch_runner/stage28a_exact_trades.csv,session_handoff_imbalance_v1,handoff_align_follow_h15_tp06_sl065,-8.722974999999769,-9.77297499999977,-10.472974999999767,0,0,0,1,9.77297499999977,47.210000000000036,55.55000000000018,0.6064806480648136,60.00999999999976,0.5222462922846237,24.230000000000018,23.055999999999926,0.512,-1.0,,,15,0,10.0,2025
2025-10-28 15:00:00+00:00|-1.0|handoff_align_follow_h15_tp06_sl065,2025-10-28 15:00:00+00:00,STAGE28A,data/reports/stage28a_discovery_factory_batch_runner/stage28a_exact_trades.csv,session_handoff_imbalance_v1,handoff_align_follow_h15_tp06_sl065,-8.313475000000016,-9.363475000000015,-10.063475000000016,0,0,0,1,9.363475000000015,137.97000000000025,55.86000000000013,0.19638381668457267,93.62000000000035,0.5054475539414653,24.61999999999989,23.672500000000035,0.54,-1.0,,,15,1,10.0,2025
2025-10-30 15:00:00+00:00|1.0|handoff_align_follow_h15_tp06_sl065,2025-10-30 15:00:00+00:00,STAGE28A,data/reports/stage28a_discovery_factory_batch_runner/stage28a_exact_trades.csv,session_handoff_imbalance_v1,handoff_align_follow_h15_tp06_sl065,-8.116849999999976,-9.166849999999975,-9.866849999999976,0,0,0,1,9.166849999999975,114.34000000000015,67.13000000000011,0.6272903321912715,64.69999999999982,0.1791344667697091,24.179999999999836,27.875999999999955,0.708,1.0,,,15,3,10.0,2025
2025-11-05 15:00:00+00:00|1.0|handoff_align_follow_h15_tp06_sl065,2025-11-05 15:00:00+00:00,STAGE28A,data/reports/stage28a_discovery_factory_batch_runner/stage28a_exact_trades.csv,session_handoff_imbalance_v1,handoff_align_follow_h15_tp06_sl065,-4.739450000000124,-5.789450000000125,-6.489450000000124,0,0,0,1,5.789450000000125,77.37999999999965,44.4399999999996,0.800405040504051,31.25,0.18431999999999243,7.7199999999998,13.865999999999962,0.004,1.0,,,15,2,11.0,2025
2025-11-06 15:00:00+00:00|1.0|handoff_align_follow_h15_tp06_sl065,2025-11-06 15:00:00+00:00,STAGE28A,data/reports/stage28a_discovery_factory_batch_runner/stage28a_exact_trades.csv,session_handoff_imbalance_v1,handoff_align_follow_h15_tp06_sl065,-3.84245000000019,-4.89245000000019,-5.5924500000001895,0,0,0,1,4.89245000000019,61.58999999999969,25.949999999999818,0.5865125240847748,34.51999999999998,0.571552723059097,16.340000000000146,9.878500000000054,0.008,1.0,,,15,3,11.0,2025
2025-11-07 15:00:00+00:00|1.0|handoff_align_follow_h15_tp06_sl065,2025-11-07 15:00:00+00:00,STAGE28A,data/reports/stage28a_discovery_factory_batch_runner/stage28a_exact_trades.csv,session_handoff_imbalance_v1,handoff_align_follow_h15_tp06_sl065,3.250300000000061,2.200300000000061,1.5003000000000617,1,1,1,0,2.200300000000061,54.86000000000013,29.389999999999873,0.31813542021095437,22.179999999999836,0.42605951307483714,17.019999999999982,11.589000000000032,0.064,1.0,,,15,4,11.0,2025
2025-11-10 15:00:00+00:00|1.0|handoff_align_follow_h15_tp06_sl065,2025-11-10 15:00:00+00:00,STAGE28A,data/reports/stage28a_discovery_factory_batch_runner/stage28a_exact_trades.csv,session_handoff_imbalance_v1,handoff_align_follow_h15_tp06_sl065,-4.287700000000404,-5.337700000000405,-6.037700000000404,0,0,0,1,5.337700000000405,14.260000000000218,58.99000000000024,0.7174097304627902,35.89000000000033,0.7419894120925011,16.249999999999545,12.336999999999989,0.124,1.0,,,15,0,11.0,2025
2025-11-13 15:00:00+00:00|1.0|handoff_align_follow_h15_tp06_sl065,2025-11-13 15:00:00+00:00,STAGE28A,data/reports/stage28a_discovery_factory_batch_runner/stage28a_exact_trades.csv,session_handoff_imbalance_v1,handoff_align_follow_h15_tp06_sl065,4.74100000000035,3.691000000000349,2.9910000000003496,1,1,1,0,3.691000000000349,112.90999999999985,39.74000000000069,0.4574735782586579,37.099999999999454,0.4256064690027007,15.38000000000011,16.6744999999999,0.644,1.0,,,15,3,11.0,2025
2025-11-20 15:00:00+00:00|-1.0|handoff_align_follow_h15_tp06_sl065,2025-11-20 15:00:00+00:00,STAGE28A,data/reports/stage28a_discovery_factory_batch_runner/stage28a_exact_trades.csv,session_handoff_imbalance_v1,handoff_align_follow_h15_tp06_sl065,5.728599999999824,4.678599999999824,3.978599999999824,1,1,1,0,4.678599999999824,76.84000000000015,69.11999999999944,0.4225983796296336,39.01000000000022,0.403229941040757,21.84999999999991,19.40499999999995,0.676,-1.0,,,15,3,11.0,2025
2025-11-21 15:00:00+00:00|-1.0|handoff_align_follow_h15_tp06_sl065,2025-11-21 15:00:00+00:00,STAGE28A,data/reports/stage28a_discovery_factory_batch_runner/stage28a_exact_trades.csv,session_handoff_imbalance_v1,handoff_align_follow_h15_tp06_sl065,-7.113899999999921,-8.163899999999922,-8.863899999999921,0,0,0,1,8.163899999999922,71.87999999999965,40.929999999999836,0.6594185194234031,42.33000000000038,0.3534136546184716,37.220000000000255,18.808500000000002,0.54,-1.0,,,15,4,11.0,2025
2025-11-25 15:00:00+00:00|-1.0|handoff_align_follow_h15_tp06_sl065,2025-11-25 15:00:00+00:00,STAGE28A,data/reports/stage28a_discovery_factory_batch_runner/stage28a_exact_trades.csv,session_handoff_imbalance_v1,handoff_align_follow_h15_tp06_sl065,5.263900000000286,4.213900000000285,3.5139000000002856,1,1,1,0,4.213900000000285,104.51000000000022,33.219999999999345,0.08940397350991583,43.210000000000036,0.21939365887525006,22.529999999999745,16.50150000000001,0.308,-1.0,,,15,1,11.0,2025
2025-11-26 15:00:00+00:00|1.0|handoff_align_follow_h15_tp06_sl065,2025-11-26 15:00:00+00:00,STAGE28A,data/reports/stage28a_discovery_factory_batch_runner/stage28a_exact_trades.csv,session_handoff_imbalance_v1,handoff_align_follow_h15_tp06_sl065,-4.612050000000272,-5.6620500000002725,-6.362050000000272,0,0,0,1,5.6620500000002725,50.42999999999938,39.88000000000011,0.7096288866599826,21.81999999999971,0.08340971585699969,24.409999999999854,12.832999999999766,0.028,1.0,,,15,2,11.0,2025
2025-12-01 15:00:00+00:00|1.0|handoff_align_follow_h15_tp06_sl065,2025-12-01 15:00:00+00:00,STAGE28A,data/reports/stage28a_discovery_factory_batch_runner/stage28a_exact_trades.csv,session_handoff_imbalance_v1,handoff_align_follow_h15_tp06_sl065,-4.652999999999883,-5.702999999999884,-6.402999999999883,0,0,0,1,5.702999999999884,24.699999999999818,50.460000000000036,0.4783987316686546,46.55000000000018,0.2212674543501446,12.329999999999927,16.084000000000106,0.388,1.0,,,15,0,12.0,2025
2025-12-02 15:00:00+00:00|-1.0|handoff_align_follow_h15_tp06_sl065,2025-12-02 15:00:00+00:00,STAGE28A,data/reports/stage28a_discovery_factory_batch_runner/stage28a_exact_trades.csv,session_handoff_imbalance_v1,handoff_align_follow_h15_tp06_sl065,-5.087199999999575,-6.137199999999575,-6.837199999999575,0,0,0,1,6.137199999999575,58.76000000000022,36.529999999999745,0.24035039693404642,44.98999999999978,0.7317181595910254,8.479999999999563,13.293000000000074,0.192,-1.0,,,15,1,12.0,2025
2025-12-05 15:00:00+00:00|1.0|handoff_align_follow_h15_tp06_sl065,2025-12-05 15:00:00+00:00,STAGE28A,data/reports/stage28a_discovery_factory_batch_runner/stage28a_exact_trades.csv,session_handoff_imbalance_v1,handoff_align_follow_h15_tp06_sl065,2.3013999999997394,1.2513999999997396,0.5513999999997399,1,1,1,0,1.2513999999997396,44.17000000000007,22.579999999999927,0.47387068201952004,16.470000000000255,0.37279902853674757,6.770000000000437,7.937500000000182,0.004,1.0,,,15,4,12.0,2025
2025-12-10 15:00:00+00:00|-1.0|handoff_align_follow_h15_tp06_sl065,2025-12-10 15:00:00+00:00,STAGE28A,data/reports/stage28a_discovery_factory_batch_runner/stage28a_exact_trades.csv,session_handoff_imbalance_v1,handoff_align_follow_h15_tp06_sl065,-3.0725250000001325,-4.122525000000133,-4.822525000000132,0,0,0,1,4.122525000000133,51.150000000000546,15.0,0.25533333333332847,26.73999999999978,0.5145848915482547,6.8100000000004,8.031500000000051,0.008,-1.0,,,15,2,12.0,2025
2025-12-15 15:00:00+00:00|1.0|handoff_align_follow_h15_tp06_sl065,2025-12-15 15:00:00+00:00,STAGE28A,data/reports/stage28a_discovery_factory_batch_runner/stage28a_exact_trades.csv,session_handoff_imbalance_v1,handoff_align_follow_h15_tp06_sl065,2.5228000000000974,1.4728000000000976,0.7728000000000979,1,1,1,0,1.4728000000000976,13.710000000000036,35.11000000000058,0.6693249786385534,25.270000000000437,0.5385833003561673,5.639999999999418,10.577999999999975,0.152,1.0,,,15,0,12.0,2025
2025-12-16 15:00:00+00:00|-1.0|handoff_align_follow_h15_tp06_sl065,2025-12-16 15:00:00+00:00,STAGE28A,data/reports/stage28a_discovery_factory_batch_runner/stage28a_exact_trades.csv,session_handoff_imbalance_v1,handoff_align_follow_h15_tp06_sl065,2.823399999999674,1.773399999999674,1.0733999999996744,1,1,1,0,1.773399999999674,64.84000000000015,37.07000000000062,0.4086862692203772,20.51000000000022,0.5724037055094908,18.0600000000004,12.278000000000201,0.392,-1.0,,,15,1,12.0,2025
2025-12-18 15:00:00+00:00|-1.0|handoff_align_follow_h15_tp06_sl065,2025-12-18 15:00:00+00:00,STAGE28A,data/reports/stage28a_discovery_factory_batch_runner/stage28a_exact_trades.csv,session_handoff_imbalance_v1,handoff_align_follow_h15_tp06_sl065,-3.112174999999843,-4.162174999999843,-4.8621749999998425,0,0,0,1,4.162174999999843,47.26000000000022,18.51000000000022,0.390059427336584,16.73999999999978,0.3912783751493045,9.05999999999949,8.735500000000002,0.04,-1.0,,,15,3,12.0,2025
2025-12-22 15:00:00+00:00|1.0|handoff_align_follow_h15_tp06_sl065,2025-12-22 15:00:00+00:00,STAGE28A,data/reports/stage28a_discovery_factory_batch_runner/stage28a_exact_trades.csv,session_handoff_imbalance_v1,handoff_align_follow_h15_tp06_sl065,-3.3240750000000845,-4.374075000000085,-5.074075000000084,0,0,0,1,4.374075000000085,18.1200000000008,62.840000000000146,0.6877784850413774,23.599999999999454,0.4338983050847851,9.579999999999927,11.348499999999968,0.29,1.0,,,15,0,12.0,2025
2025-12-24 15:00:00+00:00|-1.0|handoff_align_follow_h15_tp06_sl065,2025-12-24 15:00:00+00:00,STAGE28A,data/reports/stage28a_discovery_factory_batch_runner/stage28a_exact_trades.csv,session_handoff_imbalance_v1,handoff_align_follow_h15_tp06_sl065,-4.618549999999777,-5.668549999999778,-6.368549999999777,0,0,0,1,5.668549999999778,75.19000000000051,54.51000000000022,0.07228031553842569,22.300000000000182,0.43094170403585624,6.119999999999891,16.073999999999934,0.884,-1.0,,,15,2,12.0,2025
2025-12-26 15:00:00+00:00|1.0|handoff_align_follow_h15_tp06_sl065,2025-12-26 15:00:00+00:00,STAGE28A,data/reports/stage28a_discovery_factory_batch_runner/stage28a_exact_trades.csv,session_handoff_imbalance_v1,handoff_align_follow_h15_tp06_sl065,-4.1502249999999545,-5.200224999999955,-5.9002249999999545,0,0,0,1,5.200224999999955,30.289999999999964,61.48999999999978,0.22767929744674012,17.50999999999931,0.311250713877786,8.039999999999964,17.98199999999997,0.88,1.0,,,15,4,12.0,2025
2025-12-29 15:00:00+00:00|-1.0|handoff_align_follow_h15_tp06_sl065,2025-12-29 15:00:00+00:00,STAGE28A,data/reports/stage28a_discovery_factory_batch_runner/stage28a_exact_trades.csv,session_handoff_imbalance_v1,handoff_align_follow_h15_tp06_sl065,-6.870800000000235,-7.920800000000236,-8.620800000000235,0,0,0,1,7.920800000000236,26.170000000000073,76.92000000000007,0.15665626625065224,71.97000000000025,0.7582325969153874,18.800000000000182,24.65200000000009,0.988,-1.0,,,15,0,12.0,2025
2025-12-30 15:00:00+00:00|1.0|handoff_align_follow_h15_tp06_sl065,2025-12-30 15:00:00+00:00,STAGE28A,data/reports/stage28a_discovery_factory_batch_runner/stage28a_exact_trades.csv,session_handoff_imbalance_v1,handoff_align_follow_h15_tp06_sl065,-5.735250000000269,-6.78525000000027,-7.485250000000269,0,0,0,1,6.78525000000027,246.52999999999975,45.98999999999978,0.38704066101326956,41.36000000000058,0.5118471953578282,19.329999999999927,18.180000000000156,0.76,1.0,,,15,1,12.0,2025
2025-12-31 15:00:00+00:00|-1.0|handoff_align_follow_h15_tp06_sl065,2025-12-31 15:00:00+00:00,STAGE28A,data/reports/stage28a_discovery_factory_batch_runner/stage28a_exact_trades.csv,session_handoff_imbalance_v1,handoff_align_follow_h15_tp06_sl065,-6.578624999999738,-7.628624999999738,-8.328624999999738,0,0,0,1,7.628624999999738,80.57999999999993,44.35999999999967,0.13841298467086255,68.73999999999978,0.3840558626709299,14.909999999999854,24.416499999999996,0.876,-1.0,,,15,2,12.0,2025
2026-01-02 15:00:00+00:00|1.0|handoff_align_follow_h15_tp06_sl065,2026-01-02 15:00:00+00:00,STAGE28A,data/reports/stage28a_discovery_factory_batch_runner/stage28a_exact_trades.csv,session_handoff_imbalance_v1,handoff_align_follow_h15_tp06_sl065,-4.331249999999818,-5.3812499999998185,-6.081249999999818,0,0,0,1,5.3812499999998185,26.88000000000011,54.08000000000084,0.4567307692307588,27.51000000000022,0.8269720101781105,13.069999999999709,14.201000000000022,0.388,1.0,,,15,4,1.0,2026
2026-01-05 15:00:00+00:00|1.0|handoff_align_follow_h15_tp06_sl065,2026-01-05 15:00:00+00:00,STAGE28A,data/reports/stage28a_discovery_factory_batch_runner/stage28a_exact_trades.csv,session_handoff_imbalance_v1,handoff_align_follow_h15_tp06_sl065,3.978700000000026,2.9287000000000263,2.2287000000000265,1,1,1,0,2.9287000000000263,30.640000000000327,74.94000000000051,0.425540432345866,38.8100000000004,0.8294254058232226,15.860000000000582,17.347500000000082,0.504,1.0,,,15,0,1.0,2026
2026-01-07 15:00:00+00:00|-1.0|handoff_align_follow_h15_tp06_sl065,2026-01-07 15:00:00+00:00,STAGE28A,data/reports/stage28a_discovery_factory_batch_runner/stage28a_exact_trades.csv,session_handoff_imbalance_v1,handoff_align_follow_h15_tp06_sl065,-5.267575000000397,-6.317575000000398,-7.017575000000397,0,0,0,1,6.317575000000398,69.30999999999949,40.720000000000255,0.7094793713163101,33.11999999999989,0.011171497584537804,15.699999999999818,14.942000000000098,0.196,-1.0,,,15,2,1.0,2026
2026-01-12 15:00:00+00:00|1.0|handoff_align_follow_h15_tp06_sl065,2026-01-12 15:00:00+00:00,STAGE28A,data/reports/stage28a_discovery_factory_batch_runner/stage28a_exact_trades.csv,session_handoff_imbalance_v1,handoff_align_follow_h15_tp06_sl065,-5.090775000000212,-6.140775000000213,-6.840775000000212,0,0,0,1,6.140775000000213,31.800000000000182,87.85999999999967,0.32540405190075405,33.039999999999964,0.7760290556900559,12.019999999999527,20.857999999999993,0.732,1.0,,,15,0,1.0,2026
2026-01-13 15:00:00+00:00|-1.0|handoff_align_follow_h15_tp06_sl065,2026-01-13 15:00:00+00:00,STAGE28A,data/reports/stage28a_discovery_factory_batch_runner/stage28a_exact_trades.csv,session_handoff_imbalance_v1,handoff_align_follow_h15_tp06_sl065,3.531999999999607,2.481999999999607,1.7819999999996077,1,1,1,0,2.481999999999607,116.96000000000004,32.23000000000047,0.0896680111697265,28.42999999999938,0.3496306718255619,17.30999999999949,14.162999999999965,0.048,-1.0,,,15,1,1.0,2026
2026-01-14 15:00:00+00:00|1.0|handoff_align_follow_h15_tp06_sl065,2026-01-14 15:00:00+00:00,STAGE28A,data/reports/stage28a_discovery_factory_batch_runner/stage28a_exact_trades.csv,session_handoff_imbalance_v1,handoff_align_follow_h15_tp06_sl065,3.550300000000243,2.500300000000243,1.8003000000002434,1,1,1,0,2.500300000000243,64.76999999999953,42.88000000000011,0.705457089552237,21.579999999999927,0.15848007414272866,11.399999999999636,14.542499999999928,0.072,1.0,,,15,2,1.0,2026
2026-01-16 15:00:00+00:00|-1.0|handoff_align_follow_h15_tp06_sl065,2026-01-16 15:00:00+00:00,STAGE28A,data/reports/stage28a_discovery_factory_batch_runner/stage28a_exact_trades.csv,session_handoff_imbalance_v1,handoff_align_follow_h15_tp06_sl065,-4.224324999999771,-5.274324999999772,-5.974324999999771,0,0,0,1,5.274324999999772,51.470000000000255,29.23999999999978,0.3081395348837307,21.81999999999971,0.04353803849678418,15.390000000000327,12.549500000000126,0.012,-1.0,,,15,4,1.0,2026
2026-01-20 15:00:00+00:00|1.0|handoff_align_follow_h15_tp06_sl065,2026-01-20 15:00:00+00:00,STAGE28A,data/reports/stage28a_discovery_factory_batch_runner/stage28a_exact_trades.csv,session_handoff_imbalance_v1,handoff_align_follow_h15_tp06_sl065,3.161800000000221,2.1118000000002213,1.4118000000002215,1,1,1,0,2.1118000000002213,70.75,37.38999999999942,0.7983418026210438,43.05000000000018,0.726596980255529,8.5600000000004,12.064499999999862,0.072,1.0,,,15,1,1.0,2026
2026-01-22 15:00:00+00:00|1.0|handoff_align_follow_h15_tp06_sl065,2026-01-22 15:00:00+00:00,STAGE28A,data/reports/stage28a_discovery_factory_batch_runner/stage28a_exact_trades.csv,session_handoff_imbalance_v1,handoff_align_follow_h15_tp06_sl065,-4.945500000000356,-5.995500000000357,-6.695500000000356,0,0,0,1,5.995500000000357,132.3699999999999,62.81999999999971,0.306431072906719,44.42000000000007,0.716343989194049,13.779999999999745,27.417499999999972,0.924,1.0,,,15,3,1.0,2026
2026-01-23 15:00:00+00:00|-1.0|handoff_align_follow_h15_tp06_sl065,2026-01-23 15:00:00+00:00,STAGE28A,data/reports/stage28a_discovery_factory_batch_runner/stage28a_exact_trades.csv,session_handoff_imbalance_v1,handoff_align_follow_h15_tp06_sl065,-7.965074999999706,-9.015074999999706,-9.715074999999706,0,0,0,1,9.015074999999706,187.47999999999956,36.32999999999993,0.07349298100743402,67.39999999999964,0.3921364985163269,24.170000000000073,21.442999999999984,0.712,-1.0,,,15,4,1.0,2026
2026-01-26 15:00:00+00:00|1.0|handoff_align_follow_h15_tp06_sl065,2026-01-26 15:00:00+00:00,STAGE28A,data/reports/stage28a_discovery_factory_batch_runner/stage28a_exact_trades.csv,session_handoff_imbalance_v1,handoff_align_follow_h15_tp06_sl065,-6.29327499999963,-7.343274999999631,-8.04327499999963,0,0,0,1,7.343274999999631,37.909999999999854,90.77999999999975,0.33718880810752,58.66999999999916,0.36475200272713226,19.699999999999818,24.58299999999999,0.82,1.0,,,15,0,1.0,2026
2026-01-27 15:00:00+00:00|1.0|handoff_align_follow_h15_tp06_sl065,2026-01-27 15:00:00+00:00,STAGE28A,data/reports/stage28a_discovery_factory_batch_runner/stage28a_exact_trades.csv,session_handoff_imbalance_v1,handoff_align_follow_h15_tp06_sl065,-6.294575000000441,-7.344575000000441,-8.04457500000044,0,0,0,1,7.344575000000441,120.89999999999964,66.71999999999935,0.3625599520383805,43.279999999999745,0.441543438077629,17.48999999999978,32.209999999999944,0.916,1.0,,,15,1,1.0,2026
2026-01-28 15:00:00+00:00|1.0|handoff_align_follow_h15_tp06_sl065,2026-01-28 15:00:00+00:00,STAGE28A,data/reports/stage28a_discovery_factory_batch_runner/stage28a_exact_trades.csv,session_handoff_imbalance_v1,handoff_align_follow_h15_tp06_sl065,8.044900000000235,6.994900000000234,6.294900000000235,1,1,1,0,6.994900000000234,177.47999999999956,91.47000000000025,0.8015742866513557,70.05000000000018,0.3504639543183327,27.460000000000036,28.71100000000006,0.836,1.0,,,15,2,1.0,2026
2026-01-30 15:00:00+00:00|-1.0|handoff_align_follow_h15_tp06_sl065,2026-01-30 15:00:00+00:00,STAGE28A,data/reports/stage28a_discovery_factory_batch_runner/stage28a_exact_trades.csv,session_handoff_imbalance_v1,handoff_align_follow_h15_tp06_sl065,30.525399999999895,29.4753999999999,28.775399999999895,1,1,1,0,29.4753999999999,494.8599999999997,338.6199999999999,0.661360817435473,297.4300000000003,0.3163433412903878,90.38999999999942,88.99249999999998,0.96,-1.0,,,15,4,1.0,2026
2026-02-03 15:00:00+00:00|1.0|handoff_align_follow_h15_tp06_sl065,2026-02-03 15:00:00+00:00,STAGE28A,data/reports/stage28a_discovery_factory_batch_runner/stage28a_exact_trades.csv,session_handoff_imbalance_v1,handoff_align_follow_h15_tp06_sl065,-13.646725000000153,-14.696725000000152,-15.396725000000153,0,0,0,1,14.696725000000152,481.1899999999996,189.4900000000007,0.18222597498548535,139.53999999999996,0.6661889064067655,43.039999999999964,58.40349999999999,0.712,1.0,,,15,1,2.0,2026
2026-02-05 15:00:00+00:00|-1.0|handoff_align_follow_h15_tp06_sl065,2026-02-05 15:00:00+00:00,STAGE28A,data/reports/stage28a_discovery_factory_batch_runner/stage28a_exact_trades.csv,session_handoff_imbalance_v1,handoff_align_follow_h15_tp06_sl065,16.493499999999948,15.443499999999949,14.74349999999995,1,1,1,0,15.443499999999949,239.94999999999982,234.41000000000076,0.6337613583038263,116.44999999999982,0.11592958351223719,67.28000000000065,54.93600000000011,0.616,-1.0,,,15,3,2.0,2026
2026-02-06 15:00:00+00:00|1.0|handoff_align_follow_h15_tp06_sl065,2026-02-06 15:00:00+00:00,STAGE28A,data/reports/stage28a_discovery_factory_batch_runner/stage28a_exact_trades.csv,session_handoff_imbalance_v1,handoff_align_follow_h15_tp06_sl065,11.413899999999922,10.36389999999992,9.663899999999922,1,1,1,0,10.36389999999992,320.3100000000004,191.01000000000022,0.5794461022983098,95.03999999999996,0.6758207070707027,31.159999999999854,56.55999999999985,0.556,1.0,,,15,4,2.0,2026
2026-02-09 15:00:00+00:00|-1.0|handoff_align_follow_h15_tp06_sl065,2026-02-09 15:00:00+00:00,STAGE28A,data/reports/stage28a_discovery_factory_batch_runner/stage28a_exact_trades.csv,session_handoff_imbalance_v1,handoff_align_follow_h15_tp06_sl065,7.838799999999901,6.788799999999901,6.088799999999901,1,1,1,0,6.788799999999901,81.67000000000007,81.67000000000007,0.2937431125260164,62.659999999999854,0.33482285349506097,13.75,35.438999999999986,0.26,-1.0,,,15,0,2.0,2026
2026-02-11 15:00:00+00:00|1.0|handoff_align_follow_h15_tp06_sl065,2026-02-11 15:00:00+00:00,STAGE28A,data/reports/stage28a_discovery_factory_batch_runner/stage28a_exact_trades.csv,session_handoff_imbalance_v1,handoff_align_follow_h15_tp06_sl065,-9.389874999999485,-10.439874999999484,-11.139874999999485,0,0,0,1,10.439874999999484,90.59999999999945,36.149999999999636,0.11009681881052595,57.410000000000764,0.814318063055206,66.34000000000015,24.14100000000003,0.02,1.0,,,15,2,2.0,2026
2026-02-12 15:00:00+00:00|1.0|handoff_align_follow_h15_tp06_sl065,2026-02-12 15:00:00+00:00,STAGE28A,data/reports/stage28a_discovery_factory_batch_runner/stage28a_exact_trades.csv,session_handoff_imbalance_v1,handoff_align_follow_h15_tp06_sl065,-5.7466250000003125,-6.796625000000313,-7.496625000000312,0,0,0,1,6.796625000000313,99.52999999999975,54.75999999999931,0.13951789627466077,33.48999999999978,0.22066288444312857,19.93000000000029,20.221999999999888,0.004,1.0,,,15,3,2.0,2026
2026-02-17 15:00:00+00:00|-1.0|handoff_align_follow_h15_tp06_sl065,2026-02-17 15:00:00+00:00,STAGE28A,data/reports/stage28a_discovery_factory_batch_runner/stage28a_exact_trades.csv,session_handoff_imbalance_v1,handoff_align_follow_h15_tp06_sl065,-7.047925000000396,-8.097925000000396,-8.797925000000395,0,0,0,1,8.097925000000396,84.22000000000025,77.25,0.4779288025889977,91.84000000000015,0.4317290940766603,15.80999999999949,25.676499999999898,0.168,-1.0,,,15,1,2.0,2026
2026-02-19 15:00:00+00:00|1.0|handoff_align_follow_h15_tp06_sl065,2026-02-19 15:00:00+00:00,STAGE28A,data/reports/stage28a_discovery_factory_batch_runner/stage28a_exact_trades.csv,session_handoff_imbalance_v1,handoff_align_follow_h15_tp06_sl065,-6.5107000000003605,-7.560700000000361,-8.26070000000036,0,0,0,1,7.560700000000361,156.84000000000015,28.07000000000062,0.2921268257926483,40.33000000000084,0.22737416315397677,12.289999999999964,16.161000000000104,0.004,1.0,,,15,3,2.0,2026
2026-02-20 15:00:00+00:00|1.0|handoff_align_follow_h15_tp06_sl065,2026-02-20 15:00:00+00:00,STAGE28A,data/reports/stage28a_discovery_factory_batch_runner/stage28a_exact_trades.csv,session_handoff_imbalance_v1,handoff_align_follow_h15_tp06_sl065,5.193399999999565,4.1433999999995645,3.4433999999995653,1,1,1,0,4.1433999999995645,61.32000000000062,32.899999999999636,0.36413373860181447,44.55999999999949,0.7773788150807858,19.519999999999527,17.875499999999967,0.044,1.0,,,15,4,2.0,2026
2026-02-23 15:00:00+00:00|-1.0|handoff_align_follow_h15_tp06_sl065,2026-02-23 15:00:00+00:00,STAGE28A,data/reports/stage28a_discovery_factory_batch_runner/stage28a_exact_trades.csv,session_handoff_imbalance_v1,handoff_align_follow_h15_tp06_sl065,-6.1093249999999895,-7.15932499999999,-7.859324999999989,0,0,0,1,7.15932499999999,72.84000000000015,77.53999999999996,0.0517152437451549,40.94999999999982,0.05225885225883828,19.8799999999992,25.433499999999867,0.42,-1.0,,,15,0,2.0,2026
2026-02-25 15:00:00+00:00|1.0|handoff_align_follow_h15_tp06_sl065,2026-02-25 15:00:00+00:00,STAGE28A,data/reports/stage28a_discovery_factory_batch_runner/stage28a_exact_trades.csv,session_handoff_imbalance_v1,handoff_align_follow_h15_tp06_sl065,-5.967949999999837,-7.017949999999837,-7.717949999999837,0,0,0,1,7.017949999999837,155.44999999999982,71.0,0.506197183098586,40.400000000000546,0.19306930693069496,9.9399999999996,21.160000000000036,0.304,1.0,,,15,2,2.0,2026
2026-02-27 15:00:00+00:00|-1.0|handoff_align_follow_h15_tp06_sl065,2026-02-27 15:00:00+00:00,STAGE28A,data/reports/stage28a_discovery_factory_batch_runner/stage28a_exact_trades.csv,session_handoff_imbalance_v1,handoff_align_follow_h15_tp06_sl065,3.8182000000000698,2.76820000000007,2.06820000000007,1,1,1,0,2.76820000000007,74.60999999999967,32.68000000000029,0.08353733170136012,31.48999999999978,0.1292473801206649,7.460000000000036,16.343000000000075,0.008,-1.0,,,15,4,2.0,2026
2026-03-04 15:00:00+00:00|1.0|handoff_align_follow_h15_tp06_sl065,2026-03-04 15:00:00+00:00,STAGE28A,data/reports/stage28a_discovery_factory_batch_runner/stage28a_exact_trades.csv,session_handoff_imbalance_v1,handoff_align_follow_h15_tp06_sl065,-9.57544999999991,-10.62544999999991,-11.32544999999991,0,0,0,1,10.62544999999991,382.7999999999993,105.97000000000025,0.29508351420212753,79.67000000000007,0.4089368645663348,49.43000000000029,34.66249999999995,0.876,1.0,,,15,2,3.0,2026
2026-03-09 15:00:00+00:00|1.0|handoff_align_follow_h15_tp06_sl065,2026-03-09 15:00:00+00:00,STAGE28A,data/reports/stage28a_discovery_factory_batch_runner/stage28a_exact_trades.csv,session_handoff_imbalance_v1,handoff_align_follow_h15_tp06_sl065,7.610200000000441,6.560200000000441,5.860200000000441,1,1,1,0,6.560200000000441,147.64000000000033,176.90999999999985,0.08184952800859469,59.55000000000018,0.053064651553313934,23.829999999999927,42.43800000000024,0.868,1.0,,,15,0,3.0,2026
2026-03-10 15:00:00+00:00|1.0|handoff_align_follow_h15_tp06_sl065,2026-03-10 15:00:00+00:00,STAGE28A,data/reports/stage28a_discovery_factory_batch_runner/stage28a_exact_trades.csv,session_handoff_imbalance_v1,handoff_align_follow_h15_tp06_sl065,-7.286150000000452,-8.336150000000453,-9.036150000000452,0,0,0,1,8.336150000000453,176.90999999999985,69.05000000000018,0.35235336712526955,38.60999999999967,0.3504273504273468,26.93000000000029,22.35100000000002,0.196,1.0,,,15,1,3.0,2026
2026-03-12 15:00:00+00:00|1.0|handoff_align_follow_h15_tp06_sl065,2026-03-12 15:00:00+00:00,STAGE28A,data/reports/stage28a_discovery_factory_batch_runner/stage28a_exact_trades.csv,session_handoff_imbalance_v1,handoff_align_follow_h15_tp06_sl065,-4.938025000000016,-5.988025000000016,-6.688025000000016,0,0,0,1,5.988025000000016,89.92000000000007,56.44999999999982,0.14508414526128655,54.350000000000364,0.7308187672493098,21.74000000000069,20.43000000000011,0.096,1.0,,,15,3,3.0,2026
2026-03-23 15:00:00+00:00|-1.0|handoff_align_follow_h15_tp06_sl065,2026-03-23 15:00:00+00:00,STAGE28A,data/reports/stage28a_discovery_factory_batch_runner/stage28a_exact_trades.csv,session_handoff_imbalance_v1,handoff_align_follow_h15_tp06_sl065,32.63739999999998,31.58739999999998,30.887399999999975,1,1,1,0,31.58739999999998,86.35999999999967,216.32999999999993,0.4497758054823659,280.8600000000006,0.3504949084953336,155.5599999999995,87.85049999999997,1.0,-1.0,,,15,0,3.0,2026
2026-03-30 15:00:00+00:00|1.0|handoff_align_follow_h15_tp06_sl065,2026-03-30 15:00:00+00:00,STAGE28A,data/reports/stage28a_discovery_factory_batch_runner/stage28a_exact_trades.csv,session_handoff_imbalance_v1,handoff_align_follow_h15_tp06_sl065,-8.381724999999824,-9.431724999999824,-10.131724999999824,0,0,0,1,9.431724999999824,39.409999999999854,97.78999999999996,0.1155537376009836,64.01999999999953,0.5651358950328109,54.88000000000011,33.52150000000002,0.416,1.0,,,15,0,3.0,2026
2026-03-31 15:00:00+00:00|1.0|handoff_align_follow_h15_tp06_sl065,2026-03-31 15:00:00+00:00,STAGE28A,data/reports/stage28a_discovery_factory_batch_runner/stage28a_exact_trades.csv,session_handoff_imbalance_v1,handoff_align_follow_h15_tp06_sl065,8.122899999999754,7.072899999999754,6.372899999999754,1,1,1,0,7.072899999999754,160.84999999999945,136.60000000000036,0.3423865300146369,37.849999999999454,0.04042272126815766,52.06999999999971,30.79349999999995,0.244,1.0,,,15,1,3.0,2026
2026-04-01 15:00:00+00:00|1.0|handoff_align_follow_h15_tp06_sl065,2026-04-01 15:00:00+00:00,STAGE28A,data/reports/stage28a_discovery_factory_batch_runner/stage28a_exact_trades.csv,session_handoff_imbalance_v1,handoff_align_follow_h15_tp06_sl065,7.514199999999983,6.464199999999982,5.764199999999983,1,1,1,0,6.464199999999982,204.27000000000044,62.159999999999854,0.011904761904773053,80.67000000000007,0.5141936283624697,34.57000000000062,28.71950000000006,0.108,1.0,,,15,2,4.0,2026
2026-04-02 15:00:00+00:00|-1.0|handoff_align_follow_h15_tp06_sl065,2026-04-02 15:00:00+00:00,STAGE28A,data/reports/stage28a_discovery_factory_batch_runner/stage28a_exact_trades.csv,session_handoff_imbalance_v1,handoff_align_follow_h15_tp06_sl065,8.97760000000053,7.927600000000529,7.22760000000053,1,1,1,0,7.927600000000529,131.1300000000001,150.57999999999993,0.6674193119936249,127.85000000000036,0.4268283144309703,37.57999999999993,38.68750000000009,0.62,-1.0,,,15,3,4.0,2026
2026-04-08 15:00:00+00:00|-1.0|handoff_align_follow_h15_tp06_sl065,2026-04-08 15:00:00+00:00,STAGE28A,data/reports/stage28a_discovery_factory_batch_runner/stage28a_exact_trades.csv,session_handoff_imbalance_v1,handoff_align_follow_h15_tp06_sl065,7.573300000000382,6.523300000000381,5.823300000000382,1,1,1,0,6.523300000000381,211.28000000000065,140.1299999999992,0.1491472204381693,66.96000000000004,0.2144563918757417,24.449999999999818,32.46699999999991,0.396,-1.0,,,15,2,4.0,2026
2026-04-13 15:00:00+00:00|1.0|handoff_align_follow_h15_tp06_sl065,2026-04-13 15:00:00+00:00,STAGE28A,data/reports/stage28a_discovery_factory_batch_runner/stage28a_exact_trades.csv,session_handoff_imbalance_v1,handoff_align_follow_h15_tp06_sl065,-6.128175000000374,-7.178175000000374,-7.878175000000374,0,0,0,1,7.178175000000374,49.659999999999854,83.46000000000004,0.7075245626647405,31.029999999999745,0.1111827263938368,25.389999999999418,22.291499999999907,0.208,1.0,,,15,0,4.0,2026
2026-04-14 15:00:00+00:00|1.0|handoff_align_follow_h15_tp06_sl065,2026-04-14 15:00:00+00:00,STAGE28A,data/reports/stage28a_discovery_factory_batch_runner/stage28a_exact_trades.csv,session_handoff_imbalance_v1,handoff_align_follow_h15_tp06_sl065,5.556399999999849,4.506399999999848,3.806399999999849,1,1,1,0,4.506399999999848,114.48000000000047,31.23999999999978,0.3117797695262436,37.72999999999956,0.2793532997614653,15.979999999999563,17.910999999999877,0.044,1.0,,,15,1,4.0,2026
2026-04-15 15:00:00+00:00|-1.0|handoff_align_follow_h15_tp06_sl065,2026-04-15 15:00:00+00:00,STAGE28A,data/reports/stage28a_discovery_factory_batch_runner/stage28a_exact_trades.csv,session_handoff_imbalance_v1,handoff_align_follow_h15_tp06_sl065,5.30560000000005,4.255600000000049,3.55560000000005,1,1,1,0,4.255600000000049,100.72999999999956,54.25,0.20552995391704398,44.31999999999971,0.5873194945848357,19.340000000000146,17.458499999999958,0.028,-1.0,,,15,2,4.0,2026
2026-04-20 15:00:00+00:00|1.0|handoff_align_follow_h15_tp06_sl065,2026-04-20 15:00:00+00:00,STAGE28A,data/reports/stage28a_discovery_factory_batch_runner/stage28a_exact_trades.csv,session_handoff_imbalance_v1,handoff_align_follow_h15_tp06_sl065,-5.121324999999706,-6.171324999999706,-6.871324999999706,0,0,0,1,6.171324999999706,36.82000000000062,77.25,0.15093851132685895,26.13000000000011,0.027171833141983674,24.25,21.506000000000085,0.584,1.0,,,15,0,4.0,2026
2026-04-21 15:00:00+00:00|-1.0|handoff_align_follow_h15_tp06_sl065,2026-04-21 15:00:00+00:00,STAGE28A,data/reports/stage28a_discovery_factory_batch_runner/stage28a_exact_trades.csv,session_handoff_imbalance_v1,handoff_align_follow_h15_tp06_sl065,-5.108974999999736,-6.158974999999737,-6.858974999999736,0,0,0,1,6.158974999999737,90.67000000000007,40.399999999999636,0.7566831683168312,25.050000000000182,0.5417165668662519,22.079999999999927,12.96549999999993,0.008,-1.0,,,15,1,4.0,2026
2026-04-23 15:00:00+00:00|-1.0|handoff_align_follow_h15_tp06_sl065,2026-04-23 15:00:00+00:00,STAGE28A,data/reports/stage28a_discovery_factory_batch_runner/stage28a_exact_trades.csv,session_handoff_imbalance_v1,handoff_align_follow_h15_tp06_sl065,-6.47657500000023,-7.52657500000023,-8.22657500000023,0,0,0,1,7.52657500000023,56.470000000000255,59.63000000000011,0.37078651685392644,31.92999999999938,0.19417475728155145,25.200000000000728,17.353999999999907,0.332,-1.0,,,15,3,4.0,2026
2026-04-28 15:00:00+00:00|-1.0|handoff_align_follow_h15_tp06_sl065,2026-04-28 15:00:00+00:00,STAGE28A,data/reports/stage28a_discovery_factory_batch_runner/stage28a_exact_trades.csv,session_handoff_imbalance_v1,handoff_align_follow_h15_tp06_sl065,6.886899999999878,5.836899999999877,5.136899999999878,1,1,1,0,5.836899999999877,62.81999999999971,34.590000000000146,0.49031511997687094,66.61000000000058,0.9911424711004333,53.14000000000033,16.125,0.324,-1.0,,,15,1,4.0,2026
2026-04-30 15:00:00+00:00|1.0|handoff_align_follow_h15_tp06_sl065,2026-04-30 15:00:00+00:00,STAGE28A,data/reports/stage28a_discovery_factory_batch_runner/stage28a_exact_trades.csv,session_handoff_imbalance_v1,handoff_align_follow_h15_tp06_sl065,-7.248449999999684,-8.298449999999685,-8.998449999999684,0,0,0,1,8.298449999999685,99.84999999999945,43.11000000000058,0.09255393180235973,91.03999999999996,0.7621924428822534,18.330000000000837,19.63549999999982,0.656,1.0,,,15,3,4.0,2026
2026-05-01 15:00:00+00:00|-1.0|handoff_align_follow_h15_tp06_sl065,2026-05-01 15:00:00+00:00,STAGE28A,data/reports/stage28a_discovery_factory_batch_runner/stage28a_exact_trades.csv,session_handoff_imbalance_v1,handoff_align_follow_h15_tp06_sl065,4.634500000000481,3.5845000000004803,2.884500000000481,1,1,1,0,3.5845000000004803,107.63000000000011,21.970000000000255,0.17023213472916424,68.44999999999982,0.9382030679327906,17.100000000000364,13.188000000000056,0.064,-1.0,,,15,4,5.0,2026
2026-05-04 15:00:00+00:00|-1.0|handoff_align_follow_h15_tp06_sl065,2026-05-04 15:00:00+00:00,STAGE28A,data/reports/stage28a_discovery_factory_batch_runner/stage28a_exact_trades.csv,session_handoff_imbalance_v1,handoff_align_follow_h15_tp06_sl065,-7.141524999999637,-8.191524999999638,-8.891524999999637,0,0,0,1,8.191524999999638,16.889999999999418,38.17999999999938,0.09979046621266507,42.73999999999978,0.9333177351427359,19.1899999999996,17.343499999999857,0.364,-1.0,,,15,0,5.0,2026
2026-05-05 15:00:00+00:00|1.0|handoff_align_follow_h15_tp06_sl065,2026-05-05 15:00:00+00:00,STAGE28A,data/reports/stage28a_discovery_factory_batch_runner/stage28a_exact_trades.csv,session_handoff_imbalance_v1,handoff_align_follow_h15_tp06_sl065,-5.43495000000039,-6.48495000000039,-7.18495000000039,0,0,0,1,6.48495000000039,128.5099999999993,32.99000000000069,0.5216732343134185,32.52000000000044,0.6685116851168634,24.899999999999636,14.572499999999854,0.184,1.0,,,15,1,5.0,2026
2026-05-06 15:00:00+00:00|1.0|handoff_align_follow_h15_tp06_sl065,2026-05-06 15:00:00+00:00,STAGE28A,data/reports/stage28a_discovery_factory_batch_runner/stage28a_exact_trades.csv,session_handoff_imbalance_v1,handoff_align_follow_h15_tp06_sl065,6.85510000000013,5.805100000000129,5.10510000000013,1,1,1,0,5.805100000000129,72.96000000000004,105.18000000000029,0.6700893706027788,65.11000000000058,0.8944862540316274,30.390000000000327,19.240999999999985,0.656,1.0,,,15,2,5.0,2026
2026-05-07 15:00:00+00:00|1.0|handoff_align_follow_h15_tp06_sl065,2026-05-07 15:00:00+00:00,STAGE28A,data/reports/stage28a_discovery_factory_batch_runner/stage28a_exact_trades.csv,session_handoff_imbalance_v1,handoff_align_follow_h15_tp06_sl065,-5.97932499999988,-7.029324999999881,-7.72932499999988,0,0,0,1,7.029324999999881,176.60000000000036,35.909999999999854,0.12252854358116552,61.06999999999971,0.48747339119043176,16.289999999999964,16.29349999999995,0.252,1.0,,,15,3,5.0,2026
2026-05-11 15:00:00+00:00|-1.0|handoff_align_follow_h15_tp06_sl065,2026-05-11 15:00:00+00:00,STAGE28A,data/reports/stage28a_discovery_factory_batch_runner/stage28a_exact_trades.csv,session_handoff_imbalance_v1,handoff_align_follow_h15_tp06_sl065,-4.93705000000009,-5.987050000000091,-6.68705000000009,0,0,0,1,5.987050000000091,22.93000000000029,35.22999999999956,0.3735452739142781,32.529999999999745,0.6889025514909324,12.819999999999709,17.061999999999898,0.292,-1.0,,,15,0,5.0,2026
2026-05-12 15:00:00+00:00|-1.0|handoff_align_follow_h15_tp06_sl065,2026-05-12 15:00:00+00:00,STAGE28A,data/reports/stage28a_discovery_factory_batch_runner/stage28a_exact_trades.csv,session_handoff_imbalance_v1,handoff_align_follow_h15_tp06_sl065,4.264300000000185,3.214300000000185,2.514300000000185,1,1,1,0,3.214300000000185,103.15999999999985,55.06999999999971,0.5616488106046932,43.150000000000546,0.48528389339511785,21.890000000000327,17.39850000000006,0.24,-1.0,,,15,1,5.0,2026
2026-05-15 15:00:00+00:00|-1.0|handoff_align_follow_h15_tp06_sl065,2026-05-15 15:00:00+00:00,STAGE28A,data/reports/stage28a_discovery_factory_batch_runner/stage28a_exact_trades.csv,session_handoff_imbalance_v1,handoff_align_follow_h15_tp06_sl065,-8.207200000000375,-9.257200000000376,-9.957200000000377,0,0,0,1,9.257200000000376,74.1200000000008,57.9399999999996,0.8066965826717312,89.64999999999964,0.7779141104294486,20.299999999999272,21.396999999999935,0.884,-1.0,,,15,4,5.0,2026
2026-05-19 15:00:00+00:00|-1.0|handoff_align_follow_h15_tp06_sl065,2026-05-19 15:00:00+00:00,STAGE28A,data/reports/stage28a_discovery_factory_batch_runner/stage28a_exact_trades.csv,session_handoff_imbalance_v1,handoff_align_follow_h15_tp06_sl065,5.864799999999741,4.814799999999741,4.114799999999741,1,1,1,0,4.814799999999741,103.57999999999993,45.600000000000364,0.634210526315786,28.25999999999931,0.11075725406936256,18.01000000000022,16.61800000000003,0.16,-1.0,,,15,1,5.0,2026
2026-05-22 15:00:00+00:00|-1.0|handoff_align_follow_h15_tp06_sl065,2026-05-22 15:00:00+00:00,STAGE28A,data/reports/stage28a_discovery_factory_batch_runner/stage28a_exact_trades.csv,session_handoff_imbalance_v1,handoff_align_follow_h15_tp06_sl065,4.278999999999906,3.228999999999905,2.5289999999999058,1,1,1,0,3.228999999999905,81.88999999999942,27.229999999999563,0.5233198677928839,28.420000000000073,0.09570724841661674,13.390000000000327,16.126999999999907,0.088,-1.0,,,15,4,5.0,2026
2026-05-25 15:00:00+00:00|-1.0|handoff_align_follow_h15_tp06_sl065,2026-05-25 15:00:00+00:00,STAGE28A,data/reports/stage28a_discovery_factory_batch_runner/stage28a_exact_trades.csv,session_handoff_imbalance_v1,handoff_align_follow_h15_tp06_sl065,-4.102124999999978,-5.1521249999999785,-5.852124999999978,0,0,0,1,5.1521249999999785,23.219999999999345,37.50999999999931,0.1343641695547869,18.550000000000182,0.42318059299188016,9.329999999999927,12.549499999999899,0.004,-1.0,,,15,0,5.0,2026
2026-05-26 15:00:00+00:00|-1.0|handoff_align_follow_h15_tp06_sl065,2026-05-26 15:00:00+00:00,STAGE28A,data/reports/stage28a_discovery_factory_batch_runner/stage28a_exact_trades.csv,session_handoff_imbalance_v1,handoff_align_follow_h15_tp06_sl065,5.339199999999801,4.2891999999998,3.589199999999801,1,1,1,0,4.2891999999998,37.50999999999931,52.36999999999989,0.6265037235058329,30.970000000000255,0.6293186955117733,32.340000000000146,15.477499999999917,0.18,-1.0,,,15,1,5.0,2026
2026-05-29 15:00:00+00:00|1.0|handoff_align_follow_h15_tp06_sl065,2026-05-29 15:00:00+00:00,STAGE28A,data/reports/stage28a_discovery_factory_batch_runner/stage28a_exact_trades.csv,session_handoff_imbalance_v1,handoff_align_follow_h15_tp06_sl065,4.669900000000235,3.6199000000002335,2.919900000000234,1,1,1,0,3.6199000000002335,149.91000000000076,31.609999999999673,0.3144574501739862,38.23000000000047,0.7737379021710583,14.409999999999854,14.287000000000035,0.108,1.0,,,15,4,5.0,2026
2026-06-01 15:00:00+00:00|-1.0|handoff_align_follow_h15_tp06_sl065,2026-06-01 15:00:00+00:00,STAGE28A,data/reports/stage28a_discovery_factory_batch_runner/stage28a_exact_trades.csv,session_handoff_imbalance_v1,handoff_align_follow_h15_tp06_sl065,-5.041050000000359,-6.09105000000036,-6.791050000000359,0,0,0,1,6.09105000000036,22.170000000000073,36.05999999999949,0.5268996117581882,35.95000000000073,0.56383866481224,13.0,14.729000000000042,0.132,-1.0,,,15,0,6.0,2026
2026-06-02 15:00:00+00:00|1.0|handoff_align_follow_h15_tp06_sl065,2026-06-02 15:00:00+00:00,STAGE28A,data/reports/stage28a_discovery_factory_batch_runner/stage28a_exact_trades.csv,session_handoff_imbalance_v1,handoff_align_follow_h15_tp06_sl065,2.924800000000141,1.8748000000001408,1.1748000000001415,1,1,1,0,1.8748000000001408,98.14999999999964,36.25,0.3817931034482799,43.899999999999636,0.6999999999999958,8.800000000000182,13.85600000000004,0.096,1.0,,,15,1,6.0,2026
2026-06-03 15:00:00+00:00|-1.0|handoff_align_follow_h15_tp06_sl065,2026-06-03 15:00:00+00:00,STAGE28A,data/reports/stage28a_discovery_factory_batch_runner/stage28a_exact_trades.csv,session_handoff_imbalance_v1,handoff_align_follow_h15_tp06_sl065,5.844700000000012,4.794700000000011,4.094700000000012,1,1,1,0,4.794700000000011,78.61999999999989,34.289999999999964,0.01574803149608847,49.039999999999964,0.8429853181076709,9.529999999999745,16.133999999999922,0.312,-1.0,,,15,2,6.0,2026
2026-06-08 15:00:00+00:00|-1.0|handoff_align_follow_h15_tp06_sl065,2026-06-08 15:00:00+00:00,STAGE28A,data/reports/stage28a_discovery_factory_batch_runner/stage28a_exact_trades.csv,session_handoff_imbalance_v1,handoff_align_follow_h15_tp06_sl065,-7.790550000000257,-8.840550000000258,-9.540550000000255,0,0,0,1,8.840550000000258,20.30999999999949,53.06999999999971,0.010363670623690887,52.9399999999996,0.42595391008688027,35.82999999999993,23.08600000000006,0.936,-1.0,,,15,0,6.0,2026
2026-06-10 15:00:00+00:00|-1.0|handoff_align_follow_h15_tp06_sl065,2026-06-10 15:00:00+00:00,STAGE28A,data/reports/stage28a_discovery_factory_batch_runner/stage28a_exact_trades.csv,session_handoff_imbalance_v1,handoff_align_follow_h15_tp06_sl065,-8.949825000000237,-9.999825000000238,-10.699825000000237,0,0,0,1,9.999825000000238,126.54999999999927,84.05999999999949,0.8455864858434494,60.32999999999993,0.2671970827117505,30.389999999999418,24.586500000000022,0.952,-1.0,,,15,2,6.0,2026
2026-06-11 15:00:00+00:00|1.0|handoff_align_follow_h15_tp06_sl065,2026-06-11 15:00:00+00:00,STAGE28A,data/reports/stage28a_discovery_factory_batch_runner/stage28a_exact_trades.csv,session_handoff_imbalance_v1,handoff_align_follow_h15_tp06_sl065,5.078499999999986,4.028499999999985,3.328499999999986,1,1,1,0,4.028499999999985,190.30999999999995,94.00999999999976,0.021380704180408716,42.4399999999996,0.4429783223374153,15.86999999999989,27.16999999999996,0.912,1.0,,,15,3,6.0,2026
2022-05-02 13:00:00+00:00|-1.0|calendar_drop_friday_h13_tp06_sl065,2022-05-02 13:00:00+00:00,STAGE28A,data/reports/stage28a_discovery_factory_batch_runner/stage28a_exact_trades.csv,calendar_time_risk_proxy_v1,calendar_drop_friday_h13_tp06_sl065,-1.957449999999972,-3.0074499999999715,-3.7074499999999713,0,0,0,0,3.0074499999999715,3.7100000000000364,15.569999999999936,0.6056518946692423,11.819999999999936,0.6607445008460227,4.489999999999782,,,-1.0,,,13,0,5.0,2022
2022-05-03 13:00:00+00:00|-1.0|calendar_drop_friday_h13_tp06_sl065,2022-05-03 13:00:00+00:00,STAGE28A,data/reports/stage28a_discovery_factory_batch_runner/stage28a_exact_trades.csv,calendar_time_risk_proxy_v1,calendar_drop_friday_h13_tp06_sl065,1.501599999999962,0.4515999999999622,-0.2484000000000374,1,0,1,0,0.4515999999999622,45.32999999999993,7.480000000000018,0.14705882352939925,14.160000000000082,0.34322033898305787,6.2000000000000455,5.05150000000001,,-1.0,,,13,1,5.0,2022
2022-05-04 13:00:00+00:00|1.0|calendar_drop_friday_h13_tp06_sl065,2022-05-04 13:00:00+00:00,STAGE28A,data/reports/stage28a_discovery_factory_batch_runner/stage28a_exact_trades.csv,calendar_time_risk_proxy_v1,calendar_drop_friday_h13_tp06_sl065,-1.7881249999999,-2.8381249999999,-3.5381249999999,0,0,0,0,2.8381249999999,27.660000000000082,7.819999999999936,0.5127877237851983,10.710000000000036,0.4836601307189585,3.7799999999999727,4.123500000000002,,1.0,,,13,2,5.0,2022
2022-05-05 13:00:00+00:00|-1.0|calendar_drop_friday_h13_tp06_sl065,2022-05-05 13:00:00+00:00,STAGE28A,data/reports/stage28a_discovery_factory_batch_runner/stage28a_exact_trades.csv,calendar_time_risk_proxy_v1,calendar_drop_friday_h13_tp06_sl065,1.297899999999936,0.247899999999936,-0.4521000000000637,1,0,1,0,0.247899999999936,28.319999999999936,21.529999999999973,0.8569437993497477,12.660000000000082,0.2993680884676097,5.529999999999973,6.233000000000016,0.8208955223880597,-1.0,,,13,3,5.0,2022
2022-05-06 22:45:00+00:00|1.0|calendar_drop_friday_h13_tp06_sl065,2022-05-06 22:45:00+00:00,STAGE28A,data/reports/stage28a_discovery_factory_batch_runner/stage28a_exact_trades.csv,calendar_time_risk_proxy_v1,calendar_drop_friday_h13_tp06_sl065,1.2834999999999126,0.2334999999999127,-0.4665000000000869,1,0,1,0,0.2334999999999127,37.289999999999964,12.169999999999845,0.08299096138044403,11.659999999999854,0.5385934819897128,2.1200000000001182,5.645999999999992,0.42,1.0,,,13,4,5.0,2022
2022-05-09 13:00:00+00:00|-1.0|calendar_drop_friday_h13_tp06_sl065,2022-05-09 13:00:00+00:00,STAGE28A,data/reports/stage28a_discovery_factory_batch_runner/stage28a_exact_trades.csv,calendar_time_risk_proxy_v1,calendar_drop_friday_h13_tp06_sl065,1.2628000000001065,0.2128000000001066,-0.487199999999893,1,0,1,0,0.2128000000001066,5.370000000000118,11.849999999999909,0.5544303797468535,13.889999999999873,0.8135349172066441,5.029999999999973,4.75,0.1391304347826087,-1.0,,,13,0,5.0,2022
2022-05-10 13:00:00+00:00|-1.0|calendar_drop_friday_h13_tp06_sl065,2022-05-10 13:00:00+00:00,STAGE28A,data/reports/stage28a_discovery_factory_batch_runner/stage28a_exact_trades.csv,calendar_time_risk_proxy_v1,calendar_drop_friday_h13_tp06_sl065,-2.000350000000117,-3.0503500000001167,-3.750350000000117,0,0,0,0,3.0503500000001167,34.0,12.160000000000082,0.9555921052631612,7.910000000000082,0.8520859671302072,6.560000000000173,4.665000000000032,0.10071942446043165,-1.0,,,13,1,5.0,2022
2022-05-11 13:00:00+00:00|1.0|calendar_drop_friday_h13_tp06_sl065,2022-05-11 13:00:00+00:00,STAGE28A,data/reports/stage28a_discovery_factory_batch_runner/stage28a_exact_trades.csv,calendar_time_risk_proxy_v1,calendar_drop_friday_h13_tp06_sl065,-2.238899999999921,-3.2888999999999213,-3.988899999999921,0,0,0,1,3.2888999999999213,29.940000000000055,8.169999999999845,0.2643818849449355,18.360000000000127,0.8687363834422622,3.660000000000082,5.631000000000006,0.49693251533742333,1.0,,,13,2,5.0,2022
2022-05-12 13:00:00+00:00|-1.0|calendar_drop_friday_h13_tp06_sl065,2022-05-12 13:00:00+00:00,STAGE28A,data/reports/stage28a_discovery_factory_batch_runner/stage28a_exact_trades.csv,calendar_time_risk_proxy_v1,calendar_drop_friday_h13_tp06_sl065,-2.4794000000000325,-3.5294000000000323,-4.229400000000032,0,0,0,1,3.5294000000000323,25.949999999999818,7.819999999999936,0.054987212276194346,10.240000000000009,0.4843750000000031,5.4500000000000455,4.973999999999978,0.1657754010695187,-1.0,,,13,3,5.0,2022
2022-05-13 22:45:00+00:00|1.0|calendar_drop_friday_h13_tp06_sl065,2022-05-13 22:45:00+00:00,STAGE28A,data/reports/stage28a_discovery_factory_batch_runner/stage28a_exact_trades.csv,calendar_time_risk_proxy_v1,calendar_drop_friday_h13_tp06_sl065,-1.8498749999999744,-2.8998749999999744,-3.599874999999974,0,0,0,0,2.8998749999999744,39.69999999999982,16.579999999999927,0.3455971049457203,8.480000000000018,0.22287735849057735,2.4400000000000546,5.502999999999963,0.37727272727272726,1.0,,,13,4,5.0,2022
2022-05-16 13:00:00+00:00|-1.0|calendar_drop_friday_h13_tp06_sl065,2022-05-16 13:00:00+00:00,STAGE28A,data/reports/stage28a_discovery_factory_batch_runner/stage28a_exact_trades.csv,calendar_time_risk_proxy_v1,calendar_drop_friday_h13_tp06_sl065,2.24920000000011,1.19920000000011,0.4992000000001102,1,1,1,0,1.19920000000011,4.369999999999891,7.9500000000000455,0.04025157232703579,24.470000000000027,0.42296689824274203,8.909999999999854,6.056000000000006,0.7148936170212766,-1.0,,,13,0,5.0,2022
2022-05-17 13:00:00+00:00|1.0|calendar_drop_friday_h13_tp06_sl065,2022-05-17 13:00:00+00:00,STAGE28A,data/reports/stage28a_discovery_factory_batch_runner/stage28a_exact_trades.csv,calendar_time_risk_proxy_v1,calendar_drop_friday_h13_tp06_sl065,1.0684000000000196,0.0184000000000197,-0.68159999999998,1,0,0,0,0.0184000000000197,40.070000000000164,7.480000000000018,0.24064171122993985,7.629999999999882,0.7404980340760391,3.839999999999918,4.68850000000001,0.08,1.0,,,13,1,5.0,2022
2022-05-18 13:00:00+00:00|1.0|calendar_drop_friday_h13_tp06_sl065,2022-05-18 13:00:00+00:00,STAGE28A,data/reports/stage28a_discovery_factory_batch_runner/stage28a_exact_trades.csv,calendar_time_risk_proxy_v1,calendar_drop_friday_h13_tp06_sl065,1.0855000000000472,0.0355000000000473,-0.6644999999999524,1,0,0,0,0.0355000000000473,23.24000000000001,9.519999999999982,0.6102941176470542,12.180000000000064,0.9014778325123121,6.0900000000001455,4.16550000000002,0.04,1.0,,,13,2,5.0,2022
2022-05-19 13:00:00+00:00|1.0|calendar_drop_friday_h13_tp06_sl065,2022-05-19 13:00:00+00:00,STAGE28A,data/reports/stage28a_discovery_factory_batch_runner/stage28a_exact_trades.csv,calendar_time_risk_proxy_v1,calendar_drop_friday_h13_tp06_sl065,1.4100999999999655,0.3600999999999659,-0.3399000000000338,1,0,1,0,0.3600999999999659,17.430000000000064,3.7799999999999727,0.27777777777776774,19.279999999999973,0.7012448132780084,8.879999999999882,4.315999999999986,0.032,1.0,,,13,3,5.0,2022
2022-05-20 22:45:00+00:00|1.0|calendar_drop_friday_h13_tp06_sl065,2022-05-20 22:45:00+00:00,STAGE28A,data/reports/stage28a_discovery_factory_batch_runner/stage28a_exact_trades.csv,calendar_time_risk_proxy_v1,calendar_drop_friday_h13_tp06_sl065,-1.6789250000000266,-2.7289250000000265,-3.428925000000026,0,0,0,0,2.7289250000000265,38.1400000000001,8.070000000000164,0.034696406443614256,8.430000000000064,0.6370106761565928,2.7200000000000273,4.5380000000000225,0.136,1.0,,,13,4,5.0,2022
2022-05-23 13:00:00+00:00|1.0|calendar_drop_friday_h13_tp06_sl065,2022-05-23 13:00:00+00:00,STAGE28A,data/reports/stage28a_discovery_factory_batch_runner/stage28a_exact_trades.csv,calendar_time_risk_proxy_v1,calendar_drop_friday_h13_tp06_sl065,-2.0055499999999484,-3.0555499999999483,-3.755549999999948,0,0,0,0,3.0555499999999483,5.880000000000109,11.5,0.5826086956521779,13.299999999999955,0.7541353383458652,4.170000000000073,4.72000000000005,0.192,1.0,,,13,0,5.0,2022
2022-05-24 13:00:00+00:00|1.0|calendar_drop_friday_h13_tp06_sl065,2022-05-24 13:00:00+00:00,STAGE28A,data/reports/stage28a_discovery_factory_batch_runner/stage28a_exact_trades.csv,calendar_time_risk_proxy_v1,calendar_drop_friday_h13_tp06_sl065,0.9370000000000346,-0.1129999999999653,-0.8129999999999651,0,0,0,0,0.1129999999999653,21.809999999999945,6.680000000000064,0.3428143712574763,10.269999999999982,0.08081791626096943,3.240000000000009,3.6629999999999994,0.012,1.0,,,13,1,5.0,2022
2022-05-25 13:00:00+00:00|-1.0|calendar_drop_friday_h13_tp06_sl065,2022-05-25 13:00:00+00:00,STAGE28A,data/reports/stage28a_discovery_factory_batch_runner/stage28a_exact_trades.csv,calendar_time_risk_proxy_v1,calendar_drop_friday_h13_tp06_sl065,-1.7527000000000954,-2.8027000000000952,-3.502700000000095,0,0,0,0,2.8027000000000952,20.420000000000073,8.389999999999873,0.43623361144218237,8.199999999999818,0.6987804878048958,3.740000000000009,3.5694999999999824,0.016,-1.0,,,13,2,5.0,2022
2022-05-26 13:00:00+00:00|-1.0|calendar_drop_friday_h13_tp06_sl065,2022-05-26 13:00:00+00:00,STAGE28A,data/reports/stage28a_discovery_factory_batch_runner/stage28a_exact_trades.csv,calendar_time_risk_proxy_v1,calendar_drop_friday_h13_tp06_sl065,0.87849999999994,-0.1715000000000599,-0.8715000000000597,0,0,0,0,0.1715000000000599,26.61999999999989,5.4699999999998,0.4369287020110032,8.629999999999882,0.5758980301274734,4.259999999999991,3.927500000000009,0.108,-1.0,,,13,3,5.0,2022
2022-05-27 22:45:00+00:00|1.0|calendar_drop_friday_h13_tp06_sl065,2022-05-27 22:45:00+00:00,STAGE28A,data/reports/stage28a_discovery_factory_batch_runner/stage28a_exact_trades.csv,calendar_time_risk_proxy_v1,calendar_drop_friday_h13_tp06_sl065,-0.35,-1.4,-2.1,0,0,0,0,1.4,13.589999999999918,8.430000000000064,0.3760379596678317,8.480000000000018,0.4846698113207687,1.9300000000000637,4.1390000000000216,0.28,1.0,,,13,4,5.0,2022
2022-05-30 13:00:00+00:00|-1.0|calendar_drop_friday_h13_tp06_sl065,2022-05-30 13:00:00+00:00,STAGE28A,data/reports/stage28a_discovery_factory_batch_runner/stage28a_exact_trades.csv,calendar_time_risk_proxy_v1,calendar_drop_friday_h13_tp06_sl065,-1.497899999999936,-2.547899999999936,-3.247899999999936,0,0,0,0,2.547899999999936,3.0699999999999363,12.720000000000027,0.7641509433962269,7.75,0.30967741935485044,2.349999999999909,3.405000000000007,0.012,-1.0,,,13,0,5.0,2022
2022-05-31 13:00:00+00:00|1.0|calendar_drop_friday_h13_tp06_sl065,2022-05-31 13:00:00+00:00,STAGE28A,data/reports/stage28a_discovery_factory_batch_runner/stage28a_exact_trades.csv,calendar_time_risk_proxy_v1,calendar_drop_friday_h13_tp06_sl065,-1.5616000000000896,-2.6116000000000894,-3.311600000000089,0,0,0,0,2.6116000000000894,15.839999999999918,10.900000000000091,0.19633027522936533,8.049999999999955,0.2534161490683199,4.989999999999782,3.4480000000000017,0.08,1.0,,,13,1,5.0,2022
2022-06-01 13:00:00+00:00|-1.0|calendar_drop_friday_h13_tp06_sl065,2022-06-01 13:00:00+00:00,STAGE28A,data/reports/stage28a_discovery_factory_batch_runner/stage28a_exact_trades.csv,calendar_time_risk_proxy_v1,calendar_drop_friday_h13_tp06_sl065,-1.9333999999999836,-2.983399999999983,-3.683399999999983,0,0,0,0,2.983399999999983,22.00999999999999,5.160000000000082,0.20155038759688898,8.710000000000036,0.5993111366245701,3.490000000000009,4.145000000000016,0.456,-1.0,,,13,2,6.0,2022
2022-06-02 13:00:00+00:00|1.0|calendar_drop_friday_h13_tp06_sl065,2022-06-02 13:00:00+00:00,STAGE28A,data/reports/stage28a_discovery_factory_batch_runner/stage28a_exact_trades.csv,calendar_time_risk_proxy_v1,calendar_drop_friday_h13_tp06_sl065,-1.4182750000000852,-2.468275000000085,-3.1682750000000848,0,0,0,0,2.468275000000085,21.49000000000001,4.849999999999909,0.4659793814433058,10.8599999999999,0.8508287292817767,2.869999999999891,3.276499999999976,0.032,1.0,,,13,3,6.0,2022
2022-06-03 22:45:00+00:00|1.0|calendar_drop_friday_h13_tp06_sl065,2022-06-03 22:45:00+00:00,STAGE28A,data/reports/stage28a_discovery_factory_batch_runner/stage28a_exact_trades.csv,calendar_time_risk_proxy_v1,calendar_drop_friday_h13_tp06_sl065,-0.35,-1.4,-2.1,0,0,0,0,1.4,26.3599999999999,6.25,0.09119999999998982,5.829999999999927,0.701543739279583,3.3999999999998636,3.9710000000000036,0.48,1.0,,,13,4,6.0,2022
2022-06-06 13:00:00+00:00|-1.0|calendar_drop_friday_h13_tp06_sl065,2022-06-06 13:00:00+00:00,STAGE28A,data/reports/stage28a_discovery_factory_batch_runner/stage28a_exact_trades.csv,calendar_time_risk_proxy_v1,calendar_drop_friday_h13_tp06_sl065,-1.377325000000019,-2.427325000000019,-3.1273250000000186,0,0,0,0,2.427325000000019,2.599999999999909,6.670000000000073,0.599700149925031,5.759999999999991,0.37326388888890527,2.769999999999982,3.1694999999999935,0.044,-1.0,,,13,0,6.0,2022
2022-06-07 13:00:00+00:00|1.0|calendar_drop_friday_h13_tp06_sl065,2022-06-07 13:00:00+00:00,STAGE28A,data/reports/stage28a_discovery_factory_batch_runner/stage28a_exact_trades.csv,calendar_time_risk_proxy_v1,calendar_drop_friday_h13_tp06_sl065,0.8901999999999589,-0.159800000000041,-0.8598000000000408,0,0,0,0,0.159800000000041,17.180000000000064,5.460000000000036,0.2655677655677721,10.450000000000045,0.6842105263157952,2.509999999999991,3.4334999999999924,0.228,1.0,,,13,1,6.0,2022
2022-06-08 13:00:00+00:00|1.0|calendar_drop_friday_h13_tp06_sl065,2022-06-08 13:00:00+00:00,STAGE28A,data/reports/stage28a_discovery_factory_batch_runner/stage28a_exact_trades.csv,calendar_time_risk_proxy_v1,calendar_drop_friday_h13_tp06_sl065,-1.37212499999996,-2.42212499999996,-3.12212499999996,0,0,0,0,2.42212499999996,18.480000000000018,7.009999999999991,0.8359486447931395,5.5,0.49818181818181984,2.8300000000001546,2.9820000000000504,0.036,1.0,,,13,2,6.0,2022
2022-06-09 13:00:00+00:00|-1.0|calendar_drop_friday_h13_tp06_sl065,2022-06-09 13:00:00+00:00,STAGE28A,data/reports/stage28a_discovery_factory_batch_runner/stage28a_exact_trades.csv,calendar_time_risk_proxy_v1,calendar_drop_friday_h13_tp06_sl065,0.7438000000001012,-0.3061999999998988,-1.0061999999998985,0,0,0,0,0.3061999999998988,15.110000000000127,4.420000000000073,0.27149321266968907,7.669999999999845,0.7679269882659702,2.1900000000000546,2.8504999999999994,0.02,-1.0,,,13,3,6.0,2022
2022-06-10 22:45:00+00:00|1.0|calendar_drop_friday_h13_tp06_sl065,2022-06-10 22:45:00+00:00,STAGE28A,data/reports/stage28a_discovery_factory_batch_runner/stage28a_exact_trades.csv,calendar_time_risk_proxy_v1,calendar_drop_friday_h13_tp06_sl065,-0.35,-1.4,-2.1,0,0,0,0,1.4,15.290000000000191,3.7799999999999727,0.45767195767190566,5.2199999999998,0.3812260536398631,6.589999999999918,6.919499999999959,1.0,1.0,,,13,4,6.0,2022
2022-06-13 13:00:00+00:00|-1.0|calendar_drop_friday_h13_tp06_sl065,2022-06-13 13:00:00+00:00,STAGE28A,data/reports/stage28a_discovery_factory_batch_runner/stage28a_exact_trades.csv,calendar_time_risk_proxy_v1,calendar_drop_friday_h13_tp06_sl065,1.301200000000017,0.2512000000000172,-0.4487999999999825,1,0,1,0,0.2512000000000172,3.7800000000002,18.88000000000011,0.6705508474576276,14.509999999999991,0.6140592694693375,4.730000000000018,6.589000000000044,0.936,-1.0,,,13,0,6.0,2022
2022-06-14 13:00:00+00:00|1.0|calendar_drop_friday_h13_tp06_sl065,2022-06-14 13:00:00+00:00,STAGE28A,data/reports/stage28a_discovery_factory_batch_runner/stage28a_exact_trades.csv,calendar_time_risk_proxy_v1,calendar_drop_friday_h13_tp06_sl065,1.3242999999999028,0.2742999999999029,-0.4257000000000968,1,0,1,0,0.2742999999999029,60.1400000000001,18.980000000000018,0.22760800842992265,9.910000000000082,0.14429868819374891,4.170000000000073,5.033500000000004,0.832,1.0,,,13,1,6.0,2022
2022-06-15 13:00:00+00:00|1.0|calendar_drop_friday_h13_tp06_sl065,2022-06-15 13:00:00+00:00,STAGE28A,data/reports/stage28a_discovery_factory_batch_runner/stage28a_exact_trades.csv,calendar_time_risk_proxy_v1,calendar_drop_friday_h13_tp06_sl065,1.3273000000000592,0.2773000000000594,-0.4226999999999403,1,0,1,0,0.2773000000000594,26.5,11.839999999999918,0.5861486486486573,12.980000000000018,0.7534668721109368,5.680000000000064,4.512999999999977,0.7,1.0,,,13,2,6.0,2022
2022-06-16 13:00:00+00:00|1.0|calendar_drop_friday_h13_tp06_sl065,2022-06-16 13:00:00+00:00,STAGE28A,data/reports/stage28a_discovery_factory_batch_runner/stage28a_exact_trades.csv,calendar_time_risk_proxy_v1,calendar_drop_friday_h13_tp06_sl065,1.634200000000101,0.5842000000001009,-0.1157999999998988,1,0,1,0,0.5842000000001009,34.37999999999988,6.600000000000136,0.1181818181818116,9.560000000000173,0.2834728033472552,6.8900000000001,5.7155000000000316,0.788,1.0,,,13,3,6.0,2022
2022-06-17 22:45:00+00:00|1.0|calendar_drop_friday_h13_tp06_sl065,2022-06-17 22:45:00+00:00,STAGE28A,data/reports/stage28a_discovery_factory_batch_runner/stage28a_exact_trades.csv,calendar_time_risk_proxy_v1,calendar_drop_friday_h13_tp06_sl065,-0.35,-1.4,-2.1,0,0,0,0,1.4,42.25999999999999,14.240000000000009,0.599016853932582,10.61999999999989,0.542372881355937,3.1100000000001273,4.685000000000002,0.544,1.0,,,13,4,6.0,2022
2022-06-20 13:00:00+00:00|-1.0|calendar_drop_friday_h13_tp06_sl065,2022-06-20 13:00:00+00:00,STAGE28A,data/reports/stage28a_discovery_factory_batch_runner/stage28a_exact_trades.csv,calendar_time_risk_proxy_v1,calendar_drop_friday_h13_tp06_sl065,-1.7972249999998895,-2.8472249999998893,-3.547224999999889,0,0,0,0,2.8472249999998893,5.519999999999982,11.340000000000146,0.43033509700176775,6.120000000000118,0.5065359477124308,4.059999999999945,4.186000000000002,0.408,-1.0,,,13,0,6.0,2022
2022-06-21 13:00:00+00:00|-1.0|calendar_drop_friday_h13_tp06_sl065,2022-06-21 13:00:00+00:00,STAGE28A,data/reports/stage28a_discovery_factory_batch_runner/stage28a_exact_trades.csv,calendar_time_risk_proxy_v1,calendar_drop_friday_h13_tp06_sl065,0.8559999999999036,-0.1940000000000963,-0.894000000000096,0,0,0,0,0.1940000000000963,11.340000000000146,5.1400000000001,0.4299610894941621,8.159999999999854,0.3566176470588399,3.990000000000009,3.0650000000000204,0.088,-1.0,,,13,1,6.0,2022
2022-06-22 13:00:00+00:00|-1.0|calendar_drop_friday_h13_tp06_sl065,2022-06-22 13:00:00+00:00,STAGE28A,data/reports/stage28a_discovery_factory_batch_runner/stage28a_exact_trades.csv,calendar_time_risk_proxy_v1,calendar_drop_friday_h13_tp06_sl065,-1.883674999999903,-2.9336749999999028,-3.6336749999999034,0,0,0,0,2.9336749999999028,15.059999999999945,7.599999999999909,0.48289473684212064,6.970000000000027,0.15351506456243322,5.829999999999927,3.9059999999999944,0.344,-1.0,,,13,2,6.0,2022
2022-06-23 13:00:00+00:00|1.0|calendar_drop_friday_h13_tp06_sl065,2022-06-23 13:00:00+00:00,STAGE28A,data/reports/stage28a_discovery_factory_batch_runner/stage28a_exact_trades.csv,calendar_time_risk_proxy_v1,calendar_drop_friday_h13_tp06_sl065,-1.849225000000024,-2.899225000000024,-3.599225000000024,0,0,0,0,2.899225000000024,24.480000000000018,6.289999999999964,0.782193958664563,7.670000000000073,0.10299869621902948,3.2200000000000273,3.4095000000000026,0.148,1.0,,,13,3,6.0,2022
2022-06-24 22:45:00+00:00|1.0|calendar_drop_friday_h13_tp06_sl065,2022-06-24 22:45:00+00:00,STAGE28A,data/reports/stage28a_discovery_factory_batch_runner/stage28a_exact_trades.csv,calendar_time_risk_proxy_v1,calendar_drop_friday_h13_tp06_sl065,0.7116999999999735,-0.3383000000000264,-1.0383000000000262,0,0,0,0,0.3383000000000264,23.519999999999982,4.769999999999982,0.19706498951783188,10.599999999999909,0.34150943396227823,4.059999999999945,4.313999999999976,0.284,1.0,,,13,4,6.0,2022
2022-06-27 13:00:00+00:00|1.0|calendar_drop_friday_h13_tp06_sl065,2022-06-27 13:00:00+00:00,STAGE28A,data/reports/stage28a_discovery_factory_batch_runner/stage28a_exact_trades.csv,calendar_time_risk_proxy_v1,calendar_drop_friday_h13_tp06_sl065,1.0258000000000265,-0.0241999999999733,-0.7241999999999731,0,0,0,0,0.0241999999999733,4.920000000000073,8.6400000000001,0.12268518518520377,7.1599999999998545,0.34636871508380845,3.4400000000000546,4.147999999999979,0.212,1.0,,,13,0,6.0,2022
2022-06-28 13:00:00+00:00|1.0|calendar_drop_friday_h13_tp06_sl065,2022-06-28 13:00:00+00:00,STAGE28A,data/reports/stage28a_discovery_factory_batch_runner/stage28a_exact_trades.csv,calendar_time_risk_proxy_v1,calendar_drop_friday_h13_tp06_sl065,-1.4377749999999652,-2.487774999999965,-3.1877749999999647,0,0,0,0,2.487774999999965,20.230000000000018,4.779999999999973,0.7656903765690116,5.139999999999873,0.2529182879377406,3.449999999999818,2.6975000000000025,0.008,1.0,,,13,1,6.0,2022
2022-06-29 13:00:00+00:00|-1.0|calendar_drop_friday_h13_tp06_sl065,2022-06-29 13:00:00+00:00,STAGE28A,data/reports/stage28a_discovery_factory_batch_runner/stage28a_exact_trades.csv,calendar_time_risk_proxy_v1,calendar_drop_friday_h13_tp06_sl065,0.8365000000000237,-0.2134999999999762,-0.913499999999976,0,0,0,0,0.2134999999999762,11.039999999999964,4.660000000000082,0.22532188841200346,10.309999999999945,0.5819592628516035,6.449999999999818,2.9034999999999966,0.06,-1.0,,,13,2,6.0,2022
2022-06-30 13:00:00+00:00|-1.0|calendar_drop_friday_h13_tp06_sl065,2022-06-30 13:00:00+00:00,STAGE28A,data/reports/stage28a_discovery_factory_batch_runner/stage28a_exact_trades.csv,calendar_time_risk_proxy_v1,calendar_drop_friday_h13_tp06_sl065,0.7912000000000262,-0.2587999999999737,-0.9587999999999736,0,0,0,0,0.2587999999999737,20.939999999999827,4.75,0.21684210526315215,6.769999999999982,0.6469719350074034,5.080000000000155,2.8190000000000284,0.036,-1.0,,,13,3,6.0,2022
2022-07-01 22:45:00+00:00|1.0|calendar_drop_friday_h13_tp06_sl065,2022-07-01 22:45:00+00:00,STAGE28A,data/reports/stage28a_discovery_factory_batch_runner/stage28a_exact_trades.csv,calendar_time_risk_proxy_v1,calendar_drop_friday_h13_tp06_sl065,-0.35,-1.4,-2.1,0,0,0,0,1.4,22.309999999999945,5.990000000000009,0.7979966611018307,10.75,0.5441860465116194,4.75,5.46500000000002,0.936,1.0,,,13,4,7.0,2022
2022-07-04 13:00:00+00:00|-1.0|calendar_drop_friday_h13_tp06_sl065,2022-07-04 13:00:00+00:00,STAGE28A,data/reports/stage28a_discovery_factory_batch_runner/stage28a_exact_trades.csv,calendar_time_risk_proxy_v1,calendar_drop_friday_h13_tp06_sl065,-1.4423250000000736,-2.4923250000000734,-3.192325000000073,0,0,0,0,2.4923250000000734,2.3299999999999272,8.740000000000009,0.16819221967963682,8.240000000000009,0.6844660194174871,3.509999999999991,4.424000000000012,0.624,-1.0,,,13,0,7.0,2022
2022-07-05 13:00:00+00:00|-1.0|calendar_drop_friday_h13_tp06_sl065,2022-07-05 13:00:00+00:00,STAGE28A,data/reports/stage28a_discovery_factory_batch_runner/stage28a_exact_trades.csv,calendar_time_risk_proxy_v1,calendar_drop_friday_h13_tp06_sl065,-1.6188000000000555,-2.668800000000056,-3.3688000000000557,0,0,0,0,2.668800000000056,10.349999999999909,5.660000000000082,0.3021201413427582,11.75,0.6289361702127745,4.990000000000009,2.788499999999999,0.064,-1.0,,,13,1,7.0,2022
2022-07-06 13:00:00+00:00|-1.0|calendar_drop_friday_h13_tp06_sl065,2022-07-06 13:00:00+00:00,STAGE28A,data/reports/stage28a_discovery_factory_batch_runner/stage28a_exact_trades.csv,calendar_time_risk_proxy_v1,calendar_drop_friday_h13_tp06_sl065,-2.147900000000027,-3.197900000000027,-3.8979000000000266,0,0,0,1,3.197900000000027,48.25,7.059999999999945,0.1713881019830093,8.720000000000027,0.6135321100917569,3.6800000000000637,4.74899999999999,0.7,-1.0,,,13,2,7.0,2022
2022-07-07 13:00:00+00:00|-1.0|calendar_drop_friday_h13_tp06_sl065,2022-07-07 13:00:00+00:00,STAGE28A,data/reports/stage28a_discovery_factory_batch_runner/stage28a_exact_trades.csv,calendar_time_risk_proxy_v1,calendar_drop_friday_h13_tp06_sl065,0.913300000000072,-0.1366999999999278,-0.8366999999999276,0,0,0,0,0.1366999999999278,40.66000000000008,10.450000000000045,0.6411483253588532,7.569999999999936,0.33685601056802855,3.9099999999998545,5.087999999999977,0.732,-1.0,,,13,3,7.0,2022
2022-07-08 22:45:00+00:00|1.0|calendar_drop_friday_h13_tp06_sl065,2022-07-08 22:45:00+00:00,STAGE28A,data/reports/stage28a_discovery_factory_batch_runner/stage28a_exact_trades.csv,calendar_time_risk_proxy_v1,calendar_drop_friday_h13_tp06_sl065,0.6853000000000066,-0.3646999999999933,-1.064699999999993,0,0,0,0,0.3646999999999933,12.600000000000136,7.740000000000009,0.34625322997413865,10.710000000000036,0.3725490196078427,2.5699999999999363,5.355500000000006,0.804,1.0,,,13,4,7.0,2022
2022-07-11 13:00:00+00:00|-1.0|calendar_drop_friday_h13_tp06_sl065,2022-07-11 13:00:00+00:00,STAGE28A,data/reports/stage28a_discovery_factory_batch_runner/stage28a_exact_trades.csv,calendar_time_risk_proxy_v1,calendar_drop_friday_h13_tp06_sl065,0.7065999999998894,-0.3434000000001105,-1.0434000000001102,0,0,0,0,0.3434000000001105,4.230000000000018,6.099999999999909,0.16557377049180425,7.990000000000009,0.9386733416770953,5.129999999999882,3.888499999999999,0.328,-1.0,,,13,0,7.0,2022
2022-07-12 13:00:00+00:00|1.0|calendar_drop_friday_h13_tp06_sl065,2022-07-12 13:00:00+00:00,STAGE28A,data/reports/stage28a_discovery_factory_batch_runner/stage28a_exact_trades.csv,calendar_time_risk_proxy_v1,calendar_drop_friday_h13_tp06_sl065,-2.03382500000007,-3.0838250000000698,-3.7838250000000695,0,0,0,1,3.0838250000000698,13.3599999999999,21.100000000000136,0.008056872037918088,13.6099999999999,0.11535635562086317,3.2000000000000455,4.644500000000027,0.616,1.0,,,13,1,7.0,2022
2022-07-13 13:00:00+00:00|1.0|calendar_drop_friday_h13_tp06_sl065,2022-07-13 13:00:00+00:00,STAGE28A,data/reports/stage28a_discovery_factory_batch_runner/stage28a_exact_trades.csv,calendar_time_risk_proxy_v1,calendar_drop_friday_h13_tp06_sl065,0.8734000000000833,-0.1765999999999166,-0.8765999999999163,0,0,0,0,0.1765999999999166,21.100000000000136,6.019999999999982,0.245847176079738,7.830000000000155,0.11238825031929651,3.560000000000173,3.191500000000019,0.132,1.0,,,13,2,7.0,2022
2022-07-14 13:00:00+00:00|-1.0|calendar_drop_friday_h13_tp06_sl065,2022-07-14 13:00:00+00:00,STAGE28A,data/reports/stage28a_discovery_factory_batch_runner/stage28a_exact_trades.csv,calendar_time_risk_proxy_v1,calendar_drop_friday_h13_tp06_sl065,-2.203475000000117,-3.2534750000001167,-3.953475000000117,0,0,0,1,3.2534750000001167,38.049999999999955,10.920000000000073,0.21245421245422602,20.029999999999973,0.7688467299051365,5.120000000000118,5.5450000000000275,0.784,-1.0,,,13,3,7.0,2022
2022-07-15 22:45:00+00:00|1.0|calendar_drop_friday_h13_tp06_sl065,2022-07-15 22:45:00+00:00,STAGE28A,data/reports/stage28a_discovery_factory_batch_runner/stage28a_exact_trades.csv,calendar_time_risk_proxy_v1,calendar_drop_friday_h13_tp06_sl065,-0.35,-1.4,-2.1,0,0,0,0,1.4,38.809999999999945,8.070000000000164,0.23420074349440326,11.740000000000009,0.5144804088585996,1.3800000000001091,4.825500000000045,0.516,1.0,,,13,4,7.0,2022
2022-07-18 13:00:00+00:00|1.0|calendar_drop_friday_h13_tp06_sl065,2022-07-18 13:00:00+00:00,STAGE28A,data/reports/stage28a_discovery_factory_batch_runner/stage28a_exact_trades.csv,calendar_time_risk_proxy_v1,calendar_drop_friday_h13_tp06_sl065,1.064199999999937,0.0141999999999371,-0.6858000000000626,1,0,0,0,0.0141999999999371,3.1399999999998727,11.819999999999936,0.5972927241962953,12.009999999999991,0.5029142381348849,5.470000000000027,3.7700000000000045,0.208,1.0,,,13,0,7.0,2022
2022-07-19 13:00:00+00:00|1.0|calendar_drop_friday_h13_tp06_sl065,2022-07-19 13:00:00+00:00,STAGE28A,data/reports/stage28a_discovery_factory_batch_runner/stage28a_exact_trades.csv,calendar_time_risk_proxy_v1,calendar_drop_friday_h13_tp06_sl065,-1.451425000000063,-2.501425000000063,-3.2014250000000626,0,0,0,0,2.501425000000063,17.99000000000001,4.889999999999873,0.30061349693252876,7.759999999999991,0.49742268041238813,3.0499999999999545,3.078999999999996,0.056,1.0,,,13,1,7.0,2022
2022-07-20 13:00:00+00:00|-1.0|calendar_drop_friday_h13_tp06_sl065,2022-07-20 13:00:00+00:00,STAGE28A,data/reports/stage28a_discovery_factory_batch_runner/stage28a_exact_trades.csv,calendar_time_risk_proxy_v1,calendar_drop_friday_h13_tp06_sl065,-1.4673499999999875,-2.5173499999999875,-3.2173499999999877,0,0,0,0,2.5173499999999875,13.169999999999845,3.900000000000091,0.02307692307690155,7.980000000000018,0.08771929824561954,6.129999999999882,2.814500000000032,0.008,-1.0,,,13,2,7.0,2022
2022-07-21 13:00:00+00:00|-1.0|calendar_drop_friday_h13_tp06_sl065,2022-07-21 13:00:00+00:00,STAGE28A,data/reports/stage28a_discovery_factory_batch_runner/stage28a_exact_trades.csv,calendar_time_risk_proxy_v1,calendar_drop_friday_h13_tp06_sl065,-1.9087000000000445,-2.9587000000000443,-3.658700000000044,0,0,0,0,2.9587000000000443,21.980000000000018,7.3400000000001455,0.5953678474114175,11.529999999999973,0.6131830008673184,4.2199999999998,3.8129999999999766,0.292,-1.0,,,13,3,7.0,2022
2022-07-22 22:45:00+00:00|1.0|calendar_drop_friday_h13_tp06_sl065,2022-07-22 22:45:00+00:00,STAGE28A,data/reports/stage28a_discovery_factory_batch_runner/stage28a_exact_trades.csv,calendar_time_risk_proxy_v1,calendar_drop_friday_h13_tp06_sl065,-0.35,-1.4,-2.1,0,0,0,0,1.4,39.34999999999991,6.4500000000000455,0.5581395348837029,12.649999999999864,0.8426877470355887,6.2000000000000455,4.8830000000000044,0.676,1.0,,,13,4,7.0,2022
2022-07-25 13:00:00+00:00|1.0|calendar_drop_friday_h13_tp06_sl065,2022-07-25 13:00:00+00:00,STAGE28A,data/reports/stage28a_discovery_factory_batch_runner/stage28a_exact_trades.csv,calendar_time_risk_proxy_v1,calendar_drop_friday_h13_tp06_sl065,0.9990999999999076,-0.0509000000000923,-0.750900000000092,0,0,0,0,0.0509000000000923,1.5700000000001637,8.950000000000045,0.13854748603351988,12.480000000000018,0.5993589743589749,7.980000000000018,3.9800000000000066,0.34,1.0,,,13,0,7.0,2022
2022-07-26 13:00:00+00:00|-1.0|calendar_drop_friday_h13_tp06_sl065,2022-07-26 13:00:00+00:00,STAGE28A,data/reports/stage28a_discovery_factory_batch_runner/stage28a_exact_trades.csv,calendar_time_risk_proxy_v1,calendar_drop_friday_h13_tp06_sl065,-1.494974999999931,-2.544974999999931,-3.244974999999931,0,0,0,0,2.544974999999931,21.460000000000036,10.149999999999864,0.5320197044335137,8.980000000000018,0.4432071269487762,5.529999999999973,3.3735000000000013,0.132,-1.0,,,13,1,7.0,2022
2022-07-27 13:00:00+00:00|1.0|calendar_drop_friday_h13_tp06_sl065,2022-07-27 13:00:00+00:00,STAGE28A,data/reports/stage28a_discovery_factory_batch_runner/stage28a_exact_trades.csv,calendar_time_risk_proxy_v1,calendar_drop_friday_h13_tp06_sl065,0.7734999999999218,-0.2765000000000781,-0.976500000000078,0,0,0,0,0.2765000000000781,14.579999999999927,4.2999999999999545,0.34883720930232925,11.460000000000036,0.47382198952878,3.0800000000001546,3.018999999999983,0.036,1.0,,,13,2,7.0,2022
2022-07-28 13:00:00+00:00|1.0|calendar_drop_friday_h13_tp06_sl065,2022-07-28 13:00:00+00:00,STAGE28A,data/reports/stage28a_discovery_factory_batch_runner/stage28a_exact_trades.csv,calendar_time_risk_proxy_v1,calendar_drop_friday_h13_tp06_sl065,-1.933075000000008,-2.983075000000008,-3.683075000000008,0,0,0,0,2.983075000000008,28.660000000000082,7.730000000000018,0.18111254851230113,13.089999999999918,0.32773109243697407,6.100000000000136,4.770500000000004,0.708,1.0,,,13,3,7.0,2022
2022-07-29 22:45:00+00:00|1.0|calendar_drop_friday_h13_tp06_sl065,2022-07-29 22:45:00+00:00,STAGE28A,data/reports/stage28a_discovery_factory_batch_runner/stage28a_exact_trades.csv,calendar_time_risk_proxy_v1,calendar_drop_friday_h13_tp06_sl065,-0.35,-1.4,-2.1,0,0,0,0,1.4,23.1400000000001,11.269999999999982,0.6752440106477295,11.579999999999927,0.22625215889465758,2.769999999999982,4.687999999999988,0.716,1.0,,,13,4,7.0,2022
2022-08-01 13:00:00+00:00|1.0|calendar_drop_friday_h13_tp06_sl065,2022-08-01 13:00:00+00:00,STAGE28A,data/reports/stage28a_discovery_factory_batch_runner/stage28a_exact_trades.csv,calendar_time_risk_proxy_v1,calendar_drop_friday_h13_tp06_sl065,1.013200000000006,-0.0367999999999937,-0.7367999999999935,0,0,0,0,0.0367999999999937,2.3300000000001546,5.310000000000173,0.20527306967982725,15.36999999999989,0.7391021470396865,8.900000000000091,4.3110000000000355,0.568,1.0,,,13,0,8.0,2022
2022-08-02 13:00:00+00:00|-1.0|calendar_drop_friday_h13_tp06_sl065,2022-08-02 13:00:00+00:00,STAGE28A,data/reports/stage28a_discovery_factory_batch_runner/stage28a_exact_trades.csv,calendar_time_risk_proxy_v1,calendar_drop_friday_h13_tp06_sl065,-1.7156499999999597,-2.7656499999999595,-3.4656499999999597,0,0,0,0,2.7656499999999595,16.699999999999818,9.649999999999864,0.30880829015544664,7.150000000000091,0.008391608391600653,2.509999999999991,3.8615000000000235,0.368,-1.0,,,13,1,8.0,2022
2022-08-03 13:00:00+00:00|-1.0|calendar_drop_friday_h13_tp06_sl065,2022-08-03 13:00:00+00:00,STAGE28A,data/reports/stage28a_discovery_factory_batch_runner/stage28a_exact_trades.csv,calendar_time_risk_proxy_v1,calendar_drop_friday_h13_tp06_sl065,-1.6730750000000172,-2.723075000000017,-3.4230750000000167,0,0,0,0,2.723075000000017,28.529999999999973,14.2800000000002,0.6435574229691825,6.519999999999982,0.4647239263803652,1.9700000000000273,4.958000000000015,0.8,-1.0,,,13,2,8.0,2022
2022-08-04 13:00:00+00:00|1.0|calendar_drop_friday_h13_tp06_sl065,2022-08-04 13:00:00+00:00,STAGE28A,data/reports/stage28a_discovery_factory_batch_runner/stage28a_exact_trades.csv,calendar_time_risk_proxy_v1,calendar_drop_friday_h13_tp06_sl065,0.8137000000000626,-0.2362999999999373,-0.9362999999999372,0,0,0,0,0.2362999999999373,18.460000000000036,8.320000000000164,0.889423076923043,11.079999999999927,0.8086642599278064,4.079999999999927,3.4970000000000367,0.1,1.0,,,13,3,8.0,2022
2022-08-05 22:45:00+00:00|1.0|calendar_drop_friday_h13_tp06_sl065,2022-08-05 22:45:00+00:00,STAGE28A,data/reports/stage28a_discovery_factory_batch_runner/stage28a_exact_trades.csv,calendar_time_risk_proxy_v1,calendar_drop_friday_h13_tp06_sl065,0.750400000000036,-0.2995999999999639,-0.9995999999999636,0,0,0,0,0.2995999999999639,31.680000000000064,6.100000000000136,0.19180327868853222,7.569999999999936,0.7384412153236414,3.5399999999999636,4.851500000000021,0.812,1.0,,,13,4,8.0,2022
2022-08-08 13:00:00+00:00|1.0|calendar_drop_friday_h13_tp06_sl065,2022-08-08 13:00:00+00:00,STAGE28A,data/reports/stage28a_discovery_factory_batch_runner/stage28a_exact_trades.csv,calendar_time_risk_proxy_v1,calendar_drop_friday_h13_tp06_sl065,-1.423799999999892,-2.473799999999892,-3.173799999999892,0,0,0,0,2.473799999999892,4.460000000000036,4.879999999999882,0.0860655737705088,7.879999999999882,0.5418781725888383,4.690000000000055,3.4279999999999973,0.104,1.0,,,13,0,8.0,2022
2022-08-09 13:00:00+00:00|1.0|calendar_drop_friday_h13_tp06_sl065,2022-08-09 13:00:00+00:00,STAGE28A,data/reports/stage28a_discovery_factory_batch_runner/stage28a_exact_trades.csv,calendar_time_risk_proxy_v1,calendar_drop_friday_h13_tp06_sl065,-1.7539999999999965,-2.8039999999999963,-3.503999999999996,0,0,0,0,2.8039999999999963,19.449999999999818,7.440000000000055,0.3360215053763416,9.8599999999999,0.5324543610547722,3.9600000000000364,3.273000000000002,0.064,1.0,,,13,1,8.0,2022
2022-08-10 13:00:00+00:00|1.0|calendar_drop_friday_h13_tp06_sl065,2022-08-10 13:00:00+00:00,STAGE28A,data/reports/stage28a_discovery_factory_batch_runner/stage28a_exact_trades.csv,calendar_time_risk_proxy_v1,calendar_drop_friday_h13_tp06_sl065,-1.4098250000000463,-2.459825000000046,-3.159825000000046,0,0,0,0,2.459825000000046,17.15000000000009,4.0,0.5999999999999659,7.539999999999964,0.3859416445623168,3.4500000000000455,2.7889999999999757,0.008,1.0,,,13,2,8.0,2022
2022-08-11 13:00:00+00:00|1.0|calendar_drop_friday_h13_tp06_sl065,2022-08-11 13:00:00+00:00,STAGE28A,data/reports/stage28a_discovery_factory_batch_runner/stage28a_exact_trades.csv,calendar_time_risk_proxy_v1,calendar_drop_friday_h13_tp06_sl065,-1.6214000000000852,-2.671400000000085,-3.3714000000000848,0,0,0,0,2.671400000000085,20.269999999999982,8.3900000000001,0.6376638855780506,6.789999999999964,0.6465390279823117,2.560000000000173,3.3920000000000186,0.12,1.0,,,13,3,8.0,2022
2022-08-12 22:45:00+00:00|1.0|calendar_drop_friday_h13_tp06_sl065,2022-08-12 22:45:00+00:00,STAGE28A,data/reports/stage28a_discovery_factory_batch_runner/stage28a_exact_trades.csv,calendar_time_risk_proxy_v1,calendar_drop_friday_h13_tp06_sl065,-0.35,-1.4,-2.1,0,0,0,0,1.4,15.679999999999836,5.190000000000055,0.6358381502890019,8.059999999999945,0.440446650124095,3.6800000000000637,4.034999999999991,0.452,1.0,,,13,4,8.0,2022
2022-08-15 13:00:00+00:00|-1.0|calendar_drop_friday_h13_tp06_sl065,2022-08-15 13:00:00+00:00,STAGE28A,data/reports/stage28a_discovery_factory_batch_runner/stage28a_exact_trades.csv,calendar_time_risk_proxy_v1,calendar_drop_friday_h13_tp06_sl065,-1.6903000000000703,-2.74030000000007,-3.44030000000007,0,0,0,0,2.74030000000007,2.5799999999999272,8.339999999999918,0.5851318944844313,17.659999999999854,0.8969422423556086,6.709999999999809,3.6345000000000027,0.24,-1.0,,,13,0,8.0,2022
2022-08-16 13:00:00+00:00|-1.0|calendar_drop_friday_h13_tp06_sl065,2022-08-16 13:00:00+00:00,STAGE28A,data/reports/stage28a_discovery_factory_batch_runner/stage28a_exact_trades.csv,calendar_time_risk_proxy_v1,calendar_drop_friday_h13_tp06_sl065,0.6580000000000382,-0.3919999999999617,-1.0919999999999614,0,0,0,0,0.3919999999999617,29.309999999999945,6.2999999999999545,0.46190476190477825,8.120000000000118,0.6896551724137998,2.1200000000001182,2.6595000000000026,0.012,-1.0,,,13,1,8.0,2022
2022-08-17 13:00:00+00:00|-1.0|calendar_drop_friday_h13_tp06_sl065,2022-08-17 13:00:00+00:00,STAGE28A,data/reports/stage28a_discovery_factory_batch_runner/stage28a_exact_trades.csv,calendar_time_risk_proxy_v1,calendar_drop_friday_h13_tp06_sl065,0.6967000000001008,-0.3532999999998991,-1.0532999999998989,0,0,0,0,0.3532999999998991,11.660000000000082,3.1499999999998636,0.17777777777776815,10.319999999999936,0.22093023255813826,2.589999999999918,2.806499999999994,0.032,-1.0,,,13,2,8.0,2022
2022-08-18 13:00:00+00:00|1.0|calendar_drop_friday_h13_tp06_sl065,2022-08-18 13:00:00+00:00,STAGE28A,data/reports/stage28a_discovery_factory_batch_runner/stage28a_exact_trades.csv,calendar_time_risk_proxy_v1,calendar_drop_friday_h13_tp06_sl065,-1.3373499999998786,-2.3873499999998784,-3.087349999999878,0,0,0,0,2.3873499999998784,22.449999999999818,5.760000000000218,0.032986111111119334,8.139999999999873,0.7960687960688108,3.6799999999998363,3.254999999999984,0.184,1.0,,,13,3,8.0,2022
2022-08-19 22:45:00+00:00|1.0|calendar_drop_friday_h13_tp06_sl065,2022-08-19 22:45:00+00:00,STAGE28A,data/reports/stage28a_discovery_factory_batch_runner/stage28a_exact_trades.csv,calendar_time_risk_proxy_v1,calendar_drop_friday_h13_tp06_sl065,0.5649999999999636,-0.4850000000000363,-1.185000000000036,0,0,0,0,0.4850000000000363,17.089999999999918,5.740000000000009,0.548780487804893,5.559999999999945,0.13129496402878155,3.2100000000000364,3.7059999999999604,0.528,1.0,,,13,4,8.0,2022
2022-08-22 13:00:00+00:00|-1.0|calendar_drop_friday_h13_tp06_sl065,2022-08-22 13:00:00+00:00,STAGE28A,data/reports/stage28a_discovery_factory_batch_runner/stage28a_exact_trades.csv,calendar_time_risk_proxy_v1,calendar_drop_friday_h13_tp06_sl065,0.8986000000001241,-0.1513999999998758,-0.8513999999998756,0,0,0,0,0.1513999999998758,3.1100000000001273,4.170000000000073,0.17266187050360066,14.790000000000191,0.6112237998647632,6.769999999999982,3.265499999999997,0.232,-1.0,,,13,0,8.0,2022
2022-08-23 13:00:00+00:00|1.0|calendar_drop_friday_h13_tp06_sl065,2022-08-23 13:00:00+00:00,STAGE28A,data/reports/stage28a_discovery_factory_batch_runner/stage28a_exact_trades.csv,calendar_time_risk_proxy_v1,calendar_drop_friday_h13_tp06_sl065,1.0096000000000005,-0.0403999999999995,-0.7403999999999993,0,0,0,0,0.0403999999999995,21.340000000000146,6.380000000000109,0.4247648902821301,9.120000000000118,0.10087719298246281,3.6499999999998636,3.1120000000000116,0.15,1.0,,,13,1,8.0,2022
2022-08-24 13:00:00+00:00|1.0|calendar_drop_friday_h13_tp06_sl065,2022-08-24 13:00:00+00:00,STAGE28A,data/reports/stage28a_discovery_factory_batch_runner/stage28a_exact_trades.csv,calendar_time_risk_proxy_v1,calendar_drop_friday_h13_tp06_sl065,-1.5118750000000092,-2.561875000000009,-3.2618750000000087,0,0,0,0,2.561875000000009,23.309999999999945,3.979999999999791,0.36934673366836795,9.430000000000064,0.3955461293743365,4.75,2.976999999999964,0.1,1.0,,,13,2,8.0,2022
2022-08-25 13:00:00+00:00|1.0|calendar_drop_friday_h13_tp06_sl065,2022-08-25 13:00:00+00:00,STAGE28A,data/reports/stage28a_discovery_factory_batch_runner/stage28a_exact_trades.csv,calendar_time_risk_proxy_v1,calendar_drop_friday_h13_tp06_sl065,-1.4822999999999866,-2.5322999999999865,-3.232299999999986,0,0,0,0,2.5322999999999865,13.490000000000009,7.819999999999936,0.6598465473145647,9.720000000000027,0.7150205761316899,2.6400000000001,3.2789999999999964,0.244,1.0,,,13,3,8.0,2022
2022-08-26 22:45:00+00:00|1.0|calendar_drop_friday_h13_tp06_sl065,2022-08-26 22:45:00+00:00,STAGE28A,data/reports/stage28a_discovery_factory_batch_runner/stage28a_exact_trades.csv,calendar_time_risk_proxy_v1,calendar_drop_friday_h13_tp06_sl065,0.8545000000000528,-0.1954999999999471,-0.8954999999999469,0,0,0,0,0.1954999999999471,15.519999999999982,6.579999999999927,0.03647416413374039,9.5,0.804210526315776,2.8500000000001364,4.438999999999953,0.988,1.0,,,13,4,8.0,2022
2022-08-29 13:00:00+00:00|-1.0|calendar_drop_friday_h13_tp06_sl065,2022-08-29 13:00:00+00:00,STAGE28A,data/reports/stage28a_discovery_factory_batch_runner/stage28a_exact_trades.csv,calendar_time_risk_proxy_v1,calendar_drop_friday_h13_tp06_sl065,-1.4738499999999477,-2.5238499999999475,-3.2238499999999477,0,0,0,0,2.5238499999999475,3.8599999999999,15.049999999999955,0.7495016611295685,5.519999999999982,0.24456521739132986,2.8299999999999272,4.653499999999974,0.964,-1.0,,,13,0,8.0,2022
2022-08-30 13:00:00+00:00|-1.0|calendar_drop_friday_h13_tp06_sl065,2022-08-30 13:00:00+00:00,STAGE28A,data/reports/stage28a_discovery_factory_batch_runner/stage28a_exact_trades.csv,calendar_time_risk_proxy_v1,calendar_drop_friday_h13_tp06_sl065,-1.7689499999999954,-2.818949999999995,-3.518949999999995,0,0,0,0,2.818949999999995,25.179999999999836,6.619999999999891,0.38670694864051586,8.840000000000146,0.07352941176468925,3.310000000000173,3.280000000000007,0.292,-1.0,,,13,1,8.0,2022
2022-08-31 13:00:00+00:00|-1.0|calendar_drop_friday_h13_tp06_sl065,2022-08-31 13:00:00+00:00,STAGE28A,data/reports/stage28a_discovery_factory_batch_runner/stage28a_exact_trades.csv,calendar_time_risk_proxy_v1,calendar_drop_friday_h13_tp06_sl065,0.9960999999999786,-0.0539000000000213,-0.7539000000000211,0,0,0,0,0.0539000000000213,19.339999999999918,3.8899999999998727,0.26478149100257237,15.8599999999999,0.8209331651954643,3.769999999999982,3.2459999999999694,0.228,-1.0,,,13,2,8.0,2022
2022-09-01 13:00:00+00:00|-1.0|calendar_drop_friday_h13_tp06_sl065,2022-09-01 13:00:00+00:00,STAGE28A,data/reports/stage28a_discovery_factory_batch_runner/stage28a_exact_trades.csv,calendar_time_risk_proxy_v1,calendar_drop_friday_h13_tp06_sl065,-1.8365500000000796,-2.886550000000079,-3.586550000000079,0,0,0,0,2.886550000000079,16.909999999999854,9.11999999999989,0.7225877192982453,8.200000000000045,0.14878048780488054,6.619999999999891,4.009999999999991,0.752,-1.0,,,13,3,9.0,2022
2022-09-02 22:45:00+00:00|1.0|calendar_drop_friday_h13_tp06_sl065,2022-09-02 22:45:00+00:00,STAGE28A,data/reports/stage28a_discovery_factory_batch_runner/stage28a_exact_trades.csv,calendar_time_risk_proxy_v1,calendar_drop_friday_h13_tp06_sl065,-0.35,-1.4,-2.1,0,0,0,0,1.4,22.61999999999989,5.330000000000155,0.7448405253283137,8.539999999999964,0.8723653395784368,4.710000000000036,3.7680000000000065,0.544,1.0,,,13,4,9.0,2022
2022-09-05 13:00:00+00:00|-1.0|calendar_drop_friday_h13_tp06_sl065,2022-09-05 13:00:00+00:00,STAGE28A,data/reports/stage28a_discovery_factory_batch_runner/stage28a_exact_trades.csv,calendar_time_risk_proxy_v1,calendar_drop_friday_h13_tp06_sl065,0.7506999999999607,-0.2993000000000392,-0.9993000000000388,0,0,0,0,0.2993000000000392,1.9400000000000546,5.160000000000082,0.354651162790722,6.2999999999999545,0.3365079365079216,4.0499999999999545,3.5100000000000136,0.356,-1.0,,,13,0,9.0,2022
2022-09-06 13:00:00+00:00|-1.0|calendar_drop_friday_h13_tp06_sl065,2022-09-06 13:00:00+00:00,STAGE28A,data/reports/stage28a_discovery_factory_batch_runner/stage28a_exact_trades.csv,calendar_time_risk_proxy_v1,calendar_drop_friday_h13_tp06_sl065,0.8004999999999655,-0.2495000000000344,-0.9495000000000342,0,0,0,0,0.2495000000000344,8.049999999999955,16.909999999999854,0.2950916617386193,9.699999999999818,0.6608247422680621,2.3299999999999272,3.5514999999999874,0.416,-1.0,,,13,1,9.0,2022
2022-09-07 13:00:00+00:00|1.0|calendar_drop_friday_h13_tp06_sl065,2022-09-07 13:00:00+00:00,STAGE28A,data/reports/stage28a_discovery_factory_batch_runner/stage28a_exact_trades.csv,calendar_time_risk_proxy_v1,calendar_drop_friday_h13_tp06_sl065,0.9412000000001172,-0.1087999999998827,-0.8087999999998825,0,0,0,0,0.1087999999998827,26.909999999999854,11.450000000000045,0.618340611353703,15.829999999999927,0.8597599494630425,3.25,4.207000000000017,0.732,1.0,,,13,2,9.0,2022
2022-09-08 13:00:00+00:00|1.0|calendar_drop_friday_h13_tp06_sl065,2022-09-08 13:00:00+00:00,STAGE28A,data/reports/stage28a_discovery_factory_batch_runner/stage28a_exact_trades.csv,calendar_time_risk_proxy_v1,calendar_drop_friday_h13_tp06_sl065,0.8074000000000524,-0.2425999999999475,-0.9425999999999471,0,0,0,0,0.2425999999999475,28.09999999999991,5.789999999999964,0.6269430051813699,8.8900000000001,0.6850393700787488,3.4300000000000637,3.6340000000000146,0.376,1.0,,,13,3,9.0,2022
2022-09-09 22:45:00+00:00|1.0|calendar_drop_friday_h13_tp06_sl065,2022-09-09 22:45:00+00:00,STAGE28A,data/reports/stage28a_discovery_factory_batch_runner/stage28a_exact_trades.csv,calendar_time_risk_proxy_v1,calendar_drop_friday_h13_tp06_sl065,-0.35,-1.4,-2.1,0,0,0,0,1.4,24.13000000000011,12.230000000000018,0.821749795584623,11.269999999999982,0.7080745341614935,1.9600000000000364,4.281500000000006,0.676,1.0,,,13,4,9.0,2022
2022-09-12 13:00:00+00:00|1.0|calendar_drop_friday_h13_tp06_sl065,2022-09-12 13:00:00+00:00,STAGE28A,data/reports/stage28a_discovery_factory_batch_runner/stage28a_exact_trades.csv,calendar_time_risk_proxy_v1,calendar_drop_friday_h13_tp06_sl065,1.046199999999908,-0.0038000000000919,-0.7038000000000917,0,0,0,0,0.0038000000000919,3.480000000000018,7.889999999999873,0.7553865652725137,15.549999999999955,0.7491961414790931,3.099999999999909,3.6769999999999756,0.284,1.0,,,13,0,9.0,2022
2022-09-13 13:00:00+00:00|1.0|calendar_drop_friday_h13_tp06_sl065,2022-09-13 13:00:00+00:00,STAGE28A,data/reports/stage28a_discovery_factory_batch_runner/stage28a_exact_trades.csv,calendar_time_risk_proxy_v1,calendar_drop_friday_h13_tp06_sl065,-1.4533749999999146,-2.5033749999999144,-3.203374999999914,0,0,0,0,2.5033749999999144,23.170000000000073,6.830000000000155,0.5710102489019038,8.160000000000082,0.6580882352940977,3.130000000000109,3.321000000000015,0.164,1.0,,,13,1,9.0,2022
2022-09-14 13:00:00+00:00|1.0|calendar_drop_friday_h13_tp06_sl065,2022-09-14 13:00:00+00:00,STAGE28A,data/reports/stage28a_discovery_factory_batch_runner/stage28a_exact_trades.csv,calendar_time_risk_proxy_v1,calendar_drop_friday_h13_tp06_sl065,-1.670799999999963,-2.720799999999963,-3.4207999999999625,0,0,0,0,2.720799999999963,34.73000000000002,6.289999999999964,0.25119236883941753,7.259999999999991,0.6170798898071658,2.9500000000000455,3.564000000000044,0.22,1.0,,,13,2,9.0,2022
2022-09-15 13:00:00+00:00|-1.0|calendar_drop_friday_h13_tp06_sl065,2022-09-15 13:00:00+00:00,STAGE28A,data/reports/stage28a_discovery_factory_batch_runner/stage28a_exact_trades.csv,calendar_time_risk_proxy_v1,calendar_drop_friday_h13_tp06_sl065,-1.5742750000000345,-2.624275000000034,-3.324275000000034,0,0,0,0,2.624275000000034,13.440000000000055,7.509999999999991,0.6378162450066537,7.75,0.4141935483871015,3.8700000000001182,3.1519999999999753,0.068,-1.0,,,13,3,9.0,2022
2022-09-16 22:45:00+00:00|1.0|calendar_drop_friday_h13_tp06_sl065,2022-09-16 22:45:00+00:00,STAGE28A,data/reports/stage28a_discovery_factory_batch_runner/stage28a_exact_trades.csv,calendar_time_risk_proxy_v1,calendar_drop_friday_h13_tp06_sl065,0.8250999999999294,-0.2249000000000705,-0.9249000000000702,0,0,0,0,0.2249000000000705,37.899999999999864,6.4500000000000455,0.26976744186046464,12.11999999999989,0.3902640264026453,4.940000000000055,5.365999999999962,0.932,1.0,,,13,4,9.0,2022
2022-09-19 13:00:00+00:00|-1.0|calendar_drop_friday_h13_tp06_sl065,2022-09-19 13:00:00+00:00,STAGE28A,data/reports/stage28a_discovery_factory_batch_runner/stage28a_exact_trades.csv,calendar_time_risk_proxy_v1,calendar_drop_friday_h13_tp06_sl065,-1.8128250000000663,-2.862825000000066,-3.562825000000066,0,0,0,0,2.862825000000066,4.819999999999936,11.710000000000036,0.7856532877882166,10.049999999999955,0.5353233830845677,2.759999999999991,4.4565000000000055,0.692,-1.0,,,13,0,9.0,2022
2022-09-20 13:00:00+00:00|-1.0|calendar_drop_friday_h13_tp06_sl065,2022-09-20 13:00:00+00:00,STAGE28A,data/reports/stage28a_discovery_factory_batch_runner/stage28a_exact_trades.csv,calendar_time_risk_proxy_v1,calendar_drop_friday_h13_tp06_sl065,-1.6984249999999066,-2.7484249999999064,-3.448424999999906,0,0,0,0,2.7484249999999064,20.230000000000018,6.029999999999973,0.2338308457711212,10.629999999999882,0.8701787394167547,3.6799999999998363,3.3575000000000044,0.092,-1.0,,,13,1,9.0,2022
2022-09-21 13:00:00+00:00|1.0|calendar_drop_friday_h13_tp06_sl065,2022-09-21 13:00:00+00:00,STAGE28A,data/reports/stage28a_discovery_factory_batch_runner/stage28a_exact_trades.csv,calendar_time_risk_proxy_v1,calendar_drop_friday_h13_tp06_sl065,-1.8778250000001209,-2.9278250000001207,-3.62782500000012,0,0,0,0,2.9278250000001207,19.49000000000001,4.599999999999909,0.31304347826083817,14.440000000000055,0.6606648199445934,3.990000000000009,3.2250000000000227,0.048,1.0,,,13,2,9.0,2022
2022-09-22 13:00:00+00:00|1.0|calendar_drop_friday_h13_tp06_sl065,2022-09-22 13:00:00+00:00,STAGE28A,data/reports/stage28a_discovery_factory_batch_runner/stage28a_exact_trades.csv,calendar_time_risk_proxy_v1,calendar_drop_friday_h13_tp06_sl065,1.8657999999999448,0.8157999999999448,0.115799999999945,1,1,1,0,0.8157999999999448,34.13999999999987,16.600000000000136,0.6379518072289055,22.539999999999964,0.2666370896184561,6.839999999999918,7.60799999999997,1.0,1.0,,,13,3,9.0,2022
2022-09-23 22:45:00+00:00|1.0|calendar_drop_friday_h13_tp06_sl065,2022-09-23 22:45:00+00:00,STAGE28A,data/reports/stage28a_discovery_factory_batch_runner/stage28a_exact_trades.csv,calendar_time_risk_proxy_v1,calendar_drop_friday_h13_tp06_sl065,1.131700000000046,0.0817000000000462,-0.6182999999999534,1,0,0,0,0.0817000000000462,29.309999999999945,7.279999999999973,0.2967032967033091,21.38000000000011,0.5673526660430225,5.75,5.946000000000015,0.892,1.0,,,13,4,9.0,2022
2022-09-26 13:00:00+00:00|1.0|calendar_drop_friday_h13_tp06_sl065,2022-09-26 13:00:00+00:00,STAGE28A,data/reports/stage28a_discovery_factory_batch_runner/stage28a_exact_trades.csv,calendar_time_risk_proxy_v1,calendar_drop_friday_h13_tp06_sl065,1.8625000000000909,0.812500000000091,0.1125000000000913,1,1,1,0,0.812500000000091,5.389999999999873,19.279999999999973,0.29253112033195583,15.199999999999818,0.22434210526316598,5.720000000000027,6.382999999999981,0.88,1.0,,,13,0,9.0,2022
2022-09-27 13:00:00+00:00|1.0|calendar_drop_friday_h13_tp06_sl065,2022-09-27 13:00:00+00:00,STAGE28A,data/reports/stage28a_discovery_factory_batch_runner/stage28a_exact_trades.csv,calendar_time_risk_proxy_v1,calendar_drop_friday_h13_tp06_sl065,-1.988650000000098,-3.0386500000000978,-3.7386500000000975,0,0,0,0,3.0386500000000978,28.61999999999989,10.209999999999809,0.36924583741430483,9.63000000000011,0.1921079958463256,4.690000000000055,4.840999999999974,0.476,1.0,,,13,1,9.0,2022
2022-09-28 13:00:00+00:00|-1.0|calendar_drop_friday_h13_tp06_sl065,2022-09-28 13:00:00+00:00,STAGE28A,data/reports/stage28a_discovery_factory_batch_runner/stage28a_exact_trades.csv,calendar_time_risk_proxy_v1,calendar_drop_friday_h13_tp06_sl065,1.5520000000000436,0.5020000000000437,-0.197999999999956,1,0,1,0,0.5020000000000437,19.6099999999999,7.720000000000027,0.6968911917098268,10.920000000000073,0.7225274725274768,4.220000000000027,4.09050000000002,0.332,-1.0,,,13,2,9.0,2022
2022-09-29 13:00:00+00:00|-1.0|calendar_drop_friday_h13_tp06_sl065,2022-09-29 13:00:00+00:00,STAGE28A,data/reports/stage28a_discovery_factory_batch_runner/stage28a_exact_trades.csv,calendar_time_risk_proxy_v1,calendar_drop_friday_h13_tp06_sl065,1.4202999999999064,0.3702999999999066,-0.3297000000000931,1,0,1,0,0.3702999999999066,47.98000000000002,7.710000000000036,0.4137483787289286,13.070000000000164,0.5057383320581345,6.990000000000009,4.693000000000017,0.444,-1.0,,,13,3,9.0,2022
2022-09-30 22:45:00+00:00|1.0|calendar_drop_friday_h13_tp06_sl065,2022-09-30 22:45:00+00:00,STAGE28A,data/reports/stage28a_discovery_factory_batch_runner/stage28a_exact_trades.csv,calendar_time_risk_proxy_v1,calendar_drop_friday_h13_tp06_sl065,-0.35,-1.4,-2.1,0,0,0,0,1.4,23.40000000000009,5.970000000000027,0.15577889447237175,12.980000000000018,0.41063174114022705,3.3600000000001273,4.76450000000001,0.456,1.0,,,13,4,9.0,2022
2022-10-03 13:00:00+00:00|-1.0|calendar_drop_friday_h13_tp06_sl065,2022-10-03 13:00:00+00:00,STAGE28A,data/reports/stage28a_discovery_factory_batch_runner/stage28a_exact_trades.csv,calendar_time_risk_proxy_v1,calendar_drop_friday_h13_tp06_sl065,1.2070000000000165,0.1570000000000164,-0.5429999999999833,1,0,1,0,0.1570000000000164,4.540000000000191,8.75,0.07314285714286857,8.669999999999845,0.26758938869665255,3.6699999999998454,4.096500000000026,0.224,-1.0,,,13,0,10.0,2022
2022-10-04 13:00:00+00:00|1.0|calendar_drop_friday_h13_tp06_sl065,2022-10-04 13:00:00+00:00,STAGE28A,data/reports/stage28a_discovery_factory_batch_runner/stage28a_exact_trades.csv,calendar_time_risk_proxy_v1,calendar_drop_friday_h13_tp06_sl065,1.3131999999999606,0.2631999999999608,-0.4368000000000389,1,0,1,0,0.2631999999999608,41.819999999999936,7.339999999999918,0.08446866485012232,13.170000000000073,0.6522399392558748,4.329999999999927,5.523500000000001,0.576,1.0,,,13,1,10.0,2022
2022-10-05 13:00:00+00:00|-1.0|calendar_drop_friday_h13_tp06_sl065,2022-10-05 13:00:00+00:00,STAGE28A,data/reports/stage28a_discovery_factory_batch_runner/stage28a_exact_trades.csv,calendar_time_risk_proxy_v1,calendar_drop_friday_h13_tp06_sl065,-2.4095249999998942,-3.459524999999894,-4.159524999999894,0,0,0,1,3.459524999999894,34.200000000000045,8.230000000000018,0.7095990279465255,21.699999999999818,0.5949308755760456,9.069999999999936,5.20849999999997,0.464,-1.0,,,13,2,10.0,2022
2022-10-06 13:00:00+00:00|-1.0|calendar_drop_friday_h13_tp06_sl065,2022-10-06 13:00:00+00:00,STAGE28A,data/reports/stage28a_discovery_factory_batch_runner/stage28a_exact_trades.csv,calendar_time_risk_proxy_v1,calendar_drop_friday_h13_tp06_sl065,1.259200000000101,0.2092000000001008,-0.4907999999998989,1,0,1,0,0.2092000000001008,27.309999999999945,9.439999999999827,0.6430084745762762,12.129999999999882,0.6158285243198763,4.039999999999964,4.338500000000022,0.106,-1.0,,,13,3,10.0,2022
2022-10-07 22:45:00+00:00|1.0|calendar_drop_friday_h13_tp06_sl065,2022-10-07 22:45:00+00:00,STAGE28A,data/reports/stage28a_discovery_factory_batch_runner/stage28a_exact_trades.csv,calendar_time_risk_proxy_v1,calendar_drop_friday_h13_tp06_sl065,1.1193999999999504,0.0693999999999506,-0.6306000000000491,1,0,0,0,0.0693999999999506,18.649999999999864,4.269999999999982,0.4637002341920437,6.3900000000001,0.45539906103283395,3.839999999999918,5.5434999999999945,0.64,1.0,,,13,4,10.0,2022
2022-10-10 13:00:00+00:00|-1.0|calendar_drop_friday_h13_tp06_sl065,2022-10-10 13:00:00+00:00,STAGE28A,data/reports/stage28a_discovery_factory_batch_runner/stage28a_exact_trades.csv,calendar_time_risk_proxy_v1,calendar_drop_friday_h13_tp06_sl065,1.298200000000088,0.2482000000000881,-0.4517999999999116,1,0,1,0,0.2482000000000881,4.789999999999964,12.700000000000045,0.6787401574803039,11.519999999999982,0.7282986111111209,6.5,4.689999999999964,0.344,-1.0,,,13,0,10.0,2022
2022-10-11 13:00:00+00:00|1.0|calendar_drop_friday_h13_tp06_sl065,2022-10-11 13:00:00+00:00,STAGE28A,data/reports/stage28a_discovery_factory_batch_runner/stage28a_exact_trades.csv,calendar_time_risk_proxy_v1,calendar_drop_friday_h13_tp06_sl065,1.2363999999999122,0.1863999999999124,-0.5136000000000873,1,0,1,0,0.1863999999999124,34.23000000000002,12.269999999999982,0.37734311328444303,7.810000000000173,0.20102432778487855,4.990000000000009,4.1370000000000005,0.08,1.0,,,13,1,10.0,2022
2022-10-12 13:00:00+00:00|1.0|calendar_drop_friday_h13_tp06_sl065,2022-10-12 13:00:00+00:00,STAGE28A,data/reports/stage28a_discovery_factory_batch_runner/stage28a_exact_trades.csv,calendar_time_risk_proxy_v1,calendar_drop_friday_h13_tp06_sl065,-2.074449999999933,-3.1244499999999333,-3.824449999999933,0,0,0,1,3.1244499999999333,22.8900000000001,5.490000000000009,0.14207650273223524,10.549999999999955,0.45118483412322385,4.449999999999818,5.134500000000003,0.58,1.0,,,13,2,10.0,2022
2022-10-13 13:00:00+00:00|1.0|calendar_drop_friday_h13_tp06_sl065,2022-10-13 13:00:00+00:00,STAGE28A,data/reports/stage28a_discovery_factory_batch_runner/stage28a_exact_trades.csv,calendar_time_risk_proxy_v1,calendar_drop_friday_h13_tp06_sl065,-1.6145749999999226,-2.6645749999999224,-3.364574999999922,0,0,0,0,2.6645749999999224,16.950000000000045,6.440000000000055,0.669254658385079,10.8900000000001,0.5096418732782281,3.4700000000000273,3.1000000000000454,0.004,1.0,,,13,3,10.0,2022
2022-10-14 22:45:00+00:00|1.0|calendar_drop_friday_h13_tp06_sl065,2022-10-14 22:45:00+00:00,STAGE28A,data/reports/stage28a_discovery_factory_batch_runner/stage28a_exact_trades.csv,calendar_time_risk_proxy_v1,calendar_drop_friday_h13_tp06_sl065,-0.35,-1.4,-2.1,0,0,0,0,1.4,40.01999999999998,11.259999999999991,0.3028419182948565,21.539999999999964,0.7000928505106861,3.9500000000000455,6.210500000000013,0.928,1.0,,,13,4,10.0,2022
2022-10-17 13:00:00+00:00|1.0|calendar_drop_friday_h13_tp06_sl065,2022-10-17 13:00:00+00:00,STAGE28A,data/reports/stage28a_discovery_factory_batch_runner/stage28a_exact_trades.csv,calendar_time_risk_proxy_v1,calendar_drop_friday_h13_tp06_sl065,-1.904800000000114,-2.954800000000114,-3.6548000000001135,0,0,0,0,2.954800000000114,4.039999999999964,9.529999999999973,0.4952780692549885,9.61999999999989,0.7079002079002102,3.3799999999998818,4.3639999999999874,0.228,1.0,,,13,0,10.0,2022
2022-10-18 13:00:00+00:00|-1.0|calendar_drop_friday_h13_tp06_sl065,2022-10-18 13:00:00+00:00,STAGE28A,data/reports/stage28a_discovery_factory_batch_runner/stage28a_exact_trades.csv,calendar_time_risk_proxy_v1,calendar_drop_friday_h13_tp06_sl065,1.1601999999999406,0.1101999999999407,-0.5898000000000589,1,0,0,0,0.1101999999999407,25.279999999999973,4.639999999999873,0.4008620689655067,12.230000000000018,0.039247751430909035,4.869999999999891,4.23549999999999,0.16,-1.0,,,13,1,10.0,2022
2022-10-19 13:00:00+00:00|-1.0|calendar_drop_friday_h13_tp06_sl065,2022-10-19 13:00:00+00:00,STAGE28A,data/reports/stage28a_discovery_factory_batch_runner/stage28a_exact_trades.csv,calendar_time_risk_proxy_v1,calendar_drop_friday_h13_tp06_sl065,-2.060800000000063,-3.110800000000063,-3.810800000000063,0,0,0,1,3.110800000000063,15.049999999999955,5.379999999999882,0.6189591078067338,11.819999999999936,0.6142131979695457,3.0499999999999545,3.871999999999969,0.1,-1.0,,,13,2,10.0,2022
2022-10-20 13:00:00+00:00|1.0|calendar_drop_friday_h13_tp06_sl065,2022-10-20 13:00:00+00:00,STAGE28A,data/reports/stage28a_discovery_factory_batch_runner/stage28a_exact_trades.csv,calendar_time_risk_proxy_v1,calendar_drop_friday_h13_tp06_sl065,1.0720000000000254,0.0220000000000255,-0.6779999999999742,1,0,0,0,0.0220000000000255,26.74000000000001,7.850000000000136,0.21910828025477674,10.799999999999955,0.7990740740740876,6.809999999999945,3.747000000000014,0.088,1.0,,,13,3,10.0,2022
2022-10-21 22:45:00+00:00|1.0|calendar_drop_friday_h13_tp06_sl065,2022-10-21 22:45:00+00:00,STAGE28A,data/reports/stage28a_discovery_factory_batch_runner/stage28a_exact_trades.csv,calendar_time_risk_proxy_v1,calendar_drop_friday_h13_tp06_sl065,-0.35,-1.4,-2.1,0,0,0,0,1.4,23.12000000000012,7.769999999999982,0.653796653796646,10.059999999999945,0.37872763419482763,3.6499999999998636,5.90799999999997,0.896,1.0,,,13,4,10.0,2022
2022-10-24 13:00:00+00:00|-1.0|calendar_drop_friday_h13_tp06_sl065,2022-10-24 13:00:00+00:00,STAGE28A,data/reports/stage28a_discovery_factory_batch_runner/stage28a_exact_trades.csv,calendar_time_risk_proxy_v1,calendar_drop_friday_h13_tp06_sl065,1.3003000000000156,0.2503000000000157,-0.449699999999984,1,0,1,0,0.2503000000000157,5.759999999999991,18.470000000000027,0.2793719545208363,14.289999999999964,0.33519944016794795,4.5499999999999545,6.571999999999991,0.896,-1.0,,,13,0,10.0,2022
2022-10-25 13:00:00+00:00|-1.0|calendar_drop_friday_h13_tp06_sl065,2022-10-25 13:00:00+00:00,STAGE28A,data/reports/stage28a_discovery_factory_batch_runner/stage28a_exact_trades.csv,calendar_time_risk_proxy_v1,calendar_drop_friday_h13_tp06_sl065,-1.7088250000000245,-2.7588250000000243,-3.458825000000024,0,0,0,0,2.7588250000000243,26.539999999999964,7.680000000000064,0.032552083333333065,13.129999999999882,0.885757806549902,4.970000000000027,3.6740000000000235,0.06,-1.0,,,13,1,10.0,2022
2022-10-26 13:00:00+00:00|1.0|calendar_drop_friday_h13_tp06_sl065,2022-10-26 13:00:00+00:00,STAGE28A,data/reports/stage28a_discovery_factory_batch_runner/stage28a_exact_trades.csv,calendar_time_risk_proxy_v1,calendar_drop_friday_h13_tp06_sl065,1.2228999999998904,0.1728999999998905,-0.5271000000001091,1,0,1,0,0.1728999999998905,24.060000000000173,7.880000000000109,0.5862944162436329,19.779999999999973,0.6400404448938257,5.8599999999999,3.980000000000018,0.172,1.0,,,13,2,10.0,2022
2022-10-27 13:00:00+00:00|-1.0|calendar_drop_friday_h13_tp06_sl065,2022-10-27 13:00:00+00:00,STAGE28A,data/reports/stage28a_discovery_factory_batch_runner/stage28a_exact_trades.csv,calendar_time_risk_proxy_v1,calendar_drop_friday_h13_tp06_sl065,1.1157999999999446,0.0657999999999447,-0.6342000000000549,1,0,0,0,0.0657999999999447,25.180000000000064,8.439999999999827,0.06398104265402543,10.589999999999918,0.20774315391879722,2.6499999999998636,3.827999999999963,0.12,-1.0,,,13,3,10.0,2022
2022-10-28 22:45:00+00:00|1.0|calendar_drop_friday_h13_tp06_sl065,2022-10-28 22:45:00+00:00,STAGE28A,data/reports/stage28a_discovery_factory_batch_runner/stage28a_exact_trades.csv,calendar_time_risk_proxy_v1,calendar_drop_friday_h13_tp06_sl065,-0.35,-1.4,-2.1,0,0,0,0,1.4,15.939999999999827,6.419999999999845,0.39408099688474046,18.899999999999864,0.7962962962962996,2.6099999999999,5.006000000000006,0.756,1.0,,,13,4,10.0,2022
2022-10-31 13:00:00+00:00|-1.0|calendar_drop_friday_h13_tp06_sl065,2022-10-31 13:00:00+00:00,STAGE28A,data/reports/stage28a_discovery_factory_batch_runner/stage28a_exact_trades.csv,calendar_time_risk_proxy_v1,calendar_drop_friday_h13_tp06_sl065,0.8173000000000684,-0.2326999999999315,-0.9326999999999313,0,0,0,0,0.2326999999999315,3.9200000000000728,4.870000000000118,0.2156057494866384,9.930000000000064,0.4652567975830905,3.089999999999918,3.394500000000005,0.004,-1.0,,,13,0,10.0,2022
2022-11-01 13:00:00+00:00|1.0|calendar_drop_friday_h13_tp06_sl065,2022-11-01 13:00:00+00:00,STAGE28A,data/reports/stage28a_discovery_factory_batch_runner/stage28a_exact_trades.csv,calendar_time_risk_proxy_v1,calendar_drop_friday_h13_tp06_sl065,-1.973375000000124,-3.023375000000124,-3.7233750000001233,0,0,0,0,3.023375000000124,13.779999999999973,9.440000000000055,0.5889830508474484,15.150000000000091,0.8686468646864538,2.990000000000009,3.5405000000000313,0.048,1.0,,,13,1,11.0,2022
2022-11-02 13:00:00+00:00|1.0|calendar_drop_friday_h13_tp06_sl065,2022-11-02 13:00:00+00:00,STAGE28A,data/reports/stage28a_discovery_factory_batch_runner/stage28a_exact_trades.csv,calendar_time_risk_proxy_v1,calendar_drop_friday_h13_tp06_sl065,-1.4777500000001056,-2.5277500000001054,-3.227750000000105,0,0,0,0,2.5277500000001054,26.399999999999864,7.350000000000136,0.31292517006801523,7.3599999999999,0.6983695652174144,2.589999999999918,3.285499999999968,0.004,1.0,,,13,2,11.0,2022
2022-11-03 13:00:00+00:00|-1.0|calendar_drop_friday_h13_tp06_sl065,2022-11-03 13:00:00+00:00,STAGE28A,data/reports/stage28a_discovery_factory_batch_runner/stage28a_exact_trades.csv,calendar_time_risk_proxy_v1,calendar_drop_friday_h13_tp06_sl065,1.2013000000000829,0.151300000000083,-0.5486999999999167,1,0,0,0,0.151300000000083,37.6099999999999,9.11999999999989,0.2971491228070251,18.699999999999818,0.8711229946524129,4.6099999999999,5.437499999999955,0.888,-1.0,,,13,3,11.0,2022
2022-11-04 22:45:00+00:00|1.0|calendar_drop_friday_h13_tp06_sl065,2022-11-04 22:45:00+00:00,STAGE28A,data/reports/stage28a_discovery_factory_batch_runner/stage28a_exact_trades.csv,calendar_time_risk_proxy_v1,calendar_drop_friday_h13_tp06_sl065,-0.35,-1.4,-2.1,0,0,0,0,1.4,24.37999999999988,18.419999999999845,0.9799131378935997,8.700000000000045,0.3218390804597632,2.5700000000001637,6.009500000000014,0.924,1.0,,,13,4,11.0,2022
2022-11-07 13:00:00+00:00|1.0|calendar_drop_friday_h13_tp06_sl065,2022-11-07 13:00:00+00:00,STAGE28A,data/reports/stage28a_discovery_factory_batch_runner/stage28a_exact_trades.csv,calendar_time_risk_proxy_v1,calendar_drop_friday_h13_tp06_sl065,1.0005999999999855,-0.0494000000000141,-0.7494000000000138,0,0,0,0,0.0494000000000141,7.900000000000091,9.809999999999945,0.019367991845061737,13.5,0.4274074074074229,2.8500000000001364,4.5675000000000185,0.564,1.0,,,13,0,11.0,2022
2022-11-08 13:00:00+00:00|1.0|calendar_drop_friday_h13_tp06_sl065,2022-11-08 13:00:00+00:00,STAGE28A,data/reports/stage28a_discovery_factory_batch_runner/stage28a_exact_trades.csv,calendar_time_risk_proxy_v1,calendar_drop_friday_h13_tp06_sl065,-1.6802249999999277,-2.7302249999999275,-3.4302249999999272,0,0,0,0,2.7302249999999275,14.930000000000064,7.279999999999973,0.5508241758241766,7.3599999999999,0.04347826086955716,2.2199999999998,3.167999999999995,0.024,1.0,,,13,1,11.0,2022
2022-11-09 13:00:00+00:00|-1.0|calendar_drop_friday_h13_tp06_sl065,2022-11-09 13:00:00+00:00,STAGE28A,data/reports/stage28a_discovery_factory_batch_runner/stage28a_exact_trades.csv,calendar_time_risk_proxy_v1,calendar_drop_friday_h13_tp06_sl065,1.0743999999998777,0.0243999999998778,-0.6756000000001219,1,0,0,0,0.0243999999998778,52.25,6.430000000000064,0.4790046656298793,11.860000000000127,0.023608768971329654,5.019999999999982,5.360500000000013,0.864,-1.0,,,13,2,11.0,2022
2022-11-10 13:00:00+00:00|-1.0|calendar_drop_friday_h13_tp06_sl065,2022-11-10 13:00:00+00:00,STAGE28A,data/reports/stage28a_discovery_factory_batch_runner/stage28a_exact_trades.csv,calendar_time_risk_proxy_v1,calendar_drop_friday_h13_tp06_sl065,-1.9515999999999625,-3.001599999999962,-3.701599999999962,0,0,0,0,3.001599999999962,20.180000000000064,6.259999999999991,0.522364217252394,8.540000000000191,0.18032786885245072,4.430000000000064,4.087999999999999,0.34,-1.0,,,13,3,11.0,2022
2022-11-11 22:45:00+00:00|1.0|calendar_drop_friday_h13_tp06_sl065,2022-11-11 22:45:00+00:00,STAGE28A,data/reports/stage28a_discovery_factory_batch_runner/stage28a_exact_trades.csv,calendar_time_risk_proxy_v1,calendar_drop_friday_h13_tp06_sl065,-0.35,-1.4,-2.1,0,0,0,0,1.4,53.33999999999992,7.350000000000136,0.11020408163264359,14.100000000000136,0.3702127659574452,3.5699999999999363,6.103000000000032,0.96,1.0,,,13,4,11.0,2022
2022-11-14 13:00:00+00:00|-1.0|calendar_drop_friday_h13_tp06_sl065,2022-11-14 13:00:00+00:00,STAGE28A,data/reports/stage28a_discovery_factory_batch_runner/stage28a_exact_trades.csv,calendar_time_risk_proxy_v1,calendar_drop_friday_h13_tp06_sl065,-2.062099999999964,-3.112099999999964,-3.812099999999964,0,0,0,1,3.112099999999964,5.449999999999818,7.4099999999998545,0.29689608636975184,11.839999999999918,0.317567567567569,3.939999999999827,4.200499999999988,0.328,-1.0,,,13,0,11.0,2022
2022-11-15 13:00:00+00:00|1.0|calendar_drop_friday_h13_tp06_sl065,2022-11-15 13:00:00+00:00,STAGE28A,data/reports/stage28a_discovery_factory_batch_runner/stage28a_exact_trades.csv,calendar_time_risk_proxy_v1,calendar_drop_friday_h13_tp06_sl065,1.3207000000001243,0.2707000000001245,-0.4292999999998752,1,0,1,0,0.2707000000001245,21.77000000000021,5.259999999999991,0.26615969581750826,15.680000000000064,0.36926020408162885,3.5799999999999272,4.282500000000004,0.336,1.0,,,13,1,11.0,2022
2022-11-16 13:00:00+00:00|1.0|calendar_drop_friday_h13_tp06_sl065,2022-11-16 13:00:00+00:00,STAGE28A,data/reports/stage28a_discovery_factory_batch_runner/stage28a_exact_trades.csv,calendar_time_risk_proxy_v1,calendar_drop_friday_h13_tp06_sl065,1.024900000000025,-0.0250999999999748,-0.7250999999999745,0,0,0,0,0.0250999999999748,19.36999999999989,11.1099999999999,0.8019801980198166,14.039999999999964,0.7343304843304823,3.8099999999999454,5.0350000000000135,0.544,1.0,,,13,2,11.0,2022
2022-11-17 13:00:00+00:00|1.0|calendar_drop_friday_h13_tp06_sl065,2022-11-17 13:00:00+00:00,STAGE28A,data/reports/stage28a_discovery_factory_batch_runner/stage28a_exact_trades.csv,calendar_time_risk_proxy_v1,calendar_drop_friday_h13_tp06_sl065,0.9742000000000188,-0.075799999999981,-0.7757999999999807,0,0,0,0,0.075799999999981,14.7199999999998,12.6099999999999,0.9103885804916819,9.519999999999982,0.012605042016819166,4.259999999999991,3.760000000000025,0.1,1.0,,,13,3,11.0,2022
2022-11-18 22:45:00+00:00|1.0|calendar_drop_friday_h13_tp06_sl065,2022-11-18 22:45:00+00:00,STAGE28A,data/reports/stage28a_discovery_factory_batch_runner/stage28a_exact_trades.csv,calendar_time_risk_proxy_v1,calendar_drop_friday_h13_tp06_sl065,-0.35,-1.4,-2.1,0,0,0,0,1.4,20.269999999999982,6.349999999999909,0.3889763779527658,6.980000000000018,0.37392550143264947,2.130000000000109,4.390500000000031,0.416,1.0,,,13,4,11.0,2022
2022-11-21 13:00:00+00:00|-1.0|calendar_drop_friday_h13_tp06_sl065,2022-11-21 13:00:00+00:00,STAGE28A,data/reports/stage28a_discovery_factory_batch_runner/stage28a_exact_trades.csv,calendar_time_risk_proxy_v1,calendar_drop_friday_h13_tp06_sl065,0.9537999999999102,-0.0962000000000897,-0.7962000000000895,0,0,0,0,0.0962000000000897,3.1299999999998818,9.099999999999909,0.6912087912087941,10.190000000000055,0.4249263984298461,4.120000000000118,3.794500000000016,0.152,-1.0,,,13,0,11.0,2022
2022-11-22 13:00:00+00:00|1.0|calendar_drop_friday_h13_tp06_sl065,2022-11-22 13:00:00+00:00,STAGE28A,data/reports/stage28a_discovery_factory_batch_runner/stage28a_exact_trades.csv,calendar_time_risk_proxy_v1,calendar_drop_friday_h13_tp06_sl065,0.7632999999999811,-0.2867000000000188,-0.9867000000000186,0,0,0,0,0.2867000000000188,20.470000000000027,8.220000000000027,0.8004866180048547,8.079999999999927,0.11386138613862389,2.1800000000000637,3.4860000000000015,0.072,1.0,,,13,1,11.0,2022
2022-11-23 13:00:00+00:00|1.0|calendar_drop_friday_h13_tp06_sl065,2022-11-23 13:00:00+00:00,STAGE28A,data/reports/stage28a_discovery_factory_batch_runner/stage28a_exact_trades.csv,calendar_time_risk_proxy_v1,calendar_drop_friday_h13_tp06_sl065,0.9352000000000316,-0.1147999999999682,-0.814799999999968,0,0,0,0,0.1147999999999682,12.740000000000009,10.009999999999991,0.6253746253746251,12.180000000000064,0.17733990147783832,5.330000000000155,3.4209999999999923,0.116,1.0,,,13,2,11.0,2022
2022-11-24 13:00:00+00:00|1.0|calendar_drop_friday_h13_tp06_sl065,2022-11-24 13:00:00+00:00,STAGE28A,data/reports/stage28a_discovery_factory_batch_runner/stage28a_exact_trades.csv,calendar_time_risk_proxy_v1,calendar_drop_friday_h13_tp06_sl065,0.7393000000000939,-0.310699999999906,-1.0106999999999058,0,0,0,0,0.310699999999906,27.230000000000018,7.830000000000155,0.43550446998720144,6.160000000000082,0.07142857142857933,4.019999999999982,3.3895000000000097,0.104,1.0,,,13,3,11.0,2022
2022-11-25 20:15:00+00:00|1.0|calendar_drop_friday_h13_tp06_sl065,2022-11-25 20:15:00+00:00,STAGE28A,data/reports/stage28a_discovery_factory_batch_runner/stage28a_exact_trades.csv,calendar_time_risk_proxy_v1,calendar_drop_friday_h13_tp06_sl065,-1.6415499999999157,-2.6915499999999155,-3.3915499999999152,0,0,0,0,2.6915499999999155,9.590000000000146,8.710000000000036,0.3650975889781918,9.769999999999982,0.6223132036847662,4.610000000000127,3.530499999999995,0.264,1.0,,,13,4,11.0,2022
2022-11-28 13:00:00+00:00|1.0|calendar_drop_friday_h13_tp06_sl065,2022-11-28 13:00:00+00:00,STAGE28A,data/reports/stage28a_discovery_factory_batch_runner/stage28a_exact_trades.csv,calendar_time_risk_proxy_v1,calendar_drop_friday_h13_tp06_sl065,-1.873924999999963,-2.923924999999963,-3.6239249999999625,0,0,0,0,2.923924999999963,5.539999999999964,9.789999999999964,0.06230847803880513,15.220000000000027,0.6005256241787177,3.259999999999991,4.301499999999976,0.632,1.0,,,13,0,11.0,2022
2022-11-29 13:00:00+00:00|1.0|calendar_drop_friday_h13_tp06_sl065,2022-11-29 13:00:00+00:00,STAGE28A,data/reports/stage28a_discovery_factory_batch_runner/stage28a_exact_trades.csv,calendar_time_risk_proxy_v1,calendar_drop_friday_h13_tp06_sl065,0.8479000000001179,-0.202099999999882,-0.9020999999998818,0,0,0,0,0.202099999999882,24.059999999999945,14.629999999999882,0.8523581681476505,7.559999999999945,0.19312169312169933,2.480000000000018,3.597999999999968,0.276,1.0,,,13,1,11.0,2022
2022-11-30 13:00:00+00:00|1.0|calendar_drop_friday_h13_tp06_sl065,2022-11-30 13:00:00+00:00,STAGE28A,data/reports/stage28a_discovery_factory_batch_runner/stage28a_exact_trades.csv,calendar_time_risk_proxy_v1,calendar_drop_friday_h13_tp06_sl065,0.7779999999999291,-0.2720000000000708,-0.9720000000000706,0,0,0,0,0.2720000000000708,19.48999999999978,7.899999999999864,0.6734177215190197,10.210000000000036,0.4338883447600216,4.7000000000000455,3.161500000000001,0.132,1.0,,,13,2,11.0,2022
2022-12-01 13:00:00+00:00|-1.0|calendar_drop_friday_h13_tp06_sl065,2022-12-01 13:00:00+00:00,STAGE28A,data/reports/stage28a_discovery_factory_batch_runner/stage28a_exact_trades.csv,calendar_time_risk_proxy_v1,calendar_drop_friday_h13_tp06_sl065,1.0830999999999675,0.0330999999999677,-0.666900000000032,1,0,0,0,0.0330999999999677,28.529999999999973,11.8599999999999,0.5202360876897238,9.029999999999973,0.33111849390919357,3.550000000000182,5.318999999999994,0.96,-1.0,,,13,3,12.0,2022
2022-12-02 22:45:00+00:00|1.0|calendar_drop_friday_h13_tp06_sl065,2022-12-02 22:45:00+00:00,STAGE28A,data/reports/stage28a_discovery_factory_batch_runner/stage28a_exact_trades.csv,calendar_time_risk_proxy_v1,calendar_drop_friday_h13_tp06_sl065,-0.35,-1.4,-2.1,0,0,0,0,1.4,35.86999999999989,8.8599999999999,0.5575620767494481,6.7000000000000455,0.41641791044775295,5.1099999999999,4.74849999999999,0.82,1.0,,,13,4,12.0,2022
2022-12-05 13:00:00+00:00|-1.0|calendar_drop_friday_h13_tp06_sl065,2022-12-05 13:00:00+00:00,STAGE28A,data/reports/stage28a_discovery_factory_batch_runner/stage28a_exact_trades.csv,calendar_time_risk_proxy_v1,calendar_drop_friday_h13_tp06_sl065,1.039599999999973,-0.0104000000000268,-0.7104000000000266,0,0,0,0,0.0104000000000268,4.920000000000073,15.589999999999918,0.6215522771007124,16.15000000000009,0.8476780185758359,4.150000000000091,4.377499999999998,0.66,-1.0,,,13,0,12.0,2022
2022-12-06 13:00:00+00:00|-1.0|calendar_drop_friday_h13_tp06_sl065,2022-12-06 13:00:00+00:00,STAGE28A,data/reports/stage28a_discovery_factory_batch_runner/stage28a_exact_trades.csv,calendar_time_risk_proxy_v1,calendar_drop_friday_h13_tp06_sl065,-1.7302749999999834,-2.780274999999983,-3.480274999999983,0,0,0,0,2.780274999999983,44.12999999999988,8.799999999999955,0.35454545454544395,7.7800000000002,0.16709511568125301,4.040000000000191,4.261500000000058,0.552,-1.0,,,13,1,12.0,2022
2022-12-07 13:00:00+00:00|1.0|calendar_drop_friday_h13_tp06_sl065,2022-12-07 13:00:00+00:00,STAGE28A,data/reports/stage28a_discovery_factory_batch_runner/stage28a_exact_trades.csv,calendar_time_risk_proxy_v1,calendar_drop_friday_h13_tp06_sl065,0.8493999999999687,-0.2006000000000312,-0.9006000000000309,0,0,0,0,0.2006000000000312,13.570000000000164,6.420000000000073,0.015576323987524598,6.230000000000018,0.2616372391653093,3.5699999999999363,3.2814999999999825,0.184,1.0,,,13,2,12.0,2022
2022-12-08 13:00:00+00:00|-1.0|calendar_drop_friday_h13_tp06_sl065,2022-12-08 13:00:00+00:00,STAGE28A,data/reports/stage28a_discovery_factory_batch_runner/stage28a_exact_trades.csv,calendar_time_risk_proxy_v1,calendar_drop_friday_h13_tp06_sl065,-1.3828500000000532,-2.432850000000053,-3.1328500000000528,0,0,0,0,2.432850000000053,21.769999999999982,6.779999999999973,0.5176991150442485,5.3900000000001,0.03710575139143124,2.790000000000191,3.6840000000000144,0.264,-1.0,,,13,3,12.0,2022
2022-12-09 22:45:00+00:00|1.0|calendar_drop_friday_h13_tp06_sl065,2022-12-09 22:45:00+00:00,STAGE28A,data/reports/stage28a_discovery_factory_batch_runner/stage28a_exact_trades.csv,calendar_time_risk_proxy_v1,calendar_drop_friday_h13_tp06_sl065,0.8232999999999265,-0.2267000000000734,-0.9267000000000732,0,0,0,0,0.2267000000000734,13.490000000000009,8.980000000000018,0.8006681514476406,8.789999999999964,0.2229806598407073,3.3600000000001273,4.763000000000022,0.784,1.0,,,13,4,12.0,2022
2022-12-12 13:00:00+00:00|1.0|calendar_drop_friday_h13_tp06_sl065,2022-12-12 13:00:00+00:00,STAGE28A,data/reports/stage28a_discovery_factory_batch_runner/stage28a_exact_trades.csv,calendar_time_risk_proxy_v1,calendar_drop_friday_h13_tp06_sl065,0.6438999999999396,-0.4061000000000603,-1.10610000000006,0,0,0,0,0.4061000000000603,2.3400000000001455,10.309999999999945,0.7332686711930151,7.329999999999927,0.6889495225102326,3.009999999999991,3.818500000000017,0.284,1.0,,,13,0,12.0,2022
2022-12-13 13:00:00+00:00|1.0|calendar_drop_friday_h13_tp06_sl065,2022-12-13 13:00:00+00:00,STAGE28A,data/reports/stage28a_discovery_factory_batch_runner/stage28a_exact_trades.csv,calendar_time_risk_proxy_v1,calendar_drop_friday_h13_tp06_sl065,0.7761999999999262,-0.2738000000000737,-0.9738000000000736,0,0,0,0,0.2738000000000737,19.5,6.0900000000001455,0.08702791461411495,6.180000000000064,0.7508090614886448,4.990000000000009,3.209500000000048,0.044,1.0,,,13,1,12.0,2022
2022-12-14 13:00:00+00:00|-1.0|calendar_drop_friday_h13_tp06_sl065,2022-12-14 13:00:00+00:00,STAGE28A,data/reports/stage28a_discovery_factory_batch_runner/stage28a_exact_trades.csv,calendar_time_risk_proxy_v1,calendar_drop_friday_h13_tp06_sl065,-1.583699999999999,-2.633699999999999,-3.3336999999999986,0,0,0,0,2.633699999999999,44.50999999999999,4.470000000000027,0.1342281879194419,6.720000000000027,0.029761904761877574,3.480000000000018,4.1275000000000315,0.46,-1.0,,,13,2,12.0,2022
2022-12-15 13:00:00+00:00|-1.0|calendar_drop_friday_h13_tp06_sl065,2022-12-15 13:00:00+00:00,STAGE28A,data/reports/stage28a_discovery_factory_batch_runner/stage28a_exact_trades.csv,calendar_time_risk_proxy_v1,calendar_drop_friday_h13_tp06_sl065,1.6944999999999708,0.644499999999971,-0.0555000000000287,1,0,1,0,0.644499999999971,19.310000000000173,19.110000000000127,0.8707482993197154,22.519999999999982,0.6039076376554139,4.019999999999982,5.377000000000043,0.876,-1.0,,,13,3,12.0,2022
2022-12-16 22:45:00+00:00|1.0|calendar_drop_friday_h13_tp06_sl065,2022-12-16 22:45:00+00:00,STAGE28A,data/reports/stage28a_discovery_factory_batch_runner/stage28a_exact_trades.csv,calendar_time_risk_proxy_v1,calendar_drop_friday_h13_tp06_sl065,0.6639999999998963,-0.3860000000001036,-1.086000000000103,0,0,0,0,0.3860000000001036,34.799999999999955,8.639999999999873,0.2685185185185414,10.599999999999909,0.1849056603773635,2.7100000000000364,4.4970000000000026,0.592,1.0,,,13,4,12.0,2022
2022-12-19 13:00:00+00:00|1.0|calendar_drop_friday_h13_tp06_sl065,2022-12-19 13:00:00+00:00,STAGE28A,data/reports/stage28a_discovery_factory_batch_runner/stage28a_exact_trades.csv,calendar_time_risk_proxy_v1,calendar_drop_friday_h13_tp06_sl065,-1.499850000000015,-2.549850000000015,-3.2498500000000146,0,0,0,0,2.549850000000015,2.3400000000001455,5.970000000000027,0.32160804020101574,8.4699999999998,0.3471074380165436,1.6900000000000546,3.449000000000024,0.168,1.0,,,13,0,12.0,2022
2022-12-20 13:00:00+00:00|1.0|calendar_drop_friday_h13_tp06_sl065,2022-12-20 13:00:00+00:00,STAGE28A,data/reports/stage28a_discovery_factory_batch_runner/stage28a_exact_trades.csv,calendar_time_risk_proxy_v1,calendar_drop_friday_h13_tp06_sl065,-2.0152999999998884,-3.065299999999888,-3.765299999999888,0,0,0,1,3.065299999999888,15.0,11.589999999999918,0.2683347713546289,20.910000000000082,0.7723577235772371,2.599999999999909,4.288999999999999,0.6,1.0,,,13,1,12.0,2022
2022-12-21 13:00:00+00:00|-1.0|calendar_drop_friday_h13_tp06_sl065,2022-12-21 13:00:00+00:00,STAGE28A,data/reports/stage28a_discovery_factory_batch_runner/stage28a_exact_trades.csv,calendar_time_risk_proxy_v1,calendar_drop_friday_h13_tp06_sl065,-1.5635499999999412,-2.613549999999941,-3.3135499999999407,0,0,0,0,2.613549999999941,36.52999999999997,6.380000000000109,0.49999999999996436,5.369999999999891,0.1787709497206808,2.8300000000001546,3.1885000000000105,0.056,-1.0,,,13,2,12.0,2022
2022-12-22 13:00:00+00:00|-1.0|calendar_drop_friday_h13_tp06_sl065,2022-12-22 13:00:00+00:00,STAGE28A,data/reports/stage28a_discovery_factory_batch_runner/stage28a_exact_trades.csv,calendar_time_risk_proxy_v1,calendar_drop_friday_h13_tp06_sl065,-1.454675000000043,-2.504675000000043,-3.2046750000000426,0,0,0,0,2.504675000000043,11.930000000000064,6.889999999999873,0.7735849056603811,6.740000000000009,0.827893175074172,2.4099999999998545,3.1659999999999853,0.096,-1.0,,,13,3,12.0,2022
2022-12-23 22:45:00+00:00|1.0|calendar_drop_friday_h13_tp06_sl065,2022-12-23 22:45:00+00:00,STAGE28A,data/reports/stage28a_discovery_factory_batch_runner/stage28a_exact_trades.csv,calendar_time_risk_proxy_v1,calendar_drop_friday_h13_tp06_sl065,-0.35,-1.4,-2.1,0,0,0,0,1.4,35.58999999999992,4.270000000000209,0.33255269320843167,4.830000000000155,0.780538302277404,2.0699999999999363,3.4269999999999983,0.276,1.0,,,13,4,12.0,2022
2022-12-27 13:00:00+00:00|1.0|calendar_drop_friday_h13_tp06_sl065,2022-12-27 13:00:00+00:00,STAGE28A,data/reports/stage28a_discovery_factory_batch_runner/stage28a_exact_trades.csv,calendar_time_risk_proxy_v1,calendar_drop_friday_h13_tp06_sl065,0.471999999999889,-0.5780000000001109,-1.2780000000001106,0,0,0,0,0.5780000000001109,4.339999999999918,6.7999999999999545,0.47205882352938683,6.039999999999964,0.6026490066225367,1.7300000000000182,3.2569999999999597,0.176,1.0,,,13,1,12.0,2022
2022-12-28 13:00:00+00:00|-1.0|calendar_drop_friday_h13_tp06_sl065,2022-12-28 13:00:00+00:00,STAGE28A,data/reports/stage28a_discovery_factory_batch_runner/stage28a_exact_trades.csv,calendar_time_risk_proxy_v1,calendar_drop_friday_h13_tp06_sl065,1.0573000000000774,0.0073000000000775,-0.6926999999999222,1,0,0,0,0.0073000000000775,33.58999999999992,4.990000000000009,0.11422845691381468,12.950000000000045,0.7158301158301119,6.120000000000118,5.231999999999994,0.836,-1.0,,,13,2,12.0,2022
2022-12-29 13:00:00+00:00|-1.0|calendar_drop_friday_h13_tp06_sl065,2022-12-29 13:00:00+00:00,STAGE28A,data/reports/stage28a_discovery_factory_batch_runner/stage28a_exact_trades.csv,calendar_time_risk_proxy_v1,calendar_drop_friday_h13_tp06_sl065,0.6916000000000168,-0.3583999999999832,-1.058399999999983,0,0,0,0,0.3583999999999832,17.580000000000155,5.630000000000109,0.5772646536411966,7.6099999999999,0.4809461235216692,5.019999999999982,3.463499999999988,0.284,-1.0,,,13,3,12.0,2022
2022-12-30 22:45:00+00:00|1.0|calendar_drop_friday_h13_tp06_sl065,2022-12-30 22:45:00+00:00,STAGE28A,data/reports/stage28a_discovery_factory_batch_runner/stage28a_exact_trades.csv,calendar_time_risk_proxy_v1,calendar_drop_friday_h13_tp06_sl065,-0.35,-1.4,-2.1,0,0,0,0,1.4,16.450000000000045,5.330000000000155,0.13320825515947762,8.910000000000082,0.043771043771029076,4.240000000000009,3.991499999999985,0.572,1.0,,,13,4,12.0,2022
2023-01-03 13:00:00+00:00|-1.0|calendar_drop_friday_h13_tp06_sl065,2023-01-03 13:00:00+00:00,STAGE28A,data/reports/stage28a_discovery_factory_batch_runner/stage28a_exact_trades.csv,calendar_time_risk_proxy_v1,calendar_drop_friday_h13_tp06_sl065,-2.4816750000000867,-3.5316750000000865,-4.231675000000086,0,0,0,1,3.5316750000000865,6.660000000000082,19.40000000000009,0.5649484536082466,16.24000000000001,0.3663793103448302,5.650000000000091,5.305000000000007,0.964,-1.0,,,13,1,1.0,2023
2023-01-04 13:00:00+00:00|1.0|calendar_drop_friday_h13_tp06_sl065,2023-01-04 13:00:00+00:00,STAGE28A,data/reports/stage28a_discovery_factory_batch_runner/stage28a_exact_trades.csv,calendar_time_risk_proxy_v1,calendar_drop_friday_h13_tp06_sl065,-2.2271999999999026,-3.2771999999999024,-3.977199999999902,0,0,0,1,3.2771999999999024,26.210000000000036,12.019999999999982,0.8460898502495914,20.410000000000082,0.5982361587457122,3.9200000000000728,4.726000000000011,0.76,1.0,,,13,2,1.0,2023
2023-01-05 13:00:00+00:00|-1.0|calendar_drop_friday_h13_tp06_sl065,2023-01-05 13:00:00+00:00,STAGE28A,data/reports/stage28a_discovery_factory_batch_runner/stage28a_exact_trades.csv,calendar_time_risk_proxy_v1,calendar_drop_friday_h13_tp06_sl065,1.2781000000001312,0.2281000000001314,-0.4718999999998683,1,0,1,0,0.2281000000001314,29.940000000000055,8.690000000000055,0.3107019562715798,11.779999999999973,0.25806451612902975,3.7000000000000455,4.808500000000015,0.688,-1.0,,,13,3,1.0,2023
2023-01-06 22:45:00+00:00|1.0|calendar_drop_friday_h13_tp06_sl065,2023-01-06 22:45:00+00:00,STAGE28A,data/reports/stage28a_discovery_factory_batch_runner/stage28a_exact_trades.csv,calendar_time_risk_proxy_v1,calendar_drop_friday_h13_tp06_sl065,-0.35,-1.4,-2.1,0,0,0,0,1.4,33.99000000000001,10.930000000000064,0.4858188472095073,7.370000000000118,0.18724559023067666,1.7899999999999636,5.639999999999986,0.94,1.0,,,13,4,1.0,2023
2023-01-09 13:00:00+00:00|-1.0|calendar_drop_friday_h13_tp06_sl065,2023-01-09 13:00:00+00:00,STAGE28A,data/reports/stage28a_discovery_factory_batch_runner/stage28a_exact_trades.csv,calendar_time_risk_proxy_v1,calendar_drop_friday_h13_tp06_sl065,1.0467999999999846,-0.0032000000000151,-0.7032000000000149,0,0,0,0,0.0032000000000151,3.5799999999999272,13.239999999999782,0.554380664652571,9.680000000000064,0.556818181818165,3.4400000000000546,4.782999999999982,0.596,-1.0,,,13,0,1.0,2023
2023-01-10 13:00:00+00:00|1.0|calendar_drop_friday_h13_tp06_sl065,2023-01-10 13:00:00+00:00,STAGE28A,data/reports/stage28a_discovery_factory_batch_runner/stage28a_exact_trades.csv,calendar_time_risk_proxy_v1,calendar_drop_friday_h13_tp06_sl065,0.8313999999999396,-0.2186000000000603,-0.91860000000006,0,0,0,0,0.2186000000000603,15.169999999999845,8.11999999999989,0.10467980295568323,6.699999999999818,0.5716417910447807,3.6400000000001,4.05599999999996,0.376,1.0,,,13,1,1.0,2023
2023-01-11 13:00:00+00:00|1.0|calendar_drop_friday_h13_tp06_sl065,2023-01-11 13:00:00+00:00,STAGE28A,data/reports/stage28a_discovery_factory_batch_runner/stage28a_exact_trades.csv,calendar_time_risk_proxy_v1,calendar_drop_friday_h13_tp06_sl065,0.8577999999999065,-0.1922000000000934,-0.8922000000000931,0,0,0,0,0.1922000000000934,12.879999999999882,6.419999999999845,0.09813084112151468,9.120000000000118,0.7565789473683963,3.3199999999999363,3.6774999999999975,0.22,1.0,,,13,2,1.0,2023
2023-01-12 13:00:00+00:00|-1.0|calendar_drop_friday_h13_tp06_sl065,2023-01-12 13:00:00+00:00,STAGE28A,data/reports/stage28a_discovery_factory_batch_runner/stage28a_exact_trades.csv,calendar_time_risk_proxy_v1,calendar_drop_friday_h13_tp06_sl065,0.5902000000000044,-0.4597999999999955,-1.1597999999999953,0,0,0,0,0.4597999999999955,19.480000000000018,10.3599999999999,0.7268339768339812,5.509999999999991,0.032667876588033384,1.9200000000000728,3.150499999999977,0.032,-1.0,,,13,3,1.0,2023
2023-01-13 22:45:00+00:00|1.0|calendar_drop_friday_h13_tp06_sl065,2023-01-13 22:45:00+00:00,STAGE28A,data/reports/stage28a_discovery_factory_batch_runner/stage28a_exact_trades.csv,calendar_time_risk_proxy_v1,calendar_drop_friday_h13_tp06_sl065,-0.35,-1.4,-2.1,0,0,0,0,1.4,32.710000000000036,6.089999999999918,0.33004926108374677,17.37999999999988,0.575949367088611,2.3199999999999363,5.618999999999994,0.806,1.0,,,13,4,1.0,2023
2023-01-16 13:00:00+00:00|-1.0|calendar_drop_friday_h13_tp06_sl065,2023-01-16 13:00:00+00:00,STAGE28A,data/reports/stage28a_discovery_factory_batch_runner/stage28a_exact_trades.csv,calendar_time_risk_proxy_v1,calendar_drop_friday_h13_tp06_sl065,-1.7838999999999945,-2.833899999999994,-3.533899999999994,0,0,0,0,2.833899999999994,3.589999999999918,12.11999999999989,0.44389438943895687,11.519999999999982,0.5833333333333366,3.020000000000209,4.967500000000018,0.552,-1.0,,,13,0,1.0,2023
2023-01-17 13:00:00+00:00|-1.0|calendar_drop_friday_h13_tp06_sl065,2023-01-17 13:00:00+00:00,STAGE28A,data/reports/stage28a_discovery_factory_batch_runner/stage28a_exact_trades.csv,calendar_time_risk_proxy_v1,calendar_drop_friday_h13_tp06_sl065,-1.63732500000001,-2.6873250000000097,-3.387325000000009,0,0,0,0,2.6873250000000097,18.069999999999936,10.960000000000036,0.5875912408759154,9.029999999999973,0.5658914728682077,3.759999999999991,3.1420000000000075,0.028,-1.0,,,13,1,1.0,2023
2023-01-18 13:00:00+00:00|1.0|calendar_drop_friday_h13_tp06_sl065,2023-01-18 13:00:00+00:00,STAGE28A,data/reports/stage28a_discovery_factory_batch_runner/stage28a_exact_trades.csv,calendar_time_risk_proxy_v1,calendar_drop_friday_h13_tp06_sl065,1.1572000000000116,0.1072000000000117,-0.592799999999988,1,0,0,0,0.1072000000000117,15.2800000000002,13.089999999999918,0.7097020626432408,19.339999999999918,0.7699069286453032,3.7200000000000273,4.592999999999972,0.476,1.0,,,13,2,1.0,2023
2023-01-19 13:00:00+00:00|1.0|calendar_drop_friday_h13_tp06_sl065,2023-01-19 13:00:00+00:00,STAGE28A,data/reports/stage28a_discovery_factory_batch_runner/stage28a_exact_trades.csv,calendar_time_risk_proxy_v1,calendar_drop_friday_h13_tp06_sl065,-1.7939749999999095,-2.8439749999999093,-3.543974999999909,0,0,0,0,2.8439749999999093,29.269999999999982,9.970000000000027,0.29388164493481,10.379999999999882,0.023121387283238135,3.800000000000182,4.57049999999997,0.464,1.0,,,13,3,1.0,2023
2023-01-20 22:45:00+00:00|1.0|calendar_drop_friday_h13_tp06_sl065,2023-01-20 22:45:00+00:00,STAGE28A,data/reports/stage28a_discovery_factory_batch_runner/stage28a_exact_trades.csv,calendar_time_risk_proxy_v1,calendar_drop_friday_h13_tp06_sl065,0.7837000000000899,-0.26629999999991,-0.9662999999999098,0,0,0,0,0.26629999999991,34.190000000000055,11.160000000000082,0.7168458781361955,14.289999999999964,0.4380685794261726,2.759999999999991,4.601000000000022,0.568,1.0,,,13,4,1.0,2023
2023-01-23 13:00:00+00:00|-1.0|calendar_drop_friday_h13_tp06_sl065,2023-01-23 13:00:00+00:00,STAGE28A,data/reports/stage28a_discovery_factory_batch_runner/stage28a_exact_trades.csv,calendar_time_risk_proxy_v1,calendar_drop_friday_h13_tp06_sl065,1.0999000000000705,0.0499000000000706,-0.6500999999999291,1,0,0,0,0.0499000000000706,4.019999999999982,11.819999999999936,0.19204737732656463,10.940000000000055,0.28519195612430304,3.4600000000000364,4.262999999999988,0.336,-1.0,,,13,0,1.0,2023
2023-01-24 13:00:00+00:00|1.0|calendar_drop_friday_h13_tp06_sl065,2023-01-24 13:00:00+00:00,STAGE28A,data/reports/stage28a_discovery_factory_batch_runner/stage28a_exact_trades.csv,calendar_time_risk_proxy_v1,calendar_drop_friday_h13_tp06_sl065,0.9618999999999231,-0.0881000000000766,-0.7881000000000764,0,0,0,0,0.0881000000000766,24.169999999999845,6.519999999999982,0.21012269938648692,9.960000000000036,0.5672690763052051,4.179999999999836,4.219499999999982,0.312,1.0,,,13,1,1.0,2023
2023-01-25 13:00:00+00:00|-1.0|calendar_drop_friday_h13_tp06_sl065,2023-01-25 13:00:00+00:00,STAGE28A,data/reports/stage28a_discovery_factory_batch_runner/stage28a_exact_trades.csv,calendar_time_risk_proxy_v1,calendar_drop_friday_h13_tp06_sl065,1.1385999999999057,0.0885999999999058,-0.6114000000000939,1,0,0,0,0.0885999999999058,25.36999999999989,11.950000000000045,0.7104602510460232,11.019999999999982,0.2676950998184957,5.7800000000002,4.73599999999999,0.588,-1.0,,,13,2,1.0,2023
2023-01-26 13:00:00+00:00|-1.0|calendar_drop_friday_h13_tp06_sl065,2023-01-26 13:00:00+00:00,STAGE28A,data/reports/stage28a_discovery_factory_batch_runner/stage28a_exact_trades.csv,calendar_time_risk_proxy_v1,calendar_drop_friday_h13_tp06_sl065,1.187800000000061,0.1378000000000612,-0.5621999999999385,1,0,0,0,0.1378000000000612,28.659999999999854,6.610000000000127,0.2632375189107376,15.129999999999882,0.6549900859220198,2.0299999999999727,4.674000000000001,0.468,-1.0,,,13,3,1.0,2023
2023-01-27 22:45:00+00:00|1.0|calendar_drop_friday_h13_tp06_sl065,2023-01-27 22:45:00+00:00,STAGE28A,data/reports/stage28a_discovery_factory_batch_runner/stage28a_exact_trades.csv,calendar_time_risk_proxy_v1,calendar_drop_friday_h13_tp06_sl065,0.9106000000000676,-0.1393999999999322,-0.839399999999932,0,0,0,0,0.1393999999999322,30.470000000000027,15.069999999999936,0.6084936960849444,7.829999999999927,0.8735632183908023,2.240000000000009,4.980999999999983,0.66,1.0,,,13,4,1.0,2023
2023-01-30 13:00:00+00:00|-1.0|calendar_drop_friday_h13_tp06_sl065,2023-01-30 13:00:00+00:00,STAGE28A,data/reports/stage28a_discovery_factory_batch_runner/stage28a_exact_trades.csv,calendar_time_risk_proxy_v1,calendar_drop_friday_h13_tp06_sl065,-1.819000000000051,-2.869000000000051,-3.5690000000000506,0,0,0,0,2.869000000000051,3.4500000000000455,10.049999999999955,0.44975124378109477,13.11999999999989,0.21570121951219137,6.190000000000055,4.700999999999999,0.464,-1.0,,,13,0,1.0,2023
2023-01-31 13:00:00+00:00|-1.0|calendar_drop_friday_h13_tp06_sl065,2023-01-31 13:00:00+00:00,STAGE28A,data/reports/stage28a_discovery_factory_batch_runner/stage28a_exact_trades.csv,calendar_time_risk_proxy_v1,calendar_drop_friday_h13_tp06_sl065,1.0702000000000225,0.0202000000000226,-0.6797999999999771,1,0,0,0,0.0202000000000226,13.839999999999918,8.539999999999964,0.2412177985948424,19.180000000000064,0.7987486965589214,3.8500000000001364,3.6990000000000123,0.06,-1.0,,,13,1,1.0,2023
2023-02-01 13:00:00+00:00|-1.0|calendar_drop_friday_h13_tp06_sl065,2023-02-01 13:00:00+00:00,STAGE28A,data/reports/stage28a_discovery_factory_batch_runner/stage28a_exact_trades.csv,calendar_time_risk_proxy_v1,calendar_drop_friday_h13_tp06_sl065,0.6817000000000007,-0.3682999999999992,-1.068299999999999,0,0,0,0,0.3682999999999992,30.279999999999973,4.25,0.3764705882353262,5.929999999999836,0.11973018549747994,3.509999999999991,2.965499999999963,0.004,-1.0,,,13,2,2.0,2023
2023-02-02 13:00:00+00:00|1.0|calendar_drop_friday_h13_tp06_sl065,2023-02-02 13:00:00+00:00,STAGE28A,data/reports/stage28a_discovery_factory_batch_runner/stage28a_exact_trades.csv,calendar_time_risk_proxy_v1,calendar_drop_friday_h13_tp06_sl065,1.1716000000000348,0.121600000000035,-0.5783999999999647,1,0,0,0,0.121600000000035,33.47000000000003,7.100000000000136,0.0408450704225293,8.519999999999982,0.08098591549296433,5.6599999999998545,6.189000000000021,0.968,1.0,,,13,3,2.0,2023
2023-02-03 22:45:00+00:00|1.0|calendar_drop_friday_h13_tp06_sl065,2023-02-03 22:45:00+00:00,STAGE28A,data/reports/stage28a_discovery_factory_batch_runner/stage28a_exact_trades.csv,calendar_time_risk_proxy_v1,calendar_drop_friday_h13_tp06_sl065,-0.35,-1.4,-2.1,0,0,0,0,1.4,48.44999999999982,7.269999999999982,0.13480055020633022,8.599999999999909,0.490697674418613,3.1499999999998636,6.459499999999958,0.964,1.0,,,13,4,2.0,2023
2023-02-06 13:00:00+00:00|-1.0|calendar_drop_friday_h13_tp06_sl065,2023-02-06 13:00:00+00:00,STAGE28A,data/reports/stage28a_discovery_factory_batch_runner/stage28a_exact_trades.csv,calendar_time_risk_proxy_v1,calendar_drop_friday_h13_tp06_sl065,1.2588999999999486,0.2088999999999488,-0.4911000000000509,1,0,1,0,0.2088999999999488,10.089999999999918,18.769999999999982,0.6904635055940357,11.180000000000064,0.549194991055462,2.6000000000001364,5.891500000000008,0.792,-1.0,,,13,0,2.0,2023
2023-02-07 13:00:00+00:00|1.0|calendar_drop_friday_h13_tp06_sl065,2023-02-07 13:00:00+00:00,STAGE28A,data/reports/stage28a_discovery_factory_batch_runner/stage28a_exact_trades.csv,calendar_time_risk_proxy_v1,calendar_drop_friday_h13_tp06_sl065,-2.0257000000000063,-3.075700000000006,-3.775700000000006,0,0,0,1,3.075700000000006,21.3900000000001,8.75,0.5234285714285631,6.900000000000091,0.17536231884054973,3.6799999999998363,4.125499999999977,0.16,1.0,,,13,1,2.0,2023
2023-02-08 13:00:00+00:00|1.0|calendar_drop_friday_h13_tp06_sl065,2023-02-08 13:00:00+00:00,STAGE28A,data/reports/stage28a_discovery_factory_batch_runner/stage28a_exact_trades.csv,calendar_time_risk_proxy_v1,calendar_drop_friday_h13_tp06_sl065,1.4019999999999526,0.3519999999999528,-0.3480000000000469,1,0,1,0,0.3519999999999528,19.3599999999999,7.039999999999964,0.6022727272727316,13.2199999999998,0.2798789712556809,7.430000000000064,6.410499999999968,0.864,1.0,,,13,2,2.0,2023
2023-02-09 13:00:00+00:00|1.0|calendar_drop_friday_h13_tp06_sl065,2023-02-09 13:00:00+00:00,STAGE28A,data/reports/stage28a_discovery_factory_batch_runner/stage28a_exact_trades.csv,calendar_time_risk_proxy_v1,calendar_drop_friday_h13_tp06_sl065,1.062700000000086,0.0127000000000863,-0.6872999999999134,1,0,0,0,0.0127000000000863,17.3599999999999,8.25,0.5478787878787856,9.329999999999927,0.663451232583052,5.129999999999882,3.5294999999999845,0.036,1.0,,,13,3,2.0,2023
2023-02-10 22:45:00+00:00|1.0|calendar_drop_friday_h13_tp06_sl065,2023-02-10 22:45:00+00:00,STAGE28A,data/reports/stage28a_discovery_factory_batch_runner/stage28a_exact_trades.csv,calendar_time_risk_proxy_v1,calendar_drop_friday_h13_tp06_sl065,-0.35,-1.4,-2.1,0,0,0,0,1.4,31.269999999999982,11.579999999999927,0.7236614853195107,19.3599999999999,0.46177685950413744,3.2999999999999545,5.420000000000004,0.596,1.0,,,13,4,2.0,2023
2023-02-13 13:00:00+00:00|-1.0|calendar_drop_friday_h13_tp06_sl065,2023-02-13 13:00:00+00:00,STAGE28A,data/reports/stage28a_discovery_factory_batch_runner/stage28a_exact_trades.csv,calendar_time_risk_proxy_v1,calendar_drop_friday_h13_tp06_sl065,1.202500000000009,0.1525000000000091,-0.5474999999999905,1,0,1,0,0.1525000000000091,2.6800000000000637,7.569999999999936,0.647291941875843,12.6400000000001,0.06170886075949102,5.3900000000001,4.215499999999986,0.2,-1.0,,,13,0,2.0,2023
2023-02-14 13:00:00+00:00|1.0|calendar_drop_friday_h13_tp06_sl065,2023-02-14 13:00:00+00:00,STAGE28A,data/reports/stage28a_discovery_factory_batch_runner/stage28a_exact_trades.csv,calendar_time_risk_proxy_v1,calendar_drop_friday_h13_tp06_sl065,1.0086999999999988,-0.041300000000001,-0.7413000000000007,0,0,0,0,0.041300000000001,16.13000000000011,6.519999999999982,0.5920245398773218,7.099999999999909,0.12394366197181592,4.0,3.477499999999998,0.036,1.0,,,13,1,2.0,2023
2023-02-15 13:00:00+00:00|-1.0|calendar_drop_friday_h13_tp06_sl065,2023-02-15 13:00:00+00:00,STAGE28A,data/reports/stage28a_discovery_factory_batch_runner/stage28a_exact_trades.csv,calendar_time_risk_proxy_v1,calendar_drop_friday_h13_tp06_sl065,-2.3481000000000223,-3.398100000000022,-4.098100000000022,0,0,0,1,3.398100000000022,27.169999999999845,13.559999999999945,0.5243362831858355,16.019999999999982,0.7771535580524381,3.9500000000000455,5.293000000000006,0.48,-1.0,,,13,2,2.0,2023
2023-02-16 13:00:00+00:00|-1.0|calendar_drop_friday_h13_tp06_sl065,2023-02-16 13:00:00+00:00,STAGE28A,data/reports/stage28a_discovery_factory_batch_runner/stage28a_exact_trades.csv,calendar_time_risk_proxy_v1,calendar_drop_friday_h13_tp06_sl065,1.0048000000000683,-0.0451999999999315,-0.7451999999999313,0,0,0,0,0.0451999999999315,29.50999999999999,8.169999999999845,0.3659730722154303,10.549999999999955,0.1184834123222754,3.7999999999999545,4.165999999999985,0.168,-1.0,,,13,3,2.0,2023
2023-02-17 22:45:00+00:00|1.0|calendar_drop_friday_h13_tp06_sl065,2023-02-17 22:45:00+00:00,STAGE28A,data/reports/stage28a_discovery_factory_batch_runner/stage28a_exact_trades.csv,calendar_time_risk_proxy_v1,calendar_drop_friday_h13_tp06_sl065,-0.35,-1.4,-2.1,0,0,0,0,1.4,17.670000000000073,12.660000000000082,0.5979462875197383,9.319999999999936,0.3508583690987129,1.6800000000000637,4.791999999999985,0.416,1.0,,,13,4,2.0,2023
2023-02-20 13:00:00+00:00|1.0|calendar_drop_friday_h13_tp06_sl065,2023-02-20 13:00:00+00:00,STAGE28A,data/reports/stage28a_discovery_factory_batch_runner/stage28a_exact_trades.csv,calendar_time_risk_proxy_v1,calendar_drop_friday_h13_tp06_sl065,0.6999999999999545,-0.3500000000000454,-1.0500000000000451,0,0,0,0,0.3500000000000454,3.3700000000001182,7.559999999999945,0.5052910052910006,6.3599999999999,0.1289308176100549,2.0299999999999727,3.7389999999999874,0.048,1.0,,,13,0,2.0,2023
2023-02-21 13:00:00+00:00|-1.0|calendar_drop_friday_h13_tp06_sl065,2023-02-21 13:00:00+00:00,STAGE28A,data/reports/stage28a_discovery_factory_batch_runner/stage28a_exact_trades.csv,calendar_time_risk_proxy_v1,calendar_drop_friday_h13_tp06_sl065,-1.8053499999999527,-2.855349999999953,-3.5553499999999527,0,0,0,0,2.855349999999953,10.169999999999845,6.710000000000036,0.3859910581222253,8.680000000000064,0.6831797235022803,4.170000000000073,2.790499999999986,0.056,-1.0,,,13,1,2.0,2023
2023-02-22 13:00:00+00:00|-1.0|calendar_drop_friday_h13_tp06_sl065,2023-02-22 13:00:00+00:00,STAGE28A,data/reports/stage28a_discovery_factory_batch_runner/stage28a_exact_trades.csv,calendar_time_risk_proxy_v1,calendar_drop_friday_h13_tp06_sl065,0.908199999999988,-0.1418000000000119,-0.8418000000000117,0,0,0,0,0.1418000000000119,13.599999999999909,4.370000000000118,0.21967963386727926,9.069999999999936,0.34399117971335613,2.6299999999998818,3.536500000000012,0.124,-1.0,,,13,2,2.0,2023
2023-02-23 13:00:00+00:00|-1.0|calendar_drop_friday_h13_tp06_sl065,2023-02-23 13:00:00+00:00,STAGE28A,data/reports/stage28a_discovery_factory_batch_runner/stage28a_exact_trades.csv,calendar_time_risk_proxy_v1,calendar_drop_friday_h13_tp06_sl065,-1.572974999999906,-2.6229749999999057,-3.3229749999999054,0,0,0,0,2.6229749999999057,22.430000000000064,7.279999999999973,0.6565934065934053,9.3900000000001,0.3588924387646278,2.900000000000091,3.769500000000005,0.2,-1.0,,,13,3,2.0,2023
2023-02-24 22:45:00+00:00|1.0|calendar_drop_friday_h13_tp06_sl065,2023-02-24 22:45:00+00:00,STAGE28A,data/reports/stage28a_discovery_factory_batch_runner/stage28a_exact_trades.csv,calendar_time_risk_proxy_v1,calendar_drop_friday_h13_tp06_sl065,0.693100000000095,-0.3568999999999049,-1.0568999999999047,0,0,0,0,0.3568999999999049,16.320000000000164,6.779999999999973,0.3554572271386566,6.529999999999973,0.4992343032159272,1.759999999999991,3.8284999999999854,0.244,1.0,,,13,4,2.0,2023
2023-02-27 13:00:00+00:00|-1.0|calendar_drop_friday_h13_tp06_sl065,2023-02-27 13:00:00+00:00,STAGE28A,data/reports/stage28a_discovery_factory_batch_runner/stage28a_exact_trades.csv,calendar_time_risk_proxy_v1,calendar_drop_friday_h13_tp06_sl065,-1.4992000000000645,-2.5492000000000643,-3.249200000000064,0,0,0,0,2.5492000000000643,3.119999999999891,7.599999999999909,0.32763157894737355,6.600000000000136,0.20151515151513633,3.1299999999998818,3.383999999999992,0.128,-1.0,,,13,0,2.0,2023
2023-02-28 13:00:00+00:00|-1.0|calendar_drop_friday_h13_tp06_sl065,2023-02-28 13:00:00+00:00,STAGE28A,data/reports/stage28a_discovery_factory_batch_runner/stage28a_exact_trades.csv,calendar_time_risk_proxy_v1,calendar_drop_friday_h13_tp06_sl065,1.0776999999999588,0.0276999999999589,-0.6723000000000408,1,0,0,0,0.0276999999999589,13.549999999999955,5.6099999999999,0.5008912655971877,12.400000000000091,0.438709677419356,3.6800000000000637,3.311500000000012,0.164,-1.0,,,13,1,2.0,2023
2023-03-01 13:00:00+00:00|1.0|calendar_drop_friday_h13_tp06_sl065,2023-03-01 13:00:00+00:00,STAGE28A,data/reports/stage28a_discovery_factory_batch_runner/stage28a_exact_trades.csv,calendar_time_risk_proxy_v1,calendar_drop_friday_h13_tp06_sl065,1.0014999999999872,-0.0485000000000126,-0.7485000000000124,0,0,0,0,0.0485000000000126,26.559999999999945,8.710000000000036,0.5051664753157373,8.179999999999836,0.6002444987775003,4.190000000000055,3.8149999999999524,0.38,1.0,,,13,2,3.0,2023
2023-03-02 13:00:00+00:00|-1.0|calendar_drop_friday_h13_tp06_sl065,2023-03-02 13:00:00+00:00,STAGE28A,data/reports/stage28a_discovery_factory_batch_runner/stage28a_exact_trades.csv,calendar_time_risk_proxy_v1,calendar_drop_friday_h13_tp06_sl065,-1.6045000000000074,-2.654500000000007,-3.354500000000007,0,0,0,0,2.654500000000007,21.450000000000045,7.440000000000055,0.29301075268817844,5.220000000000027,0.5363984674329387,2.2200000000000273,3.3319999999999936,0.184,-1.0,,,13,3,3.0,2023
2023-03-03 22:45:00+00:00|1.0|calendar_drop_friday_h13_tp06_sl065,2023-03-03 22:45:00+00:00,STAGE28A,data/reports/stage28a_discovery_factory_batch_runner/stage28a_exact_trades.csv,calendar_time_risk_proxy_v1,calendar_drop_friday_h13_tp06_sl065,-0.35,-1.4,-2.1,0,0,0,0,1.4,8.949999999999818,6.009999999999991,0.09816971713812753,9.990000000000009,0.8508508508508501,4.720000000000027,3.466499999999985,0.284,1.0,,,13,4,3.0,2023
2023-03-06 13:00:00+00:00|-1.0|calendar_drop_friday_h13_tp06_sl065,2023-03-06 13:00:00+00:00,STAGE28A,data/reports/stage28a_discovery_factory_batch_runner/stage28a_exact_trades.csv,calendar_time_risk_proxy_v1,calendar_drop_friday_h13_tp06_sl065,-1.5274749999999586,-2.5774749999999584,-3.277474999999958,0,0,0,0,2.5774749999999584,3.290000000000191,5.690000000000055,0.2882249560632837,8.38000000000011,0.46062052505967505,3.1400000000001,3.5700000000000385,0.356,-1.0,,,13,0,3.0,2023
2023-03-07 13:00:00+00:00|-1.0|calendar_drop_friday_h13_tp06_sl065,2023-03-07 13:00:00+00:00,STAGE28A,data/reports/stage28a_discovery_factory_batch_runner/stage28a_exact_trades.csv,calendar_time_risk_proxy_v1,calendar_drop_friday_h13_tp06_sl065,0.6600999999999658,-0.3899000000000341,-1.0899000000000338,0,0,0,0,0.3899000000000341,13.160000000000082,6.430000000000064,0.16329704510107995,8.940000000000055,0.4798657718120735,1.650000000000091,2.8590000000000373,0.06,-1.0,,,13,1,3.0,2023
2023-03-08 13:00:00+00:00|1.0|calendar_drop_friday_h13_tp06_sl065,2023-03-08 13:00:00+00:00,STAGE28A,data/reports/stage28a_discovery_factory_batch_runner/stage28a_exact_trades.csv,calendar_time_risk_proxy_v1,calendar_drop_friday_h13_tp06_sl065,-1.370825000000059,-2.420825000000059,-3.1208250000000586,0,0,0,0,2.420825000000059,38.899999999999864,5.070000000000164,0.4773175542406301,4.800000000000182,0.5312499999999704,2.4300000000000637,3.313000000000045,0.2,1.0,,,13,2,3.0,2023
2023-03-09 13:00:00+00:00|1.0|calendar_drop_friday_h13_tp06_sl065,2023-03-09 13:00:00+00:00,STAGE28A,data/reports/stage28a_discovery_factory_batch_runner/stage28a_exact_trades.csv,calendar_time_risk_proxy_v1,calendar_drop_friday_h13_tp06_sl065,-1.37537499999994,-2.42537499999994,-3.12537499999994,0,0,0,0,2.42537499999994,14.860000000000127,4.480000000000018,0.20535714285715825,6.339999999999918,0.5883280757097896,1.6800000000000637,2.8404999999999974,0.036,1.0,,,13,3,3.0,2023
2023-03-10 22:45:00+00:00|1.0|calendar_drop_friday_h13_tp06_sl065,2023-03-10 22:45:00+00:00,STAGE28A,data/reports/stage28a_discovery_factory_batch_runner/stage28a_exact_trades.csv,calendar_time_risk_proxy_v1,calendar_drop_friday_h13_tp06_sl065,-2.3513500000000023,-3.401350000000002,-4.101350000000002,0,0,0,1,3.401350000000002,23.679999999999836,7.129999999999882,0.25385694249649027,8.730000000000018,0.345933562428405,3.939999999999827,6.0380000000000225,1.0,1.0,,,13,4,3.0,2023
2023-03-13 13:00:00+00:00|1.0|calendar_drop_friday_h13_tp06_sl065,2023-03-13 13:00:00+00:00,STAGE28A,data/reports/stage28a_discovery_factory_batch_runner/stage28a_exact_trades.csv,calendar_time_risk_proxy_v1,calendar_drop_friday_h13_tp06_sl065,-2.8814249999998998,-3.931424999999899,-4.631424999999899,0,0,0,1,3.931424999999899,22.169999999999845,22.169999999999845,0.43031123139377675,22.269999999999982,0.11899416255052057,6.9500000000000455,9.58099999999996,0.968,1.0,,,13,0,3.0,2023
2023-03-14 13:00:00+00:00|-1.0|calendar_drop_friday_h13_tp06_sl065,2023-03-14 13:00:00+00:00,STAGE28A,data/reports/stage28a_discovery_factory_batch_runner/stage28a_exact_trades.csv,calendar_time_risk_proxy_v1,calendar_drop_friday_h13_tp06_sl065,-2.383200000000079,-3.433200000000079,-4.133200000000079,0,0,0,1,3.433200000000079,43.12999999999988,12.549999999999955,0.7274900398406307,12.61999999999989,0.03328050713152528,3.769999999999982,5.18850000000001,0.828,-1.0,,,13,1,3.0,2023
2023-03-15 13:00:00+00:00|-1.0|calendar_drop_friday_h13_tp06_sl065,2023-03-15 13:00:00+00:00,STAGE28A,data/reports/stage28a_discovery_factory_batch_runner/stage28a_exact_trades.csv,calendar_time_risk_proxy_v1,calendar_drop_friday_h13_tp06_sl065,-2.9178250000000845,-3.967825000000084,-4.667825000000084,0,0,0,1,3.967825000000084,18.75,5.6599999999998545,0.24558303886924177,24.029999999999973,0.28381190178942756,13.539999999999964,4.8125,0.74,-1.0,,,13,2,3.0,2023
2023-03-16 13:00:00+00:00|1.0|calendar_drop_friday_h13_tp06_sl065,2023-03-16 13:00:00+00:00,STAGE28A,data/reports/stage28a_discovery_factory_batch_runner/stage28a_exact_trades.csv,calendar_time_risk_proxy_v1,calendar_drop_friday_h13_tp06_sl065,-2.4514500000001136,-3.5014500000001134,-4.201450000000113,0,0,0,1,3.5014500000001134,51.57999999999993,16.930000000000064,0.24453632604843972,10.720000000000027,0.868470149253724,4.350000000000136,6.749499999999989,0.788,1.0,,,13,3,3.0,2023
2023-03-17 22:45:00+00:00|1.0|calendar_drop_friday_h13_tp06_sl065,2023-03-17 22:45:00+00:00,STAGE28A,data/reports/stage28a_discovery_factory_batch_runner/stage28a_exact_trades.csv,calendar_time_risk_proxy_v1,calendar_drop_friday_h13_tp06_sl065,-3.573999999999933,-4.623999999999933,-5.323999999999932,0,0,0,1,4.623999999999933,25.8599999999999,12.769999999999982,0.8300704776820792,6.980000000000018,0.04154727793695743,10.960000000000036,7.446499999999958,0.816,1.0,,,13,4,3.0,2023
2023-03-20 13:00:00+00:00|1.0|calendar_drop_friday_h13_tp06_sl065,2023-03-20 13:00:00+00:00,STAGE28A,data/reports/stage28a_discovery_factory_batch_runner/stage28a_exact_trades.csv,calendar_time_risk_proxy_v1,calendar_drop_friday_h13_tp06_sl065,3.648699999999872,2.598699999999872,1.898699999999872,1,1,1,0,2.598699999999872,15.549999999999955,22.420000000000073,0.4214986619090105,35.87000000000012,0.16085865625871099,14.710000000000036,10.59599999999997,0.992,1.0,,,13,0,3.0,2023
2023-03-21 13:00:00+00:00|-1.0|calendar_drop_friday_h13_tp06_sl065,2023-03-21 13:00:00+00:00,STAGE28A,data/reports/stage28a_discovery_factory_batch_runner/stage28a_exact_trades.csv,calendar_time_risk_proxy_v1,calendar_drop_friday_h13_tp06_sl065,1.7377000000000409,0.6877000000000408,-0.0122999999999589,1,0,1,0,0.6877000000000408,43.950000000000045,9.779999999999973,0.33742331288343186,20.310000000000173,0.6233382570162357,5.069999999999936,5.340999999999974,0.44,-1.0,,,13,1,3.0,2023
2023-03-22 13:00:00+00:00|1.0|calendar_drop_friday_h13_tp06_sl065,2023-03-22 13:00:00+00:00,STAGE28A,data/reports/stage28a_discovery_factory_batch_runner/stage28a_exact_trades.csv,calendar_time_risk_proxy_v1,calendar_drop_friday_h13_tp06_sl065,-2.249625000000014,-3.2996250000000145,-3.999625000000014,0,0,0,1,3.2996250000000145,49.75,8.330000000000155,0.03121248499399593,11.389999999999873,0.2906057945566271,5.069999999999936,4.805000000000052,0.28,1.0,,,13,2,3.0,2023
2023-03-23 13:00:00+00:00|1.0|calendar_drop_friday_h13_tp06_sl065,2023-03-23 13:00:00+00:00,STAGE28A,data/reports/stage28a_discovery_factory_batch_runner/stage28a_exact_trades.csv,calendar_time_risk_proxy_v1,calendar_drop_friday_h13_tp06_sl065,1.653099999999904,0.603099999999904,-0.0969000000000956,1,0,1,0,0.603099999999904,44.49000000000001,13.700000000000045,0.5751824817518143,9.3599999999999,0.01816239316240113,4.4099999999998545,7.595999999999992,0.66,1.0,,,13,3,3.0,2023
2023-03-24 22:45:00+00:00|1.0|calendar_drop_friday_h13_tp06_sl065,2023-03-24 22:45:00+00:00,STAGE28A,data/reports/stage28a_discovery_factory_batch_runner/stage28a_exact_trades.csv,calendar_time_risk_proxy_v1,calendar_drop_friday_h13_tp06_sl065,-0.35,-1.4,-2.1,0,0,0,0,1.4,38.76999999999998,5.119999999999891,0.011718750000034,19.029999999999973,0.026799789805569713,3.75,6.845500000000004,0.536,1.0,,,13,4,3.0,2023
2023-03-27 13:00:00+00:00|-1.0|calendar_drop_friday_h13_tp06_sl065,2023-03-27 13:00:00+00:00,STAGE28A,data/reports/stage28a_discovery_factory_batch_runner/stage28a_exact_trades.csv,calendar_time_risk_proxy_v1,calendar_drop_friday_h13_tp06_sl065,-2.491750000000002,-3.5417500000000017,-4.2417500000000015,0,0,0,1,3.5417500000000017,10.569999999999936,10.569999999999936,0.07473982970671413,19.519999999999982,0.9508196721311456,12.740000000000009,6.0490000000000235,0.288,-1.0,,,13,0,3.0,2023
2023-03-28 13:00:00+00:00|-1.0|calendar_drop_friday_h13_tp06_sl065,2023-03-28 13:00:00+00:00,STAGE28A,data/reports/stage28a_discovery_factory_batch_runner/stage28a_exact_trades.csv,calendar_time_risk_proxy_v1,calendar_drop_friday_h13_tp06_sl065,-2.1667499999999564,-3.2167499999999563,-3.916749999999956,0,0,0,1,3.2167499999999563,35.899999999999864,8.460000000000036,0.280141843971644,11.63000000000011,0.5081685296646431,4.680000000000064,4.132999999999993,0.004,-1.0,,,13,1,3.0,2023
2023-03-29 13:00:00+00:00|-1.0|calendar_drop_friday_h13_tp06_sl065,2023-03-29 13:00:00+00:00,STAGE28A,data/reports/stage28a_discovery_factory_batch_runner/stage28a_exact_trades.csv,calendar_time_risk_proxy_v1,calendar_drop_friday_h13_tp06_sl065,-1.781949999999915,-2.831949999999915,-3.531949999999915,0,0,0,0,2.831949999999915,26.100000000000136,8.519999999999982,0.7500000000000133,10.220000000000027,0.07827788649705993,3.740000000000009,3.960500000000002,0.02,-1.0,,,13,2,3.0,2023
2023-03-30 13:00:00+00:00|1.0|calendar_drop_friday_h13_tp06_sl065,2023-03-30 13:00:00+00:00,STAGE28A,data/reports/stage28a_discovery_factory_batch_runner/stage28a_exact_trades.csv,calendar_time_risk_proxy_v1,calendar_drop_friday_h13_tp06_sl065,0.9805000000000292,-0.0694999999999708,-0.7694999999999705,0,0,0,0,0.0694999999999708,15.759999999999991,9.539999999999964,0.4947589098532542,12.559999999999945,0.6162420382165639,1.6600000000000819,4.042999999999973,0.048,1.0,,,13,3,3.0,2023
2023-03-31 22:45:00+00:00|1.0|calendar_drop_friday_h13_tp06_sl065,2023-03-31 22:45:00+00:00,STAGE28A,data/reports/stage28a_discovery_factory_batch_runner/stage28a_exact_trades.csv,calendar_time_risk_proxy_v1,calendar_drop_friday_h13_tp06_sl065,-0.35,-1.4,-2.1,0,0,0,0,1.4,28.910000000000082,5.970000000000027,0.3417085427135983,11.840000000000146,0.22972972972972922,4.869999999999891,5.1099999999999905,0.392,1.0,,,13,4,3.0,2023
2023-04-03 13:00:00+00:00|1.0|calendar_drop_friday_h13_tp06_sl065,2023-04-03 13:00:00+00:00,STAGE28A,data/reports/stage28a_discovery_factory_batch_runner/stage28a_exact_trades.csv,calendar_time_risk_proxy_v1,calendar_drop_friday_h13_tp06_sl065,-2.0721750000001067,-3.1221750000001065,-3.822175000000106,0,0,0,1,3.1221750000001065,12.190000000000055,22.549999999999955,0.4736141906873652,16.539999999999964,0.8657799274486074,3.9400000000000546,6.254499999999996,0.552,1.0,,,13,0,4.0,2023
2023-04-04 13:00:00+00:00|1.0|calendar_drop_friday_h13_tp06_sl065,2023-04-04 13:00:00+00:00,STAGE28A,data/reports/stage28a_discovery_factory_batch_runner/stage28a_exact_trades.csv,calendar_time_risk_proxy_v1,calendar_drop_friday_h13_tp06_sl065,0.87849999999994,-0.1715000000000599,-0.8715000000000597,0,0,0,0,0.1715000000000599,40.72000000000003,7.680000000000064,0.7552083333333508,7.259999999999991,0.6680440771350059,3.6200000000001182,4.161000000000013,0.124,1.0,,,13,1,4.0,2023
2023-04-05 13:00:00+00:00|1.0|calendar_drop_friday_h13_tp06_sl065,2023-04-05 13:00:00+00:00,STAGE28A,data/reports/stage28a_discovery_factory_batch_runner/stage28a_exact_trades.csv,calendar_time_risk_proxy_v1,calendar_drop_friday_h13_tp06_sl065,-1.753350000000046,-2.8033500000000457,-3.503350000000045,0,0,0,0,2.8033500000000457,48.01999999999998,5.910000000000082,0.4027072758037354,6.6099999999999,0.22541603630862808,3.369999999999891,4.895500000000027,0.416,1.0,,,13,2,4.0,2023
2023-04-06 13:00:00+00:00|1.0|calendar_drop_friday_h13_tp06_sl065,2023-04-06 13:00:00+00:00,STAGE28A,data/reports/stage28a_discovery_factory_batch_runner/stage28a_exact_trades.csv,calendar_time_risk_proxy_v1,calendar_drop_friday_h13_tp06_sl065,0.9708999999999378,-0.0791000000000621,-0.7791000000000619,0,0,0,0,0.0791000000000621,22.069999999999936,13.549999999999955,0.6664206642066423,9.879999999999882,0.8289473684210681,3.259999999999991,4.436500000000012,0.276,1.0,,,13,3,4.0,2023
2023-04-06 23:45:00+00:00|1.0|calendar_drop_friday_h13_tp06_sl065,2023-04-06 23:45:00+00:00,STAGE28A,data/reports/stage28a_discovery_factory_batch_runner/stage28a_exact_trades.csv,calendar_time_risk_proxy_v1,calendar_drop_friday_h13_tp06_sl065,-0.35,-1.4,-2.1,0,0,0,0,1.4,22.069999999999936,13.549999999999955,0.6664206642066423,9.879999999999882,0.8289473684210681,3.2800000000002,5.0350000000000135,0.504,1.0,,,13,3,4.0,2023
2023-04-10 13:00:00+00:00|1.0|calendar_drop_friday_h13_tp06_sl065,2023-04-10 13:00:00+00:00,STAGE28A,data/reports/stage28a_discovery_factory_batch_runner/stage28a_exact_trades.csv,calendar_time_risk_proxy_v1,calendar_drop_friday_h13_tp06_sl065,-1.4810000000000856,-2.5310000000000854,-3.231000000000085,0,0,0,0,2.5310000000000854,17.029999999999973,17.65000000000009,0.8271954674220869,12.220000000000027,0.786415711947617,4.930000000000064,5.2620000000000235,0.588,1.0,,,13,0,4.0,2023
2023-04-11 13:00:00+00:00|1.0|calendar_drop_friday_h13_tp06_sl065,2023-04-11 13:00:00+00:00,STAGE28A,data/reports/stage28a_discovery_factory_batch_runner/stage28a_exact_trades.csv,calendar_time_risk_proxy_v1,calendar_drop_friday_h13_tp06_sl065,0.9661000000000058,-0.083899999999994,-0.7838999999999938,0,0,0,0,0.083899999999994,24.860000000000127,9.349999999999909,0.6588235294117799,10.100000000000136,0.6920792079207836,2.8599999999999,3.5599999999999796,0.036,1.0,,,13,1,4.0,2023
2023-04-12 13:00:00+00:00|-1.0|calendar_drop_friday_h13_tp06_sl065,2023-04-12 13:00:00+00:00,STAGE28A,data/reports/stage28a_discovery_factory_batch_runner/stage28a_exact_trades.csv,calendar_time_risk_proxy_v1,calendar_drop_friday_h13_tp06_sl065,0.8829999999999473,-0.1670000000000526,-0.8670000000000524,0,0,0,0,0.1670000000000526,18.610000000000127,16.36999999999989,0.8173488087965912,12.539999999999964,0.4976076555023945,3.0,3.838499999999965,0.152,-1.0,,,13,2,4.0,2023
2023-04-13 13:00:00+00:00|1.0|calendar_drop_friday_h13_tp06_sl065,2023-04-13 13:00:00+00:00,STAGE28A,data/reports/stage28a_discovery_factory_batch_runner/stage28a_exact_trades.csv,calendar_time_risk_proxy_v1,calendar_drop_friday_h13_tp06_sl065,-1.7754499999999551,-2.825449999999955,-3.525449999999955,0,0,0,0,2.825449999999955,27.13000000000011,6.1400000000001,0.3697068403908705,13.950000000000045,0.6566308243727635,2.9199999999998454,4.161999999999978,0.308,1.0,,,13,3,4.0,2023
2023-04-14 22:45:00+00:00|1.0|calendar_drop_friday_h13_tp06_sl065,2023-04-14 22:45:00+00:00,STAGE28A,data/reports/stage28a_discovery_factory_batch_runner/stage28a_exact_trades.csv,calendar_time_risk_proxy_v1,calendar_drop_friday_h13_tp06_sl065,1.3185999999999694,0.2685999999999695,-0.4314000000000302,1,0,1,0,0.2685999999999695,35.00999999999999,8.809999999999945,0.5595913734392842,14.690000000000055,0.43567052416610397,3.5,6.793500000000028,0.984,1.0,,,13,4,4.0,2023
2023-04-17 13:00:00+00:00|1.0|calendar_drop_friday_h13_tp06_sl065,2023-04-17 13:00:00+00:00,STAGE28A,data/reports/stage28a_discovery_factory_batch_runner/stage28a_exact_trades.csv,calendar_time_risk_proxy_v1,calendar_drop_friday_h13_tp06_sl065,1.2112000000000989,0.161200000000099,-0.5387999999999007,1,0,1,0,0.161200000000099,7.0,10.759999999999991,0.30669144981412244,11.329999999999927,0.5216240070608907,2.3899999999998727,5.830000000000007,0.724,1.0,,,13,0,4.0,2023
2023-04-18 13:00:00+00:00|1.0|calendar_drop_friday_h13_tp06_sl065,2023-04-18 13:00:00+00:00,STAGE28A,data/reports/stage28a_discovery_factory_batch_runner/stage28a_exact_trades.csv,calendar_time_risk_proxy_v1,calendar_drop_friday_h13_tp06_sl065,1.019799999999941,-0.0302000000000588,-0.7302000000000586,0,0,0,0,0.0302000000000588,33.8900000000001,8.5,0.6588235294117808,8.699999999999818,0.10919540229885809,5.029999999999973,4.1374999999999655,0.208,1.0,,,13,1,4.0,2023
2023-04-19 13:00:00+00:00|-1.0|calendar_drop_friday_h13_tp06_sl065,2023-04-19 13:00:00+00:00,STAGE28A,data/reports/stage28a_discovery_factory_batch_runner/stage28a_exact_trades.csv,calendar_time_risk_proxy_v1,calendar_drop_friday_h13_tp06_sl065,-2.968199999999888,-4.018199999999888,-4.718199999999888,0,0,0,1,4.018199999999888,20.6099999999999,6.189999999999827,0.34087237479809146,31.710000000000036,0.9274676758120481,7.639999999999873,4.9204999999999925,0.476,-1.0,,,13,2,4.0,2023
2023-04-20 13:00:00+00:00|1.0|calendar_drop_friday_h13_tp06_sl065,2023-04-20 13:00:00+00:00,STAGE28A,data/reports/stage28a_discovery_factory_batch_runner/stage28a_exact_trades.csv,calendar_time_risk_proxy_v1,calendar_drop_friday_h13_tp06_sl065,1.2103000000000974,0.1603000000000976,-0.5396999999999021,1,0,1,0,0.1603000000000976,38.95999999999981,8.179999999999836,0.20904645476773479,9.779999999999973,0.6932515337423304,7.809999999999945,4.066000000000019,0.2,1.0,,,13,3,4.0,2023
2023-04-21 22:45:00+00:00|1.0|calendar_drop_friday_h13_tp06_sl065,2023-04-21 22:45:00+00:00,STAGE28A,data/reports/stage28a_discovery_factory_batch_runner/stage28a_exact_trades.csv,calendar_time_risk_proxy_v1,calendar_drop_friday_h13_tp06_sl065,-0.35,-1.4,-2.1,0,0,0,0,1.4,21.839999999999918,4.940000000000055,0.5161943319837907,20.37999999999988,0.7850834151128603,3.75,6.726500000000044,0.944,1.0,,,13,4,4.0,2023
2023-04-24 13:00:00+00:00|1.0|calendar_drop_friday_h13_tp06_sl065,2023-04-24 13:00:00+00:00,STAGE28A,data/reports/stage28a_discovery_factory_batch_runner/stage28a_exact_trades.csv,calendar_time_risk_proxy_v1,calendar_drop_friday_h13_tp06_sl065,1.0299999999998817,-0.0200000000001181,-0.7200000000001179,0,0,0,0,0.0200000000001181,3.790000000000191,6.7999999999999545,0.4735294117647131,10.459999999999809,0.22179732313575323,4.0,4.293000000000018,0.256,1.0,,,13,0,4.0,2023
2023-04-25 13:00:00+00:00|-1.0|calendar_drop_friday_h13_tp06_sl065,2023-04-25 13:00:00+00:00,STAGE28A,data/reports/stage28a_discovery_factory_batch_runner/stage28a_exact_trades.csv,calendar_time_risk_proxy_v1,calendar_drop_friday_h13_tp06_sl065,1.202500000000009,0.1525000000000091,-0.5474999999999905,1,0,1,0,0.1525000000000091,18.579999999999927,12.269999999999982,0.013039934800332689,10.289999999999964,0.4528668610301359,3.839999999999918,4.624499999999978,0.412,-1.0,,,13,1,4.0,2023
2023-04-26 13:00:00+00:00|1.0|calendar_drop_friday_h13_tp06_sl065,2023-04-26 13:00:00+00:00,STAGE28A,data/reports/stage28a_discovery_factory_batch_runner/stage28a_exact_trades.csv,calendar_time_risk_proxy_v1,calendar_drop_friday_h13_tp06_sl065,0.9420999999998912,-0.1079000000001086,-0.8079000000001084,0,0,0,0,0.1079000000001086,27.710000000000036,9.230000000000018,0.37811484290357555,6.069999999999936,0.7726523887973812,3.119999999999891,4.515499999999986,0.262,1.0,,,13,2,4.0,2023
2023-04-27 13:00:00+00:00|-1.0|calendar_drop_friday_h13_tp06_sl065,2023-04-27 13:00:00+00:00,STAGE28A,data/reports/stage28a_discovery_factory_batch_runner/stage28a_exact_trades.csv,calendar_time_risk_proxy_v1,calendar_drop_friday_h13_tp06_sl065,1.0485999999999875,-0.0014000000000122,-0.701400000000012,0,0,0,0,0.0014000000000122,25.920000000000073,11.960000000000036,0.8127090301003342,6.400000000000091,0.44687499999997804,3.1099999999999,4.386000000000024,0.18,-1.0,,,13,3,4.0,2023
2023-04-28 22:45:00+00:00|1.0|calendar_drop_friday_h13_tp06_sl065,2023-04-28 22:45:00+00:00,STAGE28A,data/reports/stage28a_discovery_factory_batch_runner/stage28a_exact_trades.csv,calendar_time_risk_proxy_v1,calendar_drop_friday_h13_tp06_sl065,-0.35,-1.4,-2.1,0,0,0,0,1.4,29.029999999999973,6.509999999999991,0.32872503840243866,10.569999999999936,0.5619678334909993,2.5100000000002183,4.724500000000023,0.356,1.0,,,13,4,4.0,2023
2023-05-01 13:00:00+00:00|-1.0|calendar_drop_friday_h13_tp06_sl065,2023-05-01 13:00:00+00:00,STAGE28A,data/reports/stage28a_discovery_factory_batch_runner/stage28a_exact_trades.csv,calendar_time_risk_proxy_v1,calendar_drop_friday_h13_tp06_sl065,0.7576000000000477,-0.2923999999999522,-0.992399999999952,0,0,0,0,0.2923999999999522,3.2999999999999545,11.25,0.5164444444444396,9.319999999999936,0.14377682403432696,8.230000000000018,4.131500000000028,0.12,-1.0,,,13,0,5.0,2023
2023-05-02 13:00:00+00:00|-1.0|calendar_drop_friday_h13_tp06_sl065,2023-05-02 13:00:00+00:00,STAGE28A,data/reports/stage28a_discovery_factory_batch_runner/stage28a_exact_trades.csv,calendar_time_risk_proxy_v1,calendar_drop_friday_h13_tp06_sl065,0.933100000000104,-0.1168999999998958,-0.8168999999998956,0,0,0,0,0.1168999999998958,28.960000000000036,4.459999999999809,0.12556053811658507,7.899999999999864,0.25949367088607467,5.7999999999999545,3.559499999999969,0.032,-1.0,,,13,1,5.0,2023
2023-05-03 13:00:00+00:00|-1.0|calendar_drop_friday_h13_tp06_sl065,2023-05-03 13:00:00+00:00,STAGE28A,data/reports/stage28a_discovery_factory_batch_runner/stage28a_exact_trades.csv,calendar_time_risk_proxy_v1,calendar_drop_friday_h13_tp06_sl065,-1.4260749999999462,-2.476074999999946,-3.176074999999946,0,0,0,0,2.476074999999946,40.909999999999854,4.5300000000002,0.6247240618101109,6.770000000000209,0.20531757754798075,2.1800000000000637,4.468499999999994,0.252,-1.0,,,13,2,5.0,2023
2023-05-04 13:00:00+00:00|-1.0|calendar_drop_friday_h13_tp06_sl065,2023-05-04 13:00:00+00:00,STAGE28A,data/reports/stage28a_discovery_factory_batch_runner/stage28a_exact_trades.csv,calendar_time_risk_proxy_v1,calendar_drop_friday_h13_tp06_sl065,1.3593999999999595,0.3093999999999597,-0.39060000000004,1,0,1,0,0.3093999999999597,50.37000000000012,39.94999999999982,0.3902377972465636,14.970000000000027,0.2077488309953169,4.800000000000182,9.180500000000029,0.988,-1.0,,,13,3,5.0,2023
2023-05-05 22:45:00+00:00|1.0|calendar_drop_friday_h13_tp06_sl065,2023-05-05 22:45:00+00:00,STAGE28A,data/reports/stage28a_discovery_factory_batch_runner/stage28a_exact_trades.csv,calendar_time_risk_proxy_v1,calendar_drop_friday_h13_tp06_sl065,-0.35,-1.4,-2.1,0,0,0,0,1.4,47.87999999999988,7.529999999999973,0.10092961487380694,13.800000000000182,0.8630434782608641,3.2100000000000364,6.204000000000031,0.824,1.0,,,13,4,5.0,2023
2023-05-08 13:00:00+00:00|-1.0|calendar_drop_friday_h13_tp06_sl065,2023-05-08 13:00:00+00:00,STAGE28A,data/reports/stage28a_discovery_factory_batch_runner/stage28a_exact_trades.csv,calendar_time_risk_proxy_v1,calendar_drop_friday_h13_tp06_sl065,0.6379000000000815,-0.4120999999999184,-1.1120999999999182,0,0,0,0,0.4120999999999184,3.8199999999999363,9.689999999999827,0.8926728586171329,4.629999999999882,0.12526997840176446,2.2200000000000273,3.9744999999999777,0.108,-1.0,,,13,0,5.0,2023
2023-05-09 13:00:00+00:00|1.0|calendar_drop_friday_h13_tp06_sl065,2023-05-09 13:00:00+00:00,STAGE28A,data/reports/stage28a_discovery_factory_batch_runner/stage28a_exact_trades.csv,calendar_time_risk_proxy_v1,calendar_drop_friday_h13_tp06_sl065,0.8155000000000655,-0.2344999999999344,-0.9344999999999342,0,0,0,0,0.2344999999999344,15.129999999999882,5.400000000000091,0.4944444444444075,7.330000000000155,0.46248294679400115,3.5299999999999727,3.223000000000036,0.028,1.0,,,13,1,5.0,2023
2023-05-10 13:00:00+00:00|-1.0|calendar_drop_friday_h13_tp06_sl065,2023-05-10 13:00:00+00:00,STAGE28A,data/reports/stage28a_discovery_factory_batch_runner/stage28a_exact_trades.csv,calendar_time_risk_proxy_v1,calendar_drop_friday_h13_tp06_sl065,-1.6006000000000769,-2.6506000000000767,-3.3506000000000764,0,0,0,0,2.6506000000000767,18.029999999999973,7.679999999999836,0.5572916666667046,6.680000000000064,0.39371257485027794,2.0,3.263000000000011,0.052,-1.0,,,13,2,5.0,2023
2023-05-11 13:00:00+00:00|-1.0|calendar_drop_friday_h13_tp06_sl065,2023-05-11 13:00:00+00:00,STAGE28A,data/reports/stage28a_discovery_factory_batch_runner/stage28a_exact_trades.csv,calendar_time_risk_proxy_v1,calendar_drop_friday_h13_tp06_sl065,1.2196000000000369,0.1696000000000368,-0.5303999999999629,1,0,1,0,0.1696000000000368,26.679999999999836,7.099999999999909,0.10563380281690277,11.410000000000082,0.47414548641542886,6.420000000000073,4.1474999999999795,0.308,-1.0,,,13,3,5.0,2023
2023-05-12 22:45:00+00:00|1.0|calendar_drop_friday_h13_tp06_sl065,2023-05-12 22:45:00+00:00,STAGE28A,data/reports/stage28a_discovery_factory_batch_runner/stage28a_exact_trades.csv,calendar_time_risk_proxy_v1,calendar_drop_friday_h13_tp06_sl065,0.7533999999999651,-0.2966000000000348,-0.9966000000000346,0,0,0,0,0.2966000000000348,30.1400000000001,8.960000000000036,0.4832589285714185,11.710000000000036,0.7532023911186941,1.8299999999999272,4.8720000000000026,0.532,1.0,,,13,4,5.0,2023
2023-05-15 13:00:00+00:00|1.0|calendar_drop_friday_h13_tp06_sl065,2023-05-15 13:00:00+00:00,STAGE28A,data/reports/stage28a_discovery_factory_batch_runner/stage28a_exact_trades.csv,calendar_time_risk_proxy_v1,calendar_drop_friday_h13_tp06_sl065,-1.612625000000071,-2.662625000000071,-3.3626250000000706,0,0,0,0,2.662625000000071,4.789999999999964,11.710000000000036,0.2613151152860748,7.720000000000027,0.3121761658031183,2.740000000000009,3.9409999999999967,0.288,1.0,,,13,0,5.0,2023
2023-05-16 13:00:00+00:00|-1.0|calendar_drop_friday_h13_tp06_sl065,2023-05-16 13:00:00+00:00,STAGE28A,data/reports/stage28a_discovery_factory_batch_runner/stage28a_exact_trades.csv,calendar_time_risk_proxy_v1,calendar_drop_friday_h13_tp06_sl065,0.9205000000000836,-0.1294999999999162,-0.829499999999916,0,0,0,0,0.1294999999999162,15.009999999999991,4.600000000000136,0.21521739130434342,15.0,0.49066666666666,1.4200000000000728,3.2670000000000186,0.064,-1.0,,,13,1,5.0,2023
2023-05-17 13:00:00+00:00|-1.0|calendar_drop_friday_h13_tp06_sl065,2023-05-17 13:00:00+00:00,STAGE28A,data/reports/stage28a_discovery_factory_batch_runner/stage28a_exact_trades.csv,calendar_time_risk_proxy_v1,calendar_drop_friday_h13_tp06_sl065,0.7644999999999073,-0.2855000000000927,-0.9855000000000924,0,0,0,0,0.2855000000000927,32.789999999999964,5.0,0.25599999999999457,8.180000000000064,0.892420537897298,2.25,3.4830000000000156,0.132,-1.0,,,13,2,5.0,2023
2023-05-18 13:00:00+00:00|-1.0|calendar_drop_friday_h13_tp06_sl065,2023-05-18 13:00:00+00:00,STAGE28A,data/reports/stage28a_discovery_factory_batch_runner/stage28a_exact_trades.csv,calendar_time_risk_proxy_v1,calendar_drop_friday_h13_tp06_sl065,0.9226000000000112,-0.1273999999999886,-0.8273999999999884,0,0,0,0,0.1273999999999886,17.950000000000045,5.4099999999998545,0.13308687615523462,10.519999999999982,0.4591254752851866,2.910000000000082,3.3850000000000136,0.104,-1.0,,,13,3,5.0,2023
2023-05-19 22:45:00+00:00|1.0|calendar_drop_friday_h13_tp06_sl065,2023-05-19 22:45:00+00:00,STAGE28A,data/reports/stage28a_discovery_factory_batch_runner/stage28a_exact_trades.csv,calendar_time_risk_proxy_v1,calendar_drop_friday_h13_tp06_sl065,-0.35,-1.4,-2.1,0,0,0,0,1.4,33.97999999999979,9.659999999999854,0.4906832298136729,8.100000000000136,0.5469135802469123,6.410000000000082,5.492499999999995,0.82,1.0,,,13,4,5.0,2023
2023-05-22 13:00:00+00:00|1.0|calendar_drop_friday_h13_tp06_sl065,2023-05-22 13:00:00+00:00,STAGE28A,data/reports/stage28a_discovery_factory_batch_runner/stage28a_exact_trades.csv,calendar_time_risk_proxy_v1,calendar_drop_friday_h13_tp06_sl065,0.9670000000000072,-0.0829999999999926,-0.7829999999999924,0,0,0,0,0.0829999999999926,4.360000000000127,6.099999999999909,0.3639344262295181,11.349999999999909,0.16123348017620634,3.3199999999999363,5.224000000000013,0.78,1.0,,,13,0,5.0,2023
2023-05-23 13:00:00+00:00|-1.0|calendar_drop_friday_h13_tp06_sl065,2023-05-23 13:00:00+00:00,STAGE28A,data/reports/stage28a_discovery_factory_batch_runner/stage28a_exact_trades.csv,calendar_time_risk_proxy_v1,calendar_drop_friday_h13_tp06_sl065,-1.910649999999896,-2.960649999999896,-3.660649999999896,0,0,0,0,2.960649999999896,13.670000000000073,12.319999999999936,0.6915584415584437,10.339999999999918,0.5483558994197406,4.3900000000001,4.175499999999988,0.504,-1.0,,,13,1,5.0,2023
2023-05-24 13:00:00+00:00|-1.0|calendar_drop_friday_h13_tp06_sl065,2023-05-24 13:00:00+00:00,STAGE28A,data/reports/stage28a_discovery_factory_batch_runner/stage28a_exact_trades.csv,calendar_time_risk_proxy_v1,calendar_drop_friday_h13_tp06_sl065,-2.011399999999958,-3.0613999999999577,-3.761399999999957,0,0,0,0,3.0613999999999577,23.449999999999818,4.529999999999973,0.0883002207505223,9.820000000000164,0.036659877800396534,3.199999999999818,3.878999999999985,0.28,-1.0,,,13,2,5.0,2023
2023-05-25 13:00:00+00:00|1.0|calendar_drop_friday_h13_tp06_sl065,2023-05-25 13:00:00+00:00,STAGE28A,data/reports/stage28a_discovery_factory_batch_runner/stage28a_exact_trades.csv,calendar_time_risk_proxy_v1,calendar_drop_friday_h13_tp06_sl065,0.84399999999996,-0.2060000000000399,-0.9060000000000396,0,0,0,0,0.2060000000000399,28.560000000000173,6.789999999999964,0.5729013254786629,9.850000000000136,0.39187817258884,3.509999999999991,4.429500000000007,0.536,1.0,,,13,3,5.0,2023
2023-05-26 22:45:00+00:00|1.0|calendar_drop_friday_h13_tp06_sl065,2023-05-26 22:45:00+00:00,STAGE28A,data/reports/stage28a_discovery_factory_batch_runner/stage28a_exact_trades.csv,calendar_time_risk_proxy_v1,calendar_drop_friday_h13_tp06_sl065,-0.35,-1.4,-2.1,0,0,0,0,1.4,25.910000000000082,12.120000000000118,0.5140264026402606,10.289999999999964,0.5053449951409197,2.4600000000000364,4.622500000000002,0.62,1.0,,,13,4,5.0,2023
2023-05-29 13:00:00+00:00|-1.0|calendar_drop_friday_h13_tp06_sl065,2023-05-29 13:00:00+00:00,STAGE28A,data/reports/stage28a_discovery_factory_batch_runner/stage28a_exact_trades.csv,calendar_time_risk_proxy_v1,calendar_drop_friday_h13_tp06_sl065,0.5097999999999502,-0.5402000000000498,-1.2402000000000497,0,0,0,0,0.5402000000000498,5.179999999999836,5.929999999999836,0.2698145025295414,8.11999999999989,0.0443349753694464,1.9300000000000637,3.5189999999999713,0.084,-1.0,,,13,0,5.0,2023
2023-05-30 13:00:00+00:00|1.0|calendar_drop_friday_h13_tp06_sl065,2023-05-30 13:00:00+00:00,STAGE28A,data/reports/stage28a_discovery_factory_batch_runner/stage28a_exact_trades.csv,calendar_time_risk_proxy_v1,calendar_drop_friday_h13_tp06_sl065,-2.4205749999999626,-3.4705749999999624,-4.170574999999962,0,0,0,1,3.4705749999999624,9.490000000000009,7.379999999999882,0.4878048780488068,21.039999999999964,0.6416349809885943,10.600000000000136,3.56099999999999,0.18,1.0,,,13,1,5.0,2023
2023-05-31 13:00:00+00:00|-1.0|calendar_drop_friday_h13_tp06_sl065,2023-05-31 13:00:00+00:00,STAGE28A,data/reports/stage28a_discovery_factory_batch_runner/stage28a_exact_trades.csv,calendar_time_risk_proxy_v1,calendar_drop_friday_h13_tp06_sl065,1.125400000000036,0.0754000000000361,-0.6245999999999636,1,0,0,0,0.0754000000000361,31.529999999999973,6.8400000000001455,0.07748538011695343,10.319999999999936,0.06395348837210135,5.139999999999873,3.6284999999999967,0.176,-1.0,,,13,2,5.0,2023
2023-06-01 13:00:00+00:00|-1.0|calendar_drop_friday_h13_tp06_sl065,2023-06-01 13:00:00+00:00,STAGE28A,data/reports/stage28a_discovery_factory_batch_runner/stage28a_exact_trades.csv,calendar_time_risk_proxy_v1,calendar_drop_friday_h13_tp06_sl065,-1.5151249999999892,-2.565124999999989,-3.2651249999999887,0,0,0,0,2.565124999999989,21.13000000000011,5.470000000000027,0.40036563071298786,12.440000000000055,0.31511254019291224,5.370000000000118,4.007000000000028,0.324,-1.0,,,13,3,6.0,2023
2023-06-02 22:45:00+00:00|1.0|calendar_drop_friday_h13_tp06_sl065,2023-06-02 22:45:00+00:00,STAGE28A,data/reports/stage28a_discovery_factory_batch_runner/stage28a_exact_trades.csv,calendar_time_risk_proxy_v1,calendar_drop_friday_h13_tp06_sl065,-0.35,-1.4,-2.1,0,0,0,0,1.4,29.720000000000027,9.389999999999873,0.55271565495209,7.849999999999909,0.2496815286624279,2.009999999999991,4.710999999999979,0.672,1.0,,,13,4,6.0,2023
2023-06-05 13:00:00+00:00|-1.0|calendar_drop_friday_h13_tp06_sl065,2023-06-05 13:00:00+00:00,STAGE28A,data/reports/stage28a_discovery_factory_batch_runner/stage28a_exact_trades.csv,calendar_time_risk_proxy_v1,calendar_drop_friday_h13_tp06_sl065,-1.7796750000000885,-2.8296750000000883,-3.529675000000088,0,0,0,0,2.8296750000000883,3.5399999999999636,6.1099999999999,0.2929623567921429,8.799999999999955,0.2590909090909073,5.669999999999845,4.006000000000017,0.276,-1.0,,,13,0,6.0,2023
2023-06-06 13:00:00+00:00|1.0|calendar_drop_friday_h13_tp06_sl065,2023-06-06 13:00:00+00:00,STAGE28A,data/reports/stage28a_discovery_factory_batch_runner/stage28a_exact_trades.csv,calendar_time_risk_proxy_v1,calendar_drop_friday_h13_tp06_sl065,0.8967999999998938,-0.1532000000001061,-0.8532000000001059,0,0,0,0,0.1532000000001061,25.87000000000012,5.519999999999982,0.5851449275362371,6.670000000000073,0.4692653673163531,3.3199999999999363,3.434999999999968,0.12,1.0,,,13,1,6.0,2023
2023-06-07 13:00:00+00:00|-1.0|calendar_drop_friday_h13_tp06_sl065,2023-06-07 13:00:00+00:00,STAGE28A,data/reports/stage28a_discovery_factory_batch_runner/stage28a_exact_trades.csv,calendar_time_risk_proxy_v1,calendar_drop_friday_h13_tp06_sl065,-1.6233499999999368,-2.6733499999999366,-3.3733499999999363,0,0,0,0,2.6733499999999366,11.980000000000018,3.9199999999998454,0.08673469387753356,10.009999999999991,0.11288711288712389,3.160000000000082,2.9924999999999953,0.092,-1.0,,,13,2,6.0,2023
2023-06-08 13:00:00+00:00|1.0|calendar_drop_friday_h13_tp06_sl065,2023-06-08 13:00:00+00:00,STAGE28A,data/reports/stage28a_discovery_factory_batch_runner/stage28a_exact_trades.csv,calendar_time_risk_proxy_v1,calendar_drop_friday_h13_tp06_sl065,0.7402000000000953,-0.3097999999999046,-1.0097999999999043,0,0,0,0,0.3097999999999046,30.329999999999927,7.440000000000055,0.5349462365591383,6.319999999999936,0.011075949367078645,2.8599999999999,4.110500000000013,0.452,1.0,,,13,3,6.0,2023
2023-06-09 22:45:00+00:00|1.0|calendar_drop_friday_h13_tp06_sl065,2023-06-09 22:45:00+00:00,STAGE28A,data/reports/stage28a_discovery_factory_batch_runner/stage28a_exact_trades.csv,calendar_time_risk_proxy_v1,calendar_drop_friday_h13_tp06_sl065,-0.35,-1.4,-2.1,0,0,0,0,1.4,30.90000000000009,3.25,0.7046153846153734,5.440000000000055,0.34191176470590234,1.9200000000000728,3.4049999999999954,0.236,1.0,,,13,4,6.0,2023
2023-06-12 13:00:00+00:00|1.0|calendar_drop_friday_h13_tp06_sl065,2023-06-12 13:00:00+00:00,STAGE28A,data/reports/stage28a_discovery_factory_batch_runner/stage28a_exact_trades.csv,calendar_time_risk_proxy_v1,calendar_drop_friday_h13_tp06_sl065,-1.5219499999999244,-2.571949999999924,-3.271949999999924,0,0,0,0,2.571949999999924,1.740000000000009,6.239999999999782,0.06891025641026903,9.049999999999955,0.7502762430939224,1.9400000000000546,3.109499999999957,0.148,1.0,,,13,0,6.0,2023
2023-06-13 13:00:00+00:00|1.0|calendar_drop_friday_h13_tp06_sl065,2023-06-13 13:00:00+00:00,STAGE28A,data/reports/stage28a_discovery_factory_batch_runner/stage28a_exact_trades.csv,calendar_time_risk_proxy_v1,calendar_drop_friday_h13_tp06_sl065,-1.449474999999984,-2.499474999999984,-3.199474999999984,0,0,0,0,2.499474999999984,17.7800000000002,6.210000000000036,0.6070853462157745,7.149999999999864,0.1706293706293777,1.900000000000091,3.1184999999999716,0.112,1.0,,,13,1,6.0,2023
2023-06-14 13:00:00+00:00|1.0|calendar_drop_friday_h13_tp06_sl065,2023-06-14 13:00:00+00:00,STAGE28A,data/reports/stage28a_discovery_factory_batch_runner/stage28a_exact_trades.csv,calendar_time_risk_proxy_v1,calendar_drop_friday_h13_tp06_sl065,-1.540149999999903,-2.590149999999903,-3.290149999999903,0,0,0,0,2.590149999999903,30.730000000000018,7.240000000000009,0.7223756906077364,7.639999999999873,0.2683246073298414,3.0399999999999636,3.581500000000017,0.256,1.0,,,13,2,6.0,2023
2023-06-15 13:00:00+00:00|-1.0|calendar_drop_friday_h13_tp06_sl065,2023-06-15 13:00:00+00:00,STAGE28A,data/reports/stage28a_discovery_factory_batch_runner/stage28a_exact_trades.csv,calendar_time_risk_proxy_v1,calendar_drop_friday_h13_tp06_sl065,-2.0611250000000383,-3.111125000000038,-3.811125000000038,0,0,0,1,3.111125000000038,20.580000000000155,12.930000000000064,0.713070378963649,10.7800000000002,0.09090909090909091,5.059999999999945,5.140999999999986,0.956,-1.0,,,13,3,6.0,2023
2023-06-16 22:45:00+00:00|1.0|calendar_drop_friday_h13_tp06_sl065,2023-06-16 22:45:00+00:00,STAGE28A,data/reports/stage28a_discovery_factory_batch_runner/stage28a_exact_trades.csv,calendar_time_risk_proxy_v1,calendar_drop_friday_h13_tp06_sl065,-0.35,-1.4,-2.1,0,0,0,0,1.4,35.600000000000136,6.8900000000001,0.27576197387519064,10.069999999999936,0.7636544190665445,1.8500000000001364,4.161500000000023,0.592,1.0,,,13,4,6.0,2023
2023-06-19 13:00:00+00:00|1.0|calendar_drop_friday_h13_tp06_sl065,2023-06-19 13:00:00+00:00,STAGE28A,data/reports/stage28a_discovery_factory_batch_runner/stage28a_exact_trades.csv,calendar_time_risk_proxy_v1,calendar_drop_friday_h13_tp06_sl065,-1.419250000000011,-2.469250000000011,-3.1692500000000106,0,0,0,0,2.469250000000011,3.0699999999999363,4.7199999999998,0.5127118644068168,8.539999999999964,0.6217798594847738,6.4500000000000455,3.606999999999971,0.284,1.0,,,13,0,6.0,2023
2023-06-20 13:00:00+00:00|1.0|calendar_drop_friday_h13_tp06_sl065,2023-06-20 13:00:00+00:00,STAGE28A,data/reports/stage28a_discovery_factory_batch_runner/stage28a_exact_trades.csv,calendar_time_risk_proxy_v1,calendar_drop_friday_h13_tp06_sl065,0.7267000000000735,-0.3232999999999264,-1.0232999999999262,0,0,0,0,0.3232999999999264,10.899999999999864,9.029999999999973,0.2159468438538263,9.8900000000001,0.2517694641051551,2.3500000000001364,2.943000000000029,0.128,1.0,,,13,1,6.0,2023
2023-06-21 13:00:00+00:00|-1.0|calendar_drop_friday_h13_tp06_sl065,2023-06-21 13:00:00+00:00,STAGE28A,data/reports/stage28a_discovery_factory_batch_runner/stage28a_exact_trades.csv,calendar_time_risk_proxy_v1,calendar_drop_friday_h13_tp06_sl065,-1.619125000000031,-2.669125000000031,-3.3691250000000306,0,0,0,0,2.669125000000031,26.99000000000001,4.149999999999864,0.10843373493977355,6.149999999999864,0.6065040650406668,3.759999999999991,2.8664999999999736,0.096,-1.0,,,13,2,6.0,2023
2023-06-22 13:00:00+00:00|-1.0|calendar_drop_friday_h13_tp06_sl065,2023-06-22 13:00:00+00:00,STAGE28A,data/reports/stage28a_discovery_factory_batch_runner/stage28a_exact_trades.csv,calendar_time_risk_proxy_v1,calendar_drop_friday_h13_tp06_sl065,0.8703999999999269,-0.179600000000073,-0.8796000000000728,0,0,0,0,0.179600000000073,20.25,3.459999999999809,0.2687861271676633,8.180000000000064,0.46210268948654565,3.230000000000018,3.4029999999999747,0.24,-1.0,,,13,3,6.0,2023
2023-06-23 22:45:00+00:00|1.0|calendar_drop_friday_h13_tp06_sl065,2023-06-23 22:45:00+00:00,STAGE28A,data/reports/stage28a_discovery_factory_batch_runner/stage28a_exact_trades.csv,calendar_time_risk_proxy_v1,calendar_drop_friday_h13_tp06_sl065,-0.35,-1.4,-2.1,0,0,0,0,1.4,22.579999999999927,6.009999999999991,0.21630615640598277,7.990000000000009,0.6958698372966131,1.6099999999999,4.291999999999985,0.764,1.0,,,13,4,6.0,2023
2023-06-26 13:00:00+00:00|1.0|calendar_drop_friday_h13_tp06_sl065,2023-06-26 13:00:00+00:00,STAGE28A,data/reports/stage28a_discovery_factory_batch_runner/stage28a_exact_trades.csv,calendar_time_risk_proxy_v1,calendar_drop_friday_h13_tp06_sl065,-1.5625750000000154,-2.612575000000015,-3.312575000000015,0,0,0,0,2.612575000000015,3.490000000000009,5.870000000000118,0.12776831345825979,11.200000000000045,0.3928571428571494,3.1099999999999,3.5994999999999893,0.276,1.0,,,13,0,6.0,2023
2023-06-27 13:00:00+00:00|-1.0|calendar_drop_friday_h13_tp06_sl065,2023-06-27 13:00:00+00:00,STAGE28A,data/reports/stage28a_discovery_factory_batch_runner/stage28a_exact_trades.csv,calendar_time_risk_proxy_v1,calendar_drop_friday_h13_tp06_sl065,0.5893000000000029,-0.460699999999997,-1.1606999999999967,0,0,0,0,0.460699999999997,11.819999999999936,9.349999999999909,0.4064171122994643,5.9500000000000455,0.724369747899145,1.9800000000000182,3.00150000000001,0.12,-1.0,,,13,1,6.0,2023
2023-06-28 13:00:00+00:00|-1.0|calendar_drop_friday_h13_tp06_sl065,2023-06-28 13:00:00+00:00,STAGE28A,data/reports/stage28a_discovery_factory_batch_runner/stage28a_exact_trades.csv,calendar_time_risk_proxy_v1,calendar_drop_friday_h13_tp06_sl065,0.8074000000000524,-0.2425999999999475,-0.9425999999999471,0,0,0,0,0.2425999999999475,19.659999999999854,3.949999999999818,0.05822784810127311,9.480000000000018,0.8280590717299466,4.790000000000191,3.394500000000039,0.224,-1.0,,,13,2,6.0,2023
2023-06-29 13:00:00+00:00|1.0|calendar_drop_friday_h13_tp06_sl065,2023-06-29 13:00:00+00:00,STAGE28A,data/reports/stage28a_discovery_factory_batch_runner/stage28a_exact_trades.csv,calendar_time_risk_proxy_v1,calendar_drop_friday_h13_tp06_sl065,-1.5440500000000612,-2.594050000000061,-3.2940500000000608,0,0,0,0,2.594050000000061,14.339999999999918,10.029999999999973,0.4386839481555437,5.619999999999891,0.03914590747331522,2.3600000000001273,3.148000000000002,0.188,1.0,,,13,3,6.0,2023
2023-06-30 22:45:00+00:00|1.0|calendar_drop_friday_h13_tp06_sl065,2023-06-30 22:45:00+00:00,STAGE28A,data/reports/stage28a_discovery_factory_batch_runner/stage28a_exact_trades.csv,calendar_time_risk_proxy_v1,calendar_drop_friday_h13_tp06_sl065,-0.35,-1.4,-2.1,0,0,0,0,1.4,20.1099999999999,2.660000000000082,0.037593984962456146,9.329999999999927,0.33976420150054637,1.509999999999991,3.5249999999999773,0.4,1.0,,,13,4,6.0,2023
2023-07-03 13:00:00+00:00|-1.0|calendar_drop_friday_h13_tp06_sl065,2023-07-03 13:00:00+00:00,STAGE28A,data/reports/stage28a_discovery_factory_batch_runner/stage28a_exact_trades.csv,calendar_time_risk_proxy_v1,calendar_drop_friday_h13_tp06_sl065,0.6889000000000124,-0.3610999999999875,-1.0610999999999873,0,0,0,0,0.3610999999999875,1.1800000000000637,4.940000000000055,0.18825910931170567,10.5,0.4961904761904797,2.560000000000173,3.1415000000000077,0.2,-1.0,,,13,0,7.0,2023
2023-07-04 13:00:00+00:00|1.0|calendar_drop_friday_h13_tp06_sl065,2023-07-04 13:00:00+00:00,STAGE28A,data/reports/stage28a_discovery_factory_batch_runner/stage28a_exact_trades.csv,calendar_time_risk_proxy_v1,calendar_drop_friday_h13_tp06_sl065,-1.192399999999998,-2.2423999999999977,-2.942399999999997,0,0,0,0,2.2423999999999977,20.950000000000045,3.6399999999998727,0.4807692307692476,7.9099999999998545,0.8609355246523765,2.1099999999999,2.3639999999999874,0.004,1.0,,,13,1,7.0,2023
2023-07-05 13:00:00+00:00|1.0|calendar_drop_friday_h13_tp06_sl065,2023-07-05 13:00:00+00:00,STAGE28A,data/reports/stage28a_discovery_factory_batch_runner/stage28a_exact_trades.csv,calendar_time_risk_proxy_v1,calendar_drop_friday_h13_tp06_sl065,-1.3253249999998844,-2.375324999999884,-3.075324999999884,0,0,0,0,2.375324999999884,10.940000000000055,3.9700000000000273,0.42821158690177175,8.25,0.5624242424242546,2.269999999999982,2.3440000000000283,0.084,1.0,,,13,2,7.0,2023
2023-07-06 13:00:00+00:00|-1.0|calendar_drop_friday_h13_tp06_sl065,2023-07-06 13:00:00+00:00,STAGE28A,data/reports/stage28a_discovery_factory_batch_runner/stage28a_exact_trades.csv,calendar_time_risk_proxy_v1,calendar_drop_friday_h13_tp06_sl065,0.4921000000000731,-0.5578999999999268,-1.2578999999999263,0,0,0,0,0.5578999999999268,20.289999999999964,5.2000000000000455,0.3557692307692102,5.379999999999882,0.15055762081783702,2.8900000000001,2.8044999999999844,0.132,-1.0,,,13,3,7.0,2023
2023-07-07 22:45:00+00:00|1.0|calendar_drop_friday_h13_tp06_sl065,2023-07-07 22:45:00+00:00,STAGE28A,data/reports/stage28a_discovery_factory_batch_runner/stage28a_exact_trades.csv,calendar_time_risk_proxy_v1,calendar_drop_friday_h13_tp06_sl065,-0.35,-1.4,-2.1,0,0,0,0,1.4,24.910000000000082,2.8099999999999454,0.049822064056895154,6.5499999999999545,0.7709923664122121,1.849999999999909,4.249499999999989,0.868,1.0,,,13,4,7.0,2023
2023-07-10 13:00:00+00:00|1.0|calendar_drop_friday_h13_tp06_sl065,2023-07-10 13:00:00+00:00,STAGE28A,data/reports/stage28a_discovery_factory_batch_runner/stage28a_exact_trades.csv,calendar_time_risk_proxy_v1,calendar_drop_friday_h13_tp06_sl065,-1.353600000000006,-2.4036000000000057,-3.103600000000005,0,0,0,0,2.4036000000000057,4.289999999999964,5.559999999999945,0.3992805755395772,6.920000000000073,0.0765895953757178,3.519999999999982,3.5985000000000014,0.584,1.0,,,13,0,7.0,2023
2023-07-11 13:00:00+00:00|1.0|calendar_drop_friday_h13_tp06_sl065,2023-07-11 13:00:00+00:00,STAGE28A,data/reports/stage28a_discovery_factory_batch_runner/stage28a_exact_trades.csv,calendar_time_risk_proxy_v1,calendar_drop_friday_h13_tp06_sl065,-1.803074999999899,-2.8530749999998988,-3.5530749999998985,0,0,0,0,2.8530749999998988,15.459999999999809,4.690000000000055,0.3432835820895754,11.970000000000027,0.9598997493734321,3.4700000000000273,3.030500000000006,0.228,1.0,,,13,1,7.0,2023
2023-07-12 13:00:00+00:00|-1.0|calendar_drop_friday_h13_tp06_sl065,2023-07-12 13:00:00+00:00,STAGE28A,data/reports/stage28a_discovery_factory_batch_runner/stage28a_exact_trades.csv,calendar_time_risk_proxy_v1,calendar_drop_friday_h13_tp06_sl065,0.5295999999999822,-0.5204000000000177,-1.2204000000000177,0,0,0,0,0.5204000000000177,14.170000000000073,8.88000000000011,0.5833333333333334,6.5,0.4799999999999832,1.9500000000000455,2.4640000000000213,0.116,-1.0,,,13,2,7.0,2023
2023-07-13 13:00:00+00:00|1.0|calendar_drop_friday_h13_tp06_sl065,2023-07-13 13:00:00+00:00,STAGE28A,data/reports/stage28a_discovery_factory_batch_runner/stage28a_exact_trades.csv,calendar_time_risk_proxy_v1,calendar_drop_friday_h13_tp06_sl065,-1.4894499999998971,-2.539449999999897,-3.2394499999998967,0,0,0,0,2.539449999999897,27.560000000000173,6.690000000000055,0.38415545590432215,8.11999999999989,0.035714285714281716,1.599999999999909,3.1245000000000003,0.264,1.0,,,13,3,7.0,2023
2023-07-14 22:45:00+00:00|1.0|calendar_drop_friday_h13_tp06_sl065,2023-07-14 22:45:00+00:00,STAGE28A,data/reports/stage28a_discovery_factory_batch_runner/stage28a_exact_trades.csv,calendar_time_risk_proxy_v1,calendar_drop_friday_h13_tp06_sl065,-0.35,-1.4,-2.1,0,0,0,0,1.4,11.190000000000055,5.370000000000118,0.4897579143388871,8.259999999999991,0.7990314769975686,1.9500000000000455,3.4994999999999665,0.56,1.0,,,13,4,7.0,2023
2023-07-17 13:00:00+00:00|1.0|calendar_drop_friday_h13_tp06_sl065,2023-07-17 13:00:00+00:00,STAGE28A,data/reports/stage28a_discovery_factory_batch_runner/stage28a_exact_trades.csv,calendar_time_risk_proxy_v1,calendar_drop_friday_h13_tp06_sl065,-1.5898749999999835,-2.6398749999999835,-3.3398749999999837,0,0,0,0,2.6398749999999835,2.8300000000001546,4.990000000000009,0.1923847695390851,8.600000000000136,0.7697674418604666,4.940000000000055,3.5169999999999844,0.536,1.0,,,13,0,7.0,2023
2023-07-18 13:00:00+00:00|1.0|calendar_drop_friday_h13_tp06_sl065,2023-07-18 13:00:00+00:00,STAGE28A,data/reports/stage28a_discovery_factory_batch_runner/stage28a_exact_trades.csv,calendar_time_risk_proxy_v1,calendar_drop_friday_h13_tp06_sl065,-1.4146999999999026,-2.4646999999999024,-3.164699999999902,0,0,0,0,2.4646999999999024,14.089999999999918,6.839999999999918,0.7046783625730986,6.329999999999927,0.513428120063197,2.119999999999891,2.4560000000000057,0.124,1.0,,,13,1,7.0,2023
2023-07-19 13:00:00+00:00|1.0|calendar_drop_friday_h13_tp06_sl065,2023-07-19 13:00:00+00:00,STAGE28A,data/reports/stage28a_discovery_factory_batch_runner/stage28a_exact_trades.csv,calendar_time_risk_proxy_v1,calendar_drop_friday_h13_tp06_sl065,0.7477000000000317,-0.3022999999999682,-1.002299999999968,0,0,0,0,0.3022999999999682,30.559999999999945,4.790000000000191,0.6847599164926601,7.9500000000000455,0.21509433962264485,2.310000000000173,3.4075000000000046,0.388,1.0,,,13,2,7.0,2023
2023-07-20 13:00:00+00:00|-1.0|calendar_drop_friday_h13_tp06_sl065,2023-07-20 13:00:00+00:00,STAGE28A,data/reports/stage28a_discovery_factory_batch_runner/stage28a_exact_trades.csv,calendar_time_risk_proxy_v1,calendar_drop_friday_h13_tp06_sl065,0.8977000000001226,-0.1522999999998773,-0.852299999999877,0,0,0,0,0.1522999999998773,11.170000000000073,11.850000000000136,0.6607594936708915,7.610000000000127,0.5611038107753138,1.7699999999999818,3.2790000000000417,0.252,-1.0,,,13,3,7.0,2023
2023-07-21 22:45:00+00:00|1.0|calendar_drop_friday_h13_tp06_sl065,2023-07-21 22:45:00+00:00,STAGE28A,data/reports/stage28a_discovery_factory_batch_runner/stage28a_exact_trades.csv,calendar_time_risk_proxy_v1,calendar_drop_friday_h13_tp06_sl065,-0.35,-1.4,-2.1,0,0,0,0,1.4,22.090000000000146,3.8600000000001273,0.0984455958548884,11.100000000000136,0.5630630630630561,1.5399999999999636,3.542999999999972,0.508,1.0,,,13,4,7.0,2023
2023-07-24 13:00:00+00:00|-1.0|calendar_drop_friday_h13_tp06_sl065,2023-07-24 13:00:00+00:00,STAGE28A,data/reports/stage28a_discovery_factory_batch_runner/stage28a_exact_trades.csv,calendar_time_risk_proxy_v1,calendar_drop_friday_h13_tp06_sl065,0.816400000000067,-0.2335999999999329,-0.9335999999999328,0,0,0,0,0.2335999999999329,2.3999999999998636,3.759999999999991,0.4840425531914736,8.310000000000173,0.6413959085439283,6.720000000000027,3.1964999999999804,0.212,-1.0,,,13,0,7.0,2023
2023-07-25 13:00:00+00:00|1.0|calendar_drop_friday_h13_tp06_sl065,2023-07-25 13:00:00+00:00,STAGE28A,data/reports/stage28a_discovery_factory_batch_runner/stage28a_exact_trades.csv,calendar_time_risk_proxy_v1,calendar_drop_friday_h13_tp06_sl065,-1.612625000000071,-2.662625000000071,-3.3626250000000706,0,0,0,0,2.662625000000071,14.429999999999836,10.349999999999909,0.6434782608695568,4.730000000000018,0.12262156448201375,2.4200000000000728,2.896000000000015,0.1,1.0,,,13,1,7.0,2023
2023-07-26 13:00:00+00:00|1.0|calendar_drop_friday_h13_tp06_sl065,2023-07-26 13:00:00+00:00,STAGE28A,data/reports/stage28a_discovery_factory_batch_runner/stage28a_exact_trades.csv,calendar_time_risk_proxy_v1,calendar_drop_friday_h13_tp06_sl065,-1.2990000000000692,-2.349000000000069,-3.0490000000000688,0,0,0,0,2.349000000000069,14.290000000000191,4.230000000000018,0.14184397163118356,10.13000000000011,0.7423494570582331,1.4500000000000455,2.803500000000008,0.064,1.0,,,13,2,7.0,2023
2023-07-27 13:00:00+00:00|-1.0|calendar_drop_friday_h13_tp06_sl065,2023-07-27 13:00:00+00:00,STAGE28A,data/reports/stage28a_discovery_factory_batch_runner/stage28a_exact_trades.csv,calendar_time_risk_proxy_v1,calendar_drop_friday_h13_tp06_sl065,-1.6779500000001009,-2.7279500000001007,-3.4279500000001004,0,0,0,0,2.7279500000001007,16.339999999999918,11.230000000000018,0.40783615316118854,8.529999999999973,0.30480656506449527,4.529999999999973,4.3784999999999625,0.956,-1.0,,,13,3,7.0,2023
2023-07-28 22:45:00+00:00|1.0|calendar_drop_friday_h13_tp06_sl065,2023-07-28 22:45:00+00:00,STAGE28A,data/reports/stage28a_discovery_factory_batch_runner/stage28a_exact_trades.csv,calendar_time_risk_proxy_v1,calendar_drop_friday_h13_tp06_sl065,-0.35,-1.4,-2.1,0,0,0,0,1.4,39.559999999999945,9.389999999999873,0.7816826411075873,8.8900000000001,0.2598425196850303,1.9200000000000728,4.113000000000056,0.792,1.0,,,13,4,7.0,2023
2023-07-31 13:00:00+00:00|-1.0|calendar_drop_friday_h13_tp06_sl065,2023-07-31 13:00:00+00:00,STAGE28A,data/reports/stage28a_discovery_factory_batch_runner/stage28a_exact_trades.csv,calendar_time_risk_proxy_v1,calendar_drop_friday_h13_tp06_sl065,0.6210999999999786,-0.4289000000000214,-1.128900000000021,0,0,0,0,0.4289000000000214,2.269999999999982,6.829999999999927,0.806734992679363,6.0499999999999545,0.3884297520661036,3.8900000000001,3.086000000000058,0.136,-1.0,,,13,0,7.0,2023
2023-08-01 13:00:00+00:00|-1.0|calendar_drop_friday_h13_tp06_sl065,2023-08-01 13:00:00+00:00,STAGE28A,data/reports/stage28a_discovery_factory_batch_runner/stage28a_exact_trades.csv,calendar_time_risk_proxy_v1,calendar_drop_friday_h13_tp06_sl065,0.5259999999999764,-0.5240000000000236,-1.2240000000000233,0,0,0,0,0.5240000000000236,21.22999999999979,7.0,0.4914285714285792,7.980000000000018,0.6741854636591316,2.009999999999991,2.770000000000016,0.048,-1.0,,,13,1,8.0,2023
2023-08-02 13:00:00+00:00|1.0|calendar_drop_friday_h13_tp06_sl065,2023-08-02 13:00:00+00:00,STAGE28A,data/reports/stage28a_discovery_factory_batch_runner/stage28a_exact_trades.csv,calendar_time_risk_proxy_v1,calendar_drop_friday_h13_tp06_sl065,0.6330999999999222,-0.4169000000000777,-1.1169000000000775,0,0,0,0,0.4169000000000777,24.850000000000136,8.789999999999964,0.2104664391353975,6.620000000000118,0.055891238670711725,2.9400000000000546,3.4225000000000363,0.328,1.0,,,13,2,8.0,2023
2023-08-03 13:00:00+00:00|1.0|calendar_drop_friday_h13_tp06_sl065,2023-08-03 13:00:00+00:00,STAGE28A,data/reports/stage28a_discovery_factory_batch_runner/stage28a_exact_trades.csv,calendar_time_risk_proxy_v1,calendar_drop_friday_h13_tp06_sl065,0.7984000000000379,-0.2515999999999621,-0.9515999999999618,0,0,0,0,0.2515999999999621,21.810000000000173,5.089999999999918,0.17681728880154776,7.5,0.15333333333331514,2.3900000000001,3.321499999999992,0.232,1.0,,,13,3,8.0,2023
2023-08-04 22:45:00+00:00|1.0|calendar_drop_friday_h13_tp06_sl065,2023-08-04 22:45:00+00:00,STAGE28A,data/reports/stage28a_discovery_factory_batch_runner/stage28a_exact_trades.csv,calendar_time_risk_proxy_v1,calendar_drop_friday_h13_tp06_sl065,-0.35,-1.4,-2.1,0,0,0,0,1.4,9.400000000000091,4.379999999999882,0.052511415525119724,5.3599999999999,0.3264925373134389,2.2999999999999545,3.863499999999976,0.696,1.0,,,13,4,8.0,2023
2023-08-07 13:00:00+00:00|-1.0|calendar_drop_friday_h13_tp06_sl065,2023-08-07 13:00:00+00:00,STAGE28A,data/reports/stage28a_discovery_factory_batch_runner/stage28a_exact_trades.csv,calendar_time_risk_proxy_v1,calendar_drop_friday_h13_tp06_sl065,0.5818000000000666,-0.4681999999999333,-1.168199999999933,0,0,0,0,0.4681999999999333,4.6400000000001,8.450000000000045,0.5254437869822521,5.220000000000027,0.9501915708812281,3.400000000000091,2.9834999999999923,0.092,-1.0,,,13,0,8.0,2023
2023-08-08 13:00:00+00:00|1.0|calendar_drop_friday_h13_tp06_sl065,2023-08-08 13:00:00+00:00,STAGE28A,data/reports/stage28a_discovery_factory_batch_runner/stage28a_exact_trades.csv,calendar_time_risk_proxy_v1,calendar_drop_friday_h13_tp06_sl065,0.6789999999999964,-0.3710000000000035,-1.0710000000000033,0,0,0,0,0.3710000000000035,15.170000000000073,6.919999999999845,0.42774566473986636,5.420000000000073,0.3487084870848427,2.880000000000109,2.794000000000017,0.056,1.0,,,13,1,8.0,2023
2023-08-09 13:00:00+00:00|-1.0|calendar_drop_friday_h13_tp06_sl065,2023-08-09 13:00:00+00:00,STAGE28A,data/reports/stage28a_discovery_factory_batch_runner/stage28a_exact_trades.csv,calendar_time_risk_proxy_v1,calendar_drop_friday_h13_tp06_sl065,0.4389999999999873,-0.6110000000000126,-1.3110000000000124,0,0,0,0,0.6110000000000126,15.22999999999979,6.5900000000001455,0.7799696509863409,6.440000000000055,0.6024844720497012,2.4700000000000273,2.55300000000002,0.028,-1.0,,,13,2,8.0,2023
2023-08-10 13:00:00+00:00|1.0|calendar_drop_friday_h13_tp06_sl065,2023-08-10 13:00:00+00:00,STAGE28A,data/reports/stage28a_discovery_factory_batch_runner/stage28a_exact_trades.csv,calendar_time_risk_proxy_v1,calendar_drop_friday_h13_tp06_sl065,0.5859999999999218,-0.4640000000000781,-1.164000000000078,0,0,0,0,0.4640000000000781,18.330000000000155,4.660000000000082,0.5021459227467547,6.099999999999909,0.377049180327867,2.4600000000000364,2.702999999999997,0.048,1.0,,,13,3,8.0,2023
2023-08-11 22:45:00+00:00|1.0|calendar_drop_friday_h13_tp06_sl065,2023-08-11 22:45:00+00:00,STAGE28A,data/reports/stage28a_discovery_factory_batch_runner/stage28a_exact_trades.csv,calendar_time_risk_proxy_v1,calendar_drop_friday_h13_tp06_sl065,-0.35,-1.4,-2.1,0,0,0,0,1.4,17.99000000000001,5.129999999999882,0.3781676413255554,7.240000000000009,0.46685082872926487,1.2999999999999545,2.978999999999985,0.208,1.0,,,13,4,8.0,2023
2023-08-14 13:00:00+00:00|1.0|calendar_drop_friday_h13_tp06_sl065,2023-08-14 13:00:00+00:00,STAGE28A,data/reports/stage28a_discovery_factory_batch_runner/stage28a_exact_trades.csv,calendar_time_risk_proxy_v1,calendar_drop_friday_h13_tp06_sl065,0.5041000000000168,-0.5458999999999832,-1.245899999999983,0,0,0,0,0.5458999999999832,2.990000000000009,5.099999999999909,0.18235294117648632,5.559999999999945,0.24280575539566948,2.1800000000000637,2.765499999999997,0.1,1.0,,,13,0,8.0,2023
2023-08-15 13:00:00+00:00|-1.0|calendar_drop_friday_h13_tp06_sl065,2023-08-15 13:00:00+00:00,STAGE28A,data/reports/stage28a_discovery_factory_batch_runner/stage28a_exact_trades.csv,calendar_time_risk_proxy_v1,calendar_drop_friday_h13_tp06_sl065,0.498700000000008,-0.5512999999999919,-1.2512999999999916,0,0,0,0,0.5512999999999919,13.519999999999982,4.5,0.015555555555541408,4.460000000000036,0.5874439461883625,2.0299999999999727,2.701000000000022,0.08,-1.0,,,13,1,8.0,2023
2023-08-16 13:00:00+00:00|1.0|calendar_drop_friday_h13_tp06_sl065,2023-08-16 13:00:00+00:00,STAGE28A,data/reports/stage28a_discovery_factory_batch_runner/stage28a_exact_trades.csv,calendar_time_risk_proxy_v1,calendar_drop_friday_h13_tp06_sl065,-1.101725000000079,-2.1517250000000785,-2.8517250000000782,0,0,0,0,2.1517250000000785,15.230000000000018,5.009999999999991,0.5209580838323616,4.4500000000000455,0.45168539325842033,1.9600000000000364,2.6745000000000116,0.076,1.0,,,13,2,8.0,2023
2023-08-17 13:00:00+00:00|1.0|calendar_drop_friday_h13_tp06_sl065,2023-08-17 13:00:00+00:00,STAGE28A,data/reports/stage28a_discovery_factory_batch_runner/stage28a_exact_trades.csv,calendar_time_risk_proxy_v1,calendar_drop_friday_h13_tp06_sl065,-1.2252250000000005,-2.2752250000000003,-2.975225,0,0,0,0,2.2752250000000003,15.420000000000073,5.419999999999845,0.30442804428046827,5.570000000000164,0.45960502692995875,1.6600000000000819,2.7180000000000177,0.132,1.0,,,13,3,8.0,2023
2023-08-18 22:45:00+00:00|1.0|calendar_drop_friday_h13_tp06_sl065,2023-08-18 22:45:00+00:00,STAGE28A,data/reports/stage28a_discovery_factory_batch_runner/stage28a_exact_trades.csv,calendar_time_risk_proxy_v1,calendar_drop_friday_h13_tp06_sl065,-0.35,-1.4,-2.1,0,0,0,0,1.4,18.539999999999964,6.210000000000036,0.4541062801932238,2.9199999999998454,0.04452054794516735,1.7100000000000364,2.9175000000000297,0.292,1.0,,,13,4,8.0,2023
2023-08-21 13:00:00+00:00|-1.0|calendar_drop_friday_h13_tp06_sl065,2023-08-21 13:00:00+00:00,STAGE28A,data/reports/stage28a_discovery_factory_batch_runner/stage28a_exact_trades.csv,calendar_time_risk_proxy_v1,calendar_drop_friday_h13_tp06_sl065,0.5644000000001143,-0.4855999999998857,-1.1855999999998854,0,0,0,0,0.4855999999998857,2.060000000000173,8.830000000000155,0.15288788221971833,6.619999999999891,0.32326283987917453,2.6200000000001182,2.987000000000023,0.408,-1.0,,,13,0,8.0,2023
2023-08-22 13:00:00+00:00|1.0|calendar_drop_friday_h13_tp06_sl065,2023-08-22 13:00:00+00:00,STAGE28A,data/reports/stage28a_discovery_factory_batch_runner/stage28a_exact_trades.csv,calendar_time_risk_proxy_v1,calendar_drop_friday_h13_tp06_sl065,-1.4303000000000794,-2.480300000000079,-3.180300000000079,0,0,0,0,2.480300000000079,14.160000000000082,3.6100000000001273,0.2576177285318645,9.980000000000018,0.6863727454909716,4.329999999999927,2.81700000000003,0.224,1.0,,,13,1,8.0,2023
2023-08-23 13:00:00+00:00|1.0|calendar_drop_friday_h13_tp06_sl065,2023-08-23 13:00:00+00:00,STAGE28A,data/reports/stage28a_discovery_factory_batch_runner/stage28a_exact_trades.csv,calendar_time_risk_proxy_v1,calendar_drop_friday_h13_tp06_sl065,-1.3588000000000648,-2.4088000000000647,-3.1088000000000644,0,0,0,0,2.4088000000000647,15.450000000000045,5.879999999999882,0.6309523809523998,4.910000000000082,0.25050916496944964,3.3500000000001364,2.1565000000000283,0.004,1.0,,,13,2,8.0,2023
2023-08-24 13:00:00+00:00|-1.0|calendar_drop_friday_h13_tp06_sl065,2023-08-24 13:00:00+00:00,STAGE28A,data/reports/stage28a_discovery_factory_batch_runner/stage28a_exact_trades.csv,calendar_time_risk_proxy_v1,calendar_drop_friday_h13_tp06_sl065,0.53799999999992,-0.51200000000008,-1.2120000000000797,0,0,0,0,0.51200000000008,23.429999999999836,6.710000000000036,0.5722801788375744,3.6400000000001,0.36263736263739765,1.7100000000000364,2.21899999999996,0.024,-1.0,,,13,3,8.0,2023
2023-08-25 22:45:00+00:00|1.0|calendar_drop_friday_h13_tp06_sl065,2023-08-25 22:45:00+00:00,STAGE28A,data/reports/stage28a_discovery_factory_batch_runner/stage28a_exact_trades.csv,calendar_time_risk_proxy_v1,calendar_drop_friday_h13_tp06_sl065,-0.35,-1.4,-2.1,0,0,0,0,1.4,11.639999999999873,4.470000000000027,0.7919463087248192,5.199999999999818,0.5307692307692475,2.8199999999999363,3.509000000000026,0.952,1.0,,,13,4,8.0,2023
2023-08-28 13:00:00+00:00|-1.0|calendar_drop_friday_h13_tp06_sl065,2023-08-28 13:00:00+00:00,STAGE28A,data/reports/stage28a_discovery_factory_batch_runner/stage28a_exact_trades.csv,calendar_time_risk_proxy_v1,calendar_drop_friday_h13_tp06_sl065,-1.113099999999895,-2.1630999999998948,-2.8630999999998945,0,0,0,0,2.1630999999998948,1.490000000000009,3.0700000000001637,0.4364820846905038,4.259999999999991,0.5023474178403468,1.8199999999999363,3.1135000000000104,0.524,-1.0,,,13,0,8.0,2023
2023-08-29 13:00:00+00:00|-1.0|calendar_drop_friday_h13_tp06_sl065,2023-08-29 13:00:00+00:00,STAGE28A,data/reports/stage28a_discovery_factory_batch_runner/stage28a_exact_trades.csv,calendar_time_risk_proxy_v1,calendar_drop_friday_h13_tp06_sl065,-1.1004249999999502,-2.15042499999995,-2.85042499999995,0,0,0,0,2.15042499999995,13.430000000000064,6.25,0.7584000000000014,3.9300000000000637,0.2646310432569839,1.9200000000000728,2.336000000000047,0.092,-1.0,,,13,1,8.0,2023
2023-08-30 13:00:00+00:00|-1.0|calendar_drop_friday_h13_tp06_sl065,2023-08-30 13:00:00+00:00,STAGE28A,data/reports/stage28a_discovery_factory_batch_runner/stage28a_exact_trades.csv,calendar_time_risk_proxy_v1,calendar_drop_friday_h13_tp06_sl065,-1.1221999999998844,-2.172199999999884,-2.872199999999884,0,0,0,0,2.172199999999884,23.829999999999927,2.2799999999999727,0.17543859649127005,3.75,0.3466666666666545,2.8200000000001637,2.5104999999999906,0.164,-1.0,,,13,2,8.0,2023
2023-08-31 13:00:00+00:00|-1.0|calendar_drop_friday_h13_tp06_sl065,2023-08-31 13:00:00+00:00,STAGE28A,data/reports/stage28a_discovery_factory_batch_runner/stage28a_exact_trades.csv,calendar_time_risk_proxy_v1,calendar_drop_friday_h13_tp06_sl065,-0.9866749999999684,-2.0366749999999683,-2.736674999999968,0,0,0,0,2.0366749999999683,14.009999999999991,6.100000000000136,0.08360655737704582,3.089999999999918,0.11650485436890275,1.4800000000000182,1.9180000000000177,0.016,-1.0,,,13,3,8.0,2023
2023-09-01 22:45:00+00:00|1.0|calendar_drop_friday_h13_tp06_sl065,2023-09-01 22:45:00+00:00,STAGE28A,data/reports/stage28a_discovery_factory_batch_runner/stage28a_exact_trades.csv,calendar_time_risk_proxy_v1,calendar_drop_friday_h13_tp06_sl065,-0.35,-1.4,-2.1,0,0,0,0,1.4,8.789999999999964,5.3900000000001,0.20222634508351117,6.300000000000182,0.8380952380952096,0.9299999999998363,3.377999999999986,0.892,1.0,,,13,4,9.0,2023
2023-09-04 13:00:00+00:00|-1.0|calendar_drop_friday_h13_tp06_sl065,2023-09-04 13:00:00+00:00,STAGE28A,data/reports/stage28a_discovery_factory_batch_runner/stage28a_exact_trades.csv,calendar_time_risk_proxy_v1,calendar_drop_friday_h13_tp06_sl065,0.3150999999999385,-0.7349000000000614,-1.4349000000000611,0,0,0,0,0.7349000000000614,1.0,6.720000000000027,0.8005952380952173,5.430000000000064,0.7219152854511601,3.410000000000082,2.390000000000009,0.204,-1.0,,,13,0,9.0,2023
2023-09-05 13:00:00+00:00|-1.0|calendar_drop_friday_h13_tp06_sl065,2023-09-05 13:00:00+00:00,STAGE28A,data/reports/stage28a_discovery_factory_batch_runner/stage28a_exact_trades.csv,calendar_time_risk_proxy_v1,calendar_drop_friday_h13_tp06_sl065,0.4222000000001117,-0.6277999999998882,-1.327799999999888,0,0,0,0,0.6277999999998882,9.470000000000027,3.8600000000001273,0.3056994818652914,8.319999999999936,0.7439903846153696,2.9200000000000728,1.7990000000000124,0.064,-1.0,,,13,1,9.0,2023
2023-09-06 13:00:00+00:00|-1.0|calendar_drop_friday_h13_tp06_sl065,2023-09-06 13:00:00+00:00,STAGE28A,data/reports/stage28a_discovery_factory_batch_runner/stage28a_exact_trades.csv,calendar_time_risk_proxy_v1,calendar_drop_friday_h13_tp06_sl065,0.4966000000000804,-0.5533999999999195,-1.2533999999999192,0,0,0,0,0.5533999999999195,13.569999999999936,2.7200000000000273,0.05882352941179421,5.8599999999999,0.2030716723549616,2.759999999999991,1.8785000000000196,0.092,-1.0,,,13,2,9.0,2023
2023-09-07 13:00:00+00:00|-1.0|calendar_drop_friday_h13_tp06_sl065,2023-09-07 13:00:00+00:00,STAGE28A,data/reports/stage28a_discovery_factory_batch_runner/stage28a_exact_trades.csv,calendar_time_risk_proxy_v1,calendar_drop_friday_h13_tp06_sl065,0.3226000000001022,-0.7273999999998977,-1.4273999999998974,0,0,0,0,0.7273999999998977,13.889999999999873,4.419999999999845,0.5769230769230869,3.400000000000091,0.03529411764709266,1.9500000000000455,2.5085000000000037,0.464,-1.0,,,13,3,9.0,2023
2023-09-08 22:45:00+00:00|1.0|calendar_drop_friday_h13_tp06_sl065,2023-09-08 22:45:00+00:00,STAGE28A,data/reports/stage28a_discovery_factory_batch_runner/stage28a_exact_trades.csv,calendar_time_risk_proxy_v1,calendar_drop_friday_h13_tp06_sl065,-0.35,-1.4,-2.1,0,0,0,0,1.4,7.3599999999999,8.149999999999864,0.6343558282208506,3.8600000000001273,0.07512953367874457,2.2899999999999636,2.8845000000000143,0.724,1.0,,,13,4,9.0,2023
2023-09-11 13:00:00+00:00|1.0|calendar_drop_friday_h13_tp06_sl065,2023-09-11 13:00:00+00:00,STAGE28A,data/reports/stage28a_discovery_factory_batch_runner/stage28a_exact_trades.csv,calendar_time_risk_proxy_v1,calendar_drop_friday_h13_tp06_sl065,0.5338000000000648,-0.5161999999999352,-1.2161999999999349,0,0,0,0,0.5161999999999352,2.5599999999999454,7.430000000000064,0.6850605652759222,7.740000000000009,0.2777777777777598,2.6800000000000637,2.819999999999993,0.692,1.0,,,13,0,9.0,2023
2023-09-12 13:00:00+00:00|-1.0|calendar_drop_friday_h13_tp06_sl065,2023-09-12 13:00:00+00:00,STAGE28A,data/reports/stage28a_discovery_factory_batch_runner/stage28a_exact_trades.csv,calendar_time_risk_proxy_v1,calendar_drop_friday_h13_tp06_sl065,0.2269000000000233,-0.8230999999999766,-1.5230999999999764,0,0,0,0,0.8230999999999766,14.0,4.029999999999973,0.2853598014888018,5.920000000000073,0.7854729729729403,1.4700000000000273,2.043000000000018,0.164,-1.0,,,13,1,9.0,2023
2023-09-13 13:00:00+00:00|1.0|calendar_drop_friday_h13_tp06_sl065,2023-09-13 13:00:00+00:00,STAGE28A,data/reports/stage28a_discovery_factory_batch_runner/stage28a_exact_trades.csv,calendar_time_risk_proxy_v1,calendar_drop_friday_h13_tp06_sl065,0.3544000000000779,-0.6955999999999221,-1.3955999999999218,0,0,0,0,0.6955999999999221,16.910000000000082,5.6400000000001,0.6790780141843722,4.369999999999891,0.3729977116705148,1.7200000000000273,2.210000000000048,0.224,1.0,,,13,2,9.0,2023
2023-09-14 13:00:00+00:00|-1.0|calendar_drop_friday_h13_tp06_sl065,2023-09-14 13:00:00+00:00,STAGE28A,data/reports/stage28a_discovery_factory_batch_runner/stage28a_exact_trades.csv,calendar_time_risk_proxy_v1,calendar_drop_friday_h13_tp06_sl065,0.3051999999999225,-0.7448000000000774,-1.4448000000000771,0,0,0,0,0.7448000000000774,10.190000000000055,5.3599999999999,0.15671641791043542,5.760000000000218,0.5711805555555276,1.4800000000000182,2.3125,0.28,-1.0,,,13,3,9.0,2023
2023-09-15 22:45:00+00:00|1.0|calendar_drop_friday_h13_tp06_sl065,2023-09-15 22:45:00+00:00,STAGE28A,data/reports/stage28a_discovery_factory_batch_runner/stage28a_exact_trades.csv,calendar_time_risk_proxy_v1,calendar_drop_friday_h13_tp06_sl065,-0.35,-1.4,-2.1,0,0,0,0,1.4,11.819999999999936,6.240000000000009,0.8461538461538406,4.680000000000064,0.521367521367526,1.1000000000001364,2.9700000000000273,0.768,1.0,,,13,4,9.0,2023
2023-09-18 13:00:00+00:00|-1.0|calendar_drop_friday_h13_tp06_sl065,2023-09-18 13:00:00+00:00,STAGE28A,data/reports/stage28a_discovery_factory_batch_runner/stage28a_exact_trades.csv,calendar_time_risk_proxy_v1,calendar_drop_friday_h13_tp06_sl065,-1.1147249999999986,-2.1647249999999985,-2.864724999999998,0,0,0,0,2.1647249999999985,1.2699999999999818,6.9500000000000455,0.7381294964028886,5.480000000000018,0.3357664233576897,1.4100000000000819,2.294500000000005,0.236,-1.0,,,13,0,9.0,2023
2023-09-19 13:00:00+00:00|1.0|calendar_drop_friday_h13_tp06_sl065,2023-09-19 13:00:00+00:00,STAGE28A,data/reports/stage28a_discovery_factory_batch_runner/stage28a_exact_trades.csv,calendar_time_risk_proxy_v1,calendar_drop_friday_h13_tp06_sl065,0.2571999999999207,-0.7928000000000792,-1.492800000000079,0,0,0,0,0.7928000000000792,11.730000000000018,2.8200000000001637,0.4893617021275892,5.589999999999918,0.5348837209302013,1.7799999999999727,1.9490000000000123,0.08,1.0,,,13,1,9.0,2023
2023-09-20 13:00:00+00:00|-1.0|calendar_drop_friday_h13_tp06_sl065,2023-09-20 13:00:00+00:00,STAGE28A,data/reports/stage28a_discovery_factory_batch_runner/stage28a_exact_trades.csv,calendar_time_risk_proxy_v1,calendar_drop_friday_h13_tp06_sl065,0.3222999999999502,-0.7277000000000498,-1.4277000000000497,0,0,0,0,0.7277000000000498,7.619999999999891,3.9199999999998454,0.30357142857145447,4.3900000000001,0.27107061503417484,2.730000000000018,1.8790000000000304,0.032,-1.0,,,13,2,9.0,2023
2023-09-21 13:00:00+00:00|-1.0|calendar_drop_friday_h13_tp06_sl065,2023-09-21 13:00:00+00:00,STAGE28A,data/reports/stage28a_discovery_factory_batch_runner/stage28a_exact_trades.csv,calendar_time_risk_proxy_v1,calendar_drop_friday_h13_tp06_sl065,0.4087000000000899,-0.64129999999991,-1.3412999999999098,0,0,0,0,0.64129999999991,19.519999999999982,7.350000000000136,0.3823129251700535,8.040000000000191,0.4440298507462785,2.3500000000001364,3.428000000000009,0.948,-1.0,,,13,3,9.0,2023
2023-09-22 22:45:00+00:00|1.0|calendar_drop_friday_h13_tp06_sl065,2023-09-22 22:45:00+00:00,STAGE28A,data/reports/stage28a_discovery_factory_batch_runner/stage28a_exact_trades.csv,calendar_time_risk_proxy_v1,calendar_drop_friday_h13_tp06_sl065,-0.35,-1.4,-2.1,0,0,0,0,1.4,17.580000000000155,6.259999999999991,0.5782747603834063,5.400000000000091,0.30740740740737527,1.6199999999998909,2.2900000000000205,0.284,1.0,,,13,4,9.0,2023
2023-09-25 13:00:00+00:00|-1.0|calendar_drop_friday_h13_tp06_sl065,2023-09-25 13:00:00+00:00,STAGE28A,data/reports/stage28a_discovery_factory_batch_runner/stage28a_exact_trades.csv,calendar_time_risk_proxy_v1,calendar_drop_friday_h13_tp06_sl065,0.5271999999999025,-0.5228000000000974,-1.2228000000000971,0,0,0,0,0.5228000000000974,2.0,3.769999999999982,0.5384615384615338,6.2999999999999545,0.13015873015872098,1.5199999999999818,2.148000000000013,0.22,-1.0,,,13,0,9.0,2023
2023-09-26 13:00:00+00:00|1.0|calendar_drop_friday_h13_tp06_sl065,2023-09-26 13:00:00+00:00,STAGE28A,data/reports/stage28a_discovery_factory_batch_runner/stage28a_exact_trades.csv,calendar_time_risk_proxy_v1,calendar_drop_friday_h13_tp06_sl065,0.4329999999999018,-0.6170000000000981,-1.317000000000098,0,0,0,0,0.6170000000000981,12.0,3.730000000000018,0.7774798927613538,5.860000000000127,0.10238907849831456,1.75,2.2880000000000225,0.348,1.0,,,13,1,9.0,2023
2023-09-27 13:00:00+00:00|-1.0|calendar_drop_friday_h13_tp06_sl065,2023-09-27 13:00:00+00:00,STAGE28A,data/reports/stage28a_discovery_factory_batch_runner/stage28a_exact_trades.csv,calendar_time_risk_proxy_v1,calendar_drop_friday_h13_tp06_sl065,-1.233350000000064,-2.283350000000064,-2.983350000000064,0,0,0,0,2.283350000000064,17.690000000000055,4.459999999999809,0.23991031390139228,5.339999999999918,0.8220973782771424,2.0499999999999545,2.484999999999991,0.426,-1.0,,,13,2,9.0,2023
2023-09-28 13:00:00+00:00|-1.0|calendar_drop_friday_h13_tp06_sl065,2023-09-28 13:00:00+00:00,STAGE28A,data/reports/stage28a_discovery_factory_batch_runner/stage28a_exact_trades.csv,calendar_time_risk_proxy_v1,calendar_drop_friday_h13_tp06_sl065,0.5070999999999458,-0.5429000000000541,-1.242900000000054,0,0,0,0,0.5429000000000541,31.470000000000027,4.350000000000136,0.537931034482723,4.5499999999999545,0.27472527472527747,3.4600000000000364,3.155500000000006,0.792,-1.0,,,13,3,9.0,2023
2023-09-29 22:45:00+00:00|1.0|calendar_drop_friday_h13_tp06_sl065,2023-09-29 22:45:00+00:00,STAGE28A,data/reports/stage28a_discovery_factory_batch_runner/stage28a_exact_trades.csv,calendar_time_risk_proxy_v1,calendar_drop_friday_h13_tp06_sl065,0.9579999999999927,-0.0920000000000071,-0.7920000000000069,0,0,0,0,0.0920000000000071,21.920000000000073,4.319999999999936,0.23379629629635026,10.939999999999827,0.9396709323583304,4.589999999999918,4.357000000000016,1.0,1.0,,,13,4,9.0,2023
2023-10-02 13:00:00+00:00|-1.0|calendar_drop_friday_h13_tp06_sl065,2023-10-02 13:00:00+00:00,STAGE28A,data/reports/stage28a_discovery_factory_batch_runner/stage28a_exact_trades.csv,calendar_time_risk_proxy_v1,calendar_drop_friday_h13_tp06_sl065,-1.8999250000000305,-2.94992500000003,-3.64992500000003,0,0,0,0,2.94992500000003,5.180000000000064,6.080000000000155,0.4917763157894627,15.189999999999827,0.6036866359447122,8.599999999999909,4.6745,0.984,-1.0,,,13,0,10.0,2023
2023-10-03 13:00:00+00:00|1.0|calendar_drop_friday_h13_tp06_sl065,2023-10-03 13:00:00+00:00,STAGE28A,data/reports/stage28a_discovery_factory_batch_runner/stage28a_exact_trades.csv,calendar_time_risk_proxy_v1,calendar_drop_friday_h13_tp06_sl065,0.8739999999999327,-0.1760000000000672,-0.876000000000067,0,0,0,0,0.1760000000000672,21.720000000000027,14.25,0.5361403508772,11.009999999999991,0.5376930063578635,4.240000000000009,4.363500000000033,0.868,1.0,,,13,1,10.0,2023
2023-10-04 13:00:00+00:00|1.0|calendar_drop_friday_h13_tp06_sl065,2023-10-04 13:00:00+00:00,STAGE28A,data/reports/stage28a_discovery_factory_batch_runner/stage28a_exact_trades.csv,calendar_time_risk_proxy_v1,calendar_drop_friday_h13_tp06_sl065,-1.540475000000106,-2.5904750000001058,-3.290475000000105,0,0,0,0,2.5904750000001058,18.170000000000073,5.2999999999999545,0.34905660377361364,7.849999999999909,0.1770700636942823,3.1099999999999,3.950000000000023,0.72,1.0,,,13,2,10.0,2023
2023-10-05 13:00:00+00:00|-1.0|calendar_drop_friday_h13_tp06_sl065,2023-10-05 13:00:00+00:00,STAGE28A,data/reports/stage28a_discovery_factory_batch_runner/stage28a_exact_trades.csv,calendar_time_risk_proxy_v1,calendar_drop_friday_h13_tp06_sl065,0.5329000000000633,-0.5170999999999366,-1.2170999999999363,0,0,0,0,0.5170999999999366,13.930000000000064,7.940000000000055,0.7607052896725629,9.490000000000009,0.6649104320337134,3.6800000000000637,3.2740000000000236,0.42,-1.0,,,13,3,10.0,2023
2023-10-06 22:45:00+00:00|1.0|calendar_drop_friday_h13_tp06_sl065,2023-10-06 22:45:00+00:00,STAGE28A,data/reports/stage28a_discovery_factory_batch_runner/stage28a_exact_trades.csv,calendar_time_risk_proxy_v1,calendar_drop_friday_h13_tp06_sl065,-0.35,-1.4,-2.1,0,0,0,0,1.4,16.13000000000011,4.75,0.5810526315789455,5.929999999999836,0.5801011804384738,2.490000000000009,4.393000000000018,0.824,1.0,,,13,4,10.0,2023
2023-10-09 13:00:00+00:00|-1.0|calendar_drop_friday_h13_tp06_sl065,2023-10-09 13:00:00+00:00,STAGE28A,data/reports/stage28a_discovery_factory_batch_runner/stage28a_exact_trades.csv,calendar_time_risk_proxy_v1,calendar_drop_friday_h13_tp06_sl065,0.6771999999999935,-0.3728000000000064,-1.0728000000000062,0,0,0,0,0.3728000000000064,9.849999999999909,9.849999999999909,0.15532994923857735,6.470000000000027,0.006182380216377658,2.380000000000109,5.029500000000008,0.948,-1.0,,,13,0,10.0,2023
2023-10-10 13:00:00+00:00|-1.0|calendar_drop_friday_h13_tp06_sl065,2023-10-10 13:00:00+00:00,STAGE28A,data/reports/stage28a_discovery_factory_batch_runner/stage28a_exact_trades.csv,calendar_time_risk_proxy_v1,calendar_drop_friday_h13_tp06_sl065,0.7801000000000841,-0.2698999999999159,-0.9698999999999156,0,0,0,0,0.2698999999999159,19.25999999999999,5.050000000000182,0.20792079207919142,7.339999999999918,0.5640326975477038,2.0499999999999545,3.3339999999999916,0.296,-1.0,,,13,1,10.0,2023
2023-10-11 13:00:00+00:00|1.0|calendar_drop_friday_h13_tp06_sl065,2023-10-11 13:00:00+00:00,STAGE28A,data/reports/stage28a_discovery_factory_batch_runner/stage28a_exact_trades.csv,calendar_time_risk_proxy_v1,calendar_drop_friday_h13_tp06_sl065,0.7326999999999316,-0.3173000000000683,-1.017300000000068,0,0,0,0,0.3173000000000683,12.330000000000155,2.790000000000191,0.11111111111116544,12.52000000000021,0.831469648562293,2.020000000000209,2.790000000000009,0.056,1.0,,,13,2,10.0,2023
2023-10-12 13:00:00+00:00|1.0|calendar_drop_friday_h13_tp06_sl065,2023-10-12 13:00:00+00:00,STAGE28A,data/reports/stage28a_discovery_factory_batch_runner/stage28a_exact_trades.csv,calendar_time_risk_proxy_v1,calendar_drop_friday_h13_tp06_sl065,-1.295099999999911,-2.345099999999911,-3.045099999999911,0,0,0,0,2.345099999999911,18.6400000000001,5.0499999999999545,0.6079207920792008,5.900000000000091,0.5610169491525244,2.519999999999982,2.612999999999988,0.016,1.0,,,13,3,10.0,2023
2023-10-13 22:45:00+00:00|1.0|calendar_drop_friday_h13_tp06_sl065,2023-10-13 22:45:00+00:00,STAGE28A,data/reports/stage28a_discovery_factory_batch_runner/stage28a_exact_trades.csv,calendar_time_risk_proxy_v1,calendar_drop_friday_h13_tp06_sl065,-0.35,-1.4,-2.1,0,0,0,0,1.4,17.139999999999873,5.779999999999973,0.6868512110726723,14.670000000000073,0.9522835719154709,3.1099999999999,5.395499999999993,0.964,1.0,,,13,4,10.0,2023
2023-10-16 13:00:00+00:00|-1.0|calendar_drop_friday_h13_tp06_sl065,2023-10-16 13:00:00+00:00,STAGE28A,data/reports/stage28a_discovery_factory_batch_runner/stage28a_exact_trades.csv,calendar_time_risk_proxy_v1,calendar_drop_friday_h13_tp06_sl065,-1.8950499999999464,-2.9450499999999464,-3.645049999999946,0,0,0,0,2.9450499999999464,9.159999999999854,12.269999999999982,0.35207823960881585,12.190000000000055,0.31501230516816253,5.319999999999936,4.965999999999974,0.86,-1.0,,,13,0,10.0,2023
2023-10-17 13:00:00+00:00|1.0|calendar_drop_friday_h13_tp06_sl065,2023-10-17 13:00:00+00:00,STAGE28A,data/reports/stage28a_discovery_factory_batch_runner/stage28a_exact_trades.csv,calendar_time_risk_proxy_v1,calendar_drop_friday_h13_tp06_sl065,-1.5183749999999692,-2.568374999999969,-3.2683749999999687,0,0,0,0,2.568374999999969,22.09999999999991,9.3599999999999,0.22435897435899133,9.639999999999873,0.6390041493775868,4.919999999999845,3.052499999999975,0.132,1.0,,,13,1,10.0,2023
2023-10-18 13:00:00+00:00|1.0|calendar_drop_friday_h13_tp06_sl065,2023-10-18 13:00:00+00:00,STAGE28A,data/reports/stage28a_discovery_factory_batch_runner/stage28a_exact_trades.csv,calendar_time_risk_proxy_v1,calendar_drop_friday_h13_tp06_sl065,0.9489999999999782,-0.1010000000000217,-0.8010000000000215,0,0,0,0,0.1010000000000217,19.200000000000045,19.519999999999982,0.6444672131147626,11.029999999999973,0.630099728014491,7.880000000000109,4.2580000000000044,0.728,1.0,,,13,2,10.0,2023
2023-10-19 13:00:00+00:00|1.0|calendar_drop_friday_h13_tp06_sl065,2023-10-19 13:00:00+00:00,STAGE28A,data/reports/stage28a_discovery_factory_batch_runner/stage28a_exact_trades.csv,calendar_time_risk_proxy_v1,calendar_drop_friday_h13_tp06_sl065,0.9936999999998988,-0.056300000000101,-0.7563000000001008,0,0,0,0,0.056300000000101,39.38999999999987,8.089999999999918,0.41532756489492384,9.13000000000011,0.4841182913472092,2.9200000000000728,4.947000000000014,0.796,1.0,,,13,3,10.0,2023
2023-10-20 23:45:00+00:00|1.0|calendar_drop_friday_h13_tp06_sl065,2023-10-20 23:45:00+00:00,STAGE28A,data/reports/stage28a_discovery_factory_batch_runner/stage28a_exact_trades.csv,calendar_time_risk_proxy_v1,calendar_drop_friday_h13_tp06_sl065,-0.35,-1.4,-2.1,0,0,0,0,1.4,32.50999999999999,10.069999999999936,0.5233366434955328,11.190000000000055,0.4387846291331395,3.1599999999998545,6.09100000000002,0.94,1.0,,,13,4,10.0,2023
2023-10-23 13:00:00+00:00|1.0|calendar_drop_friday_h13_tp06_sl065,2023-10-23 13:00:00+00:00,STAGE28A,data/reports/stage28a_discovery_factory_batch_runner/stage28a_exact_trades.csv,calendar_time_risk_proxy_v1,calendar_drop_friday_h13_tp06_sl065,-1.720200000000068,-2.770200000000068,-3.470200000000068,0,0,0,0,2.770200000000068,16.730000000000018,16.730000000000018,0.16198445905559075,10.169999999999845,0.40019665683384714,5.929999999999836,6.939499999999998,0.956,1.0,,,13,0,10.0,2023
2023-10-24 13:00:00+00:00|-1.0|calendar_drop_friday_h13_tp06_sl065,2023-10-24 13:00:00+00:00,STAGE28A,data/reports/stage28a_discovery_factory_batch_runner/stage28a_exact_trades.csv,calendar_time_risk_proxy_v1,calendar_drop_friday_h13_tp06_sl065,-1.79462499999986,-2.84462499999986,-3.54462499999986,0,0,0,0,2.84462499999986,21.069999999999936,9.460000000000036,0.40697674418603536,14.259999999999991,0.7180925666199169,7.629999999999882,4.0440000000000165,0.432,-1.0,,,13,1,10.0,2023
2023-10-25 13:00:00+00:00|-1.0|calendar_drop_friday_h13_tp06_sl065,2023-10-25 13:00:00+00:00,STAGE28A,data/reports/stage28a_discovery_factory_batch_runner/stage28a_exact_trades.csv,calendar_time_risk_proxy_v1,calendar_drop_friday_h13_tp06_sl065,0.8842000000001008,-0.1657999999998991,-0.8657999999998989,0,0,0,0,0.1657999999998991,27.230000000000018,7.0900000000001455,0.3808180535966135,7.660000000000082,0.4856396866840715,2.519999999999982,3.90450000000003,0.292,-1.0,,,13,2,10.0,2023
2023-10-26 13:00:00+00:00|1.0|calendar_drop_friday_h13_tp06_sl065,2023-10-26 13:00:00+00:00,STAGE28A,data/reports/stage28a_discovery_factory_batch_runner/stage28a_exact_trades.csv,calendar_time_risk_proxy_v1,calendar_drop_friday_h13_tp06_sl065,-1.677299999999923,-2.727299999999923,-3.4272999999999225,0,0,0,0,2.727299999999923,24.13000000000011,7.869999999999891,0.6569250317661902,9.559999999999945,0.3650627615062792,2.7899999999999636,5.137500000000022,0.588,1.0,,,13,3,10.0,2023
2023-10-27 23:45:00+00:00|1.0|calendar_drop_friday_h13_tp06_sl065,2023-10-27 23:45:00+00:00,STAGE28A,data/reports/stage28a_discovery_factory_batch_runner/stage28a_exact_trades.csv,calendar_time_risk_proxy_v1,calendar_drop_friday_h13_tp06_sl065,-0.35,-1.4,-2.1,0,0,0,0,1.4,21.6400000000001,5.900000000000091,0.44406779661014417,4.7000000000000455,0.42340425531914677,4.579999999999927,4.945000000000027,0.524,1.0,,,13,4,10.0,2023
2023-10-30 13:00:00+00:00|-1.0|calendar_drop_friday_h13_tp06_sl065,2023-10-30 13:00:00+00:00,STAGE28A,data/reports/stage28a_discovery_factory_batch_runner/stage28a_exact_trades.csv,calendar_time_risk_proxy_v1,calendar_drop_friday_h13_tp06_sl065,1.0023999999999886,-0.0476000000000111,-0.7476000000000109,0,0,0,0,0.0476000000000111,9.659999999999854,9.809999999999945,0.11213047910294752,11.6099999999999,0.6089577950043064,3.269999999999982,5.254499999999962,0.596,-1.0,,,13,0,10.0,2023
2023-10-31 13:00:00+00:00|1.0|calendar_drop_friday_h13_tp06_sl065,2023-10-31 13:00:00+00:00,STAGE28A,data/reports/stage28a_discovery_factory_batch_runner/stage28a_exact_trades.csv,calendar_time_risk_proxy_v1,calendar_drop_friday_h13_tp06_sl065,0.6541000000001077,-0.3958999999998922,-1.095899999999892,0,0,0,0,0.3958999999998922,15.75,6.7000000000000455,0.38656716417908965,7.740000000000009,0.9470284237725993,3.589999999999918,2.8775000000000093,0.004,1.0,,,13,1,10.0,2023
2023-11-01 13:00:00+00:00|1.0|calendar_drop_friday_h13_tp06_sl065,2023-11-01 13:00:00+00:00,STAGE28A,data/reports/stage28a_discovery_factory_batch_runner/stage28a_exact_trades.csv,calendar_time_risk_proxy_v1,calendar_drop_friday_h13_tp06_sl065,0.6945999999999458,-0.3554000000000541,-1.055400000000054,0,0,0,0,0.3554000000000541,29.070000000000164,10.86999999999989,0.525298988040487,7.8599999999999,0.7175572519084188,2.0499999999999545,3.884500000000037,0.104,1.0,,,13,2,11.0,2023
2023-11-02 13:00:00+00:00|1.0|calendar_drop_friday_h13_tp06_sl065,2023-11-02 13:00:00+00:00,STAGE28A,data/reports/stage28a_discovery_factory_batch_runner/stage28a_exact_trades.csv,calendar_time_risk_proxy_v1,calendar_drop_friday_h13_tp06_sl065,-1.3994249999999284,-2.449424999999928,-3.149424999999928,0,0,0,0,2.449424999999928,22.200000000000045,6.960000000000036,0.5574712643678289,5.899999999999864,0.4915254237288018,3.630000000000109,4.084000000000003,0.196,1.0,,,13,3,11.0,2023
2023-11-03 22:45:00+00:00|1.0|calendar_drop_friday_h13_tp06_sl065,2023-11-03 22:45:00+00:00,STAGE28A,data/reports/stage28a_discovery_factory_batch_runner/stage28a_exact_trades.csv,calendar_time_risk_proxy_v1,calendar_drop_friday_h13_tp06_sl065,-0.35,-1.4,-2.1,0,0,0,0,1.4,12.200000000000045,4.599999999999909,0.09565217391305723,5.789999999999964,0.44559585492227005,3.589999999999918,4.617499999999984,0.548,1.0,,,13,4,11.0,2023
2023-11-06 13:00:00+00:00|1.0|calendar_drop_friday_h13_tp06_sl065,2023-11-06 13:00:00+00:00,STAGE28A,data/reports/stage28a_discovery_factory_batch_runner/stage28a_exact_trades.csv,calendar_time_risk_proxy_v1,calendar_drop_friday_h13_tp06_sl065,-1.3275999999999386,-2.3775999999999384,-3.077599999999938,0,0,0,0,2.3775999999999384,5.789999999999964,11.179999999999836,0.42397137745975655,6.1099999999999,0.5908346972176692,2.119999999999891,3.755499999999972,0.208,1.0,,,13,0,11.0,2023
2023-11-07 13:00:00+00:00|-1.0|calendar_drop_friday_h13_tp06_sl065,2023-11-07 13:00:00+00:00,STAGE28A,data/reports/stage28a_discovery_factory_batch_runner/stage28a_exact_trades.csv,calendar_time_risk_proxy_v1,calendar_drop_friday_h13_tp06_sl065,0.7092999999998938,-0.3407000000001061,-1.040700000000106,0,0,0,0,0.3407000000001061,16.519999999999982,7.3599999999999,0.7228260869565538,10.039999999999964,0.5149402390438111,2.5499999999999545,2.810999999999967,0.024,-1.0,,,13,1,11.0,2023
2023-11-08 13:00:00+00:00|-1.0|calendar_drop_friday_h13_tp06_sl065,2023-11-08 13:00:00+00:00,STAGE28A,data/reports/stage28a_discovery_factory_batch_runner/stage28a_exact_trades.csv,calendar_time_risk_proxy_v1,calendar_drop_friday_h13_tp06_sl065,0.7387000000000171,-0.3112999999999828,-1.0112999999999823,0,0,0,0,0.3112999999999828,21.62999999999988,3.6900000000000546,0.3685636856368854,9.5,0.5821052631578919,5.8900000000001,2.8899999999999864,0.056,-1.0,,,13,2,11.0,2023
2023-11-09 13:00:00+00:00|-1.0|calendar_drop_friday_h13_tp06_sl065,2023-11-09 13:00:00+00:00,STAGE28A,data/reports/stage28a_discovery_factory_batch_runner/stage28a_exact_trades.csv,calendar_time_risk_proxy_v1,calendar_drop_friday_h13_tp06_sl065,0.6105999999998858,-0.4394000000001141,-1.139400000000114,0,0,0,0,0.4394000000001141,23.529999999999973,6.889999999999873,0.18867924528301575,5.990000000000009,0.40066777963273575,3.1700000000000728,3.483500000000004,0.224,-1.0,,,13,3,11.0,2023
2023-11-10 23:45:00+00:00|1.0|calendar_drop_friday_h13_tp06_sl065,2023-11-10 23:45:00+00:00,STAGE28A,data/reports/stage28a_discovery_factory_batch_runner/stage28a_exact_trades.csv,calendar_time_risk_proxy_v1,calendar_drop_friday_h13_tp06_sl065,-1.3315000000000965,-2.3815000000000963,-3.081500000000096,0,0,0,0,2.3815000000000963,21.11999999999989,4.360000000000127,0.300458715596309,6.629999999999882,0.5505279034691035,2.0399999999999636,3.773000000000013,0.452,1.0,,,13,4,11.0,2023
2023-11-13 13:00:00+00:00|1.0|calendar_drop_friday_h13_tp06_sl065,2023-11-13 13:00:00+00:00,STAGE28A,data/reports/stage28a_discovery_factory_batch_runner/stage28a_exact_trades.csv,calendar_time_risk_proxy_v1,calendar_drop_friday_h13_tp06_sl065,0.6877000000000862,-0.3622999999999137,-1.0622999999999134,0,0,0,0,0.3622999999999137,23.48999999999978,24.25999999999999,0.19167353668589718,5.509999999999991,0.6950998185117847,2.5499999999999545,5.204499999999984,0.892,1.0,,,13,0,11.0,2023
2023-11-14 13:00:00+00:00|1.0|calendar_drop_friday_h13_tp06_sl065,2023-11-14 13:00:00+00:00,STAGE28A,data/reports/stage28a_discovery_factory_batch_runner/stage28a_exact_trades.csv,calendar_time_risk_proxy_v1,calendar_drop_friday_h13_tp06_sl065,0.3774999999999636,-0.6725000000000363,-1.372500000000036,0,0,0,0,0.6725000000000363,31.539999999999964,4.509999999999991,0.38802660753880347,4.4500000000000455,0.4898876404493964,1.900000000000091,2.572500000000025,0.008,1.0,,,13,1,11.0,2023
2023-11-15 13:00:00+00:00|1.0|calendar_drop_friday_h13_tp06_sl065,2023-11-15 13:00:00+00:00,STAGE28A,data/reports/stage28a_discovery_factory_batch_runner/stage28a_exact_trades.csv,calendar_time_risk_proxy_v1,calendar_drop_friday_h13_tp06_sl065,0.6613000000001193,-0.3886999999998806,-1.0886999999998803,0,0,0,0,0.3886999999998806,33.81000000000017,6.400000000000091,0.7859374999999845,8.25,0.6848484848484683,2.8299999999999272,2.5545000000000186,0.016,1.0,,,13,2,11.0,2023
2023-11-16 13:00:00+00:00|1.0|calendar_drop_friday_h13_tp06_sl065,2023-11-16 13:00:00+00:00,STAGE28A,data/reports/stage28a_discovery_factory_batch_runner/stage28a_exact_trades.csv,calendar_time_risk_proxy_v1,calendar_drop_friday_h13_tp06_sl065,-1.258050000000003,-2.308050000000003,-3.0080500000000026,0,0,0,0,2.308050000000003,19.699999999999818,6.079999999999927,0.35526315789475454,6.4500000000000455,0.3968992248061903,2.0599999999999454,2.8094999999999914,0.084,1.0,,,13,3,11.0,2023
2023-11-17 23:45:00+00:00|1.0|calendar_drop_friday_h13_tp06_sl065,2023-11-17 23:45:00+00:00,STAGE28A,data/reports/stage28a_discovery_factory_batch_runner/stage28a_exact_trades.csv,calendar_time_risk_proxy_v1,calendar_drop_friday_h13_tp06_sl065,-0.35,-1.4,-2.1,0,0,0,0,1.4,31.529999999999973,6.4099999999998545,0.5351014040561843,10.810000000000173,0.5383903792784314,2.0299999999999727,3.6260000000000105,0.38,1.0,,,13,4,11.0,2023
2023-11-20 13:00:00+00:00|-1.0|calendar_drop_friday_h13_tp06_sl065,2023-11-20 13:00:00+00:00,STAGE28A,data/reports/stage28a_discovery_factory_batch_runner/stage28a_exact_trades.csv,calendar_time_risk_proxy_v1,calendar_drop_friday_h13_tp06_sl065,-1.591175000000112,-2.641175000000112,-3.341175000000112,0,0,0,0,2.641175000000112,4.460000000000036,11.800000000000182,0.5805084745762545,8.240000000000009,0.6638349514563132,4.470000000000027,3.6175000000000184,0.38,-1.0,,,13,0,11.0,2023
2023-11-21 13:00:00+00:00|-1.0|calendar_drop_friday_h13_tp06_sl065,2023-11-21 13:00:00+00:00,STAGE28A,data/reports/stage28a_discovery_factory_batch_runner/stage28a_exact_trades.csv,calendar_time_risk_proxy_v1,calendar_drop_friday_h13_tp06_sl065,-1.6386250000001383,-2.688625000000138,-3.388625000000138,0,0,0,0,2.688625000000138,19.700000000000045,17.019999999999982,0.6404230317273722,10.009999999999991,0.3466533466533497,4.650000000000091,4.1404999999999745,0.8,-1.0,,,13,1,11.0,2023
2023-11-22 13:00:00+00:00|1.0|calendar_drop_friday_h13_tp06_sl065,2023-11-22 13:00:00+00:00,STAGE28A,data/reports/stage28a_discovery_factory_batch_runner/stage28a_exact_trades.csv,calendar_time_risk_proxy_v1,calendar_drop_friday_h13_tp06_sl065,-1.6564999999999146,-2.7064999999999144,-3.406499999999914,0,0,0,0,2.7064999999999144,30.34999999999991,4.8599999999999,0.0041152263374449015,9.639999999999873,0.19502074688795712,3.3199999999999363,3.366500000000008,0.196,1.0,,,13,2,11.0,2023
2023-11-23 13:00:00+00:00|-1.0|calendar_drop_friday_h13_tp06_sl065,2023-11-23 13:00:00+00:00,STAGE28A,data/reports/stage28a_discovery_factory_batch_runner/stage28a_exact_trades.csv,calendar_time_risk_proxy_v1,calendar_drop_friday_h13_tp06_sl065,-1.4104749999999968,-2.4604749999999966,-3.1604749999999964,0,0,0,0,2.4604749999999966,19.419999999999845,9.160000000000082,0.5262008733624586,6.319999999999936,0.2547468354430607,2.6499999999998636,3.5185000000000057,0.22,-1.0,,,13,3,11.0,2023
2023-11-24 23:00:00+00:00|1.0|calendar_drop_friday_h13_tp06_sl065,2023-11-24 23:00:00+00:00,STAGE28A,data/reports/stage28a_discovery_factory_batch_runner/stage28a_exact_trades.csv,calendar_time_risk_proxy_v1,calendar_drop_friday_h13_tp06_sl065,-0.35,-1.4,-2.1,0,0,0,0,1.4,9.38000000000011,3.4400000000000546,0.11627906976740036,4.259999999999991,0.47652582159623874,0.0,2.6599999999999797,0.14,1.0,,,13,4,11.0,2023
2023-11-27 13:00:00+00:00|1.0|calendar_drop_friday_h13_tp06_sl065,2023-11-27 13:00:00+00:00,STAGE28A,data/reports/stage28a_discovery_factory_batch_runner/stage28a_exact_trades.csv,calendar_time_risk_proxy_v1,calendar_drop_friday_h13_tp06_sl065,0.6546999999999571,-0.3953000000000428,-1.0953000000000426,0,0,0,0,0.3953000000000428,3.6499999999998636,17.639999999999873,0.6031746031746132,6.789999999999964,0.22091310751104684,3.2899999999999636,3.703999999999996,0.452,1.0,,,13,0,11.0,2023
2023-11-28 13:00:00+00:00|1.0|calendar_drop_friday_h13_tp06_sl065,2023-11-28 13:00:00+00:00,STAGE28A,data/reports/stage28a_discovery_factory_batch_runner/stage28a_exact_trades.csv,calendar_time_risk_proxy_v1,calendar_drop_friday_h13_tp06_sl065,-1.289249999999902,-2.3392499999999017,-3.0392499999999014,0,0,0,0,2.3392499999999017,17.639999999999873,4.9500000000000455,0.02626262626264807,4.529999999999973,0.09713024282556951,2.75,3.025499999999988,0.232,1.0,,,13,1,11.0,2023
2023-11-29 13:00:00+00:00|-1.0|calendar_drop_friday_h13_tp06_sl065,2023-11-29 13:00:00+00:00,STAGE28A,data/reports/stage28a_discovery_factory_batch_runner/stage28a_exact_trades.csv,calendar_time_risk_proxy_v1,calendar_drop_friday_h13_tp06_sl065,0.8230000000000018,-0.2269999999999981,-0.9269999999999978,0,0,0,0,0.2269999999999981,32.87999999999988,11.659999999999854,0.15694682675814323,13.519999999999754,0.6531065088757462,2.509999999999991,4.550499999999954,0.936,-1.0,,,13,2,11.0,2023
2023-11-30 13:00:00+00:00|-1.0|calendar_drop_friday_h13_tp06_sl065,2023-11-30 13:00:00+00:00,STAGE28A,data/reports/stage28a_discovery_factory_batch_runner/stage28a_exact_trades.csv,calendar_time_risk_proxy_v1,calendar_drop_friday_h13_tp06_sl065,-1.6506499999999051,-2.700649999999905,-3.4006499999999047,0,0,0,0,2.700649999999905,16.749999999999773,4.540000000000191,0.0,10.160000000000082,0.6102362204724405,3.759999999999991,3.731000000000063,0.448,-1.0,,,13,3,11.0,2023
2023-12-01 23:45:00+00:00|1.0|calendar_drop_friday_h13_tp06_sl065,2023-12-01 23:45:00+00:00,STAGE28A,data/reports/stage28a_discovery_factory_batch_runner/stage28a_exact_trades.csv,calendar_time_risk_proxy_v1,calendar_drop_friday_h13_tp06_sl065,-0.35,-1.4,-2.1,0,0,0,0,1.4,16.060000000000173,6.800000000000182,0.0073529411764971415,10.539999999999964,0.34345351043642347,4.5300000000002,5.846000000000015,1.0,1.0,,,13,4,12.0,2023
2023-12-04 13:00:00+00:00|-1.0|calendar_drop_friday_h13_tp06_sl065,2023-12-04 13:00:00+00:00,STAGE28A,data/reports/stage28a_discovery_factory_batch_runner/stage28a_exact_trades.csv,calendar_time_risk_proxy_v1,calendar_drop_friday_h13_tp06_sl065,-3.46220000000003,-4.51220000000003,-5.2122000000000295,0,0,0,1,4.51220000000003,78.03999999999996,78.03999999999996,0.4173500768836517,32.70000000000027,0.5186544342507613,7.0300000000002,17.78850000000002,0.992,-1.0,,,13,0,12.0,2023
2023-12-05 13:00:00+00:00|-1.0|calendar_drop_friday_h13_tp06_sl065,2023-12-05 13:00:00+00:00,STAGE28A,data/reports/stage28a_discovery_factory_batch_runner/stage28a_exact_trades.csv,calendar_time_risk_proxy_v1,calendar_drop_friday_h13_tp06_sl065,1.3413999999999304,0.2913999999999306,-0.4086000000000691,1,0,1,0,0.2913999999999306,129.52999999999975,12.779999999999973,0.13145539906103812,16.480000000000018,0.41868932038835455,6.600000000000136,6.945000000000005,0.852,-1.0,,,13,1,12.0,2023
2023-12-06 13:00:00+00:00|-1.0|calendar_drop_friday_h13_tp06_sl065,2023-12-06 13:00:00+00:00,STAGE28A,data/reports/stage28a_discovery_factory_batch_runner/stage28a_exact_trades.csv,calendar_time_risk_proxy_v1,calendar_drop_friday_h13_tp06_sl065,-2.10240000000008,-3.15240000000008,-3.8524000000000793,0,0,0,1,3.15240000000008,31.279999999999973,6.980000000000018,0.43696275071632473,15.710000000000036,0.05919796308084414,2.7799999999999727,5.052499999999986,0.736,-1.0,,,13,2,12.0,2023
2023-12-07 13:00:00+00:00|1.0|calendar_drop_friday_h13_tp06_sl065,2023-12-07 13:00:00+00:00,STAGE28A,data/reports/stage28a_discovery_factory_batch_runner/stage28a_exact_trades.csv,calendar_time_risk_proxy_v1,calendar_drop_friday_h13_tp06_sl065,0.8748999999999342,-0.1751000000000657,-0.8751000000000655,0,0,0,0,0.1751000000000657,18.700000000000045,4.740000000000009,0.21940928270041385,9.889999999999873,0.765419615773512,2.589999999999918,3.713999999999987,0.312,1.0,,,13,3,12.0,2023
2023-12-08 23:45:00+00:00|1.0|calendar_drop_friday_h13_tp06_sl065,2023-12-08 23:45:00+00:00,STAGE28A,data/reports/stage28a_discovery_factory_batch_runner/stage28a_exact_trades.csv,calendar_time_risk_proxy_v1,calendar_drop_friday_h13_tp06_sl065,-0.35,-1.4,-2.1,0,0,0,0,1.4,19.700000000000045,7.100000000000136,0.48309859154929546,5.870000000000118,0.2913117546848385,3.4700000000000273,5.1230000000000135,0.684,1.0,,,13,4,12.0,2023
2023-12-11 13:00:00+00:00|-1.0|calendar_drop_friday_h13_tp06_sl065,2023-12-11 13:00:00+00:00,STAGE28A,data/reports/stage28a_discovery_factory_batch_runner/stage28a_exact_trades.csv,calendar_time_risk_proxy_v1,calendar_drop_friday_h13_tp06_sl065,1.090900000000056,0.0409000000000561,-0.6590999999999436,1,0,0,0,0.0409000000000561,3.209999999999809,13.190000000000055,0.7907505686125696,9.36999999999989,0.39274279615796226,3.599999999999909,4.384499999999969,0.452,-1.0,,,13,0,12.0,2023
2023-12-12 13:00:00+00:00|1.0|calendar_drop_friday_h13_tp06_sl065,2023-12-12 13:00:00+00:00,STAGE28A,data/reports/stage28a_discovery_factory_batch_runner/stage28a_exact_trades.csv,calendar_time_risk_proxy_v1,calendar_drop_friday_h13_tp06_sl065,-1.4267249999998968,-2.4767249999998966,-3.1767249999998963,0,0,0,0,2.4767249999998966,31.789999999999964,7.870000000000118,0.3354510800508047,6.4500000000000455,0.0945736434108718,3.0799999999999272,3.8839999999999693,0.156,1.0,,,13,1,12.0,2023
2023-12-13 13:00:00+00:00|1.0|calendar_drop_friday_h13_tp06_sl065,2023-12-13 13:00:00+00:00,STAGE28A,data/reports/stage28a_discovery_factory_batch_runner/stage28a_exact_trades.csv,calendar_time_risk_proxy_v1,calendar_drop_friday_h13_tp06_sl065,0.7876000000000204,-0.2623999999999795,-0.9623999999999792,0,0,0,0,0.2623999999999795,19.50999999999999,5.1099999999999,0.8297455968689026,10.309999999999945,0.48205625606208086,2.1099999999999,3.0304999999999724,0.004,1.0,,,13,2,12.0,2023
2023-12-14 13:00:00+00:00|1.0|calendar_drop_friday_h13_tp06_sl065,2023-12-14 13:00:00+00:00,STAGE28A,data/reports/stage28a_discovery_factory_batch_runner/stage28a_exact_trades.csv,calendar_time_risk_proxy_v1,calendar_drop_friday_h13_tp06_sl065,1.3350999999999202,0.2850999999999204,-0.4149000000000793,1,0,1,0,0.2850999999999204,60.16000000000008,14.930000000000064,0.10783657066308729,11.049999999999955,0.25610859728506236,4.3900000000001,7.2600000000000025,0.844,1.0,,,13,3,12.0,2023
2023-12-15 23:45:00+00:00|1.0|calendar_drop_friday_h13_tp06_sl065,2023-12-15 23:45:00+00:00,STAGE28A,data/reports/stage28a_discovery_factory_batch_runner/stage28a_exact_trades.csv,calendar_time_risk_proxy_v1,calendar_drop_friday_h13_tp06_sl065,-0.35,-1.4,-2.1,0,0,0,0,1.4,23.610000000000127,7.410000000000082,0.14170040485832258,10.200000000000045,0.5862745098039207,4.230000000000018,4.7580000000000044,0.408,1.0,,,13,4,12.0,2023
2023-12-18 13:00:00+00:00|-1.0|calendar_drop_friday_h13_tp06_sl065,2023-12-18 13:00:00+00:00,STAGE28A,data/reports/stage28a_discovery_factory_batch_runner/stage28a_exact_trades.csv,calendar_time_risk_proxy_v1,calendar_drop_friday_h13_tp06_sl065,0.8845000000000255,-0.1654999999999744,-0.8654999999999742,0,0,0,0,0.1654999999999744,4.940000000000055,8.149999999999864,0.6920245398772966,8.159999999999854,0.45833333333334264,5.740000000000009,4.274999999999989,0.264,-1.0,,,13,0,12.0,2023
2023-12-19 13:00:00+00:00|1.0|calendar_drop_friday_h13_tp06_sl065,2023-12-19 13:00:00+00:00,STAGE28A,data/reports/stage28a_discovery_factory_batch_runner/stage28a_exact_trades.csv,calendar_time_risk_proxy_v1,calendar_drop_friday_h13_tp06_sl065,-1.3480749999999715,-2.3980749999999715,-3.0980749999999717,0,0,0,0,2.3980749999999715,17.769999999999982,7.649999999999864,0.4575163398692892,6.039999999999964,0.2533112582781427,2.6400000000001,3.570000000000016,0.064,1.0,,,13,1,12.0,2023
2023-12-20 13:00:00+00:00|-1.0|calendar_drop_friday_h13_tp06_sl065,2023-12-20 13:00:00+00:00,STAGE28A,data/reports/stage28a_discovery_factory_batch_runner/stage28a_exact_trades.csv,calendar_time_risk_proxy_v1,calendar_drop_friday_h13_tp06_sl065,0.6064000000000306,-0.4435999999999693,-1.143599999999969,0,0,0,0,0.4435999999999693,25.289999999999964,4.960000000000036,0.09072580645162141,7.820000000000164,0.5843989769820768,4.740000000000009,2.918500000000017,0.012,-1.0,,,13,2,12.0,2023
2023-12-21 13:00:00+00:00|-1.0|calendar_drop_friday_h13_tp06_sl065,2023-12-21 13:00:00+00:00,STAGE28A,data/reports/stage28a_discovery_factory_batch_runner/stage28a_exact_trades.csv,calendar_time_risk_proxy_v1,calendar_drop_friday_h13_tp06_sl065,0.471999999999889,-0.5780000000001109,-1.2780000000001106,0,0,0,0,0.5780000000001109,15.990000000000009,6.440000000000055,0.6413043478260632,5.120000000000118,0.4316406249999971,3.0599999999999454,3.243499999999983,0.064,-1.0,,,13,3,12.0,2023
2023-12-22 23:45:00+00:00|1.0|calendar_drop_friday_h13_tp06_sl065,2023-12-22 23:45:00+00:00,STAGE28A,data/reports/stage28a_discovery_factory_batch_runner/stage28a_exact_trades.csv,calendar_time_risk_proxy_v1,calendar_drop_friday_h13_tp06_sl065,-0.35,-1.4,-2.1,0,0,0,0,1.4,21.38000000000011,8.6099999999999,0.3716608594657207,10.230000000000018,0.6021505376344377,1.9200000000000728,4.967500000000041,0.736,1.0,,,13,4,12.0,2023
2023-12-26 13:00:00+00:00|-1.0|calendar_drop_friday_h13_tp06_sl065,2023-12-26 13:00:00+00:00,STAGE28A,data/reports/stage28a_discovery_factory_batch_runner/stage28a_exact_trades.csv,calendar_time_risk_proxy_v1,calendar_drop_friday_h13_tp06_sl065,-1.1079000000000634,-2.157900000000063,-2.857900000000063,0,0,0,0,2.157900000000063,4.400000000000091,11.75,0.775319148936181,4.380000000000109,0.0410958904109205,2.0,3.4450000000000047,0.124,-1.0,,,13,1,12.0,2023
2023-12-27 13:00:00+00:00|1.0|calendar_drop_friday_h13_tp06_sl065,2023-12-27 13:00:00+00:00,STAGE28A,data/reports/stage28a_discovery_factory_batch_runner/stage28a_exact_trades.csv,calendar_time_risk_proxy_v1,calendar_drop_friday_h13_tp06_sl065,-1.3464500000000954,-2.3964500000000952,-3.096450000000095,0,0,0,0,2.3964500000000952,15.650000000000091,4.559999999999945,0.07894736842108149,7.7199999999998,0.1411917098445821,7.1599999999998545,3.0519999999999983,0.064,1.0,,,13,2,12.0,2023
2023-12-28 13:00:00+00:00|-1.0|calendar_drop_friday_h13_tp06_sl065,2023-12-28 13:00:00+00:00,STAGE28A,data/reports/stage28a_discovery_factory_batch_runner/stage28a_exact_trades.csv,calendar_time_risk_proxy_v1,calendar_drop_friday_h13_tp06_sl065,1.1523999999998522,0.1023999999998523,-0.5976000000001473,1,0,0,0,0.1023999999998523,22.899999999999636,11.019999999999982,0.6379310344827779,14.870000000000346,0.6348352387356984,4.559999999999945,4.307500000000028,0.632,-1.0,,,13,3,12.0,2023
2023-12-29 23:45:00+00:00|1.0|calendar_drop_friday_h13_tp06_sl065,2023-12-29 23:45:00+00:00,STAGE28A,data/reports/stage28a_discovery_factory_batch_runner/stage28a_exact_trades.csv,calendar_time_risk_proxy_v1,calendar_drop_friday_h13_tp06_sl065,-0.35,-1.4,-2.1,0,0,0,0,1.4,23.909999999999854,5.570000000000164,0.5727109515259436,12.900000000000091,0.4031007751937815,4.75,4.066499999999996,0.544,1.0,,,13,4,12.0,2023
2024-01-02 13:00:00+00:00|1.0|calendar_drop_friday_h13_tp06_sl065,2024-01-02 13:00:00+00:00,STAGE28A,data/reports/stage28a_discovery_factory_batch_runner/stage28a_exact_trades.csv,calendar_time_risk_proxy_v1,calendar_drop_friday_h13_tp06_sl065,0.9115000000000693,-0.1384999999999308,-0.8384999999999305,0,0,0,0,0.1384999999999308,3.199999999999818,8.299999999999727,0.7060240963855807,9.350000000000364,0.6844919786096088,4.279999999999745,3.8254999999999884,0.404,1.0,,,13,1,1.0,2024
2024-01-03 13:00:00+00:00|-1.0|calendar_drop_friday_h13_tp06_sl065,2024-01-03 13:00:00+00:00,STAGE28A,data/reports/stage28a_discovery_factory_batch_runner/stage28a_exact_trades.csv,calendar_time_risk_proxy_v1,calendar_drop_friday_h13_tp06_sl065,-1.8111999999997352,-2.861199999999735,-3.561199999999735,0,0,0,0,2.861199999999735,22.88000000000011,7.050000000000182,0.7333333333333247,13.200000000000273,0.7446969696969488,4.5,4.033500000000004,0.54,-1.0,,,13,2,1.0,2024
2024-01-04 13:00:00+00:00|1.0|calendar_drop_friday_h13_tp06_sl065,2024-01-04 13:00:00+00:00,STAGE28A,data/reports/stage28a_discovery_factory_batch_runner/stage28a_exact_trades.csv,calendar_time_risk_proxy_v1,calendar_drop_friday_h13_tp06_sl065,-1.8261499999999613,-2.8761499999999613,-3.576149999999961,0,0,0,0,2.8761499999999613,35.47000000000003,6.850000000000136,0.0029197080291943666,8.8299999999997,0.578708946772401,4.169999999999845,4.273999999999978,0.652,1.0,,,13,3,1.0,2024
2024-01-05 23:45:00+00:00|1.0|calendar_drop_friday_h13_tp06_sl065,2024-01-05 23:45:00+00:00,STAGE28A,data/reports/stage28a_discovery_factory_batch_runner/stage28a_exact_trades.csv,calendar_time_risk_proxy_v1,calendar_drop_friday_h13_tp06_sl065,-0.35,-1.4,-2.1,0,0,0,0,1.4,14.779999999999745,5.630000000000109,0.05150976909413108,9.599999999999909,0.47187500000000165,2.910000000000082,5.8125,1.0,1.0,,,13,4,1.0,2024
2024-01-08 13:00:00+00:00|-1.0|calendar_drop_friday_h13_tp06_sl065,2024-01-08 13:00:00+00:00,STAGE28A,data/reports/stage28a_discovery_factory_batch_runner/stage28a_exact_trades.csv,calendar_time_risk_proxy_v1,calendar_drop_friday_h13_tp06_sl065,-1.7422999999999775,-2.7922999999999774,-3.492299999999977,0,0,0,0,2.7922999999999774,2.4299999999998363,11.529999999999973,0.7380745880312238,9.460000000000036,0.8879492600422655,2.519999999999982,4.4464999999999915,0.644,-1.0,,,13,0,1.0,2024
2024-01-09 13:00:00+00:00|1.0|calendar_drop_friday_h13_tp06_sl065,2024-01-09 13:00:00+00:00,STAGE28A,data/reports/stage28a_discovery_factory_batch_runner/stage28a_exact_trades.csv,calendar_time_risk_proxy_v1,calendar_drop_friday_h13_tp06_sl065,1.101399999999921,0.0513999999999215,-0.6486000000000782,1,0,0,0,0.0513999999999215,30.019999999999982,7.939999999999827,0.2783375314861281,8.319999999999936,0.3100961538461748,3.7999999999999545,4.097999999999968,0.436,1.0,,,13,1,1.0,2024
2024-01-10 13:00:00+00:00|1.0|calendar_drop_friday_h13_tp06_sl065,2024-01-10 13:00:00+00:00,STAGE28A,data/reports/stage28a_discovery_factory_batch_runner/stage28a_exact_trades.csv,calendar_time_risk_proxy_v1,calendar_drop_friday_h13_tp06_sl065,-1.7162999999999102,-2.76629999999991,-3.46629999999991,0,0,0,0,2.76629999999991,15.940000000000055,5.619999999999891,0.18149466192170846,16.539999999999964,0.30290205562273287,5.759999999999991,3.7665000000000193,0.268,1.0,,,13,2,1.0,2024
2024-01-11 13:00:00+00:00|-1.0|calendar_drop_friday_h13_tp06_sl065,2024-01-11 13:00:00+00:00,STAGE28A,data/reports/stage28a_discovery_factory_batch_runner/stage28a_exact_trades.csv,calendar_time_risk_proxy_v1,calendar_drop_friday_h13_tp06_sl065,0.5694999999999709,-0.480500000000029,-1.1805000000000287,0,0,0,0,0.480500000000029,20.089999999999918,7.5,0.7093333333333248,5.479999999999791,0.03832116788321978,2.230000000000018,2.9879999999999654,0.012,-1.0,,,13,3,1.0,2024
2024-01-12 23:45:00+00:00|1.0|calendar_drop_friday_h13_tp06_sl065,2024-01-12 23:45:00+00:00,STAGE28A,data/reports/stage28a_discovery_factory_batch_runner/stage28a_exact_trades.csv,calendar_time_risk_proxy_v1,calendar_drop_friday_h13_tp06_sl065,-0.35,-1.4,-2.1,0,0,0,0,1.4,26.470000000000027,6.9500000000000455,0.08345323741006093,12.599999999999909,0.8976190476190498,1.5800000000001546,5.02950000000003,0.724,1.0,,,13,4,1.0,2024
2024-01-15 13:00:00+00:00|1.0|calendar_drop_friday_h13_tp06_sl065,2024-01-15 13:00:00+00:00,STAGE28A,data/reports/stage28a_discovery_factory_batch_runner/stage28a_exact_trades.csv,calendar_time_risk_proxy_v1,calendar_drop_friday_h13_tp06_sl065,0.7578999999999724,-0.2921000000000275,-0.9921000000000272,0,0,0,0,0.2921000000000275,2.5499999999999545,12.220000000000027,0.5327332242226026,6.449999999999818,0.2,2.9699999999998,3.734999999999991,0.204,1.0,,,13,0,1.0,2024
2024-01-16 13:00:00+00:00|-1.0|calendar_drop_friday_h13_tp06_sl065,2024-01-16 13:00:00+00:00,STAGE28A,data/reports/stage28a_discovery_factory_batch_runner/stage28a_exact_trades.csv,calendar_time_risk_proxy_v1,calendar_drop_friday_h13_tp06_sl065,0.9834999999999582,-0.0665000000000417,-0.7665000000000415,0,0,0,0,0.0665000000000417,12.740000000000009,7.170000000000073,0.656903765690375,12.409999999999854,0.6970185334407891,3.1700000000000728,2.9890000000000554,0.068,-1.0,,,13,1,1.0,2024
2024-01-17 13:00:00+00:00|-1.0|calendar_drop_friday_h13_tp06_sl065,2024-01-17 13:00:00+00:00,STAGE28A,data/reports/stage28a_discovery_factory_batch_runner/stage28a_exact_trades.csv,calendar_time_risk_proxy_v1,calendar_drop_friday_h13_tp06_sl065,-1.8586499999999888,-2.9086499999999886,-3.608649999999989,0,0,0,0,2.9086499999999886,31.430000000000064,9.559999999999945,0.28765690376569203,10.870000000000118,0.06439742410301845,5.580000000000155,4.8125,0.62,-1.0,,,13,2,1.0,2024
2024-01-18 13:00:00+00:00|1.0|calendar_drop_friday_h13_tp06_sl065,2024-01-18 13:00:00+00:00,STAGE28A,data/reports/stage28a_discovery_factory_batch_runner/stage28a_exact_trades.csv,calendar_time_risk_proxy_v1,calendar_drop_friday_h13_tp06_sl065,0.775,-0.2749999999999999,-0.9749999999999996,0,0,0,0,0.2749999999999999,31.1400000000001,5.559999999999945,0.28057553956833825,8.209999999999809,0.4214372716199622,2.990000000000009,3.6185000000000174,0.228,1.0,,,13,3,1.0,2024
2024-01-19 23:45:00+00:00|1.0|calendar_drop_friday_h13_tp06_sl065,2024-01-19 23:45:00+00:00,STAGE28A,data/reports/stage28a_discovery_factory_batch_runner/stage28a_exact_trades.csv,calendar_time_risk_proxy_v1,calendar_drop_friday_h13_tp06_sl065,-0.35,-1.4,-2.1,0,0,0,0,1.4,18.389999999999873,4.880000000000109,0.594262295081926,10.550000000000182,0.8890995260663241,1.759999999999991,3.975,0.38,1.0,,,13,4,1.0,2024
2024-01-22 13:00:00+00:00|-1.0|calendar_drop_friday_h13_tp06_sl065,2024-01-22 13:00:00+00:00,STAGE28A,data/reports/stage28a_discovery_factory_batch_runner/stage28a_exact_trades.csv,calendar_time_risk_proxy_v1,calendar_drop_friday_h13_tp06_sl065,-1.8934250000000703,-2.94342500000007,-3.64342500000007,0,0,0,0,2.94342500000007,2.8199999999999363,7.399999999999864,0.2851351351351269,7.079999999999927,0.3644067796610425,3.490000000000009,3.4704999999999813,0.204,-1.0,,,13,0,1.0,2024
2024-01-23 13:00:00+00:00|1.0|calendar_drop_friday_h13_tp06_sl065,2024-01-23 13:00:00+00:00,STAGE28A,data/reports/stage28a_discovery_factory_batch_runner/stage28a_exact_trades.csv,calendar_time_risk_proxy_v1,calendar_drop_friday_h13_tp06_sl065,-2.007175000000052,-3.057175000000052,-3.757175000000052,0,0,0,0,3.057175000000052,15.519999999999982,8.38000000000011,0.8210023866348201,13.160000000000082,0.19452887537995114,3.990000000000009,3.646499999999969,0.288,1.0,,,13,1,1.0,2024
2024-01-24 13:00:00+00:00|1.0|calendar_drop_friday_h13_tp06_sl065,2024-01-24 13:00:00+00:00,STAGE28A,data/reports/stage28a_discovery_factory_batch_runner/stage28a_exact_trades.csv,calendar_time_risk_proxy_v1,calendar_drop_friday_h13_tp06_sl065,1.0125999999999291,-0.0374000000000704,-0.7374000000000702,0,0,0,0,0.0374000000000704,18.340000000000146,5.8599999999999,0.8447098976109437,11.279999999999973,0.7402482269503483,3.6800000000000637,3.2684999999999946,0.14,1.0,,,13,2,1.0,2024
2024-01-25 13:00:00+00:00|1.0|calendar_drop_friday_h13_tp06_sl065,2024-01-25 13:00:00+00:00,STAGE28A,data/reports/stage28a_discovery_factory_batch_runner/stage28a_exact_trades.csv,calendar_time_risk_proxy_v1,calendar_drop_friday_h13_tp06_sl065,0.673300000000063,-0.376699999999937,-1.0766999999999367,0,0,0,0,0.376699999999937,25.52000000000021,3.400000000000091,0.18823529411767145,7.019999999999982,0.5270655270655349,2.3099999999999454,3.466000000000008,0.248,1.0,,,13,3,1.0,2024
2024-01-26 23:45:00+00:00|1.0|calendar_drop_friday_h13_tp06_sl065,2024-01-26 23:45:00+00:00,STAGE28A,data/reports/stage28a_discovery_factory_batch_runner/stage28a_exact_trades.csv,calendar_time_risk_proxy_v1,calendar_drop_friday_h13_tp06_sl065,-0.35,-1.4,-2.1,0,0,0,0,1.4,15.400000000000091,4.779999999999973,0.10460251046025164,5.669999999999845,0.41975308641978376,2.8199999999999363,3.141000000000031,0.136,1.0,,,13,4,1.0,2024
2024-01-29 13:00:00+00:00|1.0|calendar_drop_friday_h13_tp06_sl065,2024-01-29 13:00:00+00:00,STAGE28A,data/reports/stage28a_discovery_factory_batch_runner/stage28a_exact_trades.csv,calendar_time_risk_proxy_v1,calendar_drop_friday_h13_tp06_sl065,0.6918999999999415,-0.3581000000000585,-1.0581000000000582,0,0,0,0,0.3581000000000585,7.220000000000027,9.13000000000011,0.4928806133625352,9.209999999999809,0.1400651465798035,2.990000000000009,3.376999999999987,0.24,1.0,,,13,0,1.0,2024
2024-01-30 13:00:00+00:00|1.0|calendar_drop_friday_h13_tp06_sl065,2024-01-30 13:00:00+00:00,STAGE28A,data/reports/stage28a_discovery_factory_batch_runner/stage28a_exact_trades.csv,calendar_time_risk_proxy_v1,calendar_drop_friday_h13_tp06_sl065,0.6210999999999786,-0.4289000000000214,-1.128900000000021,0,0,0,0,0.4289000000000214,18.460000000000036,4.819999999999936,0.13278008298757438,8.829999999999927,0.43488108720271235,2.3299999999999272,3.5630000000000335,0.28,1.0,,,13,1,1.0,2024
2024-01-31 13:00:00+00:00|1.0|calendar_drop_friday_h13_tp06_sl065,2024-01-31 13:00:00+00:00,STAGE28A,data/reports/stage28a_discovery_factory_batch_runner/stage28a_exact_trades.csv,calendar_time_risk_proxy_v1,calendar_drop_friday_h13_tp06_sl065,-1.3132999999998902,-2.36329999999989,-3.0632999999998898,0,0,0,0,2.36329999999989,19.54000000000019,5.800000000000182,0.32931034482759,7.150000000000091,0.3356643356643441,2.0,3.3815000000000395,0.164,1.0,,,13,2,1.0,2024
2024-02-01 13:00:00+00:00|-1.0|calendar_drop_friday_h13_tp06_sl065,2024-02-01 13:00:00+00:00,STAGE28A,data/reports/stage28a_discovery_factory_batch_runner/stage28a_exact_trades.csv,calendar_time_risk_proxy_v1,calendar_drop_friday_h13_tp06_sl065,0.9820000000001072,-0.0679999999998925,-0.7679999999998923,0,0,0,0,0.0679999999998925,25.1400000000001,10.269999999999754,0.559883154819877,15.329999999999927,0.8962818003913943,10.25,4.909499999999957,0.948,-1.0,,,13,3,2.0,2024
2024-02-02 23:45:00+00:00|1.0|calendar_drop_friday_h13_tp06_sl065,2024-02-02 23:45:00+00:00,STAGE28A,data/reports/stage28a_discovery_factory_batch_runner/stage28a_exact_trades.csv,calendar_time_risk_proxy_v1,calendar_drop_friday_h13_tp06_sl065,-1.4303000000000794,-2.480300000000079,-3.180300000000079,0,0,0,0,2.480300000000079,35.590000000000146,4.920000000000073,0.052845528455235706,4.200000000000273,0.10000000000001083,2.3500000000001364,4.453499999999963,0.748,1.0,,,13,4,2.0,2024
2024-02-05 13:00:00+00:00|-1.0|calendar_drop_friday_h13_tp06_sl065,2024-02-05 13:00:00+00:00,STAGE28A,data/reports/stage28a_discovery_factory_batch_runner/stage28a_exact_trades.csv,calendar_time_risk_proxy_v1,calendar_drop_friday_h13_tp06_sl065,0.8374000000000251,-0.2125999999999748,-0.9125999999999744,0,0,0,0,0.2125999999999748,3.3900000000001,11.839999999999918,0.6173986486486484,11.329999999999927,0.6548984995586843,2.910000000000082,3.944999999999993,0.404,-1.0,,,13,0,2.0,2024
2024-02-06 13:00:00+00:00|-1.0|calendar_drop_friday_h13_tp06_sl065,2024-02-06 13:00:00+00:00,STAGE28A,data/reports/stage28a_discovery_factory_batch_runner/stage28a_exact_trades.csv,calendar_time_risk_proxy_v1,calendar_drop_friday_h13_tp06_sl065,0.6145000000000437,-0.4354999999999562,-1.135499999999956,0,0,0,0,0.4354999999999562,27.329999999999927,5.100000000000136,0.24705882352940337,6.990000000000009,0.34477825464947803,2.8899999999998727,2.9900000000000317,0.02,-1.0,,,13,1,2.0,2024
2024-02-07 13:00:00+00:00|-1.0|calendar_drop_friday_h13_tp06_sl065,2024-02-07 13:00:00+00:00,STAGE28A,data/reports/stage28a_discovery_factory_batch_runner/stage28a_exact_trades.csv,calendar_time_risk_proxy_v1,calendar_drop_friday_h13_tp06_sl065,0.3382000000000517,-0.7117999999999483,-1.411799999999948,0,0,0,0,0.7117999999999483,16.189999999999827,2.230000000000018,0.004484304932731311,4.889999999999873,0.40286298568508766,1.699999999999818,2.6769999999999756,0.016,-1.0,,,13,2,2.0,2024
2024-02-08 13:00:00+00:00|1.0|calendar_drop_friday_h13_tp06_sl065,2024-02-08 13:00:00+00:00,STAGE28A,data/reports/stage28a_discovery_factory_batch_runner/stage28a_exact_trades.csv,calendar_time_risk_proxy_v1,calendar_drop_friday_h13_tp06_sl065,0.7617999999999029,-0.288200000000097,-0.9882000000000968,0,0,0,0,0.288200000000097,13.970000000000027,7.0,0.6028571428571468,9.599999999999909,0.41041666666665255,3.75,3.0735000000000015,0.1,1.0,,,13,3,2.0,2024
2024-02-09 23:45:00+00:00|1.0|calendar_drop_friday_h13_tp06_sl065,2024-02-09 23:45:00+00:00,STAGE28A,data/reports/stage28a_discovery_factory_batch_runner/stage28a_exact_trades.csv,calendar_time_risk_proxy_v1,calendar_drop_friday_h13_tp06_sl065,-0.35,-1.4,-2.1,0,0,0,0,1.4,18.6400000000001,3.1599999999998545,0.49367088607595483,4.460000000000036,0.022421524663656555,2.3199999999999363,3.3504999999999883,0.284,1.0,,,13,4,2.0,2024
2024-02-12 13:00:00+00:00|-1.0|calendar_drop_friday_h13_tp06_sl065,2024-02-12 13:00:00+00:00,STAGE28A,data/reports/stage28a_discovery_factory_batch_runner/stage28a_exact_trades.csv,calendar_time_risk_proxy_v1,calendar_drop_friday_h13_tp06_sl065,-1.1901249999999437,-2.2401249999999435,-2.9401249999999437,0,0,0,0,2.2401249999999435,2.4199999999998454,4.959999999999809,0.46774193548387616,7.339999999999918,0.30245231607630135,1.25,2.2905000000000086,0.012,-1.0,,,13,0,2.0,2024
2024-02-13 13:00:00+00:00|1.0|calendar_drop_friday_h13_tp06_sl065,2024-02-13 13:00:00+00:00,STAGE28A,data/reports/stage28a_discovery_factory_batch_runner/stage28a_exact_trades.csv,calendar_time_risk_proxy_v1,calendar_drop_friday_h13_tp06_sl065,-1.0643499999999677,-2.1143499999999675,-2.8143499999999677,0,0,0,0,2.1143499999999675,15.639999999999873,4.4099999999998545,0.04081632653062803,9.190000000000055,0.8476605005440606,1.9500000000000455,2.382499999999993,0.028,1.0,,,13,1,2.0,2024
2024-02-14 13:00:00+00:00|-1.0|calendar_drop_friday_h13_tp06_sl065,2024-02-14 13:00:00+00:00,STAGE28A,data/reports/stage28a_discovery_factory_batch_runner/stage28a_exact_trades.csv,calendar_time_risk_proxy_v1,calendar_drop_friday_h13_tp06_sl065,0.6684999999999036,-0.3815000000000963,-1.081500000000096,0,0,0,0,0.3815000000000963,39.86999999999989,4.75,0.19578947368422392,7.1400000000001,0.06162464985991891,3.240000000000009,2.9044999999999845,0.124,-1.0,,,13,2,2.0,2024
2024-02-15 13:00:00+00:00|1.0|calendar_drop_friday_h13_tp06_sl065,2024-02-15 13:00:00+00:00,STAGE28A,data/reports/stage28a_discovery_factory_batch_runner/stage28a_exact_trades.csv,calendar_time_risk_proxy_v1,calendar_drop_friday_h13_tp06_sl065,0.390099999999984,-0.6599000000000159,-1.3599000000000157,0,0,0,0,0.6599000000000159,11.839999999999918,4.119999999999891,0.41262135922332294,6.5,0.6123076923076951,2.1800000000000637,2.6799999999999726,0.084,1.0,,,13,3,2.0,2024
2024-02-16 23:45:00+00:00|1.0|calendar_drop_friday_h13_tp06_sl065,2024-02-16 23:45:00+00:00,STAGE28A,data/reports/stage28a_discovery_factory_batch_runner/stage28a_exact_trades.csv,calendar_time_risk_proxy_v1,calendar_drop_friday_h13_tp06_sl065,-0.35,-1.4,-2.1,0,0,0,0,1.4,18.230000000000018,3.2799999999999727,0.06097560975611193,4.819999999999936,0.7406639004149344,1.8399999999999181,3.817499999999984,0.712,1.0,,,13,4,2.0,2024
2024-02-19 13:00:00+00:00|1.0|calendar_drop_friday_h13_tp06_sl065,2024-02-19 13:00:00+00:00,STAGE28A,data/reports/stage28a_discovery_factory_batch_runner/stage28a_exact_trades.csv,calendar_time_risk_proxy_v1,calendar_drop_friday_h13_tp06_sl065,0.3267999999999574,-0.7232000000000425,-1.4232000000000422,0,0,0,0,0.7232000000000425,3.8799999999998818,10.86999999999989,0.48850045998160063,4.650000000000091,0.027956989247285853,2.3099999999999454,3.430499999999995,0.62,1.0,,,13,0,2.0,2024
2024-02-20 13:00:00+00:00|1.0|calendar_drop_friday_h13_tp06_sl065,2024-02-20 13:00:00+00:00,STAGE28A,data/reports/stage28a_discovery_factory_batch_runner/stage28a_exact_trades.csv,calendar_time_risk_proxy_v1,calendar_drop_friday_h13_tp06_sl065,0.5467000000000098,-0.5032999999999901,-1.2032999999999898,0,0,0,0,0.5032999999999901,10.980000000000018,4.650000000000091,0.7053763440860508,9.879999999999882,0.6730769230769174,4.079999999999927,2.237500000000023,0.072,1.0,,,13,1,2.0,2024
2024-02-21 13:00:00+00:00|-1.0|calendar_drop_friday_h13_tp06_sl065,2024-02-21 13:00:00+00:00,STAGE28A,data/reports/stage28a_discovery_factory_batch_runner/stage28a_exact_trades.csv,calendar_time_risk_proxy_v1,calendar_drop_friday_h13_tp06_sl065,-1.135525000000007,-2.185525000000007,-2.8855250000000066,0,0,0,0,2.185525000000007,15.829999999999927,8.420000000000073,0.8016627078384729,6.25,0.15520000000000436,2.1699999999998454,2.332500000000027,0.108,-1.0,,,13,2,2.0,2024
2024-02-22 13:00:00+00:00|1.0|calendar_drop_friday_h13_tp06_sl065,2024-02-22 13:00:00+00:00,STAGE28A,data/reports/stage28a_discovery_factory_batch_runner/stage28a_exact_trades.csv,calendar_time_risk_proxy_v1,calendar_drop_friday_h13_tp06_sl065,0.6531999999998789,-0.396800000000121,-1.0968000000001208,0,0,0,0,0.396800000000121,12.1400000000001,3.849999999999909,0.7974025974025997,6.670000000000073,0.1004497751124536,2.019999999999982,2.9270000000000325,0.388,1.0,,,13,3,2.0,2024
2024-02-23 23:45:00+00:00|1.0|calendar_drop_friday_h13_tp06_sl065,2024-02-23 23:45:00+00:00,STAGE28A,data/reports/stage28a_discovery_factory_batch_runner/stage28a_exact_trades.csv,calendar_time_risk_proxy_v1,calendar_drop_friday_h13_tp06_sl065,-0.35,-1.4,-2.1,0,0,0,0,1.4,15.36999999999989,4.559999999999945,0.2763157894736855,10.110000000000127,0.2908011869435994,1.759999999999991,3.9100000000000135,0.876,1.0,,,13,4,2.0,2024
2024-02-26 13:00:00+00:00|1.0|calendar_drop_friday_h13_tp06_sl065,2024-02-26 13:00:00+00:00,STAGE28A,data/reports/stage28a_discovery_factory_batch_runner/stage28a_exact_trades.csv,calendar_time_risk_proxy_v1,calendar_drop_friday_h13_tp06_sl065,-1.4263999999999215,-2.4763999999999213,-3.176399999999921,0,0,0,0,2.4763999999999213,2.7999999999999545,5.069999999999936,0.36489151873765924,5.349999999999909,0.007476635514012018,3.740000000000009,3.023999999999944,0.464,1.0,,,13,0,2.0,2024
2024-02-27 13:00:00+00:00|1.0|calendar_drop_friday_h13_tp06_sl065,2024-02-27 13:00:00+00:00,STAGE28A,data/reports/stage28a_discovery_factory_batch_runner/stage28a_exact_trades.csv,calendar_time_risk_proxy_v1,calendar_drop_friday_h13_tp06_sl065,-1.1920750000000226,-2.2420750000000225,-2.942075000000022,0,0,0,0,2.2420750000000225,12.009999999999991,4.0499999999999545,0.6246913580246917,6.789999999999964,0.42120765832108137,2.130000000000109,2.2745000000000006,0.088,1.0,,,13,1,2.0,2024
2024-02-28 13:00:00+00:00|-1.0|calendar_drop_friday_h13_tp06_sl065,2024-02-28 13:00:00+00:00,STAGE28A,data/reports/stage28a_discovery_factory_batch_runner/stage28a_exact_trades.csv,calendar_time_risk_proxy_v1,calendar_drop_friday_h13_tp06_sl065,-1.1283750000000965,-2.1783750000000963,-2.878375000000096,0,0,0,0,2.1783750000000963,10.730000000000018,4.599999999999909,0.01956521739133637,7.720000000000027,0.3873056994818651,3.1099999999999,2.473999999999978,0.164,-1.0,,,13,2,2.0,2024
2024-02-29 13:00:00+00:00|-1.0|calendar_drop_friday_h13_tp06_sl065,2024-02-29 13:00:00+00:00,STAGE28A,data/reports/stage28a_discovery_factory_batch_runner/stage28a_exact_trades.csv,calendar_time_risk_proxy_v1,calendar_drop_friday_h13_tp06_sl065,0.3826000000000477,-0.6673999999999523,-1.367399999999952,0,0,0,0,0.6673999999999523,13.420000000000073,3.1299999999998818,0.1629392971246039,7.2999999999999545,0.5931506849315318,4.240000000000009,2.2214999999999576,0.072,-1.0,,,13,3,2.0,2024
2024-03-01 23:45:00+00:00|1.0|calendar_drop_friday_h13_tp06_sl065,2024-03-01 23:45:00+00:00,STAGE28A,data/reports/stage28a_discovery_factory_batch_runner/stage28a_exact_trades.csv,calendar_time_risk_proxy_v1,calendar_drop_friday_h13_tp06_sl065,-0.35,-1.4,-2.1,0,0,0,0,1.4,22.72999999999979,3.9600000000000364,0.31565656565656275,16.0300000000002,0.5832813474734743,2.319999999999709,5.787499999999977,1.0,1.0,,,13,4,3.0,2024
2024-03-04 13:00:00+00:00|1.0|calendar_drop_friday_h13_tp06_sl065,2024-03-04 13:00:00+00:00,STAGE28A,data/reports/stage28a_discovery_factory_batch_runner/stage28a_exact_trades.csv,calendar_time_risk_proxy_v1,calendar_drop_friday_h13_tp06_sl065,-1.388050000000112,-2.438050000000112,-3.138050000000112,0,0,0,0,2.438050000000112,4.239999999999782,6.610000000000127,0.4175491679274077,7.710000000000036,0.41115434500649256,3.180000000000291,3.5870000000000117,0.828,1.0,,,13,0,3.0,2024
2024-03-05 13:00:00+00:00|1.0|calendar_drop_friday_h13_tp06_sl065,2024-03-05 13:00:00+00:00,STAGE28A,data/reports/stage28a_discovery_factory_batch_runner/stage28a_exact_trades.csv,calendar_time_risk_proxy_v1,calendar_drop_friday_h13_tp06_sl065,-2.000349999999889,-3.0503499999998893,-3.750349999999889,0,0,0,0,3.0503499999998893,40.370000000000346,6.349999999999909,0.22204724409446847,13.2800000000002,0.5813253012047954,3.880000000000109,4.7870000000000115,0.864,1.0,,,13,1,3.0,2024
2024-03-06 13:00:00+00:00|1.0|calendar_drop_friday_h13_tp06_sl065,2024-03-06 13:00:00+00:00,STAGE28A,data/reports/stage28a_discovery_factory_batch_runner/stage28a_exact_trades.csv,calendar_time_risk_proxy_v1,calendar_drop_friday_h13_tp06_sl065,-1.7273499999997513,-2.777349999999751,-3.477349999999751,0,0,0,0,2.777349999999751,31.329999999999927,4.799999999999727,0.38333333333338543,7.150000000000091,0.07412587412590117,4.029999999999745,3.9264999999999417,0.732,1.0,,,13,2,3.0,2024
2024-03-07 13:00:00+00:00|-1.0|calendar_drop_friday_h13_tp06_sl065,2024-03-07 13:00:00+00:00,STAGE28A,data/reports/stage28a_discovery_factory_batch_runner/stage28a_exact_trades.csv,calendar_time_risk_proxy_v1,calendar_drop_friday_h13_tp06_sl065,-1.7604999999999564,-2.8104999999999563,-3.510499999999956,0,0,0,0,2.8104999999999563,28.549999999999727,17.11999999999989,0.6407710280374022,8.299999999999727,0.07108433734936268,2.819999999999709,5.8159999999999625,0.908,-1.0,,,13,3,3.0,2024
2024-03-08 23:45:00+00:00|1.0|calendar_drop_friday_h13_tp06_sl065,2024-03-08 23:45:00+00:00,STAGE28A,data/reports/stage28a_discovery_factory_batch_runner/stage28a_exact_trades.csv,calendar_time_risk_proxy_v1,calendar_drop_friday_h13_tp06_sl065,-0.35,-1.4,-2.1,0,0,0,0,1.4,20.460000000000036,9.510000000000218,0.4437434279705739,14.920000000000073,0.724530831099219,2.4899999999997817,7.282499999999937,0.996,1.0,,,13,4,3.0,2024
2024-03-11 13:00:00+00:00|-1.0|calendar_drop_friday_h13_tp06_sl065,2024-03-11 13:00:00+00:00,STAGE28A,data/reports/stage28a_discovery_factory_batch_runner/stage28a_exact_trades.csv,calendar_time_risk_proxy_v1,calendar_drop_friday_h13_tp06_sl065,-1.7413250000000515,-2.791325000000052,-3.4913250000000517,0,0,0,0,2.791325000000052,6.599999999999909,12.099999999999909,0.08595041322313814,7.160000000000309,0.40502793296088907,3.849999999999909,5.740000000000054,0.8,-1.0,,,13,0,3.0,2024
2024-03-12 13:00:00+00:00|-1.0|calendar_drop_friday_h13_tp06_sl065,2024-03-12 13:00:00+00:00,STAGE28A,data/reports/stage28a_discovery_factory_batch_runner/stage28a_exact_trades.csv,calendar_time_risk_proxy_v1,calendar_drop_friday_h13_tp06_sl065,-1.4384249999999157,-2.4884249999999155,-3.1884249999999152,0,0,0,0,2.4884249999999155,14.239999999999782,7.929999999999836,0.5056746532156748,5.539999999999964,0.30685920577622455,2.230000000000018,3.506999999999903,0.352,-1.0,,,13,1,3.0,2024
2024-03-13 13:00:00+00:00|-1.0|calendar_drop_friday_h13_tp06_sl065,2024-03-13 13:00:00+00:00,STAGE28A,data/reports/stage28a_discovery_factory_batch_runner/stage28a_exact_trades.csv,calendar_time_risk_proxy_v1,calendar_drop_friday_h13_tp06_sl065,-1.4328999999998815,-2.4828999999998813,-3.182899999999881,0,0,0,0,2.4828999999998813,34.179999999999836,5.730000000000018,0.41884816753928156,6.049999999999727,0.6694214876033661,5.5099999999997635,4.154999999999927,0.3,-1.0,,,13,2,3.0,2024
2024-03-14 13:00:00+00:00|-1.0|calendar_drop_friday_h13_tp06_sl065,2024-03-14 13:00:00+00:00,STAGE28A,data/reports/stage28a_discovery_factory_batch_runner/stage28a_exact_trades.csv,calendar_time_risk_proxy_v1,calendar_drop_friday_h13_tp06_sl065,-1.3197999999998502,-2.36979999999985,-3.0697999999998498,0,0,0,0,2.36979999999985,24.059999999999945,5.920000000000073,0.44087837837839444,4.599999999999909,0.2434782608695463,2.869999999999891,3.046000000000004,0.056,-1.0,,,13,3,3.0,2024
2024-03-15 22:45:00+00:00|1.0|calendar_drop_friday_h13_tp06_sl065,2024-03-15 22:45:00+00:00,STAGE28A,data/reports/stage28a_discovery_factory_batch_runner/stage28a_exact_trades.csv,calendar_time_risk_proxy_v1,calendar_drop_friday_h13_tp06_sl065,0.7584999999998218,-0.2915000000001781,-0.991500000000178,0,0,0,0,0.2915000000001781,24.159999999999854,5.289999999999964,0.43100189035920905,9.289999999999964,0.511302475780411,3.0599999999999454,4.423000000000002,0.344,1.0,,,13,4,3.0,2024
2024-03-18 13:00:00+00:00|1.0|calendar_drop_friday_h13_tp06_sl065,2024-03-18 13:00:00+00:00,STAGE28A,data/reports/stage28a_discovery_factory_batch_runner/stage28a_exact_trades.csv,calendar_time_risk_proxy_v1,calendar_drop_friday_h13_tp06_sl065,0.7494999999998072,-0.3005000000001927,-1.0005000000001925,0,0,0,0,0.3005000000001927,5.369999999999891,11.419999999999618,0.6444833625219242,12.349999999999909,0.8858299595141441,3.8899999999998727,3.7884999999999764,0.128,1.0,,,13,0,3.0,2024
2024-03-19 13:00:00+00:00|-1.0|calendar_drop_friday_h13_tp06_sl065,2024-03-19 13:00:00+00:00,STAGE28A,data/reports/stage28a_discovery_factory_batch_runner/stage28a_exact_trades.csv,calendar_time_risk_proxy_v1,calendar_drop_friday_h13_tp06_sl065,-1.92202499999994,-2.9720249999999395,-3.6720249999999393,0,0,0,0,2.9720249999999395,17.559999999999945,4.1599999999998545,0.16105769230771544,13.179999999999836,0.4613050075872536,3.869999999999891,3.177499999999918,0.036,-1.0,,,13,1,3.0,2024
2024-03-20 13:00:00+00:00|-1.0|calendar_drop_friday_h13_tp06_sl065,2024-03-20 13:00:00+00:00,STAGE28A,data/reports/stage28a_discovery_factory_batch_runner/stage28a_exact_trades.csv,calendar_time_risk_proxy_v1,calendar_drop_friday_h13_tp06_sl065,-1.378949999999895,-2.428949999999895,-3.128949999999895,0,0,0,0,2.428949999999895,15.599999999999909,5.110000000000127,0.031311154598796576,7.079999999999927,0.3587570621468912,2.5099999999997635,2.52349999999999,0.004,-1.0,,,13,2,3.0,2024
2024-03-21 13:00:00+00:00|1.0|calendar_drop_friday_h13_tp06_sl065,2024-03-21 13:00:00+00:00,STAGE28A,data/reports/stage28a_discovery_factory_batch_runner/stage28a_exact_trades.csv,calendar_time_risk_proxy_v1,calendar_drop_friday_h13_tp06_sl065,-2.309749999999985,-3.3597499999999854,-4.059749999999985,0,0,0,1,3.3597499999999854,56.710000000000036,36.17000000000007,0.017694221730712507,14.86999999999989,0.2958977807666525,6.569999999999709,8.787499999999977,0.988,1.0,,,13,3,3.0,2024
2024-03-22 22:45:00+00:00|1.0|calendar_drop_friday_h13_tp06_sl065,2024-03-22 22:45:00+00:00,STAGE28A,data/reports/stage28a_discovery_factory_batch_runner/stage28a_exact_trades.csv,calendar_time_risk_proxy_v1,calendar_drop_friday_h13_tp06_sl065,-0.35,-1.4,-2.1,0,0,0,0,1.4,56.07999999999993,14.199999999999818,0.53169014084509,13.659999999999854,0.46998535871157693,3.319999999999709,5.963500000000022,0.756,1.0,,,13,4,3.0,2024
2024-03-25 13:00:00+00:00|-1.0|calendar_drop_friday_h13_tp06_sl065,2024-03-25 13:00:00+00:00,STAGE28A,data/reports/stage28a_discovery_factory_batch_runner/stage28a_exact_trades.csv,calendar_time_risk_proxy_v1,calendar_drop_friday_h13_tp06_sl065,1.1377000000001316,0.0877000000001317,-0.612299999999868,1,0,0,0,0.0877000000001317,4.119999999999891,14.300000000000182,0.2930069930069931,7.529999999999745,0.13014608233732422,3.4600000000000364,4.815999999999986,0.608,-1.0,,,13,0,3.0,2024
2024-03-26 13:00:00+00:00|1.0|calendar_drop_friday_h13_tp06_sl065,2024-03-26 13:00:00+00:00,STAGE28A,data/reports/stage28a_discovery_factory_batch_runner/stage28a_exact_trades.csv,calendar_time_risk_proxy_v1,calendar_drop_friday_h13_tp06_sl065,-2.34777499999982,-3.3977749999998195,-4.097774999999819,0,0,0,1,3.3977749999998195,17.779999999999745,6.839999999999691,0.09941520467834314,30.460000000000036,0.8365068942875898,9.3100000000004,4.076999999999953,0.496,1.0,,,13,1,3.0,2024
2024-03-27 13:00:00+00:00|1.0|calendar_drop_friday_h13_tp06_sl065,2024-03-27 13:00:00+00:00,STAGE28A,data/reports/stage28a_discovery_factory_batch_runner/stage28a_exact_trades.csv,calendar_time_risk_proxy_v1,calendar_drop_friday_h13_tp06_sl065,1.5381999999998697,0.4881999999998698,-0.2118000000001298,1,0,1,0,0.4881999999998698,32.460000000000036,8.480000000000018,0.12264150943395771,18.800000000000182,0.8202127659574427,5.809999999999945,4.6720000000000255,0.6,1.0,,,13,2,3.0,2024
2024-03-28 13:00:00+00:00|1.0|calendar_drop_friday_h13_tp06_sl065,2024-03-28 13:00:00+00:00,STAGE28A,data/reports/stage28a_discovery_factory_batch_runner/stage28a_exact_trades.csv,calendar_time_risk_proxy_v1,calendar_drop_friday_h13_tp06_sl065,-2.364674999999897,-3.4146749999998973,-4.114674999999897,0,0,0,1,3.4146749999998973,24.330000000000382,9.559999999999945,0.5041841004184301,22.920000000000073,0.7273123909249374,16.63000000000011,4.6440000000000055,0.538,1.0,,,13,3,3.0,2024
2024-03-28 22:45:00+00:00|1.0|calendar_drop_friday_h13_tp06_sl065,2024-03-28 22:45:00+00:00,STAGE28A,data/reports/stage28a_discovery_factory_batch_runner/stage28a_exact_trades.csv,calendar_time_risk_proxy_v1,calendar_drop_friday_h13_tp06_sl065,-2.586974999999802,-3.636974999999802,-4.336974999999802,0,0,0,1,3.636974999999802,24.330000000000382,9.559999999999945,0.5041841004184301,22.920000000000073,0.7273123909249374,4.319999999999709,6.866000000000031,0.912,1.0,,,13,3,3.0,2024
2024-04-01 13:00:00+00:00|-1.0|calendar_drop_friday_h13_tp06_sl065,2024-04-01 13:00:00+00:00,STAGE28A,data/reports/stage28a_discovery_factory_batch_runner/stage28a_exact_trades.csv,calendar_time_risk_proxy_v1,calendar_drop_friday_h13_tp06_sl065,1.3095999999999548,0.259599999999955,-0.4404000000000447,1,0,1,0,0.259599999999955,9.899999999999636,30.36999999999989,0.9045110306223363,16.300000000000182,0.7785276073619299,8.990000000000236,8.083999999999946,0.884,-1.0,,,13,0,4.0,2024
2024-04-02 13:00:00+00:00|1.0|calendar_drop_friday_h13_tp06_sl065,2024-04-02 13:00:00+00:00,STAGE28A,data/reports/stage28a_discovery_factory_batch_runner/stage28a_exact_trades.csv,calendar_time_risk_proxy_v1,calendar_drop_friday_h13_tp06_sl065,1.31800000000012,0.2680000000001201,-0.4319999999998796,1,0,1,0,0.2680000000001201,37.11999999999989,9.169999999999618,0.22246455834242623,16.440000000000055,0.5675182481751762,7.210000000000036,6.227000000000066,0.728,1.0,,,13,1,4.0,2024
2024-04-03 13:00:00+00:00|-1.0|calendar_drop_friday_h13_tp06_sl065,2024-04-03 13:00:00+00:00,STAGE28A,data/reports/stage28a_discovery_factory_batch_runner/stage28a_exact_trades.csv,calendar_time_risk_proxy_v1,calendar_drop_friday_h13_tp06_sl065,-2.519699999999921,-3.5696999999999206,-4.26969999999992,0,0,0,1,3.5696999999999206,35.35999999999967,11.590000000000146,0.28127696289906623,19.360000000000127,0.6714876033057807,5.150000000000091,7.227500000000032,0.736,-1.0,,,13,2,4.0,2024
2024-04-04 13:00:00+00:00|-1.0|calendar_drop_friday_h13_tp06_sl065,2024-04-04 13:00:00+00:00,STAGE28A,data/reports/stage28a_discovery_factory_batch_runner/stage28a_exact_trades.csv,calendar_time_risk_proxy_v1,calendar_drop_friday_h13_tp06_sl065,1.1035000000000763,0.0535000000000764,-0.6464999999999232,1,0,0,0,0.0535000000000764,36.26999999999998,8.36999999999989,0.30943847072881475,9.809999999999945,0.5983690112130865,3.2899999999999636,5.460999999999944,0.38,-1.0,,,13,3,4.0,2024
2024-04-05 23:45:00+00:00|1.0|calendar_drop_friday_h13_tp06_sl065,2024-04-05 23:45:00+00:00,STAGE28A,data/reports/stage28a_discovery_factory_batch_runner/stage28a_exact_trades.csv,calendar_time_risk_proxy_v1,calendar_drop_friday_h13_tp06_sl065,-0.35,-1.4,-2.1,0,0,0,0,1.4,25.519999999999982,25.579999999999927,0.5136825645035327,16.9699999999998,0.8461991750147494,4.579999999999927,8.988500000000021,0.948,1.0,,,13,4,4.0,2024
2024-04-08 13:00:00+00:00|-1.0|calendar_drop_friday_h13_tp06_sl065,2024-04-08 13:00:00+00:00,STAGE28A,data/reports/stage28a_discovery_factory_batch_runner/stage28a_exact_trades.csv,calendar_time_risk_proxy_v1,calendar_drop_friday_h13_tp06_sl065,-3.099824999999873,-4.149824999999874,-4.849824999999873,0,0,0,1,4.149824999999874,24.11999999999989,51.0300000000002,0.7460317460317463,13.789999999999964,0.5823060188542583,3.680000000000291,11.00200000000002,0.968,-1.0,,,13,0,4.0,2024
2024-04-09 13:00:00+00:00|1.0|calendar_drop_friday_h13_tp06_sl065,2024-04-09 13:00:00+00:00,STAGE28A,data/reports/stage28a_discovery_factory_batch_runner/stage28a_exact_trades.csv,calendar_time_risk_proxy_v1,calendar_drop_friday_h13_tp06_sl065,1.8130000000000108,0.763000000000011,0.0630000000000112,1,1,1,0,0.763000000000011,51.0300000000002,11.669999999999618,0.43958868894603914,22.269999999999982,0.8630444544230027,8.110000000000127,5.683000000000038,0.324,1.0,,,13,1,4.0,2024
2024-04-10 13:00:00+00:00|1.0|calendar_drop_friday_h13_tp06_sl065,2024-04-10 13:00:00+00:00,STAGE28A,data/reports/stage28a_discovery_factory_batch_runner/stage28a_exact_trades.csv,calendar_time_risk_proxy_v1,calendar_drop_friday_h13_tp06_sl065,-2.1709750000000896,-3.2209750000000894,-3.920975000000089,0,0,0,1,3.2209750000000894,28.559999999999945,10.890000000000327,0.09641873278238296,14.990000000000236,0.24016010673784569,9.75,6.445500000000038,0.4,1.0,,,13,2,4.0,2024
2024-04-11 13:00:00+00:00|-1.0|calendar_drop_friday_h13_tp06_sl065,2024-04-11 13:00:00+00:00,STAGE28A,data/reports/stage28a_discovery_factory_batch_runner/stage28a_exact_trades.csv,calendar_time_risk_proxy_v1,calendar_drop_friday_h13_tp06_sl065,1.939600000000064,0.8896000000000641,0.1896000000000643,1,1,1,0,0.8896000000000641,40.75,13.490000000000236,0.5937731653076074,20.360000000000127,0.6512770137524625,7.230000000000018,7.8875,0.668,-1.0,,,13,3,4.0,2024
2024-04-12 23:45:00+00:00|1.0|calendar_drop_friday_h13_tp06_sl065,2024-04-12 23:45:00+00:00,STAGE28A,data/reports/stage28a_discovery_factory_batch_runner/stage28a_exact_trades.csv,calendar_time_risk_proxy_v1,calendar_drop_friday_h13_tp06_sl065,-0.35,-1.4,-2.1,0,0,0,0,1.4,52.0300000000002,23.449999999999818,0.4366737739872009,17.809999999999945,0.7810218978102388,11.5,13.90400000000002,1.0,1.0,,,13,4,4.0,2024
2024-04-15 13:00:00+00:00|-1.0|calendar_drop_friday_h13_tp06_sl065,2024-04-15 13:00:00+00:00,STAGE28A,data/reports/stage28a_discovery_factory_batch_runner/stage28a_exact_trades.csv,calendar_time_risk_proxy_v1,calendar_drop_friday_h13_tp06_sl065,-3.098849999999948,-4.148849999999948,-4.848849999999947,0,0,0,1,4.148849999999948,26.509999999999764,26.509999999999764,0.06563560920406629,17.799999999999727,0.500561797752834,7.230000000000018,15.498499999999945,0.956,-1.0,,,13,0,4.0,2024
2024-04-16 13:00:00+00:00|-1.0|calendar_drop_friday_h13_tp06_sl065,2024-04-16 13:00:00+00:00,STAGE28A,data/reports/stage28a_discovery_factory_batch_runner/stage28a_exact_trades.csv,calendar_time_risk_proxy_v1,calendar_drop_friday_h13_tp06_sl065,2.1060999999998784,1.0560999999998786,0.3560999999998788,1,1,1,0,1.0560999999998786,63.18000000000029,12.900000000000091,0.28062015503874926,25.980000000000018,0.6023864511162463,5.679999999999836,10.346500000000015,0.76,-1.0,,,13,1,4.0,2024
2024-04-17 13:00:00+00:00|1.0|calendar_drop_friday_h13_tp06_sl065,2024-04-17 13:00:00+00:00,STAGE28A,data/reports/stage28a_discovery_factory_batch_runner/stage28a_exact_trades.csv,calendar_time_risk_proxy_v1,calendar_drop_friday_h13_tp06_sl065,1.8067000000000009,0.7567000000000008,0.056700000000001,1,1,1,0,0.7567000000000008,35.210000000000036,6.400000000000091,0.5015624999999986,21.559999999999945,0.4809833024118911,4.470000000000255,8.293000000000053,0.512,1.0,,,13,2,4.0,2024
2024-04-18 13:00:00+00:00|1.0|calendar_drop_friday_h13_tp06_sl065,2024-04-18 13:00:00+00:00,STAGE28A,data/reports/stage28a_discovery_factory_batch_runner/stage28a_exact_trades.csv,calendar_time_risk_proxy_v1,calendar_drop_friday_h13_tp06_sl065,1.0440999999999805,-0.0059000000000195,-0.7059000000000193,0,0,0,0,0.0059000000000195,41.0,12.240000000000236,0.7802287581699344,7.890000000000327,0.6387832699619461,2.980000000000018,7.231500000000028,0.244,1.0,,,13,3,4.0,2024
2024-04-19 23:45:00+00:00|1.0|calendar_drop_friday_h13_tp06_sl065,2024-04-19 23:45:00+00:00,STAGE28A,data/reports/stage28a_discovery_factory_batch_runner/stage28a_exact_trades.csv,calendar_time_risk_proxy_v1,calendar_drop_friday_h13_tp06_sl065,-0.35,-1.4,-2.1,0,0,0,0,1.4,29.889999999999873,44.15000000000009,0.27859569648924476,15.840000000000146,0.6502525252525021,11.539999999999964,11.448999999999955,0.864,1.0,,,13,4,4.0,2024
2024-04-22 13:00:00+00:00|-1.0|calendar_drop_friday_h13_tp06_sl065,2024-04-22 13:00:00+00:00,STAGE28A,data/reports/stage28a_discovery_factory_batch_runner/stage28a_exact_trades.csv,calendar_time_risk_proxy_v1,calendar_drop_friday_h13_tp06_sl065,1.9437999999999191,0.8937999999999193,0.1937999999999196,1,1,1,0,0.8937999999999193,6.799999999999727,26.84999999999991,0.5314711359404108,21.490000000000236,0.3922754769660399,4.5300000000002,7.301499999999942,0.224,-1.0,,,13,0,4.0,2024
2024-04-23 13:00:00+00:00|1.0|calendar_drop_friday_h13_tp06_sl065,2024-04-23 13:00:00+00:00,STAGE28A,data/reports/stage28a_discovery_factory_batch_runner/stage28a_exact_trades.csv,calendar_time_risk_proxy_v1,calendar_drop_friday_h13_tp06_sl065,-3.367624999999953,-4.417624999999953,-5.117624999999952,0,0,0,1,4.417624999999953,63.82999999999993,38.82999999999993,0.7180015451970168,23.220000000000255,0.30146425495262374,11.920000000000073,9.332500000000005,0.672,1.0,,,13,1,4.0,2024
2024-04-24 13:00:00+00:00|-1.0|calendar_drop_friday_h13_tp06_sl065,2024-04-24 13:00:00+00:00,STAGE28A,data/reports/stage28a_discovery_factory_batch_runner/stage28a_exact_trades.csv,calendar_time_risk_proxy_v1,calendar_drop_friday_h13_tp06_sl065,1.4943999999999504,0.4443999999999506,-0.2556000000000491,1,0,1,0,0.4443999999999506,42.88000000000011,12.400000000000091,0.5016129032258233,19.4399999999996,0.6682098765432124,7.519999999999982,6.071000000000117,0.028,-1.0,,,13,2,4.0,2024
2024-04-25 13:00:00+00:00|1.0|calendar_drop_friday_h13_tp06_sl065,2024-04-25 13:00:00+00:00,STAGE28A,data/reports/stage28a_discovery_factory_batch_runner/stage28a_exact_trades.csv,calendar_time_risk_proxy_v1,calendar_drop_friday_h13_tp06_sl065,1.1512000000001534,0.1012000000001536,-0.5987999999998461,1,0,0,0,0.1012000000001536,25.480000000000018,17.029999999999745,0.28185554903113647,16.4699999999998,0.7109896782028038,3.400000000000091,6.169999999999959,0.04,1.0,,,13,3,4.0,2024
2024-04-26 23:45:00+00:00|1.0|calendar_drop_friday_h13_tp06_sl065,2024-04-26 23:45:00+00:00,STAGE28A,data/reports/stage28a_discovery_factory_batch_runner/stage28a_exact_trades.csv,calendar_time_risk_proxy_v1,calendar_drop_friday_h13_tp06_sl065,-0.35,-1.4,-2.1,0,0,0,0,1.4,39.539999999999964,10.019999999999982,0.2195608782434952,19.110000000000127,0.7791732077446483,4.779999999999745,6.5955000000000386,0.152,1.0,,,13,4,4.0,2024
2024-04-29 13:00:00+00:00|1.0|calendar_drop_friday_h13_tp06_sl065,2024-04-29 13:00:00+00:00,STAGE28A,data/reports/stage28a_discovery_factory_batch_runner/stage28a_exact_trades.csv,calendar_time_risk_proxy_v1,calendar_drop_friday_h13_tp06_sl065,1.2505000000000108,0.200500000000011,-0.4994999999999887,1,0,1,0,0.200500000000011,4.539999999999964,17.149999999999636,0.35801749271137046,16.929999999999836,0.8665091553455263,7.6599999999998545,5.875000000000023,0.052,1.0,,,13,0,4.0,2024
2024-04-30 13:00:00+00:00|-1.0|calendar_drop_friday_h13_tp06_sl065,2024-04-30 13:00:00+00:00,STAGE28A,data/reports/stage28a_discovery_factory_batch_runner/stage28a_exact_trades.csv,calendar_time_risk_proxy_v1,calendar_drop_friday_h13_tp06_sl065,1.4475999999998748,0.3975999999998749,-0.3024000000001248,1,0,1,0,0.3975999999998749,26.919999999999618,9.320000000000164,0.6115879828326366,18.879999999999654,0.7733050847457721,5.059999999999945,5.167000000000007,0.02,-1.0,,,13,1,4.0,2024
2024-05-01 13:00:00+00:00|1.0|calendar_drop_friday_h13_tp06_sl065,2024-05-01 13:00:00+00:00,STAGE28A,data/reports/stage28a_discovery_factory_batch_runner/stage28a_exact_trades.csv,calendar_time_risk_proxy_v1,calendar_drop_friday_h13_tp06_sl065,-1.898949999999877,-2.948949999999877,-3.6489499999998767,0,0,0,0,2.948949999999877,51.51000000000022,10.38000000000011,0.6984585741811102,11.5,0.6782608695652332,7.360000000000127,5.703000000000043,0.088,1.0,,,13,2,5.0,2024
2024-05-02 13:00:00+00:00|-1.0|calendar_drop_friday_h13_tp06_sl065,2024-05-02 13:00:00+00:00,STAGE28A,data/reports/stage28a_discovery_factory_batch_runner/stage28a_exact_trades.csv,calendar_time_risk_proxy_v1,calendar_drop_friday_h13_tp06_sl065,-2.526524999999856,-3.576524999999856,-4.276524999999856,0,0,0,1,3.576524999999856,46.82999999999993,9.070000000000164,0.1422271223814708,22.340000000000146,0.8012533572068028,6.7400000000002365,8.24950000000008,0.76,-1.0,,,13,3,5.0,2024
2024-05-03 23:45:00+00:00|1.0|calendar_drop_friday_h13_tp06_sl065,2024-05-03 23:45:00+00:00,STAGE28A,data/reports/stage28a_discovery_factory_batch_runner/stage28a_exact_trades.csv,calendar_time_risk_proxy_v1,calendar_drop_friday_h13_tp06_sl065,1.2436000000001513,0.1936000000001514,-0.5063999999998483,1,0,1,0,0.1936000000001514,41.09999999999991,6.440000000000055,0.2096273291925307,10.970000000000255,0.08477666362810113,5.289999999999964,8.04100000000003,0.732,1.0,,,13,4,5.0,2024
2024-05-06 13:00:00+00:00|1.0|calendar_drop_friday_h13_tp06_sl065,2024-05-06 13:00:00+00:00,STAGE28A,data/reports/stage28a_discovery_factory_batch_runner/stage28a_exact_trades.csv,calendar_time_risk_proxy_v1,calendar_drop_friday_h13_tp06_sl065,-2.143024999999944,-3.193024999999943,-3.893024999999943,0,0,0,1,3.193024999999943,5.210000000000036,23.519999999999982,0.32312925170067663,16.170000000000073,0.741496598639439,6.420000000000073,6.660999999999968,0.412,1.0,,,13,0,5.0,2024
2024-05-07 13:00:00+00:00|-1.0|calendar_drop_friday_h13_tp06_sl065,2024-05-07 13:00:00+00:00,STAGE28A,data/reports/stage28a_discovery_factory_batch_runner/stage28a_exact_trades.csv,calendar_time_risk_proxy_v1,calendar_drop_friday_h13_tp06_sl065,1.2831999999997603,0.2331999999997607,-0.466800000000239,1,0,1,0,0.2331999999997607,40.370000000000346,10.279999999999745,0.17217898832685075,13.360000000000127,0.8345808383233181,4.529999999999745,5.159999999999968,0.052,-1.0,,,13,1,5.0,2024
2024-05-08 13:00:00+00:00|-1.0|calendar_drop_friday_h13_tp06_sl065,2024-05-08 13:00:00+00:00,STAGE28A,data/reports/stage28a_discovery_factory_batch_runner/stage28a_exact_trades.csv,calendar_time_risk_proxy_v1,calendar_drop_friday_h13_tp06_sl065,1.1557000000001607,0.1057000000001608,-0.5942999999998388,1,0,0,0,0.1057000000001608,20.179999999999836,11.240000000000236,0.22775800711742808,17.86999999999989,0.35926133184108067,4.429999999999836,4.8720000000000026,0.056,-1.0,,,13,2,5.0,2024
2024-05-09 13:00:00+00:00|-1.0|calendar_drop_friday_h13_tp06_sl065,2024-05-09 13:00:00+00:00,STAGE28A,data/reports/stage28a_discovery_factory_batch_runner/stage28a_exact_trades.csv,calendar_time_risk_proxy_v1,calendar_drop_friday_h13_tp06_sl065,-1.9889749999998456,-3.0389749999998457,-3.738974999999845,0,0,0,0,3.0389749999998457,17.86999999999989,4.970000000000255,0.5010060362173258,13.08999999999969,0.35752482811305936,5.210000000000036,4.1729999999999565,0.004,-1.0,,,13,3,5.0,2024
2024-05-10 23:45:00+00:00|1.0|calendar_drop_friday_h13_tp06_sl065,2024-05-10 23:45:00+00:00,STAGE28A,data/reports/stage28a_discovery_factory_batch_runner/stage28a_exact_trades.csv,calendar_time_risk_proxy_v1,calendar_drop_friday_h13_tp06_sl065,-0.35,-1.4,-2.1,0,0,0,0,1.4,40.63999999999987,10.659999999999854,0.6716697936210086,24.079999999999927,0.7936046511627984,5.25,7.160500000000002,0.82,1.0,,,13,4,5.0,2024
2024-05-13 13:00:00+00:00|-1.0|calendar_drop_friday_h13_tp06_sl065,2024-05-13 13:00:00+00:00,STAGE28A,data/reports/stage28a_discovery_factory_batch_runner/stage28a_exact_trades.csv,calendar_time_risk_proxy_v1,calendar_drop_friday_h13_tp06_sl065,1.3002999999997882,0.2502999999997883,-0.4497000000002114,1,0,1,0,0.2502999999997883,3.4299999999998363,9.710000000000036,0.4582904222451345,18.139999999999873,0.9404630650496177,5.269999999999982,5.000000000000045,0.144,-1.0,,,13,0,5.0,2024
2024-05-14 13:00:00+00:00|1.0|calendar_drop_friday_h13_tp06_sl065,2024-05-14 13:00:00+00:00,STAGE28A,data/reports/stage28a_discovery_factory_batch_runner/stage28a_exact_trades.csv,calendar_time_risk_proxy_v1,calendar_drop_friday_h13_tp06_sl065,-2.015300000000116,-3.065300000000116,-3.7653000000001153,0,0,0,1,3.065300000000116,32.95000000000027,9.570000000000164,0.5862068965517274,12.2800000000002,0.2394136807817595,4.670000000000073,4.2309999999999945,0.016,1.0,,,13,1,5.0,2024
2024-05-15 13:00:00+00:00|1.0|calendar_drop_friday_h13_tp06_sl065,2024-05-15 13:00:00+00:00,STAGE28A,data/reports/stage28a_discovery_factory_batch_runner/stage28a_exact_trades.csv,calendar_time_risk_proxy_v1,calendar_drop_friday_h13_tp06_sl065,-2.0400000000000547,-3.0900000000000545,-3.790000000000054,0,0,0,1,3.0900000000000545,24.920000000000073,6.110000000000127,0.46808510638298984,18.5300000000002,0.47706422018348893,6.0600000000004,4.572000000000026,0.084,1.0,,,13,2,5.0,2024
2024-05-16 13:00:00+00:00|-1.0|calendar_drop_friday_h13_tp06_sl065,2024-05-16 13:00:00+00:00,STAGE28A,data/reports/stage28a_discovery_factory_batch_runner/stage28a_exact_trades.csv,calendar_time_risk_proxy_v1,calendar_drop_friday_h13_tp06_sl065,1.1017000000000734,0.0517000000000735,-0.6482999999999262,1,0,0,0,0.0517000000000735,38.40000000000009,13.050000000000182,0.029885057471289042,10.909999999999854,0.31072410632446545,4.1599999999998545,6.196500000000038,0.544,-1.0,,,13,3,5.0,2024
2024-05-17 23:45:00+00:00|1.0|calendar_drop_friday_h13_tp06_sl065,2024-05-17 23:45:00+00:00,STAGE28A,data/reports/stage28a_discovery_factory_batch_runner/stage28a_exact_trades.csv,calendar_time_risk_proxy_v1,calendar_drop_friday_h13_tp06_sl065,1.7049999999998362,0.6549999999998364,-0.0450000000001633,1,0,1,0,0.6549999999998364,26.550000000000182,7.2599999999997635,0.07300275482090395,11.360000000000127,0.42517605633805705,6.300000000000182,6.510499999999979,0.712,1.0,,,13,4,5.0,2024
2024-05-20 13:00:00+00:00|1.0|calendar_drop_friday_h13_tp06_sl065,2024-05-20 13:00:00+00:00,STAGE28A,data/reports/stage28a_discovery_factory_batch_runner/stage28a_exact_trades.csv,calendar_time_risk_proxy_v1,calendar_drop_friday_h13_tp06_sl065,-3.686449999999786,-4.736449999999786,-5.436449999999786,0,0,0,1,4.736449999999786,8.409999999999854,24.050000000000182,0.8261954261954154,18.210000000000036,0.220757825370674,8.359999999999673,8.760499999999912,0.968,1.0,,,13,0,5.0,2024
2024-05-21 13:00:00+00:00|1.0|calendar_drop_friday_h13_tp06_sl065,2024-05-21 13:00:00+00:00,STAGE28A,data/reports/stage28a_discovery_factory_batch_runner/stage28a_exact_trades.csv,calendar_time_risk_proxy_v1,calendar_drop_friday_h13_tp06_sl065,1.9677999999998064,0.9177999999998064,0.2177999999998068,1,1,1,0,0.9177999999998064,42.86999999999989,26.63000000000011,0.5005632745024361,13.569999999999709,0.19012527634491064,7.949999999999818,7.520499999999947,0.808,1.0,,,13,1,5.0,2024
2024-05-22 13:00:00+00:00|1.0|calendar_drop_friday_h13_tp06_sl065,2024-05-22 13:00:00+00:00,STAGE28A,data/reports/stage28a_discovery_factory_batch_runner/stage28a_exact_trades.csv,calendar_time_risk_proxy_v1,calendar_drop_friday_h13_tp06_sl065,1.5138999999998304,0.4638999999998305,-0.2361000000001691,1,0,1,0,0.4638999999998305,27.610000000000127,13.980000000000018,0.5615164520744172,7.930000000000291,0.3947036569987382,3.5299999999997453,5.077499999999918,0.304,1.0,,,13,2,5.0,2024
2024-05-23 13:00:00+00:00|-1.0|calendar_drop_friday_h13_tp06_sl065,2024-05-23 13:00:00+00:00,STAGE28A,data/reports/stage28a_discovery_factory_batch_runner/stage28a_exact_trades.csv,calendar_time_risk_proxy_v1,calendar_drop_friday_h13_tp06_sl065,2.133700000000226,1.0837000000002264,0.3837000000002266,1,1,1,0,1.0837000000002264,51.76999999999998,16.980000000000018,0.47820965842166563,19.029999999999745,0.44245927482922676,5.489999999999782,8.192500000000019,0.86,-1.0,,,13,3,5.0,2024
2024-05-24 23:45:00+00:00|1.0|calendar_drop_friday_h13_tp06_sl065,2024-05-24 23:45:00+00:00,STAGE28A,data/reports/stage28a_discovery_factory_batch_runner/stage28a_exact_trades.csv,calendar_time_risk_proxy_v1,calendar_drop_friday_h13_tp06_sl065,0.654399999999805,-0.3956000000001949,-1.0956000000001946,0,0,0,0,0.3956000000001949,56.809999999999945,9.710000000000036,0.028836251287353145,12.7199999999998,0.5463836477987721,2.900000000000091,5.5479999999999565,0.348,1.0,,,13,4,5.0,2024
2024-05-27 13:00:00+00:00|-1.0|calendar_drop_friday_h13_tp06_sl065,2024-05-27 13:00:00+00:00,STAGE28A,data/reports/stage28a_discovery_factory_batch_runner/stage28a_exact_trades.csv,calendar_time_risk_proxy_v1,calendar_drop_friday_h13_tp06_sl065,0.9655000000001565,-0.0844999999998434,-0.7844999999998432,0,0,0,0,0.0844999999998434,8.329999999999927,15.260000000000218,0.38401048492791895,7.970000000000255,0.34755332496861896,2.769999999999982,4.728500000000054,0.096,-1.0,,,13,0,5.0,2024
2024-05-28 13:00:00+00:00|-1.0|calendar_drop_friday_h13_tp06_sl065,2024-05-28 13:00:00+00:00,STAGE28A,data/reports/stage28a_discovery_factory_batch_runner/stage28a_exact_trades.csv,calendar_time_risk_proxy_v1,calendar_drop_friday_h13_tp06_sl065,1.157799999999861,0.1077999999998611,-0.5922000000001386,1,0,0,0,0.1077999999998611,26.420000000000073,7.220000000000255,0.17313019390581108,13.699999999999818,0.5335766423357695,2.819999999999709,4.2375,0.056,-1.0,,,13,1,5.0,2024
2024-05-29 13:00:00+00:00|-1.0|calendar_drop_friday_h13_tp06_sl065,2024-05-29 13:00:00+00:00,STAGE28A,data/reports/stage28a_discovery_factory_batch_runner/stage28a_exact_trades.csv,calendar_time_risk_proxy_v1,calendar_drop_friday_h13_tp06_sl065,-2.273350000000028,-3.323350000000028,-4.023350000000027,0,0,0,1,3.323350000000028,24.059999999999945,7.930000000000291,0.12862547288776097,20.700000000000273,0.6120772946859638,5.320000000000164,5.17150000000006,0.272,-1.0,,,13,2,5.0,2024
2024-05-30 13:00:00+00:00|1.0|calendar_drop_friday_h13_tp06_sl065,2024-05-30 13:00:00+00:00,STAGE28A,data/reports/stage28a_discovery_factory_batch_runner/stage28a_exact_trades.csv,calendar_time_risk_proxy_v1,calendar_drop_friday_h13_tp06_sl065,1.7560000000002218,0.706000000000222,0.0060000000002222,1,1,1,0,0.706000000000222,28.059999999999945,11.800000000000182,0.2771186440677908,15.559999999999945,0.06876606683805704,6.309999999999945,5.321000000000095,0.308,1.0,,,13,3,5.0,2024
2024-05-31 23:45:00+00:00|1.0|calendar_drop_friday_h13_tp06_sl065,2024-05-31 23:45:00+00:00,STAGE28A,data/reports/stage28a_discovery_factory_batch_runner/stage28a_exact_trades.csv,calendar_time_risk_proxy_v1,calendar_drop_friday_h13_tp06_sl065,1.546900000000187,0.4969000000001871,-0.2030999999998126,1,0,1,0,0.4969000000001871,29.38000000000011,10.739999999999782,0.036312849162000053,7.370000000000346,0.21709633649929905,7.639999999999873,6.846000000000004,0.644,1.0,,,13,4,5.0,2024
2024-06-03 13:00:00+00:00|1.0|calendar_drop_friday_h13_tp06_sl065,2024-06-03 13:00:00+00:00,STAGE28A,data/reports/stage28a_discovery_factory_batch_runner/stage28a_exact_trades.csv,calendar_time_risk_proxy_v1,calendar_drop_friday_h13_tp06_sl065,1.7431000000000494,0.6931000000000496,-0.0068999999999501,1,0,1,0,0.6931000000000496,5.870000000000346,10.070000000000164,0.5004965243296804,14.090000000000146,0.4499645138396082,4.450000000000273,5.673000000000025,0.444,1.0,,,13,0,6.0,2024
2024-06-04 13:00:00+00:00|-1.0|calendar_drop_friday_h13_tp06_sl065,2024-06-04 13:00:00+00:00,STAGE28A,data/reports/stage28a_discovery_factory_batch_runner/stage28a_exact_trades.csv,calendar_time_risk_proxy_v1,calendar_drop_friday_h13_tp06_sl065,1.499499999999807,0.4494999999998073,-0.2505000000001924,1,0,1,0,0.4494999999998073,40.159999999999854,9.600000000000364,0.5281249999999971,25.079999999999927,0.6399521531100569,7.400000000000091,5.378999999999974,0.296,-1.0,,,13,1,6.0,2024
2024-06-05 13:00:00+00:00|-1.0|calendar_drop_friday_h13_tp06_sl065,2024-06-05 13:00:00+00:00,STAGE28A,data/reports/stage28a_discovery_factory_batch_runner/stage28a_exact_trades.csv,calendar_time_risk_proxy_v1,calendar_drop_friday_h13_tp06_sl065,-2.2012000000000627,-3.2512000000000625,-3.951200000000062,0,0,0,1,3.2512000000000625,37.41000000000031,12.010000000000218,0.7993338884262893,13.579999999999927,0.3645066273932139,2.869999999999891,4.862499999999931,0.124,-1.0,,,13,2,6.0,2024
2024-06-06 13:00:00+00:00|-1.0|calendar_drop_friday_h13_tp06_sl065,2024-06-06 13:00:00+00:00,STAGE28A,data/reports/stage28a_discovery_factory_batch_runner/stage28a_exact_trades.csv,calendar_time_risk_proxy_v1,calendar_drop_friday_h13_tp06_sl065,1.001799999999912,-0.0482000000000879,-0.7482000000000877,0,0,0,0,0.0482000000000879,31.670000000000073,20.389999999999873,0.564982834722906,12.929999999999836,0.5359628770301565,5.349999999999909,5.662499999999954,0.544,-1.0,,,13,3,6.0,2024
2024-06-07 23:45:00+00:00|1.0|calendar_drop_friday_h13_tp06_sl065,2024-06-07 23:45:00+00:00,STAGE28A,data/reports/stage28a_discovery_factory_batch_runner/stage28a_exact_trades.csv,calendar_time_risk_proxy_v1,calendar_drop_friday_h13_tp06_sl065,-0.35,-1.4,-2.1,0,0,0,0,1.4,25.20999999999958,12.600000000000364,0.24920634920633192,50.42000000000007,0.8131693772312563,13.88000000000011,11.647500000000013,1.0,1.0,,,13,4,6.0,2024
2024-06-10 13:00:00+00:00|-1.0|calendar_drop_friday_h13_tp06_sl065,2024-06-10 13:00:00+00:00,STAGE28A,data/reports/stage28a_discovery_factory_batch_runner/stage28a_exact_trades.csv,calendar_time_risk_proxy_v1,calendar_drop_friday_h13_tp06_sl065,-2.392625000000044,-3.442625000000044,-4.142625000000043,0,0,0,1,3.442625000000044,8.61999999999989,11.609999999999673,0.18518518518519825,9.740000000000236,0.0020533880903471587,5.650000000000091,6.812500000000023,0.856,-1.0,,,13,0,6.0,2024
2024-06-11 13:00:00+00:00|1.0|calendar_drop_friday_h13_tp06_sl065,2024-06-11 13:00:00+00:00,STAGE28A,data/reports/stage28a_discovery_factory_batch_runner/stage28a_exact_trades.csv,calendar_time_risk_proxy_v1,calendar_drop_friday_h13_tp06_sl065,1.147899999999845,0.0978999999998451,-0.6021000000001546,1,0,0,0,0.0978999999998451,25.990000000000236,13.549999999999727,0.4479704797048181,9.990000000000236,0.2662662662662454,5.869999999999891,4.3929999999999385,0.068,1.0,,,13,1,6.0,2024
2024-06-12 13:00:00+00:00|-1.0|calendar_drop_friday_h13_tp06_sl065,2024-06-12 13:00:00+00:00,STAGE28A,data/reports/stage28a_discovery_factory_batch_runner/stage28a_exact_trades.csv,calendar_time_risk_proxy_v1,calendar_drop_friday_h13_tp06_sl065,-1.7101250000001529,-2.7601250000001527,-3.4601250000001524,0,0,0,0,2.7601250000001527,22.36999999999989,6.8400000000001455,0.42690058479532317,6.910000000000309,0.00289435600578595,3.25,3.8984999999999674,0.004,-1.0,,,13,2,6.0,2024
2024-06-13 13:00:00+00:00|1.0|calendar_drop_friday_h13_tp06_sl065,2024-06-13 13:00:00+00:00,STAGE28A,data/reports/stage28a_discovery_factory_batch_runner/stage28a_exact_trades.csv,calendar_time_risk_proxy_v1,calendar_drop_friday_h13_tp06_sl065,-1.878150000000096,-2.928150000000096,-3.628150000000096,0,0,0,0,2.928150000000096,31.039999999999964,16.460000000000036,0.4696233292831106,9.580000000000382,0.12526096033400524,5.0300000000002,6.201499999999965,0.628,1.0,,,13,3,6.0,2024
2024-06-14 23:45:00+00:00|1.0|calendar_drop_friday_h13_tp06_sl065,2024-06-14 23:45:00+00:00,STAGE28A,data/reports/stage28a_discovery_factory_batch_runner/stage28a_exact_trades.csv,calendar_time_risk_proxy_v1,calendar_drop_friday_h13_tp06_sl065,-0.35,-1.4,-2.1,0,0,0,0,1.4,31.159999999999854,7.050000000000182,0.35886524822690496,19.139999999999873,0.8949843260188204,3.1900000000000546,6.1255000000000335,0.56,1.0,,,13,4,6.0,2024
2024-06-17 13:00:00+00:00|-1.0|calendar_drop_friday_h13_tp06_sl065,2024-06-17 13:00:00+00:00,STAGE28A,data/reports/stage28a_discovery_factory_batch_runner/stage28a_exact_trades.csv,calendar_time_risk_proxy_v1,calendar_drop_friday_h13_tp06_sl065,1.1674000000001796,0.1174000000001798,-0.5825999999998199,1,0,0,0,0.1174000000001798,5.4099999999998545,11.420000000000073,0.39229422066549824,10.769999999999982,0.4001857010213512,3.380000000000109,4.493499999999926,0.056,-1.0,,,13,0,6.0,2024
2024-06-18 13:00:00+00:00|-1.0|calendar_drop_friday_h13_tp06_sl065,2024-06-18 13:00:00+00:00,STAGE28A,data/reports/stage28a_discovery_factory_batch_runner/stage28a_exact_trades.csv,calendar_time_risk_proxy_v1,calendar_drop_friday_h13_tp06_sl065,0.9297999999997956,-0.1202000000002043,-0.8202000000002041,0,0,0,0,0.1202000000002043,23.170000000000073,6.5,0.5292307692307776,14.090000000000146,0.9488999290276939,3.3600000000001273,4.485500000000002,0.072,-1.0,,,13,1,6.0,2024
2024-06-19 13:00:00+00:00|1.0|calendar_drop_friday_h13_tp06_sl065,2024-06-19 13:00:00+00:00,STAGE28A,data/reports/stage28a_discovery_factory_batch_runner/stage28a_exact_trades.csv,calendar_time_risk_proxy_v1,calendar_drop_friday_h13_tp06_sl065,-1.537225000000126,-2.587225000000126,-3.287225000000125,0,0,0,0,2.587225000000126,26.699999999999818,5.2199999999998,0.003831417624517735,8.190000000000055,0.020757020757029503,5.0900000000001455,3.493999999999983,0.004,1.0,,,13,2,6.0,2024
2024-06-20 13:00:00+00:00|-1.0|calendar_drop_friday_h13_tp06_sl065,2024-06-20 13:00:00+00:00,STAGE28A,data/reports/stage28a_discovery_factory_batch_runner/stage28a_exact_trades.csv,calendar_time_risk_proxy_v1,calendar_drop_friday_h13_tp06_sl065,1.169800000000032,0.1198000000000321,-0.5801999999999676,1,0,0,0,0.1198000000000321,11.2800000000002,11.260000000000218,0.3152753108348235,14.260000000000218,0.03366058906030932,4.130000000000109,3.9765000000000557,0.108,-1.0,,,13,3,6.0,2024
2024-06-21 23:45:00+00:00|1.0|calendar_drop_friday_h13_tp06_sl065,2024-06-21 23:45:00+00:00,STAGE28A,data/reports/stage28a_discovery_factory_batch_runner/stage28a_exact_trades.csv,calendar_time_risk_proxy_v1,calendar_drop_friday_h13_tp06_sl065,-0.35,-1.4,-2.1,0,0,0,0,1.4,37.65000000000009,7.75,0.3496774193548434,13.009999999999764,0.13374327440432499,2.9200000000000728,7.004500000000007,0.836,1.0,,,13,4,6.0,2024
2024-06-24 13:00:00+00:00|1.0|calendar_drop_friday_h13_tp06_sl065,2024-06-24 13:00:00+00:00,STAGE28A,data/reports/stage28a_discovery_factory_batch_runner/stage28a_exact_trades.csv,calendar_time_risk_proxy_v1,calendar_drop_friday_h13_tp06_sl065,1.39330000000009,0.3433000000000903,-0.3566999999999094,1,0,1,0,0.3433000000000903,4.9099999999998545,8.980000000000018,0.4376391982182437,11.960000000000036,0.033444816053519205,10.13000000000011,5.319000000000005,0.508,1.0,,,13,0,6.0,2024
2024-06-25 13:00:00+00:00|1.0|calendar_drop_friday_h13_tp06_sl065,2024-06-25 13:00:00+00:00,STAGE28A,data/reports/stage28a_discovery_factory_batch_runner/stage28a_exact_trades.csv,calendar_time_risk_proxy_v1,calendar_drop_friday_h13_tp06_sl065,-1.982799999999861,-3.032799999999861,-3.7327999999998607,0,0,0,0,3.032799999999861,17.15000000000009,11.150000000000091,0.6852017937219969,11.319999999999709,0.7915194346289989,4.769999999999982,4.180999999999949,0.152,1.0,,,13,1,6.0,2024
2024-06-26 13:00:00+00:00|-1.0|calendar_drop_friday_h13_tp06_sl065,2024-06-26 13:00:00+00:00,STAGE28A,data/reports/stage28a_discovery_factory_batch_runner/stage28a_exact_trades.csv,calendar_time_risk_proxy_v1,calendar_drop_friday_h13_tp06_sl065,-2.143674999999894,-3.1936749999998937,-3.893674999999893,0,0,0,1,3.1936749999998937,21.789999999999964,13.350000000000364,0.2636704119850102,8.690000000000055,0.11047180667434181,2.730000000000018,5.347500000000059,0.532,-1.0,,,13,2,6.0,2024
2024-06-27 13:00:00+00:00|1.0|calendar_drop_friday_h13_tp06_sl065,2024-06-27 13:00:00+00:00,STAGE28A,data/reports/stage28a_discovery_factory_batch_runner/stage28a_exact_trades.csv,calendar_time_risk_proxy_v1,calendar_drop_friday_h13_tp06_sl065,-2.018224999999893,-3.068224999999893,-3.7682249999998927,0,0,0,1,3.068224999999893,30.350000000000364,3.3899999999998727,0.22123893805310565,17.429999999999836,0.7917383820998457,6.599999999999909,3.5849999999999453,0.072,1.0,,,13,3,6.0,2024
2024-06-28 23:45:00+00:00|1.0|calendar_drop_friday_h13_tp06_sl065,2024-06-28 23:45:00+00:00,STAGE28A,data/reports/stage28a_discovery_factory_batch_runner/stage28a_exact_trades.csv,calendar_time_risk_proxy_v1,calendar_drop_friday_h13_tp06_sl065,-0.35,-1.4,-2.1,0,0,0,0,1.4,34.58999999999969,9.269999999999982,0.5587918015102316,12.099999999999909,0.7033057851239527,3.2800000000002,5.501000000000045,0.708,1.0,,,13,4,6.0,2024
2024-07-01 13:00:00+00:00|1.0|calendar_drop_friday_h13_tp06_sl065,2024-07-01 13:00:00+00:00,STAGE28A,data/reports/stage28a_discovery_factory_batch_runner/stage28a_exact_trades.csv,calendar_time_risk_proxy_v1,calendar_drop_friday_h13_tp06_sl065,1.209099999999944,0.159099999999944,-0.5409000000000557,1,0,1,0,0.159099999999944,4.139999999999873,6.389999999999873,0.03442879499214465,10.980000000000018,0.24590163934424533,4.019999999999982,4.279999999999996,0.24,1.0,,,13,0,7.0,2024
2024-07-02 13:00:00+00:00|1.0|calendar_drop_friday_h13_tp06_sl065,2024-07-02 13:00:00+00:00,STAGE28A,data/reports/stage28a_discovery_factory_batch_runner/stage28a_exact_trades.csv,calendar_time_risk_proxy_v1,calendar_drop_friday_h13_tp06_sl065,1.1593000000001663,0.1093000000001667,-0.590699999999833,1,0,0,0,0.1093000000001667,20.0,8.61999999999989,0.6705336426913943,9.099999999999909,0.1329670329670383,7.779999999999745,4.302500000000032,0.236,1.0,,,13,1,7.0,2024
2024-07-03 13:00:00+00:00|1.0|calendar_drop_friday_h13_tp06_sl065,2024-07-03 13:00:00+00:00,STAGE28A,data/reports/stage28a_discovery_factory_batch_runner/stage28a_exact_trades.csv,calendar_time_risk_proxy_v1,calendar_drop_friday_h13_tp06_sl065,1.3182999999998173,0.2682999999998174,-0.4317000000001822,1,0,1,0,0.2682999999998174,17.820000000000164,5.660000000000309,0.28798586572430485,15.799999999999727,0.9164556962025199,4.339999999999691,4.3839999999999915,0.296,1.0,,,13,2,7.0,2024
2024-07-04 13:00:00+00:00|1.0|calendar_drop_friday_h13_tp06_sl065,2024-07-04 13:00:00+00:00,STAGE28A,data/reports/stage28a_discovery_factory_batch_runner/stage28a_exact_trades.csv,calendar_time_risk_proxy_v1,calendar_drop_friday_h13_tp06_sl065,0.9900999999998932,-0.0599000000001068,-0.7599000000001066,0,0,0,0,0.0599000000001068,38.039999999999964,6.5900000000001455,0.12139605462824951,9.259999999999764,0.0377969762419409,3.4299999999998363,4.107499999999959,0.116,1.0,,,13,3,7.0,2024
2024-07-05 23:45:00+00:00|1.0|calendar_drop_friday_h13_tp06_sl065,2024-07-05 23:45:00+00:00,STAGE28A,data/reports/stage28a_discovery_factory_batch_runner/stage28a_exact_trades.csv,calendar_time_risk_proxy_v1,calendar_drop_friday_h13_tp06_sl065,-0.35,-1.4,-2.1,0,0,0,0,1.4,12.179999999999836,8.960000000000036,0.49218750000003253,6.680000000000291,0.08532934131731798,4.789999999999964,6.13900000000001,0.904,1.0,,,13,4,7.0,2024
2024-07-08 13:00:00+00:00|-1.0|calendar_drop_friday_h13_tp06_sl065,2024-07-08 13:00:00+00:00,STAGE28A,data/reports/stage28a_discovery_factory_batch_runner/stage28a_exact_trades.csv,calendar_time_risk_proxy_v1,calendar_drop_friday_h13_tp06_sl065,1.2285999999998238,0.178599999999824,-0.5214000000001757,1,0,1,0,0.178599999999824,5.289999999999964,10.420000000000073,0.22936660268716993,18.5,0.6929729729729818,5.5,5.064999999999986,0.568,-1.0,,,13,0,7.0,2024
2024-07-09 13:00:00+00:00|-1.0|calendar_drop_friday_h13_tp06_sl065,2024-07-09 13:00:00+00:00,STAGE28A,data/reports/stage28a_discovery_factory_batch_runner/stage28a_exact_trades.csv,calendar_time_risk_proxy_v1,calendar_drop_friday_h13_tp06_sl065,-1.668525000000136,-2.718525000000136,-3.418525000000136,0,0,0,0,2.718525000000136,40.36999999999989,9.490000000000236,0.8303477344573144,10.409999999999854,0.3170028818443586,3.7400000000002365,4.889499999999975,0.476,-1.0,,,13,1,7.0,2024
2024-07-10 13:00:00+00:00|1.0|calendar_drop_friday_h13_tp06_sl065,2024-07-10 13:00:00+00:00,STAGE28A,data/reports/stage28a_discovery_factory_batch_runner/stage28a_exact_trades.csv,calendar_time_risk_proxy_v1,calendar_drop_friday_h13_tp06_sl065,-1.6103500000000168,-2.6603500000000166,-3.3603500000000164,0,0,0,0,2.6603500000000166,22.20999999999958,7.329999999999927,0.5184174624829767,8.309999999999945,0.4500601684716975,2.480000000000018,4.531500000000028,0.288,1.0,,,13,2,7.0,2024
2024-07-11 13:00:00+00:00|1.0|calendar_drop_friday_h13_tp06_sl065,2024-07-11 13:00:00+00:00,STAGE28A,data/reports/stage28a_discovery_factory_batch_runner/stage28a_exact_trades.csv,calendar_time_risk_proxy_v1,calendar_drop_friday_h13_tp06_sl065,-1.8654750000001517,-2.9154750000001517,-3.615475000000151,0,0,0,0,2.9154750000001517,23.670000000000073,9.08999999999969,0.6567656765677071,6.099999999999909,0.8606557377049309,3.2199999999998,3.767999999999984,0.144,1.0,,,13,3,7.0,2024
2024-07-12 23:45:00+00:00|1.0|calendar_drop_friday_h13_tp06_sl065,2024-07-12 23:45:00+00:00,STAGE28A,data/reports/stage28a_discovery_factory_batch_runner/stage28a_exact_trades.csv,calendar_time_risk_proxy_v1,calendar_drop_friday_h13_tp06_sl065,-0.35,-1.4,-2.1,0,0,0,0,1.4,53.38999999999987,9.550000000000182,0.5350785340313692,9.760000000000218,0.3893442622950453,2.5700000000001637,5.277500000000032,0.656,1.0,,,13,4,7.0,2024
2024-07-15 13:00:00+00:00|1.0|calendar_drop_friday_h13_tp06_sl065,2024-07-15 13:00:00+00:00,STAGE28A,data/reports/stage28a_discovery_factory_batch_runner/stage28a_exact_trades.csv,calendar_time_risk_proxy_v1,calendar_drop_friday_h13_tp06_sl065,1.157799999999861,0.1077999999998611,-0.5922000000001386,1,0,0,0,0.1077999999998611,7.980000000000018,9.950000000000273,0.40703517587940413,12.690000000000055,0.06619385342790716,4.8100000000004,4.527500000000009,0.272,1.0,,,13,0,7.0,2024
2024-07-16 13:00:00+00:00|1.0|calendar_drop_friday_h13_tp06_sl065,2024-07-16 13:00:00+00:00,STAGE28A,data/reports/stage28a_discovery_factory_batch_runner/stage28a_exact_trades.csv,calendar_time_risk_proxy_v1,calendar_drop_friday_h13_tp06_sl065,-2.216149999999834,-3.266149999999834,-3.9661499999998338,0,0,0,1,3.266149999999834,38.409999999999854,11.559999999999945,0.6643598615916845,18.269999999999982,0.75478927203065,8.320000000000164,5.3940000000000285,0.66,1.0,,,13,1,7.0,2024
2024-07-17 13:00:00+00:00|1.0|calendar_drop_friday_h13_tp06_sl065,2024-07-17 13:00:00+00:00,STAGE28A,data/reports/stage28a_discovery_factory_batch_runner/stage28a_exact_trades.csv,calendar_time_risk_proxy_v1,calendar_drop_friday_h13_tp06_sl065,1.8268000000001847,0.7768000000001849,0.0768000000001851,1,1,1,0,0.7768000000001849,49.659999999999854,18.299999999999727,0.15191256830602412,17.019999999999982,0.18801410105759556,5.699999999999818,7.180999999999995,0.952,1.0,,,13,2,7.0,2024
2024-07-18 13:00:00+00:00|-1.0|calendar_drop_friday_h13_tp06_sl065,2024-07-18 13:00:00+00:00,STAGE28A,data/reports/stage28a_discovery_factory_batch_runner/stage28a_exact_trades.csv,calendar_time_risk_proxy_v1,calendar_drop_friday_h13_tp06_sl065,1.2031000000000858,0.1531000000000859,-0.5468999999999138,1,0,1,0,0.1531000000000859,32.25999999999976,11.519999999999982,0.7647569444444409,10.329999999999927,0.23523717328168958,3.099999999999909,6.02800000000002,0.692,-1.0,,,13,3,7.0,2024
2024-07-19 23:45:00+00:00|1.0|calendar_drop_friday_h13_tp06_sl065,2024-07-19 23:45:00+00:00,STAGE28A,data/reports/stage28a_discovery_factory_batch_runner/stage28a_exact_trades.csv,calendar_time_risk_proxy_v1,calendar_drop_friday_h13_tp06_sl065,-1.836225000000104,-2.886225000000104,-3.586225000000104,0,0,0,0,2.886225000000104,34.84999999999991,24.679999999999836,0.6288492706645091,16.5,0.7678787878787923,3.119999999999891,7.5514999999999874,0.932,1.0,,,13,4,7.0,2024
2024-07-22 13:00:00+00:00|-1.0|calendar_drop_friday_h13_tp06_sl065,2024-07-22 13:00:00+00:00,STAGE28A,data/reports/stage28a_discovery_factory_batch_runner/stage28a_exact_trades.csv,calendar_time_risk_proxy_v1,calendar_drop_friday_h13_tp06_sl065,-2.2944750000002387,-3.3444750000002386,-4.044475000000238,0,0,0,1,3.3444750000002386,11.319999999999709,11.819999999999709,0.38494077834181845,8.450000000000273,0.2816568047337316,5.789999999999964,5.450500000000034,0.432,-1.0,,,13,0,7.0,2024
2024-07-23 13:00:00+00:00|1.0|calendar_drop_friday_h13_tp06_sl065,2024-07-23 13:00:00+00:00,STAGE28A,data/reports/stage28a_discovery_factory_batch_runner/stage28a_exact_trades.csv,calendar_time_risk_proxy_v1,calendar_drop_friday_h13_tp06_sl065,1.7665000000000872,0.7165000000000874,0.0165000000000876,1,1,1,0,0.7165000000000874,28.23999999999978,9.199999999999818,0.34239130434784276,20.019999999999982,0.43806193806193755,4.9099999999998545,5.389500000000021,0.384,1.0,,,13,1,7.0,2024
2024-07-24 13:00:00+00:00|-1.0|calendar_drop_friday_h13_tp06_sl065,2024-07-24 13:00:00+00:00,STAGE28A,data/reports/stage28a_discovery_factory_batch_runner/stage28a_exact_trades.csv,calendar_time_risk_proxy_v1,calendar_drop_friday_h13_tp06_sl065,-1.9990499999999884,-3.0490499999999883,-3.749049999999988,0,0,0,0,3.0490499999999883,23.950000000000273,13.399999999999636,0.53358208955226,9.379999999999654,0.32622601279323166,5.019999999999982,4.474999999999932,0.088,-1.0,,,13,2,7.0,2024
2024-07-25 13:00:00+00:00|-1.0|calendar_drop_friday_h13_tp06_sl065,2024-07-25 13:00:00+00:00,STAGE28A,data/reports/stage28a_discovery_factory_batch_runner/stage28a_exact_trades.csv,calendar_time_risk_proxy_v1,calendar_drop_friday_h13_tp06_sl065,2.1789999999999963,1.1289999999999965,0.4289999999999967,1,1,1,0,1.1289999999999965,35.4699999999998,34.38999999999987,0.6685082872928138,12.909999999999854,0.0859798605732099,5.730000000000018,8.440499999999929,0.972,-1.0,,,13,3,7.0,2024
2024-07-26 23:45:00+00:00|1.0|calendar_drop_friday_h13_tp06_sl065,2024-07-26 23:45:00+00:00,STAGE28A,data/reports/stage28a_discovery_factory_batch_runner/stage28a_exact_trades.csv,calendar_time_risk_proxy_v1,calendar_drop_friday_h13_tp06_sl065,-0.35,-1.4,-2.1,0,0,0,0,1.4,48.190000000000055,23.550000000000182,0.36390658174096147,10.0300000000002,0.19541375872382824,4.369999999999891,6.606999999999948,0.612,1.0,,,13,4,7.0,2024
2024-07-29 13:00:00+00:00|-1.0|calendar_drop_friday_h13_tp06_sl065,2024-07-29 13:00:00+00:00,STAGE28A,data/reports/stage28a_discovery_factory_batch_runner/stage28a_exact_trades.csv,calendar_time_risk_proxy_v1,calendar_drop_friday_h13_tp06_sl065,-2.3279499999999644,-3.3779499999999643,-4.077949999999964,0,0,0,1,3.3779499999999643,16.730000000000018,16.730000000000018,0.06933652121938481,9.190000000000055,0.17954298150159156,3.4099999999998545,6.329499999999984,0.492,-1.0,,,13,0,7.0,2024
2024-07-30 13:00:00+00:00|1.0|calendar_drop_friday_h13_tp06_sl065,2024-07-30 13:00:00+00:00,STAGE28A,data/reports/stage28a_discovery_factory_batch_runner/stage28a_exact_trades.csv,calendar_time_risk_proxy_v1,calendar_drop_friday_h13_tp06_sl065,0.8893000000001848,-0.1606999999998151,-0.8606999999998148,0,0,0,0,0.1606999999998151,33.460000000000036,9.460000000000036,0.18181818181820805,6.4099999999998545,0.5397815912636684,2.2600000000002183,4.942500000000041,0.068,1.0,,,13,1,7.0,2024
2024-07-31 13:00:00+00:00|1.0|calendar_drop_friday_h13_tp06_sl065,2024-07-31 13:00:00+00:00,STAGE28A,data/reports/stage28a_discovery_factory_batch_runner/stage28a_exact_trades.csv,calendar_time_risk_proxy_v1,calendar_drop_friday_h13_tp06_sl065,-2.229475000000184,-3.279475000000184,-3.979475000000184,0,0,0,1,3.279475000000184,36.43000000000029,15.139999999999873,0.47159841479523995,10.990000000000236,0.4003639672429478,4.430000000000291,6.458000000000107,0.528,1.0,,,13,2,7.0,2024
2024-08-01 13:00:00+00:00|-1.0|calendar_drop_friday_h13_tp06_sl065,2024-08-01 13:00:00+00:00,STAGE28A,data/reports/stage28a_discovery_factory_batch_runner/stage28a_exact_trades.csv,calendar_time_risk_proxy_v1,calendar_drop_friday_h13_tp06_sl065,1.47549999999992,0.42549999999992,-0.2745000000000797,1,0,1,0,0.42549999999992,46.98999999999978,20.950000000000273,0.23293556085919073,18.829999999999927,0.5268189060010439,4.900000000000091,6.938000000000011,0.756,-1.0,,,13,3,8.0,2024
2024-08-02 23:45:00+00:00|1.0|calendar_drop_friday_h13_tp06_sl065,2024-08-02 23:45:00+00:00,STAGE28A,data/reports/stage28a_discovery_factory_batch_runner/stage28a_exact_trades.csv,calendar_time_risk_proxy_v1,calendar_drop_friday_h13_tp06_sl065,-0.35,-1.4,-2.1,0,0,0,0,1.4,32.190000000000055,24.539999999999964,0.3793806030970014,14.139999999999873,0.6605374823196768,12.329999999999927,11.997500000000036,1.0,1.0,,,13,4,8.0,2024
2024-08-05 13:00:00+00:00|-1.0|calendar_drop_friday_h13_tp06_sl065,2024-08-05 13:00:00+00:00,STAGE28A,data/reports/stage28a_discovery_factory_batch_runner/stage28a_exact_trades.csv,calendar_time_risk_proxy_v1,calendar_drop_friday_h13_tp06_sl065,3.692199999999866,2.642199999999866,1.9421999999998665,1,1,1,0,2.642199999999866,9.230000000000018,38.48999999999978,0.24941543257990176,39.67000000000007,0.6765817998487547,9.550000000000182,13.082000000000061,0.968,-1.0,,,13,0,8.0,2024
2024-08-06 13:00:00+00:00|1.0|calendar_drop_friday_h13_tp06_sl065,2024-08-06 13:00:00+00:00,STAGE28A,data/reports/stage28a_discovery_factory_batch_runner/stage28a_exact_trades.csv,calendar_time_risk_proxy_v1,calendar_drop_friday_h13_tp06_sl065,-3.5259000000001834,-4.575900000000184,-5.275900000000183,0,0,0,1,4.575900000000184,94.65999999999985,13.960000000000036,0.005014326647576184,20.720000000000255,0.20945945945944197,5.320000000000164,8.264500000000089,0.744,1.0,,,13,1,8.0,2024
2024-08-07 13:00:00+00:00|1.0|calendar_drop_friday_h13_tp06_sl065,2024-08-07 13:00:00+00:00,STAGE28A,data/reports/stage28a_discovery_factory_batch_runner/stage28a_exact_trades.csv,calendar_time_risk_proxy_v1,calendar_drop_friday_h13_tp06_sl065,-2.3321750000000976,-3.3821750000000974,-4.082175000000097,0,0,0,1,3.3821750000000974,36.63000000000011,11.710000000000036,0.22715627668657953,11.829999999999927,0.7007607776838558,3.930000000000291,6.822499999999991,0.396,1.0,,,13,2,8.0,2024
2024-08-08 13:00:00+00:00|1.0|calendar_drop_friday_h13_tp06_sl065,2024-08-08 13:00:00+00:00,STAGE28A,data/reports/stage28a_discovery_factory_batch_runner/stage28a_exact_trades.csv,calendar_time_risk_proxy_v1,calendar_drop_friday_h13_tp06_sl065,1.679500000000098,0.6295000000000983,-0.0704999999999014,1,0,1,0,0.6295000000000983,28.01000000000022,14.150000000000091,0.7519434628975127,15.019999999999982,0.1291611185086589,5.150000000000091,5.698000000000024,0.1,1.0,,,13,3,8.0,2024
2024-08-09 23:45:00+00:00|1.0|calendar_drop_friday_h13_tp06_sl065,2024-08-09 23:45:00+00:00,STAGE28A,data/reports/stage28a_discovery_factory_batch_runner/stage28a_exact_trades.csv,calendar_time_risk_proxy_v1,calendar_drop_friday_h13_tp06_sl065,-0.35,-1.4,-2.1,0,0,0,0,1.4,47.190000000000055,9.679999999999836,0.4845041322314188,10.159999999999854,0.24606299212598778,2.6900000000000546,6.089499999999998,0.224,1.0,,,13,4,8.0,2024
2024-08-12 13:00:00+00:00|1.0|calendar_drop_friday_h13_tp06_sl065,2024-08-12 13:00:00+00:00,STAGE28A,data/reports/stage28a_discovery_factory_batch_runner/stage28a_exact_trades.csv,calendar_time_risk_proxy_v1,calendar_drop_friday_h13_tp06_sl065,1.1739999999998871,0.1239999999998873,-0.5760000000001124,1,0,0,0,0.1239999999998873,6.519999999999982,9.389999999999873,0.19914802981894741,16.960000000000036,0.8384433962264283,4.480000000000018,4.683000000000016,0.028,1.0,,,13,0,8.0,2024
2024-08-13 13:00:00+00:00|-1.0|calendar_drop_friday_h13_tp06_sl065,2024-08-13 13:00:00+00:00,STAGE28A,data/reports/stage28a_discovery_factory_batch_runner/stage28a_exact_trades.csv,calendar_time_risk_proxy_v1,calendar_drop_friday_h13_tp06_sl065,-2.028625000000011,-3.078625000000011,-3.7786250000000106,0,0,0,1,3.078625000000011,50.149999999999636,16.190000000000055,0.6331068560840003,7.660000000000309,0.3694516971279129,3.150000000000091,5.561000000000059,0.14,-1.0,,,13,1,8.0,2024
2024-08-14 13:00:00+00:00|1.0|calendar_drop_friday_h13_tp06_sl065,2024-08-14 13:00:00+00:00,STAGE28A,data/reports/stage28a_discovery_factory_batch_runner/stage28a_exact_trades.csv,calendar_time_risk_proxy_v1,calendar_drop_friday_h13_tp06_sl065,-2.1628499999997985,-3.2128499999997984,-3.912849999999798,0,0,0,1,3.2128499999997984,18.51000000000022,17.210000000000036,0.2719349215572505,19.289999999999964,0.6174183514774431,4.269999999999982,5.153500000000031,0.036,1.0,,,13,2,8.0,2024
2024-08-15 13:00:00+00:00|1.0|calendar_drop_friday_h13_tp06_sl065,2024-08-15 13:00:00+00:00,STAGE28A,data/reports/stage28a_discovery_factory_batch_runner/stage28a_exact_trades.csv,calendar_time_risk_proxy_v1,calendar_drop_friday_h13_tp06_sl065,-1.8082749999999577,-2.8582749999999577,-3.558274999999957,0,0,0,0,2.8582749999999577,41.86000000000013,7.900000000000091,0.7367088607595059,8.480000000000018,0.36320754716980197,1.8999999999996362,4.555499999999961,0.016,1.0,,,13,3,8.0,2024
2024-08-16 23:45:00+00:00|1.0|calendar_drop_friday_h13_tp06_sl065,2024-08-16 23:45:00+00:00,STAGE28A,data/reports/stage28a_discovery_factory_batch_runner/stage28a_exact_trades.csv,calendar_time_risk_proxy_v1,calendar_drop_friday_h13_tp06_sl065,-0.35,-1.4,-2.1,0,0,0,0,1.4,37.90000000000009,9.2199999999998,0.26030368763559036,13.390000000000327,0.8110530246452473,7.3100000000004,7.434000000000128,0.724,1.0,,,13,4,8.0,2024
2024-08-19 13:00:00+00:00|-1.0|calendar_drop_friday_h13_tp06_sl065,2024-08-19 13:00:00+00:00,STAGE28A,data/reports/stage28a_discovery_factory_batch_runner/stage28a_exact_trades.csv,calendar_time_risk_proxy_v1,calendar_drop_friday_h13_tp06_sl065,-2.133600000000206,-3.183600000000206,-3.8836000000002056,0,0,0,1,3.183600000000206,7.760000000000218,14.5,0.1165517241379348,8.319999999999709,0.3978365384615458,4.130000000000109,5.984000000000037,0.312,-1.0,,,13,0,8.0,2024
2024-08-20 13:00:00+00:00|1.0|calendar_drop_friday_h13_tp06_sl065,2024-08-20 13:00:00+00:00,STAGE28A,data/reports/stage28a_discovery_factory_batch_runner/stage28a_exact_trades.csv,calendar_time_risk_proxy_v1,calendar_drop_friday_h13_tp06_sl065,2.006499999999869,0.9564999999998692,0.2564999999998694,1,1,1,0,0.9564999999998692,23.800000000000182,9.5,0.2642105263157646,27.909999999999854,0.7115729129344404,5.519999999999982,5.144999999999982,0.08,1.0,,,13,1,8.0,2024
2024-08-21 13:00:00+00:00|-1.0|calendar_drop_friday_h13_tp06_sl065,2024-08-21 13:00:00+00:00,STAGE28A,data/reports/stage28a_discovery_factory_batch_runner/stage28a_exact_trades.csv,calendar_time_risk_proxy_v1,calendar_drop_friday_h13_tp06_sl065,-2.37539999999999,-3.4253999999999905,-4.12539999999999,0,0,0,1,3.4253999999999905,34.36999999999989,9.070000000000164,0.2987872105843426,15.009999999999764,0.7854763491006096,4.589999999999691,6.100000000000068,0.44,-1.0,,,13,2,8.0,2024
2024-08-22 13:00:00+00:00|1.0|calendar_drop_friday_h13_tp06_sl065,2024-08-22 13:00:00+00:00,STAGE28A,data/reports/stage28a_discovery_factory_batch_runner/stage28a_exact_trades.csv,calendar_time_risk_proxy_v1,calendar_drop_friday_h13_tp06_sl065,1.5775000000002364,0.5275000000002366,-0.1724999999997631,1,0,1,0,0.5275000000002366,26.590000000000146,14.809999999999945,0.7758271438217609,11.340000000000146,0.4276895943562876,6.849999999999909,5.757500000000005,0.328,1.0,,,13,3,8.0,2024
2024-08-23 23:45:00+00:00|1.0|calendar_drop_friday_h13_tp06_sl065,2024-08-23 23:45:00+00:00,STAGE28A,data/reports/stage28a_discovery_factory_batch_runner/stage28a_exact_trades.csv,calendar_time_risk_proxy_v1,calendar_drop_friday_h13_tp06_sl065,-0.35,-1.4,-2.1,0,0,0,0,1.4,44.07999999999993,10.150000000000091,0.8068965517241361,11.450000000000273,0.5152838427947157,4.869999999999891,5.832000000000017,0.396,1.0,,,13,4,8.0,2024
2024-08-26 13:00:00+00:00|1.0|calendar_drop_friday_h13_tp06_sl065,2024-08-26 13:00:00+00:00,STAGE28A,data/reports/stage28a_discovery_factory_batch_runner/stage28a_exact_trades.csv,calendar_time_risk_proxy_v1,calendar_drop_friday_h13_tp06_sl065,1.0858000000001993,0.0358000000001994,-0.6641999999998003,1,0,0,0,0.0358000000001994,3.9699999999998,7.550000000000182,0.3894039735099316,17.070000000000164,0.8904510837727081,2.1900000000000546,4.500499999999988,0.04,1.0,,,13,0,8.0,2024
2024-08-27 13:00:00+00:00|1.0|calendar_drop_friday_h13_tp06_sl065,2024-08-27 13:00:00+00:00,STAGE28A,data/reports/stage28a_discovery_factory_batch_runner/stage28a_exact_trades.csv,calendar_time_risk_proxy_v1,calendar_drop_friday_h13_tp06_sl065,1.6552000000000588,0.605200000000059,-0.0947999999999407,1,0,1,0,0.605200000000059,18.050000000000182,11.989999999999782,0.6905754795662966,13.979999999999563,0.006437768240353958,5.670000000000073,5.167499999999973,0.196,1.0,,,13,1,8.0,2024
2024-08-28 13:00:00+00:00|-1.0|calendar_drop_friday_h13_tp06_sl065,2024-08-28 13:00:00+00:00,STAGE28A,data/reports/stage28a_discovery_factory_batch_runner/stage28a_exact_trades.csv,calendar_time_risk_proxy_v1,calendar_drop_friday_h13_tp06_sl065,-2.055924999999752,-3.105924999999752,-3.805924999999752,0,0,0,1,3.105924999999752,22.4399999999996,15.88000000000011,0.6190176322418047,12.849999999999909,0.4513618677042621,3.7100000000000364,5.0939999999999825,0.172,-1.0,,,13,2,8.0,2024
2024-08-29 13:00:00+00:00|1.0|calendar_drop_friday_h13_tp06_sl065,2024-08-29 13:00:00+00:00,STAGE28A,data/reports/stage28a_discovery_factory_batch_runner/stage28a_exact_trades.csv,calendar_time_risk_proxy_v1,calendar_drop_friday_h13_tp06_sl065,-2.314300000000094,-3.3643000000000938,-4.0643000000000935,0,0,0,1,3.3643000000000938,35.45000000000027,12.860000000000127,0.7449455676516199,10.539999999999964,0.5910815939278975,8.480000000000018,4.832999999999993,0.112,1.0,,,13,3,8.0,2024
2024-08-30 23:45:00+00:00|1.0|calendar_drop_friday_h13_tp06_sl065,2024-08-30 23:45:00+00:00,STAGE28A,data/reports/stage28a_discovery_factory_batch_runner/stage28a_exact_trades.csv,calendar_time_risk_proxy_v1,calendar_drop_friday_h13_tp06_sl065,-0.35,-1.4,-2.1,0,0,0,0,1.4,25.059999999999945,9.490000000000236,0.7766069546891157,14.860000000000127,0.7301480484522084,5.6599999999998545,6.474500000000035,0.8,1.0,,,13,4,8.0,2024
2024-09-02 13:00:00+00:00|1.0|calendar_drop_friday_h13_tp06_sl065,2024-09-02 13:00:00+00:00,STAGE28A,data/reports/stage28a_discovery_factory_batch_runner/stage28a_exact_trades.csv,calendar_time_risk_proxy_v1,calendar_drop_friday_h13_tp06_sl065,-2.3741000000000896,-3.4241000000000894,-4.124100000000089,0,0,0,1,3.4241000000000894,3.4899999999997817,14.970000000000255,0.4736138944555795,12.0,0.2233333333333197,8.429999999999836,5.336000000000013,0.324,1.0,,,13,0,9.0,2024
2024-09-03 13:00:00+00:00|1.0|calendar_drop_friday_h13_tp06_sl065,2024-09-03 13:00:00+00:00,STAGE28A,data/reports/stage28a_discovery_factory_batch_runner/stage28a_exact_trades.csv,calendar_time_risk_proxy_v1,calendar_drop_friday_h13_tp06_sl065,-1.90902500000002,-2.95902500000002,-3.6590250000000193,0,0,0,0,2.95902500000002,17.240000000000236,10.08999999999969,0.2775024777007203,13.659999999999854,0.4612005856515223,4.1599999999998545,3.5479999999999334,0.016,1.0,,,13,1,9.0,2024
2024-09-04 13:00:00+00:00|-1.0|calendar_drop_friday_h13_tp06_sl065,2024-09-04 13:00:00+00:00,STAGE28A,data/reports/stage28a_discovery_factory_batch_runner/stage28a_exact_trades.csv,calendar_time_risk_proxy_v1,calendar_drop_friday_h13_tp06_sl065,-2.616224999999849,-3.666224999999849,-4.366224999999849,0,0,0,1,3.666224999999849,32.80000000000018,5.679999999999836,0.32922535211266635,24.890000000000327,0.5355564483728488,11.41000000000031,5.5715000000000146,0.468,-1.0,,,13,2,9.0,2024
2024-09-05 13:00:00+00:00|1.0|calendar_drop_friday_h13_tp06_sl065,2024-09-05 13:00:00+00:00,STAGE28A,data/reports/stage28a_discovery_factory_batch_runner/stage28a_exact_trades.csv,calendar_time_risk_proxy_v1,calendar_drop_friday_h13_tp06_sl065,-2.327300000000014,-3.3773000000000137,-4.0773000000000135,0,0,0,1,3.3773000000000137,28.620000000000346,4.880000000000109,0.08811475409832514,23.409999999999854,0.8821016659547296,2.519999999999982,4.613000000000056,0.132,1.0,,,13,3,9.0,2024
2024-09-06 23:45:00+00:00|1.0|calendar_drop_friday_h13_tp06_sl065,2024-09-06 23:45:00+00:00,STAGE28A,data/reports/stage28a_discovery_factory_batch_runner/stage28a_exact_trades.csv,calendar_time_risk_proxy_v1,calendar_drop_friday_h13_tp06_sl065,-0.35,-1.4,-2.1,0,0,0,0,1.4,29.690000000000055,5.369999999999891,0.3873370577281135,6.360000000000127,0.14622641509431095,6.170000000000073,7.743499999999995,1.0,1.0,,,13,4,9.0,2024
2024-09-09 13:00:00+00:00|-1.0|calendar_drop_friday_h13_tp06_sl065,2024-09-09 13:00:00+00:00,STAGE28A,data/reports/stage28a_discovery_factory_batch_runner/stage28a_exact_trades.csv,calendar_time_risk_proxy_v1,calendar_drop_friday_h13_tp06_sl065,-2.6106999999998157,-3.660699999999815,-4.360699999999815,0,0,0,1,3.660699999999815,2.3200000000001637,5.6599999999998545,0.2473498233215772,13.860000000000127,0.20923520923521388,5.550000000000182,6.155499999999961,0.812,-1.0,,,13,0,9.0,2024
2024-09-10 13:00:00+00:00|-1.0|calendar_drop_friday_h13_tp06_sl065,2024-09-10 13:00:00+00:00,STAGE28A,data/reports/stage28a_discovery_factory_batch_runner/stage28a_exact_trades.csv,calendar_time_risk_proxy_v1,calendar_drop_friday_h13_tp06_sl065,-1.831674999999996,-2.8816749999999955,-3.5816749999999957,0,0,0,0,2.8816749999999955,21.75,6.220000000000255,0.7202572347266616,7.599999999999909,0.4552631578947471,5.820000000000164,3.971499999999992,0.076,-1.0,,,13,1,9.0,2024
2024-09-11 13:00:00+00:00|1.0|calendar_drop_friday_h13_tp06_sl065,2024-09-11 13:00:00+00:00,STAGE28A,data/reports/stage28a_discovery_factory_batch_runner/stage28a_exact_trades.csv,calendar_time_risk_proxy_v1,calendar_drop_friday_h13_tp06_sl065,1.34380000000001,0.2938000000000103,-0.4061999999999894,1,0,1,0,0.2938000000000103,18.289999999999964,7.5300000000002,0.3917662682602576,10.460000000000036,0.35946462715107125,2.6599999999998545,4.4,0.152,1.0,,,13,2,9.0,2024
2024-09-12 13:00:00+00:00|1.0|calendar_drop_friday_h13_tp06_sl065,2024-09-12 13:00:00+00:00,STAGE28A,data/reports/stage28a_discovery_factory_batch_runner/stage28a_exact_trades.csv,calendar_time_risk_proxy_v1,calendar_drop_friday_h13_tp06_sl065,-1.623674999999912,-2.673674999999912,-3.373674999999912,0,0,0,0,2.673674999999912,28.09999999999991,5.139999999999873,0.5992217898832691,7.850000000000364,0.36687898089171667,2.8299999999999272,3.802999999999952,0.056,1.0,,,13,3,9.0,2024
2024-09-13 23:45:00+00:00|1.0|calendar_drop_friday_h13_tp06_sl065,2024-09-13 23:45:00+00:00,STAGE28A,data/reports/stage28a_discovery_factory_batch_runner/stage28a_exact_trades.csv,calendar_time_risk_proxy_v1,calendar_drop_friday_h13_tp06_sl065,-0.35,-1.4,-2.1,0,0,0,0,1.4,49.059999999999945,13.38000000000011,0.7825112107623104,9.980000000000018,0.0621242484970285,4.289999999999964,5.833499999999981,0.664,1.0,,,13,4,9.0,2024
2024-09-16 13:00:00+00:00|1.0|calendar_drop_friday_h13_tp06_sl065,2024-09-16 13:00:00+00:00,STAGE28A,data/reports/stage28a_discovery_factory_batch_runner/stage28a_exact_trades.csv,calendar_time_risk_proxy_v1,calendar_drop_friday_h13_tp06_sl065,1.2517000000001643,0.2017000000001645,-0.4982999999998352,1,0,1,0,0.2017000000001645,2.8299999999999272,11.409999999999854,0.550394390885213,10.070000000000164,0.08142999006948318,4.040000000000418,4.147499999999991,0.128,1.0,,,13,0,9.0,2024
2024-09-17 13:00:00+00:00|1.0|calendar_drop_friday_h13_tp06_sl065,2024-09-17 13:00:00+00:00,STAGE28A,data/reports/stage28a_discovery_factory_batch_runner/stage28a_exact_trades.csv,calendar_time_risk_proxy_v1,calendar_drop_friday_h13_tp06_sl065,1.4014000000001032,0.3514000000001034,-0.3485999999998963,1,0,1,0,0.3514000000001034,14.300000000000182,9.539999999999964,0.6006289308176143,15.289999999999964,0.23806409417919433,8.460000000000036,4.588000000000102,0.228,1.0,,,13,1,9.0,2024
2024-09-18 13:00:00+00:00|-1.0|calendar_drop_friday_h13_tp06_sl065,2024-09-18 13:00:00+00:00,STAGE28A,data/reports/stage28a_discovery_factory_batch_runner/stage28a_exact_trades.csv,calendar_time_risk_proxy_v1,calendar_drop_friday_h13_tp06_sl065,-1.6763249999999972,-2.726324999999997,-3.4263249999999967,0,0,0,0,2.726324999999997,26.2199999999998,8.230000000000018,0.6342648845686255,10.759999999999764,0.369888475836441,3.9899999999997817,5.132999999999948,0.488,-1.0,,,13,2,9.0,2024
2024-09-19 13:00:00+00:00|1.0|calendar_drop_friday_h13_tp06_sl065,2024-09-19 13:00:00+00:00,STAGE28A,data/reports/stage28a_discovery_factory_batch_runner/stage28a_exact_trades.csv,calendar_time_risk_proxy_v1,calendar_drop_friday_h13_tp06_sl065,-2.615574999999899,-3.6655749999998983,-4.3655749999998985,0,0,0,1,3.6655749999998983,53.19999999999982,15.420000000000073,0.30998702983136983,35.34999999999991,0.7932107496463943,10.940000000000055,9.204999999999995,1.0,1.0,,,13,3,9.0,2024
2024-09-20 23:45:00+00:00|1.0|calendar_drop_friday_h13_tp06_sl065,2024-09-20 23:45:00+00:00,STAGE28A,data/reports/stage28a_discovery_factory_batch_runner/stage28a_exact_trades.csv,calendar_time_risk_proxy_v1,calendar_drop_friday_h13_tp06_sl065,-0.35,-1.4,-2.1,0,0,0,0,1.4,43.789999999999964,8.75,0.41142857142856104,21.419999999999618,0.6984126984127126,2.630000000000109,6.5069999999999935,0.716,1.0,,,13,4,9.0,2024
2024-09-23 13:00:00+00:00|-1.0|calendar_drop_friday_h13_tp06_sl065,2024-09-23 13:00:00+00:00,STAGE28A,data/reports/stage28a_discovery_factory_batch_runner/stage28a_exact_trades.csv,calendar_time_risk_proxy_v1,calendar_drop_friday_h13_tp06_sl065,1.4286999999998442,0.3786999999998444,-0.3213000000001553,1,0,1,0,0.3786999999998444,3.6200000000003456,14.989999999999782,0.5376917945297209,17.51000000000022,0.39634494574528656,6.6599999999998545,5.1084999999999585,0.396,-1.0,,,13,0,9.0,2024
2024-09-24 13:00:00+00:00|-1.0|calendar_drop_friday_h13_tp06_sl065,2024-09-24 13:00:00+00:00,STAGE28A,data/reports/stage28a_discovery_factory_batch_runner/stage28a_exact_trades.csv,calendar_time_risk_proxy_v1,calendar_drop_friday_h13_tp06_sl065,-2.5625999999998386,-3.6125999999998384,-4.312599999999838,0,0,0,1,3.6125999999998384,21.01000000000022,12.349999999999909,0.5344129554655837,17.549999999999727,0.1908831908832146,3.75,4.588500000000022,0.172,-1.0,,,13,1,9.0,2024
2024-09-25 13:00:00+00:00|-1.0|calendar_drop_friday_h13_tp06_sl065,2024-09-25 13:00:00+00:00,STAGE28A,data/reports/stage28a_discovery_factory_batch_runner/stage28a_exact_trades.csv,calendar_time_risk_proxy_v1,calendar_drop_friday_h13_tp06_sl065,-2.327300000000014,-3.3773000000000137,-4.0773000000000135,0,0,0,1,3.3773000000000137,41.76999999999998,15.13000000000011,0.15333773959019778,10.159999999999854,0.4498031496063218,4.919999999999618,6.537499999999954,0.724,-1.0,,,13,2,9.0,2024
2024-09-26 13:00:00+00:00|1.0|calendar_drop_friday_h13_tp06_sl065,2024-09-26 13:00:00+00:00,STAGE28A,data/reports/stage28a_discovery_factory_batch_runner/stage28a_exact_trades.csv,calendar_time_risk_proxy_v1,calendar_drop_friday_h13_tp06_sl065,-2.0318750000002184,-3.081875000000218,-3.781875000000218,0,0,0,1,3.081875000000218,20.829999999999927,7.170000000000073,0.6094839609484382,12.570000000000164,0.49721559268098,2.869999999999891,5.068999999999915,0.308,1.0,,,13,3,9.0,2024
2024-09-27 23:45:00+00:00|1.0|calendar_drop_friday_h13_tp06_sl065,2024-09-27 23:45:00+00:00,STAGE28A,data/reports/stage28a_discovery_factory_batch_runner/stage28a_exact_trades.csv,calendar_time_risk_proxy_v1,calendar_drop_friday_h13_tp06_sl065,-2.4212250000001405,-3.4712250000001403,-4.17122500000014,0,0,0,1,3.4712250000001403,30.809999999999945,7.579999999999927,0.14775725593666247,15.519999999999982,0.6359536082474457,7.239999999999782,7.094000000000051,0.816,1.0,,,13,4,9.0,2024
2024-09-30 13:00:00+00:00|-1.0|calendar_drop_friday_h13_tp06_sl065,2024-09-30 13:00:00+00:00,STAGE28A,data/reports/stage28a_discovery_factory_batch_runner/stage28a_exact_trades.csv,calendar_time_risk_proxy_v1,calendar_drop_friday_h13_tp06_sl065,1.5105999999999766,0.4605999999999768,-0.2394000000000229,1,0,1,0,0.4605999999999768,6.25,18.659999999999854,0.487674169346194,12.220000000000255,0.3199672667757588,5.289999999999964,6.7634999999999765,0.7,-1.0,,,13,0,9.0,2024
2024-10-01 13:00:00+00:00|1.0|calendar_drop_friday_h13_tp06_sl065,2024-10-01 13:00:00+00:00,STAGE28A,data/reports/stage28a_discovery_factory_batch_runner/stage28a_exact_trades.csv,calendar_time_risk_proxy_v1,calendar_drop_friday_h13_tp06_sl065,0.991899999999896,-0.0581000000001039,-0.7581000000001037,0,0,0,0,0.0581000000001039,41.48000000000002,7.730000000000018,0.3842173350582468,11.840000000000146,0.9045608108108028,3.9400000000000546,4.787000000000035,0.108,1.0,,,13,1,10.0,2024
2024-10-02 13:00:00+00:00|-1.0|calendar_drop_friday_h13_tp06_sl065,2024-10-02 13:00:00+00:00,STAGE28A,data/reports/stage28a_discovery_factory_batch_runner/stage28a_exact_trades.csv,calendar_time_risk_proxy_v1,calendar_drop_friday_h13_tp06_sl065,1.6168000000001483,0.5668000000001485,-0.1331999999998512,1,0,1,0,0.5668000000001485,41.01000000000022,7.730000000000018,0.862871927554988,12.019999999999982,0.20632279534109998,3.8900000000003274,6.3150000000000315,0.464,-1.0,,,13,2,10.0,2024
2024-10-03 13:00:00+00:00|-1.0|calendar_drop_friday_h13_tp06_sl065,2024-10-03 13:00:00+00:00,STAGE28A,data/reports/stage28a_discovery_factory_batch_runner/stage28a_exact_trades.csv,calendar_time_risk_proxy_v1,calendar_drop_friday_h13_tp06_sl065,-2.399125000000004,-3.4491250000000035,-4.149125000000003,0,0,0,1,3.4491250000000035,22.240000000000236,9.679999999999836,0.3615702479338904,16.659999999999854,0.6818727490996535,6.559999999999945,5.445500000000015,0.26,-1.0,,,13,3,10.0,2024
2024-10-04 23:45:00+00:00|1.0|calendar_drop_friday_h13_tp06_sl065,2024-10-04 23:45:00+00:00,STAGE28A,data/reports/stage28a_discovery_factory_batch_runner/stage28a_exact_trades.csv,calendar_time_risk_proxy_v1,calendar_drop_friday_h13_tp06_sl065,-0.35,-1.4,-2.1,0,0,0,0,1.4,25.61999999999989,9.210000000000036,0.5570032573289999,11.019999999999982,0.33212341197820877,9.279999999999745,8.370000000000005,1.0,1.0,,,13,4,10.0,2024
2024-10-07 13:00:00+00:00|1.0|calendar_drop_friday_h13_tp06_sl065,2024-10-07 13:00:00+00:00,STAGE28A,data/reports/stage28a_discovery_factory_batch_runner/stage28a_exact_trades.csv,calendar_time_risk_proxy_v1,calendar_drop_friday_h13_tp06_sl065,-2.2450749999999062,-3.295074999999906,-3.995074999999906,0,0,0,1,3.295074999999906,2.680000000000291,8.609999999999673,0.3832752613240775,17.8100000000004,0.5081414935429522,6.620000000000346,6.27000000000005,0.484,1.0,,,13,0,10.0,2024
2024-10-08 13:00:00+00:00|-1.0|calendar_drop_friday_h13_tp06_sl065,2024-10-08 13:00:00+00:00,STAGE28A,data/reports/stage28a_discovery_factory_batch_runner/stage28a_exact_trades.csv,calendar_time_risk_proxy_v1,calendar_drop_friday_h13_tp06_sl065,-2.7381000000001223,-3.788100000000122,-4.488100000000122,0,0,0,1,3.788100000000122,22.019999999999982,15.289999999999964,0.07586657946369244,17.820000000000164,0.08810325476992982,6.2400000000002365,6.793499999999926,0.616,-1.0,,,13,1,10.0,2024
2024-10-09 13:00:00+00:00|-1.0|calendar_drop_friday_h13_tp06_sl065,2024-10-09 13:00:00+00:00,STAGE28A,data/reports/stage28a_discovery_factory_batch_runner/stage28a_exact_trades.csv,calendar_time_risk_proxy_v1,calendar_drop_friday_h13_tp06_sl065,-2.38774999999996,-3.43774999999996,-4.13774999999996,0,0,0,1,3.43774999999996,48.34999999999991,9.390000000000327,0.5175718849840211,15.210000000000036,0.05588428665351131,3.8700000000003456,6.842500000000041,0.584,-1.0,,,13,2,10.0,2024
2024-10-10 13:00:00+00:00|1.0|calendar_drop_friday_h13_tp06_sl065,2024-10-10 13:00:00+00:00,STAGE28A,data/reports/stage28a_discovery_factory_batch_runner/stage28a_exact_trades.csv,calendar_time_risk_proxy_v1,calendar_drop_friday_h13_tp06_sl065,1.096300000000065,0.0463000000000648,-0.6536999999999349,1,0,0,0,0.0463000000000648,19.230000000000018,10.960000000000036,0.2636861313868903,8.2199999999998,0.6630170316301643,4.079999999999927,4.6664999999999734,0.028,1.0,,,13,3,10.0,2024
2024-10-11 23:45:00+00:00|1.0|calendar_drop_friday_h13_tp06_sl065,2024-10-11 23:45:00+00:00,STAGE28A,data/reports/stage28a_discovery_factory_batch_runner/stage28a_exact_trades.csv,calendar_time_risk_proxy_v1,calendar_drop_friday_h13_tp06_sl065,-0.35,-1.4,-2.1,0,0,0,0,1.4,25.800000000000182,17.980000000000018,0.9566184649610567,10.989999999999782,0.6960873521383296,3.630000000000109,5.878999999999905,0.284,1.0,,,13,4,10.0,2024
2024-10-14 13:00:00+00:00|1.0|calendar_drop_friday_h13_tp06_sl065,2024-10-14 13:00:00+00:00,STAGE28A,data/reports/stage28a_discovery_factory_batch_runner/stage28a_exact_trades.csv,calendar_time_risk_proxy_v1,calendar_drop_friday_h13_tp06_sl065,1.4304999999998471,0.3804999999998473,-0.3195000000001524,1,0,1,0,0.3804999999998473,11.429999999999836,14.259999999999764,0.3709677419354875,11.480000000000018,0.24912891986063787,6.179999999999836,5.545499999999924,0.176,1.0,,,13,0,10.0,2024
2024-10-15 13:00:00+00:00|1.0|calendar_drop_friday_h13_tp06_sl065,2024-10-15 13:00:00+00:00,STAGE28A,data/reports/stage28a_discovery_factory_batch_runner/stage28a_exact_trades.csv,calendar_time_risk_proxy_v1,calendar_drop_friday_h13_tp06_sl065,-2.291225000000032,-3.341225000000031,-4.041225000000031,0,0,0,1,3.341225000000031,23.659999999999854,8.349999999999909,0.5185628742514939,17.829999999999927,0.448121144139081,4.460000000000036,4.957000000000017,0.056,1.0,,,13,1,10.0,2024
2024-10-16 13:00:00+00:00|1.0|calendar_drop_friday_h13_tp06_sl065,2024-10-16 13:00:00+00:00,STAGE28A,data/reports/stage28a_discovery_factory_batch_runner/stage28a_exact_trades.csv,calendar_time_risk_proxy_v1,calendar_drop_friday_h13_tp06_sl065,1.4154999999999744,0.3654999999999746,-0.3345000000000251,1,0,1,0,0.3654999999999746,31.110000000000127,11.359999999999673,0.4383802816901551,17.08999999999969,0.7577530719719431,4.679999999999836,5.308499999999981,0.12,1.0,,,13,2,10.0,2024
2024-10-17 13:00:00+00:00|1.0|calendar_drop_friday_h13_tp06_sl065,2024-10-17 13:00:00+00:00,STAGE28A,data/reports/stage28a_discovery_factory_batch_runner/stage28a_exact_trades.csv,calendar_time_risk_proxy_v1,calendar_drop_friday_h13_tp06_sl065,-2.3185249999997724,-3.368524999999772,-4.068524999999772,0,0,0,1,3.368524999999772,26.559999999999945,11.63000000000011,0.2579535683576932,9.230000000000018,0.2979414951245931,5.200000000000273,4.719999999999937,0.032,1.0,,,13,3,10.0,2024
2024-10-18 23:45:00+00:00|1.0|calendar_drop_friday_h13_tp06_sl065,2024-10-18 23:45:00+00:00,STAGE28A,data/reports/stage28a_discovery_factory_batch_runner/stage28a_exact_trades.csv,calendar_time_risk_proxy_v1,calendar_drop_friday_h13_tp06_sl065,-0.35,-1.4,-2.1,0,0,0,0,1.4,23.579999999999927,20.360000000000127,0.849214145383097,12.329999999999927,0.11678832116788833,2.449999999999818,6.2260000000000675,0.608,1.0,,,13,4,10.0,2024
2024-10-21 13:00:00+00:00|-1.0|calendar_drop_friday_h13_tp06_sl065,2024-10-21 13:00:00+00:00,STAGE28A,data/reports/stage28a_discovery_factory_batch_runner/stage28a_exact_trades.csv,calendar_time_risk_proxy_v1,calendar_drop_friday_h13_tp06_sl065,-2.171300000000065,-3.2213000000000647,-3.921300000000064,0,0,0,1,3.2213000000000647,4.5300000000002,13.570000000000164,0.585851142225477,13.420000000000073,0.21833084947837708,6.160000000000309,4.8650000000001,0.048,-1.0,,,13,0,10.0,2024
2024-10-22 13:00:00+00:00|1.0|calendar_drop_friday_h13_tp06_sl065,2024-10-22 13:00:00+00:00,STAGE28A,data/reports/stage28a_discovery_factory_batch_runner/stage28a_exact_trades.csv,calendar_time_risk_proxy_v1,calendar_drop_friday_h13_tp06_sl065,-2.139124999999785,-3.1891249999997853,-3.889124999999785,0,0,0,1,3.1891249999997853,26.529999999999745,14.860000000000127,0.6917900403768581,9.539999999999964,0.06918238993709193,6.309999999999945,5.823499999999967,0.416,1.0,,,13,1,10.0,2024
2024-10-23 13:00:00+00:00|1.0|calendar_drop_friday_h13_tp06_sl065,2024-10-23 13:00:00+00:00,STAGE28A,data/reports/stage28a_discovery_factory_batch_runner/stage28a_exact_trades.csv,calendar_time_risk_proxy_v1,calendar_drop_friday_h13_tp06_sl065,1.1190999999997984,0.0690999999997985,-0.6309000000002012,1,0,0,0,0.0690999999997985,30.76000000000022,10.180000000000291,0.1237721021611181,13.070000000000164,0.3458301453710731,7.739999999999782,5.100499999999988,0.1,1.0,,,13,2,10.0,2024
2024-10-24 13:00:00+00:00|1.0|calendar_drop_friday_h13_tp06_sl065,2024-10-24 13:00:00+00:00,STAGE28A,data/reports/stage28a_discovery_factory_batch_runner/stage28a_exact_trades.csv,calendar_time_risk_proxy_v1,calendar_drop_friday_h13_tp06_sl065,1.1541999999998551,0.1041999999998553,-0.5958000000001444,1,0,0,0,0.1041999999998553,49.92000000000007,12.279999999999745,0.39576547231272213,16.420000000000073,0.8361753958587063,3.230000000000018,5.922000000000049,0.54,1.0,,,13,3,10.0,2024
2024-10-25 23:45:00+00:00|1.0|calendar_drop_friday_h13_tp06_sl065,2024-10-25 23:45:00+00:00,STAGE28A,data/reports/stage28a_discovery_factory_batch_runner/stage28a_exact_trades.csv,calendar_time_risk_proxy_v1,calendar_drop_friday_h13_tp06_sl065,-0.35,-1.4,-2.1,0,0,0,0,1.4,29.029999999999745,11.730000000000018,0.7357203751065725,15.730000000000018,0.3146853146853317,4.099999999999909,5.9585000000000035,0.632,1.0,,,13,4,10.0,2024
2024-10-28 13:00:00+00:00|-1.0|calendar_drop_friday_h13_tp06_sl065,2024-10-28 13:00:00+00:00,STAGE28A,data/reports/stage28a_discovery_factory_batch_runner/stage28a_exact_trades.csv,calendar_time_risk_proxy_v1,calendar_drop_friday_h13_tp06_sl065,-2.7618250000001354,-3.8118250000001352,-4.511825000000135,0,0,0,1,3.8118250000001352,10.010000000000218,15.480000000000018,0.062015503875941895,16.909999999999854,0.06386753400357134,5.449999999999818,5.938000000000057,0.604,-1.0,,,13,0,10.0,2024
2024-10-29 13:00:00+00:00|-1.0|calendar_drop_friday_h13_tp06_sl065,2024-10-29 13:00:00+00:00,STAGE28A,data/reports/stage28a_discovery_factory_batch_runner/stage28a_exact_trades.csv,calendar_time_risk_proxy_v1,calendar_drop_friday_h13_tp06_sl065,1.278400000000056,0.2284000000000561,-0.4715999999999436,1,0,1,0,0.2284000000000561,21.190000000000055,18.070000000000164,0.8096292197011609,10.590000000000146,0.47969782813974104,5.789999999999964,4.903000000000043,0.092,-1.0,,,13,1,10.0,2024
2024-10-30 13:00:00+00:00|1.0|calendar_drop_friday_h13_tp06_sl065,2024-10-30 13:00:00+00:00,STAGE28A,data/reports/stage28a_discovery_factory_batch_runner/stage28a_exact_trades.csv,calendar_time_risk_proxy_v1,calendar_drop_friday_h13_tp06_sl065,1.235199999999986,0.1851999999999862,-0.5148000000000135,1,0,1,0,0.1851999999999862,35.41000000000031,9.389999999999873,0.7518636847710374,11.7800000000002,0.0008488964346534898,6.300000000000182,5.081999999999994,0.16,1.0,,,13,2,10.0,2024
2024-10-31 13:00:00+00:00|-1.0|calendar_drop_friday_h13_tp06_sl065,2024-10-31 13:00:00+00:00,STAGE28A,data/reports/stage28a_discovery_factory_batch_runner/stage28a_exact_trades.csv,calendar_time_risk_proxy_v1,calendar_drop_friday_h13_tp06_sl065,-2.143999999999869,-3.193999999999869,-3.8939999999998687,0,0,0,1,3.193999999999869,19.139999999999873,8.029999999999745,0.2889165628891952,13.509999999999764,0.2672094744633409,8.0,4.854499999999962,0.072,-1.0,,,13,3,10.0,2024
2024-11-01 22:45:00+00:00|1.0|calendar_drop_friday_h13_tp06_sl065,2024-11-01 22:45:00+00:00,STAGE28A,data/reports/stage28a_discovery_factory_batch_runner/stage28a_exact_trades.csv,calendar_time_risk_proxy_v1,calendar_drop_friday_h13_tp06_sl065,-0.35,-1.4,-2.1,0,0,0,0,1.4,58.65000000000009,9.6899999999996,0.9195046439629182,12.86999999999989,0.20512820512819696,3.880000000000109,6.580500000000006,0.872,1.0,,,13,4,11.0,2024
2024-11-04 13:00:00+00:00|1.0|calendar_drop_friday_h13_tp06_sl065,2024-11-04 13:00:00+00:00,STAGE28A,data/reports/stage28a_discovery_factory_batch_runner/stage28a_exact_trades.csv,calendar_time_risk_proxy_v1,calendar_drop_friday_h13_tp06_sl065,1.7040999999998347,0.6540999999998349,-0.0459000000001648,1,0,1,0,0.6540999999998349,10.75,12.879999999999654,0.19720496894410183,13.289999999999964,0.15876598946573953,7.809999999999945,6.327499999999986,0.72,1.0,,,13,0,11.0,2024
2024-11-05 13:00:00+00:00|1.0|calendar_drop_friday_h13_tp06_sl065,2024-11-05 13:00:00+00:00,STAGE28A,data/reports/stage28a_discovery_factory_batch_runner/stage28a_exact_trades.csv,calendar_time_risk_proxy_v1,calendar_drop_friday_h13_tp06_sl065,1.5159999999999854,0.4659999999999855,-0.2340000000000142,1,0,1,0,0.4659999999999855,18.789999999999964,13.260000000000218,0.12141779788835944,13.2800000000002,0.2567771084337201,4.639999999999873,5.242500000000041,0.188,1.0,,,13,1,11.0,2024
2024-11-06 13:00:00+00:00|-1.0|calendar_drop_friday_h13_tp06_sl065,2024-11-06 13:00:00+00:00,STAGE28A,data/reports/stage28a_discovery_factory_batch_runner/stage28a_exact_trades.csv,calendar_time_risk_proxy_v1,calendar_drop_friday_h13_tp06_sl065,4.879600000000119,3.829600000000119,3.129600000000119,1,1,1,0,3.829600000000119,25.340000000000146,18.98999999999978,0.20326487625066728,42.35999999999967,0.5153446647780948,8.429999999999836,11.11949999999988,0.996,-1.0,,,13,2,11.0,2024
2024-11-07 13:00:00+00:00|1.0|calendar_drop_friday_h13_tp06_sl065,2024-11-07 13:00:00+00:00,STAGE28A,data/reports/stage28a_discovery_factory_batch_runner/stage28a_exact_trades.csv,calendar_time_risk_proxy_v1,calendar_drop_friday_h13_tp06_sl065,1.991199999999844,0.9411999999998444,0.2411999999998446,1,1,1,0,0.9411999999998444,97.4399999999996,20.88000000000011,0.45545977011492883,15.579999999999927,0.7676508344030868,8.550000000000182,8.320500000000038,0.888,1.0,,,13,3,11.0,2024
2024-11-08 23:45:00+00:00|1.0|calendar_drop_friday_h13_tp06_sl065,2024-11-08 23:45:00+00:00,STAGE28A,data/reports/stage28a_discovery_factory_batch_runner/stage28a_exact_trades.csv,calendar_time_risk_proxy_v1,calendar_drop_friday_h13_tp06_sl065,-0.35,-1.4,-2.1,0,0,0,0,1.4,66.90999999999985,17.09999999999991,0.7777777777777659,16.240000000000236,0.3232758620689608,3.630000000000109,7.134500000000048,0.708,1.0,,,13,4,11.0,2024
2024-11-11 13:00:00+00:00|-1.0|calendar_drop_friday_h13_tp06_sl065,2024-11-11 13:00:00+00:00,STAGE28A,data/reports/stage28a_discovery_factory_batch_runner/stage28a_exact_trades.csv,calendar_time_risk_proxy_v1,calendar_drop_friday_h13_tp06_sl065,1.789599999999973,0.7395999999999732,0.0395999999999734,1,1,1,0,0.7395999999999732,4.230000000000018,19.7199999999998,0.6866125760649139,14.38000000000011,0.7183588317107304,14.38000000000011,5.786500000000001,0.248,-1.0,,,13,0,11.0,2024
2024-11-12 13:00:00+00:00|-1.0|calendar_drop_friday_h13_tp06_sl065,2024-11-12 13:00:00+00:00,STAGE28A,data/reports/stage28a_discovery_factory_batch_runner/stage28a_exact_trades.csv,calendar_time_risk_proxy_v1,calendar_drop_friday_h13_tp06_sl065,2.91279999999997,1.8627999999999705,1.1627999999999703,1,1,1,0,1.8627999999999705,75.67999999999984,11.579999999999927,0.5397236614853229,28.460000000000036,0.7350667603654267,8.900000000000091,6.995999999999936,0.596,-1.0,,,13,1,11.0,2024
2024-11-13 13:00:00+00:00|1.0|calendar_drop_friday_h13_tp06_sl065,2024-11-13 13:00:00+00:00,STAGE28A,data/reports/stage28a_discovery_factory_batch_runner/stage28a_exact_trades.csv,calendar_time_risk_proxy_v1,calendar_drop_friday_h13_tp06_sl065,1.5066999999998187,0.4566999999998189,-0.2433000000001808,1,0,1,0,0.4566999999998189,37.48000000000002,15.940000000000055,0.4567126725219398,10.599999999999909,0.2584905660377604,3.4400000000000546,5.74200000000003,0.16,1.0,,,13,2,11.0,2024
2024-11-14 13:00:00+00:00|-1.0|calendar_drop_friday_h13_tp06_sl065,2024-11-14 13:00:00+00:00,STAGE28A,data/reports/stage28a_discovery_factory_batch_runner/stage28a_exact_trades.csv,calendar_time_risk_proxy_v1,calendar_drop_friday_h13_tp06_sl065,-3.3604750000000423,-4.4104750000000426,-5.110475000000042,0,0,0,1,4.4104750000000426,48.070000000000164,22.389999999999873,0.25949084412684137,28.460000000000036,0.6398453970484895,8.980000000000018,9.02199999999998,0.884,-1.0,,,13,3,11.0,2024
2024-11-15 23:45:00+00:00|1.0|calendar_drop_friday_h13_tp06_sl065,2024-11-15 23:45:00+00:00,STAGE28A,data/reports/stage28a_discovery_factory_batch_runner/stage28a_exact_trades.csv,calendar_time_risk_proxy_v1,calendar_drop_friday_h13_tp06_sl065,-0.35,-1.4,-2.1,0,0,0,0,1.4,44.54999999999973,8.599999999999909,0.02325581395346747,15.809999999999945,0.039848197343460554,3.9899999999997817,7.276999999999953,0.488,1.0,,,13,4,11.0,2024
2024-11-18 13:00:00+00:00|1.0|calendar_drop_friday_h13_tp06_sl065,2024-11-18 13:00:00+00:00,STAGE28A,data/reports/stage28a_discovery_factory_batch_runner/stage28a_exact_trades.csv,calendar_time_risk_proxy_v1,calendar_drop_friday_h13_tp06_sl065,1.7346999999998842,0.6846999999998844,-0.0153000000001153,1,0,1,0,0.6846999999998844,13.230000000000018,34.88000000000011,0.5997706422018351,16.840000000000146,0.1057007125890576,7.139999999999873,8.087500000000023,0.664,1.0,,,13,0,11.0,2024
2024-11-19 13:00:00+00:00|1.0|calendar_drop_friday_h13_tp06_sl065,2024-11-19 13:00:00+00:00,STAGE28A,data/reports/stage28a_discovery_factory_batch_runner/stage28a_exact_trades.csv,calendar_time_risk_proxy_v1,calendar_drop_friday_h13_tp06_sl065,-2.643525000000045,-3.693525000000045,-4.393525000000045,0,0,0,1,3.693525000000045,52.84999999999991,15.36999999999989,0.6649316851008671,18.710000000000036,0.659005879208974,6.579999999999927,5.111500000000047,0.016,1.0,,,13,1,11.0,2024
2024-11-20 13:00:00+00:00|-1.0|calendar_drop_friday_h13_tp06_sl065,2024-11-20 13:00:00+00:00,STAGE28A,data/reports/stage28a_discovery_factory_batch_runner/stage28a_exact_trades.csv,calendar_time_risk_proxy_v1,calendar_drop_friday_h13_tp06_sl065,-2.329899999999816,-3.379899999999816,-4.079899999999816,0,0,0,1,3.379899999999816,29.179999999999836,10.159999999999854,0.14763779527559268,19.740000000000236,0.5916919959472997,5.2400000000002365,4.97000000000005,0.004,-1.0,,,13,2,11.0,2024
2024-11-21 13:00:00+00:00|1.0|calendar_drop_friday_h13_tp06_sl065,2024-11-21 13:00:00+00:00,STAGE28A,data/reports/stage28a_discovery_factory_batch_runner/stage28a_exact_trades.csv,calendar_time_risk_proxy_v1,calendar_drop_friday_h13_tp06_sl065,-2.3620750000000954,-3.4120750000000952,-4.112075000000095,0,0,0,1,3.4120750000000952,36.64000000000033,11.610000000000127,0.41860465116279705,17.059999999999945,0.759671746776089,5.239999999999782,5.6704999999999925,0.084,1.0,,,13,3,11.0,2024
2024-11-22 23:45:00+00:00|1.0|calendar_drop_friday_h13_tp06_sl065,2024-11-22 23:45:00+00:00,STAGE28A,data/reports/stage28a_discovery_factory_batch_runner/stage28a_exact_trades.csv,calendar_time_risk_proxy_v1,calendar_drop_friday_h13_tp06_sl065,-2.0270000000001347,-3.0770000000001345,-3.7770000000001342,0,0,0,1,3.0770000000001345,24.63000000000011,24.070000000000164,0.8109680099709308,25.440000000000055,0.7425314465408739,3.730000000000018,8.074500000000011,0.8,1.0,,,13,4,11.0,2024
2024-11-25 13:00:00+00:00|1.0|calendar_drop_friday_h13_tp06_sl065,2024-11-25 13:00:00+00:00,STAGE28A,data/reports/stage28a_discovery_factory_batch_runner/stage28a_exact_trades.csv,calendar_time_risk_proxy_v1,calendar_drop_friday_h13_tp06_sl065,-3.019550000000072,-4.069550000000072,-4.769550000000072,0,0,0,1,4.069550000000072,16.51000000000022,62.039999999999964,0.7633784655061202,19.73999999999978,0.26443768996959766,9.129999999999654,10.903500000000031,0.972,1.0,,,13,0,11.0,2024
2024-11-26 13:00:00+00:00|-1.0|calendar_drop_friday_h13_tp06_sl065,2024-11-26 13:00:00+00:00,STAGE28A,data/reports/stage28a_discovery_factory_batch_runner/stage28a_exact_trades.csv,calendar_time_risk_proxy_v1,calendar_drop_friday_h13_tp06_sl065,-2.9200999999999118,-3.970099999999911,-4.670099999999911,0,0,0,1,3.970099999999911,111.38000000000011,27.059999999999945,0.588322246858836,22.259999999999764,0.22192273135669843,8.079999999999927,10.456500000000005,0.876,-1.0,,,13,1,11.0,2024
2024-11-27 13:00:00+00:00|1.0|calendar_drop_friday_h13_tp06_sl065,2024-11-27 13:00:00+00:00,STAGE28A,data/reports/stage28a_discovery_factory_batch_runner/stage28a_exact_trades.csv,calendar_time_risk_proxy_v1,calendar_drop_friday_h13_tp06_sl065,1.4280999999999948,0.378099999999995,-0.3219000000000047,1,0,1,0,0.378099999999995,36.76999999999998,13.510000000000218,0.4885270170244117,15.690000000000055,0.6201402166985331,2.180000000000291,5.795500000000016,0.116,1.0,,,13,2,11.0,2024
2024-11-28 13:00:00+00:00|1.0|calendar_drop_friday_h13_tp06_sl065,2024-11-28 13:00:00+00:00,STAGE28A,data/reports/stage28a_discovery_factory_batch_runner/stage28a_exact_trades.csv,calendar_time_risk_proxy_v1,calendar_drop_friday_h13_tp06_sl065,-2.264899999999761,-3.3148999999997613,-4.014899999999761,0,0,0,1,3.3148999999997613,31.329999999999927,17.48999999999978,0.33390508862208224,19.41000000000031,0.8377125193199126,4.7400000000002365,6.230499999999961,0.248,1.0,,,13,3,11.0,2024
2024-11-29 21:30:00+00:00|1.0|calendar_drop_friday_h13_tp06_sl065,2024-11-29 21:30:00+00:00,STAGE28A,data/reports/stage28a_discovery_factory_batch_runner/stage28a_exact_trades.csv,calendar_time_risk_proxy_v1,calendar_drop_friday_h13_tp06_sl065,-0.35,-1.4,-2.1,0,0,0,0,1.4,28.65000000000009,30.29000000000042,0.6956091119181206,11.809999999999945,0.2464013547840701,8.920000000000073,7.049000000000047,0.616,1.0,,,13,4,11.0,2024
2024-12-02 13:00:00+00:00|1.0|calendar_drop_friday_h13_tp06_sl065,2024-12-02 13:00:00+00:00,STAGE28A,data/reports/stage28a_discovery_factory_batch_runner/stage28a_exact_trades.csv,calendar_time_risk_proxy_v1,calendar_drop_friday_h13_tp06_sl065,-2.5752749999997837,-3.625274999999783,-4.325274999999783,0,0,0,1,3.625274999999783,9.420000000000073,29.420000000000073,0.5849762066621343,15.789999999999964,0.45725142495248994,4.349999999999909,8.745500000000016,0.808,1.0,,,13,0,12.0,2024
2024-12-03 13:00:00+00:00|1.0|calendar_drop_friday_h13_tp06_sl065,2024-12-03 13:00:00+00:00,STAGE28A,data/reports/stage28a_discovery_factory_batch_runner/stage28a_exact_trades.csv,calendar_time_risk_proxy_v1,calendar_drop_friday_h13_tp06_sl065,1.3564000000000305,0.3064000000000306,-0.3935999999999691,1,0,1,0,0.3064000000000306,30.550000000000182,11.13000000000011,0.21024258760104833,12.860000000000127,0.21228615863141456,3.1700000000000728,5.37699999999993,0.068,1.0,,,13,1,12.0,2024
2024-12-04 13:00:00+00:00|-1.0|calendar_drop_friday_h13_tp06_sl065,2024-12-04 13:00:00+00:00,STAGE28A,data/reports/stage28a_discovery_factory_batch_runner/stage28a_exact_trades.csv,calendar_time_risk_proxy_v1,calendar_drop_friday_h13_tp06_sl065,-2.0624250000001667,-3.1124250000001665,-3.8124250000001663,0,0,0,1,3.1124250000001665,21.43000000000029,10.960000000000036,0.5136861313868696,14.930000000000291,0.282652377762905,4.269999999999982,5.29050000000002,0.044,-1.0,,,13,2,12.0,2024
2024-12-05 13:00:00+00:00|-1.0|calendar_drop_friday_h13_tp06_sl065,2024-12-05 13:00:00+00:00,STAGE28A,data/reports/stage28a_discovery_factory_batch_runner/stage28a_exact_trades.csv,calendar_time_risk_proxy_v1,calendar_drop_friday_h13_tp06_sl065,-2.1368499999999586,-3.1868499999999584,-3.886849999999958,0,0,0,1,3.1868499999999584,24.800000000000182,6.940000000000055,0.5821325648414888,13.88000000000011,0.17939481268009813,5.820000000000164,5.433999999999946,0.052,-1.0,,,13,3,12.0,2024
2024-12-06 23:45:00+00:00|1.0|calendar_drop_friday_h13_tp06_sl065,2024-12-06 23:45:00+00:00,STAGE28A,data/reports/stage28a_discovery_factory_batch_runner/stage28a_exact_trades.csv,calendar_time_risk_proxy_v1,calendar_drop_friday_h13_tp06_sl065,-0.35,-1.4,-2.1,0,0,0,0,1.4,32.26999999999998,32.11999999999989,0.2624533001245288,12.33999999999969,0.6345218800648398,4.8400000000001455,8.058999999999992,0.712,1.0,,,13,4,12.0,2024
2024-12-09 13:00:00+00:00|1.0|calendar_drop_friday_h13_tp06_sl065,2024-12-09 13:00:00+00:00,STAGE28A,data/reports/stage28a_discovery_factory_batch_runner/stage28a_exact_trades.csv,calendar_time_risk_proxy_v1,calendar_drop_friday_h13_tp06_sl065,1.3306000000001403,0.2806000000001405,-0.4193999999998592,1,0,1,0,0.2806000000001405,11.929999999999836,23.019999999999982,0.1776715899218136,22.470000000000255,0.9577214063195255,4.860000000000127,7.803999999999997,0.664,1.0,,,13,0,12.0,2024
2024-12-10 13:00:00+00:00|-1.0|calendar_drop_friday_h13_tp06_sl065,2024-12-10 13:00:00+00:00,STAGE28A,data/reports/stage28a_discovery_factory_batch_runner/stage28a_exact_trades.csv,calendar_time_risk_proxy_v1,calendar_drop_friday_h13_tp06_sl065,1.5669999999999162,0.5169999999999164,-0.1830000000000833,1,0,1,0,0.5169999999999164,48.84999999999991,15.91000000000031,0.6140791954745598,15.539999999999964,0.3301158301158379,12.319999999999709,5.638500000000022,0.124,-1.0,,,13,1,12.0,2024
2024-12-11 13:00:00+00:00|1.0|calendar_drop_friday_h13_tp06_sl065,2024-12-11 13:00:00+00:00,STAGE28A,data/reports/stage28a_discovery_factory_batch_runner/stage28a_exact_trades.csv,calendar_time_risk_proxy_v1,calendar_drop_friday_h13_tp06_sl065,2.2168000000000574,1.1668000000000576,0.4668000000000578,1,1,1,0,1.1668000000000576,38.01999999999998,21.779999999999745,0.5335169880624439,25.350000000000364,0.3932938856015823,7.4900000000002365,7.634500000000026,0.756,1.0,,,13,2,12.0,2024
2024-12-12 13:00:00+00:00|1.0|calendar_drop_friday_h13_tp06_sl065,2024-12-12 13:00:00+00:00,STAGE28A,data/reports/stage28a_discovery_factory_batch_runner/stage28a_exact_trades.csv,calendar_time_risk_proxy_v1,calendar_drop_friday_h13_tp06_sl065,1.6132000000001423,0.5632000000001427,-0.136799999999857,1,0,1,0,0.5632000000001427,46.590000000000146,26.139999999999873,0.2895944912012319,10.640000000000327,0.09586466165413068,6.0,6.914999999999987,0.592,1.0,,,13,3,12.0,2024
2024-12-13 23:45:00+00:00|1.0|calendar_drop_friday_h13_tp06_sl065,2024-12-13 23:45:00+00:00,STAGE28A,data/reports/stage28a_discovery_factory_batch_runner/stage28a_exact_trades.csv,calendar_time_risk_proxy_v1,calendar_drop_friday_h13_tp06_sl065,-0.35,-1.4,-2.1,0,0,0,0,1.4,51.2199999999998,13.740000000000236,0.4832605531295312,25.5,0.8109803921568741,7.0,6.908500000000049,0.536,1.0,,,13,4,12.0,2024
2024-12-16 13:00:00+00:00|1.0|calendar_drop_friday_h13_tp06_sl065,2024-12-16 13:00:00+00:00,STAGE28A,data/reports/stage28a_discovery_factory_batch_runner/stage28a_exact_trades.csv,calendar_time_risk_proxy_v1,calendar_drop_friday_h13_tp06_sl065,-2.0858250000002045,-3.1358250000002044,-3.835825000000204,0,0,0,1,3.1358250000002044,4.569999999999709,12.110000000000127,0.10982658959536856,12.450000000000273,0.48514056224898244,3.230000000000018,5.1964999999999915,0.024,1.0,,,13,0,12.0,2024
2024-12-17 13:00:00+00:00|-1.0|calendar_drop_friday_h13_tp06_sl065,2024-12-17 13:00:00+00:00,STAGE28A,data/reports/stage28a_discovery_factory_batch_runner/stage28a_exact_trades.csv,calendar_time_risk_proxy_v1,calendar_drop_friday_h13_tp06_sl065,1.9138000000001736,0.863800000000174,0.1638000000001742,1,1,1,0,0.863800000000174,20.75,7.650000000000091,0.006535947712442001,19.0300000000002,0.7157120336311195,5.079999999999927,5.214500000000021,0.08,-1.0,,,13,1,12.0,2024
2024-12-18 13:00:00+00:00|1.0|calendar_drop_friday_h13_tp06_sl065,2024-12-18 13:00:00+00:00,STAGE28A,data/reports/stage28a_discovery_factory_batch_runner/stage28a_exact_trades.csv,calendar_time_risk_proxy_v1,calendar_drop_friday_h13_tp06_sl065,-1.8443499999999404,-2.89434999999994,-3.59434999999994,0,0,0,0,2.89434999999994,25.659999999999854,9.079999999999927,0.2444933920704645,7.559999999999945,0.42857142857146296,3.1700000000000728,4.38100000000004,0.004,1.0,,,13,2,12.0,2024
2024-12-19 13:00:00+00:00|1.0|calendar_drop_friday_h13_tp06_sl065,2024-12-19 13:00:00+00:00,STAGE28A,data/reports/stage28a_discovery_factory_batch_runner/stage28a_exact_trades.csv,calendar_time_risk_proxy_v1,calendar_drop_friday_h13_tp06_sl065,-3.028324999999859,-4.078324999999859,-4.7783249999998585,0,0,0,1,4.078324999999859,68.09999999999991,35.460000000000036,0.5930626057529661,23.2800000000002,0.4463058419243893,9.039999999999964,10.11400000000001,0.996,1.0,,,13,3,12.0,2024
2024-12-20 23:45:00+00:00|1.0|calendar_drop_friday_h13_tp06_sl065,2024-12-20 23:45:00+00:00,STAGE28A,data/reports/stage28a_discovery_factory_batch_runner/stage28a_exact_trades.csv,calendar_time_risk_proxy_v1,calendar_drop_friday_h13_tp06_sl065,-0.35,-1.4,-2.1,0,0,0,0,1.4,43.99000000000024,14.320000000000164,0.3058659217877136,11.180000000000291,0.5661896243291786,5.920000000000073,6.560500000000093,0.452,1.0,,,13,4,12.0,2024
2024-12-23 13:00:00+00:00|1.0|calendar_drop_friday_h13_tp06_sl065,2024-12-23 13:00:00+00:00,STAGE28A,data/reports/stage28a_discovery_factory_batch_runner/stage28a_exact_trades.csv,calendar_time_risk_proxy_v1,calendar_drop_friday_h13_tp06_sl065,-2.1417250000000423,-3.191725000000042,-3.891725000000042,0,0,0,1,3.191725000000042,3.1600000000003092,10.0,0.1069999999999709,14.389999999999873,0.44336344683809353,8.039999999999964,5.527000000000044,0.184,1.0,,,13,0,12.0,2024
2024-12-24 13:00:00+00:00|-1.0|calendar_drop_friday_h13_tp06_sl065,2024-12-24 13:00:00+00:00,STAGE28A,data/reports/stage28a_discovery_factory_batch_runner/stage28a_exact_trades.csv,calendar_time_risk_proxy_v1,calendar_drop_friday_h13_tp06_sl065,0.8875000000001819,-0.162499999999818,-0.8624999999998177,0,0,0,0,0.162499999999818,25.279999999999745,8.889999999999873,0.5129358830146243,8.309999999999945,0.5571600481347941,4.7199999999998,4.0959999999999805,0.008,-1.0,,,13,1,12.0,2024
2024-12-24 19:45:00+00:00|1.0|calendar_drop_friday_h13_tp06_sl065,2024-12-24 19:45:00+00:00,STAGE28A,data/reports/stage28a_discovery_factory_batch_runner/stage28a_exact_trades.csv,calendar_time_risk_proxy_v1,calendar_drop_friday_h13_tp06_sl065,-0.35,-1.4,-2.1,0,0,0,0,1.4,25.279999999999745,8.889999999999873,0.5129358830146243,8.309999999999945,0.5571600481347941,6.190000000000055,3.966999999999962,0.024,1.0,,,13,1,12.0,2024
2024-12-26 13:00:00+00:00|1.0|calendar_drop_friday_h13_tp06_sl065,2024-12-26 13:00:00+00:00,STAGE28A,data/reports/stage28a_discovery_factory_batch_runner/stage28a_exact_trades.csv,calendar_time_risk_proxy_v1,calendar_drop_friday_h13_tp06_sl065,-1.5973500000000969,-2.6473500000000967,-3.3473500000000964,0,0,0,0,2.6473500000000967,7.519999999999982,16.299999999999727,0.5539877300613713,6.049999999999727,0.2264462809917277,2.599999999999909,4.40150000000001,0.088,1.0,,,13,3,12.0,2024
2024-12-27 23:45:00+00:00|1.0|calendar_drop_friday_h13_tp06_sl065,2024-12-27 23:45:00+00:00,STAGE28A,data/reports/stage28a_discovery_factory_batch_runner/stage28a_exact_trades.csv,calendar_time_risk_proxy_v1,calendar_drop_friday_h13_tp06_sl065,-1.8719750000001116,-2.9219750000001112,-3.621975000000111,0,0,0,0,2.9219750000001112,26.139999999999873,6.550000000000182,0.14656488549618468,14.829999999999927,0.4686446392447641,8.050000000000182,5.124000000000069,0.364,1.0,,,13,4,12.0,2024
2024-12-30 13:00:00+00:00|-1.0|calendar_drop_friday_h13_tp06_sl065,2024-12-30 13:00:00+00:00,STAGE28A,data/reports/stage28a_discovery_factory_batch_runner/stage28a_exact_trades.csv,calendar_time_risk_proxy_v1,calendar_drop_friday_h13_tp06_sl065,1.27480000000005,0.2248000000000503,-0.4751999999999494,1,0,1,0,0.2248000000000503,7.4699999999998,9.489999999999782,0.2012644889357111,15.480000000000018,0.7558139534883594,4.789999999999964,5.360000000000014,0.432,-1.0,,,13,0,12.0,2024
2024-12-31 13:00:00+00:00|1.0|calendar_drop_friday_h13_tp06_sl065,2024-12-31 13:00:00+00:00,STAGE28A,data/reports/stage28a_discovery_factory_batch_runner/stage28a_exact_trades.csv,calendar_time_risk_proxy_v1,calendar_drop_friday_h13_tp06_sl065,1.1674000000001796,0.1174000000001798,-0.5825999999998199,1,0,0,0,0.1174000000001798,32.159999999999854,8.059999999999945,0.01488833746896919,15.179999999999836,0.33596837944663793,4.809999999999945,4.7085000000000035,0.272,1.0,,,13,1,12.0,2024
2024-12-31 22:45:00+00:00|1.0|calendar_drop_friday_h13_tp06_sl065,2024-12-31 22:45:00+00:00,STAGE28A,data/reports/stage28a_discovery_factory_batch_runner/stage28a_exact_trades.csv,calendar_time_risk_proxy_v1,calendar_drop_friday_h13_tp06_sl065,-0.35,-1.4,-2.1,0,0,0,0,1.4,32.159999999999854,8.059999999999945,0.01488833746896919,15.179999999999836,0.33596837944663793,4.360000000000127,5.330000000000018,0.468,1.0,,,13,1,12.0,2024
2025-01-02 13:00:00+00:00|1.0|calendar_drop_friday_h13_tp06_sl065,2025-01-02 13:00:00+00:00,STAGE28A,data/reports/stage28a_discovery_factory_batch_runner/stage28a_exact_trades.csv,calendar_time_risk_proxy_v1,calendar_drop_friday_h13_tp06_sl065,-2.3783250000002227,-3.4283250000002226,-4.128325000000222,0,0,0,1,3.4283250000002226,4.2800000000002,14.769999999999982,0.6899119837508508,15.090000000000146,0.5765407554671792,13.570000000000164,5.480000000000087,0.52,1.0,,,13,3,1.0,2025
2025-01-03 23:45:00+00:00|1.0|calendar_drop_friday_h13_tp06_sl065,2025-01-03 23:45:00+00:00,STAGE28A,data/reports/stage28a_discovery_factory_batch_runner/stage28a_exact_trades.csv,calendar_time_risk_proxy_v1,calendar_drop_friday_h13_tp06_sl065,0.7434999999999491,-0.3065000000000508,-1.0065000000000506,0,0,0,0,0.3065000000000508,38.73000000000002,9.019999999999982,0.5000000000000252,13.019999999999982,0.40476190476190393,3.1599999999998545,5.38299999999997,0.452,1.0,,,13,4,1.0,2025
2025-01-06 13:00:00+00:00|-1.0|calendar_drop_friday_h13_tp06_sl065,2025-01-06 13:00:00+00:00,STAGE28A,data/reports/stage28a_discovery_factory_batch_runner/stage28a_exact_trades.csv,calendar_time_risk_proxy_v1,calendar_drop_friday_h13_tp06_sl065,1.4113000000001192,0.3613000000001194,-0.3386999999998803,1,0,1,0,0.3613000000001194,3.5399999999999636,12.860000000000127,0.43001555209954473,11.090000000000146,0.15148782687103826,4.1599999999998545,5.014499999999998,0.296,-1.0,,,13,0,1.0,2025
2025-01-07 13:00:00+00:00|1.0|calendar_drop_friday_h13_tp06_sl065,2025-01-07 13:00:00+00:00,STAGE28A,data/reports/stage28a_discovery_factory_batch_runner/stage28a_exact_trades.csv,calendar_time_risk_proxy_v1,calendar_drop_friday_h13_tp06_sl065,1.1989000000002306,0.1489000000002307,-0.551099999999769,1,0,0,0,0.1489000000002307,35.13000000000011,8.300000000000182,0.4325301204819358,9.7800000000002,0.575664621676891,3.4600000000000364,4.616999999999985,0.212,1.0,,,13,1,1.0,2025
2025-01-08 13:00:00+00:00|1.0|calendar_drop_friday_h13_tp06_sl065,2025-01-08 13:00:00+00:00,STAGE28A,data/reports/stage28a_discovery_factory_batch_runner/stage28a_exact_trades.csv,calendar_time_risk_proxy_v1,calendar_drop_friday_h13_tp06_sl065,-1.699725000000035,-2.749725000000035,-3.4497250000000346,0,0,0,0,2.749725000000035,31.429999999999836,6.260000000000218,0.4536741214056856,8.420000000000073,0.7304038004750639,2.4900000000002365,4.52950000000003,0.188,1.0,,,13,2,1.0,2025
2025-01-09 13:00:00+00:00|1.0|calendar_drop_friday_h13_tp06_sl065,2025-01-09 13:00:00+00:00,STAGE28A,data/reports/stage28a_discovery_factory_batch_runner/stage28a_exact_trades.csv,calendar_time_risk_proxy_v1,calendar_drop_friday_h13_tp06_sl065,-2.209324999999899,-3.2593249999998988,-3.9593249999998985,0,0,0,1,3.2593249999998988,24.700000000000273,7.650000000000091,0.44836601307192814,10.929999999999836,0.7758462946020261,4.129999999999654,5.8055000000000065,0.696,1.0,,,13,3,1.0,2025
2025-01-10 23:45:00+00:00|1.0|calendar_drop_friday_h13_tp06_sl065,2025-01-10 23:45:00+00:00,STAGE28A,data/reports/stage28a_discovery_factory_batch_runner/stage28a_exact_trades.csv,calendar_time_risk_proxy_v1,calendar_drop_friday_h13_tp06_sl065,-0.35,-1.4,-2.1,0,0,0,0,1.4,22.809999999999945,6.349999999999909,0.2913385826771552,11.099999999999909,0.827027027027019,6.400000000000091,6.687499999999955,0.92,1.0,,,13,4,1.0,2025
2025-01-13 13:00:00+00:00|-1.0|calendar_drop_friday_h13_tp06_sl065,2025-01-13 13:00:00+00:00,STAGE28A,data/reports/stage28a_discovery_factory_batch_runner/stage28a_exact_trades.csv,calendar_time_risk_proxy_v1,calendar_drop_friday_h13_tp06_sl065,1.6402000000001862,0.5902000000001864,-0.1097999999998133,1,0,1,0,0.5902000000001864,5.670000000000073,13.900000000000091,0.39999999999999347,14.190000000000055,0.45031712473571867,7.820000000000164,6.219000000000028,0.756,-1.0,,,13,0,1.0,2025
2025-01-14 13:00:00+00:00|-1.0|calendar_drop_friday_h13_tp06_sl065,2025-01-14 13:00:00+00:00,STAGE28A,data/reports/stage28a_discovery_factory_batch_runner/stage28a_exact_trades.csv,calendar_time_risk_proxy_v1,calendar_drop_friday_h13_tp06_sl065,-2.0991500000001,-3.1491500000001,-3.8491500000000993,0,0,0,1,3.1491500000001,36.73000000000002,12.5300000000002,0.4333599361532123,10.629999999999654,0.644402634054575,4.190000000000055,5.336000000000013,0.32,-1.0,,,13,1,1.0,2025
2025-01-15 13:00:00+00:00|1.0|calendar_drop_friday_h13_tp06_sl065,2025-01-15 13:00:00+00:00,STAGE28A,data/reports/stage28a_discovery_factory_batch_runner/stage28a_exact_trades.csv,calendar_time_risk_proxy_v1,calendar_drop_friday_h13_tp06_sl065,1.1100999999997838,0.0600999999997839,-0.6399000000002157,1,0,0,0,0.0600999999997839,18.570000000000164,10.11999999999989,0.001976284584978461,14.450000000000273,0.8761245674740218,4.220000000000255,4.448000000000002,0.08,1.0,,,13,2,1.0,2025
2025-01-16 13:00:00+00:00|1.0|calendar_drop_friday_h13_tp06_sl065,2025-01-16 13:00:00+00:00,STAGE28A,data/reports/stage28a_discovery_factory_batch_runner/stage28a_exact_trades.csv,calendar_time_risk_proxy_v1,calendar_drop_friday_h13_tp06_sl065,1.4506000000000312,0.4006000000000314,-0.2993999999999683,1,0,1,0,0.4006000000000314,28.210000000000036,9.349999999999909,0.27593582887700024,18.529999999999745,0.5553157042633624,3.8899999999998727,5.035499999999956,0.192,1.0,,,13,3,1.0,2025
2025-01-17 23:45:00+00:00|1.0|calendar_drop_friday_h13_tp06_sl065,2025-01-17 23:45:00+00:00,STAGE28A,data/reports/stage28a_discovery_factory_batch_runner/stage28a_exact_trades.csv,calendar_time_risk_proxy_v1,calendar_drop_friday_h13_tp06_sl065,-0.35,-1.4,-2.1,0,0,0,0,1.4,34.73000000000002,7.489999999999782,0.006675567423255454,12.769999999999982,0.8433829287392324,4.2400000000002365,4.995499999999993,0.232,1.0,,,13,4,1.0,2025
2025-01-20 13:00:00+00:00|1.0|calendar_drop_friday_h13_tp06_sl065,2025-01-20 13:00:00+00:00,STAGE28A,data/reports/stage28a_discovery_factory_batch_runner/stage28a_exact_trades.csv,calendar_time_risk_proxy_v1,calendar_drop_friday_h13_tp06_sl065,-2.224275000000125,-3.274275000000125,-3.974275000000125,0,0,0,1,3.274275000000125,11.990000000000236,17.269999999999982,0.5500868558193405,10.960000000000036,0.23448905109486318,4.769999999999982,5.941499999999996,0.632,1.0,,,13,0,1.0,2025
2025-01-21 13:00:00+00:00|-1.0|calendar_drop_friday_h13_tp06_sl065,2025-01-21 13:00:00+00:00,STAGE28A,data/reports/stage28a_discovery_factory_batch_runner/stage28a_exact_trades.csv,calendar_time_risk_proxy_v1,calendar_drop_friday_h13_tp06_sl065,1.8007000000001423,0.7507000000001427,0.0507000000001429,1,1,1,0,0.7507000000001427,24.550000000000182,25.09999999999991,0.6749003984063792,15.799999999999727,0.4974683544303964,5.150000000000091,6.870499999999993,0.92,-1.0,,,13,1,1.0,2025
2025-01-22 13:00:00+00:00|1.0|calendar_drop_friday_h13_tp06_sl065,2025-01-22 13:00:00+00:00,STAGE28A,data/reports/stage28a_discovery_factory_batch_runner/stage28a_exact_trades.csv,calendar_time_risk_proxy_v1,calendar_drop_friday_h13_tp06_sl065,-2.64320000000007,-3.6932000000000698,-4.3932000000000695,0,0,0,1,3.6932000000000698,43.279999999999745,10.9699999999998,0.711030082041962,17.90000000000009,0.44525139664803126,5.170000000000073,5.861499999999933,0.544,1.0,,,13,2,1.0,2025
2025-01-23 13:00:00+00:00|-1.0|calendar_drop_friday_h13_tp06_sl065,2025-01-23 13:00:00+00:00,STAGE28A,data/reports/stage28a_discovery_factory_batch_runner/stage28a_exact_trades.csv,calendar_time_risk_proxy_v1,calendar_drop_friday_h13_tp06_sl065,-2.0949249999999666,-3.1449249999999664,-3.844924999999966,0,0,0,1,3.1449249999999664,21.449999999999818,6.809999999999945,0.5624082232011686,14.75,0.02440677966102558,7.380000000000109,4.288000000000079,0.06,-1.0,,,13,3,1.0,2025
2025-01-24 23:45:00+00:00|1.0|calendar_drop_friday_h13_tp06_sl065,2025-01-24 23:45:00+00:00,STAGE28A,data/reports/stage28a_discovery_factory_batch_runner/stage28a_exact_trades.csv,calendar_time_risk_proxy_v1,calendar_drop_friday_h13_tp06_sl065,-0.35,-1.4,-2.1,0,0,0,0,1.4,23.25,23.940000000000055,0.7263993316624826,8.300000000000182,0.44578313253014357,4.150000000000091,5.934999999999991,0.528,1.0,,,13,4,1.0,2025
2025-01-27 13:00:00+00:00|1.0|calendar_drop_friday_h13_tp06_sl065,2025-01-27 13:00:00+00:00,STAGE28A,data/reports/stage28a_discovery_factory_batch_runner/stage28a_exact_trades.csv,calendar_time_risk_proxy_v1,calendar_drop_friday_h13_tp06_sl065,1.9878999999999905,0.9378999999999906,0.2378999999999909,1,1,1,0,0.9378999999999906,5.839999999999691,18.460000000000036,0.49620801733476905,23.769999999999982,0.4030290281867873,8.210000000000036,6.233999999999992,0.744,1.0,,,13,0,1.0,2025
2025-01-28 13:00:00+00:00|1.0|calendar_drop_friday_h13_tp06_sl065,2025-01-28 13:00:00+00:00,STAGE28A,data/reports/stage28a_discovery_factory_batch_runner/stage28a_exact_trades.csv,calendar_time_risk_proxy_v1,calendar_drop_friday_h13_tp06_sl065,-2.0279750000000605,-3.0779750000000603,-3.77797500000006,0,0,0,1,3.0779750000000603,42.289999999999964,7.579999999999927,0.09366754617414817,10.570000000000164,0.07284768211920245,4.930000000000291,5.334999999999968,0.22,1.0,,,13,1,1.0,2025
2025-01-29 13:00:00+00:00|1.0|calendar_drop_friday_h13_tp06_sl065,2025-01-29 13:00:00+00:00,STAGE28A,data/reports/stage28a_discovery_factory_batch_runner/stage28a_exact_trades.csv,calendar_time_risk_proxy_v1,calendar_drop_friday_h13_tp06_sl065,-1.831999999999971,-2.881999999999971,-3.5819999999999705,0,0,0,0,2.881999999999971,30.639999999999873,4.730000000000018,0.061310782241006875,8.909999999999854,0.48260381593717755,6.360000000000127,3.4740000000000237,0.012,1.0,,,13,2,1.0,2025
2025-01-30 13:00:00+00:00|1.0|calendar_drop_friday_h13_tp06_sl065,2025-01-30 13:00:00+00:00,STAGE28A,data/reports/stage28a_discovery_factory_batch_runner/stage28a_exact_trades.csv,calendar_time_risk_proxy_v1,calendar_drop_friday_h13_tp06_sl065,1.278700000000208,0.2287000000002081,-0.4712999999997915,1,0,1,0,0.2287000000002081,21.470000000000255,5.330000000000382,0.035647279549726255,20.539999999999964,0.8695228821811177,5.420000000000073,5.335500000000025,0.344,1.0,,,13,3,1.0,2025
2025-01-31 23:45:00+00:00|1.0|calendar_drop_friday_h13_tp06_sl065,2025-01-31 23:45:00+00:00,STAGE28A,data/reports/stage28a_discovery_factory_batch_runner/stage28a_exact_trades.csv,calendar_time_risk_proxy_v1,calendar_drop_friday_h13_tp06_sl065,-0.35,-1.4,-2.1,0,0,0,0,1.4,40.40000000000009,7.369999999999891,0.03799185888734728,10.140000000000327,0.16074950690331377,7.779999999999745,6.324500000000057,0.792,1.0,,,13,4,1.0,2025
2025-02-03 13:00:00+00:00|1.0|calendar_drop_friday_h13_tp06_sl065,2025-02-03 13:00:00+00:00,STAGE28A,data/reports/stage28a_discovery_factory_batch_runner/stage28a_exact_trades.csv,calendar_time_risk_proxy_v1,calendar_drop_friday_h13_tp06_sl065,-2.785875000000124,-3.835875000000124,-4.535875000000123,0,0,0,1,3.835875000000124,20.699999999999818,31.9699999999998,0.37566468564278505,20.809999999999945,0.8279673234022136,7.130000000000109,9.304999999999973,0.984,1.0,,,13,0,2.0,2025
2025-02-04 13:00:00+00:00|1.0|calendar_drop_friday_h13_tp06_sl065,2025-02-04 13:00:00+00:00,STAGE28A,data/reports/stage28a_discovery_factory_batch_runner/stage28a_exact_trades.csv,calendar_time_risk_proxy_v1,calendar_drop_friday_h13_tp06_sl065,1.8420999999997547,0.7920999999997549,0.0920999999997551,1,1,1,0,0.7920999999997549,58.19999999999982,13.329999999999927,0.3885971492873458,14.659999999999854,0.29058663028651166,7.200000000000273,6.982500000000073,0.764,1.0,,,13,1,2.0,2025
2025-02-05 13:00:00+00:00|1.0|calendar_drop_friday_h13_tp06_sl065,2025-02-05 13:00:00+00:00,STAGE28A,data/reports/stage28a_discovery_factory_batch_runner/stage28a_exact_trades.csv,calendar_time_risk_proxy_v1,calendar_drop_friday_h13_tp06_sl065,1.767699999999786,0.7176999999997862,0.0176999999997864,1,1,1,0,0.7176999999997862,38.25,18.450000000000273,0.7501355013550104,23.690000000000055,0.5293372731110145,10.980000000000018,6.628000000000066,0.696,1.0,,,13,2,2.0,2025
2025-02-06 13:00:00+00:00|-1.0|calendar_drop_friday_h13_tp06_sl065,2025-02-06 13:00:00+00:00,STAGE28A,data/reports/stage28a_discovery_factory_batch_runner/stage28a_exact_trades.csv,calendar_time_risk_proxy_v1,calendar_drop_friday_h13_tp06_sl065,-3.026050000000032,-4.076050000000032,-4.776050000000032,0,0,0,1,4.076050000000032,42.960000000000036,9.550000000000182,0.08167539267017647,22.480000000000018,0.4181494661921745,6.110000000000127,7.170500000000016,0.688,-1.0,,,13,3,2.0,2025
2025-02-07 23:45:00+00:00|1.0|calendar_drop_friday_h13_tp06_sl065,2025-02-07 23:45:00+00:00,STAGE28A,data/reports/stage28a_discovery_factory_batch_runner/stage28a_exact_trades.csv,calendar_time_risk_proxy_v1,calendar_drop_friday_h13_tp06_sl065,-0.35,-1.4,-2.1,0,0,0,0,1.4,39.25,15.579999999999927,0.5353016688061736,11.7199999999998,0.09556313993173293,4.420000000000073,8.076999999999952,0.876,1.0,,,13,4,2.0,2025
2025-02-10 13:00:00+00:00|1.0|calendar_drop_friday_h13_tp06_sl065,2025-02-10 13:00:00+00:00,STAGE28A,data/reports/stage28a_discovery_factory_batch_runner/stage28a_exact_trades.csv,calendar_time_risk_proxy_v1,calendar_drop_friday_h13_tp06_sl065,1.841499999999905,0.7914999999999055,0.0914999999999057,1,1,1,0,0.7914999999999055,14.0,23.190000000000055,0.5066839154808095,30.40000000000009,0.7578947368421018,8.090000000000146,7.770000000000005,0.764,1.0,,,13,0,2.0,2025
2025-02-11 13:00:00+00:00|-1.0|calendar_drop_friday_h13_tp06_sl065,2025-02-11 13:00:00+00:00,STAGE28A,data/reports/stage28a_discovery_factory_batch_runner/stage28a_exact_trades.csv,calendar_time_risk_proxy_v1,calendar_drop_friday_h13_tp06_sl065,2.6199999999998,1.5699999999998,0.8699999999998003,1,1,1,0,1.5699999999998,62.570000000000164,38.029999999999745,0.0381277938469584,27.429999999999836,0.49362012395187915,5.299999999999727,10.384999999999991,0.984,-1.0,,,13,1,2.0,2025
2025-02-12 13:00:00+00:00|1.0|calendar_drop_friday_h13_tp06_sl065,2025-02-12 13:00:00+00:00,STAGE28A,data/reports/stage28a_discovery_factory_batch_runner/stage28a_exact_trades.csv,calendar_time_risk_proxy_v1,calendar_drop_friday_h13_tp06_sl065,2.113900000000194,1.0639000000001944,0.3639000000001946,1,1,1,0,1.0639000000001944,60.9399999999996,17.070000000000164,0.7861745752782627,16.440000000000055,0.15815085158150247,10.550000000000182,7.384500000000003,0.508,1.0,,,13,2,2.0,2025
2025-02-13 13:00:00+00:00|-1.0|calendar_drop_friday_h13_tp06_sl065,2025-02-13 13:00:00+00:00,STAGE28A,data/reports/stage28a_discovery_factory_batch_runner/stage28a_exact_trades.csv,calendar_time_risk_proxy_v1,calendar_drop_friday_h13_tp06_sl065,1.8888999999998304,0.8388999999998306,0.1388999999998308,1,1,1,0,0.8388999999998306,45.38000000000011,18.759999999999764,0.6780383795309147,13.460000000000036,0.05274888558692678,5.619999999999891,6.579499999999916,0.248,-1.0,,,13,3,2.0,2025
2025-02-14 23:45:00+00:00|1.0|calendar_drop_friday_h13_tp06_sl065,2025-02-14 23:45:00+00:00,STAGE28A,data/reports/stage28a_discovery_factory_batch_runner/stage28a_exact_trades.csv,calendar_time_risk_proxy_v1,calendar_drop_friday_h13_tp06_sl065,-0.35,-1.4,-2.1,0,0,0,0,1.4,31.13000000000011,10.860000000000127,0.24677716390425963,13.309999999999945,0.5416979714500425,9.279999999999745,9.063499999999953,0.836,1.0,,,13,4,2.0,2025
2025-02-17 13:00:00+00:00|1.0|calendar_drop_friday_h13_tp06_sl065,2025-02-17 13:00:00+00:00,STAGE28A,data/reports/stage28a_discovery_factory_batch_runner/stage28a_exact_trades.csv,calendar_time_risk_proxy_v1,calendar_drop_friday_h13_tp06_sl065,1.9776999999998224,0.9276999999998226,0.2276999999998228,1,1,1,0,0.9276999999998226,15.88000000000011,26.809999999999945,0.7411413651622673,18.269999999999982,0.20634920634920556,7.489999999999782,9.176499999999942,0.812,1.0,,,13,0,2.0,2025
2025-02-18 13:00:00+00:00|1.0|calendar_drop_friday_h13_tp06_sl065,2025-02-18 13:00:00+00:00,STAGE28A,data/reports/stage28a_discovery_factory_batch_runner/stage28a_exact_trades.csv,calendar_time_risk_proxy_v1,calendar_drop_friday_h13_tp06_sl065,1.269099999999889,0.2190999999998895,-0.4809000000001102,1,0,1,0,0.2190999999998895,28.340000000000146,19.059999999999945,0.600734522560328,8.389999999999873,0.07866507747322041,6.429999999999836,4.858000000000038,0.016,1.0,,,13,1,2.0,2025
2025-02-19 13:00:00+00:00|1.0|calendar_drop_friday_h13_tp06_sl065,2025-02-19 13:00:00+00:00,STAGE28A,data/reports/stage28a_discovery_factory_batch_runner/stage28a_exact_trades.csv,calendar_time_risk_proxy_v1,calendar_drop_friday_h13_tp06_sl065,1.4317000000000006,0.3817000000000008,-0.3182999999999989,1,0,1,0,0.3817000000000008,45.25,15.480000000000018,0.31330749354004545,19.0,0.8199999999999962,4.399999999999636,6.214499999999953,0.184,1.0,,,13,2,2.0,2025
2025-02-20 13:00:00+00:00|1.0|calendar_drop_friday_h13_tp06_sl065,2025-02-20 13:00:00+00:00,STAGE28A,data/reports/stage28a_discovery_factory_batch_runner/stage28a_exact_trades.csv,calendar_time_risk_proxy_v1,calendar_drop_friday_h13_tp06_sl065,-2.287324999999873,-3.3373249999998733,-4.037324999999873,0,0,0,1,3.3373249999998733,28.440000000000055,11.75,0.3948936170213045,15.509999999999764,0.7949709864603556,5.789999999999964,6.62199999999998,0.316,1.0,,,13,3,2.0,2025
2025-02-21 23:45:00+00:00|1.0|calendar_drop_friday_h13_tp06_sl065,2025-02-21 23:45:00+00:00,STAGE28A,data/reports/stage28a_discovery_factory_batch_runner/stage28a_exact_trades.csv,calendar_time_risk_proxy_v1,calendar_drop_friday_h13_tp06_sl065,-0.35,-1.4,-2.1,0,0,0,0,1.4,30.779999999999745,23.40000000000009,0.5564102564102534,17.309999999999945,0.11900635470825835,4.799999999999727,9.135000000000014,0.852,1.0,,,13,4,2.0,2025
2025-02-24 13:00:00+00:00|1.0|calendar_drop_friday_h13_tp06_sl065,2025-02-24 13:00:00+00:00,STAGE28A,data/reports/stage28a_discovery_factory_batch_runner/stage28a_exact_trades.csv,calendar_time_risk_proxy_v1,calendar_drop_friday_h13_tp06_sl065,1.6699000000002342,0.6199000000002344,-0.0800999999997653,1,0,1,0,0.6199000000002344,6.440000000000055,23.519999999999982,0.15348639455782867,14.259999999999764,0.15848527349227215,10.2199999999998,7.7345000000000255,0.504,1.0,,,13,0,2.0,2025
2025-02-25 13:00:00+00:00|1.0|calendar_drop_friday_h13_tp06_sl065,2025-02-25 13:00:00+00:00,STAGE28A,data/reports/stage28a_discovery_factory_batch_runner/stage28a_exact_trades.csv,calendar_time_risk_proxy_v1,calendar_drop_friday_h13_tp06_sl065,1.7341000000000348,0.684100000000035,-0.0158999999999647,1,0,1,0,0.684100000000035,35.16000000000031,18.909999999999854,0.6959280803807486,12.91000000000031,0.05654531371030214,4.079999999999927,6.0479999999999565,0.116,1.0,,,13,1,2.0,2025
2025-02-26 13:00:00+00:00|-1.0|calendar_drop_friday_h13_tp06_sl065,2025-02-26 13:00:00+00:00,STAGE28A,data/reports/stage28a_discovery_factory_batch_runner/stage28a_exact_trades.csv,calendar_time_risk_proxy_v1,calendar_drop_friday_h13_tp06_sl065,1.7544999999999162,0.7044999999999164,0.0044999999999166,1,1,1,0,0.7044999999999164,65.84999999999991,17.43000000000029,0.20998278829602945,15.239999999999782,0.1496062992126137,5.800000000000182,9.700000000000045,0.888,-1.0,,,13,2,2.0,2025
2025-02-27 13:00:00+00:00|-1.0|calendar_drop_friday_h13_tp06_sl065,2025-02-27 13:00:00+00:00,STAGE28A,data/reports/stage28a_discovery_factory_batch_runner/stage28a_exact_trades.csv,calendar_time_risk_proxy_v1,calendar_drop_friday_h13_tp06_sl065,2.8030000000002477,1.7530000000002477,1.0530000000002475,1,1,1,0,1.7530000000002477,39.42000000000007,24.509999999999764,0.8869849041207667,21.610000000000127,0.2512725590004537,8.100000000000364,7.4455000000000835,0.524,-1.0,,,13,3,2.0,2025
2025-02-28 23:45:00+00:00|1.0|calendar_drop_friday_h13_tp06_sl065,2025-02-28 23:45:00+00:00,STAGE28A,data/reports/stage28a_discovery_factory_batch_runner/stage28a_exact_trades.csv,calendar_time_risk_proxy_v1,calendar_drop_friday_h13_tp06_sl065,-0.35,-1.4,-2.1,0,0,0,0,1.4,53.149999999999636,28.039999999999964,0.44721825962910056,15.940000000000055,0.04454203262233588,7.400000000000091,9.184500000000003,0.828,1.0,,,13,4,2.0,2025
2025-03-03 13:00:00+00:00|1.0|calendar_drop_friday_h13_tp06_sl065,2025-03-03 13:00:00+00:00,STAGE28A,data/reports/stage28a_discovery_factory_batch_runner/stage28a_exact_trades.csv,calendar_time_risk_proxy_v1,calendar_drop_friday_h13_tp06_sl065,-2.626624999999968,-3.676624999999967,-4.376624999999967,0,0,0,1,3.676624999999967,21.38000000000011,21.38000000000011,0.1585594013096284,14.730000000000018,0.30414120841819503,6.349999999999909,8.26199999999999,0.612,1.0,,,13,0,3.0,2025
2025-03-04 13:00:00+00:00|1.0|calendar_drop_friday_h13_tp06_sl065,2025-03-04 13:00:00+00:00,STAGE28A,data/reports/stage28a_discovery_factory_batch_runner/stage28a_exact_trades.csv,calendar_time_risk_proxy_v1,calendar_drop_friday_h13_tp06_sl065,-3.434249999999884,-4.484249999999884,-5.184249999999883,0,0,0,1,4.484249999999884,39.940000000000055,11.83999999999969,0.03378378378375394,36.98000000000002,0.6311519740400252,5.980000000000018,8.387000000000011,0.664,1.0,,,13,1,3.0,2025
2025-03-05 13:00:00+00:00|1.0|calendar_drop_friday_h13_tp06_sl065,2025-03-05 13:00:00+00:00,STAGE28A,data/reports/stage28a_discovery_factory_batch_runner/stage28a_exact_trades.csv,calendar_time_risk_proxy_v1,calendar_drop_friday_h13_tp06_sl065,1.956999999999789,0.9069999999997892,0.2069999999997893,1,1,1,0,0.9069999999997892,45.84999999999991,16.070000000000164,0.24268823895457692,13.5,0.2125925925925845,10.069999999999709,7.649000000000138,0.372,1.0,,,13,2,3.0,2025
2025-03-06 13:00:00+00:00|-1.0|calendar_drop_friday_h13_tp06_sl065,2025-03-06 13:00:00+00:00,STAGE28A,data/reports/stage28a_discovery_factory_batch_runner/stage28a_exact_trades.csv,calendar_time_risk_proxy_v1,calendar_drop_friday_h13_tp06_sl065,-3.604875000000084,-4.654875000000084,-5.354875000000083,0,0,0,1,4.654875000000084,35.82999999999993,10.510000000000218,0.08658420551858138,31.970000000000255,0.5711604629339887,13.25,7.8430000000000515,0.36,-1.0,,,13,3,3.0,2025
2025-03-07 23:45:00+00:00|1.0|calendar_drop_friday_h13_tp06_sl065,2025-03-07 23:45:00+00:00,STAGE28A,data/reports/stage28a_discovery_factory_batch_runner/stage28a_exact_trades.csv,calendar_time_risk_proxy_v1,calendar_drop_friday_h13_tp06_sl065,-0.35,-1.4,-2.1,0,0,0,0,1.4,35.41000000000031,18.309999999999945,0.1982523211359978,16.63000000000011,0.6806975345760454,6.430000000000291,8.490999999999985,0.548,1.0,,,13,4,3.0,2025
2025-03-10 13:00:00+00:00|1.0|calendar_drop_friday_h13_tp06_sl065,2025-03-10 13:00:00+00:00,STAGE28A,data/reports/stage28a_discovery_factory_batch_runner/stage28a_exact_trades.csv,calendar_time_risk_proxy_v1,calendar_drop_friday_h13_tp06_sl065,-3.428399999999874,-4.4783999999998745,-5.178399999999874,0,0,0,1,4.4783999999998745,7.430000000000291,10.139999999999873,0.0009861932939071404,18.789999999999964,0.4326769558275503,13.099999999999909,7.328499999999986,0.2,1.0,,,13,0,3.0,2025
2025-03-11 13:00:00+00:00|1.0|calendar_drop_friday_h13_tp06_sl065,2025-03-11 13:00:00+00:00,STAGE28A,data/reports/stage28a_discovery_factory_batch_runner/stage28a_exact_trades.csv,calendar_time_risk_proxy_v1,calendar_drop_friday_h13_tp06_sl065,1.4893000000000938,0.4393000000000939,-0.2606999999999058,1,0,1,0,0.4393000000000939,38.289999999999964,20.169999999999618,0.4615765989092772,21.789999999999964,0.6608536025699915,3.5,7.216999999999894,0.156,1.0,,,13,1,3.0,2025
2025-03-12 13:00:00+00:00|-1.0|calendar_drop_friday_h13_tp06_sl065,2025-03-12 13:00:00+00:00,STAGE28A,data/reports/stage28a_discovery_factory_batch_runner/stage28a_exact_trades.csv,calendar_time_risk_proxy_v1,calendar_drop_friday_h13_tp06_sl065,1.6647999999999228,0.614799999999923,-0.0852000000000767,1,0,1,0,0.614799999999923,41.909999999999854,9.090000000000146,0.10121012101205756,16.450000000000273,0.043161094224925506,4.2199999999998,5.377499999999964,0.012,-1.0,,,13,2,3.0,2025
2025-03-13 13:00:00+00:00|1.0|calendar_drop_friday_h13_tp06_sl065,2025-03-13 13:00:00+00:00,STAGE28A,data/reports/stage28a_discovery_factory_batch_runner/stage28a_exact_trades.csv,calendar_time_risk_proxy_v1,calendar_drop_friday_h13_tp06_sl065,1.4497000000000295,0.3997000000000299,-0.3002999999999698,1,0,1,0,0.3997000000000299,34.40000000000009,14.309999999999945,0.8315863032844261,15.86999999999989,0.043478260869568956,6.4099999999998545,5.7049999999999725,0.044,1.0,,,13,3,3.0,2025
2025-03-14 22:45:00+00:00|1.0|calendar_drop_friday_h13_tp06_sl065,2025-03-14 22:45:00+00:00,STAGE28A,data/reports/stage28a_discovery_factory_batch_runner/stage28a_exact_trades.csv,calendar_time_risk_proxy_v1,calendar_drop_friday_h13_tp06_sl065,1.308400000000256,0.2584000000002562,-0.4415999999997435,1,0,1,0,0.2584000000002562,56.50999999999976,12.150000000000091,0.27160493827158044,24.0,0.32583333333334014,3.8099999999999454,7.4200000000000275,0.344,1.0,,,13,4,3.0,2025
2025-03-17 13:00:00+00:00|1.0|calendar_drop_friday_h13_tp06_sl065,2025-03-17 13:00:00+00:00,STAGE28A,data/reports/stage28a_discovery_factory_batch_runner/stage28a_exact_trades.csv,calendar_time_risk_proxy_v1,calendar_drop_friday_h13_tp06_sl065,-1.9840999999997624,-3.034099999999762,-3.7340999999997617,0,0,0,0,3.034099999999762,10.909999999999854,11.659999999999854,0.14493996569468917,17.420000000000073,0.9466130884041167,4.769999999999982,5.485999999999967,0.024,1.0,,,13,0,3.0,2025
2025-03-18 13:00:00+00:00|1.0|calendar_drop_friday_h13_tp06_sl065,2025-03-18 13:00:00+00:00,STAGE28A,data/reports/stage28a_discovery_factory_batch_runner/stage28a_exact_trades.csv,calendar_time_risk_proxy_v1,calendar_drop_friday_h13_tp06_sl065,1.7787999999999555,0.7287999999999557,0.0287999999999559,1,1,1,0,0.7287999999999557,20.670000000000073,17.58999999999969,0.8095508811824919,22.340000000000146,0.4185317815577372,6.230000000000018,5.679999999999995,0.08,1.0,,,13,1,3.0,2025
2025-03-19 13:00:00+00:00|-1.0|calendar_drop_friday_h13_tp06_sl065,2025-03-19 13:00:00+00:00,STAGE28A,data/reports/stage28a_discovery_factory_batch_runner/stage28a_exact_trades.csv,calendar_time_risk_proxy_v1,calendar_drop_friday_h13_tp06_sl065,2.0781999999998333,1.0281999999998337,0.3281999999998337,1,1,1,0,1.0281999999998337,38.73999999999978,11.580000000000382,0.2573402417961934,22.529999999999745,0.08521970705726119,9.609999999999673,5.933999999999992,0.196,-1.0,,,13,2,3.0,2025
2025-03-20 13:00:00+00:00|-1.0|calendar_drop_friday_h13_tp06_sl065,2025-03-20 13:00:00+00:00,STAGE28A,data/reports/stage28a_discovery_factory_batch_runner/stage28a_exact_trades.csv,calendar_time_risk_proxy_v1,calendar_drop_friday_h13_tp06_sl065,-2.8876000000001114,-3.9376000000001112,-4.637600000000111,0,0,0,1,3.9376000000001112,29.179999999999836,12.38000000000011,0.4491114701130773,28.149999999999636,0.6600355239786916,16.08999999999969,7.208000000000015,0.528,-1.0,,,13,3,3.0,2025
2025-03-21 22:45:00+00:00|1.0|calendar_drop_friday_h13_tp06_sl065,2025-03-21 22:45:00+00:00,STAGE28A,data/reports/stage28a_discovery_factory_batch_runner/stage28a_exact_trades.csv,calendar_time_risk_proxy_v1,calendar_drop_friday_h13_tp06_sl065,-0.35,-1.4,-2.1,0,0,0,0,1.4,32.0,19.5,0.7379487179487114,13.140000000000327,0.07686453576866005,6.0,7.981000000000018,0.868,1.0,,,13,4,3.0,2025
2025-03-24 13:00:00+00:00|1.0|calendar_drop_friday_h13_tp06_sl065,2025-03-24 13:00:00+00:00,STAGE28A,data/reports/stage28a_discovery_factory_batch_runner/stage28a_exact_trades.csv,calendar_time_risk_proxy_v1,calendar_drop_friday_h13_tp06_sl065,-2.580149999999867,-3.6301499999998663,-4.3301499999998665,0,0,0,1,3.6301499999998663,5.869999999999891,12.66000000000031,0.09794628751976352,15.970000000000255,0.5453976205385033,9.7800000000002,6.3615000000000235,0.368,1.0,,,13,0,3.0,2025
2025-03-25 13:00:00+00:00|1.0|calendar_drop_friday_h13_tp06_sl065,2025-03-25 13:00:00+00:00,STAGE28A,data/reports/stage28a_discovery_factory_batch_runner/stage28a_exact_trades.csv,calendar_time_risk_proxy_v1,calendar_drop_friday_h13_tp06_sl065,1.3198000000001229,0.269800000000123,-0.4301999999998767,1,0,1,0,0.269800000000123,30.789999999999964,8.889999999999873,0.4915635545556753,14.550000000000182,0.5862542955326212,4.1599999999998545,5.54200000000003,0.068,1.0,,,13,1,3.0,2025
2025-03-26 13:00:00+00:00|1.0|calendar_drop_friday_h13_tp06_sl065,2025-03-26 13:00:00+00:00,STAGE28A,data/reports/stage28a_discovery_factory_batch_runner/stage28a_exact_trades.csv,calendar_time_risk_proxy_v1,calendar_drop_friday_h13_tp06_sl065,-2.112474999999995,-3.162474999999995,-3.8624749999999946,0,0,0,1,3.162474999999995,28.480000000000018,12.690000000000055,0.3065405831363165,18.789999999999964,0.4220329962746063,8.059999999999945,5.297999999999979,0.032,1.0,,,13,2,3.0,2025
2025-03-27 13:00:00+00:00|1.0|calendar_drop_friday_h13_tp06_sl065,2025-03-27 13:00:00+00:00,STAGE28A,data/reports/stage28a_discovery_factory_batch_runner/stage28a_exact_trades.csv,calendar_time_risk_proxy_v1,calendar_drop_friday_h13_tp06_sl065,-2.777424999999857,-3.827424999999857,-4.527424999999857,0,0,0,1,3.827424999999857,19.840000000000146,21.110000000000127,0.7607768829938346,29.13000000000011,0.5918297288019283,16.09999999999991,5.74699999999998,0.212,1.0,,,13,3,3.0,2025
2025-03-28 22:45:00+00:00|1.0|calendar_drop_friday_h13_tp06_sl065,2025-03-28 22:45:00+00:00,STAGE28A,data/reports/stage28a_discovery_factory_batch_runner/stage28a_exact_trades.csv,calendar_time_risk_proxy_v1,calendar_drop_friday_h13_tp06_sl065,-0.35,-1.4,-2.1,0,0,0,0,1.4,42.07999999999993,23.289999999999964,0.7745813653928721,19.770000000000437,0.018715225088535025,2.400000000000091,9.158500000000004,1.0,1.0,,,13,4,3.0,2025
2025-03-31 13:00:00+00:00|1.0|calendar_drop_friday_h13_tp06_sl065,2025-03-31 13:00:00+00:00,STAGE28A,data/reports/stage28a_discovery_factory_batch_runner/stage28a_exact_trades.csv,calendar_time_risk_proxy_v1,calendar_drop_friday_h13_tp06_sl065,2.747200000000157,1.6972000000001572,0.9972000000001576,1,1,1,0,1.6972000000001572,12.38000000000011,34.820000000000164,0.49109707064904734,22.2199999999998,0.3510351035103419,11.239999999999782,9.588500000000021,0.972,1.0,,,13,0,3.0,2025
2025-04-01 13:00:00+00:00|-1.0|calendar_drop_friday_h13_tp06_sl065,2025-04-01 13:00:00+00:00,STAGE28A,data/reports/stage28a_discovery_factory_batch_runner/stage28a_exact_trades.csv,calendar_time_risk_proxy_v1,calendar_drop_friday_h13_tp06_sl065,2.8600000000000363,1.8100000000000365,1.1100000000000367,1,1,1,0,1.8100000000000365,51.42000000000007,27.210000000000036,0.8515251745681582,24.809999999999945,0.5630794034663373,3.7799999999997453,8.379499999999917,0.832,-1.0,,,13,1,4.0,2025
2025-04-02 13:00:00+00:00|1.0|calendar_drop_friday_h13_tp06_sl065,2025-04-02 13:00:00+00:00,STAGE28A,data/reports/stage28a_discovery_factory_batch_runner/stage28a_exact_trades.csv,calendar_time_risk_proxy_v1,calendar_drop_friday_h13_tp06_sl065,-3.2242999999999484,-4.274299999999949,-4.974299999999948,0,0,0,1,4.274299999999949,48.38000000000011,27.879999999999654,0.5068149210903976,24.329999999999927,0.23386765310316776,4.4699999999998,9.309999999999992,0.884,1.0,,,13,2,4.0,2025
2025-04-03 13:00:00+00:00|-1.0|calendar_drop_friday_h13_tp06_sl065,2025-04-03 13:00:00+00:00,STAGE28A,data/reports/stage28a_discovery_factory_batch_runner/stage28a_exact_trades.csv,calendar_time_risk_proxy_v1,calendar_drop_friday_h13_tp06_sl065,3.6283000000002175,2.5783000000002176,1.878300000000218,1,1,1,0,2.5783000000002176,41.36000000000013,45.86000000000013,0.04513737461839737,33.409999999999854,0.7934750074827995,8.0,14.06049999999998,0.968,-1.0,,,13,3,4.0,2025
2025-04-04 23:45:00+00:00|1.0|calendar_drop_friday_h13_tp06_sl065,2025-04-04 23:45:00+00:00,STAGE28A,data/reports/stage28a_discovery_factory_batch_runner/stage28a_exact_trades.csv,calendar_time_risk_proxy_v1,calendar_drop_friday_h13_tp06_sl065,-0.35,-1.4,-2.1,0,0,0,0,1.4,113.61000000000013,29.670000000000073,0.572295247724974,31.329999999999927,0.25247366741143723,18.769999999999982,19.32099999999998,0.984,1.0,,,13,4,4.0,2025
2025-04-07 13:00:00+00:00|1.0|calendar_drop_friday_h13_tp06_sl065,2025-04-07 13:00:00+00:00,STAGE28A,data/reports/stage28a_discovery_factory_batch_runner/stage28a_exact_trades.csv,calendar_time_risk_proxy_v1,calendar_drop_friday_h13_tp06_sl065,5.775999999999749,4.725999999999749,4.025999999999749,1,1,1,0,4.725999999999749,31.919999999999618,84.09999999999991,0.11319857312722939,31.210000000000036,0.19801345722524283,13.6899999999996,26.00549999999989,0.968,1.0,,,13,0,4.0,2025
2025-04-08 13:00:00+00:00|1.0|calendar_drop_friday_h13_tp06_sl065,2025-04-08 13:00:00+00:00,STAGE28A,data/reports/stage28a_discovery_factory_batch_runner/stage28a_exact_trades.csv,calendar_time_risk_proxy_v1,calendar_drop_friday_h13_tp06_sl065,3.2031999999998333,2.153199999999833,1.4531999999998335,1,1,1,0,2.153199999999833,99.02999999999975,26.2800000000002,0.3047945205479339,24.710000000000036,0.4900849858356985,12.850000000000364,14.336000000000036,0.708,1.0,,,13,1,4.0,2025
2025-04-09 13:00:00+00:00|1.0|calendar_drop_friday_h13_tp06_sl065,2025-04-09 13:00:00+00:00,STAGE28A,data/reports/stage28a_discovery_factory_batch_runner/stage28a_exact_trades.csv,calendar_time_risk_proxy_v1,calendar_drop_friday_h13_tp06_sl065,4.2733000000002,3.2233000000001995,2.5233000000002,1,1,1,0,3.2233000000001995,47.98000000000002,41.13999999999987,0.5486144871171555,52.7800000000002,0.7663887836301566,10.75,14.925000000000045,0.72,1.0,,,13,2,4.0,2025
2025-04-10 13:00:00+00:00|-1.0|calendar_drop_friday_h13_tp06_sl065,2025-04-10 13:00:00+00:00,STAGE28A,data/reports/stage28a_discovery_factory_batch_runner/stage28a_exact_trades.csv,calendar_time_risk_proxy_v1,calendar_drop_friday_h13_tp06_sl065,3.765099999999984,2.715099999999984,2.0150999999999843,1,1,1,0,2.715099999999984,129.6500000000001,60.11999999999989,0.7538256819693986,29.460000000000036,0.30040733197557207,14.829999999999927,18.808000000000014,0.804,-1.0,,,13,3,4.0,2025
2025-04-11 23:45:00+00:00|1.0|calendar_drop_friday_h13_tp06_sl065,2025-04-11 23:45:00+00:00,STAGE28A,data/reports/stage28a_discovery_factory_batch_runner/stage28a_exact_trades.csv,calendar_time_risk_proxy_v1,calendar_drop_friday_h13_tp06_sl065,-4.031924999999864,-5.081924999999865,-5.781924999999864,0,0,0,1,5.081924999999865,117.48000000000002,44.58999999999969,0.6503700381251447,42.960000000000036,0.23114525139664405,8.190000000000055,17.83900000000001,0.744,1.0,,,13,4,4.0,2025
2025-04-14 13:00:00+00:00|-1.0|calendar_drop_friday_h13_tp06_sl065,2025-04-14 13:00:00+00:00,STAGE28A,data/reports/stage28a_discovery_factory_batch_runner/stage28a_exact_trades.csv,calendar_time_risk_proxy_v1,calendar_drop_friday_h13_tp06_sl065,-4.397875000000203,-5.447875000000204,-6.147875000000203,0,0,0,1,5.447875000000204,20.509999999999764,36.29999999999973,0.31129476584022775,21.460000000000036,0.39422180801491247,10.75,12.78000000000004,0.344,-1.0,,,13,0,4.0,2025
2025-04-15 13:00:00+00:00|-1.0|calendar_drop_friday_h13_tp06_sl065,2025-04-15 13:00:00+00:00,STAGE28A,data/reports/stage28a_discovery_factory_batch_runner/stage28a_exact_trades.csv,calendar_time_risk_proxy_v1,calendar_drop_friday_h13_tp06_sl065,2.3335000000000945,1.283500000000095,0.5835000000000949,1,1,1,0,1.283500000000095,52.00999999999976,18.799999999999727,0.8563829787234118,15.259999999999764,0.38204456094364464,9.0,8.617999999999938,0.028,-1.0,,,13,1,4.0,2025
2025-04-16 13:00:00+00:00|1.0|calendar_drop_friday_h13_tp06_sl065,2025-04-16 13:00:00+00:00,STAGE28A,data/reports/stage28a_discovery_factory_batch_runner/stage28a_exact_trades.csv,calendar_time_risk_proxy_v1,calendar_drop_friday_h13_tp06_sl065,3.895899999999892,2.8458999999998924,2.1458999999998927,1,1,1,0,2.8458999999998924,31.389999999999873,51.76000000000022,0.7735703245749574,48.39000000000033,0.4552593511056014,10.7199999999998,11.749999999999977,0.224,1.0,,,13,2,4.0,2025
2025-04-17 13:00:00+00:00|-1.0|calendar_drop_friday_h13_tp06_sl065,2025-04-17 13:00:00+00:00,STAGE28A,data/reports/stage28a_discovery_factory_batch_runner/stage28a_exact_trades.csv,calendar_time_risk_proxy_v1,calendar_drop_friday_h13_tp06_sl065,-4.047200000000066,-5.097200000000067,-5.797200000000066,0,0,0,1,5.097200000000067,121.34000000000015,36.90000000000009,0.17723577235772214,32.649999999999636,0.7038284839203759,6.239999999999782,12.475999999999976,0.224,-1.0,,,13,3,4.0,2025
2025-04-17 23:45:00+00:00|1.0|calendar_drop_friday_h13_tp06_sl065,2025-04-17 23:45:00+00:00,STAGE28A,data/reports/stage28a_discovery_factory_batch_runner/stage28a_exact_trades.csv,calendar_time_risk_proxy_v1,calendar_drop_friday_h13_tp06_sl065,-0.35,-1.4,-2.1,0,0,0,0,1.4,121.34000000000015,36.90000000000009,0.17723577235772214,32.649999999999636,0.7038284839203759,10.859999999999673,14.703999999999974,0.448,1.0,,,13,3,4.0,2025
2025-04-21 13:00:00+00:00|1.0|calendar_drop_friday_h13_tp06_sl065,2025-04-21 13:00:00+00:00,STAGE28A,data/reports/stage28a_discovery_factory_batch_runner/stage28a_exact_trades.csv,calendar_time_risk_proxy_v1,calendar_drop_friday_h13_tp06_sl065,-3.2941750000000867,-4.344175000000087,-5.044175000000086,0,0,0,1,4.344175000000087,24.230000000000018,56.29999999999973,0.6460035523978698,27.25,0.4565137614678919,6.049999999999727,12.712999999999965,0.252,1.0,,,13,0,4.0,2025
2025-04-22 13:00:00+00:00|-1.0|calendar_drop_friday_h13_tp06_sl065,2025-04-22 13:00:00+00:00,STAGE28A,data/reports/stage28a_discovery_factory_batch_runner/stage28a_exact_trades.csv,calendar_time_risk_proxy_v1,calendar_drop_friday_h13_tp06_sl065,6.034000000000015,4.984000000000014,4.284000000000015,1,1,1,0,4.984000000000014,102.19999999999982,82.3100000000004,0.6886162070222277,56.809999999999945,0.5835240274599564,14.8100000000004,18.692000000000075,0.848,-1.0,,,13,1,4.0,2025
2025-04-23 13:00:00+00:00|-1.0|calendar_drop_friday_h13_tp06_sl065,2025-04-23 13:00:00+00:00,STAGE28A,data/reports/stage28a_discovery_factory_batch_runner/stage28a_exact_trades.csv,calendar_time_risk_proxy_v1,calendar_drop_friday_h13_tp06_sl065,6.822999999999775,5.772999999999774,5.072999999999775,1,1,1,0,5.772999999999774,174.55999999999995,73.46000000000004,0.1497413558399128,57.48999999999978,0.37049921725517937,23.18000000000029,25.63149999999996,0.968,-1.0,,,13,2,4.0,2025
2025-04-24 13:00:00+00:00|1.0|calendar_drop_friday_h13_tp06_sl065,2025-04-24 13:00:00+00:00,STAGE28A,data/reports/stage28a_discovery_factory_batch_runner/stage28a_exact_trades.csv,calendar_time_risk_proxy_v1,calendar_drop_friday_h13_tp06_sl065,-5.812599999999838,-6.862599999999839,-7.562599999999838,0,0,0,1,6.862599999999839,126.44999999999982,79.0,0.23063291139240252,28.09999999999991,0.312455516014243,17.419999999999618,19.277500000000053,0.756,1.0,,,13,3,4.0,2025
2025-04-25 23:45:00+00:00|1.0|calendar_drop_friday_h13_tp06_sl065,2025-04-25 23:45:00+00:00,STAGE28A,data/reports/stage28a_discovery_factory_batch_runner/stage28a_exact_trades.csv,calendar_time_risk_proxy_v1,calendar_drop_friday_h13_tp06_sl065,-0.35,-1.4,-2.1,0,0,0,0,1.4,79.0,48.029999999999745,0.906516760358123,40.48999999999978,0.7698197085700232,24.539999999999964,16.793000000000006,0.668,1.0,,,13,4,4.0,2025
2025-04-28 13:00:00+00:00|-1.0|calendar_drop_friday_h13_tp06_sl065,2025-04-28 13:00:00+00:00,STAGE28A,data/reports/stage28a_discovery_factory_batch_runner/stage28a_exact_trades.csv,calendar_time_risk_proxy_v1,calendar_drop_friday_h13_tp06_sl065,3.6010000000000217,2.551000000000022,1.8510000000000224,1,1,1,0,2.551000000000022,21.850000000000364,62.68000000000029,0.3162093171665615,26.480000000000018,0.6182024169184245,12.800000000000182,16.01350000000009,0.54,-1.0,,,13,0,4.0,2025
2025-04-29 13:00:00+00:00|-1.0|calendar_drop_friday_h13_tp06_sl065,2025-04-29 13:00:00+00:00,STAGE28A,data/reports/stage28a_discovery_factory_batch_runner/stage28a_exact_trades.csv,calendar_time_risk_proxy_v1,calendar_drop_friday_h13_tp06_sl065,3.1195000000001527,2.069500000000153,1.3695000000001532,1,1,1,0,2.069500000000153,84.68000000000029,40.26999999999998,0.5495406009436334,19.720000000000255,0.35699797160242763,7.269999999999982,13.547000000000049,0.296,-1.0,,,13,1,4.0,2025
2025-04-30 13:00:00+00:00|-1.0|calendar_drop_friday_h13_tp06_sl065,2025-04-30 13:00:00+00:00,STAGE28A,data/reports/stage28a_discovery_factory_batch_runner/stage28a_exact_trades.csv,calendar_time_risk_proxy_v1,calendar_drop_friday_h13_tp06_sl065,-4.5262499999999815,-5.576249999999982,-6.2762499999999815,0,0,0,1,5.576249999999982,48.690000000000055,24.269999999999982,0.5937371240214201,39.57999999999993,0.7271349166245528,11.799999999999727,11.332499999999936,0.14,-1.0,,,13,2,4.0,2025
2025-05-01 13:00:00+00:00|1.0|calendar_drop_friday_h13_tp06_sl065,2025-05-01 13:00:00+00:00,STAGE28A,data/reports/stage28a_discovery_factory_batch_runner/stage28a_exact_trades.csv,calendar_time_risk_proxy_v1,calendar_drop_friday_h13_tp06_sl065,3.155799999999908,2.1057999999999084,1.405799999999909,1,1,1,0,2.1057999999999084,60.86999999999989,61.15000000000009,0.7282093213409596,27.449999999999818,0.39744990892533266,20.409999999999854,14.614999999999963,0.46,1.0,,,13,3,5.0,2025
2025-05-02 23:45:00+00:00|1.0|calendar_drop_friday_h13_tp06_sl065,2025-05-02 23:45:00+00:00,STAGE28A,data/reports/stage28a_discovery_factory_batch_runner/stage28a_exact_trades.csv,calendar_time_risk_proxy_v1,calendar_drop_friday_h13_tp06_sl065,-0.35,-1.4,-2.1,0,0,0,0,1.4,88.20000000000027,31.109999999999673,0.5483767277402805,20.670000000000073,0.49443638122882266,8.110000000000127,13.264999999999986,0.212,1.0,,,13,4,5.0,2025
2025-05-05 13:00:00+00:00|1.0|calendar_drop_friday_h13_tp06_sl065,2025-05-05 13:00:00+00:00,STAGE28A,data/reports/stage28a_discovery_factory_batch_runner/stage28a_exact_trades.csv,calendar_time_risk_proxy_v1,calendar_drop_friday_h13_tp06_sl065,3.3906999999998333,2.340699999999833,1.6406999999998335,1,1,1,0,2.340699999999833,7.070000000000164,34.75,0.4330935251798483,55.36000000000013,0.9750722543352582,26.809999999999945,13.4650000000001,0.28,1.0,,,13,0,5.0,2025
2025-05-06 13:00:00+00:00|1.0|calendar_drop_friday_h13_tp06_sl065,2025-05-06 13:00:00+00:00,STAGE28A,data/reports/stage28a_discovery_factory_batch_runner/stage28a_exact_trades.csv,calendar_time_risk_proxy_v1,calendar_drop_friday_h13_tp06_sl065,-4.483025000000088,-5.533025000000089,-6.233025000000088,0,0,0,1,5.533025000000089,100.18000000000029,63.51999999999998,0.4711901763224157,32.86999999999989,0.6905993306966807,11.739999999999782,14.196000000000026,0.444,1.0,,,13,1,5.0,2025
2025-05-07 13:00:00+00:00|1.0|calendar_drop_friday_h13_tp06_sl065,2025-05-07 13:00:00+00:00,STAGE28A,data/reports/stage28a_discovery_factory_batch_runner/stage28a_exact_trades.csv,calendar_time_risk_proxy_v1,calendar_drop_friday_h13_tp06_sl065,-4.804124999999749,-5.854124999999749,-6.554124999999749,0,0,0,1,5.854124999999749,111.4699999999998,78.80000000000018,0.07398477157360296,27.629999999999654,0.20123054650742,15.36999999999989,19.48150000000005,0.86,1.0,,,13,2,5.0,2025
2025-05-08 13:00:00+00:00|-1.0|calendar_drop_friday_h13_tp06_sl065,2025-05-08 13:00:00+00:00,STAGE28A,data/reports/stage28a_discovery_factory_batch_runner/stage28a_exact_trades.csv,calendar_time_risk_proxy_v1,calendar_drop_friday_h13_tp06_sl065,5.340099999999802,4.290099999999802,3.5900999999998024,1,1,1,0,4.290099999999802,78.80000000000018,50.23000000000002,0.5377264582918525,79.16000000000031,0.8227640222334494,13.0,16.130499999999962,0.648,-1.0,,,13,3,5.0,2025
2025-05-09 23:45:00+00:00|1.0|calendar_drop_friday_h13_tp06_sl065,2025-05-09 23:45:00+00:00,STAGE28A,data/reports/stage28a_discovery_factory_batch_runner/stage28a_exact_trades.csv,calendar_time_risk_proxy_v1,calendar_drop_friday_h13_tp06_sl065,2.1417999999997845,1.0917999999997847,0.391799999999785,1,1,1,0,1.0917999999997847,126.18000000000029,49.309999999999945,0.3214358142364617,24.079999999999927,0.7093023255813945,14.359999999999673,13.973999999999933,0.44,1.0,,,13,4,5.0,2025
2025-05-12 13:00:00+00:00|-1.0|calendar_drop_friday_h13_tp06_sl065,2025-05-12 13:00:00+00:00,STAGE28A,data/reports/stage28a_discovery_factory_batch_runner/stage28a_exact_trades.csv,calendar_time_risk_proxy_v1,calendar_drop_friday_h13_tp06_sl065,5.8261000000001335,4.776100000000133,4.0761000000001335,1,1,1,0,4.776100000000133,44.57999999999993,52.61999999999989,0.20600532117066073,70.42999999999984,0.9747266789720325,18.329999999999927,18.80450000000003,0.932,-1.0,,,13,0,5.0,2025
2025-05-13 13:00:00+00:00|1.0|calendar_drop_friday_h13_tp06_sl065,2025-05-13 13:00:00+00:00,STAGE28A,data/reports/stage28a_discovery_factory_batch_runner/stage28a_exact_trades.csv,calendar_time_risk_proxy_v1,calendar_drop_friday_h13_tp06_sl065,2.764599999999882,1.7145999999998822,1.0145999999998825,1,1,1,0,1.7145999999998822,103.59999999999991,27.399999999999636,0.1021897810219058,30.669999999999618,0.5441799804369176,6.079999999999927,11.865499999999951,0.116,1.0,,,13,1,5.0,2025
2025-05-14 13:00:00+00:00|1.0|calendar_drop_friday_h13_tp06_sl065,2025-05-14 13:00:00+00:00,STAGE28A,data/reports/stage28a_discovery_factory_batch_runner/stage28a_exact_trades.csv,calendar_time_risk_proxy_v1,calendar_drop_friday_h13_tp06_sl065,-4.064425000000119,-5.11442500000012,-5.814425000000119,0,0,0,1,5.11442500000012,49.629999999999654,30.800000000000182,0.849025974025972,22.360000000000127,0.1797853309481198,7.360000000000127,10.046499999999991,0.012,1.0,,,13,2,5.0,2025
2025-05-15 13:00:00+00:00|1.0|calendar_drop_friday_h13_tp06_sl065,2025-05-15 13:00:00+00:00,STAGE28A,data/reports/stage28a_discovery_factory_batch_runner/stage28a_exact_trades.csv,calendar_time_risk_proxy_v1,calendar_drop_friday_h13_tp06_sl065,-6.468774999999914,-7.518774999999914,-8.218774999999914,0,0,0,1,7.518774999999914,88.99000000000024,44.320000000000164,0.7274368231046958,50.940000000000055,0.290341578327443,12.239999999999782,14.491500000000087,0.548,1.0,,,13,3,5.0,2025
2025-05-16 23:45:00+00:00|1.0|calendar_drop_friday_h13_tp06_sl065,2025-05-16 23:45:00+00:00,STAGE28A,data/reports/stage28a_discovery_factory_batch_runner/stage28a_exact_trades.csv,calendar_time_risk_proxy_v1,calendar_drop_friday_h13_tp06_sl065,-0.35,-1.4,-2.1,0,0,0,0,1.4,131.69000000000005,45.57999999999993,0.8600263273365585,35.88000000000011,0.07413600891861333,8.210000000000036,15.963499999999954,0.716,1.0,,,13,4,5.0,2025
2025-05-19 13:00:00+00:00|1.0|calendar_drop_friday_h13_tp06_sl065,2025-05-19 13:00:00+00:00,STAGE28A,data/reports/stage28a_discovery_factory_batch_runner/stage28a_exact_trades.csv,calendar_time_risk_proxy_v1,calendar_drop_friday_h13_tp06_sl065,-4.178175000000101,-5.2281750000001015,-5.928175000000101,0,0,0,1,5.2281750000001015,34.039999999999964,43.0,0.6297674418604634,40.88999999999987,0.7282954267547149,13.920000000000073,15.645500000000016,0.62,1.0,,,13,0,5.0,2025
2025-05-20 13:00:00+00:00|1.0|calendar_drop_friday_h13_tp06_sl065,2025-05-20 13:00:00+00:00,STAGE28A,data/reports/stage28a_discovery_factory_batch_runner/stage28a_exact_trades.csv,calendar_time_risk_proxy_v1,calendar_drop_friday_h13_tp06_sl065,3.096399999999812,2.0463999999998124,1.3463999999998126,1,1,1,0,2.0463999999998124,43.039999999999964,28.140000000000327,0.5501066098080805,31.31999999999971,0.7962962962963054,8.679999999999836,10.191499999999996,0.04,1.0,,,13,1,5.0,2025
2025-05-21 13:00:00+00:00|1.0|calendar_drop_friday_h13_tp06_sl065,2025-05-21 13:00:00+00:00,STAGE28A,data/reports/stage28a_discovery_factory_batch_runner/stage28a_exact_trades.csv,calendar_time_risk_proxy_v1,calendar_drop_friday_h13_tp06_sl065,3.1588000000000647,2.108800000000065,1.4088000000000651,1,1,1,0,2.108800000000065,92.44000000000005,29.09999999999991,0.3731958762886497,22.159999999999854,0.26579422382673135,6.3400000000001455,11.911499999999933,0.176,1.0,,,13,2,5.0,2025
2025-05-22 13:00:00+00:00|-1.0|calendar_drop_friday_h13_tp06_sl065,2025-05-22 13:00:00+00:00,STAGE28A,data/reports/stage28a_discovery_factory_batch_runner/stage28a_exact_trades.csv,calendar_time_risk_proxy_v1,calendar_drop_friday_h13_tp06_sl065,3.005199999999968,1.955199999999968,1.2551999999999683,1,1,1,0,1.955199999999968,39.2800000000002,29.789999999999964,0.5877811346089219,35.23999999999978,0.8688989784336004,9.629999999999654,10.234999999999946,0.06,-1.0,,,13,3,5.0,2025
2025-05-23 23:45:00+00:00|1.0|calendar_drop_friday_h13_tp06_sl065,2025-05-23 23:45:00+00:00,STAGE28A,data/reports/stage28a_discovery_factory_batch_runner/stage28a_exact_trades.csv,calendar_time_risk_proxy_v1,calendar_drop_friday_h13_tp06_sl065,-0.35,-1.4,-2.1,0,0,0,0,1.4,66.07000000000016,21.76000000000022,0.197150735294114,32.4399999999996,0.8187422934648666,7.410000000000309,12.607000000000017,0.392,1.0,,,13,4,5.0,2025
2025-05-26 13:00:00+00:00|-1.0|calendar_drop_friday_h13_tp06_sl065,2025-05-26 13:00:00+00:00,STAGE28A,data/reports/stage28a_discovery_factory_batch_runner/stage28a_exact_trades.csv,calendar_time_risk_proxy_v1,calendar_drop_friday_h13_tp06_sl065,2.4462999999999737,1.396299999999974,0.6962999999999742,1,1,1,0,1.396299999999974,14.840000000000146,25.259999999999764,0.1270783847981024,28.269999999999982,0.6742129465864859,12.549999999999727,9.395000000000028,0.012,-1.0,,,13,0,5.0,2025
2025-05-27 13:00:00+00:00|-1.0|calendar_drop_friday_h13_tp06_sl065,2025-05-27 13:00:00+00:00,STAGE28A,data/reports/stage28a_discovery_factory_batch_runner/stage28a_exact_trades.csv,calendar_time_risk_proxy_v1,calendar_drop_friday_h13_tp06_sl065,4.396300000000247,3.3463000000002467,2.646300000000247,1,1,1,0,3.3463000000002467,33.23999999999978,18.09999999999991,0.3596685082872816,48.90000000000009,0.9141104294478474,14.960000000000036,9.271000000000049,0.096,-1.0,,,13,1,5.0,2025
2025-05-28 13:00:00+00:00|1.0|calendar_drop_friday_h13_tp06_sl065,2025-05-28 13:00:00+00:00,STAGE28A,data/reports/stage28a_discovery_factory_batch_runner/stage28a_exact_trades.csv,calendar_time_risk_proxy_v1,calendar_drop_friday_h13_tp06_sl065,2.69950000000008,1.64950000000008,0.9495000000000804,1,1,1,0,1.64950000000008,64.65999999999985,24.050000000000182,0.22910602910601754,31.070000000000164,0.8464757000321868,5.320000000000164,9.679000000000087,0.124,1.0,,,13,2,5.0,2025
2025-05-29 13:00:00+00:00|1.0|calendar_drop_friday_h13_tp06_sl065,2025-05-29 13:00:00+00:00,STAGE28A,data/reports/stage28a_discovery_factory_batch_runner/stage28a_exact_trades.csv,calendar_time_risk_proxy_v1,calendar_drop_friday_h13_tp06_sl065,-3.628925000000072,-4.678925000000072,-5.378925000000072,0,0,0,1,4.678925000000072,48.7199999999998,49.67000000000007,0.2415945238574589,23.240000000000236,0.3222891566265129,6.980000000000018,13.875999999999976,0.708,1.0,,,13,3,5.0,2025
2025-05-30 23:45:00+00:00|1.0|calendar_drop_friday_h13_tp06_sl065,2025-05-30 23:45:00+00:00,STAGE28A,data/reports/stage28a_discovery_factory_batch_runner/stage28a_exact_trades.csv,calendar_time_risk_proxy_v1,calendar_drop_friday_h13_tp06_sl065,-0.35,-1.4,-2.1,0,0,0,0,1.4,85.5,31.449999999999818,0.6311605723370437,17.59999999999991,0.06193181818182677,3.4200000000000728,12.199499999999967,0.612,1.0,,,13,4,5.0,2025
2025-06-02 13:00:00+00:00|1.0|calendar_drop_friday_h13_tp06_sl065,2025-06-02 13:00:00+00:00,STAGE28A,data/reports/stage28a_discovery_factory_batch_runner/stage28a_exact_trades.csv,calendar_time_risk_proxy_v1,calendar_drop_friday_h13_tp06_sl065,2.932900000000154,1.8829000000001543,1.1829000000001546,1,1,1,0,1.8829000000001543,19.170000000000073,20.759999999999764,0.2076107899807319,50.04999999999973,0.7880119880119933,8.010000000000218,10.502499999999964,0.32,1.0,,,13,0,6.0,2025
2025-06-03 13:00:00+00:00|-1.0|calendar_drop_friday_h13_tp06_sl065,2025-06-03 13:00:00+00:00,STAGE28A,data/reports/stage28a_discovery_factory_batch_runner/stage28a_exact_trades.csv,calendar_time_risk_proxy_v1,calendar_drop_friday_h13_tp06_sl065,2.9475999999998748,1.897599999999875,1.1975999999998752,1,1,1,0,1.897599999999875,94.19000000000005,32.42000000000007,0.8932757557063532,16.5,0.27636363636363304,7.6599999999998545,9.29100000000003,0.108,-1.0,,,13,1,6.0,2025
2025-06-04 13:00:00+00:00|1.0|calendar_drop_friday_h13_tp06_sl065,2025-06-04 13:00:00+00:00,STAGE28A,data/reports/stage28a_discovery_factory_batch_runner/stage28a_exact_trades.csv,calendar_time_risk_proxy_v1,calendar_drop_friday_h13_tp06_sl065,2.5819000000000414,1.5319000000000416,0.8319000000000418,1,1,1,0,1.5319000000000416,59.320000000000164,26.11999999999989,0.07465543644716027,17.25,0.2179710144927663,5.600000000000364,8.997499999999922,0.096,1.0,,,13,2,6.0,2025
2025-06-05 13:00:00+00:00|1.0|calendar_drop_friday_h13_tp06_sl065,2025-06-05 13:00:00+00:00,STAGE28A,data/reports/stage28a_discovery_factory_batch_runner/stage28a_exact_trades.csv,calendar_time_risk_proxy_v1,calendar_drop_friday_h13_tp06_sl065,2.480500000000029,1.4305000000000292,0.7305000000000295,1,1,1,0,1.4305000000000292,40.88999999999987,15.769999999999982,0.24413443246670347,30.279999999999745,0.6647952443857423,17.199999999999818,9.147000000000002,0.148,1.0,,,13,3,6.0,2025
2025-06-06 23:45:00+00:00|1.0|calendar_drop_friday_h13_tp06_sl065,2025-06-06 23:45:00+00:00,STAGE28A,data/reports/stage28a_discovery_factory_batch_runner/stage28a_exact_trades.csv,calendar_time_risk_proxy_v1,calendar_drop_friday_h13_tp06_sl065,-0.35,-1.4,-2.1,0,0,0,0,1.4,64.22000000000025,18.7199999999998,0.5694444444444671,22.740000000000236,0.5721196130167143,7.670000000000073,11.182000000000016,0.604,1.0,,,13,4,6.0,2025
2025-06-09 13:00:00+00:00|1.0|calendar_drop_friday_h13_tp06_sl065,2025-06-09 13:00:00+00:00,STAGE28A,data/reports/stage28a_discovery_factory_batch_runner/stage28a_exact_trades.csv,calendar_time_risk_proxy_v1,calendar_drop_friday_h13_tp06_sl065,-2.8970249999998487,-3.947024999999849,-4.647024999999848,0,0,0,1,3.947024999999849,11.909999999999854,27.629999999999654,0.1458559536735523,19.210000000000036,0.4122852680895397,6.599999999999909,9.362500000000068,0.208,1.0,,,13,0,6.0,2025
2025-06-10 13:00:00+00:00|1.0|calendar_drop_friday_h13_tp06_sl065,2025-06-10 13:00:00+00:00,STAGE28A,data/reports/stage28a_discovery_factory_batch_runner/stage28a_exact_trades.csv,calendar_time_risk_proxy_v1,calendar_drop_friday_h13_tp06_sl065,2.4810999999998784,1.4310999999998786,0.7310999999998788,1,1,1,0,1.4310999999998786,44.629999999999654,25.990000000000236,0.6167756829549673,31.990000000000236,0.6927164738980977,4.610000000000127,8.441999999999984,0.068,1.0,,,13,1,6.0,2025
2025-06-11 13:00:00+00:00|1.0|calendar_drop_friday_h13_tp06_sl065,2025-06-11 13:00:00+00:00,STAGE28A,data/reports/stage28a_discovery_factory_batch_runner/stage28a_exact_trades.csv,calendar_time_risk_proxy_v1,calendar_drop_friday_h13_tp06_sl065,-3.288325000000077,-4.3383250000000775,-5.038325000000077,0,0,0,1,4.3383250000000775,47.15000000000009,26.059999999999945,0.5721412125863349,17.140000000000327,0.3302217036172547,13.240000000000236,9.195500000000015,0.18,1.0,,,13,2,6.0,2025
2025-06-12 13:00:00+00:00|-1.0|calendar_drop_friday_h13_tp06_sl065,2025-06-12 13:00:00+00:00,STAGE28A,data/reports/stage28a_discovery_factory_batch_runner/stage28a_exact_trades.csv,calendar_time_risk_proxy_v1,calendar_drop_friday_h13_tp06_sl065,3.465099999999802,2.415099999999802,1.7150999999998024,1,1,1,0,2.415099999999802,54.10999999999967,21.41000000000031,0.20597851471274128,37.07999999999993,0.21467098166127432,12.5,12.585000000000036,0.912,-1.0,,,13,3,6.0,2025
2025-06-13 23:45:00+00:00|1.0|calendar_drop_friday_h13_tp06_sl065,2025-06-13 23:45:00+00:00,STAGE28A,data/reports/stage28a_discovery_factory_batch_runner/stage28a_exact_trades.csv,calendar_time_risk_proxy_v1,calendar_drop_friday_h13_tp06_sl065,-0.35,-1.4,-2.1,0,0,0,0,1.4,60.320000000000164,64.65000000000009,0.6521268368136086,22.43000000000029,0.05840392331698299,6.460000000000036,13.577000000000044,0.952,1.0,,,13,4,6.0,2025
2025-06-16 13:00:00+00:00|-1.0|calendar_drop_friday_h13_tp06_sl065,2025-06-16 13:00:00+00:00,STAGE28A,data/reports/stage28a_discovery_factory_batch_runner/stage28a_exact_trades.csv,calendar_time_risk_proxy_v1,calendar_drop_friday_h13_tp06_sl065,-4.0296500000000375,-5.079650000000038,-5.7796500000000375,0,0,0,1,5.079650000000038,20.269999999999982,23.529999999999745,0.7178070548236317,23.769999999999982,0.8199411022296927,7.589999999999691,10.56049999999998,0.476,-1.0,,,13,0,6.0,2025
2025-06-17 13:00:00+00:00|-1.0|calendar_drop_friday_h13_tp06_sl065,2025-06-17 13:00:00+00:00,STAGE28A,data/reports/stage28a_discovery_factory_batch_runner/stage28a_exact_trades.csv,calendar_time_risk_proxy_v1,calendar_drop_friday_h13_tp06_sl065,2.7052000000002407,1.655200000000241,0.9552000000002412,1,1,1,0,1.655200000000241,70.05999999999995,29.539999999999964,0.2599864590386019,20.360000000000127,0.10559921414538691,10.139999999999873,9.720500000000039,0.324,-1.0,,,13,1,6.0,2025
2025-06-18 13:00:00+00:00|-1.0|calendar_drop_friday_h13_tp06_sl065,2025-06-18 13:00:00+00:00,STAGE28A,data/reports/stage28a_discovery_factory_batch_runner/stage28a_exact_trades.csv,calendar_time_risk_proxy_v1,calendar_drop_friday_h13_tp06_sl065,2.062899999999809,1.0128999999998087,0.312899999999809,1,1,1,0,1.0128999999998087,37.070000000000164,25.65000000000009,0.08109161793372008,24.519999999999982,0.5236541598695006,10.019999999999982,9.534500000000026,0.252,-1.0,,,13,2,6.0,2025
2025-06-19 13:00:00+00:00|-1.0|calendar_drop_friday_h13_tp06_sl065,2025-06-19 13:00:00+00:00,STAGE28A,data/reports/stage28a_discovery_factory_batch_runner/stage28a_exact_trades.csv,calendar_time_risk_proxy_v1,calendar_drop_friday_h13_tp06_sl065,3.3828999999999723,2.3328999999999724,1.6328999999999727,1,1,1,0,2.3328999999999724,37.409999999999854,18.40000000000009,0.08641304347826835,27.670000000000073,0.11962414166967607,9.88000000000011,10.623499999999922,0.482,-1.0,,,13,3,6.0,2025
2025-06-20 23:45:00+00:00|1.0|calendar_drop_friday_h13_tp06_sl065,2025-06-20 23:45:00+00:00,STAGE28A,data/reports/stage28a_discovery_factory_batch_runner/stage28a_exact_trades.csv,calendar_time_risk_proxy_v1,calendar_drop_friday_h13_tp06_sl065,-0.35,-1.4,-2.1,0,0,0,0,1.4,40.36000000000013,25.590000000000146,0.3993747557639602,18.860000000000127,0.01590668080592392,5.799999999999727,8.892499999999995,0.152,1.0,,,13,4,6.0,2025
2025-06-23 13:00:00+00:00|-1.0|calendar_drop_friday_h13_tp06_sl065,2025-06-23 13:00:00+00:00,STAGE28A,data/reports/stage28a_discovery_factory_batch_runner/stage28a_exact_trades.csv,calendar_time_risk_proxy_v1,calendar_drop_friday_h13_tp06_sl065,-3.2977500000002693,-4.34775000000027,-5.047750000000269,0,0,0,1,4.34775000000027,23.81999999999971,44.409999999999854,0.3560009006980409,21.91000000000031,0.14696485623002073,7.350000000000364,9.581000000000017,0.356,-1.0,,,13,0,6.0,2025
2025-06-24 13:00:00+00:00|-1.0|calendar_drop_friday_h13_tp06_sl065,2025-06-24 13:00:00+00:00,STAGE28A,data/reports/stage28a_discovery_factory_batch_runner/stage28a_exact_trades.csv,calendar_time_risk_proxy_v1,calendar_drop_friday_h13_tp06_sl065,-4.461899999999877,-5.511899999999878,-6.211899999999877,0,0,0,1,5.511899999999878,49.309999999999945,36.75,0.08408163265306519,37.289999999999964,0.9155269509251784,10.820000000000164,12.75750000000005,0.852,-1.0,,,13,1,6.0,2025
2025-06-25 13:00:00+00:00|-1.0|calendar_drop_friday_h13_tp06_sl065,2025-06-25 13:00:00+00:00,STAGE28A,data/reports/stage28a_discovery_factory_batch_runner/stage28a_exact_trades.csv,calendar_time_risk_proxy_v1,calendar_drop_friday_h13_tp06_sl065,1.851399999999921,0.8013999999999215,0.1013999999999217,1,1,1,0,0.8013999999999215,74.55999999999995,14.210000000000036,0.4693877551020447,15.5,0.19935483870965748,5.700000000000273,6.538999999999964,0.004,-1.0,,,13,2,6.0,2025
2025-06-26 13:00:00+00:00|1.0|calendar_drop_friday_h13_tp06_sl065,2025-06-26 13:00:00+00:00,STAGE28A,data/reports/stage28a_discovery_factory_batch_runner/stage28a_exact_trades.csv,calendar_time_risk_proxy_v1,calendar_drop_friday_h13_tp06_sl065,1.8445000000000615,0.7945000000000619,0.0945000000000622,1,1,1,0,0.7945000000000619,25.09999999999991,13.859999999999673,0.3448773448773675,19.23999999999978,0.12577962577963098,9.980000000000018,7.567000000000053,0.08,1.0,,,13,3,6.0,2025
2025-06-27 23:45:00+00:00|1.0|calendar_drop_friday_h13_tp06_sl065,2025-06-27 23:45:00+00:00,STAGE28A,data/reports/stage28a_discovery_factory_batch_runner/stage28a_exact_trades.csv,calendar_time_risk_proxy_v1,calendar_drop_friday_h13_tp06_sl065,-0.35,-1.4,-2.1,0,0,0,0,1.4,40.289999999999964,35.63000000000011,0.7605950042099305,19.050000000000182,0.6068241469816187,8.070000000000164,10.479999999999995,0.616,1.0,,,13,4,6.0,2025
2025-06-30 13:00:00+00:00|1.0|calendar_drop_friday_h13_tp06_sl065,2025-06-30 13:00:00+00:00,STAGE28A,data/reports/stage28a_discovery_factory_batch_runner/stage28a_exact_trades.csv,calendar_time_risk_proxy_v1,calendar_drop_friday_h13_tp06_sl065,-3.1654749999998786,-4.215474999999879,-4.915474999999878,0,0,0,1,4.215474999999879,33.51999999999998,34.99000000000024,0.43498142326379396,19.809999999999945,0.4437152953054007,11.679999999999836,10.642500000000018,0.668,1.0,,,13,0,6.0,2025
2025-07-01 13:00:00+00:00|1.0|calendar_drop_friday_h13_tp06_sl065,2025-07-01 13:00:00+00:00,STAGE28A,data/reports/stage28a_discovery_factory_batch_runner/stage28a_exact_trades.csv,calendar_time_risk_proxy_v1,calendar_drop_friday_h13_tp06_sl065,-2.8996250000001056,-3.9496250000001054,-4.649625000000105,0,0,0,1,3.9496250000001054,63.93000000000029,20.279999999999745,0.4817554240631215,29.08999999999969,0.8446201443795108,9.88000000000011,7.409500000000071,0.072,1.0,,,13,1,7.0,2025
2025-07-02 13:00:00+00:00|-1.0|calendar_drop_friday_h13_tp06_sl065,2025-07-02 13:00:00+00:00,STAGE28A,data/reports/stage28a_discovery_factory_batch_runner/stage28a_exact_trades.csv,calendar_time_risk_proxy_v1,calendar_drop_friday_h13_tp06_sl065,-2.834300000000076,-3.884300000000076,-4.584300000000075,0,0,0,1,3.884300000000076,55.48999999999978,16.179999999999836,0.10074165636589157,16.269999999999982,0.10571604179472997,9.11999999999989,6.954499999999984,0.056,-1.0,,,13,2,7.0,2025
2025-07-03 13:00:00+00:00|1.0|calendar_drop_friday_h13_tp06_sl065,2025-07-03 13:00:00+00:00,STAGE28A,data/reports/stage28a_discovery_factory_batch_runner/stage28a_exact_trades.csv,calendar_time_risk_proxy_v1,calendar_drop_friday_h13_tp06_sl065,2.0014000000000123,0.9514000000000123,0.2514000000000127,1,1,1,0,0.9514000000000123,34.559999999999945,23.829999999999927,0.607217792698292,19.84999999999991,0.10277078085642181,12.480000000000018,7.623499999999945,0.244,1.0,,,13,3,7.0,2025
2025-07-04 19:45:00+00:00|1.0|calendar_drop_friday_h13_tp06_sl065,2025-07-04 19:45:00+00:00,STAGE28A,data/reports/stage28a_discovery_factory_batch_runner/stage28a_exact_trades.csv,calendar_time_risk_proxy_v1,calendar_drop_friday_h13_tp06_sl065,-0.35,-1.4,-2.1,0,0,0,0,1.4,54.36999999999989,15.200000000000273,0.6059210526315705,12.009999999999764,0.32556203164029407,3.0599999999999454,5.513999999999987,0.016,1.0,,,13,4,7.0,2025
2025-07-07 13:00:00+00:00|-1.0|calendar_drop_friday_h13_tp06_sl065,2025-07-07 13:00:00+00:00,STAGE28A,data/reports/stage28a_discovery_factory_batch_runner/stage28a_exact_trades.csv,calendar_time_risk_proxy_v1,calendar_drop_friday_h13_tp06_sl065,2.1060999999998784,1.0560999999998786,0.3560999999998788,1,1,1,0,1.0560999999998786,10.329999999999927,36.67000000000007,0.6152167984728634,14.470000000000255,0.13407049067032245,5.799999999999727,8.152499999999964,0.46,-1.0,,,13,0,7.0,2025
2025-07-08 13:00:00+00:00|-1.0|calendar_drop_friday_h13_tp06_sl065,2025-07-08 13:00:00+00:00,STAGE28A,data/reports/stage28a_discovery_factory_batch_runner/stage28a_exact_trades.csv,calendar_time_risk_proxy_v1,calendar_drop_friday_h13_tp06_sl065,1.8693999999999504,0.8193999999999506,0.1193999999999508,1,1,1,0,0.8193999999999506,46.31999999999971,16.210000000000036,0.5077112893275756,18.2800000000002,0.5202407002188246,5.579999999999927,6.630999999999995,0.088,-1.0,,,13,1,7.0,2025
2025-07-09 13:00:00+00:00|-1.0|calendar_drop_friday_h13_tp06_sl065,2025-07-09 13:00:00+00:00,STAGE28A,data/reports/stage28a_discovery_factory_batch_runner/stage28a_exact_trades.csv,calendar_time_risk_proxy_v1,calendar_drop_friday_h13_tp06_sl065,-3.022474999999849,-4.07247499999985,-4.772474999999849,0,0,0,1,4.07247499999985,58.720000000000255,23.039999999999964,0.36067708333333154,15.109999999999673,0.2766379880873545,5.960000000000036,8.421499999999947,0.604,-1.0,,,13,2,7.0,2025
2025-07-10 13:00:00+00:00|1.0|calendar_drop_friday_h13_tp06_sl065,2025-07-10 13:00:00+00:00,STAGE28A,data/reports/stage28a_discovery_factory_batch_runner/stage28a_exact_trades.csv,calendar_time_risk_proxy_v1,calendar_drop_friday_h13_tp06_sl065,1.6426000000000385,0.5926000000000387,-0.107399999999961,1,0,1,0,0.5926000000000387,37.20999999999958,12.9699999999998,0.29452582883575695,15.36999999999989,0.698113207547176,6.9699999999998,6.726999999999975,0.084,1.0,,,13,3,7.0,2025
2025-07-11 23:45:00+00:00|1.0|calendar_drop_friday_h13_tp06_sl065,2025-07-11 23:45:00+00:00,STAGE28A,data/reports/stage28a_discovery_factory_batch_runner/stage28a_exact_trades.csv,calendar_time_risk_proxy_v1,calendar_drop_friday_h13_tp06_sl065,-0.35,-1.4,-2.1,0,0,0,0,1.4,20.15000000000009,14.420000000000073,0.7302357836338521,14.16000000000031,0.4067796610169557,4.099999999999909,8.598500000000012,0.708,1.0,,,13,4,7.0,2025
2025-07-14 13:00:00+00:00|1.0|calendar_drop_friday_h13_tp06_sl065,2025-07-14 13:00:00+00:00,STAGE28A,data/reports/stage28a_discovery_factory_batch_runner/stage28a_exact_trades.csv,calendar_time_risk_proxy_v1,calendar_drop_friday_h13_tp06_sl065,-3.078700000000117,-4.1287000000001175,-4.828700000000117,0,0,0,1,4.1287000000001175,11.590000000000146,20.139999999999873,0.6156901688182805,21.2199999999998,0.6291234684260363,6.230000000000018,7.844500000000039,0.504,1.0,,,13,0,7.0,2025
2025-07-15 13:00:00+00:00|1.0|calendar_drop_friday_h13_tp06_sl065,2025-07-15 13:00:00+00:00,STAGE28A,data/reports/stage28a_discovery_factory_batch_runner/stage28a_exact_trades.csv,calendar_time_risk_proxy_v1,calendar_drop_friday_h13_tp06_sl065,-2.8027750000002016,-3.8527750000002015,-4.552775000000201,0,0,0,1,3.8527750000002015,34.059999999999945,17.06999999999971,0.7158758055067641,9.0,0.6077777777777555,6.110000000000127,5.974000000000046,0.04,1.0,,,13,1,7.0,2025
2025-07-16 13:00:00+00:00|1.0|calendar_drop_friday_h13_tp06_sl065,2025-07-16 13:00:00+00:00,STAGE28A,data/reports/stage28a_discovery_factory_batch_runner/stage28a_exact_trades.csv,calendar_time_risk_proxy_v1,calendar_drop_friday_h13_tp06_sl065,1.1914000000000668,0.141400000000067,-0.5585999999999327,1,0,0,0,0.141400000000067,46.159999999999854,11.390000000000327,0.678665496049148,10.139999999999873,0.5601577909270574,3.8099999999999454,6.712999999999965,0.128,1.0,,,13,2,7.0,2025
2025-07-17 13:00:00+00:00|-1.0|calendar_drop_friday_h13_tp06_sl065,2025-07-17 13:00:00+00:00,STAGE28A,data/reports/stage28a_discovery_factory_batch_runner/stage28a_exact_trades.csv,calendar_time_risk_proxy_v1,calendar_drop_friday_h13_tp06_sl065,-2.9045000000001893,-3.954500000000189,-4.654500000000189,0,0,0,1,3.954500000000189,57.909999999999854,16.170000000000073,0.5009276437847787,20.009999999999764,0.7901049475262435,7.769999999999982,9.837000000000035,0.956,-1.0,,,13,3,7.0,2025
2025-07-18 23:45:00+00:00|1.0|calendar_drop_friday_h13_tp06_sl065,2025-07-18 23:45:00+00:00,STAGE28A,data/reports/stage28a_discovery_factory_batch_runner/stage28a_exact_trades.csv,calendar_time_risk_proxy_v1,calendar_drop_friday_h13_tp06_sl065,-0.35,-1.4,-2.1,0,0,0,0,1.4,42.3100000000004,10.190000000000055,0.85083415112856,23.110000000000127,0.7676330592817022,5.119999999999891,6.080000000000018,0.1,1.0,,,13,4,7.0,2025
2025-07-21 13:00:00+00:00|1.0|calendar_drop_friday_h13_tp06_sl065,2025-07-21 13:00:00+00:00,STAGE28A,data/reports/stage28a_discovery_factory_batch_runner/stage28a_exact_trades.csv,calendar_time_risk_proxy_v1,calendar_drop_friday_h13_tp06_sl065,-2.200550000000112,-3.250550000000112,-3.950550000000112,0,0,0,1,3.250550000000112,5.199999999999818,13.569999999999709,0.25718496683860403,20.029999999999745,0.7393909136295623,3.5900000000001455,5.412499999999886,0.004,1.0,,,13,0,7.0,2025
2025-07-22 13:00:00+00:00|-1.0|calendar_drop_friday_h13_tp06_sl065,2025-07-22 13:00:00+00:00,STAGE28A,data/reports/stage28a_discovery_factory_batch_runner/stage28a_exact_trades.csv,calendar_time_risk_proxy_v1,calendar_drop_friday_h13_tp06_sl065,-2.0257000000002336,-3.075700000000233,-3.775700000000233,0,0,0,1,3.075700000000233,56.7199999999998,17.450000000000273,0.38739255014327295,9.409999999999854,0.6992561105207257,6.070000000000164,6.11550000000002,0.132,-1.0,,,13,1,7.0,2025
2025-07-23 13:00:00+00:00|1.0|calendar_drop_friday_h13_tp06_sl065,2025-07-23 13:00:00+00:00,STAGE28A,data/reports/stage28a_discovery_factory_batch_runner/stage28a_exact_trades.csv,calendar_time_risk_proxy_v1,calendar_drop_friday_h13_tp06_sl065,1.9441000000000712,0.8941000000000714,0.1941000000000716,1,1,1,0,0.8941000000000714,50.26999999999998,19.579999999999927,0.24463738508682234,17.449999999999818,0.462464183381077,5.5099999999997635,7.339999999999941,0.432,1.0,,,13,2,7.0,2025
2025-07-24 13:00:00+00:00|-1.0|calendar_drop_friday_h13_tp06_sl065,2025-07-24 13:00:00+00:00,STAGE28A,data/reports/stage28a_discovery_factory_batch_runner/stage28a_exact_trades.csv,calendar_time_risk_proxy_v1,calendar_drop_friday_h13_tp06_sl065,-3.2363249999999426,-4.286324999999943,-4.986324999999942,0,0,0,1,4.286324999999943,57.620000000000346,18.539999999999964,0.1564185544768121,23.389999999999873,0.8610517315092107,8.049999999999727,8.378999999999929,0.768,-1.0,,,13,3,7.0,2025
2025-07-25 23:45:00+00:00|1.0|calendar_drop_friday_h13_tp06_sl065,2025-07-25 23:45:00+00:00,STAGE28A,data/reports/stage28a_discovery_factory_batch_runner/stage28a_exact_trades.csv,calendar_time_risk_proxy_v1,calendar_drop_friday_h13_tp06_sl065,0.940599999999813,-0.1094000000001869,-0.8094000000001866,0,0,0,0,0.1094000000001869,41.970000000000255,14.789999999999964,0.6544962812711197,20.38000000000011,0.6506378802747641,3.0099999999997635,7.130999999999972,0.36,1.0,,,13,4,7.0,2025
2025-07-28 13:00:00+00:00|-1.0|calendar_drop_friday_h13_tp06_sl065,2025-07-28 13:00:00+00:00,STAGE28A,data/reports/stage28a_discovery_factory_batch_runner/stage28a_exact_trades.csv,calendar_time_risk_proxy_v1,calendar_drop_friday_h13_tp06_sl065,1.7409999999998944,0.6909999999998946,-0.0090000000001051,1,0,1,0,0.6909999999998946,18.269999999999982,26.029999999999745,0.5220898962735412,12.829999999999927,0.4263445050662378,4.769999999999982,7.843999999999892,0.596,-1.0,,,13,0,7.0,2025
2025-07-29 13:00:00+00:00|1.0|calendar_drop_friday_h13_tp06_sl065,2025-07-29 13:00:00+00:00,STAGE28A,data/reports/stage28a_discovery_factory_batch_runner/stage28a_exact_trades.csv,calendar_time_risk_proxy_v1,calendar_drop_friday_h13_tp06_sl065,-3.157999999999993,-4.207999999999993,-4.907999999999992,0,0,0,1,4.207999999999993,43.44999999999982,13.079999999999927,0.1551987767583912,20.879999999999654,0.5727969348659117,7.329999999999927,6.872999999999934,0.276,1.0,,,13,1,7.0,2025
2025-07-30 13:00:00+00:00|1.0|calendar_drop_friday_h13_tp06_sl065,2025-07-30 13:00:00+00:00,STAGE28A,data/reports/stage28a_discovery_factory_batch_runner/stage28a_exact_trades.csv,calendar_time_risk_proxy_v1,calendar_drop_friday_h13_tp06_sl065,1.7413000000000465,0.6913000000000467,-0.008699999999953,1,0,1,0,0.6913000000000467,26.38000000000011,11.730000000000018,0.06308610400684019,10.860000000000127,0.2651933701657528,4.890000000000327,6.377500000000078,0.176,1.0,,,13,2,7.0,2025
2025-07-31 13:00:00+00:00|1.0|calendar_drop_friday_h13_tp06_sl065,2025-07-31 13:00:00+00:00,STAGE28A,data/reports/stage28a_discovery_factory_batch_runner/stage28a_exact_trades.csv,calendar_time_risk_proxy_v1,calendar_drop_friday_h13_tp06_sl065,-3.2541999999999462,-4.3041999999999465,-5.004199999999946,0,0,0,1,4.3041999999999465,65.80000000000018,24.590000000000146,0.6547376982513141,21.06999999999971,0.5495965828191783,8.260000000000218,8.957500000000072,0.872,1.0,,,13,3,7.0,2025
2025-08-01 23:45:00+00:00|1.0|calendar_drop_friday_h13_tp06_sl065,2025-08-01 23:45:00+00:00,STAGE28A,data/reports/stage28a_discovery_factory_batch_runner/stage28a_exact_trades.csv,calendar_time_risk_proxy_v1,calendar_drop_friday_h13_tp06_sl065,-0.35,-1.4,-2.1,0,0,0,0,1.4,40.809999999999945,15.559999999999945,0.23136246786631887,15.069999999999709,0.20570670205709513,13.690000000000055,10.481999999999925,1.0,1.0,,,13,4,8.0,2025
2025-08-04 13:00:00+00:00|-1.0|calendar_drop_friday_h13_tp06_sl065,2025-08-04 13:00:00+00:00,STAGE28A,data/reports/stage28a_discovery_factory_batch_runner/stage28a_exact_trades.csv,calendar_time_risk_proxy_v1,calendar_drop_friday_h13_tp06_sl065,1.8639999999999417,0.8139999999999419,0.1139999999999421,1,1,1,0,0.8139999999999419,11.5300000000002,24.079999999999927,0.04734219269104364,10.960000000000036,0.21350364963504906,4.850000000000364,7.843500000000063,0.532,-1.0,,,13,0,8.0,2025
2025-08-05 13:00:00+00:00|-1.0|calendar_drop_friday_h13_tp06_sl065,2025-08-05 13:00:00+00:00,STAGE28A,data/reports/stage28a_discovery_factory_batch_runner/stage28a_exact_trades.csv,calendar_time_risk_proxy_v1,calendar_drop_friday_h13_tp06_sl065,-2.7293249999998808,-3.7793249999998806,-4.47932499999988,0,0,0,1,3.7793249999998806,40.25999999999976,10.429999999999836,0.2550335570470135,16.519999999999982,0.7481840193704686,7.330000000000382,5.739000000000033,0.016,-1.0,,,13,1,8.0,2025
2025-08-06 13:00:00+00:00|-1.0|calendar_drop_friday_h13_tp06_sl065,2025-08-06 13:00:00+00:00,STAGE28A,data/reports/stage28a_discovery_factory_batch_runner/stage28a_exact_trades.csv,calendar_time_risk_proxy_v1,calendar_drop_friday_h13_tp06_sl065,1.7910999999998238,0.741099999999824,0.0410999999998242,1,1,1,0,0.741099999999824,40.220000000000255,12.699999999999818,0.4,20.40000000000009,0.7725490196078504,9.559999999999945,6.420500000000016,0.072,-1.0,,,13,2,8.0,2025
2025-08-07 13:00:00+00:00|-1.0|calendar_drop_friday_h13_tp06_sl065,2025-08-07 13:00:00+00:00,STAGE28A,data/reports/stage28a_discovery_factory_batch_runner/stage28a_exact_trades.csv,calendar_time_risk_proxy_v1,calendar_drop_friday_h13_tp06_sl065,2.8405000000001563,1.7905000000001563,1.0905000000001568,1,1,1,0,1.7905000000001563,27.139999999999873,18.960000000000036,0.3992616033755353,25.840000000000146,0.11803405572754296,8.050000000000182,8.108500000000003,0.628,-1.0,,,13,3,8.0,2025
2025-08-08 23:45:00+00:00|1.0|calendar_drop_friday_h13_tp06_sl065,2025-08-08 23:45:00+00:00,STAGE28A,data/reports/stage28a_discovery_factory_batch_runner/stage28a_exact_trades.csv,calendar_time_risk_proxy_v1,calendar_drop_friday_h13_tp06_sl065,-0.35,-1.4,-2.1,0,0,0,0,1.4,41.5,27.710000000000036,0.3471670876939689,15.539999999999964,0.30630630630632105,8.480000000000018,11.741999999999962,0.996,1.0,,,13,4,8.0,2025
2025-08-11 13:00:00+00:00|-1.0|calendar_drop_friday_h13_tp06_sl065,2025-08-11 13:00:00+00:00,STAGE28A,data/reports/stage28a_discovery_factory_batch_runner/stage28a_exact_trades.csv,calendar_time_risk_proxy_v1,calendar_drop_friday_h13_tp06_sl065,2.809599999999955,1.759599999999955,1.0595999999999552,1,1,1,0,1.759599999999955,14.559999999999945,37.40000000000009,0.4558823529411681,27.259999999999764,0.9233308877476263,10.58999999999969,10.402999999999953,0.832,-1.0,,,13,0,8.0,2025
2025-08-12 13:00:00+00:00|-1.0|calendar_drop_friday_h13_tp06_sl065,2025-08-12 13:00:00+00:00,STAGE28A,data/reports/stage28a_discovery_factory_batch_runner/stage28a_exact_trades.csv,calendar_time_risk_proxy_v1,calendar_drop_friday_h13_tp06_sl065,2.479000000000178,1.4290000000001783,0.7290000000001786,1,1,1,0,1.4290000000001783,64.0300000000002,15.070000000000164,0.16323822163238286,15.83999999999969,0.24368686868688147,7.360000000000127,8.634500000000003,0.544,-1.0,,,13,1,8.0,2025
2025-08-13 13:00:00+00:00|1.0|calendar_drop_friday_h13_tp06_sl065,2025-08-13 13:00:00+00:00,STAGE28A,data/reports/stage28a_discovery_factory_batch_runner/stage28a_exact_trades.csv,calendar_time_risk_proxy_v1,calendar_drop_friday_h13_tp06_sl065,1.9828000000001336,0.932800000000134,0.2328000000001342,1,1,1,0,0.932800000000134,28.0300000000002,11.659999999999854,0.07375643224701013,21.079999999999927,0.7191650853890115,8.019999999999982,7.145500000000061,0.232,1.0,,,13,2,8.0,2025
2025-08-14 13:00:00+00:00|-1.0|calendar_drop_friday_h13_tp06_sl065,2025-08-14 13:00:00+00:00,STAGE28A,data/reports/stage28a_discovery_factory_batch_runner/stage28a_exact_trades.csv,calendar_time_risk_proxy_v1,calendar_drop_friday_h13_tp06_sl065,2.599000000000069,1.5490000000000692,0.8490000000000695,1,1,1,0,1.5490000000000692,28.230000000000018,19.61999999999989,0.1432212028542284,24.98999999999978,0.16966786714686968,13.989999999999782,7.551499999999964,0.34,-1.0,,,13,3,8.0,2025
2025-08-15 23:45:00+00:00|1.0|calendar_drop_friday_h13_tp06_sl065,2025-08-15 23:45:00+00:00,STAGE28A,data/reports/stage28a_discovery_factory_batch_runner/stage28a_exact_trades.csv,calendar_time_risk_proxy_v1,calendar_drop_friday_h13_tp06_sl065,-0.35,-1.4,-2.1,0,0,0,0,1.4,45.40000000000009,12.629999999999654,0.795724465558231,10.309999999999945,0.07468477206595402,5.180000000000291,6.378000000000043,0.092,1.0,,,13,4,8.0,2025
2025-08-18 13:00:00+00:00|1.0|calendar_drop_friday_h13_tp06_sl065,2025-08-18 13:00:00+00:00,STAGE28A,data/reports/stage28a_discovery_factory_batch_runner/stage28a_exact_trades.csv,calendar_time_risk_proxy_v1,calendar_drop_friday_h13_tp06_sl065,-2.586974999999802,-3.636974999999802,-4.336974999999802,0,0,0,1,3.636974999999802,6.019999999999982,28.190000000000055,0.4522880454061715,13.799999999999727,0.07608695652172086,4.070000000000164,7.169500000000039,0.34,1.0,,,13,0,8.0,2025
2025-08-19 13:00:00+00:00|1.0|calendar_drop_friday_h13_tp06_sl065,2025-08-19 13:00:00+00:00,STAGE28A,data/reports/stage28a_discovery_factory_batch_runner/stage28a_exact_trades.csv,calendar_time_risk_proxy_v1,calendar_drop_friday_h13_tp06_sl065,-2.2073750000000474,-3.257375000000047,-3.957375000000047,0,0,0,1,3.257375000000047,34.79999999999973,15.579999999999927,0.21694480102696564,7.289999999999964,0.20301783264746578,2.699999999999818,4.820999999999981,0.004,1.0,,,13,1,8.0,2025
2025-08-20 13:00:00+00:00|1.0|calendar_drop_friday_h13_tp06_sl065,2025-08-20 13:00:00+00:00,STAGE28A,data/reports/stage28a_discovery_factory_batch_runner/stage28a_exact_trades.csv,calendar_time_risk_proxy_v1,calendar_drop_friday_h13_tp06_sl065,-2.029924999999912,-3.079924999999912,-3.779924999999912,0,0,0,1,3.079924999999912,30.36999999999989,7.0300000000002,0.09246088193457645,10.38000000000011,0.8333333333333334,3.9299999999998363,5.073000000000002,0.028,1.0,,,13,2,8.0,2025
2025-08-21 13:00:00+00:00|-1.0|calendar_drop_friday_h13_tp06_sl065,2025-08-21 13:00:00+00:00,STAGE28A,data/reports/stage28a_discovery_factory_batch_runner/stage28a_exact_trades.csv,calendar_time_risk_proxy_v1,calendar_drop_friday_h13_tp06_sl065,1.17579999999989,0.1257999999998902,-0.5742000000001095,1,0,0,0,0.1257999999998902,38.88999999999987,12.33999999999969,0.793354943273923,7.849999999999909,0.09044585987261715,4.1599999999998545,4.661500000000001,0.012,-1.0,,,13,3,8.0,2025
2025-08-22 23:45:00+00:00|1.0|calendar_drop_friday_h13_tp06_sl065,2025-08-22 23:45:00+00:00,STAGE28A,data/reports/stage28a_discovery_factory_batch_runner/stage28a_exact_trades.csv,calendar_time_risk_proxy_v1,calendar_drop_friday_h13_tp06_sl065,-0.35,-1.4,-2.1,0,0,0,0,1.4,26.9699999999998,9.139999999999873,0.7647702407002553,9.659999999999854,0.1946169772256871,4.690000000000055,7.526999999999975,0.628,1.0,,,13,4,8.0,2025
2025-08-25 13:00:00+00:00|-1.0|calendar_drop_friday_h13_tp06_sl065,2025-08-25 13:00:00+00:00,STAGE28A,data/reports/stage28a_discovery_factory_batch_runner/stage28a_exact_trades.csv,calendar_time_risk_proxy_v1,calendar_drop_friday_h13_tp06_sl065,0.9457000000001244,-0.1042999999998754,-0.8042999999998752,0,0,0,0,0.1042999999998754,6.210000000000036,12.260000000000218,0.0016313213703084382,8.019999999999982,0.02369077306733853,5.980000000000018,5.205500000000029,0.108,-1.0,,,13,0,8.0,2025
2025-08-26 13:00:00+00:00|1.0|calendar_drop_friday_h13_tp06_sl065,2025-08-26 13:00:00+00:00,STAGE28A,data/reports/stage28a_discovery_factory_batch_runner/stage28a_exact_trades.csv,calendar_time_risk_proxy_v1,calendar_drop_friday_h13_tp06_sl065,1.9032999999998537,0.8532999999998538,0.1532999999998541,1,1,1,0,0.8532999999998538,16.389999999999873,35.129999999999654,0.22687161969826014,12.58999999999969,0.030182684670346602,8.9699999999998,8.00849999999998,0.816,1.0,,,13,1,8.0,2025
2025-08-27 13:00:00+00:00|1.0|calendar_drop_friday_h13_tp06_sl065,2025-08-27 13:00:00+00:00,STAGE28A,data/reports/stage28a_discovery_factory_batch_runner/stage28a_exact_trades.csv,calendar_time_risk_proxy_v1,calendar_drop_friday_h13_tp06_sl065,-2.2785500000000867,-3.3285500000000865,-4.028550000000086,0,0,0,1,3.3285500000000865,42.19999999999982,13.800000000000182,0.7543478260869689,11.629999999999654,0.21066208082548113,7.799999999999727,5.670999999999981,0.292,1.0,,,13,2,8.0,2025
2025-08-28 13:00:00+00:00|1.0|calendar_drop_friday_h13_tp06_sl065,2025-08-28 13:00:00+00:00,STAGE28A,data/reports/stage28a_discovery_factory_batch_runner/stage28a_exact_trades.csv,calendar_time_risk_proxy_v1,calendar_drop_friday_h13_tp06_sl065,1.3402000000000045,0.2902000000000044,-0.4097999999999953,1,0,1,0,0.2902000000000044,25.049999999999727,15.08999999999969,0.3770709078860286,13.86999999999989,0.6560922855083227,3.0900000000001455,5.275500000000011,0.176,1.0,,,13,3,8.0,2025
2025-08-29 23:45:00+00:00|1.0|calendar_drop_friday_h13_tp06_sl065,2025-08-29 23:45:00+00:00,STAGE28A,data/reports/stage28a_discovery_factory_batch_runner/stage28a_exact_trades.csv,calendar_time_risk_proxy_v1,calendar_drop_friday_h13_tp06_sl065,-0.35,-1.4,-2.1,0,0,0,0,1.4,38.56999999999971,10.489999999999782,0.5633937082936108,8.269999999999982,0.44740024183800253,12.210000000000036,6.845499999999992,0.756,1.0,,,13,4,8.0,2025
2025-09-01 13:00:00+00:00|1.0|calendar_drop_friday_h13_tp06_sl065,2025-09-01 13:00:00+00:00,STAGE28A,data/reports/stage28a_discovery_factory_batch_runner/stage28a_exact_trades.csv,calendar_time_risk_proxy_v1,calendar_drop_friday_h13_tp06_sl065,-3.793699999999808,-4.843699999999808,-5.543699999999808,0,0,0,1,4.843699999999808,10.070000000000164,48.98000000000002,0.49407921600653865,22.579999999999927,0.22630646589903206,9.819999999999709,10.550000000000022,0.984,1.0,,,13,0,9.0,2025
2025-09-02 13:00:00+00:00|-1.0|calendar_drop_friday_h13_tp06_sl065,2025-09-02 13:00:00+00:00,STAGE28A,data/reports/stage28a_discovery_factory_batch_runner/stage28a_exact_trades.csv,calendar_time_risk_proxy_v1,calendar_drop_friday_h13_tp06_sl065,2.754699999999866,1.7046999999998662,1.0046999999998665,1,1,1,0,1.7046999999998662,52.74000000000024,34.159999999999854,0.5793325526932098,28.289999999999964,0.6564156945917191,4.25,8.384999999999991,0.88,-1.0,,,13,1,9.0,2025
2025-09-03 13:00:00+00:00|1.0|calendar_drop_friday_h13_tp06_sl065,2025-09-03 13:00:00+00:00,STAGE28A,data/reports/stage28a_discovery_factory_batch_runner/stage28a_exact_trades.csv,calendar_time_risk_proxy_v1,calendar_drop_friday_h13_tp06_sl065,2.015800000000036,0.9658000000000356,0.265800000000036,1,1,1,0,0.9658000000000356,70.11000000000013,20.48999999999978,0.07369448511467934,14.86999999999989,0.24277067921991619,7.869999999999891,9.721500000000015,0.856,1.0,,,13,2,9.0,2025
2025-09-04 13:00:00+00:00|1.0|calendar_drop_friday_h13_tp06_sl065,2025-09-04 13:00:00+00:00,STAGE28A,data/reports/stage28a_discovery_factory_batch_runner/stage28a_exact_trades.csv,calendar_time_risk_proxy_v1,calendar_drop_friday_h13_tp06_sl065,-3.717000000000189,-4.7670000000001895,-5.467000000000189,0,0,0,1,4.7670000000001895,52.10999999999967,52.7800000000002,0.6220159151193596,20.90000000000009,0.44928229665073144,8.169999999999618,11.038500000000045,0.94,1.0,,,13,3,9.0,2025
2025-09-05 23:45:00+00:00|1.0|calendar_drop_friday_h13_tp06_sl065,2025-09-05 23:45:00+00:00,STAGE28A,data/reports/stage28a_discovery_factory_batch_runner/stage28a_exact_trades.csv,calendar_time_risk_proxy_v1,calendar_drop_friday_h13_tp06_sl065,-0.35,-1.4,-2.1,0,0,0,0,1.4,52.7800000000002,19.300000000000182,0.9113989637305453,16.36999999999989,0.3671350030543835,3.300000000000182,10.207500000000005,0.776,1.0,,,13,4,9.0,2025
2025-09-08 13:00:00+00:00|1.0|calendar_drop_friday_h13_tp06_sl065,2025-09-08 13:00:00+00:00,STAGE28A,data/reports/stage28a_discovery_factory_batch_runner/stage28a_exact_trades.csv,calendar_time_risk_proxy_v1,calendar_drop_friday_h13_tp06_sl065,-3.496325000000161,-4.546325000000161,-5.24632500000016,0,0,0,1,4.546325000000161,18.25,18.559999999999945,0.46821120689655604,37.679999999999836,0.8017515923566924,6.2599999999997635,9.490000000000032,0.636,1.0,,,13,0,9.0,2025
2025-09-09 13:00:00+00:00|1.0|calendar_drop_friday_h13_tp06_sl065,2025-09-09 13:00:00+00:00,STAGE28A,data/reports/stage28a_discovery_factory_batch_runner/stage28a_exact_trades.csv,calendar_time_risk_proxy_v1,calendar_drop_friday_h13_tp06_sl065,-4.16354999999985,-5.2135499999998505,-5.91354999999985,0,0,0,1,5.2135499999998505,67.81999999999971,26.2800000000002,0.6255707762556878,22.7199999999998,0.3371478873239602,8.900000000000091,8.972499999999991,0.48,1.0,,,13,1,9.0,2025
2025-09-10 13:00:00+00:00|1.0|calendar_drop_friday_h13_tp06_sl065,2025-09-10 13:00:00+00:00,STAGE28A,data/reports/stage28a_discovery_factory_batch_runner/stage28a_exact_trades.csv,calendar_time_risk_proxy_v1,calendar_drop_friday_h13_tp06_sl065,2.0911000000000057,1.041100000000006,0.3411000000000062,1,1,1,0,1.041100000000006,48.75999999999976,21.710000000000036,0.044679871027167126,19.68000000000029,0.9563008130081243,11.020000000000437,10.254500000000053,0.644,1.0,,,13,2,9.0,2025
2025-09-11 13:00:00+00:00|-1.0|calendar_drop_friday_h13_tp06_sl065,2025-09-11 13:00:00+00:00,STAGE28A,data/reports/stage28a_discovery_factory_batch_runner/stage28a_exact_trades.csv,calendar_time_risk_proxy_v1,calendar_drop_friday_h13_tp06_sl065,2.696800000000076,1.6468000000000758,0.946800000000076,1,1,1,0,1.6468000000000758,38.68000000000029,19.309999999999945,0.40963231486275903,23.88000000000011,0.43467336683417346,12.049999999999727,8.210999999999967,0.268,-1.0,,,13,3,9.0,2025
2025-09-12 23:45:00+00:00|1.0|calendar_drop_friday_h13_tp06_sl065,2025-09-12 23:45:00+00:00,STAGE28A,data/reports/stage28a_discovery_factory_batch_runner/stage28a_exact_trades.csv,calendar_time_risk_proxy_v1,calendar_drop_friday_h13_tp06_sl065,-1.706224999999995,-2.756224999999995,-3.4562249999999946,0,0,0,0,2.756224999999995,36.26999999999998,22.779999999999745,0.7949956101843867,19.06999999999971,0.3455689564761296,4.879999999999654,6.730499999999893,0.052,1.0,,,13,4,9.0,2025
2025-09-15 13:00:00+00:00|-1.0|calendar_drop_friday_h13_tp06_sl065,2025-09-15 13:00:00+00:00,STAGE28A,data/reports/stage28a_discovery_factory_batch_runner/stage28a_exact_trades.csv,calendar_time_risk_proxy_v1,calendar_drop_friday_h13_tp06_sl065,1.897600000000148,0.8476000000001478,0.147600000000148,1,1,1,0,0.8476000000001478,6.779999999999745,19.769999999999982,0.2063732928679783,13.239999999999782,0.3904833836857782,10.11999999999989,6.411499999999978,0.028,-1.0,,,13,0,9.0,2025
2025-09-16 13:00:00+00:00|1.0|calendar_drop_friday_h13_tp06_sl065,2025-09-16 13:00:00+00:00,STAGE28A,data/reports/stage28a_discovery_factory_batch_runner/stage28a_exact_trades.csv,calendar_time_risk_proxy_v1,calendar_drop_friday_h13_tp06_sl065,-2.7956249999998364,-3.845624999999836,-4.545624999999836,0,0,0,1,3.845624999999836,58.88000000000011,14.720000000000255,0.1555706521739079,18.590000000000146,0.9214631522323816,5.820000000000164,7.810000000000014,0.148,1.0,,,13,1,9.0,2025
2025-09-17 13:00:00+00:00|-1.0|calendar_drop_friday_h13_tp06_sl065,2025-09-17 13:00:00+00:00,STAGE28A,data/reports/stage28a_discovery_factory_batch_runner/stage28a_exact_trades.csv,calendar_time_risk_proxy_v1,calendar_drop_friday_h13_tp06_sl065,-3.36989999999978,-4.41989999999978,-5.119899999999779,0,0,0,1,4.41989999999978,28.450000000000273,21.039999999999964,0.4857414448669115,23.460000000000036,0.5920716112531906,7.080000000000382,6.962500000000023,0.112,-1.0,,,13,2,9.0,2025
2025-09-18 13:00:00+00:00|1.0|calendar_drop_friday_h13_tp06_sl065,2025-09-18 13:00:00+00:00,STAGE28A,data/reports/stage28a_discovery_factory_batch_runner/stage28a_exact_trades.csv,calendar_time_risk_proxy_v1,calendar_drop_friday_h13_tp06_sl065,3.251799999999912,2.201799999999912,1.5017999999999123,1,1,1,0,2.201799999999912,61.32999999999993,20.0,0.2259999999999991,39.059999999999945,0.33666154633895684,8.38000000000011,13.482000000000038,0.992,1.0,,,13,3,9.0,2025
2025-09-19 23:45:00+00:00|1.0|calendar_drop_friday_h13_tp06_sl065,2025-09-19 23:45:00+00:00,STAGE28A,data/reports/stage28a_discovery_factory_batch_runner/stage28a_exact_trades.csv,calendar_time_risk_proxy_v1,calendar_drop_friday_h13_tp06_sl065,-0.35,-1.4,-2.1,0,0,0,0,1.4,45.320000000000164,24.13000000000011,0.551181102362191,17.690000000000055,0.28886376483889836,3.8399999999996908,9.58850000000009,0.656,1.0,,,13,4,9.0,2025
2025-09-22 13:00:00+00:00|1.0|calendar_drop_friday_h13_tp06_sl065,2025-09-22 13:00:00+00:00,STAGE28A,data/reports/stage28a_discovery_factory_batch_runner/stage28a_exact_trades.csv,calendar_time_risk_proxy_v1,calendar_drop_friday_h13_tp06_sl065,2.635299999999825,1.5852999999998247,0.885299999999825,1,1,1,0,1.5852999999998247,8.700000000000273,13.7800000000002,0.5079825834542742,36.529999999999745,0.7601970982754074,7.379999999999654,8.426499999999987,0.384,1.0,,,13,0,9.0,2025
2025-09-23 13:00:00+00:00|1.0|calendar_drop_friday_h13_tp06_sl065,2025-09-23 13:00:00+00:00,STAGE28A,data/reports/stage28a_discovery_factory_batch_runner/stage28a_exact_trades.csv,calendar_time_risk_proxy_v1,calendar_drop_friday_h13_tp06_sl065,-4.175899999999819,-5.22589999999982,-5.925899999999819,0,0,0,1,5.22589999999982,65.05000000000018,22.389999999999873,0.2880750334970904,48.059999999999945,0.7973366625052062,16.890000000000327,9.975999999999953,0.8,1.0,,,13,1,9.0,2025
2025-09-24 13:00:00+00:00|1.0|calendar_drop_friday_h13_tp06_sl065,2025-09-24 13:00:00+00:00,STAGE28A,data/reports/stage28a_discovery_factory_batch_runner/stage28a_exact_trades.csv,calendar_time_risk_proxy_v1,calendar_drop_friday_h13_tp06_sl065,2.097700000000168,1.0477000000001682,0.3477000000001684,1,1,1,0,1.0477000000001682,54.13000000000011,21.070000000000164,0.0014238253440790275,15.989999999999782,0.18886804252658054,8.4399999999996,10.861000000000013,0.804,1.0,,,13,2,9.0,2025
2025-09-25 13:00:00+00:00|1.0|calendar_drop_friday_h13_tp06_sl065,2025-09-25 13:00:00+00:00,STAGE28A,data/reports/stage28a_discovery_factory_batch_runner/stage28a_exact_trades.csv,calendar_time_risk_proxy_v1,calendar_drop_friday_h13_tp06_sl065,2.828800000000137,1.7788000000001376,1.078800000000138,1,1,1,0,1.7788000000001376,61.67000000000007,22.409999999999854,0.1976796073181758,29.980000000000018,0.6774516344229464,10.600000000000364,10.752500000000031,0.816,1.0,,,13,3,9.0,2025
2025-09-26 23:45:00+00:00|1.0|calendar_drop_friday_h13_tp06_sl065,2025-09-26 23:45:00+00:00,STAGE28A,data/reports/stage28a_discovery_factory_batch_runner/stage28a_exact_trades.csv,calendar_time_risk_proxy_v1,calendar_drop_friday_h13_tp06_sl065,-0.35,-1.4,-2.1,0,0,0,0,1.4,39.82999999999993,18.800000000000182,0.17819148936169557,15.920000000000073,0.3762562814070483,14.010000000000218,10.37699999999993,0.676,1.0,,,13,4,9.0,2025
2025-09-29 13:00:00+00:00|1.0|calendar_drop_friday_h13_tp06_sl065,2025-09-29 13:00:00+00:00,STAGE28A,data/reports/stage28a_discovery_factory_batch_runner/stage28a_exact_trades.csv,calendar_time_risk_proxy_v1,calendar_drop_friday_h13_tp06_sl065,3.3936999999999897,2.34369999999999,1.6436999999999902,1,1,1,0,2.34369999999999,14.63000000000011,43.039999999999964,0.5534386617100309,27.38000000000011,0.4755295836376892,12.670000000000073,12.45499999999995,0.912,1.0,,,13,0,9.0,2025
2025-09-30 13:00:00+00:00|-1.0|calendar_drop_friday_h13_tp06_sl065,2025-09-30 13:00:00+00:00,STAGE28A,data/reports/stage28a_discovery_factory_batch_runner/stage28a_exact_trades.csv,calendar_time_risk_proxy_v1,calendar_drop_friday_h13_tp06_sl065,-6.561725000000115,-7.611725000000115,-8.311725000000115,0,0,0,1,7.611725000000115,77.67000000000007,41.659999999999854,0.817330772923675,78.48999999999978,0.8421454962415664,28.289999999999964,12.436999999999989,0.86,-1.0,,,13,1,9.0,2025
2025-10-01 13:00:00+00:00|1.0|calendar_drop_friday_h13_tp06_sl065,2025-10-01 13:00:00+00:00,STAGE28A,data/reports/stage28a_discovery_factory_batch_runner/stage28a_exact_trades.csv,calendar_time_risk_proxy_v1,calendar_drop_friday_h13_tp06_sl065,-4.413474999999925,-5.463474999999926,-6.163474999999925,0,0,0,1,5.463474999999926,78.48999999999978,21.0,0.0890476190476355,42.070000000000164,0.6467791775612058,11.659999999999854,11.985500000000002,0.7,1.0,,,13,2,10.0,2025
2025-10-02 13:00:00+00:00|1.0|calendar_drop_friday_h13_tp06_sl065,2025-10-02 13:00:00+00:00,STAGE28A,data/reports/stage28a_discovery_factory_batch_runner/stage28a_exact_trades.csv,calendar_time_risk_proxy_v1,calendar_drop_friday_h13_tp06_sl065,2.7148000000001047,1.6648000000001049,0.9648000000001052,1,1,1,0,1.6648000000001049,42.070000000000164,17.580000000000382,0.24857792946531573,17.940000000000055,0.696209587513921,6.289999999999964,10.726999999999999,0.46,1.0,,,13,3,10.0,2025
2025-10-03 23:45:00+00:00|1.0|calendar_drop_friday_h13_tp06_sl065,2025-10-03 23:45:00+00:00,STAGE28A,data/reports/stage28a_discovery_factory_batch_runner/stage28a_exact_trades.csv,calendar_time_risk_proxy_v1,calendar_drop_friday_h13_tp06_sl065,-0.35,-1.4,-2.1,0,0,0,0,1.4,77.53999999999996,25.700000000000273,0.5634241245136135,24.0,0.8966666666666848,5.4900000000002365,11.073000000000093,0.508,1.0,,,13,4,10.0,2025
2025-10-06 13:00:00+00:00|1.0|calendar_drop_friday_h13_tp06_sl065,2025-10-06 13:00:00+00:00,STAGE28A,data/reports/stage28a_discovery_factory_batch_runner/stage28a_exact_trades.csv,calendar_time_risk_proxy_v1,calendar_drop_friday_h13_tp06_sl065,3.9342999999998023,2.884299999999803,2.184299999999803,1,1,1,0,2.884299999999803,17.269999999999982,47.940000000000055,0.6191072173550229,27.0,0.47259259259260067,8.389999999999873,12.964000000000055,0.816,1.0,,,13,0,10.0,2025
2025-10-07 13:00:00+00:00|-1.0|calendar_drop_friday_h13_tp06_sl065,2025-10-07 13:00:00+00:00,STAGE28A,data/reports/stage28a_discovery_factory_batch_runner/stage28a_exact_trades.csv,calendar_time_risk_proxy_v1,calendar_drop_friday_h13_tp06_sl065,-4.448574999999982,-5.498574999999983,-6.198574999999982,0,0,0,1,5.498574999999983,85.76000000000022,21.690000000000055,0.4568925772245405,35.98000000000002,0.5075041689827741,12.11999999999989,12.101499999999964,0.524,-1.0,,,13,1,10.0,2025
2025-10-08 13:00:00+00:00|1.0|calendar_drop_friday_h13_tp06_sl065,2025-10-08 13:00:00+00:00,STAGE28A,data/reports/stage28a_discovery_factory_batch_runner/stage28a_exact_trades.csv,calendar_time_risk_proxy_v1,calendar_drop_friday_h13_tp06_sl065,-4.19052500000007,-5.240525000000071,-5.94052500000007,0,0,0,1,5.240525000000071,50.070000000000164,33.5,0.750447761194026,34.840000000000146,0.9916762342135357,18.720000000000255,11.9265000000001,0.42,1.0,,,13,2,10.0,2025
2025-10-09 13:00:00+00:00|1.0|calendar_drop_friday_h13_tp06_sl065,2025-10-09 13:00:00+00:00,STAGE28A,data/reports/stage28a_discovery_factory_batch_runner/stage28a_exact_trades.csv,calendar_time_risk_proxy_v1,calendar_drop_friday_h13_tp06_sl065,2.778700000000208,1.7287000000002082,1.0287000000002084,1,1,1,0,1.7287000000002082,76.17000000000007,39.840000000000146,0.13453815261044447,20.940000000000055,0.5076408787010546,7.730000000000018,15.73900000000001,0.94,1.0,,,13,3,10.0,2025
2025-10-10 23:45:00+00:00|1.0|calendar_drop_friday_h13_tp06_sl065,2025-10-10 23:45:00+00:00,STAGE28A,data/reports/stage28a_discovery_factory_batch_runner/stage28a_exact_trades.csv,calendar_time_risk_proxy_v1,calendar_drop_friday_h13_tp06_sl065,-6.954325000000244,-8.004325000000245,-8.704325000000244,0,0,0,1,8.004325000000245,113.48000000000002,36.04999999999973,0.3722607489597829,59.940000000000055,0.5652318985652256,25.13000000000011,19.075500000000012,0.924,1.0,,,13,4,10.0,2025
2025-10-13 13:00:00+00:00|1.0|calendar_drop_friday_h13_tp06_sl065,2025-10-13 13:00:00+00:00,STAGE28A,data/reports/stage28a_discovery_factory_batch_runner/stage28a_exact_trades.csv,calendar_time_risk_proxy_v1,calendar_drop_friday_h13_tp06_sl065,3.830499999999938,2.7804999999999382,2.0804999999999385,1,1,1,0,2.7804999999999382,46.13000000000011,61.30000000000018,0.15595432300162998,28.690000000000055,0.882886023004527,9.370000000000346,21.93100000000002,0.952,1.0,,,13,0,10.0,2025
2025-10-14 13:00:00+00:00|-1.0|calendar_drop_friday_h13_tp06_sl065,2025-10-14 13:00:00+00:00,STAGE28A,data/reports/stage28a_discovery_factory_batch_runner/stage28a_exact_trades.csv,calendar_time_risk_proxy_v1,calendar_drop_friday_h13_tp06_sl065,-10.810124999999609,-11.860124999999607,-12.560124999999609,0,0,0,1,11.860124999999607,117.94000000000051,59.97999999999956,0.8072690896965726,89.0300000000002,0.4022239694485041,22.270000000000437,20.231499999999983,0.904,-1.0,,,13,1,10.0,2025
2025-10-15 13:00:00+00:00|1.0|calendar_drop_friday_h13_tp06_sl065,2025-10-15 13:00:00+00:00,STAGE28A,data/reports/stage28a_discovery_factory_batch_runner/stage28a_exact_trades.csv,calendar_time_risk_proxy_v1,calendar_drop_friday_h13_tp06_sl065,-6.200975000000289,-7.25097500000029,-7.950975000000289,0,0,0,1,7.25097500000029,89.0300000000002,50.0600000000004,0.5687175389532566,53.57999999999993,0.10246360582308135,47.43000000000029,17.262500000000045,0.688,1.0,,,13,2,10.0,2025
2025-10-16 13:00:00+00:00|-1.0|calendar_drop_friday_h13_tp06_sl065,2025-10-16 13:00:00+00:00,STAGE28A,data/reports/stage28a_discovery_factory_batch_runner/stage28a_exact_trades.csv,calendar_time_risk_proxy_v1,calendar_drop_friday_h13_tp06_sl065,-5.7255000000001015,-6.775500000000102,-7.475500000000101,0,0,0,1,6.775500000000102,77.52000000000044,42.5,0.4825882352941014,37.970000000000255,0.15011851461679696,19.329999999999927,15.7400000000001,0.548,-1.0,,,13,3,10.0,2025
2025-10-17 23:45:00+00:00|1.0|calendar_drop_friday_h13_tp06_sl065,2025-10-17 23:45:00+00:00,STAGE28A,data/reports/stage28a_discovery_factory_batch_runner/stage28a_exact_trades.csv,calendar_time_risk_proxy_v1,calendar_drop_friday_h13_tp06_sl065,-0.35,-1.4,-2.1,0,0,0,0,1.4,151.92999999999938,100.69999999999982,0.19721946375372104,66.96000000000004,0.39575866188769393,25.06999999999971,36.54650000000006,0.98,1.0,,,13,4,10.0,2025
2025-10-20 13:00:00+00:00|-1.0|calendar_drop_friday_h13_tp06_sl065,2025-10-20 13:00:00+00:00,STAGE28A,data/reports/stage28a_discovery_factory_batch_runner/stage28a_exact_trades.csv,calendar_time_risk_proxy_v1,calendar_drop_friday_h13_tp06_sl065,6.1692999999999305,5.11929999999993,4.4192999999999305,1,1,1,0,5.11929999999993,35.11999999999989,55.51999999999953,0.16264409221903336,46.61000000000058,0.08496030894655819,13.170000000000073,26.351499999999987,0.876,-1.0,,,13,0,10.0,2025
2025-10-21 13:00:00+00:00|-1.0|calendar_drop_friday_h13_tp06_sl065,2025-10-21 13:00:00+00:00,STAGE28A,data/reports/stage28a_discovery_factory_batch_runner/stage28a_exact_trades.csv,calendar_time_risk_proxy_v1,calendar_drop_friday_h13_tp06_sl065,8.885499999999775,7.835499999999774,7.135499999999775,1,1,1,0,7.835499999999774,162.71999999999935,42.36000000000058,0.4952785646836467,102.25,0.796479217603908,23.349999999999454,24.80199999999986,0.836,-1.0,,,13,1,10.0,2025
2025-10-22 13:00:00+00:00|-1.0|calendar_drop_friday_h13_tp06_sl065,2025-10-22 13:00:00+00:00,STAGE28A,data/reports/stage28a_discovery_factory_batch_runner/stage28a_exact_trades.csv,calendar_time_risk_proxy_v1,calendar_drop_friday_h13_tp06_sl065,11.170300000000134,10.120300000000134,9.420300000000134,1,1,1,0,10.120300000000134,295.0600000000004,138.77999999999975,0.038406110390545735,101.29000000000042,0.5831770164873084,40.149999999999636,40.10100000000004,0.984,-1.0,,,13,2,10.0,2025
2025-10-23 13:00:00+00:00|1.0|calendar_drop_friday_h13_tp06_sl065,2025-10-23 13:00:00+00:00,STAGE28A,data/reports/stage28a_discovery_factory_batch_runner/stage28a_exact_trades.csv,calendar_time_risk_proxy_v1,calendar_drop_friday_h13_tp06_sl065,-8.32452499999963,-9.37452499999963,-10.07452499999963,0,0,0,1,9.37452499999963,157.02000000000044,50.55000000000018,0.21444114737883493,57.909999999999854,0.5752029010533513,14.19000000000051,26.659000000000013,0.7,1.0,,,13,3,10.0,2025
2025-10-24 23:45:00+00:00|1.0|calendar_drop_friday_h13_tp06_sl065,2025-10-24 23:45:00+00:00,STAGE28A,data/reports/stage28a_discovery_factory_batch_runner/stage28a_exact_trades.csv,calendar_time_risk_proxy_v1,calendar_drop_friday_h13_tp06_sl065,-0.35,-1.4,-2.1,0,0,0,0,1.4,88.6899999999996,38.25,0.15895424836603494,75.71000000000004,0.8109893012812054,15.149999999999636,22.283500000000096,0.452,1.0,,,13,4,10.0,2025
2025-10-27 13:00:00+00:00|-1.0|calendar_drop_friday_h13_tp06_sl065,2025-10-27 13:00:00+00:00,STAGE28A,data/reports/stage28a_discovery_factory_batch_runner/stage28a_exact_trades.csv,calendar_time_risk_proxy_v1,calendar_drop_friday_h13_tp06_sl065,-7.619925000000057,-8.669925000000058,-9.369925000000055,0,0,0,1,8.669925000000058,47.210000000000036,55.55000000000018,0.6064806480648136,60.00999999999976,0.5222462922846237,18.759999999999764,22.817499999999974,0.476,-1.0,,,13,0,10.0,2025
2025-10-28 13:00:00+00:00|-1.0|calendar_drop_friday_h13_tp06_sl065,2025-10-28 13:00:00+00:00,STAGE28A,data/reports/stage28a_discovery_factory_batch_runner/stage28a_exact_trades.csv,calendar_time_risk_proxy_v1,calendar_drop_friday_h13_tp06_sl065,-8.682675000000108,-9.732675000000109,-10.432675000000108,0,0,0,1,9.732675000000109,137.97000000000025,55.86000000000013,0.19638381668457267,93.62000000000035,0.5054475539414653,30.68000000000029,23.399000000000022,0.512,-1.0,,,13,1,10.0,2025
2025-10-29 13:00:00+00:00|1.0|calendar_drop_friday_h13_tp06_sl065,2025-10-29 13:00:00+00:00,STAGE28A,data/reports/stage28a_discovery_factory_batch_runner/stage28a_exact_trades.csv,calendar_time_risk_proxy_v1,calendar_drop_friday_h13_tp06_sl065,4.87420000000011,3.82420000000011,3.1242000000001102,1,1,1,0,3.82420000000011,133.21000000000004,66.23999999999978,0.04649758454106186,79.11000000000013,0.9027935785614961,12.370000000000346,20.742500000000042,0.244,1.0,,,13,2,10.0,2025
2025-10-30 13:00:00+00:00|1.0|calendar_drop_friday_h13_tp06_sl065,2025-10-30 13:00:00+00:00,STAGE28A,data/reports/stage28a_discovery_factory_batch_runner/stage28a_exact_trades.csv,calendar_time_risk_proxy_v1,calendar_drop_friday_h13_tp06_sl065,6.310899999999856,5.260899999999856,4.560899999999856,1,1,1,0,5.260899999999856,114.34000000000015,67.13000000000011,0.6272903321912715,64.69999999999982,0.1791344667697091,27.230000000000018,27.245499999999993,0.704,1.0,,,13,3,10.0,2025
2025-10-31 22:45:00+00:00|1.0|calendar_drop_friday_h13_tp06_sl065,2025-10-31 22:45:00+00:00,STAGE28A,data/reports/stage28a_discovery_factory_batch_runner/stage28a_exact_trades.csv,calendar_time_risk_proxy_v1,calendar_drop_friday_h13_tp06_sl065,-0.35,-1.4,-2.1,0,0,0,0,1.4,127.87000000000035,56.88000000000011,0.31223628691983446,32.74000000000024,0.06047648136835687,14.329999999999927,19.193000000000005,0.048,1.0,,,13,4,10.0,2025
2025-11-03 13:00:00+00:00|-1.0|calendar_drop_friday_h13_tp06_sl065,2025-11-03 13:00:00+00:00,STAGE28A,data/reports/stage28a_discovery_factory_batch_runner/stage28a_exact_trades.csv,calendar_time_risk_proxy_v1,calendar_drop_friday_h13_tp06_sl065,4.456300000000192,3.406300000000192,2.7063000000001924,1,1,1,0,3.406300000000192,21.11999999999989,53.05000000000018,0.45730442978322594,34.289999999999964,0.13648293963255456,10.449999999999818,19.519499999999972,0.092,-1.0,,,13,0,11.0,2025
2025-11-04 13:00:00+00:00|1.0|calendar_drop_friday_h13_tp06_sl065,2025-11-04 13:00:00+00:00,STAGE28A,data/reports/stage28a_discovery_factory_batch_runner/stage28a_exact_trades.csv,calendar_time_risk_proxy_v1,calendar_drop_friday_h13_tp06_sl065,3.7312000000000807,2.681200000000081,1.981200000000081,1,1,1,0,2.681200000000081,68.20000000000027,30.5,0.3872131147540966,33.81999999999971,0.24837374334712325,11.489999999999782,15.157500000000004,0.008,1.0,,,13,1,11.0,2025
2025-11-05 13:00:00+00:00|1.0|calendar_drop_friday_h13_tp06_sl065,2025-11-05 13:00:00+00:00,STAGE28A,data/reports/stage28a_discovery_factory_batch_runner/stage28a_exact_trades.csv,calendar_time_risk_proxy_v1,calendar_drop_friday_h13_tp06_sl065,4.084000000000197,3.0340000000001965,2.334000000000197,1,1,1,0,3.0340000000001965,77.37999999999965,44.4399999999996,0.800405040504051,31.25,0.18431999999999243,15.75,15.218499999999972,0.024,1.0,,,13,2,11.0,2025
2025-11-06 13:00:00+00:00|1.0|calendar_drop_friday_h13_tp06_sl065,2025-11-06 13:00:00+00:00,STAGE28A,data/reports/stage28a_discovery_factory_batch_runner/stage28a_exact_trades.csv,calendar_time_risk_proxy_v1,calendar_drop_friday_h13_tp06_sl065,2.8762000000000625,1.8262000000000629,1.126200000000063,1,1,1,0,1.8262000000000629,61.58999999999969,25.949999999999818,0.5865125240847748,34.51999999999998,0.571552723059097,7.070000000000164,10.239000000000033,0.004,1.0,,,13,3,11.0,2025
2025-11-07 23:45:00+00:00|1.0|calendar_drop_friday_h13_tp06_sl065,2025-11-07 23:45:00+00:00,STAGE28A,data/reports/stage28a_discovery_factory_batch_runner/stage28a_exact_trades.csv,calendar_time_risk_proxy_v1,calendar_drop_friday_h13_tp06_sl065,-0.35,-1.4,-2.1,0,0,0,0,1.4,54.86000000000013,29.389999999999873,0.31813542021095437,22.179999999999836,0.42605951307483714,13.090000000000146,13.583499999999981,0.188,1.0,,,13,4,11.0,2025
2025-11-10 13:00:00+00:00|1.0|calendar_drop_friday_h13_tp06_sl065,2025-11-10 13:00:00+00:00,STAGE28A,data/reports/stage28a_discovery_factory_batch_runner/stage28a_exact_trades.csv,calendar_time_risk_proxy_v1,calendar_drop_friday_h13_tp06_sl065,3.4918000000001483,2.4418000000001485,1.7418000000001488,1,1,1,0,2.4418000000001485,14.260000000000218,58.99000000000024,0.7174097304627902,35.89000000000033,0.7419894120925011,7.380000000000109,13.820500000000015,0.22,1.0,,,13,0,11.0,2025
2025-11-11 13:00:00+00:00|-1.0|calendar_drop_friday_h13_tp06_sl065,2025-11-11 13:00:00+00:00,STAGE28A,data/reports/stage28a_discovery_factory_batch_runner/stage28a_exact_trades.csv,calendar_time_risk_proxy_v1,calendar_drop_friday_h13_tp06_sl065,-3.971474999999919,-5.021474999999919,-5.721474999999918,0,0,0,1,5.021474999999919,122.17999999999984,33.89000000000033,0.6878135143110113,21.980000000000473,0.06505914467699091,7.1599999999998545,11.308499999999913,0.056,-1.0,,,13,1,11.0,2025
2025-11-12 13:00:00+00:00|1.0|calendar_drop_friday_h13_tp06_sl065,2025-11-12 13:00:00+00:00,STAGE28A,data/reports/stage28a_discovery_factory_batch_runner/stage28a_exact_trades.csv,calendar_time_risk_proxy_v1,calendar_drop_friday_h13_tp06_sl065,-4.965324999999757,-6.015324999999757,-6.715324999999757,0,0,0,1,6.015324999999757,51.600000000000364,41.720000000000255,0.7739693192713271,34.56999999999971,0.5001446340757915,10.8100000000004,13.348500000000058,0.352,1.0,,,13,2,11.0,2025
2025-11-13 13:00:00+00:00|1.0|calendar_drop_friday_h13_tp06_sl065,2025-11-13 13:00:00+00:00,STAGE28A,data/reports/stage28a_discovery_factory_batch_runner/stage28a_exact_trades.csv,calendar_time_risk_proxy_v1,calendar_drop_friday_h13_tp06_sl065,-5.443399999999746,-6.493399999999747,-7.193399999999746,0,0,0,1,6.493399999999747,112.90999999999985,39.74000000000069,0.4574735782586579,37.099999999999454,0.4256064690027007,18.549999999999272,18.722999999999956,0.772,1.0,,,13,3,11.0,2025
2025-11-14 23:45:00+00:00|1.0|calendar_drop_friday_h13_tp06_sl065,2025-11-14 23:45:00+00:00,STAGE28A,data/reports/stage28a_discovery_factory_batch_runner/stage28a_exact_trades.csv,calendar_time_risk_proxy_v1,calendar_drop_friday_h13_tp06_sl065,-0.35,-1.4,-2.1,0,0,0,0,1.4,100.11999999999989,41.19999999999982,0.4191747572815438,44.849999999999454,0.7906354515050271,17.019999999999982,24.93699999999992,1.0,1.0,,,13,4,11.0,2025
2025-11-17 13:00:00+00:00|1.0|calendar_drop_friday_h13_tp06_sl065,2025-11-17 13:00:00+00:00,STAGE28A,data/reports/stage28a_discovery_factory_batch_runner/stage28a_exact_trades.csv,calendar_time_risk_proxy_v1,calendar_drop_friday_h13_tp06_sl065,-5.753449999999793,-6.803449999999794,-7.503449999999793,0,0,0,1,6.803449999999794,32.4699999999998,36.690000000000055,0.48460070863996113,46.059999999999945,0.18019973947025048,21.769999999999982,19.9484999999999,0.856,1.0,,,13,0,11.0,2025
2025-11-18 13:00:00+00:00|1.0|calendar_drop_friday_h13_tp06_sl065,2025-11-18 13:00:00+00:00,STAGE28A,data/reports/stage28a_discovery_factory_batch_runner/stage28a_exact_trades.csv,calendar_time_risk_proxy_v1,calendar_drop_friday_h13_tp06_sl065,-6.149625000000105,-7.199625000000106,-7.899625000000105,0,0,0,1,7.199625000000106,99.80999999999995,50.38999999999987,0.5225243103790433,52.279999999999745,0.644988523335883,12.899999999999636,20.05499999999997,0.8,1.0,,,13,1,11.0,2025
2025-11-19 13:00:00+00:00|1.0|calendar_drop_friday_h13_tp06_sl065,2025-11-19 13:00:00+00:00,STAGE28A,data/reports/stage28a_discovery_factory_batch_runner/stage28a_exact_trades.csv,calendar_time_risk_proxy_v1,calendar_drop_friday_h13_tp06_sl065,4.422699999999532,3.3726999999995315,2.672699999999532,1,1,1,0,3.3726999999995315,84.03999999999996,24.850000000000364,0.06156941649900111,44.95000000000027,0.7506117908787447,11.990000000000691,15.576000000000112,0.516,1.0,,,13,2,11.0,2025
2025-11-20 13:00:00+00:00|-1.0|calendar_drop_friday_h13_tp06_sl065,2025-11-20 13:00:00+00:00,STAGE28A,data/reports/stage28a_discovery_factory_batch_runner/stage28a_exact_trades.csv,calendar_time_risk_proxy_v1,calendar_drop_friday_h13_tp06_sl065,-7.42102500000019,-8.471025000000191,-9.17102500000019,0,0,0,1,8.471025000000191,76.84000000000015,69.11999999999944,0.4225983796296336,39.01000000000022,0.403229941040757,9.940000000000055,21.13399999999997,0.876,-1.0,,,13,3,11.0,2025
2025-11-21 23:45:00+00:00|1.0|calendar_drop_friday_h13_tp06_sl065,2025-11-21 23:45:00+00:00,STAGE28A,data/reports/stage28a_discovery_factory_batch_runner/stage28a_exact_trades.csv,calendar_time_risk_proxy_v1,calendar_drop_friday_h13_tp06_sl065,-0.35,-1.4,-2.1,0,0,0,0,1.4,71.87999999999965,40.929999999999836,0.6594185194234031,42.33000000000038,0.3534136546184716,33.61000000000013,21.756500000000027,0.88,1.0,,,13,4,11.0,2025
2025-11-24 13:00:00+00:00|1.0|calendar_drop_friday_h13_tp06_sl065,2025-11-24 13:00:00+00:00,STAGE28A,data/reports/stage28a_discovery_factory_batch_runner/stage28a_exact_trades.csv,calendar_time_risk_proxy_v1,calendar_drop_friday_h13_tp06_sl065,3.733900000000085,2.683900000000085,1.9839000000000853,1,1,1,0,2.683900000000085,12.110000000000127,37.090000000000146,0.8398490159072518,37.44999999999982,0.5321762349799837,13.58999999999969,16.62750000000001,0.32,1.0,,,13,0,11.0,2025
2025-11-25 13:00:00+00:00|-1.0|calendar_drop_friday_h13_tp06_sl065,2025-11-25 13:00:00+00:00,STAGE28A,data/reports/stage28a_discovery_factory_batch_runner/stage28a_exact_trades.csv,calendar_time_risk_proxy_v1,calendar_drop_friday_h13_tp06_sl065,4.771299999999792,3.721299999999792,3.0212999999997923,1,1,1,0,3.721299999999792,104.51000000000022,33.219999999999345,0.08940397350991583,43.210000000000036,0.21939365887525006,11.259999999999309,15.99549999999997,0.284,-1.0,,,13,1,11.0,2025
2025-11-26 13:00:00+00:00|1.0|calendar_drop_friday_h13_tp06_sl065,2025-11-26 13:00:00+00:00,STAGE28A,data/reports/stage28a_discovery_factory_batch_runner/stage28a_exact_trades.csv,calendar_time_risk_proxy_v1,calendar_drop_friday_h13_tp06_sl065,3.3655000000002477,2.3155000000002475,1.6155000000002475,1,1,1,0,2.3155000000002475,50.42999999999938,39.88000000000011,0.7096288866599826,21.81999999999971,0.08340971585699969,9.090000000000146,12.598499999999785,0.012,1.0,,,13,2,11.0,2025
2025-11-27 13:00:00+00:00|1.0|calendar_drop_friday_h13_tp06_sl065,2025-11-27 13:00:00+00:00,STAGE28A,data/reports/stage28a_discovery_factory_batch_runner/stage28a_exact_trades.csv,calendar_time_risk_proxy_v1,calendar_drop_friday_h13_tp06_sl065,2.496700000000055,1.4467000000000554,0.7467000000000557,1,1,1,0,1.4467000000000554,43.900000000000546,25.909999999999854,0.5461211887302441,22.269999999999527,0.26178715761113835,8.109999999999673,9.91649999999986,0.004,1.0,,,13,3,11.0,2025
2025-11-28 21:30:00+00:00|1.0|calendar_drop_friday_h13_tp06_sl065,2025-11-28 21:30:00+00:00,STAGE28A,data/reports/stage28a_discovery_factory_batch_runner/stage28a_exact_trades.csv,calendar_time_risk_proxy_v1,calendar_drop_friday_h13_tp06_sl065,-0.35,-1.4,-2.1,0,0,0,0,1.4,25.909999999999854,34.81999999999971,0.7268811028144659,34.909999999999854,0.7023775422514933,14.969999999999345,13.702499999999963,0.216,1.0,,,13,4,11.0,2025
2025-12-01 13:00:00+00:00|1.0|calendar_drop_friday_h13_tp06_sl065,2025-12-01 13:00:00+00:00,STAGE28A,data/reports/stage28a_discovery_factory_batch_runner/stage28a_exact_trades.csv,calendar_time_risk_proxy_v1,calendar_drop_friday_h13_tp06_sl065,3.4306000000000494,2.3806000000000496,1.6806000000000498,1,1,1,0,2.3806000000000496,24.699999999999818,50.460000000000036,0.4783987316686546,46.55000000000018,0.2212674543501446,13.3100000000004,17.146500000000106,0.476,1.0,,,13,0,12.0,2025
2025-12-02 13:00:00+00:00|-1.0|calendar_drop_friday_h13_tp06_sl065,2025-12-02 13:00:00+00:00,STAGE28A,data/reports/stage28a_discovery_factory_batch_runner/stage28a_exact_trades.csv,calendar_time_risk_proxy_v1,calendar_drop_friday_h13_tp06_sl065,-5.297799999999915,-6.347799999999916,-7.047799999999915,0,0,0,1,6.347799999999916,58.76000000000022,36.529999999999745,0.24035039693404642,44.98999999999978,0.7317181595910254,9.960000000000036,13.937500000000046,0.248,-1.0,,,13,1,12.0,2025
2025-12-03 13:00:00+00:00|-1.0|calendar_drop_friday_h13_tp06_sl065,2025-12-03 13:00:00+00:00,STAGE28A,data/reports/stage28a_discovery_factory_batch_runner/stage28a_exact_trades.csv,calendar_time_risk_proxy_v1,calendar_drop_friday_h13_tp06_sl065,-3.6529749999996057,-4.702974999999606,-5.402974999999605,0,0,0,1,4.702974999999606,72.11999999999989,26.11999999999989,0.3575803981623348,29.220000000000255,0.7488021902806269,10.140000000000327,13.567500000000063,0.224,-1.0,,,13,2,12.0,2025
2025-12-04 13:00:00+00:00|1.0|calendar_drop_friday_h13_tp06_sl065,2025-12-04 13:00:00+00:00,STAGE28A,data/reports/stage28a_discovery_factory_batch_runner/stage28a_exact_trades.csv,calendar_time_risk_proxy_v1,calendar_drop_friday_h13_tp06_sl065,-3.989350000000377,-5.039350000000377,-5.7393500000003765,0,0,0,1,5.039350000000377,46.89000000000033,29.470000000000255,0.34747200542923967,27.340000000000146,0.009509875640095717,6.0,13.181500000000005,0.212,1.0,,,13,3,12.0,2025
2025-12-05 23:45:00+00:00|1.0|calendar_drop_friday_h13_tp06_sl065,2025-12-05 23:45:00+00:00,STAGE28A,data/reports/stage28a_discovery_factory_batch_runner/stage28a_exact_trades.csv,calendar_time_risk_proxy_v1,calendar_drop_friday_h13_tp06_sl065,-0.35,-1.4,-2.1,0,0,0,0,1.4,44.17000000000007,22.579999999999927,0.47387068201952004,16.470000000000255,0.37279902853674757,8.4399999999996,12.357500000000254,0.288,1.0,,,13,4,12.0,2025
2025-12-08 13:00:00+00:00|-1.0|calendar_drop_friday_h13_tp06_sl065,2025-12-08 13:00:00+00:00,STAGE28A,data/reports/stage28a_discovery_factory_batch_runner/stage28a_exact_trades.csv,calendar_time_risk_proxy_v1,calendar_drop_friday_h13_tp06_sl065,2.7103000000000974,1.6603000000000976,0.960300000000098,1,1,1,0,1.6603000000000976,15.210000000000036,19.06999999999971,0.39066596748819776,17.710000000000036,0.29587803500850823,9.029999999999745,12.737000000000126,0.344,-1.0,,,13,0,12.0,2025
2025-12-09 13:00:00+00:00|1.0|calendar_drop_friday_h13_tp06_sl065,2025-12-09 13:00:00+00:00,STAGE28A,data/reports/stage28a_discovery_factory_batch_runner/stage28a_exact_trades.csv,calendar_time_risk_proxy_v1,calendar_drop_friday_h13_tp06_sl065,2.9196999999998297,1.8696999999998296,1.16969999999983,1,1,1,0,1.8696999999998296,42.48999999999978,14.079999999999927,0.5589488636363588,42.75,0.39836257309940926,7.0900000000001455,10.495999999999867,0.144,1.0,,,13,1,12.0,2025
2025-12-10 13:00:00+00:00|-1.0|calendar_drop_friday_h13_tp06_sl065,2025-12-10 13:00:00+00:00,STAGE28A,data/reports/stage28a_discovery_factory_batch_runner/stage28a_exact_trades.csv,calendar_time_risk_proxy_v1,calendar_drop_friday_h13_tp06_sl065,2.232999999999629,1.182999999999629,0.4829999999996293,1,1,1,0,1.182999999999629,51.150000000000546,15.0,0.25533333333332847,26.73999999999978,0.5145848915482547,8.529999999999745,9.297500000000037,0.1,-1.0,,,13,2,12.0,2025
2025-12-11 13:00:00+00:00|1.0|calendar_drop_friday_h13_tp06_sl065,2025-12-11 13:00:00+00:00,STAGE28A,data/reports/stage28a_discovery_factory_batch_runner/stage28a_exact_trades.csv,calendar_time_risk_proxy_v1,calendar_drop_friday_h13_tp06_sl065,2.582799999999588,1.5327999999995885,0.8327999999995885,1,1,1,0,1.5327999999995885,56.650000000000546,39.13999999999942,0.4757281553398101,21.590000000000146,0.1491431218156662,14.139999999999418,13.8099999999999,0.668,1.0,,,13,3,12.0,2025
2025-12-12 23:45:00+00:00|1.0|calendar_drop_friday_h13_tp06_sl065,2025-12-12 23:45:00+00:00,STAGE28A,data/reports/stage28a_discovery_factory_batch_runner/stage28a_exact_trades.csv,calendar_time_risk_proxy_v1,calendar_drop_friday_h13_tp06_sl065,-0.35,-1.4,-2.1,0,0,0,0,1.4,81.61000000000058,18.800000000000182,0.5281914893616642,64.73999999999978,0.9800741427247597,14.3100000000004,17.766499999999997,0.984,1.0,,,13,4,12.0,2025
2025-12-15 13:00:00+00:00|1.0|calendar_drop_friday_h13_tp06_sl065,2025-12-15 13:00:00+00:00,STAGE28A,data/reports/stage28a_discovery_factory_batch_runner/stage28a_exact_trades.csv,calendar_time_risk_proxy_v1,calendar_drop_friday_h13_tp06_sl065,2.492800000000352,1.4428000000003522,0.7428000000003525,1,1,1,0,1.4428000000003522,13.710000000000036,35.11000000000058,0.6693249786385534,25.270000000000437,0.5385833003561673,10.5,13.16550000000002,0.452,1.0,,,13,0,12.0,2025
2025-12-16 13:00:00+00:00|-1.0|calendar_drop_friday_h13_tp06_sl065,2025-12-16 13:00:00+00:00,STAGE28A,data/reports/stage28a_discovery_factory_batch_runner/stage28a_exact_trades.csv,calendar_time_risk_proxy_v1,calendar_drop_friday_h13_tp06_sl065,-4.040375000000131,-5.090375000000131,-5.790375000000131,0,0,0,1,5.090375000000131,64.84000000000015,37.07000000000062,0.4086862692203772,20.51000000000022,0.5724037055094908,9.199999999999818,13.560000000000173,0.568,-1.0,,,13,1,12.0,2025
2025-12-17 13:00:00+00:00|-1.0|calendar_drop_friday_h13_tp06_sl065,2025-12-17 13:00:00+00:00,STAGE28A,data/reports/stage28a_discovery_factory_batch_runner/stage28a_exact_trades.csv,calendar_time_risk_proxy_v1,calendar_drop_friday_h13_tp06_sl065,-4.318899999999848,-5.368899999999849,-6.068899999999848,0,0,0,1,5.368899999999849,63.220000000000255,29.93000000000029,0.7327096558636541,35.470000000000255,0.33718635466591346,15.420000000000073,13.417500000000109,0.552,-1.0,,,13,2,12.0,2025
2025-12-18 13:00:00+00:00|-1.0|calendar_drop_friday_h13_tp06_sl065,2025-12-18 13:00:00+00:00,STAGE28A,data/reports/stage28a_discovery_factory_batch_runner/stage28a_exact_trades.csv,calendar_time_risk_proxy_v1,calendar_drop_friday_h13_tp06_sl065,2.135200000000077,1.0852000000000772,0.3852000000000775,1,1,1,0,1.0852000000000772,47.26000000000022,18.51000000000022,0.390059427336584,16.73999999999978,0.3912783751493045,5.690000000000509,10.159999999999991,0.116,-1.0,,,13,3,12.0,2025
2025-12-19 23:45:00+00:00|1.0|calendar_drop_friday_h13_tp06_sl065,2025-12-19 23:45:00+00:00,STAGE28A,data/reports/stage28a_discovery_factory_batch_runner/stage28a_exact_trades.csv,calendar_time_risk_proxy_v1,calendar_drop_friday_h13_tp06_sl065,-0.35,-1.4,-2.1,0,0,0,0,1.4,65.72000000000025,27.599999999999454,0.44818840579710634,15.989999999999782,0.3089430894308735,9.55999999999949,10.482499999999982,0.136,1.0,,,13,4,12.0,2025
2025-12-22 13:00:00+00:00|1.0|calendar_drop_friday_h13_tp06_sl065,2025-12-22 13:00:00+00:00,STAGE28A,data/reports/stage28a_discovery_factory_batch_runner/stage28a_exact_trades.csv,calendar_time_risk_proxy_v1,calendar_drop_friday_h13_tp06_sl065,2.8167999999999664,1.7667999999999666,1.0667999999999669,1,1,1,0,1.7667999999999666,18.1200000000008,62.840000000000146,0.6877784850413774,23.599999999999454,0.4338983050847851,9.609999999999673,11.659000000000015,0.336,1.0,,,13,0,12.0,2025
2025-12-23 13:00:00+00:00|-1.0|calendar_drop_friday_h13_tp06_sl065,2025-12-23 13:00:00+00:00,STAGE28A,data/reports/stage28a_discovery_factory_batch_runner/stage28a_exact_trades.csv,calendar_time_risk_proxy_v1,calendar_drop_friday_h13_tp06_sl065,-3.56717499999977,-4.61717499999977,-5.31717499999977,0,0,0,1,4.61717499999977,122.74000000000069,52.289999999999964,0.42991011665709655,23.69000000000051,0.08104685521313305,7.970000000000255,12.317999999999984,0.404,-1.0,,,13,1,12.0,2025
2025-12-24 13:00:00+00:00|-1.0|calendar_drop_friday_h13_tp06_sl065,2025-12-24 13:00:00+00:00,STAGE28A,data/reports/stage28a_discovery_factory_batch_runner/stage28a_exact_trades.csv,calendar_time_risk_proxy_v1,calendar_drop_friday_h13_tp06_sl065,3.773199999999997,2.723199999999997,2.023199999999997,1,1,1,0,2.723199999999997,75.19000000000051,54.51000000000022,0.07228031553842569,22.300000000000182,0.43094170403585624,17.61999999999989,17.785499999999956,0.936,-1.0,,,13,2,12.0,2025
2025-12-24 19:45:00+00:00|1.0|calendar_drop_friday_h13_tp06_sl065,2025-12-24 19:45:00+00:00,STAGE28A,data/reports/stage28a_discovery_factory_batch_runner/stage28a_exact_trades.csv,calendar_time_risk_proxy_v1,calendar_drop_friday_h13_tp06_sl065,-0.35,-1.4,-2.1,0,0,0,0,1.4,75.19000000000051,54.51000000000022,0.07228031553842569,22.300000000000182,0.43094170403585624,22.11999999999989,18.722999999999956,0.976,1.0,,,13,2,12.0,2025
2025-12-26 23:45:00+00:00|1.0|calendar_drop_friday_h13_tp06_sl065,2025-12-26 23:45:00+00:00,STAGE28A,data/reports/stage28a_discovery_factory_batch_runner/stage28a_exact_trades.csv,calendar_time_risk_proxy_v1,calendar_drop_friday_h13_tp06_sl065,-0.35,-1.4,-2.1,0,0,0,0,1.4,30.289999999999964,61.48999999999978,0.22767929744674012,17.50999999999931,0.311250713877786,13.590000000000146,16.057999999999993,0.768,1.0,,,13,4,12.0,2025
2025-12-29 13:00:00+00:00|-1.0|calendar_drop_friday_h13_tp06_sl065,2025-12-29 13:00:00+00:00,STAGE28A,data/reports/stage28a_discovery_factory_batch_runner/stage28a_exact_trades.csv,calendar_time_risk_proxy_v1,calendar_drop_friday_h13_tp06_sl065,-7.8006250000004,-8.8506250000004,-9.5506250000004,0,0,0,1,8.8506250000004,26.170000000000073,76.92000000000007,0.15665626625065224,71.97000000000025,0.7582325969153874,17.44000000000051,24.355500000000074,0.988,-1.0,,,13,0,12.0,2025
2025-12-30 13:00:00+00:00|1.0|calendar_drop_friday_h13_tp06_sl065,2025-12-30 13:00:00+00:00,STAGE28A,data/reports/stage28a_discovery_factory_batch_runner/stage28a_exact_trades.csv,calendar_time_risk_proxy_v1,calendar_drop_friday_h13_tp06_sl065,5.162799999999516,4.112799999999515,3.412799999999516,1,1,1,0,4.112799999999515,246.52999999999975,45.98999999999978,0.38704066101326956,41.36000000000058,0.5118471953578282,23.890000000000327,20.83650000000016,0.868,1.0,,,13,1,12.0,2025
2025-12-31 13:00:00+00:00|-1.0|calendar_drop_friday_h13_tp06_sl065,2025-12-31 13:00:00+00:00,STAGE28A,data/reports/stage28a_discovery_factory_batch_runner/stage28a_exact_trades.csv,calendar_time_risk_proxy_v1,calendar_drop_friday_h13_tp06_sl065,6.081099999999788,5.031099999999787,4.331099999999788,1,1,1,0,5.031099999999787,80.57999999999993,44.35999999999967,0.13841298467086255,68.73999999999978,0.3840558626709299,27.550000000000182,25.217499999999973,0.92,-1.0,,,13,2,12.0,2025
2025-12-31 22:45:00+00:00|1.0|calendar_drop_friday_h13_tp06_sl065,2025-12-31 22:45:00+00:00,STAGE28A,data/reports/stage28a_discovery_factory_batch_runner/stage28a_exact_trades.csv,calendar_time_risk_proxy_v1,calendar_drop_friday_h13_tp06_sl065,4.824399999999878,3.774399999999878,3.074399999999878,1,1,1,0,3.774399999999878,80.57999999999993,44.35999999999967,0.13841298467086255,68.73999999999978,0.3840558626709299,15.100000000000364,25.212999999999965,0.892,1.0,,,13,2,12.0,2025
2026-01-02 23:45:00+00:00|1.0|calendar_drop_friday_h13_tp06_sl065,2026-01-02 23:45:00+00:00,STAGE28A,data/reports/stage28a_discovery_factory_batch_runner/stage28a_exact_trades.csv,calendar_time_risk_proxy_v1,calendar_drop_friday_h13_tp06_sl065,-0.35,-1.4,-2.1,0,0,0,0,1.4,26.88000000000011,54.08000000000084,0.4567307692307588,27.51000000000022,0.8269720101781105,14.140000000000327,15.15600000000004,0.42,1.0,,,13,4,1.0,2026
2026-01-05 13:00:00+00:00|1.0|calendar_drop_friday_h13_tp06_sl065,2026-01-05 13:00:00+00:00,STAGE28A,data/reports/stage28a_discovery_factory_batch_runner/stage28a_exact_trades.csv,calendar_time_risk_proxy_v1,calendar_drop_friday_h13_tp06_sl065,-4.229525000000285,-5.279525000000286,-5.979525000000285,0,0,0,1,5.279525000000286,30.640000000000327,74.94000000000051,0.425540432345866,38.8100000000004,0.8294254058232226,9.029999999999745,16.90100000000002,0.484,1.0,,,13,0,1.0,2026
2026-01-06 13:00:00+00:00|-1.0|calendar_drop_friday_h13_tp06_sl065,2026-01-06 13:00:00+00:00,STAGE28A,data/reports/stage28a_discovery_factory_batch_runner/stage28a_exact_trades.csv,calendar_time_risk_proxy_v1,calendar_drop_friday_h13_tp06_sl065,-4.887325000000237,-5.9373250000002376,-6.637325000000237,0,0,0,1,5.9373250000002376,110.64000000000033,40.539999999999964,0.6625555007400024,32.960000000000036,0.46450242718447765,13.220000000000255,15.324999999999955,0.312,-1.0,,,13,1,1.0,2026
2026-01-07 13:00:00+00:00|-1.0|calendar_drop_friday_h13_tp06_sl065,2026-01-07 13:00:00+00:00,STAGE28A,data/reports/stage28a_discovery_factory_batch_runner/stage28a_exact_trades.csv,calendar_time_risk_proxy_v1,calendar_drop_friday_h13_tp06_sl065,3.720099999999911,2.6700999999999118,1.970099999999912,1,1,1,0,2.6700999999999118,69.30999999999949,40.720000000000255,0.7094793713163101,33.11999999999989,0.011171497584537804,8.900000000000546,15.482000000000061,0.284,-1.0,,,13,2,1.0,2026
2026-01-08 13:00:00+00:00|1.0|calendar_drop_friday_h13_tp06_sl065,2026-01-08 13:00:00+00:00,STAGE28A,data/reports/stage28a_discovery_factory_batch_runner/stage28a_exact_trades.csv,calendar_time_risk_proxy_v1,calendar_drop_friday_h13_tp06_sl065,3.7765000000003055,2.7265000000003057,2.026500000000306,1,1,1,0,2.7265000000003057,76.98000000000047,36.0,0.8824999999999869,24.0,0.07875000000001364,11.590000000000146,14.72700000000009,0.084,1.0,,,13,3,1.0,2026
2026-01-09 23:45:00+00:00|1.0|calendar_drop_friday_h13_tp06_sl065,2026-01-09 23:45:00+00:00,STAGE28A,data/reports/stage28a_discovery_factory_batch_runner/stage28a_exact_trades.csv,calendar_time_risk_proxy_v1,calendar_drop_friday_h13_tp06_sl065,-0.35,-1.4,-2.1,0,0,0,0,1.4,71.64000000000033,31.079999999999927,0.352960102960112,19.199999999999818,0.4234375000000097,11.5,14.717500000000063,0.084,1.0,,,13,4,1.0,2026
2026-01-12 13:00:00+00:00|1.0|calendar_drop_friday_h13_tp06_sl065,2026-01-12 13:00:00+00:00,STAGE28A,data/reports/stage28a_discovery_factory_batch_runner/stage28a_exact_trades.csv,calendar_time_risk_proxy_v1,calendar_drop_friday_h13_tp06_sl065,-4.605549999999857,-5.655549999999858,-6.355549999999857,0,0,0,1,5.655549999999858,31.800000000000182,87.85999999999967,0.32540405190075405,33.039999999999964,0.7760290556900559,9.340000000000146,21.8,0.764,1.0,,,13,0,1.0,2026
2026-01-13 13:00:00+00:00|-1.0|calendar_drop_friday_h13_tp06_sl065,2026-01-13 13:00:00+00:00,STAGE28A,data/reports/stage28a_discovery_factory_batch_runner/stage28a_exact_trades.csv,calendar_time_risk_proxy_v1,calendar_drop_friday_h13_tp06_sl065,-4.6601500000002485,-5.710150000000249,-6.4101500000002485,0,0,0,1,5.710150000000249,116.96000000000004,32.23000000000047,0.0896680111697265,28.42999999999938,0.3496306718255619,7.829999999999927,15.20250000000001,0.184,-1.0,,,13,1,1.0,2026
2026-01-14 13:00:00+00:00|1.0|calendar_drop_friday_h13_tp06_sl065,2026-01-14 13:00:00+00:00,STAGE28A,data/reports/stage28a_discovery_factory_batch_runner/stage28a_exact_trades.csv,calendar_time_risk_proxy_v1,calendar_drop_friday_h13_tp06_sl065,-4.402749999999832,-5.452749999999833,-6.152749999999832,0,0,0,1,5.452749999999833,64.76999999999953,42.88000000000011,0.705457089552237,21.579999999999927,0.15848007414272866,10.30999999999949,16.248499999999968,0.396,1.0,,,13,2,1.0,2026
2026-01-15 13:00:00+00:00|1.0|calendar_drop_friday_h13_tp06_sl065,2026-01-15 13:00:00+00:00,STAGE28A,data/reports/stage28a_discovery_factory_batch_runner/stage28a_exact_trades.csv,calendar_time_risk_proxy_v1,calendar_drop_friday_h13_tp06_sl065,3.132700000000477,2.0827000000004774,1.3827000000004777,1,1,1,0,2.0827000000004774,55.220000000000255,51.470000000000255,0.4453079463765292,39.04999999999927,0.7062740076824697,10.829999999999927,16.995000000000026,0.56,1.0,,,13,3,1.0,2026
2026-01-16 23:45:00+00:00|1.0|calendar_drop_friday_h13_tp06_sl065,2026-01-16 23:45:00+00:00,STAGE28A,data/reports/stage28a_discovery_factory_batch_runner/stage28a_exact_trades.csv,calendar_time_risk_proxy_v1,calendar_drop_friday_h13_tp06_sl065,-0.35,-1.4,-2.1,0,0,0,0,1.4,51.470000000000255,29.23999999999978,0.3081395348837307,21.81999999999971,0.04353803849678418,14.900000000000546,18.534500000000072,0.868,1.0,,,13,4,1.0,2026
2026-01-19 13:00:00+00:00|1.0|calendar_drop_friday_h13_tp06_sl065,2026-01-19 13:00:00+00:00,STAGE28A,data/reports/stage28a_discovery_factory_batch_runner/stage28a_exact_trades.csv,calendar_time_risk_proxy_v1,calendar_drop_friday_h13_tp06_sl065,-4.192150000000401,-5.242150000000402,-5.942150000000401,0,0,0,1,5.242150000000402,70.75,70.75,0.13371024734982384,17.730000000000473,0.0383530738860842,9.960000000000036,20.762000000000036,0.876,1.0,,,13,0,1.0,2026
2026-01-20 13:00:00+00:00|1.0|calendar_drop_friday_h13_tp06_sl065,2026-01-20 13:00:00+00:00,STAGE28A,data/reports/stage28a_discovery_factory_batch_runner/stage28a_exact_trades.csv,calendar_time_risk_proxy_v1,calendar_drop_friday_h13_tp06_sl065,-4.814200000000346,-5.864200000000347,-6.564200000000346,0,0,0,1,5.864200000000347,70.75,37.38999999999942,0.7983418026210438,43.05000000000018,0.726596980255529,11.769999999999527,11.975499999999874,0.068,1.0,,,13,1,1.0,2026
2026-01-21 13:00:00+00:00|-1.0|calendar_drop_friday_h13_tp06_sl065,2026-01-21 13:00:00+00:00,STAGE28A,data/reports/stage28a_discovery_factory_batch_runner/stage28a_exact_trades.csv,calendar_time_risk_proxy_v1,calendar_drop_friday_h13_tp06_sl065,6.82240000000038,5.7724000000003794,5.07240000000038,1,1,1,0,5.7724000000003794,117.38999999999942,112.94999999999982,0.7990261177512187,55.72999999999956,0.06728871343979956,7.260000000000218,22.390000000000008,0.892,-1.0,,,13,2,1.0,2026
2026-01-22 13:00:00+00:00|1.0|calendar_drop_friday_h13_tp06_sl065,2026-01-22 13:00:00+00:00,STAGE28A,data/reports/stage28a_discovery_factory_batch_runner/stage28a_exact_trades.csv,calendar_time_risk_proxy_v1,calendar_drop_friday_h13_tp06_sl065,3.972400000000016,2.922400000000016,2.2224000000000164,1,1,1,0,2.922400000000016,132.3699999999999,62.81999999999971,0.306431072906719,44.42000000000007,0.716343989194049,12.259999999999309,30.707500000000028,0.94,1.0,,,13,3,1.0,2026
2026-01-23 23:45:00+00:00|1.0|calendar_drop_friday_h13_tp06_sl065,2026-01-23 23:45:00+00:00,STAGE28A,data/reports/stage28a_discovery_factory_batch_runner/stage28a_exact_trades.csv,calendar_time_risk_proxy_v1,calendar_drop_friday_h13_tp06_sl065,-0.35,-1.4,-2.1,0,0,0,0,1.4,187.47999999999956,36.32999999999993,0.07349298100743402,67.39999999999964,0.3921364985163269,14.8100000000004,21.896499999999925,0.728,1.0,,,13,4,1.0,2026
2026-01-26 13:00:00+00:00|1.0|calendar_drop_friday_h13_tp06_sl065,2026-01-26 13:00:00+00:00,STAGE28A,data/reports/stage28a_discovery_factory_batch_runner/stage28a_exact_trades.csv,calendar_time_risk_proxy_v1,calendar_drop_friday_h13_tp06_sl065,-7.456125000000247,-8.506125000000248,-9.206125000000249,0,0,0,1,8.506125000000248,37.909999999999854,90.77999999999975,0.33718880810752,58.66999999999916,0.36475200272713226,16.4399999999996,25.635999999999967,0.88,1.0,,,13,0,1.0,2026
2026-01-27 13:00:00+00:00|1.0|calendar_drop_friday_h13_tp06_sl065,2026-01-27 13:00:00+00:00,STAGE28A,data/reports/stage28a_discovery_factory_batch_runner/stage28a_exact_trades.csv,calendar_time_risk_proxy_v1,calendar_drop_friday_h13_tp06_sl065,-6.362499999999818,-7.412499999999818,-8.112499999999818,0,0,0,1,7.412499999999818,120.89999999999964,66.71999999999935,0.3625599520383805,43.279999999999745,0.441543438077629,16.399999999999636,33.254499999999915,0.948,1.0,,,13,1,1.0,2026
2026-01-28 13:00:00+00:00|1.0|calendar_drop_friday_h13_tp06_sl065,2026-01-28 13:00:00+00:00,STAGE28A,data/reports/stage28a_discovery_factory_batch_runner/stage28a_exact_trades.csv,calendar_time_risk_proxy_v1,calendar_drop_friday_h13_tp06_sl065,8.051499999999942,7.001499999999941,6.301499999999942,1,1,1,0,7.001499999999941,177.47999999999956,91.47000000000025,0.8015742866513557,70.05000000000018,0.3504639543183327,16.449999999999818,28.926500000000125,0.84,1.0,,,13,2,1.0,2026
2026-01-29 13:00:00+00:00|-1.0|calendar_drop_friday_h13_tp06_sl065,2026-01-29 13:00:00+00:00,STAGE28A,data/reports/stage28a_discovery_factory_batch_runner/stage28a_exact_trades.csv,calendar_time_risk_proxy_v1,calendar_drop_friday_h13_tp06_sl065,13.499199999999655,12.449199999999657,11.749199999999655,1,1,1,0,12.449199999999657,367.5100000000002,177.09000000000015,0.2549551075724185,120.55000000000018,0.6137702198257957,42.60999999999967,58.37200000000003,1.0,-1.0,,,13,3,1.0,2026
2026-01-30 23:45:00+00:00|1.0|calendar_drop_friday_h13_tp06_sl065,2026-01-30 23:45:00+00:00,STAGE28A,data/reports/stage28a_discovery_factory_batch_runner/stage28a_exact_trades.csv,calendar_time_risk_proxy_v1,calendar_drop_friday_h13_tp06_sl065,-0.35,-1.4,-2.1,0,0,0,0,1.4,494.8599999999997,338.6199999999999,0.661360817435473,297.4300000000003,0.3163433412903878,122.4399999999996,110.78399999999992,1.0,1.0,,,13,4,1.0,2026
2026-02-02 13:00:00+00:00|1.0|calendar_drop_friday_h13_tp06_sl065,2026-02-02 13:00:00+00:00,STAGE28A,data/reports/stage28a_discovery_factory_batch_runner/stage28a_exact_trades.csv,calendar_time_risk_proxy_v1,calendar_drop_friday_h13_tp06_sl065,-37.09774999999954,-38.14774999999954,-38.84774999999954,0,0,0,1,38.14774999999954,168.01999999999953,300.52999999999975,0.20949655608425147,330.25,0.07887963663891047,76.39999999999964,133.36349999999976,0.992,1.0,,,13,0,2.0,2026
2026-02-03 13:00:00+00:00|1.0|calendar_drop_friday_h13_tp06_sl065,2026-02-03 13:00:00+00:00,STAGE28A,data/reports/stage28a_discovery_factory_batch_runner/stage28a_exact_trades.csv,calendar_time_risk_proxy_v1,calendar_drop_friday_h13_tp06_sl065,-14.74522500000021,-15.79522500000021,-16.49522500000021,0,0,0,1,15.79522500000021,481.1899999999996,189.4900000000007,0.18222597498548535,139.53999999999996,0.6661889064067655,27.98999999999978,66.50050000000006,0.728,1.0,,,13,1,2.0,2026
2026-02-04 13:00:00+00:00|-1.0|calendar_drop_friday_h13_tp06_sl065,2026-02-04 13:00:00+00:00,STAGE28A,data/reports/stage28a_discovery_factory_batch_runner/stage28a_exact_trades.csv,calendar_time_risk_proxy_v1,calendar_drop_friday_h13_tp06_sl065,-11.170225000000393,-12.220225000000392,-12.920225000000393,0,0,0,1,12.220225000000392,327.28999999999996,170.6200000000008,0.7802133395850385,50.0,0.6368000000000029,22.479999999999563,46.102499999999964,0.572,-1.0,,,13,2,2.0,2026
2026-02-05 13:00:00+00:00|-1.0|calendar_drop_friday_h13_tp06_sl065,2026-02-05 13:00:00+00:00,STAGE28A,data/reports/stage28a_discovery_factory_batch_runner/stage28a_exact_trades.csv,calendar_time_risk_proxy_v1,calendar_drop_friday_h13_tp06_sl065,15.326800000000183,14.276800000000184,13.576800000000183,1,1,1,0,14.276800000000184,239.94999999999982,234.41000000000076,0.6337613583038263,116.44999999999982,0.11592958351223719,38.779999999999745,60.45800000000004,0.704,-1.0,,,13,3,2.0,2026
2026-02-06 23:45:00+00:00|1.0|calendar_drop_friday_h13_tp06_sl065,2026-02-06 23:45:00+00:00,STAGE28A,data/reports/stage28a_discovery_factory_batch_runner/stage28a_exact_trades.csv,calendar_time_risk_proxy_v1,calendar_drop_friday_h13_tp06_sl065,-0.35,-1.4,-2.1,0,0,0,0,1.4,320.3100000000004,191.01000000000022,0.5794461022983098,95.03999999999996,0.6758207070707027,22.36999999999989,42.722999999999956,0.336,1.0,,,13,4,2.0,2026
2026-02-09 13:00:00+00:00|-1.0|calendar_drop_friday_h13_tp06_sl065,2026-02-09 13:00:00+00:00,STAGE28A,data/reports/stage28a_discovery_factory_batch_runner/stage28a_exact_trades.csv,calendar_time_risk_proxy_v1,calendar_drop_friday_h13_tp06_sl065,-10.338875000000009,-11.388875000000008,-12.088875000000009,0,0,0,1,11.388875000000008,81.67000000000007,81.67000000000007,0.2937431125260164,62.659999999999854,0.33482285349506097,32.469999999999345,35.83349999999996,0.272,-1.0,,,13,0,2.0,2026
2026-02-10 13:00:00+00:00|1.0|calendar_drop_friday_h13_tp06_sl065,2026-02-10 13:00:00+00:00,STAGE28A,data/reports/stage28a_discovery_factory_batch_runner/stage28a_exact_trades.csv,calendar_time_risk_proxy_v1,calendar_drop_friday_h13_tp06_sl065,-8.217274999999608,-9.267274999999607,-9.967274999999608,0,0,0,1,9.267274999999607,121.23000000000047,87.30999999999949,0.0027488260222276097,51.73999999999978,0.304020100502523,21.25,28.691499999999905,0.072,1.0,,,13,1,2.0,2026
2026-02-11 13:00:00+00:00|1.0|calendar_drop_friday_h13_tp06_sl065,2026-02-11 13:00:00+00:00,STAGE28A,data/reports/stage28a_discovery_factory_batch_runner/stage28a_exact_trades.csv,calendar_time_risk_proxy_v1,calendar_drop_friday_h13_tp06_sl065,-6.915324999999575,-7.965324999999575,-8.665324999999575,0,0,0,1,7.965324999999575,90.59999999999945,36.149999999999636,0.11009681881052595,57.410000000000764,0.814318063055206,38.44000000000051,22.60649999999996,0.004,1.0,,,13,2,2.0,2026
2026-02-12 13:00:00+00:00|1.0|calendar_drop_friday_h13_tp06_sl065,2026-02-12 13:00:00+00:00,STAGE28A,data/reports/stage28a_discovery_factory_batch_runner/stage28a_exact_trades.csv,calendar_time_risk_proxy_v1,calendar_drop_friday_h13_tp06_sl065,5.003500000000168,3.953500000000168,3.253500000000168,1,1,1,0,3.953500000000168,99.52999999999975,54.75999999999931,0.13951789627466077,33.48999999999978,0.22066288444312857,21.0,22.683999999999834,0.012,1.0,,,13,3,2.0,2026
2026-02-13 23:45:00+00:00|1.0|calendar_drop_friday_h13_tp06_sl065,2026-02-13 23:45:00+00:00,STAGE28A,data/reports/stage28a_discovery_factory_batch_runner/stage28a_exact_trades.csv,calendar_time_risk_proxy_v1,calendar_drop_friday_h13_tp06_sl065,-0.35,-1.4,-2.1,0,0,0,0,1.4,221.16999999999916,110.14999999999964,0.510939627780299,44.63000000000011,0.5969079094779152,12.61999999999989,29.988999999999987,0.188,1.0,,,13,4,2.0,2026
2026-02-16 13:00:00+00:00|1.0|calendar_drop_friday_h13_tp06_sl065,2026-02-16 13:00:00+00:00,STAGE28A,data/reports/stage28a_discovery_factory_batch_runner/stage28a_exact_trades.csv,calendar_time_risk_proxy_v1,calendar_drop_friday_h13_tp06_sl065,4.626400000000468,3.576400000000467,2.8764000000004675,1,1,1,0,3.576400000000467,39.280000000000655,77.38000000000011,0.561643835616438,50.88000000000011,0.5548349056603676,16.6899999999996,23.948999999999934,0.044,1.0,,,13,0,2.0,2026
2026-02-17 13:00:00+00:00|-1.0|calendar_drop_friday_h13_tp06_sl065,2026-02-17 13:00:00+00:00,STAGE28A,data/reports/stage28a_discovery_factory_batch_runner/stage28a_exact_trades.csv,calendar_time_risk_proxy_v1,calendar_drop_friday_h13_tp06_sl065,6.825400000000082,5.775400000000081,5.075400000000082,1,1,1,0,5.775400000000081,84.22000000000025,77.25,0.4779288025889977,91.84000000000015,0.4317290940766603,31.599999999999454,25.8724999999999,0.184,-1.0,,,13,1,2.0,2026
2026-02-18 13:00:00+00:00|-1.0|calendar_drop_friday_h13_tp06_sl065,2026-02-18 13:00:00+00:00,STAGE28A,data/reports/stage28a_discovery_factory_batch_runner/stage28a_exact_trades.csv,calendar_time_risk_proxy_v1,calendar_drop_friday_h13_tp06_sl065,3.955900000000293,2.9059000000002926,2.205900000000293,1,1,1,0,2.9059000000002926,157.21000000000004,86.19999999999982,0.8678654292343452,32.5,0.6058461538461415,14.720000000000255,20.17499999999991,0.04,-1.0,,,13,2,2.0,2026
2026-02-19 13:00:00+00:00|1.0|calendar_drop_friday_h13_tp06_sl065,2026-02-19 13:00:00+00:00,STAGE28A,data/reports/stage28a_discovery_factory_batch_runner/stage28a_exact_trades.csv,calendar_time_risk_proxy_v1,calendar_drop_friday_h13_tp06_sl065,-5.8659000000003285,-6.915900000000329,-7.615900000000328,0,0,0,1,6.915900000000329,156.84000000000015,28.07000000000062,0.2921268257926483,40.33000000000084,0.22737416315397677,14.44000000000051,16.48700000000008,0.004,1.0,,,13,3,2.0,2026
2026-02-20 23:45:00+00:00|1.0|calendar_drop_friday_h13_tp06_sl065,2026-02-20 23:45:00+00:00,STAGE28A,data/reports/stage28a_discovery_factory_batch_runner/stage28a_exact_trades.csv,calendar_time_risk_proxy_v1,calendar_drop_friday_h13_tp06_sl065,-0.35,-1.4,-2.1,0,0,0,0,1.4,61.32000000000062,32.899999999999636,0.36413373860181447,44.55999999999949,0.7773788150807858,20.17999999999938,22.526999999999862,0.312,1.0,,,13,4,2.0,2026
2026-02-23 13:00:00+00:00|-1.0|calendar_drop_friday_h13_tp06_sl065,2026-02-23 13:00:00+00:00,STAGE28A,data/reports/stage28a_discovery_factory_batch_runner/stage28a_exact_trades.csv,calendar_time_risk_proxy_v1,calendar_drop_friday_h13_tp06_sl065,-6.982274999999936,-8.032274999999936,-8.732274999999936,0,0,0,1,8.032274999999936,72.84000000000015,77.53999999999996,0.0517152437451549,40.94999999999982,0.05225885225883828,18.169999999999163,26.22649999999994,0.464,-1.0,,,13,0,2.0,2026
2026-02-24 13:00:00+00:00|1.0|calendar_drop_friday_h13_tp06_sl065,2026-02-24 13:00:00+00:00,STAGE28A,data/reports/stage28a_discovery_factory_batch_runner/stage28a_exact_trades.csv,calendar_time_risk_proxy_v1,calendar_drop_friday_h13_tp06_sl065,-6.407025000000067,-7.457025000000067,-8.157025000000067,0,0,0,1,7.457025000000067,139.01000000000022,104.50999999999931,0.6400344464644605,29.329999999999927,0.16365496079100558,17.82000000000062,23.55999999999999,0.372,1.0,,,13,1,2.0,2026
2026-02-25 13:00:00+00:00|1.0|calendar_drop_friday_h13_tp06_sl065,2026-02-25 13:00:00+00:00,STAGE28A,data/reports/stage28a_discovery_factory_batch_runner/stage28a_exact_trades.csv,calendar_time_risk_proxy_v1,calendar_drop_friday_h13_tp06_sl065,4.429599999999846,3.379599999999846,2.679599999999846,1,1,1,0,3.379599999999846,155.44999999999982,71.0,0.506197183098586,40.400000000000546,0.19306930693069496,25.0,22.19850000000006,0.336,1.0,,,13,2,2.0,2026
2026-02-26 13:00:00+00:00|-1.0|calendar_drop_friday_h13_tp06_sl065,2026-02-26 13:00:00+00:00,STAGE28A,data/reports/stage28a_discovery_factory_batch_runner/stage28a_exact_trades.csv,calendar_time_risk_proxy_v1,calendar_drop_friday_h13_tp06_sl065,4.752699999999459,3.7026999999994583,3.002699999999459,1,1,1,0,3.7026999999994583,94.65999999999985,43.400000000000546,0.6817972350230362,39.1899999999996,0.5435059964276703,24.050000000000182,21.468999999999916,0.332,-1.0,,,13,3,2.0,2026
2026-02-27 23:45:00+00:00|1.0|calendar_drop_friday_h13_tp06_sl065,2026-02-27 23:45:00+00:00,STAGE28A,data/reports/stage28a_discovery_factory_batch_runner/stage28a_exact_trades.csv,calendar_time_risk_proxy_v1,calendar_drop_friday_h13_tp06_sl065,-0.35,-1.4,-2.1,0,0,0,0,1.4,74.60999999999967,32.68000000000029,0.08353733170136012,31.48999999999978,0.1292473801206649,16.730000000000473,18.952500000000146,0.152,1.0,,,13,4,2.0,2026
2026-03-02 13:00:00+00:00|1.0|calendar_drop_friday_h13_tp06_sl065,2026-03-02 13:00:00+00:00,STAGE28A,data/reports/stage28a_discovery_factory_batch_runner/stage28a_exact_trades.csv,calendar_time_risk_proxy_v1,calendar_drop_friday_h13_tp06_sl065,7.49979999999996,6.449799999999959,5.74979999999996,1,1,1,0,6.449799999999959,87.94000000000051,89.74000000000069,0.3510140405616198,78.23999999999978,0.43366564417177245,21.519999999999527,33.4380000000001,0.98,1.0,,,13,0,3.0,2026
2026-03-03 13:00:00+00:00|-1.0|calendar_drop_friday_h13_tp06_sl065,2026-03-03 13:00:00+00:00,STAGE28A,data/reports/stage28a_discovery_factory_batch_runner/stage28a_exact_trades.csv,calendar_time_risk_proxy_v1,calendar_drop_friday_h13_tp06_sl065,-17.573699999999555,-18.623699999999552,-19.323699999999555,0,0,0,1,18.623699999999552,158.2599999999993,50.460000000000036,0.2964724534284587,140.09999999999945,0.804354032833697,49.88000000000011,34.52399999999993,0.972,-1.0,,,13,1,3.0,2026
2026-03-04 13:00:00+00:00|1.0|calendar_drop_friday_h13_tp06_sl065,2026-03-04 13:00:00+00:00,STAGE28A,data/reports/stage28a_discovery_factory_batch_runner/stage28a_exact_trades.csv,calendar_time_risk_proxy_v1,calendar_drop_friday_h13_tp06_sl065,8.353300000000127,7.303300000000126,6.603300000000127,1,1,1,0,7.303300000000126,382.7999999999993,105.97000000000025,0.29508351420212753,79.67000000000007,0.4089368645663348,22.420000000000073,38.758499999999955,0.904,1.0,,,13,2,3.0,2026
2026-03-05 13:00:00+00:00|-1.0|calendar_drop_friday_h13_tp06_sl065,2026-03-05 13:00:00+00:00,STAGE28A,data/reports/stage28a_discovery_factory_batch_runner/stage28a_exact_trades.csv,calendar_time_risk_proxy_v1,calendar_drop_friday_h13_tp06_sl065,7.264599999999882,6.214599999999882,5.5145999999998825,1,1,1,0,6.214599999999882,121.39000000000033,50.22999999999956,0.11108899064304152,59.60999999999967,0.12028183190739997,21.340000000000146,24.423999999999886,0.48,-1.0,,,13,3,3.0,2026
2026-03-06 23:45:00+00:00|1.0|calendar_drop_friday_h13_tp06_sl065,2026-03-06 23:45:00+00:00,STAGE28A,data/reports/stage28a_discovery_factory_batch_runner/stage28a_exact_trades.csv,calendar_time_risk_proxy_v1,calendar_drop_friday_h13_tp06_sl065,-0.35,-1.4,-2.1,0,0,0,0,1.4,143.6899999999996,76.73999999999978,0.5422204847537111,54.25,0.6733640552995345,13.020000000000437,27.936000000000014,0.592,1.0,,,13,4,3.0,2026
2026-03-09 13:00:00+00:00|1.0|calendar_drop_friday_h13_tp06_sl065,2026-03-09 13:00:00+00:00,STAGE28A,data/reports/stage28a_discovery_factory_batch_runner/stage28a_exact_trades.csv,calendar_time_risk_proxy_v1,calendar_drop_friday_h13_tp06_sl065,-9.146124999999849,-10.196124999999848,-10.896124999999849,0,0,0,1,10.196124999999848,147.64000000000033,176.90999999999985,0.08184952800859469,59.55000000000018,0.053064651553313934,26.69000000000051,42.99500000000021,0.876,1.0,,,13,0,3.0,2026
2026-03-10 13:00:00+00:00|1.0|calendar_drop_friday_h13_tp06_sl065,2026-03-10 13:00:00+00:00,STAGE28A,data/reports/stage28a_discovery_factory_batch_runner/stage28a_exact_trades.csv,calendar_time_risk_proxy_v1,calendar_drop_friday_h13_tp06_sl065,-6.728450000000157,-7.778450000000157,-8.478450000000157,0,0,0,1,7.778450000000157,176.90999999999985,69.05000000000018,0.35235336712526955,38.60999999999967,0.3504273504273468,27.339999999999236,21.969500000000018,0.148,1.0,,,13,1,3.0,2026
2026-03-11 13:00:00+00:00|-1.0|calendar_drop_friday_h13_tp06_sl065,2026-03-11 13:00:00+00:00,STAGE28A,data/reports/stage28a_discovery_factory_batch_runner/stage28a_exact_trades.csv,calendar_time_risk_proxy_v1,calendar_drop_friday_h13_tp06_sl065,5.535100000000421,4.48510000000042,3.785100000000421,1,1,1,0,4.48510000000042,121.13000000000011,39.590000000000146,0.15584743622126926,35.25,0.5140425531914863,18.13000000000011,20.601499999999987,0.064,-1.0,,,13,2,3.0,2026
2026-03-12 13:00:00+00:00|1.0|calendar_drop_friday_h13_tp06_sl065,2026-03-12 13:00:00+00:00,STAGE28A,data/reports/stage28a_discovery_factory_batch_runner/stage28a_exact_trades.csv,calendar_time_risk_proxy_v1,calendar_drop_friday_h13_tp06_sl065,3.979600000000028,2.929600000000028,2.229600000000028,1,1,1,0,2.929600000000028,89.92000000000007,56.44999999999982,0.14508414526128655,54.350000000000364,0.7308187672493098,15.360000000000582,20.58150000000005,0.096,1.0,,,13,3,3.0,2026
2026-03-13 22:45:00+00:00|1.0|calendar_drop_friday_h13_tp06_sl065,2026-03-13 22:45:00+00:00,STAGE28A,data/reports/stage28a_discovery_factory_batch_runner/stage28a_exact_trades.csv,calendar_time_risk_proxy_v1,calendar_drop_friday_h13_tp06_sl065,-0.35,-1.4,-2.1,0,0,0,0,1.4,136.32999999999993,55.710000000000036,0.1202656614611347,49.1299999999992,0.19967433340117344,40.219999999999345,23.812000000000033,0.368,1.0,,,13,4,3.0,2026
2026-03-16 13:00:00+00:00|-1.0|calendar_drop_friday_h13_tp06_sl065,2026-03-16 13:00:00+00:00,STAGE28A,data/reports/stage28a_discovery_factory_batch_runner/stage28a_exact_trades.csv,calendar_time_risk_proxy_v1,calendar_drop_friday_h13_tp06_sl065,-7.809399999999732,-8.859399999999733,-9.559399999999732,0,0,0,1,8.859399999999733,62.539999999999964,62.710000000000036,0.2433423696380196,65.6899999999996,0.21205662962398336,29.00999999999931,28.55599999999986,0.536,-1.0,,,13,0,3.0,2026
2026-03-17 13:00:00+00:00|-1.0|calendar_drop_friday_h13_tp06_sl065,2026-03-17 13:00:00+00:00,STAGE28A,data/reports/stage28a_discovery_factory_batch_runner/stage28a_exact_trades.csv,calendar_time_risk_proxy_v1,calendar_drop_friday_h13_tp06_sl065,5.022699999999896,3.9726999999998953,3.272699999999896,1,1,1,0,3.9726999999998953,69.77000000000044,46.720000000000255,0.5355308219178146,52.33000000000084,0.7177527231033611,24.07000000000062,18.284000000000106,0.004,-1.0,,,13,1,3.0,2026
2026-03-18 13:00:00+00:00|1.0|calendar_drop_friday_h13_tp06_sl065,2026-03-18 13:00:00+00:00,STAGE28A,data/reports/stage28a_discovery_factory_batch_runner/stage28a_exact_trades.csv,calendar_time_risk_proxy_v1,calendar_drop_friday_h13_tp06_sl065,-6.574725000000035,-7.624725000000035,-8.324725000000035,0,0,0,1,7.624725000000035,70.88000000000011,33.909999999999854,0.4624004718371999,57.25,0.3369432314410474,33.11999999999989,15.87299999999991,0.028,1.0,,,13,2,3.0,2026
2026-03-19 13:00:00+00:00|-1.0|calendar_drop_friday_h13_tp06_sl065,2026-03-19 13:00:00+00:00,STAGE28A,data/reports/stage28a_discovery_factory_batch_runner/stage28a_exact_trades.csv,calendar_time_risk_proxy_v1,calendar_drop_friday_h13_tp06_sl065,16.759000000000377,15.709000000000378,15.00900000000038,1,1,1,0,15.709000000000378,209.3699999999999,62.36999999999989,0.2081128747795494,187.1199999999999,0.911928174433516,53.06999999999971,32.71500000000001,0.904,-1.0,,,13,3,3.0,2026
2026-03-20 22:45:00+00:00|1.0|calendar_drop_friday_h13_tp06_sl065,2026-03-20 22:45:00+00:00,STAGE28A,data/reports/stage28a_discovery_factory_batch_runner/stage28a_exact_trades.csv,calendar_time_risk_proxy_v1,calendar_drop_friday_h13_tp06_sl065,-0.35,-1.4,-2.1,0,0,0,0,1.4,364.7399999999998,101.35999999999967,0.7723954222573028,96.74000000000069,0.788918751292124,31.0600000000004,45.05350000000003,0.904,1.0,,,13,4,3.0,2026
2026-03-23 13:00:00+00:00|-1.0|calendar_drop_friday_h13_tp06_sl065,2026-03-23 13:00:00+00:00,STAGE28A,data/reports/stage28a_discovery_factory_batch_runner/stage28a_exact_trades.csv,calendar_time_risk_proxy_v1,calendar_drop_friday_h13_tp06_sl065,34.46829999999991,33.41829999999991,32.71829999999991,1,1,1,0,33.41829999999991,86.35999999999967,216.32999999999993,0.4497758054823659,280.8600000000006,0.3504949084953336,39.779999999999745,75.86650000000004,1.0,-1.0,,,13,0,3.0,2026
2026-03-24 13:00:00+00:00|1.0|calendar_drop_friday_h13_tp06_sl065,2026-03-24 13:00:00+00:00,STAGE28A,data/reports/stage28a_discovery_factory_batch_runner/stage28a_exact_trades.csv,calendar_time_risk_proxy_v1,calendar_drop_friday_h13_tp06_sl065,-15.258725000000233,-16.30872500000023,-17.008725000000233,0,0,0,1,16.30872500000023,437.1700000000001,141.98999999999978,0.7553348827382221,121.75,0.8636550308008258,26.81999999999971,53.630500000000026,0.864,1.0,,,13,1,3.0,2026
2026-03-25 13:00:00+00:00|-1.0|calendar_drop_friday_h13_tp06_sl065,2026-03-25 13:00:00+00:00,STAGE28A,data/reports/stage28a_discovery_factory_batch_runner/stage28a_exact_trades.csv,calendar_time_risk_proxy_v1,calendar_drop_friday_h13_tp06_sl065,7.436199999999554,6.386199999999553,5.686199999999554,1,1,1,0,6.386199999999553,245.17999999999938,146.3800000000001,0.1763902172427906,45.51999999999953,0.31480667838313,11.180000000000291,36.84300000000003,0.632,-1.0,,,13,2,3.0,2026
2026-03-26 13:00:00+00:00|-1.0|calendar_drop_friday_h13_tp06_sl065,2026-03-26 13:00:00+00:00,STAGE28A,data/reports/stage28a_discovery_factory_batch_runner/stage28a_exact_trades.csv,calendar_time_risk_proxy_v1,calendar_drop_friday_h13_tp06_sl065,-11.578425000000244,-12.628425000000243,-13.328425000000244,0,0,0,1,12.628425000000243,146.3800000000001,54.910000000000764,0.4028410125660095,109.26000000000022,0.7089511257550786,30.920000000000073,34.094000000000094,0.568,-1.0,,,13,3,3.0,2026
2026-03-27 22:45:00+00:00|1.0|calendar_drop_friday_h13_tp06_sl065,2026-03-27 22:45:00+00:00,STAGE28A,data/reports/stage28a_discovery_factory_batch_runner/stage28a_exact_trades.csv,calendar_time_risk_proxy_v1,calendar_drop_friday_h13_tp06_sl065,8.715099999999802,7.665099999999802,6.965099999999802,1,1,1,0,7.665099999999802,192.66000000000076,73.67999999999938,0.5563246471226945,64.27999999999975,0.48397635345363715,25.339999999999236,31.86499999999978,0.4,1.0,,,13,4,3.0,2026
2026-03-30 13:00:00+00:00|1.0|calendar_drop_friday_h13_tp06_sl065,2026-03-30 13:00:00+00:00,STAGE28A,data/reports/stage28a_discovery_factory_batch_runner/stage28a_exact_trades.csv,calendar_time_risk_proxy_v1,calendar_drop_friday_h13_tp06_sl065,6.853599999999824,5.803599999999824,5.103599999999824,1,1,1,0,5.803599999999824,39.409999999999854,97.78999999999996,0.1155537376009836,64.01999999999953,0.5651358950328109,16.920000000000073,34.23499999999994,0.448,1.0,,,13,0,3.0,2026
2026-03-31 13:00:00+00:00|1.0|calendar_drop_friday_h13_tp06_sl065,2026-03-31 13:00:00+00:00,STAGE28A,data/reports/stage28a_discovery_factory_batch_runner/stage28a_exact_trades.csv,calendar_time_risk_proxy_v1,calendar_drop_friday_h13_tp06_sl065,-7.560449999999582,-8.610449999999583,-9.310449999999582,0,0,0,1,8.610449999999583,160.84999999999945,136.60000000000036,0.3423865300146369,37.849999999999454,0.04042272126815766,21.81999999999971,29.62199999999998,0.224,1.0,,,13,1,3.0,2026
2026-04-01 13:00:00+00:00|1.0|calendar_drop_friday_h13_tp06_sl065,2026-04-01 13:00:00+00:00,STAGE28A,data/reports/stage28a_discovery_factory_batch_runner/stage28a_exact_trades.csv,calendar_time_risk_proxy_v1,calendar_drop_friday_h13_tp06_sl065,8.578299999999581,7.5282999999995805,6.828299999999581,1,1,1,0,7.5282999999995805,204.27000000000044,62.159999999999854,0.011904761904773053,80.67000000000007,0.5141936283624697,16.98999999999978,28.883000000000038,0.12,1.0,,,13,2,4.0,2026
2026-04-02 13:00:00+00:00|-1.0|calendar_drop_friday_h13_tp06_sl065,2026-04-02 13:00:00+00:00,STAGE28A,data/reports/stage28a_discovery_factory_batch_runner/stage28a_exact_trades.csv,calendar_time_risk_proxy_v1,calendar_drop_friday_h13_tp06_sl065,12.178600000000552,11.128600000000551,10.428600000000552,1,1,1,0,11.128600000000551,131.1300000000001,150.57999999999993,0.6674193119936249,127.85000000000036,0.4268283144309703,18.770000000000437,38.95450000000005,0.644,-1.0,,,13,3,4.0,2026
2026-04-02 23:45:00+00:00|1.0|calendar_drop_friday_h13_tp06_sl065,2026-04-02 23:45:00+00:00,STAGE28A,data/reports/stage28a_discovery_factory_batch_runner/stage28a_exact_trades.csv,calendar_time_risk_proxy_v1,calendar_drop_friday_h13_tp06_sl065,-7.93809999999994,-8.98809999999994,-9.68809999999994,0,0,0,1,8.98809999999994,131.1300000000001,150.57999999999993,0.6674193119936249,127.85000000000036,0.4268283144309703,20.31999999999971,43.87049999999999,0.668,1.0,,,13,3,4.0,2026
2026-04-06 13:00:00+00:00|1.0|calendar_drop_friday_h13_tp06_sl065,2026-04-06 13:00:00+00:00,STAGE28A,data/reports/stage28a_discovery_factory_batch_runner/stage28a_exact_trades.csv,calendar_time_risk_proxy_v1,calendar_drop_friday_h13_tp06_sl065,6.718000000000211,5.668000000000211,4.968000000000211,1,1,1,0,5.668000000000211,51.22999999999956,70.59000000000015,0.08358124380224584,66.5,0.7993984962405993,15.5600000000004,30.030499999999893,0.144,1.0,,,13,0,4.0,2026
2026-04-07 13:00:00+00:00|1.0|calendar_drop_friday_h13_tp06_sl065,2026-04-07 13:00:00+00:00,STAGE28A,data/reports/stage28a_discovery_factory_batch_runner/stage28a_exact_trades.csv,calendar_time_risk_proxy_v1,calendar_drop_friday_h13_tp06_sl065,-9.974550000000454,-11.024550000000454,-11.724550000000454,0,0,0,1,11.024550000000454,105.48999999999978,51.460000000000036,0.17061795569375532,71.22999999999956,0.3018391127334007,35.4399999999996,22.736499999999886,0.052,1.0,,,13,1,4.0,2026
2026-04-08 13:00:00+00:00|-1.0|calendar_drop_friday_h13_tp06_sl065,2026-04-08 13:00:00+00:00,STAGE28A,data/reports/stage28a_discovery_factory_batch_runner/stage28a_exact_trades.csv,calendar_time_risk_proxy_v1,calendar_drop_friday_h13_tp06_sl065,7.928800000000047,6.878800000000046,6.178800000000047,1,1,1,0,6.878800000000046,211.28000000000065,140.1299999999992,0.1491472204381693,66.96000000000004,0.2144563918757417,29.849999999999454,34.414499999999954,0.556,-1.0,,,13,2,4.0,2026
2026-04-09 13:00:00+00:00|1.0|calendar_drop_friday_h13_tp06_sl065,2026-04-09 13:00:00+00:00,STAGE28A,data/reports/stage28a_discovery_factory_batch_runner/stage28a_exact_trades.csv,calendar_time_risk_proxy_v1,calendar_drop_friday_h13_tp06_sl065,6.556600000000254,5.506600000000253,4.806600000000254,1,1,1,0,5.506600000000253,154.54999999999927,33.960000000000036,0.176972909305071,29.56999999999971,0.5989178221170176,10.170000000000073,23.505500000000076,0.072,1.0,,,13,3,4.0,2026
2026-04-10 23:45:00+00:00|1.0|calendar_drop_friday_h13_tp06_sl065,2026-04-10 23:45:00+00:00,STAGE28A,data/reports/stage28a_discovery_factory_batch_runner/stage28a_exact_trades.csv,calendar_time_risk_proxy_v1,calendar_drop_friday_h13_tp06_sl065,-0.35,-1.4,-2.1,0,0,0,0,1.4,102.13000000000011,41.600000000000364,0.05817307692307817,39.80999999999949,0.3765385581512176,12.210000000000036,18.75699999999997,0.044,1.0,,,13,4,4.0,2026
2026-04-13 13:00:00+00:00|1.0|calendar_drop_friday_h13_tp06_sl065,2026-04-13 13:00:00+00:00,STAGE28A,data/reports/stage28a_discovery_factory_batch_runner/stage28a_exact_trades.csv,calendar_time_risk_proxy_v1,calendar_drop_friday_h13_tp06_sl065,-5.5142499999998105,-6.564249999999811,-7.26424999999981,0,0,0,1,6.564249999999811,49.659999999999854,83.46000000000004,0.7075245626647405,31.029999999999745,0.1111827263938368,17.86999999999989,22.75049999999992,0.216,1.0,,,13,0,4.0,2026
2026-04-14 13:00:00+00:00|1.0|calendar_drop_friday_h13_tp06_sl065,2026-04-14 13:00:00+00:00,STAGE28A,data/reports/stage28a_discovery_factory_batch_runner/stage28a_exact_trades.csv,calendar_time_risk_proxy_v1,calendar_drop_friday_h13_tp06_sl065,5.138500000000386,4.088500000000385,3.388500000000386,1,1,1,0,4.088500000000385,114.48000000000047,31.23999999999978,0.3117797695262436,37.72999999999956,0.2793532997614653,17.42999999999938,17.625499999999874,0.02,1.0,,,13,1,4.0,2026
2026-04-15 13:00:00+00:00|-1.0|calendar_drop_friday_h13_tp06_sl065,2026-04-15 13:00:00+00:00,STAGE28A,data/reports/stage28a_discovery_factory_batch_runner/stage28a_exact_trades.csv,calendar_time_risk_proxy_v1,calendar_drop_friday_h13_tp06_sl065,5.634400000000278,4.584400000000278,3.8844000000002783,1,1,1,0,4.584400000000278,100.72999999999956,54.25,0.20552995391704398,44.31999999999971,0.5873194945848357,33.01999999999953,18.240499999999976,0.1,-1.0,,,13,2,4.0,2026
2026-04-16 13:00:00+00:00|-1.0|calendar_drop_friday_h13_tp06_sl065,2026-04-16 13:00:00+00:00,STAGE28A,data/reports/stage28a_discovery_factory_batch_runner/stage28a_exact_trades.csv,calendar_time_risk_proxy_v1,calendar_drop_friday_h13_tp06_sl065,-5.444699999999648,-6.494699999999648,-7.194699999999648,0,0,0,1,6.494699999999648,85.13999999999942,46.51999999999953,0.3555460017196933,31.529999999999745,0.35172851252775883,11.010000000000218,15.487500000000045,0.004,-1.0,,,13,3,4.0,2026
2026-04-17 23:45:00+00:00|1.0|calendar_drop_friday_h13_tp06_sl065,2026-04-17 23:45:00+00:00,STAGE28A,data/reports/stage28a_discovery_factory_batch_runner/stage28a_exact_trades.csv,calendar_time_risk_proxy_v1,calendar_drop_friday_h13_tp06_sl065,-0.35,-1.4,-2.1,0,0,0,0,1.4,65.03999999999996,33.399999999999636,0.042215568862271555,27.38000000000011,0.10336011687362731,8.4399999999996,19.439500000000088,0.42,1.0,,,13,4,4.0,2026
2026-04-20 13:00:00+00:00|1.0|calendar_drop_friday_h13_tp06_sl065,2026-04-20 13:00:00+00:00,STAGE28A,data/reports/stage28a_discovery_factory_batch_runner/stage28a_exact_trades.csv,calendar_time_risk_proxy_v1,calendar_drop_friday_h13_tp06_sl065,-5.516850000000522,-6.566850000000523,-7.266850000000522,0,0,0,1,6.566850000000523,36.82000000000062,77.25,0.15093851132685895,26.13000000000011,0.027171833141983674,14.44000000000051,21.482000000000063,0.576,1.0,,,13,0,4.0,2026
2026-04-21 13:00:00+00:00|-1.0|calendar_drop_friday_h13_tp06_sl065,2026-04-21 13:00:00+00:00,STAGE28A,data/reports/stage28a_discovery_factory_batch_runner/stage28a_exact_trades.csv,calendar_time_risk_proxy_v1,calendar_drop_friday_h13_tp06_sl065,-5.919524999999885,-6.969524999999885,-7.669524999999885,0,0,0,1,6.969524999999885,90.67000000000007,40.399999999999636,0.7566831683168312,25.050000000000182,0.5417165668662519,8.170000000000073,13.963499999999977,0.012,-1.0,,,13,1,4.0,2026
2026-04-22 13:00:00+00:00|-1.0|calendar_drop_friday_h13_tp06_sl065,2026-04-22 13:00:00+00:00,STAGE28A,data/reports/stage28a_discovery_factory_batch_runner/stage28a_exact_trades.csv,calendar_time_risk_proxy_v1,calendar_drop_friday_h13_tp06_sl065,-4.55679999999993,-5.6067999999999305,-6.30679999999993,0,0,0,1,5.6067999999999305,164.42000000000007,49.36000000000058,0.7803889789302891,19.909999999999854,0.14364640883980928,9.9399999999996,22.309999999999945,0.692,-1.0,,,13,2,4.0,2026
2026-04-23 13:00:00+00:00|-1.0|calendar_drop_friday_h13_tp06_sl065,2026-04-23 13:00:00+00:00,STAGE28A,data/reports/stage28a_discovery_factory_batch_runner/stage28a_exact_trades.csv,calendar_time_risk_proxy_v1,calendar_drop_friday_h13_tp06_sl065,-6.040749999999752,-7.090749999999753,-7.790749999999752,0,0,0,1,7.090749999999753,56.470000000000255,59.63000000000011,0.37078651685392644,31.92999999999938,0.19417475728155145,8.960000000000036,17.336999999999897,0.324,-1.0,,,13,3,4.0,2026
2026-04-24 23:45:00+00:00|1.0|calendar_drop_friday_h13_tp06_sl065,2026-04-24 23:45:00+00:00,STAGE28A,data/reports/stage28a_discovery_factory_batch_runner/stage28a_exact_trades.csv,calendar_time_risk_proxy_v1,calendar_drop_friday_h13_tp06_sl065,-0.35,-1.4,-2.1,0,0,0,0,1.4,89.48000000000047,42.279999999999745,0.4973982970671682,39.52000000000044,0.2608805668016267,12.430000000000291,18.95449999999996,0.568,1.0,,,13,4,4.0,2026
2026-04-27 13:00:00+00:00|-1.0|calendar_drop_friday_h13_tp06_sl065,2026-04-27 13:00:00+00:00,STAGE28A,data/reports/stage28a_discovery_factory_batch_runner/stage28a_exact_trades.csv,calendar_time_risk_proxy_v1,calendar_drop_friday_h13_tp06_sl065,-4.007874999999876,-5.057874999999877,-5.757874999999876,0,0,0,1,5.057874999999877,19.25,57.220000000000255,0.6957357567284206,30.449999999999818,0.671592775041049,8.670000000000073,13.660000000000036,0.032,-1.0,,,13,0,4.0,2026
2026-04-28 13:00:00+00:00|-1.0|calendar_drop_friday_h13_tp06_sl065,2026-04-28 13:00:00+00:00,STAGE28A,data/reports/stage28a_discovery_factory_batch_runner/stage28a_exact_trades.csv,calendar_time_risk_proxy_v1,calendar_drop_friday_h13_tp06_sl065,6.796600000000035,5.746600000000035,5.046600000000035,1,1,1,0,5.746600000000035,62.81999999999971,34.590000000000146,0.49031511997687094,66.61000000000058,0.9911424711004333,25.390000000000327,14.57449999999999,0.168,-1.0,,,13,1,4.0,2026
2026-04-29 13:00:00+00:00|-1.0|calendar_drop_friday_h13_tp06_sl065,2026-04-29 13:00:00+00:00,STAGE28A,data/reports/stage28a_discovery_factory_batch_runner/stage28a_exact_trades.csv,calendar_time_risk_proxy_v1,calendar_drop_friday_h13_tp06_sl065,5.11600000000035,4.066000000000349,3.3660000000003496,1,1,1,0,4.066000000000349,146.2599999999993,33.97999999999956,0.036492054149493754,55.970000000000255,0.707343219581902,29.19000000000051,15.228000000000202,0.264,-1.0,,,13,2,4.0,2026
2026-04-30 13:00:00+00:00|1.0|calendar_drop_friday_h13_tp06_sl065,2026-04-30 13:00:00+00:00,STAGE28A,data/reports/stage28a_discovery_factory_batch_runner/stage28a_exact_trades.csv,calendar_time_risk_proxy_v1,calendar_drop_friday_h13_tp06_sl065,5.790999999999622,4.740999999999621,4.040999999999622,1,1,1,0,4.740999999999621,99.84999999999945,43.11000000000058,0.09255393180235973,91.03999999999996,0.7621924428822534,17.480000000000473,19.930999999999766,0.688,1.0,,,13,3,4.0,2026
2026-05-01 23:45:00+00:00|1.0|calendar_drop_friday_h13_tp06_sl065,2026-05-01 23:45:00+00:00,STAGE28A,data/reports/stage28a_discovery_factory_batch_runner/stage28a_exact_trades.csv,calendar_time_risk_proxy_v1,calendar_drop_friday_h13_tp06_sl065,-0.35,-1.4,-2.1,0,0,0,0,1.4,107.63000000000011,21.970000000000255,0.17023213472916424,68.44999999999982,0.9382030679327906,18.769999999999527,19.694500000000062,0.652,1.0,,,13,4,5.0,2026
2026-05-04 13:00:00+00:00|-1.0|calendar_drop_friday_h13_tp06_sl065,2026-05-04 13:00:00+00:00,STAGE28A,data/reports/stage28a_discovery_factory_batch_runner/stage28a_exact_trades.csv,calendar_time_risk_proxy_v1,calendar_drop_friday_h13_tp06_sl065,-6.707324999999946,-7.757324999999946,-8.457324999999946,0,0,0,1,7.757324999999946,16.889999999999418,38.17999999999938,0.09979046621266507,42.73999999999978,0.9333177351427359,11.859999999999673,16.141499999999816,0.296,-1.0,,,13,0,5.0,2026
2026-05-05 13:00:00+00:00|1.0|calendar_drop_friday_h13_tp06_sl065,2026-05-05 13:00:00+00:00,STAGE28A,data/reports/stage28a_discovery_factory_batch_runner/stage28a_exact_trades.csv,calendar_time_risk_proxy_v1,calendar_drop_friday_h13_tp06_sl065,-5.345574999999917,-6.395574999999917,-7.095574999999917,0,0,0,1,6.395574999999917,128.5099999999993,32.99000000000069,0.5216732343134185,32.52000000000044,0.6685116851168634,9.300000000000182,16.57849999999994,0.292,1.0,,,13,1,5.0,2026
2026-05-06 13:00:00+00:00|1.0|calendar_drop_friday_h13_tp06_sl065,2026-05-06 13:00:00+00:00,STAGE28A,data/reports/stage28a_discovery_factory_batch_runner/stage28a_exact_trades.csv,calendar_time_risk_proxy_v1,calendar_drop_friday_h13_tp06_sl065,5.85759999999973,4.807599999999729,4.10759999999973,1,1,1,0,4.807599999999729,72.96000000000004,105.18000000000029,0.6700893706027788,65.11000000000058,0.8944862540316274,19.26000000000022,18.14699999999989,0.484,1.0,,,13,2,5.0,2026
2026-05-07 13:00:00+00:00|1.0|calendar_drop_friday_h13_tp06_sl065,2026-05-07 13:00:00+00:00,STAGE28A,data/reports/stage28a_discovery_factory_batch_runner/stage28a_exact_trades.csv,calendar_time_risk_proxy_v1,calendar_drop_friday_h13_tp06_sl065,-7.344649999999637,-8.394649999999638,-9.094649999999636,0,0,0,1,8.394649999999638,176.60000000000036,35.909999999999854,0.12252854358116552,61.06999999999971,0.48747339119043176,17.550000000000182,16.67999999999997,0.26,1.0,,,13,3,5.0,2026
2026-05-08 23:45:00+00:00|1.0|calendar_drop_friday_h13_tp06_sl065,2026-05-08 23:45:00+00:00,STAGE28A,data/reports/stage28a_discovery_factory_batch_runner/stage28a_exact_trades.csv,calendar_time_risk_proxy_v1,calendar_drop_friday_h13_tp06_sl065,-0.35,-1.4,-2.1,0,0,0,0,1.4,80.0,50.93000000000029,0.6630669546436154,37.44000000000051,0.20619658119658518,5.769999999999527,19.480000000000246,0.664,1.0,,,13,4,5.0,2026
2026-05-11 13:00:00+00:00|-1.0|calendar_drop_friday_h13_tp06_sl065,2026-05-11 13:00:00+00:00,STAGE28A,data/reports/stage28a_discovery_factory_batch_runner/stage28a_exact_trades.csv,calendar_time_risk_proxy_v1,calendar_drop_friday_h13_tp06_sl065,4.9279000000000455,3.877900000000045,3.177900000000045,1,1,1,0,3.877900000000045,22.93000000000029,35.22999999999956,0.3735452739142781,32.529999999999745,0.6889025514909324,19.359999999999673,17.544999999999938,0.328,-1.0,,,13,0,5.0,2026
2026-05-12 13:00:00+00:00|-1.0|calendar_drop_friday_h13_tp06_sl065,2026-05-12 13:00:00+00:00,STAGE28A,data/reports/stage28a_discovery_factory_batch_runner/stage28a_exact_trades.csv,calendar_time_risk_proxy_v1,calendar_drop_friday_h13_tp06_sl065,4.458100000000195,3.408100000000195,2.708100000000196,1,1,1,0,3.408100000000195,103.15999999999985,55.06999999999971,0.5616488106046932,43.150000000000546,0.48528389339511785,10.920000000000073,17.077500000000008,0.216,-1.0,,,13,1,5.0,2026
2026-05-13 13:00:00+00:00|1.0|calendar_drop_friday_h13_tp06_sl065,2026-05-13 13:00:00+00:00,STAGE28A,data/reports/stage28a_discovery_factory_batch_runner/stage28a_exact_trades.csv,calendar_time_risk_proxy_v1,calendar_drop_friday_h13_tp06_sl065,4.3579000000003365,3.307900000000336,2.6079000000003365,1,1,1,0,3.307900000000336,134.8199999999997,38.69000000000051,0.5420005169294386,29.390000000000327,0.16570261993874913,15.720000000000255,15.04350000000004,0.088,1.0,,,13,2,5.0,2026
2026-05-14 13:00:00+00:00|1.0|calendar_drop_friday_h13_tp06_sl065,2026-05-14 13:00:00+00:00,STAGE28A,data/reports/stage28a_discovery_factory_batch_runner/stage28a_exact_trades.csv,calendar_time_risk_proxy_v1,calendar_drop_friday_h13_tp06_sl065,5.162200000000121,4.11220000000012,3.412200000000121,1,1,1,0,4.11220000000012,57.02000000000044,32.970000000000255,0.7546254170457967,49.600000000000364,0.49818548387096484,14.029999999999745,17.047000000000025,0.236,1.0,,,13,3,5.0,2026
2026-05-15 23:45:00+00:00|1.0|calendar_drop_friday_h13_tp06_sl065,2026-05-15 23:45:00+00:00,STAGE28A,data/reports/stage28a_discovery_factory_batch_runner/stage28a_exact_trades.csv,calendar_time_risk_proxy_v1,calendar_drop_friday_h13_tp06_sl065,-0.35,-1.4,-2.1,0,0,0,0,1.4,74.1200000000008,57.9399999999996,0.8066965826717312,89.64999999999964,0.7779141104294486,15.039999999999964,25.392000000000007,0.988,1.0,,,13,4,5.0,2026
2026-05-18 13:00:00+00:00|1.0|calendar_drop_friday_h13_tp06_sl065,2026-05-18 13:00:00+00:00,STAGE28A,data/reports/stage28a_discovery_factory_batch_runner/stage28a_exact_trades.csv,calendar_time_risk_proxy_v1,calendar_drop_friday_h13_tp06_sl065,-6.721624999999767,-7.771624999999767,-8.471624999999767,0,0,0,1,7.771624999999767,26.420000000000073,74.32000000000062,0.06848762109795618,29.890000000000327,0.07862161257946933,11.61999999999989,22.575500000000147,0.892,1.0,,,13,0,5.0,2026
2026-05-19 13:00:00+00:00|-1.0|calendar_drop_friday_h13_tp06_sl065,2026-05-19 13:00:00+00:00,STAGE28A,data/reports/stage28a_discovery_factory_batch_runner/stage28a_exact_trades.csv,calendar_time_risk_proxy_v1,calendar_drop_friday_h13_tp06_sl065,5.705800000000091,4.65580000000009,3.9558000000000906,1,1,1,0,4.65580000000009,103.57999999999993,45.600000000000364,0.634210526315786,28.25999999999931,0.11075725406936256,10.529999999999745,17.435999999999968,0.248,-1.0,,,13,1,5.0,2026
2026-05-20 13:00:00+00:00|1.0|calendar_drop_friday_h13_tp06_sl065,2026-05-20 13:00:00+00:00,STAGE28A,data/reports/stage28a_discovery_factory_batch_runner/stage28a_exact_trades.csv,calendar_time_risk_proxy_v1,calendar_drop_friday_h13_tp06_sl065,5.53420000000042,4.484200000000419,3.78420000000042,1,1,1,0,4.484200000000419,124.22000000000025,55.14000000000033,0.37413855640188587,34.54999999999927,0.6208393632416865,18.210000000000036,18.370500000000085,0.32,1.0,,,13,2,5.0,2026
2026-05-21 13:00:00+00:00|1.0|calendar_drop_friday_h13_tp06_sl065,2026-05-21 13:00:00+00:00,STAGE28A,data/reports/stage28a_discovery_factory_batch_runner/stage28a_exact_trades.csv,calendar_time_risk_proxy_v1,calendar_drop_friday_h13_tp06_sl065,-6.145074999999997,-7.195074999999997,-7.895074999999997,0,0,0,1,7.195074999999997,98.85000000000036,43.460000000000036,0.26346065347445485,31.13000000000011,0.08833922261484067,15.180000000000291,19.1,0.44,1.0,,,13,3,5.0,2026
2026-05-22 23:45:00+00:00|1.0|calendar_drop_friday_h13_tp06_sl065,2026-05-22 23:45:00+00:00,STAGE28A,data/reports/stage28a_discovery_factory_batch_runner/stage28a_exact_trades.csv,calendar_time_risk_proxy_v1,calendar_drop_friday_h13_tp06_sl065,-0.35,-1.4,-2.1,0,0,0,0,1.4,81.88999999999942,27.229999999999563,0.5233198677928839,28.420000000000073,0.09570724841661674,11.4399999999996,16.384499999999935,0.116,1.0,,,13,4,5.0,2026
2026-05-25 13:00:00+00:00|-1.0|calendar_drop_friday_h13_tp06_sl065,2026-05-25 13:00:00+00:00,STAGE28A,data/reports/stage28a_discovery_factory_batch_runner/stage28a_exact_trades.csv,calendar_time_risk_proxy_v1,calendar_drop_friday_h13_tp06_sl065,3.12190000000046,2.07190000000046,1.3719000000004602,1,1,1,0,2.07190000000046,23.219999999999345,37.50999999999931,0.1343641695547869,18.550000000000182,0.42318059299188016,14.039999999999964,13.586499999999887,0.008,-1.0,,,13,0,5.0,2026
2026-05-26 13:00:00+00:00|-1.0|calendar_drop_friday_h13_tp06_sl065,2026-05-26 13:00:00+00:00,STAGE28A,data/reports/stage28a_discovery_factory_batch_runner/stage28a_exact_trades.csv,calendar_time_risk_proxy_v1,calendar_drop_friday_h13_tp06_sl065,4.528600000000006,3.478600000000006,2.778600000000006,1,1,1,0,3.478600000000006,37.50999999999931,52.36999999999989,0.6265037235058329,30.970000000000255,0.6293186955117733,14.220000000000255,13.7849999999999,0.096,-1.0,,,13,1,5.0,2026
2026-05-27 13:00:00+00:00|1.0|calendar_drop_friday_h13_tp06_sl065,2026-05-27 13:00:00+00:00,STAGE28A,data/reports/stage28a_discovery_factory_batch_runner/stage28a_exact_trades.csv,calendar_time_risk_proxy_v1,calendar_drop_friday_h13_tp06_sl065,-5.497675000000163,-6.547675000000163,-7.247675000000163,0,0,0,1,6.547675000000163,97.72000000000025,31.00999999999931,0.44953240890035184,41.44000000000051,0.16674710424709868,10.69000000000051,15.516500000000041,0.192,1.0,,,13,2,5.0,2026
2026-05-28 13:00:00+00:00|1.0|calendar_drop_friday_h13_tp06_sl065,2026-05-28 13:00:00+00:00,STAGE28A,data/reports/stage28a_discovery_factory_batch_runner/stage28a_exact_trades.csv,calendar_time_risk_proxy_v1,calendar_drop_friday_h13_tp06_sl065,-6.177575000000251,-7.227575000000252,-7.927575000000251,0,0,0,1,7.227575000000252,126.31999999999971,97.43000000000029,0.8483013445550589,32.26000000000022,0.5855548667079755,12.599999999999454,17.31949999999979,0.384,1.0,,,13,3,5.0,2026
2026-05-29 23:45:00+00:00|1.0|calendar_drop_friday_h13_tp06_sl065,2026-05-29 23:45:00+00:00,STAGE28A,data/reports/stage28a_discovery_factory_batch_runner/stage28a_exact_trades.csv,calendar_time_risk_proxy_v1,calendar_drop_friday_h13_tp06_sl065,-0.35,-1.4,-2.1,0,0,0,0,1.4,149.91000000000076,31.609999999999673,0.3144574501739862,38.23000000000047,0.7737379021710583,17.25,18.682499999999983,0.54,1.0,,,13,4,5.0,2026
2026-06-01 13:00:00+00:00|-1.0|calendar_drop_friday_h13_tp06_sl065,2026-06-01 13:00:00+00:00,STAGE28A,data/reports/stage28a_discovery_factory_batch_runner/stage28a_exact_trades.csv,calendar_time_risk_proxy_v1,calendar_drop_friday_h13_tp06_sl065,4.338400000000002,3.288400000000001,2.588400000000002,1,1,1,0,3.288400000000001,22.170000000000073,36.05999999999949,0.5268996117581882,35.95000000000073,0.56383866481224,17.19000000000051,15.870500000000039,0.164,-1.0,,,13,0,6.0,2026
2026-06-02 13:00:00+00:00|1.0|calendar_drop_friday_h13_tp06_sl065,2026-06-02 13:00:00+00:00,STAGE28A,data/reports/stage28a_discovery_factory_batch_runner/stage28a_exact_trades.csv,calendar_time_risk_proxy_v1,calendar_drop_friday_h13_tp06_sl065,3.8458000000004176,2.7958000000004177,2.095800000000418,1,1,1,0,2.7958000000004177,98.14999999999964,36.25,0.3817931034482799,43.899999999999636,0.6999999999999958,13.510000000000218,14.99399999999996,0.14,1.0,,,13,1,6.0,2026
2026-06-03 13:00:00+00:00|-1.0|calendar_drop_friday_h13_tp06_sl065,2026-06-03 13:00:00+00:00,STAGE28A,data/reports/stage28a_discovery_factory_batch_runner/stage28a_exact_trades.csv,calendar_time_risk_proxy_v1,calendar_drop_friday_h13_tp06_sl065,6.293500000000131,5.243500000000131,4.543500000000131,1,1,1,0,5.243500000000131,78.61999999999989,34.289999999999964,0.01574803149608847,49.039999999999964,0.8429853181076709,19.93000000000029,15.617499999999973,0.248,-1.0,,,13,2,6.0,2026
2026-06-04 13:00:00+00:00|-1.0|calendar_drop_friday_h13_tp06_sl065,2026-06-04 13:00:00+00:00,STAGE28A,data/reports/stage28a_discovery_factory_batch_runner/stage28a_exact_trades.csv,calendar_time_risk_proxy_v1,calendar_drop_friday_h13_tp06_sl065,3.8557000000004336,2.8057000000004337,2.105700000000434,1,1,1,0,2.8057000000004337,70.15000000000055,52.960000000000036,0.2736027190332283,25.360000000000582,0.2602523659305719,14.579999999999927,16.95399999999995,0.492,-1.0,,,13,3,6.0,2026
2026-06-05 23:45:00+00:00|1.0|calendar_drop_friday_h13_tp06_sl065,2026-06-05 23:45:00+00:00,STAGE28A,data/reports/stage28a_discovery_factory_batch_runner/stage28a_exact_trades.csv,calendar_time_risk_proxy_v1,calendar_drop_friday_h13_tp06_sl065,-0.35,-1.4,-2.1,0,0,0,0,1.4,91.14999999999964,46.159999999999854,0.5955372616984373,40.38999999999942,0.5570685813320209,11.11999999999989,22.085000000000083,0.968,1.0,,,13,4,6.0,2026
2026-06-08 13:00:00+00:00|-1.0|calendar_drop_friday_h13_tp06_sl065,2026-06-08 13:00:00+00:00,STAGE28A,data/reports/stage28a_discovery_factory_batch_runner/stage28a_exact_trades.csv,calendar_time_risk_proxy_v1,calendar_drop_friday_h13_tp06_sl065,7.230700000000434,6.180700000000433,5.480700000000434,1,1,1,0,6.180700000000433,20.30999999999949,53.06999999999971,0.010363670623690887,52.9399999999996,0.42595391008688027,28.890000000000327,23.318500000000085,0.944,-1.0,,,13,0,6.0,2026
2026-06-09 13:00:00+00:00|-1.0|calendar_drop_friday_h13_tp06_sl065,2026-06-09 13:00:00+00:00,STAGE28A,data/reports/stage28a_discovery_factory_batch_runner/stage28a_exact_trades.csv,calendar_time_risk_proxy_v1,calendar_drop_friday_h13_tp06_sl065,4.766799999999785,3.7167999999997847,3.016799999999785,1,1,1,0,3.7167999999997847,84.51999999999953,29.149999999999636,0.2957118353344768,30.11999999999989,0.13313413014609007,11.539999999999964,13.842999999999801,0.04,-1.0,,,13,1,6.0,2026
2026-06-10 13:00:00+00:00|-1.0|calendar_drop_friday_h13_tp06_sl065,2026-06-10 13:00:00+00:00,STAGE28A,data/reports/stage28a_discovery_factory_batch_runner/stage28a_exact_trades.csv,calendar_time_risk_proxy_v1,calendar_drop_friday_h13_tp06_sl065,-8.285199999999895,-9.335199999999896,-10.035199999999897,0,0,0,1,9.335199999999896,126.54999999999927,84.05999999999949,0.8455864858434494,60.32999999999993,0.2671970827117505,16.359999999999673,26.670499999999993,0.992,-1.0,,,13,2,6.0,2026
2026-06-11 13:00:00+00:00|1.0|calendar_drop_friday_h13_tp06_sl065,2026-06-11 13:00:00+00:00,STAGE28A,data/reports/stage28a_discovery_factory_batch_runner/stage28a_exact_trades.csv,calendar_time_risk_proxy_v1,calendar_drop_friday_h13_tp06_sl065,-7.14509999999982,-8.19509999999982,-8.89509999999982,0,0,0,1,8.19509999999982,190.30999999999995,94.00999999999976,0.021380704180408716,42.4399999999996,0.4429783223374153,18.849999999999454,31.769499999999972,0.968,1.0,,,13,3,6.0,2026
2022-07-25 12:00:00+00:00|-1.0|sess_comp_exp_fade_london_h12_q0.3_tp06_sl065,2022-07-25 12:00:00+00:00,STAGE28A,data/reports/stage28a_discovery_factory_batch_runner/stage28a_exact_trades.csv,session_compression_expansion_v1,sess_comp_exp_fade_london_h12_q0.3_tp06_sl065,0.6871000000000095,-0.3628999999999904,-1.0628999999999902,0,0,0,0,0.3628999999999904,1.5700000000001637,8.950000000000045,0.13854748603351988,12.480000000000018,0.5993589743589749,4.970000000000027,4.344500000000005,0.436,-1.0,,,12,0,7.0,2022
2022-07-26 12:00:00+00:00|1.0|sess_comp_exp_fade_london_h12_q0.3_tp06_sl065,2022-07-26 12:00:00+00:00,STAGE28A,data/reports/stage28a_discovery_factory_batch_runner/stage28a_exact_trades.csv,session_compression_expansion_v1,sess_comp_exp_fade_london_h12_q0.3_tp06_sl065,0.6708999999999833,-0.3791000000000166,-1.0791000000000164,0,0,0,0,0.3791000000000166,21.460000000000036,10.149999999999864,0.5320197044335137,8.980000000000018,0.4432071269487762,4.339999999999918,3.4120000000000004,0.148,1.0,,,12,1,7.0,2022
2022-08-02 12:00:00+00:00|1.0|sess_comp_exp_fade_london_h12_q0.3_tp06_sl065,2022-08-02 12:00:00+00:00,STAGE28A,data/reports/stage28a_discovery_factory_batch_runner/stage28a_exact_trades.csv,session_compression_expansion_v1,sess_comp_exp_fade_london_h12_q0.3_tp06_sl065,0.8245000000000801,-0.2254999999999198,-0.9254999999999196,0,0,0,0,0.2254999999999198,16.699999999999818,9.649999999999864,0.30880829015544664,7.150000000000091,0.008391608391600653,3.8199999999999363,4.048500000000024,0.48,1.0,,,12,1,8.0,2022
2022-08-03 12:00:00+00:00|1.0|sess_comp_exp_fade_london_h12_q0.3_tp06_sl065,2022-08-03 12:00:00+00:00,STAGE28A,data/reports/stage28a_discovery_factory_batch_runner/stage28a_exact_trades.csv,session_compression_expansion_v1,sess_comp_exp_fade_london_h12_q0.3_tp06_sl065,-1.6701500000000125,-2.7201500000000123,-3.420150000000012,0,0,0,0,2.7201500000000123,28.529999999999973,14.2800000000002,0.6435574229691825,6.519999999999982,0.4647239263803652,4.230000000000018,5.412500000000011,0.888,1.0,,,12,2,8.0,2022
2022-08-10 12:00:00+00:00|-1.0|sess_comp_exp_fade_london_h12_q0.3_tp06_sl065,2022-08-10 12:00:00+00:00,STAGE28A,data/reports/stage28a_discovery_factory_batch_runner/stage28a_exact_trades.csv,session_compression_expansion_v1,sess_comp_exp_fade_london_h12_q0.3_tp06_sl065,0.5721999999999753,-0.4778000000000246,-1.1778000000000244,0,0,0,0,0.4778000000000246,17.15000000000009,4.0,0.5999999999999659,7.539999999999964,0.3859416445623168,4.460000000000036,3.00799999999997,0.016,-1.0,,,12,2,8.0,2022
2022-08-11 12:00:00+00:00|-1.0|sess_comp_exp_fade_london_h12_q0.3_tp06_sl065,2022-08-11 12:00:00+00:00,STAGE28A,data/reports/stage28a_discovery_factory_batch_runner/stage28a_exact_trades.csv,session_compression_expansion_v1,sess_comp_exp_fade_london_h12_q0.3_tp06_sl065,0.7515999999999622,-0.2984000000000377,-0.9984000000000376,0,0,0,0,0.2984000000000377,20.269999999999982,8.3900000000001,0.6376638855780506,6.789999999999964,0.6465390279823117,4.180000000000064,3.6825000000000045,0.208,-1.0,,,12,3,8.0,2022
2022-08-18 12:00:00+00:00|-1.0|sess_comp_exp_fade_london_h12_q0.3_tp06_sl065,2022-08-18 12:00:00+00:00,STAGE28A,data/reports/stage28a_discovery_factory_batch_runner/stage28a_exact_trades.csv,session_compression_expansion_v1,sess_comp_exp_fade_london_h12_q0.3_tp06_sl065,-1.2538250000000972,-2.303825000000097,-3.003825000000097,0,0,0,0,2.303825000000097,22.449999999999818,5.760000000000218,0.032986111111119334,8.139999999999873,0.7960687960688108,3.6699999999998454,3.4864999999999897,0.328,-1.0,,,12,3,8.0,2022
2022-08-19 12:00:00+00:00|1.0|sess_comp_exp_fade_london_h12_q0.3_tp06_sl065,2022-08-19 12:00:00+00:00,STAGE28A,data/reports/stage28a_discovery_factory_batch_runner/stage28a_exact_trades.csv,session_compression_expansion_v1,sess_comp_exp_fade_london_h12_q0.3_tp06_sl065,0.5811999999999898,-0.4688000000000101,-1.1688000000000098,0,0,0,0,0.4688000000000101,17.089999999999918,5.740000000000009,0.548780487804893,5.559999999999945,0.13129496402878155,2.619999999999891,3.3414999999999964,0.284,1.0,,,12,4,8.0,2022
2022-08-29 12:00:00+00:00|1.0|sess_comp_exp_fade_london_h12_q0.3_tp06_sl065,2022-08-29 12:00:00+00:00,STAGE28A,data/reports/stage28a_discovery_factory_batch_runner/stage28a_exact_trades.csv,session_compression_expansion_v1,sess_comp_exp_fade_london_h12_q0.3_tp06_sl065,-1.4725500000000469,-2.5225500000000465,-3.222550000000046,0,0,0,0,2.5225500000000465,3.8599999999999,15.049999999999955,0.7495016611295685,5.519999999999982,0.24456521739132986,2.8599999999999,4.907999999999982,0.972,1.0,,,12,0,8.0,2022
2022-09-02 12:00:00+00:00|-1.0|sess_comp_exp_fade_london_h12_q0.3_tp06_sl065,2022-09-02 12:00:00+00:00,STAGE28A,data/reports/stage28a_discovery_factory_batch_runner/stage28a_exact_trades.csv,session_compression_expansion_v1,sess_comp_exp_fade_london_h12_q0.3_tp06_sl065,-1.2187250000000405,-2.2687250000000403,-2.96872500000004,0,0,0,0,2.2687250000000403,22.61999999999989,5.330000000000155,0.7448405253283137,8.539999999999964,0.8723653395784368,2.519999999999982,3.678000000000009,0.488,-1.0,,,12,4,9.0,2022
2022-09-05 12:00:00+00:00|1.0|sess_comp_exp_fade_london_h12_q0.3_tp06_sl065,2022-09-05 12:00:00+00:00,STAGE28A,data/reports/stage28a_discovery_factory_batch_runner/stage28a_exact_trades.csv,session_compression_expansion_v1,sess_comp_exp_fade_london_h12_q0.3_tp06_sl065,0.7231000000000677,-0.3268999999999322,-1.026899999999932,0,0,0,0,0.3268999999999322,1.9400000000000546,5.160000000000082,0.354651162790722,6.2999999999999545,0.3365079365079216,3.380000000000109,3.6535000000000197,0.424,1.0,,,12,0,9.0,2022
2022-09-13 12:00:00+00:00|-1.0|sess_comp_exp_fade_london_h12_q0.3_tp06_sl065,2022-09-13 12:00:00+00:00,STAGE28A,data/reports/stage28a_discovery_factory_batch_runner/stage28a_exact_trades.csv,session_compression_expansion_v1,sess_comp_exp_fade_london_h12_q0.3_tp06_sl065,-1.4377749999999652,-2.487774999999965,-3.1877749999999647,0,0,0,0,2.487774999999965,23.170000000000073,6.830000000000155,0.5710102489019038,8.160000000000082,0.6580882352940977,4.1400000000001,3.6080000000000156,0.256,-1.0,,,12,1,9.0,2022
2022-10-03 12:00:00+00:00|1.0|sess_comp_exp_fade_london_h12_q0.3_tp06_sl065,2022-10-03 12:00:00+00:00,STAGE28A,data/reports/stage28a_discovery_factory_batch_runner/stage28a_exact_trades.csv,session_compression_expansion_v1,sess_comp_exp_fade_london_h12_q0.3_tp06_sl065,-1.8849750000000316,-2.934975000000031,-3.634975000000031,0,0,0,0,2.934975000000031,4.540000000000191,8.75,0.07314285714286857,8.669999999999845,0.26758938869665255,4.569999999999936,4.359000000000037,0.312,1.0,,,12,0,10.0,2022
2022-10-07 12:00:00+00:00|-1.0|sess_comp_exp_fade_london_h12_q0.3_tp06_sl065,2022-10-07 12:00:00+00:00,STAGE28A,data/reports/stage28a_discovery_factory_batch_runner/stage28a_exact_trades.csv,session_compression_expansion_v1,sess_comp_exp_fade_london_h12_q0.3_tp06_sl065,0.9388000000000376,-0.1111999999999624,-0.8111999999999622,0,0,0,0,0.1111999999999624,18.649999999999864,4.269999999999982,0.4637002341920437,6.3900000000001,0.45539906103283395,4.350000000000136,3.736000000000024,0.008,-1.0,,,12,4,10.0,2022
2022-11-02 12:00:00+00:00|-1.0|sess_comp_exp_fade_london_h12_q0.3_tp06_sl065,2022-11-02 12:00:00+00:00,STAGE28A,data/reports/stage28a_discovery_factory_batch_runner/stage28a_exact_trades.csv,session_compression_expansion_v1,sess_comp_exp_fade_london_h12_q0.3_tp06_sl065,-1.4712499999999182,-2.521249999999918,-3.221249999999918,0,0,0,0,2.521249999999918,26.399999999999864,7.350000000000136,0.31292517006801523,7.3599999999999,0.6983695652174144,4.3599999999999,3.5644999999999643,0.06,-1.0,,,12,2,11.0,2022
2022-11-08 12:00:00+00:00|-1.0|sess_comp_exp_fade_london_h12_q0.3_tp06_sl065,2022-11-08 12:00:00+00:00,STAGE28A,data/reports/stage28a_discovery_factory_batch_runner/stage28a_exact_trades.csv,session_compression_expansion_v1,sess_comp_exp_fade_london_h12_q0.3_tp06_sl065,0.883299999999872,-0.1667000000001279,-0.8667000000001277,0,0,0,0,0.1667000000001279,14.930000000000064,7.279999999999973,0.5508241758241766,7.3599999999999,0.04347826086955716,6.930000000000064,3.2815000000000056,0.048,-1.0,,,12,1,11.0,2022
2022-11-18 12:00:00+00:00|-1.0|sess_comp_exp_fade_london_h12_q0.3_tp06_sl065,2022-11-18 12:00:00+00:00,STAGE28A,data/reports/stage28a_discovery_factory_batch_runner/stage28a_exact_trades.csv,session_compression_expansion_v1,sess_comp_exp_fade_london_h12_q0.3_tp06_sl065,-1.6870500000000903,-2.73705000000009,-3.43705000000009,0,0,0,0,2.73705000000009,20.269999999999982,6.349999999999909,0.3889763779527658,6.980000000000018,0.37392550143264947,6.980000000000018,3.39200000000003,0.048,-1.0,,,12,4,11.0,2022
2022-11-24 12:00:00+00:00|-1.0|sess_comp_exp_fade_london_h12_q0.3_tp06_sl065,2022-11-24 12:00:00+00:00,STAGE28A,data/reports/stage28a_discovery_factory_batch_runner/stage28a_exact_trades.csv,session_compression_expansion_v1,sess_comp_exp_fade_london_h12_q0.3_tp06_sl065,0.6576999999998862,-0.3923000000001138,-1.0923000000001135,0,0,0,0,0.3923000000001138,27.230000000000018,7.830000000000155,0.43550446998720144,6.160000000000082,0.07142857142857933,2.5799999999999272,3.7930000000000064,0.204,-1.0,,,12,3,11.0,2022
2022-11-29 12:00:00+00:00|-1.0|sess_comp_exp_fade_london_h12_q0.3_tp06_sl065,2022-11-29 12:00:00+00:00,STAGE28A,data/reports/stage28a_discovery_factory_batch_runner/stage28a_exact_trades.csv,session_compression_expansion_v1,sess_comp_exp_fade_london_h12_q0.3_tp06_sl065,-1.6422000000000936,-2.6922000000000934,-3.392200000000093,0,0,0,0,2.6922000000000934,24.059999999999945,14.629999999999882,0.8523581681476505,7.559999999999945,0.19312169312169933,5.570000000000164,3.8889999999999647,0.388,-1.0,,,12,1,11.0,2022
2022-12-02 12:00:00+00:00|-1.0|sess_comp_exp_fade_london_h12_q0.3_tp06_sl065,2022-12-02 12:00:00+00:00,STAGE28A,data/reports/stage28a_discovery_factory_batch_runner/stage28a_exact_trades.csv,session_compression_expansion_v1,sess_comp_exp_fade_london_h12_q0.3_tp06_sl065,0.7047999999998865,-0.3452000000001134,-1.0452000000001131,0,0,0,0,0.3452000000001134,35.86999999999989,8.8599999999999,0.5575620767494481,6.7000000000000455,0.41641791044775295,2.7000000000000455,4.061000000000012,0.572,-1.0,,,12,4,12.0,2022
2022-12-06 12:00:00+00:00|1.0|sess_comp_exp_fade_london_h12_q0.3_tp06_sl065,2022-12-06 12:00:00+00:00,STAGE28A,data/reports/stage28a_discovery_factory_batch_runner/stage28a_exact_trades.csv,session_compression_expansion_v1,sess_comp_exp_fade_london_h12_q0.3_tp06_sl065,-1.8167249999999968,-2.8667249999999966,-3.5667249999999964,0,0,0,0,2.8667249999999966,44.12999999999988,8.799999999999955,0.35454545454544395,7.7800000000002,0.16709511568125301,3.3500000000001364,4.536500000000046,0.656,1.0,,,12,1,12.0,2022
2022-12-07 12:00:00+00:00|-1.0|sess_comp_exp_fade_london_h12_q0.3_tp06_sl065,2022-12-07 12:00:00+00:00,STAGE28A,data/reports/stage28a_discovery_factory_batch_runner/stage28a_exact_trades.csv,session_compression_expansion_v1,sess_comp_exp_fade_london_h12_q0.3_tp06_sl065,0.8581000000000586,-0.1918999999999413,-0.8918999999999411,0,0,0,0,0.1918999999999413,13.570000000000164,6.420000000000073,0.015576323987524598,6.230000000000018,0.2616372391653093,4.150000000000091,3.344999999999993,0.208,-1.0,,,12,2,12.0,2022
2022-12-08 12:00:00+00:00|1.0|sess_comp_exp_fade_london_h12_q0.3_tp06_sl065,2022-12-08 12:00:00+00:00,STAGE28A,data/reports/stage28a_discovery_factory_batch_runner/stage28a_exact_trades.csv,session_compression_expansion_v1,sess_comp_exp_fade_london_h12_q0.3_tp06_sl065,-1.378949999999895,-2.428949999999895,-3.128949999999895,0,0,0,0,2.428949999999895,21.769999999999982,6.779999999999973,0.5176991150442485,5.3900000000001,0.03710575139143124,3.400000000000091,4.118499999999995,0.452,1.0,,,12,3,12.0,2022
2022-12-12 12:00:00+00:00|-1.0|sess_comp_exp_fade_london_h12_q0.3_tp06_sl065,2022-12-12 12:00:00+00:00,STAGE28A,data/reports/stage28a_discovery_factory_batch_runner/stage28a_exact_trades.csv,session_compression_expansion_v1,sess_comp_exp_fade_london_h12_q0.3_tp06_sl065,0.6783999999999196,-0.3716000000000803,-1.07160000000008,0,0,0,0,0.3716000000000803,2.3400000000001455,10.309999999999945,0.7332686711930151,7.329999999999927,0.6889495225102326,2.8099999999999454,3.919000000000017,0.34,-1.0,,,12,0,12.0,2022
2022-12-13 12:00:00+00:00|-1.0|sess_comp_exp_fade_london_h12_q0.3_tp06_sl065,2022-12-13 12:00:00+00:00,STAGE28A,data/reports/stage28a_discovery_factory_batch_runner/stage28a_exact_trades.csv,session_compression_expansion_v1,sess_comp_exp_fade_london_h12_q0.3_tp06_sl065,-1.4780750000000809,-2.5280750000000807,-3.2280750000000804,0,0,0,0,2.5280750000000807,19.5,6.0900000000001455,0.08702791461411495,6.180000000000064,0.7508090614886448,2.9500000000000455,3.1980000000000475,0.036,-1.0,,,12,1,12.0,2022
2022-12-14 12:00:00+00:00|1.0|sess_comp_exp_fade_london_h12_q0.3_tp06_sl065,2022-12-14 12:00:00+00:00,STAGE28A,data/reports/stage28a_discovery_factory_batch_runner/stage28a_exact_trades.csv,session_compression_expansion_v1,sess_comp_exp_fade_london_h12_q0.3_tp06_sl065,0.7387000000000171,-0.3112999999999828,-1.0112999999999823,0,0,0,0,0.3112999999999828,44.50999999999999,4.470000000000027,0.1342281879194419,6.720000000000027,0.029761904761877574,2.5399999999999636,4.634000000000026,0.624,1.0,,,12,2,12.0,2022
2022-12-21 12:00:00+00:00|1.0|sess_comp_exp_fade_london_h12_q0.3_tp06_sl065,2022-12-21 12:00:00+00:00,STAGE28A,data/reports/stage28a_discovery_factory_batch_runner/stage28a_exact_trades.csv,session_compression_expansion_v1,sess_comp_exp_fade_london_h12_q0.3_tp06_sl065,0.7518999999998869,-0.298100000000113,-0.9981000000001128,0,0,0,0,0.298100000000113,36.52999999999997,6.380000000000109,0.49999999999996436,5.369999999999891,0.1787709497206808,3.2899999999999636,3.5725000000000025,0.344,1.0,,,12,2,12.0,2022
2022-12-22 12:00:00+00:00|1.0|sess_comp_exp_fade_london_h12_q0.3_tp06_sl065,2022-12-22 12:00:00+00:00,STAGE28A,data/reports/stage28a_discovery_factory_batch_runner/stage28a_exact_trades.csv,session_compression_expansion_v1,sess_comp_exp_fade_london_h12_q0.3_tp06_sl065,-1.4907500000000256,-2.5407500000000254,-3.240750000000025,0,0,0,0,2.5407500000000254,11.930000000000064,6.889999999999873,0.7735849056603811,6.740000000000009,0.827893175074172,3.1700000000000728,3.2569999999999935,0.164,1.0,,,12,3,12.0,2022
2022-12-23 12:00:00+00:00|-1.0|sess_comp_exp_fade_london_h12_q0.3_tp06_sl065,2022-12-23 12:00:00+00:00,STAGE28A,data/reports/stage28a_discovery_factory_batch_runner/stage28a_exact_trades.csv,session_compression_expansion_v1,sess_comp_exp_fade_london_h12_q0.3_tp06_sl065,-1.4189250000000355,-2.468925000000036,-3.1689250000000357,0,0,0,0,2.468925000000036,35.58999999999992,4.270000000000209,0.33255269320843167,4.830000000000155,0.780538302277404,3.240000000000009,3.861500000000035,0.44,-1.0,,,12,4,12.0,2022
2022-12-27 12:00:00+00:00|-1.0|sess_comp_exp_fade_london_h12_q0.3_tp06_sl065,2022-12-27 12:00:00+00:00,STAGE28A,data/reports/stage28a_discovery_factory_batch_runner/stage28a_exact_trades.csv,session_compression_expansion_v1,sess_comp_exp_fade_london_h12_q0.3_tp06_sl065,0.5697999999998956,-0.4802000000001043,-1.180200000000104,0,0,0,0,0.4802000000001043,4.339999999999918,6.7999999999999545,0.47205882352938683,6.039999999999964,0.6026490066225367,3.480000000000018,3.3944999999999594,0.256,-1.0,,,12,1,12.0,2022
2022-12-29 12:00:00+00:00|1.0|sess_comp_exp_fade_london_h12_q0.3_tp06_sl065,2022-12-29 12:00:00+00:00,STAGE28A,data/reports/stage28a_discovery_factory_batch_runner/stage28a_exact_trades.csv,session_compression_expansion_v1,sess_comp_exp_fade_london_h12_q0.3_tp06_sl065,0.6571000000000368,-0.3928999999999631,-1.092899999999963,0,0,0,0,0.3928999999999631,17.580000000000155,5.630000000000109,0.5772646536411966,7.6099999999999,0.4809461235216692,3.240000000000009,3.5114999999999896,0.3,1.0,,,12,3,12.0,2022
2023-01-06 12:00:00+00:00|1.0|sess_comp_exp_fade_london_h12_q0.3_tp06_sl065,2023-01-06 12:00:00+00:00,STAGE28A,data/reports/stage28a_discovery_factory_batch_runner/stage28a_exact_trades.csv,session_compression_expansion_v1,sess_comp_exp_fade_london_h12_q0.3_tp06_sl065,-1.543400000000111,-2.5934000000001105,-3.2934000000001102,0,0,0,0,2.5934000000001105,33.99000000000001,10.930000000000064,0.4858188472095073,7.370000000000118,0.18724559023067666,4.150000000000091,4.134499999999991,0.504,1.0,,,12,4,1.0,2023
2023-01-10 12:00:00+00:00|-1.0|sess_comp_exp_fade_london_h12_q0.3_tp06_sl065,2023-01-10 12:00:00+00:00,STAGE28A,data/reports/stage28a_discovery_factory_batch_runner/stage28a_exact_trades.csv,session_compression_expansion_v1,sess_comp_exp_fade_london_h12_q0.3_tp06_sl065,-1.5814249999999448,-2.6314249999999446,-3.3314249999999443,0,0,0,0,2.6314249999999446,15.169999999999845,8.11999999999989,0.10467980295568323,6.699999999999818,0.5716417910447807,2.8099999999999454,4.252999999999952,0.428,-1.0,,,12,1,1.0,2023
2023-01-12 12:00:00+00:00|1.0|sess_comp_exp_fade_london_h12_q0.3_tp06_sl065,2023-01-12 12:00:00+00:00,STAGE28A,data/reports/stage28a_discovery_factory_batch_runner/stage28a_exact_trades.csv,session_compression_expansion_v1,sess_comp_exp_fade_london_h12_q0.3_tp06_sl065,0.5392000000000735,-0.5107999999999264,-1.2107999999999262,0,0,0,0,0.5107999999999264,19.480000000000018,10.3599999999999,0.7268339768339812,5.509999999999991,0.032667876588033384,4.269999999999982,3.481499999999971,0.096,1.0,,,12,3,1.0,2023
2023-01-27 12:00:00+00:00|-1.0|sess_comp_exp_fade_london_h12_q0.3_tp06_sl065,2023-01-27 12:00:00+00:00,STAGE28A,data/reports/stage28a_discovery_factory_batch_runner/stage28a_exact_trades.csv,session_compression_expansion_v1,sess_comp_exp_fade_london_h12_q0.3_tp06_sl065,0.7488999999999578,-0.3011000000000421,-1.0011000000000418,0,0,0,0,0.3011000000000421,30.470000000000027,15.069999999999936,0.6084936960849444,7.829999999999927,0.8735632183908023,3.6700000000000728,5.045999999999981,0.668,-1.0,,,12,4,1.0,2023
2023-02-01 12:00:00+00:00|1.0|sess_comp_exp_fade_london_h12_q0.3_tp06_sl065,2023-02-01 12:00:00+00:00,STAGE28A,data/reports/stage28a_discovery_factory_batch_runner/stage28a_exact_trades.csv,session_compression_expansion_v1,sess_comp_exp_fade_london_h12_q0.3_tp06_sl065,0.6805000000000746,-0.3694999999999253,-1.069499999999925,0,0,0,0,0.3694999999999253,30.279999999999973,4.25,0.3764705882353262,5.929999999999836,0.11973018549747994,2.5900000000001455,3.1814999999999714,0.004,1.0,,,12,2,2.0,2023
2023-02-07 12:00:00+00:00|-1.0|sess_comp_exp_fade_london_h12_q0.3_tp06_sl065,2023-02-07 12:00:00+00:00,STAGE28A,data/reports/stage28a_discovery_factory_batch_runner/stage28a_exact_trades.csv,session_compression_expansion_v1,sess_comp_exp_fade_london_h12_q0.3_tp06_sl065,1.1164000000000214,0.0664000000000215,-0.6335999999999782,1,0,0,0,0.0664000000000215,21.3900000000001,8.75,0.5234285714285631,6.900000000000091,0.17536231884054973,6.900000000000091,4.219999999999982,0.184,-1.0,,,12,1,2.0,2023
2023-02-14 12:00:00+00:00|-1.0|sess_comp_exp_fade_london_h12_q0.3_tp06_sl065,2023-02-14 12:00:00+00:00,STAGE28A,data/reports/stage28a_discovery_factory_batch_runner/stage28a_exact_trades.csv,session_compression_expansion_v1,sess_comp_exp_fade_london_h12_q0.3_tp06_sl065,-1.7322250000000623,-2.782225000000062,-3.482225000000062,0,0,0,0,2.782225000000062,16.13000000000011,6.519999999999982,0.5920245398773218,7.099999999999909,0.12394366197181592,4.439999999999827,3.581499999999994,0.056,-1.0,,,12,1,2.0,2023
2023-02-20 12:00:00+00:00|-1.0|sess_comp_exp_fade_london_h12_q0.3_tp06_sl065,2023-02-20 12:00:00+00:00,STAGE28A,data/reports/stage28a_discovery_factory_batch_runner/stage28a_exact_trades.csv,session_compression_expansion_v1,sess_comp_exp_fade_london_h12_q0.3_tp06_sl065,0.7564000000001215,-0.2935999999998784,-0.993599999999878,0,0,0,0,0.2935999999998784,3.3700000000001182,7.559999999999945,0.5052910052910006,6.3599999999999,0.1289308176100549,2.5499999999999545,3.93599999999999,0.072,-1.0,,,12,0,2.0,2023
2023-02-24 12:00:00+00:00|1.0|sess_comp_exp_fade_london_h12_q0.3_tp06_sl065,2023-02-24 12:00:00+00:00,STAGE28A,data/reports/stage28a_discovery_factory_batch_runner/stage28a_exact_trades.csv,session_compression_expansion_v1,sess_comp_exp_fade_london_h12_q0.3_tp06_sl065,0.8412999999999556,-0.2087000000000443,-0.908700000000044,0,0,0,0,0.2087000000000443,16.320000000000164,6.779999999999973,0.3554572271386566,6.529999999999973,0.4992343032159272,3.9700000000000273,3.582000000000005,0.144,1.0,,,12,4,2.0,2023
2023-02-27 12:00:00+00:00|1.0|sess_comp_exp_fade_london_h12_q0.3_tp06_sl065,2023-02-27 12:00:00+00:00,STAGE28A,data/reports/stage28a_discovery_factory_batch_runner/stage28a_exact_trades.csv,session_compression_expansion_v1,sess_comp_exp_fade_london_h12_q0.3_tp06_sl065,0.7197999999999866,-0.3302000000000133,-1.030200000000013,0,0,0,0,0.3302000000000133,3.119999999999891,7.599999999999909,0.32763157894737355,6.600000000000136,0.20151515151513633,2.6800000000000637,3.57349999999999,0.156,1.0,,,12,0,2.0,2023
2023-03-02 12:00:00+00:00|1.0|sess_comp_exp_fade_london_h12_q0.3_tp06_sl065,2023-03-02 12:00:00+00:00,STAGE28A,data/reports/stage28a_discovery_factory_batch_runner/stage28a_exact_trades.csv,session_compression_expansion_v1,sess_comp_exp_fade_london_h12_q0.3_tp06_sl065,0.8101000000000568,-0.2398999999999431,-0.9398999999999428,0,0,0,0,0.2398999999999431,21.450000000000045,7.440000000000055,0.29301075268817844,5.220000000000027,0.5363984674329387,4.190000000000055,3.603499999999997,0.26,1.0,,,12,3,3.0,2023
2023-03-08 12:00:00+00:00|-1.0|sess_comp_exp_fade_london_h12_q0.3_tp06_sl065,2023-03-08 12:00:00+00:00,STAGE28A,data/reports/stage28a_discovery_factory_batch_runner/stage28a_exact_trades.csv,session_compression_expansion_v1,sess_comp_exp_fade_london_h12_q0.3_tp06_sl065,-1.3136250000000929,-2.3636250000000927,-3.0636250000000924,0,0,0,0,2.3636250000000927,38.899999999999864,5.070000000000164,0.4773175542406301,4.800000000000182,0.5312499999999704,2.2800000000002,3.4715000000000487,0.292,-1.0,,,12,2,3.0,2023
2023-03-09 12:00:00+00:00|-1.0|sess_comp_exp_fade_london_h12_q0.3_tp06_sl065,2023-03-09 12:00:00+00:00,STAGE28A,data/reports/stage28a_discovery_factory_batch_runner/stage28a_exact_trades.csv,session_compression_expansion_v1,sess_comp_exp_fade_london_h12_q0.3_tp06_sl065,-1.340600000000086,-2.3906000000000858,-3.090600000000085,0,0,0,0,2.3906000000000858,14.860000000000127,4.480000000000018,0.20535714285715825,6.339999999999918,0.5883280757097896,2.8799999999998818,3.18599999999999,0.208,-1.0,,,12,3,3.0,2023
2023-03-17 12:00:00+00:00|-1.0|sess_comp_exp_fade_london_h12_q0.3_tp06_sl065,2023-03-17 12:00:00+00:00,STAGE28A,data/reports/stage28a_discovery_factory_batch_runner/stage28a_exact_trades.csv,session_compression_expansion_v1,sess_comp_exp_fade_london_h12_q0.3_tp06_sl065,-1.9873499999999693,-3.0373499999999694,-3.737349999999969,0,0,0,0,3.0373499999999694,25.8599999999999,12.769999999999982,0.8300704776820792,6.980000000000018,0.04154727793695743,4.809999999999945,4.847999999999968,0.572,-1.0,,,12,4,3.0,2023
2023-04-04 12:00:00+00:00|-1.0|sess_comp_exp_fade_london_h12_q0.3_tp06_sl065,2023-04-04 12:00:00+00:00,STAGE28A,data/reports/stage28a_discovery_factory_batch_runner/stage28a_exact_trades.csv,session_compression_expansion_v1,sess_comp_exp_fade_london_h12_q0.3_tp06_sl065,0.8985999999998967,-0.1514000000001032,-0.851400000000103,0,0,0,0,0.1514000000001032,40.72000000000003,7.680000000000064,0.7552083333333508,7.259999999999991,0.6680440771350059,3.9700000000000273,4.396500000000015,0.216,-1.0,,,12,1,4.0,2023
2023-04-05 12:00:00+00:00|-1.0|sess_comp_exp_fade_london_h12_q0.3_tp06_sl065,2023-04-05 12:00:00+00:00,STAGE28A,data/reports/stage28a_discovery_factory_batch_runner/stage28a_exact_trades.csv,session_compression_expansion_v1,sess_comp_exp_fade_london_h12_q0.3_tp06_sl065,-1.6509749999998804,-2.70097499999988,-3.40097499999988,0,0,0,0,2.70097499999988,48.01999999999998,5.910000000000082,0.4027072758037354,6.6099999999999,0.22541603630862808,4.899999999999864,5.217000000000041,0.468,-1.0,,,12,2,4.0,2023
2023-04-26 12:00:00+00:00|-1.0|sess_comp_exp_fade_london_h12_q0.3_tp06_sl065,2023-04-26 12:00:00+00:00,STAGE28A,data/reports/stage28a_discovery_factory_batch_runner/stage28a_exact_trades.csv,session_compression_expansion_v1,sess_comp_exp_fade_london_h12_q0.3_tp06_sl065,0.8040999999999713,-0.2459000000000286,-0.9459000000000284,0,0,0,0,0.2459000000000286,27.710000000000036,9.230000000000018,0.37811484290357555,6.069999999999936,0.7726523887973812,2.9300000000000637,4.840999999999985,0.404,-1.0,,,12,2,4.0,2023
2023-04-27 12:00:00+00:00|1.0|sess_comp_exp_fade_london_h12_q0.3_tp06_sl065,2023-04-27 12:00:00+00:00,STAGE28A,data/reports/stage28a_discovery_factory_batch_runner/stage28a_exact_trades.csv,session_compression_expansion_v1,sess_comp_exp_fade_london_h12_q0.3_tp06_sl065,-1.8398000000000596,-2.889800000000059,-3.589800000000059,0,0,0,0,2.889800000000059,25.920000000000073,11.960000000000036,0.8127090301003342,6.400000000000091,0.44687499999997804,2.349999999999909,4.818500000000029,0.368,1.0,,,12,3,4.0,2023
2023-05-02 12:00:00+00:00|1.0|sess_comp_exp_fade_london_h12_q0.3_tp06_sl065,2023-05-02 12:00:00+00:00,STAGE28A,data/reports/stage28a_discovery_factory_batch_runner/stage28a_exact_trades.csv,session_compression_expansion_v1,sess_comp_exp_fade_london_h12_q0.3_tp06_sl065,-1.5109000000000834,-2.560900000000083,-3.260900000000083,0,0,0,0,2.560900000000083,28.960000000000036,4.459999999999809,0.12556053811658507,7.899999999999864,0.25949367088607467,3.8199999999999363,3.7164999999999737,0.056,1.0,,,12,1,5.0,2023
2023-05-03 12:00:00+00:00|1.0|sess_comp_exp_fade_london_h12_q0.3_tp06_sl065,2023-05-03 12:00:00+00:00,STAGE28A,data/reports/stage28a_discovery_factory_batch_runner/stage28a_exact_trades.csv,session_compression_expansion_v1,sess_comp_exp_fade_london_h12_q0.3_tp06_sl065,0.6255999999999858,-0.4244000000000141,-1.1244000000000138,0,0,0,0,0.4244000000000141,40.909999999999854,4.5300000000002,0.6247240618101109,6.770000000000209,0.20531757754798075,2.4300000000000637,4.608499999999992,0.342,1.0,,,12,2,5.0,2023
2023-05-08 12:00:00+00:00|1.0|sess_comp_exp_fade_london_h12_q0.3_tp06_sl065,2023-05-08 12:00:00+00:00,STAGE28A,data/reports/stage28a_discovery_factory_batch_runner/stage28a_exact_trades.csv,session_compression_expansion_v1,sess_comp_exp_fade_london_h12_q0.3_tp06_sl065,0.5820999999999913,-0.4679000000000086,-1.1679000000000084,0,0,0,0,0.4679000000000086,3.8199999999999363,9.689999999999827,0.8926728586171329,4.629999999999882,0.12526997840176446,3.099999999999909,4.463499999999977,0.24,1.0,,,12,0,5.0,2023
2023-05-09 12:00:00+00:00|-1.0|sess_comp_exp_fade_london_h12_q0.3_tp06_sl065,2023-05-09 12:00:00+00:00,STAGE28A,data/reports/stage28a_discovery_factory_batch_runner/stage28a_exact_trades.csv,session_compression_expansion_v1,sess_comp_exp_fade_london_h12_q0.3_tp06_sl065,0.8103999999999815,-0.2396000000000184,-0.9396000000000182,0,0,0,0,0.2396000000000184,15.129999999999882,5.400000000000091,0.4944444444444075,7.330000000000155,0.46248294679400115,4.690000000000055,3.4920000000000413,0.08,-1.0,,,12,1,5.0,2023
2023-05-10 12:00:00+00:00|1.0|sess_comp_exp_fade_london_h12_q0.3_tp06_sl065,2023-05-10 12:00:00+00:00,STAGE28A,data/reports/stage28a_discovery_factory_batch_runner/stage28a_exact_trades.csv,session_compression_expansion_v1,sess_comp_exp_fade_london_h12_q0.3_tp06_sl065,0.762100000000055,-0.287899999999945,-0.9878999999999448,0,0,0,0,0.287899999999945,18.029999999999973,7.679999999999836,0.5572916666667046,6.680000000000064,0.39371257485027794,5.559999999999945,3.5410000000000195,0.152,1.0,,,12,2,5.0,2023
2023-05-12 12:00:00+00:00|1.0|sess_comp_exp_fade_london_h12_q0.3_tp06_sl065,2023-05-12 12:00:00+00:00,STAGE28A,data/reports/stage28a_discovery_factory_batch_runner/stage28a_exact_trades.csv,session_compression_expansion_v1,sess_comp_exp_fade_london_h12_q0.3_tp06_sl065,-1.7221499999999197,-2.7721499999999195,-3.4721499999999192,0,0,0,0,2.7721499999999195,30.1400000000001,8.960000000000036,0.4832589285714185,11.710000000000036,0.7532023911186941,4.220000000000027,5.039500000000009,0.552,1.0,,,12,4,5.0,2023
2023-05-15 12:00:00+00:00|-1.0|sess_comp_exp_fade_london_h12_q0.3_tp06_sl065,2023-05-15 12:00:00+00:00,STAGE28A,data/reports/stage28a_discovery_factory_batch_runner/stage28a_exact_trades.csv,session_compression_expansion_v1,sess_comp_exp_fade_london_h12_q0.3_tp06_sl065,0.7986999999999626,-0.2513000000000374,-0.9513000000000372,0,0,0,0,0.2513000000000374,4.789999999999964,11.710000000000036,0.2613151152860748,7.720000000000027,0.3121761658031183,3.8299999999999272,4.288499999999999,0.328,-1.0,,,12,0,5.0,2023
2023-05-17 12:00:00+00:00|1.0|sess_comp_exp_fade_london_h12_q0.3_tp06_sl065,2023-05-17 12:00:00+00:00,STAGE28A,data/reports/stage28a_discovery_factory_batch_runner/stage28a_exact_trades.csv,session_compression_expansion_v1,sess_comp_exp_fade_london_h12_q0.3_tp06_sl065,-1.442975000000024,-2.492975000000024,-3.192975000000024,0,0,0,0,2.492975000000024,32.789999999999964,5.0,0.25599999999999457,8.180000000000064,0.892420537897298,3.1900000000000546,3.64050000000002,0.236,1.0,,,12,2,5.0,2023
2023-06-02 12:00:00+00:00|1.0|sess_comp_exp_fade_london_h12_q0.3_tp06_sl065,2023-06-02 12:00:00+00:00,STAGE28A,data/reports/stage28a_discovery_factory_batch_runner/stage28a_exact_trades.csv,session_compression_expansion_v1,sess_comp_exp_fade_london_h12_q0.3_tp06_sl065,0.7012000000001081,-0.3487999999998918,-1.0487999999998916,0,0,0,0,0.3487999999998918,29.720000000000027,9.389999999999873,0.55271565495209,7.849999999999909,0.2496815286624279,4.869999999999891,3.68449999999998,0.172,1.0,,,12,4,6.0,2023
2023-06-06 12:00:00+00:00|-1.0|sess_comp_exp_fade_london_h12_q0.3_tp06_sl065,2023-06-06 12:00:00+00:00,STAGE28A,data/reports/stage28a_discovery_factory_batch_runner/stage28a_exact_trades.csv,session_compression_expansion_v1,sess_comp_exp_fade_london_h12_q0.3_tp06_sl065,0.8682999999999993,-0.1817000000000006,-0.8817000000000004,0,0,0,0,0.1817000000000006,25.87000000000012,5.519999999999982,0.5851449275362371,6.670000000000073,0.4692653673163531,4.169999999999845,3.5699999999999705,0.136,-1.0,,,12,1,6.0,2023
2023-06-08 12:00:00+00:00|-1.0|sess_comp_exp_fade_london_h12_q0.3_tp06_sl065,2023-06-08 12:00:00+00:00,STAGE28A,data/reports/stage28a_discovery_factory_batch_runner/stage28a_exact_trades.csv,session_compression_expansion_v1,sess_comp_exp_fade_london_h12_q0.3_tp06_sl065,-1.5219499999999244,-2.571949999999924,-3.271949999999924,0,0,0,0,2.571949999999924,30.329999999999927,7.440000000000055,0.5349462365591383,6.319999999999936,0.011075949367078645,2.3799999999998818,4.5735000000000126,0.656,-1.0,,,12,3,6.0,2023
2023-06-09 12:00:00+00:00|1.0|sess_comp_exp_fade_london_h12_q0.3_tp06_sl065,2023-06-09 12:00:00+00:00,STAGE28A,data/reports/stage28a_discovery_factory_batch_runner/stage28a_exact_trades.csv,session_compression_expansion_v1,sess_comp_exp_fade_london_h12_q0.3_tp06_sl065,0.4335999999999785,-0.6164000000000214,-1.316400000000021,0,0,0,0,0.6164000000000214,30.90000000000009,3.25,0.7046153846153734,5.440000000000055,0.34191176470590234,2.6700000000000728,2.827000000000021,0.068,1.0,,,12,4,6.0,2023
2023-06-13 12:00:00+00:00|-1.0|sess_comp_exp_fade_london_h12_q0.3_tp06_sl065,2023-06-13 12:00:00+00:00,STAGE28A,data/reports/stage28a_discovery_factory_batch_runner/stage28a_exact_trades.csv,session_compression_expansion_v1,sess_comp_exp_fade_london_h12_q0.3_tp06_sl065,-1.3864250000000085,-2.4364250000000083,-3.136425000000008,0,0,0,0,2.4364250000000083,17.7800000000002,6.210000000000036,0.6070853462157745,7.149999999999864,0.1706293706293777,3.1599999999998545,3.764999999999975,0.416,-1.0,,,12,1,6.0,2023
2023-06-14 12:00:00+00:00|-1.0|sess_comp_exp_fade_london_h12_q0.3_tp06_sl065,2023-06-14 12:00:00+00:00,STAGE28A,data/reports/stage28a_discovery_factory_batch_runner/stage28a_exact_trades.csv,session_compression_expansion_v1,sess_comp_exp_fade_london_h12_q0.3_tp06_sl065,-1.478400000000056,-2.528400000000056,-3.228400000000056,0,0,0,0,2.528400000000056,30.730000000000018,7.240000000000009,0.7223756906077364,7.639999999999873,0.2683246073298414,2.5100000000002183,4.04100000000002,0.568,-1.0,,,12,2,6.0,2023
2023-06-19 12:00:00+00:00|-1.0|sess_comp_exp_fade_london_h12_q0.3_tp06_sl065,2023-06-19 12:00:00+00:00,STAGE28A,data/reports/stage28a_discovery_factory_batch_runner/stage28a_exact_trades.csv,session_compression_expansion_v1,sess_comp_exp_fade_london_h12_q0.3_tp06_sl065,0.5262999999999011,-0.5237000000000989,-1.2237000000000986,0,0,0,0,0.5237000000000989,3.0699999999999363,4.7199999999998,0.5127118644068168,8.539999999999964,0.6217798594847738,3.6799999999998363,3.65799999999997,0.304,-1.0,,,12,0,6.0,2023
2023-06-21 12:00:00+00:00|1.0|sess_comp_exp_fade_london_h12_q0.3_tp06_sl065,2023-06-21 12:00:00+00:00,STAGE28A,data/reports/stage28a_discovery_factory_batch_runner/stage28a_exact_trades.csv,session_compression_expansion_v1,sess_comp_exp_fade_london_h12_q0.3_tp06_sl065,0.7317999999999302,-0.3182000000000697,-1.0182000000000695,0,0,0,0,0.3182000000000697,26.99000000000001,4.149999999999864,0.10843373493977355,6.149999999999864,0.6065040650406668,2.2999999999999545,3.3879999999999653,0.256,1.0,,,12,2,6.0,2023
2023-06-27 12:00:00+00:00|1.0|sess_comp_exp_fade_london_h12_q0.3_tp06_sl065,2023-06-27 12:00:00+00:00,STAGE28A,data/reports/stage28a_discovery_factory_batch_runner/stage28a_exact_trades.csv,session_compression_expansion_v1,sess_comp_exp_fade_london_h12_q0.3_tp06_sl065,-1.3747249999999895,-2.4247249999999894,-3.124724999999989,0,0,0,0,2.4247249999999894,11.819999999999936,9.349999999999909,0.4064171122994643,5.9500000000000455,0.724369747899145,4.4500000000000455,3.4095000000000026,0.228,1.0,,,12,1,6.0,2023
2023-06-29 12:00:00+00:00|-1.0|sess_comp_exp_fade_london_h12_q0.3_tp06_sl065,2023-06-29 12:00:00+00:00,STAGE28A,data/reports/stage28a_discovery_factory_batch_runner/stage28a_exact_trades.csv,session_compression_expansion_v1,sess_comp_exp_fade_london_h12_q0.3_tp06_sl065,-1.477424999999903,-2.5274249999999028,-3.2274249999999025,0,0,0,0,2.5274249999999028,14.339999999999918,10.029999999999973,0.4386839481555437,5.619999999999891,0.03914590747331522,3.6299999999998818,3.4644999999999984,0.316,-1.0,,,12,3,6.0,2023
2023-07-04 12:00:00+00:00|-1.0|sess_comp_exp_fade_london_h12_q0.3_tp06_sl065,2023-07-04 12:00:00+00:00,STAGE28A,data/reports/stage28a_discovery_factory_batch_runner/stage28a_exact_trades.csv,session_compression_expansion_v1,sess_comp_exp_fade_london_h12_q0.3_tp06_sl065,0.4369000000000597,-0.6130999999999402,-1.31309999999994,0,0,0,0,0.6130999999999402,20.950000000000045,3.6399999999998727,0.4807692307692476,7.9099999999998545,0.8609355246523765,3.0699999999999363,2.6360000000000015,0.012,-1.0,,,12,1,7.0,2023
2023-07-05 12:00:00+00:00|-1.0|sess_comp_exp_fade_london_h12_q0.3_tp06_sl065,2023-07-05 12:00:00+00:00,STAGE28A,data/reports/stage28a_discovery_factory_batch_runner/stage28a_exact_trades.csv,session_compression_expansion_v1,sess_comp_exp_fade_london_h12_q0.3_tp06_sl065,0.5068000000000211,-0.5431999999999788,-1.2431999999999783,0,0,0,0,0.5431999999999788,10.940000000000055,3.9700000000000273,0.42821158690177175,8.25,0.5624242424242546,2.9200000000000728,2.435000000000025,0.092,-1.0,,,12,2,7.0,2023
2023-07-06 12:00:00+00:00|1.0|sess_comp_exp_fade_london_h12_q0.3_tp06_sl065,2023-07-06 12:00:00+00:00,STAGE28A,data/reports/stage28a_discovery_factory_batch_runner/stage28a_exact_trades.csv,session_compression_expansion_v1,sess_comp_exp_fade_london_h12_q0.3_tp06_sl065,0.4576000000000931,-0.5923999999999068,-1.2923999999999063,0,0,0,0,0.5923999999999068,20.289999999999964,5.2000000000000455,0.3557692307692102,5.379999999999882,0.15055762081783702,3.660000000000082,3.276999999999987,0.276,1.0,,,12,3,7.0,2023
2023-07-07 12:00:00+00:00|-1.0|sess_comp_exp_fade_london_h12_q0.3_tp06_sl065,2023-07-07 12:00:00+00:00,STAGE28A,data/reports/stage28a_discovery_factory_batch_runner/stage28a_exact_trades.csv,session_compression_expansion_v1,sess_comp_exp_fade_london_h12_q0.3_tp06_sl065,-1.2287999999999557,-2.2787999999999555,-2.9787999999999557,0,0,0,0,2.2787999999999555,24.910000000000082,2.8099999999999454,0.049822064056895154,6.5499999999999545,0.7709923664122121,2.4300000000000637,2.966000000000008,0.184,-1.0,,,12,4,7.0,2023
2023-07-10 12:00:00+00:00|-1.0|sess_comp_exp_fade_london_h12_q0.3_tp06_sl065,2023-07-10 12:00:00+00:00,STAGE28A,data/reports/stage28a_discovery_factory_batch_runner/stage28a_exact_trades.csv,session_compression_expansion_v1,sess_comp_exp_fade_london_h12_q0.3_tp06_sl065,-1.273000000000002,-2.3230000000000017,-3.023000000000001,0,0,0,0,2.3230000000000017,4.289999999999964,5.559999999999945,0.3992805755395772,6.920000000000073,0.0765895953757178,2.9400000000000546,4.028499999999997,0.76,-1.0,,,12,0,7.0,2023
2023-07-12 12:00:00+00:00|1.0|sess_comp_exp_fade_london_h12_q0.3_tp06_sl065,2023-07-12 12:00:00+00:00,STAGE28A,data/reports/stage28a_discovery_factory_batch_runner/stage28a_exact_trades.csv,session_compression_expansion_v1,sess_comp_exp_fade_london_h12_q0.3_tp06_sl065,0.5239000000000488,-0.5260999999999512,-1.226099999999951,0,0,0,0,0.5260999999999512,14.170000000000073,8.88000000000011,0.5833333333333334,6.5,0.4799999999999832,2.769999999999982,2.596000000000015,0.132,1.0,,,12,2,7.0,2023
2023-07-17 12:00:00+00:00|-1.0|sess_comp_exp_fade_london_h12_q0.3_tp06_sl065,2023-07-17 12:00:00+00:00,STAGE28A,data/reports/stage28a_discovery_factory_batch_runner/stage28a_exact_trades.csv,session_compression_expansion_v1,sess_comp_exp_fade_london_h12_q0.3_tp06_sl065,-1.4731999999999972,-2.523199999999997,-3.2231999999999967,0,0,0,0,2.523199999999997,2.8300000000001546,4.990000000000009,0.1923847695390851,8.600000000000136,0.7697674418604666,5.5,3.594999999999982,0.596,-1.0,,,12,0,7.0,2023
2023-07-18 12:00:00+00:00|-1.0|sess_comp_exp_fade_london_h12_q0.3_tp06_sl065,2023-07-18 12:00:00+00:00,STAGE28A,data/reports/stage28a_discovery_factory_batch_runner/stage28a_exact_trades.csv,session_compression_expansion_v1,sess_comp_exp_fade_london_h12_q0.3_tp06_sl065,0.5854000000000724,-0.4645999999999275,-1.1645999999999272,0,0,0,0,0.4645999999999275,14.089999999999918,6.839999999999918,0.7046783625730986,6.329999999999927,0.513428120063197,2.5,2.645000000000016,0.152,-1.0,,,12,1,7.0,2023
2023-07-25 12:00:00+00:00|-1.0|sess_comp_exp_fade_london_h12_q0.3_tp06_sl065,2023-07-25 12:00:00+00:00,STAGE28A,data/reports/stage28a_discovery_factory_batch_runner/stage28a_exact_trades.csv,session_compression_expansion_v1,sess_comp_exp_fade_london_h12_q0.3_tp06_sl065,0.7242999999999938,-0.3257000000000061,-1.0257000000000058,0,0,0,0,0.3257000000000061,14.429999999999836,10.349999999999909,0.6434782608695568,4.730000000000018,0.12262156448201375,4.0,3.1965000000000146,0.244,-1.0,,,12,1,7.0,2023
2023-07-31 12:00:00+00:00|1.0|sess_comp_exp_fade_london_h12_q0.3_tp06_sl065,2023-07-31 12:00:00+00:00,STAGE28A,data/reports/stage28a_discovery_factory_batch_runner/stage28a_exact_trades.csv,session_compression_expansion_v1,sess_comp_exp_fade_london_h12_q0.3_tp06_sl065,0.6030999999999495,-0.4469000000000505,-1.1469000000000502,0,0,0,0,0.4469000000000505,2.269999999999982,6.829999999999927,0.806734992679363,6.0499999999999545,0.3884297520661036,4.789999999999964,3.178000000000054,0.168,1.0,,,12,0,7.0,2023
2023-08-02 12:00:00+00:00|-1.0|sess_comp_exp_fade_london_h12_q0.3_tp06_sl065,2023-08-02 12:00:00+00:00,STAGE28A,data/reports/stage28a_discovery_factory_batch_runner/stage28a_exact_trades.csv,session_compression_expansion_v1,sess_comp_exp_fade_london_h12_q0.3_tp06_sl065,0.6442000000000917,-0.4057999999999082,-1.105799999999908,0,0,0,0,0.4057999999999082,24.850000000000136,8.789999999999964,0.2104664391353975,6.620000000000118,0.055891238670711725,3.519999999999982,3.4915000000000305,0.36,-1.0,,,12,2,8.0,2023
2023-08-04 12:00:00+00:00|1.0|sess_comp_exp_fade_london_h12_q0.3_tp06_sl065,2023-08-04 12:00:00+00:00,STAGE28A,data/reports/stage28a_discovery_factory_batch_runner/stage28a_exact_trades.csv,session_compression_expansion_v1,sess_comp_exp_fade_london_h12_q0.3_tp06_sl065,-1.3308499999999186,-2.3808499999999184,-3.080849999999918,0,0,0,0,2.3808499999999184,9.400000000000091,4.379999999999882,0.052511415525119724,5.3599999999999,0.3264925373134389,1.5499999999999545,2.9695000000000165,0.084,1.0,,,12,4,8.0,2023
2023-08-07 12:00:00+00:00|1.0|sess_comp_exp_fade_london_h12_q0.3_tp06_sl065,2023-08-07 12:00:00+00:00,STAGE28A,data/reports/stage28a_discovery_factory_batch_runner/stage28a_exact_trades.csv,session_compression_expansion_v1,sess_comp_exp_fade_london_h12_q0.3_tp06_sl065,-1.3383250000000315,-2.388325000000032,-3.0883250000000317,0,0,0,0,2.388325000000032,4.6400000000001,8.450000000000045,0.5254437869822521,5.220000000000027,0.9501915708812281,2.3400000000001455,3.22349999999999,0.192,1.0,,,12,0,8.0,2023
2023-08-08 12:00:00+00:00|-1.0|sess_comp_exp_fade_london_h12_q0.3_tp06_sl065,2023-08-08 12:00:00+00:00,STAGE28A,data/reports/stage28a_discovery_factory_batch_runner/stage28a_exact_trades.csv,session_compression_expansion_v1,sess_comp_exp_fade_london_h12_q0.3_tp06_sl065,-1.343850000000066,-2.3938500000000658,-3.093850000000065,0,0,0,0,2.3938500000000658,15.170000000000073,6.919999999999845,0.42774566473986636,5.420000000000073,0.3487084870848427,4.539999999999964,3.052500000000009,0.144,-1.0,,,12,1,8.0,2023
2023-08-09 12:00:00+00:00|1.0|sess_comp_exp_fade_london_h12_q0.3_tp06_sl065,2023-08-09 12:00:00+00:00,STAGE28A,data/reports/stage28a_discovery_factory_batch_runner/stage28a_exact_trades.csv,session_compression_expansion_v1,sess_comp_exp_fade_london_h12_q0.3_tp06_sl065,-1.21482500000011,-2.26482500000011,-2.964825000000109,0,0,0,0,2.26482500000011,15.22999999999979,6.5900000000001455,0.7799696509863409,6.440000000000055,0.6024844720497012,3.2799999999999727,2.73900000000001,0.044,1.0,,,12,2,8.0,2023
2023-08-10 12:00:00+00:00|-1.0|sess_comp_exp_fade_london_h12_q0.3_tp06_sl065,2023-08-10 12:00:00+00:00,STAGE28A,data/reports/stage28a_discovery_factory_batch_runner/stage28a_exact_trades.csv,session_compression_expansion_v1,sess_comp_exp_fade_london_h12_q0.3_tp06_sl065,-1.3542499999999564,-2.4042499999999563,-3.104249999999956,0,0,0,0,2.4042499999999563,18.330000000000155,4.660000000000082,0.5021459227467547,6.099999999999909,0.377049180327867,2.6099999999999,2.8049999999999953,0.092,-1.0,,,12,3,8.0,2023
2023-08-11 12:00:00+00:00|-1.0|sess_comp_exp_fade_london_h12_q0.3_tp06_sl065,2023-08-11 12:00:00+00:00,STAGE28A,data/reports/stage28a_discovery_factory_batch_runner/stage28a_exact_trades.csv,session_compression_expansion_v1,sess_comp_exp_fade_london_h12_q0.3_tp06_sl065,-1.1501500000000306,-2.2001500000000305,-2.90015000000003,0,0,0,0,2.2001500000000305,17.99000000000001,5.129999999999882,0.3781676413255554,7.240000000000009,0.46685082872926487,3.240000000000009,3.4129999999999883,0.408,-1.0,,,12,4,8.0,2023
2023-08-14 12:00:00+00:00|-1.0|sess_comp_exp_fade_london_h12_q0.3_tp06_sl065,2023-08-14 12:00:00+00:00,STAGE28A,data/reports/stage28a_discovery_factory_batch_runner/stage28a_exact_trades.csv,session_compression_expansion_v1,sess_comp_exp_fade_london_h12_q0.3_tp06_sl065,0.4678000000000338,-0.5821999999999661,-1.2821999999999658,0,0,0,0,0.5821999999999661,2.990000000000009,5.099999999999909,0.18235294117648632,5.559999999999945,0.24280575539566948,2.3599999999999,2.8954999999999926,0.172,-1.0,,,12,0,8.0,2023
2023-08-15 12:00:00+00:00|1.0|sess_comp_exp_fade_london_h12_q0.3_tp06_sl065,2023-08-15 12:00:00+00:00,STAGE28A,data/reports/stage28a_discovery_factory_batch_runner/stage28a_exact_trades.csv,session_compression_expansion_v1,sess_comp_exp_fade_london_h12_q0.3_tp06_sl065,0.4471000000000004,-0.6028999999999995,-1.3028999999999993,0,0,0,0,0.6028999999999995,13.519999999999982,4.5,0.015555555555541408,4.460000000000036,0.5874439461883625,2.1299999999998818,3.0140000000000216,0.288,1.0,,,12,1,8.0,2023
2023-08-16 12:00:00+00:00|-1.0|sess_comp_exp_fade_london_h12_q0.3_tp06_sl065,2023-08-16 12:00:00+00:00,STAGE28A,data/reports/stage28a_discovery_factory_batch_runner/stage28a_exact_trades.csv,session_compression_expansion_v1,sess_comp_exp_fade_london_h12_q0.3_tp06_sl065,0.3402999999999793,-0.7097000000000206,-1.4097000000000204,0,0,0,0,0.7097000000000206,15.230000000000018,5.009999999999991,0.5209580838323616,4.4500000000000455,0.45168539325842033,2.269999999999982,2.9440000000000053,0.22,-1.0,,,12,2,8.0,2023
2023-08-17 12:00:00+00:00|-1.0|sess_comp_exp_fade_london_h12_q0.3_tp06_sl065,2023-08-17 12:00:00+00:00,STAGE28A,data/reports/stage28a_discovery_factory_batch_runner/stage28a_exact_trades.csv,session_compression_expansion_v1,sess_comp_exp_fade_london_h12_q0.3_tp06_sl065,-1.1170000000000528,-2.1670000000000527,-2.8670000000000524,0,0,0,0,2.1670000000000527,15.420000000000073,5.419999999999845,0.30442804428046827,5.570000000000164,0.45960502692995875,2.689999999999827,2.992000000000007,0.344,-1.0,,,12,3,8.0,2023
2023-08-18 12:00:00+00:00|1.0|sess_comp_exp_fade_london_h12_q0.3_tp06_sl065,2023-08-18 12:00:00+00:00,STAGE28A,data/reports/stage28a_discovery_factory_batch_runner/stage28a_exact_trades.csv,session_compression_expansion_v1,sess_comp_exp_fade_london_h12_q0.3_tp06_sl065,0.3819999999999709,-0.668000000000029,-1.3680000000000287,0,0,0,0,0.668000000000029,18.539999999999964,6.210000000000036,0.4541062801932238,2.9199999999998454,0.04452054794516735,2.1900000000000546,2.9649999999999865,0.312,1.0,,,12,4,8.0,2023
2023-08-21 12:00:00+00:00|1.0|sess_comp_exp_fade_london_h12_q0.3_tp06_sl065,2023-08-21 12:00:00+00:00,STAGE28A,data/reports/stage28a_discovery_factory_batch_runner/stage28a_exact_trades.csv,session_compression_expansion_v1,sess_comp_exp_fade_london_h12_q0.3_tp06_sl065,0.5032000000000153,-0.5467999999999846,-1.2467999999999844,0,0,0,0,0.5467999999999846,2.060000000000173,8.830000000000155,0.15288788221971833,6.619999999999891,0.32326283987917453,1.8599999999999,3.2295000000000185,0.632,1.0,,,12,0,8.0,2023
2023-08-23 12:00:00+00:00|-1.0|sess_comp_exp_fade_london_h12_q0.3_tp06_sl065,2023-08-23 12:00:00+00:00,STAGE28A,data/reports/stage28a_discovery_factory_batch_runner/stage28a_exact_trades.csv,session_compression_expansion_v1,sess_comp_exp_fade_london_h12_q0.3_tp06_sl065,0.5275000000000546,-0.5224999999999453,-1.222499999999945,0,0,0,0,0.5224999999999453,15.450000000000045,5.879999999999882,0.6309523809523998,4.910000000000082,0.25050916496944964,2.0,2.411000000000024,0.056,-1.0,,,12,2,8.0,2023
2023-08-24 12:00:00+00:00|1.0|sess_comp_exp_fade_london_h12_q0.3_tp06_sl065,2023-08-24 12:00:00+00:00,STAGE28A,data/reports/stage28a_discovery_factory_batch_runner/stage28a_exact_trades.csv,session_compression_expansion_v1,sess_comp_exp_fade_london_h12_q0.3_tp06_sl065,-1.3217499999999291,-2.371749999999929,-3.0717499999999287,0,0,0,0,2.371749999999929,23.429999999999836,6.710000000000036,0.5722801788375744,3.6400000000001,0.36263736263739765,2.480000000000018,2.926999999999964,0.308,1.0,,,12,3,8.0,2023
2023-08-25 12:00:00+00:00|-1.0|sess_comp_exp_fade_london_h12_q0.3_tp06_sl065,2023-08-25 12:00:00+00:00,STAGE28A,data/reports/stage28a_discovery_factory_batch_runner/stage28a_exact_trades.csv,session_compression_expansion_v1,sess_comp_exp_fade_london_h12_q0.3_tp06_sl065,0.4276000000001204,-0.6223999999998795,-1.3223999999998792,0,0,0,0,0.6223999999998795,11.639999999999873,4.470000000000027,0.7919463087248192,5.199999999999818,0.5307692307692475,2.1599999999998545,2.415000000000009,0.072,-1.0,,,12,4,8.0,2023
2023-08-28 12:00:00+00:00|1.0|sess_comp_exp_fade_london_h12_q0.3_tp06_sl065,2023-08-28 12:00:00+00:00,STAGE28A,data/reports/stage28a_discovery_factory_batch_runner/stage28a_exact_trades.csv,session_compression_expansion_v1,sess_comp_exp_fade_london_h12_q0.3_tp06_sl065,-1.1189499999999044,-2.168949999999904,-2.868949999999904,0,0,0,0,2.168949999999904,1.490000000000009,3.0700000000001637,0.4364820846905038,4.259999999999991,0.5023474178403468,1.7800000000002,3.2365000000000124,0.664,1.0,,,12,0,8.0,2023
2023-08-29 12:00:00+00:00|1.0|sess_comp_exp_fade_london_h12_q0.3_tp06_sl065,2023-08-29 12:00:00+00:00,STAGE28A,data/reports/stage28a_discovery_factory_batch_runner/stage28a_exact_trades.csv,session_compression_expansion_v1,sess_comp_exp_fade_london_h12_q0.3_tp06_sl065,-1.091649999999936,-2.141649999999936,-2.841649999999936,0,0,0,0,2.141649999999936,13.430000000000064,6.25,0.7584000000000014,3.9300000000000637,0.2646310432569839,2.009999999999991,2.5430000000000517,0.16,1.0,,,12,1,8.0,2023
2023-08-30 12:00:00+00:00|1.0|sess_comp_exp_fade_london_h12_q0.3_tp06_sl065,2023-08-30 12:00:00+00:00,STAGE28A,data/reports/stage28a_discovery_factory_batch_runner/stage28a_exact_trades.csv,session_compression_expansion_v1,sess_comp_exp_fade_london_h12_q0.3_tp06_sl065,0.2832999999999629,-0.766700000000037,-1.4667000000000368,0,0,0,0,0.766700000000037,23.829999999999927,2.2799999999999727,0.17543859649127005,3.75,0.3466666666666545,1.4700000000000273,2.627999999999986,0.236,1.0,,,12,2,8.0,2023
2023-08-31 12:00:00+00:00|1.0|sess_comp_exp_fade_london_h12_q0.3_tp06_sl065,2023-08-31 12:00:00+00:00,STAGE28A,data/reports/stage28a_discovery_factory_batch_runner/stage28a_exact_trades.csv,session_compression_expansion_v1,sess_comp_exp_fade_london_h12_q0.3_tp06_sl065,-0.96587499999996,-2.01587499999996,-2.71587499999996,0,0,0,0,2.01587499999996,14.009999999999991,6.100000000000136,0.08360655737704582,3.089999999999918,0.11650485436890275,1.2100000000000364,2.1330000000000156,0.064,1.0,,,12,3,8.0,2023
2023-09-01 12:00:00+00:00|-1.0|sess_comp_exp_fade_london_h12_q0.3_tp06_sl065,2023-09-01 12:00:00+00:00,STAGE28A,data/reports/stage28a_discovery_factory_batch_runner/stage28a_exact_trades.csv,session_compression_expansion_v1,sess_comp_exp_fade_london_h12_q0.3_tp06_sl065,-1.0425750000000336,-2.0925750000000334,-2.792575000000033,0,0,0,0,2.0925750000000334,8.789999999999964,5.3900000000001,0.20222634508351117,6.300000000000182,0.8380952380952096,1.8600000000001273,2.425500000000022,0.24,-1.0,,,12,4,9.0,2023
2023-09-04 12:00:00+00:00|1.0|sess_comp_exp_fade_london_h12_q0.3_tp06_sl065,2023-09-04 12:00:00+00:00,STAGE28A,data/reports/stage28a_discovery_factory_batch_runner/stage28a_exact_trades.csv,session_compression_expansion_v1,sess_comp_exp_fade_london_h12_q0.3_tp06_sl065,-0.95612500000002,-2.00612500000002,-2.70612500000002,0,0,0,0,2.00612500000002,1.0,6.720000000000027,0.8005952380952173,5.430000000000064,0.7219152854511601,1.8100000000001728,2.7930000000000064,0.496,1.0,,,12,0,9.0,2023
2023-09-05 12:00:00+00:00|1.0|sess_comp_exp_fade_london_h12_q0.3_tp06_sl065,2023-09-05 12:00:00+00:00,STAGE28A,data/reports/stage28a_discovery_factory_batch_runner/stage28a_exact_trades.csv,session_compression_expansion_v1,sess_comp_exp_fade_london_h12_q0.3_tp06_sl065,-1.125775000000067,-2.175775000000067,-2.8757750000000666,0,0,0,0,2.175775000000067,9.470000000000027,3.8600000000001273,0.3056994818652914,8.319999999999936,0.7439903846153696,3.490000000000009,1.7455000000000154,0.044,1.0,,,12,1,9.0,2023
2023-09-06 12:00:00+00:00|1.0|sess_comp_exp_fade_london_h12_q0.3_tp06_sl065,2023-09-06 12:00:00+00:00,STAGE28A,data/reports/stage28a_discovery_factory_batch_runner/stage28a_exact_trades.csv,session_compression_expansion_v1,sess_comp_exp_fade_london_h12_q0.3_tp06_sl065,-1.1088749999999892,-2.158874999999989,-2.8588749999999887,0,0,0,0,2.158874999999989,13.569999999999936,2.7200000000000273,0.05882352941179421,5.8599999999999,0.2030716723549616,2.410000000000082,2.113500000000022,0.192,1.0,,,12,2,9.0,2023
2023-09-07 12:00:00+00:00|1.0|sess_comp_exp_fade_london_h12_q0.3_tp06_sl065,2023-09-07 12:00:00+00:00,STAGE28A,data/reports/stage28a_discovery_factory_batch_runner/stage28a_exact_trades.csv,session_compression_expansion_v1,sess_comp_exp_fade_london_h12_q0.3_tp06_sl065,0.3544000000000779,-0.6955999999999221,-1.3955999999999218,0,0,0,0,0.6955999999999221,13.889999999999873,4.419999999999845,0.5769230769230869,3.400000000000091,0.03529411764709266,1.9400000000000546,2.8129999999999997,0.66,1.0,,,12,3,9.0,2023
2023-09-08 12:00:00+00:00|1.0|sess_comp_exp_fade_london_h12_q0.3_tp06_sl065,2023-09-08 12:00:00+00:00,STAGE28A,data/reports/stage28a_discovery_factory_batch_runner/stage28a_exact_trades.csv,session_compression_expansion_v1,sess_comp_exp_fade_london_h12_q0.3_tp06_sl065,-1.0071500000000015,-2.0571500000000014,-2.757150000000001,0,0,0,0,2.0571500000000014,7.3599999999999,8.149999999999864,0.6343558282208506,3.8600000000001273,0.07512953367874457,1.4300000000000637,2.346000000000015,0.324,1.0,,,12,4,9.0,2023
2023-09-12 12:00:00+00:00|1.0|sess_comp_exp_fade_london_h12_q0.3_tp06_sl065,2023-09-12 12:00:00+00:00,STAGE28A,data/reports/stage28a_discovery_factory_batch_runner/stage28a_exact_trades.csv,session_compression_expansion_v1,sess_comp_exp_fade_london_h12_q0.3_tp06_sl065,-0.988300000000072,-2.038300000000072,-2.738300000000072,0,0,0,0,2.038300000000072,14.0,4.029999999999973,0.2853598014888018,5.920000000000073,0.7854729729729403,2.740000000000009,2.255000000000018,0.252,1.0,,,12,1,9.0,2023
2023-09-13 12:00:00+00:00|-1.0|sess_comp_exp_fade_london_h12_q0.3_tp06_sl065,2023-09-13 12:00:00+00:00,STAGE28A,data/reports/stage28a_discovery_factory_batch_runner/stage28a_exact_trades.csv,session_compression_expansion_v1,sess_comp_exp_fade_london_h12_q0.3_tp06_sl065,-1.134225000000106,-2.1842250000001058,-2.884225000000105,0,0,0,0,2.1842250000001058,16.910000000000082,5.6400000000001,0.6790780141843722,4.369999999999891,0.3729977116705148,1.4200000000000728,2.339000000000044,0.328,-1.0,,,12,2,9.0,2023
2023-09-14 12:00:00+00:00|1.0|sess_comp_exp_fade_london_h12_q0.3_tp06_sl065,2023-09-14 12:00:00+00:00,STAGE28A,data/reports/stage28a_discovery_factory_batch_runner/stage28a_exact_trades.csv,session_compression_expansion_v1,sess_comp_exp_fade_london_h12_q0.3_tp06_sl065,-1.0718250000000809,-2.1218250000000807,-2.8218250000000804,0,0,0,0,2.1218250000000807,10.190000000000055,5.3599999999999,0.15671641791043542,5.760000000000218,0.5711805555555276,1.849999999999909,2.5555000000000065,0.504,1.0,,,12,3,9.0,2023
2023-09-15 12:00:00+00:00|-1.0|sess_comp_exp_fade_london_h12_q0.3_tp06_sl065,2023-09-15 12:00:00+00:00,STAGE28A,data/reports/stage28a_discovery_factory_batch_runner/stage28a_exact_trades.csv,session_compression_expansion_v1,sess_comp_exp_fade_london_h12_q0.3_tp06_sl065,-1.2222999999999955,-2.2722999999999955,-2.9722999999999957,0,0,0,0,2.2722999999999955,11.819999999999936,6.240000000000009,0.8461538461538406,4.680000000000064,0.521367521367526,1.7100000000000364,2.8135000000000217,0.652,-1.0,,,12,4,9.0,2023
2023-09-18 12:00:00+00:00|1.0|sess_comp_exp_fade_london_h12_q0.3_tp06_sl065,2023-09-18 12:00:00+00:00,STAGE28A,data/reports/stage28a_discovery_factory_batch_runner/stage28a_exact_trades.csv,session_compression_expansion_v1,sess_comp_exp_fade_london_h12_q0.3_tp06_sl065,-1.0789749999999914,-2.128974999999991,-2.828974999999991,0,0,0,0,2.128974999999991,1.2699999999999818,6.9500000000000455,0.7381294964028886,5.480000000000018,0.3357664233576897,1.5599999999999454,2.717500000000007,0.544,1.0,,,12,0,9.0,2023
2023-09-19 12:00:00+00:00|-1.0|sess_comp_exp_fade_london_h12_q0.3_tp06_sl065,2023-09-19 12:00:00+00:00,STAGE28A,data/reports/stage28a_discovery_factory_batch_runner/stage28a_exact_trades.csv,session_compression_expansion_v1,sess_comp_exp_fade_london_h12_q0.3_tp06_sl065,0.2373999999998887,-0.8126000000001112,-1.512600000000111,0,0,0,0,0.8126000000001112,11.730000000000018,2.8200000000001637,0.4893617021275892,5.589999999999918,0.5348837209302013,1.5900000000001455,2.1115000000000235,0.148,-1.0,,,12,1,9.0,2023
2023-09-20 12:00:00+00:00|1.0|sess_comp_exp_fade_london_h12_q0.3_tp06_sl065,2023-09-20 12:00:00+00:00,STAGE28A,data/reports/stage28a_discovery_factory_batch_runner/stage28a_exact_trades.csv,session_compression_expansion_v1,sess_comp_exp_fade_london_h12_q0.3_tp06_sl065,-1.0136499999999615,-2.0636499999999613,-2.763649999999961,0,0,0,0,2.0636499999999613,7.619999999999891,3.9199999999998454,0.30357142857145447,4.3900000000001,0.27107061503417484,1.6300000000001091,1.9195000000000277,0.04,1.0,,,12,2,9.0,2023
2023-09-22 12:00:00+00:00|-1.0|sess_comp_exp_fade_london_h12_q0.3_tp06_sl065,2023-09-22 12:00:00+00:00,STAGE28A,data/reports/stage28a_discovery_factory_batch_runner/stage28a_exact_trades.csv,session_compression_expansion_v1,sess_comp_exp_fade_london_h12_q0.3_tp06_sl065,-1.0848250000000008,-2.1348250000000006,-2.8348250000000004,0,0,0,0,2.1348250000000006,17.580000000000155,6.259999999999991,0.5782747603834063,5.400000000000091,0.30740740740737527,1.6600000000000819,2.5430000000000406,0.384,-1.0,,,12,4,9.0,2023
2023-09-25 12:00:00+00:00|1.0|sess_comp_exp_fade_london_h12_q0.3_tp06_sl065,2023-09-25 12:00:00+00:00,STAGE28A,data/reports/stage28a_discovery_factory_batch_runner/stage28a_exact_trades.csv,session_compression_expansion_v1,sess_comp_exp_fade_london_h12_q0.3_tp06_sl065,0.4797999999999774,-0.5702000000000225,-1.2702000000000222,0,0,0,0,0.5702000000000225,2.0,3.769999999999982,0.5384615384615338,6.2999999999999545,0.13015873015872098,2.8299999999999272,2.2455000000000154,0.28,1.0,,,12,0,9.0,2023
2023-09-26 12:00:00+00:00|-1.0|sess_comp_exp_fade_london_h12_q0.3_tp06_sl065,2023-09-26 12:00:00+00:00,STAGE28A,data/reports/stage28a_discovery_factory_batch_runner/stage28a_exact_trades.csv,session_compression_expansion_v1,sess_comp_exp_fade_london_h12_q0.3_tp06_sl065,0.3826000000000477,-0.6673999999999523,-1.367399999999952,0,0,0,0,0.6673999999999523,12.0,3.730000000000018,0.7774798927613538,5.860000000000127,0.10238907849831456,2.5399999999999636,2.4035000000000197,0.42,-1.0,,,12,1,9.0,2023
2023-09-27 12:00:00+00:00|1.0|sess_comp_exp_fade_london_h12_q0.3_tp06_sl065,2023-09-27 12:00:00+00:00,STAGE28A,data/reports/stage28a_discovery_factory_batch_runner/stage28a_exact_trades.csv,session_compression_expansion_v1,sess_comp_exp_fade_london_h12_q0.3_tp06_sl065,0.4707999999999629,-0.579200000000037,-1.2792000000000368,0,0,0,0,0.579200000000037,17.690000000000055,4.459999999999809,0.23991031390139228,5.339999999999918,0.8220973782771424,2.7200000000000273,2.6619999999999893,0.54,1.0,,,12,2,9.0,2023
2023-09-28 12:00:00+00:00|1.0|sess_comp_exp_fade_london_h12_q0.3_tp06_sl065,2023-09-28 12:00:00+00:00,STAGE28A,data/reports/stage28a_discovery_factory_batch_runner/stage28a_exact_trades.csv,session_compression_expansion_v1,sess_comp_exp_fade_london_h12_q0.3_tp06_sl065,0.4218999999999596,-0.6281000000000403,-1.32810000000004,0,0,0,0,0.6281000000000403,31.470000000000027,4.350000000000136,0.537931034482723,4.5499999999999545,0.27472527472527747,2.5499999999999545,3.367000000000007,0.864,1.0,,,12,3,9.0,2023
2023-10-06 12:00:00+00:00|1.0|sess_comp_exp_fade_london_h12_q0.3_tp06_sl065,2023-10-06 12:00:00+00:00,STAGE28A,data/reports/stage28a_discovery_factory_batch_runner/stage28a_exact_trades.csv,session_compression_expansion_v1,sess_comp_exp_fade_london_h12_q0.3_tp06_sl065,-1.1072499999998855,-2.1572499999998853,-2.857249999999885,0,0,0,0,2.1572499999998853,16.13000000000011,4.75,0.5810526315789455,5.929999999999836,0.5801011804384738,2.8199999999999363,2.8055000000000065,0.292,1.0,,,12,4,10.0,2023
2023-10-12 12:00:00+00:00|-1.0|sess_comp_exp_fade_london_h12_q0.3_tp06_sl065,2023-10-12 12:00:00+00:00,STAGE28A,data/reports/stage28a_discovery_factory_batch_runner/stage28a_exact_trades.csv,session_compression_expansion_v1,sess_comp_exp_fade_london_h12_q0.3_tp06_sl065,-1.2616249999999585,-2.311624999999958,-3.011624999999958,0,0,0,0,2.311624999999958,18.6400000000001,5.0499999999999545,0.6079207920792008,5.900000000000091,0.5610169491525244,2.849999999999909,2.830999999999983,0.052,-1.0,,,12,3,10.0,2023
2023-10-18 12:00:00+00:00|-1.0|sess_comp_exp_fade_london_h12_q0.3_tp06_sl065,2023-10-18 12:00:00+00:00,STAGE28A,data/reports/stage28a_discovery_factory_batch_runner/stage28a_exact_trades.csv,session_compression_expansion_v1,sess_comp_exp_fade_london_h12_q0.3_tp06_sl065,-1.5326750000000176,-2.5826750000000174,-3.282675000000017,0,0,0,0,2.5826750000000174,19.200000000000045,19.519999999999982,0.6444672131147626,11.029999999999973,0.630099728014491,2.509999999999991,4.400499999999999,0.772,-1.0,,,12,2,10.0,2023
2023-10-27 12:00:00+00:00|1.0|sess_comp_exp_fade_london_h12_q0.3_tp06_sl065,2023-10-27 12:00:00+00:00,STAGE28A,data/reports/stage28a_discovery_factory_batch_runner/stage28a_exact_trades.csv,session_compression_expansion_v1,sess_comp_exp_fade_london_h12_q0.3_tp06_sl065,-1.466375000000062,-2.5163750000000618,-3.216375000000061,0,0,0,0,2.5163750000000618,21.6400000000001,5.900000000000091,0.44406779661014417,4.7000000000000455,0.42340425531914677,1.9800000000000182,3.6904999999999974,0.092,1.0,,,12,4,10.0,2023
2023-11-02 12:00:00+00:00|-1.0|sess_comp_exp_fade_london_h12_q0.3_tp06_sl065,2023-11-02 12:00:00+00:00,STAGE28A,data/reports/stage28a_discovery_factory_batch_runner/stage28a_exact_trades.csv,session_compression_expansion_v1,sess_comp_exp_fade_london_h12_q0.3_tp06_sl065,-1.3373499999998786,-2.3873499999998784,-3.087349999999878,0,0,0,0,2.3873499999998784,22.200000000000045,6.960000000000036,0.5574712643678289,5.899999999999864,0.4915254237288018,2.9700000000000273,4.216999999999996,0.228,-1.0,,,12,3,11.0,2023
2023-11-03 12:00:00+00:00|-1.0|sess_comp_exp_fade_london_h12_q0.3_tp06_sl065,2023-11-03 12:00:00+00:00,STAGE28A,data/reports/stage28a_discovery_factory_batch_runner/stage28a_exact_trades.csv,session_compression_expansion_v1,sess_comp_exp_fade_london_h12_q0.3_tp06_sl065,0.5595999999999549,-0.490400000000045,-1.1904000000000448,0,0,0,0,0.490400000000045,12.200000000000045,4.599999999999909,0.09565217391305723,5.789999999999964,0.44559585492227005,1.990000000000009,2.8460000000000036,0.008,-1.0,,,12,4,11.0,2023
2023-11-06 12:00:00+00:00|-1.0|sess_comp_exp_fade_london_h12_q0.3_tp06_sl065,2023-11-06 12:00:00+00:00,STAGE28A,data/reports/stage28a_discovery_factory_batch_runner/stage28a_exact_trades.csv,session_compression_expansion_v1,sess_comp_exp_fade_london_h12_q0.3_tp06_sl065,0.592299999999932,-0.4577000000000679,-1.1577000000000677,0,0,0,0,0.4577000000000679,5.789999999999964,11.179999999999836,0.42397137745975655,6.1099999999999,0.5908346972176692,1.8199999999999363,4.17249999999998,0.316,-1.0,,,12,0,11.0,2023
2023-11-08 12:00:00+00:00|1.0|sess_comp_exp_fade_london_h12_q0.3_tp06_sl065,2023-11-08 12:00:00+00:00,STAGE28A,data/reports/stage28a_discovery_factory_batch_runner/stage28a_exact_trades.csv,session_compression_expansion_v1,sess_comp_exp_fade_london_h12_q0.3_tp06_sl065,0.5992000000000189,-0.450799999999981,-1.1507999999999807,0,0,0,0,0.450799999999981,21.62999999999988,3.6900000000000546,0.3685636856368854,9.5,0.5821052631578919,2.8599999999999,2.951499999999976,0.076,1.0,,,12,2,11.0,2023
2023-11-09 12:00:00+00:00|1.0|sess_comp_exp_fade_london_h12_q0.3_tp06_sl065,2023-11-09 12:00:00+00:00,STAGE28A,data/reports/stage28a_discovery_factory_batch_runner/stage28a_exact_trades.csv,session_compression_expansion_v1,sess_comp_exp_fade_london_h12_q0.3_tp06_sl065,-1.3275999999999386,-2.3775999999999384,-3.077599999999938,0,0,0,0,2.3775999999999384,23.529999999999973,6.889999999999873,0.18867924528301575,5.990000000000009,0.40066777963273575,3.2799999999999727,3.6514999999999986,0.328,1.0,,,12,3,11.0,2023
2023-11-10 12:00:00+00:00|1.0|sess_comp_exp_fade_london_h12_q0.3_tp06_sl065,2023-11-10 12:00:00+00:00,STAGE28A,data/reports/stage28a_discovery_factory_batch_runner/stage28a_exact_trades.csv,session_compression_expansion_v1,sess_comp_exp_fade_london_h12_q0.3_tp06_sl065,-1.3646500000000743,-2.414650000000074,-3.114650000000074,0,0,0,0,2.414650000000074,21.11999999999989,4.360000000000127,0.300458715596309,6.629999999999882,0.5505279034691035,1.7999999999999545,3.744999999999982,0.408,1.0,,,12,4,11.0,2023
2023-11-13 12:00:00+00:00|-1.0|sess_comp_exp_fade_london_h12_q0.3_tp06_sl065,2023-11-13 12:00:00+00:00,STAGE28A,data/reports/stage28a_discovery_factory_batch_runner/stage28a_exact_trades.csv,session_compression_expansion_v1,sess_comp_exp_fade_london_h12_q0.3_tp06_sl065,-1.4007250000000568,-2.4507250000000567,-3.1507250000000564,0,0,0,0,2.4507250000000567,23.48999999999978,24.25999999999999,0.19167353668589718,5.509999999999991,0.6950998185117847,4.470000000000027,5.431999999999983,0.908,-1.0,,,12,0,11.0,2023
2023-11-14 12:00:00+00:00|-1.0|sess_comp_exp_fade_london_h12_q0.3_tp06_sl065,2023-11-14 12:00:00+00:00,STAGE28A,data/reports/stage28a_discovery_factory_batch_runner/stage28a_exact_trades.csv,session_compression_expansion_v1,sess_comp_exp_fade_london_h12_q0.3_tp06_sl065,0.3540999999999258,-0.6959000000000741,-1.395900000000074,0,0,0,0,0.6959000000000741,31.539999999999964,4.509999999999991,0.38802660753880347,4.4500000000000455,0.4898876404493964,2.730000000000018,2.6635000000000217,0.008,-1.0,,,12,1,11.0,2023
2023-11-24 12:00:00+00:00|-1.0|sess_comp_exp_fade_london_h12_q0.3_tp06_sl065,2023-11-24 12:00:00+00:00,STAGE28A,data/reports/stage28a_discovery_factory_batch_runner/stage28a_exact_trades.csv,session_compression_expansion_v1,sess_comp_exp_fade_london_h12_q0.3_tp06_sl065,0.3990999999999985,-0.6509000000000014,-1.350900000000001,0,0,0,0,0.6509000000000014,9.38000000000011,3.4400000000000546,0.11627906976740036,4.259999999999991,0.47652582159623874,1.7000000000000455,1.9515000000000213,0.008,-1.0,,,12,4,11.0,2023
2023-11-28 12:00:00+00:00|-1.0|sess_comp_exp_fade_london_h12_q0.3_tp06_sl065,2023-11-28 12:00:00+00:00,STAGE28A,data/reports/stage28a_discovery_factory_batch_runner/stage28a_exact_trades.csv,session_compression_expansion_v1,sess_comp_exp_fade_london_h12_q0.3_tp06_sl065,0.5194000000000415,-0.5305999999999584,-1.2305999999999582,0,0,0,0,0.5305999999999584,17.639999999999873,4.9500000000000455,0.02626262626264807,4.529999999999973,0.09713024282556951,2.25,3.0129999999999884,0.228,-1.0,,,12,1,11.0,2023
2023-12-08 12:00:00+00:00|1.0|sess_comp_exp_fade_london_h12_q0.3_tp06_sl065,2023-12-08 12:00:00+00:00,STAGE28A,data/reports/stage28a_discovery_factory_batch_runner/stage28a_exact_trades.csv,session_compression_expansion_v1,sess_comp_exp_fade_london_h12_q0.3_tp06_sl065,-1.6057999999999084,-2.655799999999908,-3.355799999999908,0,0,0,0,2.655799999999908,19.700000000000045,7.100000000000136,0.48309859154929546,5.870000000000118,0.2913117546848385,2.4600000000000364,4.139499999999987,0.428,1.0,,,12,4,12.0,2023
2023-12-20 12:00:00+00:00|1.0|sess_comp_exp_fade_london_h12_q0.3_tp06_sl065,2023-12-20 12:00:00+00:00,STAGE28A,data/reports/stage28a_discovery_factory_batch_runner/stage28a_exact_trades.csv,session_compression_expansion_v1,sess_comp_exp_fade_london_h12_q0.3_tp06_sl065,0.5101000000001022,-0.5398999999998977,-1.2398999999998974,0,0,0,0,0.5398999999998977,25.289999999999964,4.960000000000036,0.09072580645162141,7.820000000000164,0.5843989769820768,2.880000000000109,3.3455000000000155,0.048,1.0,,,12,2,12.0,2023
2023-12-21 12:00:00+00:00|1.0|sess_comp_exp_fade_london_h12_q0.3_tp06_sl065,2023-12-21 12:00:00+00:00,STAGE28A,data/reports/stage28a_discovery_factory_batch_runner/stage28a_exact_trades.csv,session_compression_expansion_v1,sess_comp_exp_fade_london_h12_q0.3_tp06_sl065,-1.2583749999999785,-2.308374999999978,-3.008374999999978,0,0,0,0,2.308374999999978,15.990000000000009,6.440000000000055,0.6413043478260632,5.120000000000118,0.4316406249999971,2.3599999999999,3.3784999999999856,0.092,1.0,,,12,3,12.0,2023
2023-12-26 12:00:00+00:00|1.0|sess_comp_exp_fade_london_h12_q0.3_tp06_sl065,2023-12-26 12:00:00+00:00,STAGE28A,data/reports/stage28a_discovery_factory_batch_runner/stage28a_exact_trades.csv,session_compression_expansion_v1,sess_comp_exp_fade_london_h12_q0.3_tp06_sl065,0.4162000000000262,-0.6337999999999737,-1.3337999999999737,0,0,0,0,0.6337999999999737,4.400000000000091,11.75,0.775319148936181,4.380000000000109,0.0410958904109205,2.4200000000000728,3.904000000000019,0.372,1.0,,,12,1,12.0,2023
2023-12-27 12:00:00+00:00|-1.0|sess_comp_exp_fade_london_h12_q0.3_tp06_sl065,2023-12-27 12:00:00+00:00,STAGE28A,data/reports/stage28a_discovery_factory_batch_runner/stage28a_exact_trades.csv,session_compression_expansion_v1,sess_comp_exp_fade_london_h12_q0.3_tp06_sl065,0.3969999999998436,-0.6530000000001563,-1.353000000000156,0,0,0,0,0.6530000000001563,15.650000000000091,4.559999999999945,0.07894736842108149,7.7199999999998,0.1411917098445821,1.9600000000000364,3.06400000000001,0.064,-1.0,,,12,2,12.0,2023
2024-01-11 12:00:00+00:00|1.0|sess_comp_exp_fade_london_h12_q0.3_tp06_sl065,2024-01-11 12:00:00+00:00,STAGE28A,data/reports/stage28a_discovery_factory_batch_runner/stage28a_exact_trades.csv,session_compression_expansion_v1,sess_comp_exp_fade_london_h12_q0.3_tp06_sl065,0.6490000000000237,-0.4009999999999762,-1.100999999999976,0,0,0,0,0.4009999999999762,20.089999999999918,7.5,0.7093333333333248,5.479999999999791,0.03832116788321978,2.2899999999999636,3.2264999999999646,0.056,1.0,,,12,3,1.0,2024
2024-01-15 12:00:00+00:00|-1.0|sess_comp_exp_fade_london_h12_q0.3_tp06_sl065,2024-01-15 12:00:00+00:00,STAGE28A,data/reports/stage28a_discovery_factory_batch_runner/stage28a_exact_trades.csv,session_compression_expansion_v1,sess_comp_exp_fade_london_h12_q0.3_tp06_sl065,0.7062999999997374,-0.3437000000002626,-1.0437000000002623,0,0,0,0,0.3437000000002626,2.5499999999999545,12.220000000000027,0.5327332242226026,6.449999999999818,0.2,4.019999999999982,4.045500000000016,0.384,-1.0,,,12,0,1.0,2024
2024-01-25 12:00:00+00:00|-1.0|sess_comp_exp_fade_london_h12_q0.3_tp06_sl065,2024-01-25 12:00:00+00:00,STAGE28A,data/reports/stage28a_discovery_factory_batch_runner/stage28a_exact_trades.csv,session_compression_expansion_v1,sess_comp_exp_fade_london_h12_q0.3_tp06_sl065,0.6109000000000379,-0.4390999999999621,-1.1390999999999618,0,0,0,0,0.4390999999999621,25.52000000000021,3.400000000000091,0.18823529411767145,7.019999999999982,0.5270655270655349,5.1400000000001,3.9275000000000206,0.472,-1.0,,,12,3,1.0,2024
2024-01-26 12:00:00+00:00|1.0|sess_comp_exp_fade_london_h12_q0.3_tp06_sl065,2024-01-26 12:00:00+00:00,STAGE28A,data/reports/stage28a_discovery_factory_batch_runner/stage28a_exact_trades.csv,session_compression_expansion_v1,sess_comp_exp_fade_london_h12_q0.3_tp06_sl065,-1.3081000000000589,-2.3581000000000585,-3.058100000000058,0,0,0,0,2.3581000000000585,15.400000000000091,4.779999999999973,0.10460251046025164,5.669999999999845,0.41975308641978376,4.240000000000009,3.4959999999999694,0.24,1.0,,,12,4,1.0,2024
2024-02-02 12:00:00+00:00|1.0|sess_comp_exp_fade_london_h12_q0.3_tp06_sl065,2024-02-02 12:00:00+00:00,STAGE28A,data/reports/stage28a_discovery_factory_batch_runner/stage28a_exact_trades.csv,session_compression_expansion_v1,sess_comp_exp_fade_london_h12_q0.3_tp06_sl065,0.5502999999997883,-0.4997000000002116,-1.1997000000002114,0,0,0,0,0.4997000000002116,35.590000000000146,4.920000000000073,0.052845528455235706,4.200000000000273,0.10000000000001083,2.2400000000002365,4.528999999999985,0.8,1.0,,,12,4,2.0,2024
2024-02-07 12:00:00+00:00|1.0|sess_comp_exp_fade_london_h12_q0.3_tp06_sl065,2024-02-07 12:00:00+00:00,STAGE28A,data/reports/stage28a_discovery_factory_batch_runner/stage28a_exact_trades.csv,session_compression_expansion_v1,sess_comp_exp_fade_london_h12_q0.3_tp06_sl065,0.3450999999999112,-0.7049000000000887,-1.4049000000000884,0,0,0,0,0.7049000000000887,16.189999999999827,2.230000000000018,0.004484304932731311,4.889999999999873,0.40286298568508766,2.5800000000001546,2.89849999999999,0.032,1.0,,,12,2,2.0,2024
2024-02-09 12:00:00+00:00|1.0|sess_comp_exp_fade_london_h12_q0.3_tp06_sl065,2024-02-09 12:00:00+00:00,STAGE28A,data/reports/stage28a_discovery_factory_batch_runner/stage28a_exact_trades.csv,session_compression_expansion_v1,sess_comp_exp_fade_london_h12_q0.3_tp06_sl065,0.3700000000000273,-0.6799999999999726,-1.3799999999999724,0,0,0,0,0.6799999999999726,18.6400000000001,3.1599999999998545,0.49367088607595483,4.460000000000036,0.022421524663656555,2.3899999999998727,3.0269999999999753,0.076,1.0,,,12,4,2.0,2024
2024-02-15 12:00:00+00:00|-1.0|sess_comp_exp_fade_london_h12_q0.3_tp06_sl065,2024-02-15 12:00:00+00:00,STAGE28A,data/reports/stage28a_discovery_factory_batch_runner/stage28a_exact_trades.csv,session_compression_expansion_v1,sess_comp_exp_fade_london_h12_q0.3_tp06_sl065,-1.0877500000000055,-2.1377500000000054,-2.837750000000005,0,0,0,0,2.1377500000000054,11.839999999999918,4.119999999999891,0.41262135922332294,6.5,0.6123076923076951,2.9299999999998363,2.872499999999968,0.112,-1.0,,,12,3,2.0,2024
2024-02-16 12:00:00+00:00|-1.0|sess_comp_exp_fade_london_h12_q0.3_tp06_sl065,2024-02-16 12:00:00+00:00,STAGE28A,data/reports/stage28a_discovery_factory_batch_runner/stage28a_exact_trades.csv,session_compression_expansion_v1,sess_comp_exp_fade_london_h12_q0.3_tp06_sl065,0.2803000000000338,-0.7696999999999661,-1.4696999999999658,0,0,0,0,0.7696999999999661,18.230000000000018,3.2799999999999727,0.06097560975611193,4.819999999999936,0.7406639004149344,2.2100000000000364,2.574500000000023,0.068,-1.0,,,12,4,2.0,2024
2024-02-19 12:00:00+00:00|-1.0|sess_comp_exp_fade_london_h12_q0.3_tp06_sl065,2024-02-19 12:00:00+00:00,STAGE28A,data/reports/stage28a_discovery_factory_batch_runner/stage28a_exact_trades.csv,session_compression_expansion_v1,sess_comp_exp_fade_london_h12_q0.3_tp06_sl065,0.350800000000072,-0.6991999999999279,-1.3991999999999276,0,0,0,0,0.6991999999999279,3.8799999999998818,10.86999999999989,0.48850045998160063,4.650000000000091,0.027956989247285853,1.4300000000000637,4.016999999999996,0.752,-1.0,,,12,0,2.0,2024
2024-02-26 12:00:00+00:00|-1.0|sess_comp_exp_fade_london_h12_q0.3_tp06_sl065,2024-02-26 12:00:00+00:00,STAGE28A,data/reports/stage28a_discovery_factory_batch_runner/stage28a_exact_trades.csv,session_compression_expansion_v1,sess_comp_exp_fade_london_h12_q0.3_tp06_sl065,0.5440000000000055,-0.5059999999999945,-1.2059999999999942,0,0,0,0,0.5059999999999945,2.7999999999999545,5.069999999999936,0.36489151873765924,5.349999999999909,0.007476635514012018,2.1000000000001364,3.104499999999939,0.544,-1.0,,,12,0,2.0,2024
2024-02-29 12:00:00+00:00|1.0|sess_comp_exp_fade_london_h12_q0.3_tp06_sl065,2024-02-29 12:00:00+00:00,STAGE28A,data/reports/stage28a_discovery_factory_batch_runner/stage28a_exact_trades.csv,session_compression_expansion_v1,sess_comp_exp_fade_london_h12_q0.3_tp06_sl065,0.2997999999999138,-0.7502000000000861,-1.450200000000086,0,0,0,0,0.7502000000000861,13.420000000000073,3.1299999999998818,0.1629392971246039,7.2999999999999545,0.5931506849315318,3.480000000000018,2.3444999999999596,0.124,1.0,,,12,3,2.0,2024
2024-03-12 12:00:00+00:00|1.0|sess_comp_exp_fade_london_h12_q0.3_tp06_sl065,2024-03-12 12:00:00+00:00,STAGE28A,data/reports/stage28a_discovery_factory_batch_runner/stage28a_exact_trades.csv,session_compression_expansion_v1,sess_comp_exp_fade_london_h12_q0.3_tp06_sl065,0.7105000000000473,-0.3394999999999526,-1.0394999999999524,0,0,0,0,0.3394999999999526,14.239999999999782,7.929999999999836,0.5056746532156748,5.539999999999964,0.30685920577622455,2.7400000000002365,3.7759999999999083,0.372,1.0,,,12,1,3.0,2024
2024-03-13 12:00:00+00:00|1.0|sess_comp_exp_fade_london_h12_q0.3_tp06_sl065,2024-03-13 12:00:00+00:00,STAGE28A,data/reports/stage28a_discovery_factory_batch_runner/stage28a_exact_trades.csv,session_compression_expansion_v1,sess_comp_exp_fade_london_h12_q0.3_tp06_sl065,-1.3653000000000248,-2.4153000000000246,-3.1153000000000244,0,0,0,0,2.4153000000000246,34.179999999999836,5.730000000000018,0.41884816753928156,6.049999999999727,0.6694214876033661,2.6899999999996,4.567999999999938,0.364,1.0,,,12,2,3.0,2024
2024-03-14 12:00:00+00:00|1.0|sess_comp_exp_fade_london_h12_q0.3_tp06_sl065,2024-03-14 12:00:00+00:00,STAGE28A,data/reports/stage28a_discovery_factory_batch_runner/stage28a_exact_trades.csv,session_compression_expansion_v1,sess_comp_exp_fade_london_h12_q0.3_tp06_sl065,-1.3818750000001274,-2.4318750000001272,-3.131875000000127,0,0,0,0,2.4318750000001272,24.059999999999945,5.920000000000073,0.44087837837839444,4.599999999999909,0.2434782608695463,4.109999999999673,3.210500000000002,0.096,1.0,,,12,3,3.0,2024
2024-06-12 12:00:00+00:00|1.0|sess_comp_exp_fade_london_h12_q0.3_tp06_sl065,2024-06-12 12:00:00+00:00,STAGE28A,data/reports/stage28a_discovery_factory_batch_runner/stage28a_exact_trades.csv,session_compression_expansion_v1,sess_comp_exp_fade_london_h12_q0.3_tp06_sl065,-1.58174999999992,-2.63174999999992,-3.33174999999992,0,0,0,0,2.63174999999992,22.36999999999989,6.8400000000001455,0.42690058479532317,6.910000000000309,0.00289435600578595,4.920000000000073,4.254999999999972,0.024,1.0,,,12,2,6.0,2024
2024-07-05 12:00:00+00:00|-1.0|sess_comp_exp_fade_london_h12_q0.3_tp06_sl065,2024-07-05 12:00:00+00:00,STAGE28A,data/reports/stage28a_discovery_factory_batch_runner/stage28a_exact_trades.csv,session_compression_expansion_v1,sess_comp_exp_fade_london_h12_q0.3_tp06_sl065,0.8092000000000553,-0.2407999999999446,-0.9407999999999443,0,0,0,0,0.2407999999999446,12.179999999999836,8.960000000000036,0.49218750000003253,6.680000000000291,0.08532934131731798,3.430000000000291,3.0345000000000026,0.024,-1.0,,,12,4,7.0,2024
2024-07-11 12:00:00+00:00|-1.0|sess_comp_exp_fade_london_h12_q0.3_tp06_sl065,2024-07-11 12:00:00+00:00,STAGE28A,data/reports/stage28a_discovery_factory_batch_runner/stage28a_exact_trades.csv,session_compression_expansion_v1,sess_comp_exp_fade_london_h12_q0.3_tp06_sl065,1.0185999999997877,-0.0314000000002123,-0.7314000000002121,0,0,0,0,0.0314000000002123,23.670000000000073,9.08999999999969,0.6567656765677071,6.099999999999909,0.8606557377049309,4.450000000000273,4.125500000000011,0.212,-1.0,,,12,3,7.0,2024
2024-07-30 12:00:00+00:00|-1.0|sess_comp_exp_fade_london_h12_q0.3_tp06_sl065,2024-07-30 12:00:00+00:00,STAGE28A,data/reports/stage28a_discovery_factory_batch_runner/stage28a_exact_trades.csv,session_compression_expansion_v1,sess_comp_exp_fade_london_h12_q0.3_tp06_sl065,0.9075999999999111,-0.1424000000000886,-0.8424000000000884,0,0,0,0,0.1424000000000886,33.460000000000036,9.460000000000036,0.18181818181820805,6.4099999999998545,0.5397815912636684,2.9400000000000546,5.174500000000035,0.116,-1.0,,,12,1,7.0,2024
2024-08-13 12:00:00+00:00|1.0|sess_comp_exp_fade_london_h12_q0.3_tp06_sl065,2024-08-13 12:00:00+00:00,STAGE28A,data/reports/stage28a_discovery_factory_batch_runner/stage28a_exact_trades.csv,session_compression_expansion_v1,sess_comp_exp_fade_london_h12_q0.3_tp06_sl065,1.325499999999829,0.2754999999998291,-0.4245000000001706,1,0,1,0,0.2754999999998291,50.149999999999636,16.190000000000055,0.6331068560840003,7.660000000000309,0.3694516971279129,5.360000000000127,6.175000000000068,0.388,1.0,,,12,1,8.0,2024
2024-08-29 12:00:00+00:00|-1.0|sess_comp_exp_fade_london_h12_q0.3_tp06_sl065,2024-08-29 12:00:00+00:00,STAGE28A,data/reports/stage28a_discovery_factory_batch_runner/stage28a_exact_trades.csv,session_compression_expansion_v1,sess_comp_exp_fade_london_h12_q0.3_tp06_sl065,1.224999999999818,0.1749999999998182,-0.5250000000001815,1,0,1,0,0.1749999999998182,35.45000000000027,12.860000000000127,0.7449455676516199,10.539999999999964,0.5910815939278975,4.980000000000018,4.961999999999989,0.148,-1.0,,,12,3,8.0,2024
2024-09-06 12:00:00+00:00|1.0|sess_comp_exp_fade_london_h12_q0.3_tp06_sl065,2024-09-06 12:00:00+00:00,STAGE28A,data/reports/stage28a_discovery_factory_batch_runner/stage28a_exact_trades.csv,session_compression_expansion_v1,sess_comp_exp_fade_london_h12_q0.3_tp06_sl065,0.747400000000107,-0.3025999999998929,-1.002599999999893,0,0,0,0,0.3025999999998929,29.690000000000055,5.369999999999891,0.3873370577281135,6.360000000000127,0.14622641509431095,2.7399999999997817,3.8994999999999664,0.044,1.0,,,12,4,9.0,2024
2024-09-10 12:00:00+00:00|1.0|sess_comp_exp_fade_london_h12_q0.3_tp06_sl065,2024-09-10 12:00:00+00:00,STAGE28A,data/reports/stage28a_discovery_factory_batch_runner/stage28a_exact_trades.csv,session_compression_expansion_v1,sess_comp_exp_fade_london_h12_q0.3_tp06_sl065,0.883299999999872,-0.1667000000001279,-0.8667000000001277,0,0,0,0,0.1667000000001279,21.75,6.220000000000255,0.7202572347266616,7.599999999999909,0.4552631578947471,2.980000000000018,3.9784999999999853,0.076,1.0,,,12,1,9.0,2024
2024-09-12 12:00:00+00:00|-1.0|sess_comp_exp_fade_london_h12_q0.3_tp06_sl065,2024-09-12 12:00:00+00:00,STAGE28A,data/reports/stage28a_discovery_factory_batch_runner/stage28a_exact_trades.csv,session_compression_expansion_v1,sess_comp_exp_fade_london_h12_q0.3_tp06_sl065,0.7539999999998145,-0.2960000000001854,-0.9960000000001852,0,0,0,0,0.2960000000001854,28.09999999999991,5.139999999999873,0.5992217898832691,7.850000000000364,0.36687898089171667,4.170000000000073,4.141499999999951,0.112,-1.0,,,12,3,9.0,2024
2024-09-13 12:00:00+00:00|-1.0|sess_comp_exp_fade_london_h12_q0.3_tp06_sl065,2024-09-13 12:00:00+00:00,STAGE28A,data/reports/stage28a_discovery_factory_batch_runner/stage28a_exact_trades.csv,session_compression_expansion_v1,sess_comp_exp_fade_london_h12_q0.3_tp06_sl065,-2.190799999999945,-3.2407999999999446,-3.940799999999944,0,0,0,1,3.2407999999999446,49.059999999999945,13.38000000000011,0.7825112107623104,9.980000000000018,0.0621242484970285,5.279999999999745,6.62950000000003,0.808,-1.0,,,12,4,9.0,2024
2024-10-10 12:00:00+00:00|-1.0|sess_comp_exp_fade_london_h12_q0.3_tp06_sl065,2024-10-10 12:00:00+00:00,STAGE28A,data/reports/stage28a_discovery_factory_batch_runner/stage28a_exact_trades.csv,session_compression_expansion_v1,sess_comp_exp_fade_london_h12_q0.3_tp06_sl065,-1.8424000000000889,-2.8924000000000887,-3.5924000000000884,0,0,0,0,2.8924000000000887,19.230000000000018,10.960000000000036,0.2636861313868903,8.2199999999998,0.6630170316301643,3.769999999999982,5.151999999999998,0.088,-1.0,,,12,3,10.0,2024
2024-10-11 12:00:00+00:00|1.0|sess_comp_exp_fade_london_h12_q0.3_tp06_sl065,2024-10-11 12:00:00+00:00,STAGE28A,data/reports/stage28a_discovery_factory_batch_runner/stage28a_exact_trades.csv,session_compression_expansion_v1,sess_comp_exp_fade_london_h12_q0.3_tp06_sl065,1.0858000000001993,0.0358000000001994,-0.6641999999998003,1,0,0,0,0.0358000000001994,25.800000000000182,17.980000000000018,0.9566184649610567,10.989999999999782,0.6960873521383296,7.139999999999873,6.407000000000016,0.424,1.0,,,12,4,10.0,2024
2024-10-17 12:00:00+00:00|-1.0|sess_comp_exp_fade_london_h12_q0.3_tp06_sl065,2024-10-17 12:00:00+00:00,STAGE28A,data/reports/stage28a_discovery_factory_batch_runner/stage28a_exact_trades.csv,session_compression_expansion_v1,sess_comp_exp_fade_london_h12_q0.3_tp06_sl065,1.3230999999999766,0.2730999999999768,-0.4269000000000229,1,0,1,0,0.2730999999999768,26.559999999999945,11.63000000000011,0.2579535683576932,9.230000000000018,0.2979414951245931,3.8799999999996544,5.10349999999994,0.08,-1.0,,,12,3,10.0,2024
2024-10-22 12:00:00+00:00|-1.0|sess_comp_exp_fade_london_h12_q0.3_tp06_sl065,2024-10-22 12:00:00+00:00,STAGE28A,data/reports/stage28a_discovery_factory_batch_runner/stage28a_exact_trades.csv,session_compression_expansion_v1,sess_comp_exp_fade_london_h12_q0.3_tp06_sl065,1.1737000000001898,0.1237000000001899,-0.5762999999998097,1,0,0,0,0.1237000000001899,26.529999999999745,14.860000000000127,0.6917900403768581,9.539999999999964,0.06918238993709193,6.889999999999873,5.848999999999978,0.44,-1.0,,,12,1,10.0,2024
2024-12-10 12:00:00+00:00|1.0|sess_comp_exp_fade_london_h12_q0.3_tp06_sl065,2024-12-10 12:00:00+00:00,STAGE28A,data/reports/stage28a_discovery_factory_batch_runner/stage28a_exact_trades.csv,session_compression_expansion_v1,sess_comp_exp_fade_london_h12_q0.3_tp06_sl065,1.377699999999913,0.3276999999999135,-0.3723000000000862,1,0,1,0,0.3276999999999135,48.84999999999991,15.91000000000031,0.6140791954745598,15.539999999999964,0.3301158301158379,5.300000000000182,5.652000000000021,0.132,1.0,,,12,1,12.0,2024
2024-12-12 12:00:00+00:00|-1.0|sess_comp_exp_fade_london_h12_q0.3_tp06_sl065,2024-12-12 12:00:00+00:00,STAGE28A,data/reports/stage28a_discovery_factory_batch_runner/stage28a_exact_trades.csv,session_compression_expansion_v1,sess_comp_exp_fade_london_h12_q0.3_tp06_sl065,1.5066999999998187,0.4566999999998189,-0.2433000000001808,1,0,1,0,0.4566999999998189,46.590000000000146,26.139999999999873,0.2895944912012319,10.640000000000327,0.09586466165413068,4.6599999999998545,7.132499999999982,0.624,-1.0,,,12,3,12.0,2024
2024-12-18 12:00:00+00:00|-1.0|sess_comp_exp_fade_london_h12_q0.3_tp06_sl065,2024-12-18 12:00:00+00:00,STAGE28A,data/reports/stage28a_discovery_factory_batch_runner/stage28a_exact_trades.csv,session_compression_expansion_v1,sess_comp_exp_fade_london_h12_q0.3_tp06_sl065,1.0975000000002182,0.0475000000002183,-0.6524999999997814,1,0,0,0,0.0475000000002183,25.659999999999854,9.079999999999927,0.2444933920704645,7.559999999999945,0.42857142857146296,3.7599999999997635,4.6720000000000255,0.016,-1.0,,,12,2,12.0,2024
2024-12-23 12:00:00+00:00|-1.0|sess_comp_exp_fade_london_h12_q0.3_tp06_sl065,2024-12-23 12:00:00+00:00,STAGE28A,data/reports/stage28a_discovery_factory_batch_runner/stage28a_exact_trades.csv,session_compression_expansion_v1,sess_comp_exp_fade_london_h12_q0.3_tp06_sl065,1.2229000000001178,0.1729000000001179,-0.5270999999998818,1,0,1,0,0.1729000000001179,3.1600000000003092,10.0,0.1069999999999709,14.389999999999873,0.44336344683809353,4.690000000000055,5.874000000000047,0.248,-1.0,,,12,0,12.0,2024
2024-12-24 12:00:00+00:00|1.0|sess_comp_exp_fade_london_h12_q0.3_tp06_sl065,2024-12-24 12:00:00+00:00,STAGE28A,data/reports/stage28a_discovery_factory_batch_runner/stage28a_exact_trades.csv,session_compression_expansion_v1,sess_comp_exp_fade_london_h12_q0.3_tp06_sl065,-1.725724999999875,-2.7757249999998748,-3.4757249999998745,0,0,0,0,2.7757249999998748,25.279999999999745,8.889999999999873,0.5129358830146243,8.309999999999945,0.5571600481347941,5.1599999999998545,4.164999999999987,0.008,1.0,,,12,1,12.0,2024
2024-12-26 12:00:00+00:00|-1.0|sess_comp_exp_fade_london_h12_q0.3_tp06_sl065,2024-12-26 12:00:00+00:00,STAGE28A,data/reports/stage28a_discovery_factory_batch_runner/stage28a_exact_trades.csv,session_compression_expansion_v1,sess_comp_exp_fade_london_h12_q0.3_tp06_sl065,-1.6369999999998073,-2.686999999999807,-3.386999999999807,0,0,0,0,2.686999999999807,7.519999999999982,16.299999999999727,0.5539877300613713,6.049999999999727,0.2264462809917277,2.3600000000001273,4.461500000000024,0.092,-1.0,,,12,3,12.0,2024
2025-01-02 12:00:00+00:00|-1.0|sess_comp_exp_fade_london_h12_q0.3_tp06_sl065,2025-01-02 12:00:00+00:00,STAGE28A,data/reports/stage28a_discovery_factory_batch_runner/stage28a_exact_trades.csv,session_compression_expansion_v1,sess_comp_exp_fade_london_h12_q0.3_tp06_sl065,1.264900000000034,0.2149000000000342,-0.4850999999999654,1,0,1,0,0.2149000000000342,4.2800000000002,14.769999999999982,0.6899119837508508,15.090000000000146,0.5765407554671792,4.0300000000002,5.122000000000071,0.38,-1.0,,,12,3,1.0,2025
2025-01-07 12:00:00+00:00|-1.0|sess_comp_exp_fade_london_h12_q0.3_tp06_sl065,2025-01-07 12:00:00+00:00,STAGE28A,data/reports/stage28a_discovery_factory_batch_runner/stage28a_exact_trades.csv,session_compression_expansion_v1,sess_comp_exp_fade_london_h12_q0.3_tp06_sl065,-2.1618749999998728,-3.2118749999998726,-3.911874999999872,0,0,0,1,3.2118749999998726,35.13000000000011,8.300000000000182,0.4325301204819358,9.7800000000002,0.575664621676891,4.029999999999745,5.464499999999975,0.52,-1.0,,,12,1,1.0,2025
2025-01-08 12:00:00+00:00|-1.0|sess_comp_exp_fade_london_h12_q0.3_tp06_sl065,2025-01-08 12:00:00+00:00,STAGE28A,data/reports/stage28a_discovery_factory_batch_runner/stage28a_exact_trades.csv,session_compression_expansion_v1,sess_comp_exp_fade_london_h12_q0.3_tp06_sl065,-1.7211750000002213,-2.771175000000221,-3.471175000000221,0,0,0,0,2.771175000000221,31.429999999999836,6.260000000000218,0.4536741214056856,8.420000000000073,0.7304038004750639,3.150000000000091,4.76700000000003,0.264,-1.0,,,12,2,1.0,2025
2025-01-09 12:00:00+00:00|-1.0|sess_comp_exp_fade_london_h12_q0.3_tp06_sl065,2025-01-09 12:00:00+00:00,STAGE28A,data/reports/stage28a_discovery_factory_batch_runner/stage28a_exact_trades.csv,session_compression_expansion_v1,sess_comp_exp_fade_london_h12_q0.3_tp06_sl065,1.258299999999872,0.208299999999872,-0.4917000000001277,1,0,1,0,0.208299999999872,24.700000000000273,7.650000000000091,0.44836601307192814,10.929999999999836,0.7758462946020261,4.130000000000109,5.973500000000035,0.728,-1.0,,,12,3,1.0,2025
2025-01-13 12:00:00+00:00|1.0|sess_comp_exp_fade_london_h12_q0.3_tp06_sl065,2025-01-13 12:00:00+00:00,STAGE28A,data/reports/stage28a_discovery_factory_batch_runner/stage28a_exact_trades.csv,session_compression_expansion_v1,sess_comp_exp_fade_london_h12_q0.3_tp06_sl065,1.542699999999877,0.4926999999998771,-0.2073000000001226,1,0,1,0,0.4926999999998771,5.670000000000073,13.900000000000091,0.39999999999999347,14.190000000000055,0.45031712473571867,5.360000000000127,6.6055000000000295,0.848,1.0,,,12,0,1.0,2025
2025-01-24 12:00:00+00:00|-1.0|sess_comp_exp_fade_london_h12_q0.3_tp06_sl065,2025-01-24 12:00:00+00:00,STAGE28A,data/reports/stage28a_discovery_factory_batch_runner/stage28a_exact_trades.csv,session_compression_expansion_v1,sess_comp_exp_fade_london_h12_q0.3_tp06_sl065,1.3189000000001214,0.2689000000001216,-0.4310999999998781,1,0,1,0,0.2689000000001216,23.25,23.940000000000055,0.7263993316624826,8.300000000000182,0.44578313253014357,6.769999999999982,5.84699999999998,0.492,-1.0,,,12,4,1.0,2025
2025-01-29 12:00:00+00:00|-1.0|sess_comp_exp_fade_london_h12_q0.3_tp06_sl065,2025-01-29 12:00:00+00:00,STAGE28A,data/reports/stage28a_discovery_factory_batch_runner/stage28a_exact_trades.csv,session_compression_expansion_v1,sess_comp_exp_fade_london_h12_q0.3_tp06_sl065,0.9520000000001346,-0.0979999999998653,-0.797999999999865,0,0,0,0,0.0979999999998653,30.639999999999873,4.730000000000018,0.061310782241006875,8.909999999999854,0.48260381593717755,3.7899999999999636,3.5335000000000036,0.016,-1.0,,,12,2,1.0,2025
2025-01-31 12:00:00+00:00|1.0|sess_comp_exp_fade_london_h12_q0.3_tp06_sl065,2025-01-31 12:00:00+00:00,STAGE28A,data/reports/stage28a_discovery_factory_batch_runner/stage28a_exact_trades.csv,session_compression_expansion_v1,sess_comp_exp_fade_london_h12_q0.3_tp06_sl065,1.2384999999998398,0.18849999999984,-0.5115000000001597,1,0,1,0,0.18849999999984,40.40000000000009,7.369999999999891,0.03799185888734728,10.140000000000327,0.16074950690331377,3.6700000000000728,5.485499999999979,0.412,1.0,,,12,4,1.0,2025
2025-02-18 12:00:00+00:00|-1.0|sess_comp_exp_fade_london_h12_q0.3_tp06_sl065,2025-02-18 12:00:00+00:00,STAGE28A,data/reports/stage28a_discovery_factory_batch_runner/stage28a_exact_trades.csv,session_compression_expansion_v1,sess_comp_exp_fade_london_h12_q0.3_tp06_sl065,-2.142699999999968,-3.192699999999968,-3.892699999999968,0,0,0,1,3.192699999999968,28.340000000000146,19.059999999999945,0.600734522560328,8.389999999999873,0.07866507747322041,3.3900000000003274,4.717500000000041,0.012,-1.0,,,12,1,2.0,2025
2025-06-25 12:00:00+00:00|1.0|sess_comp_exp_fade_london_h12_q0.3_tp06_sl065,2025-06-25 12:00:00+00:00,STAGE28A,data/reports/stage28a_discovery_factory_batch_runner/stage28a_exact_trades.csv,session_compression_expansion_v1,sess_comp_exp_fade_london_h12_q0.3_tp06_sl065,1.791700000000128,0.7417000000001281,0.0417000000001284,1,1,1,0,0.7417000000001281,74.55999999999995,14.210000000000036,0.4693877551020447,15.5,0.19935483870965748,5.849999999999909,7.374499999999943,0.004,1.0,,,12,2,6.0,2025
2025-07-04 12:00:00+00:00|-1.0|sess_comp_exp_fade_london_h12_q0.3_tp06_sl065,2025-07-04 12:00:00+00:00,STAGE28A,data/reports/stage28a_discovery_factory_batch_runner/stage28a_exact_trades.csv,session_compression_expansion_v1,sess_comp_exp_fade_london_h12_q0.3_tp06_sl065,-2.193074999999772,-3.2430749999997714,-3.943074999999771,0,0,0,1,3.2430749999997714,54.36999999999989,15.200000000000273,0.6059210526315705,12.009999999999764,0.32556203164029407,3.2899999999999636,6.361000000000035,0.02,-1.0,,,12,4,7.0,2025
2025-07-07 12:00:00+00:00|1.0|sess_comp_exp_fade_london_h12_q0.3_tp06_sl065,2025-07-07 12:00:00+00:00,STAGE28A,data/reports/stage28a_discovery_factory_batch_runner/stage28a_exact_trades.csv,session_compression_expansion_v1,sess_comp_exp_fade_london_h12_q0.3_tp06_sl065,-3.2519250000001194,-4.30192500000012,-5.001925000000119,0,0,0,1,4.30192500000012,10.329999999999927,36.67000000000007,0.6152167984728634,14.470000000000255,0.13407049067032245,11.470000000000255,8.189999999999964,0.468,1.0,,,12,0,7.0,2025
2025-07-11 12:00:00+00:00|1.0|sess_comp_exp_fade_london_h12_q0.3_tp06_sl065,2025-07-11 12:00:00+00:00,STAGE28A,data/reports/stage28a_discovery_factory_batch_runner/stage28a_exact_trades.csv,session_compression_expansion_v1,sess_comp_exp_fade_london_h12_q0.3_tp06_sl065,2.1991000000001804,1.1491000000001803,0.4491000000001808,1,1,1,0,1.1491000000001803,20.15000000000009,14.420000000000073,0.7302357836338521,14.16000000000031,0.4067796610169557,11.0300000000002,7.511500000000001,0.312,1.0,,,12,4,7.0,2025
2025-07-15 12:00:00+00:00|-1.0|sess_comp_exp_fade_london_h12_q0.3_tp06_sl065,2025-07-15 12:00:00+00:00,STAGE28A,data/reports/stage28a_discovery_factory_batch_runner/stage28a_exact_trades.csv,session_compression_expansion_v1,sess_comp_exp_fade_london_h12_q0.3_tp06_sl065,1.6984000000001287,0.6484000000001289,-0.0515999999998708,1,0,1,0,0.6484000000001289,34.059999999999945,17.06999999999971,0.7158758055067641,9.0,0.6077777777777555,8.809999999999945,6.257000000000039,0.044,-1.0,,,12,1,7.0,2025
2025-07-16 12:00:00+00:00|-1.0|sess_comp_exp_fade_london_h12_q0.3_tp06_sl065,2025-07-16 12:00:00+00:00,STAGE28A,data/reports/stage28a_discovery_factory_batch_runner/stage28a_exact_trades.csv,session_compression_expansion_v1,sess_comp_exp_fade_london_h12_q0.3_tp06_sl065,-2.055274999999801,-3.1052749999998013,-3.805274999999801,0,0,0,1,3.1052749999998013,46.159999999999854,11.390000000000327,0.678665496049148,10.139999999999873,0.5601577909270574,5.070000000000164,7.418499999999949,0.328,-1.0,,,12,2,7.0,2025
2025-07-22 12:00:00+00:00|1.0|sess_comp_exp_fade_london_h12_q0.3_tp06_sl065,2025-07-22 12:00:00+00:00,STAGE28A,data/reports/stage28a_discovery_factory_batch_runner/stage28a_exact_trades.csv,session_compression_expansion_v1,sess_comp_exp_fade_london_h12_q0.3_tp06_sl065,1.1278000000001156,0.0778000000001157,-0.622199999999884,1,0,0,0,0.0778000000001157,56.7199999999998,17.450000000000273,0.38739255014327295,9.409999999999854,0.6992561105207257,3.8700000000003456,6.388499999999999,0.156,1.0,,,12,1,7.0,2025
2025-07-23 12:00:00+00:00|-1.0|sess_comp_exp_fade_london_h12_q0.3_tp06_sl065,2025-07-23 12:00:00+00:00,STAGE28A,data/reports/stage28a_discovery_factory_batch_runner/stage28a_exact_trades.csv,session_compression_expansion_v1,sess_comp_exp_fade_london_h12_q0.3_tp06_sl065,-2.6006250000001274,-3.6506250000001272,-4.350625000000127,0,0,0,1,3.6506250000001272,50.26999999999998,19.579999999999927,0.24463738508682234,17.449999999999818,0.462464183381077,8.109999999999673,7.749999999999932,0.588,-1.0,,,12,2,7.0,2025
2025-07-28 12:00:00+00:00|1.0|sess_comp_exp_fade_london_h12_q0.3_tp06_sl065,2025-07-28 12:00:00+00:00,STAGE28A,data/reports/stage28a_discovery_factory_batch_runner/stage28a_exact_trades.csv,session_compression_expansion_v1,sess_comp_exp_fade_london_h12_q0.3_tp06_sl065,1.6651000000000749,0.615100000000075,-0.0848999999999247,1,0,1,0,0.615100000000075,18.269999999999982,26.029999999999745,0.5220898962735412,12.829999999999927,0.4263445050662378,6.440000000000055,8.323999999999888,0.724,1.0,,,12,0,7.0,2025
2025-07-30 12:00:00+00:00|-1.0|sess_comp_exp_fade_london_h12_q0.3_tp06_sl065,2025-07-30 12:00:00+00:00,STAGE28A,data/reports/stage28a_discovery_factory_batch_runner/stage28a_exact_trades.csv,session_compression_expansion_v1,sess_comp_exp_fade_london_h12_q0.3_tp06_sl065,1.6105000000001382,0.5605000000001383,-0.1394999999998614,1,0,1,0,0.5605000000001383,26.38000000000011,11.730000000000018,0.06308610400684019,10.860000000000127,0.2651933701657528,5.839999999999691,6.700500000000057,0.212,-1.0,,,12,2,7.0,2025
2025-08-04 12:00:00+00:00|1.0|sess_comp_exp_fade_london_h12_q0.3_tp06_sl065,2025-08-04 12:00:00+00:00,STAGE28A,data/reports/stage28a_discovery_factory_batch_runner/stage28a_exact_trades.csv,session_compression_expansion_v1,sess_comp_exp_fade_london_h12_q0.3_tp06_sl065,1.777300000000105,0.7273000000001049,0.0273000000001051,1,1,1,0,0.7273000000001049,11.5300000000002,24.079999999999927,0.04734219269104364,10.960000000000036,0.21350364963504906,5.640000000000327,8.285000000000036,0.656,1.0,,,12,0,8.0,2025
2025-08-05 12:00:00+00:00|1.0|sess_comp_exp_fade_london_h12_q0.3_tp06_sl065,2025-08-05 12:00:00+00:00,STAGE28A,data/reports/stage28a_discovery_factory_batch_runner/stage28a_exact_trades.csv,session_compression_expansion_v1,sess_comp_exp_fade_london_h12_q0.3_tp06_sl065,-2.370849999999882,-3.420849999999882,-4.120849999999882,0,0,0,1,3.420849999999882,40.25999999999976,10.429999999999836,0.2550335570470135,16.519999999999982,0.7481840193704686,8.570000000000164,6.284500000000003,0.056,1.0,,,12,1,8.0,2025
2025-08-06 12:00:00+00:00|1.0|sess_comp_exp_fade_london_h12_q0.3_tp06_sl065,2025-08-06 12:00:00+00:00,STAGE28A,data/reports/stage28a_discovery_factory_batch_runner/stage28a_exact_trades.csv,session_compression_expansion_v1,sess_comp_exp_fade_london_h12_q0.3_tp06_sl065,-2.48590000000022,-3.53590000000022,-4.235900000000219,0,0,0,1,3.53590000000022,40.220000000000255,12.699999999999818,0.4,20.40000000000009,0.7725490196078504,9.740000000000236,6.628500000000008,0.096,1.0,,,12,2,8.0,2025
2025-08-15 12:00:00+00:00|1.0|sess_comp_exp_fade_london_h12_q0.3_tp06_sl065,2025-08-15 12:00:00+00:00,STAGE28A,data/reports/stage28a_discovery_factory_batch_runner/stage28a_exact_trades.csv,session_compression_expansion_v1,sess_comp_exp_fade_london_h12_q0.3_tp06_sl065,1.7643999999999322,0.7143999999999324,0.0143999999999326,1,1,1,0,0.7143999999999324,45.40000000000009,12.629999999999654,0.795724465558231,10.309999999999945,0.07468477206595402,9.88000000000011,6.41749999999995,0.064,1.0,,,12,4,8.0,2025
2025-08-18 12:00:00+00:00|-1.0|sess_comp_exp_fade_london_h12_q0.3_tp06_sl065,2025-08-18 12:00:00+00:00,STAGE28A,data/reports/stage28a_discovery_factory_batch_runner/stage28a_exact_trades.csv,session_compression_expansion_v1,sess_comp_exp_fade_london_h12_q0.3_tp06_sl065,1.7260000000000215,0.6760000000000219,-0.0239999999999778,1,0,1,0,0.6760000000000219,6.019999999999982,28.190000000000055,0.4522880454061715,13.799999999999727,0.07608695652172086,5.339999999999691,7.390500000000043,0.38,-1.0,,,12,0,8.0,2025
2025-08-19 12:00:00+00:00|-1.0|sess_comp_exp_fade_london_h12_q0.3_tp06_sl065,2025-08-19 12:00:00+00:00,STAGE28A,data/reports/stage28a_discovery_factory_batch_runner/stage28a_exact_trades.csv,session_compression_expansion_v1,sess_comp_exp_fade_london_h12_q0.3_tp06_sl065,-2.252549999999792,-3.302549999999792,-4.002549999999792,0,0,0,1,3.302549999999792,34.79999999999973,15.579999999999927,0.21694480102696564,7.289999999999964,0.20301783264746578,4.420000000000073,5.1424999999999725,0.016,-1.0,,,12,1,8.0,2025
2025-08-20 12:00:00+00:00|-1.0|sess_comp_exp_fade_london_h12_q0.3_tp06_sl065,2025-08-20 12:00:00+00:00,STAGE28A,data/reports/stage28a_discovery_factory_batch_runner/stage28a_exact_trades.csv,session_compression_expansion_v1,sess_comp_exp_fade_london_h12_q0.3_tp06_sl065,1.2087999999997918,0.158799999999792,-0.5412000000002077,1,0,1,0,0.158799999999792,30.36999999999989,7.0300000000002,0.09246088193457645,10.38000000000011,0.8333333333333334,4.6599999999998545,5.548500000000013,0.064,-1.0,,,12,2,8.0,2025
2025-08-21 12:00:00+00:00|1.0|sess_comp_exp_fade_london_h12_q0.3_tp06_sl065,2025-08-21 12:00:00+00:00,STAGE28A,data/reports/stage28a_discovery_factory_batch_runner/stage28a_exact_trades.csv,session_compression_expansion_v1,sess_comp_exp_fade_london_h12_q0.3_tp06_sl065,-1.908050000000094,-2.9580500000000938,-3.6580500000000935,0,0,0,0,2.9580500000000938,38.88999999999987,12.33999999999969,0.793354943273923,7.849999999999909,0.09044585987261715,3.4699999999998,4.92800000000002,0.028,1.0,,,12,3,8.0,2025
2025-08-22 12:00:00+00:00|1.0|sess_comp_exp_fade_london_h12_q0.3_tp06_sl065,2025-08-22 12:00:00+00:00,STAGE28A,data/reports/stage28a_discovery_factory_batch_runner/stage28a_exact_trades.csv,session_compression_expansion_v1,sess_comp_exp_fade_london_h12_q0.3_tp06_sl065,-2.192424999999821,-3.242424999999821,-3.9424249999998207,0,0,0,1,3.242424999999821,26.9699999999998,9.139999999999873,0.7647702407002553,9.659999999999854,0.1946169772256871,5.230000000000018,5.090000000000009,0.064,1.0,,,12,4,8.0,2025
2025-08-25 12:00:00+00:00|1.0|sess_comp_exp_fade_london_h12_q0.3_tp06_sl065,2025-08-25 12:00:00+00:00,STAGE28A,data/reports/stage28a_discovery_factory_batch_runner/stage28a_exact_trades.csv,session_compression_expansion_v1,sess_comp_exp_fade_london_h12_q0.3_tp06_sl065,0.8776000000001659,-0.172399999999834,-0.8723999999998338,0,0,0,0,0.172399999999834,6.210000000000036,12.260000000000218,0.0016313213703084382,8.019999999999982,0.02369077306733853,3.4899999999997817,6.99350000000004,0.512,1.0,,,12,0,8.0,2025
2025-08-26 12:00:00+00:00|-1.0|sess_comp_exp_fade_london_h12_q0.3_tp06_sl065,2025-08-26 12:00:00+00:00,STAGE28A,data/reports/stage28a_discovery_factory_batch_runner/stage28a_exact_trades.csv,session_compression_expansion_v1,sess_comp_exp_fade_london_h12_q0.3_tp06_sl065,1.789599999999973,0.7395999999999732,0.0395999999999734,1,1,1,0,0.7395999999999732,16.389999999999873,35.129999999999654,0.22687161969826014,12.58999999999969,0.030182684670346602,4.389999999999873,8.015499999999998,0.816,-1.0,,,12,1,8.0,2025
2025-08-27 12:00:00+00:00|-1.0|sess_comp_exp_fade_london_h12_q0.3_tp06_sl065,2025-08-27 12:00:00+00:00,STAGE28A,data/reports/stage28a_discovery_factory_batch_runner/stage28a_exact_trades.csv,session_compression_expansion_v1,sess_comp_exp_fade_london_h12_q0.3_tp06_sl065,1.373500000000058,0.3235000000000583,-0.3764999999999414,1,0,1,0,0.3235000000000583,42.19999999999982,13.800000000000182,0.7543478260869689,11.629999999999654,0.21066208082548113,3.9699999999998,5.653999999999996,0.288,-1.0,,,12,2,8.0,2025
2025-08-28 12:00:00+00:00|-1.0|sess_comp_exp_fade_london_h12_q0.3_tp06_sl065,2025-08-28 12:00:00+00:00,STAGE28A,data/reports/stage28a_discovery_factory_batch_runner/stage28a_exact_trades.csv,session_compression_expansion_v1,sess_comp_exp_fade_london_h12_q0.3_tp06_sl065,1.225600000000122,0.1756000000001223,-0.5243999999998774,1,0,1,0,0.1756000000001223,25.049999999999727,15.08999999999969,0.3770709078860286,13.86999999999989,0.6560922855083227,7.100000000000364,5.584000000000015,0.284,-1.0,,,12,3,8.0,2025
2025-08-29 12:00:00+00:00|1.0|sess_comp_exp_fade_london_h12_q0.3_tp06_sl065,2025-08-29 12:00:00+00:00,STAGE28A,data/reports/stage28a_discovery_factory_batch_runner/stage28a_exact_trades.csv,session_compression_expansion_v1,sess_comp_exp_fade_london_h12_q0.3_tp06_sl065,1.0368999999999686,-0.0131000000000311,-0.7131000000000309,0,0,0,0,0.0131000000000311,38.56999999999971,10.489999999999782,0.5633937082936108,8.269999999999982,0.44740024183800253,5.050000000000182,5.327499999999918,0.192,1.0,,,12,4,8.0,2025
2025-09-03 12:00:00+00:00|-1.0|sess_comp_exp_fade_london_h12_q0.3_tp06_sl065,2025-09-03 12:00:00+00:00,STAGE28A,data/reports/stage28a_discovery_factory_batch_runner/stage28a_exact_trades.csv,session_compression_expansion_v1,sess_comp_exp_fade_london_h12_q0.3_tp06_sl065,1.9837000000001352,0.9337000000001354,0.2337000000001357,1,1,1,0,0.9337000000001354,70.11000000000013,20.48999999999978,0.07369448511467934,14.86999999999989,0.24277067921991619,7.460000000000036,10.099500000000035,0.876,-1.0,,,12,2,9.0,2025
2025-09-10 12:00:00+00:00|-1.0|sess_comp_exp_fade_london_h12_q0.3_tp06_sl065,2025-09-10 12:00:00+00:00,STAGE28A,data/reports/stage28a_discovery_factory_batch_runner/stage28a_exact_trades.csv,session_compression_expansion_v1,sess_comp_exp_fade_london_h12_q0.3_tp06_sl065,-2.8024500000002264,-3.852450000000226,-4.552450000000226,0,0,0,1,3.852450000000226,48.75999999999976,21.710000000000036,0.044679871027167126,19.68000000000029,0.9563008130081243,5.539999999999964,10.797500000000037,0.74,-1.0,,,12,2,9.0,2025
2025-09-15 12:00:00+00:00|1.0|sess_comp_exp_fade_london_h12_q0.3_tp06_sl065,2025-09-15 12:00:00+00:00,STAGE28A,data/reports/stage28a_discovery_factory_batch_runner/stage28a_exact_trades.csv,session_compression_expansion_v1,sess_comp_exp_fade_london_h12_q0.3_tp06_sl065,-2.427400000000125,-3.477400000000125,-4.177400000000125,0,0,0,1,3.477400000000125,6.779999999999745,19.769999999999982,0.2063732928679783,13.239999999999782,0.3904833836857782,4.900000000000091,6.242499999999973,0.004,1.0,,,12,0,9.0,2025
2025-12-05 12:00:00+00:00|-1.0|sess_comp_exp_fade_london_h12_q0.3_tp06_sl065,2025-12-05 12:00:00+00:00,STAGE28A,data/reports/stage28a_discovery_factory_batch_runner/stage28a_exact_trades.csv,session_compression_expansion_v1,sess_comp_exp_fade_london_h12_q0.3_tp06_sl065,-3.3188750000004803,-4.368875000000481,-5.06887500000048,0,0,0,1,4.368875000000481,44.17000000000007,22.579999999999927,0.47387068201952004,16.470000000000255,0.37279902853674757,9.020000000000437,9.626500000000078,0.08,-1.0,,,12,4,12.0,2025
2025-12-08 12:00:00+00:00|1.0|sess_comp_exp_fade_london_h12_q0.3_tp06_sl065,2025-12-08 12:00:00+00:00,STAGE28A,data/reports/stage28a_discovery_factory_batch_runner/stage28a_exact_trades.csv,session_compression_expansion_v1,sess_comp_exp_fade_london_h12_q0.3_tp06_sl065,-3.825875000000088,-4.875875000000088,-5.575875000000087,0,0,0,1,4.875875000000088,15.210000000000036,19.06999999999971,0.39066596748819776,17.710000000000036,0.29587803500850823,8.340000000000146,13.539500000000135,0.412,1.0,,,12,0,12.0,2025
2025-12-11 12:00:00+00:00|-1.0|sess_comp_exp_fade_london_h12_q0.3_tp06_sl065,2025-12-11 12:00:00+00:00,STAGE28A,data/reports/stage28a_discovery_factory_batch_runner/stage28a_exact_trades.csv,session_compression_expansion_v1,sess_comp_exp_fade_london_h12_q0.3_tp06_sl065,-3.5863500000001296,-4.63635000000013,-5.336350000000129,0,0,0,1,4.63635000000013,56.650000000000546,39.13999999999942,0.4757281553398101,21.590000000000146,0.1491431218156662,11.079999999999927,13.86649999999995,0.68,-1.0,,,12,3,12.0,2025
2025-12-18 12:00:00+00:00|1.0|sess_comp_exp_fade_london_h12_q0.3_tp06_sl065,2025-12-18 12:00:00+00:00,STAGE28A,data/reports/stage28a_discovery_factory_batch_runner/stage28a_exact_trades.csv,session_compression_expansion_v1,sess_comp_exp_fade_london_h12_q0.3_tp06_sl065,2.1622000000001207,1.1122000000001209,0.4122000000001211,1,1,1,0,1.1122000000001209,47.26000000000022,18.51000000000022,0.390059427336584,16.73999999999978,0.3912783751493045,7.649999999999636,11.018499999999994,0.232,1.0,,,12,3,12.0,2025
2025-12-19 12:00:00+00:00|-1.0|sess_comp_exp_fade_london_h12_q0.3_tp06_sl065,2025-12-19 12:00:00+00:00,STAGE28A,data/reports/stage28a_discovery_factory_batch_runner/stage28a_exact_trades.csv,session_compression_expansion_v1,sess_comp_exp_fade_london_h12_q0.3_tp06_sl065,2.220099999999911,1.170099999999911,0.4700999999999116,1,1,1,0,1.170099999999911,65.72000000000025,27.599999999999454,0.44818840579710634,15.989999999999782,0.3089430894308735,9.13000000000011,14.62649999999985,0.828,-1.0,,,12,4,12.0,2025
2025-12-26 12:00:00+00:00|-1.0|sess_comp_exp_fade_london_h12_q0.3_tp06_sl065,2025-12-26 12:00:00+00:00,STAGE28A,data/reports/stage28a_discovery_factory_batch_runner/stage28a_exact_trades.csv,session_compression_expansion_v1,sess_comp_exp_fade_london_h12_q0.3_tp06_sl065,2.7432999999995444,1.6932999999995446,0.9932999999995448,1,1,1,0,1.6932999999995446,30.289999999999964,61.48999999999978,0.22767929744674012,17.50999999999931,0.311250713877786,8.420000000000073,18.053999999999906,0.9,-1.0,,,12,4,12.0,2025
2026-01-19 12:00:00+00:00|-1.0|sess_comp_exp_fade_london_h12_q0.3_tp06_sl065,2026-01-19 12:00:00+00:00,STAGE28A,data/reports/stage28a_discovery_factory_batch_runner/stage28a_exact_trades.csv,session_compression_expansion_v1,sess_comp_exp_fade_london_h12_q0.3_tp06_sl065,3.320200000000477,2.2702000000004774,1.5702000000004777,1,1,1,0,2.2702000000004774,70.75,70.75,0.13371024734982384,17.730000000000473,0.0383530738860842,10.759999999999309,24.437500000000046,0.96,-1.0,,,12,0,1.0,2026
2026-04-20 12:00:00+00:00|-1.0|sess_comp_exp_fade_london_h12_q0.3_tp06_sl065,2026-04-20 12:00:00+00:00,STAGE28A,data/reports/stage28a_discovery_factory_batch_runner/stage28a_exact_trades.csv,session_compression_expansion_v1,sess_comp_exp_fade_london_h12_q0.3_tp06_sl065,4.228599999999824,3.178599999999824,2.4785999999998243,1,1,1,0,3.178599999999824,36.82000000000062,77.25,0.15093851132685895,26.13000000000011,0.027171833141983674,10.090000000000146,21.986500000000024,0.6,-1.0,,,12,0,4.0,2026
2026-04-21 12:00:00+00:00|1.0|sess_comp_exp_fade_london_h12_q0.3_tp06_sl065,2026-04-21 12:00:00+00:00,STAGE28A,data/reports/stage28a_discovery_factory_batch_runner/stage28a_exact_trades.csv,session_compression_expansion_v1,sess_comp_exp_fade_london_h12_q0.3_tp06_sl065,4.778200000000107,3.7282000000001054,3.0282000000001066,1,1,1,0,3.7282000000001054,90.67000000000007,40.399999999999636,0.7566831683168312,25.050000000000182,0.5417165668662519,18.039999999999964,14.880999999999949,0.044,1.0,,,12,1,4.0,2026
2026-04-22 12:00:00+00:00|1.0|sess_comp_exp_fade_london_h12_q0.3_tp06_sl065,2026-04-22 12:00:00+00:00,STAGE28A,data/reports/stage28a_discovery_factory_batch_runner/stage28a_exact_trades.csv,session_compression_expansion_v1,sess_comp_exp_fade_london_h12_q0.3_tp06_sl065,-4.1843500000000855,-5.234350000000086,-5.9343500000000855,0,0,0,1,5.234350000000086,164.42000000000007,49.36000000000058,0.7803889789302891,19.909999999999854,0.14364640883980928,10.279999999999745,23.436499999999977,0.748,1.0,,,12,2,4.0,2026
2026-04-27 12:00:00+00:00|1.0|sess_comp_exp_fade_london_h12_q0.3_tp06_sl065,2026-04-27 12:00:00+00:00,STAGE28A,data/reports/stage28a_discovery_factory_batch_runner/stage28a_exact_trades.csv,session_compression_expansion_v1,sess_comp_exp_fade_london_h12_q0.3_tp06_sl065,-3.9357249999999113,-4.985724999999912,-5.685724999999911,0,0,0,1,4.985724999999912,19.25,57.220000000000255,0.6957357567284206,30.449999999999818,0.671592775041049,9.30999999999949,14.895000000000072,0.096,1.0,,,12,0,4.0,2026
2026-05-13 12:00:00+00:00|-1.0|sess_comp_exp_fade_london_h12_q0.3_tp06_sl065,2026-05-13 12:00:00+00:00,STAGE28A,data/reports/stage28a_discovery_factory_batch_runner/stage28a_exact_trades.csv,session_compression_expansion_v1,sess_comp_exp_fade_london_h12_q0.3_tp06_sl065,-5.005300000000352,-6.0553000000003525,-6.755300000000352,0,0,0,1,6.0553000000003525,134.8199999999997,38.69000000000051,0.5420005169294386,29.390000000000327,0.16570261993874913,9.789999999999964,15.846500000000015,0.116,-1.0,,,12,2,5.0,2026
2026-05-19 12:00:00+00:00|1.0|sess_comp_exp_fade_london_h12_q0.3_tp06_sl065,2026-05-19 12:00:00+00:00,STAGE28A,data/reports/stage28a_discovery_factory_batch_runner/stage28a_exact_trades.csv,session_compression_expansion_v1,sess_comp_exp_fade_london_h12_q0.3_tp06_sl065,5.402199999999903,4.352199999999902,3.652199999999903,1,1,1,0,4.352199999999902,103.57999999999993,45.600000000000364,0.634210526315786,28.25999999999931,0.11075725406936256,22.69000000000051,18.02049999999995,0.324,1.0,,,12,1,5.0,2026
2026-05-21 12:00:00+00:00|-1.0|sess_comp_exp_fade_london_h12_q0.3_tp06_sl065,2026-05-21 12:00:00+00:00,STAGE28A,data/reports/stage28a_discovery_factory_batch_runner/stage28a_exact_trades.csv,session_compression_expansion_v1,sess_comp_exp_fade_london_h12_q0.3_tp06_sl065,4.875699999999961,3.825699999999961,3.125699999999961,1,1,1,0,3.825699999999961,98.85000000000036,43.460000000000036,0.26346065347445485,31.13000000000011,0.08833922261484067,18.38000000000011,19.53149999999996,0.512,-1.0,,,12,3,5.0,2026
2026-05-22 12:00:00+00:00|1.0|sess_comp_exp_fade_london_h12_q0.3_tp06_sl065,2026-05-22 12:00:00+00:00,STAGE28A,data/reports/stage28a_discovery_factory_batch_runner/stage28a_exact_trades.csv,session_compression_expansion_v1,sess_comp_exp_fade_london_h12_q0.3_tp06_sl065,4.438599999999861,3.3885999999998604,2.6885999999998607,1,1,1,0,3.3885999999998604,81.88999999999942,27.229999999999563,0.5233198677928839,28.420000000000073,0.09570724841661674,13.979999999999563,16.46399999999985,0.092,1.0,,,12,4,5.0,2026
2026-05-25 12:00:00+00:00|1.0|sess_comp_exp_fade_london_h12_q0.3_tp06_sl065,2026-05-25 12:00:00+00:00,STAGE28A,data/reports/stage28a_discovery_factory_batch_runner/stage28a_exact_trades.csv,session_compression_expansion_v1,sess_comp_exp_fade_london_h12_q0.3_tp06_sl065,3.039100000000326,1.989100000000326,1.2891000000003263,1,1,1,0,1.989100000000326,23.219999999999345,37.50999999999931,0.1343641695547869,18.550000000000182,0.42318059299188016,11.640000000000327,14.026999999999907,0.008,1.0,,,12,0,5.0,2026
2026-05-26 12:00:00+00:00|1.0|sess_comp_exp_fade_london_h12_q0.3_tp06_sl065,2026-05-26 12:00:00+00:00,STAGE28A,data/reports/stage28a_discovery_factory_batch_runner/stage28a_exact_trades.csv,session_compression_expansion_v1,sess_comp_exp_fade_london_h12_q0.3_tp06_sl065,4.054300000000149,3.0043000000001485,2.304300000000149,1,1,1,0,3.0043000000001485,37.50999999999931,52.36999999999989,0.6265037235058329,30.970000000000255,0.6293186955117733,18.799999999999272,13.93199999999988,0.096,1.0,,,12,1,5.0,2026
2026-05-28 12:00:00+00:00|-1.0|sess_comp_exp_fade_london_h12_q0.3_tp06_sl065,2026-05-28 12:00:00+00:00,STAGE28A,data/reports/stage28a_discovery_factory_batch_runner/stage28a_exact_trades.csv,session_compression_expansion_v1,sess_comp_exp_fade_london_h12_q0.3_tp06_sl065,-6.0907999999995805,-7.140799999999581,-7.8407999999995805,0,0,0,1,7.140799999999581,126.31999999999971,97.43000000000029,0.8483013445550589,32.26000000000022,0.5855548667079755,8.989999999999782,18.55799999999981,0.52,-1.0,,,12,3,5.0,2026
2026-05-29 12:00:00+00:00|-1.0|sess_comp_exp_fade_london_h12_q0.3_tp06_sl065,2026-05-29 12:00:00+00:00,STAGE28A,data/reports/stage28a_discovery_factory_batch_runner/stage28a_exact_trades.csv,session_compression_expansion_v1,sess_comp_exp_fade_london_h12_q0.3_tp06_sl065,4.570900000000075,3.5209000000000743,2.8209000000000746,1,1,1,0,3.5209000000000743,149.91000000000076,31.609999999999673,0.3144574501739862,38.23000000000047,0.7737379021710583,14.950000000000728,16.15900000000006,0.16,-1.0,,,12,4,5.0,2026
2026-06-04 12:00:00+00:00|1.0|sess_comp_exp_fade_london_h12_q0.3_tp06_sl065,2026-06-04 12:00:00+00:00,STAGE28A,data/reports/stage28a_discovery_factory_batch_runner/stage28a_exact_trades.csv,session_compression_expansion_v1,sess_comp_exp_fade_london_h12_q0.3_tp06_sl065,4.081900000000497,3.0319000000004963,2.331900000000497,1,1,1,0,3.0319000000004963,70.15000000000055,52.960000000000036,0.2736027190332283,25.360000000000582,0.2602523659305719,10.610000000000582,18.18199999999997,0.684,1.0,,,12,3,6.0,2026
2026-06-09 12:00:00+00:00|1.0|sess_comp_exp_fade_london_h12_q0.3_tp06_sl065,2026-06-09 12:00:00+00:00,STAGE28A,data/reports/stage28a_discovery_factory_batch_runner/stage28a_exact_trades.csv,session_compression_expansion_v1,sess_comp_exp_fade_london_h12_q0.3_tp06_sl065,4.419400000000133,3.3694000000001325,2.6694000000001328,1,1,1,0,3.3694000000001325,84.51999999999953,29.149999999999636,0.2957118353344768,30.11999999999989,0.13313413014609007,15.489999999999782,14.515499999999793,0.108,1.0,,,12,1,6.0,2026
2022-07-22 13:00:00+00:00|1.0|vol_trans_follow_h1_high_cooling_h13_tp06_sl065,2022-07-22 13:00:00+00:00,STAGE28A,data/reports/stage28a_discovery_factory_batch_runner/stage28a_exact_trades.csv,volatility_transition_v1,vol_trans_follow_h1_high_cooling_h13_tp06_sl065,-1.90577500000004,-2.95577500000004,-3.6557750000000393,0,0,0,0,2.95577500000004,39.34999999999991,6.4500000000000455,0.5581395348837029,12.649999999999864,0.8426877470355887,8.009999999999991,3.8400000000000203,0.308,1.0,,,13,4,7.0,2022
2022-07-25 13:00:00+00:00|1.0|vol_trans_follow_h1_high_cooling_h13_tp06_sl065,2022-07-25 13:00:00+00:00,STAGE28A,data/reports/stage28a_discovery_factory_batch_runner/stage28a_exact_trades.csv,volatility_transition_v1,vol_trans_follow_h1_high_cooling_h13_tp06_sl065,0.9990999999999076,-0.0509000000000923,-0.750900000000092,0,0,0,0,0.0509000000000923,1.5700000000001637,8.950000000000045,0.13854748603351988,12.480000000000018,0.5993589743589749,7.980000000000018,3.9800000000000066,0.34,1.0,,,13,0,7.0,2022
2022-07-26 13:00:00+00:00|-1.0|vol_trans_follow_h1_high_cooling_h13_tp06_sl065,2022-07-26 13:00:00+00:00,STAGE28A,data/reports/stage28a_discovery_factory_batch_runner/stage28a_exact_trades.csv,volatility_transition_v1,vol_trans_follow_h1_high_cooling_h13_tp06_sl065,-1.494974999999931,-2.544974999999931,-3.244974999999931,0,0,0,0,2.544974999999931,21.460000000000036,10.149999999999864,0.5320197044335137,8.980000000000018,0.4432071269487762,5.529999999999973,3.3735000000000013,0.132,-1.0,,,13,1,7.0,2022
2022-07-27 13:00:00+00:00|-1.0|vol_trans_follow_h1_high_cooling_h13_tp06_sl065,2022-07-27 13:00:00+00:00,STAGE28A,data/reports/stage28a_discovery_factory_batch_runner/stage28a_exact_trades.csv,volatility_transition_v1,vol_trans_follow_h1_high_cooling_h13_tp06_sl065,0.7734999999999218,-0.2765000000000781,-0.976500000000078,0,0,0,0,0.2765000000000781,14.579999999999927,4.2999999999999545,0.34883720930232925,11.460000000000036,0.47382198952878,3.0800000000001546,3.018999999999983,0.036,-1.0,,,13,2,7.0,2022
2022-07-29 13:00:00+00:00|-1.0|vol_trans_follow_h1_high_cooling_h13_tp06_sl065,2022-07-29 13:00:00+00:00,STAGE28A,data/reports/stage28a_discovery_factory_batch_runner/stage28a_exact_trades.csv,volatility_transition_v1,vol_trans_follow_h1_high_cooling_h13_tp06_sl065,1.1770000000000436,0.1270000000000437,-0.572999999999956,1,0,0,0,0.1270000000000437,23.1400000000001,11.269999999999982,0.6752440106477295,11.579999999999927,0.22625215889465758,8.099999999999909,3.908499999999981,0.392,-1.0,,,13,4,7.0,2022
2022-08-01 13:00:00+00:00|1.0|vol_trans_follow_h1_high_cooling_h13_tp06_sl065,2022-08-01 13:00:00+00:00,STAGE28A,data/reports/stage28a_discovery_factory_batch_runner/stage28a_exact_trades.csv,volatility_transition_v1,vol_trans_follow_h1_high_cooling_h13_tp06_sl065,1.013200000000006,-0.0367999999999937,-0.7367999999999935,0,0,0,0,0.0367999999999937,2.3300000000001546,5.310000000000173,0.20527306967982725,15.36999999999989,0.7391021470396865,8.900000000000091,4.3110000000000355,0.568,1.0,,,13,0,8.0,2022
2022-08-02 13:00:00+00:00|1.0|vol_trans_follow_h1_high_cooling_h13_tp06_sl065,2022-08-02 13:00:00+00:00,STAGE28A,data/reports/stage28a_discovery_factory_batch_runner/stage28a_exact_trades.csv,volatility_transition_v1,vol_trans_follow_h1_high_cooling_h13_tp06_sl065,0.9106000000000676,-0.1393999999999322,-0.839399999999932,0,0,0,0,0.1393999999999322,16.699999999999818,9.649999999999864,0.30880829015544664,7.150000000000091,0.008391608391600653,2.509999999999991,3.8615000000000235,0.368,1.0,,,13,1,8.0,2022
2022-08-04 13:00:00+00:00|1.0|vol_trans_follow_h1_high_cooling_h13_tp06_sl065,2022-08-04 13:00:00+00:00,STAGE28A,data/reports/stage28a_discovery_factory_batch_runner/stage28a_exact_trades.csv,volatility_transition_v1,vol_trans_follow_h1_high_cooling_h13_tp06_sl065,0.8137000000000626,-0.2362999999999373,-0.9362999999999372,0,0,0,0,0.2362999999999373,18.460000000000036,8.320000000000164,0.889423076923043,11.079999999999927,0.8086642599278064,4.079999999999927,3.4970000000000367,0.1,1.0,,,13,3,8.0,2022
2022-08-05 13:00:00+00:00|-1.0|vol_trans_follow_h1_high_cooling_h13_tp06_sl065,2022-08-05 13:00:00+00:00,STAGE28A,data/reports/stage28a_discovery_factory_batch_runner/stage28a_exact_trades.csv,volatility_transition_v1,vol_trans_follow_h1_high_cooling_h13_tp06_sl065,-1.6067750000000616,-2.6567750000000614,-3.356775000000061,0,0,0,0,2.6567750000000614,31.680000000000064,6.100000000000136,0.19180327868853222,7.569999999999936,0.7384412153236414,2.730000000000018,3.4200000000000386,0.088,-1.0,,,13,4,8.0,2022
2022-08-08 13:00:00+00:00|1.0|vol_trans_follow_h1_high_cooling_h13_tp06_sl065,2022-08-08 13:00:00+00:00,STAGE28A,data/reports/stage28a_discovery_factory_batch_runner/stage28a_exact_trades.csv,volatility_transition_v1,vol_trans_follow_h1_high_cooling_h13_tp06_sl065,-1.423799999999892,-2.473799999999892,-3.173799999999892,0,0,0,0,2.473799999999892,4.460000000000036,4.879999999999882,0.0860655737705088,7.879999999999882,0.5418781725888383,4.690000000000055,3.4279999999999973,0.104,1.0,,,13,0,8.0,2022
2022-08-09 13:00:00+00:00|1.0|vol_trans_follow_h1_high_cooling_h13_tp06_sl065,2022-08-09 13:00:00+00:00,STAGE28A,data/reports/stage28a_discovery_factory_batch_runner/stage28a_exact_trades.csv,volatility_transition_v1,vol_trans_follow_h1_high_cooling_h13_tp06_sl065,-1.7539999999999965,-2.8039999999999963,-3.503999999999996,0,0,0,0,2.8039999999999963,19.449999999999818,7.440000000000055,0.3360215053763416,9.8599999999999,0.5324543610547722,3.9600000000000364,3.273000000000002,0.064,1.0,,,13,1,8.0,2022
2022-08-10 13:00:00+00:00|1.0|vol_trans_follow_h1_high_cooling_h13_tp06_sl065,2022-08-10 13:00:00+00:00,STAGE28A,data/reports/stage28a_discovery_factory_batch_runner/stage28a_exact_trades.csv,volatility_transition_v1,vol_trans_follow_h1_high_cooling_h13_tp06_sl065,-1.4098250000000463,-2.459825000000046,-3.159825000000046,0,0,0,0,2.459825000000046,17.15000000000009,4.0,0.5999999999999659,7.539999999999964,0.3859416445623168,3.4500000000000455,2.7889999999999757,0.008,1.0,,,13,2,8.0,2022
2022-08-11 13:00:00+00:00|1.0|vol_trans_follow_h1_high_cooling_h13_tp06_sl065,2022-08-11 13:00:00+00:00,STAGE28A,data/reports/stage28a_discovery_factory_batch_runner/stage28a_exact_trades.csv,volatility_transition_v1,vol_trans_follow_h1_high_cooling_h13_tp06_sl065,-1.6214000000000852,-2.671400000000085,-3.3714000000000848,0,0,0,0,2.671400000000085,20.269999999999982,8.3900000000001,0.6376638855780506,6.789999999999964,0.6465390279823117,2.560000000000173,3.3920000000000186,0.12,1.0,,,13,3,8.0,2022
2022-08-12 13:00:00+00:00|1.0|vol_trans_follow_h1_high_cooling_h13_tp06_sl065,2022-08-12 13:00:00+00:00,STAGE28A,data/reports/stage28a_discovery_factory_batch_runner/stage28a_exact_trades.csv,volatility_transition_v1,vol_trans_follow_h1_high_cooling_h13_tp06_sl065,0.7447000000001026,-0.3052999999998973,-1.005299999999897,0,0,0,0,0.3052999999998973,15.679999999999836,5.190000000000055,0.6358381502890019,8.059999999999945,0.440446650124095,2.5599999999999454,3.473000000000013,0.176,1.0,,,13,4,8.0,2022
2022-08-15 13:00:00+00:00|-1.0|vol_trans_follow_h1_high_cooling_h13_tp06_sl065,2022-08-15 13:00:00+00:00,STAGE28A,data/reports/stage28a_discovery_factory_batch_runner/stage28a_exact_trades.csv,volatility_transition_v1,vol_trans_follow_h1_high_cooling_h13_tp06_sl065,-1.6903000000000703,-2.74030000000007,-3.44030000000007,0,0,0,0,2.74030000000007,2.5799999999999272,8.339999999999918,0.5851318944844313,17.659999999999854,0.8969422423556086,6.709999999999809,3.6345000000000027,0.24,-1.0,,,13,0,8.0,2022
2022-08-16 13:00:00+00:00|1.0|vol_trans_follow_h1_high_cooling_h13_tp06_sl065,2022-08-16 13:00:00+00:00,STAGE28A,data/reports/stage28a_discovery_factory_batch_runner/stage28a_exact_trades.csv,volatility_transition_v1,vol_trans_follow_h1_high_cooling_h13_tp06_sl065,-1.4420000000000983,-2.492000000000098,-3.192000000000098,0,0,0,0,2.492000000000098,29.309999999999945,6.2999999999999545,0.46190476190477825,8.120000000000118,0.6896551724137998,2.1200000000001182,2.6595000000000026,0.012,1.0,,,13,1,8.0,2022
2022-08-17 13:00:00+00:00|-1.0|vol_trans_follow_h1_high_cooling_h13_tp06_sl065,2022-08-17 13:00:00+00:00,STAGE28A,data/reports/stage28a_discovery_factory_batch_runner/stage28a_exact_trades.csv,volatility_transition_v1,vol_trans_follow_h1_high_cooling_h13_tp06_sl065,0.6967000000001008,-0.3532999999998991,-1.0532999999998989,0,0,0,0,0.3532999999998991,11.660000000000082,3.1499999999998636,0.17777777777776815,10.319999999999936,0.22093023255813826,2.589999999999918,2.806499999999994,0.032,-1.0,,,13,2,8.0,2022
2022-08-18 13:00:00+00:00|1.0|vol_trans_follow_h1_high_cooling_h13_tp06_sl065,2022-08-18 13:00:00+00:00,STAGE28A,data/reports/stage28a_discovery_factory_batch_runner/stage28a_exact_trades.csv,volatility_transition_v1,vol_trans_follow_h1_high_cooling_h13_tp06_sl065,-1.3373499999998786,-2.3873499999998784,-3.087349999999878,0,0,0,0,2.3873499999998784,22.449999999999818,5.760000000000218,0.032986111111119334,8.139999999999873,0.7960687960688108,3.6799999999998363,3.254999999999984,0.184,1.0,,,13,3,8.0,2022
2022-08-19 13:00:00+00:00|-1.0|vol_trans_follow_h1_high_cooling_h13_tp06_sl065,2022-08-19 13:00:00+00:00,STAGE28A,data/reports/stage28a_discovery_factory_batch_runner/stage28a_exact_trades.csv,volatility_transition_v1,vol_trans_follow_h1_high_cooling_h13_tp06_sl065,-1.4969250000000105,-2.54692500000001,-3.24692500000001,0,0,0,0,2.54692500000001,17.089999999999918,5.740000000000009,0.548780487804893,5.559999999999945,0.13129496402878155,1.9500000000000455,3.080499999999995,0.116,-1.0,,,13,4,8.0,2022
2022-08-22 13:00:00+00:00|1.0|vol_trans_follow_h1_high_cooling_h13_tp06_sl065,2022-08-22 13:00:00+00:00,STAGE28A,data/reports/stage28a_discovery_factory_batch_runner/stage28a_exact_trades.csv,volatility_transition_v1,vol_trans_follow_h1_high_cooling_h13_tp06_sl065,0.8986000000001241,-0.1513999999998758,-0.8513999999998756,0,0,0,0,0.1513999999998758,3.1100000000001273,4.170000000000073,0.17266187050360066,14.790000000000191,0.6112237998647632,6.769999999999982,3.265499999999997,0.232,1.0,,,13,0,8.0,2022
2022-08-23 13:00:00+00:00|-1.0|vol_trans_follow_h1_high_cooling_h13_tp06_sl065,2022-08-23 13:00:00+00:00,STAGE28A,data/reports/stage28a_discovery_factory_batch_runner/stage28a_exact_trades.csv,volatility_transition_v1,vol_trans_follow_h1_high_cooling_h13_tp06_sl065,-1.822899999999981,-2.8728999999999814,-3.572899999999981,0,0,0,0,2.8728999999999814,21.340000000000146,6.380000000000109,0.4247648902821301,9.120000000000118,0.10087719298246281,3.6499999999998636,3.1120000000000116,0.15,-1.0,,,13,1,8.0,2022
2022-08-24 13:00:00+00:00|-1.0|vol_trans_follow_h1_high_cooling_h13_tp06_sl065,2022-08-24 13:00:00+00:00,STAGE28A,data/reports/stage28a_discovery_factory_batch_runner/stage28a_exact_trades.csv,volatility_transition_v1,vol_trans_follow_h1_high_cooling_h13_tp06_sl065,0.7224999999999909,-0.327500000000009,-1.0275000000000087,0,0,0,0,0.327500000000009,23.309999999999945,3.979999999999791,0.36934673366836795,9.430000000000064,0.3955461293743365,4.75,2.976999999999964,0.1,-1.0,,,13,2,8.0,2022
2022-08-25 13:00:00+00:00|1.0|vol_trans_follow_h1_high_cooling_h13_tp06_sl065,2022-08-25 13:00:00+00:00,STAGE28A,data/reports/stage28a_discovery_factory_batch_runner/stage28a_exact_trades.csv,volatility_transition_v1,vol_trans_follow_h1_high_cooling_h13_tp06_sl065,-1.4822999999999866,-2.5322999999999865,-3.232299999999986,0,0,0,0,2.5322999999999865,13.490000000000009,7.819999999999936,0.6598465473145647,9.720000000000027,0.7150205761316899,2.6400000000001,3.2789999999999964,0.244,1.0,,,13,3,8.0,2022
2022-08-26 13:00:00+00:00|-1.0|vol_trans_follow_h1_high_cooling_h13_tp06_sl065,2022-08-26 13:00:00+00:00,STAGE28A,data/reports/stage28a_discovery_factory_batch_runner/stage28a_exact_trades.csv,volatility_transition_v1,vol_trans_follow_h1_high_cooling_h13_tp06_sl065,-1.6032000000001063,-2.653200000000106,-3.353200000000106,0,0,0,0,2.653200000000106,15.519999999999982,6.579999999999927,0.03647416413374039,9.5,0.804210526315776,3.2200000000000273,2.849499999999955,0.044,-1.0,,,13,4,8.0,2022
2022-08-30 13:00:00+00:00|-1.0|vol_trans_follow_h1_high_cooling_h13_tp06_sl065,2022-08-30 13:00:00+00:00,STAGE28A,data/reports/stage28a_discovery_factory_batch_runner/stage28a_exact_trades.csv,volatility_transition_v1,vol_trans_follow_h1_high_cooling_h13_tp06_sl065,-1.7689499999999954,-2.818949999999995,-3.518949999999995,0,0,0,0,2.818949999999995,25.179999999999836,6.619999999999891,0.38670694864051586,8.840000000000146,0.07352941176468925,3.310000000000173,3.280000000000007,0.292,-1.0,,,13,1,8.0,2022
2022-08-31 13:00:00+00:00|-1.0|vol_trans_follow_h1_high_cooling_h13_tp06_sl065,2022-08-31 13:00:00+00:00,STAGE28A,data/reports/stage28a_discovery_factory_batch_runner/stage28a_exact_trades.csv,volatility_transition_v1,vol_trans_follow_h1_high_cooling_h13_tp06_sl065,0.9960999999999786,-0.0539000000000213,-0.7539000000000211,0,0,0,0,0.0539000000000213,19.339999999999918,3.8899999999998727,0.26478149100257237,15.8599999999999,0.8209331651954643,3.769999999999982,3.2459999999999694,0.228,-1.0,,,13,2,8.0,2022
2022-09-01 13:00:00+00:00|1.0|vol_trans_follow_h1_high_cooling_h13_tp06_sl065,2022-09-01 13:00:00+00:00,STAGE28A,data/reports/stage28a_discovery_factory_batch_runner/stage28a_exact_trades.csv,volatility_transition_v1,vol_trans_follow_h1_high_cooling_h13_tp06_sl065,1.0222000000000206,-0.0277999999999791,-0.7277999999999789,0,0,0,0,0.0277999999999791,16.909999999999854,9.11999999999989,0.7225877192982453,8.200000000000045,0.14878048780488054,6.619999999999891,4.009999999999991,0.752,1.0,,,13,3,9.0,2022
2022-09-02 13:00:00+00:00|1.0|vol_trans_follow_h1_high_cooling_h13_tp06_sl065,2022-09-02 13:00:00+00:00,STAGE28A,data/reports/stage28a_discovery_factory_batch_runner/stage28a_exact_trades.csv,volatility_transition_v1,vol_trans_follow_h1_high_cooling_h13_tp06_sl065,-1.2824249999999666,-2.3324249999999664,-3.032424999999966,0,0,0,0,2.3324249999999664,22.61999999999989,5.330000000000155,0.7448405253283137,8.539999999999964,0.8723653395784368,2.900000000000091,3.4545000000000075,0.352,1.0,,,13,4,9.0,2022
2022-09-05 13:00:00+00:00|1.0|vol_trans_follow_h1_high_cooling_h13_tp06_sl065,2022-09-05 13:00:00+00:00,STAGE28A,data/reports/stage28a_discovery_factory_batch_runner/stage28a_exact_trades.csv,volatility_transition_v1,vol_trans_follow_h1_high_cooling_h13_tp06_sl065,-1.5424249999999575,-2.5924249999999573,-3.292424999999957,0,0,0,0,2.5924249999999573,1.9400000000000546,5.160000000000082,0.354651162790722,6.2999999999999545,0.3365079365079216,4.0499999999999545,3.5100000000000136,0.356,1.0,,,13,0,9.0,2022
2022-09-06 13:00:00+00:00|-1.0|vol_trans_follow_h1_high_cooling_h13_tp06_sl065,2022-09-06 13:00:00+00:00,STAGE28A,data/reports/stage28a_discovery_factory_batch_runner/stage28a_exact_trades.csv,volatility_transition_v1,vol_trans_follow_h1_high_cooling_h13_tp06_sl065,0.8004999999999655,-0.2495000000000344,-0.9495000000000342,0,0,0,0,0.2495000000000344,8.049999999999955,16.909999999999854,0.2950916617386193,9.699999999999818,0.6608247422680621,2.3299999999999272,3.5514999999999874,0.416,-1.0,,,13,1,9.0,2022
2022-09-07 13:00:00+00:00|1.0|vol_trans_follow_h1_high_cooling_h13_tp06_sl065,2022-09-07 13:00:00+00:00,STAGE28A,data/reports/stage28a_discovery_factory_batch_runner/stage28a_exact_trades.csv,volatility_transition_v1,vol_trans_follow_h1_high_cooling_h13_tp06_sl065,0.9412000000001172,-0.1087999999998827,-0.8087999999998825,0,0,0,0,0.1087999999998827,26.909999999999854,11.450000000000045,0.618340611353703,15.829999999999927,0.8597599494630425,3.25,4.207000000000017,0.732,1.0,,,13,2,9.0,2022
2022-09-08 13:00:00+00:00|1.0|vol_trans_follow_h1_high_cooling_h13_tp06_sl065,2022-09-08 13:00:00+00:00,STAGE28A,data/reports/stage28a_discovery_factory_batch_runner/stage28a_exact_trades.csv,volatility_transition_v1,vol_trans_follow_h1_high_cooling_h13_tp06_sl065,0.8074000000000524,-0.2425999999999475,-0.9425999999999471,0,0,0,0,0.2425999999999475,28.09999999999991,5.789999999999964,0.6269430051813699,8.8900000000001,0.6850393700787488,3.4300000000000637,3.6340000000000146,0.376,1.0,,,13,3,9.0,2022
2022-09-09 13:00:00+00:00|-1.0|vol_trans_follow_h1_high_cooling_h13_tp06_sl065,2022-09-09 13:00:00+00:00,STAGE28A,data/reports/stage28a_discovery_factory_batch_runner/stage28a_exact_trades.csv,volatility_transition_v1,vol_trans_follow_h1_high_cooling_h13_tp06_sl065,-1.7978750000000674,-2.847875000000067,-3.547875000000067,0,0,0,0,2.847875000000067,24.13000000000011,12.230000000000018,0.821749795584623,11.269999999999982,0.7080745341614935,3.6900000000000546,3.5004999999999997,0.264,-1.0,,,13,4,9.0,2022
2022-09-12 13:00:00+00:00|-1.0|vol_trans_follow_h1_high_cooling_h13_tp06_sl065,2022-09-12 13:00:00+00:00,STAGE28A,data/reports/stage28a_discovery_factory_batch_runner/stage28a_exact_trades.csv,volatility_transition_v1,vol_trans_follow_h1_high_cooling_h13_tp06_sl065,-1.8625499999999195,-2.912549999999919,-3.612549999999919,0,0,0,0,2.912549999999919,3.480000000000018,7.889999999999873,0.7553865652725137,15.549999999999955,0.7491961414790931,3.099999999999909,3.6769999999999756,0.284,-1.0,,,13,0,9.0,2022
2022-09-13 13:00:00+00:00|1.0|vol_trans_follow_h1_high_cooling_h13_tp06_sl065,2022-09-13 13:00:00+00:00,STAGE28A,data/reports/stage28a_discovery_factory_batch_runner/stage28a_exact_trades.csv,volatility_transition_v1,vol_trans_follow_h1_high_cooling_h13_tp06_sl065,-1.4533749999999146,-2.5033749999999144,-3.203374999999914,0,0,0,0,2.5033749999999144,23.170000000000073,6.830000000000155,0.5710102489019038,8.160000000000082,0.6580882352940977,3.130000000000109,3.321000000000015,0.164,1.0,,,13,1,9.0,2022
2022-09-14 13:00:00+00:00|1.0|vol_trans_follow_h1_high_cooling_h13_tp06_sl065,2022-09-14 13:00:00+00:00,STAGE28A,data/reports/stage28a_discovery_factory_batch_runner/stage28a_exact_trades.csv,volatility_transition_v1,vol_trans_follow_h1_high_cooling_h13_tp06_sl065,-1.670799999999963,-2.720799999999963,-3.4207999999999625,0,0,0,0,2.720799999999963,34.73000000000002,6.289999999999964,0.25119236883941753,7.259999999999991,0.6170798898071658,2.9500000000000455,3.564000000000044,0.22,1.0,,,13,2,9.0,2022
2022-09-15 13:00:00+00:00|1.0|vol_trans_follow_h1_high_cooling_h13_tp06_sl065,2022-09-15 13:00:00+00:00,STAGE28A,data/reports/stage28a_discovery_factory_batch_runner/stage28a_exact_trades.csv,volatility_transition_v1,vol_trans_follow_h1_high_cooling_h13_tp06_sl065,0.7801000000000841,-0.2698999999999159,-0.9698999999999156,0,0,0,0,0.2698999999999159,13.440000000000055,7.509999999999991,0.6378162450066537,7.75,0.4141935483871015,3.8700000000001182,3.1519999999999753,0.068,1.0,,,13,3,9.0,2022
2022-09-20 13:00:00+00:00|-1.0|vol_trans_follow_h1_high_cooling_h13_tp06_sl065,2022-09-20 13:00:00+00:00,STAGE28A,data/reports/stage28a_discovery_factory_batch_runner/stage28a_exact_trades.csv,volatility_transition_v1,vol_trans_follow_h1_high_cooling_h13_tp06_sl065,-1.6984249999999066,-2.7484249999999064,-3.448424999999906,0,0,0,0,2.7484249999999064,20.230000000000018,6.029999999999973,0.2338308457711212,10.629999999999882,0.8701787394167547,3.6799999999998363,3.3575000000000044,0.092,-1.0,,,13,1,9.0,2022
2022-09-21 13:00:00+00:00|1.0|vol_trans_follow_h1_high_cooling_h13_tp06_sl065,2022-09-21 13:00:00+00:00,STAGE28A,data/reports/stage28a_discovery_factory_batch_runner/stage28a_exact_trades.csv,volatility_transition_v1,vol_trans_follow_h1_high_cooling_h13_tp06_sl065,-1.8778250000001209,-2.9278250000001207,-3.62782500000012,0,0,0,0,2.9278250000001207,19.49000000000001,4.599999999999909,0.31304347826083817,14.440000000000055,0.6606648199445934,3.990000000000009,3.2250000000000227,0.048,1.0,,,13,2,9.0,2022
2022-09-23 13:00:00+00:00|-1.0|vol_trans_follow_h1_high_cooling_h13_tp06_sl065,2022-09-23 13:00:00+00:00,STAGE28A,data/reports/stage28a_discovery_factory_batch_runner/stage28a_exact_trades.csv,volatility_transition_v1,vol_trans_follow_h1_high_cooling_h13_tp06_sl065,1.2669999999999615,0.2169999999999619,-0.4830000000000378,1,0,1,0,0.2169999999999619,29.309999999999945,7.279999999999973,0.2967032967033091,21.38000000000011,0.5673526660430225,10.400000000000091,3.988000000000011,0.42,-1.0,,,13,4,9.0,2022
2022-09-28 13:00:00+00:00|-1.0|vol_trans_follow_h1_high_cooling_h13_tp06_sl065,2022-09-28 13:00:00+00:00,STAGE28A,data/reports/stage28a_discovery_factory_batch_runner/stage28a_exact_trades.csv,volatility_transition_v1,vol_trans_follow_h1_high_cooling_h13_tp06_sl065,1.5520000000000436,0.5020000000000437,-0.197999999999956,1,0,1,0,0.5020000000000437,19.6099999999999,7.720000000000027,0.6968911917098268,10.920000000000073,0.7225274725274768,4.220000000000027,4.09050000000002,0.332,-1.0,,,13,2,9.0,2022
2022-10-03 13:00:00+00:00|-1.0|vol_trans_follow_h1_high_cooling_h13_tp06_sl065,2022-10-03 13:00:00+00:00,STAGE28A,data/reports/stage28a_discovery_factory_batch_runner/stage28a_exact_trades.csv,volatility_transition_v1,vol_trans_follow_h1_high_cooling_h13_tp06_sl065,1.2070000000000165,0.1570000000000164,-0.5429999999999833,1,0,1,0,0.1570000000000164,4.540000000000191,8.75,0.07314285714286857,8.669999999999845,0.26758938869665255,3.6699999999998454,4.096500000000026,0.224,-1.0,,,13,0,10.0,2022
2022-10-06 13:00:00+00:00|1.0|vol_trans_follow_h1_high_cooling_h13_tp06_sl065,2022-10-06 13:00:00+00:00,STAGE28A,data/reports/stage28a_discovery_factory_batch_runner/stage28a_exact_trades.csv,volatility_transition_v1,vol_trans_follow_h1_high_cooling_h13_tp06_sl065,-2.0933000000000903,-3.14330000000009,-3.84330000000009,0,0,0,1,3.14330000000009,27.309999999999945,9.439999999999827,0.6430084745762762,12.129999999999882,0.6158285243198763,4.039999999999964,4.338500000000022,0.106,1.0,,,13,3,10.0,2022
2022-10-07 13:00:00+00:00|1.0|vol_trans_follow_h1_high_cooling_h13_tp06_sl065,2022-10-07 13:00:00+00:00,STAGE28A,data/reports/stage28a_discovery_factory_batch_runner/stage28a_exact_trades.csv,volatility_transition_v1,vol_trans_follow_h1_high_cooling_h13_tp06_sl065,1.0801000000000385,0.0301000000000386,-0.6698999999999611,1,0,0,0,0.0301000000000386,18.649999999999864,4.269999999999982,0.4637002341920437,6.3900000000001,0.45539906103283395,3.740000000000009,3.5820000000000163,0.004,1.0,,,13,4,10.0,2022
2022-10-11 13:00:00+00:00|-1.0|vol_trans_follow_h1_high_cooling_h13_tp06_sl065,2022-10-11 13:00:00+00:00,STAGE28A,data/reports/stage28a_discovery_factory_batch_runner/stage28a_exact_trades.csv,volatility_transition_v1,vol_trans_follow_h1_high_cooling_h13_tp06_sl065,-2.068599999999924,-3.118599999999924,-3.818599999999924,0,0,0,1,3.118599999999924,34.23000000000002,12.269999999999982,0.37734311328444303,7.810000000000173,0.20102432778487855,4.990000000000009,4.1370000000000005,0.08,-1.0,,,13,1,10.0,2022
2022-10-13 13:00:00+00:00|-1.0|vol_trans_follow_h1_high_cooling_h13_tp06_sl065,2022-10-13 13:00:00+00:00,STAGE28A,data/reports/stage28a_discovery_factory_batch_runner/stage28a_exact_trades.csv,volatility_transition_v1,vol_trans_follow_h1_high_cooling_h13_tp06_sl065,0.8173000000000684,-0.2326999999999315,-0.9326999999999313,0,0,0,0,0.2326999999999315,16.950000000000045,6.440000000000055,0.669254658385079,10.8900000000001,0.5096418732782281,3.4700000000000273,3.1000000000000454,0.004,-1.0,,,13,3,10.0,2022
2022-10-17 13:00:00+00:00|1.0|vol_trans_follow_h1_high_cooling_h13_tp06_sl065,2022-10-17 13:00:00+00:00,STAGE28A,data/reports/stage28a_discovery_factory_batch_runner/stage28a_exact_trades.csv,volatility_transition_v1,vol_trans_follow_h1_high_cooling_h13_tp06_sl065,-1.904800000000114,-2.954800000000114,-3.6548000000001135,0,0,0,0,2.954800000000114,4.039999999999964,9.529999999999973,0.4952780692549885,9.61999999999989,0.7079002079002102,3.3799999999998818,4.3639999999999874,0.228,1.0,,,13,0,10.0,2022
2022-10-18 13:00:00+00:00|1.0|vol_trans_follow_h1_high_cooling_h13_tp06_sl065,2022-10-18 13:00:00+00:00,STAGE28A,data/reports/stage28a_discovery_factory_batch_runner/stage28a_exact_trades.csv,volatility_transition_v1,vol_trans_follow_h1_high_cooling_h13_tp06_sl065,-1.9860500000000685,-3.0360500000000683,-3.736050000000068,0,0,0,0,3.0360500000000683,25.279999999999973,4.639999999999873,0.4008620689655067,12.230000000000018,0.039247751430909035,4.869999999999891,4.23549999999999,0.16,1.0,,,13,1,10.0,2022
2022-10-19 13:00:00+00:00|1.0|vol_trans_follow_h1_high_cooling_h13_tp06_sl065,2022-10-19 13:00:00+00:00,STAGE28A,data/reports/stage28a_discovery_factory_batch_runner/stage28a_exact_trades.csv,volatility_transition_v1,vol_trans_follow_h1_high_cooling_h13_tp06_sl065,1.2291999999999006,0.1791999999999007,-0.520800000000099,1,0,1,0,0.1791999999999007,15.049999999999955,5.379999999999882,0.6189591078067338,11.819999999999936,0.6142131979695457,3.0499999999999545,3.871999999999969,0.1,1.0,,,13,2,10.0,2022
2022-10-20 13:00:00+00:00|1.0|vol_trans_follow_h1_high_cooling_h13_tp06_sl065,2022-10-20 13:00:00+00:00,STAGE28A,data/reports/stage28a_discovery_factory_batch_runner/stage28a_exact_trades.csv,volatility_transition_v1,vol_trans_follow_h1_high_cooling_h13_tp06_sl065,1.0720000000000254,0.0220000000000255,-0.6779999999999742,1,0,0,0,0.0220000000000255,26.74000000000001,7.850000000000136,0.21910828025477674,10.799999999999955,0.7990740740740876,6.809999999999945,3.747000000000014,0.088,1.0,,,13,3,10.0,2022
2022-10-21 13:00:00+00:00|1.0|vol_trans_follow_h1_high_cooling_h13_tp06_sl065,2022-10-21 13:00:00+00:00,STAGE28A,data/reports/stage28a_discovery_factory_batch_runner/stage28a_exact_trades.csv,volatility_transition_v1,vol_trans_follow_h1_high_cooling_h13_tp06_sl065,1.1772999999999685,0.1272999999999684,-0.5727000000000313,1,0,0,0,0.1272999999999684,23.12000000000012,7.769999999999982,0.653796653796646,10.059999999999945,0.37872763419482763,5.3900000000001,4.369499999999993,0.416,1.0,,,13,4,10.0,2022
2022-10-25 13:00:00+00:00|-1.0|vol_trans_follow_h1_high_cooling_h13_tp06_sl065,2022-10-25 13:00:00+00:00,STAGE28A,data/reports/stage28a_discovery_factory_batch_runner/stage28a_exact_trades.csv,volatility_transition_v1,vol_trans_follow_h1_high_cooling_h13_tp06_sl065,-1.7088250000000245,-2.7588250000000243,-3.458825000000024,0,0,0,0,2.7588250000000243,26.539999999999964,7.680000000000064,0.032552083333333065,13.129999999999882,0.885757806549902,4.970000000000027,3.6740000000000235,0.06,-1.0,,,13,1,10.0,2022
2022-10-26 13:00:00+00:00|-1.0|vol_trans_follow_h1_high_cooling_h13_tp06_sl065,2022-10-26 13:00:00+00:00,STAGE28A,data/reports/stage28a_discovery_factory_batch_runner/stage28a_exact_trades.csv,volatility_transition_v1,vol_trans_follow_h1_high_cooling_h13_tp06_sl065,1.2228999999998904,0.1728999999998905,-0.5271000000001091,1,0,1,0,0.1728999999998905,24.060000000000173,7.880000000000109,0.5862944162436329,19.779999999999973,0.6400404448938257,5.8599999999999,3.980000000000018,0.172,-1.0,,,13,2,10.0,2022
2022-10-27 13:00:00+00:00|-1.0|vol_trans_follow_h1_high_cooling_h13_tp06_sl065,2022-10-27 13:00:00+00:00,STAGE28A,data/reports/stage28a_discovery_factory_batch_runner/stage28a_exact_trades.csv,volatility_transition_v1,vol_trans_follow_h1_high_cooling_h13_tp06_sl065,1.1157999999999446,0.0657999999999447,-0.6342000000000549,1,0,0,0,0.0657999999999447,25.180000000000064,8.439999999999827,0.06398104265402543,10.589999999999918,0.20774315391879722,2.6499999999998636,3.827999999999963,0.12,-1.0,,,13,3,10.0,2022
2022-10-28 13:00:00+00:00|-1.0|vol_trans_follow_h1_high_cooling_h13_tp06_sl065,2022-10-28 13:00:00+00:00,STAGE28A,data/reports/stage28a_discovery_factory_batch_runner/stage28a_exact_trades.csv,volatility_transition_v1,vol_trans_follow_h1_high_cooling_h13_tp06_sl065,1.1655999999999491,0.1155999999999495,-0.5844000000000502,1,0,0,0,0.1155999999999495,15.939999999999827,6.419999999999845,0.39408099688474046,18.899999999999864,0.7962962962962996,4.789999999999964,4.1019999999999985,0.232,-1.0,,,13,4,10.0,2022
2022-10-31 13:00:00+00:00|1.0|vol_trans_follow_h1_high_cooling_h13_tp06_sl065,2022-10-31 13:00:00+00:00,STAGE28A,data/reports/stage28a_discovery_factory_batch_runner/stage28a_exact_trades.csv,volatility_transition_v1,vol_trans_follow_h1_high_cooling_h13_tp06_sl065,-1.6145749999999226,-2.6645749999999224,-3.364574999999922,0,0,0,0,2.6645749999999224,3.9200000000000728,4.870000000000118,0.2156057494866384,9.930000000000064,0.4652567975830905,3.089999999999918,3.394500000000005,0.004,1.0,,,13,0,10.0,2022
2022-11-01 13:00:00+00:00|1.0|vol_trans_follow_h1_high_cooling_h13_tp06_sl065,2022-11-01 13:00:00+00:00,STAGE28A,data/reports/stage28a_discovery_factory_batch_runner/stage28a_exact_trades.csv,volatility_transition_v1,vol_trans_follow_h1_high_cooling_h13_tp06_sl065,-1.973375000000124,-3.023375000000124,-3.7233750000001233,0,0,0,0,3.023375000000124,13.779999999999973,9.440000000000055,0.5889830508474484,15.150000000000091,0.8686468646864538,2.990000000000009,3.5405000000000313,0.048,1.0,,,13,1,11.0,2022
2022-11-02 13:00:00+00:00|1.0|vol_trans_follow_h1_high_cooling_h13_tp06_sl065,2022-11-02 13:00:00+00:00,STAGE28A,data/reports/stage28a_discovery_factory_batch_runner/stage28a_exact_trades.csv,volatility_transition_v1,vol_trans_follow_h1_high_cooling_h13_tp06_sl065,-1.4777500000001056,-2.5277500000001054,-3.227750000000105,0,0,0,0,2.5277500000001054,26.399999999999864,7.350000000000136,0.31292517006801523,7.3599999999999,0.6983695652174144,2.589999999999918,3.285499999999968,0.004,1.0,,,13,2,11.0,2022
2022-11-04 13:00:00+00:00|1.0|vol_trans_follow_h1_high_cooling_h13_tp06_sl065,2022-11-04 13:00:00+00:00,STAGE28A,data/reports/stage28a_discovery_factory_batch_runner/stage28a_exact_trades.csv,volatility_transition_v1,vol_trans_follow_h1_high_cooling_h13_tp06_sl065,-2.095574999999917,-3.145574999999917,-3.8455749999999167,0,0,0,1,3.145574999999917,24.37999999999988,18.419999999999845,0.9799131378935997,8.700000000000045,0.3218390804597632,6.6099999999999,3.9944999999999937,0.284,1.0,,,13,4,11.0,2022
2022-11-08 13:00:00+00:00|-1.0|vol_trans_follow_h1_high_cooling_h13_tp06_sl065,2022-11-08 13:00:00+00:00,STAGE28A,data/reports/stage28a_discovery_factory_batch_runner/stage28a_exact_trades.csv,volatility_transition_v1,vol_trans_follow_h1_high_cooling_h13_tp06_sl065,0.8778999999998632,-0.1721000000001367,-0.8721000000001364,0,0,0,0,0.1721000000001367,14.930000000000064,7.279999999999973,0.5508241758241766,7.3599999999999,0.04347826086955716,2.2199999999998,3.167999999999995,0.024,-1.0,,,13,1,11.0,2022
2022-11-10 13:00:00+00:00|1.0|vol_trans_follow_h1_high_cooling_h13_tp06_sl065,2022-11-10 13:00:00+00:00,STAGE28A,data/reports/stage28a_discovery_factory_batch_runner/stage28a_exact_trades.csv,volatility_transition_v1,vol_trans_follow_h1_high_cooling_h13_tp06_sl065,1.128399999999965,0.0783999999999651,-0.6216000000000346,1,0,0,0,0.0783999999999651,20.180000000000064,6.259999999999991,0.522364217252394,8.540000000000191,0.18032786885245072,4.430000000000064,4.087999999999999,0.34,1.0,,,13,3,11.0,2022
2022-11-14 13:00:00+00:00|1.0|vol_trans_follow_h1_high_cooling_h13_tp06_sl065,2022-11-14 13:00:00+00:00,STAGE28A,data/reports/stage28a_discovery_factory_batch_runner/stage28a_exact_trades.csv,volatility_transition_v1,vol_trans_follow_h1_high_cooling_h13_tp06_sl065,1.230400000000054,0.1804000000000543,-0.5195999999999454,1,0,1,0,0.1804000000000543,5.449999999999818,7.4099999999998545,0.29689608636975184,11.839999999999918,0.317567567567569,3.939999999999827,4.200499999999988,0.328,1.0,,,13,0,11.0,2022
2022-11-15 13:00:00+00:00|1.0|vol_trans_follow_h1_high_cooling_h13_tp06_sl065,2022-11-15 13:00:00+00:00,STAGE28A,data/reports/stage28a_discovery_factory_batch_runner/stage28a_exact_trades.csv,volatility_transition_v1,vol_trans_follow_h1_high_cooling_h13_tp06_sl065,1.3207000000001243,0.2707000000001245,-0.4292999999998752,1,0,1,0,0.2707000000001245,21.77000000000021,5.259999999999991,0.26615969581750826,15.680000000000064,0.36926020408162885,3.5799999999999272,4.282500000000004,0.336,1.0,,,13,1,11.0,2022
2022-11-17 13:00:00+00:00|-1.0|vol_trans_follow_h1_high_cooling_h13_tp06_sl065,2022-11-17 13:00:00+00:00,STAGE28A,data/reports/stage28a_discovery_factory_batch_runner/stage28a_exact_trades.csv,volatility_transition_v1,vol_trans_follow_h1_high_cooling_h13_tp06_sl065,-1.7845499999999448,-2.8345499999999446,-3.5345499999999443,0,0,0,0,2.8345499999999446,14.7199999999998,12.6099999999999,0.9103885804916819,9.519999999999982,0.012605042016819166,4.259999999999991,3.760000000000025,0.1,-1.0,,,13,3,11.0,2022
2022-11-18 13:00:00+00:00|1.0|vol_trans_follow_h1_high_cooling_h13_tp06_sl065,2022-11-18 13:00:00+00:00,STAGE28A,data/reports/stage28a_discovery_factory_batch_runner/stage28a_exact_trades.csv,volatility_transition_v1,vol_trans_follow_h1_high_cooling_h13_tp06_sl065,0.8949999999998909,-0.155000000000109,-0.8550000000001088,0,0,0,0,0.155000000000109,20.269999999999982,6.349999999999909,0.3889763779527658,6.980000000000018,0.37392550143264947,2.75,3.1925000000000296,0.032,1.0,,,13,4,11.0,2022
2022-11-21 13:00:00+00:00|1.0|vol_trans_follow_h1_high_cooling_h13_tp06_sl065,2022-11-21 13:00:00+00:00,STAGE28A,data/reports/stage28a_discovery_factory_batch_runner/stage28a_exact_trades.csv,volatility_transition_v1,vol_trans_follow_h1_high_cooling_h13_tp06_sl065,-1.7624500000000354,-2.812450000000035,-3.512450000000035,0,0,0,0,2.812450000000035,3.1299999999998818,9.099999999999909,0.6912087912087941,10.190000000000055,0.4249263984298461,4.120000000000118,3.794500000000016,0.152,1.0,,,13,0,11.0,2022
2022-11-22 13:00:00+00:00|-1.0|vol_trans_follow_h1_high_cooling_h13_tp06_sl065,2022-11-22 13:00:00+00:00,STAGE28A,data/reports/stage28a_discovery_factory_batch_runner/stage28a_exact_trades.csv,volatility_transition_v1,vol_trans_follow_h1_high_cooling_h13_tp06_sl065,-1.5560750000000554,-2.606075000000055,-3.306075000000055,0,0,0,0,2.606075000000055,20.470000000000027,8.220000000000027,0.8004866180048547,8.079999999999927,0.11386138613862389,2.1800000000000637,3.4860000000000015,0.072,-1.0,,,13,1,11.0,2022
2022-11-23 13:00:00+00:00|-1.0|vol_trans_follow_h1_high_cooling_h13_tp06_sl065,2022-11-23 13:00:00+00:00,STAGE28A,data/reports/stage28a_discovery_factory_batch_runner/stage28a_exact_trades.csv,volatility_transition_v1,vol_trans_follow_h1_high_cooling_h13_tp06_sl065,-1.7422999999999775,-2.7922999999999774,-3.492299999999977,0,0,0,0,2.7922999999999774,12.740000000000009,10.009999999999991,0.6253746253746251,12.180000000000064,0.17733990147783832,5.330000000000155,3.4209999999999923,0.116,-1.0,,,13,2,11.0,2022
2022-11-24 13:00:00+00:00|-1.0|vol_trans_follow_h1_high_cooling_h13_tp06_sl065,2022-11-24 13:00:00+00:00,STAGE28A,data/reports/stage28a_discovery_factory_batch_runner/stage28a_exact_trades.csv,volatility_transition_v1,vol_trans_follow_h1_high_cooling_h13_tp06_sl065,-1.530074999999988,-2.580074999999988,-3.280074999999988,0,0,0,0,2.580074999999988,27.230000000000018,7.830000000000155,0.43550446998720144,6.160000000000082,0.07142857142857933,4.019999999999982,3.3895000000000097,0.104,-1.0,,,13,3,11.0,2022
2022-11-25 13:00:00+00:00|1.0|vol_trans_follow_h1_high_cooling_h13_tp06_sl065,2022-11-25 13:00:00+00:00,STAGE28A,data/reports/stage28a_discovery_factory_batch_runner/stage28a_exact_trades.csv,volatility_transition_v1,vol_trans_follow_h1_high_cooling_h13_tp06_sl065,-1.5291000000000623,-2.579100000000062,-3.279100000000062,0,0,0,0,2.579100000000062,9.590000000000146,8.710000000000036,0.3650975889781918,9.769999999999982,0.6223132036847662,4.230000000000018,2.702500000000009,0.068,1.0,,,13,4,11.0,2022
2022-11-28 13:00:00+00:00|-1.0|vol_trans_follow_h1_high_cooling_h13_tp06_sl065,2022-11-28 13:00:00+00:00,STAGE28A,data/reports/stage28a_discovery_factory_batch_runner/stage28a_exact_trades.csv,volatility_transition_v1,vol_trans_follow_h1_high_cooling_h13_tp06_sl065,1.0567000000000006,0.0067000000000008,-0.6932999999999989,1,0,0,0,0.0067000000000008,5.539999999999964,9.789999999999964,0.06230847803880513,15.220000000000027,0.6005256241787177,3.259999999999991,4.301499999999976,0.632,-1.0,,,13,0,11.0,2022
2022-11-29 13:00:00+00:00|1.0|vol_trans_follow_h1_high_cooling_h13_tp06_sl065,2022-11-29 13:00:00+00:00,STAGE28A,data/reports/stage28a_discovery_factory_batch_runner/stage28a_exact_trades.csv,volatility_transition_v1,vol_trans_follow_h1_high_cooling_h13_tp06_sl065,0.8479000000001179,-0.202099999999882,-0.9020999999998818,0,0,0,0,0.202099999999882,24.059999999999945,14.629999999999882,0.8523581681476505,7.559999999999945,0.19312169312169933,2.480000000000018,3.597999999999968,0.276,1.0,,,13,1,11.0,2022
2022-11-30 13:00:00+00:00|-1.0|vol_trans_follow_h1_high_cooling_h13_tp06_sl065,2022-11-30 13:00:00+00:00,STAGE28A,data/reports/stage28a_discovery_factory_batch_runner/stage28a_exact_trades.csv,volatility_transition_v1,vol_trans_follow_h1_high_cooling_h13_tp06_sl065,-1.57199999999998,-2.62199999999998,-3.32199999999998,0,0,0,0,2.62199999999998,19.48999999999978,7.899999999999864,0.6734177215190197,10.210000000000036,0.4338883447600216,4.7000000000000455,3.161500000000001,0.132,-1.0,,,13,2,11.0,2022
2022-12-02 13:00:00+00:00|-1.0|vol_trans_follow_h1_high_cooling_h13_tp06_sl065,2022-12-02 13:00:00+00:00,STAGE28A,data/reports/stage28a_discovery_factory_batch_runner/stage28a_exact_trades.csv,volatility_transition_v1,vol_trans_follow_h1_high_cooling_h13_tp06_sl065,0.7098999999999706,-0.3401000000000294,-1.0401000000000291,0,0,0,0,0.3401000000000294,35.86999999999989,8.8599999999999,0.5575620767494481,6.7000000000000455,0.41641791044775295,2.509999999999991,3.4725000000000135,0.292,-1.0,,,13,4,12.0,2022
2022-12-05 13:00:00+00:00|-1.0|vol_trans_follow_h1_high_cooling_h13_tp06_sl065,2022-12-05 13:00:00+00:00,STAGE28A,data/reports/stage28a_discovery_factory_batch_runner/stage28a_exact_trades.csv,volatility_transition_v1,vol_trans_follow_h1_high_cooling_h13_tp06_sl065,1.039599999999973,-0.0104000000000268,-0.7104000000000266,0,0,0,0,0.0104000000000268,4.920000000000073,15.589999999999918,0.6215522771007124,16.15000000000009,0.8476780185758359,4.150000000000091,4.377499999999998,0.66,-1.0,,,13,0,12.0,2022
2022-12-06 13:00:00+00:00|1.0|vol_trans_follow_h1_high_cooling_h13_tp06_sl065,2022-12-06 13:00:00+00:00,STAGE28A,data/reports/stage28a_discovery_factory_batch_runner/stage28a_exact_trades.csv,volatility_transition_v1,vol_trans_follow_h1_high_cooling_h13_tp06_sl065,0.9241000000000896,-0.1258999999999104,-0.8258999999999102,0,0,0,0,0.1258999999999104,44.12999999999988,8.799999999999955,0.35454545454544395,7.7800000000002,0.16709511568125301,4.040000000000191,4.261500000000058,0.552,1.0,,,13,1,12.0,2022
2022-12-07 13:00:00+00:00|1.0|vol_trans_follow_h1_high_cooling_h13_tp06_sl065,2022-12-07 13:00:00+00:00,STAGE28A,data/reports/stage28a_discovery_factory_batch_runner/stage28a_exact_trades.csv,volatility_transition_v1,vol_trans_follow_h1_high_cooling_h13_tp06_sl065,0.8493999999999687,-0.2006000000000312,-0.9006000000000309,0,0,0,0,0.2006000000000312,13.570000000000164,6.420000000000073,0.015576323987524598,6.230000000000018,0.2616372391653093,3.5699999999999363,3.2814999999999825,0.184,1.0,,,13,2,12.0,2022
2022-12-08 13:00:00+00:00|1.0|vol_trans_follow_h1_high_cooling_h13_tp06_sl065,2022-12-08 13:00:00+00:00,STAGE28A,data/reports/stage28a_discovery_factory_batch_runner/stage28a_exact_trades.csv,volatility_transition_v1,vol_trans_follow_h1_high_cooling_h13_tp06_sl065,0.6034000000001015,-0.4465999999998984,-1.146599999999898,0,0,0,0,0.4465999999998984,21.769999999999982,6.779999999999973,0.5176991150442485,5.3900000000001,0.03710575139143124,2.790000000000191,3.6840000000000144,0.264,1.0,,,13,3,12.0,2022
2022-12-09 13:00:00+00:00|1.0|vol_trans_follow_h1_high_cooling_h13_tp06_sl065,2022-12-09 13:00:00+00:00,STAGE28A,data/reports/stage28a_discovery_factory_batch_runner/stage28a_exact_trades.csv,volatility_transition_v1,vol_trans_follow_h1_high_cooling_h13_tp06_sl065,0.7581999999998971,-0.2918000000001028,-0.9918000000001026,0,0,0,0,0.2918000000001028,13.490000000000009,8.980000000000018,0.8006681514476406,8.789999999999964,0.2229806598407073,2.1400000000001,3.091500000000019,0.08,1.0,,,13,4,12.0,2022
2022-12-12 13:00:00+00:00|1.0|vol_trans_follow_h1_high_cooling_h13_tp06_sl065,2022-12-12 13:00:00+00:00,STAGE28A,data/reports/stage28a_discovery_factory_batch_runner/stage28a_exact_trades.csv,volatility_transition_v1,vol_trans_follow_h1_high_cooling_h13_tp06_sl065,0.6438999999999396,-0.4061000000000603,-1.10610000000006,0,0,0,0,0.4061000000000603,2.3400000000001455,10.309999999999945,0.7332686711930151,7.329999999999927,0.6889495225102326,3.009999999999991,3.818500000000017,0.284,1.0,,,13,0,12.0,2022
2022-12-13 13:00:00+00:00|1.0|vol_trans_follow_h1_high_cooling_h13_tp06_sl065,2022-12-13 13:00:00+00:00,STAGE28A,data/reports/stage28a_discovery_factory_batch_runner/stage28a_exact_trades.csv,volatility_transition_v1,vol_trans_follow_h1_high_cooling_h13_tp06_sl065,0.7761999999999262,-0.2738000000000737,-0.9738000000000736,0,0,0,0,0.2738000000000737,19.5,6.0900000000001455,0.08702791461411495,6.180000000000064,0.7508090614886448,4.990000000000009,3.209500000000048,0.044,1.0,,,13,1,12.0,2022
2022-12-14 13:00:00+00:00|1.0|vol_trans_follow_h1_high_cooling_h13_tp06_sl065,2022-12-14 13:00:00+00:00,STAGE28A,data/reports/stage28a_discovery_factory_batch_runner/stage28a_exact_trades.csv,volatility_transition_v1,vol_trans_follow_h1_high_cooling_h13_tp06_sl065,0.7887999999999465,-0.2612000000000534,-0.9612000000000532,0,0,0,0,0.2612000000000534,44.50999999999999,4.470000000000027,0.1342281879194419,6.720000000000027,0.029761904761877574,3.480000000000018,4.1275000000000315,0.46,1.0,,,13,2,12.0,2022
2022-12-16 13:00:00+00:00|1.0|vol_trans_follow_h1_high_cooling_h13_tp06_sl065,2022-12-16 13:00:00+00:00,STAGE28A,data/reports/stage28a_discovery_factory_batch_runner/stage28a_exact_trades.csv,volatility_transition_v1,vol_trans_follow_h1_high_cooling_h13_tp06_sl065,-1.989949999999999,-3.039949999999999,-3.739949999999999,0,0,0,0,3.039949999999999,34.799999999999955,8.639999999999873,0.2685185185185414,10.599999999999909,0.1849056603773635,3.9300000000000637,3.8604999999999903,0.368,1.0,,,13,4,12.0,2022
2022-12-19 13:00:00+00:00|1.0|vol_trans_follow_h1_high_cooling_h13_tp06_sl065,2022-12-19 13:00:00+00:00,STAGE28A,data/reports/stage28a_discovery_factory_batch_runner/stage28a_exact_trades.csv,volatility_transition_v1,vol_trans_follow_h1_high_cooling_h13_tp06_sl065,-1.499850000000015,-2.549850000000015,-3.2498500000000146,0,0,0,0,2.549850000000015,2.3400000000001455,5.970000000000027,0.32160804020101574,8.4699999999998,0.3471074380165436,1.6900000000000546,3.449000000000024,0.168,1.0,,,13,0,12.0,2022
2022-12-20 13:00:00+00:00|-1.0|vol_trans_follow_h1_high_cooling_h13_tp06_sl065,2022-12-20 13:00:00+00:00,STAGE28A,data/reports/stage28a_discovery_factory_batch_runner/stage28a_exact_trades.csv,volatility_transition_v1,vol_trans_follow_h1_high_cooling_h13_tp06_sl065,1.1871999999999845,0.1371999999999844,-0.5628000000000153,1,0,0,0,0.1371999999999844,15.0,11.589999999999918,0.2683347713546289,20.910000000000082,0.7723577235772371,2.599999999999909,4.288999999999999,0.6,-1.0,,,13,1,12.0,2022
2022-12-21 13:00:00+00:00|-1.0|vol_trans_follow_h1_high_cooling_h13_tp06_sl065,2022-12-21 13:00:00+00:00,STAGE28A,data/reports/stage28a_discovery_factory_batch_runner/stage28a_exact_trades.csv,volatility_transition_v1,vol_trans_follow_h1_high_cooling_h13_tp06_sl065,-1.5635499999999412,-2.613549999999941,-3.3135499999999407,0,0,0,0,2.613549999999941,36.52999999999997,6.380000000000109,0.49999999999996436,5.369999999999891,0.1787709497206808,2.8300000000001546,3.1885000000000105,0.056,-1.0,,,13,2,12.0,2022
2022-12-22 13:00:00+00:00|-1.0|vol_trans_follow_h1_high_cooling_h13_tp06_sl065,2022-12-22 13:00:00+00:00,STAGE28A,data/reports/stage28a_discovery_factory_batch_runner/stage28a_exact_trades.csv,volatility_transition_v1,vol_trans_follow_h1_high_cooling_h13_tp06_sl065,-1.454675000000043,-2.504675000000043,-3.2046750000000426,0,0,0,0,2.504675000000043,11.930000000000064,6.889999999999873,0.7735849056603811,6.740000000000009,0.827893175074172,2.4099999999998545,3.1659999999999853,0.096,-1.0,,,13,3,12.0,2022
2022-12-23 13:00:00+00:00|-1.0|vol_trans_follow_h1_high_cooling_h13_tp06_sl065,2022-12-23 13:00:00+00:00,STAGE28A,data/reports/stage28a_discovery_factory_batch_runner/stage28a_exact_trades.csv,volatility_transition_v1,vol_trans_follow_h1_high_cooling_h13_tp06_sl065,0.6174999999999727,-0.4325000000000272,-1.132500000000027,0,0,0,0,0.4325000000000272,35.58999999999992,4.270000000000209,0.33255269320843167,4.830000000000155,0.780538302277404,2.2799999999999727,3.41850000000004,0.24,-1.0,,,13,4,12.0,2022
2022-12-27 13:00:00+00:00|1.0|vol_trans_follow_h1_high_cooling_h13_tp06_sl065,2022-12-27 13:00:00+00:00,STAGE28A,data/reports/stage28a_discovery_factory_batch_runner/stage28a_exact_trades.csv,volatility_transition_v1,vol_trans_follow_h1_high_cooling_h13_tp06_sl065,0.471999999999889,-0.5780000000001109,-1.2780000000001106,0,0,0,0,0.5780000000001109,4.339999999999918,6.7999999999999545,0.47205882352938683,6.039999999999964,0.6026490066225367,1.7300000000000182,3.2569999999999597,0.176,1.0,,,13,1,12.0,2022
2022-12-29 13:00:00+00:00|-1.0|vol_trans_follow_h1_high_cooling_h13_tp06_sl065,2022-12-29 13:00:00+00:00,STAGE28A,data/reports/stage28a_discovery_factory_batch_runner/stage28a_exact_trades.csv,volatility_transition_v1,vol_trans_follow_h1_high_cooling_h13_tp06_sl065,0.6916000000000168,-0.3583999999999832,-1.058399999999983,0,0,0,0,0.3583999999999832,17.580000000000155,5.630000000000109,0.5772646536411966,7.6099999999999,0.4809461235216692,5.019999999999982,3.463499999999988,0.284,-1.0,,,13,3,12.0,2022
2022-12-30 13:00:00+00:00|1.0|vol_trans_follow_h1_high_cooling_h13_tp06_sl065,2022-12-30 13:00:00+00:00,STAGE28A,data/reports/stage28a_discovery_factory_batch_runner/stage28a_exact_trades.csv,volatility_transition_v1,vol_trans_follow_h1_high_cooling_h13_tp06_sl065,0.7038999999998851,-0.3461000000001148,-1.0461000000001146,0,0,0,0,0.3461000000001148,16.450000000000045,5.330000000000155,0.13320825515947762,8.910000000000082,0.043771043771029076,3.2999999999999545,2.982000000000005,0.04,1.0,,,13,4,12.0,2022
2023-01-06 13:00:00+00:00|1.0|vol_trans_follow_h1_high_cooling_h13_tp06_sl065,2023-01-06 13:00:00+00:00,STAGE28A,data/reports/stage28a_discovery_factory_batch_runner/stage28a_exact_trades.csv,volatility_transition_v1,vol_trans_follow_h1_high_cooling_h13_tp06_sl065,0.7822000000000117,-0.2677999999999882,-0.967799999999988,0,0,0,0,0.2677999999999882,33.99000000000001,10.930000000000064,0.4858188472095073,7.370000000000118,0.18724559023067666,3.9200000000000728,4.009499999999991,0.464,1.0,,,13,4,1.0,2023
2023-01-10 13:00:00+00:00|-1.0|vol_trans_follow_h1_high_cooling_h13_tp06_sl065,2023-01-10 13:00:00+00:00,STAGE28A,data/reports/stage28a_discovery_factory_batch_runner/stage28a_exact_trades.csv,volatility_transition_v1,vol_trans_follow_h1_high_cooling_h13_tp06_sl065,-1.6298499999998968,-2.6798499999998966,-3.3798499999998963,0,0,0,0,2.6798499999998966,15.169999999999845,8.11999999999989,0.10467980295568323,6.699999999999818,0.5716417910447807,3.6400000000001,4.05599999999996,0.376,-1.0,,,13,1,1.0,2023
2023-01-11 13:00:00+00:00|1.0|vol_trans_follow_h1_high_cooling_h13_tp06_sl065,2023-01-11 13:00:00+00:00,STAGE28A,data/reports/stage28a_discovery_factory_batch_runner/stage28a_exact_trades.csv,volatility_transition_v1,vol_trans_follow_h1_high_cooling_h13_tp06_sl065,0.8577999999999065,-0.1922000000000934,-0.8922000000000931,0,0,0,0,0.1922000000000934,12.879999999999882,6.419999999999845,0.09813084112151468,9.120000000000118,0.7565789473683963,3.3199999999999363,3.6774999999999975,0.22,1.0,,,13,2,1.0,2023
2023-01-12 13:00:00+00:00|-1.0|vol_trans_follow_h1_high_cooling_h13_tp06_sl065,2023-01-12 13:00:00+00:00,STAGE28A,data/reports/stage28a_discovery_factory_batch_runner/stage28a_exact_trades.csv,volatility_transition_v1,vol_trans_follow_h1_high_cooling_h13_tp06_sl065,0.5902000000000044,-0.4597999999999955,-1.1597999999999953,0,0,0,0,0.4597999999999955,19.480000000000018,10.3599999999999,0.7268339768339812,5.509999999999991,0.032667876588033384,1.9200000000000728,3.150499999999977,0.032,-1.0,,,13,3,1.0,2023
2023-01-17 13:00:00+00:00|-1.0|vol_trans_follow_h1_high_cooling_h13_tp06_sl065,2023-01-17 13:00:00+00:00,STAGE28A,data/reports/stage28a_discovery_factory_batch_runner/stage28a_exact_trades.csv,volatility_transition_v1,vol_trans_follow_h1_high_cooling_h13_tp06_sl065,-1.63732500000001,-2.6873250000000097,-3.387325000000009,0,0,0,0,2.6873250000000097,18.069999999999936,10.960000000000036,0.5875912408759154,9.029999999999973,0.5658914728682077,3.759999999999991,3.1420000000000075,0.028,-1.0,,,13,1,1.0,2023
2023-01-24 13:00:00+00:00|1.0|vol_trans_follow_h1_high_cooling_h13_tp06_sl065,2023-01-24 13:00:00+00:00,STAGE28A,data/reports/stage28a_discovery_factory_batch_runner/stage28a_exact_trades.csv,volatility_transition_v1,vol_trans_follow_h1_high_cooling_h13_tp06_sl065,0.9618999999999231,-0.0881000000000766,-0.7881000000000764,0,0,0,0,0.0881000000000766,24.169999999999845,6.519999999999982,0.21012269938648692,9.960000000000036,0.5672690763052051,4.179999999999836,4.219499999999982,0.312,1.0,,,13,1,1.0,2023
2023-01-31 13:00:00+00:00|1.0|vol_trans_follow_h1_high_cooling_h13_tp06_sl065,2023-01-31 13:00:00+00:00,STAGE28A,data/reports/stage28a_discovery_factory_batch_runner/stage28a_exact_trades.csv,volatility_transition_v1,vol_trans_follow_h1_high_cooling_h13_tp06_sl065,-1.8885499999999864,-2.9385499999999865,-3.638549999999986,0,0,0,0,2.9385499999999865,13.839999999999918,8.539999999999964,0.2412177985948424,19.180000000000064,0.7987486965589214,3.8500000000001364,3.6990000000000123,0.06,1.0,,,13,1,1.0,2023
2023-02-01 13:00:00+00:00|1.0|vol_trans_follow_h1_high_cooling_h13_tp06_sl065,2023-02-01 13:00:00+00:00,STAGE28A,data/reports/stage28a_discovery_factory_batch_runner/stage28a_exact_trades.csv,volatility_transition_v1,vol_trans_follow_h1_high_cooling_h13_tp06_sl065,-1.467674999999963,-2.517674999999963,-3.2176749999999625,0,0,0,0,2.517674999999963,30.279999999999973,4.25,0.3764705882353262,5.929999999999836,0.11973018549747994,3.509999999999991,2.965499999999963,0.004,1.0,,,13,2,2.0,2023
2023-02-07 13:00:00+00:00|-1.0|vol_trans_follow_h1_high_cooling_h13_tp06_sl065,2023-02-07 13:00:00+00:00,STAGE28A,data/reports/stage28a_discovery_factory_batch_runner/stage28a_exact_trades.csv,volatility_transition_v1,vol_trans_follow_h1_high_cooling_h13_tp06_sl065,1.1968000000000756,0.1468000000000757,-0.553199999999924,1,0,0,0,0.1468000000000757,21.3900000000001,8.75,0.5234285714285631,6.900000000000091,0.17536231884054973,3.6799999999998363,4.125499999999977,0.16,-1.0,,,13,1,2.0,2023
2023-02-09 13:00:00+00:00|1.0|vol_trans_follow_h1_high_cooling_h13_tp06_sl065,2023-02-09 13:00:00+00:00,STAGE28A,data/reports/stage28a_discovery_factory_batch_runner/stage28a_exact_trades.csv,volatility_transition_v1,vol_trans_follow_h1_high_cooling_h13_tp06_sl065,1.062700000000086,0.0127000000000863,-0.6872999999999134,1,0,0,0,0.0127000000000863,17.3599999999999,8.25,0.5478787878787856,9.329999999999927,0.663451232583052,5.129999999999882,3.5294999999999845,0.036,1.0,,,13,3,2.0,2023
2023-02-13 13:00:00+00:00|1.0|vol_trans_follow_h1_high_cooling_h13_tp06_sl065,2023-02-13 13:00:00+00:00,STAGE28A,data/reports/stage28a_discovery_factory_batch_runner/stage28a_exact_trades.csv,volatility_transition_v1,vol_trans_follow_h1_high_cooling_h13_tp06_sl065,-2.031874999999991,-3.081874999999991,-3.781874999999991,0,0,0,1,3.081874999999991,2.6800000000000637,7.569999999999936,0.647291941875843,12.6400000000001,0.06170886075949102,5.3900000000001,4.215499999999986,0.2,1.0,,,13,0,2.0,2023
2023-02-14 13:00:00+00:00|-1.0|vol_trans_follow_h1_high_cooling_h13_tp06_sl065,2023-02-14 13:00:00+00:00,STAGE28A,data/reports/stage28a_discovery_factory_batch_runner/stage28a_exact_trades.csv,volatility_transition_v1,vol_trans_follow_h1_high_cooling_h13_tp06_sl065,-1.821925000000056,-2.871925000000056,-3.5719250000000557,0,0,0,0,2.871925000000056,16.13000000000011,6.519999999999982,0.5920245398773218,7.099999999999909,0.12394366197181592,4.0,3.477499999999998,0.036,-1.0,,,13,1,2.0,2023
2023-02-16 13:00:00+00:00|1.0|vol_trans_follow_h1_high_cooling_h13_tp06_sl065,2023-02-16 13:00:00+00:00,STAGE28A,data/reports/stage28a_discovery_factory_batch_runner/stage28a_exact_trades.csv,volatility_transition_v1,vol_trans_follow_h1_high_cooling_h13_tp06_sl065,-1.8176999999999224,-2.8676999999999224,-3.567699999999922,0,0,0,0,2.8676999999999224,29.50999999999999,8.169999999999845,0.3659730722154303,10.549999999999955,0.1184834123222754,3.7999999999999545,4.165999999999985,0.168,1.0,,,13,3,2.0,2023
2023-02-20 13:00:00+00:00|-1.0|vol_trans_follow_h1_high_cooling_h13_tp06_sl065,2023-02-20 13:00:00+00:00,STAGE28A,data/reports/stage28a_discovery_factory_batch_runner/stage28a_exact_trades.csv,volatility_transition_v1,vol_trans_follow_h1_high_cooling_h13_tp06_sl065,0.6999999999999545,-0.3500000000000454,-1.0500000000000451,0,0,0,0,0.3500000000000454,3.3700000000001182,7.559999999999945,0.5052910052910006,6.3599999999999,0.1289308176100549,2.0299999999999727,3.7389999999999874,0.048,-1.0,,,13,0,2.0,2023
2023-02-21 13:00:00+00:00|-1.0|vol_trans_follow_h1_high_cooling_h13_tp06_sl065,2023-02-21 13:00:00+00:00,STAGE28A,data/reports/stage28a_discovery_factory_batch_runner/stage28a_exact_trades.csv,volatility_transition_v1,vol_trans_follow_h1_high_cooling_h13_tp06_sl065,-1.8053499999999527,-2.855349999999953,-3.5553499999999527,0,0,0,0,2.855349999999953,10.169999999999845,6.710000000000036,0.3859910581222253,8.680000000000064,0.6831797235022803,4.170000000000073,2.790499999999986,0.056,-1.0,,,13,1,2.0,2023
2023-02-22 13:00:00+00:00|-1.0|vol_trans_follow_h1_high_cooling_h13_tp06_sl065,2023-02-22 13:00:00+00:00,STAGE28A,data/reports/stage28a_discovery_factory_batch_runner/stage28a_exact_trades.csv,volatility_transition_v1,vol_trans_follow_h1_high_cooling_h13_tp06_sl065,0.908199999999988,-0.1418000000000119,-0.8418000000000117,0,0,0,0,0.1418000000000119,13.599999999999909,4.370000000000118,0.21967963386727926,9.069999999999936,0.34399117971335613,2.6299999999998818,3.536500000000012,0.124,-1.0,,,13,2,2.0,2023
2023-02-23 13:00:00+00:00|1.0|vol_trans_follow_h1_high_cooling_h13_tp06_sl065,2023-02-23 13:00:00+00:00,STAGE28A,data/reports/stage28a_discovery_factory_batch_runner/stage28a_exact_trades.csv,volatility_transition_v1,vol_trans_follow_h1_high_cooling_h13_tp06_sl065,0.7788999999999305,-0.2711000000000694,-0.9711000000000692,0,0,0,0,0.2711000000000694,22.430000000000064,7.279999999999973,0.6565934065934053,9.3900000000001,0.3588924387646278,2.900000000000091,3.769500000000005,0.2,1.0,,,13,3,2.0,2023
2023-02-24 13:00:00+00:00|1.0|vol_trans_follow_h1_high_cooling_h13_tp06_sl065,2023-02-24 13:00:00+00:00,STAGE28A,data/reports/stage28a_discovery_factory_batch_runner/stage28a_exact_trades.csv,volatility_transition_v1,vol_trans_follow_h1_high_cooling_h13_tp06_sl065,-1.7487999999999375,-2.7987999999999373,-3.498799999999937,0,0,0,0,2.7987999999999373,16.320000000000164,6.779999999999973,0.3554572271386566,6.529999999999973,0.4992343032159272,3.1299999999998818,3.3700000000000045,0.112,1.0,,,13,4,2.0,2023
2023-02-27 13:00:00+00:00|1.0|vol_trans_follow_h1_high_cooling_h13_tp06_sl065,2023-02-27 13:00:00+00:00,STAGE28A,data/reports/stage28a_discovery_factory_batch_runner/stage28a_exact_trades.csv,volatility_transition_v1,vol_trans_follow_h1_high_cooling_h13_tp06_sl065,0.710799999999972,-0.3392000000000279,-1.0392000000000277,0,0,0,0,0.3392000000000279,3.119999999999891,7.599999999999909,0.32763157894737355,6.600000000000136,0.20151515151513633,3.1299999999998818,3.383999999999992,0.128,1.0,,,13,0,2.0,2023
2023-02-28 13:00:00+00:00|-1.0|vol_trans_follow_h1_high_cooling_h13_tp06_sl065,2023-02-28 13:00:00+00:00,STAGE28A,data/reports/stage28a_discovery_factory_batch_runner/stage28a_exact_trades.csv,volatility_transition_v1,vol_trans_follow_h1_high_cooling_h13_tp06_sl065,1.0776999999999588,0.0276999999999589,-0.6723000000000408,1,0,0,0,0.0276999999999589,13.549999999999955,5.6099999999999,0.5008912655971877,12.400000000000091,0.438709677419356,3.6800000000000637,3.311500000000012,0.164,-1.0,,,13,1,2.0,2023
2023-03-01 13:00:00+00:00|1.0|vol_trans_follow_h1_high_cooling_h13_tp06_sl065,2023-03-01 13:00:00+00:00,STAGE28A,data/reports/stage28a_discovery_factory_batch_runner/stage28a_exact_trades.csv,volatility_transition_v1,vol_trans_follow_h1_high_cooling_h13_tp06_sl065,1.0014999999999872,-0.0485000000000126,-0.7485000000000124,0,0,0,0,0.0485000000000126,26.559999999999945,8.710000000000036,0.5051664753157373,8.179999999999836,0.6002444987775003,4.190000000000055,3.8149999999999524,0.38,1.0,,,13,2,3.0,2023
2023-03-02 13:00:00+00:00|-1.0|vol_trans_follow_h1_high_cooling_h13_tp06_sl065,2023-03-02 13:00:00+00:00,STAGE28A,data/reports/stage28a_discovery_factory_batch_runner/stage28a_exact_trades.csv,volatility_transition_v1,vol_trans_follow_h1_high_cooling_h13_tp06_sl065,-1.6045000000000074,-2.654500000000007,-3.354500000000007,0,0,0,0,2.654500000000007,21.450000000000045,7.440000000000055,0.29301075268817844,5.220000000000027,0.5363984674329387,2.2200000000000273,3.3319999999999936,0.184,-1.0,,,13,3,3.0,2023
2023-03-03 13:00:00+00:00|1.0|vol_trans_follow_h1_high_cooling_h13_tp06_sl065,2023-03-03 13:00:00+00:00,STAGE28A,data/reports/stage28a_discovery_factory_batch_runner/stage28a_exact_trades.csv,volatility_transition_v1,vol_trans_follow_h1_high_cooling_h13_tp06_sl065,-1.451425000000063,-2.501425000000063,-3.2014250000000626,0,0,0,0,2.501425000000063,8.949999999999818,6.009999999999991,0.09816971713812753,9.990000000000009,0.8508508508508501,2.650000000000091,2.942999999999995,0.076,1.0,,,13,4,3.0,2023
2023-03-06 13:00:00+00:00|-1.0|vol_trans_follow_h1_high_cooling_h13_tp06_sl065,2023-03-06 13:00:00+00:00,STAGE28A,data/reports/stage28a_discovery_factory_batch_runner/stage28a_exact_trades.csv,volatility_transition_v1,vol_trans_follow_h1_high_cooling_h13_tp06_sl065,-1.5274749999999586,-2.5774749999999584,-3.277474999999958,0,0,0,0,2.5774749999999584,3.290000000000191,5.690000000000055,0.2882249560632837,8.38000000000011,0.46062052505967505,3.1400000000001,3.5700000000000385,0.356,-1.0,,,13,0,3.0,2023
2023-03-07 13:00:00+00:00|-1.0|vol_trans_follow_h1_high_cooling_h13_tp06_sl065,2023-03-07 13:00:00+00:00,STAGE28A,data/reports/stage28a_discovery_factory_batch_runner/stage28a_exact_trades.csv,volatility_transition_v1,vol_trans_follow_h1_high_cooling_h13_tp06_sl065,0.6600999999999658,-0.3899000000000341,-1.0899000000000338,0,0,0,0,0.3899000000000341,13.160000000000082,6.430000000000064,0.16329704510107995,8.940000000000055,0.4798657718120735,1.650000000000091,2.8590000000000373,0.06,-1.0,,,13,1,3.0,2023
2023-03-08 13:00:00+00:00|1.0|vol_trans_follow_h1_high_cooling_h13_tp06_sl065,2023-03-08 13:00:00+00:00,STAGE28A,data/reports/stage28a_discovery_factory_batch_runner/stage28a_exact_trades.csv,volatility_transition_v1,vol_trans_follow_h1_high_cooling_h13_tp06_sl065,-1.370825000000059,-2.420825000000059,-3.1208250000000586,0,0,0,0,2.420825000000059,38.899999999999864,5.070000000000164,0.4773175542406301,4.800000000000182,0.5312499999999704,2.4300000000000637,3.313000000000045,0.2,1.0,,,13,2,3.0,2023
2023-03-09 13:00:00+00:00|1.0|vol_trans_follow_h1_high_cooling_h13_tp06_sl065,2023-03-09 13:00:00+00:00,STAGE28A,data/reports/stage28a_discovery_factory_batch_runner/stage28a_exact_trades.csv,volatility_transition_v1,vol_trans_follow_h1_high_cooling_h13_tp06_sl065,-1.37537499999994,-2.42537499999994,-3.12537499999994,0,0,0,0,2.42537499999994,14.860000000000127,4.480000000000018,0.20535714285715825,6.339999999999918,0.5883280757097896,1.6800000000000637,2.8404999999999974,0.036,1.0,,,13,3,3.0,2023
2023-03-10 13:00:00+00:00|1.0|vol_trans_follow_h1_high_cooling_h13_tp06_sl065,2023-03-10 13:00:00+00:00,STAGE28A,data/reports/stage28a_discovery_factory_batch_runner/stage28a_exact_trades.csv,volatility_transition_v1,vol_trans_follow_h1_high_cooling_h13_tp06_sl065,-1.8245250000000848,-2.874525000000085,-3.5745250000000848,0,0,0,0,2.874525000000085,23.679999999999836,7.129999999999882,0.25385694249649027,8.730000000000018,0.345933562428405,4.080000000000155,3.894500000000039,0.76,1.0,,,13,4,3.0,2023
2023-03-28 13:00:00+00:00|1.0|vol_trans_follow_h1_high_cooling_h13_tp06_sl065,2023-03-28 13:00:00+00:00,STAGE28A,data/reports/stage28a_discovery_factory_batch_runner/stage28a_exact_trades.csv,volatility_transition_v1,vol_trans_follow_h1_high_cooling_h13_tp06_sl065,1.3269999999999071,0.2769999999999073,-0.4230000000000924,1,0,1,0,0.2769999999999073,35.899999999999864,8.460000000000036,0.280141843971644,11.63000000000011,0.5081685296646431,4.680000000000064,4.132999999999993,0.004,1.0,,,13,1,3.0,2023
2023-03-29 13:00:00+00:00|1.0|vol_trans_follow_h1_high_cooling_h13_tp06_sl065,2023-03-29 13:00:00+00:00,STAGE28A,data/reports/stage28a_discovery_factory_batch_runner/stage28a_exact_trades.csv,volatility_transition_v1,vol_trans_follow_h1_high_cooling_h13_tp06_sl065,0.9717999999999392,-0.0782000000000606,-0.7782000000000604,0,0,0,0,0.0782000000000606,26.100000000000136,8.519999999999982,0.7500000000000133,10.220000000000027,0.07827788649705993,3.740000000000009,3.960500000000002,0.02,1.0,,,13,2,3.0,2023
2023-03-30 13:00:00+00:00|-1.0|vol_trans_follow_h1_high_cooling_h13_tp06_sl065,2023-03-30 13:00:00+00:00,STAGE28A,data/reports/stage28a_discovery_factory_batch_runner/stage28a_exact_trades.csv,volatility_transition_v1,vol_trans_follow_h1_high_cooling_h13_tp06_sl065,-1.79137499999988,-2.84137499999988,-3.54137499999988,0,0,0,0,2.84137499999988,15.759999999999991,9.539999999999964,0.4947589098532542,12.559999999999945,0.6162420382165639,1.6600000000000819,4.042999999999973,0.048,-1.0,,,13,3,3.0,2023
2023-03-31 13:00:00+00:00|1.0|vol_trans_follow_h1_high_cooling_h13_tp06_sl065,2023-03-31 13:00:00+00:00,STAGE28A,data/reports/stage28a_discovery_factory_batch_runner/stage28a_exact_trades.csv,volatility_transition_v1,vol_trans_follow_h1_high_cooling_h13_tp06_sl065,1.1490999999999985,0.0990999999999986,-0.6009000000000011,1,0,0,0,0.0990999999999986,28.910000000000082,5.970000000000027,0.3417085427135983,11.840000000000146,0.22972972972972922,5.240000000000009,4.062999999999965,0.096,1.0,,,13,4,3.0,2023
2023-04-04 13:00:00+00:00|1.0|vol_trans_follow_h1_high_cooling_h13_tp06_sl065,2023-04-04 13:00:00+00:00,STAGE28A,data/reports/stage28a_discovery_factory_batch_runner/stage28a_exact_trades.csv,volatility_transition_v1,vol_trans_follow_h1_high_cooling_h13_tp06_sl065,0.87849999999994,-0.1715000000000599,-0.8715000000000597,0,0,0,0,0.1715000000000599,40.72000000000003,7.680000000000064,0.7552083333333508,7.259999999999991,0.6680440771350059,3.6200000000001182,4.161000000000013,0.124,1.0,,,13,1,4.0,2023
2023-04-06 13:00:00+00:00|1.0|vol_trans_follow_h1_high_cooling_h13_tp06_sl065,2023-04-06 13:00:00+00:00,STAGE28A,data/reports/stage28a_discovery_factory_batch_runner/stage28a_exact_trades.csv,volatility_transition_v1,vol_trans_follow_h1_high_cooling_h13_tp06_sl065,0.9708999999999378,-0.0791000000000621,-0.7791000000000619,0,0,0,0,0.0791000000000621,22.069999999999936,13.549999999999955,0.6664206642066423,9.879999999999882,0.8289473684210681,3.259999999999991,4.436500000000012,0.276,1.0,,,13,3,4.0,2023
2023-04-11 13:00:00+00:00|-1.0|vol_trans_follow_h1_high_cooling_h13_tp06_sl065,2023-04-11 13:00:00+00:00,STAGE28A,data/reports/stage28a_discovery_factory_batch_runner/stage28a_exact_trades.csv,volatility_transition_v1,vol_trans_follow_h1_high_cooling_h13_tp06_sl065,-1.7757749999999306,-2.8257749999999304,-3.52577499999993,0,0,0,0,2.8257749999999304,24.860000000000127,9.349999999999909,0.6588235294117799,10.100000000000136,0.6920792079207836,2.8599999999999,3.5599999999999796,0.036,-1.0,,,13,1,4.0,2023
2023-04-12 13:00:00+00:00|1.0|vol_trans_follow_h1_high_cooling_h13_tp06_sl065,2023-04-12 13:00:00+00:00,STAGE28A,data/reports/stage28a_discovery_factory_batch_runner/stage28a_exact_trades.csv,volatility_transition_v1,vol_trans_follow_h1_high_cooling_h13_tp06_sl065,-1.685749999999962,-2.7357499999999617,-3.435749999999961,0,0,0,0,2.7357499999999617,18.610000000000127,16.36999999999989,0.8173488087965912,12.539999999999964,0.4976076555023945,3.0,3.838499999999965,0.152,1.0,,,13,2,4.0,2023
2023-04-13 13:00:00+00:00|1.0|vol_trans_follow_h1_high_cooling_h13_tp06_sl065,2023-04-13 13:00:00+00:00,STAGE28A,data/reports/stage28a_discovery_factory_batch_runner/stage28a_exact_trades.csv,volatility_transition_v1,vol_trans_follow_h1_high_cooling_h13_tp06_sl065,-1.7754499999999551,-2.825449999999955,-3.525449999999955,0,0,0,0,2.825449999999955,27.13000000000011,6.1400000000001,0.3697068403908705,13.950000000000045,0.6566308243727635,2.9199999999998454,4.161999999999978,0.308,1.0,,,13,3,4.0,2023
2023-04-14 13:00:00+00:00|1.0|vol_trans_follow_h1_high_cooling_h13_tp06_sl065,2023-04-14 13:00:00+00:00,STAGE28A,data/reports/stage28a_discovery_factory_batch_runner/stage28a_exact_trades.csv,volatility_transition_v1,vol_trans_follow_h1_high_cooling_h13_tp06_sl065,-2.028300000000036,-3.078300000000036,-3.7783000000000353,0,0,0,1,3.078300000000036,35.00999999999999,8.809999999999945,0.5595913734392842,14.690000000000055,0.43567052416610397,4.289999999999964,4.561500000000024,0.404,1.0,,,13,4,4.0,2023
2023-04-18 13:00:00+00:00|-1.0|vol_trans_follow_h1_high_cooling_h13_tp06_sl065,2023-04-18 13:00:00+00:00,STAGE28A,data/reports/stage28a_discovery_factory_batch_runner/stage28a_exact_trades.csv,volatility_transition_v1,vol_trans_follow_h1_high_cooling_h13_tp06_sl065,-1.83395000000005,-2.8839500000000498,-3.583950000000049,0,0,0,0,2.8839500000000498,33.8900000000001,8.5,0.6588235294117808,8.699999999999818,0.10919540229885809,5.029999999999973,4.1374999999999655,0.208,-1.0,,,13,1,4.0,2023
2023-04-20 13:00:00+00:00|1.0|vol_trans_follow_h1_high_cooling_h13_tp06_sl065,2023-04-20 13:00:00+00:00,STAGE28A,data/reports/stage28a_discovery_factory_batch_runner/stage28a_exact_trades.csv,volatility_transition_v1,vol_trans_follow_h1_high_cooling_h13_tp06_sl065,1.2103000000000974,0.1603000000000976,-0.5396999999999021,1,0,1,0,0.1603000000000976,38.95999999999981,8.179999999999836,0.20904645476773479,9.779999999999973,0.6932515337423304,7.809999999999945,4.066000000000019,0.2,1.0,,,13,3,4.0,2023
2023-04-24 13:00:00+00:00|-1.0|vol_trans_follow_h1_high_cooling_h13_tp06_sl065,2023-04-24 13:00:00+00:00,STAGE28A,data/reports/stage28a_discovery_factory_batch_runner/stage28a_exact_trades.csv,volatility_transition_v1,vol_trans_follow_h1_high_cooling_h13_tp06_sl065,-1.844999999999891,-2.8949999999998908,-3.5949999999998905,0,0,0,0,2.8949999999998908,3.790000000000191,6.7999999999999545,0.4735294117647131,10.459999999999809,0.22179732313575323,4.0,4.293000000000018,0.256,-1.0,,,13,0,4.0,2023
2023-04-26 13:00:00+00:00|1.0|vol_trans_follow_h1_high_cooling_h13_tp06_sl065,2023-04-26 13:00:00+00:00,STAGE28A,data/reports/stage28a_discovery_factory_batch_runner/stage28a_exact_trades.csv,volatility_transition_v1,vol_trans_follow_h1_high_cooling_h13_tp06_sl065,0.9420999999998912,-0.1079000000001086,-0.8079000000001084,0,0,0,0,0.1079000000001086,27.710000000000036,9.230000000000018,0.37811484290357555,6.069999999999936,0.7726523887973812,3.119999999999891,4.515499999999986,0.262,1.0,,,13,2,4.0,2023
2023-04-27 13:00:00+00:00|-1.0|vol_trans_follow_h1_high_cooling_h13_tp06_sl065,2023-04-27 13:00:00+00:00,STAGE28A,data/reports/stage28a_discovery_factory_batch_runner/stage28a_exact_trades.csv,volatility_transition_v1,vol_trans_follow_h1_high_cooling_h13_tp06_sl065,1.0485999999999875,-0.0014000000000122,-0.701400000000012,0,0,0,0,0.0014000000000122,25.920000000000073,11.960000000000036,0.8127090301003342,6.400000000000091,0.44687499999997804,3.1099999999999,4.386000000000024,0.18,-1.0,,,13,3,4.0,2023
2023-04-28 13:00:00+00:00|-1.0|vol_trans_follow_h1_high_cooling_h13_tp06_sl065,2023-04-28 13:00:00+00:00,STAGE28A,data/reports/stage28a_discovery_factory_batch_runner/stage28a_exact_trades.csv,volatility_transition_v1,vol_trans_follow_h1_high_cooling_h13_tp06_sl065,1.016800000000012,-0.0331999999999879,-0.7331999999999876,0,0,0,0,0.0331999999999879,29.029999999999973,6.509999999999991,0.32872503840243866,10.569999999999936,0.5619678334909993,1.900000000000091,3.6395000000000097,0.028,-1.0,,,13,4,4.0,2023
2023-05-01 13:00:00+00:00|1.0|vol_trans_follow_h1_high_cooling_h13_tp06_sl065,2023-05-01 13:00:00+00:00,STAGE28A,data/reports/stage28a_discovery_factory_batch_runner/stage28a_exact_trades.csv,volatility_transition_v1,vol_trans_follow_h1_high_cooling_h13_tp06_sl065,-1.5499000000000709,-2.5999000000000705,-3.29990000000007,0,0,0,0,2.5999000000000705,3.2999999999999545,11.25,0.5164444444444396,9.319999999999936,0.14377682403432696,8.230000000000018,4.131500000000028,0.12,1.0,,,13,0,5.0,2023
2023-05-02 13:00:00+00:00|1.0|vol_trans_follow_h1_high_cooling_h13_tp06_sl065,2023-05-02 13:00:00+00:00,STAGE28A,data/reports/stage28a_discovery_factory_batch_runner/stage28a_exact_trades.csv,volatility_transition_v1,vol_trans_follow_h1_high_cooling_h13_tp06_sl065,-1.740024999999923,-2.790024999999923,-3.490024999999923,0,0,0,0,2.790024999999923,28.960000000000036,4.459999999999809,0.12556053811658507,7.899999999999864,0.25949367088607467,5.7999999999999545,3.559499999999969,0.032,1.0,,,13,1,5.0,2023
2023-05-03 13:00:00+00:00|1.0|vol_trans_follow_h1_high_cooling_h13_tp06_sl065,2023-05-03 13:00:00+00:00,STAGE28A,data/reports/stage28a_discovery_factory_batch_runner/stage28a_exact_trades.csv,volatility_transition_v1,vol_trans_follow_h1_high_cooling_h13_tp06_sl065,0.6433000000000902,-0.4066999999999097,-1.1066999999999094,0,0,0,0,0.4066999999999097,40.909999999999854,4.5300000000002,0.6247240618101109,6.770000000000209,0.20531757754798075,2.1800000000000637,4.468499999999994,0.252,1.0,,,13,2,5.0,2023
2023-05-08 13:00:00+00:00|1.0|vol_trans_follow_h1_high_cooling_h13_tp06_sl065,2023-05-08 13:00:00+00:00,STAGE28A,data/reports/stage28a_discovery_factory_batch_runner/stage28a_exact_trades.csv,volatility_transition_v1,vol_trans_follow_h1_high_cooling_h13_tp06_sl065,-1.4202249999999368,-2.4702249999999366,-3.1702249999999363,0,0,0,0,2.4702249999999366,3.8199999999999363,9.689999999999827,0.8926728586171329,4.629999999999882,0.12526997840176446,2.2200000000000273,3.9744999999999777,0.108,1.0,,,13,0,5.0,2023
2023-05-09 13:00:00+00:00|1.0|vol_trans_follow_h1_high_cooling_h13_tp06_sl065,2023-05-09 13:00:00+00:00,STAGE28A,data/reports/stage28a_discovery_factory_batch_runner/stage28a_exact_trades.csv,volatility_transition_v1,vol_trans_follow_h1_high_cooling_h13_tp06_sl065,0.8155000000000655,-0.2344999999999344,-0.9344999999999342,0,0,0,0,0.2344999999999344,15.129999999999882,5.400000000000091,0.4944444444444075,7.330000000000155,0.46248294679400115,3.5299999999999727,3.223000000000036,0.028,1.0,,,13,1,5.0,2023
2023-05-10 13:00:00+00:00|1.0|vol_trans_follow_h1_high_cooling_h13_tp06_sl065,2023-05-10 13:00:00+00:00,STAGE28A,data/reports/stage28a_discovery_factory_batch_runner/stage28a_exact_trades.csv,volatility_transition_v1,vol_trans_follow_h1_high_cooling_h13_tp06_sl065,0.804399999999896,-0.2456000000001039,-0.9456000000001036,0,0,0,0,0.2456000000001039,18.029999999999973,7.679999999999836,0.5572916666667046,6.680000000000064,0.39371257485027794,2.0,3.263000000000011,0.052,1.0,,,13,2,5.0,2023
2023-05-11 13:00:00+00:00|1.0|vol_trans_follow_h1_high_cooling_h13_tp06_sl065,2023-05-11 13:00:00+00:00,STAGE28A,data/reports/stage28a_discovery_factory_batch_runner/stage28a_exact_trades.csv,volatility_transition_v1,vol_trans_follow_h1_high_cooling_h13_tp06_sl065,-2.050399999999945,-3.100399999999945,-3.8003999999999447,0,0,0,1,3.100399999999945,26.679999999999836,7.099999999999909,0.10563380281690277,11.410000000000082,0.47414548641542886,6.420000000000073,4.1474999999999795,0.308,1.0,,,13,3,5.0,2023
2023-05-12 13:00:00+00:00|-1.0|vol_trans_follow_h1_high_cooling_h13_tp06_sl065,2023-05-12 13:00:00+00:00,STAGE28A,data/reports/stage28a_discovery_factory_batch_runner/stage28a_exact_trades.csv,volatility_transition_v1,vol_trans_follow_h1_high_cooling_h13_tp06_sl065,1.0932999999999082,0.0432999999999084,-0.6567000000000913,1,0,0,0,0.0432999999999084,30.1400000000001,8.960000000000036,0.4832589285714185,11.710000000000036,0.7532023911186941,6.180000000000064,4.002500000000009,0.304,-1.0,,,13,4,5.0,2023
2023-05-15 13:00:00+00:00|-1.0|vol_trans_follow_h1_high_cooling_h13_tp06_sl065,2023-05-15 13:00:00+00:00,STAGE28A,data/reports/stage28a_discovery_factory_batch_runner/stage28a_exact_trades.csv,volatility_transition_v1,vol_trans_follow_h1_high_cooling_h13_tp06_sl065,0.8155000000000655,-0.2344999999999344,-0.9344999999999342,0,0,0,0,0.2344999999999344,4.789999999999964,11.710000000000036,0.2613151152860748,7.720000000000027,0.3121761658031183,2.740000000000009,3.9409999999999967,0.288,-1.0,,,13,0,5.0,2023
2023-05-16 13:00:00+00:00|-1.0|vol_trans_follow_h1_high_cooling_h13_tp06_sl065,2023-05-16 13:00:00+00:00,STAGE28A,data/reports/stage28a_discovery_factory_batch_runner/stage28a_exact_trades.csv,volatility_transition_v1,vol_trans_follow_h1_high_cooling_h13_tp06_sl065,0.9205000000000836,-0.1294999999999162,-0.829499999999916,0,0,0,0,0.1294999999999162,15.009999999999991,4.600000000000136,0.21521739130434342,15.0,0.49066666666666,1.4200000000000728,3.2670000000000186,0.064,-1.0,,,13,1,5.0,2023
2023-05-17 13:00:00+00:00|-1.0|vol_trans_follow_h1_high_cooling_h13_tp06_sl065,2023-05-17 13:00:00+00:00,STAGE28A,data/reports/stage28a_discovery_factory_batch_runner/stage28a_exact_trades.csv,volatility_transition_v1,vol_trans_follow_h1_high_cooling_h13_tp06_sl065,0.7644999999999073,-0.2855000000000927,-0.9855000000000924,0,0,0,0,0.2855000000000927,32.789999999999964,5.0,0.25599999999999457,8.180000000000064,0.892420537897298,2.25,3.4830000000000156,0.132,-1.0,,,13,2,5.0,2023
2023-05-18 13:00:00+00:00|1.0|vol_trans_follow_h1_high_cooling_h13_tp06_sl065,2023-05-18 13:00:00+00:00,STAGE28A,data/reports/stage28a_discovery_factory_batch_runner/stage28a_exact_trades.csv,volatility_transition_v1,vol_trans_follow_h1_high_cooling_h13_tp06_sl065,-1.728650000000107,-2.778650000000107,-3.4786500000001066,0,0,0,0,2.778650000000107,17.950000000000045,5.4099999999998545,0.13308687615523462,10.519999999999982,0.4591254752851866,2.910000000000082,3.3850000000000136,0.104,1.0,,,13,3,5.0,2023
2023-05-19 13:00:00+00:00|1.0|vol_trans_follow_h1_high_cooling_h13_tp06_sl065,2023-05-19 13:00:00+00:00,STAGE28A,data/reports/stage28a_discovery_factory_batch_runner/stage28a_exact_trades.csv,volatility_transition_v1,vol_trans_follow_h1_high_cooling_h13_tp06_sl065,0.9945999999999005,-0.0554000000000995,-0.7554000000000993,0,0,0,0,0.0554000000000995,33.97999999999979,9.659999999999854,0.4906832298136729,8.100000000000136,0.5469135802469123,3.8600000000001273,3.631499999999994,0.26,1.0,,,13,4,5.0,2023
2023-05-23 13:00:00+00:00|-1.0|vol_trans_follow_h1_high_cooling_h13_tp06_sl065,2023-05-23 13:00:00+00:00,STAGE28A,data/reports/stage28a_discovery_factory_batch_runner/stage28a_exact_trades.csv,volatility_transition_v1,vol_trans_follow_h1_high_cooling_h13_tp06_sl065,-1.910649999999896,-2.960649999999896,-3.660649999999896,0,0,0,0,2.960649999999896,13.670000000000073,12.319999999999936,0.6915584415584437,10.339999999999918,0.5483558994197406,4.3900000000001,4.175499999999988,0.504,-1.0,,,13,1,5.0,2023
2023-05-24 13:00:00+00:00|-1.0|vol_trans_follow_h1_high_cooling_h13_tp06_sl065,2023-05-24 13:00:00+00:00,STAGE28A,data/reports/stage28a_discovery_factory_batch_runner/stage28a_exact_trades.csv,volatility_transition_v1,vol_trans_follow_h1_high_cooling_h13_tp06_sl065,-2.011399999999958,-3.0613999999999577,-3.761399999999957,0,0,0,0,3.0613999999999577,23.449999999999818,4.529999999999973,0.0883002207505223,9.820000000000164,0.036659877800396534,3.199999999999818,3.878999999999985,0.28,-1.0,,,13,2,5.0,2023
2023-05-25 13:00:00+00:00|-1.0|vol_trans_follow_h1_high_cooling_h13_tp06_sl065,2023-05-25 13:00:00+00:00,STAGE28A,data/reports/stage28a_discovery_factory_batch_runner/stage28a_exact_trades.csv,volatility_transition_v1,vol_trans_follow_h1_high_cooling_h13_tp06_sl065,-1.6434999999999946,-2.6934999999999945,-3.393499999999994,0,0,0,0,2.6934999999999945,28.560000000000173,6.789999999999964,0.5729013254786629,9.850000000000136,0.39187817258884,3.509999999999991,4.429500000000007,0.536,-1.0,,,13,3,5.0,2023
2023-05-26 13:00:00+00:00|1.0|vol_trans_follow_h1_high_cooling_h13_tp06_sl065,2023-05-26 13:00:00+00:00,STAGE28A,data/reports/stage28a_discovery_factory_batch_runner/stage28a_exact_trades.csv,volatility_transition_v1,vol_trans_follow_h1_high_cooling_h13_tp06_sl065,-1.7796750000000885,-2.8296750000000883,-3.529675000000088,0,0,0,0,2.8296750000000883,25.910000000000082,12.120000000000118,0.5140264026402606,10.289999999999964,0.5053449951409197,2.4199999999998454,3.8940000000000055,0.256,1.0,,,13,4,5.0,2023
2023-05-29 13:00:00+00:00|1.0|vol_trans_follow_h1_high_cooling_h13_tp06_sl065,2023-05-29 13:00:00+00:00,STAGE28A,data/reports/stage28a_discovery_factory_batch_runner/stage28a_exact_trades.csv,volatility_transition_v1,vol_trans_follow_h1_high_cooling_h13_tp06_sl065,-1.2814500000000408,-2.3314500000000407,-3.0314500000000404,0,0,0,0,2.3314500000000407,5.179999999999836,5.929999999999836,0.2698145025295414,8.11999999999989,0.0443349753694464,1.9300000000000637,3.5189999999999713,0.084,1.0,,,13,0,5.0,2023
2023-05-30 13:00:00+00:00|1.0|vol_trans_follow_h1_high_cooling_h13_tp06_sl065,2023-05-30 13:00:00+00:00,STAGE28A,data/reports/stage28a_discovery_factory_batch_runner/stage28a_exact_trades.csv,volatility_transition_v1,vol_trans_follow_h1_high_cooling_h13_tp06_sl065,-2.4205749999999626,-3.4705749999999624,-4.170574999999962,0,0,0,1,3.4705749999999624,9.490000000000009,7.379999999999882,0.4878048780488068,21.039999999999964,0.6416349809885943,10.600000000000136,3.56099999999999,0.18,1.0,,,13,1,5.0,2023
2023-05-31 13:00:00+00:00|1.0|vol_trans_follow_h1_high_cooling_h13_tp06_sl065,2023-05-31 13:00:00+00:00,STAGE28A,data/reports/stage28a_discovery_factory_batch_runner/stage28a_exact_trades.csv,volatility_transition_v1,vol_trans_follow_h1_high_cooling_h13_tp06_sl065,-1.9483499999999825,-2.998349999999982,-3.698349999999982,0,0,0,0,2.998349999999982,31.529999999999973,6.8400000000001455,0.07748538011695343,10.319999999999936,0.06395348837210135,5.139999999999873,3.6284999999999967,0.176,1.0,,,13,2,5.0,2023
2023-06-01 13:00:00+00:00|1.0|vol_trans_follow_h1_high_cooling_h13_tp06_sl065,2023-06-01 13:00:00+00:00,STAGE28A,data/reports/stage28a_discovery_factory_batch_runner/stage28a_exact_trades.csv,volatility_transition_v1,vol_trans_follow_h1_high_cooling_h13_tp06_sl065,0.72549999999992,-0.3245000000000799,-1.0245000000000797,0,0,0,0,0.3245000000000799,21.13000000000011,5.470000000000027,0.40036563071298786,12.440000000000055,0.31511254019291224,5.370000000000118,4.007000000000028,0.324,1.0,,,13,3,6.0,2023
2023-06-02 13:00:00+00:00|1.0|vol_trans_follow_h1_high_cooling_h13_tp06_sl065,2023-06-02 13:00:00+00:00,STAGE28A,data/reports/stage28a_discovery_factory_batch_runner/stage28a_exact_trades.csv,volatility_transition_v1,vol_trans_follow_h1_high_cooling_h13_tp06_sl065,-1.4796999999999572,-2.529699999999957,-3.2296999999999567,0,0,0,0,2.529699999999957,29.720000000000027,9.389999999999873,0.55271565495209,7.849999999999909,0.2496815286624279,2.980000000000018,3.410499999999979,0.108,1.0,,,13,4,6.0,2023
2023-06-05 13:00:00+00:00|1.0|vol_trans_follow_h1_high_cooling_h13_tp06_sl065,2023-06-05 13:00:00+00:00,STAGE28A,data/reports/stage28a_discovery_factory_batch_runner/stage28a_exact_trades.csv,volatility_transition_v1,vol_trans_follow_h1_high_cooling_h13_tp06_sl065,0.9697000000000116,-0.0802999999999882,-0.780299999999988,0,0,0,0,0.0802999999999882,3.5399999999999636,6.1099999999999,0.2929623567921429,8.799999999999955,0.2590909090909073,5.669999999999845,4.006000000000017,0.276,1.0,,,13,0,6.0,2023
2023-06-06 13:00:00+00:00|1.0|vol_trans_follow_h1_high_cooling_h13_tp06_sl065,2023-06-06 13:00:00+00:00,STAGE28A,data/reports/stage28a_discovery_factory_batch_runner/stage28a_exact_trades.csv,volatility_transition_v1,vol_trans_follow_h1_high_cooling_h13_tp06_sl065,0.8967999999998938,-0.1532000000001061,-0.8532000000001059,0,0,0,0,0.1532000000001061,25.87000000000012,5.519999999999982,0.5851449275362371,6.670000000000073,0.4692653673163531,3.3199999999999363,3.434999999999968,0.12,1.0,,,13,1,6.0,2023
2023-06-07 13:00:00+00:00|1.0|vol_trans_follow_h1_high_cooling_h13_tp06_sl065,2023-06-07 13:00:00+00:00,STAGE28A,data/reports/stage28a_discovery_factory_batch_runner/stage28a_exact_trades.csv,volatility_transition_v1,vol_trans_follow_h1_high_cooling_h13_tp06_sl065,0.8254000000000815,-0.2245999999999184,-0.9245999999999182,0,0,0,0,0.2245999999999184,11.980000000000018,3.9199999999998454,0.08673469387753356,10.009999999999991,0.11288711288712389,3.160000000000082,2.9924999999999953,0.092,1.0,,,13,2,6.0,2023
2023-06-08 13:00:00+00:00|-1.0|vol_trans_follow_h1_high_cooling_h13_tp06_sl065,2023-06-08 13:00:00+00:00,STAGE28A,data/reports/stage28a_discovery_factory_batch_runner/stage28a_exact_trades.csv,volatility_transition_v1,vol_trans_follow_h1_high_cooling_h13_tp06_sl065,-1.531049999999914,-2.5810499999999137,-3.281049999999913,0,0,0,0,2.5810499999999137,30.329999999999927,7.440000000000055,0.5349462365591383,6.319999999999936,0.011075949367078645,2.8599999999999,4.110500000000013,0.452,-1.0,,,13,3,6.0,2023
2023-06-09 13:00:00+00:00|-1.0|vol_trans_follow_h1_high_cooling_h13_tp06_sl065,2023-06-09 13:00:00+00:00,STAGE28A,data/reports/stage28a_discovery_factory_batch_runner/stage28a_exact_trades.csv,volatility_transition_v1,vol_trans_follow_h1_high_cooling_h13_tp06_sl065,0.4896999999999935,-0.5603000000000065,-1.2603000000000062,0,0,0,0,0.5603000000000065,30.90000000000009,3.25,0.7046153846153734,5.440000000000055,0.34191176470590234,2.089999999999918,2.3620000000000116,0.024,-1.0,,,13,4,6.0,2023
2023-06-12 13:00:00+00:00|1.0|vol_trans_follow_h1_high_cooling_h13_tp06_sl065,2023-06-12 13:00:00+00:00,STAGE28A,data/reports/stage28a_discovery_factory_batch_runner/stage28a_exact_trades.csv,volatility_transition_v1,vol_trans_follow_h1_high_cooling_h13_tp06_sl065,-1.5219499999999244,-2.571949999999924,-3.271949999999924,0,0,0,0,2.571949999999924,1.740000000000009,6.239999999999782,0.06891025641026903,9.049999999999955,0.7502762430939224,1.9400000000000546,3.109499999999957,0.148,1.0,,,13,0,6.0,2023
2023-06-13 13:00:00+00:00|-1.0|vol_trans_follow_h1_high_cooling_h13_tp06_sl065,2023-06-13 13:00:00+00:00,STAGE28A,data/reports/stage28a_discovery_factory_batch_runner/stage28a_exact_trades.csv,volatility_transition_v1,vol_trans_follow_h1_high_cooling_h13_tp06_sl065,0.6648999999998978,-0.3851000000001021,-1.085100000000102,0,0,0,0,0.3851000000001021,17.7800000000002,6.210000000000036,0.6070853462157745,7.149999999999864,0.1706293706293777,1.900000000000091,3.1184999999999716,0.112,-1.0,,,13,1,6.0,2023
2023-06-14 13:00:00+00:00|1.0|vol_trans_follow_h1_high_cooling_h13_tp06_sl065,2023-06-14 13:00:00+00:00,STAGE28A,data/reports/stage28a_discovery_factory_batch_runner/stage28a_exact_trades.csv,volatility_transition_v1,vol_trans_follow_h1_high_cooling_h13_tp06_sl065,-1.540149999999903,-2.590149999999903,-3.290149999999903,0,0,0,0,2.590149999999903,30.730000000000018,7.240000000000009,0.7223756906077364,7.639999999999873,0.2683246073298414,3.0399999999999636,3.581500000000017,0.256,1.0,,,13,2,6.0,2023
2023-06-16 13:00:00+00:00|1.0|vol_trans_follow_h1_high_cooling_h13_tp06_sl065,2023-06-16 13:00:00+00:00,STAGE28A,data/reports/stage28a_discovery_factory_batch_runner/stage28a_exact_trades.csv,volatility_transition_v1,vol_trans_follow_h1_high_cooling_h13_tp06_sl065,0.8631999999999153,-0.1868000000000846,-0.8868000000000844,0,0,0,0,0.1868000000000846,35.600000000000136,6.8900000000001,0.27576197387519064,10.069999999999936,0.7636544190665445,1.5499999999999545,3.2890000000000215,0.124,1.0,,,13,4,6.0,2023
2023-06-19 13:00:00+00:00|-1.0|vol_trans_follow_h1_high_cooling_h13_tp06_sl065,2023-06-19 13:00:00+00:00,STAGE28A,data/reports/stage28a_discovery_factory_batch_runner/stage28a_exact_trades.csv,volatility_transition_v1,vol_trans_follow_h1_high_cooling_h13_tp06_sl065,0.6370000000000801,-0.4129999999999199,-1.1129999999999196,0,0,0,0,0.4129999999999199,3.0699999999999363,4.7199999999998,0.5127118644068168,8.539999999999964,0.6217798594847738,6.4500000000000455,3.606999999999971,0.284,-1.0,,,13,0,6.0,2023
2023-06-20 13:00:00+00:00|-1.0|vol_trans_follow_h1_high_cooling_h13_tp06_sl065,2023-06-20 13:00:00+00:00,STAGE28A,data/reports/stage28a_discovery_factory_batch_runner/stage28a_exact_trades.csv,volatility_transition_v1,vol_trans_follow_h1_high_cooling_h13_tp06_sl065,-1.5164250000001176,-2.5664250000001174,-3.266425000000117,0,0,0,0,2.5664250000001174,10.899999999999864,9.029999999999973,0.2159468438538263,9.8900000000001,0.2517694641051551,2.3500000000001364,2.943000000000029,0.128,-1.0,,,13,1,6.0,2023
2023-06-21 13:00:00+00:00|-1.0|vol_trans_follow_h1_high_cooling_h13_tp06_sl065,2023-06-21 13:00:00+00:00,STAGE28A,data/reports/stage28a_discovery_factory_batch_runner/stage28a_exact_trades.csv,volatility_transition_v1,vol_trans_follow_h1_high_cooling_h13_tp06_sl065,-1.619125000000031,-2.669125000000031,-3.3691250000000306,0,0,0,0,2.669125000000031,26.99000000000001,4.149999999999864,0.10843373493977355,6.149999999999864,0.6065040650406668,3.759999999999991,2.8664999999999736,0.096,-1.0,,,13,2,6.0,2023
2023-06-22 13:00:00+00:00|1.0|vol_trans_follow_h1_high_cooling_h13_tp06_sl065,2023-06-22 13:00:00+00:00,STAGE28A,data/reports/stage28a_discovery_factory_batch_runner/stage28a_exact_trades.csv,volatility_transition_v1,vol_trans_follow_h1_high_cooling_h13_tp06_sl065,-1.6721000000000914,-2.7221000000000912,-3.422100000000091,0,0,0,0,2.7221000000000912,20.25,3.459999999999809,0.2687861271676633,8.180000000000064,0.46210268948654565,3.230000000000018,3.4029999999999747,0.24,1.0,,,13,3,6.0,2023
2023-06-23 13:00:00+00:00|1.0|vol_trans_follow_h1_high_cooling_h13_tp06_sl065,2023-06-23 13:00:00+00:00,STAGE28A,data/reports/stage28a_discovery_factory_batch_runner/stage28a_exact_trades.csv,volatility_transition_v1,vol_trans_follow_h1_high_cooling_h13_tp06_sl065,-1.5927999999999884,-2.6427999999999883,-3.342799999999988,0,0,0,0,2.6427999999999883,22.579999999999927,6.009999999999991,0.21630615640598277,7.990000000000009,0.6958698372966131,2.6499999999998636,3.46099999999999,0.276,1.0,,,13,4,6.0,2023
2023-06-26 13:00:00+00:00|-1.0|vol_trans_follow_h1_high_cooling_h13_tp06_sl065,2023-06-26 13:00:00+00:00,STAGE28A,data/reports/stage28a_discovery_factory_batch_runner/stage28a_exact_trades.csv,volatility_transition_v1,vol_trans_follow_h1_high_cooling_h13_tp06_sl065,0.7693000000000666,-0.2806999999999333,-0.9806999999999332,0,0,0,0,0.2806999999999333,3.490000000000009,5.870000000000118,0.12776831345825979,11.200000000000045,0.3928571428571494,3.1099999999999,3.5994999999999893,0.276,-1.0,,,13,0,6.0,2023
2023-06-27 13:00:00+00:00|-1.0|vol_trans_follow_h1_high_cooling_h13_tp06_sl065,2023-06-27 13:00:00+00:00,STAGE28A,data/reports/stage28a_discovery_factory_batch_runner/stage28a_exact_trades.csv,volatility_transition_v1,vol_trans_follow_h1_high_cooling_h13_tp06_sl065,0.5893000000000029,-0.460699999999997,-1.1606999999999967,0,0,0,0,0.460699999999997,11.819999999999936,9.349999999999909,0.4064171122994643,5.9500000000000455,0.724369747899145,1.9800000000000182,3.00150000000001,0.12,-1.0,,,13,1,6.0,2023
2023-06-28 13:00:00+00:00|-1.0|vol_trans_follow_h1_high_cooling_h13_tp06_sl065,2023-06-28 13:00:00+00:00,STAGE28A,data/reports/stage28a_discovery_factory_batch_runner/stage28a_exact_trades.csv,volatility_transition_v1,vol_trans_follow_h1_high_cooling_h13_tp06_sl065,0.8074000000000524,-0.2425999999999475,-0.9425999999999471,0,0,0,0,0.2425999999999475,19.659999999999854,3.949999999999818,0.05822784810127311,9.480000000000018,0.8280590717299466,4.790000000000191,3.394500000000039,0.224,-1.0,,,13,2,6.0,2023
2023-06-29 13:00:00+00:00|-1.0|vol_trans_follow_h1_high_cooling_h13_tp06_sl065,2023-06-29 13:00:00+00:00,STAGE28A,data/reports/stage28a_discovery_factory_batch_runner/stage28a_exact_trades.csv,volatility_transition_v1,vol_trans_follow_h1_high_cooling_h13_tp06_sl065,0.752200000000039,-0.297799999999961,-0.9977999999999608,0,0,0,0,0.297799999999961,14.339999999999918,10.029999999999973,0.4386839481555437,5.619999999999891,0.03914590747331522,2.3600000000001273,3.148000000000002,0.188,-1.0,,,13,3,6.0,2023
2023-06-30 13:00:00+00:00|1.0|vol_trans_follow_h1_high_cooling_h13_tp06_sl065,2023-06-30 13:00:00+00:00,STAGE28A,data/reports/stage28a_discovery_factory_batch_runner/stage28a_exact_trades.csv,volatility_transition_v1,vol_trans_follow_h1_high_cooling_h13_tp06_sl065,-1.4582499999999985,-2.508249999999998,-3.208249999999998,0,0,0,0,2.508249999999998,20.1099999999999,2.660000000000082,0.037593984962456146,9.329999999999927,0.33976420150054637,3.939999999999827,3.1489999999999667,0.2,1.0,,,13,4,6.0,2023
2023-07-03 13:00:00+00:00|1.0|vol_trans_follow_h1_high_cooling_h13_tp06_sl065,2023-07-03 13:00:00+00:00,STAGE28A,data/reports/stage28a_discovery_factory_batch_runner/stage28a_exact_trades.csv,volatility_transition_v1,vol_trans_follow_h1_high_cooling_h13_tp06_sl065,-1.4754750000000514,-2.525475000000051,-3.225475000000051,0,0,0,0,2.525475000000051,1.1800000000000637,4.940000000000055,0.18825910931170567,10.5,0.4961904761904797,2.560000000000173,3.1415000000000077,0.2,1.0,,,13,0,7.0,2023
2023-07-04 13:00:00+00:00|1.0|vol_trans_follow_h1_high_cooling_h13_tp06_sl065,2023-07-04 13:00:00+00:00,STAGE28A,data/reports/stage28a_discovery_factory_batch_runner/stage28a_exact_trades.csv,volatility_transition_v1,vol_trans_follow_h1_high_cooling_h13_tp06_sl065,-1.192399999999998,-2.2423999999999977,-2.942399999999997,0,0,0,0,2.2423999999999977,20.950000000000045,3.6399999999998727,0.4807692307692476,7.9099999999998545,0.8609355246523765,2.1099999999999,2.3639999999999874,0.004,1.0,,,13,1,7.0,2023
2023-07-05 13:00:00+00:00|1.0|vol_trans_follow_h1_high_cooling_h13_tp06_sl065,2023-07-05 13:00:00+00:00,STAGE28A,data/reports/stage28a_discovery_factory_batch_runner/stage28a_exact_trades.csv,volatility_transition_v1,vol_trans_follow_h1_high_cooling_h13_tp06_sl065,-1.3253249999998844,-2.375324999999884,-3.075324999999884,0,0,0,0,2.375324999999884,10.940000000000055,3.9700000000000273,0.42821158690177175,8.25,0.5624242424242546,2.269999999999982,2.3440000000000283,0.084,1.0,,,13,2,7.0,2023
2023-07-06 13:00:00+00:00|-1.0|vol_trans_follow_h1_high_cooling_h13_tp06_sl065,2023-07-06 13:00:00+00:00,STAGE28A,data/reports/stage28a_discovery_factory_batch_runner/stage28a_exact_trades.csv,volatility_transition_v1,vol_trans_follow_h1_high_cooling_h13_tp06_sl065,0.4921000000000731,-0.5578999999999268,-1.2578999999999263,0,0,0,0,0.5578999999999268,20.289999999999964,5.2000000000000455,0.3557692307692102,5.379999999999882,0.15055762081783702,2.8900000000001,2.8044999999999844,0.132,-1.0,,,13,3,7.0,2023
2023-07-07 13:00:00+00:00|1.0|vol_trans_follow_h1_high_cooling_h13_tp06_sl065,2023-07-07 13:00:00+00:00,STAGE28A,data/reports/stage28a_discovery_factory_batch_runner/stage28a_exact_trades.csv,volatility_transition_v1,vol_trans_follow_h1_high_cooling_h13_tp06_sl065,0.4867000000000644,-0.5632999999999355,-1.2632999999999353,0,0,0,0,0.5632999999999355,24.910000000000082,2.8099999999999454,0.049822064056895154,6.5499999999999545,0.7709923664122121,2.3599999999999,2.5665000000000076,0.116,1.0,,,13,4,7.0,2023
2023-07-10 13:00:00+00:00|-1.0|vol_trans_follow_h1_high_cooling_h13_tp06_sl065,2023-07-10 13:00:00+00:00,STAGE28A,data/reports/stage28a_discovery_factory_batch_runner/stage28a_exact_trades.csv,volatility_transition_v1,vol_trans_follow_h1_high_cooling_h13_tp06_sl065,0.5764000000000579,-0.473599999999942,-1.1735999999999418,0,0,0,0,0.473599999999942,4.289999999999964,5.559999999999945,0.3992805755395772,6.920000000000073,0.0765895953757178,3.519999999999982,3.5985000000000014,0.584,-1.0,,,13,0,7.0,2023
2023-07-11 13:00:00+00:00|1.0|vol_trans_follow_h1_high_cooling_h13_tp06_sl065,2023-07-11 13:00:00+00:00,STAGE28A,data/reports/stage28a_discovery_factory_batch_runner/stage28a_exact_trades.csv,volatility_transition_v1,vol_trans_follow_h1_high_cooling_h13_tp06_sl065,-1.803074999999899,-2.8530749999998988,-3.5530749999998985,0,0,0,0,2.8530749999998988,15.459999999999809,4.690000000000055,0.3432835820895754,11.970000000000027,0.9598997493734321,3.4700000000000273,3.030500000000006,0.228,1.0,,,13,1,7.0,2023
2023-07-12 13:00:00+00:00|1.0|vol_trans_follow_h1_high_cooling_h13_tp06_sl065,2023-07-12 13:00:00+00:00,STAGE28A,data/reports/stage28a_discovery_factory_batch_runner/stage28a_exact_trades.csv,volatility_transition_v1,vol_trans_follow_h1_high_cooling_h13_tp06_sl065,-1.3028999999999995,-2.3528999999999995,-3.0528999999999997,0,0,0,0,2.3528999999999995,14.170000000000073,8.88000000000011,0.5833333333333334,6.5,0.4799999999999832,1.9500000000000455,2.4640000000000213,0.116,1.0,,,13,2,7.0,2023
2023-07-13 13:00:00+00:00|-1.0|vol_trans_follow_h1_high_cooling_h13_tp06_sl065,2023-07-13 13:00:00+00:00,STAGE28A,data/reports/stage28a_discovery_factory_batch_runner/stage28a_exact_trades.csv,volatility_transition_v1,vol_trans_follow_h1_high_cooling_h13_tp06_sl065,0.7017999999999575,-0.3482000000000425,-1.0482000000000422,0,0,0,0,0.3482000000000425,27.560000000000173,6.690000000000055,0.38415545590432215,8.11999999999989,0.035714285714281716,1.599999999999909,3.1245000000000003,0.264,-1.0,,,13,3,7.0,2023
2023-07-14 13:00:00+00:00|-1.0|vol_trans_follow_h1_high_cooling_h13_tp06_sl065,2023-07-14 13:00:00+00:00,STAGE28A,data/reports/stage28a_discovery_factory_batch_runner/stage28a_exact_trades.csv,volatility_transition_v1,vol_trans_follow_h1_high_cooling_h13_tp06_sl065,0.6375999999999294,-0.4124000000000705,-1.1124000000000702,0,0,0,0,0.4124000000000705,11.190000000000055,5.370000000000118,0.4897579143388871,8.259999999999991,0.7990314769975686,2.0299999999999727,2.863500000000022,0.196,-1.0,,,13,4,7.0,2023
2023-07-17 13:00:00+00:00|1.0|vol_trans_follow_h1_high_cooling_h13_tp06_sl065,2023-07-17 13:00:00+00:00,STAGE28A,data/reports/stage28a_discovery_factory_batch_runner/stage28a_exact_trades.csv,volatility_transition_v1,vol_trans_follow_h1_high_cooling_h13_tp06_sl065,-1.5898749999999835,-2.6398749999999835,-3.3398749999999837,0,0,0,0,2.6398749999999835,2.8300000000001546,4.990000000000009,0.1923847695390851,8.600000000000136,0.7697674418604666,4.940000000000055,3.5169999999999844,0.536,1.0,,,13,0,7.0,2023
2023-07-18 13:00:00+00:00|1.0|vol_trans_follow_h1_high_cooling_h13_tp06_sl065,2023-07-18 13:00:00+00:00,STAGE28A,data/reports/stage28a_discovery_factory_batch_runner/stage28a_exact_trades.csv,volatility_transition_v1,vol_trans_follow_h1_high_cooling_h13_tp06_sl065,-1.4146999999999026,-2.4646999999999024,-3.164699999999902,0,0,0,0,2.4646999999999024,14.089999999999918,6.839999999999918,0.7046783625730986,6.329999999999927,0.513428120063197,2.119999999999891,2.4560000000000057,0.124,1.0,,,13,1,7.0,2023
2023-07-19 13:00:00+00:00|-1.0|vol_trans_follow_h1_high_cooling_h13_tp06_sl065,2023-07-19 13:00:00+00:00,STAGE28A,data/reports/stage28a_discovery_factory_batch_runner/stage28a_exact_trades.csv,volatility_transition_v1,vol_trans_follow_h1_high_cooling_h13_tp06_sl065,-1.5391749999999775,-2.5891749999999774,-3.289174999999977,0,0,0,0,2.5891749999999774,30.559999999999945,4.790000000000191,0.6847599164926601,7.9500000000000455,0.21509433962264485,2.310000000000173,3.4075000000000046,0.388,-1.0,,,13,2,7.0,2023
2023-07-20 13:00:00+00:00|-1.0|vol_trans_follow_h1_high_cooling_h13_tp06_sl065,2023-07-20 13:00:00+00:00,STAGE28A,data/reports/stage28a_discovery_factory_batch_runner/stage28a_exact_trades.csv,volatility_transition_v1,vol_trans_follow_h1_high_cooling_h13_tp06_sl065,0.8977000000001226,-0.1522999999998773,-0.852299999999877,0,0,0,0,0.1522999999998773,11.170000000000073,11.850000000000136,0.6607594936708915,7.610000000000127,0.5611038107753138,1.7699999999999818,3.2790000000000417,0.252,-1.0,,,13,3,7.0,2023
2023-07-21 13:00:00+00:00|1.0|vol_trans_follow_h1_high_cooling_h13_tp06_sl065,2023-07-21 13:00:00+00:00,STAGE28A,data/reports/stage28a_discovery_factory_batch_runner/stage28a_exact_trades.csv,volatility_transition_v1,vol_trans_follow_h1_high_cooling_h13_tp06_sl065,0.8782000000000153,-0.1717999999999846,-0.8717999999999844,0,0,0,0,0.1717999999999846,22.090000000000146,3.8600000000001273,0.0984455958548884,11.100000000000136,0.5630630630630561,3.5,3.1629999999999994,0.188,1.0,,,13,4,7.0,2023
2023-07-24 13:00:00+00:00|1.0|vol_trans_follow_h1_high_cooling_h13_tp06_sl065,2023-07-24 13:00:00+00:00,STAGE28A,data/reports/stage28a_discovery_factory_batch_runner/stage28a_exact_trades.csv,volatility_transition_v1,vol_trans_follow_h1_high_cooling_h13_tp06_sl065,-1.6135999999999968,-2.6635999999999966,-3.3635999999999964,0,0,0,0,2.6635999999999966,2.3999999999998636,3.759999999999991,0.4840425531914736,8.310000000000173,0.6413959085439283,6.720000000000027,3.1964999999999804,0.212,1.0,,,13,0,7.0,2023
2023-07-25 13:00:00+00:00|-1.0|vol_trans_follow_h1_high_cooling_h13_tp06_sl065,2023-07-25 13:00:00+00:00,STAGE28A,data/reports/stage28a_discovery_factory_batch_runner/stage28a_exact_trades.csv,volatility_transition_v1,vol_trans_follow_h1_high_cooling_h13_tp06_sl065,0.8155000000000655,-0.2344999999999344,-0.9344999999999342,0,0,0,0,0.2344999999999344,14.429999999999836,10.349999999999909,0.6434782608695568,4.730000000000018,0.12262156448201375,2.4200000000000728,2.896000000000015,0.1,-1.0,,,13,1,7.0,2023
2023-07-26 13:00:00+00:00|-1.0|vol_trans_follow_h1_high_cooling_h13_tp06_sl065,2023-07-26 13:00:00+00:00,STAGE28A,data/reports/stage28a_discovery_factory_batch_runner/stage28a_exact_trades.csv,volatility_transition_v1,vol_trans_follow_h1_high_cooling_h13_tp06_sl065,0.5259999999999764,-0.5240000000000236,-1.2240000000000233,0,0,0,0,0.5240000000000236,14.290000000000191,4.230000000000018,0.14184397163118356,10.13000000000011,0.7423494570582331,1.4500000000000455,2.803500000000008,0.064,-1.0,,,13,2,7.0,2023
2023-07-27 13:00:00+00:00|-1.0|vol_trans_follow_h1_high_cooling_h13_tp06_sl065,2023-07-27 13:00:00+00:00,STAGE28A,data/reports/stage28a_discovery_factory_batch_runner/stage28a_exact_trades.csv,volatility_transition_v1,vol_trans_follow_h1_high_cooling_h13_tp06_sl065,-1.6779500000001009,-2.7279500000001007,-3.4279500000001004,0,0,0,0,2.7279500000001007,16.339999999999918,11.230000000000018,0.40783615316118854,8.529999999999973,0.30480656506449527,4.529999999999973,4.3784999999999625,0.956,-1.0,,,13,3,7.0,2023
2023-07-28 13:00:00+00:00|1.0|vol_trans_follow_h1_high_cooling_h13_tp06_sl065,2023-07-28 13:00:00+00:00,STAGE28A,data/reports/stage28a_discovery_factory_batch_runner/stage28a_exact_trades.csv,volatility_transition_v1,vol_trans_follow_h1_high_cooling_h13_tp06_sl065,-1.6535750000001372,-2.703575000000137,-3.403575000000137,0,0,0,0,2.703575000000137,39.559999999999945,9.389999999999873,0.7816826411075873,8.8900000000001,0.2598425196850303,5.400000000000091,3.9145000000000096,0.736,1.0,,,13,4,7.0,2023
2023-07-31 13:00:00+00:00|1.0|vol_trans_follow_h1_high_cooling_h13_tp06_sl065,2023-07-31 13:00:00+00:00,STAGE28A,data/reports/stage28a_discovery_factory_batch_runner/stage28a_exact_trades.csv,volatility_transition_v1,vol_trans_follow_h1_high_cooling_h13_tp06_sl065,0.6210999999999786,-0.4289000000000214,-1.128900000000021,0,0,0,0,0.4289000000000214,2.269999999999982,6.829999999999927,0.806734992679363,6.0499999999999545,0.3884297520661036,3.8900000000001,3.086000000000058,0.136,1.0,,,13,0,7.0,2023
2023-08-01 13:00:00+00:00|1.0|vol_trans_follow_h1_high_cooling_h13_tp06_sl065,2023-08-01 13:00:00+00:00,STAGE28A,data/reports/stage28a_discovery_factory_batch_runner/stage28a_exact_trades.csv,volatility_transition_v1,vol_trans_follow_h1_high_cooling_h13_tp06_sl065,-1.2990000000000692,-2.349000000000069,-3.0490000000000688,0,0,0,0,2.349000000000069,21.22999999999979,7.0,0.4914285714285792,7.980000000000018,0.6741854636591316,2.009999999999991,2.770000000000016,0.048,1.0,,,13,1,8.0,2023
2023-08-02 13:00:00+00:00|-1.0|vol_trans_follow_h1_high_cooling_h13_tp06_sl065,2023-08-02 13:00:00+00:00,STAGE28A,data/reports/stage28a_discovery_factory_batch_runner/stage28a_exact_trades.csv,volatility_transition_v1,vol_trans_follow_h1_high_cooling_h13_tp06_sl065,-1.4150250000001052,-2.465025000000105,-3.165025000000105,0,0,0,0,2.465025000000105,24.850000000000136,8.789999999999964,0.2104664391353975,6.620000000000118,0.055891238670711725,2.9400000000000546,3.4225000000000363,0.328,-1.0,,,13,2,8.0,2023
2023-08-03 13:00:00+00:00|-1.0|vol_trans_follow_h1_high_cooling_h13_tp06_sl065,2023-08-03 13:00:00+00:00,STAGE28A,data/reports/stage28a_discovery_factory_batch_runner/stage28a_exact_trades.csv,volatility_transition_v1,vol_trans_follow_h1_high_cooling_h13_tp06_sl065,-1.5940999999998895,-2.6440999999998893,-3.344099999999889,0,0,0,0,2.6440999999998893,21.810000000000173,5.089999999999918,0.17681728880154776,7.5,0.15333333333331514,2.3900000000001,3.321499999999992,0.232,-1.0,,,13,3,8.0,2023
2023-08-04 13:00:00+00:00|1.0|vol_trans_follow_h1_high_cooling_h13_tp06_sl065,2023-08-04 13:00:00+00:00,STAGE28A,data/reports/stage28a_discovery_factory_batch_runner/stage28a_exact_trades.csv,volatility_transition_v1,vol_trans_follow_h1_high_cooling_h13_tp06_sl065,0.538300000000072,-0.5116999999999279,-1.2116999999999276,0,0,0,0,0.5116999999999279,9.400000000000091,4.379999999999882,0.052511415525119724,5.3599999999999,0.3264925373134389,1.990000000000009,2.6965000000000146,0.032,1.0,,,13,4,8.0,2023
2023-08-07 13:00:00+00:00|-1.0|vol_trans_follow_h1_high_cooling_h13_tp06_sl065,2023-08-07 13:00:00+00:00,STAGE28A,data/reports/stage28a_discovery_factory_batch_runner/stage28a_exact_trades.csv,volatility_transition_v1,vol_trans_follow_h1_high_cooling_h13_tp06_sl065,0.5818000000000666,-0.4681999999999333,-1.168199999999933,0,0,0,0,0.4681999999999333,4.6400000000001,8.450000000000045,0.5254437869822521,5.220000000000027,0.9501915708812281,3.400000000000091,2.9834999999999923,0.092,-1.0,,,13,0,8.0,2023
2023-08-08 13:00:00+00:00|-1.0|vol_trans_follow_h1_high_cooling_h13_tp06_sl065,2023-08-08 13:00:00+00:00,STAGE28A,data/reports/stage28a_discovery_factory_batch_runner/stage28a_exact_trades.csv,volatility_transition_v1,vol_trans_follow_h1_high_cooling_h13_tp06_sl065,-1.4647499999999585,-2.514749999999958,-3.214749999999958,0,0,0,0,2.514749999999958,15.170000000000073,6.919999999999845,0.42774566473986636,5.420000000000073,0.3487084870848427,2.880000000000109,2.794000000000017,0.056,-1.0,,,13,1,8.0,2023
2023-08-09 13:00:00+00:00|-1.0|vol_trans_follow_h1_high_cooling_h13_tp06_sl065,2023-08-09 13:00:00+00:00,STAGE28A,data/reports/stage28a_discovery_factory_batch_runner/stage28a_exact_trades.csv,volatility_transition_v1,vol_trans_follow_h1_high_cooling_h13_tp06_sl065,0.4389999999999873,-0.6110000000000126,-1.3110000000000124,0,0,0,0,0.6110000000000126,15.22999999999979,6.5900000000001455,0.7799696509863409,6.440000000000055,0.6024844720497012,2.4700000000000273,2.55300000000002,0.028,-1.0,,,13,2,8.0,2023
2023-08-10 13:00:00+00:00|1.0|vol_trans_follow_h1_high_cooling_h13_tp06_sl065,2023-08-10 13:00:00+00:00,STAGE28A,data/reports/stage28a_discovery_factory_batch_runner/stage28a_exact_trades.csv,volatility_transition_v1,vol_trans_follow_h1_high_cooling_h13_tp06_sl065,0.5859999999999218,-0.4640000000000781,-1.164000000000078,0,0,0,0,0.4640000000000781,18.330000000000155,4.660000000000082,0.5021459227467547,6.099999999999909,0.377049180327867,2.4600000000000364,2.702999999999997,0.048,1.0,,,13,3,8.0,2023
2023-08-11 13:00:00+00:00|-1.0|vol_trans_follow_h1_high_cooling_h13_tp06_sl065,2023-08-11 13:00:00+00:00,STAGE28A,data/reports/stage28a_discovery_factory_batch_runner/stage28a_exact_trades.csv,volatility_transition_v1,vol_trans_follow_h1_high_cooling_h13_tp06_sl065,-1.1927249999999732,-2.242724999999973,-2.9427249999999727,0,0,0,0,2.242724999999973,17.99000000000001,5.129999999999882,0.3781676413255554,7.240000000000009,0.46685082872926487,2.7000000000000455,3.1319999999999935,0.288,-1.0,,,13,4,8.0,2023
2023-08-14 13:00:00+00:00|-1.0|vol_trans_follow_h1_high_cooling_h13_tp06_sl065,2023-08-14 13:00:00+00:00,STAGE28A,data/reports/stage28a_discovery_factory_batch_runner/stage28a_exact_trades.csv,volatility_transition_v1,vol_trans_follow_h1_high_cooling_h13_tp06_sl065,-1.275275000000056,-2.325275000000056,-3.025275000000056,0,0,0,0,2.325275000000056,2.990000000000009,5.099999999999909,0.18235294117648632,5.559999999999945,0.24280575539566948,2.1800000000000637,2.765499999999997,0.1,-1.0,,,13,0,8.0,2023
2023-08-15 13:00:00+00:00|1.0|vol_trans_follow_h1_high_cooling_h13_tp06_sl065,2023-08-15 13:00:00+00:00,STAGE28A,data/reports/stage28a_discovery_factory_batch_runner/stage28a_exact_trades.csv,volatility_transition_v1,vol_trans_follow_h1_high_cooling_h13_tp06_sl065,-1.2694250000000469,-2.3194250000000465,-3.019425000000046,0,0,0,0,2.3194250000000465,13.519999999999982,4.5,0.015555555555541408,4.460000000000036,0.5874439461883625,2.0299999999999727,2.701000000000022,0.08,1.0,,,13,1,8.0,2023
2023-08-16 13:00:00+00:00|1.0|vol_trans_follow_h1_high_cooling_h13_tp06_sl065,2023-08-16 13:00:00+00:00,STAGE28A,data/reports/stage28a_discovery_factory_batch_runner/stage28a_exact_trades.csv,volatility_transition_v1,vol_trans_follow_h1_high_cooling_h13_tp06_sl065,-1.101725000000079,-2.1517250000000785,-2.8517250000000782,0,0,0,0,2.1517250000000785,15.230000000000018,5.009999999999991,0.5209580838323616,4.4500000000000455,0.45168539325842033,1.9600000000000364,2.6745000000000116,0.076,1.0,,,13,2,8.0,2023
2023-08-17 13:00:00+00:00|1.0|vol_trans_follow_h1_high_cooling_h13_tp06_sl065,2023-08-17 13:00:00+00:00,STAGE28A,data/reports/stage28a_discovery_factory_batch_runner/stage28a_exact_trades.csv,volatility_transition_v1,vol_trans_follow_h1_high_cooling_h13_tp06_sl065,-1.2252250000000005,-2.2752250000000003,-2.975225,0,0,0,0,2.2752250000000003,15.420000000000073,5.419999999999845,0.30442804428046827,5.570000000000164,0.45960502692995875,1.6600000000000819,2.7180000000000177,0.132,1.0,,,13,3,8.0,2023
2023-08-18 13:00:00+00:00|1.0|vol_trans_follow_h1_high_cooling_h13_tp06_sl065,2023-08-18 13:00:00+00:00,STAGE28A,data/reports/stage28a_discovery_factory_batch_runner/stage28a_exact_trades.csv,volatility_transition_v1,vol_trans_follow_h1_high_cooling_h13_tp06_sl065,-1.2167749999999615,-2.2667749999999613,-2.966774999999961,0,0,0,0,2.2667749999999613,18.539999999999964,6.210000000000036,0.4541062801932238,2.9199999999998454,0.04452054794516735,1.4700000000000273,2.649499999999989,0.096,1.0,,,13,4,8.0,2023
2023-08-21 13:00:00+00:00|1.0|vol_trans_follow_h1_high_cooling_h13_tp06_sl065,2023-08-21 13:00:00+00:00,STAGE28A,data/reports/stage28a_discovery_factory_batch_runner/stage28a_exact_trades.csv,volatility_transition_v1,vol_trans_follow_h1_high_cooling_h13_tp06_sl065,-1.340600000000086,-2.3906000000000858,-3.090600000000085,0,0,0,0,2.3906000000000858,2.060000000000173,8.830000000000155,0.15288788221971833,6.619999999999891,0.32326283987917453,2.6200000000001182,2.987000000000023,0.408,1.0,,,13,0,8.0,2023
2023-08-22 13:00:00+00:00|1.0|vol_trans_follow_h1_high_cooling_h13_tp06_sl065,2023-08-22 13:00:00+00:00,STAGE28A,data/reports/stage28a_discovery_factory_batch_runner/stage28a_exact_trades.csv,volatility_transition_v1,vol_trans_follow_h1_high_cooling_h13_tp06_sl065,-1.4303000000000794,-2.480300000000079,-3.180300000000079,0,0,0,0,2.480300000000079,14.160000000000082,3.6100000000001273,0.2576177285318645,9.980000000000018,0.6863727454909716,4.329999999999927,2.81700000000003,0.224,1.0,,,13,1,8.0,2023
2023-08-23 13:00:00+00:00|-1.0|vol_trans_follow_h1_high_cooling_h13_tp06_sl065,2023-08-23 13:00:00+00:00,STAGE28A,data/reports/stage28a_discovery_factory_batch_runner/stage28a_exact_trades.csv,volatility_transition_v1,vol_trans_follow_h1_high_cooling_h13_tp06_sl065,0.5811999999999898,-0.4688000000000101,-1.1688000000000098,0,0,0,0,0.4688000000000101,15.450000000000045,5.879999999999882,0.6309523809523998,4.910000000000082,0.25050916496944964,3.3500000000001364,2.1565000000000283,0.004,-1.0,,,13,2,8.0,2023
2023-08-24 13:00:00+00:00|-1.0|vol_trans_follow_h1_high_cooling_h13_tp06_sl065,2023-08-24 13:00:00+00:00,STAGE28A,data/reports/stage28a_discovery_factory_batch_runner/stage28a_exact_trades.csv,volatility_transition_v1,vol_trans_follow_h1_high_cooling_h13_tp06_sl065,0.53799999999992,-0.51200000000008,-1.2120000000000797,0,0,0,0,0.51200000000008,23.429999999999836,6.710000000000036,0.5722801788375744,3.6400000000001,0.36263736263739765,1.7100000000000364,2.21899999999996,0.024,-1.0,,,13,3,8.0,2023
2023-08-25 13:00:00+00:00|1.0|vol_trans_follow_h1_high_cooling_h13_tp06_sl065,2023-08-25 13:00:00+00:00,STAGE28A,data/reports/stage28a_discovery_factory_batch_runner/stage28a_exact_trades.csv,volatility_transition_v1,vol_trans_follow_h1_high_cooling_h13_tp06_sl065,0.493599999999924,-0.556400000000076,-1.2564000000000757,0,0,0,0,0.556400000000076,11.639999999999873,4.470000000000027,0.7919463087248192,5.199999999999818,0.5307692307692475,2.8299999999999272,2.3150000000000093,0.048,1.0,,,13,4,8.0,2023
2023-08-28 13:00:00+00:00|-1.0|vol_trans_follow_h1_high_cooling_h13_tp06_sl065,2023-08-28 13:00:00+00:00,STAGE28A,data/reports/stage28a_discovery_factory_batch_runner/stage28a_exact_trades.csv,volatility_transition_v1,vol_trans_follow_h1_high_cooling_h13_tp06_sl065,-1.113099999999895,-2.1630999999998948,-2.8630999999998945,0,0,0,0,2.1630999999998948,1.490000000000009,3.0700000000001637,0.4364820846905038,4.259999999999991,0.5023474178403468,1.8199999999999363,3.1135000000000104,0.524,-1.0,,,13,0,8.0,2023
2023-08-29 13:00:00+00:00|1.0|vol_trans_follow_h1_high_cooling_h13_tp06_sl065,2023-08-29 13:00:00+00:00,STAGE28A,data/reports/stage28a_discovery_factory_batch_runner/stage28a_exact_trades.csv,volatility_transition_v1,vol_trans_follow_h1_high_cooling_h13_tp06_sl065,0.3427000000000589,-0.707299999999941,-1.4072999999999407,0,0,0,0,0.707299999999941,13.430000000000064,6.25,0.7584000000000014,3.9300000000000637,0.2646310432569839,1.9200000000000728,2.336000000000047,0.092,1.0,,,13,1,8.0,2023
2023-08-30 13:00:00+00:00|1.0|vol_trans_follow_h1_high_cooling_h13_tp06_sl065,2023-08-30 13:00:00+00:00,STAGE28A,data/reports/stage28a_discovery_factory_batch_runner/stage28a_exact_trades.csv,volatility_transition_v1,vol_trans_follow_h1_high_cooling_h13_tp06_sl065,0.3628000000000156,-0.6871999999999843,-1.387199999999984,0,0,0,0,0.6871999999999843,23.829999999999927,2.2799999999999727,0.17543859649127005,3.75,0.3466666666666545,2.8200000000001637,2.5104999999999906,0.164,1.0,,,13,2,8.0,2023
2023-08-31 13:00:00+00:00|1.0|vol_trans_follow_h1_high_cooling_h13_tp06_sl065,2023-08-31 13:00:00+00:00,STAGE28A,data/reports/stage28a_discovery_factory_batch_runner/stage28a_exact_trades.csv,volatility_transition_v1,vol_trans_follow_h1_high_cooling_h13_tp06_sl065,0.2377000000000407,-0.8122999999999592,-1.512299999999959,0,0,0,0,0.8122999999999592,14.009999999999991,6.100000000000136,0.08360655737704582,3.089999999999918,0.11650485436890275,1.4800000000000182,1.9180000000000177,0.016,1.0,,,13,3,8.0,2023
2023-09-01 13:00:00+00:00|1.0|vol_trans_follow_h1_high_cooling_h13_tp06_sl065,2023-09-01 13:00:00+00:00,STAGE28A,data/reports/stage28a_discovery_factory_batch_runner/stage28a_exact_trades.csv,volatility_transition_v1,vol_trans_follow_h1_high_cooling_h13_tp06_sl065,-1.000000000000091,-2.050000000000091,-2.7500000000000906,0,0,0,0,2.050000000000091,8.789999999999964,5.3900000000001,0.20222634508351117,6.300000000000182,0.8380952380952096,1.5900000000001455,2.213500000000033,0.116,1.0,,,13,4,9.0,2023
2023-09-04 13:00:00+00:00|-1.0|vol_trans_follow_h1_high_cooling_h13_tp06_sl065,2023-09-04 13:00:00+00:00,STAGE28A,data/reports/stage28a_discovery_factory_batch_runner/stage28a_exact_trades.csv,volatility_transition_v1,vol_trans_follow_h1_high_cooling_h13_tp06_sl065,0.3150999999999385,-0.7349000000000614,-1.4349000000000611,0,0,0,0,0.7349000000000614,1.0,6.720000000000027,0.8005952380952173,5.430000000000064,0.7219152854511601,3.410000000000082,2.390000000000009,0.204,-1.0,,,13,0,9.0,2023
2023-09-05 13:00:00+00:00|-1.0|vol_trans_follow_h1_high_cooling_h13_tp06_sl065,2023-09-05 13:00:00+00:00,STAGE28A,data/reports/stage28a_discovery_factory_batch_runner/stage28a_exact_trades.csv,volatility_transition_v1,vol_trans_follow_h1_high_cooling_h13_tp06_sl065,0.4222000000001117,-0.6277999999998882,-1.327799999999888,0,0,0,0,0.6277999999998882,9.470000000000027,3.8600000000001273,0.3056994818652914,8.319999999999936,0.7439903846153696,2.9200000000000728,1.7990000000000124,0.064,-1.0,,,13,1,9.0,2023
2023-09-06 13:00:00+00:00|1.0|vol_trans_follow_h1_high_cooling_h13_tp06_sl065,2023-09-06 13:00:00+00:00,STAGE28A,data/reports/stage28a_discovery_factory_batch_runner/stage28a_exact_trades.csv,volatility_transition_v1,vol_trans_follow_h1_high_cooling_h13_tp06_sl065,-1.2671499999999924,-2.3171499999999923,-3.017149999999992,0,0,0,0,2.3171499999999923,13.569999999999936,2.7200000000000273,0.05882352941179421,5.8599999999999,0.2030716723549616,2.759999999999991,1.8785000000000196,0.092,1.0,,,13,2,9.0,2023
2023-09-07 13:00:00+00:00|1.0|vol_trans_follow_h1_high_cooling_h13_tp06_sl065,2023-09-07 13:00:00+00:00,STAGE28A,data/reports/stage28a_discovery_factory_batch_runner/stage28a_exact_trades.csv,volatility_transition_v1,vol_trans_follow_h1_high_cooling_h13_tp06_sl065,-1.078650000000016,-2.128650000000016,-2.828650000000016,0,0,0,0,2.128650000000016,13.889999999999873,4.419999999999845,0.5769230769230869,3.400000000000091,0.03529411764709266,1.9500000000000455,2.5085000000000037,0.464,1.0,,,13,3,9.0,2023
2023-09-08 13:00:00+00:00|1.0|vol_trans_follow_h1_high_cooling_h13_tp06_sl065,2023-09-08 13:00:00+00:00,STAGE28A,data/reports/stage28a_discovery_factory_batch_runner/stage28a_exact_trades.csv,volatility_transition_v1,vol_trans_follow_h1_high_cooling_h13_tp06_sl065,0.2925999999999021,-0.7574000000000978,-1.4574000000000975,0,0,0,0,0.7574000000000978,7.3599999999999,8.149999999999864,0.6343558282208506,3.8600000000001273,0.07512953367874457,1.9200000000000728,2.1760000000000104,0.228,1.0,,,13,4,9.0,2023
2023-09-11 13:00:00+00:00|-1.0|vol_trans_follow_h1_high_cooling_h13_tp06_sl065,2023-09-11 13:00:00+00:00,STAGE28A,data/reports/stage28a_discovery_factory_batch_runner/stage28a_exact_trades.csv,volatility_transition_v1,vol_trans_follow_h1_high_cooling_h13_tp06_sl065,-1.307450000000108,-2.357450000000108,-3.057450000000108,0,0,0,0,2.357450000000108,2.5599999999999454,7.430000000000064,0.6850605652759222,7.740000000000009,0.2777777777777598,2.6800000000000637,2.819999999999993,0.692,-1.0,,,13,0,9.0,2023
2023-09-12 13:00:00+00:00|-1.0|vol_trans_follow_h1_high_cooling_h13_tp06_sl065,2023-09-12 13:00:00+00:00,STAGE28A,data/reports/stage28a_discovery_factory_batch_runner/stage28a_exact_trades.csv,volatility_transition_v1,vol_trans_follow_h1_high_cooling_h13_tp06_sl065,0.2269000000000233,-0.8230999999999766,-1.5230999999999764,0,0,0,0,0.8230999999999766,14.0,4.029999999999973,0.2853598014888018,5.920000000000073,0.7854729729729403,1.4700000000000273,2.043000000000018,0.164,-1.0,,,13,1,9.0,2023
2023-09-13 13:00:00+00:00|-1.0|vol_trans_follow_h1_high_cooling_h13_tp06_sl065,2023-09-13 13:00:00+00:00,STAGE28A,data/reports/stage28a_discovery_factory_batch_runner/stage28a_exact_trades.csv,volatility_transition_v1,vol_trans_follow_h1_high_cooling_h13_tp06_sl065,-1.1131000000001223,-2.163100000000122,-2.863100000000122,0,0,0,0,2.163100000000122,16.910000000000082,5.6400000000001,0.6790780141843722,4.369999999999891,0.3729977116705148,1.7200000000000273,2.210000000000048,0.224,-1.0,,,13,2,9.0,2023
2023-09-14 13:00:00+00:00|-1.0|vol_trans_follow_h1_high_cooling_h13_tp06_sl065,2023-09-14 13:00:00+00:00,STAGE28A,data/reports/stage28a_discovery_factory_batch_runner/stage28a_exact_trades.csv,volatility_transition_v1,vol_trans_follow_h1_high_cooling_h13_tp06_sl065,0.3051999999999225,-0.7448000000000774,-1.4448000000000771,0,0,0,0,0.7448000000000774,10.190000000000055,5.3599999999999,0.15671641791043542,5.760000000000218,0.5711805555555276,1.4800000000000182,2.3125,0.28,-1.0,,,13,3,9.0,2023
2023-09-18 13:00:00+00:00|1.0|vol_trans_follow_h1_high_cooling_h13_tp06_sl065,2023-09-18 13:00:00+00:00,STAGE28A,data/reports/stage28a_discovery_factory_batch_runner/stage28a_exact_trades.csv,volatility_transition_v1,vol_trans_follow_h1_high_cooling_h13_tp06_sl065,0.3558999999999287,-0.6941000000000712,-1.394100000000071,0,0,0,0,0.6941000000000712,1.2699999999999818,6.9500000000000455,0.7381294964028886,5.480000000000018,0.3357664233576897,1.4100000000000819,2.294500000000005,0.236,1.0,,,13,0,9.0,2023
2023-09-19 13:00:00+00:00|1.0|vol_trans_follow_h1_high_cooling_h13_tp06_sl065,2023-09-19 13:00:00+00:00,STAGE28A,data/reports/stage28a_discovery_factory_batch_runner/stage28a_exact_trades.csv,volatility_transition_v1,vol_trans_follow_h1_high_cooling_h13_tp06_sl065,0.2571999999999207,-0.7928000000000792,-1.492800000000079,0,0,0,0,0.7928000000000792,11.730000000000018,2.8200000000001637,0.4893617021275892,5.589999999999918,0.5348837209302013,1.7799999999999727,1.9490000000000123,0.08,1.0,,,13,1,9.0,2023
2023-09-20 13:00:00+00:00|1.0|vol_trans_follow_h1_high_cooling_h13_tp06_sl065,2023-09-20 13:00:00+00:00,STAGE28A,data/reports/stage28a_discovery_factory_batch_runner/stage28a_exact_trades.csv,volatility_transition_v1,vol_trans_follow_h1_high_cooling_h13_tp06_sl065,-1.0783250000000408,-2.1283250000000407,-2.8283250000000404,0,0,0,0,2.1283250000000407,7.619999999999891,3.9199999999998454,0.30357142857145447,4.3900000000001,0.27107061503417484,2.730000000000018,1.8790000000000304,0.032,1.0,,,13,2,9.0,2023
2023-09-21 13:00:00+00:00|1.0|vol_trans_follow_h1_high_cooling_h13_tp06_sl065,2023-09-21 13:00:00+00:00,STAGE28A,data/reports/stage28a_discovery_factory_batch_runner/stage28a_exact_trades.csv,volatility_transition_v1,vol_trans_follow_h1_high_cooling_h13_tp06_sl065,-1.1719249999999648,-2.2219249999999646,-2.9219249999999644,0,0,0,0,2.2219249999999646,19.519999999999982,7.350000000000136,0.3823129251700535,8.040000000000191,0.4440298507462785,2.3500000000001364,3.428000000000009,0.948,1.0,,,13,3,9.0,2023
2023-09-22 13:00:00+00:00|-1.0|vol_trans_follow_h1_high_cooling_h13_tp06_sl065,2023-09-22 13:00:00+00:00,STAGE28A,data/reports/stage28a_discovery_factory_batch_runner/stage28a_exact_trades.csv,volatility_transition_v1,vol_trans_follow_h1_high_cooling_h13_tp06_sl065,-1.1039999999999055,-2.1539999999999053,-2.853999999999905,0,0,0,0,2.1539999999999053,17.580000000000155,6.259999999999991,0.5782747603834063,5.400000000000091,0.30740740740737527,2.509999999999991,2.41700000000003,0.32,-1.0,,,13,4,9.0,2023
2023-09-25 13:00:00+00:00|1.0|vol_trans_follow_h1_high_cooling_h13_tp06_sl065,2023-09-25 13:00:00+00:00,STAGE28A,data/reports/stage28a_discovery_factory_batch_runner/stage28a_exact_trades.csv,volatility_transition_v1,vol_trans_follow_h1_high_cooling_h13_tp06_sl065,0.5271999999999025,-0.5228000000000974,-1.2228000000000971,0,0,0,0,0.5228000000000974,2.0,3.769999999999982,0.5384615384615338,6.2999999999999545,0.13015873015872098,1.5199999999999818,2.148000000000013,0.22,1.0,,,13,0,9.0,2023
2023-09-26 13:00:00+00:00|-1.0|vol_trans_follow_h1_high_cooling_h13_tp06_sl065,2023-09-26 13:00:00+00:00,STAGE28A,data/reports/stage28a_discovery_factory_batch_runner/stage28a_exact_trades.csv,volatility_transition_v1,vol_trans_follow_h1_high_cooling_h13_tp06_sl065,-1.1982500000000074,-2.248250000000007,-2.948250000000007,0,0,0,0,2.248250000000007,12.0,3.730000000000018,0.7774798927613538,5.860000000000127,0.10238907849831456,1.75,2.2880000000000225,0.348,-1.0,,,13,1,9.0,2023
2023-09-27 13:00:00+00:00|-1.0|vol_trans_follow_h1_high_cooling_h13_tp06_sl065,2023-09-27 13:00:00+00:00,STAGE28A,data/reports/stage28a_discovery_factory_batch_runner/stage28a_exact_trades.csv,volatility_transition_v1,vol_trans_follow_h1_high_cooling_h13_tp06_sl065,-1.233350000000064,-2.283350000000064,-2.983350000000064,0,0,0,0,2.283350000000064,17.690000000000055,4.459999999999809,0.23991031390139228,5.339999999999918,0.8220973782771424,2.0499999999999545,2.484999999999991,0.426,-1.0,,,13,2,9.0,2023
2023-09-28 13:00:00+00:00|1.0|vol_trans_follow_h1_high_cooling_h13_tp06_sl065,2023-09-28 13:00:00+00:00,STAGE28A,data/reports/stage28a_discovery_factory_batch_runner/stage28a_exact_trades.csv,volatility_transition_v1,vol_trans_follow_h1_high_cooling_h13_tp06_sl065,-1.278525000000036,-2.328525000000036,-3.028525000000036,0,0,0,0,2.328525000000036,31.470000000000027,4.350000000000136,0.537931034482723,4.5499999999999545,0.27472527472527747,3.4600000000000364,3.155500000000006,0.792,1.0,,,13,3,9.0,2023
2023-09-29 13:00:00+00:00|1.0|vol_trans_follow_h1_high_cooling_h13_tp06_sl065,2023-09-29 13:00:00+00:00,STAGE28A,data/reports/stage28a_discovery_factory_batch_runner/stage28a_exact_trades.csv,volatility_transition_v1,vol_trans_follow_h1_high_cooling_h13_tp06_sl065,-1.2986749999998666,-2.3486749999998664,-3.048674999999866,0,0,0,0,2.3486749999998664,21.920000000000073,4.319999999999936,0.23379629629635026,10.939999999999827,0.9396709323583304,2.6200000000001182,3.664499999999987,0.9,1.0,,,13,4,9.0,2023
2023-10-04 13:00:00+00:00|-1.0|vol_trans_follow_h1_high_cooling_h13_tp06_sl065,2023-10-04 13:00:00+00:00,STAGE28A,data/reports/stage28a_discovery_factory_batch_runner/stage28a_exact_trades.csv,volatility_transition_v1,vol_trans_follow_h1_high_cooling_h13_tp06_sl065,0.7488999999999578,-0.3011000000000421,-1.0011000000000418,0,0,0,0,0.3011000000000421,18.170000000000073,5.2999999999999545,0.34905660377361364,7.849999999999909,0.1770700636942823,3.1099999999999,3.950000000000023,0.72,-1.0,,,13,2,10.0,2023
2023-10-05 13:00:00+00:00|1.0|vol_trans_follow_h1_high_cooling_h13_tp06_sl065,2023-10-05 13:00:00+00:00,STAGE28A,data/reports/stage28a_discovery_factory_batch_runner/stage28a_exact_trades.csv,volatility_transition_v1,vol_trans_follow_h1_high_cooling_h13_tp06_sl065,-1.306474999999955,-2.356474999999955,-3.0564749999999545,0,0,0,0,2.356474999999955,13.930000000000064,7.940000000000055,0.7607052896725629,9.490000000000009,0.6649104320337134,3.6800000000000637,3.2740000000000236,0.42,1.0,,,13,3,10.0,2023
2023-10-06 13:00:00+00:00|-1.0|vol_trans_follow_h1_high_cooling_h13_tp06_sl065,2023-10-06 13:00:00+00:00,STAGE28A,data/reports/stage28a_discovery_factory_batch_runner/stage28a_exact_trades.csv,volatility_transition_v1,vol_trans_follow_h1_high_cooling_h13_tp06_sl065,0.5074000000000979,-0.542599999999902,-1.2425999999999018,0,0,0,0,0.542599999999902,16.13000000000011,4.75,0.5810526315789455,5.929999999999836,0.5801011804384738,2.270000000000209,2.5350000000000135,0.188,-1.0,,,13,4,10.0,2023
2023-10-10 13:00:00+00:00|-1.0|vol_trans_follow_h1_high_cooling_h13_tp06_sl065,2023-10-10 13:00:00+00:00,STAGE28A,data/reports/stage28a_discovery_factory_batch_runner/stage28a_exact_trades.csv,volatility_transition_v1,vol_trans_follow_h1_high_cooling_h13_tp06_sl065,0.7801000000000841,-0.2698999999999159,-0.9698999999999156,0,0,0,0,0.2698999999999159,19.25999999999999,5.050000000000182,0.20792079207919142,7.339999999999918,0.5640326975477038,2.0499999999999545,3.3339999999999916,0.296,-1.0,,,13,1,10.0,2023
2023-10-11 13:00:00+00:00|1.0|vol_trans_follow_h1_high_cooling_h13_tp06_sl065,2023-10-11 13:00:00+00:00,STAGE28A,data/reports/stage28a_discovery_factory_batch_runner/stage28a_exact_trades.csv,volatility_transition_v1,vol_trans_follow_h1_high_cooling_h13_tp06_sl065,0.7326999999999316,-0.3173000000000683,-1.017300000000068,0,0,0,0,0.3173000000000683,12.330000000000155,2.790000000000191,0.11111111111116544,12.52000000000021,0.831469648562293,2.020000000000209,2.790000000000009,0.056,1.0,,,13,2,10.0,2023
2023-10-12 13:00:00+00:00|1.0|vol_trans_follow_h1_high_cooling_h13_tp06_sl065,2023-10-12 13:00:00+00:00,STAGE28A,data/reports/stage28a_discovery_factory_batch_runner/stage28a_exact_trades.csv,volatility_transition_v1,vol_trans_follow_h1_high_cooling_h13_tp06_sl065,-1.295099999999911,-2.345099999999911,-3.045099999999911,0,0,0,0,2.345099999999911,18.6400000000001,5.0499999999999545,0.6079207920792008,5.900000000000091,0.5610169491525244,2.519999999999982,2.612999999999988,0.016,1.0,,,13,3,10.0,2023
2023-10-13 13:00:00+00:00|1.0|vol_trans_follow_h1_high_cooling_h13_tp06_sl065,2023-10-13 13:00:00+00:00,STAGE28A,data/reports/stage28a_discovery_factory_batch_runner/stage28a_exact_trades.csv,volatility_transition_v1,vol_trans_follow_h1_high_cooling_h13_tp06_sl065,0.7441000000000259,-0.3058999999999741,-1.0058999999999738,0,0,0,0,0.3058999999999741,17.139999999999873,5.779999999999973,0.6868512110726723,14.670000000000073,0.9522835719154709,5.740000000000009,2.820500000000004,0.064,1.0,,,13,4,10.0,2023
2023-10-17 13:00:00+00:00|1.0|vol_trans_follow_h1_high_cooling_h13_tp06_sl065,2023-10-17 13:00:00+00:00,STAGE28A,data/reports/stage28a_discovery_factory_batch_runner/stage28a_exact_trades.csv,volatility_transition_v1,vol_trans_follow_h1_high_cooling_h13_tp06_sl065,-1.5183749999999692,-2.568374999999969,-3.2683749999999687,0,0,0,0,2.568374999999969,22.09999999999991,9.3599999999999,0.22435897435899133,9.639999999999873,0.6390041493775868,4.919999999999845,3.052499999999975,0.132,1.0,,,13,1,10.0,2023
2023-10-25 13:00:00+00:00|-1.0|vol_trans_follow_h1_high_cooling_h13_tp06_sl065,2023-10-25 13:00:00+00:00,STAGE28A,data/reports/stage28a_discovery_factory_batch_runner/stage28a_exact_trades.csv,volatility_transition_v1,vol_trans_follow_h1_high_cooling_h13_tp06_sl065,0.8842000000001008,-0.1657999999998991,-0.8657999999998989,0,0,0,0,0.1657999999998991,27.230000000000018,7.0900000000001455,0.3808180535966135,7.660000000000082,0.4856396866840715,2.519999999999982,3.90450000000003,0.292,-1.0,,,13,2,10.0,2023
2023-10-27 13:00:00+00:00|-1.0|vol_trans_follow_h1_high_cooling_h13_tp06_sl065,2023-10-27 13:00:00+00:00,STAGE28A,data/reports/stage28a_discovery_factory_batch_runner/stage28a_exact_trades.csv,volatility_transition_v1,vol_trans_follow_h1_high_cooling_h13_tp06_sl065,0.6943000000000211,-0.3556999999999788,-1.0556999999999783,0,0,0,0,0.3556999999999788,21.6400000000001,5.900000000000091,0.44406779661014417,4.7000000000000455,0.42340425531914677,2.7100000000000364,3.463499999999999,0.068,-1.0,,,13,4,10.0,2023
2023-10-31 13:00:00+00:00|1.0|vol_trans_follow_h1_high_cooling_h13_tp06_sl065,2023-10-31 13:00:00+00:00,STAGE28A,data/reports/stage28a_discovery_factory_batch_runner/stage28a_exact_trades.csv,volatility_transition_v1,vol_trans_follow_h1_high_cooling_h13_tp06_sl065,0.6541000000001077,-0.3958999999998922,-1.095899999999892,0,0,0,0,0.3958999999998922,15.75,6.7000000000000455,0.38656716417908965,7.740000000000009,0.9470284237725993,3.589999999999918,2.8775000000000093,0.004,1.0,,,13,1,10.0,2023
2023-11-01 13:00:00+00:00|1.0|vol_trans_follow_h1_high_cooling_h13_tp06_sl065,2023-11-01 13:00:00+00:00,STAGE28A,data/reports/stage28a_discovery_factory_batch_runner/stage28a_exact_trades.csv,volatility_transition_v1,vol_trans_follow_h1_high_cooling_h13_tp06_sl065,0.6945999999999458,-0.3554000000000541,-1.055400000000054,0,0,0,0,0.3554000000000541,29.070000000000164,10.86999999999989,0.525298988040487,7.8599999999999,0.7175572519084188,2.0499999999999545,3.884500000000037,0.104,1.0,,,13,2,11.0,2023
2023-11-03 13:00:00+00:00|-1.0|vol_trans_follow_h1_high_cooling_h13_tp06_sl065,2023-11-03 13:00:00+00:00,STAGE28A,data/reports/stage28a_discovery_factory_batch_runner/stage28a_exact_trades.csv,volatility_transition_v1,vol_trans_follow_h1_high_cooling_h13_tp06_sl065,-1.385450000000083,-2.4354500000000825,-3.1354500000000822,0,0,0,0,2.4354500000000825,12.200000000000045,4.599999999999909,0.09565217391305723,5.789999999999964,0.44559585492227005,2.7200000000000273,2.75,0.004,-1.0,,,13,4,11.0,2023
2023-11-06 13:00:00+00:00|1.0|vol_trans_follow_h1_high_cooling_h13_tp06_sl065,2023-11-06 13:00:00+00:00,STAGE28A,data/reports/stage28a_discovery_factory_batch_runner/stage28a_exact_trades.csv,volatility_transition_v1,vol_trans_follow_h1_high_cooling_h13_tp06_sl065,-1.3275999999999386,-2.3775999999999384,-3.077599999999938,0,0,0,0,2.3775999999999384,5.789999999999964,11.179999999999836,0.42397137745975655,6.1099999999999,0.5908346972176692,2.119999999999891,3.755499999999972,0.208,1.0,,,13,0,11.0,2023
2023-11-07 13:00:00+00:00|-1.0|vol_trans_follow_h1_high_cooling_h13_tp06_sl065,2023-11-07 13:00:00+00:00,STAGE28A,data/reports/stage28a_discovery_factory_batch_runner/stage28a_exact_trades.csv,volatility_transition_v1,vol_trans_follow_h1_high_cooling_h13_tp06_sl065,0.7092999999998938,-0.3407000000001061,-1.040700000000106,0,0,0,0,0.3407000000001061,16.519999999999982,7.3599999999999,0.7228260869565538,10.039999999999964,0.5149402390438111,2.5499999999999545,2.810999999999967,0.024,-1.0,,,13,1,11.0,2023
2023-11-08 13:00:00+00:00|-1.0|vol_trans_follow_h1_high_cooling_h13_tp06_sl065,2023-11-08 13:00:00+00:00,STAGE28A,data/reports/stage28a_discovery_factory_batch_runner/stage28a_exact_trades.csv,volatility_transition_v1,vol_trans_follow_h1_high_cooling_h13_tp06_sl065,0.7387000000000171,-0.3112999999999828,-1.0112999999999823,0,0,0,0,0.3112999999999828,21.62999999999988,3.6900000000000546,0.3685636856368854,9.5,0.5821052631578919,5.8900000000001,2.8899999999999864,0.056,-1.0,,,13,2,11.0,2023
2023-11-09 13:00:00+00:00|1.0|vol_trans_follow_h1_high_cooling_h13_tp06_sl065,2023-11-09 13:00:00+00:00,STAGE28A,data/reports/stage28a_discovery_factory_batch_runner/stage28a_exact_trades.csv,volatility_transition_v1,vol_trans_follow_h1_high_cooling_h13_tp06_sl065,-1.3906499999999142,-2.440649999999914,-3.140649999999914,0,0,0,0,2.440649999999914,23.529999999999973,6.889999999999873,0.18867924528301575,5.990000000000009,0.40066777963273575,3.1700000000000728,3.483500000000004,0.224,1.0,,,13,3,11.0,2023
2023-11-10 13:00:00+00:00|1.0|vol_trans_follow_h1_high_cooling_h13_tp06_sl065,2023-11-10 13:00:00+00:00,STAGE28A,data/reports/stage28a_discovery_factory_batch_runner/stage28a_exact_trades.csv,volatility_transition_v1,vol_trans_follow_h1_high_cooling_h13_tp06_sl065,0.6568000000001121,-0.3931999999998878,-1.0931999999998876,0,0,0,0,0.3931999999998878,21.11999999999989,4.360000000000127,0.300458715596309,6.629999999999882,0.5505279034691035,2.869999999999891,3.377499999999975,0.196,1.0,,,13,4,11.0,2023
2023-11-14 13:00:00+00:00|-1.0|vol_trans_follow_h1_high_cooling_h13_tp06_sl065,2023-11-14 13:00:00+00:00,STAGE28A,data/reports/stage28a_discovery_factory_batch_runner/stage28a_exact_trades.csv,volatility_transition_v1,vol_trans_follow_h1_high_cooling_h13_tp06_sl065,0.3774999999999636,-0.6725000000000363,-1.372500000000036,0,0,0,0,0.6725000000000363,31.539999999999964,4.509999999999991,0.38802660753880347,4.4500000000000455,0.4898876404493964,1.900000000000091,2.572500000000025,0.008,-1.0,,,13,1,11.0,2023
2023-11-15 13:00:00+00:00|1.0|vol_trans_follow_h1_high_cooling_h13_tp06_sl065,2023-11-15 13:00:00+00:00,STAGE28A,data/reports/stage28a_discovery_factory_batch_runner/stage28a_exact_trades.csv,volatility_transition_v1,vol_trans_follow_h1_high_cooling_h13_tp06_sl065,0.6613000000001193,-0.3886999999998806,-1.0886999999998803,0,0,0,0,0.3886999999998806,33.81000000000017,6.400000000000091,0.7859374999999845,8.25,0.6848484848484683,2.8299999999999272,2.5545000000000186,0.016,1.0,,,13,2,11.0,2023
2023-11-16 13:00:00+00:00|-1.0|vol_trans_follow_h1_high_cooling_h13_tp06_sl065,2023-11-16 13:00:00+00:00,STAGE28A,data/reports/stage28a_discovery_factory_batch_runner/stage28a_exact_trades.csv,volatility_transition_v1,vol_trans_follow_h1_high_cooling_h13_tp06_sl065,0.4881999999999152,-0.5618000000000847,-1.2618000000000844,0,0,0,0,0.5618000000000847,19.699999999999818,6.079999999999927,0.35526315789475454,6.4500000000000455,0.3968992248061903,2.0599999999999454,2.8094999999999914,0.084,-1.0,,,13,3,11.0,2023
2023-11-17 13:00:00+00:00|1.0|vol_trans_follow_h1_high_cooling_h13_tp06_sl065,2023-11-17 13:00:00+00:00,STAGE28A,data/reports/stage28a_discovery_factory_batch_runner/stage28a_exact_trades.csv,volatility_transition_v1,vol_trans_follow_h1_high_cooling_h13_tp06_sl065,0.7801000000000841,-0.2698999999999159,-0.9698999999999156,0,0,0,0,0.2698999999999159,31.529999999999973,6.4099999999998545,0.5351014040561843,10.810000000000173,0.5383903792784314,2.800000000000182,3.22349999999999,0.224,1.0,,,13,4,11.0,2023
2023-11-20 13:00:00+00:00|-1.0|vol_trans_follow_h1_high_cooling_h13_tp06_sl065,2023-11-20 13:00:00+00:00,STAGE28A,data/reports/stage28a_discovery_factory_batch_runner/stage28a_exact_trades.csv,volatility_transition_v1,vol_trans_follow_h1_high_cooling_h13_tp06_sl065,-1.591175000000112,-2.641175000000112,-3.341175000000112,0,0,0,0,2.641175000000112,4.460000000000036,11.800000000000182,0.5805084745762545,8.240000000000009,0.6638349514563132,4.470000000000027,3.6175000000000184,0.38,-1.0,,,13,0,11.0,2023
2023-11-22 13:00:00+00:00|-1.0|vol_trans_follow_h1_high_cooling_h13_tp06_sl065,2023-11-22 13:00:00+00:00,STAGE28A,data/reports/stage28a_discovery_factory_batch_runner/stage28a_exact_trades.csv,volatility_transition_v1,vol_trans_follow_h1_high_cooling_h13_tp06_sl065,0.856000000000131,-0.1939999999998689,-0.8939999999998687,0,0,0,0,0.1939999999998689,30.34999999999991,4.8599999999999,0.0041152263374449015,9.639999999999873,0.19502074688795712,3.3199999999999363,3.366500000000008,0.196,-1.0,,,13,2,11.0,2023
2023-11-23 13:00:00+00:00|-1.0|vol_trans_follow_h1_high_cooling_h13_tp06_sl065,2023-11-23 13:00:00+00:00,STAGE28A,data/reports/stage28a_discovery_factory_batch_runner/stage28a_exact_trades.csv,volatility_transition_v1,vol_trans_follow_h1_high_cooling_h13_tp06_sl065,-1.4104749999999968,-2.4604749999999966,-3.1604749999999964,0,0,0,0,2.4604749999999966,19.419999999999845,9.160000000000082,0.5262008733624586,6.319999999999936,0.2547468354430607,2.6499999999998636,3.5185000000000057,0.22,-1.0,,,13,3,11.0,2023
2023-11-24 13:00:00+00:00|1.0|vol_trans_follow_h1_high_cooling_h13_tp06_sl065,2023-11-24 13:00:00+00:00,STAGE28A,data/reports/stage28a_discovery_factory_batch_runner/stage28a_exact_trades.csv,volatility_transition_v1,vol_trans_follow_h1_high_cooling_h13_tp06_sl065,0.414699999999948,-0.6353000000000519,-1.3353000000000517,0,0,0,0,0.6353000000000519,9.38000000000011,3.4400000000000546,0.11627906976740036,4.259999999999991,0.47652582159623874,1.9099999999998545,1.9805000000000177,0.02,1.0,,,13,4,11.0,2023
2023-11-27 13:00:00+00:00|1.0|vol_trans_follow_h1_high_cooling_h13_tp06_sl065,2023-11-27 13:00:00+00:00,STAGE28A,data/reports/stage28a_discovery_factory_batch_runner/stage28a_exact_trades.csv,volatility_transition_v1,vol_trans_follow_h1_high_cooling_h13_tp06_sl065,0.6546999999999571,-0.3953000000000428,-1.0953000000000426,0,0,0,0,0.3953000000000428,3.6499999999998636,17.639999999999873,0.6031746031746132,6.789999999999964,0.22091310751104684,3.2899999999999636,3.703999999999996,0.452,1.0,,,13,0,11.0,2023
2023-11-28 13:00:00+00:00|-1.0|vol_trans_follow_h1_high_cooling_h13_tp06_sl065,2023-11-28 13:00:00+00:00,STAGE28A,data/reports/stage28a_discovery_factory_batch_runner/stage28a_exact_trades.csv,volatility_transition_v1,vol_trans_follow_h1_high_cooling_h13_tp06_sl065,0.5169999999999618,-0.5330000000000381,-1.2330000000000378,0,0,0,0,0.5330000000000381,17.639999999999873,4.9500000000000455,0.02626262626264807,4.529999999999973,0.09713024282556951,2.75,3.025499999999988,0.232,-1.0,,,13,1,11.0,2023
2023-11-30 13:00:00+00:00|-1.0|vol_trans_follow_h1_high_cooling_h13_tp06_sl065,2023-11-30 13:00:00+00:00,STAGE28A,data/reports/stage28a_discovery_factory_batch_runner/stage28a_exact_trades.csv,volatility_transition_v1,vol_trans_follow_h1_high_cooling_h13_tp06_sl065,-1.6506499999999051,-2.700649999999905,-3.4006499999999047,0,0,0,0,2.700649999999905,16.749999999999773,4.540000000000191,0.0,10.160000000000082,0.6102362204724405,3.759999999999991,3.731000000000063,0.448,-1.0,,,13,3,11.0,2023
2023-12-01 13:00:00+00:00|-1.0|vol_trans_follow_h1_high_cooling_h13_tp06_sl065,2023-12-01 13:00:00+00:00,STAGE28A,data/reports/stage28a_discovery_factory_batch_runner/stage28a_exact_trades.csv,volatility_transition_v1,vol_trans_follow_h1_high_cooling_h13_tp06_sl065,-1.5992999999999484,-2.6492999999999483,-3.349299999999948,0,0,0,0,2.6492999999999483,16.060000000000173,6.800000000000182,0.0073529411764971415,10.539999999999964,0.34345351043642347,3.9200000000000728,3.4109999999999787,0.268,-1.0,,,13,4,12.0,2023
2023-12-07 13:00:00+00:00|-1.0|vol_trans_follow_h1_high_cooling_h13_tp06_sl065,2023-12-07 13:00:00+00:00,STAGE28A,data/reports/stage28a_discovery_factory_batch_runner/stage28a_exact_trades.csv,volatility_transition_v1,vol_trans_follow_h1_high_cooling_h13_tp06_sl065,0.8748999999999342,-0.1751000000000657,-0.8751000000000655,0,0,0,0,0.1751000000000657,18.700000000000045,4.740000000000009,0.21940928270041385,9.889999999999873,0.765419615773512,2.589999999999918,3.713999999999987,0.312,-1.0,,,13,3,12.0,2023
2023-12-13 13:00:00+00:00|1.0|vol_trans_follow_h1_high_cooling_h13_tp06_sl065,2023-12-13 13:00:00+00:00,STAGE28A,data/reports/stage28a_discovery_factory_batch_runner/stage28a_exact_trades.csv,volatility_transition_v1,vol_trans_follow_h1_high_cooling_h13_tp06_sl065,0.7876000000000204,-0.2623999999999795,-0.9623999999999792,0,0,0,0,0.2623999999999795,19.50999999999999,5.1099999999999,0.8297455968689026,10.309999999999945,0.48205625606208086,2.1099999999999,3.0304999999999724,0.004,1.0,,,13,2,12.0,2023
2023-12-19 13:00:00+00:00|-1.0|vol_trans_follow_h1_high_cooling_h13_tp06_sl065,2023-12-19 13:00:00+00:00,STAGE28A,data/reports/stage28a_discovery_factory_batch_runner/stage28a_exact_trades.csv,volatility_transition_v1,vol_trans_follow_h1_high_cooling_h13_tp06_sl065,0.5712999999999738,-0.4787000000000261,-1.1787000000000258,0,0,0,0,0.4787000000000261,17.769999999999982,7.649999999999864,0.4575163398692892,6.039999999999964,0.2533112582781427,2.6400000000001,3.570000000000016,0.064,-1.0,,,13,1,12.0,2023
2023-12-20 13:00:00+00:00|-1.0|vol_trans_follow_h1_high_cooling_h13_tp06_sl065,2023-12-20 13:00:00+00:00,STAGE28A,data/reports/stage28a_discovery_factory_batch_runner/stage28a_exact_trades.csv,volatility_transition_v1,vol_trans_follow_h1_high_cooling_h13_tp06_sl065,0.6064000000000306,-0.4435999999999693,-1.143599999999969,0,0,0,0,0.4435999999999693,25.289999999999964,4.960000000000036,0.09072580645162141,7.820000000000164,0.5843989769820768,4.740000000000009,2.918500000000017,0.012,-1.0,,,13,2,12.0,2023
2023-12-21 13:00:00+00:00|-1.0|vol_trans_follow_h1_high_cooling_h13_tp06_sl065,2023-12-21 13:00:00+00:00,STAGE28A,data/reports/stage28a_discovery_factory_batch_runner/stage28a_exact_trades.csv,volatility_transition_v1,vol_trans_follow_h1_high_cooling_h13_tp06_sl065,0.471999999999889,-0.5780000000001109,-1.2780000000001106,0,0,0,0,0.5780000000001109,15.990000000000009,6.440000000000055,0.6413043478260632,5.120000000000118,0.4316406249999971,3.0599999999999454,3.243499999999983,0.064,-1.0,,,13,3,12.0,2023
2023-12-26 13:00:00+00:00|1.0|vol_trans_follow_h1_high_cooling_h13_tp06_sl065,2023-12-26 13:00:00+00:00,STAGE28A,data/reports/stage28a_discovery_factory_batch_runner/stage28a_exact_trades.csv,volatility_transition_v1,vol_trans_follow_h1_high_cooling_h13_tp06_sl065,0.3495999999999185,-0.7004000000000814,-1.4004000000000811,0,0,0,0,0.7004000000000814,4.400000000000091,11.75,0.775319148936181,4.380000000000109,0.0410958904109205,2.0,3.4450000000000047,0.124,1.0,,,13,1,12.0,2023
2023-12-27 13:00:00+00:00|-1.0|vol_trans_follow_h1_high_cooling_h13_tp06_sl065,2023-12-27 13:00:00+00:00,STAGE28A,data/reports/stage28a_discovery_factory_batch_runner/stage28a_exact_trades.csv,volatility_transition_v1,vol_trans_follow_h1_high_cooling_h13_tp06_sl065,0.569800000000123,-0.4801999999998769,-1.180199999999877,0,0,0,0,0.4801999999998769,15.650000000000091,4.559999999999945,0.07894736842108149,7.7199999999998,0.1411917098445821,7.1599999999998545,3.0519999999999983,0.064,-1.0,,,13,2,12.0,2023
2023-12-29 13:00:00+00:00|-1.0|vol_trans_follow_h1_high_cooling_h13_tp06_sl065,2023-12-29 13:00:00+00:00,STAGE28A,data/reports/stage28a_discovery_factory_batch_runner/stage28a_exact_trades.csv,volatility_transition_v1,vol_trans_follow_h1_high_cooling_h13_tp06_sl065,-1.4962750000000598,-2.54627500000006,-3.2462750000000598,0,0,0,0,2.54627500000006,23.909999999999854,5.570000000000164,0.5727109515259436,12.900000000000091,0.4031007751937815,3.9400000000000546,3.3699999999999593,0.168,-1.0,,,13,4,12.0,2023
2024-01-05 13:00:00+00:00|1.0|vol_trans_follow_h1_high_cooling_h13_tp06_sl065,2024-01-05 13:00:00+00:00,STAGE28A,data/reports/stage28a_discovery_factory_batch_runner/stage28a_exact_trades.csv,volatility_transition_v1,vol_trans_follow_h1_high_cooling_h13_tp06_sl065,0.7578999999999724,-0.2921000000000275,-0.9921000000000272,0,0,0,0,0.2921000000000275,14.779999999999745,5.630000000000109,0.05150976909413108,9.599999999999909,0.47187500000000165,2.949999999999818,3.039499999999998,0.04,1.0,,,13,4,1.0,2024
2024-01-11 13:00:00+00:00|1.0|vol_trans_follow_h1_high_cooling_h13_tp06_sl065,2024-01-11 13:00:00+00:00,STAGE28A,data/reports/stage28a_discovery_factory_batch_runner/stage28a_exact_trades.csv,volatility_transition_v1,vol_trans_follow_h1_high_cooling_h13_tp06_sl065,-1.3461249999998928,-2.3961249999998926,-3.0961249999998923,0,0,0,0,2.3961249999998926,20.089999999999918,7.5,0.7093333333333248,5.479999999999791,0.03832116788321978,2.230000000000018,2.9879999999999654,0.012,1.0,,,13,3,1.0,2024
2024-01-15 13:00:00+00:00|-1.0|vol_trans_follow_h1_high_cooling_h13_tp06_sl065,2024-01-15 13:00:00+00:00,STAGE28A,data/reports/stage28a_discovery_factory_batch_runner/stage28a_exact_trades.csv,volatility_transition_v1,vol_trans_follow_h1_high_cooling_h13_tp06_sl065,-1.550225000000046,-2.6002250000000457,-3.300225000000045,0,0,0,0,2.6002250000000457,2.5499999999999545,12.220000000000027,0.5327332242226026,6.449999999999818,0.2,2.9699999999998,3.734999999999991,0.204,-1.0,,,13,0,1.0,2024
2024-01-16 13:00:00+00:00|-1.0|vol_trans_follow_h1_high_cooling_h13_tp06_sl065,2024-01-16 13:00:00+00:00,STAGE28A,data/reports/stage28a_discovery_factory_batch_runner/stage28a_exact_trades.csv,volatility_transition_v1,vol_trans_follow_h1_high_cooling_h13_tp06_sl065,0.9834999999999582,-0.0665000000000417,-0.7665000000000415,0,0,0,0,0.0665000000000417,12.740000000000009,7.170000000000073,0.656903765690375,12.409999999999854,0.6970185334407891,3.1700000000000728,2.9890000000000554,0.068,-1.0,,,13,1,1.0,2024
2024-01-19 13:00:00+00:00|1.0|vol_trans_follow_h1_high_cooling_h13_tp06_sl065,2024-01-19 13:00:00+00:00,STAGE28A,data/reports/stage28a_discovery_factory_batch_runner/stage28a_exact_trades.csv,volatility_transition_v1,vol_trans_follow_h1_high_cooling_h13_tp06_sl065,0.6445000000000164,-0.4054999999999835,-1.1054999999999833,0,0,0,0,0.4054999999999835,18.389999999999873,4.880000000000109,0.594262295081926,10.550000000000182,0.8890995260663241,2.019999999999982,3.05300000000002,0.092,1.0,,,13,4,1.0,2024
2024-01-22 13:00:00+00:00|1.0|vol_trans_follow_h1_high_cooling_h13_tp06_sl065,2024-01-22 13:00:00+00:00,STAGE28A,data/reports/stage28a_discovery_factory_batch_runner/stage28a_exact_trades.csv,volatility_transition_v1,vol_trans_follow_h1_high_cooling_h13_tp06_sl065,1.0747000000000295,0.0247000000000299,-0.6752999999999698,1,0,0,0,0.0247000000000299,2.8199999999999363,7.399999999999864,0.2851351351351269,7.079999999999927,0.3644067796610425,3.490000000000009,3.4704999999999813,0.204,1.0,,,13,0,1.0,2024
2024-01-23 13:00:00+00:00|-1.0|vol_trans_follow_h1_high_cooling_h13_tp06_sl065,2024-01-23 13:00:00+00:00,STAGE28A,data/reports/stage28a_discovery_factory_batch_runner/stage28a_exact_trades.csv,volatility_transition_v1,vol_trans_follow_h1_high_cooling_h13_tp06_sl065,1.179700000000048,0.1297000000000481,-0.5702999999999516,1,0,0,0,0.1297000000000481,15.519999999999982,8.38000000000011,0.8210023866348201,13.160000000000082,0.19452887537995114,3.990000000000009,3.646499999999969,0.288,-1.0,,,13,1,1.0,2024
2024-01-24 13:00:00+00:00|1.0|vol_trans_follow_h1_high_cooling_h13_tp06_sl065,2024-01-24 13:00:00+00:00,STAGE28A,data/reports/stage28a_discovery_factory_batch_runner/stage28a_exact_trades.csv,volatility_transition_v1,vol_trans_follow_h1_high_cooling_h13_tp06_sl065,1.0125999999999291,-0.0374000000000704,-0.7374000000000702,0,0,0,0,0.0374000000000704,18.340000000000146,5.8599999999999,0.8447098976109437,11.279999999999973,0.7402482269503483,3.6800000000000637,3.2684999999999946,0.14,1.0,,,13,2,1.0,2024
2024-01-25 13:00:00+00:00|1.0|vol_trans_follow_h1_high_cooling_h13_tp06_sl065,2024-01-25 13:00:00+00:00,STAGE28A,data/reports/stage28a_discovery_factory_batch_runner/stage28a_exact_trades.csv,volatility_transition_v1,vol_trans_follow_h1_high_cooling_h13_tp06_sl065,0.673300000000063,-0.376699999999937,-1.0766999999999367,0,0,0,0,0.376699999999937,25.52000000000021,3.400000000000091,0.18823529411767145,7.019999999999982,0.5270655270655349,2.3099999999999454,3.466000000000008,0.248,1.0,,,13,3,1.0,2024
2024-01-26 13:00:00+00:00|1.0|vol_trans_follow_h1_high_cooling_h13_tp06_sl065,2024-01-26 13:00:00+00:00,STAGE28A,data/reports/stage28a_discovery_factory_batch_runner/stage28a_exact_trades.csv,volatility_transition_v1,vol_trans_follow_h1_high_cooling_h13_tp06_sl065,0.5829999999999927,-0.4670000000000072,-1.167000000000007,0,0,0,0,0.4670000000000072,15.400000000000091,4.779999999999973,0.10460251046025164,5.669999999999845,0.41975308641978376,3.0599999999999454,3.3049999999999615,0.156,1.0,,,13,4,1.0,2024
2024-01-29 13:00:00+00:00|-1.0|vol_trans_follow_h1_high_cooling_h13_tp06_sl065,2024-01-29 13:00:00+00:00,STAGE28A,data/reports/stage28a_discovery_factory_batch_runner/stage28a_exact_trades.csv,volatility_transition_v1,vol_trans_follow_h1_high_cooling_h13_tp06_sl065,-1.4787250000000314,-2.528725000000031,-3.228725000000031,0,0,0,0,2.528725000000031,7.220000000000027,9.13000000000011,0.4928806133625352,9.209999999999809,0.1400651465798035,2.990000000000009,3.376999999999987,0.24,-1.0,,,13,0,1.0,2024
2024-01-30 13:00:00+00:00|-1.0|vol_trans_follow_h1_high_cooling_h13_tp06_sl065,2024-01-30 13:00:00+00:00,STAGE28A,data/reports/stage28a_discovery_factory_batch_runner/stage28a_exact_trades.csv,volatility_transition_v1,vol_trans_follow_h1_high_cooling_h13_tp06_sl065,0.6210999999999786,-0.4289000000000214,-1.128900000000021,0,0,0,0,0.4289000000000214,18.460000000000036,4.819999999999936,0.13278008298757438,8.829999999999927,0.43488108720271235,2.3299999999999272,3.5630000000000335,0.28,-1.0,,,13,1,1.0,2024
2024-01-31 13:00:00+00:00|-1.0|vol_trans_follow_h1_high_cooling_h13_tp06_sl065,2024-01-31 13:00:00+00:00,STAGE28A,data/reports/stage28a_discovery_factory_batch_runner/stage28a_exact_trades.csv,volatility_transition_v1,vol_trans_follow_h1_high_cooling_h13_tp06_sl065,0.5392000000000735,-0.5107999999999264,-1.2107999999999262,0,0,0,0,0.5107999999999264,19.54000000000019,5.800000000000182,0.32931034482759,7.150000000000091,0.3356643356643441,2.0,3.3815000000000395,0.164,-1.0,,,13,2,1.0,2024
2024-02-06 13:00:00+00:00|1.0|vol_trans_follow_h1_high_cooling_h13_tp06_sl065,2024-02-06 13:00:00+00:00,STAGE28A,data/reports/stage28a_discovery_factory_batch_runner/stage28a_exact_trades.csv,volatility_transition_v1,vol_trans_follow_h1_high_cooling_h13_tp06_sl065,-1.3948750000000474,-2.444875000000047,-3.144875000000047,0,0,0,0,2.444875000000047,27.329999999999927,5.100000000000136,0.24705882352940337,6.990000000000009,0.34477825464947803,2.8899999999998727,2.9900000000000317,0.02,1.0,,,13,1,2.0,2024
2024-02-07 13:00:00+00:00|-1.0|vol_trans_follow_h1_high_cooling_h13_tp06_sl065,2024-02-07 13:00:00+00:00,STAGE28A,data/reports/stage28a_discovery_factory_batch_runner/stage28a_exact_trades.csv,volatility_transition_v1,vol_trans_follow_h1_high_cooling_h13_tp06_sl065,0.3382000000000517,-0.7117999999999483,-1.411799999999948,0,0,0,0,0.7117999999999483,16.189999999999827,2.230000000000018,0.004484304932731311,4.889999999999873,0.40286298568508766,1.699999999999818,2.6769999999999756,0.016,-1.0,,,13,2,2.0,2024
2024-02-08 13:00:00+00:00|1.0|vol_trans_follow_h1_high_cooling_h13_tp06_sl065,2024-02-08 13:00:00+00:00,STAGE28A,data/reports/stage28a_discovery_factory_batch_runner/stage28a_exact_trades.csv,volatility_transition_v1,vol_trans_follow_h1_high_cooling_h13_tp06_sl065,0.7617999999999029,-0.288200000000097,-0.9882000000000968,0,0,0,0,0.288200000000097,13.970000000000027,7.0,0.6028571428571468,9.599999999999909,0.41041666666665255,3.75,3.0735000000000015,0.1,1.0,,,13,3,2.0,2024
2024-02-09 13:00:00+00:00|1.0|vol_trans_follow_h1_high_cooling_h13_tp06_sl065,2024-02-09 13:00:00+00:00,STAGE28A,data/reports/stage28a_discovery_factory_batch_runner/stage28a_exact_trades.csv,volatility_transition_v1,vol_trans_follow_h1_high_cooling_h13_tp06_sl065,0.4209999999999582,-0.6290000000000417,-1.3290000000000417,0,0,0,0,0.6290000000000417,18.6400000000001,3.1599999999998545,0.49367088607595483,4.460000000000036,0.022421524663656555,2.1599999999998545,2.4484999999999673,0.02,1.0,,,13,4,2.0,2024
2024-02-12 13:00:00+00:00|1.0|vol_trans_follow_h1_high_cooling_h13_tp06_sl065,2024-02-12 13:00:00+00:00,STAGE28A,data/reports/stage28a_discovery_factory_batch_runner/stage28a_exact_trades.csv,volatility_transition_v1,vol_trans_follow_h1_high_cooling_h13_tp06_sl065,0.4254999999999654,-0.6245000000000345,-1.3245000000000342,0,0,0,0,0.6245000000000345,2.4199999999998454,4.959999999999809,0.46774193548387616,7.339999999999918,0.30245231607630135,1.25,2.2905000000000086,0.012,1.0,,,13,0,2.0,2024
2024-02-13 13:00:00+00:00|-1.0|vol_trans_follow_h1_high_cooling_h13_tp06_sl065,2024-02-13 13:00:00+00:00,STAGE28A,data/reports/stage28a_discovery_factory_batch_runner/stage28a_exact_trades.csv,volatility_transition_v1,vol_trans_follow_h1_high_cooling_h13_tp06_sl065,0.3094000000000051,-0.7405999999999948,-1.4405999999999946,0,0,0,0,0.7405999999999948,15.639999999999873,4.4099999999998545,0.04081632653062803,9.190000000000055,0.8476605005440606,1.9500000000000455,2.382499999999993,0.028,-1.0,,,13,1,2.0,2024
2024-02-14 13:00:00+00:00|1.0|vol_trans_follow_h1_high_cooling_h13_tp06_sl065,2024-02-14 13:00:00+00:00,STAGE28A,data/reports/stage28a_discovery_factory_batch_runner/stage28a_exact_trades.csv,volatility_transition_v1,vol_trans_follow_h1_high_cooling_h13_tp06_sl065,-1.4533749999999146,-2.5033749999999144,-3.203374999999914,0,0,0,0,2.5033749999999144,39.86999999999989,4.75,0.19578947368422392,7.1400000000001,0.06162464985991891,3.240000000000009,2.9044999999999845,0.124,1.0,,,13,2,2.0,2024
2024-02-15 13:00:00+00:00|-1.0|vol_trans_follow_h1_high_cooling_h13_tp06_sl065,2024-02-15 13:00:00+00:00,STAGE28A,data/reports/stage28a_discovery_factory_batch_runner/stage28a_exact_trades.csv,volatility_transition_v1,vol_trans_follow_h1_high_cooling_h13_tp06_sl065,-1.151774999999907,-2.201774999999907,-2.9017749999999065,0,0,0,0,2.201774999999907,11.839999999999918,4.119999999999891,0.41262135922332294,6.5,0.6123076923076951,2.1800000000000637,2.6799999999999726,0.084,-1.0,,,13,3,2.0,2024
2024-02-16 13:00:00+00:00|1.0|vol_trans_follow_h1_high_cooling_h13_tp06_sl065,2024-02-16 13:00:00+00:00,STAGE28A,data/reports/stage28a_discovery_factory_batch_runner/stage28a_exact_trades.csv,volatility_transition_v1,vol_trans_follow_h1_high_cooling_h13_tp06_sl065,-1.0942499999999655,-2.1442499999999654,-2.844249999999965,0,0,0,0,2.1442499999999654,18.230000000000018,3.2799999999999727,0.06097560975611193,4.819999999999936,0.7406639004149344,2.8099999999999454,2.381500000000017,0.04,1.0,,,13,4,2.0,2024
2024-02-19 13:00:00+00:00|-1.0|vol_trans_follow_h1_high_cooling_h13_tp06_sl065,2024-02-19 13:00:00+00:00,STAGE28A,data/reports/stage28a_discovery_factory_batch_runner/stage28a_exact_trades.csv,volatility_transition_v1,vol_trans_follow_h1_high_cooling_h13_tp06_sl065,-1.0831999999998971,-2.133199999999897,-2.8331999999998967,0,0,0,0,2.133199999999897,3.8799999999998818,10.86999999999989,0.48850045998160063,4.650000000000091,0.027956989247285853,2.3099999999999454,3.430499999999995,0.62,-1.0,,,13,0,2.0,2024
2024-02-20 13:00:00+00:00|1.0|vol_trans_follow_h1_high_cooling_h13_tp06_sl065,2024-02-20 13:00:00+00:00,STAGE28A,data/reports/stage28a_discovery_factory_batch_runner/stage28a_exact_trades.csv,volatility_transition_v1,vol_trans_follow_h1_high_cooling_h13_tp06_sl065,0.5467000000000098,-0.5032999999999901,-1.2032999999999898,0,0,0,0,0.5032999999999901,10.980000000000018,4.650000000000091,0.7053763440860508,9.879999999999882,0.6730769230769174,4.079999999999927,2.237500000000023,0.072,1.0,,,13,1,2.0,2024
2024-02-21 13:00:00+00:00|1.0|vol_trans_follow_h1_high_cooling_h13_tp06_sl065,2024-02-21 13:00:00+00:00,STAGE28A,data/reports/stage28a_discovery_factory_batch_runner/stage28a_exact_trades.csv,volatility_transition_v1,vol_trans_follow_h1_high_cooling_h13_tp06_sl065,0.3751000000001113,-0.6748999999998886,-1.3748999999998883,0,0,0,0,0.6748999999998886,15.829999999999927,8.420000000000073,0.8016627078384729,6.25,0.15520000000000436,2.1699999999998454,2.332500000000027,0.108,1.0,,,13,2,2.0,2024
2024-02-22 13:00:00+00:00|-1.0|vol_trans_follow_h1_high_cooling_h13_tp06_sl065,2024-02-22 13:00:00+00:00,STAGE28A,data/reports/stage28a_discovery_factory_batch_runner/stage28a_exact_trades.csv,volatility_transition_v1,vol_trans_follow_h1_high_cooling_h13_tp06_sl065,-1.4368000000000394,-2.486800000000039,-3.186800000000039,0,0,0,0,2.486800000000039,12.1400000000001,3.849999999999909,0.7974025974025997,6.670000000000073,0.1004497751124536,2.019999999999982,2.9270000000000325,0.388,-1.0,,,13,3,2.0,2024
2024-02-23 13:00:00+00:00|1.0|vol_trans_follow_h1_high_cooling_h13_tp06_sl065,2024-02-23 13:00:00+00:00,STAGE28A,data/reports/stage28a_discovery_factory_batch_runner/stage28a_exact_trades.csv,volatility_transition_v1,vol_trans_follow_h1_high_cooling_h13_tp06_sl065,0.6990999999999531,-0.3509000000000468,-1.0509000000000466,0,0,0,0,0.3509000000000468,15.36999999999989,4.559999999999945,0.2763157894736855,10.110000000000127,0.2908011869435994,6.790000000000191,3.301500000000021,0.74,1.0,,,13,4,2.0,2024
2024-02-26 13:00:00+00:00|-1.0|vol_trans_follow_h1_high_cooling_h13_tp06_sl065,2024-02-26 13:00:00+00:00,STAGE28A,data/reports/stage28a_discovery_factory_batch_runner/stage28a_exact_trades.csv,volatility_transition_v1,vol_trans_follow_h1_high_cooling_h13_tp06_sl065,0.6436000000000149,-0.406399999999985,-1.1063999999999847,0,0,0,0,0.406399999999985,2.7999999999999545,5.069999999999936,0.36489151873765924,5.349999999999909,0.007476635514012018,3.740000000000009,3.023999999999944,0.464,-1.0,,,13,0,2.0,2024
2024-02-27 13:00:00+00:00|-1.0|vol_trans_follow_h1_high_cooling_h13_tp06_sl065,2024-02-27 13:00:00+00:00,STAGE28A,data/reports/stage28a_discovery_factory_batch_runner/stage28a_exact_trades.csv,volatility_transition_v1,vol_trans_follow_h1_high_cooling_h13_tp06_sl065,0.4272999999999683,-0.6227000000000316,-1.3227000000000313,0,0,0,0,0.6227000000000316,12.009999999999991,4.0499999999999545,0.6246913580246917,6.789999999999964,0.42120765832108137,2.130000000000109,2.2745000000000006,0.088,-1.0,,,13,1,2.0,2024
2024-02-28 13:00:00+00:00|1.0|vol_trans_follow_h1_high_cooling_h13_tp06_sl065,2024-02-28 13:00:00+00:00,STAGE28A,data/reports/stage28a_discovery_factory_batch_runner/stage28a_exact_trades.csv,volatility_transition_v1,vol_trans_follow_h1_high_cooling_h13_tp06_sl065,0.3684999999999491,-0.6815000000000508,-1.3815000000000506,0,0,0,0,0.6815000000000508,10.730000000000018,4.599999999999909,0.01956521739133637,7.720000000000027,0.3873056994818651,3.1099999999999,2.473999999999978,0.164,1.0,,,13,2,2.0,2024
2024-02-29 13:00:00+00:00|-1.0|vol_trans_follow_h1_high_cooling_h13_tp06_sl065,2024-02-29 13:00:00+00:00,STAGE28A,data/reports/stage28a_discovery_factory_batch_runner/stage28a_exact_trades.csv,volatility_transition_v1,vol_trans_follow_h1_high_cooling_h13_tp06_sl065,0.3826000000000477,-0.6673999999999523,-1.367399999999952,0,0,0,0,0.6673999999999523,13.420000000000073,3.1299999999998818,0.1629392971246039,7.2999999999999545,0.5931506849315318,4.240000000000009,2.2214999999999576,0.072,-1.0,,,13,3,2.0,2024
2024-03-01 13:00:00+00:00|1.0|vol_trans_follow_h1_high_cooling_h13_tp06_sl065,2024-03-01 13:00:00+00:00,STAGE28A,data/reports/stage28a_discovery_factory_batch_runner/stage28a_exact_trades.csv,volatility_transition_v1,vol_trans_follow_h1_high_cooling_h13_tp06_sl065,-1.81770000000015,-2.86770000000015,-3.567700000000149,0,0,0,0,2.86770000000015,22.72999999999979,3.9600000000000364,0.31565656565656275,16.0300000000002,0.5832813474734743,9.170000000000073,3.109500000000014,0.68,1.0,,,13,4,3.0,2024
2024-03-04 13:00:00+00:00|-1.0|vol_trans_follow_h1_high_cooling_h13_tp06_sl065,2024-03-04 13:00:00+00:00,STAGE28A,data/reports/stage28a_discovery_factory_batch_runner/stage28a_exact_trades.csv,volatility_transition_v1,vol_trans_follow_h1_high_cooling_h13_tp06_sl065,0.6082000000000335,-0.4417999999999664,-1.1417999999999662,0,0,0,0,0.4417999999999664,4.239999999999782,6.610000000000127,0.4175491679274077,7.710000000000036,0.41115434500649256,3.180000000000291,3.5870000000000117,0.828,-1.0,,,13,0,3.0,2024
2024-03-12 13:00:00+00:00|-1.0|vol_trans_follow_h1_high_cooling_h13_tp06_sl065,2024-03-12 13:00:00+00:00,STAGE28A,data/reports/stage28a_discovery_factory_batch_runner/stage28a_exact_trades.csv,volatility_transition_v1,vol_trans_follow_h1_high_cooling_h13_tp06_sl065,-1.4384249999999157,-2.4884249999999155,-3.1884249999999152,0,0,0,0,2.4884249999999155,14.239999999999782,7.929999999999836,0.5056746532156748,5.539999999999964,0.30685920577622455,2.230000000000018,3.506999999999903,0.352,-1.0,,,13,1,3.0,2024
2024-03-14 13:00:00+00:00|1.0|vol_trans_follow_h1_high_cooling_h13_tp06_sl065,2024-03-14 13:00:00+00:00,STAGE28A,data/reports/stage28a_discovery_factory_batch_runner/stage28a_exact_trades.csv,volatility_transition_v1,vol_trans_follow_h1_high_cooling_h13_tp06_sl065,0.5451999999999316,-0.5048000000000683,-1.204800000000068,0,0,0,0,0.5048000000000683,24.059999999999945,5.920000000000073,0.44087837837839444,4.599999999999909,0.2434782608695463,2.869999999999891,3.046000000000004,0.056,1.0,,,13,3,3.0,2024
2024-03-15 13:00:00+00:00|-1.0|vol_trans_follow_h1_high_cooling_h13_tp06_sl065,2024-03-15 13:00:00+00:00,STAGE28A,data/reports/stage28a_discovery_factory_batch_runner/stage28a_exact_trades.csv,volatility_transition_v1,vol_trans_follow_h1_high_cooling_h13_tp06_sl065,-1.7608249999999317,-2.8108249999999315,-3.5108249999999317,0,0,0,0,2.8108249999999315,24.159999999999854,5.289999999999964,0.43100189035920905,9.289999999999964,0.511302475780411,4.059999999999945,3.408499999999981,0.076,-1.0,,,13,4,3.0,2024
2024-03-19 13:00:00+00:00|1.0|vol_trans_follow_h1_high_cooling_h13_tp06_sl065,2024-03-19 13:00:00+00:00,STAGE28A,data/reports/stage28a_discovery_factory_batch_runner/stage28a_exact_trades.csv,volatility_transition_v1,vol_trans_follow_h1_high_cooling_h13_tp06_sl065,1.101100000000224,0.0511000000002241,-0.6488999999997755,1,0,0,0,0.0511000000002241,17.559999999999945,4.1599999999998545,0.16105769230771544,13.179999999999836,0.4613050075872536,3.869999999999891,3.177499999999918,0.036,1.0,,,13,1,3.0,2024
2024-03-20 13:00:00+00:00|-1.0|vol_trans_follow_h1_high_cooling_h13_tp06_sl065,2024-03-20 13:00:00+00:00,STAGE28A,data/reports/stage28a_discovery_factory_batch_runner/stage28a_exact_trades.csv,volatility_transition_v1,vol_trans_follow_h1_high_cooling_h13_tp06_sl065,-1.378949999999895,-2.428949999999895,-3.128949999999895,0,0,0,0,2.428949999999895,15.599999999999909,5.110000000000127,0.031311154598796576,7.079999999999927,0.3587570621468912,2.5099999999997635,2.52349999999999,0.004,-1.0,,,13,2,3.0,2024
2024-05-09 13:00:00+00:00|-1.0|vol_trans_follow_h1_high_cooling_h13_tp06_sl065,2024-05-09 13:00:00+00:00,STAGE28A,data/reports/stage28a_discovery_factory_batch_runner/stage28a_exact_trades.csv,volatility_transition_v1,vol_trans_follow_h1_high_cooling_h13_tp06_sl065,-1.9889749999998456,-3.0389749999998457,-3.738974999999845,0,0,0,0,3.0389749999998457,17.86999999999989,4.970000000000255,0.5010060362173258,13.08999999999969,0.35752482811305936,5.210000000000036,4.1729999999999565,0.004,-1.0,,,13,3,5.0,2024
2024-05-14 13:00:00+00:00|1.0|vol_trans_follow_h1_high_cooling_h13_tp06_sl065,2024-05-14 13:00:00+00:00,STAGE28A,data/reports/stage28a_discovery_factory_batch_runner/stage28a_exact_trades.csv,volatility_transition_v1,vol_trans_follow_h1_high_cooling_h13_tp06_sl065,-2.015300000000116,-3.065300000000116,-3.7653000000001153,0,0,0,1,3.065300000000116,32.95000000000027,9.570000000000164,0.5862068965517274,12.2800000000002,0.2394136807817595,4.670000000000073,4.2309999999999945,0.016,1.0,,,13,1,5.0,2024
2024-05-15 13:00:00+00:00|-1.0|vol_trans_follow_h1_high_cooling_h13_tp06_sl065,2024-05-15 13:00:00+00:00,STAGE28A,data/reports/stage28a_discovery_factory_batch_runner/stage28a_exact_trades.csv,volatility_transition_v1,vol_trans_follow_h1_high_cooling_h13_tp06_sl065,1.2099999999999451,0.1599999999999455,-0.5400000000000542,1,0,1,0,0.1599999999999455,24.920000000000073,6.110000000000127,0.46808510638298984,18.5300000000002,0.47706422018348893,6.0600000000004,4.572000000000026,0.084,-1.0,,,13,2,5.0,2024
2024-05-17 13:00:00+00:00|-1.0|vol_trans_follow_h1_high_cooling_h13_tp06_sl065,2024-05-17 13:00:00+00:00,STAGE28A,data/reports/stage28a_discovery_factory_batch_runner/stage28a_exact_trades.csv,volatility_transition_v1,vol_trans_follow_h1_high_cooling_h13_tp06_sl065,1.1217999999998027,0.0717999999998029,-0.6282000000001968,1,0,0,0,0.0717999999998029,26.550000000000182,7.2599999999997635,0.07300275482090395,11.360000000000127,0.42517605633805705,4.900000000000091,4.127999999999974,0.016,-1.0,,,13,4,5.0,2024
2024-05-27 13:00:00+00:00|-1.0|vol_trans_follow_h1_high_cooling_h13_tp06_sl065,2024-05-27 13:00:00+00:00,STAGE28A,data/reports/stage28a_discovery_factory_batch_runner/stage28a_exact_trades.csv,volatility_transition_v1,vol_trans_follow_h1_high_cooling_h13_tp06_sl065,0.9655000000001565,-0.0844999999998434,-0.7844999999998432,0,0,0,0,0.0844999999998434,8.329999999999927,15.260000000000218,0.38401048492791895,7.970000000000255,0.34755332496861896,2.769999999999982,4.728500000000054,0.096,-1.0,,,13,0,5.0,2024
2024-05-28 13:00:00+00:00|-1.0|vol_trans_follow_h1_high_cooling_h13_tp06_sl065,2024-05-28 13:00:00+00:00,STAGE28A,data/reports/stage28a_discovery_factory_batch_runner/stage28a_exact_trades.csv,volatility_transition_v1,vol_trans_follow_h1_high_cooling_h13_tp06_sl065,1.157799999999861,0.1077999999998611,-0.5922000000001386,1,0,0,0,0.1077999999998611,26.420000000000073,7.220000000000255,0.17313019390581108,13.699999999999818,0.5335766423357695,2.819999999999709,4.2375,0.056,-1.0,,,13,1,5.0,2024
2024-05-31 13:00:00+00:00|-1.0|vol_trans_follow_h1_high_cooling_h13_tp06_sl065,2024-05-31 13:00:00+00:00,STAGE28A,data/reports/stage28a_discovery_factory_batch_runner/stage28a_exact_trades.csv,volatility_transition_v1,vol_trans_follow_h1_high_cooling_h13_tp06_sl065,0.9336999999999536,-0.1163000000000464,-0.8163000000000462,0,0,0,0,0.1163000000000464,29.38000000000011,10.739999999999782,0.036312849162000053,7.370000000000346,0.21709633649929905,3.5,4.557500000000073,0.1,-1.0,,,13,4,5.0,2024
2024-06-05 13:00:00+00:00|-1.0|vol_trans_follow_h1_high_cooling_h13_tp06_sl065,2024-06-05 13:00:00+00:00,STAGE28A,data/reports/stage28a_discovery_factory_batch_runner/stage28a_exact_trades.csv,volatility_transition_v1,vol_trans_follow_h1_high_cooling_h13_tp06_sl065,-2.2012000000000627,-3.2512000000000625,-3.951200000000062,0,0,0,1,3.2512000000000625,37.41000000000031,12.010000000000218,0.7993338884262893,13.579999999999927,0.3645066273932139,2.869999999999891,4.862499999999931,0.124,-1.0,,,13,2,6.0,2024
2024-06-11 13:00:00+00:00|1.0|vol_trans_follow_h1_high_cooling_h13_tp06_sl065,2024-06-11 13:00:00+00:00,STAGE28A,data/reports/stage28a_discovery_factory_batch_runner/stage28a_exact_trades.csv,volatility_transition_v1,vol_trans_follow_h1_high_cooling_h13_tp06_sl065,1.147899999999845,0.0978999999998451,-0.6021000000001546,1,0,0,0,0.0978999999998451,25.990000000000236,13.549999999999727,0.4479704797048181,9.990000000000236,0.2662662662662454,5.869999999999891,4.3929999999999385,0.068,1.0,,,13,1,6.0,2024
2024-06-12 13:00:00+00:00|1.0|vol_trans_follow_h1_high_cooling_h13_tp06_sl065,2024-06-12 13:00:00+00:00,STAGE28A,data/reports/stage28a_discovery_factory_batch_runner/stage28a_exact_trades.csv,volatility_transition_v1,vol_trans_follow_h1_high_cooling_h13_tp06_sl065,0.905500000000211,-0.1444999999997889,-0.8444999999997886,0,0,0,0,0.1444999999997889,22.36999999999989,6.8400000000001455,0.42690058479532317,6.910000000000309,0.00289435600578595,3.25,3.8984999999999674,0.004,1.0,,,13,2,6.0,2024
2024-06-14 13:00:00+00:00|1.0|vol_trans_follow_h1_high_cooling_h13_tp06_sl065,2024-06-14 13:00:00+00:00,STAGE28A,data/reports/stage28a_discovery_factory_batch_runner/stage28a_exact_trades.csv,volatility_transition_v1,vol_trans_follow_h1_high_cooling_h13_tp06_sl065,-2.3305500000002213,-3.380550000000221,-4.080550000000221,0,0,0,1,3.380550000000221,31.159999999999854,7.050000000000182,0.35886524822690496,19.139999999999873,0.8949843260188204,7.5300000000002,5.026000000000022,0.196,1.0,,,13,4,6.0,2024
2024-06-17 13:00:00+00:00|-1.0|vol_trans_follow_h1_high_cooling_h13_tp06_sl065,2024-06-17 13:00:00+00:00,STAGE28A,data/reports/stage28a_discovery_factory_batch_runner/stage28a_exact_trades.csv,volatility_transition_v1,vol_trans_follow_h1_high_cooling_h13_tp06_sl065,1.1674000000001796,0.1174000000001798,-0.5825999999998199,1,0,0,0,0.1174000000001798,5.4099999999998545,11.420000000000073,0.39229422066549824,10.769999999999982,0.4001857010213512,3.380000000000109,4.493499999999926,0.056,-1.0,,,13,0,6.0,2024
2024-06-18 13:00:00+00:00|-1.0|vol_trans_follow_h1_high_cooling_h13_tp06_sl065,2024-06-18 13:00:00+00:00,STAGE28A,data/reports/stage28a_discovery_factory_batch_runner/stage28a_exact_trades.csv,volatility_transition_v1,vol_trans_follow_h1_high_cooling_h13_tp06_sl065,0.9297999999997956,-0.1202000000002043,-0.8202000000002041,0,0,0,0,0.1202000000002043,23.170000000000073,6.5,0.5292307692307776,14.090000000000146,0.9488999290276939,3.3600000000001273,4.485500000000002,0.072,-1.0,,,13,1,6.0,2024
2024-06-19 13:00:00+00:00|-1.0|vol_trans_follow_h1_high_cooling_h13_tp06_sl065,2024-06-19 13:00:00+00:00,STAGE28A,data/reports/stage28a_discovery_factory_batch_runner/stage28a_exact_trades.csv,volatility_transition_v1,vol_trans_follow_h1_high_cooling_h13_tp06_sl065,0.7458999999998014,-0.3041000000001985,-1.0041000000001985,0,0,0,0,0.3041000000001985,26.699999999999818,5.2199999999998,0.003831417624517735,8.190000000000055,0.020757020757029503,5.0900000000001455,3.493999999999983,0.004,-1.0,,,13,2,6.0,2024
2024-06-20 13:00:00+00:00|1.0|vol_trans_follow_h1_high_cooling_h13_tp06_sl065,2024-06-20 13:00:00+00:00,STAGE28A,data/reports/stage28a_discovery_factory_batch_runner/stage28a_exact_trades.csv,volatility_transition_v1,vol_trans_follow_h1_high_cooling_h13_tp06_sl065,1.169800000000032,0.1198000000000321,-0.5801999999999676,1,0,0,0,0.1198000000000321,11.2800000000002,11.260000000000218,0.3152753108348235,14.260000000000218,0.03366058906030932,4.130000000000109,3.9765000000000557,0.108,1.0,,,13,3,6.0,2024
2024-06-21 13:00:00+00:00|-1.0|vol_trans_follow_h1_high_cooling_h13_tp06_sl065,2024-06-21 13:00:00+00:00,STAGE28A,data/reports/stage28a_discovery_factory_batch_runner/stage28a_exact_trades.csv,volatility_transition_v1,vol_trans_follow_h1_high_cooling_h13_tp06_sl065,-2.05917499999996,-3.109174999999959,-3.809174999999959,0,0,0,1,3.109174999999959,37.65000000000009,7.75,0.3496774193548434,13.009999999999764,0.13374327440432499,4.390000000000327,5.033500000000049,0.396,-1.0,,,13,4,6.0,2024
2024-06-25 13:00:00+00:00|1.0|vol_trans_follow_h1_high_cooling_h13_tp06_sl065,2024-06-25 13:00:00+00:00,STAGE28A,data/reports/stage28a_discovery_factory_batch_runner/stage28a_exact_trades.csv,volatility_transition_v1,vol_trans_follow_h1_high_cooling_h13_tp06_sl065,-1.982799999999861,-3.032799999999861,-3.7327999999998607,0,0,0,0,3.032799999999861,17.15000000000009,11.150000000000091,0.6852017937219969,11.319999999999709,0.7915194346289989,4.769999999999982,4.180999999999949,0.152,1.0,,,13,1,6.0,2024
2024-06-27 13:00:00+00:00|1.0|vol_trans_follow_h1_high_cooling_h13_tp06_sl065,2024-06-27 13:00:00+00:00,STAGE28A,data/reports/stage28a_discovery_factory_batch_runner/stage28a_exact_trades.csv,volatility_transition_v1,vol_trans_follow_h1_high_cooling_h13_tp06_sl065,-2.018224999999893,-3.068224999999893,-3.7682249999998927,0,0,0,1,3.068224999999893,30.350000000000364,3.3899999999998727,0.22123893805310565,17.429999999999836,0.7917383820998457,6.599999999999909,3.5849999999999453,0.072,1.0,,,13,3,6.0,2024
2024-06-28 13:00:00+00:00|1.0|vol_trans_follow_h1_high_cooling_h13_tp06_sl065,2024-06-28 13:00:00+00:00,STAGE28A,data/reports/stage28a_discovery_factory_batch_runner/stage28a_exact_trades.csv,volatility_transition_v1,vol_trans_follow_h1_high_cooling_h13_tp06_sl065,-1.7270250000002307,-2.7770250000002306,-3.4770250000002303,0,0,0,0,2.7770250000002306,34.58999999999969,9.269999999999982,0.5587918015102316,12.099999999999909,0.7033057851239527,3.0700000000001637,4.011000000000058,0.132,1.0,,,13,4,6.0,2024
2024-07-01 13:00:00+00:00|1.0|vol_trans_follow_h1_high_cooling_h13_tp06_sl065,2024-07-01 13:00:00+00:00,STAGE28A,data/reports/stage28a_discovery_factory_batch_runner/stage28a_exact_trades.csv,volatility_transition_v1,vol_trans_follow_h1_high_cooling_h13_tp06_sl065,1.209099999999944,0.159099999999944,-0.5409000000000557,1,0,1,0,0.159099999999944,4.139999999999873,6.389999999999873,0.03442879499214465,10.980000000000018,0.24590163934424533,4.019999999999982,4.279999999999996,0.24,1.0,,,13,0,7.0,2024
2024-07-02 13:00:00+00:00|-1.0|vol_trans_follow_h1_high_cooling_h13_tp06_sl065,2024-07-02 13:00:00+00:00,STAGE28A,data/reports/stage28a_discovery_factory_batch_runner/stage28a_exact_trades.csv,volatility_transition_v1,vol_trans_follow_h1_high_cooling_h13_tp06_sl065,-1.9850750000001427,-3.0350750000001425,-3.7350750000001423,0,0,0,0,3.0350750000001425,20.0,8.61999999999989,0.6705336426913943,9.099999999999909,0.1329670329670383,7.779999999999745,4.302500000000032,0.236,-1.0,,,13,1,7.0,2024
2024-07-03 13:00:00+00:00|1.0|vol_trans_follow_h1_high_cooling_h13_tp06_sl065,2024-07-03 13:00:00+00:00,STAGE28A,data/reports/stage28a_discovery_factory_batch_runner/stage28a_exact_trades.csv,volatility_transition_v1,vol_trans_follow_h1_high_cooling_h13_tp06_sl065,1.3182999999998173,0.2682999999998174,-0.4317000000001822,1,0,1,0,0.2682999999998174,17.820000000000164,5.660000000000309,0.28798586572430485,15.799999999999727,0.9164556962025199,4.339999999999691,4.3839999999999915,0.296,1.0,,,13,2,7.0,2024
2024-07-04 13:00:00+00:00|-1.0|vol_trans_follow_h1_high_cooling_h13_tp06_sl065,2024-07-04 13:00:00+00:00,STAGE28A,data/reports/stage28a_discovery_factory_batch_runner/stage28a_exact_trades.csv,volatility_transition_v1,vol_trans_follow_h1_high_cooling_h13_tp06_sl065,-1.801774999999998,-2.8517749999999977,-3.551774999999997,0,0,0,0,2.8517749999999977,38.039999999999964,6.5900000000001455,0.12139605462824951,9.259999999999764,0.0377969762419409,3.4299999999998363,4.107499999999959,0.116,-1.0,,,13,3,7.0,2024
2024-07-05 13:00:00+00:00|-1.0|vol_trans_follow_h1_high_cooling_h13_tp06_sl065,2024-07-05 13:00:00+00:00,STAGE28A,data/reports/stage28a_discovery_factory_batch_runner/stage28a_exact_trades.csv,volatility_transition_v1,vol_trans_follow_h1_high_cooling_h13_tp06_sl065,-1.6623500000001514,-2.7123500000001517,-3.412350000000151,0,0,0,0,2.7123500000001517,12.179999999999836,8.960000000000036,0.49218750000003253,6.680000000000291,0.08532934131731798,4.860000000000127,3.106000000000017,0.036,-1.0,,,13,4,7.0,2024
2024-07-08 13:00:00+00:00|-1.0|vol_trans_follow_h1_high_cooling_h13_tp06_sl065,2024-07-08 13:00:00+00:00,STAGE28A,data/reports/stage28a_discovery_factory_batch_runner/stage28a_exact_trades.csv,volatility_transition_v1,vol_trans_follow_h1_high_cooling_h13_tp06_sl065,1.2285999999998238,0.178599999999824,-0.5214000000001757,1,0,1,0,0.178599999999824,5.289999999999964,10.420000000000073,0.22936660268716993,18.5,0.6929729729729818,5.5,5.064999999999986,0.568,-1.0,,,13,0,7.0,2024
2024-07-09 13:00:00+00:00|1.0|vol_trans_follow_h1_high_cooling_h13_tp06_sl065,2024-07-09 13:00:00+00:00,STAGE28A,data/reports/stage28a_discovery_factory_batch_runner/stage28a_exact_trades.csv,volatility_transition_v1,vol_trans_follow_h1_high_cooling_h13_tp06_sl065,0.8670999999998458,-0.1829000000001541,-0.8829000000001539,0,0,0,0,0.1829000000001541,40.36999999999989,9.490000000000236,0.8303477344573144,10.409999999999854,0.3170028818443586,3.7400000000002365,4.889499999999975,0.476,1.0,,,13,1,7.0,2024
2024-07-10 13:00:00+00:00|-1.0|vol_trans_follow_h1_high_cooling_h13_tp06_sl065,2024-07-10 13:00:00+00:00,STAGE28A,data/reports/stage28a_discovery_factory_batch_runner/stage28a_exact_trades.csv,volatility_transition_v1,vol_trans_follow_h1_high_cooling_h13_tp06_sl065,0.8133999999999105,-0.2366000000000894,-0.9366000000000893,0,0,0,0,0.2366000000000894,22.20999999999958,7.329999999999927,0.5184174624829767,8.309999999999945,0.4500601684716975,2.480000000000018,4.531500000000028,0.288,-1.0,,,13,2,7.0,2024
2024-07-11 13:00:00+00:00|1.0|vol_trans_follow_h1_high_cooling_h13_tp06_sl065,2024-07-11 13:00:00+00:00,STAGE28A,data/reports/stage28a_discovery_factory_batch_runner/stage28a_exact_trades.csv,volatility_transition_v1,vol_trans_follow_h1_high_cooling_h13_tp06_sl065,-1.8654750000001517,-2.9154750000001517,-3.615475000000151,0,0,0,0,2.9154750000001517,23.670000000000073,9.08999999999969,0.6567656765677071,6.099999999999909,0.8606557377049309,3.2199999999998,3.767999999999984,0.144,1.0,,,13,3,7.0,2024
2024-07-15 13:00:00+00:00|-1.0|vol_trans_follow_h1_high_cooling_h13_tp06_sl065,2024-07-15 13:00:00+00:00,STAGE28A,data/reports/stage28a_discovery_factory_batch_runner/stage28a_exact_trades.csv,volatility_transition_v1,vol_trans_follow_h1_high_cooling_h13_tp06_sl065,-1.983449999999812,-3.0334499999998115,-3.733449999999811,0,0,0,0,3.0334499999998115,7.980000000000018,9.950000000000273,0.40703517587940413,12.690000000000055,0.06619385342790716,4.8100000000004,4.527500000000009,0.272,-1.0,,,13,0,7.0,2024
2024-07-24 13:00:00+00:00|1.0|vol_trans_follow_h1_high_cooling_h13_tp06_sl065,2024-07-24 13:00:00+00:00,STAGE28A,data/reports/stage28a_discovery_factory_batch_runner/stage28a_exact_trades.csv,volatility_transition_v1,vol_trans_follow_h1_high_cooling_h13_tp06_sl065,1.1721999999998842,0.1221999999998844,-0.5778000000001153,1,0,0,0,0.1221999999998844,23.950000000000273,13.399999999999636,0.53358208955226,9.379999999999654,0.32622601279323166,5.019999999999982,4.474999999999932,0.088,1.0,,,13,2,7.0,2024
2024-07-30 13:00:00+00:00|-1.0|vol_trans_follow_h1_high_cooling_h13_tp06_sl065,2024-07-30 13:00:00+00:00,STAGE28A,data/reports/stage28a_discovery_factory_batch_runner/stage28a_exact_trades.csv,volatility_transition_v1,vol_trans_follow_h1_high_cooling_h13_tp06_sl065,-1.6925750000001245,-2.7425750000001243,-3.442575000000124,0,0,0,0,2.7425750000001243,33.460000000000036,9.460000000000036,0.18181818181820805,6.4099999999998545,0.5397815912636684,2.2600000000002183,4.942500000000041,0.068,-1.0,,,13,1,7.0,2024
2024-08-09 13:00:00+00:00|-1.0|vol_trans_follow_h1_high_cooling_h13_tp06_sl065,2024-08-09 13:00:00+00:00,STAGE28A,data/reports/stage28a_discovery_factory_batch_runner/stage28a_exact_trades.csv,volatility_transition_v1,vol_trans_follow_h1_high_cooling_h13_tp06_sl065,-2.058525000000009,-3.1085250000000086,-3.808525000000008,0,0,0,1,3.1085250000000086,47.190000000000055,9.679999999999836,0.4845041322314188,10.159999999999854,0.24606299212598778,2.9600000000000364,5.6220000000000026,0.092,-1.0,,,13,4,8.0,2024
2024-08-12 13:00:00+00:00|1.0|vol_trans_follow_h1_high_cooling_h13_tp06_sl065,2024-08-12 13:00:00+00:00,STAGE28A,data/reports/stage28a_discovery_factory_batch_runner/stage28a_exact_trades.csv,volatility_transition_v1,vol_trans_follow_h1_high_cooling_h13_tp06_sl065,1.1739999999998871,0.1239999999998873,-0.5760000000001124,1,0,0,0,0.1239999999998873,6.519999999999982,9.389999999999873,0.19914802981894741,16.960000000000036,0.8384433962264283,4.480000000000018,4.683000000000016,0.028,1.0,,,13,0,8.0,2024
2024-08-14 13:00:00+00:00|-1.0|vol_trans_follow_h1_high_cooling_h13_tp06_sl065,2024-08-14 13:00:00+00:00,STAGE28A,data/reports/stage28a_discovery_factory_batch_runner/stage28a_exact_trades.csv,volatility_transition_v1,vol_trans_follow_h1_high_cooling_h13_tp06_sl065,1.3234000000001287,0.2734000000001289,-0.4265999999998708,1,0,1,0,0.2734000000001289,18.51000000000022,17.210000000000036,0.2719349215572505,19.289999999999964,0.6174183514774431,4.269999999999982,5.153500000000031,0.036,-1.0,,,13,2,8.0,2024
2024-08-15 13:00:00+00:00|1.0|vol_trans_follow_h1_high_cooling_h13_tp06_sl065,2024-08-15 13:00:00+00:00,STAGE28A,data/reports/stage28a_discovery_factory_batch_runner/stage28a_exact_trades.csv,volatility_transition_v1,vol_trans_follow_h1_high_cooling_h13_tp06_sl065,-1.8082749999999577,-2.8582749999999577,-3.558274999999957,0,0,0,0,2.8582749999999577,41.86000000000013,7.900000000000091,0.7367088607595059,8.480000000000018,0.36320754716980197,1.8999999999996362,4.555499999999961,0.016,1.0,,,13,3,8.0,2024
2024-08-16 13:00:00+00:00|1.0|vol_trans_follow_h1_high_cooling_h13_tp06_sl065,2024-08-16 13:00:00+00:00,STAGE28A,data/reports/stage28a_discovery_factory_batch_runner/stage28a_exact_trades.csv,volatility_transition_v1,vol_trans_follow_h1_high_cooling_h13_tp06_sl065,-2.045525000000089,-3.0955250000000887,-3.795525000000088,0,0,0,1,3.0955250000000887,37.90000000000009,9.2199999999998,0.26030368763559036,13.390000000000327,0.8110530246452473,3.0700000000001637,4.9780000000000655,0.04,1.0,,,13,4,8.0,2024
2024-08-20 13:00:00+00:00|1.0|vol_trans_follow_h1_high_cooling_h13_tp06_sl065,2024-08-20 13:00:00+00:00,STAGE28A,data/reports/stage28a_discovery_factory_batch_runner/stage28a_exact_trades.csv,volatility_transition_v1,vol_trans_follow_h1_high_cooling_h13_tp06_sl065,2.006499999999869,0.9564999999998692,0.2564999999998694,1,1,1,0,0.9564999999998692,23.800000000000182,9.5,0.2642105263157646,27.909999999999854,0.7115729129344404,5.519999999999982,5.144999999999982,0.08,1.0,,,13,1,8.0,2024
2024-08-23 13:00:00+00:00|1.0|vol_trans_follow_h1_high_cooling_h13_tp06_sl065,2024-08-23 13:00:00+00:00,STAGE28A,data/reports/stage28a_discovery_factory_batch_runner/stage28a_exact_trades.csv,volatility_transition_v1,vol_trans_follow_h1_high_cooling_h13_tp06_sl065,-1.920075000000088,-2.970075000000088,-3.670075000000088,0,0,0,0,2.970075000000088,44.07999999999993,10.150000000000091,0.8068965517241361,11.450000000000273,0.5152838427947157,4.910000000000309,4.900999999999999,0.06,1.0,,,13,4,8.0,2024
2024-08-26 13:00:00+00:00|1.0|vol_trans_follow_h1_high_cooling_h13_tp06_sl065,2024-08-26 13:00:00+00:00,STAGE28A,data/reports/stage28a_discovery_factory_batch_runner/stage28a_exact_trades.csv,volatility_transition_v1,vol_trans_follow_h1_high_cooling_h13_tp06_sl065,1.0858000000001993,0.0358000000001994,-0.6641999999998003,1,0,0,0,0.0358000000001994,3.9699999999998,7.550000000000182,0.3894039735099316,17.070000000000164,0.8904510837727081,2.1900000000000546,4.500499999999988,0.04,1.0,,,13,0,8.0,2024
2024-08-27 13:00:00+00:00|-1.0|vol_trans_follow_h1_high_cooling_h13_tp06_sl065,2024-08-27 13:00:00+00:00,STAGE28A,data/reports/stage28a_discovery_factory_batch_runner/stage28a_exact_trades.csv,volatility_transition_v1,vol_trans_follow_h1_high_cooling_h13_tp06_sl065,-2.5223000000001776,-3.572300000000177,-4.272300000000177,0,0,0,1,3.572300000000177,18.050000000000182,11.989999999999782,0.6905754795662966,13.979999999999563,0.006437768240353958,5.670000000000073,5.167499999999973,0.196,-1.0,,,13,1,8.0,2024
2024-08-28 13:00:00+00:00|1.0|vol_trans_follow_h1_high_cooling_h13_tp06_sl065,2024-08-28 13:00:00+00:00,STAGE28A,data/reports/stage28a_discovery_factory_batch_runner/stage28a_exact_trades.csv,volatility_transition_v1,vol_trans_follow_h1_high_cooling_h13_tp06_sl065,1.2247000000001207,0.1747000000001208,-0.5252999999998789,1,0,1,0,0.1747000000001208,22.4399999999996,15.88000000000011,0.6190176322418047,12.849999999999909,0.4513618677042621,3.7100000000000364,5.0939999999999825,0.172,1.0,,,13,2,8.0,2024
2024-08-29 13:00:00+00:00|1.0|vol_trans_follow_h1_high_cooling_h13_tp06_sl065,2024-08-29 13:00:00+00:00,STAGE28A,data/reports/stage28a_discovery_factory_batch_runner/stage28a_exact_trades.csv,volatility_transition_v1,vol_trans_follow_h1_high_cooling_h13_tp06_sl065,-2.314300000000094,-3.3643000000000938,-4.0643000000000935,0,0,0,1,3.3643000000000938,35.45000000000027,12.860000000000127,0.7449455676516199,10.539999999999964,0.5910815939278975,8.480000000000018,4.832999999999993,0.112,1.0,,,13,3,8.0,2024
2024-08-30 13:00:00+00:00|1.0|vol_trans_follow_h1_high_cooling_h13_tp06_sl065,2024-08-30 13:00:00+00:00,STAGE28A,data/reports/stage28a_discovery_factory_batch_runner/stage28a_exact_trades.csv,volatility_transition_v1,vol_trans_follow_h1_high_cooling_h13_tp06_sl065,1.5259000000000014,0.4759000000000015,-0.2240999999999982,1,0,1,0,0.4759000000000015,25.059999999999945,9.490000000000236,0.7766069546891157,14.860000000000127,0.7301480484522084,4.180000000000291,4.791500000000019,0.088,1.0,,,13,4,8.0,2024
2024-09-02 13:00:00+00:00|-1.0|vol_trans_follow_h1_high_cooling_h13_tp06_sl065,2024-09-02 13:00:00+00:00,STAGE28A,data/reports/stage28a_discovery_factory_batch_runner/stage28a_exact_trades.csv,volatility_transition_v1,vol_trans_follow_h1_high_cooling_h13_tp06_sl065,1.5183999999998377,0.4683999999998378,-0.2316000000001619,1,0,1,0,0.4683999999998378,3.4899999999997817,14.970000000000255,0.4736138944555795,12.0,0.2233333333333197,8.429999999999836,5.336000000000013,0.324,-1.0,,,13,0,9.0,2024
2024-09-03 13:00:00+00:00|-1.0|vol_trans_follow_h1_high_cooling_h13_tp06_sl065,2024-09-03 13:00:00+00:00,STAGE28A,data/reports/stage28a_discovery_factory_batch_runner/stage28a_exact_trades.csv,volatility_transition_v1,vol_trans_follow_h1_high_cooling_h13_tp06_sl065,1.089100000000053,0.0391000000000532,-0.6608999999999465,1,0,0,0,0.0391000000000532,17.240000000000236,10.08999999999969,0.2775024777007203,13.659999999999854,0.4612005856515223,4.1599999999998545,3.5479999999999334,0.016,-1.0,,,13,1,9.0,2024
2024-09-04 13:00:00+00:00|1.0|vol_trans_follow_h1_high_cooling_h13_tp06_sl065,2024-09-04 13:00:00+00:00,STAGE28A,data/reports/stage28a_discovery_factory_batch_runner/stage28a_exact_trades.csv,volatility_transition_v1,vol_trans_follow_h1_high_cooling_h13_tp06_sl065,1.741899999999896,0.691899999999896,-0.0081000000001036,1,0,1,0,0.691899999999896,32.80000000000018,5.679999999999836,0.32922535211266635,24.890000000000327,0.5355564483728488,11.41000000000031,5.5715000000000146,0.468,1.0,,,13,2,9.0,2024
2024-09-05 13:00:00+00:00|1.0|vol_trans_follow_h1_high_cooling_h13_tp06_sl065,2024-09-05 13:00:00+00:00,STAGE28A,data/reports/stage28a_discovery_factory_batch_runner/stage28a_exact_trades.csv,volatility_transition_v1,vol_trans_follow_h1_high_cooling_h13_tp06_sl065,-2.327300000000014,-3.3773000000000137,-4.0773000000000135,0,0,0,1,3.3773000000000137,28.620000000000346,4.880000000000109,0.08811475409832514,23.409999999999854,0.8821016659547296,2.519999999999982,4.613000000000056,0.132,1.0,,,13,3,9.0,2024
2024-09-06 13:00:00+00:00|1.0|vol_trans_follow_h1_high_cooling_h13_tp06_sl065,2024-09-06 13:00:00+00:00,STAGE28A,data/reports/stage28a_discovery_factory_batch_runner/stage28a_exact_trades.csv,volatility_transition_v1,vol_trans_follow_h1_high_cooling_h13_tp06_sl065,-1.627250000000095,-2.6772500000000945,-3.3772500000000942,0,0,0,0,2.6772500000000945,29.690000000000055,5.369999999999891,0.3873370577281135,6.360000000000127,0.14622641509431095,3.480000000000018,3.726999999999953,0.024,1.0,,,13,4,9.0,2024
2024-09-10 13:00:00+00:00|1.0|vol_trans_follow_h1_high_cooling_h13_tp06_sl065,2024-09-10 13:00:00+00:00,STAGE28A,data/reports/stage28a_discovery_factory_batch_runner/stage28a_exact_trades.csv,volatility_transition_v1,vol_trans_follow_h1_high_cooling_h13_tp06_sl065,1.0177000000002407,-0.032299999999759,-0.7322999999997588,0,0,0,0,0.032299999999759,21.75,6.220000000000255,0.7202572347266616,7.599999999999909,0.4552631578947471,5.820000000000164,3.971499999999992,0.076,1.0,,,13,1,9.0,2024
2024-09-11 13:00:00+00:00|-1.0|vol_trans_follow_h1_high_cooling_h13_tp06_sl065,2024-09-11 13:00:00+00:00,STAGE28A,data/reports/stage28a_discovery_factory_batch_runner/stage28a_exact_trades.csv,volatility_transition_v1,vol_trans_follow_h1_high_cooling_h13_tp06_sl065,-2.1849499999999358,-3.234949999999935,-3.934949999999935,0,0,0,1,3.234949999999935,18.289999999999964,7.5300000000002,0.3917662682602576,10.460000000000036,0.35946462715107125,2.6599999999998545,4.4,0.152,-1.0,,,13,2,9.0,2024
2024-09-12 13:00:00+00:00|1.0|vol_trans_follow_h1_high_cooling_h13_tp06_sl065,2024-09-12 13:00:00+00:00,STAGE28A,data/reports/stage28a_discovery_factory_batch_runner/stage28a_exact_trades.csv,volatility_transition_v1,vol_trans_follow_h1_high_cooling_h13_tp06_sl065,-1.623674999999912,-2.673674999999912,-3.373674999999912,0,0,0,0,2.673674999999912,28.09999999999991,5.139999999999873,0.5992217898832691,7.850000000000364,0.36687898089171667,2.8299999999999272,3.802999999999952,0.056,1.0,,,13,3,9.0,2024
2024-09-13 13:00:00+00:00|-1.0|vol_trans_follow_h1_high_cooling_h13_tp06_sl065,2024-09-13 13:00:00+00:00,STAGE28A,data/reports/stage28a_discovery_factory_batch_runner/stage28a_exact_trades.csv,volatility_transition_v1,vol_trans_follow_h1_high_cooling_h13_tp06_sl065,-2.4784249999998798,-3.528424999999879,-4.228424999999879,0,0,0,1,3.528424999999879,49.059999999999945,13.38000000000011,0.7825112107623104,9.980000000000018,0.0621242484970285,6.0,5.459000000000015,0.54,-1.0,,,13,4,9.0,2024
2024-09-16 13:00:00+00:00|-1.0|vol_trans_follow_h1_high_cooling_h13_tp06_sl065,2024-09-16 13:00:00+00:00,STAGE28A,data/reports/stage28a_discovery_factory_batch_runner/stage28a_exact_trades.csv,volatility_transition_v1,vol_trans_follow_h1_high_cooling_h13_tp06_sl065,-2.085175000000254,-3.135175000000254,-3.8351750000002536,0,0,0,1,3.135175000000254,2.8299999999999272,11.409999999999854,0.550394390885213,10.070000000000164,0.08142999006948318,4.040000000000418,4.147499999999991,0.128,-1.0,,,13,0,9.0,2024
2024-09-17 13:00:00+00:00|-1.0|vol_trans_follow_h1_high_cooling_h13_tp06_sl065,2024-09-17 13:00:00+00:00,STAGE28A,data/reports/stage28a_discovery_factory_batch_runner/stage28a_exact_trades.csv,volatility_transition_v1,vol_trans_follow_h1_high_cooling_h13_tp06_sl065,-2.247350000000188,-3.297350000000188,-3.9973500000001874,0,0,0,1,3.297350000000188,14.300000000000182,9.539999999999964,0.6006289308176143,15.289999999999964,0.23806409417919433,8.460000000000036,4.588000000000102,0.228,-1.0,,,13,1,9.0,2024
2024-09-18 13:00:00+00:00|1.0|vol_trans_follow_h1_high_cooling_h13_tp06_sl065,2024-09-18 13:00:00+00:00,STAGE28A,data/reports/stage28a_discovery_factory_batch_runner/stage28a_exact_trades.csv,volatility_transition_v1,vol_trans_follow_h1_high_cooling_h13_tp06_sl065,0.8742999999998574,-0.1757000000001425,-0.8757000000001423,0,0,0,0,0.1757000000001425,26.2199999999998,8.230000000000018,0.6342648845686255,10.759999999999764,0.369888475836441,3.9899999999997817,5.132999999999948,0.488,1.0,,,13,2,9.0,2024
2024-09-20 13:00:00+00:00|-1.0|vol_trans_follow_h1_high_cooling_h13_tp06_sl065,2024-09-20 13:00:00+00:00,STAGE28A,data/reports/stage28a_discovery_factory_batch_runner/stage28a_exact_trades.csv,volatility_transition_v1,vol_trans_follow_h1_high_cooling_h13_tp06_sl065,1.501599999999962,0.4515999999999622,-0.2484000000000374,1,0,1,0,0.4515999999999622,43.789999999999964,8.75,0.41142857142856104,21.419999999999618,0.6984126984127126,8.039999999999964,5.049000000000047,0.416,-1.0,,,13,4,9.0,2024
2024-09-23 13:00:00+00:00|1.0|vol_trans_follow_h1_high_cooling_h13_tp06_sl065,2024-09-23 13:00:00+00:00,STAGE28A,data/reports/stage28a_discovery_factory_batch_runner/stage28a_exact_trades.csv,volatility_transition_v1,vol_trans_follow_h1_high_cooling_h13_tp06_sl065,-2.2769250000002104,-3.32692500000021,-4.02692500000021,0,0,0,1,3.32692500000021,3.6200000000003456,14.989999999999782,0.5376917945297209,17.51000000000022,0.39634494574528656,6.6599999999998545,5.1084999999999585,0.396,1.0,,,13,0,9.0,2024
2024-09-24 13:00:00+00:00|1.0|vol_trans_follow_h1_high_cooling_h13_tp06_sl065,2024-09-24 13:00:00+00:00,STAGE28A,data/reports/stage28a_discovery_factory_batch_runner/stage28a_exact_trades.csv,volatility_transition_v1,vol_trans_follow_h1_high_cooling_h13_tp06_sl065,1.6923999999998158,0.642399999999816,-0.0576000000001837,1,0,1,0,0.642399999999816,21.01000000000022,12.349999999999909,0.5344129554655837,17.549999999999727,0.1908831908832146,3.75,4.588500000000022,0.172,1.0,,,13,1,9.0,2024
2024-09-26 13:00:00+00:00|-1.0|vol_trans_follow_h1_high_cooling_h13_tp06_sl065,2024-09-26 13:00:00+00:00,STAGE28A,data/reports/stage28a_discovery_factory_batch_runner/stage28a_exact_trades.csv,volatility_transition_v1,vol_trans_follow_h1_high_cooling_h13_tp06_sl065,1.2025000000002364,0.1525000000002365,-0.5474999999997632,1,0,1,0,0.1525000000002365,20.829999999999927,7.170000000000073,0.6094839609484382,12.570000000000164,0.49721559268098,2.869999999999891,5.068999999999915,0.308,-1.0,,,13,3,9.0,2024
2024-09-27 13:00:00+00:00|1.0|vol_trans_follow_h1_high_cooling_h13_tp06_sl065,2024-09-27 13:00:00+00:00,STAGE28A,data/reports/stage28a_discovery_factory_batch_runner/stage28a_exact_trades.csv,volatility_transition_v1,vol_trans_follow_h1_high_cooling_h13_tp06_sl065,1.5399999999998726,0.4899999999998727,-0.2100000000001269,1,0,1,0,0.4899999999998727,30.809999999999945,7.579999999999927,0.14775725593666247,15.519999999999982,0.6359536082474457,6.569999999999709,5.522500000000036,0.448,1.0,,,13,4,9.0,2024
2024-10-01 13:00:00+00:00|1.0|vol_trans_follow_h1_high_cooling_h13_tp06_sl065,2024-10-01 13:00:00+00:00,STAGE28A,data/reports/stage28a_discovery_factory_batch_runner/stage28a_exact_trades.csv,volatility_transition_v1,vol_trans_follow_h1_high_cooling_h13_tp06_sl065,0.991899999999896,-0.0581000000001039,-0.7581000000001037,0,0,0,0,0.0581000000001039,41.48000000000002,7.730000000000018,0.3842173350582468,11.840000000000146,0.9045608108108028,3.9400000000000546,4.787000000000035,0.108,1.0,,,13,1,10.0,2024
2024-10-03 13:00:00+00:00|-1.0|vol_trans_follow_h1_high_cooling_h13_tp06_sl065,2024-10-03 13:00:00+00:00,STAGE28A,data/reports/stage28a_discovery_factory_batch_runner/stage28a_exact_trades.csv,volatility_transition_v1,vol_trans_follow_h1_high_cooling_h13_tp06_sl065,-2.399125000000004,-3.4491250000000035,-4.149125000000003,0,0,0,1,3.4491250000000035,22.240000000000236,9.679999999999836,0.3615702479338904,16.659999999999854,0.6818727490996535,6.559999999999945,5.445500000000015,0.26,-1.0,,,13,3,10.0,2024
2024-10-04 13:00:00+00:00|-1.0|vol_trans_follow_h1_high_cooling_h13_tp06_sl065,2024-10-04 13:00:00+00:00,STAGE28A,data/reports/stage28a_discovery_factory_batch_runner/stage28a_exact_trades.csv,volatility_transition_v1,vol_trans_follow_h1_high_cooling_h13_tp06_sl065,0.9648999999998524,-0.0851000000001476,-0.7851000000001473,0,0,0,0,0.0851000000001476,25.61999999999989,9.210000000000036,0.5570032573289999,11.019999999999982,0.33212341197820877,3.3200000000001637,4.973000000000002,0.116,-1.0,,,13,4,10.0,2024
2024-10-10 13:00:00+00:00|1.0|vol_trans_follow_h1_high_cooling_h13_tp06_sl065,2024-10-10 13:00:00+00:00,STAGE28A,data/reports/stage28a_discovery_factory_batch_runner/stage28a_exact_trades.csv,volatility_transition_v1,vol_trans_follow_h1_high_cooling_h13_tp06_sl065,1.096300000000065,0.0463000000000648,-0.6536999999999349,1,0,0,0,0.0463000000000648,19.230000000000018,10.960000000000036,0.2636861313868903,8.2199999999998,0.6630170316301643,4.079999999999927,4.6664999999999734,0.028,1.0,,,13,3,10.0,2024
2024-10-14 13:00:00+00:00|-1.0|vol_trans_follow_h1_high_cooling_h13_tp06_sl065,2024-10-14 13:00:00+00:00,STAGE28A,data/reports/stage28a_discovery_factory_batch_runner/stage28a_exact_trades.csv,volatility_transition_v1,vol_trans_follow_h1_high_cooling_h13_tp06_sl065,1.4304999999998471,0.3804999999998473,-0.3195000000001524,1,0,1,0,0.3804999999998473,11.429999999999836,14.259999999999764,0.3709677419354875,11.480000000000018,0.24912891986063787,6.179999999999836,5.545499999999924,0.176,-1.0,,,13,0,10.0,2024
2024-10-15 13:00:00+00:00|-1.0|vol_trans_follow_h1_high_cooling_h13_tp06_sl065,2024-10-15 13:00:00+00:00,STAGE28A,data/reports/stage28a_discovery_factory_batch_runner/stage28a_exact_trades.csv,volatility_transition_v1,vol_trans_follow_h1_high_cooling_h13_tp06_sl065,1.4419000000001687,0.3919000000001689,-0.3080999999998308,1,0,1,0,0.3919000000001689,23.659999999999854,8.349999999999909,0.5185628742514939,17.829999999999927,0.448121144139081,4.460000000000036,4.957000000000017,0.056,-1.0,,,13,1,10.0,2024
2024-10-16 13:00:00+00:00|1.0|vol_trans_follow_h1_high_cooling_h13_tp06_sl065,2024-10-16 13:00:00+00:00,STAGE28A,data/reports/stage28a_discovery_factory_batch_runner/stage28a_exact_trades.csv,volatility_transition_v1,vol_trans_follow_h1_high_cooling_h13_tp06_sl065,1.4154999999999744,0.3654999999999746,-0.3345000000000251,1,0,1,0,0.3654999999999746,31.110000000000127,11.359999999999673,0.4383802816901551,17.08999999999969,0.7577530719719431,4.679999999999836,5.308499999999981,0.12,1.0,,,13,2,10.0,2024
2024-10-17 13:00:00+00:00|-1.0|vol_trans_follow_h1_high_cooling_h13_tp06_sl065,2024-10-17 13:00:00+00:00,STAGE28A,data/reports/stage28a_discovery_factory_batch_runner/stage28a_exact_trades.csv,volatility_transition_v1,vol_trans_follow_h1_high_cooling_h13_tp06_sl065,1.4670999999997547,0.4170999999997549,-0.2829000000002448,1,0,1,0,0.4170999999997549,26.559999999999945,11.63000000000011,0.2579535683576932,9.230000000000018,0.2979414951245931,5.200000000000273,4.719999999999937,0.032,-1.0,,,13,3,10.0,2024
2024-10-18 13:00:00+00:00|1.0|vol_trans_follow_h1_high_cooling_h13_tp06_sl065,2024-10-18 13:00:00+00:00,STAGE28A,data/reports/stage28a_discovery_factory_batch_runner/stage28a_exact_trades.csv,volatility_transition_v1,vol_trans_follow_h1_high_cooling_h13_tp06_sl065,-2.37539999999999,-3.4253999999999905,-4.12539999999999,0,0,0,1,3.4253999999999905,23.579999999999927,20.360000000000127,0.849214145383097,12.329999999999927,0.11678832116788833,7.010000000000218,5.587500000000046,0.272,1.0,,,13,4,10.0,2024
2024-10-21 13:00:00+00:00|1.0|vol_trans_follow_h1_high_cooling_h13_tp06_sl065,2024-10-21 13:00:00+00:00,STAGE28A,data/reports/stage28a_discovery_factory_batch_runner/stage28a_exact_trades.csv,volatility_transition_v1,vol_trans_follow_h1_high_cooling_h13_tp06_sl065,1.3311999999999895,0.2811999999999899,-0.4188000000000098,1,0,1,0,0.2811999999999899,4.5300000000002,13.570000000000164,0.585851142225477,13.420000000000073,0.21833084947837708,6.160000000000309,4.8650000000001,0.048,1.0,,,13,0,10.0,2024
2024-10-22 13:00:00+00:00|-1.0|vol_trans_follow_h1_high_cooling_h13_tp06_sl065,2024-10-22 13:00:00+00:00,STAGE28A,data/reports/stage28a_discovery_factory_batch_runner/stage28a_exact_trades.csv,volatility_transition_v1,vol_trans_follow_h1_high_cooling_h13_tp06_sl065,1.3014999999999417,0.2514999999999419,-0.4485000000000578,1,0,1,0,0.2514999999999419,26.529999999999745,14.860000000000127,0.6917900403768581,9.539999999999964,0.06918238993709193,6.309999999999945,5.823499999999967,0.416,-1.0,,,13,1,10.0,2024
2024-10-23 13:00:00+00:00|-1.0|vol_trans_follow_h1_high_cooling_h13_tp06_sl065,2024-10-23 13:00:00+00:00,STAGE28A,data/reports/stage28a_discovery_factory_batch_runner/stage28a_exact_trades.csv,volatility_transition_v1,vol_trans_follow_h1_high_cooling_h13_tp06_sl065,-1.94152499999982,-2.9915249999998195,-3.691524999999819,0,0,0,0,2.9915249999998195,30.76000000000022,10.180000000000291,0.1237721021611181,13.070000000000164,0.3458301453710731,7.739999999999782,5.100499999999988,0.1,-1.0,,,13,2,10.0,2024
2024-10-25 13:00:00+00:00|1.0|vol_trans_follow_h1_high_cooling_h13_tp06_sl065,2024-10-25 13:00:00+00:00,STAGE28A,data/reports/stage28a_discovery_factory_batch_runner/stage28a_exact_trades.csv,volatility_transition_v1,vol_trans_follow_h1_high_cooling_h13_tp06_sl065,1.367200000000048,0.3172000000000481,-0.3827999999999516,1,0,1,0,0.3172000000000481,29.029999999999745,11.730000000000018,0.7357203751065725,15.730000000000018,0.3146853146853317,4.320000000000164,5.034999999999991,0.096,1.0,,,13,4,10.0,2024
2024-10-29 13:00:00+00:00|-1.0|vol_trans_follow_h1_high_cooling_h13_tp06_sl065,2024-10-29 13:00:00+00:00,STAGE28A,data/reports/stage28a_discovery_factory_batch_runner/stage28a_exact_trades.csv,volatility_transition_v1,vol_trans_follow_h1_high_cooling_h13_tp06_sl065,1.278400000000056,0.2284000000000561,-0.4715999999999436,1,0,1,0,0.2284000000000561,21.190000000000055,18.070000000000164,0.8096292197011609,10.590000000000146,0.47969782813974104,5.789999999999964,4.903000000000043,0.092,-1.0,,,13,1,10.0,2024
2024-10-30 13:00:00+00:00|-1.0|vol_trans_follow_h1_high_cooling_h13_tp06_sl065,2024-10-30 13:00:00+00:00,STAGE28A,data/reports/stage28a_discovery_factory_batch_runner/stage28a_exact_trades.csv,volatility_transition_v1,vol_trans_follow_h1_high_cooling_h13_tp06_sl065,-2.067299999999796,-3.1172999999997955,-3.817299999999795,0,0,0,1,3.1172999999997955,35.41000000000031,9.389999999999873,0.7518636847710374,11.7800000000002,0.0008488964346534898,6.300000000000182,5.081999999999994,0.16,-1.0,,,13,2,10.0,2024
2024-10-31 13:00:00+00:00|1.0|vol_trans_follow_h1_high_cooling_h13_tp06_sl065,2024-10-31 13:00:00+00:00,STAGE28A,data/reports/stage28a_discovery_factory_batch_runner/stage28a_exact_trades.csv,volatility_transition_v1,vol_trans_follow_h1_high_cooling_h13_tp06_sl065,1.305999999999949,0.2559999999999491,-0.4440000000000506,1,0,1,0,0.2559999999999491,19.139999999999873,8.029999999999745,0.2889165628891952,13.509999999999764,0.2672094744633409,8.0,4.854499999999962,0.072,1.0,,,13,3,10.0,2024
2024-11-01 13:00:00+00:00|-1.0|vol_trans_follow_h1_high_cooling_h13_tp06_sl065,2024-11-01 13:00:00+00:00,STAGE28A,data/reports/stage28a_discovery_factory_batch_runner/stage28a_exact_trades.csv,volatility_transition_v1,vol_trans_follow_h1_high_cooling_h13_tp06_sl065,-2.408875000000171,-3.458875000000171,-4.158875000000171,0,0,0,1,3.458875000000171,58.65000000000009,9.6899999999996,0.9195046439629182,12.86999999999989,0.20512820512819696,6.980000000000018,5.167999999999983,0.18,-1.0,,,13,4,11.0,2024
2024-11-05 13:00:00+00:00|-1.0|vol_trans_follow_h1_high_cooling_h13_tp06_sl065,2024-11-05 13:00:00+00:00,STAGE28A,data/reports/stage28a_discovery_factory_batch_runner/stage28a_exact_trades.csv,volatility_transition_v1,vol_trans_follow_h1_high_cooling_h13_tp06_sl065,-2.3714999999998327,-3.421499999999833,-4.121499999999832,0,0,0,1,3.421499999999833,18.789999999999964,13.260000000000218,0.12141779788835944,13.2800000000002,0.2567771084337201,4.639999999999873,5.242500000000041,0.188,-1.0,,,13,1,11.0,2024
2024-11-11 13:00:00+00:00|-1.0|vol_trans_follow_h1_high_cooling_h13_tp06_sl065,2024-11-11 13:00:00+00:00,STAGE28A,data/reports/stage28a_discovery_factory_batch_runner/stage28a_exact_trades.csv,volatility_transition_v1,vol_trans_follow_h1_high_cooling_h13_tp06_sl065,1.789599999999973,0.7395999999999732,0.0395999999999734,1,1,1,0,0.7395999999999732,4.230000000000018,19.7199999999998,0.6866125760649139,14.38000000000011,0.7183588317107304,14.38000000000011,5.786500000000001,0.248,-1.0,,,13,0,11.0,2024
2024-11-13 13:00:00+00:00|1.0|vol_trans_follow_h1_high_cooling_h13_tp06_sl065,2024-11-13 13:00:00+00:00,STAGE28A,data/reports/stage28a_discovery_factory_batch_runner/stage28a_exact_trades.csv,volatility_transition_v1,vol_trans_follow_h1_high_cooling_h13_tp06_sl065,1.5066999999998187,0.4566999999998189,-0.2433000000001808,1,0,1,0,0.4566999999998189,37.48000000000002,15.940000000000055,0.4567126725219398,10.599999999999909,0.2584905660377604,3.4400000000000546,5.74200000000003,0.16,1.0,,,13,2,11.0,2024
2024-11-19 13:00:00+00:00|1.0|vol_trans_follow_h1_high_cooling_h13_tp06_sl065,2024-11-19 13:00:00+00:00,STAGE28A,data/reports/stage28a_discovery_factory_batch_runner/stage28a_exact_trades.csv,volatility_transition_v1,vol_trans_follow_h1_high_cooling_h13_tp06_sl065,-2.643525000000045,-3.693525000000045,-4.393525000000045,0,0,0,1,3.693525000000045,52.84999999999991,15.36999999999989,0.6649316851008671,18.710000000000036,0.659005879208974,6.579999999999927,5.111500000000047,0.016,1.0,,,13,1,11.0,2024
2024-11-20 13:00:00+00:00|1.0|vol_trans_follow_h1_high_cooling_h13_tp06_sl065,2024-11-20 13:00:00+00:00,STAGE28A,data/reports/stage28a_discovery_factory_batch_runner/stage28a_exact_trades.csv,volatility_transition_v1,vol_trans_follow_h1_high_cooling_h13_tp06_sl065,1.4776000000000749,0.427600000000075,-0.2723999999999247,1,0,1,0,0.427600000000075,29.179999999999836,10.159999999999854,0.14763779527559268,19.740000000000236,0.5916919959472997,5.2400000000002365,4.97000000000005,0.004,1.0,,,13,2,11.0,2024
2024-11-21 13:00:00+00:00|1.0|vol_trans_follow_h1_high_cooling_h13_tp06_sl065,2024-11-21 13:00:00+00:00,STAGE28A,data/reports/stage28a_discovery_factory_batch_runner/stage28a_exact_trades.csv,volatility_transition_v1,vol_trans_follow_h1_high_cooling_h13_tp06_sl065,-2.3620750000000954,-3.4120750000000952,-4.112075000000095,0,0,0,1,3.4120750000000952,36.64000000000033,11.610000000000127,0.41860465116279705,17.059999999999945,0.759671746776089,5.239999999999782,5.6704999999999925,0.084,1.0,,,13,3,11.0,2024
2024-11-27 13:00:00+00:00|1.0|vol_trans_follow_h1_high_cooling_h13_tp06_sl065,2024-11-27 13:00:00+00:00,STAGE28A,data/reports/stage28a_discovery_factory_batch_runner/stage28a_exact_trades.csv,volatility_transition_v1,vol_trans_follow_h1_high_cooling_h13_tp06_sl065,1.4280999999999948,0.378099999999995,-0.3219000000000047,1,0,1,0,0.378099999999995,36.76999999999998,13.510000000000218,0.4885270170244117,15.690000000000055,0.6201402166985331,2.180000000000291,5.795500000000016,0.116,1.0,,,13,2,11.0,2024
2024-11-28 13:00:00+00:00|1.0|vol_trans_follow_h1_high_cooling_h13_tp06_sl065,2024-11-28 13:00:00+00:00,STAGE28A,data/reports/stage28a_discovery_factory_batch_runner/stage28a_exact_trades.csv,volatility_transition_v1,vol_trans_follow_h1_high_cooling_h13_tp06_sl065,-2.264899999999761,-3.3148999999997613,-4.014899999999761,0,0,0,1,3.3148999999997613,31.329999999999927,17.48999999999978,0.33390508862208224,19.41000000000031,0.8377125193199126,4.7400000000002365,6.230499999999961,0.248,1.0,,,13,3,11.0,2024
2024-11-29 13:00:00+00:00|-1.0|vol_trans_follow_h1_high_cooling_h13_tp06_sl065,2024-11-29 13:00:00+00:00,STAGE28A,data/reports/stage28a_discovery_factory_batch_runner/stage28a_exact_trades.csv,volatility_transition_v1,vol_trans_follow_h1_high_cooling_h13_tp06_sl065,1.7380000000001927,0.6880000000001929,-0.0119999999998068,1,0,1,0,0.6880000000001929,28.65000000000009,30.29000000000042,0.6956091119181206,11.809999999999945,0.2464013547840701,4.549999999999727,5.9180000000000295,0.212,-1.0,,,13,4,11.0,2024
2024-12-03 13:00:00+00:00|-1.0|vol_trans_follow_h1_high_cooling_h13_tp06_sl065,2024-12-03 13:00:00+00:00,STAGE28A,data/reports/stage28a_discovery_factory_batch_runner/stage28a_exact_trades.csv,volatility_transition_v1,vol_trans_follow_h1_high_cooling_h13_tp06_sl065,-2.198599999999806,-3.2485999999998056,-3.948599999999805,0,0,0,1,3.2485999999998056,30.550000000000182,11.13000000000011,0.21024258760104833,12.860000000000127,0.21228615863141456,3.1700000000000728,5.37699999999993,0.068,-1.0,,,13,1,12.0,2024
2024-12-04 13:00:00+00:00|1.0|vol_trans_follow_h1_high_cooling_h13_tp06_sl065,2024-12-04 13:00:00+00:00,STAGE28A,data/reports/stage28a_discovery_factory_batch_runner/stage28a_exact_trades.csv,volatility_transition_v1,vol_trans_follow_h1_high_cooling_h13_tp06_sl065,1.2306999999999788,0.180699999999979,-0.5193000000000207,1,0,1,0,0.180699999999979,21.43000000000029,10.960000000000036,0.5136861313868696,14.930000000000291,0.282652377762905,4.269999999999982,5.29050000000002,0.044,1.0,,,13,2,12.0,2024
2024-12-05 13:00:00+00:00|1.0|vol_trans_follow_h1_high_cooling_h13_tp06_sl065,2024-12-05 13:00:00+00:00,STAGE28A,data/reports/stage28a_discovery_factory_batch_runner/stage28a_exact_trades.csv,volatility_transition_v1,vol_trans_follow_h1_high_cooling_h13_tp06_sl065,1.2993999999997867,0.2493999999997869,-0.4506000000002128,1,0,1,0,0.2493999999997869,24.800000000000182,6.940000000000055,0.5821325648414888,13.88000000000011,0.17939481268009813,5.820000000000164,5.433999999999946,0.052,1.0,,,13,3,12.0,2024
2024-12-10 13:00:00+00:00|1.0|vol_trans_follow_h1_high_cooling_h13_tp06_sl065,2024-12-10 13:00:00+00:00,STAGE28A,data/reports/stage28a_discovery_factory_batch_runner/stage28a_exact_trades.csv,volatility_transition_v1,vol_trans_follow_h1_high_cooling_h13_tp06_sl065,1.5669999999999162,0.5169999999999164,-0.1830000000000833,1,0,1,0,0.5169999999999164,48.84999999999991,15.91000000000031,0.6140791954745598,15.539999999999964,0.3301158301158379,12.319999999999709,5.638500000000022,0.124,1.0,,,13,1,12.0,2024
2024-12-16 13:00:00+00:00|1.0|vol_trans_follow_h1_high_cooling_h13_tp06_sl065,2024-12-16 13:00:00+00:00,STAGE28A,data/reports/stage28a_discovery_factory_batch_runner/stage28a_exact_trades.csv,volatility_transition_v1,vol_trans_follow_h1_high_cooling_h13_tp06_sl065,-2.0858250000002045,-3.1358250000002044,-3.835825000000204,0,0,0,1,3.1358250000002044,4.569999999999709,12.110000000000127,0.10982658959536856,12.450000000000273,0.48514056224898244,3.230000000000018,5.1964999999999915,0.024,1.0,,,13,0,12.0,2024
2024-12-17 13:00:00+00:00|-1.0|vol_trans_follow_h1_high_cooling_h13_tp06_sl065,2024-12-17 13:00:00+00:00,STAGE28A,data/reports/stage28a_discovery_factory_batch_runner/stage28a_exact_trades.csv,volatility_transition_v1,vol_trans_follow_h1_high_cooling_h13_tp06_sl065,1.9138000000001736,0.863800000000174,0.1638000000001742,1,1,1,0,0.863800000000174,20.75,7.650000000000091,0.006535947712442001,19.0300000000002,0.7157120336311195,5.079999999999927,5.214500000000021,0.08,-1.0,,,13,1,12.0,2024
2024-12-18 13:00:00+00:00|1.0|vol_trans_follow_h1_high_cooling_h13_tp06_sl065,2024-12-18 13:00:00+00:00,STAGE28A,data/reports/stage28a_discovery_factory_batch_runner/stage28a_exact_trades.csv,volatility_transition_v1,vol_trans_follow_h1_high_cooling_h13_tp06_sl065,-1.8443499999999404,-2.89434999999994,-3.59434999999994,0,0,0,0,2.89434999999994,25.659999999999854,9.079999999999927,0.2444933920704645,7.559999999999945,0.42857142857146296,3.1700000000000728,4.38100000000004,0.004,1.0,,,13,2,12.0,2024
2024-12-20 13:00:00+00:00|-1.0|vol_trans_follow_h1_high_cooling_h13_tp06_sl065,2024-12-20 13:00:00+00:00,STAGE28A,data/reports/stage28a_discovery_factory_batch_runner/stage28a_exact_trades.csv,volatility_transition_v1,vol_trans_follow_h1_high_cooling_h13_tp06_sl065,-2.051050000000123,-3.101050000000123,-3.8010500000001226,0,0,0,1,3.101050000000123,43.99000000000024,14.320000000000164,0.3058659217877136,11.180000000000291,0.5661896243291786,2.900000000000091,5.50750000000005,0.164,-1.0,,,13,4,12.0,2024
2024-12-23 13:00:00+00:00|-1.0|vol_trans_follow_h1_high_cooling_h13_tp06_sl065,2024-12-23 13:00:00+00:00,STAGE28A,data/reports/stage28a_discovery_factory_batch_runner/stage28a_exact_trades.csv,volatility_transition_v1,vol_trans_follow_h1_high_cooling_h13_tp06_sl065,1.303899999999794,0.2538999999997942,-0.4461000000002055,1,0,1,0,0.2538999999997942,3.1600000000003092,10.0,0.1069999999999709,14.389999999999873,0.44336344683809353,8.039999999999964,5.527000000000044,0.184,-1.0,,,13,0,12.0,2024
2024-12-24 13:00:00+00:00|1.0|vol_trans_follow_h1_high_cooling_h13_tp06_sl065,2024-12-24 13:00:00+00:00,STAGE28A,data/reports/stage28a_discovery_factory_batch_runner/stage28a_exact_trades.csv,volatility_transition_v1,vol_trans_follow_h1_high_cooling_h13_tp06_sl065,-1.6906249999998182,-2.740624999999818,-3.4406249999998177,0,0,0,0,2.740624999999818,25.279999999999745,8.889999999999873,0.5129358830146243,8.309999999999945,0.5571600481347941,4.7199999999998,4.0959999999999805,0.008,1.0,,,13,1,12.0,2024
2024-12-26 13:00:00+00:00|1.0|vol_trans_follow_h1_high_cooling_h13_tp06_sl065,2024-12-26 13:00:00+00:00,STAGE28A,data/reports/stage28a_discovery_factory_batch_runner/stage28a_exact_trades.csv,volatility_transition_v1,vol_trans_follow_h1_high_cooling_h13_tp06_sl065,-1.5973500000000969,-2.6473500000000967,-3.3473500000000964,0,0,0,0,2.6473500000000967,7.519999999999982,16.299999999999727,0.5539877300613713,6.049999999999727,0.2264462809917277,2.599999999999909,4.40150000000001,0.088,1.0,,,13,3,12.0,2024
2024-12-27 13:00:00+00:00|1.0|vol_trans_follow_h1_high_cooling_h13_tp06_sl065,2024-12-27 13:00:00+00:00,STAGE28A,data/reports/stage28a_discovery_factory_batch_runner/stage28a_exact_trades.csv,volatility_transition_v1,vol_trans_follow_h1_high_cooling_h13_tp06_sl065,1.2229000000001178,0.1729000000001179,-0.5270999999998818,1,0,1,0,0.1729000000001179,26.139999999999873,6.550000000000182,0.14656488549618468,14.829999999999927,0.4686446392447641,4.510000000000218,4.311000000000059,0.104,1.0,,,13,4,12.0,2024
2024-12-30 13:00:00+00:00|-1.0|vol_trans_follow_h1_high_cooling_h13_tp06_sl065,2024-12-30 13:00:00+00:00,STAGE28A,data/reports/stage28a_discovery_factory_batch_runner/stage28a_exact_trades.csv,volatility_transition_v1,vol_trans_follow_h1_high_cooling_h13_tp06_sl065,1.27480000000005,0.2248000000000503,-0.4751999999999494,1,0,1,0,0.2248000000000503,7.4699999999998,9.489999999999782,0.2012644889357111,15.480000000000018,0.7558139534883594,4.789999999999964,5.360000000000014,0.432,-1.0,,,13,0,12.0,2024
2024-12-31 13:00:00+00:00|-1.0|vol_trans_follow_h1_high_cooling_h13_tp06_sl065,2024-12-31 13:00:00+00:00,STAGE28A,data/reports/stage28a_discovery_factory_batch_runner/stage28a_exact_trades.csv,volatility_transition_v1,vol_trans_follow_h1_high_cooling_h13_tp06_sl065,-1.9938499999999293,-3.0438499999999293,-3.743849999999929,0,0,0,0,3.0438499999999293,32.159999999999854,8.059999999999945,0.01488833746896919,15.179999999999836,0.33596837944663793,4.809999999999945,4.7085000000000035,0.272,-1.0,,,13,1,12.0,2024
2025-01-02 13:00:00+00:00|1.0|vol_trans_follow_h1_high_cooling_h13_tp06_sl065,2025-01-02 13:00:00+00:00,STAGE28A,data/reports/stage28a_discovery_factory_batch_runner/stage28a_exact_trades.csv,volatility_transition_v1,vol_trans_follow_h1_high_cooling_h13_tp06_sl065,-2.3783250000002227,-3.4283250000002226,-4.128325000000222,0,0,0,1,3.4283250000002226,4.2800000000002,14.769999999999982,0.6899119837508508,15.090000000000146,0.5765407554671792,13.570000000000164,5.480000000000087,0.52,1.0,,,13,3,1.0,2025
2025-01-03 13:00:00+00:00|1.0|vol_trans_follow_h1_high_cooling_h13_tp06_sl065,2025-01-03 13:00:00+00:00,STAGE28A,data/reports/stage28a_discovery_factory_batch_runner/stage28a_exact_trades.csv,volatility_transition_v1,vol_trans_follow_h1_high_cooling_h13_tp06_sl065,-2.1612249999999222,-3.211224999999922,-3.911224999999922,0,0,0,1,3.211224999999922,38.73000000000002,9.019999999999982,0.5000000000000252,13.019999999999982,0.40476190476190393,4.799999999999727,5.378500000000008,0.432,1.0,,,13,4,1.0,2025
2025-01-06 13:00:00+00:00|1.0|vol_trans_follow_h1_high_cooling_h13_tp06_sl065,2025-01-06 13:00:00+00:00,STAGE28A,data/reports/stage28a_discovery_factory_batch_runner/stage28a_exact_trades.csv,volatility_transition_v1,vol_trans_follow_h1_high_cooling_h13_tp06_sl065,-2.258074999999826,-3.308074999999826,-4.008074999999826,0,0,0,1,3.308074999999826,3.5399999999999636,12.860000000000127,0.43001555209954473,11.090000000000146,0.15148782687103826,4.1599999999998545,5.014499999999998,0.296,1.0,,,13,0,1.0,2025
2025-01-07 13:00:00+00:00|1.0|vol_trans_follow_h1_high_cooling_h13_tp06_sl065,2025-01-07 13:00:00+00:00,STAGE28A,data/reports/stage28a_discovery_factory_batch_runner/stage28a_exact_trades.csv,volatility_transition_v1,vol_trans_follow_h1_high_cooling_h13_tp06_sl065,1.1989000000002306,0.1489000000002307,-0.551099999999769,1,0,0,0,0.1489000000002307,35.13000000000011,8.300000000000182,0.4325301204819358,9.7800000000002,0.575664621676891,3.4600000000000364,4.616999999999985,0.212,1.0,,,13,1,1.0,2025
2025-01-08 13:00:00+00:00|-1.0|vol_trans_follow_h1_high_cooling_h13_tp06_sl065,2025-01-08 13:00:00+00:00,STAGE28A,data/reports/stage28a_discovery_factory_batch_runner/stage28a_exact_trades.csv,volatility_transition_v1,vol_trans_follow_h1_high_cooling_h13_tp06_sl065,0.8958999999998923,-0.1541000000001076,-0.8541000000001073,0,0,0,0,0.1541000000001076,31.429999999999836,6.260000000000218,0.4536741214056856,8.420000000000073,0.7304038004750639,2.4900000000002365,4.52950000000003,0.188,-1.0,,,13,2,1.0,2025
2025-01-09 13:00:00+00:00|1.0|vol_trans_follow_h1_high_cooling_h13_tp06_sl065,2025-01-09 13:00:00+00:00,STAGE28A,data/reports/stage28a_discovery_factory_batch_runner/stage28a_exact_trades.csv,volatility_transition_v1,vol_trans_follow_h1_high_cooling_h13_tp06_sl065,-2.209324999999899,-3.2593249999998988,-3.9593249999998985,0,0,0,1,3.2593249999998988,24.700000000000273,7.650000000000091,0.44836601307192814,10.929999999999836,0.7758462946020261,4.129999999999654,5.8055000000000065,0.696,1.0,,,13,3,1.0,2025
2025-01-10 13:00:00+00:00|1.0|vol_trans_follow_h1_high_cooling_h13_tp06_sl065,2025-01-10 13:00:00+00:00,STAGE28A,data/reports/stage28a_discovery_factory_batch_runner/stage28a_exact_trades.csv,volatility_transition_v1,vol_trans_follow_h1_high_cooling_h13_tp06_sl065,-2.170000000000164,-3.220000000000164,-3.9200000000001634,0,0,0,1,3.220000000000164,22.809999999999945,6.349999999999909,0.2913385826771552,11.099999999999909,0.827027027027019,4.360000000000127,3.888499999999931,0.008,1.0,,,13,4,1.0,2025
2025-01-14 13:00:00+00:00|-1.0|vol_trans_follow_h1_high_cooling_h13_tp06_sl065,2025-01-14 13:00:00+00:00,STAGE28A,data/reports/stage28a_discovery_factory_batch_runner/stage28a_exact_trades.csv,volatility_transition_v1,vol_trans_follow_h1_high_cooling_h13_tp06_sl065,-2.0991500000001,-3.1491500000001,-3.8491500000000993,0,0,0,1,3.1491500000001,36.73000000000002,12.5300000000002,0.4333599361532123,10.629999999999654,0.644402634054575,4.190000000000055,5.336000000000013,0.32,-1.0,,,13,1,1.0,2025
2025-01-15 13:00:00+00:00|1.0|vol_trans_follow_h1_high_cooling_h13_tp06_sl065,2025-01-15 13:00:00+00:00,STAGE28A,data/reports/stage28a_discovery_factory_batch_runner/stage28a_exact_trades.csv,volatility_transition_v1,vol_trans_follow_h1_high_cooling_h13_tp06_sl065,1.1100999999997838,0.0600999999997839,-0.6399000000002157,1,0,0,0,0.0600999999997839,18.570000000000164,10.11999999999989,0.001976284584978461,14.450000000000273,0.8761245674740218,4.220000000000255,4.448000000000002,0.08,1.0,,,13,2,1.0,2025
2025-01-16 13:00:00+00:00|1.0|vol_trans_follow_h1_high_cooling_h13_tp06_sl065,2025-01-16 13:00:00+00:00,STAGE28A,data/reports/stage28a_discovery_factory_batch_runner/stage28a_exact_trades.csv,volatility_transition_v1,vol_trans_follow_h1_high_cooling_h13_tp06_sl065,1.4506000000000312,0.4006000000000314,-0.2993999999999683,1,0,1,0,0.4006000000000314,28.210000000000036,9.349999999999909,0.27593582887700024,18.529999999999745,0.5553157042633624,3.8899999999998727,5.035499999999956,0.192,1.0,,,13,3,1.0,2025
2025-01-17 13:00:00+00:00|-1.0|vol_trans_follow_h1_high_cooling_h13_tp06_sl065,2025-01-17 13:00:00+00:00,STAGE28A,data/reports/stage28a_discovery_factory_batch_runner/stage28a_exact_trades.csv,volatility_transition_v1,vol_trans_follow_h1_high_cooling_h13_tp06_sl065,1.1065000000002327,0.0565000000002329,-0.6434999999997668,1,0,0,0,0.0565000000002329,34.73000000000002,7.489999999999782,0.006675567423255454,12.769999999999982,0.8433829287392324,3.4299999999998363,4.174500000000012,0.036,-1.0,,,13,4,1.0,2025
2025-01-20 13:00:00+00:00|1.0|vol_trans_follow_h1_high_cooling_h13_tp06_sl065,2025-01-20 13:00:00+00:00,STAGE28A,data/reports/stage28a_discovery_factory_batch_runner/stage28a_exact_trades.csv,volatility_transition_v1,vol_trans_follow_h1_high_cooling_h13_tp06_sl065,-2.224275000000125,-3.274275000000125,-3.974275000000125,0,0,0,1,3.274275000000125,11.990000000000236,17.269999999999982,0.5500868558193405,10.960000000000036,0.23448905109486318,4.769999999999982,5.941499999999996,0.632,1.0,,,13,0,1.0,2025
2025-01-22 13:00:00+00:00|1.0|vol_trans_follow_h1_high_cooling_h13_tp06_sl065,2025-01-22 13:00:00+00:00,STAGE28A,data/reports/stage28a_discovery_factory_batch_runner/stage28a_exact_trades.csv,volatility_transition_v1,vol_trans_follow_h1_high_cooling_h13_tp06_sl065,-2.64320000000007,-3.6932000000000698,-4.3932000000000695,0,0,0,1,3.6932000000000698,43.279999999999745,10.9699999999998,0.711030082041962,17.90000000000009,0.44525139664803126,5.170000000000073,5.861499999999933,0.544,1.0,,,13,2,1.0,2025
2025-01-23 13:00:00+00:00|1.0|vol_trans_follow_h1_high_cooling_h13_tp06_sl065,2025-01-23 13:00:00+00:00,STAGE28A,data/reports/stage28a_discovery_factory_batch_runner/stage28a_exact_trades.csv,volatility_transition_v1,vol_trans_follow_h1_high_cooling_h13_tp06_sl065,1.260700000000179,0.210700000000179,-0.4892999999998206,1,0,1,0,0.210700000000179,21.449999999999818,6.809999999999945,0.5624082232011686,14.75,0.02440677966102558,7.380000000000109,4.288000000000079,0.06,1.0,,,13,3,1.0,2025
2025-01-24 13:00:00+00:00|1.0|vol_trans_follow_h1_high_cooling_h13_tp06_sl065,2025-01-24 13:00:00+00:00,STAGE28A,data/reports/stage28a_discovery_factory_batch_runner/stage28a_exact_trades.csv,volatility_transition_v1,vol_trans_follow_h1_high_cooling_h13_tp06_sl065,1.2903999999997722,0.2403999999997723,-0.4596000000002274,1,0,1,0,0.2403999999997723,23.25,23.940000000000055,0.7263993316624826,8.300000000000182,0.44578313253014357,4.7400000000002365,5.724999999999977,0.42,1.0,,,13,4,1.0,2025
2025-01-28 13:00:00+00:00|-1.0|vol_trans_follow_h1_high_cooling_h13_tp06_sl065,2025-01-28 13:00:00+00:00,STAGE28A,data/reports/stage28a_discovery_factory_batch_runner/stage28a_exact_trades.csv,volatility_transition_v1,vol_trans_follow_h1_high_cooling_h13_tp06_sl065,1.1989000000002306,0.1489000000002307,-0.551099999999769,1,0,0,0,0.1489000000002307,42.289999999999964,7.579999999999927,0.09366754617414817,10.570000000000164,0.07284768211920245,4.930000000000291,5.334999999999968,0.22,-1.0,,,13,1,1.0,2025
2025-01-29 13:00:00+00:00|-1.0|vol_trans_follow_h1_high_cooling_h13_tp06_sl065,2025-01-29 13:00:00+00:00,STAGE28A,data/reports/stage28a_discovery_factory_batch_runner/stage28a_exact_trades.csv,volatility_transition_v1,vol_trans_follow_h1_high_cooling_h13_tp06_sl065,1.017999999999938,-0.0320000000000617,-0.7320000000000615,0,0,0,0,0.0320000000000617,30.639999999999873,4.730000000000018,0.061310782241006875,8.909999999999854,0.48260381593717755,6.360000000000127,3.4740000000000237,0.012,-1.0,,,13,2,1.0,2025
2025-01-30 13:00:00+00:00|1.0|vol_trans_follow_h1_high_cooling_h13_tp06_sl065,2025-01-30 13:00:00+00:00,STAGE28A,data/reports/stage28a_discovery_factory_batch_runner/stage28a_exact_trades.csv,volatility_transition_v1,vol_trans_follow_h1_high_cooling_h13_tp06_sl065,1.278700000000208,0.2287000000002081,-0.4712999999997915,1,0,1,0,0.2287000000002081,21.470000000000255,5.330000000000382,0.035647279549726255,20.539999999999964,0.8695228821811177,5.420000000000073,5.335500000000025,0.344,1.0,,,13,3,1.0,2025
2025-01-31 13:00:00+00:00|1.0|vol_trans_follow_h1_high_cooling_h13_tp06_sl065,2025-01-31 13:00:00+00:00,STAGE28A,data/reports/stage28a_discovery_factory_batch_runner/stage28a_exact_trades.csv,volatility_transition_v1,vol_trans_follow_h1_high_cooling_h13_tp06_sl065,-2.2401999999998226,-3.2901999999998224,-3.990199999999822,0,0,0,1,3.2901999999998224,40.40000000000009,7.369999999999891,0.03799185888734728,10.140000000000327,0.16074950690331377,4.150000000000091,5.239999999999986,0.324,1.0,,,13,4,1.0,2025
2025-02-07 13:00:00+00:00|-1.0|vol_trans_follow_h1_high_cooling_h13_tp06_sl065,2025-02-07 13:00:00+00:00,STAGE28A,data/reports/stage28a_discovery_factory_batch_runner/stage28a_exact_trades.csv,volatility_transition_v1,vol_trans_follow_h1_high_cooling_h13_tp06_sl065,1.3810000000002218,0.331000000000222,-0.3689999999997777,1,0,1,0,0.331000000000222,39.25,15.579999999999927,0.5353016688061736,11.7199999999998,0.09556313993173293,5.779999999999745,5.33599999999999,0.264,-1.0,,,13,4,2.0,2025
2025-02-14 13:00:00+00:00|1.0|vol_trans_follow_h1_high_cooling_h13_tp06_sl065,2025-02-14 13:00:00+00:00,STAGE28A,data/reports/stage28a_discovery_factory_batch_runner/stage28a_exact_trades.csv,volatility_transition_v1,vol_trans_follow_h1_high_cooling_h13_tp06_sl065,1.592199999999957,0.5421999999999572,-0.1578000000000425,1,0,1,0,0.5421999999999572,31.13000000000011,10.860000000000127,0.24677716390425963,13.309999999999945,0.5416979714500425,5.789999999999964,5.694999999999959,0.072,1.0,,,13,4,2.0,2025
2025-02-18 13:00:00+00:00|-1.0|vol_trans_follow_h1_high_cooling_h13_tp06_sl065,2025-02-18 13:00:00+00:00,STAGE28A,data/reports/stage28a_discovery_factory_batch_runner/stage28a_exact_trades.csv,volatility_transition_v1,vol_trans_follow_h1_high_cooling_h13_tp06_sl065,1.269099999999889,0.2190999999998895,-0.4809000000001102,1,0,1,0,0.2190999999998895,28.340000000000146,19.059999999999945,0.600734522560328,8.389999999999873,0.07866507747322041,6.429999999999836,4.858000000000038,0.016,-1.0,,,13,1,2.0,2025
2025-02-25 13:00:00+00:00|-1.0|vol_trans_follow_h1_high_cooling_h13_tp06_sl065,2025-02-25 13:00:00+00:00,STAGE28A,data/reports/stage28a_discovery_factory_batch_runner/stage28a_exact_trades.csv,volatility_transition_v1,vol_trans_follow_h1_high_cooling_h13_tp06_sl065,-2.607775000000038,-3.6577750000000377,-4.3577750000000375,0,0,0,1,3.6577750000000377,35.16000000000031,18.909999999999854,0.6959280803807486,12.91000000000031,0.05654531371030214,4.079999999999927,6.0479999999999565,0.116,-1.0,,,13,1,2.0,2025
2025-03-12 13:00:00+00:00|-1.0|vol_trans_follow_h1_high_cooling_h13_tp06_sl065,2025-03-12 13:00:00+00:00,STAGE28A,data/reports/stage28a_discovery_factory_batch_runner/stage28a_exact_trades.csv,volatility_transition_v1,vol_trans_follow_h1_high_cooling_h13_tp06_sl065,1.6647999999999228,0.614799999999923,-0.0852000000000767,1,0,1,0,0.614799999999923,41.909999999999854,9.090000000000146,0.10121012101205756,16.450000000000273,0.043161094224925506,4.2199999999998,5.377499999999964,0.012,-1.0,,,13,2,3.0,2025
2025-03-13 13:00:00+00:00|-1.0|vol_trans_follow_h1_high_cooling_h13_tp06_sl065,2025-03-13 13:00:00+00:00,STAGE28A,data/reports/stage28a_discovery_factory_batch_runner/stage28a_exact_trades.csv,volatility_transition_v1,vol_trans_follow_h1_high_cooling_h13_tp06_sl065,-2.299674999999843,-3.3496749999998428,-4.0496749999998425,0,0,0,1,3.3496749999998428,34.40000000000009,14.309999999999945,0.8315863032844261,15.86999999999989,0.043478260869568956,6.4099999999998545,5.7049999999999725,0.044,-1.0,,,13,3,3.0,2025
2025-03-17 13:00:00+00:00|1.0|vol_trans_follow_h1_high_cooling_h13_tp06_sl065,2025-03-17 13:00:00+00:00,STAGE28A,data/reports/stage28a_discovery_factory_batch_runner/stage28a_exact_trades.csv,volatility_transition_v1,vol_trans_follow_h1_high_cooling_h13_tp06_sl065,-1.9840999999997624,-3.034099999999762,-3.7340999999997617,0,0,0,0,3.034099999999762,10.909999999999854,11.659999999999854,0.14493996569468917,17.420000000000073,0.9466130884041167,4.769999999999982,5.485999999999967,0.024,1.0,,,13,0,3.0,2025
2025-03-18 13:00:00+00:00|1.0|vol_trans_follow_h1_high_cooling_h13_tp06_sl065,2025-03-18 13:00:00+00:00,STAGE28A,data/reports/stage28a_discovery_factory_batch_runner/stage28a_exact_trades.csv,volatility_transition_v1,vol_trans_follow_h1_high_cooling_h13_tp06_sl065,1.7787999999999555,0.7287999999999557,0.0287999999999559,1,1,1,0,0.7287999999999557,20.670000000000073,17.58999999999969,0.8095508811824919,22.340000000000146,0.4185317815577372,6.230000000000018,5.679999999999995,0.08,1.0,,,13,1,3.0,2025
2025-03-19 13:00:00+00:00|1.0|vol_trans_follow_h1_high_cooling_h13_tp06_sl065,2025-03-19 13:00:00+00:00,STAGE28A,data/reports/stage28a_discovery_factory_batch_runner/stage28a_exact_trades.csv,volatility_transition_v1,vol_trans_follow_h1_high_cooling_h13_tp06_sl065,2.0781999999998333,1.0281999999998337,0.3281999999998337,1,1,1,0,1.0281999999998337,38.73999999999978,11.580000000000382,0.2573402417961934,22.529999999999745,0.08521970705726119,9.609999999999673,5.933999999999992,0.196,1.0,,,13,2,3.0,2025
2025-03-21 13:00:00+00:00|1.0|vol_trans_follow_h1_high_cooling_h13_tp06_sl065,2025-03-21 13:00:00+00:00,STAGE28A,data/reports/stage28a_discovery_factory_batch_runner/stage28a_exact_trades.csv,volatility_transition_v1,vol_trans_follow_h1_high_cooling_h13_tp06_sl065,-2.3763749999999164,-3.426374999999916,-4.126374999999916,0,0,0,1,3.426374999999916,32.0,19.5,0.7379487179487114,13.140000000000327,0.07686453576866005,3.8400000000001455,4.945999999999958,0.004,1.0,,,13,4,3.0,2025
2025-03-24 13:00:00+00:00|1.0|vol_trans_follow_h1_high_cooling_h13_tp06_sl065,2025-03-24 13:00:00+00:00,STAGE28A,data/reports/stage28a_discovery_factory_batch_runner/stage28a_exact_trades.csv,volatility_transition_v1,vol_trans_follow_h1_high_cooling_h13_tp06_sl065,-2.580149999999867,-3.6301499999998663,-4.3301499999998665,0,0,0,1,3.6301499999998663,5.869999999999891,12.66000000000031,0.09794628751976352,15.970000000000255,0.5453976205385033,9.7800000000002,6.3615000000000235,0.368,1.0,,,13,0,3.0,2025
2025-03-25 13:00:00+00:00|1.0|vol_trans_follow_h1_high_cooling_h13_tp06_sl065,2025-03-25 13:00:00+00:00,STAGE28A,data/reports/stage28a_discovery_factory_batch_runner/stage28a_exact_trades.csv,volatility_transition_v1,vol_trans_follow_h1_high_cooling_h13_tp06_sl065,1.3198000000001229,0.269800000000123,-0.4301999999998767,1,0,1,0,0.269800000000123,30.789999999999964,8.889999999999873,0.4915635545556753,14.550000000000182,0.5862542955326212,4.1599999999998545,5.54200000000003,0.068,1.0,,,13,1,3.0,2025
2025-03-26 13:00:00+00:00|1.0|vol_trans_follow_h1_high_cooling_h13_tp06_sl065,2025-03-26 13:00:00+00:00,STAGE28A,data/reports/stage28a_discovery_factory_batch_runner/stage28a_exact_trades.csv,volatility_transition_v1,vol_trans_follow_h1_high_cooling_h13_tp06_sl065,-2.112474999999995,-3.162474999999995,-3.8624749999999946,0,0,0,1,3.162474999999995,28.480000000000018,12.690000000000055,0.3065405831363165,18.789999999999964,0.4220329962746063,8.059999999999945,5.297999999999979,0.032,1.0,,,13,2,3.0,2025
2025-03-27 13:00:00+00:00|1.0|vol_trans_follow_h1_high_cooling_h13_tp06_sl065,2025-03-27 13:00:00+00:00,STAGE28A,data/reports/stage28a_discovery_factory_batch_runner/stage28a_exact_trades.csv,volatility_transition_v1,vol_trans_follow_h1_high_cooling_h13_tp06_sl065,-2.777424999999857,-3.827424999999857,-4.527424999999857,0,0,0,1,3.827424999999857,19.840000000000146,21.110000000000127,0.7607768829938346,29.13000000000011,0.5918297288019283,16.09999999999991,5.74699999999998,0.212,1.0,,,13,3,3.0,2025
2025-06-10 13:00:00+00:00|1.0|vol_trans_follow_h1_high_cooling_h13_tp06_sl065,2025-06-10 13:00:00+00:00,STAGE28A,data/reports/stage28a_discovery_factory_batch_runner/stage28a_exact_trades.csv,volatility_transition_v1,vol_trans_follow_h1_high_cooling_h13_tp06_sl065,2.4810999999998784,1.4310999999998786,0.7310999999998788,1,1,1,0,1.4310999999998786,44.629999999999654,25.990000000000236,0.6167756829549673,31.990000000000236,0.6927164738980977,4.610000000000127,8.441999999999984,0.068,1.0,,,13,1,6.0,2025
2025-06-11 13:00:00+00:00|-1.0|vol_trans_follow_h1_high_cooling_h13_tp06_sl065,2025-06-11 13:00:00+00:00,STAGE28A,data/reports/stage28a_discovery_factory_batch_runner/stage28a_exact_trades.csv,volatility_transition_v1,vol_trans_follow_h1_high_cooling_h13_tp06_sl065,2.362300000000141,1.3123000000001412,0.6123000000001415,1,1,1,0,1.3123000000001412,47.15000000000009,26.059999999999945,0.5721412125863349,17.140000000000327,0.3302217036172547,13.240000000000236,9.195500000000015,0.18,-1.0,,,13,2,6.0,2025
2025-06-20 13:00:00+00:00|1.0|vol_trans_follow_h1_high_cooling_h13_tp06_sl065,2025-06-20 13:00:00+00:00,STAGE28A,data/reports/stage28a_discovery_factory_batch_runner/stage28a_exact_trades.csv,volatility_transition_v1,vol_trans_follow_h1_high_cooling_h13_tp06_sl065,-3.399149999999827,-4.449149999999827,-5.1491499999998265,0,0,0,1,4.449149999999827,40.36000000000013,25.590000000000146,0.3993747557639602,18.860000000000127,0.01590668080592392,9.909999999999854,8.579500000000076,0.096,1.0,,,13,4,6.0,2025
2025-06-25 13:00:00+00:00|-1.0|vol_trans_follow_h1_high_cooling_h13_tp06_sl065,2025-06-25 13:00:00+00:00,STAGE28A,data/reports/stage28a_discovery_factory_batch_runner/stage28a_exact_trades.csv,volatility_transition_v1,vol_trans_follow_h1_high_cooling_h13_tp06_sl065,1.851399999999921,0.8013999999999215,0.1013999999999217,1,1,1,0,0.8013999999999215,74.55999999999995,14.210000000000036,0.4693877551020447,15.5,0.19935483870965748,5.700000000000273,6.538999999999964,0.004,-1.0,,,13,2,6.0,2025
2025-06-26 13:00:00+00:00|-1.0|vol_trans_follow_h1_high_cooling_h13_tp06_sl065,2025-06-26 13:00:00+00:00,STAGE28A,data/reports/stage28a_discovery_factory_batch_runner/stage28a_exact_trades.csv,volatility_transition_v1,vol_trans_follow_h1_high_cooling_h13_tp06_sl065,-2.727375000000029,-3.777375000000029,-4.477375000000029,0,0,0,1,3.777375000000029,25.09999999999991,13.859999999999673,0.3448773448773675,19.23999999999978,0.12577962577963098,9.980000000000018,7.567000000000053,0.08,-1.0,,,13,3,6.0,2025
2025-06-27 13:00:00+00:00|-1.0|vol_trans_follow_h1_high_cooling_h13_tp06_sl065,2025-06-27 13:00:00+00:00,STAGE28A,data/reports/stage28a_discovery_factory_batch_runner/stage28a_exact_trades.csv,volatility_transition_v1,vol_trans_follow_h1_high_cooling_h13_tp06_sl065,3.049300000000039,1.9993000000000396,1.2993000000000396,1,1,1,0,1.9993000000000396,40.289999999999964,35.63000000000011,0.7605950042099305,19.050000000000182,0.6068241469816187,7.5300000000002,8.739000000000033,0.208,-1.0,,,13,4,6.0,2025
2025-07-01 13:00:00+00:00|1.0|vol_trans_follow_h1_high_cooling_h13_tp06_sl065,2025-07-01 13:00:00+00:00,STAGE28A,data/reports/stage28a_discovery_factory_batch_runner/stage28a_exact_trades.csv,volatility_transition_v1,vol_trans_follow_h1_high_cooling_h13_tp06_sl065,-2.8996250000001056,-3.9496250000001054,-4.649625000000105,0,0,0,1,3.9496250000001054,63.93000000000029,20.279999999999745,0.4817554240631215,29.08999999999969,0.8446201443795108,9.88000000000011,7.409500000000071,0.072,1.0,,,13,1,7.0,2025
2025-07-02 13:00:00+00:00|1.0|vol_trans_follow_h1_high_cooling_h13_tp06_sl065,2025-07-02 13:00:00+00:00,STAGE28A,data/reports/stage28a_discovery_factory_batch_runner/stage28a_exact_trades.csv,volatility_transition_v1,vol_trans_follow_h1_high_cooling_h13_tp06_sl065,1.9432000000000695,0.8932000000000699,0.1932000000000702,1,1,1,0,0.8932000000000699,55.48999999999978,16.179999999999836,0.10074165636589157,16.269999999999982,0.10571604179472997,9.11999999999989,6.954499999999984,0.056,1.0,,,13,2,7.0,2025
2025-07-03 13:00:00+00:00|-1.0|vol_trans_follow_h1_high_cooling_h13_tp06_sl065,2025-07-03 13:00:00+00:00,STAGE28A,data/reports/stage28a_discovery_factory_batch_runner/stage28a_exact_trades.csv,volatility_transition_v1,vol_trans_follow_h1_high_cooling_h13_tp06_sl065,-2.897349999999824,-3.947349999999824,-4.647349999999824,0,0,0,1,3.947349999999824,34.559999999999945,23.829999999999927,0.607217792698292,19.84999999999991,0.10277078085642181,12.480000000000018,7.623499999999945,0.244,-1.0,,,13,3,7.0,2025
2025-07-04 13:00:00+00:00|-1.0|vol_trans_follow_h1_high_cooling_h13_tp06_sl065,2025-07-04 13:00:00+00:00,STAGE28A,data/reports/stage28a_discovery_factory_batch_runner/stage28a_exact_trades.csv,volatility_transition_v1,vol_trans_follow_h1_high_cooling_h13_tp06_sl065,1.5466000000000348,0.496600000000035,-0.2033999999999647,1,0,1,0,0.496600000000035,54.36999999999989,15.200000000000273,0.6059210526315705,12.009999999999764,0.32556203164029407,10.0,6.044500000000039,0.012,-1.0,,,13,4,7.0,2025
2025-07-07 13:00:00+00:00|-1.0|vol_trans_follow_h1_high_cooling_h13_tp06_sl065,2025-07-07 13:00:00+00:00,STAGE28A,data/reports/stage28a_discovery_factory_batch_runner/stage28a_exact_trades.csv,volatility_transition_v1,vol_trans_follow_h1_high_cooling_h13_tp06_sl065,2.1060999999998784,1.0560999999998786,0.3560999999998788,1,1,1,0,1.0560999999998786,10.329999999999927,36.67000000000007,0.6152167984728634,14.470000000000255,0.13407049067032245,5.799999999999727,8.152499999999964,0.46,-1.0,,,13,0,7.0,2025
2025-07-08 13:00:00+00:00|-1.0|vol_trans_follow_h1_high_cooling_h13_tp06_sl065,2025-07-08 13:00:00+00:00,STAGE28A,data/reports/stage28a_discovery_factory_batch_runner/stage28a_exact_trades.csv,volatility_transition_v1,vol_trans_follow_h1_high_cooling_h13_tp06_sl065,1.8693999999999504,0.8193999999999506,0.1193999999999508,1,1,1,0,0.8193999999999506,46.31999999999971,16.210000000000036,0.5077112893275756,18.2800000000002,0.5202407002188246,5.579999999999927,6.630999999999995,0.088,-1.0,,,13,1,7.0,2025
2025-07-09 13:00:00+00:00|1.0|vol_trans_follow_h1_high_cooling_h13_tp06_sl065,2025-07-09 13:00:00+00:00,STAGE28A,data/reports/stage28a_discovery_factory_batch_runner/stage28a_exact_trades.csv,volatility_transition_v1,vol_trans_follow_h1_high_cooling_h13_tp06_sl065,2.116899999999896,1.066899999999896,0.3668999999998963,1,1,1,0,1.066899999999896,58.720000000000255,23.039999999999964,0.36067708333333154,15.109999999999673,0.2766379880873545,5.960000000000036,8.421499999999947,0.604,1.0,,,13,2,7.0,2025
2025-07-10 13:00:00+00:00|-1.0|vol_trans_follow_h1_high_cooling_h13_tp06_sl065,2025-07-10 13:00:00+00:00,STAGE28A,data/reports/stage28a_discovery_factory_batch_runner/stage28a_exact_trades.csv,volatility_transition_v1,vol_trans_follow_h1_high_cooling_h13_tp06_sl065,-2.5086499999998524,-3.558649999999852,-4.258649999999852,0,0,0,1,3.558649999999852,37.20999999999958,12.9699999999998,0.29452582883575695,15.36999999999989,0.698113207547176,6.9699999999998,6.726999999999975,0.084,-1.0,,,13,3,7.0,2025
2025-07-11 13:00:00+00:00|1.0|vol_trans_follow_h1_high_cooling_h13_tp06_sl065,2025-07-11 13:00:00+00:00,STAGE28A,data/reports/stage28a_discovery_factory_batch_runner/stage28a_exact_trades.csv,volatility_transition_v1,vol_trans_follow_h1_high_cooling_h13_tp06_sl065,2.2998999999998886,1.2498999999998888,0.549899999999889,1,1,1,0,1.2498999999998888,20.15000000000009,14.420000000000073,0.7302357836338521,14.16000000000031,0.4067796610169557,7.260000000000218,6.9990000000000006,0.144,1.0,,,13,4,7.0,2025
2025-07-14 13:00:00+00:00|1.0|vol_trans_follow_h1_high_cooling_h13_tp06_sl065,2025-07-14 13:00:00+00:00,STAGE28A,data/reports/stage28a_discovery_factory_batch_runner/stage28a_exact_trades.csv,volatility_transition_v1,vol_trans_follow_h1_high_cooling_h13_tp06_sl065,-3.078700000000117,-4.1287000000001175,-4.828700000000117,0,0,0,1,4.1287000000001175,11.590000000000146,20.139999999999873,0.6156901688182805,21.2199999999998,0.6291234684260363,6.230000000000018,7.844500000000039,0.504,1.0,,,13,0,7.0,2025
2025-07-15 13:00:00+00:00|1.0|vol_trans_follow_h1_high_cooling_h13_tp06_sl065,2025-07-15 13:00:00+00:00,STAGE28A,data/reports/stage28a_discovery_factory_batch_runner/stage28a_exact_trades.csv,volatility_transition_v1,vol_trans_follow_h1_high_cooling_h13_tp06_sl065,-2.8027750000002016,-3.8527750000002015,-4.552775000000201,0,0,0,1,3.8527750000002015,34.059999999999945,17.06999999999971,0.7158758055067641,9.0,0.6077777777777555,6.110000000000127,5.974000000000046,0.04,1.0,,,13,1,7.0,2025
2025-07-16 13:00:00+00:00|-1.0|vol_trans_follow_h1_high_cooling_h13_tp06_sl065,2025-07-16 13:00:00+00:00,STAGE28A,data/reports/stage28a_discovery_factory_batch_runner/stage28a_exact_trades.csv,volatility_transition_v1,vol_trans_follow_h1_high_cooling_h13_tp06_sl065,-2.019850000000224,-3.069850000000224,-3.769850000000224,0,0,0,1,3.069850000000224,46.159999999999854,11.390000000000327,0.678665496049148,10.139999999999873,0.5601577909270574,3.8099999999999454,6.712999999999965,0.128,-1.0,,,13,2,7.0,2025
2025-07-18 13:00:00+00:00|1.0|vol_trans_follow_h1_high_cooling_h13_tp06_sl065,2025-07-18 13:00:00+00:00,STAGE28A,data/reports/stage28a_discovery_factory_batch_runner/stage28a_exact_trades.csv,volatility_transition_v1,vol_trans_follow_h1_high_cooling_h13_tp06_sl065,-2.596075000000019,-3.646075000000019,-4.346075000000019,0,0,0,1,3.646075000000019,42.3100000000004,10.190000000000055,0.85083415112856,23.110000000000127,0.7676330592817022,7.470000000000255,6.027500000000032,0.064,1.0,,,13,4,7.0,2025
2025-07-21 13:00:00+00:00|1.0|vol_trans_follow_h1_high_cooling_h13_tp06_sl065,2025-07-21 13:00:00+00:00,STAGE28A,data/reports/stage28a_discovery_factory_batch_runner/stage28a_exact_trades.csv,volatility_transition_v1,vol_trans_follow_h1_high_cooling_h13_tp06_sl065,-2.200550000000112,-3.250550000000112,-3.950550000000112,0,0,0,1,3.250550000000112,5.199999999999818,13.569999999999709,0.25718496683860403,20.029999999999745,0.7393909136295623,3.5900000000001455,5.412499999999886,0.004,1.0,,,13,0,7.0,2025
2025-07-22 13:00:00+00:00|-1.0|vol_trans_follow_h1_high_cooling_h13_tp06_sl065,2025-07-22 13:00:00+00:00,STAGE28A,data/reports/stage28a_discovery_factory_batch_runner/stage28a_exact_trades.csv,volatility_transition_v1,vol_trans_follow_h1_high_cooling_h13_tp06_sl065,-2.0257000000002336,-3.075700000000233,-3.775700000000233,0,0,0,1,3.075700000000233,56.7199999999998,17.450000000000273,0.38739255014327295,9.409999999999854,0.6992561105207257,6.070000000000164,6.11550000000002,0.132,-1.0,,,13,1,7.0,2025
2025-07-23 13:00:00+00:00|1.0|vol_trans_follow_h1_high_cooling_h13_tp06_sl065,2025-07-23 13:00:00+00:00,STAGE28A,data/reports/stage28a_discovery_factory_batch_runner/stage28a_exact_trades.csv,volatility_transition_v1,vol_trans_follow_h1_high_cooling_h13_tp06_sl065,1.9441000000000712,0.8941000000000714,0.1941000000000716,1,1,1,0,0.8941000000000714,50.26999999999998,19.579999999999927,0.24463738508682234,17.449999999999818,0.462464183381077,5.5099999999997635,7.339999999999941,0.432,1.0,,,13,2,7.0,2025
2025-07-24 13:00:00+00:00|-1.0|vol_trans_follow_h1_high_cooling_h13_tp06_sl065,2025-07-24 13:00:00+00:00,STAGE28A,data/reports/stage28a_discovery_factory_batch_runner/stage28a_exact_trades.csv,volatility_transition_v1,vol_trans_follow_h1_high_cooling_h13_tp06_sl065,-3.2363249999999426,-4.286324999999943,-4.986324999999942,0,0,0,1,4.286324999999943,57.620000000000346,18.539999999999964,0.1564185544768121,23.389999999999873,0.8610517315092107,8.049999999999727,8.378999999999929,0.768,-1.0,,,13,3,7.0,2025
2025-07-25 13:00:00+00:00|1.0|vol_trans_follow_h1_high_cooling_h13_tp06_sl065,2025-07-25 13:00:00+00:00,STAGE28A,data/reports/stage28a_discovery_factory_batch_runner/stage28a_exact_trades.csv,volatility_transition_v1,vol_trans_follow_h1_high_cooling_h13_tp06_sl065,-2.6763499999998204,-3.72634999999982,-4.42634999999982,0,0,0,1,3.72634999999982,41.970000000000255,14.789999999999964,0.6544962812711197,20.38000000000011,0.6506378802747641,5.799999999999727,6.113999999999964,0.144,1.0,,,13,4,7.0,2025
2025-07-28 13:00:00+00:00|1.0|vol_trans_follow_h1_high_cooling_h13_tp06_sl065,2025-07-28 13:00:00+00:00,STAGE28A,data/reports/stage28a_discovery_factory_batch_runner/stage28a_exact_trades.csv,volatility_transition_v1,vol_trans_follow_h1_high_cooling_h13_tp06_sl065,-2.615249999999924,-3.665249999999924,-4.365249999999923,0,0,0,1,3.665249999999924,18.269999999999982,26.029999999999745,0.5220898962735412,12.829999999999927,0.4263445050662378,4.769999999999982,7.843999999999892,0.596,1.0,,,13,0,7.0,2025
2025-07-29 13:00:00+00:00|-1.0|vol_trans_follow_h1_high_cooling_h13_tp06_sl065,2025-07-29 13:00:00+00:00,STAGE28A,data/reports/stage28a_discovery_factory_batch_runner/stage28a_exact_trades.csv,volatility_transition_v1,vol_trans_follow_h1_high_cooling_h13_tp06_sl065,2.242000000000098,1.1920000000000983,0.4920000000000986,1,1,1,0,1.1920000000000983,43.44999999999982,13.079999999999927,0.1551987767583912,20.879999999999654,0.5727969348659117,7.329999999999927,6.872999999999934,0.276,-1.0,,,13,1,7.0,2025
2025-07-30 13:00:00+00:00|-1.0|vol_trans_follow_h1_high_cooling_h13_tp06_sl065,2025-07-30 13:00:00+00:00,STAGE28A,data/reports/stage28a_discovery_factory_batch_runner/stage28a_exact_trades.csv,volatility_transition_v1,vol_trans_follow_h1_high_cooling_h13_tp06_sl065,-2.615574999999899,-3.6655749999998983,-4.3655749999998985,0,0,0,1,3.6655749999998983,26.38000000000011,11.730000000000018,0.06308610400684019,10.860000000000127,0.2651933701657528,4.890000000000327,6.377500000000078,0.176,-1.0,,,13,2,7.0,2025
2025-07-31 13:00:00+00:00|-1.0|vol_trans_follow_h1_high_cooling_h13_tp06_sl065,2025-07-31 13:00:00+00:00,STAGE28A,data/reports/stage28a_discovery_factory_batch_runner/stage28a_exact_trades.csv,volatility_transition_v1,vol_trans_follow_h1_high_cooling_h13_tp06_sl065,2.33080000000009,1.2808000000000903,0.5808000000000906,1,1,1,0,1.2808000000000903,65.80000000000018,24.590000000000146,0.6547376982513141,21.06999999999971,0.5495965828191783,8.260000000000218,8.957500000000072,0.872,-1.0,,,13,3,7.0,2025
2025-08-01 13:00:00+00:00|1.0|vol_trans_follow_h1_high_cooling_h13_tp06_sl065,2025-08-01 13:00:00+00:00,STAGE28A,data/reports/stage28a_discovery_factory_batch_runner/stage28a_exact_trades.csv,volatility_transition_v1,vol_trans_follow_h1_high_cooling_h13_tp06_sl065,1.661199999999917,0.6111999999999171,-0.0888000000000825,1,0,1,0,0.6111999999999171,40.809999999999945,15.559999999999945,0.23136246786631887,15.069999999999709,0.20570670205709513,3.619999999999891,7.0864999999999325,0.336,1.0,,,13,4,8.0,2025
2025-08-04 13:00:00+00:00|-1.0|vol_trans_follow_h1_high_cooling_h13_tp06_sl065,2025-08-04 13:00:00+00:00,STAGE28A,data/reports/stage28a_discovery_factory_batch_runner/stage28a_exact_trades.csv,volatility_transition_v1,vol_trans_follow_h1_high_cooling_h13_tp06_sl065,1.8639999999999417,0.8139999999999419,0.1139999999999421,1,1,1,0,0.8139999999999419,11.5300000000002,24.079999999999927,0.04734219269104364,10.960000000000036,0.21350364963504906,4.850000000000364,7.843500000000063,0.532,-1.0,,,13,0,8.0,2025
2025-08-05 13:00:00+00:00|-1.0|vol_trans_follow_h1_high_cooling_h13_tp06_sl065,2025-08-05 13:00:00+00:00,STAGE28A,data/reports/stage28a_discovery_factory_batch_runner/stage28a_exact_trades.csv,volatility_transition_v1,vol_trans_follow_h1_high_cooling_h13_tp06_sl065,-2.7293249999998808,-3.7793249999998806,-4.47932499999988,0,0,0,1,3.7793249999998806,40.25999999999976,10.429999999999836,0.2550335570470135,16.519999999999982,0.7481840193704686,7.330000000000382,5.739000000000033,0.016,-1.0,,,13,1,8.0,2025
2025-08-06 13:00:00+00:00|-1.0|vol_trans_follow_h1_high_cooling_h13_tp06_sl065,2025-08-06 13:00:00+00:00,STAGE28A,data/reports/stage28a_discovery_factory_batch_runner/stage28a_exact_trades.csv,volatility_transition_v1,vol_trans_follow_h1_high_cooling_h13_tp06_sl065,1.7910999999998238,0.741099999999824,0.0410999999998242,1,1,1,0,0.741099999999824,40.220000000000255,12.699999999999818,0.4,20.40000000000009,0.7725490196078504,9.559999999999945,6.420500000000016,0.072,-1.0,,,13,2,8.0,2025
2025-08-07 13:00:00+00:00|-1.0|vol_trans_follow_h1_high_cooling_h13_tp06_sl065,2025-08-07 13:00:00+00:00,STAGE28A,data/reports/stage28a_discovery_factory_batch_runner/stage28a_exact_trades.csv,volatility_transition_v1,vol_trans_follow_h1_high_cooling_h13_tp06_sl065,2.8405000000001563,1.7905000000001563,1.0905000000001568,1,1,1,0,1.7905000000001563,27.139999999999873,18.960000000000036,0.3992616033755353,25.840000000000146,0.11803405572754296,8.050000000000182,8.108500000000003,0.628,-1.0,,,13,3,8.0,2025
2025-08-12 13:00:00+00:00|-1.0|vol_trans_follow_h1_high_cooling_h13_tp06_sl065,2025-08-12 13:00:00+00:00,STAGE28A,data/reports/stage28a_discovery_factory_batch_runner/stage28a_exact_trades.csv,volatility_transition_v1,vol_trans_follow_h1_high_cooling_h13_tp06_sl065,2.479000000000178,1.4290000000001783,0.7290000000001786,1,1,1,0,1.4290000000001783,64.0300000000002,15.070000000000164,0.16323822163238286,15.83999999999969,0.24368686868688147,7.360000000000127,8.634500000000003,0.544,-1.0,,,13,1,8.0,2025
2025-08-13 13:00:00+00:00|1.0|vol_trans_follow_h1_high_cooling_h13_tp06_sl065,2025-08-13 13:00:00+00:00,STAGE28A,data/reports/stage28a_discovery_factory_batch_runner/stage28a_exact_trades.csv,volatility_transition_v1,vol_trans_follow_h1_high_cooling_h13_tp06_sl065,1.9828000000001336,0.932800000000134,0.2328000000001342,1,1,1,0,0.932800000000134,28.0300000000002,11.659999999999854,0.07375643224701013,21.079999999999927,0.7191650853890115,8.019999999999982,7.145500000000061,0.232,1.0,,,13,2,8.0,2025
2025-08-14 13:00:00+00:00|1.0|vol_trans_follow_h1_high_cooling_h13_tp06_sl065,2025-08-14 13:00:00+00:00,STAGE28A,data/reports/stage28a_discovery_factory_batch_runner/stage28a_exact_trades.csv,volatility_transition_v1,vol_trans_follow_h1_high_cooling_h13_tp06_sl065,-3.544750000000113,-4.594750000000113,-5.294750000000112,0,0,0,1,4.594750000000113,28.230000000000018,19.61999999999989,0.1432212028542284,24.98999999999978,0.16966786714686968,13.989999999999782,7.551499999999964,0.34,1.0,,,13,3,8.0,2025
2025-08-15 13:00:00+00:00|1.0|vol_trans_follow_h1_high_cooling_h13_tp06_sl065,2025-08-15 13:00:00+00:00,STAGE28A,data/reports/stage28a_discovery_factory_batch_runner/stage28a_exact_trades.csv,volatility_transition_v1,vol_trans_follow_h1_high_cooling_h13_tp06_sl065,1.9437999999999191,0.8937999999999193,0.1937999999999196,1,1,1,0,0.8937999999999193,45.40000000000009,12.629999999999654,0.795724465558231,10.309999999999945,0.07468477206595402,6.470000000000255,6.131999999999971,0.044,1.0,,,13,4,8.0,2025
2025-08-18 13:00:00+00:00|-1.0|vol_trans_follow_h1_high_cooling_h13_tp06_sl065,2025-08-18 13:00:00+00:00,STAGE28A,data/reports/stage28a_discovery_factory_batch_runner/stage28a_exact_trades.csv,volatility_transition_v1,vol_trans_follow_h1_high_cooling_h13_tp06_sl065,1.7148999999998522,0.6648999999998524,-0.0351000000001473,1,0,1,0,0.6648999999998524,6.019999999999982,28.190000000000055,0.4522880454061715,13.799999999999727,0.07608695652172086,4.070000000000164,7.169500000000039,0.34,-1.0,,,13,0,8.0,2025
2025-08-19 13:00:00+00:00|1.0|vol_trans_follow_h1_high_cooling_h13_tp06_sl065,2025-08-19 13:00:00+00:00,STAGE28A,data/reports/stage28a_discovery_factory_batch_runner/stage28a_exact_trades.csv,volatility_transition_v1,vol_trans_follow_h1_high_cooling_h13_tp06_sl065,-2.2073750000000474,-3.257375000000047,-3.957375000000047,0,0,0,1,3.257375000000047,34.79999999999973,15.579999999999927,0.21694480102696564,7.289999999999964,0.20301783264746578,2.699999999999818,4.820999999999981,0.004,1.0,,,13,1,8.0,2025
2025-08-20 13:00:00+00:00|1.0|vol_trans_follow_h1_high_cooling_h13_tp06_sl065,2025-08-20 13:00:00+00:00,STAGE28A,data/reports/stage28a_discovery_factory_batch_runner/stage28a_exact_trades.csv,volatility_transition_v1,vol_trans_follow_h1_high_cooling_h13_tp06_sl065,-2.029924999999912,-3.079924999999912,-3.779924999999912,0,0,0,1,3.079924999999912,30.36999999999989,7.0300000000002,0.09246088193457645,10.38000000000011,0.8333333333333334,3.9299999999998363,5.073000000000002,0.028,1.0,,,13,2,8.0,2025
2025-08-21 13:00:00+00:00|1.0|vol_trans_follow_h1_high_cooling_h13_tp06_sl065,2025-08-21 13:00:00+00:00,STAGE28A,data/reports/stage28a_discovery_factory_batch_runner/stage28a_exact_trades.csv,volatility_transition_v1,vol_trans_follow_h1_high_cooling_h13_tp06_sl065,-2.0029500000001463,-3.052950000000146,-3.752950000000146,0,0,0,0,3.052950000000146,38.88999999999987,12.33999999999969,0.793354943273923,7.849999999999909,0.09044585987261715,4.1599999999998545,4.661500000000001,0.012,1.0,,,13,3,8.0,2025
2025-08-22 13:00:00+00:00|1.0|vol_trans_follow_h1_high_cooling_h13_tp06_sl065,2025-08-22 13:00:00+00:00,STAGE28A,data/reports/stage28a_discovery_factory_batch_runner/stage28a_exact_trades.csv,volatility_transition_v1,vol_trans_follow_h1_high_cooling_h13_tp06_sl065,-2.282774999999765,-3.332774999999765,-4.032774999999765,0,0,0,1,3.332774999999765,26.9699999999998,9.139999999999873,0.7647702407002553,9.659999999999854,0.1946169772256871,3.4200000000000728,4.6944999999999935,0.016,1.0,,,13,4,8.0,2025
2025-08-25 13:00:00+00:00|1.0|vol_trans_follow_h1_high_cooling_h13_tp06_sl065,2025-08-25 13:00:00+00:00,STAGE28A,data/reports/stage28a_discovery_factory_batch_runner/stage28a_exact_trades.csv,volatility_transition_v1,vol_trans_follow_h1_high_cooling_h13_tp06_sl065,-1.7536750000000212,-2.803675000000021,-3.5036750000000207,0,0,0,0,2.803675000000021,6.210000000000036,12.260000000000218,0.0016313213703084382,8.019999999999982,0.02369077306733853,5.980000000000018,5.205500000000029,0.108,1.0,,,13,0,8.0,2025
2025-08-26 13:00:00+00:00|-1.0|vol_trans_follow_h1_high_cooling_h13_tp06_sl065,2025-08-26 13:00:00+00:00,STAGE28A,data/reports/stage28a_discovery_factory_batch_runner/stage28a_exact_trades.csv,volatility_transition_v1,vol_trans_follow_h1_high_cooling_h13_tp06_sl065,-2.7910750000001827,-3.841075000000183,-4.541075000000182,0,0,0,1,3.841075000000183,16.389999999999873,35.129999999999654,0.22687161969826014,12.58999999999969,0.030182684670346602,8.9699999999998,8.00849999999998,0.816,-1.0,,,13,1,8.0,2025
2025-08-27 13:00:00+00:00|-1.0|vol_trans_follow_h1_high_cooling_h13_tp06_sl065,2025-08-27 13:00:00+00:00,STAGE28A,data/reports/stage28a_discovery_factory_batch_runner/stage28a_exact_trades.csv,volatility_transition_v1,vol_trans_follow_h1_high_cooling_h13_tp06_sl065,1.4302000000001498,0.38020000000015,-0.3197999999998497,1,0,1,0,0.38020000000015,42.19999999999982,13.800000000000182,0.7543478260869689,11.629999999999654,0.21066208082548113,7.799999999999727,5.670999999999981,0.292,-1.0,,,13,2,8.0,2025
2025-08-28 13:00:00+00:00|-1.0|vol_trans_follow_h1_high_cooling_h13_tp06_sl065,2025-08-28 13:00:00+00:00,STAGE28A,data/reports/stage28a_discovery_factory_batch_runner/stage28a_exact_trades.csv,volatility_transition_v1,vol_trans_follow_h1_high_cooling_h13_tp06_sl065,-2.181050000000232,-3.231050000000232,-3.931050000000232,0,0,0,1,3.231050000000232,25.049999999999727,15.08999999999969,0.3770709078860286,13.86999999999989,0.6560922855083227,3.0900000000001455,5.275500000000011,0.176,-1.0,,,13,3,8.0,2025
2025-08-29 13:00:00+00:00|-1.0|vol_trans_follow_h1_high_cooling_h13_tp06_sl065,2025-08-29 13:00:00+00:00,STAGE28A,data/reports/stage28a_discovery_factory_batch_runner/stage28a_exact_trades.csv,volatility_transition_v1,vol_trans_follow_h1_high_cooling_h13_tp06_sl065,-1.9281999999999244,-2.978199999999924,-3.678199999999924,0,0,0,0,2.978199999999924,38.56999999999971,10.489999999999782,0.5633937082936108,8.269999999999982,0.44740024183800253,4.260000000000218,4.737499999999931,0.04,-1.0,,,13,4,8.0,2025
2025-09-02 13:00:00+00:00|-1.0|vol_trans_follow_h1_high_cooling_h13_tp06_sl065,2025-09-02 13:00:00+00:00,STAGE28A,data/reports/stage28a_discovery_factory_batch_runner/stage28a_exact_trades.csv,volatility_transition_v1,vol_trans_follow_h1_high_cooling_h13_tp06_sl065,2.754699999999866,1.7046999999998662,1.0046999999998665,1,1,1,0,1.7046999999998662,52.74000000000024,34.159999999999854,0.5793325526932098,28.289999999999964,0.6564156945917191,4.25,8.384999999999991,0.88,-1.0,,,13,1,9.0,2025
2025-09-03 13:00:00+00:00|-1.0|vol_trans_follow_h1_high_cooling_h13_tp06_sl065,2025-09-03 13:00:00+00:00,STAGE28A,data/reports/stage28a_discovery_factory_batch_runner/stage28a_exact_trades.csv,volatility_transition_v1,vol_trans_follow_h1_high_cooling_h13_tp06_sl065,-2.912950000000001,-3.9629500000000006,-4.66295,0,0,0,1,3.9629500000000006,70.11000000000013,20.48999999999978,0.07369448511467934,14.86999999999989,0.24277067921991619,7.869999999999891,9.721500000000015,0.856,-1.0,,,13,2,9.0,2025
2025-09-05 13:00:00+00:00|1.0|vol_trans_follow_h1_high_cooling_h13_tp06_sl065,2025-09-05 13:00:00+00:00,STAGE28A,data/reports/stage28a_discovery_factory_batch_runner/stage28a_exact_trades.csv,volatility_transition_v1,vol_trans_follow_h1_high_cooling_h13_tp06_sl065,1.754200000000219,0.7042000000002191,0.0042000000002193,1,1,1,0,0.7042000000002191,52.7800000000002,19.300000000000182,0.9113989637305453,16.36999999999989,0.3671350030543835,7.690000000000055,8.279500000000008,0.584,1.0,,,13,4,9.0,2025
2025-09-08 13:00:00+00:00|1.0|vol_trans_follow_h1_high_cooling_h13_tp06_sl065,2025-09-08 13:00:00+00:00,STAGE28A,data/reports/stage28a_discovery_factory_batch_runner/stage28a_exact_trades.csv,volatility_transition_v1,vol_trans_follow_h1_high_cooling_h13_tp06_sl065,-3.496325000000161,-4.546325000000161,-5.24632500000016,0,0,0,1,4.546325000000161,18.25,18.559999999999945,0.46821120689655604,37.679999999999836,0.8017515923566924,6.2599999999997635,9.490000000000032,0.636,1.0,,,13,0,9.0,2025
2025-09-09 13:00:00+00:00|1.0|vol_trans_follow_h1_high_cooling_h13_tp06_sl065,2025-09-09 13:00:00+00:00,STAGE28A,data/reports/stage28a_discovery_factory_batch_runner/stage28a_exact_trades.csv,volatility_transition_v1,vol_trans_follow_h1_high_cooling_h13_tp06_sl065,-4.16354999999985,-5.2135499999998505,-5.91354999999985,0,0,0,1,5.2135499999998505,67.81999999999971,26.2800000000002,0.6255707762556878,22.7199999999998,0.3371478873239602,8.900000000000091,8.972499999999991,0.48,1.0,,,13,1,9.0,2025
2025-09-11 13:00:00+00:00|-1.0|vol_trans_follow_h1_high_cooling_h13_tp06_sl065,2025-09-11 13:00:00+00:00,STAGE28A,data/reports/stage28a_discovery_factory_batch_runner/stage28a_exact_trades.csv,volatility_transition_v1,vol_trans_follow_h1_high_cooling_h13_tp06_sl065,2.696800000000076,1.6468000000000758,0.946800000000076,1,1,1,0,1.6468000000000758,38.68000000000029,19.309999999999945,0.40963231486275903,23.88000000000011,0.43467336683417346,12.049999999999727,8.210999999999967,0.268,-1.0,,,13,3,9.0,2025
2025-09-12 13:00:00+00:00|1.0|vol_trans_follow_h1_high_cooling_h13_tp06_sl065,2025-09-12 13:00:00+00:00,STAGE28A,data/reports/stage28a_discovery_factory_batch_runner/stage28a_exact_trades.csv,volatility_transition_v1,vol_trans_follow_h1_high_cooling_h13_tp06_sl065,2.1105999999998857,1.060599999999886,0.3605999999998861,1,1,1,0,1.060599999999886,36.26999999999998,22.779999999999745,0.7949956101843867,19.06999999999971,0.3455689564761296,9.230000000000018,6.932999999999947,0.08,1.0,,,13,4,9.0,2025
2025-09-15 13:00:00+00:00|-1.0|vol_trans_follow_h1_high_cooling_h13_tp06_sl065,2025-09-15 13:00:00+00:00,STAGE28A,data/reports/stage28a_discovery_factory_batch_runner/stage28a_exact_trades.csv,volatility_transition_v1,vol_trans_follow_h1_high_cooling_h13_tp06_sl065,1.897600000000148,0.8476000000001478,0.147600000000148,1,1,1,0,0.8476000000001478,6.779999999999745,19.769999999999982,0.2063732928679783,13.239999999999782,0.3904833836857782,10.11999999999989,6.411499999999978,0.028,-1.0,,,13,0,9.0,2025
2025-09-16 13:00:00+00:00|1.0|vol_trans_follow_h1_high_cooling_h13_tp06_sl065,2025-09-16 13:00:00+00:00,STAGE28A,data/reports/stage28a_discovery_factory_batch_runner/stage28a_exact_trades.csv,volatility_transition_v1,vol_trans_follow_h1_high_cooling_h13_tp06_sl065,-2.7956249999998364,-3.845624999999836,-4.545624999999836,0,0,0,1,3.845624999999836,58.88000000000011,14.720000000000255,0.1555706521739079,18.590000000000146,0.9214631522323816,5.820000000000164,7.810000000000014,0.148,1.0,,,13,1,9.0,2025
2025-09-17 13:00:00+00:00|1.0|vol_trans_follow_h1_high_cooling_h13_tp06_sl065,2025-09-17 13:00:00+00:00,STAGE28A,data/reports/stage28a_discovery_factory_batch_runner/stage28a_exact_trades.csv,volatility_transition_v1,vol_trans_follow_h1_high_cooling_h13_tp06_sl065,2.4376000000001112,1.3876000000001114,0.6876000000001117,1,1,1,0,1.3876000000001114,28.450000000000273,21.039999999999964,0.4857414448669115,23.460000000000036,0.5920716112531906,7.080000000000382,6.962500000000023,0.112,1.0,,,13,2,9.0,2025
2025-09-19 13:00:00+00:00|1.0|vol_trans_follow_h1_high_cooling_h13_tp06_sl065,2025-09-19 13:00:00+00:00,STAGE28A,data/reports/stage28a_discovery_factory_batch_runner/stage28a_exact_trades.csv,volatility_transition_v1,vol_trans_follow_h1_high_cooling_h13_tp06_sl065,-2.9415500000000976,-3.9915500000000974,-4.691550000000097,0,0,0,1,3.9915500000000974,45.320000000000164,24.13000000000011,0.551181102362191,17.690000000000055,0.28886376483889836,3.5700000000001637,7.592000000000098,0.204,1.0,,,13,4,9.0,2025
2025-09-22 13:00:00+00:00|1.0|vol_trans_follow_h1_high_cooling_h13_tp06_sl065,2025-09-22 13:00:00+00:00,STAGE28A,data/reports/stage28a_discovery_factory_batch_runner/stage28a_exact_trades.csv,volatility_transition_v1,vol_trans_follow_h1_high_cooling_h13_tp06_sl065,2.635299999999825,1.5852999999998247,0.885299999999825,1,1,1,0,1.5852999999998247,8.700000000000273,13.7800000000002,0.5079825834542742,36.529999999999745,0.7601970982754074,7.379999999999654,8.426499999999987,0.384,1.0,,,13,0,9.0,2025
2025-11-06 13:00:00+00:00|-1.0|vol_trans_follow_h1_high_cooling_h13_tp06_sl065,2025-11-06 13:00:00+00:00,STAGE28A,data/reports/stage28a_discovery_factory_batch_runner/stage28a_exact_trades.csv,volatility_transition_v1,vol_trans_follow_h1_high_cooling_h13_tp06_sl065,-3.845049999999992,-4.895049999999992,-5.595049999999992,0,0,0,1,4.895049999999992,61.58999999999969,25.949999999999818,0.5865125240847748,34.51999999999998,0.571552723059097,7.070000000000164,10.239000000000033,0.004,-1.0,,,13,3,11.0,2025
2025-11-07 13:00:00+00:00|1.0|vol_trans_follow_h1_high_cooling_h13_tp06_sl065,2025-11-07 13:00:00+00:00,STAGE28A,data/reports/stage28a_discovery_factory_batch_runner/stage28a_exact_trades.csv,volatility_transition_v1,vol_trans_follow_h1_high_cooling_h13_tp06_sl065,2.888800000000083,1.838800000000083,1.1388000000000833,1,1,1,0,1.838800000000083,54.86000000000013,29.389999999999873,0.31813542021095437,22.179999999999836,0.42605951307483714,6.610000000000127,11.209000000000037,0.044,1.0,,,13,4,11.0,2025
2025-11-11 13:00:00+00:00|-1.0|vol_trans_follow_h1_high_cooling_h13_tp06_sl065,2025-11-11 13:00:00+00:00,STAGE28A,data/reports/stage28a_discovery_factory_batch_runner/stage28a_exact_trades.csv,volatility_transition_v1,vol_trans_follow_h1_high_cooling_h13_tp06_sl065,-3.971474999999919,-5.021474999999919,-5.721474999999918,0,0,0,1,5.021474999999919,122.17999999999984,33.89000000000033,0.6878135143110113,21.980000000000473,0.06505914467699091,7.1599999999998545,11.308499999999913,0.056,-1.0,,,13,1,11.0,2025
2025-11-26 13:00:00+00:00|-1.0|vol_trans_follow_h1_high_cooling_h13_tp06_sl065,2025-11-26 13:00:00+00:00,STAGE28A,data/reports/stage28a_discovery_factory_batch_runner/stage28a_exact_trades.csv,volatility_transition_v1,vol_trans_follow_h1_high_cooling_h13_tp06_sl065,-4.375125000000116,-5.425125000000117,-6.125125000000116,0,0,0,1,5.425125000000117,50.42999999999938,39.88000000000011,0.7096288866599826,21.81999999999971,0.08340971585699969,9.090000000000146,12.598499999999785,0.012,-1.0,,,13,2,11.0,2025
2025-11-27 13:00:00+00:00|-1.0|vol_trans_follow_h1_high_cooling_h13_tp06_sl065,2025-11-27 13:00:00+00:00,STAGE28A,data/reports/stage28a_discovery_factory_batch_runner/stage28a_exact_trades.csv,volatility_transition_v1,vol_trans_follow_h1_high_cooling_h13_tp06_sl065,-3.4339249999999084,-4.483924999999909,-5.183924999999908,0,0,0,1,4.483924999999909,43.900000000000546,25.909999999999854,0.5461211887302441,22.269999999999527,0.26178715761113835,8.109999999999673,9.91649999999986,0.004,-1.0,,,13,3,11.0,2025
2025-11-28 13:00:00+00:00|-1.0|vol_trans_follow_h1_high_cooling_h13_tp06_sl065,2025-11-28 13:00:00+00:00,STAGE28A,data/reports/stage28a_discovery_factory_batch_runner/stage28a_exact_trades.csv,volatility_transition_v1,vol_trans_follow_h1_high_cooling_h13_tp06_sl065,5.278300000000309,4.228300000000308,3.528300000000309,1,1,1,0,4.228300000000308,25.909999999999854,34.81999999999971,0.7268811028144659,34.909999999999854,0.7023775422514933,17.48999999999978,10.71899999999996,0.1,-1.0,,,13,4,11.0,2025
2025-12-03 13:00:00+00:00|-1.0|vol_trans_follow_h1_high_cooling_h13_tp06_sl065,2025-12-03 13:00:00+00:00,STAGE28A,data/reports/stage28a_discovery_factory_batch_runner/stage28a_exact_trades.csv,volatility_transition_v1,vol_trans_follow_h1_high_cooling_h13_tp06_sl065,-3.6529749999996057,-4.702974999999606,-5.402974999999605,0,0,0,1,4.702974999999606,72.11999999999989,26.11999999999989,0.3575803981623348,29.220000000000255,0.7488021902806269,10.140000000000327,13.567500000000063,0.224,-1.0,,,13,2,12.0,2025
2025-12-04 13:00:00+00:00|-1.0|vol_trans_follow_h1_high_cooling_h13_tp06_sl065,2025-12-04 13:00:00+00:00,STAGE28A,data/reports/stage28a_discovery_factory_batch_runner/stage28a_exact_trades.csv,volatility_transition_v1,vol_trans_follow_h1_high_cooling_h13_tp06_sl065,3.009400000000278,1.959400000000278,1.2594000000002783,1,1,1,0,1.959400000000278,46.89000000000033,29.470000000000255,0.34747200542923967,27.340000000000146,0.009509875640095717,6.0,13.181500000000005,0.212,-1.0,,,13,3,12.0,2025
2025-12-05 13:00:00+00:00|-1.0|vol_trans_follow_h1_high_cooling_h13_tp06_sl065,2025-12-05 13:00:00+00:00,STAGE28A,data/reports/stage28a_discovery_factory_batch_runner/stage28a_exact_trades.csv,volatility_transition_v1,vol_trans_follow_h1_high_cooling_h13_tp06_sl065,2.148999999999796,1.0989999999997964,0.3989999999997966,1,1,1,0,1.0989999999997964,44.17000000000007,22.579999999999927,0.47387068201952004,16.470000000000255,0.37279902853674757,4.950000000000728,8.892500000000108,0.044,-1.0,,,13,4,12.0,2025
2025-12-08 13:00:00+00:00|-1.0|vol_trans_follow_h1_high_cooling_h13_tp06_sl065,2025-12-08 13:00:00+00:00,STAGE28A,data/reports/stage28a_discovery_factory_batch_runner/stage28a_exact_trades.csv,volatility_transition_v1,vol_trans_follow_h1_high_cooling_h13_tp06_sl065,2.7103000000000974,1.6603000000000976,0.960300000000098,1,1,1,0,1.6603000000000976,15.210000000000036,19.06999999999971,0.39066596748819776,17.710000000000036,0.29587803500850823,9.029999999999745,12.737000000000126,0.344,-1.0,,,13,0,12.0,2025
2025-12-09 13:00:00+00:00|1.0|vol_trans_follow_h1_high_cooling_h13_tp06_sl065,2025-12-09 13:00:00+00:00,STAGE28A,data/reports/stage28a_discovery_factory_batch_runner/stage28a_exact_trades.csv,volatility_transition_v1,vol_trans_follow_h1_high_cooling_h13_tp06_sl065,2.9196999999998297,1.8696999999998296,1.16969999999983,1,1,1,0,1.8696999999998296,42.48999999999978,14.079999999999927,0.5589488636363588,42.75,0.39836257309940926,7.0900000000001455,10.495999999999867,0.144,1.0,,,13,1,12.0,2025
2025-12-10 13:00:00+00:00|-1.0|vol_trans_follow_h1_high_cooling_h13_tp06_sl065,2025-12-10 13:00:00+00:00,STAGE28A,data/reports/stage28a_discovery_factory_batch_runner/stage28a_exact_trades.csv,volatility_transition_v1,vol_trans_follow_h1_high_cooling_h13_tp06_sl065,2.232999999999629,1.182999999999629,0.4829999999996293,1,1,1,0,1.182999999999629,51.150000000000546,15.0,0.25533333333332847,26.73999999999978,0.5145848915482547,8.529999999999745,9.297500000000037,0.1,-1.0,,,13,2,12.0,2025
2025-12-15 13:00:00+00:00|-1.0|vol_trans_follow_h1_high_cooling_h13_tp06_sl065,2025-12-15 13:00:00+00:00,STAGE28A,data/reports/stage28a_discovery_factory_batch_runner/stage28a_exact_trades.csv,volatility_transition_v1,vol_trans_follow_h1_high_cooling_h13_tp06_sl065,2.492800000000352,1.4428000000003522,0.7428000000003525,1,1,1,0,1.4428000000003522,13.710000000000036,35.11000000000058,0.6693249786385534,25.270000000000437,0.5385833003561673,10.5,13.16550000000002,0.452,-1.0,,,13,0,12.0,2025
2025-12-16 13:00:00+00:00|-1.0|vol_trans_follow_h1_high_cooling_h13_tp06_sl065,2025-12-16 13:00:00+00:00,STAGE28A,data/reports/stage28a_discovery_factory_batch_runner/stage28a_exact_trades.csv,volatility_transition_v1,vol_trans_follow_h1_high_cooling_h13_tp06_sl065,-4.040375000000131,-5.090375000000131,-5.790375000000131,0,0,0,1,5.090375000000131,64.84000000000015,37.07000000000062,0.4086862692203772,20.51000000000022,0.5724037055094908,9.199999999999818,13.560000000000173,0.568,-1.0,,,13,1,12.0,2025
2025-12-18 13:00:00+00:00|1.0|vol_trans_follow_h1_high_cooling_h13_tp06_sl065,2025-12-18 13:00:00+00:00,STAGE28A,data/reports/stage28a_discovery_factory_batch_runner/stage28a_exact_trades.csv,volatility_transition_v1,vol_trans_follow_h1_high_cooling_h13_tp06_sl065,-3.0422999999997047,-4.092299999999705,-4.792299999999704,0,0,0,1,4.092299999999705,47.26000000000022,18.51000000000022,0.390059427336584,16.73999999999978,0.3912783751493045,5.690000000000509,10.159999999999991,0.116,1.0,,,13,3,12.0,2025
2025-12-22 13:00:00+00:00|-1.0|vol_trans_follow_h1_high_cooling_h13_tp06_sl065,2025-12-22 13:00:00+00:00,STAGE28A,data/reports/stage28a_discovery_factory_batch_runner/stage28a_exact_trades.csv,volatility_transition_v1,vol_trans_follow_h1_high_cooling_h13_tp06_sl065,-3.780699999999888,-4.830699999999888,-5.530699999999888,0,0,0,1,4.830699999999888,18.1200000000008,62.840000000000146,0.6877784850413774,23.599999999999454,0.4338983050847851,9.609999999999673,11.659000000000015,0.336,-1.0,,,13,0,12.0,2025
2025-12-23 13:00:00+00:00|1.0|vol_trans_follow_h1_high_cooling_h13_tp06_sl065,2025-12-23 13:00:00+00:00,STAGE28A,data/reports/stage28a_discovery_factory_batch_runner/stage28a_exact_trades.csv,volatility_transition_v1,vol_trans_follow_h1_high_cooling_h13_tp06_sl065,2.619699999999648,1.569699999999648,0.8696999999996482,1,1,1,0,1.569699999999648,122.74000000000069,52.289999999999964,0.42991011665709655,23.69000000000051,0.08104685521313305,7.970000000000255,12.317999999999984,0.404,1.0,,,13,1,12.0,2025
2026-01-09 13:00:00+00:00|1.0|vol_trans_follow_h1_high_cooling_h13_tp06_sl065,2026-01-09 13:00:00+00:00,STAGE28A,data/reports/stage28a_discovery_factory_batch_runner/stage28a_exact_trades.csv,volatility_transition_v1,vol_trans_follow_h1_high_cooling_h13_tp06_sl065,-3.5772499999999128,-4.627249999999913,-5.327249999999912,0,0,0,1,4.627249999999913,71.64000000000033,31.079999999999927,0.352960102960112,19.199999999999818,0.4234375000000097,7.130000000000109,12.93400000000015,0.004,1.0,,,13,4,1.0,2026
2026-01-16 13:00:00+00:00|-1.0|vol_trans_follow_h1_high_cooling_h13_tp06_sl065,2026-01-16 13:00:00+00:00,STAGE28A,data/reports/stage28a_discovery_factory_batch_runner/stage28a_exact_trades.csv,volatility_transition_v1,vol_trans_follow_h1_high_cooling_h13_tp06_sl065,3.7389999999999417,2.688999999999942,1.988999999999942,1,1,1,0,2.688999999999942,51.470000000000255,29.23999999999978,0.3081395348837307,21.81999999999971,0.04353803849678418,11.319999999999709,12.791500000000088,0.012,-1.0,,,13,4,1.0,2026
2026-01-20 13:00:00+00:00|-1.0|vol_trans_follow_h1_high_cooling_h13_tp06_sl065,2026-01-20 13:00:00+00:00,STAGE28A,data/reports/stage28a_discovery_factory_batch_runner/stage28a_exact_trades.csv,volatility_transition_v1,vol_trans_follow_h1_high_cooling_h13_tp06_sl065,3.77079999999969,2.72079999999969,2.0207999999996904,1,1,1,0,2.72079999999969,70.75,37.38999999999942,0.7983418026210438,43.05000000000018,0.726596980255529,11.769999999999527,11.975499999999874,0.068,-1.0,,,13,1,1.0,2026
2026-02-19 13:00:00+00:00|-1.0|vol_trans_follow_h1_high_cooling_h13_tp06_sl065,2026-02-19 13:00:00+00:00,STAGE28A,data/reports/stage28a_discovery_factory_batch_runner/stage28a_exact_trades.csv,volatility_transition_v1,vol_trans_follow_h1_high_cooling_h13_tp06_sl065,4.741599999999744,3.691599999999744,2.991599999999744,1,1,1,0,3.691599999999744,156.84000000000015,28.07000000000062,0.2921268257926483,40.33000000000084,0.22737416315397677,14.44000000000051,16.48700000000008,0.004,-1.0,,,13,3,2.0,2026
2026-03-17 13:00:00+00:00|-1.0|vol_trans_follow_h1_high_cooling_h13_tp06_sl065,2026-03-17 13:00:00+00:00,STAGE28A,data/reports/stage28a_discovery_factory_batch_runner/stage28a_exact_trades.csv,volatility_transition_v1,vol_trans_follow_h1_high_cooling_h13_tp06_sl065,5.022699999999896,3.9726999999998953,3.272699999999896,1,1,1,0,3.9726999999998953,69.77000000000044,46.720000000000255,0.5355308219178146,52.33000000000084,0.7177527231033611,24.07000000000062,18.284000000000106,0.004,-1.0,,,13,1,3.0,2026
2026-03-18 13:00:00+00:00|-1.0|vol_trans_follow_h1_high_cooling_h13_tp06_sl065,2026-03-18 13:00:00+00:00,STAGE28A,data/reports/stage28a_discovery_factory_batch_runner/stage28a_exact_trades.csv,volatility_transition_v1,vol_trans_follow_h1_high_cooling_h13_tp06_sl065,5.395899999999893,4.345899999999892,3.6458999999998927,1,1,1,0,4.345899999999892,70.88000000000011,33.909999999999854,0.4624004718371999,57.25,0.3369432314410474,33.11999999999989,15.87299999999991,0.028,-1.0,,,13,2,3.0,2026
2026-04-10 13:00:00+00:00|1.0|vol_trans_follow_h1_high_cooling_h13_tp06_sl065,2026-04-10 13:00:00+00:00,STAGE28A,data/reports/stage28a_discovery_factory_batch_runner/stage28a_exact_trades.csv,volatility_transition_v1,vol_trans_follow_h1_high_cooling_h13_tp06_sl065,4.729300000000331,3.6793000000003295,2.9793000000003307,1,1,1,0,3.6793000000003295,102.13000000000011,41.600000000000364,0.05817307692307817,39.80999999999949,0.3765385581512176,20.00999999999931,18.59099999999994,0.004,1.0,,,13,4,4.0,2026
2026-04-14 13:00:00+00:00|-1.0|vol_trans_follow_h1_high_cooling_h13_tp06_sl065,2026-04-14 13:00:00+00:00,STAGE28A,data/reports/stage28a_discovery_factory_batch_runner/stage28a_exact_trades.csv,volatility_transition_v1,vol_trans_follow_h1_high_cooling_h13_tp06_sl065,5.138500000000386,4.088500000000385,3.388500000000386,1,1,1,0,4.088500000000385,114.48000000000047,31.23999999999978,0.3117797695262436,37.72999999999956,0.2793532997614653,17.42999999999938,17.625499999999874,0.02,-1.0,,,13,1,4.0,2026
2026-04-15 13:00:00+00:00|-1.0|vol_trans_follow_h1_high_cooling_h13_tp06_sl065,2026-04-15 13:00:00+00:00,STAGE28A,data/reports/stage28a_discovery_factory_batch_runner/stage28a_exact_trades.csv,volatility_transition_v1,vol_trans_follow_h1_high_cooling_h13_tp06_sl065,5.634400000000278,4.584400000000278,3.8844000000002783,1,1,1,0,4.584400000000278,100.72999999999956,54.25,0.20552995391704398,44.31999999999971,0.5873194945848357,33.01999999999953,18.240499999999976,0.1,-1.0,,,13,2,4.0,2026
2026-04-16 13:00:00+00:00|-1.0|vol_trans_follow_h1_high_cooling_h13_tp06_sl065,2026-04-16 13:00:00+00:00,STAGE28A,data/reports/stage28a_discovery_factory_batch_runner/stage28a_exact_trades.csv,volatility_transition_v1,vol_trans_follow_h1_high_cooling_h13_tp06_sl065,-5.444699999999648,-6.494699999999648,-7.194699999999648,0,0,0,1,6.494699999999648,85.13999999999942,46.51999999999953,0.3555460017196933,31.529999999999745,0.35172851252775883,11.010000000000218,15.487500000000045,0.004,-1.0,,,13,3,4.0,2026
2026-04-17 13:00:00+00:00|-1.0|vol_trans_follow_h1_high_cooling_h13_tp06_sl065,2026-04-17 13:00:00+00:00,STAGE28A,data/reports/stage28a_discovery_factory_batch_runner/stage28a_exact_trades.csv,volatility_transition_v1,vol_trans_follow_h1_high_cooling_h13_tp06_sl065,3.933099999999649,2.8830999999996494,2.1830999999996497,1,1,1,0,2.8830999999996494,65.03999999999996,33.399999999999636,0.042215568862271555,27.38000000000011,0.10336011687362731,10.930000000000291,14.4125,0.012,-1.0,,,13,4,4.0,2026
2026-04-21 13:00:00+00:00|-1.0|vol_trans_follow_h1_high_cooling_h13_tp06_sl065,2026-04-21 13:00:00+00:00,STAGE28A,data/reports/stage28a_discovery_factory_batch_runner/stage28a_exact_trades.csv,volatility_transition_v1,vol_trans_follow_h1_high_cooling_h13_tp06_sl065,-5.919524999999885,-6.969524999999885,-7.669524999999885,0,0,0,1,6.969524999999885,90.67000000000007,40.399999999999636,0.7566831683168312,25.050000000000182,0.5417165668662519,8.170000000000073,13.963499999999977,0.012,-1.0,,,13,1,4.0,2026
2026-04-22 13:00:00+00:00|-1.0|vol_trans_follow_h1_high_cooling_h13_tp06_sl065,2026-04-22 13:00:00+00:00,STAGE28A,data/reports/stage28a_discovery_factory_batch_runner/stage28a_exact_trades.csv,volatility_transition_v1,vol_trans_follow_h1_high_cooling_h13_tp06_sl065,-4.55679999999993,-5.6067999999999305,-6.30679999999993,0,0,0,1,5.6067999999999305,164.42000000000007,49.36000000000058,0.7803889789302891,19.909999999999854,0.14364640883980928,9.9399999999996,22.309999999999945,0.692,-1.0,,,13,2,4.0,2026
2026-04-23 13:00:00+00:00|-1.0|vol_trans_follow_h1_high_cooling_h13_tp06_sl065,2026-04-23 13:00:00+00:00,STAGE28A,data/reports/stage28a_discovery_factory_batch_runner/stage28a_exact_trades.csv,volatility_transition_v1,vol_trans_follow_h1_high_cooling_h13_tp06_sl065,-6.040749999999752,-7.090749999999753,-7.790749999999752,0,0,0,1,7.090749999999753,56.470000000000255,59.63000000000011,0.37078651685392644,31.92999999999938,0.19417475728155145,8.960000000000036,17.336999999999897,0.324,-1.0,,,13,3,4.0,2026
2026-04-24 13:00:00+00:00|-1.0|vol_trans_follow_h1_high_cooling_h13_tp06_sl065,2026-04-24 13:00:00+00:00,STAGE28A,data/reports/stage28a_discovery_factory_batch_runner/stage28a_exact_trades.csv,volatility_transition_v1,vol_trans_follow_h1_high_cooling_h13_tp06_sl065,4.37230000000036,3.3223000000003595,2.62230000000036,1,1,1,0,3.3223000000003595,89.48000000000047,42.279999999999745,0.4973982970671682,39.52000000000044,0.2608805668016267,17.30999999999949,20.427999999999976,0.708,-1.0,,,13,4,4.0,2026
2026-04-27 13:00:00+00:00|-1.0|vol_trans_follow_h1_high_cooling_h13_tp06_sl065,2026-04-27 13:00:00+00:00,STAGE28A,data/reports/stage28a_discovery_factory_batch_runner/stage28a_exact_trades.csv,volatility_transition_v1,vol_trans_follow_h1_high_cooling_h13_tp06_sl065,-4.007874999999876,-5.057874999999877,-5.757874999999876,0,0,0,1,5.057874999999877,19.25,57.220000000000255,0.6957357567284206,30.449999999999818,0.671592775041049,8.670000000000073,13.660000000000036,0.032,-1.0,,,13,0,4.0,2026
2026-04-28 13:00:00+00:00|-1.0|vol_trans_follow_h1_high_cooling_h13_tp06_sl065,2026-04-28 13:00:00+00:00,STAGE28A,data/reports/stage28a_discovery_factory_batch_runner/stage28a_exact_trades.csv,volatility_transition_v1,vol_trans_follow_h1_high_cooling_h13_tp06_sl065,6.796600000000035,5.746600000000035,5.046600000000035,1,1,1,0,5.746600000000035,62.81999999999971,34.590000000000146,0.49031511997687094,66.61000000000058,0.9911424711004333,25.390000000000327,14.57449999999999,0.168,-1.0,,,13,1,4.0,2026
2026-04-29 13:00:00+00:00|-1.0|vol_trans_follow_h1_high_cooling_h13_tp06_sl065,2026-04-29 13:00:00+00:00,STAGE28A,data/reports/stage28a_discovery_factory_batch_runner/stage28a_exact_trades.csv,volatility_transition_v1,vol_trans_follow_h1_high_cooling_h13_tp06_sl065,5.11600000000035,4.066000000000349,3.3660000000003496,1,1,1,0,4.066000000000349,146.2599999999993,33.97999999999956,0.036492054149493754,55.970000000000255,0.707343219581902,29.19000000000051,15.228000000000202,0.264,-1.0,,,13,2,4.0,2026
2026-04-30 13:00:00+00:00|1.0|vol_trans_follow_h1_high_cooling_h13_tp06_sl065,2026-04-30 13:00:00+00:00,STAGE28A,data/reports/stage28a_discovery_factory_batch_runner/stage28a_exact_trades.csv,volatility_transition_v1,vol_trans_follow_h1_high_cooling_h13_tp06_sl065,5.790999999999622,4.740999999999621,4.040999999999622,1,1,1,0,4.740999999999621,99.84999999999945,43.11000000000058,0.09255393180235973,91.03999999999996,0.7621924428822534,17.480000000000473,19.930999999999766,0.688,1.0,,,13,3,4.0,2026
2026-05-01 13:00:00+00:00|-1.0|vol_trans_follow_h1_high_cooling_h13_tp06_sl065,2026-05-01 13:00:00+00:00,STAGE28A,data/reports/stage28a_discovery_factory_batch_runner/stage28a_exact_trades.csv,volatility_transition_v1,vol_trans_follow_h1_high_cooling_h13_tp06_sl065,4.203100000000086,3.153100000000086,2.453100000000086,1,1,1,0,3.153100000000086,107.63000000000011,21.970000000000255,0.17023213472916424,68.44999999999982,0.9382030679327906,12.63000000000011,13.105000000000018,0.056,-1.0,,,13,4,5.0,2026
2026-05-04 13:00:00+00:00|-1.0|vol_trans_follow_h1_high_cooling_h13_tp06_sl065,2026-05-04 13:00:00+00:00,STAGE28A,data/reports/stage28a_discovery_factory_batch_runner/stage28a_exact_trades.csv,volatility_transition_v1,vol_trans_follow_h1_high_cooling_h13_tp06_sl065,-6.707324999999946,-7.757324999999946,-8.457324999999946,0,0,0,1,7.757324999999946,16.889999999999418,38.17999999999938,0.09979046621266507,42.73999999999978,0.9333177351427359,11.859999999999673,16.141499999999816,0.296,-1.0,,,13,0,5.0,2026
2026-05-05 13:00:00+00:00|-1.0|vol_trans_follow_h1_high_cooling_h13_tp06_sl065,2026-05-05 13:00:00+00:00,STAGE28A,data/reports/stage28a_discovery_factory_batch_runner/stage28a_exact_trades.csv,volatility_transition_v1,vol_trans_follow_h1_high_cooling_h13_tp06_sl065,4.261299999999574,3.2112999999995737,2.511299999999574,1,1,1,0,3.2112999999995737,128.5099999999993,32.99000000000069,0.5216732343134185,32.52000000000044,0.6685116851168634,9.300000000000182,16.57849999999994,0.292,-1.0,,,13,1,5.0,2026
2026-05-06 13:00:00+00:00|1.0|vol_trans_follow_h1_high_cooling_h13_tp06_sl065,2026-05-06 13:00:00+00:00,STAGE28A,data/reports/stage28a_discovery_factory_batch_runner/stage28a_exact_trades.csv,volatility_transition_v1,vol_trans_follow_h1_high_cooling_h13_tp06_sl065,5.85759999999973,4.807599999999729,4.10759999999973,1,1,1,0,4.807599999999729,72.96000000000004,105.18000000000029,0.6700893706027788,65.11000000000058,0.8944862540316274,19.26000000000022,18.14699999999989,0.484,1.0,,,13,2,5.0,2026
2026-05-07 13:00:00+00:00|-1.0|vol_trans_follow_h1_high_cooling_h13_tp06_sl065,2026-05-07 13:00:00+00:00,STAGE28A,data/reports/stage28a_discovery_factory_batch_runner/stage28a_exact_trades.csv,volatility_transition_v1,vol_trans_follow_h1_high_cooling_h13_tp06_sl065,6.106600000000436,5.056600000000435,4.356600000000436,1,1,1,0,5.056600000000435,176.60000000000036,35.909999999999854,0.12252854358116552,61.06999999999971,0.48747339119043176,17.550000000000182,16.67999999999997,0.26,-1.0,,,13,3,5.0,2026
2026-05-08 13:00:00+00:00|-1.0|vol_trans_follow_h1_high_cooling_h13_tp06_sl065,2026-05-08 13:00:00+00:00,STAGE28A,data/reports/stage28a_discovery_factory_batch_runner/stage28a_exact_trades.csv,volatility_transition_v1,vol_trans_follow_h1_high_cooling_h13_tp06_sl065,5.247700000000259,4.197700000000259,3.4977000000002594,1,1,1,0,4.197700000000259,80.0,50.93000000000029,0.6630669546436154,37.44000000000051,0.20619658119658518,15.270000000000437,22.481500000000143,0.964,-1.0,,,13,4,5.0,2026
2026-05-11 13:00:00+00:00|-1.0|vol_trans_follow_h1_high_cooling_h13_tp06_sl065,2026-05-11 13:00:00+00:00,STAGE28A,data/reports/stage28a_discovery_factory_batch_runner/stage28a_exact_trades.csv,volatility_transition_v1,vol_trans_follow_h1_high_cooling_h13_tp06_sl065,4.9279000000000455,3.877900000000045,3.177900000000045,1,1,1,0,3.877900000000045,22.93000000000029,35.22999999999956,0.3735452739142781,32.529999999999745,0.6889025514909324,19.359999999999673,17.544999999999938,0.328,-1.0,,,13,0,5.0,2026
2026-05-12 13:00:00+00:00|-1.0|vol_trans_follow_h1_high_cooling_h13_tp06_sl065,2026-05-12 13:00:00+00:00,STAGE28A,data/reports/stage28a_discovery_factory_batch_runner/stage28a_exact_trades.csv,volatility_transition_v1,vol_trans_follow_h1_high_cooling_h13_tp06_sl065,4.458100000000195,3.408100000000195,2.708100000000196,1,1,1,0,3.408100000000195,103.15999999999985,55.06999999999971,0.5616488106046932,43.150000000000546,0.48528389339511785,10.920000000000073,17.077500000000008,0.216,-1.0,,,13,1,5.0,2026
2026-05-13 13:00:00+00:00|1.0|vol_trans_follow_h1_high_cooling_h13_tp06_sl065,2026-05-13 13:00:00+00:00,STAGE28A,data/reports/stage28a_discovery_factory_batch_runner/stage28a_exact_trades.csv,volatility_transition_v1,vol_trans_follow_h1_high_cooling_h13_tp06_sl065,4.3579000000003365,3.307900000000336,2.6079000000003365,1,1,1,0,3.307900000000336,134.8199999999997,38.69000000000051,0.5420005169294386,29.390000000000327,0.16570261993874913,15.720000000000255,15.04350000000004,0.088,1.0,,,13,2,5.0,2026
2026-05-14 13:00:00+00:00|1.0|vol_trans_follow_h1_high_cooling_h13_tp06_sl065,2026-05-14 13:00:00+00:00,STAGE28A,data/reports/stage28a_discovery_factory_batch_runner/stage28a_exact_trades.csv,volatility_transition_v1,vol_trans_follow_h1_high_cooling_h13_tp06_sl065,5.162200000000121,4.11220000000012,3.412200000000121,1,1,1,0,4.11220000000012,57.02000000000044,32.970000000000255,0.7546254170457967,49.600000000000364,0.49818548387096484,14.029999999999745,17.047000000000025,0.236,1.0,,,13,3,5.0,2026
2026-05-15 13:00:00+00:00|-1.0|vol_trans_follow_h1_high_cooling_h13_tp06_sl065,2026-05-15 13:00:00+00:00,STAGE28A,data/reports/stage28a_discovery_factory_batch_runner/stage28a_exact_trades.csv,volatility_transition_v1,vol_trans_follow_h1_high_cooling_h13_tp06_sl065,8.009499999999571,6.95949999999957,6.259499999999571,1,1,1,0,6.95949999999957,74.1200000000008,57.9399999999996,0.8066965826717312,89.64999999999964,0.7779141104294486,31.80999999999949,20.737999999999964,0.832,-1.0,,,13,4,5.0,2026
2026-05-18 13:00:00+00:00|-1.0|vol_trans_follow_h1_high_cooling_h13_tp06_sl065,2026-05-18 13:00:00+00:00,STAGE28A,data/reports/stage28a_discovery_factory_batch_runner/stage28a_exact_trades.csv,volatility_transition_v1,vol_trans_follow_h1_high_cooling_h13_tp06_sl065,5.531500000000415,4.481500000000414,3.781500000000415,1,1,1,0,4.481500000000414,26.420000000000073,74.32000000000062,0.06848762109795618,29.890000000000327,0.07862161257946933,11.61999999999989,22.575500000000147,0.892,-1.0,,,13,0,5.0,2026
2026-05-19 13:00:00+00:00|-1.0|vol_trans_follow_h1_high_cooling_h13_tp06_sl065,2026-05-19 13:00:00+00:00,STAGE28A,data/reports/stage28a_discovery_factory_batch_runner/stage28a_exact_trades.csv,volatility_transition_v1,vol_trans_follow_h1_high_cooling_h13_tp06_sl065,5.705800000000091,4.65580000000009,3.9558000000000906,1,1,1,0,4.65580000000009,103.57999999999993,45.600000000000364,0.634210526315786,28.25999999999931,0.11075725406936256,10.529999999999745,17.435999999999968,0.248,-1.0,,,13,1,5.0,2026
2026-05-20 13:00:00+00:00|1.0|vol_trans_follow_h1_high_cooling_h13_tp06_sl065,2026-05-20 13:00:00+00:00,STAGE28A,data/reports/stage28a_discovery_factory_batch_runner/stage28a_exact_trades.csv,volatility_transition_v1,vol_trans_follow_h1_high_cooling_h13_tp06_sl065,5.53420000000042,4.484200000000419,3.78420000000042,1,1,1,0,4.484200000000419,124.22000000000025,55.14000000000033,0.37413855640188587,34.54999999999927,0.6208393632416865,18.210000000000036,18.370500000000085,0.32,1.0,,,13,2,5.0,2026
2026-05-21 13:00:00+00:00|-1.0|vol_trans_follow_h1_high_cooling_h13_tp06_sl065,2026-05-21 13:00:00+00:00,STAGE28A,data/reports/stage28a_discovery_factory_batch_runner/stage28a_exact_trades.csv,volatility_transition_v1,vol_trans_follow_h1_high_cooling_h13_tp06_sl065,4.999299999999858,3.9492999999998575,3.2492999999998577,1,1,1,0,3.9492999999998575,98.85000000000036,43.460000000000036,0.26346065347445485,31.13000000000011,0.08833922261484067,15.180000000000291,19.1,0.44,-1.0,,,13,3,5.0,2026
2026-05-22 13:00:00+00:00|1.0|vol_trans_follow_h1_high_cooling_h13_tp06_sl065,2026-05-22 13:00:00+00:00,STAGE28A,data/reports/stage28a_discovery_factory_batch_runner/stage28a_exact_trades.csv,volatility_transition_v1,vol_trans_follow_h1_high_cooling_h13_tp06_sl065,-5.961125000000356,-7.011125000000357,-7.711125000000356,0,0,0,1,7.011125000000357,81.88999999999942,27.229999999999563,0.5233198677928839,28.420000000000073,0.09570724841661674,20.980000000000473,15.908999999999878,0.084,1.0,,,13,4,5.0,2026
2026-05-25 13:00:00+00:00|1.0|vol_trans_follow_h1_high_cooling_h13_tp06_sl065,2026-05-25 13:00:00+00:00,STAGE28A,data/reports/stage28a_discovery_factory_batch_runner/stage28a_exact_trades.csv,volatility_transition_v1,vol_trans_follow_h1_high_cooling_h13_tp06_sl065,-4.111225000000195,-5.161225000000195,-5.861225000000195,0,0,0,1,5.161225000000195,23.219999999999345,37.50999999999931,0.1343641695547869,18.550000000000182,0.42318059299188016,14.039999999999964,13.586499999999887,0.008,1.0,,,13,0,5.0,2026
2026-05-26 13:00:00+00:00|-1.0|vol_trans_follow_h1_high_cooling_h13_tp06_sl065,2026-05-26 13:00:00+00:00,STAGE28A,data/reports/stage28a_discovery_factory_batch_runner/stage28a_exact_trades.csv,volatility_transition_v1,vol_trans_follow_h1_high_cooling_h13_tp06_sl065,4.528600000000006,3.478600000000006,2.778600000000006,1,1,1,0,3.478600000000006,37.50999999999931,52.36999999999989,0.6265037235058329,30.970000000000255,0.6293186955117733,14.220000000000255,13.7849999999999,0.096,-1.0,,,13,1,5.0,2026
2026-05-27 13:00:00+00:00|-1.0|vol_trans_follow_h1_high_cooling_h13_tp06_sl065,2026-05-27 13:00:00+00:00,STAGE28A,data/reports/stage28a_discovery_factory_batch_runner/stage28a_exact_trades.csv,volatility_transition_v1,vol_trans_follow_h1_high_cooling_h13_tp06_sl065,4.401699999999801,3.3516999999998007,2.651699999999801,1,1,1,0,3.3516999999998007,97.72000000000025,31.00999999999931,0.44953240890035184,41.44000000000051,0.16674710424709868,10.69000000000051,15.516500000000041,0.192,-1.0,,,13,2,5.0,2026
2026-05-28 13:00:00+00:00|1.0|vol_trans_follow_h1_high_cooling_h13_tp06_sl065,2026-05-28 13:00:00+00:00,STAGE28A,data/reports/stage28a_discovery_factory_batch_runner/stage28a_exact_trades.csv,volatility_transition_v1,vol_trans_follow_h1_high_cooling_h13_tp06_sl065,-6.177575000000251,-7.227575000000252,-7.927575000000251,0,0,0,1,7.227575000000252,126.31999999999971,97.43000000000029,0.8483013445550589,32.26000000000022,0.5855548667079755,12.599999999999454,17.31949999999979,0.384,1.0,,,13,3,5.0,2026
2026-05-29 13:00:00+00:00|1.0|vol_trans_follow_h1_high_cooling_h13_tp06_sl065,2026-05-29 13:00:00+00:00,STAGE28A,data/reports/stage28a_discovery_factory_batch_runner/stage28a_exact_trades.csv,volatility_transition_v1,vol_trans_follow_h1_high_cooling_h13_tp06_sl065,4.803400000000147,3.753400000000147,3.0534000000001478,1,1,1,0,3.753400000000147,149.91000000000076,31.609999999999673,0.3144574501739862,38.23000000000047,0.7737379021710583,26.07000000000062,16.443000000000076,0.208,1.0,,,13,4,5.0,2026
2026-06-01 13:00:00+00:00|-1.0|vol_trans_follow_h1_high_cooling_h13_tp06_sl065,2026-06-01 13:00:00+00:00,STAGE28A,data/reports/stage28a_discovery_factory_batch_runner/stage28a_exact_trades.csv,volatility_transition_v1,vol_trans_follow_h1_high_cooling_h13_tp06_sl065,4.338400000000002,3.288400000000001,2.588400000000002,1,1,1,0,3.288400000000001,22.170000000000073,36.05999999999949,0.5268996117581882,35.95000000000073,0.56383866481224,17.19000000000051,15.870500000000039,0.164,-1.0,,,13,0,6.0,2026
2026-06-02 13:00:00+00:00|1.0|vol_trans_follow_h1_high_cooling_h13_tp06_sl065,2026-06-02 13:00:00+00:00,STAGE28A,data/reports/stage28a_discovery_factory_batch_runner/stage28a_exact_trades.csv,volatility_transition_v1,vol_trans_follow_h1_high_cooling_h13_tp06_sl065,3.8458000000004176,2.7958000000004177,2.095800000000418,1,1,1,0,2.7958000000004177,98.14999999999964,36.25,0.3817931034482799,43.899999999999636,0.6999999999999958,13.510000000000218,14.99399999999996,0.14,1.0,,,13,1,6.0,2026
2026-06-03 13:00:00+00:00|-1.0|vol_trans_follow_h1_high_cooling_h13_tp06_sl065,2026-06-03 13:00:00+00:00,STAGE28A,data/reports/stage28a_discovery_factory_batch_runner/stage28a_exact_trades.csv,volatility_transition_v1,vol_trans_follow_h1_high_cooling_h13_tp06_sl065,6.293500000000131,5.243500000000131,4.543500000000131,1,1,1,0,5.243500000000131,78.61999999999989,34.289999999999964,0.01574803149608847,49.039999999999964,0.8429853181076709,19.93000000000029,15.617499999999973,0.248,-1.0,,,13,2,6.0,2026
2026-06-04 13:00:00+00:00|1.0|vol_trans_follow_h1_high_cooling_h13_tp06_sl065,2026-06-04 13:00:00+00:00,STAGE28A,data/reports/stage28a_discovery_factory_batch_runner/stage28a_exact_trades.csv,volatility_transition_v1,vol_trans_follow_h1_high_cooling_h13_tp06_sl065,-4.906174999999712,-5.956174999999712,-6.656174999999712,0,0,0,1,5.956174999999712,70.15000000000055,52.960000000000036,0.2736027190332283,25.360000000000582,0.2602523659305719,14.579999999999927,16.95399999999995,0.492,1.0,,,13,3,6.0,2026
2026-06-05 13:00:00+00:00|1.0|vol_trans_follow_h1_high_cooling_h13_tp06_sl065,2026-06-05 13:00:00+00:00,STAGE28A,data/reports/stage28a_discovery_factory_batch_runner/stage28a_exact_trades.csv,volatility_transition_v1,vol_trans_follow_h1_high_cooling_h13_tp06_sl065,-5.328675000000294,-6.378675000000294,-7.078675000000294,0,0,0,1,6.378675000000294,91.14999999999964,46.159999999999854,0.5955372616984373,40.38999999999942,0.5570685813320209,10.389999999999418,14.364500000000135,0.14,1.0,,,13,4,6.0,2026
2026-06-09 13:00:00+00:00|1.0|vol_trans_follow_h1_high_cooling_h13_tp06_sl065,2026-06-09 13:00:00+00:00,STAGE28A,data/reports/stage28a_discovery_factory_batch_runner/stage28a_exact_trades.csv,volatility_transition_v1,vol_trans_follow_h1_high_cooling_h13_tp06_sl065,-5.8932000000000695,-6.94320000000007,-7.643200000000069,0,0,0,1,6.94320000000007,84.51999999999953,29.149999999999636,0.2957118353344768,30.11999999999989,0.13313413014609007,11.539999999999964,13.842999999999801,0.04,1.0,,,13,1,6.0,2026
2022-05-06 12:00:00+00:00|1.0|liq_asia_high_breakout_follow_h12_tp06_sl065,2022-05-06 12:00:00+00:00,STAGE28A,data/reports/stage28a_discovery_factory_batch_runner/stage28a_exact_trades.csv,liquidity_sweep_regime_v1,liq_asia_high_breakout_follow_h12_tp06_sl065,1.0012000000000625,-0.0487999999999373,-0.7487999999999371,0,0,0,0,0.0487999999999373,37.289999999999964,12.169999999999845,0.08299096138044403,11.659999999999854,0.5385934819897128,8.670000000000073,5.799499999999989,0.5,1.0,,,12,4,5.0,2022
2022-05-11 12:00:00+00:00|1.0|liq_asia_high_breakout_follow_h12_tp06_sl065,2022-05-11 12:00:00+00:00,STAGE28A,data/reports/stage28a_discovery_factory_batch_runner/stage28a_exact_trades.csv,liquidity_sweep_regime_v1,liq_asia_high_breakout_follow_h12_tp06_sl065,-2.1972999999999048,-3.2472999999999046,-3.947299999999904,0,0,0,1,3.2472999999999046,29.940000000000055,8.169999999999845,0.2643818849449355,18.360000000000127,0.8687363834422622,5.849999999999909,5.922000000000002,0.654320987654321,1.0,,,12,2,5.0,2022
2022-05-17 12:00:00+00:00|1.0|liq_asia_high_breakout_follow_h12_tp06_sl065,2022-05-17 12:00:00+00:00,STAGE28A,data/reports/stage28a_discovery_factory_batch_runner/stage28a_exact_trades.csv,liquidity_sweep_regime_v1,liq_asia_high_breakout_follow_h12_tp06_sl065,-1.7910499999999048,-2.8410499999999046,-3.5410499999999043,0,0,0,0,2.8410499999999046,40.070000000000164,7.480000000000018,0.24064171122993985,7.629999999999882,0.7404980340760391,5.269999999999982,4.784500000000014,0.096,1.0,,,12,1,5.0,2022
2022-05-19 12:00:00+00:00|1.0|liq_asia_high_breakout_follow_h12_tp06_sl065,2022-05-19 12:00:00+00:00,STAGE28A,data/reports/stage28a_discovery_factory_batch_runner/stage28a_exact_trades.csv,liquidity_sweep_regime_v1,liq_asia_high_breakout_follow_h12_tp06_sl065,-1.988650000000098,-3.0386500000000978,-3.7386500000000975,0,0,0,0,3.0386500000000978,17.430000000000064,3.7799999999999727,0.27777777777776774,19.279999999999973,0.7012448132780084,12.210000000000036,4.17299999999999,0.016,1.0,,,12,3,5.0,2022
2022-05-20 12:00:00+00:00|1.0|liq_asia_high_breakout_follow_h12_tp06_sl065,2022-05-20 12:00:00+00:00,STAGE28A,data/reports/stage28a_discovery_factory_batch_runner/stage28a_exact_trades.csv,liquidity_sweep_regime_v1,liq_asia_high_breakout_follow_h12_tp06_sl065,1.0312000000000352,-0.0187999999999646,-0.7187999999999644,0,0,0,0,0.0187999999999646,38.1400000000001,8.070000000000164,0.034696406443614256,8.430000000000064,0.6370106761565928,3.349999999999909,4.119500000000028,0.016,1.0,,,12,4,5.0,2022
2022-05-23 12:00:00+00:00|1.0|liq_asia_high_breakout_follow_h12_tp06_sl065,2022-05-23 12:00:00+00:00,STAGE28A,data/reports/stage28a_discovery_factory_batch_runner/stage28a_exact_trades.csv,liquidity_sweep_regime_v1,liq_asia_high_breakout_follow_h12_tp06_sl065,-1.9272249999999984,-2.9772249999999985,-3.677224999999998,0,0,0,0,2.9772249999999985,5.880000000000109,11.5,0.5826086956521779,13.299999999999955,0.7541353383458652,7.100000000000136,4.8905000000000545,0.272,1.0,,,12,0,5.0,2022
2022-05-24 12:00:00+00:00|1.0|liq_asia_high_breakout_follow_h12_tp06_sl065,2022-05-24 12:00:00+00:00,STAGE28A,data/reports/stage28a_discovery_factory_batch_runner/stage28a_exact_trades.csv,liquidity_sweep_regime_v1,liq_asia_high_breakout_follow_h12_tp06_sl065,0.8379999999998745,-0.2120000000001254,-0.9120000000001252,0,0,0,0,0.2120000000001254,21.809999999999945,6.680000000000064,0.3428143712574763,10.269999999999982,0.08081791626096943,5.009999999999991,3.7159999999999966,0.024,1.0,,,12,1,5.0,2022
2022-05-27 12:00:00+00:00|1.0|liq_asia_high_breakout_follow_h12_tp06_sl065,2022-05-27 12:00:00+00:00,STAGE28A,data/reports/stage28a_discovery_factory_batch_runner/stage28a_exact_trades.csv,liquidity_sweep_regime_v1,liq_asia_high_breakout_follow_h12_tp06_sl065,-1.5810999999999695,-2.6310999999999694,-3.331099999999969,0,0,0,0,2.6310999999999694,13.589999999999918,8.430000000000064,0.3760379596678317,8.480000000000018,0.4846698113207687,3.740000000000009,3.6970000000000027,0.06,1.0,,,12,4,5.0,2022
2022-06-02 12:00:00+00:00|1.0|liq_asia_high_breakout_follow_h12_tp06_sl065,2022-06-02 12:00:00+00:00,STAGE28A,data/reports/stage28a_discovery_factory_batch_runner/stage28a_exact_trades.csv,liquidity_sweep_regime_v1,liq_asia_high_breakout_follow_h12_tp06_sl065,0.6276999999999134,-0.4223000000000865,-1.1223000000000862,0,0,0,0,0.4223000000000865,21.49000000000001,4.849999999999909,0.4659793814433058,10.8599999999999,0.8508287292817767,2.1299999999998818,3.385499999999979,0.052,1.0,,,12,3,6.0,2022
2022-06-07 12:00:00+00:00|1.0|liq_asia_high_breakout_follow_h12_tp06_sl065,2022-06-07 12:00:00+00:00,STAGE28A,data/reports/stage28a_discovery_factory_batch_runner/stage28a_exact_trades.csv,liquidity_sweep_regime_v1,liq_asia_high_breakout_follow_h12_tp06_sl065,0.8899000000000342,-0.1600999999999657,-0.8600999999999654,0,0,0,0,0.1600999999999657,17.180000000000064,5.460000000000036,0.2655677655677721,10.450000000000045,0.6842105263157952,6.379999999999882,3.578999999999985,0.32,1.0,,,12,1,6.0,2022
2022-06-15 12:00:00+00:00|1.0|liq_asia_high_breakout_follow_h12_tp06_sl065,2022-06-15 12:00:00+00:00,STAGE28A,data/reports/stage28a_discovery_factory_batch_runner/stage28a_exact_trades.csv,liquidity_sweep_regime_v1,liq_asia_high_breakout_follow_h12_tp06_sl065,-2.055600000000004,-3.105600000000004,-3.805600000000004,0,0,0,1,3.105600000000004,26.5,11.839999999999918,0.5861486486486573,12.980000000000018,0.7534668721109368,5.430000000000064,4.558999999999969,0.708,1.0,,,12,2,6.0,2022
2022-06-24 12:00:00+00:00|1.0|liq_asia_high_breakout_follow_h12_tp06_sl065,2022-06-24 12:00:00+00:00,STAGE28A,data/reports/stage28a_discovery_factory_batch_runner/stage28a_exact_trades.csv,liquidity_sweep_regime_v1,liq_asia_high_breakout_follow_h12_tp06_sl065,0.99699999999998,-0.0530000000000199,-0.7530000000000197,0,0,0,0,0.0530000000000199,23.519999999999982,4.769999999999982,0.19706498951783188,10.599999999999909,0.34150943396227823,5.25,4.523000000000013,0.36,1.0,,,12,4,6.0,2022
2022-06-27 12:00:00+00:00|1.0|liq_asia_high_breakout_follow_h12_tp06_sl065,2022-06-27 12:00:00+00:00,STAGE28A,data/reports/stage28a_discovery_factory_batch_runner/stage28a_exact_trades.csv,liquidity_sweep_regime_v1,liq_asia_high_breakout_follow_h12_tp06_sl065,0.8775999999999385,-0.1724000000000614,-0.8724000000000611,0,0,0,0,0.1724000000000614,4.920000000000073,8.6400000000001,0.12268518518520377,7.1599999999998545,0.34636871508380845,6.509999999999991,4.540999999999974,0.36,1.0,,,12,0,6.0,2022
2022-06-28 12:00:00+00:00|1.0|liq_asia_high_breakout_follow_h12_tp06_sl065,2022-06-28 12:00:00+00:00,STAGE28A,data/reports/stage28a_discovery_factory_batch_runner/stage28a_exact_trades.csv,liquidity_sweep_regime_v1,liq_asia_high_breakout_follow_h12_tp06_sl065,-1.365625,-2.415625,-3.115625,0,0,0,0,2.415625,20.230000000000018,4.779999999999973,0.7656903765690116,5.139999999999873,0.2529182879377406,3.349999999999909,2.8785000000000083,0.036,1.0,,,12,1,6.0,2022
2022-07-13 12:00:00+00:00|1.0|liq_asia_high_breakout_follow_h12_tp06_sl065,2022-07-13 12:00:00+00:00,STAGE28A,data/reports/stage28a_discovery_factory_batch_runner/stage28a_exact_trades.csv,liquidity_sweep_regime_v1,liq_asia_high_breakout_follow_h12_tp06_sl065,-1.65032499999993,-2.7003249999999297,-3.400324999999929,0,0,0,0,2.7003249999999297,21.100000000000136,6.019999999999982,0.245847176079738,7.830000000000155,0.11238825031929651,2.6099999999999,3.4065000000000056,0.196,1.0,,,12,2,7.0,2022
2022-07-18 12:00:00+00:00|1.0|liq_asia_high_breakout_follow_h12_tp06_sl065,2022-07-18 12:00:00+00:00,STAGE28A,data/reports/stage28a_discovery_factory_batch_runner/stage28a_exact_trades.csv,liquidity_sweep_regime_v1,liq_asia_high_breakout_follow_h12_tp06_sl065,-1.6812000000000809,-2.7312000000000807,-3.4312000000000804,0,0,0,0,2.7312000000000807,3.1399999999998727,11.819999999999936,0.5972927241962953,12.009999999999991,0.5029142381348849,2.1700000000000728,4.102499999999997,0.304,1.0,,,12,0,7.0,2022
2022-07-19 12:00:00+00:00|1.0|liq_asia_high_breakout_follow_h12_tp06_sl065,2022-07-19 12:00:00+00:00,STAGE28A,data/reports/stage28a_discovery_factory_batch_runner/stage28a_exact_trades.csv,liquidity_sweep_regime_v1,liq_asia_high_breakout_follow_h12_tp06_sl065,0.6402999999999338,-0.4097000000000661,-1.109700000000066,0,0,0,0,0.4097000000000661,17.99000000000001,4.889999999999873,0.30061349693252876,7.759999999999991,0.49742268041238813,2.5399999999999636,3.320499999999993,0.084,1.0,,,12,1,7.0,2022
2022-07-22 12:00:00+00:00|1.0|liq_asia_high_breakout_follow_h12_tp06_sl065,2022-07-22 12:00:00+00:00,STAGE28A,data/reports/stage28a_discovery_factory_batch_runner/stage28a_exact_trades.csv,liquidity_sweep_regime_v1,liq_asia_high_breakout_follow_h12_tp06_sl065,0.8655999999999949,-0.184400000000005,-0.8844000000000047,0,0,0,0,0.184400000000005,39.34999999999991,6.4500000000000455,0.5581395348837029,12.649999999999864,0.8426877470355887,3.75,4.2940000000000165,0.46,1.0,,,12,4,7.0,2022
2022-07-25 12:00:00+00:00|1.0|liq_asia_high_breakout_follow_h12_tp06_sl065,2022-07-25 12:00:00+00:00,STAGE28A,data/reports/stage28a_discovery_factory_batch_runner/stage28a_exact_trades.csv,liquidity_sweep_regime_v1,liq_asia_high_breakout_follow_h12_tp06_sl065,-1.4735249999999724,-2.5235249999999723,-3.223524999999972,0,0,0,0,2.5235249999999723,1.5700000000001637,8.950000000000045,0.13854748603351988,12.480000000000018,0.5993589743589749,4.970000000000027,4.344500000000005,0.436,1.0,,,12,0,7.0,2022
2022-07-27 12:00:00+00:00|1.0|liq_asia_high_breakout_follow_h12_tp06_sl065,2022-07-27 12:00:00+00:00,STAGE28A,data/reports/stage28a_discovery_factory_batch_runner/stage28a_exact_trades.csv,liquidity_sweep_regime_v1,liq_asia_high_breakout_follow_h12_tp06_sl065,-1.543725000000086,-2.5937250000000858,-3.293725000000085,0,0,0,0,2.5937250000000858,14.579999999999927,4.2999999999999545,0.34883720930232925,11.460000000000036,0.47382198952878,5.490000000000009,3.137999999999977,0.06,1.0,,,12,2,7.0,2022
2022-07-28 12:00:00+00:00|1.0|liq_asia_high_breakout_follow_h12_tp06_sl065,2022-07-28 12:00:00+00:00,STAGE28A,data/reports/stage28a_discovery_factory_batch_runner/stage28a_exact_trades.csv,liquidity_sweep_regime_v1,liq_asia_high_breakout_follow_h12_tp06_sl065,0.9483999999999014,-0.1016000000000985,-0.8016000000000982,0,0,0,0,0.1016000000000985,28.660000000000082,7.730000000000018,0.18111254851230113,13.089999999999918,0.32773109243697407,5.169999999999845,4.837999999999999,0.736,1.0,,,12,3,7.0,2022
2022-07-29 12:00:00+00:00|1.0|liq_asia_high_breakout_follow_h12_tp06_sl065,2022-07-29 12:00:00+00:00,STAGE28A,data/reports/stage28a_discovery_factory_batch_runner/stage28a_exact_trades.csv,liquidity_sweep_regime_v1,liq_asia_high_breakout_follow_h12_tp06_sl065,0.933999999999878,-0.1160000000001217,-0.8160000000001215,0,0,0,0,0.1160000000001217,23.1400000000001,11.269999999999982,0.6752440106477295,11.579999999999927,0.22625215889465758,4.569999999999936,4.194999999999982,0.512,1.0,,,12,4,7.0,2022
2022-08-01 12:00:00+00:00|1.0|liq_asia_high_breakout_follow_h12_tp06_sl065,2022-08-01 12:00:00+00:00,STAGE28A,data/reports/stage28a_discovery_factory_batch_runner/stage28a_exact_trades.csv,liquidity_sweep_regime_v1,liq_asia_high_breakout_follow_h12_tp06_sl065,0.7984000000000379,-0.2515999999999621,-0.9515999999999618,0,0,0,0,0.2515999999999621,2.3300000000001546,5.310000000000173,0.20527306967982725,15.36999999999989,0.7391021470396865,4.8900000000001,4.195000000000027,0.532,1.0,,,12,0,8.0,2022
2022-08-04 12:00:00+00:00|1.0|liq_asia_high_breakout_follow_h12_tp06_sl065,2022-08-04 12:00:00+00:00,STAGE28A,data/reports/stage28a_discovery_factory_batch_runner/stage28a_exact_trades.csv,liquidity_sweep_regime_v1,liq_asia_high_breakout_follow_h12_tp06_sl065,-1.5297500000000128,-2.5797500000000126,-3.2797500000000124,0,0,0,0,2.5797500000000126,18.460000000000036,8.320000000000164,0.889423076923043,11.079999999999927,0.8086642599278064,4.1400000000001,3.7015000000000327,0.156,1.0,,,12,3,8.0,2022
2022-08-09 12:00:00+00:00|1.0|liq_asia_high_breakout_follow_h12_tp06_sl065,2022-08-09 12:00:00+00:00,STAGE28A,data/reports/stage28a_discovery_factory_batch_runner/stage28a_exact_trades.csv,liquidity_sweep_regime_v1,liq_asia_high_breakout_follow_h12_tp06_sl065,-1.6067750000000616,-2.6567750000000614,-3.356775000000061,0,0,0,0,2.6567750000000614,19.449999999999818,7.440000000000055,0.3360215053763416,9.8599999999999,0.5324543610547722,6.940000000000055,3.2850000000000024,0.068,1.0,,,12,1,8.0,2022
2022-08-23 12:00:00+00:00|1.0|liq_asia_high_breakout_follow_h12_tp06_sl065,2022-08-23 12:00:00+00:00,STAGE28A,data/reports/stage28a_discovery_factory_batch_runner/stage28a_exact_trades.csv,liquidity_sweep_regime_v1,liq_asia_high_breakout_follow_h12_tp06_sl065,-1.6454500000000736,-2.6954500000000734,-3.395450000000073,0,0,0,0,2.6954500000000734,21.340000000000146,6.380000000000109,0.4247648902821301,9.120000000000118,0.10087719298246281,6.160000000000082,3.3385000000000105,0.308,1.0,,,12,1,8.0,2022
2022-08-24 12:00:00+00:00|1.0|liq_asia_high_breakout_follow_h12_tp06_sl065,2022-08-24 12:00:00+00:00,STAGE28A,data/reports/stage28a_discovery_factory_batch_runner/stage28a_exact_trades.csv,liquidity_sweep_regime_v1,liq_asia_high_breakout_follow_h12_tp06_sl065,-1.4263999999999215,-2.4763999999999213,-3.176399999999921,0,0,0,0,2.4763999999999213,23.309999999999945,3.979999999999791,0.36934673366836795,9.430000000000064,0.3955461293743365,5.1099999999999,3.4209999999999696,0.368,1.0,,,12,2,8.0,2022
2022-08-25 12:00:00+00:00|1.0|liq_asia_high_breakout_follow_h12_tp06_sl065,2022-08-25 12:00:00+00:00,STAGE28A,data/reports/stage28a_discovery_factory_batch_runner/stage28a_exact_trades.csv,liquidity_sweep_regime_v1,liq_asia_high_breakout_follow_h12_tp06_sl065,-1.4218500000000405,-2.4718500000000403,-3.17185000000004,0,0,0,0,2.4718500000000403,13.490000000000009,7.819999999999936,0.6598465473145647,9.720000000000027,0.7150205761316899,3.4299999999998363,3.345999999999992,0.292,1.0,,,12,3,8.0,2022
2022-09-02 12:00:00+00:00|1.0|liq_asia_high_breakout_follow_h12_tp06_sl065,2022-09-02 12:00:00+00:00,STAGE28A,data/reports/stage28a_discovery_factory_batch_runner/stage28a_exact_trades.csv,liquidity_sweep_regime_v1,liq_asia_high_breakout_follow_h12_tp06_sl065,0.4518999999999323,-0.5981000000000676,-1.298100000000067,0,0,0,0,0.5981000000000676,22.61999999999989,5.330000000000155,0.7448405253283137,8.539999999999964,0.8723653395784368,2.519999999999982,3.678000000000009,0.488,1.0,,,12,4,9.0,2022
2022-09-07 12:00:00+00:00|1.0|liq_asia_high_breakout_follow_h12_tp06_sl065,2022-09-07 12:00:00+00:00,STAGE28A,data/reports/stage28a_discovery_factory_batch_runner/stage28a_exact_trades.csv,liquidity_sweep_regime_v1,liq_asia_high_breakout_follow_h12_tp06_sl065,0.9480999999999769,-0.1019000000000232,-0.8019000000000229,0,0,0,0,0.1019000000000232,26.909999999999854,11.450000000000045,0.618340611353703,15.829999999999927,0.8597599494630425,3.730000000000018,4.347000000000014,0.776,1.0,,,12,2,9.0,2022
2022-09-08 12:00:00+00:00|1.0|liq_asia_high_breakout_follow_h12_tp06_sl065,2022-09-08 12:00:00+00:00,STAGE28A,data/reports/stage28a_discovery_factory_batch_runner/stage28a_exact_trades.csv,liquidity_sweep_regime_v1,liq_asia_high_breakout_follow_h12_tp06_sl065,0.7680999999999131,-0.2819000000000868,-0.9819000000000866,0,0,0,0,0.2819000000000868,28.09999999999991,5.789999999999964,0.6269430051813699,8.8900000000001,0.6850393700787488,3.3299999999999272,3.8310000000000173,0.464,1.0,,,12,3,9.0,2022
2022-09-09 12:00:00+00:00|1.0|liq_asia_high_breakout_follow_h12_tp06_sl065,2022-09-09 12:00:00+00:00,STAGE28A,data/reports/stage28a_discovery_factory_batch_runner/stage28a_exact_trades.csv,liquidity_sweep_regime_v1,liq_asia_high_breakout_follow_h12_tp06_sl065,0.8994999999998982,-0.1505000000001017,-0.8505000000001015,0,0,0,0,0.1505000000001017,24.13000000000011,12.230000000000018,0.821749795584623,11.269999999999982,0.7080745341614935,2.6200000000001182,3.667999999999995,0.324,1.0,,,12,4,9.0,2022
2022-09-12 12:00:00+00:00|1.0|liq_asia_high_breakout_follow_h12_tp06_sl065,2022-09-12 12:00:00+00:00,STAGE28A,data/reports/stage28a_discovery_factory_batch_runner/stage28a_exact_trades.csv,liquidity_sweep_regime_v1,liq_asia_high_breakout_follow_h12_tp06_sl065,-1.8082749999999577,-2.8582749999999577,-3.558274999999957,0,0,0,0,2.8582749999999577,3.480000000000018,7.889999999999873,0.7553865652725137,15.549999999999955,0.7491961414790931,3.9200000000000728,3.933499999999981,0.444,1.0,,,12,0,9.0,2022
2022-09-14 12:00:00+00:00|1.0|liq_asia_high_breakout_follow_h12_tp06_sl065,2022-09-14 12:00:00+00:00,STAGE28A,data/reports/stage28a_discovery_factory_batch_runner/stage28a_exact_trades.csv,liquidity_sweep_regime_v1,liq_asia_high_breakout_follow_h12_tp06_sl065,-1.735150000000067,-2.785150000000067,-3.4851500000000666,0,0,0,0,2.785150000000067,34.73000000000002,6.289999999999964,0.25119236883941753,7.259999999999991,0.6170798898071658,3.0800000000001546,4.040500000000042,0.484,1.0,,,12,2,9.0,2022
2022-09-21 12:00:00+00:00|1.0|liq_asia_high_breakout_follow_h12_tp06_sl065,2022-09-21 12:00:00+00:00,STAGE28A,data/reports/stage28a_discovery_factory_batch_runner/stage28a_exact_trades.csv,liquidity_sweep_regime_v1,liq_asia_high_breakout_follow_h12_tp06_sl065,-1.7926750000000085,-2.8426750000000083,-3.542675000000008,0,0,0,0,2.8426750000000083,19.49000000000001,4.599999999999909,0.31304347826083817,14.440000000000055,0.6606648199445934,2.730000000000018,3.4695000000000276,0.14,1.0,,,12,2,9.0,2022
2022-09-26 12:00:00+00:00|1.0|liq_asia_high_breakout_follow_h12_tp06_sl065,2022-09-26 12:00:00+00:00,STAGE28A,data/reports/stage28a_discovery_factory_batch_runner/stage28a_exact_trades.csv,liquidity_sweep_regime_v1,liq_asia_high_breakout_follow_h12_tp06_sl065,-2.618824999999879,-3.668824999999879,-4.368824999999879,0,0,0,1,3.668824999999879,5.389999999999873,19.279999999999973,0.29253112033195583,15.199999999999818,0.22434210526316598,4.809999999999945,6.820499999999981,0.944,1.0,,,12,0,9.0,2022
2022-09-27 12:00:00+00:00|1.0|liq_asia_high_breakout_follow_h12_tp06_sl065,2022-09-27 12:00:00+00:00,STAGE28A,data/reports/stage28a_discovery_factory_batch_runner/stage28a_exact_trades.csv,liquidity_sweep_regime_v1,liq_asia_high_breakout_follow_h12_tp06_sl065,1.0368999999999686,-0.0131000000000311,-0.7131000000000309,0,0,0,0,0.0131000000000311,28.61999999999989,10.209999999999809,0.36924583741430483,9.63000000000011,0.1921079958463256,4.270000000000209,4.857499999999971,0.48,1.0,,,12,1,9.0,2022
2022-09-30 12:00:00+00:00|1.0|liq_asia_high_breakout_follow_h12_tp06_sl065,2022-09-30 12:00:00+00:00,STAGE28A,data/reports/stage28a_discovery_factory_batch_runner/stage28a_exact_trades.csv,liquidity_sweep_regime_v1,liq_asia_high_breakout_follow_h12_tp06_sl065,1.1781999999999695,0.1281999999999699,-0.5718000000000298,1,0,0,0,0.1281999999999699,23.40000000000009,5.970000000000027,0.15577889447237175,12.980000000000018,0.41063174114022705,4.539999999999964,4.628499999999974,0.388,1.0,,,12,4,9.0,2022
2022-10-04 12:00:00+00:00|1.0|liq_asia_high_breakout_follow_h12_tp06_sl065,2022-10-04 12:00:00+00:00,STAGE28A,data/reports/stage28a_discovery_factory_batch_runner/stage28a_exact_trades.csv,liquidity_sweep_regime_v1,liq_asia_high_breakout_follow_h12_tp06_sl065,1.3099000000001069,0.259900000000107,-0.4400999999998927,1,0,1,0,0.259900000000107,41.819999999999936,7.339999999999918,0.08446866485012232,13.170000000000073,0.6522399392558748,4.259999999999991,5.775000000000011,0.648,1.0,,,12,1,10.0,2022
2022-10-07 12:00:00+00:00|1.0|liq_asia_high_breakout_follow_h12_tp06_sl065,2022-10-07 12:00:00+00:00,STAGE28A,data/reports/stage28a_discovery_factory_batch_runner/stage28a_exact_trades.csv,liquidity_sweep_regime_v1,liq_asia_high_breakout_follow_h12_tp06_sl065,-1.7462000000001354,-2.7962000000001352,-3.496200000000135,0,0,0,0,2.7962000000001352,18.649999999999864,4.269999999999982,0.4637002341920437,6.3900000000001,0.45539906103283395,4.350000000000136,3.736000000000024,0.008,1.0,,,12,4,10.0,2022
2022-10-12 12:00:00+00:00|1.0|liq_asia_high_breakout_follow_h12_tp06_sl065,2022-10-12 12:00:00+00:00,STAGE28A,data/reports/stage28a_discovery_factory_batch_runner/stage28a_exact_trades.csv,liquidity_sweep_regime_v1,liq_asia_high_breakout_follow_h12_tp06_sl065,1.1427999999999885,0.0927999999999884,-0.6072000000000113,1,0,0,0,0.0927999999999884,22.8900000000001,5.490000000000009,0.14207650273223524,10.549999999999955,0.45118483412322385,4.5499999999999545,5.20250000000002,0.612,1.0,,,12,2,10.0,2022
2022-10-13 12:00:00+00:00|1.0|liq_asia_high_breakout_follow_h12_tp06_sl065,2022-10-13 12:00:00+00:00,STAGE28A,data/reports/stage28a_discovery_factory_batch_runner/stage28a_exact_trades.csv,liquidity_sweep_regime_v1,liq_asia_high_breakout_follow_h12_tp06_sl065,-1.475150000000076,-2.525150000000076,-3.225150000000076,0,0,0,0,2.525150000000076,16.950000000000045,6.440000000000055,0.669254658385079,10.8900000000001,0.5096418732782281,4.629999999999882,3.225500000000045,0.004,1.0,,,12,3,10.0,2022
2022-10-17 12:00:00+00:00|1.0|liq_asia_high_breakout_follow_h12_tp06_sl065,2022-10-17 12:00:00+00:00,STAGE28A,data/reports/stage28a_discovery_factory_batch_runner/stage28a_exact_trades.csv,liquidity_sweep_regime_v1,liq_asia_high_breakout_follow_h12_tp06_sl065,0.9949000000000524,-0.0550999999999475,-0.7550999999999473,0,0,0,0,0.0550999999999475,4.039999999999964,9.529999999999973,0.4952780692549885,9.61999999999989,0.7079002079002102,4.2000000000000455,4.9164999999999965,0.456,1.0,,,12,0,10.0,2022
2022-10-20 12:00:00+00:00|1.0|liq_asia_high_breakout_follow_h12_tp06_sl065,2022-10-20 12:00:00+00:00,STAGE28A,data/reports/stage28a_discovery_factory_batch_runner/stage28a_exact_trades.csv,liquidity_sweep_regime_v1,liq_asia_high_breakout_follow_h12_tp06_sl065,-2.055275000000029,-3.1052750000000287,-3.805275000000029,0,0,0,1,3.1052750000000287,26.74000000000001,7.850000000000136,0.21910828025477674,10.799999999999955,0.7990740740740876,4.6400000000001,3.7145000000000095,0.068,1.0,,,12,3,10.0,2022
2022-10-26 12:00:00+00:00|1.0|liq_asia_high_breakout_follow_h12_tp06_sl065,2022-10-26 12:00:00+00:00,STAGE28A,data/reports/stage28a_discovery_factory_batch_runner/stage28a_exact_trades.csv,liquidity_sweep_regime_v1,liq_asia_high_breakout_follow_h12_tp06_sl065,1.1028999999999995,0.0528999999999997,-0.6471,1,0,0,0,0.0528999999999997,24.060000000000173,7.880000000000109,0.5862944162436329,19.779999999999973,0.6400404448938257,4.240000000000009,4.604000000000019,0.496,1.0,,,12,2,10.0,2022
2022-11-01 12:00:00+00:00|1.0|liq_asia_high_breakout_follow_h12_tp06_sl065,2022-11-01 12:00:00+00:00,STAGE28A,data/reports/stage28a_discovery_factory_batch_runner/stage28a_exact_trades.csv,liquidity_sweep_regime_v1,liq_asia_high_breakout_follow_h12_tp06_sl065,1.0918000000000574,0.0418000000000575,-0.6581999999999422,1,0,0,0,0.0418000000000575,13.779999999999973,9.440000000000055,0.5889830508474484,15.150000000000091,0.8686468646864538,5.069999999999936,3.6395000000000324,0.084,1.0,,,12,1,11.0,2022
2022-11-02 12:00:00+00:00|1.0|liq_asia_high_breakout_follow_h12_tp06_sl065,2022-11-02 12:00:00+00:00,STAGE28A,data/reports/stage28a_discovery_factory_batch_runner/stage28a_exact_trades.csv,liquidity_sweep_regime_v1,liq_asia_high_breakout_follow_h12_tp06_sl065,0.6850000000000819,-0.364999999999918,-1.0649999999999178,0,0,0,0,0.364999999999918,26.399999999999864,7.350000000000136,0.31292517006801523,7.3599999999999,0.6983695652174144,4.3599999999999,3.5644999999999643,0.06,1.0,,,12,2,11.0,2022
2022-11-11 12:00:00+00:00|1.0|liq_asia_high_breakout_follow_h12_tp06_sl065,2022-11-11 12:00:00+00:00,STAGE28A,data/reports/stage28a_discovery_factory_batch_runner/stage28a_exact_trades.csv,liquidity_sweep_regime_v1,liq_asia_high_breakout_follow_h12_tp06_sl065,-2.615249999999924,-3.665249999999924,-4.365249999999923,0,0,0,1,3.665249999999924,53.33999999999992,7.350000000000136,0.11020408163264359,14.100000000000136,0.3702127659574452,5.129999999999882,5.887000000000012,0.924,1.0,,,12,4,11.0,2022
2022-11-15 12:00:00+00:00|1.0|liq_asia_high_breakout_follow_h12_tp06_sl065,2022-11-15 12:00:00+00:00,STAGE28A,data/reports/stage28a_discovery_factory_batch_runner/stage28a_exact_trades.csv,liquidity_sweep_regime_v1,liq_asia_high_breakout_follow_h12_tp06_sl065,-2.104024999999956,-3.154024999999956,-3.854024999999956,0,0,0,1,3.154024999999956,21.77000000000021,5.259999999999991,0.26615969581750826,15.680000000000064,0.36926020408162885,6.019999999999982,4.5020000000000095,0.46,1.0,,,12,1,11.0,2022
2022-11-16 12:00:00+00:00|1.0|liq_asia_high_breakout_follow_h12_tp06_sl065,2022-11-16 12:00:00+00:00,STAGE28A,data/reports/stage28a_discovery_factory_batch_runner/stage28a_exact_trades.csv,liquidity_sweep_regime_v1,liq_asia_high_breakout_follow_h12_tp06_sl065,1.0039000000000668,-0.0460999999999329,-0.7460999999999327,0,0,0,0,0.0460999999999329,19.36999999999989,11.1099999999999,0.8019801980198166,14.039999999999964,0.7343304843304823,4.510000000000218,5.401500000000022,0.668,1.0,,,12,2,11.0,2022
2022-11-22 12:00:00+00:00|1.0|liq_asia_high_breakout_follow_h12_tp06_sl065,2022-11-22 12:00:00+00:00,STAGE28A,data/reports/stage28a_discovery_factory_batch_runner/stage28a_exact_trades.csv,liquidity_sweep_regime_v1,liq_asia_high_breakout_follow_h12_tp06_sl065,0.7921000000000277,-0.2578999999999722,-0.957899999999972,0,0,0,0,0.2578999999999722,20.470000000000027,8.220000000000027,0.8004866180048547,8.079999999999927,0.11386138613862389,4.579999999999927,3.7014999999999985,0.152,1.0,,,12,1,11.0,2022
2022-11-24 12:00:00+00:00|1.0|liq_asia_high_breakout_follow_h12_tp06_sl065,2022-11-24 12:00:00+00:00,STAGE28A,data/reports/stage28a_discovery_factory_batch_runner/stage28a_exact_trades.csv,liquidity_sweep_regime_v1,liq_asia_high_breakout_follow_h12_tp06_sl065,-1.4416749999998957,-2.4916749999998955,-3.1916749999998952,0,0,0,0,2.4916749999998955,27.230000000000018,7.830000000000155,0.43550446998720144,6.160000000000082,0.07142857142857933,2.5799999999999272,3.7930000000000064,0.204,1.0,,,12,3,11.0,2022
2022-11-28 12:00:00+00:00|1.0|liq_asia_high_breakout_follow_h12_tp06_sl065,2022-11-28 12:00:00+00:00,STAGE28A,data/reports/stage28a_discovery_factory_batch_runner/stage28a_exact_trades.csv,liquidity_sweep_regime_v1,liq_asia_high_breakout_follow_h12_tp06_sl065,0.9802000000001044,-0.0697999999998955,-0.7697999999998952,0,0,0,0,0.0697999999998955,5.539999999999964,9.789999999999964,0.06230847803880513,15.220000000000027,0.6005256241787177,3.8300000000001546,4.240499999999974,0.604,1.0,,,12,0,11.0,2022
2022-11-29 12:00:00+00:00|1.0|liq_asia_high_breakout_follow_h12_tp06_sl065,2022-11-29 12:00:00+00:00,STAGE28A,data/reports/stage28a_discovery_factory_batch_runner/stage28a_exact_trades.csv,liquidity_sweep_regime_v1,liq_asia_high_breakout_follow_h12_tp06_sl065,0.8428000000000339,-0.207199999999966,-0.9071999999999658,0,0,0,0,0.207199999999966,24.059999999999945,14.629999999999882,0.8523581681476505,7.559999999999945,0.19312169312169933,5.570000000000164,3.8889999999999647,0.388,1.0,,,12,1,11.0,2022
2022-11-30 12:00:00+00:00|1.0|liq_asia_high_breakout_follow_h12_tp06_sl065,2022-11-30 12:00:00+00:00,STAGE28A,data/reports/stage28a_discovery_factory_batch_runner/stage28a_exact_trades.csv,liquidity_sweep_regime_v1,liq_asia_high_breakout_follow_h12_tp06_sl065,0.7066000000001168,-0.3433999999998831,-1.0433999999998829,0,0,0,0,0.3433999999998831,19.48999999999978,7.899999999999864,0.6734177215190197,10.210000000000036,0.4338883447600216,3.150000000000091,3.249000000000001,0.16,1.0,,,12,2,11.0,2022
2022-12-19 12:00:00+00:00|1.0|liq_asia_high_breakout_follow_h12_tp06_sl065,2022-12-19 12:00:00+00:00,STAGE28A,data/reports/stage28a_discovery_factory_batch_runner/stage28a_exact_trades.csv,liquidity_sweep_regime_v1,liq_asia_high_breakout_follow_h12_tp06_sl065,0.7170999999999822,-0.3329000000000177,-1.0329000000000177,0,0,0,0,0.3329000000000177,2.3400000000001455,5.970000000000027,0.32160804020101574,8.4699999999998,0.3471074380165436,3.2799999999999727,3.939500000000021,0.396,1.0,,,12,0,12.0,2022
2022-12-20 12:00:00+00:00|1.0|liq_asia_high_breakout_follow_h12_tp06_sl065,2022-12-20 12:00:00+00:00,STAGE28A,data/reports/stage28a_discovery_factory_batch_runner/stage28a_exact_trades.csv,liquidity_sweep_regime_v1,liq_asia_high_breakout_follow_h12_tp06_sl065,-2.054300000000103,-3.104300000000103,-3.804300000000103,0,0,0,1,3.104300000000103,15.0,11.589999999999918,0.2683347713546289,20.910000000000082,0.7723577235772371,6.100000000000136,4.336500000000001,0.612,1.0,,,12,1,12.0,2022
2022-12-23 12:00:00+00:00|1.0|liq_asia_high_breakout_follow_h12_tp06_sl065,2022-12-23 12:00:00+00:00,STAGE28A,data/reports/stage28a_discovery_factory_batch_runner/stage28a_exact_trades.csv,liquidity_sweep_regime_v1,liq_asia_high_breakout_follow_h12_tp06_sl065,0.636699999999928,-0.4133000000000719,-1.1133000000000717,0,0,0,0,0.4133000000000719,35.58999999999992,4.270000000000209,0.33255269320843167,4.830000000000155,0.780538302277404,3.240000000000009,3.861500000000035,0.44,1.0,,,12,4,12.0,2022
2022-12-27 12:00:00+00:00|1.0|liq_asia_high_breakout_follow_h12_tp06_sl065,2022-12-27 12:00:00+00:00,STAGE28A,data/reports/stage28a_discovery_factory_batch_runner/stage28a_exact_trades.csv,liquidity_sweep_regime_v1,liq_asia_high_breakout_follow_h12_tp06_sl065,-1.3464500000000954,-2.3964500000000952,-3.096450000000095,0,0,0,0,2.3964500000000952,4.339999999999918,6.7999999999999545,0.47205882352938683,6.039999999999964,0.6026490066225367,3.480000000000018,3.3944999999999594,0.256,1.0,,,12,1,12.0,2022
2022-12-29 12:00:00+00:00|1.0|liq_asia_high_breakout_follow_h12_tp06_sl065,2022-12-29 12:00:00+00:00,STAGE28A,data/reports/stage28a_discovery_factory_batch_runner/stage28a_exact_trades.csv,liquidity_sweep_regime_v1,liq_asia_high_breakout_follow_h12_tp06_sl065,0.6571000000000368,-0.3928999999999631,-1.092899999999963,0,0,0,0,0.3928999999999631,17.580000000000155,5.630000000000109,0.5772646536411966,7.6099999999999,0.4809461235216692,3.240000000000009,3.5114999999999896,0.3,1.0,,,12,3,12.0,2022
2023-01-04 12:00:00+00:00|1.0|liq_asia_high_breakout_follow_h12_tp06_sl065,2023-01-04 12:00:00+00:00,STAGE28A,data/reports/stage28a_discovery_factory_batch_runner/stage28a_exact_trades.csv,liquidity_sweep_regime_v1,liq_asia_high_breakout_follow_h12_tp06_sl065,-2.071524999999929,-3.1215249999999286,-3.821524999999928,0,0,0,1,3.1215249999999286,26.210000000000036,12.019999999999982,0.8460898502495914,20.410000000000082,0.5982361587457122,3.410000000000082,5.186500000000012,0.872,1.0,,,12,2,1.0,2023
2023-01-10 12:00:00+00:00|1.0|liq_asia_high_breakout_follow_h12_tp06_sl065,2023-01-10 12:00:00+00:00,STAGE28A,data/reports/stage28a_discovery_factory_batch_runner/stage28a_exact_trades.csv,liquidity_sweep_regime_v1,liq_asia_high_breakout_follow_h12_tp06_sl065,0.7867000000000189,-0.263299999999981,-0.9632999999999808,0,0,0,0,0.263299999999981,15.169999999999845,8.11999999999989,0.10467980295568323,6.699999999999818,0.5716417910447807,2.8099999999999454,4.252999999999952,0.428,1.0,,,12,1,1.0,2023
2023-01-11 12:00:00+00:00|1.0|liq_asia_high_breakout_follow_h12_tp06_sl065,2023-01-11 12:00:00+00:00,STAGE28A,data/reports/stage28a_discovery_factory_batch_runner/stage28a_exact_trades.csv,liquidity_sweep_regime_v1,liq_asia_high_breakout_follow_h12_tp06_sl065,0.9543999999999868,-0.095600000000013,-0.7956000000000127,0,0,0,0,0.095600000000013,12.879999999999882,6.419999999999845,0.09813084112151468,9.120000000000118,0.7565789473683963,3.3300000000001546,3.859999999999991,0.296,1.0,,,12,2,1.0,2023
2023-01-13 12:00:00+00:00|1.0|liq_asia_high_breakout_follow_h12_tp06_sl065,2023-01-13 12:00:00+00:00,STAGE28A,data/reports/stage28a_discovery_factory_batch_runner/stage28a_exact_trades.csv,liquidity_sweep_regime_v1,liq_asia_high_breakout_follow_h12_tp06_sl065,1.2196000000000369,0.1696000000000368,-0.5303999999999629,1,0,1,0,0.1696000000000368,32.710000000000036,6.089999999999918,0.33004926108374677,17.37999999999988,0.575949367088611,5.769999999999982,5.647999999999991,0.836,1.0,,,12,4,1.0,2023
2023-01-18 12:00:00+00:00|1.0|liq_asia_high_breakout_follow_h12_tp06_sl065,2023-01-18 12:00:00+00:00,STAGE28A,data/reports/stage28a_discovery_factory_batch_runner/stage28a_exact_trades.csv,liquidity_sweep_regime_v1,liq_asia_high_breakout_follow_h12_tp06_sl065,1.1853999999999814,0.1353999999999815,-0.5646000000000182,1,0,0,0,0.1353999999999815,15.2800000000002,13.089999999999918,0.7097020626432408,19.339999999999918,0.7699069286453032,5.720000000000027,4.669499999999971,0.508,1.0,,,12,2,1.0,2023
2023-01-24 12:00:00+00:00|1.0|liq_asia_high_breakout_follow_h12_tp06_sl065,2023-01-24 12:00:00+00:00,STAGE28A,data/reports/stage28a_discovery_factory_batch_runner/stage28a_exact_trades.csv,liquidity_sweep_regime_v1,liq_asia_high_breakout_follow_h12_tp06_sl065,0.8698000000000775,-0.1801999999999224,-0.8801999999999222,0,0,0,0,0.1801999999999224,24.169999999999845,6.519999999999982,0.21012269938648692,9.960000000000036,0.5672690763052051,4.269999999999982,4.543999999999983,0.524,1.0,,,12,1,1.0,2023
2023-02-08 12:00:00+00:00|1.0|liq_asia_high_breakout_follow_h12_tp06_sl065,2023-02-08 12:00:00+00:00,STAGE28A,data/reports/stage28a_discovery_factory_batch_runner/stage28a_exact_trades.csv,liquidity_sweep_regime_v1,liq_asia_high_breakout_follow_h12_tp06_sl065,1.3075000000000272,0.2575000000000274,-0.4424999999999723,1,0,1,0,0.2575000000000274,19.3599999999999,7.039999999999964,0.6022727272727316,13.2199999999998,0.2798789712556809,3.4500000000000455,6.265499999999963,0.828,1.0,,,12,2,2.0,2023
2023-02-09 12:00:00+00:00|1.0|liq_asia_high_breakout_follow_h12_tp06_sl065,2023-02-09 12:00:00+00:00,STAGE28A,data/reports/stage28a_discovery_factory_batch_runner/stage28a_exact_trades.csv,liquidity_sweep_regime_v1,liq_asia_high_breakout_follow_h12_tp06_sl065,1.0210000000000945,-0.0289999999999053,-0.7289999999999051,0,0,0,0,0.0289999999999053,17.3599999999999,8.25,0.5478787878787856,9.329999999999927,0.663451232583052,5.5499999999999545,3.9744999999999893,0.108,1.0,,,12,3,2.0,2023
2023-02-14 12:00:00+00:00|1.0|liq_asia_high_breakout_follow_h12_tp06_sl065,2023-02-14 12:00:00+00:00,STAGE28A,data/reports/stage28a_discovery_factory_batch_runner/stage28a_exact_trades.csv,liquidity_sweep_regime_v1,liq_asia_high_breakout_follow_h12_tp06_sl065,0.9259000000000924,-0.1240999999999075,-0.8240999999999072,0,0,0,0,0.1240999999999075,16.13000000000011,6.519999999999982,0.5920245398773218,7.099999999999909,0.12394366197181592,4.439999999999827,3.581499999999994,0.056,1.0,,,12,1,2.0,2023
2023-02-20 12:00:00+00:00|1.0|liq_asia_high_breakout_follow_h12_tp06_sl065,2023-02-20 12:00:00+00:00,STAGE28A,data/reports/stage28a_discovery_factory_batch_runner/stage28a_exact_trades.csv,liquidity_sweep_regime_v1,liq_asia_high_breakout_follow_h12_tp06_sl065,-1.5485999999999422,-2.598599999999942,-3.298599999999942,0,0,0,0,2.598599999999942,3.3700000000001182,7.559999999999945,0.5052910052910006,6.3599999999999,0.1289308176100549,2.5499999999999545,3.93599999999999,0.072,1.0,,,12,0,2.0,2023
2023-03-01 12:00:00+00:00|1.0|liq_asia_high_breakout_follow_h12_tp06_sl065,2023-03-01 12:00:00+00:00,STAGE28A,data/reports/stage28a_discovery_factory_batch_runner/stage28a_exact_trades.csv,liquidity_sweep_regime_v1,liq_asia_high_breakout_follow_h12_tp06_sl065,0.9273999999999432,-0.1226000000000566,-0.8226000000000564,0,0,0,0,0.1226000000000566,26.559999999999945,8.710000000000036,0.5051664753157373,8.179999999999836,0.6002444987775003,7.559999999999945,3.9029999999999405,0.436,1.0,,,12,2,3.0,2023
2023-03-03 12:00:00+00:00|1.0|liq_asia_high_breakout_follow_h12_tp06_sl065,2023-03-03 12:00:00+00:00,STAGE28A,data/reports/stage28a_discovery_factory_batch_runner/stage28a_exact_trades.csv,liquidity_sweep_regime_v1,liq_asia_high_breakout_follow_h12_tp06_sl065,0.6496000000001004,-0.4003999999998995,-1.1003999999998992,0,0,0,0,0.4003999999998995,8.949999999999818,6.009999999999991,0.09816971713812753,9.990000000000009,0.8508508508508501,3.259999999999991,3.120499999999981,0.124,1.0,,,12,4,3.0,2023
2023-03-08 12:00:00+00:00|1.0|liq_asia_high_breakout_follow_h12_tp06_sl065,2023-03-08 12:00:00+00:00,STAGE28A,data/reports/stage28a_discovery_factory_batch_runner/stage28a_exact_trades.csv,liquidity_sweep_regime_v1,liq_asia_high_breakout_follow_h12_tp06_sl065,0.5394999999999982,-0.5105000000000017,-1.2105000000000017,0,0,0,0,0.5105000000000017,38.899999999999864,5.070000000000164,0.4773175542406301,4.800000000000182,0.5312499999999704,2.2800000000002,3.4715000000000487,0.292,1.0,,,12,2,3.0,2023
2023-03-09 12:00:00+00:00|1.0|liq_asia_high_breakout_follow_h12_tp06_sl065,2023-03-09 12:00:00+00:00,STAGE28A,data/reports/stage28a_discovery_factory_batch_runner/stage28a_exact_trades.csv,liquidity_sweep_regime_v1,liq_asia_high_breakout_follow_h12_tp06_sl065,0.5644000000001143,-0.4855999999998857,-1.1855999999998854,0,0,0,0,0.4855999999998857,14.860000000000127,4.480000000000018,0.20535714285715825,6.339999999999918,0.5883280757097896,2.8799999999998818,3.18599999999999,0.208,1.0,,,12,3,3.0,2023
2023-03-15 12:00:00+00:00|1.0|liq_asia_high_breakout_follow_h12_tp06_sl065,2023-03-15 12:00:00+00:00,STAGE28A,data/reports/stage28a_discovery_factory_batch_runner/stage28a_exact_trades.csv,liquidity_sweep_regime_v1,liq_asia_high_breakout_follow_h12_tp06_sl065,-2.5931500000000143,-3.643150000000014,-4.343150000000014,0,0,0,1,3.643150000000014,18.75,5.6599999999998545,0.24558303886924177,24.029999999999973,0.28381190178942756,11.990000000000009,4.520500000000004,0.696,1.0,,,12,2,3.0,2023
2023-03-17 12:00:00+00:00|1.0|liq_asia_high_breakout_follow_h12_tp06_sl065,2023-03-17 12:00:00+00:00,STAGE28A,data/reports/stage28a_discovery_factory_batch_runner/stage28a_exact_trades.csv,liquidity_sweep_regime_v1,liq_asia_high_breakout_follow_h12_tp06_sl065,1.161400000000094,0.1114000000000943,-0.5885999999999054,1,0,0,0,0.1114000000000943,25.8599999999999,12.769999999999982,0.8300704776820792,6.980000000000018,0.04154727793695743,4.809999999999945,4.847999999999968,0.572,1.0,,,12,4,3.0,2023
2023-03-23 12:00:00+00:00|1.0|liq_asia_high_breakout_follow_h12_tp06_sl065,2023-03-23 12:00:00+00:00,STAGE28A,data/reports/stage28a_discovery_factory_batch_runner/stage28a_exact_trades.csv,liquidity_sweep_regime_v1,liq_asia_high_breakout_follow_h12_tp06_sl065,1.679500000000098,0.6295000000000983,-0.0704999999999014,1,0,1,0,0.6295000000000983,44.49000000000001,13.700000000000045,0.5751824817518143,9.3599999999999,0.01816239316240113,3.9299999999998363,7.823000000000002,0.704,1.0,,,12,3,3.0,2023
2023-03-24 12:00:00+00:00|1.0|liq_asia_high_breakout_follow_h12_tp06_sl065,2023-03-24 12:00:00+00:00,STAGE28A,data/reports/stage28a_discovery_factory_batch_runner/stage28a_exact_trades.csv,liquidity_sweep_regime_v1,liq_asia_high_breakout_follow_h12_tp06_sl065,-2.4956499999999324,-3.545649999999932,-4.245649999999932,0,0,0,1,3.545649999999932,38.76999999999998,5.119999999999891,0.011718750000034,19.029999999999973,0.026799789805569713,9.509999999999991,6.3104999999999905,0.432,1.0,,,12,4,3.0,2023
2023-03-30 12:00:00+00:00|1.0|liq_asia_high_breakout_follow_h12_tp06_sl065,2023-03-30 12:00:00+00:00,STAGE28A,data/reports/stage28a_discovery_factory_batch_runner/stage28a_exact_trades.csv,liquidity_sweep_regime_v1,liq_asia_high_breakout_follow_h12_tp06_sl065,0.9897999999999684,-0.0602000000000315,-0.7602000000000313,0,0,0,0,0.0602000000000315,15.759999999999991,9.539999999999964,0.4947589098532542,12.559999999999945,0.6162420382165639,3.619999999999891,4.312999999999965,0.088,1.0,,,12,3,3.0,2023
2023-04-11 12:00:00+00:00|1.0|liq_asia_high_breakout_follow_h12_tp06_sl065,2023-04-11 12:00:00+00:00,STAGE28A,data/reports/stage28a_discovery_factory_batch_runner/stage28a_exact_trades.csv,liquidity_sweep_regime_v1,liq_asia_high_breakout_follow_h12_tp06_sl065,0.8949999999998909,-0.155000000000109,-0.8550000000001088,0,0,0,0,0.155000000000109,24.860000000000127,9.349999999999909,0.6588235294117799,10.100000000000136,0.6920792079207836,6.210000000000036,3.82199999999998,0.096,1.0,,,12,1,4.0,2023
2023-04-13 12:00:00+00:00|1.0|liq_asia_high_breakout_follow_h12_tp06_sl065,2023-04-13 12:00:00+00:00,STAGE28A,data/reports/stage28a_discovery_factory_batch_runner/stage28a_exact_trades.csv,liquidity_sweep_regime_v1,liq_asia_high_breakout_follow_h12_tp06_sl065,-1.717925000000014,-2.7679250000000137,-3.467925000000013,0,0,0,0,2.7679250000000137,27.13000000000011,6.1400000000001,0.3697068403908705,13.950000000000045,0.6566308243727635,4.710000000000036,5.147999999999991,0.656,1.0,,,12,3,4.0,2023
2023-04-17 12:00:00+00:00|1.0|liq_asia_high_breakout_follow_h12_tp06_sl065,2023-04-17 12:00:00+00:00,STAGE28A,data/reports/stage28a_discovery_factory_batch_runner/stage28a_exact_trades.csv,liquidity_sweep_regime_v1,liq_asia_high_breakout_follow_h12_tp06_sl065,-1.951274999999987,-3.001274999999987,-3.7012749999999865,0,0,0,0,3.001274999999987,7.0,10.759999999999991,0.30669144981412244,11.329999999999927,0.5216240070608907,4.430000000000064,6.118000000000018,0.788,1.0,,,12,0,4.0,2023
2023-04-18 12:00:00+00:00|1.0|liq_asia_high_breakout_follow_h12_tp06_sl065,2023-04-18 12:00:00+00:00,STAGE28A,data/reports/stage28a_discovery_factory_batch_runner/stage28a_exact_trades.csv,liquidity_sweep_regime_v1,liq_asia_high_breakout_follow_h12_tp06_sl065,-1.6795749999999772,-2.729574999999977,-3.4295749999999767,0,0,0,0,2.729574999999977,33.8900000000001,8.5,0.6588235294117808,8.699999999999818,0.10919540229885809,3.2100000000000364,4.388999999999965,0.228,1.0,,,12,1,4.0,2023
2023-04-24 12:00:00+00:00|1.0|liq_asia_high_breakout_follow_h12_tp06_sl065,2023-04-24 12:00:00+00:00,STAGE28A,data/reports/stage28a_discovery_factory_batch_runner/stage28a_exact_trades.csv,liquidity_sweep_regime_v1,liq_asia_high_breakout_follow_h12_tp06_sl065,0.9850000000000364,-0.0649999999999635,-0.7649999999999633,0,0,0,0,0.0649999999999635,3.790000000000191,6.7999999999999545,0.4735294117647131,10.459999999999809,0.22179732313575323,4.410000000000082,5.368000000000018,0.588,1.0,,,12,0,4.0,2023
2023-05-09 12:00:00+00:00|1.0|liq_asia_high_breakout_follow_h12_tp06_sl065,2023-05-09 12:00:00+00:00,STAGE28A,data/reports/stage28a_discovery_factory_batch_runner/stage28a_exact_trades.csv,liquidity_sweep_regime_v1,liq_asia_high_breakout_follow_h12_tp06_sl065,-1.6071000000000368,-2.6571000000000367,-3.3571000000000364,0,0,0,0,2.6571000000000367,15.129999999999882,5.400000000000091,0.4944444444444075,7.330000000000155,0.46248294679400115,4.690000000000055,3.4920000000000413,0.08,1.0,,,12,1,5.0,2023
2023-05-19 12:00:00+00:00|1.0|liq_asia_high_breakout_follow_h12_tp06_sl065,2023-05-19 12:00:00+00:00,STAGE28A,data/reports/stage28a_discovery_factory_batch_runner/stage28a_exact_trades.csv,liquidity_sweep_regime_v1,liq_asia_high_breakout_follow_h12_tp06_sl065,0.8989000000000488,-0.1510999999999511,-0.8510999999999509,0,0,0,0,0.1510999999999511,33.97999999999979,9.659999999999854,0.4906832298136729,8.100000000000136,0.5469135802469123,2.9400000000000546,4.0184999999999835,0.464,1.0,,,12,4,5.0,2023
2023-05-22 12:00:00+00:00|1.0|liq_asia_high_breakout_follow_h12_tp06_sl065,2023-05-22 12:00:00+00:00,STAGE28A,data/reports/stage28a_discovery_factory_batch_runner/stage28a_exact_trades.csv,liquidity_sweep_regime_v1,liq_asia_high_breakout_follow_h12_tp06_sl065,-1.6886749999999666,-2.7386749999999664,-3.438674999999966,0,0,0,0,2.7386749999999664,4.360000000000127,6.099999999999909,0.3639344262295181,11.349999999999909,0.16123348017620634,5.620000000000118,5.354000000000019,0.812,1.0,,,12,0,5.0,2023
2023-05-25 12:00:00+00:00|1.0|liq_asia_high_breakout_follow_h12_tp06_sl065,2023-05-25 12:00:00+00:00,STAGE28A,data/reports/stage28a_discovery_factory_batch_runner/stage28a_exact_trades.csv,liquidity_sweep_regime_v1,liq_asia_high_breakout_follow_h12_tp06_sl065,0.7594000000000506,-0.2905999999999493,-0.9905999999999492,0,0,0,0,0.2905999999999493,28.560000000000173,6.789999999999964,0.5729013254786629,9.850000000000136,0.39187817258884,5.5499999999999545,4.723500000000001,0.632,1.0,,,12,3,5.0,2023
2023-05-26 12:00:00+00:00|1.0|liq_asia_high_breakout_follow_h12_tp06_sl065,2023-05-26 12:00:00+00:00,STAGE28A,data/reports/stage28a_discovery_factory_batch_runner/stage28a_exact_trades.csv,liquidity_sweep_regime_v1,liq_asia_high_breakout_follow_h12_tp06_sl065,0.932799999999952,-0.1172000000000479,-0.8172000000000477,0,0,0,0,0.1172000000000479,25.910000000000082,12.120000000000118,0.5140264026402606,10.289999999999964,0.5053449951409197,5.3400000000001455,4.305500000000018,0.48,1.0,,,12,4,5.0,2023
2023-06-08 12:00:00+00:00|1.0|liq_asia_high_breakout_follow_h12_tp06_sl065,2023-06-08 12:00:00+00:00,STAGE28A,data/reports/stage28a_discovery_factory_batch_runner/stage28a_exact_trades.csv,liquidity_sweep_regime_v1,liq_asia_high_breakout_follow_h12_tp06_sl065,0.7317999999999302,-0.3182000000000697,-1.0182000000000695,0,0,0,0,0.3182000000000697,30.329999999999927,7.440000000000055,0.5349462365591383,6.319999999999936,0.011075949367078645,2.3799999999998818,4.5735000000000126,0.656,1.0,,,12,3,6.0,2023
2023-06-12 12:00:00+00:00|1.0|liq_asia_high_breakout_follow_h12_tp06_sl065,2023-06-12 12:00:00+00:00,STAGE28A,data/reports/stage28a_discovery_factory_batch_runner/stage28a_exact_trades.csv,liquidity_sweep_regime_v1,liq_asia_high_breakout_follow_h12_tp06_sl065,0.7213000000000648,-0.3286999999999351,-1.0286999999999349,0,0,0,0,0.3286999999999351,1.740000000000009,6.239999999999782,0.06891025641026903,9.049999999999955,0.7502762430939224,5.240000000000009,3.434999999999957,0.248,1.0,,,12,0,6.0,2023
2023-06-13 12:00:00+00:00|1.0|liq_asia_high_breakout_follow_h12_tp06_sl065,2023-06-13 12:00:00+00:00,STAGE28A,data/reports/stage28a_discovery_factory_batch_runner/stage28a_exact_trades.csv,liquidity_sweep_regime_v1,liq_asia_high_breakout_follow_h12_tp06_sl065,0.6066999999999553,-0.4433000000000446,-1.1433000000000444,0,0,0,0,0.4433000000000446,17.7800000000002,6.210000000000036,0.6070853462157745,7.149999999999864,0.1706293706293777,3.1599999999998545,3.764999999999975,0.416,1.0,,,12,1,6.0,2023
2023-06-14 12:00:00+00:00|1.0|liq_asia_high_breakout_follow_h12_tp06_sl065,2023-06-14 12:00:00+00:00,STAGE28A,data/reports/stage28a_discovery_factory_batch_runner/stage28a_exact_trades.csv,liquidity_sweep_regime_v1,liq_asia_high_breakout_follow_h12_tp06_sl065,0.6916000000000168,-0.3583999999999832,-1.058399999999983,0,0,0,0,0.3583999999999832,30.730000000000018,7.240000000000009,0.7223756906077364,7.639999999999873,0.2683246073298414,2.5100000000002183,4.04100000000002,0.568,1.0,,,12,2,6.0,2023
2023-06-16 12:00:00+00:00|1.0|liq_asia_high_breakout_follow_h12_tp06_sl065,2023-06-16 12:00:00+00:00,STAGE28A,data/reports/stage28a_discovery_factory_batch_runner/stage28a_exact_trades.csv,liquidity_sweep_regime_v1,liq_asia_high_breakout_follow_h12_tp06_sl065,0.8398000000001048,-0.2101999999998951,-0.9101999999998948,0,0,0,0,0.2101999999998951,35.600000000000136,6.8900000000001,0.27576197387519064,10.069999999999936,0.7636544190665445,4.029999999999973,4.221000000000027,0.6,1.0,,,12,4,6.0,2023
2023-06-20 12:00:00+00:00|1.0|liq_asia_high_breakout_follow_h12_tp06_sl065,2023-06-20 12:00:00+00:00,STAGE28A,data/reports/stage28a_discovery_factory_batch_runner/stage28a_exact_trades.csv,liquidity_sweep_regime_v1,liq_asia_high_breakout_follow_h12_tp06_sl065,0.7515999999999622,-0.2984000000000377,-0.9984000000000376,0,0,0,0,0.2984000000000377,10.899999999999864,9.029999999999973,0.2159468438538263,9.8900000000001,0.2517694641051551,2.7000000000000455,3.047500000000025,0.164,1.0,,,12,1,6.0,2023
2023-06-23 12:00:00+00:00|1.0|liq_asia_high_breakout_follow_h12_tp06_sl065,2023-06-23 12:00:00+00:00,STAGE28A,data/reports/stage28a_discovery_factory_batch_runner/stage28a_exact_trades.csv,liquidity_sweep_regime_v1,liq_asia_high_breakout_follow_h12_tp06_sl065,0.8370999999998731,-0.2129000000001268,-0.9129000000001266,0,0,0,0,0.2129000000001268,22.579999999999927,6.009999999999991,0.21630615640598277,7.990000000000009,0.6958698372966131,2.980000000000018,3.7489999999999895,0.424,1.0,,,12,4,6.0,2023
2023-06-26 12:00:00+00:00|1.0|liq_asia_high_breakout_follow_h12_tp06_sl065,2023-06-26 12:00:00+00:00,STAGE28A,data/reports/stage28a_discovery_factory_batch_runner/stage28a_exact_trades.csv,liquidity_sweep_regime_v1,liq_asia_high_breakout_follow_h12_tp06_sl065,-1.4940000000000055,-2.5440000000000054,-3.244000000000005,0,0,0,0,2.5440000000000054,3.490000000000009,5.870000000000118,0.12776831345825979,11.200000000000045,0.3928571428571494,4.430000000000064,3.8724999999999907,0.448,1.0,,,12,0,6.0,2023
2023-07-04 12:00:00+00:00|1.0|liq_asia_high_breakout_follow_h12_tp06_sl065,2023-07-04 12:00:00+00:00,STAGE28A,data/reports/stage28a_discovery_factory_batch_runner/stage28a_exact_trades.csv,liquidity_sweep_regime_v1,liq_asia_high_breakout_follow_h12_tp06_sl065,-1.2024749999999131,-2.252474999999913,-2.9524749999999127,0,0,0,0,2.252474999999913,20.950000000000045,3.6399999999998727,0.4807692307692476,7.9099999999998545,0.8609355246523765,3.0699999999999363,2.6360000000000015,0.012,1.0,,,12,1,7.0,2023
2023-07-05 12:00:00+00:00|1.0|liq_asia_high_breakout_follow_h12_tp06_sl065,2023-07-05 12:00:00+00:00,STAGE28A,data/reports/stage28a_discovery_factory_batch_runner/stage28a_exact_trades.csv,liquidity_sweep_regime_v1,liq_asia_high_breakout_follow_h12_tp06_sl065,-1.2782000000000608,-2.3282000000000607,-3.0282000000000604,0,0,0,0,2.3282000000000607,10.940000000000055,3.9700000000000273,0.42821158690177175,8.25,0.5624242424242546,2.9200000000000728,2.435000000000025,0.092,1.0,,,12,2,7.0,2023
2023-07-07 12:00:00+00:00|1.0|liq_asia_high_breakout_follow_h12_tp06_sl065,2023-07-07 12:00:00+00:00,STAGE28A,data/reports/stage28a_discovery_factory_batch_runner/stage28a_exact_trades.csv,liquidity_sweep_regime_v1,liq_asia_high_breakout_follow_h12_tp06_sl065,0.461200000000099,-0.588799999999901,-1.2887999999999007,0,0,0,0,0.588799999999901,24.910000000000082,2.8099999999999454,0.049822064056895154,6.5499999999999545,0.7709923664122121,2.4300000000000637,2.966000000000008,0.184,1.0,,,12,4,7.0,2023
2023-07-11 12:00:00+00:00|1.0|liq_asia_high_breakout_follow_h12_tp06_sl065,2023-07-11 12:00:00+00:00,STAGE28A,data/reports/stage28a_discovery_factory_batch_runner/stage28a_exact_trades.csv,liquidity_sweep_regime_v1,liq_asia_high_breakout_follow_h12_tp06_sl065,-1.7335249999999631,-2.783524999999963,-3.483524999999963,0,0,0,0,2.783524999999963,15.459999999999809,4.690000000000055,0.3432835820895754,11.970000000000027,0.9598997493734321,5.389999999999873,3.3870000000000005,0.412,1.0,,,12,1,7.0,2023
2023-07-17 12:00:00+00:00|1.0|liq_asia_high_breakout_follow_h12_tp06_sl065,2023-07-17 12:00:00+00:00,STAGE28A,data/reports/stage28a_discovery_factory_batch_runner/stage28a_exact_trades.csv,liquidity_sweep_regime_v1,liq_asia_high_breakout_follow_h12_tp06_sl065,0.6868000000000848,-0.3631999999999151,-1.0631999999999149,0,0,0,0,0.3631999999999151,2.8300000000001546,4.990000000000009,0.1923847695390851,8.600000000000136,0.7697674418604666,5.5,3.594999999999982,0.596,1.0,,,12,0,7.0,2023
2023-07-18 12:00:00+00:00|1.0|liq_asia_high_breakout_follow_h12_tp06_sl065,2023-07-18 12:00:00+00:00,STAGE28A,data/reports/stage28a_discovery_factory_batch_runner/stage28a_exact_trades.csv,liquidity_sweep_regime_v1,liq_asia_high_breakout_follow_h12_tp06_sl065,0.5854000000000724,-0.4645999999999275,-1.1645999999999272,0,0,0,0,0.4645999999999275,14.089999999999918,6.839999999999918,0.7046783625730986,6.329999999999927,0.513428120063197,2.5,2.645000000000016,0.152,1.0,,,12,1,7.0,2023
2023-07-24 12:00:00+00:00|1.0|liq_asia_high_breakout_follow_h12_tp06_sl065,2023-07-24 12:00:00+00:00,STAGE28A,data/reports/stage28a_discovery_factory_batch_runner/stage28a_exact_trades.csv,liquidity_sweep_regime_v1,liq_asia_high_breakout_follow_h12_tp06_sl065,-1.541775000000007,-2.591775000000007,-3.2917750000000066,0,0,0,0,2.591775000000007,2.3999999999998636,3.759999999999991,0.4840425531914736,8.310000000000173,0.6413959085439283,4.519999999999982,3.1549999999999727,0.188,1.0,,,12,0,7.0,2023
2023-07-25 12:00:00+00:00|1.0|liq_asia_high_breakout_follow_h12_tp06_sl065,2023-07-25 12:00:00+00:00,STAGE28A,data/reports/stage28a_discovery_factory_batch_runner/stage28a_exact_trades.csv,liquidity_sweep_regime_v1,liq_asia_high_breakout_follow_h12_tp06_sl065,-1.513825000000088,-2.563825000000088,-3.263825000000088,0,0,0,0,2.563825000000088,14.429999999999836,10.349999999999909,0.6434782608695568,4.730000000000018,0.12262156448201375,4.0,3.1965000000000146,0.244,1.0,,,12,1,7.0,2023
2023-07-26 12:00:00+00:00|1.0|liq_asia_high_breakout_follow_h12_tp06_sl065,2023-07-26 12:00:00+00:00,STAGE28A,data/reports/stage28a_discovery_factory_batch_runner/stage28a_exact_trades.csv,liquidity_sweep_regime_v1,liq_asia_high_breakout_follow_h12_tp06_sl065,0.5110000000001037,-0.5389999999998962,-1.238999999999896,0,0,0,0,0.5389999999998962,14.290000000000191,4.230000000000018,0.14184397163118356,10.13000000000011,0.7423494570582331,2.380000000000109,2.991500000000008,0.148,1.0,,,12,2,7.0,2023
2023-08-10 12:00:00+00:00|1.0|liq_asia_high_breakout_follow_h12_tp06_sl065,2023-08-10 12:00:00+00:00,STAGE28A,data/reports/stage28a_discovery_factory_batch_runner/stage28a_exact_trades.csv,liquidity_sweep_regime_v1,liq_asia_high_breakout_follow_h12_tp06_sl065,0.5769999999999073,-0.4730000000000927,-1.1730000000000924,0,0,0,0,0.4730000000000927,18.330000000000155,4.660000000000082,0.5021459227467547,6.099999999999909,0.377049180327867,2.6099999999999,2.8049999999999953,0.092,1.0,,,12,3,8.0,2023
2023-08-11 12:00:00+00:00|1.0|liq_asia_high_breakout_follow_h12_tp06_sl065,2023-08-11 12:00:00+00:00,STAGE28A,data/reports/stage28a_discovery_factory_batch_runner/stage28a_exact_trades.csv,liquidity_sweep_regime_v1,liq_asia_high_breakout_follow_h12_tp06_sl065,0.3885999999999058,-0.6614000000000941,-1.361400000000094,0,0,0,0,0.6614000000000941,17.99000000000001,5.129999999999882,0.3781676413255554,7.240000000000009,0.46685082872926487,3.240000000000009,3.4129999999999883,0.408,1.0,,,12,4,8.0,2023
2023-08-16 12:00:00+00:00|1.0|liq_asia_high_breakout_follow_h12_tp06_sl065,2023-08-16 12:00:00+00:00,STAGE28A,data/reports/stage28a_discovery_factory_batch_runner/stage28a_exact_trades.csv,liquidity_sweep_regime_v1,liq_asia_high_breakout_follow_h12_tp06_sl065,-1.0978249999999208,-2.1478249999999206,-2.8478249999999203,0,0,0,0,2.1478249999999206,15.230000000000018,5.009999999999991,0.5209580838323616,4.4500000000000455,0.45168539325842033,2.269999999999982,2.9440000000000053,0.22,1.0,,,12,2,8.0,2023
2023-08-22 12:00:00+00:00|1.0|liq_asia_high_breakout_follow_h12_tp06_sl065,2023-08-22 12:00:00+00:00,STAGE28A,data/reports/stage28a_discovery_factory_batch_runner/stage28a_exact_trades.csv,liquidity_sweep_regime_v1,liq_asia_high_breakout_follow_h12_tp06_sl065,0.6019000000000233,-0.4480999999999766,-1.1480999999999764,0,0,0,0,0.4480999999999766,14.160000000000082,3.6100000000001273,0.2576177285318645,9.980000000000018,0.6863727454909716,3.939999999999827,3.1185000000000285,0.544,1.0,,,12,1,8.0,2023
2023-08-23 12:00:00+00:00|1.0|liq_asia_high_breakout_follow_h12_tp06_sl065,2023-08-23 12:00:00+00:00,STAGE28A,data/reports/stage28a_discovery_factory_batch_runner/stage28a_exact_trades.csv,liquidity_sweep_regime_v1,liq_asia_high_breakout_follow_h12_tp06_sl065,-1.3006249999999455,-2.3506249999999453,-3.050624999999945,0,0,0,0,2.3506249999999453,15.450000000000045,5.879999999999882,0.6309523809523998,4.910000000000082,0.25050916496944964,2.0,2.411000000000024,0.056,1.0,,,12,2,8.0,2023
2023-09-11 12:00:00+00:00|1.0|liq_asia_high_breakout_follow_h12_tp06_sl065,2023-09-11 12:00:00+00:00,STAGE28A,data/reports/stage28a_discovery_factory_batch_runner/stage28a_exact_trades.csv,liquidity_sweep_regime_v1,liq_asia_high_breakout_follow_h12_tp06_sl065,0.5586999999999535,-0.4913000000000465,-1.1913000000000462,0,0,0,0,0.4913000000000465,2.5599999999999454,7.430000000000064,0.6850605652759222,7.740000000000009,0.2777777777777598,2.410000000000082,3.1224999999999907,0.856,1.0,,,12,0,9.0,2023
2023-09-15 12:00:00+00:00|1.0|liq_asia_high_breakout_follow_h12_tp06_sl065,2023-09-15 12:00:00+00:00,STAGE28A,data/reports/stage28a_discovery_factory_batch_runner/stage28a_exact_trades.csv,liquidity_sweep_regime_v1,liq_asia_high_breakout_follow_h12_tp06_sl065,0.4552000000000135,-0.5947999999999865,-1.2947999999999862,0,0,0,0,0.5947999999999865,11.819999999999936,6.240000000000009,0.8461538461538406,4.680000000000064,0.521367521367526,1.7100000000000364,2.8135000000000217,0.652,1.0,,,12,4,9.0,2023
2023-09-22 12:00:00+00:00|1.0|liq_asia_high_breakout_follow_h12_tp06_sl065,2023-09-22 12:00:00+00:00,STAGE28A,data/reports/stage28a_discovery_factory_batch_runner/stage28a_exact_trades.csv,liquidity_sweep_regime_v1,liq_asia_high_breakout_follow_h12_tp06_sl065,0.3283000000000357,-0.7216999999999643,-1.421699999999964,0,0,0,0,0.7216999999999643,17.580000000000155,6.259999999999991,0.5782747603834063,5.400000000000091,0.30740740740737527,1.6600000000000819,2.5430000000000406,0.384,1.0,,,12,4,9.0,2023
2023-09-29 12:00:00+00:00|1.0|liq_asia_high_breakout_follow_h12_tp06_sl065,2023-09-29 12:00:00+00:00,STAGE28A,data/reports/stage28a_discovery_factory_batch_runner/stage28a_exact_trades.csv,liquidity_sweep_regime_v1,liq_asia_high_breakout_follow_h12_tp06_sl065,-1.2616249999999585,-2.311624999999958,-3.011624999999958,0,0,0,0,2.311624999999958,21.920000000000073,4.319999999999936,0.23379629629635026,10.939999999999827,0.9396709323583304,2.439999999999827,3.824499999999978,0.94,1.0,,,12,4,9.0,2023
2023-10-11 12:00:00+00:00|1.0|liq_asia_high_breakout_follow_h12_tp06_sl065,2023-10-11 12:00:00+00:00,STAGE28A,data/reports/stage28a_discovery_factory_batch_runner/stage28a_exact_trades.csv,liquidity_sweep_regime_v1,liq_asia_high_breakout_follow_h12_tp06_sl065,-1.4403749999999946,-2.4903749999999945,-3.190374999999994,0,0,0,0,2.4903749999999945,12.330000000000155,2.790000000000191,0.11111111111116544,12.52000000000021,0.831469648562293,2.9500000000000455,2.9119999999999893,0.112,1.0,,,12,2,10.0,2023
2023-10-12 12:00:00+00:00|1.0|liq_asia_high_breakout_follow_h12_tp06_sl065,2023-10-12 12:00:00+00:00,STAGE28A,data/reports/stage28a_discovery_factory_batch_runner/stage28a_exact_trades.csv,liquidity_sweep_regime_v1,liq_asia_high_breakout_follow_h12_tp06_sl065,0.4914999999999964,-0.5585000000000035,-1.2585000000000033,0,0,0,0,0.5585000000000035,18.6400000000001,5.0499999999999545,0.6079207920792008,5.900000000000091,0.5610169491525244,2.849999999999909,2.830999999999983,0.052,1.0,,,12,3,10.0,2023
2023-10-13 12:00:00+00:00|1.0|liq_asia_high_breakout_follow_h12_tp06_sl065,2023-10-13 12:00:00+00:00,STAGE28A,data/reports/stage28a_discovery_factory_batch_runner/stage28a_exact_trades.csv,liquidity_sweep_regime_v1,liq_asia_high_breakout_follow_h12_tp06_sl065,0.5832999999999174,-0.4667000000000825,-1.1667000000000822,0,0,0,0,0.4667000000000825,17.139999999999873,5.779999999999973,0.6868512110726723,14.670000000000073,0.9522835719154709,2.9600000000000364,2.890999999999997,0.08,1.0,,,12,4,10.0,2023
2023-10-20 12:00:00+00:00|1.0|liq_asia_high_breakout_follow_h12_tp06_sl065,2023-10-20 12:00:00+00:00,STAGE28A,data/reports/stage28a_discovery_factory_batch_runner/stage28a_exact_trades.csv,liquidity_sweep_regime_v1,liq_asia_high_breakout_follow_h12_tp06_sl065,-1.7413250000000515,-2.791325000000052,-3.4913250000000517,0,0,0,0,2.791325000000052,32.50999999999999,10.069999999999936,0.5233366434955328,11.190000000000055,0.4387846291331395,5.089999999999918,5.863999999999999,0.92,1.0,,,12,4,10.0,2023
2023-10-23 12:00:00+00:00|1.0|liq_asia_high_breakout_follow_h12_tp06_sl065,2023-10-23 12:00:00+00:00,STAGE28A,data/reports/stage28a_discovery_factory_batch_runner/stage28a_exact_trades.csv,liquidity_sweep_regime_v1,liq_asia_high_breakout_follow_h12_tp06_sl065,0.7957000000000335,-0.2542999999999664,-0.9542999999999662,0,0,0,0,0.2542999999999664,16.730000000000018,16.730000000000018,0.16198445905559075,10.169999999999845,0.40019665683384714,2.8900000000001,7.0005,0.96,1.0,,,12,0,10.0,2023
2023-10-26 12:00:00+00:00|1.0|liq_asia_high_breakout_follow_h12_tp06_sl065,2023-10-26 12:00:00+00:00,STAGE28A,data/reports/stage28a_discovery_factory_batch_runner/stage28a_exact_trades.csv,liquidity_sweep_regime_v1,liq_asia_high_breakout_follow_h12_tp06_sl065,0.8040999999999713,-0.2459000000000286,-0.9459000000000284,0,0,0,0,0.2459000000000286,24.13000000000011,7.869999999999891,0.6569250317661902,9.559999999999945,0.3650627615062792,4.789999999999964,5.618000000000029,0.732,1.0,,,12,3,10.0,2023
2023-10-31 12:00:00+00:00|1.0|liq_asia_high_breakout_follow_h12_tp06_sl065,2023-10-31 12:00:00+00:00,STAGE28A,data/reports/stage28a_discovery_factory_batch_runner/stage28a_exact_trades.csv,liquidity_sweep_regime_v1,liq_asia_high_breakout_follow_h12_tp06_sl065,-1.3594500000000154,-2.409450000000015,-3.109450000000015,0,0,0,0,2.409450000000015,15.75,6.7000000000000455,0.38656716417908965,7.740000000000009,0.9470284237725993,2.3099999999999454,3.2185000000000175,0.024,1.0,,,12,1,10.0,2023
2023-11-02 12:00:00+00:00|1.0|liq_asia_high_breakout_follow_h12_tp06_sl065,2023-11-02 12:00:00+00:00,STAGE28A,data/reports/stage28a_discovery_factory_batch_runner/stage28a_exact_trades.csv,liquidity_sweep_regime_v1,liq_asia_high_breakout_follow_h12_tp06_sl065,0.5613999999999578,-0.4886000000000421,-1.1886000000000418,0,0,0,0,0.4886000000000421,22.200000000000045,6.960000000000036,0.5574712643678289,5.899999999999864,0.4915254237288018,2.9700000000000273,4.216999999999996,0.228,1.0,,,12,3,11.0,2023
2023-11-03 12:00:00+00:00|1.0|liq_asia_high_breakout_follow_h12_tp06_sl065,2023-11-03 12:00:00+00:00,STAGE28A,data/reports/stage28a_discovery_factory_batch_runner/stage28a_exact_trades.csv,liquidity_sweep_regime_v1,liq_asia_high_breakout_follow_h12_tp06_sl065,-1.335400000000027,-2.385400000000027,-3.0854000000000266,0,0,0,0,2.385400000000027,12.200000000000045,4.599999999999909,0.09565217391305723,5.789999999999964,0.44559585492227005,1.990000000000009,2.8460000000000036,0.008,1.0,,,12,4,11.0,2023
2023-11-15 12:00:00+00:00|1.0|liq_asia_high_breakout_follow_h12_tp06_sl065,2023-11-15 12:00:00+00:00,STAGE28A,data/reports/stage28a_discovery_factory_batch_runner/stage28a_exact_trades.csv,liquidity_sweep_regime_v1,liq_asia_high_breakout_follow_h12_tp06_sl065,-1.3952000000000226,-2.4452000000000225,-3.145200000000022,0,0,0,0,2.4452000000000225,33.81000000000017,6.400000000000091,0.7859374999999845,8.25,0.6848484848484683,2.1900000000000546,3.2765000000000213,0.2,1.0,,,12,2,11.0,2023
2023-11-16 12:00:00+00:00|1.0|liq_asia_high_breakout_follow_h12_tp06_sl065,2023-11-16 12:00:00+00:00,STAGE28A,data/reports/stage28a_discovery_factory_batch_runner/stage28a_exact_trades.csv,liquidity_sweep_regime_v1,liq_asia_high_breakout_follow_h12_tp06_sl065,-1.245050000000083,-2.295050000000083,-2.9950500000000826,0,0,0,0,2.295050000000083,19.699999999999818,6.079999999999927,0.35526315789475454,6.4500000000000455,0.3968992248061903,2.6800000000000637,3.267999999999995,0.22,1.0,,,12,3,11.0,2023
2023-11-17 12:00:00+00:00|1.0|liq_asia_high_breakout_follow_h12_tp06_sl065,2023-11-17 12:00:00+00:00,STAGE28A,data/reports/stage28a_discovery_factory_batch_runner/stage28a_exact_trades.csv,liquidity_sweep_regime_v1,liq_asia_high_breakout_follow_h12_tp06_sl065,-1.4988750000000892,-2.548875000000089,-3.2488750000000888,0,0,0,0,2.548875000000089,31.529999999999973,6.4099999999998545,0.5351014040561843,10.810000000000173,0.5383903792784314,4.160000000000082,3.644999999999982,0.404,1.0,,,12,4,11.0,2023
2023-11-22 12:00:00+00:00|1.0|liq_asia_high_breakout_follow_h12_tp06_sl065,2023-11-22 12:00:00+00:00,STAGE28A,data/reports/stage28a_discovery_factory_batch_runner/stage28a_exact_trades.csv,liquidity_sweep_regime_v1,liq_asia_high_breakout_follow_h12_tp06_sl065,0.89350000000004,-0.1564999999999599,-0.8564999999999596,0,0,0,0,0.1564999999999599,30.34999999999991,4.8599999999999,0.0041152263374449015,9.639999999999873,0.19502074688795712,4.5,3.6965000000000146,0.376,1.0,,,12,2,11.0,2023
2023-11-24 12:00:00+00:00|1.0|liq_asia_high_breakout_follow_h12_tp06_sl065,2023-11-24 12:00:00+00:00,STAGE28A,data/reports/stage28a_discovery_factory_batch_runner/stage28a_exact_trades.csv,liquidity_sweep_regime_v1,liq_asia_high_breakout_follow_h12_tp06_sl065,0.3990999999999985,-0.6509000000000014,-1.350900000000001,0,0,0,0,0.6509000000000014,9.38000000000011,3.4400000000000546,0.11627906976740036,4.259999999999991,0.47652582159623874,1.7000000000000455,1.9515000000000213,0.008,1.0,,,12,4,11.0,2023
2023-12-01 12:00:00+00:00|1.0|liq_asia_high_breakout_follow_h12_tp06_sl065,2023-12-01 12:00:00+00:00,STAGE28A,data/reports/stage28a_discovery_factory_batch_runner/stage28a_exact_trades.csv,liquidity_sweep_regime_v1,liq_asia_high_breakout_follow_h12_tp06_sl065,0.6999999999999545,-0.3500000000000454,-1.0500000000000451,0,0,0,0,0.3500000000000454,16.060000000000173,6.800000000000182,0.0073529411764971415,10.539999999999964,0.34345351043642347,4.889999999999873,3.6529999999999747,0.344,1.0,,,12,4,12.0,2023
2023-12-07 12:00:00+00:00|1.0|liq_asia_high_breakout_follow_h12_tp06_sl065,2023-12-07 12:00:00+00:00,STAGE28A,data/reports/stage28a_discovery_factory_batch_runner/stage28a_exact_trades.csv,liquidity_sweep_regime_v1,liq_asia_high_breakout_follow_h12_tp06_sl065,-1.6214000000000852,-2.671400000000085,-3.3714000000000848,0,0,0,0,2.671400000000085,18.700000000000045,4.740000000000009,0.21940928270041385,9.889999999999873,0.765419615773512,3.5699999999999363,3.9929999999999835,0.42,1.0,,,12,3,12.0,2023
2023-12-13 12:00:00+00:00|1.0|liq_asia_high_breakout_follow_h12_tp06_sl065,2023-12-13 12:00:00+00:00,STAGE28A,data/reports/stage28a_discovery_factory_batch_runner/stage28a_exact_trades.csv,liquidity_sweep_regime_v1,liq_asia_high_breakout_follow_h12_tp06_sl065,-1.5521749999998975,-2.6021749999998973,-3.302174999999897,0,0,0,0,2.6021749999998973,19.50999999999999,5.1099999999999,0.8297455968689026,10.309999999999945,0.48205625606208086,3.1400000000001,3.40799999999997,0.012,1.0,,,12,2,12.0,2023
2023-12-15 12:00:00+00:00|1.0|liq_asia_high_breakout_follow_h12_tp06_sl065,2023-12-15 12:00:00+00:00,STAGE28A,data/reports/stage28a_discovery_factory_batch_runner/stage28a_exact_trades.csv,liquidity_sweep_regime_v1,liq_asia_high_breakout_follow_h12_tp06_sl065,0.824199999999928,-0.2258000000000719,-0.9258000000000716,0,0,0,0,0.2258000000000719,23.610000000000127,7.410000000000082,0.14170040485832258,10.200000000000045,0.5862745098039207,4.180000000000064,4.432000000000028,0.324,1.0,,,12,4,12.0,2023
2023-12-18 12:00:00+00:00|1.0|liq_asia_high_breakout_follow_h12_tp06_sl065,2023-12-18 12:00:00+00:00,STAGE28A,data/reports/stage28a_discovery_factory_batch_runner/stage28a_exact_trades.csv,liquidity_sweep_regime_v1,liq_asia_high_breakout_follow_h12_tp06_sl065,-1.5898749999999835,-2.6398749999999835,-3.3398749999999837,0,0,0,0,2.6398749999999835,4.940000000000055,8.149999999999864,0.6920245398772966,8.159999999999854,0.45833333333334264,5.369999999999891,4.3124999999999885,0.276,1.0,,,12,0,12.0,2023
2023-12-27 12:00:00+00:00|1.0|liq_asia_high_breakout_follow_h12_tp06_sl065,2023-12-27 12:00:00+00:00,STAGE28A,data/reports/stage28a_discovery_factory_batch_runner/stage28a_exact_trades.csv,liquidity_sweep_regime_v1,liq_asia_high_breakout_follow_h12_tp06_sl065,0.3969999999998436,-0.6530000000001563,-1.353000000000156,0,0,0,0,0.6530000000001563,15.650000000000091,4.559999999999945,0.07894736842108149,7.7199999999998,0.1411917098445821,1.9600000000000364,3.06400000000001,0.064,1.0,,,12,2,12.0,2023
2024-01-02 12:00:00+00:00|1.0|liq_asia_high_breakout_follow_h12_tp06_sl065,2024-01-02 12:00:00+00:00,STAGE28A,data/reports/stage28a_discovery_factory_batch_runner/stage28a_exact_trades.csv,liquidity_sweep_regime_v1,liq_asia_high_breakout_follow_h12_tp06_sl065,0.9187000000000808,-0.1312999999999191,-0.8312999999999189,0,0,0,0,0.1312999999999191,3.199999999999818,8.299999999999727,0.7060240963855807,9.350000000000364,0.6844919786096088,5.559999999999945,3.8299999999999956,0.412,1.0,,,12,1,1.0,2024
2024-01-04 12:00:00+00:00|1.0|liq_asia_high_breakout_follow_h12_tp06_sl065,2024-01-04 12:00:00+00:00,STAGE28A,data/reports/stage28a_discovery_factory_batch_runner/stage28a_exact_trades.csv,liquidity_sweep_regime_v1,liq_asia_high_breakout_follow_h12_tp06_sl065,-1.741650000000027,-2.791650000000027,-3.4916500000000266,0,0,0,0,2.791650000000027,35.47000000000003,6.850000000000136,0.0029197080291943666,8.8299999999997,0.578708946772401,4.649999999999864,4.589499999999987,0.748,1.0,,,12,3,1.0,2024
2024-01-09 12:00:00+00:00|1.0|liq_asia_high_breakout_follow_h12_tp06_sl065,2024-01-09 12:00:00+00:00,STAGE28A,data/reports/stage28a_discovery_factory_batch_runner/stage28a_exact_trades.csv,liquidity_sweep_regime_v1,liq_asia_high_breakout_follow_h12_tp06_sl065,1.105600000000004,0.055600000000004,-0.6443999999999956,1,0,0,0,0.055600000000004,30.019999999999982,7.939999999999827,0.2783375314861281,8.319999999999936,0.3100961538461748,3.8199999999999363,4.342999999999972,0.544,1.0,,,12,1,1.0,2024
2024-01-10 12:00:00+00:00|1.0|liq_asia_high_breakout_follow_h12_tp06_sl065,2024-01-10 12:00:00+00:00,STAGE28A,data/reports/stage28a_discovery_factory_batch_runner/stage28a_exact_trades.csv,liquidity_sweep_regime_v1,liq_asia_high_breakout_follow_h12_tp06_sl065,-1.844674999999916,-2.8946749999999155,-3.5946749999999152,0,0,0,0,2.8946749999999155,15.940000000000055,5.619999999999891,0.18149466192170846,16.539999999999964,0.30290205562273287,1.5600000000001728,3.7875000000000227,0.288,1.0,,,12,2,1.0,2024
2024-01-12 12:00:00+00:00|1.0|liq_asia_high_breakout_follow_h12_tp06_sl065,2024-01-12 12:00:00+00:00,STAGE28A,data/reports/stage28a_discovery_factory_batch_runner/stage28a_exact_trades.csv,liquidity_sweep_regime_v1,liq_asia_high_breakout_follow_h12_tp06_sl065,0.7294000000000779,-0.320599999999922,-1.0205999999999218,0,0,0,0,0.320599999999922,26.470000000000027,6.9500000000000455,0.08345323741006093,12.599999999999909,0.8976190476190498,2.2799999999999727,5.168999999999994,0.788,1.0,,,12,4,1.0,2024
2024-01-19 12:00:00+00:00|1.0|liq_asia_high_breakout_follow_h12_tp06_sl065,2024-01-19 12:00:00+00:00,STAGE28A,data/reports/stage28a_discovery_factory_batch_runner/stage28a_exact_trades.csv,liquidity_sweep_regime_v1,liq_asia_high_breakout_follow_h12_tp06_sl065,-1.4156750000000555,-2.465675000000056,-3.1656750000000557,0,0,0,0,2.465675000000056,18.389999999999873,4.880000000000109,0.594262295081926,10.550000000000182,0.8890995260663241,3.240000000000009,3.1815000000000166,0.108,1.0,,,12,4,1.0,2024
2024-01-23 12:00:00+00:00|1.0|liq_asia_high_breakout_follow_h12_tp06_sl065,2024-01-23 12:00:00+00:00,STAGE28A,data/reports/stage28a_discovery_factory_batch_runner/stage28a_exact_trades.csv,liquidity_sweep_regime_v1,liq_asia_high_breakout_follow_h12_tp06_sl065,-2.041299999999956,-3.0912999999999555,-3.7912999999999553,0,0,0,1,3.0912999999999555,15.519999999999982,8.38000000000011,0.8210023866348201,13.160000000000082,0.19452887537995114,3.509999999999991,3.8144999999999754,0.368,1.0,,,12,1,1.0,2024
2024-01-24 12:00:00+00:00|1.0|liq_asia_high_breakout_follow_h12_tp06_sl065,2024-01-24 12:00:00+00:00,STAGE28A,data/reports/stage28a_discovery_factory_batch_runner/stage28a_exact_trades.csv,liquidity_sweep_regime_v1,liq_asia_high_breakout_follow_h12_tp06_sl065,-1.7328750000000128,-2.7828750000000126,-3.4828750000000124,0,0,0,0,2.7828750000000126,18.340000000000146,5.8599999999999,0.8447098976109437,11.279999999999973,0.7402482269503483,4.189999999999827,3.3179999999999836,0.156,1.0,,,12,2,1.0,2024
2024-01-25 12:00:00+00:00|1.0|liq_asia_high_breakout_follow_h12_tp06_sl065,2024-01-25 12:00:00+00:00,STAGE28A,data/reports/stage28a_discovery_factory_batch_runner/stage28a_exact_trades.csv,liquidity_sweep_regime_v1,liq_asia_high_breakout_follow_h12_tp06_sl065,-1.3909750000001169,-2.4409750000001167,-3.1409750000001164,0,0,0,0,2.4409750000001167,25.52000000000021,3.400000000000091,0.18823529411767145,7.019999999999982,0.5270655270655349,5.1400000000001,3.9275000000000206,0.472,1.0,,,12,3,1.0,2024
2024-01-29 12:00:00+00:00|1.0|liq_asia_high_breakout_follow_h12_tp06_sl065,2024-01-29 12:00:00+00:00,STAGE28A,data/reports/stage28a_discovery_factory_batch_runner/stage28a_exact_trades.csv,liquidity_sweep_regime_v1,liq_asia_high_breakout_follow_h12_tp06_sl065,-1.4182750000000852,-2.468275000000085,-3.1682750000000848,0,0,0,0,2.468275000000085,7.220000000000027,9.13000000000011,0.4928806133625352,9.209999999999809,0.1400651465798035,4.120000000000118,3.4339999999999917,0.26,1.0,,,12,0,1.0,2024
2024-01-30 12:00:00+00:00|1.0|liq_asia_high_breakout_follow_h12_tp06_sl065,2024-01-30 12:00:00+00:00,STAGE28A,data/reports/stage28a_discovery_factory_batch_runner/stage28a_exact_trades.csv,liquidity_sweep_regime_v1,liq_asia_high_breakout_follow_h12_tp06_sl065,0.6451000000000932,-0.4048999999999068,-1.1048999999999063,0,0,0,0,0.4048999999999068,18.460000000000036,4.819999999999936,0.13278008298757438,8.829999999999927,0.43488108720271235,3.660000000000082,4.23050000000004,0.664,1.0,,,12,1,1.0,2024
2024-02-13 12:00:00+00:00|1.0|liq_asia_high_breakout_follow_h12_tp06_sl065,2024-02-13 12:00:00+00:00,STAGE28A,data/reports/stage28a_discovery_factory_batch_runner/stage28a_exact_trades.csv,liquidity_sweep_regime_v1,liq_asia_high_breakout_follow_h12_tp06_sl065,0.2742999999999483,-0.7757000000000516,-1.4757000000000513,0,0,0,0,0.7757000000000516,15.639999999999873,4.4099999999998545,0.04081632653062803,9.190000000000055,0.8476605005440606,1.7200000000000273,2.642999999999995,0.064,1.0,,,12,1,2.0,2024
2024-02-15 12:00:00+00:00|1.0|liq_asia_high_breakout_follow_h12_tp06_sl065,2024-02-15 12:00:00+00:00,STAGE28A,data/reports/stage28a_discovery_factory_batch_runner/stage28a_exact_trades.csv,liquidity_sweep_regime_v1,liq_asia_high_breakout_follow_h12_tp06_sl065,0.33100000000004,-0.7189999999999599,-1.4189999999999596,0,0,0,0,0.7189999999999599,11.839999999999918,4.119999999999891,0.41262135922332294,6.5,0.6123076923076951,2.9299999999998363,2.872499999999968,0.112,1.0,,,12,3,2.0,2024
2024-02-16 12:00:00+00:00|1.0|liq_asia_high_breakout_follow_h12_tp06_sl065,2024-02-16 12:00:00+00:00,STAGE28A,data/reports/stage28a_discovery_factory_batch_runner/stage28a_exact_trades.csv,liquidity_sweep_regime_v1,liq_asia_high_breakout_follow_h12_tp06_sl065,0.2803000000000338,-0.7696999999999661,-1.4696999999999658,0,0,0,0,0.7696999999999661,18.230000000000018,3.2799999999999727,0.06097560975611193,4.819999999999936,0.7406639004149344,2.2100000000000364,2.574500000000023,0.068,1.0,,,12,4,2.0,2024
2024-02-20 12:00:00+00:00|1.0|liq_asia_high_breakout_follow_h12_tp06_sl065,2024-02-20 12:00:00+00:00,STAGE28A,data/reports/stage28a_discovery_factory_batch_runner/stage28a_exact_trades.csv,liquidity_sweep_regime_v1,liq_asia_high_breakout_follow_h12_tp06_sl065,-1.2184000000000652,-2.268400000000065,-2.9684000000000648,0,0,0,0,2.268400000000065,10.980000000000018,4.650000000000091,0.7053763440860508,9.879999999999882,0.6730769230769174,2.630000000000109,2.1740000000000235,0.052,1.0,,,12,1,2.0,2024
2024-02-22 12:00:00+00:00|1.0|liq_asia_high_breakout_follow_h12_tp06_sl065,2024-02-22 12:00:00+00:00,STAGE28A,data/reports/stage28a_discovery_factory_batch_runner/stage28a_exact_trades.csv,liquidity_sweep_regime_v1,liq_asia_high_breakout_follow_h12_tp06_sl065,0.607300000000032,-0.4426999999999679,-1.1426999999999676,0,0,0,0,0.4426999999999679,12.1400000000001,3.849999999999909,0.7974025974025997,6.670000000000073,0.1004497751124536,4.720000000000027,2.9905000000000315,0.42,1.0,,,12,3,2.0,2024
2024-02-26 12:00:00+00:00|1.0|liq_asia_high_breakout_follow_h12_tp06_sl065,2024-02-26 12:00:00+00:00,STAGE28A,data/reports/stage28a_discovery_factory_batch_runner/stage28a_exact_trades.csv,liquidity_sweep_regime_v1,liq_asia_high_breakout_follow_h12_tp06_sl065,-1.3184999999999492,-2.368499999999949,-3.0684999999999487,0,0,0,0,2.368499999999949,2.7999999999999545,5.069999999999936,0.36489151873765924,5.349999999999909,0.007476635514012018,2.1000000000001364,3.104499999999939,0.544,1.0,,,12,0,2.0,2024
2024-02-27 12:00:00+00:00|1.0|liq_asia_high_breakout_follow_h12_tp06_sl065,2024-02-27 12:00:00+00:00,STAGE28A,data/reports/stage28a_discovery_factory_batch_runner/stage28a_exact_trades.csv,liquidity_sweep_regime_v1,liq_asia_high_breakout_follow_h12_tp06_sl065,0.3628000000000156,-0.6871999999999843,-1.387199999999984,0,0,0,0,0.6871999999999843,12.009999999999991,4.0499999999999545,0.6246913580246917,6.789999999999964,0.42120765832108137,2.7799999999999727,2.5209999999999924,0.152,1.0,,,12,1,2.0,2024
2024-03-01 12:00:00+00:00|1.0|liq_asia_high_breakout_follow_h12_tp06_sl065,2024-03-01 12:00:00+00:00,STAGE28A,data/reports/stage28a_discovery_factory_batch_runner/stage28a_exact_trades.csv,liquidity_sweep_regime_v1,liq_asia_high_breakout_follow_h12_tp06_sl065,-1.62107500000011,-2.67107500000011,-3.371075000000109,0,0,0,0,2.67107500000011,22.72999999999979,3.9600000000000364,0.31565656565656275,16.0300000000002,0.5832813474734743,8.089999999999918,2.870000000000016,0.5,1.0,,,12,4,3.0,2024
2024-03-05 12:00:00+00:00|1.0|liq_asia_high_breakout_follow_h12_tp06_sl065,2024-03-05 12:00:00+00:00,STAGE28A,data/reports/stage28a_discovery_factory_batch_runner/stage28a_exact_trades.csv,liquidity_sweep_regime_v1,liq_asia_high_breakout_follow_h12_tp06_sl065,-1.9720750000002227,-3.0220750000002226,-3.7220750000002223,0,0,0,0,3.0220750000002226,40.370000000000346,6.349999999999909,0.22204724409446847,13.2800000000002,0.5813253012047954,6.25,5.13900000000001,0.94,1.0,,,12,1,3.0,2024
2024-03-06 12:00:00+00:00|1.0|liq_asia_high_breakout_follow_h12_tp06_sl065,2024-03-06 12:00:00+00:00,STAGE28A,data/reports/stage28a_discovery_factory_batch_runner/stage28a_exact_trades.csv,liquidity_sweep_regime_v1,liq_asia_high_breakout_follow_h12_tp06_sl065,0.8710000000000037,-0.1789999999999962,-0.878999999999996,0,0,0,0,0.1789999999999962,31.329999999999927,4.799999999999727,0.38333333333338543,7.150000000000091,0.07412587412590117,5.110000000000127,4.169499999999948,0.76,1.0,,,12,2,3.0,2024
2024-03-08 12:00:00+00:00|1.0|liq_asia_high_breakout_follow_h12_tp06_sl065,2024-03-08 12:00:00+00:00,STAGE28A,data/reports/stage28a_discovery_factory_batch_runner/stage28a_exact_trades.csv,liquidity_sweep_regime_v1,liq_asia_high_breakout_follow_h12_tp06_sl065,-1.8261499999999613,-2.8761499999999613,-3.576149999999961,0,0,0,0,2.8761499999999613,20.460000000000036,9.510000000000218,0.4437434279705739,14.920000000000073,0.724530831099219,6.440000000000055,4.703000000000043,0.628,1.0,,,12,4,3.0,2024
2024-03-15 12:00:00+00:00|1.0|liq_asia_high_breakout_follow_h12_tp06_sl065,2024-03-15 12:00:00+00:00,STAGE28A,data/reports/stage28a_discovery_factory_batch_runner/stage28a_exact_trades.csv,liquidity_sweep_regime_v1,liq_asia_high_breakout_follow_h12_tp06_sl065,0.952599999999984,-0.0974000000000159,-0.7974000000000157,0,0,0,0,0.0974000000000159,24.159999999999854,5.289999999999964,0.43100189035920905,9.289999999999964,0.511302475780411,5.25,3.510499999999979,0.096,1.0,,,12,4,3.0,2024
2024-03-26 12:00:00+00:00|1.0|liq_asia_high_breakout_follow_h12_tp06_sl065,2024-03-26 12:00:00+00:00,STAGE28A,data/reports/stage28a_discovery_factory_batch_runner/stage28a_exact_trades.csv,liquidity_sweep_regime_v1,liq_asia_high_breakout_follow_h12_tp06_sl065,1.2187000000002626,0.1687000000002627,-0.531299999999737,1,0,1,0,0.1687000000002627,17.779999999999745,6.839999999999691,0.09941520467834314,30.460000000000036,0.8365068942875898,16.730000000000018,3.8649999999999407,0.352,1.0,,,12,1,3.0,2024
2024-03-27 12:00:00+00:00|1.0|liq_asia_high_breakout_follow_h12_tp06_sl065,2024-03-27 12:00:00+00:00,STAGE28A,data/reports/stage28a_discovery_factory_batch_runner/stage28a_exact_trades.csv,liquidity_sweep_regime_v1,liq_asia_high_breakout_follow_h12_tp06_sl065,-2.26944999999987,-3.3194499999998697,-4.019449999999869,0,0,0,1,3.3194499999998697,32.460000000000036,8.480000000000018,0.12264150943395771,18.800000000000182,0.8202127659574427,17.440000000000055,4.741500000000019,0.616,1.0,,,12,2,3.0,2024
2024-03-28 12:00:00+00:00|1.0|liq_asia_high_breakout_follow_h12_tp06_sl065,2024-03-28 12:00:00+00:00,STAGE28A,data/reports/stage28a_discovery_factory_batch_runner/stage28a_exact_trades.csv,liquidity_sweep_regime_v1,liq_asia_high_breakout_follow_h12_tp06_sl065,1.0588000000001556,0.0088000000001557,-0.6911999999998439,1,0,0,0,0.0088000000001557,24.330000000000382,9.559999999999945,0.5041841004184301,22.920000000000073,0.7273123909249374,5.389999999999873,4.084999999999991,0.436,1.0,,,12,3,3.0,2024
2024-04-02 12:00:00+00:00|1.0|liq_asia_high_breakout_follow_h12_tp06_sl065,2024-04-02 12:00:00+00:00,STAGE28A,data/reports/stage28a_discovery_factory_batch_runner/stage28a_exact_trades.csv,liquidity_sweep_regime_v1,liq_asia_high_breakout_follow_h12_tp06_sl065,1.207900000000245,0.1579000000002453,-0.5420999999997544,1,0,1,0,0.1579000000002453,37.11999999999989,9.169999999999618,0.22246455834242623,16.440000000000055,0.5675182481751762,6.690000000000055,6.795500000000061,0.76,1.0,,,12,1,4.0,2024
2024-04-09 12:00:00+00:00|1.0|liq_asia_high_breakout_follow_h12_tp06_sl065,2024-04-09 12:00:00+00:00,STAGE28A,data/reports/stage28a_discovery_factory_batch_runner/stage28a_exact_trades.csv,liquidity_sweep_regime_v1,liq_asia_high_breakout_follow_h12_tp06_sl065,-2.3656499999998237,-3.415649999999823,-4.115649999999823,0,0,0,1,3.415649999999823,51.0300000000002,11.669999999999618,0.43958868894603914,22.269999999999982,0.8630444544230027,7.940000000000055,5.778500000000031,0.348,1.0,,,12,1,4.0,2024
2024-04-12 12:00:00+00:00|1.0|liq_asia_high_breakout_follow_h12_tp06_sl065,2024-04-12 12:00:00+00:00,STAGE28A,data/reports/stage28a_discovery_factory_batch_runner/stage28a_exact_trades.csv,liquidity_sweep_regime_v1,liq_asia_high_breakout_follow_h12_tp06_sl065,1.849000000000069,0.7990000000000692,0.0990000000000694,1,1,1,0,0.7990000000000692,52.0300000000002,23.449999999999818,0.4366737739872009,17.809999999999945,0.7810218978102388,6.480000000000018,8.066000000000008,0.676,1.0,,,12,4,4.0,2024
2024-04-17 12:00:00+00:00|1.0|liq_asia_high_breakout_follow_h12_tp06_sl065,2024-04-17 12:00:00+00:00,STAGE28A,data/reports/stage28a_discovery_factory_batch_runner/stage28a_exact_trades.csv,liquidity_sweep_regime_v1,liq_asia_high_breakout_follow_h12_tp06_sl065,-2.4719249999999198,-3.521924999999919,-4.221924999999919,0,0,0,1,3.521924999999919,35.210000000000036,6.400000000000091,0.5015624999999986,21.559999999999945,0.4809833024118911,10.970000000000255,8.76600000000003,0.58,1.0,,,12,2,4.0,2024
2024-04-18 12:00:00+00:00|1.0|liq_asia_high_breakout_follow_h12_tp06_sl065,2024-04-18 12:00:00+00:00,STAGE28A,data/reports/stage28a_discovery_factory_batch_runner/stage28a_exact_trades.csv,liquidity_sweep_regime_v1,liq_asia_high_breakout_follow_h12_tp06_sl065,-1.842725000000064,-2.892725000000064,-3.592725000000064,0,0,0,0,2.892725000000064,41.0,12.240000000000236,0.7802287581699344,7.890000000000327,0.6387832699619461,3.480000000000018,7.691000000000031,0.344,1.0,,,12,3,4.0,2024
2024-04-25 12:00:00+00:00|1.0|liq_asia_high_breakout_follow_h12_tp06_sl065,2024-04-25 12:00:00+00:00,STAGE28A,data/reports/stage28a_discovery_factory_batch_runner/stage28a_exact_trades.csv,liquidity_sweep_regime_v1,liq_asia_high_breakout_follow_h12_tp06_sl065,-2.0335000000000947,-3.0835000000000945,-3.7835000000000942,0,0,0,1,3.0835000000000945,25.480000000000018,17.029999999999745,0.28185554903113647,16.4699999999998,0.7109896782028038,3.8400000000001455,6.487999999999943,0.076,1.0,,,12,3,4.0,2024
2024-04-26 12:00:00+00:00|1.0|liq_asia_high_breakout_follow_h12_tp06_sl065,2024-04-26 12:00:00+00:00,STAGE28A,data/reports/stage28a_discovery_factory_batch_runner/stage28a_exact_trades.csv,liquidity_sweep_regime_v1,liq_asia_high_breakout_follow_h12_tp06_sl065,-2.601600000000053,-3.651600000000053,-4.351600000000053,0,0,0,1,3.651600000000053,39.539999999999964,10.019999999999982,0.2195608782434952,19.110000000000127,0.7791732077446483,6.079999999999927,6.870000000000073,0.184,1.0,,,12,4,4.0,2024
2024-04-29 12:00:00+00:00|1.0|liq_asia_high_breakout_follow_h12_tp06_sl065,2024-04-29 12:00:00+00:00,STAGE28A,data/reports/stage28a_discovery_factory_batch_runner/stage28a_exact_trades.csv,liquidity_sweep_regime_v1,liq_asia_high_breakout_follow_h12_tp06_sl065,1.3371999999998478,0.287199999999848,-0.4128000000001517,1,0,1,0,0.287199999999848,4.539999999999964,17.149999999999636,0.35801749271137046,16.929999999999836,0.8665091553455263,5.0300000000002,6.31700000000003,0.104,1.0,,,12,0,4.0,2024
2024-05-06 12:00:00+00:00|1.0|liq_asia_high_breakout_follow_h12_tp06_sl065,2024-05-06 12:00:00+00:00,STAGE28A,data/reports/stage28a_discovery_factory_batch_runner/stage28a_exact_trades.csv,liquidity_sweep_regime_v1,liq_asia_high_breakout_follow_h12_tp06_sl065,-2.0949249999999666,-3.1449249999999664,-3.844924999999966,0,0,0,1,3.1449249999999664,5.210000000000036,23.519999999999982,0.32312925170067663,16.170000000000073,0.741496598639439,5.730000000000018,7.30799999999997,0.62,1.0,,,12,0,5.0,2024
2024-05-10 12:00:00+00:00|1.0|liq_asia_high_breakout_follow_h12_tp06_sl065,2024-05-10 12:00:00+00:00,STAGE28A,data/reports/stage28a_discovery_factory_batch_runner/stage28a_exact_trades.csv,liquidity_sweep_regime_v1,liq_asia_high_breakout_follow_h12_tp06_sl065,-2.3584999999999128,-3.4084999999999126,-4.108499999999912,0,0,0,1,3.4084999999999126,40.63999999999987,10.659999999999854,0.6716697936210086,24.079999999999927,0.7936046511627984,6.269999999999982,6.375499999999988,0.516,1.0,,,12,4,5.0,2024
2024-05-14 12:00:00+00:00|1.0|liq_asia_high_breakout_follow_h12_tp06_sl065,2024-05-14 12:00:00+00:00,STAGE28A,data/reports/stage28a_discovery_factory_batch_runner/stage28a_exact_trades.csv,liquidity_sweep_regime_v1,liq_asia_high_breakout_follow_h12_tp06_sl065,-1.9103249999999208,-2.9603249999999206,-3.66032499999992,0,0,0,0,2.9603249999999206,32.95000000000027,9.570000000000164,0.5862068965517274,12.2800000000002,0.2394136807817595,6.179999999999836,4.448000000000002,0.044,1.0,,,12,1,5.0,2024
2024-05-15 12:00:00+00:00|1.0|liq_asia_high_breakout_follow_h12_tp06_sl065,2024-05-15 12:00:00+00:00,STAGE28A,data/reports/stage28a_discovery_factory_batch_runner/stage28a_exact_trades.csv,liquidity_sweep_regime_v1,liq_asia_high_breakout_follow_h12_tp06_sl065,-1.9665500000001883,-3.0165500000001884,-3.716550000000188,0,0,0,0,3.0165500000001884,24.920000000000073,6.110000000000127,0.46808510638298984,18.5300000000002,0.47706422018348893,11.789999999999964,4.770500000000015,0.14,1.0,,,12,2,5.0,2024
2024-05-17 12:00:00+00:00|1.0|liq_asia_high_breakout_follow_h12_tp06_sl065,2024-05-17 12:00:00+00:00,STAGE28A,data/reports/stage28a_discovery_factory_batch_runner/stage28a_exact_trades.csv,liquidity_sweep_regime_v1,liq_asia_high_breakout_follow_h12_tp06_sl065,0.9979000000002088,-0.052099999999791,-0.7520999999997908,0,0,0,0,0.052099999999791,26.550000000000182,7.2599999999997635,0.07300275482090395,11.360000000000127,0.42517605633805705,4.210000000000036,4.415999999999963,0.056,1.0,,,12,4,5.0,2024
2024-05-20 12:00:00+00:00|1.0|liq_asia_high_breakout_follow_h12_tp06_sl065,2024-05-20 12:00:00+00:00,STAGE28A,data/reports/stage28a_discovery_factory_batch_runner/stage28a_exact_trades.csv,liquidity_sweep_regime_v1,liq_asia_high_breakout_follow_h12_tp06_sl065,-3.5613249999997607,-4.611324999999761,-5.31132499999976,0,0,0,1,4.611324999999761,8.409999999999854,24.050000000000182,0.8261954261954154,18.210000000000036,0.220757825370674,6.6599999999998545,9.177499999999919,0.972,1.0,,,12,0,5.0,2024
2024-05-24 12:00:00+00:00|1.0|liq_asia_high_breakout_follow_h12_tp06_sl065,2024-05-24 12:00:00+00:00,STAGE28A,data/reports/stage28a_discovery_factory_batch_runner/stage28a_exact_trades.csv,liquidity_sweep_regime_v1,liq_asia_high_breakout_follow_h12_tp06_sl065,-2.087775000000056,-3.137775000000056,-3.837775000000056,0,0,0,1,3.137775000000056,56.809999999999945,9.710000000000036,0.028836251287353145,12.7199999999998,0.5463836477987721,4.940000000000055,7.2794999999999614,0.632,1.0,,,12,4,5.0,2024
2024-06-14 12:00:00+00:00|1.0|liq_asia_high_breakout_follow_h12_tp06_sl065,2024-06-14 12:00:00+00:00,STAGE28A,data/reports/stage28a_discovery_factory_batch_runner/stage28a_exact_trades.csv,liquidity_sweep_regime_v1,liq_asia_high_breakout_follow_h12_tp06_sl065,-2.1105250000001434,-3.1605250000001432,-3.860525000000143,0,0,0,1,3.1605250000001432,31.159999999999854,7.050000000000182,0.35886524822690496,19.139999999999873,0.8949843260188204,6.880000000000109,5.467000000000008,0.336,1.0,,,12,4,6.0,2024
2024-06-19 12:00:00+00:00|1.0|liq_asia_high_breakout_follow_h12_tp06_sl065,2024-06-19 12:00:00+00:00,STAGE28A,data/reports/stage28a_discovery_factory_batch_runner/stage28a_exact_trades.csv,liquidity_sweep_regime_v1,liq_asia_high_breakout_follow_h12_tp06_sl065,0.6237999999997556,-0.4262000000002444,-1.126200000000244,0,0,0,0,0.4262000000002444,26.699999999999818,5.2199999999998,0.003831417624517735,8.190000000000055,0.020757020757029503,3.1799999999998363,3.9484999999999673,0.02,1.0,,,12,2,6.0,2024
2024-06-21 12:00:00+00:00|1.0|liq_asia_high_breakout_follow_h12_tp06_sl065,2024-06-21 12:00:00+00:00,STAGE28A,data/reports/stage28a_discovery_factory_batch_runner/stage28a_exact_trades.csv,liquidity_sweep_regime_v1,liq_asia_high_breakout_follow_h12_tp06_sl065,-1.8921249999999417,-2.9421249999999417,-3.642124999999941,0,0,0,0,2.9421249999999417,37.65000000000009,7.75,0.3496774193548434,13.009999999999764,0.13374327440432499,5.489999999999782,5.452500000000032,0.532,1.0,,,12,4,6.0,2024
2024-06-24 12:00:00+00:00|1.0|liq_asia_high_breakout_follow_h12_tp06_sl065,2024-06-24 12:00:00+00:00,STAGE28A,data/reports/stage28a_discovery_factory_batch_runner/stage28a_exact_trades.csv,liquidity_sweep_regime_v1,liq_asia_high_breakout_follow_h12_tp06_sl065,1.0819000000000414,0.0319000000000415,-0.6680999999999582,1,0,0,0,0.0319000000000415,4.9099999999998545,8.980000000000018,0.4376391982182437,11.960000000000036,0.033444816053519205,3.630000000000109,5.407500000000004,0.528,1.0,,,12,0,6.0,2024
2024-06-27 12:00:00+00:00|1.0|liq_asia_high_breakout_follow_h12_tp06_sl065,2024-06-27 12:00:00+00:00,STAGE28A,data/reports/stage28a_discovery_factory_batch_runner/stage28a_exact_trades.csv,liquidity_sweep_regime_v1,liq_asia_high_breakout_follow_h12_tp06_sl065,-1.7923499999998058,-2.8423499999998056,-3.5423499999998054,0,0,0,0,2.8423499999998056,30.350000000000364,3.3899999999998727,0.22123893805310565,17.429999999999836,0.7917383820998457,6.349999999999909,4.153999999999951,0.136,1.0,,,12,3,6.0,2024
2024-06-28 12:00:00+00:00|1.0|liq_asia_high_breakout_follow_h12_tp06_sl065,2024-06-28 12:00:00+00:00,STAGE28A,data/reports/stage28a_discovery_factory_batch_runner/stage28a_exact_trades.csv,liquidity_sweep_regime_v1,liq_asia_high_breakout_follow_h12_tp06_sl065,0.8571999999998298,-0.1928000000001701,-0.8928000000001699,0,0,0,0,0.1928000000001701,34.58999999999969,9.269999999999982,0.5587918015102316,12.099999999999909,0.7033057851239527,5.400000000000091,4.125000000000045,0.16,1.0,,,12,4,6.0,2024
2024-07-01 12:00:00+00:00|1.0|liq_asia_high_breakout_follow_h12_tp06_sl065,2024-07-01 12:00:00+00:00,STAGE28A,data/reports/stage28a_discovery_factory_batch_runner/stage28a_exact_trades.csv,liquidity_sweep_regime_v1,liq_asia_high_breakout_follow_h12_tp06_sl065,-2.074450000000161,-3.1244500000001607,-3.82445000000016,0,0,0,1,3.1244500000001607,4.139999999999873,6.389999999999873,0.03442879499214465,10.980000000000018,0.24590163934424533,4.360000000000127,4.622499999999991,0.38,1.0,,,12,0,7.0,2024
2024-07-03 12:00:00+00:00|1.0|liq_asia_high_breakout_follow_h12_tp06_sl065,2024-07-03 12:00:00+00:00,STAGE28A,data/reports/stage28a_discovery_factory_batch_runner/stage28a_exact_trades.csv,liquidity_sweep_regime_v1,liq_asia_high_breakout_follow_h12_tp06_sl065,-1.94802499999978,-2.9980249999997794,-3.698024999999779,0,0,0,0,2.9980249999997794,17.820000000000164,5.660000000000309,0.28798586572430485,15.799999999999727,0.9164556962025199,4.440000000000055,4.7125,0.412,1.0,,,12,2,7.0,2024
2024-07-05 12:00:00+00:00|1.0|liq_asia_high_breakout_follow_h12_tp06_sl065,2024-07-05 12:00:00+00:00,STAGE28A,data/reports/stage28a_discovery_factory_batch_runner/stage28a_exact_trades.csv,liquidity_sweep_regime_v1,liq_asia_high_breakout_follow_h12_tp06_sl065,-1.6057999999999084,-2.655799999999908,-3.355799999999908,0,0,0,0,2.655799999999908,12.179999999999836,8.960000000000036,0.49218750000003253,6.680000000000291,0.08532934131731798,3.430000000000291,3.0345000000000026,0.024,1.0,,,12,4,7.0,2024
2024-07-10 12:00:00+00:00|1.0|liq_asia_high_breakout_follow_h12_tp06_sl065,2024-07-10 12:00:00+00:00,STAGE28A,data/reports/stage28a_discovery_factory_batch_runner/stage28a_exact_trades.csv,liquidity_sweep_regime_v1,liq_asia_high_breakout_follow_h12_tp06_sl065,0.7479999999999564,-0.3020000000000435,-1.0020000000000433,0,0,0,0,0.3020000000000435,22.20999999999958,7.329999999999927,0.5184174624829767,8.309999999999945,0.4500601684716975,2.7399999999997817,4.854500000000007,0.428,1.0,,,12,2,7.0,2024
2024-07-11 12:00:00+00:00|1.0|liq_asia_high_breakout_follow_h12_tp06_sl065,2024-07-11 12:00:00+00:00,STAGE28A,data/reports/stage28a_discovery_factory_batch_runner/stage28a_exact_trades.csv,liquidity_sweep_regime_v1,liq_asia_high_breakout_follow_h12_tp06_sl065,-1.8326499999999213,-2.8826499999999213,-3.582649999999921,0,0,0,0,2.8826499999999213,23.670000000000073,9.08999999999969,0.6567656765677071,6.099999999999909,0.8606557377049309,4.450000000000273,4.125500000000011,0.212,1.0,,,12,3,7.0,2024
2024-07-16 12:00:00+00:00|1.0|liq_asia_high_breakout_follow_h12_tp06_sl065,2024-07-16 12:00:00+00:00,STAGE28A,data/reports/stage28a_discovery_factory_batch_runner/stage28a_exact_trades.csv,liquidity_sweep_regime_v1,liq_asia_high_breakout_follow_h12_tp06_sl065,-2.179099999999926,-3.2290999999999257,-3.929099999999925,0,0,0,1,3.2290999999999257,38.409999999999854,11.559999999999945,0.6643598615916845,18.269999999999982,0.75478927203065,4.890000000000327,5.369000000000005,0.652,1.0,,,12,1,7.0,2024
2024-07-23 12:00:00+00:00|1.0|liq_asia_high_breakout_follow_h12_tp06_sl065,2024-07-23 12:00:00+00:00,STAGE28A,data/reports/stage28a_discovery_factory_batch_runner/stage28a_exact_trades.csv,liquidity_sweep_regime_v1,liq_asia_high_breakout_follow_h12_tp06_sl065,-2.507024999999976,-3.557024999999976,-4.257024999999976,0,0,0,1,3.557024999999976,28.23999999999978,9.199999999999818,0.34239130434784276,20.019999999999982,0.43806193806193755,11.009999999999764,5.577000000000021,0.476,1.0,,,12,1,7.0,2024
2024-07-30 12:00:00+00:00|1.0|liq_asia_high_breakout_follow_h12_tp06_sl065,2024-07-30 12:00:00+00:00,STAGE28A,data/reports/stage28a_discovery_factory_batch_runner/stage28a_exact_trades.csv,liquidity_sweep_regime_v1,liq_asia_high_breakout_follow_h12_tp06_sl065,-1.7123999999999795,-2.7623999999999795,-3.4623999999999797,0,0,0,0,2.7623999999999795,33.460000000000036,9.460000000000036,0.18181818181820805,6.4099999999998545,0.5397815912636684,2.9400000000000546,5.174500000000035,0.116,1.0,,,12,1,7.0,2024
2024-07-31 12:00:00+00:00|1.0|liq_asia_high_breakout_follow_h12_tp06_sl065,2024-07-31 12:00:00+00:00,STAGE28A,data/reports/stage28a_discovery_factory_batch_runner/stage28a_exact_trades.csv,liquidity_sweep_regime_v1,liq_asia_high_breakout_follow_h12_tp06_sl065,-2.349725000000126,-3.399725000000126,-4.0997250000001255,0,0,0,1,3.399725000000126,36.43000000000029,15.139999999999873,0.47159841479523995,10.990000000000236,0.4003639672429478,6.330000000000382,6.8365000000000915,0.664,1.0,,,12,2,7.0,2024
2024-08-02 12:00:00+00:00|1.0|liq_asia_high_breakout_follow_h12_tp06_sl065,2024-08-02 12:00:00+00:00,STAGE28A,data/reports/stage28a_discovery_factory_batch_runner/stage28a_exact_trades.csv,liquidity_sweep_regime_v1,liq_asia_high_breakout_follow_h12_tp06_sl065,-2.547650000000067,-3.597650000000067,-4.297650000000067,0,0,0,1,3.597650000000067,32.190000000000055,24.539999999999964,0.3793806030970014,14.139999999999873,0.6605374823196768,4.380000000000109,7.541000000000031,0.816,1.0,,,12,4,8.0,2024
2024-08-07 12:00:00+00:00|1.0|liq_asia_high_breakout_follow_h12_tp06_sl065,2024-08-07 12:00:00+00:00,STAGE28A,data/reports/stage28a_discovery_factory_batch_runner/stage28a_exact_trades.csv,liquidity_sweep_regime_v1,liq_asia_high_breakout_follow_h12_tp06_sl065,-2.3139750000001187,-3.3639750000001185,-4.063975000000118,0,0,0,1,3.3639750000001185,36.63000000000011,11.710000000000036,0.22715627668657953,11.829999999999927,0.7007607776838558,5.289999999999964,7.1524999999999865,0.5,1.0,,,12,2,8.0,2024
2024-08-08 12:00:00+00:00|1.0|liq_asia_high_breakout_follow_h12_tp06_sl065,2024-08-08 12:00:00+00:00,STAGE28A,data/reports/stage28a_discovery_factory_batch_runner/stage28a_exact_trades.csv,liquidity_sweep_regime_v1,liq_asia_high_breakout_follow_h12_tp06_sl065,1.730500000000029,0.6805000000000292,-0.0194999999999705,1,0,1,0,0.6805000000000292,28.01000000000022,14.150000000000091,0.7519434628975127,15.019999999999982,0.1291611185086589,5.230000000000018,5.8295000000000075,0.14,1.0,,,12,3,8.0,2024
2024-08-12 12:00:00+00:00|1.0|liq_asia_high_breakout_follow_h12_tp06_sl065,2024-08-12 12:00:00+00:00,STAGE28A,data/reports/stage28a_discovery_factory_batch_runner/stage28a_exact_trades.csv,liquidity_sweep_regime_v1,liq_asia_high_breakout_follow_h12_tp06_sl065,1.137999999999829,0.0879999999998291,-0.6120000000001706,1,0,0,0,0.0879999999998291,6.519999999999982,9.389999999999873,0.19914802981894741,16.960000000000036,0.8384433962264283,4.190000000000055,4.987000000000012,0.032,1.0,,,12,0,8.0,2024
2024-08-14 12:00:00+00:00|1.0|liq_asia_high_breakout_follow_h12_tp06_sl065,2024-08-14 12:00:00+00:00,STAGE28A,data/reports/stage28a_discovery_factory_batch_runner/stage28a_exact_trades.csv,liquidity_sweep_regime_v1,liq_asia_high_breakout_follow_h12_tp06_sl065,-2.048449999999866,-3.098449999999866,-3.7984499999998658,0,0,0,1,3.098449999999866,18.51000000000022,17.210000000000036,0.2719349215572505,19.289999999999964,0.6174183514774431,9.860000000000127,5.772500000000036,0.212,1.0,,,12,2,8.0,2024
2024-08-15 12:00:00+00:00|1.0|liq_asia_high_breakout_follow_h12_tp06_sl065,2024-08-15 12:00:00+00:00,STAGE28A,data/reports/stage28a_discovery_factory_batch_runner/stage28a_exact_trades.csv,liquidity_sweep_regime_v1,liq_asia_high_breakout_follow_h12_tp06_sl065,0.9625,-0.0874999999999999,-0.7874999999999996,0,0,0,0,0.0874999999999999,41.86000000000013,7.900000000000091,0.7367088607595059,8.480000000000018,0.36320754716980197,3.649999999999636,5.4629999999999885,0.1,1.0,,,12,3,8.0,2024
2024-08-16 12:00:00+00:00|1.0|liq_asia_high_breakout_follow_h12_tp06_sl065,2024-08-16 12:00:00+00:00,STAGE28A,data/reports/stage28a_discovery_factory_batch_runner/stage28a_exact_trades.csv,liquidity_sweep_regime_v1,liq_asia_high_breakout_follow_h12_tp06_sl065,1.1065000000002327,0.0565000000002329,-0.6434999999997668,1,0,0,0,0.0565000000002329,37.90000000000009,9.2199999999998,0.26030368763559036,13.390000000000327,0.8110530246452473,4.860000000000127,5.788000000000056,0.236,1.0,,,12,4,8.0,2024
2024-08-20 12:00:00+00:00|1.0|liq_asia_high_breakout_follow_h12_tp06_sl065,2024-08-20 12:00:00+00:00,STAGE28A,data/reports/stage28a_discovery_factory_batch_runner/stage28a_exact_trades.csv,liquidity_sweep_regime_v1,liq_asia_high_breakout_follow_h12_tp06_sl065,-2.8694000000001325,-3.919400000000132,-4.619400000000132,0,0,0,1,3.919400000000132,23.800000000000182,9.5,0.2642105263157646,27.909999999999854,0.7115729129344404,8.679999999999836,5.376499999999988,0.148,1.0,,,12,1,8.0,2024
2024-08-23 12:00:00+00:00|1.0|liq_asia_high_breakout_follow_h12_tp06_sl065,2024-08-23 12:00:00+00:00,STAGE28A,data/reports/stage28a_discovery_factory_batch_runner/stage28a_exact_trades.csv,liquidity_sweep_regime_v1,liq_asia_high_breakout_follow_h12_tp06_sl065,-1.7696000000001733,-2.819600000000173,-3.519600000000173,0,0,0,0,2.819600000000173,44.07999999999993,10.150000000000091,0.8068965517241361,11.450000000000273,0.5152838427947157,7.0300000000002,5.575499999999988,0.272,1.0,,,12,4,8.0,2024
2024-08-26 12:00:00+00:00|1.0|liq_asia_high_breakout_follow_h12_tp06_sl065,2024-08-26 12:00:00+00:00,STAGE28A,data/reports/stage28a_discovery_factory_batch_runner/stage28a_exact_trades.csv,liquidity_sweep_regime_v1,liq_asia_high_breakout_follow_h12_tp06_sl065,-1.8528000000002067,-2.9028000000002065,-3.6028000000002063,0,0,0,0,2.9028000000002065,3.9699999999998,7.550000000000182,0.3894039735099316,17.070000000000164,0.8904510837727081,5.039999999999964,5.440499999999974,0.22,1.0,,,12,0,8.0,2024
2024-08-29 12:00:00+00:00|1.0|liq_asia_high_breakout_follow_h12_tp06_sl065,2024-08-29 12:00:00+00:00,STAGE28A,data/reports/stage28a_discovery_factory_batch_runner/stage28a_exact_trades.csv,liquidity_sweep_regime_v1,liq_asia_high_breakout_follow_h12_tp06_sl065,-2.056250000000182,-3.106250000000182,-3.8062500000001815,0,0,0,1,3.106250000000182,35.45000000000027,12.860000000000127,0.7449455676516199,10.539999999999964,0.5910815939278975,4.980000000000018,4.961999999999989,0.148,1.0,,,12,3,8.0,2024
2024-08-30 12:00:00+00:00|1.0|liq_asia_high_breakout_follow_h12_tp06_sl065,2024-08-30 12:00:00+00:00,STAGE28A,data/reports/stage28a_discovery_factory_batch_runner/stage28a_exact_trades.csv,liquidity_sweep_regime_v1,liq_asia_high_breakout_follow_h12_tp06_sl065,-2.216475000000264,-3.266475000000264,-3.966475000000264,0,0,0,1,3.266475000000264,25.059999999999945,9.490000000000236,0.7766069546891157,14.860000000000127,0.7301480484522084,7.829999999999927,5.143500000000017,0.22,1.0,,,12,4,8.0,2024
2024-09-02 12:00:00+00:00|1.0|liq_asia_high_breakout_follow_h12_tp06_sl065,2024-09-02 12:00:00+00:00,STAGE28A,data/reports/stage28a_discovery_factory_batch_runner/stage28a_exact_trades.csv,liquidity_sweep_regime_v1,liq_asia_high_breakout_follow_h12_tp06_sl065,1.3801000000002204,0.3301000000002205,-0.3698999999997792,1,0,1,0,0.3301000000002205,3.4899999999997817,14.970000000000255,0.4736138944555795,12.0,0.2233333333333197,10.010000000000218,5.512000000000012,0.4,1.0,,,12,0,9.0,2024
2024-09-03 12:00:00+00:00|1.0|liq_asia_high_breakout_follow_h12_tp06_sl065,2024-09-03 12:00:00+00:00,STAGE28A,data/reports/stage28a_discovery_factory_batch_runner/stage28a_exact_trades.csv,liquidity_sweep_regime_v1,liq_asia_high_breakout_follow_h12_tp06_sl065,-1.8508499999999004,-2.9008499999999,-3.6008499999999,0,0,0,0,2.9008499999999,17.240000000000236,10.08999999999969,0.2775024777007203,13.659999999999854,0.4612005856515223,5.860000000000127,3.5599999999999454,0.016,1.0,,,12,1,9.0,2024
2024-09-05 12:00:00+00:00|1.0|liq_asia_high_breakout_follow_h12_tp06_sl065,2024-09-05 12:00:00+00:00,STAGE28A,data/reports/stage28a_discovery_factory_batch_runner/stage28a_exact_trades.csv,liquidity_sweep_regime_v1,liq_asia_high_breakout_follow_h12_tp06_sl065,-2.2031499999999142,-3.253149999999914,-3.953149999999914,0,0,0,1,3.253149999999914,28.620000000000346,4.880000000000109,0.08811475409832514,23.409999999999854,0.8821016659547296,10.679999999999836,4.888000000000057,0.232,1.0,,,12,3,9.0,2024
2024-09-11 12:00:00+00:00|1.0|liq_asia_high_breakout_follow_h12_tp06_sl065,2024-09-11 12:00:00+00:00,STAGE28A,data/reports/stage28a_discovery_factory_batch_runner/stage28a_exact_trades.csv,liquidity_sweep_regime_v1,liq_asia_high_breakout_follow_h12_tp06_sl065,-2.077049999999963,-3.127049999999963,-3.8270499999999625,0,0,0,1,3.127049999999963,18.289999999999964,7.5300000000002,0.3917662682602576,10.460000000000036,0.35946462715107125,6.429999999999836,4.725500000000011,0.272,1.0,,,12,2,9.0,2024
2024-09-12 12:00:00+00:00|1.0|liq_asia_high_breakout_follow_h12_tp06_sl065,2024-09-12 12:00:00+00:00,STAGE28A,data/reports/stage28a_discovery_factory_batch_runner/stage28a_exact_trades.csv,liquidity_sweep_regime_v1,liq_asia_high_breakout_follow_h12_tp06_sl065,-1.5459999999999128,-2.5959999999999126,-3.2959999999999123,0,0,0,0,2.5959999999999126,28.09999999999991,5.139999999999873,0.5992217898832691,7.850000000000364,0.36687898089171667,4.170000000000073,4.141499999999951,0.112,1.0,,,12,3,9.0,2024
2024-09-19 12:00:00+00:00|1.0|liq_asia_high_breakout_follow_h12_tp06_sl065,2024-09-19 12:00:00+00:00,STAGE28A,data/reports/stage28a_discovery_factory_batch_runner/stage28a_exact_trades.csv,liquidity_sweep_regime_v1,liq_asia_high_breakout_follow_h12_tp06_sl065,-2.410825000000022,-3.4608250000000225,-4.160825000000022,0,0,0,1,3.4608250000000225,53.19999999999982,15.420000000000073,0.30998702983136983,35.34999999999991,0.7932107496463943,5.230000000000018,9.154500000000008,0.996,1.0,,,12,3,9.0,2024
2024-09-20 12:00:00+00:00|1.0|liq_asia_high_breakout_follow_h12_tp06_sl065,2024-09-20 12:00:00+00:00,STAGE28A,data/reports/stage28a_discovery_factory_batch_runner/stage28a_exact_trades.csv,liquidity_sweep_regime_v1,liq_asia_high_breakout_follow_h12_tp06_sl065,-2.130999999999949,-3.180999999999949,-3.8809999999999487,0,0,0,1,3.180999999999949,43.789999999999964,8.75,0.41142857142856104,21.419999999999618,0.6984126984127126,7.2599999999997635,5.284500000000048,0.492,1.0,,,12,4,9.0,2024
2024-09-26 12:00:00+00:00|1.0|liq_asia_high_breakout_follow_h12_tp06_sl065,2024-09-26 12:00:00+00:00,STAGE28A,data/reports/stage28a_discovery_factory_batch_runner/stage28a_exact_trades.csv,liquidity_sweep_regime_v1,liq_asia_high_breakout_follow_h12_tp06_sl065,1.1152000000000952,0.0652000000000954,-0.6347999999999043,1,0,0,0,0.0652000000000954,20.829999999999927,7.170000000000073,0.6094839609484382,12.570000000000164,0.49721559268098,5.890000000000327,5.310999999999899,0.412,1.0,,,12,3,9.0,2024
2024-10-01 12:00:00+00:00|1.0|liq_asia_high_breakout_follow_h12_tp06_sl065,2024-10-01 12:00:00+00:00,STAGE28A,data/reports/stage28a_discovery_factory_batch_runner/stage28a_exact_trades.csv,liquidity_sweep_regime_v1,liq_asia_high_breakout_follow_h12_tp06_sl065,-1.7530250000000709,-2.8030250000000705,-3.50302500000007,0,0,0,0,2.8030250000000705,41.48000000000002,7.730000000000018,0.3842173350582468,11.840000000000146,0.9045608108108028,4.349999999999909,5.171500000000037,0.232,1.0,,,12,1,10.0,2024
2024-10-07 12:00:00+00:00|1.0|liq_asia_high_breakout_follow_h12_tp06_sl065,2024-10-07 12:00:00+00:00,STAGE28A,data/reports/stage28a_discovery_factory_batch_runner/stage28a_exact_trades.csv,liquidity_sweep_regime_v1,liq_asia_high_breakout_follow_h12_tp06_sl065,1.2355000000001382,0.1855000000001383,-0.5144999999998614,1,0,1,0,0.1855000000001383,2.680000000000291,8.609999999999673,0.3832752613240775,17.8100000000004,0.5081414935429522,5.269999999999982,6.675000000000023,0.612,1.0,,,12,0,10.0,2024
2024-10-14 12:00:00+00:00|1.0|liq_asia_high_breakout_follow_h12_tp06_sl065,2024-10-14 12:00:00+00:00,STAGE28A,data/reports/stage28a_discovery_factory_batch_runner/stage28a_exact_trades.csv,liquidity_sweep_regime_v1,liq_asia_high_breakout_follow_h12_tp06_sl065,-2.1706500000001143,-3.220650000000114,-3.920650000000114,0,0,0,1,3.220650000000114,11.429999999999836,14.259999999999764,0.3709677419354875,11.480000000000018,0.24912891986063787,3.5399999999999636,5.671999999999912,0.212,1.0,,,12,0,10.0,2024
2024-10-15 12:00:00+00:00|1.0|liq_asia_high_breakout_follow_h12_tp06_sl065,2024-10-15 12:00:00+00:00,STAGE28A,data/reports/stage28a_discovery_factory_batch_runner/stage28a_exact_trades.csv,liquidity_sweep_regime_v1,liq_asia_high_breakout_follow_h12_tp06_sl065,1.367799999999897,0.3177999999998975,-0.3822000000001022,1,0,1,0,0.3177999999998975,23.659999999999854,8.349999999999909,0.5185628742514939,17.829999999999927,0.448121144139081,5.940000000000055,5.407000000000016,0.152,1.0,,,12,1,10.0,2024
2024-10-16 12:00:00+00:00|1.0|liq_asia_high_breakout_follow_h12_tp06_sl065,2024-10-16 12:00:00+00:00,STAGE28A,data/reports/stage28a_discovery_factory_batch_runner/stage28a_exact_trades.csv,liquidity_sweep_regime_v1,liq_asia_high_breakout_follow_h12_tp06_sl065,1.2951999999999315,0.2451999999999317,-0.454800000000068,1,0,1,0,0.2451999999999317,31.110000000000127,11.359999999999673,0.4383802816901551,17.08999999999969,0.7577530719719431,5.489999999999782,5.433999999999992,0.156,1.0,,,12,2,10.0,2024
2024-10-21 12:00:00+00:00|1.0|liq_asia_high_breakout_follow_h12_tp06_sl065,2024-10-21 12:00:00+00:00,STAGE28A,data/reports/stage28a_discovery_factory_batch_runner/stage28a_exact_trades.csv,liquidity_sweep_regime_v1,liq_asia_high_breakout_follow_h12_tp06_sl065,-1.9740250000000743,-3.024025000000074,-3.724025000000074,0,0,0,0,3.024025000000074,4.5300000000002,13.570000000000164,0.585851142225477,13.420000000000073,0.21833084947837708,3.700000000000273,4.958000000000084,0.064,1.0,,,12,0,10.0,2024
2024-10-22 12:00:00+00:00|1.0|liq_asia_high_breakout_follow_h12_tp06_sl065,2024-10-22 12:00:00+00:00,STAGE28A,data/reports/stage28a_discovery_factory_batch_runner/stage28a_exact_trades.csv,liquidity_sweep_regime_v1,liq_asia_high_breakout_follow_h12_tp06_sl065,-2.0006749999998648,-3.0506749999998646,-3.750674999999864,0,0,0,0,3.0506749999998646,26.529999999999745,14.860000000000127,0.6917900403768581,9.539999999999964,0.06918238993709193,6.889999999999873,5.848999999999978,0.44,1.0,,,12,1,10.0,2024
2024-10-23 12:00:00+00:00|1.0|liq_asia_high_breakout_follow_h12_tp06_sl065,2024-10-23 12:00:00+00:00,STAGE28A,data/reports/stage28a_discovery_factory_batch_runner/stage28a_exact_trades.csv,liquidity_sweep_regime_v1,liq_asia_high_breakout_follow_h12_tp06_sl065,1.0332999999999628,-0.016700000000037,-0.7167000000000368,0,0,0,0,0.016700000000037,30.76000000000022,10.180000000000291,0.1237721021611181,13.070000000000164,0.3458301453710731,3.7800000000002,5.046000000000004,0.084,1.0,,,12,2,10.0,2024
2024-10-24 12:00:00+00:00|1.0|liq_asia_high_breakout_follow_h12_tp06_sl065,2024-10-24 12:00:00+00:00,STAGE28A,data/reports/stage28a_discovery_factory_batch_runner/stage28a_exact_trades.csv,liquidity_sweep_regime_v1,liq_asia_high_breakout_follow_h12_tp06_sl065,-1.9675250000001143,-3.017525000000114,-3.717525000000114,0,0,0,0,3.017525000000114,49.92000000000007,12.279999999999745,0.39576547231272213,16.420000000000073,0.8361753958587063,5.430000000000291,6.382000000000062,0.832,1.0,,,12,3,10.0,2024
2024-10-30 12:00:00+00:00|1.0|liq_asia_high_breakout_follow_h12_tp06_sl065,2024-10-30 12:00:00+00:00,STAGE28A,data/reports/stage28a_discovery_factory_batch_runner/stage28a_exact_trades.csv,liquidity_sweep_regime_v1,liq_asia_high_breakout_follow_h12_tp06_sl065,-2.1407500000001165,-3.1907500000001163,-3.890750000000116,0,0,0,1,3.1907500000001163,35.41000000000031,9.389999999999873,0.7518636847710374,11.7800000000002,0.0008488964346534898,4.349999999999909,5.357499999999982,0.276,1.0,,,12,2,10.0,2024
2024-11-04 12:00:00+00:00|1.0|liq_asia_high_breakout_follow_h12_tp06_sl065,2024-11-04 12:00:00+00:00,STAGE28A,data/reports/stage28a_discovery_factory_batch_runner/stage28a_exact_trades.csv,liquidity_sweep_regime_v1,liq_asia_high_breakout_follow_h12_tp06_sl065,-2.6084249999999884,-3.658424999999988,-4.358424999999988,0,0,0,1,3.658424999999988,10.75,12.879999999999654,0.19720496894410183,13.289999999999964,0.15876598946573953,11.550000000000182,6.89849999999999,0.912,1.0,,,12,0,11.0,2024
2024-11-05 12:00:00+00:00|1.0|liq_asia_high_breakout_follow_h12_tp06_sl065,2024-11-05 12:00:00+00:00,STAGE28A,data/reports/stage28a_discovery_factory_batch_runner/stage28a_exact_trades.csv,liquidity_sweep_regime_v1,liq_asia_high_breakout_follow_h12_tp06_sl065,1.4943999999999504,0.4443999999999506,-0.2556000000000491,1,0,1,0,0.4443999999999506,18.789999999999964,13.260000000000218,0.12141779788835944,13.2800000000002,0.2567771084337201,6.0,5.523500000000058,0.284,1.0,,,12,1,11.0,2024
2024-11-07 12:00:00+00:00|1.0|liq_asia_high_breakout_follow_h12_tp06_sl065,2024-11-07 12:00:00+00:00,STAGE28A,data/reports/stage28a_discovery_factory_batch_runner/stage28a_exact_trades.csv,liquidity_sweep_regime_v1,liq_asia_high_breakout_follow_h12_tp06_sl065,-2.969174999999814,-4.019174999999814,-4.719174999999813,0,0,0,1,4.019174999999814,97.4399999999996,20.88000000000011,0.45545977011492883,15.579999999999927,0.7676508344030868,8.5,8.787500000000023,0.892,1.0,,,12,3,11.0,2024
2024-11-19 12:00:00+00:00|1.0|liq_asia_high_breakout_follow_h12_tp06_sl065,2024-11-19 12:00:00+00:00,STAGE28A,data/reports/stage28a_discovery_factory_batch_runner/stage28a_exact_trades.csv,liquidity_sweep_regime_v1,liq_asia_high_breakout_follow_h12_tp06_sl065,-2.5600000000000365,-3.610000000000036,-4.310000000000036,0,0,0,1,3.610000000000036,52.84999999999991,15.36999999999989,0.6649316851008671,18.710000000000036,0.659005879208974,9.139999999999873,5.153000000000065,0.016,1.0,,,12,1,11.0,2024
2024-11-21 12:00:00+00:00|1.0|liq_asia_high_breakout_follow_h12_tp06_sl065,2024-11-21 12:00:00+00:00,STAGE28A,data/reports/stage28a_discovery_factory_batch_runner/stage28a_exact_trades.csv,liquidity_sweep_regime_v1,liq_asia_high_breakout_follow_h12_tp06_sl065,-2.3107249999999118,-3.360724999999911,-4.060724999999911,0,0,0,1,3.360724999999911,36.64000000000033,11.610000000000127,0.41860465116279705,17.059999999999945,0.759671746776089,8.150000000000091,6.018000000000006,0.188,1.0,,,12,3,11.0,2024
2024-11-22 12:00:00+00:00|1.0|liq_asia_high_breakout_follow_h12_tp06_sl065,2024-11-22 12:00:00+00:00,STAGE28A,data/reports/stage28a_discovery_factory_batch_runner/stage28a_exact_trades.csv,liquidity_sweep_regime_v1,liq_asia_high_breakout_follow_h12_tp06_sl065,-2.9330999999998317,-3.983099999999831,-4.683099999999831,0,0,0,1,3.983099999999831,24.63000000000011,24.070000000000164,0.8109680099709308,25.440000000000055,0.7425314465408739,13.88000000000011,6.913499999999976,0.5,1.0,,,12,4,11.0,2024
2024-11-27 12:00:00+00:00|1.0|liq_asia_high_breakout_follow_h12_tp06_sl065,2024-11-27 12:00:00+00:00,STAGE28A,data/reports/stage28a_discovery_factory_batch_runner/stage28a_exact_trades.csv,liquidity_sweep_regime_v1,liq_asia_high_breakout_follow_h12_tp06_sl065,-2.425774999999794,-3.475774999999794,-4.175774999999794,0,0,0,1,3.475774999999794,36.76999999999998,13.510000000000218,0.4885270170244117,15.690000000000055,0.6201402166985331,5.869999999999891,6.533999999999992,0.344,1.0,,,12,2,11.0,2024
2024-11-28 12:00:00+00:00|1.0|liq_asia_high_breakout_follow_h12_tp06_sl065,2024-11-28 12:00:00+00:00,STAGE28A,data/reports/stage28a_discovery_factory_batch_runner/stage28a_exact_trades.csv,liquidity_sweep_regime_v1,liq_asia_high_breakout_follow_h12_tp06_sl065,1.456599999999889,0.4065999999998895,-0.2934000000001102,1,0,1,0,0.4065999999998895,31.329999999999927,17.48999999999978,0.33390508862208224,19.41000000000031,0.8377125193199126,5.210000000000036,6.377999999999952,0.288,1.0,,,12,3,11.0,2024
2024-11-29 12:00:00+00:00|1.0|liq_asia_high_breakout_follow_h12_tp06_sl065,2024-11-29 12:00:00+00:00,STAGE28A,data/reports/stage28a_discovery_factory_batch_runner/stage28a_exact_trades.csv,liquidity_sweep_regime_v1,liq_asia_high_breakout_follow_h12_tp06_sl065,1.8202000000000225,0.7702000000000226,0.0702000000000229,1,1,1,0,0.7702000000000226,28.65000000000009,30.29000000000042,0.6956091119181206,11.809999999999945,0.2464013547840701,8.7800000000002,5.945500000000061,0.224,1.0,,,12,4,11.0,2024
2024-12-03 12:00:00+00:00|1.0|liq_asia_high_breakout_follow_h12_tp06_sl065,2024-12-03 12:00:00+00:00,STAGE28A,data/reports/stage28a_discovery_factory_batch_runner/stage28a_exact_trades.csv,liquidity_sweep_regime_v1,liq_asia_high_breakout_follow_h12_tp06_sl065,-2.350700000000052,-3.400700000000052,-4.100700000000051,0,0,0,1,3.400700000000052,30.550000000000182,11.13000000000011,0.21024258760104833,12.860000000000127,0.21228615863141456,4.110000000000127,5.669999999999936,0.148,1.0,,,12,1,12.0,2024
2024-12-09 12:00:00+00:00|1.0|liq_asia_high_breakout_follow_h12_tp06_sl065,2024-12-09 12:00:00+00:00,STAGE28A,data/reports/stage28a_discovery_factory_batch_runner/stage28a_exact_trades.csv,liquidity_sweep_regime_v1,liq_asia_high_breakout_follow_h12_tp06_sl065,1.404399999999805,0.3543999999998051,-0.3456000000001946,1,0,1,0,0.3543999999998051,11.929999999999836,23.019999999999982,0.1776715899218136,22.470000000000255,0.9577214063195255,8.679999999999836,7.969499999999994,0.684,1.0,,,12,0,12.0,2024
2024-12-16 12:00:00+00:00|1.0|liq_asia_high_breakout_follow_h12_tp06_sl065,2024-12-16 12:00:00+00:00,STAGE28A,data/reports/stage28a_discovery_factory_batch_runner/stage28a_exact_trades.csv,liquidity_sweep_regime_v1,liq_asia_high_breakout_follow_h12_tp06_sl065,1.2360999999999875,0.1860999999999877,-0.513900000000012,1,0,1,0,0.1860999999999877,4.569999999999709,12.110000000000127,0.10982658959536856,12.450000000000273,0.48514056224898244,4.389999999999873,5.434999999999991,0.044,1.0,,,12,0,12.0,2024
2024-12-19 12:00:00+00:00|1.0|liq_asia_high_breakout_follow_h12_tp06_sl065,2024-12-19 12:00:00+00:00,STAGE28A,data/reports/stage28a_discovery_factory_batch_runner/stage28a_exact_trades.csv,liquidity_sweep_regime_v1,liq_asia_high_breakout_follow_h12_tp06_sl065,-2.851850000000104,-3.901850000000104,-4.601850000000104,0,0,0,1,3.901850000000104,68.09999999999991,35.460000000000036,0.5930626057529661,23.2800000000002,0.4463058419243893,4.329999999999927,10.052000000000021,0.992,1.0,,,12,3,12.0,2024
2024-12-20 12:00:00+00:00|1.0|liq_asia_high_breakout_follow_h12_tp06_sl065,2024-12-20 12:00:00+00:00,STAGE28A,data/reports/stage28a_discovery_factory_batch_runner/stage28a_exact_trades.csv,liquidity_sweep_regime_v1,liq_asia_high_breakout_follow_h12_tp06_sl065,1.2922000000002298,0.24220000000023,-0.4577999999997697,1,0,1,0,0.24220000000023,43.99000000000024,14.320000000000164,0.3058659217877136,11.180000000000291,0.5661896243291786,3.480000000000018,5.805500000000029,0.22,1.0,,,12,4,12.0,2024
2024-12-31 12:00:00+00:00|1.0|liq_asia_high_breakout_follow_h12_tp06_sl065,2024-12-31 12:00:00+00:00,STAGE28A,data/reports/stage28a_discovery_factory_batch_runner/stage28a_exact_trades.csv,liquidity_sweep_regime_v1,liq_asia_high_breakout_follow_h12_tp06_sl065,-1.9701249999999164,-3.020124999999916,-3.720124999999916,0,0,0,0,3.020124999999916,32.159999999999854,8.059999999999945,0.01488833746896919,15.179999999999836,0.33596837944663793,3.8099999999999454,4.888000000000011,0.32,1.0,,,12,1,12.0,2024
2025-01-02 12:00:00+00:00|1.0|liq_asia_high_breakout_follow_h12_tp06_sl065,2025-01-02 12:00:00+00:00,STAGE28A,data/reports/stage28a_discovery_factory_batch_runner/stage28a_exact_trades.csv,liquidity_sweep_regime_v1,liq_asia_high_breakout_follow_h12_tp06_sl065,-2.099475000000075,-3.149475000000075,-3.8494750000000746,0,0,0,1,3.149475000000075,4.2800000000002,14.769999999999982,0.6899119837508508,15.090000000000146,0.5765407554671792,4.0300000000002,5.122000000000071,0.38,1.0,,,12,3,1.0,2025
2025-01-07 12:00:00+00:00|1.0|liq_asia_high_breakout_follow_h12_tp06_sl065,2025-01-07 12:00:00+00:00,STAGE28A,data/reports/stage28a_discovery_factory_batch_runner/stage28a_exact_trades.csv,liquidity_sweep_regime_v1,liq_asia_high_breakout_follow_h12_tp06_sl065,1.3225000000001272,0.2725000000001274,-0.4274999999998723,1,0,1,0,0.2725000000001274,35.13000000000011,8.300000000000182,0.4325301204819358,9.7800000000002,0.575664621676891,4.029999999999745,5.464499999999975,0.52,1.0,,,12,1,1.0,2025
2025-01-08 12:00:00+00:00|1.0|liq_asia_high_breakout_follow_h12_tp06_sl065,2025-01-08 12:00:00+00:00,STAGE28A,data/reports/stage28a_discovery_factory_batch_runner/stage28a_exact_trades.csv,liquidity_sweep_regime_v1,liq_asia_high_breakout_follow_h12_tp06_sl065,0.9156999999999244,-0.1343000000000755,-0.8343000000000753,0,0,0,0,0.1343000000000755,31.429999999999836,6.260000000000218,0.4536741214056856,8.420000000000073,0.7304038004750639,3.150000000000091,4.76700000000003,0.264,1.0,,,12,2,1.0,2025
2025-01-09 12:00:00+00:00|1.0|liq_asia_high_breakout_follow_h12_tp06_sl065,2025-01-09 12:00:00+00:00,STAGE28A,data/reports/stage28a_discovery_factory_batch_runner/stage28a_exact_trades.csv,liquidity_sweep_regime_v1,liq_asia_high_breakout_follow_h12_tp06_sl065,1.258299999999872,0.208299999999872,-0.4917000000001277,1,0,1,0,0.208299999999872,24.700000000000273,7.650000000000091,0.44836601307192814,10.929999999999836,0.7758462946020261,4.130000000000109,5.973500000000035,0.728,1.0,,,12,3,1.0,2025
2025-01-10 12:00:00+00:00|1.0|liq_asia_high_breakout_follow_h12_tp06_sl065,2025-01-10 12:00:00+00:00,STAGE28A,data/reports/stage28a_discovery_factory_batch_runner/stage28a_exact_trades.csv,liquidity_sweep_regime_v1,liq_asia_high_breakout_follow_h12_tp06_sl065,-2.1105250000001434,-3.1605250000001432,-3.860525000000143,0,0,0,1,3.1605250000001432,22.809999999999945,6.349999999999909,0.2913385826771552,11.099999999999909,0.827027027027019,4.489999999999782,4.099499999999921,0.024,1.0,,,12,4,1.0,2025
2025-01-15 12:00:00+00:00|1.0|liq_asia_high_breakout_follow_h12_tp06_sl065,2025-01-15 12:00:00+00:00,STAGE28A,data/reports/stage28a_discovery_factory_batch_runner/stage28a_exact_trades.csv,liquidity_sweep_regime_v1,liq_asia_high_breakout_follow_h12_tp06_sl065,1.059099999999853,0.0090999999998531,-0.6909000000001466,1,0,0,0,0.0090999999998531,18.570000000000164,10.11999999999989,0.001976284584978461,14.450000000000273,0.8761245674740218,5.599999999999909,4.552499999999986,0.088,1.0,,,12,2,1.0,2025
2025-01-16 12:00:00+00:00|1.0|liq_asia_high_breakout_follow_h12_tp06_sl065,2025-01-16 12:00:00+00:00,STAGE28A,data/reports/stage28a_discovery_factory_batch_runner/stage28a_exact_trades.csv,liquidity_sweep_regime_v1,liq_asia_high_breakout_follow_h12_tp06_sl065,-2.326000000000113,-3.3760000000001127,-4.076000000000112,0,0,0,1,3.3760000000001127,28.210000000000036,9.349999999999909,0.27593582887700024,18.529999999999745,0.5553157042633624,8.599999999999909,5.731999999999971,0.544,1.0,,,12,3,1.0,2025
2025-01-20 12:00:00+00:00|1.0|liq_asia_high_breakout_follow_h12_tp06_sl065,2025-01-20 12:00:00+00:00,STAGE28A,data/reports/stage28a_discovery_factory_batch_runner/stage28a_exact_trades.csv,liquidity_sweep_regime_v1,liq_asia_high_breakout_follow_h12_tp06_sl065,1.3092999999998027,0.2592999999998029,-0.4407000000001968,1,0,1,0,0.2592999999998029,11.990000000000236,17.269999999999982,0.5500868558193405,10.960000000000036,0.23448905109486318,5.929999999999836,5.955500000000006,0.644,1.0,,,12,0,1.0,2025
2025-01-22 12:00:00+00:00|1.0|liq_asia_high_breakout_follow_h12_tp06_sl065,2025-01-22 12:00:00+00:00,STAGE28A,data/reports/stage28a_discovery_factory_batch_runner/stage28a_exact_trades.csv,liquidity_sweep_regime_v1,liq_asia_high_breakout_follow_h12_tp06_sl065,1.880199999999968,0.8301999999999681,0.1301999999999683,1,1,1,0,0.8301999999999681,43.279999999999745,10.9699999999998,0.711030082041962,17.90000000000009,0.44525139664803126,9.569999999999709,6.274499999999944,0.764,1.0,,,12,2,1.0,2025
2025-01-30 12:00:00+00:00|1.0|liq_asia_high_breakout_follow_h12_tp06_sl065,2025-01-30 12:00:00+00:00,STAGE28A,data/reports/stage28a_discovery_factory_batch_runner/stage28a_exact_trades.csv,liquidity_sweep_regime_v1,liq_asia_high_breakout_follow_h12_tp06_sl065,-2.1023999999998524,-3.152399999999852,-3.852399999999852,0,0,0,1,3.152399999999852,21.470000000000255,5.330000000000382,0.035647279549726255,20.539999999999964,0.8695228821811177,5.129999999999654,5.309000000000014,0.328,1.0,,,12,3,1.0,2025
2025-02-05 12:00:00+00:00|1.0|liq_asia_high_breakout_follow_h12_tp06_sl065,2025-02-05 12:00:00+00:00,STAGE28A,data/reports/stage28a_discovery_factory_batch_runner/stage28a_exact_trades.csv,liquidity_sweep_regime_v1,liq_asia_high_breakout_follow_h12_tp06_sl065,1.5388000000001738,0.488800000000174,-0.2111999999998257,1,0,1,0,0.488800000000174,38.25,18.450000000000273,0.7501355013550104,23.690000000000055,0.5293372731110145,6.710000000000036,6.692500000000064,0.7,1.0,,,12,2,2.0,2025
2025-02-10 12:00:00+00:00|1.0|liq_asia_high_breakout_follow_h12_tp06_sl065,2025-02-10 12:00:00+00:00,STAGE28A,data/reports/stage28a_discovery_factory_batch_runner/stage28a_exact_trades.csv,liquidity_sweep_regime_v1,liq_asia_high_breakout_follow_h12_tp06_sl065,-2.589575000000059,-3.639575000000059,-4.339575000000059,0,0,0,1,3.639575000000059,14.0,23.190000000000055,0.5066839154808095,30.40000000000009,0.7578947368421018,7.099999999999909,8.032499999999981,0.82,1.0,,,12,0,2.0,2025
2025-02-14 12:00:00+00:00|1.0|liq_asia_high_breakout_follow_h12_tp06_sl065,2025-02-14 12:00:00+00:00,STAGE28A,data/reports/stage28a_discovery_factory_batch_runner/stage28a_exact_trades.csv,liquidity_sweep_regime_v1,liq_asia_high_breakout_follow_h12_tp06_sl065,1.4871999999999388,0.4371999999999389,-0.2628000000000607,1,0,1,0,0.4371999999999389,31.13000000000011,10.860000000000127,0.24677716390425963,13.309999999999945,0.5416979714500425,4.639999999999873,5.945999999999958,0.084,1.0,,,12,4,2.0,2025
2025-02-18 12:00:00+00:00|1.0|liq_asia_high_breakout_follow_h12_tp06_sl065,2025-02-18 12:00:00+00:00,STAGE28A,data/reports/stage28a_discovery_factory_batch_runner/stage28a_exact_trades.csv,liquidity_sweep_regime_v1,liq_asia_high_breakout_follow_h12_tp06_sl065,1.3047999999997957,0.2547999999997956,-0.4452000000002041,1,0,1,0,0.2547999999997956,28.340000000000146,19.059999999999945,0.600734522560328,8.389999999999873,0.07866507747322041,3.3900000000003274,4.717500000000041,0.012,1.0,,,12,1,2.0,2025
2025-02-19 12:00:00+00:00|1.0|liq_asia_high_breakout_follow_h12_tp06_sl065,2025-02-19 12:00:00+00:00,STAGE28A,data/reports/stage28a_discovery_factory_batch_runner/stage28a_exact_trades.csv,liquidity_sweep_regime_v1,liq_asia_high_breakout_follow_h12_tp06_sl065,1.4893000000000938,0.4393000000000939,-0.2606999999999058,1,0,1,0,0.4393000000000939,45.25,15.480000000000018,0.31330749354004545,19.0,0.8199999999999962,8.460000000000036,6.546499999999969,0.28,1.0,,,12,2,2.0,2025
2025-02-20 12:00:00+00:00|1.0|liq_asia_high_breakout_follow_h12_tp06_sl065,2025-02-20 12:00:00+00:00,STAGE28A,data/reports/stage28a_discovery_factory_batch_runner/stage28a_exact_trades.csv,liquidity_sweep_regime_v1,liq_asia_high_breakout_follow_h12_tp06_sl065,-2.1956750000000285,-3.2456750000000283,-3.945675000000028,0,0,0,1,3.2456750000000283,28.440000000000055,11.75,0.3948936170213045,15.509999999999764,0.7949709864603556,4.9699999999998,6.848999999999978,0.348,1.0,,,12,3,2.0,2025
2025-03-04 12:00:00+00:00|1.0|liq_asia_high_breakout_follow_h12_tp06_sl065,2025-03-04 12:00:00+00:00,STAGE28A,data/reports/stage28a_discovery_factory_batch_runner/stage28a_exact_trades.csv,liquidity_sweep_regime_v1,liq_asia_high_breakout_follow_h12_tp06_sl065,-3.3604750000000423,-4.4104750000000426,-5.110475000000042,0,0,0,1,4.4104750000000426,39.940000000000055,11.83999999999969,0.03378378378375394,36.98000000000002,0.6311519740400252,8.809999999999945,8.672000000000025,0.736,1.0,,,12,1,3.0,2025
2025-03-05 12:00:00+00:00|1.0|liq_asia_high_breakout_follow_h12_tp06_sl065,2025-03-05 12:00:00+00:00,STAGE28A,data/reports/stage28a_discovery_factory_batch_runner/stage28a_exact_trades.csv,liquidity_sweep_regime_v1,liq_asia_high_breakout_follow_h12_tp06_sl065,-2.733550000000014,-3.7835500000000137,-4.4835500000000135,0,0,0,1,3.7835500000000137,45.84999999999991,16.070000000000164,0.24268823895457692,13.5,0.2125925925925845,9.329999999999927,8.136500000000137,0.552,1.0,,,12,2,3.0,2025
2025-03-07 12:00:00+00:00|1.0|liq_asia_high_breakout_follow_h12_tp06_sl065,2025-03-07 12:00:00+00:00,STAGE28A,data/reports/stage28a_discovery_factory_batch_runner/stage28a_exact_trades.csv,liquidity_sweep_regime_v1,liq_asia_high_breakout_follow_h12_tp06_sl065,-2.1063000000000103,-3.15630000000001,-3.85630000000001,0,0,0,1,3.15630000000001,35.41000000000031,18.309999999999945,0.1982523211359978,16.63000000000011,0.6806975345760454,2.8200000000001637,7.621499999999946,0.228,1.0,,,12,4,3.0,2025
2025-03-11 12:00:00+00:00|1.0|liq_asia_high_breakout_follow_h12_tp06_sl065,2025-03-11 12:00:00+00:00,STAGE28A,data/reports/stage28a_discovery_factory_batch_runner/stage28a_exact_trades.csv,liquidity_sweep_regime_v1,liq_asia_high_breakout_follow_h12_tp06_sl065,1.4470000000000254,0.3970000000000255,-0.3029999999999742,1,0,1,0,0.3970000000000255,38.289999999999964,20.169999999999618,0.4615765989092772,21.789999999999964,0.6608536025699915,3.75,7.462999999999897,0.216,1.0,,,12,1,3.0,2025
2025-03-13 12:00:00+00:00|1.0|liq_asia_high_breakout_follow_h12_tp06_sl065,2025-03-13 12:00:00+00:00,STAGE28A,data/reports/stage28a_discovery_factory_batch_runner/stage28a_exact_trades.csv,liquidity_sweep_regime_v1,liq_asia_high_breakout_follow_h12_tp06_sl065,1.5772000000000843,0.5272000000000845,-0.1727999999999152,1,0,1,0,0.5272000000000845,34.40000000000009,14.309999999999945,0.8315863032844261,15.86999999999989,0.043478260869568956,7.820000000000164,5.791999999999985,0.048,1.0,,,12,3,3.0,2025
2025-03-14 12:00:00+00:00|1.0|liq_asia_high_breakout_follow_h12_tp06_sl065,2025-03-14 12:00:00+00:00,STAGE28A,data/reports/stage28a_discovery_factory_batch_runner/stage28a_exact_trades.csv,liquidity_sweep_regime_v1,liq_asia_high_breakout_follow_h12_tp06_sl065,-2.5063750000000256,-3.5563750000000254,-4.256375000000025,0,0,0,1,3.5563750000000254,56.50999999999976,12.150000000000091,0.27160493827158044,24.0,0.32583333333334014,6.789999999999964,7.393499999999972,0.332,1.0,,,12,4,3.0,2025
2025-03-17 12:00:00+00:00|1.0|liq_asia_high_breakout_follow_h12_tp06_sl065,2025-03-17 12:00:00+00:00,STAGE28A,data/reports/stage28a_discovery_factory_batch_runner/stage28a_exact_trades.csv,liquidity_sweep_regime_v1,liq_asia_high_breakout_follow_h12_tp06_sl065,-1.953874999999789,-3.003874999999789,-3.7038749999997886,0,0,0,0,3.003874999999789,10.909999999999854,11.659999999999854,0.14493996569468917,17.420000000000073,0.9466130884041167,9.199999999999818,5.64699999999998,0.044,1.0,,,12,0,3.0,2025
2025-03-18 12:00:00+00:00|1.0|liq_asia_high_breakout_follow_h12_tp06_sl065,2025-03-18 12:00:00+00:00,STAGE28A,data/reports/stage28a_discovery_factory_batch_runner/stage28a_exact_trades.csv,liquidity_sweep_regime_v1,liq_asia_high_breakout_follow_h12_tp06_sl065,-2.980549999999857,-4.030549999999858,-4.730549999999857,0,0,0,1,4.030549999999858,20.670000000000073,17.58999999999969,0.8095508811824919,22.340000000000146,0.4185317815577372,10.389999999999873,6.042499999999995,0.184,1.0,,,12,1,3.0,2025
2025-03-24 12:00:00+00:00|1.0|liq_asia_high_breakout_follow_h12_tp06_sl065,2025-03-24 12:00:00+00:00,STAGE28A,data/reports/stage28a_discovery_factory_batch_runner/stage28a_exact_trades.csv,liquidity_sweep_regime_v1,liq_asia_high_breakout_follow_h12_tp06_sl065,-2.3923000000000685,-3.4423000000000683,-4.142300000000068,0,0,0,1,3.4423000000000683,5.869999999999891,12.66000000000031,0.09794628751976352,15.970000000000255,0.5453976205385033,8.33999999999969,6.266500000000019,0.34,1.0,,,12,0,3.0,2025
2025-03-25 12:00:00+00:00|1.0|liq_asia_high_breakout_follow_h12_tp06_sl065,2025-03-25 12:00:00+00:00,STAGE28A,data/reports/stage28a_discovery_factory_batch_runner/stage28a_exact_trades.csv,liquidity_sweep_regime_v1,liq_asia_high_breakout_follow_h12_tp06_sl065,-2.208024999999998,-3.2580249999999977,-3.9580249999999975,0,0,0,1,3.2580249999999977,30.789999999999964,8.889999999999873,0.4915635545556753,14.550000000000182,0.5862542955326212,4.4900000000002365,6.138500000000045,0.312,1.0,,,12,1,3.0,2025
2025-03-27 12:00:00+00:00|1.0|liq_asia_high_breakout_follow_h12_tp06_sl065,2025-03-27 12:00:00+00:00,STAGE28A,data/reports/stage28a_discovery_factory_batch_runner/stage28a_exact_trades.csv,liquidity_sweep_regime_v1,liq_asia_high_breakout_follow_h12_tp06_sl065,-2.6818749999998546,-3.7318749999998544,-4.431874999999854,0,0,0,1,3.7318749999998544,19.840000000000146,21.110000000000127,0.7607768829938346,29.13000000000011,0.5918297288019283,6.349999999999909,5.275999999999999,0.028,1.0,,,12,3,3.0,2025
2025-03-31 12:00:00+00:00|1.0|liq_asia_high_breakout_follow_h12_tp06_sl065,2025-03-31 12:00:00+00:00,STAGE28A,data/reports/stage28a_discovery_factory_batch_runner/stage28a_exact_trades.csv,liquidity_sweep_regime_v1,liq_asia_high_breakout_follow_h12_tp06_sl065,-3.57400000000016,-4.62400000000016,-5.32400000000016,0,0,0,1,4.62400000000016,12.38000000000011,34.820000000000164,0.49109707064904734,22.2199999999998,0.3510351035103419,6.220000000000255,9.962000000000035,0.984,1.0,,,12,0,3.0,2025
2025-04-08 12:00:00+00:00|1.0|liq_asia_high_breakout_follow_h12_tp06_sl065,2025-04-08 12:00:00+00:00,STAGE28A,data/reports/stage28a_discovery_factory_batch_runner/stage28a_exact_trades.csv,liquidity_sweep_regime_v1,liq_asia_high_breakout_follow_h12_tp06_sl065,3.0120999999998275,1.962099999999828,1.262099999999828,1,1,1,0,1.962099999999828,99.02999999999975,26.2800000000002,0.3047945205479339,24.710000000000036,0.4900849858356985,7.9699999999998,15.305000000000017,0.744,1.0,,,12,1,4.0,2025
2025-04-09 12:00:00+00:00|1.0|liq_asia_high_breakout_follow_h12_tp06_sl065,2025-04-09 12:00:00+00:00,STAGE28A,data/reports/stage28a_discovery_factory_batch_runner/stage28a_exact_trades.csv,liquidity_sweep_regime_v1,liq_asia_high_breakout_follow_h12_tp06_sl065,4.4929000000001,3.4429000000001,2.7429000000001,1,1,1,0,3.4429000000001,47.98000000000002,41.13999999999987,0.5486144871171555,52.7800000000002,0.7663887836301566,12.900000000000091,15.397500000000036,0.74,1.0,,,12,2,4.0,2025
2025-04-15 12:00:00+00:00|1.0|liq_asia_high_breakout_follow_h12_tp06_sl065,2025-04-15 12:00:00+00:00,STAGE28A,data/reports/stage28a_discovery_factory_batch_runner/stage28a_exact_trades.csv,liquidity_sweep_regime_v1,liq_asia_high_breakout_follow_h12_tp06_sl065,-3.1619000000001507,-4.211900000000151,-4.91190000000015,0,0,0,1,4.211900000000151,52.00999999999976,18.799999999999727,0.8563829787234118,15.259999999999764,0.38204456094364464,7.710000000000036,9.019999999999936,0.064,1.0,,,12,1,4.0,2025
2025-04-16 12:00:00+00:00|1.0|liq_asia_high_breakout_follow_h12_tp06_sl065,2025-04-16 12:00:00+00:00,STAGE28A,data/reports/stage28a_discovery_factory_batch_runner/stage28a_exact_trades.csv,liquidity_sweep_regime_v1,liq_asia_high_breakout_follow_h12_tp06_sl065,-5.442099999999845,-6.492099999999846,-7.192099999999845,0,0,0,1,6.492099999999846,31.389999999999873,51.76000000000022,0.7735703245749574,48.39000000000033,0.4552593511056014,29.170000000000073,11.94849999999999,0.252,1.0,,,12,2,4.0,2025
2025-04-21 12:00:00+00:00|1.0|liq_asia_high_breakout_follow_h12_tp06_sl065,2025-04-21 12:00:00+00:00,STAGE28A,data/reports/stage28a_discovery_factory_batch_runner/stage28a_exact_trades.csv,liquidity_sweep_regime_v1,liq_asia_high_breakout_follow_h12_tp06_sl065,-3.5210250000001,-4.5710250000001,-5.271025000000099,0,0,0,1,4.5710250000001,24.230000000000018,56.29999999999973,0.6460035523978698,27.25,0.4565137614678919,10.440000000000055,13.979499999999984,0.364,1.0,,,12,0,4.0,2025
2025-05-02 12:00:00+00:00|1.0|liq_asia_high_breakout_follow_h12_tp06_sl065,2025-05-02 12:00:00+00:00,STAGE28A,data/reports/stage28a_discovery_factory_batch_runner/stage28a_exact_trades.csv,liquidity_sweep_regime_v1,liq_asia_high_breakout_follow_h12_tp06_sl065,-3.857724999999937,-4.907724999999937,-5.607724999999936,0,0,0,1,4.907724999999937,88.20000000000027,31.109999999999673,0.5483767277402805,20.670000000000073,0.49443638122882266,6.319999999999709,11.187499999999977,0.028,1.0,,,12,4,5.0,2025
2025-05-05 12:00:00+00:00|1.0|liq_asia_high_breakout_follow_h12_tp06_sl065,2025-05-05 12:00:00+00:00,STAGE28A,data/reports/stage28a_discovery_factory_batch_runner/stage28a_exact_trades.csv,liquidity_sweep_regime_v1,liq_asia_high_breakout_follow_h12_tp06_sl065,-3.863249999999971,-4.913249999999971,-5.6132499999999705,0,0,0,1,4.913249999999971,7.070000000000164,34.75,0.4330935251798483,55.36000000000013,0.9750722543352582,19.800000000000182,13.237000000000103,0.228,1.0,,,12,0,5.0,2025
2025-05-09 12:00:00+00:00|1.0|liq_asia_high_breakout_follow_h12_tp06_sl065,2025-05-09 12:00:00+00:00,STAGE28A,data/reports/stage28a_discovery_factory_batch_runner/stage28a_exact_trades.csv,liquidity_sweep_regime_v1,liq_asia_high_breakout_follow_h12_tp06_sl065,-4.4726249999999705,-5.522624999999971,-6.2226249999999705,0,0,0,1,5.522624999999971,126.18000000000029,49.309999999999945,0.3214358142364617,24.079999999999927,0.7093023255813945,8.659999999999854,16.97199999999998,0.808,1.0,,,12,4,5.0,2025
2025-05-13 12:00:00+00:00|1.0|liq_asia_high_breakout_follow_h12_tp06_sl065,2025-05-13 12:00:00+00:00,STAGE28A,data/reports/stage28a_discovery_factory_batch_runner/stage28a_exact_trades.csv,liquidity_sweep_regime_v1,liq_asia_high_breakout_follow_h12_tp06_sl065,3.155200000000059,2.105200000000059,1.4052000000000593,1,1,1,0,2.105200000000059,103.59999999999991,27.399999999999636,0.1021897810219058,30.669999999999618,0.5441799804369176,10.659999999999854,12.40349999999994,0.18,1.0,,,12,1,5.0,2025
2025-05-20 12:00:00+00:00|1.0|liq_asia_high_breakout_follow_h12_tp06_sl065,2025-05-20 12:00:00+00:00,STAGE28A,data/reports/stage28a_discovery_factory_batch_runner/stage28a_exact_trades.csv,liquidity_sweep_regime_v1,liq_asia_high_breakout_follow_h12_tp06_sl065,3.030099999999857,1.9800999999998568,1.280099999999857,1,1,1,0,1.9800999999998568,43.039999999999964,28.140000000000327,0.5501066098080805,31.31999999999971,0.7962962962963054,17.4699999999998,10.606999999999994,0.076,1.0,,,12,1,5.0,2025
2025-05-23 12:00:00+00:00|1.0|liq_asia_high_breakout_follow_h12_tp06_sl065,2025-05-23 12:00:00+00:00,STAGE28A,data/reports/stage28a_discovery_factory_batch_runner/stage28a_exact_trades.csv,liquidity_sweep_regime_v1,liq_asia_high_breakout_follow_h12_tp06_sl065,-3.518099999999868,-4.568099999999868,-5.268099999999867,0,0,0,1,4.568099999999868,66.07000000000016,21.76000000000022,0.197150735294114,32.4399999999996,0.8187422934648666,6.820000000000164,11.759500000000026,0.24,1.0,,,12,4,5.0,2025
2025-05-28 12:00:00+00:00|1.0|liq_asia_high_breakout_follow_h12_tp06_sl065,2025-05-28 12:00:00+00:00,STAGE28A,data/reports/stage28a_discovery_factory_batch_runner/stage28a_exact_trades.csv,liquidity_sweep_regime_v1,liq_asia_high_breakout_follow_h12_tp06_sl065,2.7976000000002386,1.7476000000002387,1.047600000000239,1,1,1,0,1.7476000000002387,64.65999999999985,24.050000000000182,0.22910602910601754,31.070000000000164,0.8464757000321868,8.610000000000127,10.038500000000067,0.16,1.0,,,12,2,5.0,2025
2025-06-02 12:00:00+00:00|1.0|liq_asia_high_breakout_follow_h12_tp06_sl065,2025-06-02 12:00:00+00:00,STAGE28A,data/reports/stage28a_discovery_factory_batch_runner/stage28a_exact_trades.csv,liquidity_sweep_regime_v1,liq_asia_high_breakout_follow_h12_tp06_sl065,2.983299999999781,1.933299999999781,1.2332999999997811,1,1,1,0,1.933299999999781,19.170000000000073,20.759999999999764,0.2076107899807319,50.04999999999973,0.7880119880119933,6.299999999999727,10.888499999999954,0.388,1.0,,,12,0,6.0,2025
2025-06-09 12:00:00+00:00|1.0|liq_asia_high_breakout_follow_h12_tp06_sl065,2025-06-09 12:00:00+00:00,STAGE28A,data/reports/stage28a_discovery_factory_batch_runner/stage28a_exact_trades.csv,liquidity_sweep_regime_v1,liq_asia_high_breakout_follow_h12_tp06_sl065,-2.69552500000018,-3.74552500000018,-4.445525000000179,0,0,0,1,3.74552500000018,11.909999999999854,27.629999999999654,0.1458559536735523,19.210000000000036,0.4122852680895397,5.849999999999909,10.457000000000061,0.488,1.0,,,12,0,6.0,2025
2025-06-10 12:00:00+00:00|1.0|liq_asia_high_breakout_follow_h12_tp06_sl065,2025-06-10 12:00:00+00:00,STAGE28A,data/reports/stage28a_discovery_factory_batch_runner/stage28a_exact_trades.csv,liquidity_sweep_regime_v1,liq_asia_high_breakout_follow_h12_tp06_sl065,2.735500000000138,1.6855000000001383,0.9855000000001386,1,1,1,0,1.6855000000001383,44.629999999999654,25.990000000000236,0.6167756829549673,31.990000000000236,0.6927164738980977,8.66000000000031,8.759499999999957,0.096,1.0,,,12,1,6.0,2025
2025-06-11 12:00:00+00:00|1.0|liq_asia_high_breakout_follow_h12_tp06_sl065,2025-06-11 12:00:00+00:00,STAGE28A,data/reports/stage28a_discovery_factory_batch_runner/stage28a_exact_trades.csv,liquidity_sweep_regime_v1,liq_asia_high_breakout_follow_h12_tp06_sl065,-3.053350000000228,-4.103350000000228,-4.803350000000227,0,0,0,1,4.103350000000228,47.15000000000009,26.059999999999945,0.5721412125863349,17.140000000000327,0.3302217036172547,4.180000000000291,9.208999999999993,0.18,1.0,,,12,2,6.0,2025
2025-06-26 12:00:00+00:00|1.0|liq_asia_high_breakout_follow_h12_tp06_sl065,2025-06-26 12:00:00+00:00,STAGE28A,data/reports/stage28a_discovery_factory_batch_runner/stage28a_exact_trades.csv,liquidity_sweep_regime_v1,liq_asia_high_breakout_follow_h12_tp06_sl065,1.7137000000001534,0.6637000000001536,-0.0362999999998461,1,0,1,0,0.6637000000001536,25.09999999999991,13.859999999999673,0.3448773448773675,19.23999999999978,0.12577962577963098,5.779999999999745,7.549000000000047,0.076,1.0,,,12,3,6.0,2025
2025-06-30 12:00:00+00:00|1.0|liq_asia_high_breakout_follow_h12_tp06_sl065,2025-06-30 12:00:00+00:00,STAGE28A,data/reports/stage28a_discovery_factory_batch_runner/stage28a_exact_trades.csv,liquidity_sweep_regime_v1,liq_asia_high_breakout_follow_h12_tp06_sl065,2.101599999999871,1.0515999999998713,0.3515999999998715,1,1,1,0,1.0515999999998713,33.51999999999998,34.99000000000024,0.43498142326379396,19.809999999999945,0.4437152953054007,8.2199999999998,10.778500000000031,0.688,1.0,,,12,0,6.0,2025
2025-07-01 12:00:00+00:00|1.0|liq_asia_high_breakout_follow_h12_tp06_sl065,2025-07-01 12:00:00+00:00,STAGE28A,data/reports/stage28a_discovery_factory_batch_runner/stage28a_exact_trades.csv,liquidity_sweep_regime_v1,liq_asia_high_breakout_follow_h12_tp06_sl065,1.8117999999998573,0.7617999999998575,0.0617999999998577,1,1,1,0,0.7617999999998575,63.93000000000029,20.279999999999745,0.4817554240631215,29.08999999999969,0.8446201443795108,5.430000000000291,7.371000000000049,0.064,1.0,,,12,1,7.0,2025
2025-07-04 12:00:00+00:00|1.0|liq_asia_high_breakout_follow_h12_tp06_sl065,2025-07-04 12:00:00+00:00,STAGE28A,data/reports/stage28a_discovery_factory_batch_runner/stage28a_exact_trades.csv,liquidity_sweep_regime_v1,liq_asia_high_breakout_follow_h12_tp06_sl065,1.3513000000001738,0.301300000000174,-0.3986999999998257,1,0,1,0,0.301300000000174,54.36999999999989,15.200000000000273,0.6059210526315705,12.009999999999764,0.32556203164029407,3.2899999999999636,6.361000000000035,0.02,1.0,,,12,4,7.0,2025
2025-07-10 12:00:00+00:00|1.0|liq_asia_high_breakout_follow_h12_tp06_sl065,2025-07-10 12:00:00+00:00,STAGE28A,data/reports/stage28a_discovery_factory_batch_runner/stage28a_exact_trades.csv,liquidity_sweep_regime_v1,liq_asia_high_breakout_follow_h12_tp06_sl065,1.562499999999909,0.5124999999999091,-0.1875000000000906,1,0,1,0,0.5124999999999091,37.20999999999958,12.9699999999998,0.29452582883575695,15.36999999999989,0.698113207547176,10.199999999999818,7.044999999999982,0.14,1.0,,,12,3,7.0,2025
2025-07-15 12:00:00+00:00|1.0|liq_asia_high_breakout_follow_h12_tp06_sl065,2025-07-15 12:00:00+00:00,STAGE28A,data/reports/stage28a_discovery_factory_batch_runner/stage28a_exact_trades.csv,liquidity_sweep_regime_v1,liq_asia_high_breakout_follow_h12_tp06_sl065,-2.5690999999997985,-3.6190999999997984,-4.319099999999798,0,0,0,1,3.6190999999997984,34.059999999999945,17.06999999999971,0.7158758055067641,9.0,0.6077777777777555,8.809999999999945,6.257000000000039,0.044,1.0,,,12,1,7.0,2025
2025-07-16 12:00:00+00:00|1.0|liq_asia_high_breakout_follow_h12_tp06_sl065,2025-07-16 12:00:00+00:00,STAGE28A,data/reports/stage28a_discovery_factory_batch_runner/stage28a_exact_trades.csv,liquidity_sweep_regime_v1,liq_asia_high_breakout_follow_h12_tp06_sl065,1.2240999999998166,0.1740999999998167,-0.525900000000183,1,0,1,0,0.1740999999998167,46.159999999999854,11.390000000000327,0.678665496049148,10.139999999999873,0.5601577909270574,5.070000000000164,7.418499999999949,0.328,1.0,,,12,2,7.0,2025
2025-07-18 12:00:00+00:00|1.0|liq_asia_high_breakout_follow_h12_tp06_sl065,2025-07-18 12:00:00+00:00,STAGE28A,data/reports/stage28a_discovery_factory_batch_runner/stage28a_exact_trades.csv,liquidity_sweep_regime_v1,liq_asia_high_breakout_follow_h12_tp06_sl065,-2.53204999999989,-3.58204999999989,-4.28204999999989,0,0,0,1,3.58204999999989,42.3100000000004,10.190000000000055,0.85083415112856,23.110000000000127,0.7676330592817022,4.130000000000109,6.179000000000019,0.068,1.0,,,12,4,7.0,2025
2025-07-21 12:00:00+00:00|1.0|liq_asia_high_breakout_follow_h12_tp06_sl065,2025-07-21 12:00:00+00:00,STAGE28A,data/reports/stage28a_discovery_factory_batch_runner/stage28a_exact_trades.csv,liquidity_sweep_regime_v1,liq_asia_high_breakout_follow_h12_tp06_sl065,-2.411149999999998,-3.4611499999999977,-4.1611499999999975,0,0,0,1,3.4611499999999977,5.199999999999818,13.569999999999709,0.25718496683860403,20.029999999999745,0.7393909136295623,3.769999999999982,5.629499999999894,0.036,1.0,,,12,0,7.0,2025
2025-07-29 12:00:00+00:00|1.0|liq_asia_high_breakout_follow_h12_tp06_sl065,2025-07-29 12:00:00+00:00,STAGE28A,data/reports/stage28a_discovery_factory_batch_runner/stage28a_exact_trades.csv,liquidity_sweep_regime_v1,liq_asia_high_breakout_follow_h12_tp06_sl065,-3.164824999999928,-4.214824999999928,-4.914824999999928,0,0,0,1,4.214824999999928,43.44999999999982,13.079999999999927,0.1551987767583912,20.879999999999654,0.5727969348659117,13.2199999999998,7.941999999999939,0.64,1.0,,,12,1,7.0,2025
2025-07-31 12:00:00+00:00|1.0|liq_asia_high_breakout_follow_h12_tp06_sl065,2025-07-31 12:00:00+00:00,STAGE28A,data/reports/stage28a_discovery_factory_batch_runner/stage28a_exact_trades.csv,liquidity_sweep_regime_v1,liq_asia_high_breakout_follow_h12_tp06_sl065,-3.092674999999963,-4.142674999999963,-4.8426749999999625,0,0,0,1,4.142674999999963,65.80000000000018,24.590000000000146,0.6547376982513141,21.06999999999971,0.5495965828191783,11.170000000000073,9.422000000000072,0.916,1.0,,,12,3,7.0,2025
2025-08-13 12:00:00+00:00|1.0|liq_asia_high_breakout_follow_h12_tp06_sl065,2025-08-13 12:00:00+00:00,STAGE28A,data/reports/stage28a_discovery_factory_batch_runner/stage28a_exact_trades.csv,liquidity_sweep_regime_v1,liq_asia_high_breakout_follow_h12_tp06_sl065,1.817199999999866,0.7671999999998662,0.0671999999998664,1,1,1,0,0.7671999999998662,28.0300000000002,11.659999999999854,0.07375643224701013,21.079999999999927,0.7191650853890115,10.559999999999945,7.5870000000000575,0.304,1.0,,,12,2,8.0,2025
2025-08-20 12:00:00+00:00|1.0|liq_asia_high_breakout_follow_h12_tp06_sl065,2025-08-20 12:00:00+00:00,STAGE28A,data/reports/stage28a_discovery_factory_batch_runner/stage28a_exact_trades.csv,liquidity_sweep_regime_v1,liq_asia_high_breakout_follow_h12_tp06_sl065,-2.0387000000001536,-3.088700000000153,-3.788700000000153,0,0,0,1,3.088700000000153,30.36999999999989,7.0300000000002,0.09246088193457645,10.38000000000011,0.8333333333333334,4.6599999999998545,5.548500000000013,0.064,1.0,,,12,2,8.0,2025
2025-08-28 12:00:00+00:00|1.0|liq_asia_high_breakout_follow_h12_tp06_sl065,2025-08-28 12:00:00+00:00,STAGE28A,data/reports/stage28a_discovery_factory_batch_runner/stage28a_exact_trades.csv,liquidity_sweep_regime_v1,liq_asia_high_breakout_follow_h12_tp06_sl065,-2.0569000000001325,-3.1069000000001323,-3.806900000000132,0,0,0,1,3.1069000000001323,25.049999999999727,15.08999999999969,0.3770709078860286,13.86999999999989,0.6560922855083227,7.100000000000364,5.584000000000015,0.284,1.0,,,12,3,8.0,2025
2025-09-08 12:00:00+00:00|1.0|liq_asia_high_breakout_follow_h12_tp06_sl065,2025-09-08 12:00:00+00:00,STAGE28A,data/reports/stage28a_discovery_factory_batch_runner/stage28a_exact_trades.csv,liquidity_sweep_regime_v1,liq_asia_high_breakout_follow_h12_tp06_sl065,-3.309449999999833,-4.359449999999834,-5.059449999999833,0,0,0,1,4.359449999999834,18.25,18.559999999999945,0.46821120689655604,37.679999999999836,0.8017515923566924,10.159999999999854,10.40600000000004,0.74,1.0,,,12,0,9.0,2025
2025-09-09 12:00:00+00:00|1.0|liq_asia_high_breakout_follow_h12_tp06_sl065,2025-09-09 12:00:00+00:00,STAGE28A,data/reports/stage28a_discovery_factory_batch_runner/stage28a_exact_trades.csv,liquidity_sweep_regime_v1,liq_asia_high_breakout_follow_h12_tp06_sl065,-4.17654999999977,-5.22654999999977,-5.92654999999977,0,0,0,1,5.22654999999977,67.81999999999971,26.2800000000002,0.6255707762556878,22.7199999999998,0.3371478873239602,8.980000000000018,9.348999999999979,0.564,1.0,,,12,1,9.0,2025
2025-09-10 12:00:00+00:00|1.0|liq_asia_high_breakout_follow_h12_tp06_sl065,2025-09-10 12:00:00+00:00,STAGE28A,data/reports/stage28a_discovery_factory_batch_runner/stage28a_exact_trades.csv,liquidity_sweep_regime_v1,liq_asia_high_breakout_follow_h12_tp06_sl065,1.9138000000001736,0.863800000000174,0.1638000000001742,1,1,1,0,0.863800000000174,48.75999999999976,21.710000000000036,0.044679871027167126,19.68000000000029,0.9563008130081243,5.539999999999964,10.797500000000037,0.74,1.0,,,12,2,9.0,2025
2025-09-16 12:00:00+00:00|1.0|liq_asia_high_breakout_follow_h12_tp06_sl065,2025-09-16 12:00:00+00:00,STAGE28A,data/reports/stage28a_discovery_factory_batch_runner/stage28a_exact_trades.csv,liquidity_sweep_regime_v1,liq_asia_high_breakout_follow_h12_tp06_sl065,1.8495999999999184,0.7995999999999186,0.0995999999999188,1,1,1,0,0.7995999999999186,58.88000000000011,14.720000000000255,0.1555706521739079,18.590000000000146,0.9214631522323816,11.090000000000146,8.402500000000009,0.272,1.0,,,12,1,9.0,2025
2025-09-19 12:00:00+00:00|1.0|liq_asia_high_breakout_follow_h12_tp06_sl065,2025-09-19 12:00:00+00:00,STAGE28A,data/reports/stage28a_discovery_factory_batch_runner/stage28a_exact_trades.csv,liquidity_sweep_regime_v1,liq_asia_high_breakout_follow_h12_tp06_sl065,2.103399999999874,1.0533999999998742,0.3533999999998745,1,1,1,0,1.0533999999998742,45.320000000000164,24.13000000000011,0.551181102362191,17.690000000000055,0.28886376483889836,7.010000000000218,9.244000000000096,0.572,1.0,,,12,4,9.0,2025
2025-09-22 12:00:00+00:00|1.0|liq_asia_high_breakout_follow_h12_tp06_sl065,2025-09-22 12:00:00+00:00,STAGE28A,data/reports/stage28a_discovery_factory_batch_runner/stage28a_exact_trades.csv,liquidity_sweep_regime_v1,liq_asia_high_breakout_follow_h12_tp06_sl065,2.304399999999896,1.254399999999896,0.5543999999998963,1,1,1,0,1.254399999999896,8.700000000000273,13.7800000000002,0.5079825834542742,36.529999999999745,0.7601970982754074,10.539999999999964,8.703999999999997,0.46,1.0,,,12,0,9.0,2025
2025-09-23 12:00:00+00:00|1.0|liq_asia_high_breakout_follow_h12_tp06_sl065,2025-09-23 12:00:00+00:00,STAGE28A,data/reports/stage28a_discovery_factory_batch_runner/stage28a_exact_trades.csv,liquidity_sweep_regime_v1,liq_asia_high_breakout_follow_h12_tp06_sl065,-3.6542749999999615,-4.704274999999962,-5.404274999999961,0,0,0,1,4.704274999999962,65.05000000000018,22.389999999999873,0.2880750334970904,48.059999999999945,0.7973366625052062,22.139999999999873,9.718999999999937,0.768,1.0,,,12,1,9.0,2025
2025-09-25 12:00:00+00:00|1.0|liq_asia_high_breakout_follow_h12_tp06_sl065,2025-09-25 12:00:00+00:00,STAGE28A,data/reports/stage28a_discovery_factory_batch_runner/stage28a_exact_trades.csv,liquidity_sweep_regime_v1,liq_asia_high_breakout_follow_h12_tp06_sl065,-3.694900000000053,-4.744900000000053,-5.444900000000052,0,0,0,1,4.744900000000053,61.67000000000007,22.409999999999854,0.1976796073181758,29.980000000000018,0.6774516344229464,10.519999999999982,10.921500000000014,0.832,1.0,,,12,3,9.0,2025
2025-09-26 12:00:00+00:00|1.0|liq_asia_high_breakout_follow_h12_tp06_sl065,2025-09-26 12:00:00+00:00,STAGE28A,data/reports/stage28a_discovery_factory_batch_runner/stage28a_exact_trades.csv,liquidity_sweep_regime_v1,liq_asia_high_breakout_follow_h12_tp06_sl065,2.245299999999952,1.195299999999952,0.4952999999999523,1,1,1,0,1.195299999999952,39.82999999999993,18.800000000000182,0.17819148936169557,15.920000000000073,0.3762562814070483,8.08999999999969,11.040499999999952,0.764,1.0,,,12,4,9.0,2025
2025-09-29 12:00:00+00:00|1.0|liq_asia_high_breakout_follow_h12_tp06_sl065,2025-09-29 12:00:00+00:00,STAGE28A,data/reports/stage28a_discovery_factory_batch_runner/stage28a_exact_trades.csv,liquidity_sweep_regime_v1,liq_asia_high_breakout_follow_h12_tp06_sl065,-4.728400000000056,-5.778400000000056,-6.478400000000056,0,0,0,1,5.778400000000056,14.63000000000011,43.039999999999964,0.5534386617100309,27.38000000000011,0.4755295836376892,12.460000000000036,12.924499999999943,0.964,1.0,,,12,0,9.0,2025
2025-10-01 12:00:00+00:00|1.0|liq_asia_high_breakout_follow_h12_tp06_sl065,2025-10-01 12:00:00+00:00,STAGE28A,data/reports/stage28a_discovery_factory_batch_runner/stage28a_exact_trades.csv,liquidity_sweep_regime_v1,liq_asia_high_breakout_follow_h12_tp06_sl065,-4.159650000000147,-5.209650000000147,-5.909650000000147,0,0,0,1,5.209650000000147,78.48999999999978,21.0,0.0890476190476355,42.070000000000164,0.6467791775612058,16.31999999999971,12.329999999999995,0.744,1.0,,,12,2,10.0,2025
2025-10-02 12:00:00+00:00|1.0|liq_asia_high_breakout_follow_h12_tp06_sl065,2025-10-02 12:00:00+00:00,STAGE28A,data/reports/stage28a_discovery_factory_batch_runner/stage28a_exact_trades.csv,liquidity_sweep_regime_v1,liq_asia_high_breakout_follow_h12_tp06_sl065,2.5741000000001804,1.5241000000001803,0.8241000000001808,1,1,1,0,1.5241000000001803,42.070000000000164,17.580000000000382,0.24857792946531573,17.940000000000055,0.696209587513921,14.039999999999964,11.076499999999987,0.52,1.0,,,12,3,10.0,2025
2025-10-03 12:00:00+00:00|1.0|liq_asia_high_breakout_follow_h12_tp06_sl065,2025-10-03 12:00:00+00:00,STAGE28A,data/reports/stage28a_discovery_factory_batch_runner/stage28a_exact_trades.csv,liquidity_sweep_regime_v1,liq_asia_high_breakout_follow_h12_tp06_sl065,2.1579999999998107,1.107999999999811,0.4079999999998112,1,1,1,0,1.107999999999811,77.53999999999996,25.700000000000273,0.5634241245136135,24.0,0.8966666666666848,5.300000000000182,12.970000000000027,0.844,1.0,,,12,4,10.0,2025
2025-10-06 12:00:00+00:00|1.0|liq_asia_high_breakout_follow_h12_tp06_sl065,2025-10-06 12:00:00+00:00,STAGE28A,data/reports/stage28a_discovery_factory_batch_runner/stage28a_exact_trades.csv,liquidity_sweep_regime_v1,liq_asia_high_breakout_follow_h12_tp06_sl065,-4.984175000000141,-6.0341750000001415,-6.734175000000141,0,0,0,1,6.0341750000001415,17.269999999999982,47.940000000000055,0.6191072173550229,27.0,0.47259259259260067,14.200000000000273,13.529500000000075,0.912,1.0,,,12,0,10.0,2025
2025-10-08 12:00:00+00:00|1.0|liq_asia_high_breakout_follow_h12_tp06_sl065,2025-10-08 12:00:00+00:00,STAGE28A,data/reports/stage28a_discovery_factory_batch_runner/stage28a_exact_trades.csv,liquidity_sweep_regime_v1,liq_asia_high_breakout_follow_h12_tp06_sl065,-3.984799999999814,-5.034799999999814,-5.734799999999813,0,0,0,1,5.034799999999814,50.070000000000164,33.5,0.750447761194026,34.840000000000146,0.9916762342135357,7.190000000000055,11.744500000000084,0.388,1.0,,,12,2,10.0,2025
2025-10-09 12:00:00+00:00|1.0|liq_asia_high_breakout_follow_h12_tp06_sl065,2025-10-09 12:00:00+00:00,STAGE28A,data/reports/stage28a_discovery_factory_batch_runner/stage28a_exact_trades.csv,liquidity_sweep_regime_v1,liq_asia_high_breakout_follow_h12_tp06_sl065,-3.86845000000003,-4.91845000000003,-5.6184500000000295,0,0,0,1,4.91845000000003,76.17000000000007,39.840000000000146,0.13453815261044447,20.940000000000055,0.5076408787010546,10.029999999999745,16.499500000000012,0.98,1.0,,,12,3,10.0,2025
2025-10-10 12:00:00+00:00|1.0|liq_asia_high_breakout_follow_h12_tp06_sl065,2025-10-10 12:00:00+00:00,STAGE28A,data/reports/stage28a_discovery_factory_batch_runner/stage28a_exact_trades.csv,liquidity_sweep_regime_v1,liq_asia_high_breakout_follow_h12_tp06_sl065,-5.695275000000128,-6.745275000000129,-7.445275000000128,0,0,0,1,6.745275000000129,113.48000000000002,36.04999999999973,0.3722607489597829,59.940000000000055,0.5652318985652256,24.799999999999727,22.048000000000023,1.0,1.0,,,12,4,10.0,2025
2025-10-13 12:00:00+00:00|1.0|liq_asia_high_breakout_follow_h12_tp06_sl065,2025-10-13 12:00:00+00:00,STAGE28A,data/reports/stage28a_discovery_factory_batch_runner/stage28a_exact_trades.csv,liquidity_sweep_regime_v1,liq_asia_high_breakout_follow_h12_tp06_sl065,-4.842799999999988,-5.892799999999989,-6.592799999999988,0,0,0,1,5.892799999999989,46.13000000000011,61.30000000000018,0.15595432300162998,28.690000000000055,0.882886023004527,10.11999999999989,22.6355,0.96,1.0,,,12,0,10.0,2025
2025-10-15 12:00:00+00:00|1.0|liq_asia_high_breakout_follow_h12_tp06_sl065,2025-10-15 12:00:00+00:00,STAGE28A,data/reports/stage28a_discovery_factory_batch_runner/stage28a_exact_trades.csv,liquidity_sweep_regime_v1,liq_asia_high_breakout_follow_h12_tp06_sl065,4.2175000000001095,3.167500000000109,2.467500000000109,1,1,1,0,3.167500000000109,89.0300000000002,50.0600000000004,0.5687175389532566,53.57999999999993,0.10246360582308135,10.970000000000255,16.48350000000005,0.648,1.0,,,12,2,10.0,2025
2025-10-23 12:00:00+00:00|1.0|liq_asia_high_breakout_follow_h12_tp06_sl065,2025-10-23 12:00:00+00:00,STAGE28A,data/reports/stage28a_discovery_factory_batch_runner/stage28a_exact_trades.csv,liquidity_sweep_regime_v1,liq_asia_high_breakout_follow_h12_tp06_sl065,-7.995300000000133,-9.045300000000134,-9.745300000000134,0,0,0,1,9.045300000000134,157.02000000000044,50.55000000000018,0.21444114737883493,57.909999999999854,0.5752029010533513,24.11999999999989,28.535500000000003,0.72,1.0,,,12,3,10.0,2025
2025-10-29 12:00:00+00:00|1.0|liq_asia_high_breakout_follow_h12_tp06_sl065,2025-10-29 12:00:00+00:00,STAGE28A,data/reports/stage28a_discovery_factory_batch_runner/stage28a_exact_trades.csv,liquidity_sweep_regime_v1,liq_asia_high_breakout_follow_h12_tp06_sl065,5.106099999999879,4.056099999999878,3.356099999999879,1,1,1,0,4.056099999999878,133.21000000000004,66.23999999999978,0.04649758454106186,79.11000000000013,0.9027935785614961,16.120000000000346,21.087500000000023,0.256,1.0,,,12,2,10.0,2025
2025-10-30 12:00:00+00:00|1.0|liq_asia_high_breakout_follow_h12_tp06_sl065,2025-10-30 12:00:00+00:00,STAGE28A,data/reports/stage28a_discovery_factory_batch_runner/stage28a_exact_trades.csv,liquidity_sweep_regime_v1,liq_asia_high_breakout_follow_h12_tp06_sl065,-7.977750000000105,-9.027750000000106,-9.727750000000103,0,0,0,1,9.027750000000106,114.34000000000015,67.13000000000011,0.6272903321912715,64.69999999999982,0.1791344667697091,35.86000000000013,26.61099999999999,0.696,1.0,,,12,3,10.0,2025
2025-11-06 12:00:00+00:00|1.0|liq_asia_high_breakout_follow_h12_tp06_sl065,2025-11-06 12:00:00+00:00,STAGE28A,data/reports/stage28a_discovery_factory_batch_runner/stage28a_exact_trades.csv,liquidity_sweep_regime_v1,liq_asia_high_breakout_follow_h12_tp06_sl065,-3.8583749999998873,-4.908374999999888,-5.608374999999887,0,0,0,1,4.908374999999888,61.58999999999969,25.949999999999818,0.5865125240847748,34.51999999999998,0.571552723059097,5.960000000000036,10.697000000000026,0.008,1.0,,,12,3,11.0,2025
2025-11-07 12:00:00+00:00|1.0|liq_asia_high_breakout_follow_h12_tp06_sl065,2025-11-07 12:00:00+00:00,STAGE28A,data/reports/stage28a_discovery_factory_batch_runner/stage28a_exact_trades.csv,liquidity_sweep_regime_v1,liq_asia_high_breakout_follow_h12_tp06_sl065,-3.6552499999998873,-4.705249999999888,-5.405249999999887,0,0,0,1,4.705249999999888,54.86000000000013,29.389999999999873,0.31813542021095437,22.179999999999836,0.42605951307483714,10.599999999999909,12.144000000000029,0.08,1.0,,,12,4,11.0,2025
2025-11-10 12:00:00+00:00|1.0|liq_asia_high_breakout_follow_h12_tp06_sl065,2025-11-10 12:00:00+00:00,STAGE28A,data/reports/stage28a_discovery_factory_batch_runner/stage28a_exact_trades.csv,liquidity_sweep_regime_v1,liq_asia_high_breakout_follow_h12_tp06_sl065,-4.6809500000000295,-5.73095000000003,-6.4309500000000295,0,0,0,1,5.73095000000003,14.260000000000218,58.99000000000024,0.7174097304627902,35.89000000000033,0.7419894120925011,14.320000000000164,14.20050000000001,0.252,1.0,,,12,0,11.0,2025
2025-11-13 12:00:00+00:00|1.0|liq_asia_high_breakout_follow_h12_tp06_sl065,2025-11-13 12:00:00+00:00,STAGE28A,data/reports/stage28a_discovery_factory_batch_runner/stage28a_exact_trades.csv,liquidity_sweep_regime_v1,liq_asia_high_breakout_follow_h12_tp06_sl065,-5.184050000000388,-6.234050000000389,-6.934050000000388,0,0,0,1,6.234050000000389,112.90999999999985,39.74000000000069,0.4574735782586579,37.099999999999454,0.4256064690027007,14.320000000000618,18.53499999999999,0.76,1.0,,,12,3,11.0,2025
2025-11-19 12:00:00+00:00|1.0|liq_asia_high_breakout_follow_h12_tp06_sl065,2025-11-19 12:00:00+00:00,STAGE28A,data/reports/stage28a_discovery_factory_batch_runner/stage28a_exact_trades.csv,liquidity_sweep_regime_v1,liq_asia_high_breakout_follow_h12_tp06_sl065,4.82529999999988,3.7752999999998793,3.07529999999988,1,1,1,0,3.7752999999998793,84.03999999999996,24.850000000000364,0.06156941649900111,44.95000000000027,0.7506117908787447,35.26999999999998,16.172000000000093,0.54,1.0,,,12,2,11.0,2025
2025-12-01 12:00:00+00:00|1.0|liq_asia_high_breakout_follow_h12_tp06_sl065,2025-12-01 12:00:00+00:00,STAGE28A,data/reports/stage28a_discovery_factory_batch_runner/stage28a_exact_trades.csv,liquidity_sweep_regime_v1,liq_asia_high_breakout_follow_h12_tp06_sl065,-5.118724999999904,-6.168724999999904,-6.868724999999904,0,0,0,1,6.168724999999904,24.699999999999818,50.460000000000036,0.4783987316686546,46.55000000000018,0.2212674543501446,7.970000000000255,17.178500000000078,0.48,1.0,,,12,0,12.0,2025
2025-12-05 12:00:00+00:00|1.0|liq_asia_high_breakout_follow_h12_tp06_sl065,2025-12-05 12:00:00+00:00,STAGE28A,data/reports/stage28a_discovery_factory_batch_runner/stage28a_exact_trades.csv,liquidity_sweep_regime_v1,liq_asia_high_breakout_follow_h12_tp06_sl065,2.3904999999998835,1.3404999999998837,0.6404999999998839,1,1,1,0,1.3404999999998837,44.17000000000007,22.579999999999927,0.47387068201952004,16.470000000000255,0.37279902853674757,9.020000000000437,9.626500000000078,0.08,1.0,,,12,4,12.0,2025
2025-12-09 12:00:00+00:00|1.0|liq_asia_high_breakout_follow_h12_tp06_sl065,2025-12-09 12:00:00+00:00,STAGE28A,data/reports/stage28a_discovery_factory_batch_runner/stage28a_exact_trades.csv,liquidity_sweep_regime_v1,liq_asia_high_breakout_follow_h12_tp06_sl065,3.174699999999939,2.124699999999939,1.4246999999999392,1,1,1,0,2.124699999999939,42.48999999999978,14.079999999999927,0.5589488636363588,42.75,0.39836257309940926,21.979999999999563,10.933499999999867,0.216,1.0,,,12,1,12.0,2025
2025-12-12 12:00:00+00:00|1.0|liq_asia_high_breakout_follow_h12_tp06_sl065,2025-12-12 12:00:00+00:00,STAGE28A,data/reports/stage28a_discovery_factory_batch_runner/stage28a_exact_trades.csv,liquidity_sweep_regime_v1,liq_asia_high_breakout_follow_h12_tp06_sl065,-4.139824999999837,-5.189824999999837,-5.889824999999837,0,0,0,1,5.189824999999837,81.61000000000058,18.800000000000182,0.5281914893616642,64.73999999999978,0.9800741427247597,13.279999999999745,14.255000000000019,0.688,1.0,,,12,4,12.0,2025
2025-12-15 12:00:00+00:00|1.0|liq_asia_high_breakout_follow_h12_tp06_sl065,2025-12-15 12:00:00+00:00,STAGE28A,data/reports/stage28a_discovery_factory_batch_runner/stage28a_exact_trades.csv,liquidity_sweep_regime_v1,liq_asia_high_breakout_follow_h12_tp06_sl065,2.7226000000004205,1.6726000000004206,0.9726000000004208,1,1,1,0,1.6726000000004206,13.710000000000036,35.11000000000058,0.6693249786385534,25.270000000000437,0.5385833003561673,7.880000000000109,16.033000000000037,0.82,1.0,,,12,0,12.0,2025
2025-12-22 12:00:00+00:00|1.0|liq_asia_high_breakout_follow_h12_tp06_sl065,2025-12-22 12:00:00+00:00,STAGE28A,data/reports/stage28a_discovery_factory_batch_runner/stage28a_exact_trades.csv,liquidity_sweep_regime_v1,liq_asia_high_breakout_follow_h12_tp06_sl065,-4.321824999999626,-5.371824999999626,-6.071824999999626,0,0,0,1,5.371824999999626,18.1200000000008,62.840000000000146,0.6877784850413774,23.599999999999454,0.4338983050847851,6.739999999999782,12.025500000000012,0.376,1.0,,,12,0,12.0,2025
2025-12-30 12:00:00+00:00|1.0|liq_asia_high_breakout_follow_h12_tp06_sl065,2025-12-30 12:00:00+00:00,STAGE28A,data/reports/stage28a_discovery_factory_batch_runner/stage28a_exact_trades.csv,liquidity_sweep_regime_v1,liq_asia_high_breakout_follow_h12_tp06_sl065,-6.465200000000186,-7.515200000000187,-8.215200000000186,0,0,0,1,7.515200000000187,246.52999999999975,45.98999999999978,0.38704066101326956,41.36000000000058,0.5118471953578282,12.139999999999418,22.87300000000014,0.892,1.0,,,12,1,12.0,2025
2026-01-02 12:00:00+00:00|1.0|liq_asia_high_breakout_follow_h12_tp06_sl065,2026-01-02 12:00:00+00:00,STAGE28A,data/reports/stage28a_discovery_factory_batch_runner/stage28a_exact_trades.csv,liquidity_sweep_regime_v1,liq_asia_high_breakout_follow_h12_tp06_sl065,2.9851000000002386,1.9351000000002387,1.235100000000239,1,1,1,0,1.9351000000002387,26.88000000000011,54.08000000000084,0.4567307692307588,27.51000000000022,0.8269720101781105,8.229999999999563,15.509500000000026,0.492,1.0,,,12,4,1.0,2026
2026-01-05 12:00:00+00:00|1.0|liq_asia_high_breakout_follow_h12_tp06_sl065,2026-01-05 12:00:00+00:00,STAGE28A,data/reports/stage28a_discovery_factory_batch_runner/stage28a_exact_trades.csv,liquidity_sweep_regime_v1,liq_asia_high_breakout_follow_h12_tp06_sl065,3.676300000000447,2.626300000000447,1.926300000000447,1,1,1,0,2.626300000000447,30.640000000000327,74.94000000000051,0.425540432345866,38.8100000000004,0.8294254058232226,11.739999999999782,17.78100000000004,0.528,1.0,,,12,0,1.0,2026
2026-01-14 12:00:00+00:00|1.0|liq_asia_high_breakout_follow_h12_tp06_sl065,2026-01-14 12:00:00+00:00,STAGE28A,data/reports/stage28a_discovery_factory_batch_runner/stage28a_exact_trades.csv,liquidity_sweep_regime_v1,liq_asia_high_breakout_follow_h12_tp06_sl065,4.212700000000405,3.1627000000004046,2.462700000000405,1,1,1,0,3.1627000000004046,64.76999999999953,42.88000000000011,0.705457089552237,21.579999999999927,0.15848007414272866,12.399999999999636,17.014499999999998,0.504,1.0,,,12,2,1.0,2026
2026-01-20 12:00:00+00:00|1.0|liq_asia_high_breakout_follow_h12_tp06_sl065,2026-01-20 12:00:00+00:00,STAGE28A,data/reports/stage28a_discovery_factory_batch_runner/stage28a_exact_trades.csv,liquidity_sweep_regime_v1,liq_asia_high_breakout_follow_h12_tp06_sl065,-5.342325000000164,-6.392325000000165,-7.092325000000164,0,0,0,1,6.392325000000165,70.75,37.38999999999942,0.7983418026210438,43.05000000000018,0.726596980255529,16.0,11.848999999999933,0.056,1.0,,,12,1,1.0,2026
2026-01-27 12:00:00+00:00|1.0|liq_asia_high_breakout_follow_h12_tp06_sl065,2026-01-27 12:00:00+00:00,STAGE28A,data/reports/stage28a_discovery_factory_batch_runner/stage28a_exact_trades.csv,liquidity_sweep_regime_v1,liq_asia_high_breakout_follow_h12_tp06_sl065,-6.849350000000049,-7.89935000000005,-8.59935000000005,0,0,0,1,7.89935000000005,120.89999999999964,66.71999999999935,0.3625599520383805,43.279999999999745,0.441543438077629,21.609999999999673,34.34849999999992,0.968,1.0,,,12,1,1.0,2026
2026-01-28 12:00:00+00:00|1.0|liq_asia_high_breakout_follow_h12_tp06_sl065,2026-01-28 12:00:00+00:00,STAGE28A,data/reports/stage28a_discovery_factory_batch_runner/stage28a_exact_trades.csv,liquidity_sweep_regime_v1,liq_asia_high_breakout_follow_h12_tp06_sl065,-9.035300000000095,-10.085300000000098,-10.785300000000095,0,0,0,1,10.085300000000098,177.47999999999956,91.47000000000025,0.8015742866513557,70.05000000000018,0.3504639543183327,34.05999999999949,29.87600000000011,0.856,1.0,,,12,2,1.0,2026
2026-02-03 12:00:00+00:00|1.0|liq_asia_high_breakout_follow_h12_tp06_sl065,2026-02-03 12:00:00+00:00,STAGE28A,data/reports/stage28a_discovery_factory_batch_runner/stage28a_exact_trades.csv,liquidity_sweep_regime_v1,liq_asia_high_breakout_follow_h12_tp06_sl065,-15.992249999999876,-17.042249999999875,-17.742249999999878,0,0,0,1,17.042249999999875,481.1899999999996,189.4900000000007,0.18222597498548535,139.53999999999996,0.6661889064067655,41.55999999999949,70.76500000000006,0.732,1.0,,,12,1,2.0,2026
2026-02-06 12:00:00+00:00|1.0|liq_asia_high_breakout_follow_h12_tp06_sl065,2026-02-06 12:00:00+00:00,STAGE28A,data/reports/stage28a_discovery_factory_batch_runner/stage28a_exact_trades.csv,liquidity_sweep_regime_v1,liq_asia_high_breakout_follow_h12_tp06_sl065,-15.782950000000346,-16.832950000000345,-17.532950000000348,0,0,0,1,16.832950000000345,320.3100000000004,191.01000000000022,0.5794461022983098,95.03999999999996,0.6758207070707027,33.98999999999978,63.07049999999985,0.696,1.0,,,12,4,2.0,2026
2026-02-11 12:00:00+00:00|1.0|liq_asia_high_breakout_follow_h12_tp06_sl065,2026-02-11 12:00:00+00:00,STAGE28A,data/reports/stage28a_discovery_factory_batch_runner/stage28a_exact_trades.csv,liquidity_sweep_regime_v1,liq_asia_high_breakout_follow_h12_tp06_sl065,5.12440000000006,4.074400000000059,3.37440000000006,1,1,1,0,4.074400000000059,90.59999999999945,36.149999999999636,0.11009681881052595,57.410000000000764,0.814318063055206,24.81999999999971,23.562499999999908,0.004,1.0,,,12,2,2.0,2026
2026-02-19 12:00:00+00:00|1.0|liq_asia_high_breakout_follow_h12_tp06_sl065,2026-02-19 12:00:00+00:00,STAGE28A,data/reports/stage28a_discovery_factory_batch_runner/stage28a_exact_trades.csv,liquidity_sweep_regime_v1,liq_asia_high_breakout_follow_h12_tp06_sl065,4.278700000000208,3.228700000000208,2.5287000000002084,1,1,1,0,3.228700000000208,156.84000000000015,28.07000000000062,0.2921268257926483,40.33000000000084,0.22737416315397677,27.38000000000011,17.839500000000044,0.024,1.0,,,12,3,2.0,2026
2026-02-20 12:00:00+00:00|1.0|liq_asia_high_breakout_follow_h12_tp06_sl065,2026-02-20 12:00:00+00:00,STAGE28A,data/reports/stage28a_discovery_factory_batch_runner/stage28a_exact_trades.csv,liquidity_sweep_regime_v1,liq_asia_high_breakout_follow_h12_tp06_sl065,-6.3690000000002325,-7.419000000000233,-8.119000000000232,0,0,0,1,7.419000000000233,61.32000000000062,32.899999999999636,0.36413373860181447,44.55999999999949,0.7773788150807858,15.099999999999454,19.792500000000018,0.192,1.0,,,12,4,2.0,2026
2026-02-25 12:00:00+00:00|1.0|liq_asia_high_breakout_follow_h12_tp06_sl065,2026-02-25 12:00:00+00:00,STAGE28A,data/reports/stage28a_discovery_factory_batch_runner/stage28a_exact_trades.csv,liquidity_sweep_regime_v1,liq_asia_high_breakout_follow_h12_tp06_sl065,4.629999999999564,3.5799999999995635,2.879999999999564,1,1,1,0,3.5799999999995635,155.44999999999982,71.0,0.506197183098586,40.400000000000546,0.19306930693069496,17.82000000000062,23.193000000000076,0.38,1.0,,,12,2,2.0,2026
2026-03-02 12:00:00+00:00|1.0|liq_asia_high_breakout_follow_h12_tp06_sl065,2026-03-02 12:00:00+00:00,STAGE28A,data/reports/stage28a_discovery_factory_batch_runner/stage28a_exact_trades.csv,liquidity_sweep_regime_v1,liq_asia_high_breakout_follow_h12_tp06_sl065,-8.763274999999885,-9.813274999999884,-10.513274999999885,0,0,0,1,9.813274999999884,87.94000000000051,89.74000000000069,0.3510140405616198,78.23999999999978,0.43366564417177245,16.51000000000022,33.927500000000144,0.988,1.0,,,12,0,3.0,2026
2026-03-04 12:00:00+00:00|1.0|liq_asia_high_breakout_follow_h12_tp06_sl065,2026-03-04 12:00:00+00:00,STAGE28A,data/reports/stage28a_discovery_factory_batch_runner/stage28a_exact_trades.csv,liquidity_sweep_regime_v1,liq_asia_high_breakout_follow_h12_tp06_sl065,-10.709375,-11.759375,-12.459375,0,0,0,1,11.759375,382.7999999999993,105.97000000000025,0.29508351420212753,79.67000000000007,0.4089368645663348,25.710000000000036,45.57199999999993,0.92,1.0,,,12,2,3.0,2026
2026-03-12 12:00:00+00:00|1.0|liq_asia_high_breakout_follow_h12_tp06_sl065,2026-03-12 12:00:00+00:00,STAGE28A,data/reports/stage28a_discovery_factory_batch_runner/stage28a_exact_trades.csv,liquidity_sweep_regime_v1,liq_asia_high_breakout_follow_h12_tp06_sl065,-5.4303999999998265,-6.480399999999827,-7.1803999999998265,0,0,0,1,6.480399999999827,89.92000000000007,56.44999999999982,0.14508414526128655,54.350000000000364,0.7308187672493098,15.800000000000182,20.895500000000037,0.112,1.0,,,12,3,3.0,2026
2026-03-30 12:00:00+00:00|1.0|liq_asia_high_breakout_follow_h12_tp06_sl065,2026-03-30 12:00:00+00:00,STAGE28A,data/reports/stage28a_discovery_factory_batch_runner/stage28a_exact_trades.csv,liquidity_sweep_regime_v1,liq_asia_high_breakout_follow_h12_tp06_sl065,6.617499999999746,5.567499999999745,4.867499999999746,1,1,1,0,5.567499999999745,39.409999999999854,97.78999999999996,0.1155537376009836,64.01999999999953,0.5651358950328109,14.860000000000582,37.560499999999955,0.588,1.0,,,12,0,3.0,2026
2026-04-01 12:00:00+00:00|1.0|liq_asia_high_breakout_follow_h12_tp06_sl065,2026-04-01 12:00:00+00:00,STAGE28A,data/reports/stage28a_discovery_factory_batch_runner/stage28a_exact_trades.csv,liquidity_sweep_regime_v1,liq_asia_high_breakout_follow_h12_tp06_sl065,8.466100000000006,7.416100000000005,6.716100000000006,1,1,1,0,7.416100000000005,204.27000000000044,62.159999999999854,0.011904761904773053,80.67000000000007,0.5141936283624697,30.13000000000011,30.119500000000063,0.196,1.0,,,12,2,4.0,2026
2026-04-06 12:00:00+00:00|1.0|liq_asia_high_breakout_follow_h12_tp06_sl065,2026-04-06 12:00:00+00:00,STAGE28A,data/reports/stage28a_discovery_factory_batch_runner/stage28a_exact_trades.csv,liquidity_sweep_regime_v1,liq_asia_high_breakout_follow_h12_tp06_sl065,-8.253999999999541,-9.303999999999542,-10.00399999999954,0,0,0,1,9.303999999999542,51.22999999999956,70.59000000000015,0.08358124380224584,66.5,0.7993984962405993,16.539999999999964,32.66799999999989,0.264,1.0,,,12,0,4.0,2026
2026-04-07 12:00:00+00:00|1.0|liq_asia_high_breakout_follow_h12_tp06_sl065,2026-04-07 12:00:00+00:00,STAGE28A,data/reports/stage28a_discovery_factory_batch_runner/stage28a_exact_trades.csv,liquidity_sweep_regime_v1,liq_asia_high_breakout_follow_h12_tp06_sl065,7.495900000000256,6.445900000000256,5.7459000000002565,1,1,1,0,6.445900000000256,105.48999999999978,51.460000000000036,0.17061795569375532,71.22999999999956,0.3018391127334007,46.539999999999964,22.012999999999874,0.044,1.0,,,12,1,4.0,2026
2026-04-09 12:00:00+00:00|1.0|liq_asia_high_breakout_follow_h12_tp06_sl065,2026-04-09 12:00:00+00:00,STAGE28A,data/reports/stage28a_discovery_factory_batch_runner/stage28a_exact_trades.csv,liquidity_sweep_regime_v1,liq_asia_high_breakout_follow_h12_tp06_sl065,-8.147725000000355,-9.197725000000355,-9.897725000000356,0,0,0,1,9.197725000000355,154.54999999999927,33.960000000000036,0.176972909305071,29.56999999999971,0.5989178221170176,12.989999999999782,24.908000000000037,0.08,1.0,,,12,3,4.0,2026
2026-04-13 12:00:00+00:00|1.0|liq_asia_high_breakout_follow_h12_tp06_sl065,2026-04-13 12:00:00+00:00,STAGE28A,data/reports/stage28a_discovery_factory_batch_runner/stage28a_exact_trades.csv,liquidity_sweep_regime_v1,liq_asia_high_breakout_follow_h12_tp06_sl065,4.580800000000091,3.5308000000000903,2.8308000000000906,1,1,1,0,3.5308000000000903,49.659999999999854,83.46000000000004,0.7075245626647405,31.029999999999745,0.1111827263938368,18.13000000000011,23.236499999999932,0.232,1.0,,,12,0,4.0,2026
2026-04-14 12:00:00+00:00|1.0|liq_asia_high_breakout_follow_h12_tp06_sl065,2026-04-14 12:00:00+00:00,STAGE28A,data/reports/stage28a_discovery_factory_batch_runner/stage28a_exact_trades.csv,liquidity_sweep_regime_v1,liq_asia_high_breakout_follow_h12_tp06_sl065,-6.075524999999834,-7.1255249999998345,-7.825524999999834,0,0,0,1,7.1255249999998345,114.48000000000047,31.23999999999978,0.3117797695262436,37.72999999999956,0.2793532997614653,15.649999999999636,17.88549999999991,0.036,1.0,,,12,1,4.0,2026
2026-04-30 12:00:00+00:00|1.0|liq_asia_high_breakout_follow_h12_tp06_sl065,2026-04-30 12:00:00+00:00,STAGE28A,data/reports/stage28a_discovery_factory_batch_runner/stage28a_exact_trades.csv,liquidity_sweep_regime_v1,liq_asia_high_breakout_follow_h12_tp06_sl065,5.721399999999813,4.671399999999812,3.9713999999998126,1,1,1,0,4.671399999999812,99.84999999999945,43.11000000000058,0.09255393180235973,91.03999999999996,0.7621924428822534,32.399999999999636,21.205999999999722,0.848,1.0,,,12,3,4.0,2026
2026-05-05 12:00:00+00:00|1.0|liq_asia_high_breakout_follow_h12_tp06_sl065,2026-05-05 12:00:00+00:00,STAGE28A,data/reports/stage28a_discovery_factory_batch_runner/stage28a_exact_trades.csv,liquidity_sweep_regime_v1,liq_asia_high_breakout_follow_h12_tp06_sl065,-5.554874999999447,-6.604874999999447,-7.304874999999447,0,0,0,1,6.604874999999447,128.5099999999993,32.99000000000069,0.5216732343134185,32.52000000000044,0.6685116851168634,14.13000000000011,17.10599999999995,0.32,1.0,,,12,1,5.0,2026
2026-05-06 12:00:00+00:00|1.0|liq_asia_high_breakout_follow_h12_tp06_sl065,2026-05-06 12:00:00+00:00,STAGE28A,data/reports/stage28a_discovery_factory_batch_runner/stage28a_exact_trades.csv,liquidity_sweep_regime_v1,liq_asia_high_breakout_follow_h12_tp06_sl065,5.44780000000028,4.397800000000279,3.69780000000028,1,1,1,0,4.397800000000279,72.96000000000004,105.18000000000029,0.6700893706027788,65.11000000000058,0.8944862540316274,30.789999999999964,18.20449999999987,0.5,1.0,,,12,2,5.0,2026
2026-05-07 12:00:00+00:00|1.0|liq_asia_high_breakout_follow_h12_tp06_sl065,2026-05-07 12:00:00+00:00,STAGE28A,data/reports/stage28a_discovery_factory_batch_runner/stage28a_exact_trades.csv,liquidity_sweep_regime_v1,liq_asia_high_breakout_follow_h12_tp06_sl065,-6.854549999999653,-7.904549999999654,-8.604549999999653,0,0,0,1,7.904549999999654,176.60000000000036,35.909999999999854,0.12252854358116552,61.06999999999971,0.48747339119043176,22.650000000000546,17.736999999999945,0.384,1.0,,,12,3,5.0,2026
2026-05-29 12:00:00+00:00|1.0|liq_asia_high_breakout_follow_h12_tp06_sl065,2026-05-29 12:00:00+00:00,STAGE28A,data/reports/stage28a_discovery_factory_batch_runner/stage28a_exact_trades.csv,liquidity_sweep_regime_v1,liq_asia_high_breakout_follow_h12_tp06_sl065,-5.680974999999853,-6.730974999999853,-7.430974999999853,0,0,0,1,6.730974999999853,149.91000000000076,31.609999999999673,0.3144574501739862,38.23000000000047,0.7737379021710583,14.950000000000728,16.15900000000006,0.16,1.0,,,12,4,5.0,2026
2026-06-02 12:00:00+00:00|1.0|liq_asia_high_breakout_follow_h12_tp06_sl065,2026-06-02 12:00:00+00:00,STAGE28A,data/reports/stage28a_discovery_factory_batch_runner/stage28a_exact_trades.csv,liquidity_sweep_regime_v1,liq_asia_high_breakout_follow_h12_tp06_sl065,-4.88505000000041,-5.935050000000411,-6.63505000000041,0,0,0,1,5.935050000000411,98.14999999999964,36.25,0.3817931034482799,43.899999999999636,0.6999999999999958,13.13000000000011,17.06349999999993,0.428,1.0,,,12,1,6.0,2026
2022-05-04 15:00:00+00:00|-1.0|handoff_divergence_fade_h15_tp06_sl065,2022-05-04 15:00:00+00:00,STAGE28A,data/reports/stage28a_discovery_factory_batch_runner/stage28a_exact_trades.csv,session_handoff_imbalance_v1,handoff_divergence_fade_h15_tp06_sl065,-1.719224999999915,-2.769224999999915,-3.4692249999999145,0,0,0,0,2.769224999999915,27.660000000000082,7.819999999999936,0.5127877237851983,10.710000000000036,0.4836601307189585,3.990000000000009,3.6699999999999933,,-1.0,,,15,2,5.0,2022
2022-05-05 15:00:00+00:00|1.0|handoff_divergence_fade_h15_tp06_sl065,2022-05-05 15:00:00+00:00,STAGE28A,data/reports/stage28a_discovery_factory_batch_runner/stage28a_exact_trades.csv,session_handoff_imbalance_v1,handoff_divergence_fade_h15_tp06_sl065,1.3221999999999752,0.2721999999999753,-0.4278000000000244,1,0,1,0,0.2721999999999753,28.319999999999936,21.529999999999973,0.8569437993497477,12.660000000000082,0.2993680884676097,4.849999999999909,6.252000000000021,0.8260869565217391,1.0,,,15,3,5.0,2022
2022-05-06 15:00:00+00:00|-1.0|handoff_divergence_fade_h15_tp06_sl065,2022-05-06 15:00:00+00:00,STAGE28A,data/reports/stage28a_discovery_factory_batch_runner/stage28a_exact_trades.csv,session_handoff_imbalance_v1,handoff_divergence_fade_h15_tp06_sl065,-2.065349999999944,-3.115349999999944,-3.815349999999944,0,0,0,1,3.115349999999944,37.289999999999964,12.169999999999845,0.08299096138044403,11.659999999999854,0.5385934819897128,4.25,4.406999999999982,0.10752688172043011,-1.0,,,15,4,5.0,2022
2022-05-10 15:00:00+00:00|1.0|handoff_divergence_fade_h15_tp06_sl065,2022-05-10 15:00:00+00:00,STAGE28A,data/reports/stage28a_discovery_factory_batch_runner/stage28a_exact_trades.csv,session_handoff_imbalance_v1,handoff_divergence_fade_h15_tp06_sl065,-1.9464000000001307,-2.9964000000001305,-3.69640000000013,0,0,0,0,2.9964000000001305,34.0,12.160000000000082,0.9555921052631612,7.910000000000082,0.8520859671302072,7.119999999999891,4.4515000000000216,0.09219858156028368,1.0,,,15,1,5.0,2022
2022-05-11 15:00:00+00:00|-1.0|handoff_divergence_fade_h15_tp06_sl065,2022-05-11 15:00:00+00:00,STAGE28A,data/reports/stage28a_discovery_factory_batch_runner/stage28a_exact_trades.csv,session_handoff_imbalance_v1,handoff_divergence_fade_h15_tp06_sl065,-2.018224999999893,-3.068224999999893,-3.7682249999998927,0,0,0,1,3.068224999999893,29.940000000000055,8.169999999999845,0.2643818849449355,18.360000000000127,0.8687363834422622,4.029999999999973,4.826999999999998,0.15151515151515152,-1.0,,,15,2,5.0,2022
2022-05-12 15:00:00+00:00|1.0|handoff_divergence_fade_h15_tp06_sl065,2022-05-12 15:00:00+00:00,STAGE28A,data/reports/stage28a_discovery_factory_batch_runner/stage28a_exact_trades.csv,session_handoff_imbalance_v1,handoff_divergence_fade_h15_tp06_sl065,-2.689674999999943,-3.739674999999943,-4.439674999999943,0,0,0,1,3.739674999999943,25.949999999999818,7.819999999999936,0.054987212276194346,10.240000000000009,0.4843750000000031,8.269999999999982,4.973499999999978,0.1693121693121693,1.0,,,15,3,5.0,2022
2022-05-13 15:00:00+00:00|1.0|handoff_divergence_fade_h15_tp06_sl065,2022-05-13 15:00:00+00:00,STAGE28A,data/reports/stage28a_discovery_factory_batch_runner/stage28a_exact_trades.csv,session_handoff_imbalance_v1,handoff_divergence_fade_h15_tp06_sl065,-2.145949999999948,-3.195949999999948,-3.895949999999948,0,0,0,1,3.195949999999948,39.69999999999982,16.579999999999927,0.3455971049457203,8.480000000000018,0.22287735849057735,7.5499999999999545,5.098999999999978,0.2112676056338028,1.0,,,15,4,5.0,2022
2022-05-17 15:00:00+00:00|-1.0|handoff_divergence_fade_h15_tp06_sl065,2022-05-17 15:00:00+00:00,STAGE28A,data/reports/stage28a_discovery_factory_batch_runner/stage28a_exact_trades.csv,session_handoff_imbalance_v1,handoff_divergence_fade_h15_tp06_sl065,1.219300000000112,0.1693000000001121,-0.5306999999998876,1,0,1,0,0.1693000000001121,40.070000000000164,7.480000000000018,0.24064171122993985,7.629999999999882,0.7404980340760391,9.400000000000091,4.745000000000016,0.096,-1.0,,,15,1,5.0,2022
2022-05-18 15:00:00+00:00|-1.0|handoff_divergence_fade_h15_tp06_sl065,2022-05-18 15:00:00+00:00,STAGE28A,data/reports/stage28a_discovery_factory_batch_runner/stage28a_exact_trades.csv,session_handoff_imbalance_v1,handoff_divergence_fade_h15_tp06_sl065,-1.9792249999999056,-3.0292249999999057,-3.7292249999999054,0,0,0,0,3.0292249999999057,23.24000000000001,9.519999999999982,0.6102941176470542,12.180000000000064,0.9014778325123121,9.860000000000127,4.2970000000000255,0.048,-1.0,,,15,2,5.0,2022
2022-05-19 15:00:00+00:00|-1.0|handoff_divergence_fade_h15_tp06_sl065,2022-05-19 15:00:00+00:00,STAGE28A,data/reports/stage28a_discovery_factory_batch_runner/stage28a_exact_trades.csv,session_handoff_imbalance_v1,handoff_divergence_fade_h15_tp06_sl065,-2.507024999999976,-3.557024999999976,-4.257024999999976,0,0,0,1,3.557024999999976,17.430000000000064,3.7799999999999727,0.27777777777776774,19.279999999999973,0.7012448132780084,4.2999999999999545,3.9579999999999815,0.008,-1.0,,,15,3,5.0,2022
2022-05-20 15:00:00+00:00|-1.0|handoff_divergence_fade_h15_tp06_sl065,2022-05-20 15:00:00+00:00,STAGE28A,data/reports/stage28a_discovery_factory_batch_runner/stage28a_exact_trades.csv,session_handoff_imbalance_v1,handoff_divergence_fade_h15_tp06_sl065,1.1143000000000938,0.0643000000000939,-0.6356999999999058,1,0,0,0,0.0643000000000939,38.1400000000001,8.070000000000164,0.034696406443614256,8.430000000000064,0.6370106761565928,5.629999999999882,3.496500000000026,0.004,-1.0,,,15,4,5.0,2022
2022-05-30 15:00:00+00:00|1.0|handoff_divergence_fade_h15_tp06_sl065,2022-05-30 15:00:00+00:00,STAGE28A,data/reports/stage28a_discovery_factory_batch_runner/stage28a_exact_trades.csv,session_handoff_imbalance_v1,handoff_divergence_fade_h15_tp06_sl065,0.607300000000032,-0.4426999999999679,-1.1426999999999676,0,0,0,0,0.4426999999999679,3.0699999999999363,12.720000000000027,0.7641509433962269,7.75,0.30967741935485044,2.240000000000009,3.3010000000000104,0.012,1.0,,,15,0,5.0,2022
2022-05-31 15:00:00+00:00|-1.0|handoff_divergence_fade_h15_tp06_sl065,2022-05-31 15:00:00+00:00,STAGE28A,data/reports/stage28a_discovery_factory_batch_runner/stage28a_exact_trades.csv,session_handoff_imbalance_v1,handoff_divergence_fade_h15_tp06_sl065,1.0803999999999632,0.0303999999999633,-0.6696000000000364,1,0,0,0,0.0303999999999633,15.839999999999918,10.900000000000091,0.19633027522936533,8.049999999999955,0.2534161490683199,6.130000000000109,3.396500000000003,0.052,-1.0,,,15,1,5.0,2022
2022-06-02 15:00:00+00:00|-1.0|handoff_divergence_fade_h15_tp06_sl065,2022-06-02 15:00:00+00:00,STAGE28A,data/reports/stage28a_discovery_factory_batch_runner/stage28a_exact_trades.csv,session_handoff_imbalance_v1,handoff_divergence_fade_h15_tp06_sl065,-1.392275000000018,-2.4422750000000177,-3.142275000000017,0,0,0,0,2.4422750000000177,21.49000000000001,4.849999999999909,0.4659793814433058,10.8599999999999,0.8508287292817767,1.8099999999999454,2.871999999999969,0.004,-1.0,,,15,3,6.0,2022
2022-06-06 15:00:00+00:00|1.0|handoff_divergence_fade_h15_tp06_sl065,2022-06-06 15:00:00+00:00,STAGE28A,data/reports/stage28a_discovery_factory_batch_runner/stage28a_exact_trades.csv,session_handoff_imbalance_v1,handoff_divergence_fade_h15_tp06_sl065,-1.55575000000008,-2.60575000000008,-3.30575000000008,0,0,0,0,2.60575000000008,2.599999999999909,6.670000000000073,0.599700149925031,5.759999999999991,0.37326388888890527,2.339999999999918,2.766499999999985,0.016,1.0,,,15,0,6.0,2022
2022-06-07 15:00:00+00:00|-1.0|handoff_divergence_fade_h15_tp06_sl065,2022-06-07 15:00:00+00:00,STAGE28A,data/reports/stage28a_discovery_factory_batch_runner/stage28a_exact_trades.csv,session_handoff_imbalance_v1,handoff_divergence_fade_h15_tp06_sl065,0.9003999999998996,-0.1496000000001003,-0.8496000000001,0,0,0,0,0.1496000000001003,17.180000000000064,5.460000000000036,0.2655677655677721,10.450000000000045,0.6842105263157952,3.8300000000001546,3.343999999999994,0.164,-1.0,,,15,1,6.0,2022
2022-06-08 15:00:00+00:00|-1.0|handoff_divergence_fade_h15_tp06_sl065,2022-06-08 15:00:00+00:00,STAGE28A,data/reports/stage28a_discovery_factory_batch_runner/stage28a_exact_trades.csv,session_handoff_imbalance_v1,handoff_divergence_fade_h15_tp06_sl065,-1.538525000000027,-2.588525000000027,-3.2885250000000266,0,0,0,0,2.588525000000027,18.480000000000018,7.009999999999991,0.8359486447931395,5.5,0.49818181818181984,4.6099999999999,3.0010000000000447,0.048,-1.0,,,15,2,6.0,2022
2022-06-09 15:00:00+00:00|1.0|handoff_divergence_fade_h15_tp06_sl065,2022-06-09 15:00:00+00:00,STAGE28A,data/reports/stage28a_discovery_factory_batch_runner/stage28a_exact_trades.csv,session_handoff_imbalance_v1,handoff_divergence_fade_h15_tp06_sl065,-1.664300000000003,-2.714300000000003,-3.4143000000000026,0,0,0,0,2.714300000000003,15.110000000000127,4.420000000000073,0.27149321266968907,7.669999999999845,0.7679269882659702,5.230000000000018,2.8399999999999976,0.024,1.0,,,15,3,6.0,2022
2022-06-16 15:00:00+00:00|-1.0|handoff_divergence_fade_h15_tp06_sl065,2022-06-16 15:00:00+00:00,STAGE28A,data/reports/stage28a_discovery_factory_batch_runner/stage28a_exact_trades.csv,session_handoff_imbalance_v1,handoff_divergence_fade_h15_tp06_sl065,2.164599999999973,1.1145999999999732,0.4145999999999734,1,1,1,0,1.1145999999999732,34.37999999999988,6.600000000000136,0.1181818181818116,9.560000000000173,0.2834728033472552,8.049999999999955,6.154500000000018,0.828,-1.0,,,15,3,6.0,2022
2022-06-17 15:00:00+00:00|-1.0|handoff_divergence_fade_h15_tp06_sl065,2022-06-17 15:00:00+00:00,STAGE28A,data/reports/stage28a_discovery_factory_batch_runner/stage28a_exact_trades.csv,session_handoff_imbalance_v1,handoff_divergence_fade_h15_tp06_sl065,1.0510000000000672,0.0010000000000673,-0.6989999999999323,1,0,0,0,0.0010000000000673,42.25999999999999,14.240000000000009,0.599016853932582,10.61999999999989,0.542372881355937,4.070000000000164,4.165499999999997,0.488,-1.0,,,15,4,6.0,2022
2022-06-20 15:00:00+00:00|1.0|handoff_divergence_fade_h15_tp06_sl065,2022-06-20 15:00:00+00:00,STAGE28A,data/reports/stage28a_discovery_factory_batch_runner/stage28a_exact_trades.csv,session_handoff_imbalance_v1,handoff_divergence_fade_h15_tp06_sl065,-1.6434999999999946,-2.6934999999999945,-3.393499999999994,0,0,0,0,2.6934999999999945,5.519999999999982,11.340000000000146,0.43033509700176775,6.120000000000118,0.5065359477124308,2.25,3.888499999999999,0.376,1.0,,,15,0,6.0,2022
2022-06-21 15:00:00+00:00|1.0|handoff_divergence_fade_h15_tp06_sl065,2022-06-21 15:00:00+00:00,STAGE28A,data/reports/stage28a_discovery_factory_batch_runner/stage28a_exact_trades.csv,session_handoff_imbalance_v1,handoff_divergence_fade_h15_tp06_sl065,0.9985000000000582,-0.0514999999999417,-0.7514999999999414,0,0,0,0,0.0514999999999417,11.340000000000146,5.1400000000001,0.4299610894941621,8.159999999999854,0.3566176470588399,4.160000000000082,3.0665000000000076,0.1,1.0,,,15,1,6.0,2022
2022-06-23 15:00:00+00:00|-1.0|handoff_divergence_fade_h15_tp06_sl065,2022-06-23 15:00:00+00:00,STAGE28A,data/reports/stage28a_discovery_factory_batch_runner/stage28a_exact_trades.csv,session_handoff_imbalance_v1,handoff_divergence_fade_h15_tp06_sl065,1.1116000000000894,0.0616000000000895,-0.6383999999999102,1,0,0,0,0.0616000000000895,24.480000000000018,6.289999999999964,0.782193958664563,7.670000000000073,0.10299869621902948,5.9099999999998545,3.312999999999988,0.132,-1.0,,,15,3,6.0,2022
2022-06-29 15:00:00+00:00|1.0|handoff_divergence_fade_h15_tp06_sl065,2022-06-29 15:00:00+00:00,STAGE28A,data/reports/stage28a_discovery_factory_batch_runner/stage28a_exact_trades.csv,session_handoff_imbalance_v1,handoff_divergence_fade_h15_tp06_sl065,-1.916825000000108,-2.966825000000108,-3.666825000000108,0,0,0,0,2.966825000000108,11.039999999999964,4.660000000000082,0.22532188841200346,10.309999999999945,0.5819592628516035,3.310000000000173,3.1520000000000095,0.12,1.0,,,15,2,6.0,2022
2022-07-04 15:00:00+00:00|1.0|handoff_divergence_fade_h15_tp06_sl065,2022-07-04 15:00:00+00:00,STAGE28A,data/reports/stage28a_discovery_factory_batch_runner/stage28a_exact_trades.csv,session_handoff_imbalance_v1,handoff_divergence_fade_h15_tp06_sl065,-1.4871750000000703,-2.53717500000007,-3.23717500000007,0,0,0,0,2.53717500000007,2.3299999999999272,8.740000000000009,0.16819221967963682,8.240000000000009,0.6844660194174871,3.75,3.7895000000000096,0.308,1.0,,,15,0,7.0,2022
2022-07-05 15:00:00+00:00|1.0|handoff_divergence_fade_h15_tp06_sl065,2022-07-05 15:00:00+00:00,STAGE28A,data/reports/stage28a_discovery_factory_batch_runner/stage28a_exact_trades.csv,session_handoff_imbalance_v1,handoff_divergence_fade_h15_tp06_sl065,-1.7907249999999295,-2.8407249999999293,-3.540724999999929,0,0,0,0,2.8407249999999293,10.349999999999909,5.660000000000082,0.3021201413427582,11.75,0.6289361702127745,5.240000000000009,2.956499999999994,0.12,1.0,,,15,1,7.0,2022
2022-07-06 15:00:00+00:00|1.0|handoff_divergence_fade_h15_tp06_sl065,2022-07-06 15:00:00+00:00,STAGE28A,data/reports/stage28a_discovery_factory_batch_runner/stage28a_exact_trades.csv,session_handoff_imbalance_v1,handoff_divergence_fade_h15_tp06_sl065,1.1934999999999945,0.1434999999999946,-0.5565000000000051,1,0,0,0,0.1434999999999946,48.25,7.059999999999945,0.1713881019830093,8.720000000000027,0.6135321100917569,3.019999999999982,3.868999999999983,0.332,1.0,,,15,2,7.0,2022
2022-07-07 15:00:00+00:00|1.0|handoff_divergence_fade_h15_tp06_sl065,2022-07-07 15:00:00+00:00,STAGE28A,data/reports/stage28a_discovery_factory_batch_runner/stage28a_exact_trades.csv,session_handoff_imbalance_v1,handoff_divergence_fade_h15_tp06_sl065,0.9784000000001016,-0.0715999999998984,-0.7715999999998981,0,0,0,0,0.0715999999998984,40.66000000000008,10.450000000000045,0.6411483253588532,7.569999999999936,0.33685601056802855,2.7899999999999636,3.9789999999999734,0.364,1.0,,,15,3,7.0,2022
2022-07-08 15:00:00+00:00|1.0|handoff_divergence_fade_h15_tp06_sl065,2022-07-08 15:00:00+00:00,STAGE28A,data/reports/stage28a_discovery_factory_batch_runner/stage28a_exact_trades.csv,session_handoff_imbalance_v1,handoff_divergence_fade_h15_tp06_sl065,-2.507999999999902,-3.5579999999999017,-4.257999999999901,0,0,0,1,3.5579999999999017,12.600000000000136,7.740000000000009,0.34625322997413865,10.710000000000036,0.3725490196078427,3.0,3.6824999999999704,0.284,1.0,,,15,4,7.0,2022
2022-07-12 15:00:00+00:00|-1.0|handoff_divergence_fade_h15_tp06_sl065,2022-07-12 15:00:00+00:00,STAGE28A,data/reports/stage28a_discovery_factory_batch_runner/stage28a_exact_trades.csv,session_handoff_imbalance_v1,handoff_divergence_fade_h15_tp06_sl065,1.1968000000000756,0.1468000000000757,-0.553199999999924,1,0,0,0,0.1468000000000757,13.3599999999999,21.100000000000136,0.008056872037918088,13.6099999999999,0.11535635562086317,7.220000000000027,4.730500000000006,0.636,-1.0,,,15,1,7.0,2022
2022-07-20 15:00:00+00:00|1.0|handoff_divergence_fade_h15_tp06_sl065,2022-07-20 15:00:00+00:00,STAGE28A,data/reports/stage28a_discovery_factory_batch_runner/stage28a_exact_trades.csv,session_handoff_imbalance_v1,handoff_divergence_fade_h15_tp06_sl065,0.8358999999999469,-0.214100000000053,-0.9141000000000528,0,0,0,0,0.214100000000053,13.169999999999845,3.900000000000091,0.02307692307690155,7.980000000000018,0.08771929824561954,2.6399999999998727,2.9040000000000306,0.012,1.0,,,15,2,7.0,2022
2022-07-22 15:00:00+00:00|-1.0|handoff_divergence_fade_h15_tp06_sl065,2022-07-22 15:00:00+00:00,STAGE28A,data/reports/stage28a_discovery_factory_batch_runner/stage28a_exact_trades.csv,session_handoff_imbalance_v1,handoff_divergence_fade_h15_tp06_sl065,-2.017249999999968,-3.067249999999967,-3.767249999999967,0,0,0,1,3.067249999999967,39.34999999999991,6.4500000000000455,0.5581395348837029,12.649999999999864,0.8426877470355887,8.200000000000045,3.515000000000009,0.184,-1.0,,,15,4,7.0,2022
2022-07-26 15:00:00+00:00|1.0|handoff_divergence_fade_h15_tp06_sl065,2022-07-26 15:00:00+00:00,STAGE28A,data/reports/stage28a_discovery_factory_batch_runner/stage28a_exact_trades.csv,session_handoff_imbalance_v1,handoff_divergence_fade_h15_tp06_sl065,-1.570700000000079,-2.620700000000079,-3.3207000000000786,0,0,0,0,2.620700000000079,21.460000000000036,10.149999999999864,0.5320197044335137,8.980000000000018,0.4432071269487762,3.2899999999999636,3.3039999999999963,0.104,1.0,,,15,1,7.0,2022
2022-07-27 15:00:00+00:00|-1.0|handoff_divergence_fade_h15_tp06_sl065,2022-07-27 15:00:00+00:00,STAGE28A,data/reports/stage28a_discovery_factory_batch_runner/stage28a_exact_trades.csv,session_handoff_imbalance_v1,handoff_divergence_fade_h15_tp06_sl065,0.7459000000000288,-0.3040999999999711,-1.004099999999971,0,0,0,0,0.3040999999999711,14.579999999999927,4.2999999999999545,0.34883720930232925,11.460000000000036,0.47382198952878,2.740000000000009,2.752999999999986,0.004,-1.0,,,15,2,7.0,2022
2022-08-01 15:00:00+00:00|-1.0|handoff_divergence_fade_h15_tp06_sl065,2022-08-01 15:00:00+00:00,STAGE28A,data/reports/stage28a_discovery_factory_batch_runner/stage28a_exact_trades.csv,session_handoff_imbalance_v1,handoff_divergence_fade_h15_tp06_sl065,0.9987999999999828,-0.051200000000017,-0.7512000000000167,0,0,0,0,0.051200000000017,2.3300000000001546,5.310000000000173,0.20527306967982725,15.36999999999989,0.7391021470396865,2.2100000000000364,3.8005000000000337,0.34,-1.0,,,15,0,8.0,2022
2022-08-02 15:00:00+00:00|1.0|handoff_divergence_fade_h15_tp06_sl065,2022-08-02 15:00:00+00:00,STAGE28A,data/reports/stage28a_discovery_factory_batch_runner/stage28a_exact_trades.csv,session_handoff_imbalance_v1,handoff_divergence_fade_h15_tp06_sl065,0.9363999999999578,-0.1136000000000421,-0.8136000000000418,0,0,0,0,0.1136000000000421,16.699999999999818,9.649999999999864,0.30880829015544664,7.150000000000091,0.008391608391600653,6.25,3.680000000000007,0.284,1.0,,,15,1,8.0,2022
2022-08-03 15:00:00+00:00|1.0|handoff_divergence_fade_h15_tp06_sl065,2022-08-03 15:00:00+00:00,STAGE28A,data/reports/stage28a_discovery_factory_batch_runner/stage28a_exact_trades.csv,session_handoff_imbalance_v1,handoff_divergence_fade_h15_tp06_sl065,-1.7939749999999095,-2.8439749999999093,-3.543974999999909,0,0,0,0,2.8439749999999093,28.529999999999973,14.2800000000002,0.6435574229691825,6.519999999999982,0.4647239263803652,4.130000000000109,4.625500000000022,0.604,1.0,,,15,2,8.0,2022
2022-08-05 15:00:00+00:00|1.0|handoff_divergence_fade_h15_tp06_sl065,2022-08-05 15:00:00+00:00,STAGE28A,data/reports/stage28a_discovery_factory_batch_runner/stage28a_exact_trades.csv,session_handoff_imbalance_v1,handoff_divergence_fade_h15_tp06_sl065,-1.611649999999918,-2.6616499999999177,-3.361649999999917,0,0,0,0,2.6616499999999177,31.680000000000064,6.100000000000136,0.19180327868853222,7.569999999999936,0.7384412153236414,4.579999999999927,3.284000000000037,0.044,1.0,,,15,4,8.0,2022
2022-08-08 15:00:00+00:00|-1.0|handoff_divergence_fade_h15_tp06_sl065,2022-08-08 15:00:00+00:00,STAGE28A,data/reports/stage28a_discovery_factory_batch_runner/stage28a_exact_trades.csv,session_handoff_imbalance_v1,handoff_divergence_fade_h15_tp06_sl065,-1.512849999999935,-2.562849999999935,-3.2628499999999345,0,0,0,0,2.562849999999935,4.460000000000036,4.879999999999882,0.0860655737705088,7.879999999999882,0.5418781725888383,3.4700000000000273,3.2324999999999817,0.044,-1.0,,,15,0,8.0,2022
2022-08-09 15:00:00+00:00|-1.0|handoff_divergence_fade_h15_tp06_sl065,2022-08-09 15:00:00+00:00,STAGE28A,data/reports/stage28a_discovery_factory_batch_runner/stage28a_exact_trades.csv,session_handoff_imbalance_v1,handoff_divergence_fade_h15_tp06_sl065,1.071100000000024,0.0211000000000241,-0.6788999999999756,1,0,0,0,0.0211000000000241,19.449999999999818,7.440000000000055,0.3360215053763416,9.8599999999999,0.5324543610547722,3.230000000000018,3.1270000000000095,0.028,-1.0,,,15,1,8.0,2022
2022-08-10 15:00:00+00:00|-1.0|handoff_divergence_fade_h15_tp06_sl065,2022-08-10 15:00:00+00:00,STAGE28A,data/reports/stage28a_discovery_factory_batch_runner/stage28a_exact_trades.csv,session_handoff_imbalance_v1,handoff_divergence_fade_h15_tp06_sl065,0.6697000000000571,-0.3802999999999428,-1.0802999999999423,0,0,0,0,0.3802999999999428,17.15000000000009,4.0,0.5999999999999659,7.539999999999964,0.3859416445623168,3.7899999999999636,2.5439999999999827,0.004,-1.0,,,15,2,8.0,2022
2022-08-11 15:00:00+00:00|-1.0|handoff_divergence_fade_h15_tp06_sl065,2022-08-11 15:00:00+00:00,STAGE28A,data/reports/stage28a_discovery_factory_batch_runner/stage28a_exact_trades.csv,session_handoff_imbalance_v1,handoff_divergence_fade_h15_tp06_sl065,0.7393000000000939,-0.310699999999906,-1.0106999999999058,0,0,0,0,0.310699999999906,20.269999999999982,8.3900000000001,0.6376638855780506,6.789999999999964,0.6465390279823117,4.430000000000064,3.1120000000000116,0.032,-1.0,,,15,3,8.0,2022
2022-08-12 15:00:00+00:00|1.0|handoff_divergence_fade_h15_tp06_sl065,2022-08-12 15:00:00+00:00,STAGE28A,data/reports/stage28a_discovery_factory_batch_runner/stage28a_exact_trades.csv,session_handoff_imbalance_v1,handoff_divergence_fade_h15_tp06_sl065,-1.8209499999999024,-2.8709499999999024,-3.570949999999902,0,0,0,0,2.8709499999999024,15.679999999999836,5.190000000000055,0.6358381502890019,8.059999999999945,0.440446650124095,4.75,3.141999999999996,0.04,1.0,,,15,4,8.0,2022
2022-08-16 15:00:00+00:00|1.0|handoff_divergence_fade_h15_tp06_sl065,2022-08-16 15:00:00+00:00,STAGE28A,data/reports/stage28a_discovery_factory_batch_runner/stage28a_exact_trades.csv,session_handoff_imbalance_v1,handoff_divergence_fade_h15_tp06_sl065,-1.639600000000064,-2.689600000000064,-3.389600000000064,0,0,0,0,2.689600000000064,29.309999999999945,6.2999999999999545,0.46190476190477825,8.120000000000118,0.6896551724137998,2.449999999999818,2.6149999999999975,0.008,1.0,,,15,1,8.0,2022
2022-08-17 15:00:00+00:00|1.0|handoff_divergence_fade_h15_tp06_sl065,2022-08-17 15:00:00+00:00,STAGE28A,data/reports/stage28a_discovery_factory_batch_runner/stage28a_exact_trades.csv,session_handoff_imbalance_v1,handoff_divergence_fade_h15_tp06_sl065,0.8488000000001193,-0.2011999999998805,-0.9011999999998804,0,0,0,0,0.2011999999998805,11.660000000000082,3.1499999999998636,0.17777777777776815,10.319999999999936,0.22093023255813826,5.400000000000091,2.8339999999999916,0.044,1.0,,,15,2,8.0,2022
2022-08-24 15:00:00+00:00|-1.0|handoff_divergence_fade_h15_tp06_sl065,2022-08-24 15:00:00+00:00,STAGE28A,data/reports/stage28a_discovery_factory_batch_runner/stage28a_exact_trades.csv,session_handoff_imbalance_v1,handoff_divergence_fade_h15_tp06_sl065,-1.7185749999999644,-2.7685749999999643,-3.468574999999964,0,0,0,0,2.7685749999999643,23.309999999999945,3.979999999999791,0.36934673366836795,9.430000000000064,0.3955461293743365,3.3600000000001273,2.8519999999999754,0.052,-1.0,,,15,2,8.0,2022
2022-08-26 15:00:00+00:00|1.0|handoff_divergence_fade_h15_tp06_sl065,2022-08-26 15:00:00+00:00,STAGE28A,data/reports/stage28a_discovery_factory_batch_runner/stage28a_exact_trades.csv,session_handoff_imbalance_v1,handoff_divergence_fade_h15_tp06_sl065,-1.5661499999999706,-2.6161499999999704,-3.31614999999997,0,0,0,0,2.6161499999999704,15.519999999999982,6.579999999999927,0.03647416413374039,9.5,0.804210526315776,3.5599999999999454,2.776499999999942,0.028,1.0,,,15,4,8.0,2022
2022-08-31 15:00:00+00:00|1.0|handoff_divergence_fade_h15_tp06_sl065,2022-08-31 15:00:00+00:00,STAGE28A,data/reports/stage28a_discovery_factory_batch_runner/stage28a_exact_trades.csv,session_handoff_imbalance_v1,handoff_divergence_fade_h15_tp06_sl065,1.100800000000072,0.0508000000000721,-0.6491999999999276,1,0,0,0,0.0508000000000721,19.339999999999918,3.8899999999998727,0.26478149100257237,15.8599999999999,0.8209331651954643,5.8900000000001,2.98449999999998,0.096,1.0,,,15,2,8.0,2022
2022-09-05 15:00:00+00:00|1.0|handoff_divergence_fade_h15_tp06_sl065,2022-09-05 15:00:00+00:00,STAGE28A,data/reports/stage28a_discovery_factory_batch_runner/stage28a_exact_trades.csv,session_handoff_imbalance_v1,handoff_divergence_fade_h15_tp06_sl065,0.6178000000001248,-0.4321999999998751,-1.1321999999998749,0,0,0,0,0.4321999999998751,1.9400000000000546,5.160000000000082,0.354651162790722,6.2999999999999545,0.3365079365079216,3.1100000000001273,3.231000000000017,0.156,1.0,,,15,0,9.0,2022
2022-09-06 15:00:00+00:00|1.0|handoff_divergence_fade_h15_tp06_sl065,2022-09-06 15:00:00+00:00,STAGE28A,data/reports/stage28a_discovery_factory_batch_runner/stage28a_exact_trades.csv,session_handoff_imbalance_v1,handoff_divergence_fade_h15_tp06_sl065,0.6780999999999949,-0.371900000000005,-1.0719000000000047,0,0,0,0,0.371900000000005,8.049999999999955,16.909999999999854,0.2950916617386193,9.699999999999818,0.6608247422680621,2.910000000000082,3.6134999999999877,0.448,1.0,,,15,1,9.0,2022
2022-09-07 15:00:00+00:00|-1.0|handoff_divergence_fade_h15_tp06_sl065,2022-09-07 15:00:00+00:00,STAGE28A,data/reports/stage28a_discovery_factory_batch_runner/stage28a_exact_trades.csv,session_handoff_imbalance_v1,handoff_divergence_fade_h15_tp06_sl065,-1.738400000000047,-2.788400000000047,-3.4884000000000466,0,0,0,0,2.788400000000047,26.909999999999854,11.450000000000045,0.618340611353703,15.829999999999927,0.8597599494630425,3.980000000000018,3.9730000000000247,0.62,-1.0,,,15,2,9.0,2022
2022-09-08 15:00:00+00:00|-1.0|handoff_divergence_fade_h15_tp06_sl065,2022-09-08 15:00:00+00:00,STAGE28A,data/reports/stage28a_discovery_factory_batch_runner/stage28a_exact_trades.csv,session_handoff_imbalance_v1,handoff_divergence_fade_h15_tp06_sl065,-1.9067499999999653,-2.9567499999999654,-3.656749999999965,0,0,0,0,2.9567499999999654,28.09999999999991,5.789999999999964,0.6269430051813699,8.8900000000001,0.6850393700787488,5.660000000000082,3.4610000000000127,0.316,-1.0,,,15,3,9.0,2022
2022-09-12 15:00:00+00:00|-1.0|handoff_divergence_fade_h15_tp06_sl065,2022-09-12 15:00:00+00:00,STAGE28A,data/reports/stage28a_discovery_factory_batch_runner/stage28a_exact_trades.csv,session_handoff_imbalance_v1,handoff_divergence_fade_h15_tp06_sl065,0.9913000000000466,-0.0586999999999533,-0.7586999999999531,0,0,0,0,0.0586999999999533,3.480000000000018,7.889999999999873,0.7553865652725137,15.549999999999955,0.7491961414790931,3.8900000000001,3.5684999999999834,0.252,-1.0,,,15,0,9.0,2022
2022-09-13 15:00:00+00:00|-1.0|handoff_divergence_fade_h15_tp06_sl065,2022-09-13 15:00:00+00:00,STAGE28A,data/reports/stage28a_discovery_factory_batch_runner/stage28a_exact_trades.csv,session_handoff_imbalance_v1,handoff_divergence_fade_h15_tp06_sl065,-1.5375500000001012,-2.587550000000101,-3.287550000000101,0,0,0,0,2.587550000000101,23.170000000000073,6.830000000000155,0.5710102489019038,8.160000000000082,0.6580882352940977,3.2100000000000364,3.1115000000000124,0.096,-1.0,,,15,1,9.0,2022
2022-09-14 15:00:00+00:00|-1.0|handoff_divergence_fade_h15_tp06_sl065,2022-09-14 15:00:00+00:00,STAGE28A,data/reports/stage28a_discovery_factory_batch_runner/stage28a_exact_trades.csv,session_handoff_imbalance_v1,handoff_divergence_fade_h15_tp06_sl065,0.8644000000000688,-0.1855999999999311,-0.8855999999999309,0,0,0,0,0.1855999999999311,34.73000000000002,6.289999999999964,0.25119236883941753,7.259999999999991,0.6170798898071658,3.9400000000000546,3.3155000000000427,0.152,-1.0,,,15,2,9.0,2022
2022-09-16 15:00:00+00:00|1.0|handoff_divergence_fade_h15_tp06_sl065,2022-09-16 15:00:00+00:00,STAGE28A,data/reports/stage28a_discovery_factory_batch_runner/stage28a_exact_trades.csv,session_handoff_imbalance_v1,handoff_divergence_fade_h15_tp06_sl065,-2.294150000000036,-3.344150000000036,-4.044150000000036,0,0,0,1,3.344150000000036,37.899999999999864,6.4500000000000455,0.26976744186046464,12.11999999999989,0.3902640264026453,4.239999999999782,4.214999999999963,0.628,1.0,,,15,4,9.0,2022
2022-09-20 15:00:00+00:00|1.0|handoff_divergence_fade_h15_tp06_sl065,2022-09-20 15:00:00+00:00,STAGE28A,data/reports/stage28a_discovery_factory_batch_runner/stage28a_exact_trades.csv,session_handoff_imbalance_v1,handoff_divergence_fade_h15_tp06_sl065,-1.7780499999999848,-2.8280499999999846,-3.5280499999999844,0,0,0,0,2.8280499999999846,20.230000000000018,6.029999999999973,0.2338308457711212,10.629999999999882,0.8701787394167547,3.8099999999999454,3.0044999999999957,0.004,1.0,,,15,1,9.0,2022
2022-09-21 15:00:00+00:00|-1.0|handoff_divergence_fade_h15_tp06_sl065,2022-09-21 15:00:00+00:00,STAGE28A,data/reports/stage28a_discovery_factory_batch_runner/stage28a_exact_trades.csv,session_handoff_imbalance_v1,handoff_divergence_fade_h15_tp06_sl065,0.7188999999999851,-0.3311000000000148,-1.0311000000000146,0,0,0,0,0.3311000000000148,19.49000000000001,4.599999999999909,0.31304347826083817,14.440000000000055,0.6606648199445934,4.429999999999836,3.192500000000018,0.048,-1.0,,,15,2,9.0,2022
2022-09-22 15:00:00+00:00|-1.0|handoff_divergence_fade_h15_tp06_sl065,2022-09-22 15:00:00+00:00,STAGE28A,data/reports/stage28a_discovery_factory_batch_runner/stage28a_exact_trades.csv,session_handoff_imbalance_v1,handoff_divergence_fade_h15_tp06_sl065,2.1922000000000934,1.1422000000000936,0.4422000000000938,1,1,1,0,1.1422000000000936,34.13999999999987,16.600000000000136,0.6379518072289055,22.539999999999964,0.2666370896184561,8.0,7.715499999999975,1.0,-1.0,,,15,3,9.0,2022
2022-09-26 15:00:00+00:00|-1.0|handoff_divergence_fade_h15_tp06_sl065,2022-09-26 15:00:00+00:00,STAGE28A,data/reports/stage28a_discovery_factory_batch_runner/stage28a_exact_trades.csv,session_handoff_imbalance_v1,handoff_divergence_fade_h15_tp06_sl065,-2.3945749999998958,-3.444574999999895,-4.144574999999895,0,0,0,1,3.444574999999895,5.389999999999873,19.279999999999973,0.29253112033195583,15.199999999999818,0.22434210526316598,3.3900000000001,6.280499999999984,0.864,-1.0,,,15,0,9.0,2022
2022-09-30 15:00:00+00:00|-1.0|handoff_divergence_fade_h15_tp06_sl065,2022-09-30 15:00:00+00:00,STAGE28A,data/reports/stage28a_discovery_factory_batch_runner/stage28a_exact_trades.csv,session_handoff_imbalance_v1,handoff_divergence_fade_h15_tp06_sl065,-2.154399999999987,-3.204399999999987,-3.9043999999999865,0,0,0,1,3.204399999999987,23.40000000000009,5.970000000000027,0.15577889447237175,12.980000000000018,0.41063174114022705,4.059999999999945,3.930999999999983,0.192,-1.0,,,15,4,9.0,2022
2022-10-04 15:00:00+00:00|-1.0|handoff_divergence_fade_h15_tp06_sl065,2022-10-04 15:00:00+00:00,STAGE28A,data/reports/stage28a_discovery_factory_batch_runner/stage28a_exact_trades.csv,session_handoff_imbalance_v1,handoff_divergence_fade_h15_tp06_sl065,1.4610999999998966,0.4110999999998967,-0.2889000000001029,1,0,1,0,0.4110999999998967,41.819999999999936,7.339999999999918,0.08446866485012232,13.170000000000073,0.6522399392558748,5.860000000000127,4.664500000000009,0.396,-1.0,,,15,1,10.0,2022
2022-10-06 15:00:00+00:00|1.0|handoff_divergence_fade_h15_tp06_sl065,2022-10-06 15:00:00+00:00,STAGE28A,data/reports/stage28a_discovery_factory_batch_runner/stage28a_exact_trades.csv,session_handoff_imbalance_v1,handoff_divergence_fade_h15_tp06_sl065,-2.198600000000033,-3.248600000000033,-3.9486000000000328,0,0,0,1,3.248600000000033,27.309999999999945,9.439999999999827,0.6430084745762762,12.129999999999882,0.6158285243198763,5.1099999999999,4.083000000000004,0.036,1.0,,,15,3,10.0,2022
2022-10-07 15:00:00+00:00|-1.0|handoff_divergence_fade_h15_tp06_sl065,2022-10-07 15:00:00+00:00,STAGE28A,data/reports/stage28a_discovery_factory_batch_runner/stage28a_exact_trades.csv,session_handoff_imbalance_v1,handoff_divergence_fade_h15_tp06_sl065,1.1272000000000388,0.077200000000039,-0.6227999999999607,1,0,0,0,0.077200000000039,18.649999999999864,4.269999999999982,0.4637002341920437,6.3900000000001,0.45539906103283395,3.650000000000091,3.4935000000000174,0.004,-1.0,,,15,4,10.0,2022
2022-10-11 15:00:00+00:00|-1.0|handoff_divergence_fade_h15_tp06_sl065,2022-10-11 15:00:00+00:00,STAGE28A,data/reports/stage28a_discovery_factory_batch_runner/stage28a_exact_trades.csv,session_handoff_imbalance_v1,handoff_divergence_fade_h15_tp06_sl065,1.304199999999946,0.2541999999999462,-0.4458000000000535,1,0,1,0,0.2541999999999462,34.23000000000002,12.269999999999982,0.37734311328444303,7.810000000000173,0.20102432778487855,3.8600000000001273,3.8049999999999953,0.036,-1.0,,,15,1,10.0,2022
2022-10-12 15:00:00+00:00|-1.0|handoff_divergence_fade_h15_tp06_sl065,2022-10-12 15:00:00+00:00,STAGE28A,data/reports/stage28a_discovery_factory_batch_runner/stage28a_exact_trades.csv,session_handoff_imbalance_v1,handoff_divergence_fade_h15_tp06_sl065,-1.9369749999999384,-2.9869749999999384,-3.686974999999938,0,0,0,0,2.9869749999999384,22.8900000000001,5.490000000000009,0.14207650273223524,10.549999999999955,0.45118483412322385,3.6100000000001273,4.467000000000018,0.272,-1.0,,,15,2,10.0,2022
2022-10-13 15:00:00+00:00|-1.0|handoff_divergence_fade_h15_tp06_sl065,2022-10-13 15:00:00+00:00,STAGE28A,data/reports/stage28a_discovery_factory_batch_runner/stage28a_exact_trades.csv,session_handoff_imbalance_v1,handoff_divergence_fade_h15_tp06_sl065,-1.8560499999999596,-2.906049999999959,-3.606049999999959,0,0,0,0,2.906049999999959,16.950000000000045,6.440000000000055,0.669254658385079,10.8900000000001,0.5096418732782281,8.990000000000009,3.288000000000045,0.024,-1.0,,,15,3,10.0,2022
2022-10-14 15:00:00+00:00|1.0|handoff_divergence_fade_h15_tp06_sl065,2022-10-14 15:00:00+00:00,STAGE28A,data/reports/stage28a_discovery_factory_batch_runner/stage28a_exact_trades.csv,session_handoff_imbalance_v1,handoff_divergence_fade_h15_tp06_sl065,1.60900000000006,0.5590000000000601,-0.1409999999999396,1,0,1,0,0.5590000000000601,40.01999999999998,11.259999999999991,0.3028419182948565,21.539999999999964,0.7000928505106861,5.800000000000182,4.844500000000005,0.492,1.0,,,15,4,10.0,2022
2022-10-18 15:00:00+00:00|1.0|handoff_divergence_fade_h15_tp06_sl065,2022-10-18 15:00:00+00:00,STAGE28A,data/reports/stage28a_discovery_factory_batch_runner/stage28a_exact_trades.csv,session_handoff_imbalance_v1,handoff_divergence_fade_h15_tp06_sl065,-1.946074999999928,-2.996074999999928,-3.696074999999928,0,0,0,0,2.996074999999928,25.279999999999973,4.639999999999873,0.4008620689655067,12.230000000000018,0.039247751430909035,2.980000000000018,4.127499999999986,0.116,1.0,,,15,1,10.0,2022
2022-10-20 15:00:00+00:00|-1.0|handoff_divergence_fade_h15_tp06_sl065,2022-10-20 15:00:00+00:00,STAGE28A,data/reports/stage28a_discovery_factory_batch_runner/stage28a_exact_trades.csv,session_handoff_imbalance_v1,handoff_divergence_fade_h15_tp06_sl065,-2.013675000000012,-3.063675000000012,-3.763675000000012,0,0,0,0,3.063675000000012,26.74000000000001,7.850000000000136,0.21910828025477674,10.799999999999955,0.7990740740740876,3.869999999999891,3.672500000000002,0.068,-1.0,,,15,3,10.0,2022
2022-10-28 15:00:00+00:00|1.0|handoff_divergence_fade_h15_tp06_sl065,2022-10-28 15:00:00+00:00,STAGE28A,data/reports/stage28a_discovery_factory_batch_runner/stage28a_exact_trades.csv,session_handoff_imbalance_v1,handoff_divergence_fade_h15_tp06_sl065,1.1076999999999315,0.0576999999999316,-0.642300000000068,1,0,0,0,0.0576999999999316,15.939999999999827,6.419999999999845,0.39408099688474046,18.899999999999864,0.7962962962962996,6.769999999999982,3.9629999999999996,0.164,1.0,,,15,4,10.0,2022
2022-10-31 15:00:00+00:00|1.0|handoff_divergence_fade_h15_tp06_sl065,2022-10-31 15:00:00+00:00,STAGE28A,data/reports/stage28a_discovery_factory_batch_runner/stage28a_exact_trades.csv,session_handoff_imbalance_v1,handoff_divergence_fade_h15_tp06_sl065,-1.7370999999999186,-2.7870999999999184,-3.487099999999918,0,0,0,0,2.7870999999999184,3.9200000000000728,4.870000000000118,0.2156057494866384,9.930000000000064,0.4652567975830905,5.980000000000018,3.3779999999999974,0.008,1.0,,,15,0,10.0,2022
2022-11-03 15:00:00+00:00|1.0|handoff_divergence_fade_h15_tp06_sl065,2022-11-03 15:00:00+00:00,STAGE28A,data/reports/stage28a_discovery_factory_batch_runner/stage28a_exact_trades.csv,session_handoff_imbalance_v1,handoff_divergence_fade_h15_tp06_sl065,-2.438124999999991,-3.488124999999991,-4.188124999999991,0,0,0,1,3.488124999999991,37.6099999999999,9.11999999999989,0.2971491228070251,18.699999999999818,0.8711229946524129,6.910000000000082,5.743499999999949,0.908,1.0,,,15,3,11.0,2022
2022-11-04 15:00:00+00:00|1.0|handoff_divergence_fade_h15_tp06_sl065,2022-11-04 15:00:00+00:00,STAGE28A,data/reports/stage28a_discovery_factory_batch_runner/stage28a_exact_trades.csv,session_handoff_imbalance_v1,handoff_divergence_fade_h15_tp06_sl065,-2.4771249999999783,-3.527124999999978,-4.227124999999978,0,0,0,1,3.527124999999978,24.37999999999988,18.419999999999845,0.9799131378935997,8.700000000000045,0.3218390804597632,16.960000000000036,4.585000000000003,0.604,1.0,,,15,4,11.0,2022
2022-11-08 15:00:00+00:00|-1.0|handoff_divergence_fade_h15_tp06_sl065,2022-11-08 15:00:00+00:00,STAGE28A,data/reports/stage28a_discovery_factory_batch_runner/stage28a_exact_trades.csv,session_handoff_imbalance_v1,handoff_divergence_fade_h15_tp06_sl065,0.7813000000000102,-0.2686999999999897,-0.9686999999999896,0,0,0,0,0.2686999999999897,14.930000000000064,7.279999999999973,0.5508241758241766,7.3599999999999,0.04347826086955716,3.259999999999991,2.9889999999999985,0.004,-1.0,,,15,1,11.0,2022
2022-11-10 15:00:00+00:00|1.0|handoff_divergence_fade_h15_tp06_sl065,2022-11-10 15:00:00+00:00,STAGE28A,data/reports/stage28a_discovery_factory_batch_runner/stage28a_exact_trades.csv,session_handoff_imbalance_v1,handoff_divergence_fade_h15_tp06_sl065,0.8881000000000313,-0.1618999999999686,-0.8618999999999684,0,0,0,0,0.1618999999999686,20.180000000000064,6.259999999999991,0.522364217252394,8.540000000000191,0.18032786885245072,2.4700000000000273,3.4974999999999907,0.112,1.0,,,15,3,11.0,2022
2022-11-16 15:00:00+00:00|-1.0|handoff_divergence_fade_h15_tp06_sl065,2022-11-16 15:00:00+00:00,STAGE28A,data/reports/stage28a_discovery_factory_batch_runner/stage28a_exact_trades.csv,session_handoff_imbalance_v1,handoff_divergence_fade_h15_tp06_sl065,-1.7845499999999448,-2.8345499999999446,-3.5345499999999443,0,0,0,0,2.8345499999999446,19.36999999999989,11.1099999999999,0.8019801980198166,14.039999999999964,0.7343304843304823,4.579999999999927,4.843000000000006,0.508,-1.0,,,15,2,11.0,2022
2022-11-17 15:00:00+00:00|-1.0|handoff_divergence_fade_h15_tp06_sl065,2022-11-17 15:00:00+00:00,STAGE28A,data/reports/stage28a_discovery_factory_batch_runner/stage28a_exact_trades.csv,session_handoff_imbalance_v1,handoff_divergence_fade_h15_tp06_sl065,-2.073475000000008,-3.123475000000008,-3.8234750000000073,0,0,0,1,3.123475000000008,14.7199999999998,12.6099999999999,0.9103885804916819,9.519999999999982,0.012605042016819166,6.330000000000155,3.637500000000023,0.076,-1.0,,,15,3,11.0,2022
2022-11-23 15:00:00+00:00|-1.0|handoff_divergence_fade_h15_tp06_sl065,2022-11-23 15:00:00+00:00,STAGE28A,data/reports/stage28a_discovery_factory_batch_runner/stage28a_exact_trades.csv,session_handoff_imbalance_v1,handoff_divergence_fade_h15_tp06_sl065,0.8236000000000786,-0.2263999999999213,-0.9263999999999212,0,0,0,0,0.2263999999999213,12.740000000000009,10.009999999999991,0.6253746253746251,12.180000000000064,0.17733990147783832,3.339999999999918,3.4754999999999883,0.128,-1.0,,,15,2,11.0,2022
2022-11-25 15:00:00+00:00|1.0|handoff_divergence_fade_h15_tp06_sl065,2022-11-25 15:00:00+00:00,STAGE28A,data/reports/stage28a_discovery_factory_batch_runner/stage28a_exact_trades.csv,session_handoff_imbalance_v1,handoff_divergence_fade_h15_tp06_sl065,0.6618999999999687,-0.3881000000000312,-1.088100000000031,0,0,0,0,0.3881000000000312,9.590000000000146,8.710000000000036,0.3650975889781918,9.769999999999982,0.6223132036847662,2.0399999999999636,2.6915000000000076,0.068,1.0,,,15,4,11.0,2022
2022-12-01 15:00:00+00:00|1.0|handoff_divergence_fade_h15_tp06_sl065,2022-12-01 15:00:00+00:00,STAGE28A,data/reports/stage28a_discovery_factory_batch_runner/stage28a_exact_trades.csv,session_handoff_imbalance_v1,handoff_divergence_fade_h15_tp06_sl065,0.8919999999999618,-0.1580000000000381,-0.8580000000000378,0,0,0,0,0.1580000000000381,28.529999999999973,11.8599999999999,0.5202360876897238,9.029999999999973,0.33111849390919357,4.630000000000109,5.20150000000001,0.944,1.0,,,15,3,12.0,2022
2022-12-02 15:00:00+00:00|-1.0|handoff_divergence_fade_h15_tp06_sl065,2022-12-02 15:00:00+00:00,STAGE28A,data/reports/stage28a_discovery_factory_batch_runner/stage28a_exact_trades.csv,session_handoff_imbalance_v1,handoff_divergence_fade_h15_tp06_sl065,-1.4218500000000405,-2.4718500000000403,-3.17185000000004,0,0,0,0,2.4718500000000403,35.86999999999989,8.8599999999999,0.5575620767494481,6.7000000000000455,0.41641791044775295,2.2799999999999727,2.880000000000018,0.092,-1.0,,,15,4,12.0,2022
2022-12-05 15:00:00+00:00|1.0|handoff_divergence_fade_h15_tp06_sl065,2022-12-05 15:00:00+00:00,STAGE28A,data/reports/stage28a_discovery_factory_batch_runner/stage28a_exact_trades.csv,session_handoff_imbalance_v1,handoff_divergence_fade_h15_tp06_sl065,0.8257000000000062,-0.2242999999999937,-0.9242999999999936,0,0,0,0,0.2242999999999937,4.920000000000073,15.589999999999918,0.6215522771007124,16.15000000000009,0.8476780185758359,4.399999999999864,3.8225000000000025,0.384,1.0,,,15,0,12.0,2022
2022-12-06 15:00:00+00:00|1.0|handoff_divergence_fade_h15_tp06_sl065,2022-12-06 15:00:00+00:00,STAGE28A,data/reports/stage28a_discovery_factory_batch_runner/stage28a_exact_trades.csv,session_handoff_imbalance_v1,handoff_divergence_fade_h15_tp06_sl065,0.9492999999999028,-0.100700000000097,-0.8007000000000968,0,0,0,0,0.100700000000097,44.12999999999988,8.799999999999955,0.35454545454544395,7.7800000000002,0.16709511568125301,2.650000000000091,3.739500000000055,0.336,1.0,,,15,1,12.0,2022
2022-12-07 15:00:00+00:00|-1.0|handoff_divergence_fade_h15_tp06_sl065,2022-12-07 15:00:00+00:00,STAGE28A,data/reports/stage28a_discovery_factory_batch_runner/stage28a_exact_trades.csv,session_handoff_imbalance_v1,handoff_divergence_fade_h15_tp06_sl065,0.814600000000064,-0.2353999999999358,-0.9353999999999356,0,0,0,0,0.2353999999999358,13.570000000000164,6.420000000000073,0.015576323987524598,6.230000000000018,0.2616372391653093,4.800000000000182,3.298000000000002,0.188,-1.0,,,15,2,12.0,2022
2022-12-09 15:00:00+00:00|1.0|handoff_divergence_fade_h15_tp06_sl065,2022-12-09 15:00:00+00:00,STAGE28A,data/reports/stage28a_discovery_factory_batch_runner/stage28a_exact_trades.csv,session_handoff_imbalance_v1,handoff_divergence_fade_h15_tp06_sl065,0.8446000000000368,-0.2053999999999631,-0.9053999999999628,0,0,0,0,0.2053999999999631,13.490000000000009,8.980000000000018,0.8006681514476406,8.789999999999964,0.2229806598407073,2.5,3.1505000000000107,0.08,1.0,,,15,4,12.0,2022
2022-12-12 15:00:00+00:00|-1.0|handoff_divergence_fade_h15_tp06_sl065,2022-12-12 15:00:00+00:00,STAGE28A,data/reports/stage28a_discovery_factory_batch_runner/stage28a_exact_trades.csv,session_handoff_imbalance_v1,handoff_divergence_fade_h15_tp06_sl065,0.6562000000000353,-0.3937999999999646,-1.0937999999999644,0,0,0,0,0.3937999999999646,2.3400000000001455,10.309999999999945,0.7332686711930151,7.329999999999927,0.6889495225102326,6.4500000000000455,3.3335000000000035,0.072,-1.0,,,15,0,12.0,2022
2022-12-16 15:00:00+00:00|1.0|handoff_divergence_fade_h15_tp06_sl065,2022-12-16 15:00:00+00:00,STAGE28A,data/reports/stage28a_discovery_factory_batch_runner/stage28a_exact_trades.csv,session_handoff_imbalance_v1,handoff_divergence_fade_h15_tp06_sl065,-1.8566999999999096,-2.9066999999999097,-3.606699999999909,0,0,0,0,2.9066999999999097,34.799999999999955,8.639999999999873,0.2685185185185414,10.599999999999909,0.1849056603773635,3.0800000000001546,3.454499999999996,0.18,1.0,,,15,4,12.0,2022
2022-12-22 15:00:00+00:00|1.0|handoff_divergence_fade_h15_tp06_sl065,2022-12-22 15:00:00+00:00,STAGE28A,data/reports/stage28a_discovery_factory_batch_runner/stage28a_exact_trades.csv,session_handoff_imbalance_v1,handoff_divergence_fade_h15_tp06_sl065,0.6604000000001179,-0.389599999999882,-1.0895999999998818,0,0,0,0,0.389599999999882,11.930000000000064,6.889999999999873,0.7735849056603811,6.740000000000009,0.827893175074172,3.4600000000000364,2.926499999999976,0.02,1.0,,,15,3,12.0,2022
2022-12-29 15:00:00+00:00|1.0|handoff_divergence_fade_h15_tp06_sl065,2022-12-29 15:00:00+00:00,STAGE28A,data/reports/stage28a_discovery_factory_batch_runner/stage28a_exact_trades.csv,session_handoff_imbalance_v1,handoff_divergence_fade_h15_tp06_sl065,0.641800000000012,-0.4081999999999879,-1.1081999999999876,0,0,0,0,0.4081999999999879,17.580000000000155,5.630000000000109,0.5772646536411966,7.6099999999999,0.4809461235216692,2.6400000000001,3.0819999999999936,0.064,1.0,,,15,3,12.0,2022
2022-12-30 15:00:00+00:00|1.0|handoff_divergence_fade_h15_tp06_sl065,2022-12-30 15:00:00+00:00,STAGE28A,data/reports/stage28a_discovery_factory_batch_runner/stage28a_exact_trades.csv,session_handoff_imbalance_v1,handoff_divergence_fade_h15_tp06_sl065,-1.4286749999999755,-2.4786749999999755,-3.1786749999999757,0,0,0,0,2.4786749999999755,16.450000000000045,5.330000000000155,0.13320825515947762,8.910000000000082,0.043771043771029076,2.9200000000000728,2.8110000000000013,0.008,1.0,,,15,4,12.0,2022
2023-01-03 15:00:00+00:00|1.0|handoff_divergence_fade_h15_tp06_sl065,2023-01-03 15:00:00+00:00,STAGE28A,data/reports/stage28a_discovery_factory_batch_runner/stage28a_exact_trades.csv,session_handoff_imbalance_v1,handoff_divergence_fade_h15_tp06_sl065,-2.3117000000000645,-3.3617000000000643,-4.061700000000064,0,0,0,1,3.3617000000000643,6.660000000000082,19.40000000000009,0.5649484536082466,16.24000000000001,0.3663793103448302,4.710000000000036,5.1270000000000095,0.936,1.0,,,15,1,1.0,2023
2023-01-06 15:00:00+00:00|1.0|handoff_divergence_fade_h15_tp06_sl065,2023-01-06 15:00:00+00:00,STAGE28A,data/reports/stage28a_discovery_factory_batch_runner/stage28a_exact_trades.csv,session_handoff_imbalance_v1,handoff_divergence_fade_h15_tp06_sl065,-1.7624500000000354,-2.812450000000035,-3.512450000000035,0,0,0,0,2.812450000000035,33.99000000000001,10.930000000000064,0.4858188472095073,7.370000000000118,0.18724559023067666,2.8899999999998727,3.466999999999996,0.28,1.0,,,15,4,1.0,2023
2023-01-09 15:00:00+00:00|1.0|handoff_divergence_fade_h15_tp06_sl065,2023-01-09 15:00:00+00:00,STAGE28A,data/reports/stage28a_discovery_factory_batch_runner/stage28a_exact_trades.csv,session_handoff_imbalance_v1,handoff_divergence_fade_h15_tp06_sl065,0.9045999999999822,-0.1454000000000177,-0.8454000000000175,0,0,0,0,0.1454000000000177,3.5799999999999272,13.239999999999782,0.554380664652571,9.680000000000064,0.556818181818165,3.5799999999999272,3.9109999999999787,0.364,1.0,,,15,0,1.0,2023
2023-01-12 15:00:00+00:00|1.0|handoff_divergence_fade_h15_tp06_sl065,2023-01-12 15:00:00+00:00,STAGE28A,data/reports/stage28a_discovery_factory_batch_runner/stage28a_exact_trades.csv,session_handoff_imbalance_v1,handoff_divergence_fade_h15_tp06_sl065,0.6801999999999225,-0.3698000000000774,-1.0698000000000771,0,0,0,0,0.3698000000000774,19.480000000000018,10.3599999999999,0.7268339768339812,5.509999999999991,0.032667876588033384,5.380000000000109,2.952999999999997,0.016,1.0,,,15,3,1.0,2023
2023-01-13 15:00:00+00:00|-1.0|handoff_divergence_fade_h15_tp06_sl065,2023-01-13 15:00:00+00:00,STAGE28A,data/reports/stage28a_discovery_factory_batch_runner/stage28a_exact_trades.csv,session_handoff_imbalance_v1,handoff_divergence_fade_h15_tp06_sl065,1.2721000000000455,0.2221000000000459,-0.4778999999999538,1,0,1,0,0.2221000000000459,32.710000000000036,6.089999999999918,0.33004926108374677,17.37999999999988,0.575949367088611,7.569999999999936,4.685499999999979,0.56,-1.0,,,15,4,1.0,2023
2023-01-16 15:00:00+00:00|1.0|handoff_divergence_fade_h15_tp06_sl065,2023-01-16 15:00:00+00:00,STAGE28A,data/reports/stage28a_discovery_factory_batch_runner/stage28a_exact_trades.csv,session_handoff_imbalance_v1,handoff_divergence_fade_h15_tp06_sl065,0.7858000000000175,-0.2641999999999824,-0.9641999999999822,0,0,0,0,0.2641999999999824,3.589999999999918,12.11999999999989,0.44389438943895687,11.519999999999982,0.5833333333333366,2.589999999999918,4.5370000000000115,0.42,1.0,,,15,0,1.0,2023
2023-01-18 15:00:00+00:00|-1.0|handoff_divergence_fade_h15_tp06_sl065,2023-01-18 15:00:00+00:00,STAGE28A,data/reports/stage28a_discovery_factory_batch_runner/stage28a_exact_trades.csv,session_handoff_imbalance_v1,handoff_divergence_fade_h15_tp06_sl065,0.8976999999998952,-0.1523000000001046,-0.8523000000001044,0,0,0,0,0.1523000000001046,15.2800000000002,13.089999999999918,0.7097020626432408,19.339999999999918,0.7699069286453032,3.160000000000082,4.361499999999978,0.384,-1.0,,,15,2,1.0,2023
2023-01-20 15:00:00+00:00|-1.0|handoff_divergence_fade_h15_tp06_sl065,2023-01-20 15:00:00+00:00,STAGE28A,data/reports/stage28a_discovery_factory_batch_runner/stage28a_exact_trades.csv,session_handoff_imbalance_v1,handoff_divergence_fade_h15_tp06_sl065,-1.888874999999962,-2.9388749999999617,-3.6388749999999614,0,0,0,0,2.9388749999999617,34.190000000000055,11.160000000000082,0.7168458781361955,14.289999999999964,0.4380685794261726,2.480000000000018,4.402000000000021,0.428,-1.0,,,15,4,1.0,2023
2023-01-23 15:00:00+00:00|1.0|handoff_divergence_fade_h15_tp06_sl065,2023-01-23 15:00:00+00:00,STAGE28A,data/reports/stage28a_discovery_factory_batch_runner/stage28a_exact_trades.csv,session_handoff_imbalance_v1,handoff_divergence_fade_h15_tp06_sl065,-1.8810749999998733,-2.9310749999998733,-3.631074999999873,0,0,0,0,2.9310749999998733,4.019999999999982,11.819999999999936,0.19204737732656463,10.940000000000055,0.28519195612430304,4.710000000000036,4.021999999999991,0.252,1.0,,,15,0,1.0,2023
2023-01-27 15:00:00+00:00|-1.0|handoff_divergence_fade_h15_tp06_sl065,2023-01-27 15:00:00+00:00,STAGE28A,data/reports/stage28a_discovery_factory_batch_runner/stage28a_exact_trades.csv,session_handoff_imbalance_v1,handoff_divergence_fade_h15_tp06_sl065,0.7975000000000364,-0.2524999999999635,-0.9524999999999632,0,0,0,0,0.2524999999999635,30.470000000000027,15.069999999999936,0.6084936960849444,7.829999999999927,0.8735632183908023,4.519999999999982,3.9119999999999777,0.088,-1.0,,,15,4,1.0,2023
2023-01-30 15:00:00+00:00|1.0|handoff_divergence_fade_h15_tp06_sl065,2023-01-30 15:00:00+00:00,STAGE28A,data/reports/stage28a_discovery_factory_batch_runner/stage28a_exact_trades.csv,session_handoff_imbalance_v1,handoff_divergence_fade_h15_tp06_sl065,0.9807999999999538,-0.0692000000000461,-0.7692000000000458,0,0,0,0,0.0692000000000461,3.4500000000000455,10.049999999999955,0.44975124378109477,13.11999999999989,0.21570121951219137,4.269999999999982,4.316999999999984,0.208,1.0,,,15,0,1.0,2023
2023-02-03 15:00:00+00:00|1.0|handoff_divergence_fade_h15_tp06_sl065,2023-02-03 15:00:00+00:00,STAGE28A,data/reports/stage28a_discovery_factory_batch_runner/stage28a_exact_trades.csv,session_handoff_imbalance_v1,handoff_divergence_fade_h15_tp06_sl065,1.047099999999909,-0.0029000000000904,-0.7029000000000902,0,0,0,0,0.0029000000000904,48.44999999999982,7.269999999999982,0.13480055020633022,8.599999999999909,0.490697674418613,2.769999999999982,4.020499999999958,0.124,1.0,,,15,4,2.0,2023
2023-02-06 15:00:00+00:00|1.0|handoff_divergence_fade_h15_tp06_sl065,2023-02-06 15:00:00+00:00,STAGE28A,data/reports/stage28a_discovery_factory_batch_runner/stage28a_exact_trades.csv,session_handoff_imbalance_v1,handoff_divergence_fade_h15_tp06_sl065,-1.9649250000000849,-3.0149250000000847,-3.714925000000085,0,0,0,0,3.0149250000000847,10.089999999999918,18.769999999999982,0.6904635055940357,11.180000000000064,0.549194991055462,2.5800000000001546,5.11550000000002,0.56,1.0,,,15,0,2.0,2023
2023-02-10 15:00:00+00:00|-1.0|handoff_divergence_fade_h15_tp06_sl065,2023-02-10 15:00:00+00:00,STAGE28A,data/reports/stage28a_discovery_factory_batch_runner/stage28a_exact_trades.csv,session_handoff_imbalance_v1,handoff_divergence_fade_h15_tp06_sl065,1.2478000000000065,0.1978000000000066,-0.5021999999999931,1,0,1,0,0.1978000000000066,31.269999999999982,11.579999999999927,0.7236614853195107,19.3599999999999,0.46177685950413744,2.6700000000000728,5.223500000000001,0.536,-1.0,,,15,4,2.0,2023
2023-02-16 15:00:00+00:00|1.0|handoff_divergence_fade_h15_tp06_sl065,2023-02-16 15:00:00+00:00,STAGE28A,data/reports/stage28a_discovery_factory_batch_runner/stage28a_exact_trades.csv,session_handoff_imbalance_v1,handoff_divergence_fade_h15_tp06_sl065,0.8919999999999618,-0.1580000000000381,-0.8580000000000378,0,0,0,0,0.1580000000000381,29.50999999999999,8.169999999999845,0.3659730722154303,10.549999999999955,0.1184834123222754,4.2000000000000455,3.9504999999999995,0.072,1.0,,,15,3,2.0,2023
2023-02-22 15:00:00+00:00|1.0|handoff_divergence_fade_h15_tp06_sl065,2023-02-22 15:00:00+00:00,STAGE28A,data/reports/stage28a_discovery_factory_batch_runner/stage28a_exact_trades.csv,session_handoff_imbalance_v1,handoff_divergence_fade_h15_tp06_sl065,1.2273999999998977,0.1773999999998978,-0.5226000000001019,1,0,1,0,0.1773999999998978,13.599999999999909,4.370000000000118,0.21967963386727926,9.069999999999936,0.34399117971335613,7.770000000000209,3.5220000000000256,0.124,1.0,,,15,2,2.0,2023
2023-02-23 15:00:00+00:00|1.0|handoff_divergence_fade_h15_tp06_sl065,2023-02-23 15:00:00+00:00,STAGE28A,data/reports/stage28a_discovery_factory_batch_runner/stage28a_exact_trades.csv,session_handoff_imbalance_v1,handoff_divergence_fade_h15_tp06_sl065,0.7251999999999953,-0.3248000000000046,-1.0248000000000044,0,0,0,0,0.3248000000000046,22.430000000000064,7.279999999999973,0.6565934065934053,9.3900000000001,0.3588924387646278,3.6700000000000728,3.586000000000001,0.156,1.0,,,15,3,2.0,2023
2023-02-24 15:00:00+00:00|1.0|handoff_divergence_fade_h15_tp06_sl065,2023-02-24 15:00:00+00:00,STAGE28A,data/reports/stage28a_discovery_factory_batch_runner/stage28a_exact_trades.csv,session_handoff_imbalance_v1,handoff_divergence_fade_h15_tp06_sl065,1.0842999999998937,0.0342999999998938,-0.6657000000001059,1,0,0,0,0.0342999999998938,16.320000000000164,6.779999999999973,0.3554572271386566,6.529999999999973,0.4992343032159272,3.9199999999998454,3.1904999999999974,0.108,1.0,,,15,4,2.0,2023
2023-03-06 15:00:00+00:00|1.0|handoff_divergence_fade_h15_tp06_sl065,2023-03-06 15:00:00+00:00,STAGE28A,data/reports/stage28a_discovery_factory_batch_runner/stage28a_exact_trades.csv,session_handoff_imbalance_v1,handoff_divergence_fade_h15_tp06_sl065,-1.488149999999996,-2.538149999999996,-3.238149999999996,0,0,0,0,2.538149999999996,3.290000000000191,5.690000000000055,0.2882249560632837,8.38000000000011,0.46062052505967505,4.440000000000055,3.429000000000042,0.28,1.0,,,15,0,3.0,2023
2023-03-07 15:00:00+00:00|1.0|handoff_divergence_fade_h15_tp06_sl065,2023-03-07 15:00:00+00:00,STAGE28A,data/reports/stage28a_discovery_factory_batch_runner/stage28a_exact_trades.csv,session_handoff_imbalance_v1,handoff_divergence_fade_h15_tp06_sl065,0.4989999999999327,-0.5510000000000672,-1.251000000000067,0,0,0,0,0.5510000000000672,13.160000000000082,6.430000000000064,0.16329704510107995,8.940000000000055,0.4798657718120735,3.0499999999999545,2.782000000000039,0.032,1.0,,,15,1,3.0,2023
2023-03-08 15:00:00+00:00|-1.0|handoff_divergence_fade_h15_tp06_sl065,2023-03-08 15:00:00+00:00,STAGE28A,data/reports/stage28a_discovery_factory_batch_runner/stage28a_exact_trades.csv,session_handoff_imbalance_v1,handoff_divergence_fade_h15_tp06_sl065,-1.2843750000000456,-2.3343750000000454,-3.034375000000045,0,0,0,0,2.3343750000000454,38.899999999999864,5.070000000000164,0.4773175542406301,4.800000000000182,0.5312499999999704,2.519999999999982,2.555500000000029,0.004,-1.0,,,15,2,3.0,2023
2023-03-09 15:00:00+00:00|-1.0|handoff_divergence_fade_h15_tp06_sl065,2023-03-09 15:00:00+00:00,STAGE28A,data/reports/stage28a_discovery_factory_batch_runner/stage28a_exact_trades.csv,session_handoff_imbalance_v1,handoff_divergence_fade_h15_tp06_sl065,-1.3373499999998786,-2.3873499999998784,-3.087349999999878,0,0,0,0,2.3873499999998784,14.860000000000127,4.480000000000018,0.20535714285715825,6.339999999999918,0.5883280757097896,2.230000000000018,2.4404999999999974,0.008,-1.0,,,15,3,3.0,2023
2023-03-10 15:00:00+00:00|-1.0|handoff_divergence_fade_h15_tp06_sl065,2023-03-10 15:00:00+00:00,STAGE28A,data/reports/stage28a_discovery_factory_batch_runner/stage28a_exact_trades.csv,session_handoff_imbalance_v1,handoff_divergence_fade_h15_tp06_sl065,0.9480999999999769,-0.1019000000000232,-0.8019000000000229,0,0,0,0,0.1019000000000232,23.679999999999836,7.129999999999882,0.25385694249649027,8.730000000000018,0.345933562428405,3.5699999999999363,3.707500000000027,0.6,-1.0,,,15,4,3.0,2023
2023-03-16 15:00:00+00:00|-1.0|handoff_divergence_fade_h15_tp06_sl065,2023-03-16 15:00:00+00:00,STAGE28A,data/reports/stage28a_discovery_factory_batch_runner/stage28a_exact_trades.csv,session_handoff_imbalance_v1,handoff_divergence_fade_h15_tp06_sl065,1.5513999999999668,0.501399999999967,-0.1986000000000327,1,0,1,0,0.501399999999967,51.57999999999993,16.930000000000064,0.24453632604843972,10.720000000000027,0.868470149253724,7.420000000000073,6.460499999999991,0.776,-1.0,,,15,3,3.0,2023
2023-03-20 15:00:00+00:00|-1.0|handoff_divergence_fade_h15_tp06_sl065,2023-03-20 15:00:00+00:00,STAGE28A,data/reports/stage28a_discovery_factory_batch_runner/stage28a_exact_trades.csv,session_handoff_imbalance_v1,handoff_divergence_fade_h15_tp06_sl065,-4.060199999999986,-5.1101999999999865,-5.810199999999986,0,0,0,1,5.1101999999999865,15.549999999999955,22.420000000000073,0.4214986619090105,35.87000000000012,0.16085865625871099,14.039999999999964,10.607999999999981,0.992,-1.0,,,15,0,3.0,2023
2023-03-21 15:00:00+00:00|1.0|handoff_divergence_fade_h15_tp06_sl065,2023-03-21 15:00:00+00:00,STAGE28A,data/reports/stage28a_discovery_factory_batch_runner/stage28a_exact_trades.csv,session_handoff_imbalance_v1,handoff_divergence_fade_h15_tp06_sl065,1.452400000000034,0.4024000000000343,-0.2975999999999654,1,0,1,0,0.4024000000000343,43.950000000000045,9.779999999999973,0.33742331288343186,20.310000000000173,0.6233382570162357,6.6400000000001,5.121499999999981,0.392,1.0,,,15,1,3.0,2023
2023-03-22 15:00:00+00:00|-1.0|handoff_divergence_fade_h15_tp06_sl065,2023-03-22 15:00:00+00:00,STAGE28A,data/reports/stage28a_discovery_factory_batch_runner/stage28a_exact_trades.csv,session_handoff_imbalance_v1,handoff_divergence_fade_h15_tp06_sl065,-2.196000000000004,-3.2460000000000035,-3.9460000000000033,0,0,0,1,3.2460000000000035,49.75,8.330000000000155,0.03121248499399593,11.389999999999873,0.2906057945566271,6.3900000000001,4.366500000000042,0.236,-1.0,,,15,2,3.0,2023
2023-03-27 15:00:00+00:00|1.0|handoff_divergence_fade_h15_tp06_sl065,2023-03-27 15:00:00+00:00,STAGE28A,data/reports/stage28a_discovery_factory_batch_runner/stage28a_exact_trades.csv,session_handoff_imbalance_v1,handoff_divergence_fade_h15_tp06_sl065,1.7406999999999695,0.6906999999999699,-0.0093000000000298,1,0,1,0,0.6906999999999699,10.569999999999936,10.569999999999936,0.07473982970671413,19.519999999999982,0.9508196721311456,5.8900000000001,6.029500000000018,0.284,1.0,,,15,0,3.0,2023
2023-03-28 15:00:00+00:00|1.0|handoff_divergence_fade_h15_tp06_sl065,2023-03-28 15:00:00+00:00,STAGE28A,data/reports/stage28a_discovery_factory_batch_runner/stage28a_exact_trades.csv,session_handoff_imbalance_v1,handoff_divergence_fade_h15_tp06_sl065,-1.9590750000000756,-3.009075000000075,-3.709075000000075,0,0,0,0,3.009075000000075,35.899999999999864,8.460000000000036,0.280141843971644,11.63000000000011,0.5081685296646431,2.8299999999999272,3.6514999999999986,0.004,1.0,,,15,1,3.0,2023
2023-03-30 15:00:00+00:00|-1.0|handoff_divergence_fade_h15_tp06_sl065,2023-03-30 15:00:00+00:00,STAGE28A,data/reports/stage28a_discovery_factory_batch_runner/stage28a_exact_trades.csv,session_handoff_imbalance_v1,handoff_divergence_fade_h15_tp06_sl065,0.7873000000000957,-0.2626999999999042,-0.962699999999904,0,0,0,0,0.2626999999999042,15.759999999999991,9.539999999999964,0.4947589098532542,12.559999999999945,0.6162420382165639,2.949999999999818,3.534999999999968,0.004,-1.0,,,15,3,3.0,2023
2023-03-31 15:00:00+00:00|1.0|handoff_divergence_fade_h15_tp06_sl065,2023-03-31 15:00:00+00:00,STAGE28A,data/reports/stage28a_discovery_factory_batch_runner/stage28a_exact_trades.csv,session_handoff_imbalance_v1,handoff_divergence_fade_h15_tp06_sl065,-1.9051250000000888,-2.955125000000089,-3.6551250000000888,0,0,0,0,2.955125000000089,28.910000000000082,5.970000000000027,0.3417085427135983,11.840000000000146,0.22972972972972922,2.6099999999999,3.768499999999972,0.032,1.0,,,15,4,3.0,2023
2023-04-03 15:00:00+00:00|-1.0|handoff_divergence_fade_h15_tp06_sl065,2023-04-03 15:00:00+00:00,STAGE28A,data/reports/stage28a_discovery_factory_batch_runner/stage28a_exact_trades.csv,session_handoff_imbalance_v1,handoff_divergence_fade_h15_tp06_sl065,-1.9821499999999104,-3.0321499999999104,-3.73214999999991,0,0,0,0,3.0321499999999104,12.190000000000055,22.549999999999955,0.4736141906873652,16.539999999999964,0.8657799274486074,7.600000000000136,6.362,0.592,-1.0,,,15,0,4.0,2023
2023-04-04 15:00:00+00:00|-1.0|handoff_divergence_fade_h15_tp06_sl065,2023-04-04 15:00:00+00:00,STAGE28A,data/reports/stage28a_discovery_factory_batch_runner/stage28a_exact_trades.csv,session_handoff_imbalance_v1,handoff_divergence_fade_h15_tp06_sl065,0.9483999999999014,-0.1016000000000985,-0.8016000000000982,0,0,0,0,0.1016000000000985,40.72000000000003,7.680000000000064,0.7552083333333508,7.259999999999991,0.6680440771350059,4.029999999999973,3.49050000000002,0.004,-1.0,,,15,1,4.0,2023
2023-04-06 15:00:00+00:00|-1.0|handoff_divergence_fade_h15_tp06_sl065,2023-04-06 15:00:00+00:00,STAGE28A,data/reports/stage28a_discovery_factory_batch_runner/stage28a_exact_trades.csv,session_handoff_imbalance_v1,handoff_divergence_fade_h15_tp06_sl065,0.7599999999999,-0.2900000000000999,-0.9900000000000996,0,0,0,0,0.2900000000000999,22.069999999999936,13.549999999999955,0.6664206642066423,9.879999999999882,0.8289473684210681,3.880000000000109,3.3635000000000104,0.008,-1.0,,,15,3,4.0,2023
2023-04-10 15:00:00+00:00|-1.0|handoff_divergence_fade_h15_tp06_sl065,2023-04-10 15:00:00+00:00,STAGE28A,data/reports/stage28a_discovery_factory_batch_runner/stage28a_exact_trades.csv,session_handoff_imbalance_v1,handoff_divergence_fade_h15_tp06_sl065,-1.4907500000000256,-2.5407500000000254,-3.240750000000025,0,0,0,0,2.5407500000000254,17.029999999999973,17.65000000000009,0.8271954674220869,12.220000000000027,0.786415711947617,2.980000000000018,5.15350000000002,0.56,-1.0,,,15,0,4.0,2023
2023-04-12 15:00:00+00:00|1.0|handoff_divergence_fade_h15_tp06_sl065,2023-04-12 15:00:00+00:00,STAGE28A,data/reports/stage28a_discovery_factory_batch_runner/stage28a_exact_trades.csv,session_handoff_imbalance_v1,handoff_divergence_fade_h15_tp06_sl065,-1.6038500000000568,-2.6538500000000567,-3.3538500000000564,0,0,0,0,2.6538500000000567,18.610000000000127,16.36999999999989,0.8173488087965912,12.539999999999964,0.4976076555023945,2.9700000000000273,3.721499999999969,0.102,1.0,,,15,2,4.0,2023
2023-04-14 15:00:00+00:00|1.0|handoff_divergence_fade_h15_tp06_sl065,2023-04-14 15:00:00+00:00,STAGE28A,data/reports/stage28a_discovery_factory_batch_runner/stage28a_exact_trades.csv,session_handoff_imbalance_v1,handoff_divergence_fade_h15_tp06_sl065,1.278400000000056,0.2284000000000561,-0.4715999999999436,1,0,1,0,0.2284000000000561,35.00999999999999,8.809999999999945,0.5595913734392842,14.690000000000055,0.43567052416610397,6.029999999999973,3.9225000000000363,0.172,1.0,,,15,4,4.0,2023
2023-04-20 15:00:00+00:00|-1.0|handoff_divergence_fade_h15_tp06_sl065,2023-04-20 15:00:00+00:00,STAGE28A,data/reports/stage28a_discovery_factory_batch_runner/stage28a_exact_trades.csv,session_handoff_imbalance_v1,handoff_divergence_fade_h15_tp06_sl065,-2.085175000000026,-3.1351750000000265,-3.835175000000026,0,0,0,1,3.1351750000000265,38.95999999999981,8.179999999999836,0.20904645476773479,9.779999999999973,0.6932515337423304,3.619999999999891,3.8860000000000015,0.116,-1.0,,,15,3,4.0,2023
2023-04-24 15:00:00+00:00|-1.0|handoff_divergence_fade_h15_tp06_sl065,2023-04-24 15:00:00+00:00,STAGE28A,data/reports/stage28a_discovery_factory_batch_runner/stage28a_exact_trades.csv,session_handoff_imbalance_v1,handoff_divergence_fade_h15_tp06_sl065,-1.7679750000000696,-2.8179750000000694,-3.517975000000069,0,0,0,0,2.8179750000000694,3.790000000000191,6.7999999999999545,0.4735294117647131,10.459999999999809,0.22179732313575323,2.6800000000000637,3.4870000000000116,0.024,-1.0,,,15,0,4.0,2023
2023-04-25 15:00:00+00:00|1.0|handoff_divergence_fade_h15_tp06_sl065,2023-04-25 15:00:00+00:00,STAGE28A,data/reports/stage28a_discovery_factory_batch_runner/stage28a_exact_trades.csv,session_handoff_imbalance_v1,handoff_divergence_fade_h15_tp06_sl065,-2.270425000000023,-3.320425000000023,-4.020425000000023,0,0,0,1,3.320425000000023,18.579999999999927,12.269999999999982,0.013039934800332689,10.289999999999964,0.4528668610301359,6.160000000000082,4.531499999999994,0.356,1.0,,,15,1,4.0,2023
2023-04-26 15:00:00+00:00|-1.0|handoff_divergence_fade_h15_tp06_sl065,2023-04-26 15:00:00+00:00,STAGE28A,data/reports/stage28a_discovery_factory_batch_runner/stage28a_exact_trades.csv,session_handoff_imbalance_v1,handoff_divergence_fade_h15_tp06_sl065,-2.090700000000061,-3.1407000000000607,-3.840700000000061,0,0,0,1,3.1407000000000607,27.710000000000036,9.230000000000018,0.37811484290357555,6.069999999999936,0.7726523887973812,10.290000000000191,4.569000000000005,0.292,-1.0,,,15,2,4.0,2023
2023-04-27 15:00:00+00:00|1.0|handoff_divergence_fade_h15_tp06_sl065,2023-04-27 15:00:00+00:00,STAGE28A,data/reports/stage28a_discovery_factory_batch_runner/stage28a_exact_trades.csv,session_handoff_imbalance_v1,handoff_divergence_fade_h15_tp06_sl065,0.8202999999999975,-0.2297000000000024,-0.9297000000000022,0,0,0,0,0.2297000000000024,25.920000000000073,11.960000000000036,0.8127090301003342,6.400000000000091,0.44687499999997804,5.019999999999982,4.161000000000035,0.12,1.0,,,15,3,4.0,2023
2023-04-28 15:00:00+00:00|1.0|handoff_divergence_fade_h15_tp06_sl065,2023-04-28 15:00:00+00:00,STAGE28A,data/reports/stage28a_discovery_factory_batch_runner/stage28a_exact_trades.csv,session_handoff_imbalance_v1,handoff_divergence_fade_h15_tp06_sl065,0.7578999999999724,-0.2921000000000275,-0.9921000000000272,0,0,0,0,0.2921000000000275,29.029999999999973,6.509999999999991,0.32872503840243866,10.569999999999936,0.5619678334909993,2.7799999999999727,3.300500000000011,0.004,1.0,,,15,4,4.0,2023
2023-05-03 15:00:00+00:00|1.0|handoff_divergence_fade_h15_tp06_sl065,2023-05-03 15:00:00+00:00,STAGE28A,data/reports/stage28a_discovery_factory_batch_runner/stage28a_exact_trades.csv,session_handoff_imbalance_v1,handoff_divergence_fade_h15_tp06_sl065,0.5956000000000131,-0.4543999999999868,-1.1543999999999863,0,0,0,0,0.4543999999999868,40.909999999999854,4.5300000000002,0.6247240618101109,6.770000000000209,0.20531757754798075,2.6900000000000546,2.9814999999999943,0.004,1.0,,,15,2,5.0,2023
2023-05-05 15:00:00+00:00|1.0|handoff_divergence_fade_h15_tp06_sl065,2023-05-05 15:00:00+00:00,STAGE28A,data/reports/stage28a_discovery_factory_batch_runner/stage28a_exact_trades.csv,session_handoff_imbalance_v1,handoff_divergence_fade_h15_tp06_sl065,-1.7452249999999825,-2.795224999999982,-3.495224999999982,0,0,0,0,2.795224999999982,47.87999999999988,7.529999999999973,0.10092961487380694,13.800000000000182,0.8630434782608641,4.490000000000009,3.9225000000000136,0.1,1.0,,,15,4,5.0,2023
2023-05-08 15:00:00+00:00|1.0|handoff_divergence_fade_h15_tp06_sl065,2023-05-08 15:00:00+00:00,STAGE28A,data/reports/stage28a_discovery_factory_batch_runner/stage28a_exact_trades.csv,session_handoff_imbalance_v1,handoff_divergence_fade_h15_tp06_sl065,-1.417299999999932,-2.467299999999932,-3.167299999999932,0,0,0,0,2.467299999999932,3.8199999999999363,9.689999999999827,0.8926728586171329,4.629999999999882,0.12526997840176446,3.9299999999998363,3.366499999999962,0.044,1.0,,,15,0,5.0,2023
2023-05-11 15:00:00+00:00|1.0|handoff_divergence_fade_h15_tp06_sl065,2023-05-11 15:00:00+00:00,STAGE28A,data/reports/stage28a_discovery_factory_batch_runner/stage28a_exact_trades.csv,session_handoff_imbalance_v1,handoff_divergence_fade_h15_tp06_sl065,1.304199999999946,0.2541999999999462,-0.4458000000000535,1,0,1,0,0.2541999999999462,26.679999999999836,7.099999999999909,0.10563380281690277,11.410000000000082,0.47414548641542886,10.389999999999873,3.9114999999999895,0.288,1.0,,,15,3,5.0,2023
2023-05-16 15:00:00+00:00|1.0|handoff_divergence_fade_h15_tp06_sl065,2023-05-16 15:00:00+00:00,STAGE28A,data/reports/stage28a_discovery_factory_batch_runner/stage28a_exact_trades.csv,session_handoff_imbalance_v1,handoff_divergence_fade_h15_tp06_sl065,0.5494000000000142,-0.5005999999999857,-1.2005999999999857,0,0,0,0,0.5005999999999857,15.009999999999991,4.600000000000136,0.21521739130434342,15.0,0.49066666666666,4.210000000000036,2.9955000000000154,0.012,1.0,,,15,1,5.0,2023
2023-05-17 15:00:00+00:00|1.0|handoff_divergence_fade_h15_tp06_sl065,2023-05-17 15:00:00+00:00,STAGE28A,data/reports/stage28a_discovery_factory_batch_runner/stage28a_exact_trades.csv,session_handoff_imbalance_v1,handoff_divergence_fade_h15_tp06_sl065,0.6895000000000892,-0.3604999999999108,-1.0604999999999103,0,0,0,0,0.3604999999999108,32.789999999999964,5.0,0.25599999999999457,8.180000000000064,0.892420537897298,2.189999999999827,3.0735000000000015,0.02,1.0,,,15,2,5.0,2023
2023-05-22 15:00:00+00:00|-1.0|handoff_divergence_fade_h15_tp06_sl065,2023-05-22 15:00:00+00:00,STAGE28A,data/reports/stage28a_discovery_factory_batch_runner/stage28a_exact_trades.csv,session_handoff_imbalance_v1,handoff_divergence_fade_h15_tp06_sl065,-1.7562750000000509,-2.8062750000000505,-3.50627500000005,0,0,0,0,2.8062750000000505,4.360000000000127,6.099999999999909,0.3639344262295181,11.349999999999909,0.16123348017620634,9.099999999999909,4.324500000000012,0.608,-1.0,,,15,0,5.0,2023
2023-05-25 15:00:00+00:00|-1.0|handoff_divergence_fade_h15_tp06_sl065,2023-05-25 15:00:00+00:00,STAGE28A,data/reports/stage28a_discovery_factory_batch_runner/stage28a_exact_trades.csv,session_handoff_imbalance_v1,handoff_divergence_fade_h15_tp06_sl065,0.7639000000000579,-0.286099999999942,-0.9860999999999418,0,0,0,0,0.286099999999942,28.560000000000173,6.789999999999964,0.5729013254786629,9.850000000000136,0.39187817258884,2.509999999999991,3.841500000000008,0.224,-1.0,,,15,3,5.0,2023
2023-05-29 15:00:00+00:00|1.0|handoff_divergence_fade_h15_tp06_sl065,2023-05-29 15:00:00+00:00,STAGE28A,data/reports/stage28a_discovery_factory_batch_runner/stage28a_exact_trades.csv,session_handoff_imbalance_v1,handoff_divergence_fade_h15_tp06_sl065,0.4401999999999134,-0.6098000000000865,-1.3098000000000862,0,0,0,0,0.6098000000000865,5.179999999999836,5.929999999999836,0.2698145025295414,8.11999999999989,0.0443349753694464,1.5299999999999727,2.7844999999999573,0.004,1.0,,,15,0,5.0,2023
2023-05-30 15:00:00+00:00|-1.0|handoff_divergence_fade_h15_tp06_sl065,2023-05-30 15:00:00+00:00,STAGE28A,data/reports/stage28a_discovery_factory_batch_runner/stage28a_exact_trades.csv,session_handoff_imbalance_v1,handoff_divergence_fade_h15_tp06_sl065,1.511499999999978,0.4614999999999782,-0.2385000000000214,1,0,1,0,0.4614999999999782,9.490000000000009,7.379999999999882,0.4878048780488068,21.039999999999964,0.6416349809885943,6.539999999999964,3.7574999999999816,0.26,-1.0,,,15,1,5.0,2023
2023-06-02 15:00:00+00:00|1.0|handoff_divergence_fade_h15_tp06_sl065,2023-06-02 15:00:00+00:00,STAGE28A,data/reports/stage28a_discovery_factory_batch_runner/stage28a_exact_trades.csv,session_handoff_imbalance_v1,handoff_divergence_fade_h15_tp06_sl065,-1.4088500000001205,-2.4588500000001203,-3.15885000000012,0,0,0,0,2.4588500000001203,29.720000000000027,9.389999999999873,0.55271565495209,7.849999999999909,0.2496815286624279,2.9500000000000455,2.9334999999999694,0.074,1.0,,,15,4,6.0,2023
2023-06-06 15:00:00+00:00|-1.0|handoff_divergence_fade_h15_tp06_sl065,2023-06-06 15:00:00+00:00,STAGE28A,data/reports/stage28a_discovery_factory_batch_runner/stage28a_exact_trades.csv,session_handoff_imbalance_v1,handoff_divergence_fade_h15_tp06_sl065,0.7945000000001073,-0.2554999999998926,-0.9554999999998924,0,0,0,0,0.2554999999998926,25.87000000000012,5.519999999999982,0.5851449275362371,6.670000000000073,0.4692653673163531,2.1499999999998636,2.91899999999996,0.072,-1.0,,,15,1,6.0,2023
2023-06-12 15:00:00+00:00|-1.0|handoff_divergence_fade_h15_tp06_sl065,2023-06-12 15:00:00+00:00,STAGE28A,data/reports/stage28a_discovery_factory_batch_runner/stage28a_exact_trades.csv,session_handoff_imbalance_v1,handoff_divergence_fade_h15_tp06_sl065,0.7168000000000575,-0.3331999999999424,-1.0331999999999422,0,0,0,0,0.3331999999999424,1.740000000000009,6.239999999999782,0.06891025641026903,9.049999999999955,0.7502762430939224,3.4600000000000364,2.8044999999999733,0.084,-1.0,,,15,0,6.0,2023
2023-06-16 15:00:00+00:00|-1.0|handoff_divergence_fade_h15_tp06_sl065,2023-06-16 15:00:00+00:00,STAGE28A,data/reports/stage28a_discovery_factory_batch_runner/stage28a_exact_trades.csv,session_handoff_imbalance_v1,handoff_divergence_fade_h15_tp06_sl065,0.6981999999999516,-0.3518000000000483,-1.051800000000048,0,0,0,0,0.3518000000000483,35.600000000000136,6.8900000000001,0.27576197387519064,10.069999999999936,0.7636544190665445,2.6200000000001182,2.8355000000000246,0.036,-1.0,,,15,4,6.0,2023
2023-06-19 15:00:00+00:00|-1.0|handoff_divergence_fade_h15_tp06_sl065,2023-06-19 15:00:00+00:00,STAGE28A,data/reports/stage28a_discovery_factory_batch_runner/stage28a_exact_trades.csv,session_handoff_imbalance_v1,handoff_divergence_fade_h15_tp06_sl065,0.5956000000000131,-0.4543999999999868,-1.1543999999999863,0,0,0,0,0.4543999999999868,3.0699999999999363,4.7199999999998,0.5127118644068168,8.539999999999964,0.6217798594847738,2.4300000000000637,2.8669999999999844,0.048,-1.0,,,15,0,6.0,2023
2023-06-20 15:00:00+00:00|-1.0|handoff_divergence_fade_h15_tp06_sl065,2023-06-20 15:00:00+00:00,STAGE28A,data/reports/stage28a_discovery_factory_batch_runner/stage28a_exact_trades.csv,session_handoff_imbalance_v1,handoff_divergence_fade_h15_tp06_sl065,0.6853000000000066,-0.3646999999999933,-1.064699999999993,0,0,0,0,0.3646999999999933,10.899999999999864,9.029999999999973,0.2159468438538263,9.8900000000001,0.2517694641051551,3.2200000000000273,3.0290000000000417,0.164,-1.0,,,15,1,6.0,2023
2023-06-21 15:00:00+00:00|1.0|handoff_divergence_fade_h15_tp06_sl065,2023-06-21 15:00:00+00:00,STAGE28A,data/reports/stage28a_discovery_factory_batch_runner/stage28a_exact_trades.csv,session_handoff_imbalance_v1,handoff_divergence_fade_h15_tp06_sl065,0.6771999999999935,-0.3728000000000064,-1.0728000000000062,0,0,0,0,0.3728000000000064,26.99000000000001,4.149999999999864,0.10843373493977355,6.149999999999864,0.6065040650406668,2.119999999999891,2.6699999999999706,0.024,1.0,,,15,2,6.0,2023
2023-06-23 15:00:00+00:00|-1.0|handoff_divergence_fade_h15_tp06_sl065,2023-06-23 15:00:00+00:00,STAGE28A,data/reports/stage28a_discovery_factory_batch_runner/stage28a_exact_trades.csv,session_handoff_imbalance_v1,handoff_divergence_fade_h15_tp06_sl065,-1.489124999999922,-2.5391249999999217,-3.239124999999921,0,0,0,0,2.5391249999999217,22.579999999999927,6.009999999999991,0.21630615640598277,7.990000000000009,0.6958698372966131,3.0399999999999636,2.995999999999981,0.148,-1.0,,,15,4,6.0,2023
2023-06-27 15:00:00+00:00|1.0|handoff_divergence_fade_h15_tp06_sl065,2023-06-27 15:00:00+00:00,STAGE28A,data/reports/stage28a_discovery_factory_batch_runner/stage28a_exact_trades.csv,session_handoff_imbalance_v1,handoff_divergence_fade_h15_tp06_sl065,-1.3883750000000874,-2.4383750000000872,-3.138375000000087,0,0,0,0,2.4383750000000872,11.819999999999936,9.349999999999909,0.4064171122994643,5.9500000000000455,0.724369747899145,3.800000000000182,2.870000000000016,0.072,1.0,,,15,1,6.0,2023
2023-06-28 15:00:00+00:00|1.0|handoff_divergence_fade_h15_tp06_sl065,2023-06-28 15:00:00+00:00,STAGE28A,data/reports/stage28a_discovery_factory_batch_runner/stage28a_exact_trades.csv,session_handoff_imbalance_v1,handoff_divergence_fade_h15_tp06_sl065,-1.477424999999903,-2.5274249999999028,-3.2274249999999025,0,0,0,0,2.5274249999999028,19.659999999999854,3.949999999999818,0.05822784810127311,9.480000000000018,0.8280590717299466,2.0699999999999363,2.80600000000004,0.044,1.0,,,15,2,6.0,2023
2023-06-29 15:00:00+00:00|-1.0|handoff_divergence_fade_h15_tp06_sl065,2023-06-29 15:00:00+00:00,STAGE28A,data/reports/stage28a_discovery_factory_batch_runner/stage28a_exact_trades.csv,session_handoff_imbalance_v1,handoff_divergence_fade_h15_tp06_sl065,0.6661000000000513,-0.3838999999999486,-1.0838999999999483,0,0,0,0,0.3838999999999486,14.339999999999918,10.029999999999973,0.4386839481555437,5.619999999999891,0.03914590747331522,1.8200000000001637,2.852499999999998,0.064,-1.0,,,15,3,6.0,2023
2023-06-30 15:00:00+00:00|1.0|handoff_divergence_fade_h15_tp06_sl065,2023-06-30 15:00:00+00:00,STAGE28A,data/reports/stage28a_discovery_factory_batch_runner/stage28a_exact_trades.csv,session_handoff_imbalance_v1,handoff_divergence_fade_h15_tp06_sl065,-1.3545749999999317,-2.4045749999999315,-3.1045749999999317,0,0,0,0,2.4045749999999315,20.1099999999999,2.660000000000082,0.037593984962456146,9.329999999999927,0.33976420150054637,2.3799999999998818,2.476999999999964,0.004,1.0,,,15,4,6.0,2023
2023-07-05 15:00:00+00:00|-1.0|handoff_divergence_fade_h15_tp06_sl065,2023-07-05 15:00:00+00:00,STAGE28A,data/reports/stage28a_discovery_factory_batch_runner/stage28a_exact_trades.csv,session_handoff_imbalance_v1,handoff_divergence_fade_h15_tp06_sl065,0.5014000000000124,-0.5485999999999875,-1.2485999999999873,0,0,0,0,0.5485999999999875,10.940000000000055,3.9700000000000273,0.42821158690177175,8.25,0.5624242424242546,2.0299999999999727,2.3525000000000205,0.088,-1.0,,,15,2,7.0,2023
2023-07-06 15:00:00+00:00|1.0|handoff_divergence_fade_h15_tp06_sl065,2023-07-06 15:00:00+00:00,STAGE28A,data/reports/stage28a_discovery_factory_batch_runner/stage28a_exact_trades.csv,session_handoff_imbalance_v1,handoff_divergence_fade_h15_tp06_sl065,0.7111000000001241,-0.3388999999998758,-1.0388999999998756,0,0,0,0,0.3388999999998758,20.289999999999964,5.2000000000000455,0.3557692307692102,5.379999999999882,0.15055762081783702,3.0399999999999636,2.8439999999999825,0.148,1.0,,,15,3,7.0,2023
2023-07-10 15:00:00+00:00|-1.0|handoff_divergence_fade_h15_tp06_sl065,2023-07-10 15:00:00+00:00,STAGE28A,data/reports/stage28a_discovery_factory_batch_runner/stage28a_exact_trades.csv,session_handoff_imbalance_v1,handoff_divergence_fade_h15_tp06_sl065,-1.2717000000001009,-2.3217000000001007,-3.0217000000001004,0,0,0,0,2.3217000000001007,4.289999999999964,5.559999999999945,0.3992805755395772,6.920000000000073,0.0765895953757178,2.769999999999982,2.764499999999998,0.144,-1.0,,,15,0,7.0,2023
2023-07-12 15:00:00+00:00|1.0|handoff_divergence_fade_h15_tp06_sl065,2023-07-12 15:00:00+00:00,STAGE28A,data/reports/stage28a_discovery_factory_batch_runner/stage28a_exact_trades.csv,session_handoff_imbalance_v1,handoff_divergence_fade_h15_tp06_sl065,0.4101999999999407,-0.6398000000000592,-1.339800000000059,0,0,0,0,0.6398000000000592,14.170000000000073,8.88000000000011,0.5833333333333334,6.5,0.4799999999999832,2.9200000000000728,2.337500000000034,0.092,1.0,,,15,2,7.0,2023
2023-07-14 15:00:00+00:00|1.0|handoff_divergence_fade_h15_tp06_sl065,2023-07-14 15:00:00+00:00,STAGE28A,data/reports/stage28a_discovery_factory_batch_runner/stage28a_exact_trades.csv,session_handoff_imbalance_v1,handoff_divergence_fade_h15_tp06_sl065,-1.3457999999999175,-2.3957999999999173,-3.095799999999917,0,0,0,0,2.3957999999999173,11.190000000000055,5.370000000000118,0.4897579143388871,8.259999999999991,0.7990314769975686,3.9299999999998363,2.591000000000008,0.144,1.0,,,15,4,7.0,2023
2023-07-17 15:00:00+00:00|-1.0|handoff_divergence_fade_h15_tp06_sl065,2023-07-17 15:00:00+00:00,STAGE28A,data/reports/stage28a_discovery_factory_batch_runner/stage28a_exact_trades.csv,session_handoff_imbalance_v1,handoff_divergence_fade_h15_tp06_sl065,0.6927999999999429,-0.357200000000057,-1.0572000000000568,0,0,0,0,0.357200000000057,2.8300000000001546,4.990000000000009,0.1923847695390851,8.600000000000136,0.7697674418604666,1.4399999999998272,3.020999999999981,0.26,-1.0,,,15,0,7.0,2023
2023-07-19 15:00:00+00:00|-1.0|handoff_divergence_fade_h15_tp06_sl065,2023-07-19 15:00:00+00:00,STAGE28A,data/reports/stage28a_discovery_factory_batch_runner/stage28a_exact_trades.csv,session_handoff_imbalance_v1,handoff_divergence_fade_h15_tp06_sl065,0.5769999999999073,-0.4730000000000927,-1.1730000000000924,0,0,0,0,0.4730000000000927,30.559999999999945,4.790000000000191,0.6847599164926601,7.9500000000000455,0.21509433962264485,4.289999999999964,2.8579999999999925,0.144,-1.0,,,15,2,7.0,2023
2023-07-20 15:00:00+00:00|1.0|handoff_divergence_fade_h15_tp06_sl065,2023-07-20 15:00:00+00:00,STAGE28A,data/reports/stage28a_discovery_factory_batch_runner/stage28a_exact_trades.csv,session_handoff_imbalance_v1,handoff_divergence_fade_h15_tp06_sl065,-1.5443750000000365,-2.5943750000000363,-3.294375000000036,0,0,0,0,2.5943750000000363,11.170000000000073,11.850000000000136,0.6607594936708915,7.610000000000127,0.5611038107753138,3.0700000000001637,2.980000000000041,0.128,1.0,,,15,3,7.0,2023
2023-07-26 15:00:00+00:00|-1.0|handoff_divergence_fade_h15_tp06_sl065,2023-07-26 15:00:00+00:00,STAGE28A,data/reports/stage28a_discovery_factory_batch_runner/stage28a_exact_trades.csv,session_handoff_imbalance_v1,handoff_divergence_fade_h15_tp06_sl065,0.4993000000000848,-0.5506999999999151,-1.2506999999999149,0,0,0,0,0.5506999999999151,14.290000000000191,4.230000000000018,0.14184397163118356,10.13000000000011,0.7423494570582331,2.8600000000001273,2.357000000000005,0.016,-1.0,,,15,2,7.0,2023
2023-07-27 15:00:00+00:00|1.0|handoff_divergence_fade_h15_tp06_sl065,2023-07-27 15:00:00+00:00,STAGE28A,data/reports/stage28a_discovery_factory_batch_runner/stage28a_exact_trades.csv,session_handoff_imbalance_v1,handoff_divergence_fade_h15_tp06_sl065,0.8698000000000775,-0.1801999999999224,-0.8801999999999222,0,0,0,0,0.1801999999999224,16.339999999999918,11.230000000000018,0.40783615316118854,8.529999999999973,0.30480656506449527,3.5599999999999454,4.06949999999996,0.848,1.0,,,15,3,7.0,2023
2023-07-28 15:00:00+00:00|1.0|handoff_divergence_fade_h15_tp06_sl065,2023-07-28 15:00:00+00:00,STAGE28A,data/reports/stage28a_discovery_factory_batch_runner/stage28a_exact_trades.csv,session_handoff_imbalance_v1,handoff_divergence_fade_h15_tp06_sl065,0.908199999999988,-0.1418000000000119,-0.8418000000000117,0,0,0,0,0.1418000000000119,39.559999999999945,9.389999999999873,0.7816826411075873,8.8900000000001,0.2598425196850303,4.940000000000055,3.9065000000000167,0.724,1.0,,,15,4,7.0,2023
2023-08-02 15:00:00+00:00|-1.0|handoff_divergence_fade_h15_tp06_sl065,2023-08-02 15:00:00+00:00,STAGE28A,data/reports/stage28a_discovery_factory_batch_runner/stage28a_exact_trades.csv,session_handoff_imbalance_v1,handoff_divergence_fade_h15_tp06_sl065,-1.4852249999999914,-2.535224999999991,-3.235224999999991,0,0,0,0,2.535224999999991,24.850000000000136,8.789999999999964,0.2104664391353975,6.620000000000118,0.055891238670711725,4.3900000000001,3.1050000000000524,0.132,-1.0,,,15,2,8.0,2023
2023-08-08 15:00:00+00:00|-1.0|handoff_divergence_fade_h15_tp06_sl065,2023-08-08 15:00:00+00:00,STAGE28A,data/reports/stage28a_discovery_factory_batch_runner/stage28a_exact_trades.csv,session_handoff_imbalance_v1,handoff_divergence_fade_h15_tp06_sl065,-1.7020000000000892,-2.752000000000089,-3.4520000000000888,0,0,0,0,2.752000000000089,15.170000000000073,6.919999999999845,0.42774566473986636,5.420000000000073,0.3487084870848427,5.099999999999909,2.8565000000000054,0.076,-1.0,,,15,1,8.0,2023
2023-08-09 15:00:00+00:00|1.0|handoff_divergence_fade_h15_tp06_sl065,2023-08-09 15:00:00+00:00,STAGE28A,data/reports/stage28a_discovery_factory_batch_runner/stage28a_exact_trades.csv,session_handoff_imbalance_v1,handoff_divergence_fade_h15_tp06_sl065,-1.2356250000001183,-2.285625000000118,-2.985625000000118,0,0,0,0,2.285625000000118,15.22999999999979,6.5900000000001455,0.7799696509863409,6.440000000000055,0.6024844720497012,2.980000000000018,2.302000000000021,0.008,1.0,,,15,2,8.0,2023
2023-08-14 15:00:00+00:00|-1.0|handoff_divergence_fade_h15_tp06_sl065,2023-08-14 15:00:00+00:00,STAGE28A,data/reports/stage28a_discovery_factory_batch_runner/stage28a_exact_trades.csv,session_handoff_imbalance_v1,handoff_divergence_fade_h15_tp06_sl065,-1.3165500000000976,-2.3665500000000974,-3.066550000000097,0,0,0,0,2.3665500000000974,2.990000000000009,5.099999999999909,0.18235294117648632,5.559999999999945,0.24280575539566948,1.6599999999998545,2.340499999999986,0.028,-1.0,,,15,0,8.0,2023
2023-08-17 15:00:00+00:00|-1.0|handoff_divergence_fade_h15_tp06_sl065,2023-08-17 15:00:00+00:00,STAGE28A,data/reports/stage28a_discovery_factory_batch_runner/stage28a_exact_trades.csv,session_handoff_imbalance_v1,handoff_divergence_fade_h15_tp06_sl065,-1.327924999999914,-2.3779249999999137,-3.077924999999913,0,0,0,0,2.3779249999999137,15.420000000000073,5.419999999999845,0.30442804428046827,5.570000000000164,0.45960502692995875,2.7000000000000455,2.747500000000014,0.156,-1.0,,,15,3,8.0,2023
2023-08-18 15:00:00+00:00|1.0|handoff_divergence_fade_h15_tp06_sl065,2023-08-18 15:00:00+00:00,STAGE28A,data/reports/stage28a_discovery_factory_batch_runner/stage28a_exact_trades.csv,session_handoff_imbalance_v1,handoff_divergence_fade_h15_tp06_sl065,0.4056999999999334,-0.6443000000000665,-1.3443000000000662,0,0,0,0,0.6443000000000665,18.539999999999964,6.210000000000036,0.4541062801932238,2.9199999999998454,0.04452054794516735,1.8700000000001182,2.3310000000000057,0.04,1.0,,,15,4,8.0,2023
2023-08-21 15:00:00+00:00|1.0|handoff_divergence_fade_h15_tp06_sl065,2023-08-21 15:00:00+00:00,STAGE28A,data/reports/stage28a_discovery_factory_batch_runner/stage28a_exact_trades.csv,session_handoff_imbalance_v1,handoff_divergence_fade_h15_tp06_sl065,0.5496999999999389,-0.500300000000061,-1.2003000000000608,0,0,0,0,0.500300000000061,2.060000000000173,8.830000000000155,0.15288788221971833,6.619999999999891,0.32326283987917453,5.220000000000027,3.0640000000000214,0.512,1.0,,,15,0,8.0,2023
2023-08-24 15:00:00+00:00|1.0|handoff_divergence_fade_h15_tp06_sl065,2023-08-24 15:00:00+00:00,STAGE28A,data/reports/stage28a_discovery_factory_batch_runner/stage28a_exact_trades.csv,session_handoff_imbalance_v1,handoff_divergence_fade_h15_tp06_sl065,0.4878999999999905,-0.5621000000000094,-1.262100000000009,0,0,0,0,0.5621000000000094,23.429999999999836,6.710000000000036,0.5722801788375744,3.6400000000001,0.36263736263739765,3.269999999999982,2.1479999999999677,0.02,1.0,,,15,3,8.0,2023
2023-08-25 15:00:00+00:00|-1.0|handoff_divergence_fade_h15_tp06_sl065,2023-08-25 15:00:00+00:00,STAGE28A,data/reports/stage28a_discovery_factory_batch_runner/stage28a_exact_trades.csv,session_handoff_imbalance_v1,handoff_divergence_fade_h15_tp06_sl065,0.4680999999999585,-0.5819000000000414,-1.2819000000000411,0,0,0,0,0.5819000000000414,11.639999999999873,4.470000000000027,0.7919463087248192,5.199999999999818,0.5307692307692475,2.25,2.0470000000000255,0.016,-1.0,,,15,4,8.0,2023
2023-08-28 15:00:00+00:00|1.0|handoff_divergence_fade_h15_tp06_sl065,2023-08-28 15:00:00+00:00,STAGE28A,data/reports/stage28a_discovery_factory_batch_runner/stage28a_exact_trades.csv,session_handoff_imbalance_v1,handoff_divergence_fade_h15_tp06_sl065,0.2311000000001059,-0.818899999999894,-1.5188999999998938,0,0,0,0,0.818899999999894,1.490000000000009,3.0700000000001637,0.4364820846905038,4.259999999999991,0.5023474178403468,1.0199999999999818,1.9690000000000054,0.008,1.0,,,15,0,8.0,2023
2023-08-29 15:00:00+00:00|1.0|handoff_divergence_fade_h15_tp06_sl065,2023-08-29 15:00:00+00:00,STAGE28A,data/reports/stage28a_discovery_factory_batch_runner/stage28a_exact_trades.csv,session_handoff_imbalance_v1,handoff_divergence_fade_h15_tp06_sl065,0.4105000000000928,-0.6394999999999071,-1.3394999999999069,0,0,0,0,0.6394999999999071,13.430000000000064,6.25,0.7584000000000014,3.9300000000000637,0.2646310432569839,3.8200000000001637,2.2140000000000555,0.06,1.0,,,15,1,8.0,2023
2023-08-31 15:00:00+00:00|1.0|handoff_divergence_fade_h15_tp06_sl065,2023-08-31 15:00:00+00:00,STAGE28A,data/reports/stage28a_discovery_factory_batch_runner/stage28a_exact_trades.csv,session_handoff_imbalance_v1,handoff_divergence_fade_h15_tp06_sl065,-1.002274999999918,-2.0522749999999177,-2.752274999999917,0,0,0,0,2.0522749999999177,14.009999999999991,6.100000000000136,0.08360655737704582,3.089999999999918,0.11650485436890275,2.230000000000018,1.7620000000000118,0.008,1.0,,,15,3,8.0,2023
2023-09-01 15:00:00+00:00|-1.0|handoff_divergence_fade_h15_tp06_sl065,2023-09-01 15:00:00+00:00,STAGE28A,data/reports/stage28a_discovery_factory_batch_runner/stage28a_exact_trades.csv,session_handoff_imbalance_v1,handoff_divergence_fade_h15_tp06_sl065,0.2226999999999407,-0.8273000000000592,-1.527300000000059,0,0,0,0,0.8273000000000592,8.789999999999964,5.3900000000001,0.20222634508351117,6.300000000000182,0.8380952380952096,1.8999999999998636,1.9205000000000154,0.036,-1.0,,,15,4,9.0,2023
2023-09-04 15:00:00+00:00|1.0|handoff_divergence_fade_h15_tp06_sl065,2023-09-04 15:00:00+00:00,STAGE28A,data/reports/stage28a_discovery_factory_batch_runner/stage28a_exact_trades.csv,session_handoff_imbalance_v1,handoff_divergence_fade_h15_tp06_sl065,0.2557000000000698,-0.7942999999999301,-1.4942999999999298,0,0,0,0,0.7942999999999301,1.0,6.720000000000027,0.8005952380952173,5.430000000000064,0.7219152854511601,2.150000000000091,1.9595000000000256,0.04,1.0,,,15,0,9.0,2023
2023-09-06 15:00:00+00:00|1.0|handoff_divergence_fade_h15_tp06_sl065,2023-09-06 15:00:00+00:00,STAGE28A,data/reports/stage28a_discovery_factory_batch_runner/stage28a_exact_trades.csv,session_handoff_imbalance_v1,handoff_divergence_fade_h15_tp06_sl065,-1.199875000000111,-2.249875000000111,-2.9498750000001106,0,0,0,0,2.249875000000111,13.569999999999936,2.7200000000000273,0.05882352941179421,5.8599999999999,0.2030716723549616,1.6900000000000546,1.7910000000000195,0.06,1.0,,,15,2,9.0,2023
2023-09-07 15:00:00+00:00|1.0|handoff_divergence_fade_h15_tp06_sl065,2023-09-07 15:00:00+00:00,STAGE28A,data/reports/stage28a_discovery_factory_batch_runner/stage28a_exact_trades.csv,session_handoff_imbalance_v1,handoff_divergence_fade_h15_tp06_sl065,0.3301000000000386,-0.7198999999999613,-1.419899999999961,0,0,0,0,0.7198999999999613,13.889999999999873,4.419999999999845,0.5769230769230869,3.400000000000091,0.03529411764709266,2.25,1.9339999999999917,0.14,1.0,,,15,3,9.0,2023
2023-09-08 15:00:00+00:00|1.0|handoff_divergence_fade_h15_tp06_sl065,2023-09-08 15:00:00+00:00,STAGE28A,data/reports/stage28a_discovery_factory_batch_runner/stage28a_exact_trades.csv,session_handoff_imbalance_v1,handoff_divergence_fade_h15_tp06_sl065,0.2512000000000626,-0.7987999999999373,-1.498799999999937,0,0,0,0,0.7987999999999373,7.3599999999999,8.149999999999864,0.6343558282208506,3.8600000000001273,0.07512953367874457,1.2899999999999636,1.9295000000000073,0.14,1.0,,,15,4,9.0,2023
2023-09-12 15:00:00+00:00|1.0|handoff_divergence_fade_h15_tp06_sl065,2023-09-12 15:00:00+00:00,STAGE28A,data/reports/stage28a_discovery_factory_batch_runner/stage28a_exact_trades.csv,session_handoff_imbalance_v1,handoff_divergence_fade_h15_tp06_sl065,0.4588000000000193,-0.5911999999999806,-1.2911999999999804,0,0,0,0,0.5911999999999806,14.0,4.029999999999973,0.2853598014888018,5.920000000000073,0.7854729729729403,4.769999999999982,2.106500000000017,0.2,1.0,,,15,1,9.0,2023
2023-09-13 15:00:00+00:00|-1.0|handoff_divergence_fade_h15_tp06_sl065,2023-09-13 15:00:00+00:00,STAGE28A,data/reports/stage28a_discovery_factory_batch_runner/stage28a_exact_trades.csv,session_handoff_imbalance_v1,handoff_divergence_fade_h15_tp06_sl065,-1.04094999999993,-2.0909499999999297,-2.790949999999929,0,0,0,0,2.0909499999999297,16.910000000000082,5.6400000000001,0.6790780141843722,4.369999999999891,0.3729977116705148,1.6900000000000546,1.9655000000000313,0.16,-1.0,,,15,2,9.0,2023
2023-09-14 15:00:00+00:00|1.0|handoff_divergence_fade_h15_tp06_sl065,2023-09-14 15:00:00+00:00,STAGE28A,data/reports/stage28a_discovery_factory_batch_runner/stage28a_exact_trades.csv,session_handoff_imbalance_v1,handoff_divergence_fade_h15_tp06_sl065,0.2550999999999931,-0.7949000000000068,-1.4949000000000066,0,0,0,0,0.7949000000000068,10.190000000000055,5.3599999999999,0.15671641791043542,5.760000000000218,0.5711805555555276,1.9200000000000728,2.086000000000001,0.184,1.0,,,15,3,9.0,2023
2023-09-18 15:00:00+00:00|1.0|handoff_divergence_fade_h15_tp06_sl065,2023-09-18 15:00:00+00:00,STAGE28A,data/reports/stage28a_discovery_factory_batch_runner/stage28a_exact_trades.csv,session_handoff_imbalance_v1,handoff_divergence_fade_h15_tp06_sl065,-1.0572000000000572,-2.107200000000057,-2.8072000000000568,0,0,0,0,2.107200000000057,1.2699999999999818,6.9500000000000455,0.7381294964028886,5.480000000000018,0.3357664233576897,1.7299999999997908,1.9065000000000054,0.108,1.0,,,15,0,9.0,2023
2023-09-19 15:00:00+00:00|-1.0|handoff_divergence_fade_h15_tp06_sl065,2023-09-19 15:00:00+00:00,STAGE28A,data/reports/stage28a_discovery_factory_batch_runner/stage28a_exact_trades.csv,session_handoff_imbalance_v1,handoff_divergence_fade_h15_tp06_sl065,0.2233000000000174,-0.8266999999999824,-1.5266999999999822,0,0,0,0,0.8266999999999824,11.730000000000018,2.8200000000001637,0.4893617021275892,5.589999999999918,0.5348837209302013,1.6000000000001364,1.7390000000000214,0.028,-1.0,,,15,1,9.0,2023
2023-09-26 15:00:00+00:00|-1.0|handoff_divergence_fade_h15_tp06_sl065,2023-09-26 15:00:00+00:00,STAGE28A,data/reports/stage28a_discovery_factory_batch_runner/stage28a_exact_trades.csv,session_handoff_imbalance_v1,handoff_divergence_fade_h15_tp06_sl065,-1.273000000000002,-2.3230000000000017,-3.023000000000001,0,0,0,0,2.3230000000000017,12.0,3.730000000000018,0.7774798927613538,5.860000000000127,0.10238907849831456,3.099999999999909,1.8685000000000058,0.032,-1.0,,,15,1,9.0,2023
2023-09-29 15:00:00+00:00|-1.0|handoff_divergence_fade_h15_tp06_sl065,2023-09-29 15:00:00+00:00,STAGE28A,data/reports/stage28a_discovery_factory_batch_runner/stage28a_exact_trades.csv,session_handoff_imbalance_v1,handoff_divergence_fade_h15_tp06_sl065,0.5095000000000255,-0.5404999999999744,-1.2404999999999742,0,0,0,0,0.5404999999999744,21.920000000000073,4.319999999999936,0.23379629629635026,10.939999999999827,0.9396709323583304,4.7000000000000455,2.986999999999989,0.676,-1.0,,,15,4,9.0,2023
2023-10-03 15:00:00+00:00|-1.0|handoff_divergence_fade_h15_tp06_sl065,2023-10-03 15:00:00+00:00,STAGE28A,data/reports/stage28a_discovery_factory_batch_runner/stage28a_exact_trades.csv,session_handoff_imbalance_v1,handoff_divergence_fade_h15_tp06_sl065,0.8277999999999338,-0.2222000000000661,-0.922200000000066,0,0,0,0,0.2222000000000661,21.720000000000027,14.25,0.5361403508772,11.009999999999991,0.5376930063578635,3.650000000000091,3.8245000000000346,0.76,-1.0,,,15,1,10.0,2023
2023-10-04 15:00:00+00:00|-1.0|handoff_divergence_fade_h15_tp06_sl065,2023-10-04 15:00:00+00:00,STAGE28A,data/reports/stage28a_discovery_factory_batch_runner/stage28a_exact_trades.csv,session_handoff_imbalance_v1,handoff_divergence_fade_h15_tp06_sl065,0.826300000000083,-0.2236999999999169,-0.9236999999999168,0,0,0,0,0.2236999999999169,18.170000000000073,5.2999999999999545,0.34905660377361364,7.849999999999909,0.1770700636942823,4.309999999999945,3.2379999999999995,0.476,-1.0,,,15,2,10.0,2023
2023-10-05 15:00:00+00:00|1.0|handoff_divergence_fade_h15_tp06_sl065,2023-10-05 15:00:00+00:00,STAGE28A,data/reports/stage28a_discovery_factory_batch_runner/stage28a_exact_trades.csv,session_handoff_imbalance_v1,handoff_divergence_fade_h15_tp06_sl065,0.5151999999999589,-0.534800000000041,-1.2348000000000408,0,0,0,0,0.534800000000041,13.930000000000064,7.940000000000055,0.7607052896725629,9.490000000000009,0.6649104320337134,3.1400000000001,2.9065000000000283,0.332,1.0,,,15,3,10.0,2023
2023-10-06 15:00:00+00:00|1.0|handoff_divergence_fade_h15_tp06_sl065,2023-10-06 15:00:00+00:00,STAGE28A,data/reports/stage28a_discovery_factory_batch_runner/stage28a_exact_trades.csv,session_handoff_imbalance_v1,handoff_divergence_fade_h15_tp06_sl065,-1.2814500000000408,-2.3314500000000407,-3.0314500000000404,0,0,0,0,2.3314500000000407,16.13000000000011,4.75,0.5810526315789455,5.929999999999836,0.5801011804384738,2.099999999999909,2.3605000000000134,0.16,1.0,,,15,4,10.0,2023
2023-10-09 15:00:00+00:00|1.0|handoff_divergence_fade_h15_tp06_sl065,2023-10-09 15:00:00+00:00,STAGE28A,data/reports/stage28a_discovery_factory_batch_runner/stage28a_exact_trades.csv,session_handoff_imbalance_v1,handoff_divergence_fade_h15_tp06_sl065,-1.2284749999999804,-2.2784749999999803,-2.97847499999998,0,0,0,0,2.2784749999999803,9.849999999999909,9.849999999999909,0.15532994923857735,6.470000000000027,0.006182380216377658,1.3400000000001455,4.110000000000014,0.64,1.0,,,15,0,10.0,2023
2023-10-10 15:00:00+00:00|1.0|handoff_divergence_fade_h15_tp06_sl065,2023-10-10 15:00:00+00:00,STAGE28A,data/reports/stage28a_discovery_factory_batch_runner/stage28a_exact_trades.csv,session_handoff_imbalance_v1,handoff_divergence_fade_h15_tp06_sl065,-1.4371250000000146,-2.4871250000000145,-3.187125000000014,0,0,0,0,2.4871250000000145,19.25999999999999,5.050000000000182,0.20792079207919142,7.339999999999918,0.5640326975477038,2.5499999999999545,3.063499999999999,0.2,1.0,,,15,1,10.0,2023
2023-10-17 15:00:00+00:00|-1.0|handoff_divergence_fade_h15_tp06_sl065,2023-10-17 15:00:00+00:00,STAGE28A,data/reports/stage28a_discovery_factory_batch_runner/stage28a_exact_trades.csv,session_handoff_imbalance_v1,handoff_divergence_fade_h15_tp06_sl065,0.7659999999999855,-0.2840000000000144,-0.9840000000000142,0,0,0,0,0.2840000000000144,22.09999999999991,9.3599999999999,0.22435897435899133,9.639999999999873,0.6390041493775868,3.410000000000082,2.9934999999999716,0.112,-1.0,,,15,1,10.0,2023
2023-10-19 15:00:00+00:00|-1.0|handoff_divergence_fade_h15_tp06_sl065,2023-10-19 15:00:00+00:00,STAGE28A,data/reports/stage28a_discovery_factory_batch_runner/stage28a_exact_trades.csv,session_handoff_imbalance_v1,handoff_divergence_fade_h15_tp06_sl065,-1.704274999999916,-2.754274999999916,-3.454274999999916,0,0,0,0,2.754274999999916,39.38999999999987,8.089999999999918,0.41532756489492384,9.13000000000011,0.4841182913472092,2.7000000000000455,3.988000000000022,0.576,-1.0,,,15,3,10.0,2023
2023-10-23 15:00:00+00:00|-1.0|handoff_divergence_fade_h15_tp06_sl065,2023-10-23 15:00:00+00:00,STAGE28A,data/reports/stage28a_discovery_factory_batch_runner/stage28a_exact_trades.csv,session_handoff_imbalance_v1,handoff_divergence_fade_h15_tp06_sl065,-1.8424000000000889,-2.8924000000000887,-3.5924000000000884,0,0,0,0,2.8924000000000887,16.730000000000018,16.730000000000018,0.16198445905559075,10.169999999999845,0.40019665683384714,3.910000000000082,6.3669999999999956,0.916,-1.0,,,15,0,10.0,2023
2023-10-24 15:00:00+00:00|1.0|handoff_divergence_fade_h15_tp06_sl065,2023-10-24 15:00:00+00:00,STAGE28A,data/reports/stage28a_discovery_factory_batch_runner/stage28a_exact_trades.csv,session_handoff_imbalance_v1,handoff_divergence_fade_h15_tp06_sl065,1.3978000000000974,0.3478000000000976,-0.3521999999999021,1,0,1,0,0.3478000000000976,21.069999999999936,9.460000000000036,0.40697674418603536,14.259999999999991,0.7180925666199169,10.63000000000011,4.323000000000024,0.512,1.0,,,15,1,10.0,2023
2023-10-25 15:00:00+00:00|1.0|handoff_divergence_fade_h15_tp06_sl065,2023-10-25 15:00:00+00:00,STAGE28A,data/reports/stage28a_discovery_factory_batch_runner/stage28a_exact_trades.csv,session_handoff_imbalance_v1,handoff_divergence_fade_h15_tp06_sl065,-1.7735000000001038,-2.823500000000104,-3.5235000000001038,0,0,0,0,2.823500000000104,27.230000000000018,7.0900000000001455,0.3808180535966135,7.660000000000082,0.4856396866840715,4.059999999999945,3.690000000000032,0.264,1.0,,,15,2,10.0,2023
2023-10-27 15:00:00+00:00|1.0|handoff_divergence_fade_h15_tp06_sl065,2023-10-27 15:00:00+00:00,STAGE28A,data/reports/stage28a_discovery_factory_batch_runner/stage28a_exact_trades.csv,session_handoff_imbalance_v1,handoff_divergence_fade_h15_tp06_sl065,0.6882999999999356,-0.3617000000000643,-1.061700000000064,0,0,0,0,0.3617000000000643,21.6400000000001,5.900000000000091,0.44406779661014417,4.7000000000000455,0.42340425531914677,2.9700000000000273,3.2135000000000105,0.052,1.0,,,15,4,10.0,2023
2023-10-31 15:00:00+00:00|-1.0|handoff_divergence_fade_h15_tp06_sl065,2023-10-31 15:00:00+00:00,STAGE28A,data/reports/stage28a_discovery_factory_batch_runner/stage28a_exact_trades.csv,session_handoff_imbalance_v1,handoff_divergence_fade_h15_tp06_sl065,0.8394999999999527,-0.2105000000000472,-0.9105000000000468,0,0,0,0,0.2105000000000472,15.75,6.7000000000000455,0.38656716417908965,7.740000000000009,0.9470284237725993,6.710000000000036,2.9930000000000065,0.012,-1.0,,,15,1,10.0,2023
2023-11-01 15:00:00+00:00|-1.0|handoff_divergence_fade_h15_tp06_sl065,2023-11-01 15:00:00+00:00,STAGE28A,data/reports/stage28a_discovery_factory_batch_runner/stage28a_exact_trades.csv,session_handoff_imbalance_v1,handoff_divergence_fade_h15_tp06_sl065,0.8214999999999236,-0.2285000000000763,-0.928500000000076,0,0,0,0,0.2285000000000763,29.070000000000164,10.86999999999989,0.525298988040487,7.8599999999999,0.7175572519084188,5.279999999999973,3.542500000000041,0.056,-1.0,,,15,2,11.0,2023
2023-11-06 15:00:00+00:00|-1.0|handoff_divergence_fade_h15_tp06_sl065,2023-11-06 15:00:00+00:00,STAGE28A,data/reports/stage28a_discovery_factory_batch_runner/stage28a_exact_trades.csv,session_handoff_imbalance_v1,handoff_divergence_fade_h15_tp06_sl065,-1.294774999999936,-2.344774999999936,-3.044774999999936,0,0,0,0,2.344774999999936,5.789999999999964,11.179999999999836,0.42397137745975655,6.1099999999999,0.5908346972176692,4.75,3.6174999999999726,0.168,-1.0,,,15,0,11.0,2023
2023-11-13 15:00:00+00:00|-1.0|handoff_divergence_fade_h15_tp06_sl065,2023-11-13 15:00:00+00:00,STAGE28A,data/reports/stage28a_discovery_factory_batch_runner/stage28a_exact_trades.csv,session_handoff_imbalance_v1,handoff_divergence_fade_h15_tp06_sl065,-1.7426249999999528,-2.7926249999999526,-3.4926249999999524,0,0,0,0,2.7926249999999526,23.48999999999978,24.25999999999999,0.19167353668589718,5.509999999999991,0.6950998185117847,3.0399999999999636,4.995499999999981,0.884,-1.0,,,15,0,11.0,2023
2023-11-14 15:00:00+00:00|-1.0|handoff_divergence_fade_h15_tp06_sl065,2023-11-14 15:00:00+00:00,STAGE28A,data/reports/stage28a_discovery_factory_batch_runner/stage28a_exact_trades.csv,session_handoff_imbalance_v1,handoff_divergence_fade_h15_tp06_sl065,0.4054000000000087,-0.6445999999999912,-1.344599999999991,0,0,0,0,0.6445999999999912,31.539999999999964,4.509999999999991,0.38802660753880347,4.4500000000000455,0.4898876404493964,1.8899999999998727,1.9900000000000204,0.004,-1.0,,,15,1,11.0,2023
2023-11-20 15:00:00+00:00|1.0|handoff_divergence_fade_h15_tp06_sl065,2023-11-20 15:00:00+00:00,STAGE28A,data/reports/stage28a_discovery_factory_batch_runner/stage28a_exact_trades.csv,session_handoff_imbalance_v1,handoff_divergence_fade_h15_tp06_sl065,0.7923999999999524,-0.2576000000000475,-0.9576000000000472,0,0,0,0,0.2576000000000475,4.460000000000036,11.800000000000182,0.5805084745762545,8.240000000000009,0.6638349514563132,2.8199999999999363,3.537000000000012,0.328,1.0,,,15,0,11.0,2023
2023-11-21 15:00:00+00:00|1.0|handoff_divergence_fade_h15_tp06_sl065,2023-11-21 15:00:00+00:00,STAGE28A,data/reports/stage28a_discovery_factory_batch_runner/stage28a_exact_trades.csv,session_handoff_imbalance_v1,handoff_divergence_fade_h15_tp06_sl065,-1.7123999999999795,-2.7623999999999795,-3.4623999999999797,0,0,0,0,2.7623999999999795,19.700000000000045,17.019999999999982,0.6404230317273722,10.009999999999991,0.3466533466533497,2.769999999999982,4.015999999999986,0.7,1.0,,,15,1,11.0,2023
2023-11-23 15:00:00+00:00|1.0|handoff_divergence_fade_h15_tp06_sl065,2023-11-23 15:00:00+00:00,STAGE28A,data/reports/stage28a_discovery_factory_batch_runner/stage28a_exact_trades.csv,session_handoff_imbalance_v1,handoff_divergence_fade_h15_tp06_sl065,0.4639000000001033,-0.5860999999998966,-1.2860999999998963,0,0,0,0,0.5860999999998966,19.419999999999845,9.160000000000082,0.5262008733624586,6.319999999999936,0.2547468354430607,2.2100000000000364,2.8385000000000105,0.068,1.0,,,15,3,11.0,2023
2023-11-24 15:00:00+00:00|-1.0|handoff_divergence_fade_h15_tp06_sl065,2023-11-24 15:00:00+00:00,STAGE28A,data/reports/stage28a_discovery_factory_batch_runner/stage28a_exact_trades.csv,session_handoff_imbalance_v1,handoff_divergence_fade_h15_tp06_sl065,0.3979000000000724,-0.6520999999999275,-1.3520999999999272,0,0,0,0,0.6520999999999275,9.38000000000011,3.4400000000000546,0.11627906976740036,4.259999999999991,0.47652582159623874,2.2199999999998,1.9245000000000119,0.008,-1.0,,,15,4,11.0,2023
2023-11-28 15:00:00+00:00|-1.0|handoff_divergence_fade_h15_tp06_sl065,2023-11-28 15:00:00+00:00,STAGE28A,data/reports/stage28a_discovery_factory_batch_runner/stage28a_exact_trades.csv,session_handoff_imbalance_v1,handoff_divergence_fade_h15_tp06_sl065,-1.208649999999898,-2.2586499999998977,-2.9586499999998974,0,0,0,0,2.2586499999998977,17.639999999999873,4.9500000000000455,0.02626262626264807,4.529999999999973,0.09713024282556951,1.8700000000001182,2.5904999999999974,0.144,-1.0,,,15,1,11.0,2023
2023-11-29 15:00:00+00:00|1.0|handoff_divergence_fade_h15_tp06_sl065,2023-11-29 15:00:00+00:00,STAGE28A,data/reports/stage28a_discovery_factory_batch_runner/stage28a_exact_trades.csv,session_handoff_imbalance_v1,handoff_divergence_fade_h15_tp06_sl065,0.7549000000000433,-0.2950999999999566,-0.9950999999999564,0,0,0,0,0.2950999999999566,32.87999999999988,11.659999999999854,0.15694682675814323,13.519999999999754,0.6531065088757462,3.310000000000173,3.965999999999963,0.664,1.0,,,15,2,11.0,2023
2023-12-06 15:00:00+00:00|1.0|handoff_divergence_fade_h15_tp06_sl065,2023-12-06 15:00:00+00:00,STAGE28A,data/reports/stage28a_discovery_factory_batch_runner/stage28a_exact_trades.csv,session_handoff_imbalance_v1,handoff_divergence_fade_h15_tp06_sl065,-1.97175000000002,-3.02175000000002,-3.72175000000002,0,0,0,0,3.02175000000002,31.279999999999973,6.980000000000018,0.43696275071632473,15.710000000000036,0.05919796308084414,6.480000000000018,4.313999999999998,0.644,1.0,,,15,2,12.0,2023
2023-12-07 15:00:00+00:00|-1.0|handoff_divergence_fade_h15_tp06_sl065,2023-12-07 15:00:00+00:00,STAGE28A,data/reports/stage28a_discovery_factory_batch_runner/stage28a_exact_trades.csv,session_handoff_imbalance_v1,handoff_divergence_fade_h15_tp06_sl065,-1.6636500000000525,-2.7136500000000523,-3.413650000000052,0,0,0,0,2.7136500000000523,18.700000000000045,4.740000000000009,0.21940928270041385,9.889999999999873,0.765419615773512,3.0399999999999636,3.279499999999996,0.216,-1.0,,,15,3,12.0,2023
2023-12-08 15:00:00+00:00|1.0|handoff_divergence_fade_h15_tp06_sl065,2023-12-08 15:00:00+00:00,STAGE28A,data/reports/stage28a_discovery_factory_batch_runner/stage28a_exact_trades.csv,session_handoff_imbalance_v1,handoff_divergence_fade_h15_tp06_sl065,-1.6220500000000355,-2.672050000000036,-3.3720500000000357,0,0,0,0,2.672050000000036,19.700000000000045,7.100000000000136,0.48309859154929546,5.870000000000118,0.2913117546848385,3.1000000000001364,3.499499999999989,0.188,1.0,,,15,4,12.0,2023
2023-12-13 15:00:00+00:00|-1.0|handoff_divergence_fade_h15_tp06_sl065,2023-12-13 15:00:00+00:00,STAGE28A,data/reports/stage28a_discovery_factory_batch_runner/stage28a_exact_trades.csv,session_handoff_imbalance_v1,handoff_divergence_fade_h15_tp06_sl065,-1.2681249999999182,-2.318124999999918,-3.018124999999918,0,0,0,0,2.318124999999918,19.50999999999999,5.1099999999999,0.8297455968689026,10.309999999999945,0.48205625606208086,2.130000000000109,2.779499999999973,0.004,-1.0,,,15,2,12.0,2023
2023-12-14 15:00:00+00:00|-1.0|handoff_divergence_fade_h15_tp06_sl065,2023-12-14 15:00:00+00:00,STAGE28A,data/reports/stage28a_discovery_factory_batch_runner/stage28a_exact_trades.csv,session_handoff_imbalance_v1,handoff_divergence_fade_h15_tp06_sl065,-1.986375000000044,-3.036375000000044,-3.7363750000000433,0,0,0,0,3.036375000000044,60.16000000000008,14.930000000000064,0.10783657066308729,11.049999999999955,0.25610859728506236,5.5,7.25150000000001,0.84,-1.0,,,15,3,12.0,2023
2023-12-18 15:00:00+00:00|1.0|handoff_divergence_fade_h15_tp06_sl065,2023-12-18 15:00:00+00:00,STAGE28A,data/reports/stage28a_discovery_factory_batch_runner/stage28a_exact_trades.csv,session_handoff_imbalance_v1,handoff_divergence_fade_h15_tp06_sl065,0.8739999999999327,-0.1760000000000672,-0.876000000000067,0,0,0,0,0.1760000000000672,4.940000000000055,8.149999999999864,0.6920245398772966,8.159999999999854,0.45833333333334264,2.3400000000001455,4.2875,0.272,1.0,,,15,0,12.0,2023
2023-12-19 15:00:00+00:00|-1.0|handoff_divergence_fade_h15_tp06_sl065,2023-12-19 15:00:00+00:00,STAGE28A,data/reports/stage28a_discovery_factory_batch_runner/stage28a_exact_trades.csv,session_handoff_imbalance_v1,handoff_divergence_fade_h15_tp06_sl065,-1.358149999999887,-2.4081499999998868,-3.1081499999998865,0,0,0,0,2.4081499999998868,17.769999999999982,7.649999999999864,0.4575163398692892,6.039999999999964,0.2533112582781427,3.8299999999999272,3.4350000000000023,0.052,-1.0,,,15,1,12.0,2023
2023-12-21 15:00:00+00:00|1.0|handoff_divergence_fade_h15_tp06_sl065,2023-12-21 15:00:00+00:00,STAGE28A,data/reports/stage28a_discovery_factory_batch_runner/stage28a_exact_trades.csv,session_handoff_imbalance_v1,handoff_divergence_fade_h15_tp06_sl065,0.5712999999999738,-0.4787000000000261,-1.1787000000000258,0,0,0,0,0.4787000000000261,15.990000000000009,6.440000000000055,0.6413043478260632,5.120000000000118,0.4316406249999971,6.210000000000036,3.0849999999999795,0.052,1.0,,,15,3,12.0,2023
2023-12-22 15:00:00+00:00|-1.0|handoff_divergence_fade_h15_tp06_sl065,2023-12-22 15:00:00+00:00,STAGE28A,data/reports/stage28a_discovery_factory_batch_runner/stage28a_exact_trades.csv,session_handoff_imbalance_v1,handoff_divergence_fade_h15_tp06_sl065,1.1233000000001083,0.0733000000001085,-0.6266999999998912,1,0,0,0,0.0733000000001085,21.38000000000011,8.6099999999999,0.3716608594657207,10.230000000000018,0.6021505376344377,6.620000000000346,4.278999999999985,0.54,-1.0,,,15,4,12.0,2023
2023-12-26 15:00:00+00:00|1.0|handoff_divergence_fade_h15_tp06_sl065,2023-12-26 15:00:00+00:00,STAGE28A,data/reports/stage28a_discovery_factory_batch_runner/stage28a_exact_trades.csv,session_handoff_imbalance_v1,handoff_divergence_fade_h15_tp06_sl065,0.2706999999999425,-0.7793000000000574,-1.4793000000000571,0,0,0,0,0.7793000000000574,4.400000000000091,11.75,0.775319148936181,4.380000000000109,0.0410958904109205,2.3700000000003456,2.8960000000000035,0.024,1.0,,,15,1,12.0,2023
2023-12-27 15:00:00+00:00|-1.0|handoff_divergence_fade_h15_tp06_sl065,2023-12-27 15:00:00+00:00,STAGE28A,data/reports/stage28a_discovery_factory_batch_runner/stage28a_exact_trades.csv,session_handoff_imbalance_v1,handoff_divergence_fade_h15_tp06_sl065,0.6975999999998749,-0.352400000000125,-1.0524000000001248,0,0,0,0,0.352400000000125,15.650000000000091,4.559999999999945,0.07894736842108149,7.7199999999998,0.1411917098445821,5.900000000000091,3.2069999999999936,0.128,-1.0,,,15,2,12.0,2023
2023-12-28 15:00:00+00:00|1.0|handoff_divergence_fade_h15_tp06_sl065,2023-12-28 15:00:00+00:00,STAGE28A,data/reports/stage28a_discovery_factory_batch_runner/stage28a_exact_trades.csv,session_handoff_imbalance_v1,handoff_divergence_fade_h15_tp06_sl065,1.1649999999998726,0.1149999999998727,-0.585000000000127,1,0,0,0,0.1149999999998727,22.899999999999636,11.019999999999982,0.6379310344827779,14.870000000000346,0.6348352387356984,5.460000000000036,3.81700000000003,0.392,1.0,,,15,3,12.0,2023
2023-12-29 15:00:00+00:00|1.0|handoff_divergence_fade_h15_tp06_sl065,2023-12-29 15:00:00+00:00,STAGE28A,data/reports/stage28a_discovery_factory_batch_runner/stage28a_exact_trades.csv,session_handoff_imbalance_v1,handoff_divergence_fade_h15_tp06_sl065,0.861699999999837,-0.1883000000001629,-0.8883000000001626,0,0,0,0,0.1883000000001629,23.909999999999854,5.570000000000164,0.5727109515259436,12.900000000000091,0.4031007751937815,4.429999999999836,3.2839999999999465,0.16,1.0,,,15,4,12.0,2023
2024-01-03 15:00:00+00:00|1.0|handoff_divergence_fade_h15_tp06_sl065,2024-01-03 15:00:00+00:00,STAGE28A,data/reports/stage28a_discovery_factory_batch_runner/stage28a_exact_trades.csv,session_handoff_imbalance_v1,handoff_divergence_fade_h15_tp06_sl065,1.4932000000000245,0.4432000000000244,-0.2567999999999752,1,0,1,0,0.4432000000000244,22.88000000000011,7.050000000000182,0.7333333333333247,13.200000000000273,0.7446969696969488,6.600000000000136,3.6590000000000034,0.276,1.0,,,15,2,1.0,2024
2024-01-04 15:00:00+00:00|-1.0|handoff_divergence_fade_h15_tp06_sl065,2024-01-04 15:00:00+00:00,STAGE28A,data/reports/stage28a_discovery_factory_batch_runner/stage28a_exact_trades.csv,session_handoff_imbalance_v1,handoff_divergence_fade_h15_tp06_sl065,0.8415999999998803,-0.2084000000001196,-0.9084000000001192,0,0,0,0,0.2084000000001196,35.47000000000003,6.850000000000136,0.0029197080291943666,8.8299999999997,0.578708946772401,2.980000000000018,3.531499999999994,0.236,-1.0,,,15,3,1.0,2024
2024-01-05 15:00:00+00:00|1.0|handoff_divergence_fade_h15_tp06_sl065,2024-01-05 15:00:00+00:00,STAGE28A,data/reports/stage28a_discovery_factory_batch_runner/stage28a_exact_trades.csv,session_handoff_imbalance_v1,handoff_divergence_fade_h15_tp06_sl065,-1.4055999999999131,-2.455599999999913,-3.1555999999999127,0,0,0,0,2.455599999999913,14.779999999999745,5.630000000000109,0.05150976909413108,9.599999999999909,0.47187500000000165,2.3999999999998636,2.7574999999999705,0.008,1.0,,,15,4,1.0,2024
2024-01-10 15:00:00+00:00|-1.0|handoff_divergence_fade_h15_tp06_sl065,2024-01-10 15:00:00+00:00,STAGE28A,data/reports/stage28a_discovery_factory_batch_runner/stage28a_exact_trades.csv,session_handoff_imbalance_v1,handoff_divergence_fade_h15_tp06_sl065,0.8254000000000815,-0.2245999999999184,-0.9245999999999182,0,0,0,0,0.2245999999999184,15.940000000000055,5.619999999999891,0.18149466192170846,16.539999999999964,0.30290205562273287,4.279999999999973,3.4850000000000136,0.184,-1.0,,,15,2,1.0,2024
2024-01-11 15:00:00+00:00|1.0|handoff_divergence_fade_h15_tp06_sl065,2024-01-11 15:00:00+00:00,STAGE28A,data/reports/stage28a_discovery_factory_batch_runner/stage28a_exact_trades.csv,session_handoff_imbalance_v1,handoff_divergence_fade_h15_tp06_sl065,0.5802999999999884,-0.4697000000000115,-1.1697000000000113,0,0,0,0,0.4697000000000115,20.089999999999918,7.5,0.7093333333333248,5.479999999999791,0.03832116788321978,3.4600000000000364,2.877499999999975,0.012,1.0,,,15,3,1.0,2024
2024-01-12 15:00:00+00:00|-1.0|handoff_divergence_fade_h15_tp06_sl065,2024-01-12 15:00:00+00:00,STAGE28A,data/reports/stage28a_discovery_factory_batch_runner/stage28a_exact_trades.csv,session_handoff_imbalance_v1,handoff_divergence_fade_h15_tp06_sl065,-1.8515000000000783,-2.901500000000078,-3.601500000000078,0,0,0,0,2.901500000000078,26.470000000000027,6.9500000000000455,0.08345323741006093,12.599999999999909,0.8976190476190498,8.240000000000009,4.446999999999991,0.6,-1.0,,,15,4,1.0,2024
2024-01-18 15:00:00+00:00|-1.0|handoff_divergence_fade_h15_tp06_sl065,2024-01-18 15:00:00+00:00,STAGE28A,data/reports/stage28a_discovery_factory_batch_runner/stage28a_exact_trades.csv,session_handoff_imbalance_v1,handoff_divergence_fade_h15_tp06_sl065,0.8221000000000004,-0.2278999999999995,-0.9278999999999992,0,0,0,0,0.2278999999999995,31.1400000000001,5.559999999999945,0.28057553956833825,8.209999999999809,0.4214372716199622,4.839999999999918,3.217500000000018,0.124,-1.0,,,15,3,1.0,2024
2024-01-19 15:00:00+00:00|-1.0|handoff_divergence_fade_h15_tp06_sl065,2024-01-19 15:00:00+00:00,STAGE28A,data/reports/stage28a_discovery_factory_batch_runner/stage28a_exact_trades.csv,session_handoff_imbalance_v1,handoff_divergence_fade_h15_tp06_sl065,0.7017999999999575,-0.3482000000000425,-1.0482000000000422,0,0,0,0,0.3482000000000425,18.389999999999873,4.880000000000109,0.594262295081926,10.550000000000182,0.8890995260663241,3.449999999999818,2.9504999999999995,0.064,-1.0,,,15,4,1.0,2024
2024-01-24 15:00:00+00:00|-1.0|handoff_divergence_fade_h15_tp06_sl065,2024-01-24 15:00:00+00:00,STAGE28A,data/reports/stage28a_discovery_factory_batch_runner/stage28a_exact_trades.csv,session_handoff_imbalance_v1,handoff_divergence_fade_h15_tp06_sl065,-1.6698250000000372,-2.719825000000037,-3.4198250000000368,0,0,0,0,2.719825000000037,18.340000000000146,5.8599999999999,0.8447098976109437,11.279999999999973,0.7402482269503483,2.759999999999991,3.165999999999997,0.112,-1.0,,,15,2,1.0,2024
2024-01-25 15:00:00+00:00|-1.0|handoff_divergence_fade_h15_tp06_sl065,2024-01-25 15:00:00+00:00,STAGE28A,data/reports/stage28a_discovery_factory_batch_runner/stage28a_exact_trades.csv,session_handoff_imbalance_v1,handoff_divergence_fade_h15_tp06_sl065,0.7524999999999636,-0.2975000000000363,-0.997500000000036,0,0,0,0,0.2975000000000363,25.52000000000021,3.400000000000091,0.18823529411767145,7.019999999999982,0.5270655270655349,4.260000000000218,3.092500000000018,0.104,-1.0,,,15,3,1.0,2024
2024-01-26 15:00:00+00:00|1.0|handoff_divergence_fade_h15_tp06_sl065,2024-01-26 15:00:00+00:00,STAGE28A,data/reports/stage28a_discovery_factory_batch_runner/stage28a_exact_trades.csv,session_handoff_imbalance_v1,handoff_divergence_fade_h15_tp06_sl065,-1.377325000000019,-2.427325000000019,-3.1273250000000186,0,0,0,0,2.427325000000019,15.400000000000091,4.779999999999973,0.10460251046025164,5.669999999999845,0.41975308641978376,4.320000000000164,2.8454999999999813,0.04,1.0,,,15,4,1.0,2024
2024-01-31 15:00:00+00:00|-1.0|handoff_divergence_fade_h15_tp06_sl065,2024-01-31 15:00:00+00:00,STAGE28A,data/reports/stage28a_discovery_factory_batch_runner/stage28a_exact_trades.csv,session_handoff_imbalance_v1,handoff_divergence_fade_h15_tp06_sl065,-1.2661750000000669,-2.3161750000000665,-3.016175000000066,0,0,0,0,2.3161750000000665,19.54000000000019,5.800000000000182,0.32931034482759,7.150000000000091,0.3356643356643441,2.519999999999982,2.4375000000000453,0.004,-1.0,,,15,2,1.0,2024
2024-02-01 15:00:00+00:00|1.0|handoff_divergence_fade_h15_tp06_sl065,2024-02-01 15:00:00+00:00,STAGE28A,data/reports/stage28a_discovery_factory_batch_runner/stage28a_exact_trades.csv,session_handoff_imbalance_v1,handoff_divergence_fade_h15_tp06_sl065,-1.9174750000000589,-2.9674750000000585,-3.667475000000058,0,0,0,0,2.9674750000000585,25.1400000000001,10.269999999999754,0.559883154819877,15.329999999999927,0.8962818003913943,4.190000000000055,4.75699999999996,0.94,1.0,,,15,3,2.0,2024
2024-02-02 15:00:00+00:00|1.0|handoff_divergence_fade_h15_tp06_sl065,2024-02-02 15:00:00+00:00,STAGE28A,data/reports/stage28a_discovery_factory_batch_runner/stage28a_exact_trades.csv,session_handoff_imbalance_v1,handoff_divergence_fade_h15_tp06_sl065,-1.307774999999856,-2.357774999999856,-3.057774999999856,0,0,0,0,2.357774999999856,35.590000000000146,4.920000000000073,0.052845528455235706,4.200000000000273,0.10000000000001083,2.369999999999891,3.0634999999999764,0.044,1.0,,,15,4,2.0,2024
2024-02-06 15:00:00+00:00|1.0|handoff_divergence_fade_h15_tp06_sl065,2024-02-06 15:00:00+00:00,STAGE28A,data/reports/stage28a_discovery_factory_batch_runner/stage28a_exact_trades.csv,session_handoff_imbalance_v1,handoff_divergence_fade_h15_tp06_sl065,-1.5066749999999502,-2.55667499999995,-3.25667499999995,0,0,0,0,2.55667499999995,27.329999999999927,5.100000000000136,0.24705882352940337,6.990000000000009,0.34477825464947803,3.4700000000000273,2.8290000000000193,0.016,1.0,,,15,1,2.0,2024
2024-02-08 15:00:00+00:00|-1.0|handoff_divergence_fade_h15_tp06_sl065,2024-02-08 15:00:00+00:00,STAGE28A,data/reports/stage28a_discovery_factory_batch_runner/stage28a_exact_trades.csv,session_handoff_imbalance_v1,handoff_divergence_fade_h15_tp06_sl065,1.0125999999999291,-0.0374000000000704,-0.7374000000000702,0,0,0,0,0.0374000000000704,13.970000000000027,7.0,0.6028571428571468,9.599999999999909,0.41041666666665255,5.509999999999991,3.209999999999991,0.152,-1.0,,,15,3,2.0,2024
2024-02-14 15:00:00+00:00|1.0|handoff_divergence_fade_h15_tp06_sl065,2024-02-14 15:00:00+00:00,STAGE28A,data/reports/stage28a_discovery_factory_batch_runner/stage28a_exact_trades.csv,session_handoff_imbalance_v1,handoff_divergence_fade_h15_tp06_sl065,-1.486850000000095,-2.536850000000095,-3.2368500000000946,0,0,0,0,2.536850000000095,39.86999999999989,4.75,0.19578947368422392,7.1400000000001,0.06162464985991891,3.7200000000000273,2.6399999999999864,0.072,1.0,,,15,2,2.0,2024
2024-02-15 15:00:00+00:00|-1.0|handoff_divergence_fade_h15_tp06_sl065,2024-02-15 15:00:00+00:00,STAGE28A,data/reports/stage28a_discovery_factory_batch_runner/stage28a_exact_trades.csv,session_handoff_imbalance_v1,handoff_divergence_fade_h15_tp06_sl065,0.3774999999999636,-0.6725000000000363,-1.372500000000036,0,0,0,0,0.6725000000000363,11.839999999999918,4.119999999999891,0.41262135922332294,6.5,0.6123076923076951,2.6399999999998727,2.380499999999961,0.036,-1.0,,,15,3,2.0,2024
2024-02-21 15:00:00+00:00|1.0|handoff_divergence_fade_h15_tp06_sl065,2024-02-21 15:00:00+00:00,STAGE28A,data/reports/stage28a_discovery_factory_batch_runner/stage28a_exact_trades.csv,session_handoff_imbalance_v1,handoff_divergence_fade_h15_tp06_sl065,-1.1911000000000969,-2.2411000000000967,-2.9411000000000964,0,0,0,0,2.2411000000000967,15.829999999999927,8.420000000000073,0.8016627078384729,6.25,0.15520000000000436,2.0599999999999454,2.2455000000000154,0.08,1.0,,,15,2,2.0,2024
2024-02-23 15:00:00+00:00|1.0|handoff_divergence_fade_h15_tp06_sl065,2024-02-23 15:00:00+00:00,STAGE28A,data/reports/stage28a_discovery_factory_batch_runner/stage28a_exact_trades.csv,session_handoff_imbalance_v1,handoff_divergence_fade_h15_tp06_sl065,-1.4852249999999914,-2.535224999999991,-3.235224999999991,0,0,0,0,2.535224999999991,15.36999999999989,4.559999999999945,0.2763157894736855,10.110000000000127,0.2908011869435994,5.720000000000027,3.197500000000036,0.692,1.0,,,15,4,2.0,2024
2024-02-26 15:00:00+00:00|-1.0|handoff_divergence_fade_h15_tp06_sl065,2024-02-26 15:00:00+00:00,STAGE28A,data/reports/stage28a_discovery_factory_batch_runner/stage28a_exact_trades.csv,session_handoff_imbalance_v1,handoff_divergence_fade_h15_tp06_sl065,0.602199999999948,-0.4478000000000519,-1.1478000000000517,0,0,0,0,0.4478000000000519,2.7999999999999545,5.069999999999936,0.36489151873765924,5.349999999999909,0.007476635514012018,3.3899999999998727,2.7159999999999513,0.272,-1.0,,,15,0,2.0,2024
2024-02-28 15:00:00+00:00|1.0|handoff_divergence_fade_h15_tp06_sl065,2024-02-28 15:00:00+00:00,STAGE28A,data/reports/stage28a_discovery_factory_batch_runner/stage28a_exact_trades.csv,session_handoff_imbalance_v1,handoff_divergence_fade_h15_tp06_sl065,-1.214499999999907,-2.264499999999907,-2.964499999999907,0,0,0,0,2.264499999999907,10.730000000000018,4.599999999999909,0.01956521739133637,7.720000000000027,0.3873056994818651,3.5,2.385999999999979,0.148,1.0,,,15,2,2.0,2024
2024-02-29 15:00:00+00:00|1.0|handoff_divergence_fade_h15_tp06_sl065,2024-02-29 15:00:00+00:00,STAGE28A,data/reports/stage28a_discovery_factory_batch_runner/stage28a_exact_trades.csv,session_handoff_imbalance_v1,handoff_divergence_fade_h15_tp06_sl065,0.4525000000000091,-0.5974999999999908,-1.2974999999999903,0,0,0,0,0.5974999999999908,13.420000000000073,3.1299999999998818,0.1629392971246039,7.2999999999999545,0.5931506849315318,2.5299999999999727,2.19549999999997,0.072,1.0,,,15,3,2.0,2024
2024-03-04 15:00:00+00:00|-1.0|handoff_divergence_fade_h15_tp06_sl065,2024-03-04 15:00:00+00:00,STAGE28A,data/reports/stage28a_discovery_factory_batch_runner/stage28a_exact_trades.csv,session_handoff_imbalance_v1,handoff_divergence_fade_h15_tp06_sl065,0.5545000000000982,-0.4954999999999017,-1.1954999999999014,0,0,0,0,0.4954999999999017,4.239999999999782,6.610000000000127,0.4175491679274077,7.710000000000036,0.41115434500649256,1.550000000000182,2.8815000000000284,0.492,-1.0,,,15,0,3.0,2024
2024-03-06 15:00:00+00:00|-1.0|handoff_divergence_fade_h15_tp06_sl065,2024-03-06 15:00:00+00:00,STAGE28A,data/reports/stage28a_discovery_factory_batch_runner/stage28a_exact_trades.csv,session_handoff_imbalance_v1,handoff_divergence_fade_h15_tp06_sl065,-1.78487499999992,-2.83487499999992,-3.53487499999992,0,0,0,0,2.83487499999992,31.329999999999927,4.799999999999727,0.38333333333338543,7.150000000000091,0.07412587412590117,4.120000000000346,3.444499999999948,0.668,-1.0,,,15,2,3.0,2024
2024-03-07 15:00:00+00:00|1.0|handoff_divergence_fade_h15_tp06_sl065,2024-03-07 15:00:00+00:00,STAGE28A,data/reports/stage28a_discovery_factory_batch_runner/stage28a_exact_trades.csv,session_handoff_imbalance_v1,handoff_divergence_fade_h15_tp06_sl065,1.0768000000001847,0.0268000000001848,-0.6731999999998148,1,0,0,0,0.0268000000001848,28.549999999999727,17.11999999999989,0.6407710280374022,8.299999999999727,0.07108433734936268,4.880000000000109,5.135499999999979,0.808,1.0,,,15,3,3.0,2024
2024-03-08 15:00:00+00:00|-1.0|handoff_divergence_fade_h15_tp06_sl065,2024-03-08 15:00:00+00:00,STAGE28A,data/reports/stage28a_discovery_factory_batch_runner/stage28a_exact_trades.csv,session_handoff_imbalance_v1,handoff_divergence_fade_h15_tp06_sl065,-1.823225000000184,-2.873225000000184,-3.573225000000184,0,0,0,0,2.873225000000184,20.460000000000036,9.510000000000218,0.4437434279705739,14.920000000000073,0.724530831099219,3.3200000000001637,3.8770000000000437,0.524,-1.0,,,15,4,3.0,2024
2024-03-11 15:00:00+00:00|1.0|handoff_divergence_fade_h15_tp06_sl065,2024-03-11 15:00:00+00:00,STAGE28A,data/reports/stage28a_discovery_factory_batch_runner/stage28a_exact_trades.csv,session_handoff_imbalance_v1,handoff_divergence_fade_h15_tp06_sl065,1.0464999999998326,-0.0035000000001672,-0.703500000000167,0,0,0,0,0.0035000000001672,6.599999999999909,12.099999999999909,0.08595041322313814,7.160000000000309,0.40502793296088907,4.269999999999982,4.83550000000007,0.556,1.0,,,15,0,3.0,2024
2024-03-13 15:00:00+00:00|1.0|handoff_divergence_fade_h15_tp06_sl065,2024-03-13 15:00:00+00:00,STAGE28A,data/reports/stage28a_discovery_factory_batch_runner/stage28a_exact_trades.csv,session_handoff_imbalance_v1,handoff_divergence_fade_h15_tp06_sl065,0.7789000000001579,-0.271099999999842,-0.9710999999998418,0,0,0,0,0.271099999999842,34.179999999999836,5.730000000000018,0.41884816753928156,6.049999999999727,0.6694214876033661,4.130000000000109,3.885499999999934,0.28,1.0,,,15,2,3.0,2024
2024-03-18 15:00:00+00:00|-1.0|handoff_divergence_fade_h15_tp06_sl065,2024-03-18 15:00:00+00:00,STAGE28A,data/reports/stage28a_discovery_factory_batch_runner/stage28a_exact_trades.csv,session_handoff_imbalance_v1,handoff_divergence_fade_h15_tp06_sl065,-1.712724999999955,-2.762724999999955,-3.4627249999999545,0,0,0,0,2.762724999999955,5.369999999999891,11.419999999999618,0.6444833625219242,12.349999999999909,0.8858299595141441,5.289999999999964,3.6619999999999893,0.096,-1.0,,,15,0,3.0,2024
2024-03-19 15:00:00+00:00|1.0|handoff_divergence_fade_h15_tp06_sl065,2024-03-19 15:00:00+00:00,STAGE28A,data/reports/stage28a_discovery_factory_batch_runner/stage28a_exact_trades.csv,session_handoff_imbalance_v1,handoff_divergence_fade_h15_tp06_sl065,1.2910000000000763,0.2410000000000765,-0.4589999999999232,1,0,1,0,0.2410000000000765,17.559999999999945,4.1599999999998545,0.16105769230771544,13.179999999999836,0.4613050075872536,7.880000000000109,3.197999999999934,0.048,1.0,,,15,1,3.0,2024
2024-03-21 15:00:00+00:00|-1.0|handoff_divergence_fade_h15_tp06_sl065,2024-03-21 15:00:00+00:00,STAGE28A,data/reports/stage28a_discovery_factory_batch_runner/stage28a_exact_trades.csv,session_handoff_imbalance_v1,handoff_divergence_fade_h15_tp06_sl065,-2.507999999999902,-3.5579999999999017,-4.257999999999901,0,0,0,1,3.5579999999999017,56.710000000000036,36.17000000000007,0.017694221730712507,14.86999999999989,0.2958977807666525,5.589999999999691,8.883499999999959,0.992,-1.0,,,15,3,3.0,2024
2024-03-25 15:00:00+00:00|1.0|handoff_divergence_fade_h15_tp06_sl065,2024-03-25 15:00:00+00:00,STAGE28A,data/reports/stage28a_discovery_factory_batch_runner/stage28a_exact_trades.csv,session_handoff_imbalance_v1,handoff_divergence_fade_h15_tp06_sl065,-1.825175000000036,-2.875175000000036,-3.5751750000000357,0,0,0,0,2.875175000000036,4.119999999999891,14.300000000000182,0.2930069930069931,7.529999999999745,0.13014608233732422,6.829999999999927,4.666999999999985,0.592,1.0,,,15,0,3.0,2024
2024-04-01 15:00:00+00:00|1.0|handoff_divergence_fade_h15_tp06_sl065,2024-04-01 15:00:00+00:00,STAGE28A,data/reports/stage28a_discovery_factory_batch_runner/stage28a_exact_trades.csv,session_handoff_imbalance_v1,handoff_divergence_fade_h15_tp06_sl065,1.4610999999998966,0.4110999999998967,-0.2889000000001029,1,0,1,0,0.4110999999998967,9.899999999999636,30.36999999999989,0.9045110306223363,16.300000000000182,0.7785276073619299,4.539999999999964,7.861999999999921,0.868,1.0,,,15,0,4.0,2024
2024-04-02 15:00:00+00:00|-1.0|handoff_divergence_fade_h15_tp06_sl065,2024-04-02 15:00:00+00:00,STAGE28A,data/reports/stage28a_discovery_factory_batch_runner/stage28a_exact_trades.csv,session_handoff_imbalance_v1,handoff_divergence_fade_h15_tp06_sl065,-2.54504999999981,-3.59504999999981,-4.29504999999981,0,0,0,1,3.59504999999981,37.11999999999989,9.169999999999618,0.22246455834242623,16.440000000000055,0.5675182481751762,6.110000000000127,5.908000000000084,0.668,-1.0,,,15,1,4.0,2024
2024-04-03 15:00:00+00:00|1.0|handoff_divergence_fade_h15_tp06_sl065,2024-04-03 15:00:00+00:00,STAGE28A,data/reports/stage28a_discovery_factory_batch_runner/stage28a_exact_trades.csv,session_handoff_imbalance_v1,handoff_divergence_fade_h15_tp06_sl065,-2.503125000000273,-3.5531250000002728,-4.2531250000002725,0,0,0,1,3.5531250000002728,35.35999999999967,11.590000000000146,0.28127696289906623,19.360000000000127,0.6714876033057807,5.690000000000055,6.19500000000005,0.636,1.0,,,15,2,4.0,2024
2024-04-05 15:00:00+00:00|-1.0|handoff_divergence_fade_h15_tp06_sl065,2024-04-05 15:00:00+00:00,STAGE28A,data/reports/stage28a_discovery_factory_batch_runner/stage28a_exact_trades.csv,session_handoff_imbalance_v1,handoff_divergence_fade_h15_tp06_sl065,-2.4277250000001005,-3.4777250000001003,-4.1777250000001,0,0,0,1,3.4777250000001003,25.519999999999982,25.579999999999927,0.5136825645035327,16.9699999999998,0.8461991750147494,4.730000000000018,7.596000000000027,0.792,-1.0,,,15,4,4.0,2024
2024-04-08 15:00:00+00:00|1.0|handoff_divergence_fade_h15_tp06_sl065,2024-04-08 15:00:00+00:00,STAGE28A,data/reports/stage28a_discovery_factory_batch_runner/stage28a_exact_trades.csv,session_handoff_imbalance_v1,handoff_divergence_fade_h15_tp06_sl065,-2.773200000000179,-3.823200000000179,-4.523200000000179,0,0,0,1,3.823200000000179,24.11999999999989,51.0300000000002,0.7460317460317463,13.789999999999964,0.5823060188542583,5.980000000000018,10.702999999999998,0.952,1.0,,,15,0,4.0,2024
2024-04-10 15:00:00+00:00|-1.0|handoff_divergence_fade_h15_tp06_sl065,2024-04-10 15:00:00+00:00,STAGE28A,data/reports/stage28a_discovery_factory_batch_runner/stage28a_exact_trades.csv,session_handoff_imbalance_v1,handoff_divergence_fade_h15_tp06_sl065,-2.0517000000000736,-3.1017000000000734,-3.801700000000073,0,0,0,1,3.1017000000000734,28.559999999999945,10.890000000000327,0.09641873278238296,14.990000000000236,0.24016010673784569,4.529999999999745,5.198500000000036,0.156,-1.0,,,15,2,4.0,2024
2024-04-11 15:00:00+00:00|1.0|handoff_divergence_fade_h15_tp06_sl065,2024-04-11 15:00:00+00:00,STAGE28A,data/reports/stage28a_discovery_factory_batch_runner/stage28a_exact_trades.csv,session_handoff_imbalance_v1,handoff_divergence_fade_h15_tp06_sl065,1.767400000000089,0.7174000000000889,0.0174000000000891,1,1,1,0,0.7174000000000889,40.75,13.490000000000236,0.5937731653076074,20.360000000000127,0.6512770137524625,4.019999999999982,6.631500000000005,0.372,1.0,,,15,3,4.0,2024
2024-04-15 15:00:00+00:00|1.0|handoff_divergence_fade_h15_tp06_sl065,2024-04-15 15:00:00+00:00,STAGE28A,data/reports/stage28a_discovery_factory_batch_runner/stage28a_exact_trades.csv,session_handoff_imbalance_v1,handoff_divergence_fade_h15_tp06_sl065,2.0911000000000057,1.041100000000006,0.3411000000000062,1,1,1,0,1.041100000000006,26.509999999999764,26.509999999999764,0.06563560920406629,17.799999999999727,0.500561797752834,5.599999999999909,11.99099999999994,0.896,1.0,,,15,0,4.0,2024
2024-04-16 15:00:00+00:00|1.0|handoff_divergence_fade_h15_tp06_sl065,2024-04-16 15:00:00+00:00,STAGE28A,data/reports/stage28a_discovery_factory_batch_runner/stage28a_exact_trades.csv,session_handoff_imbalance_v1,handoff_divergence_fade_h15_tp06_sl065,-2.687074999999913,-3.737074999999913,-4.437074999999913,0,0,0,1,3.737074999999913,63.18000000000029,12.900000000000091,0.28062015503874926,25.980000000000018,0.6023864511162463,5.519999999999982,9.060000000000013,0.684,1.0,,,15,1,4.0,2024
2024-04-17 15:00:00+00:00|-1.0|handoff_divergence_fade_h15_tp06_sl065,2024-04-17 15:00:00+00:00,STAGE28A,data/reports/stage28a_discovery_factory_batch_runner/stage28a_exact_trades.csv,session_handoff_imbalance_v1,handoff_divergence_fade_h15_tp06_sl065,-2.5223000000001776,-3.572300000000177,-4.272300000000177,0,0,0,1,3.572300000000177,35.210000000000036,6.400000000000091,0.5015624999999986,21.559999999999945,0.4809833024118911,4.450000000000273,7.211500000000046,0.288,-1.0,,,15,2,4.0,2024
2024-04-19 15:00:00+00:00|1.0|handoff_divergence_fade_h15_tp06_sl065,2024-04-19 15:00:00+00:00,STAGE28A,data/reports/stage28a_discovery_factory_batch_runner/stage28a_exact_trades.csv,session_handoff_imbalance_v1,handoff_divergence_fade_h15_tp06_sl065,-3.072200000000157,-4.1222000000001575,-4.822200000000157,0,0,0,1,4.1222000000001575,29.889999999999873,44.15000000000009,0.27859569648924476,15.840000000000146,0.6502525252525021,8.389999999999873,9.35549999999996,0.652,1.0,,,15,4,4.0,2024
2024-04-23 15:00:00+00:00|-1.0|handoff_divergence_fade_h15_tp06_sl065,2024-04-23 15:00:00+00:00,STAGE28A,data/reports/stage28a_discovery_factory_batch_runner/stage28a_exact_trades.csv,session_handoff_imbalance_v1,handoff_divergence_fade_h15_tp06_sl065,2.138800000000083,1.088800000000083,0.3888000000000833,1,1,1,0,1.088800000000083,63.82999999999993,38.82999999999993,0.7180015451970168,23.220000000000255,0.30146425495262374,3.5,9.046000000000003,0.62,-1.0,,,15,1,4.0,2024
2024-04-24 15:00:00+00:00|1.0|handoff_divergence_fade_h15_tp06_sl065,2024-04-24 15:00:00+00:00,STAGE28A,data/reports/stage28a_discovery_factory_batch_runner/stage28a_exact_trades.csv,session_handoff_imbalance_v1,handoff_divergence_fade_h15_tp06_sl065,1.3429000000000086,0.2929000000000088,-0.4070999999999909,1,0,1,0,0.2929000000000088,42.88000000000011,12.400000000000091,0.5016129032258233,19.4399999999996,0.6682098765432124,3.830000000000382,5.134000000000151,0.004,1.0,,,15,2,4.0,2024
2024-04-25 15:00:00+00:00|-1.0|handoff_divergence_fade_h15_tp06_sl065,2024-04-25 15:00:00+00:00,STAGE28A,data/reports/stage28a_discovery_factory_batch_runner/stage28a_exact_trades.csv,session_handoff_imbalance_v1,handoff_divergence_fade_h15_tp06_sl065,-2.0250499999998284,-3.075049999999828,-3.775049999999828,0,0,0,1,3.075049999999828,25.480000000000018,17.029999999999745,0.28185554903113647,16.4699999999998,0.7109896782028038,3.9700000000002547,5.19399999999996,0.008,-1.0,,,15,3,4.0,2024
2024-04-29 15:00:00+00:00|-1.0|handoff_divergence_fade_h15_tp06_sl065,2024-04-29 15:00:00+00:00,STAGE28A,data/reports/stage28a_discovery_factory_batch_runner/stage28a_exact_trades.csv,session_handoff_imbalance_v1,handoff_divergence_fade_h15_tp06_sl065,-2.104675000000134,-3.154675000000134,-3.8546750000001335,0,0,0,1,3.154675000000134,4.539999999999964,17.149999999999636,0.35801749271137046,16.929999999999836,0.8665091553455263,7.539999999999964,5.850000000000023,0.056,-1.0,,,15,0,4.0,2024
2024-05-01 15:00:00+00:00|-1.0|handoff_divergence_fade_h15_tp06_sl065,2024-05-01 15:00:00+00:00,STAGE28A,data/reports/stage28a_discovery_factory_batch_runner/stage28a_exact_trades.csv,session_handoff_imbalance_v1,handoff_divergence_fade_h15_tp06_sl065,1.2240999999998166,0.1740999999998167,-0.525900000000183,1,0,1,0,0.1740999999998167,51.51000000000022,10.38000000000011,0.6984585741811102,11.5,0.6782608695652332,5.670000000000073,5.020500000000038,0.012,-1.0,,,15,2,5.0,2024
2024-05-08 15:00:00+00:00|1.0|handoff_divergence_fade_h15_tp06_sl065,2024-05-08 15:00:00+00:00,STAGE28A,data/reports/stage28a_discovery_factory_batch_runner/stage28a_exact_trades.csv,session_handoff_imbalance_v1,handoff_divergence_fade_h15_tp06_sl065,-2.220374999999968,-3.270374999999967,-3.970374999999967,0,0,0,1,3.270374999999967,20.179999999999836,11.240000000000236,0.22775800711742808,17.86999999999989,0.35926133184108067,5.1599999999998545,4.633500000000003,0.016,1.0,,,15,2,5.0,2024
2024-05-09 15:00:00+00:00|1.0|handoff_divergence_fade_h15_tp06_sl065,2024-05-09 15:00:00+00:00,STAGE28A,data/reports/stage28a_discovery_factory_batch_runner/stage28a_exact_trades.csv,session_handoff_imbalance_v1,handoff_divergence_fade_h15_tp06_sl065,1.2024999999997816,0.1524999999997818,-0.5475000000002179,1,0,0,0,0.1524999999997818,17.86999999999989,4.970000000000255,0.5010060362173258,13.08999999999969,0.35752482811305936,5.710000000000036,3.925999999999976,0.004,1.0,,,15,3,5.0,2024
2024-05-17 15:00:00+00:00|-1.0|handoff_divergence_fade_h15_tp06_sl065,2024-05-17 15:00:00+00:00,STAGE28A,data/reports/stage28a_discovery_factory_batch_runner/stage28a_exact_trades.csv,session_handoff_imbalance_v1,handoff_divergence_fade_h15_tp06_sl065,-2.031550000000243,-3.081550000000243,-3.781550000000242,0,0,0,1,3.081550000000243,26.550000000000182,7.2599999999997635,0.07300275482090395,11.360000000000127,0.42517605633805705,4.3400000000001455,3.7669999999999617,0.004,-1.0,,,15,4,5.0,2024
2024-05-21 15:00:00+00:00|-1.0|handoff_divergence_fade_h15_tp06_sl065,2024-05-21 15:00:00+00:00,STAGE28A,data/reports/stage28a_discovery_factory_batch_runner/stage28a_exact_trades.csv,session_handoff_imbalance_v1,handoff_divergence_fade_h15_tp06_sl065,1.6860999999998056,0.6360999999998058,-0.0639000000001939,1,0,1,0,0.6360999999998058,42.86999999999989,26.63000000000011,0.5005632745024361,13.569999999999709,0.19012527634491064,6.410000000000309,7.276999999999975,0.792,-1.0,,,15,1,5.0,2024
2024-05-22 15:00:00+00:00|-1.0|handoff_divergence_fade_h15_tp06_sl065,2024-05-22 15:00:00+00:00,STAGE28A,data/reports/stage28a_discovery_factory_batch_runner/stage28a_exact_trades.csv,session_handoff_imbalance_v1,handoff_divergence_fade_h15_tp06_sl065,-2.500849999999992,-3.550849999999991,-4.250849999999991,0,0,0,1,3.550849999999991,27.610000000000127,13.980000000000018,0.5615164520744172,7.930000000000291,0.3947036569987382,10.690000000000055,4.861499999999933,0.188,-1.0,,,15,2,5.0,2024
2024-05-24 15:00:00+00:00|-1.0|handoff_divergence_fade_h15_tp06_sl065,2024-05-24 15:00:00+00:00,STAGE28A,data/reports/stage28a_discovery_factory_batch_runner/stage28a_exact_trades.csv,session_handoff_imbalance_v1,handoff_divergence_fade_h15_tp06_sl065,1.405000000000109,0.3550000000001092,-0.3449999999998905,1,0,1,0,0.3550000000001092,56.809999999999945,9.710000000000036,0.028836251287353145,12.7199999999998,0.5463836477987721,4.279999999999745,5.583499999999913,0.344,-1.0,,,15,4,5.0,2024
2024-05-27 15:00:00+00:00|1.0|handoff_divergence_fade_h15_tp06_sl065,2024-05-27 15:00:00+00:00,STAGE28A,data/reports/stage28a_discovery_factory_batch_runner/stage28a_exact_trades.csv,session_handoff_imbalance_v1,handoff_divergence_fade_h15_tp06_sl065,0.8322999999999411,-0.2177000000000588,-0.9177000000000586,0,0,0,0,0.2177000000000588,8.329999999999927,15.260000000000218,0.38401048492791895,7.970000000000255,0.34755332496861896,2.8400000000001455,4.444000000000051,0.052,1.0,,,15,0,5.0,2024
2024-05-30 15:00:00+00:00|-1.0|handoff_divergence_fade_h15_tp06_sl065,2024-05-30 15:00:00+00:00,STAGE28A,data/reports/stage28a_discovery_factory_batch_runner/stage28a_exact_trades.csv,session_handoff_imbalance_v1,handoff_divergence_fade_h15_tp06_sl065,-2.391975000000093,-3.441975000000093,-4.141975000000093,0,0,0,1,3.441975000000093,28.059999999999945,11.800000000000182,0.2771186440677908,15.559999999999945,0.06876606683805704,5.389999999999873,5.505500000000097,0.388,-1.0,,,15,3,5.0,2024
2024-06-03 15:00:00+00:00|-1.0|handoff_divergence_fade_h15_tp06_sl065,2024-06-03 15:00:00+00:00,STAGE28A,data/reports/stage28a_discovery_factory_batch_runner/stage28a_exact_trades.csv,session_handoff_imbalance_v1,handoff_divergence_fade_h15_tp06_sl065,-2.1160500000001776,-3.166050000000177,-3.866050000000177,0,0,0,1,3.166050000000177,5.870000000000346,10.070000000000164,0.5004965243296804,14.090000000000146,0.4499645138396082,3.4099999999998545,5.426500000000033,0.296,-1.0,,,15,0,6.0,2024
2024-06-05 15:00:00+00:00|1.0|handoff_divergence_fade_h15_tp06_sl065,2024-06-05 15:00:00+00:00,STAGE28A,data/reports/stage28a_discovery_factory_batch_runner/stage28a_exact_trades.csv,session_handoff_imbalance_v1,handoff_divergence_fade_h15_tp06_sl065,-1.9697999999999407,-3.019799999999941,-3.7197999999999407,0,0,0,0,3.019799999999941,37.41000000000031,12.010000000000218,0.7993338884262893,13.579999999999927,0.3645066273932139,4.379999999999654,3.9794999999998937,0.012,1.0,,,15,2,6.0,2024
2024-06-06 15:00:00+00:00|1.0|handoff_divergence_fade_h15_tp06_sl065,2024-06-06 15:00:00+00:00,STAGE28A,data/reports/stage28a_discovery_factory_batch_runner/stage28a_exact_trades.csv,session_handoff_imbalance_v1,handoff_divergence_fade_h15_tp06_sl065,1.0005999999997583,-0.0494000000002414,-0.7494000000002412,0,0,0,0,0.0494000000002414,31.670000000000073,20.389999999999873,0.564982834722906,12.929999999999836,0.5359628770301565,2.7800000000002,4.699999999999977,0.12,1.0,,,15,3,6.0,2024
2024-06-07 15:00:00+00:00|1.0|handoff_divergence_fade_h15_tp06_sl065,2024-06-07 15:00:00+00:00,STAGE28A,data/reports/stage28a_discovery_factory_batch_runner/stage28a_exact_trades.csv,session_handoff_imbalance_v1,handoff_divergence_fade_h15_tp06_sl065,2.980300000000079,1.9303000000000796,1.2303000000000797,1,1,1,0,1.9303000000000796,25.20999999999958,12.600000000000364,0.24920634920633192,50.42000000000007,0.8131693772312563,8.420000000000073,7.309500000000026,0.968,1.0,,,15,4,6.0,2024
2024-06-11 15:00:00+00:00|-1.0|handoff_divergence_fade_h15_tp06_sl065,2024-06-11 15:00:00+00:00,STAGE28A,data/reports/stage28a_discovery_factory_batch_runner/stage28a_exact_trades.csv,session_handoff_imbalance_v1,handoff_divergence_fade_h15_tp06_sl065,1.1458000000001447,0.0958000000001448,-0.6041999999998549,1,0,0,0,0.0958000000001448,25.990000000000236,13.549999999999727,0.4479704797048181,9.990000000000236,0.2662662662662454,2.8200000000001637,4.080999999999949,0.02,-1.0,,,15,1,6.0,2024
2024-06-13 15:00:00+00:00|-1.0|handoff_divergence_fade_h15_tp06_sl065,2024-06-13 15:00:00+00:00,STAGE28A,data/reports/stage28a_discovery_factory_batch_runner/stage28a_exact_trades.csv,session_handoff_imbalance_v1,handoff_divergence_fade_h15_tp06_sl065,-2.1995750000001864,-3.249575000000186,-3.949575000000186,0,0,0,1,3.249575000000186,31.039999999999964,16.460000000000036,0.4696233292831106,9.580000000000382,0.12526096033400524,12.849999999999909,5.960999999999967,0.532,-1.0,,,15,3,6.0,2024
2024-06-18 15:00:00+00:00|1.0|handoff_divergence_fade_h15_tp06_sl065,2024-06-18 15:00:00+00:00,STAGE28A,data/reports/stage28a_discovery_factory_batch_runner/stage28a_exact_trades.csv,session_handoff_imbalance_v1,handoff_divergence_fade_h15_tp06_sl065,-1.8788000000000469,-2.9288000000000465,-3.628800000000046,0,0,0,0,2.9288000000000465,23.170000000000073,6.5,0.5292307692307776,14.090000000000146,0.9488999290276939,7.5,3.904499999999962,0.016,1.0,,,15,1,6.0,2024
2024-06-20 15:00:00+00:00|1.0|handoff_divergence_fade_h15_tp06_sl065,2024-06-20 15:00:00+00:00,STAGE28A,data/reports/stage28a_discovery_factory_batch_runner/stage28a_exact_trades.csv,session_handoff_imbalance_v1,handoff_divergence_fade_h15_tp06_sl065,1.138299999999981,0.0882999999999811,-0.6117000000000186,1,0,0,0,0.0882999999999811,11.2800000000002,11.260000000000218,0.3152753108348235,14.260000000000218,0.03366058906030932,3.6399999999998727,4.061000000000059,0.116,1.0,,,15,3,6.0,2024
2024-06-25 15:00:00+00:00|-1.0|handoff_divergence_fade_h15_tp06_sl065,2024-06-25 15:00:00+00:00,STAGE28A,data/reports/stage28a_discovery_factory_batch_runner/stage28a_exact_trades.csv,session_handoff_imbalance_v1,handoff_divergence_fade_h15_tp06_sl065,-2.067950000000201,-3.1179500000002007,-3.817950000000201,0,0,0,1,3.1179500000002007,17.15000000000009,11.150000000000091,0.6852017937219969,11.319999999999709,0.7915194346289989,8.440000000000055,4.209999999999968,0.168,-1.0,,,15,1,6.0,2024
2024-06-28 15:00:00+00:00|-1.0|handoff_divergence_fade_h15_tp06_sl065,2024-06-28 15:00:00+00:00,STAGE28A,data/reports/stage28a_discovery_factory_batch_runner/stage28a_exact_trades.csv,session_handoff_imbalance_v1,handoff_divergence_fade_h15_tp06_sl065,0.9421000000001186,-0.1078999999998813,-0.807899999999881,0,0,0,0,0.1078999999998813,34.58999999999969,9.269999999999982,0.5587918015102316,12.099999999999909,0.7033057851239527,3.869999999999891,3.8780000000000654,0.1,-1.0,,,15,4,6.0,2024
2024-07-02 15:00:00+00:00|-1.0|handoff_divergence_fade_h15_tp06_sl065,2024-07-02 15:00:00+00:00,STAGE28A,data/reports/stage28a_discovery_factory_batch_runner/stage28a_exact_trades.csv,session_handoff_imbalance_v1,handoff_divergence_fade_h15_tp06_sl065,1.2423999999999975,0.1923999999999979,-0.5076000000000018,1,0,1,0,0.1923999999999979,20.0,8.61999999999989,0.6705336426913943,9.099999999999909,0.1329670329670383,5.609999999999673,3.7120000000000344,0.096,-1.0,,,15,1,7.0,2024
2024-07-04 15:00:00+00:00|-1.0|handoff_divergence_fade_h15_tp06_sl065,2024-07-04 15:00:00+00:00,STAGE28A,data/reports/stage28a_discovery_factory_batch_runner/stage28a_exact_trades.csv,session_handoff_imbalance_v1,handoff_divergence_fade_h15_tp06_sl065,-1.5265000000000328,-2.5765000000000327,-3.2765000000000324,0,0,0,0,2.5765000000000327,38.039999999999964,6.5900000000001455,0.12139605462824951,9.259999999999764,0.0377969762419409,2.449999999999818,3.70649999999996,0.024,-1.0,,,15,3,7.0,2024
2024-07-09 15:00:00+00:00|1.0|handoff_divergence_fade_h15_tp06_sl065,2024-07-09 15:00:00+00:00,STAGE28A,data/reports/stage28a_discovery_factory_batch_runner/stage28a_exact_trades.csv,session_handoff_imbalance_v1,handoff_divergence_fade_h15_tp06_sl065,-1.802749999999924,-2.8527499999999235,-3.5527499999999232,0,0,0,0,2.8527499999999235,40.36999999999989,9.490000000000236,0.8303477344573144,10.409999999999854,0.3170028818443586,5.619999999999891,3.8149999999999635,0.132,1.0,,,15,1,7.0,2024
2024-07-18 15:00:00+00:00|1.0|handoff_divergence_fade_h15_tp06_sl065,2024-07-18 15:00:00+00:00,STAGE28A,data/reports/stage28a_discovery_factory_batch_runner/stage28a_exact_trades.csv,session_handoff_imbalance_v1,handoff_divergence_fade_h15_tp06_sl065,-1.849225000000024,-2.899225000000024,-3.599225000000024,0,0,0,0,2.899225000000024,32.25999999999976,11.519999999999982,0.7647569444444409,10.329999999999927,0.23523717328168958,4.199999999999818,4.94350000000004,0.34,1.0,,,15,3,7.0,2024
2024-07-24 15:00:00+00:00|1.0|handoff_divergence_fade_h15_tp06_sl065,2024-07-24 15:00:00+00:00,STAGE28A,data/reports/stage28a_discovery_factory_batch_runner/stage28a_exact_trades.csv,session_handoff_imbalance_v1,handoff_divergence_fade_h15_tp06_sl065,1.2141999999998003,0.1641999999998007,-0.535800000000199,1,0,1,0,0.1641999999998007,23.950000000000273,13.399999999999636,0.53358208955226,9.379999999999654,0.32622601279323166,7.269999999999982,4.409499999999957,0.092,1.0,,,15,2,7.0,2024
2024-08-05 15:00:00+00:00|1.0|handoff_divergence_fade_h15_tp06_sl065,2024-08-05 15:00:00+00:00,STAGE28A,data/reports/stage28a_discovery_factory_batch_runner/stage28a_exact_trades.csv,session_handoff_imbalance_v1,handoff_divergence_fade_h15_tp06_sl065,3.9835000000001854,2.9335000000001856,2.233500000000186,1,1,1,0,2.9335000000001856,9.230000000000018,38.48999999999978,0.24941543257990176,39.67000000000007,0.6765817998487547,25.309999999999945,13.340500000000066,0.972,1.0,,,15,0,8.0,2024
2024-08-07 15:00:00+00:00|-1.0|handoff_divergence_fade_h15_tp06_sl065,2024-08-07 15:00:00+00:00,STAGE28A,data/reports/stage28a_discovery_factory_batch_runner/stage28a_exact_trades.csv,session_handoff_imbalance_v1,handoff_divergence_fade_h15_tp06_sl065,1.4473000000001774,0.3973000000001776,-0.3026999999998221,1,0,1,0,0.3973000000001776,36.63000000000011,11.710000000000036,0.22715627668657953,11.829999999999927,0.7007607776838558,8.070000000000164,6.155000000000018,0.216,-1.0,,,15,2,8.0,2024
2024-08-09 15:00:00+00:00|-1.0|handoff_divergence_fade_h15_tp06_sl065,2024-08-09 15:00:00+00:00,STAGE28A,data/reports/stage28a_discovery_factory_batch_runner/stage28a_exact_trades.csv,session_handoff_imbalance_v1,handoff_divergence_fade_h15_tp06_sl065,1.2870999999999184,0.2370999999999186,-0.4629000000000811,1,0,1,0,0.2370999999999186,47.190000000000055,9.679999999999836,0.4845041322314188,10.159999999999854,0.24606299212598778,7.450000000000273,5.248000000000002,0.04,-1.0,,,15,4,8.0,2024
2024-08-12 15:00:00+00:00|-1.0|handoff_divergence_fade_h15_tp06_sl065,2024-08-12 15:00:00+00:00,STAGE28A,data/reports/stage28a_discovery_factory_batch_runner/stage28a_exact_trades.csv,session_handoff_imbalance_v1,handoff_divergence_fade_h15_tp06_sl065,1.059099999999853,0.0090999999998531,-0.6909000000001466,1,0,0,0,0.0090999999998531,6.519999999999982,9.389999999999873,0.19914802981894741,16.960000000000036,0.8384433962264283,4.529999999999745,4.409000000000015,0.016,-1.0,,,15,0,8.0,2024
2024-08-14 15:00:00+00:00|-1.0|handoff_divergence_fade_h15_tp06_sl065,2024-08-14 15:00:00+00:00,STAGE28A,data/reports/stage28a_discovery_factory_batch_runner/stage28a_exact_trades.csv,session_handoff_imbalance_v1,handoff_divergence_fade_h15_tp06_sl065,-2.047149999999965,-3.097149999999965,-3.7971499999999647,0,0,0,1,3.097149999999965,18.51000000000022,17.210000000000036,0.2719349215572505,19.289999999999964,0.6174183514774431,3.4899999999997817,4.80600000000004,0.02,-1.0,,,15,2,8.0,2024
2024-08-16 15:00:00+00:00|-1.0|handoff_divergence_fade_h15_tp06_sl065,2024-08-16 15:00:00+00:00,STAGE28A,data/reports/stage28a_discovery_factory_batch_runner/stage28a_exact_trades.csv,session_handoff_imbalance_v1,handoff_divergence_fade_h15_tp06_sl065,-2.4397500000000947,-3.4897500000000945,-4.189750000000094,0,0,0,1,3.4897500000000945,37.90000000000009,9.2199999999998,0.26030368763559036,13.390000000000327,0.8110530246452473,7.730000000000018,4.4740000000000695,0.02,-1.0,,,15,4,8.0,2024
2024-08-20 15:00:00+00:00|-1.0|handoff_divergence_fade_h15_tp06_sl065,2024-08-20 15:00:00+00:00,STAGE28A,data/reports/stage28a_discovery_factory_batch_runner/stage28a_exact_trades.csv,session_handoff_imbalance_v1,handoff_divergence_fade_h15_tp06_sl065,1.8771999999998117,0.8271999999998116,0.1271999999998119,1,1,1,0,0.8271999999998116,23.800000000000182,9.5,0.2642105263157646,27.909999999999854,0.7115729129344404,4.9900000000002365,4.752499999999986,0.04,-1.0,,,15,1,8.0,2024
2024-08-21 15:00:00+00:00|1.0|handoff_divergence_fade_h15_tp06_sl065,2024-08-21 15:00:00+00:00,STAGE28A,data/reports/stage28a_discovery_factory_batch_runner/stage28a_exact_trades.csv,session_handoff_imbalance_v1,handoff_divergence_fade_h15_tp06_sl065,-2.172924999999941,-3.222924999999941,-3.9229249999999407,0,0,0,1,3.222924999999941,34.36999999999989,9.070000000000164,0.2987872105843426,15.009999999999764,0.7854763491006096,6.360000000000127,5.283000000000061,0.136,1.0,,,15,2,8.0,2024
2024-08-22 15:00:00+00:00|-1.0|handoff_divergence_fade_h15_tp06_sl065,2024-08-22 15:00:00+00:00,STAGE28A,data/reports/stage28a_discovery_factory_batch_runner/stage28a_exact_trades.csv,session_handoff_imbalance_v1,handoff_divergence_fade_h15_tp06_sl065,-2.336399999999776,-3.386399999999776,-4.086399999999776,0,0,0,1,3.386399999999776,26.590000000000146,14.809999999999945,0.7758271438217609,11.340000000000146,0.4276895943562876,7.920000000000073,5.199500000000012,0.12,-1.0,,,15,3,8.0,2024
2024-08-26 15:00:00+00:00|-1.0|handoff_divergence_fade_h15_tp06_sl065,2024-08-26 15:00:00+00:00,STAGE28A,data/reports/stage28a_discovery_factory_batch_runner/stage28a_exact_trades.csv,session_handoff_imbalance_v1,handoff_divergence_fade_h15_tp06_sl065,1.2126999999999497,0.1626999999999498,-0.5373000000000498,1,0,1,0,0.1626999999999498,3.9699999999998,7.550000000000182,0.3894039735099316,17.070000000000164,0.8904510837727081,5.7800000000002,4.0454999999999925,0.016,-1.0,,,15,0,8.0,2024
2024-08-27 15:00:00+00:00|-1.0|handoff_divergence_fade_h15_tp06_sl065,2024-08-27 15:00:00+00:00,STAGE28A,data/reports/stage28a_discovery_factory_batch_runner/stage28a_exact_trades.csv,session_handoff_imbalance_v1,handoff_divergence_fade_h15_tp06_sl065,1.5163000000001374,0.4663000000001376,-0.2336999999998621,1,0,1,0,0.4663000000001376,18.050000000000182,11.989999999999782,0.6905754795662966,13.979999999999563,0.006437768240353958,3.7899999999999636,4.817999999999984,0.1,-1.0,,,15,1,8.0,2024
2024-08-30 15:00:00+00:00|-1.0|handoff_divergence_fade_h15_tp06_sl065,2024-08-30 15:00:00+00:00,STAGE28A,data/reports/stage28a_discovery_factory_batch_runner/stage28a_exact_trades.csv,session_handoff_imbalance_v1,handoff_divergence_fade_h15_tp06_sl065,1.3600000000000363,0.3100000000000364,-0.3899999999999632,1,0,1,0,0.3100000000000364,25.059999999999945,9.490000000000236,0.7766069546891157,14.860000000000127,0.7301480484522084,6.620000000000346,4.860500000000025,0.132,-1.0,,,15,4,8.0,2024
2024-09-02 15:00:00+00:00|-1.0|handoff_divergence_fade_h15_tp06_sl065,2024-09-02 15:00:00+00:00,STAGE28A,data/reports/stage28a_discovery_factory_batch_runner/stage28a_exact_trades.csv,session_handoff_imbalance_v1,handoff_divergence_fade_h15_tp06_sl065,1.2975999999997838,0.247599999999784,-0.4524000000002157,1,0,1,0,0.247599999999784,3.4899999999997817,14.970000000000255,0.4736138944555795,12.0,0.2233333333333197,3.0100000000002183,4.748500000000012,0.068,-1.0,,,15,0,9.0,2024
2024-09-03 15:00:00+00:00|-1.0|handoff_divergence_fade_h15_tp06_sl065,2024-09-03 15:00:00+00:00,STAGE28A,data/reports/stage28a_discovery_factory_batch_runner/stage28a_exact_trades.csv,session_handoff_imbalance_v1,handoff_divergence_fade_h15_tp06_sl065,1.9248999999998888,0.8748999999998888,0.174899999999889,1,1,1,0,0.8748999999998888,17.240000000000236,10.08999999999969,0.2775024777007203,13.659999999999854,0.4612005856515223,16.929999999999836,4.404999999999904,0.084,-1.0,,,15,1,9.0,2024
2024-09-04 15:00:00+00:00|1.0|handoff_divergence_fade_h15_tp06_sl065,2024-09-04 15:00:00+00:00,STAGE28A,data/reports/stage28a_discovery_factory_batch_runner/stage28a_exact_trades.csv,session_handoff_imbalance_v1,handoff_divergence_fade_h15_tp06_sl065,-2.703650000000016,-3.753650000000016,-4.453650000000016,0,0,0,1,3.753650000000016,32.80000000000018,5.679999999999836,0.32922535211266635,24.890000000000327,0.5355564483728488,4.389999999999873,5.018000000000006,0.256,1.0,,,15,2,9.0,2024
2024-09-05 15:00:00+00:00|-1.0|handoff_divergence_fade_h15_tp06_sl065,2024-09-05 15:00:00+00:00,STAGE28A,data/reports/stage28a_discovery_factory_batch_runner/stage28a_exact_trades.csv,session_handoff_imbalance_v1,handoff_divergence_fade_h15_tp06_sl065,-2.131974999999875,-3.1819749999998748,-3.8819749999998745,0,0,0,1,3.1819749999998748,28.620000000000346,4.880000000000109,0.08811475409832514,23.409999999999854,0.8821016659547296,4.569999999999709,3.957500000000027,0.052,-1.0,,,15,3,9.0,2024
2024-09-06 15:00:00+00:00|1.0|handoff_divergence_fade_h15_tp06_sl065,2024-09-06 15:00:00+00:00,STAGE28A,data/reports/stage28a_discovery_factory_batch_runner/stage28a_exact_trades.csv,session_handoff_imbalance_v1,handoff_divergence_fade_h15_tp06_sl065,0.8776000000001659,-0.172399999999834,-0.8723999999998338,0,0,0,0,0.172399999999834,29.690000000000055,5.369999999999891,0.3873370577281135,6.360000000000127,0.14622641509431095,5.630000000000109,3.141999999999939,0.004,1.0,,,15,4,9.0,2024
2024-09-09 15:00:00+00:00|1.0|handoff_divergence_fade_h15_tp06_sl065,2024-09-09 15:00:00+00:00,STAGE28A,data/reports/stage28a_discovery_factory_batch_runner/stage28a_exact_trades.csv,session_handoff_imbalance_v1,handoff_divergence_fade_h15_tp06_sl065,-2.116375000000153,-3.1663750000001527,-3.866375000000152,0,0,0,1,3.1663750000001527,2.3200000000001637,5.6599999999998545,0.2473498233215772,13.860000000000127,0.20923520923521388,5.519999999999982,4.923999999999955,0.312,1.0,,,15,0,9.0,2024
2024-09-17 15:00:00+00:00|-1.0|handoff_divergence_fade_h15_tp06_sl065,2024-09-17 15:00:00+00:00,STAGE28A,data/reports/stage28a_discovery_factory_batch_runner/stage28a_exact_trades.csv,session_handoff_imbalance_v1,handoff_divergence_fade_h15_tp06_sl065,1.4979999999999565,0.4479999999999564,-0.2520000000000433,1,0,1,0,0.4479999999999564,14.300000000000182,9.539999999999964,0.6006289308176143,15.289999999999964,0.23806409417919433,9.629999999999654,4.56350000000009,0.212,-1.0,,,15,1,9.0,2024
2024-09-18 15:00:00+00:00|1.0|handoff_divergence_fade_h15_tp06_sl065,2024-09-18 15:00:00+00:00,STAGE28A,data/reports/stage28a_discovery_factory_batch_runner/stage28a_exact_trades.csv,session_handoff_imbalance_v1,handoff_divergence_fade_h15_tp06_sl065,1.10679999999993,0.0567999999999302,-0.6432000000000695,1,0,0,0,0.0567999999999302,26.2199999999998,8.230000000000018,0.6342648845686255,10.759999999999764,0.369888475836441,5.690000000000055,4.485499999999933,0.164,1.0,,,15,2,9.0,2024
2024-09-23 15:00:00+00:00|1.0|handoff_divergence_fade_h15_tp06_sl065,2024-09-23 15:00:00+00:00,STAGE28A,data/reports/stage28a_discovery_factory_batch_runner/stage28a_exact_trades.csv,session_handoff_imbalance_v1,handoff_divergence_fade_h15_tp06_sl065,1.3488999999998668,0.2988999999998669,-0.4011000000001328,1,0,1,0,0.2988999999998669,3.6200000000003456,14.989999999999782,0.5376917945297209,17.51000000000022,0.39634494574528656,4.830000000000382,4.609000000000014,0.164,1.0,,,15,0,9.0,2024
2024-09-24 15:00:00+00:00|1.0|handoff_divergence_fade_h15_tp06_sl065,2024-09-24 15:00:00+00:00,STAGE28A,data/reports/stage28a_discovery_factory_batch_runner/stage28a_exact_trades.csv,session_handoff_imbalance_v1,handoff_divergence_fade_h15_tp06_sl065,-2.4092000000001463,-3.459200000000146,-4.159200000000146,0,0,0,1,3.459200000000146,21.01000000000022,12.349999999999909,0.5344129554655837,17.549999999999727,0.1908831908832146,9.9699999999998,4.727500000000009,0.276,1.0,,,15,1,9.0,2024
2024-09-25 15:00:00+00:00|1.0|handoff_divergence_fade_h15_tp06_sl065,2024-09-25 15:00:00+00:00,STAGE28A,data/reports/stage28a_discovery_factory_batch_runner/stage28a_exact_trades.csv,session_handoff_imbalance_v1,handoff_divergence_fade_h15_tp06_sl065,-2.089074999999957,-3.139074999999957,-3.8390749999999567,0,0,0,1,3.139074999999957,41.76999999999998,15.13000000000011,0.15333773959019778,10.159999999999854,0.4498031496063218,4.180000000000291,5.874999999999955,0.572,1.0,,,15,2,9.0,2024
2024-09-27 15:00:00+00:00|1.0|handoff_divergence_fade_h15_tp06_sl065,2024-09-27 15:00:00+00:00,STAGE28A,data/reports/stage28a_discovery_factory_batch_runner/stage28a_exact_trades.csv,session_handoff_imbalance_v1,handoff_divergence_fade_h15_tp06_sl065,1.3603000000001884,0.3103000000001885,-0.3896999999998112,1,0,1,0,0.3103000000001885,30.809999999999945,7.579999999999927,0.14775725593666247,15.519999999999982,0.6359536082474457,4.829999999999927,4.906500000000051,0.208,1.0,,,15,4,9.0,2024
2024-10-04 15:00:00+00:00|1.0|handoff_divergence_fade_h15_tp06_sl065,2024-10-04 15:00:00+00:00,STAGE28A,data/reports/stage28a_discovery_factory_batch_runner/stage28a_exact_trades.csv,session_handoff_imbalance_v1,handoff_divergence_fade_h15_tp06_sl065,0.976300000000174,-0.073699999999826,-0.7736999999998257,0,0,0,0,0.073699999999826,25.61999999999989,9.210000000000036,0.5570032573289999,11.019999999999982,0.33212341197820877,5.140000000000327,4.234000000000014,0.004,1.0,,,15,4,10.0,2024
2024-10-07 15:00:00+00:00|-1.0|handoff_divergence_fade_h15_tp06_sl065,2024-10-07 15:00:00+00:00,STAGE28A,data/reports/stage28a_discovery_factory_batch_runner/stage28a_exact_trades.csv,session_handoff_imbalance_v1,handoff_divergence_fade_h15_tp06_sl065,-2.156674999999814,-3.2066749999998136,-3.906674999999813,0,0,0,1,3.2066749999998136,2.680000000000291,8.609999999999673,0.3832752613240775,17.8100000000004,0.5081414935429522,4.5300000000002,4.949500000000057,0.112,-1.0,,,15,0,10.0,2024
2024-10-11 15:00:00+00:00|1.0|handoff_divergence_fade_h15_tp06_sl065,2024-10-11 15:00:00+00:00,STAGE28A,data/reports/stage28a_discovery_factory_batch_runner/stage28a_exact_trades.csv,session_handoff_imbalance_v1,handoff_divergence_fade_h15_tp06_sl065,1.1617000000000188,0.111700000000019,-0.5882999999999807,1,0,0,0,0.111700000000019,25.800000000000182,17.980000000000018,0.9566184649610567,10.989999999999782,0.6960873521383296,5.9900000000002365,5.9240000000000235,0.308,1.0,,,15,4,10.0,2024
2024-10-15 15:00:00+00:00|-1.0|handoff_divergence_fade_h15_tp06_sl065,2024-10-15 15:00:00+00:00,STAGE28A,data/reports/stage28a_discovery_factory_batch_runner/stage28a_exact_trades.csv,session_handoff_imbalance_v1,handoff_divergence_fade_h15_tp06_sl065,1.4016999999998003,0.3516999999998007,-0.348300000000199,1,0,1,0,0.3516999999998007,23.659999999999854,8.349999999999909,0.5185628742514939,17.829999999999927,0.448121144139081,8.870000000000346,4.736000000000035,0.044,-1.0,,,15,1,10.0,2024
2024-10-18 15:00:00+00:00|1.0|handoff_divergence_fade_h15_tp06_sl065,2024-10-18 15:00:00+00:00,STAGE28A,data/reports/stage28a_discovery_factory_batch_runner/stage28a_exact_trades.csv,session_handoff_imbalance_v1,handoff_divergence_fade_h15_tp06_sl065,-2.193725000000177,-3.2437250000001767,-3.943725000000177,0,0,0,1,3.2437250000001767,23.579999999999927,20.360000000000127,0.849214145383097,12.329999999999927,0.11678832116788833,5.180000000000291,5.058500000000049,0.08,1.0,,,15,4,10.0,2024
2024-10-21 15:00:00+00:00|1.0|handoff_divergence_fade_h15_tp06_sl065,2024-10-21 15:00:00+00:00,STAGE28A,data/reports/stage28a_discovery_factory_batch_runner/stage28a_exact_trades.csv,session_handoff_imbalance_v1,handoff_divergence_fade_h15_tp06_sl065,1.4371000000000094,0.3871000000000095,-0.3128999999999902,1,0,1,0,0.3871000000000095,4.5300000000002,13.570000000000164,0.585851142225477,13.420000000000073,0.21833084947837708,5.0300000000002,4.987500000000091,0.08,1.0,,,15,0,10.0,2024
2024-10-23 15:00:00+00:00|-1.0|handoff_divergence_fade_h15_tp06_sl065,2024-10-23 15:00:00+00:00,STAGE28A,data/reports/stage28a_discovery_factory_batch_runner/stage28a_exact_trades.csv,session_handoff_imbalance_v1,handoff_divergence_fade_h15_tp06_sl065,-1.8917999999999664,-2.9417999999999664,-3.641799999999966,0,0,0,0,2.9417999999999664,30.76000000000022,10.180000000000291,0.1237721021611181,13.070000000000164,0.3458301453710731,3.769999999999982,4.584500000000003,0.016,-1.0,,,15,2,10.0,2024
2024-10-29 15:00:00+00:00|1.0|handoff_divergence_fade_h15_tp06_sl065,2024-10-29 15:00:00+00:00,STAGE28A,data/reports/stage28a_discovery_factory_batch_runner/stage28a_exact_trades.csv,session_handoff_imbalance_v1,handoff_divergence_fade_h15_tp06_sl065,-2.6243500000001405,-3.67435000000014,-4.37435000000014,0,0,0,1,3.67435000000014,21.190000000000055,18.070000000000164,0.8096292197011609,10.590000000000146,0.47969782813974104,4.7199999999998,4.993000000000029,0.132,1.0,,,15,1,10.0,2024
2024-11-01 15:00:00+00:00|1.0|handoff_divergence_fade_h15_tp06_sl065,2024-11-01 15:00:00+00:00,STAGE28A,data/reports/stage28a_discovery_factory_batch_runner/stage28a_exact_trades.csv,session_handoff_imbalance_v1,handoff_divergence_fade_h15_tp06_sl065,-2.832350000000224,-3.882350000000224,-4.582350000000224,0,0,0,1,3.882350000000224,58.65000000000009,9.6899999999996,0.9195046439629182,12.86999999999989,0.20512820512819696,11.009999999999764,5.190999999999986,0.2,1.0,,,15,4,11.0,2024
2024-11-05 15:00:00+00:00|-1.0|handoff_divergence_fade_h15_tp06_sl065,2024-11-05 15:00:00+00:00,STAGE28A,data/reports/stage28a_discovery_factory_batch_runner/stage28a_exact_trades.csv,session_handoff_imbalance_v1,handoff_divergence_fade_h15_tp06_sl065,1.3380999999998493,0.2880999999998495,-0.4119000000001502,1,0,1,0,0.2880999999998495,18.789999999999964,13.260000000000218,0.12141779788835944,13.2800000000002,0.2567771084337201,5.379999999999654,5.0330000000000155,0.112,-1.0,,,15,1,11.0,2024
2024-11-07 15:00:00+00:00|-1.0|handoff_divergence_fade_h15_tp06_sl065,2024-11-07 15:00:00+00:00,STAGE28A,data/reports/stage28a_discovery_factory_batch_runner/stage28a_exact_trades.csv,session_handoff_imbalance_v1,handoff_divergence_fade_h15_tp06_sl065,1.9747000000001207,0.9247000000001208,0.2247000000001211,1,1,1,0,0.9247000000001208,97.4399999999996,20.88000000000011,0.45545977011492883,15.579999999999927,0.7676508344030868,9.849999999999909,7.338500000000044,0.852,-1.0,,,15,3,11.0,2024
2024-11-15 15:00:00+00:00|1.0|handoff_divergence_fade_h15_tp06_sl065,2024-11-15 15:00:00+00:00,STAGE28A,data/reports/stage28a_discovery_factory_batch_runner/stage28a_exact_trades.csv,session_handoff_imbalance_v1,handoff_divergence_fade_h15_tp06_sl065,-2.758249999999953,-3.8082499999999526,-4.508249999999952,0,0,0,1,3.8082499999999526,44.54999999999973,8.599999999999909,0.02325581395346747,15.809999999999945,0.039848197343460554,5.579999999999927,6.065499999999929,0.152,1.0,,,15,4,11.0,2024
2024-11-20 15:00:00+00:00|1.0|handoff_divergence_fade_h15_tp06_sl065,2024-11-20 15:00:00+00:00,STAGE28A,data/reports/stage28a_discovery_factory_batch_runner/stage28a_exact_trades.csv,session_handoff_imbalance_v1,handoff_divergence_fade_h15_tp06_sl065,-2.274324999999953,-3.3243249999999533,-4.024324999999953,0,0,0,1,3.3243249999999533,29.179999999999836,10.159999999999854,0.14763779527559268,19.740000000000236,0.5916919959472997,5.339999999999691,4.890499999999998,0.004,1.0,,,15,2,11.0,2024
2024-11-25 15:00:00+00:00|-1.0|handoff_divergence_fade_h15_tp06_sl065,2024-11-25 15:00:00+00:00,STAGE28A,data/reports/stage28a_discovery_factory_batch_runner/stage28a_exact_trades.csv,session_handoff_imbalance_v1,handoff_divergence_fade_h15_tp06_sl065,2.0667999999999664,1.0167999999999666,0.3167999999999669,1,1,1,0,1.0167999999999666,16.51000000000022,62.039999999999964,0.7633784655061202,19.73999999999978,0.26443768996959766,6.940000000000055,11.335500000000025,0.98,-1.0,,,15,0,11.0,2024
2024-11-26 15:00:00+00:00|1.0|handoff_divergence_fade_h15_tp06_sl065,2024-11-26 15:00:00+00:00,STAGE28A,data/reports/stage28a_discovery_factory_batch_runner/stage28a_exact_trades.csv,session_handoff_imbalance_v1,handoff_divergence_fade_h15_tp06_sl065,-3.073175000000083,-4.123175000000083,-4.823175000000083,0,0,0,1,4.123175000000083,111.38000000000011,27.059999999999945,0.588322246858836,22.259999999999764,0.22192273135669843,5.470000000000255,9.688500000000044,0.864,1.0,,,15,1,11.0,2024
2024-11-28 15:00:00+00:00|-1.0|handoff_divergence_fade_h15_tp06_sl065,2024-11-28 15:00:00+00:00,STAGE28A,data/reports/stage28a_discovery_factory_batch_runner/stage28a_exact_trades.csv,session_handoff_imbalance_v1,handoff_divergence_fade_h15_tp06_sl065,1.1910999999999148,0.1410999999999149,-0.5589000000000848,1,0,0,0,0.1410999999999149,31.329999999999927,17.48999999999978,0.33390508862208224,19.41000000000031,0.8377125193199126,3.349999999999909,5.522999999999956,0.06,-1.0,,,15,3,11.0,2024
2024-12-02 15:00:00+00:00|-1.0|handoff_divergence_fade_h15_tp06_sl065,2024-12-02 15:00:00+00:00,STAGE28A,data/reports/stage28a_discovery_factory_batch_runner/stage28a_exact_trades.csv,session_handoff_imbalance_v1,handoff_divergence_fade_h15_tp06_sl065,1.9677999999998064,0.9177999999998064,0.2177999999998068,1,1,1,0,0.9177999999998064,9.420000000000073,29.420000000000073,0.5849762066621343,15.789999999999964,0.45725142495248994,5.940000000000055,8.616500000000041,0.776,-1.0,,,15,0,12.0,2024
2024-12-03 15:00:00+00:00|-1.0|handoff_divergence_fade_h15_tp06_sl065,2024-12-03 15:00:00+00:00,STAGE28A,data/reports/stage28a_discovery_factory_batch_runner/stage28a_exact_trades.csv,session_handoff_imbalance_v1,handoff_divergence_fade_h15_tp06_sl065,1.373500000000058,0.3235000000000583,-0.3764999999999414,1,0,1,0,0.3235000000000583,30.550000000000182,11.13000000000011,0.21024258760104833,12.860000000000127,0.21228615863141456,6.0300000000002,5.08149999999996,0.04,-1.0,,,15,1,12.0,2024
2024-12-04 15:00:00+00:00|1.0|handoff_divergence_fade_h15_tp06_sl065,2024-12-04 15:00:00+00:00,STAGE28A,data/reports/stage28a_discovery_factory_batch_runner/stage28a_exact_trades.csv,session_handoff_imbalance_v1,handoff_divergence_fade_h15_tp06_sl065,1.5273999999998522,0.4773999999998524,-0.2226000000001473,1,0,1,0,0.4773999999998524,21.43000000000029,10.960000000000036,0.5136861313868696,14.930000000000291,0.282652377762905,10.340000000000146,4.975000000000046,0.032,1.0,,,15,2,12.0,2024
2024-12-06 15:00:00+00:00|1.0|handoff_divergence_fade_h15_tp06_sl065,2024-12-06 15:00:00+00:00,STAGE28A,data/reports/stage28a_discovery_factory_batch_runner/stage28a_exact_trades.csv,session_handoff_imbalance_v1,handoff_divergence_fade_h15_tp06_sl065,1.5399999999998726,0.4899999999998727,-0.2100000000001269,1,0,1,0,0.4899999999998727,32.26999999999998,32.11999999999989,0.2624533001245288,12.33999999999969,0.6345218800648398,5.789999999999964,6.978499999999985,0.564,1.0,,,15,4,12.0,2024
2024-12-09 15:00:00+00:00|-1.0|handoff_divergence_fade_h15_tp06_sl065,2024-12-09 15:00:00+00:00,STAGE28A,data/reports/stage28a_discovery_factory_batch_runner/stage28a_exact_trades.csv,session_handoff_imbalance_v1,handoff_divergence_fade_h15_tp06_sl065,-2.3201500000001034,-3.3701500000001032,-4.070150000000103,0,0,0,1,3.3701500000001032,11.929999999999836,23.019999999999982,0.1776715899218136,22.470000000000255,0.9577214063195255,4.889999999999873,7.767499999999996,0.66,-1.0,,,15,0,12.0,2024
2024-12-10 15:00:00+00:00|1.0|handoff_divergence_fade_h15_tp06_sl065,2024-12-10 15:00:00+00:00,STAGE28A,data/reports/stage28a_discovery_factory_batch_runner/stage28a_exact_trades.csv,session_handoff_imbalance_v1,handoff_divergence_fade_h15_tp06_sl065,1.7551000000002204,0.7051000000002206,0.0051000000002208,1,1,1,0,0.7051000000002206,48.84999999999991,15.91000000000031,0.6140791954745598,15.539999999999964,0.3301158301158379,6.2199999999998,5.5110000000000126,0.084,1.0,,,15,1,12.0,2024
2024-12-11 15:00:00+00:00|-1.0|handoff_divergence_fade_h15_tp06_sl065,2024-12-11 15:00:00+00:00,STAGE28A,data/reports/stage28a_discovery_factory_batch_runner/stage28a_exact_trades.csv,session_handoff_imbalance_v1,handoff_divergence_fade_h15_tp06_sl065,1.7115999999999985,0.6615999999999986,-0.0384000000000011,1,0,1,0,0.6615999999999986,38.01999999999998,21.779999999999745,0.5335169880624439,25.350000000000364,0.3932938856015823,3.7100000000000364,7.375500000000011,0.72,-1.0,,,15,2,12.0,2024
2024-12-12 15:00:00+00:00|-1.0|handoff_divergence_fade_h15_tp06_sl065,2024-12-12 15:00:00+00:00,STAGE28A,data/reports/stage28a_discovery_factory_batch_runner/stage28a_exact_trades.csv,session_handoff_imbalance_v1,handoff_divergence_fade_h15_tp06_sl065,-2.641900000000169,-3.6919000000001687,-4.391900000000168,0,0,0,1,3.6919000000001687,46.590000000000146,26.139999999999873,0.2895944912012319,10.640000000000327,0.09586466165413068,6.419999999999618,6.649499999999966,0.54,-1.0,,,15,3,12.0,2024
2024-12-13 15:00:00+00:00|1.0|handoff_divergence_fade_h15_tp06_sl065,2024-12-13 15:00:00+00:00,STAGE28A,data/reports/stage28a_discovery_factory_batch_runner/stage28a_exact_trades.csv,session_handoff_imbalance_v1,handoff_divergence_fade_h15_tp06_sl065,1.936000000000058,0.8860000000000583,0.1860000000000585,1,1,1,0,0.8860000000000583,51.2199999999998,13.740000000000236,0.4832605531295312,25.5,0.8109803921568741,9.730000000000018,5.961000000000036,0.188,1.0,,,15,4,12.0,2024
2024-12-18 15:00:00+00:00|-1.0|handoff_divergence_fade_h15_tp06_sl065,2024-12-18 15:00:00+00:00,STAGE28A,data/reports/stage28a_discovery_factory_batch_runner/stage28a_exact_trades.csv,session_handoff_imbalance_v1,handoff_divergence_fade_h15_tp06_sl065,1.0284999999998037,-0.0215000000001963,-0.7215000000001961,0,0,0,0,0.0215000000001963,25.659999999999854,9.079999999999927,0.2444933920704645,7.559999999999945,0.42857142857146296,4.300000000000182,4.172500000000082,0.004,-1.0,,,15,2,12.0,2024
2024-12-24 15:00:00+00:00|1.0|handoff_divergence_fade_h15_tp06_sl065,2024-12-24 15:00:00+00:00,STAGE28A,data/reports/stage28a_discovery_factory_batch_runner/stage28a_exact_trades.csv,session_handoff_imbalance_v1,handoff_divergence_fade_h15_tp06_sl065,-1.7572500000002038,-2.807250000000204,-3.507250000000204,0,0,0,0,2.807250000000204,25.279999999999745,8.889999999999873,0.5129358830146243,8.309999999999945,0.5571600481347941,3.8099999999999454,3.7184999999999944,0.004,1.0,,,15,1,12.0,2024
2024-12-27 15:00:00+00:00|1.0|handoff_divergence_fade_h15_tp06_sl065,2024-12-27 15:00:00+00:00,STAGE28A,data/reports/stage28a_discovery_factory_batch_runner/stage28a_exact_trades.csv,session_handoff_imbalance_v1,handoff_divergence_fade_h15_tp06_sl065,-1.9148750000000287,-2.964875000000029,-3.6648750000000287,0,0,0,0,2.964875000000029,26.139999999999873,6.550000000000182,0.14656488549618468,14.829999999999927,0.4686446392447641,5.900000000000091,4.015000000000055,0.036,1.0,,,15,4,12.0,2024
2024-12-31 15:00:00+00:00|-1.0|handoff_divergence_fade_h15_tp06_sl065,2024-12-31 15:00:00+00:00,STAGE28A,data/reports/stage28a_discovery_factory_batch_runner/stage28a_exact_trades.csv,session_handoff_imbalance_v1,handoff_divergence_fade_h15_tp06_sl065,-1.9688250000000156,-3.018825000000015,-3.718825000000015,0,0,0,0,3.018825000000015,32.159999999999854,8.059999999999945,0.01488833746896919,15.179999999999836,0.33596837944663793,3.430000000000291,4.1680000000000295,0.056,-1.0,,,15,1,12.0,2024
2025-01-03 15:00:00+00:00|1.0|handoff_divergence_fade_h15_tp06_sl065,2025-01-03 15:00:00+00:00,STAGE28A,data/reports/stage28a_discovery_factory_batch_runner/stage28a_exact_trades.csv,session_handoff_imbalance_v1,handoff_divergence_fade_h15_tp06_sl065,-1.9717499999997927,-3.0217499999997925,-3.721749999999792,0,0,0,0,3.0217499999997925,38.73000000000002,9.019999999999982,0.5000000000000252,13.019999999999982,0.40476190476190393,3.5100000000002183,4.650999999999999,0.252,1.0,,,15,4,1.0,2025
2025-01-08 15:00:00+00:00|-1.0|handoff_divergence_fade_h15_tp06_sl065,2025-01-08 15:00:00+00:00,STAGE28A,data/reports/stage28a_discovery_factory_batch_runner/stage28a_exact_trades.csv,session_handoff_imbalance_v1,handoff_divergence_fade_h15_tp06_sl065,1.201600000000235,0.1516000000002351,-0.5483999999997646,1,0,0,0,0.1516000000002351,31.429999999999836,6.260000000000218,0.4536741214056856,8.420000000000073,0.7304038004750639,6.610000000000127,3.8790000000000417,0.02,-1.0,,,15,2,1.0,2025
2025-01-09 15:00:00+00:00|-1.0|handoff_divergence_fade_h15_tp06_sl065,2025-01-09 15:00:00+00:00,STAGE28A,data/reports/stage28a_discovery_factory_batch_runner/stage28a_exact_trades.csv,session_handoff_imbalance_v1,handoff_divergence_fade_h15_tp06_sl065,-2.40724999999984,-3.45724999999984,-4.15724999999984,0,0,0,1,3.45724999999984,24.700000000000273,7.650000000000091,0.44836601307192814,10.929999999999836,0.7758462946020261,5.720000000000255,5.68599999999999,0.64,-1.0,,,15,3,1.0,2025
2025-01-14 15:00:00+00:00|1.0|handoff_divergence_fade_h15_tp06_sl065,2025-01-14 15:00:00+00:00,STAGE28A,data/reports/stage28a_discovery_factory_batch_runner/stage28a_exact_trades.csv,session_handoff_imbalance_v1,handoff_divergence_fade_h15_tp06_sl065,1.357899999999881,0.3078999999998815,-0.3921000000001182,1,0,1,0,0.3078999999998815,36.73000000000002,12.5300000000002,0.4333599361532123,10.629999999999654,0.644402634054575,5.170000000000073,4.905000000000018,0.144,1.0,,,15,1,1.0,2025
2025-01-17 15:00:00+00:00|1.0|handoff_divergence_fade_h15_tp06_sl065,2025-01-17 15:00:00+00:00,STAGE28A,data/reports/stage28a_discovery_factory_batch_runner/stage28a_exact_trades.csv,session_handoff_imbalance_v1,handoff_divergence_fade_h15_tp06_sl065,1.2532000000000152,0.2032000000000153,-0.4967999999999843,1,0,1,0,0.2032000000000153,34.73000000000002,7.489999999999782,0.006675567423255454,12.769999999999982,0.8433829287392324,4.829999999999927,4.030000000000018,0.024,1.0,,,15,4,1.0,2025
2025-01-21 15:00:00+00:00|1.0|handoff_divergence_fade_h15_tp06_sl065,2025-01-21 15:00:00+00:00,STAGE28A,data/reports/stage28a_discovery_factory_batch_runner/stage28a_exact_trades.csv,session_handoff_imbalance_v1,handoff_divergence_fade_h15_tp06_sl065,1.5909999999998037,0.5409999999998036,-0.1590000000001961,1,0,1,0,0.5409999999998036,24.550000000000182,25.09999999999991,0.6749003984063792,15.799999999999727,0.4974683544303964,5.289999999999964,6.870500000000016,0.928,1.0,,,15,1,1.0,2025
2025-01-27 15:00:00+00:00|-1.0|handoff_divergence_fade_h15_tp06_sl065,2025-01-27 15:00:00+00:00,STAGE28A,data/reports/stage28a_discovery_factory_batch_runner/stage28a_exact_trades.csv,session_handoff_imbalance_v1,handoff_divergence_fade_h15_tp06_sl065,2.025700000000052,0.9757000000000516,0.275700000000052,1,1,1,0,0.9757000000000516,5.839999999999691,18.460000000000036,0.49620801733476905,23.769999999999982,0.4030290281867873,11.099999999999909,6.469999999999982,0.86,-1.0,,,15,0,1.0,2025
2025-01-29 15:00:00+00:00|-1.0|handoff_divergence_fade_h15_tp06_sl065,2025-01-29 15:00:00+00:00,STAGE28A,data/reports/stage28a_discovery_factory_batch_runner/stage28a_exact_trades.csv,session_handoff_imbalance_v1,handoff_divergence_fade_h15_tp06_sl065,-1.815749999999844,-2.8657499999998435,-3.565749999999843,0,0,0,0,2.8657499999998435,30.639999999999873,4.730000000000018,0.061310782241006875,8.909999999999854,0.48260381593717755,3.4600000000000364,3.221000000000049,0.004,-1.0,,,15,2,1.0,2025
2025-02-03 15:00:00+00:00|-1.0|handoff_divergence_fade_h15_tp06_sl065,2025-02-03 15:00:00+00:00,STAGE28A,data/reports/stage28a_discovery_factory_batch_runner/stage28a_exact_trades.csv,session_handoff_imbalance_v1,handoff_divergence_fade_h15_tp06_sl065,1.8202000000000225,0.7702000000000226,0.0702000000000229,1,1,1,0,0.7702000000000226,20.699999999999818,31.9699999999998,0.37566468564278505,20.809999999999945,0.8279673234022136,10.550000000000182,9.218999999999983,0.972,-1.0,,,15,0,2.0,2025
2025-02-12 15:00:00+00:00|-1.0|handoff_divergence_fade_h15_tp06_sl065,2025-02-12 15:00:00+00:00,STAGE28A,data/reports/stage28a_discovery_factory_batch_runner/stage28a_exact_trades.csv,session_handoff_imbalance_v1,handoff_divergence_fade_h15_tp06_sl065,-3.0124000000001616,-4.062400000000162,-4.762400000000161,0,0,0,1,4.062400000000162,60.9399999999996,17.070000000000164,0.7861745752782627,16.440000000000055,0.15815085158150247,7.019999999999982,6.970499999999992,0.384,-1.0,,,15,2,2.0,2025
2025-02-13 15:00:00+00:00|1.0|handoff_divergence_fade_h15_tp06_sl065,2025-02-13 15:00:00+00:00,STAGE28A,data/reports/stage28a_discovery_factory_batch_runner/stage28a_exact_trades.csv,session_handoff_imbalance_v1,handoff_divergence_fade_h15_tp06_sl065,-2.4787499999998546,-3.5287499999998544,-4.228749999999854,0,0,0,1,3.5287499999998544,45.38000000000011,18.759999999999764,0.6780383795309147,13.460000000000036,0.05274888558692678,5.710000000000036,5.948499999999922,0.16,1.0,,,15,3,2.0,2025
2025-02-14 15:00:00+00:00|-1.0|handoff_divergence_fade_h15_tp06_sl065,2025-02-14 15:00:00+00:00,STAGE28A,data/reports/stage28a_discovery_factory_batch_runner/stage28a_exact_trades.csv,session_handoff_imbalance_v1,handoff_divergence_fade_h15_tp06_sl065,-2.36825000000008,-3.41825000000008,-4.11825000000008,0,0,0,1,3.41825000000008,31.13000000000011,10.860000000000127,0.24677716390425963,13.309999999999945,0.5416979714500425,5.220000000000255,5.65949999999998,0.068,-1.0,,,15,4,2.0,2025
2025-02-19 15:00:00+00:00|-1.0|handoff_divergence_fade_h15_tp06_sl065,2025-02-19 15:00:00+00:00,STAGE28A,data/reports/stage28a_discovery_factory_batch_runner/stage28a_exact_trades.csv,session_handoff_imbalance_v1,handoff_divergence_fade_h15_tp06_sl065,1.841499999999905,0.7914999999999055,0.0914999999999057,1,1,1,0,0.7914999999999055,45.25,15.480000000000018,0.31330749354004545,19.0,0.8199999999999962,5.570000000000164,6.329499999999984,0.208,-1.0,,,15,2,2.0,2025
2025-02-21 15:00:00+00:00|-1.0|handoff_divergence_fade_h15_tp06_sl065,2025-02-21 15:00:00+00:00,STAGE28A,data/reports/stage28a_discovery_factory_batch_runner/stage28a_exact_trades.csv,session_handoff_imbalance_v1,handoff_divergence_fade_h15_tp06_sl065,1.779699999999957,0.7296999999999572,0.0296999999999574,1,1,1,0,0.7296999999999572,30.779999999999745,23.40000000000009,0.5564102564102534,17.309999999999945,0.11900635470825835,7.690000000000055,7.887000000000034,0.584,-1.0,,,15,4,2.0,2025
2025-02-25 15:00:00+00:00|-1.0|handoff_divergence_fade_h15_tp06_sl065,2025-02-25 15:00:00+00:00,STAGE28A,data/reports/stage28a_discovery_factory_batch_runner/stage28a_exact_trades.csv,session_handoff_imbalance_v1,handoff_divergence_fade_h15_tp06_sl065,1.975600000000122,0.9256000000001224,0.2256000000001226,1,1,1,0,0.9256000000001224,35.16000000000031,18.909999999999854,0.6959280803807486,12.91000000000031,0.05654531371030214,17.450000000000273,6.2409999999999854,0.172,-1.0,,,15,1,2.0,2025
2025-03-03 15:00:00+00:00|-1.0|handoff_divergence_fade_h15_tp06_sl065,2025-03-03 15:00:00+00:00,STAGE28A,data/reports/stage28a_discovery_factory_batch_runner/stage28a_exact_trades.csv,session_handoff_imbalance_v1,handoff_divergence_fade_h15_tp06_sl065,1.7901999999998224,0.7401999999998226,0.0401999999998228,1,1,1,0,0.7401999999998226,21.38000000000011,21.38000000000011,0.1585594013096284,14.730000000000018,0.30414120841819503,3.8299999999999272,7.935500000000002,0.532,-1.0,,,15,0,3.0,2025
2025-03-05 15:00:00+00:00|-1.0|handoff_divergence_fade_h15_tp06_sl065,2025-03-05 15:00:00+00:00,STAGE28A,data/reports/stage28a_discovery_factory_batch_runner/stage28a_exact_trades.csv,session_handoff_imbalance_v1,handoff_divergence_fade_h15_tp06_sl065,-2.8284500000000663,-3.878450000000066,-4.578450000000066,0,0,0,1,3.878450000000066,45.84999999999991,16.070000000000164,0.24268823895457692,13.5,0.2125925925925845,7.0099999999997635,7.058000000000106,0.156,-1.0,,,15,2,3.0,2025
2025-03-07 15:00:00+00:00|-1.0|handoff_divergence_fade_h15_tp06_sl065,2025-03-07 15:00:00+00:00,STAGE28A,data/reports/stage28a_discovery_factory_batch_runner/stage28a_exact_trades.csv,session_handoff_imbalance_v1,handoff_divergence_fade_h15_tp06_sl065,-2.176825000000099,-3.226825000000099,-3.9268250000000986,0,0,0,1,3.226825000000099,35.41000000000031,18.309999999999945,0.1982523211359978,16.63000000000011,0.6806975345760454,4.809999999999945,6.723999999999933,0.028,-1.0,,,15,4,3.0,2025
2025-03-12 15:00:00+00:00|1.0|handoff_divergence_fade_h15_tp06_sl065,2025-03-12 15:00:00+00:00,STAGE28A,data/reports/stage28a_discovery_factory_batch_runner/stage28a_exact_trades.csv,session_handoff_imbalance_v1,handoff_divergence_fade_h15_tp06_sl065,-2.5889250000001085,-3.638925000000108,-4.338925000000108,0,0,0,1,3.638925000000108,41.909999999999854,9.090000000000146,0.10121012101205756,16.450000000000273,0.043161094224925506,10.960000000000036,5.68449999999998,0.04,1.0,,,15,2,3.0,2025
2025-03-14 15:00:00+00:00|-1.0|handoff_divergence_fade_h15_tp06_sl065,2025-03-14 15:00:00+00:00,STAGE28A,data/reports/stage28a_discovery_factory_batch_runner/stage28a_exact_trades.csv,session_handoff_imbalance_v1,handoff_divergence_fade_h15_tp06_sl065,-3.2756500000001325,-4.325650000000133,-5.025650000000132,0,0,0,1,4.325650000000133,56.50999999999976,12.150000000000091,0.27160493827158044,24.0,0.32583333333334014,6.3400000000001455,6.814499999999998,0.216,-1.0,,,15,4,3.0,2025
2025-03-17 15:00:00+00:00|-1.0|handoff_divergence_fade_h15_tp06_sl065,2025-03-17 15:00:00+00:00,STAGE28A,data/reports/stage28a_discovery_factory_batch_runner/stage28a_exact_trades.csv,session_handoff_imbalance_v1,handoff_divergence_fade_h15_tp06_sl065,1.9147000000001757,0.8647000000001754,0.1647000000001757,1,1,1,0,0.8647000000001754,10.909999999999854,11.659999999999854,0.14493996569468917,17.420000000000073,0.9466130884041167,13.11999999999989,5.823999999999955,0.1,-1.0,,,15,0,3.0,2025
2025-03-19 15:00:00+00:00|1.0|handoff_divergence_fade_h15_tp06_sl065,2025-03-19 15:00:00+00:00,STAGE28A,data/reports/stage28a_discovery_factory_batch_runner/stage28a_exact_trades.csv,session_handoff_imbalance_v1,handoff_divergence_fade_h15_tp06_sl065,1.7290000000001782,0.6790000000001783,-0.0209999999998213,1,0,1,0,0.6790000000001783,38.73999999999978,11.580000000000382,0.2573402417961934,22.529999999999745,0.08521970705726119,4.790000000000418,5.797000000000049,0.14,1.0,,,15,2,3.0,2025
2025-03-20 15:00:00+00:00|1.0|handoff_divergence_fade_h15_tp06_sl065,2025-03-20 15:00:00+00:00,STAGE28A,data/reports/stage28a_discovery_factory_batch_runner/stage28a_exact_trades.csv,session_handoff_imbalance_v1,handoff_divergence_fade_h15_tp06_sl065,2.2957000000000334,1.2457000000000336,0.5457000000000338,1,1,1,0,1.2457000000000336,29.179999999999836,12.38000000000011,0.4491114701130773,28.149999999999636,0.6600355239786916,8.849999999999909,7.287999999999988,0.576,1.0,,,15,3,3.0,2025
2025-03-24 15:00:00+00:00|-1.0|handoff_divergence_fade_h15_tp06_sl065,2025-03-24 15:00:00+00:00,STAGE28A,data/reports/stage28a_discovery_factory_batch_runner/stage28a_exact_trades.csv,session_handoff_imbalance_v1,handoff_divergence_fade_h15_tp06_sl065,1.5696999999999206,0.5196999999999208,-0.1803000000000789,1,0,1,0,0.5196999999999208,5.869999999999891,12.66000000000031,0.09794628751976352,15.970000000000255,0.5453976205385033,6.1599999999998545,6.3379999999999885,0.368,-1.0,,,15,0,3.0,2025
2025-03-26 15:00:00+00:00|-1.0|handoff_divergence_fade_h15_tp06_sl065,2025-03-26 15:00:00+00:00,STAGE28A,data/reports/stage28a_discovery_factory_batch_runner/stage28a_exact_trades.csv,session_handoff_imbalance_v1,handoff_divergence_fade_h15_tp06_sl065,1.4734000000002196,0.4234000000002198,-0.2765999999997799,1,0,1,0,0.4234000000002198,28.480000000000018,12.690000000000055,0.3065405831363165,18.789999999999964,0.4220329962746063,4.670000000000073,5.182000000000016,0.02,-1.0,,,15,2,3.0,2025
2025-03-28 15:00:00+00:00|1.0|handoff_divergence_fade_h15_tp06_sl065,2025-03-28 15:00:00+00:00,STAGE28A,data/reports/stage28a_discovery_factory_batch_runner/stage28a_exact_trades.csv,session_handoff_imbalance_v1,handoff_divergence_fade_h15_tp06_sl065,2.200299999999879,1.1502999999998793,0.4502999999998796,1,1,1,0,1.1502999999998793,42.07999999999993,23.289999999999964,0.7745813653928721,19.770000000000437,0.018715225088535025,9.289999999999964,6.511500000000046,0.52,1.0,,,15,4,3.0,2025
2025-04-01 15:00:00+00:00|1.0|handoff_divergence_fade_h15_tp06_sl065,2025-04-01 15:00:00+00:00,STAGE28A,data/reports/stage28a_discovery_factory_batch_runner/stage28a_exact_trades.csv,session_handoff_imbalance_v1,handoff_divergence_fade_h15_tp06_sl065,-3.239900000000125,-4.2899000000001255,-4.989900000000125,0,0,0,1,4.2899000000001255,51.42000000000007,27.210000000000036,0.8515251745681582,24.809999999999945,0.5630794034663373,7.089999999999691,7.787999999999897,0.74,1.0,,,15,1,4.0,2025
2025-04-03 15:00:00+00:00|1.0|handoff_divergence_fade_h15_tp06_sl065,2025-04-03 15:00:00+00:00,STAGE28A,data/reports/stage28a_discovery_factory_batch_runner/stage28a_exact_trades.csv,session_handoff_imbalance_v1,handoff_divergence_fade_h15_tp06_sl065,-5.313400000000092,-6.363400000000093,-7.063400000000092,0,0,0,1,6.363400000000093,41.36000000000013,45.86000000000013,0.04513737461839737,33.409999999999854,0.7934750074827995,14.680000000000291,15.610500000000025,1.0,1.0,,,15,3,4.0,2025
2025-04-10 15:00:00+00:00|1.0|handoff_divergence_fade_h15_tp06_sl065,2025-04-10 15:00:00+00:00,STAGE28A,data/reports/stage28a_discovery_factory_batch_runner/stage28a_exact_trades.csv,session_handoff_imbalance_v1,handoff_divergence_fade_h15_tp06_sl065,3.7011999999998806,2.6511999999998808,1.951199999999881,1,1,1,0,2.6511999999998808,129.6500000000001,60.11999999999989,0.7538256819693986,29.460000000000036,0.30040733197557207,12.420000000000073,17.90300000000002,0.764,1.0,,,15,3,4.0,2025
2025-04-11 15:00:00+00:00|1.0|handoff_divergence_fade_h15_tp06_sl065,2025-04-11 15:00:00+00:00,STAGE28A,data/reports/stage28a_discovery_factory_batch_runner/stage28a_exact_trades.csv,session_handoff_imbalance_v1,handoff_divergence_fade_h15_tp06_sl065,-6.20779999999977,-7.25779999999977,-7.95779999999977,0,0,0,1,7.25779999999977,117.48000000000002,44.58999999999969,0.6503700381251447,42.960000000000036,0.23114525139664405,13.159999999999854,16.054499999999983,0.616,1.0,,,15,4,4.0,2025
2025-04-14 15:00:00+00:00|1.0|handoff_divergence_fade_h15_tp06_sl065,2025-04-14 15:00:00+00:00,STAGE28A,data/reports/stage28a_discovery_factory_batch_runner/stage28a_exact_trades.csv,session_handoff_imbalance_v1,handoff_divergence_fade_h15_tp06_sl065,-4.58377500000015,-5.633775000000151,-6.33377500000015,0,0,0,1,5.633775000000151,20.509999999999764,36.29999999999973,0.31129476584022775,21.460000000000036,0.39422180801491247,11.769999999999982,12.37700000000002,0.32,1.0,,,15,0,4.0,2025
2025-04-15 15:00:00+00:00|1.0|handoff_divergence_fade_h15_tp06_sl065,2025-04-15 15:00:00+00:00,STAGE28A,data/reports/stage28a_discovery_factory_batch_runner/stage28a_exact_trades.csv,session_handoff_imbalance_v1,handoff_divergence_fade_h15_tp06_sl065,-3.0371000000001005,-4.087100000000101,-4.7871000000001,0,0,0,1,4.087100000000101,52.00999999999976,18.799999999999727,0.8563829787234118,15.259999999999764,0.38204456094364464,7.170000000000073,7.581999999999948,0.004,1.0,,,15,1,4.0,2025
2025-04-22 15:00:00+00:00|1.0|handoff_divergence_fade_h15_tp06_sl065,2025-04-22 15:00:00+00:00,STAGE28A,data/reports/stage28a_discovery_factory_batch_runner/stage28a_exact_trades.csv,session_handoff_imbalance_v1,handoff_divergence_fade_h15_tp06_sl065,4.9554999999999385,3.905499999999938,3.2054999999999385,1,1,1,0,3.905499999999938,102.19999999999982,82.3100000000004,0.6886162070222277,56.809999999999945,0.5835240274599564,12.930000000000291,18.220500000000108,0.828,1.0,,,15,1,4.0,2025
2025-04-23 15:00:00+00:00|1.0|handoff_divergence_fade_h15_tp06_sl065,2025-04-23 15:00:00+00:00,STAGE28A,data/reports/stage28a_discovery_factory_batch_runner/stage28a_exact_trades.csv,session_handoff_imbalance_v1,handoff_divergence_fade_h15_tp06_sl065,5.399200000000201,4.3492000000002005,3.649200000000201,1,1,1,0,4.3492000000002005,174.55999999999995,73.46000000000004,0.1497413558399128,57.48999999999978,0.37049921725517937,16.88000000000011,25.274499999999968,0.952,1.0,,,15,2,4.0,2025
2025-05-01 15:00:00+00:00|-1.0|handoff_divergence_fade_h15_tp06_sl065,2025-05-01 15:00:00+00:00,STAGE28A,data/reports/stage28a_discovery_factory_batch_runner/stage28a_exact_trades.csv,session_handoff_imbalance_v1,handoff_divergence_fade_h15_tp06_sl065,3.332800000000043,2.282800000000043,1.5828000000000433,1,1,1,0,2.282800000000043,60.86999999999989,61.15000000000009,0.7282093213409596,27.449999999999818,0.39744990892533266,23.63000000000011,14.565499999999997,0.444,-1.0,,,15,3,5.0,2025
2025-05-07 15:00:00+00:00|-1.0|handoff_divergence_fade_h15_tp06_sl065,2025-05-07 15:00:00+00:00,STAGE28A,data/reports/stage28a_discovery_factory_batch_runner/stage28a_exact_trades.csv,session_handoff_imbalance_v1,handoff_divergence_fade_h15_tp06_sl065,3.808600000000206,2.758600000000206,2.0586000000002063,1,1,1,0,2.758600000000206,111.4699999999998,78.80000000000018,0.07398477157360296,27.629999999999654,0.20123054650742,7.710000000000036,19.35500000000004,0.856,-1.0,,,15,2,5.0,2025
2025-05-08 15:00:00+00:00|1.0|handoff_divergence_fade_h15_tp06_sl065,2025-05-08 15:00:00+00:00,STAGE28A,data/reports/stage28a_discovery_factory_batch_runner/stage28a_exact_trades.csv,session_handoff_imbalance_v1,handoff_divergence_fade_h15_tp06_sl065,3.398199999999997,2.348199999999997,1.6481999999999974,1,1,1,0,2.348199999999997,78.80000000000018,50.23000000000002,0.5377264582918525,79.16000000000031,0.8227640222334494,6.260000000000218,15.933499999999981,0.62,1.0,,,15,3,5.0,2025
2025-05-09 15:00:00+00:00|-1.0|handoff_divergence_fade_h15_tp06_sl065,2025-05-09 15:00:00+00:00,STAGE28A,data/reports/stage28a_discovery_factory_batch_runner/stage28a_exact_trades.csv,session_handoff_imbalance_v1,handoff_divergence_fade_h15_tp06_sl065,2.9178999999998267,1.867899999999827,1.1678999999998272,1,1,1,0,1.867899999999827,126.18000000000029,49.309999999999945,0.3214358142364617,24.079999999999927,0.7093023255813945,14.960000000000036,15.395499999999947,0.548,-1.0,,,15,4,5.0,2025
2025-05-12 15:00:00+00:00|1.0|handoff_divergence_fade_h15_tp06_sl065,2025-05-12 15:00:00+00:00,STAGE28A,data/reports/stage28a_discovery_factory_batch_runner/stage28a_exact_trades.csv,session_handoff_imbalance_v1,handoff_divergence_fade_h15_tp06_sl065,5.53209999999981,4.482099999999809,3.7820999999998097,1,1,1,0,4.482099999999809,44.57999999999993,52.61999999999989,0.20600532117066073,70.42999999999984,0.9747266789720325,21.289999999999964,19.41050000000005,0.96,1.0,,,15,0,5.0,2025
2025-05-14 15:00:00+00:00|-1.0|handoff_divergence_fade_h15_tp06_sl065,2025-05-14 15:00:00+00:00,STAGE28A,data/reports/stage28a_discovery_factory_batch_runner/stage28a_exact_trades.csv,session_handoff_imbalance_v1,handoff_divergence_fade_h15_tp06_sl065,-4.263000000000011,-5.313000000000011,-6.013000000000011,0,0,0,1,5.313000000000011,49.629999999999654,30.800000000000182,0.849025974025972,22.360000000000127,0.1797853309481198,19.73999999999978,9.532500000000004,0.008,-1.0,,,15,2,5.0,2025
2025-05-15 15:00:00+00:00|-1.0|handoff_divergence_fade_h15_tp06_sl065,2025-05-15 15:00:00+00:00,STAGE28A,data/reports/stage28a_discovery_factory_batch_runner/stage28a_exact_trades.csv,session_handoff_imbalance_v1,handoff_divergence_fade_h15_tp06_sl065,-4.977675000000181,-6.0276750000001815,-6.727675000000181,0,0,0,1,6.0276750000001815,88.99000000000024,44.320000000000164,0.7274368231046958,50.940000000000055,0.290341578327443,7.5300000000002,14.494000000000074,0.56,-1.0,,,15,3,5.0,2025
2025-05-19 15:00:00+00:00|-1.0|handoff_divergence_fade_h15_tp06_sl065,2025-05-19 15:00:00+00:00,STAGE28A,data/reports/stage28a_discovery_factory_batch_runner/stage28a_exact_trades.csv,session_handoff_imbalance_v1,handoff_divergence_fade_h15_tp06_sl065,2.766700000000037,1.7167000000000372,1.0167000000000377,1,1,1,0,1.7167000000000372,34.039999999999964,43.0,0.6297674418604634,40.88999999999987,0.7282954267547149,9.269999999999982,15.572500000000014,0.604,-1.0,,,15,0,5.0,2025
2025-05-20 15:00:00+00:00|-1.0|handoff_divergence_fade_h15_tp06_sl065,2025-05-20 15:00:00+00:00,STAGE28A,data/reports/stage28a_discovery_factory_batch_runner/stage28a_exact_trades.csv,session_handoff_imbalance_v1,handoff_divergence_fade_h15_tp06_sl065,-3.634125000000131,-4.684125000000131,-5.384125000000131,0,0,0,1,4.684125000000131,43.039999999999964,28.140000000000327,0.5501066098080805,31.31999999999971,0.7962962962963054,6.460000000000036,9.389999999999986,0.008,-1.0,,,15,1,5.0,2025
2025-05-22 15:00:00+00:00|1.0|handoff_divergence_fade_h15_tp06_sl065,2025-05-22 15:00:00+00:00,STAGE28A,data/reports/stage28a_discovery_factory_batch_runner/stage28a_exact_trades.csv,session_handoff_imbalance_v1,handoff_divergence_fade_h15_tp06_sl065,4.133799999999974,3.083799999999974,2.383799999999974,1,1,1,0,3.083799999999974,39.2800000000002,29.789999999999964,0.5877811346089219,35.23999999999978,0.8688989784336004,31.66000000000031,11.573999999999955,0.212,1.0,,,15,3,5.0,2025
2025-05-26 15:00:00+00:00|1.0|handoff_divergence_fade_h15_tp06_sl065,2025-05-26 15:00:00+00:00,STAGE28A,data/reports/stage28a_discovery_factory_batch_runner/stage28a_exact_trades.csv,session_handoff_imbalance_v1,handoff_divergence_fade_h15_tp06_sl065,-2.808949999999732,-3.858949999999731,-4.558949999999731,0,0,0,1,3.858949999999731,14.840000000000146,25.259999999999764,0.1270783847981024,28.269999999999982,0.6742129465864859,5.230000000000018,9.029500000000008,0.004,1.0,,,15,0,5.0,2025
2025-05-28 15:00:00+00:00|-1.0|handoff_divergence_fade_h15_tp06_sl065,2025-05-28 15:00:00+00:00,STAGE28A,data/reports/stage28a_discovery_factory_batch_runner/stage28a_exact_trades.csv,session_handoff_imbalance_v1,handoff_divergence_fade_h15_tp06_sl065,-3.437500000000091,-4.487500000000091,-5.187500000000091,0,0,0,1,4.487500000000091,64.65999999999985,24.050000000000182,0.22910602910601754,31.070000000000164,0.8464757000321868,7.649999999999636,9.135000000000081,0.092,-1.0,,,15,2,5.0,2025
2025-05-29 15:00:00+00:00|-1.0|handoff_divergence_fade_h15_tp06_sl065,2025-05-29 15:00:00+00:00,STAGE28A,data/reports/stage28a_discovery_factory_batch_runner/stage28a_exact_trades.csv,session_handoff_imbalance_v1,handoff_divergence_fade_h15_tp06_sl065,2.8191999999998187,1.769199999999819,1.0691999999998192,1,1,1,0,1.769199999999819,48.7199999999998,49.67000000000007,0.2415945238574589,23.240000000000236,0.3222891566265129,10.050000000000182,14.386999999999967,0.768,-1.0,,,15,3,5.0,2025
2025-05-30 15:00:00+00:00|-1.0|handoff_divergence_fade_h15_tp06_sl065,2025-05-30 15:00:00+00:00,STAGE28A,data/reports/stage28a_discovery_factory_batch_runner/stage28a_exact_trades.csv,session_handoff_imbalance_v1,handoff_divergence_fade_h15_tp06_sl065,2.871700000000055,1.8217000000000556,1.1217000000000557,1,1,1,0,1.8217000000000556,85.5,31.449999999999818,0.6311605723370437,17.59999999999991,0.06193181818182677,8.569999999999709,9.062999999999965,0.084,-1.0,,,15,4,5.0,2025
2025-06-02 15:00:00+00:00|-1.0|handoff_divergence_fade_h15_tp06_sl065,2025-06-02 15:00:00+00:00,STAGE28A,data/reports/stage28a_discovery_factory_batch_runner/stage28a_exact_trades.csv,session_handoff_imbalance_v1,handoff_divergence_fade_h15_tp06_sl065,2.651200000000153,1.6012000000001536,0.901200000000154,1,1,1,0,1.6012000000001536,19.170000000000073,20.759999999999764,0.2076107899807319,50.04999999999973,0.7880119880119933,13.980000000000018,10.128499999999963,0.228,-1.0,,,15,0,6.0,2025
2025-06-05 15:00:00+00:00|-1.0|handoff_divergence_fade_h15_tp06_sl065,2025-06-05 15:00:00+00:00,STAGE28A,data/reports/stage28a_discovery_factory_batch_runner/stage28a_exact_trades.csv,session_handoff_imbalance_v1,handoff_divergence_fade_h15_tp06_sl065,2.5801000000000385,1.5301000000000389,0.8301000000000389,1,1,1,0,1.5301000000000389,40.88999999999987,15.769999999999982,0.24413443246670347,30.279999999999745,0.6647952443857423,11.690000000000055,8.205000000000018,0.06,-1.0,,,15,3,6.0,2025
2025-06-06 15:00:00+00:00|1.0|handoff_divergence_fade_h15_tp06_sl065,2025-06-06 15:00:00+00:00,STAGE28A,data/reports/stage28a_discovery_factory_batch_runner/stage28a_exact_trades.csv,session_handoff_imbalance_v1,handoff_divergence_fade_h15_tp06_sl065,2.128900000000067,1.078900000000067,0.3789000000000673,1,1,1,0,1.078900000000067,64.22000000000025,18.7199999999998,0.5694444444444671,22.740000000000236,0.5721196130167143,6.0,8.55600000000004,0.076,1.0,,,15,4,6.0,2025
2025-06-09 15:00:00+00:00|-1.0|handoff_divergence_fade_h15_tp06_sl065,2025-06-09 15:00:00+00:00,STAGE28A,data/reports/stage28a_discovery_factory_batch_runner/stage28a_exact_trades.csv,session_handoff_imbalance_v1,handoff_divergence_fade_h15_tp06_sl065,-2.996799999999985,-4.046799999999985,-4.746799999999984,0,0,0,1,4.046799999999985,11.909999999999854,27.629999999999654,0.1458559536735523,19.210000000000036,0.4122852680895397,7.589999999999691,8.86950000000004,0.096,-1.0,,,15,0,6.0,2025
2025-06-10 15:00:00+00:00|-1.0|handoff_divergence_fade_h15_tp06_sl065,2025-06-10 15:00:00+00:00,STAGE28A,data/reports/stage28a_discovery_factory_batch_runner/stage28a_exact_trades.csv,session_handoff_imbalance_v1,handoff_divergence_fade_h15_tp06_sl065,-3.0458749999998878,-4.095874999999888,-4.795874999999887,0,0,0,1,4.095874999999888,44.629999999999654,25.990000000000236,0.6167756829549673,31.990000000000236,0.6927164738980977,10.25,8.229999999999972,0.052,-1.0,,,15,1,6.0,2025
2025-06-12 15:00:00+00:00|1.0|handoff_divergence_fade_h15_tp06_sl065,2025-06-12 15:00:00+00:00,STAGE28A,data/reports/stage28a_discovery_factory_batch_runner/stage28a_exact_trades.csv,session_handoff_imbalance_v1,handoff_divergence_fade_h15_tp06_sl065,4.251099999999861,3.2010999999998604,2.5010999999998607,1,1,1,0,3.2010999999998604,54.10999999999967,21.41000000000031,0.20597851471274128,37.07999999999993,0.21467098166127432,15.420000000000073,13.235000000000014,0.936,1.0,,,15,3,6.0,2025
2025-06-13 15:00:00+00:00|1.0|handoff_divergence_fade_h15_tp06_sl065,2025-06-13 15:00:00+00:00,STAGE28A,data/reports/stage28a_discovery_factory_batch_runner/stage28a_exact_trades.csv,session_handoff_imbalance_v1,handoff_divergence_fade_h15_tp06_sl065,2.93229999999985,1.8822999999998504,1.1822999999998505,1,1,1,0,1.8822999999998504,60.320000000000164,64.65000000000009,0.6521268368136086,22.43000000000029,0.05840392331698299,10.41000000000031,12.329000000000018,0.868,1.0,,,15,4,6.0,2025
2025-06-18 15:00:00+00:00|1.0|handoff_divergence_fade_h15_tp06_sl065,2025-06-18 15:00:00+00:00,STAGE28A,data/reports/stage28a_discovery_factory_batch_runner/stage28a_exact_trades.csv,session_handoff_imbalance_v1,handoff_divergence_fade_h15_tp06_sl065,2.204200000000037,1.1542000000000372,0.4542000000000374,1,1,1,0,1.1542000000000372,37.070000000000164,25.65000000000009,0.08109161793372008,24.519999999999982,0.5236541598695006,8.050000000000182,8.196000000000026,0.036,1.0,,,15,2,6.0,2025
2025-06-25 15:00:00+00:00|1.0|handoff_divergence_fade_h15_tp06_sl065,2025-06-25 15:00:00+00:00,STAGE28A,data/reports/stage28a_discovery_factory_batch_runner/stage28a_exact_trades.csv,session_handoff_imbalance_v1,handoff_divergence_fade_h15_tp06_sl065,-2.9688499999998386,-4.018849999999839,-4.718849999999838,0,0,0,1,4.018849999999839,74.55999999999995,14.210000000000036,0.4693877551020447,15.5,0.19935483870965748,7.289999999999964,5.722499999999968,0.004,1.0,,,15,2,6.0,2025
2025-07-03 15:00:00+00:00|-1.0|handoff_divergence_fade_h15_tp06_sl065,2025-07-03 15:00:00+00:00,STAGE28A,data/reports/stage28a_discovery_factory_batch_runner/stage28a_exact_trades.csv,session_handoff_imbalance_v1,handoff_divergence_fade_h15_tp06_sl065,1.827400000000034,0.7774000000000343,0.0774000000000345,1,1,1,0,0.7774000000000343,34.559999999999945,23.829999999999927,0.607217792698292,19.84999999999991,0.10277078085642181,10.579999999999927,7.952999999999929,0.352,-1.0,,,15,3,7.0,2025
2025-07-10 15:00:00+00:00|-1.0|handoff_divergence_fade_h15_tp06_sl065,2025-07-10 15:00:00+00:00,STAGE28A,data/reports/stage28a_discovery_factory_batch_runner/stage28a_exact_trades.csv,session_handoff_imbalance_v1,handoff_divergence_fade_h15_tp06_sl065,-2.7299749999998317,-3.779974999999831,-4.479974999999831,0,0,0,1,3.779974999999831,37.20999999999958,12.9699999999998,0.29452582883575695,15.36999999999989,0.698113207547176,11.940000000000055,6.672999999999979,0.084,-1.0,,,15,3,7.0,2025
2025-07-11 15:00:00+00:00|1.0|handoff_divergence_fade_h15_tp06_sl065,2025-07-11 15:00:00+00:00,STAGE28A,data/reports/stage28a_discovery_factory_batch_runner/stage28a_exact_trades.csv,session_handoff_imbalance_v1,handoff_divergence_fade_h15_tp06_sl065,2.0440000000002327,0.9940000000002328,0.2940000000002332,1,1,1,0,0.9940000000002328,20.15000000000009,14.420000000000073,0.7302357836338521,14.16000000000031,0.4067796610169557,8.200000000000273,6.931000000000017,0.128,1.0,,,15,4,7.0,2025
2025-07-14 15:00:00+00:00|-1.0|handoff_divergence_fade_h15_tp06_sl065,2025-07-14 15:00:00+00:00,STAGE28A,data/reports/stage28a_discovery_factory_batch_runner/stage28a_exact_trades.csv,session_handoff_imbalance_v1,handoff_divergence_fade_h15_tp06_sl065,-2.8876000000001114,-3.9376000000001112,-4.637600000000111,0,0,0,1,3.9376000000001112,11.590000000000146,20.139999999999873,0.6156901688182805,21.2199999999998,0.6291234684260363,9.110000000000127,7.602000000000044,0.376,-1.0,,,15,0,7.0,2025
2025-07-18 15:00:00+00:00|-1.0|handoff_divergence_fade_h15_tp06_sl065,2025-07-18 15:00:00+00:00,STAGE28A,data/reports/stage28a_discovery_factory_batch_runner/stage28a_exact_trades.csv,session_handoff_imbalance_v1,handoff_divergence_fade_h15_tp06_sl065,1.6231000000001583,0.5731000000001587,-0.126899999999841,1,0,1,0,0.5731000000001587,42.3100000000004,10.190000000000055,0.85083415112856,23.110000000000127,0.7676330592817022,6.789999999999964,5.4180000000000295,0.004,-1.0,,,15,4,7.0,2025
2025-07-23 15:00:00+00:00|-1.0|handoff_divergence_fade_h15_tp06_sl065,2025-07-23 15:00:00+00:00,STAGE28A,data/reports/stage28a_discovery_factory_batch_runner/stage28a_exact_trades.csv,session_handoff_imbalance_v1,handoff_divergence_fade_h15_tp06_sl065,1.746099999999751,0.6960999999997513,-0.0039000000002484,1,0,1,0,0.6960999999997513,50.26999999999998,19.579999999999927,0.24463738508682234,17.449999999999818,0.462464183381077,9.440000000000055,6.856999999999926,0.248,-1.0,,,15,2,7.0,2025
2025-07-28 15:00:00+00:00|1.0|handoff_divergence_fade_h15_tp06_sl065,2025-07-28 15:00:00+00:00,STAGE28A,data/reports/stage28a_discovery_factory_batch_runner/stage28a_exact_trades.csv,session_handoff_imbalance_v1,handoff_divergence_fade_h15_tp06_sl065,1.6035999999998238,0.553599999999824,-0.1464000000001757,1,0,1,0,0.553599999999824,18.269999999999982,26.029999999999745,0.5220898962735412,12.829999999999927,0.4263445050662378,3.8200000000001637,7.458999999999901,0.476,1.0,,,15,0,7.0,2025
2025-07-29 15:00:00+00:00|-1.0|handoff_divergence_fade_h15_tp06_sl065,2025-07-29 15:00:00+00:00,STAGE28A,data/reports/stage28a_discovery_factory_batch_runner/stage28a_exact_trades.csv,session_handoff_imbalance_v1,handoff_divergence_fade_h15_tp06_sl065,2.156800000000112,1.106800000000112,0.4068000000001124,1,1,1,0,1.106800000000112,43.44999999999982,13.079999999999927,0.1551987767583912,20.879999999999654,0.5727969348659117,7.289999999999964,6.278999999999928,0.192,-1.0,,,15,1,7.0,2025
2025-08-01 15:00:00+00:00|-1.0|handoff_divergence_fade_h15_tp06_sl065,2025-08-01 15:00:00+00:00,STAGE28A,data/reports/stage28a_discovery_factory_batch_runner/stage28a_exact_trades.csv,session_handoff_imbalance_v1,handoff_divergence_fade_h15_tp06_sl065,1.8034000000001469,0.7534000000001471,0.0534000000001473,1,1,1,0,0.7534000000001471,40.809999999999945,15.559999999999945,0.23136246786631887,15.069999999999709,0.20570670205709513,4.510000000000218,6.827999999999929,0.228,-1.0,,,15,4,8.0,2025
2025-08-04 15:00:00+00:00|1.0|handoff_divergence_fade_h15_tp06_sl065,2025-08-04 15:00:00+00:00,STAGE28A,data/reports/stage28a_discovery_factory_batch_runner/stage28a_exact_trades.csv,session_handoff_imbalance_v1,handoff_divergence_fade_h15_tp06_sl065,1.791700000000128,0.7417000000001281,0.0417000000001284,1,1,1,0,0.7417000000001281,11.5300000000002,24.079999999999927,0.04734219269104364,10.960000000000036,0.21350364963504906,12.980000000000018,7.8575000000000275,0.536,1.0,,,15,0,8.0,2025
2025-08-07 15:00:00+00:00|1.0|handoff_divergence_fade_h15_tp06_sl065,2025-08-07 15:00:00+00:00,STAGE28A,data/reports/stage28a_discovery_factory_batch_runner/stage28a_exact_trades.csv,session_handoff_imbalance_v1,handoff_divergence_fade_h15_tp06_sl065,3.0651999999999133,2.015199999999913,1.3151999999999138,1,1,1,0,2.015199999999913,27.139999999999873,18.960000000000036,0.3992616033755353,25.840000000000146,0.11803405572754296,11.429999999999836,8.050999999999977,0.624,1.0,,,15,3,8.0,2025
2025-08-12 15:00:00+00:00|1.0|handoff_divergence_fade_h15_tp06_sl065,2025-08-12 15:00:00+00:00,STAGE28A,data/reports/stage28a_discovery_factory_batch_runner/stage28a_exact_trades.csv,session_handoff_imbalance_v1,handoff_divergence_fade_h15_tp06_sl065,2.425000000000091,1.375000000000091,0.6750000000000913,1,1,1,0,1.375000000000091,64.0300000000002,15.070000000000164,0.16323822163238286,15.83999999999969,0.24368686868688147,12.240000000000236,8.315499999999975,0.512,1.0,,,15,1,8.0,2025
2025-08-13 15:00:00+00:00|-1.0|handoff_divergence_fade_h15_tp06_sl065,2025-08-13 15:00:00+00:00,STAGE28A,data/reports/stage28a_discovery_factory_batch_runner/stage28a_exact_trades.csv,session_handoff_imbalance_v1,handoff_divergence_fade_h15_tp06_sl065,-2.9148999999998524,-3.964899999999852,-4.664899999999852,0,0,0,1,3.964899999999852,28.0300000000002,11.659999999999854,0.07375643224701013,21.079999999999927,0.7191650853890115,8.329999999999927,5.8755000000000335,0.028,-1.0,,,15,2,8.0,2025
2025-08-14 15:00:00+00:00|1.0|handoff_divergence_fade_h15_tp06_sl065,2025-08-14 15:00:00+00:00,STAGE28A,data/reports/stage28a_discovery_factory_batch_runner/stage28a_exact_trades.csv,session_handoff_imbalance_v1,handoff_divergence_fade_h15_tp06_sl065,2.575600000000031,1.5256000000000314,0.8256000000000316,1,1,1,0,1.5256000000000314,28.230000000000018,19.61999999999989,0.1432212028542284,24.98999999999978,0.16966786714686968,4.589999999999691,7.175999999999954,0.268,1.0,,,15,3,8.0,2025
2025-08-15 15:00:00+00:00|1.0|handoff_divergence_fade_h15_tp06_sl065,2025-08-15 15:00:00+00:00,STAGE28A,data/reports/stage28a_discovery_factory_batch_runner/stage28a_exact_trades.csv,session_handoff_imbalance_v1,handoff_divergence_fade_h15_tp06_sl065,1.945599999999922,0.8955999999999222,0.1955999999999225,1,1,1,0,0.8955999999999222,45.40000000000009,12.629999999999654,0.795724465558231,10.309999999999945,0.07468477206595402,7.039999999999964,5.808499999999981,0.02,1.0,,,15,4,8.0,2025
2025-08-25 15:00:00+00:00|1.0|handoff_divergence_fade_h15_tp06_sl065,2025-08-25 15:00:00+00:00,STAGE28A,data/reports/stage28a_discovery_factory_batch_runner/stage28a_exact_trades.csv,session_handoff_imbalance_v1,handoff_divergence_fade_h15_tp06_sl065,1.0134999999999308,-0.036500000000069,-0.7365000000000688,0,0,0,0,0.036500000000069,6.210000000000036,12.260000000000218,0.0016313213703084382,8.019999999999982,0.02369077306733853,5.7199999999998,4.770000000000005,0.036,1.0,,,15,0,8.0,2025
2025-08-27 15:00:00+00:00|-1.0|handoff_divergence_fade_h15_tp06_sl065,2025-08-27 15:00:00+00:00,STAGE28A,data/reports/stage28a_discovery_factory_batch_runner/stage28a_exact_trades.csv,session_handoff_imbalance_v1,handoff_divergence_fade_h15_tp06_sl065,1.307799999999952,0.257799999999952,-0.4422000000000476,1,0,1,0,0.257799999999952,42.19999999999982,13.800000000000182,0.7543478260869689,11.629999999999654,0.21066208082548113,4.1599999999998545,5.096499999999992,0.128,-1.0,,,15,2,8.0,2025
2025-08-28 15:00:00+00:00|-1.0|handoff_divergence_fade_h15_tp06_sl065,2025-08-28 15:00:00+00:00,STAGE28A,data/reports/stage28a_discovery_factory_batch_runner/stage28a_exact_trades.csv,session_handoff_imbalance_v1,handoff_divergence_fade_h15_tp06_sl065,1.4734000000002196,0.4234000000002198,-0.2765999999997799,1,0,1,0,0.4234000000002198,25.049999999999727,15.08999999999969,0.3770709078860286,13.86999999999989,0.6560922855083227,11.460000000000036,5.324500000000034,0.188,-1.0,,,15,3,8.0,2025
2025-09-02 15:00:00+00:00|1.0|handoff_divergence_fade_h15_tp06_sl065,2025-09-02 15:00:00+00:00,STAGE28A,data/reports/stage28a_discovery_factory_batch_runner/stage28a_exact_trades.csv,session_handoff_imbalance_v1,handoff_divergence_fade_h15_tp06_sl065,2.7148000000001047,1.6648000000001049,0.9648000000001052,1,1,1,0,1.6648000000001049,52.74000000000024,34.159999999999854,0.5793325526932098,28.289999999999964,0.6564156945917191,11.460000000000036,8.58149999999996,0.884,1.0,,,15,1,9.0,2025
2025-09-04 15:00:00+00:00|-1.0|handoff_divergence_fade_h15_tp06_sl065,2025-09-04 15:00:00+00:00,STAGE28A,data/reports/stage28a_discovery_factory_batch_runner/stage28a_exact_trades.csv,session_handoff_imbalance_v1,handoff_divergence_fade_h15_tp06_sl065,2.425000000000091,1.375000000000091,0.6750000000000913,1,1,1,0,1.375000000000091,52.10999999999967,52.7800000000002,0.6220159151193596,20.90000000000009,0.44928229665073144,13.070000000000164,10.922500000000037,0.924,-1.0,,,15,3,9.0,2025
2025-09-05 15:00:00+00:00|1.0|handoff_divergence_fade_h15_tp06_sl065,2025-09-05 15:00:00+00:00,STAGE28A,data/reports/stage28a_discovery_factory_batch_runner/stage28a_exact_trades.csv,session_handoff_imbalance_v1,handoff_divergence_fade_h15_tp06_sl065,-2.6672500000000583,-3.717250000000058,-4.417250000000058,0,0,0,1,3.717250000000058,52.7800000000002,19.300000000000182,0.9113989637305453,16.36999999999989,0.3671350030543835,7.400000000000091,7.684999999999991,0.516,1.0,,,15,4,9.0,2025
2025-09-08 15:00:00+00:00|-1.0|handoff_divergence_fade_h15_tp06_sl065,2025-09-08 15:00:00+00:00,STAGE28A,data/reports/stage28a_discovery_factory_batch_runner/stage28a_exact_trades.csv,session_handoff_imbalance_v1,handoff_divergence_fade_h15_tp06_sl065,-3.4225499999998648,-4.472549999999865,-5.172549999999864,0,0,0,1,4.472549999999865,18.25,18.559999999999945,0.46821120689655604,37.679999999999836,0.8017515923566924,7.0,9.150000000000023,0.564,-1.0,,,15,0,9.0,2025
2025-09-12 15:00:00+00:00|1.0|handoff_divergence_fade_h15_tp06_sl065,2025-09-12 15:00:00+00:00,STAGE28A,data/reports/stage28a_discovery_factory_batch_runner/stage28a_exact_trades.csv,session_handoff_imbalance_v1,handoff_divergence_fade_h15_tp06_sl065,1.965099999999802,0.9150999999998022,0.2150999999998024,1,1,1,0,0.9150999999998022,36.26999999999998,22.779999999999745,0.7949956101843867,19.06999999999971,0.3455689564761296,5.010000000000218,6.417999999999961,0.068,1.0,,,15,4,9.0,2025
2025-09-15 15:00:00+00:00|1.0|handoff_divergence_fade_h15_tp06_sl065,2025-09-15 15:00:00+00:00,STAGE28A,data/reports/stage28a_discovery_factory_batch_runner/stage28a_exact_trades.csv,session_handoff_imbalance_v1,handoff_divergence_fade_h15_tp06_sl065,1.9623999999997976,0.9123999999997978,0.212399999999798,1,1,1,0,0.9123999999997978,6.779999999999745,19.769999999999982,0.2063732928679783,13.239999999999782,0.3904833836857782,7.669999999999618,6.489999999999964,0.052,1.0,,,15,0,9.0,2025
2025-09-18 15:00:00+00:00|-1.0|handoff_divergence_fade_h15_tp06_sl065,2025-09-18 15:00:00+00:00,STAGE28A,data/reports/stage28a_discovery_factory_batch_runner/stage28a_exact_trades.csv,session_handoff_imbalance_v1,handoff_divergence_fade_h15_tp06_sl065,-3.413775000000078,-4.463775000000078,-5.1637750000000775,0,0,0,1,4.463775000000078,61.32999999999993,20.0,0.2259999999999991,39.059999999999945,0.33666154633895684,6.4900000000002365,13.464500000000067,0.988,-1.0,,,15,3,9.0,2025
2025-09-24 15:00:00+00:00|-1.0|handoff_divergence_fade_h15_tp06_sl065,2025-09-24 15:00:00+00:00,STAGE28A,data/reports/stage28a_discovery_factory_batch_runner/stage28a_exact_trades.csv,session_handoff_imbalance_v1,handoff_divergence_fade_h15_tp06_sl065,-2.9168500000001587,-3.9668500000001594,-4.666850000000158,0,0,0,1,3.9668500000001594,54.13000000000011,21.070000000000164,0.0014238253440790275,15.989999999999782,0.18886804252658054,9.829999999999927,10.479999999999995,0.792,-1.0,,,15,2,9.0,2025
2025-09-25 15:00:00+00:00|-1.0|handoff_divergence_fade_h15_tp06_sl065,2025-09-25 15:00:00+00:00,STAGE28A,data/reports/stage28a_discovery_factory_batch_runner/stage28a_exact_trades.csv,session_handoff_imbalance_v1,handoff_divergence_fade_h15_tp06_sl065,3.042699999999877,1.992699999999877,1.2926999999998774,1,1,1,0,1.992699999999877,61.67000000000007,22.409999999999854,0.1976796073181758,29.980000000000018,0.6774516344229464,16.5300000000002,10.199500000000034,0.748,-1.0,,,15,3,9.0,2025
2025-09-26 15:00:00+00:00|-1.0|handoff_divergence_fade_h15_tp06_sl065,2025-09-26 15:00:00+00:00,STAGE28A,data/reports/stage28a_discovery_factory_batch_runner/stage28a_exact_trades.csv,session_handoff_imbalance_v1,handoff_divergence_fade_h15_tp06_sl065,1.8837999999999735,0.8337999999999739,0.1337999999999741,1,1,1,0,0.8337999999999739,39.82999999999993,18.800000000000182,0.17819148936169557,15.920000000000073,0.3762562814070483,8.449999999999818,10.070999999999936,0.636,-1.0,,,15,4,9.0,2025
2025-09-30 15:00:00+00:00|1.0|handoff_divergence_fade_h15_tp06_sl065,2025-09-30 15:00:00+00:00,STAGE28A,data/reports/stage28a_discovery_factory_batch_runner/stage28a_exact_trades.csv,session_handoff_imbalance_v1,handoff_divergence_fade_h15_tp06_sl065,-6.501275000000168,-7.551275000000169,-8.251275000000168,0,0,0,1,7.551275000000169,77.67000000000007,41.659999999999854,0.817330772923675,78.48999999999978,0.8421454962415664,13.320000000000164,12.672000000000002,0.9,1.0,,,15,1,9.0,2025
2025-10-03 15:00:00+00:00|-1.0|handoff_divergence_fade_h15_tp06_sl065,2025-10-03 15:00:00+00:00,STAGE28A,data/reports/stage28a_discovery_factory_batch_runner/stage28a_exact_trades.csv,session_handoff_imbalance_v1,handoff_divergence_fade_h15_tp06_sl065,2.1757000000001425,1.1257000000001427,0.4257000000001429,1,1,1,0,1.1257000000001427,77.53999999999996,25.700000000000273,0.5634241245136135,24.0,0.8966666666666848,12.349999999999909,9.249000000000047,0.176,-1.0,,,15,4,10.0,2025
2025-10-07 15:00:00+00:00|1.0|handoff_divergence_fade_h15_tp06_sl065,2025-10-07 15:00:00+00:00,STAGE28A,data/reports/stage28a_discovery_factory_batch_runner/stage28a_exact_trades.csv,session_handoff_imbalance_v1,handoff_divergence_fade_h15_tp06_sl065,-4.245125000000007,-5.295125000000008,-5.995125000000007,0,0,0,1,5.295125000000008,85.76000000000022,21.690000000000055,0.4568925772245405,35.98000000000002,0.5075041689827741,12.690000000000055,11.446499999999991,0.392,1.0,,,15,1,10.0,2025
2025-10-10 15:00:00+00:00|-1.0|handoff_divergence_fade_h15_tp06_sl065,2025-10-10 15:00:00+00:00,STAGE28A,data/reports/stage28a_discovery_factory_batch_runner/stage28a_exact_trades.csv,session_handoff_imbalance_v1,handoff_divergence_fade_h15_tp06_sl065,4.462300000000051,3.4123000000000503,2.7123000000000506,1,1,1,0,3.4123000000000503,113.48000000000002,36.04999999999973,0.3722607489597829,59.940000000000055,0.5652318985652256,16.270000000000437,19.758500000000073,0.948,-1.0,,,15,4,10.0,2025
2025-10-14 15:00:00+00:00|1.0|handoff_divergence_fade_h15_tp06_sl065,2025-10-14 15:00:00+00:00,STAGE28A,data/reports/stage28a_discovery_factory_batch_runner/stage28a_exact_trades.csv,session_handoff_imbalance_v1,handoff_divergence_fade_h15_tp06_sl065,-6.554899999999725,-7.604899999999725,-8.304899999999725,0,0,0,1,7.604899999999725,117.94000000000051,59.97999999999956,0.8072690896965726,89.0300000000002,0.4022239694485041,11.889999999999418,20.341999999999963,0.908,1.0,,,15,1,10.0,2025
2025-10-16 15:00:00+00:00|1.0|handoff_divergence_fade_h15_tp06_sl065,2025-10-16 15:00:00+00:00,STAGE28A,data/reports/stage28a_discovery_factory_batch_runner/stage28a_exact_trades.csv,session_handoff_imbalance_v1,handoff_divergence_fade_h15_tp06_sl065,-4.455400000000372,-5.505400000000373,-6.205400000000372,0,0,0,1,5.505400000000373,77.52000000000044,42.5,0.4825882352941014,37.970000000000255,0.15011851461679696,7.869999999999891,14.512500000000045,0.492,1.0,,,15,3,10.0,2025
2025-10-17 15:00:00+00:00|1.0|handoff_divergence_fade_h15_tp06_sl065,2025-10-17 15:00:00+00:00,STAGE28A,data/reports/stage28a_discovery_factory_batch_runner/stage28a_exact_trades.csv,session_handoff_imbalance_v1,handoff_divergence_fade_h15_tp06_sl065,-11.299899999999615,-12.349899999999616,-13.049899999999615,0,0,0,1,12.349899999999616,151.92999999999938,100.69999999999982,0.19721946375372104,66.96000000000004,0.39575866188769393,49.26000000000022,32.75600000000004,1.0,1.0,,,15,4,10.0,2025
2025-10-20 15:00:00+00:00|1.0|handoff_divergence_fade_h15_tp06_sl065,2025-10-20 15:00:00+00:00,STAGE28A,data/reports/stage28a_discovery_factory_batch_runner/stage28a_exact_trades.csv,session_handoff_imbalance_v1,handoff_divergence_fade_h15_tp06_sl065,-5.590625000000363,-6.640625000000364,-7.340625000000363,0,0,0,1,6.640625000000364,35.11999999999989,55.51999999999953,0.16264409221903336,46.61000000000058,0.08496030894655819,28.829999999999927,24.946000000000005,0.86,1.0,,,15,0,10.0,2025
2025-10-22 15:00:00+00:00|1.0|handoff_divergence_fade_h15_tp06_sl065,2025-10-22 15:00:00+00:00,STAGE28A,data/reports/stage28a_discovery_factory_batch_runner/stage28a_exact_trades.csv,session_handoff_imbalance_v1,handoff_divergence_fade_h15_tp06_sl065,14.091399999999703,13.041399999999705,12.341399999999703,1,1,1,0,13.041399999999705,295.0600000000004,138.77999999999975,0.038406110390545735,101.29000000000042,0.5831770164873084,30.019999999999982,38.048000000000044,0.948,1.0,,,15,2,10.0,2025
2025-10-23 15:00:00+00:00|-1.0|handoff_divergence_fade_h15_tp06_sl065,2025-10-23 15:00:00+00:00,STAGE28A,data/reports/stage28a_discovery_factory_batch_runner/stage28a_exact_trades.csv,session_handoff_imbalance_v1,handoff_divergence_fade_h15_tp06_sl065,-7.617974999999751,-8.667974999999752,-9.36797499999975,0,0,0,1,8.667974999999752,157.02000000000044,50.55000000000018,0.21444114737883493,57.909999999999854,0.5752029010533513,12.959999999999127,23.490999999999964,0.596,-1.0,,,15,3,10.0,2025
2025-10-24 15:00:00+00:00|1.0|handoff_divergence_fade_h15_tp06_sl065,2025-10-24 15:00:00+00:00,STAGE28A,data/reports/stage28a_discovery_factory_batch_runner/stage28a_exact_trades.csv,session_handoff_imbalance_v1,handoff_divergence_fade_h15_tp06_sl065,6.195399999999973,5.145399999999972,4.445399999999973,1,1,1,0,5.145399999999972,88.6899999999996,38.25,0.15895424836603494,75.71000000000004,0.8109893012812054,21.4699999999998,19.493000000000073,0.308,1.0,,,15,4,10.0,2025
2025-10-29 15:00:00+00:00|-1.0|handoff_divergence_fade_h15_tp06_sl065,2025-10-29 15:00:00+00:00,STAGE28A,data/reports/stage28a_discovery_factory_batch_runner/stage28a_exact_trades.csv,session_handoff_imbalance_v1,handoff_divergence_fade_h15_tp06_sl065,-5.569500000000152,-6.619500000000153,-7.319500000000152,0,0,0,1,6.619500000000153,133.21000000000004,66.23999999999978,0.04649758454106186,79.11000000000013,0.9027935785614961,16.490000000000236,20.503500000000052,0.236,-1.0,,,15,2,10.0,2025
2025-10-31 15:00:00+00:00|-1.0|handoff_divergence_fade_h15_tp06_sl065,2025-10-31 15:00:00+00:00,STAGE28A,data/reports/stage28a_discovery_factory_batch_runner/stage28a_exact_trades.csv,session_handoff_imbalance_v1,handoff_divergence_fade_h15_tp06_sl065,4.909000000000015,3.859000000000015,3.159000000000015,1,1,1,0,3.859000000000015,127.87000000000035,56.88000000000011,0.31223628691983446,32.74000000000024,0.06047648136835687,27.190000000000055,18.78550000000005,0.016,-1.0,,,15,4,10.0,2025
2025-11-03 15:00:00+00:00|1.0|handoff_divergence_fade_h15_tp06_sl065,2025-11-03 15:00:00+00:00,STAGE28A,data/reports/stage28a_discovery_factory_batch_runner/stage28a_exact_trades.csv,session_handoff_imbalance_v1,handoff_divergence_fade_h15_tp06_sl065,4.35699999999988,3.30699999999988,2.6069999999998803,1,1,1,0,3.30699999999988,21.11999999999989,53.05000000000018,0.45730442978322594,34.289999999999964,0.13648293963255456,11.809999999999945,18.052499999999963,0.008,1.0,,,15,0,11.0,2025
2025-11-04 15:00:00+00:00|-1.0|handoff_divergence_fade_h15_tp06_sl065,2025-11-04 15:00:00+00:00,STAGE28A,data/reports/stage28a_discovery_factory_batch_runner/stage28a_exact_trades.csv,session_handoff_imbalance_v1,handoff_divergence_fade_h15_tp06_sl065,3.49479999999985,2.44479999999985,1.7447999999998505,1,1,1,0,2.44479999999985,68.20000000000027,30.5,0.3872131147540966,33.81999999999971,0.24837374334712325,14.100000000000364,14.021500000000014,0.004,-1.0,,,15,1,11.0,2025
2025-11-11 15:00:00+00:00|1.0|handoff_divergence_fade_h15_tp06_sl065,2025-11-11 15:00:00+00:00,STAGE28A,data/reports/stage28a_discovery_factory_batch_runner/stage28a_exact_trades.csv,session_handoff_imbalance_v1,handoff_divergence_fade_h15_tp06_sl065,-3.688724999999613,-4.738724999999613,-5.438724999999613,0,0,0,1,4.738724999999613,122.17999999999984,33.89000000000033,0.6878135143110113,21.980000000000473,0.06505914467699091,10.840000000000146,10.632499999999913,0.024,1.0,,,15,1,11.0,2025
2025-11-12 15:00:00+00:00|-1.0|handoff_divergence_fade_h15_tp06_sl065,2025-11-12 15:00:00+00:00,STAGE28A,data/reports/stage28a_discovery_factory_batch_runner/stage28a_exact_trades.csv,session_handoff_imbalance_v1,handoff_divergence_fade_h15_tp06_sl065,-4.769025000000147,-5.819025000000147,-6.519025000000147,0,0,0,1,5.819025000000147,51.600000000000364,41.720000000000255,0.7739693192713271,34.56999999999971,0.5001446340757915,14.920000000000073,12.494000000000051,0.26,-1.0,,,15,2,11.0,2025
2025-11-14 15:00:00+00:00|1.0|handoff_divergence_fade_h15_tp06_sl065,2025-11-14 15:00:00+00:00,STAGE28A,data/reports/stage28a_discovery_factory_batch_runner/stage28a_exact_trades.csv,session_handoff_imbalance_v1,handoff_divergence_fade_h15_tp06_sl065,7.070799999999872,6.020799999999872,5.320799999999872,1,1,1,0,6.020799999999872,100.11999999999989,41.19999999999982,0.4191747572815438,44.849999999999454,0.7906354515050271,33.089999999999236,20.52249999999981,0.972,1.0,,,15,4,11.0,2025
2025-11-17 15:00:00+00:00|-1.0|handoff_divergence_fade_h15_tp06_sl065,2025-11-17 15:00:00+00:00,STAGE28A,data/reports/stage28a_discovery_factory_batch_runner/stage28a_exact_trades.csv,session_handoff_imbalance_v1,handoff_divergence_fade_h15_tp06_sl065,-6.303349999999773,-7.353349999999773,-8.053349999999773,0,0,0,1,7.353349999999773,32.4699999999998,36.690000000000055,0.48460070863996113,46.059999999999945,0.18019973947025048,10.539999999999964,19.388499999999862,0.808,-1.0,,,15,0,11.0,2025
2025-11-18 15:00:00+00:00|-1.0|handoff_divergence_fade_h15_tp06_sl065,2025-11-18 15:00:00+00:00,STAGE28A,data/reports/stage28a_discovery_factory_batch_runner/stage28a_exact_trades.csv,session_handoff_imbalance_v1,handoff_divergence_fade_h15_tp06_sl065,4.666900000000078,3.616900000000078,2.916900000000078,1,1,1,0,3.616900000000078,99.80999999999995,50.38999999999987,0.5225243103790433,52.279999999999745,0.644988523335883,16.009999999999764,19.626999999999974,0.752,-1.0,,,15,1,11.0,2025
2025-11-19 15:00:00+00:00|-1.0|handoff_divergence_fade_h15_tp06_sl065,2025-11-19 15:00:00+00:00,STAGE28A,data/reports/stage28a_discovery_factory_batch_runner/stage28a_exact_trades.csv,session_handoff_imbalance_v1,handoff_divergence_fade_h15_tp06_sl065,-5.431374999999752,-6.481374999999753,-7.181374999999752,0,0,0,1,6.481374999999753,84.03999999999996,24.850000000000364,0.06156941649900111,44.95000000000027,0.7506117908787447,7.869999999999891,13.906000000000086,0.448,-1.0,,,15,2,11.0,2025
2025-11-24 15:00:00+00:00|-1.0|handoff_divergence_fade_h15_tp06_sl065,2025-11-24 15:00:00+00:00,STAGE28A,data/reports/stage28a_discovery_factory_batch_runner/stage28a_exact_trades.csv,session_handoff_imbalance_v1,handoff_divergence_fade_h15_tp06_sl065,-4.352375000000029,-5.4023750000000295,-6.102375000000029,0,0,0,1,5.4023750000000295,12.110000000000127,37.090000000000146,0.8398490159072518,37.44999999999982,0.5321762349799837,18.230000000000018,14.979500000000007,0.248,-1.0,,,15,0,11.0,2025
2025-11-27 15:00:00+00:00|-1.0|handoff_divergence_fade_h15_tp06_sl065,2025-11-27 15:00:00+00:00,STAGE28A,data/reports/stage28a_discovery_factory_batch_runner/stage28a_exact_trades.csv,session_handoff_imbalance_v1,handoff_divergence_fade_h15_tp06_sl065,-3.324725000000035,-4.374725000000035,-5.074725000000035,0,0,0,1,4.374725000000035,43.900000000000546,25.909999999999854,0.5461211887302441,22.269999999999527,0.26178715761113835,5.630000000000109,8.678499999999895,0.004,-1.0,,,15,3,11.0,2025
2025-11-28 15:00:00+00:00|1.0|handoff_divergence_fade_h15_tp06_sl065,2025-11-28 15:00:00+00:00,STAGE28A,data/reports/stage28a_discovery_factory_batch_runner/stage28a_exact_trades.csv,session_handoff_imbalance_v1,handoff_divergence_fade_h15_tp06_sl065,5.134000000000379,4.084000000000378,3.3840000000003787,1,1,1,0,4.084000000000378,25.909999999999854,34.81999999999971,0.7268811028144659,34.909999999999854,0.7023775422514933,9.539999999999964,11.24349999999995,0.112,1.0,,,15,4,11.0,2025
2025-12-03 15:00:00+00:00|1.0|handoff_divergence_fade_h15_tp06_sl065,2025-12-03 15:00:00+00:00,STAGE28A,data/reports/stage28a_discovery_factory_batch_runner/stage28a_exact_trades.csv,session_handoff_imbalance_v1,handoff_divergence_fade_h15_tp06_sl065,2.7559000000004743,1.7059000000004745,1.0059000000004747,1,1,1,0,1.7059000000004745,72.11999999999989,26.11999999999989,0.3575803981623348,29.220000000000255,0.7488021902806269,9.030000000000655,10.670500000000084,0.1,1.0,,,15,2,12.0,2025
2025-12-04 15:00:00+00:00|-1.0|handoff_divergence_fade_h15_tp06_sl065,2025-12-04 15:00:00+00:00,STAGE28A,data/reports/stage28a_discovery_factory_batch_runner/stage28a_exact_trades.csv,session_handoff_imbalance_v1,handoff_divergence_fade_h15_tp06_sl065,-4.090099999999984,-5.140099999999984,-5.840099999999984,0,0,0,1,5.140099999999984,46.89000000000033,29.470000000000255,0.34747200542923967,27.340000000000146,0.009509875640095717,13.069999999999709,11.682999999999993,0.152,-1.0,,,15,3,12.0,2025
2025-12-08 15:00:00+00:00|1.0|handoff_divergence_fade_h15_tp06_sl065,2025-12-08 15:00:00+00:00,STAGE28A,data/reports/stage28a_discovery_factory_batch_runner/stage28a_exact_trades.csv,session_handoff_imbalance_v1,handoff_divergence_fade_h15_tp06_sl065,-3.732274999999936,-4.782274999999936,-5.482274999999936,0,0,0,1,4.782274999999936,15.210000000000036,19.06999999999971,0.39066596748819776,17.710000000000036,0.29587803500850823,7.059999999999491,10.824500000000125,0.168,1.0,,,15,0,12.0,2025
2025-12-09 15:00:00+00:00|-1.0|handoff_divergence_fade_h15_tp06_sl065,2025-12-09 15:00:00+00:00,STAGE28A,data/reports/stage28a_discovery_factory_batch_runner/stage28a_exact_trades.csv,session_handoff_imbalance_v1,handoff_divergence_fade_h15_tp06_sl065,2.6923000000000683,1.6423000000000685,0.9423000000000687,1,1,1,0,1.6423000000000685,42.48999999999978,14.079999999999927,0.5589488636363588,42.75,0.39836257309940926,9.0600000000004,9.165499999999929,0.084,-1.0,,,15,1,12.0,2025
2025-12-11 15:00:00+00:00|-1.0|handoff_divergence_fade_h15_tp06_sl065,2025-12-11 15:00:00+00:00,STAGE28A,data/reports/stage28a_discovery_factory_batch_runner/stage28a_exact_trades.csv,session_handoff_imbalance_v1,handoff_divergence_fade_h15_tp06_sl065,-3.712774999999602,-4.762774999999602,-5.462774999999601,0,0,0,1,4.762774999999602,56.650000000000546,39.13999999999942,0.4757281553398101,21.590000000000146,0.1491431218156662,11.599999999999454,13.637999999999874,0.632,-1.0,,,15,3,12.0,2025
2025-12-12 15:00:00+00:00|-1.0|handoff_divergence_fade_h15_tp06_sl065,2025-12-12 15:00:00+00:00,STAGE28A,data/reports/stage28a_discovery_factory_batch_runner/stage28a_exact_trades.csv,session_handoff_imbalance_v1,handoff_divergence_fade_h15_tp06_sl065,4.132899999999973,3.0828999999999724,2.3828999999999727,1,1,1,0,3.0828999999999724,81.61000000000058,18.800000000000182,0.5281914893616642,64.73999999999978,0.9800741427247597,14.38000000000011,11.875500000000011,0.372,-1.0,,,15,4,12.0,2025
2025-12-17 15:00:00+00:00|1.0|handoff_divergence_fade_h15_tp06_sl065,2025-12-17 15:00:00+00:00,STAGE28A,data/reports/stage28a_discovery_factory_batch_runner/stage28a_exact_trades.csv,session_handoff_imbalance_v1,handoff_divergence_fade_h15_tp06_sl065,-3.913624999999775,-4.963624999999775,-5.663624999999774,0,0,0,1,4.963624999999775,63.220000000000255,29.93000000000029,0.7327096558636541,35.470000000000255,0.33718635466591346,8.239999999999782,11.3775000000001,0.276,1.0,,,15,2,12.0,2025
2025-12-19 15:00:00+00:00|-1.0|handoff_divergence_fade_h15_tp06_sl065,2025-12-19 15:00:00+00:00,STAGE28A,data/reports/stage28a_discovery_factory_batch_runner/stage28a_exact_trades.csv,session_handoff_imbalance_v1,handoff_divergence_fade_h15_tp06_sl065,2.205099999999584,1.155099999999584,0.4550999999995841,1,1,1,0,1.155099999999584,65.72000000000025,27.599999999999454,0.44818840579710634,15.989999999999782,0.3089430894308735,8.150000000000546,11.440499999999838,0.284,-1.0,,,15,4,12.0,2025
2025-12-23 15:00:00+00:00|1.0|handoff_divergence_fade_h15_tp06_sl065,2025-12-23 15:00:00+00:00,STAGE28A,data/reports/stage28a_discovery_factory_batch_runner/stage28a_exact_trades.csv,session_handoff_imbalance_v1,handoff_divergence_fade_h15_tp06_sl065,-3.682550000000083,-4.732550000000083,-5.432550000000083,0,0,0,1,4.732550000000083,122.74000000000069,52.289999999999964,0.42991011665709655,23.69000000000051,0.08104685521313305,10.170000000000073,11.517500000000018,0.292,1.0,,,15,1,12.0,2025
2026-01-06 15:00:00+00:00|1.0|handoff_divergence_fade_h15_tp06_sl065,2026-01-06 15:00:00+00:00,STAGE28A,data/reports/stage28a_discovery_factory_batch_runner/stage28a_exact_trades.csv,session_handoff_imbalance_v1,handoff_divergence_fade_h15_tp06_sl065,-4.756350000000202,-5.806350000000203,-6.506350000000202,0,0,0,1,5.806350000000203,110.64000000000033,40.539999999999964,0.6625555007400024,32.960000000000036,0.46450242718447765,7.229999999999563,14.68149999999996,0.236,1.0,,,15,1,1.0,2026
2026-01-08 15:00:00+00:00|-1.0|handoff_divergence_fade_h15_tp06_sl065,2026-01-08 15:00:00+00:00,STAGE28A,data/reports/stage28a_discovery_factory_batch_runner/stage28a_exact_trades.csv,session_handoff_imbalance_v1,handoff_divergence_fade_h15_tp06_sl065,-5.029675000000315,-6.079675000000316,-6.779675000000315,0,0,0,1,6.079675000000316,76.98000000000047,36.0,0.8824999999999869,24.0,0.07875000000001364,23.539999999999964,13.78350000000005,0.056,-1.0,,,15,3,1.0,2026
2026-01-09 15:00:00+00:00|-1.0|handoff_divergence_fade_h15_tp06_sl065,2026-01-09 15:00:00+00:00,STAGE28A,data/reports/stage28a_discovery_factory_batch_runner/stage28a_exact_trades.csv,session_handoff_imbalance_v1,handoff_divergence_fade_h15_tp06_sl065,2.8768000000003666,1.8268000000003668,1.126800000000367,1,1,1,0,1.8268000000003668,71.64000000000033,31.079999999999927,0.352960102960112,19.199999999999818,0.4234375000000097,19.399999999999636,11.966000000000122,0.008,-1.0,,,15,4,1.0,2026
2026-01-15 15:00:00+00:00|-1.0|handoff_divergence_fade_h15_tp06_sl065,2026-01-15 15:00:00+00:00,STAGE28A,data/reports/stage28a_discovery_factory_batch_runner/stage28a_exact_trades.csv,session_handoff_imbalance_v1,handoff_divergence_fade_h15_tp06_sl065,-3.70465000000022,-4.75465000000022,-5.454650000000219,0,0,0,1,4.75465000000022,55.220000000000255,51.470000000000255,0.4453079463765292,39.04999999999927,0.7062740076824697,9.11999999999989,15.667000000000007,0.34,-1.0,,,15,3,1.0,2026
2026-01-19 15:00:00+00:00|-1.0|handoff_divergence_fade_h15_tp06_sl065,2026-01-19 15:00:00+00:00,STAGE28A,data/reports/stage28a_discovery_factory_batch_runner/stage28a_exact_trades.csv,session_handoff_imbalance_v1,handoff_divergence_fade_h15_tp06_sl065,2.9349999999998544,1.8849999999998543,1.1849999999998548,1,1,1,0,1.8849999999998543,70.75,70.75,0.13371024734982384,17.730000000000473,0.0383530738860842,13.479999999999563,19.466499999999996,0.848,-1.0,,,15,0,1.0,2026
2026-01-21 15:00:00+00:00|1.0|handoff_divergence_fade_h15_tp06_sl065,2026-01-21 15:00:00+00:00,STAGE28A,data/reports/stage28a_discovery_factory_batch_runner/stage28a_exact_trades.csv,session_handoff_imbalance_v1,handoff_divergence_fade_h15_tp06_sl065,-6.157424999999966,-7.207424999999967,-7.907424999999966,0,0,0,1,7.207424999999967,117.38999999999942,112.94999999999982,0.7990261177512187,55.72999999999956,0.06728871343979956,15.0600000000004,21.242000000000054,0.856,1.0,,,15,2,1.0,2026
2026-01-29 15:00:00+00:00|1.0|handoff_divergence_fade_h15_tp06_sl065,2026-01-29 15:00:00+00:00,STAGE28A,data/reports/stage28a_discovery_factory_batch_runner/stage28a_exact_trades.csv,session_handoff_imbalance_v1,handoff_divergence_fade_h15_tp06_sl065,12.592600000000312,11.542600000000313,10.842600000000312,1,1,1,0,11.542600000000313,367.5100000000002,177.09000000000015,0.2549551075724185,120.55000000000018,0.6137702198257957,24.51000000000022,58.113500000000066,0.984,1.0,,,15,3,1.0,2026
2026-02-02 15:00:00+00:00|-1.0|handoff_divergence_fade_h15_tp06_sl065,2026-02-02 15:00:00+00:00,STAGE28A,data/reports/stage28a_discovery_factory_batch_runner/stage28a_exact_trades.csv,session_handoff_imbalance_v1,handoff_divergence_fade_h15_tp06_sl065,24.51160000000018,23.461600000000185,22.76160000000018,1,1,1,0,23.461600000000185,168.01999999999953,300.52999999999975,0.20949655608425147,330.25,0.07887963663891047,68.73999999999978,125.96399999999976,0.96,-1.0,,,15,0,2.0,2026
2026-02-04 15:00:00+00:00|1.0|handoff_divergence_fade_h15_tp06_sl065,2026-02-04 15:00:00+00:00,STAGE28A,data/reports/stage28a_discovery_factory_batch_runner/stage28a_exact_trades.csv,session_handoff_imbalance_v1,handoff_divergence_fade_h15_tp06_sl065,10.015600000000086,8.965600000000086,8.265600000000086,1,1,1,0,8.965600000000086,327.28999999999996,170.6200000000008,0.7802133395850385,50.0,0.6368000000000029,26.529999999999745,44.04549999999995,0.56,1.0,,,15,2,2.0,2026
2026-02-10 15:00:00+00:00|-1.0|handoff_divergence_fade_h15_tp06_sl065,2026-02-10 15:00:00+00:00,STAGE28A,data/reports/stage28a_discovery_factory_batch_runner/stage28a_exact_trades.csv,session_handoff_imbalance_v1,handoff_divergence_fade_h15_tp06_sl065,7.217799999999807,6.167799999999806,5.467799999999807,1,1,1,0,6.167799999999806,121.23000000000047,87.30999999999949,0.0027488260222276097,51.73999999999978,0.304020100502523,37.150000000000546,28.175999999999977,0.056,-1.0,,,15,1,2.0,2026
2026-02-13 15:00:00+00:00|1.0|handoff_divergence_fade_h15_tp06_sl065,2026-02-13 15:00:00+00:00,STAGE28A,data/reports/stage28a_discovery_factory_batch_runner/stage28a_exact_trades.csv,session_handoff_imbalance_v1,handoff_divergence_fade_h15_tp06_sl065,7.060600000000159,6.010600000000158,5.310600000000159,1,1,1,0,6.010600000000158,221.16999999999916,110.14999999999964,0.510939627780299,44.63000000000011,0.5969079094779152,21.539999999999964,30.590499999999885,0.216,1.0,,,15,4,2.0,2026
2026-02-16 15:00:00+00:00|-1.0|handoff_divergence_fade_h15_tp06_sl065,2026-02-16 15:00:00+00:00,STAGE28A,data/reports/stage28a_discovery_factory_batch_runner/stage28a_exact_trades.csv,session_handoff_imbalance_v1,handoff_divergence_fade_h15_tp06_sl065,-4.931849999999576,-5.981849999999577,-6.681849999999576,0,0,0,1,5.981849999999577,39.280000000000655,77.38000000000011,0.561643835616438,50.88000000000011,0.5548349056603676,15.010000000000218,21.079999999999973,0.02,-1.0,,,15,0,2.0,2026
2026-02-18 15:00:00+00:00|1.0|handoff_divergence_fade_h15_tp06_sl065,2026-02-18 15:00:00+00:00,STAGE28A,data/reports/stage28a_discovery_factory_batch_runner/stage28a_exact_trades.csv,session_handoff_imbalance_v1,handoff_divergence_fade_h15_tp06_sl065,-5.95884999999962,-7.0088499999996206,-7.70884999999962,0,0,0,1,7.0088499999996206,157.21000000000004,86.19999999999982,0.8678654292343452,32.5,0.6058461538461415,34.97999999999956,19.580999999999904,0.036,1.0,,,15,2,2.0,2026
2026-02-24 15:00:00+00:00|-1.0|handoff_divergence_fade_h15_tp06_sl065,2026-02-24 15:00:00+00:00,STAGE28A,data/reports/stage28a_discovery_factory_batch_runner/stage28a_exact_trades.csv,session_handoff_imbalance_v1,handoff_divergence_fade_h15_tp06_sl065,4.958799999999792,3.908799999999792,3.2087999999997923,1,1,1,0,3.908799999999792,139.01000000000022,104.50999999999931,0.6400344464644605,29.329999999999927,0.16365496079100558,28.109999999999673,21.99049999999993,0.328,-1.0,,,15,1,2.0,2026
2026-02-26 15:00:00+00:00|1.0|handoff_divergence_fade_h15_tp06_sl065,2026-02-26 15:00:00+00:00,STAGE28A,data/reports/stage28a_discovery_factory_batch_runner/stage28a_exact_trades.csv,session_handoff_imbalance_v1,handoff_divergence_fade_h15_tp06_sl065,5.378799999999865,4.328799999999864,3.628799999999865,1,1,1,0,4.328799999999864,94.65999999999985,43.400000000000546,0.6817972350230362,39.1899999999996,0.5435059964276703,29.779999999999745,21.114999999999874,0.316,1.0,,,15,3,2.0,2026
2026-03-02 15:00:00+00:00|-1.0|handoff_divergence_fade_h15_tp06_sl065,2026-03-02 15:00:00+00:00,STAGE28A,data/reports/stage28a_discovery_factory_batch_runner/stage28a_exact_trades.csv,session_handoff_imbalance_v1,handoff_divergence_fade_h15_tp06_sl065,-9.481849999999758,-10.53184999999976,-11.231849999999758,0,0,0,1,10.53184999999976,87.94000000000051,89.74000000000069,0.3510140405616198,78.23999999999978,0.43366564417177245,19.5,33.156500000000094,0.972,-1.0,,,15,0,3.0,2026
2026-03-03 15:00:00+00:00|1.0|handoff_divergence_fade_h15_tp06_sl065,2026-03-03 15:00:00+00:00,STAGE28A,data/reports/stage28a_discovery_factory_batch_runner/stage28a_exact_trades.csv,session_handoff_imbalance_v1,handoff_divergence_fade_h15_tp06_sl065,23.465800000000307,22.41580000000031,21.715800000000307,1,1,1,0,22.41580000000031,158.2599999999993,50.460000000000036,0.2964724534284587,140.09999999999945,0.804354032833697,87.91000000000076,43.609500000000025,1.0,1.0,,,15,1,3.0,2026
2026-03-05 15:00:00+00:00|1.0|handoff_divergence_fade_h15_tp06_sl065,2026-03-05 15:00:00+00:00,STAGE28A,data/reports/stage28a_discovery_factory_batch_runner/stage28a_exact_trades.csv,session_handoff_imbalance_v1,handoff_divergence_fade_h15_tp06_sl065,-7.163299999999799,-8.2132999999998,-8.913299999999799,0,0,0,1,8.2132999999998,121.39000000000033,50.22999999999956,0.11108899064304152,59.60999999999967,0.12028183190739997,10.5,22.525999999999886,0.36,1.0,,,15,3,3.0,2026
2026-03-06 15:00:00+00:00|1.0|handoff_divergence_fade_h15_tp06_sl065,2026-03-06 15:00:00+00:00,STAGE28A,data/reports/stage28a_discovery_factory_batch_runner/stage28a_exact_trades.csv,session_handoff_imbalance_v1,handoff_divergence_fade_h15_tp06_sl065,7.960300000000098,6.910300000000097,6.210300000000098,1,1,1,0,6.910300000000097,143.6899999999996,76.73999999999978,0.5422204847537111,54.25,0.6733640552995345,20.1899999999996,24.230499999999985,0.384,1.0,,,15,4,3.0,2026
2026-03-11 15:00:00+00:00|1.0|handoff_divergence_fade_h15_tp06_sl065,2026-03-11 15:00:00+00:00,STAGE28A,data/reports/stage28a_discovery_factory_batch_runner/stage28a_exact_trades.csv,session_handoff_imbalance_v1,handoff_divergence_fade_h15_tp06_sl065,-8.028125000000363,-9.078125000000364,-9.778125000000363,0,0,0,1,9.078125000000364,121.13000000000011,39.590000000000146,0.15584743622126926,35.25,0.5140425531914863,29.5600000000004,20.552500000000055,0.064,1.0,,,15,2,3.0,2026
2026-03-13 15:00:00+00:00|1.0|handoff_divergence_fade_h15_tp06_sl065,2026-03-13 15:00:00+00:00,STAGE28A,data/reports/stage28a_discovery_factory_batch_runner/stage28a_exact_trades.csv,session_handoff_imbalance_v1,handoff_divergence_fade_h15_tp06_sl065,6.028300000000309,4.978300000000308,4.278300000000309,1,1,1,0,4.978300000000308,136.32999999999993,55.710000000000036,0.1202656614611347,49.1299999999992,0.19967433340117344,17.449999999999818,18.98750000000009,0.04,1.0,,,15,4,3.0,2026
2026-03-16 15:00:00+00:00|1.0|handoff_divergence_fade_h15_tp06_sl065,2026-03-16 15:00:00+00:00,STAGE28A,data/reports/stage28a_discovery_factory_batch_runner/stage28a_exact_trades.csv,session_handoff_imbalance_v1,handoff_divergence_fade_h15_tp06_sl065,-8.500024999999914,-9.550024999999914,-10.250024999999914,0,0,0,1,9.550024999999914,62.539999999999964,62.710000000000036,0.2433423696380196,65.6899999999996,0.21205662962398336,30.670000000000073,28.84099999999985,0.544,1.0,,,15,0,3.0,2026
2026-03-17 15:00:00+00:00|1.0|handoff_divergence_fade_h15_tp06_sl065,2026-03-17 15:00:00+00:00,STAGE28A,data/reports/stage28a_discovery_factory_batch_runner/stage28a_exact_trades.csv,session_handoff_imbalance_v1,handoff_divergence_fade_h15_tp06_sl065,-6.164250000000356,-7.214250000000357,-7.914250000000356,0,0,0,1,7.214250000000357,69.77000000000044,46.720000000000255,0.5355308219178146,52.33000000000084,0.7177527231033611,24.449999999999818,17.9150000000001,0.004,1.0,,,15,1,3.0,2026
2026-03-18 15:00:00+00:00|-1.0|handoff_divergence_fade_h15_tp06_sl065,2026-03-18 15:00:00+00:00,STAGE28A,data/reports/stage28a_discovery_factory_batch_runner/stage28a_exact_trades.csv,session_handoff_imbalance_v1,handoff_divergence_fade_h15_tp06_sl065,9.662800000000423,8.612800000000425,7.912800000000425,1,1,1,0,8.612800000000425,70.88000000000011,33.909999999999854,0.4624004718371999,57.25,0.3369432314410474,61.43000000000029,18.483499999999914,0.092,-1.0,,,15,2,3.0,2026
2026-03-19 15:00:00+00:00|1.0|handoff_divergence_fade_h15_tp06_sl065,2026-03-19 15:00:00+00:00,STAGE28A,data/reports/stage28a_discovery_factory_batch_runner/stage28a_exact_trades.csv,session_handoff_imbalance_v1,handoff_divergence_fade_h15_tp06_sl065,-21.3368749999996,-22.3868749999996,-23.0868749999996,0,0,0,1,22.3868749999996,209.3699999999999,62.36999999999989,0.2081128747795494,187.1199999999999,0.911928174433516,122.78999999999996,38.86399999999999,0.924,1.0,,,15,3,3.0,2026
2026-03-20 15:00:00+00:00|1.0|handoff_divergence_fade_h15_tp06_sl065,2026-03-20 15:00:00+00:00,STAGE28A,data/reports/stage28a_discovery_factory_batch_runner/stage28a_exact_trades.csv,session_handoff_imbalance_v1,handoff_divergence_fade_h15_tp06_sl065,11.088400000000002,10.0384,9.338400000000002,1,1,1,0,10.0384,364.7399999999998,101.35999999999967,0.7723954222573028,96.74000000000069,0.788918751292124,33.600000000000364,34.53149999999996,0.82,1.0,,,15,4,3.0,2026
2026-03-24 15:00:00+00:00|-1.0|handoff_divergence_fade_h15_tp06_sl065,2026-03-24 15:00:00+00:00,STAGE28A,data/reports/stage28a_discovery_factory_batch_runner/stage28a_exact_trades.csv,session_handoff_imbalance_v1,handoff_divergence_fade_h15_tp06_sl065,13.878699999999665,12.828699999999662,12.128699999999665,1,1,1,0,12.828699999999662,437.1700000000001,141.98999999999978,0.7553348827382221,121.75,0.8636550308008258,65.0,51.50750000000003,0.848,-1.0,,,15,1,3.0,2026
2026-03-25 15:00:00+00:00|1.0|handoff_divergence_fade_h15_tp06_sl065,2026-03-25 15:00:00+00:00,STAGE28A,data/reports/stage28a_discovery_factory_batch_runner/stage28a_exact_trades.csv,session_handoff_imbalance_v1,handoff_divergence_fade_h15_tp06_sl065,-10.38307500000028,-11.43307500000028,-12.13307500000028,0,0,0,1,11.43307500000028,245.17999999999938,146.3800000000001,0.1763902172427906,45.51999999999953,0.31480667838313,61.39000000000033,38.44650000000006,0.644,1.0,,,15,2,3.0,2026
2026-03-26 15:00:00+00:00|1.0|handoff_divergence_fade_h15_tp06_sl065,2026-03-26 15:00:00+00:00,STAGE28A,data/reports/stage28a_discovery_factory_batch_runner/stage28a_exact_trades.csv,session_handoff_imbalance_v1,handoff_divergence_fade_h15_tp06_sl065,-11.972325000000271,-13.022325000000274,-13.722325000000271,0,0,0,1,13.022325000000274,146.3800000000001,54.910000000000764,0.4028410125660095,109.26000000000022,0.7089511257550786,28.599999999999454,34.245500000000035,0.572,1.0,,,15,3,3.0,2026
2026-03-27 15:00:00+00:00|1.0|handoff_divergence_fade_h15_tp06_sl065,2026-03-27 15:00:00+00:00,STAGE28A,data/reports/stage28a_discovery_factory_batch_runner/stage28a_exact_trades.csv,session_handoff_imbalance_v1,handoff_divergence_fade_h15_tp06_sl065,6.604300000000331,5.55430000000033,4.854300000000331,1,1,1,0,5.55430000000033,192.66000000000076,73.67999999999938,0.5563246471226945,64.27999999999975,0.48397635345363715,32.409999999999854,29.378999999999905,0.332,1.0,,,15,4,3.0,2026
2026-04-06 15:00:00+00:00|-1.0|handoff_divergence_fade_h15_tp06_sl065,2026-04-06 15:00:00+00:00,STAGE28A,data/reports/stage28a_discovery_factory_batch_runner/stage28a_exact_trades.csv,session_handoff_imbalance_v1,handoff_divergence_fade_h15_tp06_sl065,-7.079449999999815,-8.129449999999816,-8.829449999999815,0,0,0,1,8.129449999999816,51.22999999999956,70.59000000000015,0.08358124380224584,66.5,0.7993984962405993,19.710000000000036,28.704499999999918,0.056,-1.0,,,15,0,4.0,2026
2026-04-07 15:00:00+00:00|-1.0|handoff_divergence_fade_h15_tp06_sl065,2026-04-07 15:00:00+00:00,STAGE28A,data/reports/stage28a_discovery_factory_batch_runner/stage28a_exact_trades.csv,session_handoff_imbalance_v1,handoff_divergence_fade_h15_tp06_sl065,-10.69507500000018,-11.74507500000018,-12.44507500000018,0,0,0,1,11.74507500000018,105.48999999999978,51.460000000000036,0.17061795569375532,71.22999999999956,0.3018391127334007,34.76999999999953,22.60199999999986,0.056,-1.0,,,15,1,4.0,2026
2026-04-09 15:00:00+00:00|-1.0|handoff_divergence_fade_h15_tp06_sl065,2026-04-09 15:00:00+00:00,STAGE28A,data/reports/stage28a_discovery_factory_batch_runner/stage28a_exact_trades.csv,session_handoff_imbalance_v1,handoff_divergence_fade_h15_tp06_sl065,-6.729425000000083,-7.779425000000083,-8.479425000000083,0,0,0,1,7.779425000000083,154.54999999999927,33.960000000000036,0.176972909305071,29.56999999999971,0.5989178221170176,18.68000000000029,21.175500000000056,0.044,-1.0,,,15,3,4.0,2026
2026-04-10 15:00:00+00:00|1.0|handoff_divergence_fade_h15_tp06_sl065,2026-04-10 15:00:00+00:00,STAGE28A,data/reports/stage28a_discovery_factory_batch_runner/stage28a_exact_trades.csv,session_handoff_imbalance_v1,handoff_divergence_fade_h15_tp06_sl065,-5.653675000000112,-6.703675000000112,-7.403675000000112,0,0,0,1,6.703675000000112,102.13000000000011,41.600000000000364,0.05817307692307817,39.80999999999949,0.3765385581512176,15.3700000000008,16.982000000000017,0.004,1.0,,,15,4,4.0,2026
2026-04-16 15:00:00+00:00|1.0|handoff_divergence_fade_h15_tp06_sl065,2026-04-16 15:00:00+00:00,STAGE28A,data/reports/stage28a_discovery_factory_batch_runner/stage28a_exact_trades.csv,session_handoff_imbalance_v1,handoff_divergence_fade_h15_tp06_sl065,4.000000000000364,2.950000000000364,2.250000000000364,1,1,1,0,2.950000000000364,85.13999999999942,46.51999999999953,0.3555460017196933,31.529999999999745,0.35172851252775883,6.869999999999891,14.139000000000033,0.004,1.0,,,15,3,4.0,2026
2026-04-17 15:00:00+00:00|-1.0|handoff_divergence_fade_h15_tp06_sl065,2026-04-17 15:00:00+00:00,STAGE28A,data/reports/stage28a_discovery_factory_batch_runner/stage28a_exact_trades.csv,session_handoff_imbalance_v1,handoff_divergence_fade_h15_tp06_sl065,4.243600000000152,3.1936000000001514,2.493600000000152,1,1,1,0,3.1936000000001514,65.03999999999996,33.399999999999636,0.042215568862271555,27.38000000000011,0.10336011687362731,28.1200000000008,13.563000000000056,0.008,-1.0,,,15,4,4.0,2026
2026-04-22 15:00:00+00:00|1.0|handoff_divergence_fade_h15_tp06_sl065,2026-04-22 15:00:00+00:00,STAGE28A,data/reports/stage28a_discovery_factory_batch_runner/stage28a_exact_trades.csv,session_handoff_imbalance_v1,handoff_divergence_fade_h15_tp06_sl065,3.2895999999995182,2.2395999999995184,1.539599999999519,1,1,1,0,2.2395999999995184,164.42000000000007,49.36000000000058,0.7803889789302891,19.909999999999854,0.14364640883980928,12.829999999999927,19.24899999999989,0.488,1.0,,,15,2,4.0,2026
2026-04-24 15:00:00+00:00|-1.0|handoff_divergence_fade_h15_tp06_sl065,2026-04-24 15:00:00+00:00,STAGE28A,data/reports/stage28a_discovery_factory_batch_runner/stage28a_exact_trades.csv,session_handoff_imbalance_v1,handoff_divergence_fade_h15_tp06_sl065,5.0782000000002885,4.028200000000288,3.3282000000002885,1,1,1,0,4.028200000000288,89.48000000000047,42.279999999999745,0.4973982970671682,39.52000000000044,0.2608805668016267,39.5,20.777999999999974,0.744,-1.0,,,15,4,4.0,2026
2026-04-27 15:00:00+00:00|1.0|handoff_divergence_fade_h15_tp06_sl065,2026-04-27 15:00:00+00:00,STAGE28A,data/reports/stage28a_discovery_factory_batch_runner/stage28a_exact_trades.csv,session_handoff_imbalance_v1,handoff_divergence_fade_h15_tp06_sl065,-4.041350000000056,-5.091350000000057,-5.791350000000056,0,0,0,1,5.091350000000057,19.25,57.220000000000255,0.6957357567284206,30.449999999999818,0.671592775041049,8.920000000000073,13.22850000000003,0.016,1.0,,,15,0,4.0,2026
2026-04-29 15:00:00+00:00|1.0|handoff_divergence_fade_h15_tp06_sl065,2026-04-29 15:00:00+00:00,STAGE28A,data/reports/stage28a_discovery_factory_batch_runner/stage28a_exact_trades.csv,session_handoff_imbalance_v1,handoff_divergence_fade_h15_tp06_sl065,-5.976725000000078,-7.026725000000079,-7.726725000000078,0,0,0,1,7.026725000000079,146.2599999999993,33.97999999999956,0.036492054149493754,55.970000000000255,0.707343219581902,12.789999999999964,14.805500000000166,0.184,1.0,,,15,2,4.0,2026
2026-05-08 15:00:00+00:00|1.0|handoff_divergence_fade_h15_tp06_sl065,2026-05-08 15:00:00+00:00,STAGE28A,data/reports/stage28a_discovery_factory_batch_runner/stage28a_exact_trades.csv,session_handoff_imbalance_v1,handoff_divergence_fade_h15_tp06_sl065,4.687599999999657,3.6375999999996567,2.937599999999657,1,1,1,0,3.6375999999996567,80.0,50.93000000000029,0.6630669546436154,37.44000000000051,0.20619658119658518,13.650000000000546,20.963500000000202,0.876,1.0,,,15,4,5.0,2026
2026-05-13 15:00:00+00:00|-1.0|handoff_divergence_fade_h15_tp06_sl065,2026-05-13 15:00:00+00:00,STAGE28A,data/reports/stage28a_discovery_factory_batch_runner/stage28a_exact_trades.csv,session_handoff_imbalance_v1,handoff_divergence_fade_h15_tp06_sl065,-4.749524999999812,-5.799524999999813,-6.499524999999812,0,0,0,1,5.799524999999813,134.8199999999997,38.69000000000051,0.5420005169294386,29.390000000000327,0.16570261993874913,13.699999999999818,13.435500000000001,0.016,-1.0,,,15,2,5.0,2026
2026-05-14 15:00:00+00:00|-1.0|handoff_divergence_fade_h15_tp06_sl065,2026-05-14 15:00:00+00:00,STAGE28A,data/reports/stage28a_discovery_factory_batch_runner/stage28a_exact_trades.csv,session_handoff_imbalance_v1,handoff_divergence_fade_h15_tp06_sl065,4.87900000000027,3.829000000000269,3.1290000000002696,1,1,1,0,3.829000000000269,57.02000000000044,32.970000000000255,0.7546254170457967,49.600000000000364,0.49818548387096484,15.400000000000546,16.578000000000067,0.204,-1.0,,,15,3,5.0,2026
2026-05-18 15:00:00+00:00|-1.0|handoff_divergence_fade_h15_tp06_sl065,2026-05-18 15:00:00+00:00,STAGE28A,data/reports/stage28a_discovery_factory_batch_runner/stage28a_exact_trades.csv,session_handoff_imbalance_v1,handoff_divergence_fade_h15_tp06_sl065,5.756200000000172,4.706200000000171,4.006200000000172,1,1,1,0,4.706200000000171,26.420000000000073,74.32000000000062,0.06848762109795618,29.890000000000327,0.07862161257946933,36.55999999999949,22.757000000000062,0.892,-1.0,,,15,0,5.0,2026
2026-05-20 15:00:00+00:00|-1.0|handoff_divergence_fade_h15_tp06_sl065,2026-05-20 15:00:00+00:00,STAGE28A,data/reports/stage28a_discovery_factory_batch_runner/stage28a_exact_trades.csv,session_handoff_imbalance_v1,handoff_divergence_fade_h15_tp06_sl065,-5.595824999999968,-6.645824999999968,-7.345824999999968,0,0,0,1,6.645824999999968,124.22000000000025,55.14000000000033,0.37413855640188587,34.54999999999927,0.6208393632416865,10.159999999999854,17.052000000000042,0.14,-1.0,,,15,2,5.0,2026
2026-05-21 15:00:00+00:00|-1.0|handoff_divergence_fade_h15_tp06_sl065,2026-05-21 15:00:00+00:00,STAGE28A,data/reports/stage28a_discovery_factory_batch_runner/stage28a_exact_trades.csv,session_handoff_imbalance_v1,handoff_divergence_fade_h15_tp06_sl065,5.202700000000187,4.152700000000186,3.4527000000001866,1,1,1,0,4.152700000000186,98.85000000000036,43.460000000000036,0.26346065347445485,31.13000000000011,0.08833922261484067,13.11999999999989,16.295499999999993,0.088,-1.0,,,15,3,5.0,2026
2026-05-27 15:00:00+00:00|-1.0|handoff_divergence_fade_h15_tp06_sl065,2026-05-27 15:00:00+00:00,STAGE28A,data/reports/stage28a_discovery_factory_batch_runner/stage28a_exact_trades.csv,session_handoff_imbalance_v1,handoff_divergence_fade_h15_tp06_sl065,-6.755749999999898,-7.805749999999898,-8.505749999999898,0,0,0,1,7.805749999999898,97.72000000000025,31.00999999999931,0.44953240890035184,41.44000000000051,0.16674710424709868,28.01000000000022,17.797499999999992,0.524,-1.0,,,15,2,5.0,2026
2026-05-28 15:00:00+00:00|-1.0|handoff_divergence_fade_h15_tp06_sl065,2026-05-28 15:00:00+00:00,STAGE28A,data/reports/stage28a_discovery_factory_batch_runner/stage28a_exact_trades.csv,session_handoff_imbalance_v1,handoff_divergence_fade_h15_tp06_sl065,4.676499999999942,3.626499999999942,2.926499999999942,1,1,1,0,3.626499999999942,126.31999999999971,97.43000000000029,0.8483013445550589,32.26000000000022,0.5855548667079755,9.409999999999854,17.078999999999816,0.344,-1.0,,,15,3,5.0,2026
2026-06-04 15:00:00+00:00|1.0|handoff_divergence_fade_h15_tp06_sl065,2026-06-04 15:00:00+00:00,STAGE28A,data/reports/stage28a_discovery_factory_batch_runner/stage28a_exact_trades.csv,session_handoff_imbalance_v1,handoff_divergence_fade_h15_tp06_sl065,5.1451000000000935,4.095100000000093,3.395100000000093,1,1,1,0,4.095100000000093,70.15000000000055,52.960000000000036,0.2736027190332283,25.360000000000582,0.2602523659305719,45.94000000000051,17.809500000000025,0.64,1.0,,,15,3,6.0,2026
2026-06-05 15:00:00+00:00|-1.0|handoff_divergence_fade_h15_tp06_sl065,2026-06-05 15:00:00+00:00,STAGE28A,data/reports/stage28a_discovery_factory_batch_runner/stage28a_exact_trades.csv,session_handoff_imbalance_v1,handoff_divergence_fade_h15_tp06_sl065,3.321400000000176,2.271400000000176,1.5714000000001764,1,1,1,0,2.271400000000176,91.14999999999964,46.159999999999854,0.5955372616984373,40.38999999999942,0.5570685813320209,16.51000000000022,12.61200000000008,0.044,-1.0,,,15,4,6.0,2026
2026-06-09 15:00:00+00:00|1.0|handoff_divergence_fade_h15_tp06_sl065,2026-06-09 15:00:00+00:00,STAGE28A,data/reports/stage28a_discovery_factory_batch_runner/stage28a_exact_trades.csv,session_handoff_imbalance_v1,handoff_divergence_fade_h15_tp06_sl065,-4.952324999999837,-6.002324999999837,-6.702324999999837,0,0,0,1,6.002324999999837,84.51999999999953,29.149999999999636,0.2957118353344768,30.11999999999989,0.13313413014609007,8.079999999999927,13.052499999999872,0.016,1.0,,,15,1,6.0,2026
2026-06-12 15:00:00+00:00|-1.0|handoff_divergence_fade_h15_tp06_sl065,2026-06-12 15:00:00+00:00,STAGE28A,data/reports/stage28a_discovery_factory_batch_runner/stage28a_exact_trades.csv,session_handoff_imbalance_v1,handoff_divergence_fade_h15_tp06_sl065,6.271600000000399,5.221600000000398,4.521600000000399,1,1,1,0,5.221600000000398,195.99000000000024,75.21000000000004,0.2955723972875888,57.599999999999454,0.4303819444444479,17.73999999999978,29.48750000000009,0.884,-1.0,,,15,4,6.0,2026
2022-05-03 13:00:00+00:00|-1.0|calendar_keep_tue_wed_thu_h13_tp06_sl065,2022-05-03 13:00:00+00:00,STAGE28A,data/reports/stage28a_discovery_factory_batch_runner/stage28a_exact_trades.csv,calendar_time_risk_proxy_v1,calendar_keep_tue_wed_thu_h13_tp06_sl065,1.501599999999962,0.4515999999999622,-0.2484000000000374,1,0,1,0,0.4515999999999622,45.32999999999993,7.480000000000018,0.14705882352939925,14.160000000000082,0.34322033898305787,6.2000000000000455,5.05150000000001,,-1.0,,,13,1,5.0,2022
2022-05-04 13:00:00+00:00|1.0|calendar_keep_tue_wed_thu_h13_tp06_sl065,2022-05-04 13:00:00+00:00,STAGE28A,data/reports/stage28a_discovery_factory_batch_runner/stage28a_exact_trades.csv,calendar_time_risk_proxy_v1,calendar_keep_tue_wed_thu_h13_tp06_sl065,-1.7881249999999,-2.8381249999999,-3.5381249999999,0,0,0,0,2.8381249999999,27.660000000000082,7.819999999999936,0.5127877237851983,10.710000000000036,0.4836601307189585,3.7799999999999727,4.123500000000002,,1.0,,,13,2,5.0,2022
2022-05-05 13:00:00+00:00|-1.0|calendar_keep_tue_wed_thu_h13_tp06_sl065,2022-05-05 13:00:00+00:00,STAGE28A,data/reports/stage28a_discovery_factory_batch_runner/stage28a_exact_trades.csv,calendar_time_risk_proxy_v1,calendar_keep_tue_wed_thu_h13_tp06_sl065,1.297899999999936,0.247899999999936,-0.4521000000000637,1,0,1,0,0.247899999999936,28.319999999999936,21.529999999999973,0.8569437993497477,12.660000000000082,0.2993680884676097,5.529999999999973,6.233000000000016,0.8208955223880597,-1.0,,,13,3,5.0,2022
2022-05-10 13:00:00+00:00|-1.0|calendar_keep_tue_wed_thu_h13_tp06_sl065,2022-05-10 13:00:00+00:00,STAGE28A,data/reports/stage28a_discovery_factory_batch_runner/stage28a_exact_trades.csv,calendar_time_risk_proxy_v1,calendar_keep_tue_wed_thu_h13_tp06_sl065,-2.000350000000117,-3.0503500000001167,-3.750350000000117,0,0,0,0,3.0503500000001167,34.0,12.160000000000082,0.9555921052631612,7.910000000000082,0.8520859671302072,6.560000000000173,4.665000000000032,0.10071942446043165,-1.0,,,13,1,5.0,2022
2022-05-11 13:00:00+00:00|1.0|calendar_keep_tue_wed_thu_h13_tp06_sl065,2022-05-11 13:00:00+00:00,STAGE28A,data/reports/stage28a_discovery_factory_batch_runner/stage28a_exact_trades.csv,calendar_time_risk_proxy_v1,calendar_keep_tue_wed_thu_h13_tp06_sl065,-2.238899999999921,-3.2888999999999213,-3.988899999999921,0,0,0,1,3.2888999999999213,29.940000000000055,8.169999999999845,0.2643818849449355,18.360000000000127,0.8687363834422622,3.660000000000082,5.631000000000006,0.49693251533742333,1.0,,,13,2,5.0,2022
2022-05-12 13:00:00+00:00|-1.0|calendar_keep_tue_wed_thu_h13_tp06_sl065,2022-05-12 13:00:00+00:00,STAGE28A,data/reports/stage28a_discovery_factory_batch_runner/stage28a_exact_trades.csv,calendar_time_risk_proxy_v1,calendar_keep_tue_wed_thu_h13_tp06_sl065,-2.4794000000000325,-3.5294000000000323,-4.229400000000032,0,0,0,1,3.5294000000000323,25.949999999999818,7.819999999999936,0.054987212276194346,10.240000000000009,0.4843750000000031,5.4500000000000455,4.973999999999978,0.1657754010695187,-1.0,,,13,3,5.0,2022
2022-05-17 13:00:00+00:00|1.0|calendar_keep_tue_wed_thu_h13_tp06_sl065,2022-05-17 13:00:00+00:00,STAGE28A,data/reports/stage28a_discovery_factory_batch_runner/stage28a_exact_trades.csv,calendar_time_risk_proxy_v1,calendar_keep_tue_wed_thu_h13_tp06_sl065,1.0684000000000196,0.0184000000000197,-0.68159999999998,1,0,0,0,0.0184000000000197,40.070000000000164,7.480000000000018,0.24064171122993985,7.629999999999882,0.7404980340760391,3.839999999999918,4.68850000000001,0.08,1.0,,,13,1,5.0,2022
2022-05-18 13:00:00+00:00|1.0|calendar_keep_tue_wed_thu_h13_tp06_sl065,2022-05-18 13:00:00+00:00,STAGE28A,data/reports/stage28a_discovery_factory_batch_runner/stage28a_exact_trades.csv,calendar_time_risk_proxy_v1,calendar_keep_tue_wed_thu_h13_tp06_sl065,1.0855000000000472,0.0355000000000473,-0.6644999999999524,1,0,0,0,0.0355000000000473,23.24000000000001,9.519999999999982,0.6102941176470542,12.180000000000064,0.9014778325123121,6.0900000000001455,4.16550000000002,0.04,1.0,,,13,2,5.0,2022
2022-05-19 13:00:00+00:00|1.0|calendar_keep_tue_wed_thu_h13_tp06_sl065,2022-05-19 13:00:00+00:00,STAGE28A,data/reports/stage28a_discovery_factory_batch_runner/stage28a_exact_trades.csv,calendar_time_risk_proxy_v1,calendar_keep_tue_wed_thu_h13_tp06_sl065,1.4100999999999655,0.3600999999999659,-0.3399000000000338,1,0,1,0,0.3600999999999659,17.430000000000064,3.7799999999999727,0.27777777777776774,19.279999999999973,0.7012448132780084,8.879999999999882,4.315999999999986,0.032,1.0,,,13,3,5.0,2022
2022-05-24 13:00:00+00:00|1.0|calendar_keep_tue_wed_thu_h13_tp06_sl065,2022-05-24 13:00:00+00:00,STAGE28A,data/reports/stage28a_discovery_factory_batch_runner/stage28a_exact_trades.csv,calendar_time_risk_proxy_v1,calendar_keep_tue_wed_thu_h13_tp06_sl065,0.9370000000000346,-0.1129999999999653,-0.8129999999999651,0,0,0,0,0.1129999999999653,21.809999999999945,6.680000000000064,0.3428143712574763,10.269999999999982,0.08081791626096943,3.240000000000009,3.6629999999999994,0.012,1.0,,,13,1,5.0,2022
2022-05-25 13:00:00+00:00|-1.0|calendar_keep_tue_wed_thu_h13_tp06_sl065,2022-05-25 13:00:00+00:00,STAGE28A,data/reports/stage28a_discovery_factory_batch_runner/stage28a_exact_trades.csv,calendar_time_risk_proxy_v1,calendar_keep_tue_wed_thu_h13_tp06_sl065,-1.7527000000000954,-2.8027000000000952,-3.502700000000095,0,0,0,0,2.8027000000000952,20.420000000000073,8.389999999999873,0.43623361144218237,8.199999999999818,0.6987804878048958,3.740000000000009,3.5694999999999824,0.016,-1.0,,,13,2,5.0,2022
2022-05-26 13:00:00+00:00|-1.0|calendar_keep_tue_wed_thu_h13_tp06_sl065,2022-05-26 13:00:00+00:00,STAGE28A,data/reports/stage28a_discovery_factory_batch_runner/stage28a_exact_trades.csv,calendar_time_risk_proxy_v1,calendar_keep_tue_wed_thu_h13_tp06_sl065,0.87849999999994,-0.1715000000000599,-0.8715000000000597,0,0,0,0,0.1715000000000599,26.61999999999989,5.4699999999998,0.4369287020110032,8.629999999999882,0.5758980301274734,4.259999999999991,3.927500000000009,0.108,-1.0,,,13,3,5.0,2022
2022-05-31 13:00:00+00:00|1.0|calendar_keep_tue_wed_thu_h13_tp06_sl065,2022-05-31 13:00:00+00:00,STAGE28A,data/reports/stage28a_discovery_factory_batch_runner/stage28a_exact_trades.csv,calendar_time_risk_proxy_v1,calendar_keep_tue_wed_thu_h13_tp06_sl065,-1.5616000000000896,-2.6116000000000894,-3.311600000000089,0,0,0,0,2.6116000000000894,15.839999999999918,10.900000000000091,0.19633027522936533,8.049999999999955,0.2534161490683199,4.989999999999782,3.4480000000000017,0.08,1.0,,,13,1,5.0,2022
2022-06-01 13:00:00+00:00|-1.0|calendar_keep_tue_wed_thu_h13_tp06_sl065,2022-06-01 13:00:00+00:00,STAGE28A,data/reports/stage28a_discovery_factory_batch_runner/stage28a_exact_trades.csv,calendar_time_risk_proxy_v1,calendar_keep_tue_wed_thu_h13_tp06_sl065,-1.9333999999999836,-2.983399999999983,-3.683399999999983,0,0,0,0,2.983399999999983,22.00999999999999,5.160000000000082,0.20155038759688898,8.710000000000036,0.5993111366245701,3.490000000000009,4.145000000000016,0.456,-1.0,,,13,2,6.0,2022
2022-06-02 13:00:00+00:00|1.0|calendar_keep_tue_wed_thu_h13_tp06_sl065,2022-06-02 13:00:00+00:00,STAGE28A,data/reports/stage28a_discovery_factory_batch_runner/stage28a_exact_trades.csv,calendar_time_risk_proxy_v1,calendar_keep_tue_wed_thu_h13_tp06_sl065,-1.4182750000000852,-2.468275000000085,-3.1682750000000848,0,0,0,0,2.468275000000085,21.49000000000001,4.849999999999909,0.4659793814433058,10.8599999999999,0.8508287292817767,2.869999999999891,3.276499999999976,0.032,1.0,,,13,3,6.0,2022
2022-06-07 13:00:00+00:00|1.0|calendar_keep_tue_wed_thu_h13_tp06_sl065,2022-06-07 13:00:00+00:00,STAGE28A,data/reports/stage28a_discovery_factory_batch_runner/stage28a_exact_trades.csv,calendar_time_risk_proxy_v1,calendar_keep_tue_wed_thu_h13_tp06_sl065,0.8901999999999589,-0.159800000000041,-0.8598000000000408,0,0,0,0,0.159800000000041,17.180000000000064,5.460000000000036,0.2655677655677721,10.450000000000045,0.6842105263157952,2.509999999999991,3.4334999999999924,0.228,1.0,,,13,1,6.0,2022
2022-06-08 13:00:00+00:00|1.0|calendar_keep_tue_wed_thu_h13_tp06_sl065,2022-06-08 13:00:00+00:00,STAGE28A,data/reports/stage28a_discovery_factory_batch_runner/stage28a_exact_trades.csv,calendar_time_risk_proxy_v1,calendar_keep_tue_wed_thu_h13_tp06_sl065,-1.37212499999996,-2.42212499999996,-3.12212499999996,0,0,0,0,2.42212499999996,18.480000000000018,7.009999999999991,0.8359486447931395,5.5,0.49818181818181984,2.8300000000001546,2.9820000000000504,0.036,1.0,,,13,2,6.0,2022
2022-06-09 13:00:00+00:00|-1.0|calendar_keep_tue_wed_thu_h13_tp06_sl065,2022-06-09 13:00:00+00:00,STAGE28A,data/reports/stage28a_discovery_factory_batch_runner/stage28a_exact_trades.csv,calendar_time_risk_proxy_v1,calendar_keep_tue_wed_thu_h13_tp06_sl065,0.7438000000001012,-0.3061999999998988,-1.0061999999998985,0,0,0,0,0.3061999999998988,15.110000000000127,4.420000000000073,0.27149321266968907,7.669999999999845,0.7679269882659702,2.1900000000000546,2.8504999999999994,0.02,-1.0,,,13,3,6.0,2022
2022-06-14 13:00:00+00:00|1.0|calendar_keep_tue_wed_thu_h13_tp06_sl065,2022-06-14 13:00:00+00:00,STAGE28A,data/reports/stage28a_discovery_factory_batch_runner/stage28a_exact_trades.csv,calendar_time_risk_proxy_v1,calendar_keep_tue_wed_thu_h13_tp06_sl065,1.3242999999999028,0.2742999999999029,-0.4257000000000968,1,0,1,0,0.2742999999999029,60.1400000000001,18.980000000000018,0.22760800842992265,9.910000000000082,0.14429868819374891,4.170000000000073,5.033500000000004,0.832,1.0,,,13,1,6.0,2022
2022-06-15 13:00:00+00:00|1.0|calendar_keep_tue_wed_thu_h13_tp06_sl065,2022-06-15 13:00:00+00:00,STAGE28A,data/reports/stage28a_discovery_factory_batch_runner/stage28a_exact_trades.csv,calendar_time_risk_proxy_v1,calendar_keep_tue_wed_thu_h13_tp06_sl065,1.3273000000000592,0.2773000000000594,-0.4226999999999403,1,0,1,0,0.2773000000000594,26.5,11.839999999999918,0.5861486486486573,12.980000000000018,0.7534668721109368,5.680000000000064,4.512999999999977,0.7,1.0,,,13,2,6.0,2022
2022-06-16 13:00:00+00:00|1.0|calendar_keep_tue_wed_thu_h13_tp06_sl065,2022-06-16 13:00:00+00:00,STAGE28A,data/reports/stage28a_discovery_factory_batch_runner/stage28a_exact_trades.csv,calendar_time_risk_proxy_v1,calendar_keep_tue_wed_thu_h13_tp06_sl065,1.634200000000101,0.5842000000001009,-0.1157999999998988,1,0,1,0,0.5842000000001009,34.37999999999988,6.600000000000136,0.1181818181818116,9.560000000000173,0.2834728033472552,6.8900000000001,5.7155000000000316,0.788,1.0,,,13,3,6.0,2022
2022-06-21 13:00:00+00:00|-1.0|calendar_keep_tue_wed_thu_h13_tp06_sl065,2022-06-21 13:00:00+00:00,STAGE28A,data/reports/stage28a_discovery_factory_batch_runner/stage28a_exact_trades.csv,calendar_time_risk_proxy_v1,calendar_keep_tue_wed_thu_h13_tp06_sl065,0.8559999999999036,-0.1940000000000963,-0.894000000000096,0,0,0,0,0.1940000000000963,11.340000000000146,5.1400000000001,0.4299610894941621,8.159999999999854,0.3566176470588399,3.990000000000009,3.0650000000000204,0.088,-1.0,,,13,1,6.0,2022
2022-06-22 13:00:00+00:00|-1.0|calendar_keep_tue_wed_thu_h13_tp06_sl065,2022-06-22 13:00:00+00:00,STAGE28A,data/reports/stage28a_discovery_factory_batch_runner/stage28a_exact_trades.csv,calendar_time_risk_proxy_v1,calendar_keep_tue_wed_thu_h13_tp06_sl065,-1.883674999999903,-2.9336749999999028,-3.6336749999999034,0,0,0,0,2.9336749999999028,15.059999999999945,7.599999999999909,0.48289473684212064,6.970000000000027,0.15351506456243322,5.829999999999927,3.9059999999999944,0.344,-1.0,,,13,2,6.0,2022
2022-06-23 13:00:00+00:00|1.0|calendar_keep_tue_wed_thu_h13_tp06_sl065,2022-06-23 13:00:00+00:00,STAGE28A,data/reports/stage28a_discovery_factory_batch_runner/stage28a_exact_trades.csv,calendar_time_risk_proxy_v1,calendar_keep_tue_wed_thu_h13_tp06_sl065,-1.849225000000024,-2.899225000000024,-3.599225000000024,0,0,0,0,2.899225000000024,24.480000000000018,6.289999999999964,0.782193958664563,7.670000000000073,0.10299869621902948,3.2200000000000273,3.4095000000000026,0.148,1.0,,,13,3,6.0,2022
2022-06-28 13:00:00+00:00|1.0|calendar_keep_tue_wed_thu_h13_tp06_sl065,2022-06-28 13:00:00+00:00,STAGE28A,data/reports/stage28a_discovery_factory_batch_runner/stage28a_exact_trades.csv,calendar_time_risk_proxy_v1,calendar_keep_tue_wed_thu_h13_tp06_sl065,-1.4377749999999652,-2.487774999999965,-3.1877749999999647,0,0,0,0,2.487774999999965,20.230000000000018,4.779999999999973,0.7656903765690116,5.139999999999873,0.2529182879377406,3.449999999999818,2.6975000000000025,0.008,1.0,,,13,1,6.0,2022
2022-06-29 13:00:00+00:00|-1.0|calendar_keep_tue_wed_thu_h13_tp06_sl065,2022-06-29 13:00:00+00:00,STAGE28A,data/reports/stage28a_discovery_factory_batch_runner/stage28a_exact_trades.csv,calendar_time_risk_proxy_v1,calendar_keep_tue_wed_thu_h13_tp06_sl065,0.8365000000000237,-0.2134999999999762,-0.913499999999976,0,0,0,0,0.2134999999999762,11.039999999999964,4.660000000000082,0.22532188841200346,10.309999999999945,0.5819592628516035,6.449999999999818,2.9034999999999966,0.06,-1.0,,,13,2,6.0,2022
2022-06-30 13:00:00+00:00|-1.0|calendar_keep_tue_wed_thu_h13_tp06_sl065,2022-06-30 13:00:00+00:00,STAGE28A,data/reports/stage28a_discovery_factory_batch_runner/stage28a_exact_trades.csv,calendar_time_risk_proxy_v1,calendar_keep_tue_wed_thu_h13_tp06_sl065,0.7912000000000262,-0.2587999999999737,-0.9587999999999736,0,0,0,0,0.2587999999999737,20.939999999999827,4.75,0.21684210526315215,6.769999999999982,0.6469719350074034,5.080000000000155,2.8190000000000284,0.036,-1.0,,,13,3,6.0,2022
2022-07-05 13:00:00+00:00|-1.0|calendar_keep_tue_wed_thu_h13_tp06_sl065,2022-07-05 13:00:00+00:00,STAGE28A,data/reports/stage28a_discovery_factory_batch_runner/stage28a_exact_trades.csv,calendar_time_risk_proxy_v1,calendar_keep_tue_wed_thu_h13_tp06_sl065,-1.6188000000000555,-2.668800000000056,-3.3688000000000557,0,0,0,0,2.668800000000056,10.349999999999909,5.660000000000082,0.3021201413427582,11.75,0.6289361702127745,4.990000000000009,2.788499999999999,0.064,-1.0,,,13,1,7.0,2022
2022-07-06 13:00:00+00:00|-1.0|calendar_keep_tue_wed_thu_h13_tp06_sl065,2022-07-06 13:00:00+00:00,STAGE28A,data/reports/stage28a_discovery_factory_batch_runner/stage28a_exact_trades.csv,calendar_time_risk_proxy_v1,calendar_keep_tue_wed_thu_h13_tp06_sl065,-2.147900000000027,-3.197900000000027,-3.8979000000000266,0,0,0,1,3.197900000000027,48.25,7.059999999999945,0.1713881019830093,8.720000000000027,0.6135321100917569,3.6800000000000637,4.74899999999999,0.7,-1.0,,,13,2,7.0,2022
2022-07-07 13:00:00+00:00|-1.0|calendar_keep_tue_wed_thu_h13_tp06_sl065,2022-07-07 13:00:00+00:00,STAGE28A,data/reports/stage28a_discovery_factory_batch_runner/stage28a_exact_trades.csv,calendar_time_risk_proxy_v1,calendar_keep_tue_wed_thu_h13_tp06_sl065,0.913300000000072,-0.1366999999999278,-0.8366999999999276,0,0,0,0,0.1366999999999278,40.66000000000008,10.450000000000045,0.6411483253588532,7.569999999999936,0.33685601056802855,3.9099999999998545,5.087999999999977,0.732,-1.0,,,13,3,7.0,2022
2022-07-12 13:00:00+00:00|1.0|calendar_keep_tue_wed_thu_h13_tp06_sl065,2022-07-12 13:00:00+00:00,STAGE28A,data/reports/stage28a_discovery_factory_batch_runner/stage28a_exact_trades.csv,calendar_time_risk_proxy_v1,calendar_keep_tue_wed_thu_h13_tp06_sl065,-2.03382500000007,-3.0838250000000698,-3.7838250000000695,0,0,0,1,3.0838250000000698,13.3599999999999,21.100000000000136,0.008056872037918088,13.6099999999999,0.11535635562086317,3.2000000000000455,4.644500000000027,0.616,1.0,,,13,1,7.0,2022
2022-07-13 13:00:00+00:00|1.0|calendar_keep_tue_wed_thu_h13_tp06_sl065,2022-07-13 13:00:00+00:00,STAGE28A,data/reports/stage28a_discovery_factory_batch_runner/stage28a_exact_trades.csv,calendar_time_risk_proxy_v1,calendar_keep_tue_wed_thu_h13_tp06_sl065,0.8734000000000833,-0.1765999999999166,-0.8765999999999163,0,0,0,0,0.1765999999999166,21.100000000000136,6.019999999999982,0.245847176079738,7.830000000000155,0.11238825031929651,3.560000000000173,3.191500000000019,0.132,1.0,,,13,2,7.0,2022
2022-07-14 13:00:00+00:00|-1.0|calendar_keep_tue_wed_thu_h13_tp06_sl065,2022-07-14 13:00:00+00:00,STAGE28A,data/reports/stage28a_discovery_factory_batch_runner/stage28a_exact_trades.csv,calendar_time_risk_proxy_v1,calendar_keep_tue_wed_thu_h13_tp06_sl065,-2.203475000000117,-3.2534750000001167,-3.953475000000117,0,0,0,1,3.2534750000001167,38.049999999999955,10.920000000000073,0.21245421245422602,20.029999999999973,0.7688467299051365,5.120000000000118,5.5450000000000275,0.784,-1.0,,,13,3,7.0,2022
2022-07-19 13:00:00+00:00|1.0|calendar_keep_tue_wed_thu_h13_tp06_sl065,2022-07-19 13:00:00+00:00,STAGE28A,data/reports/stage28a_discovery_factory_batch_runner/stage28a_exact_trades.csv,calendar_time_risk_proxy_v1,calendar_keep_tue_wed_thu_h13_tp06_sl065,-1.451425000000063,-2.501425000000063,-3.2014250000000626,0,0,0,0,2.501425000000063,17.99000000000001,4.889999999999873,0.30061349693252876,7.759999999999991,0.49742268041238813,3.0499999999999545,3.078999999999996,0.056,1.0,,,13,1,7.0,2022
2022-07-20 13:00:00+00:00|-1.0|calendar_keep_tue_wed_thu_h13_tp06_sl065,2022-07-20 13:00:00+00:00,STAGE28A,data/reports/stage28a_discovery_factory_batch_runner/stage28a_exact_trades.csv,calendar_time_risk_proxy_v1,calendar_keep_tue_wed_thu_h13_tp06_sl065,-1.4673499999999875,-2.5173499999999875,-3.2173499999999877,0,0,0,0,2.5173499999999875,13.169999999999845,3.900000000000091,0.02307692307690155,7.980000000000018,0.08771929824561954,6.129999999999882,2.814500000000032,0.008,-1.0,,,13,2,7.0,2022
2022-07-21 13:00:00+00:00|-1.0|calendar_keep_tue_wed_thu_h13_tp06_sl065,2022-07-21 13:00:00+00:00,STAGE28A,data/reports/stage28a_discovery_factory_batch_runner/stage28a_exact_trades.csv,calendar_time_risk_proxy_v1,calendar_keep_tue_wed_thu_h13_tp06_sl065,-1.9087000000000445,-2.9587000000000443,-3.658700000000044,0,0,0,0,2.9587000000000443,21.980000000000018,7.3400000000001455,0.5953678474114175,11.529999999999973,0.6131830008673184,4.2199999999998,3.8129999999999766,0.292,-1.0,,,13,3,7.0,2022
2022-07-26 13:00:00+00:00|-1.0|calendar_keep_tue_wed_thu_h13_tp06_sl065,2022-07-26 13:00:00+00:00,STAGE28A,data/reports/stage28a_discovery_factory_batch_runner/stage28a_exact_trades.csv,calendar_time_risk_proxy_v1,calendar_keep_tue_wed_thu_h13_tp06_sl065,-1.494974999999931,-2.544974999999931,-3.244974999999931,0,0,0,0,2.544974999999931,21.460000000000036,10.149999999999864,0.5320197044335137,8.980000000000018,0.4432071269487762,5.529999999999973,3.3735000000000013,0.132,-1.0,,,13,1,7.0,2022
2022-07-27 13:00:00+00:00|1.0|calendar_keep_tue_wed_thu_h13_tp06_sl065,2022-07-27 13:00:00+00:00,STAGE28A,data/reports/stage28a_discovery_factory_batch_runner/stage28a_exact_trades.csv,calendar_time_risk_proxy_v1,calendar_keep_tue_wed_thu_h13_tp06_sl065,0.7734999999999218,-0.2765000000000781,-0.976500000000078,0,0,0,0,0.2765000000000781,14.579999999999927,4.2999999999999545,0.34883720930232925,11.460000000000036,0.47382198952878,3.0800000000001546,3.018999999999983,0.036,1.0,,,13,2,7.0,2022
2022-07-28 13:00:00+00:00|1.0|calendar_keep_tue_wed_thu_h13_tp06_sl065,2022-07-28 13:00:00+00:00,STAGE28A,data/reports/stage28a_discovery_factory_batch_runner/stage28a_exact_trades.csv,calendar_time_risk_proxy_v1,calendar_keep_tue_wed_thu_h13_tp06_sl065,-1.933075000000008,-2.983075000000008,-3.683075000000008,0,0,0,0,2.983075000000008,28.660000000000082,7.730000000000018,0.18111254851230113,13.089999999999918,0.32773109243697407,6.100000000000136,4.770500000000004,0.708,1.0,,,13,3,7.0,2022
2022-08-02 13:00:00+00:00|-1.0|calendar_keep_tue_wed_thu_h13_tp06_sl065,2022-08-02 13:00:00+00:00,STAGE28A,data/reports/stage28a_discovery_factory_batch_runner/stage28a_exact_trades.csv,calendar_time_risk_proxy_v1,calendar_keep_tue_wed_thu_h13_tp06_sl065,-1.7156499999999597,-2.7656499999999595,-3.4656499999999597,0,0,0,0,2.7656499999999595,16.699999999999818,9.649999999999864,0.30880829015544664,7.150000000000091,0.008391608391600653,2.509999999999991,3.8615000000000235,0.368,-1.0,,,13,1,8.0,2022
2022-08-03 13:00:00+00:00|-1.0|calendar_keep_tue_wed_thu_h13_tp06_sl065,2022-08-03 13:00:00+00:00,STAGE28A,data/reports/stage28a_discovery_factory_batch_runner/stage28a_exact_trades.csv,calendar_time_risk_proxy_v1,calendar_keep_tue_wed_thu_h13_tp06_sl065,-1.6730750000000172,-2.723075000000017,-3.4230750000000167,0,0,0,0,2.723075000000017,28.529999999999973,14.2800000000002,0.6435574229691825,6.519999999999982,0.4647239263803652,1.9700000000000273,4.958000000000015,0.8,-1.0,,,13,2,8.0,2022
2022-08-04 13:00:00+00:00|1.0|calendar_keep_tue_wed_thu_h13_tp06_sl065,2022-08-04 13:00:00+00:00,STAGE28A,data/reports/stage28a_discovery_factory_batch_runner/stage28a_exact_trades.csv,calendar_time_risk_proxy_v1,calendar_keep_tue_wed_thu_h13_tp06_sl065,0.8137000000000626,-0.2362999999999373,-0.9362999999999372,0,0,0,0,0.2362999999999373,18.460000000000036,8.320000000000164,0.889423076923043,11.079999999999927,0.8086642599278064,4.079999999999927,3.4970000000000367,0.1,1.0,,,13,3,8.0,2022
2022-08-09 13:00:00+00:00|1.0|calendar_keep_tue_wed_thu_h13_tp06_sl065,2022-08-09 13:00:00+00:00,STAGE28A,data/reports/stage28a_discovery_factory_batch_runner/stage28a_exact_trades.csv,calendar_time_risk_proxy_v1,calendar_keep_tue_wed_thu_h13_tp06_sl065,-1.7539999999999965,-2.8039999999999963,-3.503999999999996,0,0,0,0,2.8039999999999963,19.449999999999818,7.440000000000055,0.3360215053763416,9.8599999999999,0.5324543610547722,3.9600000000000364,3.273000000000002,0.064,1.0,,,13,1,8.0,2022
2022-08-10 13:00:00+00:00|1.0|calendar_keep_tue_wed_thu_h13_tp06_sl065,2022-08-10 13:00:00+00:00,STAGE28A,data/reports/stage28a_discovery_factory_batch_runner/stage28a_exact_trades.csv,calendar_time_risk_proxy_v1,calendar_keep_tue_wed_thu_h13_tp06_sl065,-1.4098250000000463,-2.459825000000046,-3.159825000000046,0,0,0,0,2.459825000000046,17.15000000000009,4.0,0.5999999999999659,7.539999999999964,0.3859416445623168,3.4500000000000455,2.7889999999999757,0.008,1.0,,,13,2,8.0,2022
2022-08-11 13:00:00+00:00|1.0|calendar_keep_tue_wed_thu_h13_tp06_sl065,2022-08-11 13:00:00+00:00,STAGE28A,data/reports/stage28a_discovery_factory_batch_runner/stage28a_exact_trades.csv,calendar_time_risk_proxy_v1,calendar_keep_tue_wed_thu_h13_tp06_sl065,-1.6214000000000852,-2.671400000000085,-3.3714000000000848,0,0,0,0,2.671400000000085,20.269999999999982,8.3900000000001,0.6376638855780506,6.789999999999964,0.6465390279823117,2.560000000000173,3.3920000000000186,0.12,1.0,,,13,3,8.0,2022
2022-08-16 13:00:00+00:00|-1.0|calendar_keep_tue_wed_thu_h13_tp06_sl065,2022-08-16 13:00:00+00:00,STAGE28A,data/reports/stage28a_discovery_factory_batch_runner/stage28a_exact_trades.csv,calendar_time_risk_proxy_v1,calendar_keep_tue_wed_thu_h13_tp06_sl065,0.6580000000000382,-0.3919999999999617,-1.0919999999999614,0,0,0,0,0.3919999999999617,29.309999999999945,6.2999999999999545,0.46190476190477825,8.120000000000118,0.6896551724137998,2.1200000000001182,2.6595000000000026,0.012,-1.0,,,13,1,8.0,2022
2022-08-17 13:00:00+00:00|-1.0|calendar_keep_tue_wed_thu_h13_tp06_sl065,2022-08-17 13:00:00+00:00,STAGE28A,data/reports/stage28a_discovery_factory_batch_runner/stage28a_exact_trades.csv,calendar_time_risk_proxy_v1,calendar_keep_tue_wed_thu_h13_tp06_sl065,0.6967000000001008,-0.3532999999998991,-1.0532999999998989,0,0,0,0,0.3532999999998991,11.660000000000082,3.1499999999998636,0.17777777777776815,10.319999999999936,0.22093023255813826,2.589999999999918,2.806499999999994,0.032,-1.0,,,13,2,8.0,2022
2022-08-18 13:00:00+00:00|1.0|calendar_keep_tue_wed_thu_h13_tp06_sl065,2022-08-18 13:00:00+00:00,STAGE28A,data/reports/stage28a_discovery_factory_batch_runner/stage28a_exact_trades.csv,calendar_time_risk_proxy_v1,calendar_keep_tue_wed_thu_h13_tp06_sl065,-1.3373499999998786,-2.3873499999998784,-3.087349999999878,0,0,0,0,2.3873499999998784,22.449999999999818,5.760000000000218,0.032986111111119334,8.139999999999873,0.7960687960688108,3.6799999999998363,3.254999999999984,0.184,1.0,,,13,3,8.0,2022
2022-08-23 13:00:00+00:00|1.0|calendar_keep_tue_wed_thu_h13_tp06_sl065,2022-08-23 13:00:00+00:00,STAGE28A,data/reports/stage28a_discovery_factory_batch_runner/stage28a_exact_trades.csv,calendar_time_risk_proxy_v1,calendar_keep_tue_wed_thu_h13_tp06_sl065,1.0096000000000005,-0.0403999999999995,-0.7403999999999993,0,0,0,0,0.0403999999999995,21.340000000000146,6.380000000000109,0.4247648902821301,9.120000000000118,0.10087719298246281,3.6499999999998636,3.1120000000000116,0.15,1.0,,,13,1,8.0,2022
2022-08-24 13:00:00+00:00|1.0|calendar_keep_tue_wed_thu_h13_tp06_sl065,2022-08-24 13:00:00+00:00,STAGE28A,data/reports/stage28a_discovery_factory_batch_runner/stage28a_exact_trades.csv,calendar_time_risk_proxy_v1,calendar_keep_tue_wed_thu_h13_tp06_sl065,-1.5118750000000092,-2.561875000000009,-3.2618750000000087,0,0,0,0,2.561875000000009,23.309999999999945,3.979999999999791,0.36934673366836795,9.430000000000064,0.3955461293743365,4.75,2.976999999999964,0.1,1.0,,,13,2,8.0,2022
2022-08-25 13:00:00+00:00|1.0|calendar_keep_tue_wed_thu_h13_tp06_sl065,2022-08-25 13:00:00+00:00,STAGE28A,data/reports/stage28a_discovery_factory_batch_runner/stage28a_exact_trades.csv,calendar_time_risk_proxy_v1,calendar_keep_tue_wed_thu_h13_tp06_sl065,-1.4822999999999866,-2.5322999999999865,-3.232299999999986,0,0,0,0,2.5322999999999865,13.490000000000009,7.819999999999936,0.6598465473145647,9.720000000000027,0.7150205761316899,2.6400000000001,3.2789999999999964,0.244,1.0,,,13,3,8.0,2022
2022-08-30 13:00:00+00:00|-1.0|calendar_keep_tue_wed_thu_h13_tp06_sl065,2022-08-30 13:00:00+00:00,STAGE28A,data/reports/stage28a_discovery_factory_batch_runner/stage28a_exact_trades.csv,calendar_time_risk_proxy_v1,calendar_keep_tue_wed_thu_h13_tp06_sl065,-1.7689499999999954,-2.818949999999995,-3.518949999999995,0,0,0,0,2.818949999999995,25.179999999999836,6.619999999999891,0.38670694864051586,8.840000000000146,0.07352941176468925,3.310000000000173,3.280000000000007,0.292,-1.0,,,13,1,8.0,2022
2022-08-31 13:00:00+00:00|-1.0|calendar_keep_tue_wed_thu_h13_tp06_sl065,2022-08-31 13:00:00+00:00,STAGE28A,data/reports/stage28a_discovery_factory_batch_runner/stage28a_exact_trades.csv,calendar_time_risk_proxy_v1,calendar_keep_tue_wed_thu_h13_tp06_sl065,0.9960999999999786,-0.0539000000000213,-0.7539000000000211,0,0,0,0,0.0539000000000213,19.339999999999918,3.8899999999998727,0.26478149100257237,15.8599999999999,0.8209331651954643,3.769999999999982,3.2459999999999694,0.228,-1.0,,,13,2,8.0,2022
2022-09-01 13:00:00+00:00|-1.0|calendar_keep_tue_wed_thu_h13_tp06_sl065,2022-09-01 13:00:00+00:00,STAGE28A,data/reports/stage28a_discovery_factory_batch_runner/stage28a_exact_trades.csv,calendar_time_risk_proxy_v1,calendar_keep_tue_wed_thu_h13_tp06_sl065,-1.8365500000000796,-2.886550000000079,-3.586550000000079,0,0,0,0,2.886550000000079,16.909999999999854,9.11999999999989,0.7225877192982453,8.200000000000045,0.14878048780488054,6.619999999999891,4.009999999999991,0.752,-1.0,,,13,3,9.0,2022
2022-09-06 13:00:00+00:00|-1.0|calendar_keep_tue_wed_thu_h13_tp06_sl065,2022-09-06 13:00:00+00:00,STAGE28A,data/reports/stage28a_discovery_factory_batch_runner/stage28a_exact_trades.csv,calendar_time_risk_proxy_v1,calendar_keep_tue_wed_thu_h13_tp06_sl065,0.8004999999999655,-0.2495000000000344,-0.9495000000000342,0,0,0,0,0.2495000000000344,8.049999999999955,16.909999999999854,0.2950916617386193,9.699999999999818,0.6608247422680621,2.3299999999999272,3.5514999999999874,0.416,-1.0,,,13,1,9.0,2022
2022-09-07 13:00:00+00:00|1.0|calendar_keep_tue_wed_thu_h13_tp06_sl065,2022-09-07 13:00:00+00:00,STAGE28A,data/reports/stage28a_discovery_factory_batch_runner/stage28a_exact_trades.csv,calendar_time_risk_proxy_v1,calendar_keep_tue_wed_thu_h13_tp06_sl065,0.9412000000001172,-0.1087999999998827,-0.8087999999998825,0,0,0,0,0.1087999999998827,26.909999999999854,11.450000000000045,0.618340611353703,15.829999999999927,0.8597599494630425,3.25,4.207000000000017,0.732,1.0,,,13,2,9.0,2022
2022-09-08 13:00:00+00:00|1.0|calendar_keep_tue_wed_thu_h13_tp06_sl065,2022-09-08 13:00:00+00:00,STAGE28A,data/reports/stage28a_discovery_factory_batch_runner/stage28a_exact_trades.csv,calendar_time_risk_proxy_v1,calendar_keep_tue_wed_thu_h13_tp06_sl065,0.8074000000000524,-0.2425999999999475,-0.9425999999999471,0,0,0,0,0.2425999999999475,28.09999999999991,5.789999999999964,0.6269430051813699,8.8900000000001,0.6850393700787488,3.4300000000000637,3.6340000000000146,0.376,1.0,,,13,3,9.0,2022
2022-09-13 13:00:00+00:00|1.0|calendar_keep_tue_wed_thu_h13_tp06_sl065,2022-09-13 13:00:00+00:00,STAGE28A,data/reports/stage28a_discovery_factory_batch_runner/stage28a_exact_trades.csv,calendar_time_risk_proxy_v1,calendar_keep_tue_wed_thu_h13_tp06_sl065,-1.4533749999999146,-2.5033749999999144,-3.203374999999914,0,0,0,0,2.5033749999999144,23.170000000000073,6.830000000000155,0.5710102489019038,8.160000000000082,0.6580882352940977,3.130000000000109,3.321000000000015,0.164,1.0,,,13,1,9.0,2022
2022-09-14 13:00:00+00:00|1.0|calendar_keep_tue_wed_thu_h13_tp06_sl065,2022-09-14 13:00:00+00:00,STAGE28A,data/reports/stage28a_discovery_factory_batch_runner/stage28a_exact_trades.csv,calendar_time_risk_proxy_v1,calendar_keep_tue_wed_thu_h13_tp06_sl065,-1.670799999999963,-2.720799999999963,-3.4207999999999625,0,0,0,0,2.720799999999963,34.73000000000002,6.289999999999964,0.25119236883941753,7.259999999999991,0.6170798898071658,2.9500000000000455,3.564000000000044,0.22,1.0,,,13,2,9.0,2022
2022-09-15 13:00:00+00:00|-1.0|calendar_keep_tue_wed_thu_h13_tp06_sl065,2022-09-15 13:00:00+00:00,STAGE28A,data/reports/stage28a_discovery_factory_batch_runner/stage28a_exact_trades.csv,calendar_time_risk_proxy_v1,calendar_keep_tue_wed_thu_h13_tp06_sl065,-1.5742750000000345,-2.624275000000034,-3.324275000000034,0,0,0,0,2.624275000000034,13.440000000000055,7.509999999999991,0.6378162450066537,7.75,0.4141935483871015,3.8700000000001182,3.1519999999999753,0.068,-1.0,,,13,3,9.0,2022
2022-09-20 13:00:00+00:00|-1.0|calendar_keep_tue_wed_thu_h13_tp06_sl065,2022-09-20 13:00:00+00:00,STAGE28A,data/reports/stage28a_discovery_factory_batch_runner/stage28a_exact_trades.csv,calendar_time_risk_proxy_v1,calendar_keep_tue_wed_thu_h13_tp06_sl065,-1.6984249999999066,-2.7484249999999064,-3.448424999999906,0,0,0,0,2.7484249999999064,20.230000000000018,6.029999999999973,0.2338308457711212,10.629999999999882,0.8701787394167547,3.6799999999998363,3.3575000000000044,0.092,-1.0,,,13,1,9.0,2022
2022-09-21 13:00:00+00:00|1.0|calendar_keep_tue_wed_thu_h13_tp06_sl065,2022-09-21 13:00:00+00:00,STAGE28A,data/reports/stage28a_discovery_factory_batch_runner/stage28a_exact_trades.csv,calendar_time_risk_proxy_v1,calendar_keep_tue_wed_thu_h13_tp06_sl065,-1.8778250000001209,-2.9278250000001207,-3.62782500000012,0,0,0,0,2.9278250000001207,19.49000000000001,4.599999999999909,0.31304347826083817,14.440000000000055,0.6606648199445934,3.990000000000009,3.2250000000000227,0.048,1.0,,,13,2,9.0,2022
2022-09-22 13:00:00+00:00|1.0|calendar_keep_tue_wed_thu_h13_tp06_sl065,2022-09-22 13:00:00+00:00,STAGE28A,data/reports/stage28a_discovery_factory_batch_runner/stage28a_exact_trades.csv,calendar_time_risk_proxy_v1,calendar_keep_tue_wed_thu_h13_tp06_sl065,1.8657999999999448,0.8157999999999448,0.115799999999945,1,1,1,0,0.8157999999999448,34.13999999999987,16.600000000000136,0.6379518072289055,22.539999999999964,0.2666370896184561,6.839999999999918,7.60799999999997,1.0,1.0,,,13,3,9.0,2022
2022-09-27 13:00:00+00:00|1.0|calendar_keep_tue_wed_thu_h13_tp06_sl065,2022-09-27 13:00:00+00:00,STAGE28A,data/reports/stage28a_discovery_factory_batch_runner/stage28a_exact_trades.csv,calendar_time_risk_proxy_v1,calendar_keep_tue_wed_thu_h13_tp06_sl065,-1.988650000000098,-3.0386500000000978,-3.7386500000000975,0,0,0,0,3.0386500000000978,28.61999999999989,10.209999999999809,0.36924583741430483,9.63000000000011,0.1921079958463256,4.690000000000055,4.840999999999974,0.476,1.0,,,13,1,9.0,2022
2022-09-28 13:00:00+00:00|-1.0|calendar_keep_tue_wed_thu_h13_tp06_sl065,2022-09-28 13:00:00+00:00,STAGE28A,data/reports/stage28a_discovery_factory_batch_runner/stage28a_exact_trades.csv,calendar_time_risk_proxy_v1,calendar_keep_tue_wed_thu_h13_tp06_sl065,1.5520000000000436,0.5020000000000437,-0.197999999999956,1,0,1,0,0.5020000000000437,19.6099999999999,7.720000000000027,0.6968911917098268,10.920000000000073,0.7225274725274768,4.220000000000027,4.09050000000002,0.332,-1.0,,,13,2,9.0,2022
2022-09-29 13:00:00+00:00|-1.0|calendar_keep_tue_wed_thu_h13_tp06_sl065,2022-09-29 13:00:00+00:00,STAGE28A,data/reports/stage28a_discovery_factory_batch_runner/stage28a_exact_trades.csv,calendar_time_risk_proxy_v1,calendar_keep_tue_wed_thu_h13_tp06_sl065,1.4202999999999064,0.3702999999999066,-0.3297000000000931,1,0,1,0,0.3702999999999066,47.98000000000002,7.710000000000036,0.4137483787289286,13.070000000000164,0.5057383320581345,6.990000000000009,4.693000000000017,0.444,-1.0,,,13,3,9.0,2022
2022-10-04 13:00:00+00:00|1.0|calendar_keep_tue_wed_thu_h13_tp06_sl065,2022-10-04 13:00:00+00:00,STAGE28A,data/reports/stage28a_discovery_factory_batch_runner/stage28a_exact_trades.csv,calendar_time_risk_proxy_v1,calendar_keep_tue_wed_thu_h13_tp06_sl065,1.3131999999999606,0.2631999999999608,-0.4368000000000389,1,0,1,0,0.2631999999999608,41.819999999999936,7.339999999999918,0.08446866485012232,13.170000000000073,0.6522399392558748,4.329999999999927,5.523500000000001,0.576,1.0,,,13,1,10.0,2022
2022-10-05 13:00:00+00:00|-1.0|calendar_keep_tue_wed_thu_h13_tp06_sl065,2022-10-05 13:00:00+00:00,STAGE28A,data/reports/stage28a_discovery_factory_batch_runner/stage28a_exact_trades.csv,calendar_time_risk_proxy_v1,calendar_keep_tue_wed_thu_h13_tp06_sl065,-2.4095249999998942,-3.459524999999894,-4.159524999999894,0,0,0,1,3.459524999999894,34.200000000000045,8.230000000000018,0.7095990279465255,21.699999999999818,0.5949308755760456,9.069999999999936,5.20849999999997,0.464,-1.0,,,13,2,10.0,2022
2022-10-06 13:00:00+00:00|-1.0|calendar_keep_tue_wed_thu_h13_tp06_sl065,2022-10-06 13:00:00+00:00,STAGE28A,data/reports/stage28a_discovery_factory_batch_runner/stage28a_exact_trades.csv,calendar_time_risk_proxy_v1,calendar_keep_tue_wed_thu_h13_tp06_sl065,1.259200000000101,0.2092000000001008,-0.4907999999998989,1,0,1,0,0.2092000000001008,27.309999999999945,9.439999999999827,0.6430084745762762,12.129999999999882,0.6158285243198763,4.039999999999964,4.338500000000022,0.106,-1.0,,,13,3,10.0,2022
2022-10-11 13:00:00+00:00|1.0|calendar_keep_tue_wed_thu_h13_tp06_sl065,2022-10-11 13:00:00+00:00,STAGE28A,data/reports/stage28a_discovery_factory_batch_runner/stage28a_exact_trades.csv,calendar_time_risk_proxy_v1,calendar_keep_tue_wed_thu_h13_tp06_sl065,1.2363999999999122,0.1863999999999124,-0.5136000000000873,1,0,1,0,0.1863999999999124,34.23000000000002,12.269999999999982,0.37734311328444303,7.810000000000173,0.20102432778487855,4.990000000000009,4.1370000000000005,0.08,1.0,,,13,1,10.0,2022
2022-10-12 13:00:00+00:00|1.0|calendar_keep_tue_wed_thu_h13_tp06_sl065,2022-10-12 13:00:00+00:00,STAGE28A,data/reports/stage28a_discovery_factory_batch_runner/stage28a_exact_trades.csv,calendar_time_risk_proxy_v1,calendar_keep_tue_wed_thu_h13_tp06_sl065,-2.074449999999933,-3.1244499999999333,-3.824449999999933,0,0,0,1,3.1244499999999333,22.8900000000001,5.490000000000009,0.14207650273223524,10.549999999999955,0.45118483412322385,4.449999999999818,5.134500000000003,0.58,1.0,,,13,2,10.0,2022
2022-10-13 13:00:00+00:00|1.0|calendar_keep_tue_wed_thu_h13_tp06_sl065,2022-10-13 13:00:00+00:00,STAGE28A,data/reports/stage28a_discovery_factory_batch_runner/stage28a_exact_trades.csv,calendar_time_risk_proxy_v1,calendar_keep_tue_wed_thu_h13_tp06_sl065,-1.6145749999999226,-2.6645749999999224,-3.364574999999922,0,0,0,0,2.6645749999999224,16.950000000000045,6.440000000000055,0.669254658385079,10.8900000000001,0.5096418732782281,3.4700000000000273,3.1000000000000454,0.004,1.0,,,13,3,10.0,2022
2022-10-18 13:00:00+00:00|-1.0|calendar_keep_tue_wed_thu_h13_tp06_sl065,2022-10-18 13:00:00+00:00,STAGE28A,data/reports/stage28a_discovery_factory_batch_runner/stage28a_exact_trades.csv,calendar_time_risk_proxy_v1,calendar_keep_tue_wed_thu_h13_tp06_sl065,1.1601999999999406,0.1101999999999407,-0.5898000000000589,1,0,0,0,0.1101999999999407,25.279999999999973,4.639999999999873,0.4008620689655067,12.230000000000018,0.039247751430909035,4.869999999999891,4.23549999999999,0.16,-1.0,,,13,1,10.0,2022
2022-10-19 13:00:00+00:00|-1.0|calendar_keep_tue_wed_thu_h13_tp06_sl065,2022-10-19 13:00:00+00:00,STAGE28A,data/reports/stage28a_discovery_factory_batch_runner/stage28a_exact_trades.csv,calendar_time_risk_proxy_v1,calendar_keep_tue_wed_thu_h13_tp06_sl065,-2.060800000000063,-3.110800000000063,-3.810800000000063,0,0,0,1,3.110800000000063,15.049999999999955,5.379999999999882,0.6189591078067338,11.819999999999936,0.6142131979695457,3.0499999999999545,3.871999999999969,0.1,-1.0,,,13,2,10.0,2022
2022-10-20 13:00:00+00:00|1.0|calendar_keep_tue_wed_thu_h13_tp06_sl065,2022-10-20 13:00:00+00:00,STAGE28A,data/reports/stage28a_discovery_factory_batch_runner/stage28a_exact_trades.csv,calendar_time_risk_proxy_v1,calendar_keep_tue_wed_thu_h13_tp06_sl065,1.0720000000000254,0.0220000000000255,-0.6779999999999742,1,0,0,0,0.0220000000000255,26.74000000000001,7.850000000000136,0.21910828025477674,10.799999999999955,0.7990740740740876,6.809999999999945,3.747000000000014,0.088,1.0,,,13,3,10.0,2022
2022-10-25 13:00:00+00:00|-1.0|calendar_keep_tue_wed_thu_h13_tp06_sl065,2022-10-25 13:00:00+00:00,STAGE28A,data/reports/stage28a_discovery_factory_batch_runner/stage28a_exact_trades.csv,calendar_time_risk_proxy_v1,calendar_keep_tue_wed_thu_h13_tp06_sl065,-1.7088250000000245,-2.7588250000000243,-3.458825000000024,0,0,0,0,2.7588250000000243,26.539999999999964,7.680000000000064,0.032552083333333065,13.129999999999882,0.885757806549902,4.970000000000027,3.6740000000000235,0.06,-1.0,,,13,1,10.0,2022
2022-10-26 13:00:00+00:00|1.0|calendar_keep_tue_wed_thu_h13_tp06_sl065,2022-10-26 13:00:00+00:00,STAGE28A,data/reports/stage28a_discovery_factory_batch_runner/stage28a_exact_trades.csv,calendar_time_risk_proxy_v1,calendar_keep_tue_wed_thu_h13_tp06_sl065,1.2228999999998904,0.1728999999998905,-0.5271000000001091,1,0,1,0,0.1728999999998905,24.060000000000173,7.880000000000109,0.5862944162436329,19.779999999999973,0.6400404448938257,5.8599999999999,3.980000000000018,0.172,1.0,,,13,2,10.0,2022
2022-10-27 13:00:00+00:00|-1.0|calendar_keep_tue_wed_thu_h13_tp06_sl065,2022-10-27 13:00:00+00:00,STAGE28A,data/reports/stage28a_discovery_factory_batch_runner/stage28a_exact_trades.csv,calendar_time_risk_proxy_v1,calendar_keep_tue_wed_thu_h13_tp06_sl065,1.1157999999999446,0.0657999999999447,-0.6342000000000549,1,0,0,0,0.0657999999999447,25.180000000000064,8.439999999999827,0.06398104265402543,10.589999999999918,0.20774315391879722,2.6499999999998636,3.827999999999963,0.12,-1.0,,,13,3,10.0,2022
2022-11-01 13:00:00+00:00|1.0|calendar_keep_tue_wed_thu_h13_tp06_sl065,2022-11-01 13:00:00+00:00,STAGE28A,data/reports/stage28a_discovery_factory_batch_runner/stage28a_exact_trades.csv,calendar_time_risk_proxy_v1,calendar_keep_tue_wed_thu_h13_tp06_sl065,-1.973375000000124,-3.023375000000124,-3.7233750000001233,0,0,0,0,3.023375000000124,13.779999999999973,9.440000000000055,0.5889830508474484,15.150000000000091,0.8686468646864538,2.990000000000009,3.5405000000000313,0.048,1.0,,,13,1,11.0,2022
2022-11-02 13:00:00+00:00|1.0|calendar_keep_tue_wed_thu_h13_tp06_sl065,2022-11-02 13:00:00+00:00,STAGE28A,data/reports/stage28a_discovery_factory_batch_runner/stage28a_exact_trades.csv,calendar_time_risk_proxy_v1,calendar_keep_tue_wed_thu_h13_tp06_sl065,-1.4777500000001056,-2.5277500000001054,-3.227750000000105,0,0,0,0,2.5277500000001054,26.399999999999864,7.350000000000136,0.31292517006801523,7.3599999999999,0.6983695652174144,2.589999999999918,3.285499999999968,0.004,1.0,,,13,2,11.0,2022
2022-11-03 13:00:00+00:00|-1.0|calendar_keep_tue_wed_thu_h13_tp06_sl065,2022-11-03 13:00:00+00:00,STAGE28A,data/reports/stage28a_discovery_factory_batch_runner/stage28a_exact_trades.csv,calendar_time_risk_proxy_v1,calendar_keep_tue_wed_thu_h13_tp06_sl065,1.2013000000000829,0.151300000000083,-0.5486999999999167,1,0,0,0,0.151300000000083,37.6099999999999,9.11999999999989,0.2971491228070251,18.699999999999818,0.8711229946524129,4.6099999999999,5.437499999999955,0.888,-1.0,,,13,3,11.0,2022
2022-11-08 13:00:00+00:00|1.0|calendar_keep_tue_wed_thu_h13_tp06_sl065,2022-11-08 13:00:00+00:00,STAGE28A,data/reports/stage28a_discovery_factory_batch_runner/stage28a_exact_trades.csv,calendar_time_risk_proxy_v1,calendar_keep_tue_wed_thu_h13_tp06_sl065,-1.6802249999999277,-2.7302249999999275,-3.4302249999999272,0,0,0,0,2.7302249999999275,14.930000000000064,7.279999999999973,0.5508241758241766,7.3599999999999,0.04347826086955716,2.2199999999998,3.167999999999995,0.024,1.0,,,13,1,11.0,2022
2022-11-09 13:00:00+00:00|-1.0|calendar_keep_tue_wed_thu_h13_tp06_sl065,2022-11-09 13:00:00+00:00,STAGE28A,data/reports/stage28a_discovery_factory_batch_runner/stage28a_exact_trades.csv,calendar_time_risk_proxy_v1,calendar_keep_tue_wed_thu_h13_tp06_sl065,1.0743999999998777,0.0243999999998778,-0.6756000000001219,1,0,0,0,0.0243999999998778,52.25,6.430000000000064,0.4790046656298793,11.860000000000127,0.023608768971329654,5.019999999999982,5.360500000000013,0.864,-1.0,,,13,2,11.0,2022
2022-11-10 13:00:00+00:00|-1.0|calendar_keep_tue_wed_thu_h13_tp06_sl065,2022-11-10 13:00:00+00:00,STAGE28A,data/reports/stage28a_discovery_factory_batch_runner/stage28a_exact_trades.csv,calendar_time_risk_proxy_v1,calendar_keep_tue_wed_thu_h13_tp06_sl065,-1.9515999999999625,-3.001599999999962,-3.701599999999962,0,0,0,0,3.001599999999962,20.180000000000064,6.259999999999991,0.522364217252394,8.540000000000191,0.18032786885245072,4.430000000000064,4.087999999999999,0.34,-1.0,,,13,3,11.0,2022
2022-11-15 13:00:00+00:00|1.0|calendar_keep_tue_wed_thu_h13_tp06_sl065,2022-11-15 13:00:00+00:00,STAGE28A,data/reports/stage28a_discovery_factory_batch_runner/stage28a_exact_trades.csv,calendar_time_risk_proxy_v1,calendar_keep_tue_wed_thu_h13_tp06_sl065,1.3207000000001243,0.2707000000001245,-0.4292999999998752,1,0,1,0,0.2707000000001245,21.77000000000021,5.259999999999991,0.26615969581750826,15.680000000000064,0.36926020408162885,3.5799999999999272,4.282500000000004,0.336,1.0,,,13,1,11.0,2022
2022-11-16 13:00:00+00:00|1.0|calendar_keep_tue_wed_thu_h13_tp06_sl065,2022-11-16 13:00:00+00:00,STAGE28A,data/reports/stage28a_discovery_factory_batch_runner/stage28a_exact_trades.csv,calendar_time_risk_proxy_v1,calendar_keep_tue_wed_thu_h13_tp06_sl065,1.024900000000025,-0.0250999999999748,-0.7250999999999745,0,0,0,0,0.0250999999999748,19.36999999999989,11.1099999999999,0.8019801980198166,14.039999999999964,0.7343304843304823,3.8099999999999454,5.0350000000000135,0.544,1.0,,,13,2,11.0,2022
2022-11-17 13:00:00+00:00|1.0|calendar_keep_tue_wed_thu_h13_tp06_sl065,2022-11-17 13:00:00+00:00,STAGE28A,data/reports/stage28a_discovery_factory_batch_runner/stage28a_exact_trades.csv,calendar_time_risk_proxy_v1,calendar_keep_tue_wed_thu_h13_tp06_sl065,0.9742000000000188,-0.075799999999981,-0.7757999999999807,0,0,0,0,0.075799999999981,14.7199999999998,12.6099999999999,0.9103885804916819,9.519999999999982,0.012605042016819166,4.259999999999991,3.760000000000025,0.1,1.0,,,13,3,11.0,2022
2022-11-22 13:00:00+00:00|1.0|calendar_keep_tue_wed_thu_h13_tp06_sl065,2022-11-22 13:00:00+00:00,STAGE28A,data/reports/stage28a_discovery_factory_batch_runner/stage28a_exact_trades.csv,calendar_time_risk_proxy_v1,calendar_keep_tue_wed_thu_h13_tp06_sl065,0.7632999999999811,-0.2867000000000188,-0.9867000000000186,0,0,0,0,0.2867000000000188,20.470000000000027,8.220000000000027,0.8004866180048547,8.079999999999927,0.11386138613862389,2.1800000000000637,3.4860000000000015,0.072,1.0,,,13,1,11.0,2022
2022-11-23 13:00:00+00:00|1.0|calendar_keep_tue_wed_thu_h13_tp06_sl065,2022-11-23 13:00:00+00:00,STAGE28A,data/reports/stage28a_discovery_factory_batch_runner/stage28a_exact_trades.csv,calendar_time_risk_proxy_v1,calendar_keep_tue_wed_thu_h13_tp06_sl065,0.9352000000000316,-0.1147999999999682,-0.814799999999968,0,0,0,0,0.1147999999999682,12.740000000000009,10.009999999999991,0.6253746253746251,12.180000000000064,0.17733990147783832,5.330000000000155,3.4209999999999923,0.116,1.0,,,13,2,11.0,2022
2022-11-24 13:00:00+00:00|1.0|calendar_keep_tue_wed_thu_h13_tp06_sl065,2022-11-24 13:00:00+00:00,STAGE28A,data/reports/stage28a_discovery_factory_batch_runner/stage28a_exact_trades.csv,calendar_time_risk_proxy_v1,calendar_keep_tue_wed_thu_h13_tp06_sl065,0.7393000000000939,-0.310699999999906,-1.0106999999999058,0,0,0,0,0.310699999999906,27.230000000000018,7.830000000000155,0.43550446998720144,6.160000000000082,0.07142857142857933,4.019999999999982,3.3895000000000097,0.104,1.0,,,13,3,11.0,2022
2022-11-29 13:00:00+00:00|1.0|calendar_keep_tue_wed_thu_h13_tp06_sl065,2022-11-29 13:00:00+00:00,STAGE28A,data/reports/stage28a_discovery_factory_batch_runner/stage28a_exact_trades.csv,calendar_time_risk_proxy_v1,calendar_keep_tue_wed_thu_h13_tp06_sl065,0.8479000000001179,-0.202099999999882,-0.9020999999998818,0,0,0,0,0.202099999999882,24.059999999999945,14.629999999999882,0.8523581681476505,7.559999999999945,0.19312169312169933,2.480000000000018,3.597999999999968,0.276,1.0,,,13,1,11.0,2022
2022-11-30 13:00:00+00:00|1.0|calendar_keep_tue_wed_thu_h13_tp06_sl065,2022-11-30 13:00:00+00:00,STAGE28A,data/reports/stage28a_discovery_factory_batch_runner/stage28a_exact_trades.csv,calendar_time_risk_proxy_v1,calendar_keep_tue_wed_thu_h13_tp06_sl065,0.7779999999999291,-0.2720000000000708,-0.9720000000000706,0,0,0,0,0.2720000000000708,19.48999999999978,7.899999999999864,0.6734177215190197,10.210000000000036,0.4338883447600216,4.7000000000000455,3.161500000000001,0.132,1.0,,,13,2,11.0,2022
2022-12-01 13:00:00+00:00|-1.0|calendar_keep_tue_wed_thu_h13_tp06_sl065,2022-12-01 13:00:00+00:00,STAGE28A,data/reports/stage28a_discovery_factory_batch_runner/stage28a_exact_trades.csv,calendar_time_risk_proxy_v1,calendar_keep_tue_wed_thu_h13_tp06_sl065,1.0830999999999675,0.0330999999999677,-0.666900000000032,1,0,0,0,0.0330999999999677,28.529999999999973,11.8599999999999,0.5202360876897238,9.029999999999973,0.33111849390919357,3.550000000000182,5.318999999999994,0.96,-1.0,,,13,3,12.0,2022
2022-12-06 13:00:00+00:00|-1.0|calendar_keep_tue_wed_thu_h13_tp06_sl065,2022-12-06 13:00:00+00:00,STAGE28A,data/reports/stage28a_discovery_factory_batch_runner/stage28a_exact_trades.csv,calendar_time_risk_proxy_v1,calendar_keep_tue_wed_thu_h13_tp06_sl065,-1.7302749999999834,-2.780274999999983,-3.480274999999983,0,0,0,0,2.780274999999983,44.12999999999988,8.799999999999955,0.35454545454544395,7.7800000000002,0.16709511568125301,4.040000000000191,4.261500000000058,0.552,-1.0,,,13,1,12.0,2022
2022-12-07 13:00:00+00:00|1.0|calendar_keep_tue_wed_thu_h13_tp06_sl065,2022-12-07 13:00:00+00:00,STAGE28A,data/reports/stage28a_discovery_factory_batch_runner/stage28a_exact_trades.csv,calendar_time_risk_proxy_v1,calendar_keep_tue_wed_thu_h13_tp06_sl065,0.8493999999999687,-0.2006000000000312,-0.9006000000000309,0,0,0,0,0.2006000000000312,13.570000000000164,6.420000000000073,0.015576323987524598,6.230000000000018,0.2616372391653093,3.5699999999999363,3.2814999999999825,0.184,1.0,,,13,2,12.0,2022
2022-12-08 13:00:00+00:00|-1.0|calendar_keep_tue_wed_thu_h13_tp06_sl065,2022-12-08 13:00:00+00:00,STAGE28A,data/reports/stage28a_discovery_factory_batch_runner/stage28a_exact_trades.csv,calendar_time_risk_proxy_v1,calendar_keep_tue_wed_thu_h13_tp06_sl065,-1.3828500000000532,-2.432850000000053,-3.1328500000000528,0,0,0,0,2.432850000000053,21.769999999999982,6.779999999999973,0.5176991150442485,5.3900000000001,0.03710575139143124,2.790000000000191,3.6840000000000144,0.264,-1.0,,,13,3,12.0,2022
2022-12-13 13:00:00+00:00|1.0|calendar_keep_tue_wed_thu_h13_tp06_sl065,2022-12-13 13:00:00+00:00,STAGE28A,data/reports/stage28a_discovery_factory_batch_runner/stage28a_exact_trades.csv,calendar_time_risk_proxy_v1,calendar_keep_tue_wed_thu_h13_tp06_sl065,0.7761999999999262,-0.2738000000000737,-0.9738000000000736,0,0,0,0,0.2738000000000737,19.5,6.0900000000001455,0.08702791461411495,6.180000000000064,0.7508090614886448,4.990000000000009,3.209500000000048,0.044,1.0,,,13,1,12.0,2022
2022-12-14 13:00:00+00:00|-1.0|calendar_keep_tue_wed_thu_h13_tp06_sl065,2022-12-14 13:00:00+00:00,STAGE28A,data/reports/stage28a_discovery_factory_batch_runner/stage28a_exact_trades.csv,calendar_time_risk_proxy_v1,calendar_keep_tue_wed_thu_h13_tp06_sl065,-1.583699999999999,-2.633699999999999,-3.3336999999999986,0,0,0,0,2.633699999999999,44.50999999999999,4.470000000000027,0.1342281879194419,6.720000000000027,0.029761904761877574,3.480000000000018,4.1275000000000315,0.46,-1.0,,,13,2,12.0,2022
2022-12-15 13:00:00+00:00|-1.0|calendar_keep_tue_wed_thu_h13_tp06_sl065,2022-12-15 13:00:00+00:00,STAGE28A,data/reports/stage28a_discovery_factory_batch_runner/stage28a_exact_trades.csv,calendar_time_risk_proxy_v1,calendar_keep_tue_wed_thu_h13_tp06_sl065,1.6944999999999708,0.644499999999971,-0.0555000000000287,1,0,1,0,0.644499999999971,19.310000000000173,19.110000000000127,0.8707482993197154,22.519999999999982,0.6039076376554139,4.019999999999982,5.377000000000043,0.876,-1.0,,,13,3,12.0,2022
2022-12-20 13:00:00+00:00|1.0|calendar_keep_tue_wed_thu_h13_tp06_sl065,2022-12-20 13:00:00+00:00,STAGE28A,data/reports/stage28a_discovery_factory_batch_runner/stage28a_exact_trades.csv,calendar_time_risk_proxy_v1,calendar_keep_tue_wed_thu_h13_tp06_sl065,-2.0152999999998884,-3.065299999999888,-3.765299999999888,0,0,0,1,3.065299999999888,15.0,11.589999999999918,0.2683347713546289,20.910000000000082,0.7723577235772371,2.599999999999909,4.288999999999999,0.6,1.0,,,13,1,12.0,2022
2022-12-21 13:00:00+00:00|-1.0|calendar_keep_tue_wed_thu_h13_tp06_sl065,2022-12-21 13:00:00+00:00,STAGE28A,data/reports/stage28a_discovery_factory_batch_runner/stage28a_exact_trades.csv,calendar_time_risk_proxy_v1,calendar_keep_tue_wed_thu_h13_tp06_sl065,-1.5635499999999412,-2.613549999999941,-3.3135499999999407,0,0,0,0,2.613549999999941,36.52999999999997,6.380000000000109,0.49999999999996436,5.369999999999891,0.1787709497206808,2.8300000000001546,3.1885000000000105,0.056,-1.0,,,13,2,12.0,2022
2022-12-22 13:00:00+00:00|-1.0|calendar_keep_tue_wed_thu_h13_tp06_sl065,2022-12-22 13:00:00+00:00,STAGE28A,data/reports/stage28a_discovery_factory_batch_runner/stage28a_exact_trades.csv,calendar_time_risk_proxy_v1,calendar_keep_tue_wed_thu_h13_tp06_sl065,-1.454675000000043,-2.504675000000043,-3.2046750000000426,0,0,0,0,2.504675000000043,11.930000000000064,6.889999999999873,0.7735849056603811,6.740000000000009,0.827893175074172,2.4099999999998545,3.1659999999999853,0.096,-1.0,,,13,3,12.0,2022
2022-12-27 13:00:00+00:00|1.0|calendar_keep_tue_wed_thu_h13_tp06_sl065,2022-12-27 13:00:00+00:00,STAGE28A,data/reports/stage28a_discovery_factory_batch_runner/stage28a_exact_trades.csv,calendar_time_risk_proxy_v1,calendar_keep_tue_wed_thu_h13_tp06_sl065,0.471999999999889,-0.5780000000001109,-1.2780000000001106,0,0,0,0,0.5780000000001109,4.339999999999918,6.7999999999999545,0.47205882352938683,6.039999999999964,0.6026490066225367,1.7300000000000182,3.2569999999999597,0.176,1.0,,,13,1,12.0,2022
2022-12-28 13:00:00+00:00|-1.0|calendar_keep_tue_wed_thu_h13_tp06_sl065,2022-12-28 13:00:00+00:00,STAGE28A,data/reports/stage28a_discovery_factory_batch_runner/stage28a_exact_trades.csv,calendar_time_risk_proxy_v1,calendar_keep_tue_wed_thu_h13_tp06_sl065,1.0573000000000774,0.0073000000000775,-0.6926999999999222,1,0,0,0,0.0073000000000775,33.58999999999992,4.990000000000009,0.11422845691381468,12.950000000000045,0.7158301158301119,6.120000000000118,5.231999999999994,0.836,-1.0,,,13,2,12.0,2022
2022-12-29 13:00:00+00:00|-1.0|calendar_keep_tue_wed_thu_h13_tp06_sl065,2022-12-29 13:00:00+00:00,STAGE28A,data/reports/stage28a_discovery_factory_batch_runner/stage28a_exact_trades.csv,calendar_time_risk_proxy_v1,calendar_keep_tue_wed_thu_h13_tp06_sl065,0.6916000000000168,-0.3583999999999832,-1.058399999999983,0,0,0,0,0.3583999999999832,17.580000000000155,5.630000000000109,0.5772646536411966,7.6099999999999,0.4809461235216692,5.019999999999982,3.463499999999988,0.284,-1.0,,,13,3,12.0,2022
2023-01-03 13:00:00+00:00|-1.0|calendar_keep_tue_wed_thu_h13_tp06_sl065,2023-01-03 13:00:00+00:00,STAGE28A,data/reports/stage28a_discovery_factory_batch_runner/stage28a_exact_trades.csv,calendar_time_risk_proxy_v1,calendar_keep_tue_wed_thu_h13_tp06_sl065,-2.4816750000000867,-3.5316750000000865,-4.231675000000086,0,0,0,1,3.5316750000000865,6.660000000000082,19.40000000000009,0.5649484536082466,16.24000000000001,0.3663793103448302,5.650000000000091,5.305000000000007,0.964,-1.0,,,13,1,1.0,2023
2023-01-04 13:00:00+00:00|1.0|calendar_keep_tue_wed_thu_h13_tp06_sl065,2023-01-04 13:00:00+00:00,STAGE28A,data/reports/stage28a_discovery_factory_batch_runner/stage28a_exact_trades.csv,calendar_time_risk_proxy_v1,calendar_keep_tue_wed_thu_h13_tp06_sl065,-2.2271999999999026,-3.2771999999999024,-3.977199999999902,0,0,0,1,3.2771999999999024,26.210000000000036,12.019999999999982,0.8460898502495914,20.410000000000082,0.5982361587457122,3.9200000000000728,4.726000000000011,0.76,1.0,,,13,2,1.0,2023
2023-01-05 13:00:00+00:00|-1.0|calendar_keep_tue_wed_thu_h13_tp06_sl065,2023-01-05 13:00:00+00:00,STAGE28A,data/reports/stage28a_discovery_factory_batch_runner/stage28a_exact_trades.csv,calendar_time_risk_proxy_v1,calendar_keep_tue_wed_thu_h13_tp06_sl065,1.2781000000001312,0.2281000000001314,-0.4718999999998683,1,0,1,0,0.2281000000001314,29.940000000000055,8.690000000000055,0.3107019562715798,11.779999999999973,0.25806451612902975,3.7000000000000455,4.808500000000015,0.688,-1.0,,,13,3,1.0,2023
2023-01-10 13:00:00+00:00|1.0|calendar_keep_tue_wed_thu_h13_tp06_sl065,2023-01-10 13:00:00+00:00,STAGE28A,data/reports/stage28a_discovery_factory_batch_runner/stage28a_exact_trades.csv,calendar_time_risk_proxy_v1,calendar_keep_tue_wed_thu_h13_tp06_sl065,0.8313999999999396,-0.2186000000000603,-0.91860000000006,0,0,0,0,0.2186000000000603,15.169999999999845,8.11999999999989,0.10467980295568323,6.699999999999818,0.5716417910447807,3.6400000000001,4.05599999999996,0.376,1.0,,,13,1,1.0,2023
2023-01-11 13:00:00+00:00|1.0|calendar_keep_tue_wed_thu_h13_tp06_sl065,2023-01-11 13:00:00+00:00,STAGE28A,data/reports/stage28a_discovery_factory_batch_runner/stage28a_exact_trades.csv,calendar_time_risk_proxy_v1,calendar_keep_tue_wed_thu_h13_tp06_sl065,0.8577999999999065,-0.1922000000000934,-0.8922000000000931,0,0,0,0,0.1922000000000934,12.879999999999882,6.419999999999845,0.09813084112151468,9.120000000000118,0.7565789473683963,3.3199999999999363,3.6774999999999975,0.22,1.0,,,13,2,1.0,2023
2023-01-12 13:00:00+00:00|-1.0|calendar_keep_tue_wed_thu_h13_tp06_sl065,2023-01-12 13:00:00+00:00,STAGE28A,data/reports/stage28a_discovery_factory_batch_runner/stage28a_exact_trades.csv,calendar_time_risk_proxy_v1,calendar_keep_tue_wed_thu_h13_tp06_sl065,0.5902000000000044,-0.4597999999999955,-1.1597999999999953,0,0,0,0,0.4597999999999955,19.480000000000018,10.3599999999999,0.7268339768339812,5.509999999999991,0.032667876588033384,1.9200000000000728,3.150499999999977,0.032,-1.0,,,13,3,1.0,2023
2023-01-17 13:00:00+00:00|-1.0|calendar_keep_tue_wed_thu_h13_tp06_sl065,2023-01-17 13:00:00+00:00,STAGE28A,data/reports/stage28a_discovery_factory_batch_runner/stage28a_exact_trades.csv,calendar_time_risk_proxy_v1,calendar_keep_tue_wed_thu_h13_tp06_sl065,-1.63732500000001,-2.6873250000000097,-3.387325000000009,0,0,0,0,2.6873250000000097,18.069999999999936,10.960000000000036,0.5875912408759154,9.029999999999973,0.5658914728682077,3.759999999999991,3.1420000000000075,0.028,-1.0,,,13,1,1.0,2023
2023-01-18 13:00:00+00:00|1.0|calendar_keep_tue_wed_thu_h13_tp06_sl065,2023-01-18 13:00:00+00:00,STAGE28A,data/reports/stage28a_discovery_factory_batch_runner/stage28a_exact_trades.csv,calendar_time_risk_proxy_v1,calendar_keep_tue_wed_thu_h13_tp06_sl065,1.1572000000000116,0.1072000000000117,-0.592799999999988,1,0,0,0,0.1072000000000117,15.2800000000002,13.089999999999918,0.7097020626432408,19.339999999999918,0.7699069286453032,3.7200000000000273,4.592999999999972,0.476,1.0,,,13,2,1.0,2023
2023-01-19 13:00:00+00:00|1.0|calendar_keep_tue_wed_thu_h13_tp06_sl065,2023-01-19 13:00:00+00:00,STAGE28A,data/reports/stage28a_discovery_factory_batch_runner/stage28a_exact_trades.csv,calendar_time_risk_proxy_v1,calendar_keep_tue_wed_thu_h13_tp06_sl065,-1.7939749999999095,-2.8439749999999093,-3.543974999999909,0,0,0,0,2.8439749999999093,29.269999999999982,9.970000000000027,0.29388164493481,10.379999999999882,0.023121387283238135,3.800000000000182,4.57049999999997,0.464,1.0,,,13,3,1.0,2023
2023-01-24 13:00:00+00:00|1.0|calendar_keep_tue_wed_thu_h13_tp06_sl065,2023-01-24 13:00:00+00:00,STAGE28A,data/reports/stage28a_discovery_factory_batch_runner/stage28a_exact_trades.csv,calendar_time_risk_proxy_v1,calendar_keep_tue_wed_thu_h13_tp06_sl065,0.9618999999999231,-0.0881000000000766,-0.7881000000000764,0,0,0,0,0.0881000000000766,24.169999999999845,6.519999999999982,0.21012269938648692,9.960000000000036,0.5672690763052051,4.179999999999836,4.219499999999982,0.312,1.0,,,13,1,1.0,2023
2023-01-25 13:00:00+00:00|-1.0|calendar_keep_tue_wed_thu_h13_tp06_sl065,2023-01-25 13:00:00+00:00,STAGE28A,data/reports/stage28a_discovery_factory_batch_runner/stage28a_exact_trades.csv,calendar_time_risk_proxy_v1,calendar_keep_tue_wed_thu_h13_tp06_sl065,1.1385999999999057,0.0885999999999058,-0.6114000000000939,1,0,0,0,0.0885999999999058,25.36999999999989,11.950000000000045,0.7104602510460232,11.019999999999982,0.2676950998184957,5.7800000000002,4.73599999999999,0.588,-1.0,,,13,2,1.0,2023
2023-01-26 13:00:00+00:00|-1.0|calendar_keep_tue_wed_thu_h13_tp06_sl065,2023-01-26 13:00:00+00:00,STAGE28A,data/reports/stage28a_discovery_factory_batch_runner/stage28a_exact_trades.csv,calendar_time_risk_proxy_v1,calendar_keep_tue_wed_thu_h13_tp06_sl065,1.187800000000061,0.1378000000000612,-0.5621999999999385,1,0,0,0,0.1378000000000612,28.659999999999854,6.610000000000127,0.2632375189107376,15.129999999999882,0.6549900859220198,2.0299999999999727,4.674000000000001,0.468,-1.0,,,13,3,1.0,2023
2023-01-31 13:00:00+00:00|-1.0|calendar_keep_tue_wed_thu_h13_tp06_sl065,2023-01-31 13:00:00+00:00,STAGE28A,data/reports/stage28a_discovery_factory_batch_runner/stage28a_exact_trades.csv,calendar_time_risk_proxy_v1,calendar_keep_tue_wed_thu_h13_tp06_sl065,1.0702000000000225,0.0202000000000226,-0.6797999999999771,1,0,0,0,0.0202000000000226,13.839999999999918,8.539999999999964,0.2412177985948424,19.180000000000064,0.7987486965589214,3.8500000000001364,3.6990000000000123,0.06,-1.0,,,13,1,1.0,2023
2023-02-01 13:00:00+00:00|-1.0|calendar_keep_tue_wed_thu_h13_tp06_sl065,2023-02-01 13:00:00+00:00,STAGE28A,data/reports/stage28a_discovery_factory_batch_runner/stage28a_exact_trades.csv,calendar_time_risk_proxy_v1,calendar_keep_tue_wed_thu_h13_tp06_sl065,0.6817000000000007,-0.3682999999999992,-1.068299999999999,0,0,0,0,0.3682999999999992,30.279999999999973,4.25,0.3764705882353262,5.929999999999836,0.11973018549747994,3.509999999999991,2.965499999999963,0.004,-1.0,,,13,2,2.0,2023
2023-02-02 13:00:00+00:00|1.0|calendar_keep_tue_wed_thu_h13_tp06_sl065,2023-02-02 13:00:00+00:00,STAGE28A,data/reports/stage28a_discovery_factory_batch_runner/stage28a_exact_trades.csv,calendar_time_risk_proxy_v1,calendar_keep_tue_wed_thu_h13_tp06_sl065,1.1716000000000348,0.121600000000035,-0.5783999999999647,1,0,0,0,0.121600000000035,33.47000000000003,7.100000000000136,0.0408450704225293,8.519999999999982,0.08098591549296433,5.6599999999998545,6.189000000000021,0.968,1.0,,,13,3,2.0,2023
2023-02-07 13:00:00+00:00|1.0|calendar_keep_tue_wed_thu_h13_tp06_sl065,2023-02-07 13:00:00+00:00,STAGE28A,data/reports/stage28a_discovery_factory_batch_runner/stage28a_exact_trades.csv,calendar_time_risk_proxy_v1,calendar_keep_tue_wed_thu_h13_tp06_sl065,-2.0257000000000063,-3.075700000000006,-3.775700000000006,0,0,0,1,3.075700000000006,21.3900000000001,8.75,0.5234285714285631,6.900000000000091,0.17536231884054973,3.6799999999998363,4.125499999999977,0.16,1.0,,,13,1,2.0,2023
2023-02-08 13:00:00+00:00|1.0|calendar_keep_tue_wed_thu_h13_tp06_sl065,2023-02-08 13:00:00+00:00,STAGE28A,data/reports/stage28a_discovery_factory_batch_runner/stage28a_exact_trades.csv,calendar_time_risk_proxy_v1,calendar_keep_tue_wed_thu_h13_tp06_sl065,1.4019999999999526,0.3519999999999528,-0.3480000000000469,1,0,1,0,0.3519999999999528,19.3599999999999,7.039999999999964,0.6022727272727316,13.2199999999998,0.2798789712556809,7.430000000000064,6.410499999999968,0.864,1.0,,,13,2,2.0,2023
2023-02-09 13:00:00+00:00|1.0|calendar_keep_tue_wed_thu_h13_tp06_sl065,2023-02-09 13:00:00+00:00,STAGE28A,data/reports/stage28a_discovery_factory_batch_runner/stage28a_exact_trades.csv,calendar_time_risk_proxy_v1,calendar_keep_tue_wed_thu_h13_tp06_sl065,1.062700000000086,0.0127000000000863,-0.6872999999999134,1,0,0,0,0.0127000000000863,17.3599999999999,8.25,0.5478787878787856,9.329999999999927,0.663451232583052,5.129999999999882,3.5294999999999845,0.036,1.0,,,13,3,2.0,2023
2023-02-14 13:00:00+00:00|1.0|calendar_keep_tue_wed_thu_h13_tp06_sl065,2023-02-14 13:00:00+00:00,STAGE28A,data/reports/stage28a_discovery_factory_batch_runner/stage28a_exact_trades.csv,calendar_time_risk_proxy_v1,calendar_keep_tue_wed_thu_h13_tp06_sl065,1.0086999999999988,-0.041300000000001,-0.7413000000000007,0,0,0,0,0.041300000000001,16.13000000000011,6.519999999999982,0.5920245398773218,7.099999999999909,0.12394366197181592,4.0,3.477499999999998,0.036,1.0,,,13,1,2.0,2023
2023-02-15 13:00:00+00:00|-1.0|calendar_keep_tue_wed_thu_h13_tp06_sl065,2023-02-15 13:00:00+00:00,STAGE28A,data/reports/stage28a_discovery_factory_batch_runner/stage28a_exact_trades.csv,calendar_time_risk_proxy_v1,calendar_keep_tue_wed_thu_h13_tp06_sl065,-2.3481000000000223,-3.398100000000022,-4.098100000000022,0,0,0,1,3.398100000000022,27.169999999999845,13.559999999999945,0.5243362831858355,16.019999999999982,0.7771535580524381,3.9500000000000455,5.293000000000006,0.48,-1.0,,,13,2,2.0,2023
2023-02-16 13:00:00+00:00|-1.0|calendar_keep_tue_wed_thu_h13_tp06_sl065,2023-02-16 13:00:00+00:00,STAGE28A,data/reports/stage28a_discovery_factory_batch_runner/stage28a_exact_trades.csv,calendar_time_risk_proxy_v1,calendar_keep_tue_wed_thu_h13_tp06_sl065,1.0048000000000683,-0.0451999999999315,-0.7451999999999313,0,0,0,0,0.0451999999999315,29.50999999999999,8.169999999999845,0.3659730722154303,10.549999999999955,0.1184834123222754,3.7999999999999545,4.165999999999985,0.168,-1.0,,,13,3,2.0,2023
2023-02-21 13:00:00+00:00|-1.0|calendar_keep_tue_wed_thu_h13_tp06_sl065,2023-02-21 13:00:00+00:00,STAGE28A,data/reports/stage28a_discovery_factory_batch_runner/stage28a_exact_trades.csv,calendar_time_risk_proxy_v1,calendar_keep_tue_wed_thu_h13_tp06_sl065,-1.8053499999999527,-2.855349999999953,-3.5553499999999527,0,0,0,0,2.855349999999953,10.169999999999845,6.710000000000036,0.3859910581222253,8.680000000000064,0.6831797235022803,4.170000000000073,2.790499999999986,0.056,-1.0,,,13,1,2.0,2023
2023-02-22 13:00:00+00:00|-1.0|calendar_keep_tue_wed_thu_h13_tp06_sl065,2023-02-22 13:00:00+00:00,STAGE28A,data/reports/stage28a_discovery_factory_batch_runner/stage28a_exact_trades.csv,calendar_time_risk_proxy_v1,calendar_keep_tue_wed_thu_h13_tp06_sl065,0.908199999999988,-0.1418000000000119,-0.8418000000000117,0,0,0,0,0.1418000000000119,13.599999999999909,4.370000000000118,0.21967963386727926,9.069999999999936,0.34399117971335613,2.6299999999998818,3.536500000000012,0.124,-1.0,,,13,2,2.0,2023
2023-02-23 13:00:00+00:00|-1.0|calendar_keep_tue_wed_thu_h13_tp06_sl065,2023-02-23 13:00:00+00:00,STAGE28A,data/reports/stage28a_discovery_factory_batch_runner/stage28a_exact_trades.csv,calendar_time_risk_proxy_v1,calendar_keep_tue_wed_thu_h13_tp06_sl065,-1.572974999999906,-2.6229749999999057,-3.3229749999999054,0,0,0,0,2.6229749999999057,22.430000000000064,7.279999999999973,0.6565934065934053,9.3900000000001,0.3588924387646278,2.900000000000091,3.769500000000005,0.2,-1.0,,,13,3,2.0,2023
2023-02-28 13:00:00+00:00|-1.0|calendar_keep_tue_wed_thu_h13_tp06_sl065,2023-02-28 13:00:00+00:00,STAGE28A,data/reports/stage28a_discovery_factory_batch_runner/stage28a_exact_trades.csv,calendar_time_risk_proxy_v1,calendar_keep_tue_wed_thu_h13_tp06_sl065,1.0776999999999588,0.0276999999999589,-0.6723000000000408,1,0,0,0,0.0276999999999589,13.549999999999955,5.6099999999999,0.5008912655971877,12.400000000000091,0.438709677419356,3.6800000000000637,3.311500000000012,0.164,-1.0,,,13,1,2.0,2023
2023-03-01 13:00:00+00:00|1.0|calendar_keep_tue_wed_thu_h13_tp06_sl065,2023-03-01 13:00:00+00:00,STAGE28A,data/reports/stage28a_discovery_factory_batch_runner/stage28a_exact_trades.csv,calendar_time_risk_proxy_v1,calendar_keep_tue_wed_thu_h13_tp06_sl065,1.0014999999999872,-0.0485000000000126,-0.7485000000000124,0,0,0,0,0.0485000000000126,26.559999999999945,8.710000000000036,0.5051664753157373,8.179999999999836,0.6002444987775003,4.190000000000055,3.8149999999999524,0.38,1.0,,,13,2,3.0,2023
2023-03-02 13:00:00+00:00|-1.0|calendar_keep_tue_wed_thu_h13_tp06_sl065,2023-03-02 13:00:00+00:00,STAGE28A,data/reports/stage28a_discovery_factory_batch_runner/stage28a_exact_trades.csv,calendar_time_risk_proxy_v1,calendar_keep_tue_wed_thu_h13_tp06_sl065,-1.6045000000000074,-2.654500000000007,-3.354500000000007,0,0,0,0,2.654500000000007,21.450000000000045,7.440000000000055,0.29301075268817844,5.220000000000027,0.5363984674329387,2.2200000000000273,3.3319999999999936,0.184,-1.0,,,13,3,3.0,2023
2023-03-07 13:00:00+00:00|-1.0|calendar_keep_tue_wed_thu_h13_tp06_sl065,2023-03-07 13:00:00+00:00,STAGE28A,data/reports/stage28a_discovery_factory_batch_runner/stage28a_exact_trades.csv,calendar_time_risk_proxy_v1,calendar_keep_tue_wed_thu_h13_tp06_sl065,0.6600999999999658,-0.3899000000000341,-1.0899000000000338,0,0,0,0,0.3899000000000341,13.160000000000082,6.430000000000064,0.16329704510107995,8.940000000000055,0.4798657718120735,1.650000000000091,2.8590000000000373,0.06,-1.0,,,13,1,3.0,2023
2023-03-08 13:00:00+00:00|1.0|calendar_keep_tue_wed_thu_h13_tp06_sl065,2023-03-08 13:00:00+00:00,STAGE28A,data/reports/stage28a_discovery_factory_batch_runner/stage28a_exact_trades.csv,calendar_time_risk_proxy_v1,calendar_keep_tue_wed_thu_h13_tp06_sl065,-1.370825000000059,-2.420825000000059,-3.1208250000000586,0,0,0,0,2.420825000000059,38.899999999999864,5.070000000000164,0.4773175542406301,4.800000000000182,0.5312499999999704,2.4300000000000637,3.313000000000045,0.2,1.0,,,13,2,3.0,2023
2023-03-09 13:00:00+00:00|1.0|calendar_keep_tue_wed_thu_h13_tp06_sl065,2023-03-09 13:00:00+00:00,STAGE28A,data/reports/stage28a_discovery_factory_batch_runner/stage28a_exact_trades.csv,calendar_time_risk_proxy_v1,calendar_keep_tue_wed_thu_h13_tp06_sl065,-1.37537499999994,-2.42537499999994,-3.12537499999994,0,0,0,0,2.42537499999994,14.860000000000127,4.480000000000018,0.20535714285715825,6.339999999999918,0.5883280757097896,1.6800000000000637,2.8404999999999974,0.036,1.0,,,13,3,3.0,2023
2023-03-14 13:00:00+00:00|-1.0|calendar_keep_tue_wed_thu_h13_tp06_sl065,2023-03-14 13:00:00+00:00,STAGE28A,data/reports/stage28a_discovery_factory_batch_runner/stage28a_exact_trades.csv,calendar_time_risk_proxy_v1,calendar_keep_tue_wed_thu_h13_tp06_sl065,-2.383200000000079,-3.433200000000079,-4.133200000000079,0,0,0,1,3.433200000000079,43.12999999999988,12.549999999999955,0.7274900398406307,12.61999999999989,0.03328050713152528,3.769999999999982,5.18850000000001,0.828,-1.0,,,13,1,3.0,2023
2023-03-15 13:00:00+00:00|-1.0|calendar_keep_tue_wed_thu_h13_tp06_sl065,2023-03-15 13:00:00+00:00,STAGE28A,data/reports/stage28a_discovery_factory_batch_runner/stage28a_exact_trades.csv,calendar_time_risk_proxy_v1,calendar_keep_tue_wed_thu_h13_tp06_sl065,-2.9178250000000845,-3.967825000000084,-4.667825000000084,0,0,0,1,3.967825000000084,18.75,5.6599999999998545,0.24558303886924177,24.029999999999973,0.28381190178942756,13.539999999999964,4.8125,0.74,-1.0,,,13,2,3.0,2023
2023-03-16 13:00:00+00:00|1.0|calendar_keep_tue_wed_thu_h13_tp06_sl065,2023-03-16 13:00:00+00:00,STAGE28A,data/reports/stage28a_discovery_factory_batch_runner/stage28a_exact_trades.csv,calendar_time_risk_proxy_v1,calendar_keep_tue_wed_thu_h13_tp06_sl065,-2.4514500000001136,-3.5014500000001134,-4.201450000000113,0,0,0,1,3.5014500000001134,51.57999999999993,16.930000000000064,0.24453632604843972,10.720000000000027,0.868470149253724,4.350000000000136,6.749499999999989,0.788,1.0,,,13,3,3.0,2023
2023-03-21 13:00:00+00:00|-1.0|calendar_keep_tue_wed_thu_h13_tp06_sl065,2023-03-21 13:00:00+00:00,STAGE28A,data/reports/stage28a_discovery_factory_batch_runner/stage28a_exact_trades.csv,calendar_time_risk_proxy_v1,calendar_keep_tue_wed_thu_h13_tp06_sl065,1.7377000000000409,0.6877000000000408,-0.0122999999999589,1,0,1,0,0.6877000000000408,43.950000000000045,9.779999999999973,0.33742331288343186,20.310000000000173,0.6233382570162357,5.069999999999936,5.340999999999974,0.44,-1.0,,,13,1,3.0,2023
2023-03-22 13:00:00+00:00|1.0|calendar_keep_tue_wed_thu_h13_tp06_sl065,2023-03-22 13:00:00+00:00,STAGE28A,data/reports/stage28a_discovery_factory_batch_runner/stage28a_exact_trades.csv,calendar_time_risk_proxy_v1,calendar_keep_tue_wed_thu_h13_tp06_sl065,-2.249625000000014,-3.2996250000000145,-3.999625000000014,0,0,0,1,3.2996250000000145,49.75,8.330000000000155,0.03121248499399593,11.389999999999873,0.2906057945566271,5.069999999999936,4.805000000000052,0.28,1.0,,,13,2,3.0,2023
2023-03-23 13:00:00+00:00|1.0|calendar_keep_tue_wed_thu_h13_tp06_sl065,2023-03-23 13:00:00+00:00,STAGE28A,data/reports/stage28a_discovery_factory_batch_runner/stage28a_exact_trades.csv,calendar_time_risk_proxy_v1,calendar_keep_tue_wed_thu_h13_tp06_sl065,1.653099999999904,0.603099999999904,-0.0969000000000956,1,0,1,0,0.603099999999904,44.49000000000001,13.700000000000045,0.5751824817518143,9.3599999999999,0.01816239316240113,4.4099999999998545,7.595999999999992,0.66,1.0,,,13,3,3.0,2023
2023-03-28 13:00:00+00:00|-1.0|calendar_keep_tue_wed_thu_h13_tp06_sl065,2023-03-28 13:00:00+00:00,STAGE28A,data/reports/stage28a_discovery_factory_batch_runner/stage28a_exact_trades.csv,calendar_time_risk_proxy_v1,calendar_keep_tue_wed_thu_h13_tp06_sl065,-2.1667499999999564,-3.2167499999999563,-3.916749999999956,0,0,0,1,3.2167499999999563,35.899999999999864,8.460000000000036,0.280141843971644,11.63000000000011,0.5081685296646431,4.680000000000064,4.132999999999993,0.004,-1.0,,,13,1,3.0,2023
2023-03-29 13:00:00+00:00|-1.0|calendar_keep_tue_wed_thu_h13_tp06_sl065,2023-03-29 13:00:00+00:00,STAGE28A,data/reports/stage28a_discovery_factory_batch_runner/stage28a_exact_trades.csv,calendar_time_risk_proxy_v1,calendar_keep_tue_wed_thu_h13_tp06_sl065,-1.781949999999915,-2.831949999999915,-3.531949999999915,0,0,0,0,2.831949999999915,26.100000000000136,8.519999999999982,0.7500000000000133,10.220000000000027,0.07827788649705993,3.740000000000009,3.960500000000002,0.02,-1.0,,,13,2,3.0,2023
2023-03-30 13:00:00+00:00|1.0|calendar_keep_tue_wed_thu_h13_tp06_sl065,2023-03-30 13:00:00+00:00,STAGE28A,data/reports/stage28a_discovery_factory_batch_runner/stage28a_exact_trades.csv,calendar_time_risk_proxy_v1,calendar_keep_tue_wed_thu_h13_tp06_sl065,0.9805000000000292,-0.0694999999999708,-0.7694999999999705,0,0,0,0,0.0694999999999708,15.759999999999991,9.539999999999964,0.4947589098532542,12.559999999999945,0.6162420382165639,1.6600000000000819,4.042999999999973,0.048,1.0,,,13,3,3.0,2023
2023-04-04 13:00:00+00:00|1.0|calendar_keep_tue_wed_thu_h13_tp06_sl065,2023-04-04 13:00:00+00:00,STAGE28A,data/reports/stage28a_discovery_factory_batch_runner/stage28a_exact_trades.csv,calendar_time_risk_proxy_v1,calendar_keep_tue_wed_thu_h13_tp06_sl065,0.87849999999994,-0.1715000000000599,-0.8715000000000597,0,0,0,0,0.1715000000000599,40.72000000000003,7.680000000000064,0.7552083333333508,7.259999999999991,0.6680440771350059,3.6200000000001182,4.161000000000013,0.124,1.0,,,13,1,4.0,2023
2023-04-05 13:00:00+00:00|1.0|calendar_keep_tue_wed_thu_h13_tp06_sl065,2023-04-05 13:00:00+00:00,STAGE28A,data/reports/stage28a_discovery_factory_batch_runner/stage28a_exact_trades.csv,calendar_time_risk_proxy_v1,calendar_keep_tue_wed_thu_h13_tp06_sl065,-1.753350000000046,-2.8033500000000457,-3.503350000000045,0,0,0,0,2.8033500000000457,48.01999999999998,5.910000000000082,0.4027072758037354,6.6099999999999,0.22541603630862808,3.369999999999891,4.895500000000027,0.416,1.0,,,13,2,4.0,2023
2023-04-06 13:00:00+00:00|1.0|calendar_keep_tue_wed_thu_h13_tp06_sl065,2023-04-06 13:00:00+00:00,STAGE28A,data/reports/stage28a_discovery_factory_batch_runner/stage28a_exact_trades.csv,calendar_time_risk_proxy_v1,calendar_keep_tue_wed_thu_h13_tp06_sl065,0.9708999999999378,-0.0791000000000621,-0.7791000000000619,0,0,0,0,0.0791000000000621,22.069999999999936,13.549999999999955,0.6664206642066423,9.879999999999882,0.8289473684210681,3.259999999999991,4.436500000000012,0.276,1.0,,,13,3,4.0,2023
2023-04-11 13:00:00+00:00|1.0|calendar_keep_tue_wed_thu_h13_tp06_sl065,2023-04-11 13:00:00+00:00,STAGE28A,data/reports/stage28a_discovery_factory_batch_runner/stage28a_exact_trades.csv,calendar_time_risk_proxy_v1,calendar_keep_tue_wed_thu_h13_tp06_sl065,0.9661000000000058,-0.083899999999994,-0.7838999999999938,0,0,0,0,0.083899999999994,24.860000000000127,9.349999999999909,0.6588235294117799,10.100000000000136,0.6920792079207836,2.8599999999999,3.5599999999999796,0.036,1.0,,,13,1,4.0,2023
2023-04-12 13:00:00+00:00|-1.0|calendar_keep_tue_wed_thu_h13_tp06_sl065,2023-04-12 13:00:00+00:00,STAGE28A,data/reports/stage28a_discovery_factory_batch_runner/stage28a_exact_trades.csv,calendar_time_risk_proxy_v1,calendar_keep_tue_wed_thu_h13_tp06_sl065,0.8829999999999473,-0.1670000000000526,-0.8670000000000524,0,0,0,0,0.1670000000000526,18.610000000000127,16.36999999999989,0.8173488087965912,12.539999999999964,0.4976076555023945,3.0,3.838499999999965,0.152,-1.0,,,13,2,4.0,2023
2023-04-13 13:00:00+00:00|1.0|calendar_keep_tue_wed_thu_h13_tp06_sl065,2023-04-13 13:00:00+00:00,STAGE28A,data/reports/stage28a_discovery_factory_batch_runner/stage28a_exact_trades.csv,calendar_time_risk_proxy_v1,calendar_keep_tue_wed_thu_h13_tp06_sl065,-1.7754499999999551,-2.825449999999955,-3.525449999999955,0,0,0,0,2.825449999999955,27.13000000000011,6.1400000000001,0.3697068403908705,13.950000000000045,0.6566308243727635,2.9199999999998454,4.161999999999978,0.308,1.0,,,13,3,4.0,2023
2023-04-18 13:00:00+00:00|1.0|calendar_keep_tue_wed_thu_h13_tp06_sl065,2023-04-18 13:00:00+00:00,STAGE28A,data/reports/stage28a_discovery_factory_batch_runner/stage28a_exact_trades.csv,calendar_time_risk_proxy_v1,calendar_keep_tue_wed_thu_h13_tp06_sl065,1.019799999999941,-0.0302000000000588,-0.7302000000000586,0,0,0,0,0.0302000000000588,33.8900000000001,8.5,0.6588235294117808,8.699999999999818,0.10919540229885809,5.029999999999973,4.1374999999999655,0.208,1.0,,,13,1,4.0,2023
2023-04-19 13:00:00+00:00|-1.0|calendar_keep_tue_wed_thu_h13_tp06_sl065,2023-04-19 13:00:00+00:00,STAGE28A,data/reports/stage28a_discovery_factory_batch_runner/stage28a_exact_trades.csv,calendar_time_risk_proxy_v1,calendar_keep_tue_wed_thu_h13_tp06_sl065,-2.968199999999888,-4.018199999999888,-4.718199999999888,0,0,0,1,4.018199999999888,20.6099999999999,6.189999999999827,0.34087237479809146,31.710000000000036,0.9274676758120481,7.639999999999873,4.9204999999999925,0.476,-1.0,,,13,2,4.0,2023
2023-04-20 13:00:00+00:00|1.0|calendar_keep_tue_wed_thu_h13_tp06_sl065,2023-04-20 13:00:00+00:00,STAGE28A,data/reports/stage28a_discovery_factory_batch_runner/stage28a_exact_trades.csv,calendar_time_risk_proxy_v1,calendar_keep_tue_wed_thu_h13_tp06_sl065,1.2103000000000974,0.1603000000000976,-0.5396999999999021,1,0,1,0,0.1603000000000976,38.95999999999981,8.179999999999836,0.20904645476773479,9.779999999999973,0.6932515337423304,7.809999999999945,4.066000000000019,0.2,1.0,,,13,3,4.0,2023
2023-04-25 13:00:00+00:00|-1.0|calendar_keep_tue_wed_thu_h13_tp06_sl065,2023-04-25 13:00:00+00:00,STAGE28A,data/reports/stage28a_discovery_factory_batch_runner/stage28a_exact_trades.csv,calendar_time_risk_proxy_v1,calendar_keep_tue_wed_thu_h13_tp06_sl065,1.202500000000009,0.1525000000000091,-0.5474999999999905,1,0,1,0,0.1525000000000091,18.579999999999927,12.269999999999982,0.013039934800332689,10.289999999999964,0.4528668610301359,3.839999999999918,4.624499999999978,0.412,-1.0,,,13,1,4.0,2023
2023-04-26 13:00:00+00:00|1.0|calendar_keep_tue_wed_thu_h13_tp06_sl065,2023-04-26 13:00:00+00:00,STAGE28A,data/reports/stage28a_discovery_factory_batch_runner/stage28a_exact_trades.csv,calendar_time_risk_proxy_v1,calendar_keep_tue_wed_thu_h13_tp06_sl065,0.9420999999998912,-0.1079000000001086,-0.8079000000001084,0,0,0,0,0.1079000000001086,27.710000000000036,9.230000000000018,0.37811484290357555,6.069999999999936,0.7726523887973812,3.119999999999891,4.515499999999986,0.262,1.0,,,13,2,4.0,2023
2023-04-27 13:00:00+00:00|-1.0|calendar_keep_tue_wed_thu_h13_tp06_sl065,2023-04-27 13:00:00+00:00,STAGE28A,data/reports/stage28a_discovery_factory_batch_runner/stage28a_exact_trades.csv,calendar_time_risk_proxy_v1,calendar_keep_tue_wed_thu_h13_tp06_sl065,1.0485999999999875,-0.0014000000000122,-0.701400000000012,0,0,0,0,0.0014000000000122,25.920000000000073,11.960000000000036,0.8127090301003342,6.400000000000091,0.44687499999997804,3.1099999999999,4.386000000000024,0.18,-1.0,,,13,3,4.0,2023
2023-05-02 13:00:00+00:00|-1.0|calendar_keep_tue_wed_thu_h13_tp06_sl065,2023-05-02 13:00:00+00:00,STAGE28A,data/reports/stage28a_discovery_factory_batch_runner/stage28a_exact_trades.csv,calendar_time_risk_proxy_v1,calendar_keep_tue_wed_thu_h13_tp06_sl065,0.933100000000104,-0.1168999999998958,-0.8168999999998956,0,0,0,0,0.1168999999998958,28.960000000000036,4.459999999999809,0.12556053811658507,7.899999999999864,0.25949367088607467,5.7999999999999545,3.559499999999969,0.032,-1.0,,,13,1,5.0,2023
2023-05-03 13:00:00+00:00|-1.0|calendar_keep_tue_wed_thu_h13_tp06_sl065,2023-05-03 13:00:00+00:00,STAGE28A,data/reports/stage28a_discovery_factory_batch_runner/stage28a_exact_trades.csv,calendar_time_risk_proxy_v1,calendar_keep_tue_wed_thu_h13_tp06_sl065,-1.4260749999999462,-2.476074999999946,-3.176074999999946,0,0,0,0,2.476074999999946,40.909999999999854,4.5300000000002,0.6247240618101109,6.770000000000209,0.20531757754798075,2.1800000000000637,4.468499999999994,0.252,-1.0,,,13,2,5.0,2023
2023-05-04 13:00:00+00:00|-1.0|calendar_keep_tue_wed_thu_h13_tp06_sl065,2023-05-04 13:00:00+00:00,STAGE28A,data/reports/stage28a_discovery_factory_batch_runner/stage28a_exact_trades.csv,calendar_time_risk_proxy_v1,calendar_keep_tue_wed_thu_h13_tp06_sl065,1.3593999999999595,0.3093999999999597,-0.39060000000004,1,0,1,0,0.3093999999999597,50.37000000000012,39.94999999999982,0.3902377972465636,14.970000000000027,0.2077488309953169,4.800000000000182,9.180500000000029,0.988,-1.0,,,13,3,5.0,2023
2023-05-09 13:00:00+00:00|1.0|calendar_keep_tue_wed_thu_h13_tp06_sl065,2023-05-09 13:00:00+00:00,STAGE28A,data/reports/stage28a_discovery_factory_batch_runner/stage28a_exact_trades.csv,calendar_time_risk_proxy_v1,calendar_keep_tue_wed_thu_h13_tp06_sl065,0.8155000000000655,-0.2344999999999344,-0.9344999999999342,0,0,0,0,0.2344999999999344,15.129999999999882,5.400000000000091,0.4944444444444075,7.330000000000155,0.46248294679400115,3.5299999999999727,3.223000000000036,0.028,1.0,,,13,1,5.0,2023
2023-05-10 13:00:00+00:00|-1.0|calendar_keep_tue_wed_thu_h13_tp06_sl065,2023-05-10 13:00:00+00:00,STAGE28A,data/reports/stage28a_discovery_factory_batch_runner/stage28a_exact_trades.csv,calendar_time_risk_proxy_v1,calendar_keep_tue_wed_thu_h13_tp06_sl065,-1.6006000000000769,-2.6506000000000767,-3.3506000000000764,0,0,0,0,2.6506000000000767,18.029999999999973,7.679999999999836,0.5572916666667046,6.680000000000064,0.39371257485027794,2.0,3.263000000000011,0.052,-1.0,,,13,2,5.0,2023
2023-05-11 13:00:00+00:00|-1.0|calendar_keep_tue_wed_thu_h13_tp06_sl065,2023-05-11 13:00:00+00:00,STAGE28A,data/reports/stage28a_discovery_factory_batch_runner/stage28a_exact_trades.csv,calendar_time_risk_proxy_v1,calendar_keep_tue_wed_thu_h13_tp06_sl065,1.2196000000000369,0.1696000000000368,-0.5303999999999629,1,0,1,0,0.1696000000000368,26.679999999999836,7.099999999999909,0.10563380281690277,11.410000000000082,0.47414548641542886,6.420000000000073,4.1474999999999795,0.308,-1.0,,,13,3,5.0,2023
2023-05-16 13:00:00+00:00|-1.0|calendar_keep_tue_wed_thu_h13_tp06_sl065,2023-05-16 13:00:00+00:00,STAGE28A,data/reports/stage28a_discovery_factory_batch_runner/stage28a_exact_trades.csv,calendar_time_risk_proxy_v1,calendar_keep_tue_wed_thu_h13_tp06_sl065,0.9205000000000836,-0.1294999999999162,-0.829499999999916,0,0,0,0,0.1294999999999162,15.009999999999991,4.600000000000136,0.21521739130434342,15.0,0.49066666666666,1.4200000000000728,3.2670000000000186,0.064,-1.0,,,13,1,5.0,2023
2023-05-17 13:00:00+00:00|-1.0|calendar_keep_tue_wed_thu_h13_tp06_sl065,2023-05-17 13:00:00+00:00,STAGE28A,data/reports/stage28a_discovery_factory_batch_runner/stage28a_exact_trades.csv,calendar_time_risk_proxy_v1,calendar_keep_tue_wed_thu_h13_tp06_sl065,0.7644999999999073,-0.2855000000000927,-0.9855000000000924,0,0,0,0,0.2855000000000927,32.789999999999964,5.0,0.25599999999999457,8.180000000000064,0.892420537897298,2.25,3.4830000000000156,0.132,-1.0,,,13,2,5.0,2023
2023-05-18 13:00:00+00:00|-1.0|calendar_keep_tue_wed_thu_h13_tp06_sl065,2023-05-18 13:00:00+00:00,STAGE28A,data/reports/stage28a_discovery_factory_batch_runner/stage28a_exact_trades.csv,calendar_time_risk_proxy_v1,calendar_keep_tue_wed_thu_h13_tp06_sl065,0.9226000000000112,-0.1273999999999886,-0.8273999999999884,0,0,0,0,0.1273999999999886,17.950000000000045,5.4099999999998545,0.13308687615523462,10.519999999999982,0.4591254752851866,2.910000000000082,3.3850000000000136,0.104,-1.0,,,13,3,5.0,2023
2023-05-23 13:00:00+00:00|-1.0|calendar_keep_tue_wed_thu_h13_tp06_sl065,2023-05-23 13:00:00+00:00,STAGE28A,data/reports/stage28a_discovery_factory_batch_runner/stage28a_exact_trades.csv,calendar_time_risk_proxy_v1,calendar_keep_tue_wed_thu_h13_tp06_sl065,-1.910649999999896,-2.960649999999896,-3.660649999999896,0,0,0,0,2.960649999999896,13.670000000000073,12.319999999999936,0.6915584415584437,10.339999999999918,0.5483558994197406,4.3900000000001,4.175499999999988,0.504,-1.0,,,13,1,5.0,2023
2023-05-24 13:00:00+00:00|-1.0|calendar_keep_tue_wed_thu_h13_tp06_sl065,2023-05-24 13:00:00+00:00,STAGE28A,data/reports/stage28a_discovery_factory_batch_runner/stage28a_exact_trades.csv,calendar_time_risk_proxy_v1,calendar_keep_tue_wed_thu_h13_tp06_sl065,-2.011399999999958,-3.0613999999999577,-3.761399999999957,0,0,0,0,3.0613999999999577,23.449999999999818,4.529999999999973,0.0883002207505223,9.820000000000164,0.036659877800396534,3.199999999999818,3.878999999999985,0.28,-1.0,,,13,2,5.0,2023
2023-05-25 13:00:00+00:00|1.0|calendar_keep_tue_wed_thu_h13_tp06_sl065,2023-05-25 13:00:00+00:00,STAGE28A,data/reports/stage28a_discovery_factory_batch_runner/stage28a_exact_trades.csv,calendar_time_risk_proxy_v1,calendar_keep_tue_wed_thu_h13_tp06_sl065,0.84399999999996,-0.2060000000000399,-0.9060000000000396,0,0,0,0,0.2060000000000399,28.560000000000173,6.789999999999964,0.5729013254786629,9.850000000000136,0.39187817258884,3.509999999999991,4.429500000000007,0.536,1.0,,,13,3,5.0,2023
2023-05-30 13:00:00+00:00|1.0|calendar_keep_tue_wed_thu_h13_tp06_sl065,2023-05-30 13:00:00+00:00,STAGE28A,data/reports/stage28a_discovery_factory_batch_runner/stage28a_exact_trades.csv,calendar_time_risk_proxy_v1,calendar_keep_tue_wed_thu_h13_tp06_sl065,-2.4205749999999626,-3.4705749999999624,-4.170574999999962,0,0,0,1,3.4705749999999624,9.490000000000009,7.379999999999882,0.4878048780488068,21.039999999999964,0.6416349809885943,10.600000000000136,3.56099999999999,0.18,1.0,,,13,1,5.0,2023
2023-05-31 13:00:00+00:00|-1.0|calendar_keep_tue_wed_thu_h13_tp06_sl065,2023-05-31 13:00:00+00:00,STAGE28A,data/reports/stage28a_discovery_factory_batch_runner/stage28a_exact_trades.csv,calendar_time_risk_proxy_v1,calendar_keep_tue_wed_thu_h13_tp06_sl065,1.125400000000036,0.0754000000000361,-0.6245999999999636,1,0,0,0,0.0754000000000361,31.529999999999973,6.8400000000001455,0.07748538011695343,10.319999999999936,0.06395348837210135,5.139999999999873,3.6284999999999967,0.176,-1.0,,,13,2,5.0,2023
2023-06-01 13:00:00+00:00|-1.0|calendar_keep_tue_wed_thu_h13_tp06_sl065,2023-06-01 13:00:00+00:00,STAGE28A,data/reports/stage28a_discovery_factory_batch_runner/stage28a_exact_trades.csv,calendar_time_risk_proxy_v1,calendar_keep_tue_wed_thu_h13_tp06_sl065,-1.5151249999999892,-2.565124999999989,-3.2651249999999887,0,0,0,0,2.565124999999989,21.13000000000011,5.470000000000027,0.40036563071298786,12.440000000000055,0.31511254019291224,5.370000000000118,4.007000000000028,0.324,-1.0,,,13,3,6.0,2023
2023-06-06 13:00:00+00:00|1.0|calendar_keep_tue_wed_thu_h13_tp06_sl065,2023-06-06 13:00:00+00:00,STAGE28A,data/reports/stage28a_discovery_factory_batch_runner/stage28a_exact_trades.csv,calendar_time_risk_proxy_v1,calendar_keep_tue_wed_thu_h13_tp06_sl065,0.8967999999998938,-0.1532000000001061,-0.8532000000001059,0,0,0,0,0.1532000000001061,25.87000000000012,5.519999999999982,0.5851449275362371,6.670000000000073,0.4692653673163531,3.3199999999999363,3.434999999999968,0.12,1.0,,,13,1,6.0,2023
2023-06-07 13:00:00+00:00|-1.0|calendar_keep_tue_wed_thu_h13_tp06_sl065,2023-06-07 13:00:00+00:00,STAGE28A,data/reports/stage28a_discovery_factory_batch_runner/stage28a_exact_trades.csv,calendar_time_risk_proxy_v1,calendar_keep_tue_wed_thu_h13_tp06_sl065,-1.6233499999999368,-2.6733499999999366,-3.3733499999999363,0,0,0,0,2.6733499999999366,11.980000000000018,3.9199999999998454,0.08673469387753356,10.009999999999991,0.11288711288712389,3.160000000000082,2.9924999999999953,0.092,-1.0,,,13,2,6.0,2023
2023-06-08 13:00:00+00:00|1.0|calendar_keep_tue_wed_thu_h13_tp06_sl065,2023-06-08 13:00:00+00:00,STAGE28A,data/reports/stage28a_discovery_factory_batch_runner/stage28a_exact_trades.csv,calendar_time_risk_proxy_v1,calendar_keep_tue_wed_thu_h13_tp06_sl065,0.7402000000000953,-0.3097999999999046,-1.0097999999999043,0,0,0,0,0.3097999999999046,30.329999999999927,7.440000000000055,0.5349462365591383,6.319999999999936,0.011075949367078645,2.8599999999999,4.110500000000013,0.452,1.0,,,13,3,6.0,2023
2023-06-13 13:00:00+00:00|1.0|calendar_keep_tue_wed_thu_h13_tp06_sl065,2023-06-13 13:00:00+00:00,STAGE28A,data/reports/stage28a_discovery_factory_batch_runner/stage28a_exact_trades.csv,calendar_time_risk_proxy_v1,calendar_keep_tue_wed_thu_h13_tp06_sl065,-1.449474999999984,-2.499474999999984,-3.199474999999984,0,0,0,0,2.499474999999984,17.7800000000002,6.210000000000036,0.6070853462157745,7.149999999999864,0.1706293706293777,1.900000000000091,3.1184999999999716,0.112,1.0,,,13,1,6.0,2023
2023-06-14 13:00:00+00:00|1.0|calendar_keep_tue_wed_thu_h13_tp06_sl065,2023-06-14 13:00:00+00:00,STAGE28A,data/reports/stage28a_discovery_factory_batch_runner/stage28a_exact_trades.csv,calendar_time_risk_proxy_v1,calendar_keep_tue_wed_thu_h13_tp06_sl065,-1.540149999999903,-2.590149999999903,-3.290149999999903,0,0,0,0,2.590149999999903,30.730000000000018,7.240000000000009,0.7223756906077364,7.639999999999873,0.2683246073298414,3.0399999999999636,3.581500000000017,0.256,1.0,,,13,2,6.0,2023
2023-06-15 13:00:00+00:00|-1.0|calendar_keep_tue_wed_thu_h13_tp06_sl065,2023-06-15 13:00:00+00:00,STAGE28A,data/reports/stage28a_discovery_factory_batch_runner/stage28a_exact_trades.csv,calendar_time_risk_proxy_v1,calendar_keep_tue_wed_thu_h13_tp06_sl065,-2.0611250000000383,-3.111125000000038,-3.811125000000038,0,0,0,1,3.111125000000038,20.580000000000155,12.930000000000064,0.713070378963649,10.7800000000002,0.09090909090909091,5.059999999999945,5.140999999999986,0.956,-1.0,,,13,3,6.0,2023
2023-06-20 13:00:00+00:00|1.0|calendar_keep_tue_wed_thu_h13_tp06_sl065,2023-06-20 13:00:00+00:00,STAGE28A,data/reports/stage28a_discovery_factory_batch_runner/stage28a_exact_trades.csv,calendar_time_risk_proxy_v1,calendar_keep_tue_wed_thu_h13_tp06_sl065,0.7267000000000735,-0.3232999999999264,-1.0232999999999262,0,0,0,0,0.3232999999999264,10.899999999999864,9.029999999999973,0.2159468438538263,9.8900000000001,0.2517694641051551,2.3500000000001364,2.943000000000029,0.128,1.0,,,13,1,6.0,2023
2023-06-21 13:00:00+00:00|-1.0|calendar_keep_tue_wed_thu_h13_tp06_sl065,2023-06-21 13:00:00+00:00,STAGE28A,data/reports/stage28a_discovery_factory_batch_runner/stage28a_exact_trades.csv,calendar_time_risk_proxy_v1,calendar_keep_tue_wed_thu_h13_tp06_sl065,-1.619125000000031,-2.669125000000031,-3.3691250000000306,0,0,0,0,2.669125000000031,26.99000000000001,4.149999999999864,0.10843373493977355,6.149999999999864,0.6065040650406668,3.759999999999991,2.8664999999999736,0.096,-1.0,,,13,2,6.0,2023
2023-06-22 13:00:00+00:00|-1.0|calendar_keep_tue_wed_thu_h13_tp06_sl065,2023-06-22 13:00:00+00:00,STAGE28A,data/reports/stage28a_discovery_factory_batch_runner/stage28a_exact_trades.csv,calendar_time_risk_proxy_v1,calendar_keep_tue_wed_thu_h13_tp06_sl065,0.8703999999999269,-0.179600000000073,-0.8796000000000728,0,0,0,0,0.179600000000073,20.25,3.459999999999809,0.2687861271676633,8.180000000000064,0.46210268948654565,3.230000000000018,3.4029999999999747,0.24,-1.0,,,13,3,6.0,2023
2023-06-27 13:00:00+00:00|-1.0|calendar_keep_tue_wed_thu_h13_tp06_sl065,2023-06-27 13:00:00+00:00,STAGE28A,data/reports/stage28a_discovery_factory_batch_runner/stage28a_exact_trades.csv,calendar_time_risk_proxy_v1,calendar_keep_tue_wed_thu_h13_tp06_sl065,0.5893000000000029,-0.460699999999997,-1.1606999999999967,0,0,0,0,0.460699999999997,11.819999999999936,9.349999999999909,0.4064171122994643,5.9500000000000455,0.724369747899145,1.9800000000000182,3.00150000000001,0.12,-1.0,,,13,1,6.0,2023
2023-06-28 13:00:00+00:00|-1.0|calendar_keep_tue_wed_thu_h13_tp06_sl065,2023-06-28 13:00:00+00:00,STAGE28A,data/reports/stage28a_discovery_factory_batch_runner/stage28a_exact_trades.csv,calendar_time_risk_proxy_v1,calendar_keep_tue_wed_thu_h13_tp06_sl065,0.8074000000000524,-0.2425999999999475,-0.9425999999999471,0,0,0,0,0.2425999999999475,19.659999999999854,3.949999999999818,0.05822784810127311,9.480000000000018,0.8280590717299466,4.790000000000191,3.394500000000039,0.224,-1.0,,,13,2,6.0,2023
2023-06-29 13:00:00+00:00|1.0|calendar_keep_tue_wed_thu_h13_tp06_sl065,2023-06-29 13:00:00+00:00,STAGE28A,data/reports/stage28a_discovery_factory_batch_runner/stage28a_exact_trades.csv,calendar_time_risk_proxy_v1,calendar_keep_tue_wed_thu_h13_tp06_sl065,-1.5440500000000612,-2.594050000000061,-3.2940500000000608,0,0,0,0,2.594050000000061,14.339999999999918,10.029999999999973,0.4386839481555437,5.619999999999891,0.03914590747331522,2.3600000000001273,3.148000000000002,0.188,1.0,,,13,3,6.0,2023
2023-07-04 13:00:00+00:00|1.0|calendar_keep_tue_wed_thu_h13_tp06_sl065,2023-07-04 13:00:00+00:00,STAGE28A,data/reports/stage28a_discovery_factory_batch_runner/stage28a_exact_trades.csv,calendar_time_risk_proxy_v1,calendar_keep_tue_wed_thu_h13_tp06_sl065,-1.192399999999998,-2.2423999999999977,-2.942399999999997,0,0,0,0,2.2423999999999977,20.950000000000045,3.6399999999998727,0.4807692307692476,7.9099999999998545,0.8609355246523765,2.1099999999999,2.3639999999999874,0.004,1.0,,,13,1,7.0,2023
2023-07-05 13:00:00+00:00|1.0|calendar_keep_tue_wed_thu_h13_tp06_sl065,2023-07-05 13:00:00+00:00,STAGE28A,data/reports/stage28a_discovery_factory_batch_runner/stage28a_exact_trades.csv,calendar_time_risk_proxy_v1,calendar_keep_tue_wed_thu_h13_tp06_sl065,-1.3253249999998844,-2.375324999999884,-3.075324999999884,0,0,0,0,2.375324999999884,10.940000000000055,3.9700000000000273,0.42821158690177175,8.25,0.5624242424242546,2.269999999999982,2.3440000000000283,0.084,1.0,,,13,2,7.0,2023
2023-07-06 13:00:00+00:00|-1.0|calendar_keep_tue_wed_thu_h13_tp06_sl065,2023-07-06 13:00:00+00:00,STAGE28A,data/reports/stage28a_discovery_factory_batch_runner/stage28a_exact_trades.csv,calendar_time_risk_proxy_v1,calendar_keep_tue_wed_thu_h13_tp06_sl065,0.4921000000000731,-0.5578999999999268,-1.2578999999999263,0,0,0,0,0.5578999999999268,20.289999999999964,5.2000000000000455,0.3557692307692102,5.379999999999882,0.15055762081783702,2.8900000000001,2.8044999999999844,0.132,-1.0,,,13,3,7.0,2023
2023-07-11 13:00:00+00:00|1.0|calendar_keep_tue_wed_thu_h13_tp06_sl065,2023-07-11 13:00:00+00:00,STAGE28A,data/reports/stage28a_discovery_factory_batch_runner/stage28a_exact_trades.csv,calendar_time_risk_proxy_v1,calendar_keep_tue_wed_thu_h13_tp06_sl065,-1.803074999999899,-2.8530749999998988,-3.5530749999998985,0,0,0,0,2.8530749999998988,15.459999999999809,4.690000000000055,0.3432835820895754,11.970000000000027,0.9598997493734321,3.4700000000000273,3.030500000000006,0.228,1.0,,,13,1,7.0,2023
2023-07-12 13:00:00+00:00|-1.0|calendar_keep_tue_wed_thu_h13_tp06_sl065,2023-07-12 13:00:00+00:00,STAGE28A,data/reports/stage28a_discovery_factory_batch_runner/stage28a_exact_trades.csv,calendar_time_risk_proxy_v1,calendar_keep_tue_wed_thu_h13_tp06_sl065,0.5295999999999822,-0.5204000000000177,-1.2204000000000177,0,0,0,0,0.5204000000000177,14.170000000000073,8.88000000000011,0.5833333333333334,6.5,0.4799999999999832,1.9500000000000455,2.4640000000000213,0.116,-1.0,,,13,2,7.0,2023
2023-07-13 13:00:00+00:00|1.0|calendar_keep_tue_wed_thu_h13_tp06_sl065,2023-07-13 13:00:00+00:00,STAGE28A,data/reports/stage28a_discovery_factory_batch_runner/stage28a_exact_trades.csv,calendar_time_risk_proxy_v1,calendar_keep_tue_wed_thu_h13_tp06_sl065,-1.4894499999998971,-2.539449999999897,-3.2394499999998967,0,0,0,0,2.539449999999897,27.560000000000173,6.690000000000055,0.38415545590432215,8.11999999999989,0.035714285714281716,1.599999999999909,3.1245000000000003,0.264,1.0,,,13,3,7.0,2023
2023-07-18 13:00:00+00:00|1.0|calendar_keep_tue_wed_thu_h13_tp06_sl065,2023-07-18 13:00:00+00:00,STAGE28A,data/reports/stage28a_discovery_factory_batch_runner/stage28a_exact_trades.csv,calendar_time_risk_proxy_v1,calendar_keep_tue_wed_thu_h13_tp06_sl065,-1.4146999999999026,-2.4646999999999024,-3.164699999999902,0,0,0,0,2.4646999999999024,14.089999999999918,6.839999999999918,0.7046783625730986,6.329999999999927,0.513428120063197,2.119999999999891,2.4560000000000057,0.124,1.0,,,13,1,7.0,2023
2023-07-19 13:00:00+00:00|1.0|calendar_keep_tue_wed_thu_h13_tp06_sl065,2023-07-19 13:00:00+00:00,STAGE28A,data/reports/stage28a_discovery_factory_batch_runner/stage28a_exact_trades.csv,calendar_time_risk_proxy_v1,calendar_keep_tue_wed_thu_h13_tp06_sl065,0.7477000000000317,-0.3022999999999682,-1.002299999999968,0,0,0,0,0.3022999999999682,30.559999999999945,4.790000000000191,0.6847599164926601,7.9500000000000455,0.21509433962264485,2.310000000000173,3.4075000000000046,0.388,1.0,,,13,2,7.0,2023
2023-07-20 13:00:00+00:00|-1.0|calendar_keep_tue_wed_thu_h13_tp06_sl065,2023-07-20 13:00:00+00:00,STAGE28A,data/reports/stage28a_discovery_factory_batch_runner/stage28a_exact_trades.csv,calendar_time_risk_proxy_v1,calendar_keep_tue_wed_thu_h13_tp06_sl065,0.8977000000001226,-0.1522999999998773,-0.852299999999877,0,0,0,0,0.1522999999998773,11.170000000000073,11.850000000000136,0.6607594936708915,7.610000000000127,0.5611038107753138,1.7699999999999818,3.2790000000000417,0.252,-1.0,,,13,3,7.0,2023
2023-07-25 13:00:00+00:00|1.0|calendar_keep_tue_wed_thu_h13_tp06_sl065,2023-07-25 13:00:00+00:00,STAGE28A,data/reports/stage28a_discovery_factory_batch_runner/stage28a_exact_trades.csv,calendar_time_risk_proxy_v1,calendar_keep_tue_wed_thu_h13_tp06_sl065,-1.612625000000071,-2.662625000000071,-3.3626250000000706,0,0,0,0,2.662625000000071,14.429999999999836,10.349999999999909,0.6434782608695568,4.730000000000018,0.12262156448201375,2.4200000000000728,2.896000000000015,0.1,1.0,,,13,1,7.0,2023
2023-07-26 13:00:00+00:00|1.0|calendar_keep_tue_wed_thu_h13_tp06_sl065,2023-07-26 13:00:00+00:00,STAGE28A,data/reports/stage28a_discovery_factory_batch_runner/stage28a_exact_trades.csv,calendar_time_risk_proxy_v1,calendar_keep_tue_wed_thu_h13_tp06_sl065,-1.2990000000000692,-2.349000000000069,-3.0490000000000688,0,0,0,0,2.349000000000069,14.290000000000191,4.230000000000018,0.14184397163118356,10.13000000000011,0.7423494570582331,1.4500000000000455,2.803500000000008,0.064,1.0,,,13,2,7.0,2023
2023-07-27 13:00:00+00:00|-1.0|calendar_keep_tue_wed_thu_h13_tp06_sl065,2023-07-27 13:00:00+00:00,STAGE28A,data/reports/stage28a_discovery_factory_batch_runner/stage28a_exact_trades.csv,calendar_time_risk_proxy_v1,calendar_keep_tue_wed_thu_h13_tp06_sl065,-1.6779500000001009,-2.7279500000001007,-3.4279500000001004,0,0,0,0,2.7279500000001007,16.339999999999918,11.230000000000018,0.40783615316118854,8.529999999999973,0.30480656506449527,4.529999999999973,4.3784999999999625,0.956,-1.0,,,13,3,7.0,2023
2023-08-01 13:00:00+00:00|-1.0|calendar_keep_tue_wed_thu_h13_tp06_sl065,2023-08-01 13:00:00+00:00,STAGE28A,data/reports/stage28a_discovery_factory_batch_runner/stage28a_exact_trades.csv,calendar_time_risk_proxy_v1,calendar_keep_tue_wed_thu_h13_tp06_sl065,0.5259999999999764,-0.5240000000000236,-1.2240000000000233,0,0,0,0,0.5240000000000236,21.22999999999979,7.0,0.4914285714285792,7.980000000000018,0.6741854636591316,2.009999999999991,2.770000000000016,0.048,-1.0,,,13,1,8.0,2023
2023-08-02 13:00:00+00:00|1.0|calendar_keep_tue_wed_thu_h13_tp06_sl065,2023-08-02 13:00:00+00:00,STAGE28A,data/reports/stage28a_discovery_factory_batch_runner/stage28a_exact_trades.csv,calendar_time_risk_proxy_v1,calendar_keep_tue_wed_thu_h13_tp06_sl065,0.6330999999999222,-0.4169000000000777,-1.1169000000000775,0,0,0,0,0.4169000000000777,24.850000000000136,8.789999999999964,0.2104664391353975,6.620000000000118,0.055891238670711725,2.9400000000000546,3.4225000000000363,0.328,1.0,,,13,2,8.0,2023
2023-08-03 13:00:00+00:00|1.0|calendar_keep_tue_wed_thu_h13_tp06_sl065,2023-08-03 13:00:00+00:00,STAGE28A,data/reports/stage28a_discovery_factory_batch_runner/stage28a_exact_trades.csv,calendar_time_risk_proxy_v1,calendar_keep_tue_wed_thu_h13_tp06_sl065,0.7984000000000379,-0.2515999999999621,-0.9515999999999618,0,0,0,0,0.2515999999999621,21.810000000000173,5.089999999999918,0.17681728880154776,7.5,0.15333333333331514,2.3900000000001,3.321499999999992,0.232,1.0,,,13,3,8.0,2023
2023-08-08 13:00:00+00:00|1.0|calendar_keep_tue_wed_thu_h13_tp06_sl065,2023-08-08 13:00:00+00:00,STAGE28A,data/reports/stage28a_discovery_factory_batch_runner/stage28a_exact_trades.csv,calendar_time_risk_proxy_v1,calendar_keep_tue_wed_thu_h13_tp06_sl065,0.6789999999999964,-0.3710000000000035,-1.0710000000000033,0,0,0,0,0.3710000000000035,15.170000000000073,6.919999999999845,0.42774566473986636,5.420000000000073,0.3487084870848427,2.880000000000109,2.794000000000017,0.056,1.0,,,13,1,8.0,2023
2023-08-09 13:00:00+00:00|-1.0|calendar_keep_tue_wed_thu_h13_tp06_sl065,2023-08-09 13:00:00+00:00,STAGE28A,data/reports/stage28a_discovery_factory_batch_runner/stage28a_exact_trades.csv,calendar_time_risk_proxy_v1,calendar_keep_tue_wed_thu_h13_tp06_sl065,0.4389999999999873,-0.6110000000000126,-1.3110000000000124,0,0,0,0,0.6110000000000126,15.22999999999979,6.5900000000001455,0.7799696509863409,6.440000000000055,0.6024844720497012,2.4700000000000273,2.55300000000002,0.028,-1.0,,,13,2,8.0,2023
2023-08-10 13:00:00+00:00|1.0|calendar_keep_tue_wed_thu_h13_tp06_sl065,2023-08-10 13:00:00+00:00,STAGE28A,data/reports/stage28a_discovery_factory_batch_runner/stage28a_exact_trades.csv,calendar_time_risk_proxy_v1,calendar_keep_tue_wed_thu_h13_tp06_sl065,0.5859999999999218,-0.4640000000000781,-1.164000000000078,0,0,0,0,0.4640000000000781,18.330000000000155,4.660000000000082,0.5021459227467547,6.099999999999909,0.377049180327867,2.4600000000000364,2.702999999999997,0.048,1.0,,,13,3,8.0,2023
2023-08-15 13:00:00+00:00|-1.0|calendar_keep_tue_wed_thu_h13_tp06_sl065,2023-08-15 13:00:00+00:00,STAGE28A,data/reports/stage28a_discovery_factory_batch_runner/stage28a_exact_trades.csv,calendar_time_risk_proxy_v1,calendar_keep_tue_wed_thu_h13_tp06_sl065,0.498700000000008,-0.5512999999999919,-1.2512999999999916,0,0,0,0,0.5512999999999919,13.519999999999982,4.5,0.015555555555541408,4.460000000000036,0.5874439461883625,2.0299999999999727,2.701000000000022,0.08,-1.0,,,13,1,8.0,2023
2023-08-16 13:00:00+00:00|1.0|calendar_keep_tue_wed_thu_h13_tp06_sl065,2023-08-16 13:00:00+00:00,STAGE28A,data/reports/stage28a_discovery_factory_batch_runner/stage28a_exact_trades.csv,calendar_time_risk_proxy_v1,calendar_keep_tue_wed_thu_h13_tp06_sl065,-1.101725000000079,-2.1517250000000785,-2.8517250000000782,0,0,0,0,2.1517250000000785,15.230000000000018,5.009999999999991,0.5209580838323616,4.4500000000000455,0.45168539325842033,1.9600000000000364,2.6745000000000116,0.076,1.0,,,13,2,8.0,2023
2023-08-17 13:00:00+00:00|1.0|calendar_keep_tue_wed_thu_h13_tp06_sl065,2023-08-17 13:00:00+00:00,STAGE28A,data/reports/stage28a_discovery_factory_batch_runner/stage28a_exact_trades.csv,calendar_time_risk_proxy_v1,calendar_keep_tue_wed_thu_h13_tp06_sl065,-1.2252250000000005,-2.2752250000000003,-2.975225,0,0,0,0,2.2752250000000003,15.420000000000073,5.419999999999845,0.30442804428046827,5.570000000000164,0.45960502692995875,1.6600000000000819,2.7180000000000177,0.132,1.0,,,13,3,8.0,2023
2023-08-22 13:00:00+00:00|1.0|calendar_keep_tue_wed_thu_h13_tp06_sl065,2023-08-22 13:00:00+00:00,STAGE28A,data/reports/stage28a_discovery_factory_batch_runner/stage28a_exact_trades.csv,calendar_time_risk_proxy_v1,calendar_keep_tue_wed_thu_h13_tp06_sl065,-1.4303000000000794,-2.480300000000079,-3.180300000000079,0,0,0,0,2.480300000000079,14.160000000000082,3.6100000000001273,0.2576177285318645,9.980000000000018,0.6863727454909716,4.329999999999927,2.81700000000003,0.224,1.0,,,13,1,8.0,2023
2023-08-23 13:00:00+00:00|1.0|calendar_keep_tue_wed_thu_h13_tp06_sl065,2023-08-23 13:00:00+00:00,STAGE28A,data/reports/stage28a_discovery_factory_batch_runner/stage28a_exact_trades.csv,calendar_time_risk_proxy_v1,calendar_keep_tue_wed_thu_h13_tp06_sl065,-1.3588000000000648,-2.4088000000000647,-3.1088000000000644,0,0,0,0,2.4088000000000647,15.450000000000045,5.879999999999882,0.6309523809523998,4.910000000000082,0.25050916496944964,3.3500000000001364,2.1565000000000283,0.004,1.0,,,13,2,8.0,2023
2023-08-24 13:00:00+00:00|-1.0|calendar_keep_tue_wed_thu_h13_tp06_sl065,2023-08-24 13:00:00+00:00,STAGE28A,data/reports/stage28a_discovery_factory_batch_runner/stage28a_exact_trades.csv,calendar_time_risk_proxy_v1,calendar_keep_tue_wed_thu_h13_tp06_sl065,0.53799999999992,-0.51200000000008,-1.2120000000000797,0,0,0,0,0.51200000000008,23.429999999999836,6.710000000000036,0.5722801788375744,3.6400000000001,0.36263736263739765,1.7100000000000364,2.21899999999996,0.024,-1.0,,,13,3,8.0,2023
2023-08-29 13:00:00+00:00|-1.0|calendar_keep_tue_wed_thu_h13_tp06_sl065,2023-08-29 13:00:00+00:00,STAGE28A,data/reports/stage28a_discovery_factory_batch_runner/stage28a_exact_trades.csv,calendar_time_risk_proxy_v1,calendar_keep_tue_wed_thu_h13_tp06_sl065,-1.1004249999999502,-2.15042499999995,-2.85042499999995,0,0,0,0,2.15042499999995,13.430000000000064,6.25,0.7584000000000014,3.9300000000000637,0.2646310432569839,1.9200000000000728,2.336000000000047,0.092,-1.0,,,13,1,8.0,2023
2023-08-30 13:00:00+00:00|-1.0|calendar_keep_tue_wed_thu_h13_tp06_sl065,2023-08-30 13:00:00+00:00,STAGE28A,data/reports/stage28a_discovery_factory_batch_runner/stage28a_exact_trades.csv,calendar_time_risk_proxy_v1,calendar_keep_tue_wed_thu_h13_tp06_sl065,-1.1221999999998844,-2.172199999999884,-2.872199999999884,0,0,0,0,2.172199999999884,23.829999999999927,2.2799999999999727,0.17543859649127005,3.75,0.3466666666666545,2.8200000000001637,2.5104999999999906,0.164,-1.0,,,13,2,8.0,2023
2023-08-31 13:00:00+00:00|-1.0|calendar_keep_tue_wed_thu_h13_tp06_sl065,2023-08-31 13:00:00+00:00,STAGE28A,data/reports/stage28a_discovery_factory_batch_runner/stage28a_exact_trades.csv,calendar_time_risk_proxy_v1,calendar_keep_tue_wed_thu_h13_tp06_sl065,-0.9866749999999684,-2.0366749999999683,-2.736674999999968,0,0,0,0,2.0366749999999683,14.009999999999991,6.100000000000136,0.08360655737704582,3.089999999999918,0.11650485436890275,1.4800000000000182,1.9180000000000177,0.016,-1.0,,,13,3,8.0,2023
2023-09-05 13:00:00+00:00|-1.0|calendar_keep_tue_wed_thu_h13_tp06_sl065,2023-09-05 13:00:00+00:00,STAGE28A,data/reports/stage28a_discovery_factory_batch_runner/stage28a_exact_trades.csv,calendar_time_risk_proxy_v1,calendar_keep_tue_wed_thu_h13_tp06_sl065,0.4222000000001117,-0.6277999999998882,-1.327799999999888,0,0,0,0,0.6277999999998882,9.470000000000027,3.8600000000001273,0.3056994818652914,8.319999999999936,0.7439903846153696,2.9200000000000728,1.7990000000000124,0.064,-1.0,,,13,1,9.0,2023
2023-09-06 13:00:00+00:00|-1.0|calendar_keep_tue_wed_thu_h13_tp06_sl065,2023-09-06 13:00:00+00:00,STAGE28A,data/reports/stage28a_discovery_factory_batch_runner/stage28a_exact_trades.csv,calendar_time_risk_proxy_v1,calendar_keep_tue_wed_thu_h13_tp06_sl065,0.4966000000000804,-0.5533999999999195,-1.2533999999999192,0,0,0,0,0.5533999999999195,13.569999999999936,2.7200000000000273,0.05882352941179421,5.8599999999999,0.2030716723549616,2.759999999999991,1.8785000000000196,0.092,-1.0,,,13,2,9.0,2023
2023-09-07 13:00:00+00:00|-1.0|calendar_keep_tue_wed_thu_h13_tp06_sl065,2023-09-07 13:00:00+00:00,STAGE28A,data/reports/stage28a_discovery_factory_batch_runner/stage28a_exact_trades.csv,calendar_time_risk_proxy_v1,calendar_keep_tue_wed_thu_h13_tp06_sl065,0.3226000000001022,-0.7273999999998977,-1.4273999999998974,0,0,0,0,0.7273999999998977,13.889999999999873,4.419999999999845,0.5769230769230869,3.400000000000091,0.03529411764709266,1.9500000000000455,2.5085000000000037,0.464,-1.0,,,13,3,9.0,2023
2023-09-12 13:00:00+00:00|-1.0|calendar_keep_tue_wed_thu_h13_tp06_sl065,2023-09-12 13:00:00+00:00,STAGE28A,data/reports/stage28a_discovery_factory_batch_runner/stage28a_exact_trades.csv,calendar_time_risk_proxy_v1,calendar_keep_tue_wed_thu_h13_tp06_sl065,0.2269000000000233,-0.8230999999999766,-1.5230999999999764,0,0,0,0,0.8230999999999766,14.0,4.029999999999973,0.2853598014888018,5.920000000000073,0.7854729729729403,1.4700000000000273,2.043000000000018,0.164,-1.0,,,13,1,9.0,2023
2023-09-13 13:00:00+00:00|1.0|calendar_keep_tue_wed_thu_h13_tp06_sl065,2023-09-13 13:00:00+00:00,STAGE28A,data/reports/stage28a_discovery_factory_batch_runner/stage28a_exact_trades.csv,calendar_time_risk_proxy_v1,calendar_keep_tue_wed_thu_h13_tp06_sl065,0.3544000000000779,-0.6955999999999221,-1.3955999999999218,0,0,0,0,0.6955999999999221,16.910000000000082,5.6400000000001,0.6790780141843722,4.369999999999891,0.3729977116705148,1.7200000000000273,2.210000000000048,0.224,1.0,,,13,2,9.0,2023
2023-09-14 13:00:00+00:00|-1.0|calendar_keep_tue_wed_thu_h13_tp06_sl065,2023-09-14 13:00:00+00:00,STAGE28A,data/reports/stage28a_discovery_factory_batch_runner/stage28a_exact_trades.csv,calendar_time_risk_proxy_v1,calendar_keep_tue_wed_thu_h13_tp06_sl065,0.3051999999999225,-0.7448000000000774,-1.4448000000000771,0,0,0,0,0.7448000000000774,10.190000000000055,5.3599999999999,0.15671641791043542,5.760000000000218,0.5711805555555276,1.4800000000000182,2.3125,0.28,-1.0,,,13,3,9.0,2023
2023-09-19 13:00:00+00:00|1.0|calendar_keep_tue_wed_thu_h13_tp06_sl065,2023-09-19 13:00:00+00:00,STAGE28A,data/reports/stage28a_discovery_factory_batch_runner/stage28a_exact_trades.csv,calendar_time_risk_proxy_v1,calendar_keep_tue_wed_thu_h13_tp06_sl065,0.2571999999999207,-0.7928000000000792,-1.492800000000079,0,0,0,0,0.7928000000000792,11.730000000000018,2.8200000000001637,0.4893617021275892,5.589999999999918,0.5348837209302013,1.7799999999999727,1.9490000000000123,0.08,1.0,,,13,1,9.0,2023
2023-09-20 13:00:00+00:00|-1.0|calendar_keep_tue_wed_thu_h13_tp06_sl065,2023-09-20 13:00:00+00:00,STAGE28A,data/reports/stage28a_discovery_factory_batch_runner/stage28a_exact_trades.csv,calendar_time_risk_proxy_v1,calendar_keep_tue_wed_thu_h13_tp06_sl065,0.3222999999999502,-0.7277000000000498,-1.4277000000000497,0,0,0,0,0.7277000000000498,7.619999999999891,3.9199999999998454,0.30357142857145447,4.3900000000001,0.27107061503417484,2.730000000000018,1.8790000000000304,0.032,-1.0,,,13,2,9.0,2023
2023-09-21 13:00:00+00:00|-1.0|calendar_keep_tue_wed_thu_h13_tp06_sl065,2023-09-21 13:00:00+00:00,STAGE28A,data/reports/stage28a_discovery_factory_batch_runner/stage28a_exact_trades.csv,calendar_time_risk_proxy_v1,calendar_keep_tue_wed_thu_h13_tp06_sl065,0.4087000000000899,-0.64129999999991,-1.3412999999999098,0,0,0,0,0.64129999999991,19.519999999999982,7.350000000000136,0.3823129251700535,8.040000000000191,0.4440298507462785,2.3500000000001364,3.428000000000009,0.948,-1.0,,,13,3,9.0,2023
2023-09-26 13:00:00+00:00|1.0|calendar_keep_tue_wed_thu_h13_tp06_sl065,2023-09-26 13:00:00+00:00,STAGE28A,data/reports/stage28a_discovery_factory_batch_runner/stage28a_exact_trades.csv,calendar_time_risk_proxy_v1,calendar_keep_tue_wed_thu_h13_tp06_sl065,0.4329999999999018,-0.6170000000000981,-1.317000000000098,0,0,0,0,0.6170000000000981,12.0,3.730000000000018,0.7774798927613538,5.860000000000127,0.10238907849831456,1.75,2.2880000000000225,0.348,1.0,,,13,1,9.0,2023
2023-09-27 13:00:00+00:00|-1.0|calendar_keep_tue_wed_thu_h13_tp06_sl065,2023-09-27 13:00:00+00:00,STAGE28A,data/reports/stage28a_discovery_factory_batch_runner/stage28a_exact_trades.csv,calendar_time_risk_proxy_v1,calendar_keep_tue_wed_thu_h13_tp06_sl065,-1.233350000000064,-2.283350000000064,-2.983350000000064,0,0,0,0,2.283350000000064,17.690000000000055,4.459999999999809,0.23991031390139228,5.339999999999918,0.8220973782771424,2.0499999999999545,2.484999999999991,0.426,-1.0,,,13,2,9.0,2023
2023-09-28 13:00:00+00:00|-1.0|calendar_keep_tue_wed_thu_h13_tp06_sl065,2023-09-28 13:00:00+00:00,STAGE28A,data/reports/stage28a_discovery_factory_batch_runner/stage28a_exact_trades.csv,calendar_time_risk_proxy_v1,calendar_keep_tue_wed_thu_h13_tp06_sl065,0.5070999999999458,-0.5429000000000541,-1.242900000000054,0,0,0,0,0.5429000000000541,31.470000000000027,4.350000000000136,0.537931034482723,4.5499999999999545,0.27472527472527747,3.4600000000000364,3.155500000000006,0.792,-1.0,,,13,3,9.0,2023
2023-10-03 13:00:00+00:00|1.0|calendar_keep_tue_wed_thu_h13_tp06_sl065,2023-10-03 13:00:00+00:00,STAGE28A,data/reports/stage28a_discovery_factory_batch_runner/stage28a_exact_trades.csv,calendar_time_risk_proxy_v1,calendar_keep_tue_wed_thu_h13_tp06_sl065,0.8739999999999327,-0.1760000000000672,-0.876000000000067,0,0,0,0,0.1760000000000672,21.720000000000027,14.25,0.5361403508772,11.009999999999991,0.5376930063578635,4.240000000000009,4.363500000000033,0.868,1.0,,,13,1,10.0,2023
2023-10-04 13:00:00+00:00|1.0|calendar_keep_tue_wed_thu_h13_tp06_sl065,2023-10-04 13:00:00+00:00,STAGE28A,data/reports/stage28a_discovery_factory_batch_runner/stage28a_exact_trades.csv,calendar_time_risk_proxy_v1,calendar_keep_tue_wed_thu_h13_tp06_sl065,-1.540475000000106,-2.5904750000001058,-3.290475000000105,0,0,0,0,2.5904750000001058,18.170000000000073,5.2999999999999545,0.34905660377361364,7.849999999999909,0.1770700636942823,3.1099999999999,3.950000000000023,0.72,1.0,,,13,2,10.0,2023
2023-10-05 13:00:00+00:00|-1.0|calendar_keep_tue_wed_thu_h13_tp06_sl065,2023-10-05 13:00:00+00:00,STAGE28A,data/reports/stage28a_discovery_factory_batch_runner/stage28a_exact_trades.csv,calendar_time_risk_proxy_v1,calendar_keep_tue_wed_thu_h13_tp06_sl065,0.5329000000000633,-0.5170999999999366,-1.2170999999999363,0,0,0,0,0.5170999999999366,13.930000000000064,7.940000000000055,0.7607052896725629,9.490000000000009,0.6649104320337134,3.6800000000000637,3.2740000000000236,0.42,-1.0,,,13,3,10.0,2023
2023-10-10 13:00:00+00:00|-1.0|calendar_keep_tue_wed_thu_h13_tp06_sl065,2023-10-10 13:00:00+00:00,STAGE28A,data/reports/stage28a_discovery_factory_batch_runner/stage28a_exact_trades.csv,calendar_time_risk_proxy_v1,calendar_keep_tue_wed_thu_h13_tp06_sl065,0.7801000000000841,-0.2698999999999159,-0.9698999999999156,0,0,0,0,0.2698999999999159,19.25999999999999,5.050000000000182,0.20792079207919142,7.339999999999918,0.5640326975477038,2.0499999999999545,3.3339999999999916,0.296,-1.0,,,13,1,10.0,2023
2023-10-11 13:00:00+00:00|1.0|calendar_keep_tue_wed_thu_h13_tp06_sl065,2023-10-11 13:00:00+00:00,STAGE28A,data/reports/stage28a_discovery_factory_batch_runner/stage28a_exact_trades.csv,calendar_time_risk_proxy_v1,calendar_keep_tue_wed_thu_h13_tp06_sl065,0.7326999999999316,-0.3173000000000683,-1.017300000000068,0,0,0,0,0.3173000000000683,12.330000000000155,2.790000000000191,0.11111111111116544,12.52000000000021,0.831469648562293,2.020000000000209,2.790000000000009,0.056,1.0,,,13,2,10.0,2023
2023-10-12 13:00:00+00:00|1.0|calendar_keep_tue_wed_thu_h13_tp06_sl065,2023-10-12 13:00:00+00:00,STAGE28A,data/reports/stage28a_discovery_factory_batch_runner/stage28a_exact_trades.csv,calendar_time_risk_proxy_v1,calendar_keep_tue_wed_thu_h13_tp06_sl065,-1.295099999999911,-2.345099999999911,-3.045099999999911,0,0,0,0,2.345099999999911,18.6400000000001,5.0499999999999545,0.6079207920792008,5.900000000000091,0.5610169491525244,2.519999999999982,2.612999999999988,0.016,1.0,,,13,3,10.0,2023
2023-10-17 13:00:00+00:00|1.0|calendar_keep_tue_wed_thu_h13_tp06_sl065,2023-10-17 13:00:00+00:00,STAGE28A,data/reports/stage28a_discovery_factory_batch_runner/stage28a_exact_trades.csv,calendar_time_risk_proxy_v1,calendar_keep_tue_wed_thu_h13_tp06_sl065,-1.5183749999999692,-2.568374999999969,-3.2683749999999687,0,0,0,0,2.568374999999969,22.09999999999991,9.3599999999999,0.22435897435899133,9.639999999999873,0.6390041493775868,4.919999999999845,3.052499999999975,0.132,1.0,,,13,1,10.0,2023
2023-10-18 13:00:00+00:00|1.0|calendar_keep_tue_wed_thu_h13_tp06_sl065,2023-10-18 13:00:00+00:00,STAGE28A,data/reports/stage28a_discovery_factory_batch_runner/stage28a_exact_trades.csv,calendar_time_risk_proxy_v1,calendar_keep_tue_wed_thu_h13_tp06_sl065,0.9489999999999782,-0.1010000000000217,-0.8010000000000215,0,0,0,0,0.1010000000000217,19.200000000000045,19.519999999999982,0.6444672131147626,11.029999999999973,0.630099728014491,7.880000000000109,4.2580000000000044,0.728,1.0,,,13,2,10.0,2023
2023-10-19 13:00:00+00:00|1.0|calendar_keep_tue_wed_thu_h13_tp06_sl065,2023-10-19 13:00:00+00:00,STAGE28A,data/reports/stage28a_discovery_factory_batch_runner/stage28a_exact_trades.csv,calendar_time_risk_proxy_v1,calendar_keep_tue_wed_thu_h13_tp06_sl065,0.9936999999998988,-0.056300000000101,-0.7563000000001008,0,0,0,0,0.056300000000101,39.38999999999987,8.089999999999918,0.41532756489492384,9.13000000000011,0.4841182913472092,2.9200000000000728,4.947000000000014,0.796,1.0,,,13,3,10.0,2023
2023-10-24 13:00:00+00:00|-1.0|calendar_keep_tue_wed_thu_h13_tp06_sl065,2023-10-24 13:00:00+00:00,STAGE28A,data/reports/stage28a_discovery_factory_batch_runner/stage28a_exact_trades.csv,calendar_time_risk_proxy_v1,calendar_keep_tue_wed_thu_h13_tp06_sl065,-1.79462499999986,-2.84462499999986,-3.54462499999986,0,0,0,0,2.84462499999986,21.069999999999936,9.460000000000036,0.40697674418603536,14.259999999999991,0.7180925666199169,7.629999999999882,4.0440000000000165,0.432,-1.0,,,13,1,10.0,2023
2023-10-25 13:00:00+00:00|-1.0|calendar_keep_tue_wed_thu_h13_tp06_sl065,2023-10-25 13:00:00+00:00,STAGE28A,data/reports/stage28a_discovery_factory_batch_runner/stage28a_exact_trades.csv,calendar_time_risk_proxy_v1,calendar_keep_tue_wed_thu_h13_tp06_sl065,0.8842000000001008,-0.1657999999998991,-0.8657999999998989,0,0,0,0,0.1657999999998991,27.230000000000018,7.0900000000001455,0.3808180535966135,7.660000000000082,0.4856396866840715,2.519999999999982,3.90450000000003,0.292,-1.0,,,13,2,10.0,2023
2023-10-26 13:00:00+00:00|1.0|calendar_keep_tue_wed_thu_h13_tp06_sl065,2023-10-26 13:00:00+00:00,STAGE28A,data/reports/stage28a_discovery_factory_batch_runner/stage28a_exact_trades.csv,calendar_time_risk_proxy_v1,calendar_keep_tue_wed_thu_h13_tp06_sl065,-1.677299999999923,-2.727299999999923,-3.4272999999999225,0,0,0,0,2.727299999999923,24.13000000000011,7.869999999999891,0.6569250317661902,9.559999999999945,0.3650627615062792,2.7899999999999636,5.137500000000022,0.588,1.0,,,13,3,10.0,2023
2023-10-31 13:00:00+00:00|1.0|calendar_keep_tue_wed_thu_h13_tp06_sl065,2023-10-31 13:00:00+00:00,STAGE28A,data/reports/stage28a_discovery_factory_batch_runner/stage28a_exact_trades.csv,calendar_time_risk_proxy_v1,calendar_keep_tue_wed_thu_h13_tp06_sl065,0.6541000000001077,-0.3958999999998922,-1.095899999999892,0,0,0,0,0.3958999999998922,15.75,6.7000000000000455,0.38656716417908965,7.740000000000009,0.9470284237725993,3.589999999999918,2.8775000000000093,0.004,1.0,,,13,1,10.0,2023
2023-11-01 13:00:00+00:00|1.0|calendar_keep_tue_wed_thu_h13_tp06_sl065,2023-11-01 13:00:00+00:00,STAGE28A,data/reports/stage28a_discovery_factory_batch_runner/stage28a_exact_trades.csv,calendar_time_risk_proxy_v1,calendar_keep_tue_wed_thu_h13_tp06_sl065,0.6945999999999458,-0.3554000000000541,-1.055400000000054,0,0,0,0,0.3554000000000541,29.070000000000164,10.86999999999989,0.525298988040487,7.8599999999999,0.7175572519084188,2.0499999999999545,3.884500000000037,0.104,1.0,,,13,2,11.0,2023
2023-11-02 13:00:00+00:00|1.0|calendar_keep_tue_wed_thu_h13_tp06_sl065,2023-11-02 13:00:00+00:00,STAGE28A,data/reports/stage28a_discovery_factory_batch_runner/stage28a_exact_trades.csv,calendar_time_risk_proxy_v1,calendar_keep_tue_wed_thu_h13_tp06_sl065,-1.3994249999999284,-2.449424999999928,-3.149424999999928,0,0,0,0,2.449424999999928,22.200000000000045,6.960000000000036,0.5574712643678289,5.899999999999864,0.4915254237288018,3.630000000000109,4.084000000000003,0.196,1.0,,,13,3,11.0,2023
2023-11-07 13:00:00+00:00|-1.0|calendar_keep_tue_wed_thu_h13_tp06_sl065,2023-11-07 13:00:00+00:00,STAGE28A,data/reports/stage28a_discovery_factory_batch_runner/stage28a_exact_trades.csv,calendar_time_risk_proxy_v1,calendar_keep_tue_wed_thu_h13_tp06_sl065,0.7092999999998938,-0.3407000000001061,-1.040700000000106,0,0,0,0,0.3407000000001061,16.519999999999982,7.3599999999999,0.7228260869565538,10.039999999999964,0.5149402390438111,2.5499999999999545,2.810999999999967,0.024,-1.0,,,13,1,11.0,2023
2023-11-08 13:00:00+00:00|-1.0|calendar_keep_tue_wed_thu_h13_tp06_sl065,2023-11-08 13:00:00+00:00,STAGE28A,data/reports/stage28a_discovery_factory_batch_runner/stage28a_exact_trades.csv,calendar_time_risk_proxy_v1,calendar_keep_tue_wed_thu_h13_tp06_sl065,0.7387000000000171,-0.3112999999999828,-1.0112999999999823,0,0,0,0,0.3112999999999828,21.62999999999988,3.6900000000000546,0.3685636856368854,9.5,0.5821052631578919,5.8900000000001,2.8899999999999864,0.056,-1.0,,,13,2,11.0,2023
2023-11-09 13:00:00+00:00|-1.0|calendar_keep_tue_wed_thu_h13_tp06_sl065,2023-11-09 13:00:00+00:00,STAGE28A,data/reports/stage28a_discovery_factory_batch_runner/stage28a_exact_trades.csv,calendar_time_risk_proxy_v1,calendar_keep_tue_wed_thu_h13_tp06_sl065,0.6105999999998858,-0.4394000000001141,-1.139400000000114,0,0,0,0,0.4394000000001141,23.529999999999973,6.889999999999873,0.18867924528301575,5.990000000000009,0.40066777963273575,3.1700000000000728,3.483500000000004,0.224,-1.0,,,13,3,11.0,2023
2023-11-14 13:00:00+00:00|1.0|calendar_keep_tue_wed_thu_h13_tp06_sl065,2023-11-14 13:00:00+00:00,STAGE28A,data/reports/stage28a_discovery_factory_batch_runner/stage28a_exact_trades.csv,calendar_time_risk_proxy_v1,calendar_keep_tue_wed_thu_h13_tp06_sl065,0.3774999999999636,-0.6725000000000363,-1.372500000000036,0,0,0,0,0.6725000000000363,31.539999999999964,4.509999999999991,0.38802660753880347,4.4500000000000455,0.4898876404493964,1.900000000000091,2.572500000000025,0.008,1.0,,,13,1,11.0,2023
2023-11-15 13:00:00+00:00|1.0|calendar_keep_tue_wed_thu_h13_tp06_sl065,2023-11-15 13:00:00+00:00,STAGE28A,data/reports/stage28a_discovery_factory_batch_runner/stage28a_exact_trades.csv,calendar_time_risk_proxy_v1,calendar_keep_tue_wed_thu_h13_tp06_sl065,0.6613000000001193,-0.3886999999998806,-1.0886999999998803,0,0,0,0,0.3886999999998806,33.81000000000017,6.400000000000091,0.7859374999999845,8.25,0.6848484848484683,2.8299999999999272,2.5545000000000186,0.016,1.0,,,13,2,11.0,2023
2023-11-16 13:00:00+00:00|1.0|calendar_keep_tue_wed_thu_h13_tp06_sl065,2023-11-16 13:00:00+00:00,STAGE28A,data/reports/stage28a_discovery_factory_batch_runner/stage28a_exact_trades.csv,calendar_time_risk_proxy_v1,calendar_keep_tue_wed_thu_h13_tp06_sl065,-1.258050000000003,-2.308050000000003,-3.0080500000000026,0,0,0,0,2.308050000000003,19.699999999999818,6.079999999999927,0.35526315789475454,6.4500000000000455,0.3968992248061903,2.0599999999999454,2.8094999999999914,0.084,1.0,,,13,3,11.0,2023
2023-11-21 13:00:00+00:00|-1.0|calendar_keep_tue_wed_thu_h13_tp06_sl065,2023-11-21 13:00:00+00:00,STAGE28A,data/reports/stage28a_discovery_factory_batch_runner/stage28a_exact_trades.csv,calendar_time_risk_proxy_v1,calendar_keep_tue_wed_thu_h13_tp06_sl065,-1.6386250000001383,-2.688625000000138,-3.388625000000138,0,0,0,0,2.688625000000138,19.700000000000045,17.019999999999982,0.6404230317273722,10.009999999999991,0.3466533466533497,4.650000000000091,4.1404999999999745,0.8,-1.0,,,13,1,11.0,2023
2023-11-22 13:00:00+00:00|1.0|calendar_keep_tue_wed_thu_h13_tp06_sl065,2023-11-22 13:00:00+00:00,STAGE28A,data/reports/stage28a_discovery_factory_batch_runner/stage28a_exact_trades.csv,calendar_time_risk_proxy_v1,calendar_keep_tue_wed_thu_h13_tp06_sl065,-1.6564999999999146,-2.7064999999999144,-3.406499999999914,0,0,0,0,2.7064999999999144,30.34999999999991,4.8599999999999,0.0041152263374449015,9.639999999999873,0.19502074688795712,3.3199999999999363,3.366500000000008,0.196,1.0,,,13,2,11.0,2023
2023-11-23 13:00:00+00:00|-1.0|calendar_keep_tue_wed_thu_h13_tp06_sl065,2023-11-23 13:00:00+00:00,STAGE28A,data/reports/stage28a_discovery_factory_batch_runner/stage28a_exact_trades.csv,calendar_time_risk_proxy_v1,calendar_keep_tue_wed_thu_h13_tp06_sl065,-1.4104749999999968,-2.4604749999999966,-3.1604749999999964,0,0,0,0,2.4604749999999966,19.419999999999845,9.160000000000082,0.5262008733624586,6.319999999999936,0.2547468354430607,2.6499999999998636,3.5185000000000057,0.22,-1.0,,,13,3,11.0,2023
2023-11-28 13:00:00+00:00|1.0|calendar_keep_tue_wed_thu_h13_tp06_sl065,2023-11-28 13:00:00+00:00,STAGE28A,data/reports/stage28a_discovery_factory_batch_runner/stage28a_exact_trades.csv,calendar_time_risk_proxy_v1,calendar_keep_tue_wed_thu_h13_tp06_sl065,-1.289249999999902,-2.3392499999999017,-3.0392499999999014,0,0,0,0,2.3392499999999017,17.639999999999873,4.9500000000000455,0.02626262626264807,4.529999999999973,0.09713024282556951,2.75,3.025499999999988,0.232,1.0,,,13,1,11.0,2023
2023-11-29 13:00:00+00:00|-1.0|calendar_keep_tue_wed_thu_h13_tp06_sl065,2023-11-29 13:00:00+00:00,STAGE28A,data/reports/stage28a_discovery_factory_batch_runner/stage28a_exact_trades.csv,calendar_time_risk_proxy_v1,calendar_keep_tue_wed_thu_h13_tp06_sl065,0.8230000000000018,-0.2269999999999981,-0.9269999999999978,0,0,0,0,0.2269999999999981,32.87999999999988,11.659999999999854,0.15694682675814323,13.519999999999754,0.6531065088757462,2.509999999999991,4.550499999999954,0.936,-1.0,,,13,2,11.0,2023
2023-11-30 13:00:00+00:00|-1.0|calendar_keep_tue_wed_thu_h13_tp06_sl065,2023-11-30 13:00:00+00:00,STAGE28A,data/reports/stage28a_discovery_factory_batch_runner/stage28a_exact_trades.csv,calendar_time_risk_proxy_v1,calendar_keep_tue_wed_thu_h13_tp06_sl065,-1.6506499999999051,-2.700649999999905,-3.4006499999999047,0,0,0,0,2.700649999999905,16.749999999999773,4.540000000000191,0.0,10.160000000000082,0.6102362204724405,3.759999999999991,3.731000000000063,0.448,-1.0,,,13,3,11.0,2023
2023-12-05 13:00:00+00:00|-1.0|calendar_keep_tue_wed_thu_h13_tp06_sl065,2023-12-05 13:00:00+00:00,STAGE28A,data/reports/stage28a_discovery_factory_batch_runner/stage28a_exact_trades.csv,calendar_time_risk_proxy_v1,calendar_keep_tue_wed_thu_h13_tp06_sl065,1.3413999999999304,0.2913999999999306,-0.4086000000000691,1,0,1,0,0.2913999999999306,129.52999999999975,12.779999999999973,0.13145539906103812,16.480000000000018,0.41868932038835455,6.600000000000136,6.945000000000005,0.852,-1.0,,,13,1,12.0,2023
2023-12-06 13:00:00+00:00|-1.0|calendar_keep_tue_wed_thu_h13_tp06_sl065,2023-12-06 13:00:00+00:00,STAGE28A,data/reports/stage28a_discovery_factory_batch_runner/stage28a_exact_trades.csv,calendar_time_risk_proxy_v1,calendar_keep_tue_wed_thu_h13_tp06_sl065,-2.10240000000008,-3.15240000000008,-3.8524000000000793,0,0,0,1,3.15240000000008,31.279999999999973,6.980000000000018,0.43696275071632473,15.710000000000036,0.05919796308084414,2.7799999999999727,5.052499999999986,0.736,-1.0,,,13,2,12.0,2023
2023-12-07 13:00:00+00:00|1.0|calendar_keep_tue_wed_thu_h13_tp06_sl065,2023-12-07 13:00:00+00:00,STAGE28A,data/reports/stage28a_discovery_factory_batch_runner/stage28a_exact_trades.csv,calendar_time_risk_proxy_v1,calendar_keep_tue_wed_thu_h13_tp06_sl065,0.8748999999999342,-0.1751000000000657,-0.8751000000000655,0,0,0,0,0.1751000000000657,18.700000000000045,4.740000000000009,0.21940928270041385,9.889999999999873,0.765419615773512,2.589999999999918,3.713999999999987,0.312,1.0,,,13,3,12.0,2023
2023-12-12 13:00:00+00:00|1.0|calendar_keep_tue_wed_thu_h13_tp06_sl065,2023-12-12 13:00:00+00:00,STAGE28A,data/reports/stage28a_discovery_factory_batch_runner/stage28a_exact_trades.csv,calendar_time_risk_proxy_v1,calendar_keep_tue_wed_thu_h13_tp06_sl065,-1.4267249999998968,-2.4767249999998966,-3.1767249999998963,0,0,0,0,2.4767249999998966,31.789999999999964,7.870000000000118,0.3354510800508047,6.4500000000000455,0.0945736434108718,3.0799999999999272,3.8839999999999693,0.156,1.0,,,13,1,12.0,2023
2023-12-13 13:00:00+00:00|1.0|calendar_keep_tue_wed_thu_h13_tp06_sl065,2023-12-13 13:00:00+00:00,STAGE28A,data/reports/stage28a_discovery_factory_batch_runner/stage28a_exact_trades.csv,calendar_time_risk_proxy_v1,calendar_keep_tue_wed_thu_h13_tp06_sl065,0.7876000000000204,-0.2623999999999795,-0.9623999999999792,0,0,0,0,0.2623999999999795,19.50999999999999,5.1099999999999,0.8297455968689026,10.309999999999945,0.48205625606208086,2.1099999999999,3.0304999999999724,0.004,1.0,,,13,2,12.0,2023
2023-12-14 13:00:00+00:00|1.0|calendar_keep_tue_wed_thu_h13_tp06_sl065,2023-12-14 13:00:00+00:00,STAGE28A,data/reports/stage28a_discovery_factory_batch_runner/stage28a_exact_trades.csv,calendar_time_risk_proxy_v1,calendar_keep_tue_wed_thu_h13_tp06_sl065,1.3350999999999202,0.2850999999999204,-0.4149000000000793,1,0,1,0,0.2850999999999204,60.16000000000008,14.930000000000064,0.10783657066308729,11.049999999999955,0.25610859728506236,4.3900000000001,7.2600000000000025,0.844,1.0,,,13,3,12.0,2023
2023-12-19 13:00:00+00:00|1.0|calendar_keep_tue_wed_thu_h13_tp06_sl065,2023-12-19 13:00:00+00:00,STAGE28A,data/reports/stage28a_discovery_factory_batch_runner/stage28a_exact_trades.csv,calendar_time_risk_proxy_v1,calendar_keep_tue_wed_thu_h13_tp06_sl065,-1.3480749999999715,-2.3980749999999715,-3.0980749999999717,0,0,0,0,2.3980749999999715,17.769999999999982,7.649999999999864,0.4575163398692892,6.039999999999964,0.2533112582781427,2.6400000000001,3.570000000000016,0.064,1.0,,,13,1,12.0,2023
2023-12-20 13:00:00+00:00|-1.0|calendar_keep_tue_wed_thu_h13_tp06_sl065,2023-12-20 13:00:00+00:00,STAGE28A,data/reports/stage28a_discovery_factory_batch_runner/stage28a_exact_trades.csv,calendar_time_risk_proxy_v1,calendar_keep_tue_wed_thu_h13_tp06_sl065,0.6064000000000306,-0.4435999999999693,-1.143599999999969,0,0,0,0,0.4435999999999693,25.289999999999964,4.960000000000036,0.09072580645162141,7.820000000000164,0.5843989769820768,4.740000000000009,2.918500000000017,0.012,-1.0,,,13,2,12.0,2023
2023-12-21 13:00:00+00:00|-1.0|calendar_keep_tue_wed_thu_h13_tp06_sl065,2023-12-21 13:00:00+00:00,STAGE28A,data/reports/stage28a_discovery_factory_batch_runner/stage28a_exact_trades.csv,calendar_time_risk_proxy_v1,calendar_keep_tue_wed_thu_h13_tp06_sl065,0.471999999999889,-0.5780000000001109,-1.2780000000001106,0,0,0,0,0.5780000000001109,15.990000000000009,6.440000000000055,0.6413043478260632,5.120000000000118,0.4316406249999971,3.0599999999999454,3.243499999999983,0.064,-1.0,,,13,3,12.0,2023
2023-12-26 13:00:00+00:00|-1.0|calendar_keep_tue_wed_thu_h13_tp06_sl065,2023-12-26 13:00:00+00:00,STAGE28A,data/reports/stage28a_discovery_factory_batch_runner/stage28a_exact_trades.csv,calendar_time_risk_proxy_v1,calendar_keep_tue_wed_thu_h13_tp06_sl065,-1.1079000000000634,-2.157900000000063,-2.857900000000063,0,0,0,0,2.157900000000063,4.400000000000091,11.75,0.775319148936181,4.380000000000109,0.0410958904109205,2.0,3.4450000000000047,0.124,-1.0,,,13,1,12.0,2023
2023-12-27 13:00:00+00:00|1.0|calendar_keep_tue_wed_thu_h13_tp06_sl065,2023-12-27 13:00:00+00:00,STAGE28A,data/reports/stage28a_discovery_factory_batch_runner/stage28a_exact_trades.csv,calendar_time_risk_proxy_v1,calendar_keep_tue_wed_thu_h13_tp06_sl065,-1.3464500000000954,-2.3964500000000952,-3.096450000000095,0,0,0,0,2.3964500000000952,15.650000000000091,4.559999999999945,0.07894736842108149,7.7199999999998,0.1411917098445821,7.1599999999998545,3.0519999999999983,0.064,1.0,,,13,2,12.0,2023
2023-12-28 13:00:00+00:00|-1.0|calendar_keep_tue_wed_thu_h13_tp06_sl065,2023-12-28 13:00:00+00:00,STAGE28A,data/reports/stage28a_discovery_factory_batch_runner/stage28a_exact_trades.csv,calendar_time_risk_proxy_v1,calendar_keep_tue_wed_thu_h13_tp06_sl065,1.1523999999998522,0.1023999999998523,-0.5976000000001473,1,0,0,0,0.1023999999998523,22.899999999999636,11.019999999999982,0.6379310344827779,14.870000000000346,0.6348352387356984,4.559999999999945,4.307500000000028,0.632,-1.0,,,13,3,12.0,2023
2024-01-02 13:00:00+00:00|1.0|calendar_keep_tue_wed_thu_h13_tp06_sl065,2024-01-02 13:00:00+00:00,STAGE28A,data/reports/stage28a_discovery_factory_batch_runner/stage28a_exact_trades.csv,calendar_time_risk_proxy_v1,calendar_keep_tue_wed_thu_h13_tp06_sl065,0.9115000000000693,-0.1384999999999308,-0.8384999999999305,0,0,0,0,0.1384999999999308,3.199999999999818,8.299999999999727,0.7060240963855807,9.350000000000364,0.6844919786096088,4.279999999999745,3.8254999999999884,0.404,1.0,,,13,1,1.0,2024
2024-01-03 13:00:00+00:00|-1.0|calendar_keep_tue_wed_thu_h13_tp06_sl065,2024-01-03 13:00:00+00:00,STAGE28A,data/reports/stage28a_discovery_factory_batch_runner/stage28a_exact_trades.csv,calendar_time_risk_proxy_v1,calendar_keep_tue_wed_thu_h13_tp06_sl065,-1.8111999999997352,-2.861199999999735,-3.561199999999735,0,0,0,0,2.861199999999735,22.88000000000011,7.050000000000182,0.7333333333333247,13.200000000000273,0.7446969696969488,4.5,4.033500000000004,0.54,-1.0,,,13,2,1.0,2024
2024-01-04 13:00:00+00:00|1.0|calendar_keep_tue_wed_thu_h13_tp06_sl065,2024-01-04 13:00:00+00:00,STAGE28A,data/reports/stage28a_discovery_factory_batch_runner/stage28a_exact_trades.csv,calendar_time_risk_proxy_v1,calendar_keep_tue_wed_thu_h13_tp06_sl065,-1.8261499999999613,-2.8761499999999613,-3.576149999999961,0,0,0,0,2.8761499999999613,35.47000000000003,6.850000000000136,0.0029197080291943666,8.8299999999997,0.578708946772401,4.169999999999845,4.273999999999978,0.652,1.0,,,13,3,1.0,2024
2024-01-09 13:00:00+00:00|1.0|calendar_keep_tue_wed_thu_h13_tp06_sl065,2024-01-09 13:00:00+00:00,STAGE28A,data/reports/stage28a_discovery_factory_batch_runner/stage28a_exact_trades.csv,calendar_time_risk_proxy_v1,calendar_keep_tue_wed_thu_h13_tp06_sl065,1.101399999999921,0.0513999999999215,-0.6486000000000782,1,0,0,0,0.0513999999999215,30.019999999999982,7.939999999999827,0.2783375314861281,8.319999999999936,0.3100961538461748,3.7999999999999545,4.097999999999968,0.436,1.0,,,13,1,1.0,2024
2024-01-10 13:00:00+00:00|1.0|calendar_keep_tue_wed_thu_h13_tp06_sl065,2024-01-10 13:00:00+00:00,STAGE28A,data/reports/stage28a_discovery_factory_batch_runner/stage28a_exact_trades.csv,calendar_time_risk_proxy_v1,calendar_keep_tue_wed_thu_h13_tp06_sl065,-1.7162999999999102,-2.76629999999991,-3.46629999999991,0,0,0,0,2.76629999999991,15.940000000000055,5.619999999999891,0.18149466192170846,16.539999999999964,0.30290205562273287,5.759999999999991,3.7665000000000193,0.268,1.0,,,13,2,1.0,2024
2024-01-11 13:00:00+00:00|-1.0|calendar_keep_tue_wed_thu_h13_tp06_sl065,2024-01-11 13:00:00+00:00,STAGE28A,data/reports/stage28a_discovery_factory_batch_runner/stage28a_exact_trades.csv,calendar_time_risk_proxy_v1,calendar_keep_tue_wed_thu_h13_tp06_sl065,0.5694999999999709,-0.480500000000029,-1.1805000000000287,0,0,0,0,0.480500000000029,20.089999999999918,7.5,0.7093333333333248,5.479999999999791,0.03832116788321978,2.230000000000018,2.9879999999999654,0.012,-1.0,,,13,3,1.0,2024
2024-01-16 13:00:00+00:00|-1.0|calendar_keep_tue_wed_thu_h13_tp06_sl065,2024-01-16 13:00:00+00:00,STAGE28A,data/reports/stage28a_discovery_factory_batch_runner/stage28a_exact_trades.csv,calendar_time_risk_proxy_v1,calendar_keep_tue_wed_thu_h13_tp06_sl065,0.9834999999999582,-0.0665000000000417,-0.7665000000000415,0,0,0,0,0.0665000000000417,12.740000000000009,7.170000000000073,0.656903765690375,12.409999999999854,0.6970185334407891,3.1700000000000728,2.9890000000000554,0.068,-1.0,,,13,1,1.0,2024
2024-01-17 13:00:00+00:00|-1.0|calendar_keep_tue_wed_thu_h13_tp06_sl065,2024-01-17 13:00:00+00:00,STAGE28A,data/reports/stage28a_discovery_factory_batch_runner/stage28a_exact_trades.csv,calendar_time_risk_proxy_v1,calendar_keep_tue_wed_thu_h13_tp06_sl065,-1.8586499999999888,-2.9086499999999886,-3.608649999999989,0,0,0,0,2.9086499999999886,31.430000000000064,9.559999999999945,0.28765690376569203,10.870000000000118,0.06439742410301845,5.580000000000155,4.8125,0.62,-1.0,,,13,2,1.0,2024
2024-01-18 13:00:00+00:00|1.0|calendar_keep_tue_wed_thu_h13_tp06_sl065,2024-01-18 13:00:00+00:00,STAGE28A,data/reports/stage28a_discovery_factory_batch_runner/stage28a_exact_trades.csv,calendar_time_risk_proxy_v1,calendar_keep_tue_wed_thu_h13_tp06_sl065,0.775,-0.2749999999999999,-0.9749999999999996,0,0,0,0,0.2749999999999999,31.1400000000001,5.559999999999945,0.28057553956833825,8.209999999999809,0.4214372716199622,2.990000000000009,3.6185000000000174,0.228,1.0,,,13,3,1.0,2024
2024-01-23 13:00:00+00:00|1.0|calendar_keep_tue_wed_thu_h13_tp06_sl065,2024-01-23 13:00:00+00:00,STAGE28A,data/reports/stage28a_discovery_factory_batch_runner/stage28a_exact_trades.csv,calendar_time_risk_proxy_v1,calendar_keep_tue_wed_thu_h13_tp06_sl065,-2.007175000000052,-3.057175000000052,-3.757175000000052,0,0,0,0,3.057175000000052,15.519999999999982,8.38000000000011,0.8210023866348201,13.160000000000082,0.19452887537995114,3.990000000000009,3.646499999999969,0.288,1.0,,,13,1,1.0,2024
2024-01-24 13:00:00+00:00|1.0|calendar_keep_tue_wed_thu_h13_tp06_sl065,2024-01-24 13:00:00+00:00,STAGE28A,data/reports/stage28a_discovery_factory_batch_runner/stage28a_exact_trades.csv,calendar_time_risk_proxy_v1,calendar_keep_tue_wed_thu_h13_tp06_sl065,1.0125999999999291,-0.0374000000000704,-0.7374000000000702,0,0,0,0,0.0374000000000704,18.340000000000146,5.8599999999999,0.8447098976109437,11.279999999999973,0.7402482269503483,3.6800000000000637,3.2684999999999946,0.14,1.0,,,13,2,1.0,2024
2024-01-25 13:00:00+00:00|1.0|calendar_keep_tue_wed_thu_h13_tp06_sl065,2024-01-25 13:00:00+00:00,STAGE28A,data/reports/stage28a_discovery_factory_batch_runner/stage28a_exact_trades.csv,calendar_time_risk_proxy_v1,calendar_keep_tue_wed_thu_h13_tp06_sl065,0.673300000000063,-0.376699999999937,-1.0766999999999367,0,0,0,0,0.376699999999937,25.52000000000021,3.400000000000091,0.18823529411767145,7.019999999999982,0.5270655270655349,2.3099999999999454,3.466000000000008,0.248,1.0,,,13,3,1.0,2024
2024-01-30 13:00:00+00:00|1.0|calendar_keep_tue_wed_thu_h13_tp06_sl065,2024-01-30 13:00:00+00:00,STAGE28A,data/reports/stage28a_discovery_factory_batch_runner/stage28a_exact_trades.csv,calendar_time_risk_proxy_v1,calendar_keep_tue_wed_thu_h13_tp06_sl065,0.6210999999999786,-0.4289000000000214,-1.128900000000021,0,0,0,0,0.4289000000000214,18.460000000000036,4.819999999999936,0.13278008298757438,8.829999999999927,0.43488108720271235,2.3299999999999272,3.5630000000000335,0.28,1.0,,,13,1,1.0,2024
2024-01-31 13:00:00+00:00|1.0|calendar_keep_tue_wed_thu_h13_tp06_sl065,2024-01-31 13:00:00+00:00,STAGE28A,data/reports/stage28a_discovery_factory_batch_runner/stage28a_exact_trades.csv,calendar_time_risk_proxy_v1,calendar_keep_tue_wed_thu_h13_tp06_sl065,-1.3132999999998902,-2.36329999999989,-3.0632999999998898,0,0,0,0,2.36329999999989,19.54000000000019,5.800000000000182,0.32931034482759,7.150000000000091,0.3356643356643441,2.0,3.3815000000000395,0.164,1.0,,,13,2,1.0,2024
2024-02-01 13:00:00+00:00|-1.0|calendar_keep_tue_wed_thu_h13_tp06_sl065,2024-02-01 13:00:00+00:00,STAGE28A,data/reports/stage28a_discovery_factory_batch_runner/stage28a_exact_trades.csv,calendar_time_risk_proxy_v1,calendar_keep_tue_wed_thu_h13_tp06_sl065,0.9820000000001072,-0.0679999999998925,-0.7679999999998923,0,0,0,0,0.0679999999998925,25.1400000000001,10.269999999999754,0.559883154819877,15.329999999999927,0.8962818003913943,10.25,4.909499999999957,0.948,-1.0,,,13,3,2.0,2024
2024-02-06 13:00:00+00:00|-1.0|calendar_keep_tue_wed_thu_h13_tp06_sl065,2024-02-06 13:00:00+00:00,STAGE28A,data/reports/stage28a_discovery_factory_batch_runner/stage28a_exact_trades.csv,calendar_time_risk_proxy_v1,calendar_keep_tue_wed_thu_h13_tp06_sl065,0.6145000000000437,-0.4354999999999562,-1.135499999999956,0,0,0,0,0.4354999999999562,27.329999999999927,5.100000000000136,0.24705882352940337,6.990000000000009,0.34477825464947803,2.8899999999998727,2.9900000000000317,0.02,-1.0,,,13,1,2.0,2024
2024-02-07 13:00:00+00:00|-1.0|calendar_keep_tue_wed_thu_h13_tp06_sl065,2024-02-07 13:00:00+00:00,STAGE28A,data/reports/stage28a_discovery_factory_batch_runner/stage28a_exact_trades.csv,calendar_time_risk_proxy_v1,calendar_keep_tue_wed_thu_h13_tp06_sl065,0.3382000000000517,-0.7117999999999483,-1.411799999999948,0,0,0,0,0.7117999999999483,16.189999999999827,2.230000000000018,0.004484304932731311,4.889999999999873,0.40286298568508766,1.699999999999818,2.6769999999999756,0.016,-1.0,,,13,2,2.0,2024
2024-02-08 13:00:00+00:00|1.0|calendar_keep_tue_wed_thu_h13_tp06_sl065,2024-02-08 13:00:00+00:00,STAGE28A,data/reports/stage28a_discovery_factory_batch_runner/stage28a_exact_trades.csv,calendar_time_risk_proxy_v1,calendar_keep_tue_wed_thu_h13_tp06_sl065,0.7617999999999029,-0.288200000000097,-0.9882000000000968,0,0,0,0,0.288200000000097,13.970000000000027,7.0,0.6028571428571468,9.599999999999909,0.41041666666665255,3.75,3.0735000000000015,0.1,1.0,,,13,3,2.0,2024
2024-02-13 13:00:00+00:00|1.0|calendar_keep_tue_wed_thu_h13_tp06_sl065,2024-02-13 13:00:00+00:00,STAGE28A,data/reports/stage28a_discovery_factory_batch_runner/stage28a_exact_trades.csv,calendar_time_risk_proxy_v1,calendar_keep_tue_wed_thu_h13_tp06_sl065,-1.0643499999999677,-2.1143499999999675,-2.8143499999999677,0,0,0,0,2.1143499999999675,15.639999999999873,4.4099999999998545,0.04081632653062803,9.190000000000055,0.8476605005440606,1.9500000000000455,2.382499999999993,0.028,1.0,,,13,1,2.0,2024
2024-02-14 13:00:00+00:00|-1.0|calendar_keep_tue_wed_thu_h13_tp06_sl065,2024-02-14 13:00:00+00:00,STAGE28A,data/reports/stage28a_discovery_factory_batch_runner/stage28a_exact_trades.csv,calendar_time_risk_proxy_v1,calendar_keep_tue_wed_thu_h13_tp06_sl065,0.6684999999999036,-0.3815000000000963,-1.081500000000096,0,0,0,0,0.3815000000000963,39.86999999999989,4.75,0.19578947368422392,7.1400000000001,0.06162464985991891,3.240000000000009,2.9044999999999845,0.124,-1.0,,,13,2,2.0,2024
2024-02-15 13:00:00+00:00|1.0|calendar_keep_tue_wed_thu_h13_tp06_sl065,2024-02-15 13:00:00+00:00,STAGE28A,data/reports/stage28a_discovery_factory_batch_runner/stage28a_exact_trades.csv,calendar_time_risk_proxy_v1,calendar_keep_tue_wed_thu_h13_tp06_sl065,0.390099999999984,-0.6599000000000159,-1.3599000000000157,0,0,0,0,0.6599000000000159,11.839999999999918,4.119999999999891,0.41262135922332294,6.5,0.6123076923076951,2.1800000000000637,2.6799999999999726,0.084,1.0,,,13,3,2.0,2024
2024-02-20 13:00:00+00:00|1.0|calendar_keep_tue_wed_thu_h13_tp06_sl065,2024-02-20 13:00:00+00:00,STAGE28A,data/reports/stage28a_discovery_factory_batch_runner/stage28a_exact_trades.csv,calendar_time_risk_proxy_v1,calendar_keep_tue_wed_thu_h13_tp06_sl065,0.5467000000000098,-0.5032999999999901,-1.2032999999999898,0,0,0,0,0.5032999999999901,10.980000000000018,4.650000000000091,0.7053763440860508,9.879999999999882,0.6730769230769174,4.079999999999927,2.237500000000023,0.072,1.0,,,13,1,2.0,2024
2024-02-21 13:00:00+00:00|-1.0|calendar_keep_tue_wed_thu_h13_tp06_sl065,2024-02-21 13:00:00+00:00,STAGE28A,data/reports/stage28a_discovery_factory_batch_runner/stage28a_exact_trades.csv,calendar_time_risk_proxy_v1,calendar_keep_tue_wed_thu_h13_tp06_sl065,-1.135525000000007,-2.185525000000007,-2.8855250000000066,0,0,0,0,2.185525000000007,15.829999999999927,8.420000000000073,0.8016627078384729,6.25,0.15520000000000436,2.1699999999998454,2.332500000000027,0.108,-1.0,,,13,2,2.0,2024
2024-02-22 13:00:00+00:00|1.0|calendar_keep_tue_wed_thu_h13_tp06_sl065,2024-02-22 13:00:00+00:00,STAGE28A,data/reports/stage28a_discovery_factory_batch_runner/stage28a_exact_trades.csv,calendar_time_risk_proxy_v1,calendar_keep_tue_wed_thu_h13_tp06_sl065,0.6531999999998789,-0.396800000000121,-1.0968000000001208,0,0,0,0,0.396800000000121,12.1400000000001,3.849999999999909,0.7974025974025997,6.670000000000073,0.1004497751124536,2.019999999999982,2.9270000000000325,0.388,1.0,,,13,3,2.0,2024
2024-02-27 13:00:00+00:00|1.0|calendar_keep_tue_wed_thu_h13_tp06_sl065,2024-02-27 13:00:00+00:00,STAGE28A,data/reports/stage28a_discovery_factory_batch_runner/stage28a_exact_trades.csv,calendar_time_risk_proxy_v1,calendar_keep_tue_wed_thu_h13_tp06_sl065,-1.1920750000000226,-2.2420750000000225,-2.942075000000022,0,0,0,0,2.2420750000000225,12.009999999999991,4.0499999999999545,0.6246913580246917,6.789999999999964,0.42120765832108137,2.130000000000109,2.2745000000000006,0.088,1.0,,,13,1,2.0,2024
2024-02-28 13:00:00+00:00|-1.0|calendar_keep_tue_wed_thu_h13_tp06_sl065,2024-02-28 13:00:00+00:00,STAGE28A,data/reports/stage28a_discovery_factory_batch_runner/stage28a_exact_trades.csv,calendar_time_risk_proxy_v1,calendar_keep_tue_wed_thu_h13_tp06_sl065,-1.1283750000000965,-2.1783750000000963,-2.878375000000096,0,0,0,0,2.1783750000000963,10.730000000000018,4.599999999999909,0.01956521739133637,7.720000000000027,0.3873056994818651,3.1099999999999,2.473999999999978,0.164,-1.0,,,13,2,2.0,2024
2024-02-29 13:00:00+00:00|-1.0|calendar_keep_tue_wed_thu_h13_tp06_sl065,2024-02-29 13:00:00+00:00,STAGE28A,data/reports/stage28a_discovery_factory_batch_runner/stage28a_exact_trades.csv,calendar_time_risk_proxy_v1,calendar_keep_tue_wed_thu_h13_tp06_sl065,0.3826000000000477,-0.6673999999999523,-1.367399999999952,0,0,0,0,0.6673999999999523,13.420000000000073,3.1299999999998818,0.1629392971246039,7.2999999999999545,0.5931506849315318,4.240000000000009,2.2214999999999576,0.072,-1.0,,,13,3,2.0,2024
2024-03-05 13:00:00+00:00|1.0|calendar_keep_tue_wed_thu_h13_tp06_sl065,2024-03-05 13:00:00+00:00,STAGE28A,data/reports/stage28a_discovery_factory_batch_runner/stage28a_exact_trades.csv,calendar_time_risk_proxy_v1,calendar_keep_tue_wed_thu_h13_tp06_sl065,-2.000349999999889,-3.0503499999998893,-3.750349999999889,0,0,0,0,3.0503499999998893,40.370000000000346,6.349999999999909,0.22204724409446847,13.2800000000002,0.5813253012047954,3.880000000000109,4.7870000000000115,0.864,1.0,,,13,1,3.0,2024
2024-03-06 13:00:00+00:00|1.0|calendar_keep_tue_wed_thu_h13_tp06_sl065,2024-03-06 13:00:00+00:00,STAGE28A,data/reports/stage28a_discovery_factory_batch_runner/stage28a_exact_trades.csv,calendar_time_risk_proxy_v1,calendar_keep_tue_wed_thu_h13_tp06_sl065,-1.7273499999997513,-2.777349999999751,-3.477349999999751,0,0,0,0,2.777349999999751,31.329999999999927,4.799999999999727,0.38333333333338543,7.150000000000091,0.07412587412590117,4.029999999999745,3.9264999999999417,0.732,1.0,,,13,2,3.0,2024
2024-03-07 13:00:00+00:00|-1.0|calendar_keep_tue_wed_thu_h13_tp06_sl065,2024-03-07 13:00:00+00:00,STAGE28A,data/reports/stage28a_discovery_factory_batch_runner/stage28a_exact_trades.csv,calendar_time_risk_proxy_v1,calendar_keep_tue_wed_thu_h13_tp06_sl065,-1.7604999999999564,-2.8104999999999563,-3.510499999999956,0,0,0,0,2.8104999999999563,28.549999999999727,17.11999999999989,0.6407710280374022,8.299999999999727,0.07108433734936268,2.819999999999709,5.8159999999999625,0.908,-1.0,,,13,3,3.0,2024
2024-03-12 13:00:00+00:00|-1.0|calendar_keep_tue_wed_thu_h13_tp06_sl065,2024-03-12 13:00:00+00:00,STAGE28A,data/reports/stage28a_discovery_factory_batch_runner/stage28a_exact_trades.csv,calendar_time_risk_proxy_v1,calendar_keep_tue_wed_thu_h13_tp06_sl065,-1.4384249999999157,-2.4884249999999155,-3.1884249999999152,0,0,0,0,2.4884249999999155,14.239999999999782,7.929999999999836,0.5056746532156748,5.539999999999964,0.30685920577622455,2.230000000000018,3.506999999999903,0.352,-1.0,,,13,1,3.0,2024
2024-03-13 13:00:00+00:00|-1.0|calendar_keep_tue_wed_thu_h13_tp06_sl065,2024-03-13 13:00:00+00:00,STAGE28A,data/reports/stage28a_discovery_factory_batch_runner/stage28a_exact_trades.csv,calendar_time_risk_proxy_v1,calendar_keep_tue_wed_thu_h13_tp06_sl065,-1.4328999999998815,-2.4828999999998813,-3.182899999999881,0,0,0,0,2.4828999999998813,34.179999999999836,5.730000000000018,0.41884816753928156,6.049999999999727,0.6694214876033661,5.5099999999997635,4.154999999999927,0.3,-1.0,,,13,2,3.0,2024
2024-03-14 13:00:00+00:00|-1.0|calendar_keep_tue_wed_thu_h13_tp06_sl065,2024-03-14 13:00:00+00:00,STAGE28A,data/reports/stage28a_discovery_factory_batch_runner/stage28a_exact_trades.csv,calendar_time_risk_proxy_v1,calendar_keep_tue_wed_thu_h13_tp06_sl065,-1.3197999999998502,-2.36979999999985,-3.0697999999998498,0,0,0,0,2.36979999999985,24.059999999999945,5.920000000000073,0.44087837837839444,4.599999999999909,0.2434782608695463,2.869999999999891,3.046000000000004,0.056,-1.0,,,13,3,3.0,2024
2024-03-19 13:00:00+00:00|-1.0|calendar_keep_tue_wed_thu_h13_tp06_sl065,2024-03-19 13:00:00+00:00,STAGE28A,data/reports/stage28a_discovery_factory_batch_runner/stage28a_exact_trades.csv,calendar_time_risk_proxy_v1,calendar_keep_tue_wed_thu_h13_tp06_sl065,-1.92202499999994,-2.9720249999999395,-3.6720249999999393,0,0,0,0,2.9720249999999395,17.559999999999945,4.1599999999998545,0.16105769230771544,13.179999999999836,0.4613050075872536,3.869999999999891,3.177499999999918,0.036,-1.0,,,13,1,3.0,2024
2024-03-20 13:00:00+00:00|-1.0|calendar_keep_tue_wed_thu_h13_tp06_sl065,2024-03-20 13:00:00+00:00,STAGE28A,data/reports/stage28a_discovery_factory_batch_runner/stage28a_exact_trades.csv,calendar_time_risk_proxy_v1,calendar_keep_tue_wed_thu_h13_tp06_sl065,-1.378949999999895,-2.428949999999895,-3.128949999999895,0,0,0,0,2.428949999999895,15.599999999999909,5.110000000000127,0.031311154598796576,7.079999999999927,0.3587570621468912,2.5099999999997635,2.52349999999999,0.004,-1.0,,,13,2,3.0,2024
2024-03-21 13:00:00+00:00|1.0|calendar_keep_tue_wed_thu_h13_tp06_sl065,2024-03-21 13:00:00+00:00,STAGE28A,data/reports/stage28a_discovery_factory_batch_runner/stage28a_exact_trades.csv,calendar_time_risk_proxy_v1,calendar_keep_tue_wed_thu_h13_tp06_sl065,-2.309749999999985,-3.3597499999999854,-4.059749999999985,0,0,0,1,3.3597499999999854,56.710000000000036,36.17000000000007,0.017694221730712507,14.86999999999989,0.2958977807666525,6.569999999999709,8.787499999999977,0.988,1.0,,,13,3,3.0,2024
2024-03-26 13:00:00+00:00|1.0|calendar_keep_tue_wed_thu_h13_tp06_sl065,2024-03-26 13:00:00+00:00,STAGE28A,data/reports/stage28a_discovery_factory_batch_runner/stage28a_exact_trades.csv,calendar_time_risk_proxy_v1,calendar_keep_tue_wed_thu_h13_tp06_sl065,-2.34777499999982,-3.3977749999998195,-4.097774999999819,0,0,0,1,3.3977749999998195,17.779999999999745,6.839999999999691,0.09941520467834314,30.460000000000036,0.8365068942875898,9.3100000000004,4.076999999999953,0.496,1.0,,,13,1,3.0,2024
2024-03-27 13:00:00+00:00|1.0|calendar_keep_tue_wed_thu_h13_tp06_sl065,2024-03-27 13:00:00+00:00,STAGE28A,data/reports/stage28a_discovery_factory_batch_runner/stage28a_exact_trades.csv,calendar_time_risk_proxy_v1,calendar_keep_tue_wed_thu_h13_tp06_sl065,1.5381999999998697,0.4881999999998698,-0.2118000000001298,1,0,1,0,0.4881999999998698,32.460000000000036,8.480000000000018,0.12264150943395771,18.800000000000182,0.8202127659574427,5.809999999999945,4.6720000000000255,0.6,1.0,,,13,2,3.0,2024
2024-03-28 13:00:00+00:00|1.0|calendar_keep_tue_wed_thu_h13_tp06_sl065,2024-03-28 13:00:00+00:00,STAGE28A,data/reports/stage28a_discovery_factory_batch_runner/stage28a_exact_trades.csv,calendar_time_risk_proxy_v1,calendar_keep_tue_wed_thu_h13_tp06_sl065,-2.364674999999897,-3.4146749999998973,-4.114674999999897,0,0,0,1,3.4146749999998973,24.330000000000382,9.559999999999945,0.5041841004184301,22.920000000000073,0.7273123909249374,16.63000000000011,4.6440000000000055,0.538,1.0,,,13,3,3.0,2024
2024-04-02 13:00:00+00:00|1.0|calendar_keep_tue_wed_thu_h13_tp06_sl065,2024-04-02 13:00:00+00:00,STAGE28A,data/reports/stage28a_discovery_factory_batch_runner/stage28a_exact_trades.csv,calendar_time_risk_proxy_v1,calendar_keep_tue_wed_thu_h13_tp06_sl065,1.31800000000012,0.2680000000001201,-0.4319999999998796,1,0,1,0,0.2680000000001201,37.11999999999989,9.169999999999618,0.22246455834242623,16.440000000000055,0.5675182481751762,7.210000000000036,6.227000000000066,0.728,1.0,,,13,1,4.0,2024
2024-04-03 13:00:00+00:00|-1.0|calendar_keep_tue_wed_thu_h13_tp06_sl065,2024-04-03 13:00:00+00:00,STAGE28A,data/reports/stage28a_discovery_factory_batch_runner/stage28a_exact_trades.csv,calendar_time_risk_proxy_v1,calendar_keep_tue_wed_thu_h13_tp06_sl065,-2.519699999999921,-3.5696999999999206,-4.26969999999992,0,0,0,1,3.5696999999999206,35.35999999999967,11.590000000000146,0.28127696289906623,19.360000000000127,0.6714876033057807,5.150000000000091,7.227500000000032,0.736,-1.0,,,13,2,4.0,2024
2024-04-04 13:00:00+00:00|-1.0|calendar_keep_tue_wed_thu_h13_tp06_sl065,2024-04-04 13:00:00+00:00,STAGE28A,data/reports/stage28a_discovery_factory_batch_runner/stage28a_exact_trades.csv,calendar_time_risk_proxy_v1,calendar_keep_tue_wed_thu_h13_tp06_sl065,1.1035000000000763,0.0535000000000764,-0.6464999999999232,1,0,0,0,0.0535000000000764,36.26999999999998,8.36999999999989,0.30943847072881475,9.809999999999945,0.5983690112130865,3.2899999999999636,5.460999999999944,0.38,-1.0,,,13,3,4.0,2024
2024-04-09 13:00:00+00:00|1.0|calendar_keep_tue_wed_thu_h13_tp06_sl065,2024-04-09 13:00:00+00:00,STAGE28A,data/reports/stage28a_discovery_factory_batch_runner/stage28a_exact_trades.csv,calendar_time_risk_proxy_v1,calendar_keep_tue_wed_thu_h13_tp06_sl065,1.8130000000000108,0.763000000000011,0.0630000000000112,1,1,1,0,0.763000000000011,51.0300000000002,11.669999999999618,0.43958868894603914,22.269999999999982,0.8630444544230027,8.110000000000127,5.683000000000038,0.324,1.0,,,13,1,4.0,2024
2024-04-10 13:00:00+00:00|1.0|calendar_keep_tue_wed_thu_h13_tp06_sl065,2024-04-10 13:00:00+00:00,STAGE28A,data/reports/stage28a_discovery_factory_batch_runner/stage28a_exact_trades.csv,calendar_time_risk_proxy_v1,calendar_keep_tue_wed_thu_h13_tp06_sl065,-2.1709750000000896,-3.2209750000000894,-3.920975000000089,0,0,0,1,3.2209750000000894,28.559999999999945,10.890000000000327,0.09641873278238296,14.990000000000236,0.24016010673784569,9.75,6.445500000000038,0.4,1.0,,,13,2,4.0,2024
2024-04-11 13:00:00+00:00|-1.0|calendar_keep_tue_wed_thu_h13_tp06_sl065,2024-04-11 13:00:00+00:00,STAGE28A,data/reports/stage28a_discovery_factory_batch_runner/stage28a_exact_trades.csv,calendar_time_risk_proxy_v1,calendar_keep_tue_wed_thu_h13_tp06_sl065,1.939600000000064,0.8896000000000641,0.1896000000000643,1,1,1,0,0.8896000000000641,40.75,13.490000000000236,0.5937731653076074,20.360000000000127,0.6512770137524625,7.230000000000018,7.8875,0.668,-1.0,,,13,3,4.0,2024
2024-04-16 13:00:00+00:00|-1.0|calendar_keep_tue_wed_thu_h13_tp06_sl065,2024-04-16 13:00:00+00:00,STAGE28A,data/reports/stage28a_discovery_factory_batch_runner/stage28a_exact_trades.csv,calendar_time_risk_proxy_v1,calendar_keep_tue_wed_thu_h13_tp06_sl065,2.1060999999998784,1.0560999999998786,0.3560999999998788,1,1,1,0,1.0560999999998786,63.18000000000029,12.900000000000091,0.28062015503874926,25.980000000000018,0.6023864511162463,5.679999999999836,10.346500000000015,0.76,-1.0,,,13,1,4.0,2024
2024-04-17 13:00:00+00:00|1.0|calendar_keep_tue_wed_thu_h13_tp06_sl065,2024-04-17 13:00:00+00:00,STAGE28A,data/reports/stage28a_discovery_factory_batch_runner/stage28a_exact_trades.csv,calendar_time_risk_proxy_v1,calendar_keep_tue_wed_thu_h13_tp06_sl065,1.8067000000000009,0.7567000000000008,0.056700000000001,1,1,1,0,0.7567000000000008,35.210000000000036,6.400000000000091,0.5015624999999986,21.559999999999945,0.4809833024118911,4.470000000000255,8.293000000000053,0.512,1.0,,,13,2,4.0,2024
2024-04-18 13:00:00+00:00|1.0|calendar_keep_tue_wed_thu_h13_tp06_sl065,2024-04-18 13:00:00+00:00,STAGE28A,data/reports/stage28a_discovery_factory_batch_runner/stage28a_exact_trades.csv,calendar_time_risk_proxy_v1,calendar_keep_tue_wed_thu_h13_tp06_sl065,1.0440999999999805,-0.0059000000000195,-0.7059000000000193,0,0,0,0,0.0059000000000195,41.0,12.240000000000236,0.7802287581699344,7.890000000000327,0.6387832699619461,2.980000000000018,7.231500000000028,0.244,1.0,,,13,3,4.0,2024
2024-04-23 13:00:00+00:00|1.0|calendar_keep_tue_wed_thu_h13_tp06_sl065,2024-04-23 13:00:00+00:00,STAGE28A,data/reports/stage28a_discovery_factory_batch_runner/stage28a_exact_trades.csv,calendar_time_risk_proxy_v1,calendar_keep_tue_wed_thu_h13_tp06_sl065,-3.367624999999953,-4.417624999999953,-5.117624999999952,0,0,0,1,4.417624999999953,63.82999999999993,38.82999999999993,0.7180015451970168,23.220000000000255,0.30146425495262374,11.920000000000073,9.332500000000005,0.672,1.0,,,13,1,4.0,2024
2024-04-24 13:00:00+00:00|-1.0|calendar_keep_tue_wed_thu_h13_tp06_sl065,2024-04-24 13:00:00+00:00,STAGE28A,data/reports/stage28a_discovery_factory_batch_runner/stage28a_exact_trades.csv,calendar_time_risk_proxy_v1,calendar_keep_tue_wed_thu_h13_tp06_sl065,1.4943999999999504,0.4443999999999506,-0.2556000000000491,1,0,1,0,0.4443999999999506,42.88000000000011,12.400000000000091,0.5016129032258233,19.4399999999996,0.6682098765432124,7.519999999999982,6.071000000000117,0.028,-1.0,,,13,2,4.0,2024
2024-04-25 13:00:00+00:00|1.0|calendar_keep_tue_wed_thu_h13_tp06_sl065,2024-04-25 13:00:00+00:00,STAGE28A,data/reports/stage28a_discovery_factory_batch_runner/stage28a_exact_trades.csv,calendar_time_risk_proxy_v1,calendar_keep_tue_wed_thu_h13_tp06_sl065,1.1512000000001534,0.1012000000001536,-0.5987999999998461,1,0,0,0,0.1012000000001536,25.480000000000018,17.029999999999745,0.28185554903113647,16.4699999999998,0.7109896782028038,3.400000000000091,6.169999999999959,0.04,1.0,,,13,3,4.0,2024
2024-04-30 13:00:00+00:00|-1.0|calendar_keep_tue_wed_thu_h13_tp06_sl065,2024-04-30 13:00:00+00:00,STAGE28A,data/reports/stage28a_discovery_factory_batch_runner/stage28a_exact_trades.csv,calendar_time_risk_proxy_v1,calendar_keep_tue_wed_thu_h13_tp06_sl065,1.4475999999998748,0.3975999999998749,-0.3024000000001248,1,0,1,0,0.3975999999998749,26.919999999999618,9.320000000000164,0.6115879828326366,18.879999999999654,0.7733050847457721,5.059999999999945,5.167000000000007,0.02,-1.0,,,13,1,4.0,2024
2024-05-01 13:00:00+00:00|1.0|calendar_keep_tue_wed_thu_h13_tp06_sl065,2024-05-01 13:00:00+00:00,STAGE28A,data/reports/stage28a_discovery_factory_batch_runner/stage28a_exact_trades.csv,calendar_time_risk_proxy_v1,calendar_keep_tue_wed_thu_h13_tp06_sl065,-1.898949999999877,-2.948949999999877,-3.6489499999998767,0,0,0,0,2.948949999999877,51.51000000000022,10.38000000000011,0.6984585741811102,11.5,0.6782608695652332,7.360000000000127,5.703000000000043,0.088,1.0,,,13,2,5.0,2024
2024-05-02 13:00:00+00:00|-1.0|calendar_keep_tue_wed_thu_h13_tp06_sl065,2024-05-02 13:00:00+00:00,STAGE28A,data/reports/stage28a_discovery_factory_batch_runner/stage28a_exact_trades.csv,calendar_time_risk_proxy_v1,calendar_keep_tue_wed_thu_h13_tp06_sl065,-2.526524999999856,-3.576524999999856,-4.276524999999856,0,0,0,1,3.576524999999856,46.82999999999993,9.070000000000164,0.1422271223814708,22.340000000000146,0.8012533572068028,6.7400000000002365,8.24950000000008,0.76,-1.0,,,13,3,5.0,2024
2024-05-07 13:00:00+00:00|-1.0|calendar_keep_tue_wed_thu_h13_tp06_sl065,2024-05-07 13:00:00+00:00,STAGE28A,data/reports/stage28a_discovery_factory_batch_runner/stage28a_exact_trades.csv,calendar_time_risk_proxy_v1,calendar_keep_tue_wed_thu_h13_tp06_sl065,1.2831999999997603,0.2331999999997607,-0.466800000000239,1,0,1,0,0.2331999999997607,40.370000000000346,10.279999999999745,0.17217898832685075,13.360000000000127,0.8345808383233181,4.529999999999745,5.159999999999968,0.052,-1.0,,,13,1,5.0,2024
2024-05-08 13:00:00+00:00|-1.0|calendar_keep_tue_wed_thu_h13_tp06_sl065,2024-05-08 13:00:00+00:00,STAGE28A,data/reports/stage28a_discovery_factory_batch_runner/stage28a_exact_trades.csv,calendar_time_risk_proxy_v1,calendar_keep_tue_wed_thu_h13_tp06_sl065,1.1557000000001607,0.1057000000001608,-0.5942999999998388,1,0,0,0,0.1057000000001608,20.179999999999836,11.240000000000236,0.22775800711742808,17.86999999999989,0.35926133184108067,4.429999999999836,4.8720000000000026,0.056,-1.0,,,13,2,5.0,2024
2024-05-09 13:00:00+00:00|-1.0|calendar_keep_tue_wed_thu_h13_tp06_sl065,2024-05-09 13:00:00+00:00,STAGE28A,data/reports/stage28a_discovery_factory_batch_runner/stage28a_exact_trades.csv,calendar_time_risk_proxy_v1,calendar_keep_tue_wed_thu_h13_tp06_sl065,-1.9889749999998456,-3.0389749999998457,-3.738974999999845,0,0,0,0,3.0389749999998457,17.86999999999989,4.970000000000255,0.5010060362173258,13.08999999999969,0.35752482811305936,5.210000000000036,4.1729999999999565,0.004,-1.0,,,13,3,5.0,2024
2024-05-14 13:00:00+00:00|1.0|calendar_keep_tue_wed_thu_h13_tp06_sl065,2024-05-14 13:00:00+00:00,STAGE28A,data/reports/stage28a_discovery_factory_batch_runner/stage28a_exact_trades.csv,calendar_time_risk_proxy_v1,calendar_keep_tue_wed_thu_h13_tp06_sl065,-2.015300000000116,-3.065300000000116,-3.7653000000001153,0,0,0,1,3.065300000000116,32.95000000000027,9.570000000000164,0.5862068965517274,12.2800000000002,0.2394136807817595,4.670000000000073,4.2309999999999945,0.016,1.0,,,13,1,5.0,2024
2024-05-15 13:00:00+00:00|1.0|calendar_keep_tue_wed_thu_h13_tp06_sl065,2024-05-15 13:00:00+00:00,STAGE28A,data/reports/stage28a_discovery_factory_batch_runner/stage28a_exact_trades.csv,calendar_time_risk_proxy_v1,calendar_keep_tue_wed_thu_h13_tp06_sl065,-2.0400000000000547,-3.0900000000000545,-3.790000000000054,0,0,0,1,3.0900000000000545,24.920000000000073,6.110000000000127,0.46808510638298984,18.5300000000002,0.47706422018348893,6.0600000000004,4.572000000000026,0.084,1.0,,,13,2,5.0,2024
2024-05-16 13:00:00+00:00|-1.0|calendar_keep_tue_wed_thu_h13_tp06_sl065,2024-05-16 13:00:00+00:00,STAGE28A,data/reports/stage28a_discovery_factory_batch_runner/stage28a_exact_trades.csv,calendar_time_risk_proxy_v1,calendar_keep_tue_wed_thu_h13_tp06_sl065,1.1017000000000734,0.0517000000000735,-0.6482999999999262,1,0,0,0,0.0517000000000735,38.40000000000009,13.050000000000182,0.029885057471289042,10.909999999999854,0.31072410632446545,4.1599999999998545,6.196500000000038,0.544,-1.0,,,13,3,5.0,2024
2024-05-21 13:00:00+00:00|1.0|calendar_keep_tue_wed_thu_h13_tp06_sl065,2024-05-21 13:00:00+00:00,STAGE28A,data/reports/stage28a_discovery_factory_batch_runner/stage28a_exact_trades.csv,calendar_time_risk_proxy_v1,calendar_keep_tue_wed_thu_h13_tp06_sl065,1.9677999999998064,0.9177999999998064,0.2177999999998068,1,1,1,0,0.9177999999998064,42.86999999999989,26.63000000000011,0.5005632745024361,13.569999999999709,0.19012527634491064,7.949999999999818,7.520499999999947,0.808,1.0,,,13,1,5.0,2024
2024-05-22 13:00:00+00:00|1.0|calendar_keep_tue_wed_thu_h13_tp06_sl065,2024-05-22 13:00:00+00:00,STAGE28A,data/reports/stage28a_discovery_factory_batch_runner/stage28a_exact_trades.csv,calendar_time_risk_proxy_v1,calendar_keep_tue_wed_thu_h13_tp06_sl065,1.5138999999998304,0.4638999999998305,-0.2361000000001691,1,0,1,0,0.4638999999998305,27.610000000000127,13.980000000000018,0.5615164520744172,7.930000000000291,0.3947036569987382,3.5299999999997453,5.077499999999918,0.304,1.0,,,13,2,5.0,2024
2024-05-23 13:00:00+00:00|-1.0|calendar_keep_tue_wed_thu_h13_tp06_sl065,2024-05-23 13:00:00+00:00,STAGE28A,data/reports/stage28a_discovery_factory_batch_runner/stage28a_exact_trades.csv,calendar_time_risk_proxy_v1,calendar_keep_tue_wed_thu_h13_tp06_sl065,2.133700000000226,1.0837000000002264,0.3837000000002266,1,1,1,0,1.0837000000002264,51.76999999999998,16.980000000000018,0.47820965842166563,19.029999999999745,0.44245927482922676,5.489999999999782,8.192500000000019,0.86,-1.0,,,13,3,5.0,2024
2024-05-28 13:00:00+00:00|-1.0|calendar_keep_tue_wed_thu_h13_tp06_sl065,2024-05-28 13:00:00+00:00,STAGE28A,data/reports/stage28a_discovery_factory_batch_runner/stage28a_exact_trades.csv,calendar_time_risk_proxy_v1,calendar_keep_tue_wed_thu_h13_tp06_sl065,1.157799999999861,0.1077999999998611,-0.5922000000001386,1,0,0,0,0.1077999999998611,26.420000000000073,7.220000000000255,0.17313019390581108,13.699999999999818,0.5335766423357695,2.819999999999709,4.2375,0.056,-1.0,,,13,1,5.0,2024
2024-05-29 13:00:00+00:00|-1.0|calendar_keep_tue_wed_thu_h13_tp06_sl065,2024-05-29 13:00:00+00:00,STAGE28A,data/reports/stage28a_discovery_factory_batch_runner/stage28a_exact_trades.csv,calendar_time_risk_proxy_v1,calendar_keep_tue_wed_thu_h13_tp06_sl065,-2.273350000000028,-3.323350000000028,-4.023350000000027,0,0,0,1,3.323350000000028,24.059999999999945,7.930000000000291,0.12862547288776097,20.700000000000273,0.6120772946859638,5.320000000000164,5.17150000000006,0.272,-1.0,,,13,2,5.0,2024
2024-05-30 13:00:00+00:00|1.0|calendar_keep_tue_wed_thu_h13_tp06_sl065,2024-05-30 13:00:00+00:00,STAGE28A,data/reports/stage28a_discovery_factory_batch_runner/stage28a_exact_trades.csv,calendar_time_risk_proxy_v1,calendar_keep_tue_wed_thu_h13_tp06_sl065,1.7560000000002218,0.706000000000222,0.0060000000002222,1,1,1,0,0.706000000000222,28.059999999999945,11.800000000000182,0.2771186440677908,15.559999999999945,0.06876606683805704,6.309999999999945,5.321000000000095,0.308,1.0,,,13,3,5.0,2024
2024-06-04 13:00:00+00:00|-1.0|calendar_keep_tue_wed_thu_h13_tp06_sl065,2024-06-04 13:00:00+00:00,STAGE28A,data/reports/stage28a_discovery_factory_batch_runner/stage28a_exact_trades.csv,calendar_time_risk_proxy_v1,calendar_keep_tue_wed_thu_h13_tp06_sl065,1.499499999999807,0.4494999999998073,-0.2505000000001924,1,0,1,0,0.4494999999998073,40.159999999999854,9.600000000000364,0.5281249999999971,25.079999999999927,0.6399521531100569,7.400000000000091,5.378999999999974,0.296,-1.0,,,13,1,6.0,2024
2024-06-05 13:00:00+00:00|-1.0|calendar_keep_tue_wed_thu_h13_tp06_sl065,2024-06-05 13:00:00+00:00,STAGE28A,data/reports/stage28a_discovery_factory_batch_runner/stage28a_exact_trades.csv,calendar_time_risk_proxy_v1,calendar_keep_tue_wed_thu_h13_tp06_sl065,-2.2012000000000627,-3.2512000000000625,-3.951200000000062,0,0,0,1,3.2512000000000625,37.41000000000031,12.010000000000218,0.7993338884262893,13.579999999999927,0.3645066273932139,2.869999999999891,4.862499999999931,0.124,-1.0,,,13,2,6.0,2024
2024-06-06 13:00:00+00:00|-1.0|calendar_keep_tue_wed_thu_h13_tp06_sl065,2024-06-06 13:00:00+00:00,STAGE28A,data/reports/stage28a_discovery_factory_batch_runner/stage28a_exact_trades.csv,calendar_time_risk_proxy_v1,calendar_keep_tue_wed_thu_h13_tp06_sl065,1.001799999999912,-0.0482000000000879,-0.7482000000000877,0,0,0,0,0.0482000000000879,31.670000000000073,20.389999999999873,0.564982834722906,12.929999999999836,0.5359628770301565,5.349999999999909,5.662499999999954,0.544,-1.0,,,13,3,6.0,2024
2024-06-11 13:00:00+00:00|1.0|calendar_keep_tue_wed_thu_h13_tp06_sl065,2024-06-11 13:00:00+00:00,STAGE28A,data/reports/stage28a_discovery_factory_batch_runner/stage28a_exact_trades.csv,calendar_time_risk_proxy_v1,calendar_keep_tue_wed_thu_h13_tp06_sl065,1.147899999999845,0.0978999999998451,-0.6021000000001546,1,0,0,0,0.0978999999998451,25.990000000000236,13.549999999999727,0.4479704797048181,9.990000000000236,0.2662662662662454,5.869999999999891,4.3929999999999385,0.068,1.0,,,13,1,6.0,2024
2024-06-12 13:00:00+00:00|-1.0|calendar_keep_tue_wed_thu_h13_tp06_sl065,2024-06-12 13:00:00+00:00,STAGE28A,data/reports/stage28a_discovery_factory_batch_runner/stage28a_exact_trades.csv,calendar_time_risk_proxy_v1,calendar_keep_tue_wed_thu_h13_tp06_sl065,-1.7101250000001529,-2.7601250000001527,-3.4601250000001524,0,0,0,0,2.7601250000001527,22.36999999999989,6.8400000000001455,0.42690058479532317,6.910000000000309,0.00289435600578595,3.25,3.8984999999999674,0.004,-1.0,,,13,2,6.0,2024
2024-06-13 13:00:00+00:00|1.0|calendar_keep_tue_wed_thu_h13_tp06_sl065,2024-06-13 13:00:00+00:00,STAGE28A,data/reports/stage28a_discovery_factory_batch_runner/stage28a_exact_trades.csv,calendar_time_risk_proxy_v1,calendar_keep_tue_wed_thu_h13_tp06_sl065,-1.878150000000096,-2.928150000000096,-3.628150000000096,0,0,0,0,2.928150000000096,31.039999999999964,16.460000000000036,0.4696233292831106,9.580000000000382,0.12526096033400524,5.0300000000002,6.201499999999965,0.628,1.0,,,13,3,6.0,2024
2024-06-18 13:00:00+00:00|-1.0|calendar_keep_tue_wed_thu_h13_tp06_sl065,2024-06-18 13:00:00+00:00,STAGE28A,data/reports/stage28a_discovery_factory_batch_runner/stage28a_exact_trades.csv,calendar_time_risk_proxy_v1,calendar_keep_tue_wed_thu_h13_tp06_sl065,0.9297999999997956,-0.1202000000002043,-0.8202000000002041,0,0,0,0,0.1202000000002043,23.170000000000073,6.5,0.5292307692307776,14.090000000000146,0.9488999290276939,3.3600000000001273,4.485500000000002,0.072,-1.0,,,13,1,6.0,2024
2024-06-19 13:00:00+00:00|1.0|calendar_keep_tue_wed_thu_h13_tp06_sl065,2024-06-19 13:00:00+00:00,STAGE28A,data/reports/stage28a_discovery_factory_batch_runner/stage28a_exact_trades.csv,calendar_time_risk_proxy_v1,calendar_keep_tue_wed_thu_h13_tp06_sl065,-1.537225000000126,-2.587225000000126,-3.287225000000125,0,0,0,0,2.587225000000126,26.699999999999818,5.2199999999998,0.003831417624517735,8.190000000000055,0.020757020757029503,5.0900000000001455,3.493999999999983,0.004,1.0,,,13,2,6.0,2024
2024-06-20 13:00:00+00:00|-1.0|calendar_keep_tue_wed_thu_h13_tp06_sl065,2024-06-20 13:00:00+00:00,STAGE28A,data/reports/stage28a_discovery_factory_batch_runner/stage28a_exact_trades.csv,calendar_time_risk_proxy_v1,calendar_keep_tue_wed_thu_h13_tp06_sl065,1.169800000000032,0.1198000000000321,-0.5801999999999676,1,0,0,0,0.1198000000000321,11.2800000000002,11.260000000000218,0.3152753108348235,14.260000000000218,0.03366058906030932,4.130000000000109,3.9765000000000557,0.108,-1.0,,,13,3,6.0,2024
2024-06-25 13:00:00+00:00|1.0|calendar_keep_tue_wed_thu_h13_tp06_sl065,2024-06-25 13:00:00+00:00,STAGE28A,data/reports/stage28a_discovery_factory_batch_runner/stage28a_exact_trades.csv,calendar_time_risk_proxy_v1,calendar_keep_tue_wed_thu_h13_tp06_sl065,-1.982799999999861,-3.032799999999861,-3.7327999999998607,0,0,0,0,3.032799999999861,17.15000000000009,11.150000000000091,0.6852017937219969,11.319999999999709,0.7915194346289989,4.769999999999982,4.180999999999949,0.152,1.0,,,13,1,6.0,2024
2024-06-26 13:00:00+00:00|-1.0|calendar_keep_tue_wed_thu_h13_tp06_sl065,2024-06-26 13:00:00+00:00,STAGE28A,data/reports/stage28a_discovery_factory_batch_runner/stage28a_exact_trades.csv,calendar_time_risk_proxy_v1,calendar_keep_tue_wed_thu_h13_tp06_sl065,-2.143674999999894,-3.1936749999998937,-3.893674999999893,0,0,0,1,3.1936749999998937,21.789999999999964,13.350000000000364,0.2636704119850102,8.690000000000055,0.11047180667434181,2.730000000000018,5.347500000000059,0.532,-1.0,,,13,2,6.0,2024
2024-06-27 13:00:00+00:00|1.0|calendar_keep_tue_wed_thu_h13_tp06_sl065,2024-06-27 13:00:00+00:00,STAGE28A,data/reports/stage28a_discovery_factory_batch_runner/stage28a_exact_trades.csv,calendar_time_risk_proxy_v1,calendar_keep_tue_wed_thu_h13_tp06_sl065,-2.018224999999893,-3.068224999999893,-3.7682249999998927,0,0,0,1,3.068224999999893,30.350000000000364,3.3899999999998727,0.22123893805310565,17.429999999999836,0.7917383820998457,6.599999999999909,3.5849999999999453,0.072,1.0,,,13,3,6.0,2024
2024-07-02 13:00:00+00:00|1.0|calendar_keep_tue_wed_thu_h13_tp06_sl065,2024-07-02 13:00:00+00:00,STAGE28A,data/reports/stage28a_discovery_factory_batch_runner/stage28a_exact_trades.csv,calendar_time_risk_proxy_v1,calendar_keep_tue_wed_thu_h13_tp06_sl065,1.1593000000001663,0.1093000000001667,-0.590699999999833,1,0,0,0,0.1093000000001667,20.0,8.61999999999989,0.6705336426913943,9.099999999999909,0.1329670329670383,7.779999999999745,4.302500000000032,0.236,1.0,,,13,1,7.0,2024
2024-07-03 13:00:00+00:00|1.0|calendar_keep_tue_wed_thu_h13_tp06_sl065,2024-07-03 13:00:00+00:00,STAGE28A,data/reports/stage28a_discovery_factory_batch_runner/stage28a_exact_trades.csv,calendar_time_risk_proxy_v1,calendar_keep_tue_wed_thu_h13_tp06_sl065,1.3182999999998173,0.2682999999998174,-0.4317000000001822,1,0,1,0,0.2682999999998174,17.820000000000164,5.660000000000309,0.28798586572430485,15.799999999999727,0.9164556962025199,4.339999999999691,4.3839999999999915,0.296,1.0,,,13,2,7.0,2024
2024-07-04 13:00:00+00:00|1.0|calendar_keep_tue_wed_thu_h13_tp06_sl065,2024-07-04 13:00:00+00:00,STAGE28A,data/reports/stage28a_discovery_factory_batch_runner/stage28a_exact_trades.csv,calendar_time_risk_proxy_v1,calendar_keep_tue_wed_thu_h13_tp06_sl065,0.9900999999998932,-0.0599000000001068,-0.7599000000001066,0,0,0,0,0.0599000000001068,38.039999999999964,6.5900000000001455,0.12139605462824951,9.259999999999764,0.0377969762419409,3.4299999999998363,4.107499999999959,0.116,1.0,,,13,3,7.0,2024
2024-07-09 13:00:00+00:00|-1.0|calendar_keep_tue_wed_thu_h13_tp06_sl065,2024-07-09 13:00:00+00:00,STAGE28A,data/reports/stage28a_discovery_factory_batch_runner/stage28a_exact_trades.csv,calendar_time_risk_proxy_v1,calendar_keep_tue_wed_thu_h13_tp06_sl065,-1.668525000000136,-2.718525000000136,-3.418525000000136,0,0,0,0,2.718525000000136,40.36999999999989,9.490000000000236,0.8303477344573144,10.409999999999854,0.3170028818443586,3.7400000000002365,4.889499999999975,0.476,-1.0,,,13,1,7.0,2024
2024-07-10 13:00:00+00:00|1.0|calendar_keep_tue_wed_thu_h13_tp06_sl065,2024-07-10 13:00:00+00:00,STAGE28A,data/reports/stage28a_discovery_factory_batch_runner/stage28a_exact_trades.csv,calendar_time_risk_proxy_v1,calendar_keep_tue_wed_thu_h13_tp06_sl065,-1.6103500000000168,-2.6603500000000166,-3.3603500000000164,0,0,0,0,2.6603500000000166,22.20999999999958,7.329999999999927,0.5184174624829767,8.309999999999945,0.4500601684716975,2.480000000000018,4.531500000000028,0.288,1.0,,,13,2,7.0,2024
2024-07-11 13:00:00+00:00|1.0|calendar_keep_tue_wed_thu_h13_tp06_sl065,2024-07-11 13:00:00+00:00,STAGE28A,data/reports/stage28a_discovery_factory_batch_runner/stage28a_exact_trades.csv,calendar_time_risk_proxy_v1,calendar_keep_tue_wed_thu_h13_tp06_sl065,-1.8654750000001517,-2.9154750000001517,-3.615475000000151,0,0,0,0,2.9154750000001517,23.670000000000073,9.08999999999969,0.6567656765677071,6.099999999999909,0.8606557377049309,3.2199999999998,3.767999999999984,0.144,1.0,,,13,3,7.0,2024
2024-07-16 13:00:00+00:00|1.0|calendar_keep_tue_wed_thu_h13_tp06_sl065,2024-07-16 13:00:00+00:00,STAGE28A,data/reports/stage28a_discovery_factory_batch_runner/stage28a_exact_trades.csv,calendar_time_risk_proxy_v1,calendar_keep_tue_wed_thu_h13_tp06_sl065,-2.216149999999834,-3.266149999999834,-3.9661499999998338,0,0,0,1,3.266149999999834,38.409999999999854,11.559999999999945,0.6643598615916845,18.269999999999982,0.75478927203065,8.320000000000164,5.3940000000000285,0.66,1.0,,,13,1,7.0,2024
2024-07-17 13:00:00+00:00|1.0|calendar_keep_tue_wed_thu_h13_tp06_sl065,2024-07-17 13:00:00+00:00,STAGE28A,data/reports/stage28a_discovery_factory_batch_runner/stage28a_exact_trades.csv,calendar_time_risk_proxy_v1,calendar_keep_tue_wed_thu_h13_tp06_sl065,1.8268000000001847,0.7768000000001849,0.0768000000001851,1,1,1,0,0.7768000000001849,49.659999999999854,18.299999999999727,0.15191256830602412,17.019999999999982,0.18801410105759556,5.699999999999818,7.180999999999995,0.952,1.0,,,13,2,7.0,2024
2024-07-18 13:00:00+00:00|-1.0|calendar_keep_tue_wed_thu_h13_tp06_sl065,2024-07-18 13:00:00+00:00,STAGE28A,data/reports/stage28a_discovery_factory_batch_runner/stage28a_exact_trades.csv,calendar_time_risk_proxy_v1,calendar_keep_tue_wed_thu_h13_tp06_sl065,1.2031000000000858,0.1531000000000859,-0.5468999999999138,1,0,1,0,0.1531000000000859,32.25999999999976,11.519999999999982,0.7647569444444409,10.329999999999927,0.23523717328168958,3.099999999999909,6.02800000000002,0.692,-1.0,,,13,3,7.0,2024
2024-07-23 13:00:00+00:00|1.0|calendar_keep_tue_wed_thu_h13_tp06_sl065,2024-07-23 13:00:00+00:00,STAGE28A,data/reports/stage28a_discovery_factory_batch_runner/stage28a_exact_trades.csv,calendar_time_risk_proxy_v1,calendar_keep_tue_wed_thu_h13_tp06_sl065,1.7665000000000872,0.7165000000000874,0.0165000000000876,1,1,1,0,0.7165000000000874,28.23999999999978,9.199999999999818,0.34239130434784276,20.019999999999982,0.43806193806193755,4.9099999999998545,5.389500000000021,0.384,1.0,,,13,1,7.0,2024
2024-07-24 13:00:00+00:00|-1.0|calendar_keep_tue_wed_thu_h13_tp06_sl065,2024-07-24 13:00:00+00:00,STAGE28A,data/reports/stage28a_discovery_factory_batch_runner/stage28a_exact_trades.csv,calendar_time_risk_proxy_v1,calendar_keep_tue_wed_thu_h13_tp06_sl065,-1.9990499999999884,-3.0490499999999883,-3.749049999999988,0,0,0,0,3.0490499999999883,23.950000000000273,13.399999999999636,0.53358208955226,9.379999999999654,0.32622601279323166,5.019999999999982,4.474999999999932,0.088,-1.0,,,13,2,7.0,2024
2024-07-25 13:00:00+00:00|-1.0|calendar_keep_tue_wed_thu_h13_tp06_sl065,2024-07-25 13:00:00+00:00,STAGE28A,data/reports/stage28a_discovery_factory_batch_runner/stage28a_exact_trades.csv,calendar_time_risk_proxy_v1,calendar_keep_tue_wed_thu_h13_tp06_sl065,2.1789999999999963,1.1289999999999965,0.4289999999999967,1,1,1,0,1.1289999999999965,35.4699999999998,34.38999999999987,0.6685082872928138,12.909999999999854,0.0859798605732099,5.730000000000018,8.440499999999929,0.972,-1.0,,,13,3,7.0,2024
2024-07-30 13:00:00+00:00|1.0|calendar_keep_tue_wed_thu_h13_tp06_sl065,2024-07-30 13:00:00+00:00,STAGE28A,data/reports/stage28a_discovery_factory_batch_runner/stage28a_exact_trades.csv,calendar_time_risk_proxy_v1,calendar_keep_tue_wed_thu_h13_tp06_sl065,0.8893000000001848,-0.1606999999998151,-0.8606999999998148,0,0,0,0,0.1606999999998151,33.460000000000036,9.460000000000036,0.18181818181820805,6.4099999999998545,0.5397815912636684,2.2600000000002183,4.942500000000041,0.068,1.0,,,13,1,7.0,2024
2024-07-31 13:00:00+00:00|1.0|calendar_keep_tue_wed_thu_h13_tp06_sl065,2024-07-31 13:00:00+00:00,STAGE28A,data/reports/stage28a_discovery_factory_batch_runner/stage28a_exact_trades.csv,calendar_time_risk_proxy_v1,calendar_keep_tue_wed_thu_h13_tp06_sl065,-2.229475000000184,-3.279475000000184,-3.979475000000184,0,0,0,1,3.279475000000184,36.43000000000029,15.139999999999873,0.47159841479523995,10.990000000000236,0.4003639672429478,4.430000000000291,6.458000000000107,0.528,1.0,,,13,2,7.0,2024
2024-08-01 13:00:00+00:00|-1.0|calendar_keep_tue_wed_thu_h13_tp06_sl065,2024-08-01 13:00:00+00:00,STAGE28A,data/reports/stage28a_discovery_factory_batch_runner/stage28a_exact_trades.csv,calendar_time_risk_proxy_v1,calendar_keep_tue_wed_thu_h13_tp06_sl065,1.47549999999992,0.42549999999992,-0.2745000000000797,1,0,1,0,0.42549999999992,46.98999999999978,20.950000000000273,0.23293556085919073,18.829999999999927,0.5268189060010439,4.900000000000091,6.938000000000011,0.756,-1.0,,,13,3,8.0,2024
2024-08-06 13:00:00+00:00|1.0|calendar_keep_tue_wed_thu_h13_tp06_sl065,2024-08-06 13:00:00+00:00,STAGE28A,data/reports/stage28a_discovery_factory_batch_runner/stage28a_exact_trades.csv,calendar_time_risk_proxy_v1,calendar_keep_tue_wed_thu_h13_tp06_sl065,-3.5259000000001834,-4.575900000000184,-5.275900000000183,0,0,0,1,4.575900000000184,94.65999999999985,13.960000000000036,0.005014326647576184,20.720000000000255,0.20945945945944197,5.320000000000164,8.264500000000089,0.744,1.0,,,13,1,8.0,2024
2024-08-07 13:00:00+00:00|1.0|calendar_keep_tue_wed_thu_h13_tp06_sl065,2024-08-07 13:00:00+00:00,STAGE28A,data/reports/stage28a_discovery_factory_batch_runner/stage28a_exact_trades.csv,calendar_time_risk_proxy_v1,calendar_keep_tue_wed_thu_h13_tp06_sl065,-2.3321750000000976,-3.3821750000000974,-4.082175000000097,0,0,0,1,3.3821750000000974,36.63000000000011,11.710000000000036,0.22715627668657953,11.829999999999927,0.7007607776838558,3.930000000000291,6.822499999999991,0.396,1.0,,,13,2,8.0,2024
2024-08-08 13:00:00+00:00|1.0|calendar_keep_tue_wed_thu_h13_tp06_sl065,2024-08-08 13:00:00+00:00,STAGE28A,data/reports/stage28a_discovery_factory_batch_runner/stage28a_exact_trades.csv,calendar_time_risk_proxy_v1,calendar_keep_tue_wed_thu_h13_tp06_sl065,1.679500000000098,0.6295000000000983,-0.0704999999999014,1,0,1,0,0.6295000000000983,28.01000000000022,14.150000000000091,0.7519434628975127,15.019999999999982,0.1291611185086589,5.150000000000091,5.698000000000024,0.1,1.0,,,13,3,8.0,2024
2024-08-13 13:00:00+00:00|-1.0|calendar_keep_tue_wed_thu_h13_tp06_sl065,2024-08-13 13:00:00+00:00,STAGE28A,data/reports/stage28a_discovery_factory_batch_runner/stage28a_exact_trades.csv,calendar_time_risk_proxy_v1,calendar_keep_tue_wed_thu_h13_tp06_sl065,-2.028625000000011,-3.078625000000011,-3.7786250000000106,0,0,0,1,3.078625000000011,50.149999999999636,16.190000000000055,0.6331068560840003,7.660000000000309,0.3694516971279129,3.150000000000091,5.561000000000059,0.14,-1.0,,,13,1,8.0,2024
2024-08-14 13:00:00+00:00|1.0|calendar_keep_tue_wed_thu_h13_tp06_sl065,2024-08-14 13:00:00+00:00,STAGE28A,data/reports/stage28a_discovery_factory_batch_runner/stage28a_exact_trades.csv,calendar_time_risk_proxy_v1,calendar_keep_tue_wed_thu_h13_tp06_sl065,-2.1628499999997985,-3.2128499999997984,-3.912849999999798,0,0,0,1,3.2128499999997984,18.51000000000022,17.210000000000036,0.2719349215572505,19.289999999999964,0.6174183514774431,4.269999999999982,5.153500000000031,0.036,1.0,,,13,2,8.0,2024
2024-08-15 13:00:00+00:00|1.0|calendar_keep_tue_wed_thu_h13_tp06_sl065,2024-08-15 13:00:00+00:00,STAGE28A,data/reports/stage28a_discovery_factory_batch_runner/stage28a_exact_trades.csv,calendar_time_risk_proxy_v1,calendar_keep_tue_wed_thu_h13_tp06_sl065,-1.8082749999999577,-2.8582749999999577,-3.558274999999957,0,0,0,0,2.8582749999999577,41.86000000000013,7.900000000000091,0.7367088607595059,8.480000000000018,0.36320754716980197,1.8999999999996362,4.555499999999961,0.016,1.0,,,13,3,8.0,2024
2024-08-20 13:00:00+00:00|1.0|calendar_keep_tue_wed_thu_h13_tp06_sl065,2024-08-20 13:00:00+00:00,STAGE28A,data/reports/stage28a_discovery_factory_batch_runner/stage28a_exact_trades.csv,calendar_time_risk_proxy_v1,calendar_keep_tue_wed_thu_h13_tp06_sl065,2.006499999999869,0.9564999999998692,0.2564999999998694,1,1,1,0,0.9564999999998692,23.800000000000182,9.5,0.2642105263157646,27.909999999999854,0.7115729129344404,5.519999999999982,5.144999999999982,0.08,1.0,,,13,1,8.0,2024
2024-08-21 13:00:00+00:00|-1.0|calendar_keep_tue_wed_thu_h13_tp06_sl065,2024-08-21 13:00:00+00:00,STAGE28A,data/reports/stage28a_discovery_factory_batch_runner/stage28a_exact_trades.csv,calendar_time_risk_proxy_v1,calendar_keep_tue_wed_thu_h13_tp06_sl065,-2.37539999999999,-3.4253999999999905,-4.12539999999999,0,0,0,1,3.4253999999999905,34.36999999999989,9.070000000000164,0.2987872105843426,15.009999999999764,0.7854763491006096,4.589999999999691,6.100000000000068,0.44,-1.0,,,13,2,8.0,2024
2024-08-22 13:00:00+00:00|1.0|calendar_keep_tue_wed_thu_h13_tp06_sl065,2024-08-22 13:00:00+00:00,STAGE28A,data/reports/stage28a_discovery_factory_batch_runner/stage28a_exact_trades.csv,calendar_time_risk_proxy_v1,calendar_keep_tue_wed_thu_h13_tp06_sl065,1.5775000000002364,0.5275000000002366,-0.1724999999997631,1,0,1,0,0.5275000000002366,26.590000000000146,14.809999999999945,0.7758271438217609,11.340000000000146,0.4276895943562876,6.849999999999909,5.757500000000005,0.328,1.0,,,13,3,8.0,2024
2024-08-27 13:00:00+00:00|1.0|calendar_keep_tue_wed_thu_h13_tp06_sl065,2024-08-27 13:00:00+00:00,STAGE28A,data/reports/stage28a_discovery_factory_batch_runner/stage28a_exact_trades.csv,calendar_time_risk_proxy_v1,calendar_keep_tue_wed_thu_h13_tp06_sl065,1.6552000000000588,0.605200000000059,-0.0947999999999407,1,0,1,0,0.605200000000059,18.050000000000182,11.989999999999782,0.6905754795662966,13.979999999999563,0.006437768240353958,5.670000000000073,5.167499999999973,0.196,1.0,,,13,1,8.0,2024
2024-08-28 13:00:00+00:00|-1.0|calendar_keep_tue_wed_thu_h13_tp06_sl065,2024-08-28 13:00:00+00:00,STAGE28A,data/reports/stage28a_discovery_factory_batch_runner/stage28a_exact_trades.csv,calendar_time_risk_proxy_v1,calendar_keep_tue_wed_thu_h13_tp06_sl065,-2.055924999999752,-3.105924999999752,-3.805924999999752,0,0,0,1,3.105924999999752,22.4399999999996,15.88000000000011,0.6190176322418047,12.849999999999909,0.4513618677042621,3.7100000000000364,5.0939999999999825,0.172,-1.0,,,13,2,8.0,2024
2024-08-29 13:00:00+00:00|1.0|calendar_keep_tue_wed_thu_h13_tp06_sl065,2024-08-29 13:00:00+00:00,STAGE28A,data/reports/stage28a_discovery_factory_batch_runner/stage28a_exact_trades.csv,calendar_time_risk_proxy_v1,calendar_keep_tue_wed_thu_h13_tp06_sl065,-2.314300000000094,-3.3643000000000938,-4.0643000000000935,0,0,0,1,3.3643000000000938,35.45000000000027,12.860000000000127,0.7449455676516199,10.539999999999964,0.5910815939278975,8.480000000000018,4.832999999999993,0.112,1.0,,,13,3,8.0,2024
2024-09-03 13:00:00+00:00|1.0|calendar_keep_tue_wed_thu_h13_tp06_sl065,2024-09-03 13:00:00+00:00,STAGE28A,data/reports/stage28a_discovery_factory_batch_runner/stage28a_exact_trades.csv,calendar_time_risk_proxy_v1,calendar_keep_tue_wed_thu_h13_tp06_sl065,-1.90902500000002,-2.95902500000002,-3.6590250000000193,0,0,0,0,2.95902500000002,17.240000000000236,10.08999999999969,0.2775024777007203,13.659999999999854,0.4612005856515223,4.1599999999998545,3.5479999999999334,0.016,1.0,,,13,1,9.0,2024
2024-09-04 13:00:00+00:00|-1.0|calendar_keep_tue_wed_thu_h13_tp06_sl065,2024-09-04 13:00:00+00:00,STAGE28A,data/reports/stage28a_discovery_factory_batch_runner/stage28a_exact_trades.csv,calendar_time_risk_proxy_v1,calendar_keep_tue_wed_thu_h13_tp06_sl065,-2.616224999999849,-3.666224999999849,-4.366224999999849,0,0,0,1,3.666224999999849,32.80000000000018,5.679999999999836,0.32922535211266635,24.890000000000327,0.5355564483728488,11.41000000000031,5.5715000000000146,0.468,-1.0,,,13,2,9.0,2024
2024-09-05 13:00:00+00:00|1.0|calendar_keep_tue_wed_thu_h13_tp06_sl065,2024-09-05 13:00:00+00:00,STAGE28A,data/reports/stage28a_discovery_factory_batch_runner/stage28a_exact_trades.csv,calendar_time_risk_proxy_v1,calendar_keep_tue_wed_thu_h13_tp06_sl065,-2.327300000000014,-3.3773000000000137,-4.0773000000000135,0,0,0,1,3.3773000000000137,28.620000000000346,4.880000000000109,0.08811475409832514,23.409999999999854,0.8821016659547296,2.519999999999982,4.613000000000056,0.132,1.0,,,13,3,9.0,2024
2024-09-10 13:00:00+00:00|-1.0|calendar_keep_tue_wed_thu_h13_tp06_sl065,2024-09-10 13:00:00+00:00,STAGE28A,data/reports/stage28a_discovery_factory_batch_runner/stage28a_exact_trades.csv,calendar_time_risk_proxy_v1,calendar_keep_tue_wed_thu_h13_tp06_sl065,-1.831674999999996,-2.8816749999999955,-3.5816749999999957,0,0,0,0,2.8816749999999955,21.75,6.220000000000255,0.7202572347266616,7.599999999999909,0.4552631578947471,5.820000000000164,3.971499999999992,0.076,-1.0,,,13,1,9.0,2024
2024-09-11 13:00:00+00:00|1.0|calendar_keep_tue_wed_thu_h13_tp06_sl065,2024-09-11 13:00:00+00:00,STAGE28A,data/reports/stage28a_discovery_factory_batch_runner/stage28a_exact_trades.csv,calendar_time_risk_proxy_v1,calendar_keep_tue_wed_thu_h13_tp06_sl065,1.34380000000001,0.2938000000000103,-0.4061999999999894,1,0,1,0,0.2938000000000103,18.289999999999964,7.5300000000002,0.3917662682602576,10.460000000000036,0.35946462715107125,2.6599999999998545,4.4,0.152,1.0,,,13,2,9.0,2024
2024-09-12 13:00:00+00:00|1.0|calendar_keep_tue_wed_thu_h13_tp06_sl065,2024-09-12 13:00:00+00:00,STAGE28A,data/reports/stage28a_discovery_factory_batch_runner/stage28a_exact_trades.csv,calendar_time_risk_proxy_v1,calendar_keep_tue_wed_thu_h13_tp06_sl065,-1.623674999999912,-2.673674999999912,-3.373674999999912,0,0,0,0,2.673674999999912,28.09999999999991,5.139999999999873,0.5992217898832691,7.850000000000364,0.36687898089171667,2.8299999999999272,3.802999999999952,0.056,1.0,,,13,3,9.0,2024
2024-09-17 13:00:00+00:00|1.0|calendar_keep_tue_wed_thu_h13_tp06_sl065,2024-09-17 13:00:00+00:00,STAGE28A,data/reports/stage28a_discovery_factory_batch_runner/stage28a_exact_trades.csv,calendar_time_risk_proxy_v1,calendar_keep_tue_wed_thu_h13_tp06_sl065,1.4014000000001032,0.3514000000001034,-0.3485999999998963,1,0,1,0,0.3514000000001034,14.300000000000182,9.539999999999964,0.6006289308176143,15.289999999999964,0.23806409417919433,8.460000000000036,4.588000000000102,0.228,1.0,,,13,1,9.0,2024
2024-09-18 13:00:00+00:00|-1.0|calendar_keep_tue_wed_thu_h13_tp06_sl065,2024-09-18 13:00:00+00:00,STAGE28A,data/reports/stage28a_discovery_factory_batch_runner/stage28a_exact_trades.csv,calendar_time_risk_proxy_v1,calendar_keep_tue_wed_thu_h13_tp06_sl065,-1.6763249999999972,-2.726324999999997,-3.4263249999999967,0,0,0,0,2.726324999999997,26.2199999999998,8.230000000000018,0.6342648845686255,10.759999999999764,0.369888475836441,3.9899999999997817,5.132999999999948,0.488,-1.0,,,13,2,9.0,2024
2024-09-19 13:00:00+00:00|1.0|calendar_keep_tue_wed_thu_h13_tp06_sl065,2024-09-19 13:00:00+00:00,STAGE28A,data/reports/stage28a_discovery_factory_batch_runner/stage28a_exact_trades.csv,calendar_time_risk_proxy_v1,calendar_keep_tue_wed_thu_h13_tp06_sl065,-2.615574999999899,-3.6655749999998983,-4.3655749999998985,0,0,0,1,3.6655749999998983,53.19999999999982,15.420000000000073,0.30998702983136983,35.34999999999991,0.7932107496463943,10.940000000000055,9.204999999999995,1.0,1.0,,,13,3,9.0,2024
2024-09-24 13:00:00+00:00|-1.0|calendar_keep_tue_wed_thu_h13_tp06_sl065,2024-09-24 13:00:00+00:00,STAGE28A,data/reports/stage28a_discovery_factory_batch_runner/stage28a_exact_trades.csv,calendar_time_risk_proxy_v1,calendar_keep_tue_wed_thu_h13_tp06_sl065,-2.5625999999998386,-3.6125999999998384,-4.312599999999838,0,0,0,1,3.6125999999998384,21.01000000000022,12.349999999999909,0.5344129554655837,17.549999999999727,0.1908831908832146,3.75,4.588500000000022,0.172,-1.0,,,13,1,9.0,2024
2024-09-25 13:00:00+00:00|-1.0|calendar_keep_tue_wed_thu_h13_tp06_sl065,2024-09-25 13:00:00+00:00,STAGE28A,data/reports/stage28a_discovery_factory_batch_runner/stage28a_exact_trades.csv,calendar_time_risk_proxy_v1,calendar_keep_tue_wed_thu_h13_tp06_sl065,-2.327300000000014,-3.3773000000000137,-4.0773000000000135,0,0,0,1,3.3773000000000137,41.76999999999998,15.13000000000011,0.15333773959019778,10.159999999999854,0.4498031496063218,4.919999999999618,6.537499999999954,0.724,-1.0,,,13,2,9.0,2024
2024-09-26 13:00:00+00:00|1.0|calendar_keep_tue_wed_thu_h13_tp06_sl065,2024-09-26 13:00:00+00:00,STAGE28A,data/reports/stage28a_discovery_factory_batch_runner/stage28a_exact_trades.csv,calendar_time_risk_proxy_v1,calendar_keep_tue_wed_thu_h13_tp06_sl065,-2.0318750000002184,-3.081875000000218,-3.781875000000218,0,0,0,1,3.081875000000218,20.829999999999927,7.170000000000073,0.6094839609484382,12.570000000000164,0.49721559268098,2.869999999999891,5.068999999999915,0.308,1.0,,,13,3,9.0,2024
2024-10-01 13:00:00+00:00|1.0|calendar_keep_tue_wed_thu_h13_tp06_sl065,2024-10-01 13:00:00+00:00,STAGE28A,data/reports/stage28a_discovery_factory_batch_runner/stage28a_exact_trades.csv,calendar_time_risk_proxy_v1,calendar_keep_tue_wed_thu_h13_tp06_sl065,0.991899999999896,-0.0581000000001039,-0.7581000000001037,0,0,0,0,0.0581000000001039,41.48000000000002,7.730000000000018,0.3842173350582468,11.840000000000146,0.9045608108108028,3.9400000000000546,4.787000000000035,0.108,1.0,,,13,1,10.0,2024
2024-10-02 13:00:00+00:00|-1.0|calendar_keep_tue_wed_thu_h13_tp06_sl065,2024-10-02 13:00:00+00:00,STAGE28A,data/reports/stage28a_discovery_factory_batch_runner/stage28a_exact_trades.csv,calendar_time_risk_proxy_v1,calendar_keep_tue_wed_thu_h13_tp06_sl065,1.6168000000001483,0.5668000000001485,-0.1331999999998512,1,0,1,0,0.5668000000001485,41.01000000000022,7.730000000000018,0.862871927554988,12.019999999999982,0.20632279534109998,3.8900000000003274,6.3150000000000315,0.464,-1.0,,,13,2,10.0,2024
2024-10-03 13:00:00+00:00|-1.0|calendar_keep_tue_wed_thu_h13_tp06_sl065,2024-10-03 13:00:00+00:00,STAGE28A,data/reports/stage28a_discovery_factory_batch_runner/stage28a_exact_trades.csv,calendar_time_risk_proxy_v1,calendar_keep_tue_wed_thu_h13_tp06_sl065,-2.399125000000004,-3.4491250000000035,-4.149125000000003,0,0,0,1,3.4491250000000035,22.240000000000236,9.679999999999836,0.3615702479338904,16.659999999999854,0.6818727490996535,6.559999999999945,5.445500000000015,0.26,-1.0,,,13,3,10.0,2024
2024-10-08 13:00:00+00:00|-1.0|calendar_keep_tue_wed_thu_h13_tp06_sl065,2024-10-08 13:00:00+00:00,STAGE28A,data/reports/stage28a_discovery_factory_batch_runner/stage28a_exact_trades.csv,calendar_time_risk_proxy_v1,calendar_keep_tue_wed_thu_h13_tp06_sl065,-2.7381000000001223,-3.788100000000122,-4.488100000000122,0,0,0,1,3.788100000000122,22.019999999999982,15.289999999999964,0.07586657946369244,17.820000000000164,0.08810325476992982,6.2400000000002365,6.793499999999926,0.616,-1.0,,,13,1,10.0,2024
2024-10-09 13:00:00+00:00|-1.0|calendar_keep_tue_wed_thu_h13_tp06_sl065,2024-10-09 13:00:00+00:00,STAGE28A,data/reports/stage28a_discovery_factory_batch_runner/stage28a_exact_trades.csv,calendar_time_risk_proxy_v1,calendar_keep_tue_wed_thu_h13_tp06_sl065,-2.38774999999996,-3.43774999999996,-4.13774999999996,0,0,0,1,3.43774999999996,48.34999999999991,9.390000000000327,0.5175718849840211,15.210000000000036,0.05588428665351131,3.8700000000003456,6.842500000000041,0.584,-1.0,,,13,2,10.0,2024
2024-10-10 13:00:00+00:00|1.0|calendar_keep_tue_wed_thu_h13_tp06_sl065,2024-10-10 13:00:00+00:00,STAGE28A,data/reports/stage28a_discovery_factory_batch_runner/stage28a_exact_trades.csv,calendar_time_risk_proxy_v1,calendar_keep_tue_wed_thu_h13_tp06_sl065,1.096300000000065,0.0463000000000648,-0.6536999999999349,1,0,0,0,0.0463000000000648,19.230000000000018,10.960000000000036,0.2636861313868903,8.2199999999998,0.6630170316301643,4.079999999999927,4.6664999999999734,0.028,1.0,,,13,3,10.0,2024
2024-10-15 13:00:00+00:00|1.0|calendar_keep_tue_wed_thu_h13_tp06_sl065,2024-10-15 13:00:00+00:00,STAGE28A,data/reports/stage28a_discovery_factory_batch_runner/stage28a_exact_trades.csv,calendar_time_risk_proxy_v1,calendar_keep_tue_wed_thu_h13_tp06_sl065,-2.291225000000032,-3.341225000000031,-4.041225000000031,0,0,0,1,3.341225000000031,23.659999999999854,8.349999999999909,0.5185628742514939,17.829999999999927,0.448121144139081,4.460000000000036,4.957000000000017,0.056,1.0,,,13,1,10.0,2024
2024-10-16 13:00:00+00:00|1.0|calendar_keep_tue_wed_thu_h13_tp06_sl065,2024-10-16 13:00:00+00:00,STAGE28A,data/reports/stage28a_discovery_factory_batch_runner/stage28a_exact_trades.csv,calendar_time_risk_proxy_v1,calendar_keep_tue_wed_thu_h13_tp06_sl065,1.4154999999999744,0.3654999999999746,-0.3345000000000251,1,0,1,0,0.3654999999999746,31.110000000000127,11.359999999999673,0.4383802816901551,17.08999999999969,0.7577530719719431,4.679999999999836,5.308499999999981,0.12,1.0,,,13,2,10.0,2024
2024-10-17 13:00:00+00:00|1.0|calendar_keep_tue_wed_thu_h13_tp06_sl065,2024-10-17 13:00:00+00:00,STAGE28A,data/reports/stage28a_discovery_factory_batch_runner/stage28a_exact_trades.csv,calendar_time_risk_proxy_v1,calendar_keep_tue_wed_thu_h13_tp06_sl065,-2.3185249999997724,-3.368524999999772,-4.068524999999772,0,0,0,1,3.368524999999772,26.559999999999945,11.63000000000011,0.2579535683576932,9.230000000000018,0.2979414951245931,5.200000000000273,4.719999999999937,0.032,1.0,,,13,3,10.0,2024
2024-10-22 13:00:00+00:00|1.0|calendar_keep_tue_wed_thu_h13_tp06_sl065,2024-10-22 13:00:00+00:00,STAGE28A,data/reports/stage28a_discovery_factory_batch_runner/stage28a_exact_trades.csv,calendar_time_risk_proxy_v1,calendar_keep_tue_wed_thu_h13_tp06_sl065,-2.139124999999785,-3.1891249999997853,-3.889124999999785,0,0,0,1,3.1891249999997853,26.529999999999745,14.860000000000127,0.6917900403768581,9.539999999999964,0.06918238993709193,6.309999999999945,5.823499999999967,0.416,1.0,,,13,1,10.0,2024
2024-10-23 13:00:00+00:00|1.0|calendar_keep_tue_wed_thu_h13_tp06_sl065,2024-10-23 13:00:00+00:00,STAGE28A,data/reports/stage28a_discovery_factory_batch_runner/stage28a_exact_trades.csv,calendar_time_risk_proxy_v1,calendar_keep_tue_wed_thu_h13_tp06_sl065,1.1190999999997984,0.0690999999997985,-0.6309000000002012,1,0,0,0,0.0690999999997985,30.76000000000022,10.180000000000291,0.1237721021611181,13.070000000000164,0.3458301453710731,7.739999999999782,5.100499999999988,0.1,1.0,,,13,2,10.0,2024
2024-10-24 13:00:00+00:00|1.0|calendar_keep_tue_wed_thu_h13_tp06_sl065,2024-10-24 13:00:00+00:00,STAGE28A,data/reports/stage28a_discovery_factory_batch_runner/stage28a_exact_trades.csv,calendar_time_risk_proxy_v1,calendar_keep_tue_wed_thu_h13_tp06_sl065,1.1541999999998551,0.1041999999998553,-0.5958000000001444,1,0,0,0,0.1041999999998553,49.92000000000007,12.279999999999745,0.39576547231272213,16.420000000000073,0.8361753958587063,3.230000000000018,5.922000000000049,0.54,1.0,,,13,3,10.0,2024
2024-10-29 13:00:00+00:00|-1.0|calendar_keep_tue_wed_thu_h13_tp06_sl065,2024-10-29 13:00:00+00:00,STAGE28A,data/reports/stage28a_discovery_factory_batch_runner/stage28a_exact_trades.csv,calendar_time_risk_proxy_v1,calendar_keep_tue_wed_thu_h13_tp06_sl065,1.278400000000056,0.2284000000000561,-0.4715999999999436,1,0,1,0,0.2284000000000561,21.190000000000055,18.070000000000164,0.8096292197011609,10.590000000000146,0.47969782813974104,5.789999999999964,4.903000000000043,0.092,-1.0,,,13,1,10.0,2024
2024-10-30 13:00:00+00:00|1.0|calendar_keep_tue_wed_thu_h13_tp06_sl065,2024-10-30 13:00:00+00:00,STAGE28A,data/reports/stage28a_discovery_factory_batch_runner/stage28a_exact_trades.csv,calendar_time_risk_proxy_v1,calendar_keep_tue_wed_thu_h13_tp06_sl065,1.235199999999986,0.1851999999999862,-0.5148000000000135,1,0,1,0,0.1851999999999862,35.41000000000031,9.389999999999873,0.7518636847710374,11.7800000000002,0.0008488964346534898,6.300000000000182,5.081999999999994,0.16,1.0,,,13,2,10.0,2024
2024-10-31 13:00:00+00:00|-1.0|calendar_keep_tue_wed_thu_h13_tp06_sl065,2024-10-31 13:00:00+00:00,STAGE28A,data/reports/stage28a_discovery_factory_batch_runner/stage28a_exact_trades.csv,calendar_time_risk_proxy_v1,calendar_keep_tue_wed_thu_h13_tp06_sl065,-2.143999999999869,-3.193999999999869,-3.8939999999998687,0,0,0,1,3.193999999999869,19.139999999999873,8.029999999999745,0.2889165628891952,13.509999999999764,0.2672094744633409,8.0,4.854499999999962,0.072,-1.0,,,13,3,10.0,2024
2024-11-05 13:00:00+00:00|1.0|calendar_keep_tue_wed_thu_h13_tp06_sl065,2024-11-05 13:00:00+00:00,STAGE28A,data/reports/stage28a_discovery_factory_batch_runner/stage28a_exact_trades.csv,calendar_time_risk_proxy_v1,calendar_keep_tue_wed_thu_h13_tp06_sl065,1.5159999999999854,0.4659999999999855,-0.2340000000000142,1,0,1,0,0.4659999999999855,18.789999999999964,13.260000000000218,0.12141779788835944,13.2800000000002,0.2567771084337201,4.639999999999873,5.242500000000041,0.188,1.0,,,13,1,11.0,2024
2024-11-06 13:00:00+00:00|-1.0|calendar_keep_tue_wed_thu_h13_tp06_sl065,2024-11-06 13:00:00+00:00,STAGE28A,data/reports/stage28a_discovery_factory_batch_runner/stage28a_exact_trades.csv,calendar_time_risk_proxy_v1,calendar_keep_tue_wed_thu_h13_tp06_sl065,4.879600000000119,3.829600000000119,3.129600000000119,1,1,1,0,3.829600000000119,25.340000000000146,18.98999999999978,0.20326487625066728,42.35999999999967,0.5153446647780948,8.429999999999836,11.11949999999988,0.996,-1.0,,,13,2,11.0,2024
2024-11-07 13:00:00+00:00|1.0|calendar_keep_tue_wed_thu_h13_tp06_sl065,2024-11-07 13:00:00+00:00,STAGE28A,data/reports/stage28a_discovery_factory_batch_runner/stage28a_exact_trades.csv,calendar_time_risk_proxy_v1,calendar_keep_tue_wed_thu_h13_tp06_sl065,1.991199999999844,0.9411999999998444,0.2411999999998446,1,1,1,0,0.9411999999998444,97.4399999999996,20.88000000000011,0.45545977011492883,15.579999999999927,0.7676508344030868,8.550000000000182,8.320500000000038,0.888,1.0,,,13,3,11.0,2024
2024-11-12 13:00:00+00:00|-1.0|calendar_keep_tue_wed_thu_h13_tp06_sl065,2024-11-12 13:00:00+00:00,STAGE28A,data/reports/stage28a_discovery_factory_batch_runner/stage28a_exact_trades.csv,calendar_time_risk_proxy_v1,calendar_keep_tue_wed_thu_h13_tp06_sl065,2.91279999999997,1.8627999999999705,1.1627999999999703,1,1,1,0,1.8627999999999705,75.67999999999984,11.579999999999927,0.5397236614853229,28.460000000000036,0.7350667603654267,8.900000000000091,6.995999999999936,0.596,-1.0,,,13,1,11.0,2024
2024-11-13 13:00:00+00:00|1.0|calendar_keep_tue_wed_thu_h13_tp06_sl065,2024-11-13 13:00:00+00:00,STAGE28A,data/reports/stage28a_discovery_factory_batch_runner/stage28a_exact_trades.csv,calendar_time_risk_proxy_v1,calendar_keep_tue_wed_thu_h13_tp06_sl065,1.5066999999998187,0.4566999999998189,-0.2433000000001808,1,0,1,0,0.4566999999998189,37.48000000000002,15.940000000000055,0.4567126725219398,10.599999999999909,0.2584905660377604,3.4400000000000546,5.74200000000003,0.16,1.0,,,13,2,11.0,2024
2024-11-14 13:00:00+00:00|-1.0|calendar_keep_tue_wed_thu_h13_tp06_sl065,2024-11-14 13:00:00+00:00,STAGE28A,data/reports/stage28a_discovery_factory_batch_runner/stage28a_exact_trades.csv,calendar_time_risk_proxy_v1,calendar_keep_tue_wed_thu_h13_tp06_sl065,-3.3604750000000423,-4.4104750000000426,-5.110475000000042,0,0,0,1,4.4104750000000426,48.070000000000164,22.389999999999873,0.25949084412684137,28.460000000000036,0.6398453970484895,8.980000000000018,9.02199999999998,0.884,-1.0,,,13,3,11.0,2024
2024-11-19 13:00:00+00:00|1.0|calendar_keep_tue_wed_thu_h13_tp06_sl065,2024-11-19 13:00:00+00:00,STAGE28A,data/reports/stage28a_discovery_factory_batch_runner/stage28a_exact_trades.csv,calendar_time_risk_proxy_v1,calendar_keep_tue_wed_thu_h13_tp06_sl065,-2.643525000000045,-3.693525000000045,-4.393525000000045,0,0,0,1,3.693525000000045,52.84999999999991,15.36999999999989,0.6649316851008671,18.710000000000036,0.659005879208974,6.579999999999927,5.111500000000047,0.016,1.0,,,13,1,11.0,2024
2024-11-20 13:00:00+00:00|-1.0|calendar_keep_tue_wed_thu_h13_tp06_sl065,2024-11-20 13:00:00+00:00,STAGE28A,data/reports/stage28a_discovery_factory_batch_runner/stage28a_exact_trades.csv,calendar_time_risk_proxy_v1,calendar_keep_tue_wed_thu_h13_tp06_sl065,-2.329899999999816,-3.379899999999816,-4.079899999999816,0,0,0,1,3.379899999999816,29.179999999999836,10.159999999999854,0.14763779527559268,19.740000000000236,0.5916919959472997,5.2400000000002365,4.97000000000005,0.004,-1.0,,,13,2,11.0,2024
2024-11-21 13:00:00+00:00|1.0|calendar_keep_tue_wed_thu_h13_tp06_sl065,2024-11-21 13:00:00+00:00,STAGE28A,data/reports/stage28a_discovery_factory_batch_runner/stage28a_exact_trades.csv,calendar_time_risk_proxy_v1,calendar_keep_tue_wed_thu_h13_tp06_sl065,-2.3620750000000954,-3.4120750000000952,-4.112075000000095,0,0,0,1,3.4120750000000952,36.64000000000033,11.610000000000127,0.41860465116279705,17.059999999999945,0.759671746776089,5.239999999999782,5.6704999999999925,0.084,1.0,,,13,3,11.0,2024
2024-11-26 13:00:00+00:00|-1.0|calendar_keep_tue_wed_thu_h13_tp06_sl065,2024-11-26 13:00:00+00:00,STAGE28A,data/reports/stage28a_discovery_factory_batch_runner/stage28a_exact_trades.csv,calendar_time_risk_proxy_v1,calendar_keep_tue_wed_thu_h13_tp06_sl065,-2.9200999999999118,-3.970099999999911,-4.670099999999911,0,0,0,1,3.970099999999911,111.38000000000011,27.059999999999945,0.588322246858836,22.259999999999764,0.22192273135669843,8.079999999999927,10.456500000000005,0.876,-1.0,,,13,1,11.0,2024
2024-11-27 13:00:00+00:00|1.0|calendar_keep_tue_wed_thu_h13_tp06_sl065,2024-11-27 13:00:00+00:00,STAGE28A,data/reports/stage28a_discovery_factory_batch_runner/stage28a_exact_trades.csv,calendar_time_risk_proxy_v1,calendar_keep_tue_wed_thu_h13_tp06_sl065,1.4280999999999948,0.378099999999995,-0.3219000000000047,1,0,1,0,0.378099999999995,36.76999999999998,13.510000000000218,0.4885270170244117,15.690000000000055,0.6201402166985331,2.180000000000291,5.795500000000016,0.116,1.0,,,13,2,11.0,2024
2024-11-28 13:00:00+00:00|1.0|calendar_keep_tue_wed_thu_h13_tp06_sl065,2024-11-28 13:00:00+00:00,STAGE28A,data/reports/stage28a_discovery_factory_batch_runner/stage28a_exact_trades.csv,calendar_time_risk_proxy_v1,calendar_keep_tue_wed_thu_h13_tp06_sl065,-2.264899999999761,-3.3148999999997613,-4.014899999999761,0,0,0,1,3.3148999999997613,31.329999999999927,17.48999999999978,0.33390508862208224,19.41000000000031,0.8377125193199126,4.7400000000002365,6.230499999999961,0.248,1.0,,,13,3,11.0,2024
2024-12-03 13:00:00+00:00|1.0|calendar_keep_tue_wed_thu_h13_tp06_sl065,2024-12-03 13:00:00+00:00,STAGE28A,data/reports/stage28a_discovery_factory_batch_runner/stage28a_exact_trades.csv,calendar_time_risk_proxy_v1,calendar_keep_tue_wed_thu_h13_tp06_sl065,1.3564000000000305,0.3064000000000306,-0.3935999999999691,1,0,1,0,0.3064000000000306,30.550000000000182,11.13000000000011,0.21024258760104833,12.860000000000127,0.21228615863141456,3.1700000000000728,5.37699999999993,0.068,1.0,,,13,1,12.0,2024
2024-12-04 13:00:00+00:00|-1.0|calendar_keep_tue_wed_thu_h13_tp06_sl065,2024-12-04 13:00:00+00:00,STAGE28A,data/reports/stage28a_discovery_factory_batch_runner/stage28a_exact_trades.csv,calendar_time_risk_proxy_v1,calendar_keep_tue_wed_thu_h13_tp06_sl065,-2.0624250000001667,-3.1124250000001665,-3.8124250000001663,0,0,0,1,3.1124250000001665,21.43000000000029,10.960000000000036,0.5136861313868696,14.930000000000291,0.282652377762905,4.269999999999982,5.29050000000002,0.044,-1.0,,,13,2,12.0,2024
2024-12-05 13:00:00+00:00|-1.0|calendar_keep_tue_wed_thu_h13_tp06_sl065,2024-12-05 13:00:00+00:00,STAGE28A,data/reports/stage28a_discovery_factory_batch_runner/stage28a_exact_trades.csv,calendar_time_risk_proxy_v1,calendar_keep_tue_wed_thu_h13_tp06_sl065,-2.1368499999999586,-3.1868499999999584,-3.886849999999958,0,0,0,1,3.1868499999999584,24.800000000000182,6.940000000000055,0.5821325648414888,13.88000000000011,0.17939481268009813,5.820000000000164,5.433999999999946,0.052,-1.0,,,13,3,12.0,2024
2024-12-10 13:00:00+00:00|-1.0|calendar_keep_tue_wed_thu_h13_tp06_sl065,2024-12-10 13:00:00+00:00,STAGE28A,data/reports/stage28a_discovery_factory_batch_runner/stage28a_exact_trades.csv,calendar_time_risk_proxy_v1,calendar_keep_tue_wed_thu_h13_tp06_sl065,1.5669999999999162,0.5169999999999164,-0.1830000000000833,1,0,1,0,0.5169999999999164,48.84999999999991,15.91000000000031,0.6140791954745598,15.539999999999964,0.3301158301158379,12.319999999999709,5.638500000000022,0.124,-1.0,,,13,1,12.0,2024
2024-12-11 13:00:00+00:00|1.0|calendar_keep_tue_wed_thu_h13_tp06_sl065,2024-12-11 13:00:00+00:00,STAGE28A,data/reports/stage28a_discovery_factory_batch_runner/stage28a_exact_trades.csv,calendar_time_risk_proxy_v1,calendar_keep_tue_wed_thu_h13_tp06_sl065,2.2168000000000574,1.1668000000000576,0.4668000000000578,1,1,1,0,1.1668000000000576,38.01999999999998,21.779999999999745,0.5335169880624439,25.350000000000364,0.3932938856015823,7.4900000000002365,7.634500000000026,0.756,1.0,,,13,2,12.0,2024
2024-12-12 13:00:00+00:00|1.0|calendar_keep_tue_wed_thu_h13_tp06_sl065,2024-12-12 13:00:00+00:00,STAGE28A,data/reports/stage28a_discovery_factory_batch_runner/stage28a_exact_trades.csv,calendar_time_risk_proxy_v1,calendar_keep_tue_wed_thu_h13_tp06_sl065,1.6132000000001423,0.5632000000001427,-0.136799999999857,1,0,1,0,0.5632000000001427,46.590000000000146,26.139999999999873,0.2895944912012319,10.640000000000327,0.09586466165413068,6.0,6.914999999999987,0.592,1.0,,,13,3,12.0,2024
2024-12-17 13:00:00+00:00|-1.0|calendar_keep_tue_wed_thu_h13_tp06_sl065,2024-12-17 13:00:00+00:00,STAGE28A,data/reports/stage28a_discovery_factory_batch_runner/stage28a_exact_trades.csv,calendar_time_risk_proxy_v1,calendar_keep_tue_wed_thu_h13_tp06_sl065,1.9138000000001736,0.863800000000174,0.1638000000001742,1,1,1,0,0.863800000000174,20.75,7.650000000000091,0.006535947712442001,19.0300000000002,0.7157120336311195,5.079999999999927,5.214500000000021,0.08,-1.0,,,13,1,12.0,2024
2024-12-18 13:00:00+00:00|1.0|calendar_keep_tue_wed_thu_h13_tp06_sl065,2024-12-18 13:00:00+00:00,STAGE28A,data/reports/stage28a_discovery_factory_batch_runner/stage28a_exact_trades.csv,calendar_time_risk_proxy_v1,calendar_keep_tue_wed_thu_h13_tp06_sl065,-1.8443499999999404,-2.89434999999994,-3.59434999999994,0,0,0,0,2.89434999999994,25.659999999999854,9.079999999999927,0.2444933920704645,7.559999999999945,0.42857142857146296,3.1700000000000728,4.38100000000004,0.004,1.0,,,13,2,12.0,2024
2024-12-19 13:00:00+00:00|1.0|calendar_keep_tue_wed_thu_h13_tp06_sl065,2024-12-19 13:00:00+00:00,STAGE28A,data/reports/stage28a_discovery_factory_batch_runner/stage28a_exact_trades.csv,calendar_time_risk_proxy_v1,calendar_keep_tue_wed_thu_h13_tp06_sl065,-3.028324999999859,-4.078324999999859,-4.7783249999998585,0,0,0,1,4.078324999999859,68.09999999999991,35.460000000000036,0.5930626057529661,23.2800000000002,0.4463058419243893,9.039999999999964,10.11400000000001,0.996,1.0,,,13,3,12.0,2024
2024-12-24 13:00:00+00:00|-1.0|calendar_keep_tue_wed_thu_h13_tp06_sl065,2024-12-24 13:00:00+00:00,STAGE28A,data/reports/stage28a_discovery_factory_batch_runner/stage28a_exact_trades.csv,calendar_time_risk_proxy_v1,calendar_keep_tue_wed_thu_h13_tp06_sl065,0.8875000000001819,-0.162499999999818,-0.8624999999998177,0,0,0,0,0.162499999999818,25.279999999999745,8.889999999999873,0.5129358830146243,8.309999999999945,0.5571600481347941,4.7199999999998,4.0959999999999805,0.008,-1.0,,,13,1,12.0,2024
2024-12-24 19:45:00+00:00|1.0|calendar_keep_tue_wed_thu_h13_tp06_sl065,2024-12-24 19:45:00+00:00,STAGE28A,data/reports/stage28a_discovery_factory_batch_runner/stage28a_exact_trades.csv,calendar_time_risk_proxy_v1,calendar_keep_tue_wed_thu_h13_tp06_sl065,-0.35,-1.4,-2.1,0,0,0,0,1.4,25.279999999999745,8.889999999999873,0.5129358830146243,8.309999999999945,0.5571600481347941,6.190000000000055,3.966999999999962,0.024,1.0,,,13,1,12.0,2024
2024-12-26 13:00:00+00:00|1.0|calendar_keep_tue_wed_thu_h13_tp06_sl065,2024-12-26 13:00:00+00:00,STAGE28A,data/reports/stage28a_discovery_factory_batch_runner/stage28a_exact_trades.csv,calendar_time_risk_proxy_v1,calendar_keep_tue_wed_thu_h13_tp06_sl065,-1.5973500000000969,-2.6473500000000967,-3.3473500000000964,0,0,0,0,2.6473500000000967,7.519999999999982,16.299999999999727,0.5539877300613713,6.049999999999727,0.2264462809917277,2.599999999999909,4.40150000000001,0.088,1.0,,,13,3,12.0,2024
2024-12-31 13:00:00+00:00|1.0|calendar_keep_tue_wed_thu_h13_tp06_sl065,2024-12-31 13:00:00+00:00,STAGE28A,data/reports/stage28a_discovery_factory_batch_runner/stage28a_exact_trades.csv,calendar_time_risk_proxy_v1,calendar_keep_tue_wed_thu_h13_tp06_sl065,1.1674000000001796,0.1174000000001798,-0.5825999999998199,1,0,0,0,0.1174000000001798,32.159999999999854,8.059999999999945,0.01488833746896919,15.179999999999836,0.33596837944663793,4.809999999999945,4.7085000000000035,0.272,1.0,,,13,1,12.0,2024
2024-12-31 22:45:00+00:00|1.0|calendar_keep_tue_wed_thu_h13_tp06_sl065,2024-12-31 22:45:00+00:00,STAGE28A,data/reports/stage28a_discovery_factory_batch_runner/stage28a_exact_trades.csv,calendar_time_risk_proxy_v1,calendar_keep_tue_wed_thu_h13_tp06_sl065,-0.35,-1.4,-2.1,0,0,0,0,1.4,32.159999999999854,8.059999999999945,0.01488833746896919,15.179999999999836,0.33596837944663793,4.360000000000127,5.330000000000018,0.468,1.0,,,13,1,12.0,2024
2025-01-02 13:00:00+00:00|1.0|calendar_keep_tue_wed_thu_h13_tp06_sl065,2025-01-02 13:00:00+00:00,STAGE28A,data/reports/stage28a_discovery_factory_batch_runner/stage28a_exact_trades.csv,calendar_time_risk_proxy_v1,calendar_keep_tue_wed_thu_h13_tp06_sl065,-2.3783250000002227,-3.4283250000002226,-4.128325000000222,0,0,0,1,3.4283250000002226,4.2800000000002,14.769999999999982,0.6899119837508508,15.090000000000146,0.5765407554671792,13.570000000000164,5.480000000000087,0.52,1.0,,,13,3,1.0,2025
2025-01-07 13:00:00+00:00|1.0|calendar_keep_tue_wed_thu_h13_tp06_sl065,2025-01-07 13:00:00+00:00,STAGE28A,data/reports/stage28a_discovery_factory_batch_runner/stage28a_exact_trades.csv,calendar_time_risk_proxy_v1,calendar_keep_tue_wed_thu_h13_tp06_sl065,1.1989000000002306,0.1489000000002307,-0.551099999999769,1,0,0,0,0.1489000000002307,35.13000000000011,8.300000000000182,0.4325301204819358,9.7800000000002,0.575664621676891,3.4600000000000364,4.616999999999985,0.212,1.0,,,13,1,1.0,2025
2025-01-08 13:00:00+00:00|1.0|calendar_keep_tue_wed_thu_h13_tp06_sl065,2025-01-08 13:00:00+00:00,STAGE28A,data/reports/stage28a_discovery_factory_batch_runner/stage28a_exact_trades.csv,calendar_time_risk_proxy_v1,calendar_keep_tue_wed_thu_h13_tp06_sl065,-1.699725000000035,-2.749725000000035,-3.4497250000000346,0,0,0,0,2.749725000000035,31.429999999999836,6.260000000000218,0.4536741214056856,8.420000000000073,0.7304038004750639,2.4900000000002365,4.52950000000003,0.188,1.0,,,13,2,1.0,2025
2025-01-09 13:00:00+00:00|1.0|calendar_keep_tue_wed_thu_h13_tp06_sl065,2025-01-09 13:00:00+00:00,STAGE28A,data/reports/stage28a_discovery_factory_batch_runner/stage28a_exact_trades.csv,calendar_time_risk_proxy_v1,calendar_keep_tue_wed_thu_h13_tp06_sl065,-2.209324999999899,-3.2593249999998988,-3.9593249999998985,0,0,0,1,3.2593249999998988,24.700000000000273,7.650000000000091,0.44836601307192814,10.929999999999836,0.7758462946020261,4.129999999999654,5.8055000000000065,0.696,1.0,,,13,3,1.0,2025
2025-01-14 13:00:00+00:00|-1.0|calendar_keep_tue_wed_thu_h13_tp06_sl065,2025-01-14 13:00:00+00:00,STAGE28A,data/reports/stage28a_discovery_factory_batch_runner/stage28a_exact_trades.csv,calendar_time_risk_proxy_v1,calendar_keep_tue_wed_thu_h13_tp06_sl065,-2.0991500000001,-3.1491500000001,-3.8491500000000993,0,0,0,1,3.1491500000001,36.73000000000002,12.5300000000002,0.4333599361532123,10.629999999999654,0.644402634054575,4.190000000000055,5.336000000000013,0.32,-1.0,,,13,1,1.0,2025
2025-01-15 13:00:00+00:00|1.0|calendar_keep_tue_wed_thu_h13_tp06_sl065,2025-01-15 13:00:00+00:00,STAGE28A,data/reports/stage28a_discovery_factory_batch_runner/stage28a_exact_trades.csv,calendar_time_risk_proxy_v1,calendar_keep_tue_wed_thu_h13_tp06_sl065,1.1100999999997838,0.0600999999997839,-0.6399000000002157,1,0,0,0,0.0600999999997839,18.570000000000164,10.11999999999989,0.001976284584978461,14.450000000000273,0.8761245674740218,4.220000000000255,4.448000000000002,0.08,1.0,,,13,2,1.0,2025
2025-01-16 13:00:00+00:00|1.0|calendar_keep_tue_wed_thu_h13_tp06_sl065,2025-01-16 13:00:00+00:00,STAGE28A,data/reports/stage28a_discovery_factory_batch_runner/stage28a_exact_trades.csv,calendar_time_risk_proxy_v1,calendar_keep_tue_wed_thu_h13_tp06_sl065,1.4506000000000312,0.4006000000000314,-0.2993999999999683,1,0,1,0,0.4006000000000314,28.210000000000036,9.349999999999909,0.27593582887700024,18.529999999999745,0.5553157042633624,3.8899999999998727,5.035499999999956,0.192,1.0,,,13,3,1.0,2025
2025-01-21 13:00:00+00:00|-1.0|calendar_keep_tue_wed_thu_h13_tp06_sl065,2025-01-21 13:00:00+00:00,STAGE28A,data/reports/stage28a_discovery_factory_batch_runner/stage28a_exact_trades.csv,calendar_time_risk_proxy_v1,calendar_keep_tue_wed_thu_h13_tp06_sl065,1.8007000000001423,0.7507000000001427,0.0507000000001429,1,1,1,0,0.7507000000001427,24.550000000000182,25.09999999999991,0.6749003984063792,15.799999999999727,0.4974683544303964,5.150000000000091,6.870499999999993,0.92,-1.0,,,13,1,1.0,2025
2025-01-22 13:00:00+00:00|1.0|calendar_keep_tue_wed_thu_h13_tp06_sl065,2025-01-22 13:00:00+00:00,STAGE28A,data/reports/stage28a_discovery_factory_batch_runner/stage28a_exact_trades.csv,calendar_time_risk_proxy_v1,calendar_keep_tue_wed_thu_h13_tp06_sl065,-2.64320000000007,-3.6932000000000698,-4.3932000000000695,0,0,0,1,3.6932000000000698,43.279999999999745,10.9699999999998,0.711030082041962,17.90000000000009,0.44525139664803126,5.170000000000073,5.861499999999933,0.544,1.0,,,13,2,1.0,2025
2025-01-23 13:00:00+00:00|-1.0|calendar_keep_tue_wed_thu_h13_tp06_sl065,2025-01-23 13:00:00+00:00,STAGE28A,data/reports/stage28a_discovery_factory_batch_runner/stage28a_exact_trades.csv,calendar_time_risk_proxy_v1,calendar_keep_tue_wed_thu_h13_tp06_sl065,-2.0949249999999666,-3.1449249999999664,-3.844924999999966,0,0,0,1,3.1449249999999664,21.449999999999818,6.809999999999945,0.5624082232011686,14.75,0.02440677966102558,7.380000000000109,4.288000000000079,0.06,-1.0,,,13,3,1.0,2025
2025-01-28 13:00:00+00:00|1.0|calendar_keep_tue_wed_thu_h13_tp06_sl065,2025-01-28 13:00:00+00:00,STAGE28A,data/reports/stage28a_discovery_factory_batch_runner/stage28a_exact_trades.csv,calendar_time_risk_proxy_v1,calendar_keep_tue_wed_thu_h13_tp06_sl065,-2.0279750000000605,-3.0779750000000603,-3.77797500000006,0,0,0,1,3.0779750000000603,42.289999999999964,7.579999999999927,0.09366754617414817,10.570000000000164,0.07284768211920245,4.930000000000291,5.334999999999968,0.22,1.0,,,13,1,1.0,2025
2025-01-29 13:00:00+00:00|1.0|calendar_keep_tue_wed_thu_h13_tp06_sl065,2025-01-29 13:00:00+00:00,STAGE28A,data/reports/stage28a_discovery_factory_batch_runner/stage28a_exact_trades.csv,calendar_time_risk_proxy_v1,calendar_keep_tue_wed_thu_h13_tp06_sl065,-1.831999999999971,-2.881999999999971,-3.5819999999999705,0,0,0,0,2.881999999999971,30.639999999999873,4.730000000000018,0.061310782241006875,8.909999999999854,0.48260381593717755,6.360000000000127,3.4740000000000237,0.012,1.0,,,13,2,1.0,2025
2025-01-30 13:00:00+00:00|1.0|calendar_keep_tue_wed_thu_h13_tp06_sl065,2025-01-30 13:00:00+00:00,STAGE28A,data/reports/stage28a_discovery_factory_batch_runner/stage28a_exact_trades.csv,calendar_time_risk_proxy_v1,calendar_keep_tue_wed_thu_h13_tp06_sl065,1.278700000000208,0.2287000000002081,-0.4712999999997915,1,0,1,0,0.2287000000002081,21.470000000000255,5.330000000000382,0.035647279549726255,20.539999999999964,0.8695228821811177,5.420000000000073,5.335500000000025,0.344,1.0,,,13,3,1.0,2025
2025-02-04 13:00:00+00:00|1.0|calendar_keep_tue_wed_thu_h13_tp06_sl065,2025-02-04 13:00:00+00:00,STAGE28A,data/reports/stage28a_discovery_factory_batch_runner/stage28a_exact_trades.csv,calendar_time_risk_proxy_v1,calendar_keep_tue_wed_thu_h13_tp06_sl065,1.8420999999997547,0.7920999999997549,0.0920999999997551,1,1,1,0,0.7920999999997549,58.19999999999982,13.329999999999927,0.3885971492873458,14.659999999999854,0.29058663028651166,7.200000000000273,6.982500000000073,0.764,1.0,,,13,1,2.0,2025
2025-02-05 13:00:00+00:00|1.0|calendar_keep_tue_wed_thu_h13_tp06_sl065,2025-02-05 13:00:00+00:00,STAGE28A,data/reports/stage28a_discovery_factory_batch_runner/stage28a_exact_trades.csv,calendar_time_risk_proxy_v1,calendar_keep_tue_wed_thu_h13_tp06_sl065,1.767699999999786,0.7176999999997862,0.0176999999997864,1,1,1,0,0.7176999999997862,38.25,18.450000000000273,0.7501355013550104,23.690000000000055,0.5293372731110145,10.980000000000018,6.628000000000066,0.696,1.0,,,13,2,2.0,2025
2025-02-06 13:00:00+00:00|-1.0|calendar_keep_tue_wed_thu_h13_tp06_sl065,2025-02-06 13:00:00+00:00,STAGE28A,data/reports/stage28a_discovery_factory_batch_runner/stage28a_exact_trades.csv,calendar_time_risk_proxy_v1,calendar_keep_tue_wed_thu_h13_tp06_sl065,-3.026050000000032,-4.076050000000032,-4.776050000000032,0,0,0,1,4.076050000000032,42.960000000000036,9.550000000000182,0.08167539267017647,22.480000000000018,0.4181494661921745,6.110000000000127,7.170500000000016,0.688,-1.0,,,13,3,2.0,2025
2025-02-11 13:00:00+00:00|-1.0|calendar_keep_tue_wed_thu_h13_tp06_sl065,2025-02-11 13:00:00+00:00,STAGE28A,data/reports/stage28a_discovery_factory_batch_runner/stage28a_exact_trades.csv,calendar_time_risk_proxy_v1,calendar_keep_tue_wed_thu_h13_tp06_sl065,2.6199999999998,1.5699999999998,0.8699999999998003,1,1,1,0,1.5699999999998,62.570000000000164,38.029999999999745,0.0381277938469584,27.429999999999836,0.49362012395187915,5.299999999999727,10.384999999999991,0.984,-1.0,,,13,1,2.0,2025
2025-02-12 13:00:00+00:00|1.0|calendar_keep_tue_wed_thu_h13_tp06_sl065,2025-02-12 13:00:00+00:00,STAGE28A,data/reports/stage28a_discovery_factory_batch_runner/stage28a_exact_trades.csv,calendar_time_risk_proxy_v1,calendar_keep_tue_wed_thu_h13_tp06_sl065,2.113900000000194,1.0639000000001944,0.3639000000001946,1,1,1,0,1.0639000000001944,60.9399999999996,17.070000000000164,0.7861745752782627,16.440000000000055,0.15815085158150247,10.550000000000182,7.384500000000003,0.508,1.0,,,13,2,2.0,2025
2025-02-13 13:00:00+00:00|-1.0|calendar_keep_tue_wed_thu_h13_tp06_sl065,2025-02-13 13:00:00+00:00,STAGE28A,data/reports/stage28a_discovery_factory_batch_runner/stage28a_exact_trades.csv,calendar_time_risk_proxy_v1,calendar_keep_tue_wed_thu_h13_tp06_sl065,1.8888999999998304,0.8388999999998306,0.1388999999998308,1,1,1,0,0.8388999999998306,45.38000000000011,18.759999999999764,0.6780383795309147,13.460000000000036,0.05274888558692678,5.619999999999891,6.579499999999916,0.248,-1.0,,,13,3,2.0,2025
2025-02-18 13:00:00+00:00|1.0|calendar_keep_tue_wed_thu_h13_tp06_sl065,2025-02-18 13:00:00+00:00,STAGE28A,data/reports/stage28a_discovery_factory_batch_runner/stage28a_exact_trades.csv,calendar_time_risk_proxy_v1,calendar_keep_tue_wed_thu_h13_tp06_sl065,1.269099999999889,0.2190999999998895,-0.4809000000001102,1,0,1,0,0.2190999999998895,28.340000000000146,19.059999999999945,0.600734522560328,8.389999999999873,0.07866507747322041,6.429999999999836,4.858000000000038,0.016,1.0,,,13,1,2.0,2025
2025-02-19 13:00:00+00:00|1.0|calendar_keep_tue_wed_thu_h13_tp06_sl065,2025-02-19 13:00:00+00:00,STAGE28A,data/reports/stage28a_discovery_factory_batch_runner/stage28a_exact_trades.csv,calendar_time_risk_proxy_v1,calendar_keep_tue_wed_thu_h13_tp06_sl065,1.4317000000000006,0.3817000000000008,-0.3182999999999989,1,0,1,0,0.3817000000000008,45.25,15.480000000000018,0.31330749354004545,19.0,0.8199999999999962,4.399999999999636,6.214499999999953,0.184,1.0,,,13,2,2.0,2025
2025-02-20 13:00:00+00:00|1.0|calendar_keep_tue_wed_thu_h13_tp06_sl065,2025-02-20 13:00:00+00:00,STAGE28A,data/reports/stage28a_discovery_factory_batch_runner/stage28a_exact_trades.csv,calendar_time_risk_proxy_v1,calendar_keep_tue_wed_thu_h13_tp06_sl065,-2.287324999999873,-3.3373249999998733,-4.037324999999873,0,0,0,1,3.3373249999998733,28.440000000000055,11.75,0.3948936170213045,15.509999999999764,0.7949709864603556,5.789999999999964,6.62199999999998,0.316,1.0,,,13,3,2.0,2025
2025-02-25 13:00:00+00:00|1.0|calendar_keep_tue_wed_thu_h13_tp06_sl065,2025-02-25 13:00:00+00:00,STAGE28A,data/reports/stage28a_discovery_factory_batch_runner/stage28a_exact_trades.csv,calendar_time_risk_proxy_v1,calendar_keep_tue_wed_thu_h13_tp06_sl065,1.7341000000000348,0.684100000000035,-0.0158999999999647,1,0,1,0,0.684100000000035,35.16000000000031,18.909999999999854,0.6959280803807486,12.91000000000031,0.05654531371030214,4.079999999999927,6.0479999999999565,0.116,1.0,,,13,1,2.0,2025
2025-02-26 13:00:00+00:00|-1.0|calendar_keep_tue_wed_thu_h13_tp06_sl065,2025-02-26 13:00:00+00:00,STAGE28A,data/reports/stage28a_discovery_factory_batch_runner/stage28a_exact_trades.csv,calendar_time_risk_proxy_v1,calendar_keep_tue_wed_thu_h13_tp06_sl065,1.7544999999999162,0.7044999999999164,0.0044999999999166,1,1,1,0,0.7044999999999164,65.84999999999991,17.43000000000029,0.20998278829602945,15.239999999999782,0.1496062992126137,5.800000000000182,9.700000000000045,0.888,-1.0,,,13,2,2.0,2025
2025-02-27 13:00:00+00:00|-1.0|calendar_keep_tue_wed_thu_h13_tp06_sl065,2025-02-27 13:00:00+00:00,STAGE28A,data/reports/stage28a_discovery_factory_batch_runner/stage28a_exact_trades.csv,calendar_time_risk_proxy_v1,calendar_keep_tue_wed_thu_h13_tp06_sl065,2.8030000000002477,1.7530000000002477,1.0530000000002475,1,1,1,0,1.7530000000002477,39.42000000000007,24.509999999999764,0.8869849041207667,21.610000000000127,0.2512725590004537,8.100000000000364,7.4455000000000835,0.524,-1.0,,,13,3,2.0,2025
2025-03-04 13:00:00+00:00|1.0|calendar_keep_tue_wed_thu_h13_tp06_sl065,2025-03-04 13:00:00+00:00,STAGE28A,data/reports/stage28a_discovery_factory_batch_runner/stage28a_exact_trades.csv,calendar_time_risk_proxy_v1,calendar_keep_tue_wed_thu_h13_tp06_sl065,-3.434249999999884,-4.484249999999884,-5.184249999999883,0,0,0,1,4.484249999999884,39.940000000000055,11.83999999999969,0.03378378378375394,36.98000000000002,0.6311519740400252,5.980000000000018,8.387000000000011,0.664,1.0,,,13,1,3.0,2025
2025-03-05 13:00:00+00:00|1.0|calendar_keep_tue_wed_thu_h13_tp06_sl065,2025-03-05 13:00:00+00:00,STAGE28A,data/reports/stage28a_discovery_factory_batch_runner/stage28a_exact_trades.csv,calendar_time_risk_proxy_v1,calendar_keep_tue_wed_thu_h13_tp06_sl065,1.956999999999789,0.9069999999997892,0.2069999999997893,1,1,1,0,0.9069999999997892,45.84999999999991,16.070000000000164,0.24268823895457692,13.5,0.2125925925925845,10.069999999999709,7.649000000000138,0.372,1.0,,,13,2,3.0,2025
2025-03-06 13:00:00+00:00|-1.0|calendar_keep_tue_wed_thu_h13_tp06_sl065,2025-03-06 13:00:00+00:00,STAGE28A,data/reports/stage28a_discovery_factory_batch_runner/stage28a_exact_trades.csv,calendar_time_risk_proxy_v1,calendar_keep_tue_wed_thu_h13_tp06_sl065,-3.604875000000084,-4.654875000000084,-5.354875000000083,0,0,0,1,4.654875000000084,35.82999999999993,10.510000000000218,0.08658420551858138,31.970000000000255,0.5711604629339887,13.25,7.8430000000000515,0.36,-1.0,,,13,3,3.0,2025
2025-03-11 13:00:00+00:00|1.0|calendar_keep_tue_wed_thu_h13_tp06_sl065,2025-03-11 13:00:00+00:00,STAGE28A,data/reports/stage28a_discovery_factory_batch_runner/stage28a_exact_trades.csv,calendar_time_risk_proxy_v1,calendar_keep_tue_wed_thu_h13_tp06_sl065,1.4893000000000938,0.4393000000000939,-0.2606999999999058,1,0,1,0,0.4393000000000939,38.289999999999964,20.169999999999618,0.4615765989092772,21.789999999999964,0.6608536025699915,3.5,7.216999999999894,0.156,1.0,,,13,1,3.0,2025
2025-03-12 13:00:00+00:00|-1.0|calendar_keep_tue_wed_thu_h13_tp06_sl065,2025-03-12 13:00:00+00:00,STAGE28A,data/reports/stage28a_discovery_factory_batch_runner/stage28a_exact_trades.csv,calendar_time_risk_proxy_v1,calendar_keep_tue_wed_thu_h13_tp06_sl065,1.6647999999999228,0.614799999999923,-0.0852000000000767,1,0,1,0,0.614799999999923,41.909999999999854,9.090000000000146,0.10121012101205756,16.450000000000273,0.043161094224925506,4.2199999999998,5.377499999999964,0.012,-1.0,,,13,2,3.0,2025
2025-03-13 13:00:00+00:00|1.0|calendar_keep_tue_wed_thu_h13_tp06_sl065,2025-03-13 13:00:00+00:00,STAGE28A,data/reports/stage28a_discovery_factory_batch_runner/stage28a_exact_trades.csv,calendar_time_risk_proxy_v1,calendar_keep_tue_wed_thu_h13_tp06_sl065,1.4497000000000295,0.3997000000000299,-0.3002999999999698,1,0,1,0,0.3997000000000299,34.40000000000009,14.309999999999945,0.8315863032844261,15.86999999999989,0.043478260869568956,6.4099999999998545,5.7049999999999725,0.044,1.0,,,13,3,3.0,2025
2025-03-18 13:00:00+00:00|1.0|calendar_keep_tue_wed_thu_h13_tp06_sl065,2025-03-18 13:00:00+00:00,STAGE28A,data/reports/stage28a_discovery_factory_batch_runner/stage28a_exact_trades.csv,calendar_time_risk_proxy_v1,calendar_keep_tue_wed_thu_h13_tp06_sl065,1.7787999999999555,0.7287999999999557,0.0287999999999559,1,1,1,0,0.7287999999999557,20.670000000000073,17.58999999999969,0.8095508811824919,22.340000000000146,0.4185317815577372,6.230000000000018,5.679999999999995,0.08,1.0,,,13,1,3.0,2025
2025-03-19 13:00:00+00:00|-1.0|calendar_keep_tue_wed_thu_h13_tp06_sl065,2025-03-19 13:00:00+00:00,STAGE28A,data/reports/stage28a_discovery_factory_batch_runner/stage28a_exact_trades.csv,calendar_time_risk_proxy_v1,calendar_keep_tue_wed_thu_h13_tp06_sl065,2.0781999999998333,1.0281999999998337,0.3281999999998337,1,1,1,0,1.0281999999998337,38.73999999999978,11.580000000000382,0.2573402417961934,22.529999999999745,0.08521970705726119,9.609999999999673,5.933999999999992,0.196,-1.0,,,13,2,3.0,2025
2025-03-20 13:00:00+00:00|-1.0|calendar_keep_tue_wed_thu_h13_tp06_sl065,2025-03-20 13:00:00+00:00,STAGE28A,data/reports/stage28a_discovery_factory_batch_runner/stage28a_exact_trades.csv,calendar_time_risk_proxy_v1,calendar_keep_tue_wed_thu_h13_tp06_sl065,-2.8876000000001114,-3.9376000000001112,-4.637600000000111,0,0,0,1,3.9376000000001112,29.179999999999836,12.38000000000011,0.4491114701130773,28.149999999999636,0.6600355239786916,16.08999999999969,7.208000000000015,0.528,-1.0,,,13,3,3.0,2025
2025-03-25 13:00:00+00:00|1.0|calendar_keep_tue_wed_thu_h13_tp06_sl065,2025-03-25 13:00:00+00:00,STAGE28A,data/reports/stage28a_discovery_factory_batch_runner/stage28a_exact_trades.csv,calendar_time_risk_proxy_v1,calendar_keep_tue_wed_thu_h13_tp06_sl065,1.3198000000001229,0.269800000000123,-0.4301999999998767,1,0,1,0,0.269800000000123,30.789999999999964,8.889999999999873,0.4915635545556753,14.550000000000182,0.5862542955326212,4.1599999999998545,5.54200000000003,0.068,1.0,,,13,1,3.0,2025
2025-03-26 13:00:00+00:00|1.0|calendar_keep_tue_wed_thu_h13_tp06_sl065,2025-03-26 13:00:00+00:00,STAGE28A,data/reports/stage28a_discovery_factory_batch_runner/stage28a_exact_trades.csv,calendar_time_risk_proxy_v1,calendar_keep_tue_wed_thu_h13_tp06_sl065,-2.112474999999995,-3.162474999999995,-3.8624749999999946,0,0,0,1,3.162474999999995,28.480000000000018,12.690000000000055,0.3065405831363165,18.789999999999964,0.4220329962746063,8.059999999999945,5.297999999999979,0.032,1.0,,,13,2,3.0,2025
2025-03-27 13:00:00+00:00|1.0|calendar_keep_tue_wed_thu_h13_tp06_sl065,2025-03-27 13:00:00+00:00,STAGE28A,data/reports/stage28a_discovery_factory_batch_runner/stage28a_exact_trades.csv,calendar_time_risk_proxy_v1,calendar_keep_tue_wed_thu_h13_tp06_sl065,-2.777424999999857,-3.827424999999857,-4.527424999999857,0,0,0,1,3.827424999999857,19.840000000000146,21.110000000000127,0.7607768829938346,29.13000000000011,0.5918297288019283,16.09999999999991,5.74699999999998,0.212,1.0,,,13,3,3.0,2025
2025-04-01 13:00:00+00:00|-1.0|calendar_keep_tue_wed_thu_h13_tp06_sl065,2025-04-01 13:00:00+00:00,STAGE28A,data/reports/stage28a_discovery_factory_batch_runner/stage28a_exact_trades.csv,calendar_time_risk_proxy_v1,calendar_keep_tue_wed_thu_h13_tp06_sl065,2.8600000000000363,1.8100000000000365,1.1100000000000367,1,1,1,0,1.8100000000000365,51.42000000000007,27.210000000000036,0.8515251745681582,24.809999999999945,0.5630794034663373,3.7799999999997453,8.379499999999917,0.832,-1.0,,,13,1,4.0,2025
2025-04-02 13:00:00+00:00|1.0|calendar_keep_tue_wed_thu_h13_tp06_sl065,2025-04-02 13:00:00+00:00,STAGE28A,data/reports/stage28a_discovery_factory_batch_runner/stage28a_exact_trades.csv,calendar_time_risk_proxy_v1,calendar_keep_tue_wed_thu_h13_tp06_sl065,-3.2242999999999484,-4.274299999999949,-4.974299999999948,0,0,0,1,4.274299999999949,48.38000000000011,27.879999999999654,0.5068149210903976,24.329999999999927,0.23386765310316776,4.4699999999998,9.309999999999992,0.884,1.0,,,13,2,4.0,2025
2025-04-03 13:00:00+00:00|-1.0|calendar_keep_tue_wed_thu_h13_tp06_sl065,2025-04-03 13:00:00+00:00,STAGE28A,data/reports/stage28a_discovery_factory_batch_runner/stage28a_exact_trades.csv,calendar_time_risk_proxy_v1,calendar_keep_tue_wed_thu_h13_tp06_sl065,3.6283000000002175,2.5783000000002176,1.878300000000218,1,1,1,0,2.5783000000002176,41.36000000000013,45.86000000000013,0.04513737461839737,33.409999999999854,0.7934750074827995,8.0,14.06049999999998,0.968,-1.0,,,13,3,4.0,2025
2025-04-08 13:00:00+00:00|1.0|calendar_keep_tue_wed_thu_h13_tp06_sl065,2025-04-08 13:00:00+00:00,STAGE28A,data/reports/stage28a_discovery_factory_batch_runner/stage28a_exact_trades.csv,calendar_time_risk_proxy_v1,calendar_keep_tue_wed_thu_h13_tp06_sl065,3.2031999999998333,2.153199999999833,1.4531999999998335,1,1,1,0,2.153199999999833,99.02999999999975,26.2800000000002,0.3047945205479339,24.710000000000036,0.4900849858356985,12.850000000000364,14.336000000000036,0.708,1.0,,,13,1,4.0,2025
2025-04-09 13:00:00+00:00|1.0|calendar_keep_tue_wed_thu_h13_tp06_sl065,2025-04-09 13:00:00+00:00,STAGE28A,data/reports/stage28a_discovery_factory_batch_runner/stage28a_exact_trades.csv,calendar_time_risk_proxy_v1,calendar_keep_tue_wed_thu_h13_tp06_sl065,4.2733000000002,3.2233000000001995,2.5233000000002,1,1,1,0,3.2233000000001995,47.98000000000002,41.13999999999987,0.5486144871171555,52.7800000000002,0.7663887836301566,10.75,14.925000000000045,0.72,1.0,,,13,2,4.0,2025
2025-04-10 13:00:00+00:00|-1.0|calendar_keep_tue_wed_thu_h13_tp06_sl065,2025-04-10 13:00:00+00:00,STAGE28A,data/reports/stage28a_discovery_factory_batch_runner/stage28a_exact_trades.csv,calendar_time_risk_proxy_v1,calendar_keep_tue_wed_thu_h13_tp06_sl065,3.765099999999984,2.715099999999984,2.0150999999999843,1,1,1,0,2.715099999999984,129.6500000000001,60.11999999999989,0.7538256819693986,29.460000000000036,0.30040733197557207,14.829999999999927,18.808000000000014,0.804,-1.0,,,13,3,4.0,2025
2025-04-15 13:00:00+00:00|-1.0|calendar_keep_tue_wed_thu_h13_tp06_sl065,2025-04-15 13:00:00+00:00,STAGE28A,data/reports/stage28a_discovery_factory_batch_runner/stage28a_exact_trades.csv,calendar_time_risk_proxy_v1,calendar_keep_tue_wed_thu_h13_tp06_sl065,2.3335000000000945,1.283500000000095,0.5835000000000949,1,1,1,0,1.283500000000095,52.00999999999976,18.799999999999727,0.8563829787234118,15.259999999999764,0.38204456094364464,9.0,8.617999999999938,0.028,-1.0,,,13,1,4.0,2025
2025-04-16 13:00:00+00:00|1.0|calendar_keep_tue_wed_thu_h13_tp06_sl065,2025-04-16 13:00:00+00:00,STAGE28A,data/reports/stage28a_discovery_factory_batch_runner/stage28a_exact_trades.csv,calendar_time_risk_proxy_v1,calendar_keep_tue_wed_thu_h13_tp06_sl065,3.895899999999892,2.8458999999998924,2.1458999999998927,1,1,1,0,2.8458999999998924,31.389999999999873,51.76000000000022,0.7735703245749574,48.39000000000033,0.4552593511056014,10.7199999999998,11.749999999999977,0.224,1.0,,,13,2,4.0,2025
2025-04-17 13:00:00+00:00|-1.0|calendar_keep_tue_wed_thu_h13_tp06_sl065,2025-04-17 13:00:00+00:00,STAGE28A,data/reports/stage28a_discovery_factory_batch_runner/stage28a_exact_trades.csv,calendar_time_risk_proxy_v1,calendar_keep_tue_wed_thu_h13_tp06_sl065,-4.047200000000066,-5.097200000000067,-5.797200000000066,0,0,0,1,5.097200000000067,121.34000000000015,36.90000000000009,0.17723577235772214,32.649999999999636,0.7038284839203759,6.239999999999782,12.475999999999976,0.224,-1.0,,,13,3,4.0,2025
2025-04-22 13:00:00+00:00|-1.0|calendar_keep_tue_wed_thu_h13_tp06_sl065,2025-04-22 13:00:00+00:00,STAGE28A,data/reports/stage28a_discovery_factory_batch_runner/stage28a_exact_trades.csv,calendar_time_risk_proxy_v1,calendar_keep_tue_wed_thu_h13_tp06_sl065,6.034000000000015,4.984000000000014,4.284000000000015,1,1,1,0,4.984000000000014,102.19999999999982,82.3100000000004,0.6886162070222277,56.809999999999945,0.5835240274599564,14.8100000000004,18.692000000000075,0.848,-1.0,,,13,1,4.0,2025
2025-04-23 13:00:00+00:00|-1.0|calendar_keep_tue_wed_thu_h13_tp06_sl065,2025-04-23 13:00:00+00:00,STAGE28A,data/reports/stage28a_discovery_factory_batch_runner/stage28a_exact_trades.csv,calendar_time_risk_proxy_v1,calendar_keep_tue_wed_thu_h13_tp06_sl065,6.822999999999775,5.772999999999774,5.072999999999775,1,1,1,0,5.772999999999774,174.55999999999995,73.46000000000004,0.1497413558399128,57.48999999999978,0.37049921725517937,23.18000000000029,25.63149999999996,0.968,-1.0,,,13,2,4.0,2025
2025-04-24 13:00:00+00:00|1.0|calendar_keep_tue_wed_thu_h13_tp06_sl065,2025-04-24 13:00:00+00:00,STAGE28A,data/reports/stage28a_discovery_factory_batch_runner/stage28a_exact_trades.csv,calendar_time_risk_proxy_v1,calendar_keep_tue_wed_thu_h13_tp06_sl065,-5.812599999999838,-6.862599999999839,-7.562599999999838,0,0,0,1,6.862599999999839,126.44999999999982,79.0,0.23063291139240252,28.09999999999991,0.312455516014243,17.419999999999618,19.277500000000053,0.756,1.0,,,13,3,4.0,2025
2025-04-29 13:00:00+00:00|-1.0|calendar_keep_tue_wed_thu_h13_tp06_sl065,2025-04-29 13:00:00+00:00,STAGE28A,data/reports/stage28a_discovery_factory_batch_runner/stage28a_exact_trades.csv,calendar_time_risk_proxy_v1,calendar_keep_tue_wed_thu_h13_tp06_sl065,3.1195000000001527,2.069500000000153,1.3695000000001532,1,1,1,0,2.069500000000153,84.68000000000029,40.26999999999998,0.5495406009436334,19.720000000000255,0.35699797160242763,7.269999999999982,13.547000000000049,0.296,-1.0,,,13,1,4.0,2025
2025-04-30 13:00:00+00:00|-1.0|calendar_keep_tue_wed_thu_h13_tp06_sl065,2025-04-30 13:00:00+00:00,STAGE28A,data/reports/stage28a_discovery_factory_batch_runner/stage28a_exact_trades.csv,calendar_time_risk_proxy_v1,calendar_keep_tue_wed_thu_h13_tp06_sl065,-4.5262499999999815,-5.576249999999982,-6.2762499999999815,0,0,0,1,5.576249999999982,48.690000000000055,24.269999999999982,0.5937371240214201,39.57999999999993,0.7271349166245528,11.799999999999727,11.332499999999936,0.14,-1.0,,,13,2,4.0,2025
2025-05-01 13:00:00+00:00|1.0|calendar_keep_tue_wed_thu_h13_tp06_sl065,2025-05-01 13:00:00+00:00,STAGE28A,data/reports/stage28a_discovery_factory_batch_runner/stage28a_exact_trades.csv,calendar_time_risk_proxy_v1,calendar_keep_tue_wed_thu_h13_tp06_sl065,3.155799999999908,2.1057999999999084,1.405799999999909,1,1,1,0,2.1057999999999084,60.86999999999989,61.15000000000009,0.7282093213409596,27.449999999999818,0.39744990892533266,20.409999999999854,14.614999999999963,0.46,1.0,,,13,3,5.0,2025
2025-05-06 13:00:00+00:00|1.0|calendar_keep_tue_wed_thu_h13_tp06_sl065,2025-05-06 13:00:00+00:00,STAGE28A,data/reports/stage28a_discovery_factory_batch_runner/stage28a_exact_trades.csv,calendar_time_risk_proxy_v1,calendar_keep_tue_wed_thu_h13_tp06_sl065,-4.483025000000088,-5.533025000000089,-6.233025000000088,0,0,0,1,5.533025000000089,100.18000000000029,63.51999999999998,0.4711901763224157,32.86999999999989,0.6905993306966807,11.739999999999782,14.196000000000026,0.444,1.0,,,13,1,5.0,2025
2025-05-07 13:00:00+00:00|1.0|calendar_keep_tue_wed_thu_h13_tp06_sl065,2025-05-07 13:00:00+00:00,STAGE28A,data/reports/stage28a_discovery_factory_batch_runner/stage28a_exact_trades.csv,calendar_time_risk_proxy_v1,calendar_keep_tue_wed_thu_h13_tp06_sl065,-4.804124999999749,-5.854124999999749,-6.554124999999749,0,0,0,1,5.854124999999749,111.4699999999998,78.80000000000018,0.07398477157360296,27.629999999999654,0.20123054650742,15.36999999999989,19.48150000000005,0.86,1.0,,,13,2,5.0,2025
2025-05-08 13:00:00+00:00|-1.0|calendar_keep_tue_wed_thu_h13_tp06_sl065,2025-05-08 13:00:00+00:00,STAGE28A,data/reports/stage28a_discovery_factory_batch_runner/stage28a_exact_trades.csv,calendar_time_risk_proxy_v1,calendar_keep_tue_wed_thu_h13_tp06_sl065,5.340099999999802,4.290099999999802,3.5900999999998024,1,1,1,0,4.290099999999802,78.80000000000018,50.23000000000002,0.5377264582918525,79.16000000000031,0.8227640222334494,13.0,16.130499999999962,0.648,-1.0,,,13,3,5.0,2025
2025-05-13 13:00:00+00:00|1.0|calendar_keep_tue_wed_thu_h13_tp06_sl065,2025-05-13 13:00:00+00:00,STAGE28A,data/reports/stage28a_discovery_factory_batch_runner/stage28a_exact_trades.csv,calendar_time_risk_proxy_v1,calendar_keep_tue_wed_thu_h13_tp06_sl065,2.764599999999882,1.7145999999998822,1.0145999999998825,1,1,1,0,1.7145999999998822,103.59999999999991,27.399999999999636,0.1021897810219058,30.669999999999618,0.5441799804369176,6.079999999999927,11.865499999999951,0.116,1.0,,,13,1,5.0,2025
2025-05-14 13:00:00+00:00|1.0|calendar_keep_tue_wed_thu_h13_tp06_sl065,2025-05-14 13:00:00+00:00,STAGE28A,data/reports/stage28a_discovery_factory_batch_runner/stage28a_exact_trades.csv,calendar_time_risk_proxy_v1,calendar_keep_tue_wed_thu_h13_tp06_sl065,-4.064425000000119,-5.11442500000012,-5.814425000000119,0,0,0,1,5.11442500000012,49.629999999999654,30.800000000000182,0.849025974025972,22.360000000000127,0.1797853309481198,7.360000000000127,10.046499999999991,0.012,1.0,,,13,2,5.0,2025
2025-05-15 13:00:00+00:00|1.0|calendar_keep_tue_wed_thu_h13_tp06_sl065,2025-05-15 13:00:00+00:00,STAGE28A,data/reports/stage28a_discovery_factory_batch_runner/stage28a_exact_trades.csv,calendar_time_risk_proxy_v1,calendar_keep_tue_wed_thu_h13_tp06_sl065,-6.468774999999914,-7.518774999999914,-8.218774999999914,0,0,0,1,7.518774999999914,88.99000000000024,44.320000000000164,0.7274368231046958,50.940000000000055,0.290341578327443,12.239999999999782,14.491500000000087,0.548,1.0,,,13,3,5.0,2025
2025-05-20 13:00:00+00:00|1.0|calendar_keep_tue_wed_thu_h13_tp06_sl065,2025-05-20 13:00:00+00:00,STAGE28A,data/reports/stage28a_discovery_factory_batch_runner/stage28a_exact_trades.csv,calendar_time_risk_proxy_v1,calendar_keep_tue_wed_thu_h13_tp06_sl065,3.096399999999812,2.0463999999998124,1.3463999999998126,1,1,1,0,2.0463999999998124,43.039999999999964,28.140000000000327,0.5501066098080805,31.31999999999971,0.7962962962963054,8.679999999999836,10.191499999999996,0.04,1.0,,,13,1,5.0,2025
2025-05-21 13:00:00+00:00|1.0|calendar_keep_tue_wed_thu_h13_tp06_sl065,2025-05-21 13:00:00+00:00,STAGE28A,data/reports/stage28a_discovery_factory_batch_runner/stage28a_exact_trades.csv,calendar_time_risk_proxy_v1,calendar_keep_tue_wed_thu_h13_tp06_sl065,3.1588000000000647,2.108800000000065,1.4088000000000651,1,1,1,0,2.108800000000065,92.44000000000005,29.09999999999991,0.3731958762886497,22.159999999999854,0.26579422382673135,6.3400000000001455,11.911499999999933,0.176,1.0,,,13,2,5.0,2025
2025-05-22 13:00:00+00:00|-1.0|calendar_keep_tue_wed_thu_h13_tp06_sl065,2025-05-22 13:00:00+00:00,STAGE28A,data/reports/stage28a_discovery_factory_batch_runner/stage28a_exact_trades.csv,calendar_time_risk_proxy_v1,calendar_keep_tue_wed_thu_h13_tp06_sl065,3.005199999999968,1.955199999999968,1.2551999999999683,1,1,1,0,1.955199999999968,39.2800000000002,29.789999999999964,0.5877811346089219,35.23999999999978,0.8688989784336004,9.629999999999654,10.234999999999946,0.06,-1.0,,,13,3,5.0,2025
2025-05-27 13:00:00+00:00|-1.0|calendar_keep_tue_wed_thu_h13_tp06_sl065,2025-05-27 13:00:00+00:00,STAGE28A,data/reports/stage28a_discovery_factory_batch_runner/stage28a_exact_trades.csv,calendar_time_risk_proxy_v1,calendar_keep_tue_wed_thu_h13_tp06_sl065,4.396300000000247,3.3463000000002467,2.646300000000247,1,1,1,0,3.3463000000002467,33.23999999999978,18.09999999999991,0.3596685082872816,48.90000000000009,0.9141104294478474,14.960000000000036,9.271000000000049,0.096,-1.0,,,13,1,5.0,2025
2025-05-28 13:00:00+00:00|1.0|calendar_keep_tue_wed_thu_h13_tp06_sl065,2025-05-28 13:00:00+00:00,STAGE28A,data/reports/stage28a_discovery_factory_batch_runner/stage28a_exact_trades.csv,calendar_time_risk_proxy_v1,calendar_keep_tue_wed_thu_h13_tp06_sl065,2.69950000000008,1.64950000000008,0.9495000000000804,1,1,1,0,1.64950000000008,64.65999999999985,24.050000000000182,0.22910602910601754,31.070000000000164,0.8464757000321868,5.320000000000164,9.679000000000087,0.124,1.0,,,13,2,5.0,2025
2025-05-29 13:00:00+00:00|1.0|calendar_keep_tue_wed_thu_h13_tp06_sl065,2025-05-29 13:00:00+00:00,STAGE28A,data/reports/stage28a_discovery_factory_batch_runner/stage28a_exact_trades.csv,calendar_time_risk_proxy_v1,calendar_keep_tue_wed_thu_h13_tp06_sl065,-3.628925000000072,-4.678925000000072,-5.378925000000072,0,0,0,1,4.678925000000072,48.7199999999998,49.67000000000007,0.2415945238574589,23.240000000000236,0.3222891566265129,6.980000000000018,13.875999999999976,0.708,1.0,,,13,3,5.0,2025
2025-06-03 13:00:00+00:00|-1.0|calendar_keep_tue_wed_thu_h13_tp06_sl065,2025-06-03 13:00:00+00:00,STAGE28A,data/reports/stage28a_discovery_factory_batch_runner/stage28a_exact_trades.csv,calendar_time_risk_proxy_v1,calendar_keep_tue_wed_thu_h13_tp06_sl065,2.9475999999998748,1.897599999999875,1.1975999999998752,1,1,1,0,1.897599999999875,94.19000000000005,32.42000000000007,0.8932757557063532,16.5,0.27636363636363304,7.6599999999998545,9.29100000000003,0.108,-1.0,,,13,1,6.0,2025
2025-06-04 13:00:00+00:00|1.0|calendar_keep_tue_wed_thu_h13_tp06_sl065,2025-06-04 13:00:00+00:00,STAGE28A,data/reports/stage28a_discovery_factory_batch_runner/stage28a_exact_trades.csv,calendar_time_risk_proxy_v1,calendar_keep_tue_wed_thu_h13_tp06_sl065,2.5819000000000414,1.5319000000000416,0.8319000000000418,1,1,1,0,1.5319000000000416,59.320000000000164,26.11999999999989,0.07465543644716027,17.25,0.2179710144927663,5.600000000000364,8.997499999999922,0.096,1.0,,,13,2,6.0,2025
2025-06-05 13:00:00+00:00|1.0|calendar_keep_tue_wed_thu_h13_tp06_sl065,2025-06-05 13:00:00+00:00,STAGE28A,data/reports/stage28a_discovery_factory_batch_runner/stage28a_exact_trades.csv,calendar_time_risk_proxy_v1,calendar_keep_tue_wed_thu_h13_tp06_sl065,2.480500000000029,1.4305000000000292,0.7305000000000295,1,1,1,0,1.4305000000000292,40.88999999999987,15.769999999999982,0.24413443246670347,30.279999999999745,0.6647952443857423,17.199999999999818,9.147000000000002,0.148,1.0,,,13,3,6.0,2025
2025-06-10 13:00:00+00:00|1.0|calendar_keep_tue_wed_thu_h13_tp06_sl065,2025-06-10 13:00:00+00:00,STAGE28A,data/reports/stage28a_discovery_factory_batch_runner/stage28a_exact_trades.csv,calendar_time_risk_proxy_v1,calendar_keep_tue_wed_thu_h13_tp06_sl065,2.4810999999998784,1.4310999999998786,0.7310999999998788,1,1,1,0,1.4310999999998786,44.629999999999654,25.990000000000236,0.6167756829549673,31.990000000000236,0.6927164738980977,4.610000000000127,8.441999999999984,0.068,1.0,,,13,1,6.0,2025
2025-06-11 13:00:00+00:00|1.0|calendar_keep_tue_wed_thu_h13_tp06_sl065,2025-06-11 13:00:00+00:00,STAGE28A,data/reports/stage28a_discovery_factory_batch_runner/stage28a_exact_trades.csv,calendar_time_risk_proxy_v1,calendar_keep_tue_wed_thu_h13_tp06_sl065,-3.288325000000077,-4.3383250000000775,-5.038325000000077,0,0,0,1,4.3383250000000775,47.15000000000009,26.059999999999945,0.5721412125863349,17.140000000000327,0.3302217036172547,13.240000000000236,9.195500000000015,0.18,1.0,,,13,2,6.0,2025
2025-06-12 13:00:00+00:00|-1.0|calendar_keep_tue_wed_thu_h13_tp06_sl065,2025-06-12 13:00:00+00:00,STAGE28A,data/reports/stage28a_discovery_factory_batch_runner/stage28a_exact_trades.csv,calendar_time_risk_proxy_v1,calendar_keep_tue_wed_thu_h13_tp06_sl065,3.465099999999802,2.415099999999802,1.7150999999998024,1,1,1,0,2.415099999999802,54.10999999999967,21.41000000000031,0.20597851471274128,37.07999999999993,0.21467098166127432,12.5,12.585000000000036,0.912,-1.0,,,13,3,6.0,2025
2025-06-17 13:00:00+00:00|-1.0|calendar_keep_tue_wed_thu_h13_tp06_sl065,2025-06-17 13:00:00+00:00,STAGE28A,data/reports/stage28a_discovery_factory_batch_runner/stage28a_exact_trades.csv,calendar_time_risk_proxy_v1,calendar_keep_tue_wed_thu_h13_tp06_sl065,2.7052000000002407,1.655200000000241,0.9552000000002412,1,1,1,0,1.655200000000241,70.05999999999995,29.539999999999964,0.2599864590386019,20.360000000000127,0.10559921414538691,10.139999999999873,9.720500000000039,0.324,-1.0,,,13,1,6.0,2025
2025-06-18 13:00:00+00:00|-1.0|calendar_keep_tue_wed_thu_h13_tp06_sl065,2025-06-18 13:00:00+00:00,STAGE28A,data/reports/stage28a_discovery_factory_batch_runner/stage28a_exact_trades.csv,calendar_time_risk_proxy_v1,calendar_keep_tue_wed_thu_h13_tp06_sl065,2.062899999999809,1.0128999999998087,0.312899999999809,1,1,1,0,1.0128999999998087,37.070000000000164,25.65000000000009,0.08109161793372008,24.519999999999982,0.5236541598695006,10.019999999999982,9.534500000000026,0.252,-1.0,,,13,2,6.0,2025
2025-06-19 13:00:00+00:00|-1.0|calendar_keep_tue_wed_thu_h13_tp06_sl065,2025-06-19 13:00:00+00:00,STAGE28A,data/reports/stage28a_discovery_factory_batch_runner/stage28a_exact_trades.csv,calendar_time_risk_proxy_v1,calendar_keep_tue_wed_thu_h13_tp06_sl065,3.3828999999999723,2.3328999999999724,1.6328999999999727,1,1,1,0,2.3328999999999724,37.409999999999854,18.40000000000009,0.08641304347826835,27.670000000000073,0.11962414166967607,9.88000000000011,10.623499999999922,0.482,-1.0,,,13,3,6.0,2025
2025-06-24 13:00:00+00:00|-1.0|calendar_keep_tue_wed_thu_h13_tp06_sl065,2025-06-24 13:00:00+00:00,STAGE28A,data/reports/stage28a_discovery_factory_batch_runner/stage28a_exact_trades.csv,calendar_time_risk_proxy_v1,calendar_keep_tue_wed_thu_h13_tp06_sl065,-4.461899999999877,-5.511899999999878,-6.211899999999877,0,0,0,1,5.511899999999878,49.309999999999945,36.75,0.08408163265306519,37.289999999999964,0.9155269509251784,10.820000000000164,12.75750000000005,0.852,-1.0,,,13,1,6.0,2025
2025-06-25 13:00:00+00:00|-1.0|calendar_keep_tue_wed_thu_h13_tp06_sl065,2025-06-25 13:00:00+00:00,STAGE28A,data/reports/stage28a_discovery_factory_batch_runner/stage28a_exact_trades.csv,calendar_time_risk_proxy_v1,calendar_keep_tue_wed_thu_h13_tp06_sl065,1.851399999999921,0.8013999999999215,0.1013999999999217,1,1,1,0,0.8013999999999215,74.55999999999995,14.210000000000036,0.4693877551020447,15.5,0.19935483870965748,5.700000000000273,6.538999999999964,0.004,-1.0,,,13,2,6.0,2025
2025-06-26 13:00:00+00:00|1.0|calendar_keep_tue_wed_thu_h13_tp06_sl065,2025-06-26 13:00:00+00:00,STAGE28A,data/reports/stage28a_discovery_factory_batch_runner/stage28a_exact_trades.csv,calendar_time_risk_proxy_v1,calendar_keep_tue_wed_thu_h13_tp06_sl065,1.8445000000000615,0.7945000000000619,0.0945000000000622,1,1,1,0,0.7945000000000619,25.09999999999991,13.859999999999673,0.3448773448773675,19.23999999999978,0.12577962577963098,9.980000000000018,7.567000000000053,0.08,1.0,,,13,3,6.0,2025
2025-07-01 13:00:00+00:00|1.0|calendar_keep_tue_wed_thu_h13_tp06_sl065,2025-07-01 13:00:00+00:00,STAGE28A,data/reports/stage28a_discovery_factory_batch_runner/stage28a_exact_trades.csv,calendar_time_risk_proxy_v1,calendar_keep_tue_wed_thu_h13_tp06_sl065,-2.8996250000001056,-3.9496250000001054,-4.649625000000105,0,0,0,1,3.9496250000001054,63.93000000000029,20.279999999999745,0.4817554240631215,29.08999999999969,0.8446201443795108,9.88000000000011,7.409500000000071,0.072,1.0,,,13,1,7.0,2025
2025-07-02 13:00:00+00:00|-1.0|calendar_keep_tue_wed_thu_h13_tp06_sl065,2025-07-02 13:00:00+00:00,STAGE28A,data/reports/stage28a_discovery_factory_batch_runner/stage28a_exact_trades.csv,calendar_time_risk_proxy_v1,calendar_keep_tue_wed_thu_h13_tp06_sl065,-2.834300000000076,-3.884300000000076,-4.584300000000075,0,0,0,1,3.884300000000076,55.48999999999978,16.179999999999836,0.10074165636589157,16.269999999999982,0.10571604179472997,9.11999999999989,6.954499999999984,0.056,-1.0,,,13,2,7.0,2025
2025-07-03 13:00:00+00:00|1.0|calendar_keep_tue_wed_thu_h13_tp06_sl065,2025-07-03 13:00:00+00:00,STAGE28A,data/reports/stage28a_discovery_factory_batch_runner/stage28a_exact_trades.csv,calendar_time_risk_proxy_v1,calendar_keep_tue_wed_thu_h13_tp06_sl065,2.0014000000000123,0.9514000000000123,0.2514000000000127,1,1,1,0,0.9514000000000123,34.559999999999945,23.829999999999927,0.607217792698292,19.84999999999991,0.10277078085642181,12.480000000000018,7.623499999999945,0.244,1.0,,,13,3,7.0,2025
2025-07-08 13:00:00+00:00|-1.0|calendar_keep_tue_wed_thu_h13_tp06_sl065,2025-07-08 13:00:00+00:00,STAGE28A,data/reports/stage28a_discovery_factory_batch_runner/stage28a_exact_trades.csv,calendar_time_risk_proxy_v1,calendar_keep_tue_wed_thu_h13_tp06_sl065,1.8693999999999504,0.8193999999999506,0.1193999999999508,1,1,1,0,0.8193999999999506,46.31999999999971,16.210000000000036,0.5077112893275756,18.2800000000002,0.5202407002188246,5.579999999999927,6.630999999999995,0.088,-1.0,,,13,1,7.0,2025
2025-07-09 13:00:00+00:00|-1.0|calendar_keep_tue_wed_thu_h13_tp06_sl065,2025-07-09 13:00:00+00:00,STAGE28A,data/reports/stage28a_discovery_factory_batch_runner/stage28a_exact_trades.csv,calendar_time_risk_proxy_v1,calendar_keep_tue_wed_thu_h13_tp06_sl065,-3.022474999999849,-4.07247499999985,-4.772474999999849,0,0,0,1,4.07247499999985,58.720000000000255,23.039999999999964,0.36067708333333154,15.109999999999673,0.2766379880873545,5.960000000000036,8.421499999999947,0.604,-1.0,,,13,2,7.0,2025
2025-07-10 13:00:00+00:00|1.0|calendar_keep_tue_wed_thu_h13_tp06_sl065,2025-07-10 13:00:00+00:00,STAGE28A,data/reports/stage28a_discovery_factory_batch_runner/stage28a_exact_trades.csv,calendar_time_risk_proxy_v1,calendar_keep_tue_wed_thu_h13_tp06_sl065,1.6426000000000385,0.5926000000000387,-0.107399999999961,1,0,1,0,0.5926000000000387,37.20999999999958,12.9699999999998,0.29452582883575695,15.36999999999989,0.698113207547176,6.9699999999998,6.726999999999975,0.084,1.0,,,13,3,7.0,2025
2025-07-15 13:00:00+00:00|1.0|calendar_keep_tue_wed_thu_h13_tp06_sl065,2025-07-15 13:00:00+00:00,STAGE28A,data/reports/stage28a_discovery_factory_batch_runner/stage28a_exact_trades.csv,calendar_time_risk_proxy_v1,calendar_keep_tue_wed_thu_h13_tp06_sl065,-2.8027750000002016,-3.8527750000002015,-4.552775000000201,0,0,0,1,3.8527750000002015,34.059999999999945,17.06999999999971,0.7158758055067641,9.0,0.6077777777777555,6.110000000000127,5.974000000000046,0.04,1.0,,,13,1,7.0,2025
2025-07-16 13:00:00+00:00|1.0|calendar_keep_tue_wed_thu_h13_tp06_sl065,2025-07-16 13:00:00+00:00,STAGE28A,data/reports/stage28a_discovery_factory_batch_runner/stage28a_exact_trades.csv,calendar_time_risk_proxy_v1,calendar_keep_tue_wed_thu_h13_tp06_sl065,1.1914000000000668,0.141400000000067,-0.5585999999999327,1,0,0,0,0.141400000000067,46.159999999999854,11.390000000000327,0.678665496049148,10.139999999999873,0.5601577909270574,3.8099999999999454,6.712999999999965,0.128,1.0,,,13,2,7.0,2025
2025-07-17 13:00:00+00:00|-1.0|calendar_keep_tue_wed_thu_h13_tp06_sl065,2025-07-17 13:00:00+00:00,STAGE28A,data/reports/stage28a_discovery_factory_batch_runner/stage28a_exact_trades.csv,calendar_time_risk_proxy_v1,calendar_keep_tue_wed_thu_h13_tp06_sl065,-2.9045000000001893,-3.954500000000189,-4.654500000000189,0,0,0,1,3.954500000000189,57.909999999999854,16.170000000000073,0.5009276437847787,20.009999999999764,0.7901049475262435,7.769999999999982,9.837000000000035,0.956,-1.0,,,13,3,7.0,2025
2025-07-22 13:00:00+00:00|-1.0|calendar_keep_tue_wed_thu_h13_tp06_sl065,2025-07-22 13:00:00+00:00,STAGE28A,data/reports/stage28a_discovery_factory_batch_runner/stage28a_exact_trades.csv,calendar_time_risk_proxy_v1,calendar_keep_tue_wed_thu_h13_tp06_sl065,-2.0257000000002336,-3.075700000000233,-3.775700000000233,0,0,0,1,3.075700000000233,56.7199999999998,17.450000000000273,0.38739255014327295,9.409999999999854,0.6992561105207257,6.070000000000164,6.11550000000002,0.132,-1.0,,,13,1,7.0,2025
2025-07-23 13:00:00+00:00|1.0|calendar_keep_tue_wed_thu_h13_tp06_sl065,2025-07-23 13:00:00+00:00,STAGE28A,data/reports/stage28a_discovery_factory_batch_runner/stage28a_exact_trades.csv,calendar_time_risk_proxy_v1,calendar_keep_tue_wed_thu_h13_tp06_sl065,1.9441000000000712,0.8941000000000714,0.1941000000000716,1,1,1,0,0.8941000000000714,50.26999999999998,19.579999999999927,0.24463738508682234,17.449999999999818,0.462464183381077,5.5099999999997635,7.339999999999941,0.432,1.0,,,13,2,7.0,2025
2025-07-24 13:00:00+00:00|-1.0|calendar_keep_tue_wed_thu_h13_tp06_sl065,2025-07-24 13:00:00+00:00,STAGE28A,data/reports/stage28a_discovery_factory_batch_runner/stage28a_exact_trades.csv,calendar_time_risk_proxy_v1,calendar_keep_tue_wed_thu_h13_tp06_sl065,-3.2363249999999426,-4.286324999999943,-4.986324999999942,0,0,0,1,4.286324999999943,57.620000000000346,18.539999999999964,0.1564185544768121,23.389999999999873,0.8610517315092107,8.049999999999727,8.378999999999929,0.768,-1.0,,,13,3,7.0,2025
2025-07-29 13:00:00+00:00|1.0|calendar_keep_tue_wed_thu_h13_tp06_sl065,2025-07-29 13:00:00+00:00,STAGE28A,data/reports/stage28a_discovery_factory_batch_runner/stage28a_exact_trades.csv,calendar_time_risk_proxy_v1,calendar_keep_tue_wed_thu_h13_tp06_sl065,-3.157999999999993,-4.207999999999993,-4.907999999999992,0,0,0,1,4.207999999999993,43.44999999999982,13.079999999999927,0.1551987767583912,20.879999999999654,0.5727969348659117,7.329999999999927,6.872999999999934,0.276,1.0,,,13,1,7.0,2025
2025-07-30 13:00:00+00:00|1.0|calendar_keep_tue_wed_thu_h13_tp06_sl065,2025-07-30 13:00:00+00:00,STAGE28A,data/reports/stage28a_discovery_factory_batch_runner/stage28a_exact_trades.csv,calendar_time_risk_proxy_v1,calendar_keep_tue_wed_thu_h13_tp06_sl065,1.7413000000000465,0.6913000000000467,-0.008699999999953,1,0,1,0,0.6913000000000467,26.38000000000011,11.730000000000018,0.06308610400684019,10.860000000000127,0.2651933701657528,4.890000000000327,6.377500000000078,0.176,1.0,,,13,2,7.0,2025
2025-07-31 13:00:00+00:00|1.0|calendar_keep_tue_wed_thu_h13_tp06_sl065,2025-07-31 13:00:00+00:00,STAGE28A,data/reports/stage28a_discovery_factory_batch_runner/stage28a_exact_trades.csv,calendar_time_risk_proxy_v1,calendar_keep_tue_wed_thu_h13_tp06_sl065,-3.2541999999999462,-4.3041999999999465,-5.004199999999946,0,0,0,1,4.3041999999999465,65.80000000000018,24.590000000000146,0.6547376982513141,21.06999999999971,0.5495965828191783,8.260000000000218,8.957500000000072,0.872,1.0,,,13,3,7.0,2025
2025-08-05 13:00:00+00:00|-1.0|calendar_keep_tue_wed_thu_h13_tp06_sl065,2025-08-05 13:00:00+00:00,STAGE28A,data/reports/stage28a_discovery_factory_batch_runner/stage28a_exact_trades.csv,calendar_time_risk_proxy_v1,calendar_keep_tue_wed_thu_h13_tp06_sl065,-2.7293249999998808,-3.7793249999998806,-4.47932499999988,0,0,0,1,3.7793249999998806,40.25999999999976,10.429999999999836,0.2550335570470135,16.519999999999982,0.7481840193704686,7.330000000000382,5.739000000000033,0.016,-1.0,,,13,1,8.0,2025
2025-08-06 13:00:00+00:00|-1.0|calendar_keep_tue_wed_thu_h13_tp06_sl065,2025-08-06 13:00:00+00:00,STAGE28A,data/reports/stage28a_discovery_factory_batch_runner/stage28a_exact_trades.csv,calendar_time_risk_proxy_v1,calendar_keep_tue_wed_thu_h13_tp06_sl065,1.7910999999998238,0.741099999999824,0.0410999999998242,1,1,1,0,0.741099999999824,40.220000000000255,12.699999999999818,0.4,20.40000000000009,0.7725490196078504,9.559999999999945,6.420500000000016,0.072,-1.0,,,13,2,8.0,2025
2025-08-07 13:00:00+00:00|-1.0|calendar_keep_tue_wed_thu_h13_tp06_sl065,2025-08-07 13:00:00+00:00,STAGE28A,data/reports/stage28a_discovery_factory_batch_runner/stage28a_exact_trades.csv,calendar_time_risk_proxy_v1,calendar_keep_tue_wed_thu_h13_tp06_sl065,2.8405000000001563,1.7905000000001563,1.0905000000001568,1,1,1,0,1.7905000000001563,27.139999999999873,18.960000000000036,0.3992616033755353,25.840000000000146,0.11803405572754296,8.050000000000182,8.108500000000003,0.628,-1.0,,,13,3,8.0,2025
2025-08-12 13:00:00+00:00|-1.0|calendar_keep_tue_wed_thu_h13_tp06_sl065,2025-08-12 13:00:00+00:00,STAGE28A,data/reports/stage28a_discovery_factory_batch_runner/stage28a_exact_trades.csv,calendar_time_risk_proxy_v1,calendar_keep_tue_wed_thu_h13_tp06_sl065,2.479000000000178,1.4290000000001783,0.7290000000001786,1,1,1,0,1.4290000000001783,64.0300000000002,15.070000000000164,0.16323822163238286,15.83999999999969,0.24368686868688147,7.360000000000127,8.634500000000003,0.544,-1.0,,,13,1,8.0,2025
2025-08-13 13:00:00+00:00|1.0|calendar_keep_tue_wed_thu_h13_tp06_sl065,2025-08-13 13:00:00+00:00,STAGE28A,data/reports/stage28a_discovery_factory_batch_runner/stage28a_exact_trades.csv,calendar_time_risk_proxy_v1,calendar_keep_tue_wed_thu_h13_tp06_sl065,1.9828000000001336,0.932800000000134,0.2328000000001342,1,1,1,0,0.932800000000134,28.0300000000002,11.659999999999854,0.07375643224701013,21.079999999999927,0.7191650853890115,8.019999999999982,7.145500000000061,0.232,1.0,,,13,2,8.0,2025
2025-08-14 13:00:00+00:00|-1.0|calendar_keep_tue_wed_thu_h13_tp06_sl065,2025-08-14 13:00:00+00:00,STAGE28A,data/reports/stage28a_discovery_factory_batch_runner/stage28a_exact_trades.csv,calendar_time_risk_proxy_v1,calendar_keep_tue_wed_thu_h13_tp06_sl065,2.599000000000069,1.5490000000000692,0.8490000000000695,1,1,1,0,1.5490000000000692,28.230000000000018,19.61999999999989,0.1432212028542284,24.98999999999978,0.16966786714686968,13.989999999999782,7.551499999999964,0.34,-1.0,,,13,3,8.0,2025
2025-08-19 13:00:00+00:00|1.0|calendar_keep_tue_wed_thu_h13_tp06_sl065,2025-08-19 13:00:00+00:00,STAGE28A,data/reports/stage28a_discovery_factory_batch_runner/stage28a_exact_trades.csv,calendar_time_risk_proxy_v1,calendar_keep_tue_wed_thu_h13_tp06_sl065,-2.2073750000000474,-3.257375000000047,-3.957375000000047,0,0,0,1,3.257375000000047,34.79999999999973,15.579999999999927,0.21694480102696564,7.289999999999964,0.20301783264746578,2.699999999999818,4.820999999999981,0.004,1.0,,,13,1,8.0,2025
2025-08-20 13:00:00+00:00|1.0|calendar_keep_tue_wed_thu_h13_tp06_sl065,2025-08-20 13:00:00+00:00,STAGE28A,data/reports/stage28a_discovery_factory_batch_runner/stage28a_exact_trades.csv,calendar_time_risk_proxy_v1,calendar_keep_tue_wed_thu_h13_tp06_sl065,-2.029924999999912,-3.079924999999912,-3.779924999999912,0,0,0,1,3.079924999999912,30.36999999999989,7.0300000000002,0.09246088193457645,10.38000000000011,0.8333333333333334,3.9299999999998363,5.073000000000002,0.028,1.0,,,13,2,8.0,2025
2025-08-21 13:00:00+00:00|-1.0|calendar_keep_tue_wed_thu_h13_tp06_sl065,2025-08-21 13:00:00+00:00,STAGE28A,data/reports/stage28a_discovery_factory_batch_runner/stage28a_exact_trades.csv,calendar_time_risk_proxy_v1,calendar_keep_tue_wed_thu_h13_tp06_sl065,1.17579999999989,0.1257999999998902,-0.5742000000001095,1,0,0,0,0.1257999999998902,38.88999999999987,12.33999999999969,0.793354943273923,7.849999999999909,0.09044585987261715,4.1599999999998545,4.661500000000001,0.012,-1.0,,,13,3,8.0,2025
2025-08-26 13:00:00+00:00|1.0|calendar_keep_tue_wed_thu_h13_tp06_sl065,2025-08-26 13:00:00+00:00,STAGE28A,data/reports/stage28a_discovery_factory_batch_runner/stage28a_exact_trades.csv,calendar_time_risk_proxy_v1,calendar_keep_tue_wed_thu_h13_tp06_sl065,1.9032999999998537,0.8532999999998538,0.1532999999998541,1,1,1,0,0.8532999999998538,16.389999999999873,35.129999999999654,0.22687161969826014,12.58999999999969,0.030182684670346602,8.9699999999998,8.00849999999998,0.816,1.0,,,13,1,8.0,2025
2025-08-27 13:00:00+00:00|1.0|calendar_keep_tue_wed_thu_h13_tp06_sl065,2025-08-27 13:00:00+00:00,STAGE28A,data/reports/stage28a_discovery_factory_batch_runner/stage28a_exact_trades.csv,calendar_time_risk_proxy_v1,calendar_keep_tue_wed_thu_h13_tp06_sl065,-2.2785500000000867,-3.3285500000000865,-4.028550000000086,0,0,0,1,3.3285500000000865,42.19999999999982,13.800000000000182,0.7543478260869689,11.629999999999654,0.21066208082548113,7.799999999999727,5.670999999999981,0.292,1.0,,,13,2,8.0,2025
2025-08-28 13:00:00+00:00|1.0|calendar_keep_tue_wed_thu_h13_tp06_sl065,2025-08-28 13:00:00+00:00,STAGE28A,data/reports/stage28a_discovery_factory_batch_runner/stage28a_exact_trades.csv,calendar_time_risk_proxy_v1,calendar_keep_tue_wed_thu_h13_tp06_sl065,1.3402000000000045,0.2902000000000044,-0.4097999999999953,1,0,1,0,0.2902000000000044,25.049999999999727,15.08999999999969,0.3770709078860286,13.86999999999989,0.6560922855083227,3.0900000000001455,5.275500000000011,0.176,1.0,,,13,3,8.0,2025
2025-09-02 13:00:00+00:00|-1.0|calendar_keep_tue_wed_thu_h13_tp06_sl065,2025-09-02 13:00:00+00:00,STAGE28A,data/reports/stage28a_discovery_factory_batch_runner/stage28a_exact_trades.csv,calendar_time_risk_proxy_v1,calendar_keep_tue_wed_thu_h13_tp06_sl065,2.754699999999866,1.7046999999998662,1.0046999999998665,1,1,1,0,1.7046999999998662,52.74000000000024,34.159999999999854,0.5793325526932098,28.289999999999964,0.6564156945917191,4.25,8.384999999999991,0.88,-1.0,,,13,1,9.0,2025
2025-09-03 13:00:00+00:00|1.0|calendar_keep_tue_wed_thu_h13_tp06_sl065,2025-09-03 13:00:00+00:00,STAGE28A,data/reports/stage28a_discovery_factory_batch_runner/stage28a_exact_trades.csv,calendar_time_risk_proxy_v1,calendar_keep_tue_wed_thu_h13_tp06_sl065,2.015800000000036,0.9658000000000356,0.265800000000036,1,1,1,0,0.9658000000000356,70.11000000000013,20.48999999999978,0.07369448511467934,14.86999999999989,0.24277067921991619,7.869999999999891,9.721500000000015,0.856,1.0,,,13,2,9.0,2025
2025-09-04 13:00:00+00:00|1.0|calendar_keep_tue_wed_thu_h13_tp06_sl065,2025-09-04 13:00:00+00:00,STAGE28A,data/reports/stage28a_discovery_factory_batch_runner/stage28a_exact_trades.csv,calendar_time_risk_proxy_v1,calendar_keep_tue_wed_thu_h13_tp06_sl065,-3.717000000000189,-4.7670000000001895,-5.467000000000189,0,0,0,1,4.7670000000001895,52.10999999999967,52.7800000000002,0.6220159151193596,20.90000000000009,0.44928229665073144,8.169999999999618,11.038500000000045,0.94,1.0,,,13,3,9.0,2025
2025-09-09 13:00:00+00:00|1.0|calendar_keep_tue_wed_thu_h13_tp06_sl065,2025-09-09 13:00:00+00:00,STAGE28A,data/reports/stage28a_discovery_factory_batch_runner/stage28a_exact_trades.csv,calendar_time_risk_proxy_v1,calendar_keep_tue_wed_thu_h13_tp06_sl065,-4.16354999999985,-5.2135499999998505,-5.91354999999985,0,0,0,1,5.2135499999998505,67.81999999999971,26.2800000000002,0.6255707762556878,22.7199999999998,0.3371478873239602,8.900000000000091,8.972499999999991,0.48,1.0,,,13,1,9.0,2025
2025-09-10 13:00:00+00:00|1.0|calendar_keep_tue_wed_thu_h13_tp06_sl065,2025-09-10 13:00:00+00:00,STAGE28A,data/reports/stage28a_discovery_factory_batch_runner/stage28a_exact_trades.csv,calendar_time_risk_proxy_v1,calendar_keep_tue_wed_thu_h13_tp06_sl065,2.0911000000000057,1.041100000000006,0.3411000000000062,1,1,1,0,1.041100000000006,48.75999999999976,21.710000000000036,0.044679871027167126,19.68000000000029,0.9563008130081243,11.020000000000437,10.254500000000053,0.644,1.0,,,13,2,9.0,2025
2025-09-11 13:00:00+00:00|-1.0|calendar_keep_tue_wed_thu_h13_tp06_sl065,2025-09-11 13:00:00+00:00,STAGE28A,data/reports/stage28a_discovery_factory_batch_runner/stage28a_exact_trades.csv,calendar_time_risk_proxy_v1,calendar_keep_tue_wed_thu_h13_tp06_sl065,2.696800000000076,1.6468000000000758,0.946800000000076,1,1,1,0,1.6468000000000758,38.68000000000029,19.309999999999945,0.40963231486275903,23.88000000000011,0.43467336683417346,12.049999999999727,8.210999999999967,0.268,-1.0,,,13,3,9.0,2025
2025-09-16 13:00:00+00:00|1.0|calendar_keep_tue_wed_thu_h13_tp06_sl065,2025-09-16 13:00:00+00:00,STAGE28A,data/reports/stage28a_discovery_factory_batch_runner/stage28a_exact_trades.csv,calendar_time_risk_proxy_v1,calendar_keep_tue_wed_thu_h13_tp06_sl065,-2.7956249999998364,-3.845624999999836,-4.545624999999836,0,0,0,1,3.845624999999836,58.88000000000011,14.720000000000255,0.1555706521739079,18.590000000000146,0.9214631522323816,5.820000000000164,7.810000000000014,0.148,1.0,,,13,1,9.0,2025
2025-09-17 13:00:00+00:00|-1.0|calendar_keep_tue_wed_thu_h13_tp06_sl065,2025-09-17 13:00:00+00:00,STAGE28A,data/reports/stage28a_discovery_factory_batch_runner/stage28a_exact_trades.csv,calendar_time_risk_proxy_v1,calendar_keep_tue_wed_thu_h13_tp06_sl065,-3.36989999999978,-4.41989999999978,-5.119899999999779,0,0,0,1,4.41989999999978,28.450000000000273,21.039999999999964,0.4857414448669115,23.460000000000036,0.5920716112531906,7.080000000000382,6.962500000000023,0.112,-1.0,,,13,2,9.0,2025
2025-09-18 13:00:00+00:00|1.0|calendar_keep_tue_wed_thu_h13_tp06_sl065,2025-09-18 13:00:00+00:00,STAGE28A,data/reports/stage28a_discovery_factory_batch_runner/stage28a_exact_trades.csv,calendar_time_risk_proxy_v1,calendar_keep_tue_wed_thu_h13_tp06_sl065,3.251799999999912,2.201799999999912,1.5017999999999123,1,1,1,0,2.201799999999912,61.32999999999993,20.0,0.2259999999999991,39.059999999999945,0.33666154633895684,8.38000000000011,13.482000000000038,0.992,1.0,,,13,3,9.0,2025
2025-09-23 13:00:00+00:00|1.0|calendar_keep_tue_wed_thu_h13_tp06_sl065,2025-09-23 13:00:00+00:00,STAGE28A,data/reports/stage28a_discovery_factory_batch_runner/stage28a_exact_trades.csv,calendar_time_risk_proxy_v1,calendar_keep_tue_wed_thu_h13_tp06_sl065,-4.175899999999819,-5.22589999999982,-5.925899999999819,0,0,0,1,5.22589999999982,65.05000000000018,22.389999999999873,0.2880750334970904,48.059999999999945,0.7973366625052062,16.890000000000327,9.975999999999953,0.8,1.0,,,13,1,9.0,2025
2025-09-24 13:00:00+00:00|1.0|calendar_keep_tue_wed_thu_h13_tp06_sl065,2025-09-24 13:00:00+00:00,STAGE28A,data/reports/stage28a_discovery_factory_batch_runner/stage28a_exact_trades.csv,calendar_time_risk_proxy_v1,calendar_keep_tue_wed_thu_h13_tp06_sl065,2.097700000000168,1.0477000000001682,0.3477000000001684,1,1,1,0,1.0477000000001682,54.13000000000011,21.070000000000164,0.0014238253440790275,15.989999999999782,0.18886804252658054,8.4399999999996,10.861000000000013,0.804,1.0,,,13,2,9.0,2025
2025-09-25 13:00:00+00:00|1.0|calendar_keep_tue_wed_thu_h13_tp06_sl065,2025-09-25 13:00:00+00:00,STAGE28A,data/reports/stage28a_discovery_factory_batch_runner/stage28a_exact_trades.csv,calendar_time_risk_proxy_v1,calendar_keep_tue_wed_thu_h13_tp06_sl065,2.828800000000137,1.7788000000001376,1.078800000000138,1,1,1,0,1.7788000000001376,61.67000000000007,22.409999999999854,0.1976796073181758,29.980000000000018,0.6774516344229464,10.600000000000364,10.752500000000031,0.816,1.0,,,13,3,9.0,2025
2025-09-30 13:00:00+00:00|-1.0|calendar_keep_tue_wed_thu_h13_tp06_sl065,2025-09-30 13:00:00+00:00,STAGE28A,data/reports/stage28a_discovery_factory_batch_runner/stage28a_exact_trades.csv,calendar_time_risk_proxy_v1,calendar_keep_tue_wed_thu_h13_tp06_sl065,-6.561725000000115,-7.611725000000115,-8.311725000000115,0,0,0,1,7.611725000000115,77.67000000000007,41.659999999999854,0.817330772923675,78.48999999999978,0.8421454962415664,28.289999999999964,12.436999999999989,0.86,-1.0,,,13,1,9.0,2025
2025-10-01 13:00:00+00:00|1.0|calendar_keep_tue_wed_thu_h13_tp06_sl065,2025-10-01 13:00:00+00:00,STAGE28A,data/reports/stage28a_discovery_factory_batch_runner/stage28a_exact_trades.csv,calendar_time_risk_proxy_v1,calendar_keep_tue_wed_thu_h13_tp06_sl065,-4.413474999999925,-5.463474999999926,-6.163474999999925,0,0,0,1,5.463474999999926,78.48999999999978,21.0,0.0890476190476355,42.070000000000164,0.6467791775612058,11.659999999999854,11.985500000000002,0.7,1.0,,,13,2,10.0,2025
2025-10-02 13:00:00+00:00|1.0|calendar_keep_tue_wed_thu_h13_tp06_sl065,2025-10-02 13:00:00+00:00,STAGE28A,data/reports/stage28a_discovery_factory_batch_runner/stage28a_exact_trades.csv,calendar_time_risk_proxy_v1,calendar_keep_tue_wed_thu_h13_tp06_sl065,2.7148000000001047,1.6648000000001049,0.9648000000001052,1,1,1,0,1.6648000000001049,42.070000000000164,17.580000000000382,0.24857792946531573,17.940000000000055,0.696209587513921,6.289999999999964,10.726999999999999,0.46,1.0,,,13,3,10.0,2025
2025-10-07 13:00:00+00:00|-1.0|calendar_keep_tue_wed_thu_h13_tp06_sl065,2025-10-07 13:00:00+00:00,STAGE28A,data/reports/stage28a_discovery_factory_batch_runner/stage28a_exact_trades.csv,calendar_time_risk_proxy_v1,calendar_keep_tue_wed_thu_h13_tp06_sl065,-4.448574999999982,-5.498574999999983,-6.198574999999982,0,0,0,1,5.498574999999983,85.76000000000022,21.690000000000055,0.4568925772245405,35.98000000000002,0.5075041689827741,12.11999999999989,12.101499999999964,0.524,-1.0,,,13,1,10.0,2025
2025-10-08 13:00:00+00:00|1.0|calendar_keep_tue_wed_thu_h13_tp06_sl065,2025-10-08 13:00:00+00:00,STAGE28A,data/reports/stage28a_discovery_factory_batch_runner/stage28a_exact_trades.csv,calendar_time_risk_proxy_v1,calendar_keep_tue_wed_thu_h13_tp06_sl065,-4.19052500000007,-5.240525000000071,-5.94052500000007,0,0,0,1,5.240525000000071,50.070000000000164,33.5,0.750447761194026,34.840000000000146,0.9916762342135357,18.720000000000255,11.9265000000001,0.42,1.0,,,13,2,10.0,2025
2025-10-09 13:00:00+00:00|1.0|calendar_keep_tue_wed_thu_h13_tp06_sl065,2025-10-09 13:00:00+00:00,STAGE28A,data/reports/stage28a_discovery_factory_batch_runner/stage28a_exact_trades.csv,calendar_time_risk_proxy_v1,calendar_keep_tue_wed_thu_h13_tp06_sl065,2.778700000000208,1.7287000000002082,1.0287000000002084,1,1,1,0,1.7287000000002082,76.17000000000007,39.840000000000146,0.13453815261044447,20.940000000000055,0.5076408787010546,7.730000000000018,15.73900000000001,0.94,1.0,,,13,3,10.0,2025
2025-10-14 13:00:00+00:00|-1.0|calendar_keep_tue_wed_thu_h13_tp06_sl065,2025-10-14 13:00:00+00:00,STAGE28A,data/reports/stage28a_discovery_factory_batch_runner/stage28a_exact_trades.csv,calendar_time_risk_proxy_v1,calendar_keep_tue_wed_thu_h13_tp06_sl065,-10.810124999999609,-11.860124999999607,-12.560124999999609,0,0,0,1,11.860124999999607,117.94000000000051,59.97999999999956,0.8072690896965726,89.0300000000002,0.4022239694485041,22.270000000000437,20.231499999999983,0.904,-1.0,,,13,1,10.0,2025
2025-10-15 13:00:00+00:00|1.0|calendar_keep_tue_wed_thu_h13_tp06_sl065,2025-10-15 13:00:00+00:00,STAGE28A,data/reports/stage28a_discovery_factory_batch_runner/stage28a_exact_trades.csv,calendar_time_risk_proxy_v1,calendar_keep_tue_wed_thu_h13_tp06_sl065,-6.200975000000289,-7.25097500000029,-7.950975000000289,0,0,0,1,7.25097500000029,89.0300000000002,50.0600000000004,0.5687175389532566,53.57999999999993,0.10246360582308135,47.43000000000029,17.262500000000045,0.688,1.0,,,13,2,10.0,2025
2025-10-16 13:00:00+00:00|-1.0|calendar_keep_tue_wed_thu_h13_tp06_sl065,2025-10-16 13:00:00+00:00,STAGE28A,data/reports/stage28a_discovery_factory_batch_runner/stage28a_exact_trades.csv,calendar_time_risk_proxy_v1,calendar_keep_tue_wed_thu_h13_tp06_sl065,-5.7255000000001015,-6.775500000000102,-7.475500000000101,0,0,0,1,6.775500000000102,77.52000000000044,42.5,0.4825882352941014,37.970000000000255,0.15011851461679696,19.329999999999927,15.7400000000001,0.548,-1.0,,,13,3,10.0,2025
2025-10-21 13:00:00+00:00|-1.0|calendar_keep_tue_wed_thu_h13_tp06_sl065,2025-10-21 13:00:00+00:00,STAGE28A,data/reports/stage28a_discovery_factory_batch_runner/stage28a_exact_trades.csv,calendar_time_risk_proxy_v1,calendar_keep_tue_wed_thu_h13_tp06_sl065,8.885499999999775,7.835499999999774,7.135499999999775,1,1,1,0,7.835499999999774,162.71999999999935,42.36000000000058,0.4952785646836467,102.25,0.796479217603908,23.349999999999454,24.80199999999986,0.836,-1.0,,,13,1,10.0,2025
2025-10-22 13:00:00+00:00|-1.0|calendar_keep_tue_wed_thu_h13_tp06_sl065,2025-10-22 13:00:00+00:00,STAGE28A,data/reports/stage28a_discovery_factory_batch_runner/stage28a_exact_trades.csv,calendar_time_risk_proxy_v1,calendar_keep_tue_wed_thu_h13_tp06_sl065,11.170300000000134,10.120300000000134,9.420300000000134,1,1,1,0,10.120300000000134,295.0600000000004,138.77999999999975,0.038406110390545735,101.29000000000042,0.5831770164873084,40.149999999999636,40.10100000000004,0.984,-1.0,,,13,2,10.0,2025
2025-10-23 13:00:00+00:00|1.0|calendar_keep_tue_wed_thu_h13_tp06_sl065,2025-10-23 13:00:00+00:00,STAGE28A,data/reports/stage28a_discovery_factory_batch_runner/stage28a_exact_trades.csv,calendar_time_risk_proxy_v1,calendar_keep_tue_wed_thu_h13_tp06_sl065,-8.32452499999963,-9.37452499999963,-10.07452499999963,0,0,0,1,9.37452499999963,157.02000000000044,50.55000000000018,0.21444114737883493,57.909999999999854,0.5752029010533513,14.19000000000051,26.659000000000013,0.7,1.0,,,13,3,10.0,2025
2025-10-28 13:00:00+00:00|-1.0|calendar_keep_tue_wed_thu_h13_tp06_sl065,2025-10-28 13:00:00+00:00,STAGE28A,data/reports/stage28a_discovery_factory_batch_runner/stage28a_exact_trades.csv,calendar_time_risk_proxy_v1,calendar_keep_tue_wed_thu_h13_tp06_sl065,-8.682675000000108,-9.732675000000109,-10.432675000000108,0,0,0,1,9.732675000000109,137.97000000000025,55.86000000000013,0.19638381668457267,93.62000000000035,0.5054475539414653,30.68000000000029,23.399000000000022,0.512,-1.0,,,13,1,10.0,2025
2025-10-29 13:00:00+00:00|1.0|calendar_keep_tue_wed_thu_h13_tp06_sl065,2025-10-29 13:00:00+00:00,STAGE28A,data/reports/stage28a_discovery_factory_batch_runner/stage28a_exact_trades.csv,calendar_time_risk_proxy_v1,calendar_keep_tue_wed_thu_h13_tp06_sl065,4.87420000000011,3.82420000000011,3.1242000000001102,1,1,1,0,3.82420000000011,133.21000000000004,66.23999999999978,0.04649758454106186,79.11000000000013,0.9027935785614961,12.370000000000346,20.742500000000042,0.244,1.0,,,13,2,10.0,2025
2025-10-30 13:00:00+00:00|1.0|calendar_keep_tue_wed_thu_h13_tp06_sl065,2025-10-30 13:00:00+00:00,STAGE28A,data/reports/stage28a_discovery_factory_batch_runner/stage28a_exact_trades.csv,calendar_time_risk_proxy_v1,calendar_keep_tue_wed_thu_h13_tp06_sl065,6.310899999999856,5.260899999999856,4.560899999999856,1,1,1,0,5.260899999999856,114.34000000000015,67.13000000000011,0.6272903321912715,64.69999999999982,0.1791344667697091,27.230000000000018,27.245499999999993,0.704,1.0,,,13,3,10.0,2025
2025-11-04 13:00:00+00:00|1.0|calendar_keep_tue_wed_thu_h13_tp06_sl065,2025-11-04 13:00:00+00:00,STAGE28A,data/reports/stage28a_discovery_factory_batch_runner/stage28a_exact_trades.csv,calendar_time_risk_proxy_v1,calendar_keep_tue_wed_thu_h13_tp06_sl065,3.7312000000000807,2.681200000000081,1.981200000000081,1,1,1,0,2.681200000000081,68.20000000000027,30.5,0.3872131147540966,33.81999999999971,0.24837374334712325,11.489999999999782,15.157500000000004,0.008,1.0,,,13,1,11.0,2025
2025-11-05 13:00:00+00:00|1.0|calendar_keep_tue_wed_thu_h13_tp06_sl065,2025-11-05 13:00:00+00:00,STAGE28A,data/reports/stage28a_discovery_factory_batch_runner/stage28a_exact_trades.csv,calendar_time_risk_proxy_v1,calendar_keep_tue_wed_thu_h13_tp06_sl065,4.084000000000197,3.0340000000001965,2.334000000000197,1,1,1,0,3.0340000000001965,77.37999999999965,44.4399999999996,0.800405040504051,31.25,0.18431999999999243,15.75,15.218499999999972,0.024,1.0,,,13,2,11.0,2025
2025-11-06 13:00:00+00:00|1.0|calendar_keep_tue_wed_thu_h13_tp06_sl065,2025-11-06 13:00:00+00:00,STAGE28A,data/reports/stage28a_discovery_factory_batch_runner/stage28a_exact_trades.csv,calendar_time_risk_proxy_v1,calendar_keep_tue_wed_thu_h13_tp06_sl065,2.8762000000000625,1.8262000000000629,1.126200000000063,1,1,1,0,1.8262000000000629,61.58999999999969,25.949999999999818,0.5865125240847748,34.51999999999998,0.571552723059097,7.070000000000164,10.239000000000033,0.004,1.0,,,13,3,11.0,2025
2025-11-11 13:00:00+00:00|-1.0|calendar_keep_tue_wed_thu_h13_tp06_sl065,2025-11-11 13:00:00+00:00,STAGE28A,data/reports/stage28a_discovery_factory_batch_runner/stage28a_exact_trades.csv,calendar_time_risk_proxy_v1,calendar_keep_tue_wed_thu_h13_tp06_sl065,-3.971474999999919,-5.021474999999919,-5.721474999999918,0,0,0,1,5.021474999999919,122.17999999999984,33.89000000000033,0.6878135143110113,21.980000000000473,0.06505914467699091,7.1599999999998545,11.308499999999913,0.056,-1.0,,,13,1,11.0,2025
2025-11-12 13:00:00+00:00|1.0|calendar_keep_tue_wed_thu_h13_tp06_sl065,2025-11-12 13:00:00+00:00,STAGE28A,data/reports/stage28a_discovery_factory_batch_runner/stage28a_exact_trades.csv,calendar_time_risk_proxy_v1,calendar_keep_tue_wed_thu_h13_tp06_sl065,-4.965324999999757,-6.015324999999757,-6.715324999999757,0,0,0,1,6.015324999999757,51.600000000000364,41.720000000000255,0.7739693192713271,34.56999999999971,0.5001446340757915,10.8100000000004,13.348500000000058,0.352,1.0,,,13,2,11.0,2025
2025-11-13 13:00:00+00:00|1.0|calendar_keep_tue_wed_thu_h13_tp06_sl065,2025-11-13 13:00:00+00:00,STAGE28A,data/reports/stage28a_discovery_factory_batch_runner/stage28a_exact_trades.csv,calendar_time_risk_proxy_v1,calendar_keep_tue_wed_thu_h13_tp06_sl065,-5.443399999999746,-6.493399999999747,-7.193399999999746,0,0,0,1,6.493399999999747,112.90999999999985,39.74000000000069,0.4574735782586579,37.099999999999454,0.4256064690027007,18.549999999999272,18.722999999999956,0.772,1.0,,,13,3,11.0,2025
2025-11-18 13:00:00+00:00|1.0|calendar_keep_tue_wed_thu_h13_tp06_sl065,2025-11-18 13:00:00+00:00,STAGE28A,data/reports/stage28a_discovery_factory_batch_runner/stage28a_exact_trades.csv,calendar_time_risk_proxy_v1,calendar_keep_tue_wed_thu_h13_tp06_sl065,-6.149625000000105,-7.199625000000106,-7.899625000000105,0,0,0,1,7.199625000000106,99.80999999999995,50.38999999999987,0.5225243103790433,52.279999999999745,0.644988523335883,12.899999999999636,20.05499999999997,0.8,1.0,,,13,1,11.0,2025
2025-11-19 13:00:00+00:00|1.0|calendar_keep_tue_wed_thu_h13_tp06_sl065,2025-11-19 13:00:00+00:00,STAGE28A,data/reports/stage28a_discovery_factory_batch_runner/stage28a_exact_trades.csv,calendar_time_risk_proxy_v1,calendar_keep_tue_wed_thu_h13_tp06_sl065,4.422699999999532,3.3726999999995315,2.672699999999532,1,1,1,0,3.3726999999995315,84.03999999999996,24.850000000000364,0.06156941649900111,44.95000000000027,0.7506117908787447,11.990000000000691,15.576000000000112,0.516,1.0,,,13,2,11.0,2025
2025-11-20 13:00:00+00:00|-1.0|calendar_keep_tue_wed_thu_h13_tp06_sl065,2025-11-20 13:00:00+00:00,STAGE28A,data/reports/stage28a_discovery_factory_batch_runner/stage28a_exact_trades.csv,calendar_time_risk_proxy_v1,calendar_keep_tue_wed_thu_h13_tp06_sl065,-7.42102500000019,-8.471025000000191,-9.17102500000019,0,0,0,1,8.471025000000191,76.84000000000015,69.11999999999944,0.4225983796296336,39.01000000000022,0.403229941040757,9.940000000000055,21.13399999999997,0.876,-1.0,,,13,3,11.0,2025
2025-11-25 13:00:00+00:00|-1.0|calendar_keep_tue_wed_thu_h13_tp06_sl065,2025-11-25 13:00:00+00:00,STAGE28A,data/reports/stage28a_discovery_factory_batch_runner/stage28a_exact_trades.csv,calendar_time_risk_proxy_v1,calendar_keep_tue_wed_thu_h13_tp06_sl065,4.771299999999792,3.721299999999792,3.0212999999997923,1,1,1,0,3.721299999999792,104.51000000000022,33.219999999999345,0.08940397350991583,43.210000000000036,0.21939365887525006,11.259999999999309,15.99549999999997,0.284,-1.0,,,13,1,11.0,2025
2025-11-26 13:00:00+00:00|1.0|calendar_keep_tue_wed_thu_h13_tp06_sl065,2025-11-26 13:00:00+00:00,STAGE28A,data/reports/stage28a_discovery_factory_batch_runner/stage28a_exact_trades.csv,calendar_time_risk_proxy_v1,calendar_keep_tue_wed_thu_h13_tp06_sl065,3.3655000000002477,2.3155000000002475,1.6155000000002475,1,1,1,0,2.3155000000002475,50.42999999999938,39.88000000000011,0.7096288866599826,21.81999999999971,0.08340971585699969,9.090000000000146,12.598499999999785,0.012,1.0,,,13,2,11.0,2025
2025-11-27 13:00:00+00:00|1.0|calendar_keep_tue_wed_thu_h13_tp06_sl065,2025-11-27 13:00:00+00:00,STAGE28A,data/reports/stage28a_discovery_factory_batch_runner/stage28a_exact_trades.csv,calendar_time_risk_proxy_v1,calendar_keep_tue_wed_thu_h13_tp06_sl065,2.496700000000055,1.4467000000000554,0.7467000000000557,1,1,1,0,1.4467000000000554,43.900000000000546,25.909999999999854,0.5461211887302441,22.269999999999527,0.26178715761113835,8.109999999999673,9.91649999999986,0.004,1.0,,,13,3,11.0,2025
2025-12-02 13:00:00+00:00|-1.0|calendar_keep_tue_wed_thu_h13_tp06_sl065,2025-12-02 13:00:00+00:00,STAGE28A,data/reports/stage28a_discovery_factory_batch_runner/stage28a_exact_trades.csv,calendar_time_risk_proxy_v1,calendar_keep_tue_wed_thu_h13_tp06_sl065,-5.297799999999915,-6.347799999999916,-7.047799999999915,0,0,0,1,6.347799999999916,58.76000000000022,36.529999999999745,0.24035039693404642,44.98999999999978,0.7317181595910254,9.960000000000036,13.937500000000046,0.248,-1.0,,,13,1,12.0,2025
2025-12-03 13:00:00+00:00|-1.0|calendar_keep_tue_wed_thu_h13_tp06_sl065,2025-12-03 13:00:00+00:00,STAGE28A,data/reports/stage28a_discovery_factory_batch_runner/stage28a_exact_trades.csv,calendar_time_risk_proxy_v1,calendar_keep_tue_wed_thu_h13_tp06_sl065,-3.6529749999996057,-4.702974999999606,-5.402974999999605,0,0,0,1,4.702974999999606,72.11999999999989,26.11999999999989,0.3575803981623348,29.220000000000255,0.7488021902806269,10.140000000000327,13.567500000000063,0.224,-1.0,,,13,2,12.0,2025
2025-12-04 13:00:00+00:00|1.0|calendar_keep_tue_wed_thu_h13_tp06_sl065,2025-12-04 13:00:00+00:00,STAGE28A,data/reports/stage28a_discovery_factory_batch_runner/stage28a_exact_trades.csv,calendar_time_risk_proxy_v1,calendar_keep_tue_wed_thu_h13_tp06_sl065,-3.989350000000377,-5.039350000000377,-5.7393500000003765,0,0,0,1,5.039350000000377,46.89000000000033,29.470000000000255,0.34747200542923967,27.340000000000146,0.009509875640095717,6.0,13.181500000000005,0.212,1.0,,,13,3,12.0,2025
2025-12-09 13:00:00+00:00|1.0|calendar_keep_tue_wed_thu_h13_tp06_sl065,2025-12-09 13:00:00+00:00,STAGE28A,data/reports/stage28a_discovery_factory_batch_runner/stage28a_exact_trades.csv,calendar_time_risk_proxy_v1,calendar_keep_tue_wed_thu_h13_tp06_sl065,2.9196999999998297,1.8696999999998296,1.16969999999983,1,1,1,0,1.8696999999998296,42.48999999999978,14.079999999999927,0.5589488636363588,42.75,0.39836257309940926,7.0900000000001455,10.495999999999867,0.144,1.0,,,13,1,12.0,2025
2025-12-10 13:00:00+00:00|-1.0|calendar_keep_tue_wed_thu_h13_tp06_sl065,2025-12-10 13:00:00+00:00,STAGE28A,data/reports/stage28a_discovery_factory_batch_runner/stage28a_exact_trades.csv,calendar_time_risk_proxy_v1,calendar_keep_tue_wed_thu_h13_tp06_sl065,2.232999999999629,1.182999999999629,0.4829999999996293,1,1,1,0,1.182999999999629,51.150000000000546,15.0,0.25533333333332847,26.73999999999978,0.5145848915482547,8.529999999999745,9.297500000000037,0.1,-1.0,,,13,2,12.0,2025
2025-12-11 13:00:00+00:00|1.0|calendar_keep_tue_wed_thu_h13_tp06_sl065,2025-12-11 13:00:00+00:00,STAGE28A,data/reports/stage28a_discovery_factory_batch_runner/stage28a_exact_trades.csv,calendar_time_risk_proxy_v1,calendar_keep_tue_wed_thu_h13_tp06_sl065,2.582799999999588,1.5327999999995885,0.8327999999995885,1,1,1,0,1.5327999999995885,56.650000000000546,39.13999999999942,0.4757281553398101,21.590000000000146,0.1491431218156662,14.139999999999418,13.8099999999999,0.668,1.0,,,13,3,12.0,2025
2025-12-16 13:00:00+00:00|-1.0|calendar_keep_tue_wed_thu_h13_tp06_sl065,2025-12-16 13:00:00+00:00,STAGE28A,data/reports/stage28a_discovery_factory_batch_runner/stage28a_exact_trades.csv,calendar_time_risk_proxy_v1,calendar_keep_tue_wed_thu_h13_tp06_sl065,-4.040375000000131,-5.090375000000131,-5.790375000000131,0,0,0,1,5.090375000000131,64.84000000000015,37.07000000000062,0.4086862692203772,20.51000000000022,0.5724037055094908,9.199999999999818,13.560000000000173,0.568,-1.0,,,13,1,12.0,2025
2025-12-17 13:00:00+00:00|-1.0|calendar_keep_tue_wed_thu_h13_tp06_sl065,2025-12-17 13:00:00+00:00,STAGE28A,data/reports/stage28a_discovery_factory_batch_runner/stage28a_exact_trades.csv,calendar_time_risk_proxy_v1,calendar_keep_tue_wed_thu_h13_tp06_sl065,-4.318899999999848,-5.368899999999849,-6.068899999999848,0,0,0,1,5.368899999999849,63.220000000000255,29.93000000000029,0.7327096558636541,35.470000000000255,0.33718635466591346,15.420000000000073,13.417500000000109,0.552,-1.0,,,13,2,12.0,2025
2025-12-18 13:00:00+00:00|-1.0|calendar_keep_tue_wed_thu_h13_tp06_sl065,2025-12-18 13:00:00+00:00,STAGE28A,data/reports/stage28a_discovery_factory_batch_runner/stage28a_exact_trades.csv,calendar_time_risk_proxy_v1,calendar_keep_tue_wed_thu_h13_tp06_sl065,2.135200000000077,1.0852000000000772,0.3852000000000775,1,1,1,0,1.0852000000000772,47.26000000000022,18.51000000000022,0.390059427336584,16.73999999999978,0.3912783751493045,5.690000000000509,10.159999999999991,0.116,-1.0,,,13,3,12.0,2025
2025-12-23 13:00:00+00:00|-1.0|calendar_keep_tue_wed_thu_h13_tp06_sl065,2025-12-23 13:00:00+00:00,STAGE28A,data/reports/stage28a_discovery_factory_batch_runner/stage28a_exact_trades.csv,calendar_time_risk_proxy_v1,calendar_keep_tue_wed_thu_h13_tp06_sl065,-3.56717499999977,-4.61717499999977,-5.31717499999977,0,0,0,1,4.61717499999977,122.74000000000069,52.289999999999964,0.42991011665709655,23.69000000000051,0.08104685521313305,7.970000000000255,12.317999999999984,0.404,-1.0,,,13,1,12.0,2025
2025-12-24 13:00:00+00:00|-1.0|calendar_keep_tue_wed_thu_h13_tp06_sl065,2025-12-24 13:00:00+00:00,STAGE28A,data/reports/stage28a_discovery_factory_batch_runner/stage28a_exact_trades.csv,calendar_time_risk_proxy_v1,calendar_keep_tue_wed_thu_h13_tp06_sl065,3.773199999999997,2.723199999999997,2.023199999999997,1,1,1,0,2.723199999999997,75.19000000000051,54.51000000000022,0.07228031553842569,22.300000000000182,0.43094170403585624,17.61999999999989,17.785499999999956,0.936,-1.0,,,13,2,12.0,2025
2025-12-24 19:45:00+00:00|1.0|calendar_keep_tue_wed_thu_h13_tp06_sl065,2025-12-24 19:45:00+00:00,STAGE28A,data/reports/stage28a_discovery_factory_batch_runner/stage28a_exact_trades.csv,calendar_time_risk_proxy_v1,calendar_keep_tue_wed_thu_h13_tp06_sl065,-0.35,-1.4,-2.1,0,0,0,0,1.4,75.19000000000051,54.51000000000022,0.07228031553842569,22.300000000000182,0.43094170403585624,22.11999999999989,18.722999999999956,0.976,1.0,,,13,2,12.0,2025
2025-12-30 13:00:00+00:00|1.0|calendar_keep_tue_wed_thu_h13_tp06_sl065,2025-12-30 13:00:00+00:00,STAGE28A,data/reports/stage28a_discovery_factory_batch_runner/stage28a_exact_trades.csv,calendar_time_risk_proxy_v1,calendar_keep_tue_wed_thu_h13_tp06_sl065,5.162799999999516,4.112799999999515,3.412799999999516,1,1,1,0,4.112799999999515,246.52999999999975,45.98999999999978,0.38704066101326956,41.36000000000058,0.5118471953578282,23.890000000000327,20.83650000000016,0.868,1.0,,,13,1,12.0,2025
2025-12-31 13:00:00+00:00|-1.0|calendar_keep_tue_wed_thu_h13_tp06_sl065,2025-12-31 13:00:00+00:00,STAGE28A,data/reports/stage28a_discovery_factory_batch_runner/stage28a_exact_trades.csv,calendar_time_risk_proxy_v1,calendar_keep_tue_wed_thu_h13_tp06_sl065,6.081099999999788,5.031099999999787,4.331099999999788,1,1,1,0,5.031099999999787,80.57999999999993,44.35999999999967,0.13841298467086255,68.73999999999978,0.3840558626709299,27.550000000000182,25.217499999999973,0.92,-1.0,,,13,2,12.0,2025
2025-12-31 22:45:00+00:00|1.0|calendar_keep_tue_wed_thu_h13_tp06_sl065,2025-12-31 22:45:00+00:00,STAGE28A,data/reports/stage28a_discovery_factory_batch_runner/stage28a_exact_trades.csv,calendar_time_risk_proxy_v1,calendar_keep_tue_wed_thu_h13_tp06_sl065,4.824399999999878,3.774399999999878,3.074399999999878,1,1,1,0,3.774399999999878,80.57999999999993,44.35999999999967,0.13841298467086255,68.73999999999978,0.3840558626709299,15.100000000000364,25.212999999999965,0.892,1.0,,,13,2,12.0,2025
2026-01-06 13:00:00+00:00|-1.0|calendar_keep_tue_wed_thu_h13_tp06_sl065,2026-01-06 13:00:00+00:00,STAGE28A,data/reports/stage28a_discovery_factory_batch_runner/stage28a_exact_trades.csv,calendar_time_risk_proxy_v1,calendar_keep_tue_wed_thu_h13_tp06_sl065,-4.887325000000237,-5.9373250000002376,-6.637325000000237,0,0,0,1,5.9373250000002376,110.64000000000033,40.539999999999964,0.6625555007400024,32.960000000000036,0.46450242718447765,13.220000000000255,15.324999999999955,0.312,-1.0,,,13,1,1.0,2026
2026-01-07 13:00:00+00:00|-1.0|calendar_keep_tue_wed_thu_h13_tp06_sl065,2026-01-07 13:00:00+00:00,STAGE28A,data/reports/stage28a_discovery_factory_batch_runner/stage28a_exact_trades.csv,calendar_time_risk_proxy_v1,calendar_keep_tue_wed_thu_h13_tp06_sl065,3.720099999999911,2.6700999999999118,1.970099999999912,1,1,1,0,2.6700999999999118,69.30999999999949,40.720000000000255,0.7094793713163101,33.11999999999989,0.011171497584537804,8.900000000000546,15.482000000000061,0.284,-1.0,,,13,2,1.0,2026
2026-01-08 13:00:00+00:00|1.0|calendar_keep_tue_wed_thu_h13_tp06_sl065,2026-01-08 13:00:00+00:00,STAGE28A,data/reports/stage28a_discovery_factory_batch_runner/stage28a_exact_trades.csv,calendar_time_risk_proxy_v1,calendar_keep_tue_wed_thu_h13_tp06_sl065,3.7765000000003055,2.7265000000003057,2.026500000000306,1,1,1,0,2.7265000000003057,76.98000000000047,36.0,0.8824999999999869,24.0,0.07875000000001364,11.590000000000146,14.72700000000009,0.084,1.0,,,13,3,1.0,2026
2026-01-13 13:00:00+00:00|-1.0|calendar_keep_tue_wed_thu_h13_tp06_sl065,2026-01-13 13:00:00+00:00,STAGE28A,data/reports/stage28a_discovery_factory_batch_runner/stage28a_exact_trades.csv,calendar_time_risk_proxy_v1,calendar_keep_tue_wed_thu_h13_tp06_sl065,-4.6601500000002485,-5.710150000000249,-6.4101500000002485,0,0,0,1,5.710150000000249,116.96000000000004,32.23000000000047,0.0896680111697265,28.42999999999938,0.3496306718255619,7.829999999999927,15.20250000000001,0.184,-1.0,,,13,1,1.0,2026
2026-01-14 13:00:00+00:00|1.0|calendar_keep_tue_wed_thu_h13_tp06_sl065,2026-01-14 13:00:00+00:00,STAGE28A,data/reports/stage28a_discovery_factory_batch_runner/stage28a_exact_trades.csv,calendar_time_risk_proxy_v1,calendar_keep_tue_wed_thu_h13_tp06_sl065,-4.402749999999832,-5.452749999999833,-6.152749999999832,0,0,0,1,5.452749999999833,64.76999999999953,42.88000000000011,0.705457089552237,21.579999999999927,0.15848007414272866,10.30999999999949,16.248499999999968,0.396,1.0,,,13,2,1.0,2026
2026-01-15 13:00:00+00:00|1.0|calendar_keep_tue_wed_thu_h13_tp06_sl065,2026-01-15 13:00:00+00:00,STAGE28A,data/reports/stage28a_discovery_factory_batch_runner/stage28a_exact_trades.csv,calendar_time_risk_proxy_v1,calendar_keep_tue_wed_thu_h13_tp06_sl065,3.132700000000477,2.0827000000004774,1.3827000000004777,1,1,1,0,2.0827000000004774,55.220000000000255,51.470000000000255,0.4453079463765292,39.04999999999927,0.7062740076824697,10.829999999999927,16.995000000000026,0.56,1.0,,,13,3,1.0,2026
2026-01-20 13:00:00+00:00|1.0|calendar_keep_tue_wed_thu_h13_tp06_sl065,2026-01-20 13:00:00+00:00,STAGE28A,data/reports/stage28a_discovery_factory_batch_runner/stage28a_exact_trades.csv,calendar_time_risk_proxy_v1,calendar_keep_tue_wed_thu_h13_tp06_sl065,-4.814200000000346,-5.864200000000347,-6.564200000000346,0,0,0,1,5.864200000000347,70.75,37.38999999999942,0.7983418026210438,43.05000000000018,0.726596980255529,11.769999999999527,11.975499999999874,0.068,1.0,,,13,1,1.0,2026
2026-01-21 13:00:00+00:00|-1.0|calendar_keep_tue_wed_thu_h13_tp06_sl065,2026-01-21 13:00:00+00:00,STAGE28A,data/reports/stage28a_discovery_factory_batch_runner/stage28a_exact_trades.csv,calendar_time_risk_proxy_v1,calendar_keep_tue_wed_thu_h13_tp06_sl065,6.82240000000038,5.7724000000003794,5.07240000000038,1,1,1,0,5.7724000000003794,117.38999999999942,112.94999999999982,0.7990261177512187,55.72999999999956,0.06728871343979956,7.260000000000218,22.390000000000008,0.892,-1.0,,,13,2,1.0,2026
2026-01-22 13:00:00+00:00|1.0|calendar_keep_tue_wed_thu_h13_tp06_sl065,2026-01-22 13:00:00+00:00,STAGE28A,data/reports/stage28a_discovery_factory_batch_runner/stage28a_exact_trades.csv,calendar_time_risk_proxy_v1,calendar_keep_tue_wed_thu_h13_tp06_sl065,3.972400000000016,2.922400000000016,2.2224000000000164,1,1,1,0,2.922400000000016,132.3699999999999,62.81999999999971,0.306431072906719,44.42000000000007,0.716343989194049,12.259999999999309,30.707500000000028,0.94,1.0,,,13,3,1.0,2026
2026-01-27 13:00:00+00:00|1.0|calendar_keep_tue_wed_thu_h13_tp06_sl065,2026-01-27 13:00:00+00:00,STAGE28A,data/reports/stage28a_discovery_factory_batch_runner/stage28a_exact_trades.csv,calendar_time_risk_proxy_v1,calendar_keep_tue_wed_thu_h13_tp06_sl065,-6.362499999999818,-7.412499999999818,-8.112499999999818,0,0,0,1,7.412499999999818,120.89999999999964,66.71999999999935,0.3625599520383805,43.279999999999745,0.441543438077629,16.399999999999636,33.254499999999915,0.948,1.0,,,13,1,1.0,2026
2026-01-28 13:00:00+00:00|1.0|calendar_keep_tue_wed_thu_h13_tp06_sl065,2026-01-28 13:00:00+00:00,STAGE28A,data/reports/stage28a_discovery_factory_batch_runner/stage28a_exact_trades.csv,calendar_time_risk_proxy_v1,calendar_keep_tue_wed_thu_h13_tp06_sl065,8.051499999999942,7.001499999999941,6.301499999999942,1,1,1,0,7.001499999999941,177.47999999999956,91.47000000000025,0.8015742866513557,70.05000000000018,0.3504639543183327,16.449999999999818,28.926500000000125,0.84,1.0,,,13,2,1.0,2026
2026-01-29 13:00:00+00:00|-1.0|calendar_keep_tue_wed_thu_h13_tp06_sl065,2026-01-29 13:00:00+00:00,STAGE28A,data/reports/stage28a_discovery_factory_batch_runner/stage28a_exact_trades.csv,calendar_time_risk_proxy_v1,calendar_keep_tue_wed_thu_h13_tp06_sl065,13.499199999999655,12.449199999999657,11.749199999999655,1,1,1,0,12.449199999999657,367.5100000000002,177.09000000000015,0.2549551075724185,120.55000000000018,0.6137702198257957,42.60999999999967,58.37200000000003,1.0,-1.0,,,13,3,1.0,2026
2026-02-03 13:00:00+00:00|1.0|calendar_keep_tue_wed_thu_h13_tp06_sl065,2026-02-03 13:00:00+00:00,STAGE28A,data/reports/stage28a_discovery_factory_batch_runner/stage28a_exact_trades.csv,calendar_time_risk_proxy_v1,calendar_keep_tue_wed_thu_h13_tp06_sl065,-14.74522500000021,-15.79522500000021,-16.49522500000021,0,0,0,1,15.79522500000021,481.1899999999996,189.4900000000007,0.18222597498548535,139.53999999999996,0.6661889064067655,27.98999999999978,66.50050000000006,0.728,1.0,,,13,1,2.0,2026
2026-02-04 13:00:00+00:00|-1.0|calendar_keep_tue_wed_thu_h13_tp06_sl065,2026-02-04 13:00:00+00:00,STAGE28A,data/reports/stage28a_discovery_factory_batch_runner/stage28a_exact_trades.csv,calendar_time_risk_proxy_v1,calendar_keep_tue_wed_thu_h13_tp06_sl065,-11.170225000000393,-12.220225000000392,-12.920225000000393,0,0,0,1,12.220225000000392,327.28999999999996,170.6200000000008,0.7802133395850385,50.0,0.6368000000000029,22.479999999999563,46.102499999999964,0.572,-1.0,,,13,2,2.0,2026
2026-02-05 13:00:00+00:00|-1.0|calendar_keep_tue_wed_thu_h13_tp06_sl065,2026-02-05 13:00:00+00:00,STAGE28A,data/reports/stage28a_discovery_factory_batch_runner/stage28a_exact_trades.csv,calendar_time_risk_proxy_v1,calendar_keep_tue_wed_thu_h13_tp06_sl065,15.326800000000183,14.276800000000184,13.576800000000183,1,1,1,0,14.276800000000184,239.94999999999982,234.41000000000076,0.6337613583038263,116.44999999999982,0.11592958351223719,38.779999999999745,60.45800000000004,0.704,-1.0,,,13,3,2.0,2026
2026-02-10 13:00:00+00:00|1.0|calendar_keep_tue_wed_thu_h13_tp06_sl065,2026-02-10 13:00:00+00:00,STAGE28A,data/reports/stage28a_discovery_factory_batch_runner/stage28a_exact_trades.csv,calendar_time_risk_proxy_v1,calendar_keep_tue_wed_thu_h13_tp06_sl065,-8.217274999999608,-9.267274999999607,-9.967274999999608,0,0,0,1,9.267274999999607,121.23000000000047,87.30999999999949,0.0027488260222276097,51.73999999999978,0.304020100502523,21.25,28.691499999999905,0.072,1.0,,,13,1,2.0,2026
2026-02-11 13:00:00+00:00|1.0|calendar_keep_tue_wed_thu_h13_tp06_sl065,2026-02-11 13:00:00+00:00,STAGE28A,data/reports/stage28a_discovery_factory_batch_runner/stage28a_exact_trades.csv,calendar_time_risk_proxy_v1,calendar_keep_tue_wed_thu_h13_tp06_sl065,-6.915324999999575,-7.965324999999575,-8.665324999999575,0,0,0,1,7.965324999999575,90.59999999999945,36.149999999999636,0.11009681881052595,57.410000000000764,0.814318063055206,38.44000000000051,22.60649999999996,0.004,1.0,,,13,2,2.0,2026
2026-02-12 13:00:00+00:00|1.0|calendar_keep_tue_wed_thu_h13_tp06_sl065,2026-02-12 13:00:00+00:00,STAGE28A,data/reports/stage28a_discovery_factory_batch_runner/stage28a_exact_trades.csv,calendar_time_risk_proxy_v1,calendar_keep_tue_wed_thu_h13_tp06_sl065,5.003500000000168,3.953500000000168,3.253500000000168,1,1,1,0,3.953500000000168,99.52999999999975,54.75999999999931,0.13951789627466077,33.48999999999978,0.22066288444312857,21.0,22.683999999999834,0.012,1.0,,,13,3,2.0,2026
2026-02-17 13:00:00+00:00|-1.0|calendar_keep_tue_wed_thu_h13_tp06_sl065,2026-02-17 13:00:00+00:00,STAGE28A,data/reports/stage28a_discovery_factory_batch_runner/stage28a_exact_trades.csv,calendar_time_risk_proxy_v1,calendar_keep_tue_wed_thu_h13_tp06_sl065,6.825400000000082,5.775400000000081,5.075400000000082,1,1,1,0,5.775400000000081,84.22000000000025,77.25,0.4779288025889977,91.84000000000015,0.4317290940766603,31.599999999999454,25.8724999999999,0.184,-1.0,,,13,1,2.0,2026
2026-02-18 13:00:00+00:00|-1.0|calendar_keep_tue_wed_thu_h13_tp06_sl065,2026-02-18 13:00:00+00:00,STAGE28A,data/reports/stage28a_discovery_factory_batch_runner/stage28a_exact_trades.csv,calendar_time_risk_proxy_v1,calendar_keep_tue_wed_thu_h13_tp06_sl065,3.955900000000293,2.9059000000002926,2.205900000000293,1,1,1,0,2.9059000000002926,157.21000000000004,86.19999999999982,0.8678654292343452,32.5,0.6058461538461415,14.720000000000255,20.17499999999991,0.04,-1.0,,,13,2,2.0,2026
2026-02-19 13:00:00+00:00|1.0|calendar_keep_tue_wed_thu_h13_tp06_sl065,2026-02-19 13:00:00+00:00,STAGE28A,data/reports/stage28a_discovery_factory_batch_runner/stage28a_exact_trades.csv,calendar_time_risk_proxy_v1,calendar_keep_tue_wed_thu_h13_tp06_sl065,-5.8659000000003285,-6.915900000000329,-7.615900000000328,0,0,0,1,6.915900000000329,156.84000000000015,28.07000000000062,0.2921268257926483,40.33000000000084,0.22737416315397677,14.44000000000051,16.48700000000008,0.004,1.0,,,13,3,2.0,2026
2026-02-24 13:00:00+00:00|1.0|calendar_keep_tue_wed_thu_h13_tp06_sl065,2026-02-24 13:00:00+00:00,STAGE28A,data/reports/stage28a_discovery_factory_batch_runner/stage28a_exact_trades.csv,calendar_time_risk_proxy_v1,calendar_keep_tue_wed_thu_h13_tp06_sl065,-6.407025000000067,-7.457025000000067,-8.157025000000067,0,0,0,1,7.457025000000067,139.01000000000022,104.50999999999931,0.6400344464644605,29.329999999999927,0.16365496079100558,17.82000000000062,23.55999999999999,0.372,1.0,,,13,1,2.0,2026
2026-02-25 13:00:00+00:00|1.0|calendar_keep_tue_wed_thu_h13_tp06_sl065,2026-02-25 13:00:00+00:00,STAGE28A,data/reports/stage28a_discovery_factory_batch_runner/stage28a_exact_trades.csv,calendar_time_risk_proxy_v1,calendar_keep_tue_wed_thu_h13_tp06_sl065,4.429599999999846,3.379599999999846,2.679599999999846,1,1,1,0,3.379599999999846,155.44999999999982,71.0,0.506197183098586,40.400000000000546,0.19306930693069496,25.0,22.19850000000006,0.336,1.0,,,13,2,2.0,2026
2026-02-26 13:00:00+00:00|-1.0|calendar_keep_tue_wed_thu_h13_tp06_sl065,2026-02-26 13:00:00+00:00,STAGE28A,data/reports/stage28a_discovery_factory_batch_runner/stage28a_exact_trades.csv,calendar_time_risk_proxy_v1,calendar_keep_tue_wed_thu_h13_tp06_sl065,4.752699999999459,3.7026999999994583,3.002699999999459,1,1,1,0,3.7026999999994583,94.65999999999985,43.400000000000546,0.6817972350230362,39.1899999999996,0.5435059964276703,24.050000000000182,21.468999999999916,0.332,-1.0,,,13,3,2.0,2026
2026-03-03 13:00:00+00:00|-1.0|calendar_keep_tue_wed_thu_h13_tp06_sl065,2026-03-03 13:00:00+00:00,STAGE28A,data/reports/stage28a_discovery_factory_batch_runner/stage28a_exact_trades.csv,calendar_time_risk_proxy_v1,calendar_keep_tue_wed_thu_h13_tp06_sl065,-17.573699999999555,-18.623699999999552,-19.323699999999555,0,0,0,1,18.623699999999552,158.2599999999993,50.460000000000036,0.2964724534284587,140.09999999999945,0.804354032833697,49.88000000000011,34.52399999999993,0.972,-1.0,,,13,1,3.0,2026
2026-03-04 13:00:00+00:00|1.0|calendar_keep_tue_wed_thu_h13_tp06_sl065,2026-03-04 13:00:00+00:00,STAGE28A,data/reports/stage28a_discovery_factory_batch_runner/stage28a_exact_trades.csv,calendar_time_risk_proxy_v1,calendar_keep_tue_wed_thu_h13_tp06_sl065,8.353300000000127,7.303300000000126,6.603300000000127,1,1,1,0,7.303300000000126,382.7999999999993,105.97000000000025,0.29508351420212753,79.67000000000007,0.4089368645663348,22.420000000000073,38.758499999999955,0.904,1.0,,,13,2,3.0,2026
2026-03-05 13:00:00+00:00|-1.0|calendar_keep_tue_wed_thu_h13_tp06_sl065,2026-03-05 13:00:00+00:00,STAGE28A,data/reports/stage28a_discovery_factory_batch_runner/stage28a_exact_trades.csv,calendar_time_risk_proxy_v1,calendar_keep_tue_wed_thu_h13_tp06_sl065,7.264599999999882,6.214599999999882,5.5145999999998825,1,1,1,0,6.214599999999882,121.39000000000033,50.22999999999956,0.11108899064304152,59.60999999999967,0.12028183190739997,21.340000000000146,24.423999999999886,0.48,-1.0,,,13,3,3.0,2026
2026-03-10 13:00:00+00:00|1.0|calendar_keep_tue_wed_thu_h13_tp06_sl065,2026-03-10 13:00:00+00:00,STAGE28A,data/reports/stage28a_discovery_factory_batch_runner/stage28a_exact_trades.csv,calendar_time_risk_proxy_v1,calendar_keep_tue_wed_thu_h13_tp06_sl065,-6.728450000000157,-7.778450000000157,-8.478450000000157,0,0,0,1,7.778450000000157,176.90999999999985,69.05000000000018,0.35235336712526955,38.60999999999967,0.3504273504273468,27.339999999999236,21.969500000000018,0.148,1.0,,,13,1,3.0,2026
2026-03-11 13:00:00+00:00|-1.0|calendar_keep_tue_wed_thu_h13_tp06_sl065,2026-03-11 13:00:00+00:00,STAGE28A,data/reports/stage28a_discovery_factory_batch_runner/stage28a_exact_trades.csv,calendar_time_risk_proxy_v1,calendar_keep_tue_wed_thu_h13_tp06_sl065,5.535100000000421,4.48510000000042,3.785100000000421,1,1,1,0,4.48510000000042,121.13000000000011,39.590000000000146,0.15584743622126926,35.25,0.5140425531914863,18.13000000000011,20.601499999999987,0.064,-1.0,,,13,2,3.0,2026
2026-03-12 13:00:00+00:00|1.0|calendar_keep_tue_wed_thu_h13_tp06_sl065,2026-03-12 13:00:00+00:00,STAGE28A,data/reports/stage28a_discovery_factory_batch_runner/stage28a_exact_trades.csv,calendar_time_risk_proxy_v1,calendar_keep_tue_wed_thu_h13_tp06_sl065,3.979600000000028,2.929600000000028,2.229600000000028,1,1,1,0,2.929600000000028,89.92000000000007,56.44999999999982,0.14508414526128655,54.350000000000364,0.7308187672493098,15.360000000000582,20.58150000000005,0.096,1.0,,,13,3,3.0,2026
2026-03-17 13:00:00+00:00|-1.0|calendar_keep_tue_wed_thu_h13_tp06_sl065,2026-03-17 13:00:00+00:00,STAGE28A,data/reports/stage28a_discovery_factory_batch_runner/stage28a_exact_trades.csv,calendar_time_risk_proxy_v1,calendar_keep_tue_wed_thu_h13_tp06_sl065,5.022699999999896,3.9726999999998953,3.272699999999896,1,1,1,0,3.9726999999998953,69.77000000000044,46.720000000000255,0.5355308219178146,52.33000000000084,0.7177527231033611,24.07000000000062,18.284000000000106,0.004,-1.0,,,13,1,3.0,2026
2026-03-18 13:00:00+00:00|1.0|calendar_keep_tue_wed_thu_h13_tp06_sl065,2026-03-18 13:00:00+00:00,STAGE28A,data/reports/stage28a_discovery_factory_batch_runner/stage28a_exact_trades.csv,calendar_time_risk_proxy_v1,calendar_keep_tue_wed_thu_h13_tp06_sl065,-6.574725000000035,-7.624725000000035,-8.324725000000035,0,0,0,1,7.624725000000035,70.88000000000011,33.909999999999854,0.4624004718371999,57.25,0.3369432314410474,33.11999999999989,15.87299999999991,0.028,1.0,,,13,2,3.0,2026
2026-03-19 13:00:00+00:00|-1.0|calendar_keep_tue_wed_thu_h13_tp06_sl065,2026-03-19 13:00:00+00:00,STAGE28A,data/reports/stage28a_discovery_factory_batch_runner/stage28a_exact_trades.csv,calendar_time_risk_proxy_v1,calendar_keep_tue_wed_thu_h13_tp06_sl065,16.759000000000377,15.709000000000378,15.00900000000038,1,1,1,0,15.709000000000378,209.3699999999999,62.36999999999989,0.2081128747795494,187.1199999999999,0.911928174433516,53.06999999999971,32.71500000000001,0.904,-1.0,,,13,3,3.0,2026
2026-03-24 13:00:00+00:00|1.0|calendar_keep_tue_wed_thu_h13_tp06_sl065,2026-03-24 13:00:00+00:00,STAGE28A,data/reports/stage28a_discovery_factory_batch_runner/stage28a_exact_trades.csv,calendar_time_risk_proxy_v1,calendar_keep_tue_wed_thu_h13_tp06_sl065,-15.258725000000233,-16.30872500000023,-17.008725000000233,0,0,0,1,16.30872500000023,437.1700000000001,141.98999999999978,0.7553348827382221,121.75,0.8636550308008258,26.81999999999971,53.630500000000026,0.864,1.0,,,13,1,3.0,2026
2026-03-25 13:00:00+00:00|-1.0|calendar_keep_tue_wed_thu_h13_tp06_sl065,2026-03-25 13:00:00+00:00,STAGE28A,data/reports/stage28a_discovery_factory_batch_runner/stage28a_exact_trades.csv,calendar_time_risk_proxy_v1,calendar_keep_tue_wed_thu_h13_tp06_sl065,7.436199999999554,6.386199999999553,5.686199999999554,1,1,1,0,6.386199999999553,245.17999999999938,146.3800000000001,0.1763902172427906,45.51999999999953,0.31480667838313,11.180000000000291,36.84300000000003,0.632,-1.0,,,13,2,3.0,2026
2026-03-26 13:00:00+00:00|-1.0|calendar_keep_tue_wed_thu_h13_tp06_sl065,2026-03-26 13:00:00+00:00,STAGE28A,data/reports/stage28a_discovery_factory_batch_runner/stage28a_exact_trades.csv,calendar_time_risk_proxy_v1,calendar_keep_tue_wed_thu_h13_tp06_sl065,-11.578425000000244,-12.628425000000243,-13.328425000000244,0,0,0,1,12.628425000000243,146.3800000000001,54.910000000000764,0.4028410125660095,109.26000000000022,0.7089511257550786,30.920000000000073,34.094000000000094,0.568,-1.0,,,13,3,3.0,2026
2026-03-31 13:00:00+00:00|1.0|calendar_keep_tue_wed_thu_h13_tp06_sl065,2026-03-31 13:00:00+00:00,STAGE28A,data/reports/stage28a_discovery_factory_batch_runner/stage28a_exact_trades.csv,calendar_time_risk_proxy_v1,calendar_keep_tue_wed_thu_h13_tp06_sl065,-7.560449999999582,-8.610449999999583,-9.310449999999582,0,0,0,1,8.610449999999583,160.84999999999945,136.60000000000036,0.3423865300146369,37.849999999999454,0.04042272126815766,21.81999999999971,29.62199999999998,0.224,1.0,,,13,1,3.0,2026
2026-04-01 13:00:00+00:00|1.0|calendar_keep_tue_wed_thu_h13_tp06_sl065,2026-04-01 13:00:00+00:00,STAGE28A,data/reports/stage28a_discovery_factory_batch_runner/stage28a_exact_trades.csv,calendar_time_risk_proxy_v1,calendar_keep_tue_wed_thu_h13_tp06_sl065,8.578299999999581,7.5282999999995805,6.828299999999581,1,1,1,0,7.5282999999995805,204.27000000000044,62.159999999999854,0.011904761904773053,80.67000000000007,0.5141936283624697,16.98999999999978,28.883000000000038,0.12,1.0,,,13,2,4.0,2026
2026-04-02 13:00:00+00:00|-1.0|calendar_keep_tue_wed_thu_h13_tp06_sl065,2026-04-02 13:00:00+00:00,STAGE28A,data/reports/stage28a_discovery_factory_batch_runner/stage28a_exact_trades.csv,calendar_time_risk_proxy_v1,calendar_keep_tue_wed_thu_h13_tp06_sl065,12.178600000000552,11.128600000000551,10.428600000000552,1,1,1,0,11.128600000000551,131.1300000000001,150.57999999999993,0.6674193119936249,127.85000000000036,0.4268283144309703,18.770000000000437,38.95450000000005,0.644,-1.0,,,13,3,4.0,2026
2026-04-07 13:00:00+00:00|1.0|calendar_keep_tue_wed_thu_h13_tp06_sl065,2026-04-07 13:00:00+00:00,STAGE28A,data/reports/stage28a_discovery_factory_batch_runner/stage28a_exact_trades.csv,calendar_time_risk_proxy_v1,calendar_keep_tue_wed_thu_h13_tp06_sl065,-9.974550000000454,-11.024550000000454,-11.724550000000454,0,0,0,1,11.024550000000454,105.48999999999978,51.460000000000036,0.17061795569375532,71.22999999999956,0.3018391127334007,35.4399999999996,22.736499999999886,0.052,1.0,,,13,1,4.0,2026
2026-04-08 13:00:00+00:00|-1.0|calendar_keep_tue_wed_thu_h13_tp06_sl065,2026-04-08 13:00:00+00:00,STAGE28A,data/reports/stage28a_discovery_factory_batch_runner/stage28a_exact_trades.csv,calendar_time_risk_proxy_v1,calendar_keep_tue_wed_thu_h13_tp06_sl065,7.928800000000047,6.878800000000046,6.178800000000047,1,1,1,0,6.878800000000046,211.28000000000065,140.1299999999992,0.1491472204381693,66.96000000000004,0.2144563918757417,29.849999999999454,34.414499999999954,0.556,-1.0,,,13,2,4.0,2026
2026-04-09 13:00:00+00:00|1.0|calendar_keep_tue_wed_thu_h13_tp06_sl065,2026-04-09 13:00:00+00:00,STAGE28A,data/reports/stage28a_discovery_factory_batch_runner/stage28a_exact_trades.csv,calendar_time_risk_proxy_v1,calendar_keep_tue_wed_thu_h13_tp06_sl065,6.556600000000254,5.506600000000253,4.806600000000254,1,1,1,0,5.506600000000253,154.54999999999927,33.960000000000036,0.176972909305071,29.56999999999971,0.5989178221170176,10.170000000000073,23.505500000000076,0.072,1.0,,,13,3,4.0,2026
2026-04-14 13:00:00+00:00|1.0|calendar_keep_tue_wed_thu_h13_tp06_sl065,2026-04-14 13:00:00+00:00,STAGE28A,data/reports/stage28a_discovery_factory_batch_runner/stage28a_exact_trades.csv,calendar_time_risk_proxy_v1,calendar_keep_tue_wed_thu_h13_tp06_sl065,5.138500000000386,4.088500000000385,3.388500000000386,1,1,1,0,4.088500000000385,114.48000000000047,31.23999999999978,0.3117797695262436,37.72999999999956,0.2793532997614653,17.42999999999938,17.625499999999874,0.02,1.0,,,13,1,4.0,2026
2026-04-15 13:00:00+00:00|-1.0|calendar_keep_tue_wed_thu_h13_tp06_sl065,2026-04-15 13:00:00+00:00,STAGE28A,data/reports/stage28a_discovery_factory_batch_runner/stage28a_exact_trades.csv,calendar_time_risk_proxy_v1,calendar_keep_tue_wed_thu_h13_tp06_sl065,5.634400000000278,4.584400000000278,3.8844000000002783,1,1,1,0,4.584400000000278,100.72999999999956,54.25,0.20552995391704398,44.31999999999971,0.5873194945848357,33.01999999999953,18.240499999999976,0.1,-1.0,,,13,2,4.0,2026
2026-04-16 13:00:00+00:00|-1.0|calendar_keep_tue_wed_thu_h13_tp06_sl065,2026-04-16 13:00:00+00:00,STAGE28A,data/reports/stage28a_discovery_factory_batch_runner/stage28a_exact_trades.csv,calendar_time_risk_proxy_v1,calendar_keep_tue_wed_thu_h13_tp06_sl065,-5.444699999999648,-6.494699999999648,-7.194699999999648,0,0,0,1,6.494699999999648,85.13999999999942,46.51999999999953,0.3555460017196933,31.529999999999745,0.35172851252775883,11.010000000000218,15.487500000000045,0.004,-1.0,,,13,3,4.0,2026
2026-04-21 13:00:00+00:00|-1.0|calendar_keep_tue_wed_thu_h13_tp06_sl065,2026-04-21 13:00:00+00:00,STAGE28A,data/reports/stage28a_discovery_factory_batch_runner/stage28a_exact_trades.csv,calendar_time_risk_proxy_v1,calendar_keep_tue_wed_thu_h13_tp06_sl065,-5.919524999999885,-6.969524999999885,-7.669524999999885,0,0,0,1,6.969524999999885,90.67000000000007,40.399999999999636,0.7566831683168312,25.050000000000182,0.5417165668662519,8.170000000000073,13.963499999999977,0.012,-1.0,,,13,1,4.0,2026
2026-04-22 13:00:00+00:00|-1.0|calendar_keep_tue_wed_thu_h13_tp06_sl065,2026-04-22 13:00:00+00:00,STAGE28A,data/reports/stage28a_discovery_factory_batch_runner/stage28a_exact_trades.csv,calendar_time_risk_proxy_v1,calendar_keep_tue_wed_thu_h13_tp06_sl065,-4.55679999999993,-5.6067999999999305,-6.30679999999993,0,0,0,1,5.6067999999999305,164.42000000000007,49.36000000000058,0.7803889789302891,19.909999999999854,0.14364640883980928,9.9399999999996,22.309999999999945,0.692,-1.0,,,13,2,4.0,2026
2026-04-23 13:00:00+00:00|-1.0|calendar_keep_tue_wed_thu_h13_tp06_sl065,2026-04-23 13:00:00+00:00,STAGE28A,data/reports/stage28a_discovery_factory_batch_runner/stage28a_exact_trades.csv,calendar_time_risk_proxy_v1,calendar_keep_tue_wed_thu_h13_tp06_sl065,-6.040749999999752,-7.090749999999753,-7.790749999999752,0,0,0,1,7.090749999999753,56.470000000000255,59.63000000000011,0.37078651685392644,31.92999999999938,0.19417475728155145,8.960000000000036,17.336999999999897,0.324,-1.0,,,13,3,4.0,2026
2026-04-28 13:00:00+00:00|-1.0|calendar_keep_tue_wed_thu_h13_tp06_sl065,2026-04-28 13:00:00+00:00,STAGE28A,data/reports/stage28a_discovery_factory_batch_runner/stage28a_exact_trades.csv,calendar_time_risk_proxy_v1,calendar_keep_tue_wed_thu_h13_tp06_sl065,6.796600000000035,5.746600000000035,5.046600000000035,1,1,1,0,5.746600000000035,62.81999999999971,34.590000000000146,0.49031511997687094,66.61000000000058,0.9911424711004333,25.390000000000327,14.57449999999999,0.168,-1.0,,,13,1,4.0,2026
2026-04-29 13:00:00+00:00|-1.0|calendar_keep_tue_wed_thu_h13_tp06_sl065,2026-04-29 13:00:00+00:00,STAGE28A,data/reports/stage28a_discovery_factory_batch_runner/stage28a_exact_trades.csv,calendar_time_risk_proxy_v1,calendar_keep_tue_wed_thu_h13_tp06_sl065,5.11600000000035,4.066000000000349,3.3660000000003496,1,1,1,0,4.066000000000349,146.2599999999993,33.97999999999956,0.036492054149493754,55.970000000000255,0.707343219581902,29.19000000000051,15.228000000000202,0.264,-1.0,,,13,2,4.0,2026
2026-04-30 13:00:00+00:00|1.0|calendar_keep_tue_wed_thu_h13_tp06_sl065,2026-04-30 13:00:00+00:00,STAGE28A,data/reports/stage28a_discovery_factory_batch_runner/stage28a_exact_trades.csv,calendar_time_risk_proxy_v1,calendar_keep_tue_wed_thu_h13_tp06_sl065,5.790999999999622,4.740999999999621,4.040999999999622,1,1,1,0,4.740999999999621,99.84999999999945,43.11000000000058,0.09255393180235973,91.03999999999996,0.7621924428822534,17.480000000000473,19.930999999999766,0.688,1.0,,,13,3,4.0,2026
2026-05-05 13:00:00+00:00|1.0|calendar_keep_tue_wed_thu_h13_tp06_sl065,2026-05-05 13:00:00+00:00,STAGE28A,data/reports/stage28a_discovery_factory_batch_runner/stage28a_exact_trades.csv,calendar_time_risk_proxy_v1,calendar_keep_tue_wed_thu_h13_tp06_sl065,-5.345574999999917,-6.395574999999917,-7.095574999999917,0,0,0,1,6.395574999999917,128.5099999999993,32.99000000000069,0.5216732343134185,32.52000000000044,0.6685116851168634,9.300000000000182,16.57849999999994,0.292,1.0,,,13,1,5.0,2026
2026-05-06 13:00:00+00:00|1.0|calendar_keep_tue_wed_thu_h13_tp06_sl065,2026-05-06 13:00:00+00:00,STAGE28A,data/reports/stage28a_discovery_factory_batch_runner/stage28a_exact_trades.csv,calendar_time_risk_proxy_v1,calendar_keep_tue_wed_thu_h13_tp06_sl065,5.85759999999973,4.807599999999729,4.10759999999973,1,1,1,0,4.807599999999729,72.96000000000004,105.18000000000029,0.6700893706027788,65.11000000000058,0.8944862540316274,19.26000000000022,18.14699999999989,0.484,1.0,,,13,2,5.0,2026
2026-05-07 13:00:00+00:00|1.0|calendar_keep_tue_wed_thu_h13_tp06_sl065,2026-05-07 13:00:00+00:00,STAGE28A,data/reports/stage28a_discovery_factory_batch_runner/stage28a_exact_trades.csv,calendar_time_risk_proxy_v1,calendar_keep_tue_wed_thu_h13_tp06_sl065,-7.344649999999637,-8.394649999999638,-9.094649999999636,0,0,0,1,8.394649999999638,176.60000000000036,35.909999999999854,0.12252854358116552,61.06999999999971,0.48747339119043176,17.550000000000182,16.67999999999997,0.26,1.0,,,13,3,5.0,2026
2026-05-12 13:00:00+00:00|-1.0|calendar_keep_tue_wed_thu_h13_tp06_sl065,2026-05-12 13:00:00+00:00,STAGE28A,data/reports/stage28a_discovery_factory_batch_runner/stage28a_exact_trades.csv,calendar_time_risk_proxy_v1,calendar_keep_tue_wed_thu_h13_tp06_sl065,4.458100000000195,3.408100000000195,2.708100000000196,1,1,1,0,3.408100000000195,103.15999999999985,55.06999999999971,0.5616488106046932,43.150000000000546,0.48528389339511785,10.920000000000073,17.077500000000008,0.216,-1.0,,,13,1,5.0,2026
2026-05-13 13:00:00+00:00|1.0|calendar_keep_tue_wed_thu_h13_tp06_sl065,2026-05-13 13:00:00+00:00,STAGE28A,data/reports/stage28a_discovery_factory_batch_runner/stage28a_exact_trades.csv,calendar_time_risk_proxy_v1,calendar_keep_tue_wed_thu_h13_tp06_sl065,4.3579000000003365,3.307900000000336,2.6079000000003365,1,1,1,0,3.307900000000336,134.8199999999997,38.69000000000051,0.5420005169294386,29.390000000000327,0.16570261993874913,15.720000000000255,15.04350000000004,0.088,1.0,,,13,2,5.0,2026
2026-05-14 13:00:00+00:00|1.0|calendar_keep_tue_wed_thu_h13_tp06_sl065,2026-05-14 13:00:00+00:00,STAGE28A,data/reports/stage28a_discovery_factory_batch_runner/stage28a_exact_trades.csv,calendar_time_risk_proxy_v1,calendar_keep_tue_wed_thu_h13_tp06_sl065,5.162200000000121,4.11220000000012,3.412200000000121,1,1,1,0,4.11220000000012,57.02000000000044,32.970000000000255,0.7546254170457967,49.600000000000364,0.49818548387096484,14.029999999999745,17.047000000000025,0.236,1.0,,,13,3,5.0,2026
2026-05-19 13:00:00+00:00|-1.0|calendar_keep_tue_wed_thu_h13_tp06_sl065,2026-05-19 13:00:00+00:00,STAGE28A,data/reports/stage28a_discovery_factory_batch_runner/stage28a_exact_trades.csv,calendar_time_risk_proxy_v1,calendar_keep_tue_wed_thu_h13_tp06_sl065,5.705800000000091,4.65580000000009,3.9558000000000906,1,1,1,0,4.65580000000009,103.57999999999993,45.600000000000364,0.634210526315786,28.25999999999931,0.11075725406936256,10.529999999999745,17.435999999999968,0.248,-1.0,,,13,1,5.0,2026
2026-05-20 13:00:00+00:00|1.0|calendar_keep_tue_wed_thu_h13_tp06_sl065,2026-05-20 13:00:00+00:00,STAGE28A,data/reports/stage28a_discovery_factory_batch_runner/stage28a_exact_trades.csv,calendar_time_risk_proxy_v1,calendar_keep_tue_wed_thu_h13_tp06_sl065,5.53420000000042,4.484200000000419,3.78420000000042,1,1,1,0,4.484200000000419,124.22000000000025,55.14000000000033,0.37413855640188587,34.54999999999927,0.6208393632416865,18.210000000000036,18.370500000000085,0.32,1.0,,,13,2,5.0,2026
2026-05-21 13:00:00+00:00|1.0|calendar_keep_tue_wed_thu_h13_tp06_sl065,2026-05-21 13:00:00+00:00,STAGE28A,data/reports/stage28a_discovery_factory_batch_runner/stage28a_exact_trades.csv,calendar_time_risk_proxy_v1,calendar_keep_tue_wed_thu_h13_tp06_sl065,-6.145074999999997,-7.195074999999997,-7.895074999999997,0,0,0,1,7.195074999999997,98.85000000000036,43.460000000000036,0.26346065347445485,31.13000000000011,0.08833922261484067,15.180000000000291,19.1,0.44,1.0,,,13,3,5.0,2026
2026-05-26 13:00:00+00:00|-1.0|calendar_keep_tue_wed_thu_h13_tp06_sl065,2026-05-26 13:00:00+00:00,STAGE28A,data/reports/stage28a_discovery_factory_batch_runner/stage28a_exact_trades.csv,calendar_time_risk_proxy_v1,calendar_keep_tue_wed_thu_h13_tp06_sl065,4.528600000000006,3.478600000000006,2.778600000000006,1,1,1,0,3.478600000000006,37.50999999999931,52.36999999999989,0.6265037235058329,30.970000000000255,0.6293186955117733,14.220000000000255,13.7849999999999,0.096,-1.0,,,13,1,5.0,2026
2026-05-27 13:00:00+00:00|1.0|calendar_keep_tue_wed_thu_h13_tp06_sl065,2026-05-27 13:00:00+00:00,STAGE28A,data/reports/stage28a_discovery_factory_batch_runner/stage28a_exact_trades.csv,calendar_time_risk_proxy_v1,calendar_keep_tue_wed_thu_h13_tp06_sl065,-5.497675000000163,-6.547675000000163,-7.247675000000163,0,0,0,1,6.547675000000163,97.72000000000025,31.00999999999931,0.44953240890035184,41.44000000000051,0.16674710424709868,10.69000000000051,15.516500000000041,0.192,1.0,,,13,2,5.0,2026
2026-05-28 13:00:00+00:00|1.0|calendar_keep_tue_wed_thu_h13_tp06_sl065,2026-05-28 13:00:00+00:00,STAGE28A,data/reports/stage28a_discovery_factory_batch_runner/stage28a_exact_trades.csv,calendar_time_risk_proxy_v1,calendar_keep_tue_wed_thu_h13_tp06_sl065,-6.177575000000251,-7.227575000000252,-7.927575000000251,0,0,0,1,7.227575000000252,126.31999999999971,97.43000000000029,0.8483013445550589,32.26000000000022,0.5855548667079755,12.599999999999454,17.31949999999979,0.384,1.0,,,13,3,5.0,2026
2026-06-02 13:00:00+00:00|1.0|calendar_keep_tue_wed_thu_h13_tp06_sl065,2026-06-02 13:00:00+00:00,STAGE28A,data/reports/stage28a_discovery_factory_batch_runner/stage28a_exact_trades.csv,calendar_time_risk_proxy_v1,calendar_keep_tue_wed_thu_h13_tp06_sl065,3.8458000000004176,2.7958000000004177,2.095800000000418,1,1,1,0,2.7958000000004177,98.14999999999964,36.25,0.3817931034482799,43.899999999999636,0.6999999999999958,13.510000000000218,14.99399999999996,0.14,1.0,,,13,1,6.0,2026
2026-06-03 13:00:00+00:00|-1.0|calendar_keep_tue_wed_thu_h13_tp06_sl065,2026-06-03 13:00:00+00:00,STAGE28A,data/reports/stage28a_discovery_factory_batch_runner/stage28a_exact_trades.csv,calendar_time_risk_proxy_v1,calendar_keep_tue_wed_thu_h13_tp06_sl065,6.293500000000131,5.243500000000131,4.543500000000131,1,1,1,0,5.243500000000131,78.61999999999989,34.289999999999964,0.01574803149608847,49.039999999999964,0.8429853181076709,19.93000000000029,15.617499999999973,0.248,-1.0,,,13,2,6.0,2026
2026-06-04 13:00:00+00:00|-1.0|calendar_keep_tue_wed_thu_h13_tp06_sl065,2026-06-04 13:00:00+00:00,STAGE28A,data/reports/stage28a_discovery_factory_batch_runner/stage28a_exact_trades.csv,calendar_time_risk_proxy_v1,calendar_keep_tue_wed_thu_h13_tp06_sl065,3.8557000000004336,2.8057000000004337,2.105700000000434,1,1,1,0,2.8057000000004337,70.15000000000055,52.960000000000036,0.2736027190332283,25.360000000000582,0.2602523659305719,14.579999999999927,16.95399999999995,0.492,-1.0,,,13,3,6.0,2026
2026-06-09 13:00:00+00:00|-1.0|calendar_keep_tue_wed_thu_h13_tp06_sl065,2026-06-09 13:00:00+00:00,STAGE28A,data/reports/stage28a_discovery_factory_batch_runner/stage28a_exact_trades.csv,calendar_time_risk_proxy_v1,calendar_keep_tue_wed_thu_h13_tp06_sl065,4.766799999999785,3.7167999999997847,3.016799999999785,1,1,1,0,3.7167999999997847,84.51999999999953,29.149999999999636,0.2957118353344768,30.11999999999989,0.13313413014609007,11.539999999999964,13.842999999999801,0.04,-1.0,,,13,1,6.0,2026
2026-06-10 13:00:00+00:00|-1.0|calendar_keep_tue_wed_thu_h13_tp06_sl065,2026-06-10 13:00:00+00:00,STAGE28A,data/reports/stage28a_discovery_factory_batch_runner/stage28a_exact_trades.csv,calendar_time_risk_proxy_v1,calendar_keep_tue_wed_thu_h13_tp06_sl065,-8.285199999999895,-9.335199999999896,-10.035199999999897,0,0,0,1,9.335199999999896,126.54999999999927,84.05999999999949,0.8455864858434494,60.32999999999993,0.2671970827117505,16.359999999999673,26.670499999999993,0.992,-1.0,,,13,2,6.0,2026
2026-06-11 13:00:00+00:00|1.0|calendar_keep_tue_wed_thu_h13_tp06_sl065,2026-06-11 13:00:00+00:00,STAGE28A,data/reports/stage28a_discovery_factory_batch_runner/stage28a_exact_trades.csv,calendar_time_risk_proxy_v1,calendar_keep_tue_wed_thu_h13_tp06_sl065,-7.14509999999982,-8.19509999999982,-8.89509999999982,0,0,0,1,8.19509999999982,190.30999999999995,94.00999999999976,0.021380704180408716,42.4399999999996,0.4429783223374153,18.849999999999454,31.769499999999972,0.968,1.0,,,13,3,6.0,2026
2022-05-02 13:01:00+00:00|0.0|S23B_B_pb0.1_eff0.60_h180_tp0.6_sl0.65,2022-05-02 13:01:00+00:00,STAGE28B,data/reports/stage28b_ml_meta_feature_screen/stage28b_normalized_lineage_trades.csv,london_oneway_continuation,S23B_B_pb0.1_eff0.60_h180_tp0.6_sl0.65,2.52723,1.47723,0.7772300000000003,1,1,1,0,1.47723,3.710000000000037,15.569999999999936,0.6056518946692423,11.819999999999936,0.6607445008460227,4.489999999999782,,,0.0,0.0,1.0,13,0,5.0,2022
2022-05-09 13:01:00+00:00|0.0|S23B_B_pb0.1_eff0.60_h180_tp0.6_sl0.65,2022-05-09 13:01:00+00:00,STAGE28B,data/reports/stage28b_ml_meta_feature_screen/stage28b_normalized_lineage_trades.csv,london_oneway_continuation,S23B_B_pb0.1_eff0.60_h180_tp0.6_sl0.65,2.45543,1.40543,0.7054300000000002,1,1,1,0,1.40543,5.370000000000118,11.849999999999907,0.5544303797468535,13.889999999999873,0.8135349172066441,5.029999999999973,4.75,0.1391304347826087,0.0,1.0,1.0,13,0,5.0,2022
2022-05-10 13:01:00+00:00|0.0|S23B_B_pb0.1_eff0.60_h180_tp0.6_sl0.65,2022-05-10 13:01:00+00:00,STAGE28B,data/reports/stage28b_ml_meta_feature_screen/stage28b_normalized_lineage_trades.csv,london_oneway_continuation,S23B_B_pb0.1_eff0.60_h180_tp0.6_sl0.65,-3.03729,-4.087289999999999,-4.78729,0,0,0,1,4.087289999999999,34.0,12.160000000000082,0.9555921052631612,7.910000000000082,0.8520859671302072,6.560000000000173,4.665000000000032,0.10071942446043165,0.0,1.0,1.0,13,1,5.0,2022
2022-05-25 13:01:00+00:00|0.0|S23B_B_pb0.1_eff0.60_h180_tp0.6_sl0.65,2022-05-25 13:01:00+00:00,STAGE28B,data/reports/stage28b_ml_meta_feature_screen/stage28b_normalized_lineage_trades.csv,london_oneway_continuation,S23B_B_pb0.1_eff0.60_h180_tp0.6_sl0.65,1.68314,0.63314,-0.0668599999999997,1,0,1,0,0.63314,20.42000000000008,8.389999999999873,0.4362336114421823,8.199999999999818,0.6987804878048958,3.740000000000009,3.5694999999999824,0.016,0.0,0.0,1.0,13,2,5.0,2022
2022-06-02 13:01:00+00:00|0.0|S23B_B_pb0.1_eff0.60_h180_tp0.6_sl0.65,2022-06-02 13:01:00+00:00,STAGE28B,data/reports/stage28b_ml_meta_feature_screen/stage28b_normalized_lineage_trades.csv,london_oneway_continuation,S23B_B_pb0.1_eff0.60_h180_tp0.6_sl0.65,1.291,0.2410000000000001,-0.4589999999999996,1,0,1,0,0.2410000000000001,21.49000000000001,4.849999999999909,0.4659793814433058,10.8599999999999,0.8508287292817767,2.869999999999891,3.276499999999976,0.032,0.0,1.0,1.0,13,3,6.0,2022
2022-06-30 13:01:00+00:00|0.0|S23B_B_pb0.1_eff0.60_h180_tp0.6_sl0.65,2022-06-30 13:01:00+00:00,STAGE28B,data/reports/stage28b_ml_meta_feature_screen/stage28b_normalized_lineage_trades.csv,london_oneway_continuation,S23B_B_pb0.1_eff0.60_h180_tp0.6_sl0.65,1.3385699999999998,0.28857,-0.4114299999999997,1,0,1,0,0.28857,20.939999999999827,4.75,0.2168421052631521,6.769999999999982,0.6469719350074034,5.080000000000155,2.8190000000000284,0.036,0.0,1.0,1.0,13,3,6.0,2022
2022-07-04 13:01:00+00:00|0.0|S23B_B_pb0.1_eff0.60_h180_tp0.6_sl0.65,2022-07-04 13:01:00+00:00,STAGE28B,data/reports/stage28b_ml_meta_feature_screen/stage28b_normalized_lineage_trades.csv,london_oneway_continuation,S23B_B_pb0.1_eff0.60_h180_tp0.6_sl0.65,-2.68071,-3.73071,-4.43071,0,0,0,1,3.73071,2.3299999999999272,8.740000000000009,0.1681922196796368,8.240000000000009,0.6844660194174871,3.509999999999991,4.424000000000012,0.624,0.0,1.0,1.0,13,0,7.0,2022
2022-07-05 13:01:00+00:00|0.0|S23B_B_pb0.1_eff0.60_h180_tp0.6_sl0.65,2022-07-05 13:01:00+00:00,STAGE28B,data/reports/stage28b_ml_meta_feature_screen/stage28b_normalized_lineage_trades.csv,london_oneway_continuation,S23B_B_pb0.1_eff0.60_h180_tp0.6_sl0.65,1.492,0.4420000000000001,-0.2579999999999995,1,0,1,0,0.4420000000000001,10.349999999999907,5.660000000000082,0.3021201413427582,11.75,0.6289361702127745,4.990000000000009,2.788499999999999,0.064,0.0,1.0,1.0,13,1,7.0,2022
2022-07-06 13:01:00+00:00|0.0|S23B_B_pb0.1_eff0.60_h180_tp0.6_sl0.65,2022-07-06 13:01:00+00:00,STAGE28B,data/reports/stage28b_ml_meta_feature_screen/stage28b_normalized_lineage_trades.csv,london_oneway_continuation,S23B_B_pb0.1_eff0.60_h180_tp0.6_sl0.65,2.10229,1.0522900000000002,0.3522900000000004,1,1,1,0,1.0522900000000002,48.25,7.059999999999945,0.1713881019830093,8.720000000000027,0.6135321100917569,3.6800000000000637,4.74899999999999,0.7,0.0,1.0,1.0,13,2,7.0,2022
2022-07-14 13:01:00+00:00|0.0|S23B_B_pb0.1_eff0.60_h180_tp0.6_sl0.65,2022-07-14 13:01:00+00:00,STAGE28B,data/reports/stage28b_ml_meta_feature_screen/stage28b_normalized_lineage_trades.csv,london_oneway_continuation,S23B_B_pb0.1_eff0.60_h180_tp0.6_sl0.65,2.467,1.4170000000000005,0.7170000000000005,1,1,1,0,1.4170000000000005,38.04999999999996,10.920000000000073,0.212454212454226,20.029999999999973,0.7688467299051365,5.120000000000118,5.5450000000000275,0.784,0.0,0.0,1.0,13,3,7.0,2022
2022-07-21 13:01:00+00:00|0.0|S23B_B_pb0.1_eff0.60_h180_tp0.6_sl0.65,2022-07-21 13:01:00+00:00,STAGE28B,data/reports/stage28b_ml_meta_feature_screen/stage28b_normalized_lineage_trades.csv,london_oneway_continuation,S23B_B_pb0.1_eff0.60_h180_tp0.6_sl0.65,1.90343,0.8534299999999999,0.1534300000000001,1,1,1,0,0.8534299999999999,21.98000000000001,7.3400000000001455,0.5953678474114175,11.529999999999973,0.6131830008673184,4.2199999999998,3.8129999999999766,0.292,0.0,1.0,1.0,13,3,7.0,2022
2022-08-05 13:01:00+00:00|0.0|S23B_B_pb0.1_eff0.60_h180_tp0.6_sl0.65,2022-08-05 13:01:00+00:00,STAGE28B,data/reports/stage28b_ml_meta_feature_screen/stage28b_normalized_lineage_trades.csv,london_oneway_continuation,S23B_B_pb0.1_eff0.60_h180_tp0.6_sl0.65,1.5442900000000002,0.4942900000000001,-0.2057099999999996,1,0,1,0,0.4942900000000001,31.680000000000064,6.100000000000136,0.1918032786885322,7.569999999999936,0.7384412153236414,2.730000000000018,3.4200000000000386,0.088,0.0,0.0,1.0,13,4,8.0,2022
2022-08-11 13:01:00+00:00|0.0|S23B_B_pb0.1_eff0.60_h180_tp0.6_sl0.65,2022-08-11 13:01:00+00:00,STAGE28B,data/reports/stage28b_ml_meta_feature_screen/stage28b_normalized_lineage_trades.csv,london_oneway_continuation,S23B_B_pb0.1_eff0.60_h180_tp0.6_sl0.65,1.3891399999999998,0.33914,-0.3608599999999997,1,0,1,0,0.33914,20.269999999999985,8.3900000000001,0.6376638855780506,6.789999999999964,0.6465390279823117,2.560000000000173,3.3920000000000186,0.12,0.0,0.0,1.0,13,3,8.0,2022
2022-08-15 13:01:00+00:00|0.0|S23B_B_pb0.1_eff0.60_h180_tp0.6_sl0.65,2022-08-15 13:01:00+00:00,STAGE28B,data/reports/stage28b_ml_meta_feature_screen/stage28b_normalized_lineage_trades.csv,london_oneway_continuation,S23B_B_pb0.1_eff0.60_h180_tp0.6_sl0.65,1.82157,0.7715700000000001,0.0715700000000003,1,1,1,0,0.7715700000000001,2.5799999999999272,8.339999999999918,0.5851318944844313,17.659999999999854,0.8969422423556086,6.709999999999809,3.6345000000000027,0.24,0.0,1.0,1.0,13,0,8.0,2022
2022-08-18 13:01:00+00:00|0.0|S23B_B_pb0.1_eff0.60_h180_tp0.6_sl0.65,2022-08-18 13:01:00+00:00,STAGE28B,data/reports/stage28b_ml_meta_feature_screen/stage28b_normalized_lineage_trades.csv,london_oneway_continuation,S23B_B_pb0.1_eff0.60_h180_tp0.6_sl0.65,1.2215699999999998,0.17157,-0.5284299999999997,1,0,1,0,0.17157,22.44999999999981,5.760000000000218,0.0329861111111193,8.139999999999873,0.7960687960688108,3.6799999999998363,3.254999999999984,0.184,0.0,0.0,1.0,13,3,8.0,2022
2022-08-22 13:01:00+00:00|0.0|S23B_B_pb0.1_eff0.60_h180_tp0.6_sl0.65,2022-08-22 13:01:00+00:00,STAGE28B,data/reports/stage28b_ml_meta_feature_screen/stage28b_normalized_lineage_trades.csv,london_oneway_continuation,S23B_B_pb0.1_eff0.60_h180_tp0.6_sl0.65,1.582,0.532,-0.1679999999999997,1,0,1,0,0.532,3.110000000000128,4.170000000000073,0.1726618705036006,14.790000000000193,0.6112237998647632,6.769999999999982,3.265499999999997,0.232,0.0,0.0,1.0,13,0,8.0,2022
2022-08-26 13:01:00+00:00|0.0|S23B_B_pb0.1_eff0.60_h180_tp0.6_sl0.65,2022-08-26 13:01:00+00:00,STAGE28B,data/reports/stage28b_ml_meta_feature_screen/stage28b_normalized_lineage_trades.csv,london_oneway_continuation,S23B_B_pb0.1_eff0.60_h180_tp0.6_sl0.65,1.3119999999999998,0.262,-0.4379999999999997,1,0,1,0,0.262,15.519999999999982,6.579999999999927,0.0364741641337403,9.5,0.804210526315776,3.2200000000000273,2.849499999999955,0.044,0.0,0.0,1.0,13,4,8.0,2022
2022-09-13 13:01:00+00:00|0.0|S23B_B_pb0.1_eff0.60_h180_tp0.6_sl0.65,2022-09-13 13:01:00+00:00,STAGE28B,data/reports/stage28b_ml_meta_feature_screen/stage28b_normalized_lineage_trades.csv,london_oneway_continuation,S23B_B_pb0.1_eff0.60_h180_tp0.6_sl0.65,-2.24521,-3.29521,-3.99521,0,0,0,1,3.29521,23.17000000000008,6.830000000000155,0.5710102489019038,8.160000000000082,0.6580882352940977,3.130000000000109,3.321000000000015,0.164,0.0,1.0,1.0,13,1,9.0,2022
2022-09-20 13:01:00+00:00|0.0|S23B_B_pb0.1_eff0.60_h180_tp0.6_sl0.65,2022-09-20 13:01:00+00:00,STAGE28B,data/reports/stage28b_ml_meta_feature_screen/stage28b_normalized_lineage_trades.csv,london_oneway_continuation,S23B_B_pb0.1_eff0.60_h180_tp0.6_sl0.65,-2.39564,-3.44564,-4.14564,0,0,0,1,3.44564,20.23000000000001,6.029999999999973,0.2338308457711212,10.629999999999882,0.8701787394167547,3.6799999999998363,3.3575000000000044,0.092,0.0,1.0,1.0,13,1,9.0,2022
2022-09-21 13:01:00+00:00|0.0|S23B_B_pb0.1_eff0.60_h180_tp0.6_sl0.65,2022-09-21 13:01:00+00:00,STAGE28B,data/reports/stage28b_ml_meta_feature_screen/stage28b_normalized_lineage_trades.csv,london_oneway_continuation,S23B_B_pb0.1_eff0.60_h180_tp0.6_sl0.65,1.58243,0.5324300000000002,-0.1675699999999995,1,0,1,0,0.5324300000000002,19.49000000000001,4.599999999999909,0.3130434782608381,14.440000000000056,0.6606648199445934,3.990000000000009,3.2250000000000227,0.048,0.0,0.0,1.0,13,2,9.0,2022
2022-10-10 13:01:00+00:00|0.0|S23B_B_pb0.1_eff0.60_h180_tp0.6_sl0.65,2022-10-10 13:01:00+00:00,STAGE28B,data/reports/stage28b_ml_meta_feature_screen/stage28b_normalized_lineage_trades.csv,london_oneway_continuation,S23B_B_pb0.1_eff0.60_h180_tp0.6_sl0.65,2.24671,1.19671,0.4967100000000002,1,1,1,0,1.19671,4.789999999999964,12.700000000000044,0.6787401574803039,11.519999999999982,0.7282986111111209,6.5,4.689999999999964,0.344,0.0,0.0,1.0,13,0,10.0,2022
2022-10-17 13:01:00+00:00|0.0|S23B_B_pb0.1_eff0.60_h180_tp0.6_sl0.65,2022-10-17 13:01:00+00:00,STAGE28B,data/reports/stage28b_ml_meta_feature_screen/stage28b_normalized_lineage_trades.csv,london_oneway_continuation,S23B_B_pb0.1_eff0.60_h180_tp0.6_sl0.65,2.07743,1.0274300000000005,0.3274300000000005,1,1,1,0,1.0274300000000005,4.039999999999964,9.529999999999973,0.4952780692549885,9.61999999999989,0.7079002079002102,3.3799999999998818,4.3639999999999874,0.228,0.0,1.0,1.0,13,0,10.0,2022
2022-10-19 13:01:00+00:00|0.0|S23B_B_pb0.1_eff0.60_h180_tp0.6_sl0.65,2022-10-19 13:01:00+00:00,STAGE28B,data/reports/stage28b_ml_meta_feature_screen/stage28b_normalized_lineage_trades.csv,london_oneway_continuation,S23B_B_pb0.1_eff0.60_h180_tp0.6_sl0.65,2.08129,1.0312900000000005,0.3312900000000005,1,1,1,0,1.0312900000000005,15.049999999999956,5.379999999999882,0.6189591078067338,11.819999999999936,0.6142131979695457,3.0499999999999545,3.871999999999969,0.1,0.0,0.0,1.0,13,2,10.0,2022
2022-11-01 13:01:00+00:00|0.0|S23B_B_pb0.1_eff0.60_h180_tp0.6_sl0.65,2022-11-01 13:01:00+00:00,STAGE28B,data/reports/stage28b_ml_meta_feature_screen/stage28b_normalized_lineage_trades.csv,london_oneway_continuation,S23B_B_pb0.1_eff0.60_h180_tp0.6_sl0.65,2.04143,0.9914300000000004,0.2914300000000005,1,1,1,0,0.9914300000000004,13.779999999999973,9.440000000000056,0.5889830508474484,15.150000000000093,0.8686468646864538,2.990000000000009,3.5405000000000313,0.048,0.0,0.0,1.0,13,1,11.0,2022
2022-11-02 13:01:00+00:00|0.0|S23B_B_pb0.1_eff0.60_h180_tp0.6_sl0.65,2022-11-02 13:01:00+00:00,STAGE28B,data/reports/stage28b_ml_meta_feature_screen/stage28b_normalized_lineage_trades.csv,london_oneway_continuation,S23B_B_pb0.1_eff0.60_h180_tp0.6_sl0.65,1.42471,0.3747100000000001,-0.3252899999999996,1,0,1,0,0.3747100000000001,26.399999999999864,7.350000000000136,0.3129251700680152,7.3599999999999,0.6983695652174144,2.589999999999918,3.285499999999968,0.004,0.0,1.0,1.0,13,2,11.0,2022
2022-11-28 13:01:00+00:00|0.0|S23B_B_pb0.1_eff0.60_h180_tp0.6_sl0.65,2022-11-28 13:01:00+00:00,STAGE28B,data/reports/stage28b_ml_meta_feature_screen/stage28b_normalized_lineage_trades.csv,london_oneway_continuation,S23B_B_pb0.1_eff0.60_h180_tp0.6_sl0.65,-3.19746,-4.24746,-4.94746,0,0,0,1,4.24746,5.539999999999964,9.789999999999964,0.0623084780388051,15.220000000000027,0.6005256241787177,3.259999999999991,4.301499999999976,0.632,0.0,0.0,1.0,13,0,11.0,2022
2022-12-23 13:01:00+00:00|0.0|S23B_B_pb0.1_eff0.60_h180_tp0.6_sl0.65,2022-12-23 13:01:00+00:00,STAGE28B,data/reports/stage28b_ml_meta_feature_screen/stage28b_normalized_lineage_trades.csv,london_oneway_continuation,S23B_B_pb0.1_eff0.60_h180_tp0.6_sl0.65,-2.00425,-3.05425,-3.75425,0,0,0,0,3.05425,35.58999999999992,4.270000000000209,0.3325526932084316,4.830000000000155,0.780538302277404,2.2799999999999727,3.41850000000004,0.24,0.0,0.0,1.0,13,4,12.0,2022
2023-01-26 13:01:00+00:00|0.0|S23B_B_pb0.1_eff0.60_h180_tp0.6_sl0.65,2023-01-26 13:01:00+00:00,STAGE28B,data/reports/stage28b_ml_meta_feature_screen/stage28b_normalized_lineage_trades.csv,london_oneway_continuation,S23B_B_pb0.1_eff0.60_h180_tp0.6_sl0.65,2.09714,1.0471400000000002,0.3471400000000004,1,1,1,0,1.0471400000000002,28.65999999999985,6.610000000000127,0.2632375189107376,15.129999999999882,0.6549900859220198,2.0299999999999727,4.674000000000001,0.468,0.0,0.0,1.0,13,3,1.0,2023
2023-01-27 13:01:00+00:00|0.0|S23B_B_pb0.1_eff0.60_h180_tp0.6_sl0.65,2023-01-27 13:01:00+00:00,STAGE28B,data/reports/stage28b_ml_meta_feature_screen/stage28b_normalized_lineage_trades.csv,london_oneway_continuation,S23B_B_pb0.1_eff0.60_h180_tp0.6_sl0.65,1.91414,0.8641399999999999,0.1641400000000001,1,1,1,0,0.8641399999999999,30.470000000000027,15.069999999999936,0.6084936960849444,7.829999999999927,0.8735632183908023,3.990000000000009,4.602999999999975,0.368,0.0,0.0,1.0,13,4,1.0,2023
2023-02-15 13:01:00+00:00|0.0|S23B_B_pb0.1_eff0.60_h180_tp0.6_sl0.65,2023-02-15 13:01:00+00:00,STAGE28B,data/reports/stage28b_ml_meta_feature_screen/stage28b_normalized_lineage_trades.csv,london_oneway_continuation,S23B_B_pb0.1_eff0.60_h180_tp0.6_sl0.65,2.15543,1.10543,0.4054300000000004,1,1,1,0,1.10543,27.169999999999845,13.559999999999944,0.5243362831858355,16.019999999999982,0.7771535580524381,3.9500000000000455,5.293000000000006,0.48,0.0,0.0,1.0,13,2,2.0,2023
2023-03-01 13:01:00+00:00|0.0|S23B_B_pb0.1_eff0.60_h180_tp0.6_sl0.65,2023-03-01 13:01:00+00:00,STAGE28B,data/reports/stage28b_ml_meta_feature_screen/stage28b_normalized_lineage_trades.csv,london_oneway_continuation,S23B_B_pb0.1_eff0.60_h180_tp0.6_sl0.65,1.89657,0.8465700000000003,0.1465700000000005,1,1,1,0,0.8465700000000003,26.559999999999945,8.710000000000036,0.5051664753157373,8.179999999999836,0.6002444987775003,4.190000000000055,3.8149999999999524,0.38,0.0,1.0,1.0,13,2,3.0,2023
2023-03-03 13:01:00+00:00|0.0|S23B_B_pb0.1_eff0.60_h180_tp0.6_sl0.65,2023-03-03 13:01:00+00:00,STAGE28B,data/reports/stage28b_ml_meta_feature_screen/stage28b_normalized_lineage_trades.csv,london_oneway_continuation,S23B_B_pb0.1_eff0.60_h180_tp0.6_sl0.65,1.282,0.2319999999999999,-0.4679999999999997,1,0,1,0,0.2319999999999999,8.949999999999818,6.009999999999991,0.0981697171381275,9.990000000000007,0.8508508508508501,2.650000000000091,2.942999999999995,0.076,0.0,1.0,1.0,13,4,3.0,2023
2023-03-16 13:01:00+00:00|0.0|S23B_B_pb0.1_eff0.60_h180_tp0.6_sl0.65,2023-03-16 13:01:00+00:00,STAGE28B,data/reports/stage28b_ml_meta_feature_screen/stage28b_normalized_lineage_trades.csv,london_oneway_continuation,S23B_B_pb0.1_eff0.60_h180_tp0.6_sl0.65,2.95686,1.90686,1.2068600000000005,1,1,1,0,1.90686,51.57999999999993,16.930000000000064,0.2445363260484397,10.720000000000027,0.868470149253724,4.350000000000136,6.749499999999989,0.788,0.0,1.0,1.0,13,3,3.0,2023
2023-03-21 13:01:00+00:00|0.0|S23B_B_pb0.1_eff0.60_h180_tp0.6_sl0.65,2023-03-21 13:01:00+00:00,STAGE28B,data/reports/stage28b_ml_meta_feature_screen/stage28b_normalized_lineage_trades.csv,london_oneway_continuation,S23B_B_pb0.1_eff0.60_h180_tp0.6_sl0.65,2.67443,1.6244300000000005,0.9244300000000004,1,1,1,0,1.6244300000000005,43.950000000000045,9.779999999999973,0.3374233128834318,20.310000000000173,0.6233382570162357,5.069999999999936,5.340999999999974,0.44,0.0,1.0,1.0,13,1,3.0,2023
2023-03-27 13:01:00+00:00|0.0|S23B_B_pb0.1_eff0.60_h180_tp0.6_sl0.65,2023-03-27 13:01:00+00:00,STAGE28B,data/reports/stage28b_ml_meta_feature_screen/stage28b_normalized_lineage_trades.csv,london_oneway_continuation,S23B_B_pb0.1_eff0.60_h180_tp0.6_sl0.65,3.09229,2.04229,1.3422900000000002,1,1,1,0,2.04229,10.569999999999936,10.569999999999936,0.0747398297067141,19.519999999999985,0.9508196721311456,12.740000000000009,6.0490000000000235,0.288,0.0,1.0,1.0,13,0,3.0,2023
2023-03-30 13:01:00+00:00|0.0|S23B_B_pb0.1_eff0.60_h180_tp0.6_sl0.65,2023-03-30 13:01:00+00:00,STAGE28B,data/reports/stage28b_ml_meta_feature_screen/stage28b_normalized_lineage_trades.csv,london_oneway_continuation,S23B_B_pb0.1_eff0.60_h180_tp0.6_sl0.65,1.71957,0.6695700000000002,-0.0304299999999995,1,0,1,0,0.6695700000000002,15.759999999999993,9.539999999999964,0.4947589098532542,12.559999999999944,0.6162420382165639,1.6600000000000819,4.042999999999973,0.048,0.0,0.0,1.0,13,3,3.0,2023
2023-04-03 13:01:00+00:00|0.0|S23B_B_pb0.1_eff0.60_h180_tp0.6_sl0.65,2023-04-03 13:01:00+00:00,STAGE28B,data/reports/stage28b_ml_meta_feature_screen/stage28b_normalized_lineage_trades.csv,london_oneway_continuation,S23B_B_pb0.1_eff0.60_h180_tp0.6_sl0.65,3.166,2.116,1.4160000000000004,1,1,1,0,2.116,12.190000000000056,22.549999999999955,0.4736141906873652,16.539999999999964,0.8657799274486074,3.9400000000000546,6.254499999999996,0.552,0.0,0.0,1.0,13,0,4.0,2023
2023-04-13 13:01:00+00:00|0.0|S23B_B_pb0.1_eff0.60_h180_tp0.6_sl0.65,2023-04-13 13:01:00+00:00,STAGE28B,data/reports/stage28b_ml_meta_feature_screen/stage28b_normalized_lineage_trades.csv,london_oneway_continuation,S23B_B_pb0.1_eff0.60_h180_tp0.6_sl0.65,1.72643,0.6764300000000003,-0.0235699999999994,1,0,1,0,0.6764300000000003,27.13000000000011,6.1400000000001,0.3697068403908705,13.950000000000044,0.6566308243727635,2.9199999999998454,4.161999999999978,0.308,0.0,1.0,1.0,13,3,4.0,2023
2023-04-26 13:01:00+00:00|0.0|S23B_B_pb0.1_eff0.60_h180_tp0.6_sl0.65,2023-04-26 13:01:00+00:00,STAGE28B,data/reports/stage28b_ml_meta_feature_screen/stage28b_normalized_lineage_trades.csv,london_oneway_continuation,S23B_B_pb0.1_eff0.60_h180_tp0.6_sl0.65,-2.66121,-3.71121,-4.41121,0,0,0,1,3.71121,27.71000000000004,9.230000000000018,0.3781148429035755,6.069999999999936,0.7726523887973812,3.119999999999891,4.515499999999986,0.262,0.0,1.0,1.0,13,2,4.0,2023
2023-05-30 13:01:00+00:00|0.0|S23B_B_pb0.1_eff0.60_h180_tp0.6_sl0.65,2023-05-30 13:01:00+00:00,STAGE28B,data/reports/stage28b_ml_meta_feature_screen/stage28b_normalized_lineage_trades.csv,london_oneway_continuation,S23B_B_pb0.1_eff0.60_h180_tp0.6_sl0.65,2.20129,1.15129,0.4512900000000002,1,1,1,0,1.15129,9.490000000000007,7.379999999999882,0.4878048780488068,21.039999999999964,0.6416349809885943,10.600000000000136,3.56099999999999,0.18,0.0,0.0,1.0,13,1,5.0,2023
2023-06-12 13:01:00+00:00|0.0|S23B_B_pb0.1_eff0.60_h180_tp0.6_sl0.65,2023-06-12 13:01:00+00:00,STAGE28B,data/reports/stage28b_ml_meta_feature_screen/stage28b_normalized_lineage_trades.csv,london_oneway_continuation,S23B_B_pb0.1_eff0.60_h180_tp0.6_sl0.65,-2.30604,-3.35604,-4.056039999999999,0,0,0,1,3.35604,1.740000000000009,6.239999999999782,0.068910256410269,9.049999999999956,0.7502762430939224,1.9400000000000546,3.109499999999957,0.148,0.0,0.0,1.0,13,0,6.0,2023
2023-06-27 13:01:00+00:00|0.0|S23B_B_pb0.1_eff0.60_h180_tp0.6_sl0.65,2023-06-27 13:01:00+00:00,STAGE28B,data/reports/stage28b_ml_meta_feature_screen/stage28b_normalized_lineage_trades.csv,london_oneway_continuation,S23B_B_pb0.1_eff0.60_h180_tp0.6_sl0.65,1.42557,0.3755700000000002,-0.3244299999999995,1,0,1,0,0.3755700000000002,11.819999999999936,9.349999999999907,0.4064171122994643,5.9500000000000455,0.724369747899145,1.9800000000000182,3.00150000000001,0.12,0.0,1.0,1.0,13,1,6.0,2023
2023-07-04 13:01:00+00:00|0.0|S23B_B_pb0.1_eff0.60_h180_tp0.6_sl0.65,2023-07-04 13:01:00+00:00,STAGE28B,data/reports/stage28b_ml_meta_feature_screen/stage28b_normalized_lineage_trades.csv,london_oneway_continuation,S23B_B_pb0.1_eff0.60_h180_tp0.6_sl0.65,-1.66207,-2.71207,-3.41207,0,0,0,0,2.71207,20.950000000000045,3.6399999999998727,0.4807692307692476,7.9099999999998545,0.8609355246523765,2.1099999999999,2.3639999999999874,0.004,0.0,1.0,1.0,13,1,7.0,2023
2023-07-17 13:01:00+00:00|0.0|S23B_B_pb0.1_eff0.60_h180_tp0.6_sl0.65,2023-07-17 13:01:00+00:00,STAGE28B,data/reports/stage28b_ml_meta_feature_screen/stage28b_normalized_lineage_trades.csv,london_oneway_continuation,S23B_B_pb0.1_eff0.60_h180_tp0.6_sl0.65,-2.57254,-3.62254,-4.32254,0,0,0,1,3.62254,2.8300000000001546,4.990000000000009,0.1923847695390851,8.600000000000136,0.7697674418604666,4.940000000000055,3.5169999999999844,0.536,0.0,0.0,1.0,13,0,7.0,2023
2023-08-09 13:01:00+00:00|0.0|S23B_B_pb0.1_eff0.60_h180_tp0.6_sl0.65,2023-08-09 13:01:00+00:00,STAGE28B,data/reports/stage28b_ml_meta_feature_screen/stage28b_normalized_lineage_trades.csv,london_oneway_continuation,S23B_B_pb0.1_eff0.60_h180_tp0.6_sl0.65,1.00771,-0.0422899999999999,-0.7422899999999997,0,0,0,0,0.0422899999999999,15.22999999999979,6.5900000000001455,0.7799696509863409,6.440000000000055,0.6024844720497012,2.4700000000000273,2.55300000000002,0.028,0.0,1.0,1.0,13,2,8.0,2023
2023-08-22 13:01:00+00:00|0.0|S23B_B_pb0.1_eff0.60_h180_tp0.6_sl0.65,2023-08-22 13:01:00+00:00,STAGE28B,data/reports/stage28b_ml_meta_feature_screen/stage28b_normalized_lineage_trades.csv,london_oneway_continuation,S23B_B_pb0.1_eff0.60_h180_tp0.6_sl0.65,1.3038600000000002,0.2538600000000002,-0.4461399999999995,1,0,1,0,0.2538600000000002,14.160000000000082,3.6100000000001273,0.2576177285318645,9.980000000000018,0.6863727454909716,4.329999999999927,2.81700000000003,0.224,0.0,1.0,1.0,13,1,8.0,2023
2023-09-27 13:01:00+00:00|0.0|S23B_B_pb0.1_eff0.60_h180_tp0.6_sl0.65,2023-09-27 13:01:00+00:00,STAGE28B,data/reports/stage28b_ml_meta_feature_screen/stage28b_normalized_lineage_trades.csv,london_oneway_continuation,S23B_B_pb0.1_eff0.60_h180_tp0.6_sl0.65,1.0767099999999998,0.02671,-0.6732899999999997,1,0,0,0,0.02671,17.690000000000055,4.459999999999809,0.2399103139013922,5.339999999999918,0.8220973782771424,2.0499999999999545,2.484999999999991,0.426,0.0,1.0,1.0,13,2,9.0,2023
2023-10-17 13:01:00+00:00|0.0|S23B_B_pb0.1_eff0.60_h180_tp0.6_sl0.65,2023-10-17 13:01:00+00:00,STAGE28B,data/reports/stage28b_ml_meta_feature_screen/stage28b_normalized_lineage_trades.csv,london_oneway_continuation,S23B_B_pb0.1_eff0.60_h180_tp0.6_sl0.65,1.52971,0.4797100000000001,-0.2202899999999996,1,0,1,0,0.4797100000000001,22.09999999999991,9.3599999999999,0.2243589743589913,9.639999999999873,0.6390041493775868,4.919999999999845,3.052499999999975,0.132,0.0,0.0,1.0,13,1,10.0,2023
2023-10-24 13:01:00+00:00|0.0|S23B_B_pb0.1_eff0.60_h180_tp0.6_sl0.65,2023-10-24 13:01:00+00:00,STAGE28B,data/reports/stage28b_ml_meta_feature_screen/stage28b_normalized_lineage_trades.csv,london_oneway_continuation,S23B_B_pb0.1_eff0.60_h180_tp0.6_sl0.65,1.94029,0.8902900000000002,0.1902900000000005,1,1,1,0,0.8902900000000002,21.069999999999936,9.460000000000036,0.4069767441860353,14.259999999999993,0.7180925666199169,7.629999999999882,4.0440000000000165,0.432,0.0,1.0,1.0,13,1,10.0,2023
2023-11-20 13:01:00+00:00|0.0|S23B_B_pb0.1_eff0.60_h180_tp0.6_sl0.65,2023-11-20 13:01:00+00:00,STAGE28B,data/reports/stage28b_ml_meta_feature_screen/stage28b_normalized_lineage_trades.csv,london_oneway_continuation,S23B_B_pb0.1_eff0.60_h180_tp0.6_sl0.65,1.97286,0.92286,0.2228600000000002,1,1,1,0,0.92286,4.460000000000036,11.800000000000182,0.5805084745762545,8.240000000000009,0.6638349514563132,4.470000000000027,3.6175000000000184,0.38,0.0,1.0,1.0,13,0,11.0,2023
2023-11-30 13:01:00+00:00|0.0|S23B_B_pb0.1_eff0.60_h180_tp0.6_sl0.65,2023-11-30 13:01:00+00:00,STAGE28B,data/reports/stage28b_ml_meta_feature_screen/stage28b_normalized_lineage_trades.csv,london_oneway_continuation,S23B_B_pb0.1_eff0.60_h180_tp0.6_sl0.65,-2.52054,-3.57054,-4.27054,0,0,0,1,3.57054,16.749999999999773,4.540000000000191,0.0,10.160000000000082,0.6102362204724405,3.759999999999991,3.731000000000063,0.448,0.0,0.0,1.0,13,3,11.0,2023
2023-12-22 13:01:00+00:00|0.0|S23B_B_pb0.1_eff0.60_h180_tp0.6_sl0.65,2023-12-22 13:01:00+00:00,STAGE28B,data/reports/stage28b_ml_meta_feature_screen/stage28b_normalized_lineage_trades.csv,london_oneway_continuation,S23B_B_pb0.1_eff0.60_h180_tp0.6_sl0.65,2.09071,1.0407100000000002,0.3407100000000005,1,1,1,0,1.0407100000000002,21.38000000000011,8.6099999999999,0.3716608594657207,10.230000000000018,0.6021505376344377,3.7600000000002183,4.050499999999966,0.436,0.0,1.0,1.0,13,4,12.0,2023
2024-01-03 13:01:00+00:00|0.0|S23B_B_pb0.1_eff0.60_h180_tp0.6_sl0.65,2024-01-03 13:01:00+00:00,STAGE28B,data/reports/stage28b_ml_meta_feature_screen/stage28b_normalized_lineage_trades.csv,london_oneway_continuation,S23B_B_pb0.1_eff0.60_h180_tp0.6_sl0.65,1.7452899999999998,0.69529,-0.0047099999999997,1,0,1,0,0.69529,22.88000000000011,7.050000000000182,0.7333333333333247,13.200000000000273,0.7446969696969488,4.5,4.033500000000004,0.54,0.0,1.0,1.0,13,2,1.0,2024
2024-01-08 13:01:00+00:00|0.0|S23B_B_pb0.1_eff0.60_h180_tp0.6_sl0.65,2024-01-08 13:01:00+00:00,STAGE28B,data/reports/stage28b_ml_meta_feature_screen/stage28b_normalized_lineage_trades.csv,london_oneway_continuation,S23B_B_pb0.1_eff0.60_h180_tp0.6_sl0.65,2.30243,1.25243,0.5524300000000002,1,1,1,0,1.25243,2.4299999999998363,11.529999999999973,0.7380745880312238,9.460000000000036,0.8879492600422655,2.519999999999982,4.4464999999999915,0.644,0.0,0.0,1.0,13,0,1.0,2024
2024-01-16 13:01:00+00:00|0.0|S23B_B_pb0.1_eff0.60_h180_tp0.6_sl0.65,2024-01-16 13:01:00+00:00,STAGE28B,data/reports/stage28b_ml_meta_feature_screen/stage28b_normalized_lineage_trades.csv,london_oneway_continuation,S23B_B_pb0.1_eff0.60_h180_tp0.6_sl0.65,1.52629,0.4762900000000001,-0.2237099999999996,1,0,1,0,0.4762900000000001,12.740000000000007,7.170000000000073,0.656903765690375,12.409999999999854,0.6970185334407891,3.1700000000000728,2.9890000000000554,0.068,0.0,0.0,1.0,13,1,1.0,2024
2024-02-13 13:01:00+00:00|0.0|S23B_B_pb0.1_eff0.60_h180_tp0.6_sl0.65,2024-02-13 13:01:00+00:00,STAGE28B,data/reports/stage28b_ml_meta_feature_screen/stage28b_normalized_lineage_trades.csv,london_oneway_continuation,S23B_B_pb0.1_eff0.60_h180_tp0.6_sl0.65,0.8144300000000001,-0.2355699999999998,-0.9355699999999996,0,0,0,0,0.2355699999999998,15.639999999999873,4.409999999999855,0.040816326530628,9.190000000000056,0.8476605005440606,1.9500000000000455,2.382499999999993,0.028,0.0,0.0,1.0,13,1,2.0,2024
2024-03-18 13:01:00+00:00|0.0|S23B_B_pb0.1_eff0.60_h180_tp0.6_sl0.65,2024-03-18 13:01:00+00:00,STAGE28B,data/reports/stage28b_ml_meta_feature_screen/stage28b_normalized_lineage_trades.csv,london_oneway_continuation,S23B_B_pb0.1_eff0.60_h180_tp0.6_sl0.65,1.82286,0.7728600000000001,0.0728600000000003,1,1,1,0,0.7728600000000001,5.369999999999891,11.419999999999618,0.6444833625219242,12.349999999999907,0.8858299595141441,3.8899999999998727,3.7884999999999764,0.128,0.0,1.0,1.0,13,0,3.0,2024
2024-04-03 13:01:00+00:00|0.0|S23B_B_pb0.1_eff0.60_h180_tp0.6_sl0.65,2024-04-03 13:01:00+00:00,STAGE28B,data/reports/stage28b_ml_meta_feature_screen/stage28b_normalized_lineage_trades.csv,london_oneway_continuation,S23B_B_pb0.1_eff0.60_h180_tp0.6_sl0.65,3.19814,2.14814,1.4481400000000004,1,1,1,0,2.14814,35.35999999999967,11.590000000000146,0.2812769628990662,19.360000000000127,0.6714876033057807,5.150000000000091,7.227500000000032,0.736,0.0,0.0,1.0,13,2,4.0,2024
2024-04-05 13:01:00+00:00|0.0|S23B_B_pb0.1_eff0.60_h180_tp0.6_sl0.65,2024-04-05 13:01:00+00:00,STAGE28B,data/reports/stage28b_ml_meta_feature_screen/stage28b_normalized_lineage_trades.csv,london_oneway_continuation,S23B_B_pb0.1_eff0.60_h180_tp0.6_sl0.65,3.643,2.593,1.893,1,1,1,0,2.593,25.519999999999985,25.579999999999927,0.5136825645035327,16.9699999999998,0.8461991750147494,6.940000000000055,7.961500000000001,0.856,0.0,0.0,1.0,13,4,4.0,2024
2024-05-02 13:01:00+00:00|0.0|S23B_B_pb0.1_eff0.60_h180_tp0.6_sl0.65,2024-05-02 13:01:00+00:00,STAGE28B,data/reports/stage28b_ml_meta_feature_screen/stage28b_normalized_lineage_trades.csv,london_oneway_continuation,S23B_B_pb0.1_eff0.60_h180_tp0.6_sl0.65,3.217,2.1670000000000003,1.4670000000000003,1,1,1,0,2.1670000000000003,46.82999999999993,9.070000000000164,0.1422271223814708,22.340000000000146,0.8012533572068028,6.7400000000002365,8.24950000000008,0.76,0.0,0.0,1.0,13,3,5.0,2024
2024-05-10 13:01:00+00:00|0.0|S23B_B_pb0.1_eff0.60_h180_tp0.6_sl0.65,2024-05-10 13:01:00+00:00,STAGE28B,data/reports/stage28b_ml_meta_feature_screen/stage28b_normalized_lineage_trades.csv,london_oneway_continuation,S23B_B_pb0.1_eff0.60_h180_tp0.6_sl0.65,2.899,1.849,1.1490000000000005,1,1,1,0,1.849,40.63999999999987,10.659999999999854,0.6716697936210086,24.079999999999927,0.7936046511627984,5.8400000000001455,5.9384999999999994,0.4,0.0,1.0,1.0,13,4,5.0,2024
2024-05-29 13:01:00+00:00|0.0|S23B_B_pb0.1_eff0.60_h180_tp0.6_sl0.65,2024-05-29 13:01:00+00:00,STAGE28B,data/reports/stage28b_ml_meta_feature_screen/stage28b_normalized_lineage_trades.csv,london_oneway_continuation,S23B_B_pb0.1_eff0.60_h180_tp0.6_sl0.65,2.38,1.33,0.6300000000000003,1,1,1,0,1.33,24.059999999999945,7.930000000000291,0.1286254728877609,20.70000000000028,0.6120772946859638,5.320000000000164,5.17150000000006,0.272,0.0,0.0,1.0,13,2,5.0,2024
2024-06-07 13:01:00+00:00|0.0|S23B_B_pb0.1_eff0.60_h180_tp0.6_sl0.65,2024-06-07 13:01:00+00:00,STAGE28B,data/reports/stage28b_ml_meta_feature_screen/stage28b_normalized_lineage_trades.csv,london_oneway_continuation,S23B_B_pb0.1_eff0.60_h180_tp0.6_sl0.65,4.67671,3.62671,2.92671,1,1,1,0,3.62671,25.20999999999958,12.600000000000364,0.2492063492063319,50.42000000000007,0.8131693772312563,10.519999999999982,7.641499999999996,0.988,0.0,0.0,1.0,13,4,6.0,2024
2024-06-14 13:01:00+00:00|0.0|S23B_B_pb0.1_eff0.60_h180_tp0.6_sl0.65,2024-06-14 13:01:00+00:00,STAGE28B,data/reports/stage28b_ml_meta_feature_screen/stage28b_normalized_lineage_trades.csv,london_oneway_continuation,S23B_B_pb0.1_eff0.60_h180_tp0.6_sl0.65,2.49014,1.44014,0.7401400000000002,1,1,1,0,1.44014,31.15999999999985,7.050000000000182,0.3588652482269049,19.13999999999988,0.8949843260188204,7.5300000000002,5.026000000000022,0.196,0.0,0.0,1.0,13,4,6.0,2024
2024-06-25 13:01:00+00:00|0.0|S23B_B_pb0.1_eff0.60_h180_tp0.6_sl0.65,2024-06-25 13:01:00+00:00,STAGE28B,data/reports/stage28b_ml_meta_feature_screen/stage28b_normalized_lineage_trades.csv,london_oneway_continuation,S23B_B_pb0.1_eff0.60_h180_tp0.6_sl0.65,2.23857,1.18857,0.4885700000000001,1,1,1,0,1.18857,17.15000000000009,11.150000000000093,0.6852017937219969,11.319999999999707,0.7915194346289989,4.769999999999982,4.180999999999949,0.152,0.0,1.0,1.0,13,1,6.0,2024
2024-06-27 13:01:00+00:00|0.0|S23B_B_pb0.1_eff0.60_h180_tp0.6_sl0.65,2024-06-27 13:01:00+00:00,STAGE28B,data/reports/stage28b_ml_meta_feature_screen/stage28b_normalized_lineage_trades.csv,london_oneway_continuation,S23B_B_pb0.1_eff0.60_h180_tp0.6_sl0.65,1.60729,0.5572900000000001,-0.1427099999999996,1,0,1,0,0.5572900000000001,30.350000000000364,3.3899999999998727,0.2212389380531056,17.429999999999836,0.7917383820998457,6.599999999999909,3.5849999999999453,0.072,0.0,0.0,1.0,13,3,6.0,2024
2024-06-28 13:01:00+00:00|0.0|S23B_B_pb0.1_eff0.60_h180_tp0.6_sl0.65,2024-06-28 13:01:00+00:00,STAGE28B,data/reports/stage28b_ml_meta_feature_screen/stage28b_normalized_lineage_trades.csv,london_oneway_continuation,S23B_B_pb0.1_eff0.60_h180_tp0.6_sl0.65,2.137,1.0870000000000002,0.3870000000000004,1,1,1,0,1.0870000000000002,34.58999999999969,9.269999999999982,0.5587918015102316,12.099999999999907,0.7033057851239527,3.0700000000001637,4.011000000000058,0.132,0.0,1.0,1.0,13,4,6.0,2024
2024-07-19 13:01:00+00:00|0.0|S23B_B_pb0.1_eff0.60_h180_tp0.6_sl0.65,2024-07-19 13:01:00+00:00,STAGE28B,data/reports/stage28b_ml_meta_feature_screen/stage28b_normalized_lineage_trades.csv,london_oneway_continuation,S23B_B_pb0.1_eff0.60_h180_tp0.6_sl0.65,3.77586,2.7258600000000004,2.0258600000000007,1,1,1,0,2.7258600000000004,34.84999999999991,24.67999999999984,0.6288492706645091,16.5,0.7678787878787923,6.269999999999982,7.066999999999939,0.872,0.0,1.0,1.0,13,4,7.0,2024
2024-08-07 13:01:00+00:00|0.0|S23B_B_pb0.1_eff0.60_h180_tp0.6_sl0.65,2024-08-07 13:01:00+00:00,STAGE28B,data/reports/stage28b_ml_meta_feature_screen/stage28b_normalized_lineage_trades.csv,london_oneway_continuation,S23B_B_pb0.1_eff0.60_h180_tp0.6_sl0.65,3.30143,2.25143,1.5514300000000003,1,1,1,0,2.25143,36.63000000000011,11.710000000000036,0.2271562766865795,11.829999999999927,0.7007607776838558,3.930000000000291,6.822499999999991,0.396,0.0,0.0,1.0,13,2,8.0,2024
2024-08-16 13:01:00+00:00|0.0|S23B_B_pb0.1_eff0.60_h180_tp0.6_sl0.65,2024-08-16 13:01:00+00:00,STAGE28B,data/reports/stage28b_ml_meta_feature_screen/stage28b_normalized_lineage_trades.csv,london_oneway_continuation,S23B_B_pb0.1_eff0.60_h180_tp0.6_sl0.65,2.19957,1.1495700000000002,0.4495700000000004,1,1,1,0,1.1495700000000002,37.90000000000009,9.2199999999998,0.2603036876355903,13.390000000000327,0.8110530246452473,3.0700000000001637,4.9780000000000655,0.04,0.0,1.0,1.0,13,4,8.0,2024
2024-09-05 13:01:00+00:00|0.0|S23B_B_pb0.1_eff0.60_h180_tp0.6_sl0.65,2024-09-05 13:01:00+00:00,STAGE28B,data/reports/stage28b_ml_meta_feature_screen/stage28b_normalized_lineage_trades.csv,london_oneway_continuation,S23B_B_pb0.1_eff0.60_h180_tp0.6_sl0.65,2.128,1.0780000000000003,0.3780000000000005,1,1,1,0,1.0780000000000003,28.620000000000346,4.880000000000109,0.0881147540983251,23.40999999999985,0.8821016659547296,2.519999999999982,4.613000000000056,0.132,0.0,1.0,1.0,13,3,9.0,2024
2024-09-20 13:01:00+00:00|0.0|S23B_B_pb0.1_eff0.60_h180_tp0.6_sl0.65,2024-09-20 13:01:00+00:00,STAGE28B,data/reports/stage28b_ml_meta_feature_screen/stage28b_normalized_lineage_trades.csv,london_oneway_continuation,S23B_B_pb0.1_eff0.60_h180_tp0.6_sl0.65,2.61186,1.5618600000000002,0.8618600000000005,1,1,1,0,1.5618600000000002,43.78999999999997,8.75,0.411428571428561,21.41999999999961,0.6984126984127126,8.039999999999964,5.049000000000047,0.416,0.0,1.0,1.0,13,4,9.0,2024
2024-10-01 13:01:00+00:00|0.0|S23B_B_pb0.1_eff0.60_h180_tp0.6_sl0.65,2024-10-01 13:01:00+00:00,STAGE28B,data/reports/stage28b_ml_meta_feature_screen/stage28b_normalized_lineage_trades.csv,london_oneway_continuation,S23B_B_pb0.1_eff0.60_h180_tp0.6_sl0.65,1.89829,0.84829,0.1482900000000002,1,1,1,0,0.84829,41.48000000000002,7.730000000000018,0.3842173350582468,11.840000000000146,0.9045608108108028,3.9400000000000546,4.787000000000035,0.108,0.0,0.0,1.0,13,1,10.0,2024
2024-10-11 13:01:00+00:00|0.0|S23B_B_pb0.1_eff0.60_h180_tp0.6_sl0.65,2024-10-11 13:01:00+00:00,STAGE28B,data/reports/stage28b_ml_meta_feature_screen/stage28b_normalized_lineage_trades.csv,london_oneway_continuation,S23B_B_pb0.1_eff0.60_h180_tp0.6_sl0.65,-3.75182,-4.801819999999999,-5.50182,0,0,0,1,4.801819999999999,25.800000000000185,17.980000000000018,0.9566184649610568,10.989999999999782,0.6960873521383296,5.529999999999745,6.082500000000005,0.34,0.0,0.0,1.0,13,4,10.0,2024
2024-10-24 13:01:00+00:00|0.0|S23B_B_pb0.1_eff0.60_h180_tp0.6_sl0.65,2024-10-24 13:01:00+00:00,STAGE28B,data/reports/stage28b_ml_meta_feature_screen/stage28b_normalized_lineage_trades.csv,london_oneway_continuation,S23B_B_pb0.1_eff0.60_h180_tp0.6_sl0.65,2.22871,1.17871,0.4787100000000004,1,1,1,0,1.17871,49.92000000000007,12.279999999999744,0.3957654723127221,16.420000000000073,0.8361753958587063,3.230000000000018,5.922000000000049,0.54,0.0,0.0,1.0,13,3,10.0,2024
2024-11-21 13:01:00+00:00|0.0|S23B_B_pb0.1_eff0.60_h180_tp0.6_sl0.65,2024-11-21 13:01:00+00:00,STAGE28B,data/reports/stage28b_ml_meta_feature_screen/stage28b_normalized_lineage_trades.csv,london_oneway_continuation,S23B_B_pb0.1_eff0.60_h180_tp0.6_sl0.65,2.97057,1.92057,1.2205700000000004,1,1,1,0,1.92057,36.64000000000033,11.610000000000127,0.418604651162797,17.059999999999945,0.759671746776089,5.239999999999782,5.6704999999999925,0.084,0.0,1.0,1.0,13,3,11.0,2024
2024-11-28 13:01:00+00:00|0.0|S23B_B_pb0.1_eff0.60_h180_tp0.6_sl0.65,2024-11-28 13:01:00+00:00,STAGE28B,data/reports/stage28b_ml_meta_feature_screen/stage28b_normalized_lineage_trades.csv,london_oneway_continuation,S23B_B_pb0.1_eff0.60_h180_tp0.6_sl0.65,-4.149249999999999,-5.199249999999999,-5.899249999999999,0,0,0,1,5.199249999999999,31.329999999999927,17.48999999999978,0.3339050886220822,19.41000000000031,0.8377125193199126,4.7400000000002365,6.230499999999961,0.248,0.0,1.0,1.0,13,3,11.0,2024
2025-01-10 13:01:00+00:00|0.0|S23B_B_pb0.1_eff0.60_h180_tp0.6_sl0.65,2025-01-10 13:01:00+00:00,STAGE28B,data/reports/stage28b_ml_meta_feature_screen/stage28b_normalized_lineage_trades.csv,london_oneway_continuation,S23B_B_pb0.1_eff0.60_h180_tp0.6_sl0.65,-2.60086,-3.65086,-4.350859999999999,0,0,0,1,3.65086,22.809999999999945,6.349999999999909,0.2913385826771552,11.099999999999907,0.827027027027019,4.360000000000127,3.888499999999931,0.008,0.0,1.0,1.0,13,4,1.0,2025
2025-01-14 13:01:00+00:00|0.0|S23B_B_pb0.1_eff0.60_h180_tp0.6_sl0.65,2025-01-14 13:01:00+00:00,STAGE28B,data/reports/stage28b_ml_meta_feature_screen/stage28b_normalized_lineage_trades.csv,london_oneway_continuation,S23B_B_pb0.1_eff0.60_h180_tp0.6_sl0.65,-3.62229,-4.67229,-5.37229,0,0,0,1,4.67229,36.73000000000002,12.5300000000002,0.4333599361532123,10.629999999999654,0.644402634054575,4.190000000000055,5.336000000000013,0.32,0.0,1.0,1.0,13,1,1.0,2025
2025-02-03 13:01:00+00:00|0.0|S23B_B_pb0.1_eff0.60_h180_tp0.6_sl0.65,2025-02-03 13:01:00+00:00,STAGE28B,data/reports/stage28b_ml_meta_feature_screen/stage28b_normalized_lineage_trades.csv,london_oneway_continuation,S23B_B_pb0.1_eff0.60_h180_tp0.6_sl0.65,4.68271,3.63271,2.93271,1,1,1,0,3.63271,20.69999999999981,31.9699999999998,0.375664685642785,20.809999999999945,0.8279673234022136,7.130000000000109,9.304999999999973,0.984,0.0,0.0,1.0,13,0,2.0,2025
2025-03-04 13:01:00+00:00|0.0|S23B_B_pb0.1_eff0.60_h180_tp0.6_sl0.65,2025-03-04 13:01:00+00:00,STAGE28B,data/reports/stage28b_ml_meta_feature_screen/stage28b_normalized_lineage_trades.csv,london_oneway_continuation,S23B_B_pb0.1_eff0.60_h180_tp0.6_sl0.65,4.48643,3.43643,2.7364300000000004,1,1,1,0,3.43643,39.940000000000055,11.83999999999969,0.0337837837837539,36.98000000000002,0.6311519740400252,5.980000000000018,8.387000000000011,0.664,0.0,1.0,1.0,13,1,3.0,2025
2025-03-07 13:01:00+00:00|0.0|S23B_B_pb0.1_eff0.60_h180_tp0.6_sl0.65,2025-03-07 13:01:00+00:00,STAGE28B,data/reports/stage28b_ml_meta_feature_screen/stage28b_normalized_lineage_trades.csv,london_oneway_continuation,S23B_B_pb0.1_eff0.60_h180_tp0.6_sl0.65,3.38929,2.33929,1.6392900000000004,1,1,1,0,2.33929,35.41000000000031,18.309999999999945,0.1982523211359978,16.63000000000011,0.6806975345760454,4.809999999999945,7.198499999999944,0.136,0.0,0.0,1.0,13,4,3.0,2025
2025-03-17 13:01:00+00:00|0.0|S23B_B_pb0.1_eff0.60_h180_tp0.6_sl0.65,2025-03-17 13:01:00+00:00,STAGE28B,data/reports/stage28b_ml_meta_feature_screen/stage28b_normalized_lineage_trades.csv,london_oneway_continuation,S23B_B_pb0.1_eff0.60_h180_tp0.6_sl0.65,-3.84932,-4.89932,-5.59932,0,0,0,1,4.89932,10.909999999999854,11.659999999999854,0.1449399656946891,17.420000000000073,0.9466130884041168,4.769999999999982,5.485999999999967,0.024,0.0,1.0,1.0,13,0,3.0,2025
2025-03-20 13:01:00+00:00|0.0|S23B_B_pb0.1_eff0.60_h180_tp0.6_sl0.65,2025-03-20 13:01:00+00:00,STAGE28B,data/reports/stage28b_ml_meta_feature_screen/stage28b_normalized_lineage_trades.csv,london_oneway_continuation,S23B_B_pb0.1_eff0.60_h180_tp0.6_sl0.65,3.74543,2.6954300000000004,1.9954300000000007,1,1,1,0,2.6954300000000004,29.17999999999984,12.38000000000011,0.4491114701130773,28.14999999999964,0.6600355239786916,16.08999999999969,7.208000000000015,0.528,0.0,0.0,1.0,13,3,3.0,2025
2025-04-30 13:01:00+00:00|0.0|S23B_B_pb0.1_eff0.60_h180_tp0.6_sl0.65,2025-04-30 13:01:00+00:00,STAGE28B,data/reports/stage28b_ml_meta_feature_screen/stage28b_normalized_lineage_trades.csv,london_oneway_continuation,S23B_B_pb0.1_eff0.60_h180_tp0.6_sl0.65,6.17286,5.122859999999999,4.42286,1,1,1,0,5.122859999999999,48.690000000000055,24.269999999999985,0.5937371240214201,39.57999999999993,0.7271349166245528,11.799999999999727,11.332499999999936,0.14,0.0,1.0,1.0,13,2,4.0,2025
2025-05-05 13:01:00+00:00|0.0|S23B_B_pb0.1_eff0.60_h180_tp0.6_sl0.65,2025-05-05 13:01:00+00:00,STAGE28B,data/reports/stage28b_ml_meta_feature_screen/stage28b_normalized_lineage_trades.csv,london_oneway_continuation,S23B_B_pb0.1_eff0.60_h180_tp0.6_sl0.65,7.32957,6.27957,5.57957,1,1,1,0,6.27957,7.070000000000164,34.75,0.4330935251798483,55.36000000000013,0.9750722543352582,26.809999999999945,13.4650000000001,0.28,0.0,1.0,1.0,13,0,5.0,2025
2025-06-05 13:01:00+00:00|0.0|S23B_B_pb0.1_eff0.60_h180_tp0.6_sl0.65,2025-06-05 13:01:00+00:00,STAGE28B,data/reports/stage28b_ml_meta_feature_screen/stage28b_normalized_lineage_trades.csv,london_oneway_continuation,S23B_B_pb0.1_eff0.60_h180_tp0.6_sl0.65,4.86571,3.81571,3.11571,1,1,1,0,3.81571,40.88999999999987,15.769999999999982,0.2441344324667034,30.279999999999745,0.6647952443857423,17.199999999999818,9.147000000000002,0.148,0.0,1.0,1.0,13,3,6.0,2025
2025-07-01 13:01:00+00:00|0.0|S23B_B_pb0.1_eff0.60_h180_tp0.6_sl0.65,2025-07-01 13:01:00+00:00,STAGE28B,data/reports/stage28b_ml_meta_feature_screen/stage28b_normalized_lineage_trades.csv,london_oneway_continuation,S23B_B_pb0.1_eff0.60_h180_tp0.6_sl0.65,3.89714,2.84714,2.1471400000000003,1,1,1,0,2.84714,63.93000000000029,20.279999999999745,0.4817554240631215,29.08999999999969,0.8446201443795108,9.88000000000011,7.409500000000071,0.072,0.0,1.0,1.0,13,1,7.0,2025
2025-07-14 13:01:00+00:00|0.0|S23B_B_pb0.1_eff0.60_h180_tp0.6_sl0.65,2025-07-14 13:01:00+00:00,STAGE28B,data/reports/stage28b_ml_meta_feature_screen/stage28b_normalized_lineage_trades.csv,london_oneway_continuation,S23B_B_pb0.1_eff0.60_h180_tp0.6_sl0.65,-5.544429999999999,-6.594429999999999,-7.294429999999999,0,0,0,1,6.594429999999999,11.590000000000146,20.13999999999988,0.6156901688182805,21.2199999999998,0.6291234684260363,6.230000000000018,7.844500000000039,0.504,0.0,1.0,1.0,13,0,7.0,2025
2025-07-15 13:01:00+00:00|0.0|S23B_B_pb0.1_eff0.60_h180_tp0.6_sl0.65,2025-07-15 13:01:00+00:00,STAGE28B,data/reports/stage28b_ml_meta_feature_screen/stage28b_normalized_lineage_trades.csv,london_oneway_continuation,S23B_B_pb0.1_eff0.60_h180_tp0.6_sl0.65,3.01343,1.96343,1.2634300000000005,1,1,1,0,1.96343,34.059999999999945,17.06999999999971,0.7158758055067641,9.0,0.6077777777777555,6.110000000000127,5.974000000000046,0.04,0.0,0.0,1.0,13,1,7.0,2025
2025-07-21 13:01:00+00:00|0.0|S23B_B_pb0.1_eff0.60_h180_tp0.6_sl0.65,2025-07-21 13:01:00+00:00,STAGE28B,data/reports/stage28b_ml_meta_feature_screen/stage28b_normalized_lineage_trades.csv,london_oneway_continuation,S23B_B_pb0.1_eff0.60_h180_tp0.6_sl0.65,3.20886,2.15886,1.4588600000000005,1,1,1,0,2.15886,5.199999999999818,13.569999999999707,0.257184966838604,20.029999999999745,0.7393909136295623,3.5900000000001455,5.412499999999886,0.004,0.0,0.0,1.0,13,0,7.0,2025
2025-08-05 13:01:00+00:00|0.0|S23B_B_pb0.1_eff0.60_h180_tp0.6_sl0.65,2025-08-05 13:01:00+00:00,STAGE28B,data/reports/stage28b_ml_meta_feature_screen/stage28b_normalized_lineage_trades.csv,london_oneway_continuation,S23B_B_pb0.1_eff0.60_h180_tp0.6_sl0.65,3.23329,2.18329,1.4832900000000002,1,1,1,0,2.18329,40.25999999999976,10.429999999999836,0.2550335570470135,16.519999999999982,0.7481840193704686,7.330000000000382,5.739000000000033,0.016,0.0,0.0,1.0,13,1,8.0,2025
2025-09-08 13:01:00+00:00|0.0|S23B_B_pb0.1_eff0.60_h180_tp0.6_sl0.65,2025-09-08 13:01:00+00:00,STAGE28B,data/reports/stage28b_ml_meta_feature_screen/stage28b_normalized_lineage_trades.csv,london_oneway_continuation,S23B_B_pb0.1_eff0.60_h180_tp0.6_sl0.65,5.509860000000001,4.459860000000001,3.7598600000000006,1,1,1,0,4.459860000000001,18.25,18.559999999999945,0.468211206896556,37.67999999999984,0.8017515923566924,6.2599999999997635,9.490000000000032,0.636,0.0,1.0,1.0,13,0,9.0,2025
2025-10-21 13:01:00+00:00|0.0|S23B_B_pb0.1_eff0.60_h180_tp0.6_sl0.65,2025-10-21 13:01:00+00:00,STAGE28B,data/reports/stage28b_ml_meta_feature_screen/stage28b_normalized_lineage_trades.csv,london_oneway_continuation,S23B_B_pb0.1_eff0.60_h180_tp0.6_sl0.65,15.46386,14.41386,13.71386,1,1,1,0,14.41386,162.71999999999937,42.36000000000058,0.4952785646836467,102.25,0.796479217603908,23.349999999999454,24.80199999999986,0.836,0.0,0.0,1.0,13,1,10.0,2025
2025-11-14 13:01:00+00:00|0.0|S23B_B_pb0.1_eff0.60_h180_tp0.6_sl0.65,2025-11-14 13:01:00+00:00,STAGE28B,data/reports/stage28b_ml_meta_feature_screen/stage28b_normalized_lineage_trades.csv,london_oneway_continuation,S23B_B_pb0.1_eff0.60_h180_tp0.6_sl0.65,10.70929,9.65929,8.959290000000001,1,1,1,0,9.65929,100.11999999999988,41.19999999999982,0.4191747572815438,44.849999999999454,0.7906354515050271,11.11999999999989,18.576999999999863,0.792,0.0,1.0,1.0,13,4,11.0,2025
2025-12-12 13:01:00+00:00|0.0|S23B_B_pb0.1_eff0.60_h180_tp0.6_sl0.65,2025-12-12 13:01:00+00:00,STAGE28B,data/reports/stage28b_ml_meta_feature_screen/stage28b_normalized_lineage_trades.csv,london_oneway_continuation,S23B_B_pb0.1_eff0.60_h180_tp0.6_sl0.65,6.36057,5.31057,4.61057,1,1,1,0,5.31057,81.61000000000058,18.800000000000185,0.5281914893616642,64.73999999999978,0.9800741427247596,16.06999999999971,13.740999999999985,0.576,0.0,1.0,1.0,13,4,12.0,2025
2026-03-03 13:01:00+00:00|0.0|S23B_B_pb0.1_eff0.60_h180_tp0.6_sl0.65,2026-03-03 13:01:00+00:00,STAGE28B,data/reports/stage28b_ml_meta_feature_screen/stage28b_normalized_lineage_trades.csv,london_oneway_continuation,S23B_B_pb0.1_eff0.60_h180_tp0.6_sl0.65,28.28371,27.23371,26.53371,1,1,1,0,27.23371,158.2599999999993,50.46000000000004,0.2964724534284587,140.09999999999943,0.804354032833697,49.88000000000011,34.52399999999993,0.972,0.0,1.0,1.0,13,1,3.0,2026
2026-03-06 13:01:00+00:00|0.0|S23B_B_pb0.1_eff0.60_h180_tp0.6_sl0.65,2026-03-06 13:01:00+00:00,STAGE28B,data/reports/stage28b_ml_meta_feature_screen/stage28b_normalized_lineage_trades.csv,london_oneway_continuation,S23B_B_pb0.1_eff0.60_h180_tp0.6_sl0.65,13.41529,12.36529,11.66529,1,1,1,0,12.36529,143.6899999999996,76.73999999999978,0.5422204847537111,54.25,0.6733640552995345,16.86999999999989,26.763000000000012,0.572,0.0,1.0,1.0,13,4,3.0,2026
2026-05-04 13:01:00+00:00|0.0|S23B_B_pb0.1_eff0.60_h180_tp0.6_sl0.65,2026-05-04 13:01:00+00:00,STAGE28B,data/reports/stage28b_ml_meta_feature_screen/stage28b_normalized_lineage_trades.csv,london_oneway_continuation,S23B_B_pb0.1_eff0.60_h180_tp0.6_sl0.65,10.36257,9.31257,8.61257,1,1,1,0,9.31257,16.889999999999418,38.17999999999938,0.099790466212665,42.73999999999978,0.933317735142736,11.859999999999673,16.141499999999816,0.296,0.0,1.0,1.0,13,0,5.0,2026
2026-05-20 13:01:00+00:00|0.0|S23B_B_pb0.1_eff0.60_h180_tp0.6_sl0.65,2026-05-20 13:01:00+00:00,STAGE28B,data/reports/stage28b_ml_meta_feature_screen/stage28b_normalized_lineage_trades.csv,london_oneway_continuation,S23B_B_pb0.1_eff0.60_h180_tp0.6_sl0.65,10.66,9.61,8.91,1,1,1,0,9.61,124.22000000000024,55.14000000000033,0.3741385564018858,34.54999999999927,0.6208393632416865,18.210000000000036,18.370500000000085,0.32,0.0,0.0,1.0,13,2,5.0,2026
2022-07-26 13:00:00+00:00|-1.0|hr_london_follow_h13_lq35_pq10_c00_tp06_sl065,2022-07-26 13:00:00+00:00,STAGE29A,data/reports/stage29a_high_range_regime_continuation_discovery/stage29a_exact_trades.csv,high_range_london_continuation_v1,hr_london_follow_h13_lq35_pq10_c00_tp06_sl065,-1.494974999999931,-2.544974999999931,-3.244974999999931,0,0,0,0,2.544974999999931,21.46000000000004,10.149999999999864,0.5320197044335137,8.980000000000018,0.4432071269487762,5.529999999999973,3.3735000000000013,0.132,-1.0,,,13,1,7.0,2022
2022-07-27 13:00:00+00:00|1.0|hr_london_follow_h13_lq35_pq10_c00_tp06_sl065,2022-07-27 13:00:00+00:00,STAGE29A,data/reports/stage29a_high_range_regime_continuation_discovery/stage29a_exact_trades.csv,high_range_london_continuation_v1,hr_london_follow_h13_lq35_pq10_c00_tp06_sl065,0.7734999999999218,-0.2765000000000781,-0.976500000000078,0,0,0,0,0.2765000000000781,14.579999999999927,4.2999999999999545,0.34883720930232925,11.460000000000036,0.47382198952878,3.0800000000001546,3.018999999999983,0.036,1.0,,,13,2,7.0,2022
2022-07-28 13:00:00+00:00|1.0|hr_london_follow_h13_lq35_pq10_c00_tp06_sl065,2022-07-28 13:00:00+00:00,STAGE29A,data/reports/stage29a_high_range_regime_continuation_discovery/stage29a_exact_trades.csv,high_range_london_continuation_v1,hr_london_follow_h13_lq35_pq10_c00_tp06_sl065,-1.933075000000008,-2.983075000000008,-3.683075000000008,0,0,0,0,2.983075000000008,28.66000000000008,7.730000000000018,0.18111254851230113,13.089999999999918,0.32773109243697407,6.100000000000136,4.770500000000004,0.708,1.0,,,13,3,7.0,2022
2022-08-09 13:00:00+00:00|1.0|hr_london_follow_h13_lq35_pq10_c00_tp06_sl065,2022-08-09 13:00:00+00:00,STAGE29A,data/reports/stage29a_high_range_regime_continuation_discovery/stage29a_exact_trades.csv,high_range_london_continuation_v1,hr_london_follow_h13_lq35_pq10_c00_tp06_sl065,-1.7539999999999965,-2.8039999999999963,-3.503999999999996,0,0,0,0,2.8039999999999963,19.449999999999815,7.440000000000055,0.3360215053763416,9.8599999999999,0.5324543610547722,3.9600000000000364,3.273000000000002,0.064,1.0,,,13,1,8.0,2022
2022-08-18 13:00:00+00:00|1.0|hr_london_follow_h13_lq35_pq10_c00_tp06_sl065,2022-08-18 13:00:00+00:00,STAGE29A,data/reports/stage29a_high_range_regime_continuation_discovery/stage29a_exact_trades.csv,high_range_london_continuation_v1,hr_london_follow_h13_lq35_pq10_c00_tp06_sl065,-1.3373499999998786,-2.3873499999998784,-3.087349999999878,0,0,0,0,2.3873499999998784,22.449999999999815,5.760000000000218,0.032986111111119334,8.139999999999873,0.7960687960688108,3.6799999999998363,3.254999999999984,0.184,1.0,,,13,3,8.0,2022
2022-08-26 13:00:00+00:00|-1.0|hr_london_follow_h13_lq35_pq10_c00_tp06_sl065,2022-08-26 13:00:00+00:00,STAGE29A,data/reports/stage29a_high_range_regime_continuation_discovery/stage29a_exact_trades.csv,high_range_london_continuation_v1,hr_london_follow_h13_lq35_pq10_c00_tp06_sl065,-1.6032000000001063,-2.653200000000106,-3.353200000000106,0,0,0,0,2.653200000000106,15.519999999999982,6.579999999999927,0.03647416413374039,9.5,0.804210526315776,3.2200000000000273,2.849499999999955,0.044,-1.0,,,13,4,8.0,2022
2022-08-30 13:00:00+00:00|-1.0|hr_london_follow_h13_lq35_pq10_c00_tp06_sl065,2022-08-30 13:00:00+00:00,STAGE29A,data/reports/stage29a_high_range_regime_continuation_discovery/stage29a_exact_trades.csv,high_range_london_continuation_v1,hr_london_follow_h13_lq35_pq10_c00_tp06_sl065,-1.7689499999999954,-2.818949999999995,-3.518949999999995,0,0,0,0,2.818949999999995,25.17999999999984,6.619999999999891,0.38670694864051586,8.840000000000146,0.07352941176468925,3.310000000000173,3.280000000000007,0.292,-1.0,,,13,1,8.0,2022
2022-09-09 13:00:00+00:00|1.0|hr_london_follow_h13_lq35_pq10_c00_tp06_sl065,2022-09-09 13:00:00+00:00,STAGE29A,data/reports/stage29a_high_range_regime_continuation_discovery/stage29a_exact_trades.csv,high_range_london_continuation_v1,hr_london_follow_h13_lq35_pq10_c00_tp06_sl065,0.9864999999998872,-0.0635000000001126,-0.7635000000001124,0,0,0,0,0.0635000000001126,24.13000000000011,12.230000000000018,0.821749795584623,11.269999999999982,0.7080745341614935,3.6900000000000546,3.5004999999999997,0.264,1.0,,,13,4,9.0,2022
2022-09-16 13:00:00+00:00|-1.0|hr_london_follow_h13_lq35_pq10_c00_tp06_sl065,2022-09-16 13:00:00+00:00,STAGE29A,data/reports/stage29a_high_range_regime_continuation_discovery/stage29a_exact_trades.csv,high_range_london_continuation_v1,hr_london_follow_h13_lq35_pq10_c00_tp06_sl065,-1.979875000000084,-3.029875000000084,-3.7298750000000833,0,0,0,0,3.029875000000084,37.89999999999986,6.4500000000000455,0.26976744186046464,12.11999999999989,0.3902640264026453,7.3599999999999,5.310999999999979,0.928,-1.0,,,13,4,9.0,2022
2022-09-19 13:00:00+00:00|-1.0|hr_london_follow_h13_lq35_pq10_c00_tp06_sl065,2022-09-19 13:00:00+00:00,STAGE29A,data/reports/stage29a_high_range_regime_continuation_discovery/stage29a_exact_trades.csv,high_range_london_continuation_v1,hr_london_follow_h13_lq35_pq10_c00_tp06_sl065,-1.8128250000000663,-2.862825000000066,-3.562825000000066,0,0,0,0,2.862825000000066,4.819999999999936,11.710000000000036,0.7856532877882166,10.049999999999956,0.5353233830845677,2.759999999999991,4.4565000000000055,0.692,-1.0,,,13,0,9.0,2022
2022-09-20 13:00:00+00:00|-1.0|hr_london_follow_h13_lq35_pq10_c00_tp06_sl065,2022-09-20 13:00:00+00:00,STAGE29A,data/reports/stage29a_high_range_regime_continuation_discovery/stage29a_exact_trades.csv,high_range_london_continuation_v1,hr_london_follow_h13_lq35_pq10_c00_tp06_sl065,-1.6984249999999066,-2.7484249999999064,-3.448424999999906,0,0,0,0,2.7484249999999064,20.230000000000015,6.029999999999973,0.2338308457711212,10.629999999999882,0.8701787394167547,3.6799999999998363,3.3575000000000044,0.092,-1.0,,,13,1,9.0,2022
2022-09-21 13:00:00+00:00|1.0|hr_london_follow_h13_lq35_pq10_c00_tp06_sl065,2022-09-21 13:00:00+00:00,STAGE29A,data/reports/stage29a_high_range_regime_continuation_discovery/stage29a_exact_trades.csv,high_range_london_continuation_v1,hr_london_follow_h13_lq35_pq10_c00_tp06_sl065,-1.8778250000001209,-2.9278250000001207,-3.62782500000012,0,0,0,0,2.9278250000001207,19.49000000000001,4.599999999999909,0.31304347826083817,14.440000000000056,0.6606648199445934,3.990000000000009,3.2250000000000227,0.048,1.0,,,13,2,9.0,2022
2022-09-23 13:00:00+00:00|-1.0|hr_london_follow_h13_lq35_pq10_c00_tp06_sl065,2022-09-23 13:00:00+00:00,STAGE29A,data/reports/stage29a_high_range_regime_continuation_discovery/stage29a_exact_trades.csv,high_range_london_continuation_v1,hr_london_follow_h13_lq35_pq10_c00_tp06_sl065,1.2669999999999615,0.2169999999999619,-0.4830000000000378,1,0,1,0,0.2169999999999619,29.309999999999945,7.279999999999973,0.2967032967033091,21.38000000000011,0.5673526660430225,10.400000000000091,3.988000000000011,0.42,-1.0,,,13,4,9.0,2022
2022-09-27 13:00:00+00:00|1.0|hr_london_follow_h13_lq35_pq10_c00_tp06_sl065,2022-09-27 13:00:00+00:00,STAGE29A,data/reports/stage29a_high_range_regime_continuation_discovery/stage29a_exact_trades.csv,high_range_london_continuation_v1,hr_london_follow_h13_lq35_pq10_c00_tp06_sl065,-1.988650000000098,-3.0386500000000978,-3.7386500000000975,0,0,0,0,3.0386500000000978,28.61999999999989,10.209999999999807,0.36924583741430483,9.63000000000011,0.1921079958463256,4.690000000000055,4.840999999999974,0.476,1.0,,,13,1,9.0,2022
2022-10-04 13:00:00+00:00|1.0|hr_london_follow_h13_lq35_pq10_c00_tp06_sl065,2022-10-04 13:00:00+00:00,STAGE29A,data/reports/stage29a_high_range_regime_continuation_discovery/stage29a_exact_trades.csv,high_range_london_continuation_v1,hr_london_follow_h13_lq35_pq10_c00_tp06_sl065,1.3131999999999606,0.2631999999999608,-0.4368000000000389,1,0,1,0,0.2631999999999608,41.819999999999936,7.339999999999918,0.08446866485012232,13.170000000000073,0.6522399392558748,4.329999999999927,5.523500000000001,0.576,1.0,,,13,1,10.0,2022
2022-10-05 13:00:00+00:00|-1.0|hr_london_follow_h13_lq35_pq10_c00_tp06_sl065,2022-10-05 13:00:00+00:00,STAGE29A,data/reports/stage29a_high_range_regime_continuation_discovery/stage29a_exact_trades.csv,high_range_london_continuation_v1,hr_london_follow_h13_lq35_pq10_c00_tp06_sl065,-2.4095249999998942,-3.459524999999894,-4.159524999999894,0,0,0,1,3.459524999999894,34.200000000000045,8.230000000000018,0.7095990279465255,21.699999999999815,0.5949308755760456,9.069999999999936,5.20849999999997,0.464,-1.0,,,13,2,10.0,2022
2022-10-10 13:00:00+00:00|-1.0|hr_london_follow_h13_lq35_pq10_c00_tp06_sl065,2022-10-10 13:00:00+00:00,STAGE29A,data/reports/stage29a_high_range_regime_continuation_discovery/stage29a_exact_trades.csv,high_range_london_continuation_v1,hr_london_follow_h13_lq35_pq10_c00_tp06_sl065,1.298200000000088,0.2482000000000881,-0.4517999999999116,1,0,1,0,0.2482000000000881,4.789999999999964,12.700000000000044,0.6787401574803039,11.519999999999982,0.7282986111111209,6.5,4.689999999999964,0.344,-1.0,,,13,0,10.0,2022
2022-10-12 13:00:00+00:00|1.0|hr_london_follow_h13_lq35_pq10_c00_tp06_sl065,2022-10-12 13:00:00+00:00,STAGE29A,data/reports/stage29a_high_range_regime_continuation_discovery/stage29a_exact_trades.csv,high_range_london_continuation_v1,hr_london_follow_h13_lq35_pq10_c00_tp06_sl065,-2.074449999999933,-3.1244499999999333,-3.824449999999933,0,0,0,1,3.1244499999999333,22.8900000000001,5.490000000000009,0.14207650273223524,10.549999999999956,0.45118483412322385,4.449999999999818,5.134500000000003,0.58,1.0,,,13,2,10.0,2022
2022-10-13 13:00:00+00:00|1.0|hr_london_follow_h13_lq35_pq10_c00_tp06_sl065,2022-10-13 13:00:00+00:00,STAGE29A,data/reports/stage29a_high_range_regime_continuation_discovery/stage29a_exact_trades.csv,high_range_london_continuation_v1,hr_london_follow_h13_lq35_pq10_c00_tp06_sl065,-1.6145749999999226,-2.6645749999999224,-3.364574999999922,0,0,0,0,2.6645749999999224,16.950000000000045,6.440000000000055,0.669254658385079,10.8900000000001,0.5096418732782281,3.4700000000000273,3.1000000000000454,0.004,1.0,,,13,3,10.0,2022
2022-10-14 13:00:00+00:00|-1.0|hr_london_follow_h13_lq35_pq10_c00_tp06_sl065,2022-10-14 13:00:00+00:00,STAGE29A,data/reports/stage29a_high_range_regime_continuation_discovery/stage29a_exact_trades.csv,high_range_london_continuation_v1,hr_london_follow_h13_lq35_pq10_c00_tp06_sl065,-2.245399999999881,-3.2953999999998813,-3.995399999999881,0,0,0,1,3.2953999999998813,40.01999999999998,11.259999999999993,0.3028419182948565,21.539999999999964,0.7000928505106861,10.539999999999964,5.641999999999996,0.76,-1.0,,,13,4,10.0,2022
2022-10-19 13:00:00+00:00|-1.0|hr_london_follow_h13_lq35_pq10_c00_tp06_sl065,2022-10-19 13:00:00+00:00,STAGE29A,data/reports/stage29a_high_range_regime_continuation_discovery/stage29a_exact_trades.csv,high_range_london_continuation_v1,hr_london_follow_h13_lq35_pq10_c00_tp06_sl065,-2.060800000000063,-3.110800000000063,-3.810800000000063,0,0,0,1,3.110800000000063,15.049999999999956,5.379999999999882,0.6189591078067338,11.819999999999936,0.6142131979695457,3.0499999999999545,3.871999999999969,0.1,-1.0,,,13,2,10.0,2022
2022-10-21 13:00:00+00:00|1.0|hr_london_follow_h13_lq35_pq10_c00_tp06_sl065,2022-10-21 13:00:00+00:00,STAGE29A,data/reports/stage29a_high_range_regime_continuation_discovery/stage29a_exact_trades.csv,high_range_london_continuation_v1,hr_london_follow_h13_lq35_pq10_c00_tp06_sl065,1.1772999999999685,0.1272999999999684,-0.5727000000000313,1,0,0,0,0.1272999999999684,23.12000000000012,7.769999999999982,0.653796653796646,10.059999999999944,0.37872763419482763,5.3900000000001,4.369499999999993,0.416,1.0,,,13,4,10.0,2022
2022-10-24 13:00:00+00:00|-1.0|hr_london_follow_h13_lq35_pq10_c00_tp06_sl065,2022-10-24 13:00:00+00:00,STAGE29A,data/reports/stage29a_high_range_regime_continuation_discovery/stage29a_exact_trades.csv,high_range_london_continuation_v1,hr_london_follow_h13_lq35_pq10_c00_tp06_sl065,1.3003000000000156,0.2503000000000157,-0.449699999999984,1,0,1,0,0.2503000000000157,5.759999999999991,18.470000000000027,0.2793719545208363,14.289999999999964,0.33519944016794795,4.5499999999999545,6.571999999999991,0.896,-1.0,,,13,0,10.0,2022
2022-10-25 13:00:00+00:00|-1.0|hr_london_follow_h13_lq35_pq10_c00_tp06_sl065,2022-10-25 13:00:00+00:00,STAGE29A,data/reports/stage29a_high_range_regime_continuation_discovery/stage29a_exact_trades.csv,high_range_london_continuation_v1,hr_london_follow_h13_lq35_pq10_c00_tp06_sl065,-1.7088250000000245,-2.7588250000000243,-3.458825000000024,0,0,0,0,2.7588250000000243,26.539999999999964,7.680000000000064,0.032552083333333065,13.129999999999882,0.885757806549902,4.970000000000027,3.6740000000000235,0.06,-1.0,,,13,1,10.0,2022
2022-10-28 13:00:00+00:00|-1.0|hr_london_follow_h13_lq35_pq10_c00_tp06_sl065,2022-10-28 13:00:00+00:00,STAGE29A,data/reports/stage29a_high_range_regime_continuation_discovery/stage29a_exact_trades.csv,high_range_london_continuation_v1,hr_london_follow_h13_lq35_pq10_c00_tp06_sl065,1.1655999999999491,0.1155999999999495,-0.5844000000000502,1,0,0,0,0.1155999999999495,15.939999999999827,6.419999999999845,0.39408099688474046,18.899999999999864,0.7962962962962996,4.789999999999964,4.1019999999999985,0.232,-1.0,,,13,4,10.0,2022
2022-11-01 13:00:00+00:00|1.0|hr_london_follow_h13_lq35_pq10_c00_tp06_sl065,2022-11-01 13:00:00+00:00,STAGE29A,data/reports/stage29a_high_range_regime_continuation_discovery/stage29a_exact_trades.csv,high_range_london_continuation_v1,hr_london_follow_h13_lq35_pq10_c00_tp06_sl065,-1.973375000000124,-3.023375000000124,-3.7233750000001233,0,0,0,0,3.023375000000124,13.779999999999973,9.440000000000056,0.5889830508474484,15.150000000000093,0.8686468646864538,2.990000000000009,3.5405000000000313,0.048,1.0,,,13,1,11.0,2022
2022-11-03 13:00:00+00:00|-1.0|hr_london_follow_h13_lq35_pq10_c00_tp06_sl065,2022-11-03 13:00:00+00:00,STAGE29A,data/reports/stage29a_high_range_regime_continuation_discovery/stage29a_exact_trades.csv,high_range_london_continuation_v1,hr_london_follow_h13_lq35_pq10_c00_tp06_sl065,1.2013000000000829,0.151300000000083,-0.5486999999999167,1,0,0,0,0.151300000000083,37.6099999999999,9.11999999999989,0.2971491228070251,18.699999999999815,0.8711229946524129,4.6099999999999,5.437499999999955,0.888,-1.0,,,13,3,11.0,2022
2022-11-04 13:00:00+00:00|1.0|hr_london_follow_h13_lq35_pq10_c00_tp06_sl065,2022-11-04 13:00:00+00:00,STAGE29A,data/reports/stage29a_high_range_regime_continuation_discovery/stage29a_exact_trades.csv,high_range_london_continuation_v1,hr_london_follow_h13_lq35_pq10_c00_tp06_sl065,-2.095574999999917,-3.145574999999917,-3.8455749999999167,0,0,0,1,3.145574999999917,24.37999999999988,18.419999999999845,0.9799131378935997,8.700000000000045,0.3218390804597632,6.6099999999999,3.9944999999999937,0.284,1.0,,,13,4,11.0,2022
2022-11-09 13:00:00+00:00|1.0|hr_london_follow_h13_lq35_pq10_c00_tp06_sl065,2022-11-09 13:00:00+00:00,STAGE29A,data/reports/stage29a_high_range_regime_continuation_discovery/stage29a_exact_trades.csv,high_range_london_continuation_v1,hr_london_follow_h13_lq35_pq10_c00_tp06_sl065,-1.893100000000095,-2.943100000000095,-3.643100000000095,0,0,0,0,2.943100000000095,52.25,6.430000000000064,0.4790046656298793,11.860000000000127,0.023608768971329654,5.019999999999982,5.360500000000013,0.864,1.0,,,13,2,11.0,2022
2022-11-14 13:00:00+00:00|-1.0|hr_london_follow_h13_lq35_pq10_c00_tp06_sl065,2022-11-14 13:00:00+00:00,STAGE29A,data/reports/stage29a_high_range_regime_continuation_discovery/stage29a_exact_trades.csv,high_range_london_continuation_v1,hr_london_follow_h13_lq35_pq10_c00_tp06_sl065,-2.062099999999964,-3.112099999999964,-3.812099999999964,0,0,0,1,3.112099999999964,5.449999999999818,7.4099999999998545,0.29689608636975184,11.839999999999918,0.317567567567569,3.939999999999827,4.200499999999988,0.328,-1.0,,,13,0,11.0,2022
2022-11-23 13:00:00+00:00|1.0|hr_london_follow_h13_lq35_pq10_c00_tp06_sl065,2022-11-23 13:00:00+00:00,STAGE29A,data/reports/stage29a_high_range_regime_continuation_discovery/stage29a_exact_trades.csv,high_range_london_continuation_v1,hr_london_follow_h13_lq35_pq10_c00_tp06_sl065,0.9352000000000316,-0.1147999999999682,-0.814799999999968,0,0,0,0,0.1147999999999682,12.740000000000007,10.009999999999993,0.6253746253746251,12.180000000000064,0.17733990147783832,5.330000000000155,3.4209999999999923,0.116,1.0,,,13,2,11.0,2022
2022-11-28 13:00:00+00:00|1.0|hr_london_follow_h13_lq35_pq10_c00_tp06_sl065,2022-11-28 13:00:00+00:00,STAGE29A,data/reports/stage29a_high_range_regime_continuation_discovery/stage29a_exact_trades.csv,high_range_london_continuation_v1,hr_london_follow_h13_lq35_pq10_c00_tp06_sl065,-1.873924999999963,-2.923924999999963,-3.6239249999999625,0,0,0,0,2.923924999999963,5.539999999999964,9.789999999999964,0.06230847803880513,15.220000000000027,0.6005256241787177,3.259999999999991,4.301499999999976,0.632,1.0,,,13,0,11.0,2022
2022-11-30 13:00:00+00:00|1.0|hr_london_follow_h13_lq35_pq10_c00_tp06_sl065,2022-11-30 13:00:00+00:00,STAGE29A,data/reports/stage29a_high_range_regime_continuation_discovery/stage29a_exact_trades.csv,high_range_london_continuation_v1,hr_london_follow_h13_lq35_pq10_c00_tp06_sl065,0.7779999999999291,-0.2720000000000708,-0.9720000000000706,0,0,0,0,0.2720000000000708,19.48999999999978,7.899999999999864,0.6734177215190197,10.210000000000036,0.4338883447600216,4.7000000000000455,3.161500000000001,0.132,1.0,,,13,2,11.0,2022
2022-12-09 13:00:00+00:00|-1.0|hr_london_follow_h13_lq35_pq10_c00_tp06_sl065,2022-12-09 13:00:00+00:00,STAGE29A,data/reports/stage29a_high_range_regime_continuation_discovery/stage29a_exact_trades.csv,high_range_london_continuation_v1,hr_london_follow_h13_lq35_pq10_c00_tp06_sl065,-1.5505500000000212,-2.600550000000021,-3.3005500000000207,0,0,0,0,2.600550000000021,13.490000000000007,8.980000000000018,0.8006681514476406,8.789999999999964,0.2229806598407073,2.1400000000001,3.091500000000019,0.08,-1.0,,,13,4,12.0,2022
2022-12-16 13:00:00+00:00|1.0|hr_london_follow_h13_lq35_pq10_c00_tp06_sl065,2022-12-16 13:00:00+00:00,STAGE29A,data/reports/stage29a_high_range_regime_continuation_discovery/stage29a_exact_trades.csv,high_range_london_continuation_v1,hr_london_follow_h13_lq35_pq10_c00_tp06_sl065,-1.989949999999999,-3.039949999999999,-3.739949999999999,0,0,0,0,3.039949999999999,34.799999999999955,8.639999999999873,0.2685185185185414,10.599999999999907,0.1849056603773635,3.9300000000000637,3.8604999999999903,0.368,1.0,,,13,4,12.0,2022
2022-12-20 13:00:00+00:00|1.0|hr_london_follow_h13_lq35_pq10_c00_tp06_sl065,2022-12-20 13:00:00+00:00,STAGE29A,data/reports/stage29a_high_range_regime_continuation_discovery/stage29a_exact_trades.csv,high_range_london_continuation_v1,hr_london_follow_h13_lq35_pq10_c00_tp06_sl065,-2.0152999999998884,-3.065299999999888,-3.765299999999888,0,0,0,1,3.065299999999888,15.0,11.589999999999918,0.2683347713546289,20.91000000000008,0.7723577235772371,2.599999999999909,4.288999999999999,0.6,1.0,,,13,1,12.0,2022
2022-12-30 13:00:00+00:00|1.0|hr_london_follow_h13_lq35_pq10_c00_tp06_sl065,2022-12-30 13:00:00+00:00,STAGE29A,data/reports/stage29a_high_range_regime_continuation_discovery/stage29a_exact_trades.csv,high_range_london_continuation_v1,hr_london_follow_h13_lq35_pq10_c00_tp06_sl065,0.7038999999998851,-0.3461000000001148,-1.0461000000001146,0,0,0,0,0.3461000000001148,16.450000000000045,5.330000000000155,0.13320825515947762,8.910000000000082,0.043771043771029076,3.2999999999999545,2.982000000000005,0.04,1.0,,,13,4,12.0,2022
2023-01-03 13:00:00+00:00|-1.0|hr_london_follow_h13_lq35_pq10_c00_tp06_sl065,2023-01-03 13:00:00+00:00,STAGE29A,data/reports/stage29a_high_range_regime_continuation_discovery/stage29a_exact_trades.csv,high_range_london_continuation_v1,hr_london_follow_h13_lq35_pq10_c00_tp06_sl065,-2.4816750000000867,-3.5316750000000865,-4.231675000000086,0,0,0,1,3.5316750000000865,6.660000000000082,19.40000000000009,0.5649484536082466,16.24000000000001,0.3663793103448302,5.650000000000091,5.305000000000007,0.964,-1.0,,,13,1,1.0,2023
2023-01-04 13:00:00+00:00|1.0|hr_london_follow_h13_lq35_pq10_c00_tp06_sl065,2023-01-04 13:00:00+00:00,STAGE29A,data/reports/stage29a_high_range_regime_continuation_discovery/stage29a_exact_trades.csv,high_range_london_continuation_v1,hr_london_follow_h13_lq35_pq10_c00_tp06_sl065,-2.2271999999999026,-3.2771999999999024,-3.977199999999902,0,0,0,1,3.2771999999999024,26.21000000000004,12.019999999999982,0.8460898502495914,20.41000000000008,0.5982361587457122,3.9200000000000728,4.726000000000011,0.76,1.0,,,13,2,1.0,2023
2023-01-18 13:00:00+00:00|1.0|hr_london_follow_h13_lq35_pq10_c00_tp06_sl065,2023-01-18 13:00:00+00:00,STAGE29A,data/reports/stage29a_high_range_regime_continuation_discovery/stage29a_exact_trades.csv,high_range_london_continuation_v1,hr_london_follow_h13_lq35_pq10_c00_tp06_sl065,1.1572000000000116,0.1072000000000117,-0.592799999999988,1,0,0,0,0.1072000000000117,15.2800000000002,13.089999999999918,0.7097020626432408,19.33999999999992,0.7699069286453032,3.7200000000000273,4.592999999999972,0.476,1.0,,,13,2,1.0,2023
2023-01-19 13:00:00+00:00|-1.0|hr_london_follow_h13_lq35_pq10_c00_tp06_sl065,2023-01-19 13:00:00+00:00,STAGE29A,data/reports/stage29a_high_range_regime_continuation_discovery/stage29a_exact_trades.csv,high_range_london_continuation_v1,hr_london_follow_h13_lq35_pq10_c00_tp06_sl065,0.9829000000001088,-0.0670999999998911,-0.7670999999998909,0,0,0,0,0.0670999999998911,29.269999999999985,9.970000000000027,0.29388164493481,10.379999999999882,0.023121387283238135,3.800000000000182,4.57049999999997,0.464,-1.0,,,13,3,1.0,2023
2023-01-26 13:00:00+00:00|-1.0|hr_london_follow_h13_lq35_pq10_c00_tp06_sl065,2023-01-26 13:00:00+00:00,STAGE29A,data/reports/stage29a_high_range_regime_continuation_discovery/stage29a_exact_trades.csv,high_range_london_continuation_v1,hr_london_follow_h13_lq35_pq10_c00_tp06_sl065,1.187800000000061,0.1378000000000612,-0.5621999999999385,1,0,0,0,0.1378000000000612,28.65999999999985,6.610000000000127,0.2632375189107376,15.129999999999882,0.6549900859220198,2.0299999999999727,4.674000000000001,0.468,-1.0,,,13,3,1.0,2023
2023-01-31 13:00:00+00:00|-1.0|hr_london_follow_h13_lq35_pq10_c00_tp06_sl065,2023-01-31 13:00:00+00:00,STAGE29A,data/reports/stage29a_high_range_regime_continuation_discovery/stage29a_exact_trades.csv,high_range_london_continuation_v1,hr_london_follow_h13_lq35_pq10_c00_tp06_sl065,1.0702000000000225,0.0202000000000226,-0.6797999999999771,1,0,0,0,0.0202000000000226,13.839999999999918,8.539999999999964,0.2412177985948424,19.180000000000064,0.7987486965589214,3.8500000000001364,3.6990000000000123,0.06,-1.0,,,13,1,1.0,2023
2023-02-03 13:00:00+00:00|-1.0|hr_london_follow_h13_lq35_pq10_c00_tp06_sl065,2023-02-03 13:00:00+00:00,STAGE29A,data/reports/stage29a_high_range_regime_continuation_discovery/stage29a_exact_trades.csv,high_range_london_continuation_v1,hr_london_follow_h13_lq35_pq10_c00_tp06_sl065,-1.986700000000019,-3.036700000000019,-3.7367000000000186,0,0,0,0,3.036700000000019,48.44999999999982,7.269999999999982,0.13480055020633022,8.599999999999909,0.490697674418613,3.8899999999998727,4.705499999999972,0.42,-1.0,,,13,4,2.0,2023
2023-02-06 13:00:00+00:00|-1.0|hr_london_follow_h13_lq35_pq10_c00_tp06_sl065,2023-02-06 13:00:00+00:00,STAGE29A,data/reports/stage29a_high_range_regime_continuation_discovery/stage29a_exact_trades.csv,high_range_london_continuation_v1,hr_london_follow_h13_lq35_pq10_c00_tp06_sl065,1.2588999999999486,0.2088999999999488,-0.4911000000000509,1,0,1,0,0.2088999999999488,10.089999999999918,18.769999999999985,0.6904635055940357,11.180000000000064,0.549194991055462,2.6000000000001364,5.891500000000008,0.792,-1.0,,,13,0,2.0,2023
2023-02-08 13:00:00+00:00|1.0|hr_london_follow_h13_lq35_pq10_c00_tp06_sl065,2023-02-08 13:00:00+00:00,STAGE29A,data/reports/stage29a_high_range_regime_continuation_discovery/stage29a_exact_trades.csv,high_range_london_continuation_v1,hr_london_follow_h13_lq35_pq10_c00_tp06_sl065,1.4019999999999526,0.3519999999999528,-0.3480000000000469,1,0,1,0,0.3519999999999528,19.3599999999999,7.039999999999964,0.6022727272727316,13.2199999999998,0.2798789712556809,7.430000000000064,6.410499999999968,0.864,1.0,,,13,2,2.0,2023
2023-02-15 13:00:00+00:00|-1.0|hr_london_follow_h13_lq35_pq10_c00_tp06_sl065,2023-02-15 13:00:00+00:00,STAGE29A,data/reports/stage29a_high_range_regime_continuation_discovery/stage29a_exact_trades.csv,high_range_london_continuation_v1,hr_london_follow_h13_lq35_pq10_c00_tp06_sl065,-2.3481000000000223,-3.398100000000022,-4.098100000000022,0,0,0,1,3.398100000000022,27.169999999999845,13.559999999999944,0.5243362831858355,16.019999999999982,0.7771535580524381,3.9500000000000455,5.293000000000006,0.48,-1.0,,,13,2,2.0,2023
2023-02-16 13:00:00+00:00|-1.0|hr_london_follow_h13_lq35_pq10_c00_tp06_sl065,2023-02-16 13:00:00+00:00,STAGE29A,data/reports/stage29a_high_range_regime_continuation_discovery/stage29a_exact_trades.csv,high_range_london_continuation_v1,hr_london_follow_h13_lq35_pq10_c00_tp06_sl065,1.0048000000000683,-0.0451999999999315,-0.7451999999999313,0,0,0,0,0.0451999999999315,29.50999999999999,8.169999999999845,0.3659730722154303,10.549999999999956,0.1184834123222754,3.7999999999999545,4.165999999999985,0.168,-1.0,,,13,3,2.0,2023
2023-02-17 13:00:00+00:00|-1.0|hr_london_follow_h13_lq35_pq10_c00_tp06_sl065,2023-02-17 13:00:00+00:00,STAGE29A,data/reports/stage29a_high_range_regime_continuation_discovery/stage29a_exact_trades.csv,high_range_london_continuation_v1,hr_london_follow_h13_lq35_pq10_c00_tp06_sl065,-2.1505000000000565,-3.2005000000000563,-3.900500000000056,0,0,0,1,3.2005000000000563,17.670000000000073,12.660000000000082,0.5979462875197383,9.319999999999936,0.3508583690987129,3.509999999999991,4.853499999999997,0.416,-1.0,,,13,4,2.0,2023
2023-02-21 13:00:00+00:00|-1.0|hr_london_follow_h13_lq35_pq10_c00_tp06_sl065,2023-02-21 13:00:00+00:00,STAGE29A,data/reports/stage29a_high_range_regime_continuation_discovery/stage29a_exact_trades.csv,high_range_london_continuation_v1,hr_london_follow_h13_lq35_pq10_c00_tp06_sl065,-1.8053499999999527,-2.855349999999953,-3.5553499999999527,0,0,0,0,2.855349999999953,10.169999999999844,6.710000000000036,0.3859910581222253,8.680000000000064,0.6831797235022803,4.170000000000073,2.790499999999986,0.056,-1.0,,,13,1,2.0,2023
2023-03-03 13:00:00+00:00|1.0|hr_london_follow_h13_lq35_pq10_c00_tp06_sl065,2023-03-03 13:00:00+00:00,STAGE29A,data/reports/stage29a_high_range_regime_continuation_discovery/stage29a_exact_trades.csv,high_range_london_continuation_v1,hr_london_follow_h13_lq35_pq10_c00_tp06_sl065,-1.451425000000063,-2.501425000000063,-3.2014250000000626,0,0,0,0,2.501425000000063,8.949999999999818,6.009999999999991,0.09816971713812753,9.990000000000007,0.8508508508508501,2.650000000000091,2.942999999999995,0.076,1.0,,,13,4,3.0,2023
2023-03-10 13:00:00+00:00|1.0|hr_london_follow_h13_lq35_pq10_c00_tp06_sl065,2023-03-10 13:00:00+00:00,STAGE29A,data/reports/stage29a_high_range_regime_continuation_discovery/stage29a_exact_trades.csv,high_range_london_continuation_v1,hr_london_follow_h13_lq35_pq10_c00_tp06_sl065,-1.8245250000000848,-2.874525000000085,-3.5745250000000848,0,0,0,0,2.874525000000085,23.67999999999984,7.129999999999882,0.25385694249649027,8.730000000000018,0.345933562428405,4.080000000000155,3.894500000000039,0.76,1.0,,,13,4,3.0,2023
2023-03-14 13:00:00+00:00|-1.0|hr_london_follow_h13_lq35_pq10_c00_tp06_sl065,2023-03-14 13:00:00+00:00,STAGE29A,data/reports/stage29a_high_range_regime_continuation_discovery/stage29a_exact_trades.csv,high_range_london_continuation_v1,hr_london_follow_h13_lq35_pq10_c00_tp06_sl065,-2.383200000000079,-3.433200000000079,-4.133200000000079,0,0,0,1,3.433200000000079,43.12999999999988,12.549999999999956,0.7274900398406307,12.61999999999989,0.03328050713152528,3.769999999999982,5.18850000000001,0.828,-1.0,,,13,1,3.0,2023
2023-03-16 13:00:00+00:00|1.0|hr_london_follow_h13_lq35_pq10_c00_tp06_sl065,2023-03-16 13:00:00+00:00,STAGE29A,data/reports/stage29a_high_range_regime_continuation_discovery/stage29a_exact_trades.csv,high_range_london_continuation_v1,hr_london_follow_h13_lq35_pq10_c00_tp06_sl065,-2.4514500000001136,-3.5014500000001134,-4.201450000000113,0,0,0,1,3.5014500000001134,51.57999999999993,16.930000000000064,0.24453632604843972,10.720000000000027,0.868470149253724,4.350000000000136,6.749499999999989,0.788,1.0,,,13,3,3.0,2023
2023-03-20 13:00:00+00:00|1.0|hr_london_follow_h13_lq35_pq10_c00_tp06_sl065,2023-03-20 13:00:00+00:00,STAGE29A,data/reports/stage29a_high_range_regime_continuation_discovery/stage29a_exact_trades.csv,high_range_london_continuation_v1,hr_london_follow_h13_lq35_pq10_c00_tp06_sl065,3.648699999999872,2.598699999999872,1.898699999999872,1,1,1,0,2.598699999999872,15.549999999999956,22.420000000000076,0.4214986619090105,35.87000000000012,0.16085865625871099,14.710000000000036,10.59599999999997,0.992,1.0,,,13,0,3.0,2023
2023-03-21 13:00:00+00:00|-1.0|hr_london_follow_h13_lq35_pq10_c00_tp06_sl065,2023-03-21 13:00:00+00:00,STAGE29A,data/reports/stage29a_high_range_regime_continuation_discovery/stage29a_exact_trades.csv,high_range_london_continuation_v1,hr_london_follow_h13_lq35_pq10_c00_tp06_sl065,1.7377000000000409,0.6877000000000408,-0.0122999999999589,1,0,1,0,0.6877000000000408,43.950000000000045,9.779999999999973,0.33742331288343186,20.310000000000173,0.6233382570162357,5.069999999999936,5.340999999999974,0.44,-1.0,,,13,1,3.0,2023
2023-03-22 13:00:00+00:00|1.0|hr_london_follow_h13_lq35_pq10_c00_tp06_sl065,2023-03-22 13:00:00+00:00,STAGE29A,data/reports/stage29a_high_range_regime_continuation_discovery/stage29a_exact_trades.csv,high_range_london_continuation_v1,hr_london_follow_h13_lq35_pq10_c00_tp06_sl065,-2.249625000000014,-3.2996250000000145,-3.999625000000014,0,0,0,1,3.2996250000000145,49.75,8.330000000000155,0.03121248499399593,11.389999999999873,0.2906057945566271,5.069999999999936,4.805000000000052,0.28,1.0,,,13,2,3.0,2023
2023-03-23 13:00:00+00:00|-1.0|hr_london_follow_h13_lq35_pq10_c00_tp06_sl065,2023-03-23 13:00:00+00:00,STAGE29A,data/reports/stage29a_high_range_regime_continuation_discovery/stage29a_exact_trades.csv,high_range_london_continuation_v1,hr_london_follow_h13_lq35_pq10_c00_tp06_sl065,-2.520024999999896,-3.570024999999896,-4.270024999999896,0,0,0,1,3.570024999999896,44.49000000000001,13.700000000000044,0.5751824817518143,9.3599999999999,0.01816239316240113,4.4099999999998545,7.595999999999992,0.66,-1.0,,,13,3,3.0,2023
2023-03-27 13:00:00+00:00|-1.0|hr_london_follow_h13_lq35_pq10_c00_tp06_sl065,2023-03-27 13:00:00+00:00,STAGE29A,data/reports/stage29a_high_range_regime_continuation_discovery/stage29a_exact_trades.csv,high_range_london_continuation_v1,hr_london_follow_h13_lq35_pq10_c00_tp06_sl065,-2.491750000000002,-3.5417500000000017,-4.2417500000000015,0,0,0,1,3.5417500000000017,10.569999999999936,10.569999999999936,0.07473982970671413,19.519999999999985,0.9508196721311456,12.740000000000009,6.0490000000000235,0.288,-1.0,,,13,0,3.0,2023
2023-03-30 13:00:00+00:00|1.0|hr_london_follow_h13_lq35_pq10_c00_tp06_sl065,2023-03-30 13:00:00+00:00,STAGE29A,data/reports/stage29a_high_range_regime_continuation_discovery/stage29a_exact_trades.csv,high_range_london_continuation_v1,hr_london_follow_h13_lq35_pq10_c00_tp06_sl065,0.9805000000000292,-0.0694999999999708,-0.7694999999999705,0,0,0,0,0.0694999999999708,15.759999999999993,9.539999999999964,0.4947589098532542,12.559999999999944,0.6162420382165639,1.6600000000000819,4.042999999999973,0.048,1.0,,,13,3,3.0,2023
2023-03-31 13:00:00+00:00|-1.0|hr_london_follow_h13_lq35_pq10_c00_tp06_sl065,2023-03-31 13:00:00+00:00,STAGE29A,data/reports/stage29a_high_range_regime_continuation_discovery/stage29a_exact_trades.csv,high_range_london_continuation_v1,hr_london_follow_h13_lq35_pq10_c00_tp06_sl065,-1.9740250000000743,-3.024025000000074,-3.724025000000074,0,0,0,0,3.024025000000074,28.91000000000008,5.970000000000027,0.3417085427135983,11.840000000000146,0.22972972972972922,5.240000000000009,4.062999999999965,0.096,-1.0,,,13,4,3.0,2023
2023-04-03 13:00:00+00:00|1.0|hr_london_follow_h13_lq35_pq10_c00_tp06_sl065,2023-04-03 13:00:00+00:00,STAGE29A,data/reports/stage29a_high_range_regime_continuation_discovery/stage29a_exact_trades.csv,high_range_london_continuation_v1,hr_london_follow_h13_lq35_pq10_c00_tp06_sl065,-2.0721750000001067,-3.1221750000001065,-3.822175000000106,0,0,0,1,3.1221750000001065,12.190000000000056,22.549999999999955,0.4736141906873652,16.539999999999964,0.8657799274486074,3.9400000000000546,6.254499999999996,0.552,1.0,,,13,0,4.0,2023
2023-04-10 13:00:00+00:00|1.0|hr_london_follow_h13_lq35_pq10_c00_tp06_sl065,2023-04-10 13:00:00+00:00,STAGE29A,data/reports/stage29a_high_range_regime_continuation_discovery/stage29a_exact_trades.csv,high_range_london_continuation_v1,hr_london_follow_h13_lq35_pq10_c00_tp06_sl065,-1.4810000000000856,-2.5310000000000854,-3.231000000000085,0,0,0,0,2.5310000000000854,17.029999999999973,17.65000000000009,0.8271954674220869,12.220000000000027,0.786415711947617,4.930000000000064,5.2620000000000235,0.588,1.0,,,13,0,4.0,2023
2023-04-13 13:00:00+00:00|1.0|hr_london_follow_h13_lq35_pq10_c00_tp06_sl065,2023-04-13 13:00:00+00:00,STAGE29A,data/reports/stage29a_high_range_regime_continuation_discovery/stage29a_exact_trades.csv,high_range_london_continuation_v1,hr_london_follow_h13_lq35_pq10_c00_tp06_sl065,-1.7754499999999551,-2.825449999999955,-3.525449999999955,0,0,0,0,2.825449999999955,27.13000000000011,6.1400000000001,0.3697068403908705,13.950000000000044,0.6566308243727635,2.9199999999998454,4.161999999999978,0.308,1.0,,,13,3,4.0,2023
2023-04-19 13:00:00+00:00|-1.0|hr_london_follow_h13_lq35_pq10_c00_tp06_sl065,2023-04-19 13:00:00+00:00,STAGE29A,data/reports/stage29a_high_range_regime_continuation_discovery/stage29a_exact_trades.csv,high_range_london_continuation_v1,hr_london_follow_h13_lq35_pq10_c00_tp06_sl065,-2.968199999999888,-4.018199999999888,-4.718199999999888,0,0,0,1,4.018199999999888,20.6099999999999,6.189999999999827,0.34087237479809146,31.71000000000004,0.9274676758120481,7.639999999999873,4.9204999999999925,0.476,-1.0,,,13,2,4.0,2023
2023-04-20 13:00:00+00:00|1.0|hr_london_follow_h13_lq35_pq10_c00_tp06_sl065,2023-04-20 13:00:00+00:00,STAGE29A,data/reports/stage29a_high_range_regime_continuation_discovery/stage29a_exact_trades.csv,high_range_london_continuation_v1,hr_london_follow_h13_lq35_pq10_c00_tp06_sl065,1.2103000000000974,0.1603000000000976,-0.5396999999999021,1,0,1,0,0.1603000000000976,38.95999999999981,8.179999999999836,0.20904645476773479,9.779999999999973,0.6932515337423304,7.809999999999945,4.066000000000019,0.2,1.0,,,13,3,4.0,2023
2023-04-25 13:00:00+00:00|-1.0|hr_london_follow_h13_lq35_pq10_c00_tp06_sl065,2023-04-25 13:00:00+00:00,STAGE29A,data/reports/stage29a_high_range_regime_continuation_discovery/stage29a_exact_trades.csv,high_range_london_continuation_v1,hr_london_follow_h13_lq35_pq10_c00_tp06_sl065,1.202500000000009,0.1525000000000091,-0.5474999999999905,1,0,1,0,0.1525000000000091,18.579999999999927,12.269999999999982,0.013039934800332689,10.289999999999964,0.4528668610301359,3.839999999999918,4.624499999999978,0.412,-1.0,,,13,1,4.0,2023
2023-05-05 13:00:00+00:00|-1.0|hr_london_follow_h13_lq35_pq10_c00_tp06_sl065,2023-05-05 13:00:00+00:00,STAGE29A,data/reports/stage29a_high_range_regime_continuation_discovery/stage29a_exact_trades.csv,high_range_london_continuation_v1,hr_london_follow_h13_lq35_pq10_c00_tp06_sl065,-1.6789250000000266,-2.7289250000000265,-3.428925000000026,0,0,0,0,2.7289250000000265,47.87999999999988,7.529999999999973,0.10092961487380694,13.800000000000182,0.8630434782608641,2.900000000000091,4.995000000000016,0.504,-1.0,,,13,4,5.0,2023
2023-05-23 13:00:00+00:00|-1.0|hr_london_follow_h13_lq35_pq10_c00_tp06_sl065,2023-05-23 13:00:00+00:00,STAGE29A,data/reports/stage29a_high_range_regime_continuation_discovery/stage29a_exact_trades.csv,high_range_london_continuation_v1,hr_london_follow_h13_lq35_pq10_c00_tp06_sl065,-1.910649999999896,-2.960649999999896,-3.660649999999896,0,0,0,0,2.960649999999896,13.670000000000073,12.319999999999936,0.6915584415584437,10.339999999999918,0.5483558994197406,4.3900000000001,4.175499999999988,0.504,-1.0,,,13,1,5.0,2023
2023-05-24 13:00:00+00:00|-1.0|hr_london_follow_h13_lq35_pq10_c00_tp06_sl065,2023-05-24 13:00:00+00:00,STAGE29A,data/reports/stage29a_high_range_regime_continuation_discovery/stage29a_exact_trades.csv,high_range_london_continuation_v1,hr_london_follow_h13_lq35_pq10_c00_tp06_sl065,-2.011399999999958,-3.0613999999999577,-3.761399999999957,0,0,0,0,3.0613999999999577,23.449999999999815,4.529999999999973,0.0883002207505223,9.820000000000164,0.036659877800396534,3.199999999999818,3.878999999999985,0.28,-1.0,,,13,2,5.0,2023
2023-05-25 13:00:00+00:00|1.0|hr_london_follow_h13_lq35_pq10_c00_tp06_sl065,2023-05-25 13:00:00+00:00,STAGE29A,data/reports/stage29a_high_range_regime_continuation_discovery/stage29a_exact_trades.csv,high_range_london_continuation_v1,hr_london_follow_h13_lq35_pq10_c00_tp06_sl065,0.84399999999996,-0.2060000000000399,-0.9060000000000396,0,0,0,0,0.2060000000000399,28.560000000000173,6.789999999999964,0.5729013254786629,9.850000000000136,0.39187817258884,3.509999999999991,4.429500000000007,0.536,1.0,,,13,3,5.0,2023
2023-05-30 13:00:00+00:00|1.0|hr_london_follow_h13_lq35_pq10_c00_tp06_sl065,2023-05-30 13:00:00+00:00,STAGE29A,data/reports/stage29a_high_range_regime_continuation_discovery/stage29a_exact_trades.csv,high_range_london_continuation_v1,hr_london_follow_h13_lq35_pq10_c00_tp06_sl065,-2.4205749999999626,-3.4705749999999624,-4.170574999999962,0,0,0,1,3.4705749999999624,9.490000000000007,7.379999999999882,0.4878048780488068,21.039999999999964,0.6416349809885943,10.600000000000136,3.56099999999999,0.18,1.0,,,13,1,5.0,2023
2023-06-07 13:00:00+00:00|1.0|hr_london_follow_h13_lq35_pq10_c00_tp06_sl065,2023-06-07 13:00:00+00:00,STAGE29A,data/reports/stage29a_high_range_regime_continuation_discovery/stage29a_exact_trades.csv,high_range_london_continuation_v1,hr_london_follow_h13_lq35_pq10_c00_tp06_sl065,0.8254000000000815,-0.2245999999999184,-0.9245999999999182,0,0,0,0,0.2245999999999184,11.980000000000018,3.919999999999845,0.08673469387753356,10.009999999999993,0.11288711288712389,3.160000000000082,2.9924999999999953,0.092,1.0,,,13,2,6.0,2023
2023-07-21 13:00:00+00:00|-1.0|hr_london_follow_h13_lq35_pq10_c00_tp06_sl065,2023-07-21 13:00:00+00:00,STAGE29A,data/reports/stage29a_high_range_regime_continuation_discovery/stage29a_exact_trades.csv,high_range_london_continuation_v1,hr_london_follow_h13_lq35_pq10_c00_tp06_sl065,-1.6805500000001303,-2.73055000000013,-3.43055000000013,0,0,0,0,2.73055000000013,22.090000000000146,3.8600000000001273,0.0984455958548884,11.100000000000136,0.5630630630630561,3.5,3.1629999999999994,0.188,-1.0,,,13,4,7.0,2023
2023-08-22 13:00:00+00:00|1.0|hr_london_follow_h13_lq35_pq10_c00_tp06_sl065,2023-08-22 13:00:00+00:00,STAGE29A,data/reports/stage29a_high_range_regime_continuation_discovery/stage29a_exact_trades.csv,high_range_london_continuation_v1,hr_london_follow_h13_lq35_pq10_c00_tp06_sl065,-1.4303000000000794,-2.480300000000079,-3.180300000000079,0,0,0,0,2.480300000000079,14.160000000000082,3.6100000000001273,0.2576177285318645,9.980000000000018,0.6863727454909716,4.329999999999927,2.81700000000003,0.224,1.0,,,13,1,8.0,2023
2023-10-04 13:00:00+00:00|1.0|hr_london_follow_h13_lq35_pq10_c00_tp06_sl065,2023-10-04 13:00:00+00:00,STAGE29A,data/reports/stage29a_high_range_regime_continuation_discovery/stage29a_exact_trades.csv,high_range_london_continuation_v1,hr_london_follow_h13_lq35_pq10_c00_tp06_sl065,-1.540475000000106,-2.5904750000001058,-3.290475000000105,0,0,0,0,2.5904750000001058,18.170000000000076,5.2999999999999545,0.34905660377361364,7.849999999999909,0.1770700636942823,3.1099999999999,3.950000000000023,0.72,1.0,,,13,2,10.0,2023
2023-10-10 13:00:00+00:00|-1.0|hr_london_follow_h13_lq35_pq10_c00_tp06_sl065,2023-10-10 13:00:00+00:00,STAGE29A,data/reports/stage29a_high_range_regime_continuation_discovery/stage29a_exact_trades.csv,high_range_london_continuation_v1,hr_london_follow_h13_lq35_pq10_c00_tp06_sl065,0.7801000000000841,-0.2698999999999159,-0.9698999999999156,0,0,0,0,0.2698999999999159,19.25999999999999,5.050000000000182,0.20792079207919142,7.339999999999918,0.5640326975477038,2.0499999999999545,3.3339999999999916,0.296,-1.0,,,13,1,10.0,2023
2023-10-16 13:00:00+00:00|-1.0|hr_london_follow_h13_lq35_pq10_c00_tp06_sl065,2023-10-16 13:00:00+00:00,STAGE29A,data/reports/stage29a_high_range_regime_continuation_discovery/stage29a_exact_trades.csv,high_range_london_continuation_v1,hr_london_follow_h13_lq35_pq10_c00_tp06_sl065,-1.8950499999999464,-2.9450499999999464,-3.645049999999946,0,0,0,0,2.9450499999999464,9.159999999999854,12.269999999999982,0.35207823960881585,12.190000000000056,0.31501230516816253,5.319999999999936,4.965999999999974,0.86,-1.0,,,13,0,10.0,2023
2023-10-17 13:00:00+00:00|1.0|hr_london_follow_h13_lq35_pq10_c00_tp06_sl065,2023-10-17 13:00:00+00:00,STAGE29A,data/reports/stage29a_high_range_regime_continuation_discovery/stage29a_exact_trades.csv,high_range_london_continuation_v1,hr_london_follow_h13_lq35_pq10_c00_tp06_sl065,-1.5183749999999692,-2.568374999999969,-3.2683749999999687,0,0,0,0,2.568374999999969,22.09999999999991,9.3599999999999,0.22435897435899133,9.639999999999873,0.6390041493775868,4.919999999999845,3.052499999999975,0.132,1.0,,,13,1,10.0,2023
2023-10-20 13:00:00+00:00|1.0|hr_london_follow_h13_lq35_pq10_c00_tp06_sl065,2023-10-20 13:00:00+00:00,STAGE29A,data/reports/stage29a_high_range_regime_continuation_discovery/stage29a_exact_trades.csv,high_range_london_continuation_v1,hr_london_follow_h13_lq35_pq10_c00_tp06_sl065,1.075899999999956,0.025899999999956,-0.6741000000000437,1,0,0,0,0.025899999999956,32.50999999999999,10.069999999999936,0.5233366434955328,11.190000000000056,0.4387846291331395,5.039999999999964,5.7995,0.904,1.0,,,13,4,10.0,2023
2023-10-24 13:00:00+00:00|-1.0|hr_london_follow_h13_lq35_pq10_c00_tp06_sl065,2023-10-24 13:00:00+00:00,STAGE29A,data/reports/stage29a_high_range_regime_continuation_discovery/stage29a_exact_trades.csv,high_range_london_continuation_v1,hr_london_follow_h13_lq35_pq10_c00_tp06_sl065,-1.79462499999986,-2.84462499999986,-3.54462499999986,0,0,0,0,2.84462499999986,21.069999999999936,9.460000000000036,0.40697674418603536,14.259999999999993,0.7180925666199169,7.629999999999882,4.0440000000000165,0.432,-1.0,,,13,1,10.0,2023
2023-10-26 13:00:00+00:00|1.0|hr_london_follow_h13_lq35_pq10_c00_tp06_sl065,2023-10-26 13:00:00+00:00,STAGE29A,data/reports/stage29a_high_range_regime_continuation_discovery/stage29a_exact_trades.csv,high_range_london_continuation_v1,hr_london_follow_h13_lq35_pq10_c00_tp06_sl065,-1.677299999999923,-2.727299999999923,-3.4272999999999225,0,0,0,0,2.727299999999923,24.13000000000011,7.869999999999891,0.6569250317661902,9.559999999999944,0.3650627615062792,2.7899999999999636,5.137500000000022,0.588,1.0,,,13,3,10.0,2023
2023-10-30 13:00:00+00:00|-1.0|hr_london_follow_h13_lq35_pq10_c00_tp06_sl065,2023-10-30 13:00:00+00:00,STAGE29A,data/reports/stage29a_high_range_regime_continuation_discovery/stage29a_exact_trades.csv,high_range_london_continuation_v1,hr_london_follow_h13_lq35_pq10_c00_tp06_sl065,1.0023999999999886,-0.0476000000000111,-0.7476000000000109,0,0,0,0,0.0476000000000111,9.659999999999854,9.809999999999944,0.11213047910294752,11.6099999999999,0.6089577950043064,3.269999999999982,5.254499999999962,0.596,-1.0,,,13,0,10.0,2023
2023-11-01 13:00:00+00:00|1.0|hr_london_follow_h13_lq35_pq10_c00_tp06_sl065,2023-11-01 13:00:00+00:00,STAGE29A,data/reports/stage29a_high_range_regime_continuation_discovery/stage29a_exact_trades.csv,high_range_london_continuation_v1,hr_london_follow_h13_lq35_pq10_c00_tp06_sl065,0.6945999999999458,-0.3554000000000541,-1.055400000000054,0,0,0,0,0.3554000000000541,29.070000000000164,10.86999999999989,0.525298988040487,7.8599999999999,0.7175572519084188,2.0499999999999545,3.884500000000037,0.104,1.0,,,13,2,11.0,2023
2023-11-07 13:00:00+00:00|-1.0|hr_london_follow_h13_lq35_pq10_c00_tp06_sl065,2023-11-07 13:00:00+00:00,STAGE29A,data/reports/stage29a_high_range_regime_continuation_discovery/stage29a_exact_trades.csv,high_range_london_continuation_v1,hr_london_follow_h13_lq35_pq10_c00_tp06_sl065,0.7092999999998938,-0.3407000000001061,-1.040700000000106,0,0,0,0,0.3407000000001061,16.519999999999982,7.3599999999999,0.7228260869565538,10.039999999999964,0.5149402390438111,2.5499999999999545,2.810999999999967,0.024,-1.0,,,13,1,11.0,2023
2023-11-21 13:00:00+00:00|-1.0|hr_london_follow_h13_lq35_pq10_c00_tp06_sl065,2023-11-21 13:00:00+00:00,STAGE29A,data/reports/stage29a_high_range_regime_continuation_discovery/stage29a_exact_trades.csv,high_range_london_continuation_v1,hr_london_follow_h13_lq35_pq10_c00_tp06_sl065,-1.6386250000001383,-2.688625000000138,-3.388625000000138,0,0,0,0,2.688625000000138,19.700000000000045,17.019999999999982,0.6404230317273722,10.009999999999993,0.3466533466533497,4.650000000000091,4.1404999999999745,0.8,-1.0,,,13,1,11.0,2023
2023-11-22 13:00:00+00:00|1.0|hr_london_follow_h13_lq35_pq10_c00_tp06_sl065,2023-11-22 13:00:00+00:00,STAGE29A,data/reports/stage29a_high_range_regime_continuation_discovery/stage29a_exact_trades.csv,high_range_london_continuation_v1,hr_london_follow_h13_lq35_pq10_c00_tp06_sl065,-1.6564999999999146,-2.7064999999999144,-3.406499999999914,0,0,0,0,2.7064999999999144,30.34999999999991,4.8599999999999,0.0041152263374449015,9.639999999999873,0.19502074688795712,3.3199999999999363,3.366500000000008,0.196,1.0,,,13,2,11.0,2023
2023-11-30 13:00:00+00:00|-1.0|hr_london_follow_h13_lq35_pq10_c00_tp06_sl065,2023-11-30 13:00:00+00:00,STAGE29A,data/reports/stage29a_high_range_regime_continuation_discovery/stage29a_exact_trades.csv,high_range_london_continuation_v1,hr_london_follow_h13_lq35_pq10_c00_tp06_sl065,-1.6506499999999051,-2.700649999999905,-3.4006499999999047,0,0,0,0,2.700649999999905,16.749999999999773,4.540000000000191,0.0,10.160000000000082,0.6102362204724405,3.759999999999991,3.731000000000063,0.448,-1.0,,,13,3,11.0,2023
2023-12-04 13:00:00+00:00|-1.0|hr_london_follow_h13_lq35_pq10_c00_tp06_sl065,2023-12-04 13:00:00+00:00,STAGE29A,data/reports/stage29a_high_range_regime_continuation_discovery/stage29a_exact_trades.csv,high_range_london_continuation_v1,hr_london_follow_h13_lq35_pq10_c00_tp06_sl065,-3.46220000000003,-4.51220000000003,-5.2122000000000295,0,0,0,1,4.51220000000003,78.03999999999996,78.03999999999996,0.4173500768836517,32.70000000000027,0.5186544342507613,7.0300000000002,17.78850000000002,0.992,-1.0,,,13,0,12.0,2023
2023-12-14 13:00:00+00:00|1.0|hr_london_follow_h13_lq35_pq10_c00_tp06_sl065,2023-12-14 13:00:00+00:00,STAGE29A,data/reports/stage29a_high_range_regime_continuation_discovery/stage29a_exact_trades.csv,high_range_london_continuation_v1,hr_london_follow_h13_lq35_pq10_c00_tp06_sl065,1.3350999999999202,0.2850999999999204,-0.4149000000000793,1,0,1,0,0.2850999999999204,60.16000000000008,14.930000000000064,0.10783657066308729,11.049999999999956,0.25610859728506236,4.3900000000001,7.2600000000000025,0.844,1.0,,,13,3,12.0,2023
2023-12-20 13:00:00+00:00|-1.0|hr_london_follow_h13_lq35_pq10_c00_tp06_sl065,2023-12-20 13:00:00+00:00,STAGE29A,data/reports/stage29a_high_range_regime_continuation_discovery/stage29a_exact_trades.csv,high_range_london_continuation_v1,hr_london_follow_h13_lq35_pq10_c00_tp06_sl065,0.6064000000000306,-0.4435999999999693,-1.143599999999969,0,0,0,0,0.4435999999999693,25.289999999999964,4.960000000000036,0.09072580645162141,7.820000000000164,0.5843989769820768,4.740000000000009,2.918500000000017,0.012,-1.0,,,13,2,12.0,2023
2023-12-22 13:00:00+00:00|1.0|hr_london_follow_h13_lq35_pq10_c00_tp06_sl065,2023-12-22 13:00:00+00:00,STAGE29A,data/reports/stage29a_high_range_regime_continuation_discovery/stage29a_exact_trades.csv,high_range_london_continuation_v1,hr_london_follow_h13_lq35_pq10_c00_tp06_sl065,-1.2843749999998182,-2.334374999999818,-3.0343749999998177,0,0,0,0,2.334374999999818,21.38000000000011,8.6099999999999,0.3716608594657207,10.230000000000018,0.6021505376344377,3.7600000000002183,4.050499999999966,0.436,1.0,,,13,4,12.0,2023
2024-01-03 13:00:00+00:00|-1.0|hr_london_follow_h13_lq35_pq10_c00_tp06_sl065,2024-01-03 13:00:00+00:00,STAGE29A,data/reports/stage29a_high_range_regime_continuation_discovery/stage29a_exact_trades.csv,high_range_london_continuation_v1,hr_london_follow_h13_lq35_pq10_c00_tp06_sl065,-1.8111999999997352,-2.861199999999735,-3.561199999999735,0,0,0,0,2.861199999999735,22.88000000000011,7.050000000000182,0.7333333333333247,13.200000000000273,0.7446969696969488,4.5,4.033500000000004,0.54,-1.0,,,13,2,1.0,2024
2024-01-05 13:00:00+00:00|-1.0|hr_london_follow_h13_lq35_pq10_c00_tp06_sl065,2024-01-05 13:00:00+00:00,STAGE29A,data/reports/stage29a_high_range_regime_continuation_discovery/stage29a_exact_trades.csv,high_range_london_continuation_v1,hr_london_follow_h13_lq35_pq10_c00_tp06_sl065,-1.550225000000046,-2.6002250000000457,-3.300225000000045,0,0,0,0,2.6002250000000457,14.779999999999744,5.630000000000109,0.05150976909413108,9.599999999999907,0.47187500000000165,2.949999999999818,3.039499999999998,0.04,-1.0,,,13,4,1.0,2024
2024-01-10 13:00:00+00:00|1.0|hr_london_follow_h13_lq35_pq10_c00_tp06_sl065,2024-01-10 13:00:00+00:00,STAGE29A,data/reports/stage29a_high_range_regime_continuation_discovery/stage29a_exact_trades.csv,high_range_london_continuation_v1,hr_london_follow_h13_lq35_pq10_c00_tp06_sl065,-1.7162999999999102,-2.76629999999991,-3.46629999999991,0,0,0,0,2.76629999999991,15.940000000000056,5.619999999999891,0.18149466192170846,16.539999999999964,0.30290205562273287,5.759999999999991,3.7665000000000193,0.268,1.0,,,13,2,1.0,2024
2024-01-16 13:00:00+00:00|-1.0|hr_london_follow_h13_lq35_pq10_c00_tp06_sl065,2024-01-16 13:00:00+00:00,STAGE29A,data/reports/stage29a_high_range_regime_continuation_discovery/stage29a_exact_trades.csv,high_range_london_continuation_v1,hr_london_follow_h13_lq35_pq10_c00_tp06_sl065,0.9834999999999582,-0.0665000000000417,-0.7665000000000415,0,0,0,0,0.0665000000000417,12.740000000000007,7.170000000000073,0.656903765690375,12.409999999999854,0.6970185334407891,3.1700000000000728,2.9890000000000554,0.068,-1.0,,,13,1,1.0,2024
2024-01-31 13:00:00+00:00|1.0|hr_london_follow_h13_lq35_pq10_c00_tp06_sl065,2024-01-31 13:00:00+00:00,STAGE29A,data/reports/stage29a_high_range_regime_continuation_discovery/stage29a_exact_trades.csv,high_range_london_continuation_v1,hr_london_follow_h13_lq35_pq10_c00_tp06_sl065,-1.3132999999998902,-2.36329999999989,-3.0632999999998898,0,0,0,0,2.36329999999989,19.54000000000019,5.800000000000182,0.32931034482759,7.150000000000091,0.3356643356643441,2.0,3.3815000000000395,0.164,1.0,,,13,2,1.0,2024
2024-02-01 13:00:00+00:00|-1.0|hr_london_follow_h13_lq35_pq10_c00_tp06_sl065,2024-02-01 13:00:00+00:00,STAGE29A,data/reports/stage29a_high_range_regime_continuation_discovery/stage29a_exact_trades.csv,high_range_london_continuation_v1,hr_london_follow_h13_lq35_pq10_c00_tp06_sl065,0.9820000000001072,-0.0679999999998925,-0.7679999999998923,0,0,0,0,0.0679999999998925,25.1400000000001,10.269999999999754,0.559883154819877,15.329999999999927,0.8962818003913943,10.25,4.909499999999957,0.948,-1.0,,,13,3,2.0,2024
2024-02-13 13:00:00+00:00|1.0|hr_london_follow_h13_lq35_pq10_c00_tp06_sl065,2024-02-13 13:00:00+00:00,STAGE29A,data/reports/stage29a_high_range_regime_continuation_discovery/stage29a_exact_trades.csv,high_range_london_continuation_v1,hr_london_follow_h13_lq35_pq10_c00_tp06_sl065,-1.0643499999999677,-2.1143499999999675,-2.8143499999999677,0,0,0,0,2.1143499999999675,15.639999999999873,4.409999999999855,0.04081632653062803,9.190000000000056,0.8476605005440606,1.9500000000000455,2.382499999999993,0.028,1.0,,,13,1,2.0,2024
2024-02-20 13:00:00+00:00|1.0|hr_london_follow_h13_lq35_pq10_c00_tp06_sl065,2024-02-20 13:00:00+00:00,STAGE29A,data/reports/stage29a_high_range_regime_continuation_discovery/stage29a_exact_trades.csv,high_range_london_continuation_v1,hr_london_follow_h13_lq35_pq10_c00_tp06_sl065,0.5467000000000098,-0.5032999999999901,-1.2032999999999898,0,0,0,0,0.5032999999999901,10.980000000000018,4.650000000000091,0.7053763440860508,9.879999999999882,0.6730769230769174,4.079999999999927,2.237500000000023,0.072,1.0,,,13,1,2.0,2024
2024-02-23 13:00:00+00:00|-1.0|hr_london_follow_h13_lq35_pq10_c00_tp06_sl065,2024-02-23 13:00:00+00:00,STAGE29A,data/reports/stage29a_high_range_regime_continuation_discovery/stage29a_exact_trades.csv,high_range_london_continuation_v1,hr_london_follow_h13_lq35_pq10_c00_tp06_sl065,-1.4865249999998924,-2.536524999999892,-3.236524999999892,0,0,0,0,2.536524999999892,15.36999999999989,4.559999999999945,0.2763157894736855,10.110000000000127,0.2908011869435994,6.790000000000191,3.301500000000021,0.74,-1.0,,,13,4,2.0,2024
2024-02-27 13:00:00+00:00|1.0|hr_london_follow_h13_lq35_pq10_c00_tp06_sl065,2024-02-27 13:00:00+00:00,STAGE29A,data/reports/stage29a_high_range_regime_continuation_discovery/stage29a_exact_trades.csv,high_range_london_continuation_v1,hr_london_follow_h13_lq35_pq10_c00_tp06_sl065,-1.1920750000000226,-2.2420750000000225,-2.942075000000022,0,0,0,0,2.2420750000000225,12.009999999999993,4.0499999999999545,0.6246913580246917,6.789999999999964,0.42120765832108137,2.130000000000109,2.2745000000000006,0.088,1.0,,,13,1,2.0,2024
2024-02-28 13:00:00+00:00|-1.0|hr_london_follow_h13_lq35_pq10_c00_tp06_sl065,2024-02-28 13:00:00+00:00,STAGE29A,data/reports/stage29a_high_range_regime_continuation_discovery/stage29a_exact_trades.csv,high_range_london_continuation_v1,hr_london_follow_h13_lq35_pq10_c00_tp06_sl065,-1.1283750000000965,-2.1783750000000963,-2.878375000000096,0,0,0,0,2.1783750000000963,10.730000000000018,4.599999999999909,0.01956521739133637,7.720000000000027,0.3873056994818651,3.1099999999999,2.473999999999978,0.164,-1.0,,,13,2,2.0,2024
2024-03-01 13:00:00+00:00|1.0|hr_london_follow_h13_lq35_pq10_c00_tp06_sl065,2024-03-01 13:00:00+00:00,STAGE29A,data/reports/stage29a_high_range_regime_continuation_discovery/stage29a_exact_trades.csv,high_range_london_continuation_v1,hr_london_follow_h13_lq35_pq10_c00_tp06_sl065,-1.81770000000015,-2.86770000000015,-3.567700000000149,0,0,0,0,2.86770000000015,22.72999999999979,3.960000000000037,0.31565656565656275,16.0300000000002,0.5832813474734743,9.170000000000073,3.109500000000014,0.68,1.0,,,13,4,3.0,2024
2024-03-05 13:00:00+00:00|1.0|hr_london_follow_h13_lq35_pq10_c00_tp06_sl065,2024-03-05 13:00:00+00:00,STAGE29A,data/reports/stage29a_high_range_regime_continuation_discovery/stage29a_exact_trades.csv,high_range_london_continuation_v1,hr_london_follow_h13_lq35_pq10_c00_tp06_sl065,-2.000349999999889,-3.0503499999998893,-3.750349999999889,0,0,0,0,3.0503499999998893,40.370000000000346,6.349999999999909,0.22204724409446847,13.2800000000002,0.5813253012047954,3.880000000000109,4.7870000000000115,0.864,1.0,,,13,1,3.0,2024
2024-03-07 13:00:00+00:00|-1.0|hr_london_follow_h13_lq35_pq10_c00_tp06_sl065,2024-03-07 13:00:00+00:00,STAGE29A,data/reports/stage29a_high_range_regime_continuation_discovery/stage29a_exact_trades.csv,high_range_london_continuation_v1,hr_london_follow_h13_lq35_pq10_c00_tp06_sl065,-1.7604999999999564,-2.8104999999999563,-3.510499999999956,0,0,0,0,2.8104999999999563,28.549999999999727,17.11999999999989,0.6407710280374022,8.299999999999727,0.07108433734936268,2.819999999999709,5.8159999999999625,0.908,-1.0,,,13,3,3.0,2024
2024-03-11 13:00:00+00:00|-1.0|hr_london_follow_h13_lq35_pq10_c00_tp06_sl065,2024-03-11 13:00:00+00:00,STAGE29A,data/reports/stage29a_high_range_regime_continuation_discovery/stage29a_exact_trades.csv,high_range_london_continuation_v1,hr_london_follow_h13_lq35_pq10_c00_tp06_sl065,-1.7413250000000515,-2.791325000000052,-3.4913250000000517,0,0,0,0,2.791325000000052,6.599999999999909,12.099999999999907,0.08595041322313814,7.160000000000309,0.40502793296088907,3.849999999999909,5.740000000000054,0.8,-1.0,,,13,0,3.0,2024
2024-03-18 13:00:00+00:00|1.0|hr_london_follow_h13_lq35_pq10_c00_tp06_sl065,2024-03-18 13:00:00+00:00,STAGE29A,data/reports/stage29a_high_range_regime_continuation_discovery/stage29a_exact_trades.csv,high_range_london_continuation_v1,hr_london_follow_h13_lq35_pq10_c00_tp06_sl065,0.7494999999998072,-0.3005000000001927,-1.0005000000001925,0,0,0,0,0.3005000000001927,5.369999999999891,11.419999999999618,0.6444833625219242,12.349999999999907,0.8858299595141441,3.8899999999998727,3.7884999999999764,0.128,1.0,,,13,0,3.0,2024
2024-03-19 13:00:00+00:00|-1.0|hr_london_follow_h13_lq35_pq10_c00_tp06_sl065,2024-03-19 13:00:00+00:00,STAGE29A,data/reports/stage29a_high_range_regime_continuation_discovery/stage29a_exact_trades.csv,high_range_london_continuation_v1,hr_london_follow_h13_lq35_pq10_c00_tp06_sl065,-1.92202499999994,-2.9720249999999395,-3.6720249999999393,0,0,0,0,2.9720249999999395,17.559999999999945,4.159999999999855,0.16105769230771544,13.179999999999836,0.4613050075872536,3.869999999999891,3.177499999999918,0.036,-1.0,,,13,1,3.0,2024
2024-03-20 13:00:00+00:00|-1.0|hr_london_follow_h13_lq35_pq10_c00_tp06_sl065,2024-03-20 13:00:00+00:00,STAGE29A,data/reports/stage29a_high_range_regime_continuation_discovery/stage29a_exact_trades.csv,high_range_london_continuation_v1,hr_london_follow_h13_lq35_pq10_c00_tp06_sl065,-1.378949999999895,-2.428949999999895,-3.128949999999895,0,0,0,0,2.428949999999895,15.599999999999907,5.110000000000127,0.031311154598796576,7.079999999999927,0.3587570621468912,2.5099999999997635,2.52349999999999,0.004,-1.0,,,13,2,3.0,2024
2024-03-27 13:00:00+00:00|1.0|hr_london_follow_h13_lq35_pq10_c00_tp06_sl065,2024-03-27 13:00:00+00:00,STAGE29A,data/reports/stage29a_high_range_regime_continuation_discovery/stage29a_exact_trades.csv,high_range_london_continuation_v1,hr_london_follow_h13_lq35_pq10_c00_tp06_sl065,1.5381999999998697,0.4881999999998698,-0.2118000000001298,1,0,1,0,0.4881999999998698,32.46000000000004,8.480000000000018,0.12264150943395771,18.800000000000185,0.8202127659574427,5.809999999999945,4.6720000000000255,0.6,1.0,,,13,2,3.0,2024
2024-04-03 13:00:00+00:00|-1.0|hr_london_follow_h13_lq35_pq10_c00_tp06_sl065,2024-04-03 13:00:00+00:00,STAGE29A,data/reports/stage29a_high_range_regime_continuation_discovery/stage29a_exact_trades.csv,high_range_london_continuation_v1,hr_london_follow_h13_lq35_pq10_c00_tp06_sl065,-2.519699999999921,-3.5696999999999206,-4.26969999999992,0,0,0,1,3.5696999999999206,35.35999999999967,11.590000000000146,0.28127696289906623,19.360000000000127,0.6714876033057807,5.150000000000091,7.227500000000032,0.736,-1.0,,,13,2,4.0,2024
2024-04-05 13:00:00+00:00|1.0|hr_london_follow_h13_lq35_pq10_c00_tp06_sl065,2024-04-05 13:00:00+00:00,STAGE29A,data/reports/stage29a_high_range_regime_continuation_discovery/stage29a_exact_trades.csv,high_range_london_continuation_v1,hr_london_follow_h13_lq35_pq10_c00_tp06_sl065,-2.680899999999929,-3.7308999999999286,-4.430899999999928,0,0,0,1,3.7308999999999286,25.519999999999985,25.579999999999927,0.5136825645035327,16.9699999999998,0.8461991750147494,6.940000000000055,7.961500000000001,0.856,1.0,,,13,4,4.0,2024
2024-04-08 13:00:00+00:00|-1.0|hr_london_follow_h13_lq35_pq10_c00_tp06_sl065,2024-04-08 13:00:00+00:00,STAGE29A,data/reports/stage29a_high_range_regime_continuation_discovery/stage29a_exact_trades.csv,high_range_london_continuation_v1,hr_london_follow_h13_lq35_pq10_c00_tp06_sl065,-3.099824999999873,-4.149824999999874,-4.849824999999873,0,0,0,1,4.149824999999874,24.11999999999989,51.0300000000002,0.7460317460317463,13.789999999999964,0.5823060188542583,3.680000000000291,11.00200000000002,0.968,-1.0,,,13,0,4.0,2024
2024-04-22 13:00:00+00:00|-1.0|hr_london_follow_h13_lq35_pq10_c00_tp06_sl065,2024-04-22 13:00:00+00:00,STAGE29A,data/reports/stage29a_high_range_regime_continuation_discovery/stage29a_exact_trades.csv,high_range_london_continuation_v1,hr_london_follow_h13_lq35_pq10_c00_tp06_sl065,1.9437999999999191,0.8937999999999193,0.1937999999999196,1,1,1,0,0.8937999999999193,6.799999999999727,26.84999999999991,0.5314711359404108,21.49000000000024,0.3922754769660399,4.5300000000002,7.301499999999942,0.224,-1.0,,,13,0,4.0,2024
2024-04-25 13:00:00+00:00|1.0|hr_london_follow_h13_lq35_pq10_c00_tp06_sl065,2024-04-25 13:00:00+00:00,STAGE29A,data/reports/stage29a_high_range_regime_continuation_discovery/stage29a_exact_trades.csv,high_range_london_continuation_v1,hr_london_follow_h13_lq35_pq10_c00_tp06_sl065,1.1512000000001534,0.1012000000001536,-0.5987999999998461,1,0,0,0,0.1012000000001536,25.480000000000015,17.029999999999745,0.28185554903113647,16.4699999999998,0.7109896782028038,3.400000000000091,6.169999999999959,0.04,1.0,,,13,3,4.0,2024
2024-05-02 13:00:00+00:00|-1.0|hr_london_follow_h13_lq35_pq10_c00_tp06_sl065,2024-05-02 13:00:00+00:00,STAGE29A,data/reports/stage29a_high_range_regime_continuation_discovery/stage29a_exact_trades.csv,high_range_london_continuation_v1,hr_london_follow_h13_lq35_pq10_c00_tp06_sl065,-2.526524999999856,-3.576524999999856,-4.276524999999856,0,0,0,1,3.576524999999856,46.82999999999993,9.070000000000164,0.1422271223814708,22.340000000000146,0.8012533572068028,6.7400000000002365,8.24950000000008,0.76,-1.0,,,13,3,5.0,2024
2024-05-03 13:00:00+00:00|-1.0|hr_london_follow_h13_lq35_pq10_c00_tp06_sl065,2024-05-03 13:00:00+00:00,STAGE29A,data/reports/stage29a_high_range_regime_continuation_discovery/stage29a_exact_trades.csv,high_range_london_continuation_v1,hr_london_follow_h13_lq35_pq10_c00_tp06_sl065,-1.94900000000016,-2.99900000000016,-3.69900000000016,0,0,0,0,2.99900000000016,41.09999999999991,6.440000000000055,0.2096273291925307,10.970000000000256,0.08477666362810113,3.730000000000018,5.232499999999982,0.064,-1.0,,,13,4,5.0,2024
2024-05-10 13:00:00+00:00|1.0|hr_london_follow_h13_lq35_pq10_c00_tp06_sl065,2024-05-10 13:00:00+00:00,STAGE29A,data/reports/stage29a_high_range_regime_continuation_discovery/stage29a_exact_trades.csv,high_range_london_continuation_v1,hr_london_follow_h13_lq35_pq10_c00_tp06_sl065,-2.463800000000083,-3.513800000000083,-4.213800000000083,0,0,0,1,3.513800000000083,40.63999999999987,10.659999999999854,0.6716697936210086,24.079999999999927,0.7936046511627984,5.8400000000001455,5.9384999999999994,0.4,1.0,,,13,4,5.0,2024
2024-05-14 13:00:00+00:00|1.0|hr_london_follow_h13_lq35_pq10_c00_tp06_sl065,2024-05-14 13:00:00+00:00,STAGE29A,data/reports/stage29a_high_range_regime_continuation_discovery/stage29a_exact_trades.csv,high_range_london_continuation_v1,hr_london_follow_h13_lq35_pq10_c00_tp06_sl065,-2.015300000000116,-3.065300000000116,-3.7653000000001153,0,0,0,1,3.065300000000116,32.95000000000027,9.570000000000164,0.5862068965517274,12.2800000000002,0.2394136807817595,4.670000000000073,4.2309999999999945,0.016,1.0,,,13,1,5.0,2024
2024-05-15 13:00:00+00:00|1.0|hr_london_follow_h13_lq35_pq10_c00_tp06_sl065,2024-05-15 13:00:00+00:00,STAGE29A,data/reports/stage29a_high_range_regime_continuation_discovery/stage29a_exact_trades.csv,high_range_london_continuation_v1,hr_london_follow_h13_lq35_pq10_c00_tp06_sl065,-2.0400000000000547,-3.0900000000000545,-3.790000000000054,0,0,0,1,3.0900000000000545,24.920000000000076,6.110000000000127,0.46808510638298984,18.5300000000002,0.47706422018348893,6.0600000000004,4.572000000000026,0.084,1.0,,,13,2,5.0,2024
2024-05-17 13:00:00+00:00|1.0|hr_london_follow_h13_lq35_pq10_c00_tp06_sl065,2024-05-17 13:00:00+00:00,STAGE29A,data/reports/stage29a_high_range_regime_continuation_discovery/stage29a_exact_trades.csv,high_range_london_continuation_v1,hr_london_follow_h13_lq35_pq10_c00_tp06_sl065,-1.944450000000052,-2.994450000000052,-3.6944500000000513,0,0,0,0,2.994450000000052,26.550000000000185,7.2599999999997635,0.07300275482090395,11.360000000000127,0.42517605633805705,4.900000000000091,4.127999999999974,0.016,1.0,,,13,4,5.0,2024
2024-05-21 13:00:00+00:00|1.0|hr_london_follow_h13_lq35_pq10_c00_tp06_sl065,2024-05-21 13:00:00+00:00,STAGE29A,data/reports/stage29a_high_range_regime_continuation_discovery/stage29a_exact_trades.csv,high_range_london_continuation_v1,hr_london_follow_h13_lq35_pq10_c00_tp06_sl065,1.9677999999998064,0.9177999999998064,0.2177999999998068,1,1,1,0,0.9177999999998064,42.86999999999989,26.63000000000011,0.5005632745024361,13.569999999999707,0.19012527634491064,7.949999999999818,7.520499999999947,0.808,1.0,,,13,1,5.0,2024
2024-05-22 13:00:00+00:00|1.0|hr_london_follow_h13_lq35_pq10_c00_tp06_sl065,2024-05-22 13:00:00+00:00,STAGE29A,data/reports/stage29a_high_range_regime_continuation_discovery/stage29a_exact_trades.csv,high_range_london_continuation_v1,hr_london_follow_h13_lq35_pq10_c00_tp06_sl065,1.5138999999998304,0.4638999999998305,-0.2361000000001691,1,0,1,0,0.4638999999998305,27.610000000000127,13.980000000000018,0.5615164520744172,7.930000000000291,0.3947036569987382,3.5299999999997453,5.077499999999918,0.304,1.0,,,13,2,5.0,2024
2024-05-24 13:00:00+00:00|1.0|hr_london_follow_h13_lq35_pq10_c00_tp06_sl065,2024-05-24 13:00:00+00:00,STAGE29A,data/reports/stage29a_high_range_regime_continuation_discovery/stage29a_exact_trades.csv,high_range_london_continuation_v1,hr_london_follow_h13_lq35_pq10_c00_tp06_sl065,-2.16577500000003,-3.2157750000000305,-3.91577500000003,0,0,0,1,3.2157750000000305,56.809999999999945,9.710000000000036,0.028836251287353145,12.7199999999998,0.5463836477987721,5.7599999999997635,6.609499999999935,0.496,1.0,,,13,4,5.0,2024
2024-05-29 13:00:00+00:00|-1.0|hr_london_follow_h13_lq35_pq10_c00_tp06_sl065,2024-05-29 13:00:00+00:00,STAGE29A,data/reports/stage29a_high_range_regime_continuation_discovery/stage29a_exact_trades.csv,high_range_london_continuation_v1,hr_london_follow_h13_lq35_pq10_c00_tp06_sl065,-2.273350000000028,-3.323350000000028,-4.023350000000027,0,0,0,1,3.323350000000028,24.059999999999945,7.930000000000291,0.12862547288776097,20.700000000000276,0.6120772946859638,5.320000000000164,5.17150000000006,0.272,-1.0,,,13,2,5.0,2024
2024-05-30 13:00:00+00:00|-1.0|hr_london_follow_h13_lq35_pq10_c00_tp06_sl065,2024-05-30 13:00:00+00:00,STAGE29A,data/reports/stage29a_high_range_regime_continuation_discovery/stage29a_exact_trades.csv,high_range_london_continuation_v1,hr_london_follow_h13_lq35_pq10_c00_tp06_sl065,-2.631500000000051,-3.681500000000051,-4.381500000000051,0,0,0,1,3.681500000000051,28.059999999999945,11.800000000000182,0.2771186440677908,15.559999999999944,0.06876606683805704,6.309999999999945,5.321000000000095,0.308,-1.0,,,13,3,5.0,2024
2024-06-05 13:00:00+00:00|-1.0|hr_london_follow_h13_lq35_pq10_c00_tp06_sl065,2024-06-05 13:00:00+00:00,STAGE29A,data/reports/stage29a_high_range_regime_continuation_discovery/stage29a_exact_trades.csv,high_range_london_continuation_v1,hr_london_follow_h13_lq35_pq10_c00_tp06_sl065,-2.2012000000000627,-3.2512000000000625,-3.951200000000062,0,0,0,1,3.2512000000000625,37.41000000000031,12.010000000000218,0.7993338884262893,13.579999999999927,0.3645066273932139,2.869999999999891,4.862499999999931,0.124,-1.0,,,13,2,6.0,2024
2024-06-06 13:00:00+00:00|-1.0|hr_london_follow_h13_lq35_pq10_c00_tp06_sl065,2024-06-06 13:00:00+00:00,STAGE29A,data/reports/stage29a_high_range_regime_continuation_discovery/stage29a_exact_trades.csv,high_range_london_continuation_v1,hr_london_follow_h13_lq35_pq10_c00_tp06_sl065,1.001799999999912,-0.0482000000000879,-0.7482000000000877,0,0,0,0,0.0482000000000879,31.670000000000076,20.389999999999876,0.564982834722906,12.929999999999836,0.5359628770301565,5.349999999999909,5.662499999999954,0.544,-1.0,,,13,3,6.0,2024
2024-06-07 13:00:00+00:00|-1.0|hr_london_follow_h13_lq35_pq10_c00_tp06_sl065,2024-06-07 13:00:00+00:00,STAGE29A,data/reports/stage29a_high_range_regime_continuation_discovery/stage29a_exact_trades.csv,high_range_london_continuation_v1,hr_london_follow_h13_lq35_pq10_c00_tp06_sl065,2.954200000000037,1.9042000000000368,1.2042000000000377,1,1,1,0,1.9042000000000368,25.20999999999958,12.600000000000364,0.24920634920633192,50.42000000000007,0.8131693772312563,10.519999999999982,7.641499999999996,0.988,-1.0,,,13,4,6.0,2024
2024-06-13 13:00:00+00:00|1.0|hr_london_follow_h13_lq35_pq10_c00_tp06_sl065,2024-06-13 13:00:00+00:00,STAGE29A,data/reports/stage29a_high_range_regime_continuation_discovery/stage29a_exact_trades.csv,high_range_london_continuation_v1,hr_london_follow_h13_lq35_pq10_c00_tp06_sl065,-1.878150000000096,-2.928150000000096,-3.628150000000096,0,0,0,0,2.928150000000096,31.039999999999964,16.460000000000036,0.4696233292831106,9.580000000000382,0.12526096033400524,5.0300000000002,6.201499999999965,0.628,1.0,,,13,3,6.0,2024
2024-06-14 13:00:00+00:00|1.0|hr_london_follow_h13_lq35_pq10_c00_tp06_sl065,2024-06-14 13:00:00+00:00,STAGE29A,data/reports/stage29a_high_range_regime_continuation_discovery/stage29a_exact_trades.csv,high_range_london_continuation_v1,hr_london_follow_h13_lq35_pq10_c00_tp06_sl065,-2.3305500000002213,-3.380550000000221,-4.080550000000221,0,0,0,1,3.380550000000221,31.15999999999985,7.050000000000182,0.35886524822690496,19.139999999999876,0.8949843260188204,7.5300000000002,5.026000000000022,0.196,1.0,,,13,4,6.0,2024
2024-06-20 13:00:00+00:00|1.0|hr_london_follow_h13_lq35_pq10_c00_tp06_sl065,2024-06-20 13:00:00+00:00,STAGE29A,data/reports/stage29a_high_range_regime_continuation_discovery/stage29a_exact_trades.csv,high_range_london_continuation_v1,hr_london_follow_h13_lq35_pq10_c00_tp06_sl065,1.169800000000032,0.1198000000000321,-0.5801999999999676,1,0,0,0,0.1198000000000321,11.2800000000002,11.260000000000218,0.3152753108348235,14.260000000000218,0.03366058906030932,4.130000000000109,3.9765000000000557,0.108,1.0,,,13,3,6.0,2024
2024-06-25 13:00:00+00:00|1.0|hr_london_follow_h13_lq35_pq10_c00_tp06_sl065,2024-06-25 13:00:00+00:00,STAGE29A,data/reports/stage29a_high_range_regime_continuation_discovery/stage29a_exact_trades.csv,high_range_london_continuation_v1,hr_london_follow_h13_lq35_pq10_c00_tp06_sl065,-1.982799999999861,-3.032799999999861,-3.7327999999998607,0,0,0,0,3.032799999999861,17.15000000000009,11.150000000000093,0.6852017937219969,11.319999999999707,0.7915194346289989,4.769999999999982,4.180999999999949,0.152,1.0,,,13,1,6.0,2024
2024-06-26 13:00:00+00:00|-1.0|hr_london_follow_h13_lq35_pq10_c00_tp06_sl065,2024-06-26 13:00:00+00:00,STAGE29A,data/reports/stage29a_high_range_regime_continuation_discovery/stage29a_exact_trades.csv,high_range_london_continuation_v1,hr_london_follow_h13_lq35_pq10_c00_tp06_sl065,-2.143674999999894,-3.1936749999998937,-3.893674999999893,0,0,0,1,3.1936749999998937,21.789999999999964,13.350000000000364,0.2636704119850102,8.690000000000055,0.11047180667434181,2.730000000000018,5.347500000000059,0.532,-1.0,,,13,2,6.0,2024
2024-06-27 13:00:00+00:00|1.0|hr_london_follow_h13_lq35_pq10_c00_tp06_sl065,2024-06-27 13:00:00+00:00,STAGE29A,data/reports/stage29a_high_range_regime_continuation_discovery/stage29a_exact_trades.csv,high_range_london_continuation_v1,hr_london_follow_h13_lq35_pq10_c00_tp06_sl065,-2.018224999999893,-3.068224999999893,-3.7682249999998927,0,0,0,1,3.068224999999893,30.350000000000364,3.3899999999998727,0.22123893805310565,17.429999999999836,0.7917383820998457,6.599999999999909,3.5849999999999453,0.072,1.0,,,13,3,6.0,2024
2024-06-28 13:00:00+00:00|1.0|hr_london_follow_h13_lq35_pq10_c00_tp06_sl065,2024-06-28 13:00:00+00:00,STAGE29A,data/reports/stage29a_high_range_regime_continuation_discovery/stage29a_exact_trades.csv,high_range_london_continuation_v1,hr_london_follow_h13_lq35_pq10_c00_tp06_sl065,-1.7270250000002307,-2.7770250000002306,-3.4770250000002303,0,0,0,0,2.7770250000002306,34.58999999999969,9.269999999999982,0.5587918015102316,12.099999999999907,0.7033057851239527,3.0700000000001637,4.011000000000058,0.132,1.0,,,13,4,6.0,2024
2024-07-02 13:00:00+00:00|-1.0|hr_london_follow_h13_lq35_pq10_c00_tp06_sl065,2024-07-02 13:00:00+00:00,STAGE29A,data/reports/stage29a_high_range_regime_continuation_discovery/stage29a_exact_trades.csv,high_range_london_continuation_v1,hr_london_follow_h13_lq35_pq10_c00_tp06_sl065,-1.9850750000001427,-3.0350750000001425,-3.7350750000001423,0,0,0,0,3.0350750000001425,20.0,8.61999999999989,0.6705336426913943,9.099999999999907,0.1329670329670383,7.779999999999745,4.302500000000032,0.236,-1.0,,,13,1,7.0,2024
2024-07-04 13:00:00+00:00|-1.0|hr_london_follow_h13_lq35_pq10_c00_tp06_sl065,2024-07-04 13:00:00+00:00,STAGE29A,data/reports/stage29a_high_range_regime_continuation_discovery/stage29a_exact_trades.csv,high_range_london_continuation_v1,hr_london_follow_h13_lq35_pq10_c00_tp06_sl065,-1.801774999999998,-2.8517749999999977,-3.551774999999997,0,0,0,0,2.8517749999999977,38.03999999999997,6.5900000000001455,0.12139605462824951,9.259999999999764,0.0377969762419409,3.4299999999998363,4.107499999999959,0.116,-1.0,,,13,3,7.0,2024
2024-07-09 13:00:00+00:00|-1.0|hr_london_follow_h13_lq35_pq10_c00_tp06_sl065,2024-07-09 13:00:00+00:00,STAGE29A,data/reports/stage29a_high_range_regime_continuation_discovery/stage29a_exact_trades.csv,high_range_london_continuation_v1,hr_london_follow_h13_lq35_pq10_c00_tp06_sl065,-1.668525000000136,-2.718525000000136,-3.418525000000136,0,0,0,0,2.718525000000136,40.36999999999989,9.490000000000236,0.8303477344573144,10.409999999999854,0.3170028818443586,3.7400000000002365,4.889499999999975,0.476,-1.0,,,13,1,7.0,2024
2024-07-10 13:00:00+00:00|1.0|hr_london_follow_h13_lq35_pq10_c00_tp06_sl065,2024-07-10 13:00:00+00:00,STAGE29A,data/reports/stage29a_high_range_regime_continuation_discovery/stage29a_exact_trades.csv,high_range_london_continuation_v1,hr_london_follow_h13_lq35_pq10_c00_tp06_sl065,-1.6103500000000168,-2.6603500000000166,-3.3603500000000164,0,0,0,0,2.6603500000000166,22.20999999999958,7.329999999999927,0.5184174624829767,8.309999999999945,0.4500601684716975,2.480000000000018,4.531500000000028,0.288,1.0,,,13,2,7.0,2024
2024-07-12 13:00:00+00:00|-1.0|hr_london_follow_h13_lq35_pq10_c00_tp06_sl065,2024-07-12 13:00:00+00:00,STAGE29A,data/reports/stage29a_high_range_regime_continuation_discovery/stage29a_exact_trades.csv,high_range_london_continuation_v1,hr_london_follow_h13_lq35_pq10_c00_tp06_sl065,-2.098175000000174,-3.148175000000174,-3.8481750000001735,0,0,0,1,3.148175000000174,53.38999999999987,9.550000000000182,0.5350785340313692,9.760000000000218,0.3893442622950453,5.119999999999891,5.3715000000000375,0.7,-1.0,,,13,4,7.0,2024
2024-07-18 13:00:00+00:00|-1.0|hr_london_follow_h13_lq35_pq10_c00_tp06_sl065,2024-07-18 13:00:00+00:00,STAGE29A,data/reports/stage29a_high_range_regime_continuation_discovery/stage29a_exact_trades.csv,high_range_london_continuation_v1,hr_london_follow_h13_lq35_pq10_c00_tp06_sl065,1.2031000000000858,0.1531000000000859,-0.5468999999999138,1,0,1,0,0.1531000000000859,32.25999999999976,11.519999999999982,0.7647569444444409,10.329999999999927,0.23523717328168958,3.099999999999909,6.02800000000002,0.692,-1.0,,,13,3,7.0,2024
2024-07-19 13:00:00+00:00|-1.0|hr_london_follow_h13_lq35_pq10_c00_tp06_sl065,2024-07-19 13:00:00+00:00,STAGE29A,data/reports/stage29a_high_range_regime_continuation_discovery/stage29a_exact_trades.csv,high_range_london_continuation_v1,hr_london_follow_h13_lq35_pq10_c00_tp06_sl065,-3.026375000000008,-4.076375000000008,-4.776375000000007,0,0,0,1,4.076375000000008,34.84999999999991,24.67999999999984,0.6288492706645091,16.5,0.7678787878787923,6.269999999999982,7.066999999999939,0.872,-1.0,,,13,4,7.0,2024
2024-07-23 13:00:00+00:00|1.0|hr_london_follow_h13_lq35_pq10_c00_tp06_sl065,2024-07-23 13:00:00+00:00,STAGE29A,data/reports/stage29a_high_range_regime_continuation_discovery/stage29a_exact_trades.csv,high_range_london_continuation_v1,hr_london_follow_h13_lq35_pq10_c00_tp06_sl065,1.7665000000000872,0.7165000000000874,0.0165000000000876,1,1,1,0,0.7165000000000874,28.23999999999978,9.199999999999818,0.34239130434784276,20.019999999999985,0.43806193806193755,4.9099999999998545,5.389500000000021,0.384,1.0,,,13,1,7.0,2024
2024-07-26 13:00:00+00:00|1.0|hr_london_follow_h13_lq35_pq10_c00_tp06_sl065,2024-07-26 13:00:00+00:00,STAGE29A,data/reports/stage29a_high_range_regime_continuation_discovery/stage29a_exact_trades.csv,high_range_london_continuation_v1,hr_london_follow_h13_lq35_pq10_c00_tp06_sl065,-2.261974999999984,-3.311974999999984,-4.011974999999984,0,0,0,1,3.311974999999984,48.190000000000055,23.550000000000185,0.36390658174096147,10.0300000000002,0.19541375872382824,2.849999999999909,6.586000000000013,0.584,1.0,,,13,4,7.0,2024
2024-07-31 13:00:00+00:00|1.0|hr_london_follow_h13_lq35_pq10_c00_tp06_sl065,2024-07-31 13:00:00+00:00,STAGE29A,data/reports/stage29a_high_range_regime_continuation_discovery/stage29a_exact_trades.csv,high_range_london_continuation_v1,hr_london_follow_h13_lq35_pq10_c00_tp06_sl065,-2.229475000000184,-3.279475000000184,-3.979475000000184,0,0,0,1,3.279475000000184,36.43000000000029,15.139999999999873,0.47159841479523995,10.990000000000236,0.4003639672429478,4.430000000000291,6.458000000000107,0.528,1.0,,,13,2,7.0,2024
2024-08-05 13:00:00+00:00|-1.0|hr_london_follow_h13_lq35_pq10_c00_tp06_sl065,2024-08-05 13:00:00+00:00,STAGE29A,data/reports/stage29a_high_range_regime_continuation_discovery/stage29a_exact_trades.csv,high_range_london_continuation_v1,hr_london_follow_h13_lq35_pq10_c00_tp06_sl065,3.692199999999866,2.642199999999866,1.9421999999998665,1,1,1,0,2.642199999999866,9.230000000000018,38.48999999999978,0.24941543257990176,39.67000000000007,0.6765817998487547,9.550000000000182,13.082000000000061,0.968,-1.0,,,13,0,8.0,2024
2024-08-06 13:00:00+00:00|1.0|hr_london_follow_h13_lq35_pq10_c00_tp06_sl065,2024-08-06 13:00:00+00:00,STAGE29A,data/reports/stage29a_high_range_regime_continuation_discovery/stage29a_exact_trades.csv,high_range_london_continuation_v1,hr_london_follow_h13_lq35_pq10_c00_tp06_sl065,-3.5259000000001834,-4.575900000000184,-5.275900000000183,0,0,0,1,4.575900000000184,94.65999999999984,13.960000000000036,0.005014326647576184,20.72000000000025,0.20945945945944197,5.320000000000164,8.264500000000089,0.744,1.0,,,13,1,8.0,2024
2024-08-07 13:00:00+00:00|1.0|hr_london_follow_h13_lq35_pq10_c00_tp06_sl065,2024-08-07 13:00:00+00:00,STAGE29A,data/reports/stage29a_high_range_regime_continuation_discovery/stage29a_exact_trades.csv,high_range_london_continuation_v1,hr_london_follow_h13_lq35_pq10_c00_tp06_sl065,-2.3321750000000976,-3.3821750000000974,-4.082175000000097,0,0,0,1,3.3821750000000974,36.63000000000011,11.710000000000036,0.22715627668657953,11.829999999999927,0.7007607776838558,3.930000000000291,6.822499999999991,0.396,1.0,,,13,2,8.0,2024
2024-08-08 13:00:00+00:00|1.0|hr_london_follow_h13_lq35_pq10_c00_tp06_sl065,2024-08-08 13:00:00+00:00,STAGE29A,data/reports/stage29a_high_range_regime_continuation_discovery/stage29a_exact_trades.csv,high_range_london_continuation_v1,hr_london_follow_h13_lq35_pq10_c00_tp06_sl065,1.679500000000098,0.6295000000000983,-0.0704999999999014,1,0,1,0,0.6295000000000983,28.01000000000022,14.150000000000093,0.7519434628975127,15.019999999999982,0.1291611185086589,5.150000000000091,5.698000000000024,0.1,1.0,,,13,3,8.0,2024
2024-08-09 13:00:00+00:00|1.0|hr_london_follow_h13_lq35_pq10_c00_tp06_sl065,2024-08-09 13:00:00+00:00,STAGE29A,data/reports/stage29a_high_range_regime_continuation_discovery/stage29a_exact_trades.csv,high_range_london_continuation_v1,hr_london_follow_h13_lq35_pq10_c00_tp06_sl065,1.227099999999973,0.1770999999999731,-0.5229000000000266,1,0,1,0,0.1770999999999731,47.190000000000055,9.679999999999836,0.4845041322314188,10.159999999999854,0.24606299212598778,2.9600000000000364,5.6220000000000026,0.092,1.0,,,13,4,8.0,2024
2024-08-16 13:00:00+00:00|1.0|hr_london_follow_h13_lq35_pq10_c00_tp06_sl065,2024-08-16 13:00:00+00:00,STAGE29A,data/reports/stage29a_high_range_regime_continuation_discovery/stage29a_exact_trades.csv,high_range_london_continuation_v1,hr_london_follow_h13_lq35_pq10_c00_tp06_sl065,-2.045525000000089,-3.0955250000000887,-3.795525000000088,0,0,0,1,3.0955250000000887,37.90000000000009,9.2199999999998,0.26030368763559036,13.390000000000327,0.8110530246452473,3.0700000000001637,4.9780000000000655,0.04,1.0,,,13,4,8.0,2024
2024-08-20 13:00:00+00:00|1.0|hr_london_follow_h13_lq35_pq10_c00_tp06_sl065,2024-08-20 13:00:00+00:00,STAGE29A,data/reports/stage29a_high_range_regime_continuation_discovery/stage29a_exact_trades.csv,high_range_london_continuation_v1,hr_london_follow_h13_lq35_pq10_c00_tp06_sl065,2.006499999999869,0.9564999999998692,0.2564999999998694,1,1,1,0,0.9564999999998692,23.800000000000185,9.5,0.2642105263157646,27.90999999999985,0.7115729129344404,5.519999999999982,5.144999999999982,0.08,1.0,,,13,1,8.0,2024
2024-08-27 13:00:00+00:00|-1.0|hr_london_follow_h13_lq35_pq10_c00_tp06_sl065,2024-08-27 13:00:00+00:00,STAGE29A,data/reports/stage29a_high_range_regime_continuation_discovery/stage29a_exact_trades.csv,high_range_london_continuation_v1,hr_london_follow_h13_lq35_pq10_c00_tp06_sl065,-2.5223000000001776,-3.572300000000177,-4.272300000000177,0,0,0,1,3.572300000000177,18.050000000000185,11.989999999999782,0.6905754795662966,13.979999999999563,0.006437768240353958,5.670000000000073,5.167499999999973,0.196,-1.0,,,13,1,8.0,2024
2024-08-28 13:00:00+00:00|-1.0|hr_london_follow_h13_lq35_pq10_c00_tp06_sl065,2024-08-28 13:00:00+00:00,STAGE29A,data/reports/stage29a_high_range_regime_continuation_discovery/stage29a_exact_trades.csv,high_range_london_continuation_v1,hr_london_follow_h13_lq35_pq10_c00_tp06_sl065,-2.055924999999752,-3.105924999999752,-3.805924999999752,0,0,0,1,3.105924999999752,22.4399999999996,15.88000000000011,0.6190176322418047,12.849999999999907,0.4513618677042621,3.7100000000000364,5.0939999999999825,0.172,-1.0,,,13,2,8.0,2024
2024-08-29 13:00:00+00:00|1.0|hr_london_follow_h13_lq35_pq10_c00_tp06_sl065,2024-08-29 13:00:00+00:00,STAGE29A,data/reports/stage29a_high_range_regime_continuation_discovery/stage29a_exact_trades.csv,high_range_london_continuation_v1,hr_london_follow_h13_lq35_pq10_c00_tp06_sl065,-2.314300000000094,-3.3643000000000938,-4.0643000000000935,0,0,0,1,3.3643000000000938,35.45000000000027,12.860000000000127,0.7449455676516199,10.539999999999964,0.5910815939278975,8.480000000000018,4.832999999999993,0.112,1.0,,,13,3,8.0,2024
2024-09-05 13:00:00+00:00|1.0|hr_london_follow_h13_lq35_pq10_c00_tp06_sl065,2024-09-05 13:00:00+00:00,STAGE29A,data/reports/stage29a_high_range_regime_continuation_discovery/stage29a_exact_trades.csv,high_range_london_continuation_v1,hr_london_follow_h13_lq35_pq10_c00_tp06_sl065,-2.327300000000014,-3.3773000000000137,-4.0773000000000135,0,0,0,1,3.3773000000000137,28.620000000000346,4.880000000000109,0.08811475409832514,23.40999999999985,0.8821016659547296,2.519999999999982,4.613000000000056,0.132,1.0,,,13,3,9.0,2024
2024-09-18 13:00:00+00:00|-1.0|hr_london_follow_h13_lq35_pq10_c00_tp06_sl065,2024-09-18 13:00:00+00:00,STAGE29A,data/reports/stage29a_high_range_regime_continuation_discovery/stage29a_exact_trades.csv,high_range_london_continuation_v1,hr_london_follow_h13_lq35_pq10_c00_tp06_sl065,-1.6763249999999972,-2.726324999999997,-3.4263249999999967,0,0,0,0,2.726324999999997,26.2199999999998,8.230000000000018,0.6342648845686255,10.759999999999764,0.369888475836441,3.9899999999997817,5.132999999999948,0.488,-1.0,,,13,2,9.0,2024
2024-09-20 13:00:00+00:00|1.0|hr_london_follow_h13_lq35_pq10_c00_tp06_sl065,2024-09-20 13:00:00+00:00,STAGE29A,data/reports/stage29a_high_range_regime_continuation_discovery/stage29a_exact_trades.csv,high_range_london_continuation_v1,hr_london_follow_h13_lq35_pq10_c00_tp06_sl065,1.501599999999962,0.4515999999999622,-0.2484000000000374,1,0,1,0,0.4515999999999622,43.78999999999997,8.75,0.41142857142856104,21.419999999999614,0.6984126984127126,8.039999999999964,5.049000000000047,0.416,1.0,,,13,4,9.0,2024
2024-09-25 13:00:00+00:00|-1.0|hr_london_follow_h13_lq35_pq10_c00_tp06_sl065,2024-09-25 13:00:00+00:00,STAGE29A,data/reports/stage29a_high_range_regime_continuation_discovery/stage29a_exact_trades.csv,high_range_london_continuation_v1,hr_london_follow_h13_lq35_pq10_c00_tp06_sl065,-2.327300000000014,-3.3773000000000137,-4.0773000000000135,0,0,0,1,3.3773000000000137,41.76999999999998,15.13000000000011,0.15333773959019778,10.159999999999854,0.4498031496063218,4.919999999999618,6.537499999999954,0.724,-1.0,,,13,2,9.0,2024
2024-09-26 13:00:00+00:00|1.0|hr_london_follow_h13_lq35_pq10_c00_tp06_sl065,2024-09-26 13:00:00+00:00,STAGE29A,data/reports/stage29a_high_range_regime_continuation_discovery/stage29a_exact_trades.csv,high_range_london_continuation_v1,hr_london_follow_h13_lq35_pq10_c00_tp06_sl065,-2.0318750000002184,-3.081875000000218,-3.781875000000218,0,0,0,1,3.081875000000218,20.829999999999927,7.170000000000073,0.6094839609484382,12.570000000000164,0.49721559268098,2.869999999999891,5.068999999999915,0.308,1.0,,,13,3,9.0,2024
2024-09-30 13:00:00+00:00|-1.0|hr_london_follow_h13_lq35_pq10_c00_tp06_sl065,2024-09-30 13:00:00+00:00,STAGE29A,data/reports/stage29a_high_range_regime_continuation_discovery/stage29a_exact_trades.csv,high_range_london_continuation_v1,hr_london_follow_h13_lq35_pq10_c00_tp06_sl065,1.5105999999999766,0.4605999999999768,-0.2394000000000229,1,0,1,0,0.4605999999999768,6.25,18.65999999999985,0.487674169346194,12.220000000000256,0.3199672667757588,5.289999999999964,6.7634999999999765,0.7,-1.0,,,13,0,9.0,2024
2024-10-01 13:00:00+00:00|1.0|hr_london_follow_h13_lq35_pq10_c00_tp06_sl065,2024-10-01 13:00:00+00:00,STAGE29A,data/reports/stage29a_high_range_regime_continuation_discovery/stage29a_exact_trades.csv,high_range_london_continuation_v1,hr_london_follow_h13_lq35_pq10_c00_tp06_sl065,0.991899999999896,-0.0581000000001039,-0.7581000000001037,0,0,0,0,0.0581000000001039,41.48000000000002,7.730000000000018,0.3842173350582468,11.840000000000146,0.9045608108108028,3.9400000000000546,4.787000000000035,0.108,1.0,,,13,1,10.0,2024
2024-10-11 13:00:00+00:00|-1.0|hr_london_follow_h13_lq35_pq10_c00_tp06_sl065,2024-10-11 13:00:00+00:00,STAGE29A,data/reports/stage29a_high_range_regime_continuation_discovery/stage29a_exact_trades.csv,high_range_london_continuation_v1,hr_london_follow_h13_lq35_pq10_c00_tp06_sl065,-2.0724999999998546,-3.1224999999998544,-3.822499999999854,0,0,0,1,3.1224999999998544,25.800000000000185,17.980000000000018,0.9566184649610567,10.989999999999782,0.6960873521383296,5.529999999999745,6.082500000000005,0.34,-1.0,,,13,4,10.0,2024
2024-10-14 13:00:00+00:00|1.0|hr_london_follow_h13_lq35_pq10_c00_tp06_sl065,2024-10-14 13:00:00+00:00,STAGE29A,data/reports/stage29a_high_range_regime_continuation_discovery/stage29a_exact_trades.csv,high_range_london_continuation_v1,hr_london_follow_h13_lq35_pq10_c00_tp06_sl065,1.4304999999998471,0.3804999999998473,-0.3195000000001524,1,0,1,0,0.3804999999998473,11.429999999999836,14.259999999999764,0.3709677419354875,11.480000000000018,0.24912891986063787,6.179999999999836,5.545499999999924,0.176,1.0,,,13,0,10.0,2024
2024-10-15 13:00:00+00:00|1.0|hr_london_follow_h13_lq35_pq10_c00_tp06_sl065,2024-10-15 13:00:00+00:00,STAGE29A,data/reports/stage29a_high_range_regime_continuation_discovery/stage29a_exact_trades.csv,high_range_london_continuation_v1,hr_london_follow_h13_lq35_pq10_c00_tp06_sl065,-2.291225000000032,-3.341225000000031,-4.041225000000031,0,0,0,1,3.341225000000031,23.65999999999985,8.349999999999909,0.5185628742514939,17.829999999999927,0.448121144139081,4.460000000000036,4.957000000000017,0.056,1.0,,,13,1,10.0,2024
2024-10-18 13:00:00+00:00|1.0|hr_london_follow_h13_lq35_pq10_c00_tp06_sl065,2024-10-18 13:00:00+00:00,STAGE29A,data/reports/stage29a_high_range_regime_continuation_discovery/stage29a_exact_trades.csv,high_range_london_continuation_v1,hr_london_follow_h13_lq35_pq10_c00_tp06_sl065,-2.37539999999999,-3.4253999999999905,-4.12539999999999,0,0,0,1,3.4253999999999905,23.579999999999927,20.360000000000127,0.849214145383097,12.329999999999927,0.11678832116788833,7.010000000000218,5.587500000000046,0.272,1.0,,,13,4,10.0,2024
2024-10-24 13:00:00+00:00|1.0|hr_london_follow_h13_lq35_pq10_c00_tp06_sl065,2024-10-24 13:00:00+00:00,STAGE29A,data/reports/stage29a_high_range_regime_continuation_discovery/stage29a_exact_trades.csv,high_range_london_continuation_v1,hr_london_follow_h13_lq35_pq10_c00_tp06_sl065,1.1541999999998551,0.1041999999998553,-0.5958000000001444,1,0,0,0,0.1041999999998553,49.92000000000007,12.279999999999744,0.39576547231272213,16.420000000000073,0.8361753958587063,3.230000000000018,5.922000000000049,0.54,1.0,,,13,3,10.0,2024
2024-10-25 13:00:00+00:00|-1.0|hr_london_follow_h13_lq35_pq10_c00_tp06_sl065,2024-10-25 13:00:00+00:00,STAGE29A,data/reports/stage29a_high_range_regime_continuation_discovery/stage29a_exact_trades.csv,high_range_london_continuation_v1,hr_london_follow_h13_lq35_pq10_c00_tp06_sl065,-2.2102999999998247,-3.260299999999825,-3.960299999999824,0,0,0,1,3.260299999999825,29.029999999999745,11.730000000000018,0.7357203751065725,15.730000000000018,0.3146853146853317,4.320000000000164,5.034999999999991,0.096,-1.0,,,13,4,10.0,2024
2024-10-28 13:00:00+00:00|-1.0|hr_london_follow_h13_lq35_pq10_c00_tp06_sl065,2024-10-28 13:00:00+00:00,STAGE29A,data/reports/stage29a_high_range_regime_continuation_discovery/stage29a_exact_trades.csv,high_range_london_continuation_v1,hr_london_follow_h13_lq35_pq10_c00_tp06_sl065,-2.7618250000001354,-3.8118250000001352,-4.511825000000135,0,0,0,1,3.8118250000001352,10.010000000000218,15.480000000000018,0.062015503875941895,16.909999999999854,0.06386753400357134,5.449999999999818,5.938000000000057,0.604,-1.0,,,13,0,10.0,2024
2024-10-31 13:00:00+00:00|-1.0|hr_london_follow_h13_lq35_pq10_c00_tp06_sl065,2024-10-31 13:00:00+00:00,STAGE29A,data/reports/stage29a_high_range_regime_continuation_discovery/stage29a_exact_trades.csv,high_range_london_continuation_v1,hr_london_follow_h13_lq35_pq10_c00_tp06_sl065,-2.143999999999869,-3.193999999999869,-3.8939999999998687,0,0,0,1,3.193999999999869,19.139999999999876,8.029999999999745,0.2889165628891952,13.509999999999764,0.2672094744633409,8.0,4.854499999999962,0.072,-1.0,,,13,3,10.0,2024
2024-11-04 13:00:00+00:00|-1.0|hr_london_follow_h13_lq35_pq10_c00_tp06_sl065,2024-11-04 13:00:00+00:00,STAGE29A,data/reports/stage29a_high_range_regime_continuation_discovery/stage29a_exact_trades.csv,high_range_london_continuation_v1,hr_london_follow_h13_lq35_pq10_c00_tp06_sl065,-2.575275000000238,-3.625275000000238,-4.325275000000238,0,0,0,1,3.625275000000238,10.75,12.879999999999654,0.19720496894410183,13.289999999999964,0.15876598946573953,7.809999999999945,6.327499999999986,0.72,-1.0,,,13,0,11.0,2024
2024-11-05 13:00:00+00:00|1.0|hr_london_follow_h13_lq35_pq10_c00_tp06_sl065,2024-11-05 13:00:00+00:00,STAGE29A,data/reports/stage29a_high_range_regime_continuation_discovery/stage29a_exact_trades.csv,high_range_london_continuation_v1,hr_london_follow_h13_lq35_pq10_c00_tp06_sl065,1.5159999999999854,0.4659999999999855,-0.2340000000000142,1,0,1,0,0.4659999999999855,18.789999999999964,13.260000000000218,0.12141779788835944,13.2800000000002,0.2567771084337201,4.639999999999873,5.242500000000041,0.188,1.0,,,13,1,11.0,2024
2024-11-08 13:00:00+00:00|-1.0|hr_london_follow_h13_lq35_pq10_c00_tp06_sl065,2024-11-08 13:00:00+00:00,STAGE29A,data/reports/stage29a_high_range_regime_continuation_discovery/stage29a_exact_trades.csv,high_range_london_continuation_v1,hr_london_follow_h13_lq35_pq10_c00_tp06_sl065,-2.860949999999866,-3.910949999999866,-4.610949999999866,0,0,0,1,3.910949999999866,66.90999999999985,17.09999999999991,0.7777777777777659,16.240000000000236,0.3232758620689608,7.2599999999997635,7.055999999999972,0.724,-1.0,,,13,4,11.0,2024
2024-11-12 13:00:00+00:00|-1.0|hr_london_follow_h13_lq35_pq10_c00_tp06_sl065,2024-11-12 13:00:00+00:00,STAGE29A,data/reports/stage29a_high_range_regime_continuation_discovery/stage29a_exact_trades.csv,high_range_london_continuation_v1,hr_london_follow_h13_lq35_pq10_c00_tp06_sl065,2.91279999999997,1.8627999999999705,1.1627999999999703,1,1,1,0,1.8627999999999705,75.67999999999984,11.579999999999927,0.5397236614853229,28.46000000000004,0.7350667603654267,8.900000000000091,6.995999999999936,0.596,-1.0,,,13,1,11.0,2024
2024-11-13 13:00:00+00:00|1.0|hr_london_follow_h13_lq35_pq10_c00_tp06_sl065,2024-11-13 13:00:00+00:00,STAGE29A,data/reports/stage29a_high_range_regime_continuation_discovery/stage29a_exact_trades.csv,high_range_london_continuation_v1,hr_london_follow_h13_lq35_pq10_c00_tp06_sl065,1.5066999999998187,0.4566999999998189,-0.2433000000001808,1,0,1,0,0.4566999999998189,37.48000000000002,15.940000000000056,0.4567126725219398,10.599999999999907,0.2584905660377604,3.4400000000000546,5.74200000000003,0.16,1.0,,,13,2,11.0,2024
2024-11-15 13:00:00+00:00|1.0|hr_london_follow_h13_lq35_pq10_c00_tp06_sl065,2024-11-15 13:00:00+00:00,STAGE29A,data/reports/stage29a_high_range_regime_continuation_discovery/stage29a_exact_trades.csv,high_range_london_continuation_v1,hr_london_follow_h13_lq35_pq10_c00_tp06_sl065,1.6492000000002007,0.5992000000002009,-0.1007999999997988,1,0,1,0,0.5992000000002009,44.54999999999973,8.599999999999909,0.02325581395346747,15.809999999999944,0.039848197343460554,7.339999999999691,6.577499999999918,0.244,1.0,,,13,4,11.0,2024
2024-11-20 13:00:00+00:00|-1.0|hr_london_follow_h13_lq35_pq10_c00_tp06_sl065,2024-11-20 13:00:00+00:00,STAGE29A,data/reports/stage29a_high_range_regime_continuation_discovery/stage29a_exact_trades.csv,high_range_london_continuation_v1,hr_london_follow_h13_lq35_pq10_c00_tp06_sl065,-2.329899999999816,-3.379899999999816,-4.079899999999816,0,0,0,1,3.379899999999816,29.17999999999984,10.159999999999854,0.14763779527559268,19.74000000000024,0.5916919959472997,5.2400000000002365,4.97000000000005,0.004,-1.0,,,13,2,11.0,2024
2024-11-21 13:00:00+00:00|1.0|hr_london_follow_h13_lq35_pq10_c00_tp06_sl065,2024-11-21 13:00:00+00:00,STAGE29A,data/reports/stage29a_high_range_regime_continuation_discovery/stage29a_exact_trades.csv,high_range_london_continuation_v1,hr_london_follow_h13_lq35_pq10_c00_tp06_sl065,-2.3620750000000954,-3.4120750000000952,-4.112075000000095,0,0,0,1,3.4120750000000952,36.64000000000033,11.610000000000127,0.41860465116279705,17.059999999999945,0.759671746776089,5.239999999999782,5.6704999999999925,0.084,1.0,,,13,3,11.0,2024
2024-11-25 13:00:00+00:00|1.0|hr_london_follow_h13_lq35_pq10_c00_tp06_sl065,2024-11-25 13:00:00+00:00,STAGE29A,data/reports/stage29a_high_range_regime_continuation_discovery/stage29a_exact_trades.csv,high_range_london_continuation_v1,hr_london_follow_h13_lq35_pq10_c00_tp06_sl065,-3.019550000000072,-4.069550000000072,-4.769550000000072,0,0,0,1,4.069550000000072,16.51000000000022,62.03999999999997,0.7633784655061202,19.73999999999978,0.26443768996959766,9.129999999999654,10.903500000000031,0.972,1.0,,,13,0,11.0,2024
2024-11-28 13:00:00+00:00|1.0|hr_london_follow_h13_lq35_pq10_c00_tp06_sl065,2024-11-28 13:00:00+00:00,STAGE29A,data/reports/stage29a_high_range_regime_continuation_discovery/stage29a_exact_trades.csv,high_range_london_continuation_v1,hr_london_follow_h13_lq35_pq10_c00_tp06_sl065,-2.264899999999761,-3.3148999999997613,-4.014899999999761,0,0,0,1,3.3148999999997613,31.329999999999927,17.48999999999978,0.33390508862208224,19.41000000000031,0.8377125193199126,4.7400000000002365,6.230499999999961,0.248,1.0,,,13,3,11.0,2024
2024-11-29 13:00:00+00:00|1.0|hr_london_follow_h13_lq35_pq10_c00_tp06_sl065,2024-11-29 13:00:00+00:00,STAGE29A,data/reports/stage29a_high_range_regime_continuation_discovery/stage29a_exact_trades.csv,high_range_london_continuation_v1,hr_london_follow_h13_lq35_pq10_c00_tp06_sl065,-2.612000000000171,-3.662000000000171,-4.362000000000171,0,0,0,1,3.662000000000171,28.65000000000009,30.29000000000042,0.6956091119181206,11.809999999999944,0.2464013547840701,4.549999999999727,5.9180000000000295,0.212,1.0,,,13,4,11.0,2024
2024-12-02 13:00:00+00:00|1.0|hr_london_follow_h13_lq35_pq10_c00_tp06_sl065,2024-12-02 13:00:00+00:00,STAGE29A,data/reports/stage29a_high_range_regime_continuation_discovery/stage29a_exact_trades.csv,high_range_london_continuation_v1,hr_london_follow_h13_lq35_pq10_c00_tp06_sl065,-2.5752749999997837,-3.625274999999783,-4.325274999999783,0,0,0,1,3.625274999999783,9.420000000000073,29.420000000000076,0.5849762066621343,15.789999999999964,0.45725142495248994,4.349999999999909,8.745500000000016,0.808,1.0,,,13,0,12.0,2024
2024-12-03 13:00:00+00:00|1.0|hr_london_follow_h13_lq35_pq10_c00_tp06_sl065,2024-12-03 13:00:00+00:00,STAGE29A,data/reports/stage29a_high_range_regime_continuation_discovery/stage29a_exact_trades.csv,high_range_london_continuation_v1,hr_london_follow_h13_lq35_pq10_c00_tp06_sl065,1.3564000000000305,0.3064000000000306,-0.3935999999999691,1,0,1,0,0.3064000000000306,30.550000000000185,11.13000000000011,0.21024258760104833,12.860000000000127,0.21228615863141456,3.1700000000000728,5.37699999999993,0.068,1.0,,,13,1,12.0,2024
2024-12-05 13:00:00+00:00|1.0|hr_london_follow_h13_lq35_pq10_c00_tp06_sl065,2024-12-05 13:00:00+00:00,STAGE29A,data/reports/stage29a_high_range_regime_continuation_discovery/stage29a_exact_trades.csv,high_range_london_continuation_v1,hr_london_follow_h13_lq35_pq10_c00_tp06_sl065,1.2993999999997867,0.2493999999997869,-0.4506000000002128,1,0,1,0,0.2493999999997869,24.800000000000185,6.940000000000055,0.5821325648414888,13.88000000000011,0.17939481268009813,5.820000000000164,5.433999999999946,0.052,1.0,,,13,3,12.0,2024
2024-12-09 13:00:00+00:00|1.0|hr_london_follow_h13_lq35_pq10_c00_tp06_sl065,2024-12-09 13:00:00+00:00,STAGE29A,data/reports/stage29a_high_range_regime_continuation_discovery/stage29a_exact_trades.csv,high_range_london_continuation_v1,hr_london_follow_h13_lq35_pq10_c00_tp06_sl065,1.3306000000001403,0.2806000000001405,-0.4193999999998592,1,0,1,0,0.2806000000001405,11.929999999999836,23.019999999999985,0.1776715899218136,22.47000000000025,0.9577214063195255,4.860000000000127,7.803999999999997,0.664,1.0,,,13,0,12.0,2024
2024-12-11 13:00:00+00:00|1.0|hr_london_follow_h13_lq35_pq10_c00_tp06_sl065,2024-12-11 13:00:00+00:00,STAGE29A,data/reports/stage29a_high_range_regime_continuation_discovery/stage29a_exact_trades.csv,high_range_london_continuation_v1,hr_london_follow_h13_lq35_pq10_c00_tp06_sl065,2.2168000000000574,1.1668000000000576,0.4668000000000578,1,1,1,0,1.1668000000000576,38.01999999999998,21.779999999999745,0.5335169880624439,25.350000000000364,0.3932938856015823,7.4900000000002365,7.634500000000026,0.756,1.0,,,13,2,12.0,2024
2024-12-13 13:00:00+00:00|-1.0|hr_london_follow_h13_lq35_pq10_c00_tp06_sl065,2024-12-13 13:00:00+00:00,STAGE29A,data/reports/stage29a_high_range_regime_continuation_discovery/stage29a_exact_trades.csv,high_range_london_continuation_v1,hr_london_follow_h13_lq35_pq10_c00_tp06_sl065,-2.742975000000206,-3.792975000000206,-4.4929750000002056,0,0,0,1,3.792975000000206,51.2199999999998,13.740000000000236,0.4832605531295312,25.5,0.8109803921568741,5.059999999999945,6.2040000000000415,0.296,-1.0,,,13,4,12.0,2024
2024-12-19 13:00:00+00:00|1.0|hr_london_follow_h13_lq35_pq10_c00_tp06_sl065,2024-12-19 13:00:00+00:00,STAGE29A,data/reports/stage29a_high_range_regime_continuation_discovery/stage29a_exact_trades.csv,high_range_london_continuation_v1,hr_london_follow_h13_lq35_pq10_c00_tp06_sl065,-3.028324999999859,-4.078324999999859,-4.7783249999998585,0,0,0,1,4.078324999999859,68.09999999999991,35.46000000000004,0.5930626057529661,23.2800000000002,0.4463058419243893,9.039999999999964,10.11400000000001,0.996,1.0,,,13,3,12.0,2024
2024-12-27 13:00:00+00:00|-1.0|hr_london_follow_h13_lq35_pq10_c00_tp06_sl065,2024-12-27 13:00:00+00:00,STAGE29A,data/reports/stage29a_high_range_regime_continuation_discovery/stage29a_exact_trades.csv,high_range_london_continuation_v1,hr_london_follow_h13_lq35_pq10_c00_tp06_sl065,-2.0539749999999004,-3.1039749999999,-3.8039749999999,0,0,0,1,3.1039749999999,26.139999999999876,6.550000000000182,0.14656488549618468,14.829999999999927,0.4686446392447641,4.510000000000218,4.311000000000059,0.104,-1.0,,,13,4,12.0,2024
2024-12-31 13:00:00+00:00|1.0|hr_london_follow_h13_lq35_pq10_c00_tp06_sl065,2024-12-31 13:00:00+00:00,STAGE29A,data/reports/stage29a_high_range_regime_continuation_discovery/stage29a_exact_trades.csv,high_range_london_continuation_v1,hr_london_follow_h13_lq35_pq10_c00_tp06_sl065,1.1674000000001796,0.1174000000001798,-0.5825999999998199,1,0,0,0,0.1174000000001798,32.159999999999854,8.059999999999945,0.01488833746896919,15.179999999999836,0.33596837944663793,4.809999999999945,4.7085000000000035,0.272,1.0,,,13,1,12.0,2024
2025-01-21 13:00:00+00:00|-1.0|hr_london_follow_h13_lq35_pq10_c00_tp06_sl065,2025-01-21 13:00:00+00:00,STAGE29A,data/reports/stage29a_high_range_regime_continuation_discovery/stage29a_exact_trades.csv,high_range_london_continuation_v1,hr_london_follow_h13_lq35_pq10_c00_tp06_sl065,1.8007000000001423,0.7507000000001427,0.0507000000001429,1,1,1,0,0.7507000000001427,24.550000000000185,25.09999999999991,0.6749003984063792,15.799999999999727,0.4974683544303964,5.150000000000091,6.870499999999993,0.92,-1.0,,,13,1,1.0,2025
2025-02-03 13:00:00+00:00|1.0|hr_london_follow_h13_lq35_pq10_c00_tp06_sl065,2025-02-03 13:00:00+00:00,STAGE29A,data/reports/stage29a_high_range_regime_continuation_discovery/stage29a_exact_trades.csv,high_range_london_continuation_v1,hr_london_follow_h13_lq35_pq10_c00_tp06_sl065,-2.785875000000124,-3.835875000000124,-4.535875000000123,0,0,0,1,3.835875000000124,20.699999999999815,31.9699999999998,0.37566468564278505,20.809999999999945,0.8279673234022136,7.130000000000109,9.304999999999973,0.984,1.0,,,13,0,2.0,2025
2025-02-04 13:00:00+00:00|-1.0|hr_london_follow_h13_lq35_pq10_c00_tp06_sl065,2025-02-04 13:00:00+00:00,STAGE29A,data/reports/stage29a_high_range_regime_continuation_discovery/stage29a_exact_trades.csv,high_range_london_continuation_v1,hr_london_follow_h13_lq35_pq10_c00_tp06_sl065,-2.7247749999997724,-3.774774999999772,-4.474774999999772,0,0,0,1,3.774774999999772,58.19999999999982,13.329999999999927,0.3885971492873458,14.659999999999854,0.29058663028651166,7.200000000000273,6.982500000000073,0.764,-1.0,,,13,1,2.0,2025
2025-02-12 13:00:00+00:00|-1.0|hr_london_follow_h13_lq35_pq10_c00_tp06_sl065,2025-02-12 13:00:00+00:00,STAGE29A,data/reports/stage29a_high_range_regime_continuation_discovery/stage29a_exact_trades.csv,high_range_london_continuation_v1,hr_london_follow_h13_lq35_pq10_c00_tp06_sl065,-3.019225000000097,-4.069225000000097,-4.769225000000096,0,0,0,1,4.069225000000097,60.9399999999996,17.070000000000164,0.7861745752782627,16.440000000000055,0.15815085158150247,10.550000000000182,7.384500000000003,0.508,-1.0,,,13,2,2.0,2025
2025-02-13 13:00:00+00:00|-1.0|hr_london_follow_h13_lq35_pq10_c00_tp06_sl065,2025-02-13 13:00:00+00:00,STAGE29A,data/reports/stage29a_high_range_regime_continuation_discovery/stage29a_exact_trades.csv,high_range_london_continuation_v1,hr_london_follow_h13_lq35_pq10_c00_tp06_sl065,1.8888999999998304,0.8388999999998306,0.1388999999998308,1,1,1,0,0.8388999999998306,45.38000000000011,18.759999999999764,0.6780383795309147,13.460000000000036,0.05274888558692678,5.619999999999891,6.579499999999916,0.248,-1.0,,,13,3,2.0,2025
2025-02-21 13:00:00+00:00|1.0|hr_london_follow_h13_lq35_pq10_c00_tp06_sl065,2025-02-21 13:00:00+00:00,STAGE29A,data/reports/stage29a_high_range_regime_continuation_discovery/stage29a_exact_trades.csv,high_range_london_continuation_v1,hr_london_follow_h13_lq35_pq10_c00_tp06_sl065,-2.5495999999999186,-3.5995999999999184,-4.299599999999918,0,0,0,1,3.5995999999999184,30.779999999999745,23.40000000000009,0.5564102564102534,17.309999999999945,0.11900635470825835,2.119999999999891,7.984000000000037,0.616,1.0,,,13,4,2.0,2025
2025-02-25 13:00:00+00:00|1.0|hr_london_follow_h13_lq35_pq10_c00_tp06_sl065,2025-02-25 13:00:00+00:00,STAGE29A,data/reports/stage29a_high_range_regime_continuation_discovery/stage29a_exact_trades.csv,high_range_london_continuation_v1,hr_london_follow_h13_lq35_pq10_c00_tp06_sl065,1.7341000000000348,0.684100000000035,-0.0158999999999647,1,0,1,0,0.684100000000035,35.16000000000031,18.90999999999985,0.6959280803807486,12.91000000000031,0.05654531371030214,4.079999999999927,6.0479999999999565,0.116,1.0,,,13,1,2.0,2025
2025-02-28 13:00:00+00:00|-1.0|hr_london_follow_h13_lq35_pq10_c00_tp06_sl065,2025-02-28 13:00:00+00:00,STAGE29A,data/reports/stage29a_high_range_regime_continuation_discovery/stage29a_exact_trades.csv,high_range_london_continuation_v1,hr_london_follow_h13_lq35_pq10_c00_tp06_sl065,1.770100000000093,0.7201000000000932,0.0201000000000934,1,1,1,0,0.7201000000000932,53.14999999999964,28.039999999999964,0.44721825962910056,15.940000000000056,0.04454203262233588,4.230000000000018,7.43900000000001,0.464,-1.0,,,13,4,2.0,2025
2025-03-03 13:00:00+00:00|1.0|hr_london_follow_h13_lq35_pq10_c00_tp06_sl065,2025-03-03 13:00:00+00:00,STAGE29A,data/reports/stage29a_high_range_regime_continuation_discovery/stage29a_exact_trades.csv,high_range_london_continuation_v1,hr_london_follow_h13_lq35_pq10_c00_tp06_sl065,-2.626624999999968,-3.676624999999967,-4.376624999999967,0,0,0,1,3.676624999999967,21.38000000000011,21.38000000000011,0.1585594013096284,14.730000000000018,0.30414120841819503,6.349999999999909,8.26199999999999,0.612,1.0,,,13,0,3.0,2025
2025-03-04 13:00:00+00:00|1.0|hr_london_follow_h13_lq35_pq10_c00_tp06_sl065,2025-03-04 13:00:00+00:00,STAGE29A,data/reports/stage29a_high_range_regime_continuation_discovery/stage29a_exact_trades.csv,high_range_london_continuation_v1,hr_london_follow_h13_lq35_pq10_c00_tp06_sl065,-3.434249999999884,-4.484249999999884,-5.184249999999883,0,0,0,1,4.484249999999884,39.940000000000055,11.83999999999969,0.03378378378375394,36.98000000000002,0.6311519740400252,5.980000000000018,8.387000000000011,0.664,1.0,,,13,1,3.0,2025
2025-03-05 13:00:00+00:00|1.0|hr_london_follow_h13_lq35_pq10_c00_tp06_sl065,2025-03-05 13:00:00+00:00,STAGE29A,data/reports/stage29a_high_range_regime_continuation_discovery/stage29a_exact_trades.csv,high_range_london_continuation_v1,hr_london_follow_h13_lq35_pq10_c00_tp06_sl065,1.956999999999789,0.9069999999997892,0.2069999999997893,1,1,1,0,0.9069999999997892,45.84999999999991,16.070000000000164,0.24268823895457692,13.5,0.2125925925925845,10.069999999999709,7.649000000000138,0.372,1.0,,,13,2,3.0,2025
2025-03-07 13:00:00+00:00|1.0|hr_london_follow_h13_lq35_pq10_c00_tp06_sl065,2025-03-07 13:00:00+00:00,STAGE29A,data/reports/stage29a_high_range_regime_continuation_discovery/stage29a_exact_trades.csv,high_range_london_continuation_v1,hr_london_follow_h13_lq35_pq10_c00_tp06_sl065,-2.209324999999899,-3.2593249999998988,-3.9593249999998985,0,0,0,1,3.2593249999998988,35.41000000000031,18.309999999999945,0.1982523211359978,16.63000000000011,0.6806975345760454,4.809999999999945,7.198499999999944,0.136,1.0,,,13,4,3.0,2025
2025-03-11 13:00:00+00:00|1.0|hr_london_follow_h13_lq35_pq10_c00_tp06_sl065,2025-03-11 13:00:00+00:00,STAGE29A,data/reports/stage29a_high_range_regime_continuation_discovery/stage29a_exact_trades.csv,high_range_london_continuation_v1,hr_london_follow_h13_lq35_pq10_c00_tp06_sl065,1.4893000000000938,0.4393000000000939,-0.2606999999999058,1,0,1,0,0.4393000000000939,38.28999999999997,20.169999999999614,0.4615765989092772,21.789999999999964,0.6608536025699915,3.5,7.216999999999894,0.156,1.0,,,13,1,3.0,2025
2025-03-14 13:00:00+00:00|1.0|hr_london_follow_h13_lq35_pq10_c00_tp06_sl065,2025-03-14 13:00:00+00:00,STAGE29A,data/reports/stage29a_high_range_regime_continuation_discovery/stage29a_exact_trades.csv,high_range_london_continuation_v1,hr_london_follow_h13_lq35_pq10_c00_tp06_sl065,-3.105349999999908,-4.155349999999908,-4.855349999999907,0,0,0,1,4.155349999999908,56.50999999999976,12.150000000000093,0.27160493827158044,24.0,0.32583333333334014,18.200000000000273,7.23599999999999,0.284,1.0,,,13,4,3.0,2025
2025-03-17 13:00:00+00:00|1.0|hr_london_follow_h13_lq35_pq10_c00_tp06_sl065,2025-03-17 13:00:00+00:00,STAGE29A,data/reports/stage29a_high_range_regime_continuation_discovery/stage29a_exact_trades.csv,high_range_london_continuation_v1,hr_london_follow_h13_lq35_pq10_c00_tp06_sl065,-1.9840999999997624,-3.034099999999762,-3.7340999999997617,0,0,0,0,3.034099999999762,10.909999999999854,11.659999999999854,0.14493996569468917,17.420000000000073,0.9466130884041167,4.769999999999982,5.485999999999967,0.024,1.0,,,13,0,3.0,2025
2025-03-20 13:00:00+00:00|-1.0|hr_london_follow_h13_lq35_pq10_c00_tp06_sl065,2025-03-20 13:00:00+00:00,STAGE29A,data/reports/stage29a_high_range_regime_continuation_discovery/stage29a_exact_trades.csv,high_range_london_continuation_v1,hr_london_follow_h13_lq35_pq10_c00_tp06_sl065,-2.8876000000001114,-3.9376000000001112,-4.637600000000111,0,0,0,1,3.9376000000001112,29.17999999999984,12.38000000000011,0.4491114701130773,28.14999999999964,0.6600355239786916,16.08999999999969,7.208000000000015,0.528,-1.0,,,13,3,3.0,2025
2025-03-21 13:00:00+00:00|1.0|hr_london_follow_h13_lq35_pq10_c00_tp06_sl065,2025-03-21 13:00:00+00:00,STAGE29A,data/reports/stage29a_high_range_regime_continuation_discovery/stage29a_exact_trades.csv,high_range_london_continuation_v1,hr_london_follow_h13_lq35_pq10_c00_tp06_sl065,-2.3763749999999164,-3.426374999999916,-4.126374999999916,0,0,0,1,3.426374999999916,32.0,19.5,0.7379487179487114,13.140000000000327,0.07686453576866005,3.8400000000001455,4.945999999999958,0.004,1.0,,,13,4,3.0,2025
2025-03-25 13:00:00+00:00|1.0|hr_london_follow_h13_lq35_pq10_c00_tp06_sl065,2025-03-25 13:00:00+00:00,STAGE29A,data/reports/stage29a_high_range_regime_continuation_discovery/stage29a_exact_trades.csv,high_range_london_continuation_v1,hr_london_follow_h13_lq35_pq10_c00_tp06_sl065,1.3198000000001229,0.269800000000123,-0.4301999999998767,1,0,1,0,0.269800000000123,30.789999999999964,8.889999999999873,0.4915635545556753,14.550000000000182,0.5862542955326212,4.1599999999998545,5.54200000000003,0.068,1.0,,,13,1,3.0,2025
2025-03-26 13:00:00+00:00|1.0|hr_london_follow_h13_lq35_pq10_c00_tp06_sl065,2025-03-26 13:00:00+00:00,STAGE29A,data/reports/stage29a_high_range_regime_continuation_discovery/stage29a_exact_trades.csv,high_range_london_continuation_v1,hr_london_follow_h13_lq35_pq10_c00_tp06_sl065,-2.112474999999995,-3.162474999999995,-3.8624749999999946,0,0,0,1,3.162474999999995,28.480000000000015,12.690000000000056,0.3065405831363165,18.789999999999964,0.4220329962746063,8.059999999999945,5.297999999999979,0.032,1.0,,,13,2,3.0,2025
2025-03-27 13:00:00+00:00|1.0|hr_london_follow_h13_lq35_pq10_c00_tp06_sl065,2025-03-27 13:00:00+00:00,STAGE29A,data/reports/stage29a_high_range_regime_continuation_discovery/stage29a_exact_trades.csv,high_range_london_continuation_v1,hr_london_follow_h13_lq35_pq10_c00_tp06_sl065,-2.777424999999857,-3.827424999999857,-4.527424999999857,0,0,0,1,3.827424999999857,19.840000000000146,21.110000000000127,0.7607768829938346,29.13000000000011,0.5918297288019283,16.09999999999991,5.74699999999998,0.212,1.0,,,13,3,3.0,2025
2025-03-28 13:00:00+00:00|1.0|hr_london_follow_h13_lq35_pq10_c00_tp06_sl065,2025-03-28 13:00:00+00:00,STAGE29A,data/reports/stage29a_high_range_regime_continuation_discovery/stage29a_exact_trades.csv,high_range_london_continuation_v1,hr_london_follow_h13_lq35_pq10_c00_tp06_sl065,2.047899999999936,0.997899999999936,0.2978999999999363,1,1,1,0,0.997899999999936,42.07999999999993,23.289999999999964,0.7745813653928721,19.77000000000044,0.018715225088535025,7.179999999999836,6.467000000000053,0.508,1.0,,,13,4,3.0,2025
2025-03-31 13:00:00+00:00|1.0|hr_london_follow_h13_lq35_pq10_c00_tp06_sl065,2025-03-31 13:00:00+00:00,STAGE29A,data/reports/stage29a_high_range_regime_continuation_discovery/stage29a_exact_trades.csv,high_range_london_continuation_v1,hr_london_follow_h13_lq35_pq10_c00_tp06_sl065,2.747200000000157,1.6972000000001572,0.9972000000001576,1,1,1,0,1.6972000000001572,12.38000000000011,34.820000000000164,0.49109707064904734,22.2199999999998,0.3510351035103419,11.239999999999782,9.588500000000021,0.972,1.0,,,13,0,3.0,2025
2025-04-03 13:00:00+00:00|-1.0|hr_london_follow_h13_lq35_pq10_c00_tp06_sl065,2025-04-03 13:00:00+00:00,STAGE29A,data/reports/stage29a_high_range_regime_continuation_discovery/stage29a_exact_trades.csv,high_range_london_continuation_v1,hr_london_follow_h13_lq35_pq10_c00_tp06_sl065,3.6283000000002175,2.5783000000002176,1.878300000000218,1,1,1,0,2.5783000000002176,41.36000000000013,45.86000000000013,0.04513737461839737,33.409999999999854,0.7934750074827995,8.0,14.06049999999998,0.968,-1.0,,,13,3,4.0,2025
2025-04-07 13:00:00+00:00|1.0|hr_london_follow_h13_lq35_pq10_c00_tp06_sl065,2025-04-07 13:00:00+00:00,STAGE29A,data/reports/stage29a_high_range_regime_continuation_discovery/stage29a_exact_trades.csv,high_range_london_continuation_v1,hr_london_follow_h13_lq35_pq10_c00_tp06_sl065,5.775999999999749,4.725999999999749,4.025999999999749,1,1,1,0,4.725999999999749,31.919999999999614,84.09999999999991,0.11319857312722939,31.21000000000004,0.19801345722524283,13.6899999999996,26.00549999999989,0.968,1.0,,,13,0,4.0,2025
2025-04-11 13:00:00+00:00|1.0|hr_london_follow_h13_lq35_pq10_c00_tp06_sl065,2025-04-11 13:00:00+00:00,STAGE29A,data/reports/stage29a_high_range_regime_continuation_discovery/stage29a_exact_trades.csv,high_range_london_continuation_v1,hr_london_follow_h13_lq35_pq10_c00_tp06_sl065,-7.538674999999875,-8.588674999999876,-9.288674999999875,0,0,0,1,8.588674999999876,117.48000000000002,44.58999999999969,0.6503700381251447,42.96000000000004,0.23114525139664405,18.049999999999727,16.929500000000008,0.704,1.0,,,13,4,4.0,2025
2025-04-14 13:00:00+00:00|-1.0|hr_london_follow_h13_lq35_pq10_c00_tp06_sl065,2025-04-14 13:00:00+00:00,STAGE29A,data/reports/stage29a_high_range_regime_continuation_discovery/stage29a_exact_trades.csv,high_range_london_continuation_v1,hr_london_follow_h13_lq35_pq10_c00_tp06_sl065,-4.397875000000203,-5.447875000000204,-6.147875000000203,0,0,0,1,5.447875000000204,20.509999999999764,36.29999999999973,0.31129476584022775,21.46000000000004,0.39422180801491247,10.75,12.78000000000004,0.344,-1.0,,,13,0,4.0,2025
2025-04-21 13:00:00+00:00|1.0|hr_london_follow_h13_lq35_pq10_c00_tp06_sl065,2025-04-21 13:00:00+00:00,STAGE29A,data/reports/stage29a_high_range_regime_continuation_discovery/stage29a_exact_trades.csv,high_range_london_continuation_v1,hr_london_follow_h13_lq35_pq10_c00_tp06_sl065,-3.2941750000000867,-4.344175000000087,-5.044175000000086,0,0,0,1,4.344175000000087,24.230000000000015,56.29999999999973,0.6460035523978698,27.25,0.4565137614678919,6.049999999999727,12.712999999999965,0.252,1.0,,,13,0,4.0,2025
2025-04-30 13:00:00+00:00|-1.0|hr_london_follow_h13_lq35_pq10_c00_tp06_sl065,2025-04-30 13:00:00+00:00,STAGE29A,data/reports/stage29a_high_range_regime_continuation_discovery/stage29a_exact_trades.csv,high_range_london_continuation_v1,hr_london_follow_h13_lq35_pq10_c00_tp06_sl065,-4.5262499999999815,-5.576249999999982,-6.2762499999999815,0,0,0,1,5.576249999999982,48.690000000000055,24.269999999999985,0.5937371240214201,39.57999999999993,0.7271349166245528,11.799999999999727,11.332499999999936,0.14,-1.0,,,13,2,4.0,2025
2025-05-01 13:00:00+00:00|-1.0|hr_london_follow_h13_lq35_pq10_c00_tp06_sl065,2025-05-01 13:00:00+00:00,STAGE29A,data/reports/stage29a_high_range_regime_continuation_discovery/stage29a_exact_trades.csv,high_range_london_continuation_v1,hr_london_follow_h13_lq35_pq10_c00_tp06_sl065,-4.147950000000128,-5.197950000000128,-5.897950000000128,0,0,0,1,5.197950000000128,60.86999999999989,61.15000000000009,0.7282093213409596,27.449999999999815,0.39744990892533266,20.409999999999854,14.614999999999963,0.46,-1.0,,,13,3,5.0,2025
2025-05-09 13:00:00+00:00|1.0|hr_london_follow_h13_lq35_pq10_c00_tp06_sl065,2025-05-09 13:00:00+00:00,STAGE29A,data/reports/stage29a_high_range_regime_continuation_discovery/stage29a_exact_trades.csv,high_range_london_continuation_v1,hr_london_follow_h13_lq35_pq10_c00_tp06_sl065,-4.128449999999793,-5.178449999999794,-5.878449999999793,0,0,0,1,5.178449999999794,126.18000000000028,49.309999999999945,0.3214358142364617,24.079999999999927,0.7093023255813945,5.7199999999998,16.525499999999965,0.712,1.0,,,13,4,5.0,2025
2025-05-12 13:00:00+00:00|-1.0|hr_london_follow_h13_lq35_pq10_c00_tp06_sl065,2025-05-12 13:00:00+00:00,STAGE29A,data/reports/stage29a_high_range_regime_continuation_discovery/stage29a_exact_trades.csv,high_range_london_continuation_v1,hr_london_follow_h13_lq35_pq10_c00_tp06_sl065,5.8261000000001335,4.776100000000133,4.0761000000001335,1,1,1,0,4.776100000000133,44.57999999999993,52.61999999999989,0.20600532117066073,70.42999999999984,0.9747266789720325,18.329999999999927,18.80450000000003,0.932,-1.0,,,13,0,5.0,2025
2025-05-14 13:00:00+00:00|1.0|hr_london_follow_h13_lq35_pq10_c00_tp06_sl065,2025-05-14 13:00:00+00:00,STAGE29A,data/reports/stage29a_high_range_regime_continuation_discovery/stage29a_exact_trades.csv,high_range_london_continuation_v1,hr_london_follow_h13_lq35_pq10_c00_tp06_sl065,-4.064425000000119,-5.11442500000012,-5.814425000000119,0,0,0,1,5.11442500000012,49.62999999999965,30.800000000000185,0.849025974025972,22.360000000000127,0.1797853309481198,7.360000000000127,10.046499999999991,0.012,1.0,,,13,2,5.0,2025
2025-05-15 13:00:00+00:00|1.0|hr_london_follow_h13_lq35_pq10_c00_tp06_sl065,2025-05-15 13:00:00+00:00,STAGE29A,data/reports/stage29a_high_range_regime_continuation_discovery/stage29a_exact_trades.csv,high_range_london_continuation_v1,hr_london_follow_h13_lq35_pq10_c00_tp06_sl065,-6.468774999999914,-7.518774999999914,-8.218774999999914,0,0,0,1,7.518774999999914,88.99000000000024,44.32000000000016,0.7274368231046958,50.940000000000055,0.290341578327443,12.239999999999782,14.491500000000087,0.548,1.0,,,13,3,5.0,2025
2025-05-16 13:00:00+00:00|-1.0|hr_london_follow_h13_lq35_pq10_c00_tp06_sl065,2025-05-16 13:00:00+00:00,STAGE29A,data/reports/stage29a_high_range_regime_continuation_discovery/stage29a_exact_trades.csv,high_range_london_continuation_v1,hr_london_follow_h13_lq35_pq10_c00_tp06_sl065,-5.144399999999768,-6.194399999999769,-6.894399999999768,0,0,0,1,6.194399999999769,131.69000000000003,45.57999999999993,0.8600263273365585,35.88000000000011,0.07413600891861333,9.079999999999927,13.179999999999927,0.332,-1.0,,,13,4,5.0,2025
2025-05-29 13:00:00+00:00|1.0|hr_london_follow_h13_lq35_pq10_c00_tp06_sl065,2025-05-29 13:00:00+00:00,STAGE29A,data/reports/stage29a_high_range_regime_continuation_discovery/stage29a_exact_trades.csv,high_range_london_continuation_v1,hr_london_follow_h13_lq35_pq10_c00_tp06_sl065,-3.628925000000072,-4.678925000000072,-5.378925000000072,0,0,0,1,4.678925000000072,48.7199999999998,49.67000000000007,0.2415945238574589,23.24000000000024,0.3222891566265129,6.980000000000018,13.875999999999976,0.708,1.0,,,13,3,5.0,2025
2025-05-30 13:00:00+00:00|1.0|hr_london_follow_h13_lq35_pq10_c00_tp06_sl065,2025-05-30 13:00:00+00:00,STAGE29A,data/reports/stage29a_high_range_regime_continuation_discovery/stage29a_exact_trades.csv,high_range_london_continuation_v1,hr_london_follow_h13_lq35_pq10_c00_tp06_sl065,-4.305899999999928,-5.355899999999929,-6.055899999999928,0,0,0,1,5.355899999999929,85.5,31.449999999999815,0.6311605723370437,17.59999999999991,0.06193181818182677,6.649999999999636,9.561000000000012,0.124,1.0,,,13,4,5.0,2025
2025-06-05 13:00:00+00:00|1.0|hr_london_follow_h13_lq35_pq10_c00_tp06_sl065,2025-06-05 13:00:00+00:00,STAGE29A,data/reports/stage29a_high_range_regime_continuation_discovery/stage29a_exact_trades.csv,high_range_london_continuation_v1,hr_london_follow_h13_lq35_pq10_c00_tp06_sl065,2.480500000000029,1.4305000000000292,0.7305000000000295,1,1,1,0,1.4305000000000292,40.88999999999987,15.769999999999982,0.24413443246670347,30.279999999999745,0.6647952443857423,17.199999999999818,9.147000000000002,0.148,1.0,,,13,3,6.0,2025
2025-06-09 13:00:00+00:00|1.0|hr_london_follow_h13_lq35_pq10_c00_tp06_sl065,2025-06-09 13:00:00+00:00,STAGE29A,data/reports/stage29a_high_range_regime_continuation_discovery/stage29a_exact_trades.csv,high_range_london_continuation_v1,hr_london_follow_h13_lq35_pq10_c00_tp06_sl065,-2.8970249999998487,-3.947024999999849,-4.647024999999848,0,0,0,1,3.947024999999849,11.909999999999854,27.62999999999965,0.1458559536735523,19.21000000000004,0.4122852680895397,6.599999999999909,9.362500000000068,0.208,1.0,,,13,0,6.0,2025
2025-06-13 13:00:00+00:00|-1.0|hr_london_follow_h13_lq35_pq10_c00_tp06_sl065,2025-06-13 13:00:00+00:00,STAGE29A,data/reports/stage29a_high_range_regime_continuation_discovery/stage29a_exact_trades.csv,high_range_london_continuation_v1,hr_london_follow_h13_lq35_pq10_c00_tp06_sl065,-4.438174999999864,-5.488174999999865,-6.188174999999864,0,0,0,1,5.488174999999865,60.32000000000016,64.65000000000009,0.6521268368136086,22.43000000000029,0.05840392331698299,7.2400000000002365,12.121500000000015,0.816,-1.0,,,13,4,6.0,2025
2025-07-01 13:00:00+00:00|1.0|hr_london_follow_h13_lq35_pq10_c00_tp06_sl065,2025-07-01 13:00:00+00:00,STAGE29A,data/reports/stage29a_high_range_regime_continuation_discovery/stage29a_exact_trades.csv,high_range_london_continuation_v1,hr_london_follow_h13_lq35_pq10_c00_tp06_sl065,-2.8996250000001056,-3.9496250000001054,-4.649625000000105,0,0,0,1,3.9496250000001054,63.93000000000029,20.279999999999745,0.4817554240631215,29.08999999999969,0.8446201443795108,9.88000000000011,7.409500000000071,0.072,1.0,,,13,1,7.0,2025
2025-07-02 13:00:00+00:00|1.0|hr_london_follow_h13_lq35_pq10_c00_tp06_sl065,2025-07-02 13:00:00+00:00,STAGE29A,data/reports/stage29a_high_range_regime_continuation_discovery/stage29a_exact_trades.csv,high_range_london_continuation_v1,hr_london_follow_h13_lq35_pq10_c00_tp06_sl065,1.9432000000000695,0.8932000000000699,0.1932000000000702,1,1,1,0,0.8932000000000699,55.48999999999978,16.179999999999836,0.10074165636589157,16.269999999999982,0.10571604179472997,9.11999999999989,6.954499999999984,0.056,1.0,,,13,2,7.0,2025
2025-07-24 13:00:00+00:00|-1.0|hr_london_follow_h13_lq35_pq10_c00_tp06_sl065,2025-07-24 13:00:00+00:00,STAGE29A,data/reports/stage29a_high_range_regime_continuation_discovery/stage29a_exact_trades.csv,high_range_london_continuation_v1,hr_london_follow_h13_lq35_pq10_c00_tp06_sl065,-3.2363249999999426,-4.286324999999943,-4.986324999999942,0,0,0,1,4.286324999999943,57.620000000000346,18.539999999999964,0.1564185544768121,23.389999999999876,0.8610517315092107,8.049999999999727,8.378999999999929,0.768,-1.0,,,13,3,7.0,2025
2025-08-05 13:00:00+00:00|-1.0|hr_london_follow_h13_lq35_pq10_c00_tp06_sl065,2025-08-05 13:00:00+00:00,STAGE29A,data/reports/stage29a_high_range_regime_continuation_discovery/stage29a_exact_trades.csv,high_range_london_continuation_v1,hr_london_follow_h13_lq35_pq10_c00_tp06_sl065,-2.7293249999998808,-3.7793249999998806,-4.47932499999988,0,0,0,1,3.7793249999998806,40.25999999999976,10.429999999999836,0.2550335570470135,16.519999999999982,0.7481840193704686,7.330000000000382,5.739000000000033,0.016,-1.0,,,13,1,8.0,2025
2025-09-04 13:00:00+00:00|1.0|hr_london_follow_h13_lq35_pq10_c00_tp06_sl065,2025-09-04 13:00:00+00:00,STAGE29A,data/reports/stage29a_high_range_regime_continuation_discovery/stage29a_exact_trades.csv,high_range_london_continuation_v1,hr_london_follow_h13_lq35_pq10_c00_tp06_sl065,-3.717000000000189,-4.7670000000001895,-5.467000000000189,0,0,0,1,4.7670000000001895,52.10999999999967,52.7800000000002,0.6220159151193596,20.90000000000009,0.44928229665073144,8.169999999999618,11.038500000000045,0.94,1.0,,,13,3,9.0,2025
2025-09-05 13:00:00+00:00|-1.0|hr_london_follow_h13_lq35_pq10_c00_tp06_sl065,2025-09-05 13:00:00+00:00,STAGE29A,data/reports/stage29a_high_range_regime_continuation_discovery/stage29a_exact_trades.csv,high_range_london_continuation_v1,hr_london_follow_h13_lq35_pq10_c00_tp06_sl065,-2.6295500000001995,-3.6795500000001993,-4.379550000000199,0,0,0,1,3.6795500000001993,52.7800000000002,19.300000000000185,0.9113989637305453,16.36999999999989,0.3671350030543835,7.690000000000055,8.279500000000008,0.584,-1.0,,,13,4,9.0,2025
2025-09-08 13:00:00+00:00|1.0|hr_london_follow_h13_lq35_pq10_c00_tp06_sl065,2025-09-08 13:00:00+00:00,STAGE29A,data/reports/stage29a_high_range_regime_continuation_discovery/stage29a_exact_trades.csv,high_range_london_continuation_v1,hr_london_follow_h13_lq35_pq10_c00_tp06_sl065,-3.496325000000161,-4.546325000000161,-5.24632500000016,0,0,0,1,4.546325000000161,18.25,18.559999999999945,0.46821120689655604,37.67999999999984,0.8017515923566924,6.2599999999997635,9.490000000000032,0.636,1.0,,,13,0,9.0,2025
2025-09-17 13:00:00+00:00|-1.0|hr_london_follow_h13_lq35_pq10_c00_tp06_sl065,2025-09-17 13:00:00+00:00,STAGE29A,data/reports/stage29a_high_range_regime_continuation_discovery/stage29a_exact_trades.csv,high_range_london_continuation_v1,hr_london_follow_h13_lq35_pq10_c00_tp06_sl065,-3.36989999999978,-4.41989999999978,-5.119899999999779,0,0,0,1,4.41989999999978,28.450000000000276,21.039999999999964,0.4857414448669115,23.46000000000004,0.5920716112531906,7.080000000000382,6.962500000000023,0.112,-1.0,,,13,2,9.0,2025
2025-09-19 13:00:00+00:00|1.0|hr_london_follow_h13_lq35_pq10_c00_tp06_sl065,2025-09-19 13:00:00+00:00,STAGE29A,data/reports/stage29a_high_range_regime_continuation_discovery/stage29a_exact_trades.csv,high_range_london_continuation_v1,hr_london_follow_h13_lq35_pq10_c00_tp06_sl065,-2.9415500000000976,-3.9915500000000974,-4.691550000000097,0,0,0,1,3.9915500000000974,45.32000000000016,24.13000000000011,0.551181102362191,17.690000000000055,0.28886376483889836,3.5700000000001637,7.592000000000098,0.204,1.0,,,13,4,9.0,2025
2025-09-23 13:00:00+00:00|1.0|hr_london_follow_h13_lq35_pq10_c00_tp06_sl065,2025-09-23 13:00:00+00:00,STAGE29A,data/reports/stage29a_high_range_regime_continuation_discovery/stage29a_exact_trades.csv,high_range_london_continuation_v1,hr_london_follow_h13_lq35_pq10_c00_tp06_sl065,-4.175899999999819,-5.22589999999982,-5.925899999999819,0,0,0,1,5.22589999999982,65.05000000000018,22.389999999999876,0.2880750334970904,48.059999999999945,0.7973366625052062,16.890000000000327,9.975999999999953,0.8,1.0,,,13,1,9.0,2025
2025-09-29 13:00:00+00:00|1.0|hr_london_follow_h13_lq35_pq10_c00_tp06_sl065,2025-09-29 13:00:00+00:00,STAGE29A,data/reports/stage29a_high_range_regime_continuation_discovery/stage29a_exact_trades.csv,high_range_london_continuation_v1,hr_london_follow_h13_lq35_pq10_c00_tp06_sl065,3.3936999999999897,2.34369999999999,1.6436999999999902,1,1,1,0,2.34369999999999,14.63000000000011,43.03999999999997,0.5534386617100309,27.38000000000011,0.4755295836376892,12.670000000000073,12.45499999999995,0.912,1.0,,,13,0,9.0,2025
2025-10-03 13:00:00+00:00|1.0|hr_london_follow_h13_lq35_pq10_c00_tp06_sl065,2025-10-03 13:00:00+00:00,STAGE29A,data/reports/stage29a_high_range_regime_continuation_discovery/stage29a_exact_trades.csv,high_range_london_continuation_v1,hr_london_follow_h13_lq35_pq10_c00_tp06_sl065,-3.0250750000001063,-4.075075000000107,-4.775075000000106,0,0,0,1,4.075075000000107,77.53999999999996,25.700000000000276,0.5634241245136135,24.0,0.8966666666666848,7.970000000000255,12.19350000000004,0.668,1.0,,,13,4,10.0,2025
2025-10-09 13:00:00+00:00|1.0|hr_london_follow_h13_lq35_pq10_c00_tp06_sl065,2025-10-09 13:00:00+00:00,STAGE29A,data/reports/stage29a_high_range_regime_continuation_discovery/stage29a_exact_trades.csv,high_range_london_continuation_v1,hr_london_follow_h13_lq35_pq10_c00_tp06_sl065,2.778700000000208,1.7287000000002082,1.0287000000002084,1,1,1,0,1.7287000000002082,76.17000000000007,39.84000000000015,0.13453815261044447,20.94000000000005,0.5076408787010546,7.730000000000018,15.73900000000001,0.94,1.0,,,13,3,10.0,2025
2025-10-15 13:00:00+00:00|1.0|hr_london_follow_h13_lq35_pq10_c00_tp06_sl065,2025-10-15 13:00:00+00:00,STAGE29A,data/reports/stage29a_high_range_regime_continuation_discovery/stage29a_exact_trades.csv,high_range_london_continuation_v1,hr_london_follow_h13_lq35_pq10_c00_tp06_sl065,-6.200975000000289,-7.25097500000029,-7.950975000000289,0,0,0,1,7.25097500000029,89.0300000000002,50.0600000000004,0.5687175389532566,53.57999999999993,0.10246360582308135,47.43000000000029,17.262500000000045,0.688,1.0,,,13,2,10.0,2025
2025-10-17 13:00:00+00:00|-1.0|hr_london_follow_h13_lq35_pq10_c00_tp06_sl065,2025-10-17 13:00:00+00:00,STAGE29A,data/reports/stage29a_high_range_regime_continuation_discovery/stage29a_exact_trades.csv,high_range_london_continuation_v1,hr_london_follow_h13_lq35_pq10_c00_tp06_sl065,8.451099999999679,7.401099999999678,6.701099999999679,1,1,1,0,7.401099999999678,151.92999999999938,100.69999999999982,0.19721946375372104,66.96000000000004,0.39575866188769393,16.140000000000327,31.05650000000005,0.992,-1.0,,,13,4,10.0,2025
2025-10-20 13:00:00+00:00|-1.0|hr_london_follow_h13_lq35_pq10_c00_tp06_sl065,2025-10-20 13:00:00+00:00,STAGE29A,data/reports/stage29a_high_range_regime_continuation_discovery/stage29a_exact_trades.csv,high_range_london_continuation_v1,hr_london_follow_h13_lq35_pq10_c00_tp06_sl065,6.1692999999999305,5.11929999999993,4.4192999999999305,1,1,1,0,5.11929999999993,35.11999999999989,55.51999999999953,0.16264409221903336,46.61000000000058,0.08496030894655819,13.170000000000073,26.351499999999987,0.876,-1.0,,,13,0,10.0,2025
2025-10-21 13:00:00+00:00|-1.0|hr_london_follow_h13_lq35_pq10_c00_tp06_sl065,2025-10-21 13:00:00+00:00,STAGE29A,data/reports/stage29a_high_range_regime_continuation_discovery/stage29a_exact_trades.csv,high_range_london_continuation_v1,hr_london_follow_h13_lq35_pq10_c00_tp06_sl065,8.885499999999775,7.835499999999774,7.135499999999775,1,1,1,0,7.835499999999774,162.71999999999937,42.36000000000058,0.4952785646836467,102.25,0.796479217603908,23.349999999999454,24.80199999999986,0.836,-1.0,,,13,1,10.0,2025
2025-10-27 13:00:00+00:00|-1.0|hr_london_follow_h13_lq35_pq10_c00_tp06_sl065,2025-10-27 13:00:00+00:00,STAGE29A,data/reports/stage29a_high_range_regime_continuation_discovery/stage29a_exact_trades.csv,high_range_london_continuation_v1,hr_london_follow_h13_lq35_pq10_c00_tp06_sl065,-7.619925000000057,-8.669925000000058,-9.369925000000055,0,0,0,1,8.669925000000058,47.21000000000004,55.55000000000018,0.6064806480648136,60.00999999999976,0.5222462922846237,18.759999999999764,22.817499999999974,0.476,-1.0,,,13,0,10.0,2025
2025-10-28 13:00:00+00:00|-1.0|hr_london_follow_h13_lq35_pq10_c00_tp06_sl065,2025-10-28 13:00:00+00:00,STAGE29A,data/reports/stage29a_high_range_regime_continuation_discovery/stage29a_exact_trades.csv,high_range_london_continuation_v1,hr_london_follow_h13_lq35_pq10_c00_tp06_sl065,-8.682675000000108,-9.732675000000109,-10.432675000000108,0,0,0,1,9.732675000000109,137.97000000000023,55.86000000000013,0.19638381668457267,93.62000000000036,0.5054475539414653,30.68000000000029,23.399000000000022,0.512,-1.0,,,13,1,10.0,2025
2025-11-05 13:00:00+00:00|-1.0|hr_london_follow_h13_lq35_pq10_c00_tp06_sl065,2025-11-05 13:00:00+00:00,STAGE29A,data/reports/stage29a_high_range_regime_continuation_discovery/stage29a_exact_trades.csv,high_range_london_continuation_v1,hr_london_follow_h13_lq35_pq10_c00_tp06_sl065,-5.153499999999985,-6.203499999999986,-6.903499999999985,0,0,0,1,6.203499999999986,77.37999999999965,44.4399999999996,0.800405040504051,31.25,0.18431999999999243,15.75,15.218499999999972,0.024,-1.0,,,13,2,11.0,2025
2025-11-06 13:00:00+00:00|1.0|hr_london_follow_h13_lq35_pq10_c00_tp06_sl065,2025-11-06 13:00:00+00:00,STAGE29A,data/reports/stage29a_high_range_regime_continuation_discovery/stage29a_exact_trades.csv,high_range_london_continuation_v1,hr_london_follow_h13_lq35_pq10_c00_tp06_sl065,2.8762000000000625,1.8262000000000629,1.126200000000063,1,1,1,0,1.8262000000000629,61.58999999999969,25.949999999999815,0.5865125240847748,34.51999999999998,0.571552723059097,7.070000000000164,10.239000000000033,0.004,1.0,,,13,3,11.0,2025
2025-11-11 13:00:00+00:00|-1.0|hr_london_follow_h13_lq35_pq10_c00_tp06_sl065,2025-11-11 13:00:00+00:00,STAGE29A,data/reports/stage29a_high_range_regime_continuation_discovery/stage29a_exact_trades.csv,high_range_london_continuation_v1,hr_london_follow_h13_lq35_pq10_c00_tp06_sl065,-3.971474999999919,-5.021474999999919,-5.721474999999918,0,0,0,1,5.021474999999919,122.17999999999984,33.89000000000033,0.6878135143110113,21.980000000000476,0.06505914467699091,7.1599999999998545,11.308499999999913,0.056,-1.0,,,13,1,11.0,2025
2025-11-12 13:00:00+00:00|1.0|hr_london_follow_h13_lq35_pq10_c00_tp06_sl065,2025-11-12 13:00:00+00:00,STAGE29A,data/reports/stage29a_high_range_regime_continuation_discovery/stage29a_exact_trades.csv,high_range_london_continuation_v1,hr_london_follow_h13_lq35_pq10_c00_tp06_sl065,-4.965324999999757,-6.015324999999757,-6.715324999999757,0,0,0,1,6.015324999999757,51.60000000000037,41.720000000000255,0.7739693192713271,34.56999999999971,0.5001446340757915,10.8100000000004,13.348500000000058,0.352,1.0,,,13,2,11.0,2025
2025-11-13 13:00:00+00:00|1.0|hr_london_follow_h13_lq35_pq10_c00_tp06_sl065,2025-11-13 13:00:00+00:00,STAGE29A,data/reports/stage29a_high_range_regime_continuation_discovery/stage29a_exact_trades.csv,high_range_london_continuation_v1,hr_london_follow_h13_lq35_pq10_c00_tp06_sl065,-5.443399999999746,-6.493399999999747,-7.193399999999746,0,0,0,1,6.493399999999747,112.90999999999984,39.74000000000069,0.4574735782586579,37.099999999999454,0.4256064690027007,18.549999999999272,18.722999999999956,0.772,1.0,,,13,3,11.0,2025
2025-11-14 13:00:00+00:00|-1.0|hr_london_follow_h13_lq35_pq10_c00_tp06_sl065,2025-11-14 13:00:00+00:00,STAGE29A,data/reports/stage29a_high_range_regime_continuation_discovery/stage29a_exact_trades.csv,high_range_london_continuation_v1,hr_london_follow_h13_lq35_pq10_c00_tp06_sl065,-6.900374999999803,-7.950374999999804,-8.650374999999803,0,0,0,1,7.950374999999804,100.11999999999988,41.19999999999982,0.4191747572815438,44.849999999999454,0.7906354515050271,11.11999999999989,18.576999999999863,0.792,-1.0,,,13,4,11.0,2025
2025-11-17 13:00:00+00:00|-1.0|hr_london_follow_h13_lq35_pq10_c00_tp06_sl065,2025-11-17 13:00:00+00:00,STAGE29A,data/reports/stage29a_high_range_regime_continuation_discovery/stage29a_exact_trades.csv,high_range_london_continuation_v1,hr_london_follow_h13_lq35_pq10_c00_tp06_sl065,4.63779999999988,3.5877999999998798,2.88779999999988,1,1,1,0,3.5877999999998798,32.4699999999998,36.690000000000055,0.48460070863996113,46.059999999999945,0.18019973947025048,21.769999999999982,19.9484999999999,0.856,-1.0,,,13,0,11.0,2025
2025-11-18 13:00:00+00:00|1.0|hr_london_follow_h13_lq35_pq10_c00_tp06_sl065,2025-11-18 13:00:00+00:00,STAGE29A,data/reports/stage29a_high_range_regime_continuation_discovery/stage29a_exact_trades.csv,high_range_london_continuation_v1,hr_london_follow_h13_lq35_pq10_c00_tp06_sl065,-6.149625000000105,-7.199625000000106,-7.899625000000105,0,0,0,1,7.199625000000106,99.80999999999996,50.38999999999987,0.5225243103790433,52.27999999999975,0.644988523335883,12.899999999999636,20.05499999999997,0.8,1.0,,,13,1,11.0,2025
2025-11-19 13:00:00+00:00|1.0|hr_london_follow_h13_lq35_pq10_c00_tp06_sl065,2025-11-19 13:00:00+00:00,STAGE29A,data/reports/stage29a_high_range_regime_continuation_discovery/stage29a_exact_trades.csv,high_range_london_continuation_v1,hr_london_follow_h13_lq35_pq10_c00_tp06_sl065,4.422699999999532,3.3726999999995315,2.672699999999532,1,1,1,0,3.3726999999995315,84.03999999999996,24.850000000000364,0.06156941649900111,44.95000000000027,0.7506117908787447,11.990000000000691,15.576000000000112,0.516,1.0,,,13,2,11.0,2025
2025-11-20 13:00:00+00:00|-1.0|hr_london_follow_h13_lq35_pq10_c00_tp06_sl065,2025-11-20 13:00:00+00:00,STAGE29A,data/reports/stage29a_high_range_regime_continuation_discovery/stage29a_exact_trades.csv,high_range_london_continuation_v1,hr_london_follow_h13_lq35_pq10_c00_tp06_sl065,-7.42102500000019,-8.471025000000191,-9.17102500000019,0,0,0,1,8.471025000000191,76.84000000000015,69.11999999999944,0.4225983796296336,39.01000000000022,0.403229941040757,9.940000000000055,21.13399999999997,0.876,-1.0,,,13,3,11.0,2025
2025-11-26 13:00:00+00:00|-1.0|hr_london_follow_h13_lq35_pq10_c00_tp06_sl065,2025-11-26 13:00:00+00:00,STAGE29A,data/reports/stage29a_high_range_regime_continuation_discovery/stage29a_exact_trades.csv,high_range_london_continuation_v1,hr_london_follow_h13_lq35_pq10_c00_tp06_sl065,-4.375125000000116,-5.425125000000117,-6.125125000000116,0,0,0,1,5.425125000000117,50.42999999999938,39.88000000000011,0.7096288866599826,21.81999999999971,0.08340971585699969,9.090000000000146,12.598499999999785,0.012,-1.0,,,13,2,11.0,2025
2025-11-27 13:00:00+00:00|1.0|hr_london_follow_h13_lq35_pq10_c00_tp06_sl065,2025-11-27 13:00:00+00:00,STAGE29A,data/reports/stage29a_high_range_regime_continuation_discovery/stage29a_exact_trades.csv,high_range_london_continuation_v1,hr_london_follow_h13_lq35_pq10_c00_tp06_sl065,2.496700000000055,1.4467000000000554,0.7467000000000557,1,1,1,0,1.4467000000000554,43.90000000000055,25.90999999999985,0.5461211887302441,22.269999999999527,0.26178715761113835,8.109999999999673,9.91649999999986,0.004,1.0,,,13,3,11.0,2025
2025-12-03 13:00:00+00:00|-1.0|hr_london_follow_h13_lq35_pq10_c00_tp06_sl065,2025-12-03 13:00:00+00:00,STAGE29A,data/reports/stage29a_high_range_regime_continuation_discovery/stage29a_exact_trades.csv,high_range_london_continuation_v1,hr_london_follow_h13_lq35_pq10_c00_tp06_sl065,-3.6529749999996057,-4.702974999999606,-5.402974999999605,0,0,0,1,4.702974999999606,72.11999999999989,26.11999999999989,0.3575803981623348,29.22000000000025,0.7488021902806269,10.140000000000327,13.567500000000063,0.224,-1.0,,,13,2,12.0,2025
2025-12-04 13:00:00+00:00|1.0|hr_london_follow_h13_lq35_pq10_c00_tp06_sl065,2025-12-04 13:00:00+00:00,STAGE29A,data/reports/stage29a_high_range_regime_continuation_discovery/stage29a_exact_trades.csv,high_range_london_continuation_v1,hr_london_follow_h13_lq35_pq10_c00_tp06_sl065,-3.989350000000377,-5.039350000000377,-5.7393500000003765,0,0,0,1,5.039350000000377,46.89000000000033,29.47000000000025,0.34747200542923967,27.340000000000146,0.009509875640095717,6.0,13.181500000000005,0.212,1.0,,,13,3,12.0,2025
2025-12-12 13:00:00+00:00|1.0|hr_london_follow_h13_lq35_pq10_c00_tp06_sl065,2025-12-12 13:00:00+00:00,STAGE29A,data/reports/stage29a_high_range_regime_continuation_discovery/stage29a_exact_trades.csv,high_range_london_continuation_v1,hr_london_follow_h13_lq35_pq10_c00_tp06_sl065,-4.596124999999665,-5.646124999999666,-6.346124999999665,0,0,0,1,5.646124999999666,81.61000000000058,18.800000000000185,0.5281914893616642,64.73999999999978,0.9800741427247597,16.06999999999971,13.740999999999985,0.576,1.0,,,13,4,12.0,2025
2025-12-23 13:00:00+00:00|1.0|hr_london_follow_h13_lq35_pq10_c00_tp06_sl065,2025-12-23 13:00:00+00:00,STAGE29A,data/reports/stage29a_high_range_regime_continuation_discovery/stage29a_exact_trades.csv,high_range_london_continuation_v1,hr_london_follow_h13_lq35_pq10_c00_tp06_sl065,2.619699999999648,1.569699999999648,0.8696999999996482,1,1,1,0,1.569699999999648,122.74000000000068,52.28999999999997,0.42991011665709655,23.69000000000051,0.08104685521313305,7.970000000000255,12.317999999999984,0.404,1.0,,,13,1,12.0,2025
2025-12-24 13:00:00+00:00|-1.0|hr_london_follow_h13_lq35_pq10_c00_tp06_sl065,2025-12-24 13:00:00+00:00,STAGE29A,data/reports/stage29a_high_range_regime_continuation_discovery/stage29a_exact_trades.csv,high_range_london_continuation_v1,hr_london_follow_h13_lq35_pq10_c00_tp06_sl065,3.773199999999997,2.723199999999997,2.023199999999997,1,1,1,0,2.723199999999997,75.19000000000051,54.51000000000022,0.07228031553842569,22.300000000000185,0.43094170403585624,17.61999999999989,17.785499999999956,0.936,-1.0,,,13,2,12.0,2025
2025-12-29 13:00:00+00:00|-1.0|hr_london_follow_h13_lq35_pq10_c00_tp06_sl065,2025-12-29 13:00:00+00:00,STAGE29A,data/reports/stage29a_high_range_regime_continuation_discovery/stage29a_exact_trades.csv,high_range_london_continuation_v1,hr_london_follow_h13_lq35_pq10_c00_tp06_sl065,-7.8006250000004,-8.8506250000004,-9.5506250000004,0,0,0,1,8.8506250000004,26.170000000000076,76.92000000000007,0.15665626625065224,71.97000000000025,0.7582325969153874,17.44000000000051,24.355500000000074,0.988,-1.0,,,13,0,12.0,2025
2025-12-30 13:00:00+00:00|1.0|hr_london_follow_h13_lq35_pq10_c00_tp06_sl065,2025-12-30 13:00:00+00:00,STAGE29A,data/reports/stage29a_high_range_regime_continuation_discovery/stage29a_exact_trades.csv,high_range_london_continuation_v1,hr_london_follow_h13_lq35_pq10_c00_tp06_sl065,5.162799999999516,4.112799999999515,3.412799999999516,1,1,1,0,4.112799999999515,246.52999999999972,45.98999999999978,0.38704066101326956,41.36000000000058,0.5118471953578282,23.890000000000327,20.83650000000016,0.868,1.0,,,13,1,12.0,2025
2026-01-06 13:00:00+00:00|-1.0|hr_london_follow_h13_lq35_pq10_c00_tp06_sl065,2026-01-06 13:00:00+00:00,STAGE29A,data/reports/stage29a_high_range_regime_continuation_discovery/stage29a_exact_trades.csv,high_range_london_continuation_v1,hr_london_follow_h13_lq35_pq10_c00_tp06_sl065,-4.887325000000237,-5.9373250000002376,-6.637325000000237,0,0,0,1,5.9373250000002376,110.64000000000031,40.53999999999997,0.6625555007400024,32.96000000000004,0.46450242718447765,13.220000000000255,15.324999999999955,0.312,-1.0,,,13,1,1.0,2026
2026-01-07 13:00:00+00:00|-1.0|hr_london_follow_h13_lq35_pq10_c00_tp06_sl065,2026-01-07 13:00:00+00:00,STAGE29A,data/reports/stage29a_high_range_regime_continuation_discovery/stage29a_exact_trades.csv,high_range_london_continuation_v1,hr_london_follow_h13_lq35_pq10_c00_tp06_sl065,3.720099999999911,2.6700999999999118,1.970099999999912,1,1,1,0,2.6700999999999118,69.30999999999949,40.720000000000255,0.7094793713163101,33.11999999999989,0.011171497584537804,8.900000000000546,15.482000000000061,0.284,-1.0,,,13,2,1.0,2026
2026-01-13 13:00:00+00:00|-1.0|hr_london_follow_h13_lq35_pq10_c00_tp06_sl065,2026-01-13 13:00:00+00:00,STAGE29A,data/reports/stage29a_high_range_regime_continuation_discovery/stage29a_exact_trades.csv,high_range_london_continuation_v1,hr_london_follow_h13_lq35_pq10_c00_tp06_sl065,-4.6601500000002485,-5.710150000000249,-6.4101500000002485,0,0,0,1,5.710150000000249,116.96000000000004,32.23000000000047,0.0896680111697265,28.42999999999938,0.3496306718255619,7.829999999999927,15.20250000000001,0.184,-1.0,,,13,1,1.0,2026
2026-01-14 13:00:00+00:00|1.0|hr_london_follow_h13_lq35_pq10_c00_tp06_sl065,2026-01-14 13:00:00+00:00,STAGE29A,data/reports/stage29a_high_range_regime_continuation_discovery/stage29a_exact_trades.csv,high_range_london_continuation_v1,hr_london_follow_h13_lq35_pq10_c00_tp06_sl065,-4.402749999999832,-5.452749999999833,-6.152749999999832,0,0,0,1,5.452749999999833,64.76999999999953,42.88000000000011,0.705457089552237,21.579999999999927,0.15848007414272866,10.30999999999949,16.248499999999968,0.396,1.0,,,13,2,1.0,2026
2026-01-23 13:00:00+00:00|-1.0|hr_london_follow_h13_lq35_pq10_c00_tp06_sl065,2026-01-23 13:00:00+00:00,STAGE29A,data/reports/stage29a_high_range_regime_continuation_discovery/stage29a_exact_trades.csv,high_range_london_continuation_v1,hr_london_follow_h13_lq35_pq10_c00_tp06_sl065,-7.585800000000381,-8.635800000000382,-9.33580000000038,0,0,0,1,8.635800000000382,187.4799999999996,36.32999999999993,0.07349298100743402,67.39999999999964,0.3921364985163269,16.6899999999996,22.539999999999964,0.78,-1.0,,,13,4,1.0,2026
2026-01-27 13:00:00+00:00|1.0|hr_london_follow_h13_lq35_pq10_c00_tp06_sl065,2026-01-27 13:00:00+00:00,STAGE29A,data/reports/stage29a_high_range_regime_continuation_discovery/stage29a_exact_trades.csv,high_range_london_continuation_v1,hr_london_follow_h13_lq35_pq10_c00_tp06_sl065,-6.362499999999818,-7.412499999999818,-8.112499999999818,0,0,0,1,7.412499999999818,120.89999999999964,66.71999999999935,0.3625599520383805,43.27999999999975,0.441543438077629,16.399999999999636,33.254499999999915,0.948,1.0,,,13,1,1.0,2026
2026-02-02 13:00:00+00:00|1.0|hr_london_follow_h13_lq35_pq10_c00_tp06_sl065,2026-02-02 13:00:00+00:00,STAGE29A,data/reports/stage29a_high_range_regime_continuation_discovery/stage29a_exact_trades.csv,high_range_london_continuation_v1,hr_london_follow_h13_lq35_pq10_c00_tp06_sl065,-37.09774999999954,-38.14774999999954,-38.84774999999954,0,0,0,1,38.14774999999954,168.01999999999953,300.52999999999975,0.20949655608425147,330.25,0.07887963663891047,76.39999999999964,133.36349999999976,0.992,1.0,,,13,0,2.0,2026
2026-02-03 13:00:00+00:00|1.0|hr_london_follow_h13_lq35_pq10_c00_tp06_sl065,2026-02-03 13:00:00+00:00,STAGE29A,data/reports/stage29a_high_range_regime_continuation_discovery/stage29a_exact_trades.csv,high_range_london_continuation_v1,hr_london_follow_h13_lq35_pq10_c00_tp06_sl065,-14.74522500000021,-15.79522500000021,-16.49522500000021,0,0,0,1,15.79522500000021,481.1899999999996,189.4900000000007,0.18222597498548535,139.53999999999996,0.6661889064067655,27.98999999999978,66.50050000000006,0.728,1.0,,,13,1,2.0,2026
2026-02-04 13:00:00+00:00|-1.0|hr_london_follow_h13_lq35_pq10_c00_tp06_sl065,2026-02-04 13:00:00+00:00,STAGE29A,data/reports/stage29a_high_range_regime_continuation_discovery/stage29a_exact_trades.csv,high_range_london_continuation_v1,hr_london_follow_h13_lq35_pq10_c00_tp06_sl065,-11.170225000000393,-12.220225000000392,-12.920225000000393,0,0,0,1,12.220225000000392,327.29,170.6200000000008,0.7802133395850385,50.0,0.6368000000000029,22.479999999999563,46.102499999999964,0.572,-1.0,,,13,2,2.0,2026
2026-02-05 13:00:00+00:00|1.0|hr_london_follow_h13_lq35_pq10_c00_tp06_sl065,2026-02-05 13:00:00+00:00,STAGE29A,data/reports/stage29a_high_range_regime_continuation_discovery/stage29a_exact_trades.csv,high_range_london_continuation_v1,hr_london_follow_h13_lq35_pq10_c00_tp06_sl065,-17.33319999999967,-18.38319999999967,-19.08319999999967,0,0,0,1,18.38319999999967,239.94999999999985,234.4100000000008,0.6337613583038263,116.44999999999982,0.11592958351223719,38.779999999999745,60.45800000000004,0.704,1.0,,,13,3,2.0,2026
2026-02-06 13:00:00+00:00|1.0|hr_london_follow_h13_lq35_pq10_c00_tp06_sl065,2026-02-06 13:00:00+00:00,STAGE29A,data/reports/stage29a_high_range_regime_continuation_discovery/stage29a_exact_trades.csv,high_range_london_continuation_v1,hr_london_follow_h13_lq35_pq10_c00_tp06_sl065,-14.052975000000153,-15.102975000000152,-15.802975000000153,0,0,0,1,15.102975000000152,320.3100000000004,191.01000000000025,0.5794461022983098,95.03999999999996,0.6758207070707027,28.18000000000029,61.26499999999987,0.672,1.0,,,13,4,2.0,2026
2026-02-10 13:00:00+00:00|1.0|hr_london_follow_h13_lq35_pq10_c00_tp06_sl065,2026-02-10 13:00:00+00:00,STAGE29A,data/reports/stage29a_high_range_regime_continuation_discovery/stage29a_exact_trades.csv,high_range_london_continuation_v1,hr_london_follow_h13_lq35_pq10_c00_tp06_sl065,-8.217274999999608,-9.267274999999607,-9.967274999999608,0,0,0,1,9.267274999999607,121.23000000000047,87.30999999999949,0.0027488260222276097,51.73999999999978,0.304020100502523,21.25,28.691499999999905,0.072,1.0,,,13,1,2.0,2026
2026-02-12 13:00:00+00:00|-1.0|hr_london_follow_h13_lq35_pq10_c00_tp06_sl065,2026-02-12 13:00:00+00:00,STAGE29A,data/reports/stage29a_high_range_regime_continuation_discovery/stage29a_exact_trades.csv,high_range_london_continuation_v1,hr_london_follow_h13_lq35_pq10_c00_tp06_sl065,-6.14962499999965,-7.199624999999651,-7.89962499999965,0,0,0,1,7.199624999999651,99.52999999999976,54.75999999999931,0.13951789627466077,33.48999999999978,0.22066288444312857,21.0,22.683999999999834,0.012,-1.0,,,13,3,2.0,2026
2026-02-24 13:00:00+00:00|1.0|hr_london_follow_h13_lq35_pq10_c00_tp06_sl065,2026-02-24 13:00:00+00:00,STAGE29A,data/reports/stage29a_high_range_regime_continuation_discovery/stage29a_exact_trades.csv,high_range_london_continuation_v1,hr_london_follow_h13_lq35_pq10_c00_tp06_sl065,-6.407025000000067,-7.457025000000067,-8.157025000000067,0,0,0,1,7.457025000000067,139.01000000000022,104.50999999999932,0.6400344464644605,29.329999999999927,0.16365496079100558,17.82000000000062,23.55999999999999,0.372,1.0,,,13,1,2.0,2026
2026-02-25 13:00:00+00:00|-1.0|hr_london_follow_h13_lq35_pq10_c00_tp06_sl065,2026-02-25 13:00:00+00:00,STAGE29A,data/reports/stage29a_high_range_regime_continuation_discovery/stage29a_exact_trades.csv,high_range_london_continuation_v1,hr_london_follow_h13_lq35_pq10_c00_tp06_sl065,-5.527899999999681,-6.577899999999682,-7.277899999999681,0,0,0,1,6.577899999999682,155.44999999999982,71.0,0.506197183098586,40.40000000000055,0.19306930693069496,25.0,22.19850000000006,0.336,-1.0,,,13,2,2.0,2026
2026-02-27 13:00:00+00:00|-1.0|hr_london_follow_h13_lq35_pq10_c00_tp06_sl065,2026-02-27 13:00:00+00:00,STAGE29A,data/reports/stage29a_high_range_regime_continuation_discovery/stage29a_exact_trades.csv,high_range_london_continuation_v1,hr_london_follow_h13_lq35_pq10_c00_tp06_sl065,-4.592874999999912,-5.642874999999913,-6.342874999999912,0,0,0,1,5.642874999999913,74.60999999999967,32.68000000000029,0.08353733170136012,31.48999999999978,0.1292473801206649,12.0600000000004,19.138000000000055,0.152,-1.0,,,13,4,2.0,2026
2026-03-03 13:00:00+00:00|-1.0|hr_london_follow_h13_lq35_pq10_c00_tp06_sl065,2026-03-03 13:00:00+00:00,STAGE29A,data/reports/stage29a_high_range_regime_continuation_discovery/stage29a_exact_trades.csv,high_range_london_continuation_v1,hr_london_follow_h13_lq35_pq10_c00_tp06_sl065,-17.573699999999555,-18.623699999999552,-19.323699999999555,0,0,0,1,18.623699999999552,158.2599999999993,50.46000000000004,0.2964724534284587,140.09999999999943,0.804354032833697,49.88000000000011,34.52399999999993,0.972,-1.0,,,13,1,3.0,2026
2026-03-04 13:00:00+00:00|1.0|hr_london_follow_h13_lq35_pq10_c00_tp06_sl065,2026-03-04 13:00:00+00:00,STAGE29A,data/reports/stage29a_high_range_regime_continuation_discovery/stage29a_exact_trades.csv,high_range_london_continuation_v1,hr_london_follow_h13_lq35_pq10_c00_tp06_sl065,8.353300000000127,7.303300000000126,6.603300000000127,1,1,1,0,7.303300000000126,382.7999999999993,105.97000000000024,0.29508351420212753,79.67000000000007,0.4089368645663348,22.420000000000073,38.758499999999955,0.904,1.0,,,13,2,3.0,2026
2026-03-05 13:00:00+00:00|-1.0|hr_london_follow_h13_lq35_pq10_c00_tp06_sl065,2026-03-05 13:00:00+00:00,STAGE29A,data/reports/stage29a_high_range_regime_continuation_discovery/stage29a_exact_trades.csv,high_range_london_continuation_v1,hr_london_follow_h13_lq35_pq10_c00_tp06_sl065,7.264599999999882,6.214599999999882,5.5145999999998825,1,1,1,0,6.214599999999882,121.39000000000031,50.22999999999956,0.11108899064304152,59.60999999999967,0.12028183190739997,21.340000000000146,24.423999999999886,0.48,-1.0,,,13,3,3.0,2026
2026-03-06 13:00:00+00:00|-1.0|hr_london_follow_h13_lq35_pq10_c00_tp06_sl065,2026-03-06 13:00:00+00:00,STAGE29A,data/reports/stage29a_high_range_regime_continuation_discovery/stage29a_exact_trades.csv,high_range_london_continuation_v1,hr_london_follow_h13_lq35_pq10_c00_tp06_sl065,-7.604649999999856,-8.654649999999856,-9.354649999999856,0,0,0,1,8.654649999999856,143.6899999999996,76.73999999999978,0.5422204847537111,54.25,0.6733640552995345,16.86999999999989,26.763000000000012,0.572,-1.0,,,13,4,3.0,2026
2026-03-10 13:00:00+00:00|1.0|hr_london_follow_h13_lq35_pq10_c00_tp06_sl065,2026-03-10 13:00:00+00:00,STAGE29A,data/reports/stage29a_high_range_regime_continuation_discovery/stage29a_exact_trades.csv,high_range_london_continuation_v1,hr_london_follow_h13_lq35_pq10_c00_tp06_sl065,-6.728450000000157,-7.778450000000157,-8.478450000000157,0,0,0,1,7.778450000000157,176.90999999999983,69.05000000000018,0.35235336712526955,38.60999999999967,0.3504273504273468,27.339999999999236,21.969500000000018,0.148,1.0,,,13,1,3.0,2026
2026-03-13 13:00:00+00:00|-1.0|hr_london_follow_h13_lq35_pq10_c00_tp06_sl065,2026-03-13 13:00:00+00:00,STAGE29A,data/reports/stage29a_high_range_regime_continuation_discovery/stage29a_exact_trades.csv,high_range_london_continuation_v1,hr_london_follow_h13_lq35_pq10_c00_tp06_sl065,-7.93257500000036,-8.982575000000361,-9.68257500000036,0,0,0,1,8.982575000000361,136.32999999999993,55.71000000000004,0.1202656614611347,49.1299999999992,0.19967433340117344,18.26000000000022,19.618500000000086,0.072,-1.0,,,13,4,3.0,2026
2026-03-26 13:00:00+00:00|-1.0|hr_london_follow_h13_lq35_pq10_c00_tp06_sl065,2026-03-26 13:00:00+00:00,STAGE29A,data/reports/stage29a_high_range_regime_continuation_discovery/stage29a_exact_trades.csv,high_range_london_continuation_v1,hr_london_follow_h13_lq35_pq10_c00_tp06_sl065,-11.578425000000244,-12.628425000000243,-13.328425000000244,0,0,0,1,12.628425000000243,146.3800000000001,54.91000000000077,0.4028410125660095,109.26000000000022,0.7089511257550786,30.920000000000073,34.094000000000094,0.568,-1.0,,,13,3,3.0,2026
2026-03-27 13:00:00+00:00|-1.0|hr_london_follow_h13_lq35_pq10_c00_tp06_sl065,2026-03-27 13:00:00+00:00,STAGE29A,data/reports/stage29a_high_range_regime_continuation_discovery/stage29a_exact_trades.csv,high_range_london_continuation_v1,hr_london_follow_h13_lq35_pq10_c00_tp06_sl065,5.991999999999644,4.941999999999643,4.241999999999644,1,1,1,0,4.941999999999643,192.6600000000008,73.67999999999938,0.5563246471226945,64.27999999999975,0.48397635345363715,21.949999999999818,32.14149999999991,0.42,-1.0,,,13,4,3.0,2026
2026-03-30 13:00:00+00:00|1.0|hr_london_follow_h13_lq35_pq10_c00_tp06_sl065,2026-03-30 13:00:00+00:00,STAGE29A,data/reports/stage29a_high_range_regime_continuation_discovery/stage29a_exact_trades.csv,high_range_london_continuation_v1,hr_london_follow_h13_lq35_pq10_c00_tp06_sl065,6.853599999999824,5.803599999999824,5.103599999999824,1,1,1,0,5.803599999999824,39.409999999999854,97.78999999999996,0.1155537376009836,64.01999999999953,0.5651358950328109,16.920000000000073,34.23499999999994,0.448,1.0,,,13,0,3.0,2026
2026-04-07 13:00:00+00:00|1.0|hr_london_follow_h13_lq35_pq10_c00_tp06_sl065,2026-04-07 13:00:00+00:00,STAGE29A,data/reports/stage29a_high_range_regime_continuation_discovery/stage29a_exact_trades.csv,high_range_london_continuation_v1,hr_london_follow_h13_lq35_pq10_c00_tp06_sl065,-9.974550000000454,-11.024550000000454,-11.724550000000454,0,0,0,1,11.024550000000454,105.48999999999978,51.46000000000004,0.17061795569375532,71.22999999999956,0.3018391127334007,35.4399999999996,22.736499999999886,0.052,1.0,,,13,1,4.0,2026
2026-04-08 13:00:00+00:00|-1.0|hr_london_follow_h13_lq35_pq10_c00_tp06_sl065,2026-04-08 13:00:00+00:00,STAGE29A,data/reports/stage29a_high_range_regime_continuation_discovery/stage29a_exact_trades.csv,high_range_london_continuation_v1,hr_london_follow_h13_lq35_pq10_c00_tp06_sl065,7.928800000000047,6.878800000000046,6.178800000000047,1,1,1,0,6.878800000000046,211.28000000000063,140.1299999999992,0.1491472204381693,66.96000000000004,0.2144563918757417,29.849999999999454,34.414499999999954,0.556,-1.0,,,13,2,4.0,2026
2026-04-10 13:00:00+00:00|-1.0|hr_london_follow_h13_lq35_pq10_c00_tp06_sl065,2026-04-10 13:00:00+00:00,STAGE29A,data/reports/stage29a_high_range_regime_continuation_discovery/stage29a_exact_trades.csv,high_range_london_continuation_v1,hr_london_follow_h13_lq35_pq10_c00_tp06_sl065,-5.852575000000433,-6.902575000000434,-7.602575000000433,0,0,0,1,6.902575000000434,102.13000000000012,41.60000000000037,0.05817307692307817,39.80999999999949,0.3765385581512176,20.00999999999931,18.59099999999994,0.004,-1.0,,,13,4,4.0,2026
2026-04-14 13:00:00+00:00|1.0|hr_london_follow_h13_lq35_pq10_c00_tp06_sl065,2026-04-14 13:00:00+00:00,STAGE29A,data/reports/stage29a_high_range_regime_continuation_discovery/stage29a_exact_trades.csv,high_range_london_continuation_v1,hr_london_follow_h13_lq35_pq10_c00_tp06_sl065,5.138500000000386,4.088500000000385,3.388500000000386,1,1,1,0,4.088500000000385,114.48000000000047,31.23999999999978,0.3117797695262436,37.72999999999956,0.2793532997614653,17.42999999999938,17.625499999999874,0.02,1.0,,,13,1,4.0,2026
2026-04-16 13:00:00+00:00|-1.0|hr_london_follow_h13_lq35_pq10_c00_tp06_sl065,2026-04-16 13:00:00+00:00,STAGE29A,data/reports/stage29a_high_range_regime_continuation_discovery/stage29a_exact_trades.csv,high_range_london_continuation_v1,hr_london_follow_h13_lq35_pq10_c00_tp06_sl065,-5.444699999999648,-6.494699999999648,-7.194699999999648,0,0,0,1,6.494699999999648,85.13999999999942,46.51999999999953,0.3555460017196933,31.529999999999745,0.35172851252775883,11.010000000000218,15.487500000000045,0.004,-1.0,,,13,3,4.0,2026
2026-04-20 13:00:00+00:00|1.0|hr_london_follow_h13_lq35_pq10_c00_tp06_sl065,2026-04-20 13:00:00+00:00,STAGE29A,data/reports/stage29a_high_range_regime_continuation_discovery/stage29a_exact_trades.csv,high_range_london_continuation_v1,hr_london_follow_h13_lq35_pq10_c00_tp06_sl065,-5.516850000000522,-6.566850000000523,-7.266850000000522,0,0,0,1,6.566850000000523,36.82000000000062,77.25,0.15093851132685895,26.13000000000011,0.027171833141983674,14.44000000000051,21.482000000000063,0.576,1.0,,,13,0,4.0,2026
2026-04-21 13:00:00+00:00|-1.0|hr_london_follow_h13_lq35_pq10_c00_tp06_sl065,2026-04-21 13:00:00+00:00,STAGE29A,data/reports/stage29a_high_range_regime_continuation_discovery/stage29a_exact_trades.csv,high_range_london_continuation_v1,hr_london_follow_h13_lq35_pq10_c00_tp06_sl065,-5.919524999999885,-6.969524999999885,-7.669524999999885,0,0,0,1,6.969524999999885,90.67000000000009,40.39999999999964,0.7566831683168312,25.050000000000185,0.5417165668662519,8.170000000000073,13.963499999999977,0.012,-1.0,,,13,1,4.0,2026
2026-04-23 13:00:00+00:00|-1.0|hr_london_follow_h13_lq35_pq10_c00_tp06_sl065,2026-04-23 13:00:00+00:00,STAGE29A,data/reports/stage29a_high_range_regime_continuation_discovery/stage29a_exact_trades.csv,high_range_london_continuation_v1,hr_london_follow_h13_lq35_pq10_c00_tp06_sl065,-6.040749999999752,-7.090749999999753,-7.790749999999752,0,0,0,1,7.090749999999753,56.470000000000255,59.63000000000011,0.37078651685392644,31.92999999999938,0.19417475728155145,8.960000000000036,17.336999999999897,0.324,-1.0,,,13,3,4.0,2026
2026-04-24 13:00:00+00:00|1.0|hr_london_follow_h13_lq35_pq10_c00_tp06_sl065,2026-04-24 13:00:00+00:00,STAGE29A,data/reports/stage29a_high_range_regime_continuation_discovery/stage29a_exact_trades.csv,high_range_london_continuation_v1,hr_london_follow_h13_lq35_pq10_c00_tp06_sl065,-5.4658249999998585,-6.515824999999859,-7.215824999999858,0,0,0,1,6.515824999999859,89.48000000000047,42.27999999999975,0.4973982970671682,39.52000000000044,0.2608805668016267,17.30999999999949,20.427999999999976,0.708,1.0,,,13,4,4.0,2026
2026-04-30 13:00:00+00:00|1.0|hr_london_follow_h13_lq35_pq10_c00_tp06_sl065,2026-04-30 13:00:00+00:00,STAGE29A,data/reports/stage29a_high_range_regime_continuation_discovery/stage29a_exact_trades.csv,high_range_london_continuation_v1,hr_london_follow_h13_lq35_pq10_c00_tp06_sl065,5.790999999999622,4.740999999999621,4.040999999999622,1,1,1,0,4.740999999999621,99.84999999999944,43.11000000000058,0.09255393180235973,91.03999999999996,0.7621924428822534,17.480000000000473,19.930999999999766,0.688,1.0,,,13,3,4.0,2026
2026-05-07 13:00:00+00:00|1.0|hr_london_follow_h13_lq35_pq10_c00_tp06_sl065,2026-05-07 13:00:00+00:00,STAGE29A,data/reports/stage29a_high_range_regime_continuation_discovery/stage29a_exact_trades.csv,high_range_london_continuation_v1,hr_london_follow_h13_lq35_pq10_c00_tp06_sl065,-7.344649999999637,-8.394649999999638,-9.094649999999636,0,0,0,1,8.394649999999638,176.60000000000036,35.909999999999854,0.12252854358116552,61.06999999999971,0.48747339119043176,17.550000000000182,16.67999999999997,0.26,1.0,,,13,3,5.0,2026
2026-05-13 13:00:00+00:00|1.0|hr_london_follow_h13_lq35_pq10_c00_tp06_sl065,2026-05-13 13:00:00+00:00,STAGE29A,data/reports/stage29a_high_range_regime_continuation_discovery/stage29a_exact_trades.csv,high_range_london_continuation_v1,hr_london_follow_h13_lq35_pq10_c00_tp06_sl065,4.3579000000003365,3.307900000000336,2.6079000000003365,1,1,1,0,3.307900000000336,134.8199999999997,38.69000000000051,0.5420005169294386,29.390000000000327,0.16570261993874913,15.720000000000255,15.04350000000004,0.088,1.0,,,13,2,5.0,2026
2026-05-20 13:00:00+00:00|1.0|hr_london_follow_h13_lq35_pq10_c00_tp06_sl065,2026-05-20 13:00:00+00:00,STAGE29A,data/reports/stage29a_high_range_regime_continuation_discovery/stage29a_exact_trades.csv,high_range_london_continuation_v1,hr_london_follow_h13_lq35_pq10_c00_tp06_sl065,5.53420000000042,4.484200000000419,3.78420000000042,1,1,1,0,4.484200000000419,124.22000000000024,55.14000000000033,0.37413855640188587,34.54999999999927,0.6208393632416865,18.210000000000036,18.370500000000085,0.32,1.0,,,13,2,5.0,2026
2026-05-21 13:00:00+00:00|1.0|hr_london_follow_h13_lq35_pq10_c00_tp06_sl065,2026-05-21 13:00:00+00:00,STAGE29A,data/reports/stage29a_high_range_regime_continuation_discovery/stage29a_exact_trades.csv,high_range_london_continuation_v1,hr_london_follow_h13_lq35_pq10_c00_tp06_sl065,-6.145074999999997,-7.195074999999997,-7.895074999999997,0,0,0,1,7.195074999999997,98.85000000000036,43.46000000000004,0.26346065347445485,31.13000000000011,0.08833922261484067,15.180000000000291,19.1,0.44,1.0,,,13,3,5.0,2026
2026-05-27 13:00:00+00:00|-1.0|hr_london_follow_h13_lq35_pq10_c00_tp06_sl065,2026-05-27 13:00:00+00:00,STAGE29A,data/reports/stage29a_high_range_regime_continuation_discovery/stage29a_exact_trades.csv,high_range_london_continuation_v1,hr_london_follow_h13_lq35_pq10_c00_tp06_sl065,4.401699999999801,3.3516999999998007,2.651699999999801,1,1,1,0,3.3516999999998007,97.72000000000024,31.00999999999931,0.44953240890035184,41.44000000000051,0.16674710424709868,10.69000000000051,15.516500000000041,0.192,-1.0,,,13,2,5.0,2026
2026-05-28 13:00:00+00:00|1.0|hr_london_follow_h13_lq35_pq10_c00_tp06_sl065,2026-05-28 13:00:00+00:00,STAGE29A,data/reports/stage29a_high_range_regime_continuation_discovery/stage29a_exact_trades.csv,high_range_london_continuation_v1,hr_london_follow_h13_lq35_pq10_c00_tp06_sl065,-6.177575000000251,-7.227575000000252,-7.927575000000251,0,0,0,1,7.227575000000252,126.31999999999972,97.43000000000028,0.8483013445550589,32.26000000000022,0.5855548667079755,12.599999999999454,17.31949999999979,0.384,1.0,,,13,3,5.0,2026
2026-06-05 13:00:00+00:00|1.0|hr_london_follow_h13_lq35_pq10_c00_tp06_sl065,2026-06-05 13:00:00+00:00,STAGE29A,data/reports/stage29a_high_range_regime_continuation_discovery/stage29a_exact_trades.csv,high_range_london_continuation_v1,hr_london_follow_h13_lq35_pq10_c00_tp06_sl065,-5.328675000000294,-6.378675000000294,-7.078675000000294,0,0,0,1,6.378675000000294,91.14999999999964,46.159999999999854,0.5955372616984373,40.38999999999942,0.5570685813320209,10.389999999999418,14.364500000000135,0.14,1.0,,,13,4,6.0,2026
2026-06-10 13:00:00+00:00|-1.0|hr_london_follow_h13_lq35_pq10_c00_tp06_sl065,2026-06-10 13:00:00+00:00,STAGE29A,data/reports/stage29a_high_range_regime_continuation_discovery/stage29a_exact_trades.csv,high_range_london_continuation_v1,hr_london_follow_h13_lq35_pq10_c00_tp06_sl065,-8.285199999999895,-9.335199999999896,-10.035199999999897,0,0,0,1,9.335199999999896,126.54999999999929,84.05999999999949,0.8455864858434494,60.32999999999993,0.2671970827117505,16.359999999999673,26.670499999999993,0.992,-1.0,,,13,2,6.0,2026
2026-06-11 13:00:00+00:00|1.0|hr_london_follow_h13_lq35_pq10_c00_tp06_sl065,2026-06-11 13:00:00+00:00,STAGE29A,data/reports/stage29a_high_range_regime_continuation_discovery/stage29a_exact_trades.csv,high_range_london_continuation_v1,hr_london_follow_h13_lq35_pq10_c00_tp06_sl065,-7.14509999999982,-8.19509999999982,-8.89509999999982,0,0,0,1,8.19509999999982,190.30999999999997,94.00999999999976,0.021380704180408716,42.4399999999996,0.4429783223374153,18.849999999999454,31.769499999999972,0.968,1.0,,,13,3,6.0,2026
2022-07-26 13:00:00+00:00|-1.0|hr_broad_pb_h13_lq40_pb025_tp055_sl065,2022-07-26 13:00:00+00:00,STAGE29A,data/reports/stage29a_high_range_regime_continuation_discovery/stage29a_exact_trades.csv,high_range_broad_pullback_continuation_v1,hr_broad_pb_h13_lq40_pb025_tp055_sl065,-1.494974999999931,-2.544974999999931,-3.244974999999931,0,0,0,0,2.544974999999931,21.46000000000004,10.149999999999864,0.5320197044335137,8.980000000000018,0.4432071269487762,5.529999999999973,3.3735000000000013,0.132,-1.0,,,13,1,7.0,2022
2022-07-27 13:00:00+00:00|1.0|hr_broad_pb_h13_lq40_pb025_tp055_sl065,2022-07-27 13:00:00+00:00,STAGE29A,data/reports/stage29a_high_range_regime_continuation_discovery/stage29a_exact_trades.csv,high_range_broad_pullback_continuation_v1,hr_broad_pb_h13_lq40_pb025_tp055_sl065,0.6798749999999473,-0.3701250000000526,-1.0701250000000524,0,0,0,0,0.3701250000000526,14.579999999999927,4.2999999999999545,0.34883720930232925,11.460000000000036,0.47382198952878,3.0800000000001546,3.018999999999983,0.036,1.0,,,13,2,7.0,2022
2022-07-28 13:00:00+00:00|1.0|hr_broad_pb_h13_lq40_pb025_tp055_sl065,2022-07-28 13:00:00+00:00,STAGE29A,data/reports/stage29a_high_range_regime_continuation_discovery/stage29a_exact_trades.csv,high_range_broad_pullback_continuation_v1,hr_broad_pb_h13_lq40_pb025_tp055_sl065,0.9895250000000942,-0.0604749999999056,-0.7604749999999054,0,0,0,0,0.0604749999999056,28.66000000000008,7.730000000000018,0.18111254851230113,13.089999999999918,0.32773109243697407,6.100000000000136,4.770500000000004,0.708,1.0,,,13,3,7.0,2022
2022-08-09 13:00:00+00:00|1.0|hr_broad_pb_h13_lq40_pb025_tp055_sl065,2022-08-09 13:00:00+00:00,STAGE29A,data/reports/stage29a_high_range_regime_continuation_discovery/stage29a_exact_trades.csv,high_range_broad_pullback_continuation_v1,hr_broad_pb_h13_lq40_pb025_tp055_sl065,-1.7539999999999965,-2.8039999999999963,-3.503999999999996,0,0,0,0,2.8039999999999963,19.449999999999815,7.440000000000055,0.3360215053763416,9.8599999999999,0.5324543610547722,3.9600000000000364,3.273000000000002,0.064,1.0,,,13,1,8.0,2022
2022-08-26 13:00:00+00:00|-1.0|hr_broad_pb_h13_lq40_pb025_tp055_sl065,2022-08-26 13:00:00+00:00,STAGE29A,data/reports/stage29a_high_range_regime_continuation_discovery/stage29a_exact_trades.csv,high_range_broad_pullback_continuation_v1,hr_broad_pb_h13_lq40_pb025_tp055_sl065,-1.6032000000001063,-2.653200000000106,-3.353200000000106,0,0,0,0,2.653200000000106,15.519999999999982,6.579999999999927,0.03647416413374039,9.5,0.804210526315776,3.2200000000000273,2.849499999999955,0.044,-1.0,,,13,4,8.0,2022
2022-08-30 13:00:00+00:00|-1.0|hr_broad_pb_h13_lq40_pb025_tp055_sl065,2022-08-30 13:00:00+00:00,STAGE29A,data/reports/stage29a_high_range_regime_continuation_discovery/stage29a_exact_trades.csv,high_range_broad_pullback_continuation_v1,hr_broad_pb_h13_lq40_pb025_tp055_sl065,-1.7689499999999954,-2.818949999999995,-3.518949999999995,0,0,0,0,2.818949999999995,25.17999999999984,6.619999999999891,0.38670694864051586,8.840000000000146,0.07352941176468925,3.310000000000173,3.280000000000007,0.292,-1.0,,,13,1,8.0,2022
2022-09-09 13:00:00+00:00|1.0|hr_broad_pb_h13_lq40_pb025_tp055_sl065,2022-09-09 13:00:00+00:00,STAGE29A,data/reports/stage29a_high_range_regime_continuation_discovery/stage29a_exact_trades.csv,high_range_broad_pullback_continuation_v1,hr_broad_pb_h13_lq40_pb025_tp055_sl065,0.8751249999999345,-0.1748750000000654,-0.8748750000000651,0,0,0,0,0.1748750000000654,24.13000000000011,12.230000000000018,0.821749795584623,11.269999999999982,0.7080745341614935,3.6900000000000546,3.5004999999999997,0.264,1.0,,,13,4,9.0,2022
2022-09-16 13:00:00+00:00|-1.0|hr_broad_pb_h13_lq40_pb025_tp055_sl065,2022-09-16 13:00:00+00:00,STAGE29A,data/reports/stage29a_high_range_regime_continuation_discovery/stage29a_exact_trades.csv,high_range_broad_pullback_continuation_v1,hr_broad_pb_h13_lq40_pb025_tp055_sl065,-1.979875000000084,-3.029875000000084,-3.7298750000000833,0,0,0,0,3.029875000000084,37.89999999999986,6.4500000000000455,0.26976744186046464,12.11999999999989,0.3902640264026453,7.3599999999999,5.310999999999979,0.928,-1.0,,,13,4,9.0,2022
2022-09-20 13:00:00+00:00|-1.0|hr_broad_pb_h13_lq40_pb025_tp055_sl065,2022-09-20 13:00:00+00:00,STAGE29A,data/reports/stage29a_high_range_regime_continuation_discovery/stage29a_exact_trades.csv,high_range_broad_pullback_continuation_v1,hr_broad_pb_h13_lq40_pb025_tp055_sl065,-1.6984249999999066,-2.7484249999999064,-3.448424999999906,0,0,0,0,2.7484249999999064,20.230000000000015,6.029999999999973,0.2338308457711212,10.629999999999882,0.8701787394167547,3.6799999999998363,3.3575000000000044,0.092,-1.0,,,13,1,9.0,2022
2022-09-21 13:00:00+00:00|1.0|hr_broad_pb_h13_lq40_pb025_tp055_sl065,2022-09-21 13:00:00+00:00,STAGE29A,data/reports/stage29a_high_range_regime_continuation_discovery/stage29a_exact_trades.csv,high_range_broad_pullback_continuation_v1,hr_broad_pb_h13_lq40_pb025_tp055_sl065,0.9427750000001196,-0.1072249999998802,-0.80722499999988,0,0,0,0,0.1072249999998802,19.49000000000001,4.599999999999909,0.31304347826083817,14.440000000000056,0.6606648199445934,3.990000000000009,3.2250000000000227,0.048,1.0,,,13,2,9.0,2022
2022-09-23 13:00:00+00:00|-1.0|hr_broad_pb_h13_lq40_pb025_tp055_sl065,2022-09-23 13:00:00+00:00,STAGE29A,data/reports/stage29a_high_range_regime_continuation_discovery/stage29a_exact_trades.csv,high_range_broad_pullback_continuation_v1,hr_broad_pb_h13_lq40_pb025_tp055_sl065,1.1322500000000215,0.0822500000000219,-0.6177499999999778,1,0,0,0,0.0822500000000219,29.309999999999945,7.279999999999973,0.2967032967033091,21.38000000000011,0.5673526660430225,10.400000000000091,3.988000000000011,0.42,-1.0,,,13,4,9.0,2022
2022-09-27 13:00:00+00:00|1.0|hr_broad_pb_h13_lq40_pb025_tp055_sl065,2022-09-27 13:00:00+00:00,STAGE29A,data/reports/stage29a_high_range_regime_continuation_discovery/stage29a_exact_trades.csv,high_range_broad_pullback_continuation_v1,hr_broad_pb_h13_lq40_pb025_tp055_sl065,-1.988650000000098,-3.0386500000000978,-3.7386500000000975,0,0,0,0,3.0386500000000978,28.61999999999989,10.209999999999807,0.36924583741430483,9.63000000000011,0.1921079958463256,4.690000000000055,4.840999999999974,0.476,1.0,,,13,1,9.0,2022
2022-10-04 13:00:00+00:00|1.0|hr_broad_pb_h13_lq40_pb025_tp055_sl065,2022-10-04 13:00:00+00:00,STAGE29A,data/reports/stage29a_high_range_regime_continuation_discovery/stage29a_exact_trades.csv,high_range_broad_pullback_continuation_v1,hr_broad_pb_h13_lq40_pb025_tp055_sl065,1.174599999999964,0.124599999999964,-0.5754000000000357,1,0,0,0,0.124599999999964,41.819999999999936,7.339999999999918,0.08446866485012232,13.170000000000073,0.6522399392558748,4.329999999999927,5.523500000000001,0.576,1.0,,,13,1,10.0,2022
2022-10-05 13:00:00+00:00|-1.0|hr_broad_pb_h13_lq40_pb025_tp055_sl065,2022-10-05 13:00:00+00:00,STAGE29A,data/reports/stage29a_high_range_regime_continuation_discovery/stage29a_exact_trades.csv,high_range_broad_pullback_continuation_v1,hr_broad_pb_h13_lq40_pb025_tp055_sl065,-2.4095249999998942,-3.459524999999894,-4.159524999999894,0,0,0,1,3.459524999999894,34.200000000000045,8.230000000000018,0.7095990279465255,21.699999999999815,0.5949308755760456,9.069999999999936,5.20849999999997,0.464,-1.0,,,13,2,10.0,2022
2022-10-12 13:00:00+00:00|1.0|hr_broad_pb_h13_lq40_pb025_tp055_sl065,2022-10-12 13:00:00+00:00,STAGE29A,data/reports/stage29a_high_range_regime_continuation_discovery/stage29a_exact_trades.csv,high_range_broad_pullback_continuation_v1,hr_broad_pb_h13_lq40_pb025_tp055_sl065,-2.074449999999933,-3.1244499999999333,-3.824449999999933,0,0,0,1,3.1244499999999333,22.8900000000001,5.490000000000009,0.14207650273223524,10.549999999999956,0.45118483412322385,4.449999999999818,5.134500000000003,0.58,1.0,,,13,2,10.0,2022
2022-10-13 13:00:00+00:00|1.0|hr_broad_pb_h13_lq40_pb025_tp055_sl065,2022-10-13 13:00:00+00:00,STAGE29A,data/reports/stage29a_high_range_regime_continuation_discovery/stage29a_exact_trades.csv,high_range_broad_pullback_continuation_v1,hr_broad_pb_h13_lq40_pb025_tp055_sl065,-1.6145749999999226,-2.6645749999999224,-3.364574999999922,0,0,0,0,2.6645749999999224,16.950000000000045,6.440000000000055,0.669254658385079,10.8900000000001,0.5096418732782281,3.4700000000000273,3.1000000000000454,0.004,1.0,,,13,3,10.0,2022
2022-10-14 13:00:00+00:00|-1.0|hr_broad_pb_h13_lq40_pb025_tp055_sl065,2022-10-14 13:00:00+00:00,STAGE29A,data/reports/stage29a_high_range_regime_continuation_discovery/stage29a_exact_trades.csv,high_range_broad_pullback_continuation_v1,hr_broad_pb_h13_lq40_pb025_tp055_sl065,-2.245399999999881,-3.2953999999998813,-3.995399999999881,0,0,0,1,3.2953999999998813,40.01999999999998,11.259999999999993,0.3028419182948565,21.539999999999964,0.7000928505106861,10.539999999999964,5.641999999999996,0.76,-1.0,,,13,4,10.0,2022
2022-10-19 13:00:00+00:00|-1.0|hr_broad_pb_h13_lq40_pb025_tp055_sl065,2022-10-19 13:00:00+00:00,STAGE29A,data/reports/stage29a_high_range_regime_continuation_discovery/stage29a_exact_trades.csv,high_range_broad_pullback_continuation_v1,hr_broad_pb_h13_lq40_pb025_tp055_sl065,-2.060800000000063,-3.110800000000063,-3.810800000000063,0,0,0,1,3.110800000000063,15.049999999999956,5.379999999999882,0.6189591078067338,11.819999999999936,0.6142131979695457,3.0499999999999545,3.871999999999969,0.1,-1.0,,,13,2,10.0,2022
2022-10-21 13:00:00+00:00|1.0|hr_broad_pb_h13_lq40_pb025_tp055_sl065,2022-10-21 13:00:00+00:00,STAGE29A,data/reports/stage29a_high_range_regime_continuation_discovery/stage29a_exact_trades.csv,high_range_broad_pullback_continuation_v1,hr_broad_pb_h13_lq40_pb025_tp055_sl065,1.050024999999914,2.499999991423252e-05,-0.6999750000000855,1,0,0,0,2.499999991423252e-05,23.12000000000012,7.769999999999982,0.653796653796646,10.059999999999944,0.37872763419482763,5.3900000000001,4.369499999999993,0.416,1.0,,,13,4,10.0,2022
2022-10-25 13:00:00+00:00|-1.0|hr_broad_pb_h13_lq40_pb025_tp055_sl065,2022-10-25 13:00:00+00:00,STAGE29A,data/reports/stage29a_high_range_regime_continuation_discovery/stage29a_exact_trades.csv,high_range_broad_pullback_continuation_v1,hr_broad_pb_h13_lq40_pb025_tp055_sl065,-1.7088250000000245,-2.7588250000000243,-3.458825000000024,0,0,0,0,2.7588250000000243,26.539999999999964,7.680000000000064,0.032552083333333065,13.129999999999882,0.885757806549902,4.970000000000027,3.6740000000000235,0.06,-1.0,,,13,1,10.0,2022
2022-10-28 13:00:00+00:00|-1.0|hr_broad_pb_h13_lq40_pb025_tp055_sl065,2022-10-28 13:00:00+00:00,STAGE29A,data/reports/stage29a_high_range_regime_continuation_discovery/stage29a_exact_trades.csv,high_range_broad_pullback_continuation_v1,hr_broad_pb_h13_lq40_pb025_tp055_sl065,1.0393000000000483,-0.0106999999999515,-0.7106999999999513,0,0,0,0,0.0106999999999515,15.939999999999827,6.419999999999845,0.39408099688474046,18.899999999999864,0.7962962962962996,4.789999999999964,4.1019999999999985,0.232,-1.0,,,13,4,10.0,2022
2022-11-03 13:00:00+00:00|-1.0|hr_broad_pb_h13_lq40_pb025_tp055_sl065,2022-11-03 13:00:00+00:00,STAGE29A,data/reports/stage29a_high_range_regime_continuation_discovery/stage29a_exact_trades.csv,high_range_broad_pullback_continuation_v1,hr_broad_pb_h13_lq40_pb025_tp055_sl065,1.072025000000076,0.0220250000000761,-0.6779749999999236,1,0,0,0,0.0220250000000761,37.6099999999999,9.11999999999989,0.2971491228070251,18.699999999999815,0.8711229946524129,4.6099999999999,5.437499999999955,0.888,-1.0,,,13,3,11.0,2022
2022-11-09 13:00:00+00:00|1.0|hr_broad_pb_h13_lq40_pb025_tp055_sl065,2022-11-09 13:00:00+00:00,STAGE29A,data/reports/stage29a_high_range_regime_continuation_discovery/stage29a_exact_trades.csv,high_range_broad_pullback_continuation_v1,hr_broad_pb_h13_lq40_pb025_tp055_sl065,-1.893100000000095,-2.943100000000095,-3.643100000000095,0,0,0,0,2.943100000000095,52.25,6.430000000000064,0.4790046656298793,11.860000000000127,0.023608768971329654,5.019999999999982,5.360500000000013,0.864,1.0,,,13,2,11.0,2022
2022-11-30 13:00:00+00:00|1.0|hr_broad_pb_h13_lq40_pb025_tp055_sl065,2022-11-30 13:00:00+00:00,STAGE29A,data/reports/stage29a_high_range_regime_continuation_discovery/stage29a_exact_trades.csv,high_range_broad_pullback_continuation_v1,hr_broad_pb_h13_lq40_pb025_tp055_sl065,0.6840000000001055,-0.3659999999998944,-1.065999999999894,0,0,0,0,0.3659999999998944,19.48999999999978,7.899999999999864,0.6734177215190197,10.210000000000036,0.4338883447600216,4.7000000000000455,3.161500000000001,0.132,1.0,,,13,2,11.0,2022
2022-12-16 13:00:00+00:00|1.0|hr_broad_pb_h13_lq40_pb025_tp055_sl065,2022-12-16 13:00:00+00:00,STAGE29A,data/reports/stage29a_high_range_regime_continuation_discovery/stage29a_exact_trades.csv,high_range_broad_pullback_continuation_v1,hr_broad_pb_h13_lq40_pb025_tp055_sl065,-1.989949999999999,-3.039949999999999,-3.739949999999999,0,0,0,0,3.039949999999999,34.799999999999955,8.639999999999873,0.2685185185185414,10.599999999999907,0.1849056603773635,3.9300000000000637,3.8604999999999903,0.368,1.0,,,13,4,12.0,2022
2022-12-20 13:00:00+00:00|1.0|hr_broad_pb_h13_lq40_pb025_tp055_sl065,2022-12-20 13:00:00+00:00,STAGE29A,data/reports/stage29a_high_range_regime_continuation_discovery/stage29a_exact_trades.csv,high_range_broad_pullback_continuation_v1,hr_broad_pb_h13_lq40_pb025_tp055_sl065,-2.0152999999998884,-3.065299999999888,-3.765299999999888,0,0,0,1,3.065299999999888,15.0,11.589999999999918,0.2683347713546289,20.91000000000008,0.7723577235772371,2.599999999999909,4.288999999999999,0.6,1.0,,,13,1,12.0,2022
2022-12-30 13:00:00+00:00|1.0|hr_broad_pb_h13_lq40_pb025_tp055_sl065,2022-12-30 13:00:00+00:00,STAGE29A,data/reports/stage29a_high_range_regime_continuation_discovery/stage29a_exact_trades.csv,high_range_broad_pullback_continuation_v1,hr_broad_pb_h13_lq40_pb025_tp055_sl065,0.6160750000000462,-0.4339249999999537,-1.1339249999999534,0,0,0,0,0.4339249999999537,16.450000000000045,5.330000000000155,0.13320825515947762,8.910000000000082,0.043771043771029076,3.2999999999999545,2.982000000000005,0.04,1.0,,,13,4,12.0,2022
2023-01-04 13:00:00+00:00|1.0|hr_broad_pb_h13_lq40_pb025_tp055_sl065,2023-01-04 13:00:00+00:00,STAGE29A,data/reports/stage29a_high_range_regime_continuation_discovery/stage29a_exact_trades.csv,high_range_broad_pullback_continuation_v1,hr_broad_pb_h13_lq40_pb025_tp055_sl065,-2.2271999999999026,-3.2771999999999024,-3.977199999999902,0,0,0,1,3.2771999999999024,26.21000000000004,12.019999999999982,0.8460898502495914,20.41000000000008,0.5982361587457122,3.9200000000000728,4.726000000000011,0.76,1.0,,,13,2,1.0,2023
2023-01-18 13:00:00+00:00|1.0|hr_broad_pb_h13_lq40_pb025_tp055_sl065,2023-01-18 13:00:00+00:00,STAGE29A,data/reports/stage29a_high_range_regime_continuation_discovery/stage29a_exact_trades.csv,high_range_broad_pullback_continuation_v1,hr_broad_pb_h13_lq40_pb025_tp055_sl065,1.0315999999999348,-0.018400000000065,-0.7184000000000648,0,0,0,0,0.018400000000065,15.2800000000002,13.089999999999918,0.7097020626432408,19.33999999999992,0.7699069286453032,3.7200000000000273,4.592999999999972,0.476,1.0,,,13,2,1.0,2023
2023-01-19 13:00:00+00:00|-1.0|hr_broad_pb_h13_lq40_pb025_tp055_sl065,2023-01-19 13:00:00+00:00,STAGE29A,data/reports/stage29a_high_range_regime_continuation_discovery/stage29a_exact_trades.csv,high_range_broad_pullback_continuation_v1,hr_broad_pb_h13_lq40_pb025_tp055_sl065,0.8718250000000808,-0.1781749999999191,-0.8781749999999189,0,0,0,0,0.1781749999999191,29.269999999999985,9.970000000000027,0.29388164493481,10.379999999999882,0.023121387283238135,3.800000000000182,4.57049999999997,0.464,-1.0,,,13,3,1.0,2023
2023-01-26 13:00:00+00:00|-1.0|hr_broad_pb_h13_lq40_pb025_tp055_sl065,2023-01-26 13:00:00+00:00,STAGE29A,data/reports/stage29a_high_range_regime_continuation_discovery/stage29a_exact_trades.csv,high_range_broad_pullback_continuation_v1,hr_broad_pb_h13_lq40_pb025_tp055_sl065,1.059650000000056,0.0096500000000561,-0.6903499999999436,1,0,0,0,0.0096500000000561,28.65999999999985,6.610000000000127,0.2632375189107376,15.129999999999882,0.6549900859220198,2.0299999999999727,4.674000000000001,0.468,-1.0,,,13,3,1.0,2023
2023-01-31 13:00:00+00:00|-1.0|hr_broad_pb_h13_lq40_pb025_tp055_sl065,2023-01-31 13:00:00+00:00,STAGE29A,data/reports/stage29a_high_range_regime_continuation_discovery/stage29a_exact_trades.csv,high_range_broad_pullback_continuation_v1,hr_broad_pb_h13_lq40_pb025_tp055_sl065,0.9518500000000586,-0.0981499999999413,-0.7981499999999411,0,0,0,0,0.0981499999999413,13.839999999999918,8.539999999999964,0.2412177985948424,19.180000000000064,0.7987486965589214,3.8500000000001364,3.6990000000000123,0.06,-1.0,,,13,1,1.0,2023
2023-02-08 13:00:00+00:00|1.0|hr_broad_pb_h13_lq40_pb025_tp055_sl065,2023-02-08 13:00:00+00:00,STAGE29A,data/reports/stage29a_high_range_regime_continuation_discovery/stage29a_exact_trades.csv,high_range_broad_pullback_continuation_v1,hr_broad_pb_h13_lq40_pb025_tp055_sl065,1.2559999999999945,0.2059999999999946,-0.4940000000000051,1,0,1,0,0.2059999999999946,19.3599999999999,7.039999999999964,0.6022727272727316,13.2199999999998,0.2798789712556809,7.430000000000064,6.410499999999968,0.864,1.0,,,13,2,2.0,2023
2023-02-15 13:00:00+00:00|-1.0|hr_broad_pb_h13_lq40_pb025_tp055_sl065,2023-02-15 13:00:00+00:00,STAGE29A,data/reports/stage29a_high_range_regime_continuation_discovery/stage29a_exact_trades.csv,high_range_broad_pullback_continuation_v1,hr_broad_pb_h13_lq40_pb025_tp055_sl065,-2.3481000000000223,-3.398100000000022,-4.098100000000022,0,0,0,1,3.398100000000022,27.169999999999845,13.559999999999944,0.5243362831858355,16.019999999999982,0.7771535580524381,3.9500000000000455,5.293000000000006,0.48,-1.0,,,13,2,2.0,2023
2023-02-16 13:00:00+00:00|-1.0|hr_broad_pb_h13_lq40_pb025_tp055_sl065,2023-02-16 13:00:00+00:00,STAGE29A,data/reports/stage29a_high_range_regime_continuation_discovery/stage29a_exact_trades.csv,high_range_broad_pullback_continuation_v1,hr_broad_pb_h13_lq40_pb025_tp055_sl065,0.8918999999999869,-0.158100000000013,-0.8581000000000127,0,0,0,0,0.158100000000013,29.50999999999999,8.169999999999845,0.3659730722154303,10.549999999999956,0.1184834123222754,3.7999999999999545,4.165999999999985,0.168,-1.0,,,13,3,2.0,2023
2023-02-17 13:00:00+00:00|-1.0|hr_broad_pb_h13_lq40_pb025_tp055_sl065,2023-02-17 13:00:00+00:00,STAGE29A,data/reports/stage29a_high_range_regime_continuation_discovery/stage29a_exact_trades.csv,high_range_broad_pullback_continuation_v1,hr_broad_pb_h13_lq40_pb025_tp055_sl065,-2.1505000000000565,-3.2005000000000563,-3.900500000000056,0,0,0,1,3.2005000000000563,17.670000000000073,12.660000000000082,0.5979462875197383,9.319999999999936,0.3508583690987129,3.509999999999991,4.853499999999997,0.416,-1.0,,,13,4,2.0,2023
2023-03-10 13:00:00+00:00|1.0|hr_broad_pb_h13_lq40_pb025_tp055_sl065,2023-03-10 13:00:00+00:00,STAGE29A,data/reports/stage29a_high_range_regime_continuation_discovery/stage29a_exact_trades.csv,high_range_broad_pullback_continuation_v1,hr_broad_pb_h13_lq40_pb025_tp055_sl065,-1.8245250000000848,-2.874525000000085,-3.5745250000000848,0,0,0,0,2.874525000000085,23.67999999999984,7.129999999999882,0.25385694249649027,8.730000000000018,0.345933562428405,4.080000000000155,3.894500000000039,0.76,1.0,,,13,4,3.0,2023
2023-03-14 13:00:00+00:00|-1.0|hr_broad_pb_h13_lq40_pb025_tp055_sl065,2023-03-14 13:00:00+00:00,STAGE29A,data/reports/stage29a_high_range_regime_continuation_discovery/stage29a_exact_trades.csv,high_range_broad_pullback_continuation_v1,hr_broad_pb_h13_lq40_pb025_tp055_sl065,-2.383200000000079,-3.433200000000079,-4.133200000000079,0,0,0,1,3.433200000000079,43.12999999999988,12.549999999999956,0.7274900398406307,12.61999999999989,0.03328050713152528,3.769999999999982,5.18850000000001,0.828,-1.0,,,13,1,3.0,2023
2023-03-16 13:00:00+00:00|1.0|hr_broad_pb_h13_lq40_pb025_tp055_sl065,2023-03-16 13:00:00+00:00,STAGE29A,data/reports/stage29a_high_range_regime_continuation_discovery/stage29a_exact_trades.csv,high_range_broad_pullback_continuation_v1,hr_broad_pb_h13_lq40_pb025_tp055_sl065,-2.4514500000001136,-3.5014500000001134,-4.201450000000113,0,0,0,1,3.5014500000001134,51.57999999999993,16.930000000000064,0.24453632604843972,10.720000000000027,0.868470149253724,4.350000000000136,6.749499999999989,0.788,1.0,,,13,3,3.0,2023
2023-03-20 13:00:00+00:00|1.0|hr_broad_pb_h13_lq40_pb025_tp055_sl065,2023-03-20 13:00:00+00:00,STAGE29A,data/reports/stage29a_high_range_regime_continuation_discovery/stage29a_exact_trades.csv,high_range_broad_pullback_continuation_v1,hr_broad_pb_h13_lq40_pb025_tp055_sl065,3.315475000000015,2.265475000000015,1.5654750000000153,1,1,1,0,2.265475000000015,15.549999999999956,22.420000000000076,0.4214986619090105,35.87000000000012,0.16085865625871099,14.710000000000036,10.59599999999997,0.992,1.0,,,13,0,3.0,2023
2023-03-21 13:00:00+00:00|-1.0|hr_broad_pb_h13_lq40_pb025_tp055_sl065,2023-03-21 13:00:00+00:00,STAGE29A,data/reports/stage29a_high_range_regime_continuation_discovery/stage29a_exact_trades.csv,high_range_broad_pullback_continuation_v1,hr_broad_pb_h13_lq40_pb025_tp055_sl065,1.5637249999998857,0.5137249999998859,-0.1862750000001138,1,0,1,0,0.5137249999998859,43.950000000000045,9.779999999999973,0.33742331288343186,20.310000000000173,0.6233382570162357,5.069999999999936,5.340999999999974,0.44,-1.0,,,13,1,3.0,2023
2023-03-22 13:00:00+00:00|1.0|hr_broad_pb_h13_lq40_pb025_tp055_sl065,2023-03-22 13:00:00+00:00,STAGE29A,data/reports/stage29a_high_range_regime_continuation_discovery/stage29a_exact_trades.csv,high_range_broad_pullback_continuation_v1,hr_broad_pb_h13_lq40_pb025_tp055_sl065,-2.249625000000014,-3.2996250000000145,-3.999625000000014,0,0,0,1,3.2996250000000145,49.75,8.330000000000155,0.03121248499399593,11.389999999999873,0.2906057945566271,5.069999999999936,4.805000000000052,0.28,1.0,,,13,2,3.0,2023
2023-03-23 13:00:00+00:00|-1.0|hr_broad_pb_h13_lq40_pb025_tp055_sl065,2023-03-23 13:00:00+00:00,STAGE29A,data/reports/stage29a_high_range_regime_continuation_discovery/stage29a_exact_trades.csv,high_range_broad_pullback_continuation_v1,hr_broad_pb_h13_lq40_pb025_tp055_sl065,-2.520024999999896,-3.570024999999896,-4.270024999999896,0,0,0,1,3.570024999999896,44.49000000000001,13.700000000000044,0.5751824817518143,9.3599999999999,0.01816239316240113,4.4099999999998545,7.595999999999992,0.66,-1.0,,,13,3,3.0,2023
2023-03-30 13:00:00+00:00|1.0|hr_broad_pb_h13_lq40_pb025_tp055_sl065,2023-03-30 13:00:00+00:00,STAGE29A,data/reports/stage29a_high_range_regime_continuation_discovery/stage29a_exact_trades.csv,high_range_broad_pullback_continuation_v1,hr_broad_pb_h13_lq40_pb025_tp055_sl065,0.8696249999999509,-0.180375000000049,-0.8803750000000488,0,0,0,0,0.180375000000049,15.759999999999993,9.539999999999964,0.4947589098532542,12.559999999999944,0.6162420382165639,1.6600000000000819,4.042999999999973,0.048,1.0,,,13,3,3.0,2023
2023-03-31 13:00:00+00:00|-1.0|hr_broad_pb_h13_lq40_pb025_tp055_sl065,2023-03-31 13:00:00+00:00,STAGE29A,data/reports/stage29a_high_range_regime_continuation_discovery/stage29a_exact_trades.csv,high_range_broad_pullback_continuation_v1,hr_broad_pb_h13_lq40_pb025_tp055_sl065,-1.9740250000000743,-3.024025000000074,-3.724025000000074,0,0,0,0,3.024025000000074,28.91000000000008,5.970000000000027,0.3417085427135983,11.840000000000146,0.22972972972972922,5.240000000000009,4.062999999999965,0.096,-1.0,,,13,4,3.0,2023
2023-04-10 13:00:00+00:00|1.0|hr_broad_pb_h13_lq40_pb025_tp055_sl065,2023-04-10 13:00:00+00:00,STAGE29A,data/reports/stage29a_high_range_regime_continuation_discovery/stage29a_exact_trades.csv,high_range_broad_pullback_continuation_v1,hr_broad_pb_h13_lq40_pb025_tp055_sl065,-1.4810000000000856,-2.5310000000000854,-3.231000000000085,0,0,0,0,2.5310000000000854,17.029999999999973,17.65000000000009,0.8271954674220869,12.220000000000027,0.786415711947617,4.930000000000064,5.2620000000000235,0.588,1.0,,,13,0,4.0,2023
2023-04-13 13:00:00+00:00|1.0|hr_broad_pb_h13_lq40_pb025_tp055_sl065,2023-04-13 13:00:00+00:00,STAGE29A,data/reports/stage29a_high_range_regime_continuation_discovery/stage29a_exact_trades.csv,high_range_broad_pullback_continuation_v1,hr_broad_pb_h13_lq40_pb025_tp055_sl065,-1.7754499999999551,-2.825449999999955,-3.525449999999955,0,0,0,0,2.825449999999955,27.13000000000011,6.1400000000001,0.3697068403908705,13.950000000000044,0.6566308243727635,2.9199999999998454,4.161999999999978,0.308,1.0,,,13,3,4.0,2023
2023-04-19 13:00:00+00:00|-1.0|hr_broad_pb_h13_lq40_pb025_tp055_sl065,2023-04-19 13:00:00+00:00,STAGE29A,data/reports/stage29a_high_range_regime_continuation_discovery/stage29a_exact_trades.csv,high_range_broad_pullback_continuation_v1,hr_broad_pb_h13_lq40_pb025_tp055_sl065,-2.968199999999888,-4.018199999999888,-4.718199999999888,0,0,0,1,4.018199999999888,20.6099999999999,6.189999999999827,0.34087237479809146,31.71000000000004,0.9274676758120481,7.639999999999873,4.9204999999999925,0.476,-1.0,,,13,2,4.0,2023
2023-04-20 13:00:00+00:00|1.0|hr_broad_pb_h13_lq40_pb025_tp055_sl065,2023-04-20 13:00:00+00:00,STAGE29A,data/reports/stage29a_high_range_regime_continuation_discovery/stage29a_exact_trades.csv,high_range_broad_pullback_continuation_v1,hr_broad_pb_h13_lq40_pb025_tp055_sl065,1.0802749999999377,0.0302749999999378,-0.6697250000000619,1,0,0,0,0.0302749999999378,38.95999999999981,8.179999999999836,0.20904645476773479,9.779999999999973,0.6932515337423304,7.809999999999945,4.066000000000019,0.2,1.0,,,13,3,4.0,2023
2023-04-25 13:00:00+00:00|-1.0|hr_broad_pb_h13_lq40_pb025_tp055_sl065,2023-04-25 13:00:00+00:00,STAGE29A,data/reports/stage29a_high_range_regime_continuation_discovery/stage29a_exact_trades.csv,high_range_broad_pullback_continuation_v1,hr_broad_pb_h13_lq40_pb025_tp055_sl065,1.0731250000000272,0.0231250000000273,-0.6768749999999724,1,0,0,0,0.0231250000000273,18.579999999999927,12.269999999999982,0.013039934800332689,10.289999999999964,0.4528668610301359,3.839999999999918,4.624499999999978,0.412,-1.0,,,13,1,4.0,2023
2023-05-05 13:00:00+00:00|-1.0|hr_broad_pb_h13_lq40_pb025_tp055_sl065,2023-05-05 13:00:00+00:00,STAGE29A,data/reports/stage29a_high_range_regime_continuation_discovery/stage29a_exact_trades.csv,high_range_broad_pullback_continuation_v1,hr_broad_pb_h13_lq40_pb025_tp055_sl065,-1.6789250000000266,-2.7289250000000265,-3.428925000000026,0,0,0,0,2.7289250000000265,47.87999999999988,7.529999999999973,0.10092961487380694,13.800000000000182,0.8630434782608641,2.900000000000091,4.995000000000016,0.504,-1.0,,,13,4,5.0,2023
2023-05-24 13:00:00+00:00|-1.0|hr_broad_pb_h13_lq40_pb025_tp055_sl065,2023-05-24 13:00:00+00:00,STAGE29A,data/reports/stage29a_high_range_regime_continuation_discovery/stage29a_exact_trades.csv,high_range_broad_pullback_continuation_v1,hr_broad_pb_h13_lq40_pb025_tp055_sl065,-2.011399999999958,-3.0613999999999577,-3.761399999999957,0,0,0,0,3.0613999999999577,23.449999999999815,4.529999999999973,0.0883002207505223,9.820000000000164,0.036659877800396534,3.199999999999818,3.878999999999985,0.28,-1.0,,,13,2,5.0,2023
2023-05-25 13:00:00+00:00|1.0|hr_broad_pb_h13_lq40_pb025_tp055_sl065,2023-05-25 13:00:00+00:00,STAGE29A,data/reports/stage29a_high_range_regime_continuation_discovery/stage29a_exact_trades.csv,high_range_broad_pullback_continuation_v1,hr_broad_pb_h13_lq40_pb025_tp055_sl065,0.7444999999999254,-0.3055000000000745,-1.0055000000000742,0,0,0,0,0.3055000000000745,28.560000000000173,6.789999999999964,0.5729013254786629,9.850000000000136,0.39187817258884,3.509999999999991,4.429500000000007,0.536,1.0,,,13,3,5.0,2023
2023-07-21 13:00:00+00:00|-1.0|hr_broad_pb_h13_lq40_pb025_tp055_sl065,2023-07-21 13:00:00+00:00,STAGE29A,data/reports/stage29a_high_range_regime_continuation_discovery/stage29a_exact_trades.csv,high_range_broad_pullback_continuation_v1,hr_broad_pb_h13_lq40_pb025_tp055_sl065,-1.6805500000001303,-2.73055000000013,-3.43055000000013,0,0,0,0,2.73055000000013,22.090000000000146,3.8600000000001273,0.0984455958548884,11.100000000000136,0.5630630630630561,3.5,3.1629999999999994,0.188,-1.0,,,13,4,7.0,2023
2023-08-22 13:00:00+00:00|1.0|hr_broad_pb_h13_lq40_pb025_tp055_sl065,2023-08-22 13:00:00+00:00,STAGE29A,data/reports/stage29a_high_range_regime_continuation_discovery/stage29a_exact_trades.csv,high_range_broad_pullback_continuation_v1,hr_broad_pb_h13_lq40_pb025_tp055_sl065,-1.4303000000000794,-2.480300000000079,-3.180300000000079,0,0,0,0,2.480300000000079,14.160000000000082,3.6100000000001273,0.2576177285318645,9.980000000000018,0.6863727454909716,4.329999999999927,2.81700000000003,0.224,1.0,,,13,1,8.0,2023
2023-10-04 13:00:00+00:00|1.0|hr_broad_pb_h13_lq40_pb025_tp055_sl065,2023-10-04 13:00:00+00:00,STAGE29A,data/reports/stage29a_high_range_regime_continuation_discovery/stage29a_exact_trades.csv,high_range_broad_pullback_continuation_v1,hr_broad_pb_h13_lq40_pb025_tp055_sl065,-1.540475000000106,-2.5904750000001058,-3.290475000000105,0,0,0,0,2.5904750000001058,18.170000000000076,5.2999999999999545,0.34905660377361364,7.849999999999909,0.1770700636942823,3.1099999999999,3.950000000000023,0.72,1.0,,,13,2,10.0,2023
2023-10-17 13:00:00+00:00|1.0|hr_broad_pb_h13_lq40_pb025_tp055_sl065,2023-10-17 13:00:00+00:00,STAGE29A,data/reports/stage29a_high_range_regime_continuation_discovery/stage29a_exact_trades.csv,high_range_broad_pullback_continuation_v1,hr_broad_pb_h13_lq40_pb025_tp055_sl065,-1.5183749999999692,-2.568374999999969,-3.2683749999999687,0,0,0,0,2.568374999999969,22.09999999999991,9.3599999999999,0.22435897435899133,9.639999999999873,0.6390041493775868,4.919999999999845,3.052499999999975,0.132,1.0,,,13,1,10.0,2023
2023-10-20 13:00:00+00:00|1.0|hr_broad_pb_h13_lq40_pb025_tp055_sl065,2023-10-20 13:00:00+00:00,STAGE29A,data/reports/stage29a_high_range_regime_continuation_discovery/stage29a_exact_trades.csv,high_range_broad_pullback_continuation_v1,hr_broad_pb_h13_lq40_pb025_tp055_sl065,0.9570749999999408,-0.0929250000000592,-0.7929250000000589,0,0,0,0,0.0929250000000592,32.50999999999999,10.069999999999936,0.5233366434955328,11.190000000000056,0.4387846291331395,5.039999999999964,5.7995,0.904,1.0,,,13,4,10.0,2023
2023-10-24 13:00:00+00:00|-1.0|hr_broad_pb_h13_lq40_pb025_tp055_sl065,2023-10-24 13:00:00+00:00,STAGE29A,data/reports/stage29a_high_range_regime_continuation_discovery/stage29a_exact_trades.csv,high_range_broad_pullback_continuation_v1,hr_broad_pb_h13_lq40_pb025_tp055_sl065,-1.79462499999986,-2.84462499999986,-3.54462499999986,0,0,0,0,2.84462499999986,21.069999999999936,9.460000000000036,0.40697674418603536,14.259999999999993,0.7180925666199169,7.629999999999882,4.0440000000000165,0.432,-1.0,,,13,1,10.0,2023
2023-10-26 13:00:00+00:00|1.0|hr_broad_pb_h13_lq40_pb025_tp055_sl065,2023-10-26 13:00:00+00:00,STAGE29A,data/reports/stage29a_high_range_regime_continuation_discovery/stage29a_exact_trades.csv,high_range_broad_pullback_continuation_v1,hr_broad_pb_h13_lq40_pb025_tp055_sl065,-1.677299999999923,-2.727299999999923,-3.4272999999999225,0,0,0,0,2.727299999999923,24.13000000000011,7.869999999999891,0.6569250317661902,9.559999999999944,0.3650627615062792,2.7899999999999636,5.137500000000022,0.588,1.0,,,13,3,10.0,2023
2023-11-01 13:00:00+00:00|1.0|hr_broad_pb_h13_lq40_pb025_tp055_sl065,2023-11-01 13:00:00+00:00,STAGE29A,data/reports/stage29a_high_range_regime_continuation_discovery/stage29a_exact_trades.csv,high_range_broad_pullback_continuation_v1,hr_broad_pb_h13_lq40_pb025_tp055_sl065,0.607550000000083,-0.4424499999999169,-1.1424499999999167,0,0,0,0,0.4424499999999169,29.070000000000164,10.86999999999989,0.525298988040487,7.8599999999999,0.7175572519084188,2.0499999999999545,3.884500000000037,0.104,1.0,,,13,2,11.0,2023
2023-11-07 13:00:00+00:00|-1.0|hr_broad_pb_h13_lq40_pb025_tp055_sl065,2023-11-07 13:00:00+00:00,STAGE29A,data/reports/stage29a_high_range_regime_continuation_discovery/stage29a_exact_trades.csv,high_range_broad_pullback_continuation_v1,hr_broad_pb_h13_lq40_pb025_tp055_sl065,0.6210250000000542,-0.4289749999999457,-1.1289749999999454,0,0,0,0,0.4289749999999457,16.519999999999982,7.3599999999999,0.7228260869565538,10.039999999999964,0.5149402390438111,2.5499999999999545,2.810999999999967,0.024,-1.0,,,13,1,11.0,2023
2023-11-21 13:00:00+00:00|-1.0|hr_broad_pb_h13_lq40_pb025_tp055_sl065,2023-11-21 13:00:00+00:00,STAGE29A,data/reports/stage29a_high_range_regime_continuation_discovery/stage29a_exact_trades.csv,high_range_broad_pullback_continuation_v1,hr_broad_pb_h13_lq40_pb025_tp055_sl065,-1.6386250000001383,-2.688625000000138,-3.388625000000138,0,0,0,0,2.688625000000138,19.700000000000045,17.019999999999982,0.6404230317273722,10.009999999999993,0.3466533466533497,4.650000000000091,4.1404999999999745,0.8,-1.0,,,13,1,11.0,2023
2023-11-22 13:00:00+00:00|1.0|hr_broad_pb_h13_lq40_pb025_tp055_sl065,2023-11-22 13:00:00+00:00,STAGE29A,data/reports/stage29a_high_range_regime_continuation_discovery/stage29a_exact_trades.csv,high_range_broad_pullback_continuation_v1,hr_broad_pb_h13_lq40_pb025_tp055_sl065,0.7555000000001201,-0.2944999999998798,-0.9944999999998796,0,0,0,0,0.2944999999998798,30.34999999999991,4.8599999999999,0.0041152263374449015,9.639999999999873,0.19502074688795712,3.3199999999999363,3.366500000000008,0.196,1.0,,,13,2,11.0,2023
2023-11-30 13:00:00+00:00|-1.0|hr_broad_pb_h13_lq40_pb025_tp055_sl065,2023-11-30 13:00:00+00:00,STAGE29A,data/reports/stage29a_high_range_regime_continuation_discovery/stage29a_exact_trades.csv,high_range_broad_pullback_continuation_v1,hr_broad_pb_h13_lq40_pb025_tp055_sl065,-1.6506499999999051,-2.700649999999905,-3.4006499999999047,0,0,0,0,2.700649999999905,16.749999999999773,4.540000000000191,0.0,10.160000000000082,0.6102362204724405,3.759999999999991,3.731000000000063,0.448,-1.0,,,13,3,11.0,2023
2023-12-04 13:00:00+00:00|-1.0|hr_broad_pb_h13_lq40_pb025_tp055_sl065,2023-12-04 13:00:00+00:00,STAGE29A,data/reports/stage29a_high_range_regime_continuation_discovery/stage29a_exact_trades.csv,high_range_broad_pullback_continuation_v1,hr_broad_pb_h13_lq40_pb025_tp055_sl065,-3.46220000000003,-4.51220000000003,-5.2122000000000295,0,0,0,1,4.51220000000003,78.03999999999996,78.03999999999996,0.4173500768836517,32.70000000000027,0.5186544342507613,7.0300000000002,17.78850000000002,0.992,-1.0,,,13,0,12.0,2023
2023-12-14 13:00:00+00:00|1.0|hr_broad_pb_h13_lq40_pb025_tp055_sl065,2023-12-14 13:00:00+00:00,STAGE29A,data/reports/stage29a_high_range_regime_continuation_discovery/stage29a_exact_trades.csv,high_range_broad_pullback_continuation_v1,hr_broad_pb_h13_lq40_pb025_tp055_sl065,1.1946750000000974,0.1446750000000976,-0.5553249999999021,1,0,0,0,0.1446750000000976,60.16000000000008,14.930000000000064,0.10783657066308729,11.049999999999956,0.25610859728506236,4.3900000000001,7.2600000000000025,0.844,1.0,,,13,3,12.0,2023
2023-12-20 13:00:00+00:00|-1.0|hr_broad_pb_h13_lq40_pb025_tp055_sl065,2023-12-20 13:00:00+00:00,STAGE29A,data/reports/stage29a_high_range_regime_continuation_discovery/stage29a_exact_trades.csv,high_range_broad_pullback_continuation_v1,hr_broad_pb_h13_lq40_pb025_tp055_sl065,0.526700000000028,-0.5232999999999719,-1.2232999999999716,0,0,0,0,0.5232999999999719,25.289999999999964,4.960000000000036,0.09072580645162141,7.820000000000164,0.5843989769820768,4.740000000000009,2.918500000000017,0.012,-1.0,,,13,2,12.0,2023
2023-12-22 13:00:00+00:00|1.0|hr_broad_pb_h13_lq40_pb025_tp055_sl065,2023-12-22 13:00:00+00:00,STAGE29A,data/reports/stage29a_high_range_regime_continuation_discovery/stage29a_exact_trades.csv,high_range_broad_pullback_continuation_v1,hr_broad_pb_h13_lq40_pb025_tp055_sl065,-1.2843749999998182,-2.334374999999818,-3.0343749999998177,0,0,0,0,2.334374999999818,21.38000000000011,8.6099999999999,0.3716608594657207,10.230000000000018,0.6021505376344377,3.7600000000002183,4.050499999999966,0.436,1.0,,,13,4,12.0,2023
2024-01-03 13:00:00+00:00|-1.0|hr_broad_pb_h13_lq40_pb025_tp055_sl065,2024-01-03 13:00:00+00:00,STAGE29A,data/reports/stage29a_high_range_regime_continuation_discovery/stage29a_exact_trades.csv,high_range_broad_pullback_continuation_v1,hr_broad_pb_h13_lq40_pb025_tp055_sl065,-1.8111999999997352,-2.861199999999735,-3.561199999999735,0,0,0,0,2.861199999999735,22.88000000000011,7.050000000000182,0.7333333333333247,13.200000000000273,0.7446969696969488,4.5,4.033500000000004,0.54,-1.0,,,13,2,1.0,2024
2024-01-05 13:00:00+00:00|-1.0|hr_broad_pb_h13_lq40_pb025_tp055_sl065,2024-01-05 13:00:00+00:00,STAGE29A,data/reports/stage29a_high_range_regime_continuation_discovery/stage29a_exact_trades.csv,high_range_broad_pullback_continuation_v1,hr_broad_pb_h13_lq40_pb025_tp055_sl065,-1.550225000000046,-2.6002250000000457,-3.300225000000045,0,0,0,0,2.6002250000000457,14.779999999999744,5.630000000000109,0.05150976909413108,9.599999999999907,0.47187500000000165,2.949999999999818,3.039499999999998,0.04,-1.0,,,13,4,1.0,2024
2024-01-10 13:00:00+00:00|1.0|hr_broad_pb_h13_lq40_pb025_tp055_sl065,2024-01-10 13:00:00+00:00,STAGE29A,data/reports/stage29a_high_range_regime_continuation_discovery/stage29a_exact_trades.csv,high_range_broad_pullback_continuation_v1,hr_broad_pb_h13_lq40_pb025_tp055_sl065,-1.7162999999999102,-2.76629999999991,-3.46629999999991,0,0,0,0,2.76629999999991,15.940000000000056,5.619999999999891,0.18149466192170846,16.539999999999964,0.30290205562273287,5.759999999999991,3.7665000000000193,0.268,1.0,,,13,2,1.0,2024
2024-01-16 13:00:00+00:00|-1.0|hr_broad_pb_h13_lq40_pb025_tp055_sl065,2024-01-16 13:00:00+00:00,STAGE29A,data/reports/stage29a_high_range_regime_continuation_discovery/stage29a_exact_trades.csv,high_range_broad_pullback_continuation_v1,hr_broad_pb_h13_lq40_pb025_tp055_sl065,0.8723750000000564,-0.1776249999999435,-0.8776249999999433,0,0,0,0,0.1776249999999435,12.740000000000007,7.170000000000073,0.656903765690375,12.409999999999854,0.6970185334407891,3.1700000000000728,2.9890000000000554,0.068,-1.0,,,13,1,1.0,2024
2024-02-01 13:00:00+00:00|-1.0|hr_broad_pb_h13_lq40_pb025_tp055_sl065,2024-02-01 13:00:00+00:00,STAGE29A,data/reports/stage29a_high_range_regime_continuation_discovery/stage29a_exact_trades.csv,high_range_broad_pullback_continuation_v1,hr_broad_pb_h13_lq40_pb025_tp055_sl065,0.8710000000000037,-0.1789999999999962,-0.878999999999996,0,0,0,0,0.1789999999999962,25.1400000000001,10.269999999999754,0.559883154819877,15.329999999999927,0.8962818003913943,10.25,4.909499999999957,0.948,-1.0,,,13,3,2.0,2024
2024-02-13 13:00:00+00:00|1.0|hr_broad_pb_h13_lq40_pb025_tp055_sl065,2024-02-13 13:00:00+00:00,STAGE29A,data/reports/stage29a_high_range_regime_continuation_discovery/stage29a_exact_trades.csv,high_range_broad_pullback_continuation_v1,hr_broad_pb_h13_lq40_pb025_tp055_sl065,-1.0643499999999677,-2.1143499999999675,-2.8143499999999677,0,0,0,0,2.1143499999999675,15.639999999999873,4.409999999999855,0.04081632653062803,9.190000000000056,0.8476605005440606,1.9500000000000455,2.382499999999993,0.028,1.0,,,13,1,2.0,2024
2024-02-23 13:00:00+00:00|-1.0|hr_broad_pb_h13_lq40_pb025_tp055_sl065,2024-02-23 13:00:00+00:00,STAGE29A,data/reports/stage29a_high_range_regime_continuation_discovery/stage29a_exact_trades.csv,high_range_broad_pullback_continuation_v1,hr_broad_pb_h13_lq40_pb025_tp055_sl065,-1.4865249999998924,-2.536524999999892,-3.236524999999892,0,0,0,0,2.536524999999892,15.36999999999989,4.559999999999945,0.2763157894736855,10.110000000000127,0.2908011869435994,6.790000000000191,3.301500000000021,0.74,-1.0,,,13,4,2.0,2024
2024-03-01 13:00:00+00:00|1.0|hr_broad_pb_h13_lq40_pb025_tp055_sl065,2024-03-01 13:00:00+00:00,STAGE29A,data/reports/stage29a_high_range_regime_continuation_discovery/stage29a_exact_trades.csv,high_range_broad_pullback_continuation_v1,hr_broad_pb_h13_lq40_pb025_tp055_sl065,-1.81770000000015,-2.86770000000015,-3.567700000000149,0,0,0,0,2.86770000000015,22.72999999999979,3.960000000000037,0.31565656565656275,16.0300000000002,0.5832813474734743,9.170000000000073,3.109500000000014,0.68,1.0,,,13,4,3.0,2024
2024-03-05 13:00:00+00:00|1.0|hr_broad_pb_h13_lq40_pb025_tp055_sl065,2024-03-05 13:00:00+00:00,STAGE29A,data/reports/stage29a_high_range_regime_continuation_discovery/stage29a_exact_trades.csv,high_range_broad_pullback_continuation_v1,hr_broad_pb_h13_lq40_pb025_tp055_sl065,-2.000349999999889,-3.0503499999998893,-3.750349999999889,0,0,0,0,3.0503499999998893,40.370000000000346,6.349999999999909,0.22204724409446847,13.2800000000002,0.5813253012047954,3.880000000000109,4.7870000000000115,0.864,1.0,,,13,1,3.0,2024
2024-03-07 13:00:00+00:00|-1.0|hr_broad_pb_h13_lq40_pb025_tp055_sl065,2024-03-07 13:00:00+00:00,STAGE29A,data/reports/stage29a_high_range_regime_continuation_discovery/stage29a_exact_trades.csv,high_range_broad_pullback_continuation_v1,hr_broad_pb_h13_lq40_pb025_tp055_sl065,-1.7604999999999564,-2.8104999999999563,-3.510499999999956,0,0,0,0,2.8104999999999563,28.549999999999727,17.11999999999989,0.6407710280374022,8.299999999999727,0.07108433734936268,2.819999999999709,5.8159999999999625,0.908,-1.0,,,13,3,3.0,2024
2024-03-19 13:00:00+00:00|-1.0|hr_broad_pb_h13_lq40_pb025_tp055_sl065,2024-03-19 13:00:00+00:00,STAGE29A,data/reports/stage29a_high_range_regime_continuation_discovery/stage29a_exact_trades.csv,high_range_broad_pullback_continuation_v1,hr_broad_pb_h13_lq40_pb025_tp055_sl065,-1.92202499999994,-2.9720249999999395,-3.6720249999999393,0,0,0,0,2.9720249999999395,17.559999999999945,4.159999999999855,0.16105769230771544,13.179999999999836,0.4613050075872536,3.869999999999891,3.177499999999918,0.036,-1.0,,,13,1,3.0,2024
2024-03-20 13:00:00+00:00|-1.0|hr_broad_pb_h13_lq40_pb025_tp055_sl065,2024-03-20 13:00:00+00:00,STAGE29A,data/reports/stage29a_high_range_regime_continuation_discovery/stage29a_exact_trades.csv,high_range_broad_pullback_continuation_v1,hr_broad_pb_h13_lq40_pb025_tp055_sl065,-1.378949999999895,-2.428949999999895,-3.128949999999895,0,0,0,0,2.428949999999895,15.599999999999907,5.110000000000127,0.031311154598796576,7.079999999999927,0.3587570621468912,2.5099999999997635,2.52349999999999,0.004,-1.0,,,13,2,3.0,2024
2024-03-27 13:00:00+00:00|1.0|hr_broad_pb_h13_lq40_pb025_tp055_sl065,2024-03-27 13:00:00+00:00,STAGE29A,data/reports/stage29a_high_range_regime_continuation_discovery/stage29a_exact_trades.csv,high_range_broad_pullback_continuation_v1,hr_broad_pb_h13_lq40_pb025_tp055_sl065,1.3808499999999184,0.3308499999999186,-0.3691500000000811,1,0,1,0,0.3308499999999186,32.46000000000004,8.480000000000018,0.12264150943395771,18.800000000000185,0.8202127659574427,5.809999999999945,4.6720000000000255,0.6,1.0,,,13,2,3.0,2024
2024-04-03 13:00:00+00:00|-1.0|hr_broad_pb_h13_lq40_pb025_tp055_sl065,2024-04-03 13:00:00+00:00,STAGE29A,data/reports/stage29a_high_range_regime_continuation_discovery/stage29a_exact_trades.csv,high_range_broad_pullback_continuation_v1,hr_broad_pb_h13_lq40_pb025_tp055_sl065,-2.519699999999921,-3.5696999999999206,-4.26969999999992,0,0,0,1,3.5696999999999206,35.35999999999967,11.590000000000146,0.28127696289906623,19.360000000000127,0.6714876033057807,5.150000000000091,7.227500000000032,0.736,-1.0,,,13,2,4.0,2024
2024-04-05 13:00:00+00:00|1.0|hr_broad_pb_h13_lq40_pb025_tp055_sl065,2024-04-05 13:00:00+00:00,STAGE29A,data/reports/stage29a_high_range_regime_continuation_discovery/stage29a_exact_trades.csv,high_range_broad_pullback_continuation_v1,hr_broad_pb_h13_lq40_pb025_tp055_sl065,-2.680899999999929,-3.7308999999999286,-4.430899999999928,0,0,0,1,3.7308999999999286,25.519999999999985,25.579999999999927,0.5136825645035327,16.9699999999998,0.8461991750147494,6.940000000000055,7.961500000000001,0.856,1.0,,,13,4,4.0,2024
2024-04-08 13:00:00+00:00|-1.0|hr_broad_pb_h13_lq40_pb025_tp055_sl065,2024-04-08 13:00:00+00:00,STAGE29A,data/reports/stage29a_high_range_regime_continuation_discovery/stage29a_exact_trades.csv,high_range_broad_pullback_continuation_v1,hr_broad_pb_h13_lq40_pb025_tp055_sl065,-3.099824999999873,-4.149824999999874,-4.849824999999873,0,0,0,1,4.149824999999874,24.11999999999989,51.0300000000002,0.7460317460317463,13.789999999999964,0.5823060188542583,3.680000000000291,11.00200000000002,0.968,-1.0,,,13,0,4.0,2024
2024-04-25 13:00:00+00:00|1.0|hr_broad_pb_h13_lq40_pb025_tp055_sl065,2024-04-25 13:00:00+00:00,STAGE29A,data/reports/stage29a_high_range_regime_continuation_discovery/stage29a_exact_trades.csv,high_range_broad_pullback_continuation_v1,hr_broad_pb_h13_lq40_pb025_tp055_sl065,1.0260999999999512,-0.0239000000000486,-0.7239000000000484,0,0,0,0,0.0239000000000486,25.480000000000015,17.029999999999745,0.28185554903113647,16.4699999999998,0.7109896782028038,3.400000000000091,6.169999999999959,0.04,1.0,,,13,3,4.0,2024
2024-05-02 13:00:00+00:00|-1.0|hr_broad_pb_h13_lq40_pb025_tp055_sl065,2024-05-02 13:00:00+00:00,STAGE29A,data/reports/stage29a_high_range_regime_continuation_discovery/stage29a_exact_trades.csv,high_range_broad_pullback_continuation_v1,hr_broad_pb_h13_lq40_pb025_tp055_sl065,-2.526524999999856,-3.576524999999856,-4.276524999999856,0,0,0,1,3.576524999999856,46.82999999999993,9.070000000000164,0.1422271223814708,22.340000000000146,0.8012533572068028,6.7400000000002365,8.24950000000008,0.76,-1.0,,,13,3,5.0,2024
2024-05-03 13:00:00+00:00|-1.0|hr_broad_pb_h13_lq40_pb025_tp055_sl065,2024-05-03 13:00:00+00:00,STAGE29A,data/reports/stage29a_high_range_regime_continuation_discovery/stage29a_exact_trades.csv,high_range_broad_pullback_continuation_v1,hr_broad_pb_h13_lq40_pb025_tp055_sl065,-1.94900000000016,-2.99900000000016,-3.69900000000016,0,0,0,0,2.99900000000016,41.09999999999991,6.440000000000055,0.2096273291925307,10.970000000000256,0.08477666362810113,3.730000000000018,5.232499999999982,0.064,-1.0,,,13,4,5.0,2024
2024-05-10 13:00:00+00:00|1.0|hr_broad_pb_h13_lq40_pb025_tp055_sl065,2024-05-10 13:00:00+00:00,STAGE29A,data/reports/stage29a_high_range_regime_continuation_discovery/stage29a_exact_trades.csv,high_range_broad_pullback_continuation_v1,hr_broad_pb_h13_lq40_pb025_tp055_sl065,-2.463800000000083,-3.513800000000083,-4.213800000000083,0,0,0,1,3.513800000000083,40.63999999999987,10.659999999999854,0.6716697936210086,24.079999999999927,0.7936046511627984,5.8400000000001455,5.9384999999999994,0.4,1.0,,,13,4,5.0,2024
2024-05-14 13:00:00+00:00|1.0|hr_broad_pb_h13_lq40_pb025_tp055_sl065,2024-05-14 13:00:00+00:00,STAGE29A,data/reports/stage29a_high_range_regime_continuation_discovery/stage29a_exact_trades.csv,high_range_broad_pullback_continuation_v1,hr_broad_pb_h13_lq40_pb025_tp055_sl065,-2.015300000000116,-3.065300000000116,-3.7653000000001153,0,0,0,1,3.065300000000116,32.95000000000027,9.570000000000164,0.5862068965517274,12.2800000000002,0.2394136807817595,4.670000000000073,4.2309999999999945,0.016,1.0,,,13,1,5.0,2024
2024-05-15 13:00:00+00:00|1.0|hr_broad_pb_h13_lq40_pb025_tp055_sl065,2024-05-15 13:00:00+00:00,STAGE29A,data/reports/stage29a_high_range_regime_continuation_discovery/stage29a_exact_trades.csv,high_range_broad_pullback_continuation_v1,hr_broad_pb_h13_lq40_pb025_tp055_sl065,-2.0400000000000547,-3.0900000000000545,-3.790000000000054,0,0,0,1,3.0900000000000545,24.920000000000076,6.110000000000127,0.46808510638298984,18.5300000000002,0.47706422018348893,6.0600000000004,4.572000000000026,0.084,1.0,,,13,2,5.0,2024
2024-05-17 13:00:00+00:00|1.0|hr_broad_pb_h13_lq40_pb025_tp055_sl065,2024-05-17 13:00:00+00:00,STAGE29A,data/reports/stage29a_high_range_regime_continuation_discovery/stage29a_exact_trades.csv,high_range_broad_pullback_continuation_v1,hr_broad_pb_h13_lq40_pb025_tp055_sl065,-1.944450000000052,-2.994450000000052,-3.6944500000000513,0,0,0,0,2.994450000000052,26.550000000000185,7.2599999999997635,0.07300275482090395,11.360000000000127,0.42517605633805705,4.900000000000091,4.127999999999974,0.016,1.0,,,13,4,5.0,2024
2024-05-21 13:00:00+00:00|1.0|hr_broad_pb_h13_lq40_pb025_tp055_sl065,2024-05-21 13:00:00+00:00,STAGE29A,data/reports/stage29a_high_range_regime_continuation_discovery/stage29a_exact_trades.csv,high_range_broad_pullback_continuation_v1,hr_broad_pb_h13_lq40_pb025_tp055_sl065,1.7746499999997467,0.7246499999997469,0.0246499999997471,1,1,1,0,0.7246499999997469,42.86999999999989,26.63000000000011,0.5005632745024361,13.569999999999707,0.19012527634491064,7.949999999999818,7.520499999999947,0.808,1.0,,,13,1,5.0,2024
2024-05-22 13:00:00+00:00|1.0|hr_broad_pb_h13_lq40_pb025_tp055_sl065,2024-05-22 13:00:00+00:00,STAGE29A,data/reports/stage29a_high_range_regime_continuation_discovery/stage29a_exact_trades.csv,high_range_broad_pullback_continuation_v1,hr_broad_pb_h13_lq40_pb025_tp055_sl065,1.3585750000001098,0.3085750000001099,-0.3914249999998898,1,0,1,0,0.3085750000001099,27.610000000000127,13.980000000000018,0.5615164520744172,7.930000000000291,0.3947036569987382,3.5299999999997453,5.077499999999918,0.304,1.0,,,13,2,5.0,2024
2024-05-24 13:00:00+00:00|1.0|hr_broad_pb_h13_lq40_pb025_tp055_sl065,2024-05-24 13:00:00+00:00,STAGE29A,data/reports/stage29a_high_range_regime_continuation_discovery/stage29a_exact_trades.csv,high_range_broad_pullback_continuation_v1,hr_broad_pb_h13_lq40_pb025_tp055_sl065,-2.16577500000003,-3.2157750000000305,-3.91577500000003,0,0,0,1,3.2157750000000305,56.809999999999945,9.710000000000036,0.028836251287353145,12.7199999999998,0.5463836477987721,5.7599999999997635,6.609499999999935,0.496,1.0,,,13,4,5.0,2024
2024-05-29 13:00:00+00:00|-1.0|hr_broad_pb_h13_lq40_pb025_tp055_sl065,2024-05-29 13:00:00+00:00,STAGE29A,data/reports/stage29a_high_range_regime_continuation_discovery/stage29a_exact_trades.csv,high_range_broad_pullback_continuation_v1,hr_broad_pb_h13_lq40_pb025_tp055_sl065,-2.273350000000028,-3.323350000000028,-4.023350000000027,0,0,0,1,3.323350000000028,24.059999999999945,7.930000000000291,0.12862547288776097,20.700000000000276,0.6120772946859638,5.320000000000164,5.17150000000006,0.272,-1.0,,,13,2,5.0,2024
2024-05-30 13:00:00+00:00|-1.0|hr_broad_pb_h13_lq40_pb025_tp055_sl065,2024-05-30 13:00:00+00:00,STAGE29A,data/reports/stage29a_high_range_regime_continuation_discovery/stage29a_exact_trades.csv,high_range_broad_pullback_continuation_v1,hr_broad_pb_h13_lq40_pb025_tp055_sl065,-2.631500000000051,-3.681500000000051,-4.381500000000051,0,0,0,1,3.681500000000051,28.059999999999945,11.800000000000182,0.2771186440677908,15.559999999999944,0.06876606683805704,6.309999999999945,5.321000000000095,0.308,-1.0,,,13,3,5.0,2024
2024-06-05 13:00:00+00:00|-1.0|hr_broad_pb_h13_lq40_pb025_tp055_sl065,2024-06-05 13:00:00+00:00,STAGE29A,data/reports/stage29a_high_range_regime_continuation_discovery/stage29a_exact_trades.csv,high_range_broad_pullback_continuation_v1,hr_broad_pb_h13_lq40_pb025_tp055_sl065,-2.2012000000000627,-3.2512000000000625,-3.951200000000062,0,0,0,1,3.2512000000000625,37.41000000000031,12.010000000000218,0.7993338884262893,13.579999999999927,0.3645066273932139,2.869999999999891,4.862499999999931,0.124,-1.0,,,13,2,6.0,2024
2024-06-06 13:00:00+00:00|-1.0|hr_broad_pb_h13_lq40_pb025_tp055_sl065,2024-06-06 13:00:00+00:00,STAGE29A,data/reports/stage29a_high_range_regime_continuation_discovery/stage29a_exact_trades.csv,high_range_broad_pullback_continuation_v1,hr_broad_pb_h13_lq40_pb025_tp055_sl065,0.8891499999998814,-0.1608500000001185,-0.8608500000001182,0,0,0,0,0.1608500000001185,31.670000000000076,20.389999999999876,0.564982834722906,12.929999999999836,0.5359628770301565,5.349999999999909,5.662499999999954,0.544,-1.0,,,13,3,6.0,2024
2024-06-07 13:00:00+00:00|-1.0|hr_broad_pb_h13_lq40_pb025_tp055_sl065,2024-06-07 13:00:00+00:00,STAGE29A,data/reports/stage29a_high_range_regime_continuation_discovery/stage29a_exact_trades.csv,high_range_broad_pullback_continuation_v1,hr_broad_pb_h13_lq40_pb025_tp055_sl065,2.678850000000148,1.6288500000001478,0.928850000000148,1,1,1,0,1.6288500000001478,25.20999999999958,12.600000000000364,0.24920634920633192,50.42000000000007,0.8131693772312563,10.519999999999982,7.641499999999996,0.988,-1.0,,,13,4,6.0,2024
2024-06-13 13:00:00+00:00|1.0|hr_broad_pb_h13_lq40_pb025_tp055_sl065,2024-06-13 13:00:00+00:00,STAGE29A,data/reports/stage29a_high_range_regime_continuation_discovery/stage29a_exact_trades.csv,high_range_broad_pullback_continuation_v1,hr_broad_pb_h13_lq40_pb025_tp055_sl065,-1.878150000000096,-2.928150000000096,-3.628150000000096,0,0,0,0,2.928150000000096,31.039999999999964,16.460000000000036,0.4696233292831106,9.580000000000382,0.12526096033400524,5.0300000000002,6.201499999999965,0.628,1.0,,,13,3,6.0,2024
2024-06-14 13:00:00+00:00|1.0|hr_broad_pb_h13_lq40_pb025_tp055_sl065,2024-06-14 13:00:00+00:00,STAGE29A,data/reports/stage29a_high_range_regime_continuation_discovery/stage29a_exact_trades.csv,high_range_broad_pullback_continuation_v1,hr_broad_pb_h13_lq40_pb025_tp055_sl065,-2.3305500000002213,-3.380550000000221,-4.080550000000221,0,0,0,1,3.380550000000221,31.15999999999985,7.050000000000182,0.35886524822690496,19.139999999999876,0.8949843260188204,7.5300000000002,5.026000000000022,0.196,1.0,,,13,4,6.0,2024
2024-06-25 13:00:00+00:00|1.0|hr_broad_pb_h13_lq40_pb025_tp055_sl065,2024-06-25 13:00:00+00:00,STAGE29A,data/reports/stage29a_high_range_regime_continuation_discovery/stage29a_exact_trades.csv,high_range_broad_pullback_continuation_v1,hr_broad_pb_h13_lq40_pb025_tp055_sl065,-1.982799999999861,-3.032799999999861,-3.7327999999998607,0,0,0,0,3.032799999999861,17.15000000000009,11.150000000000093,0.6852017937219969,11.319999999999707,0.7915194346289989,4.769999999999982,4.180999999999949,0.152,1.0,,,13,1,6.0,2024
2024-06-26 13:00:00+00:00|-1.0|hr_broad_pb_h13_lq40_pb025_tp055_sl065,2024-06-26 13:00:00+00:00,STAGE29A,data/reports/stage29a_high_range_regime_continuation_discovery/stage29a_exact_trades.csv,high_range_broad_pullback_continuation_v1,hr_broad_pb_h13_lq40_pb025_tp055_sl065,-2.143674999999894,-3.1936749999998937,-3.893674999999893,0,0,0,1,3.1936749999998937,21.789999999999964,13.350000000000364,0.2636704119850102,8.690000000000055,0.11047180667434181,2.730000000000018,5.347500000000059,0.532,-1.0,,,13,2,6.0,2024
2024-06-27 13:00:00+00:00|1.0|hr_broad_pb_h13_lq40_pb025_tp055_sl065,2024-06-27 13:00:00+00:00,STAGE29A,data/reports/stage29a_high_range_regime_continuation_discovery/stage29a_exact_trades.csv,high_range_broad_pullback_continuation_v1,hr_broad_pb_h13_lq40_pb025_tp055_sl065,-2.018224999999893,-3.068224999999893,-3.7682249999998927,0,0,0,1,3.068224999999893,30.350000000000364,3.3899999999998727,0.22123893805310565,17.429999999999836,0.7917383820998457,6.599999999999909,3.5849999999999453,0.072,1.0,,,13,3,6.0,2024
2024-06-28 13:00:00+00:00|1.0|hr_broad_pb_h13_lq40_pb025_tp055_sl065,2024-06-28 13:00:00+00:00,STAGE29A,data/reports/stage29a_high_range_regime_continuation_discovery/stage29a_exact_trades.csv,high_range_broad_pullback_continuation_v1,hr_broad_pb_h13_lq40_pb025_tp055_sl065,-1.7270250000002307,-2.7770250000002306,-3.4770250000002303,0,0,0,0,2.7770250000002306,34.58999999999969,9.269999999999982,0.5587918015102316,12.099999999999907,0.7033057851239527,3.0700000000001637,4.011000000000058,0.132,1.0,,,13,4,6.0,2024
2024-07-02 13:00:00+00:00|-1.0|hr_broad_pb_h13_lq40_pb025_tp055_sl065,2024-07-02 13:00:00+00:00,STAGE29A,data/reports/stage29a_high_range_regime_continuation_discovery/stage29a_exact_trades.csv,high_range_broad_pullback_continuation_v1,hr_broad_pb_h13_lq40_pb025_tp055_sl065,-1.9850750000001427,-3.0350750000001425,-3.7350750000001423,0,0,0,0,3.0350750000001425,20.0,8.61999999999989,0.6705336426913943,9.099999999999907,0.1329670329670383,7.779999999999745,4.302500000000032,0.236,-1.0,,,13,1,7.0,2024
2024-07-04 13:00:00+00:00|-1.0|hr_broad_pb_h13_lq40_pb025_tp055_sl065,2024-07-04 13:00:00+00:00,STAGE29A,data/reports/stage29a_high_range_regime_continuation_discovery/stage29a_exact_trades.csv,high_range_broad_pullback_continuation_v1,hr_broad_pb_h13_lq40_pb025_tp055_sl065,-1.801774999999998,-2.8517749999999977,-3.551774999999997,0,0,0,0,2.8517749999999977,38.03999999999997,6.5900000000001455,0.12139605462824951,9.259999999999764,0.0377969762419409,3.4299999999998363,4.107499999999959,0.116,-1.0,,,13,3,7.0,2024
2024-07-09 13:00:00+00:00|-1.0|hr_broad_pb_h13_lq40_pb025_tp055_sl065,2024-07-09 13:00:00+00:00,STAGE29A,data/reports/stage29a_high_range_regime_continuation_discovery/stage29a_exact_trades.csv,high_range_broad_pullback_continuation_v1,hr_broad_pb_h13_lq40_pb025_tp055_sl065,-1.668525000000136,-2.718525000000136,-3.418525000000136,0,0,0,0,2.718525000000136,40.36999999999989,9.490000000000236,0.8303477344573144,10.409999999999854,0.3170028818443586,3.7400000000002365,4.889499999999975,0.476,-1.0,,,13,1,7.0,2024
2024-07-12 13:00:00+00:00|-1.0|hr_broad_pb_h13_lq40_pb025_tp055_sl065,2024-07-12 13:00:00+00:00,STAGE29A,data/reports/stage29a_high_range_regime_continuation_discovery/stage29a_exact_trades.csv,high_range_broad_pullback_continuation_v1,hr_broad_pb_h13_lq40_pb025_tp055_sl065,-2.098175000000174,-3.148175000000174,-3.8481750000001735,0,0,0,1,3.148175000000174,53.38999999999987,9.550000000000182,0.5350785340313692,9.760000000000218,0.3893442622950453,5.119999999999891,5.3715000000000375,0.7,-1.0,,,13,4,7.0,2024
2024-07-18 13:00:00+00:00|-1.0|hr_broad_pb_h13_lq40_pb025_tp055_sl065,2024-07-18 13:00:00+00:00,STAGE29A,data/reports/stage29a_high_range_regime_continuation_discovery/stage29a_exact_trades.csv,high_range_broad_pullback_continuation_v1,hr_broad_pb_h13_lq40_pb025_tp055_sl065,1.0736750000000028,0.023675000000003,-0.6763249999999967,1,0,0,0,0.023675000000003,32.25999999999976,11.519999999999982,0.7647569444444409,10.329999999999927,0.23523717328168958,3.099999999999909,6.02800000000002,0.692,-1.0,,,13,3,7.0,2024
2024-07-19 13:00:00+00:00|-1.0|hr_broad_pb_h13_lq40_pb025_tp055_sl065,2024-07-19 13:00:00+00:00,STAGE29A,data/reports/stage29a_high_range_regime_continuation_discovery/stage29a_exact_trades.csv,high_range_broad_pullback_continuation_v1,hr_broad_pb_h13_lq40_pb025_tp055_sl065,-3.026375000000008,-4.076375000000008,-4.776375000000007,0,0,0,1,4.076375000000008,34.84999999999991,24.67999999999984,0.6288492706645091,16.5,0.7678787878787923,6.269999999999982,7.066999999999939,0.872,-1.0,,,13,4,7.0,2024
2024-07-23 13:00:00+00:00|1.0|hr_broad_pb_h13_lq40_pb025_tp055_sl065,2024-07-23 13:00:00+00:00,STAGE29A,data/reports/stage29a_high_range_regime_continuation_discovery/stage29a_exact_trades.csv,high_range_broad_pullback_continuation_v1,hr_broad_pb_h13_lq40_pb025_tp055_sl065,1.59012500000008,0.5401250000000801,-0.1598749999999196,1,0,1,0,0.5401250000000801,28.23999999999978,9.199999999999818,0.34239130434784276,20.019999999999985,0.43806193806193755,4.9099999999998545,5.389500000000021,0.384,1.0,,,13,1,7.0,2024
2024-07-26 13:00:00+00:00|1.0|hr_broad_pb_h13_lq40_pb025_tp055_sl065,2024-07-26 13:00:00+00:00,STAGE29A,data/reports/stage29a_high_range_regime_continuation_discovery/stage29a_exact_trades.csv,high_range_broad_pullback_continuation_v1,hr_broad_pb_h13_lq40_pb025_tp055_sl065,-2.261974999999984,-3.311974999999984,-4.011974999999984,0,0,0,1,3.311974999999984,48.190000000000055,23.550000000000185,0.36390658174096147,10.0300000000002,0.19541375872382824,2.849999999999909,6.586000000000013,0.584,1.0,,,13,4,7.0,2024
2024-07-31 13:00:00+00:00|1.0|hr_broad_pb_h13_lq40_pb025_tp055_sl065,2024-07-31 13:00:00+00:00,STAGE29A,data/reports/stage29a_high_range_regime_continuation_discovery/stage29a_exact_trades.csv,high_range_broad_pullback_continuation_v1,hr_broad_pb_h13_lq40_pb025_tp055_sl065,1.2403250000001207,0.1903250000001208,-0.5096749999998789,1,0,1,0,0.1903250000001208,36.43000000000029,15.139999999999873,0.47159841479523995,10.990000000000236,0.4003639672429478,4.430000000000291,6.458000000000107,0.528,1.0,,,13,2,7.0,2024
2024-08-06 13:00:00+00:00|1.0|hr_broad_pb_h13_lq40_pb025_tp055_sl065,2024-08-06 13:00:00+00:00,STAGE29A,data/reports/stage29a_high_range_regime_continuation_discovery/stage29a_exact_trades.csv,high_range_broad_pullback_continuation_v1,hr_broad_pb_h13_lq40_pb025_tp055_sl065,2.33730000000005,1.2873000000000503,0.5873000000000506,1,1,1,0,1.2873000000000503,94.65999999999984,13.960000000000036,0.005014326647576184,20.72000000000025,0.20945945945944197,5.320000000000164,8.264500000000089,0.744,1.0,,,13,1,8.0,2024
2024-08-07 13:00:00+00:00|1.0|hr_broad_pb_h13_lq40_pb025_tp055_sl065,2024-08-07 13:00:00+00:00,STAGE29A,data/reports/stage29a_high_range_regime_continuation_discovery/stage29a_exact_trades.csv,high_range_broad_pullback_continuation_v1,hr_broad_pb_h13_lq40_pb025_tp055_sl065,-2.3321750000000976,-3.3821750000000974,-4.082175000000097,0,0,0,1,3.3821750000000974,36.63000000000011,11.710000000000036,0.22715627668657953,11.829999999999927,0.7007607776838558,3.930000000000291,6.822499999999991,0.396,1.0,,,13,2,8.0,2024
2024-08-08 13:00:00+00:00|1.0|hr_broad_pb_h13_lq40_pb025_tp055_sl065,2024-08-08 13:00:00+00:00,STAGE29A,data/reports/stage29a_high_range_regime_continuation_discovery/stage29a_exact_trades.csv,high_range_broad_pullback_continuation_v1,hr_broad_pb_h13_lq40_pb025_tp055_sl065,1.5103750000002036,0.4603750000002038,-0.2396249999997959,1,0,1,0,0.4603750000002038,28.01000000000022,14.150000000000093,0.7519434628975127,15.019999999999982,0.1291611185086589,5.150000000000091,5.698000000000024,0.1,1.0,,,13,3,8.0,2024
2024-08-09 13:00:00+00:00|1.0|hr_broad_pb_h13_lq40_pb025_tp055_sl065,2024-08-09 13:00:00+00:00,STAGE29A,data/reports/stage29a_high_range_regime_continuation_discovery/stage29a_exact_trades.csv,high_range_broad_pullback_continuation_v1,hr_broad_pb_h13_lq40_pb025_tp055_sl065,1.0956749999999371,0.0456749999999375,-0.6543250000000622,1,0,0,0,0.0456749999999375,47.190000000000055,9.679999999999836,0.4845041322314188,10.159999999999854,0.24606299212598778,2.9600000000000364,5.6220000000000026,0.092,1.0,,,13,4,8.0,2024
2024-08-16 13:00:00+00:00|1.0|hr_broad_pb_h13_lq40_pb025_tp055_sl065,2024-08-16 13:00:00+00:00,STAGE29A,data/reports/stage29a_high_range_regime_continuation_discovery/stage29a_exact_trades.csv,high_range_broad_pullback_continuation_v1,hr_broad_pb_h13_lq40_pb025_tp055_sl065,-2.045525000000089,-3.0955250000000887,-3.795525000000088,0,0,0,1,3.0955250000000887,37.90000000000009,9.2199999999998,0.26030368763559036,13.390000000000327,0.8110530246452473,3.0700000000001637,4.9780000000000655,0.04,1.0,,,13,4,8.0,2024
2024-08-20 13:00:00+00:00|1.0|hr_broad_pb_h13_lq40_pb025_tp055_sl065,2024-08-20 13:00:00+00:00,STAGE29A,data/reports/stage29a_high_range_regime_continuation_discovery/stage29a_exact_trades.csv,high_range_broad_pullback_continuation_v1,hr_broad_pb_h13_lq40_pb025_tp055_sl065,1.81012499999988,0.76012499999988,0.0601249999998803,1,1,1,0,0.76012499999988,23.800000000000185,9.5,0.2642105263157646,27.90999999999985,0.7115729129344404,5.519999999999982,5.144999999999982,0.08,1.0,,,13,1,8.0,2024
2024-08-27 13:00:00+00:00|-1.0|hr_broad_pb_h13_lq40_pb025_tp055_sl065,2024-08-27 13:00:00+00:00,STAGE29A,data/reports/stage29a_high_range_regime_continuation_discovery/stage29a_exact_trades.csv,high_range_broad_pullback_continuation_v1,hr_broad_pb_h13_lq40_pb025_tp055_sl065,1.4880999999999402,0.4380999999999404,-0.2619000000000593,1,0,1,0,0.4380999999999404,18.050000000000185,11.989999999999782,0.6905754795662966,13.979999999999563,0.006437768240353958,5.670000000000073,5.167499999999973,0.196,-1.0,,,13,1,8.0,2024
2024-08-28 13:00:00+00:00|-1.0|hr_broad_pb_h13_lq40_pb025_tp055_sl065,2024-08-28 13:00:00+00:00,STAGE29A,data/reports/stage29a_high_range_regime_continuation_discovery/stage29a_exact_trades.csv,high_range_broad_pullback_continuation_v1,hr_broad_pb_h13_lq40_pb025_tp055_sl065,-2.055924999999752,-3.105924999999752,-3.805924999999752,0,0,0,1,3.105924999999752,22.4399999999996,15.88000000000011,0.6190176322418047,12.849999999999907,0.4513618677042621,3.7100000000000364,5.0939999999999825,0.172,-1.0,,,13,2,8.0,2024
2024-08-29 13:00:00+00:00|1.0|hr_broad_pb_h13_lq40_pb025_tp055_sl065,2024-08-29 13:00:00+00:00,STAGE29A,data/reports/stage29a_high_range_regime_continuation_discovery/stage29a_exact_trades.csv,high_range_broad_pullback_continuation_v1,hr_broad_pb_h13_lq40_pb025_tp055_sl065,-2.314300000000094,-3.3643000000000938,-4.0643000000000935,0,0,0,1,3.3643000000000938,35.45000000000027,12.860000000000127,0.7449455676516199,10.539999999999964,0.5910815939278975,8.480000000000018,4.832999999999993,0.112,1.0,,,13,3,8.0,2024
2024-09-05 13:00:00+00:00|1.0|hr_broad_pb_h13_lq40_pb025_tp055_sl065,2024-09-05 13:00:00+00:00,STAGE29A,data/reports/stage29a_high_range_regime_continuation_discovery/stage29a_exact_trades.csv,high_range_broad_pullback_continuation_v1,hr_broad_pb_h13_lq40_pb025_tp055_sl065,-2.327300000000014,-3.3773000000000137,-4.0773000000000135,0,0,0,1,3.3773000000000137,28.620000000000346,4.880000000000109,0.08811475409832514,23.40999999999985,0.8821016659547296,2.519999999999982,4.613000000000056,0.132,1.0,,,13,3,9.0,2024
2024-09-18 13:00:00+00:00|-1.0|hr_broad_pb_h13_lq40_pb025_tp055_sl065,2024-09-18 13:00:00+00:00,STAGE29A,data/reports/stage29a_high_range_regime_continuation_discovery/stage29a_exact_trades.csv,high_range_broad_pullback_continuation_v1,hr_broad_pb_h13_lq40_pb025_tp055_sl065,-1.6763249999999972,-2.726324999999997,-3.4263249999999967,0,0,0,0,2.726324999999997,26.2199999999998,8.230000000000018,0.6342648845686255,10.759999999999764,0.369888475836441,3.9899999999997817,5.132999999999948,0.488,-1.0,,,13,2,9.0,2024
2024-09-20 13:00:00+00:00|1.0|hr_broad_pb_h13_lq40_pb025_tp055_sl065,2024-09-20 13:00:00+00:00,STAGE29A,data/reports/stage29a_high_range_regime_continuation_discovery/stage29a_exact_trades.csv,high_range_broad_pullback_continuation_v1,hr_broad_pb_h13_lq40_pb025_tp055_sl065,1.3472999999998136,0.2972999999998138,-0.4027000000001859,1,0,1,0,0.2972999999998138,43.78999999999997,8.75,0.41142857142856104,21.419999999999614,0.6984126984127126,8.039999999999964,5.049000000000047,0.416,1.0,,,13,4,9.0,2024
2024-09-25 13:00:00+00:00|-1.0|hr_broad_pb_h13_lq40_pb025_tp055_sl065,2024-09-25 13:00:00+00:00,STAGE29A,data/reports/stage29a_high_range_regime_continuation_discovery/stage29a_exact_trades.csv,high_range_broad_pullback_continuation_v1,hr_broad_pb_h13_lq40_pb025_tp055_sl065,-2.327300000000014,-3.3773000000000137,-4.0773000000000135,0,0,0,1,3.3773000000000137,41.76999999999998,15.13000000000011,0.15333773959019778,10.159999999999854,0.4498031496063218,4.919999999999618,6.537499999999954,0.724,-1.0,,,13,2,9.0,2024
2024-09-26 13:00:00+00:00|1.0|hr_broad_pb_h13_lq40_pb025_tp055_sl065,2024-09-26 13:00:00+00:00,STAGE29A,data/reports/stage29a_high_range_regime_continuation_discovery/stage29a_exact_trades.csv,high_range_broad_pullback_continuation_v1,hr_broad_pb_h13_lq40_pb025_tp055_sl065,-2.0318750000002184,-3.081875000000218,-3.781875000000218,0,0,0,1,3.081875000000218,20.829999999999927,7.170000000000073,0.6094839609484382,12.570000000000164,0.49721559268098,2.869999999999891,5.068999999999915,0.308,1.0,,,13,3,9.0,2024
2024-10-01 13:00:00+00:00|1.0|hr_broad_pb_h13_lq40_pb025_tp055_sl065,2024-10-01 13:00:00+00:00,STAGE29A,data/reports/stage29a_high_range_regime_continuation_discovery/stage29a_exact_trades.csv,high_range_broad_pullback_continuation_v1,hr_broad_pb_h13_lq40_pb025_tp055_sl065,0.8800749999999425,-0.1699250000000574,-0.8699250000000571,0,0,0,0,0.1699250000000574,41.48000000000002,7.730000000000018,0.3842173350582468,11.840000000000146,0.9045608108108028,3.9400000000000546,4.787000000000035,0.108,1.0,,,13,1,10.0,2024
2024-10-11 13:00:00+00:00|-1.0|hr_broad_pb_h13_lq40_pb025_tp055_sl065,2024-10-11 13:00:00+00:00,STAGE29A,data/reports/stage29a_high_range_regime_continuation_discovery/stage29a_exact_trades.csv,high_range_broad_pullback_continuation_v1,hr_broad_pb_h13_lq40_pb025_tp055_sl065,-2.0724999999998546,-3.1224999999998544,-3.822499999999854,0,0,0,1,3.1224999999998544,25.800000000000185,17.980000000000018,0.9566184649610567,10.989999999999782,0.6960873521383296,5.529999999999745,6.082500000000005,0.34,-1.0,,,13,4,10.0,2024
2024-10-15 13:00:00+00:00|1.0|hr_broad_pb_h13_lq40_pb025_tp055_sl065,2024-10-15 13:00:00+00:00,STAGE29A,data/reports/stage29a_high_range_regime_continuation_discovery/stage29a_exact_trades.csv,high_range_broad_pullback_continuation_v1,hr_broad_pb_h13_lq40_pb025_tp055_sl065,-2.291225000000032,-3.341225000000031,-4.041225000000031,0,0,0,1,3.341225000000031,23.65999999999985,8.349999999999909,0.5185628742514939,17.829999999999927,0.448121144139081,4.460000000000036,4.957000000000017,0.056,1.0,,,13,1,10.0,2024
2024-10-18 13:00:00+00:00|1.0|hr_broad_pb_h13_lq40_pb025_tp055_sl065,2024-10-18 13:00:00+00:00,STAGE29A,data/reports/stage29a_high_range_regime_continuation_discovery/stage29a_exact_trades.csv,high_range_broad_pullback_continuation_v1,hr_broad_pb_h13_lq40_pb025_tp055_sl065,-2.37539999999999,-3.4253999999999905,-4.12539999999999,0,0,0,1,3.4253999999999905,23.579999999999927,20.360000000000127,0.849214145383097,12.329999999999927,0.11678832116788833,7.010000000000218,5.587500000000046,0.272,1.0,,,13,4,10.0,2024
2024-10-24 13:00:00+00:00|1.0|hr_broad_pb_h13_lq40_pb025_tp055_sl065,2024-10-24 13:00:00+00:00,STAGE29A,data/reports/stage29a_high_range_regime_continuation_discovery/stage29a_exact_trades.csv,high_range_broad_pullback_continuation_v1,hr_broad_pb_h13_lq40_pb025_tp055_sl065,1.0288500000000569,-0.0211499999999431,-0.7211499999999429,0,0,0,0,0.0211499999999431,49.92000000000007,12.279999999999744,0.39576547231272213,16.420000000000073,0.8361753958587063,3.230000000000018,5.922000000000049,0.54,1.0,,,13,3,10.0,2024
2024-10-25 13:00:00+00:00|-1.0|hr_broad_pb_h13_lq40_pb025_tp055_sl065,2024-10-25 13:00:00+00:00,STAGE29A,data/reports/stage29a_high_range_regime_continuation_discovery/stage29a_exact_trades.csv,high_range_broad_pullback_continuation_v1,hr_broad_pb_h13_lq40_pb025_tp055_sl065,-2.2102999999998247,-3.260299999999825,-3.960299999999824,0,0,0,1,3.260299999999825,29.029999999999745,11.730000000000018,0.7357203751065725,15.730000000000018,0.3146853146853317,4.320000000000164,5.034999999999991,0.096,-1.0,,,13,4,10.0,2024
2024-10-31 13:00:00+00:00|-1.0|hr_broad_pb_h13_lq40_pb025_tp055_sl065,2024-10-31 13:00:00+00:00,STAGE29A,data/reports/stage29a_high_range_regime_continuation_discovery/stage29a_exact_trades.csv,high_range_broad_pullback_continuation_v1,hr_broad_pb_h13_lq40_pb025_tp055_sl065,-2.143999999999869,-3.193999999999869,-3.8939999999998687,0,0,0,1,3.193999999999869,19.139999999999876,8.029999999999745,0.2889165628891952,13.509999999999764,0.2672094744633409,8.0,4.854499999999962,0.072,-1.0,,,13,3,10.0,2024
2024-11-05 13:00:00+00:00|1.0|hr_broad_pb_h13_lq40_pb025_tp055_sl065,2024-11-05 13:00:00+00:00,STAGE29A,data/reports/stage29a_high_range_regime_continuation_discovery/stage29a_exact_trades.csv,high_range_broad_pullback_continuation_v1,hr_broad_pb_h13_lq40_pb025_tp055_sl065,1.3605000000001382,0.3105000000001383,-0.3894999999998614,1,0,1,0,0.3105000000001383,18.789999999999964,13.260000000000218,0.12141779788835944,13.2800000000002,0.2567771084337201,4.639999999999873,5.242500000000041,0.188,1.0,,,13,1,11.0,2024
2024-11-08 13:00:00+00:00|-1.0|hr_broad_pb_h13_lq40_pb025_tp055_sl065,2024-11-08 13:00:00+00:00,STAGE29A,data/reports/stage29a_high_range_regime_continuation_discovery/stage29a_exact_trades.csv,high_range_broad_pullback_continuation_v1,hr_broad_pb_h13_lq40_pb025_tp055_sl065,-2.860949999999866,-3.910949999999866,-4.610949999999866,0,0,0,1,3.910949999999866,66.90999999999985,17.09999999999991,0.7777777777777659,16.240000000000236,0.3232758620689608,7.2599999999997635,7.055999999999972,0.724,-1.0,,,13,4,11.0,2024
2024-11-12 13:00:00+00:00|-1.0|hr_broad_pb_h13_lq40_pb025_tp055_sl065,2024-11-12 13:00:00+00:00,STAGE29A,data/reports/stage29a_high_range_regime_continuation_discovery/stage29a_exact_trades.csv,high_range_broad_pullback_continuation_v1,hr_broad_pb_h13_lq40_pb025_tp055_sl065,2.640900000000238,1.590900000000238,0.8909000000002383,1,1,1,0,1.590900000000238,75.67999999999984,11.579999999999927,0.5397236614853229,28.46000000000004,0.7350667603654267,8.900000000000091,6.995999999999936,0.596,-1.0,,,13,1,11.0,2024
2024-11-15 13:00:00+00:00|1.0|hr_broad_pb_h13_lq40_pb025_tp055_sl065,2024-11-15 13:00:00+00:00,STAGE29A,data/reports/stage29a_high_range_regime_continuation_discovery/stage29a_exact_trades.csv,high_range_broad_pullback_continuation_v1,hr_broad_pb_h13_lq40_pb025_tp055_sl065,1.482600000000184,0.4326000000001841,-0.2673999999998155,1,0,1,0,0.4326000000001841,44.54999999999973,8.599999999999909,0.02325581395346747,15.809999999999944,0.039848197343460554,7.339999999999691,6.577499999999918,0.244,1.0,,,13,4,11.0,2024
2024-11-20 13:00:00+00:00|-1.0|hr_broad_pb_h13_lq40_pb025_tp055_sl065,2024-11-20 13:00:00+00:00,STAGE29A,data/reports/stage29a_high_range_regime_continuation_discovery/stage29a_exact_trades.csv,high_range_broad_pullback_continuation_v1,hr_broad_pb_h13_lq40_pb025_tp055_sl065,-2.329899999999816,-3.379899999999816,-4.079899999999816,0,0,0,1,3.379899999999816,29.17999999999984,10.159999999999854,0.14763779527559268,19.74000000000024,0.5916919959472997,5.2400000000002365,4.97000000000005,0.004,-1.0,,,13,2,11.0,2024
2024-11-21 13:00:00+00:00|1.0|hr_broad_pb_h13_lq40_pb025_tp055_sl065,2024-11-21 13:00:00+00:00,STAGE29A,data/reports/stage29a_high_range_regime_continuation_discovery/stage29a_exact_trades.csv,high_range_broad_pullback_continuation_v1,hr_broad_pb_h13_lq40_pb025_tp055_sl065,-2.3620750000000954,-3.4120750000000952,-4.112075000000095,0,0,0,1,3.4120750000000952,36.64000000000033,11.610000000000127,0.41860465116279705,17.059999999999945,0.759671746776089,5.239999999999782,5.6704999999999925,0.084,1.0,,,13,3,11.0,2024
2024-11-28 13:00:00+00:00|1.0|hr_broad_pb_h13_lq40_pb025_tp055_sl065,2024-11-28 13:00:00+00:00,STAGE29A,data/reports/stage29a_high_range_regime_continuation_discovery/stage29a_exact_trades.csv,high_range_broad_pullback_continuation_v1,hr_broad_pb_h13_lq40_pb025_tp055_sl065,-2.264899999999761,-3.3148999999997613,-4.014899999999761,0,0,0,1,3.3148999999997613,31.329999999999927,17.48999999999978,0.33390508862208224,19.41000000000031,0.8377125193199126,4.7400000000002365,6.230499999999961,0.248,1.0,,,13,3,11.0,2024
2024-12-03 13:00:00+00:00|1.0|hr_broad_pb_h13_lq40_pb025_tp055_sl065,2024-12-03 13:00:00+00:00,STAGE29A,data/reports/stage29a_high_range_regime_continuation_discovery/stage29a_exact_trades.csv,high_range_broad_pullback_continuation_v1,hr_broad_pb_h13_lq40_pb025_tp055_sl065,1.2141999999998003,0.1641999999998007,-0.535800000000199,1,0,1,0,0.1641999999998007,30.550000000000185,11.13000000000011,0.21024258760104833,12.860000000000127,0.21228615863141456,3.1700000000000728,5.37699999999993,0.068,1.0,,,13,1,12.0,2024
2024-12-05 13:00:00+00:00|1.0|hr_broad_pb_h13_lq40_pb025_tp055_sl065,2024-12-05 13:00:00+00:00,STAGE29A,data/reports/stage29a_high_range_regime_continuation_discovery/stage29a_exact_trades.csv,high_range_broad_pullback_continuation_v1,hr_broad_pb_h13_lq40_pb025_tp055_sl065,1.1619500000000698,0.1119500000000699,-0.5880499999999298,1,0,0,0,0.1119500000000699,24.800000000000185,6.940000000000055,0.5821325648414888,13.88000000000011,0.17939481268009813,5.820000000000164,5.433999999999946,0.052,1.0,,,13,3,12.0,2024
2024-12-11 13:00:00+00:00|1.0|hr_broad_pb_h13_lq40_pb025_tp055_sl065,2024-12-11 13:00:00+00:00,STAGE29A,data/reports/stage29a_high_range_regime_continuation_discovery/stage29a_exact_trades.csv,high_range_broad_pullback_continuation_v1,hr_broad_pb_h13_lq40_pb025_tp055_sl065,2.002899999999863,0.9528999999998632,0.2528999999998635,1,1,1,0,0.9528999999998632,38.01999999999998,21.779999999999745,0.5335169880624439,25.350000000000364,0.3932938856015823,7.4900000000002365,7.634500000000026,0.756,1.0,,,13,2,12.0,2024
2024-12-13 13:00:00+00:00|-1.0|hr_broad_pb_h13_lq40_pb025_tp055_sl065,2024-12-13 13:00:00+00:00,STAGE29A,data/reports/stage29a_high_range_regime_continuation_discovery/stage29a_exact_trades.csv,high_range_broad_pullback_continuation_v1,hr_broad_pb_h13_lq40_pb025_tp055_sl065,-2.742975000000206,-3.792975000000206,-4.4929750000002056,0,0,0,1,3.792975000000206,51.2199999999998,13.740000000000236,0.4832605531295312,25.5,0.8109803921568741,5.059999999999945,6.2040000000000415,0.296,-1.0,,,13,4,12.0,2024
2024-12-19 13:00:00+00:00|1.0|hr_broad_pb_h13_lq40_pb025_tp055_sl065,2024-12-19 13:00:00+00:00,STAGE29A,data/reports/stage29a_high_range_regime_continuation_discovery/stage29a_exact_trades.csv,high_range_broad_pullback_continuation_v1,hr_broad_pb_h13_lq40_pb025_tp055_sl065,-3.028324999999859,-4.078324999999859,-4.7783249999998585,0,0,0,1,4.078324999999859,68.09999999999991,35.46000000000004,0.5930626057529661,23.2800000000002,0.4463058419243893,9.039999999999964,10.11400000000001,0.996,1.0,,,13,3,12.0,2024
2024-12-27 13:00:00+00:00|-1.0|hr_broad_pb_h13_lq40_pb025_tp055_sl065,2024-12-27 13:00:00+00:00,STAGE29A,data/reports/stage29a_high_range_regime_continuation_discovery/stage29a_exact_trades.csv,high_range_broad_pullback_continuation_v1,hr_broad_pb_h13_lq40_pb025_tp055_sl065,-2.0539749999999004,-3.1039749999999,-3.8039749999999,0,0,0,1,3.1039749999999,26.139999999999876,6.550000000000182,0.14656488549618468,14.829999999999927,0.4686446392447641,4.510000000000218,4.311000000000059,0.104,-1.0,,,13,4,12.0,2024
2024-12-31 13:00:00+00:00|1.0|hr_broad_pb_h13_lq40_pb025_tp055_sl065,2024-12-31 13:00:00+00:00,STAGE29A,data/reports/stage29a_high_range_regime_continuation_discovery/stage29a_exact_trades.csv,high_range_broad_pullback_continuation_v1,hr_broad_pb_h13_lq40_pb025_tp055_sl065,1.0409499999999752,-0.0090500000000246,-0.7090500000000244,0,0,0,0,0.0090500000000246,32.159999999999854,8.059999999999945,0.01488833746896919,15.179999999999836,0.33596837944663793,4.809999999999945,4.7085000000000035,0.272,1.0,,,13,1,12.0,2024
2025-01-21 13:00:00+00:00|-1.0|hr_broad_pb_h13_lq40_pb025_tp055_sl065,2025-01-21 13:00:00+00:00,STAGE29A,data/reports/stage29a_high_range_regime_continuation_discovery/stage29a_exact_trades.csv,high_range_broad_pullback_continuation_v1,hr_broad_pb_h13_lq40_pb025_tp055_sl065,1.6214749999998277,0.5714749999998276,-0.128525000000172,1,0,1,0,0.5714749999998276,24.550000000000185,25.09999999999991,0.6749003984063792,15.799999999999727,0.4974683544303964,5.150000000000091,6.870499999999993,0.92,-1.0,,,13,1,1.0,2025
2025-02-04 13:00:00+00:00|-1.0|hr_broad_pb_h13_lq40_pb025_tp055_sl065,2025-02-04 13:00:00+00:00,STAGE29A,data/reports/stage29a_high_range_regime_continuation_discovery/stage29a_exact_trades.csv,high_range_broad_pullback_continuation_v1,hr_broad_pb_h13_lq40_pb025_tp055_sl065,-2.7247749999997724,-3.774774999999772,-4.474774999999772,0,0,0,1,3.774774999999772,58.19999999999982,13.329999999999927,0.3885971492873458,14.659999999999854,0.29058663028651166,7.200000000000273,6.982500000000073,0.764,-1.0,,,13,1,2.0,2025
2025-02-12 13:00:00+00:00|-1.0|hr_broad_pb_h13_lq40_pb025_tp055_sl065,2025-02-12 13:00:00+00:00,STAGE29A,data/reports/stage29a_high_range_regime_continuation_discovery/stage29a_exact_trades.csv,high_range_broad_pullback_continuation_v1,hr_broad_pb_h13_lq40_pb025_tp055_sl065,-3.019225000000097,-4.069225000000097,-4.769225000000096,0,0,0,1,4.069225000000097,60.9399999999996,17.070000000000164,0.7861745752782627,16.440000000000055,0.15815085158150247,10.550000000000182,7.384500000000003,0.508,-1.0,,,13,2,2.0,2025
2025-02-13 13:00:00+00:00|-1.0|hr_broad_pb_h13_lq40_pb025_tp055_sl065,2025-02-13 13:00:00+00:00,STAGE29A,data/reports/stage29a_high_range_regime_continuation_discovery/stage29a_exact_trades.csv,high_range_broad_pullback_continuation_v1,hr_broad_pb_h13_lq40_pb025_tp055_sl065,1.7023250000001098,0.65232500000011,-0.0476749999998897,1,0,1,0,0.65232500000011,45.38000000000011,18.759999999999764,0.6780383795309147,13.460000000000036,0.05274888558692678,5.619999999999891,6.579499999999916,0.248,-1.0,,,13,3,2.0,2025
2025-02-21 13:00:00+00:00|1.0|hr_broad_pb_h13_lq40_pb025_tp055_sl065,2025-02-21 13:00:00+00:00,STAGE29A,data/reports/stage29a_high_range_regime_continuation_discovery/stage29a_exact_trades.csv,high_range_broad_pullback_continuation_v1,hr_broad_pb_h13_lq40_pb025_tp055_sl065,-2.5495999999999186,-3.5995999999999184,-4.299599999999918,0,0,0,1,3.5995999999999184,30.779999999999745,23.40000000000009,0.5564102564102534,17.309999999999945,0.11900635470825835,2.119999999999891,7.984000000000037,0.616,1.0,,,13,4,2.0,2025
2025-02-25 13:00:00+00:00|1.0|hr_broad_pb_h13_lq40_pb025_tp055_sl065,2025-02-25 13:00:00+00:00,STAGE29A,data/reports/stage29a_high_range_regime_continuation_discovery/stage29a_exact_trades.csv,high_range_broad_pullback_continuation_v1,hr_broad_pb_h13_lq40_pb025_tp055_sl065,1.560425000000032,0.5104250000000321,-0.1895749999999676,1,0,1,0,0.5104250000000321,35.16000000000031,18.90999999999985,0.6959280803807486,12.91000000000031,0.05654531371030214,4.079999999999927,6.0479999999999565,0.116,1.0,,,13,1,2.0,2025
2025-02-28 13:00:00+00:00|-1.0|hr_broad_pb_h13_lq40_pb025_tp055_sl065,2025-02-28 13:00:00+00:00,STAGE29A,data/reports/stage29a_high_range_regime_continuation_discovery/stage29a_exact_trades.csv,high_range_broad_pullback_continuation_v1,hr_broad_pb_h13_lq40_pb025_tp055_sl065,1.5934249999999337,0.5434249999999339,-0.1565750000000658,1,0,1,0,0.5434249999999339,53.14999999999964,28.039999999999964,0.44721825962910056,15.940000000000056,0.04454203262233588,4.230000000000018,7.43900000000001,0.464,-1.0,,,13,4,2.0,2025
2025-03-03 13:00:00+00:00|1.0|hr_broad_pb_h13_lq40_pb025_tp055_sl065,2025-03-03 13:00:00+00:00,STAGE29A,data/reports/stage29a_high_range_regime_continuation_discovery/stage29a_exact_trades.csv,high_range_broad_pullback_continuation_v1,hr_broad_pb_h13_lq40_pb025_tp055_sl065,-2.626624999999968,-3.676624999999967,-4.376624999999967,0,0,0,1,3.676624999999967,21.38000000000011,21.38000000000011,0.1585594013096284,14.730000000000018,0.30414120841819503,6.349999999999909,8.26199999999999,0.612,1.0,,,13,0,3.0,2025
2025-03-04 13:00:00+00:00|1.0|hr_broad_pb_h13_lq40_pb025_tp055_sl065,2025-03-04 13:00:00+00:00,STAGE29A,data/reports/stage29a_high_range_regime_continuation_discovery/stage29a_exact_trades.csv,high_range_broad_pullback_continuation_v1,hr_broad_pb_h13_lq40_pb025_tp055_sl065,-3.434249999999884,-4.484249999999884,-5.184249999999883,0,0,0,1,4.484249999999884,39.940000000000055,11.83999999999969,0.03378378378375394,36.98000000000002,0.6311519740400252,5.980000000000018,8.387000000000011,0.664,1.0,,,13,1,3.0,2025
2025-03-05 13:00:00+00:00|1.0|hr_broad_pb_h13_lq40_pb025_tp055_sl065,2025-03-05 13:00:00+00:00,STAGE29A,data/reports/stage29a_high_range_regime_continuation_discovery/stage29a_exact_trades.csv,high_range_broad_pullback_continuation_v1,hr_broad_pb_h13_lq40_pb025_tp055_sl065,1.7647500000001854,0.7147500000001856,0.0147500000001858,1,1,1,0,0.7147500000001856,45.84999999999991,16.070000000000164,0.24268823895457692,13.5,0.2125925925925845,10.069999999999709,7.649000000000138,0.372,1.0,,,13,2,3.0,2025
2025-03-07 13:00:00+00:00|1.0|hr_broad_pb_h13_lq40_pb025_tp055_sl065,2025-03-07 13:00:00+00:00,STAGE29A,data/reports/stage29a_high_range_regime_continuation_discovery/stage29a_exact_trades.csv,high_range_broad_pullback_continuation_v1,hr_broad_pb_h13_lq40_pb025_tp055_sl065,-2.209324999999899,-3.2593249999998988,-3.9593249999998985,0,0,0,1,3.2593249999998988,35.41000000000031,18.309999999999945,0.1982523211359978,16.63000000000011,0.6806975345760454,4.809999999999945,7.198499999999944,0.136,1.0,,,13,4,3.0,2025
2025-03-11 13:00:00+00:00|1.0|hr_broad_pb_h13_lq40_pb025_tp055_sl065,2025-03-11 13:00:00+00:00,STAGE29A,data/reports/stage29a_high_range_regime_continuation_discovery/stage29a_exact_trades.csv,high_range_broad_pullback_continuation_v1,hr_broad_pb_h13_lq40_pb025_tp055_sl065,1.3360249999999725,0.2860249999999724,-0.4139750000000273,1,0,1,0,0.2860249999999724,38.28999999999997,20.169999999999614,0.4615765989092772,21.789999999999964,0.6608536025699915,3.5,7.216999999999894,0.156,1.0,,,13,1,3.0,2025
2025-03-14 13:00:00+00:00|1.0|hr_broad_pb_h13_lq40_pb025_tp055_sl065,2025-03-14 13:00:00+00:00,STAGE29A,data/reports/stage29a_high_range_regime_continuation_discovery/stage29a_exact_trades.csv,high_range_broad_pullback_continuation_v1,hr_broad_pb_h13_lq40_pb025_tp055_sl065,-3.105349999999908,-4.155349999999908,-4.855349999999907,0,0,0,1,4.155349999999908,56.50999999999976,12.150000000000093,0.27160493827158044,24.0,0.32583333333334014,18.200000000000273,7.23599999999999,0.284,1.0,,,13,4,3.0,2025
2025-03-20 13:00:00+00:00|-1.0|hr_broad_pb_h13_lq40_pb025_tp055_sl065,2025-03-20 13:00:00+00:00,STAGE29A,data/reports/stage29a_high_range_regime_continuation_discovery/stage29a_exact_trades.csv,high_range_broad_pullback_continuation_v1,hr_broad_pb_h13_lq40_pb025_tp055_sl065,-2.8876000000001114,-3.9376000000001112,-4.637600000000111,0,0,0,1,3.9376000000001112,29.17999999999984,12.38000000000011,0.4491114701130773,28.14999999999964,0.6600355239786916,16.08999999999969,7.208000000000015,0.528,-1.0,,,13,3,3.0,2025
2025-03-21 13:00:00+00:00|1.0|hr_broad_pb_h13_lq40_pb025_tp055_sl065,2025-03-21 13:00:00+00:00,STAGE29A,data/reports/stage29a_high_range_regime_continuation_discovery/stage29a_exact_trades.csv,high_range_broad_pullback_continuation_v1,hr_broad_pb_h13_lq40_pb025_tp055_sl065,-2.3763749999999164,-3.426374999999916,-4.126374999999916,0,0,0,1,3.426374999999916,32.0,19.5,0.7379487179487114,13.140000000000327,0.07686453576866005,3.8400000000001455,4.945999999999958,0.004,1.0,,,13,4,3.0,2025
2025-03-25 13:00:00+00:00|1.0|hr_broad_pb_h13_lq40_pb025_tp055_sl065,2025-03-25 13:00:00+00:00,STAGE29A,data/reports/stage29a_high_range_regime_continuation_discovery/stage29a_exact_trades.csv,high_range_broad_pullback_continuation_v1,hr_broad_pb_h13_lq40_pb025_tp055_sl065,1.1806500000001503,0.1306500000001507,-0.569349999999849,1,0,0,0,0.1306500000001507,30.789999999999964,8.889999999999873,0.4915635545556753,14.550000000000182,0.5862542955326212,4.1599999999998545,5.54200000000003,0.068,1.0,,,13,1,3.0,2025
2025-03-26 13:00:00+00:00|1.0|hr_broad_pb_h13_lq40_pb025_tp055_sl065,2025-03-26 13:00:00+00:00,STAGE29A,data/reports/stage29a_high_range_regime_continuation_discovery/stage29a_exact_trades.csv,high_range_broad_pullback_continuation_v1,hr_broad_pb_h13_lq40_pb025_tp055_sl065,-2.112474999999995,-3.162474999999995,-3.8624749999999946,0,0,0,1,3.162474999999995,28.480000000000015,12.690000000000056,0.3065405831363165,18.789999999999964,0.4220329962746063,8.059999999999945,5.297999999999979,0.032,1.0,,,13,2,3.0,2025
2025-03-28 13:00:00+00:00|1.0|hr_broad_pb_h13_lq40_pb025_tp055_sl065,2025-03-28 13:00:00+00:00,STAGE29A,data/reports/stage29a_high_range_regime_continuation_discovery/stage29a_exact_trades.csv,high_range_broad_pullback_continuation_v1,hr_broad_pb_h13_lq40_pb025_tp055_sl065,1.8480749999997896,0.7980749999997898,0.09807499999979,1,1,1,0,0.7980749999997898,42.07999999999993,23.289999999999964,0.7745813653928721,19.77000000000044,0.018715225088535025,7.179999999999836,6.467000000000053,0.508,1.0,,,13,4,3.0,2025
2025-04-03 13:00:00+00:00|-1.0|hr_broad_pb_h13_lq40_pb025_tp055_sl065,2025-04-03 13:00:00+00:00,STAGE29A,data/reports/stage29a_high_range_regime_continuation_discovery/stage29a_exact_trades.csv,high_range_broad_pullback_continuation_v1,hr_broad_pb_h13_lq40_pb025_tp055_sl065,3.296775000000161,2.2467750000001616,1.546775000000162,1,1,1,0,2.2467750000001616,41.36000000000013,45.86000000000013,0.04513737461839737,33.409999999999854,0.7934750074827995,8.0,14.06049999999998,0.968,-1.0,,,13,3,4.0,2025
2025-04-07 13:00:00+00:00|1.0|hr_broad_pb_h13_lq40_pb025_tp055_sl065,2025-04-07 13:00:00+00:00,STAGE29A,data/reports/stage29a_high_range_regime_continuation_discovery/stage29a_exact_trades.csv,high_range_broad_pullback_continuation_v1,hr_broad_pb_h13_lq40_pb025_tp055_sl065,5.265499999999884,4.215499999999883,3.515499999999884,1,1,1,0,4.215499999999883,31.919999999999614,84.09999999999991,0.11319857312722939,31.21000000000004,0.19801345722524283,13.6899999999996,26.00549999999989,0.968,1.0,,,13,0,4.0,2025
2025-04-11 13:00:00+00:00|1.0|hr_broad_pb_h13_lq40_pb025_tp055_sl065,2025-04-11 13:00:00+00:00,STAGE29A,data/reports/stage29a_high_range_regime_continuation_discovery/stage29a_exact_trades.csv,high_range_broad_pullback_continuation_v1,hr_broad_pb_h13_lq40_pb025_tp055_sl065,-7.538674999999875,-8.588674999999876,-9.288674999999875,0,0,0,1,8.588674999999876,117.48000000000002,44.58999999999969,0.6503700381251447,42.96000000000004,0.23114525139664405,18.049999999999727,16.929500000000008,0.704,1.0,,,13,4,4.0,2025
2025-04-21 13:00:00+00:00|1.0|hr_broad_pb_h13_lq40_pb025_tp055_sl065,2025-04-21 13:00:00+00:00,STAGE29A,data/reports/stage29a_high_range_regime_continuation_discovery/stage29a_exact_trades.csv,high_range_broad_pullback_continuation_v1,hr_broad_pb_h13_lq40_pb025_tp055_sl065,-3.2941750000000867,-4.344175000000087,-5.044175000000086,0,0,0,1,4.344175000000087,24.230000000000015,56.29999999999973,0.6460035523978698,27.25,0.4565137614678919,6.049999999999727,12.712999999999965,0.252,1.0,,,13,0,4.0,2025
2025-04-30 13:00:00+00:00|-1.0|hr_broad_pb_h13_lq40_pb025_tp055_sl065,2025-04-30 13:00:00+00:00,STAGE29A,data/reports/stage29a_high_range_regime_continuation_discovery/stage29a_exact_trades.csv,high_range_broad_pullback_continuation_v1,hr_broad_pb_h13_lq40_pb025_tp055_sl065,-4.5262499999999815,-5.576249999999982,-6.2762499999999815,0,0,0,1,5.576249999999982,48.690000000000055,24.269999999999985,0.5937371240214201,39.57999999999993,0.7271349166245528,11.799999999999727,11.332499999999936,0.14,-1.0,,,13,2,4.0,2025
2025-05-01 13:00:00+00:00|-1.0|hr_broad_pb_h13_lq40_pb025_tp055_sl065,2025-05-01 13:00:00+00:00,STAGE29A,data/reports/stage29a_high_range_regime_continuation_discovery/stage29a_exact_trades.csv,high_range_broad_pullback_continuation_v1,hr_broad_pb_h13_lq40_pb025_tp055_sl065,-4.147950000000128,-5.197950000000128,-5.897950000000128,0,0,0,1,5.197950000000128,60.86999999999989,61.15000000000009,0.7282093213409596,27.449999999999815,0.39744990892533266,20.409999999999854,14.614999999999963,0.46,-1.0,,,13,3,5.0,2025
2025-05-09 13:00:00+00:00|1.0|hr_broad_pb_h13_lq40_pb025_tp055_sl065,2025-05-09 13:00:00+00:00,STAGE29A,data/reports/stage29a_high_range_regime_continuation_discovery/stage29a_exact_trades.csv,high_range_broad_pullback_continuation_v1,hr_broad_pb_h13_lq40_pb025_tp055_sl065,-4.128449999999793,-5.178449999999794,-5.878449999999793,0,0,0,1,5.178449999999794,126.18000000000028,49.309999999999945,0.3214358142364617,24.079999999999927,0.7093023255813945,5.7199999999998,16.525499999999965,0.712,1.0,,,13,4,5.0,2025
2025-05-12 13:00:00+00:00|-1.0|hr_broad_pb_h13_lq40_pb025_tp055_sl065,2025-05-12 13:00:00+00:00,STAGE29A,data/reports/stage29a_high_range_regime_continuation_discovery/stage29a_exact_trades.csv,high_range_broad_pullback_continuation_v1,hr_broad_pb_h13_lq40_pb025_tp055_sl065,5.311425000000236,4.261425000000235,3.561425000000236,1,1,1,0,4.261425000000235,44.57999999999993,52.61999999999989,0.20600532117066073,70.42999999999984,0.9747266789720325,18.329999999999927,18.80450000000003,0.932,-1.0,,,13,0,5.0,2025
2025-05-14 13:00:00+00:00|1.0|hr_broad_pb_h13_lq40_pb025_tp055_sl065,2025-05-14 13:00:00+00:00,STAGE29A,data/reports/stage29a_high_range_regime_continuation_discovery/stage29a_exact_trades.csv,high_range_broad_pullback_continuation_v1,hr_broad_pb_h13_lq40_pb025_tp055_sl065,-4.064425000000119,-5.11442500000012,-5.814425000000119,0,0,0,1,5.11442500000012,49.62999999999965,30.800000000000185,0.849025974025972,22.360000000000127,0.1797853309481198,7.360000000000127,10.046499999999991,0.012,1.0,,,13,2,5.0,2025
2025-05-15 13:00:00+00:00|1.0|hr_broad_pb_h13_lq40_pb025_tp055_sl065,2025-05-15 13:00:00+00:00,STAGE29A,data/reports/stage29a_high_range_regime_continuation_discovery/stage29a_exact_trades.csv,high_range_broad_pullback_continuation_v1,hr_broad_pb_h13_lq40_pb025_tp055_sl065,-6.468774999999914,-7.518774999999914,-8.218774999999914,0,0,0,1,7.518774999999914,88.99000000000024,44.32000000000016,0.7274368231046958,50.940000000000055,0.290341578327443,12.239999999999782,14.491500000000087,0.548,1.0,,,13,3,5.0,2025
2025-05-16 13:00:00+00:00|-1.0|hr_broad_pb_h13_lq40_pb025_tp055_sl065,2025-05-16 13:00:00+00:00,STAGE29A,data/reports/stage29a_high_range_regime_continuation_discovery/stage29a_exact_trades.csv,high_range_broad_pullback_continuation_v1,hr_broad_pb_h13_lq40_pb025_tp055_sl065,-5.144399999999768,-6.194399999999769,-6.894399999999768,0,0,0,1,6.194399999999769,131.69000000000003,45.57999999999993,0.8600263273365585,35.88000000000011,0.07413600891861333,9.079999999999927,13.179999999999927,0.332,-1.0,,,13,4,5.0,2025
2025-05-29 13:00:00+00:00|1.0|hr_broad_pb_h13_lq40_pb025_tp055_sl065,2025-05-29 13:00:00+00:00,STAGE29A,data/reports/stage29a_high_range_regime_continuation_discovery/stage29a_exact_trades.csv,high_range_broad_pullback_continuation_v1,hr_broad_pb_h13_lq40_pb025_tp055_sl065,-3.628925000000072,-4.678925000000072,-5.378925000000072,0,0,0,1,4.678925000000072,48.7199999999998,49.67000000000007,0.2415945238574589,23.24000000000024,0.3222891566265129,6.980000000000018,13.875999999999976,0.708,1.0,,,13,3,5.0,2025
2025-05-30 13:00:00+00:00|1.0|hr_broad_pb_h13_lq40_pb025_tp055_sl065,2025-05-30 13:00:00+00:00,STAGE29A,data/reports/stage29a_high_range_regime_continuation_discovery/stage29a_exact_trades.csv,high_range_broad_pullback_continuation_v1,hr_broad_pb_h13_lq40_pb025_tp055_sl065,-4.305899999999928,-5.355899999999929,-6.055899999999928,0,0,0,1,5.355899999999929,85.5,31.449999999999815,0.6311605723370437,17.59999999999991,0.06193181818182677,6.649999999999636,9.561000000000012,0.124,1.0,,,13,4,5.0,2025
2025-06-05 13:00:00+00:00|1.0|hr_broad_pb_h13_lq40_pb025_tp055_sl065,2025-06-05 13:00:00+00:00,STAGE29A,data/reports/stage29a_high_range_regime_continuation_discovery/stage29a_exact_trades.csv,high_range_broad_pullback_continuation_v1,hr_broad_pb_h13_lq40_pb025_tp055_sl065,2.244625000000178,1.1946250000001783,0.4946250000001786,1,1,1,0,1.1946250000001783,40.88999999999987,15.769999999999982,0.24413443246670347,30.279999999999745,0.6647952443857423,17.199999999999818,9.147000000000002,0.148,1.0,,,13,3,6.0,2025
2025-06-13 13:00:00+00:00|-1.0|hr_broad_pb_h13_lq40_pb025_tp055_sl065,2025-06-13 13:00:00+00:00,STAGE29A,data/reports/stage29a_high_range_regime_continuation_discovery/stage29a_exact_trades.csv,high_range_broad_pullback_continuation_v1,hr_broad_pb_h13_lq40_pb025_tp055_sl065,-4.438174999999864,-5.488174999999865,-6.188174999999864,0,0,0,1,5.488174999999865,60.32000000000016,64.65000000000009,0.6521268368136086,22.43000000000029,0.05840392331698299,7.2400000000002365,12.121500000000015,0.816,-1.0,,,13,4,6.0,2025
2025-07-01 13:00:00+00:00|1.0|hr_broad_pb_h13_lq40_pb025_tp055_sl065,2025-07-01 13:00:00+00:00,STAGE29A,data/reports/stage29a_high_range_regime_continuation_discovery/stage29a_exact_trades.csv,high_range_broad_pullback_continuation_v1,hr_broad_pb_h13_lq40_pb025_tp055_sl065,-2.8996250000001056,-3.9496250000001054,-4.649625000000105,0,0,0,1,3.9496250000001054,63.93000000000029,20.279999999999745,0.4817554240631215,29.08999999999969,0.8446201443795108,9.88000000000011,7.409500000000071,0.072,1.0,,,13,1,7.0,2025
2025-07-02 13:00:00+00:00|1.0|hr_broad_pb_h13_lq40_pb025_tp055_sl065,2025-07-02 13:00:00+00:00,STAGE29A,data/reports/stage29a_high_range_regime_continuation_discovery/stage29a_exact_trades.csv,high_range_broad_pullback_continuation_v1,hr_broad_pb_h13_lq40_pb025_tp055_sl065,1.752100000000064,0.7021000000000641,0.0021000000000643,1,1,1,0,0.7021000000000641,55.48999999999978,16.179999999999836,0.10074165636589157,16.269999999999982,0.10571604179472997,9.11999999999989,6.954499999999984,0.056,1.0,,,13,2,7.0,2025
2025-07-24 13:00:00+00:00|-1.0|hr_broad_pb_h13_lq40_pb025_tp055_sl065,2025-07-24 13:00:00+00:00,STAGE29A,data/reports/stage29a_high_range_regime_continuation_discovery/stage29a_exact_trades.csv,high_range_broad_pullback_continuation_v1,hr_broad_pb_h13_lq40_pb025_tp055_sl065,-3.2363249999999426,-4.286324999999943,-4.986324999999942,0,0,0,1,4.286324999999943,57.620000000000346,18.539999999999964,0.1564185544768121,23.389999999999876,0.8610517315092107,8.049999999999727,8.378999999999929,0.768,-1.0,,,13,3,7.0,2025
2025-08-05 13:00:00+00:00|-1.0|hr_broad_pb_h13_lq40_pb025_tp055_sl065,2025-08-05 13:00:00+00:00,STAGE29A,data/reports/stage29a_high_range_regime_continuation_discovery/stage29a_exact_trades.csv,high_range_broad_pullback_continuation_v1,hr_broad_pb_h13_lq40_pb025_tp055_sl065,-2.7293249999998808,-3.7793249999998806,-4.47932499999988,0,0,0,1,3.7793249999998806,40.25999999999976,10.429999999999836,0.2550335570470135,16.519999999999982,0.7481840193704686,7.330000000000382,5.739000000000033,0.016,-1.0,,,13,1,8.0,2025
2025-09-04 13:00:00+00:00|1.0|hr_broad_pb_h13_lq40_pb025_tp055_sl065,2025-09-04 13:00:00+00:00,STAGE29A,data/reports/stage29a_high_range_regime_continuation_discovery/stage29a_exact_trades.csv,high_range_broad_pullback_continuation_v1,hr_broad_pb_h13_lq40_pb025_tp055_sl065,-3.717000000000189,-4.7670000000001895,-5.467000000000189,0,0,0,1,4.7670000000001895,52.10999999999967,52.7800000000002,0.6220159151193596,20.90000000000009,0.44928229665073144,8.169999999999618,11.038500000000045,0.94,1.0,,,13,3,9.0,2025
2025-09-17 13:00:00+00:00|-1.0|hr_broad_pb_h13_lq40_pb025_tp055_sl065,2025-09-17 13:00:00+00:00,STAGE29A,data/reports/stage29a_high_range_regime_continuation_discovery/stage29a_exact_trades.csv,high_range_broad_pullback_continuation_v1,hr_broad_pb_h13_lq40_pb025_tp055_sl065,-3.36989999999978,-4.41989999999978,-5.119899999999779,0,0,0,1,4.41989999999978,28.450000000000276,21.039999999999964,0.4857414448669115,23.46000000000004,0.5920716112531906,7.080000000000382,6.962500000000023,0.112,-1.0,,,13,2,9.0,2025
2025-09-19 13:00:00+00:00|1.0|hr_broad_pb_h13_lq40_pb025_tp055_sl065,2025-09-19 13:00:00+00:00,STAGE29A,data/reports/stage29a_high_range_regime_continuation_discovery/stage29a_exact_trades.csv,high_range_broad_pullback_continuation_v1,hr_broad_pb_h13_lq40_pb025_tp055_sl065,-2.9415500000000976,-3.9915500000000974,-4.691550000000097,0,0,0,1,3.9915500000000974,45.32000000000016,24.13000000000011,0.551181102362191,17.690000000000055,0.28886376483889836,3.5700000000001637,7.592000000000098,0.204,1.0,,,13,4,9.0,2025
2025-09-23 13:00:00+00:00|1.0|hr_broad_pb_h13_lq40_pb025_tp055_sl065,2025-09-23 13:00:00+00:00,STAGE29A,data/reports/stage29a_high_range_regime_continuation_discovery/stage29a_exact_trades.csv,high_range_broad_pullback_continuation_v1,hr_broad_pb_h13_lq40_pb025_tp055_sl065,-4.175899999999819,-5.22589999999982,-5.925899999999819,0,0,0,1,5.22589999999982,65.05000000000018,22.389999999999876,0.2880750334970904,48.059999999999945,0.7973366625052062,16.890000000000327,9.975999999999953,0.8,1.0,,,13,1,9.0,2025
2025-10-03 13:00:00+00:00|1.0|hr_broad_pb_h13_lq40_pb025_tp055_sl065,2025-10-03 13:00:00+00:00,STAGE29A,data/reports/stage29a_high_range_regime_continuation_discovery/stage29a_exact_trades.csv,high_range_broad_pullback_continuation_v1,hr_broad_pb_h13_lq40_pb025_tp055_sl065,-3.0250750000001063,-4.075075000000107,-4.775075000000106,0,0,0,1,4.075075000000107,77.53999999999996,25.700000000000276,0.5634241245136135,24.0,0.8966666666666848,7.970000000000255,12.19350000000004,0.668,1.0,,,13,4,10.0,2025
2025-10-09 13:00:00+00:00|1.0|hr_broad_pb_h13_lq40_pb025_tp055_sl065,2025-10-09 13:00:00+00:00,STAGE29A,data/reports/stage29a_high_range_regime_continuation_discovery/stage29a_exact_trades.csv,high_range_broad_pullback_continuation_v1,hr_broad_pb_h13_lq40_pb025_tp055_sl065,2.517975000000115,1.467975000000115,0.7679750000001153,1,1,1,0,1.467975000000115,76.17000000000007,39.84000000000015,0.13453815261044447,20.94000000000005,0.5076408787010546,7.730000000000018,15.73900000000001,0.94,1.0,,,13,3,10.0,2025
2025-10-15 13:00:00+00:00|1.0|hr_broad_pb_h13_lq40_pb025_tp055_sl065,2025-10-15 13:00:00+00:00,STAGE29A,data/reports/stage29a_high_range_regime_continuation_discovery/stage29a_exact_trades.csv,high_range_broad_pullback_continuation_v1,hr_broad_pb_h13_lq40_pb025_tp055_sl065,-6.200975000000289,-7.25097500000029,-7.950975000000289,0,0,0,1,7.25097500000029,89.0300000000002,50.0600000000004,0.5687175389532566,53.57999999999993,0.10246360582308135,47.43000000000029,17.262500000000045,0.688,1.0,,,13,2,10.0,2025
2025-10-17 13:00:00+00:00|-1.0|hr_broad_pb_h13_lq40_pb025_tp055_sl065,2025-10-17 13:00:00+00:00,STAGE29A,data/reports/stage29a_high_range_regime_continuation_discovery/stage29a_exact_trades.csv,high_range_broad_pullback_continuation_v1,hr_broad_pb_h13_lq40_pb025_tp055_sl065,7.717675000000236,6.667675000000235,5.967675000000236,1,1,1,0,6.667675000000235,151.92999999999938,100.69999999999982,0.19721946375372104,66.96000000000004,0.39575866188769393,16.140000000000327,31.05650000000005,0.992,-1.0,,,13,4,10.0,2025
2025-10-20 13:00:00+00:00|-1.0|hr_broad_pb_h13_lq40_pb025_tp055_sl065,2025-10-20 13:00:00+00:00,STAGE29A,data/reports/stage29a_high_range_regime_continuation_discovery/stage29a_exact_trades.csv,high_range_broad_pullback_continuation_v1,hr_broad_pb_h13_lq40_pb025_tp055_sl065,5.626024999999936,4.576024999999936,3.876024999999936,1,1,1,0,4.576024999999936,35.11999999999989,55.51999999999953,0.16264409221903336,46.61000000000058,0.08496030894655819,13.170000000000073,26.351499999999987,0.876,-1.0,,,13,0,10.0,2025
2025-10-21 13:00:00+00:00|-1.0|hr_broad_pb_h13_lq40_pb025_tp055_sl065,2025-10-21 13:00:00+00:00,STAGE29A,data/reports/stage29a_high_range_regime_continuation_discovery/stage29a_exact_trades.csv,high_range_broad_pullback_continuation_v1,hr_broad_pb_h13_lq40_pb025_tp055_sl065,8.11587499999987,7.065874999999869,6.365874999999869,1,1,1,0,7.065874999999869,162.71999999999937,42.36000000000058,0.4952785646836467,102.25,0.796479217603908,23.349999999999454,24.80199999999986,0.836,-1.0,,,13,1,10.0,2025
2025-10-27 13:00:00+00:00|-1.0|hr_broad_pb_h13_lq40_pb025_tp055_sl065,2025-10-27 13:00:00+00:00,STAGE29A,data/reports/stage29a_high_range_regime_continuation_discovery/stage29a_exact_trades.csv,high_range_broad_pullback_continuation_v1,hr_broad_pb_h13_lq40_pb025_tp055_sl065,-7.619925000000057,-8.669925000000058,-9.369925000000055,0,0,0,1,8.669925000000058,47.21000000000004,55.55000000000018,0.6064806480648136,60.00999999999976,0.5222462922846237,18.759999999999764,22.817499999999974,0.476,-1.0,,,13,0,10.0,2025
2025-10-28 13:00:00+00:00|-1.0|hr_broad_pb_h13_lq40_pb025_tp055_sl065,2025-10-28 13:00:00+00:00,STAGE29A,data/reports/stage29a_high_range_regime_continuation_discovery/stage29a_exact_trades.csv,high_range_broad_pullback_continuation_v1,hr_broad_pb_h13_lq40_pb025_tp055_sl065,-8.682675000000108,-9.732675000000109,-10.432675000000108,0,0,0,1,9.732675000000109,137.97000000000023,55.86000000000013,0.19638381668457267,93.62000000000036,0.5054475539414653,30.68000000000029,23.399000000000022,0.512,-1.0,,,13,1,10.0,2025
2025-11-05 13:00:00+00:00|-1.0|hr_broad_pb_h13_lq40_pb025_tp055_sl065,2025-11-05 13:00:00+00:00,STAGE29A,data/reports/stage29a_high_range_regime_continuation_discovery/stage29a_exact_trades.csv,high_range_broad_pullback_continuation_v1,hr_broad_pb_h13_lq40_pb025_tp055_sl065,-5.153499999999985,-6.203499999999986,-6.903499999999985,0,0,0,1,6.203499999999986,77.37999999999965,44.4399999999996,0.800405040504051,31.25,0.18431999999999243,15.75,15.218499999999972,0.024,-1.0,,,13,2,11.0,2025
2025-11-06 13:00:00+00:00|1.0|hr_broad_pb_h13_lq40_pb025_tp055_sl065,2025-11-06 13:00:00+00:00,STAGE29A,data/reports/stage29a_high_range_regime_continuation_discovery/stage29a_exact_trades.csv,high_range_broad_pullback_continuation_v1,hr_broad_pb_h13_lq40_pb025_tp055_sl065,2.607350000000133,1.5573500000001332,0.8573500000001335,1,1,1,0,1.5573500000001332,61.58999999999969,25.949999999999815,0.5865125240847748,34.51999999999998,0.571552723059097,7.070000000000164,10.239000000000033,0.004,1.0,,,13,3,11.0,2025
2025-11-11 13:00:00+00:00|-1.0|hr_broad_pb_h13_lq40_pb025_tp055_sl065,2025-11-11 13:00:00+00:00,STAGE29A,data/reports/stage29a_high_range_regime_continuation_discovery/stage29a_exact_trades.csv,high_range_broad_pullback_continuation_v1,hr_broad_pb_h13_lq40_pb025_tp055_sl065,-3.971474999999919,-5.021474999999919,-5.721474999999918,0,0,0,1,5.021474999999919,122.17999999999984,33.89000000000033,0.6878135143110113,21.980000000000476,0.06505914467699091,7.1599999999998545,11.308499999999913,0.056,-1.0,,,13,1,11.0,2025
2025-11-12 13:00:00+00:00|1.0|hr_broad_pb_h13_lq40_pb025_tp055_sl065,2025-11-12 13:00:00+00:00,STAGE29A,data/reports/stage29a_high_range_regime_continuation_discovery/stage29a_exact_trades.csv,high_range_broad_pullback_continuation_v1,hr_broad_pb_h13_lq40_pb025_tp055_sl065,-4.965324999999757,-6.015324999999757,-6.715324999999757,0,0,0,1,6.015324999999757,51.60000000000037,41.720000000000255,0.7739693192713271,34.56999999999971,0.5001446340757915,10.8100000000004,13.348500000000058,0.352,1.0,,,13,2,11.0,2025
2025-11-13 13:00:00+00:00|1.0|hr_broad_pb_h13_lq40_pb025_tp055_sl065,2025-11-13 13:00:00+00:00,STAGE29A,data/reports/stage29a_high_range_regime_continuation_discovery/stage29a_exact_trades.csv,high_range_broad_pullback_continuation_v1,hr_broad_pb_h13_lq40_pb025_tp055_sl065,-5.443399999999746,-6.493399999999747,-7.193399999999746,0,0,0,1,6.493399999999747,112.90999999999984,39.74000000000069,0.4574735782586579,37.099999999999454,0.4256064690027007,18.549999999999272,18.722999999999956,0.772,1.0,,,13,3,11.0,2025
2025-11-14 13:00:00+00:00|-1.0|hr_broad_pb_h13_lq40_pb025_tp055_sl065,2025-11-14 13:00:00+00:00,STAGE29A,data/reports/stage29a_high_range_regime_continuation_discovery/stage29a_exact_trades.csv,high_range_broad_pullback_continuation_v1,hr_broad_pb_h13_lq40_pb025_tp055_sl065,-6.900374999999803,-7.950374999999804,-8.650374999999803,0,0,0,1,7.950374999999804,100.11999999999988,41.19999999999982,0.4191747572815438,44.849999999999454,0.7906354515050271,11.11999999999989,18.576999999999863,0.792,-1.0,,,13,4,11.0,2025
2025-11-17 13:00:00+00:00|-1.0|hr_broad_pb_h13_lq40_pb025_tp055_sl065,2025-11-17 13:00:00+00:00,STAGE29A,data/reports/stage29a_high_range_regime_continuation_discovery/stage29a_exact_trades.csv,high_range_broad_pullback_continuation_v1,hr_broad_pb_h13_lq40_pb025_tp055_sl065,4.222149999999965,3.172149999999965,2.472149999999965,1,1,1,0,3.172149999999965,32.4699999999998,36.690000000000055,0.48460070863996113,46.059999999999945,0.18019973947025048,21.769999999999982,19.9484999999999,0.856,-1.0,,,13,0,11.0,2025
2025-11-18 13:00:00+00:00|1.0|hr_broad_pb_h13_lq40_pb025_tp055_sl065,2025-11-18 13:00:00+00:00,STAGE29A,data/reports/stage29a_high_range_regime_continuation_discovery/stage29a_exact_trades.csv,high_range_broad_pullback_continuation_v1,hr_broad_pb_h13_lq40_pb025_tp055_sl065,-6.149625000000105,-7.199625000000106,-7.899625000000105,0,0,0,1,7.199625000000106,99.80999999999996,50.38999999999987,0.5225243103790433,52.27999999999975,0.644988523335883,12.899999999999636,20.05499999999997,0.8,1.0,,,13,1,11.0,2025
2025-11-19 13:00:00+00:00|1.0|hr_broad_pb_h13_lq40_pb025_tp055_sl065,2025-11-19 13:00:00+00:00,STAGE29A,data/reports/stage29a_high_range_regime_continuation_discovery/stage29a_exact_trades.csv,high_range_broad_pullback_continuation_v1,hr_broad_pb_h13_lq40_pb025_tp055_sl065,4.024974999999722,2.974974999999722,2.2749749999997224,1,1,1,0,2.974974999999722,84.03999999999996,24.850000000000364,0.06156941649900111,44.95000000000027,0.7506117908787447,11.990000000000691,15.576000000000112,0.516,1.0,,,13,2,11.0,2025
2025-11-20 13:00:00+00:00|-1.0|hr_broad_pb_h13_lq40_pb025_tp055_sl065,2025-11-20 13:00:00+00:00,STAGE29A,data/reports/stage29a_high_range_regime_continuation_discovery/stage29a_exact_trades.csv,high_range_broad_pullback_continuation_v1,hr_broad_pb_h13_lq40_pb025_tp055_sl065,5.633174999999847,4.583174999999846,3.883174999999847,1,1,1,0,4.583174999999846,76.84000000000015,69.11999999999944,0.4225983796296336,39.01000000000022,0.403229941040757,9.940000000000055,21.13399999999997,0.876,-1.0,,,13,3,11.0,2025
2025-11-26 13:00:00+00:00|-1.0|hr_broad_pb_h13_lq40_pb025_tp055_sl065,2025-11-26 13:00:00+00:00,STAGE29A,data/reports/stage29a_high_range_regime_continuation_discovery/stage29a_exact_trades.csv,high_range_broad_pullback_continuation_v1,hr_broad_pb_h13_lq40_pb025_tp055_sl065,-4.375125000000116,-5.425125000000117,-6.125125000000116,0,0,0,1,5.425125000000117,50.42999999999938,39.88000000000011,0.7096288866599826,21.81999999999971,0.08340971585699969,9.090000000000146,12.598499999999785,0.012,-1.0,,,13,2,11.0,2025
2025-11-27 13:00:00+00:00|1.0|hr_broad_pb_h13_lq40_pb025_tp055_sl065,2025-11-27 13:00:00+00:00,STAGE29A,data/reports/stage29a_high_range_regime_continuation_discovery/stage29a_exact_trades.csv,high_range_broad_pullback_continuation_v1,hr_broad_pb_h13_lq40_pb025_tp055_sl065,2.259475000000202,1.2094750000002024,0.5094750000002026,1,1,1,0,1.2094750000002024,43.90000000000055,25.90999999999985,0.5461211887302441,22.269999999999527,0.26178715761113835,8.109999999999673,9.91649999999986,0.004,1.0,,,13,3,11.0,2025
2025-12-03 13:00:00+00:00|-1.0|hr_broad_pb_h13_lq40_pb025_tp055_sl065,2025-12-03 13:00:00+00:00,STAGE29A,data/reports/stage29a_high_range_regime_continuation_discovery/stage29a_exact_trades.csv,high_range_broad_pullback_continuation_v1,hr_broad_pb_h13_lq40_pb025_tp055_sl065,-3.6529749999996057,-4.702974999999606,-5.402974999999605,0,0,0,1,4.702974999999606,72.11999999999989,26.11999999999989,0.3575803981623348,29.22000000000025,0.7488021902806269,10.140000000000327,13.567500000000063,0.224,-1.0,,,13,2,12.0,2025
2025-12-04 13:00:00+00:00|1.0|hr_broad_pb_h13_lq40_pb025_tp055_sl065,2025-12-04 13:00:00+00:00,STAGE29A,data/reports/stage29a_high_range_regime_continuation_discovery/stage29a_exact_trades.csv,high_range_broad_pullback_continuation_v1,hr_broad_pb_h13_lq40_pb025_tp055_sl065,-3.989350000000377,-5.039350000000377,-5.7393500000003765,0,0,0,1,5.039350000000377,46.89000000000033,29.47000000000025,0.34747200542923967,27.340000000000146,0.009509875640095717,6.0,13.181500000000005,0.212,1.0,,,13,3,12.0,2025
2025-12-12 13:00:00+00:00|1.0|hr_broad_pb_h13_lq40_pb025_tp055_sl065,2025-12-12 13:00:00+00:00,STAGE29A,data/reports/stage29a_high_range_regime_continuation_discovery/stage29a_exact_trades.csv,high_range_broad_pullback_continuation_v1,hr_broad_pb_h13_lq40_pb025_tp055_sl065,-4.596124999999665,-5.646124999999666,-6.346124999999665,0,0,0,1,5.646124999999666,81.61000000000058,18.800000000000185,0.5281914893616642,64.73999999999978,0.9800741427247597,16.06999999999971,13.740999999999985,0.576,1.0,,,13,4,12.0,2025
2025-12-23 13:00:00+00:00|1.0|hr_broad_pb_h13_lq40_pb025_tp055_sl065,2025-12-23 13:00:00+00:00,STAGE29A,data/reports/stage29a_high_range_regime_continuation_discovery/stage29a_exact_trades.csv,high_range_broad_pullback_continuation_v1,hr_broad_pb_h13_lq40_pb025_tp055_sl065,2.372224999999525,1.3222249999995257,0.622224999999526,1,1,1,0,1.3222249999995257,122.74000000000068,52.28999999999997,0.42991011665709655,23.69000000000051,0.08104685521313305,7.970000000000255,12.317999999999984,0.404,1.0,,,13,1,12.0,2025
2025-12-24 13:00:00+00:00|-1.0|hr_broad_pb_h13_lq40_pb025_tp055_sl065,2025-12-24 13:00:00+00:00,STAGE29A,data/reports/stage29a_high_range_regime_continuation_discovery/stage29a_exact_trades.csv,high_range_broad_pullback_continuation_v1,hr_broad_pb_h13_lq40_pb025_tp055_sl065,3.4295999999998457,2.379599999999846,1.679599999999846,1,1,1,0,2.379599999999846,75.19000000000051,54.51000000000022,0.07228031553842569,22.300000000000185,0.43094170403585624,17.61999999999989,17.785499999999956,0.936,-1.0,,,13,2,12.0,2025
2025-12-30 13:00:00+00:00|1.0|hr_broad_pb_h13_lq40_pb025_tp055_sl065,2025-12-30 13:00:00+00:00,STAGE29A,data/reports/stage29a_high_range_regime_continuation_discovery/stage29a_exact_trades.csv,high_range_broad_pullback_continuation_v1,hr_broad_pb_h13_lq40_pb025_tp055_sl065,4.703399999999784,3.6533999999997833,2.9533999999997835,1,1,1,0,3.6533999999997833,246.52999999999972,45.98999999999978,0.38704066101326956,41.36000000000058,0.5118471953578282,23.890000000000327,20.83650000000016,0.868,1.0,,,13,1,12.0,2025
2026-01-06 13:00:00+00:00|-1.0|hr_broad_pb_h13_lq40_pb025_tp055_sl065,2026-01-06 13:00:00+00:00,STAGE29A,data/reports/stage29a_high_range_regime_continuation_discovery/stage29a_exact_trades.csv,high_range_broad_pullback_continuation_v1,hr_broad_pb_h13_lq40_pb025_tp055_sl065,-4.887325000000237,-5.9373250000002376,-6.637325000000237,0,0,0,1,5.9373250000002376,110.64000000000031,40.53999999999997,0.6625555007400024,32.96000000000004,0.46450242718447765,13.220000000000255,15.324999999999955,0.312,-1.0,,,13,1,1.0,2026
2026-01-07 13:00:00+00:00|-1.0|hr_broad_pb_h13_lq40_pb025_tp055_sl065,2026-01-07 13:00:00+00:00,STAGE29A,data/reports/stage29a_high_range_regime_continuation_discovery/stage29a_exact_trades.csv,high_range_broad_pullback_continuation_v1,hr_broad_pb_h13_lq40_pb025_tp055_sl065,3.3809249999998428,2.330924999999843,1.6309249999998432,1,1,1,0,2.330924999999843,69.30999999999949,40.720000000000255,0.7094793713163101,33.11999999999989,0.011171497584537804,8.900000000000546,15.482000000000061,0.284,-1.0,,,13,2,1.0,2026
2026-01-13 13:00:00+00:00|-1.0|hr_broad_pb_h13_lq40_pb025_tp055_sl065,2026-01-13 13:00:00+00:00,STAGE29A,data/reports/stage29a_high_range_regime_continuation_discovery/stage29a_exact_trades.csv,high_range_broad_pullback_continuation_v1,hr_broad_pb_h13_lq40_pb025_tp055_sl065,-4.6601500000002485,-5.710150000000249,-6.4101500000002485,0,0,0,1,5.710150000000249,116.96000000000004,32.23000000000047,0.0896680111697265,28.42999999999938,0.3496306718255619,7.829999999999927,15.20250000000001,0.184,-1.0,,,13,1,1.0,2026
2026-01-23 13:00:00+00:00|-1.0|hr_broad_pb_h13_lq40_pb025_tp055_sl065,2026-01-23 13:00:00+00:00,STAGE29A,data/reports/stage29a_high_range_regime_continuation_discovery/stage29a_exact_trades.csv,high_range_broad_pullback_continuation_v1,hr_broad_pb_h13_lq40_pb025_tp055_sl065,5.772599999999693,4.722599999999693,4.022599999999693,1,1,1,0,4.722599999999693,187.4799999999996,36.32999999999993,0.07349298100743402,67.39999999999964,0.3921364985163269,16.6899999999996,22.539999999999964,0.78,-1.0,,,13,4,1.0,2026
2026-01-27 13:00:00+00:00|1.0|hr_broad_pb_h13_lq40_pb025_tp055_sl065,2026-01-27 13:00:00+00:00,STAGE29A,data/reports/stage29a_high_range_regime_continuation_discovery/stage29a_exact_trades.csv,high_range_broad_pullback_continuation_v1,hr_broad_pb_h13_lq40_pb025_tp055_sl065,-6.362499999999818,-7.412499999999818,-8.112499999999818,0,0,0,1,7.412499999999818,120.89999999999964,66.71999999999935,0.3625599520383805,43.27999999999975,0.441543438077629,16.399999999999636,33.254499999999915,0.948,1.0,,,13,1,1.0,2026
2026-02-02 13:00:00+00:00|1.0|hr_broad_pb_h13_lq40_pb025_tp055_sl065,2026-02-02 13:00:00+00:00,STAGE29A,data/reports/stage29a_high_range_regime_continuation_discovery/stage29a_exact_trades.csv,high_range_broad_pullback_continuation_v1,hr_broad_pb_h13_lq40_pb025_tp055_sl065,-37.09774999999954,-38.14774999999954,-38.84774999999954,0,0,0,1,38.14774999999954,168.01999999999953,300.52999999999975,0.20949655608425147,330.25,0.07887963663891047,76.39999999999964,133.36349999999976,0.992,1.0,,,13,0,2.0,2026
2026-02-03 13:00:00+00:00|1.0|hr_broad_pb_h13_lq40_pb025_tp055_sl065,2026-02-03 13:00:00+00:00,STAGE29A,data/reports/stage29a_high_range_regime_continuation_discovery/stage29a_exact_trades.csv,high_range_broad_pullback_continuation_v1,hr_broad_pb_h13_lq40_pb025_tp055_sl065,-14.74522500000021,-15.79522500000021,-16.49522500000021,0,0,0,1,15.79522500000021,481.1899999999996,189.4900000000007,0.18222597498548535,139.53999999999996,0.6661889064067655,27.98999999999978,66.50050000000006,0.728,1.0,,,13,1,2.0,2026
2026-02-04 13:00:00+00:00|-1.0|hr_broad_pb_h13_lq40_pb025_tp055_sl065,2026-02-04 13:00:00+00:00,STAGE29A,data/reports/stage29a_high_range_regime_continuation_discovery/stage29a_exact_trades.csv,high_range_broad_pullback_continuation_v1,hr_broad_pb_h13_lq40_pb025_tp055_sl065,-11.170225000000393,-12.220225000000392,-12.920225000000393,0,0,0,1,12.220225000000392,327.29,170.6200000000008,0.7802133395850385,50.0,0.6368000000000029,22.479999999999563,46.102499999999964,0.572,-1.0,,,13,2,2.0,2026
2026-02-05 13:00:00+00:00|1.0|hr_broad_pb_h13_lq40_pb025_tp055_sl065,2026-02-05 13:00:00+00:00,STAGE29A,data/reports/stage29a_high_range_regime_continuation_discovery/stage29a_exact_trades.csv,high_range_broad_pullback_continuation_v1,hr_broad_pb_h13_lq40_pb025_tp055_sl065,-17.33319999999967,-18.38319999999967,-19.08319999999967,0,0,0,1,18.38319999999967,239.94999999999985,234.4100000000008,0.6337613583038263,116.44999999999982,0.11592958351223719,38.779999999999745,60.45800000000004,0.704,1.0,,,13,3,2.0,2026
2026-02-06 13:00:00+00:00|1.0|hr_broad_pb_h13_lq40_pb025_tp055_sl065,2026-02-06 13:00:00+00:00,STAGE29A,data/reports/stage29a_high_range_regime_continuation_discovery/stage29a_exact_trades.csv,high_range_broad_pullback_continuation_v1,hr_broad_pb_h13_lq40_pb025_tp055_sl065,-14.052975000000153,-15.102975000000152,-15.802975000000153,0,0,0,1,15.102975000000152,320.3100000000004,191.01000000000025,0.5794461022983098,95.03999999999996,0.6758207070707027,28.18000000000029,61.26499999999987,0.672,1.0,,,13,4,2.0,2026
2026-02-10 13:00:00+00:00|1.0|hr_broad_pb_h13_lq40_pb025_tp055_sl065,2026-02-10 13:00:00+00:00,STAGE29A,data/reports/stage29a_high_range_regime_continuation_discovery/stage29a_exact_trades.csv,high_range_broad_pullback_continuation_v1,hr_broad_pb_h13_lq40_pb025_tp055_sl065,6.306925000000229,5.256925000000228,4.556925000000229,1,1,1,0,5.256925000000228,121.23000000000047,87.30999999999949,0.0027488260222276097,51.73999999999978,0.304020100502523,21.25,28.691499999999905,0.072,1.0,,,13,1,2.0,2026
2026-02-12 13:00:00+00:00|-1.0|hr_broad_pb_h13_lq40_pb025_tp055_sl065,2026-02-12 13:00:00+00:00,STAGE29A,data/reports/stage29a_high_range_regime_continuation_discovery/stage29a_exact_trades.csv,high_range_broad_pullback_continuation_v1,hr_broad_pb_h13_lq40_pb025_tp055_sl065,-6.14962499999965,-7.199624999999651,-7.89962499999965,0,0,0,1,7.199624999999651,99.52999999999976,54.75999999999931,0.13951789627466077,33.48999999999978,0.22066288444312857,21.0,22.683999999999834,0.012,-1.0,,,13,3,2.0,2026
2026-02-24 13:00:00+00:00|1.0|hr_broad_pb_h13_lq40_pb025_tp055_sl065,2026-02-24 13:00:00+00:00,STAGE29A,data/reports/stage29a_high_range_regime_continuation_discovery/stage29a_exact_trades.csv,high_range_broad_pullback_continuation_v1,hr_broad_pb_h13_lq40_pb025_tp055_sl065,-6.407025000000067,-7.457025000000067,-8.157025000000067,0,0,0,1,7.457025000000067,139.01000000000022,104.50999999999932,0.6400344464644605,29.329999999999927,0.16365496079100558,17.82000000000062,23.55999999999999,0.372,1.0,,,13,1,2.0,2026
2026-02-25 13:00:00+00:00|-1.0|hr_broad_pb_h13_lq40_pb025_tp055_sl065,2026-02-25 13:00:00+00:00,STAGE29A,data/reports/stage29a_high_range_regime_continuation_discovery/stage29a_exact_trades.csv,high_range_broad_pullback_continuation_v1,hr_broad_pb_h13_lq40_pb025_tp055_sl065,-5.527899999999681,-6.577899999999682,-7.277899999999681,0,0,0,1,6.577899999999682,155.44999999999982,71.0,0.506197183098586,40.40000000000055,0.19306930693069496,25.0,22.19850000000006,0.336,-1.0,,,13,2,2.0,2026
2026-02-27 13:00:00+00:00|-1.0|hr_broad_pb_h13_lq40_pb025_tp055_sl065,2026-02-27 13:00:00+00:00,STAGE29A,data/reports/stage29a_high_range_regime_continuation_discovery/stage29a_exact_trades.csv,high_range_broad_pullback_continuation_v1,hr_broad_pb_h13_lq40_pb025_tp055_sl065,-4.592874999999912,-5.642874999999913,-6.342874999999912,0,0,0,1,5.642874999999913,74.60999999999967,32.68000000000029,0.08353733170136012,31.48999999999978,0.1292473801206649,12.0600000000004,19.138000000000055,0.152,-1.0,,,13,4,2.0,2026
2026-03-03 13:00:00+00:00|-1.0|hr_broad_pb_h13_lq40_pb025_tp055_sl065,2026-03-03 13:00:00+00:00,STAGE29A,data/reports/stage29a_high_range_regime_continuation_discovery/stage29a_exact_trades.csv,high_range_broad_pullback_continuation_v1,hr_broad_pb_h13_lq40_pb025_tp055_sl065,-17.573699999999555,-18.623699999999552,-19.323699999999555,0,0,0,1,18.623699999999552,158.2599999999993,50.46000000000004,0.2964724534284587,140.09999999999943,0.804354032833697,49.88000000000011,34.52399999999993,0.972,-1.0,,,13,1,3.0,2026
2026-03-04 13:00:00+00:00|1.0|hr_broad_pb_h13_lq40_pb025_tp055_sl065,2026-03-04 13:00:00+00:00,STAGE29A,data/reports/stage29a_high_range_regime_continuation_discovery/stage29a_exact_trades.csv,high_range_broad_pullback_continuation_v1,hr_broad_pb_h13_lq40_pb025_tp055_sl065,7.628025000000344,6.578025000000343,5.878025000000344,1,1,1,0,6.578025000000343,382.7999999999993,105.97000000000024,0.29508351420212753,79.67000000000007,0.4089368645663348,22.420000000000073,38.758499999999955,0.904,1.0,,,13,2,3.0,2026
2026-03-05 13:00:00+00:00|-1.0|hr_broad_pb_h13_lq40_pb025_tp055_sl065,2026-03-05 13:00:00+00:00,STAGE29A,data/reports/stage29a_high_range_regime_continuation_discovery/stage29a_exact_trades.csv,high_range_broad_pullback_continuation_v1,hr_broad_pb_h13_lq40_pb025_tp055_sl065,6.63005000000012,5.580050000000119,4.88005000000012,1,1,1,0,5.580050000000119,121.39000000000031,50.22999999999956,0.11108899064304152,59.60999999999967,0.12028183190739997,21.340000000000146,24.423999999999886,0.48,-1.0,,,13,3,3.0,2026
2026-03-06 13:00:00+00:00|-1.0|hr_broad_pb_h13_lq40_pb025_tp055_sl065,2026-03-06 13:00:00+00:00,STAGE29A,data/reports/stage29a_high_range_regime_continuation_discovery/stage29a_exact_trades.csv,high_range_broad_pullback_continuation_v1,hr_broad_pb_h13_lq40_pb025_tp055_sl065,-7.604649999999856,-8.654649999999856,-9.354649999999856,0,0,0,1,8.654649999999856,143.6899999999996,76.73999999999978,0.5422204847537111,54.25,0.6733640552995345,16.86999999999989,26.763000000000012,0.572,-1.0,,,13,4,3.0,2026
2026-03-10 13:00:00+00:00|1.0|hr_broad_pb_h13_lq40_pb025_tp055_sl065,2026-03-10 13:00:00+00:00,STAGE29A,data/reports/stage29a_high_range_regime_continuation_discovery/stage29a_exact_trades.csv,high_range_broad_pullback_continuation_v1,hr_broad_pb_h13_lq40_pb025_tp055_sl065,-6.728450000000157,-7.778450000000157,-8.478450000000157,0,0,0,1,7.778450000000157,176.90999999999983,69.05000000000018,0.35235336712526955,38.60999999999967,0.3504273504273468,27.339999999999236,21.969500000000018,0.148,1.0,,,13,1,3.0,2026
2026-03-13 13:00:00+00:00|-1.0|hr_broad_pb_h13_lq40_pb025_tp055_sl065,2026-03-13 13:00:00+00:00,STAGE29A,data/reports/stage29a_high_range_regime_continuation_discovery/stage29a_exact_trades.csv,high_range_broad_pullback_continuation_v1,hr_broad_pb_h13_lq40_pb025_tp055_sl065,-7.93257500000036,-8.982575000000361,-9.68257500000036,0,0,0,1,8.982575000000361,136.32999999999993,55.71000000000004,0.1202656614611347,49.1299999999992,0.19967433340117344,18.26000000000022,19.618500000000086,0.072,-1.0,,,13,4,3.0,2026
2026-03-26 13:00:00+00:00|-1.0|hr_broad_pb_h13_lq40_pb025_tp055_sl065,2026-03-26 13:00:00+00:00,STAGE29A,data/reports/stage29a_high_range_regime_continuation_discovery/stage29a_exact_trades.csv,high_range_broad_pullback_continuation_v1,hr_broad_pb_h13_lq40_pb025_tp055_sl065,-11.578425000000244,-12.628425000000243,-13.328425000000244,0,0,0,1,12.628425000000243,146.3800000000001,54.91000000000077,0.4028410125660095,109.26000000000022,0.7089511257550786,30.920000000000073,34.094000000000094,0.568,-1.0,,,13,3,3.0,2026
2026-03-27 13:00:00+00:00|-1.0|hr_broad_pb_h13_lq40_pb025_tp055_sl065,2026-03-27 13:00:00+00:00,STAGE29A,data/reports/stage29a_high_range_regime_continuation_discovery/stage29a_exact_trades.csv,high_range_broad_pullback_continuation_v1,hr_broad_pb_h13_lq40_pb025_tp055_sl065,5.463500000000204,4.413500000000203,3.713500000000204,1,1,1,0,4.413500000000203,192.6600000000008,73.67999999999938,0.5563246471226945,64.27999999999975,0.48397635345363715,21.949999999999818,32.14149999999991,0.42,-1.0,,,13,4,3.0,2026
2026-04-07 13:00:00+00:00|1.0|hr_broad_pb_h13_lq40_pb025_tp055_sl065,2026-04-07 13:00:00+00:00,STAGE29A,data/reports/stage29a_high_range_regime_continuation_discovery/stage29a_exact_trades.csv,high_range_broad_pullback_continuation_v1,hr_broad_pb_h13_lq40_pb025_tp055_sl065,-9.974550000000454,-11.024550000000454,-11.724550000000454,0,0,0,1,11.024550000000454,105.48999999999978,51.46000000000004,0.17061795569375532,71.22999999999956,0.3018391127334007,35.4399999999996,22.736499999999886,0.052,1.0,,,13,1,4.0,2026
2026-04-08 13:00:00+00:00|-1.0|hr_broad_pb_h13_lq40_pb025_tp055_sl065,2026-04-08 13:00:00+00:00,STAGE29A,data/reports/stage29a_high_range_regime_continuation_discovery/stage29a_exact_trades.csv,high_range_broad_pullback_continuation_v1,hr_broad_pb_h13_lq40_pb025_tp055_sl065,7.23889999999974,6.188899999999739,5.48889999999974,1,1,1,0,6.188899999999739,211.28000000000063,140.1299999999992,0.1491472204381693,66.96000000000004,0.2144563918757417,29.849999999999454,34.414499999999954,0.556,-1.0,,,13,2,4.0,2026
2026-04-10 13:00:00+00:00|-1.0|hr_broad_pb_h13_lq40_pb025_tp055_sl065,2026-04-10 13:00:00+00:00,STAGE29A,data/reports/stage29a_high_range_regime_continuation_discovery/stage29a_exact_trades.csv,high_range_broad_pullback_continuation_v1,hr_broad_pb_h13_lq40_pb025_tp055_sl065,-5.852575000000433,-6.902575000000434,-7.602575000000433,0,0,0,1,6.902575000000434,102.13000000000012,41.60000000000037,0.05817307692307817,39.80999999999949,0.3765385581512176,20.00999999999931,18.59099999999994,0.004,-1.0,,,13,4,4.0,2026
2026-04-14 13:00:00+00:00|1.0|hr_broad_pb_h13_lq40_pb025_tp055_sl065,2026-04-14 13:00:00+00:00,STAGE29A,data/reports/stage29a_high_range_regime_continuation_discovery/stage29a_exact_trades.csv,high_range_broad_pullback_continuation_v1,hr_broad_pb_h13_lq40_pb025_tp055_sl065,4.68112499999952,3.63112499999952,2.93112499999952,1,1,1,0,3.63112499999952,114.48000000000047,31.23999999999978,0.3117797695262436,37.72999999999956,0.2793532997614653,17.42999999999938,17.625499999999874,0.02,1.0,,,13,1,4.0,2026
2026-04-16 13:00:00+00:00|-1.0|hr_broad_pb_h13_lq40_pb025_tp055_sl065,2026-04-16 13:00:00+00:00,STAGE29A,data/reports/stage29a_high_range_regime_continuation_discovery/stage29a_exact_trades.csv,high_range_broad_pullback_continuation_v1,hr_broad_pb_h13_lq40_pb025_tp055_sl065,-5.444699999999648,-6.494699999999648,-7.194699999999648,0,0,0,1,6.494699999999648,85.13999999999942,46.51999999999953,0.3555460017196933,31.529999999999745,0.35172851252775883,11.010000000000218,15.487500000000045,0.004,-1.0,,,13,3,4.0,2026
2026-04-23 13:00:00+00:00|-1.0|hr_broad_pb_h13_lq40_pb025_tp055_sl065,2026-04-23 13:00:00+00:00,STAGE29A,data/reports/stage29a_high_range_regime_continuation_discovery/stage29a_exact_trades.csv,high_range_broad_pullback_continuation_v1,hr_broad_pb_h13_lq40_pb025_tp055_sl065,-6.040749999999752,-7.090749999999753,-7.790749999999752,0,0,0,1,7.090749999999753,56.470000000000255,59.63000000000011,0.37078651685392644,31.92999999999938,0.19417475728155145,8.960000000000036,17.336999999999897,0.324,-1.0,,,13,3,4.0,2026
2026-04-24 13:00:00+00:00|1.0|hr_broad_pb_h13_lq40_pb025_tp055_sl065,2026-04-24 13:00:00+00:00,STAGE29A,data/reports/stage29a_high_range_regime_continuation_discovery/stage29a_exact_trades.csv,high_range_broad_pullback_continuation_v1,hr_broad_pb_h13_lq40_pb025_tp055_sl065,-5.4658249999998585,-6.515824999999859,-7.215824999999858,0,0,0,1,6.515824999999859,89.48000000000047,42.27999999999975,0.4973982970671682,39.52000000000044,0.2608805668016267,17.30999999999949,20.427999999999976,0.708,1.0,,,13,4,4.0,2026
2026-04-30 13:00:00+00:00|1.0|hr_broad_pb_h13_lq40_pb025_tp055_sl065,2026-04-30 13:00:00+00:00,STAGE29A,data/reports/stage29a_high_range_regime_continuation_discovery/stage29a_exact_trades.csv,high_range_broad_pullback_continuation_v1,hr_broad_pb_h13_lq40_pb025_tp055_sl065,5.279249999999957,4.229249999999956,3.5292499999999567,1,1,1,0,4.229249999999956,99.84999999999944,43.11000000000058,0.09255393180235973,91.03999999999996,0.7621924428822534,17.480000000000473,19.930999999999766,0.688,1.0,,,13,3,4.0,2026
2026-05-07 13:00:00+00:00|1.0|hr_broad_pb_h13_lq40_pb025_tp055_sl065,2026-05-07 13:00:00+00:00,STAGE29A,data/reports/stage29a_high_range_regime_continuation_discovery/stage29a_exact_trades.csv,high_range_broad_pullback_continuation_v1,hr_broad_pb_h13_lq40_pb025_tp055_sl065,-7.344649999999637,-8.394649999999638,-9.094649999999636,0,0,0,1,8.394649999999638,176.60000000000036,35.909999999999854,0.12252854358116552,61.06999999999971,0.48747339119043176,17.550000000000182,16.67999999999997,0.26,1.0,,,13,3,5.0,2026
2026-05-20 13:00:00+00:00|1.0|hr_broad_pb_h13_lq40_pb025_tp055_sl065,2026-05-20 13:00:00+00:00,STAGE29A,data/reports/stage29a_high_range_regime_continuation_discovery/stage29a_exact_trades.csv,high_range_broad_pullback_continuation_v1,hr_broad_pb_h13_lq40_pb025_tp055_sl065,5.0438500000003845,3.993850000000384,3.2938500000003845,1,1,1,0,3.993850000000384,124.22000000000024,55.14000000000033,0.37413855640188587,34.54999999999927,0.6208393632416865,18.210000000000036,18.370500000000085,0.32,1.0,,,13,2,5.0,2026
2026-05-27 13:00:00+00:00|-1.0|hr_broad_pb_h13_lq40_pb025_tp055_sl065,2026-05-27 13:00:00+00:00,STAGE29A,data/reports/stage29a_high_range_regime_continuation_discovery/stage29a_exact_trades.csv,high_range_broad_pullback_continuation_v1,hr_broad_pb_h13_lq40_pb025_tp055_sl065,4.005725000000348,2.955725000000348,2.255725000000348,1,1,1,0,2.955725000000348,97.72000000000024,31.00999999999931,0.44953240890035184,41.44000000000051,0.16674710424709868,10.69000000000051,15.516500000000041,0.192,-1.0,,,13,2,5.0,2026
2026-06-05 13:00:00+00:00|1.0|hr_broad_pb_h13_lq40_pb025_tp055_sl065,2026-06-05 13:00:00+00:00,STAGE29A,data/reports/stage29a_high_range_regime_continuation_discovery/stage29a_exact_trades.csv,high_range_broad_pullback_continuation_v1,hr_broad_pb_h13_lq40_pb025_tp055_sl065,-5.328675000000294,-6.378675000000294,-7.078675000000294,0,0,0,1,6.378675000000294,91.14999999999964,46.159999999999854,0.5955372616984373,40.38999999999942,0.5570685813320209,10.389999999999418,14.364500000000135,0.14,1.0,,,13,4,6.0,2026
2026-06-10 13:00:00+00:00|-1.0|hr_broad_pb_h13_lq40_pb025_tp055_sl065,2026-06-10 13:00:00+00:00,STAGE29A,data/reports/stage29a_high_range_regime_continuation_discovery/stage29a_exact_trades.csv,high_range_broad_pullback_continuation_v1,hr_broad_pb_h13_lq40_pb025_tp055_sl065,-8.285199999999895,-9.335199999999896,-10.035199999999897,0,0,0,1,9.335199999999896,126.54999999999929,84.05999999999949,0.8455864858434494,60.32999999999993,0.2671970827117505,16.359999999999673,26.670499999999993,0.992,-1.0,,,13,2,6.0,2026
2026-06-11 13:00:00+00:00|1.0|hr_broad_pb_h13_lq40_pb025_tp055_sl065,2026-06-11 13:00:00+00:00,STAGE29A,data/reports/stage29a_high_range_regime_continuation_discovery/stage29a_exact_trades.csv,high_range_broad_pullback_continuation_v1,hr_broad_pb_h13_lq40_pb025_tp055_sl065,-7.14509999999982,-8.19509999999982,-8.89509999999982,0,0,0,1,8.19509999999982,190.30999999999997,94.00999999999976,0.021380704180408716,42.4399999999996,0.4429783223374153,18.849999999999454,31.769499999999972,0.968,1.0,,,13,3,6.0,2026
2022-08-26 13:00:00+00:00|-1.0|hr_london_breakout_h13_lq40_b00_tp06_sl08,2022-08-26 13:00:00+00:00,STAGE29A,data/reports/stage29a_high_range_regime_continuation_discovery/stage29a_exact_trades.csv,high_range_london_breakout_follow_v1,hr_london_breakout_h13_lq40_b00_tp06_sl08,-1.8924000000000436,-2.942400000000043,-3.642400000000043,0,0,0,0,2.942400000000043,15.519999999999982,6.579999999999927,0.03647416413374039,9.5,0.804210526315776,3.2200000000000273,2.849499999999955,0.044,-1.0,,,13,4,8.0,2022
2022-09-20 13:00:00+00:00|-1.0|hr_london_breakout_h13_lq40_b00_tp06_sl08,2022-09-20 13:00:00+00:00,STAGE29A,data/reports/stage29a_high_range_regime_continuation_discovery/stage29a_exact_trades.csv,high_range_london_breakout_follow_v1,hr_london_breakout_h13_lq40_b00_tp06_sl08,-2.009599999999955,-3.059599999999955,-3.7595999999999545,0,0,0,0,3.059599999999955,20.230000000000015,6.029999999999973,0.2338308457711212,10.629999999999882,0.8701787394167547,3.6799999999998363,3.3575000000000044,0.092,-1.0,,,13,1,9.0,2022
2022-10-05 13:00:00+00:00|-1.0|hr_london_breakout_h13_lq40_b00_tp06_sl08,2022-10-05 13:00:00+00:00,STAGE29A,data/reports/stage29a_high_range_regime_continuation_discovery/stage29a_exact_trades.csv,high_range_london_breakout_follow_v1,hr_london_breakout_h13_lq40_b00_tp06_sl08,-2.8847999999999048,-3.9347999999999046,-4.634799999999904,0,0,0,1,3.9347999999999046,34.200000000000045,8.230000000000018,0.7095990279465255,21.699999999999815,0.5949308755760456,9.069999999999936,5.20849999999997,0.464,-1.0,,,13,2,10.0,2022
2022-10-25 13:00:00+00:00|-1.0|hr_london_breakout_h13_lq40_b00_tp06_sl08,2022-10-25 13:00:00+00:00,STAGE29A,data/reports/stage29a_high_range_regime_continuation_discovery/stage29a_exact_trades.csv,high_range_london_breakout_follow_v1,hr_london_breakout_h13_lq40_b00_tp06_sl08,-2.022399999999925,-3.072399999999925,-3.7723999999999247,0,0,0,1,3.072399999999925,26.539999999999964,7.680000000000064,0.032552083333333065,13.129999999999882,0.885757806549902,4.970000000000027,3.6740000000000235,0.06,-1.0,,,13,1,10.0,2022
2023-03-16 13:00:00+00:00|1.0|hr_london_breakout_h13_lq40_b00_tp06_sl08,2023-03-16 13:00:00+00:00,STAGE29A,data/reports/stage29a_high_range_regime_continuation_discovery/stage29a_exact_trades.csv,high_range_london_breakout_follow_v1,hr_london_breakout_h13_lq40_b00_tp06_sl08,1.589800000000105,0.5398000000001049,-0.1601999999998948,1,0,1,0,0.5398000000001049,51.57999999999993,16.930000000000064,0.24453632604843972,10.720000000000027,0.868470149253724,4.350000000000136,6.749499999999989,0.788,1.0,,,13,3,3.0,2023
2023-04-20 13:00:00+00:00|1.0|hr_london_breakout_h13_lq40_b00_tp06_sl08,2023-04-20 13:00:00+00:00,STAGE29A,data/reports/stage29a_high_range_regime_continuation_discovery/stage29a_exact_trades.csv,high_range_london_breakout_follow_v1,hr_london_breakout_h13_lq40_b00_tp06_sl08,1.2103000000000974,0.1603000000000976,-0.5396999999999021,1,0,1,0,0.1603000000000976,38.95999999999981,8.179999999999836,0.20904645476773479,9.779999999999973,0.6932515337423304,7.809999999999945,4.066000000000019,0.2,1.0,,,13,3,4.0,2023
2023-04-25 13:00:00+00:00|-1.0|hr_london_breakout_h13_lq40_b00_tp06_sl08,2023-04-25 13:00:00+00:00,STAGE29A,data/reports/stage29a_high_range_regime_continuation_discovery/stage29a_exact_trades.csv,high_range_london_breakout_follow_v1,hr_london_breakout_h13_lq40_b00_tp06_sl08,1.202500000000009,0.1525000000000091,-0.5474999999999905,1,0,1,0,0.1525000000000091,18.579999999999927,12.269999999999982,0.013039934800332689,10.289999999999964,0.4528668610301359,3.839999999999918,4.624499999999978,0.412,-1.0,,,13,1,4.0,2023
2023-05-05 13:00:00+00:00|-1.0|hr_london_breakout_h13_lq40_b00_tp06_sl08,2023-05-05 13:00:00+00:00,STAGE29A,data/reports/stage29a_high_range_regime_continuation_discovery/stage29a_exact_trades.csv,high_range_london_breakout_follow_v1,hr_london_breakout_h13_lq40_b00_tp06_sl08,-1.985600000000068,-3.035600000000068,-3.7356000000000673,0,0,0,0,3.035600000000068,47.87999999999988,7.529999999999973,0.10092961487380694,13.800000000000182,0.8630434782608641,2.900000000000091,4.995000000000016,0.504,-1.0,,,13,4,5.0,2023
2023-08-22 13:00:00+00:00|1.0|hr_london_breakout_h13_lq40_b00_tp06_sl08,2023-08-22 13:00:00+00:00,STAGE29A,data/reports/stage29a_high_range_regime_continuation_discovery/stage29a_exact_trades.csv,high_range_london_breakout_follow_v1,hr_london_breakout_h13_lq40_b00_tp06_sl08,-1.6796000000000275,-2.729600000000028,-3.4296000000000277,0,0,0,0,2.729600000000028,14.160000000000082,3.6100000000001273,0.2576177285318645,9.980000000000018,0.6863727454909716,4.329999999999927,2.81700000000003,0.224,1.0,,,13,1,8.0,2023
2023-10-17 13:00:00+00:00|1.0|hr_london_breakout_h13_lq40_b00_tp06_sl08,2023-10-17 13:00:00+00:00,STAGE29A,data/reports/stage29a_high_range_regime_continuation_discovery/stage29a_exact_trades.csv,high_range_london_breakout_follow_v1,hr_london_breakout_h13_lq40_b00_tp06_sl08,-1.788000000000102,-2.8380000000001018,-3.538000000000101,0,0,0,0,2.8380000000001018,22.09999999999991,9.3599999999999,0.22435897435899133,9.639999999999873,0.6390041493775868,4.919999999999845,3.052499999999975,0.132,1.0,,,13,1,10.0,2023
2023-12-20 13:00:00+00:00|-1.0|hr_london_breakout_h13_lq40_b00_tp06_sl08,2023-12-20 13:00:00+00:00,STAGE29A,data/reports/stage29a_high_range_regime_continuation_discovery/stage29a_exact_trades.csv,high_range_london_breakout_follow_v1,hr_london_breakout_h13_lq40_b00_tp06_sl08,0.6064000000000306,-0.4435999999999693,-1.143599999999969,0,0,0,0,0.4435999999999693,25.289999999999964,4.960000000000036,0.09072580645162141,7.820000000000164,0.5843989769820768,4.740000000000009,2.918500000000017,0.012,-1.0,,,13,2,12.0,2023
2023-12-22 13:00:00+00:00|1.0|hr_london_breakout_h13_lq40_b00_tp06_sl08,2023-12-22 13:00:00+00:00,STAGE29A,data/reports/stage29a_high_range_regime_continuation_discovery/stage29a_exact_trades.csv,high_range_london_breakout_follow_v1,hr_london_breakout_h13_lq40_b00_tp06_sl08,-1.500000000000091,-2.550000000000091,-3.2500000000000906,0,0,0,0,2.550000000000091,21.38000000000011,8.6099999999999,0.3716608594657207,10.230000000000018,0.6021505376344377,3.7600000000002183,4.050499999999966,0.436,1.0,,,13,4,12.0,2023
2024-01-03 13:00:00+00:00|-1.0|hr_london_breakout_h13_lq40_b00_tp06_sl08,2024-01-03 13:00:00+00:00,STAGE29A,data/reports/stage29a_high_range_regime_continuation_discovery/stage29a_exact_trades.csv,high_range_london_breakout_follow_v1,hr_london_breakout_h13_lq40_b00_tp06_sl08,-2.148400000000129,-3.1984000000001287,-3.898400000000128,0,0,0,1,3.1984000000001287,22.88000000000011,7.050000000000182,0.7333333333333247,13.200000000000273,0.7446969696969488,4.5,4.033500000000004,0.54,-1.0,,,13,2,1.0,2024
2024-02-01 13:00:00+00:00|-1.0|hr_london_breakout_h13_lq40_b00_tp06_sl08,2024-02-01 13:00:00+00:00,STAGE29A,data/reports/stage29a_high_range_regime_continuation_discovery/stage29a_exact_trades.csv,high_range_london_breakout_follow_v1,hr_london_breakout_h13_lq40_b00_tp06_sl08,0.9820000000001072,-0.0679999999998925,-0.7679999999998923,0,0,0,0,0.0679999999998925,25.1400000000001,10.269999999999754,0.559883154819877,15.329999999999927,0.8962818003913943,10.25,4.909499999999957,0.948,-1.0,,,13,3,2.0,2024
2024-03-01 13:00:00+00:00|1.0|hr_london_breakout_h13_lq40_b00_tp06_sl08,2024-03-01 13:00:00+00:00,STAGE29A,data/reports/stage29a_high_range_regime_continuation_discovery/stage29a_exact_trades.csv,high_range_london_breakout_follow_v1,hr_london_breakout_h13_lq40_b00_tp06_sl08,1.0048000000000683,-0.0451999999999315,-0.7451999999999313,0,0,0,0,0.0451999999999315,22.72999999999979,3.960000000000037,0.31565656565656275,16.0300000000002,0.5832813474734743,9.170000000000073,3.109500000000014,0.68,1.0,,,13,4,3.0,2024
2024-03-27 13:00:00+00:00|1.0|hr_london_breakout_h13_lq40_b00_tp06_sl08,2024-03-27 13:00:00+00:00,STAGE29A,data/reports/stage29a_high_range_regime_continuation_discovery/stage29a_exact_trades.csv,high_range_london_breakout_follow_v1,hr_london_breakout_h13_lq40_b00_tp06_sl08,1.5381999999998697,0.4881999999998698,-0.2118000000001298,1,0,1,0,0.4881999999998698,32.46000000000004,8.480000000000018,0.12264150943395771,18.800000000000185,0.8202127659574427,5.809999999999945,4.6720000000000255,0.6,1.0,,,13,2,3.0,2024
2024-04-05 13:00:00+00:00|1.0|hr_london_breakout_h13_lq40_b00_tp06_sl08,2024-04-05 13:00:00+00:00,STAGE29A,data/reports/stage29a_high_range_regime_continuation_discovery/stage29a_exact_trades.csv,high_range_london_breakout_follow_v1,hr_london_breakout_h13_lq40_b00_tp06_sl08,-3.218799999999737,-4.268799999999738,-4.968799999999737,0,0,0,1,4.268799999999738,25.519999999999985,25.579999999999927,0.5136825645035327,16.9699999999998,0.8461991750147494,6.940000000000055,7.961500000000001,0.856,1.0,,,13,4,4.0,2024
2024-05-02 13:00:00+00:00|-1.0|hr_london_breakout_h13_lq40_b00_tp06_sl08,2024-05-02 13:00:00+00:00,STAGE29A,data/reports/stage29a_high_range_regime_continuation_discovery/stage29a_exact_trades.csv,high_range_london_breakout_follow_v1,hr_london_breakout_h13_lq40_b00_tp06_sl08,-3.0288000000001376,-4.078800000000138,-4.778800000000137,0,0,0,1,4.078800000000138,46.82999999999993,9.070000000000164,0.1422271223814708,22.340000000000146,0.8012533572068028,6.7400000000002365,8.24950000000008,0.76,-1.0,,,13,3,5.0,2024
2024-05-22 13:00:00+00:00|1.0|hr_london_breakout_h13_lq40_b00_tp06_sl08,2024-05-22 13:00:00+00:00,STAGE29A,data/reports/stage29a_high_range_regime_continuation_discovery/stage29a_exact_trades.csv,high_range_london_breakout_follow_v1,hr_london_breakout_h13_lq40_b00_tp06_sl08,1.5138999999998304,0.4638999999998305,-0.2361000000001691,1,0,1,0,0.4638999999998305,27.610000000000127,13.980000000000018,0.5615164520744172,7.930000000000291,0.3947036569987382,3.5299999999997453,5.077499999999918,0.304,1.0,,,13,2,5.0,2024
2024-06-07 13:00:00+00:00|-1.0|hr_london_breakout_h13_lq40_b00_tp06_sl08,2024-06-07 13:00:00+00:00,STAGE29A,data/reports/stage29a_high_range_regime_continuation_discovery/stage29a_exact_trades.csv,high_range_london_breakout_follow_v1,hr_london_breakout_h13_lq40_b00_tp06_sl08,2.954200000000037,1.9042000000000368,1.2042000000000377,1,1,1,0,1.9042000000000368,25.20999999999958,12.600000000000364,0.24920634920633192,50.42000000000007,0.8131693772312563,10.519999999999982,7.641499999999996,0.988,-1.0,,,13,4,6.0,2024
2024-06-14 13:00:00+00:00|1.0|hr_london_breakout_h13_lq40_b00_tp06_sl08,2024-06-14 13:00:00+00:00,STAGE29A,data/reports/stage29a_high_range_regime_continuation_discovery/stage29a_exact_trades.csv,high_range_london_breakout_follow_v1,hr_london_breakout_h13_lq40_b00_tp06_sl08,-2.7876000000002024,-3.837600000000202,-4.537600000000202,0,0,0,1,3.837600000000202,31.15999999999985,7.050000000000182,0.35886524822690496,19.139999999999876,0.8949843260188204,7.5300000000002,5.026000000000022,0.196,1.0,,,13,4,6.0,2024
2024-06-25 13:00:00+00:00|1.0|hr_london_breakout_h13_lq40_b00_tp06_sl08,2024-06-25 13:00:00+00:00,STAGE29A,data/reports/stage29a_high_range_regime_continuation_discovery/stage29a_exact_trades.csv,high_range_london_breakout_follow_v1,hr_london_breakout_h13_lq40_b00_tp06_sl08,-2.359599999999864,-3.409599999999864,-4.109599999999864,0,0,0,1,3.409599999999864,17.15000000000009,11.150000000000093,0.6852017937219969,11.319999999999707,0.7915194346289989,4.769999999999982,4.180999999999949,0.152,1.0,,,13,1,6.0,2024
2024-06-27 13:00:00+00:00|1.0|hr_london_breakout_h13_lq40_b00_tp06_sl08,2024-06-27 13:00:00+00:00,STAGE29A,data/reports/stage29a_high_range_regime_continuation_discovery/stage29a_exact_trades.csv,high_range_london_breakout_follow_v1,hr_london_breakout_h13_lq40_b00_tp06_sl08,1.189900000000216,0.1399000000002161,-0.5600999999997835,1,0,0,0,0.1399000000002161,30.350000000000364,3.3899999999998727,0.22123893805310565,17.429999999999836,0.7917383820998457,6.599999999999909,3.5849999999999453,0.072,1.0,,,13,3,6.0,2024
2024-07-02 13:00:00+00:00|-1.0|hr_london_breakout_h13_lq40_b00_tp06_sl08,2024-07-02 13:00:00+00:00,STAGE29A,data/reports/stage29a_high_range_regime_continuation_discovery/stage29a_exact_trades.csv,high_range_london_breakout_follow_v1,hr_london_breakout_h13_lq40_b00_tp06_sl08,-2.3624000000000707,-3.4124000000000705,-4.11240000000007,0,0,0,1,3.4124000000000705,20.0,8.61999999999989,0.6705336426913943,9.099999999999907,0.1329670329670383,7.779999999999745,4.302500000000032,0.236,-1.0,,,13,1,7.0,2024
2024-07-18 13:00:00+00:00|-1.0|hr_london_breakout_h13_lq40_b00_tp06_sl08,2024-07-18 13:00:00+00:00,STAGE29A,data/reports/stage29a_high_range_regime_continuation_discovery/stage29a_exact_trades.csv,high_range_london_breakout_follow_v1,hr_london_breakout_h13_lq40_b00_tp06_sl08,1.2031000000000858,0.1531000000000859,-0.5468999999999138,1,0,1,0,0.1531000000000859,32.25999999999976,11.519999999999982,0.7647569444444409,10.329999999999927,0.23523717328168958,3.099999999999909,6.02800000000002,0.692,-1.0,,,13,3,7.0,2024
2024-07-19 13:00:00+00:00|-1.0|hr_london_breakout_h13_lq40_b00_tp06_sl08,2024-07-19 13:00:00+00:00,STAGE29A,data/reports/stage29a_high_range_regime_continuation_discovery/stage29a_exact_trades.csv,high_range_london_breakout_follow_v1,hr_london_breakout_h13_lq40_b00_tp06_sl08,-3.643999999999869,-4.693999999999869,-5.393999999999869,0,0,0,1,4.693999999999869,34.84999999999991,24.67999999999984,0.6288492706645091,16.5,0.7678787878787923,6.269999999999982,7.066999999999939,0.872,-1.0,,,13,4,7.0,2024
2024-07-23 13:00:00+00:00|1.0|hr_london_breakout_h13_lq40_b00_tp06_sl08,2024-07-23 13:00:00+00:00,STAGE29A,data/reports/stage29a_high_range_regime_continuation_discovery/stage29a_exact_trades.csv,high_range_london_breakout_follow_v1,hr_london_breakout_h13_lq40_b00_tp06_sl08,1.7665000000000872,0.7165000000000874,0.0165000000000876,1,1,1,0,0.7165000000000874,28.23999999999978,9.199999999999818,0.34239130434784276,20.019999999999985,0.43806193806193755,4.9099999999998545,5.389500000000021,0.384,1.0,,,13,1,7.0,2024
2024-08-06 13:00:00+00:00|1.0|hr_london_breakout_h13_lq40_b00_tp06_sl08,2024-08-06 13:00:00+00:00,STAGE29A,data/reports/stage29a_high_range_regime_continuation_discovery/stage29a_exact_trades.csv,high_range_london_breakout_follow_v1,hr_london_breakout_h13_lq40_b00_tp06_sl08,-4.258800000000155,-5.308800000000156,-6.008800000000155,0,0,0,1,5.308800000000156,94.65999999999984,13.960000000000036,0.005014326647576184,20.72000000000025,0.20945945945944197,5.320000000000164,8.264500000000089,0.744,1.0,,,13,1,8.0,2024
2024-08-16 13:00:00+00:00|1.0|hr_london_breakout_h13_lq40_b00_tp06_sl08,2024-08-16 13:00:00+00:00,STAGE29A,data/reports/stage29a_high_range_regime_continuation_discovery/stage29a_exact_trades.csv,high_range_london_breakout_follow_v1,hr_london_breakout_h13_lq40_b00_tp06_sl08,-2.4368000000000394,-3.486800000000039,-4.186800000000039,0,0,0,1,3.486800000000039,37.90000000000009,9.2199999999998,0.26030368763559036,13.390000000000327,0.8110530246452473,3.0700000000001637,4.9780000000000655,0.04,1.0,,,13,4,8.0,2024
2024-10-01 13:00:00+00:00|1.0|hr_london_breakout_h13_lq40_b00_tp06_sl08,2024-10-01 13:00:00+00:00,STAGE29A,data/reports/stage29a_high_range_regime_continuation_discovery/stage29a_exact_trades.csv,high_range_london_breakout_follow_v1,hr_london_breakout_h13_lq40_b00_tp06_sl08,0.991899999999896,-0.0581000000001039,-0.7581000000001037,0,0,0,0,0.0581000000001039,41.48000000000002,7.730000000000018,0.3842173350582468,11.840000000000146,0.9045608108108028,3.9400000000000546,4.787000000000035,0.108,1.0,,,13,1,10.0,2024
2025-02-21 13:00:00+00:00|1.0|hr_london_breakout_h13_lq40_b00_tp06_sl08,2025-02-21 13:00:00+00:00,STAGE29A,data/reports/stage29a_high_range_regime_continuation_discovery/stage29a_exact_trades.csv,high_range_london_breakout_follow_v1,hr_london_breakout_h13_lq40_b00_tp06_sl08,-3.05719999999983,-4.10719999999983,-4.807199999999829,0,0,0,1,4.10719999999983,30.779999999999745,23.40000000000009,0.5564102564102534,17.309999999999945,0.11900635470825835,2.119999999999891,7.984000000000037,0.616,1.0,,,13,4,2.0,2025
2025-03-03 13:00:00+00:00|1.0|hr_london_breakout_h13_lq40_b00_tp06_sl08,2025-03-03 13:00:00+00:00,STAGE29A,data/reports/stage29a_high_range_regime_continuation_discovery/stage29a_exact_trades.csv,high_range_london_breakout_follow_v1,hr_london_breakout_h13_lq40_b00_tp06_sl08,-3.1520000000001347,-4.202000000000135,-4.902000000000134,0,0,0,1,4.202000000000135,21.38000000000011,21.38000000000011,0.1585594013096284,14.730000000000018,0.30414120841819503,6.349999999999909,8.26199999999999,0.612,1.0,,,13,0,3.0,2025
2025-03-25 13:00:00+00:00|1.0|hr_london_breakout_h13_lq40_b00_tp06_sl08,2025-03-25 13:00:00+00:00,STAGE29A,data/reports/stage29a_high_range_regime_continuation_discovery/stage29a_exact_trades.csv,high_range_london_breakout_follow_v1,hr_london_breakout_h13_lq40_b00_tp06_sl08,1.3198000000001229,0.269800000000123,-0.4301999999998767,1,0,1,0,0.269800000000123,30.789999999999964,8.889999999999873,0.4915635545556753,14.550000000000182,0.5862542955326212,4.1599999999998545,5.54200000000003,0.068,1.0,,,13,1,3.0,2025
2025-04-03 13:00:00+00:00|-1.0|hr_london_breakout_h13_lq40_b00_tp06_sl08,2025-04-03 13:00:00+00:00,STAGE29A,data/reports/stage29a_high_range_regime_continuation_discovery/stage29a_exact_trades.csv,high_range_london_breakout_follow_v1,hr_london_breakout_h13_lq40_b00_tp06_sl08,3.6283000000002175,2.5783000000002176,1.878300000000218,1,1,1,0,2.5783000000002176,41.36000000000013,45.86000000000013,0.04513737461839737,33.409999999999854,0.7934750074827995,8.0,14.06049999999998,0.968,-1.0,,,13,3,4.0,2025
2025-04-11 13:00:00+00:00|1.0|hr_london_breakout_h13_lq40_b00_tp06_sl08,2025-04-11 13:00:00+00:00,STAGE29A,data/reports/stage29a_high_range_regime_continuation_discovery/stage29a_exact_trades.csv,high_range_london_breakout_follow_v1,hr_london_breakout_h13_lq40_b00_tp06_sl08,-9.197600000000056,-10.247600000000055,-10.947600000000056,0,0,0,1,10.247600000000055,117.48000000000002,44.58999999999969,0.6503700381251447,42.96000000000004,0.23114525139664405,18.049999999999727,16.929500000000008,0.704,1.0,,,13,4,4.0,2025
2025-04-30 13:00:00+00:00|-1.0|hr_london_breakout_h13_lq40_b00_tp06_sl08,2025-04-30 13:00:00+00:00,STAGE29A,data/reports/stage29a_high_range_regime_continuation_discovery/stage29a_exact_trades.csv,high_range_london_breakout_follow_v1,hr_london_breakout_h13_lq40_b00_tp06_sl08,-5.489999999999872,-6.539999999999873,-7.239999999999872,0,0,0,1,6.539999999999873,48.690000000000055,24.269999999999985,0.5937371240214201,39.57999999999993,0.7271349166245528,11.799999999999727,11.332499999999936,0.14,-1.0,,,13,2,4.0,2025
2025-05-01 13:00:00+00:00|-1.0|hr_london_breakout_h13_lq40_b00_tp06_sl08,2025-05-01 13:00:00+00:00,STAGE29A,data/reports/stage29a_high_range_regime_continuation_discovery/stage29a_exact_trades.csv,high_range_london_breakout_follow_v1,hr_london_breakout_h13_lq40_b00_tp06_sl08,-5.024399999999877,-6.074399999999878,-6.774399999999877,0,0,0,1,6.074399999999878,60.86999999999989,61.15000000000009,0.7282093213409596,27.449999999999815,0.39744990892533266,20.409999999999854,14.614999999999963,0.46,-1.0,,,13,3,5.0,2025
2025-05-15 13:00:00+00:00|1.0|hr_london_breakout_h13_lq40_b00_tp06_sl08,2025-05-15 13:00:00+00:00,STAGE29A,data/reports/stage29a_high_range_regime_continuation_discovery/stage29a_exact_trades.csv,high_range_london_breakout_follow_v1,hr_london_breakout_h13_lq40_b00_tp06_sl08,-7.880799999999999,-8.9308,-9.6308,0,0,0,1,8.9308,88.99000000000024,44.32000000000016,0.7274368231046958,50.940000000000055,0.290341578327443,12.239999999999782,14.491500000000087,0.548,1.0,,,13,3,5.0,2025
2025-06-05 13:00:00+00:00|1.0|hr_london_breakout_h13_lq40_b00_tp06_sl08,2025-06-05 13:00:00+00:00,STAGE29A,data/reports/stage29a_high_range_regime_continuation_discovery/stage29a_exact_trades.csv,high_range_london_breakout_follow_v1,hr_london_breakout_h13_lq40_b00_tp06_sl08,2.480500000000029,1.4305000000000292,0.7305000000000295,1,1,1,0,1.4305000000000292,40.88999999999987,15.769999999999982,0.24413443246670347,30.279999999999745,0.6647952443857423,17.199999999999818,9.147000000000002,0.148,1.0,,,13,3,6.0,2025
2025-07-01 13:00:00+00:00|1.0|hr_london_breakout_h13_lq40_b00_tp06_sl08,2025-07-01 13:00:00+00:00,STAGE29A,data/reports/stage29a_high_range_regime_continuation_discovery/stage29a_exact_trades.csv,high_range_london_breakout_follow_v1,hr_london_breakout_h13_lq40_b00_tp06_sl08,2.0035000000001677,0.9535000000001674,0.2535000000001677,1,1,1,0,0.9535000000001674,63.93000000000029,20.279999999999745,0.4817554240631215,29.08999999999969,0.8446201443795108,9.88000000000011,7.409500000000071,0.072,1.0,,,13,1,7.0,2025
2025-07-02 13:00:00+00:00|1.0|hr_london_breakout_h13_lq40_b00_tp06_sl08,2025-07-02 13:00:00+00:00,STAGE29A,data/reports/stage29a_high_range_regime_continuation_discovery/stage29a_exact_trades.csv,high_range_london_breakout_follow_v1,hr_london_breakout_h13_lq40_b00_tp06_sl08,1.9432000000000695,0.8932000000000699,0.1932000000000702,1,1,1,0,0.8932000000000699,55.48999999999978,16.179999999999836,0.10074165636589157,16.269999999999982,0.10571604179472997,9.11999999999989,6.954499999999984,0.056,1.0,,,13,2,7.0,2025
2025-08-05 13:00:00+00:00|-1.0|hr_london_breakout_h13_lq40_b00_tp06_sl08,2025-08-05 13:00:00+00:00,STAGE29A,data/reports/stage29a_high_range_regime_continuation_discovery/stage29a_exact_trades.csv,high_range_london_breakout_follow_v1,hr_london_breakout_h13_lq40_b00_tp06_sl08,-3.2783999999997837,-4.328399999999784,-5.028399999999783,0,0,0,1,4.328399999999784,40.25999999999976,10.429999999999836,0.2550335570470135,16.519999999999982,0.7481840193704686,7.330000000000382,5.739000000000033,0.016,-1.0,,,13,1,8.0,2025
2025-09-04 13:00:00+00:00|1.0|hr_london_breakout_h13_lq40_b00_tp06_sl08,2025-09-04 13:00:00+00:00,STAGE29A,data/reports/stage29a_high_range_regime_continuation_discovery/stage29a_exact_trades.csv,high_range_london_breakout_follow_v1,hr_london_breakout_h13_lq40_b00_tp06_sl08,-4.493999999999778,-5.543999999999778,-6.243999999999778,0,0,0,1,5.543999999999778,52.10999999999967,52.7800000000002,0.6220159151193596,20.90000000000009,0.44928229665073144,8.169999999999618,11.038500000000045,0.94,1.0,,,13,3,9.0,2025
2025-09-17 13:00:00+00:00|-1.0|hr_london_breakout_h13_lq40_b00_tp06_sl08,2025-09-17 13:00:00+00:00,STAGE29A,data/reports/stage29a_high_range_regime_continuation_discovery/stage29a_exact_trades.csv,high_range_london_breakout_follow_v1,hr_london_breakout_h13_lq40_b00_tp06_sl08,-4.066800000000148,-5.116800000000149,-5.816800000000148,0,0,0,1,5.116800000000149,28.450000000000276,21.039999999999964,0.4857414448669115,23.46000000000004,0.5920716112531906,7.080000000000382,6.962500000000023,0.112,-1.0,,,13,2,9.0,2025
2025-10-03 13:00:00+00:00|1.0|hr_london_breakout_h13_lq40_b00_tp06_sl08,2025-10-03 13:00:00+00:00,STAGE29A,data/reports/stage29a_high_range_regime_continuation_discovery/stage29a_exact_trades.csv,high_range_london_breakout_follow_v1,hr_london_breakout_h13_lq40_b00_tp06_sl08,-3.642399999999816,-4.692399999999816,-5.392399999999816,0,0,0,1,4.692399999999816,77.53999999999996,25.700000000000276,0.5634241245136135,24.0,0.8966666666666848,7.970000000000255,12.19350000000004,0.668,1.0,,,13,4,10.0,2025
2025-10-27 13:00:00+00:00|-1.0|hr_london_breakout_h13_lq40_b00_tp06_sl08,2025-10-27 13:00:00+00:00,STAGE29A,data/reports/stage29a_high_range_regime_continuation_discovery/stage29a_exact_trades.csv,high_range_london_breakout_follow_v1,hr_london_breakout_h13_lq40_b00_tp06_sl08,-9.297599999999964,-10.347599999999966,-11.047599999999964,0,0,0,1,10.347599999999966,47.21000000000004,55.55000000000018,0.6064806480648136,60.00999999999976,0.5222462922846237,18.759999999999764,22.817499999999974,0.476,-1.0,,,13,0,10.0,2025
2025-11-14 13:00:00+00:00|-1.0|hr_london_breakout_h13_lq40_b00_tp06_sl08,2025-11-14 13:00:00+00:00,STAGE29A,data/reports/stage29a_high_range_regime_continuation_discovery/stage29a_exact_trades.csv,high_range_london_breakout_follow_v1,hr_london_breakout_h13_lq40_b00_tp06_sl08,-8.411999999999898,-9.461999999999898,-10.161999999999898,0,0,0,1,9.461999999999898,100.11999999999988,41.19999999999982,0.4191747572815438,44.849999999999454,0.7906354515050271,11.11999999999989,18.576999999999863,0.792,-1.0,,,13,4,11.0,2025
2025-12-04 13:00:00+00:00|1.0|hr_london_breakout_h13_lq40_b00_tp06_sl08,2025-12-04 13:00:00+00:00,STAGE29A,data/reports/stage29a_high_range_regime_continuation_discovery/stage29a_exact_trades.csv,high_range_london_breakout_follow_v1,hr_london_breakout_h13_lq40_b00_tp06_sl08,-4.829199999999764,-5.879199999999765,-6.579199999999764,0,0,0,1,5.879199999999765,46.89000000000033,29.47000000000025,0.34747200542923967,27.340000000000146,0.009509875640095717,6.0,13.181500000000005,0.212,1.0,,,13,3,12.0,2025
2025-12-12 13:00:00+00:00|1.0|hr_london_breakout_h13_lq40_b00_tp06_sl08,2025-12-12 13:00:00+00:00,STAGE29A,data/reports/stage29a_high_range_regime_continuation_discovery/stage29a_exact_trades.csv,high_range_london_breakout_follow_v1,hr_london_breakout_h13_lq40_b00_tp06_sl08,-5.575999999999658,-6.625999999999658,-7.325999999999658,0,0,0,1,6.625999999999658,81.61000000000058,18.800000000000185,0.5281914893616642,64.73999999999978,0.9800741427247597,16.06999999999971,13.740999999999985,0.576,1.0,,,13,4,12.0,2025
2026-02-02 13:00:00+00:00|1.0|hr_london_breakout_h13_lq40_b00_tp06_sl08,2026-02-02 13:00:00+00:00,STAGE29A,data/reports/stage29a_high_range_regime_continuation_discovery/stage29a_exact_trades.csv,high_range_london_breakout_follow_v1,hr_london_breakout_h13_lq40_b00_tp06_sl08,-45.57800000000007,-46.628000000000064,-47.32800000000007,0,0,0,1,46.628000000000064,168.01999999999953,300.52999999999975,0.20949655608425147,330.25,0.07887963663891047,76.39999999999964,133.36349999999976,0.992,1.0,,,13,0,2.0,2026
2026-02-25 13:00:00+00:00|-1.0|hr_london_breakout_h13_lq40_b00_tp06_sl08,2026-02-25 13:00:00+00:00,STAGE29A,data/reports/stage29a_high_range_regime_continuation_discovery/stage29a_exact_trades.csv,high_range_london_breakout_follow_v1,hr_london_breakout_h13_lq40_b00_tp06_sl08,-6.722800000000097,-7.772800000000098,-8.472800000000097,0,0,0,1,7.772800000000098,155.44999999999982,71.0,0.506197183098586,40.40000000000055,0.19306930693069496,25.0,22.19850000000006,0.336,-1.0,,,13,2,2.0,2026
2026-03-03 13:00:00+00:00|-1.0|hr_london_breakout_h13_lq40_b00_tp06_sl08,2026-03-03 13:00:00+00:00,STAGE29A,data/reports/stage29a_high_range_regime_continuation_discovery/stage29a_exact_trades.csv,high_range_london_breakout_follow_v1,hr_london_breakout_h13_lq40_b00_tp06_sl08,-21.54840000000022,-22.59840000000022,-23.29840000000022,0,0,0,1,22.59840000000022,158.2599999999993,50.46000000000004,0.2964724534284587,140.09999999999943,0.804354032833697,49.88000000000011,34.52399999999993,0.972,-1.0,,,13,1,3.0,2026
2026-03-27 13:00:00+00:00|-1.0|hr_london_breakout_h13_lq40_b00_tp06_sl08,2026-03-27 13:00:00+00:00,STAGE29A,data/reports/stage29a_high_range_regime_continuation_discovery/stage29a_exact_trades.csv,high_range_london_breakout_follow_v1,hr_london_breakout_h13_lq40_b00_tp06_sl08,5.991999999999644,4.941999999999643,4.241999999999644,1,1,1,0,4.941999999999643,192.6600000000008,73.67999999999938,0.5563246471226945,64.27999999999975,0.48397635345363715,21.949999999999818,32.14149999999991,0.42,-1.0,,,13,4,3.0,2026
2026-04-23 13:00:00+00:00|-1.0|hr_london_breakout_h13_lq40_b00_tp06_sl08,2026-04-23 13:00:00+00:00,STAGE29A,data/reports/stage29a_high_range_regime_continuation_discovery/stage29a_exact_trades.csv,high_range_london_breakout_follow_v1,hr_london_breakout_h13_lq40_b00_tp06_sl08,-7.353999999999905,-8.403999999999906,-9.103999999999903,0,0,0,1,8.403999999999906,56.470000000000255,59.63000000000011,0.37078651685392644,31.92999999999938,0.19417475728155145,8.960000000000036,17.336999999999897,0.324,-1.0,,,13,3,4.0,2026
2026-05-20 13:00:00+00:00|1.0|hr_london_breakout_h13_lq40_b00_tp06_sl08,2026-05-20 13:00:00+00:00,STAGE29A,data/reports/stage29a_high_range_regime_continuation_discovery/stage29a_exact_trades.csv,high_range_london_breakout_follow_v1,hr_london_breakout_h13_lq40_b00_tp06_sl08,5.53420000000042,4.484200000000419,3.78420000000042,1,1,1,0,4.484200000000419,124.22000000000024,55.14000000000033,0.37413855640188587,34.54999999999927,0.6208393632416865,18.210000000000036,18.370500000000085,0.32,1.0,,,13,2,5.0,2026
2026-06-10 13:00:00+00:00|-1.0|hr_london_breakout_h13_lq40_b00_tp06_sl08,2026-06-10 13:00:00+00:00,STAGE29A,data/reports/stage29a_high_range_regime_continuation_discovery/stage29a_exact_trades.csv,high_range_london_breakout_follow_v1,hr_london_breakout_h13_lq40_b00_tp06_sl08,-10.11640000000043,-11.166400000000433,-11.86640000000043,0,0,0,1,11.166400000000433,126.54999999999929,84.05999999999949,0.8455864858434494,60.32999999999993,0.2671970827117505,16.359999999999673,26.670499999999993,0.992,-1.0,,,13,2,6.0,2026
2022-07-28 13:00:00+00:00|1.0|hr_asia_london_align_h13_lq35_aq25_tp06_sl065,2022-07-28 13:00:00+00:00,STAGE29A,data/reports/stage29a_high_range_regime_continuation_discovery/stage29a_exact_trades.csv,high_range_asia_london_alignment_v1,hr_asia_london_align_h13_lq35_aq25_tp06_sl065,-1.933075000000008,-2.983075000000008,-3.683075000000008,0,0,0,0,2.983075000000008,28.66000000000008,7.730000000000018,0.18111254851230113,13.089999999999918,0.32773109243697407,6.100000000000136,4.770500000000004,0.708,1.0,,,13,3,7.0,2022
2022-08-15 13:00:00+00:00|-1.0|hr_asia_london_align_h13_lq35_aq25_tp06_sl065,2022-08-15 13:00:00+00:00,STAGE29A,data/reports/stage29a_high_range_regime_continuation_discovery/stage29a_exact_trades.csv,high_range_asia_london_alignment_v1,hr_asia_london_align_h13_lq35_aq25_tp06_sl065,-1.6903000000000703,-2.74030000000007,-3.44030000000007,0,0,0,0,2.74030000000007,2.5799999999999272,8.339999999999918,0.5851318944844313,17.659999999999854,0.8969422423556086,6.709999999999809,3.6345000000000027,0.24,-1.0,,,13,0,8.0,2022
2022-08-18 13:00:00+00:00|1.0|hr_asia_london_align_h13_lq35_aq25_tp06_sl065,2022-08-18 13:00:00+00:00,STAGE29A,data/reports/stage29a_high_range_regime_continuation_discovery/stage29a_exact_trades.csv,high_range_asia_london_alignment_v1,hr_asia_london_align_h13_lq35_aq25_tp06_sl065,-1.3373499999998786,-2.3873499999998784,-3.087349999999878,0,0,0,0,2.3873499999998784,22.449999999999815,5.760000000000218,0.032986111111119334,8.139999999999873,0.7960687960688108,3.6799999999998363,3.254999999999984,0.184,1.0,,,13,3,8.0,2022
2022-08-30 13:00:00+00:00|-1.0|hr_asia_london_align_h13_lq35_aq25_tp06_sl065,2022-08-30 13:00:00+00:00,STAGE29A,data/reports/stage29a_high_range_regime_continuation_discovery/stage29a_exact_trades.csv,high_range_asia_london_alignment_v1,hr_asia_london_align_h13_lq35_aq25_tp06_sl065,-1.7689499999999954,-2.818949999999995,-3.518949999999995,0,0,0,0,2.818949999999995,25.17999999999984,6.619999999999891,0.38670694864051586,8.840000000000146,0.07352941176468925,3.310000000000173,3.280000000000007,0.292,-1.0,,,13,1,8.0,2022
2022-09-09 13:00:00+00:00|1.0|hr_asia_london_align_h13_lq35_aq25_tp06_sl065,2022-09-09 13:00:00+00:00,STAGE29A,data/reports/stage29a_high_range_regime_continuation_discovery/stage29a_exact_trades.csv,high_range_asia_london_alignment_v1,hr_asia_london_align_h13_lq35_aq25_tp06_sl065,0.9864999999998872,-0.0635000000001126,-0.7635000000001124,0,0,0,0,0.0635000000001126,24.13000000000011,12.230000000000018,0.821749795584623,11.269999999999982,0.7080745341614935,3.6900000000000546,3.5004999999999997,0.264,1.0,,,13,4,9.0,2022
2022-09-19 13:00:00+00:00|-1.0|hr_asia_london_align_h13_lq35_aq25_tp06_sl065,2022-09-19 13:00:00+00:00,STAGE29A,data/reports/stage29a_high_range_regime_continuation_discovery/stage29a_exact_trades.csv,high_range_asia_london_alignment_v1,hr_asia_london_align_h13_lq35_aq25_tp06_sl065,-1.8128250000000663,-2.862825000000066,-3.562825000000066,0,0,0,0,2.862825000000066,4.819999999999936,11.710000000000036,0.7856532877882166,10.049999999999956,0.5353233830845677,2.759999999999991,4.4565000000000055,0.692,-1.0,,,13,0,9.0,2022
2022-09-23 13:00:00+00:00|-1.0|hr_asia_london_align_h13_lq35_aq25_tp06_sl065,2022-09-23 13:00:00+00:00,STAGE29A,data/reports/stage29a_high_range_regime_continuation_discovery/stage29a_exact_trades.csv,high_range_asia_london_alignment_v1,hr_asia_london_align_h13_lq35_aq25_tp06_sl065,1.2669999999999615,0.2169999999999619,-0.4830000000000378,1,0,1,0,0.2169999999999619,29.309999999999945,7.279999999999973,0.2967032967033091,21.38000000000011,0.5673526660430225,10.400000000000091,3.988000000000011,0.42,-1.0,,,13,4,9.0,2022
2022-09-27 13:00:00+00:00|1.0|hr_asia_london_align_h13_lq35_aq25_tp06_sl065,2022-09-27 13:00:00+00:00,STAGE29A,data/reports/stage29a_high_range_regime_continuation_discovery/stage29a_exact_trades.csv,high_range_asia_london_alignment_v1,hr_asia_london_align_h13_lq35_aq25_tp06_sl065,-1.988650000000098,-3.0386500000000978,-3.7386500000000975,0,0,0,0,3.0386500000000978,28.61999999999989,10.209999999999807,0.36924583741430483,9.63000000000011,0.1921079958463256,4.690000000000055,4.840999999999974,0.476,1.0,,,13,1,9.0,2022
2022-10-05 13:00:00+00:00|-1.0|hr_asia_london_align_h13_lq35_aq25_tp06_sl065,2022-10-05 13:00:00+00:00,STAGE29A,data/reports/stage29a_high_range_regime_continuation_discovery/stage29a_exact_trades.csv,high_range_asia_london_alignment_v1,hr_asia_london_align_h13_lq35_aq25_tp06_sl065,-2.4095249999998942,-3.459524999999894,-4.159524999999894,0,0,0,1,3.459524999999894,34.200000000000045,8.230000000000018,0.7095990279465255,21.699999999999815,0.5949308755760456,9.069999999999936,5.20849999999997,0.464,-1.0,,,13,2,10.0,2022
2022-10-10 13:00:00+00:00|-1.0|hr_asia_london_align_h13_lq35_aq25_tp06_sl065,2022-10-10 13:00:00+00:00,STAGE29A,data/reports/stage29a_high_range_regime_continuation_discovery/stage29a_exact_trades.csv,high_range_asia_london_alignment_v1,hr_asia_london_align_h13_lq35_aq25_tp06_sl065,1.298200000000088,0.2482000000000881,-0.4517999999999116,1,0,1,0,0.2482000000000881,4.789999999999964,12.700000000000044,0.6787401574803039,11.519999999999982,0.7282986111111209,6.5,4.689999999999964,0.344,-1.0,,,13,0,10.0,2022
2022-10-17 13:00:00+00:00|1.0|hr_asia_london_align_h13_lq35_aq25_tp06_sl065,2022-10-17 13:00:00+00:00,STAGE29A,data/reports/stage29a_high_range_regime_continuation_discovery/stage29a_exact_trades.csv,high_range_asia_london_alignment_v1,hr_asia_london_align_h13_lq35_aq25_tp06_sl065,-1.904800000000114,-2.954800000000114,-3.6548000000001135,0,0,0,0,2.954800000000114,4.039999999999964,9.529999999999973,0.4952780692549885,9.61999999999989,0.7079002079002102,3.3799999999998818,4.3639999999999874,0.228,1.0,,,13,0,10.0,2022
2022-10-24 13:00:00+00:00|-1.0|hr_asia_london_align_h13_lq35_aq25_tp06_sl065,2022-10-24 13:00:00+00:00,STAGE29A,data/reports/stage29a_high_range_regime_continuation_discovery/stage29a_exact_trades.csv,high_range_asia_london_alignment_v1,hr_asia_london_align_h13_lq35_aq25_tp06_sl065,1.3003000000000156,0.2503000000000157,-0.449699999999984,1,0,1,0,0.2503000000000157,5.759999999999991,18.470000000000027,0.2793719545208363,14.289999999999964,0.33519944016794795,4.5499999999999545,6.571999999999991,0.896,-1.0,,,13,0,10.0,2022
2022-10-25 13:00:00+00:00|-1.0|hr_asia_london_align_h13_lq35_aq25_tp06_sl065,2022-10-25 13:00:00+00:00,STAGE29A,data/reports/stage29a_high_range_regime_continuation_discovery/stage29a_exact_trades.csv,high_range_asia_london_alignment_v1,hr_asia_london_align_h13_lq35_aq25_tp06_sl065,-1.7088250000000245,-2.7588250000000243,-3.458825000000024,0,0,0,0,2.7588250000000243,26.539999999999964,7.680000000000064,0.032552083333333065,13.129999999999882,0.885757806549902,4.970000000000027,3.6740000000000235,0.06,-1.0,,,13,1,10.0,2022
2022-11-01 13:00:00+00:00|1.0|hr_asia_london_align_h13_lq35_aq25_tp06_sl065,2022-11-01 13:00:00+00:00,STAGE29A,data/reports/stage29a_high_range_regime_continuation_discovery/stage29a_exact_trades.csv,high_range_asia_london_alignment_v1,hr_asia_london_align_h13_lq35_aq25_tp06_sl065,-1.973375000000124,-3.023375000000124,-3.7233750000001233,0,0,0,0,3.023375000000124,13.779999999999973,9.440000000000056,0.5889830508474484,15.150000000000093,0.8686468646864538,2.990000000000009,3.5405000000000313,0.048,1.0,,,13,1,11.0,2022
2022-11-04 13:00:00+00:00|1.0|hr_asia_london_align_h13_lq35_aq25_tp06_sl065,2022-11-04 13:00:00+00:00,STAGE29A,data/reports/stage29a_high_range_regime_continuation_discovery/stage29a_exact_trades.csv,high_range_asia_london_alignment_v1,hr_asia_london_align_h13_lq35_aq25_tp06_sl065,-2.095574999999917,-3.145574999999917,-3.8455749999999167,0,0,0,1,3.145574999999917,24.37999999999988,18.419999999999845,0.9799131378935997,8.700000000000045,0.3218390804597632,6.6099999999999,3.9944999999999937,0.284,1.0,,,13,4,11.0,2022
2022-11-14 13:00:00+00:00|-1.0|hr_asia_london_align_h13_lq35_aq25_tp06_sl065,2022-11-14 13:00:00+00:00,STAGE29A,data/reports/stage29a_high_range_regime_continuation_discovery/stage29a_exact_trades.csv,high_range_asia_london_alignment_v1,hr_asia_london_align_h13_lq35_aq25_tp06_sl065,-2.062099999999964,-3.112099999999964,-3.812099999999964,0,0,0,1,3.112099999999964,5.449999999999818,7.4099999999998545,0.29689608636975184,11.839999999999918,0.317567567567569,3.939999999999827,4.200499999999988,0.328,-1.0,,,13,0,11.0,2022
2022-11-21 13:00:00+00:00|-1.0|hr_asia_london_align_h13_lq35_aq25_tp06_sl065,2022-11-21 13:00:00+00:00,STAGE29A,data/reports/stage29a_high_range_regime_continuation_discovery/stage29a_exact_trades.csv,high_range_asia_london_alignment_v1,hr_asia_london_align_h13_lq35_aq25_tp06_sl065,0.9537999999999102,-0.0962000000000897,-0.7962000000000895,0,0,0,0,0.0962000000000897,3.1299999999998818,9.099999999999907,0.6912087912087941,10.190000000000056,0.4249263984298461,4.120000000000118,3.794500000000016,0.152,-1.0,,,13,0,11.0,2022
2022-11-28 13:00:00+00:00|1.0|hr_asia_london_align_h13_lq35_aq25_tp06_sl065,2022-11-28 13:00:00+00:00,STAGE29A,data/reports/stage29a_high_range_regime_continuation_discovery/stage29a_exact_trades.csv,high_range_asia_london_alignment_v1,hr_asia_london_align_h13_lq35_aq25_tp06_sl065,-1.873924999999963,-2.923924999999963,-3.6239249999999625,0,0,0,0,2.923924999999963,5.539999999999964,9.789999999999964,0.06230847803880513,15.220000000000027,0.6005256241787177,3.259999999999991,4.301499999999976,0.632,1.0,,,13,0,11.0,2022
2022-11-30 13:00:00+00:00|1.0|hr_asia_london_align_h13_lq35_aq25_tp06_sl065,2022-11-30 13:00:00+00:00,STAGE29A,data/reports/stage29a_high_range_regime_continuation_discovery/stage29a_exact_trades.csv,high_range_asia_london_alignment_v1,hr_asia_london_align_h13_lq35_aq25_tp06_sl065,0.7779999999999291,-0.2720000000000708,-0.9720000000000706,0,0,0,0,0.2720000000000708,19.48999999999978,7.899999999999864,0.6734177215190197,10.210000000000036,0.4338883447600216,4.7000000000000455,3.161500000000001,0.132,1.0,,,13,2,11.0,2022
2022-12-16 13:00:00+00:00|1.0|hr_asia_london_align_h13_lq35_aq25_tp06_sl065,2022-12-16 13:00:00+00:00,STAGE29A,data/reports/stage29a_high_range_regime_continuation_discovery/stage29a_exact_trades.csv,high_range_asia_london_alignment_v1,hr_asia_london_align_h13_lq35_aq25_tp06_sl065,-1.989949999999999,-3.039949999999999,-3.739949999999999,0,0,0,0,3.039949999999999,34.799999999999955,8.639999999999873,0.2685185185185414,10.599999999999907,0.1849056603773635,3.9300000000000637,3.8604999999999903,0.368,1.0,,,13,4,12.0,2022
2022-12-20 13:00:00+00:00|1.0|hr_asia_london_align_h13_lq35_aq25_tp06_sl065,2022-12-20 13:00:00+00:00,STAGE29A,data/reports/stage29a_high_range_regime_continuation_discovery/stage29a_exact_trades.csv,high_range_asia_london_alignment_v1,hr_asia_london_align_h13_lq35_aq25_tp06_sl065,-2.0152999999998884,-3.065299999999888,-3.765299999999888,0,0,0,1,3.065299999999888,15.0,11.589999999999918,0.2683347713546289,20.91000000000008,0.7723577235772371,2.599999999999909,4.288999999999999,0.6,1.0,,,13,1,12.0,2022
2023-01-04 13:00:00+00:00|1.0|hr_asia_london_align_h13_lq35_aq25_tp06_sl065,2023-01-04 13:00:00+00:00,STAGE29A,data/reports/stage29a_high_range_regime_continuation_discovery/stage29a_exact_trades.csv,high_range_asia_london_alignment_v1,hr_asia_london_align_h13_lq35_aq25_tp06_sl065,-2.2271999999999026,-3.2771999999999024,-3.977199999999902,0,0,0,1,3.2771999999999024,26.21000000000004,12.019999999999982,0.8460898502495914,20.41000000000008,0.5982361587457122,3.9200000000000728,4.726000000000011,0.76,1.0,,,13,2,1.0,2023
2023-01-26 13:00:00+00:00|-1.0|hr_asia_london_align_h13_lq35_aq25_tp06_sl065,2023-01-26 13:00:00+00:00,STAGE29A,data/reports/stage29a_high_range_regime_continuation_discovery/stage29a_exact_trades.csv,high_range_asia_london_alignment_v1,hr_asia_london_align_h13_lq35_aq25_tp06_sl065,1.187800000000061,0.1378000000000612,-0.5621999999999385,1,0,0,0,0.1378000000000612,28.65999999999985,6.610000000000127,0.2632375189107376,15.129999999999882,0.6549900859220198,2.0299999999999727,4.674000000000001,0.468,-1.0,,,13,3,1.0,2023
2023-01-31 13:00:00+00:00|-1.0|hr_asia_london_align_h13_lq35_aq25_tp06_sl065,2023-01-31 13:00:00+00:00,STAGE29A,data/reports/stage29a_high_range_regime_continuation_discovery/stage29a_exact_trades.csv,high_range_asia_london_alignment_v1,hr_asia_london_align_h13_lq35_aq25_tp06_sl065,1.0702000000000225,0.0202000000000226,-0.6797999999999771,1,0,0,0,0.0202000000000226,13.839999999999918,8.539999999999964,0.2412177985948424,19.180000000000064,0.7987486965589214,3.8500000000001364,3.6990000000000123,0.06,-1.0,,,13,1,1.0,2023
2023-02-08 13:00:00+00:00|1.0|hr_asia_london_align_h13_lq35_aq25_tp06_sl065,2023-02-08 13:00:00+00:00,STAGE29A,data/reports/stage29a_high_range_regime_continuation_discovery/stage29a_exact_trades.csv,high_range_asia_london_alignment_v1,hr_asia_london_align_h13_lq35_aq25_tp06_sl065,1.4019999999999526,0.3519999999999528,-0.3480000000000469,1,0,1,0,0.3519999999999528,19.3599999999999,7.039999999999964,0.6022727272727316,13.2199999999998,0.2798789712556809,7.430000000000064,6.410499999999968,0.864,1.0,,,13,2,2.0,2023
2023-02-15 13:00:00+00:00|-1.0|hr_asia_london_align_h13_lq35_aq25_tp06_sl065,2023-02-15 13:00:00+00:00,STAGE29A,data/reports/stage29a_high_range_regime_continuation_discovery/stage29a_exact_trades.csv,high_range_asia_london_alignment_v1,hr_asia_london_align_h13_lq35_aq25_tp06_sl065,-2.3481000000000223,-3.398100000000022,-4.098100000000022,0,0,0,1,3.398100000000022,27.169999999999845,13.559999999999944,0.5243362831858355,16.019999999999982,0.7771535580524381,3.9500000000000455,5.293000000000006,0.48,-1.0,,,13,2,2.0,2023
2023-02-17 13:00:00+00:00|-1.0|hr_asia_london_align_h13_lq35_aq25_tp06_sl065,2023-02-17 13:00:00+00:00,STAGE29A,data/reports/stage29a_high_range_regime_continuation_discovery/stage29a_exact_trades.csv,high_range_asia_london_alignment_v1,hr_asia_london_align_h13_lq35_aq25_tp06_sl065,-2.1505000000000565,-3.2005000000000563,-3.900500000000056,0,0,0,1,3.2005000000000563,17.670000000000073,12.660000000000082,0.5979462875197383,9.319999999999936,0.3508583690987129,3.509999999999991,4.853499999999997,0.416,-1.0,,,13,4,2.0,2023
2023-02-21 13:00:00+00:00|-1.0|hr_asia_london_align_h13_lq35_aq25_tp06_sl065,2023-02-21 13:00:00+00:00,STAGE29A,data/reports/stage29a_high_range_regime_continuation_discovery/stage29a_exact_trades.csv,high_range_asia_london_alignment_v1,hr_asia_london_align_h13_lq35_aq25_tp06_sl065,-1.8053499999999527,-2.855349999999953,-3.5553499999999527,0,0,0,0,2.855349999999953,10.169999999999844,6.710000000000036,0.3859910581222253,8.680000000000064,0.6831797235022803,4.170000000000073,2.790499999999986,0.056,-1.0,,,13,1,2.0,2023
2023-03-14 13:00:00+00:00|-1.0|hr_asia_london_align_h13_lq35_aq25_tp06_sl065,2023-03-14 13:00:00+00:00,STAGE29A,data/reports/stage29a_high_range_regime_continuation_discovery/stage29a_exact_trades.csv,high_range_asia_london_alignment_v1,hr_asia_london_align_h13_lq35_aq25_tp06_sl065,-2.383200000000079,-3.433200000000079,-4.133200000000079,0,0,0,1,3.433200000000079,43.12999999999988,12.549999999999956,0.7274900398406307,12.61999999999989,0.03328050713152528,3.769999999999982,5.18850000000001,0.828,-1.0,,,13,1,3.0,2023
2023-04-13 13:00:00+00:00|1.0|hr_asia_london_align_h13_lq35_aq25_tp06_sl065,2023-04-13 13:00:00+00:00,STAGE29A,data/reports/stage29a_high_range_regime_continuation_discovery/stage29a_exact_trades.csv,high_range_asia_london_alignment_v1,hr_asia_london_align_h13_lq35_aq25_tp06_sl065,-1.7754499999999551,-2.825449999999955,-3.525449999999955,0,0,0,0,2.825449999999955,27.13000000000011,6.1400000000001,0.3697068403908705,13.950000000000044,0.6566308243727635,2.9199999999998454,4.161999999999978,0.308,1.0,,,13,3,4.0,2023
2023-04-19 13:00:00+00:00|-1.0|hr_asia_london_align_h13_lq35_aq25_tp06_sl065,2023-04-19 13:00:00+00:00,STAGE29A,data/reports/stage29a_high_range_regime_continuation_discovery/stage29a_exact_trades.csv,high_range_asia_london_alignment_v1,hr_asia_london_align_h13_lq35_aq25_tp06_sl065,-2.968199999999888,-4.018199999999888,-4.718199999999888,0,0,0,1,4.018199999999888,20.6099999999999,6.189999999999827,0.34087237479809146,31.71000000000004,0.9274676758120481,7.639999999999873,4.9204999999999925,0.476,-1.0,,,13,2,4.0,2023
2023-05-23 13:00:00+00:00|-1.0|hr_asia_london_align_h13_lq35_aq25_tp06_sl065,2023-05-23 13:00:00+00:00,STAGE29A,data/reports/stage29a_high_range_regime_continuation_discovery/stage29a_exact_trades.csv,high_range_asia_london_alignment_v1,hr_asia_london_align_h13_lq35_aq25_tp06_sl065,-1.910649999999896,-2.960649999999896,-3.660649999999896,0,0,0,0,2.960649999999896,13.670000000000073,12.319999999999936,0.6915584415584437,10.339999999999918,0.5483558994197406,4.3900000000001,4.175499999999988,0.504,-1.0,,,13,1,5.0,2023
2023-09-11 13:00:00+00:00|1.0|hr_asia_london_align_h13_lq35_aq25_tp06_sl065,2023-09-11 13:00:00+00:00,STAGE29A,data/reports/stage29a_high_range_regime_continuation_discovery/stage29a_exact_trades.csv,high_range_asia_london_alignment_v1,hr_asia_london_align_h13_lq35_aq25_tp06_sl065,0.5338000000000648,-0.5161999999999352,-1.2161999999999349,0,0,0,0,0.5161999999999352,2.559999999999945,7.430000000000064,0.6850605652759222,7.740000000000009,0.2777777777777598,2.6800000000000637,2.819999999999993,0.692,1.0,,,13,0,9.0,2023
2023-10-16 13:00:00+00:00|-1.0|hr_asia_london_align_h13_lq35_aq25_tp06_sl065,2023-10-16 13:00:00+00:00,STAGE29A,data/reports/stage29a_high_range_regime_continuation_discovery/stage29a_exact_trades.csv,high_range_asia_london_alignment_v1,hr_asia_london_align_h13_lq35_aq25_tp06_sl065,-1.8950499999999464,-2.9450499999999464,-3.645049999999946,0,0,0,0,2.9450499999999464,9.159999999999854,12.269999999999982,0.35207823960881585,12.190000000000056,0.31501230516816253,5.319999999999936,4.965999999999974,0.86,-1.0,,,13,0,10.0,2023
2023-10-20 13:00:00+00:00|1.0|hr_asia_london_align_h13_lq35_aq25_tp06_sl065,2023-10-20 13:00:00+00:00,STAGE29A,data/reports/stage29a_high_range_regime_continuation_discovery/stage29a_exact_trades.csv,high_range_asia_london_alignment_v1,hr_asia_london_align_h13_lq35_aq25_tp06_sl065,1.075899999999956,0.025899999999956,-0.6741000000000437,1,0,0,0,0.025899999999956,32.50999999999999,10.069999999999936,0.5233366434955328,11.190000000000056,0.4387846291331395,5.039999999999964,5.7995,0.904,1.0,,,13,4,10.0,2023
2023-10-26 13:00:00+00:00|1.0|hr_asia_london_align_h13_lq35_aq25_tp06_sl065,2023-10-26 13:00:00+00:00,STAGE29A,data/reports/stage29a_high_range_regime_continuation_discovery/stage29a_exact_trades.csv,high_range_asia_london_alignment_v1,hr_asia_london_align_h13_lq35_aq25_tp06_sl065,-1.677299999999923,-2.727299999999923,-3.4272999999999225,0,0,0,0,2.727299999999923,24.13000000000011,7.869999999999891,0.6569250317661902,9.559999999999944,0.3650627615062792,2.7899999999999636,5.137500000000022,0.588,1.0,,,13,3,10.0,2023
2023-10-30 13:00:00+00:00|-1.0|hr_asia_london_align_h13_lq35_aq25_tp06_sl065,2023-10-30 13:00:00+00:00,STAGE29A,data/reports/stage29a_high_range_regime_continuation_discovery/stage29a_exact_trades.csv,high_range_asia_london_alignment_v1,hr_asia_london_align_h13_lq35_aq25_tp06_sl065,1.0023999999999886,-0.0476000000000111,-0.7476000000000109,0,0,0,0,0.0476000000000111,9.659999999999854,9.809999999999944,0.11213047910294752,11.6099999999999,0.6089577950043064,3.269999999999982,5.254499999999962,0.596,-1.0,,,13,0,10.0,2023
2023-11-07 13:00:00+00:00|-1.0|hr_asia_london_align_h13_lq35_aq25_tp06_sl065,2023-11-07 13:00:00+00:00,STAGE29A,data/reports/stage29a_high_range_regime_continuation_discovery/stage29a_exact_trades.csv,high_range_asia_london_alignment_v1,hr_asia_london_align_h13_lq35_aq25_tp06_sl065,0.7092999999998938,-0.3407000000001061,-1.040700000000106,0,0,0,0,0.3407000000001061,16.519999999999982,7.3599999999999,0.7228260869565538,10.039999999999964,0.5149402390438111,2.5499999999999545,2.810999999999967,0.024,-1.0,,,13,1,11.0,2023
2023-12-04 13:00:00+00:00|-1.0|hr_asia_london_align_h13_lq35_aq25_tp06_sl065,2023-12-04 13:00:00+00:00,STAGE29A,data/reports/stage29a_high_range_regime_continuation_discovery/stage29a_exact_trades.csv,high_range_asia_london_alignment_v1,hr_asia_london_align_h13_lq35_aq25_tp06_sl065,-3.46220000000003,-4.51220000000003,-5.2122000000000295,0,0,0,1,4.51220000000003,78.03999999999996,78.03999999999996,0.4173500768836517,32.70000000000027,0.5186544342507613,7.0300000000002,17.78850000000002,0.992,-1.0,,,13,0,12.0,2023
2024-01-08 13:00:00+00:00|-1.0|hr_asia_london_align_h13_lq35_aq25_tp06_sl065,2024-01-08 13:00:00+00:00,STAGE29A,data/reports/stage29a_high_range_regime_continuation_discovery/stage29a_exact_trades.csv,high_range_asia_london_alignment_v1,hr_asia_london_align_h13_lq35_aq25_tp06_sl065,-1.7422999999999775,-2.7922999999999774,-3.492299999999977,0,0,0,0,2.7922999999999774,2.4299999999998363,11.529999999999973,0.7380745880312238,9.460000000000036,0.8879492600422655,2.519999999999982,4.4464999999999915,0.644,-1.0,,,13,0,1.0,2024
2024-01-16 13:00:00+00:00|-1.0|hr_asia_london_align_h13_lq35_aq25_tp06_sl065,2024-01-16 13:00:00+00:00,STAGE29A,data/reports/stage29a_high_range_regime_continuation_discovery/stage29a_exact_trades.csv,high_range_asia_london_alignment_v1,hr_asia_london_align_h13_lq35_aq25_tp06_sl065,0.9834999999999582,-0.0665000000000417,-0.7665000000000415,0,0,0,0,0.0665000000000417,12.740000000000007,7.170000000000073,0.656903765690375,12.409999999999854,0.6970185334407891,3.1700000000000728,2.9890000000000554,0.068,-1.0,,,13,1,1.0,2024
2024-02-12 13:00:00+00:00|-1.0|hr_asia_london_align_h13_lq35_aq25_tp06_sl065,2024-02-12 13:00:00+00:00,STAGE29A,data/reports/stage29a_high_range_regime_continuation_discovery/stage29a_exact_trades.csv,high_range_asia_london_alignment_v1,hr_asia_london_align_h13_lq35_aq25_tp06_sl065,-1.1901249999999437,-2.2401249999999435,-2.9401249999999437,0,0,0,0,2.2401249999999435,2.4199999999998454,4.959999999999809,0.46774193548387616,7.339999999999918,0.30245231607630135,1.25,2.2905000000000086,0.012,-1.0,,,13,0,2.0,2024
2024-03-05 13:00:00+00:00|1.0|hr_asia_london_align_h13_lq35_aq25_tp06_sl065,2024-03-05 13:00:00+00:00,STAGE29A,data/reports/stage29a_high_range_regime_continuation_discovery/stage29a_exact_trades.csv,high_range_asia_london_alignment_v1,hr_asia_london_align_h13_lq35_aq25_tp06_sl065,-2.000349999999889,-3.0503499999998893,-3.750349999999889,0,0,0,0,3.0503499999998893,40.370000000000346,6.349999999999909,0.22204724409446847,13.2800000000002,0.5813253012047954,3.880000000000109,4.7870000000000115,0.864,1.0,,,13,1,3.0,2024
2024-03-20 13:00:00+00:00|-1.0|hr_asia_london_align_h13_lq35_aq25_tp06_sl065,2024-03-20 13:00:00+00:00,STAGE29A,data/reports/stage29a_high_range_regime_continuation_discovery/stage29a_exact_trades.csv,high_range_asia_london_alignment_v1,hr_asia_london_align_h13_lq35_aq25_tp06_sl065,-1.378949999999895,-2.428949999999895,-3.128949999999895,0,0,0,0,2.428949999999895,15.599999999999907,5.110000000000127,0.031311154598796576,7.079999999999927,0.3587570621468912,2.5099999999997635,2.52349999999999,0.004,-1.0,,,13,2,3.0,2024
2024-03-27 13:00:00+00:00|1.0|hr_asia_london_align_h13_lq35_aq25_tp06_sl065,2024-03-27 13:00:00+00:00,STAGE29A,data/reports/stage29a_high_range_regime_continuation_discovery/stage29a_exact_trades.csv,high_range_asia_london_alignment_v1,hr_asia_london_align_h13_lq35_aq25_tp06_sl065,1.5381999999998697,0.4881999999998698,-0.2118000000001298,1,0,1,0,0.4881999999998698,32.46000000000004,8.480000000000018,0.12264150943395771,18.800000000000185,0.8202127659574427,5.809999999999945,4.6720000000000255,0.6,1.0,,,13,2,3.0,2024
2024-04-22 13:00:00+00:00|-1.0|hr_asia_london_align_h13_lq35_aq25_tp06_sl065,2024-04-22 13:00:00+00:00,STAGE29A,data/reports/stage29a_high_range_regime_continuation_discovery/stage29a_exact_trades.csv,high_range_asia_london_alignment_v1,hr_asia_london_align_h13_lq35_aq25_tp06_sl065,1.9437999999999191,0.8937999999999193,0.1937999999999196,1,1,1,0,0.8937999999999193,6.799999999999727,26.84999999999991,0.5314711359404108,21.49000000000024,0.3922754769660399,4.5300000000002,7.301499999999942,0.224,-1.0,,,13,0,4.0,2024
2024-05-02 13:00:00+00:00|-1.0|hr_asia_london_align_h13_lq35_aq25_tp06_sl065,2024-05-02 13:00:00+00:00,STAGE29A,data/reports/stage29a_high_range_regime_continuation_discovery/stage29a_exact_trades.csv,high_range_asia_london_alignment_v1,hr_asia_london_align_h13_lq35_aq25_tp06_sl065,-2.526524999999856,-3.576524999999856,-4.276524999999856,0,0,0,1,3.576524999999856,46.82999999999993,9.070000000000164,0.1422271223814708,22.340000000000146,0.8012533572068028,6.7400000000002365,8.24950000000008,0.76,-1.0,,,13,3,5.0,2024
2024-05-03 13:00:00+00:00|-1.0|hr_asia_london_align_h13_lq35_aq25_tp06_sl065,2024-05-03 13:00:00+00:00,STAGE29A,data/reports/stage29a_high_range_regime_continuation_discovery/stage29a_exact_trades.csv,high_range_asia_london_alignment_v1,hr_asia_london_align_h13_lq35_aq25_tp06_sl065,-1.94900000000016,-2.99900000000016,-3.69900000000016,0,0,0,0,2.99900000000016,41.09999999999991,6.440000000000055,0.2096273291925307,10.970000000000256,0.08477666362810113,3.730000000000018,5.232499999999982,0.064,-1.0,,,13,4,5.0,2024
2024-05-10 13:00:00+00:00|1.0|hr_asia_london_align_h13_lq35_aq25_tp06_sl065,2024-05-10 13:00:00+00:00,STAGE29A,data/reports/stage29a_high_range_regime_continuation_discovery/stage29a_exact_trades.csv,high_range_asia_london_alignment_v1,hr_asia_london_align_h13_lq35_aq25_tp06_sl065,-2.463800000000083,-3.513800000000083,-4.213800000000083,0,0,0,1,3.513800000000083,40.63999999999987,10.659999999999854,0.6716697936210086,24.079999999999927,0.7936046511627984,5.8400000000001455,5.9384999999999994,0.4,1.0,,,13,4,5.0,2024
2024-05-14 13:00:00+00:00|1.0|hr_asia_london_align_h13_lq35_aq25_tp06_sl065,2024-05-14 13:00:00+00:00,STAGE29A,data/reports/stage29a_high_range_regime_continuation_discovery/stage29a_exact_trades.csv,high_range_asia_london_alignment_v1,hr_asia_london_align_h13_lq35_aq25_tp06_sl065,-2.015300000000116,-3.065300000000116,-3.7653000000001153,0,0,0,1,3.065300000000116,32.95000000000027,9.570000000000164,0.5862068965517274,12.2800000000002,0.2394136807817595,4.670000000000073,4.2309999999999945,0.016,1.0,,,13,1,5.0,2024
2024-05-15 13:00:00+00:00|1.0|hr_asia_london_align_h13_lq35_aq25_tp06_sl065,2024-05-15 13:00:00+00:00,STAGE29A,data/reports/stage29a_high_range_regime_continuation_discovery/stage29a_exact_trades.csv,high_range_asia_london_alignment_v1,hr_asia_london_align_h13_lq35_aq25_tp06_sl065,-2.0400000000000547,-3.0900000000000545,-3.790000000000054,0,0,0,1,3.0900000000000545,24.920000000000076,6.110000000000127,0.46808510638298984,18.5300000000002,0.47706422018348893,6.0600000000004,4.572000000000026,0.084,1.0,,,13,2,5.0,2024
2024-05-29 13:00:00+00:00|-1.0|hr_asia_london_align_h13_lq35_aq25_tp06_sl065,2024-05-29 13:00:00+00:00,STAGE29A,data/reports/stage29a_high_range_regime_continuation_discovery/stage29a_exact_trades.csv,high_range_asia_london_alignment_v1,hr_asia_london_align_h13_lq35_aq25_tp06_sl065,-2.273350000000028,-3.323350000000028,-4.023350000000027,0,0,0,1,3.323350000000028,24.059999999999945,7.930000000000291,0.12862547288776097,20.700000000000276,0.6120772946859638,5.320000000000164,5.17150000000006,0.272,-1.0,,,13,2,5.0,2024
2024-05-30 13:00:00+00:00|-1.0|hr_asia_london_align_h13_lq35_aq25_tp06_sl065,2024-05-30 13:00:00+00:00,STAGE29A,data/reports/stage29a_high_range_regime_continuation_discovery/stage29a_exact_trades.csv,high_range_asia_london_alignment_v1,hr_asia_london_align_h13_lq35_aq25_tp06_sl065,-2.631500000000051,-3.681500000000051,-4.381500000000051,0,0,0,1,3.681500000000051,28.059999999999945,11.800000000000182,0.2771186440677908,15.559999999999944,0.06876606683805704,6.309999999999945,5.321000000000095,0.308,-1.0,,,13,3,5.0,2024
2024-06-14 13:00:00+00:00|1.0|hr_asia_london_align_h13_lq35_aq25_tp06_sl065,2024-06-14 13:00:00+00:00,STAGE29A,data/reports/stage29a_high_range_regime_continuation_discovery/stage29a_exact_trades.csv,high_range_asia_london_alignment_v1,hr_asia_london_align_h13_lq35_aq25_tp06_sl065,-2.3305500000002213,-3.380550000000221,-4.080550000000221,0,0,0,1,3.380550000000221,31.15999999999985,7.050000000000182,0.35886524822690496,19.139999999999876,0.8949843260188204,7.5300000000002,5.026000000000022,0.196,1.0,,,13,4,6.0,2024
2024-06-20 13:00:00+00:00|1.0|hr_asia_london_align_h13_lq35_aq25_tp06_sl065,2024-06-20 13:00:00+00:00,STAGE29A,data/reports/stage29a_high_range_regime_continuation_discovery/stage29a_exact_trades.csv,high_range_asia_london_alignment_v1,hr_asia_london_align_h13_lq35_aq25_tp06_sl065,1.169800000000032,0.1198000000000321,-0.5801999999999676,1,0,0,0,0.1198000000000321,11.2800000000002,11.260000000000218,0.3152753108348235,14.260000000000218,0.03366058906030932,4.130000000000109,3.9765000000000557,0.108,1.0,,,13,3,6.0,2024
2024-06-26 13:00:00+00:00|-1.0|hr_asia_london_align_h13_lq35_aq25_tp06_sl065,2024-06-26 13:00:00+00:00,STAGE29A,data/reports/stage29a_high_range_regime_continuation_discovery/stage29a_exact_trades.csv,high_range_asia_london_alignment_v1,hr_asia_london_align_h13_lq35_aq25_tp06_sl065,-2.143674999999894,-3.1936749999998937,-3.893674999999893,0,0,0,1,3.1936749999998937,21.789999999999964,13.350000000000364,0.2636704119850102,8.690000000000055,0.11047180667434181,2.730000000000018,5.347500000000059,0.532,-1.0,,,13,2,6.0,2024
2024-07-01 13:00:00+00:00|1.0|hr_asia_london_align_h13_lq35_aq25_tp06_sl065,2024-07-01 13:00:00+00:00,STAGE29A,data/reports/stage29a_high_range_regime_continuation_discovery/stage29a_exact_trades.csv,high_range_asia_london_alignment_v1,hr_asia_london_align_h13_lq35_aq25_tp06_sl065,1.209099999999944,0.159099999999944,-0.5409000000000557,1,0,1,0,0.159099999999944,4.139999999999873,6.389999999999873,0.03442879499214465,10.980000000000018,0.24590163934424533,4.019999999999982,4.279999999999996,0.24,1.0,,,13,0,7.0,2024
2024-07-02 13:00:00+00:00|-1.0|hr_asia_london_align_h13_lq35_aq25_tp06_sl065,2024-07-02 13:00:00+00:00,STAGE29A,data/reports/stage29a_high_range_regime_continuation_discovery/stage29a_exact_trades.csv,high_range_asia_london_alignment_v1,hr_asia_london_align_h13_lq35_aq25_tp06_sl065,-1.9850750000001427,-3.0350750000001425,-3.7350750000001423,0,0,0,0,3.0350750000001425,20.0,8.61999999999989,0.6705336426913943,9.099999999999907,0.1329670329670383,7.779999999999745,4.302500000000032,0.236,-1.0,,,13,1,7.0,2024
2024-07-04 13:00:00+00:00|-1.0|hr_asia_london_align_h13_lq35_aq25_tp06_sl065,2024-07-04 13:00:00+00:00,STAGE29A,data/reports/stage29a_high_range_regime_continuation_discovery/stage29a_exact_trades.csv,high_range_asia_london_alignment_v1,hr_asia_london_align_h13_lq35_aq25_tp06_sl065,-1.801774999999998,-2.8517749999999977,-3.551774999999997,0,0,0,0,2.8517749999999977,38.03999999999997,6.5900000000001455,0.12139605462824951,9.259999999999764,0.0377969762419409,3.4299999999998363,4.107499999999959,0.116,-1.0,,,13,3,7.0,2024
2024-07-10 13:00:00+00:00|1.0|hr_asia_london_align_h13_lq35_aq25_tp06_sl065,2024-07-10 13:00:00+00:00,STAGE29A,data/reports/stage29a_high_range_regime_continuation_discovery/stage29a_exact_trades.csv,high_range_asia_london_alignment_v1,hr_asia_london_align_h13_lq35_aq25_tp06_sl065,-1.6103500000000168,-2.6603500000000166,-3.3603500000000164,0,0,0,0,2.6603500000000166,22.20999999999958,7.329999999999927,0.5184174624829767,8.309999999999945,0.4500601684716975,2.480000000000018,4.531500000000028,0.288,1.0,,,13,2,7.0,2024
2024-07-12 13:00:00+00:00|-1.0|hr_asia_london_align_h13_lq35_aq25_tp06_sl065,2024-07-12 13:00:00+00:00,STAGE29A,data/reports/stage29a_high_range_regime_continuation_discovery/stage29a_exact_trades.csv,high_range_asia_london_alignment_v1,hr_asia_london_align_h13_lq35_aq25_tp06_sl065,-2.098175000000174,-3.148175000000174,-3.8481750000001735,0,0,0,1,3.148175000000174,53.38999999999987,9.550000000000182,0.5350785340313692,9.760000000000218,0.3893442622950453,5.119999999999891,5.3715000000000375,0.7,-1.0,,,13,4,7.0,2024
2024-07-19 13:00:00+00:00|-1.0|hr_asia_london_align_h13_lq35_aq25_tp06_sl065,2024-07-19 13:00:00+00:00,STAGE29A,data/reports/stage29a_high_range_regime_continuation_discovery/stage29a_exact_trades.csv,high_range_asia_london_alignment_v1,hr_asia_london_align_h13_lq35_aq25_tp06_sl065,-3.026375000000008,-4.076375000000008,-4.776375000000007,0,0,0,1,4.076375000000008,34.84999999999991,24.67999999999984,0.6288492706645091,16.5,0.7678787878787923,6.269999999999982,7.066999999999939,0.872,-1.0,,,13,4,7.0,2024
2024-07-23 13:00:00+00:00|1.0|hr_asia_london_align_h13_lq35_aq25_tp06_sl065,2024-07-23 13:00:00+00:00,STAGE29A,data/reports/stage29a_high_range_regime_continuation_discovery/stage29a_exact_trades.csv,high_range_asia_london_alignment_v1,hr_asia_london_align_h13_lq35_aq25_tp06_sl065,1.7665000000000872,0.7165000000000874,0.0165000000000876,1,1,1,0,0.7165000000000874,28.23999999999978,9.199999999999818,0.34239130434784276,20.019999999999985,0.43806193806193755,4.9099999999998545,5.389500000000021,0.384,1.0,,,13,1,7.0,2024
2024-07-26 13:00:00+00:00|1.0|hr_asia_london_align_h13_lq35_aq25_tp06_sl065,2024-07-26 13:00:00+00:00,STAGE29A,data/reports/stage29a_high_range_regime_continuation_discovery/stage29a_exact_trades.csv,high_range_asia_london_alignment_v1,hr_asia_london_align_h13_lq35_aq25_tp06_sl065,-2.261974999999984,-3.311974999999984,-4.011974999999984,0,0,0,1,3.311974999999984,48.190000000000055,23.550000000000185,0.36390658174096147,10.0300000000002,0.19541375872382824,2.849999999999909,6.586000000000013,0.584,1.0,,,13,4,7.0,2024
2024-07-31 13:00:00+00:00|1.0|hr_asia_london_align_h13_lq35_aq25_tp06_sl065,2024-07-31 13:00:00+00:00,STAGE29A,data/reports/stage29a_high_range_regime_continuation_discovery/stage29a_exact_trades.csv,high_range_asia_london_alignment_v1,hr_asia_london_align_h13_lq35_aq25_tp06_sl065,-2.229475000000184,-3.279475000000184,-3.979475000000184,0,0,0,1,3.279475000000184,36.43000000000029,15.139999999999873,0.47159841479523995,10.990000000000236,0.4003639672429478,4.430000000000291,6.458000000000107,0.528,1.0,,,13,2,7.0,2024
2024-08-06 13:00:00+00:00|1.0|hr_asia_london_align_h13_lq35_aq25_tp06_sl065,2024-08-06 13:00:00+00:00,STAGE29A,data/reports/stage29a_high_range_regime_continuation_discovery/stage29a_exact_trades.csv,high_range_asia_london_alignment_v1,hr_asia_london_align_h13_lq35_aq25_tp06_sl065,-3.5259000000001834,-4.575900000000184,-5.275900000000183,0,0,0,1,4.575900000000184,94.65999999999984,13.960000000000036,0.005014326647576184,20.72000000000025,0.20945945945944197,5.320000000000164,8.264500000000089,0.744,1.0,,,13,1,8.0,2024
2024-08-08 13:00:00+00:00|1.0|hr_asia_london_align_h13_lq35_aq25_tp06_sl065,2024-08-08 13:00:00+00:00,STAGE29A,data/reports/stage29a_high_range_regime_continuation_discovery/stage29a_exact_trades.csv,high_range_asia_london_alignment_v1,hr_asia_london_align_h13_lq35_aq25_tp06_sl065,1.679500000000098,0.6295000000000983,-0.0704999999999014,1,0,1,0,0.6295000000000983,28.01000000000022,14.150000000000093,0.7519434628975127,15.019999999999982,0.1291611185086589,5.150000000000091,5.698000000000024,0.1,1.0,,,13,3,8.0,2024
2024-08-27 13:00:00+00:00|-1.0|hr_asia_london_align_h13_lq35_aq25_tp06_sl065,2024-08-27 13:00:00+00:00,STAGE29A,data/reports/stage29a_high_range_regime_continuation_discovery/stage29a_exact_trades.csv,high_range_asia_london_alignment_v1,hr_asia_london_align_h13_lq35_aq25_tp06_sl065,-2.5223000000001776,-3.572300000000177,-4.272300000000177,0,0,0,1,3.572300000000177,18.050000000000185,11.989999999999782,0.6905754795662966,13.979999999999563,0.006437768240353958,5.670000000000073,5.167499999999973,0.196,-1.0,,,13,1,8.0,2024
2024-08-28 13:00:00+00:00|-1.0|hr_asia_london_align_h13_lq35_aq25_tp06_sl065,2024-08-28 13:00:00+00:00,STAGE29A,data/reports/stage29a_high_range_regime_continuation_discovery/stage29a_exact_trades.csv,high_range_asia_london_alignment_v1,hr_asia_london_align_h13_lq35_aq25_tp06_sl065,-2.055924999999752,-3.105924999999752,-3.805924999999752,0,0,0,1,3.105924999999752,22.4399999999996,15.88000000000011,0.6190176322418047,12.849999999999907,0.4513618677042621,3.7100000000000364,5.0939999999999825,0.172,-1.0,,,13,2,8.0,2024
2024-08-29 13:00:00+00:00|1.0|hr_asia_london_align_h13_lq35_aq25_tp06_sl065,2024-08-29 13:00:00+00:00,STAGE29A,data/reports/stage29a_high_range_regime_continuation_discovery/stage29a_exact_trades.csv,high_range_asia_london_alignment_v1,hr_asia_london_align_h13_lq35_aq25_tp06_sl065,-2.314300000000094,-3.3643000000000938,-4.0643000000000935,0,0,0,1,3.3643000000000938,35.45000000000027,12.860000000000127,0.7449455676516199,10.539999999999964,0.5910815939278975,8.480000000000018,4.832999999999993,0.112,1.0,,,13,3,8.0,2024
2024-09-20 13:00:00+00:00|1.0|hr_asia_london_align_h13_lq35_aq25_tp06_sl065,2024-09-20 13:00:00+00:00,STAGE29A,data/reports/stage29a_high_range_regime_continuation_discovery/stage29a_exact_trades.csv,high_range_asia_london_alignment_v1,hr_asia_london_align_h13_lq35_aq25_tp06_sl065,1.501599999999962,0.4515999999999622,-0.2484000000000374,1,0,1,0,0.4515999999999622,43.78999999999997,8.75,0.41142857142856104,21.419999999999614,0.6984126984127126,8.039999999999964,5.049000000000047,0.416,1.0,,,13,4,9.0,2024
2024-09-26 13:00:00+00:00|1.0|hr_asia_london_align_h13_lq35_aq25_tp06_sl065,2024-09-26 13:00:00+00:00,STAGE29A,data/reports/stage29a_high_range_regime_continuation_discovery/stage29a_exact_trades.csv,high_range_asia_london_alignment_v1,hr_asia_london_align_h13_lq35_aq25_tp06_sl065,-2.0318750000002184,-3.081875000000218,-3.781875000000218,0,0,0,1,3.081875000000218,20.829999999999927,7.170000000000073,0.6094839609484382,12.570000000000164,0.49721559268098,2.869999999999891,5.068999999999915,0.308,1.0,,,13,3,9.0,2024
2024-09-30 13:00:00+00:00|-1.0|hr_asia_london_align_h13_lq35_aq25_tp06_sl065,2024-09-30 13:00:00+00:00,STAGE29A,data/reports/stage29a_high_range_regime_continuation_discovery/stage29a_exact_trades.csv,high_range_asia_london_alignment_v1,hr_asia_london_align_h13_lq35_aq25_tp06_sl065,1.5105999999999766,0.4605999999999768,-0.2394000000000229,1,0,1,0,0.4605999999999768,6.25,18.65999999999985,0.487674169346194,12.220000000000256,0.3199672667757588,5.289999999999964,6.7634999999999765,0.7,-1.0,,,13,0,9.0,2024
2024-10-01 13:00:00+00:00|1.0|hr_asia_london_align_h13_lq35_aq25_tp06_sl065,2024-10-01 13:00:00+00:00,STAGE29A,data/reports/stage29a_high_range_regime_continuation_discovery/stage29a_exact_trades.csv,high_range_asia_london_alignment_v1,hr_asia_london_align_h13_lq35_aq25_tp06_sl065,0.991899999999896,-0.0581000000001039,-0.7581000000001037,0,0,0,0,0.0581000000001039,41.48000000000002,7.730000000000018,0.3842173350582468,11.840000000000146,0.9045608108108028,3.9400000000000546,4.787000000000035,0.108,1.0,,,13,1,10.0,2024
2024-10-14 13:00:00+00:00|1.0|hr_asia_london_align_h13_lq35_aq25_tp06_sl065,2024-10-14 13:00:00+00:00,STAGE29A,data/reports/stage29a_high_range_regime_continuation_discovery/stage29a_exact_trades.csv,high_range_asia_london_alignment_v1,hr_asia_london_align_h13_lq35_aq25_tp06_sl065,1.4304999999998471,0.3804999999998473,-0.3195000000001524,1,0,1,0,0.3804999999998473,11.429999999999836,14.259999999999764,0.3709677419354875,11.480000000000018,0.24912891986063787,6.179999999999836,5.545499999999924,0.176,1.0,,,13,0,10.0,2024
2024-10-18 13:00:00+00:00|1.0|hr_asia_london_align_h13_lq35_aq25_tp06_sl065,2024-10-18 13:00:00+00:00,STAGE29A,data/reports/stage29a_high_range_regime_continuation_discovery/stage29a_exact_trades.csv,high_range_asia_london_alignment_v1,hr_asia_london_align_h13_lq35_aq25_tp06_sl065,-2.37539999999999,-3.4253999999999905,-4.12539999999999,0,0,0,1,3.4253999999999905,23.579999999999927,20.360000000000127,0.849214145383097,12.329999999999927,0.11678832116788833,7.010000000000218,5.587500000000046,0.272,1.0,,,13,4,10.0,2024
2024-10-24 13:00:00+00:00|1.0|hr_asia_london_align_h13_lq35_aq25_tp06_sl065,2024-10-24 13:00:00+00:00,STAGE29A,data/reports/stage29a_high_range_regime_continuation_discovery/stage29a_exact_trades.csv,high_range_asia_london_alignment_v1,hr_asia_london_align_h13_lq35_aq25_tp06_sl065,1.1541999999998551,0.1041999999998553,-0.5958000000001444,1,0,0,0,0.1041999999998553,49.92000000000007,12.279999999999744,0.39576547231272213,16.420000000000073,0.8361753958587063,3.230000000000018,5.922000000000049,0.54,1.0,,,13,3,10.0,2024
2024-10-25 13:00:00+00:00|-1.0|hr_asia_london_align_h13_lq35_aq25_tp06_sl065,2024-10-25 13:00:00+00:00,STAGE29A,data/reports/stage29a_high_range_regime_continuation_discovery/stage29a_exact_trades.csv,high_range_asia_london_alignment_v1,hr_asia_london_align_h13_lq35_aq25_tp06_sl065,-2.2102999999998247,-3.260299999999825,-3.960299999999824,0,0,0,1,3.260299999999825,29.029999999999745,11.730000000000018,0.7357203751065725,15.730000000000018,0.3146853146853317,4.320000000000164,5.034999999999991,0.096,-1.0,,,13,4,10.0,2024
2024-10-28 13:00:00+00:00|-1.0|hr_asia_london_align_h13_lq35_aq25_tp06_sl065,2024-10-28 13:00:00+00:00,STAGE29A,data/reports/stage29a_high_range_regime_continuation_discovery/stage29a_exact_trades.csv,high_range_asia_london_alignment_v1,hr_asia_london_align_h13_lq35_aq25_tp06_sl065,-2.7618250000001354,-3.8118250000001352,-4.511825000000135,0,0,0,1,3.8118250000001352,10.010000000000218,15.480000000000018,0.062015503875941895,16.909999999999854,0.06386753400357134,5.449999999999818,5.938000000000057,0.604,-1.0,,,13,0,10.0,2024
2024-10-31 13:00:00+00:00|-1.0|hr_asia_london_align_h13_lq35_aq25_tp06_sl065,2024-10-31 13:00:00+00:00,STAGE29A,data/reports/stage29a_high_range_regime_continuation_discovery/stage29a_exact_trades.csv,high_range_asia_london_alignment_v1,hr_asia_london_align_h13_lq35_aq25_tp06_sl065,-2.143999999999869,-3.193999999999869,-3.8939999999998687,0,0,0,1,3.193999999999869,19.139999999999876,8.029999999999745,0.2889165628891952,13.509999999999764,0.2672094744633409,8.0,4.854499999999962,0.072,-1.0,,,13,3,10.0,2024
2024-11-08 13:00:00+00:00|-1.0|hr_asia_london_align_h13_lq35_aq25_tp06_sl065,2024-11-08 13:00:00+00:00,STAGE29A,data/reports/stage29a_high_range_regime_continuation_discovery/stage29a_exact_trades.csv,high_range_asia_london_alignment_v1,hr_asia_london_align_h13_lq35_aq25_tp06_sl065,-2.860949999999866,-3.910949999999866,-4.610949999999866,0,0,0,1,3.910949999999866,66.90999999999985,17.09999999999991,0.7777777777777659,16.240000000000236,0.3232758620689608,7.2599999999997635,7.055999999999972,0.724,-1.0,,,13,4,11.0,2024
2024-11-12 13:00:00+00:00|-1.0|hr_asia_london_align_h13_lq35_aq25_tp06_sl065,2024-11-12 13:00:00+00:00,STAGE29A,data/reports/stage29a_high_range_regime_continuation_discovery/stage29a_exact_trades.csv,high_range_asia_london_alignment_v1,hr_asia_london_align_h13_lq35_aq25_tp06_sl065,2.91279999999997,1.8627999999999705,1.1627999999999703,1,1,1,0,1.8627999999999705,75.67999999999984,11.579999999999927,0.5397236614853229,28.46000000000004,0.7350667603654267,8.900000000000091,6.995999999999936,0.596,-1.0,,,13,1,11.0,2024
2024-11-13 13:00:00+00:00|1.0|hr_asia_london_align_h13_lq35_aq25_tp06_sl065,2024-11-13 13:00:00+00:00,STAGE29A,data/reports/stage29a_high_range_regime_continuation_discovery/stage29a_exact_trades.csv,high_range_asia_london_alignment_v1,hr_asia_london_align_h13_lq35_aq25_tp06_sl065,1.5066999999998187,0.4566999999998189,-0.2433000000001808,1,0,1,0,0.4566999999998189,37.48000000000002,15.940000000000056,0.4567126725219398,10.599999999999907,0.2584905660377604,3.4400000000000546,5.74200000000003,0.16,1.0,,,13,2,11.0,2024
2024-11-15 13:00:00+00:00|1.0|hr_asia_london_align_h13_lq35_aq25_tp06_sl065,2024-11-15 13:00:00+00:00,STAGE29A,data/reports/stage29a_high_range_regime_continuation_discovery/stage29a_exact_trades.csv,high_range_asia_london_alignment_v1,hr_asia_london_align_h13_lq35_aq25_tp06_sl065,1.6492000000002007,0.5992000000002009,-0.1007999999997988,1,0,1,0,0.5992000000002009,44.54999999999973,8.599999999999909,0.02325581395346747,15.809999999999944,0.039848197343460554,7.339999999999691,6.577499999999918,0.244,1.0,,,13,4,11.0,2024
2024-11-21 13:00:00+00:00|1.0|hr_asia_london_align_h13_lq35_aq25_tp06_sl065,2024-11-21 13:00:00+00:00,STAGE29A,data/reports/stage29a_high_range_regime_continuation_discovery/stage29a_exact_trades.csv,high_range_asia_london_alignment_v1,hr_asia_london_align_h13_lq35_aq25_tp06_sl065,-2.3620750000000954,-3.4120750000000952,-4.112075000000095,0,0,0,1,3.4120750000000952,36.64000000000033,11.610000000000127,0.41860465116279705,17.059999999999945,0.759671746776089,5.239999999999782,5.6704999999999925,0.084,1.0,,,13,3,11.0,2024
2024-11-29 13:00:00+00:00|1.0|hr_asia_london_align_h13_lq35_aq25_tp06_sl065,2024-11-29 13:00:00+00:00,STAGE29A,data/reports/stage29a_high_range_regime_continuation_discovery/stage29a_exact_trades.csv,high_range_asia_london_alignment_v1,hr_asia_london_align_h13_lq35_aq25_tp06_sl065,-2.612000000000171,-3.662000000000171,-4.362000000000171,0,0,0,1,3.662000000000171,28.65000000000009,30.29000000000042,0.6956091119181206,11.809999999999944,0.2464013547840701,4.549999999999727,5.9180000000000295,0.212,1.0,,,13,4,11.0,2024
2024-12-16 13:00:00+00:00|1.0|hr_asia_london_align_h13_lq35_aq25_tp06_sl065,2024-12-16 13:00:00+00:00,STAGE29A,data/reports/stage29a_high_range_regime_continuation_discovery/stage29a_exact_trades.csv,high_range_asia_london_alignment_v1,hr_asia_london_align_h13_lq35_aq25_tp06_sl065,-2.0858250000002045,-3.1358250000002044,-3.835825000000204,0,0,0,1,3.1358250000002044,4.569999999999709,12.110000000000127,0.10982658959536856,12.450000000000273,0.48514056224898244,3.230000000000018,5.1964999999999915,0.024,1.0,,,13,0,12.0,2024
2024-12-19 13:00:00+00:00|1.0|hr_asia_london_align_h13_lq35_aq25_tp06_sl065,2024-12-19 13:00:00+00:00,STAGE29A,data/reports/stage29a_high_range_regime_continuation_discovery/stage29a_exact_trades.csv,high_range_asia_london_alignment_v1,hr_asia_london_align_h13_lq35_aq25_tp06_sl065,-3.028324999999859,-4.078324999999859,-4.7783249999998585,0,0,0,1,4.078324999999859,68.09999999999991,35.46000000000004,0.5930626057529661,23.2800000000002,0.4463058419243893,9.039999999999964,10.11400000000001,0.996,1.0,,,13,3,12.0,2024
2025-01-02 13:00:00+00:00|1.0|hr_asia_london_align_h13_lq35_aq25_tp06_sl065,2025-01-02 13:00:00+00:00,STAGE29A,data/reports/stage29a_high_range_regime_continuation_discovery/stage29a_exact_trades.csv,high_range_asia_london_alignment_v1,hr_asia_london_align_h13_lq35_aq25_tp06_sl065,-2.3783250000002227,-3.4283250000002226,-4.128325000000222,0,0,0,1,3.4283250000002226,4.2800000000002,14.769999999999982,0.6899119837508508,15.090000000000146,0.5765407554671792,13.570000000000164,5.480000000000087,0.52,1.0,,,13,3,1.0,2025
2025-02-12 13:00:00+00:00|-1.0|hr_asia_london_align_h13_lq35_aq25_tp06_sl065,2025-02-12 13:00:00+00:00,STAGE29A,data/reports/stage29a_high_range_regime_continuation_discovery/stage29a_exact_trades.csv,high_range_asia_london_alignment_v1,hr_asia_london_align_h13_lq35_aq25_tp06_sl065,-3.019225000000097,-4.069225000000097,-4.769225000000096,0,0,0,1,4.069225000000097,60.9399999999996,17.070000000000164,0.7861745752782627,16.440000000000055,0.15815085158150247,10.550000000000182,7.384500000000003,0.508,-1.0,,,13,2,2.0,2025
2025-02-28 13:00:00+00:00|-1.0|hr_asia_london_align_h13_lq35_aq25_tp06_sl065,2025-02-28 13:00:00+00:00,STAGE29A,data/reports/stage29a_high_range_regime_continuation_discovery/stage29a_exact_trades.csv,high_range_asia_london_alignment_v1,hr_asia_london_align_h13_lq35_aq25_tp06_sl065,1.770100000000093,0.7201000000000932,0.0201000000000934,1,1,1,0,0.7201000000000932,53.14999999999964,28.039999999999964,0.44721825962910056,15.940000000000056,0.04454203262233588,4.230000000000018,7.43900000000001,0.464,-1.0,,,13,4,2.0,2025
2025-03-04 13:00:00+00:00|1.0|hr_asia_london_align_h13_lq35_aq25_tp06_sl065,2025-03-04 13:00:00+00:00,STAGE29A,data/reports/stage29a_high_range_regime_continuation_discovery/stage29a_exact_trades.csv,high_range_asia_london_alignment_v1,hr_asia_london_align_h13_lq35_aq25_tp06_sl065,-3.434249999999884,-4.484249999999884,-5.184249999999883,0,0,0,1,4.484249999999884,39.940000000000055,11.83999999999969,0.03378378378375394,36.98000000000002,0.6311519740400252,5.980000000000018,8.387000000000011,0.664,1.0,,,13,1,3.0,2025
2025-03-11 13:00:00+00:00|1.0|hr_asia_london_align_h13_lq35_aq25_tp06_sl065,2025-03-11 13:00:00+00:00,STAGE29A,data/reports/stage29a_high_range_regime_continuation_discovery/stage29a_exact_trades.csv,high_range_asia_london_alignment_v1,hr_asia_london_align_h13_lq35_aq25_tp06_sl065,1.4893000000000938,0.4393000000000939,-0.2606999999999058,1,0,1,0,0.4393000000000939,38.28999999999997,20.169999999999614,0.4615765989092772,21.789999999999964,0.6608536025699915,3.5,7.216999999999894,0.156,1.0,,,13,1,3.0,2025
2025-03-27 13:00:00+00:00|1.0|hr_asia_london_align_h13_lq35_aq25_tp06_sl065,2025-03-27 13:00:00+00:00,STAGE29A,data/reports/stage29a_high_range_regime_continuation_discovery/stage29a_exact_trades.csv,high_range_asia_london_alignment_v1,hr_asia_london_align_h13_lq35_aq25_tp06_sl065,-2.777424999999857,-3.827424999999857,-4.527424999999857,0,0,0,1,3.827424999999857,19.840000000000146,21.110000000000127,0.7607768829938346,29.13000000000011,0.5918297288019283,16.09999999999991,5.74699999999998,0.212,1.0,,,13,3,3.0,2025
2025-03-28 13:00:00+00:00|1.0|hr_asia_london_align_h13_lq35_aq25_tp06_sl065,2025-03-28 13:00:00+00:00,STAGE29A,data/reports/stage29a_high_range_regime_continuation_discovery/stage29a_exact_trades.csv,high_range_asia_london_alignment_v1,hr_asia_london_align_h13_lq35_aq25_tp06_sl065,2.047899999999936,0.997899999999936,0.2978999999999363,1,1,1,0,0.997899999999936,42.07999999999993,23.289999999999964,0.7745813653928721,19.77000000000044,0.018715225088535025,7.179999999999836,6.467000000000053,0.508,1.0,,,13,4,3.0,2025
2025-03-31 13:00:00+00:00|1.0|hr_asia_london_align_h13_lq35_aq25_tp06_sl065,2025-03-31 13:00:00+00:00,STAGE29A,data/reports/stage29a_high_range_regime_continuation_discovery/stage29a_exact_trades.csv,high_range_asia_london_alignment_v1,hr_asia_london_align_h13_lq35_aq25_tp06_sl065,2.747200000000157,1.6972000000001572,0.9972000000001576,1,1,1,0,1.6972000000001572,12.38000000000011,34.820000000000164,0.49109707064904734,22.2199999999998,0.3510351035103419,11.239999999999782,9.588500000000021,0.972,1.0,,,13,0,3.0,2025
2025-04-07 13:00:00+00:00|1.0|hr_asia_london_align_h13_lq35_aq25_tp06_sl065,2025-04-07 13:00:00+00:00,STAGE29A,data/reports/stage29a_high_range_regime_continuation_discovery/stage29a_exact_trades.csv,high_range_asia_london_alignment_v1,hr_asia_london_align_h13_lq35_aq25_tp06_sl065,5.775999999999749,4.725999999999749,4.025999999999749,1,1,1,0,4.725999999999749,31.919999999999614,84.09999999999991,0.11319857312722939,31.21000000000004,0.19801345722524283,13.6899999999996,26.00549999999989,0.968,1.0,,,13,0,4.0,2025
2025-04-11 13:00:00+00:00|1.0|hr_asia_london_align_h13_lq35_aq25_tp06_sl065,2025-04-11 13:00:00+00:00,STAGE29A,data/reports/stage29a_high_range_regime_continuation_discovery/stage29a_exact_trades.csv,high_range_asia_london_alignment_v1,hr_asia_london_align_h13_lq35_aq25_tp06_sl065,-7.538674999999875,-8.588674999999876,-9.288674999999875,0,0,0,1,8.588674999999876,117.48000000000002,44.58999999999969,0.6503700381251447,42.96000000000004,0.23114525139664405,18.049999999999727,16.929500000000008,0.704,1.0,,,13,4,4.0,2025
2025-04-21 13:00:00+00:00|1.0|hr_asia_london_align_h13_lq35_aq25_tp06_sl065,2025-04-21 13:00:00+00:00,STAGE29A,data/reports/stage29a_high_range_regime_continuation_discovery/stage29a_exact_trades.csv,high_range_asia_london_alignment_v1,hr_asia_london_align_h13_lq35_aq25_tp06_sl065,-3.2941750000000867,-4.344175000000087,-5.044175000000086,0,0,0,1,4.344175000000087,24.230000000000015,56.29999999999973,0.6460035523978698,27.25,0.4565137614678919,6.049999999999727,12.712999999999965,0.252,1.0,,,13,0,4.0,2025
2025-04-30 13:00:00+00:00|-1.0|hr_asia_london_align_h13_lq35_aq25_tp06_sl065,2025-04-30 13:00:00+00:00,STAGE29A,data/reports/stage29a_high_range_regime_continuation_discovery/stage29a_exact_trades.csv,high_range_asia_london_alignment_v1,hr_asia_london_align_h13_lq35_aq25_tp06_sl065,-4.5262499999999815,-5.576249999999982,-6.2762499999999815,0,0,0,1,5.576249999999982,48.690000000000055,24.269999999999985,0.5937371240214201,39.57999999999993,0.7271349166245528,11.799999999999727,11.332499999999936,0.14,-1.0,,,13,2,4.0,2025
2025-05-01 13:00:00+00:00|-1.0|hr_asia_london_align_h13_lq35_aq25_tp06_sl065,2025-05-01 13:00:00+00:00,STAGE29A,data/reports/stage29a_high_range_regime_continuation_discovery/stage29a_exact_trades.csv,high_range_asia_london_alignment_v1,hr_asia_london_align_h13_lq35_aq25_tp06_sl065,-4.147950000000128,-5.197950000000128,-5.897950000000128,0,0,0,1,5.197950000000128,60.86999999999989,61.15000000000009,0.7282093213409596,27.449999999999815,0.39744990892533266,20.409999999999854,14.614999999999963,0.46,-1.0,,,13,3,5.0,2025
2025-05-05 13:00:00+00:00|1.0|hr_asia_london_align_h13_lq35_aq25_tp06_sl065,2025-05-05 13:00:00+00:00,STAGE29A,data/reports/stage29a_high_range_regime_continuation_discovery/stage29a_exact_trades.csv,high_range_asia_london_alignment_v1,hr_asia_london_align_h13_lq35_aq25_tp06_sl065,3.3906999999998333,2.340699999999833,1.6406999999998335,1,1,1,0,2.340699999999833,7.070000000000164,34.75,0.4330935251798483,55.36000000000013,0.9750722543352582,26.809999999999945,13.4650000000001,0.28,1.0,,,13,0,5.0,2025
2025-05-16 13:00:00+00:00|-1.0|hr_asia_london_align_h13_lq35_aq25_tp06_sl065,2025-05-16 13:00:00+00:00,STAGE29A,data/reports/stage29a_high_range_regime_continuation_discovery/stage29a_exact_trades.csv,high_range_asia_london_alignment_v1,hr_asia_london_align_h13_lq35_aq25_tp06_sl065,-5.144399999999768,-6.194399999999769,-6.894399999999768,0,0,0,1,6.194399999999769,131.69000000000003,45.57999999999993,0.8600263273365585,35.88000000000011,0.07413600891861333,9.079999999999927,13.179999999999927,0.332,-1.0,,,13,4,5.0,2025
2025-07-01 13:00:00+00:00|1.0|hr_asia_london_align_h13_lq35_aq25_tp06_sl065,2025-07-01 13:00:00+00:00,STAGE29A,data/reports/stage29a_high_range_regime_continuation_discovery/stage29a_exact_trades.csv,high_range_asia_london_alignment_v1,hr_asia_london_align_h13_lq35_aq25_tp06_sl065,-2.8996250000001056,-3.9496250000001054,-4.649625000000105,0,0,0,1,3.9496250000001054,63.93000000000029,20.279999999999745,0.4817554240631215,29.08999999999969,0.8446201443795108,9.88000000000011,7.409500000000071,0.072,1.0,,,13,1,7.0,2025
2025-07-21 13:00:00+00:00|1.0|hr_asia_london_align_h13_lq35_aq25_tp06_sl065,2025-07-21 13:00:00+00:00,STAGE29A,data/reports/stage29a_high_range_regime_continuation_discovery/stage29a_exact_trades.csv,high_range_asia_london_alignment_v1,hr_asia_london_align_h13_lq35_aq25_tp06_sl065,-2.200550000000112,-3.250550000000112,-3.950550000000112,0,0,0,1,3.250550000000112,5.199999999999818,13.569999999999707,0.25718496683860403,20.029999999999745,0.7393909136295623,3.5900000000001455,5.412499999999886,0.004,1.0,,,13,0,7.0,2025
2025-07-24 13:00:00+00:00|-1.0|hr_asia_london_align_h13_lq35_aq25_tp06_sl065,2025-07-24 13:00:00+00:00,STAGE29A,data/reports/stage29a_high_range_regime_continuation_discovery/stage29a_exact_trades.csv,high_range_asia_london_alignment_v1,hr_asia_london_align_h13_lq35_aq25_tp06_sl065,-3.2363249999999426,-4.286324999999943,-4.986324999999942,0,0,0,1,4.286324999999943,57.620000000000346,18.539999999999964,0.1564185544768121,23.389999999999876,0.8610517315092107,8.049999999999727,8.378999999999929,0.768,-1.0,,,13,3,7.0,2025
2025-09-17 13:00:00+00:00|-1.0|hr_asia_london_align_h13_lq35_aq25_tp06_sl065,2025-09-17 13:00:00+00:00,STAGE29A,data/reports/stage29a_high_range_regime_continuation_discovery/stage29a_exact_trades.csv,high_range_asia_london_alignment_v1,hr_asia_london_align_h13_lq35_aq25_tp06_sl065,-3.36989999999978,-4.41989999999978,-5.119899999999779,0,0,0,1,4.41989999999978,28.450000000000276,21.039999999999964,0.4857414448669115,23.46000000000004,0.5920716112531906,7.080000000000382,6.962500000000023,0.112,-1.0,,,13,2,9.0,2025
2025-09-19 13:00:00+00:00|1.0|hr_asia_london_align_h13_lq35_aq25_tp06_sl065,2025-09-19 13:00:00+00:00,STAGE29A,data/reports/stage29a_high_range_regime_continuation_discovery/stage29a_exact_trades.csv,high_range_asia_london_alignment_v1,hr_asia_london_align_h13_lq35_aq25_tp06_sl065,-2.9415500000000976,-3.9915500000000974,-4.691550000000097,0,0,0,1,3.9915500000000974,45.32000000000016,24.13000000000011,0.551181102362191,17.690000000000055,0.28886376483889836,3.5700000000001637,7.592000000000098,0.204,1.0,,,13,4,9.0,2025
2025-09-23 13:00:00+00:00|1.0|hr_asia_london_align_h13_lq35_aq25_tp06_sl065,2025-09-23 13:00:00+00:00,STAGE29A,data/reports/stage29a_high_range_regime_continuation_discovery/stage29a_exact_trades.csv,high_range_asia_london_alignment_v1,hr_asia_london_align_h13_lq35_aq25_tp06_sl065,-4.175899999999819,-5.22589999999982,-5.925899999999819,0,0,0,1,5.22589999999982,65.05000000000018,22.389999999999876,0.2880750334970904,48.059999999999945,0.7973366625052062,16.890000000000327,9.975999999999953,0.8,1.0,,,13,1,9.0,2025
2025-09-29 13:00:00+00:00|1.0|hr_asia_london_align_h13_lq35_aq25_tp06_sl065,2025-09-29 13:00:00+00:00,STAGE29A,data/reports/stage29a_high_range_regime_continuation_discovery/stage29a_exact_trades.csv,high_range_asia_london_alignment_v1,hr_asia_london_align_h13_lq35_aq25_tp06_sl065,3.3936999999999897,2.34369999999999,1.6436999999999902,1,1,1,0,2.34369999999999,14.63000000000011,43.03999999999997,0.5534386617100309,27.38000000000011,0.4755295836376892,12.670000000000073,12.45499999999995,0.912,1.0,,,13,0,9.0,2025
2025-10-09 13:00:00+00:00|1.0|hr_asia_london_align_h13_lq35_aq25_tp06_sl065,2025-10-09 13:00:00+00:00,STAGE29A,data/reports/stage29a_high_range_regime_continuation_discovery/stage29a_exact_trades.csv,high_range_asia_london_alignment_v1,hr_asia_london_align_h13_lq35_aq25_tp06_sl065,2.778700000000208,1.7287000000002082,1.0287000000002084,1,1,1,0,1.7287000000002082,76.17000000000007,39.84000000000015,0.13453815261044447,20.94000000000005,0.5076408787010546,7.730000000000018,15.73900000000001,0.94,1.0,,,13,3,10.0,2025
2025-10-15 13:00:00+00:00|1.0|hr_asia_london_align_h13_lq35_aq25_tp06_sl065,2025-10-15 13:00:00+00:00,STAGE29A,data/reports/stage29a_high_range_regime_continuation_discovery/stage29a_exact_trades.csv,high_range_asia_london_alignment_v1,hr_asia_london_align_h13_lq35_aq25_tp06_sl065,-6.200975000000289,-7.25097500000029,-7.950975000000289,0,0,0,1,7.25097500000029,89.0300000000002,50.0600000000004,0.5687175389532566,53.57999999999993,0.10246360582308135,47.43000000000029,17.262500000000045,0.688,1.0,,,13,2,10.0,2025
2025-10-21 13:00:00+00:00|-1.0|hr_asia_london_align_h13_lq35_aq25_tp06_sl065,2025-10-21 13:00:00+00:00,STAGE29A,data/reports/stage29a_high_range_regime_continuation_discovery/stage29a_exact_trades.csv,high_range_asia_london_alignment_v1,hr_asia_london_align_h13_lq35_aq25_tp06_sl065,8.885499999999775,7.835499999999774,7.135499999999775,1,1,1,0,7.835499999999774,162.71999999999937,42.36000000000058,0.4952785646836467,102.25,0.796479217603908,23.349999999999454,24.80199999999986,0.836,-1.0,,,13,1,10.0,2025
2025-10-27 13:00:00+00:00|-1.0|hr_asia_london_align_h13_lq35_aq25_tp06_sl065,2025-10-27 13:00:00+00:00,STAGE29A,data/reports/stage29a_high_range_regime_continuation_discovery/stage29a_exact_trades.csv,high_range_asia_london_alignment_v1,hr_asia_london_align_h13_lq35_aq25_tp06_sl065,-7.619925000000057,-8.669925000000058,-9.369925000000055,0,0,0,1,8.669925000000058,47.21000000000004,55.55000000000018,0.6064806480648136,60.00999999999976,0.5222462922846237,18.759999999999764,22.817499999999974,0.476,-1.0,,,13,0,10.0,2025
2025-10-28 13:00:00+00:00|-1.0|hr_asia_london_align_h13_lq35_aq25_tp06_sl065,2025-10-28 13:00:00+00:00,STAGE29A,data/reports/stage29a_high_range_regime_continuation_discovery/stage29a_exact_trades.csv,high_range_asia_london_alignment_v1,hr_asia_london_align_h13_lq35_aq25_tp06_sl065,-8.682675000000108,-9.732675000000109,-10.432675000000108,0,0,0,1,9.732675000000109,137.97000000000023,55.86000000000013,0.19638381668457267,93.62000000000036,0.5054475539414653,30.68000000000029,23.399000000000022,0.512,-1.0,,,13,1,10.0,2025
2025-11-06 13:00:00+00:00|1.0|hr_asia_london_align_h13_lq35_aq25_tp06_sl065,2025-11-06 13:00:00+00:00,STAGE29A,data/reports/stage29a_high_range_regime_continuation_discovery/stage29a_exact_trades.csv,high_range_asia_london_alignment_v1,hr_asia_london_align_h13_lq35_aq25_tp06_sl065,2.8762000000000625,1.8262000000000629,1.126200000000063,1,1,1,0,1.8262000000000629,61.58999999999969,25.949999999999815,0.5865125240847748,34.51999999999998,0.571552723059097,7.070000000000164,10.239000000000033,0.004,1.0,,,13,3,11.0,2025
2025-11-13 13:00:00+00:00|1.0|hr_asia_london_align_h13_lq35_aq25_tp06_sl065,2025-11-13 13:00:00+00:00,STAGE29A,data/reports/stage29a_high_range_regime_continuation_discovery/stage29a_exact_trades.csv,high_range_asia_london_alignment_v1,hr_asia_london_align_h13_lq35_aq25_tp06_sl065,-5.443399999999746,-6.493399999999747,-7.193399999999746,0,0,0,1,6.493399999999747,112.90999999999984,39.74000000000069,0.4574735782586579,37.099999999999454,0.4256064690027007,18.549999999999272,18.722999999999956,0.772,1.0,,,13,3,11.0,2025
2025-11-17 13:00:00+00:00|-1.0|hr_asia_london_align_h13_lq35_aq25_tp06_sl065,2025-11-17 13:00:00+00:00,STAGE29A,data/reports/stage29a_high_range_regime_continuation_discovery/stage29a_exact_trades.csv,high_range_asia_london_alignment_v1,hr_asia_london_align_h13_lq35_aq25_tp06_sl065,4.63779999999988,3.5877999999998798,2.88779999999988,1,1,1,0,3.5877999999998798,32.4699999999998,36.690000000000055,0.48460070863996113,46.059999999999945,0.18019973947025048,21.769999999999982,19.9484999999999,0.856,-1.0,,,13,0,11.0,2025
2025-11-20 13:00:00+00:00|-1.0|hr_asia_london_align_h13_lq35_aq25_tp06_sl065,2025-11-20 13:00:00+00:00,STAGE29A,data/reports/stage29a_high_range_regime_continuation_discovery/stage29a_exact_trades.csv,high_range_asia_london_alignment_v1,hr_asia_london_align_h13_lq35_aq25_tp06_sl065,-7.42102500000019,-8.471025000000191,-9.17102500000019,0,0,0,1,8.471025000000191,76.84000000000015,69.11999999999944,0.4225983796296336,39.01000000000022,0.403229941040757,9.940000000000055,21.13399999999997,0.876,-1.0,,,13,3,11.0,2025
2025-12-22 13:00:00+00:00|1.0|hr_asia_london_align_h13_lq35_aq25_tp06_sl065,2025-12-22 13:00:00+00:00,STAGE29A,data/reports/stage29a_high_range_regime_continuation_discovery/stage29a_exact_trades.csv,high_range_asia_london_alignment_v1,hr_asia_london_align_h13_lq35_aq25_tp06_sl065,2.8167999999999664,1.7667999999999666,1.0667999999999669,1,1,1,0,1.7667999999999666,18.1200000000008,62.84000000000015,0.6877784850413774,23.59999999999945,0.4338983050847851,9.609999999999673,11.659000000000015,0.336,1.0,,,13,0,12.0,2025
2025-12-23 13:00:00+00:00|1.0|hr_asia_london_align_h13_lq35_aq25_tp06_sl065,2025-12-23 13:00:00+00:00,STAGE29A,data/reports/stage29a_high_range_regime_continuation_discovery/stage29a_exact_trades.csv,high_range_asia_london_alignment_v1,hr_asia_london_align_h13_lq35_aq25_tp06_sl065,2.619699999999648,1.569699999999648,0.8696999999996482,1,1,1,0,1.569699999999648,122.74000000000068,52.28999999999997,0.42991011665709655,23.69000000000051,0.08104685521313305,7.970000000000255,12.317999999999984,0.404,1.0,,,13,1,12.0,2025
2025-12-24 13:00:00+00:00|-1.0|hr_asia_london_align_h13_lq35_aq25_tp06_sl065,2025-12-24 13:00:00+00:00,STAGE29A,data/reports/stage29a_high_range_regime_continuation_discovery/stage29a_exact_trades.csv,high_range_asia_london_alignment_v1,hr_asia_london_align_h13_lq35_aq25_tp06_sl065,3.773199999999997,2.723199999999997,2.023199999999997,1,1,1,0,2.723199999999997,75.19000000000051,54.51000000000022,0.07228031553842569,22.300000000000185,0.43094170403585624,17.61999999999989,17.785499999999956,0.936,-1.0,,,13,2,12.0,2025
2025-12-29 13:00:00+00:00|-1.0|hr_asia_london_align_h13_lq35_aq25_tp06_sl065,2025-12-29 13:00:00+00:00,STAGE29A,data/reports/stage29a_high_range_regime_continuation_discovery/stage29a_exact_trades.csv,high_range_asia_london_alignment_v1,hr_asia_london_align_h13_lq35_aq25_tp06_sl065,-7.8006250000004,-8.8506250000004,-9.5506250000004,0,0,0,1,8.8506250000004,26.170000000000076,76.92000000000007,0.15665626625065224,71.97000000000025,0.7582325969153874,17.44000000000051,24.355500000000074,0.988,-1.0,,,13,0,12.0,2025
2025-12-30 13:00:00+00:00|1.0|hr_asia_london_align_h13_lq35_aq25_tp06_sl065,2025-12-30 13:00:00+00:00,STAGE29A,data/reports/stage29a_high_range_regime_continuation_discovery/stage29a_exact_trades.csv,high_range_asia_london_alignment_v1,hr_asia_london_align_h13_lq35_aq25_tp06_sl065,5.162799999999516,4.112799999999515,3.412799999999516,1,1,1,0,4.112799999999515,246.52999999999972,45.98999999999978,0.38704066101326956,41.36000000000058,0.5118471953578282,23.890000000000327,20.83650000000016,0.868,1.0,,,13,1,12.0,2025
2026-01-07 13:00:00+00:00|-1.0|hr_asia_london_align_h13_lq35_aq25_tp06_sl065,2026-01-07 13:00:00+00:00,STAGE29A,data/reports/stage29a_high_range_regime_continuation_discovery/stage29a_exact_trades.csv,high_range_asia_london_alignment_v1,hr_asia_london_align_h13_lq35_aq25_tp06_sl065,3.720099999999911,2.6700999999999118,1.970099999999912,1,1,1,0,2.6700999999999118,69.30999999999949,40.720000000000255,0.7094793713163101,33.11999999999989,0.011171497584537804,8.900000000000546,15.482000000000061,0.284,-1.0,,,13,2,1.0,2026
2026-01-13 13:00:00+00:00|-1.0|hr_asia_london_align_h13_lq35_aq25_tp06_sl065,2026-01-13 13:00:00+00:00,STAGE29A,data/reports/stage29a_high_range_regime_continuation_discovery/stage29a_exact_trades.csv,high_range_asia_london_alignment_v1,hr_asia_london_align_h13_lq35_aq25_tp06_sl065,-4.6601500000002485,-5.710150000000249,-6.4101500000002485,0,0,0,1,5.710150000000249,116.96000000000004,32.23000000000047,0.0896680111697265,28.42999999999938,0.3496306718255619,7.829999999999927,15.20250000000001,0.184,-1.0,,,13,1,1.0,2026
2026-01-14 13:00:00+00:00|1.0|hr_asia_london_align_h13_lq35_aq25_tp06_sl065,2026-01-14 13:00:00+00:00,STAGE29A,data/reports/stage29a_high_range_regime_continuation_discovery/stage29a_exact_trades.csv,high_range_asia_london_alignment_v1,hr_asia_london_align_h13_lq35_aq25_tp06_sl065,-4.402749999999832,-5.452749999999833,-6.152749999999832,0,0,0,1,5.452749999999833,64.76999999999953,42.88000000000011,0.705457089552237,21.579999999999927,0.15848007414272866,10.30999999999949,16.248499999999968,0.396,1.0,,,13,2,1.0,2026
2026-01-23 13:00:00+00:00|-1.0|hr_asia_london_align_h13_lq35_aq25_tp06_sl065,2026-01-23 13:00:00+00:00,STAGE29A,data/reports/stage29a_high_range_regime_continuation_discovery/stage29a_exact_trades.csv,high_range_asia_london_alignment_v1,hr_asia_london_align_h13_lq35_aq25_tp06_sl065,-7.585800000000381,-8.635800000000382,-9.33580000000038,0,0,0,1,8.635800000000382,187.4799999999996,36.32999999999993,0.07349298100743402,67.39999999999964,0.3921364985163269,16.6899999999996,22.539999999999964,0.78,-1.0,,,13,4,1.0,2026
2026-01-27 13:00:00+00:00|1.0|hr_asia_london_align_h13_lq35_aq25_tp06_sl065,2026-01-27 13:00:00+00:00,STAGE29A,data/reports/stage29a_high_range_regime_continuation_discovery/stage29a_exact_trades.csv,high_range_asia_london_alignment_v1,hr_asia_london_align_h13_lq35_aq25_tp06_sl065,-6.362499999999818,-7.412499999999818,-8.112499999999818,0,0,0,1,7.412499999999818,120.89999999999964,66.71999999999935,0.3625599520383805,43.27999999999975,0.441543438077629,16.399999999999636,33.254499999999915,0.948,1.0,,,13,1,1.0,2026
2026-02-03 13:00:00+00:00|1.0|hr_asia_london_align_h13_lq35_aq25_tp06_sl065,2026-02-03 13:00:00+00:00,STAGE29A,data/reports/stage29a_high_range_regime_continuation_discovery/stage29a_exact_trades.csv,high_range_asia_london_alignment_v1,hr_asia_london_align_h13_lq35_aq25_tp06_sl065,-14.74522500000021,-15.79522500000021,-16.49522500000021,0,0,0,1,15.79522500000021,481.1899999999996,189.4900000000007,0.18222597498548535,139.53999999999996,0.6661889064067655,27.98999999999978,66.50050000000006,0.728,1.0,,,13,1,2.0,2026
2026-02-06 13:00:00+00:00|1.0|hr_asia_london_align_h13_lq35_aq25_tp06_sl065,2026-02-06 13:00:00+00:00,STAGE29A,data/reports/stage29a_high_range_regime_continuation_discovery/stage29a_exact_trades.csv,high_range_asia_london_alignment_v1,hr_asia_london_align_h13_lq35_aq25_tp06_sl065,-14.052975000000153,-15.102975000000152,-15.802975000000153,0,0,0,1,15.102975000000152,320.3100000000004,191.01000000000025,0.5794461022983098,95.03999999999996,0.6758207070707027,28.18000000000029,61.26499999999987,0.672,1.0,,,13,4,2.0,2026
2026-02-27 13:00:00+00:00|-1.0|hr_asia_london_align_h13_lq35_aq25_tp06_sl065,2026-02-27 13:00:00+00:00,STAGE29A,data/reports/stage29a_high_range_regime_continuation_discovery/stage29a_exact_trades.csv,high_range_asia_london_alignment_v1,hr_asia_london_align_h13_lq35_aq25_tp06_sl065,-4.592874999999912,-5.642874999999913,-6.342874999999912,0,0,0,1,5.642874999999913,74.60999999999967,32.68000000000029,0.08353733170136012,31.48999999999978,0.1292473801206649,12.0600000000004,19.138000000000055,0.152,-1.0,,,13,4,2.0,2026
2026-03-04 13:00:00+00:00|1.0|hr_asia_london_align_h13_lq35_aq25_tp06_sl065,2026-03-04 13:00:00+00:00,STAGE29A,data/reports/stage29a_high_range_regime_continuation_discovery/stage29a_exact_trades.csv,high_range_asia_london_alignment_v1,hr_asia_london_align_h13_lq35_aq25_tp06_sl065,8.353300000000127,7.303300000000126,6.603300000000127,1,1,1,0,7.303300000000126,382.7999999999993,105.97000000000024,0.29508351420212753,79.67000000000007,0.4089368645663348,22.420000000000073,38.758499999999955,0.904,1.0,,,13,2,3.0,2026
2026-03-10 13:00:00+00:00|1.0|hr_asia_london_align_h13_lq35_aq25_tp06_sl065,2026-03-10 13:00:00+00:00,STAGE29A,data/reports/stage29a_high_range_regime_continuation_discovery/stage29a_exact_trades.csv,high_range_asia_london_alignment_v1,hr_asia_london_align_h13_lq35_aq25_tp06_sl065,-6.728450000000157,-7.778450000000157,-8.478450000000157,0,0,0,1,7.778450000000157,176.90999999999983,69.05000000000018,0.35235336712526955,38.60999999999967,0.3504273504273468,27.339999999999236,21.969500000000018,0.148,1.0,,,13,1,3.0,2026
2026-03-30 13:00:00+00:00|1.0|hr_asia_london_align_h13_lq35_aq25_tp06_sl065,2026-03-30 13:00:00+00:00,STAGE29A,data/reports/stage29a_high_range_regime_continuation_discovery/stage29a_exact_trades.csv,high_range_asia_london_alignment_v1,hr_asia_london_align_h13_lq35_aq25_tp06_sl065,6.853599999999824,5.803599999999824,5.103599999999824,1,1,1,0,5.803599999999824,39.409999999999854,97.78999999999996,0.1155537376009836,64.01999999999953,0.5651358950328109,16.920000000000073,34.23499999999994,0.448,1.0,,,13,0,3.0,2026
2026-04-08 13:00:00+00:00|-1.0|hr_asia_london_align_h13_lq35_aq25_tp06_sl065,2026-04-08 13:00:00+00:00,STAGE29A,data/reports/stage29a_high_range_regime_continuation_discovery/stage29a_exact_trades.csv,high_range_asia_london_alignment_v1,hr_asia_london_align_h13_lq35_aq25_tp06_sl065,7.928800000000047,6.878800000000046,6.178800000000047,1,1,1,0,6.878800000000046,211.28000000000063,140.1299999999992,0.1491472204381693,66.96000000000004,0.2144563918757417,29.849999999999454,34.414499999999954,0.556,-1.0,,,13,2,4.0,2026
2026-04-14 13:00:00+00:00|1.0|hr_asia_london_align_h13_lq35_aq25_tp06_sl065,2026-04-14 13:00:00+00:00,STAGE29A,data/reports/stage29a_high_range_regime_continuation_discovery/stage29a_exact_trades.csv,high_range_asia_london_alignment_v1,hr_asia_london_align_h13_lq35_aq25_tp06_sl065,5.138500000000386,4.088500000000385,3.388500000000386,1,1,1,0,4.088500000000385,114.48000000000047,31.23999999999978,0.3117797695262436,37.72999999999956,0.2793532997614653,17.42999999999938,17.625499999999874,0.02,1.0,,,13,1,4.0,2026
2026-04-20 13:00:00+00:00|1.0|hr_asia_london_align_h13_lq35_aq25_tp06_sl065,2026-04-20 13:00:00+00:00,STAGE29A,data/reports/stage29a_high_range_regime_continuation_discovery/stage29a_exact_trades.csv,high_range_asia_london_alignment_v1,hr_asia_london_align_h13_lq35_aq25_tp06_sl065,-5.516850000000522,-6.566850000000523,-7.266850000000522,0,0,0,1,6.566850000000523,36.82000000000062,77.25,0.15093851132685895,26.13000000000011,0.027171833141983674,14.44000000000051,21.482000000000063,0.576,1.0,,,13,0,4.0,2026
2026-04-21 13:00:00+00:00|-1.0|hr_asia_london_align_h13_lq35_aq25_tp06_sl065,2026-04-21 13:00:00+00:00,STAGE29A,data/reports/stage29a_high_range_regime_continuation_discovery/stage29a_exact_trades.csv,high_range_asia_london_alignment_v1,hr_asia_london_align_h13_lq35_aq25_tp06_sl065,-5.919524999999885,-6.969524999999885,-7.669524999999885,0,0,0,1,6.969524999999885,90.67000000000009,40.39999999999964,0.7566831683168312,25.050000000000185,0.5417165668662519,8.170000000000073,13.963499999999977,0.012,-1.0,,,13,1,4.0,2026
2026-04-23 13:00:00+00:00|-1.0|hr_asia_london_align_h13_lq35_aq25_tp06_sl065,2026-04-23 13:00:00+00:00,STAGE29A,data/reports/stage29a_high_range_regime_continuation_discovery/stage29a_exact_trades.csv,high_range_asia_london_alignment_v1,hr_asia_london_align_h13_lq35_aq25_tp06_sl065,-6.040749999999752,-7.090749999999753,-7.790749999999752,0,0,0,1,7.090749999999753,56.470000000000255,59.63000000000011,0.37078651685392644,31.92999999999938,0.19417475728155145,8.960000000000036,17.336999999999897,0.324,-1.0,,,13,3,4.0,2026
2026-04-30 13:00:00+00:00|1.0|hr_asia_london_align_h13_lq35_aq25_tp06_sl065,2026-04-30 13:00:00+00:00,STAGE29A,data/reports/stage29a_high_range_regime_continuation_discovery/stage29a_exact_trades.csv,high_range_asia_london_alignment_v1,hr_asia_london_align_h13_lq35_aq25_tp06_sl065,5.790999999999622,4.740999999999621,4.040999999999622,1,1,1,0,4.740999999999621,99.84999999999944,43.11000000000058,0.09255393180235973,91.03999999999996,0.7621924428822534,17.480000000000473,19.930999999999766,0.688,1.0,,,13,3,4.0,2026
2026-05-04 13:00:00+00:00|-1.0|hr_asia_london_align_h13_lq35_aq25_tp06_sl065,2026-05-04 13:00:00+00:00,STAGE29A,data/reports/stage29a_high_range_regime_continuation_discovery/stage29a_exact_trades.csv,high_range_asia_london_alignment_v1,hr_asia_london_align_h13_lq35_aq25_tp06_sl065,-6.707324999999946,-7.757324999999946,-8.457324999999946,0,0,0,1,7.757324999999946,16.889999999999418,38.17999999999938,0.09979046621266507,42.73999999999978,0.9333177351427359,11.859999999999673,16.141499999999816,0.296,-1.0,,,13,0,5.0,2026
2026-05-07 13:00:00+00:00|1.0|hr_asia_london_align_h13_lq35_aq25_tp06_sl065,2026-05-07 13:00:00+00:00,STAGE29A,data/reports/stage29a_high_range_regime_continuation_discovery/stage29a_exact_trades.csv,high_range_asia_london_alignment_v1,hr_asia_london_align_h13_lq35_aq25_tp06_sl065,-7.344649999999637,-8.394649999999638,-9.094649999999636,0,0,0,1,8.394649999999638,176.60000000000036,35.909999999999854,0.12252854358116552,61.06999999999971,0.48747339119043176,17.550000000000182,16.67999999999997,0.26,1.0,,,13,3,5.0,2026
2026-05-27 13:00:00+00:00|-1.0|hr_asia_london_align_h13_lq35_aq25_tp06_sl065,2026-05-27 13:00:00+00:00,STAGE29A,data/reports/stage29a_high_range_regime_continuation_discovery/stage29a_exact_trades.csv,high_range_asia_london_alignment_v1,hr_asia_london_align_h13_lq35_aq25_tp06_sl065,4.401699999999801,3.3516999999998007,2.651699999999801,1,1,1,0,3.3516999999998007,97.72000000000024,31.00999999999931,0.44953240890035184,41.44000000000051,0.16674710424709868,10.69000000000051,15.516500000000041,0.192,-1.0,,,13,2,5.0,2026
2026-06-08 13:00:00+00:00|-1.0|hr_asia_london_align_h13_lq35_aq25_tp06_sl065,2026-06-08 13:00:00+00:00,STAGE29A,data/reports/stage29a_high_range_regime_continuation_discovery/stage29a_exact_trades.csv,high_range_asia_london_alignment_v1,hr_asia_london_align_h13_lq35_aq25_tp06_sl065,7.230700000000434,6.180700000000433,5.480700000000434,1,1,1,0,6.180700000000433,20.30999999999949,53.06999999999971,0.010363670623690887,52.9399999999996,0.42595391008688027,28.890000000000327,23.318500000000085,0.944,-1.0,,,13,0,6.0,2026
2026-06-10 13:00:00+00:00|-1.0|hr_asia_london_align_h13_lq35_aq25_tp06_sl065,2026-06-10 13:00:00+00:00,STAGE29A,data/reports/stage29a_high_range_regime_continuation_discovery/stage29a_exact_trades.csv,high_range_asia_london_alignment_v1,hr_asia_london_align_h13_lq35_aq25_tp06_sl065,-8.285199999999895,-9.335199999999896,-10.035199999999897,0,0,0,1,9.335199999999896,126.54999999999929,84.05999999999949,0.8455864858434494,60.32999999999993,0.2671970827117505,16.359999999999673,26.670499999999993,0.992,-1.0,,,13,2,6.0,2026
2026-06-11 13:00:00+00:00|1.0|hr_asia_london_align_h13_lq35_aq25_tp06_sl065,2026-06-11 13:00:00+00:00,STAGE29A,data/reports/stage29a_high_range_regime_continuation_discovery/stage29a_exact_trades.csv,high_range_asia_london_alignment_v1,hr_asia_london_align_h13_lq35_aq25_tp06_sl065,-7.14509999999982,-8.19509999999982,-8.89509999999982,0,0,0,1,8.19509999999982,190.30999999999997,94.00999999999976,0.021380704180408716,42.4399999999996,0.4429783223374153,18.849999999999454,31.769499999999972,0.968,1.0,,,13,3,6.0,2026
2022-07-26 13:00:00+00:00|-1.0|hr_london_follow_h13_lq35_pq10_c01_tp06_sl065,2022-07-26 13:00:00+00:00,STAGE29A,data/reports/stage29a_high_range_regime_continuation_discovery/stage29a_exact_trades.csv,high_range_london_continuation_v1,hr_london_follow_h13_lq35_pq10_c01_tp06_sl065,-1.494974999999931,-2.544974999999931,-3.244974999999931,0,0,0,0,2.544974999999931,21.46000000000004,10.149999999999864,0.5320197044335137,8.980000000000018,0.4432071269487762,5.529999999999973,3.3735000000000013,0.132,-1.0,,,13,1,7.0,2022
2022-07-27 13:00:00+00:00|1.0|hr_london_follow_h13_lq35_pq10_c01_tp06_sl065,2022-07-27 13:00:00+00:00,STAGE29A,data/reports/stage29a_high_range_regime_continuation_discovery/stage29a_exact_trades.csv,high_range_london_continuation_v1,hr_london_follow_h13_lq35_pq10_c01_tp06_sl065,0.7734999999999218,-0.2765000000000781,-0.976500000000078,0,0,0,0,0.2765000000000781,14.579999999999927,4.2999999999999545,0.34883720930232925,11.460000000000036,0.47382198952878,3.0800000000001546,3.018999999999983,0.036,1.0,,,13,2,7.0,2022
2022-08-09 13:00:00+00:00|1.0|hr_london_follow_h13_lq35_pq10_c01_tp06_sl065,2022-08-09 13:00:00+00:00,STAGE29A,data/reports/stage29a_high_range_regime_continuation_discovery/stage29a_exact_trades.csv,high_range_london_continuation_v1,hr_london_follow_h13_lq35_pq10_c01_tp06_sl065,-1.7539999999999965,-2.8039999999999963,-3.503999999999996,0,0,0,0,2.8039999999999963,19.449999999999815,7.440000000000055,0.3360215053763416,9.8599999999999,0.5324543610547722,3.9600000000000364,3.273000000000002,0.064,1.0,,,13,1,8.0,2022
2022-08-18 13:00:00+00:00|1.0|hr_london_follow_h13_lq35_pq10_c01_tp06_sl065,2022-08-18 13:00:00+00:00,STAGE29A,data/reports/stage29a_high_range_regime_continuation_discovery/stage29a_exact_trades.csv,high_range_london_continuation_v1,hr_london_follow_h13_lq35_pq10_c01_tp06_sl065,-1.3373499999998786,-2.3873499999998784,-3.087349999999878,0,0,0,0,2.3873499999998784,22.449999999999815,5.760000000000218,0.032986111111119334,8.139999999999873,0.7960687960688108,3.6799999999998363,3.254999999999984,0.184,1.0,,,13,3,8.0,2022
2022-08-26 13:00:00+00:00|-1.0|hr_london_follow_h13_lq35_pq10_c01_tp06_sl065,2022-08-26 13:00:00+00:00,STAGE29A,data/reports/stage29a_high_range_regime_continuation_discovery/stage29a_exact_trades.csv,high_range_london_continuation_v1,hr_london_follow_h13_lq35_pq10_c01_tp06_sl065,-1.6032000000001063,-2.653200000000106,-3.353200000000106,0,0,0,0,2.653200000000106,15.519999999999982,6.579999999999927,0.03647416413374039,9.5,0.804210526315776,3.2200000000000273,2.849499999999955,0.044,-1.0,,,13,4,8.0,2022
2022-08-30 13:00:00+00:00|-1.0|hr_london_follow_h13_lq35_pq10_c01_tp06_sl065,2022-08-30 13:00:00+00:00,STAGE29A,data/reports/stage29a_high_range_regime_continuation_discovery/stage29a_exact_trades.csv,high_range_london_continuation_v1,hr_london_follow_h13_lq35_pq10_c01_tp06_sl065,-1.7689499999999954,-2.818949999999995,-3.518949999999995,0,0,0,0,2.818949999999995,25.17999999999984,6.619999999999891,0.38670694864051586,8.840000000000146,0.07352941176468925,3.310000000000173,3.280000000000007,0.292,-1.0,,,13,1,8.0,2022
2022-09-09 13:00:00+00:00|1.0|hr_london_follow_h13_lq35_pq10_c01_tp06_sl065,2022-09-09 13:00:00+00:00,STAGE29A,data/reports/stage29a_high_range_regime_continuation_discovery/stage29a_exact_trades.csv,high_range_london_continuation_v1,hr_london_follow_h13_lq35_pq10_c01_tp06_sl065,0.9864999999998872,-0.0635000000001126,-0.7635000000001124,0,0,0,0,0.0635000000001126,24.13000000000011,12.230000000000018,0.821749795584623,11.269999999999982,0.7080745341614935,3.6900000000000546,3.5004999999999997,0.264,1.0,,,13,4,9.0,2022
2022-09-16 13:00:00+00:00|-1.0|hr_london_follow_h13_lq35_pq10_c01_tp06_sl065,2022-09-16 13:00:00+00:00,STAGE29A,data/reports/stage29a_high_range_regime_continuation_discovery/stage29a_exact_trades.csv,high_range_london_continuation_v1,hr_london_follow_h13_lq35_pq10_c01_tp06_sl065,-1.979875000000084,-3.029875000000084,-3.7298750000000833,0,0,0,0,3.029875000000084,37.89999999999986,6.4500000000000455,0.26976744186046464,12.11999999999989,0.3902640264026453,7.3599999999999,5.310999999999979,0.928,-1.0,,,13,4,9.0,2022
2022-09-19 13:00:00+00:00|-1.0|hr_london_follow_h13_lq35_pq10_c01_tp06_sl065,2022-09-19 13:00:00+00:00,STAGE29A,data/reports/stage29a_high_range_regime_continuation_discovery/stage29a_exact_trades.csv,high_range_london_continuation_v1,hr_london_follow_h13_lq35_pq10_c01_tp06_sl065,-1.8128250000000663,-2.862825000000066,-3.562825000000066,0,0,0,0,2.862825000000066,4.819999999999936,11.710000000000036,0.7856532877882166,10.049999999999956,0.5353233830845677,2.759999999999991,4.4565000000000055,0.692,-1.0,,,13,0,9.0,2022
2022-09-20 13:00:00+00:00|-1.0|hr_london_follow_h13_lq35_pq10_c01_tp06_sl065,2022-09-20 13:00:00+00:00,STAGE29A,data/reports/stage29a_high_range_regime_continuation_discovery/stage29a_exact_trades.csv,high_range_london_continuation_v1,hr_london_follow_h13_lq35_pq10_c01_tp06_sl065,-1.6984249999999066,-2.7484249999999064,-3.448424999999906,0,0,0,0,2.7484249999999064,20.230000000000015,6.029999999999973,0.2338308457711212,10.629999999999882,0.8701787394167547,3.6799999999998363,3.3575000000000044,0.092,-1.0,,,13,1,9.0,2022
2022-09-21 13:00:00+00:00|1.0|hr_london_follow_h13_lq35_pq10_c01_tp06_sl065,2022-09-21 13:00:00+00:00,STAGE29A,data/reports/stage29a_high_range_regime_continuation_discovery/stage29a_exact_trades.csv,high_range_london_continuation_v1,hr_london_follow_h13_lq35_pq10_c01_tp06_sl065,-1.8778250000001209,-2.9278250000001207,-3.62782500000012,0,0,0,0,2.9278250000001207,19.49000000000001,4.599999999999909,0.31304347826083817,14.440000000000056,0.6606648199445934,3.990000000000009,3.2250000000000227,0.048,1.0,,,13,2,9.0,2022
2022-09-23 13:00:00+00:00|-1.0|hr_london_follow_h13_lq35_pq10_c01_tp06_sl065,2022-09-23 13:00:00+00:00,STAGE29A,data/reports/stage29a_high_range_regime_continuation_discovery/stage29a_exact_trades.csv,high_range_london_continuation_v1,hr_london_follow_h13_lq35_pq10_c01_tp06_sl065,1.2669999999999615,0.2169999999999619,-0.4830000000000378,1,0,1,0,0.2169999999999619,29.309999999999945,7.279999999999973,0.2967032967033091,21.38000000000011,0.5673526660430225,10.400000000000091,3.988000000000011,0.42,-1.0,,,13,4,9.0,2022
2022-09-27 13:00:00+00:00|1.0|hr_london_follow_h13_lq35_pq10_c01_tp06_sl065,2022-09-27 13:00:00+00:00,STAGE29A,data/reports/stage29a_high_range_regime_continuation_discovery/stage29a_exact_trades.csv,high_range_london_continuation_v1,hr_london_follow_h13_lq35_pq10_c01_tp06_sl065,-1.988650000000098,-3.0386500000000978,-3.7386500000000975,0,0,0,0,3.0386500000000978,28.61999999999989,10.209999999999807,0.36924583741430483,9.63000000000011,0.1921079958463256,4.690000000000055,4.840999999999974,0.476,1.0,,,13,1,9.0,2022
2022-10-05 13:00:00+00:00|-1.0|hr_london_follow_h13_lq35_pq10_c01_tp06_sl065,2022-10-05 13:00:00+00:00,STAGE29A,data/reports/stage29a_high_range_regime_continuation_discovery/stage29a_exact_trades.csv,high_range_london_continuation_v1,hr_london_follow_h13_lq35_pq10_c01_tp06_sl065,-2.4095249999998942,-3.459524999999894,-4.159524999999894,0,0,0,1,3.459524999999894,34.200000000000045,8.230000000000018,0.7095990279465255,21.699999999999815,0.5949308755760456,9.069999999999936,5.20849999999997,0.464,-1.0,,,13,2,10.0,2022
2022-10-10 13:00:00+00:00|-1.0|hr_london_follow_h13_lq35_pq10_c01_tp06_sl065,2022-10-10 13:00:00+00:00,STAGE29A,data/reports/stage29a_high_range_regime_continuation_discovery/stage29a_exact_trades.csv,high_range_london_continuation_v1,hr_london_follow_h13_lq35_pq10_c01_tp06_sl065,1.298200000000088,0.2482000000000881,-0.4517999999999116,1,0,1,0,0.2482000000000881,4.789999999999964,12.700000000000044,0.6787401574803039,11.519999999999982,0.7282986111111209,6.5,4.689999999999964,0.344,-1.0,,,13,0,10.0,2022
2022-10-12 13:00:00+00:00|1.0|hr_london_follow_h13_lq35_pq10_c01_tp06_sl065,2022-10-12 13:00:00+00:00,STAGE29A,data/reports/stage29a_high_range_regime_continuation_discovery/stage29a_exact_trades.csv,high_range_london_continuation_v1,hr_london_follow_h13_lq35_pq10_c01_tp06_sl065,-2.074449999999933,-3.1244499999999333,-3.824449999999933,0,0,0,1,3.1244499999999333,22.8900000000001,5.490000000000009,0.14207650273223524,10.549999999999956,0.45118483412322385,4.449999999999818,5.134500000000003,0.58,1.0,,,13,2,10.0,2022
2022-10-13 13:00:00+00:00|1.0|hr_london_follow_h13_lq35_pq10_c01_tp06_sl065,2022-10-13 13:00:00+00:00,STAGE29A,data/reports/stage29a_high_range_regime_continuation_discovery/stage29a_exact_trades.csv,high_range_london_continuation_v1,hr_london_follow_h13_lq35_pq10_c01_tp06_sl065,-1.6145749999999226,-2.6645749999999224,-3.364574999999922,0,0,0,0,2.6645749999999224,16.950000000000045,6.440000000000055,0.669254658385079,10.8900000000001,0.5096418732782281,3.4700000000000273,3.1000000000000454,0.004,1.0,,,13,3,10.0,2022
2022-10-14 13:00:00+00:00|-1.0|hr_london_follow_h13_lq35_pq10_c01_tp06_sl065,2022-10-14 13:00:00+00:00,STAGE29A,data/reports/stage29a_high_range_regime_continuation_discovery/stage29a_exact_trades.csv,high_range_london_continuation_v1,hr_london_follow_h13_lq35_pq10_c01_tp06_sl065,-2.245399999999881,-3.2953999999998813,-3.995399999999881,0,0,0,1,3.2953999999998813,40.01999999999998,11.259999999999993,0.3028419182948565,21.539999999999964,0.7000928505106861,10.539999999999964,5.641999999999996,0.76,-1.0,,,13,4,10.0,2022
2022-10-19 13:00:00+00:00|-1.0|hr_london_follow_h13_lq35_pq10_c01_tp06_sl065,2022-10-19 13:00:00+00:00,STAGE29A,data/reports/stage29a_high_range_regime_continuation_discovery/stage29a_exact_trades.csv,high_range_london_continuation_v1,hr_london_follow_h13_lq35_pq10_c01_tp06_sl065,-2.060800000000063,-3.110800000000063,-3.810800000000063,0,0,0,1,3.110800000000063,15.049999999999956,5.379999999999882,0.6189591078067338,11.819999999999936,0.6142131979695457,3.0499999999999545,3.871999999999969,0.1,-1.0,,,13,2,10.0,2022
2022-10-24 13:00:00+00:00|-1.0|hr_london_follow_h13_lq35_pq10_c01_tp06_sl065,2022-10-24 13:00:00+00:00,STAGE29A,data/reports/stage29a_high_range_regime_continuation_discovery/stage29a_exact_trades.csv,high_range_london_continuation_v1,hr_london_follow_h13_lq35_pq10_c01_tp06_sl065,1.3003000000000156,0.2503000000000157,-0.449699999999984,1,0,1,0,0.2503000000000157,5.759999999999991,18.470000000000027,0.2793719545208363,14.289999999999964,0.33519944016794795,4.5499999999999545,6.571999999999991,0.896,-1.0,,,13,0,10.0,2022
2022-10-25 13:00:00+00:00|-1.0|hr_london_follow_h13_lq35_pq10_c01_tp06_sl065,2022-10-25 13:00:00+00:00,STAGE29A,data/reports/stage29a_high_range_regime_continuation_discovery/stage29a_exact_trades.csv,high_range_london_continuation_v1,hr_london_follow_h13_lq35_pq10_c01_tp06_sl065,-1.7088250000000245,-2.7588250000000243,-3.458825000000024,0,0,0,0,2.7588250000000243,26.539999999999964,7.680000000000064,0.032552083333333065,13.129999999999882,0.885757806549902,4.970000000000027,3.6740000000000235,0.06,-1.0,,,13,1,10.0,2022
2022-10-28 13:00:00+00:00|-1.0|hr_london_follow_h13_lq35_pq10_c01_tp06_sl065,2022-10-28 13:00:00+00:00,STAGE29A,data/reports/stage29a_high_range_regime_continuation_discovery/stage29a_exact_trades.csv,high_range_london_continuation_v1,hr_london_follow_h13_lq35_pq10_c01_tp06_sl065,1.1655999999999491,0.1155999999999495,-0.5844000000000502,1,0,0,0,0.1155999999999495,15.939999999999827,6.419999999999845,0.39408099688474046,18.899999999999864,0.7962962962962996,4.789999999999964,4.1019999999999985,0.232,-1.0,,,13,4,10.0,2022
2022-11-01 13:00:00+00:00|1.0|hr_london_follow_h13_lq35_pq10_c01_tp06_sl065,2022-11-01 13:00:00+00:00,STAGE29A,data/reports/stage29a_high_range_regime_continuation_discovery/stage29a_exact_trades.csv,high_range_london_continuation_v1,hr_london_follow_h13_lq35_pq10_c01_tp06_sl065,-1.973375000000124,-3.023375000000124,-3.7233750000001233,0,0,0,0,3.023375000000124,13.779999999999973,9.440000000000056,0.5889830508474484,15.150000000000093,0.8686468646864538,2.990000000000009,3.5405000000000313,0.048,1.0,,,13,1,11.0,2022
2022-11-03 13:00:00+00:00|-1.0|hr_london_follow_h13_lq35_pq10_c01_tp06_sl065,2022-11-03 13:00:00+00:00,STAGE29A,data/reports/stage29a_high_range_regime_continuation_discovery/stage29a_exact_trades.csv,high_range_london_continuation_v1,hr_london_follow_h13_lq35_pq10_c01_tp06_sl065,1.2013000000000829,0.151300000000083,-0.5486999999999167,1,0,0,0,0.151300000000083,37.6099999999999,9.11999999999989,0.2971491228070251,18.699999999999815,0.8711229946524129,4.6099999999999,5.437499999999955,0.888,-1.0,,,13,3,11.0,2022
2022-11-04 13:00:00+00:00|1.0|hr_london_follow_h13_lq35_pq10_c01_tp06_sl065,2022-11-04 13:00:00+00:00,STAGE29A,data/reports/stage29a_high_range_regime_continuation_discovery/stage29a_exact_trades.csv,high_range_london_continuation_v1,hr_london_follow_h13_lq35_pq10_c01_tp06_sl065,-2.095574999999917,-3.145574999999917,-3.8455749999999167,0,0,0,1,3.145574999999917,24.37999999999988,18.419999999999845,0.9799131378935997,8.700000000000045,0.3218390804597632,6.6099999999999,3.9944999999999937,0.284,1.0,,,13,4,11.0,2022
2022-11-09 13:00:00+00:00|1.0|hr_london_follow_h13_lq35_pq10_c01_tp06_sl065,2022-11-09 13:00:00+00:00,STAGE29A,data/reports/stage29a_high_range_regime_continuation_discovery/stage29a_exact_trades.csv,high_range_london_continuation_v1,hr_london_follow_h13_lq35_pq10_c01_tp06_sl065,-1.893100000000095,-2.943100000000095,-3.643100000000095,0,0,0,0,2.943100000000095,52.25,6.430000000000064,0.4790046656298793,11.860000000000127,0.023608768971329654,5.019999999999982,5.360500000000013,0.864,1.0,,,13,2,11.0,2022
2022-11-14 13:00:00+00:00|-1.0|hr_london_follow_h13_lq35_pq10_c01_tp06_sl065,2022-11-14 13:00:00+00:00,STAGE29A,data/reports/stage29a_high_range_regime_continuation_discovery/stage29a_exact_trades.csv,high_range_london_continuation_v1,hr_london_follow_h13_lq35_pq10_c01_tp06_sl065,-2.062099999999964,-3.112099999999964,-3.812099999999964,0,0,0,1,3.112099999999964,5.449999999999818,7.4099999999998545,0.29689608636975184,11.839999999999918,0.317567567567569,3.939999999999827,4.200499999999988,0.328,-1.0,,,13,0,11.0,2022
2022-11-28 13:00:00+00:00|1.0|hr_london_follow_h13_lq35_pq10_c01_tp06_sl065,2022-11-28 13:00:00+00:00,STAGE29A,data/reports/stage29a_high_range_regime_continuation_discovery/stage29a_exact_trades.csv,high_range_london_continuation_v1,hr_london_follow_h13_lq35_pq10_c01_tp06_sl065,-1.873924999999963,-2.923924999999963,-3.6239249999999625,0,0,0,0,2.923924999999963,5.539999999999964,9.789999999999964,0.06230847803880513,15.220000000000027,0.6005256241787177,3.259999999999991,4.301499999999976,0.632,1.0,,,13,0,11.0,2022
2022-11-30 13:00:00+00:00|1.0|hr_london_follow_h13_lq35_pq10_c01_tp06_sl065,2022-11-30 13:00:00+00:00,STAGE29A,data/reports/stage29a_high_range_regime_continuation_discovery/stage29a_exact_trades.csv,high_range_london_continuation_v1,hr_london_follow_h13_lq35_pq10_c01_tp06_sl065,0.7779999999999291,-0.2720000000000708,-0.9720000000000706,0,0,0,0,0.2720000000000708,19.48999999999978,7.899999999999864,0.6734177215190197,10.210000000000036,0.4338883447600216,4.7000000000000455,3.161500000000001,0.132,1.0,,,13,2,11.0,2022
2022-12-09 13:00:00+00:00|-1.0|hr_london_follow_h13_lq35_pq10_c01_tp06_sl065,2022-12-09 13:00:00+00:00,STAGE29A,data/reports/stage29a_high_range_regime_continuation_discovery/stage29a_exact_trades.csv,high_range_london_continuation_v1,hr_london_follow_h13_lq35_pq10_c01_tp06_sl065,-1.5505500000000212,-2.600550000000021,-3.3005500000000207,0,0,0,0,2.600550000000021,13.490000000000007,8.980000000000018,0.8006681514476406,8.789999999999964,0.2229806598407073,2.1400000000001,3.091500000000019,0.08,-1.0,,,13,4,12.0,2022
2022-12-16 13:00:00+00:00|1.0|hr_london_follow_h13_lq35_pq10_c01_tp06_sl065,2022-12-16 13:00:00+00:00,STAGE29A,data/reports/stage29a_high_range_regime_continuation_discovery/stage29a_exact_trades.csv,high_range_london_continuation_v1,hr_london_follow_h13_lq35_pq10_c01_tp06_sl065,-1.989949999999999,-3.039949999999999,-3.739949999999999,0,0,0,0,3.039949999999999,34.799999999999955,8.639999999999873,0.2685185185185414,10.599999999999907,0.1849056603773635,3.9300000000000637,3.8604999999999903,0.368,1.0,,,13,4,12.0,2022
2022-12-30 13:00:00+00:00|1.0|hr_london_follow_h13_lq35_pq10_c01_tp06_sl065,2022-12-30 13:00:00+00:00,STAGE29A,data/reports/stage29a_high_range_regime_continuation_discovery/stage29a_exact_trades.csv,high_range_london_continuation_v1,hr_london_follow_h13_lq35_pq10_c01_tp06_sl065,0.7038999999998851,-0.3461000000001148,-1.0461000000001146,0,0,0,0,0.3461000000001148,16.450000000000045,5.330000000000155,0.13320825515947762,8.910000000000082,0.043771043771029076,3.2999999999999545,2.982000000000005,0.04,1.0,,,13,4,12.0,2022
2023-01-03 13:00:00+00:00|-1.0|hr_london_follow_h13_lq35_pq10_c01_tp06_sl065,2023-01-03 13:00:00+00:00,STAGE29A,data/reports/stage29a_high_range_regime_continuation_discovery/stage29a_exact_trades.csv,high_range_london_continuation_v1,hr_london_follow_h13_lq35_pq10_c01_tp06_sl065,-2.4816750000000867,-3.5316750000000865,-4.231675000000086,0,0,0,1,3.5316750000000865,6.660000000000082,19.40000000000009,0.5649484536082466,16.24000000000001,0.3663793103448302,5.650000000000091,5.305000000000007,0.964,-1.0,,,13,1,1.0,2023
2023-01-04 13:00:00+00:00|1.0|hr_london_follow_h13_lq35_pq10_c01_tp06_sl065,2023-01-04 13:00:00+00:00,STAGE29A,data/reports/stage29a_high_range_regime_continuation_discovery/stage29a_exact_trades.csv,high_range_london_continuation_v1,hr_london_follow_h13_lq35_pq10_c01_tp06_sl065,-2.2271999999999026,-3.2771999999999024,-3.977199999999902,0,0,0,1,3.2771999999999024,26.21000000000004,12.019999999999982,0.8460898502495914,20.41000000000008,0.5982361587457122,3.9200000000000728,4.726000000000011,0.76,1.0,,,13,2,1.0,2023
2023-01-18 13:00:00+00:00|1.0|hr_london_follow_h13_lq35_pq10_c01_tp06_sl065,2023-01-18 13:00:00+00:00,STAGE29A,data/reports/stage29a_high_range_regime_continuation_discovery/stage29a_exact_trades.csv,high_range_london_continuation_v1,hr_london_follow_h13_lq35_pq10_c01_tp06_sl065,1.1572000000000116,0.1072000000000117,-0.592799999999988,1,0,0,0,0.1072000000000117,15.2800000000002,13.089999999999918,0.7097020626432408,19.33999999999992,0.7699069286453032,3.7200000000000273,4.592999999999972,0.476,1.0,,,13,2,1.0,2023
2023-01-19 13:00:00+00:00|-1.0|hr_london_follow_h13_lq35_pq10_c01_tp06_sl065,2023-01-19 13:00:00+00:00,STAGE29A,data/reports/stage29a_high_range_regime_continuation_discovery/stage29a_exact_trades.csv,high_range_london_continuation_v1,hr_london_follow_h13_lq35_pq10_c01_tp06_sl065,0.9829000000001088,-0.0670999999998911,-0.7670999999998909,0,0,0,0,0.0670999999998911,29.269999999999985,9.970000000000027,0.29388164493481,10.379999999999882,0.023121387283238135,3.800000000000182,4.57049999999997,0.464,-1.0,,,13,3,1.0,2023
2023-01-26 13:00:00+00:00|-1.0|hr_london_follow_h13_lq35_pq10_c01_tp06_sl065,2023-01-26 13:00:00+00:00,STAGE29A,data/reports/stage29a_high_range_regime_continuation_discovery/stage29a_exact_trades.csv,high_range_london_continuation_v1,hr_london_follow_h13_lq35_pq10_c01_tp06_sl065,1.187800000000061,0.1378000000000612,-0.5621999999999385,1,0,0,0,0.1378000000000612,28.65999999999985,6.610000000000127,0.2632375189107376,15.129999999999882,0.6549900859220198,2.0299999999999727,4.674000000000001,0.468,-1.0,,,13,3,1.0,2023
2023-01-31 13:00:00+00:00|-1.0|hr_london_follow_h13_lq35_pq10_c01_tp06_sl065,2023-01-31 13:00:00+00:00,STAGE29A,data/reports/stage29a_high_range_regime_continuation_discovery/stage29a_exact_trades.csv,high_range_london_continuation_v1,hr_london_follow_h13_lq35_pq10_c01_tp06_sl065,1.0702000000000225,0.0202000000000226,-0.6797999999999771,1,0,0,0,0.0202000000000226,13.839999999999918,8.539999999999964,0.2412177985948424,19.180000000000064,0.7987486965589214,3.8500000000001364,3.6990000000000123,0.06,-1.0,,,13,1,1.0,2023
2023-02-03 13:00:00+00:00|-1.0|hr_london_follow_h13_lq35_pq10_c01_tp06_sl065,2023-02-03 13:00:00+00:00,STAGE29A,data/reports/stage29a_high_range_regime_continuation_discovery/stage29a_exact_trades.csv,high_range_london_continuation_v1,hr_london_follow_h13_lq35_pq10_c01_tp06_sl065,-1.986700000000019,-3.036700000000019,-3.7367000000000186,0,0,0,0,3.036700000000019,48.44999999999982,7.269999999999982,0.13480055020633022,8.599999999999909,0.490697674418613,3.8899999999998727,4.705499999999972,0.42,-1.0,,,13,4,2.0,2023
2023-02-06 13:00:00+00:00|-1.0|hr_london_follow_h13_lq35_pq10_c01_tp06_sl065,2023-02-06 13:00:00+00:00,STAGE29A,data/reports/stage29a_high_range_regime_continuation_discovery/stage29a_exact_trades.csv,high_range_london_continuation_v1,hr_london_follow_h13_lq35_pq10_c01_tp06_sl065,1.2588999999999486,0.2088999999999488,-0.4911000000000509,1,0,1,0,0.2088999999999488,10.089999999999918,18.769999999999985,0.6904635055940357,11.180000000000064,0.549194991055462,2.6000000000001364,5.891500000000008,0.792,-1.0,,,13,0,2.0,2023
2023-02-08 13:00:00+00:00|1.0|hr_london_follow_h13_lq35_pq10_c01_tp06_sl065,2023-02-08 13:00:00+00:00,STAGE29A,data/reports/stage29a_high_range_regime_continuation_discovery/stage29a_exact_trades.csv,high_range_london_continuation_v1,hr_london_follow_h13_lq35_pq10_c01_tp06_sl065,1.4019999999999526,0.3519999999999528,-0.3480000000000469,1,0,1,0,0.3519999999999528,19.3599999999999,7.039999999999964,0.6022727272727316,13.2199999999998,0.2798789712556809,7.430000000000064,6.410499999999968,0.864,1.0,,,13,2,2.0,2023
2023-02-15 13:00:00+00:00|-1.0|hr_london_follow_h13_lq35_pq10_c01_tp06_sl065,2023-02-15 13:00:00+00:00,STAGE29A,data/reports/stage29a_high_range_regime_continuation_discovery/stage29a_exact_trades.csv,high_range_london_continuation_v1,hr_london_follow_h13_lq35_pq10_c01_tp06_sl065,-2.3481000000000223,-3.398100000000022,-4.098100000000022,0,0,0,1,3.398100000000022,27.169999999999845,13.559999999999944,0.5243362831858355,16.019999999999982,0.7771535580524381,3.9500000000000455,5.293000000000006,0.48,-1.0,,,13,2,2.0,2023
2023-02-17 13:00:00+00:00|-1.0|hr_london_follow_h13_lq35_pq10_c01_tp06_sl065,2023-02-17 13:00:00+00:00,STAGE29A,data/reports/stage29a_high_range_regime_continuation_discovery/stage29a_exact_trades.csv,high_range_london_continuation_v1,hr_london_follow_h13_lq35_pq10_c01_tp06_sl065,-2.1505000000000565,-3.2005000000000563,-3.900500000000056,0,0,0,1,3.2005000000000563,17.670000000000073,12.660000000000082,0.5979462875197383,9.319999999999936,0.3508583690987129,3.509999999999991,4.853499999999997,0.416,-1.0,,,13,4,2.0,2023
2023-03-03 13:00:00+00:00|1.0|hr_london_follow_h13_lq35_pq10_c01_tp06_sl065,2023-03-03 13:00:00+00:00,STAGE29A,data/reports/stage29a_high_range_regime_continuation_discovery/stage29a_exact_trades.csv,high_range_london_continuation_v1,hr_london_follow_h13_lq35_pq10_c01_tp06_sl065,-1.451425000000063,-2.501425000000063,-3.2014250000000626,0,0,0,0,2.501425000000063,8.949999999999818,6.009999999999991,0.09816971713812753,9.990000000000007,0.8508508508508501,2.650000000000091,2.942999999999995,0.076,1.0,,,13,4,3.0,2023
2023-03-10 13:00:00+00:00|1.0|hr_london_follow_h13_lq35_pq10_c01_tp06_sl065,2023-03-10 13:00:00+00:00,STAGE29A,data/reports/stage29a_high_range_regime_continuation_discovery/stage29a_exact_trades.csv,high_range_london_continuation_v1,hr_london_follow_h13_lq35_pq10_c01_tp06_sl065,-1.8245250000000848,-2.874525000000085,-3.5745250000000848,0,0,0,0,2.874525000000085,23.67999999999984,7.129999999999882,0.25385694249649027,8.730000000000018,0.345933562428405,4.080000000000155,3.894500000000039,0.76,1.0,,,13,4,3.0,2023
2023-03-14 13:00:00+00:00|-1.0|hr_london_follow_h13_lq35_pq10_c01_tp06_sl065,2023-03-14 13:00:00+00:00,STAGE29A,data/reports/stage29a_high_range_regime_continuation_discovery/stage29a_exact_trades.csv,high_range_london_continuation_v1,hr_london_follow_h13_lq35_pq10_c01_tp06_sl065,-2.383200000000079,-3.433200000000079,-4.133200000000079,0,0,0,1,3.433200000000079,43.12999999999988,12.549999999999956,0.7274900398406307,12.61999999999989,0.03328050713152528,3.769999999999982,5.18850000000001,0.828,-1.0,,,13,1,3.0,2023
2023-03-16 13:00:00+00:00|1.0|hr_london_follow_h13_lq35_pq10_c01_tp06_sl065,2023-03-16 13:00:00+00:00,STAGE29A,data/reports/stage29a_high_range_regime_continuation_discovery/stage29a_exact_trades.csv,high_range_london_continuation_v1,hr_london_follow_h13_lq35_pq10_c01_tp06_sl065,-2.4514500000001136,-3.5014500000001134,-4.201450000000113,0,0,0,1,3.5014500000001134,51.57999999999993,16.930000000000064,0.24453632604843972,10.720000000000027,0.868470149253724,4.350000000000136,6.749499999999989,0.788,1.0,,,13,3,3.0,2023
2023-03-20 13:00:00+00:00|1.0|hr_london_follow_h13_lq35_pq10_c01_tp06_sl065,2023-03-20 13:00:00+00:00,STAGE29A,data/reports/stage29a_high_range_regime_continuation_discovery/stage29a_exact_trades.csv,high_range_london_continuation_v1,hr_london_follow_h13_lq35_pq10_c01_tp06_sl065,3.648699999999872,2.598699999999872,1.898699999999872,1,1,1,0,2.598699999999872,15.549999999999956,22.420000000000076,0.4214986619090105,35.87000000000012,0.16085865625871099,14.710000000000036,10.59599999999997,0.992,1.0,,,13,0,3.0,2023
2023-03-21 13:00:00+00:00|-1.0|hr_london_follow_h13_lq35_pq10_c01_tp06_sl065,2023-03-21 13:00:00+00:00,STAGE29A,data/reports/stage29a_high_range_regime_continuation_discovery/stage29a_exact_trades.csv,high_range_london_continuation_v1,hr_london_follow_h13_lq35_pq10_c01_tp06_sl065,1.7377000000000409,0.6877000000000408,-0.0122999999999589,1,0,1,0,0.6877000000000408,43.950000000000045,9.779999999999973,0.33742331288343186,20.310000000000173,0.6233382570162357,5.069999999999936,5.340999999999974,0.44,-1.0,,,13,1,3.0,2023
2023-03-23 13:00:00+00:00|-1.0|hr_london_follow_h13_lq35_pq10_c01_tp06_sl065,2023-03-23 13:00:00+00:00,STAGE29A,data/reports/stage29a_high_range_regime_continuation_discovery/stage29a_exact_trades.csv,high_range_london_continuation_v1,hr_london_follow_h13_lq35_pq10_c01_tp06_sl065,-2.520024999999896,-3.570024999999896,-4.270024999999896,0,0,0,1,3.570024999999896,44.49000000000001,13.700000000000044,0.5751824817518143,9.3599999999999,0.01816239316240113,4.4099999999998545,7.595999999999992,0.66,-1.0,,,13,3,3.0,2023
2023-03-27 13:00:00+00:00|-1.0|hr_london_follow_h13_lq35_pq10_c01_tp06_sl065,2023-03-27 13:00:00+00:00,STAGE29A,data/reports/stage29a_high_range_regime_continuation_discovery/stage29a_exact_trades.csv,high_range_london_continuation_v1,hr_london_follow_h13_lq35_pq10_c01_tp06_sl065,-2.491750000000002,-3.5417500000000017,-4.2417500000000015,0,0,0,1,3.5417500000000017,10.569999999999936,10.569999999999936,0.07473982970671413,19.519999999999985,0.9508196721311456,12.740000000000009,6.0490000000000235,0.288,-1.0,,,13,0,3.0,2023
2023-03-30 13:00:00+00:00|1.0|hr_london_follow_h13_lq35_pq10_c01_tp06_sl065,2023-03-30 13:00:00+00:00,STAGE29A,data/reports/stage29a_high_range_regime_continuation_discovery/stage29a_exact_trades.csv,high_range_london_continuation_v1,hr_london_follow_h13_lq35_pq10_c01_tp06_sl065,0.9805000000000292,-0.0694999999999708,-0.7694999999999705,0,0,0,0,0.0694999999999708,15.759999999999993,9.539999999999964,0.4947589098532542,12.559999999999944,0.6162420382165639,1.6600000000000819,4.042999999999973,0.048,1.0,,,13,3,3.0,2023
2023-03-31 13:00:00+00:00|-1.0|hr_london_follow_h13_lq35_pq10_c01_tp06_sl065,2023-03-31 13:00:00+00:00,STAGE29A,data/reports/stage29a_high_range_regime_continuation_discovery/stage29a_exact_trades.csv,high_range_london_continuation_v1,hr_london_follow_h13_lq35_pq10_c01_tp06_sl065,-1.9740250000000743,-3.024025000000074,-3.724025000000074,0,0,0,0,3.024025000000074,28.91000000000008,5.970000000000027,0.3417085427135983,11.840000000000146,0.22972972972972922,5.240000000000009,4.062999999999965,0.096,-1.0,,,13,4,3.0,2023
2023-04-03 13:00:00+00:00|1.0|hr_london_follow_h13_lq35_pq10_c01_tp06_sl065,2023-04-03 13:00:00+00:00,STAGE29A,data/reports/stage29a_high_range_regime_continuation_discovery/stage29a_exact_trades.csv,high_range_london_continuation_v1,hr_london_follow_h13_lq35_pq10_c01_tp06_sl065,-2.0721750000001067,-3.1221750000001065,-3.822175000000106,0,0,0,1,3.1221750000001065,12.190000000000056,22.549999999999955,0.4736141906873652,16.539999999999964,0.8657799274486074,3.9400000000000546,6.254499999999996,0.552,1.0,,,13,0,4.0,2023
2023-04-10 13:00:00+00:00|1.0|hr_london_follow_h13_lq35_pq10_c01_tp06_sl065,2023-04-10 13:00:00+00:00,STAGE29A,data/reports/stage29a_high_range_regime_continuation_discovery/stage29a_exact_trades.csv,high_range_london_continuation_v1,hr_london_follow_h13_lq35_pq10_c01_tp06_sl065,-1.4810000000000856,-2.5310000000000854,-3.231000000000085,0,0,0,0,2.5310000000000854,17.029999999999973,17.65000000000009,0.8271954674220869,12.220000000000027,0.786415711947617,4.930000000000064,5.2620000000000235,0.588,1.0,,,13,0,4.0,2023
2023-04-13 13:00:00+00:00|1.0|hr_london_follow_h13_lq35_pq10_c01_tp06_sl065,2023-04-13 13:00:00+00:00,STAGE29A,data/reports/stage29a_high_range_regime_continuation_discovery/stage29a_exact_trades.csv,high_range_london_continuation_v1,hr_london_follow_h13_lq35_pq10_c01_tp06_sl065,-1.7754499999999551,-2.825449999999955,-3.525449999999955,0,0,0,0,2.825449999999955,27.13000000000011,6.1400000000001,0.3697068403908705,13.950000000000044,0.6566308243727635,2.9199999999998454,4.161999999999978,0.308,1.0,,,13,3,4.0,2023
2023-04-19 13:00:00+00:00|-1.0|hr_london_follow_h13_lq35_pq10_c01_tp06_sl065,2023-04-19 13:00:00+00:00,STAGE29A,data/reports/stage29a_high_range_regime_continuation_discovery/stage29a_exact_trades.csv,high_range_london_continuation_v1,hr_london_follow_h13_lq35_pq10_c01_tp06_sl065,-2.968199999999888,-4.018199999999888,-4.718199999999888,0,0,0,1,4.018199999999888,20.6099999999999,6.189999999999827,0.34087237479809146,31.71000000000004,0.9274676758120481,7.639999999999873,4.9204999999999925,0.476,-1.0,,,13,2,4.0,2023
2023-04-20 13:00:00+00:00|1.0|hr_london_follow_h13_lq35_pq10_c01_tp06_sl065,2023-04-20 13:00:00+00:00,STAGE29A,data/reports/stage29a_high_range_regime_continuation_discovery/stage29a_exact_trades.csv,high_range_london_continuation_v1,hr_london_follow_h13_lq35_pq10_c01_tp06_sl065,1.2103000000000974,0.1603000000000976,-0.5396999999999021,1,0,1,0,0.1603000000000976,38.95999999999981,8.179999999999836,0.20904645476773479,9.779999999999973,0.6932515337423304,7.809999999999945,4.066000000000019,0.2,1.0,,,13,3,4.0,2023
2023-04-25 13:00:00+00:00|-1.0|hr_london_follow_h13_lq35_pq10_c01_tp06_sl065,2023-04-25 13:00:00+00:00,STAGE29A,data/reports/stage29a_high_range_regime_continuation_discovery/stage29a_exact_trades.csv,high_range_london_continuation_v1,hr_london_follow_h13_lq35_pq10_c01_tp06_sl065,1.202500000000009,0.1525000000000091,-0.5474999999999905,1,0,1,0,0.1525000000000091,18.579999999999927,12.269999999999982,0.013039934800332689,10.289999999999964,0.4528668610301359,3.839999999999918,4.624499999999978,0.412,-1.0,,,13,1,4.0,2023
2023-05-05 13:00:00+00:00|-1.0|hr_london_follow_h13_lq35_pq10_c01_tp06_sl065,2023-05-05 13:00:00+00:00,STAGE29A,data/reports/stage29a_high_range_regime_continuation_discovery/stage29a_exact_trades.csv,high_range_london_continuation_v1,hr_london_follow_h13_lq35_pq10_c01_tp06_sl065,-1.6789250000000266,-2.7289250000000265,-3.428925000000026,0,0,0,0,2.7289250000000265,47.87999999999988,7.529999999999973,0.10092961487380694,13.800000000000182,0.8630434782608641,2.900000000000091,4.995000000000016,0.504,-1.0,,,13,4,5.0,2023
2023-05-23 13:00:00+00:00|-1.0|hr_london_follow_h13_lq35_pq10_c01_tp06_sl065,2023-05-23 13:00:00+00:00,STAGE29A,data/reports/stage29a_high_range_regime_continuation_discovery/stage29a_exact_trades.csv,high_range_london_continuation_v1,hr_london_follow_h13_lq35_pq10_c01_tp06_sl065,-1.910649999999896,-2.960649999999896,-3.660649999999896,0,0,0,0,2.960649999999896,13.670000000000073,12.319999999999936,0.6915584415584437,10.339999999999918,0.5483558994197406,4.3900000000001,4.175499999999988,0.504,-1.0,,,13,1,5.0,2023
2023-05-24 13:00:00+00:00|-1.0|hr_london_follow_h13_lq35_pq10_c01_tp06_sl065,2023-05-24 13:00:00+00:00,STAGE29A,data/reports/stage29a_high_range_regime_continuation_discovery/stage29a_exact_trades.csv,high_range_london_continuation_v1,hr_london_follow_h13_lq35_pq10_c01_tp06_sl065,-2.011399999999958,-3.0613999999999577,-3.761399999999957,0,0,0,0,3.0613999999999577,23.449999999999815,4.529999999999973,0.0883002207505223,9.820000000000164,0.036659877800396534,3.199999999999818,3.878999999999985,0.28,-1.0,,,13,2,5.0,2023
2023-05-30 13:00:00+00:00|1.0|hr_london_follow_h13_lq35_pq10_c01_tp06_sl065,2023-05-30 13:00:00+00:00,STAGE29A,data/reports/stage29a_high_range_regime_continuation_discovery/stage29a_exact_trades.csv,high_range_london_continuation_v1,hr_london_follow_h13_lq35_pq10_c01_tp06_sl065,-2.4205749999999626,-3.4705749999999624,-4.170574999999962,0,0,0,1,3.4705749999999624,9.490000000000007,7.379999999999882,0.4878048780488068,21.039999999999964,0.6416349809885943,10.600000000000136,3.56099999999999,0.18,1.0,,,13,1,5.0,2023
2023-06-07 13:00:00+00:00|1.0|hr_london_follow_h13_lq35_pq10_c01_tp06_sl065,2023-06-07 13:00:00+00:00,STAGE29A,data/reports/stage29a_high_range_regime_continuation_discovery/stage29a_exact_trades.csv,high_range_london_continuation_v1,hr_london_follow_h13_lq35_pq10_c01_tp06_sl065,0.8254000000000815,-0.2245999999999184,-0.9245999999999182,0,0,0,0,0.2245999999999184,11.980000000000018,3.919999999999845,0.08673469387753356,10.009999999999993,0.11288711288712389,3.160000000000082,2.9924999999999953,0.092,1.0,,,13,2,6.0,2023
2023-07-21 13:00:00+00:00|-1.0|hr_london_follow_h13_lq35_pq10_c01_tp06_sl065,2023-07-21 13:00:00+00:00,STAGE29A,data/reports/stage29a_high_range_regime_continuation_discovery/stage29a_exact_trades.csv,high_range_london_continuation_v1,hr_london_follow_h13_lq35_pq10_c01_tp06_sl065,-1.6805500000001303,-2.73055000000013,-3.43055000000013,0,0,0,0,2.73055000000013,22.090000000000146,3.8600000000001273,0.0984455958548884,11.100000000000136,0.5630630630630561,3.5,3.1629999999999994,0.188,-1.0,,,13,4,7.0,2023
2023-08-22 13:00:00+00:00|1.0|hr_london_follow_h13_lq35_pq10_c01_tp06_sl065,2023-08-22 13:00:00+00:00,STAGE29A,data/reports/stage29a_high_range_regime_continuation_discovery/stage29a_exact_trades.csv,high_range_london_continuation_v1,hr_london_follow_h13_lq35_pq10_c01_tp06_sl065,-1.4303000000000794,-2.480300000000079,-3.180300000000079,0,0,0,0,2.480300000000079,14.160000000000082,3.6100000000001273,0.2576177285318645,9.980000000000018,0.6863727454909716,4.329999999999927,2.81700000000003,0.224,1.0,,,13,1,8.0,2023
2023-10-04 13:00:00+00:00|1.0|hr_london_follow_h13_lq35_pq10_c01_tp06_sl065,2023-10-04 13:00:00+00:00,STAGE29A,data/reports/stage29a_high_range_regime_continuation_discovery/stage29a_exact_trades.csv,high_range_london_continuation_v1,hr_london_follow_h13_lq35_pq10_c01_tp06_sl065,-1.540475000000106,-2.5904750000001058,-3.290475000000105,0,0,0,0,2.5904750000001058,18.170000000000076,5.2999999999999545,0.34905660377361364,7.849999999999909,0.1770700636942823,3.1099999999999,3.950000000000023,0.72,1.0,,,13,2,10.0,2023
2023-10-10 13:00:00+00:00|-1.0|hr_london_follow_h13_lq35_pq10_c01_tp06_sl065,2023-10-10 13:00:00+00:00,STAGE29A,data/reports/stage29a_high_range_regime_continuation_discovery/stage29a_exact_trades.csv,high_range_london_continuation_v1,hr_london_follow_h13_lq35_pq10_c01_tp06_sl065,0.7801000000000841,-0.2698999999999159,-0.9698999999999156,0,0,0,0,0.2698999999999159,19.25999999999999,5.050000000000182,0.20792079207919142,7.339999999999918,0.5640326975477038,2.0499999999999545,3.3339999999999916,0.296,-1.0,,,13,1,10.0,2023
2023-10-16 13:00:00+00:00|-1.0|hr_london_follow_h13_lq35_pq10_c01_tp06_sl065,2023-10-16 13:00:00+00:00,STAGE29A,data/reports/stage29a_high_range_regime_continuation_discovery/stage29a_exact_trades.csv,high_range_london_continuation_v1,hr_london_follow_h13_lq35_pq10_c01_tp06_sl065,-1.8950499999999464,-2.9450499999999464,-3.645049999999946,0,0,0,0,2.9450499999999464,9.159999999999854,12.269999999999982,0.35207823960881585,12.190000000000056,0.31501230516816253,5.319999999999936,4.965999999999974,0.86,-1.0,,,13,0,10.0,2023
2023-10-17 13:00:00+00:00|1.0|hr_london_follow_h13_lq35_pq10_c01_tp06_sl065,2023-10-17 13:00:00+00:00,STAGE29A,data/reports/stage29a_high_range_regime_continuation_discovery/stage29a_exact_trades.csv,high_range_london_continuation_v1,hr_london_follow_h13_lq35_pq10_c01_tp06_sl065,-1.5183749999999692,-2.568374999999969,-3.2683749999999687,0,0,0,0,2.568374999999969,22.09999999999991,9.3599999999999,0.22435897435899133,9.639999999999873,0.6390041493775868,4.919999999999845,3.052499999999975,0.132,1.0,,,13,1,10.0,2023
2023-10-20 13:00:00+00:00|1.0|hr_london_follow_h13_lq35_pq10_c01_tp06_sl065,2023-10-20 13:00:00+00:00,STAGE29A,data/reports/stage29a_high_range_regime_continuation_discovery/stage29a_exact_trades.csv,high_range_london_continuation_v1,hr_london_follow_h13_lq35_pq10_c01_tp06_sl065,1.075899999999956,0.025899999999956,-0.6741000000000437,1,0,0,0,0.025899999999956,32.50999999999999,10.069999999999936,0.5233366434955328,11.190000000000056,0.4387846291331395,5.039999999999964,5.7995,0.904,1.0,,,13,4,10.0,2023
2023-10-24 13:00:00+00:00|-1.0|hr_london_follow_h13_lq35_pq10_c01_tp06_sl065,2023-10-24 13:00:00+00:00,STAGE29A,data/reports/stage29a_high_range_regime_continuation_discovery/stage29a_exact_trades.csv,high_range_london_continuation_v1,hr_london_follow_h13_lq35_pq10_c01_tp06_sl065,-1.79462499999986,-2.84462499999986,-3.54462499999986,0,0,0,0,2.84462499999986,21.069999999999936,9.460000000000036,0.40697674418603536,14.259999999999993,0.7180925666199169,7.629999999999882,4.0440000000000165,0.432,-1.0,,,13,1,10.0,2023
2023-10-30 13:00:00+00:00|-1.0|hr_london_follow_h13_lq35_pq10_c01_tp06_sl065,2023-10-30 13:00:00+00:00,STAGE29A,data/reports/stage29a_high_range_regime_continuation_discovery/stage29a_exact_trades.csv,high_range_london_continuation_v1,hr_london_follow_h13_lq35_pq10_c01_tp06_sl065,1.0023999999999886,-0.0476000000000111,-0.7476000000000109,0,0,0,0,0.0476000000000111,9.659999999999854,9.809999999999944,0.11213047910294752,11.6099999999999,0.6089577950043064,3.269999999999982,5.254499999999962,0.596,-1.0,,,13,0,10.0,2023
2023-11-07 13:00:00+00:00|-1.0|hr_london_follow_h13_lq35_pq10_c01_tp06_sl065,2023-11-07 13:00:00+00:00,STAGE29A,data/reports/stage29a_high_range_regime_continuation_discovery/stage29a_exact_trades.csv,high_range_london_continuation_v1,hr_london_follow_h13_lq35_pq10_c01_tp06_sl065,0.7092999999998938,-0.3407000000001061,-1.040700000000106,0,0,0,0,0.3407000000001061,16.519999999999982,7.3599999999999,0.7228260869565538,10.039999999999964,0.5149402390438111,2.5499999999999545,2.810999999999967,0.024,-1.0,,,13,1,11.0,2023
2023-11-21 13:00:00+00:00|-1.0|hr_london_follow_h13_lq35_pq10_c01_tp06_sl065,2023-11-21 13:00:00+00:00,STAGE29A,data/reports/stage29a_high_range_regime_continuation_discovery/stage29a_exact_trades.csv,high_range_london_continuation_v1,hr_london_follow_h13_lq35_pq10_c01_tp06_sl065,-1.6386250000001383,-2.688625000000138,-3.388625000000138,0,0,0,0,2.688625000000138,19.700000000000045,17.019999999999982,0.6404230317273722,10.009999999999993,0.3466533466533497,4.650000000000091,4.1404999999999745,0.8,-1.0,,,13,1,11.0,2023
2023-11-22 13:00:00+00:00|1.0|hr_london_follow_h13_lq35_pq10_c01_tp06_sl065,2023-11-22 13:00:00+00:00,STAGE29A,data/reports/stage29a_high_range_regime_continuation_discovery/stage29a_exact_trades.csv,high_range_london_continuation_v1,hr_london_follow_h13_lq35_pq10_c01_tp06_sl065,-1.6564999999999146,-2.7064999999999144,-3.406499999999914,0,0,0,0,2.7064999999999144,30.34999999999991,4.8599999999999,0.0041152263374449015,9.639999999999873,0.19502074688795712,3.3199999999999363,3.366500000000008,0.196,1.0,,,13,2,11.0,2023
2023-11-30 13:00:00+00:00|-1.0|hr_london_follow_h13_lq35_pq10_c01_tp06_sl065,2023-11-30 13:00:00+00:00,STAGE29A,data/reports/stage29a_high_range_regime_continuation_discovery/stage29a_exact_trades.csv,high_range_london_continuation_v1,hr_london_follow_h13_lq35_pq10_c01_tp06_sl065,-1.6506499999999051,-2.700649999999905,-3.4006499999999047,0,0,0,0,2.700649999999905,16.749999999999773,4.540000000000191,0.0,10.160000000000082,0.6102362204724405,3.759999999999991,3.731000000000063,0.448,-1.0,,,13,3,11.0,2023
2023-12-04 13:00:00+00:00|-1.0|hr_london_follow_h13_lq35_pq10_c01_tp06_sl065,2023-12-04 13:00:00+00:00,STAGE29A,data/reports/stage29a_high_range_regime_continuation_discovery/stage29a_exact_trades.csv,high_range_london_continuation_v1,hr_london_follow_h13_lq35_pq10_c01_tp06_sl065,-3.46220000000003,-4.51220000000003,-5.2122000000000295,0,0,0,1,4.51220000000003,78.03999999999996,78.03999999999996,0.4173500768836517,32.70000000000027,0.5186544342507613,7.0300000000002,17.78850000000002,0.992,-1.0,,,13,0,12.0,2023
2023-12-14 13:00:00+00:00|1.0|hr_london_follow_h13_lq35_pq10_c01_tp06_sl065,2023-12-14 13:00:00+00:00,STAGE29A,data/reports/stage29a_high_range_regime_continuation_discovery/stage29a_exact_trades.csv,high_range_london_continuation_v1,hr_london_follow_h13_lq35_pq10_c01_tp06_sl065,1.3350999999999202,0.2850999999999204,-0.4149000000000793,1,0,1,0,0.2850999999999204,60.16000000000008,14.930000000000064,0.10783657066308729,11.049999999999956,0.25610859728506236,4.3900000000001,7.2600000000000025,0.844,1.0,,,13,3,12.0,2023
2023-12-20 13:00:00+00:00|-1.0|hr_london_follow_h13_lq35_pq10_c01_tp06_sl065,2023-12-20 13:00:00+00:00,STAGE29A,data/reports/stage29a_high_range_regime_continuation_discovery/stage29a_exact_trades.csv,high_range_london_continuation_v1,hr_london_follow_h13_lq35_pq10_c01_tp06_sl065,0.6064000000000306,-0.4435999999999693,-1.143599999999969,0,0,0,0,0.4435999999999693,25.289999999999964,4.960000000000036,0.09072580645162141,7.820000000000164,0.5843989769820768,4.740000000000009,2.918500000000017,0.012,-1.0,,,13,2,12.0,2023
2023-12-22 13:00:00+00:00|1.0|hr_london_follow_h13_lq35_pq10_c01_tp06_sl065,2023-12-22 13:00:00+00:00,STAGE29A,data/reports/stage29a_high_range_regime_continuation_discovery/stage29a_exact_trades.csv,high_range_london_continuation_v1,hr_london_follow_h13_lq35_pq10_c01_tp06_sl065,-1.2843749999998182,-2.334374999999818,-3.0343749999998177,0,0,0,0,2.334374999999818,21.38000000000011,8.6099999999999,0.3716608594657207,10.230000000000018,0.6021505376344377,3.7600000000002183,4.050499999999966,0.436,1.0,,,13,4,12.0,2023
2024-01-03 13:00:00+00:00|-1.0|hr_london_follow_h13_lq35_pq10_c01_tp06_sl065,2024-01-03 13:00:00+00:00,STAGE29A,data/reports/stage29a_high_range_regime_continuation_discovery/stage29a_exact_trades.csv,high_range_london_continuation_v1,hr_london_follow_h13_lq35_pq10_c01_tp06_sl065,-1.8111999999997352,-2.861199999999735,-3.561199999999735,0,0,0,0,2.861199999999735,22.88000000000011,7.050000000000182,0.7333333333333247,13.200000000000273,0.7446969696969488,4.5,4.033500000000004,0.54,-1.0,,,13,2,1.0,2024
2024-01-05 13:00:00+00:00|-1.0|hr_london_follow_h13_lq35_pq10_c01_tp06_sl065,2024-01-05 13:00:00+00:00,STAGE29A,data/reports/stage29a_high_range_regime_continuation_discovery/stage29a_exact_trades.csv,high_range_london_continuation_v1,hr_london_follow_h13_lq35_pq10_c01_tp06_sl065,-1.550225000000046,-2.6002250000000457,-3.300225000000045,0,0,0,0,2.6002250000000457,14.779999999999744,5.630000000000109,0.05150976909413108,9.599999999999907,0.47187500000000165,2.949999999999818,3.039499999999998,0.04,-1.0,,,13,4,1.0,2024
2024-01-16 13:00:00+00:00|-1.0|hr_london_follow_h13_lq35_pq10_c01_tp06_sl065,2024-01-16 13:00:00+00:00,STAGE29A,data/reports/stage29a_high_range_regime_continuation_discovery/stage29a_exact_trades.csv,high_range_london_continuation_v1,hr_london_follow_h13_lq35_pq10_c01_tp06_sl065,0.9834999999999582,-0.0665000000000417,-0.7665000000000415,0,0,0,0,0.0665000000000417,12.740000000000007,7.170000000000073,0.656903765690375,12.409999999999854,0.6970185334407891,3.1700000000000728,2.9890000000000554,0.068,-1.0,,,13,1,1.0,2024
2024-01-31 13:00:00+00:00|1.0|hr_london_follow_h13_lq35_pq10_c01_tp06_sl065,2024-01-31 13:00:00+00:00,STAGE29A,data/reports/stage29a_high_range_regime_continuation_discovery/stage29a_exact_trades.csv,high_range_london_continuation_v1,hr_london_follow_h13_lq35_pq10_c01_tp06_sl065,-1.3132999999998902,-2.36329999999989,-3.0632999999998898,0,0,0,0,2.36329999999989,19.54000000000019,5.800000000000182,0.32931034482759,7.150000000000091,0.3356643356643441,2.0,3.3815000000000395,0.164,1.0,,,13,2,1.0,2024
2024-02-01 13:00:00+00:00|-1.0|hr_london_follow_h13_lq35_pq10_c01_tp06_sl065,2024-02-01 13:00:00+00:00,STAGE29A,data/reports/stage29a_high_range_regime_continuation_discovery/stage29a_exact_trades.csv,high_range_london_continuation_v1,hr_london_follow_h13_lq35_pq10_c01_tp06_sl065,0.9820000000001072,-0.0679999999998925,-0.7679999999998923,0,0,0,0,0.0679999999998925,25.1400000000001,10.269999999999754,0.559883154819877,15.329999999999927,0.8962818003913943,10.25,4.909499999999957,0.948,-1.0,,,13,3,2.0,2024
2024-02-13 13:00:00+00:00|1.0|hr_london_follow_h13_lq35_pq10_c01_tp06_sl065,2024-02-13 13:00:00+00:00,STAGE29A,data/reports/stage29a_high_range_regime_continuation_discovery/stage29a_exact_trades.csv,high_range_london_continuation_v1,hr_london_follow_h13_lq35_pq10_c01_tp06_sl065,-1.0643499999999677,-2.1143499999999675,-2.8143499999999677,0,0,0,0,2.1143499999999675,15.639999999999873,4.409999999999855,0.04081632653062803,9.190000000000056,0.8476605005440606,1.9500000000000455,2.382499999999993,0.028,1.0,,,13,1,2.0,2024
2024-02-20 13:00:00+00:00|1.0|hr_london_follow_h13_lq35_pq10_c01_tp06_sl065,2024-02-20 13:00:00+00:00,STAGE29A,data/reports/stage29a_high_range_regime_continuation_discovery/stage29a_exact_trades.csv,high_range_london_continuation_v1,hr_london_follow_h13_lq35_pq10_c01_tp06_sl065,0.5467000000000098,-0.5032999999999901,-1.2032999999999898,0,0,0,0,0.5032999999999901,10.980000000000018,4.650000000000091,0.7053763440860508,9.879999999999882,0.6730769230769174,4.079999999999927,2.237500000000023,0.072,1.0,,,13,1,2.0,2024
2024-02-23 13:00:00+00:00|-1.0|hr_london_follow_h13_lq35_pq10_c01_tp06_sl065,2024-02-23 13:00:00+00:00,STAGE29A,data/reports/stage29a_high_range_regime_continuation_discovery/stage29a_exact_trades.csv,high_range_london_continuation_v1,hr_london_follow_h13_lq35_pq10_c01_tp06_sl065,-1.4865249999998924,-2.536524999999892,-3.236524999999892,0,0,0,0,2.536524999999892,15.36999999999989,4.559999999999945,0.2763157894736855,10.110000000000127,0.2908011869435994,6.790000000000191,3.301500000000021,0.74,-1.0,,,13,4,2.0,2024
2024-02-27 13:00:00+00:00|1.0|hr_london_follow_h13_lq35_pq10_c01_tp06_sl065,2024-02-27 13:00:00+00:00,STAGE29A,data/reports/stage29a_high_range_regime_continuation_discovery/stage29a_exact_trades.csv,high_range_london_continuation_v1,hr_london_follow_h13_lq35_pq10_c01_tp06_sl065,-1.1920750000000226,-2.2420750000000225,-2.942075000000022,0,0,0,0,2.2420750000000225,12.009999999999993,4.0499999999999545,0.6246913580246917,6.789999999999964,0.42120765832108137,2.130000000000109,2.2745000000000006,0.088,1.0,,,13,1,2.0,2024
2024-02-28 13:00:00+00:00|-1.0|hr_london_follow_h13_lq35_pq10_c01_tp06_sl065,2024-02-28 13:00:00+00:00,STAGE29A,data/reports/stage29a_high_range_regime_continuation_discovery/stage29a_exact_trades.csv,high_range_london_continuation_v1,hr_london_follow_h13_lq35_pq10_c01_tp06_sl065,-1.1283750000000965,-2.1783750000000963,-2.878375000000096,0,0,0,0,2.1783750000000963,10.730000000000018,4.599999999999909,0.01956521739133637,7.720000000000027,0.3873056994818651,3.1099999999999,2.473999999999978,0.164,-1.0,,,13,2,2.0,2024
2024-03-01 13:00:00+00:00|1.0|hr_london_follow_h13_lq35_pq10_c01_tp06_sl065,2024-03-01 13:00:00+00:00,STAGE29A,data/reports/stage29a_high_range_regime_continuation_discovery/stage29a_exact_trades.csv,high_range_london_continuation_v1,hr_london_follow_h13_lq35_pq10_c01_tp06_sl065,-1.81770000000015,-2.86770000000015,-3.567700000000149,0,0,0,0,2.86770000000015,22.72999999999979,3.960000000000037,0.31565656565656275,16.0300000000002,0.5832813474734743,9.170000000000073,3.109500000000014,0.68,1.0,,,13,4,3.0,2024
2024-03-05 13:00:00+00:00|1.0|hr_london_follow_h13_lq35_pq10_c01_tp06_sl065,2024-03-05 13:00:00+00:00,STAGE29A,data/reports/stage29a_high_range_regime_continuation_discovery/stage29a_exact_trades.csv,high_range_london_continuation_v1,hr_london_follow_h13_lq35_pq10_c01_tp06_sl065,-2.000349999999889,-3.0503499999998893,-3.750349999999889,0,0,0,0,3.0503499999998893,40.370000000000346,6.349999999999909,0.22204724409446847,13.2800000000002,0.5813253012047954,3.880000000000109,4.7870000000000115,0.864,1.0,,,13,1,3.0,2024
2024-03-07 13:00:00+00:00|-1.0|hr_london_follow_h13_lq35_pq10_c01_tp06_sl065,2024-03-07 13:00:00+00:00,STAGE29A,data/reports/stage29a_high_range_regime_continuation_discovery/stage29a_exact_trades.csv,high_range_london_continuation_v1,hr_london_follow_h13_lq35_pq10_c01_tp06_sl065,-1.7604999999999564,-2.8104999999999563,-3.510499999999956,0,0,0,0,2.8104999999999563,28.549999999999727,17.11999999999989,0.6407710280374022,8.299999999999727,0.07108433734936268,2.819999999999709,5.8159999999999625,0.908,-1.0,,,13,3,3.0,2024
2024-03-11 13:00:00+00:00|-1.0|hr_london_follow_h13_lq35_pq10_c01_tp06_sl065,2024-03-11 13:00:00+00:00,STAGE29A,data/reports/stage29a_high_range_regime_continuation_discovery/stage29a_exact_trades.csv,high_range_london_continuation_v1,hr_london_follow_h13_lq35_pq10_c01_tp06_sl065,-1.7413250000000515,-2.791325000000052,-3.4913250000000517,0,0,0,0,2.791325000000052,6.599999999999909,12.099999999999907,0.08595041322313814,7.160000000000309,0.40502793296088907,3.849999999999909,5.740000000000054,0.8,-1.0,,,13,0,3.0,2024
2024-03-18 13:00:00+00:00|1.0|hr_london_follow_h13_lq35_pq10_c01_tp06_sl065,2024-03-18 13:00:00+00:00,STAGE29A,data/reports/stage29a_high_range_regime_continuation_discovery/stage29a_exact_trades.csv,high_range_london_continuation_v1,hr_london_follow_h13_lq35_pq10_c01_tp06_sl065,0.7494999999998072,-0.3005000000001927,-1.0005000000001925,0,0,0,0,0.3005000000001927,5.369999999999891,11.419999999999618,0.6444833625219242,12.349999999999907,0.8858299595141441,3.8899999999998727,3.7884999999999764,0.128,1.0,,,13,0,3.0,2024
2024-03-20 13:00:00+00:00|-1.0|hr_london_follow_h13_lq35_pq10_c01_tp06_sl065,2024-03-20 13:00:00+00:00,STAGE29A,data/reports/stage29a_high_range_regime_continuation_discovery/stage29a_exact_trades.csv,high_range_london_continuation_v1,hr_london_follow_h13_lq35_pq10_c01_tp06_sl065,-1.378949999999895,-2.428949999999895,-3.128949999999895,0,0,0,0,2.428949999999895,15.599999999999907,5.110000000000127,0.031311154598796576,7.079999999999927,0.3587570621468912,2.5099999999997635,2.52349999999999,0.004,-1.0,,,13,2,3.0,2024
2024-03-27 13:00:00+00:00|1.0|hr_london_follow_h13_lq35_pq10_c01_tp06_sl065,2024-03-27 13:00:00+00:00,STAGE29A,data/reports/stage29a_high_range_regime_continuation_discovery/stage29a_exact_trades.csv,high_range_london_continuation_v1,hr_london_follow_h13_lq35_pq10_c01_tp06_sl065,1.5381999999998697,0.4881999999998698,-0.2118000000001298,1,0,1,0,0.4881999999998698,32.46000000000004,8.480000000000018,0.12264150943395771,18.800000000000185,0.8202127659574427,5.809999999999945,4.6720000000000255,0.6,1.0,,,13,2,3.0,2024
2024-04-03 13:00:00+00:00|-1.0|hr_london_follow_h13_lq35_pq10_c01_tp06_sl065,2024-04-03 13:00:00+00:00,STAGE29A,data/reports/stage29a_high_range_regime_continuation_discovery/stage29a_exact_trades.csv,high_range_london_continuation_v1,hr_london_follow_h13_lq35_pq10_c01_tp06_sl065,-2.519699999999921,-3.5696999999999206,-4.26969999999992,0,0,0,1,3.5696999999999206,35.35999999999967,11.590000000000146,0.28127696289906623,19.360000000000127,0.6714876033057807,5.150000000000091,7.227500000000032,0.736,-1.0,,,13,2,4.0,2024
2024-04-05 13:00:00+00:00|1.0|hr_london_follow_h13_lq35_pq10_c01_tp06_sl065,2024-04-05 13:00:00+00:00,STAGE29A,data/reports/stage29a_high_range_regime_continuation_discovery/stage29a_exact_trades.csv,high_range_london_continuation_v1,hr_london_follow_h13_lq35_pq10_c01_tp06_sl065,-2.680899999999929,-3.7308999999999286,-4.430899999999928,0,0,0,1,3.7308999999999286,25.519999999999985,25.579999999999927,0.5136825645035327,16.9699999999998,0.8461991750147494,6.940000000000055,7.961500000000001,0.856,1.0,,,13,4,4.0,2024
2024-04-25 13:00:00+00:00|1.0|hr_london_follow_h13_lq35_pq10_c01_tp06_sl065,2024-04-25 13:00:00+00:00,STAGE29A,data/reports/stage29a_high_range_regime_continuation_discovery/stage29a_exact_trades.csv,high_range_london_continuation_v1,hr_london_follow_h13_lq35_pq10_c01_tp06_sl065,1.1512000000001534,0.1012000000001536,-0.5987999999998461,1,0,0,0,0.1012000000001536,25.480000000000015,17.029999999999745,0.28185554903113647,16.4699999999998,0.7109896782028038,3.400000000000091,6.169999999999959,0.04,1.0,,,13,3,4.0,2024
2024-05-02 13:00:00+00:00|-1.0|hr_london_follow_h13_lq35_pq10_c01_tp06_sl065,2024-05-02 13:00:00+00:00,STAGE29A,data/reports/stage29a_high_range_regime_continuation_discovery/stage29a_exact_trades.csv,high_range_london_continuation_v1,hr_london_follow_h13_lq35_pq10_c01_tp06_sl065,-2.526524999999856,-3.576524999999856,-4.276524999999856,0,0,0,1,3.576524999999856,46.82999999999993,9.070000000000164,0.1422271223814708,22.340000000000146,0.8012533572068028,6.7400000000002365,8.24950000000008,0.76,-1.0,,,13,3,5.0,2024
2024-05-03 13:00:00+00:00|-1.0|hr_london_follow_h13_lq35_pq10_c01_tp06_sl065,2024-05-03 13:00:00+00:00,STAGE29A,data/reports/stage29a_high_range_regime_continuation_discovery/stage29a_exact_trades.csv,high_range_london_continuation_v1,hr_london_follow_h13_lq35_pq10_c01_tp06_sl065,-1.94900000000016,-2.99900000000016,-3.69900000000016,0,0,0,0,2.99900000000016,41.09999999999991,6.440000000000055,0.2096273291925307,10.970000000000256,0.08477666362810113,3.730000000000018,5.232499999999982,0.064,-1.0,,,13,4,5.0,2024
2024-05-10 13:00:00+00:00|1.0|hr_london_follow_h13_lq35_pq10_c01_tp06_sl065,2024-05-10 13:00:00+00:00,STAGE29A,data/reports/stage29a_high_range_regime_continuation_discovery/stage29a_exact_trades.csv,high_range_london_continuation_v1,hr_london_follow_h13_lq35_pq10_c01_tp06_sl065,-2.463800000000083,-3.513800000000083,-4.213800000000083,0,0,0,1,3.513800000000083,40.63999999999987,10.659999999999854,0.6716697936210086,24.079999999999927,0.7936046511627984,5.8400000000001455,5.9384999999999994,0.4,1.0,,,13,4,5.0,2024
2024-05-14 13:00:00+00:00|1.0|hr_london_follow_h13_lq35_pq10_c01_tp06_sl065,2024-05-14 13:00:00+00:00,STAGE29A,data/reports/stage29a_high_range_regime_continuation_discovery/stage29a_exact_trades.csv,high_range_london_continuation_v1,hr_london_follow_h13_lq35_pq10_c01_tp06_sl065,-2.015300000000116,-3.065300000000116,-3.7653000000001153,0,0,0,1,3.065300000000116,32.95000000000027,9.570000000000164,0.5862068965517274,12.2800000000002,0.2394136807817595,4.670000000000073,4.2309999999999945,0.016,1.0,,,13,1,5.0,2024
2024-05-15 13:00:00+00:00|1.0|hr_london_follow_h13_lq35_pq10_c01_tp06_sl065,2024-05-15 13:00:00+00:00,STAGE29A,data/reports/stage29a_high_range_regime_continuation_discovery/stage29a_exact_trades.csv,high_range_london_continuation_v1,hr_london_follow_h13_lq35_pq10_c01_tp06_sl065,-2.0400000000000547,-3.0900000000000545,-3.790000000000054,0,0,0,1,3.0900000000000545,24.920000000000076,6.110000000000127,0.46808510638298984,18.5300000000002,0.47706422018348893,6.0600000000004,4.572000000000026,0.084,1.0,,,13,2,5.0,2024
2024-05-17 13:00:00+00:00|1.0|hr_london_follow_h13_lq35_pq10_c01_tp06_sl065,2024-05-17 13:00:00+00:00,STAGE29A,data/reports/stage29a_high_range_regime_continuation_discovery/stage29a_exact_trades.csv,high_range_london_continuation_v1,hr_london_follow_h13_lq35_pq10_c01_tp06_sl065,-1.944450000000052,-2.994450000000052,-3.6944500000000513,0,0,0,0,2.994450000000052,26.550000000000185,7.2599999999997635,0.07300275482090395,11.360000000000127,0.42517605633805705,4.900000000000091,4.127999999999974,0.016,1.0,,,13,4,5.0,2024
2024-05-24 13:00:00+00:00|1.0|hr_london_follow_h13_lq35_pq10_c01_tp06_sl065,2024-05-24 13:00:00+00:00,STAGE29A,data/reports/stage29a_high_range_regime_continuation_discovery/stage29a_exact_trades.csv,high_range_london_continuation_v1,hr_london_follow_h13_lq35_pq10_c01_tp06_sl065,-2.16577500000003,-3.2157750000000305,-3.91577500000003,0,0,0,1,3.2157750000000305,56.809999999999945,9.710000000000036,0.028836251287353145,12.7199999999998,0.5463836477987721,5.7599999999997635,6.609499999999935,0.496,1.0,,,13,4,5.0,2024
2024-05-29 13:00:00+00:00|-1.0|hr_london_follow_h13_lq35_pq10_c01_tp06_sl065,2024-05-29 13:00:00+00:00,STAGE29A,data/reports/stage29a_high_range_regime_continuation_discovery/stage29a_exact_trades.csv,high_range_london_continuation_v1,hr_london_follow_h13_lq35_pq10_c01_tp06_sl065,-2.273350000000028,-3.323350000000028,-4.023350000000027,0,0,0,1,3.323350000000028,24.059999999999945,7.930000000000291,0.12862547288776097,20.700000000000276,0.6120772946859638,5.320000000000164,5.17150000000006,0.272,-1.0,,,13,2,5.0,2024
2024-05-30 13:00:00+00:00|-1.0|hr_london_follow_h13_lq35_pq10_c01_tp06_sl065,2024-05-30 13:00:00+00:00,STAGE29A,data/reports/stage29a_high_range_regime_continuation_discovery/stage29a_exact_trades.csv,high_range_london_continuation_v1,hr_london_follow_h13_lq35_pq10_c01_tp06_sl065,-2.631500000000051,-3.681500000000051,-4.381500000000051,0,0,0,1,3.681500000000051,28.059999999999945,11.800000000000182,0.2771186440677908,15.559999999999944,0.06876606683805704,6.309999999999945,5.321000000000095,0.308,-1.0,,,13,3,5.0,2024
2024-06-05 13:00:00+00:00|-1.0|hr_london_follow_h13_lq35_pq10_c01_tp06_sl065,2024-06-05 13:00:00+00:00,STAGE29A,data/reports/stage29a_high_range_regime_continuation_discovery/stage29a_exact_trades.csv,high_range_london_continuation_v1,hr_london_follow_h13_lq35_pq10_c01_tp06_sl065,-2.2012000000000627,-3.2512000000000625,-3.951200000000062,0,0,0,1,3.2512000000000625,37.41000000000031,12.010000000000218,0.7993338884262893,13.579999999999927,0.3645066273932139,2.869999999999891,4.862499999999931,0.124,-1.0,,,13,2,6.0,2024
2024-06-06 13:00:00+00:00|-1.0|hr_london_follow_h13_lq35_pq10_c01_tp06_sl065,2024-06-06 13:00:00+00:00,STAGE29A,data/reports/stage29a_high_range_regime_continuation_discovery/stage29a_exact_trades.csv,high_range_london_continuation_v1,hr_london_follow_h13_lq35_pq10_c01_tp06_sl065,1.001799999999912,-0.0482000000000879,-0.7482000000000877,0,0,0,0,0.0482000000000879,31.670000000000076,20.389999999999876,0.564982834722906,12.929999999999836,0.5359628770301565,5.349999999999909,5.662499999999954,0.544,-1.0,,,13,3,6.0,2024
2024-06-07 13:00:00+00:00|-1.0|hr_london_follow_h13_lq35_pq10_c01_tp06_sl065,2024-06-07 13:00:00+00:00,STAGE29A,data/reports/stage29a_high_range_regime_continuation_discovery/stage29a_exact_trades.csv,high_range_london_continuation_v1,hr_london_follow_h13_lq35_pq10_c01_tp06_sl065,2.954200000000037,1.9042000000000368,1.2042000000000377,1,1,1,0,1.9042000000000368,25.20999999999958,12.600000000000364,0.24920634920633192,50.42000000000007,0.8131693772312563,10.519999999999982,7.641499999999996,0.988,-1.0,,,13,4,6.0,2024
2024-06-13 13:00:00+00:00|1.0|hr_london_follow_h13_lq35_pq10_c01_tp06_sl065,2024-06-13 13:00:00+00:00,STAGE29A,data/reports/stage29a_high_range_regime_continuation_discovery/stage29a_exact_trades.csv,high_range_london_continuation_v1,hr_london_follow_h13_lq35_pq10_c01_tp06_sl065,-1.878150000000096,-2.928150000000096,-3.628150000000096,0,0,0,0,2.928150000000096,31.039999999999964,16.460000000000036,0.4696233292831106,9.580000000000382,0.12526096033400524,5.0300000000002,6.201499999999965,0.628,1.0,,,13,3,6.0,2024
2024-06-14 13:00:00+00:00|1.0|hr_london_follow_h13_lq35_pq10_c01_tp06_sl065,2024-06-14 13:00:00+00:00,STAGE29A,data/reports/stage29a_high_range_regime_continuation_discovery/stage29a_exact_trades.csv,high_range_london_continuation_v1,hr_london_follow_h13_lq35_pq10_c01_tp06_sl065,-2.3305500000002213,-3.380550000000221,-4.080550000000221,0,0,0,1,3.380550000000221,31.15999999999985,7.050000000000182,0.35886524822690496,19.139999999999876,0.8949843260188204,7.5300000000002,5.026000000000022,0.196,1.0,,,13,4,6.0,2024
2024-06-20 13:00:00+00:00|1.0|hr_london_follow_h13_lq35_pq10_c01_tp06_sl065,2024-06-20 13:00:00+00:00,STAGE29A,data/reports/stage29a_high_range_regime_continuation_discovery/stage29a_exact_trades.csv,high_range_london_continuation_v1,hr_london_follow_h13_lq35_pq10_c01_tp06_sl065,1.169800000000032,0.1198000000000321,-0.5801999999999676,1,0,0,0,0.1198000000000321,11.2800000000002,11.260000000000218,0.3152753108348235,14.260000000000218,0.03366058906030932,4.130000000000109,3.9765000000000557,0.108,1.0,,,13,3,6.0,2024
2024-06-25 13:00:00+00:00|1.0|hr_london_follow_h13_lq35_pq10_c01_tp06_sl065,2024-06-25 13:00:00+00:00,STAGE29A,data/reports/stage29a_high_range_regime_continuation_discovery/stage29a_exact_trades.csv,high_range_london_continuation_v1,hr_london_follow_h13_lq35_pq10_c01_tp06_sl065,-1.982799999999861,-3.032799999999861,-3.7327999999998607,0,0,0,0,3.032799999999861,17.15000000000009,11.150000000000093,0.6852017937219969,11.319999999999707,0.7915194346289989,4.769999999999982,4.180999999999949,0.152,1.0,,,13,1,6.0,2024
2024-06-26 13:00:00+00:00|-1.0|hr_london_follow_h13_lq35_pq10_c01_tp06_sl065,2024-06-26 13:00:00+00:00,STAGE29A,data/reports/stage29a_high_range_regime_continuation_discovery/stage29a_exact_trades.csv,high_range_london_continuation_v1,hr_london_follow_h13_lq35_pq10_c01_tp06_sl065,-2.143674999999894,-3.1936749999998937,-3.893674999999893,0,0,0,1,3.1936749999998937,21.789999999999964,13.350000000000364,0.2636704119850102,8.690000000000055,0.11047180667434181,2.730000000000018,5.347500000000059,0.532,-1.0,,,13,2,6.0,2024
2024-06-27 13:00:00+00:00|1.0|hr_london_follow_h13_lq35_pq10_c01_tp06_sl065,2024-06-27 13:00:00+00:00,STAGE29A,data/reports/stage29a_high_range_regime_continuation_discovery/stage29a_exact_trades.csv,high_range_london_continuation_v1,hr_london_follow_h13_lq35_pq10_c01_tp06_sl065,-2.018224999999893,-3.068224999999893,-3.7682249999998927,0,0,0,1,3.068224999999893,30.350000000000364,3.3899999999998727,0.22123893805310565,17.429999999999836,0.7917383820998457,6.599999999999909,3.5849999999999453,0.072,1.0,,,13,3,6.0,2024
2024-06-28 13:00:00+00:00|1.0|hr_london_follow_h13_lq35_pq10_c01_tp06_sl065,2024-06-28 13:00:00+00:00,STAGE29A,data/reports/stage29a_high_range_regime_continuation_discovery/stage29a_exact_trades.csv,high_range_london_continuation_v1,hr_london_follow_h13_lq35_pq10_c01_tp06_sl065,-1.7270250000002307,-2.7770250000002306,-3.4770250000002303,0,0,0,0,2.7770250000002306,34.58999999999969,9.269999999999982,0.5587918015102316,12.099999999999907,0.7033057851239527,3.0700000000001637,4.011000000000058,0.132,1.0,,,13,4,6.0,2024
2024-07-02 13:00:00+00:00|-1.0|hr_london_follow_h13_lq35_pq10_c01_tp06_sl065,2024-07-02 13:00:00+00:00,STAGE29A,data/reports/stage29a_high_range_regime_continuation_discovery/stage29a_exact_trades.csv,high_range_london_continuation_v1,hr_london_follow_h13_lq35_pq10_c01_tp06_sl065,-1.9850750000001427,-3.0350750000001425,-3.7350750000001423,0,0,0,0,3.0350750000001425,20.0,8.61999999999989,0.6705336426913943,9.099999999999907,0.1329670329670383,7.779999999999745,4.302500000000032,0.236,-1.0,,,13,1,7.0,2024
2024-07-04 13:00:00+00:00|-1.0|hr_london_follow_h13_lq35_pq10_c01_tp06_sl065,2024-07-04 13:00:00+00:00,STAGE29A,data/reports/stage29a_high_range_regime_continuation_discovery/stage29a_exact_trades.csv,high_range_london_continuation_v1,hr_london_follow_h13_lq35_pq10_c01_tp06_sl065,-1.801774999999998,-2.8517749999999977,-3.551774999999997,0,0,0,0,2.8517749999999977,38.03999999999997,6.5900000000001455,0.12139605462824951,9.259999999999764,0.0377969762419409,3.4299999999998363,4.107499999999959,0.116,-1.0,,,13,3,7.0,2024
2024-07-09 13:00:00+00:00|-1.0|hr_london_follow_h13_lq35_pq10_c01_tp06_sl065,2024-07-09 13:00:00+00:00,STAGE29A,data/reports/stage29a_high_range_regime_continuation_discovery/stage29a_exact_trades.csv,high_range_london_continuation_v1,hr_london_follow_h13_lq35_pq10_c01_tp06_sl065,-1.668525000000136,-2.718525000000136,-3.418525000000136,0,0,0,0,2.718525000000136,40.36999999999989,9.490000000000236,0.8303477344573144,10.409999999999854,0.3170028818443586,3.7400000000002365,4.889499999999975,0.476,-1.0,,,13,1,7.0,2024
2024-07-10 13:00:00+00:00|1.0|hr_london_follow_h13_lq35_pq10_c01_tp06_sl065,2024-07-10 13:00:00+00:00,STAGE29A,data/reports/stage29a_high_range_regime_continuation_discovery/stage29a_exact_trades.csv,high_range_london_continuation_v1,hr_london_follow_h13_lq35_pq10_c01_tp06_sl065,-1.6103500000000168,-2.6603500000000166,-3.3603500000000164,0,0,0,0,2.6603500000000166,22.20999999999958,7.329999999999927,0.5184174624829767,8.309999999999945,0.4500601684716975,2.480000000000018,4.531500000000028,0.288,1.0,,,13,2,7.0,2024
2024-07-12 13:00:00+00:00|-1.0|hr_london_follow_h13_lq35_pq10_c01_tp06_sl065,2024-07-12 13:00:00+00:00,STAGE29A,data/reports/stage29a_high_range_regime_continuation_discovery/stage29a_exact_trades.csv,high_range_london_continuation_v1,hr_london_follow_h13_lq35_pq10_c01_tp06_sl065,-2.098175000000174,-3.148175000000174,-3.8481750000001735,0,0,0,1,3.148175000000174,53.38999999999987,9.550000000000182,0.5350785340313692,9.760000000000218,0.3893442622950453,5.119999999999891,5.3715000000000375,0.7,-1.0,,,13,4,7.0,2024
2024-07-18 13:00:00+00:00|-1.0|hr_london_follow_h13_lq35_pq10_c01_tp06_sl065,2024-07-18 13:00:00+00:00,STAGE29A,data/reports/stage29a_high_range_regime_continuation_discovery/stage29a_exact_trades.csv,high_range_london_continuation_v1,hr_london_follow_h13_lq35_pq10_c01_tp06_sl065,1.2031000000000858,0.1531000000000859,-0.5468999999999138,1,0,1,0,0.1531000000000859,32.25999999999976,11.519999999999982,0.7647569444444409,10.329999999999927,0.23523717328168958,3.099999999999909,6.02800000000002,0.692,-1.0,,,13,3,7.0,2024
2024-07-19 13:00:00+00:00|-1.0|hr_london_follow_h13_lq35_pq10_c01_tp06_sl065,2024-07-19 13:00:00+00:00,STAGE29A,data/reports/stage29a_high_range_regime_continuation_discovery/stage29a_exact_trades.csv,high_range_london_continuation_v1,hr_london_follow_h13_lq35_pq10_c01_tp06_sl065,-3.026375000000008,-4.076375000000008,-4.776375000000007,0,0,0,1,4.076375000000008,34.84999999999991,24.67999999999984,0.6288492706645091,16.5,0.7678787878787923,6.269999999999982,7.066999999999939,0.872,-1.0,,,13,4,7.0,2024
2024-07-23 13:00:00+00:00|1.0|hr_london_follow_h13_lq35_pq10_c01_tp06_sl065,2024-07-23 13:00:00+00:00,STAGE29A,data/reports/stage29a_high_range_regime_continuation_discovery/stage29a_exact_trades.csv,high_range_london_continuation_v1,hr_london_follow_h13_lq35_pq10_c01_tp06_sl065,1.7665000000000872,0.7165000000000874,0.0165000000000876,1,1,1,0,0.7165000000000874,28.23999999999978,9.199999999999818,0.34239130434784276,20.019999999999985,0.43806193806193755,4.9099999999998545,5.389500000000021,0.384,1.0,,,13,1,7.0,2024
2024-08-07 13:00:00+00:00|1.0|hr_london_follow_h13_lq35_pq10_c01_tp06_sl065,2024-08-07 13:00:00+00:00,STAGE29A,data/reports/stage29a_high_range_regime_continuation_discovery/stage29a_exact_trades.csv,high_range_london_continuation_v1,hr_london_follow_h13_lq35_pq10_c01_tp06_sl065,-2.3321750000000976,-3.3821750000000974,-4.082175000000097,0,0,0,1,3.3821750000000974,36.63000000000011,11.710000000000036,0.22715627668657953,11.829999999999927,0.7007607776838558,3.930000000000291,6.822499999999991,0.396,1.0,,,13,2,8.0,2024
2024-08-08 13:00:00+00:00|1.0|hr_london_follow_h13_lq35_pq10_c01_tp06_sl065,2024-08-08 13:00:00+00:00,STAGE29A,data/reports/stage29a_high_range_regime_continuation_discovery/stage29a_exact_trades.csv,high_range_london_continuation_v1,hr_london_follow_h13_lq35_pq10_c01_tp06_sl065,1.679500000000098,0.6295000000000983,-0.0704999999999014,1,0,1,0,0.6295000000000983,28.01000000000022,14.150000000000093,0.7519434628975127,15.019999999999982,0.1291611185086589,5.150000000000091,5.698000000000024,0.1,1.0,,,13,3,8.0,2024
2024-08-09 13:00:00+00:00|1.0|hr_london_follow_h13_lq35_pq10_c01_tp06_sl065,2024-08-09 13:00:00+00:00,STAGE29A,data/reports/stage29a_high_range_regime_continuation_discovery/stage29a_exact_trades.csv,high_range_london_continuation_v1,hr_london_follow_h13_lq35_pq10_c01_tp06_sl065,1.227099999999973,0.1770999999999731,-0.5229000000000266,1,0,1,0,0.1770999999999731,47.190000000000055,9.679999999999836,0.4845041322314188,10.159999999999854,0.24606299212598778,2.9600000000000364,5.6220000000000026,0.092,1.0,,,13,4,8.0,2024
2024-08-16 13:00:00+00:00|1.0|hr_london_follow_h13_lq35_pq10_c01_tp06_sl065,2024-08-16 13:00:00+00:00,STAGE29A,data/reports/stage29a_high_range_regime_continuation_discovery/stage29a_exact_trades.csv,high_range_london_continuation_v1,hr_london_follow_h13_lq35_pq10_c01_tp06_sl065,-2.045525000000089,-3.0955250000000887,-3.795525000000088,0,0,0,1,3.0955250000000887,37.90000000000009,9.2199999999998,0.26030368763559036,13.390000000000327,0.8110530246452473,3.0700000000001637,4.9780000000000655,0.04,1.0,,,13,4,8.0,2024
2024-08-20 13:00:00+00:00|1.0|hr_london_follow_h13_lq35_pq10_c01_tp06_sl065,2024-08-20 13:00:00+00:00,STAGE29A,data/reports/stage29a_high_range_regime_continuation_discovery/stage29a_exact_trades.csv,high_range_london_continuation_v1,hr_london_follow_h13_lq35_pq10_c01_tp06_sl065,2.006499999999869,0.9564999999998692,0.2564999999998694,1,1,1,0,0.9564999999998692,23.800000000000185,9.5,0.2642105263157646,27.90999999999985,0.7115729129344404,5.519999999999982,5.144999999999982,0.08,1.0,,,13,1,8.0,2024
2024-08-28 13:00:00+00:00|-1.0|hr_london_follow_h13_lq35_pq10_c01_tp06_sl065,2024-08-28 13:00:00+00:00,STAGE29A,data/reports/stage29a_high_range_regime_continuation_discovery/stage29a_exact_trades.csv,high_range_london_continuation_v1,hr_london_follow_h13_lq35_pq10_c01_tp06_sl065,-2.055924999999752,-3.105924999999752,-3.805924999999752,0,0,0,1,3.105924999999752,22.4399999999996,15.88000000000011,0.6190176322418047,12.849999999999907,0.4513618677042621,3.7100000000000364,5.0939999999999825,0.172,-1.0,,,13,2,8.0,2024
2024-08-29 13:00:00+00:00|1.0|hr_london_follow_h13_lq35_pq10_c01_tp06_sl065,2024-08-29 13:00:00+00:00,STAGE29A,data/reports/stage29a_high_range_regime_continuation_discovery/stage29a_exact_trades.csv,high_range_london_continuation_v1,hr_london_follow_h13_lq35_pq10_c01_tp06_sl065,-2.314300000000094,-3.3643000000000938,-4.0643000000000935,0,0,0,1,3.3643000000000938,35.45000000000027,12.860000000000127,0.7449455676516199,10.539999999999964,0.5910815939278975,8.480000000000018,4.832999999999993,0.112,1.0,,,13,3,8.0,2024
2024-09-05 13:00:00+00:00|1.0|hr_london_follow_h13_lq35_pq10_c01_tp06_sl065,2024-09-05 13:00:00+00:00,STAGE29A,data/reports/stage29a_high_range_regime_continuation_discovery/stage29a_exact_trades.csv,high_range_london_continuation_v1,hr_london_follow_h13_lq35_pq10_c01_tp06_sl065,-2.327300000000014,-3.3773000000000137,-4.0773000000000135,0,0,0,1,3.3773000000000137,28.620000000000346,4.880000000000109,0.08811475409832514,23.40999999999985,0.8821016659547296,2.519999999999982,4.613000000000056,0.132,1.0,,,13,3,9.0,2024
2024-09-18 13:00:00+00:00|-1.0|hr_london_follow_h13_lq35_pq10_c01_tp06_sl065,2024-09-18 13:00:00+00:00,STAGE29A,data/reports/stage29a_high_range_regime_continuation_discovery/stage29a_exact_trades.csv,high_range_london_continuation_v1,hr_london_follow_h13_lq35_pq10_c01_tp06_sl065,-1.6763249999999972,-2.726324999999997,-3.4263249999999967,0,0,0,0,2.726324999999997,26.2199999999998,8.230000000000018,0.6342648845686255,10.759999999999764,0.369888475836441,3.9899999999997817,5.132999999999948,0.488,-1.0,,,13,2,9.0,2024
2024-09-20 13:00:00+00:00|1.0|hr_london_follow_h13_lq35_pq10_c01_tp06_sl065,2024-09-20 13:00:00+00:00,STAGE29A,data/reports/stage29a_high_range_regime_continuation_discovery/stage29a_exact_trades.csv,high_range_london_continuation_v1,hr_london_follow_h13_lq35_pq10_c01_tp06_sl065,1.501599999999962,0.4515999999999622,-0.2484000000000374,1,0,1,0,0.4515999999999622,43.78999999999997,8.75,0.41142857142856104,21.419999999999614,0.6984126984127126,8.039999999999964,5.049000000000047,0.416,1.0,,,13,4,9.0,2024
2024-09-25 13:00:00+00:00|-1.0|hr_london_follow_h13_lq35_pq10_c01_tp06_sl065,2024-09-25 13:00:00+00:00,STAGE29A,data/reports/stage29a_high_range_regime_continuation_discovery/stage29a_exact_trades.csv,high_range_london_continuation_v1,hr_london_follow_h13_lq35_pq10_c01_tp06_sl065,-2.327300000000014,-3.3773000000000137,-4.0773000000000135,0,0,0,1,3.3773000000000137,41.76999999999998,15.13000000000011,0.15333773959019778,10.159999999999854,0.4498031496063218,4.919999999999618,6.537499999999954,0.724,-1.0,,,13,2,9.0,2024
2024-09-26 13:00:00+00:00|1.0|hr_london_follow_h13_lq35_pq10_c01_tp06_sl065,2024-09-26 13:00:00+00:00,STAGE29A,data/reports/stage29a_high_range_regime_continuation_discovery/stage29a_exact_trades.csv,high_range_london_continuation_v1,hr_london_follow_h13_lq35_pq10_c01_tp06_sl065,-2.0318750000002184,-3.081875000000218,-3.781875000000218,0,0,0,1,3.081875000000218,20.829999999999927,7.170000000000073,0.6094839609484382,12.570000000000164,0.49721559268098,2.869999999999891,5.068999999999915,0.308,1.0,,,13,3,9.0,2024
2024-09-30 13:00:00+00:00|-1.0|hr_london_follow_h13_lq35_pq10_c01_tp06_sl065,2024-09-30 13:00:00+00:00,STAGE29A,data/reports/stage29a_high_range_regime_continuation_discovery/stage29a_exact_trades.csv,high_range_london_continuation_v1,hr_london_follow_h13_lq35_pq10_c01_tp06_sl065,1.5105999999999766,0.4605999999999768,-0.2394000000000229,1,0,1,0,0.4605999999999768,6.25,18.65999999999985,0.487674169346194,12.220000000000256,0.3199672667757588,5.289999999999964,6.7634999999999765,0.7,-1.0,,,13,0,9.0,2024
2024-10-01 13:00:00+00:00|1.0|hr_london_follow_h13_lq35_pq10_c01_tp06_sl065,2024-10-01 13:00:00+00:00,STAGE29A,data/reports/stage29a_high_range_regime_continuation_discovery/stage29a_exact_trades.csv,high_range_london_continuation_v1,hr_london_follow_h13_lq35_pq10_c01_tp06_sl065,0.991899999999896,-0.0581000000001039,-0.7581000000001037,0,0,0,0,0.0581000000001039,41.48000000000002,7.730000000000018,0.3842173350582468,11.840000000000146,0.9045608108108028,3.9400000000000546,4.787000000000035,0.108,1.0,,,13,1,10.0,2024
2024-10-11 13:00:00+00:00|-1.0|hr_london_follow_h13_lq35_pq10_c01_tp06_sl065,2024-10-11 13:00:00+00:00,STAGE29A,data/reports/stage29a_high_range_regime_continuation_discovery/stage29a_exact_trades.csv,high_range_london_continuation_v1,hr_london_follow_h13_lq35_pq10_c01_tp06_sl065,-2.0724999999998546,-3.1224999999998544,-3.822499999999854,0,0,0,1,3.1224999999998544,25.800000000000185,17.980000000000018,0.9566184649610567,10.989999999999782,0.6960873521383296,5.529999999999745,6.082500000000005,0.34,-1.0,,,13,4,10.0,2024
2024-10-14 13:00:00+00:00|1.0|hr_london_follow_h13_lq35_pq10_c01_tp06_sl065,2024-10-14 13:00:00+00:00,STAGE29A,data/reports/stage29a_high_range_regime_continuation_discovery/stage29a_exact_trades.csv,high_range_london_continuation_v1,hr_london_follow_h13_lq35_pq10_c01_tp06_sl065,1.4304999999998471,0.3804999999998473,-0.3195000000001524,1,0,1,0,0.3804999999998473,11.429999999999836,14.259999999999764,0.3709677419354875,11.480000000000018,0.24912891986063787,6.179999999999836,5.545499999999924,0.176,1.0,,,13,0,10.0,2024
2024-10-15 13:00:00+00:00|1.0|hr_london_follow_h13_lq35_pq10_c01_tp06_sl065,2024-10-15 13:00:00+00:00,STAGE29A,data/reports/stage29a_high_range_regime_continuation_discovery/stage29a_exact_trades.csv,high_range_london_continuation_v1,hr_london_follow_h13_lq35_pq10_c01_tp06_sl065,-2.291225000000032,-3.341225000000031,-4.041225000000031,0,0,0,1,3.341225000000031,23.65999999999985,8.349999999999909,0.5185628742514939,17.829999999999927,0.448121144139081,4.460000000000036,4.957000000000017,0.056,1.0,,,13,1,10.0,2024
2024-10-18 13:00:00+00:00|1.0|hr_london_follow_h13_lq35_pq10_c01_tp06_sl065,2024-10-18 13:00:00+00:00,STAGE29A,data/reports/stage29a_high_range_regime_continuation_discovery/stage29a_exact_trades.csv,high_range_london_continuation_v1,hr_london_follow_h13_lq35_pq10_c01_tp06_sl065,-2.37539999999999,-3.4253999999999905,-4.12539999999999,0,0,0,1,3.4253999999999905,23.579999999999927,20.360000000000127,0.849214145383097,12.329999999999927,0.11678832116788833,7.010000000000218,5.587500000000046,0.272,1.0,,,13,4,10.0,2024
2024-10-24 13:00:00+00:00|1.0|hr_london_follow_h13_lq35_pq10_c01_tp06_sl065,2024-10-24 13:00:00+00:00,STAGE29A,data/reports/stage29a_high_range_regime_continuation_discovery/stage29a_exact_trades.csv,high_range_london_continuation_v1,hr_london_follow_h13_lq35_pq10_c01_tp06_sl065,1.1541999999998551,0.1041999999998553,-0.5958000000001444,1,0,0,0,0.1041999999998553,49.92000000000007,12.279999999999744,0.39576547231272213,16.420000000000073,0.8361753958587063,3.230000000000018,5.922000000000049,0.54,1.0,,,13,3,10.0,2024
2024-10-25 13:00:00+00:00|-1.0|hr_london_follow_h13_lq35_pq10_c01_tp06_sl065,2024-10-25 13:00:00+00:00,STAGE29A,data/reports/stage29a_high_range_regime_continuation_discovery/stage29a_exact_trades.csv,high_range_london_continuation_v1,hr_london_follow_h13_lq35_pq10_c01_tp06_sl065,-2.2102999999998247,-3.260299999999825,-3.960299999999824,0,0,0,1,3.260299999999825,29.029999999999745,11.730000000000018,0.7357203751065725,15.730000000000018,0.3146853146853317,4.320000000000164,5.034999999999991,0.096,-1.0,,,13,4,10.0,2024
2024-10-28 13:00:00+00:00|-1.0|hr_london_follow_h13_lq35_pq10_c01_tp06_sl065,2024-10-28 13:00:00+00:00,STAGE29A,data/reports/stage29a_high_range_regime_continuation_discovery/stage29a_exact_trades.csv,high_range_london_continuation_v1,hr_london_follow_h13_lq35_pq10_c01_tp06_sl065,-2.7618250000001354,-3.8118250000001352,-4.511825000000135,0,0,0,1,3.8118250000001352,10.010000000000218,15.480000000000018,0.062015503875941895,16.909999999999854,0.06386753400357134,5.449999999999818,5.938000000000057,0.604,-1.0,,,13,0,10.0,2024
2024-10-31 13:00:00+00:00|-1.0|hr_london_follow_h13_lq35_pq10_c01_tp06_sl065,2024-10-31 13:00:00+00:00,STAGE29A,data/reports/stage29a_high_range_regime_continuation_discovery/stage29a_exact_trades.csv,high_range_london_continuation_v1,hr_london_follow_h13_lq35_pq10_c01_tp06_sl065,-2.143999999999869,-3.193999999999869,-3.8939999999998687,0,0,0,1,3.193999999999869,19.139999999999876,8.029999999999745,0.2889165628891952,13.509999999999764,0.2672094744633409,8.0,4.854499999999962,0.072,-1.0,,,13,3,10.0,2024
2024-11-04 13:00:00+00:00|-1.0|hr_london_follow_h13_lq35_pq10_c01_tp06_sl065,2024-11-04 13:00:00+00:00,STAGE29A,data/reports/stage29a_high_range_regime_continuation_discovery/stage29a_exact_trades.csv,high_range_london_continuation_v1,hr_london_follow_h13_lq35_pq10_c01_tp06_sl065,-2.575275000000238,-3.625275000000238,-4.325275000000238,0,0,0,1,3.625275000000238,10.75,12.879999999999654,0.19720496894410183,13.289999999999964,0.15876598946573953,7.809999999999945,6.327499999999986,0.72,-1.0,,,13,0,11.0,2024
2024-11-05 13:00:00+00:00|1.0|hr_london_follow_h13_lq35_pq10_c01_tp06_sl065,2024-11-05 13:00:00+00:00,STAGE29A,data/reports/stage29a_high_range_regime_continuation_discovery/stage29a_exact_trades.csv,high_range_london_continuation_v1,hr_london_follow_h13_lq35_pq10_c01_tp06_sl065,1.5159999999999854,0.4659999999999855,-0.2340000000000142,1,0,1,0,0.4659999999999855,18.789999999999964,13.260000000000218,0.12141779788835944,13.2800000000002,0.2567771084337201,4.639999999999873,5.242500000000041,0.188,1.0,,,13,1,11.0,2024
2024-11-13 13:00:00+00:00|1.0|hr_london_follow_h13_lq35_pq10_c01_tp06_sl065,2024-11-13 13:00:00+00:00,STAGE29A,data/reports/stage29a_high_range_regime_continuation_discovery/stage29a_exact_trades.csv,high_range_london_continuation_v1,hr_london_follow_h13_lq35_pq10_c01_tp06_sl065,1.5066999999998187,0.4566999999998189,-0.2433000000001808,1,0,1,0,0.4566999999998189,37.48000000000002,15.940000000000056,0.4567126725219398,10.599999999999907,0.2584905660377604,3.4400000000000546,5.74200000000003,0.16,1.0,,,13,2,11.0,2024
2024-11-20 13:00:00+00:00|-1.0|hr_london_follow_h13_lq35_pq10_c01_tp06_sl065,2024-11-20 13:00:00+00:00,STAGE29A,data/reports/stage29a_high_range_regime_continuation_discovery/stage29a_exact_trades.csv,high_range_london_continuation_v1,hr_london_follow_h13_lq35_pq10_c01_tp06_sl065,-2.329899999999816,-3.379899999999816,-4.079899999999816,0,0,0,1,3.379899999999816,29.17999999999984,10.159999999999854,0.14763779527559268,19.74000000000024,0.5916919959472997,5.2400000000002365,4.97000000000005,0.004,-1.0,,,13,2,11.0,2024
2024-11-21 13:00:00+00:00|1.0|hr_london_follow_h13_lq35_pq10_c01_tp06_sl065,2024-11-21 13:00:00+00:00,STAGE29A,data/reports/stage29a_high_range_regime_continuation_discovery/stage29a_exact_trades.csv,high_range_london_continuation_v1,hr_london_follow_h13_lq35_pq10_c01_tp06_sl065,-2.3620750000000954,-3.4120750000000952,-4.112075000000095,0,0,0,1,3.4120750000000952,36.64000000000033,11.610000000000127,0.41860465116279705,17.059999999999945,0.759671746776089,5.239999999999782,5.6704999999999925,0.084,1.0,,,13,3,11.0,2024
2024-11-25 13:00:00+00:00|1.0|hr_london_follow_h13_lq35_pq10_c01_tp06_sl065,2024-11-25 13:00:00+00:00,STAGE29A,data/reports/stage29a_high_range_regime_continuation_discovery/stage29a_exact_trades.csv,high_range_london_continuation_v1,hr_london_follow_h13_lq35_pq10_c01_tp06_sl065,-3.019550000000072,-4.069550000000072,-4.769550000000072,0,0,0,1,4.069550000000072,16.51000000000022,62.03999999999997,0.7633784655061202,19.73999999999978,0.26443768996959766,9.129999999999654,10.903500000000031,0.972,1.0,,,13,0,11.0,2024
2024-11-28 13:00:00+00:00|1.0|hr_london_follow_h13_lq35_pq10_c01_tp06_sl065,2024-11-28 13:00:00+00:00,STAGE29A,data/reports/stage29a_high_range_regime_continuation_discovery/stage29a_exact_trades.csv,high_range_london_continuation_v1,hr_london_follow_h13_lq35_pq10_c01_tp06_sl065,-2.264899999999761,-3.3148999999997613,-4.014899999999761,0,0,0,1,3.3148999999997613,31.329999999999927,17.48999999999978,0.33390508862208224,19.41000000000031,0.8377125193199126,4.7400000000002365,6.230499999999961,0.248,1.0,,,13,3,11.0,2024
2024-11-29 13:00:00+00:00|1.0|hr_london_follow_h13_lq35_pq10_c01_tp06_sl065,2024-11-29 13:00:00+00:00,STAGE29A,data/reports/stage29a_high_range_regime_continuation_discovery/stage29a_exact_trades.csv,high_range_london_continuation_v1,hr_london_follow_h13_lq35_pq10_c01_tp06_sl065,-2.612000000000171,-3.662000000000171,-4.362000000000171,0,0,0,1,3.662000000000171,28.65000000000009,30.29000000000042,0.6956091119181206,11.809999999999944,0.2464013547840701,4.549999999999727,5.9180000000000295,0.212,1.0,,,13,4,11.0,2024
2024-12-02 13:00:00+00:00|1.0|hr_london_follow_h13_lq35_pq10_c01_tp06_sl065,2024-12-02 13:00:00+00:00,STAGE29A,data/reports/stage29a_high_range_regime_continuation_discovery/stage29a_exact_trades.csv,high_range_london_continuation_v1,hr_london_follow_h13_lq35_pq10_c01_tp06_sl065,-2.5752749999997837,-3.625274999999783,-4.325274999999783,0,0,0,1,3.625274999999783,9.420000000000073,29.420000000000076,0.5849762066621343,15.789999999999964,0.45725142495248994,4.349999999999909,8.745500000000016,0.808,1.0,,,13,0,12.0,2024
2024-12-03 13:00:00+00:00|1.0|hr_london_follow_h13_lq35_pq10_c01_tp06_sl065,2024-12-03 13:00:00+00:00,STAGE29A,data/reports/stage29a_high_range_regime_continuation_discovery/stage29a_exact_trades.csv,high_range_london_continuation_v1,hr_london_follow_h13_lq35_pq10_c01_tp06_sl065,1.3564000000000305,0.3064000000000306,-0.3935999999999691,1,0,1,0,0.3064000000000306,30.550000000000185,11.13000000000011,0.21024258760104833,12.860000000000127,0.21228615863141456,3.1700000000000728,5.37699999999993,0.068,1.0,,,13,1,12.0,2024
2024-12-09 13:00:00+00:00|1.0|hr_london_follow_h13_lq35_pq10_c01_tp06_sl065,2024-12-09 13:00:00+00:00,STAGE29A,data/reports/stage29a_high_range_regime_continuation_discovery/stage29a_exact_trades.csv,high_range_london_continuation_v1,hr_london_follow_h13_lq35_pq10_c01_tp06_sl065,1.3306000000001403,0.2806000000001405,-0.4193999999998592,1,0,1,0,0.2806000000001405,11.929999999999836,23.019999999999985,0.1776715899218136,22.47000000000025,0.9577214063195255,4.860000000000127,7.803999999999997,0.664,1.0,,,13,0,12.0,2024
2024-12-13 13:00:00+00:00|-1.0|hr_london_follow_h13_lq35_pq10_c01_tp06_sl065,2024-12-13 13:00:00+00:00,STAGE29A,data/reports/stage29a_high_range_regime_continuation_discovery/stage29a_exact_trades.csv,high_range_london_continuation_v1,hr_london_follow_h13_lq35_pq10_c01_tp06_sl065,-2.742975000000206,-3.792975000000206,-4.4929750000002056,0,0,0,1,3.792975000000206,51.2199999999998,13.740000000000236,0.4832605531295312,25.5,0.8109803921568741,5.059999999999945,6.2040000000000415,0.296,-1.0,,,13,4,12.0,2024
2024-12-19 13:00:00+00:00|1.0|hr_london_follow_h13_lq35_pq10_c01_tp06_sl065,2024-12-19 13:00:00+00:00,STAGE29A,data/reports/stage29a_high_range_regime_continuation_discovery/stage29a_exact_trades.csv,high_range_london_continuation_v1,hr_london_follow_h13_lq35_pq10_c01_tp06_sl065,-3.028324999999859,-4.078324999999859,-4.7783249999998585,0,0,0,1,4.078324999999859,68.09999999999991,35.46000000000004,0.5930626057529661,23.2800000000002,0.4463058419243893,9.039999999999964,10.11400000000001,0.996,1.0,,,13,3,12.0,2024
2024-12-31 13:00:00+00:00|1.0|hr_london_follow_h13_lq35_pq10_c01_tp06_sl065,2024-12-31 13:00:00+00:00,STAGE29A,data/reports/stage29a_high_range_regime_continuation_discovery/stage29a_exact_trades.csv,high_range_london_continuation_v1,hr_london_follow_h13_lq35_pq10_c01_tp06_sl065,1.1674000000001796,0.1174000000001798,-0.5825999999998199,1,0,0,0,0.1174000000001798,32.159999999999854,8.059999999999945,0.01488833746896919,15.179999999999836,0.33596837944663793,4.809999999999945,4.7085000000000035,0.272,1.0,,,13,1,12.0,2024
2025-01-21 13:00:00+00:00|-1.0|hr_london_follow_h13_lq35_pq10_c01_tp06_sl065,2025-01-21 13:00:00+00:00,STAGE29A,data/reports/stage29a_high_range_regime_continuation_discovery/stage29a_exact_trades.csv,high_range_london_continuation_v1,hr_london_follow_h13_lq35_pq10_c01_tp06_sl065,1.8007000000001423,0.7507000000001427,0.0507000000001429,1,1,1,0,0.7507000000001427,24.550000000000185,25.09999999999991,0.6749003984063792,15.799999999999727,0.4974683544303964,5.150000000000091,6.870499999999993,0.92,-1.0,,,13,1,1.0,2025
2025-02-03 13:00:00+00:00|1.0|hr_london_follow_h13_lq35_pq10_c01_tp06_sl065,2025-02-03 13:00:00+00:00,STAGE29A,data/reports/stage29a_high_range_regime_continuation_discovery/stage29a_exact_trades.csv,high_range_london_continuation_v1,hr_london_follow_h13_lq35_pq10_c01_tp06_sl065,-2.785875000000124,-3.835875000000124,-4.535875000000123,0,0,0,1,3.835875000000124,20.699999999999815,31.9699999999998,0.37566468564278505,20.809999999999945,0.8279673234022136,7.130000000000109,9.304999999999973,0.984,1.0,,,13,0,2.0,2025
2025-02-04 13:00:00+00:00|-1.0|hr_london_follow_h13_lq35_pq10_c01_tp06_sl065,2025-02-04 13:00:00+00:00,STAGE29A,data/reports/stage29a_high_range_regime_continuation_discovery/stage29a_exact_trades.csv,high_range_london_continuation_v1,hr_london_follow_h13_lq35_pq10_c01_tp06_sl065,-2.7247749999997724,-3.774774999999772,-4.474774999999772,0,0,0,1,3.774774999999772,58.19999999999982,13.329999999999927,0.3885971492873458,14.659999999999854,0.29058663028651166,7.200000000000273,6.982500000000073,0.764,-1.0,,,13,1,2.0,2025
2025-02-12 13:00:00+00:00|-1.0|hr_london_follow_h13_lq35_pq10_c01_tp06_sl065,2025-02-12 13:00:00+00:00,STAGE29A,data/reports/stage29a_high_range_regime_continuation_discovery/stage29a_exact_trades.csv,high_range_london_continuation_v1,hr_london_follow_h13_lq35_pq10_c01_tp06_sl065,-3.019225000000097,-4.069225000000097,-4.769225000000096,0,0,0,1,4.069225000000097,60.9399999999996,17.070000000000164,0.7861745752782627,16.440000000000055,0.15815085158150247,10.550000000000182,7.384500000000003,0.508,-1.0,,,13,2,2.0,2025
2025-02-21 13:00:00+00:00|1.0|hr_london_follow_h13_lq35_pq10_c01_tp06_sl065,2025-02-21 13:00:00+00:00,STAGE29A,data/reports/stage29a_high_range_regime_continuation_discovery/stage29a_exact_trades.csv,high_range_london_continuation_v1,hr_london_follow_h13_lq35_pq10_c01_tp06_sl065,-2.5495999999999186,-3.5995999999999184,-4.299599999999918,0,0,0,1,3.5995999999999184,30.779999999999745,23.40000000000009,0.5564102564102534,17.309999999999945,0.11900635470825835,2.119999999999891,7.984000000000037,0.616,1.0,,,13,4,2.0,2025
2025-02-25 13:00:00+00:00|1.0|hr_london_follow_h13_lq35_pq10_c01_tp06_sl065,2025-02-25 13:00:00+00:00,STAGE29A,data/reports/stage29a_high_range_regime_continuation_discovery/stage29a_exact_trades.csv,high_range_london_continuation_v1,hr_london_follow_h13_lq35_pq10_c01_tp06_sl065,1.7341000000000348,0.684100000000035,-0.0158999999999647,1,0,1,0,0.684100000000035,35.16000000000031,18.90999999999985,0.6959280803807486,12.91000000000031,0.05654531371030214,4.079999999999927,6.0479999999999565,0.116,1.0,,,13,1,2.0,2025
2025-03-03 13:00:00+00:00|1.0|hr_london_follow_h13_lq35_pq10_c01_tp06_sl065,2025-03-03 13:00:00+00:00,STAGE29A,data/reports/stage29a_high_range_regime_continuation_discovery/stage29a_exact_trades.csv,high_range_london_continuation_v1,hr_london_follow_h13_lq35_pq10_c01_tp06_sl065,-2.626624999999968,-3.676624999999967,-4.376624999999967,0,0,0,1,3.676624999999967,21.38000000000011,21.38000000000011,0.1585594013096284,14.730000000000018,0.30414120841819503,6.349999999999909,8.26199999999999,0.612,1.0,,,13,0,3.0,2025
2025-03-04 13:00:00+00:00|1.0|hr_london_follow_h13_lq35_pq10_c01_tp06_sl065,2025-03-04 13:00:00+00:00,STAGE29A,data/reports/stage29a_high_range_regime_continuation_discovery/stage29a_exact_trades.csv,high_range_london_continuation_v1,hr_london_follow_h13_lq35_pq10_c01_tp06_sl065,-3.434249999999884,-4.484249999999884,-5.184249999999883,0,0,0,1,4.484249999999884,39.940000000000055,11.83999999999969,0.03378378378375394,36.98000000000002,0.6311519740400252,5.980000000000018,8.387000000000011,0.664,1.0,,,13,1,3.0,2025
2025-03-05 13:00:00+00:00|1.0|hr_london_follow_h13_lq35_pq10_c01_tp06_sl065,2025-03-05 13:00:00+00:00,STAGE29A,data/reports/stage29a_high_range_regime_continuation_discovery/stage29a_exact_trades.csv,high_range_london_continuation_v1,hr_london_follow_h13_lq35_pq10_c01_tp06_sl065,1.956999999999789,0.9069999999997892,0.2069999999997893,1,1,1,0,0.9069999999997892,45.84999999999991,16.070000000000164,0.24268823895457692,13.5,0.2125925925925845,10.069999999999709,7.649000000000138,0.372,1.0,,,13,2,3.0,2025
2025-03-07 13:00:00+00:00|1.0|hr_london_follow_h13_lq35_pq10_c01_tp06_sl065,2025-03-07 13:00:00+00:00,STAGE29A,data/reports/stage29a_high_range_regime_continuation_discovery/stage29a_exact_trades.csv,high_range_london_continuation_v1,hr_london_follow_h13_lq35_pq10_c01_tp06_sl065,-2.209324999999899,-3.2593249999998988,-3.9593249999998985,0,0,0,1,3.2593249999998988,35.41000000000031,18.309999999999945,0.1982523211359978,16.63000000000011,0.6806975345760454,4.809999999999945,7.198499999999944,0.136,1.0,,,13,4,3.0,2025
2025-03-11 13:00:00+00:00|1.0|hr_london_follow_h13_lq35_pq10_c01_tp06_sl065,2025-03-11 13:00:00+00:00,STAGE29A,data/reports/stage29a_high_range_regime_continuation_discovery/stage29a_exact_trades.csv,high_range_london_continuation_v1,hr_london_follow_h13_lq35_pq10_c01_tp06_sl065,1.4893000000000938,0.4393000000000939,-0.2606999999999058,1,0,1,0,0.4393000000000939,38.28999999999997,20.169999999999614,0.4615765989092772,21.789999999999964,0.6608536025699915,3.5,7.216999999999894,0.156,1.0,,,13,1,3.0,2025
2025-03-14 13:00:00+00:00|1.0|hr_london_follow_h13_lq35_pq10_c01_tp06_sl065,2025-03-14 13:00:00+00:00,STAGE29A,data/reports/stage29a_high_range_regime_continuation_discovery/stage29a_exact_trades.csv,high_range_london_continuation_v1,hr_london_follow_h13_lq35_pq10_c01_tp06_sl065,-3.105349999999908,-4.155349999999908,-4.855349999999907,0,0,0,1,4.155349999999908,56.50999999999976,12.150000000000093,0.27160493827158044,24.0,0.32583333333334014,18.200000000000273,7.23599999999999,0.284,1.0,,,13,4,3.0,2025
2025-03-17 13:00:00+00:00|1.0|hr_london_follow_h13_lq35_pq10_c01_tp06_sl065,2025-03-17 13:00:00+00:00,STAGE29A,data/reports/stage29a_high_range_regime_continuation_discovery/stage29a_exact_trades.csv,high_range_london_continuation_v1,hr_london_follow_h13_lq35_pq10_c01_tp06_sl065,-1.9840999999997624,-3.034099999999762,-3.7340999999997617,0,0,0,0,3.034099999999762,10.909999999999854,11.659999999999854,0.14493996569468917,17.420000000000073,0.9466130884041167,4.769999999999982,5.485999999999967,0.024,1.0,,,13,0,3.0,2025
2025-03-20 13:00:00+00:00|-1.0|hr_london_follow_h13_lq35_pq10_c01_tp06_sl065,2025-03-20 13:00:00+00:00,STAGE29A,data/reports/stage29a_high_range_regime_continuation_discovery/stage29a_exact_trades.csv,high_range_london_continuation_v1,hr_london_follow_h13_lq35_pq10_c01_tp06_sl065,-2.8876000000001114,-3.9376000000001112,-4.637600000000111,0,0,0,1,3.9376000000001112,29.17999999999984,12.38000000000011,0.4491114701130773,28.14999999999964,0.6600355239786916,16.08999999999969,7.208000000000015,0.528,-1.0,,,13,3,3.0,2025
2025-03-21 13:00:00+00:00|1.0|hr_london_follow_h13_lq35_pq10_c01_tp06_sl065,2025-03-21 13:00:00+00:00,STAGE29A,data/reports/stage29a_high_range_regime_continuation_discovery/stage29a_exact_trades.csv,high_range_london_continuation_v1,hr_london_follow_h13_lq35_pq10_c01_tp06_sl065,-2.3763749999999164,-3.426374999999916,-4.126374999999916,0,0,0,1,3.426374999999916,32.0,19.5,0.7379487179487114,13.140000000000327,0.07686453576866005,3.8400000000001455,4.945999999999958,0.004,1.0,,,13,4,3.0,2025
2025-03-25 13:00:00+00:00|1.0|hr_london_follow_h13_lq35_pq10_c01_tp06_sl065,2025-03-25 13:00:00+00:00,STAGE29A,data/reports/stage29a_high_range_regime_continuation_discovery/stage29a_exact_trades.csv,high_range_london_continuation_v1,hr_london_follow_h13_lq35_pq10_c01_tp06_sl065,1.3198000000001229,0.269800000000123,-0.4301999999998767,1,0,1,0,0.269800000000123,30.789999999999964,8.889999999999873,0.4915635545556753,14.550000000000182,0.5862542955326212,4.1599999999998545,5.54200000000003,0.068,1.0,,,13,1,3.0,2025
2025-03-26 13:00:00+00:00|1.0|hr_london_follow_h13_lq35_pq10_c01_tp06_sl065,2025-03-26 13:00:00+00:00,STAGE29A,data/reports/stage29a_high_range_regime_continuation_discovery/stage29a_exact_trades.csv,high_range_london_continuation_v1,hr_london_follow_h13_lq35_pq10_c01_tp06_sl065,-2.112474999999995,-3.162474999999995,-3.8624749999999946,0,0,0,1,3.162474999999995,28.480000000000015,12.690000000000056,0.3065405831363165,18.789999999999964,0.4220329962746063,8.059999999999945,5.297999999999979,0.032,1.0,,,13,2,3.0,2025
2025-03-27 13:00:00+00:00|1.0|hr_london_follow_h13_lq35_pq10_c01_tp06_sl065,2025-03-27 13:00:00+00:00,STAGE29A,data/reports/stage29a_high_range_regime_continuation_discovery/stage29a_exact_trades.csv,high_range_london_continuation_v1,hr_london_follow_h13_lq35_pq10_c01_tp06_sl065,-2.777424999999857,-3.827424999999857,-4.527424999999857,0,0,0,1,3.827424999999857,19.840000000000146,21.110000000000127,0.7607768829938346,29.13000000000011,0.5918297288019283,16.09999999999991,5.74699999999998,0.212,1.0,,,13,3,3.0,2025
2025-03-28 13:00:00+00:00|1.0|hr_london_follow_h13_lq35_pq10_c01_tp06_sl065,2025-03-28 13:00:00+00:00,STAGE29A,data/reports/stage29a_high_range_regime_continuation_discovery/stage29a_exact_trades.csv,high_range_london_continuation_v1,hr_london_follow_h13_lq35_pq10_c01_tp06_sl065,2.047899999999936,0.997899999999936,0.2978999999999363,1,1,1,0,0.997899999999936,42.07999999999993,23.289999999999964,0.7745813653928721,19.77000000000044,0.018715225088535025,7.179999999999836,6.467000000000053,0.508,1.0,,,13,4,3.0,2025
2025-04-03 13:00:00+00:00|-1.0|hr_london_follow_h13_lq35_pq10_c01_tp06_sl065,2025-04-03 13:00:00+00:00,STAGE29A,data/reports/stage29a_high_range_regime_continuation_discovery/stage29a_exact_trades.csv,high_range_london_continuation_v1,hr_london_follow_h13_lq35_pq10_c01_tp06_sl065,3.6283000000002175,2.5783000000002176,1.878300000000218,1,1,1,0,2.5783000000002176,41.36000000000013,45.86000000000013,0.04513737461839737,33.409999999999854,0.7934750074827995,8.0,14.06049999999998,0.968,-1.0,,,13,3,4.0,2025
2025-04-07 13:00:00+00:00|1.0|hr_london_follow_h13_lq35_pq10_c01_tp06_sl065,2025-04-07 13:00:00+00:00,STAGE29A,data/reports/stage29a_high_range_regime_continuation_discovery/stage29a_exact_trades.csv,high_range_london_continuation_v1,hr_london_follow_h13_lq35_pq10_c01_tp06_sl065,5.775999999999749,4.725999999999749,4.025999999999749,1,1,1,0,4.725999999999749,31.919999999999614,84.09999999999991,0.11319857312722939,31.21000000000004,0.19801345722524283,13.6899999999996,26.00549999999989,0.968,1.0,,,13,0,4.0,2025
2025-04-11 13:00:00+00:00|1.0|hr_london_follow_h13_lq35_pq10_c01_tp06_sl065,2025-04-11 13:00:00+00:00,STAGE29A,data/reports/stage29a_high_range_regime_continuation_discovery/stage29a_exact_trades.csv,high_range_london_continuation_v1,hr_london_follow_h13_lq35_pq10_c01_tp06_sl065,-7.538674999999875,-8.588674999999876,-9.288674999999875,0,0,0,1,8.588674999999876,117.48000000000002,44.58999999999969,0.6503700381251447,42.96000000000004,0.23114525139664405,18.049999999999727,16.929500000000008,0.704,1.0,,,13,4,4.0,2025
2025-04-14 13:00:00+00:00|-1.0|hr_london_follow_h13_lq35_pq10_c01_tp06_sl065,2025-04-14 13:00:00+00:00,STAGE29A,data/reports/stage29a_high_range_regime_continuation_discovery/stage29a_exact_trades.csv,high_range_london_continuation_v1,hr_london_follow_h13_lq35_pq10_c01_tp06_sl065,-4.397875000000203,-5.447875000000204,-6.147875000000203,0,0,0,1,5.447875000000204,20.509999999999764,36.29999999999973,0.31129476584022775,21.46000000000004,0.39422180801491247,10.75,12.78000000000004,0.344,-1.0,,,13,0,4.0,2025
2025-04-21 13:00:00+00:00|1.0|hr_london_follow_h13_lq35_pq10_c01_tp06_sl065,2025-04-21 13:00:00+00:00,STAGE29A,data/reports/stage29a_high_range_regime_continuation_discovery/stage29a_exact_trades.csv,high_range_london_continuation_v1,hr_london_follow_h13_lq35_pq10_c01_tp06_sl065,-3.2941750000000867,-4.344175000000087,-5.044175000000086,0,0,0,1,4.344175000000087,24.230000000000015,56.29999999999973,0.6460035523978698,27.25,0.4565137614678919,6.049999999999727,12.712999999999965,0.252,1.0,,,13,0,4.0,2025
2025-04-30 13:00:00+00:00|-1.0|hr_london_follow_h13_lq35_pq10_c01_tp06_sl065,2025-04-30 13:00:00+00:00,STAGE29A,data/reports/stage29a_high_range_regime_continuation_discovery/stage29a_exact_trades.csv,high_range_london_continuation_v1,hr_london_follow_h13_lq35_pq10_c01_tp06_sl065,-4.5262499999999815,-5.576249999999982,-6.2762499999999815,0,0,0,1,5.576249999999982,48.690000000000055,24.269999999999985,0.5937371240214201,39.57999999999993,0.7271349166245528,11.799999999999727,11.332499999999936,0.14,-1.0,,,13,2,4.0,2025
2025-05-01 13:00:00+00:00|-1.0|hr_london_follow_h13_lq35_pq10_c01_tp06_sl065,2025-05-01 13:00:00+00:00,STAGE29A,data/reports/stage29a_high_range_regime_continuation_discovery/stage29a_exact_trades.csv,high_range_london_continuation_v1,hr_london_follow_h13_lq35_pq10_c01_tp06_sl065,-4.147950000000128,-5.197950000000128,-5.897950000000128,0,0,0,1,5.197950000000128,60.86999999999989,61.15000000000009,0.7282093213409596,27.449999999999815,0.39744990892533266,20.409999999999854,14.614999999999963,0.46,-1.0,,,13,3,5.0,2025
2025-05-09 13:00:00+00:00|1.0|hr_london_follow_h13_lq35_pq10_c01_tp06_sl065,2025-05-09 13:00:00+00:00,STAGE29A,data/reports/stage29a_high_range_regime_continuation_discovery/stage29a_exact_trades.csv,high_range_london_continuation_v1,hr_london_follow_h13_lq35_pq10_c01_tp06_sl065,-4.128449999999793,-5.178449999999794,-5.878449999999793,0,0,0,1,5.178449999999794,126.18000000000028,49.309999999999945,0.3214358142364617,24.079999999999927,0.7093023255813945,5.7199999999998,16.525499999999965,0.712,1.0,,,13,4,5.0,2025
2025-05-14 13:00:00+00:00|1.0|hr_london_follow_h13_lq35_pq10_c01_tp06_sl065,2025-05-14 13:00:00+00:00,STAGE29A,data/reports/stage29a_high_range_regime_continuation_discovery/stage29a_exact_trades.csv,high_range_london_continuation_v1,hr_london_follow_h13_lq35_pq10_c01_tp06_sl065,-4.064425000000119,-5.11442500000012,-5.814425000000119,0,0,0,1,5.11442500000012,49.62999999999965,30.800000000000185,0.849025974025972,22.360000000000127,0.1797853309481198,7.360000000000127,10.046499999999991,0.012,1.0,,,13,2,5.0,2025
2025-05-15 13:00:00+00:00|1.0|hr_london_follow_h13_lq35_pq10_c01_tp06_sl065,2025-05-15 13:00:00+00:00,STAGE29A,data/reports/stage29a_high_range_regime_continuation_discovery/stage29a_exact_trades.csv,high_range_london_continuation_v1,hr_london_follow_h13_lq35_pq10_c01_tp06_sl065,-6.468774999999914,-7.518774999999914,-8.218774999999914,0,0,0,1,7.518774999999914,88.99000000000024,44.32000000000016,0.7274368231046958,50.940000000000055,0.290341578327443,12.239999999999782,14.491500000000087,0.548,1.0,,,13,3,5.0,2025
2025-05-16 13:00:00+00:00|-1.0|hr_london_follow_h13_lq35_pq10_c01_tp06_sl065,2025-05-16 13:00:00+00:00,STAGE29A,data/reports/stage29a_high_range_regime_continuation_discovery/stage29a_exact_trades.csv,high_range_london_continuation_v1,hr_london_follow_h13_lq35_pq10_c01_tp06_sl065,-5.144399999999768,-6.194399999999769,-6.894399999999768,0,0,0,1,6.194399999999769,131.69000000000003,45.57999999999993,0.8600263273365585,35.88000000000011,0.07413600891861333,9.079999999999927,13.179999999999927,0.332,-1.0,,,13,4,5.0,2025
2025-05-29 13:00:00+00:00|1.0|hr_london_follow_h13_lq35_pq10_c01_tp06_sl065,2025-05-29 13:00:00+00:00,STAGE29A,data/reports/stage29a_high_range_regime_continuation_discovery/stage29a_exact_trades.csv,high_range_london_continuation_v1,hr_london_follow_h13_lq35_pq10_c01_tp06_sl065,-3.628925000000072,-4.678925000000072,-5.378925000000072,0,0,0,1,4.678925000000072,48.7199999999998,49.67000000000007,0.2415945238574589,23.24000000000024,0.3222891566265129,6.980000000000018,13.875999999999976,0.708,1.0,,,13,3,5.0,2025
2025-05-30 13:00:00+00:00|1.0|hr_london_follow_h13_lq35_pq10_c01_tp06_sl065,2025-05-30 13:00:00+00:00,STAGE29A,data/reports/stage29a_high_range_regime_continuation_discovery/stage29a_exact_trades.csv,high_range_london_continuation_v1,hr_london_follow_h13_lq35_pq10_c01_tp06_sl065,-4.305899999999928,-5.355899999999929,-6.055899999999928,0,0,0,1,5.355899999999929,85.5,31.449999999999815,0.6311605723370437,17.59999999999991,0.06193181818182677,6.649999999999636,9.561000000000012,0.124,1.0,,,13,4,5.0,2025
2025-06-05 13:00:00+00:00|1.0|hr_london_follow_h13_lq35_pq10_c01_tp06_sl065,2025-06-05 13:00:00+00:00,STAGE29A,data/reports/stage29a_high_range_regime_continuation_discovery/stage29a_exact_trades.csv,high_range_london_continuation_v1,hr_london_follow_h13_lq35_pq10_c01_tp06_sl065,2.480500000000029,1.4305000000000292,0.7305000000000295,1,1,1,0,1.4305000000000292,40.88999999999987,15.769999999999982,0.24413443246670347,30.279999999999745,0.6647952443857423,17.199999999999818,9.147000000000002,0.148,1.0,,,13,3,6.0,2025
2025-06-09 13:00:00+00:00|1.0|hr_london_follow_h13_lq35_pq10_c01_tp06_sl065,2025-06-09 13:00:00+00:00,STAGE29A,data/reports/stage29a_high_range_regime_continuation_discovery/stage29a_exact_trades.csv,high_range_london_continuation_v1,hr_london_follow_h13_lq35_pq10_c01_tp06_sl065,-2.8970249999998487,-3.947024999999849,-4.647024999999848,0,0,0,1,3.947024999999849,11.909999999999854,27.62999999999965,0.1458559536735523,19.21000000000004,0.4122852680895397,6.599999999999909,9.362500000000068,0.208,1.0,,,13,0,6.0,2025
2025-06-13 13:00:00+00:00|-1.0|hr_london_follow_h13_lq35_pq10_c01_tp06_sl065,2025-06-13 13:00:00+00:00,STAGE29A,data/reports/stage29a_high_range_regime_continuation_discovery/stage29a_exact_trades.csv,high_range_london_continuation_v1,hr_london_follow_h13_lq35_pq10_c01_tp06_sl065,-4.438174999999864,-5.488174999999865,-6.188174999999864,0,0,0,1,5.488174999999865,60.32000000000016,64.65000000000009,0.6521268368136086,22.43000000000029,0.05840392331698299,7.2400000000002365,12.121500000000015,0.816,-1.0,,,13,4,6.0,2025
2025-07-01 13:00:00+00:00|1.0|hr_london_follow_h13_lq35_pq10_c01_tp06_sl065,2025-07-01 13:00:00+00:00,STAGE29A,data/reports/stage29a_high_range_regime_continuation_discovery/stage29a_exact_trades.csv,high_range_london_continuation_v1,hr_london_follow_h13_lq35_pq10_c01_tp06_sl065,-2.8996250000001056,-3.9496250000001054,-4.649625000000105,0,0,0,1,3.9496250000001054,63.93000000000029,20.279999999999745,0.4817554240631215,29.08999999999969,0.8446201443795108,9.88000000000011,7.409500000000071,0.072,1.0,,,13,1,7.0,2025
2025-07-24 13:00:00+00:00|-1.0|hr_london_follow_h13_lq35_pq10_c01_tp06_sl065,2025-07-24 13:00:00+00:00,STAGE29A,data/reports/stage29a_high_range_regime_continuation_discovery/stage29a_exact_trades.csv,high_range_london_continuation_v1,hr_london_follow_h13_lq35_pq10_c01_tp06_sl065,-3.2363249999999426,-4.286324999999943,-4.986324999999942,0,0,0,1,4.286324999999943,57.620000000000346,18.539999999999964,0.1564185544768121,23.389999999999876,0.8610517315092107,8.049999999999727,8.378999999999929,0.768,-1.0,,,13,3,7.0,2025
2025-08-05 13:00:00+00:00|-1.0|hr_london_follow_h13_lq35_pq10_c01_tp06_sl065,2025-08-05 13:00:00+00:00,STAGE29A,data/reports/stage29a_high_range_regime_continuation_discovery/stage29a_exact_trades.csv,high_range_london_continuation_v1,hr_london_follow_h13_lq35_pq10_c01_tp06_sl065,-2.7293249999998808,-3.7793249999998806,-4.47932499999988,0,0,0,1,3.7793249999998806,40.25999999999976,10.429999999999836,0.2550335570470135,16.519999999999982,0.7481840193704686,7.330000000000382,5.739000000000033,0.016,-1.0,,,13,1,8.0,2025
2025-09-04 13:00:00+00:00|1.0|hr_london_follow_h13_lq35_pq10_c01_tp06_sl065,2025-09-04 13:00:00+00:00,STAGE29A,data/reports/stage29a_high_range_regime_continuation_discovery/stage29a_exact_trades.csv,high_range_london_continuation_v1,hr_london_follow_h13_lq35_pq10_c01_tp06_sl065,-3.717000000000189,-4.7670000000001895,-5.467000000000189,0,0,0,1,4.7670000000001895,52.10999999999967,52.7800000000002,0.6220159151193596,20.90000000000009,0.44928229665073144,8.169999999999618,11.038500000000045,0.94,1.0,,,13,3,9.0,2025
2025-09-05 13:00:00+00:00|-1.0|hr_london_follow_h13_lq35_pq10_c01_tp06_sl065,2025-09-05 13:00:00+00:00,STAGE29A,data/reports/stage29a_high_range_regime_continuation_discovery/stage29a_exact_trades.csv,high_range_london_continuation_v1,hr_london_follow_h13_lq35_pq10_c01_tp06_sl065,-2.6295500000001995,-3.6795500000001993,-4.379550000000199,0,0,0,1,3.6795500000001993,52.7800000000002,19.300000000000185,0.9113989637305453,16.36999999999989,0.3671350030543835,7.690000000000055,8.279500000000008,0.584,-1.0,,,13,4,9.0,2025
2025-09-08 13:00:00+00:00|1.0|hr_london_follow_h13_lq35_pq10_c01_tp06_sl065,2025-09-08 13:00:00+00:00,STAGE29A,data/reports/stage29a_high_range_regime_continuation_discovery/stage29a_exact_trades.csv,high_range_london_continuation_v1,hr_london_follow_h13_lq35_pq10_c01_tp06_sl065,-3.496325000000161,-4.546325000000161,-5.24632500000016,0,0,0,1,4.546325000000161,18.25,18.559999999999945,0.46821120689655604,37.67999999999984,0.8017515923566924,6.2599999999997635,9.490000000000032,0.636,1.0,,,13,0,9.0,2025
2025-09-17 13:00:00+00:00|-1.0|hr_london_follow_h13_lq35_pq10_c01_tp06_sl065,2025-09-17 13:00:00+00:00,STAGE29A,data/reports/stage29a_high_range_regime_continuation_discovery/stage29a_exact_trades.csv,high_range_london_continuation_v1,hr_london_follow_h13_lq35_pq10_c01_tp06_sl065,-3.36989999999978,-4.41989999999978,-5.119899999999779,0,0,0,1,4.41989999999978,28.450000000000276,21.039999999999964,0.4857414448669115,23.46000000000004,0.5920716112531906,7.080000000000382,6.962500000000023,0.112,-1.0,,,13,2,9.0,2025
2025-09-23 13:00:00+00:00|1.0|hr_london_follow_h13_lq35_pq10_c01_tp06_sl065,2025-09-23 13:00:00+00:00,STAGE29A,data/reports/stage29a_high_range_regime_continuation_discovery/stage29a_exact_trades.csv,high_range_london_continuation_v1,hr_london_follow_h13_lq35_pq10_c01_tp06_sl065,-4.175899999999819,-5.22589999999982,-5.925899999999819,0,0,0,1,5.22589999999982,65.05000000000018,22.389999999999876,0.2880750334970904,48.059999999999945,0.7973366625052062,16.890000000000327,9.975999999999953,0.8,1.0,,,13,1,9.0,2025
2025-09-29 13:00:00+00:00|1.0|hr_london_follow_h13_lq35_pq10_c01_tp06_sl065,2025-09-29 13:00:00+00:00,STAGE29A,data/reports/stage29a_high_range_regime_continuation_discovery/stage29a_exact_trades.csv,high_range_london_continuation_v1,hr_london_follow_h13_lq35_pq10_c01_tp06_sl065,3.3936999999999897,2.34369999999999,1.6436999999999902,1,1,1,0,2.34369999999999,14.63000000000011,43.03999999999997,0.5534386617100309,27.38000000000011,0.4755295836376892,12.670000000000073,12.45499999999995,0.912,1.0,,,13,0,9.0,2025
2025-10-03 13:00:00+00:00|1.0|hr_london_follow_h13_lq35_pq10_c01_tp06_sl065,2025-10-03 13:00:00+00:00,STAGE29A,data/reports/stage29a_high_range_regime_continuation_discovery/stage29a_exact_trades.csv,high_range_london_continuation_v1,hr_london_follow_h13_lq35_pq10_c01_tp06_sl065,-3.0250750000001063,-4.075075000000107,-4.775075000000106,0,0,0,1,4.075075000000107,77.53999999999996,25.700000000000276,0.5634241245136135,24.0,0.8966666666666848,7.970000000000255,12.19350000000004,0.668,1.0,,,13,4,10.0,2025
2025-10-15 13:00:00+00:00|1.0|hr_london_follow_h13_lq35_pq10_c01_tp06_sl065,2025-10-15 13:00:00+00:00,STAGE29A,data/reports/stage29a_high_range_regime_continuation_discovery/stage29a_exact_trades.csv,high_range_london_continuation_v1,hr_london_follow_h13_lq35_pq10_c01_tp06_sl065,-6.200975000000289,-7.25097500000029,-7.950975000000289,0,0,0,1,7.25097500000029,89.0300000000002,50.0600000000004,0.5687175389532566,53.57999999999993,0.10246360582308135,47.43000000000029,17.262500000000045,0.688,1.0,,,13,2,10.0,2025
2025-10-17 13:00:00+00:00|-1.0|hr_london_follow_h13_lq35_pq10_c01_tp06_sl065,2025-10-17 13:00:00+00:00,STAGE29A,data/reports/stage29a_high_range_regime_continuation_discovery/stage29a_exact_trades.csv,high_range_london_continuation_v1,hr_london_follow_h13_lq35_pq10_c01_tp06_sl065,8.451099999999679,7.401099999999678,6.701099999999679,1,1,1,0,7.401099999999678,151.92999999999938,100.69999999999982,0.19721946375372104,66.96000000000004,0.39575866188769393,16.140000000000327,31.05650000000005,0.992,-1.0,,,13,4,10.0,2025
2025-10-20 13:00:00+00:00|-1.0|hr_london_follow_h13_lq35_pq10_c01_tp06_sl065,2025-10-20 13:00:00+00:00,STAGE29A,data/reports/stage29a_high_range_regime_continuation_discovery/stage29a_exact_trades.csv,high_range_london_continuation_v1,hr_london_follow_h13_lq35_pq10_c01_tp06_sl065,6.1692999999999305,5.11929999999993,4.4192999999999305,1,1,1,0,5.11929999999993,35.11999999999989,55.51999999999953,0.16264409221903336,46.61000000000058,0.08496030894655819,13.170000000000073,26.351499999999987,0.876,-1.0,,,13,0,10.0,2025
2025-10-21 13:00:00+00:00|-1.0|hr_london_follow_h13_lq35_pq10_c01_tp06_sl065,2025-10-21 13:00:00+00:00,STAGE29A,data/reports/stage29a_high_range_regime_continuation_discovery/stage29a_exact_trades.csv,high_range_london_continuation_v1,hr_london_follow_h13_lq35_pq10_c01_tp06_sl065,8.885499999999775,7.835499999999774,7.135499999999775,1,1,1,0,7.835499999999774,162.71999999999937,42.36000000000058,0.4952785646836467,102.25,0.796479217603908,23.349999999999454,24.80199999999986,0.836,-1.0,,,13,1,10.0,2025
2025-10-27 13:00:00+00:00|-1.0|hr_london_follow_h13_lq35_pq10_c01_tp06_sl065,2025-10-27 13:00:00+00:00,STAGE29A,data/reports/stage29a_high_range_regime_continuation_discovery/stage29a_exact_trades.csv,high_range_london_continuation_v1,hr_london_follow_h13_lq35_pq10_c01_tp06_sl065,-7.619925000000057,-8.669925000000058,-9.369925000000055,0,0,0,1,8.669925000000058,47.21000000000004,55.55000000000018,0.6064806480648136,60.00999999999976,0.5222462922846237,18.759999999999764,22.817499999999974,0.476,-1.0,,,13,0,10.0,2025
2025-10-28 13:00:00+00:00|-1.0|hr_london_follow_h13_lq35_pq10_c01_tp06_sl065,2025-10-28 13:00:00+00:00,STAGE29A,data/reports/stage29a_high_range_regime_continuation_discovery/stage29a_exact_trades.csv,high_range_london_continuation_v1,hr_london_follow_h13_lq35_pq10_c01_tp06_sl065,-8.682675000000108,-9.732675000000109,-10.432675000000108,0,0,0,1,9.732675000000109,137.97000000000023,55.86000000000013,0.19638381668457267,93.62000000000036,0.5054475539414653,30.68000000000029,23.399000000000022,0.512,-1.0,,,13,1,10.0,2025
2025-11-05 13:00:00+00:00|-1.0|hr_london_follow_h13_lq35_pq10_c01_tp06_sl065,2025-11-05 13:00:00+00:00,STAGE29A,data/reports/stage29a_high_range_regime_continuation_discovery/stage29a_exact_trades.csv,high_range_london_continuation_v1,hr_london_follow_h13_lq35_pq10_c01_tp06_sl065,-5.153499999999985,-6.203499999999986,-6.903499999999985,0,0,0,1,6.203499999999986,77.37999999999965,44.4399999999996,0.800405040504051,31.25,0.18431999999999243,15.75,15.218499999999972,0.024,-1.0,,,13,2,11.0,2025
2025-11-06 13:00:00+00:00|1.0|hr_london_follow_h13_lq35_pq10_c01_tp06_sl065,2025-11-06 13:00:00+00:00,STAGE29A,data/reports/stage29a_high_range_regime_continuation_discovery/stage29a_exact_trades.csv,high_range_london_continuation_v1,hr_london_follow_h13_lq35_pq10_c01_tp06_sl065,2.8762000000000625,1.8262000000000629,1.126200000000063,1,1,1,0,1.8262000000000629,61.58999999999969,25.949999999999815,0.5865125240847748,34.51999999999998,0.571552723059097,7.070000000000164,10.239000000000033,0.004,1.0,,,13,3,11.0,2025
2025-11-11 13:00:00+00:00|-1.0|hr_london_follow_h13_lq35_pq10_c01_tp06_sl065,2025-11-11 13:00:00+00:00,STAGE29A,data/reports/stage29a_high_range_regime_continuation_discovery/stage29a_exact_trades.csv,high_range_london_continuation_v1,hr_london_follow_h13_lq35_pq10_c01_tp06_sl065,-3.971474999999919,-5.021474999999919,-5.721474999999918,0,0,0,1,5.021474999999919,122.17999999999984,33.89000000000033,0.6878135143110113,21.980000000000476,0.06505914467699091,7.1599999999998545,11.308499999999913,0.056,-1.0,,,13,1,11.0,2025
2025-11-12 13:00:00+00:00|1.0|hr_london_follow_h13_lq35_pq10_c01_tp06_sl065,2025-11-12 13:00:00+00:00,STAGE29A,data/reports/stage29a_high_range_regime_continuation_discovery/stage29a_exact_trades.csv,high_range_london_continuation_v1,hr_london_follow_h13_lq35_pq10_c01_tp06_sl065,-4.965324999999757,-6.015324999999757,-6.715324999999757,0,0,0,1,6.015324999999757,51.60000000000037,41.720000000000255,0.7739693192713271,34.56999999999971,0.5001446340757915,10.8100000000004,13.348500000000058,0.352,1.0,,,13,2,11.0,2025
2025-11-13 13:00:00+00:00|1.0|hr_london_follow_h13_lq35_pq10_c01_tp06_sl065,2025-11-13 13:00:00+00:00,STAGE29A,data/reports/stage29a_high_range_regime_continuation_discovery/stage29a_exact_trades.csv,high_range_london_continuation_v1,hr_london_follow_h13_lq35_pq10_c01_tp06_sl065,-5.443399999999746,-6.493399999999747,-7.193399999999746,0,0,0,1,6.493399999999747,112.90999999999984,39.74000000000069,0.4574735782586579,37.099999999999454,0.4256064690027007,18.549999999999272,18.722999999999956,0.772,1.0,,,13,3,11.0,2025
2025-11-14 13:00:00+00:00|-1.0|hr_london_follow_h13_lq35_pq10_c01_tp06_sl065,2025-11-14 13:00:00+00:00,STAGE29A,data/reports/stage29a_high_range_regime_continuation_discovery/stage29a_exact_trades.csv,high_range_london_continuation_v1,hr_london_follow_h13_lq35_pq10_c01_tp06_sl065,-6.900374999999803,-7.950374999999804,-8.650374999999803,0,0,0,1,7.950374999999804,100.11999999999988,41.19999999999982,0.4191747572815438,44.849999999999454,0.7906354515050271,11.11999999999989,18.576999999999863,0.792,-1.0,,,13,4,11.0,2025
2025-11-17 13:00:00+00:00|-1.0|hr_london_follow_h13_lq35_pq10_c01_tp06_sl065,2025-11-17 13:00:00+00:00,STAGE29A,data/reports/stage29a_high_range_regime_continuation_discovery/stage29a_exact_trades.csv,high_range_london_continuation_v1,hr_london_follow_h13_lq35_pq10_c01_tp06_sl065,4.63779999999988,3.5877999999998798,2.88779999999988,1,1,1,0,3.5877999999998798,32.4699999999998,36.690000000000055,0.48460070863996113,46.059999999999945,0.18019973947025048,21.769999999999982,19.9484999999999,0.856,-1.0,,,13,0,11.0,2025
2025-11-18 13:00:00+00:00|1.0|hr_london_follow_h13_lq35_pq10_c01_tp06_sl065,2025-11-18 13:00:00+00:00,STAGE29A,data/reports/stage29a_high_range_regime_continuation_discovery/stage29a_exact_trades.csv,high_range_london_continuation_v1,hr_london_follow_h13_lq35_pq10_c01_tp06_sl065,-6.149625000000105,-7.199625000000106,-7.899625000000105,0,0,0,1,7.199625000000106,99.80999999999996,50.38999999999987,0.5225243103790433,52.27999999999975,0.644988523335883,12.899999999999636,20.05499999999997,0.8,1.0,,,13,1,11.0,2025
2025-11-19 13:00:00+00:00|1.0|hr_london_follow_h13_lq35_pq10_c01_tp06_sl065,2025-11-19 13:00:00+00:00,STAGE29A,data/reports/stage29a_high_range_regime_continuation_discovery/stage29a_exact_trades.csv,high_range_london_continuation_v1,hr_london_follow_h13_lq35_pq10_c01_tp06_sl065,4.422699999999532,3.3726999999995315,2.672699999999532,1,1,1,0,3.3726999999995315,84.03999999999996,24.850000000000364,0.06156941649900111,44.95000000000027,0.7506117908787447,11.990000000000691,15.576000000000112,0.516,1.0,,,13,2,11.0,2025
2025-11-20 13:00:00+00:00|-1.0|hr_london_follow_h13_lq35_pq10_c01_tp06_sl065,2025-11-20 13:00:00+00:00,STAGE29A,data/reports/stage29a_high_range_regime_continuation_discovery/stage29a_exact_trades.csv,high_range_london_continuation_v1,hr_london_follow_h13_lq35_pq10_c01_tp06_sl065,-7.42102500000019,-8.471025000000191,-9.17102500000019,0,0,0,1,8.471025000000191,76.84000000000015,69.11999999999944,0.4225983796296336,39.01000000000022,0.403229941040757,9.940000000000055,21.13399999999997,0.876,-1.0,,,13,3,11.0,2025
2025-11-27 13:00:00+00:00|1.0|hr_london_follow_h13_lq35_pq10_c01_tp06_sl065,2025-11-27 13:00:00+00:00,STAGE29A,data/reports/stage29a_high_range_regime_continuation_discovery/stage29a_exact_trades.csv,high_range_london_continuation_v1,hr_london_follow_h13_lq35_pq10_c01_tp06_sl065,2.496700000000055,1.4467000000000554,0.7467000000000557,1,1,1,0,1.4467000000000554,43.90000000000055,25.90999999999985,0.5461211887302441,22.269999999999527,0.26178715761113835,8.109999999999673,9.91649999999986,0.004,1.0,,,13,3,11.0,2025
2025-12-03 13:00:00+00:00|-1.0|hr_london_follow_h13_lq35_pq10_c01_tp06_sl065,2025-12-03 13:00:00+00:00,STAGE29A,data/reports/stage29a_high_range_regime_continuation_discovery/stage29a_exact_trades.csv,high_range_london_continuation_v1,hr_london_follow_h13_lq35_pq10_c01_tp06_sl065,-3.6529749999996057,-4.702974999999606,-5.402974999999605,0,0,0,1,4.702974999999606,72.11999999999989,26.11999999999989,0.3575803981623348,29.22000000000025,0.7488021902806269,10.140000000000327,13.567500000000063,0.224,-1.0,,,13,2,12.0,2025
2025-12-04 13:00:00+00:00|1.0|hr_london_follow_h13_lq35_pq10_c01_tp06_sl065,2025-12-04 13:00:00+00:00,STAGE29A,data/reports/stage29a_high_range_regime_continuation_discovery/stage29a_exact_trades.csv,high_range_london_continuation_v1,hr_london_follow_h13_lq35_pq10_c01_tp06_sl065,-3.989350000000377,-5.039350000000377,-5.7393500000003765,0,0,0,1,5.039350000000377,46.89000000000033,29.47000000000025,0.34747200542923967,27.340000000000146,0.009509875640095717,6.0,13.181500000000005,0.212,1.0,,,13,3,12.0,2025
2025-12-12 13:00:00+00:00|1.0|hr_london_follow_h13_lq35_pq10_c01_tp06_sl065,2025-12-12 13:00:00+00:00,STAGE29A,data/reports/stage29a_high_range_regime_continuation_discovery/stage29a_exact_trades.csv,high_range_london_continuation_v1,hr_london_follow_h13_lq35_pq10_c01_tp06_sl065,-4.596124999999665,-5.646124999999666,-6.346124999999665,0,0,0,1,5.646124999999666,81.61000000000058,18.800000000000185,0.5281914893616642,64.73999999999978,0.9800741427247597,16.06999999999971,13.740999999999985,0.576,1.0,,,13,4,12.0,2025
2025-12-24 13:00:00+00:00|-1.0|hr_london_follow_h13_lq35_pq10_c01_tp06_sl065,2025-12-24 13:00:00+00:00,STAGE29A,data/reports/stage29a_high_range_regime_continuation_discovery/stage29a_exact_trades.csv,high_range_london_continuation_v1,hr_london_follow_h13_lq35_pq10_c01_tp06_sl065,3.773199999999997,2.723199999999997,2.023199999999997,1,1,1,0,2.723199999999997,75.19000000000051,54.51000000000022,0.07228031553842569,22.300000000000185,0.43094170403585624,17.61999999999989,17.785499999999956,0.936,-1.0,,,13,2,12.0,2025
2025-12-29 13:00:00+00:00|-1.0|hr_london_follow_h13_lq35_pq10_c01_tp06_sl065,2025-12-29 13:00:00+00:00,STAGE29A,data/reports/stage29a_high_range_regime_continuation_discovery/stage29a_exact_trades.csv,high_range_london_continuation_v1,hr_london_follow_h13_lq35_pq10_c01_tp06_sl065,-7.8006250000004,-8.8506250000004,-9.5506250000004,0,0,0,1,8.8506250000004,26.170000000000076,76.92000000000007,0.15665626625065224,71.97000000000025,0.7582325969153874,17.44000000000051,24.355500000000074,0.988,-1.0,,,13,0,12.0,2025
2025-12-30 13:00:00+00:00|1.0|hr_london_follow_h13_lq35_pq10_c01_tp06_sl065,2025-12-30 13:00:00+00:00,STAGE29A,data/reports/stage29a_high_range_regime_continuation_discovery/stage29a_exact_trades.csv,high_range_london_continuation_v1,hr_london_follow_h13_lq35_pq10_c01_tp06_sl065,5.162799999999516,4.112799999999515,3.412799999999516,1,1,1,0,4.112799999999515,246.52999999999972,45.98999999999978,0.38704066101326956,41.36000000000058,0.5118471953578282,23.890000000000327,20.83650000000016,0.868,1.0,,,13,1,12.0,2025
2026-01-06 13:00:00+00:00|-1.0|hr_london_follow_h13_lq35_pq10_c01_tp06_sl065,2026-01-06 13:00:00+00:00,STAGE29A,data/reports/stage29a_high_range_regime_continuation_discovery/stage29a_exact_trades.csv,high_range_london_continuation_v1,hr_london_follow_h13_lq35_pq10_c01_tp06_sl065,-4.887325000000237,-5.9373250000002376,-6.637325000000237,0,0,0,1,5.9373250000002376,110.64000000000031,40.53999999999997,0.6625555007400024,32.96000000000004,0.46450242718447765,13.220000000000255,15.324999999999955,0.312,-1.0,,,13,1,1.0,2026
2026-01-07 13:00:00+00:00|-1.0|hr_london_follow_h13_lq35_pq10_c01_tp06_sl065,2026-01-07 13:00:00+00:00,STAGE29A,data/reports/stage29a_high_range_regime_continuation_discovery/stage29a_exact_trades.csv,high_range_london_continuation_v1,hr_london_follow_h13_lq35_pq10_c01_tp06_sl065,3.720099999999911,2.6700999999999118,1.970099999999912,1,1,1,0,2.6700999999999118,69.30999999999949,40.720000000000255,0.7094793713163101,33.11999999999989,0.011171497584537804,8.900000000000546,15.482000000000061,0.284,-1.0,,,13,2,1.0,2026
2026-01-13 13:00:00+00:00|-1.0|hr_london_follow_h13_lq35_pq10_c01_tp06_sl065,2026-01-13 13:00:00+00:00,STAGE29A,data/reports/stage29a_high_range_regime_continuation_discovery/stage29a_exact_trades.csv,high_range_london_continuation_v1,hr_london_follow_h13_lq35_pq10_c01_tp06_sl065,-4.6601500000002485,-5.710150000000249,-6.4101500000002485,0,0,0,1,5.710150000000249,116.96000000000004,32.23000000000047,0.0896680111697265,28.42999999999938,0.3496306718255619,7.829999999999927,15.20250000000001,0.184,-1.0,,,13,1,1.0,2026
2026-01-14 13:00:00+00:00|1.0|hr_london_follow_h13_lq35_pq10_c01_tp06_sl065,2026-01-14 13:00:00+00:00,STAGE29A,data/reports/stage29a_high_range_regime_continuation_discovery/stage29a_exact_trades.csv,high_range_london_continuation_v1,hr_london_follow_h13_lq35_pq10_c01_tp06_sl065,-4.402749999999832,-5.452749999999833,-6.152749999999832,0,0,0,1,5.452749999999833,64.76999999999953,42.88000000000011,0.705457089552237,21.579999999999927,0.15848007414272866,10.30999999999949,16.248499999999968,0.396,1.0,,,13,2,1.0,2026
2026-01-23 13:00:00+00:00|-1.0|hr_london_follow_h13_lq35_pq10_c01_tp06_sl065,2026-01-23 13:00:00+00:00,STAGE29A,data/reports/stage29a_high_range_regime_continuation_discovery/stage29a_exact_trades.csv,high_range_london_continuation_v1,hr_london_follow_h13_lq35_pq10_c01_tp06_sl065,-7.585800000000381,-8.635800000000382,-9.33580000000038,0,0,0,1,8.635800000000382,187.4799999999996,36.32999999999993,0.07349298100743402,67.39999999999964,0.3921364985163269,16.6899999999996,22.539999999999964,0.78,-1.0,,,13,4,1.0,2026
2026-01-27 13:00:00+00:00|1.0|hr_london_follow_h13_lq35_pq10_c01_tp06_sl065,2026-01-27 13:00:00+00:00,STAGE29A,data/reports/stage29a_high_range_regime_continuation_discovery/stage29a_exact_trades.csv,high_range_london_continuation_v1,hr_london_follow_h13_lq35_pq10_c01_tp06_sl065,-6.362499999999818,-7.412499999999818,-8.112499999999818,0,0,0,1,7.412499999999818,120.89999999999964,66.71999999999935,0.3625599520383805,43.27999999999975,0.441543438077629,16.399999999999636,33.254499999999915,0.948,1.0,,,13,1,1.0,2026
2026-02-02 13:00:00+00:00|1.0|hr_london_follow_h13_lq35_pq10_c01_tp06_sl065,2026-02-02 13:00:00+00:00,STAGE29A,data/reports/stage29a_high_range_regime_continuation_discovery/stage29a_exact_trades.csv,high_range_london_continuation_v1,hr_london_follow_h13_lq35_pq10_c01_tp06_sl065,-37.09774999999954,-38.14774999999954,-38.84774999999954,0,0,0,1,38.14774999999954,168.01999999999953,300.52999999999975,0.20949655608425147,330.25,0.07887963663891047,76.39999999999964,133.36349999999976,0.992,1.0,,,13,0,2.0,2026
2026-02-03 13:00:00+00:00|1.0|hr_london_follow_h13_lq35_pq10_c01_tp06_sl065,2026-02-03 13:00:00+00:00,STAGE29A,data/reports/stage29a_high_range_regime_continuation_discovery/stage29a_exact_trades.csv,high_range_london_continuation_v1,hr_london_follow_h13_lq35_pq10_c01_tp06_sl065,-14.74522500000021,-15.79522500000021,-16.49522500000021,0,0,0,1,15.79522500000021,481.1899999999996,189.4900000000007,0.18222597498548535,139.53999999999996,0.6661889064067655,27.98999999999978,66.50050000000006,0.728,1.0,,,13,1,2.0,2026
2026-02-04 13:00:00+00:00|-1.0|hr_london_follow_h13_lq35_pq10_c01_tp06_sl065,2026-02-04 13:00:00+00:00,STAGE29A,data/reports/stage29a_high_range_regime_continuation_discovery/stage29a_exact_trades.csv,high_range_london_continuation_v1,hr_london_follow_h13_lq35_pq10_c01_tp06_sl065,-11.170225000000393,-12.220225000000392,-12.920225000000393,0,0,0,1,12.220225000000392,327.29,170.6200000000008,0.7802133395850385,50.0,0.6368000000000029,22.479999999999563,46.102499999999964,0.572,-1.0,,,13,2,2.0,2026
2026-02-05 13:00:00+00:00|1.0|hr_london_follow_h13_lq35_pq10_c01_tp06_sl065,2026-02-05 13:00:00+00:00,STAGE29A,data/reports/stage29a_high_range_regime_continuation_discovery/stage29a_exact_trades.csv,high_range_london_continuation_v1,hr_london_follow_h13_lq35_pq10_c01_tp06_sl065,-17.33319999999967,-18.38319999999967,-19.08319999999967,0,0,0,1,18.38319999999967,239.94999999999985,234.4100000000008,0.6337613583038263,116.44999999999982,0.11592958351223719,38.779999999999745,60.45800000000004,0.704,1.0,,,13,3,2.0,2026
2026-02-06 13:00:00+00:00|1.0|hr_london_follow_h13_lq35_pq10_c01_tp06_sl065,2026-02-06 13:00:00+00:00,STAGE29A,data/reports/stage29a_high_range_regime_continuation_discovery/stage29a_exact_trades.csv,high_range_london_continuation_v1,hr_london_follow_h13_lq35_pq10_c01_tp06_sl065,-14.052975000000153,-15.102975000000152,-15.802975000000153,0,0,0,1,15.102975000000152,320.3100000000004,191.01000000000025,0.5794461022983098,95.03999999999996,0.6758207070707027,28.18000000000029,61.26499999999987,0.672,1.0,,,13,4,2.0,2026
2026-02-10 13:00:00+00:00|1.0|hr_london_follow_h13_lq35_pq10_c01_tp06_sl065,2026-02-10 13:00:00+00:00,STAGE29A,data/reports/stage29a_high_range_regime_continuation_discovery/stage29a_exact_trades.csv,high_range_london_continuation_v1,hr_london_follow_h13_lq35_pq10_c01_tp06_sl065,-8.217274999999608,-9.267274999999607,-9.967274999999608,0,0,0,1,9.267274999999607,121.23000000000047,87.30999999999949,0.0027488260222276097,51.73999999999978,0.304020100502523,21.25,28.691499999999905,0.072,1.0,,,13,1,2.0,2026
2026-02-12 13:00:00+00:00|-1.0|hr_london_follow_h13_lq35_pq10_c01_tp06_sl065,2026-02-12 13:00:00+00:00,STAGE29A,data/reports/stage29a_high_range_regime_continuation_discovery/stage29a_exact_trades.csv,high_range_london_continuation_v1,hr_london_follow_h13_lq35_pq10_c01_tp06_sl065,-6.14962499999965,-7.199624999999651,-7.89962499999965,0,0,0,1,7.199624999999651,99.52999999999976,54.75999999999931,0.13951789627466077,33.48999999999978,0.22066288444312857,21.0,22.683999999999834,0.012,-1.0,,,13,3,2.0,2026
2026-02-24 13:00:00+00:00|1.0|hr_london_follow_h13_lq35_pq10_c01_tp06_sl065,2026-02-24 13:00:00+00:00,STAGE29A,data/reports/stage29a_high_range_regime_continuation_discovery/stage29a_exact_trades.csv,high_range_london_continuation_v1,hr_london_follow_h13_lq35_pq10_c01_tp06_sl065,-6.407025000000067,-7.457025000000067,-8.157025000000067,0,0,0,1,7.457025000000067,139.01000000000022,104.50999999999932,0.6400344464644605,29.329999999999927,0.16365496079100558,17.82000000000062,23.55999999999999,0.372,1.0,,,13,1,2.0,2026
2026-02-25 13:00:00+00:00|-1.0|hr_london_follow_h13_lq35_pq10_c01_tp06_sl065,2026-02-25 13:00:00+00:00,STAGE29A,data/reports/stage29a_high_range_regime_continuation_discovery/stage29a_exact_trades.csv,high_range_london_continuation_v1,hr_london_follow_h13_lq35_pq10_c01_tp06_sl065,-5.527899999999681,-6.577899999999682,-7.277899999999681,0,0,0,1,6.577899999999682,155.44999999999982,71.0,0.506197183098586,40.40000000000055,0.19306930693069496,25.0,22.19850000000006,0.336,-1.0,,,13,2,2.0,2026
2026-02-27 13:00:00+00:00|-1.0|hr_london_follow_h13_lq35_pq10_c01_tp06_sl065,2026-02-27 13:00:00+00:00,STAGE29A,data/reports/stage29a_high_range_regime_continuation_discovery/stage29a_exact_trades.csv,high_range_london_continuation_v1,hr_london_follow_h13_lq35_pq10_c01_tp06_sl065,-4.592874999999912,-5.642874999999913,-6.342874999999912,0,0,0,1,5.642874999999913,74.60999999999967,32.68000000000029,0.08353733170136012,31.48999999999978,0.1292473801206649,12.0600000000004,19.138000000000055,0.152,-1.0,,,13,4,2.0,2026
2026-03-03 13:00:00+00:00|-1.0|hr_london_follow_h13_lq35_pq10_c01_tp06_sl065,2026-03-03 13:00:00+00:00,STAGE29A,data/reports/stage29a_high_range_regime_continuation_discovery/stage29a_exact_trades.csv,high_range_london_continuation_v1,hr_london_follow_h13_lq35_pq10_c01_tp06_sl065,-17.573699999999555,-18.623699999999552,-19.323699999999555,0,0,0,1,18.623699999999552,158.2599999999993,50.46000000000004,0.2964724534284587,140.09999999999943,0.804354032833697,49.88000000000011,34.52399999999993,0.972,-1.0,,,13,1,3.0,2026
2026-03-04 13:00:00+00:00|1.0|hr_london_follow_h13_lq35_pq10_c01_tp06_sl065,2026-03-04 13:00:00+00:00,STAGE29A,data/reports/stage29a_high_range_regime_continuation_discovery/stage29a_exact_trades.csv,high_range_london_continuation_v1,hr_london_follow_h13_lq35_pq10_c01_tp06_sl065,8.353300000000127,7.303300000000126,6.603300000000127,1,1,1,0,7.303300000000126,382.7999999999993,105.97000000000024,0.29508351420212753,79.67000000000007,0.4089368645663348,22.420000000000073,38.758499999999955,0.904,1.0,,,13,2,3.0,2026
2026-03-06 13:00:00+00:00|-1.0|hr_london_follow_h13_lq35_pq10_c01_tp06_sl065,2026-03-06 13:00:00+00:00,STAGE29A,data/reports/stage29a_high_range_regime_continuation_discovery/stage29a_exact_trades.csv,high_range_london_continuation_v1,hr_london_follow_h13_lq35_pq10_c01_tp06_sl065,-7.604649999999856,-8.654649999999856,-9.354649999999856,0,0,0,1,8.654649999999856,143.6899999999996,76.73999999999978,0.5422204847537111,54.25,0.6733640552995345,16.86999999999989,26.763000000000012,0.572,-1.0,,,13,4,3.0,2026
2026-03-10 13:00:00+00:00|1.0|hr_london_follow_h13_lq35_pq10_c01_tp06_sl065,2026-03-10 13:00:00+00:00,STAGE29A,data/reports/stage29a_high_range_regime_continuation_discovery/stage29a_exact_trades.csv,high_range_london_continuation_v1,hr_london_follow_h13_lq35_pq10_c01_tp06_sl065,-6.728450000000157,-7.778450000000157,-8.478450000000157,0,0,0,1,7.778450000000157,176.90999999999983,69.05000000000018,0.35235336712526955,38.60999999999967,0.3504273504273468,27.339999999999236,21.969500000000018,0.148,1.0,,,13,1,3.0,2026
2026-03-13 13:00:00+00:00|-1.0|hr_london_follow_h13_lq35_pq10_c01_tp06_sl065,2026-03-13 13:00:00+00:00,STAGE29A,data/reports/stage29a_high_range_regime_continuation_discovery/stage29a_exact_trades.csv,high_range_london_continuation_v1,hr_london_follow_h13_lq35_pq10_c01_tp06_sl065,-7.93257500000036,-8.982575000000361,-9.68257500000036,0,0,0,1,8.982575000000361,136.32999999999993,55.71000000000004,0.1202656614611347,49.1299999999992,0.19967433340117344,18.26000000000022,19.618500000000086,0.072,-1.0,,,13,4,3.0,2026
2026-03-26 13:00:00+00:00|-1.0|hr_london_follow_h13_lq35_pq10_c01_tp06_sl065,2026-03-26 13:00:00+00:00,STAGE29A,data/reports/stage29a_high_range_regime_continuation_discovery/stage29a_exact_trades.csv,high_range_london_continuation_v1,hr_london_follow_h13_lq35_pq10_c01_tp06_sl065,-11.578425000000244,-12.628425000000243,-13.328425000000244,0,0,0,1,12.628425000000243,146.3800000000001,54.91000000000077,0.4028410125660095,109.26000000000022,0.7089511257550786,30.920000000000073,34.094000000000094,0.568,-1.0,,,13,3,3.0,2026
2026-03-27 13:00:00+00:00|-1.0|hr_london_follow_h13_lq35_pq10_c01_tp06_sl065,2026-03-27 13:00:00+00:00,STAGE29A,data/reports/stage29a_high_range_regime_continuation_discovery/stage29a_exact_trades.csv,high_range_london_continuation_v1,hr_london_follow_h13_lq35_pq10_c01_tp06_sl065,5.991999999999644,4.941999999999643,4.241999999999644,1,1,1,0,4.941999999999643,192.6600000000008,73.67999999999938,0.5563246471226945,64.27999999999975,0.48397635345363715,21.949999999999818,32.14149999999991,0.42,-1.0,,,13,4,3.0,2026
2026-04-07 13:00:00+00:00|1.0|hr_london_follow_h13_lq35_pq10_c01_tp06_sl065,2026-04-07 13:00:00+00:00,STAGE29A,data/reports/stage29a_high_range_regime_continuation_discovery/stage29a_exact_trades.csv,high_range_london_continuation_v1,hr_london_follow_h13_lq35_pq10_c01_tp06_sl065,-9.974550000000454,-11.024550000000454,-11.724550000000454,0,0,0,1,11.024550000000454,105.48999999999978,51.46000000000004,0.17061795569375532,71.22999999999956,0.3018391127334007,35.4399999999996,22.736499999999886,0.052,1.0,,,13,1,4.0,2026
2026-04-10 13:00:00+00:00|-1.0|hr_london_follow_h13_lq35_pq10_c01_tp06_sl065,2026-04-10 13:00:00+00:00,STAGE29A,data/reports/stage29a_high_range_regime_continuation_discovery/stage29a_exact_trades.csv,high_range_london_continuation_v1,hr_london_follow_h13_lq35_pq10_c01_tp06_sl065,-5.852575000000433,-6.902575000000434,-7.602575000000433,0,0,0,1,6.902575000000434,102.13000000000012,41.60000000000037,0.05817307692307817,39.80999999999949,0.3765385581512176,20.00999999999931,18.59099999999994,0.004,-1.0,,,13,4,4.0,2026
2026-04-14 13:00:00+00:00|1.0|hr_london_follow_h13_lq35_pq10_c01_tp06_sl065,2026-04-14 13:00:00+00:00,STAGE29A,data/reports/stage29a_high_range_regime_continuation_discovery/stage29a_exact_trades.csv,high_range_london_continuation_v1,hr_london_follow_h13_lq35_pq10_c01_tp06_sl065,5.138500000000386,4.088500000000385,3.388500000000386,1,1,1,0,4.088500000000385,114.48000000000047,31.23999999999978,0.3117797695262436,37.72999999999956,0.2793532997614653,17.42999999999938,17.625499999999874,0.02,1.0,,,13,1,4.0,2026
2026-04-16 13:00:00+00:00|-1.0|hr_london_follow_h13_lq35_pq10_c01_tp06_sl065,2026-04-16 13:00:00+00:00,STAGE29A,data/reports/stage29a_high_range_regime_continuation_discovery/stage29a_exact_trades.csv,high_range_london_continuation_v1,hr_london_follow_h13_lq35_pq10_c01_tp06_sl065,-5.444699999999648,-6.494699999999648,-7.194699999999648,0,0,0,1,6.494699999999648,85.13999999999942,46.51999999999953,0.3555460017196933,31.529999999999745,0.35172851252775883,11.010000000000218,15.487500000000045,0.004,-1.0,,,13,3,4.0,2026
2026-04-20 13:00:00+00:00|1.0|hr_london_follow_h13_lq35_pq10_c01_tp06_sl065,2026-04-20 13:00:00+00:00,STAGE29A,data/reports/stage29a_high_range_regime_continuation_discovery/stage29a_exact_trades.csv,high_range_london_continuation_v1,hr_london_follow_h13_lq35_pq10_c01_tp06_sl065,-5.516850000000522,-6.566850000000523,-7.266850000000522,0,0,0,1,6.566850000000523,36.82000000000062,77.25,0.15093851132685895,26.13000000000011,0.027171833141983674,14.44000000000051,21.482000000000063,0.576,1.0,,,13,0,4.0,2026
2026-04-23 13:00:00+00:00|-1.0|hr_london_follow_h13_lq35_pq10_c01_tp06_sl065,2026-04-23 13:00:00+00:00,STAGE29A,data/reports/stage29a_high_range_regime_continuation_discovery/stage29a_exact_trades.csv,high_range_london_continuation_v1,hr_london_follow_h13_lq35_pq10_c01_tp06_sl065,-6.040749999999752,-7.090749999999753,-7.790749999999752,0,0,0,1,7.090749999999753,56.470000000000255,59.63000000000011,0.37078651685392644,31.92999999999938,0.19417475728155145,8.960000000000036,17.336999999999897,0.324,-1.0,,,13,3,4.0,2026
2026-04-30 13:00:00+00:00|1.0|hr_london_follow_h13_lq35_pq10_c01_tp06_sl065,2026-04-30 13:00:00+00:00,STAGE29A,data/reports/stage29a_high_range_regime_continuation_discovery/stage29a_exact_trades.csv,high_range_london_continuation_v1,hr_london_follow_h13_lq35_pq10_c01_tp06_sl065,5.790999999999622,4.740999999999621,4.040999999999622,1,1,1,0,4.740999999999621,99.84999999999944,43.11000000000058,0.09255393180235973,91.03999999999996,0.7621924428822534,17.480000000000473,19.930999999999766,0.688,1.0,,,13,3,4.0,2026
2026-05-07 13:00:00+00:00|1.0|hr_london_follow_h13_lq35_pq10_c01_tp06_sl065,2026-05-07 13:00:00+00:00,STAGE29A,data/reports/stage29a_high_range_regime_continuation_discovery/stage29a_exact_trades.csv,high_range_london_continuation_v1,hr_london_follow_h13_lq35_pq10_c01_tp06_sl065,-7.344649999999637,-8.394649999999638,-9.094649999999636,0,0,0,1,8.394649999999638,176.60000000000036,35.909999999999854,0.12252854358116552,61.06999999999971,0.48747339119043176,17.550000000000182,16.67999999999997,0.26,1.0,,,13,3,5.0,2026
2026-05-13 13:00:00+00:00|1.0|hr_london_follow_h13_lq35_pq10_c01_tp06_sl065,2026-05-13 13:00:00+00:00,STAGE29A,data/reports/stage29a_high_range_regime_continuation_discovery/stage29a_exact_trades.csv,high_range_london_continuation_v1,hr_london_follow_h13_lq35_pq10_c01_tp06_sl065,4.3579000000003365,3.307900000000336,2.6079000000003365,1,1,1,0,3.307900000000336,134.8199999999997,38.69000000000051,0.5420005169294386,29.390000000000327,0.16570261993874913,15.720000000000255,15.04350000000004,0.088,1.0,,,13,2,5.0,2026
2026-05-20 13:00:00+00:00|1.0|hr_london_follow_h13_lq35_pq10_c01_tp06_sl065,2026-05-20 13:00:00+00:00,STAGE29A,data/reports/stage29a_high_range_regime_continuation_discovery/stage29a_exact_trades.csv,high_range_london_continuation_v1,hr_london_follow_h13_lq35_pq10_c01_tp06_sl065,5.53420000000042,4.484200000000419,3.78420000000042,1,1,1,0,4.484200000000419,124.22000000000024,55.14000000000033,0.37413855640188587,34.54999999999927,0.6208393632416865,18.210000000000036,18.370500000000085,0.32,1.0,,,13,2,5.0,2026
2026-05-21 13:00:00+00:00|1.0|hr_london_follow_h13_lq35_pq10_c01_tp06_sl065,2026-05-21 13:00:00+00:00,STAGE29A,data/reports/stage29a_high_range_regime_continuation_discovery/stage29a_exact_trades.csv,high_range_london_continuation_v1,hr_london_follow_h13_lq35_pq10_c01_tp06_sl065,-6.145074999999997,-7.195074999999997,-7.895074999999997,0,0,0,1,7.195074999999997,98.85000000000036,43.46000000000004,0.26346065347445485,31.13000000000011,0.08833922261484067,15.180000000000291,19.1,0.44,1.0,,,13,3,5.0,2026
2026-05-27 13:00:00+00:00|-1.0|hr_london_follow_h13_lq35_pq10_c01_tp06_sl065,2026-05-27 13:00:00+00:00,STAGE29A,data/reports/stage29a_high_range_regime_continuation_discovery/stage29a_exact_trades.csv,high_range_london_continuation_v1,hr_london_follow_h13_lq35_pq10_c01_tp06_sl065,4.401699999999801,3.3516999999998007,2.651699999999801,1,1,1,0,3.3516999999998007,97.72000000000024,31.00999999999931,0.44953240890035184,41.44000000000051,0.16674710424709868,10.69000000000051,15.516500000000041,0.192,-1.0,,,13,2,5.0,2026
2026-05-28 13:00:00+00:00|1.0|hr_london_follow_h13_lq35_pq10_c01_tp06_sl065,2026-05-28 13:00:00+00:00,STAGE29A,data/reports/stage29a_high_range_regime_continuation_discovery/stage29a_exact_trades.csv,high_range_london_continuation_v1,hr_london_follow_h13_lq35_pq10_c01_tp06_sl065,-6.177575000000251,-7.227575000000252,-7.927575000000251,0,0,0,1,7.227575000000252,126.31999999999972,97.43000000000028,0.8483013445550589,32.26000000000022,0.5855548667079755,12.599999999999454,17.31949999999979,0.384,1.0,,,13,3,5.0,2026
2026-06-10 13:00:00+00:00|-1.0|hr_london_follow_h13_lq35_pq10_c01_tp06_sl065,2026-06-10 13:00:00+00:00,STAGE29A,data/reports/stage29a_high_range_regime_continuation_discovery/stage29a_exact_trades.csv,high_range_london_continuation_v1,hr_london_follow_h13_lq35_pq10_c01_tp06_sl065,-8.285199999999895,-9.335199999999896,-10.035199999999897,0,0,0,1,9.335199999999896,126.54999999999929,84.05999999999949,0.8455864858434494,60.32999999999993,0.2671970827117505,16.359999999999673,26.670499999999993,0.992,-1.0,,,13,2,6.0,2026
2022-07-26 13:00:00+00:00|-1.0|hr_broad_pb_h13_lq40_pb025_tp07_sl08,2022-07-26 13:00:00+00:00,STAGE29A,data/reports/stage29a_high_range_regime_continuation_discovery/stage29a_exact_trades.csv,high_range_broad_pullback_continuation_v1,hr_broad_pb_h13_lq40_pb025_tp07_sl08,0.8830500000000484,-0.1669499999999515,-0.8669499999999513,0,0,0,0,0.1669499999999515,21.46000000000004,10.149999999999864,0.5320197044335137,8.980000000000018,0.4432071269487762,5.529999999999973,3.3735000000000013,0.132,-1.0,,,13,1,7.0,2022
2022-07-27 13:00:00+00:00|1.0|hr_broad_pb_h13_lq40_pb025_tp07_sl08,2022-07-27 13:00:00+00:00,STAGE29A,data/reports/stage29a_high_range_regime_continuation_discovery/stage29a_exact_trades.csv,high_range_broad_pullback_continuation_v1,hr_broad_pb_h13_lq40_pb025_tp07_sl08,-1.8480000000000476,-2.898000000000047,-3.598000000000047,0,0,0,0,2.898000000000047,14.579999999999927,4.2999999999999545,0.34883720930232925,11.460000000000036,0.47382198952878,3.0800000000001546,3.018999999999983,0.036,1.0,,,13,2,7.0,2022
2022-07-28 13:00:00+00:00|1.0|hr_broad_pb_h13_lq40_pb025_tp07_sl08,2022-07-28 13:00:00+00:00,STAGE29A,data/reports/stage29a_high_range_regime_continuation_discovery/stage29a_exact_trades.csv,high_range_broad_pullback_continuation_v1,hr_broad_pb_h13_lq40_pb025_tp07_sl08,-2.2983999999999924,-3.3483999999999923,-4.048399999999992,0,0,0,1,3.3483999999999923,28.66000000000008,7.730000000000018,0.18111254851230113,13.089999999999918,0.32773109243697407,6.100000000000136,4.770500000000004,0.708,1.0,,,13,3,7.0,2022
2022-08-09 13:00:00+00:00|1.0|hr_broad_pb_h13_lq40_pb025_tp07_sl08,2022-08-09 13:00:00+00:00,STAGE29A,data/reports/stage29a_high_range_regime_continuation_discovery/stage29a_exact_trades.csv,high_range_broad_pullback_continuation_v1,hr_broad_pb_h13_lq40_pb025_tp07_sl08,-2.0780000000000656,-3.1280000000000654,-3.828000000000065,0,0,0,1,3.1280000000000654,19.449999999999815,7.440000000000055,0.3360215053763416,9.8599999999999,0.5324543610547722,3.9600000000000364,3.273000000000002,0.064,1.0,,,13,1,8.0,2022
2022-08-26 13:00:00+00:00|-1.0|hr_broad_pb_h13_lq40_pb025_tp07_sl08,2022-08-26 13:00:00+00:00,STAGE29A,data/reports/stage29a_high_range_regime_continuation_discovery/stage29a_exact_trades.csv,high_range_broad_pullback_continuation_v1,hr_broad_pb_h13_lq40_pb025_tp07_sl08,-1.8924000000000436,-2.942400000000043,-3.642400000000043,0,0,0,0,2.942400000000043,15.519999999999982,6.579999999999927,0.03647416413374039,9.5,0.804210526315776,3.2200000000000273,2.849499999999955,0.044,-1.0,,,13,4,8.0,2022
2022-08-30 13:00:00+00:00|-1.0|hr_broad_pb_h13_lq40_pb025_tp07_sl08,2022-08-30 13:00:00+00:00,STAGE29A,data/reports/stage29a_high_range_regime_continuation_discovery/stage29a_exact_trades.csv,high_range_broad_pullback_continuation_v1,hr_broad_pb_h13_lq40_pb025_tp07_sl08,1.1780999999999948,0.128099999999995,-0.5719000000000047,1,0,0,0,0.128099999999995,25.17999999999984,6.619999999999891,0.38670694864051586,8.840000000000146,0.07352941176468925,3.310000000000173,3.280000000000007,0.292,-1.0,,,13,1,8.0,2022
2022-09-09 13:00:00+00:00|1.0|hr_broad_pb_h13_lq40_pb025_tp07_sl08,2022-09-09 13:00:00+00:00,STAGE29A,data/reports/stage29a_high_range_regime_continuation_discovery/stage29a_exact_trades.csv,high_range_broad_pullback_continuation_v1,hr_broad_pb_h13_lq40_pb025_tp07_sl08,1.20925000000002,0.1592500000000201,-0.5407499999999796,1,0,1,0,0.1592500000000201,24.13000000000011,12.230000000000018,0.821749795584623,11.269999999999982,0.7080745341614935,3.6900000000000546,3.5004999999999997,0.264,1.0,,,13,4,9.0,2022
2022-09-16 13:00:00+00:00|-1.0|hr_broad_pb_h13_lq40_pb025_tp07_sl08,2022-09-16 13:00:00+00:00,STAGE29A,data/reports/stage29a_high_range_regime_continuation_discovery/stage29a_exact_trades.csv,high_range_broad_pullback_continuation_v1,hr_broad_pb_h13_lq40_pb025_tp07_sl08,-2.3560000000000856,-3.4060000000000854,-4.106000000000085,0,0,0,1,3.4060000000000854,37.89999999999986,6.4500000000000455,0.26976744186046464,12.11999999999989,0.3902640264026453,7.3599999999999,5.310999999999979,0.928,-1.0,,,13,4,9.0,2022
2022-09-20 13:00:00+00:00|-1.0|hr_broad_pb_h13_lq40_pb025_tp07_sl08,2022-09-20 13:00:00+00:00,STAGE29A,data/reports/stage29a_high_range_regime_continuation_discovery/stage29a_exact_trades.csv,high_range_broad_pullback_continuation_v1,hr_broad_pb_h13_lq40_pb025_tp07_sl08,-2.009599999999955,-3.059599999999955,-3.7595999999999545,0,0,0,0,3.059599999999955,20.230000000000015,6.029999999999973,0.2338308457711212,10.629999999999882,0.8701787394167547,3.6799999999998363,3.3575000000000044,0.092,-1.0,,,13,1,9.0,2022
2022-09-21 13:00:00+00:00|1.0|hr_broad_pb_h13_lq40_pb025_tp07_sl08,2022-09-21 13:00:00+00:00,STAGE29A,data/reports/stage29a_high_range_regime_continuation_discovery/stage29a_exact_trades.csv,high_range_broad_pullback_continuation_v1,hr_broad_pb_h13_lq40_pb025_tp07_sl08,1.2953500000000076,0.2453500000000077,-0.454649999999992,1,0,1,0,0.2453500000000077,19.49000000000001,4.599999999999909,0.31304347826083817,14.440000000000056,0.6606648199445934,3.990000000000009,3.2250000000000227,0.048,1.0,,,13,2,9.0,2022
2022-09-23 13:00:00+00:00|-1.0|hr_broad_pb_h13_lq40_pb025_tp07_sl08,2022-09-23 13:00:00+00:00,STAGE29A,data/reports/stage29a_high_range_regime_continuation_discovery/stage29a_exact_trades.csv,high_range_broad_pullback_continuation_v1,hr_broad_pb_h13_lq40_pb025_tp07_sl08,1.536500000000069,0.4865000000000692,-0.2134999999999305,1,0,1,0,0.4865000000000692,29.309999999999945,7.279999999999973,0.2967032967033091,21.38000000000011,0.5673526660430225,10.400000000000091,3.988000000000011,0.42,-1.0,,,13,4,9.0,2022
2022-09-27 13:00:00+00:00|1.0|hr_broad_pb_h13_lq40_pb025_tp07_sl08,2022-09-27 13:00:00+00:00,STAGE29A,data/reports/stage29a_high_range_regime_continuation_discovery/stage29a_exact_trades.csv,high_range_broad_pullback_continuation_v1,hr_broad_pb_h13_lq40_pb025_tp07_sl08,-2.366800000000103,-3.416800000000103,-4.116800000000103,0,0,0,1,3.416800000000103,28.61999999999989,10.209999999999807,0.36924583741430483,9.63000000000011,0.1921079958463256,4.690000000000055,4.840999999999974,0.476,1.0,,,13,1,9.0,2022
2022-10-04 13:00:00+00:00|1.0|hr_broad_pb_h13_lq40_pb025_tp07_sl08,2022-10-04 13:00:00+00:00,STAGE29A,data/reports/stage29a_high_range_regime_continuation_discovery/stage29a_exact_trades.csv,high_range_broad_pullback_continuation_v1,hr_broad_pb_h13_lq40_pb025_tp07_sl08,1.590399999999954,0.5403999999999543,-0.1596000000000454,1,0,1,0,0.5403999999999543,41.819999999999936,7.339999999999918,0.08446866485012232,13.170000000000073,0.6522399392558748,4.329999999999927,5.523500000000001,0.576,1.0,,,13,1,10.0,2022
2022-10-05 13:00:00+00:00|-1.0|hr_broad_pb_h13_lq40_pb025_tp07_sl08,2022-10-05 13:00:00+00:00,STAGE29A,data/reports/stage29a_high_range_regime_continuation_discovery/stage29a_exact_trades.csv,high_range_broad_pullback_continuation_v1,hr_broad_pb_h13_lq40_pb025_tp07_sl08,-2.8847999999999048,-3.9347999999999046,-4.634799999999904,0,0,0,1,3.9347999999999046,34.200000000000045,8.230000000000018,0.7095990279465255,21.699999999999815,0.5949308755760456,9.069999999999936,5.20849999999997,0.464,-1.0,,,13,2,10.0,2022
2022-10-12 13:00:00+00:00|1.0|hr_broad_pb_h13_lq40_pb025_tp07_sl08,2022-10-12 13:00:00+00:00,STAGE29A,data/reports/stage29a_high_range_regime_continuation_discovery/stage29a_exact_trades.csv,high_range_broad_pullback_continuation_v1,hr_broad_pb_h13_lq40_pb025_tp07_sl08,-2.4723999999999706,-3.5223999999999704,-4.22239999999997,0,0,0,1,3.5223999999999704,22.8900000000001,5.490000000000009,0.14207650273223524,10.549999999999956,0.45118483412322385,4.449999999999818,5.134500000000003,0.58,1.0,,,13,2,10.0,2022
2022-10-13 13:00:00+00:00|1.0|hr_broad_pb_h13_lq40_pb025_tp07_sl08,2022-10-13 13:00:00+00:00,STAGE29A,data/reports/stage29a_high_range_regime_continuation_discovery/stage29a_exact_trades.csv,high_range_broad_pullback_continuation_v1,hr_broad_pb_h13_lq40_pb025_tp07_sl08,-1.90639999999994,-2.9563999999999395,-3.6563999999999393,0,0,0,0,2.9563999999999395,16.950000000000045,6.440000000000055,0.669254658385079,10.8900000000001,0.5096418732782281,3.4700000000000273,3.1000000000000454,0.004,1.0,,,13,3,10.0,2022
2022-10-14 13:00:00+00:00|-1.0|hr_broad_pb_h13_lq40_pb025_tp07_sl08,2022-10-14 13:00:00+00:00,STAGE29A,data/reports/stage29a_high_range_regime_continuation_discovery/stage29a_exact_trades.csv,high_range_broad_pullback_continuation_v1,hr_broad_pb_h13_lq40_pb025_tp07_sl08,-2.6827999999999066,-3.7327999999999055,-4.432799999999906,0,0,0,1,3.7327999999999055,40.01999999999998,11.259999999999993,0.3028419182948565,21.539999999999964,0.7000928505106861,10.539999999999964,5.641999999999996,0.76,-1.0,,,13,4,10.0,2022
2022-10-19 13:00:00+00:00|-1.0|hr_broad_pb_h13_lq40_pb025_tp07_sl08,2022-10-19 13:00:00+00:00,STAGE29A,data/reports/stage29a_high_range_regime_continuation_discovery/stage29a_exact_trades.csv,high_range_broad_pullback_continuation_v1,hr_broad_pb_h13_lq40_pb025_tp07_sl08,1.4923999999999975,0.4423999999999979,-0.2576000000000018,1,0,1,0,0.4423999999999979,15.049999999999956,5.379999999999882,0.6189591078067338,11.819999999999936,0.6142131979695457,3.0499999999999545,3.871999999999969,0.1,-1.0,,,13,2,10.0,2022
2022-10-21 13:00:00+00:00|1.0|hr_broad_pb_h13_lq40_pb025_tp07_sl08,2022-10-21 13:00:00+00:00,STAGE29A,data/reports/stage29a_high_range_regime_continuation_discovery/stage29a_exact_trades.csv,high_range_broad_pullback_continuation_v1,hr_broad_pb_h13_lq40_pb025_tp07_sl08,1.431850000000077,0.3818500000000768,-0.3181499999999229,1,0,1,0,0.3818500000000768,23.12000000000012,7.769999999999982,0.653796653796646,10.059999999999944,0.37872763419482763,5.3900000000001,4.369499999999993,0.416,1.0,,,13,4,10.0,2022
2022-10-25 13:00:00+00:00|-1.0|hr_broad_pb_h13_lq40_pb025_tp07_sl08,2022-10-25 13:00:00+00:00,STAGE29A,data/reports/stage29a_high_range_regime_continuation_discovery/stage29a_exact_trades.csv,high_range_broad_pullback_continuation_v1,hr_broad_pb_h13_lq40_pb025_tp07_sl08,-2.022399999999925,-3.072399999999925,-3.7723999999999247,0,0,0,1,3.072399999999925,26.539999999999964,7.680000000000064,0.032552083333333065,13.129999999999882,0.885757806549902,4.970000000000027,3.6740000000000235,0.06,-1.0,,,13,1,10.0,2022
2022-10-28 13:00:00+00:00|-1.0|hr_broad_pb_h13_lq40_pb025_tp07_sl08,2022-10-28 13:00:00+00:00,STAGE29A,data/reports/stage29a_high_range_regime_continuation_discovery/stage29a_exact_trades.csv,high_range_broad_pullback_continuation_v1,hr_broad_pb_h13_lq40_pb025_tp07_sl08,1.4181999999999788,0.368199999999979,-0.3318000000000207,1,0,1,0,0.368199999999979,15.939999999999827,6.419999999999845,0.39408099688474046,18.899999999999864,0.7962962962962996,4.789999999999964,4.1019999999999985,0.232,-1.0,,,13,4,10.0,2022
2022-11-03 13:00:00+00:00|-1.0|hr_broad_pb_h13_lq40_pb025_tp07_sl08,2022-11-03 13:00:00+00:00,STAGE29A,data/reports/stage29a_high_range_regime_continuation_discovery/stage29a_exact_trades.csv,high_range_broad_pullback_continuation_v1,hr_broad_pb_h13_lq40_pb025_tp07_sl08,1.459850000000097,0.4098500000000968,-0.2901499999999029,1,0,1,0,0.4098500000000968,37.6099999999999,9.11999999999989,0.2971491228070251,18.699999999999815,0.8711229946524129,4.6099999999999,5.437499999999955,0.888,-1.0,,,13,3,11.0,2022
2022-11-09 13:00:00+00:00|1.0|hr_broad_pb_h13_lq40_pb025_tp07_sl08,2022-11-09 13:00:00+00:00,STAGE29A,data/reports/stage29a_high_range_regime_continuation_discovery/stage29a_exact_trades.csv,high_range_broad_pullback_continuation_v1,hr_broad_pb_h13_lq40_pb025_tp07_sl08,-2.2492000000000645,-3.2992000000000643,-3.999200000000064,0,0,0,1,3.2992000000000643,52.25,6.430000000000064,0.4790046656298793,11.860000000000127,0.023608768971329654,5.019999999999982,5.360500000000013,0.864,1.0,,,13,2,11.0,2022
2022-11-30 13:00:00+00:00|1.0|hr_broad_pb_h13_lq40_pb025_tp07_sl08,2022-11-30 13:00:00+00:00,STAGE29A,data/reports/stage29a_high_range_regime_continuation_discovery/stage29a_exact_trades.csv,high_range_broad_pullback_continuation_v1,hr_broad_pb_h13_lq40_pb025_tp07_sl08,0.966000000000031,-0.0839999999999689,-0.7839999999999687,0,0,0,0,0.0839999999999689,19.48999999999978,7.899999999999864,0.6734177215190197,10.210000000000036,0.4338883447600216,4.7000000000000455,3.161500000000001,0.132,1.0,,,13,2,11.0,2022
2022-12-16 13:00:00+00:00|1.0|hr_broad_pb_h13_lq40_pb025_tp07_sl08,2022-12-16 13:00:00+00:00,STAGE29A,data/reports/stage29a_high_range_regime_continuation_discovery/stage29a_exact_trades.csv,high_range_broad_pullback_continuation_v1,hr_broad_pb_h13_lq40_pb025_tp07_sl08,-2.368399999999929,-3.4183999999999286,-4.118399999999928,0,0,0,1,3.4183999999999286,34.799999999999955,8.639999999999873,0.2685185185185414,10.599999999999907,0.1849056603773635,3.9300000000000637,3.8604999999999903,0.368,1.0,,,13,4,12.0,2022
2022-12-20 13:00:00+00:00|1.0|hr_broad_pb_h13_lq40_pb025_tp07_sl08,2022-12-20 13:00:00+00:00,STAGE29A,data/reports/stage29a_high_range_regime_continuation_discovery/stage29a_exact_trades.csv,high_range_broad_pullback_continuation_v1,hr_broad_pb_h13_lq40_pb025_tp07_sl08,-2.399600000000055,-3.449600000000055,-4.149600000000055,0,0,0,1,3.449600000000055,15.0,11.589999999999918,0.2683347713546289,20.91000000000008,0.7723577235772371,2.599999999999909,4.288999999999999,0.6,1.0,,,13,1,12.0,2022
2022-12-30 13:00:00+00:00|1.0|hr_broad_pb_h13_lq40_pb025_tp07_sl08,2022-12-30 13:00:00+00:00,STAGE29A,data/reports/stage29a_high_range_regime_continuation_discovery/stage29a_exact_trades.csv,high_range_broad_pullback_continuation_v1,hr_broad_pb_h13_lq40_pb025_tp07_sl08,0.8795500000000175,-0.1704499999999824,-0.8704499999999822,0,0,0,0,0.1704499999999824,16.450000000000045,5.330000000000155,0.13320825515947762,8.910000000000082,0.043771043771029076,3.2999999999999545,2.982000000000005,0.04,1.0,,,13,4,12.0,2022
2023-01-04 13:00:00+00:00|1.0|hr_broad_pb_h13_lq40_pb025_tp07_sl08,2023-01-04 13:00:00+00:00,STAGE29A,data/reports/stage29a_high_range_regime_continuation_discovery/stage29a_exact_trades.csv,high_range_broad_pullback_continuation_v1,hr_broad_pb_h13_lq40_pb025_tp07_sl08,-2.6604000000000725,-3.710400000000072,-4.410400000000072,0,0,0,1,3.710400000000072,26.21000000000004,12.019999999999982,0.8460898502495914,20.41000000000008,0.5982361587457122,3.9200000000000728,4.726000000000011,0.76,1.0,,,13,2,1.0,2023
2023-01-18 13:00:00+00:00|1.0|hr_broad_pb_h13_lq40_pb025_tp07_sl08,2023-01-18 13:00:00+00:00,STAGE29A,data/reports/stage29a_high_range_regime_continuation_discovery/stage29a_exact_trades.csv,high_range_broad_pullback_continuation_v1,hr_broad_pb_h13_lq40_pb025_tp07_sl08,1.4083999999999377,0.3583999999999379,-0.3416000000000618,1,0,1,0,0.3583999999999379,15.2800000000002,13.089999999999918,0.7097020626432408,19.33999999999992,0.7699069286453032,3.7200000000000273,4.592999999999972,0.476,1.0,,,13,2,1.0,2023
2023-01-19 13:00:00+00:00|-1.0|hr_broad_pb_h13_lq40_pb025_tp07_sl08,2023-01-19 13:00:00+00:00,STAGE29A,data/reports/stage29a_high_range_regime_continuation_discovery/stage29a_exact_trades.csv,high_range_broad_pullback_continuation_v1,hr_broad_pb_h13_lq40_pb025_tp07_sl08,1.2050499999999371,0.1550499999999375,-0.5449500000000622,1,0,1,0,0.1550499999999375,29.269999999999985,9.970000000000027,0.29388164493481,10.379999999999882,0.023121387283238135,3.800000000000182,4.57049999999997,0.464,-1.0,,,13,3,1.0,2023
2023-01-26 13:00:00+00:00|-1.0|hr_broad_pb_h13_lq40_pb025_tp07_sl08,2023-01-26 13:00:00+00:00,STAGE29A,data/reports/stage29a_high_range_regime_continuation_discovery/stage29a_exact_trades.csv,high_range_broad_pullback_continuation_v1,hr_broad_pb_h13_lq40_pb025_tp07_sl08,1.4441000000000712,0.3941000000000714,-0.3058999999999283,1,0,1,0,0.3941000000000714,28.65999999999985,6.610000000000127,0.2632375189107376,15.129999999999882,0.6549900859220198,2.0299999999999727,4.674000000000001,0.468,-1.0,,,13,3,1.0,2023
2023-01-31 13:00:00+00:00|-1.0|hr_broad_pb_h13_lq40_pb025_tp07_sl08,2023-01-31 13:00:00+00:00,STAGE29A,data/reports/stage29a_high_range_regime_continuation_discovery/stage29a_exact_trades.csv,high_range_broad_pullback_continuation_v1,hr_broad_pb_h13_lq40_pb025_tp07_sl08,1.3068999999999504,0.2568999999999506,-0.4431000000000491,1,0,1,0,0.2568999999999506,13.839999999999918,8.539999999999964,0.2412177985948424,19.180000000000064,0.7987486965589214,3.8500000000001364,3.6990000000000123,0.06,-1.0,,,13,1,1.0,2023
2023-02-08 13:00:00+00:00|1.0|hr_broad_pb_h13_lq40_pb025_tp07_sl08,2023-02-08 13:00:00+00:00,STAGE29A,data/reports/stage29a_high_range_regime_continuation_discovery/stage29a_exact_trades.csv,high_range_broad_pullback_continuation_v1,hr_broad_pb_h13_lq40_pb025_tp07_sl08,1.6940000000000963,0.6440000000000965,-0.0559999999999032,1,0,1,0,0.6440000000000965,19.3599999999999,7.039999999999964,0.6022727272727316,13.2199999999998,0.2798789712556809,7.430000000000064,6.410499999999968,0.864,1.0,,,13,2,2.0,2023
2023-02-15 13:00:00+00:00|-1.0|hr_broad_pb_h13_lq40_pb025_tp07_sl08,2023-02-15 13:00:00+00:00,STAGE29A,data/reports/stage29a_high_range_regime_continuation_discovery/stage29a_exact_trades.csv,high_range_broad_pullback_continuation_v1,hr_broad_pb_h13_lq40_pb025_tp07_sl08,-2.80920000000001,-3.8592000000000097,-4.5592000000000095,0,0,0,1,3.8592000000000097,27.169999999999845,13.559999999999944,0.5243362831858355,16.019999999999982,0.7771535580524381,3.9500000000000455,5.293000000000006,0.48,-1.0,,,13,2,2.0,2023
2023-02-16 13:00:00+00:00|-1.0|hr_broad_pb_h13_lq40_pb025_tp07_sl08,2023-02-16 13:00:00+00:00,STAGE29A,data/reports/stage29a_high_range_regime_continuation_discovery/stage29a_exact_trades.csv,high_range_broad_pullback_continuation_v1,hr_broad_pb_h13_lq40_pb025_tp07_sl08,1.230600000000004,0.1806000000000041,-0.5193999999999956,1,0,1,0,0.1806000000000041,29.50999999999999,8.169999999999845,0.3659730722154303,10.549999999999956,0.1184834123222754,3.7999999999999545,4.165999999999985,0.168,-1.0,,,13,3,2.0,2023
2023-02-17 13:00:00+00:00|-1.0|hr_broad_pb_h13_lq40_pb025_tp07_sl08,2023-02-17 13:00:00+00:00,STAGE29A,data/reports/stage29a_high_range_regime_continuation_discovery/stage29a_exact_trades.csv,high_range_broad_pullback_continuation_v1,hr_broad_pb_h13_lq40_pb025_tp07_sl08,-2.5659999999998946,-3.6159999999998944,-4.315999999999894,0,0,0,1,3.6159999999998944,17.670000000000073,12.660000000000082,0.5979462875197383,9.319999999999936,0.3508583690987129,3.509999999999991,4.853499999999997,0.416,-1.0,,,13,4,2.0,2023
2023-03-10 13:00:00+00:00|1.0|hr_broad_pb_h13_lq40_pb025_tp07_sl08,2023-03-10 13:00:00+00:00,STAGE29A,data/reports/stage29a_high_range_regime_continuation_discovery/stage29a_exact_trades.csv,high_range_broad_pullback_continuation_v1,hr_broad_pb_h13_lq40_pb025_tp07_sl08,-2.164800000000105,-3.2148000000001047,-3.914800000000104,0,0,0,1,3.2148000000001047,23.67999999999984,7.129999999999882,0.25385694249649027,8.730000000000018,0.345933562428405,4.080000000000155,3.894500000000039,0.76,1.0,,,13,4,3.0,2023
2023-03-14 13:00:00+00:00|-1.0|hr_broad_pb_h13_lq40_pb025_tp07_sl08,2023-03-14 13:00:00+00:00,STAGE29A,data/reports/stage29a_high_range_regime_continuation_discovery/stage29a_exact_trades.csv,high_range_broad_pullback_continuation_v1,hr_broad_pb_h13_lq40_pb025_tp07_sl08,-2.8523999999998524,-3.902399999999852,-4.602399999999852,0,0,0,1,3.902399999999852,43.12999999999988,12.549999999999956,0.7274900398406307,12.61999999999989,0.03328050713152528,3.769999999999982,5.18850000000001,0.828,-1.0,,,13,1,3.0,2023
2023-03-16 13:00:00+00:00|1.0|hr_broad_pb_h13_lq40_pb025_tp07_sl08,2023-03-16 13:00:00+00:00,STAGE29A,data/reports/stage29a_high_range_regime_continuation_discovery/stage29a_exact_trades.csv,high_range_broad_pullback_continuation_v1,hr_broad_pb_h13_lq40_pb025_tp07_sl08,1.9130999999998948,0.863099999999895,0.1630999999998952,1,1,1,0,0.863099999999895,51.57999999999993,16.930000000000064,0.24453632604843972,10.720000000000027,0.868470149253724,4.350000000000136,6.749499999999989,0.788,1.0,,,13,3,3.0,2023
2023-03-20 13:00:00+00:00|1.0|hr_broad_pb_h13_lq40_pb025_tp07_sl08,2023-03-20 13:00:00+00:00,STAGE29A,data/reports/stage29a_high_range_regime_continuation_discovery/stage29a_exact_trades.csv,high_range_broad_pullback_continuation_v1,hr_broad_pb_h13_lq40_pb025_tp07_sl08,-5.68159999999998,-6.731599999999981,-7.43159999999998,0,0,0,1,6.731599999999981,15.549999999999956,22.420000000000076,0.4214986619090105,35.87000000000012,0.16085865625871099,14.710000000000036,10.59599999999997,0.992,1.0,,,13,0,3.0,2023
2023-03-21 13:00:00+00:00|-1.0|hr_broad_pb_h13_lq40_pb025_tp07_sl08,2023-03-21 13:00:00+00:00,STAGE29A,data/reports/stage29a_high_range_regime_continuation_discovery/stage29a_exact_trades.csv,high_range_broad_pullback_continuation_v1,hr_broad_pb_h13_lq40_pb025_tp07_sl08,2.085649999999896,1.035649999999896,0.3356499999998963,1,1,1,0,1.035649999999896,43.950000000000045,9.779999999999973,0.33742331288343186,20.310000000000173,0.6233382570162357,5.069999999999936,5.340999999999974,0.44,-1.0,,,13,1,3.0,2023
2023-03-22 13:00:00+00:00|1.0|hr_broad_pb_h13_lq40_pb025_tp07_sl08,2023-03-22 13:00:00+00:00,STAGE29A,data/reports/stage29a_high_range_regime_continuation_discovery/stage29a_exact_trades.csv,high_range_broad_pullback_continuation_v1,hr_broad_pb_h13_lq40_pb025_tp07_sl08,-2.687999999999965,-3.737999999999965,-4.437999999999965,0,0,0,1,3.737999999999965,49.75,8.330000000000155,0.03121248499399593,11.389999999999873,0.2906057945566271,5.069999999999936,4.805000000000052,0.28,1.0,,,13,2,3.0,2023
2023-03-23 13:00:00+00:00|-1.0|hr_broad_pb_h13_lq40_pb025_tp07_sl08,2023-03-23 13:00:00+00:00,STAGE29A,data/reports/stage29a_high_range_regime_continuation_discovery/stage29a_exact_trades.csv,high_range_broad_pullback_continuation_v1,hr_broad_pb_h13_lq40_pb025_tp07_sl08,-3.0208000000000994,-4.0708000000001,-4.770800000000099,0,0,0,1,4.0708000000001,44.49000000000001,13.700000000000044,0.5751824817518143,9.3599999999999,0.01816239316240113,4.4099999999998545,7.595999999999992,0.66,-1.0,,,13,3,3.0,2023
2023-03-30 13:00:00+00:00|1.0|hr_broad_pb_h13_lq40_pb025_tp07_sl08,2023-03-30 13:00:00+00:00,STAGE29A,data/reports/stage29a_high_range_regime_continuation_discovery/stage29a_exact_trades.csv,high_range_broad_pullback_continuation_v1,hr_broad_pb_h13_lq40_pb025_tp07_sl08,1.202249999999958,0.1522499999999582,-0.5477500000000415,1,0,0,0,0.1522499999999582,15.759999999999993,9.539999999999964,0.4947589098532542,12.559999999999944,0.6162420382165639,1.6600000000000819,4.042999999999973,0.048,1.0,,,13,3,3.0,2023
2023-03-31 13:00:00+00:00|-1.0|hr_broad_pb_h13_lq40_pb025_tp07_sl08,2023-03-31 13:00:00+00:00,STAGE29A,data/reports/stage29a_high_range_regime_continuation_discovery/stage29a_exact_trades.csv,high_range_broad_pullback_continuation_v1,hr_broad_pb_h13_lq40_pb025_tp07_sl08,-2.348800000000074,-3.3988000000000738,-4.0988000000000735,0,0,0,1,3.3988000000000738,28.91000000000008,5.970000000000027,0.3417085427135983,11.840000000000146,0.22972972972972922,5.240000000000009,4.062999999999965,0.096,-1.0,,,13,4,3.0,2023
2023-04-10 13:00:00+00:00|1.0|hr_broad_pb_h13_lq40_pb025_tp07_sl08,2023-04-10 13:00:00+00:00,STAGE29A,data/reports/stage29a_high_range_regime_continuation_discovery/stage29a_exact_trades.csv,high_range_broad_pullback_continuation_v1,hr_broad_pb_h13_lq40_pb025_tp07_sl08,0.8680000000000746,-0.1819999999999253,-0.8819999999999251,0,0,0,0,0.1819999999999253,17.029999999999973,17.65000000000009,0.8271954674220869,12.220000000000027,0.786415711947617,4.930000000000064,5.2620000000000235,0.588,1.0,,,13,0,4.0,2023
2023-04-13 13:00:00+00:00|1.0|hr_broad_pb_h13_lq40_pb025_tp07_sl08,2023-04-13 13:00:00+00:00,STAGE29A,data/reports/stage29a_high_range_regime_continuation_discovery/stage29a_exact_trades.csv,high_range_broad_pullback_continuation_v1,hr_broad_pb_h13_lq40_pb025_tp07_sl08,-2.1044000000000325,-3.1544000000000323,-3.854400000000032,0,0,0,1,3.1544000000000323,27.13000000000011,6.1400000000001,0.3697068403908705,13.950000000000044,0.6566308243727635,2.9199999999998454,4.161999999999978,0.308,1.0,,,13,3,4.0,2023
2023-04-19 13:00:00+00:00|-1.0|hr_broad_pb_h13_lq40_pb025_tp07_sl08,2023-04-19 13:00:00+00:00,STAGE29A,data/reports/stage29a_high_range_regime_continuation_discovery/stage29a_exact_trades.csv,high_range_broad_pullback_continuation_v1,hr_broad_pb_h13_lq40_pb025_tp07_sl08,2.4696000000000367,1.4196000000000368,0.7196000000000371,1,1,1,0,1.4196000000000368,20.6099999999999,6.189999999999827,0.34087237479809146,31.71000000000004,0.9274676758120481,7.639999999999873,4.9204999999999925,0.476,-1.0,,,13,2,4.0,2023
2023-04-20 13:00:00+00:00|1.0|hr_broad_pb_h13_lq40_pb025_tp07_sl08,2023-04-20 13:00:00+00:00,STAGE29A,data/reports/stage29a_high_range_regime_continuation_discovery/stage29a_exact_trades.csv,high_range_broad_pullback_continuation_v1,hr_broad_pb_h13_lq40_pb025_tp07_sl08,1.470349999999962,0.4203499999999622,-0.2796500000000375,1,0,1,0,0.4203499999999622,38.95999999999981,8.179999999999836,0.20904645476773479,9.779999999999973,0.6932515337423304,7.809999999999945,4.066000000000019,0.2,1.0,,,13,3,4.0,2023
2023-04-25 13:00:00+00:00|-1.0|hr_broad_pb_h13_lq40_pb025_tp07_sl08,2023-04-25 13:00:00+00:00,STAGE29A,data/reports/stage29a_high_range_regime_continuation_discovery/stage29a_exact_trades.csv,high_range_broad_pullback_continuation_v1,hr_broad_pb_h13_lq40_pb025_tp07_sl08,1.4612499999999726,0.4112499999999728,-0.2887500000000269,1,0,1,0,0.4112499999999728,18.579999999999927,12.269999999999982,0.013039934800332689,10.289999999999964,0.4528668610301359,3.839999999999918,4.624499999999978,0.412,-1.0,,,13,1,4.0,2023
2023-05-05 13:00:00+00:00|-1.0|hr_broad_pb_h13_lq40_pb025_tp07_sl08,2023-05-05 13:00:00+00:00,STAGE29A,data/reports/stage29a_high_range_regime_continuation_discovery/stage29a_exact_trades.csv,high_range_broad_pullback_continuation_v1,hr_broad_pb_h13_lq40_pb025_tp07_sl08,-1.985600000000068,-3.035600000000068,-3.7356000000000673,0,0,0,0,3.035600000000068,47.87999999999988,7.529999999999973,0.10092961487380694,13.800000000000182,0.8630434782608641,2.900000000000091,4.995000000000016,0.504,-1.0,,,13,4,5.0,2023
2023-05-24 13:00:00+00:00|-1.0|hr_broad_pb_h13_lq40_pb025_tp07_sl08,2023-05-24 13:00:00+00:00,STAGE29A,data/reports/stage29a_high_range_regime_continuation_discovery/stage29a_exact_trades.csv,high_range_broad_pullback_continuation_v1,hr_broad_pb_h13_lq40_pb025_tp07_sl08,-2.394799999999896,-3.4447999999998955,-4.144799999999895,0,0,0,1,3.4447999999998955,23.449999999999815,4.529999999999973,0.0883002207505223,9.820000000000164,0.036659877800396534,3.199999999999818,3.878999999999985,0.28,-1.0,,,13,2,5.0,2023
2023-05-25 13:00:00+00:00|1.0|hr_broad_pb_h13_lq40_pb025_tp07_sl08,2023-05-25 13:00:00+00:00,STAGE29A,data/reports/stage29a_high_range_regime_continuation_discovery/stage29a_exact_trades.csv,high_range_broad_pullback_continuation_v1,hr_broad_pb_h13_lq40_pb025_tp07_sl08,1.043000000000029,-0.0069999999999708,-0.7069999999999705,0,0,0,0,0.0069999999999708,28.560000000000173,6.789999999999964,0.5729013254786629,9.850000000000136,0.39187817258884,3.509999999999991,4.429500000000007,0.536,1.0,,,13,3,5.0,2023
2023-07-21 13:00:00+00:00|-1.0|hr_broad_pb_h13_lq40_pb025_tp07_sl08,2023-07-21 13:00:00+00:00,STAGE29A,data/reports/stage29a_high_range_regime_continuation_discovery/stage29a_exact_trades.csv,high_range_broad_pullback_continuation_v1,hr_broad_pb_h13_lq40_pb025_tp07_sl08,-1.9876000000000205,-3.0376000000000203,-3.73760000000002,0,0,0,0,3.0376000000000203,22.090000000000146,3.8600000000001273,0.0984455958548884,11.100000000000136,0.5630630630630561,3.5,3.1629999999999994,0.188,-1.0,,,13,4,7.0,2023
2023-08-22 13:00:00+00:00|1.0|hr_broad_pb_h13_lq40_pb025_tp07_sl08,2023-08-22 13:00:00+00:00,STAGE29A,data/reports/stage29a_high_range_regime_continuation_discovery/stage29a_exact_trades.csv,high_range_broad_pullback_continuation_v1,hr_broad_pb_h13_lq40_pb025_tp07_sl08,-1.6796000000000275,-2.729600000000028,-3.4296000000000277,0,0,0,0,2.729600000000028,14.160000000000082,3.6100000000001273,0.2576177285318645,9.980000000000018,0.6863727454909716,4.329999999999927,2.81700000000003,0.224,1.0,,,13,1,8.0,2023
2023-10-04 13:00:00+00:00|1.0|hr_broad_pb_h13_lq40_pb025_tp07_sl08,2023-10-04 13:00:00+00:00,STAGE29A,data/reports/stage29a_high_range_regime_continuation_discovery/stage29a_exact_trades.csv,high_range_broad_pullback_continuation_v1,hr_broad_pb_h13_lq40_pb025_tp07_sl08,-1.8152000000000956,-2.8652000000000952,-3.565200000000095,0,0,0,0,2.8652000000000952,18.170000000000076,5.2999999999999545,0.34905660377361364,7.849999999999909,0.1770700636942823,3.1099999999999,3.950000000000023,0.72,1.0,,,13,2,10.0,2023
2023-10-17 13:00:00+00:00|1.0|hr_broad_pb_h13_lq40_pb025_tp07_sl08,2023-10-17 13:00:00+00:00,STAGE29A,data/reports/stage29a_high_range_regime_continuation_discovery/stage29a_exact_trades.csv,high_range_broad_pullback_continuation_v1,hr_broad_pb_h13_lq40_pb025_tp07_sl08,-1.788000000000102,-2.8380000000001018,-3.538000000000101,0,0,0,0,2.8380000000001018,22.09999999999991,9.3599999999999,0.22435897435899133,9.639999999999873,0.6390041493775868,4.919999999999845,3.052499999999975,0.132,1.0,,,13,1,10.0,2023
2023-10-20 13:00:00+00:00|1.0|hr_broad_pb_h13_lq40_pb025_tp07_sl08,2023-10-20 13:00:00+00:00,STAGE29A,data/reports/stage29a_high_range_regime_continuation_discovery/stage29a_exact_trades.csv,high_range_broad_pullback_continuation_v1,hr_broad_pb_h13_lq40_pb025_tp07_sl08,1.3135499999999865,0.2635499999999866,-0.4364500000000131,1,0,1,0,0.2635499999999866,32.50999999999999,10.069999999999936,0.5233366434955328,11.190000000000056,0.4387846291331395,5.039999999999964,5.7995,0.904,1.0,,,13,4,10.0,2023
2023-10-24 13:00:00+00:00|-1.0|hr_broad_pb_h13_lq40_pb025_tp07_sl08,2023-10-24 13:00:00+00:00,STAGE29A,data/reports/stage29a_high_range_regime_continuation_discovery/stage29a_exact_trades.csv,high_range_broad_pullback_continuation_v1,hr_broad_pb_h13_lq40_pb025_tp07_sl08,1.205749999999989,0.1557499999999891,-0.5442500000000106,1,0,1,0,0.1557499999999891,21.069999999999936,9.460000000000036,0.40697674418603536,14.259999999999993,0.7180925666199169,7.629999999999882,4.0440000000000165,0.432,-1.0,,,13,1,10.0,2023
2023-10-26 13:00:00+00:00|1.0|hr_broad_pb_h13_lq40_pb025_tp07_sl08,2023-10-26 13:00:00+00:00,STAGE29A,data/reports/stage29a_high_range_regime_continuation_discovery/stage29a_exact_trades.csv,high_range_broad_pullback_continuation_v1,hr_broad_pb_h13_lq40_pb025_tp07_sl08,-1.983600000000115,-3.033600000000115,-3.7336000000001146,0,0,0,0,3.033600000000115,24.13000000000011,7.869999999999891,0.6569250317661902,9.559999999999944,0.3650627615062792,2.7899999999999636,5.137500000000022,0.588,1.0,,,13,3,10.0,2023
2023-11-01 13:00:00+00:00|1.0|hr_broad_pb_h13_lq40_pb025_tp07_sl08,2023-11-01 13:00:00+00:00,STAGE29A,data/reports/stage29a_high_range_regime_continuation_discovery/stage29a_exact_trades.csv,high_range_broad_pullback_continuation_v1,hr_broad_pb_h13_lq40_pb025_tp07_sl08,0.8686999999998989,-0.181300000000101,-0.8813000000001008,0,0,0,0,0.181300000000101,29.070000000000164,10.86999999999989,0.525298988040487,7.8599999999999,0.7175572519084188,2.0499999999999545,3.884500000000037,0.104,1.0,,,13,2,11.0,2023
2023-11-07 13:00:00+00:00|-1.0|hr_broad_pb_h13_lq40_pb025_tp07_sl08,2023-11-07 13:00:00+00:00,STAGE29A,data/reports/stage29a_high_range_regime_continuation_discovery/stage29a_exact_trades.csv,high_range_broad_pullback_continuation_v1,hr_broad_pb_h13_lq40_pb025_tp07_sl08,0.8858500000000277,-0.1641499999999722,-0.864149999999972,0,0,0,0,0.1641499999999722,16.519999999999982,7.3599999999999,0.7228260869565538,10.039999999999964,0.5149402390438111,2.5499999999999545,2.810999999999967,0.024,-1.0,,,13,1,11.0,2023
2023-11-21 13:00:00+00:00|-1.0|hr_broad_pb_h13_lq40_pb025_tp07_sl08,2023-11-21 13:00:00+00:00,STAGE29A,data/reports/stage29a_high_range_regime_continuation_discovery/stage29a_exact_trades.csv,high_range_broad_pullback_continuation_v1,hr_broad_pb_h13_lq40_pb025_tp07_sl08,-1.9360000000000128,-2.9860000000000126,-3.686000000000013,0,0,0,0,2.9860000000000126,19.700000000000045,17.019999999999982,0.6404230317273722,10.009999999999993,0.3466533466533497,4.650000000000091,4.1404999999999745,0.8,-1.0,,,13,1,11.0,2023
2023-11-22 13:00:00+00:00|1.0|hr_broad_pb_h13_lq40_pb025_tp07_sl08,2023-11-22 13:00:00+00:00,STAGE29A,data/reports/stage29a_high_range_regime_continuation_discovery/stage29a_exact_trades.csv,high_range_broad_pullback_continuation_v1,hr_broad_pb_h13_lq40_pb025_tp07_sl08,-1.9579999999999476,-3.007999999999947,-3.707999999999947,0,0,0,0,3.007999999999947,30.34999999999991,4.8599999999999,0.0041152263374449015,9.639999999999873,0.19502074688795712,3.3199999999999363,3.366500000000008,0.196,1.0,,,13,2,11.0,2023
2023-11-30 13:00:00+00:00|-1.0|hr_broad_pb_h13_lq40_pb025_tp07_sl08,2023-11-30 13:00:00+00:00,STAGE29A,data/reports/stage29a_high_range_regime_continuation_discovery/stage29a_exact_trades.csv,high_range_broad_pullback_continuation_v1,hr_broad_pb_h13_lq40_pb025_tp07_sl08,-1.950799999999936,-3.0007999999999355,-3.7007999999999353,0,0,0,0,3.0007999999999355,16.749999999999773,4.540000000000191,0.0,10.160000000000082,0.6102362204724405,3.759999999999991,3.731000000000063,0.448,-1.0,,,13,3,11.0,2023
2023-12-04 13:00:00+00:00|-1.0|hr_broad_pb_h13_lq40_pb025_tp07_sl08,2023-12-04 13:00:00+00:00,STAGE29A,data/reports/stage29a_high_range_regime_continuation_discovery/stage29a_exact_trades.csv,high_range_broad_pullback_continuation_v1,hr_broad_pb_h13_lq40_pb025_tp07_sl08,-4.1803999999998265,-5.230399999999827,-5.9303999999998265,0,0,0,1,5.230399999999827,78.03999999999996,78.03999999999996,0.4173500768836517,32.70000000000027,0.5186544342507613,7.0300000000002,17.78850000000002,0.992,-1.0,,,13,0,12.0,2023
2023-12-14 13:00:00+00:00|1.0|hr_broad_pb_h13_lq40_pb025_tp07_sl08,2023-12-14 13:00:00+00:00,STAGE29A,data/reports/stage29a_high_range_regime_continuation_discovery/stage29a_exact_trades.csv,high_range_broad_pullback_continuation_v1,hr_broad_pb_h13_lq40_pb025_tp07_sl08,1.6159500000000206,0.5659500000000208,-0.1340499999999789,1,0,1,0,0.5659500000000208,60.16000000000008,14.930000000000064,0.10783657066308729,11.049999999999956,0.25610859728506236,4.3900000000001,7.2600000000000025,0.844,1.0,,,13,3,12.0,2023
2023-12-20 13:00:00+00:00|-1.0|hr_broad_pb_h13_lq40_pb025_tp07_sl08,2023-12-20 13:00:00+00:00,STAGE29A,data/reports/stage29a_high_range_regime_continuation_discovery/stage29a_exact_trades.csv,high_range_broad_pullback_continuation_v1,hr_broad_pb_h13_lq40_pb025_tp07_sl08,0.7658000000000357,-0.2841999999999642,-0.984199999999964,0,0,0,0,0.2841999999999642,25.289999999999964,4.960000000000036,0.09072580645162141,7.820000000000164,0.5843989769820768,4.740000000000009,2.918500000000017,0.012,-1.0,,,13,2,12.0,2023
2023-12-22 13:00:00+00:00|1.0|hr_broad_pb_h13_lq40_pb025_tp07_sl08,2023-12-22 13:00:00+00:00,STAGE29A,data/reports/stage29a_high_range_regime_continuation_discovery/stage29a_exact_trades.csv,high_range_broad_pullback_continuation_v1,hr_broad_pb_h13_lq40_pb025_tp07_sl08,-1.500000000000091,-2.550000000000091,-3.2500000000000906,0,0,0,0,2.550000000000091,21.38000000000011,8.6099999999999,0.3716608594657207,10.230000000000018,0.6021505376344377,3.7600000000002183,4.050499999999966,0.436,1.0,,,13,4,12.0,2023
2024-01-03 13:00:00+00:00|-1.0|hr_broad_pb_h13_lq40_pb025_tp07_sl08,2024-01-03 13:00:00+00:00,STAGE29A,data/reports/stage29a_high_range_regime_continuation_discovery/stage29a_exact_trades.csv,high_range_broad_pullback_continuation_v1,hr_broad_pb_h13_lq40_pb025_tp07_sl08,-2.148400000000129,-3.1984000000001287,-3.898400000000128,0,0,0,1,3.1984000000001287,22.88000000000011,7.050000000000182,0.7333333333333247,13.200000000000273,0.7446969696969488,4.5,4.033500000000004,0.54,-1.0,,,13,2,1.0,2024
2024-01-05 13:00:00+00:00|-1.0|hr_broad_pb_h13_lq40_pb025_tp07_sl08,2024-01-05 13:00:00+00:00,STAGE29A,data/reports/stage29a_high_range_regime_continuation_discovery/stage29a_exact_trades.csv,high_range_broad_pullback_continuation_v1,hr_broad_pb_h13_lq40_pb025_tp07_sl08,-1.827200000000039,-2.877200000000039,-3.5772000000000386,0,0,0,0,2.877200000000039,14.779999999999744,5.630000000000109,0.05150976909413108,9.599999999999907,0.47187500000000165,2.949999999999818,3.039499999999998,0.04,-1.0,,,13,4,1.0,2024
2024-01-10 13:00:00+00:00|1.0|hr_broad_pb_h13_lq40_pb025_tp07_sl08,2024-01-10 13:00:00+00:00,STAGE29A,data/reports/stage29a_high_range_regime_continuation_discovery/stage29a_exact_trades.csv,high_range_broad_pullback_continuation_v1,hr_broad_pb_h13_lq40_pb025_tp07_sl08,-2.031599999999889,-3.0815999999998893,-3.781599999999889,0,0,0,1,3.0815999999998893,15.940000000000056,5.619999999999891,0.18149466192170846,16.539999999999964,0.30290205562273287,5.759999999999991,3.7665000000000193,0.268,1.0,,,13,2,1.0,2024
2024-01-16 13:00:00+00:00|-1.0|hr_broad_pb_h13_lq40_pb025_tp07_sl08,2024-01-16 13:00:00+00:00,STAGE29A,data/reports/stage29a_high_range_regime_continuation_discovery/stage29a_exact_trades.csv,high_range_broad_pullback_continuation_v1,hr_broad_pb_h13_lq40_pb025_tp07_sl08,1.205749999999989,0.1557499999999891,-0.5442500000000106,1,0,1,0,0.1557499999999891,12.740000000000007,7.170000000000073,0.656903765690375,12.409999999999854,0.6970185334407891,3.1700000000000728,2.9890000000000554,0.068,-1.0,,,13,1,1.0,2024
2024-02-01 13:00:00+00:00|-1.0|hr_broad_pb_h13_lq40_pb025_tp07_sl08,2024-02-01 13:00:00+00:00,STAGE29A,data/reports/stage29a_high_range_regime_continuation_discovery/stage29a_exact_trades.csv,high_range_broad_pullback_continuation_v1,hr_broad_pb_h13_lq40_pb025_tp07_sl08,-2.1260000000000674,-3.176000000000067,-3.876000000000067,0,0,0,1,3.176000000000067,25.1400000000001,10.269999999999754,0.559883154819877,15.329999999999927,0.8962818003913943,10.25,4.909499999999957,0.948,-1.0,,,13,3,2.0,2024
2024-02-13 13:00:00+00:00|1.0|hr_broad_pb_h13_lq40_pb025_tp07_sl08,2024-02-13 13:00:00+00:00,STAGE29A,data/reports/stage29a_high_range_regime_continuation_discovery/stage29a_exact_trades.csv,high_range_broad_pullback_continuation_v1,hr_broad_pb_h13_lq40_pb025_tp07_sl08,-1.229200000000083,-2.2792000000000825,-2.9792000000000822,0,0,0,0,2.2792000000000825,15.639999999999873,4.409999999999855,0.04081632653062803,9.190000000000056,0.8476605005440606,1.9500000000000455,2.382499999999993,0.028,1.0,,,13,1,2.0,2024
2024-02-23 13:00:00+00:00|-1.0|hr_broad_pb_h13_lq40_pb025_tp07_sl08,2024-02-23 13:00:00+00:00,STAGE29A,data/reports/stage29a_high_range_regime_continuation_discovery/stage29a_exact_trades.csv,high_range_broad_pullback_continuation_v1,hr_broad_pb_h13_lq40_pb025_tp07_sl08,-1.7487999999999375,-2.7987999999999373,-3.498799999999937,0,0,0,0,2.7987999999999373,15.36999999999989,4.559999999999945,0.2763157894736855,10.110000000000127,0.2908011869435994,6.790000000000191,3.301500000000021,0.74,-1.0,,,13,4,2.0,2024
2024-03-01 13:00:00+00:00|1.0|hr_broad_pb_h13_lq40_pb025_tp07_sl08,2024-03-01 13:00:00+00:00,STAGE29A,data/reports/stage29a_high_range_regime_continuation_discovery/stage29a_exact_trades.csv,high_range_broad_pullback_continuation_v1,hr_broad_pb_h13_lq40_pb025_tp07_sl08,1.2305999999997763,0.1805999999997767,-0.519400000000223,1,0,1,0,0.1805999999997767,22.72999999999979,3.960000000000037,0.31565656565656275,16.0300000000002,0.5832813474734743,9.170000000000073,3.109500000000014,0.68,1.0,,,13,4,3.0,2024
2024-03-05 13:00:00+00:00|1.0|hr_broad_pb_h13_lq40_pb025_tp07_sl08,2024-03-05 13:00:00+00:00,STAGE29A,data/reports/stage29a_high_range_regime_continuation_discovery/stage29a_exact_trades.csv,high_range_broad_pullback_continuation_v1,hr_broad_pb_h13_lq40_pb025_tp07_sl08,-2.381199999999899,-3.4311999999998988,-4.1311999999998985,0,0,0,1,3.4311999999998988,40.370000000000346,6.349999999999909,0.22204724409446847,13.2800000000002,0.5813253012047954,3.880000000000109,4.7870000000000115,0.864,1.0,,,13,1,3.0,2024
2024-03-07 13:00:00+00:00|-1.0|hr_broad_pb_h13_lq40_pb025_tp07_sl08,2024-03-07 13:00:00+00:00,STAGE29A,data/reports/stage29a_high_range_regime_continuation_discovery/stage29a_exact_trades.csv,high_range_broad_pullback_continuation_v1,hr_broad_pb_h13_lq40_pb025_tp07_sl08,1.168999999999778,0.1189999999997781,-0.5810000000002216,1,0,0,0,0.1189999999997781,28.549999999999727,17.11999999999989,0.6407710280374022,8.299999999999727,0.07108433734936268,2.819999999999709,5.8159999999999625,0.908,-1.0,,,13,3,3.0,2024
2024-03-19 13:00:00+00:00|-1.0|hr_broad_pb_h13_lq40_pb025_tp07_sl08,2024-03-19 13:00:00+00:00,STAGE29A,data/reports/stage29a_high_range_regime_continuation_discovery/stage29a_exact_trades.csv,high_range_broad_pullback_continuation_v1,hr_broad_pb_h13_lq40_pb025_tp07_sl08,-2.284799999999996,-3.3347999999999955,-4.034799999999995,0,0,0,1,3.3347999999999955,17.559999999999945,4.159999999999855,0.16105769230771544,13.179999999999836,0.4613050075872536,3.869999999999891,3.177499999999918,0.036,-1.0,,,13,1,3.0,2024
2024-03-20 13:00:00+00:00|-1.0|hr_broad_pb_h13_lq40_pb025_tp07_sl08,2024-03-20 13:00:00+00:00,STAGE29A,data/reports/stage29a_high_range_regime_continuation_discovery/stage29a_exact_trades.csv,high_range_broad_pullback_continuation_v1,hr_broad_pb_h13_lq40_pb025_tp07_sl08,-1.616399999999976,-2.666399999999976,-3.366399999999976,0,0,0,0,2.666399999999976,15.599999999999907,5.110000000000127,0.031311154598796576,7.079999999999927,0.3587570621468912,2.5099999999997635,2.52349999999999,0.004,-1.0,,,13,2,3.0,2024
2024-03-27 13:00:00+00:00|1.0|hr_broad_pb_h13_lq40_pb025_tp07_sl08,2024-03-27 13:00:00+00:00,STAGE29A,data/reports/stage29a_high_range_regime_continuation_discovery/stage29a_exact_trades.csv,high_range_broad_pullback_continuation_v1,hr_broad_pb_h13_lq40_pb025_tp07_sl08,1.852900000000227,0.8029000000002271,0.1029000000002273,1,1,1,0,0.8029000000002271,32.46000000000004,8.480000000000018,0.12264150943395771,18.800000000000185,0.8202127659574427,5.809999999999945,4.6720000000000255,0.6,1.0,,,13,2,3.0,2024
2024-04-03 13:00:00+00:00|-1.0|hr_broad_pb_h13_lq40_pb025_tp07_sl08,2024-04-03 13:00:00+00:00,STAGE29A,data/reports/stage29a_high_range_regime_continuation_discovery/stage29a_exact_trades.csv,high_range_broad_pullback_continuation_v1,hr_broad_pb_h13_lq40_pb025_tp07_sl08,-3.0203999999999724,-4.070399999999973,-4.770399999999972,0,0,0,1,4.070399999999973,35.35999999999967,11.590000000000146,0.28127696289906623,19.360000000000127,0.6714876033057807,5.150000000000091,7.227500000000032,0.736,-1.0,,,13,2,4.0,2024
2024-04-05 13:00:00+00:00|1.0|hr_broad_pb_h13_lq40_pb025_tp07_sl08,2024-04-05 13:00:00+00:00,STAGE29A,data/reports/stage29a_high_range_regime_continuation_discovery/stage29a_exact_trades.csv,high_range_broad_pullback_continuation_v1,hr_broad_pb_h13_lq40_pb025_tp07_sl08,-3.218799999999737,-4.268799999999738,-4.968799999999737,0,0,0,1,4.268799999999738,25.519999999999985,25.579999999999927,0.5136825645035327,16.9699999999998,0.8461991750147494,6.940000000000055,7.961500000000001,0.856,1.0,,,13,4,4.0,2024
2024-04-08 13:00:00+00:00|-1.0|hr_broad_pb_h13_lq40_pb025_tp07_sl08,2024-04-08 13:00:00+00:00,STAGE29A,data/reports/stage29a_high_range_regime_continuation_discovery/stage29a_exact_trades.csv,high_range_broad_pullback_continuation_v1,hr_broad_pb_h13_lq40_pb025_tp07_sl08,-3.734399999999914,-4.7843999999999145,-5.484399999999914,0,0,0,1,4.7843999999999145,24.11999999999989,51.0300000000002,0.7460317460317463,13.789999999999964,0.5823060188542583,3.680000000000291,11.00200000000002,0.968,-1.0,,,13,0,4.0,2024
2024-04-25 13:00:00+00:00|1.0|hr_broad_pb_h13_lq40_pb025_tp07_sl08,2024-04-25 13:00:00+00:00,STAGE29A,data/reports/stage29a_high_range_regime_continuation_discovery/stage29a_exact_trades.csv,high_range_broad_pullback_continuation_v1,hr_broad_pb_h13_lq40_pb025_tp07_sl08,1.4014000000001032,0.3514000000001034,-0.3485999999998963,1,0,1,0,0.3514000000001034,25.480000000000015,17.029999999999745,0.28185554903113647,16.4699999999998,0.7109896782028038,3.400000000000091,6.169999999999959,0.04,1.0,,,13,3,4.0,2024
2024-05-02 13:00:00+00:00|-1.0|hr_broad_pb_h13_lq40_pb025_tp07_sl08,2024-05-02 13:00:00+00:00,STAGE29A,data/reports/stage29a_high_range_regime_continuation_discovery/stage29a_exact_trades.csv,high_range_broad_pullback_continuation_v1,hr_broad_pb_h13_lq40_pb025_tp07_sl08,-3.0288000000001376,-4.078800000000138,-4.778800000000137,0,0,0,1,4.078800000000138,46.82999999999993,9.070000000000164,0.1422271223814708,22.340000000000146,0.8012533572068028,6.7400000000002365,8.24950000000008,0.76,-1.0,,,13,3,5.0,2024
2024-05-03 13:00:00+00:00|-1.0|hr_broad_pb_h13_lq40_pb025_tp07_sl08,2024-05-03 13:00:00+00:00,STAGE29A,data/reports/stage29a_high_range_regime_continuation_discovery/stage29a_exact_trades.csv,high_range_broad_pullback_continuation_v1,hr_broad_pb_h13_lq40_pb025_tp07_sl08,1.3719999999997523,0.3219999999997527,-0.378000000000247,1,0,1,0,0.3219999999997527,41.09999999999991,6.440000000000055,0.2096273291925307,10.970000000000256,0.08477666362810113,3.730000000000018,5.232499999999982,0.064,-1.0,,,13,4,5.0,2024
2024-05-10 13:00:00+00:00|1.0|hr_broad_pb_h13_lq40_pb025_tp07_sl08,2024-05-10 13:00:00+00:00,STAGE29A,data/reports/stage29a_high_range_regime_continuation_discovery/stage29a_exact_trades.csv,high_range_broad_pullback_continuation_v1,hr_broad_pb_h13_lq40_pb025_tp07_sl08,1.9264000000001944,0.8764000000001944,0.1764000000001946,1,1,1,0,0.8764000000001944,40.63999999999987,10.659999999999854,0.6716697936210086,24.079999999999927,0.7936046511627984,5.8400000000001455,5.9384999999999994,0.4,1.0,,,13,4,5.0,2024
2024-05-14 13:00:00+00:00|1.0|hr_broad_pb_h13_lq40_pb025_tp07_sl08,2024-05-14 13:00:00+00:00,STAGE29A,data/reports/stage29a_high_range_regime_continuation_discovery/stage29a_exact_trades.csv,high_range_broad_pullback_continuation_v1,hr_broad_pb_h13_lq40_pb025_tp07_sl08,-2.399599999999828,-3.4495999999998275,-4.149599999999827,0,0,0,1,3.4495999999998275,32.95000000000027,9.570000000000164,0.5862068965517274,12.2800000000002,0.2394136807817595,4.670000000000073,4.2309999999999945,0.016,1.0,,,13,1,5.0,2024
2024-05-15 13:00:00+00:00|1.0|hr_broad_pb_h13_lq40_pb025_tp07_sl08,2024-05-15 13:00:00+00:00,STAGE29A,data/reports/stage29a_high_range_regime_continuation_discovery/stage29a_exact_trades.csv,high_range_broad_pullback_continuation_v1,hr_broad_pb_h13_lq40_pb025_tp07_sl08,-2.4299999999999278,-3.479999999999927,-4.179999999999927,0,0,0,1,3.479999999999927,24.920000000000076,6.110000000000127,0.46808510638298984,18.5300000000002,0.47706422018348893,6.0600000000004,4.572000000000026,0.084,1.0,,,13,2,5.0,2024
2024-05-17 13:00:00+00:00|1.0|hr_broad_pb_h13_lq40_pb025_tp07_sl08,2024-05-17 13:00:00+00:00,STAGE29A,data/reports/stage29a_high_range_regime_continuation_discovery/stage29a_exact_trades.csv,high_range_broad_pullback_continuation_v1,hr_broad_pb_h13_lq40_pb025_tp07_sl08,1.3670999999998457,0.3170999999998458,-0.3829000000001539,1,0,1,0,0.3170999999998458,26.550000000000185,7.2599999999997635,0.07300275482090395,11.360000000000127,0.42517605633805705,4.900000000000091,4.127999999999974,0.016,1.0,,,13,4,5.0,2024
2024-05-21 13:00:00+00:00|1.0|hr_broad_pb_h13_lq40_pb025_tp07_sl08,2024-05-21 13:00:00+00:00,STAGE29A,data/reports/stage29a_high_range_regime_continuation_discovery/stage29a_exact_trades.csv,high_range_broad_pullback_continuation_v1,hr_broad_pb_h13_lq40_pb025_tp07_sl08,2.3540999999999257,1.304099999999926,0.6040999999999261,1,1,1,0,1.304099999999926,42.86999999999989,26.63000000000011,0.5005632745024361,13.569999999999707,0.19012527634491064,7.949999999999818,7.520499999999947,0.808,1.0,,,13,1,5.0,2024
2024-05-22 13:00:00+00:00|1.0|hr_broad_pb_h13_lq40_pb025_tp07_sl08,2024-05-22 13:00:00+00:00,STAGE29A,data/reports/stage29a_high_range_regime_continuation_discovery/stage29a_exact_trades.csv,high_range_broad_pullback_continuation_v1,hr_broad_pb_h13_lq40_pb025_tp07_sl08,-2.835200000000077,-3.885200000000077,-4.585200000000077,0,0,0,1,3.885200000000077,27.610000000000127,13.980000000000018,0.5615164520744172,7.930000000000291,0.3947036569987382,3.5299999999997453,5.077499999999918,0.304,1.0,,,13,2,5.0,2024
2024-05-24 13:00:00+00:00|1.0|hr_broad_pb_h13_lq40_pb025_tp07_sl08,2024-05-24 13:00:00+00:00,STAGE29A,data/reports/stage29a_high_range_regime_continuation_discovery/stage29a_exact_trades.csv,high_range_broad_pullback_continuation_v1,hr_broad_pb_h13_lq40_pb025_tp07_sl08,-2.5848000000001776,-3.6348000000001774,-4.334800000000177,0,0,0,1,3.6348000000001774,56.809999999999945,9.710000000000036,0.028836251287353145,12.7199999999998,0.5463836477987721,5.7599999999997635,6.609499999999935,0.496,1.0,,,13,4,5.0,2024
2024-05-29 13:00:00+00:00|-1.0|hr_broad_pb_h13_lq40_pb025_tp07_sl08,2024-05-29 13:00:00+00:00,STAGE29A,data/reports/stage29a_high_range_regime_continuation_discovery/stage29a_exact_trades.csv,high_range_broad_pullback_continuation_v1,hr_broad_pb_h13_lq40_pb025_tp07_sl08,-2.717200000000139,-3.767200000000139,-4.467200000000139,0,0,0,1,3.767200000000139,24.059999999999945,7.930000000000291,0.12862547288776097,20.700000000000276,0.6120772946859638,5.320000000000164,5.17150000000006,0.272,-1.0,,,13,2,5.0,2024
2024-05-30 13:00:00+00:00|-1.0|hr_broad_pb_h13_lq40_pb025_tp07_sl08,2024-05-30 13:00:00+00:00,STAGE29A,data/reports/stage29a_high_range_regime_continuation_discovery/stage29a_exact_trades.csv,high_range_broad_pullback_continuation_v1,hr_broad_pb_h13_lq40_pb025_tp07_sl08,-3.157999999999993,-4.207999999999993,-4.907999999999992,0,0,0,1,4.207999999999993,28.059999999999945,11.800000000000182,0.2771186440677908,15.559999999999944,0.06876606683805704,6.309999999999945,5.321000000000095,0.308,-1.0,,,13,3,5.0,2024
2024-06-05 13:00:00+00:00|-1.0|hr_broad_pb_h13_lq40_pb025_tp07_sl08,2024-06-05 13:00:00+00:00,STAGE29A,data/reports/stage29a_high_range_regime_continuation_discovery/stage29a_exact_trades.csv,high_range_broad_pullback_continuation_v1,hr_broad_pb_h13_lq40_pb025_tp07_sl08,-2.628400000000147,-3.678400000000147,-4.378400000000147,0,0,0,1,3.678400000000147,37.41000000000031,12.010000000000218,0.7993338884262893,13.579999999999927,0.3645066273932139,2.869999999999891,4.862499999999931,0.124,-1.0,,,13,2,6.0,2024
2024-06-06 13:00:00+00:00|-1.0|hr_broad_pb_h13_lq40_pb025_tp07_sl08,2024-06-06 13:00:00+00:00,STAGE29A,data/reports/stage29a_high_range_regime_continuation_discovery/stage29a_exact_trades.csv,high_range_broad_pullback_continuation_v1,hr_broad_pb_h13_lq40_pb025_tp07_sl08,1.227099999999973,0.1770999999999731,-0.5229000000000266,1,0,1,0,0.1770999999999731,31.670000000000076,20.389999999999876,0.564982834722906,12.929999999999836,0.5359628770301565,5.349999999999909,5.662499999999954,0.544,-1.0,,,13,3,6.0,2024
2024-06-07 13:00:00+00:00|-1.0|hr_broad_pb_h13_lq40_pb025_tp07_sl08,2024-06-07 13:00:00+00:00,STAGE29A,data/reports/stage29a_high_range_regime_continuation_discovery/stage29a_exact_trades.csv,high_range_broad_pullback_continuation_v1,hr_broad_pb_h13_lq40_pb025_tp07_sl08,3.504899999999816,2.454899999999816,1.7548999999998165,1,1,1,0,2.454899999999816,25.20999999999958,12.600000000000364,0.24920634920633192,50.42000000000007,0.8131693772312563,10.519999999999982,7.641499999999996,0.988,-1.0,,,13,4,6.0,2024
2024-06-13 13:00:00+00:00|1.0|hr_broad_pb_h13_lq40_pb025_tp07_sl08,2024-06-13 13:00:00+00:00,STAGE29A,data/reports/stage29a_high_range_regime_continuation_discovery/stage29a_exact_trades.csv,high_range_broad_pullback_continuation_v1,hr_broad_pb_h13_lq40_pb025_tp07_sl08,-2.2307999999999084,-3.280799999999908,-3.980799999999908,0,0,0,1,3.280799999999908,31.039999999999964,16.460000000000036,0.4696233292831106,9.580000000000382,0.12526096033400524,5.0300000000002,6.201499999999965,0.628,1.0,,,13,3,6.0,2024
2024-06-14 13:00:00+00:00|1.0|hr_broad_pb_h13_lq40_pb025_tp07_sl08,2024-06-14 13:00:00+00:00,STAGE29A,data/reports/stage29a_high_range_regime_continuation_discovery/stage29a_exact_trades.csv,high_range_broad_pullback_continuation_v1,hr_broad_pb_h13_lq40_pb025_tp07_sl08,-2.7876000000002024,-3.837600000000202,-4.537600000000202,0,0,0,1,3.837600000000202,31.15999999999985,7.050000000000182,0.35886524822690496,19.139999999999876,0.8949843260188204,7.5300000000002,5.026000000000022,0.196,1.0,,,13,4,6.0,2024
2024-06-25 13:00:00+00:00|1.0|hr_broad_pb_h13_lq40_pb025_tp07_sl08,2024-06-25 13:00:00+00:00,STAGE29A,data/reports/stage29a_high_range_regime_continuation_discovery/stage29a_exact_trades.csv,high_range_broad_pullback_continuation_v1,hr_broad_pb_h13_lq40_pb025_tp07_sl08,-2.359599999999864,-3.409599999999864,-4.109599999999864,0,0,0,1,3.409599999999864,17.15000000000009,11.150000000000093,0.6852017937219969,11.319999999999707,0.7915194346289989,4.769999999999982,4.180999999999949,0.152,1.0,,,13,1,6.0,2024
2024-06-26 13:00:00+00:00|-1.0|hr_broad_pb_h13_lq40_pb025_tp07_sl08,2024-06-26 13:00:00+00:00,STAGE29A,data/reports/stage29a_high_range_regime_continuation_discovery/stage29a_exact_trades.csv,high_range_broad_pullback_continuation_v1,hr_broad_pb_h13_lq40_pb025_tp07_sl08,-2.557600000000184,-3.607600000000184,-4.307600000000184,0,0,0,1,3.607600000000184,21.789999999999964,13.350000000000364,0.2636704119850102,8.690000000000055,0.11047180667434181,2.730000000000018,5.347500000000059,0.532,-1.0,,,13,2,6.0,2024
2024-06-27 13:00:00+00:00|1.0|hr_broad_pb_h13_lq40_pb025_tp07_sl08,2024-06-27 13:00:00+00:00,STAGE29A,data/reports/stage29a_high_range_regime_continuation_discovery/stage29a_exact_trades.csv,high_range_broad_pullback_continuation_v1,hr_broad_pb_h13_lq40_pb025_tp07_sl08,1.4465500000000246,0.3965500000000248,-0.3034499999999749,1,0,1,0,0.3965500000000248,30.350000000000364,3.3899999999998727,0.22123893805310565,17.429999999999836,0.7917383820998457,6.599999999999909,3.5849999999999453,0.072,1.0,,,13,3,6.0,2024
2024-06-28 13:00:00+00:00|1.0|hr_broad_pb_h13_lq40_pb025_tp07_sl08,2024-06-28 13:00:00+00:00,STAGE29A,data/reports/stage29a_high_range_regime_continuation_discovery/stage29a_exact_trades.csv,high_range_broad_pullback_continuation_v1,hr_broad_pb_h13_lq40_pb025_tp07_sl08,1.1329500000000734,0.0829500000000735,-0.6170499999999262,1,0,0,0,0.0829500000000735,34.58999999999969,9.269999999999982,0.5587918015102316,12.099999999999907,0.7033057851239527,3.0700000000001637,4.011000000000058,0.132,1.0,,,13,4,6.0,2024
2024-07-02 13:00:00+00:00|-1.0|hr_broad_pb_h13_lq40_pb025_tp07_sl08,2024-07-02 13:00:00+00:00,STAGE29A,data/reports/stage29a_high_range_regime_continuation_discovery/stage29a_exact_trades.csv,high_range_broad_pullback_continuation_v1,hr_broad_pb_h13_lq40_pb025_tp07_sl08,-2.3624000000000707,-3.4124000000000705,-4.11240000000007,0,0,0,1,3.4124000000000705,20.0,8.61999999999989,0.6705336426913943,9.099999999999907,0.1329670329670383,7.779999999999745,4.302500000000032,0.236,-1.0,,,13,1,7.0,2024
2024-07-04 13:00:00+00:00|-1.0|hr_broad_pb_h13_lq40_pb025_tp07_sl08,2024-07-04 13:00:00+00:00,STAGE29A,data/reports/stage29a_high_range_regime_continuation_discovery/stage29a_exact_trades.csv,high_range_broad_pullback_continuation_v1,hr_broad_pb_h13_lq40_pb025_tp07_sl08,-2.136799999999857,-3.1867999999998573,-3.886799999999857,0,0,0,1,3.1867999999998573,38.03999999999997,6.5900000000001455,0.12139605462824951,9.259999999999764,0.0377969762419409,3.4299999999998363,4.107499999999959,0.116,-1.0,,,13,3,7.0,2024
2024-07-09 13:00:00+00:00|-1.0|hr_broad_pb_h13_lq40_pb025_tp07_sl08,2024-07-09 13:00:00+00:00,STAGE29A,data/reports/stage29a_high_range_regime_continuation_discovery/stage29a_exact_trades.csv,high_range_broad_pullback_continuation_v1,hr_broad_pb_h13_lq40_pb025_tp07_sl08,1.0699499999999715,0.0199499999999717,-0.680050000000028,1,0,0,0,0.0199499999999717,40.36999999999989,9.490000000000236,0.8303477344573144,10.409999999999854,0.3170028818443586,3.7400000000002365,4.889499999999975,0.476,-1.0,,,13,1,7.0,2024
2024-07-12 13:00:00+00:00|-1.0|hr_broad_pb_h13_lq40_pb025_tp07_sl08,2024-07-12 13:00:00+00:00,STAGE29A,data/reports/stage29a_high_range_regime_continuation_discovery/stage29a_exact_trades.csv,high_range_broad_pullback_continuation_v1,hr_broad_pb_h13_lq40_pb025_tp07_sl08,-2.501600000000144,-3.551600000000144,-4.251600000000144,0,0,0,1,3.551600000000144,53.38999999999987,9.550000000000182,0.5350785340313692,9.760000000000218,0.3893442622950453,5.119999999999891,5.3715000000000375,0.7,-1.0,,,13,4,7.0,2024
2024-07-18 13:00:00+00:00|-1.0|hr_broad_pb_h13_lq40_pb025_tp07_sl08,2024-07-18 13:00:00+00:00,STAGE29A,data/reports/stage29a_high_range_regime_continuation_discovery/stage29a_exact_trades.csv,high_range_broad_pullback_continuation_v1,hr_broad_pb_h13_lq40_pb025_tp07_sl08,1.461949999999797,0.4119499999997971,-0.2880500000002026,1,0,1,0,0.4119499999997971,32.25999999999976,11.519999999999982,0.7647569444444409,10.329999999999927,0.23523717328168958,3.099999999999909,6.02800000000002,0.692,-1.0,,,13,3,7.0,2024
2024-07-19 13:00:00+00:00|-1.0|hr_broad_pb_h13_lq40_pb025_tp07_sl08,2024-07-19 13:00:00+00:00,STAGE29A,data/reports/stage29a_high_range_regime_continuation_discovery/stage29a_exact_trades.csv,high_range_broad_pullback_continuation_v1,hr_broad_pb_h13_lq40_pb025_tp07_sl08,-3.643999999999869,-4.693999999999869,-5.393999999999869,0,0,0,1,4.693999999999869,34.84999999999991,24.67999999999984,0.6288492706645091,16.5,0.7678787878787923,6.269999999999982,7.066999999999939,0.872,-1.0,,,13,4,7.0,2024
2024-07-23 13:00:00+00:00|1.0|hr_broad_pb_h13_lq40_pb025_tp07_sl08,2024-07-23 13:00:00+00:00,STAGE29A,data/reports/stage29a_high_range_regime_continuation_discovery/stage29a_exact_trades.csv,high_range_broad_pullback_continuation_v1,hr_broad_pb_h13_lq40_pb025_tp07_sl08,2.1192500000001018,1.069250000000102,0.3692500000001022,1,1,1,0,1.069250000000102,28.23999999999978,9.199999999999818,0.34239130434784276,20.019999999999985,0.43806193806193755,4.9099999999998545,5.389500000000021,0.384,1.0,,,13,1,7.0,2024
2024-07-26 13:00:00+00:00|1.0|hr_broad_pb_h13_lq40_pb025_tp07_sl08,2024-07-26 13:00:00+00:00,STAGE29A,data/reports/stage29a_high_range_regime_continuation_discovery/stage29a_exact_trades.csv,high_range_broad_pullback_continuation_v1,hr_broad_pb_h13_lq40_pb025_tp07_sl08,-2.703200000000016,-3.753200000000015,-4.453200000000015,0,0,0,1,3.753200000000015,48.190000000000055,23.550000000000185,0.36390658174096147,10.0300000000002,0.19541375872382824,2.849999999999909,6.586000000000013,0.584,1.0,,,13,4,7.0,2024
2024-07-31 13:00:00+00:00|1.0|hr_broad_pb_h13_lq40_pb025_tp07_sl08,2024-07-31 13:00:00+00:00,STAGE29A,data/reports/stage29a_high_range_regime_continuation_discovery/stage29a_exact_trades.csv,high_range_broad_pullback_continuation_v1,hr_broad_pb_h13_lq40_pb025_tp07_sl08,-2.663200000000052,-3.713200000000052,-4.413200000000051,0,0,0,1,3.713200000000052,36.43000000000029,15.139999999999873,0.47159841479523995,10.990000000000236,0.4003639672429478,4.430000000000291,6.458000000000107,0.528,1.0,,,13,2,7.0,2024
2024-08-06 13:00:00+00:00|1.0|hr_broad_pb_h13_lq40_pb025_tp07_sl08,2024-08-06 13:00:00+00:00,STAGE29A,data/reports/stage29a_high_range_regime_continuation_discovery/stage29a_exact_trades.csv,high_range_broad_pullback_continuation_v1,hr_broad_pb_h13_lq40_pb025_tp07_sl08,-4.258800000000155,-5.308800000000156,-6.008800000000155,0,0,0,1,5.308800000000156,94.65999999999984,13.960000000000036,0.005014326647576184,20.72000000000025,0.20945945945944197,5.320000000000164,8.264500000000089,0.744,1.0,,,13,1,8.0,2024
2024-08-07 13:00:00+00:00|1.0|hr_broad_pb_h13_lq40_pb025_tp07_sl08,2024-08-07 13:00:00+00:00,STAGE29A,data/reports/stage29a_high_range_regime_continuation_discovery/stage29a_exact_trades.csv,high_range_broad_pullback_continuation_v1,hr_broad_pb_h13_lq40_pb025_tp07_sl08,-2.789600000000155,-3.839600000000155,-4.539600000000155,0,0,0,1,3.839600000000155,36.63000000000011,11.710000000000036,0.22715627668657953,11.829999999999927,0.7007607776838558,3.930000000000291,6.822499999999991,0.396,1.0,,,13,2,8.0,2024
2024-08-08 13:00:00+00:00|1.0|hr_broad_pb_h13_lq40_pb025_tp07_sl08,2024-08-08 13:00:00+00:00,STAGE29A,data/reports/stage29a_high_range_regime_continuation_discovery/stage29a_exact_trades.csv,high_range_broad_pullback_continuation_v1,hr_broad_pb_h13_lq40_pb025_tp07_sl08,2.017749999999887,0.9677499999998872,0.2677499999998876,1,1,1,0,0.9677499999998872,28.01000000000022,14.150000000000093,0.7519434628975127,15.019999999999982,0.1291611185086589,5.150000000000091,5.698000000000024,0.1,1.0,,,13,3,8.0,2024
2024-08-09 13:00:00+00:00|1.0|hr_broad_pb_h13_lq40_pb025_tp07_sl08,2024-08-09 13:00:00+00:00,STAGE29A,data/reports/stage29a_high_range_regime_continuation_discovery/stage29a_exact_trades.csv,high_range_broad_pullback_continuation_v1,hr_broad_pb_h13_lq40_pb025_tp07_sl08,1.4899500000000443,0.4399500000000444,-0.2600499999999552,1,0,1,0,0.4399500000000444,47.190000000000055,9.679999999999836,0.4845041322314188,10.159999999999854,0.24606299212598778,2.9600000000000364,5.6220000000000026,0.092,1.0,,,13,4,8.0,2024
2024-08-16 13:00:00+00:00|1.0|hr_broad_pb_h13_lq40_pb025_tp07_sl08,2024-08-16 13:00:00+00:00,STAGE29A,data/reports/stage29a_high_range_regime_continuation_discovery/stage29a_exact_trades.csv,high_range_broad_pullback_continuation_v1,hr_broad_pb_h13_lq40_pb025_tp07_sl08,-2.4368000000000394,-3.486800000000039,-4.186800000000039,0,0,0,1,3.486800000000039,37.90000000000009,9.2199999999998,0.26030368763559036,13.390000000000327,0.8110530246452473,3.0700000000001637,4.9780000000000655,0.04,1.0,,,13,4,8.0,2024
2024-08-20 13:00:00+00:00|1.0|hr_broad_pb_h13_lq40_pb025_tp07_sl08,2024-08-20 13:00:00+00:00,STAGE29A,data/reports/stage29a_high_range_regime_continuation_discovery/stage29a_exact_trades.csv,high_range_broad_pullback_continuation_v1,hr_broad_pb_h13_lq40_pb025_tp07_sl08,2.399249999999847,1.3492499999998473,0.6492499999998476,1,1,1,0,1.3492499999998473,23.800000000000185,9.5,0.2642105263157646,27.90999999999985,0.7115729129344404,5.519999999999982,5.144999999999982,0.08,1.0,,,13,1,8.0,2024
2024-08-27 13:00:00+00:00|-1.0|hr_broad_pb_h13_lq40_pb025_tp07_sl08,2024-08-27 13:00:00+00:00,STAGE29A,data/reports/stage29a_high_range_regime_continuation_discovery/stage29a_exact_trades.csv,high_range_broad_pullback_continuation_v1,hr_broad_pb_h13_lq40_pb025_tp07_sl08,-3.0236000000000787,-4.073600000000079,-4.773600000000078,0,0,0,1,4.073600000000079,18.050000000000185,11.989999999999782,0.6905754795662966,13.979999999999563,0.006437768240353958,5.670000000000073,5.167499999999973,0.196,-1.0,,,13,1,8.0,2024
2024-08-28 13:00:00+00:00|-1.0|hr_broad_pb_h13_lq40_pb025_tp07_sl08,2024-08-28 13:00:00+00:00,STAGE29A,data/reports/stage29a_high_range_regime_continuation_discovery/stage29a_exact_trades.csv,high_range_broad_pullback_continuation_v1,hr_broad_pb_h13_lq40_pb025_tp07_sl08,-2.449600000000009,-3.4996000000000094,-4.199600000000009,0,0,0,1,3.4996000000000094,22.4399999999996,15.88000000000011,0.6190176322418047,12.849999999999907,0.4513618677042621,3.7100000000000364,5.0939999999999825,0.172,-1.0,,,13,2,8.0,2024
2024-08-29 13:00:00+00:00|1.0|hr_broad_pb_h13_lq40_pb025_tp07_sl08,2024-08-29 13:00:00+00:00,STAGE29A,data/reports/stage29a_high_range_regime_continuation_discovery/stage29a_exact_trades.csv,high_range_broad_pullback_continuation_v1,hr_broad_pb_h13_lq40_pb025_tp07_sl08,-2.767600000000221,-3.817600000000221,-4.51760000000022,0,0,0,1,3.817600000000221,35.45000000000027,12.860000000000127,0.7449455676516199,10.539999999999964,0.5910815939278975,8.480000000000018,4.832999999999993,0.112,1.0,,,13,3,8.0,2024
2024-09-05 13:00:00+00:00|1.0|hr_broad_pb_h13_lq40_pb025_tp07_sl08,2024-09-05 13:00:00+00:00,STAGE29A,data/reports/stage29a_high_range_regime_continuation_discovery/stage29a_exact_trades.csv,high_range_broad_pullback_continuation_v1,hr_broad_pb_h13_lq40_pb025_tp07_sl08,-2.783599999999842,-3.833599999999842,-4.533599999999842,0,0,0,1,3.833599999999842,28.620000000000346,4.880000000000109,0.08811475409832514,23.40999999999985,0.8821016659547296,2.519999999999982,4.613000000000056,0.132,1.0,,,13,3,9.0,2024
2024-09-18 13:00:00+00:00|-1.0|hr_broad_pb_h13_lq40_pb025_tp07_sl08,2024-09-18 13:00:00+00:00,STAGE29A,data/reports/stage29a_high_range_regime_continuation_discovery/stage29a_exact_trades.csv,high_range_broad_pullback_continuation_v1,hr_broad_pb_h13_lq40_pb025_tp07_sl08,-1.9823999999999613,-3.0323999999999613,-3.732399999999961,0,0,0,0,3.0323999999999613,26.2199999999998,8.230000000000018,0.6342648845686255,10.759999999999764,0.369888475836441,3.9899999999997817,5.132999999999948,0.488,-1.0,,,13,2,9.0,2024
2024-09-20 13:00:00+00:00|1.0|hr_broad_pb_h13_lq40_pb025_tp07_sl08,2024-09-20 13:00:00+00:00,STAGE29A,data/reports/stage29a_high_range_regime_continuation_discovery/stage29a_exact_trades.csv,high_range_broad_pullback_continuation_v1,hr_broad_pb_h13_lq40_pb025_tp07_sl08,1.810200000000259,0.7602000000002591,0.0602000000002593,1,1,1,0,0.7602000000002591,43.78999999999997,8.75,0.41142857142856104,21.419999999999614,0.6984126984127126,8.039999999999964,5.049000000000047,0.416,1.0,,,13,4,9.0,2024
2024-09-25 13:00:00+00:00|-1.0|hr_broad_pb_h13_lq40_pb025_tp07_sl08,2024-09-25 13:00:00+00:00,STAGE29A,data/reports/stage29a_high_range_regime_continuation_discovery/stage29a_exact_trades.csv,high_range_broad_pullback_continuation_v1,hr_broad_pb_h13_lq40_pb025_tp07_sl08,-2.783599999999842,-3.833599999999842,-4.533599999999842,0,0,0,1,3.833599999999842,41.76999999999998,15.13000000000011,0.15333773959019778,10.159999999999854,0.4498031496063218,4.919999999999618,6.537499999999954,0.724,-1.0,,,13,2,9.0,2024
2024-09-26 13:00:00+00:00|1.0|hr_broad_pb_h13_lq40_pb025_tp07_sl08,2024-09-26 13:00:00+00:00,STAGE29A,data/reports/stage29a_high_range_regime_continuation_discovery/stage29a_exact_trades.csv,high_range_broad_pullback_continuation_v1,hr_broad_pb_h13_lq40_pb025_tp07_sl08,1.4612500000002,0.4112500000002002,-0.2887499999997995,1,0,1,0,0.4112500000002002,20.829999999999927,7.170000000000073,0.6094839609484382,12.570000000000164,0.49721559268098,2.869999999999891,5.068999999999915,0.308,1.0,,,13,3,9.0,2024
2024-10-01 13:00:00+00:00|1.0|hr_broad_pb_h13_lq40_pb025_tp07_sl08,2024-10-01 13:00:00+00:00,STAGE29A,data/reports/stage29a_high_range_regime_continuation_discovery/stage29a_exact_trades.csv,high_range_broad_pullback_continuation_v1,hr_broad_pb_h13_lq40_pb025_tp07_sl08,1.2155499999998027,0.1655499999998029,-0.5344500000001968,1,0,1,0,0.1655499999998029,41.48000000000002,7.730000000000018,0.3842173350582468,11.840000000000146,0.9045608108108028,3.9400000000000546,4.787000000000035,0.108,1.0,,,13,1,10.0,2024
2024-10-11 13:00:00+00:00|-1.0|hr_broad_pb_h13_lq40_pb025_tp07_sl08,2024-10-11 13:00:00+00:00,STAGE29A,data/reports/stage29a_high_range_regime_continuation_discovery/stage29a_exact_trades.csv,high_range_broad_pullback_continuation_v1,hr_broad_pb_h13_lq40_pb025_tp07_sl08,-2.469999999999891,-3.5199999999998908,-4.2199999999998905,0,0,0,1,3.5199999999998908,25.800000000000185,17.980000000000018,0.9566184649610567,10.989999999999782,0.6960873521383296,5.529999999999745,6.082500000000005,0.34,-1.0,,,13,4,10.0,2024
2024-10-15 13:00:00+00:00|1.0|hr_broad_pb_h13_lq40_pb025_tp07_sl08,2024-10-15 13:00:00+00:00,STAGE29A,data/reports/stage29a_high_range_regime_continuation_discovery/stage29a_exact_trades.csv,high_range_broad_pullback_continuation_v1,hr_broad_pb_h13_lq40_pb025_tp07_sl08,-2.7392000000000736,-3.7892000000000734,-4.489200000000073,0,0,0,1,3.7892000000000734,23.65999999999985,8.349999999999909,0.5185628742514939,17.829999999999927,0.448121144139081,4.460000000000036,4.957000000000017,0.056,1.0,,,13,1,10.0,2024
2024-10-18 13:00:00+00:00|1.0|hr_broad_pb_h13_lq40_pb025_tp07_sl08,2024-10-18 13:00:00+00:00,STAGE29A,data/reports/stage29a_high_range_regime_continuation_discovery/stage29a_exact_trades.csv,high_range_broad_pullback_continuation_v1,hr_broad_pb_h13_lq40_pb025_tp07_sl08,-2.8427999999999884,-3.892799999999988,-4.592799999999988,0,0,0,1,3.892799999999988,23.579999999999927,20.360000000000127,0.849214145383097,12.329999999999927,0.11678832116788833,7.010000000000218,5.587500000000046,0.272,1.0,,,13,4,10.0,2024
2024-10-24 13:00:00+00:00|1.0|hr_broad_pb_h13_lq40_pb025_tp07_sl08,2024-10-24 13:00:00+00:00,STAGE29A,data/reports/stage29a_high_range_regime_continuation_discovery/stage29a_exact_trades.csv,high_range_broad_pullback_continuation_v1,hr_broad_pb_h13_lq40_pb025_tp07_sl08,-2.3555999999999586,-3.4055999999999584,-4.105599999999958,0,0,0,1,3.4055999999999584,49.92000000000007,12.279999999999744,0.39576547231272213,16.420000000000073,0.8361753958587063,3.230000000000018,5.922000000000049,0.54,1.0,,,13,3,10.0,2024
2024-10-25 13:00:00+00:00|-1.0|hr_broad_pb_h13_lq40_pb025_tp07_sl08,2024-10-25 13:00:00+00:00,STAGE29A,data/reports/stage29a_high_range_regime_continuation_discovery/stage29a_exact_trades.csv,high_range_broad_pullback_continuation_v1,hr_broad_pb_h13_lq40_pb025_tp07_sl08,-2.639600000000064,-3.689600000000064,-4.389600000000064,0,0,0,1,3.689600000000064,29.029999999999745,11.730000000000018,0.7357203751065725,15.730000000000018,0.3146853146853317,4.320000000000164,5.034999999999991,0.096,-1.0,,,13,4,10.0,2024
2024-10-31 13:00:00+00:00|-1.0|hr_broad_pb_h13_lq40_pb025_tp07_sl08,2024-10-31 13:00:00+00:00,STAGE29A,data/reports/stage29a_high_range_regime_continuation_discovery/stage29a_exact_trades.csv,high_range_broad_pullback_continuation_v1,hr_broad_pb_h13_lq40_pb025_tp07_sl08,-2.558000000000084,-3.608000000000084,-4.308000000000083,0,0,0,1,3.608000000000084,19.139999999999876,8.029999999999745,0.2889165628891952,13.509999999999764,0.2672094744633409,8.0,4.854499999999962,0.072,-1.0,,,13,3,10.0,2024
2024-11-05 13:00:00+00:00|1.0|hr_broad_pb_h13_lq40_pb025_tp07_sl08,2024-11-05 13:00:00+00:00,STAGE29A,data/reports/stage29a_high_range_regime_continuation_discovery/stage29a_exact_trades.csv,high_range_broad_pullback_continuation_v1,hr_broad_pb_h13_lq40_pb025_tp07_sl08,1.8270000000001343,0.7770000000001347,0.0770000000001349,1,1,1,0,0.7770000000001347,18.789999999999964,13.260000000000218,0.12141779788835944,13.2800000000002,0.2567771084337201,4.639999999999873,5.242500000000041,0.188,1.0,,,13,1,11.0,2024
2024-11-08 13:00:00+00:00|-1.0|hr_broad_pb_h13_lq40_pb025_tp07_sl08,2024-11-08 13:00:00+00:00,STAGE29A,data/reports/stage29a_high_range_regime_continuation_discovery/stage29a_exact_trades.csv,high_range_broad_pullback_continuation_v1,hr_broad_pb_h13_lq40_pb025_tp07_sl08,-3.440400000000045,-4.4904000000000455,-5.190400000000045,0,0,0,1,4.4904000000000455,66.90999999999985,17.09999999999991,0.7777777777777659,16.240000000000236,0.3232758620689608,7.2599999999997635,7.055999999999972,0.724,-1.0,,,13,4,11.0,2024
2024-11-12 13:00:00+00:00|-1.0|hr_broad_pb_h13_lq40_pb025_tp07_sl08,2024-11-12 13:00:00+00:00,STAGE29A,data/reports/stage29a_high_range_regime_continuation_discovery/stage29a_exact_trades.csv,high_range_broad_pullback_continuation_v1,hr_broad_pb_h13_lq40_pb025_tp07_sl08,3.4565999999998893,2.406599999999889,1.7065999999998898,1,1,1,0,2.406599999999889,75.67999999999984,11.579999999999927,0.5397236614853229,28.46000000000004,0.7350667603654267,8.900000000000091,6.995999999999936,0.596,-1.0,,,13,1,11.0,2024
2024-11-15 13:00:00+00:00|1.0|hr_broad_pb_h13_lq40_pb025_tp07_sl08,2024-11-15 13:00:00+00:00,STAGE29A,data/reports/stage29a_high_range_regime_continuation_discovery/stage29a_exact_trades.csv,high_range_broad_pullback_continuation_v1,hr_broad_pb_h13_lq40_pb025_tp07_sl08,1.9824000000002344,0.9324000000002344,0.2324000000002346,1,1,1,0,0.9324000000002344,44.54999999999973,8.599999999999909,0.02325581395346747,15.809999999999944,0.039848197343460554,7.339999999999691,6.577499999999918,0.244,1.0,,,13,4,11.0,2024
2024-11-20 13:00:00+00:00|-1.0|hr_broad_pb_h13_lq40_pb025_tp07_sl08,2024-11-20 13:00:00+00:00,STAGE29A,data/reports/stage29a_high_range_regime_continuation_discovery/stage29a_exact_trades.csv,high_range_broad_pullback_continuation_v1,hr_broad_pb_h13_lq40_pb025_tp07_sl08,-2.7867999999999484,-3.836799999999948,-4.536799999999948,0,0,0,1,3.836799999999948,29.17999999999984,10.159999999999854,0.14763779527559268,19.74000000000024,0.5916919959472997,5.2400000000002365,4.97000000000005,0.004,-1.0,,,13,2,11.0,2024
2024-11-21 13:00:00+00:00|1.0|hr_broad_pb_h13_lq40_pb025_tp07_sl08,2024-11-21 13:00:00+00:00,STAGE29A,data/reports/stage29a_high_range_regime_continuation_discovery/stage29a_exact_trades.csv,high_range_broad_pullback_continuation_v1,hr_broad_pb_h13_lq40_pb025_tp07_sl08,-2.8264000000000125,-3.876400000000012,-4.576400000000012,0,0,0,1,3.876400000000012,36.64000000000033,11.610000000000127,0.41860465116279705,17.059999999999945,0.759671746776089,5.239999999999782,5.6704999999999925,0.084,1.0,,,13,3,11.0,2024
2024-11-28 13:00:00+00:00|1.0|hr_broad_pb_h13_lq40_pb025_tp07_sl08,2024-11-28 13:00:00+00:00,STAGE29A,data/reports/stage29a_high_range_regime_continuation_discovery/stage29a_exact_trades.csv,high_range_broad_pullback_continuation_v1,hr_broad_pb_h13_lq40_pb025_tp07_sl08,-2.706800000000021,-3.756800000000021,-4.456800000000021,0,0,0,1,3.756800000000021,31.329999999999927,17.48999999999978,0.33390508862208224,19.41000000000031,0.8377125193199126,4.7400000000002365,6.230499999999961,0.248,1.0,,,13,3,11.0,2024
2024-12-03 13:00:00+00:00|1.0|hr_broad_pb_h13_lq40_pb025_tp07_sl08,2024-12-03 13:00:00+00:00,STAGE29A,data/reports/stage29a_high_range_regime_continuation_discovery/stage29a_exact_trades.csv,high_range_broad_pullback_continuation_v1,hr_broad_pb_h13_lq40_pb025_tp07_sl08,1.6408000000000356,0.5908000000000357,-0.1091999999999639,1,0,1,0,0.5908000000000357,30.550000000000185,11.13000000000011,0.21024258760104833,12.860000000000127,0.21228615863141456,3.1700000000000728,5.37699999999993,0.068,1.0,,,13,1,12.0,2024
2024-12-05 13:00:00+00:00|1.0|hr_broad_pb_h13_lq40_pb025_tp07_sl08,2024-12-05 13:00:00+00:00,STAGE29A,data/reports/stage29a_high_range_regime_continuation_discovery/stage29a_exact_trades.csv,high_range_broad_pullback_continuation_v1,hr_broad_pb_h13_lq40_pb025_tp07_sl08,1.5743000000001302,0.5243000000001303,-0.1756999999998694,1,0,1,0,0.5243000000001303,24.800000000000185,6.940000000000055,0.5821325648414888,13.88000000000011,0.17939481268009813,5.820000000000164,5.433999999999946,0.052,1.0,,,13,3,12.0,2024
2024-12-11 13:00:00+00:00|1.0|hr_broad_pb_h13_lq40_pb025_tp07_sl08,2024-12-11 13:00:00+00:00,STAGE29A,data/reports/stage29a_high_range_regime_continuation_discovery/stage29a_exact_trades.csv,high_range_broad_pullback_continuation_v1,hr_broad_pb_h13_lq40_pb025_tp07_sl08,2.644599999999991,1.5945999999999914,0.8945999999999916,1,1,1,0,1.5945999999999914,38.01999999999998,21.779999999999745,0.5335169880624439,25.350000000000364,0.3932938856015823,7.4900000000002365,7.634500000000026,0.756,1.0,,,13,2,12.0,2024
2024-12-13 13:00:00+00:00|-1.0|hr_broad_pb_h13_lq40_pb025_tp07_sl08,2024-12-13 13:00:00+00:00,STAGE29A,data/reports/stage29a_high_range_regime_continuation_discovery/stage29a_exact_trades.csv,high_range_broad_pullback_continuation_v1,hr_broad_pb_h13_lq40_pb025_tp07_sl08,-3.2952000000001136,-4.345200000000114,-5.045200000000113,0,0,0,1,4.345200000000114,51.2199999999998,13.740000000000236,0.4832605531295312,25.5,0.8109803921568741,5.059999999999945,6.2040000000000415,0.296,-1.0,,,13,4,12.0,2024
2024-12-19 13:00:00+00:00|1.0|hr_broad_pb_h13_lq40_pb025_tp07_sl08,2024-12-19 13:00:00+00:00,STAGE29A,data/reports/stage29a_high_range_regime_continuation_discovery/stage29a_exact_trades.csv,high_range_broad_pullback_continuation_v1,hr_broad_pb_h13_lq40_pb025_tp07_sl08,-3.646400000000176,-4.696400000000176,-5.396400000000176,0,0,0,1,4.696400000000176,68.09999999999991,35.46000000000004,0.5930626057529661,23.2800000000002,0.4463058419243893,9.039999999999964,10.11400000000001,0.996,1.0,,,13,3,12.0,2024
2024-12-27 13:00:00+00:00|-1.0|hr_broad_pb_h13_lq40_pb025_tp07_sl08,2024-12-27 13:00:00+00:00,STAGE29A,data/reports/stage29a_high_range_regime_continuation_discovery/stage29a_exact_trades.csv,high_range_broad_pullback_continuation_v1,hr_broad_pb_h13_lq40_pb025_tp07_sl08,-2.447200000000157,-3.497200000000157,-4.197200000000157,0,0,0,1,3.497200000000157,26.139999999999876,6.550000000000182,0.14656488549618468,14.829999999999927,0.4686446392447641,4.510000000000218,4.311000000000059,0.104,-1.0,,,13,4,12.0,2024
2024-12-31 13:00:00+00:00|1.0|hr_broad_pb_h13_lq40_pb025_tp07_sl08,2024-12-31 13:00:00+00:00,STAGE29A,data/reports/stage29a_high_range_regime_continuation_discovery/stage29a_exact_trades.csv,high_range_broad_pullback_continuation_v1,hr_broad_pb_h13_lq40_pb025_tp07_sl08,-2.373200000000088,-3.423200000000088,-4.123200000000088,0,0,0,1,3.423200000000088,32.159999999999854,8.059999999999945,0.01488833746896919,15.179999999999836,0.33596837944663793,4.809999999999945,4.7085000000000035,0.272,1.0,,,13,1,12.0,2024
2025-01-21 13:00:00+00:00|-1.0|hr_broad_pb_h13_lq40_pb025_tp07_sl08,2025-01-21 13:00:00+00:00,STAGE29A,data/reports/stage29a_high_range_regime_continuation_discovery/stage29a_exact_trades.csv,high_range_broad_pullback_continuation_v1,hr_broad_pb_h13_lq40_pb025_tp07_sl08,-3.2176000000000387,-4.267600000000039,-4.967600000000038,0,0,0,1,4.267600000000039,24.550000000000185,25.09999999999991,0.6749003984063792,15.799999999999727,0.4974683544303964,5.150000000000091,6.870499999999993,0.92,-1.0,,,13,1,1.0,2025
2025-02-04 13:00:00+00:00|-1.0|hr_broad_pb_h13_lq40_pb025_tp07_sl08,2025-02-04 13:00:00+00:00,STAGE29A,data/reports/stage29a_high_range_regime_continuation_discovery/stage29a_exact_trades.csv,high_range_broad_pullback_continuation_v1,hr_broad_pb_h13_lq40_pb025_tp07_sl08,-3.2727999999998247,-4.322799999999825,-5.022799999999824,0,0,0,1,4.322799999999825,58.19999999999982,13.329999999999927,0.3885971492873458,14.659999999999854,0.29058663028651166,7.200000000000273,6.982500000000073,0.764,-1.0,,,13,1,2.0,2025
2025-02-12 13:00:00+00:00|-1.0|hr_broad_pb_h13_lq40_pb025_tp07_sl08,2025-02-12 13:00:00+00:00,STAGE29A,data/reports/stage29a_high_range_regime_continuation_discovery/stage29a_exact_trades.csv,high_range_broad_pullback_continuation_v1,hr_broad_pb_h13_lq40_pb025_tp07_sl08,-3.635200000000259,-4.685200000000259,-5.385200000000259,0,0,0,1,4.685200000000259,60.9399999999996,17.070000000000164,0.7861745752782627,16.440000000000055,0.15815085158150247,10.550000000000182,7.384500000000003,0.508,-1.0,,,13,2,2.0,2025
2025-02-13 13:00:00+00:00|-1.0|hr_broad_pb_h13_lq40_pb025_tp07_sl08,2025-02-13 13:00:00+00:00,STAGE29A,data/reports/stage29a_high_range_regime_continuation_discovery/stage29a_exact_trades.csv,high_range_broad_pullback_continuation_v1,hr_broad_pb_h13_lq40_pb025_tp07_sl08,-3.335200000000077,-4.3852000000000775,-5.085200000000077,0,0,0,1,4.3852000000000775,45.38000000000011,18.759999999999764,0.6780383795309147,13.460000000000036,0.05274888558692678,5.619999999999891,6.579499999999916,0.248,-1.0,,,13,3,2.0,2025
2025-02-21 13:00:00+00:00|1.0|hr_broad_pb_h13_lq40_pb025_tp07_sl08,2025-02-21 13:00:00+00:00,STAGE29A,data/reports/stage29a_high_range_regime_continuation_discovery/stage29a_exact_trades.csv,high_range_broad_pullback_continuation_v1,hr_broad_pb_h13_lq40_pb025_tp07_sl08,-3.05719999999983,-4.10719999999983,-4.807199999999829,0,0,0,1,4.10719999999983,30.779999999999745,23.40000000000009,0.5564102564102534,17.309999999999945,0.11900635470825835,2.119999999999891,7.984000000000037,0.616,1.0,,,13,4,2.0,2025
2025-02-25 13:00:00+00:00|1.0|hr_broad_pb_h13_lq40_pb025_tp07_sl08,2025-02-25 13:00:00+00:00,STAGE29A,data/reports/stage29a_high_range_regime_continuation_discovery/stage29a_exact_trades.csv,high_range_broad_pullback_continuation_v1,hr_broad_pb_h13_lq40_pb025_tp07_sl08,2.0814500000000407,1.0314500000000408,0.3314500000000411,1,1,1,0,1.0314500000000408,35.16000000000031,18.90999999999985,0.6959280803807486,12.91000000000031,0.05654531371030214,4.079999999999927,6.0479999999999565,0.116,1.0,,,13,1,2.0,2025
2025-02-28 13:00:00+00:00|-1.0|hr_broad_pb_h13_lq40_pb025_tp07_sl08,2025-02-28 13:00:00+00:00,STAGE29A,data/reports/stage29a_high_range_regime_continuation_discovery/stage29a_exact_trades.csv,high_range_broad_pullback_continuation_v1,hr_broad_pb_h13_lq40_pb025_tp07_sl08,2.123449999999957,1.0734499999999572,0.3734499999999574,1,1,1,0,1.0734499999999572,53.14999999999964,28.039999999999964,0.44721825962910056,15.940000000000056,0.04454203262233588,4.230000000000018,7.43900000000001,0.464,-1.0,,,13,4,2.0,2025
2025-03-03 13:00:00+00:00|1.0|hr_broad_pb_h13_lq40_pb025_tp07_sl08,2025-03-03 13:00:00+00:00,STAGE29A,data/reports/stage29a_high_range_regime_continuation_discovery/stage29a_exact_trades.csv,high_range_broad_pullback_continuation_v1,hr_broad_pb_h13_lq40_pb025_tp07_sl08,-3.1520000000001347,-4.202000000000135,-4.902000000000134,0,0,0,1,4.202000000000135,21.38000000000011,21.38000000000011,0.1585594013096284,14.730000000000018,0.30414120841819503,6.349999999999909,8.26199999999999,0.612,1.0,,,13,0,3.0,2025
2025-03-04 13:00:00+00:00|1.0|hr_broad_pb_h13_lq40_pb025_tp07_sl08,2025-03-04 13:00:00+00:00,STAGE29A,data/reports/stage29a_high_range_regime_continuation_discovery/stage29a_exact_trades.csv,high_range_broad_pullback_continuation_v1,hr_broad_pb_h13_lq40_pb025_tp07_sl08,-4.145999999999821,-5.195999999999822,-5.895999999999821,0,0,0,1,5.195999999999822,39.940000000000055,11.83999999999969,0.03378378378375394,36.98000000000002,0.6311519740400252,5.980000000000018,8.387000000000011,0.664,1.0,,,13,1,3.0,2025
2025-03-05 13:00:00+00:00|1.0|hr_broad_pb_h13_lq40_pb025_tp07_sl08,2025-03-05 13:00:00+00:00,STAGE29A,data/reports/stage29a_high_range_regime_continuation_discovery/stage29a_exact_trades.csv,high_range_broad_pullback_continuation_v1,hr_broad_pb_h13_lq40_pb025_tp07_sl08,2.3414999999999053,1.2914999999999055,0.5914999999999058,1,1,1,0,1.2914999999999055,45.84999999999991,16.070000000000164,0.24268823895457692,13.5,0.2125925925925845,10.069999999999709,7.649000000000138,0.372,1.0,,,13,2,3.0,2025
2025-03-07 13:00:00+00:00|1.0|hr_broad_pb_h13_lq40_pb025_tp07_sl08,2025-03-07 13:00:00+00:00,STAGE29A,data/reports/stage29a_high_range_regime_continuation_discovery/stage29a_exact_trades.csv,high_range_broad_pullback_continuation_v1,hr_broad_pb_h13_lq40_pb025_tp07_sl08,-2.6383999999999106,-3.6883999999999104,-4.38839999999991,0,0,0,1,3.6883999999999104,35.41000000000031,18.309999999999945,0.1982523211359978,16.63000000000011,0.6806975345760454,4.809999999999945,7.198499999999944,0.136,1.0,,,13,4,3.0,2025
2025-03-11 13:00:00+00:00|1.0|hr_broad_pb_h13_lq40_pb025_tp07_sl08,2025-03-11 13:00:00+00:00,STAGE29A,data/reports/stage29a_high_range_regime_continuation_discovery/stage29a_exact_trades.csv,high_range_broad_pullback_continuation_v1,hr_broad_pb_h13_lq40_pb025_tp07_sl08,1.795849999999882,0.7458499999998822,0.0458499999998824,1,1,1,0,0.7458499999998822,38.28999999999997,20.169999999999614,0.4615765989092772,21.789999999999964,0.6608536025699915,3.5,7.216999999999894,0.156,1.0,,,13,1,3.0,2025
2025-03-14 13:00:00+00:00|1.0|hr_broad_pb_h13_lq40_pb025_tp07_sl08,2025-03-14 13:00:00+00:00,STAGE29A,data/reports/stage29a_high_range_regime_continuation_discovery/stage29a_exact_trades.csv,high_range_broad_pullback_continuation_v1,hr_broad_pb_h13_lq40_pb025_tp07_sl08,-3.7412000000000254,-4.7912000000000265,-5.491200000000026,0,0,0,1,4.7912000000000265,56.50999999999976,12.150000000000093,0.27160493827158044,24.0,0.32583333333334014,18.200000000000273,7.23599999999999,0.284,1.0,,,13,4,3.0,2025
2025-03-20 13:00:00+00:00|-1.0|hr_broad_pb_h13_lq40_pb025_tp07_sl08,2025-03-20 13:00:00+00:00,STAGE29A,data/reports/stage29a_high_range_regime_continuation_discovery/stage29a_exact_trades.csv,high_range_broad_pullback_continuation_v1,hr_broad_pb_h13_lq40_pb025_tp07_sl08,-3.473199999999997,-4.523199999999997,-5.223199999999997,0,0,0,1,4.523199999999997,29.17999999999984,12.38000000000011,0.4491114701130773,28.14999999999964,0.6600355239786916,16.08999999999969,7.208000000000015,0.528,-1.0,,,13,3,3.0,2025
2025-03-21 13:00:00+00:00|1.0|hr_broad_pb_h13_lq40_pb025_tp07_sl08,2025-03-21 13:00:00+00:00,STAGE29A,data/reports/stage29a_high_range_regime_continuation_discovery/stage29a_exact_trades.csv,high_range_broad_pullback_continuation_v1,hr_broad_pb_h13_lq40_pb025_tp07_sl08,-2.844000000000142,-3.894000000000142,-4.5940000000001415,0,0,0,1,3.894000000000142,32.0,19.5,0.7379487179487114,13.140000000000327,0.07686453576866005,3.8400000000001455,4.945999999999958,0.004,1.0,,,13,4,3.0,2025
2025-03-25 13:00:00+00:00|1.0|hr_broad_pb_h13_lq40_pb025_tp07_sl08,2025-03-25 13:00:00+00:00,STAGE29A,data/reports/stage29a_high_range_regime_continuation_discovery/stage29a_exact_trades.csv,high_range_broad_pullback_continuation_v1,hr_broad_pb_h13_lq40_pb025_tp07_sl08,1.5981000000000676,0.5481000000000678,-0.1518999999999319,1,0,1,0,0.5481000000000678,30.789999999999964,8.889999999999873,0.4915635545556753,14.550000000000182,0.5862542955326212,4.1599999999998545,5.54200000000003,0.068,1.0,,,13,1,3.0,2025
2025-03-26 13:00:00+00:00|1.0|hr_broad_pb_h13_lq40_pb025_tp07_sl08,2025-03-26 13:00:00+00:00,STAGE29A,data/reports/stage29a_high_range_regime_continuation_discovery/stage29a_exact_trades.csv,high_range_broad_pullback_continuation_v1,hr_broad_pb_h13_lq40_pb025_tp07_sl08,-2.519199999999819,-3.5691999999998187,-4.2691999999998185,0,0,0,1,3.5691999999998187,28.480000000000015,12.690000000000056,0.3065405831363165,18.789999999999964,0.4220329962746063,8.059999999999945,5.297999999999979,0.032,1.0,,,13,2,3.0,2025
2025-03-28 13:00:00+00:00|1.0|hr_broad_pb_h13_lq40_pb025_tp07_sl08,2025-03-28 13:00:00+00:00,STAGE29A,data/reports/stage29a_high_range_regime_continuation_discovery/stage29a_exact_trades.csv,high_range_broad_pullback_continuation_v1,hr_broad_pb_h13_lq40_pb025_tp07_sl08,2.4475500000002284,1.3975500000002286,0.6975500000002288,1,1,1,0,1.3975500000002286,42.07999999999993,23.289999999999964,0.7745813653928721,19.77000000000044,0.018715225088535025,7.179999999999836,6.467000000000053,0.508,1.0,,,13,4,3.0,2025
2025-04-03 13:00:00+00:00|-1.0|hr_broad_pb_h13_lq40_pb025_tp07_sl08,2025-04-03 13:00:00+00:00,STAGE29A,data/reports/stage29a_high_range_regime_continuation_discovery/stage29a_exact_trades.csv,high_range_broad_pullback_continuation_v1,hr_broad_pb_h13_lq40_pb025_tp07_sl08,4.291349999999875,3.241349999999875,2.541349999999875,1,1,1,0,3.241349999999875,41.36000000000013,45.86000000000013,0.04513737461839737,33.409999999999854,0.7934750074827995,8.0,14.06049999999998,0.968,-1.0,,,13,3,4.0,2025
2025-04-07 13:00:00+00:00|1.0|hr_broad_pb_h13_lq40_pb025_tp07_sl08,2025-04-07 13:00:00+00:00,STAGE29A,data/reports/stage29a_high_range_regime_continuation_discovery/stage29a_exact_trades.csv,high_range_broad_pullback_continuation_v1,hr_broad_pb_h13_lq40_pb025_tp07_sl08,6.796999999999935,5.746999999999934,5.046999999999935,1,1,1,0,5.746999999999934,31.919999999999614,84.09999999999991,0.11319857312722939,31.21000000000004,0.19801345722524283,13.6899999999996,26.00549999999989,0.968,1.0,,,13,0,4.0,2025
2025-04-11 13:00:00+00:00|1.0|hr_broad_pb_h13_lq40_pb025_tp07_sl08,2025-04-11 13:00:00+00:00,STAGE29A,data/reports/stage29a_high_range_regime_continuation_discovery/stage29a_exact_trades.csv,high_range_broad_pullback_continuation_v1,hr_broad_pb_h13_lq40_pb025_tp07_sl08,-9.197600000000056,-10.247600000000055,-10.947600000000056,0,0,0,1,10.247600000000055,117.48000000000002,44.58999999999969,0.6503700381251447,42.96000000000004,0.23114525139664405,18.049999999999727,16.929500000000008,0.704,1.0,,,13,4,4.0,2025
2025-04-21 13:00:00+00:00|1.0|hr_broad_pb_h13_lq40_pb025_tp07_sl08,2025-04-21 13:00:00+00:00,STAGE29A,data/reports/stage29a_high_range_regime_continuation_discovery/stage29a_exact_trades.csv,high_range_broad_pullback_continuation_v1,hr_broad_pb_h13_lq40_pb025_tp07_sl08,-3.9735999999998968,-5.023599999999897,-5.723599999999896,0,0,0,1,5.023599999999897,24.230000000000015,56.29999999999973,0.6460035523978698,27.25,0.4565137614678919,6.049999999999727,12.712999999999965,0.252,1.0,,,13,0,4.0,2025
2025-04-30 13:00:00+00:00|-1.0|hr_broad_pb_h13_lq40_pb025_tp07_sl08,2025-04-30 13:00:00+00:00,STAGE29A,data/reports/stage29a_high_range_regime_continuation_discovery/stage29a_exact_trades.csv,high_range_broad_pullback_continuation_v1,hr_broad_pb_h13_lq40_pb025_tp07_sl08,-5.489999999999872,-6.539999999999873,-7.239999999999872,0,0,0,1,6.539999999999873,48.690000000000055,24.269999999999985,0.5937371240214201,39.57999999999993,0.7271349166245528,11.799999999999727,11.332499999999936,0.14,-1.0,,,13,2,4.0,2025
2025-05-01 13:00:00+00:00|-1.0|hr_broad_pb_h13_lq40_pb025_tp07_sl08,2025-05-01 13:00:00+00:00,STAGE29A,data/reports/stage29a_high_range_regime_continuation_discovery/stage29a_exact_trades.csv,high_range_broad_pullback_continuation_v1,hr_broad_pb_h13_lq40_pb025_tp07_sl08,-5.024399999999877,-6.074399999999878,-6.774399999999877,0,0,0,1,6.074399999999878,60.86999999999989,61.15000000000009,0.7282093213409596,27.449999999999815,0.39744990892533266,20.409999999999854,14.614999999999963,0.46,-1.0,,,13,3,5.0,2025
2025-05-09 13:00:00+00:00|1.0|hr_broad_pb_h13_lq40_pb025_tp07_sl08,2025-05-09 13:00:00+00:00,STAGE29A,data/reports/stage29a_high_range_regime_continuation_discovery/stage29a_exact_trades.csv,high_range_broad_pullback_continuation_v1,hr_broad_pb_h13_lq40_pb025_tp07_sl08,3.719100000000162,2.6691000000001623,1.9691000000001624,1,1,1,0,2.6691000000001623,126.18000000000028,49.309999999999945,0.3214358142364617,24.079999999999927,0.7093023255813945,5.7199999999998,16.525499999999965,0.712,1.0,,,13,4,5.0,2025
2025-05-12 13:00:00+00:00|-1.0|hr_broad_pb_h13_lq40_pb025_tp07_sl08,2025-05-12 13:00:00+00:00,STAGE29A,data/reports/stage29a_high_range_regime_continuation_discovery/stage29a_exact_trades.csv,high_range_broad_pullback_continuation_v1,hr_broad_pb_h13_lq40_pb025_tp07_sl08,-8.584800000000177,-9.634800000000178,-10.334800000000175,0,0,0,1,9.634800000000178,44.57999999999993,52.61999999999989,0.20600532117066073,70.42999999999984,0.9747266789720325,18.329999999999927,18.80450000000003,0.932,-1.0,,,13,0,5.0,2025
2025-05-14 13:00:00+00:00|1.0|hr_broad_pb_h13_lq40_pb025_tp07_sl08,2025-05-14 13:00:00+00:00,STAGE29A,data/reports/stage29a_high_range_regime_continuation_discovery/stage29a_exact_trades.csv,high_range_broad_pullback_continuation_v1,hr_broad_pb_h13_lq40_pb025_tp07_sl08,3.650149999999849,2.6001499999998487,1.900149999999849,1,1,1,0,2.6001499999998487,49.62999999999965,30.800000000000185,0.849025974025972,22.360000000000127,0.1797853309481198,7.360000000000127,10.046499999999991,0.012,1.0,,,13,2,5.0,2025
2025-05-15 13:00:00+00:00|1.0|hr_broad_pb_h13_lq40_pb025_tp07_sl08,2025-05-15 13:00:00+00:00,STAGE29A,data/reports/stage29a_high_range_regime_continuation_discovery/stage29a_exact_trades.csv,high_range_broad_pullback_continuation_v1,hr_broad_pb_h13_lq40_pb025_tp07_sl08,-7.880799999999999,-8.9308,-9.6308,0,0,0,1,8.9308,88.99000000000024,44.32000000000016,0.7274368231046958,50.940000000000055,0.290341578327443,12.239999999999782,14.491500000000087,0.548,1.0,,,13,3,5.0,2025
2025-05-16 13:00:00+00:00|-1.0|hr_broad_pb_h13_lq40_pb025_tp07_sl08,2025-05-16 13:00:00+00:00,STAGE29A,data/reports/stage29a_high_range_regime_continuation_discovery/stage29a_exact_trades.csv,high_range_broad_pullback_continuation_v1,hr_broad_pb_h13_lq40_pb025_tp07_sl08,-6.25079999999989,-7.30079999999989,-8.00079999999989,0,0,0,1,7.30079999999989,131.69000000000003,45.57999999999993,0.8600263273365585,35.88000000000011,0.07413600891861333,9.079999999999927,13.179999999999927,0.332,-1.0,,,13,4,5.0,2025
2025-05-29 13:00:00+00:00|1.0|hr_broad_pb_h13_lq40_pb025_tp07_sl08,2025-05-29 13:00:00+00:00,STAGE29A,data/reports/stage29a_high_range_regime_continuation_discovery/stage29a_exact_trades.csv,high_range_broad_pullback_continuation_v1,hr_broad_pb_h13_lq40_pb025_tp07_sl08,-4.385600000000158,-5.435600000000159,-6.135600000000158,0,0,0,1,5.435600000000159,48.7199999999998,49.67000000000007,0.2415945238574589,23.24000000000024,0.3222891566265129,6.980000000000018,13.875999999999976,0.708,1.0,,,13,3,5.0,2025
2025-05-30 13:00:00+00:00|1.0|hr_broad_pb_h13_lq40_pb025_tp07_sl08,2025-05-30 13:00:00+00:00,STAGE29A,data/reports/stage29a_high_range_regime_continuation_discovery/stage29a_exact_trades.csv,high_range_broad_pullback_continuation_v1,hr_broad_pb_h13_lq40_pb025_tp07_sl08,-5.218800000000192,-6.268800000000192,-6.968800000000192,0,0,0,1,6.268800000000192,85.5,31.449999999999815,0.6311605723370437,17.59999999999991,0.06193181818182677,6.649999999999636,9.561000000000012,0.124,1.0,,,13,4,5.0,2025
2025-06-05 13:00:00+00:00|1.0|hr_broad_pb_h13_lq40_pb025_tp07_sl08,2025-06-05 13:00:00+00:00,STAGE29A,data/reports/stage29a_high_range_regime_continuation_discovery/stage29a_exact_trades.csv,high_range_broad_pullback_continuation_v1,hr_broad_pb_h13_lq40_pb025_tp07_sl08,2.952250000000185,1.9022500000001856,1.202250000000186,1,1,1,0,1.9022500000001856,40.88999999999987,15.769999999999982,0.24413443246670347,30.279999999999745,0.6647952443857423,17.199999999999818,9.147000000000002,0.148,1.0,,,13,3,6.0,2025
2025-06-13 13:00:00+00:00|-1.0|hr_broad_pb_h13_lq40_pb025_tp07_sl08,2025-06-13 13:00:00+00:00,STAGE29A,data/reports/stage29a_high_range_regime_continuation_discovery/stage29a_exact_trades.csv,high_range_broad_pullback_continuation_v1,hr_broad_pb_h13_lq40_pb025_tp07_sl08,-5.381599999999798,-6.431599999999799,-7.131599999999798,0,0,0,1,6.431599999999799,60.32000000000016,64.65000000000009,0.6521268368136086,22.43000000000029,0.05840392331698299,7.2400000000002365,12.121500000000015,0.816,-1.0,,,13,4,6.0,2025
2025-07-01 13:00:00+00:00|1.0|hr_broad_pb_h13_lq40_pb025_tp07_sl08,2025-07-01 13:00:00+00:00,STAGE29A,data/reports/stage29a_high_range_regime_continuation_discovery/stage29a_exact_trades.csv,high_range_broad_pullback_continuation_v1,hr_broad_pb_h13_lq40_pb025_tp07_sl08,2.395750000000044,1.3457500000000435,0.645750000000044,1,1,1,0,1.3457500000000435,63.93000000000029,20.279999999999745,0.4817554240631215,29.08999999999969,0.8446201443795108,9.88000000000011,7.409500000000071,0.072,1.0,,,13,1,7.0,2025
2025-07-02 13:00:00+00:00|1.0|hr_broad_pb_h13_lq40_pb025_tp07_sl08,2025-07-02 13:00:00+00:00,STAGE29A,data/reports/stage29a_high_range_regime_continuation_discovery/stage29a_exact_trades.csv,high_range_broad_pullback_continuation_v1,hr_broad_pb_h13_lq40_pb025_tp07_sl08,2.3254000000000814,1.2754000000000816,0.5754000000000818,1,1,1,0,1.2754000000000816,55.48999999999978,16.179999999999836,0.10074165636589157,16.269999999999982,0.10571604179472997,9.11999999999989,6.954499999999984,0.056,1.0,,,13,2,7.0,2025
2025-07-24 13:00:00+00:00|-1.0|hr_broad_pb_h13_lq40_pb025_tp07_sl08,2025-07-24 13:00:00+00:00,STAGE29A,data/reports/stage29a_high_range_regime_continuation_discovery/stage29a_exact_trades.csv,high_range_broad_pullback_continuation_v1,hr_broad_pb_h13_lq40_pb025_tp07_sl08,-3.9024000000000334,-4.9524000000000346,-5.652400000000034,0,0,0,1,4.9524000000000346,57.620000000000346,18.539999999999964,0.1564185544768121,23.389999999999876,0.8610517315092107,8.049999999999727,8.378999999999929,0.768,-1.0,,,13,3,7.0,2025
2025-08-05 13:00:00+00:00|-1.0|hr_broad_pb_h13_lq40_pb025_tp07_sl08,2025-08-05 13:00:00+00:00,STAGE29A,data/reports/stage29a_high_range_regime_continuation_discovery/stage29a_exact_trades.csv,high_range_broad_pullback_continuation_v1,hr_broad_pb_h13_lq40_pb025_tp07_sl08,-3.2783999999997837,-4.328399999999784,-5.028399999999783,0,0,0,1,4.328399999999784,40.25999999999976,10.429999999999836,0.2550335570470135,16.519999999999982,0.7481840193704686,7.330000000000382,5.739000000000033,0.016,-1.0,,,13,1,8.0,2025
2025-09-04 13:00:00+00:00|1.0|hr_broad_pb_h13_lq40_pb025_tp07_sl08,2025-09-04 13:00:00+00:00,STAGE29A,data/reports/stage29a_high_range_regime_continuation_discovery/stage29a_exact_trades.csv,high_range_broad_pullback_continuation_v1,hr_broad_pb_h13_lq40_pb025_tp07_sl08,-4.493999999999778,-5.543999999999778,-6.243999999999778,0,0,0,1,5.543999999999778,52.10999999999967,52.7800000000002,0.6220159151193596,20.90000000000009,0.44928229665073144,8.169999999999618,11.038500000000045,0.94,1.0,,,13,3,9.0,2025
2025-09-17 13:00:00+00:00|-1.0|hr_broad_pb_h13_lq40_pb025_tp07_sl08,2025-09-17 13:00:00+00:00,STAGE29A,data/reports/stage29a_high_range_regime_continuation_discovery/stage29a_exact_trades.csv,high_range_broad_pullback_continuation_v1,hr_broad_pb_h13_lq40_pb025_tp07_sl08,-4.066800000000148,-5.116800000000149,-5.816800000000148,0,0,0,1,5.116800000000149,28.450000000000276,21.039999999999964,0.4857414448669115,23.46000000000004,0.5920716112531906,7.080000000000382,6.962500000000023,0.112,-1.0,,,13,2,9.0,2025
2025-09-19 13:00:00+00:00|1.0|hr_broad_pb_h13_lq40_pb025_tp07_sl08,2025-09-19 13:00:00+00:00,STAGE29A,data/reports/stage29a_high_range_regime_continuation_discovery/stage29a_exact_trades.csv,high_range_broad_pullback_continuation_v1,hr_broad_pb_h13_lq40_pb025_tp07_sl08,-3.539600000000155,-4.589600000000155,-5.289600000000155,0,0,0,1,4.589600000000155,45.32000000000016,24.13000000000011,0.551181102362191,17.690000000000055,0.28886376483889836,3.5700000000001637,7.592000000000098,0.204,1.0,,,13,4,9.0,2025
2025-09-23 13:00:00+00:00|1.0|hr_broad_pb_h13_lq40_pb025_tp07_sl08,2025-09-23 13:00:00+00:00,STAGE29A,data/reports/stage29a_high_range_regime_continuation_discovery/stage29a_exact_trades.csv,high_range_broad_pullback_continuation_v1,hr_broad_pb_h13_lq40_pb025_tp07_sl08,-5.0587999999998825,-6.108799999999883,-6.8087999999998825,0,0,0,1,6.108799999999883,65.05000000000018,22.389999999999876,0.2880750334970904,48.059999999999945,0.7973366625052062,16.890000000000327,9.975999999999953,0.8,1.0,,,13,1,9.0,2025
2025-10-03 13:00:00+00:00|1.0|hr_broad_pb_h13_lq40_pb025_tp07_sl08,2025-10-03 13:00:00+00:00,STAGE29A,data/reports/stage29a_high_range_regime_continuation_discovery/stage29a_exact_trades.csv,high_range_broad_pullback_continuation_v1,hr_broad_pb_h13_lq40_pb025_tp07_sl08,-3.642399999999816,-4.692399999999816,-5.392399999999816,0,0,0,1,4.692399999999816,77.53999999999996,25.700000000000276,0.5634241245136135,24.0,0.8966666666666848,7.970000000000255,12.19350000000004,0.668,1.0,,,13,4,10.0,2025
2025-10-09 13:00:00+00:00|1.0|hr_broad_pb_h13_lq40_pb025_tp07_sl08,2025-10-09 13:00:00+00:00,STAGE29A,data/reports/stage29a_high_range_regime_continuation_discovery/stage29a_exact_trades.csv,high_range_broad_pullback_continuation_v1,hr_broad_pb_h13_lq40_pb025_tp07_sl08,3.3001499999999395,2.25014999999994,1.55014999999994,1,1,1,0,2.25014999999994,76.17000000000007,39.84000000000015,0.13453815261044447,20.94000000000005,0.5076408787010546,7.730000000000018,15.73900000000001,0.94,1.0,,,13,3,10.0,2025
2025-10-15 13:00:00+00:00|1.0|hr_broad_pb_h13_lq40_pb025_tp07_sl08,2025-10-15 13:00:00+00:00,STAGE29A,data/reports/stage29a_high_range_regime_continuation_discovery/stage29a_exact_trades.csv,high_range_broad_pullback_continuation_v1,hr_broad_pb_h13_lq40_pb025_tp07_sl08,-7.551200000000426,-8.601200000000427,-9.301200000000426,0,0,0,1,8.601200000000427,89.0300000000002,50.0600000000004,0.5687175389532566,53.57999999999993,0.10246360582308135,47.43000000000029,17.262500000000045,0.688,1.0,,,13,2,10.0,2025
2025-10-17 13:00:00+00:00|-1.0|hr_broad_pb_h13_lq40_pb025_tp07_sl08,2025-10-17 13:00:00+00:00,STAGE29A,data/reports/stage29a_high_range_regime_continuation_discovery/stage29a_exact_trades.csv,high_range_broad_pullback_continuation_v1,hr_broad_pb_h13_lq40_pb025_tp07_sl08,9.917950000000385,8.867950000000382,8.167950000000383,1,1,1,0,8.867950000000382,151.92999999999938,100.69999999999982,0.19721946375372104,66.96000000000004,0.39575866188769393,16.140000000000327,31.05650000000005,0.992,-1.0,,,13,4,10.0,2025
2025-10-20 13:00:00+00:00|-1.0|hr_broad_pb_h13_lq40_pb025_tp07_sl08,2025-10-20 13:00:00+00:00,STAGE29A,data/reports/stage29a_high_range_regime_continuation_discovery/stage29a_exact_trades.csv,high_range_broad_pullback_continuation_v1,hr_broad_pb_h13_lq40_pb025_tp07_sl08,7.255849999999919,6.205849999999918,5.505849999999919,1,1,1,0,6.205849999999918,35.11999999999989,55.51999999999953,0.16264409221903336,46.61000000000058,0.08496030894655819,13.170000000000073,26.351499999999987,0.876,-1.0,,,13,0,10.0,2025
2025-10-21 13:00:00+00:00|-1.0|hr_broad_pb_h13_lq40_pb025_tp07_sl08,2025-10-21 13:00:00+00:00,STAGE29A,data/reports/stage29a_high_range_regime_continuation_discovery/stage29a_exact_trades.csv,high_range_broad_pullback_continuation_v1,hr_broad_pb_h13_lq40_pb025_tp07_sl08,10.424750000000495,9.374750000000494,8.674750000000495,1,1,1,0,9.374750000000494,162.71999999999937,42.36000000000058,0.4952785646836467,102.25,0.796479217603908,23.349999999999454,24.80199999999986,0.836,-1.0,,,13,1,10.0,2025
2025-10-27 13:00:00+00:00|-1.0|hr_broad_pb_h13_lq40_pb025_tp07_sl08,2025-10-27 13:00:00+00:00,STAGE29A,data/reports/stage29a_high_range_regime_continuation_discovery/stage29a_exact_trades.csv,high_range_broad_pullback_continuation_v1,hr_broad_pb_h13_lq40_pb025_tp07_sl08,-9.297599999999964,-10.347599999999966,-11.047599999999964,0,0,0,1,10.347599999999966,47.21000000000004,55.55000000000018,0.6064806480648136,60.00999999999976,0.5222462922846237,18.759999999999764,22.817499999999974,0.476,-1.0,,,13,0,10.0,2025
2025-10-28 13:00:00+00:00|-1.0|hr_broad_pb_h13_lq40_pb025_tp07_sl08,2025-10-28 13:00:00+00:00,STAGE29A,data/reports/stage29a_high_range_regime_continuation_discovery/stage29a_exact_trades.csv,high_range_broad_pullback_continuation_v1,hr_broad_pb_h13_lq40_pb025_tp07_sl08,-10.605599999999958,-11.65559999999996,-12.355599999999958,0,0,0,1,11.65559999999996,137.97000000000023,55.86000000000013,0.19638381668457267,93.62000000000036,0.5054475539414653,30.68000000000029,23.399000000000022,0.512,-1.0,,,13,1,10.0,2025
2025-11-05 13:00:00+00:00|-1.0|hr_broad_pb_h13_lq40_pb025_tp07_sl08,2025-11-05 13:00:00+00:00,STAGE29A,data/reports/stage29a_high_range_regime_continuation_discovery/stage29a_exact_trades.csv,high_range_broad_pullback_continuation_v1,hr_broad_pb_h13_lq40_pb025_tp07_sl08,-6.261999999999807,-7.311999999999807,-8.011999999999807,0,0,0,1,7.311999999999807,77.37999999999965,44.4399999999996,0.800405040504051,31.25,0.18431999999999243,15.75,15.218499999999972,0.024,-1.0,,,13,2,11.0,2025
2025-11-06 13:00:00+00:00|1.0|hr_broad_pb_h13_lq40_pb025_tp07_sl08,2025-11-06 13:00:00+00:00,STAGE29A,data/reports/stage29a_high_range_regime_continuation_discovery/stage29a_exact_trades.csv,high_range_broad_pullback_continuation_v1,hr_broad_pb_h13_lq40_pb025_tp07_sl08,3.4138999999999213,2.363899999999921,1.6638999999999218,1,1,1,0,2.363899999999921,61.58999999999969,25.949999999999815,0.5865125240847748,34.51999999999998,0.571552723059097,7.070000000000164,10.239000000000033,0.004,1.0,,,13,3,11.0,2025
2025-11-11 13:00:00+00:00|-1.0|hr_broad_pb_h13_lq40_pb025_tp07_sl08,2025-11-11 13:00:00+00:00,STAGE29A,data/reports/stage29a_high_range_regime_continuation_discovery/stage29a_exact_trades.csv,high_range_broad_pullback_continuation_v1,hr_broad_pb_h13_lq40_pb025_tp07_sl08,3.550050000000192,2.500050000000192,1.8000500000001924,1,1,1,0,2.500050000000192,122.17999999999984,33.89000000000033,0.6878135143110113,21.980000000000476,0.06505914467699091,7.1599999999998545,11.308499999999913,0.056,-1.0,,,13,1,11.0,2025
2025-11-12 13:00:00+00:00|1.0|hr_broad_pb_h13_lq40_pb025_tp07_sl08,2025-11-12 13:00:00+00:00,STAGE29A,data/reports/stage29a_high_range_regime_continuation_discovery/stage29a_exact_trades.csv,high_range_broad_pullback_continuation_v1,hr_broad_pb_h13_lq40_pb025_tp07_sl08,-6.03040000000019,-7.080400000000191,-7.78040000000019,0,0,0,1,7.080400000000191,51.60000000000037,41.720000000000255,0.7739693192713271,34.56999999999971,0.5001446340757915,10.8100000000004,13.348500000000058,0.352,1.0,,,13,2,11.0,2025
2025-11-13 13:00:00+00:00|1.0|hr_broad_pb_h13_lq40_pb025_tp07_sl08,2025-11-13 13:00:00+00:00,STAGE29A,data/reports/stage29a_high_range_regime_continuation_discovery/stage29a_exact_trades.csv,high_range_broad_pullback_continuation_v1,hr_broad_pb_h13_lq40_pb025_tp07_sl08,-6.618799999999828,-7.668799999999829,-8.368799999999828,0,0,0,1,7.668799999999829,112.90999999999984,39.74000000000069,0.4574735782586579,37.099999999999454,0.4256064690027007,18.549999999999272,18.722999999999956,0.772,1.0,,,13,3,11.0,2025
2025-11-14 13:00:00+00:00|-1.0|hr_broad_pb_h13_lq40_pb025_tp07_sl08,2025-11-14 13:00:00+00:00,STAGE29A,data/reports/stage29a_high_range_regime_continuation_discovery/stage29a_exact_trades.csv,high_range_broad_pullback_continuation_v1,hr_broad_pb_h13_lq40_pb025_tp07_sl08,-8.411999999999898,-9.461999999999898,-10.161999999999898,0,0,0,1,9.461999999999898,100.11999999999988,41.19999999999982,0.4191747572815438,44.849999999999454,0.7906354515050271,11.11999999999989,18.576999999999863,0.792,-1.0,,,13,4,11.0,2025
2025-11-17 13:00:00+00:00|-1.0|hr_broad_pb_h13_lq40_pb025_tp07_sl08,2025-11-17 13:00:00+00:00,STAGE29A,data/reports/stage29a_high_range_regime_continuation_discovery/stage29a_exact_trades.csv,high_range_broad_pullback_continuation_v1,hr_broad_pb_h13_lq40_pb025_tp07_sl08,5.469100000000163,4.419100000000162,3.7191000000001626,1,1,1,0,4.419100000000162,32.4699999999998,36.690000000000055,0.48460070863996113,46.059999999999945,0.18019973947025048,21.769999999999982,19.9484999999999,0.856,-1.0,,,13,0,11.0,2025
2025-11-18 13:00:00+00:00|1.0|hr_broad_pb_h13_lq40_pb025_tp07_sl08,2025-11-18 13:00:00+00:00,STAGE29A,data/reports/stage29a_high_range_regime_continuation_discovery/stage29a_exact_trades.csv,high_range_broad_pullback_continuation_v1,hr_broad_pb_h13_lq40_pb025_tp07_sl08,-7.48799999999992,-8.53799999999992,-9.23799999999992,0,0,0,1,8.53799999999992,99.80999999999996,50.38999999999987,0.5225243103790433,52.27999999999975,0.644988523335883,12.899999999999636,20.05499999999997,0.8,1.0,,,13,1,11.0,2025
2025-11-19 13:00:00+00:00|1.0|hr_broad_pb_h13_lq40_pb025_tp07_sl08,2025-11-19 13:00:00+00:00,STAGE29A,data/reports/stage29a_high_range_regime_continuation_discovery/stage29a_exact_trades.csv,high_range_broad_pullback_continuation_v1,hr_broad_pb_h13_lq40_pb025_tp07_sl08,5.21815000000006,4.168150000000059,3.46815000000006,1,1,1,0,4.168150000000059,84.03999999999996,24.850000000000364,0.06156941649900111,44.95000000000027,0.7506117908787447,11.990000000000691,15.576000000000112,0.516,1.0,,,13,2,11.0,2025
2025-11-20 13:00:00+00:00|-1.0|hr_broad_pb_h13_lq40_pb025_tp07_sl08,2025-11-20 13:00:00+00:00,STAGE29A,data/reports/stage29a_high_range_regime_continuation_discovery/stage29a_exact_trades.csv,high_range_broad_pullback_continuation_v1,hr_broad_pb_h13_lq40_pb025_tp07_sl08,-9.052800000000024,-10.102800000000023,-10.802800000000024,0,0,0,1,10.102800000000023,76.84000000000015,69.11999999999944,0.4225983796296336,39.01000000000022,0.403229941040757,9.940000000000055,21.13399999999997,0.876,-1.0,,,13,3,11.0,2025
2025-11-26 13:00:00+00:00|-1.0|hr_broad_pb_h13_lq40_pb025_tp07_sl08,2025-11-26 13:00:00+00:00,STAGE29A,data/reports/stage29a_high_range_regime_continuation_discovery/stage29a_exact_trades.csv,high_range_broad_pullback_continuation_v1,hr_broad_pb_h13_lq40_pb025_tp07_sl08,-5.303999999999723,-6.353999999999724,-7.053999999999723,0,0,0,1,6.353999999999724,50.42999999999938,39.88000000000011,0.7096288866599826,21.81999999999971,0.08340971585699969,9.090000000000146,12.598499999999785,0.012,-1.0,,,13,2,11.0,2025
2025-11-27 13:00:00+00:00|1.0|hr_broad_pb_h13_lq40_pb025_tp07_sl08,2025-11-27 13:00:00+00:00,STAGE29A,data/reports/stage29a_high_range_regime_continuation_discovery/stage29a_exact_trades.csv,high_range_broad_pullback_continuation_v1,hr_broad_pb_h13_lq40_pb025_tp07_sl08,2.9711499999997613,1.9211499999997612,1.2211499999997617,1,1,1,0,1.9211499999997612,43.90000000000055,25.90999999999985,0.5461211887302441,22.269999999999527,0.26178715761113835,8.109999999999673,9.91649999999986,0.004,1.0,,,13,3,11.0,2025
2025-12-03 13:00:00+00:00|-1.0|hr_broad_pb_h13_lq40_pb025_tp07_sl08,2025-12-03 13:00:00+00:00,STAGE29A,data/reports/stage29a_high_range_regime_continuation_discovery/stage29a_exact_trades.csv,high_range_broad_pullback_continuation_v1,hr_broad_pb_h13_lq40_pb025_tp07_sl08,-4.415200000000004,-5.465200000000005,-6.165200000000004,0,0,0,1,5.465200000000005,72.11999999999989,26.11999999999989,0.3575803981623348,29.22000000000025,0.7488021902806269,10.140000000000327,13.567500000000063,0.224,-1.0,,,13,2,12.0,2025
2025-12-04 13:00:00+00:00|1.0|hr_broad_pb_h13_lq40_pb025_tp07_sl08,2025-12-04 13:00:00+00:00,STAGE29A,data/reports/stage29a_high_range_regime_continuation_discovery/stage29a_exact_trades.csv,high_range_broad_pullback_continuation_v1,hr_broad_pb_h13_lq40_pb025_tp07_sl08,-4.829199999999764,-5.879199999999765,-6.579199999999764,0,0,0,1,5.879199999999765,46.89000000000033,29.47000000000025,0.34747200542923967,27.340000000000146,0.009509875640095717,6.0,13.181500000000005,0.212,1.0,,,13,3,12.0,2025
2025-12-12 13:00:00+00:00|1.0|hr_broad_pb_h13_lq40_pb025_tp07_sl08,2025-12-12 13:00:00+00:00,STAGE29A,data/reports/stage29a_high_range_regime_continuation_discovery/stage29a_exact_trades.csv,high_range_broad_pullback_continuation_v1,hr_broad_pb_h13_lq40_pb025_tp07_sl08,-5.575999999999658,-6.625999999999658,-7.325999999999658,0,0,0,1,6.625999999999658,81.61000000000058,18.800000000000185,0.5281914893616642,64.73999999999978,0.9800741427247597,16.06999999999971,13.740999999999985,0.576,1.0,,,13,4,12.0,2025
2025-12-23 13:00:00+00:00|1.0|hr_broad_pb_h13_lq40_pb025_tp07_sl08,2025-12-23 13:00:00+00:00,STAGE29A,data/reports/stage29a_high_range_regime_continuation_discovery/stage29a_exact_trades.csv,high_range_broad_pullback_continuation_v1,hr_broad_pb_h13_lq40_pb025_tp07_sl08,3.114649999999892,2.0646499999998924,1.364649999999893,1,1,1,0,2.0646499999998924,122.74000000000068,52.28999999999997,0.42991011665709655,23.69000000000051,0.08104685521313305,7.970000000000255,12.317999999999984,0.404,1.0,,,13,1,12.0,2025
2025-12-24 13:00:00+00:00|-1.0|hr_broad_pb_h13_lq40_pb025_tp07_sl08,2025-12-24 13:00:00+00:00,STAGE29A,data/reports/stage29a_high_range_regime_continuation_discovery/stage29a_exact_trades.csv,high_range_broad_pullback_continuation_v1,hr_broad_pb_h13_lq40_pb025_tp07_sl08,-5.847599999999693,-6.897599999999693,-7.597599999999693,0,0,0,1,6.897599999999693,75.19000000000051,54.51000000000022,0.07228031553842569,22.300000000000185,0.43094170403585624,17.61999999999989,17.785499999999956,0.936,-1.0,,,13,2,12.0,2025
2025-12-30 13:00:00+00:00|1.0|hr_broad_pb_h13_lq40_pb025_tp07_sl08,2025-12-30 13:00:00+00:00,STAGE29A,data/reports/stage29a_high_range_regime_continuation_discovery/stage29a_exact_trades.csv,high_range_broad_pullback_continuation_v1,hr_broad_pb_h13_lq40_pb025_tp07_sl08,6.08159999999989,5.031599999999889,4.33159999999989,1,1,1,0,5.031599999999889,246.52999999999972,45.98999999999978,0.38704066101326956,41.36000000000058,0.5118471953578282,23.890000000000327,20.83650000000016,0.868,1.0,,,13,1,12.0,2025
2026-01-06 13:00:00+00:00|-1.0|hr_broad_pb_h13_lq40_pb025_tp07_sl08,2026-01-06 13:00:00+00:00,STAGE29A,data/reports/stage29a_high_range_regime_continuation_discovery/stage29a_exact_trades.csv,high_range_broad_pullback_continuation_v1,hr_broad_pb_h13_lq40_pb025_tp07_sl08,-5.934399999999732,-6.984399999999733,-7.684399999999732,0,0,0,1,6.984399999999733,110.64000000000031,40.53999999999997,0.6625555007400024,32.96000000000004,0.46450242718447765,13.220000000000255,15.324999999999955,0.312,-1.0,,,13,1,1.0,2026
2026-01-07 13:00:00+00:00|-1.0|hr_broad_pb_h13_lq40_pb025_tp07_sl08,2026-01-07 13:00:00+00:00,STAGE29A,data/reports/stage29a_high_range_regime_continuation_discovery/stage29a_exact_trades.csv,high_range_broad_pullback_continuation_v1,hr_broad_pb_h13_lq40_pb025_tp07_sl08,4.398450000000048,3.348450000000048,2.6484500000000484,1,1,1,0,3.348450000000048,69.30999999999949,40.720000000000255,0.7094793713163101,33.11999999999989,0.011171497584537804,8.900000000000546,15.482000000000061,0.284,-1.0,,,13,2,1.0,2026
2026-01-13 13:00:00+00:00|-1.0|hr_broad_pb_h13_lq40_pb025_tp07_sl08,2026-01-13 13:00:00+00:00,STAGE29A,data/reports/stage29a_high_range_regime_continuation_discovery/stage29a_exact_trades.csv,high_range_broad_pullback_continuation_v1,hr_broad_pb_h13_lq40_pb025_tp07_sl08,-5.654799999999886,-6.704799999999887,-7.404799999999886,0,0,0,1,6.704799999999887,116.96000000000004,32.23000000000047,0.0896680111697265,28.42999999999938,0.3496306718255619,7.829999999999927,15.20250000000001,0.184,-1.0,,,13,1,1.0,2026
2026-01-23 13:00:00+00:00|-1.0|hr_broad_pb_h13_lq40_pb025_tp07_sl08,2026-01-23 13:00:00+00:00,STAGE29A,data/reports/stage29a_high_range_regime_continuation_discovery/stage29a_exact_trades.csv,high_range_broad_pullback_continuation_v1,hr_broad_pb_h13_lq40_pb025_tp07_sl08,-9.25560000000005,-10.30560000000005,-11.00560000000005,0,0,0,1,10.30560000000005,187.4799999999996,36.32999999999993,0.07349298100743402,67.39999999999964,0.3921364985163269,16.6899999999996,22.539999999999964,0.78,-1.0,,,13,4,1.0,2026
2026-01-27 13:00:00+00:00|1.0|hr_broad_pb_h13_lq40_pb025_tp07_sl08,2026-01-27 13:00:00+00:00,STAGE29A,data/reports/stage29a_high_range_regime_continuation_discovery/stage29a_exact_trades.csv,high_range_broad_pullback_continuation_v1,hr_broad_pb_h13_lq40_pb025_tp07_sl08,-7.749999999999636,-8.799999999999637,-9.499999999999636,0,0,0,1,8.799999999999637,120.89999999999964,66.71999999999935,0.3625599520383805,43.27999999999975,0.441543438077629,16.399999999999636,33.254499999999915,0.948,1.0,,,13,1,1.0,2026
2026-02-02 13:00:00+00:00|1.0|hr_broad_pb_h13_lq40_pb025_tp07_sl08,2026-02-02 13:00:00+00:00,STAGE29A,data/reports/stage29a_high_range_regime_continuation_discovery/stage29a_exact_trades.csv,high_range_broad_pullback_continuation_v1,hr_broad_pb_h13_lq40_pb025_tp07_sl08,-45.57800000000007,-46.628000000000064,-47.32800000000007,0,0,0,1,46.628000000000064,168.01999999999953,300.52999999999975,0.20949655608425147,330.25,0.07887963663891047,76.39999999999964,133.36349999999976,0.992,1.0,,,13,0,2.0,2026
2026-02-03 13:00:00+00:00|1.0|hr_broad_pb_h13_lq40_pb025_tp07_sl08,2026-02-03 13:00:00+00:00,STAGE29A,data/reports/stage29a_high_range_regime_continuation_discovery/stage29a_exact_trades.csv,high_range_broad_pullback_continuation_v1,hr_broad_pb_h13_lq40_pb025_tp07_sl08,-18.06720000000005,-19.117200000000047,-19.81720000000005,0,0,0,1,19.117200000000047,481.1899999999996,189.4900000000007,0.18222597498548535,139.53999999999996,0.6661889064067655,27.98999999999978,66.50050000000006,0.728,1.0,,,13,1,2.0,2026
2026-02-04 13:00:00+00:00|-1.0|hr_broad_pb_h13_lq40_pb025_tp07_sl08,2026-02-04 13:00:00+00:00,STAGE29A,data/reports/stage29a_high_range_regime_continuation_discovery/stage29a_exact_trades.csv,high_range_broad_pullback_continuation_v1,hr_broad_pb_h13_lq40_pb025_tp07_sl08,11.302549999999792,10.252549999999792,9.552549999999792,1,1,1,0,10.252549999999792,327.29,170.6200000000008,0.7802133395850385,50.0,0.6368000000000029,22.479999999999563,46.102499999999964,0.572,-1.0,,,13,2,2.0,2026
2026-02-05 13:00:00+00:00|1.0|hr_broad_pb_h13_lq40_pb025_tp07_sl08,2026-02-05 13:00:00+00:00,STAGE29A,data/reports/stage29a_high_range_regime_continuation_discovery/stage29a_exact_trades.csv,high_range_broad_pullback_continuation_v1,hr_broad_pb_h13_lq40_pb025_tp07_sl08,-21.252399999999945,-22.302399999999945,-23.002399999999945,0,0,0,1,22.302399999999945,239.94999999999985,234.4100000000008,0.6337613583038263,116.44999999999982,0.11592958351223719,38.779999999999745,60.45800000000004,0.704,1.0,,,13,3,2.0,2026
2026-02-06 13:00:00+00:00|1.0|hr_broad_pb_h13_lq40_pb025_tp07_sl08,2026-02-06 13:00:00+00:00,STAGE29A,data/reports/stage29a_high_range_regime_continuation_discovery/stage29a_exact_trades.csv,high_range_broad_pullback_continuation_v1,hr_broad_pb_h13_lq40_pb025_tp07_sl08,-17.215200000000188,-18.265200000000185,-18.965200000000188,0,0,0,1,18.265200000000185,320.3100000000004,191.01000000000025,0.5794461022983098,95.03999999999996,0.6758207070707027,28.18000000000029,61.26499999999987,0.672,1.0,,,13,4,2.0,2026
2026-02-10 13:00:00+00:00|1.0|hr_broad_pb_h13_lq40_pb025_tp07_sl08,2026-02-10 13:00:00+00:00,STAGE29A,data/reports/stage29a_high_range_regime_continuation_discovery/stage29a_exact_trades.csv,high_range_broad_pullback_continuation_v1,hr_broad_pb_h13_lq40_pb025_tp07_sl08,-10.032799999999588,-11.082799999999589,-11.782799999999588,0,0,0,1,11.082799999999589,121.23000000000047,87.30999999999949,0.0027488260222276097,51.73999999999978,0.304020100502523,21.25,28.691499999999905,0.072,1.0,,,13,1,2.0,2026
2026-02-12 13:00:00+00:00|-1.0|hr_broad_pb_h13_lq40_pb025_tp07_sl08,2026-02-12 13:00:00+00:00,STAGE29A,data/reports/stage29a_high_range_regime_continuation_discovery/stage29a_exact_trades.csv,high_range_broad_pullback_continuation_v1,hr_broad_pb_h13_lq40_pb025_tp07_sl08,-7.48799999999992,-8.53799999999992,-9.23799999999992,0,0,0,1,8.53799999999992,99.52999999999976,54.75999999999931,0.13951789627466077,33.48999999999978,0.22066288444312857,21.0,22.683999999999834,0.012,-1.0,,,13,3,2.0,2026
2026-02-24 13:00:00+00:00|1.0|hr_broad_pb_h13_lq40_pb025_tp07_sl08,2026-02-24 13:00:00+00:00,STAGE29A,data/reports/stage29a_high_range_regime_continuation_discovery/stage29a_exact_trades.csv,high_range_broad_pullback_continuation_v1,hr_broad_pb_h13_lq40_pb025_tp07_sl08,-7.804800000000432,-8.854800000000433,-9.554800000000432,0,0,0,1,8.854800000000433,139.01000000000022,104.50999999999932,0.6400344464644605,29.329999999999927,0.16365496079100558,17.82000000000062,23.55999999999999,0.372,1.0,,,13,1,2.0,2026
2026-02-25 13:00:00+00:00|-1.0|hr_broad_pb_h13_lq40_pb025_tp07_sl08,2026-02-25 13:00:00+00:00,STAGE29A,data/reports/stage29a_high_range_regime_continuation_discovery/stage29a_exact_trades.csv,high_range_broad_pullback_continuation_v1,hr_broad_pb_h13_lq40_pb025_tp07_sl08,-6.722800000000097,-7.772800000000098,-8.472800000000097,0,0,0,1,7.772800000000098,155.44999999999982,71.0,0.506197183098586,40.40000000000055,0.19306930693069496,25.0,22.19850000000006,0.336,-1.0,,,13,2,2.0,2026
2026-02-27 13:00:00+00:00|-1.0|hr_broad_pb_h13_lq40_pb025_tp07_sl08,2026-02-27 13:00:00+00:00,STAGE29A,data/reports/stage29a_high_range_regime_continuation_discovery/stage29a_exact_trades.csv,high_range_broad_pullback_continuation_v1,hr_broad_pb_h13_lq40_pb025_tp07_sl08,-5.571999999999752,-6.621999999999753,-7.321999999999752,0,0,0,1,6.621999999999753,74.60999999999967,32.68000000000029,0.08353733170136012,31.48999999999978,0.1292473801206649,12.0600000000004,19.138000000000055,0.152,-1.0,,,13,4,2.0,2026
2026-03-03 13:00:00+00:00|-1.0|hr_broad_pb_h13_lq40_pb025_tp07_sl08,2026-03-03 13:00:00+00:00,STAGE29A,data/reports/stage29a_high_range_regime_continuation_discovery/stage29a_exact_trades.csv,high_range_broad_pullback_continuation_v1,hr_broad_pb_h13_lq40_pb025_tp07_sl08,-21.54840000000022,-22.59840000000022,-23.29840000000022,0,0,0,1,22.59840000000022,158.2599999999993,50.46000000000004,0.2964724534284587,140.09999999999943,0.804354032833697,49.88000000000011,34.52399999999993,0.972,-1.0,,,13,1,3.0,2026
2026-03-04 13:00:00+00:00|1.0|hr_broad_pb_h13_lq40_pb025_tp07_sl08,2026-03-04 13:00:00+00:00,STAGE29A,data/reports/stage29a_high_range_regime_continuation_discovery/stage29a_exact_trades.csv,high_range_broad_pullback_continuation_v1,hr_broad_pb_h13_lq40_pb025_tp07_sl08,9.803849999999692,8.753849999999693,8.053849999999693,1,1,1,0,8.753849999999693,382.7999999999993,105.97000000000024,0.29508351420212753,79.67000000000007,0.4089368645663348,22.420000000000073,38.758499999999955,0.904,1.0,,,13,2,3.0,2026
2026-03-05 13:00:00+00:00|-1.0|hr_broad_pb_h13_lq40_pb025_tp07_sl08,2026-03-05 13:00:00+00:00,STAGE29A,data/reports/stage29a_high_range_regime_continuation_discovery/stage29a_exact_trades.csv,high_range_broad_pullback_continuation_v1,hr_broad_pb_h13_lq40_pb025_tp07_sl08,8.533700000000318,7.483700000000317,6.783700000000318,1,1,1,0,7.483700000000317,121.39000000000031,50.22999999999956,0.11108899064304152,59.60999999999967,0.12028183190739997,21.340000000000146,24.423999999999886,0.48,-1.0,,,13,3,3.0,2026
2026-03-06 13:00:00+00:00|-1.0|hr_broad_pb_h13_lq40_pb025_tp07_sl08,2026-03-06 13:00:00+00:00,STAGE29A,data/reports/stage29a_high_range_regime_continuation_discovery/stage29a_exact_trades.csv,high_range_broad_pullback_continuation_v1,hr_broad_pb_h13_lq40_pb025_tp07_sl08,-9.278799999999682,-10.328799999999683,-11.028799999999682,0,0,0,1,10.328799999999683,143.6899999999996,76.73999999999978,0.5422204847537111,54.25,0.6733640552995345,16.86999999999989,26.763000000000012,0.572,-1.0,,,13,4,3.0,2026
2026-03-10 13:00:00+00:00|1.0|hr_broad_pb_h13_lq40_pb025_tp07_sl08,2026-03-10 13:00:00+00:00,STAGE29A,data/reports/stage29a_high_range_regime_continuation_discovery/stage29a_exact_trades.csv,high_range_broad_pullback_continuation_v1,hr_broad_pb_h13_lq40_pb025_tp07_sl08,-8.200400000000263,-9.250400000000264,-9.950400000000265,0,0,0,1,9.250400000000264,176.90999999999983,69.05000000000018,0.35235336712526955,38.60999999999967,0.3504273504273468,27.339999999999236,21.969500000000018,0.148,1.0,,,13,1,3.0,2026
2026-03-13 13:00:00+00:00|-1.0|hr_broad_pb_h13_lq40_pb025_tp07_sl08,2026-03-13 13:00:00+00:00,STAGE29A,data/reports/stage29a_high_range_regime_continuation_discovery/stage29a_exact_trades.csv,high_range_broad_pullback_continuation_v1,hr_broad_pb_h13_lq40_pb025_tp07_sl08,-9.682400000000234,-10.732400000000236,-11.432400000000234,0,0,0,1,10.732400000000236,136.32999999999993,55.71000000000004,0.1202656614611347,49.1299999999992,0.19967433340117344,18.26000000000022,19.618500000000086,0.072,-1.0,,,13,4,3.0,2026
2026-03-26 13:00:00+00:00|-1.0|hr_broad_pb_h13_lq40_pb025_tp07_sl08,2026-03-26 13:00:00+00:00,STAGE29A,data/reports/stage29a_high_range_regime_continuation_discovery/stage29a_exact_trades.csv,high_range_broad_pullback_continuation_v1,hr_broad_pb_h13_lq40_pb025_tp07_sl08,-14.169599999999807,-15.21959999999981,-15.919599999999807,0,0,0,1,15.21959999999981,146.3800000000001,54.91000000000077,0.4028410125660095,109.26000000000022,0.7089511257550786,30.920000000000073,34.094000000000094,0.568,-1.0,,,13,3,3.0,2026
2026-03-27 13:00:00+00:00|-1.0|hr_broad_pb_h13_lq40_pb025_tp07_sl08,2026-03-27 13:00:00+00:00,STAGE29A,data/reports/stage29a_high_range_regime_continuation_discovery/stage29a_exact_trades.csv,high_range_broad_pullback_continuation_v1,hr_broad_pb_h13_lq40_pb025_tp07_sl08,7.049000000000342,5.999000000000342,5.299000000000342,1,1,1,0,5.999000000000342,192.6600000000008,73.67999999999938,0.5563246471226945,64.27999999999975,0.48397635345363715,21.949999999999818,32.14149999999991,0.42,-1.0,,,13,4,3.0,2026
2026-04-07 13:00:00+00:00|1.0|hr_broad_pb_h13_lq40_pb025_tp07_sl08,2026-04-07 13:00:00+00:00,STAGE29A,data/reports/stage29a_high_range_regime_continuation_discovery/stage29a_exact_trades.csv,high_range_broad_pullback_continuation_v1,hr_broad_pb_h13_lq40_pb025_tp07_sl08,-12.195599999999647,-13.24559999999965,-13.945599999999647,0,0,0,1,13.24559999999965,105.48999999999978,51.46000000000004,0.17061795569375532,71.22999999999956,0.3018391127334007,35.4399999999996,22.736499999999886,0.052,1.0,,,13,1,4.0,2026
2026-04-08 13:00:00+00:00|-1.0|hr_broad_pb_h13_lq40_pb025_tp07_sl08,2026-04-08 13:00:00+00:00,STAGE29A,data/reports/stage29a_high_range_regime_continuation_discovery/stage29a_exact_trades.csv,high_range_broad_pullback_continuation_v1,hr_broad_pb_h13_lq40_pb025_tp07_sl08,9.308599999999752,8.25859999999975,7.558599999999751,1,1,1,0,8.25859999999975,211.28000000000063,140.1299999999992,0.1491472204381693,66.96000000000004,0.2144563918757417,29.849999999999454,34.414499999999954,0.556,-1.0,,,13,2,4.0,2026
2026-04-10 13:00:00+00:00|-1.0|hr_broad_pb_h13_lq40_pb025_tp07_sl08,2026-04-10 13:00:00+00:00,STAGE29A,data/reports/stage29a_high_range_regime_continuation_discovery/stage29a_exact_trades.csv,high_range_broad_pullback_continuation_v1,hr_broad_pb_h13_lq40_pb025_tp07_sl08,-7.122399999999834,-8.172399999999834,-8.872399999999834,0,0,0,1,8.172399999999834,102.13000000000012,41.60000000000037,0.05817307692307817,39.80999999999949,0.3765385581512176,20.00999999999931,18.59099999999994,0.004,-1.0,,,13,4,4.0,2026
2026-04-14 13:00:00+00:00|1.0|hr_broad_pb_h13_lq40_pb025_tp07_sl08,2026-04-14 13:00:00+00:00,STAGE29A,data/reports/stage29a_high_range_regime_continuation_discovery/stage29a_exact_trades.csv,high_range_broad_pullback_continuation_v1,hr_broad_pb_h13_lq40_pb025_tp07_sl08,-7.668000000000211,-8.718000000000211,-9.41800000000021,0,0,0,1,8.718000000000211,114.48000000000047,31.23999999999978,0.3117797695262436,37.72999999999956,0.2793532997614653,17.42999999999938,17.625499999999874,0.02,1.0,,,13,1,4.0,2026
2026-04-16 13:00:00+00:00|-1.0|hr_broad_pb_h13_lq40_pb025_tp07_sl08,2026-04-16 13:00:00+00:00,STAGE29A,data/reports/stage29a_high_range_regime_continuation_discovery/stage29a_exact_trades.csv,high_range_broad_pullback_continuation_v1,hr_broad_pb_h13_lq40_pb025_tp07_sl08,-6.620400000000336,-7.670400000000336,-8.370400000000336,0,0,0,1,7.670400000000336,85.13999999999942,46.51999999999953,0.3555460017196933,31.529999999999745,0.35172851252775883,11.010000000000218,15.487500000000045,0.004,-1.0,,,13,3,4.0,2026
2026-04-23 13:00:00+00:00|-1.0|hr_broad_pb_h13_lq40_pb025_tp07_sl08,2026-04-23 13:00:00+00:00,STAGE29A,data/reports/stage29a_high_range_regime_continuation_discovery/stage29a_exact_trades.csv,high_range_broad_pullback_continuation_v1,hr_broad_pb_h13_lq40_pb025_tp07_sl08,-7.353999999999905,-8.403999999999906,-9.103999999999903,0,0,0,1,8.403999999999906,56.470000000000255,59.63000000000011,0.37078651685392644,31.92999999999938,0.19417475728155145,8.960000000000036,17.336999999999897,0.324,-1.0,,,13,3,4.0,2026
2026-04-24 13:00:00+00:00|1.0|hr_broad_pb_h13_lq40_pb025_tp07_sl08,2026-04-24 13:00:00+00:00,STAGE29A,data/reports/stage29a_high_range_regime_continuation_discovery/stage29a_exact_trades.csv,high_range_broad_pullback_continuation_v1,hr_broad_pb_h13_lq40_pb025_tp07_sl08,-6.646400000000176,-7.696400000000176,-8.396400000000176,0,0,0,1,7.696400000000176,89.48000000000047,42.27999999999975,0.4973982970671682,39.52000000000044,0.2608805668016267,17.30999999999949,20.427999999999976,0.708,1.0,,,13,4,4.0,2026
2026-04-30 13:00:00+00:00|1.0|hr_broad_pb_h13_lq40_pb025_tp07_sl08,2026-04-30 13:00:00+00:00,STAGE29A,data/reports/stage29a_high_range_regime_continuation_discovery/stage29a_exact_trades.csv,high_range_broad_pullback_continuation_v1,hr_broad_pb_h13_lq40_pb025_tp07_sl08,6.814499999999862,5.764499999999861,5.064499999999862,1,1,1,0,5.764499999999861,99.84999999999944,43.11000000000058,0.09255393180235973,91.03999999999996,0.7621924428822534,17.480000000000473,19.930999999999766,0.688,1.0,,,13,3,4.0,2026
2026-05-07 13:00:00+00:00|1.0|hr_broad_pb_h13_lq40_pb025_tp07_sl08,2026-05-07 13:00:00+00:00,STAGE29A,data/reports/stage29a_high_range_regime_continuation_discovery/stage29a_exact_trades.csv,high_range_broad_pullback_continuation_v1,hr_broad_pb_h13_lq40_pb025_tp07_sl08,7.18269999999975,6.132699999999749,5.43269999999975,1,1,1,0,6.132699999999749,176.60000000000036,35.909999999999854,0.12252854358116552,61.06999999999971,0.48747339119043176,17.550000000000182,16.67999999999997,0.26,1.0,,,13,3,5.0,2026
2026-05-20 13:00:00+00:00|1.0|hr_broad_pb_h13_lq40_pb025_tp07_sl08,2026-05-20 13:00:00+00:00,STAGE29A,data/reports/stage29a_high_range_regime_continuation_discovery/stage29a_exact_trades.csv,high_range_broad_pullback_continuation_v1,hr_broad_pb_h13_lq40_pb025_tp07_sl08,6.514900000000489,5.464900000000489,4.764900000000489,1,1,1,0,5.464900000000489,124.22000000000024,55.14000000000033,0.37413855640188587,34.54999999999927,0.6208393632416865,18.210000000000036,18.370500000000085,0.32,1.0,,,13,2,5.0,2026
2026-05-27 13:00:00+00:00|-1.0|hr_broad_pb_h13_lq40_pb025_tp07_sl08,2026-05-27 13:00:00+00:00,STAGE29A,data/reports/stage29a_high_range_regime_continuation_discovery/stage29a_exact_trades.csv,high_range_broad_pullback_continuation_v1,hr_broad_pb_h13_lq40_pb025_tp07_sl08,5.193649999999616,4.143649999999616,3.443649999999616,1,1,1,0,4.143649999999616,97.72000000000024,31.00999999999931,0.44953240890035184,41.44000000000051,0.16674710424709868,10.69000000000051,15.516500000000041,0.192,-1.0,,,13,2,5.0,2026
2026-06-05 13:00:00+00:00|1.0|hr_broad_pb_h13_lq40_pb025_tp07_sl08,2026-06-05 13:00:00+00:00,STAGE29A,data/reports/stage29a_high_range_regime_continuation_discovery/stage29a_exact_trades.csv,high_range_broad_pullback_continuation_v1,hr_broad_pb_h13_lq40_pb025_tp07_sl08,-6.477599999999802,-7.527599999999802,-8.227599999999802,0,0,0,1,7.527599999999802,91.14999999999964,46.159999999999854,0.5955372616984373,40.38999999999942,0.5570685813320209,10.389999999999418,14.364500000000135,0.14,1.0,,,13,4,6.0,2026
2026-06-10 13:00:00+00:00|-1.0|hr_broad_pb_h13_lq40_pb025_tp07_sl08,2026-06-10 13:00:00+00:00,STAGE29A,data/reports/stage29a_high_range_regime_continuation_discovery/stage29a_exact_trades.csv,high_range_broad_pullback_continuation_v1,hr_broad_pb_h13_lq40_pb025_tp07_sl08,-10.11640000000043,-11.166400000000433,-11.86640000000043,0,0,0,1,11.166400000000433,126.54999999999929,84.05999999999949,0.8455864858434494,60.32999999999993,0.2671970827117505,16.359999999999673,26.670499999999993,0.992,-1.0,,,13,2,6.0,2026
2026-06-11 13:00:00+00:00|1.0|hr_broad_pb_h13_lq40_pb025_tp07_sl08,2026-06-11 13:00:00+00:00,STAGE29A,data/reports/stage29a_high_range_regime_continuation_discovery/stage29a_exact_trades.csv,high_range_broad_pullback_continuation_v1,hr_broad_pb_h13_lq40_pb025_tp07_sl08,-8.713199999999778,-9.76319999999978,-10.463199999999778,0,0,0,1,9.76319999999978,190.30999999999997,94.00999999999976,0.021380704180408716,42.4399999999996,0.4429783223374153,18.849999999999454,31.769499999999972,0.968,1.0,,,13,3,6.0,2026
2022-08-26 13:00:00+00:00|-1.0|hr_london_breakout_h13_lq40_b01_tp06_sl08,2022-08-26 13:00:00+00:00,STAGE29A,data/reports/stage29a_high_range_regime_continuation_discovery/stage29a_exact_trades.csv,high_range_london_breakout_follow_v1,hr_london_breakout_h13_lq40_b01_tp06_sl08,-1.8924000000000436,-2.942400000000043,-3.642400000000043,0,0,0,0,2.942400000000043,15.519999999999982,6.579999999999927,0.03647416413374039,9.5,0.804210526315776,3.2200000000000273,2.849499999999955,0.044,-1.0,,,13,4,8.0,2022
2022-09-20 13:00:00+00:00|-1.0|hr_london_breakout_h13_lq40_b01_tp06_sl08,2022-09-20 13:00:00+00:00,STAGE29A,data/reports/stage29a_high_range_regime_continuation_discovery/stage29a_exact_trades.csv,high_range_london_breakout_follow_v1,hr_london_breakout_h13_lq40_b01_tp06_sl08,-2.009599999999955,-3.059599999999955,-3.7595999999999545,0,0,0,0,3.059599999999955,20.230000000000015,6.029999999999973,0.2338308457711212,10.629999999999882,0.8701787394167547,3.6799999999998363,3.3575000000000044,0.092,-1.0,,,13,1,9.0,2022
2022-10-05 13:00:00+00:00|-1.0|hr_london_breakout_h13_lq40_b01_tp06_sl08,2022-10-05 13:00:00+00:00,STAGE29A,data/reports/stage29a_high_range_regime_continuation_discovery/stage29a_exact_trades.csv,high_range_london_breakout_follow_v1,hr_london_breakout_h13_lq40_b01_tp06_sl08,-2.8847999999999048,-3.9347999999999046,-4.634799999999904,0,0,0,1,3.9347999999999046,34.200000000000045,8.230000000000018,0.7095990279465255,21.699999999999815,0.5949308755760456,9.069999999999936,5.20849999999997,0.464,-1.0,,,13,2,10.0,2022
2023-03-16 13:00:00+00:00|1.0|hr_london_breakout_h13_lq40_b01_tp06_sl08,2023-03-16 13:00:00+00:00,STAGE29A,data/reports/stage29a_high_range_regime_continuation_discovery/stage29a_exact_trades.csv,high_range_london_breakout_follow_v1,hr_london_breakout_h13_lq40_b01_tp06_sl08,1.589800000000105,0.5398000000001049,-0.1601999999998948,1,0,1,0,0.5398000000001049,51.57999999999993,16.930000000000064,0.24453632604843972,10.720000000000027,0.868470149253724,4.350000000000136,6.749499999999989,0.788,1.0,,,13,3,3.0,2023
2023-05-05 13:00:00+00:00|-1.0|hr_london_breakout_h13_lq40_b01_tp06_sl08,2023-05-05 13:00:00+00:00,STAGE29A,data/reports/stage29a_high_range_regime_continuation_discovery/stage29a_exact_trades.csv,high_range_london_breakout_follow_v1,hr_london_breakout_h13_lq40_b01_tp06_sl08,-1.985600000000068,-3.035600000000068,-3.7356000000000673,0,0,0,0,3.035600000000068,47.87999999999988,7.529999999999973,0.10092961487380694,13.800000000000182,0.8630434782608641,2.900000000000091,4.995000000000016,0.504,-1.0,,,13,4,5.0,2023
2023-08-22 13:00:00+00:00|1.0|hr_london_breakout_h13_lq40_b01_tp06_sl08,2023-08-22 13:00:00+00:00,STAGE29A,data/reports/stage29a_high_range_regime_continuation_discovery/stage29a_exact_trades.csv,high_range_london_breakout_follow_v1,hr_london_breakout_h13_lq40_b01_tp06_sl08,-1.6796000000000275,-2.729600000000028,-3.4296000000000277,0,0,0,0,2.729600000000028,14.160000000000082,3.6100000000001273,0.2576177285318645,9.980000000000018,0.6863727454909716,4.329999999999927,2.81700000000003,0.224,1.0,,,13,1,8.0,2023
2023-10-17 13:00:00+00:00|1.0|hr_london_breakout_h13_lq40_b01_tp06_sl08,2023-10-17 13:00:00+00:00,STAGE29A,data/reports/stage29a_high_range_regime_continuation_discovery/stage29a_exact_trades.csv,high_range_london_breakout_follow_v1,hr_london_breakout_h13_lq40_b01_tp06_sl08,-1.788000000000102,-2.8380000000001018,-3.538000000000101,0,0,0,0,2.8380000000001018,22.09999999999991,9.3599999999999,0.22435897435899133,9.639999999999873,0.6390041493775868,4.919999999999845,3.052499999999975,0.132,1.0,,,13,1,10.0,2023
2023-12-20 13:00:00+00:00|-1.0|hr_london_breakout_h13_lq40_b01_tp06_sl08,2023-12-20 13:00:00+00:00,STAGE29A,data/reports/stage29a_high_range_regime_continuation_discovery/stage29a_exact_trades.csv,high_range_london_breakout_follow_v1,hr_london_breakout_h13_lq40_b01_tp06_sl08,0.6064000000000306,-0.4435999999999693,-1.143599999999969,0,0,0,0,0.4435999999999693,25.289999999999964,4.960000000000036,0.09072580645162141,7.820000000000164,0.5843989769820768,4.740000000000009,2.918500000000017,0.012,-1.0,,,13,2,12.0,2023
2023-12-22 13:00:00+00:00|1.0|hr_london_breakout_h13_lq40_b01_tp06_sl08,2023-12-22 13:00:00+00:00,STAGE29A,data/reports/stage29a_high_range_regime_continuation_discovery/stage29a_exact_trades.csv,high_range_london_breakout_follow_v1,hr_london_breakout_h13_lq40_b01_tp06_sl08,-1.500000000000091,-2.550000000000091,-3.2500000000000906,0,0,0,0,2.550000000000091,21.38000000000011,8.6099999999999,0.3716608594657207,10.230000000000018,0.6021505376344377,3.7600000000002183,4.050499999999966,0.436,1.0,,,13,4,12.0,2023
2024-01-03 13:00:00+00:00|-1.0|hr_london_breakout_h13_lq40_b01_tp06_sl08,2024-01-03 13:00:00+00:00,STAGE29A,data/reports/stage29a_high_range_regime_continuation_discovery/stage29a_exact_trades.csv,high_range_london_breakout_follow_v1,hr_london_breakout_h13_lq40_b01_tp06_sl08,-2.148400000000129,-3.1984000000001287,-3.898400000000128,0,0,0,1,3.1984000000001287,22.88000000000011,7.050000000000182,0.7333333333333247,13.200000000000273,0.7446969696969488,4.5,4.033500000000004,0.54,-1.0,,,13,2,1.0,2024
2024-02-01 13:00:00+00:00|-1.0|hr_london_breakout_h13_lq40_b01_tp06_sl08,2024-02-01 13:00:00+00:00,STAGE29A,data/reports/stage29a_high_range_regime_continuation_discovery/stage29a_exact_trades.csv,high_range_london_breakout_follow_v1,hr_london_breakout_h13_lq40_b01_tp06_sl08,0.9820000000001072,-0.0679999999998925,-0.7679999999998923,0,0,0,0,0.0679999999998925,25.1400000000001,10.269999999999754,0.559883154819877,15.329999999999927,0.8962818003913943,10.25,4.909499999999957,0.948,-1.0,,,13,3,2.0,2024
2024-03-01 13:00:00+00:00|1.0|hr_london_breakout_h13_lq40_b01_tp06_sl08,2024-03-01 13:00:00+00:00,STAGE29A,data/reports/stage29a_high_range_regime_continuation_discovery/stage29a_exact_trades.csv,high_range_london_breakout_follow_v1,hr_london_breakout_h13_lq40_b01_tp06_sl08,1.0048000000000683,-0.0451999999999315,-0.7451999999999313,0,0,0,0,0.0451999999999315,22.72999999999979,3.960000000000037,0.31565656565656275,16.0300000000002,0.5832813474734743,9.170000000000073,3.109500000000014,0.68,1.0,,,13,4,3.0,2024
2024-03-27 13:00:00+00:00|1.0|hr_london_breakout_h13_lq40_b01_tp06_sl08,2024-03-27 13:00:00+00:00,STAGE29A,data/reports/stage29a_high_range_regime_continuation_discovery/stage29a_exact_trades.csv,high_range_london_breakout_follow_v1,hr_london_breakout_h13_lq40_b01_tp06_sl08,1.5381999999998697,0.4881999999998698,-0.2118000000001298,1,0,1,0,0.4881999999998698,32.46000000000004,8.480000000000018,0.12264150943395771,18.800000000000185,0.8202127659574427,5.809999999999945,4.6720000000000255,0.6,1.0,,,13,2,3.0,2024
2024-04-05 13:00:00+00:00|1.0|hr_london_breakout_h13_lq40_b01_tp06_sl08,2024-04-05 13:00:00+00:00,STAGE29A,data/reports/stage29a_high_range_regime_continuation_discovery/stage29a_exact_trades.csv,high_range_london_breakout_follow_v1,hr_london_breakout_h13_lq40_b01_tp06_sl08,-3.218799999999737,-4.268799999999738,-4.968799999999737,0,0,0,1,4.268799999999738,25.519999999999985,25.579999999999927,0.5136825645035327,16.9699999999998,0.8461991750147494,6.940000000000055,7.961500000000001,0.856,1.0,,,13,4,4.0,2024
2024-05-02 13:00:00+00:00|-1.0|hr_london_breakout_h13_lq40_b01_tp06_sl08,2024-05-02 13:00:00+00:00,STAGE29A,data/reports/stage29a_high_range_regime_continuation_discovery/stage29a_exact_trades.csv,high_range_london_breakout_follow_v1,hr_london_breakout_h13_lq40_b01_tp06_sl08,-3.0288000000001376,-4.078800000000138,-4.778800000000137,0,0,0,1,4.078800000000138,46.82999999999993,9.070000000000164,0.1422271223814708,22.340000000000146,0.8012533572068028,6.7400000000002365,8.24950000000008,0.76,-1.0,,,13,3,5.0,2024
2024-05-22 13:00:00+00:00|1.0|hr_london_breakout_h13_lq40_b01_tp06_sl08,2024-05-22 13:00:00+00:00,STAGE29A,data/reports/stage29a_high_range_regime_continuation_discovery/stage29a_exact_trades.csv,high_range_london_breakout_follow_v1,hr_london_breakout_h13_lq40_b01_tp06_sl08,1.5138999999998304,0.4638999999998305,-0.2361000000001691,1,0,1,0,0.4638999999998305,27.610000000000127,13.980000000000018,0.5615164520744172,7.930000000000291,0.3947036569987382,3.5299999999997453,5.077499999999918,0.304,1.0,,,13,2,5.0,2024
2024-06-07 13:00:00+00:00|-1.0|hr_london_breakout_h13_lq40_b01_tp06_sl08,2024-06-07 13:00:00+00:00,STAGE29A,data/reports/stage29a_high_range_regime_continuation_discovery/stage29a_exact_trades.csv,high_range_london_breakout_follow_v1,hr_london_breakout_h13_lq40_b01_tp06_sl08,2.954200000000037,1.9042000000000368,1.2042000000000377,1,1,1,0,1.9042000000000368,25.20999999999958,12.600000000000364,0.24920634920633192,50.42000000000007,0.8131693772312563,10.519999999999982,7.641499999999996,0.988,-1.0,,,13,4,6.0,2024
2024-06-14 13:00:00+00:00|1.0|hr_london_breakout_h13_lq40_b01_tp06_sl08,2024-06-14 13:00:00+00:00,STAGE29A,data/reports/stage29a_high_range_regime_continuation_discovery/stage29a_exact_trades.csv,high_range_london_breakout_follow_v1,hr_london_breakout_h13_lq40_b01_tp06_sl08,-2.7876000000002024,-3.837600000000202,-4.537600000000202,0,0,0,1,3.837600000000202,31.15999999999985,7.050000000000182,0.35886524822690496,19.139999999999876,0.8949843260188204,7.5300000000002,5.026000000000022,0.196,1.0,,,13,4,6.0,2024
2024-06-25 13:00:00+00:00|1.0|hr_london_breakout_h13_lq40_b01_tp06_sl08,2024-06-25 13:00:00+00:00,STAGE29A,data/reports/stage29a_high_range_regime_continuation_discovery/stage29a_exact_trades.csv,high_range_london_breakout_follow_v1,hr_london_breakout_h13_lq40_b01_tp06_sl08,-2.359599999999864,-3.409599999999864,-4.109599999999864,0,0,0,1,3.409599999999864,17.15000000000009,11.150000000000093,0.6852017937219969,11.319999999999707,0.7915194346289989,4.769999999999982,4.180999999999949,0.152,1.0,,,13,1,6.0,2024
2024-06-27 13:00:00+00:00|1.0|hr_london_breakout_h13_lq40_b01_tp06_sl08,2024-06-27 13:00:00+00:00,STAGE29A,data/reports/stage29a_high_range_regime_continuation_discovery/stage29a_exact_trades.csv,high_range_london_breakout_follow_v1,hr_london_breakout_h13_lq40_b01_tp06_sl08,1.189900000000216,0.1399000000002161,-0.5600999999997835,1,0,0,0,0.1399000000002161,30.350000000000364,3.3899999999998727,0.22123893805310565,17.429999999999836,0.7917383820998457,6.599999999999909,3.5849999999999453,0.072,1.0,,,13,3,6.0,2024
2024-07-02 13:00:00+00:00|-1.0|hr_london_breakout_h13_lq40_b01_tp06_sl08,2024-07-02 13:00:00+00:00,STAGE29A,data/reports/stage29a_high_range_regime_continuation_discovery/stage29a_exact_trades.csv,high_range_london_breakout_follow_v1,hr_london_breakout_h13_lq40_b01_tp06_sl08,-2.3624000000000707,-3.4124000000000705,-4.11240000000007,0,0,0,1,3.4124000000000705,20.0,8.61999999999989,0.6705336426913943,9.099999999999907,0.1329670329670383,7.779999999999745,4.302500000000032,0.236,-1.0,,,13,1,7.0,2024
2024-07-18 13:00:00+00:00|-1.0|hr_london_breakout_h13_lq40_b01_tp06_sl08,2024-07-18 13:00:00+00:00,STAGE29A,data/reports/stage29a_high_range_regime_continuation_discovery/stage29a_exact_trades.csv,high_range_london_breakout_follow_v1,hr_london_breakout_h13_lq40_b01_tp06_sl08,1.2031000000000858,0.1531000000000859,-0.5468999999999138,1,0,1,0,0.1531000000000859,32.25999999999976,11.519999999999982,0.7647569444444409,10.329999999999927,0.23523717328168958,3.099999999999909,6.02800000000002,0.692,-1.0,,,13,3,7.0,2024
2024-07-19 13:00:00+00:00|-1.0|hr_london_breakout_h13_lq40_b01_tp06_sl08,2024-07-19 13:00:00+00:00,STAGE29A,data/reports/stage29a_high_range_regime_continuation_discovery/stage29a_exact_trades.csv,high_range_london_breakout_follow_v1,hr_london_breakout_h13_lq40_b01_tp06_sl08,-3.643999999999869,-4.693999999999869,-5.393999999999869,0,0,0,1,4.693999999999869,34.84999999999991,24.67999999999984,0.6288492706645091,16.5,0.7678787878787923,6.269999999999982,7.066999999999939,0.872,-1.0,,,13,4,7.0,2024
2024-08-06 13:00:00+00:00|1.0|hr_london_breakout_h13_lq40_b01_tp06_sl08,2024-08-06 13:00:00+00:00,STAGE29A,data/reports/stage29a_high_range_regime_continuation_discovery/stage29a_exact_trades.csv,high_range_london_breakout_follow_v1,hr_london_breakout_h13_lq40_b01_tp06_sl08,-4.258800000000155,-5.308800000000156,-6.008800000000155,0,0,0,1,5.308800000000156,94.65999999999984,13.960000000000036,0.005014326647576184,20.72000000000025,0.20945945945944197,5.320000000000164,8.264500000000089,0.744,1.0,,,13,1,8.0,2024
2024-08-16 13:00:00+00:00|1.0|hr_london_breakout_h13_lq40_b01_tp06_sl08,2024-08-16 13:00:00+00:00,STAGE29A,data/reports/stage29a_high_range_regime_continuation_discovery/stage29a_exact_trades.csv,high_range_london_breakout_follow_v1,hr_london_breakout_h13_lq40_b01_tp06_sl08,-2.4368000000000394,-3.486800000000039,-4.186800000000039,0,0,0,1,3.486800000000039,37.90000000000009,9.2199999999998,0.26030368763559036,13.390000000000327,0.8110530246452473,3.0700000000001637,4.9780000000000655,0.04,1.0,,,13,4,8.0,2024
2024-10-01 13:00:00+00:00|1.0|hr_london_breakout_h13_lq40_b01_tp06_sl08,2024-10-01 13:00:00+00:00,STAGE29A,data/reports/stage29a_high_range_regime_continuation_discovery/stage29a_exact_trades.csv,high_range_london_breakout_follow_v1,hr_london_breakout_h13_lq40_b01_tp06_sl08,0.991899999999896,-0.0581000000001039,-0.7581000000001037,0,0,0,0,0.0581000000001039,41.48000000000002,7.730000000000018,0.3842173350582468,11.840000000000146,0.9045608108108028,3.9400000000000546,4.787000000000035,0.108,1.0,,,13,1,10.0,2024
2025-02-21 13:00:00+00:00|1.0|hr_london_breakout_h13_lq40_b01_tp06_sl08,2025-02-21 13:00:00+00:00,STAGE29A,data/reports/stage29a_high_range_regime_continuation_discovery/stage29a_exact_trades.csv,high_range_london_breakout_follow_v1,hr_london_breakout_h13_lq40_b01_tp06_sl08,-3.05719999999983,-4.10719999999983,-4.807199999999829,0,0,0,1,4.10719999999983,30.779999999999745,23.40000000000009,0.5564102564102534,17.309999999999945,0.11900635470825835,2.119999999999891,7.984000000000037,0.616,1.0,,,13,4,2.0,2025
2025-03-03 13:00:00+00:00|1.0|hr_london_breakout_h13_lq40_b01_tp06_sl08,2025-03-03 13:00:00+00:00,STAGE29A,data/reports/stage29a_high_range_regime_continuation_discovery/stage29a_exact_trades.csv,high_range_london_breakout_follow_v1,hr_london_breakout_h13_lq40_b01_tp06_sl08,-3.1520000000001347,-4.202000000000135,-4.902000000000134,0,0,0,1,4.202000000000135,21.38000000000011,21.38000000000011,0.1585594013096284,14.730000000000018,0.30414120841819503,6.349999999999909,8.26199999999999,0.612,1.0,,,13,0,3.0,2025
2025-04-03 13:00:00+00:00|-1.0|hr_london_breakout_h13_lq40_b01_tp06_sl08,2025-04-03 13:00:00+00:00,STAGE29A,data/reports/stage29a_high_range_regime_continuation_discovery/stage29a_exact_trades.csv,high_range_london_breakout_follow_v1,hr_london_breakout_h13_lq40_b01_tp06_sl08,3.6283000000002175,2.5783000000002176,1.878300000000218,1,1,1,0,2.5783000000002176,41.36000000000013,45.86000000000013,0.04513737461839737,33.409999999999854,0.7934750074827995,8.0,14.06049999999998,0.968,-1.0,,,13,3,4.0,2025
2025-04-11 13:00:00+00:00|1.0|hr_london_breakout_h13_lq40_b01_tp06_sl08,2025-04-11 13:00:00+00:00,STAGE29A,data/reports/stage29a_high_range_regime_continuation_discovery/stage29a_exact_trades.csv,high_range_london_breakout_follow_v1,hr_london_breakout_h13_lq40_b01_tp06_sl08,-9.197600000000056,-10.247600000000055,-10.947600000000056,0,0,0,1,10.247600000000055,117.48000000000002,44.58999999999969,0.6503700381251447,42.96000000000004,0.23114525139664405,18.049999999999727,16.929500000000008,0.704,1.0,,,13,4,4.0,2025
2025-04-30 13:00:00+00:00|-1.0|hr_london_breakout_h13_lq40_b01_tp06_sl08,2025-04-30 13:00:00+00:00,STAGE29A,data/reports/stage29a_high_range_regime_continuation_discovery/stage29a_exact_trades.csv,high_range_london_breakout_follow_v1,hr_london_breakout_h13_lq40_b01_tp06_sl08,-5.489999999999872,-6.539999999999873,-7.239999999999872,0,0,0,1,6.539999999999873,48.690000000000055,24.269999999999985,0.5937371240214201,39.57999999999993,0.7271349166245528,11.799999999999727,11.332499999999936,0.14,-1.0,,,13,2,4.0,2025
2025-05-01 13:00:00+00:00|-1.0|hr_london_breakout_h13_lq40_b01_tp06_sl08,2025-05-01 13:00:00+00:00,STAGE29A,data/reports/stage29a_high_range_regime_continuation_discovery/stage29a_exact_trades.csv,high_range_london_breakout_follow_v1,hr_london_breakout_h13_lq40_b01_tp06_sl08,-5.024399999999877,-6.074399999999878,-6.774399999999877,0,0,0,1,6.074399999999878,60.86999999999989,61.15000000000009,0.7282093213409596,27.449999999999815,0.39744990892533266,20.409999999999854,14.614999999999963,0.46,-1.0,,,13,3,5.0,2025
2025-05-15 13:00:00+00:00|1.0|hr_london_breakout_h13_lq40_b01_tp06_sl08,2025-05-15 13:00:00+00:00,STAGE29A,data/reports/stage29a_high_range_regime_continuation_discovery/stage29a_exact_trades.csv,high_range_london_breakout_follow_v1,hr_london_breakout_h13_lq40_b01_tp06_sl08,-7.880799999999999,-8.9308,-9.6308,0,0,0,1,8.9308,88.99000000000024,44.32000000000016,0.7274368231046958,50.940000000000055,0.290341578327443,12.239999999999782,14.491500000000087,0.548,1.0,,,13,3,5.0,2025
2025-06-05 13:00:00+00:00|1.0|hr_london_breakout_h13_lq40_b01_tp06_sl08,2025-06-05 13:00:00+00:00,STAGE29A,data/reports/stage29a_high_range_regime_continuation_discovery/stage29a_exact_trades.csv,high_range_london_breakout_follow_v1,hr_london_breakout_h13_lq40_b01_tp06_sl08,2.480500000000029,1.4305000000000292,0.7305000000000295,1,1,1,0,1.4305000000000292,40.88999999999987,15.769999999999982,0.24413443246670347,30.279999999999745,0.6647952443857423,17.199999999999818,9.147000000000002,0.148,1.0,,,13,3,6.0,2025
2025-07-02 13:00:00+00:00|1.0|hr_london_breakout_h13_lq40_b01_tp06_sl08,2025-07-02 13:00:00+00:00,STAGE29A,data/reports/stage29a_high_range_regime_continuation_discovery/stage29a_exact_trades.csv,high_range_london_breakout_follow_v1,hr_london_breakout_h13_lq40_b01_tp06_sl08,1.9432000000000695,0.8932000000000699,0.1932000000000702,1,1,1,0,0.8932000000000699,55.48999999999978,16.179999999999836,0.10074165636589157,16.269999999999982,0.10571604179472997,9.11999999999989,6.954499999999984,0.056,1.0,,,13,2,7.0,2025
2025-08-05 13:00:00+00:00|-1.0|hr_london_breakout_h13_lq40_b01_tp06_sl08,2025-08-05 13:00:00+00:00,STAGE29A,data/reports/stage29a_high_range_regime_continuation_discovery/stage29a_exact_trades.csv,high_range_london_breakout_follow_v1,hr_london_breakout_h13_lq40_b01_tp06_sl08,-3.2783999999997837,-4.328399999999784,-5.028399999999783,0,0,0,1,4.328399999999784,40.25999999999976,10.429999999999836,0.2550335570470135,16.519999999999982,0.7481840193704686,7.330000000000382,5.739000000000033,0.016,-1.0,,,13,1,8.0,2025
2025-09-04 13:00:00+00:00|1.0|hr_london_breakout_h13_lq40_b01_tp06_sl08,2025-09-04 13:00:00+00:00,STAGE29A,data/reports/stage29a_high_range_regime_continuation_discovery/stage29a_exact_trades.csv,high_range_london_breakout_follow_v1,hr_london_breakout_h13_lq40_b01_tp06_sl08,-4.493999999999778,-5.543999999999778,-6.243999999999778,0,0,0,1,5.543999999999778,52.10999999999967,52.7800000000002,0.6220159151193596,20.90000000000009,0.44928229665073144,8.169999999999618,11.038500000000045,0.94,1.0,,,13,3,9.0,2025
2025-09-17 13:00:00+00:00|-1.0|hr_london_breakout_h13_lq40_b01_tp06_sl08,2025-09-17 13:00:00+00:00,STAGE29A,data/reports/stage29a_high_range_regime_continuation_discovery/stage29a_exact_trades.csv,high_range_london_breakout_follow_v1,hr_london_breakout_h13_lq40_b01_tp06_sl08,-4.066800000000148,-5.116800000000149,-5.816800000000148,0,0,0,1,5.116800000000149,28.450000000000276,21.039999999999964,0.4857414448669115,23.46000000000004,0.5920716112531906,7.080000000000382,6.962500000000023,0.112,-1.0,,,13,2,9.0,2025
2025-10-27 13:00:00+00:00|-1.0|hr_london_breakout_h13_lq40_b01_tp06_sl08,2025-10-27 13:00:00+00:00,STAGE29A,data/reports/stage29a_high_range_regime_continuation_discovery/stage29a_exact_trades.csv,high_range_london_breakout_follow_v1,hr_london_breakout_h13_lq40_b01_tp06_sl08,-9.297599999999964,-10.347599999999966,-11.047599999999964,0,0,0,1,10.347599999999966,47.21000000000004,55.55000000000018,0.6064806480648136,60.00999999999976,0.5222462922846237,18.759999999999764,22.817499999999974,0.476,-1.0,,,13,0,10.0,2025
2025-11-14 13:00:00+00:00|-1.0|hr_london_breakout_h13_lq40_b01_tp06_sl08,2025-11-14 13:00:00+00:00,STAGE29A,data/reports/stage29a_high_range_regime_continuation_discovery/stage29a_exact_trades.csv,high_range_london_breakout_follow_v1,hr_london_breakout_h13_lq40_b01_tp06_sl08,-8.411999999999898,-9.461999999999898,-10.161999999999898,0,0,0,1,9.461999999999898,100.11999999999988,41.19999999999982,0.4191747572815438,44.849999999999454,0.7906354515050271,11.11999999999989,18.576999999999863,0.792,-1.0,,,13,4,11.0,2025
2025-12-04 13:00:00+00:00|1.0|hr_london_breakout_h13_lq40_b01_tp06_sl08,2025-12-04 13:00:00+00:00,STAGE29A,data/reports/stage29a_high_range_regime_continuation_discovery/stage29a_exact_trades.csv,high_range_london_breakout_follow_v1,hr_london_breakout_h13_lq40_b01_tp06_sl08,-4.829199999999764,-5.879199999999765,-6.579199999999764,0,0,0,1,5.879199999999765,46.89000000000033,29.47000000000025,0.34747200542923967,27.340000000000146,0.009509875640095717,6.0,13.181500000000005,0.212,1.0,,,13,3,12.0,2025
2025-12-12 13:00:00+00:00|1.0|hr_london_breakout_h13_lq40_b01_tp06_sl08,2025-12-12 13:00:00+00:00,STAGE29A,data/reports/stage29a_high_range_regime_continuation_discovery/stage29a_exact_trades.csv,high_range_london_breakout_follow_v1,hr_london_breakout_h13_lq40_b01_tp06_sl08,-5.575999999999658,-6.625999999999658,-7.325999999999658,0,0,0,1,6.625999999999658,81.61000000000058,18.800000000000185,0.5281914893616642,64.73999999999978,0.9800741427247597,16.06999999999971,13.740999999999985,0.576,1.0,,,13,4,12.0,2025
2026-02-02 13:00:00+00:00|1.0|hr_london_breakout_h13_lq40_b01_tp06_sl08,2026-02-02 13:00:00+00:00,STAGE29A,data/reports/stage29a_high_range_regime_continuation_discovery/stage29a_exact_trades.csv,high_range_london_breakout_follow_v1,hr_london_breakout_h13_lq40_b01_tp06_sl08,-45.57800000000007,-46.628000000000064,-47.32800000000007,0,0,0,1,46.628000000000064,168.01999999999953,300.52999999999975,0.20949655608425147,330.25,0.07887963663891047,76.39999999999964,133.36349999999976,0.992,1.0,,,13,0,2.0,2026
2026-02-25 13:00:00+00:00|-1.0|hr_london_breakout_h13_lq40_b01_tp06_sl08,2026-02-25 13:00:00+00:00,STAGE29A,data/reports/stage29a_high_range_regime_continuation_discovery/stage29a_exact_trades.csv,high_range_london_breakout_follow_v1,hr_london_breakout_h13_lq40_b01_tp06_sl08,-6.722800000000097,-7.772800000000098,-8.472800000000097,0,0,0,1,7.772800000000098,155.44999999999982,71.0,0.506197183098586,40.40000000000055,0.19306930693069496,25.0,22.19850000000006,0.336,-1.0,,,13,2,2.0,2026
2026-03-03 13:00:00+00:00|-1.0|hr_london_breakout_h13_lq40_b01_tp06_sl08,2026-03-03 13:00:00+00:00,STAGE29A,data/reports/stage29a_high_range_regime_continuation_discovery/stage29a_exact_trades.csv,high_range_london_breakout_follow_v1,hr_london_breakout_h13_lq40_b01_tp06_sl08,-21.54840000000022,-22.59840000000022,-23.29840000000022,0,0,0,1,22.59840000000022,158.2599999999993,50.46000000000004,0.2964724534284587,140.09999999999943,0.804354032833697,49.88000000000011,34.52399999999993,0.972,-1.0,,,13,1,3.0,2026
2026-03-27 13:00:00+00:00|-1.0|hr_london_breakout_h13_lq40_b01_tp06_sl08,2026-03-27 13:00:00+00:00,STAGE29A,data/reports/stage29a_high_range_regime_continuation_discovery/stage29a_exact_trades.csv,high_range_london_breakout_follow_v1,hr_london_breakout_h13_lq40_b01_tp06_sl08,5.991999999999644,4.941999999999643,4.241999999999644,1,1,1,0,4.941999999999643,192.6600000000008,73.67999999999938,0.5563246471226945,64.27999999999975,0.48397635345363715,21.949999999999818,32.14149999999991,0.42,-1.0,,,13,4,3.0,2026
2026-04-23 13:00:00+00:00|-1.0|hr_london_breakout_h13_lq40_b01_tp06_sl08,2026-04-23 13:00:00+00:00,STAGE29A,data/reports/stage29a_high_range_regime_continuation_discovery/stage29a_exact_trades.csv,high_range_london_breakout_follow_v1,hr_london_breakout_h13_lq40_b01_tp06_sl08,-7.353999999999905,-8.403999999999906,-9.103999999999903,0,0,0,1,8.403999999999906,56.470000000000255,59.63000000000011,0.37078651685392644,31.92999999999938,0.19417475728155145,8.960000000000036,17.336999999999897,0.324,-1.0,,,13,3,4.0,2026
2026-05-20 13:00:00+00:00|1.0|hr_london_breakout_h13_lq40_b01_tp06_sl08,2026-05-20 13:00:00+00:00,STAGE29A,data/reports/stage29a_high_range_regime_continuation_discovery/stage29a_exact_trades.csv,high_range_london_breakout_follow_v1,hr_london_breakout_h13_lq40_b01_tp06_sl08,5.53420000000042,4.484200000000419,3.78420000000042,1,1,1,0,4.484200000000419,124.22000000000024,55.14000000000033,0.37413855640188587,34.54999999999927,0.6208393632416865,18.210000000000036,18.370500000000085,0.32,1.0,,,13,2,5.0,2026
2026-06-10 13:00:00+00:00|-1.0|hr_london_breakout_h13_lq40_b01_tp06_sl08,2026-06-10 13:00:00+00:00,STAGE29A,data/reports/stage29a_high_range_regime_continuation_discovery/stage29a_exact_trades.csv,high_range_london_breakout_follow_v1,hr_london_breakout_h13_lq40_b01_tp06_sl08,-10.11640000000043,-11.166400000000433,-11.86640000000043,0,0,0,1,11.166400000000433,126.54999999999929,84.05999999999949,0.8455864858434494,60.32999999999993,0.2671970827117505,16.359999999999673,26.670499999999993,0.992,-1.0,,,13,2,6.0,2026
2022-07-28 13:00:00+00:00|1.0|hr_asia_london_align_h13_lq35_aq35_tp06_sl065,2022-07-28 13:00:00+00:00,STAGE29A,data/reports/stage29a_high_range_regime_continuation_discovery/stage29a_exact_trades.csv,high_range_asia_london_alignment_v1,hr_asia_london_align_h13_lq35_aq35_tp06_sl065,-1.933075000000008,-2.983075000000008,-3.683075000000008,0,0,0,0,2.983075000000008,28.66000000000008,7.730000000000018,0.18111254851230113,13.089999999999918,0.32773109243697407,6.100000000000136,4.770500000000004,0.708,1.0,,,13,3,7.0,2022
2022-08-15 13:00:00+00:00|-1.0|hr_asia_london_align_h13_lq35_aq35_tp06_sl065,2022-08-15 13:00:00+00:00,STAGE29A,data/reports/stage29a_high_range_regime_continuation_discovery/stage29a_exact_trades.csv,high_range_asia_london_alignment_v1,hr_asia_london_align_h13_lq35_aq35_tp06_sl065,-1.6903000000000703,-2.74030000000007,-3.44030000000007,0,0,0,0,2.74030000000007,2.5799999999999272,8.339999999999918,0.5851318944844313,17.659999999999854,0.8969422423556086,6.709999999999809,3.6345000000000027,0.24,-1.0,,,13,0,8.0,2022
2022-08-30 13:00:00+00:00|-1.0|hr_asia_london_align_h13_lq35_aq35_tp06_sl065,2022-08-30 13:00:00+00:00,STAGE29A,data/reports/stage29a_high_range_regime_continuation_discovery/stage29a_exact_trades.csv,high_range_asia_london_alignment_v1,hr_asia_london_align_h13_lq35_aq35_tp06_sl065,-1.7689499999999954,-2.818949999999995,-3.518949999999995,0,0,0,0,2.818949999999995,25.17999999999984,6.619999999999891,0.38670694864051586,8.840000000000146,0.07352941176468925,3.310000000000173,3.280000000000007,0.292,-1.0,,,13,1,8.0,2022
2022-09-09 13:00:00+00:00|1.0|hr_asia_london_align_h13_lq35_aq35_tp06_sl065,2022-09-09 13:00:00+00:00,STAGE29A,data/reports/stage29a_high_range_regime_continuation_discovery/stage29a_exact_trades.csv,high_range_asia_london_alignment_v1,hr_asia_london_align_h13_lq35_aq35_tp06_sl065,0.9864999999998872,-0.0635000000001126,-0.7635000000001124,0,0,0,0,0.0635000000001126,24.13000000000011,12.230000000000018,0.821749795584623,11.269999999999982,0.7080745341614935,3.6900000000000546,3.5004999999999997,0.264,1.0,,,13,4,9.0,2022
2022-09-19 13:00:00+00:00|-1.0|hr_asia_london_align_h13_lq35_aq35_tp06_sl065,2022-09-19 13:00:00+00:00,STAGE29A,data/reports/stage29a_high_range_regime_continuation_discovery/stage29a_exact_trades.csv,high_range_asia_london_alignment_v1,hr_asia_london_align_h13_lq35_aq35_tp06_sl065,-1.8128250000000663,-2.862825000000066,-3.562825000000066,0,0,0,0,2.862825000000066,4.819999999999936,11.710000000000036,0.7856532877882166,10.049999999999956,0.5353233830845677,2.759999999999991,4.4565000000000055,0.692,-1.0,,,13,0,9.0,2022
2022-09-23 13:00:00+00:00|-1.0|hr_asia_london_align_h13_lq35_aq35_tp06_sl065,2022-09-23 13:00:00+00:00,STAGE29A,data/reports/stage29a_high_range_regime_continuation_discovery/stage29a_exact_trades.csv,high_range_asia_london_alignment_v1,hr_asia_london_align_h13_lq35_aq35_tp06_sl065,1.2669999999999615,0.2169999999999619,-0.4830000000000378,1,0,1,0,0.2169999999999619,29.309999999999945,7.279999999999973,0.2967032967033091,21.38000000000011,0.5673526660430225,10.400000000000091,3.988000000000011,0.42,-1.0,,,13,4,9.0,2022
2022-09-27 13:00:00+00:00|1.0|hr_asia_london_align_h13_lq35_aq35_tp06_sl065,2022-09-27 13:00:00+00:00,STAGE29A,data/reports/stage29a_high_range_regime_continuation_discovery/stage29a_exact_trades.csv,high_range_asia_london_alignment_v1,hr_asia_london_align_h13_lq35_aq35_tp06_sl065,-1.988650000000098,-3.0386500000000978,-3.7386500000000975,0,0,0,0,3.0386500000000978,28.61999999999989,10.209999999999807,0.36924583741430483,9.63000000000011,0.1921079958463256,4.690000000000055,4.840999999999974,0.476,1.0,,,13,1,9.0,2022
2022-10-05 13:00:00+00:00|-1.0|hr_asia_london_align_h13_lq35_aq35_tp06_sl065,2022-10-05 13:00:00+00:00,STAGE29A,data/reports/stage29a_high_range_regime_continuation_discovery/stage29a_exact_trades.csv,high_range_asia_london_alignment_v1,hr_asia_london_align_h13_lq35_aq35_tp06_sl065,-2.4095249999998942,-3.459524999999894,-4.159524999999894,0,0,0,1,3.459524999999894,34.200000000000045,8.230000000000018,0.7095990279465255,21.699999999999815,0.5949308755760456,9.069999999999936,5.20849999999997,0.464,-1.0,,,13,2,10.0,2022
2022-10-10 13:00:00+00:00|-1.0|hr_asia_london_align_h13_lq35_aq35_tp06_sl065,2022-10-10 13:00:00+00:00,STAGE29A,data/reports/stage29a_high_range_regime_continuation_discovery/stage29a_exact_trades.csv,high_range_asia_london_alignment_v1,hr_asia_london_align_h13_lq35_aq35_tp06_sl065,1.298200000000088,0.2482000000000881,-0.4517999999999116,1,0,1,0,0.2482000000000881,4.789999999999964,12.700000000000044,0.6787401574803039,11.519999999999982,0.7282986111111209,6.5,4.689999999999964,0.344,-1.0,,,13,0,10.0,2022
2022-10-17 13:00:00+00:00|1.0|hr_asia_london_align_h13_lq35_aq35_tp06_sl065,2022-10-17 13:00:00+00:00,STAGE29A,data/reports/stage29a_high_range_regime_continuation_discovery/stage29a_exact_trades.csv,high_range_asia_london_alignment_v1,hr_asia_london_align_h13_lq35_aq35_tp06_sl065,-1.904800000000114,-2.954800000000114,-3.6548000000001135,0,0,0,0,2.954800000000114,4.039999999999964,9.529999999999973,0.4952780692549885,9.61999999999989,0.7079002079002102,3.3799999999998818,4.3639999999999874,0.228,1.0,,,13,0,10.0,2022
2022-10-24 13:00:00+00:00|-1.0|hr_asia_london_align_h13_lq35_aq35_tp06_sl065,2022-10-24 13:00:00+00:00,STAGE29A,data/reports/stage29a_high_range_regime_continuation_discovery/stage29a_exact_trades.csv,high_range_asia_london_alignment_v1,hr_asia_london_align_h13_lq35_aq35_tp06_sl065,1.3003000000000156,0.2503000000000157,-0.449699999999984,1,0,1,0,0.2503000000000157,5.759999999999991,18.470000000000027,0.2793719545208363,14.289999999999964,0.33519944016794795,4.5499999999999545,6.571999999999991,0.896,-1.0,,,13,0,10.0,2022
2022-10-25 13:00:00+00:00|-1.0|hr_asia_london_align_h13_lq35_aq35_tp06_sl065,2022-10-25 13:00:00+00:00,STAGE29A,data/reports/stage29a_high_range_regime_continuation_discovery/stage29a_exact_trades.csv,high_range_asia_london_alignment_v1,hr_asia_london_align_h13_lq35_aq35_tp06_sl065,-1.7088250000000245,-2.7588250000000243,-3.458825000000024,0,0,0,0,2.7588250000000243,26.539999999999964,7.680000000000064,0.032552083333333065,13.129999999999882,0.885757806549902,4.970000000000027,3.6740000000000235,0.06,-1.0,,,13,1,10.0,2022
2022-11-01 13:00:00+00:00|1.0|hr_asia_london_align_h13_lq35_aq35_tp06_sl065,2022-11-01 13:00:00+00:00,STAGE29A,data/reports/stage29a_high_range_regime_continuation_discovery/stage29a_exact_trades.csv,high_range_asia_london_alignment_v1,hr_asia_london_align_h13_lq35_aq35_tp06_sl065,-1.973375000000124,-3.023375000000124,-3.7233750000001233,0,0,0,0,3.023375000000124,13.779999999999973,9.440000000000056,0.5889830508474484,15.150000000000093,0.8686468646864538,2.990000000000009,3.5405000000000313,0.048,1.0,,,13,1,11.0,2022
2022-11-04 13:00:00+00:00|1.0|hr_asia_london_align_h13_lq35_aq35_tp06_sl065,2022-11-04 13:00:00+00:00,STAGE29A,data/reports/stage29a_high_range_regime_continuation_discovery/stage29a_exact_trades.csv,high_range_asia_london_alignment_v1,hr_asia_london_align_h13_lq35_aq35_tp06_sl065,-2.095574999999917,-3.145574999999917,-3.8455749999999167,0,0,0,1,3.145574999999917,24.37999999999988,18.419999999999845,0.9799131378935997,8.700000000000045,0.3218390804597632,6.6099999999999,3.9944999999999937,0.284,1.0,,,13,4,11.0,2022
2022-11-14 13:00:00+00:00|-1.0|hr_asia_london_align_h13_lq35_aq35_tp06_sl065,2022-11-14 13:00:00+00:00,STAGE29A,data/reports/stage29a_high_range_regime_continuation_discovery/stage29a_exact_trades.csv,high_range_asia_london_alignment_v1,hr_asia_london_align_h13_lq35_aq35_tp06_sl065,-2.062099999999964,-3.112099999999964,-3.812099999999964,0,0,0,1,3.112099999999964,5.449999999999818,7.4099999999998545,0.29689608636975184,11.839999999999918,0.317567567567569,3.939999999999827,4.200499999999988,0.328,-1.0,,,13,0,11.0,2022
2022-11-21 13:00:00+00:00|-1.0|hr_asia_london_align_h13_lq35_aq35_tp06_sl065,2022-11-21 13:00:00+00:00,STAGE29A,data/reports/stage29a_high_range_regime_continuation_discovery/stage29a_exact_trades.csv,high_range_asia_london_alignment_v1,hr_asia_london_align_h13_lq35_aq35_tp06_sl065,0.9537999999999102,-0.0962000000000897,-0.7962000000000895,0,0,0,0,0.0962000000000897,3.1299999999998818,9.099999999999907,0.6912087912087941,10.190000000000056,0.4249263984298461,4.120000000000118,3.794500000000016,0.152,-1.0,,,13,0,11.0,2022
2022-11-28 13:00:00+00:00|1.0|hr_asia_london_align_h13_lq35_aq35_tp06_sl065,2022-11-28 13:00:00+00:00,STAGE29A,data/reports/stage29a_high_range_regime_continuation_discovery/stage29a_exact_trades.csv,high_range_asia_london_alignment_v1,hr_asia_london_align_h13_lq35_aq35_tp06_sl065,-1.873924999999963,-2.923924999999963,-3.6239249999999625,0,0,0,0,2.923924999999963,5.539999999999964,9.789999999999964,0.06230847803880513,15.220000000000027,0.6005256241787177,3.259999999999991,4.301499999999976,0.632,1.0,,,13,0,11.0,2022
2022-11-30 13:00:00+00:00|1.0|hr_asia_london_align_h13_lq35_aq35_tp06_sl065,2022-11-30 13:00:00+00:00,STAGE29A,data/reports/stage29a_high_range_regime_continuation_discovery/stage29a_exact_trades.csv,high_range_asia_london_alignment_v1,hr_asia_london_align_h13_lq35_aq35_tp06_sl065,0.7779999999999291,-0.2720000000000708,-0.9720000000000706,0,0,0,0,0.2720000000000708,19.48999999999978,7.899999999999864,0.6734177215190197,10.210000000000036,0.4338883447600216,4.7000000000000455,3.161500000000001,0.132,1.0,,,13,2,11.0,2022
2022-12-16 13:00:00+00:00|1.0|hr_asia_london_align_h13_lq35_aq35_tp06_sl065,2022-12-16 13:00:00+00:00,STAGE29A,data/reports/stage29a_high_range_regime_continuation_discovery/stage29a_exact_trades.csv,high_range_asia_london_alignment_v1,hr_asia_london_align_h13_lq35_aq35_tp06_sl065,-1.989949999999999,-3.039949999999999,-3.739949999999999,0,0,0,0,3.039949999999999,34.799999999999955,8.639999999999873,0.2685185185185414,10.599999999999907,0.1849056603773635,3.9300000000000637,3.8604999999999903,0.368,1.0,,,13,4,12.0,2022
2022-12-20 13:00:00+00:00|1.0|hr_asia_london_align_h13_lq35_aq35_tp06_sl065,2022-12-20 13:00:00+00:00,STAGE29A,data/reports/stage29a_high_range_regime_continuation_discovery/stage29a_exact_trades.csv,high_range_asia_london_alignment_v1,hr_asia_london_align_h13_lq35_aq35_tp06_sl065,-2.0152999999998884,-3.065299999999888,-3.765299999999888,0,0,0,1,3.065299999999888,15.0,11.589999999999918,0.2683347713546289,20.91000000000008,0.7723577235772371,2.599999999999909,4.288999999999999,0.6,1.0,,,13,1,12.0,2022
2023-01-04 13:00:00+00:00|1.0|hr_asia_london_align_h13_lq35_aq35_tp06_sl065,2023-01-04 13:00:00+00:00,STAGE29A,data/reports/stage29a_high_range_regime_continuation_discovery/stage29a_exact_trades.csv,high_range_asia_london_alignment_v1,hr_asia_london_align_h13_lq35_aq35_tp06_sl065,-2.2271999999999026,-3.2771999999999024,-3.977199999999902,0,0,0,1,3.2771999999999024,26.21000000000004,12.019999999999982,0.8460898502495914,20.41000000000008,0.5982361587457122,3.9200000000000728,4.726000000000011,0.76,1.0,,,13,2,1.0,2023
2023-01-26 13:00:00+00:00|-1.0|hr_asia_london_align_h13_lq35_aq35_tp06_sl065,2023-01-26 13:00:00+00:00,STAGE29A,data/reports/stage29a_high_range_regime_continuation_discovery/stage29a_exact_trades.csv,high_range_asia_london_alignment_v1,hr_asia_london_align_h13_lq35_aq35_tp06_sl065,1.187800000000061,0.1378000000000612,-0.5621999999999385,1,0,0,0,0.1378000000000612,28.65999999999985,6.610000000000127,0.2632375189107376,15.129999999999882,0.6549900859220198,2.0299999999999727,4.674000000000001,0.468,-1.0,,,13,3,1.0,2023
2023-01-31 13:00:00+00:00|-1.0|hr_asia_london_align_h13_lq35_aq35_tp06_sl065,2023-01-31 13:00:00+00:00,STAGE29A,data/reports/stage29a_high_range_regime_continuation_discovery/stage29a_exact_trades.csv,high_range_asia_london_alignment_v1,hr_asia_london_align_h13_lq35_aq35_tp06_sl065,1.0702000000000225,0.0202000000000226,-0.6797999999999771,1,0,0,0,0.0202000000000226,13.839999999999918,8.539999999999964,0.2412177985948424,19.180000000000064,0.7987486965589214,3.8500000000001364,3.6990000000000123,0.06,-1.0,,,13,1,1.0,2023
2023-02-08 13:00:00+00:00|1.0|hr_asia_london_align_h13_lq35_aq35_tp06_sl065,2023-02-08 13:00:00+00:00,STAGE29A,data/reports/stage29a_high_range_regime_continuation_discovery/stage29a_exact_trades.csv,high_range_asia_london_alignment_v1,hr_asia_london_align_h13_lq35_aq35_tp06_sl065,1.4019999999999526,0.3519999999999528,-0.3480000000000469,1,0,1,0,0.3519999999999528,19.3599999999999,7.039999999999964,0.6022727272727316,13.2199999999998,0.2798789712556809,7.430000000000064,6.410499999999968,0.864,1.0,,,13,2,2.0,2023
2023-02-15 13:00:00+00:00|-1.0|hr_asia_london_align_h13_lq35_aq35_tp06_sl065,2023-02-15 13:00:00+00:00,STAGE29A,data/reports/stage29a_high_range_regime_continuation_discovery/stage29a_exact_trades.csv,high_range_asia_london_alignment_v1,hr_asia_london_align_h13_lq35_aq35_tp06_sl065,-2.3481000000000223,-3.398100000000022,-4.098100000000022,0,0,0,1,3.398100000000022,27.169999999999845,13.559999999999944,0.5243362831858355,16.019999999999982,0.7771535580524381,3.9500000000000455,5.293000000000006,0.48,-1.0,,,13,2,2.0,2023
2023-02-17 13:00:00+00:00|-1.0|hr_asia_london_align_h13_lq35_aq35_tp06_sl065,2023-02-17 13:00:00+00:00,STAGE29A,data/reports/stage29a_high_range_regime_continuation_discovery/stage29a_exact_trades.csv,high_range_asia_london_alignment_v1,hr_asia_london_align_h13_lq35_aq35_tp06_sl065,-2.1505000000000565,-3.2005000000000563,-3.900500000000056,0,0,0,1,3.2005000000000563,17.670000000000073,12.660000000000082,0.5979462875197383,9.319999999999936,0.3508583690987129,3.509999999999991,4.853499999999997,0.416,-1.0,,,13,4,2.0,2023
2023-02-21 13:00:00+00:00|-1.0|hr_asia_london_align_h13_lq35_aq35_tp06_sl065,2023-02-21 13:00:00+00:00,STAGE29A,data/reports/stage29a_high_range_regime_continuation_discovery/stage29a_exact_trades.csv,high_range_asia_london_alignment_v1,hr_asia_london_align_h13_lq35_aq35_tp06_sl065,-1.8053499999999527,-2.855349999999953,-3.5553499999999527,0,0,0,0,2.855349999999953,10.169999999999844,6.710000000000036,0.3859910581222253,8.680000000000064,0.6831797235022803,4.170000000000073,2.790499999999986,0.056,-1.0,,,13,1,2.0,2023
2023-03-14 13:00:00+00:00|-1.0|hr_asia_london_align_h13_lq35_aq35_tp06_sl065,2023-03-14 13:00:00+00:00,STAGE29A,data/reports/stage29a_high_range_regime_continuation_discovery/stage29a_exact_trades.csv,high_range_asia_london_alignment_v1,hr_asia_london_align_h13_lq35_aq35_tp06_sl065,-2.383200000000079,-3.433200000000079,-4.133200000000079,0,0,0,1,3.433200000000079,43.12999999999988,12.549999999999956,0.7274900398406307,12.61999999999989,0.03328050713152528,3.769999999999982,5.18850000000001,0.828,-1.0,,,13,1,3.0,2023
2023-05-23 13:00:00+00:00|-1.0|hr_asia_london_align_h13_lq35_aq35_tp06_sl065,2023-05-23 13:00:00+00:00,STAGE29A,data/reports/stage29a_high_range_regime_continuation_discovery/stage29a_exact_trades.csv,high_range_asia_london_alignment_v1,hr_asia_london_align_h13_lq35_aq35_tp06_sl065,-1.910649999999896,-2.960649999999896,-3.660649999999896,0,0,0,0,2.960649999999896,13.670000000000073,12.319999999999936,0.6915584415584437,10.339999999999918,0.5483558994197406,4.3900000000001,4.175499999999988,0.504,-1.0,,,13,1,5.0,2023
2023-09-11 13:00:00+00:00|1.0|hr_asia_london_align_h13_lq35_aq35_tp06_sl065,2023-09-11 13:00:00+00:00,STAGE29A,data/reports/stage29a_high_range_regime_continuation_discovery/stage29a_exact_trades.csv,high_range_asia_london_alignment_v1,hr_asia_london_align_h13_lq35_aq35_tp06_sl065,0.5338000000000648,-0.5161999999999352,-1.2161999999999349,0,0,0,0,0.5161999999999352,2.559999999999945,7.430000000000064,0.6850605652759222,7.740000000000009,0.2777777777777598,2.6800000000000637,2.819999999999993,0.692,1.0,,,13,0,9.0,2023
2023-10-16 13:00:00+00:00|-1.0|hr_asia_london_align_h13_lq35_aq35_tp06_sl065,2023-10-16 13:00:00+00:00,STAGE29A,data/reports/stage29a_high_range_regime_continuation_discovery/stage29a_exact_trades.csv,high_range_asia_london_alignment_v1,hr_asia_london_align_h13_lq35_aq35_tp06_sl065,-1.8950499999999464,-2.9450499999999464,-3.645049999999946,0,0,0,0,2.9450499999999464,9.159999999999854,12.269999999999982,0.35207823960881585,12.190000000000056,0.31501230516816253,5.319999999999936,4.965999999999974,0.86,-1.0,,,13,0,10.0,2023
2023-10-20 13:00:00+00:00|1.0|hr_asia_london_align_h13_lq35_aq35_tp06_sl065,2023-10-20 13:00:00+00:00,STAGE29A,data/reports/stage29a_high_range_regime_continuation_discovery/stage29a_exact_trades.csv,high_range_asia_london_alignment_v1,hr_asia_london_align_h13_lq35_aq35_tp06_sl065,1.075899999999956,0.025899999999956,-0.6741000000000437,1,0,0,0,0.025899999999956,32.50999999999999,10.069999999999936,0.5233366434955328,11.190000000000056,0.4387846291331395,5.039999999999964,5.7995,0.904,1.0,,,13,4,10.0,2023
2023-10-26 13:00:00+00:00|1.0|hr_asia_london_align_h13_lq35_aq35_tp06_sl065,2023-10-26 13:00:00+00:00,STAGE29A,data/reports/stage29a_high_range_regime_continuation_discovery/stage29a_exact_trades.csv,high_range_asia_london_alignment_v1,hr_asia_london_align_h13_lq35_aq35_tp06_sl065,-1.677299999999923,-2.727299999999923,-3.4272999999999225,0,0,0,0,2.727299999999923,24.13000000000011,7.869999999999891,0.6569250317661902,9.559999999999944,0.3650627615062792,2.7899999999999636,5.137500000000022,0.588,1.0,,,13,3,10.0,2023
2023-10-30 13:00:00+00:00|-1.0|hr_asia_london_align_h13_lq35_aq35_tp06_sl065,2023-10-30 13:00:00+00:00,STAGE29A,data/reports/stage29a_high_range_regime_continuation_discovery/stage29a_exact_trades.csv,high_range_asia_london_alignment_v1,hr_asia_london_align_h13_lq35_aq35_tp06_sl065,1.0023999999999886,-0.0476000000000111,-0.7476000000000109,0,0,0,0,0.0476000000000111,9.659999999999854,9.809999999999944,0.11213047910294752,11.6099999999999,0.6089577950043064,3.269999999999982,5.254499999999962,0.596,-1.0,,,13,0,10.0,2023
2023-11-07 13:00:00+00:00|-1.0|hr_asia_london_align_h13_lq35_aq35_tp06_sl065,2023-11-07 13:00:00+00:00,STAGE29A,data/reports/stage29a_high_range_regime_continuation_discovery/stage29a_exact_trades.csv,high_range_asia_london_alignment_v1,hr_asia_london_align_h13_lq35_aq35_tp06_sl065,0.7092999999998938,-0.3407000000001061,-1.040700000000106,0,0,0,0,0.3407000000001061,16.519999999999982,7.3599999999999,0.7228260869565538,10.039999999999964,0.5149402390438111,2.5499999999999545,2.810999999999967,0.024,-1.0,,,13,1,11.0,2023
2023-12-04 13:00:00+00:00|-1.0|hr_asia_london_align_h13_lq35_aq35_tp06_sl065,2023-12-04 13:00:00+00:00,STAGE29A,data/reports/stage29a_high_range_regime_continuation_discovery/stage29a_exact_trades.csv,high_range_asia_london_alignment_v1,hr_asia_london_align_h13_lq35_aq35_tp06_sl065,-3.46220000000003,-4.51220000000003,-5.2122000000000295,0,0,0,1,4.51220000000003,78.03999999999996,78.03999999999996,0.4173500768836517,32.70000000000027,0.5186544342507613,7.0300000000002,17.78850000000002,0.992,-1.0,,,13,0,12.0,2023
2024-01-08 13:00:00+00:00|-1.0|hr_asia_london_align_h13_lq35_aq35_tp06_sl065,2024-01-08 13:00:00+00:00,STAGE29A,data/reports/stage29a_high_range_regime_continuation_discovery/stage29a_exact_trades.csv,high_range_asia_london_alignment_v1,hr_asia_london_align_h13_lq35_aq35_tp06_sl065,-1.7422999999999775,-2.7922999999999774,-3.492299999999977,0,0,0,0,2.7922999999999774,2.4299999999998363,11.529999999999973,0.7380745880312238,9.460000000000036,0.8879492600422655,2.519999999999982,4.4464999999999915,0.644,-1.0,,,13,0,1.0,2024
2024-01-16 13:00:00+00:00|-1.0|hr_asia_london_align_h13_lq35_aq35_tp06_sl065,2024-01-16 13:00:00+00:00,STAGE29A,data/reports/stage29a_high_range_regime_continuation_discovery/stage29a_exact_trades.csv,high_range_asia_london_alignment_v1,hr_asia_london_align_h13_lq35_aq35_tp06_sl065,0.9834999999999582,-0.0665000000000417,-0.7665000000000415,0,0,0,0,0.0665000000000417,12.740000000000007,7.170000000000073,0.656903765690375,12.409999999999854,0.6970185334407891,3.1700000000000728,2.9890000000000554,0.068,-1.0,,,13,1,1.0,2024
2024-03-05 13:00:00+00:00|1.0|hr_asia_london_align_h13_lq35_aq35_tp06_sl065,2024-03-05 13:00:00+00:00,STAGE29A,data/reports/stage29a_high_range_regime_continuation_discovery/stage29a_exact_trades.csv,high_range_asia_london_alignment_v1,hr_asia_london_align_h13_lq35_aq35_tp06_sl065,-2.000349999999889,-3.0503499999998893,-3.750349999999889,0,0,0,0,3.0503499999998893,40.370000000000346,6.349999999999909,0.22204724409446847,13.2800000000002,0.5813253012047954,3.880000000000109,4.7870000000000115,0.864,1.0,,,13,1,3.0,2024
2024-03-20 13:00:00+00:00|-1.0|hr_asia_london_align_h13_lq35_aq35_tp06_sl065,2024-03-20 13:00:00+00:00,STAGE29A,data/reports/stage29a_high_range_regime_continuation_discovery/stage29a_exact_trades.csv,high_range_asia_london_alignment_v1,hr_asia_london_align_h13_lq35_aq35_tp06_sl065,-1.378949999999895,-2.428949999999895,-3.128949999999895,0,0,0,0,2.428949999999895,15.599999999999907,5.110000000000127,0.031311154598796576,7.079999999999927,0.3587570621468912,2.5099999999997635,2.52349999999999,0.004,-1.0,,,13,2,3.0,2024
2024-03-27 13:00:00+00:00|1.0|hr_asia_london_align_h13_lq35_aq35_tp06_sl065,2024-03-27 13:00:00+00:00,STAGE29A,data/reports/stage29a_high_range_regime_continuation_discovery/stage29a_exact_trades.csv,high_range_asia_london_alignment_v1,hr_asia_london_align_h13_lq35_aq35_tp06_sl065,1.5381999999998697,0.4881999999998698,-0.2118000000001298,1,0,1,0,0.4881999999998698,32.46000000000004,8.480000000000018,0.12264150943395771,18.800000000000185,0.8202127659574427,5.809999999999945,4.6720000000000255,0.6,1.0,,,13,2,3.0,2024
2024-04-22 13:00:00+00:00|-1.0|hr_asia_london_align_h13_lq35_aq35_tp06_sl065,2024-04-22 13:00:00+00:00,STAGE29A,data/reports/stage29a_high_range_regime_continuation_discovery/stage29a_exact_trades.csv,high_range_asia_london_alignment_v1,hr_asia_london_align_h13_lq35_aq35_tp06_sl065,1.9437999999999191,0.8937999999999193,0.1937999999999196,1,1,1,0,0.8937999999999193,6.799999999999727,26.84999999999991,0.5314711359404108,21.49000000000024,0.3922754769660399,4.5300000000002,7.301499999999942,0.224,-1.0,,,13,0,4.0,2024
2024-05-02 13:00:00+00:00|-1.0|hr_asia_london_align_h13_lq35_aq35_tp06_sl065,2024-05-02 13:00:00+00:00,STAGE29A,data/reports/stage29a_high_range_regime_continuation_discovery/stage29a_exact_trades.csv,high_range_asia_london_alignment_v1,hr_asia_london_align_h13_lq35_aq35_tp06_sl065,-2.526524999999856,-3.576524999999856,-4.276524999999856,0,0,0,1,3.576524999999856,46.82999999999993,9.070000000000164,0.1422271223814708,22.340000000000146,0.8012533572068028,6.7400000000002365,8.24950000000008,0.76,-1.0,,,13,3,5.0,2024
2024-05-03 13:00:00+00:00|-1.0|hr_asia_london_align_h13_lq35_aq35_tp06_sl065,2024-05-03 13:00:00+00:00,STAGE29A,data/reports/stage29a_high_range_regime_continuation_discovery/stage29a_exact_trades.csv,high_range_asia_london_alignment_v1,hr_asia_london_align_h13_lq35_aq35_tp06_sl065,-1.94900000000016,-2.99900000000016,-3.69900000000016,0,0,0,0,2.99900000000016,41.09999999999991,6.440000000000055,0.2096273291925307,10.970000000000256,0.08477666362810113,3.730000000000018,5.232499999999982,0.064,-1.0,,,13,4,5.0,2024
2024-05-10 13:00:00+00:00|1.0|hr_asia_london_align_h13_lq35_aq35_tp06_sl065,2024-05-10 13:00:00+00:00,STAGE29A,data/reports/stage29a_high_range_regime_continuation_discovery/stage29a_exact_trades.csv,high_range_asia_london_alignment_v1,hr_asia_london_align_h13_lq35_aq35_tp06_sl065,-2.463800000000083,-3.513800000000083,-4.213800000000083,0,0,0,1,3.513800000000083,40.63999999999987,10.659999999999854,0.6716697936210086,24.079999999999927,0.7936046511627984,5.8400000000001455,5.9384999999999994,0.4,1.0,,,13,4,5.0,2024
2024-05-14 13:00:00+00:00|1.0|hr_asia_london_align_h13_lq35_aq35_tp06_sl065,2024-05-14 13:00:00+00:00,STAGE29A,data/reports/stage29a_high_range_regime_continuation_discovery/stage29a_exact_trades.csv,high_range_asia_london_alignment_v1,hr_asia_london_align_h13_lq35_aq35_tp06_sl065,-2.015300000000116,-3.065300000000116,-3.7653000000001153,0,0,0,1,3.065300000000116,32.95000000000027,9.570000000000164,0.5862068965517274,12.2800000000002,0.2394136807817595,4.670000000000073,4.2309999999999945,0.016,1.0,,,13,1,5.0,2024
2024-05-15 13:00:00+00:00|1.0|hr_asia_london_align_h13_lq35_aq35_tp06_sl065,2024-05-15 13:00:00+00:00,STAGE29A,data/reports/stage29a_high_range_regime_continuation_discovery/stage29a_exact_trades.csv,high_range_asia_london_alignment_v1,hr_asia_london_align_h13_lq35_aq35_tp06_sl065,-2.0400000000000547,-3.0900000000000545,-3.790000000000054,0,0,0,1,3.0900000000000545,24.920000000000076,6.110000000000127,0.46808510638298984,18.5300000000002,0.47706422018348893,6.0600000000004,4.572000000000026,0.084,1.0,,,13,2,5.0,2024
2024-05-29 13:00:00+00:00|-1.0|hr_asia_london_align_h13_lq35_aq35_tp06_sl065,2024-05-29 13:00:00+00:00,STAGE29A,data/reports/stage29a_high_range_regime_continuation_discovery/stage29a_exact_trades.csv,high_range_asia_london_alignment_v1,hr_asia_london_align_h13_lq35_aq35_tp06_sl065,-2.273350000000028,-3.323350000000028,-4.023350000000027,0,0,0,1,3.323350000000028,24.059999999999945,7.930000000000291,0.12862547288776097,20.700000000000276,0.6120772946859638,5.320000000000164,5.17150000000006,0.272,-1.0,,,13,2,5.0,2024
2024-05-30 13:00:00+00:00|-1.0|hr_asia_london_align_h13_lq35_aq35_tp06_sl065,2024-05-30 13:00:00+00:00,STAGE29A,data/reports/stage29a_high_range_regime_continuation_discovery/stage29a_exact_trades.csv,high_range_asia_london_alignment_v1,hr_asia_london_align_h13_lq35_aq35_tp06_sl065,-2.631500000000051,-3.681500000000051,-4.381500000000051,0,0,0,1,3.681500000000051,28.059999999999945,11.800000000000182,0.2771186440677908,15.559999999999944,0.06876606683805704,6.309999999999945,5.321000000000095,0.308,-1.0,,,13,3,5.0,2024
2024-06-14 13:00:00+00:00|1.0|hr_asia_london_align_h13_lq35_aq35_tp06_sl065,2024-06-14 13:00:00+00:00,STAGE29A,data/reports/stage29a_high_range_regime_continuation_discovery/stage29a_exact_trades.csv,high_range_asia_london_alignment_v1,hr_asia_london_align_h13_lq35_aq35_tp06_sl065,-2.3305500000002213,-3.380550000000221,-4.080550000000221,0,0,0,1,3.380550000000221,31.15999999999985,7.050000000000182,0.35886524822690496,19.139999999999876,0.8949843260188204,7.5300000000002,5.026000000000022,0.196,1.0,,,13,4,6.0,2024
2024-06-20 13:00:00+00:00|1.0|hr_asia_london_align_h13_lq35_aq35_tp06_sl065,2024-06-20 13:00:00+00:00,STAGE29A,data/reports/stage29a_high_range_regime_continuation_discovery/stage29a_exact_trades.csv,high_range_asia_london_alignment_v1,hr_asia_london_align_h13_lq35_aq35_tp06_sl065,1.169800000000032,0.1198000000000321,-0.5801999999999676,1,0,0,0,0.1198000000000321,11.2800000000002,11.260000000000218,0.3152753108348235,14.260000000000218,0.03366058906030932,4.130000000000109,3.9765000000000557,0.108,1.0,,,13,3,6.0,2024
2024-06-26 13:00:00+00:00|-1.0|hr_asia_london_align_h13_lq35_aq35_tp06_sl065,2024-06-26 13:00:00+00:00,STAGE29A,data/reports/stage29a_high_range_regime_continuation_discovery/stage29a_exact_trades.csv,high_range_asia_london_alignment_v1,hr_asia_london_align_h13_lq35_aq35_tp06_sl065,-2.143674999999894,-3.1936749999998937,-3.893674999999893,0,0,0,1,3.1936749999998937,21.789999999999964,13.350000000000364,0.2636704119850102,8.690000000000055,0.11047180667434181,2.730000000000018,5.347500000000059,0.532,-1.0,,,13,2,6.0,2024
2024-07-02 13:00:00+00:00|-1.0|hr_asia_london_align_h13_lq35_aq35_tp06_sl065,2024-07-02 13:00:00+00:00,STAGE29A,data/reports/stage29a_high_range_regime_continuation_discovery/stage29a_exact_trades.csv,high_range_asia_london_alignment_v1,hr_asia_london_align_h13_lq35_aq35_tp06_sl065,-1.9850750000001427,-3.0350750000001425,-3.7350750000001423,0,0,0,0,3.0350750000001425,20.0,8.61999999999989,0.6705336426913943,9.099999999999907,0.1329670329670383,7.779999999999745,4.302500000000032,0.236,-1.0,,,13,1,7.0,2024
2024-07-04 13:00:00+00:00|-1.0|hr_asia_london_align_h13_lq35_aq35_tp06_sl065,2024-07-04 13:00:00+00:00,STAGE29A,data/reports/stage29a_high_range_regime_continuation_discovery/stage29a_exact_trades.csv,high_range_asia_london_alignment_v1,hr_asia_london_align_h13_lq35_aq35_tp06_sl065,-1.801774999999998,-2.8517749999999977,-3.551774999999997,0,0,0,0,2.8517749999999977,38.03999999999997,6.5900000000001455,0.12139605462824951,9.259999999999764,0.0377969762419409,3.4299999999998363,4.107499999999959,0.116,-1.0,,,13,3,7.0,2024
2024-07-10 13:00:00+00:00|1.0|hr_asia_london_align_h13_lq35_aq35_tp06_sl065,2024-07-10 13:00:00+00:00,STAGE29A,data/reports/stage29a_high_range_regime_continuation_discovery/stage29a_exact_trades.csv,high_range_asia_london_alignment_v1,hr_asia_london_align_h13_lq35_aq35_tp06_sl065,-1.6103500000000168,-2.6603500000000166,-3.3603500000000164,0,0,0,0,2.6603500000000166,22.20999999999958,7.329999999999927,0.5184174624829767,8.309999999999945,0.4500601684716975,2.480000000000018,4.531500000000028,0.288,1.0,,,13,2,7.0,2024
2024-07-12 13:00:00+00:00|-1.0|hr_asia_london_align_h13_lq35_aq35_tp06_sl065,2024-07-12 13:00:00+00:00,STAGE29A,data/reports/stage29a_high_range_regime_continuation_discovery/stage29a_exact_trades.csv,high_range_asia_london_alignment_v1,hr_asia_london_align_h13_lq35_aq35_tp06_sl065,-2.098175000000174,-3.148175000000174,-3.8481750000001735,0,0,0,1,3.148175000000174,53.38999999999987,9.550000000000182,0.5350785340313692,9.760000000000218,0.3893442622950453,5.119999999999891,5.3715000000000375,0.7,-1.0,,,13,4,7.0,2024
2024-07-19 13:00:00+00:00|-1.0|hr_asia_london_align_h13_lq35_aq35_tp06_sl065,2024-07-19 13:00:00+00:00,STAGE29A,data/reports/stage29a_high_range_regime_continuation_discovery/stage29a_exact_trades.csv,high_range_asia_london_alignment_v1,hr_asia_london_align_h13_lq35_aq35_tp06_sl065,-3.026375000000008,-4.076375000000008,-4.776375000000007,0,0,0,1,4.076375000000008,34.84999999999991,24.67999999999984,0.6288492706645091,16.5,0.7678787878787923,6.269999999999982,7.066999999999939,0.872,-1.0,,,13,4,7.0,2024
2024-07-23 13:00:00+00:00|1.0|hr_asia_london_align_h13_lq35_aq35_tp06_sl065,2024-07-23 13:00:00+00:00,STAGE29A,data/reports/stage29a_high_range_regime_continuation_discovery/stage29a_exact_trades.csv,high_range_asia_london_alignment_v1,hr_asia_london_align_h13_lq35_aq35_tp06_sl065,1.7665000000000872,0.7165000000000874,0.0165000000000876,1,1,1,0,0.7165000000000874,28.23999999999978,9.199999999999818,0.34239130434784276,20.019999999999985,0.43806193806193755,4.9099999999998545,5.389500000000021,0.384,1.0,,,13,1,7.0,2024
2024-07-26 13:00:00+00:00|1.0|hr_asia_london_align_h13_lq35_aq35_tp06_sl065,2024-07-26 13:00:00+00:00,STAGE29A,data/reports/stage29a_high_range_regime_continuation_discovery/stage29a_exact_trades.csv,high_range_asia_london_alignment_v1,hr_asia_london_align_h13_lq35_aq35_tp06_sl065,-2.261974999999984,-3.311974999999984,-4.011974999999984,0,0,0,1,3.311974999999984,48.190000000000055,23.550000000000185,0.36390658174096147,10.0300000000002,0.19541375872382824,2.849999999999909,6.586000000000013,0.584,1.0,,,13,4,7.0,2024
2024-07-31 13:00:00+00:00|1.0|hr_asia_london_align_h13_lq35_aq35_tp06_sl065,2024-07-31 13:00:00+00:00,STAGE29A,data/reports/stage29a_high_range_regime_continuation_discovery/stage29a_exact_trades.csv,high_range_asia_london_alignment_v1,hr_asia_london_align_h13_lq35_aq35_tp06_sl065,-2.229475000000184,-3.279475000000184,-3.979475000000184,0,0,0,1,3.279475000000184,36.43000000000029,15.139999999999873,0.47159841479523995,10.990000000000236,0.4003639672429478,4.430000000000291,6.458000000000107,0.528,1.0,,,13,2,7.0,2024
2024-08-06 13:00:00+00:00|1.0|hr_asia_london_align_h13_lq35_aq35_tp06_sl065,2024-08-06 13:00:00+00:00,STAGE29A,data/reports/stage29a_high_range_regime_continuation_discovery/stage29a_exact_trades.csv,high_range_asia_london_alignment_v1,hr_asia_london_align_h13_lq35_aq35_tp06_sl065,-3.5259000000001834,-4.575900000000184,-5.275900000000183,0,0,0,1,4.575900000000184,94.65999999999984,13.960000000000036,0.005014326647576184,20.72000000000025,0.20945945945944197,5.320000000000164,8.264500000000089,0.744,1.0,,,13,1,8.0,2024
2024-08-08 13:00:00+00:00|1.0|hr_asia_london_align_h13_lq35_aq35_tp06_sl065,2024-08-08 13:00:00+00:00,STAGE29A,data/reports/stage29a_high_range_regime_continuation_discovery/stage29a_exact_trades.csv,high_range_asia_london_alignment_v1,hr_asia_london_align_h13_lq35_aq35_tp06_sl065,1.679500000000098,0.6295000000000983,-0.0704999999999014,1,0,1,0,0.6295000000000983,28.01000000000022,14.150000000000093,0.7519434628975127,15.019999999999982,0.1291611185086589,5.150000000000091,5.698000000000024,0.1,1.0,,,13,3,8.0,2024
2024-08-27 13:00:00+00:00|-1.0|hr_asia_london_align_h13_lq35_aq35_tp06_sl065,2024-08-27 13:00:00+00:00,STAGE29A,data/reports/stage29a_high_range_regime_continuation_discovery/stage29a_exact_trades.csv,high_range_asia_london_alignment_v1,hr_asia_london_align_h13_lq35_aq35_tp06_sl065,-2.5223000000001776,-3.572300000000177,-4.272300000000177,0,0,0,1,3.572300000000177,18.050000000000185,11.989999999999782,0.6905754795662966,13.979999999999563,0.006437768240353958,5.670000000000073,5.167499999999973,0.196,-1.0,,,13,1,8.0,2024
2024-08-28 13:00:00+00:00|-1.0|hr_asia_london_align_h13_lq35_aq35_tp06_sl065,2024-08-28 13:00:00+00:00,STAGE29A,data/reports/stage29a_high_range_regime_continuation_discovery/stage29a_exact_trades.csv,high_range_asia_london_alignment_v1,hr_asia_london_align_h13_lq35_aq35_tp06_sl065,-2.055924999999752,-3.105924999999752,-3.805924999999752,0,0,0,1,3.105924999999752,22.4399999999996,15.88000000000011,0.6190176322418047,12.849999999999907,0.4513618677042621,3.7100000000000364,5.0939999999999825,0.172,-1.0,,,13,2,8.0,2024
2024-08-29 13:00:00+00:00|1.0|hr_asia_london_align_h13_lq35_aq35_tp06_sl065,2024-08-29 13:00:00+00:00,STAGE29A,data/reports/stage29a_high_range_regime_continuation_discovery/stage29a_exact_trades.csv,high_range_asia_london_alignment_v1,hr_asia_london_align_h13_lq35_aq35_tp06_sl065,-2.314300000000094,-3.3643000000000938,-4.0643000000000935,0,0,0,1,3.3643000000000938,35.45000000000027,12.860000000000127,0.7449455676516199,10.539999999999964,0.5910815939278975,8.480000000000018,4.832999999999993,0.112,1.0,,,13,3,8.0,2024
2024-09-20 13:00:00+00:00|1.0|hr_asia_london_align_h13_lq35_aq35_tp06_sl065,2024-09-20 13:00:00+00:00,STAGE29A,data/reports/stage29a_high_range_regime_continuation_discovery/stage29a_exact_trades.csv,high_range_asia_london_alignment_v1,hr_asia_london_align_h13_lq35_aq35_tp06_sl065,1.501599999999962,0.4515999999999622,-0.2484000000000374,1,0,1,0,0.4515999999999622,43.78999999999997,8.75,0.41142857142856104,21.419999999999614,0.6984126984127126,8.039999999999964,5.049000000000047,0.416,1.0,,,13,4,9.0,2024
2024-09-30 13:00:00+00:00|-1.0|hr_asia_london_align_h13_lq35_aq35_tp06_sl065,2024-09-30 13:00:00+00:00,STAGE29A,data/reports/stage29a_high_range_regime_continuation_discovery/stage29a_exact_trades.csv,high_range_asia_london_alignment_v1,hr_asia_london_align_h13_lq35_aq35_tp06_sl065,1.5105999999999766,0.4605999999999768,-0.2394000000000229,1,0,1,0,0.4605999999999768,6.25,18.65999999999985,0.487674169346194,12.220000000000256,0.3199672667757588,5.289999999999964,6.7634999999999765,0.7,-1.0,,,13,0,9.0,2024
2024-10-01 13:00:00+00:00|1.0|hr_asia_london_align_h13_lq35_aq35_tp06_sl065,2024-10-01 13:00:00+00:00,STAGE29A,data/reports/stage29a_high_range_regime_continuation_discovery/stage29a_exact_trades.csv,high_range_asia_london_alignment_v1,hr_asia_london_align_h13_lq35_aq35_tp06_sl065,0.991899999999896,-0.0581000000001039,-0.7581000000001037,0,0,0,0,0.0581000000001039,41.48000000000002,7.730000000000018,0.3842173350582468,11.840000000000146,0.9045608108108028,3.9400000000000546,4.787000000000035,0.108,1.0,,,13,1,10.0,2024
2024-10-14 13:00:00+00:00|1.0|hr_asia_london_align_h13_lq35_aq35_tp06_sl065,2024-10-14 13:00:00+00:00,STAGE29A,data/reports/stage29a_high_range_regime_continuation_discovery/stage29a_exact_trades.csv,high_range_asia_london_alignment_v1,hr_asia_london_align_h13_lq35_aq35_tp06_sl065,1.4304999999998471,0.3804999999998473,-0.3195000000001524,1,0,1,0,0.3804999999998473,11.429999999999836,14.259999999999764,0.3709677419354875,11.480000000000018,0.24912891986063787,6.179999999999836,5.545499999999924,0.176,1.0,,,13,0,10.0,2024
2024-10-18 13:00:00+00:00|1.0|hr_asia_london_align_h13_lq35_aq35_tp06_sl065,2024-10-18 13:00:00+00:00,STAGE29A,data/reports/stage29a_high_range_regime_continuation_discovery/stage29a_exact_trades.csv,high_range_asia_london_alignment_v1,hr_asia_london_align_h13_lq35_aq35_tp06_sl065,-2.37539999999999,-3.4253999999999905,-4.12539999999999,0,0,0,1,3.4253999999999905,23.579999999999927,20.360000000000127,0.849214145383097,12.329999999999927,0.11678832116788833,7.010000000000218,5.587500000000046,0.272,1.0,,,13,4,10.0,2024
2024-10-24 13:00:00+00:00|1.0|hr_asia_london_align_h13_lq35_aq35_tp06_sl065,2024-10-24 13:00:00+00:00,STAGE29A,data/reports/stage29a_high_range_regime_continuation_discovery/stage29a_exact_trades.csv,high_range_asia_london_alignment_v1,hr_asia_london_align_h13_lq35_aq35_tp06_sl065,1.1541999999998551,0.1041999999998553,-0.5958000000001444,1,0,0,0,0.1041999999998553,49.92000000000007,12.279999999999744,0.39576547231272213,16.420000000000073,0.8361753958587063,3.230000000000018,5.922000000000049,0.54,1.0,,,13,3,10.0,2024
2024-10-25 13:00:00+00:00|-1.0|hr_asia_london_align_h13_lq35_aq35_tp06_sl065,2024-10-25 13:00:00+00:00,STAGE29A,data/reports/stage29a_high_range_regime_continuation_discovery/stage29a_exact_trades.csv,high_range_asia_london_alignment_v1,hr_asia_london_align_h13_lq35_aq35_tp06_sl065,-2.2102999999998247,-3.260299999999825,-3.960299999999824,0,0,0,1,3.260299999999825,29.029999999999745,11.730000000000018,0.7357203751065725,15.730000000000018,0.3146853146853317,4.320000000000164,5.034999999999991,0.096,-1.0,,,13,4,10.0,2024
2024-10-28 13:00:00+00:00|-1.0|hr_asia_london_align_h13_lq35_aq35_tp06_sl065,2024-10-28 13:00:00+00:00,STAGE29A,data/reports/stage29a_high_range_regime_continuation_discovery/stage29a_exact_trades.csv,high_range_asia_london_alignment_v1,hr_asia_london_align_h13_lq35_aq35_tp06_sl065,-2.7618250000001354,-3.8118250000001352,-4.511825000000135,0,0,0,1,3.8118250000001352,10.010000000000218,15.480000000000018,0.062015503875941895,16.909999999999854,0.06386753400357134,5.449999999999818,5.938000000000057,0.604,-1.0,,,13,0,10.0,2024
2024-11-08 13:00:00+00:00|-1.0|hr_asia_london_align_h13_lq35_aq35_tp06_sl065,2024-11-08 13:00:00+00:00,STAGE29A,data/reports/stage29a_high_range_regime_continuation_discovery/stage29a_exact_trades.csv,high_range_asia_london_alignment_v1,hr_asia_london_align_h13_lq35_aq35_tp06_sl065,-2.860949999999866,-3.910949999999866,-4.610949999999866,0,0,0,1,3.910949999999866,66.90999999999985,17.09999999999991,0.7777777777777659,16.240000000000236,0.3232758620689608,7.2599999999997635,7.055999999999972,0.724,-1.0,,,13,4,11.0,2024
2024-11-12 13:00:00+00:00|-1.0|hr_asia_london_align_h13_lq35_aq35_tp06_sl065,2024-11-12 13:00:00+00:00,STAGE29A,data/reports/stage29a_high_range_regime_continuation_discovery/stage29a_exact_trades.csv,high_range_asia_london_alignment_v1,hr_asia_london_align_h13_lq35_aq35_tp06_sl065,2.91279999999997,1.8627999999999705,1.1627999999999703,1,1,1,0,1.8627999999999705,75.67999999999984,11.579999999999927,0.5397236614853229,28.46000000000004,0.7350667603654267,8.900000000000091,6.995999999999936,0.596,-1.0,,,13,1,11.0,2024
2024-11-13 13:00:00+00:00|1.0|hr_asia_london_align_h13_lq35_aq35_tp06_sl065,2024-11-13 13:00:00+00:00,STAGE29A,data/reports/stage29a_high_range_regime_continuation_discovery/stage29a_exact_trades.csv,high_range_asia_london_alignment_v1,hr_asia_london_align_h13_lq35_aq35_tp06_sl065,1.5066999999998187,0.4566999999998189,-0.2433000000001808,1,0,1,0,0.4566999999998189,37.48000000000002,15.940000000000056,0.4567126725219398,10.599999999999907,0.2584905660377604,3.4400000000000546,5.74200000000003,0.16,1.0,,,13,2,11.0,2024
2024-11-21 13:00:00+00:00|1.0|hr_asia_london_align_h13_lq35_aq35_tp06_sl065,2024-11-21 13:00:00+00:00,STAGE29A,data/reports/stage29a_high_range_regime_continuation_discovery/stage29a_exact_trades.csv,high_range_asia_london_alignment_v1,hr_asia_london_align_h13_lq35_aq35_tp06_sl065,-2.3620750000000954,-3.4120750000000952,-4.112075000000095,0,0,0,1,3.4120750000000952,36.64000000000033,11.610000000000127,0.41860465116279705,17.059999999999945,0.759671746776089,5.239999999999782,5.6704999999999925,0.084,1.0,,,13,3,11.0,2024
2024-11-29 13:00:00+00:00|1.0|hr_asia_london_align_h13_lq35_aq35_tp06_sl065,2024-11-29 13:00:00+00:00,STAGE29A,data/reports/stage29a_high_range_regime_continuation_discovery/stage29a_exact_trades.csv,high_range_asia_london_alignment_v1,hr_asia_london_align_h13_lq35_aq35_tp06_sl065,-2.612000000000171,-3.662000000000171,-4.362000000000171,0,0,0,1,3.662000000000171,28.65000000000009,30.29000000000042,0.6956091119181206,11.809999999999944,0.2464013547840701,4.549999999999727,5.9180000000000295,0.212,1.0,,,13,4,11.0,2024
2024-12-16 13:00:00+00:00|1.0|hr_asia_london_align_h13_lq35_aq35_tp06_sl065,2024-12-16 13:00:00+00:00,STAGE29A,data/reports/stage29a_high_range_regime_continuation_discovery/stage29a_exact_trades.csv,high_range_asia_london_alignment_v1,hr_asia_london_align_h13_lq35_aq35_tp06_sl065,-2.0858250000002045,-3.1358250000002044,-3.835825000000204,0,0,0,1,3.1358250000002044,4.569999999999709,12.110000000000127,0.10982658959536856,12.450000000000273,0.48514056224898244,3.230000000000018,5.1964999999999915,0.024,1.0,,,13,0,12.0,2024
2024-12-19 13:00:00+00:00|1.0|hr_asia_london_align_h13_lq35_aq35_tp06_sl065,2024-12-19 13:00:00+00:00,STAGE29A,data/reports/stage29a_high_range_regime_continuation_discovery/stage29a_exact_trades.csv,high_range_asia_london_alignment_v1,hr_asia_london_align_h13_lq35_aq35_tp06_sl065,-3.028324999999859,-4.078324999999859,-4.7783249999998585,0,0,0,1,4.078324999999859,68.09999999999991,35.46000000000004,0.5930626057529661,23.2800000000002,0.4463058419243893,9.039999999999964,10.11400000000001,0.996,1.0,,,13,3,12.0,2024
2025-01-02 13:00:00+00:00|1.0|hr_asia_london_align_h13_lq35_aq35_tp06_sl065,2025-01-02 13:00:00+00:00,STAGE29A,data/reports/stage29a_high_range_regime_continuation_discovery/stage29a_exact_trades.csv,high_range_asia_london_alignment_v1,hr_asia_london_align_h13_lq35_aq35_tp06_sl065,-2.3783250000002227,-3.4283250000002226,-4.128325000000222,0,0,0,1,3.4283250000002226,4.2800000000002,14.769999999999982,0.6899119837508508,15.090000000000146,0.5765407554671792,13.570000000000164,5.480000000000087,0.52,1.0,,,13,3,1.0,2025
2025-02-12 13:00:00+00:00|-1.0|hr_asia_london_align_h13_lq35_aq35_tp06_sl065,2025-02-12 13:00:00+00:00,STAGE29A,data/reports/stage29a_high_range_regime_continuation_discovery/stage29a_exact_trades.csv,high_range_asia_london_alignment_v1,hr_asia_london_align_h13_lq35_aq35_tp06_sl065,-3.019225000000097,-4.069225000000097,-4.769225000000096,0,0,0,1,4.069225000000097,60.9399999999996,17.070000000000164,0.7861745752782627,16.440000000000055,0.15815085158150247,10.550000000000182,7.384500000000003,0.508,-1.0,,,13,2,2.0,2025
2025-02-28 13:00:00+00:00|-1.0|hr_asia_london_align_h13_lq35_aq35_tp06_sl065,2025-02-28 13:00:00+00:00,STAGE29A,data/reports/stage29a_high_range_regime_continuation_discovery/stage29a_exact_trades.csv,high_range_asia_london_alignment_v1,hr_asia_london_align_h13_lq35_aq35_tp06_sl065,1.770100000000093,0.7201000000000932,0.0201000000000934,1,1,1,0,0.7201000000000932,53.14999999999964,28.039999999999964,0.44721825962910056,15.940000000000056,0.04454203262233588,4.230000000000018,7.43900000000001,0.464,-1.0,,,13,4,2.0,2025
2025-03-04 13:00:00+00:00|1.0|hr_asia_london_align_h13_lq35_aq35_tp06_sl065,2025-03-04 13:00:00+00:00,STAGE29A,data/reports/stage29a_high_range_regime_continuation_discovery/stage29a_exact_trades.csv,high_range_asia_london_alignment_v1,hr_asia_london_align_h13_lq35_aq35_tp06_sl065,-3.434249999999884,-4.484249999999884,-5.184249999999883,0,0,0,1,4.484249999999884,39.940000000000055,11.83999999999969,0.03378378378375394,36.98000000000002,0.6311519740400252,5.980000000000018,8.387000000000011,0.664,1.0,,,13,1,3.0,2025
2025-03-11 13:00:00+00:00|1.0|hr_asia_london_align_h13_lq35_aq35_tp06_sl065,2025-03-11 13:00:00+00:00,STAGE29A,data/reports/stage29a_high_range_regime_continuation_discovery/stage29a_exact_trades.csv,high_range_asia_london_alignment_v1,hr_asia_london_align_h13_lq35_aq35_tp06_sl065,1.4893000000000938,0.4393000000000939,-0.2606999999999058,1,0,1,0,0.4393000000000939,38.28999999999997,20.169999999999614,0.4615765989092772,21.789999999999964,0.6608536025699915,3.5,7.216999999999894,0.156,1.0,,,13,1,3.0,2025
2025-03-27 13:00:00+00:00|1.0|hr_asia_london_align_h13_lq35_aq35_tp06_sl065,2025-03-27 13:00:00+00:00,STAGE29A,data/reports/stage29a_high_range_regime_continuation_discovery/stage29a_exact_trades.csv,high_range_asia_london_alignment_v1,hr_asia_london_align_h13_lq35_aq35_tp06_sl065,-2.777424999999857,-3.827424999999857,-4.527424999999857,0,0,0,1,3.827424999999857,19.840000000000146,21.110000000000127,0.7607768829938346,29.13000000000011,0.5918297288019283,16.09999999999991,5.74699999999998,0.212,1.0,,,13,3,3.0,2025
2025-03-28 13:00:00+00:00|1.0|hr_asia_london_align_h13_lq35_aq35_tp06_sl065,2025-03-28 13:00:00+00:00,STAGE29A,data/reports/stage29a_high_range_regime_continuation_discovery/stage29a_exact_trades.csv,high_range_asia_london_alignment_v1,hr_asia_london_align_h13_lq35_aq35_tp06_sl065,2.047899999999936,0.997899999999936,0.2978999999999363,1,1,1,0,0.997899999999936,42.07999999999993,23.289999999999964,0.7745813653928721,19.77000000000044,0.018715225088535025,7.179999999999836,6.467000000000053,0.508,1.0,,,13,4,3.0,2025
2025-03-31 13:00:00+00:00|1.0|hr_asia_london_align_h13_lq35_aq35_tp06_sl065,2025-03-31 13:00:00+00:00,STAGE29A,data/reports/stage29a_high_range_regime_continuation_discovery/stage29a_exact_trades.csv,high_range_asia_london_alignment_v1,hr_asia_london_align_h13_lq35_aq35_tp06_sl065,2.747200000000157,1.6972000000001572,0.9972000000001576,1,1,1,0,1.6972000000001572,12.38000000000011,34.820000000000164,0.49109707064904734,22.2199999999998,0.3510351035103419,11.239999999999782,9.588500000000021,0.972,1.0,,,13,0,3.0,2025
2025-04-07 13:00:00+00:00|1.0|hr_asia_london_align_h13_lq35_aq35_tp06_sl065,2025-04-07 13:00:00+00:00,STAGE29A,data/reports/stage29a_high_range_regime_continuation_discovery/stage29a_exact_trades.csv,high_range_asia_london_alignment_v1,hr_asia_london_align_h13_lq35_aq35_tp06_sl065,5.775999999999749,4.725999999999749,4.025999999999749,1,1,1,0,4.725999999999749,31.919999999999614,84.09999999999991,0.11319857312722939,31.21000000000004,0.19801345722524283,13.6899999999996,26.00549999999989,0.968,1.0,,,13,0,4.0,2025
2025-04-11 13:00:00+00:00|1.0|hr_asia_london_align_h13_lq35_aq35_tp06_sl065,2025-04-11 13:00:00+00:00,STAGE29A,data/reports/stage29a_high_range_regime_continuation_discovery/stage29a_exact_trades.csv,high_range_asia_london_alignment_v1,hr_asia_london_align_h13_lq35_aq35_tp06_sl065,-7.538674999999875,-8.588674999999876,-9.288674999999875,0,0,0,1,8.588674999999876,117.48000000000002,44.58999999999969,0.6503700381251447,42.96000000000004,0.23114525139664405,18.049999999999727,16.929500000000008,0.704,1.0,,,13,4,4.0,2025
2025-04-21 13:00:00+00:00|1.0|hr_asia_london_align_h13_lq35_aq35_tp06_sl065,2025-04-21 13:00:00+00:00,STAGE29A,data/reports/stage29a_high_range_regime_continuation_discovery/stage29a_exact_trades.csv,high_range_asia_london_alignment_v1,hr_asia_london_align_h13_lq35_aq35_tp06_sl065,-3.2941750000000867,-4.344175000000087,-5.044175000000086,0,0,0,1,4.344175000000087,24.230000000000015,56.29999999999973,0.6460035523978698,27.25,0.4565137614678919,6.049999999999727,12.712999999999965,0.252,1.0,,,13,0,4.0,2025
2025-04-30 13:00:00+00:00|-1.0|hr_asia_london_align_h13_lq35_aq35_tp06_sl065,2025-04-30 13:00:00+00:00,STAGE29A,data/reports/stage29a_high_range_regime_continuation_discovery/stage29a_exact_trades.csv,high_range_asia_london_alignment_v1,hr_asia_london_align_h13_lq35_aq35_tp06_sl065,-4.5262499999999815,-5.576249999999982,-6.2762499999999815,0,0,0,1,5.576249999999982,48.690000000000055,24.269999999999985,0.5937371240214201,39.57999999999993,0.7271349166245528,11.799999999999727,11.332499999999936,0.14,-1.0,,,13,2,4.0,2025
2025-05-01 13:00:00+00:00|-1.0|hr_asia_london_align_h13_lq35_aq35_tp06_sl065,2025-05-01 13:00:00+00:00,STAGE29A,data/reports/stage29a_high_range_regime_continuation_discovery/stage29a_exact_trades.csv,high_range_asia_london_alignment_v1,hr_asia_london_align_h13_lq35_aq35_tp06_sl065,-4.147950000000128,-5.197950000000128,-5.897950000000128,0,0,0,1,5.197950000000128,60.86999999999989,61.15000000000009,0.7282093213409596,27.449999999999815,0.39744990892533266,20.409999999999854,14.614999999999963,0.46,-1.0,,,13,3,5.0,2025
2025-05-05 13:00:00+00:00|1.0|hr_asia_london_align_h13_lq35_aq35_tp06_sl065,2025-05-05 13:00:00+00:00,STAGE29A,data/reports/stage29a_high_range_regime_continuation_discovery/stage29a_exact_trades.csv,high_range_asia_london_alignment_v1,hr_asia_london_align_h13_lq35_aq35_tp06_sl065,3.3906999999998333,2.340699999999833,1.6406999999998335,1,1,1,0,2.340699999999833,7.070000000000164,34.75,0.4330935251798483,55.36000000000013,0.9750722543352582,26.809999999999945,13.4650000000001,0.28,1.0,,,13,0,5.0,2025
2025-05-16 13:00:00+00:00|-1.0|hr_asia_london_align_h13_lq35_aq35_tp06_sl065,2025-05-16 13:00:00+00:00,STAGE29A,data/reports/stage29a_high_range_regime_continuation_discovery/stage29a_exact_trades.csv,high_range_asia_london_alignment_v1,hr_asia_london_align_h13_lq35_aq35_tp06_sl065,-5.144399999999768,-6.194399999999769,-6.894399999999768,0,0,0,1,6.194399999999769,131.69000000000003,45.57999999999993,0.8600263273365585,35.88000000000011,0.07413600891861333,9.079999999999927,13.179999999999927,0.332,-1.0,,,13,4,5.0,2025
2025-07-01 13:00:00+00:00|1.0|hr_asia_london_align_h13_lq35_aq35_tp06_sl065,2025-07-01 13:00:00+00:00,STAGE29A,data/reports/stage29a_high_range_regime_continuation_discovery/stage29a_exact_trades.csv,high_range_asia_london_alignment_v1,hr_asia_london_align_h13_lq35_aq35_tp06_sl065,-2.8996250000001056,-3.9496250000001054,-4.649625000000105,0,0,0,1,3.9496250000001054,63.93000000000029,20.279999999999745,0.4817554240631215,29.08999999999969,0.8446201443795108,9.88000000000011,7.409500000000071,0.072,1.0,,,13,1,7.0,2025
2025-07-24 13:00:00+00:00|-1.0|hr_asia_london_align_h13_lq35_aq35_tp06_sl065,2025-07-24 13:00:00+00:00,STAGE29A,data/reports/stage29a_high_range_regime_continuation_discovery/stage29a_exact_trades.csv,high_range_asia_london_alignment_v1,hr_asia_london_align_h13_lq35_aq35_tp06_sl065,-3.2363249999999426,-4.286324999999943,-4.986324999999942,0,0,0,1,4.286324999999943,57.620000000000346,18.539999999999964,0.1564185544768121,23.389999999999876,0.8610517315092107,8.049999999999727,8.378999999999929,0.768,-1.0,,,13,3,7.0,2025
2025-09-17 13:00:00+00:00|-1.0|hr_asia_london_align_h13_lq35_aq35_tp06_sl065,2025-09-17 13:00:00+00:00,STAGE29A,data/reports/stage29a_high_range_regime_continuation_discovery/stage29a_exact_trades.csv,high_range_asia_london_alignment_v1,hr_asia_london_align_h13_lq35_aq35_tp06_sl065,-3.36989999999978,-4.41989999999978,-5.119899999999779,0,0,0,1,4.41989999999978,28.450000000000276,21.039999999999964,0.4857414448669115,23.46000000000004,0.5920716112531906,7.080000000000382,6.962500000000023,0.112,-1.0,,,13,2,9.0,2025
2025-09-19 13:00:00+00:00|1.0|hr_asia_london_align_h13_lq35_aq35_tp06_sl065,2025-09-19 13:00:00+00:00,STAGE29A,data/reports/stage29a_high_range_regime_continuation_discovery/stage29a_exact_trades.csv,high_range_asia_london_alignment_v1,hr_asia_london_align_h13_lq35_aq35_tp06_sl065,-2.9415500000000976,-3.9915500000000974,-4.691550000000097,0,0,0,1,3.9915500000000974,45.32000000000016,24.13000000000011,0.551181102362191,17.690000000000055,0.28886376483889836,3.5700000000001637,7.592000000000098,0.204,1.0,,,13,4,9.0,2025
2025-09-23 13:00:00+00:00|1.0|hr_asia_london_align_h13_lq35_aq35_tp06_sl065,2025-09-23 13:00:00+00:00,STAGE29A,data/reports/stage29a_high_range_regime_continuation_discovery/stage29a_exact_trades.csv,high_range_asia_london_alignment_v1,hr_asia_london_align_h13_lq35_aq35_tp06_sl065,-4.175899999999819,-5.22589999999982,-5.925899999999819,0,0,0,1,5.22589999999982,65.05000000000018,22.389999999999876,0.2880750334970904,48.059999999999945,0.7973366625052062,16.890000000000327,9.975999999999953,0.8,1.0,,,13,1,9.0,2025
2025-09-29 13:00:00+00:00|1.0|hr_asia_london_align_h13_lq35_aq35_tp06_sl065,2025-09-29 13:00:00+00:00,STAGE29A,data/reports/stage29a_high_range_regime_continuation_discovery/stage29a_exact_trades.csv,high_range_asia_london_alignment_v1,hr_asia_london_align_h13_lq35_aq35_tp06_sl065,3.3936999999999897,2.34369999999999,1.6436999999999902,1,1,1,0,2.34369999999999,14.63000000000011,43.03999999999997,0.5534386617100309,27.38000000000011,0.4755295836376892,12.670000000000073,12.45499999999995,0.912,1.0,,,13,0,9.0,2025
2025-10-09 13:00:00+00:00|1.0|hr_asia_london_align_h13_lq35_aq35_tp06_sl065,2025-10-09 13:00:00+00:00,STAGE29A,data/reports/stage29a_high_range_regime_continuation_discovery/stage29a_exact_trades.csv,high_range_asia_london_alignment_v1,hr_asia_london_align_h13_lq35_aq35_tp06_sl065,2.778700000000208,1.7287000000002082,1.0287000000002084,1,1,1,0,1.7287000000002082,76.17000000000007,39.84000000000015,0.13453815261044447,20.94000000000005,0.5076408787010546,7.730000000000018,15.73900000000001,0.94,1.0,,,13,3,10.0,2025
2025-10-15 13:00:00+00:00|1.0|hr_asia_london_align_h13_lq35_aq35_tp06_sl065,2025-10-15 13:00:00+00:00,STAGE29A,data/reports/stage29a_high_range_regime_continuation_discovery/stage29a_exact_trades.csv,high_range_asia_london_alignment_v1,hr_asia_london_align_h13_lq35_aq35_tp06_sl065,-6.200975000000289,-7.25097500000029,-7.950975000000289,0,0,0,1,7.25097500000029,89.0300000000002,50.0600000000004,0.5687175389532566,53.57999999999993,0.10246360582308135,47.43000000000029,17.262500000000045,0.688,1.0,,,13,2,10.0,2025
2025-10-21 13:00:00+00:00|-1.0|hr_asia_london_align_h13_lq35_aq35_tp06_sl065,2025-10-21 13:00:00+00:00,STAGE29A,data/reports/stage29a_high_range_regime_continuation_discovery/stage29a_exact_trades.csv,high_range_asia_london_alignment_v1,hr_asia_london_align_h13_lq35_aq35_tp06_sl065,8.885499999999775,7.835499999999774,7.135499999999775,1,1,1,0,7.835499999999774,162.71999999999937,42.36000000000058,0.4952785646836467,102.25,0.796479217603908,23.349999999999454,24.80199999999986,0.836,-1.0,,,13,1,10.0,2025
2025-10-27 13:00:00+00:00|-1.0|hr_asia_london_align_h13_lq35_aq35_tp06_sl065,2025-10-27 13:00:00+00:00,STAGE29A,data/reports/stage29a_high_range_regime_continuation_discovery/stage29a_exact_trades.csv,high_range_asia_london_alignment_v1,hr_asia_london_align_h13_lq35_aq35_tp06_sl065,-7.619925000000057,-8.669925000000058,-9.369925000000055,0,0,0,1,8.669925000000058,47.21000000000004,55.55000000000018,0.6064806480648136,60.00999999999976,0.5222462922846237,18.759999999999764,22.817499999999974,0.476,-1.0,,,13,0,10.0,2025
2025-10-28 13:00:00+00:00|-1.0|hr_asia_london_align_h13_lq35_aq35_tp06_sl065,2025-10-28 13:00:00+00:00,STAGE29A,data/reports/stage29a_high_range_regime_continuation_discovery/stage29a_exact_trades.csv,high_range_asia_london_alignment_v1,hr_asia_london_align_h13_lq35_aq35_tp06_sl065,-8.682675000000108,-9.732675000000109,-10.432675000000108,0,0,0,1,9.732675000000109,137.97000000000023,55.86000000000013,0.19638381668457267,93.62000000000036,0.5054475539414653,30.68000000000029,23.399000000000022,0.512,-1.0,,,13,1,10.0,2025
2025-11-06 13:00:00+00:00|1.0|hr_asia_london_align_h13_lq35_aq35_tp06_sl065,2025-11-06 13:00:00+00:00,STAGE29A,data/reports/stage29a_high_range_regime_continuation_discovery/stage29a_exact_trades.csv,high_range_asia_london_alignment_v1,hr_asia_london_align_h13_lq35_aq35_tp06_sl065,2.8762000000000625,1.8262000000000629,1.126200000000063,1,1,1,0,1.8262000000000629,61.58999999999969,25.949999999999815,0.5865125240847748,34.51999999999998,0.571552723059097,7.070000000000164,10.239000000000033,0.004,1.0,,,13,3,11.0,2025
2025-11-13 13:00:00+00:00|1.0|hr_asia_london_align_h13_lq35_aq35_tp06_sl065,2025-11-13 13:00:00+00:00,STAGE29A,data/reports/stage29a_high_range_regime_continuation_discovery/stage29a_exact_trades.csv,high_range_asia_london_alignment_v1,hr_asia_london_align_h13_lq35_aq35_tp06_sl065,-5.443399999999746,-6.493399999999747,-7.193399999999746,0,0,0,1,6.493399999999747,112.90999999999984,39.74000000000069,0.4574735782586579,37.099999999999454,0.4256064690027007,18.549999999999272,18.722999999999956,0.772,1.0,,,13,3,11.0,2025
2025-11-17 13:00:00+00:00|-1.0|hr_asia_london_align_h13_lq35_aq35_tp06_sl065,2025-11-17 13:00:00+00:00,STAGE29A,data/reports/stage29a_high_range_regime_continuation_discovery/stage29a_exact_trades.csv,high_range_asia_london_alignment_v1,hr_asia_london_align_h13_lq35_aq35_tp06_sl065,4.63779999999988,3.5877999999998798,2.88779999999988,1,1,1,0,3.5877999999998798,32.4699999999998,36.690000000000055,0.48460070863996113,46.059999999999945,0.18019973947025048,21.769999999999982,19.9484999999999,0.856,-1.0,,,13,0,11.0,2025
2025-11-20 13:00:00+00:00|-1.0|hr_asia_london_align_h13_lq35_aq35_tp06_sl065,2025-11-20 13:00:00+00:00,STAGE29A,data/reports/stage29a_high_range_regime_continuation_discovery/stage29a_exact_trades.csv,high_range_asia_london_alignment_v1,hr_asia_london_align_h13_lq35_aq35_tp06_sl065,-7.42102500000019,-8.471025000000191,-9.17102500000019,0,0,0,1,8.471025000000191,76.84000000000015,69.11999999999944,0.4225983796296336,39.01000000000022,0.403229941040757,9.940000000000055,21.13399999999997,0.876,-1.0,,,13,3,11.0,2025
2025-12-22 13:00:00+00:00|1.0|hr_asia_london_align_h13_lq35_aq35_tp06_sl065,2025-12-22 13:00:00+00:00,STAGE29A,data/reports/stage29a_high_range_regime_continuation_discovery/stage29a_exact_trades.csv,high_range_asia_london_alignment_v1,hr_asia_london_align_h13_lq35_aq35_tp06_sl065,2.8167999999999664,1.7667999999999666,1.0667999999999669,1,1,1,0,1.7667999999999666,18.1200000000008,62.84000000000015,0.6877784850413774,23.59999999999945,0.4338983050847851,9.609999999999673,11.659000000000015,0.336,1.0,,,13,0,12.0,2025
2025-12-23 13:00:00+00:00|1.0|hr_asia_london_align_h13_lq35_aq35_tp06_sl065,2025-12-23 13:00:00+00:00,STAGE29A,data/reports/stage29a_high_range_regime_continuation_discovery/stage29a_exact_trades.csv,high_range_asia_london_alignment_v1,hr_asia_london_align_h13_lq35_aq35_tp06_sl065,2.619699999999648,1.569699999999648,0.8696999999996482,1,1,1,0,1.569699999999648,122.74000000000068,52.28999999999997,0.42991011665709655,23.69000000000051,0.08104685521313305,7.970000000000255,12.317999999999984,0.404,1.0,,,13,1,12.0,2025
2025-12-24 13:00:00+00:00|-1.0|hr_asia_london_align_h13_lq35_aq35_tp06_sl065,2025-12-24 13:00:00+00:00,STAGE29A,data/reports/stage29a_high_range_regime_continuation_discovery/stage29a_exact_trades.csv,high_range_asia_london_alignment_v1,hr_asia_london_align_h13_lq35_aq35_tp06_sl065,3.773199999999997,2.723199999999997,2.023199999999997,1,1,1,0,2.723199999999997,75.19000000000051,54.51000000000022,0.07228031553842569,22.300000000000185,0.43094170403585624,17.61999999999989,17.785499999999956,0.936,-1.0,,,13,2,12.0,2025
2025-12-29 13:00:00+00:00|-1.0|hr_asia_london_align_h13_lq35_aq35_tp06_sl065,2025-12-29 13:00:00+00:00,STAGE29A,data/reports/stage29a_high_range_regime_continuation_discovery/stage29a_exact_trades.csv,high_range_asia_london_alignment_v1,hr_asia_london_align_h13_lq35_aq35_tp06_sl065,-7.8006250000004,-8.8506250000004,-9.5506250000004,0,0,0,1,8.8506250000004,26.170000000000076,76.92000000000007,0.15665626625065224,71.97000000000025,0.7582325969153874,17.44000000000051,24.355500000000074,0.988,-1.0,,,13,0,12.0,2025
2025-12-30 13:00:00+00:00|1.0|hr_asia_london_align_h13_lq35_aq35_tp06_sl065,2025-12-30 13:00:00+00:00,STAGE29A,data/reports/stage29a_high_range_regime_continuation_discovery/stage29a_exact_trades.csv,high_range_asia_london_alignment_v1,hr_asia_london_align_h13_lq35_aq35_tp06_sl065,5.162799999999516,4.112799999999515,3.412799999999516,1,1,1,0,4.112799999999515,246.52999999999972,45.98999999999978,0.38704066101326956,41.36000000000058,0.5118471953578282,23.890000000000327,20.83650000000016,0.868,1.0,,,13,1,12.0,2025
2026-01-07 13:00:00+00:00|-1.0|hr_asia_london_align_h13_lq35_aq35_tp06_sl065,2026-01-07 13:00:00+00:00,STAGE29A,data/reports/stage29a_high_range_regime_continuation_discovery/stage29a_exact_trades.csv,high_range_asia_london_alignment_v1,hr_asia_london_align_h13_lq35_aq35_tp06_sl065,3.720099999999911,2.6700999999999118,1.970099999999912,1,1,1,0,2.6700999999999118,69.30999999999949,40.720000000000255,0.7094793713163101,33.11999999999989,0.011171497584537804,8.900000000000546,15.482000000000061,0.284,-1.0,,,13,2,1.0,2026
2026-01-13 13:00:00+00:00|-1.0|hr_asia_london_align_h13_lq35_aq35_tp06_sl065,2026-01-13 13:00:00+00:00,STAGE29A,data/reports/stage29a_high_range_regime_continuation_discovery/stage29a_exact_trades.csv,high_range_asia_london_alignment_v1,hr_asia_london_align_h13_lq35_aq35_tp06_sl065,-4.6601500000002485,-5.710150000000249,-6.4101500000002485,0,0,0,1,5.710150000000249,116.96000000000004,32.23000000000047,0.0896680111697265,28.42999999999938,0.3496306718255619,7.829999999999927,15.20250000000001,0.184,-1.0,,,13,1,1.0,2026
2026-01-14 13:00:00+00:00|1.0|hr_asia_london_align_h13_lq35_aq35_tp06_sl065,2026-01-14 13:00:00+00:00,STAGE29A,data/reports/stage29a_high_range_regime_continuation_discovery/stage29a_exact_trades.csv,high_range_asia_london_alignment_v1,hr_asia_london_align_h13_lq35_aq35_tp06_sl065,-4.402749999999832,-5.452749999999833,-6.152749999999832,0,0,0,1,5.452749999999833,64.76999999999953,42.88000000000011,0.705457089552237,21.579999999999927,0.15848007414272866,10.30999999999949,16.248499999999968,0.396,1.0,,,13,2,1.0,2026
2026-01-23 13:00:00+00:00|-1.0|hr_asia_london_align_h13_lq35_aq35_tp06_sl065,2026-01-23 13:00:00+00:00,STAGE29A,data/reports/stage29a_high_range_regime_continuation_discovery/stage29a_exact_trades.csv,high_range_asia_london_alignment_v1,hr_asia_london_align_h13_lq35_aq35_tp06_sl065,-7.585800000000381,-8.635800000000382,-9.33580000000038,0,0,0,1,8.635800000000382,187.4799999999996,36.32999999999993,0.07349298100743402,67.39999999999964,0.3921364985163269,16.6899999999996,22.539999999999964,0.78,-1.0,,,13,4,1.0,2026
2026-01-27 13:00:00+00:00|1.0|hr_asia_london_align_h13_lq35_aq35_tp06_sl065,2026-01-27 13:00:00+00:00,STAGE29A,data/reports/stage29a_high_range_regime_continuation_discovery/stage29a_exact_trades.csv,high_range_asia_london_alignment_v1,hr_asia_london_align_h13_lq35_aq35_tp06_sl065,-6.362499999999818,-7.412499999999818,-8.112499999999818,0,0,0,1,7.412499999999818,120.89999999999964,66.71999999999935,0.3625599520383805,43.27999999999975,0.441543438077629,16.399999999999636,33.254499999999915,0.948,1.0,,,13,1,1.0,2026
2026-02-03 13:00:00+00:00|1.0|hr_asia_london_align_h13_lq35_aq35_tp06_sl065,2026-02-03 13:00:00+00:00,STAGE29A,data/reports/stage29a_high_range_regime_continuation_discovery/stage29a_exact_trades.csv,high_range_asia_london_alignment_v1,hr_asia_london_align_h13_lq35_aq35_tp06_sl065,-14.74522500000021,-15.79522500000021,-16.49522500000021,0,0,0,1,15.79522500000021,481.1899999999996,189.4900000000007,0.18222597498548535,139.53999999999996,0.6661889064067655,27.98999999999978,66.50050000000006,0.728,1.0,,,13,1,2.0,2026
2026-02-06 13:00:00+00:00|1.0|hr_asia_london_align_h13_lq35_aq35_tp06_sl065,2026-02-06 13:00:00+00:00,STAGE29A,data/reports/stage29a_high_range_regime_continuation_discovery/stage29a_exact_trades.csv,high_range_asia_london_alignment_v1,hr_asia_london_align_h13_lq35_aq35_tp06_sl065,-14.052975000000153,-15.102975000000152,-15.802975000000153,0,0,0,1,15.102975000000152,320.3100000000004,191.01000000000025,0.5794461022983098,95.03999999999996,0.6758207070707027,28.18000000000029,61.26499999999987,0.672,1.0,,,13,4,2.0,2026
2026-02-27 13:00:00+00:00|-1.0|hr_asia_london_align_h13_lq35_aq35_tp06_sl065,2026-02-27 13:00:00+00:00,STAGE29A,data/reports/stage29a_high_range_regime_continuation_discovery/stage29a_exact_trades.csv,high_range_asia_london_alignment_v1,hr_asia_london_align_h13_lq35_aq35_tp06_sl065,-4.592874999999912,-5.642874999999913,-6.342874999999912,0,0,0,1,5.642874999999913,74.60999999999967,32.68000000000029,0.08353733170136012,31.48999999999978,0.1292473801206649,12.0600000000004,19.138000000000055,0.152,-1.0,,,13,4,2.0,2026
2026-03-04 13:00:00+00:00|1.0|hr_asia_london_align_h13_lq35_aq35_tp06_sl065,2026-03-04 13:00:00+00:00,STAGE29A,data/reports/stage29a_high_range_regime_continuation_discovery/stage29a_exact_trades.csv,high_range_asia_london_alignment_v1,hr_asia_london_align_h13_lq35_aq35_tp06_sl065,8.353300000000127,7.303300000000126,6.603300000000127,1,1,1,0,7.303300000000126,382.7999999999993,105.97000000000024,0.29508351420212753,79.67000000000007,0.4089368645663348,22.420000000000073,38.758499999999955,0.904,1.0,,,13,2,3.0,2026
2026-03-10 13:00:00+00:00|1.0|hr_asia_london_align_h13_lq35_aq35_tp06_sl065,2026-03-10 13:00:00+00:00,STAGE29A,data/reports/stage29a_high_range_regime_continuation_discovery/stage29a_exact_trades.csv,high_range_asia_london_alignment_v1,hr_asia_london_align_h13_lq35_aq35_tp06_sl065,-6.728450000000157,-7.778450000000157,-8.478450000000157,0,0,0,1,7.778450000000157,176.90999999999983,69.05000000000018,0.35235336712526955,38.60999999999967,0.3504273504273468,27.339999999999236,21.969500000000018,0.148,1.0,,,13,1,3.0,2026
2026-03-30 13:00:00+00:00|1.0|hr_asia_london_align_h13_lq35_aq35_tp06_sl065,2026-03-30 13:00:00+00:00,STAGE29A,data/reports/stage29a_high_range_regime_continuation_discovery/stage29a_exact_trades.csv,high_range_asia_london_alignment_v1,hr_asia_london_align_h13_lq35_aq35_tp06_sl065,6.853599999999824,5.803599999999824,5.103599999999824,1,1,1,0,5.803599999999824,39.409999999999854,97.78999999999996,0.1155537376009836,64.01999999999953,0.5651358950328109,16.920000000000073,34.23499999999994,0.448,1.0,,,13,0,3.0,2026
2026-04-08 13:00:00+00:00|-1.0|hr_asia_london_align_h13_lq35_aq35_tp06_sl065,2026-04-08 13:00:00+00:00,STAGE29A,data/reports/stage29a_high_range_regime_continuation_discovery/stage29a_exact_trades.csv,high_range_asia_london_alignment_v1,hr_asia_london_align_h13_lq35_aq35_tp06_sl065,7.928800000000047,6.878800000000046,6.178800000000047,1,1,1,0,6.878800000000046,211.28000000000063,140.1299999999992,0.1491472204381693,66.96000000000004,0.2144563918757417,29.849999999999454,34.414499999999954,0.556,-1.0,,,13,2,4.0,2026
2026-04-14 13:00:00+00:00|1.0|hr_asia_london_align_h13_lq35_aq35_tp06_sl065,2026-04-14 13:00:00+00:00,STAGE29A,data/reports/stage29a_high_range_regime_continuation_discovery/stage29a_exact_trades.csv,high_range_asia_london_alignment_v1,hr_asia_london_align_h13_lq35_aq35_tp06_sl065,5.138500000000386,4.088500000000385,3.388500000000386,1,1,1,0,4.088500000000385,114.48000000000047,31.23999999999978,0.3117797695262436,37.72999999999956,0.2793532997614653,17.42999999999938,17.625499999999874,0.02,1.0,,,13,1,4.0,2026
2026-04-20 13:00:00+00:00|1.0|hr_asia_london_align_h13_lq35_aq35_tp06_sl065,2026-04-20 13:00:00+00:00,STAGE29A,data/reports/stage29a_high_range_regime_continuation_discovery/stage29a_exact_trades.csv,high_range_asia_london_alignment_v1,hr_asia_london_align_h13_lq35_aq35_tp06_sl065,-5.516850000000522,-6.566850000000523,-7.266850000000522,0,0,0,1,6.566850000000523,36.82000000000062,77.25,0.15093851132685895,26.13000000000011,0.027171833141983674,14.44000000000051,21.482000000000063,0.576,1.0,,,13,0,4.0,2026
2026-04-21 13:00:00+00:00|-1.0|hr_asia_london_align_h13_lq35_aq35_tp06_sl065,2026-04-21 13:00:00+00:00,STAGE29A,data/reports/stage29a_high_range_regime_continuation_discovery/stage29a_exact_trades.csv,high_range_asia_london_alignment_v1,hr_asia_london_align_h13_lq35_aq35_tp06_sl065,-5.919524999999885,-6.969524999999885,-7.669524999999885,0,0,0,1,6.969524999999885,90.67000000000009,40.39999999999964,0.7566831683168312,25.050000000000185,0.5417165668662519,8.170000000000073,13.963499999999977,0.012,-1.0,,,13,1,4.0,2026
2026-04-23 13:00:00+00:00|-1.0|hr_asia_london_align_h13_lq35_aq35_tp06_sl065,2026-04-23 13:00:00+00:00,STAGE29A,data/reports/stage29a_high_range_regime_continuation_discovery/stage29a_exact_trades.csv,high_range_asia_london_alignment_v1,hr_asia_london_align_h13_lq35_aq35_tp06_sl065,-6.040749999999752,-7.090749999999753,-7.790749999999752,0,0,0,1,7.090749999999753,56.470000000000255,59.63000000000011,0.37078651685392644,31.92999999999938,0.19417475728155145,8.960000000000036,17.336999999999897,0.324,-1.0,,,13,3,4.0,2026
2026-04-30 13:00:00+00:00|1.0|hr_asia_london_align_h13_lq35_aq35_tp06_sl065,2026-04-30 13:00:00+00:00,STAGE29A,data/reports/stage29a_high_range_regime_continuation_discovery/stage29a_exact_trades.csv,high_range_asia_london_alignment_v1,hr_asia_london_align_h13_lq35_aq35_tp06_sl065,5.790999999999622,4.740999999999621,4.040999999999622,1,1,1,0,4.740999999999621,99.84999999999944,43.11000000000058,0.09255393180235973,91.03999999999996,0.7621924428822534,17.480000000000473,19.930999999999766,0.688,1.0,,,13,3,4.0,2026
2026-05-04 13:00:00+00:00|-1.0|hr_asia_london_align_h13_lq35_aq35_tp06_sl065,2026-05-04 13:00:00+00:00,STAGE29A,data/reports/stage29a_high_range_regime_continuation_discovery/stage29a_exact_trades.csv,high_range_asia_london_alignment_v1,hr_asia_london_align_h13_lq35_aq35_tp06_sl065,-6.707324999999946,-7.757324999999946,-8.457324999999946,0,0,0,1,7.757324999999946,16.889999999999418,38.17999999999938,0.09979046621266507,42.73999999999978,0.9333177351427359,11.859999999999673,16.141499999999816,0.296,-1.0,,,13,0,5.0,2026
2026-05-07 13:00:00+00:00|1.0|hr_asia_london_align_h13_lq35_aq35_tp06_sl065,2026-05-07 13:00:00+00:00,STAGE29A,data/reports/stage29a_high_range_regime_continuation_discovery/stage29a_exact_trades.csv,high_range_asia_london_alignment_v1,hr_asia_london_align_h13_lq35_aq35_tp06_sl065,-7.344649999999637,-8.394649999999638,-9.094649999999636,0,0,0,1,8.394649999999638,176.60000000000036,35.909999999999854,0.12252854358116552,61.06999999999971,0.48747339119043176,17.550000000000182,16.67999999999997,0.26,1.0,,,13,3,5.0,2026
2026-06-08 13:00:00+00:00|-1.0|hr_asia_london_align_h13_lq35_aq35_tp06_sl065,2026-06-08 13:00:00+00:00,STAGE29A,data/reports/stage29a_high_range_regime_continuation_discovery/stage29a_exact_trades.csv,high_range_asia_london_alignment_v1,hr_asia_london_align_h13_lq35_aq35_tp06_sl065,7.230700000000434,6.180700000000433,5.480700000000434,1,1,1,0,6.180700000000433,20.30999999999949,53.06999999999971,0.010363670623690887,52.9399999999996,0.42595391008688027,28.890000000000327,23.318500000000085,0.944,-1.0,,,13,0,6.0,2026
2026-06-10 13:00:00+00:00|-1.0|hr_asia_london_align_h13_lq35_aq35_tp06_sl065,2026-06-10 13:00:00+00:00,STAGE29A,data/reports/stage29a_high_range_regime_continuation_discovery/stage29a_exact_trades.csv,high_range_asia_london_alignment_v1,hr_asia_london_align_h13_lq35_aq35_tp06_sl065,-8.285199999999895,-9.335199999999896,-10.035199999999897,0,0,0,1,9.335199999999896,126.54999999999929,84.05999999999949,0.8455864858434494,60.32999999999993,0.2671970827117505,16.359999999999673,26.670499999999993,0.992,-1.0,,,13,2,6.0,2026
2026-06-11 13:00:00+00:00|1.0|hr_asia_london_align_h13_lq35_aq35_tp06_sl065,2026-06-11 13:00:00+00:00,STAGE29A,data/reports/stage29a_high_range_regime_continuation_discovery/stage29a_exact_trades.csv,high_range_asia_london_alignment_v1,hr_asia_london_align_h13_lq35_aq35_tp06_sl065,-7.14509999999982,-8.19509999999982,-8.89509999999982,0,0,0,1,8.19509999999982,190.30999999999997,94.00999999999976,0.021380704180408716,42.4399999999996,0.4429783223374153,18.849999999999454,31.769499999999972,0.968,1.0,,,13,3,6.0,2026
2022-07-26 13:00:00+00:00|-1.0|hr_london_follow_h13_lq35_pq25_c00_tp06_sl065,2022-07-26 13:00:00+00:00,STAGE29A,data/reports/stage29a_high_range_regime_continuation_discovery/stage29a_exact_trades.csv,high_range_london_continuation_v1,hr_london_follow_h13_lq35_pq25_c00_tp06_sl065,-1.494974999999931,-2.544974999999931,-3.244974999999931,0,0,0,0,2.544974999999931,21.46000000000004,10.149999999999864,0.5320197044335137,8.980000000000018,0.4432071269487762,5.529999999999973,3.3735000000000013,0.132,-1.0,,,13,1,7.0,2022
2022-07-27 13:00:00+00:00|1.0|hr_london_follow_h13_lq35_pq25_c00_tp06_sl065,2022-07-27 13:00:00+00:00,STAGE29A,data/reports/stage29a_high_range_regime_continuation_discovery/stage29a_exact_trades.csv,high_range_london_continuation_v1,hr_london_follow_h13_lq35_pq25_c00_tp06_sl065,0.7734999999999218,-0.2765000000000781,-0.976500000000078,0,0,0,0,0.2765000000000781,14.579999999999927,4.2999999999999545,0.34883720930232925,11.460000000000036,0.47382198952878,3.0800000000001546,3.018999999999983,0.036,1.0,,,13,2,7.0,2022
2022-07-28 13:00:00+00:00|1.0|hr_london_follow_h13_lq35_pq25_c00_tp06_sl065,2022-07-28 13:00:00+00:00,STAGE29A,data/reports/stage29a_high_range_regime_continuation_discovery/stage29a_exact_trades.csv,high_range_london_continuation_v1,hr_london_follow_h13_lq35_pq25_c00_tp06_sl065,-1.933075000000008,-2.983075000000008,-3.683075000000008,0,0,0,0,2.983075000000008,28.66000000000008,7.730000000000018,0.18111254851230113,13.089999999999918,0.32773109243697407,6.100000000000136,4.770500000000004,0.708,1.0,,,13,3,7.0,2022
2022-08-09 13:00:00+00:00|1.0|hr_london_follow_h13_lq35_pq25_c00_tp06_sl065,2022-08-09 13:00:00+00:00,STAGE29A,data/reports/stage29a_high_range_regime_continuation_discovery/stage29a_exact_trades.csv,high_range_london_continuation_v1,hr_london_follow_h13_lq35_pq25_c00_tp06_sl065,-1.7539999999999965,-2.8039999999999963,-3.503999999999996,0,0,0,0,2.8039999999999963,19.449999999999815,7.440000000000055,0.3360215053763416,9.8599999999999,0.5324543610547722,3.9600000000000364,3.273000000000002,0.064,1.0,,,13,1,8.0,2022
2022-08-18 13:00:00+00:00|1.0|hr_london_follow_h13_lq35_pq25_c00_tp06_sl065,2022-08-18 13:00:00+00:00,STAGE29A,data/reports/stage29a_high_range_regime_continuation_discovery/stage29a_exact_trades.csv,high_range_london_continuation_v1,hr_london_follow_h13_lq35_pq25_c00_tp06_sl065,-1.3373499999998786,-2.3873499999998784,-3.087349999999878,0,0,0,0,2.3873499999998784,22.449999999999815,5.760000000000218,0.032986111111119334,8.139999999999873,0.7960687960688108,3.6799999999998363,3.254999999999984,0.184,1.0,,,13,3,8.0,2022
2022-08-26 13:00:00+00:00|-1.0|hr_london_follow_h13_lq35_pq25_c00_tp06_sl065,2022-08-26 13:00:00+00:00,STAGE29A,data/reports/stage29a_high_range_regime_continuation_discovery/stage29a_exact_trades.csv,high_range_london_continuation_v1,hr_london_follow_h13_lq35_pq25_c00_tp06_sl065,-1.6032000000001063,-2.653200000000106,-3.353200000000106,0,0,0,0,2.653200000000106,15.519999999999982,6.579999999999927,0.03647416413374039,9.5,0.804210526315776,3.2200000000000273,2.849499999999955,0.044,-1.0,,,13,4,8.0,2022
2022-08-30 13:00:00+00:00|-1.0|hr_london_follow_h13_lq35_pq25_c00_tp06_sl065,2022-08-30 13:00:00+00:00,STAGE29A,data/reports/stage29a_high_range_regime_continuation_discovery/stage29a_exact_trades.csv,high_range_london_continuation_v1,hr_london_follow_h13_lq35_pq25_c00_tp06_sl065,-1.7689499999999954,-2.818949999999995,-3.518949999999995,0,0,0,0,2.818949999999995,25.17999999999984,6.619999999999891,0.38670694864051586,8.840000000000146,0.07352941176468925,3.310000000000173,3.280000000000007,0.292,-1.0,,,13,1,8.0,2022
2022-09-09 13:00:00+00:00|1.0|hr_london_follow_h13_lq35_pq25_c00_tp06_sl065,2022-09-09 13:00:00+00:00,STAGE29A,data/reports/stage29a_high_range_regime_continuation_discovery/stage29a_exact_trades.csv,high_range_london_continuation_v1,hr_london_follow_h13_lq35_pq25_c00_tp06_sl065,0.9864999999998872,-0.0635000000001126,-0.7635000000001124,0,0,0,0,0.0635000000001126,24.13000000000011,12.230000000000018,0.821749795584623,11.269999999999982,0.7080745341614935,3.6900000000000546,3.5004999999999997,0.264,1.0,,,13,4,9.0,2022
2022-09-16 13:00:00+00:00|-1.0|hr_london_follow_h13_lq35_pq25_c00_tp06_sl065,2022-09-16 13:00:00+00:00,STAGE29A,data/reports/stage29a_high_range_regime_continuation_discovery/stage29a_exact_trades.csv,high_range_london_continuation_v1,hr_london_follow_h13_lq35_pq25_c00_tp06_sl065,-1.979875000000084,-3.029875000000084,-3.7298750000000833,0,0,0,0,3.029875000000084,37.89999999999986,6.4500000000000455,0.26976744186046464,12.11999999999989,0.3902640264026453,7.3599999999999,5.310999999999979,0.928,-1.0,,,13,4,9.0,2022
2022-09-20 13:00:00+00:00|-1.0|hr_london_follow_h13_lq35_pq25_c00_tp06_sl065,2022-09-20 13:00:00+00:00,STAGE29A,data/reports/stage29a_high_range_regime_continuation_discovery/stage29a_exact_trades.csv,high_range_london_continuation_v1,hr_london_follow_h13_lq35_pq25_c00_tp06_sl065,-1.6984249999999066,-2.7484249999999064,-3.448424999999906,0,0,0,0,2.7484249999999064,20.230000000000015,6.029999999999973,0.2338308457711212,10.629999999999882,0.8701787394167547,3.6799999999998363,3.3575000000000044,0.092,-1.0,,,13,1,9.0,2022
2022-09-21 13:00:00+00:00|1.0|hr_london_follow_h13_lq35_pq25_c00_tp06_sl065,2022-09-21 13:00:00+00:00,STAGE29A,data/reports/stage29a_high_range_regime_continuation_discovery/stage29a_exact_trades.csv,high_range_london_continuation_v1,hr_london_follow_h13_lq35_pq25_c00_tp06_sl065,-1.8778250000001209,-2.9278250000001207,-3.62782500000012,0,0,0,0,2.9278250000001207,19.49000000000001,4.599999999999909,0.31304347826083817,14.440000000000056,0.6606648199445934,3.990000000000009,3.2250000000000227,0.048,1.0,,,13,2,9.0,2022
2022-09-23 13:00:00+00:00|-1.0|hr_london_follow_h13_lq35_pq25_c00_tp06_sl065,2022-09-23 13:00:00+00:00,STAGE29A,data/reports/stage29a_high_range_regime_continuation_discovery/stage29a_exact_trades.csv,high_range_london_continuation_v1,hr_london_follow_h13_lq35_pq25_c00_tp06_sl065,1.2669999999999615,0.2169999999999619,-0.4830000000000378,1,0,1,0,0.2169999999999619,29.309999999999945,7.279999999999973,0.2967032967033091,21.38000000000011,0.5673526660430225,10.400000000000091,3.988000000000011,0.42,-1.0,,,13,4,9.0,2022
2022-09-27 13:00:00+00:00|1.0|hr_london_follow_h13_lq35_pq25_c00_tp06_sl065,2022-09-27 13:00:00+00:00,STAGE29A,data/reports/stage29a_high_range_regime_continuation_discovery/stage29a_exact_trades.csv,high_range_london_continuation_v1,hr_london_follow_h13_lq35_pq25_c00_tp06_sl065,-1.988650000000098,-3.0386500000000978,-3.7386500000000975,0,0,0,0,3.0386500000000978,28.61999999999989,10.209999999999807,0.36924583741430483,9.63000000000011,0.1921079958463256,4.690000000000055,4.840999999999974,0.476,1.0,,,13,1,9.0,2022
2022-10-04 13:00:00+00:00|1.0|hr_london_follow_h13_lq35_pq25_c00_tp06_sl065,2022-10-04 13:00:00+00:00,STAGE29A,data/reports/stage29a_high_range_regime_continuation_discovery/stage29a_exact_trades.csv,high_range_london_continuation_v1,hr_london_follow_h13_lq35_pq25_c00_tp06_sl065,1.3131999999999606,0.2631999999999608,-0.4368000000000389,1,0,1,0,0.2631999999999608,41.819999999999936,7.339999999999918,0.08446866485012232,13.170000000000073,0.6522399392558748,4.329999999999927,5.523500000000001,0.576,1.0,,,13,1,10.0,2022
2022-10-05 13:00:00+00:00|-1.0|hr_london_follow_h13_lq35_pq25_c00_tp06_sl065,2022-10-05 13:00:00+00:00,STAGE29A,data/reports/stage29a_high_range_regime_continuation_discovery/stage29a_exact_trades.csv,high_range_london_continuation_v1,hr_london_follow_h13_lq35_pq25_c00_tp06_sl065,-2.4095249999998942,-3.459524999999894,-4.159524999999894,0,0,0,1,3.459524999999894,34.200000000000045,8.230000000000018,0.7095990279465255,21.699999999999815,0.5949308755760456,9.069999999999936,5.20849999999997,0.464,-1.0,,,13,2,10.0,2022
2022-10-12 13:00:00+00:00|1.0|hr_london_follow_h13_lq35_pq25_c00_tp06_sl065,2022-10-12 13:00:00+00:00,STAGE29A,data/reports/stage29a_high_range_regime_continuation_discovery/stage29a_exact_trades.csv,high_range_london_continuation_v1,hr_london_follow_h13_lq35_pq25_c00_tp06_sl065,-2.074449999999933,-3.1244499999999333,-3.824449999999933,0,0,0,1,3.1244499999999333,22.8900000000001,5.490000000000009,0.14207650273223524,10.549999999999956,0.45118483412322385,4.449999999999818,5.134500000000003,0.58,1.0,,,13,2,10.0,2022
2022-10-13 13:00:00+00:00|1.0|hr_london_follow_h13_lq35_pq25_c00_tp06_sl065,2022-10-13 13:00:00+00:00,STAGE29A,data/reports/stage29a_high_range_regime_continuation_discovery/stage29a_exact_trades.csv,high_range_london_continuation_v1,hr_london_follow_h13_lq35_pq25_c00_tp06_sl065,-1.6145749999999226,-2.6645749999999224,-3.364574999999922,0,0,0,0,2.6645749999999224,16.950000000000045,6.440000000000055,0.669254658385079,10.8900000000001,0.5096418732782281,3.4700000000000273,3.1000000000000454,0.004,1.0,,,13,3,10.0,2022
2022-10-14 13:00:00+00:00|-1.0|hr_london_follow_h13_lq35_pq25_c00_tp06_sl065,2022-10-14 13:00:00+00:00,STAGE29A,data/reports/stage29a_high_range_regime_continuation_discovery/stage29a_exact_trades.csv,high_range_london_continuation_v1,hr_london_follow_h13_lq35_pq25_c00_tp06_sl065,-2.245399999999881,-3.2953999999998813,-3.995399999999881,0,0,0,1,3.2953999999998813,40.01999999999998,11.259999999999993,0.3028419182948565,21.539999999999964,0.7000928505106861,10.539999999999964,5.641999999999996,0.76,-1.0,,,13,4,10.0,2022
2022-10-19 13:00:00+00:00|-1.0|hr_london_follow_h13_lq35_pq25_c00_tp06_sl065,2022-10-19 13:00:00+00:00,STAGE29A,data/reports/stage29a_high_range_regime_continuation_discovery/stage29a_exact_trades.csv,high_range_london_continuation_v1,hr_london_follow_h13_lq35_pq25_c00_tp06_sl065,-2.060800000000063,-3.110800000000063,-3.810800000000063,0,0,0,1,3.110800000000063,15.049999999999956,5.379999999999882,0.6189591078067338,11.819999999999936,0.6142131979695457,3.0499999999999545,3.871999999999969,0.1,-1.0,,,13,2,10.0,2022
2022-10-21 13:00:00+00:00|1.0|hr_london_follow_h13_lq35_pq25_c00_tp06_sl065,2022-10-21 13:00:00+00:00,STAGE29A,data/reports/stage29a_high_range_regime_continuation_discovery/stage29a_exact_trades.csv,high_range_london_continuation_v1,hr_london_follow_h13_lq35_pq25_c00_tp06_sl065,1.1772999999999685,0.1272999999999684,-0.5727000000000313,1,0,0,0,0.1272999999999684,23.12000000000012,7.769999999999982,0.653796653796646,10.059999999999944,0.37872763419482763,5.3900000000001,4.369499999999993,0.416,1.0,,,13,4,10.0,2022
2022-10-25 13:00:00+00:00|-1.0|hr_london_follow_h13_lq35_pq25_c00_tp06_sl065,2022-10-25 13:00:00+00:00,STAGE29A,data/reports/stage29a_high_range_regime_continuation_discovery/stage29a_exact_trades.csv,high_range_london_continuation_v1,hr_london_follow_h13_lq35_pq25_c00_tp06_sl065,-1.7088250000000245,-2.7588250000000243,-3.458825000000024,0,0,0,0,2.7588250000000243,26.539999999999964,7.680000000000064,0.032552083333333065,13.129999999999882,0.885757806549902,4.970000000000027,3.6740000000000235,0.06,-1.0,,,13,1,10.0,2022
2022-10-28 13:00:00+00:00|-1.0|hr_london_follow_h13_lq35_pq25_c00_tp06_sl065,2022-10-28 13:00:00+00:00,STAGE29A,data/reports/stage29a_high_range_regime_continuation_discovery/stage29a_exact_trades.csv,high_range_london_continuation_v1,hr_london_follow_h13_lq35_pq25_c00_tp06_sl065,1.1655999999999491,0.1155999999999495,-0.5844000000000502,1,0,0,0,0.1155999999999495,15.939999999999827,6.419999999999845,0.39408099688474046,18.899999999999864,0.7962962962962996,4.789999999999964,4.1019999999999985,0.232,-1.0,,,13,4,10.0,2022
2022-11-03 13:00:00+00:00|-1.0|hr_london_follow_h13_lq35_pq25_c00_tp06_sl065,2022-11-03 13:00:00+00:00,STAGE29A,data/reports/stage29a_high_range_regime_continuation_discovery/stage29a_exact_trades.csv,high_range_london_continuation_v1,hr_london_follow_h13_lq35_pq25_c00_tp06_sl065,1.2013000000000829,0.151300000000083,-0.5486999999999167,1,0,0,0,0.151300000000083,37.6099999999999,9.11999999999989,0.2971491228070251,18.699999999999815,0.8711229946524129,4.6099999999999,5.437499999999955,0.888,-1.0,,,13,3,11.0,2022
2022-11-04 13:00:00+00:00|1.0|hr_london_follow_h13_lq35_pq25_c00_tp06_sl065,2022-11-04 13:00:00+00:00,STAGE29A,data/reports/stage29a_high_range_regime_continuation_discovery/stage29a_exact_trades.csv,high_range_london_continuation_v1,hr_london_follow_h13_lq35_pq25_c00_tp06_sl065,-2.095574999999917,-3.145574999999917,-3.8455749999999167,0,0,0,1,3.145574999999917,24.37999999999988,18.419999999999845,0.9799131378935997,8.700000000000045,0.3218390804597632,6.6099999999999,3.9944999999999937,0.284,1.0,,,13,4,11.0,2022
2022-11-09 13:00:00+00:00|1.0|hr_london_follow_h13_lq35_pq25_c00_tp06_sl065,2022-11-09 13:00:00+00:00,STAGE29A,data/reports/stage29a_high_range_regime_continuation_discovery/stage29a_exact_trades.csv,high_range_london_continuation_v1,hr_london_follow_h13_lq35_pq25_c00_tp06_sl065,-1.893100000000095,-2.943100000000095,-3.643100000000095,0,0,0,0,2.943100000000095,52.25,6.430000000000064,0.4790046656298793,11.860000000000127,0.023608768971329654,5.019999999999982,5.360500000000013,0.864,1.0,,,13,2,11.0,2022
2022-11-30 13:00:00+00:00|1.0|hr_london_follow_h13_lq35_pq25_c00_tp06_sl065,2022-11-30 13:00:00+00:00,STAGE29A,data/reports/stage29a_high_range_regime_continuation_discovery/stage29a_exact_trades.csv,high_range_london_continuation_v1,hr_london_follow_h13_lq35_pq25_c00_tp06_sl065,0.7779999999999291,-0.2720000000000708,-0.9720000000000706,0,0,0,0,0.2720000000000708,19.48999999999978,7.899999999999864,0.6734177215190197,10.210000000000036,0.4338883447600216,4.7000000000000455,3.161500000000001,0.132,1.0,,,13,2,11.0,2022
2022-12-16 13:00:00+00:00|1.0|hr_london_follow_h13_lq35_pq25_c00_tp06_sl065,2022-12-16 13:00:00+00:00,STAGE29A,data/reports/stage29a_high_range_regime_continuation_discovery/stage29a_exact_trades.csv,high_range_london_continuation_v1,hr_london_follow_h13_lq35_pq25_c00_tp06_sl065,-1.989949999999999,-3.039949999999999,-3.739949999999999,0,0,0,0,3.039949999999999,34.799999999999955,8.639999999999873,0.2685185185185414,10.599999999999907,0.1849056603773635,3.9300000000000637,3.8604999999999903,0.368,1.0,,,13,4,12.0,2022
2022-12-20 13:00:00+00:00|1.0|hr_london_follow_h13_lq35_pq25_c00_tp06_sl065,2022-12-20 13:00:00+00:00,STAGE29A,data/reports/stage29a_high_range_regime_continuation_discovery/stage29a_exact_trades.csv,high_range_london_continuation_v1,hr_london_follow_h13_lq35_pq25_c00_tp06_sl065,-2.0152999999998884,-3.065299999999888,-3.765299999999888,0,0,0,1,3.065299999999888,15.0,11.589999999999918,0.2683347713546289,20.91000000000008,0.7723577235772371,2.599999999999909,4.288999999999999,0.6,1.0,,,13,1,12.0,2022
2022-12-30 13:00:00+00:00|1.0|hr_london_follow_h13_lq35_pq25_c00_tp06_sl065,2022-12-30 13:00:00+00:00,STAGE29A,data/reports/stage29a_high_range_regime_continuation_discovery/stage29a_exact_trades.csv,high_range_london_continuation_v1,hr_london_follow_h13_lq35_pq25_c00_tp06_sl065,0.7038999999998851,-0.3461000000001148,-1.0461000000001146,0,0,0,0,0.3461000000001148,16.450000000000045,5.330000000000155,0.13320825515947762,8.910000000000082,0.043771043771029076,3.2999999999999545,2.982000000000005,0.04,1.0,,,13,4,12.0,2022
2023-01-04 13:00:00+00:00|1.0|hr_london_follow_h13_lq35_pq25_c00_tp06_sl065,2023-01-04 13:00:00+00:00,STAGE29A,data/reports/stage29a_high_range_regime_continuation_discovery/stage29a_exact_trades.csv,high_range_london_continuation_v1,hr_london_follow_h13_lq35_pq25_c00_tp06_sl065,-2.2271999999999026,-3.2771999999999024,-3.977199999999902,0,0,0,1,3.2771999999999024,26.21000000000004,12.019999999999982,0.8460898502495914,20.41000000000008,0.5982361587457122,3.9200000000000728,4.726000000000011,0.76,1.0,,,13,2,1.0,2023
2023-01-18 13:00:00+00:00|1.0|hr_london_follow_h13_lq35_pq25_c00_tp06_sl065,2023-01-18 13:00:00+00:00,STAGE29A,data/reports/stage29a_high_range_regime_continuation_discovery/stage29a_exact_trades.csv,high_range_london_continuation_v1,hr_london_follow_h13_lq35_pq25_c00_tp06_sl065,1.1572000000000116,0.1072000000000117,-0.592799999999988,1,0,0,0,0.1072000000000117,15.2800000000002,13.089999999999918,0.7097020626432408,19.33999999999992,0.7699069286453032,3.7200000000000273,4.592999999999972,0.476,1.0,,,13,2,1.0,2023
2023-01-19 13:00:00+00:00|-1.0|hr_london_follow_h13_lq35_pq25_c00_tp06_sl065,2023-01-19 13:00:00+00:00,STAGE29A,data/reports/stage29a_high_range_regime_continuation_discovery/stage29a_exact_trades.csv,high_range_london_continuation_v1,hr_london_follow_h13_lq35_pq25_c00_tp06_sl065,0.9829000000001088,-0.0670999999998911,-0.7670999999998909,0,0,0,0,0.0670999999998911,29.269999999999985,9.970000000000027,0.29388164493481,10.379999999999882,0.023121387283238135,3.800000000000182,4.57049999999997,0.464,-1.0,,,13,3,1.0,2023
2023-01-26 13:00:00+00:00|-1.0|hr_london_follow_h13_lq35_pq25_c00_tp06_sl065,2023-01-26 13:00:00+00:00,STAGE29A,data/reports/stage29a_high_range_regime_continuation_discovery/stage29a_exact_trades.csv,high_range_london_continuation_v1,hr_london_follow_h13_lq35_pq25_c00_tp06_sl065,1.187800000000061,0.1378000000000612,-0.5621999999999385,1,0,0,0,0.1378000000000612,28.65999999999985,6.610000000000127,0.2632375189107376,15.129999999999882,0.6549900859220198,2.0299999999999727,4.674000000000001,0.468,-1.0,,,13,3,1.0,2023
2023-01-31 13:00:00+00:00|-1.0|hr_london_follow_h13_lq35_pq25_c00_tp06_sl065,2023-01-31 13:00:00+00:00,STAGE29A,data/reports/stage29a_high_range_regime_continuation_discovery/stage29a_exact_trades.csv,high_range_london_continuation_v1,hr_london_follow_h13_lq35_pq25_c00_tp06_sl065,1.0702000000000225,0.0202000000000226,-0.6797999999999771,1,0,0,0,0.0202000000000226,13.839999999999918,8.539999999999964,0.2412177985948424,19.180000000000064,0.7987486965589214,3.8500000000001364,3.6990000000000123,0.06,-1.0,,,13,1,1.0,2023
2023-02-03 13:00:00+00:00|-1.0|hr_london_follow_h13_lq35_pq25_c00_tp06_sl065,2023-02-03 13:00:00+00:00,STAGE29A,data/reports/stage29a_high_range_regime_continuation_discovery/stage29a_exact_trades.csv,high_range_london_continuation_v1,hr_london_follow_h13_lq35_pq25_c00_tp06_sl065,-1.986700000000019,-3.036700000000019,-3.7367000000000186,0,0,0,0,3.036700000000019,48.44999999999982,7.269999999999982,0.13480055020633022,8.599999999999909,0.490697674418613,3.8899999999998727,4.705499999999972,0.42,-1.0,,,13,4,2.0,2023
2023-02-08 13:00:00+00:00|1.0|hr_london_follow_h13_lq35_pq25_c00_tp06_sl065,2023-02-08 13:00:00+00:00,STAGE29A,data/reports/stage29a_high_range_regime_continuation_discovery/stage29a_exact_trades.csv,high_range_london_continuation_v1,hr_london_follow_h13_lq35_pq25_c00_tp06_sl065,1.4019999999999526,0.3519999999999528,-0.3480000000000469,1,0,1,0,0.3519999999999528,19.3599999999999,7.039999999999964,0.6022727272727316,13.2199999999998,0.2798789712556809,7.430000000000064,6.410499999999968,0.864,1.0,,,13,2,2.0,2023
2023-02-15 13:00:00+00:00|-1.0|hr_london_follow_h13_lq35_pq25_c00_tp06_sl065,2023-02-15 13:00:00+00:00,STAGE29A,data/reports/stage29a_high_range_regime_continuation_discovery/stage29a_exact_trades.csv,high_range_london_continuation_v1,hr_london_follow_h13_lq35_pq25_c00_tp06_sl065,-2.3481000000000223,-3.398100000000022,-4.098100000000022,0,0,0,1,3.398100000000022,27.169999999999845,13.559999999999944,0.5243362831858355,16.019999999999982,0.7771535580524381,3.9500000000000455,5.293000000000006,0.48,-1.0,,,13,2,2.0,2023
2023-02-16 13:00:00+00:00|-1.0|hr_london_follow_h13_lq35_pq25_c00_tp06_sl065,2023-02-16 13:00:00+00:00,STAGE29A,data/reports/stage29a_high_range_regime_continuation_discovery/stage29a_exact_trades.csv,high_range_london_continuation_v1,hr_london_follow_h13_lq35_pq25_c00_tp06_sl065,1.0048000000000683,-0.0451999999999315,-0.7451999999999313,0,0,0,0,0.0451999999999315,29.50999999999999,8.169999999999845,0.3659730722154303,10.549999999999956,0.1184834123222754,3.7999999999999545,4.165999999999985,0.168,-1.0,,,13,3,2.0,2023
2023-02-17 13:00:00+00:00|-1.0|hr_london_follow_h13_lq35_pq25_c00_tp06_sl065,2023-02-17 13:00:00+00:00,STAGE29A,data/reports/stage29a_high_range_regime_continuation_discovery/stage29a_exact_trades.csv,high_range_london_continuation_v1,hr_london_follow_h13_lq35_pq25_c00_tp06_sl065,-2.1505000000000565,-3.2005000000000563,-3.900500000000056,0,0,0,1,3.2005000000000563,17.670000000000073,12.660000000000082,0.5979462875197383,9.319999999999936,0.3508583690987129,3.509999999999991,4.853499999999997,0.416,-1.0,,,13,4,2.0,2023
2023-03-10 13:00:00+00:00|1.0|hr_london_follow_h13_lq35_pq25_c00_tp06_sl065,2023-03-10 13:00:00+00:00,STAGE29A,data/reports/stage29a_high_range_regime_continuation_discovery/stage29a_exact_trades.csv,high_range_london_continuation_v1,hr_london_follow_h13_lq35_pq25_c00_tp06_sl065,-1.8245250000000848,-2.874525000000085,-3.5745250000000848,0,0,0,0,2.874525000000085,23.67999999999984,7.129999999999882,0.25385694249649027,8.730000000000018,0.345933562428405,4.080000000000155,3.894500000000039,0.76,1.0,,,13,4,3.0,2023
2023-03-14 13:00:00+00:00|-1.0|hr_london_follow_h13_lq35_pq25_c00_tp06_sl065,2023-03-14 13:00:00+00:00,STAGE29A,data/reports/stage29a_high_range_regime_continuation_discovery/stage29a_exact_trades.csv,high_range_london_continuation_v1,hr_london_follow_h13_lq35_pq25_c00_tp06_sl065,-2.383200000000079,-3.433200000000079,-4.133200000000079,0,0,0,1,3.433200000000079,43.12999999999988,12.549999999999956,0.7274900398406307,12.61999999999989,0.03328050713152528,3.769999999999982,5.18850000000001,0.828,-1.0,,,13,1,3.0,2023
2023-03-16 13:00:00+00:00|1.0|hr_london_follow_h13_lq35_pq25_c00_tp06_sl065,2023-03-16 13:00:00+00:00,STAGE29A,data/reports/stage29a_high_range_regime_continuation_discovery/stage29a_exact_trades.csv,high_range_london_continuation_v1,hr_london_follow_h13_lq35_pq25_c00_tp06_sl065,-2.4514500000001136,-3.5014500000001134,-4.201450000000113,0,0,0,1,3.5014500000001134,51.57999999999993,16.930000000000064,0.24453632604843972,10.720000000000027,0.868470149253724,4.350000000000136,6.749499999999989,0.788,1.0,,,13,3,3.0,2023
2023-03-20 13:00:00+00:00|1.0|hr_london_follow_h13_lq35_pq25_c00_tp06_sl065,2023-03-20 13:00:00+00:00,STAGE29A,data/reports/stage29a_high_range_regime_continuation_discovery/stage29a_exact_trades.csv,high_range_london_continuation_v1,hr_london_follow_h13_lq35_pq25_c00_tp06_sl065,3.648699999999872,2.598699999999872,1.898699999999872,1,1,1,0,2.598699999999872,15.549999999999956,22.420000000000076,0.4214986619090105,35.87000000000012,0.16085865625871099,14.710000000000036,10.59599999999997,0.992,1.0,,,13,0,3.0,2023
2023-03-21 13:00:00+00:00|-1.0|hr_london_follow_h13_lq35_pq25_c00_tp06_sl065,2023-03-21 13:00:00+00:00,STAGE29A,data/reports/stage29a_high_range_regime_continuation_discovery/stage29a_exact_trades.csv,high_range_london_continuation_v1,hr_london_follow_h13_lq35_pq25_c00_tp06_sl065,1.7377000000000409,0.6877000000000408,-0.0122999999999589,1,0,1,0,0.6877000000000408,43.950000000000045,9.779999999999973,0.33742331288343186,20.310000000000173,0.6233382570162357,5.069999999999936,5.340999999999974,0.44,-1.0,,,13,1,3.0,2023
2023-03-22 13:00:00+00:00|1.0|hr_london_follow_h13_lq35_pq25_c00_tp06_sl065,2023-03-22 13:00:00+00:00,STAGE29A,data/reports/stage29a_high_range_regime_continuation_discovery/stage29a_exact_trades.csv,high_range_london_continuation_v1,hr_london_follow_h13_lq35_pq25_c00_tp06_sl065,-2.249625000000014,-3.2996250000000145,-3.999625000000014,0,0,0,1,3.2996250000000145,49.75,8.330000000000155,0.03121248499399593,11.389999999999873,0.2906057945566271,5.069999999999936,4.805000000000052,0.28,1.0,,,13,2,3.0,2023
2023-03-23 13:00:00+00:00|-1.0|hr_london_follow_h13_lq35_pq25_c00_tp06_sl065,2023-03-23 13:00:00+00:00,STAGE29A,data/reports/stage29a_high_range_regime_continuation_discovery/stage29a_exact_trades.csv,high_range_london_continuation_v1,hr_london_follow_h13_lq35_pq25_c00_tp06_sl065,-2.520024999999896,-3.570024999999896,-4.270024999999896,0,0,0,1,3.570024999999896,44.49000000000001,13.700000000000044,0.5751824817518143,9.3599999999999,0.01816239316240113,4.4099999999998545,7.595999999999992,0.66,-1.0,,,13,3,3.0,2023
2023-03-30 13:00:00+00:00|1.0|hr_london_follow_h13_lq35_pq25_c00_tp06_sl065,2023-03-30 13:00:00+00:00,STAGE29A,data/reports/stage29a_high_range_regime_continuation_discovery/stage29a_exact_trades.csv,high_range_london_continuation_v1,hr_london_follow_h13_lq35_pq25_c00_tp06_sl065,0.9805000000000292,-0.0694999999999708,-0.7694999999999705,0,0,0,0,0.0694999999999708,15.759999999999993,9.539999999999964,0.4947589098532542,12.559999999999944,0.6162420382165639,1.6600000000000819,4.042999999999973,0.048,1.0,,,13,3,3.0,2023
2023-03-31 13:00:00+00:00|-1.0|hr_london_follow_h13_lq35_pq25_c00_tp06_sl065,2023-03-31 13:00:00+00:00,STAGE29A,data/reports/stage29a_high_range_regime_continuation_discovery/stage29a_exact_trades.csv,high_range_london_continuation_v1,hr_london_follow_h13_lq35_pq25_c00_tp06_sl065,-1.9740250000000743,-3.024025000000074,-3.724025000000074,0,0,0,0,3.024025000000074,28.91000000000008,5.970000000000027,0.3417085427135983,11.840000000000146,0.22972972972972922,5.240000000000009,4.062999999999965,0.096,-1.0,,,13,4,3.0,2023
2023-04-10 13:00:00+00:00|1.0|hr_london_follow_h13_lq35_pq25_c00_tp06_sl065,2023-04-10 13:00:00+00:00,STAGE29A,data/reports/stage29a_high_range_regime_continuation_discovery/stage29a_exact_trades.csv,high_range_london_continuation_v1,hr_london_follow_h13_lq35_pq25_c00_tp06_sl065,-1.4810000000000856,-2.5310000000000854,-3.231000000000085,0,0,0,0,2.5310000000000854,17.029999999999973,17.65000000000009,0.8271954674220869,12.220000000000027,0.786415711947617,4.930000000000064,5.2620000000000235,0.588,1.0,,,13,0,4.0,2023
2023-04-13 13:00:00+00:00|1.0|hr_london_follow_h13_lq35_pq25_c00_tp06_sl065,2023-04-13 13:00:00+00:00,STAGE29A,data/reports/stage29a_high_range_regime_continuation_discovery/stage29a_exact_trades.csv,high_range_london_continuation_v1,hr_london_follow_h13_lq35_pq25_c00_tp06_sl065,-1.7754499999999551,-2.825449999999955,-3.525449999999955,0,0,0,0,2.825449999999955,27.13000000000011,6.1400000000001,0.3697068403908705,13.950000000000044,0.6566308243727635,2.9199999999998454,4.161999999999978,0.308,1.0,,,13,3,4.0,2023
2023-04-19 13:00:00+00:00|-1.0|hr_london_follow_h13_lq35_pq25_c00_tp06_sl065,2023-04-19 13:00:00+00:00,STAGE29A,data/reports/stage29a_high_range_regime_continuation_discovery/stage29a_exact_trades.csv,high_range_london_continuation_v1,hr_london_follow_h13_lq35_pq25_c00_tp06_sl065,-2.968199999999888,-4.018199999999888,-4.718199999999888,0,0,0,1,4.018199999999888,20.6099999999999,6.189999999999827,0.34087237479809146,31.71000000000004,0.9274676758120481,7.639999999999873,4.9204999999999925,0.476,-1.0,,,13,2,4.0,2023
2023-04-20 13:00:00+00:00|1.0|hr_london_follow_h13_lq35_pq25_c00_tp06_sl065,2023-04-20 13:00:00+00:00,STAGE29A,data/reports/stage29a_high_range_regime_continuation_discovery/stage29a_exact_trades.csv,high_range_london_continuation_v1,hr_london_follow_h13_lq35_pq25_c00_tp06_sl065,1.2103000000000974,0.1603000000000976,-0.5396999999999021,1,0,1,0,0.1603000000000976,38.95999999999981,8.179999999999836,0.20904645476773479,9.779999999999973,0.6932515337423304,7.809999999999945,4.066000000000019,0.2,1.0,,,13,3,4.0,2023
2023-04-25 13:00:00+00:00|-1.0|hr_london_follow_h13_lq35_pq25_c00_tp06_sl065,2023-04-25 13:00:00+00:00,STAGE29A,data/reports/stage29a_high_range_regime_continuation_discovery/stage29a_exact_trades.csv,high_range_london_continuation_v1,hr_london_follow_h13_lq35_pq25_c00_tp06_sl065,1.202500000000009,0.1525000000000091,-0.5474999999999905,1,0,1,0,0.1525000000000091,18.579999999999927,12.269999999999982,0.013039934800332689,10.289999999999964,0.4528668610301359,3.839999999999918,4.624499999999978,0.412,-1.0,,,13,1,4.0,2023
2023-05-05 13:00:00+00:00|-1.0|hr_london_follow_h13_lq35_pq25_c00_tp06_sl065,2023-05-05 13:00:00+00:00,STAGE29A,data/reports/stage29a_high_range_regime_continuation_discovery/stage29a_exact_trades.csv,high_range_london_continuation_v1,hr_london_follow_h13_lq35_pq25_c00_tp06_sl065,-1.6789250000000266,-2.7289250000000265,-3.428925000000026,0,0,0,0,2.7289250000000265,47.87999999999988,7.529999999999973,0.10092961487380694,13.800000000000182,0.8630434782608641,2.900000000000091,4.995000000000016,0.504,-1.0,,,13,4,5.0,2023
2023-05-24 13:00:00+00:00|-1.0|hr_london_follow_h13_lq35_pq25_c00_tp06_sl065,2023-05-24 13:00:00+00:00,STAGE29A,data/reports/stage29a_high_range_regime_continuation_discovery/stage29a_exact_trades.csv,high_range_london_continuation_v1,hr_london_follow_h13_lq35_pq25_c00_tp06_sl065,-2.011399999999958,-3.0613999999999577,-3.761399999999957,0,0,0,0,3.0613999999999577,23.449999999999815,4.529999999999973,0.0883002207505223,9.820000000000164,0.036659877800396534,3.199999999999818,3.878999999999985,0.28,-1.0,,,13,2,5.0,2023
2023-05-25 13:00:00+00:00|1.0|hr_london_follow_h13_lq35_pq25_c00_tp06_sl065,2023-05-25 13:00:00+00:00,STAGE29A,data/reports/stage29a_high_range_regime_continuation_discovery/stage29a_exact_trades.csv,high_range_london_continuation_v1,hr_london_follow_h13_lq35_pq25_c00_tp06_sl065,0.84399999999996,-0.2060000000000399,-0.9060000000000396,0,0,0,0,0.2060000000000399,28.560000000000173,6.789999999999964,0.5729013254786629,9.850000000000136,0.39187817258884,3.509999999999991,4.429500000000007,0.536,1.0,,,13,3,5.0,2023
2023-07-21 13:00:00+00:00|-1.0|hr_london_follow_h13_lq35_pq25_c00_tp06_sl065,2023-07-21 13:00:00+00:00,STAGE29A,data/reports/stage29a_high_range_regime_continuation_discovery/stage29a_exact_trades.csv,high_range_london_continuation_v1,hr_london_follow_h13_lq35_pq25_c00_tp06_sl065,-1.6805500000001303,-2.73055000000013,-3.43055000000013,0,0,0,0,2.73055000000013,22.090000000000146,3.8600000000001273,0.0984455958548884,11.100000000000136,0.5630630630630561,3.5,3.1629999999999994,0.188,-1.0,,,13,4,7.0,2023
2023-08-22 13:00:00+00:00|1.0|hr_london_follow_h13_lq35_pq25_c00_tp06_sl065,2023-08-22 13:00:00+00:00,STAGE29A,data/reports/stage29a_high_range_regime_continuation_discovery/stage29a_exact_trades.csv,high_range_london_continuation_v1,hr_london_follow_h13_lq35_pq25_c00_tp06_sl065,-1.4303000000000794,-2.480300000000079,-3.180300000000079,0,0,0,0,2.480300000000079,14.160000000000082,3.6100000000001273,0.2576177285318645,9.980000000000018,0.6863727454909716,4.329999999999927,2.81700000000003,0.224,1.0,,,13,1,8.0,2023
2023-10-04 13:00:00+00:00|1.0|hr_london_follow_h13_lq35_pq25_c00_tp06_sl065,2023-10-04 13:00:00+00:00,STAGE29A,data/reports/stage29a_high_range_regime_continuation_discovery/stage29a_exact_trades.csv,high_range_london_continuation_v1,hr_london_follow_h13_lq35_pq25_c00_tp06_sl065,-1.540475000000106,-2.5904750000001058,-3.290475000000105,0,0,0,0,2.5904750000001058,18.170000000000076,5.2999999999999545,0.34905660377361364,7.849999999999909,0.1770700636942823,3.1099999999999,3.950000000000023,0.72,1.0,,,13,2,10.0,2023
2023-10-10 13:00:00+00:00|-1.0|hr_london_follow_h13_lq35_pq25_c00_tp06_sl065,2023-10-10 13:00:00+00:00,STAGE29A,data/reports/stage29a_high_range_regime_continuation_discovery/stage29a_exact_trades.csv,high_range_london_continuation_v1,hr_london_follow_h13_lq35_pq25_c00_tp06_sl065,0.7801000000000841,-0.2698999999999159,-0.9698999999999156,0,0,0,0,0.2698999999999159,19.25999999999999,5.050000000000182,0.20792079207919142,7.339999999999918,0.5640326975477038,2.0499999999999545,3.3339999999999916,0.296,-1.0,,,13,1,10.0,2023
2023-10-17 13:00:00+00:00|1.0|hr_london_follow_h13_lq35_pq25_c00_tp06_sl065,2023-10-17 13:00:00+00:00,STAGE29A,data/reports/stage29a_high_range_regime_continuation_discovery/stage29a_exact_trades.csv,high_range_london_continuation_v1,hr_london_follow_h13_lq35_pq25_c00_tp06_sl065,-1.5183749999999692,-2.568374999999969,-3.2683749999999687,0,0,0,0,2.568374999999969,22.09999999999991,9.3599999999999,0.22435897435899133,9.639999999999873,0.6390041493775868,4.919999999999845,3.052499999999975,0.132,1.0,,,13,1,10.0,2023
2023-10-20 13:00:00+00:00|1.0|hr_london_follow_h13_lq35_pq25_c00_tp06_sl065,2023-10-20 13:00:00+00:00,STAGE29A,data/reports/stage29a_high_range_regime_continuation_discovery/stage29a_exact_trades.csv,high_range_london_continuation_v1,hr_london_follow_h13_lq35_pq25_c00_tp06_sl065,1.075899999999956,0.025899999999956,-0.6741000000000437,1,0,0,0,0.025899999999956,32.50999999999999,10.069999999999936,0.5233366434955328,11.190000000000056,0.4387846291331395,5.039999999999964,5.7995,0.904,1.0,,,13,4,10.0,2023
2023-10-24 13:00:00+00:00|-1.0|hr_london_follow_h13_lq35_pq25_c00_tp06_sl065,2023-10-24 13:00:00+00:00,STAGE29A,data/reports/stage29a_high_range_regime_continuation_discovery/stage29a_exact_trades.csv,high_range_london_continuation_v1,hr_london_follow_h13_lq35_pq25_c00_tp06_sl065,-1.79462499999986,-2.84462499999986,-3.54462499999986,0,0,0,0,2.84462499999986,21.069999999999936,9.460000000000036,0.40697674418603536,14.259999999999993,0.7180925666199169,7.629999999999882,4.0440000000000165,0.432,-1.0,,,13,1,10.0,2023
2023-10-26 13:00:00+00:00|1.0|hr_london_follow_h13_lq35_pq25_c00_tp06_sl065,2023-10-26 13:00:00+00:00,STAGE29A,data/reports/stage29a_high_range_regime_continuation_discovery/stage29a_exact_trades.csv,high_range_london_continuation_v1,hr_london_follow_h13_lq35_pq25_c00_tp06_sl065,-1.677299999999923,-2.727299999999923,-3.4272999999999225,0,0,0,0,2.727299999999923,24.13000000000011,7.869999999999891,0.6569250317661902,9.559999999999944,0.3650627615062792,2.7899999999999636,5.137500000000022,0.588,1.0,,,13,3,10.0,2023
2023-11-01 13:00:00+00:00|1.0|hr_london_follow_h13_lq35_pq25_c00_tp06_sl065,2023-11-01 13:00:00+00:00,STAGE29A,data/reports/stage29a_high_range_regime_continuation_discovery/stage29a_exact_trades.csv,high_range_london_continuation_v1,hr_london_follow_h13_lq35_pq25_c00_tp06_sl065,0.6945999999999458,-0.3554000000000541,-1.055400000000054,0,0,0,0,0.3554000000000541,29.070000000000164,10.86999999999989,0.525298988040487,7.8599999999999,0.7175572519084188,2.0499999999999545,3.884500000000037,0.104,1.0,,,13,2,11.0,2023
2023-11-07 13:00:00+00:00|-1.0|hr_london_follow_h13_lq35_pq25_c00_tp06_sl065,2023-11-07 13:00:00+00:00,STAGE29A,data/reports/stage29a_high_range_regime_continuation_discovery/stage29a_exact_trades.csv,high_range_london_continuation_v1,hr_london_follow_h13_lq35_pq25_c00_tp06_sl065,0.7092999999998938,-0.3407000000001061,-1.040700000000106,0,0,0,0,0.3407000000001061,16.519999999999982,7.3599999999999,0.7228260869565538,10.039999999999964,0.5149402390438111,2.5499999999999545,2.810999999999967,0.024,-1.0,,,13,1,11.0,2023
2023-11-21 13:00:00+00:00|-1.0|hr_london_follow_h13_lq35_pq25_c00_tp06_sl065,2023-11-21 13:00:00+00:00,STAGE29A,data/reports/stage29a_high_range_regime_continuation_discovery/stage29a_exact_trades.csv,high_range_london_continuation_v1,hr_london_follow_h13_lq35_pq25_c00_tp06_sl065,-1.6386250000001383,-2.688625000000138,-3.388625000000138,0,0,0,0,2.688625000000138,19.700000000000045,17.019999999999982,0.6404230317273722,10.009999999999993,0.3466533466533497,4.650000000000091,4.1404999999999745,0.8,-1.0,,,13,1,11.0,2023
2023-11-22 13:00:00+00:00|1.0|hr_london_follow_h13_lq35_pq25_c00_tp06_sl065,2023-11-22 13:00:00+00:00,STAGE29A,data/reports/stage29a_high_range_regime_continuation_discovery/stage29a_exact_trades.csv,high_range_london_continuation_v1,hr_london_follow_h13_lq35_pq25_c00_tp06_sl065,-1.6564999999999146,-2.7064999999999144,-3.406499999999914,0,0,0,0,2.7064999999999144,30.34999999999991,4.8599999999999,0.0041152263374449015,9.639999999999873,0.19502074688795712,3.3199999999999363,3.366500000000008,0.196,1.0,,,13,2,11.0,2023
2023-11-30 13:00:00+00:00|-1.0|hr_london_follow_h13_lq35_pq25_c00_tp06_sl065,2023-11-30 13:00:00+00:00,STAGE29A,data/reports/stage29a_high_range_regime_continuation_discovery/stage29a_exact_trades.csv,high_range_london_continuation_v1,hr_london_follow_h13_lq35_pq25_c00_tp06_sl065,-1.6506499999999051,-2.700649999999905,-3.4006499999999047,0,0,0,0,2.700649999999905,16.749999999999773,4.540000000000191,0.0,10.160000000000082,0.6102362204724405,3.759999999999991,3.731000000000063,0.448,-1.0,,,13,3,11.0,2023
2023-12-04 13:00:00+00:00|-1.0|hr_london_follow_h13_lq35_pq25_c00_tp06_sl065,2023-12-04 13:00:00+00:00,STAGE29A,data/reports/stage29a_high_range_regime_continuation_discovery/stage29a_exact_trades.csv,high_range_london_continuation_v1,hr_london_follow_h13_lq35_pq25_c00_tp06_sl065,-3.46220000000003,-4.51220000000003,-5.2122000000000295,0,0,0,1,4.51220000000003,78.03999999999996,78.03999999999996,0.4173500768836517,32.70000000000027,0.5186544342507613,7.0300000000002,17.78850000000002,0.992,-1.0,,,13,0,12.0,2023
2023-12-14 13:00:00+00:00|1.0|hr_london_follow_h13_lq35_pq25_c00_tp06_sl065,2023-12-14 13:00:00+00:00,STAGE29A,data/reports/stage29a_high_range_regime_continuation_discovery/stage29a_exact_trades.csv,high_range_london_continuation_v1,hr_london_follow_h13_lq35_pq25_c00_tp06_sl065,1.3350999999999202,0.2850999999999204,-0.4149000000000793,1,0,1,0,0.2850999999999204,60.16000000000008,14.930000000000064,0.10783657066308729,11.049999999999956,0.25610859728506236,4.3900000000001,7.2600000000000025,0.844,1.0,,,13,3,12.0,2023
2023-12-20 13:00:00+00:00|-1.0|hr_london_follow_h13_lq35_pq25_c00_tp06_sl065,2023-12-20 13:00:00+00:00,STAGE29A,data/reports/stage29a_high_range_regime_continuation_discovery/stage29a_exact_trades.csv,high_range_london_continuation_v1,hr_london_follow_h13_lq35_pq25_c00_tp06_sl065,0.6064000000000306,-0.4435999999999693,-1.143599999999969,0,0,0,0,0.4435999999999693,25.289999999999964,4.960000000000036,0.09072580645162141,7.820000000000164,0.5843989769820768,4.740000000000009,2.918500000000017,0.012,-1.0,,,13,2,12.0,2023
2023-12-22 13:00:00+00:00|1.0|hr_london_follow_h13_lq35_pq25_c00_tp06_sl065,2023-12-22 13:00:00+00:00,STAGE29A,data/reports/stage29a_high_range_regime_continuation_discovery/stage29a_exact_trades.csv,high_range_london_continuation_v1,hr_london_follow_h13_lq35_pq25_c00_tp06_sl065,-1.2843749999998182,-2.334374999999818,-3.0343749999998177,0,0,0,0,2.334374999999818,21.38000000000011,8.6099999999999,0.3716608594657207,10.230000000000018,0.6021505376344377,3.7600000000002183,4.050499999999966,0.436,1.0,,,13,4,12.0,2023
2024-01-03 13:00:00+00:00|-1.0|hr_london_follow_h13_lq35_pq25_c00_tp06_sl065,2024-01-03 13:00:00+00:00,STAGE29A,data/reports/stage29a_high_range_regime_continuation_discovery/stage29a_exact_trades.csv,high_range_london_continuation_v1,hr_london_follow_h13_lq35_pq25_c00_tp06_sl065,-1.8111999999997352,-2.861199999999735,-3.561199999999735,0,0,0,0,2.861199999999735,22.88000000000011,7.050000000000182,0.7333333333333247,13.200000000000273,0.7446969696969488,4.5,4.033500000000004,0.54,-1.0,,,13,2,1.0,2024
2024-01-05 13:00:00+00:00|-1.0|hr_london_follow_h13_lq35_pq25_c00_tp06_sl065,2024-01-05 13:00:00+00:00,STAGE29A,data/reports/stage29a_high_range_regime_continuation_discovery/stage29a_exact_trades.csv,high_range_london_continuation_v1,hr_london_follow_h13_lq35_pq25_c00_tp06_sl065,-1.550225000000046,-2.6002250000000457,-3.300225000000045,0,0,0,0,2.6002250000000457,14.779999999999744,5.630000000000109,0.05150976909413108,9.599999999999907,0.47187500000000165,2.949999999999818,3.039499999999998,0.04,-1.0,,,13,4,1.0,2024
2024-01-10 13:00:00+00:00|1.0|hr_london_follow_h13_lq35_pq25_c00_tp06_sl065,2024-01-10 13:00:00+00:00,STAGE29A,data/reports/stage29a_high_range_regime_continuation_discovery/stage29a_exact_trades.csv,high_range_london_continuation_v1,hr_london_follow_h13_lq35_pq25_c00_tp06_sl065,-1.7162999999999102,-2.76629999999991,-3.46629999999991,0,0,0,0,2.76629999999991,15.940000000000056,5.619999999999891,0.18149466192170846,16.539999999999964,0.30290205562273287,5.759999999999991,3.7665000000000193,0.268,1.0,,,13,2,1.0,2024
2024-01-16 13:00:00+00:00|-1.0|hr_london_follow_h13_lq35_pq25_c00_tp06_sl065,2024-01-16 13:00:00+00:00,STAGE29A,data/reports/stage29a_high_range_regime_continuation_discovery/stage29a_exact_trades.csv,high_range_london_continuation_v1,hr_london_follow_h13_lq35_pq25_c00_tp06_sl065,0.9834999999999582,-0.0665000000000417,-0.7665000000000415,0,0,0,0,0.0665000000000417,12.740000000000007,7.170000000000073,0.656903765690375,12.409999999999854,0.6970185334407891,3.1700000000000728,2.9890000000000554,0.068,-1.0,,,13,1,1.0,2024
2024-01-31 13:00:00+00:00|1.0|hr_london_follow_h13_lq35_pq25_c00_tp06_sl065,2024-01-31 13:00:00+00:00,STAGE29A,data/reports/stage29a_high_range_regime_continuation_discovery/stage29a_exact_trades.csv,high_range_london_continuation_v1,hr_london_follow_h13_lq35_pq25_c00_tp06_sl065,-1.3132999999998902,-2.36329999999989,-3.0632999999998898,0,0,0,0,2.36329999999989,19.54000000000019,5.800000000000182,0.32931034482759,7.150000000000091,0.3356643356643441,2.0,3.3815000000000395,0.164,1.0,,,13,2,1.0,2024
2024-02-01 13:00:00+00:00|-1.0|hr_london_follow_h13_lq35_pq25_c00_tp06_sl065,2024-02-01 13:00:00+00:00,STAGE29A,data/reports/stage29a_high_range_regime_continuation_discovery/stage29a_exact_trades.csv,high_range_london_continuation_v1,hr_london_follow_h13_lq35_pq25_c00_tp06_sl065,0.9820000000001072,-0.0679999999998925,-0.7679999999998923,0,0,0,0,0.0679999999998925,25.1400000000001,10.269999999999754,0.559883154819877,15.329999999999927,0.8962818003913943,10.25,4.909499999999957,0.948,-1.0,,,13,3,2.0,2024
2024-02-13 13:00:00+00:00|1.0|hr_london_follow_h13_lq35_pq25_c00_tp06_sl065,2024-02-13 13:00:00+00:00,STAGE29A,data/reports/stage29a_high_range_regime_continuation_discovery/stage29a_exact_trades.csv,high_range_london_continuation_v1,hr_london_follow_h13_lq35_pq25_c00_tp06_sl065,-1.0643499999999677,-2.1143499999999675,-2.8143499999999677,0,0,0,0,2.1143499999999675,15.639999999999873,4.409999999999855,0.04081632653062803,9.190000000000056,0.8476605005440606,1.9500000000000455,2.382499999999993,0.028,1.0,,,13,1,2.0,2024
2024-02-23 13:00:00+00:00|-1.0|hr_london_follow_h13_lq35_pq25_c00_tp06_sl065,2024-02-23 13:00:00+00:00,STAGE29A,data/reports/stage29a_high_range_regime_continuation_discovery/stage29a_exact_trades.csv,high_range_london_continuation_v1,hr_london_follow_h13_lq35_pq25_c00_tp06_sl065,-1.4865249999998924,-2.536524999999892,-3.236524999999892,0,0,0,0,2.536524999999892,15.36999999999989,4.559999999999945,0.2763157894736855,10.110000000000127,0.2908011869435994,6.790000000000191,3.301500000000021,0.74,-1.0,,,13,4,2.0,2024
2024-03-01 13:00:00+00:00|1.0|hr_london_follow_h13_lq35_pq25_c00_tp06_sl065,2024-03-01 13:00:00+00:00,STAGE29A,data/reports/stage29a_high_range_regime_continuation_discovery/stage29a_exact_trades.csv,high_range_london_continuation_v1,hr_london_follow_h13_lq35_pq25_c00_tp06_sl065,-1.81770000000015,-2.86770000000015,-3.567700000000149,0,0,0,0,2.86770000000015,22.72999999999979,3.960000000000037,0.31565656565656275,16.0300000000002,0.5832813474734743,9.170000000000073,3.109500000000014,0.68,1.0,,,13,4,3.0,2024
2024-03-05 13:00:00+00:00|1.0|hr_london_follow_h13_lq35_pq25_c00_tp06_sl065,2024-03-05 13:00:00+00:00,STAGE29A,data/reports/stage29a_high_range_regime_continuation_discovery/stage29a_exact_trades.csv,high_range_london_continuation_v1,hr_london_follow_h13_lq35_pq25_c00_tp06_sl065,-2.000349999999889,-3.0503499999998893,-3.750349999999889,0,0,0,0,3.0503499999998893,40.370000000000346,6.349999999999909,0.22204724409446847,13.2800000000002,0.5813253012047954,3.880000000000109,4.7870000000000115,0.864,1.0,,,13,1,3.0,2024
2024-03-07 13:00:00+00:00|-1.0|hr_london_follow_h13_lq35_pq25_c00_tp06_sl065,2024-03-07 13:00:00+00:00,STAGE29A,data/reports/stage29a_high_range_regime_continuation_discovery/stage29a_exact_trades.csv,high_range_london_continuation_v1,hr_london_follow_h13_lq35_pq25_c00_tp06_sl065,-1.7604999999999564,-2.8104999999999563,-3.510499999999956,0,0,0,0,2.8104999999999563,28.549999999999727,17.11999999999989,0.6407710280374022,8.299999999999727,0.07108433734936268,2.819999999999709,5.8159999999999625,0.908,-1.0,,,13,3,3.0,2024
2024-03-19 13:00:00+00:00|-1.0|hr_london_follow_h13_lq35_pq25_c00_tp06_sl065,2024-03-19 13:00:00+00:00,STAGE29A,data/reports/stage29a_high_range_regime_continuation_discovery/stage29a_exact_trades.csv,high_range_london_continuation_v1,hr_london_follow_h13_lq35_pq25_c00_tp06_sl065,-1.92202499999994,-2.9720249999999395,-3.6720249999999393,0,0,0,0,2.9720249999999395,17.559999999999945,4.159999999999855,0.16105769230771544,13.179999999999836,0.4613050075872536,3.869999999999891,3.177499999999918,0.036,-1.0,,,13,1,3.0,2024
2024-03-20 13:00:00+00:00|-1.0|hr_london_follow_h13_lq35_pq25_c00_tp06_sl065,2024-03-20 13:00:00+00:00,STAGE29A,data/reports/stage29a_high_range_regime_continuation_discovery/stage29a_exact_trades.csv,high_range_london_continuation_v1,hr_london_follow_h13_lq35_pq25_c00_tp06_sl065,-1.378949999999895,-2.428949999999895,-3.128949999999895,0,0,0,0,2.428949999999895,15.599999999999907,5.110000000000127,0.031311154598796576,7.079999999999927,0.3587570621468912,2.5099999999997635,2.52349999999999,0.004,-1.0,,,13,2,3.0,2024
2024-03-27 13:00:00+00:00|1.0|hr_london_follow_h13_lq35_pq25_c00_tp06_sl065,2024-03-27 13:00:00+00:00,STAGE29A,data/reports/stage29a_high_range_regime_continuation_discovery/stage29a_exact_trades.csv,high_range_london_continuation_v1,hr_london_follow_h13_lq35_pq25_c00_tp06_sl065,1.5381999999998697,0.4881999999998698,-0.2118000000001298,1,0,1,0,0.4881999999998698,32.46000000000004,8.480000000000018,0.12264150943395771,18.800000000000185,0.8202127659574427,5.809999999999945,4.6720000000000255,0.6,1.0,,,13,2,3.0,2024
2024-04-03 13:00:00+00:00|-1.0|hr_london_follow_h13_lq35_pq25_c00_tp06_sl065,2024-04-03 13:00:00+00:00,STAGE29A,data/reports/stage29a_high_range_regime_continuation_discovery/stage29a_exact_trades.csv,high_range_london_continuation_v1,hr_london_follow_h13_lq35_pq25_c00_tp06_sl065,-2.519699999999921,-3.5696999999999206,-4.26969999999992,0,0,0,1,3.5696999999999206,35.35999999999967,11.590000000000146,0.28127696289906623,19.360000000000127,0.6714876033057807,5.150000000000091,7.227500000000032,0.736,-1.0,,,13,2,4.0,2024
2024-04-05 13:00:00+00:00|1.0|hr_london_follow_h13_lq35_pq25_c00_tp06_sl065,2024-04-05 13:00:00+00:00,STAGE29A,data/reports/stage29a_high_range_regime_continuation_discovery/stage29a_exact_trades.csv,high_range_london_continuation_v1,hr_london_follow_h13_lq35_pq25_c00_tp06_sl065,-2.680899999999929,-3.7308999999999286,-4.430899999999928,0,0,0,1,3.7308999999999286,25.519999999999985,25.579999999999927,0.5136825645035327,16.9699999999998,0.8461991750147494,6.940000000000055,7.961500000000001,0.856,1.0,,,13,4,4.0,2024
2024-04-08 13:00:00+00:00|-1.0|hr_london_follow_h13_lq35_pq25_c00_tp06_sl065,2024-04-08 13:00:00+00:00,STAGE29A,data/reports/stage29a_high_range_regime_continuation_discovery/stage29a_exact_trades.csv,high_range_london_continuation_v1,hr_london_follow_h13_lq35_pq25_c00_tp06_sl065,-3.099824999999873,-4.149824999999874,-4.849824999999873,0,0,0,1,4.149824999999874,24.11999999999989,51.0300000000002,0.7460317460317463,13.789999999999964,0.5823060188542583,3.680000000000291,11.00200000000002,0.968,-1.0,,,13,0,4.0,2024
2024-04-25 13:00:00+00:00|1.0|hr_london_follow_h13_lq35_pq25_c00_tp06_sl065,2024-04-25 13:00:00+00:00,STAGE29A,data/reports/stage29a_high_range_regime_continuation_discovery/stage29a_exact_trades.csv,high_range_london_continuation_v1,hr_london_follow_h13_lq35_pq25_c00_tp06_sl065,1.1512000000001534,0.1012000000001536,-0.5987999999998461,1,0,0,0,0.1012000000001536,25.480000000000015,17.029999999999745,0.28185554903113647,16.4699999999998,0.7109896782028038,3.400000000000091,6.169999999999959,0.04,1.0,,,13,3,4.0,2024
2024-05-02 13:00:00+00:00|-1.0|hr_london_follow_h13_lq35_pq25_c00_tp06_sl065,2024-05-02 13:00:00+00:00,STAGE29A,data/reports/stage29a_high_range_regime_continuation_discovery/stage29a_exact_trades.csv,high_range_london_continuation_v1,hr_london_follow_h13_lq35_pq25_c00_tp06_sl065,-2.526524999999856,-3.576524999999856,-4.276524999999856,0,0,0,1,3.576524999999856,46.82999999999993,9.070000000000164,0.1422271223814708,22.340000000000146,0.8012533572068028,6.7400000000002365,8.24950000000008,0.76,-1.0,,,13,3,5.0,2024
2024-05-03 13:00:00+00:00|-1.0|hr_london_follow_h13_lq35_pq25_c00_tp06_sl065,2024-05-03 13:00:00+00:00,STAGE29A,data/reports/stage29a_high_range_regime_continuation_discovery/stage29a_exact_trades.csv,high_range_london_continuation_v1,hr_london_follow_h13_lq35_pq25_c00_tp06_sl065,-1.94900000000016,-2.99900000000016,-3.69900000000016,0,0,0,0,2.99900000000016,41.09999999999991,6.440000000000055,0.2096273291925307,10.970000000000256,0.08477666362810113,3.730000000000018,5.232499999999982,0.064,-1.0,,,13,4,5.0,2024
2024-05-10 13:00:00+00:00|1.0|hr_london_follow_h13_lq35_pq25_c00_tp06_sl065,2024-05-10 13:00:00+00:00,STAGE29A,data/reports/stage29a_high_range_regime_continuation_discovery/stage29a_exact_trades.csv,high_range_london_continuation_v1,hr_london_follow_h13_lq35_pq25_c00_tp06_sl065,-2.463800000000083,-3.513800000000083,-4.213800000000083,0,0,0,1,3.513800000000083,40.63999999999987,10.659999999999854,0.6716697936210086,24.079999999999927,0.7936046511627984,5.8400000000001455,5.9384999999999994,0.4,1.0,,,13,4,5.0,2024
2024-05-14 13:00:00+00:00|1.0|hr_london_follow_h13_lq35_pq25_c00_tp06_sl065,2024-05-14 13:00:00+00:00,STAGE29A,data/reports/stage29a_high_range_regime_continuation_discovery/stage29a_exact_trades.csv,high_range_london_continuation_v1,hr_london_follow_h13_lq35_pq25_c00_tp06_sl065,-2.015300000000116,-3.065300000000116,-3.7653000000001153,0,0,0,1,3.065300000000116,32.95000000000027,9.570000000000164,0.5862068965517274,12.2800000000002,0.2394136807817595,4.670000000000073,4.2309999999999945,0.016,1.0,,,13,1,5.0,2024
2024-05-15 13:00:00+00:00|1.0|hr_london_follow_h13_lq35_pq25_c00_tp06_sl065,2024-05-15 13:00:00+00:00,STAGE29A,data/reports/stage29a_high_range_regime_continuation_discovery/stage29a_exact_trades.csv,high_range_london_continuation_v1,hr_london_follow_h13_lq35_pq25_c00_tp06_sl065,-2.0400000000000547,-3.0900000000000545,-3.790000000000054,0,0,0,1,3.0900000000000545,24.920000000000076,6.110000000000127,0.46808510638298984,18.5300000000002,0.47706422018348893,6.0600000000004,4.572000000000026,0.084,1.0,,,13,2,5.0,2024
2024-05-17 13:00:00+00:00|1.0|hr_london_follow_h13_lq35_pq25_c00_tp06_sl065,2024-05-17 13:00:00+00:00,STAGE29A,data/reports/stage29a_high_range_regime_continuation_discovery/stage29a_exact_trades.csv,high_range_london_continuation_v1,hr_london_follow_h13_lq35_pq25_c00_tp06_sl065,-1.944450000000052,-2.994450000000052,-3.6944500000000513,0,0,0,0,2.994450000000052,26.550000000000185,7.2599999999997635,0.07300275482090395,11.360000000000127,0.42517605633805705,4.900000000000091,4.127999999999974,0.016,1.0,,,13,4,5.0,2024
2024-05-21 13:00:00+00:00|1.0|hr_london_follow_h13_lq35_pq25_c00_tp06_sl065,2024-05-21 13:00:00+00:00,STAGE29A,data/reports/stage29a_high_range_regime_continuation_discovery/stage29a_exact_trades.csv,high_range_london_continuation_v1,hr_london_follow_h13_lq35_pq25_c00_tp06_sl065,1.9677999999998064,0.9177999999998064,0.2177999999998068,1,1,1,0,0.9177999999998064,42.86999999999989,26.63000000000011,0.5005632745024361,13.569999999999707,0.19012527634491064,7.949999999999818,7.520499999999947,0.808,1.0,,,13,1,5.0,2024
2024-05-22 13:00:00+00:00|1.0|hr_london_follow_h13_lq35_pq25_c00_tp06_sl065,2024-05-22 13:00:00+00:00,STAGE29A,data/reports/stage29a_high_range_regime_continuation_discovery/stage29a_exact_trades.csv,high_range_london_continuation_v1,hr_london_follow_h13_lq35_pq25_c00_tp06_sl065,1.5138999999998304,0.4638999999998305,-0.2361000000001691,1,0,1,0,0.4638999999998305,27.610000000000127,13.980000000000018,0.5615164520744172,7.930000000000291,0.3947036569987382,3.5299999999997453,5.077499999999918,0.304,1.0,,,13,2,5.0,2024
2024-05-24 13:00:00+00:00|1.0|hr_london_follow_h13_lq35_pq25_c00_tp06_sl065,2024-05-24 13:00:00+00:00,STAGE29A,data/reports/stage29a_high_range_regime_continuation_discovery/stage29a_exact_trades.csv,high_range_london_continuation_v1,hr_london_follow_h13_lq35_pq25_c00_tp06_sl065,-2.16577500000003,-3.2157750000000305,-3.91577500000003,0,0,0,1,3.2157750000000305,56.809999999999945,9.710000000000036,0.028836251287353145,12.7199999999998,0.5463836477987721,5.7599999999997635,6.609499999999935,0.496,1.0,,,13,4,5.0,2024
2024-05-29 13:00:00+00:00|-1.0|hr_london_follow_h13_lq35_pq25_c00_tp06_sl065,2024-05-29 13:00:00+00:00,STAGE29A,data/reports/stage29a_high_range_regime_continuation_discovery/stage29a_exact_trades.csv,high_range_london_continuation_v1,hr_london_follow_h13_lq35_pq25_c00_tp06_sl065,-2.273350000000028,-3.323350000000028,-4.023350000000027,0,0,0,1,3.323350000000028,24.059999999999945,7.930000000000291,0.12862547288776097,20.700000000000276,0.6120772946859638,5.320000000000164,5.17150000000006,0.272,-1.0,,,13,2,5.0,2024
2024-05-30 13:00:00+00:00|-1.0|hr_london_follow_h13_lq35_pq25_c00_tp06_sl065,2024-05-30 13:00:00+00:00,STAGE29A,data/reports/stage29a_high_range_regime_continuation_discovery/stage29a_exact_trades.csv,high_range_london_continuation_v1,hr_london_follow_h13_lq35_pq25_c00_tp06_sl065,-2.631500000000051,-3.681500000000051,-4.381500000000051,0,0,0,1,3.681500000000051,28.059999999999945,11.800000000000182,0.2771186440677908,15.559999999999944,0.06876606683805704,6.309999999999945,5.321000000000095,0.308,-1.0,,,13,3,5.0,2024
2024-06-05 13:00:00+00:00|-1.0|hr_london_follow_h13_lq35_pq25_c00_tp06_sl065,2024-06-05 13:00:00+00:00,STAGE29A,data/reports/stage29a_high_range_regime_continuation_discovery/stage29a_exact_trades.csv,high_range_london_continuation_v1,hr_london_follow_h13_lq35_pq25_c00_tp06_sl065,-2.2012000000000627,-3.2512000000000625,-3.951200000000062,0,0,0,1,3.2512000000000625,37.41000000000031,12.010000000000218,0.7993338884262893,13.579999999999927,0.3645066273932139,2.869999999999891,4.862499999999931,0.124,-1.0,,,13,2,6.0,2024
2024-06-06 13:00:00+00:00|-1.0|hr_london_follow_h13_lq35_pq25_c00_tp06_sl065,2024-06-06 13:00:00+00:00,STAGE29A,data/reports/stage29a_high_range_regime_continuation_discovery/stage29a_exact_trades.csv,high_range_london_continuation_v1,hr_london_follow_h13_lq35_pq25_c00_tp06_sl065,1.001799999999912,-0.0482000000000879,-0.7482000000000877,0,0,0,0,0.0482000000000879,31.670000000000076,20.389999999999876,0.564982834722906,12.929999999999836,0.5359628770301565,5.349999999999909,5.662499999999954,0.544,-1.0,,,13,3,6.0,2024
2024-06-07 13:00:00+00:00|-1.0|hr_london_follow_h13_lq35_pq25_c00_tp06_sl065,2024-06-07 13:00:00+00:00,STAGE29A,data/reports/stage29a_high_range_regime_continuation_discovery/stage29a_exact_trades.csv,high_range_london_continuation_v1,hr_london_follow_h13_lq35_pq25_c00_tp06_sl065,2.954200000000037,1.9042000000000368,1.2042000000000377,1,1,1,0,1.9042000000000368,25.20999999999958,12.600000000000364,0.24920634920633192,50.42000000000007,0.8131693772312563,10.519999999999982,7.641499999999996,0.988,-1.0,,,13,4,6.0,2024
2024-06-13 13:00:00+00:00|1.0|hr_london_follow_h13_lq35_pq25_c00_tp06_sl065,2024-06-13 13:00:00+00:00,STAGE29A,data/reports/stage29a_high_range_regime_continuation_discovery/stage29a_exact_trades.csv,high_range_london_continuation_v1,hr_london_follow_h13_lq35_pq25_c00_tp06_sl065,-1.878150000000096,-2.928150000000096,-3.628150000000096,0,0,0,0,2.928150000000096,31.039999999999964,16.460000000000036,0.4696233292831106,9.580000000000382,0.12526096033400524,5.0300000000002,6.201499999999965,0.628,1.0,,,13,3,6.0,2024
2024-06-14 13:00:00+00:00|1.0|hr_london_follow_h13_lq35_pq25_c00_tp06_sl065,2024-06-14 13:00:00+00:00,STAGE29A,data/reports/stage29a_high_range_regime_continuation_discovery/stage29a_exact_trades.csv,high_range_london_continuation_v1,hr_london_follow_h13_lq35_pq25_c00_tp06_sl065,-2.3305500000002213,-3.380550000000221,-4.080550000000221,0,0,0,1,3.380550000000221,31.15999999999985,7.050000000000182,0.35886524822690496,19.139999999999876,0.8949843260188204,7.5300000000002,5.026000000000022,0.196,1.0,,,13,4,6.0,2024
2024-06-25 13:00:00+00:00|1.0|hr_london_follow_h13_lq35_pq25_c00_tp06_sl065,2024-06-25 13:00:00+00:00,STAGE29A,data/reports/stage29a_high_range_regime_continuation_discovery/stage29a_exact_trades.csv,high_range_london_continuation_v1,hr_london_follow_h13_lq35_pq25_c00_tp06_sl065,-1.982799999999861,-3.032799999999861,-3.7327999999998607,0,0,0,0,3.032799999999861,17.15000000000009,11.150000000000093,0.6852017937219969,11.319999999999707,0.7915194346289989,4.769999999999982,4.180999999999949,0.152,1.0,,,13,1,6.0,2024
2024-06-26 13:00:00+00:00|-1.0|hr_london_follow_h13_lq35_pq25_c00_tp06_sl065,2024-06-26 13:00:00+00:00,STAGE29A,data/reports/stage29a_high_range_regime_continuation_discovery/stage29a_exact_trades.csv,high_range_london_continuation_v1,hr_london_follow_h13_lq35_pq25_c00_tp06_sl065,-2.143674999999894,-3.1936749999998937,-3.893674999999893,0,0,0,1,3.1936749999998937,21.789999999999964,13.350000000000364,0.2636704119850102,8.690000000000055,0.11047180667434181,2.730000000000018,5.347500000000059,0.532,-1.0,,,13,2,6.0,2024
2024-06-27 13:00:00+00:00|1.0|hr_london_follow_h13_lq35_pq25_c00_tp06_sl065,2024-06-27 13:00:00+00:00,STAGE29A,data/reports/stage29a_high_range_regime_continuation_discovery/stage29a_exact_trades.csv,high_range_london_continuation_v1,hr_london_follow_h13_lq35_pq25_c00_tp06_sl065,-2.018224999999893,-3.068224999999893,-3.7682249999998927,0,0,0,1,3.068224999999893,30.350000000000364,3.3899999999998727,0.22123893805310565,17.429999999999836,0.7917383820998457,6.599999999999909,3.5849999999999453,0.072,1.0,,,13,3,6.0,2024
2024-06-28 13:00:00+00:00|1.0|hr_london_follow_h13_lq35_pq25_c00_tp06_sl065,2024-06-28 13:00:00+00:00,STAGE29A,data/reports/stage29a_high_range_regime_continuation_discovery/stage29a_exact_trades.csv,high_range_london_continuation_v1,hr_london_follow_h13_lq35_pq25_c00_tp06_sl065,-1.7270250000002307,-2.7770250000002306,-3.4770250000002303,0,0,0,0,2.7770250000002306,34.58999999999969,9.269999999999982,0.5587918015102316,12.099999999999907,0.7033057851239527,3.0700000000001637,4.011000000000058,0.132,1.0,,,13,4,6.0,2024
2024-07-02 13:00:00+00:00|-1.0|hr_london_follow_h13_lq35_pq25_c00_tp06_sl065,2024-07-02 13:00:00+00:00,STAGE29A,data/reports/stage29a_high_range_regime_continuation_discovery/stage29a_exact_trades.csv,high_range_london_continuation_v1,hr_london_follow_h13_lq35_pq25_c00_tp06_sl065,-1.9850750000001427,-3.0350750000001425,-3.7350750000001423,0,0,0,0,3.0350750000001425,20.0,8.61999999999989,0.6705336426913943,9.099999999999907,0.1329670329670383,7.779999999999745,4.302500000000032,0.236,-1.0,,,13,1,7.0,2024
2024-07-04 13:00:00+00:00|-1.0|hr_london_follow_h13_lq35_pq25_c00_tp06_sl065,2024-07-04 13:00:00+00:00,STAGE29A,data/reports/stage29a_high_range_regime_continuation_discovery/stage29a_exact_trades.csv,high_range_london_continuation_v1,hr_london_follow_h13_lq35_pq25_c00_tp06_sl065,-1.801774999999998,-2.8517749999999977,-3.551774999999997,0,0,0,0,2.8517749999999977,38.03999999999997,6.5900000000001455,0.12139605462824951,9.259999999999764,0.0377969762419409,3.4299999999998363,4.107499999999959,0.116,-1.0,,,13,3,7.0,2024
2024-07-09 13:00:00+00:00|-1.0|hr_london_follow_h13_lq35_pq25_c00_tp06_sl065,2024-07-09 13:00:00+00:00,STAGE29A,data/reports/stage29a_high_range_regime_continuation_discovery/stage29a_exact_trades.csv,high_range_london_continuation_v1,hr_london_follow_h13_lq35_pq25_c00_tp06_sl065,-1.668525000000136,-2.718525000000136,-3.418525000000136,0,0,0,0,2.718525000000136,40.36999999999989,9.490000000000236,0.8303477344573144,10.409999999999854,0.3170028818443586,3.7400000000002365,4.889499999999975,0.476,-1.0,,,13,1,7.0,2024
2024-07-10 13:00:00+00:00|1.0|hr_london_follow_h13_lq35_pq25_c00_tp06_sl065,2024-07-10 13:00:00+00:00,STAGE29A,data/reports/stage29a_high_range_regime_continuation_discovery/stage29a_exact_trades.csv,high_range_london_continuation_v1,hr_london_follow_h13_lq35_pq25_c00_tp06_sl065,-1.6103500000000168,-2.6603500000000166,-3.3603500000000164,0,0,0,0,2.6603500000000166,22.20999999999958,7.329999999999927,0.5184174624829767,8.309999999999945,0.4500601684716975,2.480000000000018,4.531500000000028,0.288,1.0,,,13,2,7.0,2024
2024-07-12 13:00:00+00:00|-1.0|hr_london_follow_h13_lq35_pq25_c00_tp06_sl065,2024-07-12 13:00:00+00:00,STAGE29A,data/reports/stage29a_high_range_regime_continuation_discovery/stage29a_exact_trades.csv,high_range_london_continuation_v1,hr_london_follow_h13_lq35_pq25_c00_tp06_sl065,-2.098175000000174,-3.148175000000174,-3.8481750000001735,0,0,0,1,3.148175000000174,53.38999999999987,9.550000000000182,0.5350785340313692,9.760000000000218,0.3893442622950453,5.119999999999891,5.3715000000000375,0.7,-1.0,,,13,4,7.0,2024
2024-07-18 13:00:00+00:00|-1.0|hr_london_follow_h13_lq35_pq25_c00_tp06_sl065,2024-07-18 13:00:00+00:00,STAGE29A,data/reports/stage29a_high_range_regime_continuation_discovery/stage29a_exact_trades.csv,high_range_london_continuation_v1,hr_london_follow_h13_lq35_pq25_c00_tp06_sl065,1.2031000000000858,0.1531000000000859,-0.5468999999999138,1,0,1,0,0.1531000000000859,32.25999999999976,11.519999999999982,0.7647569444444409,10.329999999999927,0.23523717328168958,3.099999999999909,6.02800000000002,0.692,-1.0,,,13,3,7.0,2024
2024-07-19 13:00:00+00:00|-1.0|hr_london_follow_h13_lq35_pq25_c00_tp06_sl065,2024-07-19 13:00:00+00:00,STAGE29A,data/reports/stage29a_high_range_regime_continuation_discovery/stage29a_exact_trades.csv,high_range_london_continuation_v1,hr_london_follow_h13_lq35_pq25_c00_tp06_sl065,-3.026375000000008,-4.076375000000008,-4.776375000000007,0,0,0,1,4.076375000000008,34.84999999999991,24.67999999999984,0.6288492706645091,16.5,0.7678787878787923,6.269999999999982,7.066999999999939,0.872,-1.0,,,13,4,7.0,2024
2024-07-23 13:00:00+00:00|1.0|hr_london_follow_h13_lq35_pq25_c00_tp06_sl065,2024-07-23 13:00:00+00:00,STAGE29A,data/reports/stage29a_high_range_regime_continuation_discovery/stage29a_exact_trades.csv,high_range_london_continuation_v1,hr_london_follow_h13_lq35_pq25_c00_tp06_sl065,1.7665000000000872,0.7165000000000874,0.0165000000000876,1,1,1,0,0.7165000000000874,28.23999999999978,9.199999999999818,0.34239130434784276,20.019999999999985,0.43806193806193755,4.9099999999998545,5.389500000000021,0.384,1.0,,,13,1,7.0,2024
2024-07-26 13:00:00+00:00|1.0|hr_london_follow_h13_lq35_pq25_c00_tp06_sl065,2024-07-26 13:00:00+00:00,STAGE29A,data/reports/stage29a_high_range_regime_continuation_discovery/stage29a_exact_trades.csv,high_range_london_continuation_v1,hr_london_follow_h13_lq35_pq25_c00_tp06_sl065,-2.261974999999984,-3.311974999999984,-4.011974999999984,0,0,0,1,3.311974999999984,48.190000000000055,23.550000000000185,0.36390658174096147,10.0300000000002,0.19541375872382824,2.849999999999909,6.586000000000013,0.584,1.0,,,13,4,7.0,2024
2024-07-31 13:00:00+00:00|1.0|hr_london_follow_h13_lq35_pq25_c00_tp06_sl065,2024-07-31 13:00:00+00:00,STAGE29A,data/reports/stage29a_high_range_regime_continuation_discovery/stage29a_exact_trades.csv,high_range_london_continuation_v1,hr_london_follow_h13_lq35_pq25_c00_tp06_sl065,-2.229475000000184,-3.279475000000184,-3.979475000000184,0,0,0,1,3.279475000000184,36.43000000000029,15.139999999999873,0.47159841479523995,10.990000000000236,0.4003639672429478,4.430000000000291,6.458000000000107,0.528,1.0,,,13,2,7.0,2024
2024-08-06 13:00:00+00:00|1.0|hr_london_follow_h13_lq35_pq25_c00_tp06_sl065,2024-08-06 13:00:00+00:00,STAGE29A,data/reports/stage29a_high_range_regime_continuation_discovery/stage29a_exact_trades.csv,high_range_london_continuation_v1,hr_london_follow_h13_lq35_pq25_c00_tp06_sl065,-3.5259000000001834,-4.575900000000184,-5.275900000000183,0,0,0,1,4.575900000000184,94.65999999999984,13.960000000000036,0.005014326647576184,20.72000000000025,0.20945945945944197,5.320000000000164,8.264500000000089,0.744,1.0,,,13,1,8.0,2024
2024-08-07 13:00:00+00:00|1.0|hr_london_follow_h13_lq35_pq25_c00_tp06_sl065,2024-08-07 13:00:00+00:00,STAGE29A,data/reports/stage29a_high_range_regime_continuation_discovery/stage29a_exact_trades.csv,high_range_london_continuation_v1,hr_london_follow_h13_lq35_pq25_c00_tp06_sl065,-2.3321750000000976,-3.3821750000000974,-4.082175000000097,0,0,0,1,3.3821750000000974,36.63000000000011,11.710000000000036,0.22715627668657953,11.829999999999927,0.7007607776838558,3.930000000000291,6.822499999999991,0.396,1.0,,,13,2,8.0,2024
2024-08-08 13:00:00+00:00|1.0|hr_london_follow_h13_lq35_pq25_c00_tp06_sl065,2024-08-08 13:00:00+00:00,STAGE29A,data/reports/stage29a_high_range_regime_continuation_discovery/stage29a_exact_trades.csv,high_range_london_continuation_v1,hr_london_follow_h13_lq35_pq25_c00_tp06_sl065,1.679500000000098,0.6295000000000983,-0.0704999999999014,1,0,1,0,0.6295000000000983,28.01000000000022,14.150000000000093,0.7519434628975127,15.019999999999982,0.1291611185086589,5.150000000000091,5.698000000000024,0.1,1.0,,,13,3,8.0,2024
2024-08-09 13:00:00+00:00|1.0|hr_london_follow_h13_lq35_pq25_c00_tp06_sl065,2024-08-09 13:00:00+00:00,STAGE29A,data/reports/stage29a_high_range_regime_continuation_discovery/stage29a_exact_trades.csv,high_range_london_continuation_v1,hr_london_follow_h13_lq35_pq25_c00_tp06_sl065,1.227099999999973,0.1770999999999731,-0.5229000000000266,1,0,1,0,0.1770999999999731,47.190000000000055,9.679999999999836,0.4845041322314188,10.159999999999854,0.24606299212598778,2.9600000000000364,5.6220000000000026,0.092,1.0,,,13,4,8.0,2024
2024-08-16 13:00:00+00:00|1.0|hr_london_follow_h13_lq35_pq25_c00_tp06_sl065,2024-08-16 13:00:00+00:00,STAGE29A,data/reports/stage29a_high_range_regime_continuation_discovery/stage29a_exact_trades.csv,high_range_london_continuation_v1,hr_london_follow_h13_lq35_pq25_c00_tp06_sl065,-2.045525000000089,-3.0955250000000887,-3.795525000000088,0,0,0,1,3.0955250000000887,37.90000000000009,9.2199999999998,0.26030368763559036,13.390000000000327,0.8110530246452473,3.0700000000001637,4.9780000000000655,0.04,1.0,,,13,4,8.0,2024
2024-08-20 13:00:00+00:00|1.0|hr_london_follow_h13_lq35_pq25_c00_tp06_sl065,2024-08-20 13:00:00+00:00,STAGE29A,data/reports/stage29a_high_range_regime_continuation_discovery/stage29a_exact_trades.csv,high_range_london_continuation_v1,hr_london_follow_h13_lq35_pq25_c00_tp06_sl065,2.006499999999869,0.9564999999998692,0.2564999999998694,1,1,1,0,0.9564999999998692,23.800000000000185,9.5,0.2642105263157646,27.90999999999985,0.7115729129344404,5.519999999999982,5.144999999999982,0.08,1.0,,,13,1,8.0,2024
2024-08-27 13:00:00+00:00|-1.0|hr_london_follow_h13_lq35_pq25_c00_tp06_sl065,2024-08-27 13:00:00+00:00,STAGE29A,data/reports/stage29a_high_range_regime_continuation_discovery/stage29a_exact_trades.csv,high_range_london_continuation_v1,hr_london_follow_h13_lq35_pq25_c00_tp06_sl065,-2.5223000000001776,-3.572300000000177,-4.272300000000177,0,0,0,1,3.572300000000177,18.050000000000185,11.989999999999782,0.6905754795662966,13.979999999999563,0.006437768240353958,5.670000000000073,5.167499999999973,0.196,-1.0,,,13,1,8.0,2024
2024-08-28 13:00:00+00:00|-1.0|hr_london_follow_h13_lq35_pq25_c00_tp06_sl065,2024-08-28 13:00:00+00:00,STAGE29A,data/reports/stage29a_high_range_regime_continuation_discovery/stage29a_exact_trades.csv,high_range_london_continuation_v1,hr_london_follow_h13_lq35_pq25_c00_tp06_sl065,-2.055924999999752,-3.105924999999752,-3.805924999999752,0,0,0,1,3.105924999999752,22.4399999999996,15.88000000000011,0.6190176322418047,12.849999999999907,0.4513618677042621,3.7100000000000364,5.0939999999999825,0.172,-1.0,,,13,2,8.0,2024
2024-08-29 13:00:00+00:00|1.0|hr_london_follow_h13_lq35_pq25_c00_tp06_sl065,2024-08-29 13:00:00+00:00,STAGE29A,data/reports/stage29a_high_range_regime_continuation_discovery/stage29a_exact_trades.csv,high_range_london_continuation_v1,hr_london_follow_h13_lq35_pq25_c00_tp06_sl065,-2.314300000000094,-3.3643000000000938,-4.0643000000000935,0,0,0,1,3.3643000000000938,35.45000000000027,12.860000000000127,0.7449455676516199,10.539999999999964,0.5910815939278975,8.480000000000018,4.832999999999993,0.112,1.0,,,13,3,8.0,2024
2024-09-05 13:00:00+00:00|1.0|hr_london_follow_h13_lq35_pq25_c00_tp06_sl065,2024-09-05 13:00:00+00:00,STAGE29A,data/reports/stage29a_high_range_regime_continuation_discovery/stage29a_exact_trades.csv,high_range_london_continuation_v1,hr_london_follow_h13_lq35_pq25_c00_tp06_sl065,-2.327300000000014,-3.3773000000000137,-4.0773000000000135,0,0,0,1,3.3773000000000137,28.620000000000346,4.880000000000109,0.08811475409832514,23.40999999999985,0.8821016659547296,2.519999999999982,4.613000000000056,0.132,1.0,,,13,3,9.0,2024
2024-09-18 13:00:00+00:00|-1.0|hr_london_follow_h13_lq35_pq25_c00_tp06_sl065,2024-09-18 13:00:00+00:00,STAGE29A,data/reports/stage29a_high_range_regime_continuation_discovery/stage29a_exact_trades.csv,high_range_london_continuation_v1,hr_london_follow_h13_lq35_pq25_c00_tp06_sl065,-1.6763249999999972,-2.726324999999997,-3.4263249999999967,0,0,0,0,2.726324999999997,26.2199999999998,8.230000000000018,0.6342648845686255,10.759999999999764,0.369888475836441,3.9899999999997817,5.132999999999948,0.488,-1.0,,,13,2,9.0,2024
2024-09-20 13:00:00+00:00|1.0|hr_london_follow_h13_lq35_pq25_c00_tp06_sl065,2024-09-20 13:00:00+00:00,STAGE29A,data/reports/stage29a_high_range_regime_continuation_discovery/stage29a_exact_trades.csv,high_range_london_continuation_v1,hr_london_follow_h13_lq35_pq25_c00_tp06_sl065,1.501599999999962,0.4515999999999622,-0.2484000000000374,1,0,1,0,0.4515999999999622,43.78999999999997,8.75,0.41142857142856104,21.419999999999614,0.6984126984127126,8.039999999999964,5.049000000000047,0.416,1.0,,,13,4,9.0,2024
2024-09-25 13:00:00+00:00|-1.0|hr_london_follow_h13_lq35_pq25_c00_tp06_sl065,2024-09-25 13:00:00+00:00,STAGE29A,data/reports/stage29a_high_range_regime_continuation_discovery/stage29a_exact_trades.csv,high_range_london_continuation_v1,hr_london_follow_h13_lq35_pq25_c00_tp06_sl065,-2.327300000000014,-3.3773000000000137,-4.0773000000000135,0,0,0,1,3.3773000000000137,41.76999999999998,15.13000000000011,0.15333773959019778,10.159999999999854,0.4498031496063218,4.919999999999618,6.537499999999954,0.724,-1.0,,,13,2,9.0,2024
2024-09-26 13:00:00+00:00|1.0|hr_london_follow_h13_lq35_pq25_c00_tp06_sl065,2024-09-26 13:00:00+00:00,STAGE29A,data/reports/stage29a_high_range_regime_continuation_discovery/stage29a_exact_trades.csv,high_range_london_continuation_v1,hr_london_follow_h13_lq35_pq25_c00_tp06_sl065,-2.0318750000002184,-3.081875000000218,-3.781875000000218,0,0,0,1,3.081875000000218,20.829999999999927,7.170000000000073,0.6094839609484382,12.570000000000164,0.49721559268098,2.869999999999891,5.068999999999915,0.308,1.0,,,13,3,9.0,2024
2024-10-01 13:00:00+00:00|1.0|hr_london_follow_h13_lq35_pq25_c00_tp06_sl065,2024-10-01 13:00:00+00:00,STAGE29A,data/reports/stage29a_high_range_regime_continuation_discovery/stage29a_exact_trades.csv,high_range_london_continuation_v1,hr_london_follow_h13_lq35_pq25_c00_tp06_sl065,0.991899999999896,-0.0581000000001039,-0.7581000000001037,0,0,0,0,0.0581000000001039,41.48000000000002,7.730000000000018,0.3842173350582468,11.840000000000146,0.9045608108108028,3.9400000000000546,4.787000000000035,0.108,1.0,,,13,1,10.0,2024
2024-10-11 13:00:00+00:00|-1.0|hr_london_follow_h13_lq35_pq25_c00_tp06_sl065,2024-10-11 13:00:00+00:00,STAGE29A,data/reports/stage29a_high_range_regime_continuation_discovery/stage29a_exact_trades.csv,high_range_london_continuation_v1,hr_london_follow_h13_lq35_pq25_c00_tp06_sl065,-2.0724999999998546,-3.1224999999998544,-3.822499999999854,0,0,0,1,3.1224999999998544,25.800000000000185,17.980000000000018,0.9566184649610567,10.989999999999782,0.6960873521383296,5.529999999999745,6.082500000000005,0.34,-1.0,,,13,4,10.0,2024
2024-10-15 13:00:00+00:00|1.0|hr_london_follow_h13_lq35_pq25_c00_tp06_sl065,2024-10-15 13:00:00+00:00,STAGE29A,data/reports/stage29a_high_range_regime_continuation_discovery/stage29a_exact_trades.csv,high_range_london_continuation_v1,hr_london_follow_h13_lq35_pq25_c00_tp06_sl065,-2.291225000000032,-3.341225000000031,-4.041225000000031,0,0,0,1,3.341225000000031,23.65999999999985,8.349999999999909,0.5185628742514939,17.829999999999927,0.448121144139081,4.460000000000036,4.957000000000017,0.056,1.0,,,13,1,10.0,2024
2024-10-18 13:00:00+00:00|1.0|hr_london_follow_h13_lq35_pq25_c00_tp06_sl065,2024-10-18 13:00:00+00:00,STAGE29A,data/reports/stage29a_high_range_regime_continuation_discovery/stage29a_exact_trades.csv,high_range_london_continuation_v1,hr_london_follow_h13_lq35_pq25_c00_tp06_sl065,-2.37539999999999,-3.4253999999999905,-4.12539999999999,0,0,0,1,3.4253999999999905,23.579999999999927,20.360000000000127,0.849214145383097,12.329999999999927,0.11678832116788833,7.010000000000218,5.587500000000046,0.272,1.0,,,13,4,10.0,2024
2024-10-24 13:00:00+00:00|1.0|hr_london_follow_h13_lq35_pq25_c00_tp06_sl065,2024-10-24 13:00:00+00:00,STAGE29A,data/reports/stage29a_high_range_regime_continuation_discovery/stage29a_exact_trades.csv,high_range_london_continuation_v1,hr_london_follow_h13_lq35_pq25_c00_tp06_sl065,1.1541999999998551,0.1041999999998553,-0.5958000000001444,1,0,0,0,0.1041999999998553,49.92000000000007,12.279999999999744,0.39576547231272213,16.420000000000073,0.8361753958587063,3.230000000000018,5.922000000000049,0.54,1.0,,,13,3,10.0,2024
2024-10-25 13:00:00+00:00|-1.0|hr_london_follow_h13_lq35_pq25_c00_tp06_sl065,2024-10-25 13:00:00+00:00,STAGE29A,data/reports/stage29a_high_range_regime_continuation_discovery/stage29a_exact_trades.csv,high_range_london_continuation_v1,hr_london_follow_h13_lq35_pq25_c00_tp06_sl065,-2.2102999999998247,-3.260299999999825,-3.960299999999824,0,0,0,1,3.260299999999825,29.029999999999745,11.730000000000018,0.7357203751065725,15.730000000000018,0.3146853146853317,4.320000000000164,5.034999999999991,0.096,-1.0,,,13,4,10.0,2024
2024-10-31 13:00:00+00:00|-1.0|hr_london_follow_h13_lq35_pq25_c00_tp06_sl065,2024-10-31 13:00:00+00:00,STAGE29A,data/reports/stage29a_high_range_regime_continuation_discovery/stage29a_exact_trades.csv,high_range_london_continuation_v1,hr_london_follow_h13_lq35_pq25_c00_tp06_sl065,-2.143999999999869,-3.193999999999869,-3.8939999999998687,0,0,0,1,3.193999999999869,19.139999999999876,8.029999999999745,0.2889165628891952,13.509999999999764,0.2672094744633409,8.0,4.854499999999962,0.072,-1.0,,,13,3,10.0,2024
2024-11-05 13:00:00+00:00|1.0|hr_london_follow_h13_lq35_pq25_c00_tp06_sl065,2024-11-05 13:00:00+00:00,STAGE29A,data/reports/stage29a_high_range_regime_continuation_discovery/stage29a_exact_trades.csv,high_range_london_continuation_v1,hr_london_follow_h13_lq35_pq25_c00_tp06_sl065,1.5159999999999854,0.4659999999999855,-0.2340000000000142,1,0,1,0,0.4659999999999855,18.789999999999964,13.260000000000218,0.12141779788835944,13.2800000000002,0.2567771084337201,4.639999999999873,5.242500000000041,0.188,1.0,,,13,1,11.0,2024
2024-11-08 13:00:00+00:00|-1.0|hr_london_follow_h13_lq35_pq25_c00_tp06_sl065,2024-11-08 13:00:00+00:00,STAGE29A,data/reports/stage29a_high_range_regime_continuation_discovery/stage29a_exact_trades.csv,high_range_london_continuation_v1,hr_london_follow_h13_lq35_pq25_c00_tp06_sl065,-2.860949999999866,-3.910949999999866,-4.610949999999866,0,0,0,1,3.910949999999866,66.90999999999985,17.09999999999991,0.7777777777777659,16.240000000000236,0.3232758620689608,7.2599999999997635,7.055999999999972,0.724,-1.0,,,13,4,11.0,2024
2024-11-12 13:00:00+00:00|-1.0|hr_london_follow_h13_lq35_pq25_c00_tp06_sl065,2024-11-12 13:00:00+00:00,STAGE29A,data/reports/stage29a_high_range_regime_continuation_discovery/stage29a_exact_trades.csv,high_range_london_continuation_v1,hr_london_follow_h13_lq35_pq25_c00_tp06_sl065,2.91279999999997,1.8627999999999705,1.1627999999999703,1,1,1,0,1.8627999999999705,75.67999999999984,11.579999999999927,0.5397236614853229,28.46000000000004,0.7350667603654267,8.900000000000091,6.995999999999936,0.596,-1.0,,,13,1,11.0,2024
2024-11-13 13:00:00+00:00|1.0|hr_london_follow_h13_lq35_pq25_c00_tp06_sl065,2024-11-13 13:00:00+00:00,STAGE29A,data/reports/stage29a_high_range_regime_continuation_discovery/stage29a_exact_trades.csv,high_range_london_continuation_v1,hr_london_follow_h13_lq35_pq25_c00_tp06_sl065,1.5066999999998187,0.4566999999998189,-0.2433000000001808,1,0,1,0,0.4566999999998189,37.48000000000002,15.940000000000056,0.4567126725219398,10.599999999999907,0.2584905660377604,3.4400000000000546,5.74200000000003,0.16,1.0,,,13,2,11.0,2024
2024-11-15 13:00:00+00:00|1.0|hr_london_follow_h13_lq35_pq25_c00_tp06_sl065,2024-11-15 13:00:00+00:00,STAGE29A,data/reports/stage29a_high_range_regime_continuation_discovery/stage29a_exact_trades.csv,high_range_london_continuation_v1,hr_london_follow_h13_lq35_pq25_c00_tp06_sl065,1.6492000000002007,0.5992000000002009,-0.1007999999997988,1,0,1,0,0.5992000000002009,44.54999999999973,8.599999999999909,0.02325581395346747,15.809999999999944,0.039848197343460554,7.339999999999691,6.577499999999918,0.244,1.0,,,13,4,11.0,2024
2024-11-20 13:00:00+00:00|-1.0|hr_london_follow_h13_lq35_pq25_c00_tp06_sl065,2024-11-20 13:00:00+00:00,STAGE29A,data/reports/stage29a_high_range_regime_continuation_discovery/stage29a_exact_trades.csv,high_range_london_continuation_v1,hr_london_follow_h13_lq35_pq25_c00_tp06_sl065,-2.329899999999816,-3.379899999999816,-4.079899999999816,0,0,0,1,3.379899999999816,29.17999999999984,10.159999999999854,0.14763779527559268,19.74000000000024,0.5916919959472997,5.2400000000002365,4.97000000000005,0.004,-1.0,,,13,2,11.0,2024
2024-11-21 13:00:00+00:00|1.0|hr_london_follow_h13_lq35_pq25_c00_tp06_sl065,2024-11-21 13:00:00+00:00,STAGE29A,data/reports/stage29a_high_range_regime_continuation_discovery/stage29a_exact_trades.csv,high_range_london_continuation_v1,hr_london_follow_h13_lq35_pq25_c00_tp06_sl065,-2.3620750000000954,-3.4120750000000952,-4.112075000000095,0,0,0,1,3.4120750000000952,36.64000000000033,11.610000000000127,0.41860465116279705,17.059999999999945,0.759671746776089,5.239999999999782,5.6704999999999925,0.084,1.0,,,13,3,11.0,2024
2024-11-28 13:00:00+00:00|1.0|hr_london_follow_h13_lq35_pq25_c00_tp06_sl065,2024-11-28 13:00:00+00:00,STAGE29A,data/reports/stage29a_high_range_regime_continuation_discovery/stage29a_exact_trades.csv,high_range_london_continuation_v1,hr_london_follow_h13_lq35_pq25_c00_tp06_sl065,-2.264899999999761,-3.3148999999997613,-4.014899999999761,0,0,0,1,3.3148999999997613,31.329999999999927,17.48999999999978,0.33390508862208224,19.41000000000031,0.8377125193199126,4.7400000000002365,6.230499999999961,0.248,1.0,,,13,3,11.0,2024
2024-11-29 13:00:00+00:00|1.0|hr_london_follow_h13_lq35_pq25_c00_tp06_sl065,2024-11-29 13:00:00+00:00,STAGE29A,data/reports/stage29a_high_range_regime_continuation_discovery/stage29a_exact_trades.csv,high_range_london_continuation_v1,hr_london_follow_h13_lq35_pq25_c00_tp06_sl065,-2.612000000000171,-3.662000000000171,-4.362000000000171,0,0,0,1,3.662000000000171,28.65000000000009,30.29000000000042,0.6956091119181206,11.809999999999944,0.2464013547840701,4.549999999999727,5.9180000000000295,0.212,1.0,,,13,4,11.0,2024
2024-12-03 13:00:00+00:00|1.0|hr_london_follow_h13_lq35_pq25_c00_tp06_sl065,2024-12-03 13:00:00+00:00,STAGE29A,data/reports/stage29a_high_range_regime_continuation_discovery/stage29a_exact_trades.csv,high_range_london_continuation_v1,hr_london_follow_h13_lq35_pq25_c00_tp06_sl065,1.3564000000000305,0.3064000000000306,-0.3935999999999691,1,0,1,0,0.3064000000000306,30.550000000000185,11.13000000000011,0.21024258760104833,12.860000000000127,0.21228615863141456,3.1700000000000728,5.37699999999993,0.068,1.0,,,13,1,12.0,2024
2024-12-05 13:00:00+00:00|1.0|hr_london_follow_h13_lq35_pq25_c00_tp06_sl065,2024-12-05 13:00:00+00:00,STAGE29A,data/reports/stage29a_high_range_regime_continuation_discovery/stage29a_exact_trades.csv,high_range_london_continuation_v1,hr_london_follow_h13_lq35_pq25_c00_tp06_sl065,1.2993999999997867,0.2493999999997869,-0.4506000000002128,1,0,1,0,0.2493999999997869,24.800000000000185,6.940000000000055,0.5821325648414888,13.88000000000011,0.17939481268009813,5.820000000000164,5.433999999999946,0.052,1.0,,,13,3,12.0,2024
2024-12-11 13:00:00+00:00|1.0|hr_london_follow_h13_lq35_pq25_c00_tp06_sl065,2024-12-11 13:00:00+00:00,STAGE29A,data/reports/stage29a_high_range_regime_continuation_discovery/stage29a_exact_trades.csv,high_range_london_continuation_v1,hr_london_follow_h13_lq35_pq25_c00_tp06_sl065,2.2168000000000574,1.1668000000000576,0.4668000000000578,1,1,1,0,1.1668000000000576,38.01999999999998,21.779999999999745,0.5335169880624439,25.350000000000364,0.3932938856015823,7.4900000000002365,7.634500000000026,0.756,1.0,,,13,2,12.0,2024
2024-12-13 13:00:00+00:00|-1.0|hr_london_follow_h13_lq35_pq25_c00_tp06_sl065,2024-12-13 13:00:00+00:00,STAGE29A,data/reports/stage29a_high_range_regime_continuation_discovery/stage29a_exact_trades.csv,high_range_london_continuation_v1,hr_london_follow_h13_lq35_pq25_c00_tp06_sl065,-2.742975000000206,-3.792975000000206,-4.4929750000002056,0,0,0,1,3.792975000000206,51.2199999999998,13.740000000000236,0.4832605531295312,25.5,0.8109803921568741,5.059999999999945,6.2040000000000415,0.296,-1.0,,,13,4,12.0,2024
2024-12-19 13:00:00+00:00|1.0|hr_london_follow_h13_lq35_pq25_c00_tp06_sl065,2024-12-19 13:00:00+00:00,STAGE29A,data/reports/stage29a_high_range_regime_continuation_discovery/stage29a_exact_trades.csv,high_range_london_continuation_v1,hr_london_follow_h13_lq35_pq25_c00_tp06_sl065,-3.028324999999859,-4.078324999999859,-4.7783249999998585,0,0,0,1,4.078324999999859,68.09999999999991,35.46000000000004,0.5930626057529661,23.2800000000002,0.4463058419243893,9.039999999999964,10.11400000000001,0.996,1.0,,,13,3,12.0,2024
2024-12-27 13:00:00+00:00|-1.0|hr_london_follow_h13_lq35_pq25_c00_tp06_sl065,2024-12-27 13:00:00+00:00,STAGE29A,data/reports/stage29a_high_range_regime_continuation_discovery/stage29a_exact_trades.csv,high_range_london_continuation_v1,hr_london_follow_h13_lq35_pq25_c00_tp06_sl065,-2.0539749999999004,-3.1039749999999,-3.8039749999999,0,0,0,1,3.1039749999999,26.139999999999876,6.550000000000182,0.14656488549618468,14.829999999999927,0.4686446392447641,4.510000000000218,4.311000000000059,0.104,-1.0,,,13,4,12.0,2024
2024-12-31 13:00:00+00:00|1.0|hr_london_follow_h13_lq35_pq25_c00_tp06_sl065,2024-12-31 13:00:00+00:00,STAGE29A,data/reports/stage29a_high_range_regime_continuation_discovery/stage29a_exact_trades.csv,high_range_london_continuation_v1,hr_london_follow_h13_lq35_pq25_c00_tp06_sl065,1.1674000000001796,0.1174000000001798,-0.5825999999998199,1,0,0,0,0.1174000000001798,32.159999999999854,8.059999999999945,0.01488833746896919,15.179999999999836,0.33596837944663793,4.809999999999945,4.7085000000000035,0.272,1.0,,,13,1,12.0,2024
2025-01-21 13:00:00+00:00|-1.0|hr_london_follow_h13_lq35_pq25_c00_tp06_sl065,2025-01-21 13:00:00+00:00,STAGE29A,data/reports/stage29a_high_range_regime_continuation_discovery/stage29a_exact_trades.csv,high_range_london_continuation_v1,hr_london_follow_h13_lq35_pq25_c00_tp06_sl065,1.8007000000001423,0.7507000000001427,0.0507000000001429,1,1,1,0,0.7507000000001427,24.550000000000185,25.09999999999991,0.6749003984063792,15.799999999999727,0.4974683544303964,5.150000000000091,6.870499999999993,0.92,-1.0,,,13,1,1.0,2025
2025-02-04 13:00:00+00:00|-1.0|hr_london_follow_h13_lq35_pq25_c00_tp06_sl065,2025-02-04 13:00:00+00:00,STAGE29A,data/reports/stage29a_high_range_regime_continuation_discovery/stage29a_exact_trades.csv,high_range_london_continuation_v1,hr_london_follow_h13_lq35_pq25_c00_tp06_sl065,-2.7247749999997724,-3.774774999999772,-4.474774999999772,0,0,0,1,3.774774999999772,58.19999999999982,13.329999999999927,0.3885971492873458,14.659999999999854,0.29058663028651166,7.200000000000273,6.982500000000073,0.764,-1.0,,,13,1,2.0,2025
2025-02-12 13:00:00+00:00|-1.0|hr_london_follow_h13_lq35_pq25_c00_tp06_sl065,2025-02-12 13:00:00+00:00,STAGE29A,data/reports/stage29a_high_range_regime_continuation_discovery/stage29a_exact_trades.csv,high_range_london_continuation_v1,hr_london_follow_h13_lq35_pq25_c00_tp06_sl065,-3.019225000000097,-4.069225000000097,-4.769225000000096,0,0,0,1,4.069225000000097,60.9399999999996,17.070000000000164,0.7861745752782627,16.440000000000055,0.15815085158150247,10.550000000000182,7.384500000000003,0.508,-1.0,,,13,2,2.0,2025
2025-02-13 13:00:00+00:00|-1.0|hr_london_follow_h13_lq35_pq25_c00_tp06_sl065,2025-02-13 13:00:00+00:00,STAGE29A,data/reports/stage29a_high_range_regime_continuation_discovery/stage29a_exact_trades.csv,high_range_london_continuation_v1,hr_london_follow_h13_lq35_pq25_c00_tp06_sl065,1.8888999999998304,0.8388999999998306,0.1388999999998308,1,1,1,0,0.8388999999998306,45.38000000000011,18.759999999999764,0.6780383795309147,13.460000000000036,0.05274888558692678,5.619999999999891,6.579499999999916,0.248,-1.0,,,13,3,2.0,2025
2025-02-21 13:00:00+00:00|1.0|hr_london_follow_h13_lq35_pq25_c00_tp06_sl065,2025-02-21 13:00:00+00:00,STAGE29A,data/reports/stage29a_high_range_regime_continuation_discovery/stage29a_exact_trades.csv,high_range_london_continuation_v1,hr_london_follow_h13_lq35_pq25_c00_tp06_sl065,-2.5495999999999186,-3.5995999999999184,-4.299599999999918,0,0,0,1,3.5995999999999184,30.779999999999745,23.40000000000009,0.5564102564102534,17.309999999999945,0.11900635470825835,2.119999999999891,7.984000000000037,0.616,1.0,,,13,4,2.0,2025
2025-02-25 13:00:00+00:00|1.0|hr_london_follow_h13_lq35_pq25_c00_tp06_sl065,2025-02-25 13:00:00+00:00,STAGE29A,data/reports/stage29a_high_range_regime_continuation_discovery/stage29a_exact_trades.csv,high_range_london_continuation_v1,hr_london_follow_h13_lq35_pq25_c00_tp06_sl065,1.7341000000000348,0.684100000000035,-0.0158999999999647,1,0,1,0,0.684100000000035,35.16000000000031,18.90999999999985,0.6959280803807486,12.91000000000031,0.05654531371030214,4.079999999999927,6.0479999999999565,0.116,1.0,,,13,1,2.0,2025
2025-02-28 13:00:00+00:00|-1.0|hr_london_follow_h13_lq35_pq25_c00_tp06_sl065,2025-02-28 13:00:00+00:00,STAGE29A,data/reports/stage29a_high_range_regime_continuation_discovery/stage29a_exact_trades.csv,high_range_london_continuation_v1,hr_london_follow_h13_lq35_pq25_c00_tp06_sl065,1.770100000000093,0.7201000000000932,0.0201000000000934,1,1,1,0,0.7201000000000932,53.14999999999964,28.039999999999964,0.44721825962910056,15.940000000000056,0.04454203262233588,4.230000000000018,7.43900000000001,0.464,-1.0,,,13,4,2.0,2025
2025-03-03 13:00:00+00:00|1.0|hr_london_follow_h13_lq35_pq25_c00_tp06_sl065,2025-03-03 13:00:00+00:00,STAGE29A,data/reports/stage29a_high_range_regime_continuation_discovery/stage29a_exact_trades.csv,high_range_london_continuation_v1,hr_london_follow_h13_lq35_pq25_c00_tp06_sl065,-2.626624999999968,-3.676624999999967,-4.376624999999967,0,0,0,1,3.676624999999967,21.38000000000011,21.38000000000011,0.1585594013096284,14.730000000000018,0.30414120841819503,6.349999999999909,8.26199999999999,0.612,1.0,,,13,0,3.0,2025
2025-03-04 13:00:00+00:00|1.0|hr_london_follow_h13_lq35_pq25_c00_tp06_sl065,2025-03-04 13:00:00+00:00,STAGE29A,data/reports/stage29a_high_range_regime_continuation_discovery/stage29a_exact_trades.csv,high_range_london_continuation_v1,hr_london_follow_h13_lq35_pq25_c00_tp06_sl065,-3.434249999999884,-4.484249999999884,-5.184249999999883,0,0,0,1,4.484249999999884,39.940000000000055,11.83999999999969,0.03378378378375394,36.98000000000002,0.6311519740400252,5.980000000000018,8.387000000000011,0.664,1.0,,,13,1,3.0,2025
2025-03-05 13:00:00+00:00|1.0|hr_london_follow_h13_lq35_pq25_c00_tp06_sl065,2025-03-05 13:00:00+00:00,STAGE29A,data/reports/stage29a_high_range_regime_continuation_discovery/stage29a_exact_trades.csv,high_range_london_continuation_v1,hr_london_follow_h13_lq35_pq25_c00_tp06_sl065,1.956999999999789,0.9069999999997892,0.2069999999997893,1,1,1,0,0.9069999999997892,45.84999999999991,16.070000000000164,0.24268823895457692,13.5,0.2125925925925845,10.069999999999709,7.649000000000138,0.372,1.0,,,13,2,3.0,2025
2025-03-07 13:00:00+00:00|1.0|hr_london_follow_h13_lq35_pq25_c00_tp06_sl065,2025-03-07 13:00:00+00:00,STAGE29A,data/reports/stage29a_high_range_regime_continuation_discovery/stage29a_exact_trades.csv,high_range_london_continuation_v1,hr_london_follow_h13_lq35_pq25_c00_tp06_sl065,-2.209324999999899,-3.2593249999998988,-3.9593249999998985,0,0,0,1,3.2593249999998988,35.41000000000031,18.309999999999945,0.1982523211359978,16.63000000000011,0.6806975345760454,4.809999999999945,7.198499999999944,0.136,1.0,,,13,4,3.0,2025
2025-03-11 13:00:00+00:00|1.0|hr_london_follow_h13_lq35_pq25_c00_tp06_sl065,2025-03-11 13:00:00+00:00,STAGE29A,data/reports/stage29a_high_range_regime_continuation_discovery/stage29a_exact_trades.csv,high_range_london_continuation_v1,hr_london_follow_h13_lq35_pq25_c00_tp06_sl065,1.4893000000000938,0.4393000000000939,-0.2606999999999058,1,0,1,0,0.4393000000000939,38.28999999999997,20.169999999999614,0.4615765989092772,21.789999999999964,0.6608536025699915,3.5,7.216999999999894,0.156,1.0,,,13,1,3.0,2025
2025-03-14 13:00:00+00:00|1.0|hr_london_follow_h13_lq35_pq25_c00_tp06_sl065,2025-03-14 13:00:00+00:00,STAGE29A,data/reports/stage29a_high_range_regime_continuation_discovery/stage29a_exact_trades.csv,high_range_london_continuation_v1,hr_london_follow_h13_lq35_pq25_c00_tp06_sl065,-3.105349999999908,-4.155349999999908,-4.855349999999907,0,0,0,1,4.155349999999908,56.50999999999976,12.150000000000093,0.27160493827158044,24.0,0.32583333333334014,18.200000000000273,7.23599999999999,0.284,1.0,,,13,4,3.0,2025
2025-03-20 13:00:00+00:00|-1.0|hr_london_follow_h13_lq35_pq25_c00_tp06_sl065,2025-03-20 13:00:00+00:00,STAGE29A,data/reports/stage29a_high_range_regime_continuation_discovery/stage29a_exact_trades.csv,high_range_london_continuation_v1,hr_london_follow_h13_lq35_pq25_c00_tp06_sl065,-2.8876000000001114,-3.9376000000001112,-4.637600000000111,0,0,0,1,3.9376000000001112,29.17999999999984,12.38000000000011,0.4491114701130773,28.14999999999964,0.6600355239786916,16.08999999999969,7.208000000000015,0.528,-1.0,,,13,3,3.0,2025
2025-03-21 13:00:00+00:00|1.0|hr_london_follow_h13_lq35_pq25_c00_tp06_sl065,2025-03-21 13:00:00+00:00,STAGE29A,data/reports/stage29a_high_range_regime_continuation_discovery/stage29a_exact_trades.csv,high_range_london_continuation_v1,hr_london_follow_h13_lq35_pq25_c00_tp06_sl065,-2.3763749999999164,-3.426374999999916,-4.126374999999916,0,0,0,1,3.426374999999916,32.0,19.5,0.7379487179487114,13.140000000000327,0.07686453576866005,3.8400000000001455,4.945999999999958,0.004,1.0,,,13,4,3.0,2025
2025-03-25 13:00:00+00:00|1.0|hr_london_follow_h13_lq35_pq25_c00_tp06_sl065,2025-03-25 13:00:00+00:00,STAGE29A,data/reports/stage29a_high_range_regime_continuation_discovery/stage29a_exact_trades.csv,high_range_london_continuation_v1,hr_london_follow_h13_lq35_pq25_c00_tp06_sl065,1.3198000000001229,0.269800000000123,-0.4301999999998767,1,0,1,0,0.269800000000123,30.789999999999964,8.889999999999873,0.4915635545556753,14.550000000000182,0.5862542955326212,4.1599999999998545,5.54200000000003,0.068,1.0,,,13,1,3.0,2025
2025-03-26 13:00:00+00:00|1.0|hr_london_follow_h13_lq35_pq25_c00_tp06_sl065,2025-03-26 13:00:00+00:00,STAGE29A,data/reports/stage29a_high_range_regime_continuation_discovery/stage29a_exact_trades.csv,high_range_london_continuation_v1,hr_london_follow_h13_lq35_pq25_c00_tp06_sl065,-2.112474999999995,-3.162474999999995,-3.8624749999999946,0,0,0,1,3.162474999999995,28.480000000000015,12.690000000000056,0.3065405831363165,18.789999999999964,0.4220329962746063,8.059999999999945,5.297999999999979,0.032,1.0,,,13,2,3.0,2025
2025-03-28 13:00:00+00:00|1.0|hr_london_follow_h13_lq35_pq25_c00_tp06_sl065,2025-03-28 13:00:00+00:00,STAGE29A,data/reports/stage29a_high_range_regime_continuation_discovery/stage29a_exact_trades.csv,high_range_london_continuation_v1,hr_london_follow_h13_lq35_pq25_c00_tp06_sl065,2.047899999999936,0.997899999999936,0.2978999999999363,1,1,1,0,0.997899999999936,42.07999999999993,23.289999999999964,0.7745813653928721,19.77000000000044,0.018715225088535025,7.179999999999836,6.467000000000053,0.508,1.0,,,13,4,3.0,2025
2025-04-03 13:00:00+00:00|-1.0|hr_london_follow_h13_lq35_pq25_c00_tp06_sl065,2025-04-03 13:00:00+00:00,STAGE29A,data/reports/stage29a_high_range_regime_continuation_discovery/stage29a_exact_trades.csv,high_range_london_continuation_v1,hr_london_follow_h13_lq35_pq25_c00_tp06_sl065,3.6283000000002175,2.5783000000002176,1.878300000000218,1,1,1,0,2.5783000000002176,41.36000000000013,45.86000000000013,0.04513737461839737,33.409999999999854,0.7934750074827995,8.0,14.06049999999998,0.968,-1.0,,,13,3,4.0,2025
2025-04-07 13:00:00+00:00|1.0|hr_london_follow_h13_lq35_pq25_c00_tp06_sl065,2025-04-07 13:00:00+00:00,STAGE29A,data/reports/stage29a_high_range_regime_continuation_discovery/stage29a_exact_trades.csv,high_range_london_continuation_v1,hr_london_follow_h13_lq35_pq25_c00_tp06_sl065,5.775999999999749,4.725999999999749,4.025999999999749,1,1,1,0,4.725999999999749,31.919999999999614,84.09999999999991,0.11319857312722939,31.21000000000004,0.19801345722524283,13.6899999999996,26.00549999999989,0.968,1.0,,,13,0,4.0,2025
2025-04-11 13:00:00+00:00|1.0|hr_london_follow_h13_lq35_pq25_c00_tp06_sl065,2025-04-11 13:00:00+00:00,STAGE29A,data/reports/stage29a_high_range_regime_continuation_discovery/stage29a_exact_trades.csv,high_range_london_continuation_v1,hr_london_follow_h13_lq35_pq25_c00_tp06_sl065,-7.538674999999875,-8.588674999999876,-9.288674999999875,0,0,0,1,8.588674999999876,117.48000000000002,44.58999999999969,0.6503700381251447,42.96000000000004,0.23114525139664405,18.049999999999727,16.929500000000008,0.704,1.0,,,13,4,4.0,2025
2025-04-21 13:00:00+00:00|1.0|hr_london_follow_h13_lq35_pq25_c00_tp06_sl065,2025-04-21 13:00:00+00:00,STAGE29A,data/reports/stage29a_high_range_regime_continuation_discovery/stage29a_exact_trades.csv,high_range_london_continuation_v1,hr_london_follow_h13_lq35_pq25_c00_tp06_sl065,-3.2941750000000867,-4.344175000000087,-5.044175000000086,0,0,0,1,4.344175000000087,24.230000000000015,56.29999999999973,0.6460035523978698,27.25,0.4565137614678919,6.049999999999727,12.712999999999965,0.252,1.0,,,13,0,4.0,2025
2025-04-30 13:00:00+00:00|-1.0|hr_london_follow_h13_lq35_pq25_c00_tp06_sl065,2025-04-30 13:00:00+00:00,STAGE29A,data/reports/stage29a_high_range_regime_continuation_discovery/stage29a_exact_trades.csv,high_range_london_continuation_v1,hr_london_follow_h13_lq35_pq25_c00_tp06_sl065,-4.5262499999999815,-5.576249999999982,-6.2762499999999815,0,0,0,1,5.576249999999982,48.690000000000055,24.269999999999985,0.5937371240214201,39.57999999999993,0.7271349166245528,11.799999999999727,11.332499999999936,0.14,-1.0,,,13,2,4.0,2025
2025-05-01 13:00:00+00:00|-1.0|hr_london_follow_h13_lq35_pq25_c00_tp06_sl065,2025-05-01 13:00:00+00:00,STAGE29A,data/reports/stage29a_high_range_regime_continuation_discovery/stage29a_exact_trades.csv,high_range_london_continuation_v1,hr_london_follow_h13_lq35_pq25_c00_tp06_sl065,-4.147950000000128,-5.197950000000128,-5.897950000000128,0,0,0,1,5.197950000000128,60.86999999999989,61.15000000000009,0.7282093213409596,27.449999999999815,0.39744990892533266,20.409999999999854,14.614999999999963,0.46,-1.0,,,13,3,5.0,2025
2025-05-09 13:00:00+00:00|1.0|hr_london_follow_h13_lq35_pq25_c00_tp06_sl065,2025-05-09 13:00:00+00:00,STAGE29A,data/reports/stage29a_high_range_regime_continuation_discovery/stage29a_exact_trades.csv,high_range_london_continuation_v1,hr_london_follow_h13_lq35_pq25_c00_tp06_sl065,-4.128449999999793,-5.178449999999794,-5.878449999999793,0,0,0,1,5.178449999999794,126.18000000000028,49.309999999999945,0.3214358142364617,24.079999999999927,0.7093023255813945,5.7199999999998,16.525499999999965,0.712,1.0,,,13,4,5.0,2025
2025-05-12 13:00:00+00:00|-1.0|hr_london_follow_h13_lq35_pq25_c00_tp06_sl065,2025-05-12 13:00:00+00:00,STAGE29A,data/reports/stage29a_high_range_regime_continuation_discovery/stage29a_exact_trades.csv,high_range_london_continuation_v1,hr_london_follow_h13_lq35_pq25_c00_tp06_sl065,5.8261000000001335,4.776100000000133,4.0761000000001335,1,1,1,0,4.776100000000133,44.57999999999993,52.61999999999989,0.20600532117066073,70.42999999999984,0.9747266789720325,18.329999999999927,18.80450000000003,0.932,-1.0,,,13,0,5.0,2025
2025-05-14 13:00:00+00:00|1.0|hr_london_follow_h13_lq35_pq25_c00_tp06_sl065,2025-05-14 13:00:00+00:00,STAGE29A,data/reports/stage29a_high_range_regime_continuation_discovery/stage29a_exact_trades.csv,high_range_london_continuation_v1,hr_london_follow_h13_lq35_pq25_c00_tp06_sl065,-4.064425000000119,-5.11442500000012,-5.814425000000119,0,0,0,1,5.11442500000012,49.62999999999965,30.800000000000185,0.849025974025972,22.360000000000127,0.1797853309481198,7.360000000000127,10.046499999999991,0.012,1.0,,,13,2,5.0,2025
2025-05-15 13:00:00+00:00|1.0|hr_london_follow_h13_lq35_pq25_c00_tp06_sl065,2025-05-15 13:00:00+00:00,STAGE29A,data/reports/stage29a_high_range_regime_continuation_discovery/stage29a_exact_trades.csv,high_range_london_continuation_v1,hr_london_follow_h13_lq35_pq25_c00_tp06_sl065,-6.468774999999914,-7.518774999999914,-8.218774999999914,0,0,0,1,7.518774999999914,88.99000000000024,44.32000000000016,0.7274368231046958,50.940000000000055,0.290341578327443,12.239999999999782,14.491500000000087,0.548,1.0,,,13,3,5.0,2025
2025-05-16 13:00:00+00:00|-1.0|hr_london_follow_h13_lq35_pq25_c00_tp06_sl065,2025-05-16 13:00:00+00:00,STAGE29A,data/reports/stage29a_high_range_regime_continuation_discovery/stage29a_exact_trades.csv,high_range_london_continuation_v1,hr_london_follow_h13_lq35_pq25_c00_tp06_sl065,-5.144399999999768,-6.194399999999769,-6.894399999999768,0,0,0,1,6.194399999999769,131.69000000000003,45.57999999999993,0.8600263273365585,35.88000000000011,0.07413600891861333,9.079999999999927,13.179999999999927,0.332,-1.0,,,13,4,5.0,2025
2025-05-29 13:00:00+00:00|1.0|hr_london_follow_h13_lq35_pq25_c00_tp06_sl065,2025-05-29 13:00:00+00:00,STAGE29A,data/reports/stage29a_high_range_regime_continuation_discovery/stage29a_exact_trades.csv,high_range_london_continuation_v1,hr_london_follow_h13_lq35_pq25_c00_tp06_sl065,-3.628925000000072,-4.678925000000072,-5.378925000000072,0,0,0,1,4.678925000000072,48.7199999999998,49.67000000000007,0.2415945238574589,23.24000000000024,0.3222891566265129,6.980000000000018,13.875999999999976,0.708,1.0,,,13,3,5.0,2025
2025-05-30 13:00:00+00:00|1.0|hr_london_follow_h13_lq35_pq25_c00_tp06_sl065,2025-05-30 13:00:00+00:00,STAGE29A,data/reports/stage29a_high_range_regime_continuation_discovery/stage29a_exact_trades.csv,high_range_london_continuation_v1,hr_london_follow_h13_lq35_pq25_c00_tp06_sl065,-4.305899999999928,-5.355899999999929,-6.055899999999928,0,0,0,1,5.355899999999929,85.5,31.449999999999815,0.6311605723370437,17.59999999999991,0.06193181818182677,6.649999999999636,9.561000000000012,0.124,1.0,,,13,4,5.0,2025
2025-06-05 13:00:00+00:00|1.0|hr_london_follow_h13_lq35_pq25_c00_tp06_sl065,2025-06-05 13:00:00+00:00,STAGE29A,data/reports/stage29a_high_range_regime_continuation_discovery/stage29a_exact_trades.csv,high_range_london_continuation_v1,hr_london_follow_h13_lq35_pq25_c00_tp06_sl065,2.480500000000029,1.4305000000000292,0.7305000000000295,1,1,1,0,1.4305000000000292,40.88999999999987,15.769999999999982,0.24413443246670347,30.279999999999745,0.6647952443857423,17.199999999999818,9.147000000000002,0.148,1.0,,,13,3,6.0,2025
2025-06-13 13:00:00+00:00|-1.0|hr_london_follow_h13_lq35_pq25_c00_tp06_sl065,2025-06-13 13:00:00+00:00,STAGE29A,data/reports/stage29a_high_range_regime_continuation_discovery/stage29a_exact_trades.csv,high_range_london_continuation_v1,hr_london_follow_h13_lq35_pq25_c00_tp06_sl065,-4.438174999999864,-5.488174999999865,-6.188174999999864,0,0,0,1,5.488174999999865,60.32000000000016,64.65000000000009,0.6521268368136086,22.43000000000029,0.05840392331698299,7.2400000000002365,12.121500000000015,0.816,-1.0,,,13,4,6.0,2025
2025-07-01 13:00:00+00:00|1.0|hr_london_follow_h13_lq35_pq25_c00_tp06_sl065,2025-07-01 13:00:00+00:00,STAGE29A,data/reports/stage29a_high_range_regime_continuation_discovery/stage29a_exact_trades.csv,high_range_london_continuation_v1,hr_london_follow_h13_lq35_pq25_c00_tp06_sl065,-2.8996250000001056,-3.9496250000001054,-4.649625000000105,0,0,0,1,3.9496250000001054,63.93000000000029,20.279999999999745,0.4817554240631215,29.08999999999969,0.8446201443795108,9.88000000000011,7.409500000000071,0.072,1.0,,,13,1,7.0,2025
2025-07-02 13:00:00+00:00|1.0|hr_london_follow_h13_lq35_pq25_c00_tp06_sl065,2025-07-02 13:00:00+00:00,STAGE29A,data/reports/stage29a_high_range_regime_continuation_discovery/stage29a_exact_trades.csv,high_range_london_continuation_v1,hr_london_follow_h13_lq35_pq25_c00_tp06_sl065,1.9432000000000695,0.8932000000000699,0.1932000000000702,1,1,1,0,0.8932000000000699,55.48999999999978,16.179999999999836,0.10074165636589157,16.269999999999982,0.10571604179472997,9.11999999999989,6.954499999999984,0.056,1.0,,,13,2,7.0,2025
2025-07-24 13:00:00+00:00|-1.0|hr_london_follow_h13_lq35_pq25_c00_tp06_sl065,2025-07-24 13:00:00+00:00,STAGE29A,data/reports/stage29a_high_range_regime_continuation_discovery/stage29a_exact_trades.csv,high_range_london_continuation_v1,hr_london_follow_h13_lq35_pq25_c00_tp06_sl065,-3.2363249999999426,-4.286324999999943,-4.986324999999942,0,0,0,1,4.286324999999943,57.620000000000346,18.539999999999964,0.1564185544768121,23.389999999999876,0.8610517315092107,8.049999999999727,8.378999999999929,0.768,-1.0,,,13,3,7.0,2025
2025-08-05 13:00:00+00:00|-1.0|hr_london_follow_h13_lq35_pq25_c00_tp06_sl065,2025-08-05 13:00:00+00:00,STAGE29A,data/reports/stage29a_high_range_regime_continuation_discovery/stage29a_exact_trades.csv,high_range_london_continuation_v1,hr_london_follow_h13_lq35_pq25_c00_tp06_sl065,-2.7293249999998808,-3.7793249999998806,-4.47932499999988,0,0,0,1,3.7793249999998806,40.25999999999976,10.429999999999836,0.2550335570470135,16.519999999999982,0.7481840193704686,7.330000000000382,5.739000000000033,0.016,-1.0,,,13,1,8.0,2025
2025-09-04 13:00:00+00:00|1.0|hr_london_follow_h13_lq35_pq25_c00_tp06_sl065,2025-09-04 13:00:00+00:00,STAGE29A,data/reports/stage29a_high_range_regime_continuation_discovery/stage29a_exact_trades.csv,high_range_london_continuation_v1,hr_london_follow_h13_lq35_pq25_c00_tp06_sl065,-3.717000000000189,-4.7670000000001895,-5.467000000000189,0,0,0,1,4.7670000000001895,52.10999999999967,52.7800000000002,0.6220159151193596,20.90000000000009,0.44928229665073144,8.169999999999618,11.038500000000045,0.94,1.0,,,13,3,9.0,2025
2025-09-05 13:00:00+00:00|-1.0|hr_london_follow_h13_lq35_pq25_c00_tp06_sl065,2025-09-05 13:00:00+00:00,STAGE29A,data/reports/stage29a_high_range_regime_continuation_discovery/stage29a_exact_trades.csv,high_range_london_continuation_v1,hr_london_follow_h13_lq35_pq25_c00_tp06_sl065,-2.6295500000001995,-3.6795500000001993,-4.379550000000199,0,0,0,1,3.6795500000001993,52.7800000000002,19.300000000000185,0.9113989637305453,16.36999999999989,0.3671350030543835,7.690000000000055,8.279500000000008,0.584,-1.0,,,13,4,9.0,2025
2025-09-17 13:00:00+00:00|-1.0|hr_london_follow_h13_lq35_pq25_c00_tp06_sl065,2025-09-17 13:00:00+00:00,STAGE29A,data/reports/stage29a_high_range_regime_continuation_discovery/stage29a_exact_trades.csv,high_range_london_continuation_v1,hr_london_follow_h13_lq35_pq25_c00_tp06_sl065,-3.36989999999978,-4.41989999999978,-5.119899999999779,0,0,0,1,4.41989999999978,28.450000000000276,21.039999999999964,0.4857414448669115,23.46000000000004,0.5920716112531906,7.080000000000382,6.962500000000023,0.112,-1.0,,,13,2,9.0,2025
2025-09-19 13:00:00+00:00|1.0|hr_london_follow_h13_lq35_pq25_c00_tp06_sl065,2025-09-19 13:00:00+00:00,STAGE29A,data/reports/stage29a_high_range_regime_continuation_discovery/stage29a_exact_trades.csv,high_range_london_continuation_v1,hr_london_follow_h13_lq35_pq25_c00_tp06_sl065,-2.9415500000000976,-3.9915500000000974,-4.691550000000097,0,0,0,1,3.9915500000000974,45.32000000000016,24.13000000000011,0.551181102362191,17.690000000000055,0.28886376483889836,3.5700000000001637,7.592000000000098,0.204,1.0,,,13,4,9.0,2025
2025-09-23 13:00:00+00:00|1.0|hr_london_follow_h13_lq35_pq25_c00_tp06_sl065,2025-09-23 13:00:00+00:00,STAGE29A,data/reports/stage29a_high_range_regime_continuation_discovery/stage29a_exact_trades.csv,high_range_london_continuation_v1,hr_london_follow_h13_lq35_pq25_c00_tp06_sl065,-4.175899999999819,-5.22589999999982,-5.925899999999819,0,0,0,1,5.22589999999982,65.05000000000018,22.389999999999876,0.2880750334970904,48.059999999999945,0.7973366625052062,16.890000000000327,9.975999999999953,0.8,1.0,,,13,1,9.0,2025
2025-10-03 13:00:00+00:00|1.0|hr_london_follow_h13_lq35_pq25_c00_tp06_sl065,2025-10-03 13:00:00+00:00,STAGE29A,data/reports/stage29a_high_range_regime_continuation_discovery/stage29a_exact_trades.csv,high_range_london_continuation_v1,hr_london_follow_h13_lq35_pq25_c00_tp06_sl065,-3.0250750000001063,-4.075075000000107,-4.775075000000106,0,0,0,1,4.075075000000107,77.53999999999996,25.700000000000276,0.5634241245136135,24.0,0.8966666666666848,7.970000000000255,12.19350000000004,0.668,1.0,,,13,4,10.0,2025
2025-10-09 13:00:00+00:00|1.0|hr_london_follow_h13_lq35_pq25_c00_tp06_sl065,2025-10-09 13:00:00+00:00,STAGE29A,data/reports/stage29a_high_range_regime_continuation_discovery/stage29a_exact_trades.csv,high_range_london_continuation_v1,hr_london_follow_h13_lq35_pq25_c00_tp06_sl065,2.778700000000208,1.7287000000002082,1.0287000000002084,1,1,1,0,1.7287000000002082,76.17000000000007,39.84000000000015,0.13453815261044447,20.94000000000005,0.5076408787010546,7.730000000000018,15.73900000000001,0.94,1.0,,,13,3,10.0,2025
2025-10-15 13:00:00+00:00|1.0|hr_london_follow_h13_lq35_pq25_c00_tp06_sl065,2025-10-15 13:00:00+00:00,STAGE29A,data/reports/stage29a_high_range_regime_continuation_discovery/stage29a_exact_trades.csv,high_range_london_continuation_v1,hr_london_follow_h13_lq35_pq25_c00_tp06_sl065,-6.200975000000289,-7.25097500000029,-7.950975000000289,0,0,0,1,7.25097500000029,89.0300000000002,50.0600000000004,0.5687175389532566,53.57999999999993,0.10246360582308135,47.43000000000029,17.262500000000045,0.688,1.0,,,13,2,10.0,2025
2025-10-17 13:00:00+00:00|-1.0|hr_london_follow_h13_lq35_pq25_c00_tp06_sl065,2025-10-17 13:00:00+00:00,STAGE29A,data/reports/stage29a_high_range_regime_continuation_discovery/stage29a_exact_trades.csv,high_range_london_continuation_v1,hr_london_follow_h13_lq35_pq25_c00_tp06_sl065,8.451099999999679,7.401099999999678,6.701099999999679,1,1,1,0,7.401099999999678,151.92999999999938,100.69999999999982,0.19721946375372104,66.96000000000004,0.39575866188769393,16.140000000000327,31.05650000000005,0.992,-1.0,,,13,4,10.0,2025
2025-10-20 13:00:00+00:00|-1.0|hr_london_follow_h13_lq35_pq25_c00_tp06_sl065,2025-10-20 13:00:00+00:00,STAGE29A,data/reports/stage29a_high_range_regime_continuation_discovery/stage29a_exact_trades.csv,high_range_london_continuation_v1,hr_london_follow_h13_lq35_pq25_c00_tp06_sl065,6.1692999999999305,5.11929999999993,4.4192999999999305,1,1,1,0,5.11929999999993,35.11999999999989,55.51999999999953,0.16264409221903336,46.61000000000058,0.08496030894655819,13.170000000000073,26.351499999999987,0.876,-1.0,,,13,0,10.0,2025
2025-10-21 13:00:00+00:00|-1.0|hr_london_follow_h13_lq35_pq25_c00_tp06_sl065,2025-10-21 13:00:00+00:00,STAGE29A,data/reports/stage29a_high_range_regime_continuation_discovery/stage29a_exact_trades.csv,high_range_london_continuation_v1,hr_london_follow_h13_lq35_pq25_c00_tp06_sl065,8.885499999999775,7.835499999999774,7.135499999999775,1,1,1,0,7.835499999999774,162.71999999999937,42.36000000000058,0.4952785646836467,102.25,0.796479217603908,23.349999999999454,24.80199999999986,0.836,-1.0,,,13,1,10.0,2025
2025-10-27 13:00:00+00:00|-1.0|hr_london_follow_h13_lq35_pq25_c00_tp06_sl065,2025-10-27 13:00:00+00:00,STAGE29A,data/reports/stage29a_high_range_regime_continuation_discovery/stage29a_exact_trades.csv,high_range_london_continuation_v1,hr_london_follow_h13_lq35_pq25_c00_tp06_sl065,-7.619925000000057,-8.669925000000058,-9.369925000000055,0,0,0,1,8.669925000000058,47.21000000000004,55.55000000000018,0.6064806480648136,60.00999999999976,0.5222462922846237,18.759999999999764,22.817499999999974,0.476,-1.0,,,13,0,10.0,2025
2025-10-28 13:00:00+00:00|-1.0|hr_london_follow_h13_lq35_pq25_c00_tp06_sl065,2025-10-28 13:00:00+00:00,STAGE29A,data/reports/stage29a_high_range_regime_continuation_discovery/stage29a_exact_trades.csv,high_range_london_continuation_v1,hr_london_follow_h13_lq35_pq25_c00_tp06_sl065,-8.682675000000108,-9.732675000000109,-10.432675000000108,0,0,0,1,9.732675000000109,137.97000000000023,55.86000000000013,0.19638381668457267,93.62000000000036,0.5054475539414653,30.68000000000029,23.399000000000022,0.512,-1.0,,,13,1,10.0,2025
2025-11-05 13:00:00+00:00|-1.0|hr_london_follow_h13_lq35_pq25_c00_tp06_sl065,2025-11-05 13:00:00+00:00,STAGE29A,data/reports/stage29a_high_range_regime_continuation_discovery/stage29a_exact_trades.csv,high_range_london_continuation_v1,hr_london_follow_h13_lq35_pq25_c00_tp06_sl065,-5.153499999999985,-6.203499999999986,-6.903499999999985,0,0,0,1,6.203499999999986,77.37999999999965,44.4399999999996,0.800405040504051,31.25,0.18431999999999243,15.75,15.218499999999972,0.024,-1.0,,,13,2,11.0,2025
2025-11-06 13:00:00+00:00|1.0|hr_london_follow_h13_lq35_pq25_c00_tp06_sl065,2025-11-06 13:00:00+00:00,STAGE29A,data/reports/stage29a_high_range_regime_continuation_discovery/stage29a_exact_trades.csv,high_range_london_continuation_v1,hr_london_follow_h13_lq35_pq25_c00_tp06_sl065,2.8762000000000625,1.8262000000000629,1.126200000000063,1,1,1,0,1.8262000000000629,61.58999999999969,25.949999999999815,0.5865125240847748,34.51999999999998,0.571552723059097,7.070000000000164,10.239000000000033,0.004,1.0,,,13,3,11.0,2025
2025-11-11 13:00:00+00:00|-1.0|hr_london_follow_h13_lq35_pq25_c00_tp06_sl065,2025-11-11 13:00:00+00:00,STAGE29A,data/reports/stage29a_high_range_regime_continuation_discovery/stage29a_exact_trades.csv,high_range_london_continuation_v1,hr_london_follow_h13_lq35_pq25_c00_tp06_sl065,-3.971474999999919,-5.021474999999919,-5.721474999999918,0,0,0,1,5.021474999999919,122.17999999999984,33.89000000000033,0.6878135143110113,21.980000000000476,0.06505914467699091,7.1599999999998545,11.308499999999913,0.056,-1.0,,,13,1,11.0,2025
2025-11-12 13:00:00+00:00|1.0|hr_london_follow_h13_lq35_pq25_c00_tp06_sl065,2025-11-12 13:00:00+00:00,STAGE29A,data/reports/stage29a_high_range_regime_continuation_discovery/stage29a_exact_trades.csv,high_range_london_continuation_v1,hr_london_follow_h13_lq35_pq25_c00_tp06_sl065,-4.965324999999757,-6.015324999999757,-6.715324999999757,0,0,0,1,6.015324999999757,51.60000000000037,41.720000000000255,0.7739693192713271,34.56999999999971,0.5001446340757915,10.8100000000004,13.348500000000058,0.352,1.0,,,13,2,11.0,2025
2025-11-13 13:00:00+00:00|1.0|hr_london_follow_h13_lq35_pq25_c00_tp06_sl065,2025-11-13 13:00:00+00:00,STAGE29A,data/reports/stage29a_high_range_regime_continuation_discovery/stage29a_exact_trades.csv,high_range_london_continuation_v1,hr_london_follow_h13_lq35_pq25_c00_tp06_sl065,-5.443399999999746,-6.493399999999747,-7.193399999999746,0,0,0,1,6.493399999999747,112.90999999999984,39.74000000000069,0.4574735782586579,37.099999999999454,0.4256064690027007,18.549999999999272,18.722999999999956,0.772,1.0,,,13,3,11.0,2025
2025-11-14 13:00:00+00:00|-1.0|hr_london_follow_h13_lq35_pq25_c00_tp06_sl065,2025-11-14 13:00:00+00:00,STAGE29A,data/reports/stage29a_high_range_regime_continuation_discovery/stage29a_exact_trades.csv,high_range_london_continuation_v1,hr_london_follow_h13_lq35_pq25_c00_tp06_sl065,-6.900374999999803,-7.950374999999804,-8.650374999999803,0,0,0,1,7.950374999999804,100.11999999999988,41.19999999999982,0.4191747572815438,44.849999999999454,0.7906354515050271,11.11999999999989,18.576999999999863,0.792,-1.0,,,13,4,11.0,2025
2025-11-17 13:00:00+00:00|-1.0|hr_london_follow_h13_lq35_pq25_c00_tp06_sl065,2025-11-17 13:00:00+00:00,STAGE29A,data/reports/stage29a_high_range_regime_continuation_discovery/stage29a_exact_trades.csv,high_range_london_continuation_v1,hr_london_follow_h13_lq35_pq25_c00_tp06_sl065,4.63779999999988,3.5877999999998798,2.88779999999988,1,1,1,0,3.5877999999998798,32.4699999999998,36.690000000000055,0.48460070863996113,46.059999999999945,0.18019973947025048,21.769999999999982,19.9484999999999,0.856,-1.0,,,13,0,11.0,2025
2025-11-18 13:00:00+00:00|1.0|hr_london_follow_h13_lq35_pq25_c00_tp06_sl065,2025-11-18 13:00:00+00:00,STAGE29A,data/reports/stage29a_high_range_regime_continuation_discovery/stage29a_exact_trades.csv,high_range_london_continuation_v1,hr_london_follow_h13_lq35_pq25_c00_tp06_sl065,-6.149625000000105,-7.199625000000106,-7.899625000000105,0,0,0,1,7.199625000000106,99.80999999999996,50.38999999999987,0.5225243103790433,52.27999999999975,0.644988523335883,12.899999999999636,20.05499999999997,0.8,1.0,,,13,1,11.0,2025
2025-11-19 13:00:00+00:00|1.0|hr_london_follow_h13_lq35_pq25_c00_tp06_sl065,2025-11-19 13:00:00+00:00,STAGE29A,data/reports/stage29a_high_range_regime_continuation_discovery/stage29a_exact_trades.csv,high_range_london_continuation_v1,hr_london_follow_h13_lq35_pq25_c00_tp06_sl065,4.422699999999532,3.3726999999995315,2.672699999999532,1,1,1,0,3.3726999999995315,84.03999999999996,24.850000000000364,0.06156941649900111,44.95000000000027,0.7506117908787447,11.990000000000691,15.576000000000112,0.516,1.0,,,13,2,11.0,2025
2025-11-20 13:00:00+00:00|-1.0|hr_london_follow_h13_lq35_pq25_c00_tp06_sl065,2025-11-20 13:00:00+00:00,STAGE29A,data/reports/stage29a_high_range_regime_continuation_discovery/stage29a_exact_trades.csv,high_range_london_continuation_v1,hr_london_follow_h13_lq35_pq25_c00_tp06_sl065,-7.42102500000019,-8.471025000000191,-9.17102500000019,0,0,0,1,8.471025000000191,76.84000000000015,69.11999999999944,0.4225983796296336,39.01000000000022,0.403229941040757,9.940000000000055,21.13399999999997,0.876,-1.0,,,13,3,11.0,2025
2025-11-26 13:00:00+00:00|-1.0|hr_london_follow_h13_lq35_pq25_c00_tp06_sl065,2025-11-26 13:00:00+00:00,STAGE29A,data/reports/stage29a_high_range_regime_continuation_discovery/stage29a_exact_trades.csv,high_range_london_continuation_v1,hr_london_follow_h13_lq35_pq25_c00_tp06_sl065,-4.375125000000116,-5.425125000000117,-6.125125000000116,0,0,0,1,5.425125000000117,50.42999999999938,39.88000000000011,0.7096288866599826,21.81999999999971,0.08340971585699969,9.090000000000146,12.598499999999785,0.012,-1.0,,,13,2,11.0,2025
2025-11-27 13:00:00+00:00|1.0|hr_london_follow_h13_lq35_pq25_c00_tp06_sl065,2025-11-27 13:00:00+00:00,STAGE29A,data/reports/stage29a_high_range_regime_continuation_discovery/stage29a_exact_trades.csv,high_range_london_continuation_v1,hr_london_follow_h13_lq35_pq25_c00_tp06_sl065,2.496700000000055,1.4467000000000554,0.7467000000000557,1,1,1,0,1.4467000000000554,43.90000000000055,25.90999999999985,0.5461211887302441,22.269999999999527,0.26178715761113835,8.109999999999673,9.91649999999986,0.004,1.0,,,13,3,11.0,2025
2025-12-03 13:00:00+00:00|-1.0|hr_london_follow_h13_lq35_pq25_c00_tp06_sl065,2025-12-03 13:00:00+00:00,STAGE29A,data/reports/stage29a_high_range_regime_continuation_discovery/stage29a_exact_trades.csv,high_range_london_continuation_v1,hr_london_follow_h13_lq35_pq25_c00_tp06_sl065,-3.6529749999996057,-4.702974999999606,-5.402974999999605,0,0,0,1,4.702974999999606,72.11999999999989,26.11999999999989,0.3575803981623348,29.22000000000025,0.7488021902806269,10.140000000000327,13.567500000000063,0.224,-1.0,,,13,2,12.0,2025
2025-12-04 13:00:00+00:00|1.0|hr_london_follow_h13_lq35_pq25_c00_tp06_sl065,2025-12-04 13:00:00+00:00,STAGE29A,data/reports/stage29a_high_range_regime_continuation_discovery/stage29a_exact_trades.csv,high_range_london_continuation_v1,hr_london_follow_h13_lq35_pq25_c00_tp06_sl065,-3.989350000000377,-5.039350000000377,-5.7393500000003765,0,0,0,1,5.039350000000377,46.89000000000033,29.47000000000025,0.34747200542923967,27.340000000000146,0.009509875640095717,6.0,13.181500000000005,0.212,1.0,,,13,3,12.0,2025
2025-12-12 13:00:00+00:00|1.0|hr_london_follow_h13_lq35_pq25_c00_tp06_sl065,2025-12-12 13:00:00+00:00,STAGE29A,data/reports/stage29a_high_range_regime_continuation_discovery/stage29a_exact_trades.csv,high_range_london_continuation_v1,hr_london_follow_h13_lq35_pq25_c00_tp06_sl065,-4.596124999999665,-5.646124999999666,-6.346124999999665,0,0,0,1,5.646124999999666,81.61000000000058,18.800000000000185,0.5281914893616642,64.73999999999978,0.9800741427247597,16.06999999999971,13.740999999999985,0.576,1.0,,,13,4,12.0,2025
2025-12-23 13:00:00+00:00|1.0|hr_london_follow_h13_lq35_pq25_c00_tp06_sl065,2025-12-23 13:00:00+00:00,STAGE29A,data/reports/stage29a_high_range_regime_continuation_discovery/stage29a_exact_trades.csv,high_range_london_continuation_v1,hr_london_follow_h13_lq35_pq25_c00_tp06_sl065,2.619699999999648,1.569699999999648,0.8696999999996482,1,1,1,0,1.569699999999648,122.74000000000068,52.28999999999997,0.42991011665709655,23.69000000000051,0.08104685521313305,7.970000000000255,12.317999999999984,0.404,1.0,,,13,1,12.0,2025
2025-12-24 13:00:00+00:00|-1.0|hr_london_follow_h13_lq35_pq25_c00_tp06_sl065,2025-12-24 13:00:00+00:00,STAGE29A,data/reports/stage29a_high_range_regime_continuation_discovery/stage29a_exact_trades.csv,high_range_london_continuation_v1,hr_london_follow_h13_lq35_pq25_c00_tp06_sl065,3.773199999999997,2.723199999999997,2.023199999999997,1,1,1,0,2.723199999999997,75.19000000000051,54.51000000000022,0.07228031553842569,22.300000000000185,0.43094170403585624,17.61999999999989,17.785499999999956,0.936,-1.0,,,13,2,12.0,2025
2025-12-30 13:00:00+00:00|1.0|hr_london_follow_h13_lq35_pq25_c00_tp06_sl065,2025-12-30 13:00:00+00:00,STAGE29A,data/reports/stage29a_high_range_regime_continuation_discovery/stage29a_exact_trades.csv,high_range_london_continuation_v1,hr_london_follow_h13_lq35_pq25_c00_tp06_sl065,5.162799999999516,4.112799999999515,3.412799999999516,1,1,1,0,4.112799999999515,246.52999999999972,45.98999999999978,0.38704066101326956,41.36000000000058,0.5118471953578282,23.890000000000327,20.83650000000016,0.868,1.0,,,13,1,12.0,2025
2026-01-06 13:00:00+00:00|-1.0|hr_london_follow_h13_lq35_pq25_c00_tp06_sl065,2026-01-06 13:00:00+00:00,STAGE29A,data/reports/stage29a_high_range_regime_continuation_discovery/stage29a_exact_trades.csv,high_range_london_continuation_v1,hr_london_follow_h13_lq35_pq25_c00_tp06_sl065,-4.887325000000237,-5.9373250000002376,-6.637325000000237,0,0,0,1,5.9373250000002376,110.64000000000031,40.53999999999997,0.6625555007400024,32.96000000000004,0.46450242718447765,13.220000000000255,15.324999999999955,0.312,-1.0,,,13,1,1.0,2026
2026-01-07 13:00:00+00:00|-1.0|hr_london_follow_h13_lq35_pq25_c00_tp06_sl065,2026-01-07 13:00:00+00:00,STAGE29A,data/reports/stage29a_high_range_regime_continuation_discovery/stage29a_exact_trades.csv,high_range_london_continuation_v1,hr_london_follow_h13_lq35_pq25_c00_tp06_sl065,3.720099999999911,2.6700999999999118,1.970099999999912,1,1,1,0,2.6700999999999118,69.30999999999949,40.720000000000255,0.7094793713163101,33.11999999999989,0.011171497584537804,8.900000000000546,15.482000000000061,0.284,-1.0,,,13,2,1.0,2026
2026-01-13 13:00:00+00:00|-1.0|hr_london_follow_h13_lq35_pq25_c00_tp06_sl065,2026-01-13 13:00:00+00:00,STAGE29A,data/reports/stage29a_high_range_regime_continuation_discovery/stage29a_exact_trades.csv,high_range_london_continuation_v1,hr_london_follow_h13_lq35_pq25_c00_tp06_sl065,-4.6601500000002485,-5.710150000000249,-6.4101500000002485,0,0,0,1,5.710150000000249,116.96000000000004,32.23000000000047,0.0896680111697265,28.42999999999938,0.3496306718255619,7.829999999999927,15.20250000000001,0.184,-1.0,,,13,1,1.0,2026
2026-01-14 13:00:00+00:00|1.0|hr_london_follow_h13_lq35_pq25_c00_tp06_sl065,2026-01-14 13:00:00+00:00,STAGE29A,data/reports/stage29a_high_range_regime_continuation_discovery/stage29a_exact_trades.csv,high_range_london_continuation_v1,hr_london_follow_h13_lq35_pq25_c00_tp06_sl065,-4.402749999999832,-5.452749999999833,-6.152749999999832,0,0,0,1,5.452749999999833,64.76999999999953,42.88000000000011,0.705457089552237,21.579999999999927,0.15848007414272866,10.30999999999949,16.248499999999968,0.396,1.0,,,13,2,1.0,2026
2026-01-23 13:00:00+00:00|-1.0|hr_london_follow_h13_lq35_pq25_c00_tp06_sl065,2026-01-23 13:00:00+00:00,STAGE29A,data/reports/stage29a_high_range_regime_continuation_discovery/stage29a_exact_trades.csv,high_range_london_continuation_v1,hr_london_follow_h13_lq35_pq25_c00_tp06_sl065,-7.585800000000381,-8.635800000000382,-9.33580000000038,0,0,0,1,8.635800000000382,187.4799999999996,36.32999999999993,0.07349298100743402,67.39999999999964,0.3921364985163269,16.6899999999996,22.539999999999964,0.78,-1.0,,,13,4,1.0,2026
2026-01-27 13:00:00+00:00|1.0|hr_london_follow_h13_lq35_pq25_c00_tp06_sl065,2026-01-27 13:00:00+00:00,STAGE29A,data/reports/stage29a_high_range_regime_continuation_discovery/stage29a_exact_trades.csv,high_range_london_continuation_v1,hr_london_follow_h13_lq35_pq25_c00_tp06_sl065,-6.362499999999818,-7.412499999999818,-8.112499999999818,0,0,0,1,7.412499999999818,120.89999999999964,66.71999999999935,0.3625599520383805,43.27999999999975,0.441543438077629,16.399999999999636,33.254499999999915,0.948,1.0,,,13,1,1.0,2026
2026-02-02 13:00:00+00:00|1.0|hr_london_follow_h13_lq35_pq25_c00_tp06_sl065,2026-02-02 13:00:00+00:00,STAGE29A,data/reports/stage29a_high_range_regime_continuation_discovery/stage29a_exact_trades.csv,high_range_london_continuation_v1,hr_london_follow_h13_lq35_pq25_c00_tp06_sl065,-37.09774999999954,-38.14774999999954,-38.84774999999954,0,0,0,1,38.14774999999954,168.01999999999953,300.52999999999975,0.20949655608425147,330.25,0.07887963663891047,76.39999999999964,133.36349999999976,0.992,1.0,,,13,0,2.0,2026
2026-02-03 13:00:00+00:00|1.0|hr_london_follow_h13_lq35_pq25_c00_tp06_sl065,2026-02-03 13:00:00+00:00,STAGE29A,data/reports/stage29a_high_range_regime_continuation_discovery/stage29a_exact_trades.csv,high_range_london_continuation_v1,hr_london_follow_h13_lq35_pq25_c00_tp06_sl065,-14.74522500000021,-15.79522500000021,-16.49522500000021,0,0,0,1,15.79522500000021,481.1899999999996,189.4900000000007,0.18222597498548535,139.53999999999996,0.6661889064067655,27.98999999999978,66.50050000000006,0.728,1.0,,,13,1,2.0,2026
2026-02-04 13:00:00+00:00|-1.0|hr_london_follow_h13_lq35_pq25_c00_tp06_sl065,2026-02-04 13:00:00+00:00,STAGE29A,data/reports/stage29a_high_range_regime_continuation_discovery/stage29a_exact_trades.csv,high_range_london_continuation_v1,hr_london_follow_h13_lq35_pq25_c00_tp06_sl065,-11.170225000000393,-12.220225000000392,-12.920225000000393,0,0,0,1,12.220225000000392,327.29,170.6200000000008,0.7802133395850385,50.0,0.6368000000000029,22.479999999999563,46.102499999999964,0.572,-1.0,,,13,2,2.0,2026
2026-02-05 13:00:00+00:00|1.0|hr_london_follow_h13_lq35_pq25_c00_tp06_sl065,2026-02-05 13:00:00+00:00,STAGE29A,data/reports/stage29a_high_range_regime_continuation_discovery/stage29a_exact_trades.csv,high_range_london_continuation_v1,hr_london_follow_h13_lq35_pq25_c00_tp06_sl065,-17.33319999999967,-18.38319999999967,-19.08319999999967,0,0,0,1,18.38319999999967,239.94999999999985,234.4100000000008,0.6337613583038263,116.44999999999982,0.11592958351223719,38.779999999999745,60.45800000000004,0.704,1.0,,,13,3,2.0,2026
2026-02-06 13:00:00+00:00|1.0|hr_london_follow_h13_lq35_pq25_c00_tp06_sl065,2026-02-06 13:00:00+00:00,STAGE29A,data/reports/stage29a_high_range_regime_continuation_discovery/stage29a_exact_trades.csv,high_range_london_continuation_v1,hr_london_follow_h13_lq35_pq25_c00_tp06_sl065,-14.052975000000153,-15.102975000000152,-15.802975000000153,0,0,0,1,15.102975000000152,320.3100000000004,191.01000000000025,0.5794461022983098,95.03999999999996,0.6758207070707027,28.18000000000029,61.26499999999987,0.672,1.0,,,13,4,2.0,2026
2026-02-10 13:00:00+00:00|1.0|hr_london_follow_h13_lq35_pq25_c00_tp06_sl065,2026-02-10 13:00:00+00:00,STAGE29A,data/reports/stage29a_high_range_regime_continuation_discovery/stage29a_exact_trades.csv,high_range_london_continuation_v1,hr_london_follow_h13_lq35_pq25_c00_tp06_sl065,-8.217274999999608,-9.267274999999607,-9.967274999999608,0,0,0,1,9.267274999999607,121.23000000000047,87.30999999999949,0.0027488260222276097,51.73999999999978,0.304020100502523,21.25,28.691499999999905,0.072,1.0,,,13,1,2.0,2026
2026-02-12 13:00:00+00:00|-1.0|hr_london_follow_h13_lq35_pq25_c00_tp06_sl065,2026-02-12 13:00:00+00:00,STAGE29A,data/reports/stage29a_high_range_regime_continuation_discovery/stage29a_exact_trades.csv,high_range_london_continuation_v1,hr_london_follow_h13_lq35_pq25_c00_tp06_sl065,-6.14962499999965,-7.199624999999651,-7.89962499999965,0,0,0,1,7.199624999999651,99.52999999999976,54.75999999999931,0.13951789627466077,33.48999999999978,0.22066288444312857,21.0,22.683999999999834,0.012,-1.0,,,13,3,2.0,2026
2026-02-24 13:00:00+00:00|1.0|hr_london_follow_h13_lq35_pq25_c00_tp06_sl065,2026-02-24 13:00:00+00:00,STAGE29A,data/reports/stage29a_high_range_regime_continuation_discovery/stage29a_exact_trades.csv,high_range_london_continuation_v1,hr_london_follow_h13_lq35_pq25_c00_tp06_sl065,-6.407025000000067,-7.457025000000067,-8.157025000000067,0,0,0,1,7.457025000000067,139.01000000000022,104.50999999999932,0.6400344464644605,29.329999999999927,0.16365496079100558,17.82000000000062,23.55999999999999,0.372,1.0,,,13,1,2.0,2026
2026-02-25 13:00:00+00:00|-1.0|hr_london_follow_h13_lq35_pq25_c00_tp06_sl065,2026-02-25 13:00:00+00:00,STAGE29A,data/reports/stage29a_high_range_regime_continuation_discovery/stage29a_exact_trades.csv,high_range_london_continuation_v1,hr_london_follow_h13_lq35_pq25_c00_tp06_sl065,-5.527899999999681,-6.577899999999682,-7.277899999999681,0,0,0,1,6.577899999999682,155.44999999999982,71.0,0.506197183098586,40.40000000000055,0.19306930693069496,25.0,22.19850000000006,0.336,-1.0,,,13,2,2.0,2026
2026-02-27 13:00:00+00:00|-1.0|hr_london_follow_h13_lq35_pq25_c00_tp06_sl065,2026-02-27 13:00:00+00:00,STAGE29A,data/reports/stage29a_high_range_regime_continuation_discovery/stage29a_exact_trades.csv,high_range_london_continuation_v1,hr_london_follow_h13_lq35_pq25_c00_tp06_sl065,-4.592874999999912,-5.642874999999913,-6.342874999999912,0,0,0,1,5.642874999999913,74.60999999999967,32.68000000000029,0.08353733170136012,31.48999999999978,0.1292473801206649,12.0600000000004,19.138000000000055,0.152,-1.0,,,13,4,2.0,2026
2026-03-03 13:00:00+00:00|-1.0|hr_london_follow_h13_lq35_pq25_c00_tp06_sl065,2026-03-03 13:00:00+00:00,STAGE29A,data/reports/stage29a_high_range_regime_continuation_discovery/stage29a_exact_trades.csv,high_range_london_continuation_v1,hr_london_follow_h13_lq35_pq25_c00_tp06_sl065,-17.573699999999555,-18.623699999999552,-19.323699999999555,0,0,0,1,18.623699999999552,158.2599999999993,50.46000000000004,0.2964724534284587,140.09999999999943,0.804354032833697,49.88000000000011,34.52399999999993,0.972,-1.0,,,13,1,3.0,2026
2026-03-04 13:00:00+00:00|1.0|hr_london_follow_h13_lq35_pq25_c00_tp06_sl065,2026-03-04 13:00:00+00:00,STAGE29A,data/reports/stage29a_high_range_regime_continuation_discovery/stage29a_exact_trades.csv,high_range_london_continuation_v1,hr_london_follow_h13_lq35_pq25_c00_tp06_sl065,8.353300000000127,7.303300000000126,6.603300000000127,1,1,1,0,7.303300000000126,382.7999999999993,105.97000000000024,0.29508351420212753,79.67000000000007,0.4089368645663348,22.420000000000073,38.758499999999955,0.904,1.0,,,13,2,3.0,2026
2026-03-05 13:00:00+00:00|-1.0|hr_london_follow_h13_lq35_pq25_c00_tp06_sl065,2026-03-05 13:00:00+00:00,STAGE29A,data/reports/stage29a_high_range_regime_continuation_discovery/stage29a_exact_trades.csv,high_range_london_continuation_v1,hr_london_follow_h13_lq35_pq25_c00_tp06_sl065,7.264599999999882,6.214599999999882,5.5145999999998825,1,1,1,0,6.214599999999882,121.39000000000031,50.22999999999956,0.11108899064304152,59.60999999999967,0.12028183190739997,21.340000000000146,24.423999999999886,0.48,-1.0,,,13,3,3.0,2026
2026-03-06 13:00:00+00:00|-1.0|hr_london_follow_h13_lq35_pq25_c00_tp06_sl065,2026-03-06 13:00:00+00:00,STAGE29A,data/reports/stage29a_high_range_regime_continuation_discovery/stage29a_exact_trades.csv,high_range_london_continuation_v1,hr_london_follow_h13_lq35_pq25_c00_tp06_sl065,-7.604649999999856,-8.654649999999856,-9.354649999999856,0,0,0,1,8.654649999999856,143.6899999999996,76.73999999999978,0.5422204847537111,54.25,0.6733640552995345,16.86999999999989,26.763000000000012,0.572,-1.0,,,13,4,3.0,2026
2026-03-10 13:00:00+00:00|1.0|hr_london_follow_h13_lq35_pq25_c00_tp06_sl065,2026-03-10 13:00:00+00:00,STAGE29A,data/reports/stage29a_high_range_regime_continuation_discovery/stage29a_exact_trades.csv,high_range_london_continuation_v1,hr_london_follow_h13_lq35_pq25_c00_tp06_sl065,-6.728450000000157,-7.778450000000157,-8.478450000000157,0,0,0,1,7.778450000000157,176.90999999999983,69.05000000000018,0.35235336712526955,38.60999999999967,0.3504273504273468,27.339999999999236,21.969500000000018,0.148,1.0,,,13,1,3.0,2026
2026-03-13 13:00:00+00:00|-1.0|hr_london_follow_h13_lq35_pq25_c00_tp06_sl065,2026-03-13 13:00:00+00:00,STAGE29A,data/reports/stage29a_high_range_regime_continuation_discovery/stage29a_exact_trades.csv,high_range_london_continuation_v1,hr_london_follow_h13_lq35_pq25_c00_tp06_sl065,-7.93257500000036,-8.982575000000361,-9.68257500000036,0,0,0,1,8.982575000000361,136.32999999999993,55.71000000000004,0.1202656614611347,49.1299999999992,0.19967433340117344,18.26000000000022,19.618500000000086,0.072,-1.0,,,13,4,3.0,2026
2026-03-26 13:00:00+00:00|-1.0|hr_london_follow_h13_lq35_pq25_c00_tp06_sl065,2026-03-26 13:00:00+00:00,STAGE29A,data/reports/stage29a_high_range_regime_continuation_discovery/stage29a_exact_trades.csv,high_range_london_continuation_v1,hr_london_follow_h13_lq35_pq25_c00_tp06_sl065,-11.578425000000244,-12.628425000000243,-13.328425000000244,0,0,0,1,12.628425000000243,146.3800000000001,54.91000000000077,0.4028410125660095,109.26000000000022,0.7089511257550786,30.920000000000073,34.094000000000094,0.568,-1.0,,,13,3,3.0,2026
2026-03-27 13:00:00+00:00|-1.0|hr_london_follow_h13_lq35_pq25_c00_tp06_sl065,2026-03-27 13:00:00+00:00,STAGE29A,data/reports/stage29a_high_range_regime_continuation_discovery/stage29a_exact_trades.csv,high_range_london_continuation_v1,hr_london_follow_h13_lq35_pq25_c00_tp06_sl065,5.991999999999644,4.941999999999643,4.241999999999644,1,1,1,0,4.941999999999643,192.6600000000008,73.67999999999938,0.5563246471226945,64.27999999999975,0.48397635345363715,21.949999999999818,32.14149999999991,0.42,-1.0,,,13,4,3.0,2026
2026-04-07 13:00:00+00:00|1.0|hr_london_follow_h13_lq35_pq25_c00_tp06_sl065,2026-04-07 13:00:00+00:00,STAGE29A,data/reports/stage29a_high_range_regime_continuation_discovery/stage29a_exact_trades.csv,high_range_london_continuation_v1,hr_london_follow_h13_lq35_pq25_c00_tp06_sl065,-9.974550000000454,-11.024550000000454,-11.724550000000454,0,0,0,1,11.024550000000454,105.48999999999978,51.46000000000004,0.17061795569375532,71.22999999999956,0.3018391127334007,35.4399999999996,22.736499999999886,0.052,1.0,,,13,1,4.0,2026
2026-04-08 13:00:00+00:00|-1.0|hr_london_follow_h13_lq35_pq25_c00_tp06_sl065,2026-04-08 13:00:00+00:00,STAGE29A,data/reports/stage29a_high_range_regime_continuation_discovery/stage29a_exact_trades.csv,high_range_london_continuation_v1,hr_london_follow_h13_lq35_pq25_c00_tp06_sl065,7.928800000000047,6.878800000000046,6.178800000000047,1,1,1,0,6.878800000000046,211.28000000000063,140.1299999999992,0.1491472204381693,66.96000000000004,0.2144563918757417,29.849999999999454,34.414499999999954,0.556,-1.0,,,13,2,4.0,2026
2026-04-10 13:00:00+00:00|-1.0|hr_london_follow_h13_lq35_pq25_c00_tp06_sl065,2026-04-10 13:00:00+00:00,STAGE29A,data/reports/stage29a_high_range_regime_continuation_discovery/stage29a_exact_trades.csv,high_range_london_continuation_v1,hr_london_follow_h13_lq35_pq25_c00_tp06_sl065,-5.852575000000433,-6.902575000000434,-7.602575000000433,0,0,0,1,6.902575000000434,102.13000000000012,41.60000000000037,0.05817307692307817,39.80999999999949,0.3765385581512176,20.00999999999931,18.59099999999994,0.004,-1.0,,,13,4,4.0,2026
2026-04-14 13:00:00+00:00|1.0|hr_london_follow_h13_lq35_pq25_c00_tp06_sl065,2026-04-14 13:00:00+00:00,STAGE29A,data/reports/stage29a_high_range_regime_continuation_discovery/stage29a_exact_trades.csv,high_range_london_continuation_v1,hr_london_follow_h13_lq35_pq25_c00_tp06_sl065,5.138500000000386,4.088500000000385,3.388500000000386,1,1,1,0,4.088500000000385,114.48000000000047,31.23999999999978,0.3117797695262436,37.72999999999956,0.2793532997614653,17.42999999999938,17.625499999999874,0.02,1.0,,,13,1,4.0,2026
2026-04-16 13:00:00+00:00|-1.0|hr_london_follow_h13_lq35_pq25_c00_tp06_sl065,2026-04-16 13:00:00+00:00,STAGE29A,data/reports/stage29a_high_range_regime_continuation_discovery/stage29a_exact_trades.csv,high_range_london_continuation_v1,hr_london_follow_h13_lq35_pq25_c00_tp06_sl065,-5.444699999999648,-6.494699999999648,-7.194699999999648,0,0,0,1,6.494699999999648,85.13999999999942,46.51999999999953,0.3555460017196933,31.529999999999745,0.35172851252775883,11.010000000000218,15.487500000000045,0.004,-1.0,,,13,3,4.0,2026
2026-04-21 13:00:00+00:00|-1.0|hr_london_follow_h13_lq35_pq25_c00_tp06_sl065,2026-04-21 13:00:00+00:00,STAGE29A,data/reports/stage29a_high_range_regime_continuation_discovery/stage29a_exact_trades.csv,high_range_london_continuation_v1,hr_london_follow_h13_lq35_pq25_c00_tp06_sl065,-5.919524999999885,-6.969524999999885,-7.669524999999885,0,0,0,1,6.969524999999885,90.67000000000009,40.39999999999964,0.7566831683168312,25.050000000000185,0.5417165668662519,8.170000000000073,13.963499999999977,0.012,-1.0,,,13,1,4.0,2026
2026-04-23 13:00:00+00:00|-1.0|hr_london_follow_h13_lq35_pq25_c00_tp06_sl065,2026-04-23 13:00:00+00:00,STAGE29A,data/reports/stage29a_high_range_regime_continuation_discovery/stage29a_exact_trades.csv,high_range_london_continuation_v1,hr_london_follow_h13_lq35_pq25_c00_tp06_sl065,-6.040749999999752,-7.090749999999753,-7.790749999999752,0,0,0,1,7.090749999999753,56.470000000000255,59.63000000000011,0.37078651685392644,31.92999999999938,0.19417475728155145,8.960000000000036,17.336999999999897,0.324,-1.0,,,13,3,4.0,2026
2026-04-24 13:00:00+00:00|1.0|hr_london_follow_h13_lq35_pq25_c00_tp06_sl065,2026-04-24 13:00:00+00:00,STAGE29A,data/reports/stage29a_high_range_regime_continuation_discovery/stage29a_exact_trades.csv,high_range_london_continuation_v1,hr_london_follow_h13_lq35_pq25_c00_tp06_sl065,-5.4658249999998585,-6.515824999999859,-7.215824999999858,0,0,0,1,6.515824999999859,89.48000000000047,42.27999999999975,0.4973982970671682,39.52000000000044,0.2608805668016267,17.30999999999949,20.427999999999976,0.708,1.0,,,13,4,4.0,2026
2026-04-30 13:00:00+00:00|1.0|hr_london_follow_h13_lq35_pq25_c00_tp06_sl065,2026-04-30 13:00:00+00:00,STAGE29A,data/reports/stage29a_high_range_regime_continuation_discovery/stage29a_exact_trades.csv,high_range_london_continuation_v1,hr_london_follow_h13_lq35_pq25_c00_tp06_sl065,5.790999999999622,4.740999999999621,4.040999999999622,1,1,1,0,4.740999999999621,99.84999999999944,43.11000000000058,0.09255393180235973,91.03999999999996,0.7621924428822534,17.480000000000473,19.930999999999766,0.688,1.0,,,13,3,4.0,2026
2026-05-07 13:00:00+00:00|1.0|hr_london_follow_h13_lq35_pq25_c00_tp06_sl065,2026-05-07 13:00:00+00:00,STAGE29A,data/reports/stage29a_high_range_regime_continuation_discovery/stage29a_exact_trades.csv,high_range_london_continuation_v1,hr_london_follow_h13_lq35_pq25_c00_tp06_sl065,-7.344649999999637,-8.394649999999638,-9.094649999999636,0,0,0,1,8.394649999999638,176.60000000000036,35.909999999999854,0.12252854358116552,61.06999999999971,0.48747339119043176,17.550000000000182,16.67999999999997,0.26,1.0,,,13,3,5.0,2026
2026-05-13 13:00:00+00:00|1.0|hr_london_follow_h13_lq35_pq25_c00_tp06_sl065,2026-05-13 13:00:00+00:00,STAGE29A,data/reports/stage29a_high_range_regime_continuation_discovery/stage29a_exact_trades.csv,high_range_london_continuation_v1,hr_london_follow_h13_lq35_pq25_c00_tp06_sl065,4.3579000000003365,3.307900000000336,2.6079000000003365,1,1,1,0,3.307900000000336,134.8199999999997,38.69000000000051,0.5420005169294386,29.390000000000327,0.16570261993874913,15.720000000000255,15.04350000000004,0.088,1.0,,,13,2,5.0,2026
2026-05-20 13:00:00+00:00|1.0|hr_london_follow_h13_lq35_pq25_c00_tp06_sl065,2026-05-20 13:00:00+00:00,STAGE29A,data/reports/stage29a_high_range_regime_continuation_discovery/stage29a_exact_trades.csv,high_range_london_continuation_v1,hr_london_follow_h13_lq35_pq25_c00_tp06_sl065,5.53420000000042,4.484200000000419,3.78420000000042,1,1,1,0,4.484200000000419,124.22000000000024,55.14000000000033,0.37413855640188587,34.54999999999927,0.6208393632416865,18.210000000000036,18.370500000000085,0.32,1.0,,,13,2,5.0,2026
2026-05-21 13:00:00+00:00|1.0|hr_london_follow_h13_lq35_pq25_c00_tp06_sl065,2026-05-21 13:00:00+00:00,STAGE29A,data/reports/stage29a_high_range_regime_continuation_discovery/stage29a_exact_trades.csv,high_range_london_continuation_v1,hr_london_follow_h13_lq35_pq25_c00_tp06_sl065,-6.145074999999997,-7.195074999999997,-7.895074999999997,0,0,0,1,7.195074999999997,98.85000000000036,43.46000000000004,0.26346065347445485,31.13000000000011,0.08833922261484067,15.180000000000291,19.1,0.44,1.0,,,13,3,5.0,2026
2026-05-27 13:00:00+00:00|-1.0|hr_london_follow_h13_lq35_pq25_c00_tp06_sl065,2026-05-27 13:00:00+00:00,STAGE29A,data/reports/stage29a_high_range_regime_continuation_discovery/stage29a_exact_trades.csv,high_range_london_continuation_v1,hr_london_follow_h13_lq35_pq25_c00_tp06_sl065,4.401699999999801,3.3516999999998007,2.651699999999801,1,1,1,0,3.3516999999998007,97.72000000000024,31.00999999999931,0.44953240890035184,41.44000000000051,0.16674710424709868,10.69000000000051,15.516500000000041,0.192,-1.0,,,13,2,5.0,2026
2026-05-28 13:00:00+00:00|1.0|hr_london_follow_h13_lq35_pq25_c00_tp06_sl065,2026-05-28 13:00:00+00:00,STAGE29A,data/reports/stage29a_high_range_regime_continuation_discovery/stage29a_exact_trades.csv,high_range_london_continuation_v1,hr_london_follow_h13_lq35_pq25_c00_tp06_sl065,-6.177575000000251,-7.227575000000252,-7.927575000000251,0,0,0,1,7.227575000000252,126.31999999999972,97.43000000000028,0.8483013445550589,32.26000000000022,0.5855548667079755,12.599999999999454,17.31949999999979,0.384,1.0,,,13,3,5.0,2026
2026-06-05 13:00:00+00:00|1.0|hr_london_follow_h13_lq35_pq25_c00_tp06_sl065,2026-06-05 13:00:00+00:00,STAGE29A,data/reports/stage29a_high_range_regime_continuation_discovery/stage29a_exact_trades.csv,high_range_london_continuation_v1,hr_london_follow_h13_lq35_pq25_c00_tp06_sl065,-5.328675000000294,-6.378675000000294,-7.078675000000294,0,0,0,1,6.378675000000294,91.14999999999964,46.159999999999854,0.5955372616984373,40.38999999999942,0.5570685813320209,10.389999999999418,14.364500000000135,0.14,1.0,,,13,4,6.0,2026
2026-06-10 13:00:00+00:00|-1.0|hr_london_follow_h13_lq35_pq25_c00_tp06_sl065,2026-06-10 13:00:00+00:00,STAGE29A,data/reports/stage29a_high_range_regime_continuation_discovery/stage29a_exact_trades.csv,high_range_london_continuation_v1,hr_london_follow_h13_lq35_pq25_c00_tp06_sl065,-8.285199999999895,-9.335199999999896,-10.035199999999897,0,0,0,1,9.335199999999896,126.54999999999929,84.05999999999949,0.8455864858434494,60.32999999999993,0.2671970827117505,16.359999999999673,26.670499999999993,0.992,-1.0,,,13,2,6.0,2026
2026-06-11 13:00:00+00:00|1.0|hr_london_follow_h13_lq35_pq25_c00_tp06_sl065,2026-06-11 13:00:00+00:00,STAGE29A,data/reports/stage29a_high_range_regime_continuation_discovery/stage29a_exact_trades.csv,high_range_london_continuation_v1,hr_london_follow_h13_lq35_pq25_c00_tp06_sl065,-7.14509999999982,-8.19509999999982,-8.89509999999982,0,0,0,1,8.19509999999982,190.30999999999997,94.00999999999976,0.021380704180408716,42.4399999999996,0.4429783223374153,18.849999999999454,31.769499999999972,0.968,1.0,,,13,3,6.0,2026
2022-07-26 13:00:00+00:00|-1.0|hr_broad_pb_h13_lq40_pb05_tp055_sl065,2022-07-26 13:00:00+00:00,STAGE29A,data/reports/stage29a_high_range_regime_continuation_discovery/stage29a_exact_trades.csv,high_range_broad_pullback_continuation_v1,hr_broad_pb_h13_lq40_pb05_tp055_sl065,-1.494974999999931,-2.544974999999931,-3.244974999999931,0,0,0,0,2.544974999999931,21.46000000000004,10.149999999999864,0.5320197044335137,8.980000000000018,0.4432071269487762,5.529999999999973,3.3735000000000013,0.132,-1.0,,,13,1,7.0,2022
2022-07-27 13:00:00+00:00|1.0|hr_broad_pb_h13_lq40_pb05_tp055_sl065,2022-07-27 13:00:00+00:00,STAGE29A,data/reports/stage29a_high_range_regime_continuation_discovery/stage29a_exact_trades.csv,high_range_broad_pullback_continuation_v1,hr_broad_pb_h13_lq40_pb05_tp055_sl065,0.6798749999999473,-0.3701250000000526,-1.0701250000000524,0,0,0,0,0.3701250000000526,14.579999999999927,4.2999999999999545,0.34883720930232925,11.460000000000036,0.47382198952878,3.0800000000001546,3.018999999999983,0.036,1.0,,,13,2,7.0,2022
2022-07-28 13:00:00+00:00|1.0|hr_broad_pb_h13_lq40_pb05_tp055_sl065,2022-07-28 13:00:00+00:00,STAGE29A,data/reports/stage29a_high_range_regime_continuation_discovery/stage29a_exact_trades.csv,high_range_broad_pullback_continuation_v1,hr_broad_pb_h13_lq40_pb05_tp055_sl065,0.9895250000000942,-0.0604749999999056,-0.7604749999999054,0,0,0,0,0.0604749999999056,28.66000000000008,7.730000000000018,0.18111254851230113,13.089999999999918,0.32773109243697407,6.100000000000136,4.770500000000004,0.708,1.0,,,13,3,7.0,2022
2022-08-09 13:00:00+00:00|1.0|hr_broad_pb_h13_lq40_pb05_tp055_sl065,2022-08-09 13:00:00+00:00,STAGE29A,data/reports/stage29a_high_range_regime_continuation_discovery/stage29a_exact_trades.csv,high_range_broad_pullback_continuation_v1,hr_broad_pb_h13_lq40_pb05_tp055_sl065,-1.7539999999999965,-2.8039999999999963,-3.503999999999996,0,0,0,0,2.8039999999999963,19.449999999999815,7.440000000000055,0.3360215053763416,9.8599999999999,0.5324543610547722,3.9600000000000364,3.273000000000002,0.064,1.0,,,13,1,8.0,2022
2022-08-26 13:00:00+00:00|-1.0|hr_broad_pb_h13_lq40_pb05_tp055_sl065,2022-08-26 13:00:00+00:00,STAGE29A,data/reports/stage29a_high_range_regime_continuation_discovery/stage29a_exact_trades.csv,high_range_broad_pullback_continuation_v1,hr_broad_pb_h13_lq40_pb05_tp055_sl065,-1.6032000000001063,-2.653200000000106,-3.353200000000106,0,0,0,0,2.653200000000106,15.519999999999982,6.579999999999927,0.03647416413374039,9.5,0.804210526315776,3.2200000000000273,2.849499999999955,0.044,-1.0,,,13,4,8.0,2022
2022-08-30 13:00:00+00:00|-1.0|hr_broad_pb_h13_lq40_pb05_tp055_sl065,2022-08-30 13:00:00+00:00,STAGE29A,data/reports/stage29a_high_range_regime_continuation_discovery/stage29a_exact_trades.csv,high_range_broad_pullback_continuation_v1,hr_broad_pb_h13_lq40_pb05_tp055_sl065,-1.7689499999999954,-2.818949999999995,-3.518949999999995,0,0,0,0,2.818949999999995,25.17999999999984,6.619999999999891,0.38670694864051586,8.840000000000146,0.07352941176468925,3.310000000000173,3.280000000000007,0.292,-1.0,,,13,1,8.0,2022
2022-09-09 13:00:00+00:00|1.0|hr_broad_pb_h13_lq40_pb05_tp055_sl065,2022-09-09 13:00:00+00:00,STAGE29A,data/reports/stage29a_high_range_regime_continuation_discovery/stage29a_exact_trades.csv,high_range_broad_pullback_continuation_v1,hr_broad_pb_h13_lq40_pb05_tp055_sl065,0.8751249999999345,-0.1748750000000654,-0.8748750000000651,0,0,0,0,0.1748750000000654,24.13000000000011,12.230000000000018,0.821749795584623,11.269999999999982,0.7080745341614935,3.6900000000000546,3.5004999999999997,0.264,1.0,,,13,4,9.0,2022
2022-09-16 13:00:00+00:00|-1.0|hr_broad_pb_h13_lq40_pb05_tp055_sl065,2022-09-16 13:00:00+00:00,STAGE29A,data/reports/stage29a_high_range_regime_continuation_discovery/stage29a_exact_trades.csv,high_range_broad_pullback_continuation_v1,hr_broad_pb_h13_lq40_pb05_tp055_sl065,-1.979875000000084,-3.029875000000084,-3.7298750000000833,0,0,0,0,3.029875000000084,37.89999999999986,6.4500000000000455,0.26976744186046464,12.11999999999989,0.3902640264026453,7.3599999999999,5.310999999999979,0.928,-1.0,,,13,4,9.0,2022
2022-09-20 13:00:00+00:00|-1.0|hr_broad_pb_h13_lq40_pb05_tp055_sl065,2022-09-20 13:00:00+00:00,STAGE29A,data/reports/stage29a_high_range_regime_continuation_discovery/stage29a_exact_trades.csv,high_range_broad_pullback_continuation_v1,hr_broad_pb_h13_lq40_pb05_tp055_sl065,-1.6984249999999066,-2.7484249999999064,-3.448424999999906,0,0,0,0,2.7484249999999064,20.230000000000015,6.029999999999973,0.2338308457711212,10.629999999999882,0.8701787394167547,3.6799999999998363,3.3575000000000044,0.092,-1.0,,,13,1,9.0,2022
2022-09-21 13:00:00+00:00|1.0|hr_broad_pb_h13_lq40_pb05_tp055_sl065,2022-09-21 13:00:00+00:00,STAGE29A,data/reports/stage29a_high_range_regime_continuation_discovery/stage29a_exact_trades.csv,high_range_broad_pullback_continuation_v1,hr_broad_pb_h13_lq40_pb05_tp055_sl065,0.9427750000001196,-0.1072249999998802,-0.80722499999988,0,0,0,0,0.1072249999998802,19.49000000000001,4.599999999999909,0.31304347826083817,14.440000000000056,0.6606648199445934,3.990000000000009,3.2250000000000227,0.048,1.0,,,13,2,9.0,2022
2022-09-23 13:00:00+00:00|-1.0|hr_broad_pb_h13_lq40_pb05_tp055_sl065,2022-09-23 13:00:00+00:00,STAGE29A,data/reports/stage29a_high_range_regime_continuation_discovery/stage29a_exact_trades.csv,high_range_broad_pullback_continuation_v1,hr_broad_pb_h13_lq40_pb05_tp055_sl065,1.1322500000000215,0.0822500000000219,-0.6177499999999778,1,0,0,0,0.0822500000000219,29.309999999999945,7.279999999999973,0.2967032967033091,21.38000000000011,0.5673526660430225,10.400000000000091,3.988000000000011,0.42,-1.0,,,13,4,9.0,2022
2022-09-27 13:00:00+00:00|1.0|hr_broad_pb_h13_lq40_pb05_tp055_sl065,2022-09-27 13:00:00+00:00,STAGE29A,data/reports/stage29a_high_range_regime_continuation_discovery/stage29a_exact_trades.csv,high_range_broad_pullback_continuation_v1,hr_broad_pb_h13_lq40_pb05_tp055_sl065,-1.988650000000098,-3.0386500000000978,-3.7386500000000975,0,0,0,0,3.0386500000000978,28.61999999999989,10.209999999999807,0.36924583741430483,9.63000000000011,0.1921079958463256,4.690000000000055,4.840999999999974,0.476,1.0,,,13,1,9.0,2022
2022-10-04 13:00:00+00:00|1.0|hr_broad_pb_h13_lq40_pb05_tp055_sl065,2022-10-04 13:00:00+00:00,STAGE29A,data/reports/stage29a_high_range_regime_continuation_discovery/stage29a_exact_trades.csv,high_range_broad_pullback_continuation_v1,hr_broad_pb_h13_lq40_pb05_tp055_sl065,1.174599999999964,0.124599999999964,-0.5754000000000357,1,0,0,0,0.124599999999964,41.819999999999936,7.339999999999918,0.08446866485012232,13.170000000000073,0.6522399392558748,4.329999999999927,5.523500000000001,0.576,1.0,,,13,1,10.0,2022
2022-10-05 13:00:00+00:00|-1.0|hr_broad_pb_h13_lq40_pb05_tp055_sl065,2022-10-05 13:00:00+00:00,STAGE29A,data/reports/stage29a_high_range_regime_continuation_discovery/stage29a_exact_trades.csv,high_range_broad_pullback_continuation_v1,hr_broad_pb_h13_lq40_pb05_tp055_sl065,-2.4095249999998942,-3.459524999999894,-4.159524999999894,0,0,0,1,3.459524999999894,34.200000000000045,8.230000000000018,0.7095990279465255,21.699999999999815,0.5949308755760456,9.069999999999936,5.20849999999997,0.464,-1.0,,,13,2,10.0,2022
2022-10-12 13:00:00+00:00|1.0|hr_broad_pb_h13_lq40_pb05_tp055_sl065,2022-10-12 13:00:00+00:00,STAGE29A,data/reports/stage29a_high_range_regime_continuation_discovery/stage29a_exact_trades.csv,high_range_broad_pullback_continuation_v1,hr_broad_pb_h13_lq40_pb05_tp055_sl065,-2.074449999999933,-3.1244499999999333,-3.824449999999933,0,0,0,1,3.1244499999999333,22.8900000000001,5.490000000000009,0.14207650273223524,10.549999999999956,0.45118483412322385,4.449999999999818,5.134500000000003,0.58,1.0,,,13,2,10.0,2022
2022-10-13 13:00:00+00:00|1.0|hr_broad_pb_h13_lq40_pb05_tp055_sl065,2022-10-13 13:00:00+00:00,STAGE29A,data/reports/stage29a_high_range_regime_continuation_discovery/stage29a_exact_trades.csv,high_range_broad_pullback_continuation_v1,hr_broad_pb_h13_lq40_pb05_tp055_sl065,-1.6145749999999226,-2.6645749999999224,-3.364574999999922,0,0,0,0,2.6645749999999224,16.950000000000045,6.440000000000055,0.669254658385079,10.8900000000001,0.5096418732782281,3.4700000000000273,3.1000000000000454,0.004,1.0,,,13,3,10.0,2022
2022-10-14 13:00:00+00:00|-1.0|hr_broad_pb_h13_lq40_pb05_tp055_sl065,2022-10-14 13:00:00+00:00,STAGE29A,data/reports/stage29a_high_range_regime_continuation_discovery/stage29a_exact_trades.csv,high_range_broad_pullback_continuation_v1,hr_broad_pb_h13_lq40_pb05_tp055_sl065,-2.245399999999881,-3.2953999999998813,-3.995399999999881,0,0,0,1,3.2953999999998813,40.01999999999998,11.259999999999993,0.3028419182948565,21.539999999999964,0.7000928505106861,10.539999999999964,5.641999999999996,0.76,-1.0,,,13,4,10.0,2022
2022-10-19 13:00:00+00:00|-1.0|hr_broad_pb_h13_lq40_pb05_tp055_sl065,2022-10-19 13:00:00+00:00,STAGE29A,data/reports/stage29a_high_range_regime_continuation_discovery/stage29a_exact_trades.csv,high_range_broad_pullback_continuation_v1,hr_broad_pb_h13_lq40_pb05_tp055_sl065,-2.060800000000063,-3.110800000000063,-3.810800000000063,0,0,0,1,3.110800000000063,15.049999999999956,5.379999999999882,0.6189591078067338,11.819999999999936,0.6142131979695457,3.0499999999999545,3.871999999999969,0.1,-1.0,,,13,2,10.0,2022
2022-10-21 13:00:00+00:00|1.0|hr_broad_pb_h13_lq40_pb05_tp055_sl065,2022-10-21 13:00:00+00:00,STAGE29A,data/reports/stage29a_high_range_regime_continuation_discovery/stage29a_exact_trades.csv,high_range_broad_pullback_continuation_v1,hr_broad_pb_h13_lq40_pb05_tp055_sl065,1.050024999999914,2.499999991423252e-05,-0.6999750000000855,1,0,0,0,2.499999991423252e-05,23.12000000000012,7.769999999999982,0.653796653796646,10.059999999999944,0.37872763419482763,5.3900000000001,4.369499999999993,0.416,1.0,,,13,4,10.0,2022
2022-10-25 13:00:00+00:00|-1.0|hr_broad_pb_h13_lq40_pb05_tp055_sl065,2022-10-25 13:00:00+00:00,STAGE29A,data/reports/stage29a_high_range_regime_continuation_discovery/stage29a_exact_trades.csv,high_range_broad_pullback_continuation_v1,hr_broad_pb_h13_lq40_pb05_tp055_sl065,-1.7088250000000245,-2.7588250000000243,-3.458825000000024,0,0,0,0,2.7588250000000243,26.539999999999964,7.680000000000064,0.032552083333333065,13.129999999999882,0.885757806549902,4.970000000000027,3.6740000000000235,0.06,-1.0,,,13,1,10.0,2022
2022-10-28 13:00:00+00:00|-1.0|hr_broad_pb_h13_lq40_pb05_tp055_sl065,2022-10-28 13:00:00+00:00,STAGE29A,data/reports/stage29a_high_range_regime_continuation_discovery/stage29a_exact_trades.csv,high_range_broad_pullback_continuation_v1,hr_broad_pb_h13_lq40_pb05_tp055_sl065,1.0393000000000483,-0.0106999999999515,-0.7106999999999513,0,0,0,0,0.0106999999999515,15.939999999999827,6.419999999999845,0.39408099688474046,18.899999999999864,0.7962962962962996,4.789999999999964,4.1019999999999985,0.232,-1.0,,,13,4,10.0,2022
2022-11-03 13:00:00+00:00|-1.0|hr_broad_pb_h13_lq40_pb05_tp055_sl065,2022-11-03 13:00:00+00:00,STAGE29A,data/reports/stage29a_high_range_regime_continuation_discovery/stage29a_exact_trades.csv,high_range_broad_pullback_continuation_v1,hr_broad_pb_h13_lq40_pb05_tp055_sl065,1.072025000000076,0.0220250000000761,-0.6779749999999236,1,0,0,0,0.0220250000000761,37.6099999999999,9.11999999999989,0.2971491228070251,18.699999999999815,0.8711229946524129,4.6099999999999,5.437499999999955,0.888,-1.0,,,13,3,11.0,2022
2022-11-09 13:00:00+00:00|1.0|hr_broad_pb_h13_lq40_pb05_tp055_sl065,2022-11-09 13:00:00+00:00,STAGE29A,data/reports/stage29a_high_range_regime_continuation_discovery/stage29a_exact_trades.csv,high_range_broad_pullback_continuation_v1,hr_broad_pb_h13_lq40_pb05_tp055_sl065,-1.893100000000095,-2.943100000000095,-3.643100000000095,0,0,0,0,2.943100000000095,52.25,6.430000000000064,0.4790046656298793,11.860000000000127,0.023608768971329654,5.019999999999982,5.360500000000013,0.864,1.0,,,13,2,11.0,2022
2022-11-30 13:00:00+00:00|1.0|hr_broad_pb_h13_lq40_pb05_tp055_sl065,2022-11-30 13:00:00+00:00,STAGE29A,data/reports/stage29a_high_range_regime_continuation_discovery/stage29a_exact_trades.csv,high_range_broad_pullback_continuation_v1,hr_broad_pb_h13_lq40_pb05_tp055_sl065,0.6840000000001055,-0.3659999999998944,-1.065999999999894,0,0,0,0,0.3659999999998944,19.48999999999978,7.899999999999864,0.6734177215190197,10.210000000000036,0.4338883447600216,4.7000000000000455,3.161500000000001,0.132,1.0,,,13,2,11.0,2022
2022-12-16 13:00:00+00:00|1.0|hr_broad_pb_h13_lq40_pb05_tp055_sl065,2022-12-16 13:00:00+00:00,STAGE29A,data/reports/stage29a_high_range_regime_continuation_discovery/stage29a_exact_trades.csv,high_range_broad_pullback_continuation_v1,hr_broad_pb_h13_lq40_pb05_tp055_sl065,-1.989949999999999,-3.039949999999999,-3.739949999999999,0,0,0,0,3.039949999999999,34.799999999999955,8.639999999999873,0.2685185185185414,10.599999999999907,0.1849056603773635,3.9300000000000637,3.8604999999999903,0.368,1.0,,,13,4,12.0,2022
2022-12-20 13:00:00+00:00|1.0|hr_broad_pb_h13_lq40_pb05_tp055_sl065,2022-12-20 13:00:00+00:00,STAGE29A,data/reports/stage29a_high_range_regime_continuation_discovery/stage29a_exact_trades.csv,high_range_broad_pullback_continuation_v1,hr_broad_pb_h13_lq40_pb05_tp055_sl065,-2.0152999999998884,-3.065299999999888,-3.765299999999888,0,0,0,1,3.065299999999888,15.0,11.589999999999918,0.2683347713546289,20.91000000000008,0.7723577235772371,2.599999999999909,4.288999999999999,0.6,1.0,,,13,1,12.0,2022
2022-12-30 13:00:00+00:00|1.0|hr_broad_pb_h13_lq40_pb05_tp055_sl065,2022-12-30 13:00:00+00:00,STAGE29A,data/reports/stage29a_high_range_regime_continuation_discovery/stage29a_exact_trades.csv,high_range_broad_pullback_continuation_v1,hr_broad_pb_h13_lq40_pb05_tp055_sl065,0.6160750000000462,-0.4339249999999537,-1.1339249999999534,0,0,0,0,0.4339249999999537,16.450000000000045,5.330000000000155,0.13320825515947762,8.910000000000082,0.043771043771029076,3.2999999999999545,2.982000000000005,0.04,1.0,,,13,4,12.0,2022
2023-01-04 13:00:00+00:00|1.0|hr_broad_pb_h13_lq40_pb05_tp055_sl065,2023-01-04 13:00:00+00:00,STAGE29A,data/reports/stage29a_high_range_regime_continuation_discovery/stage29a_exact_trades.csv,high_range_broad_pullback_continuation_v1,hr_broad_pb_h13_lq40_pb05_tp055_sl065,-2.2271999999999026,-3.2771999999999024,-3.977199999999902,0,0,0,1,3.2771999999999024,26.21000000000004,12.019999999999982,0.8460898502495914,20.41000000000008,0.5982361587457122,3.9200000000000728,4.726000000000011,0.76,1.0,,,13,2,1.0,2023
2023-01-18 13:00:00+00:00|1.0|hr_broad_pb_h13_lq40_pb05_tp055_sl065,2023-01-18 13:00:00+00:00,STAGE29A,data/reports/stage29a_high_range_regime_continuation_discovery/stage29a_exact_trades.csv,high_range_broad_pullback_continuation_v1,hr_broad_pb_h13_lq40_pb05_tp055_sl065,1.0315999999999348,-0.018400000000065,-0.7184000000000648,0,0,0,0,0.018400000000065,15.2800000000002,13.089999999999918,0.7097020626432408,19.33999999999992,0.7699069286453032,3.7200000000000273,4.592999999999972,0.476,1.0,,,13,2,1.0,2023
2023-01-19 13:00:00+00:00|-1.0|hr_broad_pb_h13_lq40_pb05_tp055_sl065,2023-01-19 13:00:00+00:00,STAGE29A,data/reports/stage29a_high_range_regime_continuation_discovery/stage29a_exact_trades.csv,high_range_broad_pullback_continuation_v1,hr_broad_pb_h13_lq40_pb05_tp055_sl065,0.8718250000000808,-0.1781749999999191,-0.8781749999999189,0,0,0,0,0.1781749999999191,29.269999999999985,9.970000000000027,0.29388164493481,10.379999999999882,0.023121387283238135,3.800000000000182,4.57049999999997,0.464,-1.0,,,13,3,1.0,2023
2023-01-26 13:00:00+00:00|-1.0|hr_broad_pb_h13_lq40_pb05_tp055_sl065,2023-01-26 13:00:00+00:00,STAGE29A,data/reports/stage29a_high_range_regime_continuation_discovery/stage29a_exact_trades.csv,high_range_broad_pullback_continuation_v1,hr_broad_pb_h13_lq40_pb05_tp055_sl065,1.059650000000056,0.0096500000000561,-0.6903499999999436,1,0,0,0,0.0096500000000561,28.65999999999985,6.610000000000127,0.2632375189107376,15.129999999999882,0.6549900859220198,2.0299999999999727,4.674000000000001,0.468,-1.0,,,13,3,1.0,2023
2023-01-31 13:00:00+00:00|-1.0|hr_broad_pb_h13_lq40_pb05_tp055_sl065,2023-01-31 13:00:00+00:00,STAGE29A,data/reports/stage29a_high_range_regime_continuation_discovery/stage29a_exact_trades.csv,high_range_broad_pullback_continuation_v1,hr_broad_pb_h13_lq40_pb05_tp055_sl065,0.9518500000000586,-0.0981499999999413,-0.7981499999999411,0,0,0,0,0.0981499999999413,13.839999999999918,8.539999999999964,0.2412177985948424,19.180000000000064,0.7987486965589214,3.8500000000001364,3.6990000000000123,0.06,-1.0,,,13,1,1.0,2023
2023-02-08 13:00:00+00:00|1.0|hr_broad_pb_h13_lq40_pb05_tp055_sl065,2023-02-08 13:00:00+00:00,STAGE29A,data/reports/stage29a_high_range_regime_continuation_discovery/stage29a_exact_trades.csv,high_range_broad_pullback_continuation_v1,hr_broad_pb_h13_lq40_pb05_tp055_sl065,1.2559999999999945,0.2059999999999946,-0.4940000000000051,1,0,1,0,0.2059999999999946,19.3599999999999,7.039999999999964,0.6022727272727316,13.2199999999998,0.2798789712556809,7.430000000000064,6.410499999999968,0.864,1.0,,,13,2,2.0,2023
2023-02-15 13:00:00+00:00|-1.0|hr_broad_pb_h13_lq40_pb05_tp055_sl065,2023-02-15 13:00:00+00:00,STAGE29A,data/reports/stage29a_high_range_regime_continuation_discovery/stage29a_exact_trades.csv,high_range_broad_pullback_continuation_v1,hr_broad_pb_h13_lq40_pb05_tp055_sl065,-2.3481000000000223,-3.398100000000022,-4.098100000000022,0,0,0,1,3.398100000000022,27.169999999999845,13.559999999999944,0.5243362831858355,16.019999999999982,0.7771535580524381,3.9500000000000455,5.293000000000006,0.48,-1.0,,,13,2,2.0,2023
2023-02-16 13:00:00+00:00|-1.0|hr_broad_pb_h13_lq40_pb05_tp055_sl065,2023-02-16 13:00:00+00:00,STAGE29A,data/reports/stage29a_high_range_regime_continuation_discovery/stage29a_exact_trades.csv,high_range_broad_pullback_continuation_v1,hr_broad_pb_h13_lq40_pb05_tp055_sl065,0.8918999999999869,-0.158100000000013,-0.8581000000000127,0,0,0,0,0.158100000000013,29.50999999999999,8.169999999999845,0.3659730722154303,10.549999999999956,0.1184834123222754,3.7999999999999545,4.165999999999985,0.168,-1.0,,,13,3,2.0,2023
2023-02-17 13:00:00+00:00|-1.0|hr_broad_pb_h13_lq40_pb05_tp055_sl065,2023-02-17 13:00:00+00:00,STAGE29A,data/reports/stage29a_high_range_regime_continuation_discovery/stage29a_exact_trades.csv,high_range_broad_pullback_continuation_v1,hr_broad_pb_h13_lq40_pb05_tp055_sl065,-2.1505000000000565,-3.2005000000000563,-3.900500000000056,0,0,0,1,3.2005000000000563,17.670000000000073,12.660000000000082,0.5979462875197383,9.319999999999936,0.3508583690987129,3.509999999999991,4.853499999999997,0.416,-1.0,,,13,4,2.0,2023
2023-03-10 13:00:00+00:00|1.0|hr_broad_pb_h13_lq40_pb05_tp055_sl065,2023-03-10 13:00:00+00:00,STAGE29A,data/reports/stage29a_high_range_regime_continuation_discovery/stage29a_exact_trades.csv,high_range_broad_pullback_continuation_v1,hr_broad_pb_h13_lq40_pb05_tp055_sl065,-1.8245250000000848,-2.874525000000085,-3.5745250000000848,0,0,0,0,2.874525000000085,23.67999999999984,7.129999999999882,0.25385694249649027,8.730000000000018,0.345933562428405,4.080000000000155,3.894500000000039,0.76,1.0,,,13,4,3.0,2023
2023-03-14 13:00:00+00:00|-1.0|hr_broad_pb_h13_lq40_pb05_tp055_sl065,2023-03-14 13:00:00+00:00,STAGE29A,data/reports/stage29a_high_range_regime_continuation_discovery/stage29a_exact_trades.csv,high_range_broad_pullback_continuation_v1,hr_broad_pb_h13_lq40_pb05_tp055_sl065,-2.383200000000079,-3.433200000000079,-4.133200000000079,0,0,0,1,3.433200000000079,43.12999999999988,12.549999999999956,0.7274900398406307,12.61999999999989,0.03328050713152528,3.769999999999982,5.18850000000001,0.828,-1.0,,,13,1,3.0,2023
2023-03-16 13:00:00+00:00|1.0|hr_broad_pb_h13_lq40_pb05_tp055_sl065,2023-03-16 13:00:00+00:00,STAGE29A,data/reports/stage29a_high_range_regime_continuation_discovery/stage29a_exact_trades.csv,high_range_broad_pullback_continuation_v1,hr_broad_pb_h13_lq40_pb05_tp055_sl065,-2.4514500000001136,-3.5014500000001134,-4.201450000000113,0,0,0,1,3.5014500000001134,51.57999999999993,16.930000000000064,0.24453632604843972,10.720000000000027,0.868470149253724,4.350000000000136,6.749499999999989,0.788,1.0,,,13,3,3.0,2023
2023-03-20 13:00:00+00:00|1.0|hr_broad_pb_h13_lq40_pb05_tp055_sl065,2023-03-20 13:00:00+00:00,STAGE29A,data/reports/stage29a_high_range_regime_continuation_discovery/stage29a_exact_trades.csv,high_range_broad_pullback_continuation_v1,hr_broad_pb_h13_lq40_pb05_tp055_sl065,3.315475000000015,2.265475000000015,1.5654750000000153,1,1,1,0,2.265475000000015,15.549999999999956,22.420000000000076,0.4214986619090105,35.87000000000012,0.16085865625871099,14.710000000000036,10.59599999999997,0.992,1.0,,,13,0,3.0,2023
2023-03-21 13:00:00+00:00|-1.0|hr_broad_pb_h13_lq40_pb05_tp055_sl065,2023-03-21 13:00:00+00:00,STAGE29A,data/reports/stage29a_high_range_regime_continuation_discovery/stage29a_exact_trades.csv,high_range_broad_pullback_continuation_v1,hr_broad_pb_h13_lq40_pb05_tp055_sl065,1.5637249999998857,0.5137249999998859,-0.1862750000001138,1,0,1,0,0.5137249999998859,43.950000000000045,9.779999999999973,0.33742331288343186,20.310000000000173,0.6233382570162357,5.069999999999936,5.340999999999974,0.44,-1.0,,,13,1,3.0,2023
2023-03-22 13:00:00+00:00|1.0|hr_broad_pb_h13_lq40_pb05_tp055_sl065,2023-03-22 13:00:00+00:00,STAGE29A,data/reports/stage29a_high_range_regime_continuation_discovery/stage29a_exact_trades.csv,high_range_broad_pullback_continuation_v1,hr_broad_pb_h13_lq40_pb05_tp055_sl065,-2.249625000000014,-3.2996250000000145,-3.999625000000014,0,0,0,1,3.2996250000000145,49.75,8.330000000000155,0.03121248499399593,11.389999999999873,0.2906057945566271,5.069999999999936,4.805000000000052,0.28,1.0,,,13,2,3.0,2023
2023-03-23 13:00:00+00:00|-1.0|hr_broad_pb_h13_lq40_pb05_tp055_sl065,2023-03-23 13:00:00+00:00,STAGE29A,data/reports/stage29a_high_range_regime_continuation_discovery/stage29a_exact_trades.csv,high_range_broad_pullback_continuation_v1,hr_broad_pb_h13_lq40_pb05_tp055_sl065,-2.520024999999896,-3.570024999999896,-4.270024999999896,0,0,0,1,3.570024999999896,44.49000000000001,13.700000000000044,0.5751824817518143,9.3599999999999,0.01816239316240113,4.4099999999998545,7.595999999999992,0.66,-1.0,,,13,3,3.0,2023
2023-03-30 13:00:00+00:00|1.0|hr_broad_pb_h13_lq40_pb05_tp055_sl065,2023-03-30 13:00:00+00:00,STAGE29A,data/reports/stage29a_high_range_regime_continuation_discovery/stage29a_exact_trades.csv,high_range_broad_pullback_continuation_v1,hr_broad_pb_h13_lq40_pb05_tp055_sl065,0.8696249999999509,-0.180375000000049,-0.8803750000000488,0,0,0,0,0.180375000000049,15.759999999999993,9.539999999999964,0.4947589098532542,12.559999999999944,0.6162420382165639,1.6600000000000819,4.042999999999973,0.048,1.0,,,13,3,3.0,2023
2023-03-31 13:00:00+00:00|-1.0|hr_broad_pb_h13_lq40_pb05_tp055_sl065,2023-03-31 13:00:00+00:00,STAGE29A,data/reports/stage29a_high_range_regime_continuation_discovery/stage29a_exact_trades.csv,high_range_broad_pullback_continuation_v1,hr_broad_pb_h13_lq40_pb05_tp055_sl065,-1.9740250000000743,-3.024025000000074,-3.724025000000074,0,0,0,0,3.024025000000074,28.91000000000008,5.970000000000027,0.3417085427135983,11.840000000000146,0.22972972972972922,5.240000000000009,4.062999999999965,0.096,-1.0,,,13,4,3.0,2023
2023-04-10 13:00:00+00:00|1.0|hr_broad_pb_h13_lq40_pb05_tp055_sl065,2023-04-10 13:00:00+00:00,STAGE29A,data/reports/stage29a_high_range_regime_continuation_discovery/stage29a_exact_trades.csv,high_range_broad_pullback_continuation_v1,hr_broad_pb_h13_lq40_pb05_tp055_sl065,-1.4810000000000856,-2.5310000000000854,-3.231000000000085,0,0,0,0,2.5310000000000854,17.029999999999973,17.65000000000009,0.8271954674220869,12.220000000000027,0.786415711947617,4.930000000000064,5.2620000000000235,0.588,1.0,,,13,0,4.0,2023
2023-04-13 13:00:00+00:00|1.0|hr_broad_pb_h13_lq40_pb05_tp055_sl065,2023-04-13 13:00:00+00:00,STAGE29A,data/reports/stage29a_high_range_regime_continuation_discovery/stage29a_exact_trades.csv,high_range_broad_pullback_continuation_v1,hr_broad_pb_h13_lq40_pb05_tp055_sl065,-1.7754499999999551,-2.825449999999955,-3.525449999999955,0,0,0,0,2.825449999999955,27.13000000000011,6.1400000000001,0.3697068403908705,13.950000000000044,0.6566308243727635,2.9199999999998454,4.161999999999978,0.308,1.0,,,13,3,4.0,2023
2023-04-19 13:00:00+00:00|-1.0|hr_broad_pb_h13_lq40_pb05_tp055_sl065,2023-04-19 13:00:00+00:00,STAGE29A,data/reports/stage29a_high_range_regime_continuation_discovery/stage29a_exact_trades.csv,high_range_broad_pullback_continuation_v1,hr_broad_pb_h13_lq40_pb05_tp055_sl065,-2.968199999999888,-4.018199999999888,-4.718199999999888,0,0,0,1,4.018199999999888,20.6099999999999,6.189999999999827,0.34087237479809146,31.71000000000004,0.9274676758120481,7.639999999999873,4.9204999999999925,0.476,-1.0,,,13,2,4.0,2023
2023-04-20 13:00:00+00:00|1.0|hr_broad_pb_h13_lq40_pb05_tp055_sl065,2023-04-20 13:00:00+00:00,STAGE29A,data/reports/stage29a_high_range_regime_continuation_discovery/stage29a_exact_trades.csv,high_range_broad_pullback_continuation_v1,hr_broad_pb_h13_lq40_pb05_tp055_sl065,1.0802749999999377,0.0302749999999378,-0.6697250000000619,1,0,0,0,0.0302749999999378,38.95999999999981,8.179999999999836,0.20904645476773479,9.779999999999973,0.6932515337423304,7.809999999999945,4.066000000000019,0.2,1.0,,,13,3,4.0,2023
2023-04-25 13:00:00+00:00|-1.0|hr_broad_pb_h13_lq40_pb05_tp055_sl065,2023-04-25 13:00:00+00:00,STAGE29A,data/reports/stage29a_high_range_regime_continuation_discovery/stage29a_exact_trades.csv,high_range_broad_pullback_continuation_v1,hr_broad_pb_h13_lq40_pb05_tp055_sl065,1.0731250000000272,0.0231250000000273,-0.6768749999999724,1,0,0,0,0.0231250000000273,18.579999999999927,12.269999999999982,0.013039934800332689,10.289999999999964,0.4528668610301359,3.839999999999918,4.624499999999978,0.412,-1.0,,,13,1,4.0,2023
2023-05-05 13:00:00+00:00|-1.0|hr_broad_pb_h13_lq40_pb05_tp055_sl065,2023-05-05 13:00:00+00:00,STAGE29A,data/reports/stage29a_high_range_regime_continuation_discovery/stage29a_exact_trades.csv,high_range_broad_pullback_continuation_v1,hr_broad_pb_h13_lq40_pb05_tp055_sl065,-1.6789250000000266,-2.7289250000000265,-3.428925000000026,0,0,0,0,2.7289250000000265,47.87999999999988,7.529999999999973,0.10092961487380694,13.800000000000182,0.8630434782608641,2.900000000000091,4.995000000000016,0.504,-1.0,,,13,4,5.0,2023
2023-05-24 13:00:00+00:00|-1.0|hr_broad_pb_h13_lq40_pb05_tp055_sl065,2023-05-24 13:00:00+00:00,STAGE29A,data/reports/stage29a_high_range_regime_continuation_discovery/stage29a_exact_trades.csv,high_range_broad_pullback_continuation_v1,hr_broad_pb_h13_lq40_pb05_tp055_sl065,-2.011399999999958,-3.0613999999999577,-3.761399999999957,0,0,0,0,3.0613999999999577,23.449999999999815,4.529999999999973,0.0883002207505223,9.820000000000164,0.036659877800396534,3.199999999999818,3.878999999999985,0.28,-1.0,,,13,2,5.0,2023
2023-05-25 13:00:00+00:00|1.0|hr_broad_pb_h13_lq40_pb05_tp055_sl065,2023-05-25 13:00:00+00:00,STAGE29A,data/reports/stage29a_high_range_regime_continuation_discovery/stage29a_exact_trades.csv,high_range_broad_pullback_continuation_v1,hr_broad_pb_h13_lq40_pb05_tp055_sl065,0.7444999999999254,-0.3055000000000745,-1.0055000000000742,0,0,0,0,0.3055000000000745,28.560000000000173,6.789999999999964,0.5729013254786629,9.850000000000136,0.39187817258884,3.509999999999991,4.429500000000007,0.536,1.0,,,13,3,5.0,2023
2023-07-21 13:00:00+00:00|-1.0|hr_broad_pb_h13_lq40_pb05_tp055_sl065,2023-07-21 13:00:00+00:00,STAGE29A,data/reports/stage29a_high_range_regime_continuation_discovery/stage29a_exact_trades.csv,high_range_broad_pullback_continuation_v1,hr_broad_pb_h13_lq40_pb05_tp055_sl065,-1.6805500000001303,-2.73055000000013,-3.43055000000013,0,0,0,0,2.73055000000013,22.090000000000146,3.8600000000001273,0.0984455958548884,11.100000000000136,0.5630630630630561,3.5,3.1629999999999994,0.188,-1.0,,,13,4,7.0,2023
2023-08-22 13:00:00+00:00|1.0|hr_broad_pb_h13_lq40_pb05_tp055_sl065,2023-08-22 13:00:00+00:00,STAGE29A,data/reports/stage29a_high_range_regime_continuation_discovery/stage29a_exact_trades.csv,high_range_broad_pullback_continuation_v1,hr_broad_pb_h13_lq40_pb05_tp055_sl065,-1.4303000000000794,-2.480300000000079,-3.180300000000079,0,0,0,0,2.480300000000079,14.160000000000082,3.6100000000001273,0.2576177285318645,9.980000000000018,0.6863727454909716,4.329999999999927,2.81700000000003,0.224,1.0,,,13,1,8.0,2023
2023-10-04 13:00:00+00:00|1.0|hr_broad_pb_h13_lq40_pb05_tp055_sl065,2023-10-04 13:00:00+00:00,STAGE29A,data/reports/stage29a_high_range_regime_continuation_discovery/stage29a_exact_trades.csv,high_range_broad_pullback_continuation_v1,hr_broad_pb_h13_lq40_pb05_tp055_sl065,-1.540475000000106,-2.5904750000001058,-3.290475000000105,0,0,0,0,2.5904750000001058,18.170000000000076,5.2999999999999545,0.34905660377361364,7.849999999999909,0.1770700636942823,3.1099999999999,3.950000000000023,0.72,1.0,,,13,2,10.0,2023
2023-10-17 13:00:00+00:00|1.0|hr_broad_pb_h13_lq40_pb05_tp055_sl065,2023-10-17 13:00:00+00:00,STAGE29A,data/reports/stage29a_high_range_regime_continuation_discovery/stage29a_exact_trades.csv,high_range_broad_pullback_continuation_v1,hr_broad_pb_h13_lq40_pb05_tp055_sl065,-1.5183749999999692,-2.568374999999969,-3.2683749999999687,0,0,0,0,2.568374999999969,22.09999999999991,9.3599999999999,0.22435897435899133,9.639999999999873,0.6390041493775868,4.919999999999845,3.052499999999975,0.132,1.0,,,13,1,10.0,2023
2023-10-20 13:00:00+00:00|1.0|hr_broad_pb_h13_lq40_pb05_tp055_sl065,2023-10-20 13:00:00+00:00,STAGE29A,data/reports/stage29a_high_range_regime_continuation_discovery/stage29a_exact_trades.csv,high_range_broad_pullback_continuation_v1,hr_broad_pb_h13_lq40_pb05_tp055_sl065,0.9570749999999408,-0.0929250000000592,-0.7929250000000589,0,0,0,0,0.0929250000000592,32.50999999999999,10.069999999999936,0.5233366434955328,11.190000000000056,0.4387846291331395,5.039999999999964,5.7995,0.904,1.0,,,13,4,10.0,2023
2023-10-24 13:00:00+00:00|-1.0|hr_broad_pb_h13_lq40_pb05_tp055_sl065,2023-10-24 13:00:00+00:00,STAGE29A,data/reports/stage29a_high_range_regime_continuation_discovery/stage29a_exact_trades.csv,high_range_broad_pullback_continuation_v1,hr_broad_pb_h13_lq40_pb05_tp055_sl065,-1.79462499999986,-2.84462499999986,-3.54462499999986,0,0,0,0,2.84462499999986,21.069999999999936,9.460000000000036,0.40697674418603536,14.259999999999993,0.7180925666199169,7.629999999999882,4.0440000000000165,0.432,-1.0,,,13,1,10.0,2023
2023-10-26 13:00:00+00:00|1.0|hr_broad_pb_h13_lq40_pb05_tp055_sl065,2023-10-26 13:00:00+00:00,STAGE29A,data/reports/stage29a_high_range_regime_continuation_discovery/stage29a_exact_trades.csv,high_range_broad_pullback_continuation_v1,hr_broad_pb_h13_lq40_pb05_tp055_sl065,-1.677299999999923,-2.727299999999923,-3.4272999999999225,0,0,0,0,2.727299999999923,24.13000000000011,7.869999999999891,0.6569250317661902,9.559999999999944,0.3650627615062792,2.7899999999999636,5.137500000000022,0.588,1.0,,,13,3,10.0,2023
2023-11-01 13:00:00+00:00|1.0|hr_broad_pb_h13_lq40_pb05_tp055_sl065,2023-11-01 13:00:00+00:00,STAGE29A,data/reports/stage29a_high_range_regime_continuation_discovery/stage29a_exact_trades.csv,high_range_broad_pullback_continuation_v1,hr_broad_pb_h13_lq40_pb05_tp055_sl065,0.607550000000083,-0.4424499999999169,-1.1424499999999167,0,0,0,0,0.4424499999999169,29.070000000000164,10.86999999999989,0.525298988040487,7.8599999999999,0.7175572519084188,2.0499999999999545,3.884500000000037,0.104,1.0,,,13,2,11.0,2023
2023-11-07 13:00:00+00:00|-1.0|hr_broad_pb_h13_lq40_pb05_tp055_sl065,2023-11-07 13:00:00+00:00,STAGE29A,data/reports/stage29a_high_range_regime_continuation_discovery/stage29a_exact_trades.csv,high_range_broad_pullback_continuation_v1,hr_broad_pb_h13_lq40_pb05_tp055_sl065,0.6210250000000542,-0.4289749999999457,-1.1289749999999454,0,0,0,0,0.4289749999999457,16.519999999999982,7.3599999999999,0.7228260869565538,10.039999999999964,0.5149402390438111,2.5499999999999545,2.810999999999967,0.024,-1.0,,,13,1,11.0,2023
2023-11-21 13:00:00+00:00|-1.0|hr_broad_pb_h13_lq40_pb05_tp055_sl065,2023-11-21 13:00:00+00:00,STAGE29A,data/reports/stage29a_high_range_regime_continuation_discovery/stage29a_exact_trades.csv,high_range_broad_pullback_continuation_v1,hr_broad_pb_h13_lq40_pb05_tp055_sl065,-1.6386250000001383,-2.688625000000138,-3.388625000000138,0,0,0,0,2.688625000000138,19.700000000000045,17.019999999999982,0.6404230317273722,10.009999999999993,0.3466533466533497,4.650000000000091,4.1404999999999745,0.8,-1.0,,,13,1,11.0,2023
2023-11-22 13:00:00+00:00|1.0|hr_broad_pb_h13_lq40_pb05_tp055_sl065,2023-11-22 13:00:00+00:00,STAGE29A,data/reports/stage29a_high_range_regime_continuation_discovery/stage29a_exact_trades.csv,high_range_broad_pullback_continuation_v1,hr_broad_pb_h13_lq40_pb05_tp055_sl065,0.7555000000001201,-0.2944999999998798,-0.9944999999998796,0,0,0,0,0.2944999999998798,30.34999999999991,4.8599999999999,0.0041152263374449015,9.639999999999873,0.19502074688795712,3.3199999999999363,3.366500000000008,0.196,1.0,,,13,2,11.0,2023
2023-11-30 13:00:00+00:00|-1.0|hr_broad_pb_h13_lq40_pb05_tp055_sl065,2023-11-30 13:00:00+00:00,STAGE29A,data/reports/stage29a_high_range_regime_continuation_discovery/stage29a_exact_trades.csv,high_range_broad_pullback_continuation_v1,hr_broad_pb_h13_lq40_pb05_tp055_sl065,-1.6506499999999051,-2.700649999999905,-3.4006499999999047,0,0,0,0,2.700649999999905,16.749999999999773,4.540000000000191,0.0,10.160000000000082,0.6102362204724405,3.759999999999991,3.731000000000063,0.448,-1.0,,,13,3,11.0,2023
2023-12-04 13:00:00+00:00|-1.0|hr_broad_pb_h13_lq40_pb05_tp055_sl065,2023-12-04 13:00:00+00:00,STAGE29A,data/reports/stage29a_high_range_regime_continuation_discovery/stage29a_exact_trades.csv,high_range_broad_pullback_continuation_v1,hr_broad_pb_h13_lq40_pb05_tp055_sl065,-3.46220000000003,-4.51220000000003,-5.2122000000000295,0,0,0,1,4.51220000000003,78.03999999999996,78.03999999999996,0.4173500768836517,32.70000000000027,0.5186544342507613,7.0300000000002,17.78850000000002,0.992,-1.0,,,13,0,12.0,2023
2023-12-14 13:00:00+00:00|1.0|hr_broad_pb_h13_lq40_pb05_tp055_sl065,2023-12-14 13:00:00+00:00,STAGE29A,data/reports/stage29a_high_range_regime_continuation_discovery/stage29a_exact_trades.csv,high_range_broad_pullback_continuation_v1,hr_broad_pb_h13_lq40_pb05_tp055_sl065,1.1946750000000974,0.1446750000000976,-0.5553249999999021,1,0,0,0,0.1446750000000976,60.16000000000008,14.930000000000064,0.10783657066308729,11.049999999999956,0.25610859728506236,4.3900000000001,7.2600000000000025,0.844,1.0,,,13,3,12.0,2023
2023-12-20 13:00:00+00:00|-1.0|hr_broad_pb_h13_lq40_pb05_tp055_sl065,2023-12-20 13:00:00+00:00,STAGE29A,data/reports/stage29a_high_range_regime_continuation_discovery/stage29a_exact_trades.csv,high_range_broad_pullback_continuation_v1,hr_broad_pb_h13_lq40_pb05_tp055_sl065,0.526700000000028,-0.5232999999999719,-1.2232999999999716,0,0,0,0,0.5232999999999719,25.289999999999964,4.960000000000036,0.09072580645162141,7.820000000000164,0.5843989769820768,4.740000000000009,2.918500000000017,0.012,-1.0,,,13,2,12.0,2023
2023-12-22 13:00:00+00:00|1.0|hr_broad_pb_h13_lq40_pb05_tp055_sl065,2023-12-22 13:00:00+00:00,STAGE29A,data/reports/stage29a_high_range_regime_continuation_discovery/stage29a_exact_trades.csv,high_range_broad_pullback_continuation_v1,hr_broad_pb_h13_lq40_pb05_tp055_sl065,-1.2843749999998182,-2.334374999999818,-3.0343749999998177,0,0,0,0,2.334374999999818,21.38000000000011,8.6099999999999,0.3716608594657207,10.230000000000018,0.6021505376344377,3.7600000000002183,4.050499999999966,0.436,1.0,,,13,4,12.0,2023
2024-01-03 13:00:00+00:00|-1.0|hr_broad_pb_h13_lq40_pb05_tp055_sl065,2024-01-03 13:00:00+00:00,STAGE29A,data/reports/stage29a_high_range_regime_continuation_discovery/stage29a_exact_trades.csv,high_range_broad_pullback_continuation_v1,hr_broad_pb_h13_lq40_pb05_tp055_sl065,-1.8111999999997352,-2.861199999999735,-3.561199999999735,0,0,0,0,2.861199999999735,22.88000000000011,7.050000000000182,0.7333333333333247,13.200000000000273,0.7446969696969488,4.5,4.033500000000004,0.54,-1.0,,,13,2,1.0,2024
2024-01-05 13:00:00+00:00|-1.0|hr_broad_pb_h13_lq40_pb05_tp055_sl065,2024-01-05 13:00:00+00:00,STAGE29A,data/reports/stage29a_high_range_regime_continuation_discovery/stage29a_exact_trades.csv,high_range_broad_pullback_continuation_v1,hr_broad_pb_h13_lq40_pb05_tp055_sl065,-1.550225000000046,-2.6002250000000457,-3.300225000000045,0,0,0,0,2.6002250000000457,14.779999999999744,5.630000000000109,0.05150976909413108,9.599999999999907,0.47187500000000165,2.949999999999818,3.039499999999998,0.04,-1.0,,,13,4,1.0,2024
2024-01-10 13:00:00+00:00|1.0|hr_broad_pb_h13_lq40_pb05_tp055_sl065,2024-01-10 13:00:00+00:00,STAGE29A,data/reports/stage29a_high_range_regime_continuation_discovery/stage29a_exact_trades.csv,high_range_broad_pullback_continuation_v1,hr_broad_pb_h13_lq40_pb05_tp055_sl065,-1.7162999999999102,-2.76629999999991,-3.46629999999991,0,0,0,0,2.76629999999991,15.940000000000056,5.619999999999891,0.18149466192170846,16.539999999999964,0.30290205562273287,5.759999999999991,3.7665000000000193,0.268,1.0,,,13,2,1.0,2024
2024-01-16 13:00:00+00:00|-1.0|hr_broad_pb_h13_lq40_pb05_tp055_sl065,2024-01-16 13:00:00+00:00,STAGE29A,data/reports/stage29a_high_range_regime_continuation_discovery/stage29a_exact_trades.csv,high_range_broad_pullback_continuation_v1,hr_broad_pb_h13_lq40_pb05_tp055_sl065,0.8723750000000564,-0.1776249999999435,-0.8776249999999433,0,0,0,0,0.1776249999999435,12.740000000000007,7.170000000000073,0.656903765690375,12.409999999999854,0.6970185334407891,3.1700000000000728,2.9890000000000554,0.068,-1.0,,,13,1,1.0,2024
2024-02-01 13:00:00+00:00|-1.0|hr_broad_pb_h13_lq40_pb05_tp055_sl065,2024-02-01 13:00:00+00:00,STAGE29A,data/reports/stage29a_high_range_regime_continuation_discovery/stage29a_exact_trades.csv,high_range_broad_pullback_continuation_v1,hr_broad_pb_h13_lq40_pb05_tp055_sl065,0.8710000000000037,-0.1789999999999962,-0.878999999999996,0,0,0,0,0.1789999999999962,25.1400000000001,10.269999999999754,0.559883154819877,15.329999999999927,0.8962818003913943,10.25,4.909499999999957,0.948,-1.0,,,13,3,2.0,2024
2024-02-13 13:00:00+00:00|1.0|hr_broad_pb_h13_lq40_pb05_tp055_sl065,2024-02-13 13:00:00+00:00,STAGE29A,data/reports/stage29a_high_range_regime_continuation_discovery/stage29a_exact_trades.csv,high_range_broad_pullback_continuation_v1,hr_broad_pb_h13_lq40_pb05_tp055_sl065,-1.0643499999999677,-2.1143499999999675,-2.8143499999999677,0,0,0,0,2.1143499999999675,15.639999999999873,4.409999999999855,0.04081632653062803,9.190000000000056,0.8476605005440606,1.9500000000000455,2.382499999999993,0.028,1.0,,,13,1,2.0,2024
2024-02-23 13:00:00+00:00|-1.0|hr_broad_pb_h13_lq40_pb05_tp055_sl065,2024-02-23 13:00:00+00:00,STAGE29A,data/reports/stage29a_high_range_regime_continuation_discovery/stage29a_exact_trades.csv,high_range_broad_pullback_continuation_v1,hr_broad_pb_h13_lq40_pb05_tp055_sl065,-1.4865249999998924,-2.536524999999892,-3.236524999999892,0,0,0,0,2.536524999999892,15.36999999999989,4.559999999999945,0.2763157894736855,10.110000000000127,0.2908011869435994,6.790000000000191,3.301500000000021,0.74,-1.0,,,13,4,2.0,2024
2024-03-01 13:00:00+00:00|1.0|hr_broad_pb_h13_lq40_pb05_tp055_sl065,2024-03-01 13:00:00+00:00,STAGE29A,data/reports/stage29a_high_range_regime_continuation_discovery/stage29a_exact_trades.csv,high_range_broad_pullback_continuation_v1,hr_broad_pb_h13_lq40_pb05_tp055_sl065,-1.81770000000015,-2.86770000000015,-3.567700000000149,0,0,0,0,2.86770000000015,22.72999999999979,3.960000000000037,0.31565656565656275,16.0300000000002,0.5832813474734743,9.170000000000073,3.109500000000014,0.68,1.0,,,13,4,3.0,2024
2024-03-05 13:00:00+00:00|1.0|hr_broad_pb_h13_lq40_pb05_tp055_sl065,2024-03-05 13:00:00+00:00,STAGE29A,data/reports/stage29a_high_range_regime_continuation_discovery/stage29a_exact_trades.csv,high_range_broad_pullback_continuation_v1,hr_broad_pb_h13_lq40_pb05_tp055_sl065,-2.000349999999889,-3.0503499999998893,-3.750349999999889,0,0,0,0,3.0503499999998893,40.370000000000346,6.349999999999909,0.22204724409446847,13.2800000000002,0.5813253012047954,3.880000000000109,4.7870000000000115,0.864,1.0,,,13,1,3.0,2024
2024-03-07 13:00:00+00:00|-1.0|hr_broad_pb_h13_lq40_pb05_tp055_sl065,2024-03-07 13:00:00+00:00,STAGE29A,data/reports/stage29a_high_range_regime_continuation_discovery/stage29a_exact_trades.csv,high_range_broad_pullback_continuation_v1,hr_broad_pb_h13_lq40_pb05_tp055_sl065,-1.7604999999999564,-2.8104999999999563,-3.510499999999956,0,0,0,0,2.8104999999999563,28.549999999999727,17.11999999999989,0.6407710280374022,8.299999999999727,0.07108433734936268,2.819999999999709,5.8159999999999625,0.908,-1.0,,,13,3,3.0,2024
2024-03-19 13:00:00+00:00|-1.0|hr_broad_pb_h13_lq40_pb05_tp055_sl065,2024-03-19 13:00:00+00:00,STAGE29A,data/reports/stage29a_high_range_regime_continuation_discovery/stage29a_exact_trades.csv,high_range_broad_pullback_continuation_v1,hr_broad_pb_h13_lq40_pb05_tp055_sl065,-1.92202499999994,-2.9720249999999395,-3.6720249999999393,0,0,0,0,2.9720249999999395,17.559999999999945,4.159999999999855,0.16105769230771544,13.179999999999836,0.4613050075872536,3.869999999999891,3.177499999999918,0.036,-1.0,,,13,1,3.0,2024
2024-03-20 13:00:00+00:00|-1.0|hr_broad_pb_h13_lq40_pb05_tp055_sl065,2024-03-20 13:00:00+00:00,STAGE29A,data/reports/stage29a_high_range_regime_continuation_discovery/stage29a_exact_trades.csv,high_range_broad_pullback_continuation_v1,hr_broad_pb_h13_lq40_pb05_tp055_sl065,-1.378949999999895,-2.428949999999895,-3.128949999999895,0,0,0,0,2.428949999999895,15.599999999999907,5.110000000000127,0.031311154598796576,7.079999999999927,0.3587570621468912,2.5099999999997635,2.52349999999999,0.004,-1.0,,,13,2,3.0,2024
2024-03-27 13:00:00+00:00|1.0|hr_broad_pb_h13_lq40_pb05_tp055_sl065,2024-03-27 13:00:00+00:00,STAGE29A,data/reports/stage29a_high_range_regime_continuation_discovery/stage29a_exact_trades.csv,high_range_broad_pullback_continuation_v1,hr_broad_pb_h13_lq40_pb05_tp055_sl065,1.3808499999999184,0.3308499999999186,-0.3691500000000811,1,0,1,0,0.3308499999999186,32.46000000000004,8.480000000000018,0.12264150943395771,18.800000000000185,0.8202127659574427,5.809999999999945,4.6720000000000255,0.6,1.0,,,13,2,3.0,2024
2024-04-03 13:00:00+00:00|-1.0|hr_broad_pb_h13_lq40_pb05_tp055_sl065,2024-04-03 13:00:00+00:00,STAGE29A,data/reports/stage29a_high_range_regime_continuation_discovery/stage29a_exact_trades.csv,high_range_broad_pullback_continuation_v1,hr_broad_pb_h13_lq40_pb05_tp055_sl065,-2.519699999999921,-3.5696999999999206,-4.26969999999992,0,0,0,1,3.5696999999999206,35.35999999999967,11.590000000000146,0.28127696289906623,19.360000000000127,0.6714876033057807,5.150000000000091,7.227500000000032,0.736,-1.0,,,13,2,4.0,2024
2024-04-05 13:00:00+00:00|1.0|hr_broad_pb_h13_lq40_pb05_tp055_sl065,2024-04-05 13:00:00+00:00,STAGE29A,data/reports/stage29a_high_range_regime_continuation_discovery/stage29a_exact_trades.csv,high_range_broad_pullback_continuation_v1,hr_broad_pb_h13_lq40_pb05_tp055_sl065,-2.680899999999929,-3.7308999999999286,-4.430899999999928,0,0,0,1,3.7308999999999286,25.519999999999985,25.579999999999927,0.5136825645035327,16.9699999999998,0.8461991750147494,6.940000000000055,7.961500000000001,0.856,1.0,,,13,4,4.0,2024
2024-04-08 13:00:00+00:00|-1.0|hr_broad_pb_h13_lq40_pb05_tp055_sl065,2024-04-08 13:00:00+00:00,STAGE29A,data/reports/stage29a_high_range_regime_continuation_discovery/stage29a_exact_trades.csv,high_range_broad_pullback_continuation_v1,hr_broad_pb_h13_lq40_pb05_tp055_sl065,-3.099824999999873,-4.149824999999874,-4.849824999999873,0,0,0,1,4.149824999999874,24.11999999999989,51.0300000000002,0.7460317460317463,13.789999999999964,0.5823060188542583,3.680000000000291,11.00200000000002,0.968,-1.0,,,13,0,4.0,2024
2024-04-25 13:00:00+00:00|1.0|hr_broad_pb_h13_lq40_pb05_tp055_sl065,2024-04-25 13:00:00+00:00,STAGE29A,data/reports/stage29a_high_range_regime_continuation_discovery/stage29a_exact_trades.csv,high_range_broad_pullback_continuation_v1,hr_broad_pb_h13_lq40_pb05_tp055_sl065,1.0260999999999512,-0.0239000000000486,-0.7239000000000484,0,0,0,0,0.0239000000000486,25.480000000000015,17.029999999999745,0.28185554903113647,16.4699999999998,0.7109896782028038,3.400000000000091,6.169999999999959,0.04,1.0,,,13,3,4.0,2024
2024-05-02 13:00:00+00:00|-1.0|hr_broad_pb_h13_lq40_pb05_tp055_sl065,2024-05-02 13:00:00+00:00,STAGE29A,data/reports/stage29a_high_range_regime_continuation_discovery/stage29a_exact_trades.csv,high_range_broad_pullback_continuation_v1,hr_broad_pb_h13_lq40_pb05_tp055_sl065,-2.526524999999856,-3.576524999999856,-4.276524999999856,0,0,0,1,3.576524999999856,46.82999999999993,9.070000000000164,0.1422271223814708,22.340000000000146,0.8012533572068028,6.7400000000002365,8.24950000000008,0.76,-1.0,,,13,3,5.0,2024
2024-05-03 13:00:00+00:00|-1.0|hr_broad_pb_h13_lq40_pb05_tp055_sl065,2024-05-03 13:00:00+00:00,STAGE29A,data/reports/stage29a_high_range_regime_continuation_discovery/stage29a_exact_trades.csv,high_range_broad_pullback_continuation_v1,hr_broad_pb_h13_lq40_pb05_tp055_sl065,-1.94900000000016,-2.99900000000016,-3.69900000000016,0,0,0,0,2.99900000000016,41.09999999999991,6.440000000000055,0.2096273291925307,10.970000000000256,0.08477666362810113,3.730000000000018,5.232499999999982,0.064,-1.0,,,13,4,5.0,2024
2024-05-10 13:00:00+00:00|1.0|hr_broad_pb_h13_lq40_pb05_tp055_sl065,2024-05-10 13:00:00+00:00,STAGE29A,data/reports/stage29a_high_range_regime_continuation_discovery/stage29a_exact_trades.csv,high_range_broad_pullback_continuation_v1,hr_broad_pb_h13_lq40_pb05_tp055_sl065,-2.463800000000083,-3.513800000000083,-4.213800000000083,0,0,0,1,3.513800000000083,40.63999999999987,10.659999999999854,0.6716697936210086,24.079999999999927,0.7936046511627984,5.8400000000001455,5.9384999999999994,0.4,1.0,,,13,4,5.0,2024
2024-05-14 13:00:00+00:00|1.0|hr_broad_pb_h13_lq40_pb05_tp055_sl065,2024-05-14 13:00:00+00:00,STAGE29A,data/reports/stage29a_high_range_regime_continuation_discovery/stage29a_exact_trades.csv,high_range_broad_pullback_continuation_v1,hr_broad_pb_h13_lq40_pb05_tp055_sl065,-2.015300000000116,-3.065300000000116,-3.7653000000001153,0,0,0,1,3.065300000000116,32.95000000000027,9.570000000000164,0.5862068965517274,12.2800000000002,0.2394136807817595,4.670000000000073,4.2309999999999945,0.016,1.0,,,13,1,5.0,2024
2024-05-15 13:00:00+00:00|1.0|hr_broad_pb_h13_lq40_pb05_tp055_sl065,2024-05-15 13:00:00+00:00,STAGE29A,data/reports/stage29a_high_range_regime_continuation_discovery/stage29a_exact_trades.csv,high_range_broad_pullback_continuation_v1,hr_broad_pb_h13_lq40_pb05_tp055_sl065,-2.0400000000000547,-3.0900000000000545,-3.790000000000054,0,0,0,1,3.0900000000000545,24.920000000000076,6.110000000000127,0.46808510638298984,18.5300000000002,0.47706422018348893,6.0600000000004,4.572000000000026,0.084,1.0,,,13,2,5.0,2024
2024-05-17 13:00:00+00:00|1.0|hr_broad_pb_h13_lq40_pb05_tp055_sl065,2024-05-17 13:00:00+00:00,STAGE29A,data/reports/stage29a_high_range_regime_continuation_discovery/stage29a_exact_trades.csv,high_range_broad_pullback_continuation_v1,hr_broad_pb_h13_lq40_pb05_tp055_sl065,-1.944450000000052,-2.994450000000052,-3.6944500000000513,0,0,0,0,2.994450000000052,26.550000000000185,7.2599999999997635,0.07300275482090395,11.360000000000127,0.42517605633805705,4.900000000000091,4.127999999999974,0.016,1.0,,,13,4,5.0,2024
2024-05-21 13:00:00+00:00|1.0|hr_broad_pb_h13_lq40_pb05_tp055_sl065,2024-05-21 13:00:00+00:00,STAGE29A,data/reports/stage29a_high_range_regime_continuation_discovery/stage29a_exact_trades.csv,high_range_broad_pullback_continuation_v1,hr_broad_pb_h13_lq40_pb05_tp055_sl065,1.7746499999997467,0.7246499999997469,0.0246499999997471,1,1,1,0,0.7246499999997469,42.86999999999989,26.63000000000011,0.5005632745024361,13.569999999999707,0.19012527634491064,7.949999999999818,7.520499999999947,0.808,1.0,,,13,1,5.0,2024
2024-05-22 13:00:00+00:00|1.0|hr_broad_pb_h13_lq40_pb05_tp055_sl065,2024-05-22 13:00:00+00:00,STAGE29A,data/reports/stage29a_high_range_regime_continuation_discovery/stage29a_exact_trades.csv,high_range_broad_pullback_continuation_v1,hr_broad_pb_h13_lq40_pb05_tp055_sl065,1.3585750000001098,0.3085750000001099,-0.3914249999998898,1,0,1,0,0.3085750000001099,27.610000000000127,13.980000000000018,0.5615164520744172,7.930000000000291,0.3947036569987382,3.5299999999997453,5.077499999999918,0.304,1.0,,,13,2,5.0,2024
2024-05-24 13:00:00+00:00|1.0|hr_broad_pb_h13_lq40_pb05_tp055_sl065,2024-05-24 13:00:00+00:00,STAGE29A,data/reports/stage29a_high_range_regime_continuation_discovery/stage29a_exact_trades.csv,high_range_broad_pullback_continuation_v1,hr_broad_pb_h13_lq40_pb05_tp055_sl065,-2.16577500000003,-3.2157750000000305,-3.91577500000003,0,0,0,1,3.2157750000000305,56.809999999999945,9.710000000000036,0.028836251287353145,12.7199999999998,0.5463836477987721,5.7599999999997635,6.609499999999935,0.496,1.0,,,13,4,5.0,2024
2024-05-29 13:00:00+00:00|-1.0|hr_broad_pb_h13_lq40_pb05_tp055_sl065,2024-05-29 13:00:00+00:00,STAGE29A,data/reports/stage29a_high_range_regime_continuation_discovery/stage29a_exact_trades.csv,high_range_broad_pullback_continuation_v1,hr_broad_pb_h13_lq40_pb05_tp055_sl065,-2.273350000000028,-3.323350000000028,-4.023350000000027,0,0,0,1,3.323350000000028,24.059999999999945,7.930000000000291,0.12862547288776097,20.700000000000276,0.6120772946859638,5.320000000000164,5.17150000000006,0.272,-1.0,,,13,2,5.0,2024
2024-05-30 13:00:00+00:00|-1.0|hr_broad_pb_h13_lq40_pb05_tp055_sl065,2024-05-30 13:00:00+00:00,STAGE29A,data/reports/stage29a_high_range_regime_continuation_discovery/stage29a_exact_trades.csv,high_range_broad_pullback_continuation_v1,hr_broad_pb_h13_lq40_pb05_tp055_sl065,-2.631500000000051,-3.681500000000051,-4.381500000000051,0,0,0,1,3.681500000000051,28.059999999999945,11.800000000000182,0.2771186440677908,15.559999999999944,0.06876606683805704,6.309999999999945,5.321000000000095,0.308,-1.0,,,13,3,5.0,2024
2024-06-05 13:00:00+00:00|-1.0|hr_broad_pb_h13_lq40_pb05_tp055_sl065,2024-06-05 13:00:00+00:00,STAGE29A,data/reports/stage29a_high_range_regime_continuation_discovery/stage29a_exact_trades.csv,high_range_broad_pullback_continuation_v1,hr_broad_pb_h13_lq40_pb05_tp055_sl065,-2.2012000000000627,-3.2512000000000625,-3.951200000000062,0,0,0,1,3.2512000000000625,37.41000000000031,12.010000000000218,0.7993338884262893,13.579999999999927,0.3645066273932139,2.869999999999891,4.862499999999931,0.124,-1.0,,,13,2,6.0,2024
2024-06-06 13:00:00+00:00|-1.0|hr_broad_pb_h13_lq40_pb05_tp055_sl065,2024-06-06 13:00:00+00:00,STAGE29A,data/reports/stage29a_high_range_regime_continuation_discovery/stage29a_exact_trades.csv,high_range_broad_pullback_continuation_v1,hr_broad_pb_h13_lq40_pb05_tp055_sl065,0.8891499999998814,-0.1608500000001185,-0.8608500000001182,0,0,0,0,0.1608500000001185,31.670000000000076,20.389999999999876,0.564982834722906,12.929999999999836,0.5359628770301565,5.349999999999909,5.662499999999954,0.544,-1.0,,,13,3,6.0,2024
2024-06-07 13:00:00+00:00|-1.0|hr_broad_pb_h13_lq40_pb05_tp055_sl065,2024-06-07 13:00:00+00:00,STAGE29A,data/reports/stage29a_high_range_regime_continuation_discovery/stage29a_exact_trades.csv,high_range_broad_pullback_continuation_v1,hr_broad_pb_h13_lq40_pb05_tp055_sl065,2.678850000000148,1.6288500000001478,0.928850000000148,1,1,1,0,1.6288500000001478,25.20999999999958,12.600000000000364,0.24920634920633192,50.42000000000007,0.8131693772312563,10.519999999999982,7.641499999999996,0.988,-1.0,,,13,4,6.0,2024
2024-06-13 13:00:00+00:00|1.0|hr_broad_pb_h13_lq40_pb05_tp055_sl065,2024-06-13 13:00:00+00:00,STAGE29A,data/reports/stage29a_high_range_regime_continuation_discovery/stage29a_exact_trades.csv,high_range_broad_pullback_continuation_v1,hr_broad_pb_h13_lq40_pb05_tp055_sl065,-1.878150000000096,-2.928150000000096,-3.628150000000096,0,0,0,0,2.928150000000096,31.039999999999964,16.460000000000036,0.4696233292831106,9.580000000000382,0.12526096033400524,5.0300000000002,6.201499999999965,0.628,1.0,,,13,3,6.0,2024
2024-06-14 13:00:00+00:00|1.0|hr_broad_pb_h13_lq40_pb05_tp055_sl065,2024-06-14 13:00:00+00:00,STAGE29A,data/reports/stage29a_high_range_regime_continuation_discovery/stage29a_exact_trades.csv,high_range_broad_pullback_continuation_v1,hr_broad_pb_h13_lq40_pb05_tp055_sl065,-2.3305500000002213,-3.380550000000221,-4.080550000000221,0,0,0,1,3.380550000000221,31.15999999999985,7.050000000000182,0.35886524822690496,19.139999999999876,0.8949843260188204,7.5300000000002,5.026000000000022,0.196,1.0,,,13,4,6.0,2024
2024-06-25 13:00:00+00:00|1.0|hr_broad_pb_h13_lq40_pb05_tp055_sl065,2024-06-25 13:00:00+00:00,STAGE29A,data/reports/stage29a_high_range_regime_continuation_discovery/stage29a_exact_trades.csv,high_range_broad_pullback_continuation_v1,hr_broad_pb_h13_lq40_pb05_tp055_sl065,-1.982799999999861,-3.032799999999861,-3.7327999999998607,0,0,0,0,3.032799999999861,17.15000000000009,11.150000000000093,0.6852017937219969,11.319999999999707,0.7915194346289989,4.769999999999982,4.180999999999949,0.152,1.0,,,13,1,6.0,2024
2024-06-26 13:00:00+00:00|-1.0|hr_broad_pb_h13_lq40_pb05_tp055_sl065,2024-06-26 13:00:00+00:00,STAGE29A,data/reports/stage29a_high_range_regime_continuation_discovery/stage29a_exact_trades.csv,high_range_broad_pullback_continuation_v1,hr_broad_pb_h13_lq40_pb05_tp055_sl065,-2.143674999999894,-3.1936749999998937,-3.893674999999893,0,0,0,1,3.1936749999998937,21.789999999999964,13.350000000000364,0.2636704119850102,8.690000000000055,0.11047180667434181,2.730000000000018,5.347500000000059,0.532,-1.0,,,13,2,6.0,2024
2024-06-27 13:00:00+00:00|1.0|hr_broad_pb_h13_lq40_pb05_tp055_sl065,2024-06-27 13:00:00+00:00,STAGE29A,data/reports/stage29a_high_range_regime_continuation_discovery/stage29a_exact_trades.csv,high_range_broad_pullback_continuation_v1,hr_broad_pb_h13_lq40_pb05_tp055_sl065,-2.018224999999893,-3.068224999999893,-3.7682249999998927,0,0,0,1,3.068224999999893,30.350000000000364,3.3899999999998727,0.22123893805310565,17.429999999999836,0.7917383820998457,6.599999999999909,3.5849999999999453,0.072,1.0,,,13,3,6.0,2024
2024-06-28 13:00:00+00:00|1.0|hr_broad_pb_h13_lq40_pb05_tp055_sl065,2024-06-28 13:00:00+00:00,STAGE29A,data/reports/stage29a_high_range_regime_continuation_discovery/stage29a_exact_trades.csv,high_range_broad_pullback_continuation_v1,hr_broad_pb_h13_lq40_pb05_tp055_sl065,-1.7270250000002307,-2.7770250000002306,-3.4770250000002303,0,0,0,0,2.7770250000002306,34.58999999999969,9.269999999999982,0.5587918015102316,12.099999999999907,0.7033057851239527,3.0700000000001637,4.011000000000058,0.132,1.0,,,13,4,6.0,2024
2024-07-02 13:00:00+00:00|-1.0|hr_broad_pb_h13_lq40_pb05_tp055_sl065,2024-07-02 13:00:00+00:00,STAGE29A,data/reports/stage29a_high_range_regime_continuation_discovery/stage29a_exact_trades.csv,high_range_broad_pullback_continuation_v1,hr_broad_pb_h13_lq40_pb05_tp055_sl065,-1.9850750000001427,-3.0350750000001425,-3.7350750000001423,0,0,0,0,3.0350750000001425,20.0,8.61999999999989,0.6705336426913943,9.099999999999907,0.1329670329670383,7.779999999999745,4.302500000000032,0.236,-1.0,,,13,1,7.0,2024
2024-07-04 13:00:00+00:00|-1.0|hr_broad_pb_h13_lq40_pb05_tp055_sl065,2024-07-04 13:00:00+00:00,STAGE29A,data/reports/stage29a_high_range_regime_continuation_discovery/stage29a_exact_trades.csv,high_range_broad_pullback_continuation_v1,hr_broad_pb_h13_lq40_pb05_tp055_sl065,-1.801774999999998,-2.8517749999999977,-3.551774999999997,0,0,0,0,2.8517749999999977,38.03999999999997,6.5900000000001455,0.12139605462824951,9.259999999999764,0.0377969762419409,3.4299999999998363,4.107499999999959,0.116,-1.0,,,13,3,7.0,2024
2024-07-09 13:00:00+00:00|-1.0|hr_broad_pb_h13_lq40_pb05_tp055_sl065,2024-07-09 13:00:00+00:00,STAGE29A,data/reports/stage29a_high_range_regime_continuation_discovery/stage29a_exact_trades.csv,high_range_broad_pullback_continuation_v1,hr_broad_pb_h13_lq40_pb05_tp055_sl065,-1.668525000000136,-2.718525000000136,-3.418525000000136,0,0,0,0,2.718525000000136,40.36999999999989,9.490000000000236,0.8303477344573144,10.409999999999854,0.3170028818443586,3.7400000000002365,4.889499999999975,0.476,-1.0,,,13,1,7.0,2024
2024-07-12 13:00:00+00:00|-1.0|hr_broad_pb_h13_lq40_pb05_tp055_sl065,2024-07-12 13:00:00+00:00,STAGE29A,data/reports/stage29a_high_range_regime_continuation_discovery/stage29a_exact_trades.csv,high_range_broad_pullback_continuation_v1,hr_broad_pb_h13_lq40_pb05_tp055_sl065,-2.098175000000174,-3.148175000000174,-3.8481750000001735,0,0,0,1,3.148175000000174,53.38999999999987,9.550000000000182,0.5350785340313692,9.760000000000218,0.3893442622950453,5.119999999999891,5.3715000000000375,0.7,-1.0,,,13,4,7.0,2024
2024-07-18 13:00:00+00:00|-1.0|hr_broad_pb_h13_lq40_pb05_tp055_sl065,2024-07-18 13:00:00+00:00,STAGE29A,data/reports/stage29a_high_range_regime_continuation_discovery/stage29a_exact_trades.csv,high_range_broad_pullback_continuation_v1,hr_broad_pb_h13_lq40_pb05_tp055_sl065,1.0736750000000028,0.023675000000003,-0.6763249999999967,1,0,0,0,0.023675000000003,32.25999999999976,11.519999999999982,0.7647569444444409,10.329999999999927,0.23523717328168958,3.099999999999909,6.02800000000002,0.692,-1.0,,,13,3,7.0,2024
2024-07-19 13:00:00+00:00|-1.0|hr_broad_pb_h13_lq40_pb05_tp055_sl065,2024-07-19 13:00:00+00:00,STAGE29A,data/reports/stage29a_high_range_regime_continuation_discovery/stage29a_exact_trades.csv,high_range_broad_pullback_continuation_v1,hr_broad_pb_h13_lq40_pb05_tp055_sl065,-3.026375000000008,-4.076375000000008,-4.776375000000007,0,0,0,1,4.076375000000008,34.84999999999991,24.67999999999984,0.6288492706645091,16.5,0.7678787878787923,6.269999999999982,7.066999999999939,0.872,-1.0,,,13,4,7.0,2024
2024-07-23 13:00:00+00:00|1.0|hr_broad_pb_h13_lq40_pb05_tp055_sl065,2024-07-23 13:00:00+00:00,STAGE29A,data/reports/stage29a_high_range_regime_continuation_discovery/stage29a_exact_trades.csv,high_range_broad_pullback_continuation_v1,hr_broad_pb_h13_lq40_pb05_tp055_sl065,1.59012500000008,0.5401250000000801,-0.1598749999999196,1,0,1,0,0.5401250000000801,28.23999999999978,9.199999999999818,0.34239130434784276,20.019999999999985,0.43806193806193755,4.9099999999998545,5.389500000000021,0.384,1.0,,,13,1,7.0,2024
2024-07-26 13:00:00+00:00|1.0|hr_broad_pb_h13_lq40_pb05_tp055_sl065,2024-07-26 13:00:00+00:00,STAGE29A,data/reports/stage29a_high_range_regime_continuation_discovery/stage29a_exact_trades.csv,high_range_broad_pullback_continuation_v1,hr_broad_pb_h13_lq40_pb05_tp055_sl065,-2.261974999999984,-3.311974999999984,-4.011974999999984,0,0,0,1,3.311974999999984,48.190000000000055,23.550000000000185,0.36390658174096147,10.0300000000002,0.19541375872382824,2.849999999999909,6.586000000000013,0.584,1.0,,,13,4,7.0,2024
2024-07-31 13:00:00+00:00|1.0|hr_broad_pb_h13_lq40_pb05_tp055_sl065,2024-07-31 13:00:00+00:00,STAGE29A,data/reports/stage29a_high_range_regime_continuation_discovery/stage29a_exact_trades.csv,high_range_broad_pullback_continuation_v1,hr_broad_pb_h13_lq40_pb05_tp055_sl065,1.2403250000001207,0.1903250000001208,-0.5096749999998789,1,0,1,0,0.1903250000001208,36.43000000000029,15.139999999999873,0.47159841479523995,10.990000000000236,0.4003639672429478,4.430000000000291,6.458000000000107,0.528,1.0,,,13,2,7.0,2024
2024-08-06 13:00:00+00:00|1.0|hr_broad_pb_h13_lq40_pb05_tp055_sl065,2024-08-06 13:00:00+00:00,STAGE29A,data/reports/stage29a_high_range_regime_continuation_discovery/stage29a_exact_trades.csv,high_range_broad_pullback_continuation_v1,hr_broad_pb_h13_lq40_pb05_tp055_sl065,2.33730000000005,1.2873000000000503,0.5873000000000506,1,1,1,0,1.2873000000000503,94.65999999999984,13.960000000000036,0.005014326647576184,20.72000000000025,0.20945945945944197,5.320000000000164,8.264500000000089,0.744,1.0,,,13,1,8.0,2024
2024-08-07 13:00:00+00:00|1.0|hr_broad_pb_h13_lq40_pb05_tp055_sl065,2024-08-07 13:00:00+00:00,STAGE29A,data/reports/stage29a_high_range_regime_continuation_discovery/stage29a_exact_trades.csv,high_range_broad_pullback_continuation_v1,hr_broad_pb_h13_lq40_pb05_tp055_sl065,-2.3321750000000976,-3.3821750000000974,-4.082175000000097,0,0,0,1,3.3821750000000974,36.63000000000011,11.710000000000036,0.22715627668657953,11.829999999999927,0.7007607776838558,3.930000000000291,6.822499999999991,0.396,1.0,,,13,2,8.0,2024
2024-08-08 13:00:00+00:00|1.0|hr_broad_pb_h13_lq40_pb05_tp055_sl065,2024-08-08 13:00:00+00:00,STAGE29A,data/reports/stage29a_high_range_regime_continuation_discovery/stage29a_exact_trades.csv,high_range_broad_pullback_continuation_v1,hr_broad_pb_h13_lq40_pb05_tp055_sl065,1.5103750000002036,0.4603750000002038,-0.2396249999997959,1,0,1,0,0.4603750000002038,28.01000000000022,14.150000000000093,0.7519434628975127,15.019999999999982,0.1291611185086589,5.150000000000091,5.698000000000024,0.1,1.0,,,13,3,8.0,2024
2024-08-09 13:00:00+00:00|1.0|hr_broad_pb_h13_lq40_pb05_tp055_sl065,2024-08-09 13:00:00+00:00,STAGE29A,data/reports/stage29a_high_range_regime_continuation_discovery/stage29a_exact_trades.csv,high_range_broad_pullback_continuation_v1,hr_broad_pb_h13_lq40_pb05_tp055_sl065,1.0956749999999371,0.0456749999999375,-0.6543250000000622,1,0,0,0,0.0456749999999375,47.190000000000055,9.679999999999836,0.4845041322314188,10.159999999999854,0.24606299212598778,2.9600000000000364,5.6220000000000026,0.092,1.0,,,13,4,8.0,2024
2024-08-16 13:00:00+00:00|1.0|hr_broad_pb_h13_lq40_pb05_tp055_sl065,2024-08-16 13:00:00+00:00,STAGE29A,data/reports/stage29a_high_range_regime_continuation_discovery/stage29a_exact_trades.csv,high_range_broad_pullback_continuation_v1,hr_broad_pb_h13_lq40_pb05_tp055_sl065,-2.045525000000089,-3.0955250000000887,-3.795525000000088,0,0,0,1,3.0955250000000887,37.90000000000009,9.2199999999998,0.26030368763559036,13.390000000000327,0.8110530246452473,3.0700000000001637,4.9780000000000655,0.04,1.0,,,13,4,8.0,2024
2024-08-20 13:00:00+00:00|1.0|hr_broad_pb_h13_lq40_pb05_tp055_sl065,2024-08-20 13:00:00+00:00,STAGE29A,data/reports/stage29a_high_range_regime_continuation_discovery/stage29a_exact_trades.csv,high_range_broad_pullback_continuation_v1,hr_broad_pb_h13_lq40_pb05_tp055_sl065,1.81012499999988,0.76012499999988,0.0601249999998803,1,1,1,0,0.76012499999988,23.800000000000185,9.5,0.2642105263157646,27.90999999999985,0.7115729129344404,5.519999999999982,5.144999999999982,0.08,1.0,,,13,1,8.0,2024
2024-08-27 13:00:00+00:00|-1.0|hr_broad_pb_h13_lq40_pb05_tp055_sl065,2024-08-27 13:00:00+00:00,STAGE29A,data/reports/stage29a_high_range_regime_continuation_discovery/stage29a_exact_trades.csv,high_range_broad_pullback_continuation_v1,hr_broad_pb_h13_lq40_pb05_tp055_sl065,1.4880999999999402,0.4380999999999404,-0.2619000000000593,1,0,1,0,0.4380999999999404,18.050000000000185,11.989999999999782,0.6905754795662966,13.979999999999563,0.006437768240353958,5.670000000000073,5.167499999999973,0.196,-1.0,,,13,1,8.0,2024
2024-08-28 13:00:00+00:00|-1.0|hr_broad_pb_h13_lq40_pb05_tp055_sl065,2024-08-28 13:00:00+00:00,STAGE29A,data/reports/stage29a_high_range_regime_continuation_discovery/stage29a_exact_trades.csv,high_range_broad_pullback_continuation_v1,hr_broad_pb_h13_lq40_pb05_tp055_sl065,-2.055924999999752,-3.105924999999752,-3.805924999999752,0,0,0,1,3.105924999999752,22.4399999999996,15.88000000000011,0.6190176322418047,12.849999999999907,0.4513618677042621,3.7100000000000364,5.0939999999999825,0.172,-1.0,,,13,2,8.0,2024
2024-08-29 13:00:00+00:00|1.0|hr_broad_pb_h13_lq40_pb05_tp055_sl065,2024-08-29 13:00:00+00:00,STAGE29A,data/reports/stage29a_high_range_regime_continuation_discovery/stage29a_exact_trades.csv,high_range_broad_pullback_continuation_v1,hr_broad_pb_h13_lq40_pb05_tp055_sl065,-2.314300000000094,-3.3643000000000938,-4.0643000000000935,0,0,0,1,3.3643000000000938,35.45000000000027,12.860000000000127,0.7449455676516199,10.539999999999964,0.5910815939278975,8.480000000000018,4.832999999999993,0.112,1.0,,,13,3,8.0,2024
2024-09-05 13:00:00+00:00|1.0|hr_broad_pb_h13_lq40_pb05_tp055_sl065,2024-09-05 13:00:00+00:00,STAGE29A,data/reports/stage29a_high_range_regime_continuation_discovery/stage29a_exact_trades.csv,high_range_broad_pullback_continuation_v1,hr_broad_pb_h13_lq40_pb05_tp055_sl065,-2.327300000000014,-3.3773000000000137,-4.0773000000000135,0,0,0,1,3.3773000000000137,28.620000000000346,4.880000000000109,0.08811475409832514,23.40999999999985,0.8821016659547296,2.519999999999982,4.613000000000056,0.132,1.0,,,13,3,9.0,2024
2024-09-18 13:00:00+00:00|-1.0|hr_broad_pb_h13_lq40_pb05_tp055_sl065,2024-09-18 13:00:00+00:00,STAGE29A,data/reports/stage29a_high_range_regime_continuation_discovery/stage29a_exact_trades.csv,high_range_broad_pullback_continuation_v1,hr_broad_pb_h13_lq40_pb05_tp055_sl065,-1.6763249999999972,-2.726324999999997,-3.4263249999999967,0,0,0,0,2.726324999999997,26.2199999999998,8.230000000000018,0.6342648845686255,10.759999999999764,0.369888475836441,3.9899999999997817,5.132999999999948,0.488,-1.0,,,13,2,9.0,2024
2024-09-20 13:00:00+00:00|1.0|hr_broad_pb_h13_lq40_pb05_tp055_sl065,2024-09-20 13:00:00+00:00,STAGE29A,data/reports/stage29a_high_range_regime_continuation_discovery/stage29a_exact_trades.csv,high_range_broad_pullback_continuation_v1,hr_broad_pb_h13_lq40_pb05_tp055_sl065,1.3472999999998136,0.2972999999998138,-0.4027000000001859,1,0,1,0,0.2972999999998138,43.78999999999997,8.75,0.41142857142856104,21.419999999999614,0.6984126984127126,8.039999999999964,5.049000000000047,0.416,1.0,,,13,4,9.0,2024
2024-09-25 13:00:00+00:00|-1.0|hr_broad_pb_h13_lq40_pb05_tp055_sl065,2024-09-25 13:00:00+00:00,STAGE29A,data/reports/stage29a_high_range_regime_continuation_discovery/stage29a_exact_trades.csv,high_range_broad_pullback_continuation_v1,hr_broad_pb_h13_lq40_pb05_tp055_sl065,-2.327300000000014,-3.3773000000000137,-4.0773000000000135,0,0,0,1,3.3773000000000137,41.76999999999998,15.13000000000011,0.15333773959019778,10.159999999999854,0.4498031496063218,4.919999999999618,6.537499999999954,0.724,-1.0,,,13,2,9.0,2024
2024-09-26 13:00:00+00:00|1.0|hr_broad_pb_h13_lq40_pb05_tp055_sl065,2024-09-26 13:00:00+00:00,STAGE29A,data/reports/stage29a_high_range_regime_continuation_discovery/stage29a_exact_trades.csv,high_range_broad_pullback_continuation_v1,hr_broad_pb_h13_lq40_pb05_tp055_sl065,-2.0318750000002184,-3.081875000000218,-3.781875000000218,0,0,0,1,3.081875000000218,20.829999999999927,7.170000000000073,0.6094839609484382,12.570000000000164,0.49721559268098,2.869999999999891,5.068999999999915,0.308,1.0,,,13,3,9.0,2024
2024-10-01 13:00:00+00:00|1.0|hr_broad_pb_h13_lq40_pb05_tp055_sl065,2024-10-01 13:00:00+00:00,STAGE29A,data/reports/stage29a_high_range_regime_continuation_discovery/stage29a_exact_trades.csv,high_range_broad_pullback_continuation_v1,hr_broad_pb_h13_lq40_pb05_tp055_sl065,0.8800749999999425,-0.1699250000000574,-0.8699250000000571,0,0,0,0,0.1699250000000574,41.48000000000002,7.730000000000018,0.3842173350582468,11.840000000000146,0.9045608108108028,3.9400000000000546,4.787000000000035,0.108,1.0,,,13,1,10.0,2024
2024-10-11 13:00:00+00:00|-1.0|hr_broad_pb_h13_lq40_pb05_tp055_sl065,2024-10-11 13:00:00+00:00,STAGE29A,data/reports/stage29a_high_range_regime_continuation_discovery/stage29a_exact_trades.csv,high_range_broad_pullback_continuation_v1,hr_broad_pb_h13_lq40_pb05_tp055_sl065,-2.0724999999998546,-3.1224999999998544,-3.822499999999854,0,0,0,1,3.1224999999998544,25.800000000000185,17.980000000000018,0.9566184649610567,10.989999999999782,0.6960873521383296,5.529999999999745,6.082500000000005,0.34,-1.0,,,13,4,10.0,2024
2024-10-15 13:00:00+00:00|1.0|hr_broad_pb_h13_lq40_pb05_tp055_sl065,2024-10-15 13:00:00+00:00,STAGE29A,data/reports/stage29a_high_range_regime_continuation_discovery/stage29a_exact_trades.csv,high_range_broad_pullback_continuation_v1,hr_broad_pb_h13_lq40_pb05_tp055_sl065,-2.291225000000032,-3.341225000000031,-4.041225000000031,0,0,0,1,3.341225000000031,23.65999999999985,8.349999999999909,0.5185628742514939,17.829999999999927,0.448121144139081,4.460000000000036,4.957000000000017,0.056,1.0,,,13,1,10.0,2024
2024-10-18 13:00:00+00:00|1.0|hr_broad_pb_h13_lq40_pb05_tp055_sl065,2024-10-18 13:00:00+00:00,STAGE29A,data/reports/stage29a_high_range_regime_continuation_discovery/stage29a_exact_trades.csv,high_range_broad_pullback_continuation_v1,hr_broad_pb_h13_lq40_pb05_tp055_sl065,-2.37539999999999,-3.4253999999999905,-4.12539999999999,0,0,0,1,3.4253999999999905,23.579999999999927,20.360000000000127,0.849214145383097,12.329999999999927,0.11678832116788833,7.010000000000218,5.587500000000046,0.272,1.0,,,13,4,10.0,2024
2024-10-24 13:00:00+00:00|1.0|hr_broad_pb_h13_lq40_pb05_tp055_sl065,2024-10-24 13:00:00+00:00,STAGE29A,data/reports/stage29a_high_range_regime_continuation_discovery/stage29a_exact_trades.csv,high_range_broad_pullback_continuation_v1,hr_broad_pb_h13_lq40_pb05_tp055_sl065,1.0288500000000569,-0.0211499999999431,-0.7211499999999429,0,0,0,0,0.0211499999999431,49.92000000000007,12.279999999999744,0.39576547231272213,16.420000000000073,0.8361753958587063,3.230000000000018,5.922000000000049,0.54,1.0,,,13,3,10.0,2024
2024-10-25 13:00:00+00:00|-1.0|hr_broad_pb_h13_lq40_pb05_tp055_sl065,2024-10-25 13:00:00+00:00,STAGE29A,data/reports/stage29a_high_range_regime_continuation_discovery/stage29a_exact_trades.csv,high_range_broad_pullback_continuation_v1,hr_broad_pb_h13_lq40_pb05_tp055_sl065,-2.2102999999998247,-3.260299999999825,-3.960299999999824,0,0,0,1,3.260299999999825,29.029999999999745,11.730000000000018,0.7357203751065725,15.730000000000018,0.3146853146853317,4.320000000000164,5.034999999999991,0.096,-1.0,,,13,4,10.0,2024
2024-10-31 13:00:00+00:00|-1.0|hr_broad_pb_h13_lq40_pb05_tp055_sl065,2024-10-31 13:00:00+00:00,STAGE29A,data/reports/stage29a_high_range_regime_continuation_discovery/stage29a_exact_trades.csv,high_range_broad_pullback_continuation_v1,hr_broad_pb_h13_lq40_pb05_tp055_sl065,-2.143999999999869,-3.193999999999869,-3.8939999999998687,0,0,0,1,3.193999999999869,19.139999999999876,8.029999999999745,0.2889165628891952,13.509999999999764,0.2672094744633409,8.0,4.854499999999962,0.072,-1.0,,,13,3,10.0,2024
2024-11-05 13:00:00+00:00|1.0|hr_broad_pb_h13_lq40_pb05_tp055_sl065,2024-11-05 13:00:00+00:00,STAGE29A,data/reports/stage29a_high_range_regime_continuation_discovery/stage29a_exact_trades.csv,high_range_broad_pullback_continuation_v1,hr_broad_pb_h13_lq40_pb05_tp055_sl065,1.3605000000001382,0.3105000000001383,-0.3894999999998614,1,0,1,0,0.3105000000001383,18.789999999999964,13.260000000000218,0.12141779788835944,13.2800000000002,0.2567771084337201,4.639999999999873,5.242500000000041,0.188,1.0,,,13,1,11.0,2024
2024-11-08 13:00:00+00:00|-1.0|hr_broad_pb_h13_lq40_pb05_tp055_sl065,2024-11-08 13:00:00+00:00,STAGE29A,data/reports/stage29a_high_range_regime_continuation_discovery/stage29a_exact_trades.csv,high_range_broad_pullback_continuation_v1,hr_broad_pb_h13_lq40_pb05_tp055_sl065,-2.860949999999866,-3.910949999999866,-4.610949999999866,0,0,0,1,3.910949999999866,66.90999999999985,17.09999999999991,0.7777777777777659,16.240000000000236,0.3232758620689608,7.2599999999997635,7.055999999999972,0.724,-1.0,,,13,4,11.0,2024
2024-11-12 13:00:00+00:00|-1.0|hr_broad_pb_h13_lq40_pb05_tp055_sl065,2024-11-12 13:00:00+00:00,STAGE29A,data/reports/stage29a_high_range_regime_continuation_discovery/stage29a_exact_trades.csv,high_range_broad_pullback_continuation_v1,hr_broad_pb_h13_lq40_pb05_tp055_sl065,2.640900000000238,1.590900000000238,0.8909000000002383,1,1,1,0,1.590900000000238,75.67999999999984,11.579999999999927,0.5397236614853229,28.46000000000004,0.7350667603654267,8.900000000000091,6.995999999999936,0.596,-1.0,,,13,1,11.0,2024
2024-11-15 13:00:00+00:00|1.0|hr_broad_pb_h13_lq40_pb05_tp055_sl065,2024-11-15 13:00:00+00:00,STAGE29A,data/reports/stage29a_high_range_regime_continuation_discovery/stage29a_exact_trades.csv,high_range_broad_pullback_continuation_v1,hr_broad_pb_h13_lq40_pb05_tp055_sl065,1.482600000000184,0.4326000000001841,-0.2673999999998155,1,0,1,0,0.4326000000001841,44.54999999999973,8.599999999999909,0.02325581395346747,15.809999999999944,0.039848197343460554,7.339999999999691,6.577499999999918,0.244,1.0,,,13,4,11.0,2024
2024-11-20 13:00:00+00:00|-1.0|hr_broad_pb_h13_lq40_pb05_tp055_sl065,2024-11-20 13:00:00+00:00,STAGE29A,data/reports/stage29a_high_range_regime_continuation_discovery/stage29a_exact_trades.csv,high_range_broad_pullback_continuation_v1,hr_broad_pb_h13_lq40_pb05_tp055_sl065,-2.329899999999816,-3.379899999999816,-4.079899999999816,0,0,0,1,3.379899999999816,29.17999999999984,10.159999999999854,0.14763779527559268,19.74000000000024,0.5916919959472997,5.2400000000002365,4.97000000000005,0.004,-1.0,,,13,2,11.0,2024
2024-11-21 13:00:00+00:00|1.0|hr_broad_pb_h13_lq40_pb05_tp055_sl065,2024-11-21 13:00:00+00:00,STAGE29A,data/reports/stage29a_high_range_regime_continuation_discovery/stage29a_exact_trades.csv,high_range_broad_pullback_continuation_v1,hr_broad_pb_h13_lq40_pb05_tp055_sl065,-2.3620750000000954,-3.4120750000000952,-4.112075000000095,0,0,0,1,3.4120750000000952,36.64000000000033,11.610000000000127,0.41860465116279705,17.059999999999945,0.759671746776089,5.239999999999782,5.6704999999999925,0.084,1.0,,,13,3,11.0,2024
2024-11-28 13:00:00+00:00|1.0|hr_broad_pb_h13_lq40_pb05_tp055_sl065,2024-11-28 13:00:00+00:00,STAGE29A,data/reports/stage29a_high_range_regime_continuation_discovery/stage29a_exact_trades.csv,high_range_broad_pullback_continuation_v1,hr_broad_pb_h13_lq40_pb05_tp055_sl065,-2.264899999999761,-3.3148999999997613,-4.014899999999761,0,0,0,1,3.3148999999997613,31.329999999999927,17.48999999999978,0.33390508862208224,19.41000000000031,0.8377125193199126,4.7400000000002365,6.230499999999961,0.248,1.0,,,13,3,11.0,2024
2024-12-03 13:00:00+00:00|1.0|hr_broad_pb_h13_lq40_pb05_tp055_sl065,2024-12-03 13:00:00+00:00,STAGE29A,data/reports/stage29a_high_range_regime_continuation_discovery/stage29a_exact_trades.csv,high_range_broad_pullback_continuation_v1,hr_broad_pb_h13_lq40_pb05_tp055_sl065,1.2141999999998003,0.1641999999998007,-0.535800000000199,1,0,1,0,0.1641999999998007,30.550000000000185,11.13000000000011,0.21024258760104833,12.860000000000127,0.21228615863141456,3.1700000000000728,5.37699999999993,0.068,1.0,,,13,1,12.0,2024
2024-12-05 13:00:00+00:00|1.0|hr_broad_pb_h13_lq40_pb05_tp055_sl065,2024-12-05 13:00:00+00:00,STAGE29A,data/reports/stage29a_high_range_regime_continuation_discovery/stage29a_exact_trades.csv,high_range_broad_pullback_continuation_v1,hr_broad_pb_h13_lq40_pb05_tp055_sl065,1.1619500000000698,0.1119500000000699,-0.5880499999999298,1,0,0,0,0.1119500000000699,24.800000000000185,6.940000000000055,0.5821325648414888,13.88000000000011,0.17939481268009813,5.820000000000164,5.433999999999946,0.052,1.0,,,13,3,12.0,2024
2024-12-11 13:00:00+00:00|1.0|hr_broad_pb_h13_lq40_pb05_tp055_sl065,2024-12-11 13:00:00+00:00,STAGE29A,data/reports/stage29a_high_range_regime_continuation_discovery/stage29a_exact_trades.csv,high_range_broad_pullback_continuation_v1,hr_broad_pb_h13_lq40_pb05_tp055_sl065,2.002899999999863,0.9528999999998632,0.2528999999998635,1,1,1,0,0.9528999999998632,38.01999999999998,21.779999999999745,0.5335169880624439,25.350000000000364,0.3932938856015823,7.4900000000002365,7.634500000000026,0.756,1.0,,,13,2,12.0,2024
2024-12-13 13:00:00+00:00|-1.0|hr_broad_pb_h13_lq40_pb05_tp055_sl065,2024-12-13 13:00:00+00:00,STAGE29A,data/reports/stage29a_high_range_regime_continuation_discovery/stage29a_exact_trades.csv,high_range_broad_pullback_continuation_v1,hr_broad_pb_h13_lq40_pb05_tp055_sl065,-2.742975000000206,-3.792975000000206,-4.4929750000002056,0,0,0,1,3.792975000000206,51.2199999999998,13.740000000000236,0.4832605531295312,25.5,0.8109803921568741,5.059999999999945,6.2040000000000415,0.296,-1.0,,,13,4,12.0,2024
2024-12-19 13:00:00+00:00|1.0|hr_broad_pb_h13_lq40_pb05_tp055_sl065,2024-12-19 13:00:00+00:00,STAGE29A,data/reports/stage29a_high_range_regime_continuation_discovery/stage29a_exact_trades.csv,high_range_broad_pullback_continuation_v1,hr_broad_pb_h13_lq40_pb05_tp055_sl065,-3.028324999999859,-4.078324999999859,-4.7783249999998585,0,0,0,1,4.078324999999859,68.09999999999991,35.46000000000004,0.5930626057529661,23.2800000000002,0.4463058419243893,9.039999999999964,10.11400000000001,0.996,1.0,,,13,3,12.0,2024
2024-12-27 13:00:00+00:00|-1.0|hr_broad_pb_h13_lq40_pb05_tp055_sl065,2024-12-27 13:00:00+00:00,STAGE29A,data/reports/stage29a_high_range_regime_continuation_discovery/stage29a_exact_trades.csv,high_range_broad_pullback_continuation_v1,hr_broad_pb_h13_lq40_pb05_tp055_sl065,-2.0539749999999004,-3.1039749999999,-3.8039749999999,0,0,0,1,3.1039749999999,26.139999999999876,6.550000000000182,0.14656488549618468,14.829999999999927,0.4686446392447641,4.510000000000218,4.311000000000059,0.104,-1.0,,,13,4,12.0,2024
2024-12-31 13:00:00+00:00|1.0|hr_broad_pb_h13_lq40_pb05_tp055_sl065,2024-12-31 13:00:00+00:00,STAGE29A,data/reports/stage29a_high_range_regime_continuation_discovery/stage29a_exact_trades.csv,high_range_broad_pullback_continuation_v1,hr_broad_pb_h13_lq40_pb05_tp055_sl065,1.0409499999999752,-0.0090500000000246,-0.7090500000000244,0,0,0,0,0.0090500000000246,32.159999999999854,8.059999999999945,0.01488833746896919,15.179999999999836,0.33596837944663793,4.809999999999945,4.7085000000000035,0.272,1.0,,,13,1,12.0,2024
2025-01-21 13:00:00+00:00|-1.0|hr_broad_pb_h13_lq40_pb05_tp055_sl065,2025-01-21 13:00:00+00:00,STAGE29A,data/reports/stage29a_high_range_regime_continuation_discovery/stage29a_exact_trades.csv,high_range_broad_pullback_continuation_v1,hr_broad_pb_h13_lq40_pb05_tp055_sl065,1.6214749999998277,0.5714749999998276,-0.128525000000172,1,0,1,0,0.5714749999998276,24.550000000000185,25.09999999999991,0.6749003984063792,15.799999999999727,0.4974683544303964,5.150000000000091,6.870499999999993,0.92,-1.0,,,13,1,1.0,2025
2025-02-04 13:00:00+00:00|-1.0|hr_broad_pb_h13_lq40_pb05_tp055_sl065,2025-02-04 13:00:00+00:00,STAGE29A,data/reports/stage29a_high_range_regime_continuation_discovery/stage29a_exact_trades.csv,high_range_broad_pullback_continuation_v1,hr_broad_pb_h13_lq40_pb05_tp055_sl065,-2.7247749999997724,-3.774774999999772,-4.474774999999772,0,0,0,1,3.774774999999772,58.19999999999982,13.329999999999927,0.3885971492873458,14.659999999999854,0.29058663028651166,7.200000000000273,6.982500000000073,0.764,-1.0,,,13,1,2.0,2025
2025-02-12 13:00:00+00:00|-1.0|hr_broad_pb_h13_lq40_pb05_tp055_sl065,2025-02-12 13:00:00+00:00,STAGE29A,data/reports/stage29a_high_range_regime_continuation_discovery/stage29a_exact_trades.csv,high_range_broad_pullback_continuation_v1,hr_broad_pb_h13_lq40_pb05_tp055_sl065,-3.019225000000097,-4.069225000000097,-4.769225000000096,0,0,0,1,4.069225000000097,60.9399999999996,17.070000000000164,0.7861745752782627,16.440000000000055,0.15815085158150247,10.550000000000182,7.384500000000003,0.508,-1.0,,,13,2,2.0,2025
2025-02-13 13:00:00+00:00|-1.0|hr_broad_pb_h13_lq40_pb05_tp055_sl065,2025-02-13 13:00:00+00:00,STAGE29A,data/reports/stage29a_high_range_regime_continuation_discovery/stage29a_exact_trades.csv,high_range_broad_pullback_continuation_v1,hr_broad_pb_h13_lq40_pb05_tp055_sl065,1.7023250000001098,0.65232500000011,-0.0476749999998897,1,0,1,0,0.65232500000011,45.38000000000011,18.759999999999764,0.6780383795309147,13.460000000000036,0.05274888558692678,5.619999999999891,6.579499999999916,0.248,-1.0,,,13,3,2.0,2025
2025-02-21 13:00:00+00:00|1.0|hr_broad_pb_h13_lq40_pb05_tp055_sl065,2025-02-21 13:00:00+00:00,STAGE29A,data/reports/stage29a_high_range_regime_continuation_discovery/stage29a_exact_trades.csv,high_range_broad_pullback_continuation_v1,hr_broad_pb_h13_lq40_pb05_tp055_sl065,-2.5495999999999186,-3.5995999999999184,-4.299599999999918,0,0,0,1,3.5995999999999184,30.779999999999745,23.40000000000009,0.5564102564102534,17.309999999999945,0.11900635470825835,2.119999999999891,7.984000000000037,0.616,1.0,,,13,4,2.0,2025
2025-02-25 13:00:00+00:00|1.0|hr_broad_pb_h13_lq40_pb05_tp055_sl065,2025-02-25 13:00:00+00:00,STAGE29A,data/reports/stage29a_high_range_regime_continuation_discovery/stage29a_exact_trades.csv,high_range_broad_pullback_continuation_v1,hr_broad_pb_h13_lq40_pb05_tp055_sl065,1.560425000000032,0.5104250000000321,-0.1895749999999676,1,0,1,0,0.5104250000000321,35.16000000000031,18.90999999999985,0.6959280803807486,12.91000000000031,0.05654531371030214,4.079999999999927,6.0479999999999565,0.116,1.0,,,13,1,2.0,2025
2025-02-28 13:00:00+00:00|-1.0|hr_broad_pb_h13_lq40_pb05_tp055_sl065,2025-02-28 13:00:00+00:00,STAGE29A,data/reports/stage29a_high_range_regime_continuation_discovery/stage29a_exact_trades.csv,high_range_broad_pullback_continuation_v1,hr_broad_pb_h13_lq40_pb05_tp055_sl065,1.5934249999999337,0.5434249999999339,-0.1565750000000658,1,0,1,0,0.5434249999999339,53.14999999999964,28.039999999999964,0.44721825962910056,15.940000000000056,0.04454203262233588,4.230000000000018,7.43900000000001,0.464,-1.0,,,13,4,2.0,2025
2025-03-03 13:00:00+00:00|1.0|hr_broad_pb_h13_lq40_pb05_tp055_sl065,2025-03-03 13:00:00+00:00,STAGE29A,data/reports/stage29a_high_range_regime_continuation_discovery/stage29a_exact_trades.csv,high_range_broad_pullback_continuation_v1,hr_broad_pb_h13_lq40_pb05_tp055_sl065,-2.626624999999968,-3.676624999999967,-4.376624999999967,0,0,0,1,3.676624999999967,21.38000000000011,21.38000000000011,0.1585594013096284,14.730000000000018,0.30414120841819503,6.349999999999909,8.26199999999999,0.612,1.0,,,13,0,3.0,2025
2025-03-04 13:00:00+00:00|1.0|hr_broad_pb_h13_lq40_pb05_tp055_sl065,2025-03-04 13:00:00+00:00,STAGE29A,data/reports/stage29a_high_range_regime_continuation_discovery/stage29a_exact_trades.csv,high_range_broad_pullback_continuation_v1,hr_broad_pb_h13_lq40_pb05_tp055_sl065,-3.434249999999884,-4.484249999999884,-5.184249999999883,0,0,0,1,4.484249999999884,39.940000000000055,11.83999999999969,0.03378378378375394,36.98000000000002,0.6311519740400252,5.980000000000018,8.387000000000011,0.664,1.0,,,13,1,3.0,2025
2025-03-05 13:00:00+00:00|1.0|hr_broad_pb_h13_lq40_pb05_tp055_sl065,2025-03-05 13:00:00+00:00,STAGE29A,data/reports/stage29a_high_range_regime_continuation_discovery/stage29a_exact_trades.csv,high_range_broad_pullback_continuation_v1,hr_broad_pb_h13_lq40_pb05_tp055_sl065,1.7647500000001854,0.7147500000001856,0.0147500000001858,1,1,1,0,0.7147500000001856,45.84999999999991,16.070000000000164,0.24268823895457692,13.5,0.2125925925925845,10.069999999999709,7.649000000000138,0.372,1.0,,,13,2,3.0,2025
2025-03-07 13:00:00+00:00|1.0|hr_broad_pb_h13_lq40_pb05_tp055_sl065,2025-03-07 13:00:00+00:00,STAGE29A,data/reports/stage29a_high_range_regime_continuation_discovery/stage29a_exact_trades.csv,high_range_broad_pullback_continuation_v1,hr_broad_pb_h13_lq40_pb05_tp055_sl065,-2.209324999999899,-3.2593249999998988,-3.9593249999998985,0,0,0,1,3.2593249999998988,35.41000000000031,18.309999999999945,0.1982523211359978,16.63000000000011,0.6806975345760454,4.809999999999945,7.198499999999944,0.136,1.0,,,13,4,3.0,2025
2025-03-11 13:00:00+00:00|1.0|hr_broad_pb_h13_lq40_pb05_tp055_sl065,2025-03-11 13:00:00+00:00,STAGE29A,data/reports/stage29a_high_range_regime_continuation_discovery/stage29a_exact_trades.csv,high_range_broad_pullback_continuation_v1,hr_broad_pb_h13_lq40_pb05_tp055_sl065,1.3360249999999725,0.2860249999999724,-0.4139750000000273,1,0,1,0,0.2860249999999724,38.28999999999997,20.169999999999614,0.4615765989092772,21.789999999999964,0.6608536025699915,3.5,7.216999999999894,0.156,1.0,,,13,1,3.0,2025
2025-03-14 13:00:00+00:00|1.0|hr_broad_pb_h13_lq40_pb05_tp055_sl065,2025-03-14 13:00:00+00:00,STAGE29A,data/reports/stage29a_high_range_regime_continuation_discovery/stage29a_exact_trades.csv,high_range_broad_pullback_continuation_v1,hr_broad_pb_h13_lq40_pb05_tp055_sl065,-3.105349999999908,-4.155349999999908,-4.855349999999907,0,0,0,1,4.155349999999908,56.50999999999976,12.150000000000093,0.27160493827158044,24.0,0.32583333333334014,18.200000000000273,7.23599999999999,0.284,1.0,,,13,4,3.0,2025
2025-03-20 13:00:00+00:00|-1.0|hr_broad_pb_h13_lq40_pb05_tp055_sl065,2025-03-20 13:00:00+00:00,STAGE29A,data/reports/stage29a_high_range_regime_continuation_discovery/stage29a_exact_trades.csv,high_range_broad_pullback_continuation_v1,hr_broad_pb_h13_lq40_pb05_tp055_sl065,-2.8876000000001114,-3.9376000000001112,-4.637600000000111,0,0,0,1,3.9376000000001112,29.17999999999984,12.38000000000011,0.4491114701130773,28.14999999999964,0.6600355239786916,16.08999999999969,7.208000000000015,0.528,-1.0,,,13,3,3.0,2025
2025-03-21 13:00:00+00:00|1.0|hr_broad_pb_h13_lq40_pb05_tp055_sl065,2025-03-21 13:00:00+00:00,STAGE29A,data/reports/stage29a_high_range_regime_continuation_discovery/stage29a_exact_trades.csv,high_range_broad_pullback_continuation_v1,hr_broad_pb_h13_lq40_pb05_tp055_sl065,-2.3763749999999164,-3.426374999999916,-4.126374999999916,0,0,0,1,3.426374999999916,32.0,19.5,0.7379487179487114,13.140000000000327,0.07686453576866005,3.8400000000001455,4.945999999999958,0.004,1.0,,,13,4,3.0,2025
2025-03-25 13:00:00+00:00|1.0|hr_broad_pb_h13_lq40_pb05_tp055_sl065,2025-03-25 13:00:00+00:00,STAGE29A,data/reports/stage29a_high_range_regime_continuation_discovery/stage29a_exact_trades.csv,high_range_broad_pullback_continuation_v1,hr_broad_pb_h13_lq40_pb05_tp055_sl065,1.1806500000001503,0.1306500000001507,-0.569349999999849,1,0,0,0,0.1306500000001507,30.789999999999964,8.889999999999873,0.4915635545556753,14.550000000000182,0.5862542955326212,4.1599999999998545,5.54200000000003,0.068,1.0,,,13,1,3.0,2025
2025-03-26 13:00:00+00:00|1.0|hr_broad_pb_h13_lq40_pb05_tp055_sl065,2025-03-26 13:00:00+00:00,STAGE29A,data/reports/stage29a_high_range_regime_continuation_discovery/stage29a_exact_trades.csv,high_range_broad_pullback_continuation_v1,hr_broad_pb_h13_lq40_pb05_tp055_sl065,-2.112474999999995,-3.162474999999995,-3.8624749999999946,0,0,0,1,3.162474999999995,28.480000000000015,12.690000000000056,0.3065405831363165,18.789999999999964,0.4220329962746063,8.059999999999945,5.297999999999979,0.032,1.0,,,13,2,3.0,2025
2025-03-28 13:00:00+00:00|1.0|hr_broad_pb_h13_lq40_pb05_tp055_sl065,2025-03-28 13:00:00+00:00,STAGE29A,data/reports/stage29a_high_range_regime_continuation_discovery/stage29a_exact_trades.csv,high_range_broad_pullback_continuation_v1,hr_broad_pb_h13_lq40_pb05_tp055_sl065,1.8480749999997896,0.7980749999997898,0.09807499999979,1,1,1,0,0.7980749999997898,42.07999999999993,23.289999999999964,0.7745813653928721,19.77000000000044,0.018715225088535025,7.179999999999836,6.467000000000053,0.508,1.0,,,13,4,3.0,2025
2025-04-03 13:00:00+00:00|-1.0|hr_broad_pb_h13_lq40_pb05_tp055_sl065,2025-04-03 13:00:00+00:00,STAGE29A,data/reports/stage29a_high_range_regime_continuation_discovery/stage29a_exact_trades.csv,high_range_broad_pullback_continuation_v1,hr_broad_pb_h13_lq40_pb05_tp055_sl065,3.296775000000161,2.2467750000001616,1.546775000000162,1,1,1,0,2.2467750000001616,41.36000000000013,45.86000000000013,0.04513737461839737,33.409999999999854,0.7934750074827995,8.0,14.06049999999998,0.968,-1.0,,,13,3,4.0,2025
2025-04-07 13:00:00+00:00|1.0|hr_broad_pb_h13_lq40_pb05_tp055_sl065,2025-04-07 13:00:00+00:00,STAGE29A,data/reports/stage29a_high_range_regime_continuation_discovery/stage29a_exact_trades.csv,high_range_broad_pullback_continuation_v1,hr_broad_pb_h13_lq40_pb05_tp055_sl065,5.265499999999884,4.215499999999883,3.515499999999884,1,1,1,0,4.215499999999883,31.919999999999614,84.09999999999991,0.11319857312722939,31.21000000000004,0.19801345722524283,13.6899999999996,26.00549999999989,0.968,1.0,,,13,0,4.0,2025
2025-04-11 13:00:00+00:00|1.0|hr_broad_pb_h13_lq40_pb05_tp055_sl065,2025-04-11 13:00:00+00:00,STAGE29A,data/reports/stage29a_high_range_regime_continuation_discovery/stage29a_exact_trades.csv,high_range_broad_pullback_continuation_v1,hr_broad_pb_h13_lq40_pb05_tp055_sl065,-7.538674999999875,-8.588674999999876,-9.288674999999875,0,0,0,1,8.588674999999876,117.48000000000002,44.58999999999969,0.6503700381251447,42.96000000000004,0.23114525139664405,18.049999999999727,16.929500000000008,0.704,1.0,,,13,4,4.0,2025
2025-04-21 13:00:00+00:00|1.0|hr_broad_pb_h13_lq40_pb05_tp055_sl065,2025-04-21 13:00:00+00:00,STAGE29A,data/reports/stage29a_high_range_regime_continuation_discovery/stage29a_exact_trades.csv,high_range_broad_pullback_continuation_v1,hr_broad_pb_h13_lq40_pb05_tp055_sl065,-3.2941750000000867,-4.344175000000087,-5.044175000000086,0,0,0,1,4.344175000000087,24.230000000000015,56.29999999999973,0.6460035523978698,27.25,0.4565137614678919,6.049999999999727,12.712999999999965,0.252,1.0,,,13,0,4.0,2025
2025-04-30 13:00:00+00:00|-1.0|hr_broad_pb_h13_lq40_pb05_tp055_sl065,2025-04-30 13:00:00+00:00,STAGE29A,data/reports/stage29a_high_range_regime_continuation_discovery/stage29a_exact_trades.csv,high_range_broad_pullback_continuation_v1,hr_broad_pb_h13_lq40_pb05_tp055_sl065,-4.5262499999999815,-5.576249999999982,-6.2762499999999815,0,0,0,1,5.576249999999982,48.690000000000055,24.269999999999985,0.5937371240214201,39.57999999999993,0.7271349166245528,11.799999999999727,11.332499999999936,0.14,-1.0,,,13,2,4.0,2025
2025-05-01 13:00:00+00:00|-1.0|hr_broad_pb_h13_lq40_pb05_tp055_sl065,2025-05-01 13:00:00+00:00,STAGE29A,data/reports/stage29a_high_range_regime_continuation_discovery/stage29a_exact_trades.csv,high_range_broad_pullback_continuation_v1,hr_broad_pb_h13_lq40_pb05_tp055_sl065,-4.147950000000128,-5.197950000000128,-5.897950000000128,0,0,0,1,5.197950000000128,60.86999999999989,61.15000000000009,0.7282093213409596,27.449999999999815,0.39744990892533266,20.409999999999854,14.614999999999963,0.46,-1.0,,,13,3,5.0,2025
2025-05-09 13:00:00+00:00|1.0|hr_broad_pb_h13_lq40_pb05_tp055_sl065,2025-05-09 13:00:00+00:00,STAGE29A,data/reports/stage29a_high_range_regime_continuation_discovery/stage29a_exact_trades.csv,high_range_broad_pullback_continuation_v1,hr_broad_pb_h13_lq40_pb05_tp055_sl065,-4.128449999999793,-5.178449999999794,-5.878449999999793,0,0,0,1,5.178449999999794,126.18000000000028,49.309999999999945,0.3214358142364617,24.079999999999927,0.7093023255813945,5.7199999999998,16.525499999999965,0.712,1.0,,,13,4,5.0,2025
2025-05-12 13:00:00+00:00|-1.0|hr_broad_pb_h13_lq40_pb05_tp055_sl065,2025-05-12 13:00:00+00:00,STAGE29A,data/reports/stage29a_high_range_regime_continuation_discovery/stage29a_exact_trades.csv,high_range_broad_pullback_continuation_v1,hr_broad_pb_h13_lq40_pb05_tp055_sl065,5.311425000000236,4.261425000000235,3.561425000000236,1,1,1,0,4.261425000000235,44.57999999999993,52.61999999999989,0.20600532117066073,70.42999999999984,0.9747266789720325,18.329999999999927,18.80450000000003,0.932,-1.0,,,13,0,5.0,2025
2025-05-14 13:00:00+00:00|1.0|hr_broad_pb_h13_lq40_pb05_tp055_sl065,2025-05-14 13:00:00+00:00,STAGE29A,data/reports/stage29a_high_range_regime_continuation_discovery/stage29a_exact_trades.csv,high_range_broad_pullback_continuation_v1,hr_broad_pb_h13_lq40_pb05_tp055_sl065,-4.064425000000119,-5.11442500000012,-5.814425000000119,0,0,0,1,5.11442500000012,49.62999999999965,30.800000000000185,0.849025974025972,22.360000000000127,0.1797853309481198,7.360000000000127,10.046499999999991,0.012,1.0,,,13,2,5.0,2025
2025-05-15 13:00:00+00:00|1.0|hr_broad_pb_h13_lq40_pb05_tp055_sl065,2025-05-15 13:00:00+00:00,STAGE29A,data/reports/stage29a_high_range_regime_continuation_discovery/stage29a_exact_trades.csv,high_range_broad_pullback_continuation_v1,hr_broad_pb_h13_lq40_pb05_tp055_sl065,-6.468774999999914,-7.518774999999914,-8.218774999999914,0,0,0,1,7.518774999999914,88.99000000000024,44.32000000000016,0.7274368231046958,50.940000000000055,0.290341578327443,12.239999999999782,14.491500000000087,0.548,1.0,,,13,3,5.0,2025
2025-05-16 13:00:00+00:00|-1.0|hr_broad_pb_h13_lq40_pb05_tp055_sl065,2025-05-16 13:00:00+00:00,STAGE29A,data/reports/stage29a_high_range_regime_continuation_discovery/stage29a_exact_trades.csv,high_range_broad_pullback_continuation_v1,hr_broad_pb_h13_lq40_pb05_tp055_sl065,-5.144399999999768,-6.194399999999769,-6.894399999999768,0,0,0,1,6.194399999999769,131.69000000000003,45.57999999999993,0.8600263273365585,35.88000000000011,0.07413600891861333,9.079999999999927,13.179999999999927,0.332,-1.0,,,13,4,5.0,2025
2025-05-29 13:00:00+00:00|1.0|hr_broad_pb_h13_lq40_pb05_tp055_sl065,2025-05-29 13:00:00+00:00,STAGE29A,data/reports/stage29a_high_range_regime_continuation_discovery/stage29a_exact_trades.csv,high_range_broad_pullback_continuation_v1,hr_broad_pb_h13_lq40_pb05_tp055_sl065,-3.628925000000072,-4.678925000000072,-5.378925000000072,0,0,0,1,4.678925000000072,48.7199999999998,49.67000000000007,0.2415945238574589,23.24000000000024,0.3222891566265129,6.980000000000018,13.875999999999976,0.708,1.0,,,13,3,5.0,2025
2025-05-30 13:00:00+00:00|1.0|hr_broad_pb_h13_lq40_pb05_tp055_sl065,2025-05-30 13:00:00+00:00,STAGE29A,data/reports/stage29a_high_range_regime_continuation_discovery/stage29a_exact_trades.csv,high_range_broad_pullback_continuation_v1,hr_broad_pb_h13_lq40_pb05_tp055_sl065,-4.305899999999928,-5.355899999999929,-6.055899999999928,0,0,0,1,5.355899999999929,85.5,31.449999999999815,0.6311605723370437,17.59999999999991,0.06193181818182677,6.649999999999636,9.561000000000012,0.124,1.0,,,13,4,5.0,2025
2025-06-05 13:00:00+00:00|1.0|hr_broad_pb_h13_lq40_pb05_tp055_sl065,2025-06-05 13:00:00+00:00,STAGE29A,data/reports/stage29a_high_range_regime_continuation_discovery/stage29a_exact_trades.csv,high_range_broad_pullback_continuation_v1,hr_broad_pb_h13_lq40_pb05_tp055_sl065,2.244625000000178,1.1946250000001783,0.4946250000001786,1,1,1,0,1.1946250000001783,40.88999999999987,15.769999999999982,0.24413443246670347,30.279999999999745,0.6647952443857423,17.199999999999818,9.147000000000002,0.148,1.0,,,13,3,6.0,2025
2025-06-13 13:00:00+00:00|-1.0|hr_broad_pb_h13_lq40_pb05_tp055_sl065,2025-06-13 13:00:00+00:00,STAGE29A,data/reports/stage29a_high_range_regime_continuation_discovery/stage29a_exact_trades.csv,high_range_broad_pullback_continuation_v1,hr_broad_pb_h13_lq40_pb05_tp055_sl065,-4.438174999999864,-5.488174999999865,-6.188174999999864,0,0,0,1,5.488174999999865,60.32000000000016,64.65000000000009,0.6521268368136086,22.43000000000029,0.05840392331698299,7.2400000000002365,12.121500000000015,0.816,-1.0,,,13,4,6.0,2025
2025-07-01 13:00:00+00:00|1.0|hr_broad_pb_h13_lq40_pb05_tp055_sl065,2025-07-01 13:00:00+00:00,STAGE29A,data/reports/stage29a_high_range_regime_continuation_discovery/stage29a_exact_trades.csv,high_range_broad_pullback_continuation_v1,hr_broad_pb_h13_lq40_pb05_tp055_sl065,-2.8996250000001056,-3.9496250000001054,-4.649625000000105,0,0,0,1,3.9496250000001054,63.93000000000029,20.279999999999745,0.4817554240631215,29.08999999999969,0.8446201443795108,9.88000000000011,7.409500000000071,0.072,1.0,,,13,1,7.0,2025
2025-07-02 13:00:00+00:00|1.0|hr_broad_pb_h13_lq40_pb05_tp055_sl065,2025-07-02 13:00:00+00:00,STAGE29A,data/reports/stage29a_high_range_regime_continuation_discovery/stage29a_exact_trades.csv,high_range_broad_pullback_continuation_v1,hr_broad_pb_h13_lq40_pb05_tp055_sl065,1.752100000000064,0.7021000000000641,0.0021000000000643,1,1,1,0,0.7021000000000641,55.48999999999978,16.179999999999836,0.10074165636589157,16.269999999999982,0.10571604179472997,9.11999999999989,6.954499999999984,0.056,1.0,,,13,2,7.0,2025
2025-07-24 13:00:00+00:00|-1.0|hr_broad_pb_h13_lq40_pb05_tp055_sl065,2025-07-24 13:00:00+00:00,STAGE29A,data/reports/stage29a_high_range_regime_continuation_discovery/stage29a_exact_trades.csv,high_range_broad_pullback_continuation_v1,hr_broad_pb_h13_lq40_pb05_tp055_sl065,-3.2363249999999426,-4.286324999999943,-4.986324999999942,0,0,0,1,4.286324999999943,57.620000000000346,18.539999999999964,0.1564185544768121,23.389999999999876,0.8610517315092107,8.049999999999727,8.378999999999929,0.768,-1.0,,,13,3,7.0,2025
2025-08-05 13:00:00+00:00|-1.0|hr_broad_pb_h13_lq40_pb05_tp055_sl065,2025-08-05 13:00:00+00:00,STAGE29A,data/reports/stage29a_high_range_regime_continuation_discovery/stage29a_exact_trades.csv,high_range_broad_pullback_continuation_v1,hr_broad_pb_h13_lq40_pb05_tp055_sl065,-2.7293249999998808,-3.7793249999998806,-4.47932499999988,0,0,0,1,3.7793249999998806,40.25999999999976,10.429999999999836,0.2550335570470135,16.519999999999982,0.7481840193704686,7.330000000000382,5.739000000000033,0.016,-1.0,,,13,1,8.0,2025
2025-09-04 13:00:00+00:00|1.0|hr_broad_pb_h13_lq40_pb05_tp055_sl065,2025-09-04 13:00:00+00:00,STAGE29A,data/reports/stage29a_high_range_regime_continuation_discovery/stage29a_exact_trades.csv,high_range_broad_pullback_continuation_v1,hr_broad_pb_h13_lq40_pb05_tp055_sl065,-3.717000000000189,-4.7670000000001895,-5.467000000000189,0,0,0,1,4.7670000000001895,52.10999999999967,52.7800000000002,0.6220159151193596,20.90000000000009,0.44928229665073144,8.169999999999618,11.038500000000045,0.94,1.0,,,13,3,9.0,2025
2025-09-17 13:00:00+00:00|-1.0|hr_broad_pb_h13_lq40_pb05_tp055_sl065,2025-09-17 13:00:00+00:00,STAGE29A,data/reports/stage29a_high_range_regime_continuation_discovery/stage29a_exact_trades.csv,high_range_broad_pullback_continuation_v1,hr_broad_pb_h13_lq40_pb05_tp055_sl065,-3.36989999999978,-4.41989999999978,-5.119899999999779,0,0,0,1,4.41989999999978,28.450000000000276,21.039999999999964,0.4857414448669115,23.46000000000004,0.5920716112531906,7.080000000000382,6.962500000000023,0.112,-1.0,,,13,2,9.0,2025
2025-09-19 13:00:00+00:00|1.0|hr_broad_pb_h13_lq40_pb05_tp055_sl065,2025-09-19 13:00:00+00:00,STAGE29A,data/reports/stage29a_high_range_regime_continuation_discovery/stage29a_exact_trades.csv,high_range_broad_pullback_continuation_v1,hr_broad_pb_h13_lq40_pb05_tp055_sl065,-2.9415500000000976,-3.9915500000000974,-4.691550000000097,0,0,0,1,3.9915500000000974,45.32000000000016,24.13000000000011,0.551181102362191,17.690000000000055,0.28886376483889836,3.5700000000001637,7.592000000000098,0.204,1.0,,,13,4,9.0,2025
2025-09-23 13:00:00+00:00|1.0|hr_broad_pb_h13_lq40_pb05_tp055_sl065,2025-09-23 13:00:00+00:00,STAGE29A,data/reports/stage29a_high_range_regime_continuation_discovery/stage29a_exact_trades.csv,high_range_broad_pullback_continuation_v1,hr_broad_pb_h13_lq40_pb05_tp055_sl065,-4.175899999999819,-5.22589999999982,-5.925899999999819,0,0,0,1,5.22589999999982,65.05000000000018,22.389999999999876,0.2880750334970904,48.059999999999945,0.7973366625052062,16.890000000000327,9.975999999999953,0.8,1.0,,,13,1,9.0,2025
2025-10-03 13:00:00+00:00|1.0|hr_broad_pb_h13_lq40_pb05_tp055_sl065,2025-10-03 13:00:00+00:00,STAGE29A,data/reports/stage29a_high_range_regime_continuation_discovery/stage29a_exact_trades.csv,high_range_broad_pullback_continuation_v1,hr_broad_pb_h13_lq40_pb05_tp055_sl065,-3.0250750000001063,-4.075075000000107,-4.775075000000106,0,0,0,1,4.075075000000107,77.53999999999996,25.700000000000276,0.5634241245136135,24.0,0.8966666666666848,7.970000000000255,12.19350000000004,0.668,1.0,,,13,4,10.0,2025
2025-10-09 13:00:00+00:00|1.0|hr_broad_pb_h13_lq40_pb05_tp055_sl065,2025-10-09 13:00:00+00:00,STAGE29A,data/reports/stage29a_high_range_regime_continuation_discovery/stage29a_exact_trades.csv,high_range_broad_pullback_continuation_v1,hr_broad_pb_h13_lq40_pb05_tp055_sl065,2.517975000000115,1.467975000000115,0.7679750000001153,1,1,1,0,1.467975000000115,76.17000000000007,39.84000000000015,0.13453815261044447,20.94000000000005,0.5076408787010546,7.730000000000018,15.73900000000001,0.94,1.0,,,13,3,10.0,2025
2025-10-15 13:00:00+00:00|1.0|hr_broad_pb_h13_lq40_pb05_tp055_sl065,2025-10-15 13:00:00+00:00,STAGE29A,data/reports/stage29a_high_range_regime_continuation_discovery/stage29a_exact_trades.csv,high_range_broad_pullback_continuation_v1,hr_broad_pb_h13_lq40_pb05_tp055_sl065,-6.200975000000289,-7.25097500000029,-7.950975000000289,0,0,0,1,7.25097500000029,89.0300000000002,50.0600000000004,0.5687175389532566,53.57999999999993,0.10246360582308135,47.43000000000029,17.262500000000045,0.688,1.0,,,13,2,10.0,2025
2025-10-17 13:00:00+00:00|-1.0|hr_broad_pb_h13_lq40_pb05_tp055_sl065,2025-10-17 13:00:00+00:00,STAGE29A,data/reports/stage29a_high_range_regime_continuation_discovery/stage29a_exact_trades.csv,high_range_broad_pullback_continuation_v1,hr_broad_pb_h13_lq40_pb05_tp055_sl065,7.717675000000236,6.667675000000235,5.967675000000236,1,1,1,0,6.667675000000235,151.92999999999938,100.69999999999982,0.19721946375372104,66.96000000000004,0.39575866188769393,16.140000000000327,31.05650000000005,0.992,-1.0,,,13,4,10.0,2025
2025-10-20 13:00:00+00:00|-1.0|hr_broad_pb_h13_lq40_pb05_tp055_sl065,2025-10-20 13:00:00+00:00,STAGE29A,data/reports/stage29a_high_range_regime_continuation_discovery/stage29a_exact_trades.csv,high_range_broad_pullback_continuation_v1,hr_broad_pb_h13_lq40_pb05_tp055_sl065,5.626024999999936,4.576024999999936,3.876024999999936,1,1,1,0,4.576024999999936,35.11999999999989,55.51999999999953,0.16264409221903336,46.61000000000058,0.08496030894655819,13.170000000000073,26.351499999999987,0.876,-1.0,,,13,0,10.0,2025
2025-10-21 13:00:00+00:00|-1.0|hr_broad_pb_h13_lq40_pb05_tp055_sl065,2025-10-21 13:00:00+00:00,STAGE29A,data/reports/stage29a_high_range_regime_continuation_discovery/stage29a_exact_trades.csv,high_range_broad_pullback_continuation_v1,hr_broad_pb_h13_lq40_pb05_tp055_sl065,8.11587499999987,7.065874999999869,6.365874999999869,1,1,1,0,7.065874999999869,162.71999999999937,42.36000000000058,0.4952785646836467,102.25,0.796479217603908,23.349999999999454,24.80199999999986,0.836,-1.0,,,13,1,10.0,2025
2025-10-27 13:00:00+00:00|-1.0|hr_broad_pb_h13_lq40_pb05_tp055_sl065,2025-10-27 13:00:00+00:00,STAGE29A,data/reports/stage29a_high_range_regime_continuation_discovery/stage29a_exact_trades.csv,high_range_broad_pullback_continuation_v1,hr_broad_pb_h13_lq40_pb05_tp055_sl065,-7.619925000000057,-8.669925000000058,-9.369925000000055,0,0,0,1,8.669925000000058,47.21000000000004,55.55000000000018,0.6064806480648136,60.00999999999976,0.5222462922846237,18.759999999999764,22.817499999999974,0.476,-1.0,,,13,0,10.0,2025
2025-10-28 13:00:00+00:00|-1.0|hr_broad_pb_h13_lq40_pb05_tp055_sl065,2025-10-28 13:00:00+00:00,STAGE29A,data/reports/stage29a_high_range_regime_continuation_discovery/stage29a_exact_trades.csv,high_range_broad_pullback_continuation_v1,hr_broad_pb_h13_lq40_pb05_tp055_sl065,-8.682675000000108,-9.732675000000109,-10.432675000000108,0,0,0,1,9.732675000000109,137.97000000000023,55.86000000000013,0.19638381668457267,93.62000000000036,0.5054475539414653,30.68000000000029,23.399000000000022,0.512,-1.0,,,13,1,10.0,2025
2025-11-05 13:00:00+00:00|-1.0|hr_broad_pb_h13_lq40_pb05_tp055_sl065,2025-11-05 13:00:00+00:00,STAGE29A,data/reports/stage29a_high_range_regime_continuation_discovery/stage29a_exact_trades.csv,high_range_broad_pullback_continuation_v1,hr_broad_pb_h13_lq40_pb05_tp055_sl065,-5.153499999999985,-6.203499999999986,-6.903499999999985,0,0,0,1,6.203499999999986,77.37999999999965,44.4399999999996,0.800405040504051,31.25,0.18431999999999243,15.75,15.218499999999972,0.024,-1.0,,,13,2,11.0,2025
2025-11-06 13:00:00+00:00|1.0|hr_broad_pb_h13_lq40_pb05_tp055_sl065,2025-11-06 13:00:00+00:00,STAGE29A,data/reports/stage29a_high_range_regime_continuation_discovery/stage29a_exact_trades.csv,high_range_broad_pullback_continuation_v1,hr_broad_pb_h13_lq40_pb05_tp055_sl065,2.607350000000133,1.5573500000001332,0.8573500000001335,1,1,1,0,1.5573500000001332,61.58999999999969,25.949999999999815,0.5865125240847748,34.51999999999998,0.571552723059097,7.070000000000164,10.239000000000033,0.004,1.0,,,13,3,11.0,2025
2025-11-11 13:00:00+00:00|-1.0|hr_broad_pb_h13_lq40_pb05_tp055_sl065,2025-11-11 13:00:00+00:00,STAGE29A,data/reports/stage29a_high_range_regime_continuation_discovery/stage29a_exact_trades.csv,high_range_broad_pullback_continuation_v1,hr_broad_pb_h13_lq40_pb05_tp055_sl065,-3.971474999999919,-5.021474999999919,-5.721474999999918,0,0,0,1,5.021474999999919,122.17999999999984,33.89000000000033,0.6878135143110113,21.980000000000476,0.06505914467699091,7.1599999999998545,11.308499999999913,0.056,-1.0,,,13,1,11.0,2025
2025-11-12 13:00:00+00:00|1.0|hr_broad_pb_h13_lq40_pb05_tp055_sl065,2025-11-12 13:00:00+00:00,STAGE29A,data/reports/stage29a_high_range_regime_continuation_discovery/stage29a_exact_trades.csv,high_range_broad_pullback_continuation_v1,hr_broad_pb_h13_lq40_pb05_tp055_sl065,-4.965324999999757,-6.015324999999757,-6.715324999999757,0,0,0,1,6.015324999999757,51.60000000000037,41.720000000000255,0.7739693192713271,34.56999999999971,0.5001446340757915,10.8100000000004,13.348500000000058,0.352,1.0,,,13,2,11.0,2025
2025-11-13 13:00:00+00:00|1.0|hr_broad_pb_h13_lq40_pb05_tp055_sl065,2025-11-13 13:00:00+00:00,STAGE29A,data/reports/stage29a_high_range_regime_continuation_discovery/stage29a_exact_trades.csv,high_range_broad_pullback_continuation_v1,hr_broad_pb_h13_lq40_pb05_tp055_sl065,-5.443399999999746,-6.493399999999747,-7.193399999999746,0,0,0,1,6.493399999999747,112.90999999999984,39.74000000000069,0.4574735782586579,37.099999999999454,0.4256064690027007,18.549999999999272,18.722999999999956,0.772,1.0,,,13,3,11.0,2025
2025-11-14 13:00:00+00:00|-1.0|hr_broad_pb_h13_lq40_pb05_tp055_sl065,2025-11-14 13:00:00+00:00,STAGE29A,data/reports/stage29a_high_range_regime_continuation_discovery/stage29a_exact_trades.csv,high_range_broad_pullback_continuation_v1,hr_broad_pb_h13_lq40_pb05_tp055_sl065,-6.900374999999803,-7.950374999999804,-8.650374999999803,0,0,0,1,7.950374999999804,100.11999999999988,41.19999999999982,0.4191747572815438,44.849999999999454,0.7906354515050271,11.11999999999989,18.576999999999863,0.792,-1.0,,,13,4,11.0,2025
2025-11-17 13:00:00+00:00|-1.0|hr_broad_pb_h13_lq40_pb05_tp055_sl065,2025-11-17 13:00:00+00:00,STAGE29A,data/reports/stage29a_high_range_regime_continuation_discovery/stage29a_exact_trades.csv,high_range_broad_pullback_continuation_v1,hr_broad_pb_h13_lq40_pb05_tp055_sl065,4.222149999999965,3.172149999999965,2.472149999999965,1,1,1,0,3.172149999999965,32.4699999999998,36.690000000000055,0.48460070863996113,46.059999999999945,0.18019973947025048,21.769999999999982,19.9484999999999,0.856,-1.0,,,13,0,11.0,2025
2025-11-18 13:00:00+00:00|1.0|hr_broad_pb_h13_lq40_pb05_tp055_sl065,2025-11-18 13:00:00+00:00,STAGE29A,data/reports/stage29a_high_range_regime_continuation_discovery/stage29a_exact_trades.csv,high_range_broad_pullback_continuation_v1,hr_broad_pb_h13_lq40_pb05_tp055_sl065,-6.149625000000105,-7.199625000000106,-7.899625000000105,0,0,0,1,7.199625000000106,99.80999999999996,50.38999999999987,0.5225243103790433,52.27999999999975,0.644988523335883,12.899999999999636,20.05499999999997,0.8,1.0,,,13,1,11.0,2025
2025-11-19 13:00:00+00:00|1.0|hr_broad_pb_h13_lq40_pb05_tp055_sl065,2025-11-19 13:00:00+00:00,STAGE29A,data/reports/stage29a_high_range_regime_continuation_discovery/stage29a_exact_trades.csv,high_range_broad_pullback_continuation_v1,hr_broad_pb_h13_lq40_pb05_tp055_sl065,4.024974999999722,2.974974999999722,2.2749749999997224,1,1,1,0,2.974974999999722,84.03999999999996,24.850000000000364,0.06156941649900111,44.95000000000027,0.7506117908787447,11.990000000000691,15.576000000000112,0.516,1.0,,,13,2,11.0,2025
2025-11-20 13:00:00+00:00|-1.0|hr_broad_pb_h13_lq40_pb05_tp055_sl065,2025-11-20 13:00:00+00:00,STAGE29A,data/reports/stage29a_high_range_regime_continuation_discovery/stage29a_exact_trades.csv,high_range_broad_pullback_continuation_v1,hr_broad_pb_h13_lq40_pb05_tp055_sl065,5.633174999999847,4.583174999999846,3.883174999999847,1,1,1,0,4.583174999999846,76.84000000000015,69.11999999999944,0.4225983796296336,39.01000000000022,0.403229941040757,9.940000000000055,21.13399999999997,0.876,-1.0,,,13,3,11.0,2025
2025-11-26 13:00:00+00:00|-1.0|hr_broad_pb_h13_lq40_pb05_tp055_sl065,2025-11-26 13:00:00+00:00,STAGE29A,data/reports/stage29a_high_range_regime_continuation_discovery/stage29a_exact_trades.csv,high_range_broad_pullback_continuation_v1,hr_broad_pb_h13_lq40_pb05_tp055_sl065,-4.375125000000116,-5.425125000000117,-6.125125000000116,0,0,0,1,5.425125000000117,50.42999999999938,39.88000000000011,0.7096288866599826,21.81999999999971,0.08340971585699969,9.090000000000146,12.598499999999785,0.012,-1.0,,,13,2,11.0,2025
2025-11-27 13:00:00+00:00|1.0|hr_broad_pb_h13_lq40_pb05_tp055_sl065,2025-11-27 13:00:00+00:00,STAGE29A,data/reports/stage29a_high_range_regime_continuation_discovery/stage29a_exact_trades.csv,high_range_broad_pullback_continuation_v1,hr_broad_pb_h13_lq40_pb05_tp055_sl065,2.259475000000202,1.2094750000002024,0.5094750000002026,1,1,1,0,1.2094750000002024,43.90000000000055,25.90999999999985,0.5461211887302441,22.269999999999527,0.26178715761113835,8.109999999999673,9.91649999999986,0.004,1.0,,,13,3,11.0,2025
2025-12-03 13:00:00+00:00|-1.0|hr_broad_pb_h13_lq40_pb05_tp055_sl065,2025-12-03 13:00:00+00:00,STAGE29A,data/reports/stage29a_high_range_regime_continuation_discovery/stage29a_exact_trades.csv,high_range_broad_pullback_continuation_v1,hr_broad_pb_h13_lq40_pb05_tp055_sl065,-3.6529749999996057,-4.702974999999606,-5.402974999999605,0,0,0,1,4.702974999999606,72.11999999999989,26.11999999999989,0.3575803981623348,29.22000000000025,0.7488021902806269,10.140000000000327,13.567500000000063,0.224,-1.0,,,13,2,12.0,2025
2025-12-04 13:00:00+00:00|1.0|hr_broad_pb_h13_lq40_pb05_tp055_sl065,2025-12-04 13:00:00+00:00,STAGE29A,data/reports/stage29a_high_range_regime_continuation_discovery/stage29a_exact_trades.csv,high_range_broad_pullback_continuation_v1,hr_broad_pb_h13_lq40_pb05_tp055_sl065,-3.989350000000377,-5.039350000000377,-5.7393500000003765,0,0,0,1,5.039350000000377,46.89000000000033,29.47000000000025,0.34747200542923967,27.340000000000146,0.009509875640095717,6.0,13.181500000000005,0.212,1.0,,,13,3,12.0,2025
2025-12-12 13:00:00+00:00|1.0|hr_broad_pb_h13_lq40_pb05_tp055_sl065,2025-12-12 13:00:00+00:00,STAGE29A,data/reports/stage29a_high_range_regime_continuation_discovery/stage29a_exact_trades.csv,high_range_broad_pullback_continuation_v1,hr_broad_pb_h13_lq40_pb05_tp055_sl065,-4.596124999999665,-5.646124999999666,-6.346124999999665,0,0,0,1,5.646124999999666,81.61000000000058,18.800000000000185,0.5281914893616642,64.73999999999978,0.9800741427247597,16.06999999999971,13.740999999999985,0.576,1.0,,,13,4,12.0,2025
2025-12-23 13:00:00+00:00|1.0|hr_broad_pb_h13_lq40_pb05_tp055_sl065,2025-12-23 13:00:00+00:00,STAGE29A,data/reports/stage29a_high_range_regime_continuation_discovery/stage29a_exact_trades.csv,high_range_broad_pullback_continuation_v1,hr_broad_pb_h13_lq40_pb05_tp055_sl065,2.372224999999525,1.3222249999995257,0.622224999999526,1,1,1,0,1.3222249999995257,122.74000000000068,52.28999999999997,0.42991011665709655,23.69000000000051,0.08104685521313305,7.970000000000255,12.317999999999984,0.404,1.0,,,13,1,12.0,2025
2025-12-24 13:00:00+00:00|-1.0|hr_broad_pb_h13_lq40_pb05_tp055_sl065,2025-12-24 13:00:00+00:00,STAGE29A,data/reports/stage29a_high_range_regime_continuation_discovery/stage29a_exact_trades.csv,high_range_broad_pullback_continuation_v1,hr_broad_pb_h13_lq40_pb05_tp055_sl065,3.4295999999998457,2.379599999999846,1.679599999999846,1,1,1,0,2.379599999999846,75.19000000000051,54.51000000000022,0.07228031553842569,22.300000000000185,0.43094170403585624,17.61999999999989,17.785499999999956,0.936,-1.0,,,13,2,12.0,2025
2025-12-30 13:00:00+00:00|1.0|hr_broad_pb_h13_lq40_pb05_tp055_sl065,2025-12-30 13:00:00+00:00,STAGE29A,data/reports/stage29a_high_range_regime_continuation_discovery/stage29a_exact_trades.csv,high_range_broad_pullback_continuation_v1,hr_broad_pb_h13_lq40_pb05_tp055_sl065,4.703399999999784,3.6533999999997833,2.9533999999997835,1,1,1,0,3.6533999999997833,246.52999999999972,45.98999999999978,0.38704066101326956,41.36000000000058,0.5118471953578282,23.890000000000327,20.83650000000016,0.868,1.0,,,13,1,12.0,2025
2026-01-06 13:00:00+00:00|-1.0|hr_broad_pb_h13_lq40_pb05_tp055_sl065,2026-01-06 13:00:00+00:00,STAGE29A,data/reports/stage29a_high_range_regime_continuation_discovery/stage29a_exact_trades.csv,high_range_broad_pullback_continuation_v1,hr_broad_pb_h13_lq40_pb05_tp055_sl065,-4.887325000000237,-5.9373250000002376,-6.637325000000237,0,0,0,1,5.9373250000002376,110.64000000000031,40.53999999999997,0.6625555007400024,32.96000000000004,0.46450242718447765,13.220000000000255,15.324999999999955,0.312,-1.0,,,13,1,1.0,2026
2026-01-07 13:00:00+00:00|-1.0|hr_broad_pb_h13_lq40_pb05_tp055_sl065,2026-01-07 13:00:00+00:00,STAGE29A,data/reports/stage29a_high_range_regime_continuation_discovery/stage29a_exact_trades.csv,high_range_broad_pullback_continuation_v1,hr_broad_pb_h13_lq40_pb05_tp055_sl065,3.3809249999998428,2.330924999999843,1.6309249999998432,1,1,1,0,2.330924999999843,69.30999999999949,40.720000000000255,0.7094793713163101,33.11999999999989,0.011171497584537804,8.900000000000546,15.482000000000061,0.284,-1.0,,,13,2,1.0,2026
2026-01-13 13:00:00+00:00|-1.0|hr_broad_pb_h13_lq40_pb05_tp055_sl065,2026-01-13 13:00:00+00:00,STAGE29A,data/reports/stage29a_high_range_regime_continuation_discovery/stage29a_exact_trades.csv,high_range_broad_pullback_continuation_v1,hr_broad_pb_h13_lq40_pb05_tp055_sl065,-4.6601500000002485,-5.710150000000249,-6.4101500000002485,0,0,0,1,5.710150000000249,116.96000000000004,32.23000000000047,0.0896680111697265,28.42999999999938,0.3496306718255619,7.829999999999927,15.20250000000001,0.184,-1.0,,,13,1,1.0,2026
2026-01-23 13:00:00+00:00|-1.0|hr_broad_pb_h13_lq40_pb05_tp055_sl065,2026-01-23 13:00:00+00:00,STAGE29A,data/reports/stage29a_high_range_regime_continuation_discovery/stage29a_exact_trades.csv,high_range_broad_pullback_continuation_v1,hr_broad_pb_h13_lq40_pb05_tp055_sl065,5.772599999999693,4.722599999999693,4.022599999999693,1,1,1,0,4.722599999999693,187.4799999999996,36.32999999999993,0.07349298100743402,67.39999999999964,0.3921364985163269,16.6899999999996,22.539999999999964,0.78,-1.0,,,13,4,1.0,2026
2026-01-27 13:00:00+00:00|1.0|hr_broad_pb_h13_lq40_pb05_tp055_sl065,2026-01-27 13:00:00+00:00,STAGE29A,data/reports/stage29a_high_range_regime_continuation_discovery/stage29a_exact_trades.csv,high_range_broad_pullback_continuation_v1,hr_broad_pb_h13_lq40_pb05_tp055_sl065,-6.362499999999818,-7.412499999999818,-8.112499999999818,0,0,0,1,7.412499999999818,120.89999999999964,66.71999999999935,0.3625599520383805,43.27999999999975,0.441543438077629,16.399999999999636,33.254499999999915,0.948,1.0,,,13,1,1.0,2026
2026-02-02 13:00:00+00:00|1.0|hr_broad_pb_h13_lq40_pb05_tp055_sl065,2026-02-02 13:00:00+00:00,STAGE29A,data/reports/stage29a_high_range_regime_continuation_discovery/stage29a_exact_trades.csv,high_range_broad_pullback_continuation_v1,hr_broad_pb_h13_lq40_pb05_tp055_sl065,-37.09774999999954,-38.14774999999954,-38.84774999999954,0,0,0,1,38.14774999999954,168.01999999999953,300.52999999999975,0.20949655608425147,330.25,0.07887963663891047,76.39999999999964,133.36349999999976,0.992,1.0,,,13,0,2.0,2026
2026-02-03 13:00:00+00:00|1.0|hr_broad_pb_h13_lq40_pb05_tp055_sl065,2026-02-03 13:00:00+00:00,STAGE29A,data/reports/stage29a_high_range_regime_continuation_discovery/stage29a_exact_trades.csv,high_range_broad_pullback_continuation_v1,hr_broad_pb_h13_lq40_pb05_tp055_sl065,-14.74522500000021,-15.79522500000021,-16.49522500000021,0,0,0,1,15.79522500000021,481.1899999999996,189.4900000000007,0.18222597498548535,139.53999999999996,0.6661889064067655,27.98999999999978,66.50050000000006,0.728,1.0,,,13,1,2.0,2026
2026-02-04 13:00:00+00:00|-1.0|hr_broad_pb_h13_lq40_pb05_tp055_sl065,2026-02-04 13:00:00+00:00,STAGE29A,data/reports/stage29a_high_range_regime_continuation_discovery/stage29a_exact_trades.csv,high_range_broad_pullback_continuation_v1,hr_broad_pb_h13_lq40_pb05_tp055_sl065,-11.170225000000393,-12.220225000000392,-12.920225000000393,0,0,0,1,12.220225000000392,327.29,170.6200000000008,0.7802133395850385,50.0,0.6368000000000029,22.479999999999563,46.102499999999964,0.572,-1.0,,,13,2,2.0,2026
2026-02-05 13:00:00+00:00|1.0|hr_broad_pb_h13_lq40_pb05_tp055_sl065,2026-02-05 13:00:00+00:00,STAGE29A,data/reports/stage29a_high_range_regime_continuation_discovery/stage29a_exact_trades.csv,high_range_broad_pullback_continuation_v1,hr_broad_pb_h13_lq40_pb05_tp055_sl065,-17.33319999999967,-18.38319999999967,-19.08319999999967,0,0,0,1,18.38319999999967,239.94999999999985,234.4100000000008,0.6337613583038263,116.44999999999982,0.11592958351223719,38.779999999999745,60.45800000000004,0.704,1.0,,,13,3,2.0,2026
2026-02-06 13:00:00+00:00|1.0|hr_broad_pb_h13_lq40_pb05_tp055_sl065,2026-02-06 13:00:00+00:00,STAGE29A,data/reports/stage29a_high_range_regime_continuation_discovery/stage29a_exact_trades.csv,high_range_broad_pullback_continuation_v1,hr_broad_pb_h13_lq40_pb05_tp055_sl065,-14.052975000000153,-15.102975000000152,-15.802975000000153,0,0,0,1,15.102975000000152,320.3100000000004,191.01000000000025,0.5794461022983098,95.03999999999996,0.6758207070707027,28.18000000000029,61.26499999999987,0.672,1.0,,,13,4,2.0,2026
2026-02-10 13:00:00+00:00|1.0|hr_broad_pb_h13_lq40_pb05_tp055_sl065,2026-02-10 13:00:00+00:00,STAGE29A,data/reports/stage29a_high_range_regime_continuation_discovery/stage29a_exact_trades.csv,high_range_broad_pullback_continuation_v1,hr_broad_pb_h13_lq40_pb05_tp055_sl065,6.306925000000229,5.256925000000228,4.556925000000229,1,1,1,0,5.256925000000228,121.23000000000047,87.30999999999949,0.0027488260222276097,51.73999999999978,0.304020100502523,21.25,28.691499999999905,0.072,1.0,,,13,1,2.0,2026
2026-02-12 13:00:00+00:00|-1.0|hr_broad_pb_h13_lq40_pb05_tp055_sl065,2026-02-12 13:00:00+00:00,STAGE29A,data/reports/stage29a_high_range_regime_continuation_discovery/stage29a_exact_trades.csv,high_range_broad_pullback_continuation_v1,hr_broad_pb_h13_lq40_pb05_tp055_sl065,-6.14962499999965,-7.199624999999651,-7.89962499999965,0,0,0,1,7.199624999999651,99.52999999999976,54.75999999999931,0.13951789627466077,33.48999999999978,0.22066288444312857,21.0,22.683999999999834,0.012,-1.0,,,13,3,2.0,2026
2026-02-24 13:00:00+00:00|1.0|hr_broad_pb_h13_lq40_pb05_tp055_sl065,2026-02-24 13:00:00+00:00,STAGE29A,data/reports/stage29a_high_range_regime_continuation_discovery/stage29a_exact_trades.csv,high_range_broad_pullback_continuation_v1,hr_broad_pb_h13_lq40_pb05_tp055_sl065,-6.407025000000067,-7.457025000000067,-8.157025000000067,0,0,0,1,7.457025000000067,139.01000000000022,104.50999999999932,0.6400344464644605,29.329999999999927,0.16365496079100558,17.82000000000062,23.55999999999999,0.372,1.0,,,13,1,2.0,2026
2026-02-25 13:00:00+00:00|-1.0|hr_broad_pb_h13_lq40_pb05_tp055_sl065,2026-02-25 13:00:00+00:00,STAGE29A,data/reports/stage29a_high_range_regime_continuation_discovery/stage29a_exact_trades.csv,high_range_broad_pullback_continuation_v1,hr_broad_pb_h13_lq40_pb05_tp055_sl065,-5.527899999999681,-6.577899999999682,-7.277899999999681,0,0,0,1,6.577899999999682,155.44999999999982,71.0,0.506197183098586,40.40000000000055,0.19306930693069496,25.0,22.19850000000006,0.336,-1.0,,,13,2,2.0,2026
2026-02-27 13:00:00+00:00|-1.0|hr_broad_pb_h13_lq40_pb05_tp055_sl065,2026-02-27 13:00:00+00:00,STAGE29A,data/reports/stage29a_high_range_regime_continuation_discovery/stage29a_exact_trades.csv,high_range_broad_pullback_continuation_v1,hr_broad_pb_h13_lq40_pb05_tp055_sl065,-4.592874999999912,-5.642874999999913,-6.342874999999912,0,0,0,1,5.642874999999913,74.60999999999967,32.68000000000029,0.08353733170136012,31.48999999999978,0.1292473801206649,12.0600000000004,19.138000000000055,0.152,-1.0,,,13,4,2.0,2026
2026-03-03 13:00:00+00:00|-1.0|hr_broad_pb_h13_lq40_pb05_tp055_sl065,2026-03-03 13:00:00+00:00,STAGE29A,data/reports/stage29a_high_range_regime_continuation_discovery/stage29a_exact_trades.csv,high_range_broad_pullback_continuation_v1,hr_broad_pb_h13_lq40_pb05_tp055_sl065,-17.573699999999555,-18.623699999999552,-19.323699999999555,0,0,0,1,18.623699999999552,158.2599999999993,50.46000000000004,0.2964724534284587,140.09999999999943,0.804354032833697,49.88000000000011,34.52399999999993,0.972,-1.0,,,13,1,3.0,2026
2026-03-04 13:00:00+00:00|1.0|hr_broad_pb_h13_lq40_pb05_tp055_sl065,2026-03-04 13:00:00+00:00,STAGE29A,data/reports/stage29a_high_range_regime_continuation_discovery/stage29a_exact_trades.csv,high_range_broad_pullback_continuation_v1,hr_broad_pb_h13_lq40_pb05_tp055_sl065,7.628025000000344,6.578025000000343,5.878025000000344,1,1,1,0,6.578025000000343,382.7999999999993,105.97000000000024,0.29508351420212753,79.67000000000007,0.4089368645663348,22.420000000000073,38.758499999999955,0.904,1.0,,,13,2,3.0,2026
2026-03-05 13:00:00+00:00|-1.0|hr_broad_pb_h13_lq40_pb05_tp055_sl065,2026-03-05 13:00:00+00:00,STAGE29A,data/reports/stage29a_high_range_regime_continuation_discovery/stage29a_exact_trades.csv,high_range_broad_pullback_continuation_v1,hr_broad_pb_h13_lq40_pb05_tp055_sl065,6.63005000000012,5.580050000000119,4.88005000000012,1,1,1,0,5.580050000000119,121.39000000000031,50.22999999999956,0.11108899064304152,59.60999999999967,0.12028183190739997,21.340000000000146,24.423999999999886,0.48,-1.0,,,13,3,3.0,2026
2026-03-06 13:00:00+00:00|-1.0|hr_broad_pb_h13_lq40_pb05_tp055_sl065,2026-03-06 13:00:00+00:00,STAGE29A,data/reports/stage29a_high_range_regime_continuation_discovery/stage29a_exact_trades.csv,high_range_broad_pullback_continuation_v1,hr_broad_pb_h13_lq40_pb05_tp055_sl065,-7.604649999999856,-8.654649999999856,-9.354649999999856,0,0,0,1,8.654649999999856,143.6899999999996,76.73999999999978,0.5422204847537111,54.25,0.6733640552995345,16.86999999999989,26.763000000000012,0.572,-1.0,,,13,4,3.0,2026
2026-03-10 13:00:00+00:00|1.0|hr_broad_pb_h13_lq40_pb05_tp055_sl065,2026-03-10 13:00:00+00:00,STAGE29A,data/reports/stage29a_high_range_regime_continuation_discovery/stage29a_exact_trades.csv,high_range_broad_pullback_continuation_v1,hr_broad_pb_h13_lq40_pb05_tp055_sl065,-6.728450000000157,-7.778450000000157,-8.478450000000157,0,0,0,1,7.778450000000157,176.90999999999983,69.05000000000018,0.35235336712526955,38.60999999999967,0.3504273504273468,27.339999999999236,21.969500000000018,0.148,1.0,,,13,1,3.0,2026
2026-03-13 13:00:00+00:00|-1.0|hr_broad_pb_h13_lq40_pb05_tp055_sl065,2026-03-13 13:00:00+00:00,STAGE29A,data/reports/stage29a_high_range_regime_continuation_discovery/stage29a_exact_trades.csv,high_range_broad_pullback_continuation_v1,hr_broad_pb_h13_lq40_pb05_tp055_sl065,-7.93257500000036,-8.982575000000361,-9.68257500000036,0,0,0,1,8.982575000000361,136.32999999999993,55.71000000000004,0.1202656614611347,49.1299999999992,0.19967433340117344,18.26000000000022,19.618500000000086,0.072,-1.0,,,13,4,3.0,2026
2026-03-26 13:00:00+00:00|-1.0|hr_broad_pb_h13_lq40_pb05_tp055_sl065,2026-03-26 13:00:00+00:00,STAGE29A,data/reports/stage29a_high_range_regime_continuation_discovery/stage29a_exact_trades.csv,high_range_broad_pullback_continuation_v1,hr_broad_pb_h13_lq40_pb05_tp055_sl065,-11.578425000000244,-12.628425000000243,-13.328425000000244,0,0,0,1,12.628425000000243,146.3800000000001,54.91000000000077,0.4028410125660095,109.26000000000022,0.7089511257550786,30.920000000000073,34.094000000000094,0.568,-1.0,,,13,3,3.0,2026
2026-03-27 13:00:00+00:00|-1.0|hr_broad_pb_h13_lq40_pb05_tp055_sl065,2026-03-27 13:00:00+00:00,STAGE29A,data/reports/stage29a_high_range_regime_continuation_discovery/stage29a_exact_trades.csv,high_range_broad_pullback_continuation_v1,hr_broad_pb_h13_lq40_pb05_tp055_sl065,5.463500000000204,4.413500000000203,3.713500000000204,1,1,1,0,4.413500000000203,192.6600000000008,73.67999999999938,0.5563246471226945,64.27999999999975,0.48397635345363715,21.949999999999818,32.14149999999991,0.42,-1.0,,,13,4,3.0,2026
2026-04-07 13:00:00+00:00|1.0|hr_broad_pb_h13_lq40_pb05_tp055_sl065,2026-04-07 13:00:00+00:00,STAGE29A,data/reports/stage29a_high_range_regime_continuation_discovery/stage29a_exact_trades.csv,high_range_broad_pullback_continuation_v1,hr_broad_pb_h13_lq40_pb05_tp055_sl065,-9.974550000000454,-11.024550000000454,-11.724550000000454,0,0,0,1,11.024550000000454,105.48999999999978,51.46000000000004,0.17061795569375532,71.22999999999956,0.3018391127334007,35.4399999999996,22.736499999999886,0.052,1.0,,,13,1,4.0,2026
2026-04-08 13:00:00+00:00|-1.0|hr_broad_pb_h13_lq40_pb05_tp055_sl065,2026-04-08 13:00:00+00:00,STAGE29A,data/reports/stage29a_high_range_regime_continuation_discovery/stage29a_exact_trades.csv,high_range_broad_pullback_continuation_v1,hr_broad_pb_h13_lq40_pb05_tp055_sl065,7.23889999999974,6.188899999999739,5.48889999999974,1,1,1,0,6.188899999999739,211.28000000000063,140.1299999999992,0.1491472204381693,66.96000000000004,0.2144563918757417,29.849999999999454,34.414499999999954,0.556,-1.0,,,13,2,4.0,2026
2026-04-10 13:00:00+00:00|-1.0|hr_broad_pb_h13_lq40_pb05_tp055_sl065,2026-04-10 13:00:00+00:00,STAGE29A,data/reports/stage29a_high_range_regime_continuation_discovery/stage29a_exact_trades.csv,high_range_broad_pullback_continuation_v1,hr_broad_pb_h13_lq40_pb05_tp055_sl065,-5.852575000000433,-6.902575000000434,-7.602575000000433,0,0,0,1,6.902575000000434,102.13000000000012,41.60000000000037,0.05817307692307817,39.80999999999949,0.3765385581512176,20.00999999999931,18.59099999999994,0.004,-1.0,,,13,4,4.0,2026
2026-04-14 13:00:00+00:00|1.0|hr_broad_pb_h13_lq40_pb05_tp055_sl065,2026-04-14 13:00:00+00:00,STAGE29A,data/reports/stage29a_high_range_regime_continuation_discovery/stage29a_exact_trades.csv,high_range_broad_pullback_continuation_v1,hr_broad_pb_h13_lq40_pb05_tp055_sl065,4.68112499999952,3.63112499999952,2.93112499999952,1,1,1,0,3.63112499999952,114.48000000000047,31.23999999999978,0.3117797695262436,37.72999999999956,0.2793532997614653,17.42999999999938,17.625499999999874,0.02,1.0,,,13,1,4.0,2026
2026-04-16 13:00:00+00:00|-1.0|hr_broad_pb_h13_lq40_pb05_tp055_sl065,2026-04-16 13:00:00+00:00,STAGE29A,data/reports/stage29a_high_range_regime_continuation_discovery/stage29a_exact_trades.csv,high_range_broad_pullback_continuation_v1,hr_broad_pb_h13_lq40_pb05_tp055_sl065,-5.444699999999648,-6.494699999999648,-7.194699999999648,0,0,0,1,6.494699999999648,85.13999999999942,46.51999999999953,0.3555460017196933,31.529999999999745,0.35172851252775883,11.010000000000218,15.487500000000045,0.004,-1.0,,,13,3,4.0,2026
2026-04-23 13:00:00+00:00|-1.0|hr_broad_pb_h13_lq40_pb05_tp055_sl065,2026-04-23 13:00:00+00:00,STAGE29A,data/reports/stage29a_high_range_regime_continuation_discovery/stage29a_exact_trades.csv,high_range_broad_pullback_continuation_v1,hr_broad_pb_h13_lq40_pb05_tp055_sl065,-6.040749999999752,-7.090749999999753,-7.790749999999752,0,0,0,1,7.090749999999753,56.470000000000255,59.63000000000011,0.37078651685392644,31.92999999999938,0.19417475728155145,8.960000000000036,17.336999999999897,0.324,-1.0,,,13,3,4.0,2026
2026-04-24 13:00:00+00:00|1.0|hr_broad_pb_h13_lq40_pb05_tp055_sl065,2026-04-24 13:00:00+00:00,STAGE29A,data/reports/stage29a_high_range_regime_continuation_discovery/stage29a_exact_trades.csv,high_range_broad_pullback_continuation_v1,hr_broad_pb_h13_lq40_pb05_tp055_sl065,-5.4658249999998585,-6.515824999999859,-7.215824999999858,0,0,0,1,6.515824999999859,89.48000000000047,42.27999999999975,0.4973982970671682,39.52000000000044,0.2608805668016267,17.30999999999949,20.427999999999976,0.708,1.0,,,13,4,4.0,2026
2026-04-30 13:00:00+00:00|1.0|hr_broad_pb_h13_lq40_pb05_tp055_sl065,2026-04-30 13:00:00+00:00,STAGE29A,data/reports/stage29a_high_range_regime_continuation_discovery/stage29a_exact_trades.csv,high_range_broad_pullback_continuation_v1,hr_broad_pb_h13_lq40_pb05_tp055_sl065,5.279249999999957,4.229249999999956,3.5292499999999567,1,1,1,0,4.229249999999956,99.84999999999944,43.11000000000058,0.09255393180235973,91.03999999999996,0.7621924428822534,17.480000000000473,19.930999999999766,0.688,1.0,,,13,3,4.0,2026
2026-05-07 13:00:00+00:00|1.0|hr_broad_pb_h13_lq40_pb05_tp055_sl065,2026-05-07 13:00:00+00:00,STAGE29A,data/reports/stage29a_high_range_regime_continuation_discovery/stage29a_exact_trades.csv,high_range_broad_pullback_continuation_v1,hr_broad_pb_h13_lq40_pb05_tp055_sl065,-7.344649999999637,-8.394649999999638,-9.094649999999636,0,0,0,1,8.394649999999638,176.60000000000036,35.909999999999854,0.12252854358116552,61.06999999999971,0.48747339119043176,17.550000000000182,16.67999999999997,0.26,1.0,,,13,3,5.0,2026
2026-05-20 13:00:00+00:00|1.0|hr_broad_pb_h13_lq40_pb05_tp055_sl065,2026-05-20 13:00:00+00:00,STAGE29A,data/reports/stage29a_high_range_regime_continuation_discovery/stage29a_exact_trades.csv,high_range_broad_pullback_continuation_v1,hr_broad_pb_h13_lq40_pb05_tp055_sl065,5.0438500000003845,3.993850000000384,3.2938500000003845,1,1,1,0,3.993850000000384,124.22000000000024,55.14000000000033,0.37413855640188587,34.54999999999927,0.6208393632416865,18.210000000000036,18.370500000000085,0.32,1.0,,,13,2,5.0,2026
2026-05-27 13:00:00+00:00|-1.0|hr_broad_pb_h13_lq40_pb05_tp055_sl065,2026-05-27 13:00:00+00:00,STAGE29A,data/reports/stage29a_high_range_regime_continuation_discovery/stage29a_exact_trades.csv,high_range_broad_pullback_continuation_v1,hr_broad_pb_h13_lq40_pb05_tp055_sl065,4.005725000000348,2.955725000000348,2.255725000000348,1,1,1,0,2.955725000000348,97.72000000000024,31.00999999999931,0.44953240890035184,41.44000000000051,0.16674710424709868,10.69000000000051,15.516500000000041,0.192,-1.0,,,13,2,5.0,2026
2026-06-05 13:00:00+00:00|1.0|hr_broad_pb_h13_lq40_pb05_tp055_sl065,2026-06-05 13:00:00+00:00,STAGE29A,data/reports/stage29a_high_range_regime_continuation_discovery/stage29a_exact_trades.csv,high_range_broad_pullback_continuation_v1,hr_broad_pb_h13_lq40_pb05_tp055_sl065,-5.328675000000294,-6.378675000000294,-7.078675000000294,0,0,0,1,6.378675000000294,91.14999999999964,46.159999999999854,0.5955372616984373,40.38999999999942,0.5570685813320209,10.389999999999418,14.364500000000135,0.14,1.0,,,13,4,6.0,2026
2026-06-10 13:00:00+00:00|-1.0|hr_broad_pb_h13_lq40_pb05_tp055_sl065,2026-06-10 13:00:00+00:00,STAGE29A,data/reports/stage29a_high_range_regime_continuation_discovery/stage29a_exact_trades.csv,high_range_broad_pullback_continuation_v1,hr_broad_pb_h13_lq40_pb05_tp055_sl065,-8.285199999999895,-9.335199999999896,-10.035199999999897,0,0,0,1,9.335199999999896,126.54999999999929,84.05999999999949,0.8455864858434494,60.32999999999993,0.2671970827117505,16.359999999999673,26.670499999999993,0.992,-1.0,,,13,2,6.0,2026
2026-06-11 13:00:00+00:00|1.0|hr_broad_pb_h13_lq40_pb05_tp055_sl065,2026-06-11 13:00:00+00:00,STAGE29A,data/reports/stage29a_high_range_regime_continuation_discovery/stage29a_exact_trades.csv,high_range_broad_pullback_continuation_v1,hr_broad_pb_h13_lq40_pb05_tp055_sl065,-7.14509999999982,-8.19509999999982,-8.89509999999982,0,0,0,1,8.19509999999982,190.30999999999997,94.00999999999976,0.021380704180408716,42.4399999999996,0.4429783223374153,18.849999999999454,31.769499999999972,0.968,1.0,,,13,3,6.0,2026
